########################################
# legofit: estimate population history #
#       version 2.3.4-4-g53f8760       #
########################################

# Program was compiled: Sep 21 2021 14:36:42
# Program was run: Sat Sep 25 17:50:36 2021

# cmd: legofit -1 -d 0 -t 32 --ptsPerDim 3 --stateOut b1.state --tol 3e-6 -S 5000 abdf2.lgo ../../pan.opf
# Stage nOptItr nSimReps
#     0    5000        0
# algorithm          : deterministic
# ignoring probs <=  : 0
# Branch length floor: 0
# DE strategy        : 2
#    F               : 0.3
#    CR              : 0.8
#    tolerance       : 3e-06
# nthreads           : 32
# lgo input file     : abdf2.lgo
# site pat input file: ../../pan.opf
# free parameters    : 16
# points in DE swarm : 48
# output state file  : b1.state
# Including singleton site patterns.
# cost function      : KL
Initial parameter values
Fixed:
      zero = 0
       one = 1
    Tbecnw = 75200
Free:
       pc1 = 0
       pc2 = 0
       pc3 = 0
       pc4 = 0
       pc5 = 0
       pc6 = 0
       pc7 = 0
       pc8 = 0
       pc9 = 0
      pc10 = 0
      pc11 = 0
      pc12 = 0
      pc13 = 0
      pc14 = 0
      pc15 = 0
      pc16 = 0
Constrained:
   Tgbecnw = 101722
     Tecnw = 23046
       Tnw = 15675.8
       Tec = 18284.3
     twoNb = 705711
     twoNc = 280105
     twoNw = 4.31428e+06
    twoNec = 46401.7
    twoNnw = 43309.5
  twoNecnw = 82253.2
  twoNbecnw = 11281.1
  twoNgbecnw = 255986
         m = 0.149265
        m2 = 0.0118346
        m4 = 0.0236493
        m6 = 1.97284e-06
        Tb = 20665.1
        Ta = 47932.6
        Td = 9142.16
        Tf = 7837.89
DiffEv reached_goal. cost=1.90311e-03 spread=2.76202e-06
Fitted parameter values
Free:
       pc1 = -3.84466
       pc2 = -0.618486
       pc3 = -1.99711
       pc4 = -1.35433
       pc5 = -1.70329
       pc6 = 1.2106
       pc7 = 0.991905
       pc8 = -1.06691
       pc9 = -0.109623
      pc10 = 0.463125
      pc11 = -0.608846
      pc12 = 0.102335
      pc13 = -0.0534159
      pc14 = -0.0272821
      pc15 = -0.00636695
      pc16 = -0.000260101
Constrained:
   Tgbecnw = 84020.5
     Tecnw = 21928.8
       Tnw = 16250.2
       Tec = 17427
     twoNb = 630464
     twoNc = 338197
     twoNw = 1.25506e+06
    twoNec = 43729.4
    twoNnw = 32744.5
  twoNecnw = 77042.5
  twoNbecnw = 3678.99
  twoNgbecnw = 299545
         m = 0.112089
        m2 = 0.0113686
        m4 = 0.0241374
        m6 = 1.9225e-06
        Tb = 19677.9
        Ta = 47439
        Td = 8713.52
        Tf = 8125.08
#       SitePat  BranchLen
              b 124400.9113624
              e 48908.5441101
              c 50146.8802829
              n 45769.4092901
              w 45769.4088106
            b:e 2109.7562701
            b:c 2503.9326041
            b:n 1737.4726205
            b:w 1737.4725854
            e:c 10361.0672836
            e:n 5250.8599377
            e:w 5250.8598144
            c:n 5068.2115657
            c:w 5068.2120452
            n:w 12553.0513267
          b:e:c 2003.8745147
          b:e:n 1074.1400040
          b:e:w 1074.1399658
          b:c:n 1085.1104692
          b:c:w 1085.1105042
          b:n:w 1967.5017415
          e:c:n 4684.5034128
          e:c:w 4684.5035360
          e:n:w 6163.6670688
          c:n:w 5626.6225178
        b:e:c:n 2006.8315780
        b:e:c:w 2006.8316162
        b:e:n:w 3344.3108204
        b:c:n:w 2592.1977204
        e:c:n:w 51805.7048514
