########################################
# legofit: estimate population history #
#       version 2.3.4-4-g53f8760       #
########################################

# Program was compiled: Sep 21 2021 14:36:42
# Program was run: Sat Sep 25 18:01:41 2021

# cmd: legofit -1 -d 0 -t 32 --ptsPerDim 3 --stateOut b1boot7.state --tol 3e-6 -S 5000 abdf2.lgo ../../boot/boot7.opf
# Stage nOptItr nSimReps
#     0    5000        0
# algorithm          : deterministic
# ignoring probs <=  : 0
# Branch length floor: 0
# DE strategy        : 2
#    F               : 0.3
#    CR              : 0.8
#    tolerance       : 3e-06
# nthreads           : 32
# lgo input file     : abdf2.lgo
# site pat input file: ../../boot/boot7.opf
# free parameters    : 16
# points in DE swarm : 48
# output state file  : b1boot7.state
# Including singleton site patterns.
# cost function      : KL
Initial parameter values
Fixed:
      zero = 0
       one = 1
    Tbecnw = 75200
Free:
       pc1 = 0
       pc2 = 0
       pc3 = 0
       pc4 = 0
       pc5 = 0
       pc6 = 0
       pc7 = 0
       pc8 = 0
       pc9 = 0
      pc10 = 0
      pc11 = 0
      pc12 = 0
      pc13 = 0
      pc14 = 0
      pc15 = 0
      pc16 = 0
Constrained:
   Tgbecnw = 101722
     Tecnw = 23046
       Tnw = 15675.8
       Tec = 18284.3
     twoNb = 705711
     twoNc = 280105
     twoNw = 4.31428e+06
    twoNec = 46401.7
    twoNnw = 43309.5
  twoNecnw = 82253.2
  twoNbecnw = 11281.1
  twoNgbecnw = 255986
         m = 0.149265
        m2 = 0.0118346
        m4 = 0.0236493
        m6 = 1.97284e-06
        Tb = 20665.1
        Ta = 47932.6
        Td = 9142.16
        Tf = 7837.89
DiffEv reached_goal. cost=1.91166e-03 spread=2.71034e-06
Fitted parameter values
Free:
       pc1 = -3.48314
       pc2 = -1.15304
       pc3 = -1.7476
       pc4 = -1.35128
       pc5 = -1.09842
       pc6 = 1.72104
       pc7 = 0.559443
       pc8 = 1.86254
       pc9 = -1.03594
      pc10 = 0.887271
      pc11 = -0.270691
      pc12 = 0.219194
      pc13 = -0.0647338
      pc14 = -0.0518466
      pc15 = -0.0154669
      pc16 = 0.0156789
Constrained:
   Tgbecnw = 82839.4
     Tecnw = 21840.5
       Tnw = 16168.1
       Tec = 16606.6
     twoNb = 702243
     twoNc = 264619
     twoNw = 6.13414e+06
    twoNec = 50996.2
    twoNnw = 33162.5
  twoNecnw = 77677.3
  twoNbecnw = 3251.92
  twoNgbecnw = 287661
         m = 0.119186
        m2 = 0.0122691
        m4 = 0.0233594
        m6 = 4.21792e-06
        Tb = 19223.6
        Ta = 47211.8
        Td = 8303.32
        Tf = 8084.07
#       SitePat  BranchLen
              b 124637.6969482
              e 48942.6180853
              c 50152.2372705
              n 45847.4004931
              w 45847.4002775
            b:e 2118.6694901
            b:c 2492.7871321
            b:n 1740.9807769
            b:w 1740.9807612
            e:c 10386.6376114
            e:n 5262.5299674
            e:w 5262.5299122
            c:n 5086.3343085
            c:w 5086.3345241
            n:w 12511.0625661
          b:e:c 2000.1062432
          b:e:n 1078.3881061
          b:e:w 1078.3880889
          b:c:n 1088.3862555
          b:c:w 1088.3862712
          b:n:w 1966.3269115
          e:c:n 4682.2412310
          e:c:w 4682.2412862
          e:n:w 6138.0428337
          c:n:w 5621.2804240
        b:e:c:n 2013.4093663
        b:e:c:w 2013.4093835
        b:e:n:w 3357.4085500
        b:c:n:w 2622.8285378
        e:c:n:w 52021.5331308
