########################################
# legofit: estimate population history #
#       version 2.3.4-4-g53f8760       #
########################################

# Program was compiled: Sep 21 2021 14:36:42
# Program was run: Sat Sep 25 18:03:58 2021

# cmd: legofit -1 -d 0 -t 32 --ptsPerDim 3 --stateOut b1boot12.state --tol 3e-6 -S 5000 abdf2.lgo ../../boot/boot12.opf
# Stage nOptItr nSimReps
#     0    5000        0
# algorithm          : deterministic
# ignoring probs <=  : 0
# Branch length floor: 0
# DE strategy        : 2
#    F               : 0.3
#    CR              : 0.8
#    tolerance       : 3e-06
# nthreads           : 32
# lgo input file     : abdf2.lgo
# site pat input file: ../../boot/boot12.opf
# free parameters    : 16
# points in DE swarm : 48
# output state file  : b1boot12.state
# Including singleton site patterns.
# cost function      : KL
Initial parameter values
Fixed:
      zero = 0
       one = 1
    Tbecnw = 75200
Free:
       pc1 = 0
       pc2 = 0
       pc3 = 0
       pc4 = 0
       pc5 = 0
       pc6 = 0
       pc7 = 0
       pc8 = 0
       pc9 = 0
      pc10 = 0
      pc11 = 0
      pc12 = 0
      pc13 = 0
      pc14 = 0
      pc15 = 0
      pc16 = 0
Constrained:
   Tgbecnw = 101722
     Tecnw = 23046
       Tnw = 15675.8
       Tec = 18284.3
     twoNb = 705711
     twoNc = 280105
     twoNw = 4.31428e+06
    twoNec = 46401.7
    twoNnw = 43309.5
  twoNecnw = 82253.2
  twoNbecnw = 11281.1
  twoNgbecnw = 255986
         m = 0.149265
        m2 = 0.0118346
        m4 = 0.0236493
        m6 = 1.97284e-06
        Tb = 20665.1
        Ta = 47932.6
        Td = 9142.16
        Tf = 7837.89
DiffEv reached_goal. cost=1.88643e-03 spread=1.93151e-06
Fitted parameter values
Free:
       pc1 = -3.36177
       pc2 = 0.0662618
       pc3 = -1.97204
       pc4 = -0.83568
       pc5 = -1.11122
       pc6 = 1.97276
       pc7 = 1.46853
       pc8 = -0.963604
       pc9 = -0.0346736
      pc10 = 0.445156
      pc11 = -1.05073
      pc12 = 0.246718
      pc13 = -0.00245667
      pc14 = -0.0278275
      pc15 = 0.00315144
      pc16 = 0.0199283
Constrained:
   Tgbecnw = 85422.8
     Tecnw = 21845.1
       Tnw = 16258
       Tec = 17581.4
     twoNb = 687925
     twoNc = 83562.7
     twoNw = 1.83608e+06
    twoNec = 40900.7
    twoNnw = 32446.8
  twoNecnw = 78563.8
  twoNbecnw = 4378.79
  twoNgbecnw = 278061
         m = 0.122085
        m2 = 0.0113844
        m4 = 0.0246155
        m6 = 2.7524e-06
        Tb = 19713.2
        Ta = 47456.6
        Td = 8790.69
        Tf = 8129.02
#       SitePat  BranchLen
              b 124874.9961254
              e 49164.9451411
              c 50435.2923272
              n 46070.1840808
              w 46070.1836067
            b:e 2124.8292374
            b:c 2522.1977385
            b:n 1757.8259864
            b:w 1757.8259517
            e:c 10479.9248181
            e:n 5299.5533947
            e:w 5299.5532728
            c:n 5112.7222985
            c:w 5112.7227726
            n:w 12649.7294287
          b:e:c 2021.1951547
          b:e:n 1084.6228450
          b:e:w 1084.6228071
          b:c:n 1094.8800149
          b:c:w 1094.8800496
          b:n:w 1987.6010995
          e:c:n 4726.8151854
          e:c:w 4726.8153073
          e:n:w 6198.3498327
          c:n:w 5650.1927981
        b:e:c:n 2028.1660589
        b:e:c:w 2028.1660967
        b:e:n:w 3373.3281078
        b:c:n:w 2606.9162963
        e:c:n:w 51801.1668023
