########################################
# legofit: estimate population history #
#       version 2.3.4-4-g53f8760       #
########################################

# Program was compiled: Sep 21 2021 14:36:42
# Program was run: Sat Sep 25 18:07:09 2021

# cmd: legofit -1 -d 0 -t 32 --ptsPerDim 3 --stateOut b1boot19.state --tol 3e-6 -S 5000 abdf2.lgo ../../boot/boot19.opf
# Stage nOptItr nSimReps
#     0    5000        0
# algorithm          : deterministic
# ignoring probs <=  : 0
# Branch length floor: 0
# DE strategy        : 2
#    F               : 0.3
#    CR              : 0.8
#    tolerance       : 3e-06
# nthreads           : 32
# lgo input file     : abdf2.lgo
# site pat input file: ../../boot/boot19.opf
# free parameters    : 16
# points in DE swarm : 48
# output state file  : b1boot19.state
# Including singleton site patterns.
# cost function      : KL
Initial parameter values
Fixed:
      zero = 0
       one = 1
    Tbecnw = 75200
Free:
       pc1 = 0
       pc2 = 0
       pc3 = 0
       pc4 = 0
       pc5 = 0
       pc6 = 0
       pc7 = 0
       pc8 = 0
       pc9 = 0
      pc10 = 0
      pc11 = 0
      pc12 = 0
      pc13 = 0
      pc14 = 0
      pc15 = 0
      pc16 = 0
Constrained:
   Tgbecnw = 101722
     Tecnw = 23046
       Tnw = 15675.8
       Tec = 18284.3
     twoNb = 705711
     twoNc = 280105
     twoNw = 4.31428e+06
    twoNec = 46401.7
    twoNnw = 43309.5
  twoNecnw = 82253.2
  twoNbecnw = 11281.1
  twoNgbecnw = 255986
         m = 0.149265
        m2 = 0.0118346
        m4 = 0.0236493
        m6 = 1.97284e-06
        Tb = 20665.1
        Ta = 47932.6
        Td = 9142.16
        Tf = 7837.89
DiffEv reached_goal. cost=1.90451e-03 spread=2.14958e-06
Fitted parameter values
Free:
       pc1 = -3.88554
       pc2 = -0.56484
       pc3 = -1.38929
       pc4 = -1.37038
       pc5 = -1.90546
       pc6 = 1.94523
       pc7 = 1.24918
       pc8 = -0.123226
       pc9 = -0.637303
      pc10 = 0.848621
      pc11 = -0.839685
      pc12 = 0.193983
      pc13 = 0.000260256
      pc14 = -0.00219397
      pc15 = 0.0197701
      pc16 = 0.00218748
Constrained:
   Tgbecnw = 83183.4
     Tecnw = 21731.7
       Tnw = 16380.8
       Tec = 17034.8
     twoNb = 624321
     twoNc = 140687
     twoNw = 1.98254e+06
    twoNec = 45399.4
    twoNnw = 30584.6
  twoNecnw = 77398.6
  twoNbecnw = 3345.76
  twoNgbecnw = 297507
         m = 0.11314
        m2 = 0.0118019
        m4 = 0.0238171
        m6 = 4.36312e-06
        Tb = 19383.3
        Ta = 47291.6
        Td = 8517.42
        Tf = 8190.42
#       SitePat  BranchLen
              b 124222.0456130
              e 48792.5497588
              c 50010.0540679
              n 45631.0118453
              w 45631.0111544
            b:e 2112.5451087
            b:c 2503.3754974
            b:n 1731.0316924
            b:w 1731.0316418
            e:c 10401.5159868
            e:n 5242.7162653
            e:w 5242.7160869
            c:n 5062.6428975
            c:w 5062.6435884
            n:w 12590.3578041
          b:e:c 2005.3953105
          b:e:n 1070.2534113
          b:e:w 1070.2533560
          b:c:n 1081.1483918
          b:c:w 1081.1484424
          b:n:w 1968.4531086
          e:c:n 4673.3196072
          e:c:w 4673.3197856
          e:n:w 6163.6400723
          c:n:w 5633.3934504
        b:e:c:n 2001.8790956
        b:e:c:w 2001.8791508
        b:e:n:w 3341.8680624
        b:c:n:w 2602.1355029
        e:c:n:w 51730.5927428
