########################################
# legofit: estimate population history #
#       version 2.3.4-4-g53f8760       #
########################################

# Program was compiled: Sep 21 2021 14:36:42
# Program was run: Sat Sep 25 18:14:26 2021

# cmd: legofit -1 -d 0 -t 32 --ptsPerDim 3 --stateOut b1boot32.state --tol 3e-6 -S 5000 abdf2.lgo ../../boot/boot32.opf
# Stage nOptItr nSimReps
#     0    5000        0
# algorithm          : deterministic
# ignoring probs <=  : 0
# Branch length floor: 0
# DE strategy        : 2
#    F               : 0.3
#    CR              : 0.8
#    tolerance       : 3e-06
# nthreads           : 32
# lgo input file     : abdf2.lgo
# site pat input file: ../../boot/boot32.opf
# free parameters    : 16
# points in DE swarm : 48
# output state file  : b1boot32.state
# Including singleton site patterns.
# cost function      : KL
Initial parameter values
Fixed:
      zero = 0
       one = 1
    Tbecnw = 75200
Free:
       pc1 = 0
       pc2 = 0
       pc3 = 0
       pc4 = 0
       pc5 = 0
       pc6 = 0
       pc7 = 0
       pc8 = 0
       pc9 = 0
      pc10 = 0
      pc11 = 0
      pc12 = 0
      pc13 = 0
      pc14 = 0
      pc15 = 0
      pc16 = 0
Constrained:
   Tgbecnw = 101722
     Tecnw = 23046
       Tnw = 15675.8
       Tec = 18284.3
     twoNb = 705711
     twoNc = 280105
     twoNw = 4.31428e+06
    twoNec = 46401.7
    twoNnw = 43309.5
  twoNecnw = 82253.2
  twoNbecnw = 11281.1
  twoNgbecnw = 255986
         m = 0.149265
        m2 = 0.0118346
        m4 = 0.0236493
        m6 = 1.97284e-06
        Tb = 20665.1
        Ta = 47932.6
        Td = 9142.16
        Tf = 7837.89
DiffEv reached_goal. cost=1.93284e-03 spread=2.70152e-06
Fitted parameter values
Free:
       pc1 = -3.70227
       pc2 = -1.34464
       pc3 = -1.87168
       pc4 = -1.21726
       pc5 = -1.84932
       pc6 = 1.29113
       pc7 = 1.93127
       pc8 = 0.0829121
       pc9 = -0.550528
      pc10 = 0.433405
      pc11 = -0.384059
      pc12 = 0.184493
      pc13 = -0.0151313
      pc14 = -0.0124857
      pc15 = -0.00375239
      pc16 = -0.0165442
Constrained:
   Tgbecnw = 82853.6
     Tecnw = 21902
       Tnw = 16245
       Tec = 16454.5
     twoNb = 632939
     twoNc = 88479.8
     twoNw = 2.67681e+06
    twoNec = 53718
    twoNnw = 32537.6
  twoNecnw = 76393.2
  twoNbecnw = 3179.02
  twoNgbecnw = 305526
         m = 0.110062
        m2 = 0.011616
        m4 = 0.0235934
        m6 = 1.07148e-06
        Tb = 19178.3
        Ta = 47189.1
        Td = 8227.26
        Tf = 8122.5
#       SitePat  BranchLen
              b 124265.2870170
              e 48736.2047079
              c 49948.0482567
              n 45580.5912352
              w 45580.5911104
            b:e 2106.0893293
            b:c 2491.4486001
            b:n 1725.7376969
            b:w 1725.7376878
            e:c 10322.8243334
            e:n 5233.4275265
            e:w 5233.4274944
            c:n 5055.2852962
            c:w 5055.2854211
            n:w 12498.9617568
          b:e:c 1991.8604797
          b:e:n 1069.5906788
          b:e:w 1069.5906688
          b:c:n 1080.4877890
          b:c:w 1080.4877981
          b:n:w 1954.7534657
          e:c:n 4661.5920790
          e:c:w 4661.5921111
          e:n:w 6151.4389475
          c:n:w 5626.4133155
        b:e:c:n 1994.2051043
        b:e:c:w 1994.2051143
        b:e:n:w 3331.2512113
        b:c:n:w 2593.5638222
        e:c:n:w 51916.9970661
