########################################
# legofit: estimate population history #
#       version 2.3.4-4-g53f8760       #
########################################

# Program was compiled: Sep 21 2021 14:36:42
# Program was run: Sat Sep 25 18:09:54 2021

# cmd: legofit -1 -d 0 -t 32 --ptsPerDim 3 --stateOut b1boot24.state --tol 3e-6 -S 5000 abdf2.lgo ../../boot/boot24.opf
# Stage nOptItr nSimReps
#     0    5000        0
# algorithm          : deterministic
# ignoring probs <=  : 0
# Branch length floor: 0
# DE strategy        : 2
#    F               : 0.3
#    CR              : 0.8
#    tolerance       : 3e-06
# nthreads           : 32
# lgo input file     : abdf2.lgo
# site pat input file: ../../boot/boot24.opf
# free parameters    : 16
# points in DE swarm : 48
# output state file  : b1boot24.state
# Including singleton site patterns.
# cost function      : KL
Initial parameter values
Fixed:
      zero = 0
       one = 1
    Tbecnw = 75200
Free:
       pc1 = 0
       pc2 = 0
       pc3 = 0
       pc4 = 0
       pc5 = 0
       pc6 = 0
       pc7 = 0
       pc8 = 0
       pc9 = 0
      pc10 = 0
      pc11 = 0
      pc12 = 0
      pc13 = 0
      pc14 = 0
      pc15 = 0
      pc16 = 0
Constrained:
   Tgbecnw = 101722
     Tecnw = 23046
       Tnw = 15675.8
       Tec = 18284.3
     twoNb = 705711
     twoNc = 280105
     twoNw = 4.31428e+06
    twoNec = 46401.7
    twoNnw = 43309.5
  twoNecnw = 82253.2
  twoNbecnw = 11281.1
  twoNgbecnw = 255986
         m = 0.149265
        m2 = 0.0118346
        m4 = 0.0236493
        m6 = 1.97284e-06
        Tb = 20665.1
        Ta = 47932.6
        Td = 9142.16
        Tf = 7837.89
DiffEv reached_goal. cost=1.91449e-03 spread=2.98510e-06
Fitted parameter values
Free:
       pc1 = -3.89253
       pc2 = -0.464025
       pc3 = -1.928
       pc4 = -1.67823
       pc5 = -1.9067
       pc6 = 0.913954
       pc7 = 0.123815
       pc8 = -0.544229
       pc9 = -0.17366
      pc10 = 0.669426
      pc11 = -0.800936
      pc12 = 0.0892513
      pc13 = -0.0717305
      pc14 = -0.0507211
      pc15 = -0.0304001
      pc16 = 0.0131311
Constrained:
   Tgbecnw = 83727.3
     Tecnw = 21850.4
       Tnw = 16293.5
       Tec = 17309.5
     twoNb = 575646
     twoNc = 560242
     twoNw = 1.6391e+06
    twoNec = 44252.5
    twoNnw = 32395.2
  twoNecnw = 77946.5
  twoNbecnw = 3600.47
  twoNgbecnw = 288476
         m = 0.117707
        m2 = 0.0116116
        m4 = 0.0239288
        m6 = 3.06279e-06
        Tb = 19580
        Ta = 47390
        Td = 8654.75
        Tf = 8146.75
#       SitePat  BranchLen
              b 124375.9210808
              e 48994.0130244
              c 50203.3649030
              n 45899.4445141
              w 45899.4439255
            b:e 2105.8938157
            b:c 2512.4986490
            b:n 1730.0405270
            b:w 1730.0404843
            e:c 10360.7321183
            e:n 5264.5205583
            e:w 5264.5204074
            c:n 5082.8803215
            c:w 5082.8809101
            n:w 12522.1582522
          b:e:c 1990.5606751
          b:e:n 1071.0382436
          b:e:w 1071.0381969
          b:c:n 1082.1788960
          b:c:w 1082.1789387
          b:n:w 1953.5383869
          e:c:n 4673.4046344
          e:c:w 4673.4047853
          e:n:w 6143.7910914
          c:n:w 5606.1725343
        b:e:c:n 2001.7117020
        b:e:c:w 2001.7117486
        b:e:n:w 3322.8016190
        b:c:n:w 2585.4614978
        e:c:n:w 51677.4722877
