########################################
# legofit: estimate population history #
#       version 2.3.4-4-g53f8760       #
########################################

# Program was compiled: Sep 21 2021 14:36:42
# Program was run: Sat Sep 25 18:28:06 2021

# cmd: legofit -1 -d 0 -t 32 --ptsPerDim 3 --stateOut b1boot42.state --tol 3e-6 -S 5000 abdf2.lgo ../../boot/boot42.opf
# Stage nOptItr nSimReps
#     0    5000        0
# algorithm          : deterministic
# ignoring probs <=  : 0
# Branch length floor: 0
# DE strategy        : 2
#    F               : 0.3
#    CR              : 0.8
#    tolerance       : 3e-06
# nthreads           : 32
# lgo input file     : abdf2.lgo
# site pat input file: ../../boot/boot42.opf
# free parameters    : 16
# points in DE swarm : 48
# output state file  : b1boot42.state
# Including singleton site patterns.
# cost function      : KL
Initial parameter values
Fixed:
      zero = 0
       one = 1
    Tbecnw = 75200
Free:
       pc1 = 0
       pc2 = 0
       pc3 = 0
       pc4 = 0
       pc5 = 0
       pc6 = 0
       pc7 = 0
       pc8 = 0
       pc9 = 0
      pc10 = 0
      pc11 = 0
      pc12 = 0
      pc13 = 0
      pc14 = 0
      pc15 = 0
      pc16 = 0
Constrained:
   Tgbecnw = 101722
     Tecnw = 23046
       Tnw = 15675.8
       Tec = 18284.3
     twoNb = 705711
     twoNc = 280105
     twoNw = 4.31428e+06
    twoNec = 46401.7
    twoNnw = 43309.5
  twoNecnw = 82253.2
  twoNbecnw = 11281.1
  twoNgbecnw = 255986
         m = 0.149265
        m2 = 0.0118346
        m4 = 0.0236493
        m6 = 1.97284e-06
        Tb = 20665.1
        Ta = 47932.6
        Td = 9142.16
        Tf = 7837.89
DiffEv reached_goal. cost=1.90229e-03 spread=2.50108e-06
Fitted parameter values
Free:
       pc1 = -3.96275
       pc2 = -1.61603
       pc3 = -1.89578
       pc4 = -1.18412
       pc5 = -1.51175
       pc6 = 1.49613
       pc7 = -0.0273758
       pc8 = 1.53948
       pc9 = -0.816866
      pc10 = 1.0605
      pc11 = 0.0849513
      pc12 = 0.171584
      pc13 = -0.0439196
      pc14 = -0.0252771
      pc15 = 0.0161789
      pc16 = 0.0105118
Constrained:
   Tgbecnw = 82382
     Tecnw = 21950.4
       Tnw = 16356.4
       Tec = 16488
     twoNb = 635797
     twoNc = 453487
     twoNw = 5.96061e+06
    twoNec = 52884.6
    twoNnw = 32023.2
  twoNecnw = 75971
  twoNbecnw = 2993.14
  twoNgbecnw = 302113
         m = 0.109735
        m2 = 0.0119378
        m4 = 0.0232818
        m6 = 4.61217e-06
        Tb = 19219.2
        Ta = 47209.6
        Td = 8244.02
        Tf = 8178.2
#       SitePat  BranchLen
              b 123636.0636024
              e 48630.2803025
              c 49816.5184468
              n 45514.5373756
              w 45514.5371336
            b:e 2087.6879075
            b:c 2464.3571877
            b:n 1709.8129062
            b:w 1709.8128886
            e:c 10337.2788262
            e:n 5197.9137242
            e:w 5197.9136619
            c:n 5022.6984785
            c:w 5022.6987205
            n:w 12477.9629860
          b:e:c 1978.5284921
          b:e:n 1056.6785778
          b:e:w 1056.6785586
          b:c:n 1067.3596381
          b:c:w 1067.3596557
          b:n:w 1942.2241927
          e:c:n 4646.9979997
          e:c:w 4646.9980620
          e:n:w 6117.5425119
          c:n:w 5602.2716322
        b:e:c:n 1975.0598158
        b:e:c:w 1975.0598349
        b:e:n:w 3292.1273538
        b:c:n:w 2573.5585780
        e:c:n:w 51395.6239477
