########################################
# legofit: estimate population history #
#       version 2.3.4-4-g53f8760       #
########################################

# Program was compiled: Sep 21 2021 14:36:42
# Program was run: Sat Sep 25 18:09:36 2021

# cmd: legofit -1 -d 0 -t 32 --ptsPerDim 3 --stateOut b1boot23.state --tol 3e-6 -S 5000 abdf2.lgo ../../boot/boot23.opf
# Stage nOptItr nSimReps
#     0    5000        0
# algorithm          : deterministic
# ignoring probs <=  : 0
# Branch length floor: 0
# DE strategy        : 2
#    F               : 0.3
#    CR              : 0.8
#    tolerance       : 3e-06
# nthreads           : 32
# lgo input file     : abdf2.lgo
# site pat input file: ../../boot/boot23.opf
# free parameters    : 16
# points in DE swarm : 48
# output state file  : b1boot23.state
# Including singleton site patterns.
# cost function      : KL
Initial parameter values
Fixed:
      zero = 0
       one = 1
    Tbecnw = 75200
Free:
       pc1 = 0
       pc2 = 0
       pc3 = 0
       pc4 = 0
       pc5 = 0
       pc6 = 0
       pc7 = 0
       pc8 = 0
       pc9 = 0
      pc10 = 0
      pc11 = 0
      pc12 = 0
      pc13 = 0
      pc14 = 0
      pc15 = 0
      pc16 = 0
Constrained:
   Tgbecnw = 101722
     Tecnw = 23046
       Tnw = 15675.8
       Tec = 18284.3
     twoNb = 705711
     twoNc = 280105
     twoNw = 4.31428e+06
    twoNec = 46401.7
    twoNnw = 43309.5
  twoNecnw = 82253.2
  twoNbecnw = 11281.1
  twoNgbecnw = 255986
         m = 0.149265
        m2 = 0.0118346
        m4 = 0.0236493
        m6 = 1.97284e-06
        Tb = 20665.1
        Ta = 47932.6
        Td = 9142.16
        Tf = 7837.89
DiffEv reached_goal. cost=1.88436e-03 spread=2.92954e-06
Fitted parameter values
Free:
       pc1 = -3.88232
       pc2 = -0.295929
       pc3 = -1.66116
       pc4 = -0.910192
       pc5 = -1.34099
       pc6 = 1.53108
       pc7 = 1.07815
       pc8 = -0.925799
       pc9 = -0.669014
      pc10 = 1.00053
      pc11 = -0.54561
      pc12 = 0.128343
      pc13 = -0.0546878
      pc14 = 0.0212931
      pc15 = 0.00625838
      pc16 = -0.0122548
Constrained:
   Tgbecnw = 85532
     Tecnw = 21925.8
       Tnw = 16838.9
       Tec = 17650
     twoNb = 752979
     twoNc = 233797
     twoNw = 1.80155e+06
    twoNec = 41489.8
    twoNnw = 28789.9
  twoNecnw = 77043.2
  twoNbecnw = 4280.06
  twoNgbecnw = 303150
         m = 0.108731
        m2 = 0.0115943
        m4 = 0.0241898
        m6 = 3.28502e-06
        Tb = 19787.9
        Ta = 47494
        Td = 8825
        Tf = 8419.47
#       SitePat  BranchLen
              b 124348.7714452
              e 49011.6350405
              c 50273.7760837
              n 45783.4877724
              w 45783.4871868
            b:e 2125.9345733
            b:c 2494.6880275
            b:n 1748.3810060
            b:w 1748.3809625
            e:c 10409.0450164
            e:n 5256.8969622
            e:w 5256.8968097
            c:n 5074.5990927
            c:w 5074.5996783
            n:w 12638.7298487
          b:e:c 2025.9608266
          b:e:n 1080.0859344
          b:e:w 1080.0858870
          b:c:n 1090.2010589
          b:c:w 1090.2011023
          b:n:w 1991.3763934
          e:c:n 4700.1298145
          e:c:w 4700.1299670
          e:n:w 6205.4728541
          c:n:w 5677.7761743
        b:e:c:n 2015.0000026
        b:e:c:w 2015.0000500
        b:e:n:w 3378.9703854
        b:c:n:w 2620.1369604
        e:c:n:w 51591.9308813
