########################################
# legofit: estimate population history #
#       version 2.3.4-4-g53f8760       #
########################################

# Program was compiled: Sep 21 2021 14:36:42
# Program was run: Sat Sep 25 18:14:59 2021

# cmd: legofit -1 -d 0 -t 32 --ptsPerDim 3 --stateOut b1boot35.state --tol 3e-6 -S 5000 abdf2.lgo ../../boot/boot35.opf
# Stage nOptItr nSimReps
#     0    5000        0
# algorithm          : deterministic
# ignoring probs <=  : 0
# Branch length floor: 0
# DE strategy        : 2
#    F               : 0.3
#    CR              : 0.8
#    tolerance       : 3e-06
# nthreads           : 32
# lgo input file     : abdf2.lgo
# site pat input file: ../../boot/boot35.opf
# free parameters    : 16
# points in DE swarm : 48
# output state file  : b1boot35.state
# Including singleton site patterns.
# cost function      : KL
Initial parameter values
Fixed:
      zero = 0
       one = 1
    Tbecnw = 75200
Free:
       pc1 = 0
       pc2 = 0
       pc3 = 0
       pc4 = 0
       pc5 = 0
       pc6 = 0
       pc7 = 0
       pc8 = 0
       pc9 = 0
      pc10 = 0
      pc11 = 0
      pc12 = 0
      pc13 = 0
      pc14 = 0
      pc15 = 0
      pc16 = 0
Constrained:
   Tgbecnw = 101722
     Tecnw = 23046
       Tnw = 15675.8
       Tec = 18284.3
     twoNb = 705711
     twoNc = 280105
     twoNw = 4.31428e+06
    twoNec = 46401.7
    twoNnw = 43309.5
  twoNecnw = 82253.2
  twoNbecnw = 11281.1
  twoNgbecnw = 255986
         m = 0.149265
        m2 = 0.0118346
        m4 = 0.0236493
        m6 = 1.97284e-06
        Tb = 20665.1
        Ta = 47932.6
        Td = 9142.16
        Tf = 7837.89
DiffEv reached_goal. cost=1.88101e-03 spread=2.93934e-06
Fitted parameter values
Free:
       pc1 = -3.46818
       pc2 = -1.23213
       pc3 = -1.86307
       pc4 = -1.44123
       pc5 = -1.12801
       pc6 = 1.82972
       pc7 = 1.0353
       pc8 = 0.543868
       pc9 = -0.33097
      pc10 = -0.0481397
      pc11 = -0.133858
      pc12 = 0.265583
      pc13 = -0.0692321
      pc14 = -0.0437036
      pc15 = 0.0134482
      pc16 = -0.0380095
Constrained:
   Tgbecnw = 83088.9
     Tecnw = 21902.4
       Tnw = 15423.3
       Tec = 17338.8
     twoNb = 658445
     twoNc = 182639
     twoNw = 4.40298e+06
    twoNec = 45056
    twoNnw = 37460.5
  twoNecnw = 77159.5
  twoNbecnw = 3313.65
  twoNgbecnw = 297365
         m = 0.112775
        m2 = 0.0116168
        m4 = 0.0236826
        m6 = 2.38528e-06
        Tb = 19620.6
        Ta = 47410.3
        Td = 8669.39
        Tf = 7711.64
#       SitePat  BranchLen
              b 124151.5750959
              e 48939.3977384
              c 50154.8026386
              n 45687.3208159
              w 45687.3206523
            b:e 2117.7344407
            b:c 2498.5036948
            b:n 1739.8137706
            b:w 1739.8137588
            e:c 10310.6655802
            e:n 5254.5617293
            e:w 5254.5616879
            c:n 5075.8777342
            c:w 5075.8778978
            n:w 12590.5418404
          b:e:c 2004.5408978
          b:e:n 1079.1286791
          b:e:w 1079.1286662
          b:c:n 1089.7656822
          b:c:w 1089.7656940
          b:n:w 1968.1072509
          e:c:n 4671.1565491
          e:c:w 4671.1565905
          e:n:w 6151.7363133
          c:n:w 5628.7654048
        b:e:c:n 2011.9612458
        b:e:c:w 2011.9612587
        b:e:n:w 3346.0642796
        b:c:n:w 2608.9545073
        e:c:n:w 51633.0636763
