########################################
# legofit: estimate population history #
#       version 2.3.4-4-g53f8760       #
########################################

# Program was compiled: Sep 21 2021 14:36:42
# Program was run: Sat Sep 25 18:06:26 2021

# cmd: legofit -1 -d 0 -t 32 --ptsPerDim 3 --stateOut b1boot17.state --tol 3e-6 -S 5000 abdf2.lgo ../../boot/boot17.opf
# Stage nOptItr nSimReps
#     0    5000        0
# algorithm          : deterministic
# ignoring probs <=  : 0
# Branch length floor: 0
# DE strategy        : 2
#    F               : 0.3
#    CR              : 0.8
#    tolerance       : 3e-06
# nthreads           : 32
# lgo input file     : abdf2.lgo
# site pat input file: ../../boot/boot17.opf
# free parameters    : 16
# points in DE swarm : 48
# output state file  : b1boot17.state
# Including singleton site patterns.
# cost function      : KL
Initial parameter values
Fixed:
      zero = 0
       one = 1
    Tbecnw = 75200
Free:
       pc1 = 0
       pc2 = 0
       pc3 = 0
       pc4 = 0
       pc5 = 0
       pc6 = 0
       pc7 = 0
       pc8 = 0
       pc9 = 0
      pc10 = 0
      pc11 = 0
      pc12 = 0
      pc13 = 0
      pc14 = 0
      pc15 = 0
      pc16 = 0
Constrained:
   Tgbecnw = 101722
     Tecnw = 23046
       Tnw = 15675.8
       Tec = 18284.3
     twoNb = 705711
     twoNc = 280105
     twoNw = 4.31428e+06
    twoNec = 46401.7
    twoNnw = 43309.5
  twoNecnw = 82253.2
  twoNbecnw = 11281.1
  twoNgbecnw = 255986
         m = 0.149265
        m2 = 0.0118346
        m4 = 0.0236493
        m6 = 1.97284e-06
        Tb = 20665.1
        Ta = 47932.6
        Td = 9142.16
        Tf = 7837.89
DiffEv reached_goal. cost=1.91580e-03 spread=2.99383e-06
Fitted parameter values
Free:
       pc1 = -3.20644
       pc2 = -1.07254
       pc3 = -1.71406
       pc4 = -0.501169
       pc5 = -0.736402
       pc6 = 1.55925
       pc7 = 1.26255
       pc8 = 1.00676
       pc9 = -0.0875046
      pc10 = 0.717844
      pc11 = -0.556629
      pc12 = 0.223318
      pc13 = -0.00363649
      pc14 = -0.00740609
      pc15 = 0.0323099
      pc16 = 0.00799525
Constrained:
   Tgbecnw = 86071.5
     Tecnw = 22032.8
       Tnw = 16332.8
       Tec = 16763.6
     twoNb = 545836
     twoNc = 95407.9
     twoNw = 5.49102e+06
    twoNec = 50761.6
    twoNnw = 32715.4
  twoNecnw = 77670.2
  twoNbecnw = 4610.48
  twoNgbecnw = 283995
         m = 0.118848
        m2 = 0.0118104
        m4 = 0.0239372
        m6 = 2.42532e-06
        Tb = 19398.2
        Ta = 47299.1
        Td = 8381.81
        Tf = 8166.41
#       SitePat  BranchLen
              b 124925.3325623
              e 49159.5496478
              c 50363.1211649
              n 46026.8324625
              w 46026.8323224
            b:e 2141.9483990
            b:c 2562.1406902
            b:n 1751.3721509
            b:w 1751.3721406
            e:c 10491.9881219
            e:n 5276.6319759
            e:w 5276.6319399
            c:n 5094.1417939
            c:w 5094.1419340
            n:w 12668.3558692
          b:e:c 2024.1929767
          b:e:n 1080.6404968
          b:e:w 1080.6404856
          b:c:n 1091.9644355
          b:c:w 1091.9644457
          b:n:w 1986.1670727
          e:c:n 4717.7011383
          e:c:w 4717.7011743
          e:n:w 6227.3915837
          c:n:w 5678.6703097
        b:e:c:n 2020.1003142
        b:e:c:w 2020.1003254
        b:e:n:w 3347.9596959
        b:c:n:w 2615.2491396
        e:c:n:w 51907.9675119
