########################################
# legofit: estimate population history #
#       version 2.3.4-4-g53f8760       #
########################################

# Program was compiled: Sep 21 2021 14:36:42
# Program was run: Sat Sep 25 18:13:59 2021

# cmd: legofit -1 -d 0 -t 32 --ptsPerDim 3 --stateOut b1boot31.state --tol 3e-6 -S 5000 abdf2.lgo ../../boot/boot31.opf
# Stage nOptItr nSimReps
#     0    5000        0
# algorithm          : deterministic
# ignoring probs <=  : 0
# Branch length floor: 0
# DE strategy        : 2
#    F               : 0.3
#    CR              : 0.8
#    tolerance       : 3e-06
# nthreads           : 32
# lgo input file     : abdf2.lgo
# site pat input file: ../../boot/boot31.opf
# free parameters    : 16
# points in DE swarm : 48
# output state file  : b1boot31.state
# Including singleton site patterns.
# cost function      : KL
Initial parameter values
Fixed:
      zero = 0
       one = 1
    Tbecnw = 75200
Free:
       pc1 = 0
       pc2 = 0
       pc3 = 0
       pc4 = 0
       pc5 = 0
       pc6 = 0
       pc7 = 0
       pc8 = 0
       pc9 = 0
      pc10 = 0
      pc11 = 0
      pc12 = 0
      pc13 = 0
      pc14 = 0
      pc15 = 0
      pc16 = 0
Constrained:
   Tgbecnw = 101722
     Tecnw = 23046
       Tnw = 15675.8
       Tec = 18284.3
     twoNb = 705711
     twoNc = 280105
     twoNw = 4.31428e+06
    twoNec = 46401.7
    twoNnw = 43309.5
  twoNecnw = 82253.2
  twoNbecnw = 11281.1
  twoNgbecnw = 255986
         m = 0.149265
        m2 = 0.0118346
        m4 = 0.0236493
        m6 = 1.97284e-06
        Tb = 20665.1
        Ta = 47932.6
        Td = 9142.16
        Tf = 7837.89
DiffEv reached_goal. cost=1.89011e-03 spread=2.99107e-06
Fitted parameter values
Free:
       pc1 = -3.70168
       pc2 = -0.245311
       pc3 = -1.68856
       pc4 = -1.23136
       pc5 = -1.36314
       pc6 = 1.41357
       pc7 = 0.741032
       pc8 = 1.07123
       pc9 = -1.23876
      pc10 = 0.258645
      pc11 = -0.506795
      pc12 = 0.438225
      pc13 = 0.022312
      pc14 = -0.0124761
      pc15 = 0.000918777
      pc16 = -0.00441092
Constrained:
   Tgbecnw = 83846.3
     Tecnw = 21552
       Tnw = 16310.6
       Tec = 17176.2
     twoNb = 792003
     twoNc = 259088
     twoNw = 4.41561e+06
    twoNec = 43024.8
    twoNnw = 30364.3
  twoNecnw = 79376.2
  twoNbecnw = 3714.68
  twoNgbecnw = 280154
         m = 0.122601
        m2 = 0.0118569
        m4 = 0.0234042
        m6 = 3.40577e-06
        Tb = 19364.1
        Ta = 47282.1
        Td = 8588.11
        Tf = 8155.3
#       SitePat  BranchLen
              b 124867.7854444
              e 49122.4365076
              c 50347.1988749
              n 45924.9853667
              w 45924.9851227
            b:e 2138.4057151
            b:c 2500.3501408
            b:n 1760.3506918
            b:w 1760.3506739
            e:c 10447.8506759
            e:n 5312.8462925
            e:w 5312.8462295
            c:n 5136.0658457
            c:w 5136.0660897
            n:w 12654.4618626
          b:e:c 2025.7250293
          b:e:n 1092.0682174
          b:e:w 1092.0681977
          b:c:n 1101.3595244
          b:c:w 1101.3595424
          b:n:w 1992.9125902
          e:c:n 4705.7203945
          e:c:w 4705.7204575
          e:n:w 6178.8085591
          c:n:w 5666.4819036
        b:e:c:n 2036.2589499
        b:e:c:w 2036.2589696
        b:e:n:w 3384.0967082
        b:c:n:w 2644.6941745
        e:c:n:w 51942.9341547
