########################################
# legofit: estimate population history #
#       version 2.3.4-4-g53f8760       #
########################################

# Program was compiled: Sep 21 2021 14:36:42
# Program was run: Sat Sep 25 18:00:31 2021

# cmd: legofit -1 -d 0 -t 32 --ptsPerDim 3 --stateOut b1boot5.state --tol 3e-6 -S 5000 abdf2.lgo ../../boot/boot5.opf
# Stage nOptItr nSimReps
#     0    5000        0
# algorithm          : deterministic
# ignoring probs <=  : 0
# Branch length floor: 0
# DE strategy        : 2
#    F               : 0.3
#    CR              : 0.8
#    tolerance       : 3e-06
# nthreads           : 32
# lgo input file     : abdf2.lgo
# site pat input file: ../../boot/boot5.opf
# free parameters    : 16
# points in DE swarm : 48
# output state file  : b1boot5.state
# Including singleton site patterns.
# cost function      : KL
Initial parameter values
Fixed:
      zero = 0
       one = 1
    Tbecnw = 75200
Free:
       pc1 = 0
       pc2 = 0
       pc3 = 0
       pc4 = 0
       pc5 = 0
       pc6 = 0
       pc7 = 0
       pc8 = 0
       pc9 = 0
      pc10 = 0
      pc11 = 0
      pc12 = 0
      pc13 = 0
      pc14 = 0
      pc15 = 0
      pc16 = 0
Constrained:
   Tgbecnw = 101722
     Tecnw = 23046
       Tnw = 15675.8
       Tec = 18284.3
     twoNb = 705711
     twoNc = 280105
     twoNw = 4.31428e+06
    twoNec = 46401.7
    twoNnw = 43309.5
  twoNecnw = 82253.2
  twoNbecnw = 11281.1
  twoNgbecnw = 255986
         m = 0.149265
        m2 = 0.0118346
        m4 = 0.0236493
        m6 = 1.97284e-06
        Tb = 20665.1
        Ta = 47932.6
        Td = 9142.16
        Tf = 7837.89
DiffEv reached_goal. cost=1.89659e-03 spread=2.46539e-06
Fitted parameter values
Free:
       pc1 = -3.91841
       pc2 = -0.928577
       pc3 = -1.67243
       pc4 = -1.32231
       pc5 = -1.37247
       pc6 = 1.20587
       pc7 = 1.16967
       pc8 = 0.91976
       pc9 = -0.696559
      pc10 = 0.418593
      pc11 = -0.277541
      pc12 = 0.259784
      pc13 = -0.044013
      pc14 = -0.0230085
      pc15 = 0.0292742
      pc16 = -0.0193371
Constrained:
   Tgbecnw = 83027.2
     Tecnw = 21774.7
       Tnw = 16307
       Tec = 17117.3
     twoNb = 635994
     twoNc = 224032
     twoNw = 4.28994e+06
    twoNec = 45300.9
    twoNnw = 31158.9
  twoNecnw = 77565.9
  twoNbecnw = 3292.49
  twoNgbecnw = 294670
         m = 0.114502
        m2 = 0.0118544
        m4 = 0.0234102
        m6 = 2.05594e-06
        Tb = 19446
        Ta = 47323
        Td = 8558.67
        Tf = 8153.48
#       SitePat  BranchLen
              b 124203.2418939
              e 48874.5469826
              c 50071.3711223
              n 45661.6920400
              w 45661.6918898
            b:e 2113.5532553
            b:c 2495.5076987
            b:n 1728.7504765
            b:w 1728.7504655
            e:c 10383.0759810
            e:n 5237.7591770
            e:w 5237.7591384
            c:n 5061.2374589
            c:w 5061.2376092
            n:w 12606.3233459
          b:e:c 2004.3011180
          b:e:n 1070.0721663
          b:e:w 1070.0721543
          b:c:n 1080.6312914
          b:c:w 1080.6313024
          b:n:w 1967.5961193
          e:c:n 4661.2561565
          e:c:w 4661.2561951
          e:n:w 6152.5513377
          c:n:w 5632.9381827
        b:e:c:n 1999.9508392
        b:e:c:w 1999.9508512
        b:e:n:w 3332.5876538
        b:c:n:w 2605.3469144
        e:c:n:w 51682.2516156
