########################################
# legofit: estimate population history #
#       version 2.3.4-4-g53f8760       #
########################################

# Program was compiled: Sep 21 2021 14:36:42
# Program was run: Sat Sep 25 18:28:21 2021

# cmd: legofit -1 -d 0 -t 32 --ptsPerDim 3 --stateOut b1boot44.state --tol 3e-6 -S 5000 abdf2.lgo ../../boot/boot44.opf
# Stage nOptItr nSimReps
#     0    5000        0
# algorithm          : deterministic
# ignoring probs <=  : 0
# Branch length floor: 0
# DE strategy        : 2
#    F               : 0.3
#    CR              : 0.8
#    tolerance       : 3e-06
# nthreads           : 32
# lgo input file     : abdf2.lgo
# site pat input file: ../../boot/boot44.opf
# free parameters    : 16
# points in DE swarm : 48
# output state file  : b1boot44.state
# Including singleton site patterns.
# cost function      : KL
Initial parameter values
Fixed:
      zero = 0
       one = 1
    Tbecnw = 75200
Free:
       pc1 = 0
       pc2 = 0
       pc3 = 0
       pc4 = 0
       pc5 = 0
       pc6 = 0
       pc7 = 0
       pc8 = 0
       pc9 = 0
      pc10 = 0
      pc11 = 0
      pc12 = 0
      pc13 = 0
      pc14 = 0
      pc15 = 0
      pc16 = 0
Constrained:
   Tgbecnw = 101722
     Tecnw = 23046
       Tnw = 15675.8
       Tec = 18284.3
     twoNb = 705711
     twoNc = 280105
     twoNw = 4.31428e+06
    twoNec = 46401.7
    twoNnw = 43309.5
  twoNecnw = 82253.2
  twoNbecnw = 11281.1
  twoNgbecnw = 255986
         m = 0.149265
        m2 = 0.0118346
        m4 = 0.0236493
        m6 = 1.97284e-06
        Tb = 20665.1
        Ta = 47932.6
        Td = 9142.16
        Tf = 7837.89
DiffEv reached_goal. cost=1.90205e-03 spread=2.72668e-06
Fitted parameter values
Free:
       pc1 = -3.82562
       pc2 = -0.709506
       pc3 = -1.97556
       pc4 = -1.17486
       pc5 = -1.07113
       pc6 = 1.85243
       pc7 = 0.147447
       pc8 = 0.187611
       pc9 = -0.358149
      pc10 = 0.944778
      pc11 = -0.659526
      pc12 = 0.121622
      pc13 = -0.0408487
      pc14 = -0.0220852
      pc15 = -0.01259
      pc16 = 0.00205503
Constrained:
   Tgbecnw = 83857.3
     Tecnw = 21851.6
       Tnw = 16255.8
       Tec = 17318.2
     twoNb = 645154
     twoNc = 395103
     twoNw = 4.04867e+06
    twoNec = 44175.5
    twoNnw = 32397.4
  twoNecnw = 77317.2
  twoNbecnw = 3637.89
  twoNgbecnw = 294591
         m = 0.113802
        m2 = 0.0117815
        m4 = 0.0241566
        m6 = 4.59361e-06
        Tb = 19584.9
        Ta = 47392.5
        Td = 8659.12
        Tf = 8127.92
#       SitePat  BranchLen
              b 124263.5852511
              e 48925.0426048
              c 50163.2776472
              n 45778.6268967
              w 45778.6265404
            b:e 2115.8373893
            b:c 2507.7267155
            b:n 1739.1921042
            b:w 1739.1920782
            e:c 10362.0224706
            e:n 5262.9118812
            e:w 5262.9117895
            c:n 5080.0372217
            c:w 5080.0375779
            n:w 12550.4114002
          b:e:c 2003.8511607
          b:e:n 1076.3687166
          b:e:w 1076.3686882
          b:c:n 1087.1880360
          b:c:w 1087.1880620
          b:n:w 1967.7953590
          e:c:n 4686.6031339
          e:c:w 4686.6032255
          e:n:w 6169.7376412
          c:n:w 5633.6318981
        b:e:c:n 2009.5258697
        b:e:c:w 2009.5258981
        b:e:n:w 3355.1892004
        b:c:n:w 2605.2804614
        e:c:n:w 51641.3157457
