########################################
# legofit: estimate population history #
#       version 2.3.4-4-g53f8760       #
########################################

# Program was compiled: Sep 21 2021 14:36:42
# Program was run: Sat Sep 25 17:57:22 2021

# cmd: legofit -1 -d 0 -t 32 --ptsPerDim 3 --stateOut b1boot1.state --tol 3e-6 -S 5000 abdf2.lgo ../../boot/boot1.opf
# Stage nOptItr nSimReps
#     0    5000        0
# algorithm          : deterministic
# ignoring probs <=  : 0
# Branch length floor: 0
# DE strategy        : 2
#    F               : 0.3
#    CR              : 0.8
#    tolerance       : 3e-06
# nthreads           : 32
# lgo input file     : abdf2.lgo
# site pat input file: ../../boot/boot1.opf
# free parameters    : 16
# points in DE swarm : 48
# output state file  : b1boot1.state
# Including singleton site patterns.
# cost function      : KL
Initial parameter values
Fixed:
      zero = 0
       one = 1
    Tbecnw = 75200
Free:
       pc1 = 0
       pc2 = 0
       pc3 = 0
       pc4 = 0
       pc5 = 0
       pc6 = 0
       pc7 = 0
       pc8 = 0
       pc9 = 0
      pc10 = 0
      pc11 = 0
      pc12 = 0
      pc13 = 0
      pc14 = 0
      pc15 = 0
      pc16 = 0
Constrained:
   Tgbecnw = 101722
     Tecnw = 23046
       Tnw = 15675.8
       Tec = 18284.3
     twoNb = 705711
     twoNc = 280105
     twoNw = 4.31428e+06
    twoNec = 46401.7
    twoNnw = 43309.5
  twoNecnw = 82253.2
  twoNbecnw = 11281.1
  twoNgbecnw = 255986
         m = 0.149265
        m2 = 0.0118346
        m4 = 0.0236493
        m6 = 1.97284e-06
        Tb = 20665.1
        Ta = 47932.6
        Td = 9142.16
        Tf = 7837.89
DiffEv reached_goal. cost=1.88625e-03 spread=2.74598e-06
Fitted parameter values
Free:
       pc1 = -3.93935
       pc2 = -1.10335
       pc3 = -1.89271
       pc4 = -1.7916
       pc5 = -1.06566
       pc6 = 1.83298
       pc7 = 1.07673
       pc8 = -0.456611
       pc9 = -0.254088
      pc10 = 1.08237
      pc11 = -0.947312
      pc12 = -0.0444953
      pc13 = -0.0827095
      pc14 = -0.00344311
      pc15 = 0.00241416
      pc16 = -0.0108745
Constrained:
   Tgbecnw = 82613
     Tecnw = 21854.9
       Tnw = 16039.7
       Tec = 17226.6
     twoNb = 590646
     twoNc = 261264
     twoNw = 2.44619e+06
    twoNec = 44705
    twoNnw = 33445.2
  twoNecnw = 76185
  twoNbecnw = 3053.5
  twoNgbecnw = 312773
         m = 0.105198
        m2 = 0.0120825
        m4 = 0.024327
        m6 = 2.99913e-06
        Tb = 19540.7
        Ta = 47370.4
        Td = 8613.31
        Tf = 8019.85
#       SitePat  BranchLen
              b 123581.9625259
              e 48657.3994507
              c 49889.6214317
              n 45499.0515006
              w 45499.0511226
            b:e 2107.9320118
            b:c 2508.3204185
            b:n 1726.9582832
            b:w 1726.9582557
            e:c 10319.9121184
            e:n 5221.0091371
            e:w 5221.0090401
            c:n 5037.0495278
            c:w 5037.0499059
            n:w 12518.4430233
          b:e:c 1998.6979538
          b:e:n 1067.8602402
          b:e:w 1067.8602101
          b:c:n 1079.6503212
          b:c:w 1079.6503487
          b:n:w 1959.9225774
          e:c:n 4663.3280814
          e:c:w 4663.3281784
          e:n:w 6152.9239962
          c:n:w 5613.0460325
        b:e:c:n 1997.7891047
        b:e:c:w 1997.7891348
        b:e:n:w 3348.2011128
        b:c:n:w 2599.8069636
        e:c:n:w 51364.3200577
