########################################
# legofit: estimate population history #
#       version 2.3.4-4-g53f8760       #
########################################

# Program was compiled: Sep 21 2021 14:36:42
# Program was run: Sat Sep 25 18:14:26 2021

# cmd: legofit -1 -d 0 -t 32 --ptsPerDim 3 --stateOut b1boot33.state --tol 3e-6 -S 5000 abdf2.lgo ../../boot/boot33.opf
# Stage nOptItr nSimReps
#     0    5000        0
# algorithm          : deterministic
# ignoring probs <=  : 0
# Branch length floor: 0
# DE strategy        : 2
#    F               : 0.3
#    CR              : 0.8
#    tolerance       : 3e-06
# nthreads           : 32
# lgo input file     : abdf2.lgo
# site pat input file: ../../boot/boot33.opf
# free parameters    : 16
# points in DE swarm : 48
# output state file  : b1boot33.state
# Including singleton site patterns.
# cost function      : KL
Initial parameter values
Fixed:
      zero = 0
       one = 1
    Tbecnw = 75200
Free:
       pc1 = 0
       pc2 = 0
       pc3 = 0
       pc4 = 0
       pc5 = 0
       pc6 = 0
       pc7 = 0
       pc8 = 0
       pc9 = 0
      pc10 = 0
      pc11 = 0
      pc12 = 0
      pc13 = 0
      pc14 = 0
      pc15 = 0
      pc16 = 0
Constrained:
   Tgbecnw = 101722
     Tecnw = 23046
       Tnw = 15675.8
       Tec = 18284.3
     twoNb = 705711
     twoNc = 280105
     twoNw = 4.31428e+06
    twoNec = 46401.7
    twoNnw = 43309.5
  twoNecnw = 82253.2
  twoNbecnw = 11281.1
  twoNgbecnw = 255986
         m = 0.149265
        m2 = 0.0118346
        m4 = 0.0236493
        m6 = 1.97284e-06
        Tb = 20665.1
        Ta = 47932.6
        Td = 9142.16
        Tf = 7837.89
DiffEv reached_goal. cost=1.87966e-03 spread=2.71360e-06
Fitted parameter values
Free:
       pc1 = -2.62333
       pc2 = -0.754059
       pc3 = -1.57733
       pc4 = -1.53873
       pc5 = -1.55023
       pc6 = 1.31482
       pc7 = 1.05537
       pc8 = 0.0134399
       pc9 = -0.684932
      pc10 = 0.949096
      pc11 = -0.778427
      pc12 = 0.227873
      pc13 = 0.0397823
      pc14 = -0.0281359
      pc15 = 0.0103742
      pc16 = -0.0034579
Constrained:
   Tgbecnw = 86318.9
     Tecnw = 22059.1
       Tnw = 15972.2
       Tec = 16523.9
     twoNb = 713063
     twoNc = 229264
     twoNw = 2.37934e+06
    twoNec = 53910
    twoNnw = 35151.3
  twoNecnw = 77911
  twoNbecnw = 4750.84
  twoNgbecnw = 275547
         m = 0.125088
        m2 = 0.0121268
        m4 = 0.0238036
        m6 = 3.05058e-06
        Tb = 19291.5
        Ta = 47245.7
        Td = 8261.95
        Tf = 7986.08
#       SitePat  BranchLen
              b 125507.7876006
              e 49266.2089177
              c 50506.1418119
              n 46076.6510108
              w 46076.6506100
            b:e 2121.0314283
            b:c 2506.4151433
            b:n 1737.4321789
            b:w 1737.4321501
            e:c 10465.7960375
            e:n 5283.3744714
            e:w 5283.3743693
            c:n 5103.2398433
            c:w 5103.2402440
            n:w 12666.1377273
          b:e:c 1998.4430127
          b:e:n 1073.7646866
          b:e:w 1073.7646552
          b:c:n 1083.2503693
          b:c:w 1083.2503981
          b:n:w 1966.3252648
          e:c:n 4706.7860557
          e:c:w 4706.7861578
          e:n:w 6205.4521801
          c:n:w 5671.3382318
        b:e:c:n 1999.8677582
        b:e:c:w 1999.8677896
        b:e:n:w 3360.8036115
        b:c:n:w 2610.8979300
        e:c:n:w 52315.0133612
