########################################
# legofit: estimate population history #
#       version 2.3.4-4-g53f8760       #
########################################

# Program was compiled: Sep 21 2021 14:36:42
# Program was run: Sat Sep 25 18:09:54 2021

# cmd: legofit -1 -d 0 -t 32 --ptsPerDim 3 --stateOut b1boot25.state --tol 3e-6 -S 5000 abdf2.lgo ../../boot/boot25.opf
# Stage nOptItr nSimReps
#     0    5000        0
# algorithm          : deterministic
# ignoring probs <=  : 0
# Branch length floor: 0
# DE strategy        : 2
#    F               : 0.3
#    CR              : 0.8
#    tolerance       : 3e-06
# nthreads           : 32
# lgo input file     : abdf2.lgo
# site pat input file: ../../boot/boot25.opf
# free parameters    : 16
# points in DE swarm : 48
# output state file  : b1boot25.state
# Including singleton site patterns.
# cost function      : KL
Initial parameter values
Fixed:
      zero = 0
       one = 1
    Tbecnw = 75200
Free:
       pc1 = 0
       pc2 = 0
       pc3 = 0
       pc4 = 0
       pc5 = 0
       pc6 = 0
       pc7 = 0
       pc8 = 0
       pc9 = 0
      pc10 = 0
      pc11 = 0
      pc12 = 0
      pc13 = 0
      pc14 = 0
      pc15 = 0
      pc16 = 0
Constrained:
   Tgbecnw = 101722
     Tecnw = 23046
       Tnw = 15675.8
       Tec = 18284.3
     twoNb = 705711
     twoNc = 280105
     twoNw = 4.31428e+06
    twoNec = 46401.7
    twoNnw = 43309.5
  twoNecnw = 82253.2
  twoNbecnw = 11281.1
  twoNgbecnw = 255986
         m = 0.149265
        m2 = 0.0118346
        m4 = 0.0236493
        m6 = 1.97284e-06
        Tb = 20665.1
        Ta = 47932.6
        Td = 9142.16
        Tf = 7837.89
DiffEv reached_goal. cost=1.90560e-03 spread=2.36967e-06
Fitted parameter values
Free:
       pc1 = -2.59837
       pc2 = -1.596
       pc3 = -1.88279
       pc4 = -1.82292
       pc5 = -1.31774
       pc6 = 0.407048
       pc7 = 0.566831
       pc8 = 1.14486
       pc9 = -1.19355
      pc10 = 0.591991
      pc11 = 0.0764308
      pc12 = 0.333077
      pc13 = -0.0453316
      pc14 = -0.0278678
      pc15 = 0.00841299
      pc16 = -0.0294921
Constrained:
   Tgbecnw = 85789.7
     Tecnw = 22147.2
       Tnw = 15692.3
       Tec = 16234.7
     twoNb = 805927
     twoNc = 440386
     twoNw = 4.66837e+06
    twoNec = 58230.6
    twoNnw = 37227.9
  twoNecnw = 77257.8
  twoNbecnw = 4496.05
  twoNgbecnw = 281703
         m = 0.119028
        m2 = 0.0122955
        m4 = 0.0230636
        m6 = 1.10187e-06
        Tb = 19190.9
        Ta = 47195.5
        Td = 8117.34
        Tf = 7846.17
#       SitePat  BranchLen
              b 124640.5564406
              e 49215.6298517
              c 50419.5119599
              n 45976.2168453
              w 45976.2167725
            b:e 2117.6745075
            b:c 2470.1184150
            b:n 1736.3206119
            b:w 1736.3206067
            e:c 10414.6302128
            e:n 5265.0732406
            e:w 5265.0732222
            c:n 5091.5787049
            c:w 5091.5787776
            n:w 12639.0613190
          b:e:c 1996.0738935
          b:e:n 1074.9432116
          b:e:w 1074.9432059
          b:c:n 1083.8725597
          b:c:w 1083.8725650
          b:n:w 1964.7451438
          e:c:n 4690.5569508
          e:c:w 4690.5569693
          e:n:w 6169.9211341
          c:n:w 5665.0807613
        b:e:c:n 1998.5669948
        b:e:c:w 1998.5670005
        b:e:n:w 3338.6287682
        b:c:n:w 2616.2730908
        e:c:n:w 51620.6383138
