########################################
# legofit: estimate population history #
#       version 2.3.4-4-g53f8760       #
########################################

# Program was compiled: Sep 21 2021 14:36:42
# Program was run: Sat Sep 25 18:27:54 2021

# cmd: legofit -1 -d 0 -t 32 --ptsPerDim 3 --stateOut b1boot41.state --tol 3e-6 -S 5000 abdf2.lgo ../../boot/boot41.opf
# Stage nOptItr nSimReps
#     0    5000        0
# algorithm          : deterministic
# ignoring probs <=  : 0
# Branch length floor: 0
# DE strategy        : 2
#    F               : 0.3
#    CR              : 0.8
#    tolerance       : 3e-06
# nthreads           : 32
# lgo input file     : abdf2.lgo
# site pat input file: ../../boot/boot41.opf
# free parameters    : 16
# points in DE swarm : 48
# output state file  : b1boot41.state
# Including singleton site patterns.
# cost function      : KL
Initial parameter values
Fixed:
      zero = 0
       one = 1
    Tbecnw = 75200
Free:
       pc1 = 0
       pc2 = 0
       pc3 = 0
       pc4 = 0
       pc5 = 0
       pc6 = 0
       pc7 = 0
       pc8 = 0
       pc9 = 0
      pc10 = 0
      pc11 = 0
      pc12 = 0
      pc13 = 0
      pc14 = 0
      pc15 = 0
      pc16 = 0
Constrained:
   Tgbecnw = 101722
     Tecnw = 23046
       Tnw = 15675.8
       Tec = 18284.3
     twoNb = 705711
     twoNc = 280105
     twoNw = 4.31428e+06
    twoNec = 46401.7
    twoNnw = 43309.5
  twoNecnw = 82253.2
  twoNbecnw = 11281.1
  twoNgbecnw = 255986
         m = 0.149265
        m2 = 0.0118346
        m4 = 0.0236493
        m6 = 1.97284e-06
        Tb = 20665.1
        Ta = 47932.6
        Td = 9142.16
        Tf = 7837.89
DiffEv reached_goal. cost=1.89419e-03 spread=2.86706e-06
Fitted parameter values
Free:
       pc1 = -3.99325
       pc2 = -0.506714
       pc3 = -1.84308
       pc4 = -1.21845
       pc5 = -0.797408
       pc6 = 1.48548
       pc7 = 0.587687
       pc8 = 0.956512
       pc9 = -0.749106
      pc10 = 0.919343
      pc11 = -0.943269
      pc12 = 0.12425
      pc13 = -0.10726
      pc14 = -0.0166461
      pc15 = -0.00140656
      pc16 = 0.00469024
Constrained:
   Tgbecnw = 83526.3
     Tecnw = 21646.3
       Tnw = 16572.6
       Tec = 17182.3
     twoNb = 646322
     twoNc = 319410
     twoNw = 4.84181e+06
    twoNec = 43172.1
    twoNnw = 29278.3
  twoNecnw = 78720.6
  twoNbecnw = 3498.89
  twoNgbecnw = 292820
         m = 0.115542
        m2 = 0.0121548
        m4 = 0.0239364
        m6 = 3.51253e-06
        Tb = 19414.3
        Ta = 47307.2
        Td = 8591.15
        Tf = 8286.3
#       SitePat  BranchLen
              b 124231.9350840
              e 48995.7346838
              c 50219.7415977
              n 45857.3651010
              w 45857.3648697
            b:e 2118.7045339
            b:c 2506.0009733
            b:n 1737.8341781
            b:w 1737.8341612
            e:c 10423.9997613
            e:n 5268.2871732
            e:w 5268.2871135
            c:n 5087.3685867
            c:w 5087.3688181
            n:w 12592.8751235
          b:e:c 2008.8578610
          b:e:n 1076.0630536
          b:e:w 1076.0630350
          b:c:n 1086.6944405
          b:c:w 1086.6944574
          b:n:w 1972.8644218
          e:c:n 4670.8948715
          e:c:w 4670.8949312
          e:n:w 6147.1385472
          c:n:w 5620.4087604
        b:e:c:n 2013.5028354
        b:e:c:w 2013.5028539
        b:e:n:w 3364.6341130
        b:c:n:w 2620.6343218
        e:c:n:w 51535.2553960
