########################################
# legofit: estimate population history #
#       version 2.3.4-4-g53f8760       #
########################################

# Program was compiled: Sep 21 2021 14:36:42
# Program was run: Sat Sep 25 18:00:11 2021

# cmd: legofit -1 -d 0 -t 32 --ptsPerDim 3 --stateOut b1boot3.state --tol 3e-6 -S 5000 abdf2.lgo ../../boot/boot3.opf
# Stage nOptItr nSimReps
#     0    5000        0
# algorithm          : deterministic
# ignoring probs <=  : 0
# Branch length floor: 0
# DE strategy        : 2
#    F               : 0.3
#    CR              : 0.8
#    tolerance       : 3e-06
# nthreads           : 32
# lgo input file     : abdf2.lgo
# site pat input file: ../../boot/boot3.opf
# free parameters    : 16
# points in DE swarm : 48
# output state file  : b1boot3.state
# Including singleton site patterns.
# cost function      : KL
Initial parameter values
Fixed:
      zero = 0
       one = 1
    Tbecnw = 75200
Free:
       pc1 = 0
       pc2 = 0
       pc3 = 0
       pc4 = 0
       pc5 = 0
       pc6 = 0
       pc7 = 0
       pc8 = 0
       pc9 = 0
      pc10 = 0
      pc11 = 0
      pc12 = 0
      pc13 = 0
      pc14 = 0
      pc15 = 0
      pc16 = 0
Constrained:
   Tgbecnw = 101722
     Tecnw = 23046
       Tnw = 15675.8
       Tec = 18284.3
     twoNb = 705711
     twoNc = 280105
     twoNw = 4.31428e+06
    twoNec = 46401.7
    twoNnw = 43309.5
  twoNecnw = 82253.2
  twoNbecnw = 11281.1
  twoNgbecnw = 255986
         m = 0.149265
        m2 = 0.0118346
        m4 = 0.0236493
        m6 = 1.97284e-06
        Tb = 20665.1
        Ta = 47932.6
        Td = 9142.16
        Tf = 7837.89
DiffEv reached_goal. cost=1.90929e-03 spread=2.71391e-06
Fitted parameter values
Free:
       pc1 = -3.53801
       pc2 = -1.43554
       pc3 = -1.58403
       pc4 = -1.76886
       pc5 = -1.26646
       pc6 = 1.38529
       pc7 = 1.96013
       pc8 = 0.643468
       pc9 = -0.489823
      pc10 = 0.573671
      pc11 = -0.388145
      pc12 = 0.143066
      pc13 = -0.103578
      pc14 = -0.0301282
      pc15 = -0.00224301
      pc16 = 0.0167469
Constrained:
   Tgbecnw = 82558.3
     Tecnw = 21936.7
       Tnw = 15938.4
       Tec = 16835.5
     twoNb = 590232
     twoNc = 59334.4
     twoNw = 3.54866e+06
    twoNec = 49023.9
    twoNnw = 34989.8
  twoNecnw = 76513.3
  twoNbecnw = 3089.06
  twoNgbecnw = 300927
         m = 0.110724
        m2 = 0.0121619
        m4 = 0.0235393
        m6 = 1.03255e-06
        Tb = 19386.1
        Ta = 47293.1
        Td = 8417.75
        Tf = 7969.18
#       SitePat  BranchLen
              b 123950.4905521
              e 48758.6840122
              c 49949.8894407
              n 45698.1428612
              w 45698.1427713
            b:e 2125.3198138
            b:c 2519.1156863
            b:n 1746.9598460
            b:w 1746.9598394
            e:c 10375.9324590
            e:n 5238.6585678
            e:w 5238.6585448
            c:n 5060.3488514
            c:w 5060.3489412
            n:w 12495.9777846
          b:e:c 2011.8290810
          b:e:n 1079.2594809
          b:e:w 1079.2594737
          b:c:n 1090.6112909
          b:c:w 1090.6112974
          b:n:w 1974.3498575
          e:c:n 4691.7995378
          e:c:w 4691.7995608
          e:n:w 6144.8943422
          c:n:w 5618.1865011
        b:e:c:n 2020.7838824
        b:e:c:w 2020.7838896
        b:e:n:w 3342.0680295
        b:c:n:w 2617.6899890
        e:c:n:w 51596.3617310
