########################################
# legofit: estimate population history #
#       version 2.3.4-4-g53f8760       #
########################################

# Program was compiled: Sep 21 2021 14:36:42
# Program was run: Sat Sep 25 18:28:12 2021

# cmd: legofit -1 -d 0 -t 32 --ptsPerDim 3 --stateOut b1boot43.state --tol 3e-6 -S 5000 abdf2.lgo ../../boot/boot43.opf
# Stage nOptItr nSimReps
#     0    5000        0
# algorithm          : deterministic
# ignoring probs <=  : 0
# Branch length floor: 0
# DE strategy        : 2
#    F               : 0.3
#    CR              : 0.8
#    tolerance       : 3e-06
# nthreads           : 32
# lgo input file     : abdf2.lgo
# site pat input file: ../../boot/boot43.opf
# free parameters    : 16
# points in DE swarm : 48
# output state file  : b1boot43.state
# Including singleton site patterns.
# cost function      : KL
Initial parameter values
Fixed:
      zero = 0
       one = 1
    Tbecnw = 75200
Free:
       pc1 = 0
       pc2 = 0
       pc3 = 0
       pc4 = 0
       pc5 = 0
       pc6 = 0
       pc7 = 0
       pc8 = 0
       pc9 = 0
      pc10 = 0
      pc11 = 0
      pc12 = 0
      pc13 = 0
      pc14 = 0
      pc15 = 0
      pc16 = 0
Constrained:
   Tgbecnw = 101722
     Tecnw = 23046
       Tnw = 15675.8
       Tec = 18284.3
     twoNb = 705711
     twoNc = 280105
     twoNw = 4.31428e+06
    twoNec = 46401.7
    twoNnw = 43309.5
  twoNecnw = 82253.2
  twoNbecnw = 11281.1
  twoNgbecnw = 255986
         m = 0.149265
        m2 = 0.0118346
        m4 = 0.0236493
        m6 = 1.97284e-06
        Tb = 20665.1
        Ta = 47932.6
        Td = 9142.16
        Tf = 7837.89
DiffEv reached_goal. cost=1.92869e-03 spread=2.56080e-06
Fitted parameter values
Free:
       pc1 = -3.85536
       pc2 = -1.2547
       pc3 = -1.52376
       pc4 = -1.40016
       pc5 = -0.983285
       pc6 = 1.96368
       pc7 = -0.179404
       pc8 = 0.500746
       pc9 = -0.579553
      pc10 = 0.435397
      pc11 = -0.0595063
      pc12 = 0.173544
      pc13 = -0.0195068
      pc14 = 0.0186312
      pc15 = -0.00159528
      pc16 = 0.0175422
Constrained:
   Tgbecnw = 84350.2
     Tecnw = 21869.2
       Tnw = 15679.3
       Tec = 17715.1
     twoNb = 666060
     twoNc = 416190
     twoNw = 4.86089e+06
    twoNec = 39975.8
    twoNnw = 36111.7
  twoNecnw = 76594.7
  twoNbecnw = 3738.35
  twoNgbecnw = 315040
         m = 0.104372
        m2 = 0.0117472
        m4 = 0.023687
        m6 = 4.95003e-06
        Tb = 19792.1
        Ta = 47496.1
        Td = 8857.57
        Tf = 7839.67
#       SitePat  BranchLen
              b 123995.6631837
              e 48779.3265497
              c 50002.1074211
              n 45661.5224322
              w 45661.5221213
            b:e 2106.3442020
            b:c 2478.6133595
            b:n 1743.0321001
            b:w 1743.0320775
            e:c 10353.3530964
            e:n 5253.5746257
            e:w 5253.5745463
            c:n 5074.0140265
            c:w 5074.0143374
            n:w 12533.8835154
          b:e:c 2002.5173269
          b:e:n 1075.8590396
          b:e:w 1075.8590149
          b:c:n 1086.6135443
          b:c:w 1086.6135669
          b:n:w 1967.6269619
          e:c:n 4703.3025426
          e:c:w 4703.3026220
          e:n:w 6138.0796933
          c:n:w 5619.8417376
        b:e:c:n 2012.1054079
        b:e:c:w 2012.1054325
        b:e:n:w 3339.0491616
        b:c:n:w 2599.8485993
        e:c:n:w 51516.5300701
