########################################
# legofit: estimate population history #
#       version 2.3.4-4-g53f8760       #
########################################

# Program was compiled: Sep 21 2021 14:36:42
# Program was run: Sat Sep 25 18:04:34 2021

# cmd: legofit -1 -d 0 -t 32 --ptsPerDim 3 --stateOut b1boot13.state --tol 3e-6 -S 5000 abdf2.lgo ../../boot/boot13.opf
# Stage nOptItr nSimReps
#     0    5000        0
# algorithm          : deterministic
# ignoring probs <=  : 0
# Branch length floor: 0
# DE strategy        : 2
#    F               : 0.3
#    CR              : 0.8
#    tolerance       : 3e-06
# nthreads           : 32
# lgo input file     : abdf2.lgo
# site pat input file: ../../boot/boot13.opf
# free parameters    : 16
# points in DE swarm : 48
# output state file  : b1boot13.state
# Including singleton site patterns.
# cost function      : KL
Initial parameter values
Fixed:
      zero = 0
       one = 1
    Tbecnw = 75200
Free:
       pc1 = 0
       pc2 = 0
       pc3 = 0
       pc4 = 0
       pc5 = 0
       pc6 = 0
       pc7 = 0
       pc8 = 0
       pc9 = 0
      pc10 = 0
      pc11 = 0
      pc12 = 0
      pc13 = 0
      pc14 = 0
      pc15 = 0
      pc16 = 0
Constrained:
   Tgbecnw = 101722
     Tecnw = 23046
       Tnw = 15675.8
       Tec = 18284.3
     twoNb = 705711
     twoNc = 280105
     twoNw = 4.31428e+06
    twoNec = 46401.7
    twoNnw = 43309.5
  twoNecnw = 82253.2
  twoNbecnw = 11281.1
  twoNgbecnw = 255986
         m = 0.149265
        m2 = 0.0118346
        m4 = 0.0236493
        m6 = 1.97284e-06
        Tb = 20665.1
        Ta = 47932.6
        Td = 9142.16
        Tf = 7837.89
DiffEv reached_goal. cost=1.89527e-03 spread=2.29341e-06
Fitted parameter values
Free:
       pc1 = -3.85241
       pc2 = -1.32048
       pc3 = -1.22782
       pc4 = -1.84501
       pc5 = -0.782884
       pc6 = 1.22122
       pc7 = 0.684629
       pc8 = 1.65239
       pc9 = -0.693945
      pc10 = 0.266771
      pc11 = 0.464158
      pc12 = 0.365807
      pc13 = 0.0307047
      pc14 = -0.0124253
      pc15 = 0.0144775
      pc16 = -0.00496718
Constrained:
   Tgbecnw = 83439.8
     Tecnw = 21863.3
       Tnw = 15770.5
       Tec = 17968.4
     twoNb = 628774
     twoNc = 293039
     twoNw = 5.96244e+06
    twoNec = 37501.2
    twoNnw = 35375.5
  twoNecnw = 76494
  twoNbecnw = 3459.98
  twoNgbecnw = 296229
         m = 0.11273
        m2 = 0.0121774
        m4 = 0.0229981
        m6 = 2.30883e-06
        Tb = 19915.8
        Ta = 47557.9
        Td = 8984.21
        Tf = 7885.27
#       SitePat  BranchLen
              b 124138.8502693
              e 48774.4999105
              c 49952.0442564
              n 45609.5518644
              w 45609.5517458
            b:e 2107.5477983
            b:c 2482.7048657
            b:n 1731.3366622
            b:w 1731.3366536
            e:c 10331.3838817
            e:n 5240.1462340
            e:w 5240.1462037
            c:n 5065.8594296
            c:w 5065.8595481
            n:w 12534.6551421
          b:e:c 1993.0175270
          b:e:n 1068.6991830
          b:e:w 1068.6991736
          b:c:n 1079.1554705
          b:c:w 1079.1554791
          b:n:w 1958.0021569
          e:c:n 4694.3279037
          e:c:w 4694.3279341
          e:n:w 6144.8215382
          c:n:w 5631.6130843
        b:e:c:n 1997.9352662
        b:e:c:w 1997.9352755
        b:e:n:w 3309.2164110
        b:c:n:w 2597.3840470
        e:c:n:w 51678.2724058
