########################################
# legofit: estimate population history #
#       version 2.3.4-4-g53f8760       #
########################################

# Program was compiled: Sep 21 2021 14:36:42
# Program was run: Sat Sep 25 18:30:14 2021

# cmd: legofit -1 -d 0 -t 32 --ptsPerDim 3 --stateOut b1boot46.state --tol 3e-6 -S 5000 abdf2.lgo ../../boot/boot46.opf
# Stage nOptItr nSimReps
#     0    5000        0
# algorithm          : deterministic
# ignoring probs <=  : 0
# Branch length floor: 0
# DE strategy        : 2
#    F               : 0.3
#    CR              : 0.8
#    tolerance       : 3e-06
# nthreads           : 32
# lgo input file     : abdf2.lgo
# site pat input file: ../../boot/boot46.opf
# free parameters    : 16
# points in DE swarm : 48
# output state file  : b1boot46.state
# Including singleton site patterns.
# cost function      : KL
Initial parameter values
Fixed:
      zero = 0
       one = 1
    Tbecnw = 75200
Free:
       pc1 = 0
       pc2 = 0
       pc3 = 0
       pc4 = 0
       pc5 = 0
       pc6 = 0
       pc7 = 0
       pc8 = 0
       pc9 = 0
      pc10 = 0
      pc11 = 0
      pc12 = 0
      pc13 = 0
      pc14 = 0
      pc15 = 0
      pc16 = 0
Constrained:
   Tgbecnw = 101722
     Tecnw = 23046
       Tnw = 15675.8
       Tec = 18284.3
     twoNb = 705711
     twoNc = 280105
     twoNw = 4.31428e+06
    twoNec = 46401.7
    twoNnw = 43309.5
  twoNecnw = 82253.2
  twoNbecnw = 11281.1
  twoNgbecnw = 255986
         m = 0.149265
        m2 = 0.0118346
        m4 = 0.0236493
        m6 = 1.97284e-06
        Tb = 20665.1
        Ta = 47932.6
        Td = 9142.16
        Tf = 7837.89
DiffEv reached_goal. cost=1.83590e-03 spread=2.22215e-06
Fitted parameter values
Free:
       pc1 = -3.79383
       pc2 = -0.828712
       pc3 = -1.73331
       pc4 = -1.95309
       pc5 = -0.770653
       pc6 = 1.58821
       pc7 = 1.91986
       pc8 = 1.59081
       pc9 = -0.898874
      pc10 = 1.10015
      pc11 = -0.66893
      pc12 = 0.407027
      pc13 = 0.144122
      pc14 = -0.0325882
      pc15 = 0.00826857
      pc16 = -0.00857433
Constrained:
   Tgbecnw = 81372
     Tecnw = 21584.5
       Tnw = 16299.8
       Tec = 16935.2
     twoNb = 660862
     twoNc = 43957.3
     twoNw = 4.91769e+06
    twoNec = 45154.3
    twoNnw = 30537.6
  twoNecnw = 77003.8
  twoNbecnw = 2702.47
  twoNgbecnw = 274362
         m = 0.123371
        m2 = 0.0126971
        m4 = 0.0235846
        m6 = 1.87473e-06
        Tb = 19259.9
        Ta = 47229.9
        Td = 8467.62
        Tf = 8149.89
#       SitePat  BranchLen
              b 123933.5395785
              e 48634.0647153
              c 49837.0182762
              n 45478.8982652
              w 45478.8981462
            b:e 2121.9377698
            b:c 2509.6410758
            b:n 1730.1640342
            b:w 1730.1640254
            e:c 10363.3445447
            e:n 5252.8738719
            e:w 5252.8738411
            c:n 5074.3979371
            c:w 5074.3980561
            n:w 12527.7765222
          b:e:c 1997.0978287
          b:e:n 1071.0293111
          b:e:w 1071.0293015
          b:c:n 1081.4045403
          b:c:w 1081.4045490
          b:n:w 1961.4510675
          e:c:n 4686.5117816
          e:c:w 4686.5118125
          e:n:w 6186.2934279
          c:n:w 5655.1859538
        b:e:c:n 1999.2141181
        b:e:c:w 1999.2141276
        b:e:n:w 3340.1442960
        b:c:n:w 2616.7958120
        e:c:n:w 51582.0911915
