########################################
# legofit: estimate population history #
#       version 2.3.4-4-g53f8760       #
########################################

# Program was compiled: Sep 21 2021 14:36:42
# Program was run: Sat Sep 25 18:00:19 2021

# cmd: legofit -1 -d 0 -t 32 --ptsPerDim 3 --stateOut b1boot4.state --tol 3e-6 -S 5000 abdf2.lgo ../../boot/boot4.opf
# Stage nOptItr nSimReps
#     0    5000        0
# algorithm          : deterministic
# ignoring probs <=  : 0
# Branch length floor: 0
# DE strategy        : 2
#    F               : 0.3
#    CR              : 0.8
#    tolerance       : 3e-06
# nthreads           : 32
# lgo input file     : abdf2.lgo
# site pat input file: ../../boot/boot4.opf
# free parameters    : 16
# points in DE swarm : 48
# output state file  : b1boot4.state
# Including singleton site patterns.
# cost function      : KL
Initial parameter values
Fixed:
      zero = 0
       one = 1
    Tbecnw = 75200
Free:
       pc1 = 0
       pc2 = 0
       pc3 = 0
       pc4 = 0
       pc5 = 0
       pc6 = 0
       pc7 = 0
       pc8 = 0
       pc9 = 0
      pc10 = 0
      pc11 = 0
      pc12 = 0
      pc13 = 0
      pc14 = 0
      pc15 = 0
      pc16 = 0
Constrained:
   Tgbecnw = 101722
     Tecnw = 23046
       Tnw = 15675.8
       Tec = 18284.3
     twoNb = 705711
     twoNc = 280105
     twoNw = 4.31428e+06
    twoNec = 46401.7
    twoNnw = 43309.5
  twoNecnw = 82253.2
  twoNbecnw = 11281.1
  twoNgbecnw = 255986
         m = 0.149265
        m2 = 0.0118346
        m4 = 0.0236493
        m6 = 1.97284e-06
        Tb = 20665.1
        Ta = 47932.6
        Td = 9142.16
        Tf = 7837.89
DiffEv reached_goal. cost=1.91018e-03 spread=2.76037e-06
Fitted parameter values
Free:
       pc1 = -3.91746
       pc2 = -0.724027
       pc3 = -1.96905
       pc4 = -0.793777
       pc5 = -1.57159
       pc6 = 1.7839
       pc7 = 1.80029
       pc8 = -0.750783
       pc9 = 0.0328588
      pc10 = 0.471108
      pc11 = -0.553167
      pc12 = 0.0891328
      pc13 = -0.0754913
      pc14 = -0.0353712
      pc15 = -0.0109578
      pc16 = 0.0116729
Constrained:
   Tgbecnw = 83317.8
     Tecnw = 21952.6
       Tnw = 16475.6
       Tec = 17262.6
     twoNb = 596041
     twoNc = 64454.7
     twoNw = 2.04419e+06
    twoNec = 45484.7
    twoNnw = 31664.8
  twoNecnw = 76680.7
  twoNbecnw = 3378.31
  twoNgbecnw = 302509
         m = 0.110951
        m2 = 0.0112323
        m4 = 0.0242349
        m6 = 1.95675e-06
        Tb = 19607.6
        Ta = 47403.8
        Td = 8631.29
        Tf = 8237.79
#       SitePat  BranchLen
              b 124237.0210347
              e 48806.6286266
              c 50041.4465677
              n 45731.3319176
              w 45731.3316152
            b:e 2101.3187395
            b:c 2504.6306150
            b:n 1731.3650025
            b:w 1731.3649803
            e:c 10339.9170891
            e:n 5237.1243373
            e:w 5237.1242593
            c:n 5053.6687656
            c:w 5053.6690681
            n:w 12485.1811930
          b:e:c 1996.3833883
          b:e:n 1070.1744266
          b:e:w 1070.1744024
          b:c:n 1081.5982801
          b:c:w 1081.5983022
          b:n:w 1958.9850278
          e:c:n 4674.6279239
          e:c:w 4674.6280019
          e:n:w 6148.3936058
          c:n:w 5606.5208681
        b:e:c:n 2001.0569789
        b:e:c:w 2001.0570030
        b:e:n:w 3330.7749371
        b:c:n:w 2578.5805914
        e:c:n:w 51786.7003875
