########################################
# legofit: estimate population history #
#       version 2.3.4-4-g53f8760       #
########################################

# Program was compiled: Sep 21 2021 14:36:42
# Program was run: Sat Sep 25 18:24:53 2021

# cmd: legofit -1 -d 0 -t 32 --ptsPerDim 3 --stateOut b1boot39.state --tol 3e-6 -S 5000 abdf2.lgo ../../boot/boot39.opf
# Stage nOptItr nSimReps
#     0    5000        0
# algorithm          : deterministic
# ignoring probs <=  : 0
# Branch length floor: 0
# DE strategy        : 2
#    F               : 0.3
#    CR              : 0.8
#    tolerance       : 3e-06
# nthreads           : 32
# lgo input file     : abdf2.lgo
# site pat input file: ../../boot/boot39.opf
# free parameters    : 16
# points in DE swarm : 48
# output state file  : b1boot39.state
# Including singleton site patterns.
# cost function      : KL
Initial parameter values
Fixed:
      zero = 0
       one = 1
    Tbecnw = 75200
Free:
       pc1 = 0
       pc2 = 0
       pc3 = 0
       pc4 = 0
       pc5 = 0
       pc6 = 0
       pc7 = 0
       pc8 = 0
       pc9 = 0
      pc10 = 0
      pc11 = 0
      pc12 = 0
      pc13 = 0
      pc14 = 0
      pc15 = 0
      pc16 = 0
Constrained:
   Tgbecnw = 101722
     Tecnw = 23046
       Tnw = 15675.8
       Tec = 18284.3
     twoNb = 705711
     twoNc = 280105
     twoNw = 4.31428e+06
    twoNec = 46401.7
    twoNnw = 43309.5
  twoNecnw = 82253.2
  twoNbecnw = 11281.1
  twoNgbecnw = 255986
         m = 0.149265
        m2 = 0.0118346
        m4 = 0.0236493
        m6 = 1.97284e-06
        Tb = 20665.1
        Ta = 47932.6
        Td = 9142.16
        Tf = 7837.89
DiffEv reached_goal. cost=1.87650e-03 spread=2.75442e-06
Fitted parameter values
Free:
       pc1 = -3.45669
       pc2 = -2.54496
       pc3 = -1.99177
       pc4 = -1.58437
       pc5 = -1.74833
       pc6 = 1.89245
       pc7 = 1.40948
       pc8 = 1.68123
       pc9 = -0.675636
      pc10 = 0.282925
      pc11 = -0.10584
      pc12 = 0.314361
      pc13 = 0.00451292
      pc14 = -0.0106412
      pc15 = 0.0229153
      pc16 = 0.00114155
Constrained:
   Tgbecnw = 80622
     Tecnw = 21870.2
       Tnw = 15277.1
       Tec = 15513.4
     twoNb = 582081
     twoNc = 108969
     twoNw = 5.58549e+06
    twoNec = 62125.8
    twoNnw = 38268
  twoNecnw = 75373.6
  twoNbecnw = 2265.06
  twoNgbecnw = 308967
         m = 0.105502
        m2 = 0.0119308
        m4 = 0.0231271
        m6 = 2.42928e-06
        Tb = 18691.8
        Ta = 46945.9
        Td = 7756.7
        Tf = 7638.56
#       SitePat  BranchLen
              b 122980.6697441
              e 48387.4052776
              c 49545.7408746
              n 45296.8102719
              w 45296.8101428
            b:e 2105.2311051
            b:c 2490.9350258
            b:n 1725.7785603
            b:w 1725.7785509
            e:c 10319.3819181
            e:n 5206.0307266
            e:w 5206.0306939
            c:n 5031.2381758
            c:w 5031.2383049
            n:w 12457.7576281
          b:e:c 1989.9160972
          b:e:n 1068.7251518
          b:e:w 1068.7251416
          b:c:n 1080.3009994
          b:c:w 1080.3010087
          b:n:w 1950.6517310
          e:c:n 4657.7924523
          e:c:w 4657.7924851
          e:n:w 6115.9518974
          c:n:w 5600.6524462
        b:e:c:n 1997.2536602
        b:e:c:w 1997.2536704
        b:e:n:w 3290.8537857
        b:c:n:w 2588.5467065
        e:c:n:w 51072.5772295
