########################################
# legofit: estimate population history #
#       version 2.3.4-4-g53f8760       #
########################################

# Program was compiled: Sep 21 2021 14:36:42
# Program was run: Sat Sep 25 18:18:45 2021

# cmd: legofit -1 -d 0 -t 32 --ptsPerDim 3 --stateOut b1boot36.state --tol 3e-6 -S 5000 abdf2.lgo ../../boot/boot36.opf
# Stage nOptItr nSimReps
#     0    5000        0
# algorithm          : deterministic
# ignoring probs <=  : 0
# Branch length floor: 0
# DE strategy        : 2
#    F               : 0.3
#    CR              : 0.8
#    tolerance       : 3e-06
# nthreads           : 32
# lgo input file     : abdf2.lgo
# site pat input file: ../../boot/boot36.opf
# free parameters    : 16
# points in DE swarm : 48
# output state file  : b1boot36.state
# Including singleton site patterns.
# cost function      : KL
Initial parameter values
Fixed:
      zero = 0
       one = 1
    Tbecnw = 75200
Free:
       pc1 = 0
       pc2 = 0
       pc3 = 0
       pc4 = 0
       pc5 = 0
       pc6 = 0
       pc7 = 0
       pc8 = 0
       pc9 = 0
      pc10 = 0
      pc11 = 0
      pc12 = 0
      pc13 = 0
      pc14 = 0
      pc15 = 0
      pc16 = 0
Constrained:
   Tgbecnw = 101722
     Tecnw = 23046
       Tnw = 15675.8
       Tec = 18284.3
     twoNb = 705711
     twoNc = 280105
     twoNw = 4.31428e+06
    twoNec = 46401.7
    twoNnw = 43309.5
  twoNecnw = 82253.2
  twoNbecnw = 11281.1
  twoNgbecnw = 255986
         m = 0.149265
        m2 = 0.0118346
        m4 = 0.0236493
        m6 = 1.97284e-06
        Tb = 20665.1
        Ta = 47932.6
        Td = 9142.16
        Tf = 7837.89
DiffEv reached_goal. cost=1.91026e-03 spread=2.91938e-06
Fitted parameter values
Free:
       pc1 = -3.776
       pc2 = -1.83885
       pc3 = -1.26151
       pc4 = -1.81297
       pc5 = -1.58904
       pc6 = 1.73621
       pc7 = 1.20543
       pc8 = 0.767461
       pc9 = -0.55964
      pc10 = 0.324809
      pc11 = -0.295411
      pc12 = -0.00679146
      pc13 = -0.169592
      pc14 = -0.00695776
      pc15 = 0.00485938
      pc16 = 0.00316626
Constrained:
   Tgbecnw = 82220.5
     Tecnw = 21905.1
       Tnw = 15572.3
       Tec = 16859.1
     twoNb = 534180
     twoNc = 163070
     twoNw = 3.83501e+06
    twoNec = 48828.6
    twoNnw = 36844.1
  twoNecnw = 76450.3
  twoNbecnw = 2838.94
  twoNgbecnw = 325963
         m = 0.101452
        m2 = 0.0120108
        m4 = 0.0233062
        m6 = 2.95745e-06
        Tb = 19382.1
        Ta = 47291
        Td = 8429.54
        Tf = 7786.15
#       SitePat  BranchLen
              b 123561.4239942
              e 48670.3748200
              c 49837.7838097
              n 45561.9935169
              w 45561.9932834
            b:e 2101.7094992
            b:c 2497.6090149
            b:n 1723.9618690
            b:w 1723.9618521
            e:c 10309.9052396
            e:n 5212.5399129
            e:w 5212.5398538
            c:n 5036.0698148
            c:w 5036.0700483
            n:w 12478.3148973
          b:e:c 1990.0223095
          b:e:n 1066.8846231
          b:e:w 1066.8846047
          b:c:n 1078.9112992
          b:c:w 1078.9113161
          b:n:w 1950.1733398
          e:c:n 4646.5406515
          e:c:w 4646.5407106
          e:n:w 6091.7169556
          c:n:w 5574.1182056
        b:e:c:n 1999.0601351
        b:e:c:w 1999.0601535
        b:e:n:w 3310.3178290
        b:c:n:w 2593.4943692
        e:c:n:w 51418.2892383
