########################################
# legofit: estimate population history #
#       version 2.3.4-4-g53f8760       #
########################################

# Program was compiled: Sep 21 2021 14:36:42
# Program was run: Sat Sep 25 18:07:04 2021

# cmd: legofit -1 -d 0 -t 32 --ptsPerDim 3 --stateOut b1boot18.state --tol 3e-6 -S 5000 abdf2.lgo ../../boot/boot18.opf
# Stage nOptItr nSimReps
#     0    5000        0
# algorithm          : deterministic
# ignoring probs <=  : 0
# Branch length floor: 0
# DE strategy        : 2
#    F               : 0.3
#    CR              : 0.8
#    tolerance       : 3e-06
# nthreads           : 32
# lgo input file     : abdf2.lgo
# site pat input file: ../../boot/boot18.opf
# free parameters    : 16
# points in DE swarm : 48
# output state file  : b1boot18.state
# Including singleton site patterns.
# cost function      : KL
Initial parameter values
Fixed:
      zero = 0
       one = 1
    Tbecnw = 75200
Free:
       pc1 = 0
       pc2 = 0
       pc3 = 0
       pc4 = 0
       pc5 = 0
       pc6 = 0
       pc7 = 0
       pc8 = 0
       pc9 = 0
      pc10 = 0
      pc11 = 0
      pc12 = 0
      pc13 = 0
      pc14 = 0
      pc15 = 0
      pc16 = 0
Constrained:
   Tgbecnw = 101722
     Tecnw = 23046
       Tnw = 15675.8
       Tec = 18284.3
     twoNb = 705711
     twoNc = 280105
     twoNw = 4.31428e+06
    twoNec = 46401.7
    twoNnw = 43309.5
  twoNecnw = 82253.2
  twoNbecnw = 11281.1
  twoNgbecnw = 255986
         m = 0.149265
        m2 = 0.0118346
        m4 = 0.0236493
        m6 = 1.97284e-06
        Tb = 20665.1
        Ta = 47932.6
        Td = 9142.16
        Tf = 7837.89
DiffEv reached_goal. cost=1.91226e-03 spread=2.96567e-06
Fitted parameter values
Free:
       pc1 = -3.78415
       pc2 = -0.933941
       pc3 = -1.95321
       pc4 = -1.65785
       pc5 = -1.53262
       pc6 = 1.39319
       pc7 = 1.42507
       pc8 = 0.621023
       pc9 = -1.23844
      pc10 = 0.548736
      pc11 = -0.0240432
      pc12 = 0.350374
      pc13 = -0.0372107
      pc14 = -0.0347331
      pc15 = -0.00920929
      pc16 = 0.00917484
Constrained:
   Tgbecnw = 81796
     Tecnw = 21778.9
       Tnw = 16244.9
       Tec = 16941.6
     twoNb = 832867
     twoNc = 191483
     twoNw = 3.60379e+06
    twoNec = 46993.5
    twoNnw = 32113
  twoNecnw = 76738
  twoNbecnw = 2803.22
  twoNgbecnw = 293018
         m = 0.113689
        m2 = 0.0119472
        m4 = 0.0233726
        m6 = 2.00935e-06
        Tb = 19360.3
        Ta = 47280.1
        Td = 8470.82
        Tf = 8122.46
#       SitePat  BranchLen
              b 123742.4833124
              e 48689.2813418
              c 49910.2058435
              n 45585.0095640
              w 45585.0093900
            b:e 2103.9807309
            b:c 2452.7024649
            b:n 1737.9046294
            b:w 1737.9046166
            e:c 10347.0936500
            e:n 5239.5236327
            e:w 5239.5235879
            c:n 5064.1006903
            c:w 5064.1008643
            n:w 12479.5736810
          b:e:c 1999.0744141
          b:e:n 1075.3859593
          b:e:w 1075.3859454
          b:c:n 1084.9433690
          b:c:w 1084.9433818
          b:n:w 1966.5694686
          e:c:n 4680.1948374
          e:c:w 4680.1948823
          e:n:w 6122.1400728
          c:n:w 5616.7574839
        b:e:c:n 2007.7536807
        b:e:c:w 2007.7536947
        b:e:n:w 3339.9626265
        b:c:n:w 2607.4295147
        e:c:n:w 51416.9291742
