########################################
# legofit: estimate population history #
#       version 2.3.4-4-g53f8760       #
########################################

# Program was compiled: Sep 21 2021 14:36:42
# Program was run: Sat Sep 25 18:02:40 2021

# cmd: legofit -1 -d 0 -t 32 --ptsPerDim 3 --stateOut b1boot9.state --tol 3e-6 -S 5000 abdf2.lgo ../../boot/boot9.opf
# Stage nOptItr nSimReps
#     0    5000        0
# algorithm          : deterministic
# ignoring probs <=  : 0
# Branch length floor: 0
# DE strategy        : 2
#    F               : 0.3
#    CR              : 0.8
#    tolerance       : 3e-06
# nthreads           : 32
# lgo input file     : abdf2.lgo
# site pat input file: ../../boot/boot9.opf
# free parameters    : 16
# points in DE swarm : 48
# output state file  : b1boot9.state
# Including singleton site patterns.
# cost function      : KL
Initial parameter values
Fixed:
      zero = 0
       one = 1
    Tbecnw = 75200
Free:
       pc1 = 0
       pc2 = 0
       pc3 = 0
       pc4 = 0
       pc5 = 0
       pc6 = 0
       pc7 = 0
       pc8 = 0
       pc9 = 0
      pc10 = 0
      pc11 = 0
      pc12 = 0
      pc13 = 0
      pc14 = 0
      pc15 = 0
      pc16 = 0
Constrained:
   Tgbecnw = 101722
     Tecnw = 23046
       Tnw = 15675.8
       Tec = 18284.3
     twoNb = 705711
     twoNc = 280105
     twoNw = 4.31428e+06
    twoNec = 46401.7
    twoNnw = 43309.5
  twoNecnw = 82253.2
  twoNbecnw = 11281.1
  twoNgbecnw = 255986
         m = 0.149265
        m2 = 0.0118346
        m4 = 0.0236493
        m6 = 1.97284e-06
        Tb = 20665.1
        Ta = 47932.6
        Td = 9142.16
        Tf = 7837.89
DiffEv reached_goal. cost=1.90190e-03 spread=2.96342e-06
Fitted parameter values
Free:
       pc1 = -3.25279
       pc2 = -1.43201
       pc3 = -1.25052
       pc4 = -1.80631
       pc5 = -1.39613
       pc6 = 1.19095
       pc7 = 0.130255
       pc8 = 1.13127
       pc9 = -0.830217
      pc10 = 0.833289
      pc11 = -0.267062
      pc12 = 0.0110407
      pc13 = -0.210659
      pc14 = -0.0368847
      pc15 = 0.00701722
      pc16 = -0.00995476
Constrained:
   Tgbecnw = 84701.1
     Tecnw = 22072.5
       Tnw = 15840.5
       Tec = 16861.6
     twoNb = 615406
     twoNc = 425764
     twoNw = 4.53649e+06
    twoNec = 50587.1
    twoNnw = 36002.1
  twoNecnw = 77585.3
  twoNbecnw = 3930.44
  twoNgbecnw = 302894
         m = 0.11141
        m2 = 0.012329
        m4 = 0.0232286
        m6 = 4.007e-06
        Tb = 19467
        Ta = 47333.5
        Td = 8430.79
        Tf = 7920.23
#       SitePat  BranchLen
              b 124601.2313203
              e 49154.8071475
              c 50341.6737459
              n 45962.8826126
              w 45962.8823389
            b:e 2129.4814951
            b:c 2511.7958255
            b:n 1743.2954841
            b:w 1743.2954643
            e:c 10401.6830748
            e:n 5248.2723442
            e:w 5248.2722748
            c:n 5072.9595298
            c:w 5072.9598035
            n:w 12609.8172977
          b:e:c 2012.4372575
          b:e:n 1078.8502948
          b:e:w 1078.8502731
          b:c:n 1089.5109580
          b:c:w 1089.5109778
          b:n:w 1976.1241655
          e:c:n 4673.4819576
          e:c:w 4673.4820269
          e:n:w 6143.2655951
          c:n:w 5628.7024120
        b:e:c:n 2016.3202835
        b:e:c:w 2016.3203051
        b:e:n:w 3357.3556411
        b:c:n:w 2632.0415459
        e:c:n:w 51843.5417218
