########################################
# legofit: estimate population history #
#       version 2.3.4-4-g53f8760       #
########################################

# Program was compiled: Sep 21 2021 14:36:42
# Program was run: Sat Sep 25 18:31:01 2021

# cmd: legofit -1 -d 0 -t 32 --ptsPerDim 3 --stateOut b1boot48.state --tol 3e-6 -S 5000 abdf2.lgo ../../boot/boot48.opf
# Stage nOptItr nSimReps
#     0    5000        0
# algorithm          : deterministic
# ignoring probs <=  : 0
# Branch length floor: 0
# DE strategy        : 2
#    F               : 0.3
#    CR              : 0.8
#    tolerance       : 3e-06
# nthreads           : 32
# lgo input file     : abdf2.lgo
# site pat input file: ../../boot/boot48.opf
# free parameters    : 16
# points in DE swarm : 48
# output state file  : b1boot48.state
# Including singleton site patterns.
# cost function      : KL
Initial parameter values
Fixed:
      zero = 0
       one = 1
    Tbecnw = 75200
Free:
       pc1 = 0
       pc2 = 0
       pc3 = 0
       pc4 = 0
       pc5 = 0
       pc6 = 0
       pc7 = 0
       pc8 = 0
       pc9 = 0
      pc10 = 0
      pc11 = 0
      pc12 = 0
      pc13 = 0
      pc14 = 0
      pc15 = 0
      pc16 = 0
Constrained:
   Tgbecnw = 101722
     Tecnw = 23046
       Tnw = 15675.8
       Tec = 18284.3
     twoNb = 705711
     twoNc = 280105
     twoNw = 4.31428e+06
    twoNec = 46401.7
    twoNnw = 43309.5
  twoNecnw = 82253.2
  twoNbecnw = 11281.1
  twoNgbecnw = 255986
         m = 0.149265
        m2 = 0.0118346
        m4 = 0.0236493
        m6 = 1.97284e-06
        Tb = 20665.1
        Ta = 47932.6
        Td = 9142.16
        Tf = 7837.89
DiffEv reached_goal. cost=1.92239e-03 spread=2.75956e-06
Fitted parameter values
Free:
       pc1 = -3.91355
       pc2 = 0.239322
       pc3 = -1.42954
       pc4 = -0.515976
       pc5 = -1.80766
       pc6 = 1.62411
       pc7 = 0.825513
       pc8 = -0.701527
       pc9 = -0.341711
      pc10 = 0.866505
      pc11 = -0.82812
      pc12 = 0.182169
      pc13 = -0.0112799
      pc14 = -0.000471903
      pc15 = -0.0150968
      pc16 = 0.00768057
Constrained:
   Tgbecnw = 85916.1
     Tecnw = 21835
       Tnw = 17088.1
       Tec = 17637.1
     twoNb = 633717
     twoNc = 231684
     twoNw = 1.67848e+06
    twoNec = 41044.9
    twoNnw = 27189.2
  twoNecnw = 78530.6
  twoNbecnw = 4533.3
  twoNgbecnw = 285940
         m = 0.119065
        m2 = 0.0113139
        m4 = 0.0241318
        m6 = 4.57701e-06
        Tb = 19736.1
        Ta = 47468
        Td = 8818.57
        Tf = 8544.05
#       SitePat  BranchLen
              b 125156.6722112
              e 49227.0841528
              c 50468.8365096
              n 46060.7863738
              w 46060.7854822
            b:e 2139.0675286
            b:c 2538.7258252
            b:n 1756.7968780
            b:w 1756.7968117
            e:c 10447.0321421
            e:n 5301.0547967
            e:w 5301.0545640
            c:n 5117.7018890
            c:w 5117.7027806
            n:w 12642.7591195
          b:e:c 2028.5477522
          b:e:n 1086.9117686
          b:e:w 1086.9116962
          b:c:n 1097.4580982
          b:c:w 1097.4581645
          b:n:w 1992.4807614
          e:c:n 4714.7693086
          e:c:w 4714.7695414
          e:n:w 6225.5793795
          c:n:w 5683.4625589
        b:e:c:n 2027.5908316
        b:e:c:w 2027.5909040
        b:e:n:w 3374.2950183
        b:c:n:w 2620.6127607
        e:c:n:w 52085.6580847
