########################################
# legofit: estimate population history #
#       version 2.3.4-4-g53f8760       #
########################################

# Program was compiled: Sep 21 2021 14:36:42
# Program was run: Sat Sep 25 17:56:18 2021

# cmd: legofit -1 -d 0 -t 32 --ptsPerDim 3 --stateOut b1boot0.state --tol 3e-6 -S 5000 abdf2.lgo ../../boot/boot0.opf
# Stage nOptItr nSimReps
#     0    5000        0
# algorithm          : deterministic
# ignoring probs <=  : 0
# Branch length floor: 0
# DE strategy        : 2
#    F               : 0.3
#    CR              : 0.8
#    tolerance       : 3e-06
# nthreads           : 32
# lgo input file     : abdf2.lgo
# site pat input file: ../../boot/boot0.opf
# free parameters    : 16
# points in DE swarm : 48
# output state file  : b1boot0.state
# Including singleton site patterns.
# cost function      : KL
Initial parameter values
Fixed:
      zero = 0
       one = 1
    Tbecnw = 75200
Free:
       pc1 = 0
       pc2 = 0
       pc3 = 0
       pc4 = 0
       pc5 = 0
       pc6 = 0
       pc7 = 0
       pc8 = 0
       pc9 = 0
      pc10 = 0
      pc11 = 0
      pc12 = 0
      pc13 = 0
      pc14 = 0
      pc15 = 0
      pc16 = 0
Constrained:
   Tgbecnw = 101722
     Tecnw = 23046
       Tnw = 15675.8
       Tec = 18284.3
     twoNb = 705711
     twoNc = 280105
     twoNw = 4.31428e+06
    twoNec = 46401.7
    twoNnw = 43309.5
  twoNecnw = 82253.2
  twoNbecnw = 11281.1
  twoNgbecnw = 255986
         m = 0.149265
        m2 = 0.0118346
        m4 = 0.0236493
        m6 = 1.97284e-06
        Tb = 20665.1
        Ta = 47932.6
        Td = 9142.16
        Tf = 7837.89
DiffEv reached_goal. cost=1.90356e-03 spread=2.81634e-06
Fitted parameter values
Free:
       pc1 = -3.85824
       pc2 = -0.845843
       pc3 = -1.06084
       pc4 = -1.97136
       pc5 = -1.02803
       pc6 = 0.656145
       pc7 = 0.651487
       pc8 = 0.757552
       pc9 = -0.66427
      pc10 = 1.06153
      pc11 = -0.127258
      pc12 = 0.127507
      pc13 = -0.0455803
      pc14 = -0.00683707
      pc15 = -0.00662351
      pc16 = 0.00405066
Constrained:
   Tgbecnw = 84869.5
     Tecnw = 21957.2
       Tnw = 16486.3
       Tec = 17912.3
     twoNb = 587474
     twoNc = 402931
     twoNw = 3.78432e+06
    twoNec = 38722.2
    twoNnw = 31614.1
  twoNecnw = 76917.8
  twoNbecnw = 4048.6
  twoNgbecnw = 294850
         m = 0.113947
        m2 = 0.0124531
        m4 = 0.0233108
        m6 = 2.29628e-06
        Tb = 19934.8
        Ta = 47567.4
        Td = 8956.16
        Tf = 8243.16
#       SitePat  BranchLen
              b 124589.1680758
              e 48977.2667662
              c 50164.6814826
              n 45839.1151483
              w 45839.1149557
            b:e 2124.3993720
            b:c 2516.0205828
            b:n 1738.5030462
            b:w 1738.5030321
            e:c 10388.0157624
            e:n 5250.4316937
            e:w 5250.4316440
            c:n 5073.3763291
            c:w 5073.3765217
            n:w 12555.9736172
          b:e:c 2006.0034546
          b:e:n 1072.2113696
          b:e:w 1072.2113542
          b:c:n 1083.0047535
          b:c:w 1083.0047676
          b:n:w 1970.0282391
          e:c:n 4703.8172057
          e:c:w 4703.8172554
          e:n:w 6177.8858849
          c:n:w 5652.2536049
        b:e:c:n 2005.6914023
        b:e:c:w 2005.6914176
        b:e:n:w 3336.4626846
        b:c:n:w 2615.5824470
        e:c:n:w 51882.1491530
