########################################
# legofit: estimate population history #
#       version 2.3.4-4-g53f8760       #
########################################

# Program was compiled: Sep 21 2021 14:36:42
# Program was run: Sat Sep 25 18:25:29 2021

# cmd: legofit -1 -d 0 -t 32 --ptsPerDim 3 --stateOut b1boot40.state --tol 3e-6 -S 5000 abdf2.lgo ../../boot/boot40.opf
# Stage nOptItr nSimReps
#     0    5000        0
# algorithm          : deterministic
# ignoring probs <=  : 0
# Branch length floor: 0
# DE strategy        : 2
#    F               : 0.3
#    CR              : 0.8
#    tolerance       : 3e-06
# nthreads           : 32
# lgo input file     : abdf2.lgo
# site pat input file: ../../boot/boot40.opf
# free parameters    : 16
# points in DE swarm : 48
# output state file  : b1boot40.state
# Including singleton site patterns.
# cost function      : KL
Initial parameter values
Fixed:
      zero = 0
       one = 1
    Tbecnw = 75200
Free:
       pc1 = 0
       pc2 = 0
       pc3 = 0
       pc4 = 0
       pc5 = 0
       pc6 = 0
       pc7 = 0
       pc8 = 0
       pc9 = 0
      pc10 = 0
      pc11 = 0
      pc12 = 0
      pc13 = 0
      pc14 = 0
      pc15 = 0
      pc16 = 0
Constrained:
   Tgbecnw = 101722
     Tecnw = 23046
       Tnw = 15675.8
       Tec = 18284.3
     twoNb = 705711
     twoNc = 280105
     twoNw = 4.31428e+06
    twoNec = 46401.7
    twoNnw = 43309.5
  twoNecnw = 82253.2
  twoNbecnw = 11281.1
  twoNgbecnw = 255986
         m = 0.149265
        m2 = 0.0118346
        m4 = 0.0236493
        m6 = 1.97284e-06
        Tb = 20665.1
        Ta = 47932.6
        Td = 9142.16
        Tf = 7837.89
DiffEv reached_goal. cost=1.89778e-03 spread=2.33839e-06
Fitted parameter values
Free:
       pc1 = -3.83945
       pc2 = -0.828087
       pc3 = -0.812406
       pc4 = -1.63178
       pc5 = -1.0123
       pc6 = 1.8771
       pc7 = 0.709895
       pc8 = 0.629728
       pc9 = -0.517597
      pc10 = -0.0254204
      pc11 = -0.293037
      pc12 = 0.0957057
      pc13 = -0.133874
      pc14 = -0.00736266
      pc15 = -0.00526545
      pc16 = 0.0262972
Constrained:
   Tgbecnw = 84530.8
     Tecnw = 21772.3
       Tnw = 15645
       Tec = 18256.2
     twoNb = 576909
     twoNc = 189888
     twoNw = 4.06473e+06
    twoNec = 33337.6
    twoNnw = 36091
  twoNecnw = 78293.4
  twoNbecnw = 3791.89
  twoNgbecnw = 315237
         m = 0.107938
        m2 = 0.0119018
        m4 = 0.0234528
        m6 = 3.95088e-06
        Tb = 20014.3
        Ta = 47607.1
        Td = 9128.12
        Tf = 7822.52
#       SitePat  BranchLen
              b 124773.4928720
              e 48987.8236576
              c 50189.3749481
              n 45919.2962226
              w 45919.2959243
            b:e 2111.7494108
            b:c 2502.1627139
            b:n 1747.7212920
            b:w 1747.7212704
            e:c 10405.9723731
            e:n 5267.9231645
            e:w 5267.9230888
            c:n 5089.5152371
            c:w 5089.5155354
            n:w 12565.4335239
          b:e:c 2007.8276864
          b:e:n 1077.9404869
          b:e:w 1077.9404633
          b:c:n 1089.1529411
          b:c:w 1089.1529627
          b:n:w 1972.1050985
          e:c:n 4698.5339190
          e:c:w 4698.5339947
          e:n:w 6106.7144507
          c:n:w 5587.4472268
        b:e:c:n 2024.6177489
        b:e:c:w 2024.6177725
        b:e:n:w 3350.0241363
        b:c:n:w 2611.7170413
        e:c:n:w 52099.8019170
