########################################
# legofit: estimate population history #
#       version 2.3.4-4-g53f8760       #
########################################

# Program was compiled: Sep 21 2021 14:36:42
# Program was run: Sat Sep 25 18:07:14 2021

# cmd: legofit -1 -d 0 -t 32 --ptsPerDim 3 --stateOut b1boot20.state --tol 3e-6 -S 5000 abdf2.lgo ../../boot/boot20.opf
# Stage nOptItr nSimReps
#     0    5000        0
# algorithm          : deterministic
# ignoring probs <=  : 0
# Branch length floor: 0
# DE strategy        : 2
#    F               : 0.3
#    CR              : 0.8
#    tolerance       : 3e-06
# nthreads           : 32
# lgo input file     : abdf2.lgo
# site pat input file: ../../boot/boot20.opf
# free parameters    : 16
# points in DE swarm : 48
# output state file  : b1boot20.state
# Including singleton site patterns.
# cost function      : KL
Initial parameter values
Fixed:
      zero = 0
       one = 1
    Tbecnw = 75200
Free:
       pc1 = 0
       pc2 = 0
       pc3 = 0
       pc4 = 0
       pc5 = 0
       pc6 = 0
       pc7 = 0
       pc8 = 0
       pc9 = 0
      pc10 = 0
      pc11 = 0
      pc12 = 0
      pc13 = 0
      pc14 = 0
      pc15 = 0
      pc16 = 0
Constrained:
   Tgbecnw = 101722
     Tecnw = 23046
       Tnw = 15675.8
       Tec = 18284.3
     twoNb = 705711
     twoNc = 280105
     twoNw = 4.31428e+06
    twoNec = 46401.7
    twoNnw = 43309.5
  twoNecnw = 82253.2
  twoNbecnw = 11281.1
  twoNgbecnw = 255986
         m = 0.149265
        m2 = 0.0118346
        m4 = 0.0236493
        m6 = 1.97284e-06
        Tb = 20665.1
        Ta = 47932.6
        Td = 9142.16
        Tf = 7837.89
DiffEv reached_goal. cost=1.89859e-03 spread=2.89717e-06
Fitted parameter values
Free:
       pc1 = -3.24361
       pc2 = -1.99079
       pc3 = -1.67127
       pc4 = -1.63128
       pc5 = -1.76023
       pc6 = 1.80937
       pc7 = 1.10717
       pc8 = 1.26242
       pc9 = -0.81879
      pc10 = 0.531827
      pc11 = -0.0677109
      pc12 = 0.320292
      pc13 = 0.0228686
      pc14 = -0.0177279
      pc15 = -0.000189153
      pc16 = 0.0167194
Constrained:
   Tgbecnw = 82439.8
     Tecnw = 21949.8
       Tnw = 15509.3
       Tec = 16028.2
     twoNb = 649142
     twoNc = 165276
     twoNw = 4.71765e+06
    twoNec = 57736.8
    twoNnw = 37634.3
  twoNecnw = 75848.9
  twoNbecnw = 3029.53
  twoNgbecnw = 299849
         m = 0.110464
        m2 = 0.012012
        m4 = 0.0231705
        m6 = 3.33752e-06
        Tb = 18989
        Ta = 47094.5
        Td = 8014.1
        Tf = 7754.67
#       SitePat  BranchLen
              b 123655.6313070
              e 48600.0229318
              c 49783.0860929
              n 45523.4574306
              w 45523.4572171
            b:e 2089.1291686
            b:c 2462.8869854
            b:n 1717.7964496
            b:w 1717.7964343
            e:c 10326.7494244
            e:n 5222.7048043
            e:w 5222.7047501
            c:n 5047.6514591
            c:w 5047.6516726
            n:w 12450.9934220
          b:e:c 1972.3880699
          b:e:n 1062.5693340
          b:e:w 1062.5693173
          b:c:n 1073.1391318
          b:c:w 1073.1391471
          b:n:w 1937.1262009
          e:c:n 4667.5392072
          e:c:w 4667.5392614
          e:n:w 6111.4191218
          c:n:w 5598.6164741
        b:e:c:n 1983.2105923
        b:e:c:w 1983.2106090
        b:e:n:w 3290.5849073
        b:c:n:w 2575.5331090
        e:c:n:w 51394.3696558
