########################################
# legofit: estimate population history #
#       version 2.3.4-4-g53f8760       #
########################################

# Program was compiled: Sep 21 2021 14:36:42
# Program was run: Sat Sep 25 18:24:00 2021

# cmd: legofit -1 -d 0 -t 32 --ptsPerDim 3 --stateOut b1boot38.state --tol 3e-6 -S 5000 abdf2.lgo ../../boot/boot38.opf
# Stage nOptItr nSimReps
#     0    5000        0
# algorithm          : deterministic
# ignoring probs <=  : 0
# Branch length floor: 0
# DE strategy        : 2
#    F               : 0.3
#    CR              : 0.8
#    tolerance       : 3e-06
# nthreads           : 32
# lgo input file     : abdf2.lgo
# site pat input file: ../../boot/boot38.opf
# free parameters    : 16
# points in DE swarm : 48
# output state file  : b1boot38.state
# Including singleton site patterns.
# cost function      : KL
Initial parameter values
Fixed:
      zero = 0
       one = 1
    Tbecnw = 75200
Free:
       pc1 = 0
       pc2 = 0
       pc3 = 0
       pc4 = 0
       pc5 = 0
       pc6 = 0
       pc7 = 0
       pc8 = 0
       pc9 = 0
      pc10 = 0
      pc11 = 0
      pc12 = 0
      pc13 = 0
      pc14 = 0
      pc15 = 0
      pc16 = 0
Constrained:
   Tgbecnw = 101722
     Tecnw = 23046
       Tnw = 15675.8
       Tec = 18284.3
     twoNb = 705711
     twoNc = 280105
     twoNw = 4.31428e+06
    twoNec = 46401.7
    twoNnw = 43309.5
  twoNecnw = 82253.2
  twoNbecnw = 11281.1
  twoNgbecnw = 255986
         m = 0.149265
        m2 = 0.0118346
        m4 = 0.0236493
        m6 = 1.97284e-06
        Tb = 20665.1
        Ta = 47932.6
        Td = 9142.16
        Tf = 7837.89
DiffEv reached_goal. cost=1.88469e-03 spread=2.13663e-06
Fitted parameter values
Free:
       pc1 = -3.71223
       pc2 = -0.0426605
       pc3 = -1.74835
       pc4 = -1.09361
       pc5 = -1.13982
       pc6 = 1.61063
       pc7 = -0.240132
       pc8 = -0.00895035
       pc9 = -0.538866
      pc10 = 0.961392
      pc11 = -0.169562
      pc12 = 0.146845
      pc13 = -0.0762786
      pc14 = -0.0598546
      pc15 = -0.0155381
      pc16 = 0.0044835
Constrained:
   Tgbecnw = 85155.9
     Tecnw = 21999.4
       Tnw = 16579.9
       Tec = 18108.5
     twoNb = 753583
     twoNc = 480364
     twoNw = 3.69454e+06
    twoNec = 37665.9
    twoNnw = 31289.5
  twoNecnw = 77880.1
  twoNbecnw = 4234.71
  twoNgbecnw = 281641
         m = 0.12141
        m2 = 0.0116621
        m4 = 0.023989
        m6 = 5.14957e-06
        Tb = 20054
        Ta = 47627
        Td = 9054.27
        Tf = 8289.93
#       SitePat  BranchLen
              b 125041.8684663
              e 49206.4103806
              c 50460.9036589
              n 46039.0428109
              w 46039.0423643
            b:e 2110.1619939
            b:c 2485.2772765
            b:n 1739.6947781
            b:w 1739.6947455
            e:c 10386.1203502
            e:n 5268.6756170
            e:w 5268.6755020
            c:n 5087.8581664
            c:w 5087.8586130
            n:w 12587.8510817
          b:e:c 2002.1828917
          b:e:n 1074.7058846
          b:e:w 1074.7058491
          b:c:n 1084.2241769
          b:c:w 1084.2242095
          b:n:w 1970.2353514
          e:c:n 4696.7056672
          e:c:w 4696.7057822
          e:n:w 6170.1211076
          c:n:w 5640.4909504
        b:e:c:n 2005.4849643
        b:e:c:w 2005.4849998
        b:e:n:w 3358.4316533
        b:c:n:w 2601.0506044
        e:c:n:w 52052.8556858
