########################################
# legofit: estimate population history #
#       version 2.3.4-4-g53f8760       #
########################################

# Program was compiled: Sep 21 2021 14:36:42
# Program was run: Sat Sep 25 18:01:04 2021

# cmd: legofit -1 -d 0 -t 32 --ptsPerDim 3 --stateOut b1boot6.state --tol 3e-6 -S 5000 abdf2.lgo ../../boot/boot6.opf
# Stage nOptItr nSimReps
#     0    5000        0
# algorithm          : deterministic
# ignoring probs <=  : 0
# Branch length floor: 0
# DE strategy        : 2
#    F               : 0.3
#    CR              : 0.8
#    tolerance       : 3e-06
# nthreads           : 32
# lgo input file     : abdf2.lgo
# site pat input file: ../../boot/boot6.opf
# free parameters    : 16
# points in DE swarm : 48
# output state file  : b1boot6.state
# Including singleton site patterns.
# cost function      : KL
Initial parameter values
Fixed:
      zero = 0
       one = 1
    Tbecnw = 75200
Free:
       pc1 = 0
       pc2 = 0
       pc3 = 0
       pc4 = 0
       pc5 = 0
       pc6 = 0
       pc7 = 0
       pc8 = 0
       pc9 = 0
      pc10 = 0
      pc11 = 0
      pc12 = 0
      pc13 = 0
      pc14 = 0
      pc15 = 0
      pc16 = 0
Constrained:
   Tgbecnw = 101722
     Tecnw = 23046
       Tnw = 15675.8
       Tec = 18284.3
     twoNb = 705711
     twoNc = 280105
     twoNw = 4.31428e+06
    twoNec = 46401.7
    twoNnw = 43309.5
  twoNecnw = 82253.2
  twoNbecnw = 11281.1
  twoNgbecnw = 255986
         m = 0.149265
        m2 = 0.0118346
        m4 = 0.0236493
        m6 = 1.97284e-06
        Tb = 20665.1
        Ta = 47932.6
        Td = 9142.16
        Tf = 7837.89
DiffEv reached_goal. cost=1.88252e-03 spread=2.50597e-06
Fitted parameter values
Free:
       pc1 = -3.9488
       pc2 = 0.328445
       pc3 = -1.45228
       pc4 = -0.158524
       pc5 = -0.824426
       pc6 = 1.00449
       pc7 = 0.957849
       pc8 = 1.7068
       pc9 = -0.758186
      pc10 = 0.265785
      pc11 = -0.0618561
      pc12 = 0.361398
      pc13 = -0.0406023
      pc14 = -0.0472339
      pc15 = -0.00477993
      pc16 = 0.011372
Constrained:
   Tgbecnw = 85675.4
     Tecnw = 21736.6
       Tnw = 17303.2
       Tec = 18003.9
     twoNb = 688991
     twoNc = 172136
     twoNw = 6.21422e+06
    twoNec = 36314.5
    twoNnw = 25580.4
  twoNecnw = 80247.8
  twoNbecnw = 4536.17
  twoNgbecnw = 268094
         m = 0.131203
        m2 = 0.0115767
        m4 = 0.0233649
        m6 = 2.53617e-06
        Tb = 19870.3
        Ta = 47535.1
        Td = 9001.96
        Tf = 8651.62
#       SitePat  BranchLen
              b 125788.0276733
              e 49464.4238220
              c 50676.8142491
              n 46320.9551386
              w 46320.9550028
            b:e 2136.6053573
            b:c 2521.2717994
            b:n 1755.6705412
            b:w 1755.6705312
            e:c 10490.4383639
            e:n 5318.4437429
            e:w 5318.4437075
            c:n 5141.3923115
            c:w 5141.3924473
            n:w 12660.7033417
          b:e:c 2022.6350759
          b:e:n 1086.3463083
          b:e:w 1086.3462973
          b:c:n 1095.6712711
          b:c:w 1095.6712812
          b:n:w 1989.8572533
          e:c:n 4711.8340640
          e:c:w 4711.8340994
          e:n:w 6193.6185283
          c:n:w 5669.0263386
        b:e:c:n 2028.3444632
        b:e:c:w 2028.3444742
        b:e:n:w 3362.8075092
        b:c:n:w 2625.7951986
        e:c:n:w 52418.5997728
