########################################
# legofit: estimate population history #
#       version 2.3.4-4-g53f8760       #
########################################

# Program was compiled: Sep 21 2021 14:36:42
# Program was run: Thu Sep 23 12:25:56 2021

# cmd: legofit -1 -d 0 -t 32 --ptsPerDim 3 --stateOut b1boot20.state --tol 3e-6 -S 5000 ade2.lgo ../../boot/boot20.opf
# Stage nOptItr nSimReps
#     0    5000        0
# algorithm          : deterministic
# ignoring probs <=  : 0
# Branch length floor: 0
# DE strategy        : 2
#    F               : 0.3
#    CR              : 0.8
#    tolerance       : 3e-06
# nthreads           : 32
# lgo input file     : ade2.lgo
# site pat input file: ../../boot/boot20.opf
# free parameters    : 16
# points in DE swarm : 48
# output state file  : b1boot20.state
# Including singleton site patterns.
# cost function      : KL
Initial parameter values
Fixed:
      zero = 0
       one = 1
    Tbecnw = 75200
Free:
       pc1 = 0
       pc2 = 0
       pc3 = 0
       pc4 = 0
       pc5 = 0
       pc6 = 0
       pc7 = 0
       pc8 = 0
       pc9 = 0
      pc10 = 0
      pc11 = 0
      pc12 = 0
      pc13 = 0
      pc14 = 0
      pc15 = 0
      pc16 = 0
Constrained:
   Tgbecnw = 98427.3
     Tecnw = 24632.7
       Tnw = 18492.2
       Tec = 9572.29
     twoNb = 1.33313e+06
     twoNe = 908243
     twoNc = 1.04111e+06
     twoNw = 2.24868e+06
    twoNec = 150458
    twoNnw = 30394.8
  twoNecnw = 83865.2
  twoNbecnw = 10612
  twoNgbecnw = 227003
         m = 0.168229
        m4 = 0.0185779
        m5 = 0.107147
        Ta = 37600
        Td = 4786.14
        Te = 2393.07
DiffEv reached_goal. cost=1.88042e-03 spread=2.62785e-06
Fitted parameter values
Free:
       pc1 = 2.2838
       pc2 = 0.803575
       pc3 = -2.8991
       pc4 = -1.88475
       pc5 = 1.54488
       pc6 = -0.624885
       pc7 = -0.549889
       pc8 = 1.66522
       pc9 = -0.468293
      pc10 = 0.11292
      pc11 = -0.636136
      pc12 = 0.136087
      pc13 = 0.191273
      pc14 = -0.0387432
      pc15 = 0.030583
      pc16 = -0.0158092
Constrained:
   Tgbecnw = 83730.5
     Tecnw = 23680.1
       Tnw = 17872.2
       Tec = 6416.14
     twoNb = 1.28302e+06
     twoNe = 1.9854e+06
     twoNc = 1.4023e+06
     twoNw = 3.20296e+06
    twoNec = 176432
    twoNnw = 28665.6
  twoNecnw = 77222.2
  twoNbecnw = 3780.64
  twoNgbecnw = 271952
         m = 0.124269
        m4 = 0.0188663
        m5 = 0.0978115
        Ta = 37600
        Td = 3208.07
        Te = 1604.03
#       SitePat  BranchLen
              b 125247.5684743
              e 48748.7352564
              c 50999.6418196
              n 46096.8241357
              w 46076.1050237
            b:e 2073.1833440
            b:c 2473.1828061
            b:n 1780.0619177
            b:w 1778.6218314
            e:c 10482.4427593
            e:n 5445.9347559
            e:w 5466.6538679
            c:n 4971.1241079
            c:w 4966.3923237
            n:w 12678.1928761
          b:e:c 2076.4323514
          b:e:n 1126.0566586
          b:e:w 1127.4967448
          b:c:n 1138.3132662
          b:c:w 1136.7348373
          b:n:w 2036.1095878
          e:c:n 4577.6967668
          e:c:w 4582.4285509
          e:n:w 6482.5801476
          c:n:w 5534.1193149
        b:e:c:n 2046.9831340
        b:e:c:w 2048.5615629
        b:e:n:w 3120.0572157
        b:c:n:w 2371.1892314
        e:c:n:w 52175.3101310
