########################################
# legofit: estimate population history #
#       version 2.3.4-4-g53f8760       #
########################################

# Program was compiled: Sep 21 2021 14:36:42
# Program was run: Thu Sep 23 12:25:42 2021

# cmd: legofit -1 -d 0 -t 32 --ptsPerDim 3 --stateOut b1boot16.state --tol 3e-6 -S 5000 ade2.lgo ../../boot/boot16.opf
# Stage nOptItr nSimReps
#     0    5000        0
# algorithm          : deterministic
# ignoring probs <=  : 0
# Branch length floor: 0
# DE strategy        : 2
#    F               : 0.3
#    CR              : 0.8
#    tolerance       : 3e-06
# nthreads           : 32
# lgo input file     : ade2.lgo
# site pat input file: ../../boot/boot16.opf
# free parameters    : 16
# points in DE swarm : 48
# output state file  : b1boot16.state
# Including singleton site patterns.
# cost function      : KL
Initial parameter values
Fixed:
      zero = 0
       one = 1
    Tbecnw = 75200
Free:
       pc1 = 0
       pc2 = 0
       pc3 = 0
       pc4 = 0
       pc5 = 0
       pc6 = 0
       pc7 = 0
       pc8 = 0
       pc9 = 0
      pc10 = 0
      pc11 = 0
      pc12 = 0
      pc13 = 0
      pc14 = 0
      pc15 = 0
      pc16 = 0
Constrained:
   Tgbecnw = 98427.3
     Tecnw = 24632.7
       Tnw = 18492.2
       Tec = 9572.29
     twoNb = 1.33313e+06
     twoNe = 908243
     twoNc = 1.04111e+06
     twoNw = 2.24868e+06
    twoNec = 150458
    twoNnw = 30394.8
  twoNecnw = 83865.2
  twoNbecnw = 10612
  twoNgbecnw = 227003
         m = 0.168229
        m4 = 0.0185779
        m5 = 0.107147
        Ta = 37600
        Td = 4786.14
        Te = 2393.07
DiffEv reached_goal. cost=1.84100e-03 spread=2.92345e-06
Fitted parameter values
Free:
       pc1 = 1.34462
       pc2 = 1.54866
       pc3 = -1.64727
       pc4 = -1.95703
       pc5 = 1.23112
       pc6 = -0.429785
       pc7 = 0.383331
       pc8 = 1.00653
       pc9 = -0.766135
      pc10 = -0.197918
      pc11 = 0.518339
      pc12 = -0.0760287
      pc13 = 0.0258989
      pc14 = -0.0189347
      pc15 = 0.0140416
      pc16 = -0.00477239
Constrained:
   Tgbecnw = 85362.4
     Tecnw = 23729
       Tnw = 18075.4
       Tec = 7893.6
     twoNb = 1.70314e+06
     twoNe = 1.69786e+06
     twoNc = 2.03639e+06
     twoNw = 2.82166e+06
    twoNec = 158412
    twoNnw = 27629.2
  twoNecnw = 80457.5
  twoNbecnw = 4779.8
  twoNgbecnw = 236290
         m = 0.151531
        m4 = 0.0193991
        m5 = 0.106431
        Ta = 37600
        Td = 3946.8
        Te = 1973.4
#       SitePat  BranchLen
              b 127061.7414465
              e 49420.4607077
              c 51862.0367548
              n 46696.2994396
              w 46670.7258782
            b:e 2109.0376806
            b:c 2539.2278424
            b:n 1813.4331423
            b:w 1811.6398927
            e:c 10609.7266735
            e:n 5546.9691489
            e:w 5572.5427103
            c:n 5028.6039769
            c:w 5022.7589642
            n:w 12926.6921862
          b:e:c 2119.1210783
          b:e:n 1147.5412498
          b:e:w 1149.3344994
          b:c:n 1159.3956831
          b:c:w 1157.4306582
          b:n:w 2079.6654919
          e:c:n 4622.5527691
          e:c:w 4628.3977819
          e:n:w 6614.1942086
          c:n:w 5579.5322706
        b:e:c:n 2085.2103839
        b:e:c:w 2087.1754089
        b:e:n:w 3201.0807315
        b:c:n:w 2412.1743499
        e:c:n:w 53019.8649438
