########################################
# legofit: estimate population history #
#       version 2.3.4-4-g53f8760       #
########################################

# Program was compiled: Sep 21 2021 14:36:42
# Program was run: Thu Sep 23 12:26:27 2021

# cmd: legofit -1 -d 0 -t 32 --ptsPerDim 3 --stateOut b1boot31.state --tol 3e-6 -S 5000 ade2.lgo ../../boot/boot31.opf
# Stage nOptItr nSimReps
#     0    5000        0
# algorithm          : deterministic
# ignoring probs <=  : 0
# Branch length floor: 0
# DE strategy        : 2
#    F               : 0.3
#    CR              : 0.8
#    tolerance       : 3e-06
# nthreads           : 32
# lgo input file     : ade2.lgo
# site pat input file: ../../boot/boot31.opf
# free parameters    : 16
# points in DE swarm : 48
# output state file  : b1boot31.state
# Including singleton site patterns.
# cost function      : KL
Initial parameter values
Fixed:
      zero = 0
       one = 1
    Tbecnw = 75200
Free:
       pc1 = 0
       pc2 = 0
       pc3 = 0
       pc4 = 0
       pc5 = 0
       pc6 = 0
       pc7 = 0
       pc8 = 0
       pc9 = 0
      pc10 = 0
      pc11 = 0
      pc12 = 0
      pc13 = 0
      pc14 = 0
      pc15 = 0
      pc16 = 0
Constrained:
   Tgbecnw = 98427.3
     Tecnw = 24632.7
       Tnw = 18492.2
       Tec = 9572.29
     twoNb = 1.33313e+06
     twoNe = 908243
     twoNc = 1.04111e+06
     twoNw = 2.24868e+06
    twoNec = 150458
    twoNnw = 30394.8
  twoNecnw = 83865.2
  twoNbecnw = 10612
  twoNgbecnw = 227003
         m = 0.168229
        m4 = 0.0185779
        m5 = 0.107147
        Ta = 37600
        Td = 4786.14
        Te = 2393.07
DiffEv reached_goal. cost=1.86528e-03 spread=2.74152e-06
Fitted parameter values
Free:
       pc1 = 3.57196
       pc2 = 1.87487
       pc3 = -2.51934
       pc4 = -1.99585
       pc5 = 1.34871
       pc6 = 0.247997
       pc7 = 0.359074
       pc8 = 1.79105
       pc9 = -0.180632
      pc10 = -0.485733
      pc11 = -0.105454
      pc12 = 0.0108189
      pc13 = 0.0671043
      pc14 = -0.0205773
      pc15 = -0.00427118
      pc16 = 0.00256744
Constrained:
   Tgbecnw = 80836
     Tecnw = 23560.4
       Tnw = 16557.4
       Tec = 4800.74
     twoNb = 2.02284e+06
     twoNe = 2.36835e+06
     twoNc = 1.23334e+06
     twoNw = 2.36833e+06
    twoNec = 195957
    twoNnw = 34991
  twoNecnw = 77662.9
  twoNbecnw = 2625.21
  twoNgbecnw = 252232
         m = 0.136071
        m4 = 0.0196118
        m5 = 0.0972531
        Ta = 37600
        Td = 2400.37
        Te = 1200.18
#       SitePat  BranchLen
              b 124924.7508709
              e 48669.4979585
              c 50975.7215959
              n 45968.7230221
              w 45941.9637024
            b:e 2091.7723458
            b:c 2489.2132031
            b:n 1796.5231975
            b:w 1794.6765082
            e:c 10469.9900389
            e:n 5472.3011819
            e:w 5499.0605016
            c:n 4989.8729969
            c:w 4983.8606763
            n:w 12730.5017854
          b:e:c 2086.7840527
          b:e:n 1141.3162492
          b:e:w 1143.1629385
          b:c:n 1153.4760499
          b:c:w 1151.4497241
          b:n:w 2046.5568930
          e:c:n 4574.9375200
          e:c:w 4580.9498406
          e:n:w 6485.4856792
          c:n:w 5530.4005352
        b:e:c:n 2070.1415126
        b:e:c:w 2072.1678384
        b:e:n:w 3168.7293186
        b:c:n:w 2397.3310349
        e:c:n:w 52001.7551178
