########################################
# legofit: estimate population history #
#       version 2.3.4-4-g53f8760       #
########################################

# Program was compiled: Sep 21 2021 14:36:42
# Program was run: Thu Sep 23 12:26:10 2021

# cmd: legofit -1 -d 0 -t 32 --ptsPerDim 3 --stateOut b1boot27.state --tol 3e-6 -S 5000 ade2.lgo ../../boot/boot27.opf
# Stage nOptItr nSimReps
#     0    5000        0
# algorithm          : deterministic
# ignoring probs <=  : 0
# Branch length floor: 0
# DE strategy        : 2
#    F               : 0.3
#    CR              : 0.8
#    tolerance       : 3e-06
# nthreads           : 32
# lgo input file     : ade2.lgo
# site pat input file: ../../boot/boot27.opf
# free parameters    : 16
# points in DE swarm : 48
# output state file  : b1boot27.state
# Including singleton site patterns.
# cost function      : KL
Initial parameter values
Fixed:
      zero = 0
       one = 1
    Tbecnw = 75200
Free:
       pc1 = 0
       pc2 = 0
       pc3 = 0
       pc4 = 0
       pc5 = 0
       pc6 = 0
       pc7 = 0
       pc8 = 0
       pc9 = 0
      pc10 = 0
      pc11 = 0
      pc12 = 0
      pc13 = 0
      pc14 = 0
      pc15 = 0
      pc16 = 0
Constrained:
   Tgbecnw = 98427.3
     Tecnw = 24632.7
       Tnw = 18492.2
       Tec = 9572.29
     twoNb = 1.33313e+06
     twoNe = 908243
     twoNc = 1.04111e+06
     twoNw = 2.24868e+06
    twoNec = 150458
    twoNnw = 30394.8
  twoNecnw = 83865.2
  twoNbecnw = 10612
  twoNgbecnw = 227003
         m = 0.168229
        m4 = 0.0185779
        m5 = 0.107147
        Ta = 37600
        Td = 4786.14
        Te = 2393.07
DiffEv reached_goal. cost=1.87117e-03 spread=2.96787e-06
Fitted parameter values
Free:
       pc1 = 2.08428
       pc2 = 1.89781
       pc3 = -2.68824
       pc4 = -1.99839
       pc5 = 0.641884
       pc6 = 0.309298
       pc7 = -0.00086684
       pc8 = 1.84193
       pc9 = -0.755288
      pc10 = -0.0415202
      pc11 = 0.275015
      pc12 = 0.145417
      pc13 = 0.268934
      pc14 = 0.0694264
      pc15 = 0.0122247
      pc16 = 0.0124454
Constrained:
   Tgbecnw = 82288.8
     Tecnw = 23540.5
       Tnw = 18475
       Tec = 7348.28
     twoNb = 1.88464e+06
     twoNe = 1.57467e+06
     twoNc = 1.01126e+06
     twoNw = 2.68143e+06
    twoNec = 166802
    twoNnw = 24847.1
  twoNecnw = 79568.8
  twoNbecnw = 3280.58
  twoNgbecnw = 251200
         m = 0.140891
        m4 = 0.0197984
        m5 = 0.0987637
        Ta = 37600
        Td = 3674.14
        Te = 1837.07
#       SitePat  BranchLen
              b 126034.0683402
              e 49124.1082579
              c 51466.2524332
              n 46388.0790300
              w 46362.5907627
            b:e 2105.4782045
            b:c 2516.3641652
            b:n 1802.5062878
            b:w 1800.7056692
            e:c 10485.4513005
            e:n 5480.5301927
            e:w 5506.0184600
            c:n 4996.5981700
            c:w 4990.7548440
            n:w 12759.8414514
          b:e:c 2110.7804870
          b:e:n 1144.8847159
          b:e:w 1146.6853345
          b:c:n 1157.0255283
          b:c:w 1155.0475751
          b:n:w 2069.4287198
          e:c:n 4568.2072240
          e:c:w 4574.0505500
          e:n:w 6525.4874939
          c:n:w 5545.1099169
        b:e:c:n 2080.6403797
        b:e:c:w 2082.6183329
        b:e:n:w 3210.5621824
        b:c:n:w 2416.6018230
        e:c:n:w 52687.8950156
