########################################
# legofit: estimate population history #
#       version 2.3.4-4-g53f8760       #
########################################

# Program was compiled: Sep 21 2021 14:36:42
# Program was run: Thu Sep 23 12:25:52 2021

# cmd: legofit -1 -d 0 -t 32 --ptsPerDim 3 --stateOut b1boot19.state --tol 3e-6 -S 5000 ade2.lgo ../../boot/boot19.opf
# Stage nOptItr nSimReps
#     0    5000        0
# algorithm          : deterministic
# ignoring probs <=  : 0
# Branch length floor: 0
# DE strategy        : 2
#    F               : 0.3
#    CR              : 0.8
#    tolerance       : 3e-06
# nthreads           : 32
# lgo input file     : ade2.lgo
# site pat input file: ../../boot/boot19.opf
# free parameters    : 16
# points in DE swarm : 48
# output state file  : b1boot19.state
# Including singleton site patterns.
# cost function      : KL
Initial parameter values
Fixed:
      zero = 0
       one = 1
    Tbecnw = 75200
Free:
       pc1 = 0
       pc2 = 0
       pc3 = 0
       pc4 = 0
       pc5 = 0
       pc6 = 0
       pc7 = 0
       pc8 = 0
       pc9 = 0
      pc10 = 0
      pc11 = 0
      pc12 = 0
      pc13 = 0
      pc14 = 0
      pc15 = 0
      pc16 = 0
Constrained:
   Tgbecnw = 98427.3
     Tecnw = 24632.7
       Tnw = 18492.2
       Tec = 9572.29
     twoNb = 1.33313e+06
     twoNe = 908243
     twoNc = 1.04111e+06
     twoNw = 2.24868e+06
    twoNec = 150458
    twoNnw = 30394.8
  twoNecnw = 83865.2
  twoNbecnw = 10612
  twoNgbecnw = 227003
         m = 0.168229
        m4 = 0.0185779
        m5 = 0.107147
        Ta = 37600
        Td = 4786.14
        Te = 2393.07
DiffEv reached_goal. cost=1.88782e-03 spread=2.86266e-06
Fitted parameter values
Free:
       pc1 = 1.32201
       pc2 = 1.21147
       pc3 = -2.51468
       pc4 = -1.91818
       pc5 = 1.92417
       pc6 = -0.516429
       pc7 = 0.320653
       pc8 = 1.94252
       pc9 = -0.937329
      pc10 = 0.0417575
      pc11 = -0.4918
      pc12 = 0.0859772
      pc13 = 0.206112
      pc14 = -0.0107046
      pc15 = 0.0207806
      pc16 = -0.0104726
Constrained:
   Tgbecnw = 85064
     Tecnw = 23621
       Tnw = 18726.6
       Tec = 7591.94
     twoNb = 1.66906e+06
     twoNe = 2.24623e+06
     twoNc = 2.4281e+06
     twoNw = 3.45205e+06
    twoNec = 162945
    twoNnw = 23845.5
  twoNecnw = 79074.9
  twoNbecnw = 4450.12
  twoNgbecnw = 259352
         m = 0.133975
        m4 = 0.0189939
        m5 = 0.0995816
        Ta = 37600
        Td = 3795.97
        Te = 1897.98
#       SitePat  BranchLen
              b 126299.9354100
              e 49145.7203077
              c 51457.6407467
              n 46425.5429071
              w 46405.3930248
            b:e 2103.0781901
            b:c 2503.9243761
            b:n 1800.6260258
            b:w 1799.2020889
            e:c 10553.7363865
            e:n 5488.0897941
            e:w 5508.2396763
            c:n 5005.0481236
            c:w 5000.3968171
            n:w 12800.9961433
          b:e:c 2110.1215800
          b:e:n 1139.7081073
          b:e:w 1141.1320441
          b:c:n 1151.2495599
          b:c:w 1149.6889109
          b:n:w 2069.8036188
          e:c:n 4599.5881153
          e:c:w 4604.2394218
          e:n:w 6553.1280058
          c:n:w 5580.3486184
        b:e:c:n 2071.3861013
        b:e:c:w 2072.9467503
        b:e:n:w 3174.8007215
        b:c:n:w 2405.5993601
        e:c:n:w 52727.2879772
