########################################
# legofit: estimate population history #
#       version 2.3.4-4-g53f8760       #
########################################

# Program was compiled: Sep 21 2021 14:36:42
# Program was run: Thu Sep 23 12:26:43 2021

# cmd: legofit -1 -d 0 -t 32 --ptsPerDim 3 --stateOut b1boot39.state --tol 3e-6 -S 5000 ade2.lgo ../../boot/boot39.opf
# Stage nOptItr nSimReps
#     0    5000        0
# algorithm          : deterministic
# ignoring probs <=  : 0
# Branch length floor: 0
# DE strategy        : 2
#    F               : 0.3
#    CR              : 0.8
#    tolerance       : 3e-06
# nthreads           : 32
# lgo input file     : ade2.lgo
# site pat input file: ../../boot/boot39.opf
# free parameters    : 16
# points in DE swarm : 48
# output state file  : b1boot39.state
# Including singleton site patterns.
# cost function      : KL
Initial parameter values
Fixed:
      zero = 0
       one = 1
    Tbecnw = 75200
Free:
       pc1 = 0
       pc2 = 0
       pc3 = 0
       pc4 = 0
       pc5 = 0
       pc6 = 0
       pc7 = 0
       pc8 = 0
       pc9 = 0
      pc10 = 0
      pc11 = 0
      pc12 = 0
      pc13 = 0
      pc14 = 0
      pc15 = 0
      pc16 = 0
Constrained:
   Tgbecnw = 98427.3
     Tecnw = 24632.7
       Tnw = 18492.2
       Tec = 9572.29
     twoNb = 1.33313e+06
     twoNe = 908243
     twoNc = 1.04111e+06
     twoNw = 2.24868e+06
    twoNec = 150458
    twoNnw = 30394.8
  twoNecnw = 83865.2
  twoNbecnw = 10612
  twoNgbecnw = 227003
         m = 0.168229
        m4 = 0.0185779
        m5 = 0.107147
        Ta = 37600
        Td = 4786.14
        Te = 2393.07
DiffEv reached_goal. cost=1.86021e-03 spread=2.91092e-06
Fitted parameter values
Free:
       pc1 = 2.53652
       pc2 = 1.84063
       pc3 = -3.14556
       pc4 = -1.96097
       pc5 = 1.67829
       pc6 = -1.09152
       pc7 = 0.45157
       pc8 = 1.89046
       pc9 = -0.875048
      pc10 = 0.144596
      pc11 = 0.276157
      pc12 = 0.0916233
      pc13 = 0.235891
      pc14 = -0.00117882
      pc15 = 0.0498582
      pc16 = -0.00283063
Constrained:
   Tgbecnw = 80624.2
     Tecnw = 23592.7
       Tnw = 17784.9
       Tec = 7857.15
     twoNb = 1.59336e+06
     twoNe = 2.64868e+06
     twoNc = 1.94999e+06
     twoNw = 3.259e+06
    twoNec = 155972
    twoNnw = 28575.5
  twoNecnw = 76862.3
  twoNbecnw = 2481.08
  twoNgbecnw = 263083
         m = 0.127819
        m4 = 0.0199433
        m5 = 0.100652
        Ta = 37600
        Td = 3928.58
        Te = 1964.29
#       SitePat  BranchLen
              b 124430.7531909
              e 48514.3831534
              c 50855.0807046
              n 45898.9854625
              w 45878.7793868
            b:e 2077.6878267
            b:c 2487.4646222
            b:n 1790.4779140
            b:w 1789.0541159
            e:c 10449.2820117
            e:n 5424.0508010
            e:w 5444.2568766
            c:n 4933.4301812
            c:w 4928.7962874
            n:w 12653.1289010
          b:e:c 2094.9159690
          b:e:n 1130.5916014
          b:e:w 1132.0153995
          b:c:n 1143.1847885
          b:c:w 1141.6220136
          b:n:w 2054.3030388
          e:c:n 4573.4840345
          e:c:w 4578.1179282
          e:n:w 6483.5306798
          c:n:w 5500.4954253
        b:e:c:n 2063.0101972
        b:e:c:w 2064.5729721
        b:e:n:w 3164.7844294
        b:c:n:w 2381.2264260
        e:c:n:w 51750.9809437
