########################################
# legofit: estimate population history #
#       version 2.3.4-4-g53f8760       #
########################################

# Program was compiled: Sep 21 2021 14:36:42
# Program was run: Thu Sep 23 12:25:42 2021

# cmd: legofit -1 -d 0 -t 32 --ptsPerDim 3 --stateOut b1boot17.state --tol 3e-6 -S 5000 ade2.lgo ../../boot/boot17.opf
# Stage nOptItr nSimReps
#     0    5000        0
# algorithm          : deterministic
# ignoring probs <=  : 0
# Branch length floor: 0
# DE strategy        : 2
#    F               : 0.3
#    CR              : 0.8
#    tolerance       : 3e-06
# nthreads           : 32
# lgo input file     : ade2.lgo
# site pat input file: ../../boot/boot17.opf
# free parameters    : 16
# points in DE swarm : 48
# output state file  : b1boot17.state
# Including singleton site patterns.
# cost function      : KL
Initial parameter values
Fixed:
      zero = 0
       one = 1
    Tbecnw = 75200
Free:
       pc1 = 0
       pc2 = 0
       pc3 = 0
       pc4 = 0
       pc5 = 0
       pc6 = 0
       pc7 = 0
       pc8 = 0
       pc9 = 0
      pc10 = 0
      pc11 = 0
      pc12 = 0
      pc13 = 0
      pc14 = 0
      pc15 = 0
      pc16 = 0
Constrained:
   Tgbecnw = 98427.3
     Tecnw = 24632.7
       Tnw = 18492.2
       Tec = 9572.29
     twoNb = 1.33313e+06
     twoNe = 908243
     twoNc = 1.04111e+06
     twoNw = 2.24868e+06
    twoNec = 150458
    twoNnw = 30394.8
  twoNecnw = 83865.2
  twoNbecnw = 10612
  twoNgbecnw = 227003
         m = 0.168229
        m4 = 0.0185779
        m5 = 0.107147
        Ta = 37600
        Td = 4786.14
        Te = 2393.07
DiffEv reached_goal. cost=1.89839e-03 spread=2.98128e-06
Fitted parameter values
Free:
       pc1 = 2.43772
       pc2 = 1.64789
       pc3 = -3.34467
       pc4 = -1.98724
       pc5 = 1.84941
       pc6 = -0.358686
       pc7 = 0.354168
       pc8 = 1.70082
       pc9 = -1.23828
      pc10 = -0.00545985
      pc11 = 0.127052
      pc12 = -0.00752222
      pc13 = 0.114269
      pc14 = -0.0808407
      pc15 = 0.0483356
      pc16 = -0.0177512
Constrained:
   Tgbecnw = 81520.6
     Tecnw = 23437.7
       Tnw = 18066
       Tec = 6838.44
     twoNb = 1.66071e+06
     twoNe = 2.15252e+06
     twoNc = 2.3888e+06
     twoNw = 2.93639e+06
    twoNec = 166419
    twoNnw = 26241.4
  twoNecnw = 76798.2
  twoNbecnw = 2853.86
  twoNgbecnw = 268212
         m = 0.123724
        m4 = 0.019861
        m5 = 0.0989082
        Ta = 37600
        Td = 3419.22
        Te = 1709.61
#       SitePat  BranchLen
              b 124310.3883824
              e 48408.2094538
              c 50730.5756738
              n 45781.0928578
              w 45758.3871236
            b:e 2076.5117689
            b:c 2478.5696146
            b:n 1782.6402558
            b:w 1781.0421812
            e:c 10491.4502819
            e:n 5426.6159986
            e:w 5449.3217328
            c:n 4944.6810336
            c:w 4939.4501212
            n:w 12673.5808891
          b:e:c 2089.7910805
          b:e:n 1126.0716735
          b:e:w 1127.6697481
          b:c:n 1138.6471064
          b:c:w 1136.8945251
          b:n:w 2049.0226225
          e:c:n 4576.2868999
          e:c:w 4581.5178123
          e:n:w 6506.8347149
          c:n:w 5531.1445003
        b:e:c:n 2051.2878012
        b:e:c:w 2053.0403825
        b:e:n:w 3155.4307776
        b:c:n:w 2376.7029953
        e:c:n:w 51613.6710870
