########################################
# legofit: estimate population history #
#       version 2.3.4-4-g53f8760       #
########################################

# Program was compiled: Sep 21 2021 14:36:42
# Program was run: Thu Sep 23 12:25:56 2021

# cmd: legofit -1 -d 0 -t 32 --ptsPerDim 3 --stateOut b1boot22.state --tol 3e-6 -S 5000 ade2.lgo ../../boot/boot22.opf
# Stage nOptItr nSimReps
#     0    5000        0
# algorithm          : deterministic
# ignoring probs <=  : 0
# Branch length floor: 0
# DE strategy        : 2
#    F               : 0.3
#    CR              : 0.8
#    tolerance       : 3e-06
# nthreads           : 32
# lgo input file     : ade2.lgo
# site pat input file: ../../boot/boot22.opf
# free parameters    : 16
# points in DE swarm : 48
# output state file  : b1boot22.state
# Including singleton site patterns.
# cost function      : KL
Initial parameter values
Fixed:
      zero = 0
       one = 1
    Tbecnw = 75200
Free:
       pc1 = 0
       pc2 = 0
       pc3 = 0
       pc4 = 0
       pc5 = 0
       pc6 = 0
       pc7 = 0
       pc8 = 0
       pc9 = 0
      pc10 = 0
      pc11 = 0
      pc12 = 0
      pc13 = 0
      pc14 = 0
      pc15 = 0
      pc16 = 0
Constrained:
   Tgbecnw = 98427.3
     Tecnw = 24632.7
       Tnw = 18492.2
       Tec = 9572.29
     twoNb = 1.33313e+06
     twoNe = 908243
     twoNc = 1.04111e+06
     twoNw = 2.24868e+06
    twoNec = 150458
    twoNnw = 30394.8
  twoNecnw = 83865.2
  twoNbecnw = 10612
  twoNgbecnw = 227003
         m = 0.168229
        m4 = 0.0185779
        m5 = 0.107147
        Ta = 37600
        Td = 4786.14
        Te = 2393.07
DiffEv reached_goal. cost=1.87736e-03 spread=2.85698e-06
Fitted parameter values
Free:
       pc1 = 3.5791
       pc2 = 1.36232
       pc3 = -1.97951
       pc4 = -1.95208
       pc5 = 1.96912
       pc6 = -0.651624
       pc7 = 0.307972
       pc8 = 1.94231
       pc9 = -1.67057
      pc10 = -0.131644
      pc11 = 0.0352826
      pc12 = 0.0599797
      pc13 = 0.151785
      pc14 = 0.0318766
      pc15 = -0.0174226
      pc16 = 0.0222297
Constrained:
   Tgbecnw = 81006.1
     Tecnw = 23886.8
       Tnw = 16717.5
       Tec = 4174.6
     twoNb = 1.64412e+06
     twoNe = 2.07359e+06
     twoNc = 2.63904e+06
     twoNw = 3.42155e+06
    twoNec = 205822
    twoNnw = 35707.9
  twoNecnw = 76862.7
  twoNbecnw = 2751.02
  twoNgbecnw = 245151
         m = 0.141346
        m4 = 0.0200358
        m5 = 0.0980593
        Ta = 37600
        Td = 2087.3
        Te = 1043.65
#       SitePat  BranchLen
              b 125348.3418567
              e 48794.1206036
              c 51116.2330470
              n 46110.3584996
              w 46091.2207352
            b:e 2102.6129763
            b:c 2523.7813989
            b:n 1804.0313337
            b:w 1802.7092934
            e:c 10481.6912392
            e:n 5465.7536395
            e:w 5484.8914039
            c:n 4975.6792580
            c:w 4971.3946028
            n:w 12718.9523590
          b:e:c 2096.5490602
          b:e:n 1145.7974560
          b:e:w 1147.1194963
          b:c:n 1157.7942436
          b:c:w 1156.3449287
          b:n:w 2055.8541774
          e:c:n 4584.5430308
          e:c:w 4588.8276860
          e:n:w 6522.7465113
          c:n:w 5544.5408161
        b:e:c:n 2076.0183568
        b:e:c:w 2077.4676717
        b:e:n:w 3188.7960499
        b:c:n:w 2406.0694498
        e:c:n:w 52332.3529597
