########################################
# legofit: estimate population history #
#       version 2.3.4-4-g53f8760       #
########################################

# Program was compiled: Sep 21 2021 14:36:42
# Program was run: Thu Sep 23 12:26:10 2021

# cmd: legofit -1 -d 0 -t 32 --ptsPerDim 3 --stateOut b1boot25.state --tol 3e-6 -S 5000 ade2.lgo ../../boot/boot25.opf
# Stage nOptItr nSimReps
#     0    5000        0
# algorithm          : deterministic
# ignoring probs <=  : 0
# Branch length floor: 0
# DE strategy        : 2
#    F               : 0.3
#    CR              : 0.8
#    tolerance       : 3e-06
# nthreads           : 32
# lgo input file     : ade2.lgo
# site pat input file: ../../boot/boot25.opf
# free parameters    : 16
# points in DE swarm : 48
# output state file  : b1boot25.state
# Including singleton site patterns.
# cost function      : KL
Initial parameter values
Fixed:
      zero = 0
       one = 1
    Tbecnw = 75200
Free:
       pc1 = 0
       pc2 = 0
       pc3 = 0
       pc4 = 0
       pc5 = 0
       pc6 = 0
       pc7 = 0
       pc8 = 0
       pc9 = 0
      pc10 = 0
      pc11 = 0
      pc12 = 0
      pc13 = 0
      pc14 = 0
      pc15 = 0
      pc16 = 0
Constrained:
   Tgbecnw = 98427.3
     Tecnw = 24632.7
       Tnw = 18492.2
       Tec = 9572.29
     twoNb = 1.33313e+06
     twoNe = 908243
     twoNc = 1.04111e+06
     twoNw = 2.24868e+06
    twoNec = 150458
    twoNnw = 30394.8
  twoNecnw = 83865.2
  twoNbecnw = 10612
  twoNgbecnw = 227003
         m = 0.168229
        m4 = 0.0185779
        m5 = 0.107147
        Ta = 37600
        Td = 4786.14
        Te = 2393.07
DiffEv reached_goal. cost=1.88141e-03 spread=2.98602e-06
Fitted parameter values
Free:
       pc1 = 2.52166
       pc2 = 0.330749
       pc3 = -2.58617
       pc4 = -1.99601
       pc5 = 1.96644
       pc6 = -0.458211
       pc7 = 0.209666
       pc8 = 1.92968
       pc9 = -1.59512
      pc10 = 0.0653476
      pc11 = 0.143547
      pc12 = 0.178596
      pc13 = 0.294028
      pc14 = -0.0133184
      pc15 = -0.0306496
      pc16 = 0.00938636
Constrained:
   Tgbecnw = 84135.8
     Tecnw = 23915.5
       Tnw = 18306.7
       Tec = 4306.96
     twoNb = 1.52396e+06
     twoNe = 1.80338e+06
     twoNc = 2.55249e+06
     twoNw = 3.53181e+06
    twoNec = 206345
    twoNnw = 27139.9
  twoNecnw = 76884.9
  twoNbecnw = 3951.69
  twoNgbecnw = 272277
         m = 0.123169
        m4 = 0.0196877
        m5 = 0.100009
        Ta = 37600
        Td = 2153.48
        Te = 1076.74
#       SitePat  BranchLen
              b 125108.2740074
              e 48883.0730654
              c 51222.4705517
              n 46145.0047534
              w 46124.6131183
            b:e 2081.2736688
            b:c 2488.4706327
            b:n 1769.8597821
            b:w 1768.4507240
            e:c 10459.9819956
            e:n 5436.9036940
            e:w 5457.2953291
            c:n 4948.0975642
            c:w 4943.4813591
            n:w 12698.6428356
          b:e:c 2076.6678394
          b:e:n 1125.2270617
          b:e:w 1126.6361199
          b:c:n 1137.4761032
          b:c:w 1135.9321224
          b:n:w 2034.7210095
          e:c:n 4536.4752189
          e:c:w 4541.0914240
          e:n:w 6533.3537188
          c:n:w 5549.6966609
        b:e:c:n 2034.8261368
        b:e:c:w 2036.3701175
        b:e:n:w 3160.7534791
        b:c:n:w 2378.8908508
        e:c:n:w 51973.9010780
