########################################
# legofit: estimate population history #
#       version 2.3.4-4-g53f8760       #
########################################

# Program was compiled: Sep 21 2021 14:36:42
# Program was run: Thu Sep 23 12:26:49 2021

# cmd: legofit -1 -d 0 -t 32 --ptsPerDim 3 --stateOut b1boot42.state --tol 3e-6 -S 5000 ade2.lgo ../../boot/boot42.opf
# Stage nOptItr nSimReps
#     0    5000        0
# algorithm          : deterministic
# ignoring probs <=  : 0
# Branch length floor: 0
# DE strategy        : 2
#    F               : 0.3
#    CR              : 0.8
#    tolerance       : 3e-06
# nthreads           : 32
# lgo input file     : ade2.lgo
# site pat input file: ../../boot/boot42.opf
# free parameters    : 16
# points in DE swarm : 48
# output state file  : b1boot42.state
# Including singleton site patterns.
# cost function      : KL
Initial parameter values
Fixed:
      zero = 0
       one = 1
    Tbecnw = 75200
Free:
       pc1 = 0
       pc2 = 0
       pc3 = 0
       pc4 = 0
       pc5 = 0
       pc6 = 0
       pc7 = 0
       pc8 = 0
       pc9 = 0
      pc10 = 0
      pc11 = 0
      pc12 = 0
      pc13 = 0
      pc14 = 0
      pc15 = 0
      pc16 = 0
Constrained:
   Tgbecnw = 98427.3
     Tecnw = 24632.7
       Tnw = 18492.2
       Tec = 9572.29
     twoNb = 1.33313e+06
     twoNe = 908243
     twoNc = 1.04111e+06
     twoNw = 2.24868e+06
    twoNec = 150458
    twoNnw = 30394.8
  twoNecnw = 83865.2
  twoNbecnw = 10612
  twoNgbecnw = 227003
         m = 0.168229
        m4 = 0.0185779
        m5 = 0.107147
        Ta = 37600
        Td = 4786.14
        Te = 2393.07
DiffEv reached_goal. cost=1.88725e-03 spread=2.86836e-06
Fitted parameter values
Free:
       pc1 = 2.94378
       pc2 = 1.16352
       pc3 = -3.2628
       pc4 = -1.9821
       pc5 = 1.63659
       pc6 = -0.271324
       pc7 = 0.0751816
       pc8 = 1.91097
       pc9 = -1.62404
      pc10 = -0.179019
      pc11 = -0.0200606
      pc12 = 0.168316
      pc13 = 0.219507
      pc14 = -0.052871
      pc15 = 0.0483574
      pc16 = -0.0167177
Constrained:
   Tgbecnw = 81709.2
     Tecnw = 23556.5
       Tnw = 17722.3
       Tec = 5206.53
     twoNb = 1.60405e+06
     twoNe = 1.74549e+06
     twoNc = 2.23873e+06
     twoNw = 3.20796e+06
    twoNec = 187965
    twoNnw = 28611.3
  twoNecnw = 76760.8
  twoNbecnw = 2872.23
  twoNgbecnw = 277257
         m = 0.121132
        m4 = 0.020011
        m5 = 0.0967107
        Ta = 37600
        Td = 2603.27
        Te = 1301.63
#       SitePat  BranchLen
              b 124528.3121432
              e 48454.8513966
              c 50759.7781342
              n 45810.0185638
              w 45789.4226408
            b:e 2051.1755783
            b:c 2449.7707772
            b:n 1756.6699189
            b:w 1755.2530514
            e:c 10458.4359988
            e:n 5406.3767270
            e:w 5426.9726501
            c:n 4928.4447134
            c:w 4923.7741869
            n:w 12643.0738205
          b:e:c 2057.2378100
          b:e:n 1112.8076850
          b:e:w 1114.2245525
          b:c:n 1125.1427125
          b:c:w 1123.5880220
          b:n:w 2016.2968003
          e:c:n 4530.4292389
          e:c:w 4535.0997654
          e:n:w 6451.9076045
          c:n:w 5493.8227131
        b:e:c:n 2023.4578831
        b:e:c:w 2025.0125737
        b:e:n:w 3135.5464354
        b:c:n:w 2349.5410827
        e:c:n:w 51840.5014143
