########################################
# legofit: estimate population history #
#       version 2.3.4-4-g53f8760       #
########################################

# Program was compiled: Sep 21 2021 14:36:42
# Program was run: Thu Sep 23 12:25:42 2021

# cmd: legofit -1 -d 0 -t 32 --ptsPerDim 3 --stateOut b1boot13.state --tol 3e-6 -S 5000 ade2.lgo ../../boot/boot13.opf
# Stage nOptItr nSimReps
#     0    5000        0
# algorithm          : deterministic
# ignoring probs <=  : 0
# Branch length floor: 0
# DE strategy        : 2
#    F               : 0.3
#    CR              : 0.8
#    tolerance       : 3e-06
# nthreads           : 32
# lgo input file     : ade2.lgo
# site pat input file: ../../boot/boot13.opf
# free parameters    : 16
# points in DE swarm : 48
# output state file  : b1boot13.state
# Including singleton site patterns.
# cost function      : KL
Initial parameter values
Fixed:
      zero = 0
       one = 1
    Tbecnw = 75200
Free:
       pc1 = 0
       pc2 = 0
       pc3 = 0
       pc4 = 0
       pc5 = 0
       pc6 = 0
       pc7 = 0
       pc8 = 0
       pc9 = 0
      pc10 = 0
      pc11 = 0
      pc12 = 0
      pc13 = 0
      pc14 = 0
      pc15 = 0
      pc16 = 0
Constrained:
   Tgbecnw = 98427.3
     Tecnw = 24632.7
       Tnw = 18492.2
       Tec = 9572.29
     twoNb = 1.33313e+06
     twoNe = 908243
     twoNc = 1.04111e+06
     twoNw = 2.24868e+06
    twoNec = 150458
    twoNnw = 30394.8
  twoNecnw = 83865.2
  twoNbecnw = 10612
  twoNgbecnw = 227003
         m = 0.168229
        m4 = 0.0185779
        m5 = 0.107147
        Ta = 37600
        Td = 4786.14
        Te = 2393.07
DiffEv reached_goal. cost=1.87409e-03 spread=2.73012e-06
Fitted parameter values
Free:
       pc1 = 3.55118
       pc2 = 1.46607
       pc3 = -2.55987
       pc4 = -1.83938
       pc5 = 0.6319
       pc6 = -0.889714
       pc7 = -0.811321
       pc8 = 1.96248
       pc9 = -0.322533
      pc10 = -0.167961
      pc11 = 0.644703
      pc12 = 0.0910764
      pc13 = 0.128778
      pc14 = 0.00170027
      pc15 = 0.0171211
      pc16 = -0.00660241
Constrained:
   Tgbecnw = 80548.5
     Tecnw = 23684.2
       Tnw = 16741.6
       Tec = 5063.03
     twoNb = 1.24914e+06
     twoNe = 2.06647e+06
     twoNc = 118306
     twoNw = 3.03194e+06
    twoNec = 191897
    twoNnw = 34363.5
  twoNecnw = 77423.8
  twoNbecnw = 2488.93
  twoNgbecnw = 251543
         m = 0.137833
        m4 = 0.0200987
        m5 = 0.0999719
        Ta = 37600
        Td = 2531.52
        Te = 1265.76
#       SitePat  BranchLen
              b 125038.1694449
              e 48659.3835676
              c 51001.7568744
              n 45961.4267161
              w 45939.8386348
            b:e 2072.3916016
            b:c 2506.5079399
            b:n 1778.8342762
            b:w 1777.3541018
            e:c 10451.5118516
            e:n 5449.7702783
            e:w 5471.3583595
            c:n 4951.4795320
            c:w 4946.6446772
            n:w 12722.4186699
          b:e:c 2075.0552222
          b:e:n 1129.2648434
          b:e:w 1130.7450179
          b:c:n 1142.2069836
          b:c:w 1140.5815843
          b:n:w 2033.3610606
          e:c:n 4547.5608846
          e:c:w 4552.3957393
          e:n:w 6491.9443960
          c:n:w 5499.3246000
        b:e:c:n 2051.2154464
        b:e:c:w 2052.8408457
        b:e:n:w 3160.2748653
        b:c:n:w 2376.6303669
        e:c:n:w 52169.7210527
