########################################
# legofit: estimate population history #
#       version 2.3.4-4-g53f8760       #
########################################

# Program was compiled: Sep 21 2021 14:36:42
# Program was run: Thu Sep 23 12:26:27 2021

# cmd: legofit -1 -d 0 -t 32 --ptsPerDim 3 --stateOut b1boot35.state --tol 3e-6 -S 5000 ade2.lgo ../../boot/boot35.opf
# Stage nOptItr nSimReps
#     0    5000        0
# algorithm          : deterministic
# ignoring probs <=  : 0
# Branch length floor: 0
# DE strategy        : 2
#    F               : 0.3
#    CR              : 0.8
#    tolerance       : 3e-06
# nthreads           : 32
# lgo input file     : ade2.lgo
# site pat input file: ../../boot/boot35.opf
# free parameters    : 16
# points in DE swarm : 48
# output state file  : b1boot35.state
# Including singleton site patterns.
# cost function      : KL
Initial parameter values
Fixed:
      zero = 0
       one = 1
    Tbecnw = 75200
Free:
       pc1 = 0
       pc2 = 0
       pc3 = 0
       pc4 = 0
       pc5 = 0
       pc6 = 0
       pc7 = 0
       pc8 = 0
       pc9 = 0
      pc10 = 0
      pc11 = 0
      pc12 = 0
      pc13 = 0
      pc14 = 0
      pc15 = 0
      pc16 = 0
Constrained:
   Tgbecnw = 98427.3
     Tecnw = 24632.7
       Tnw = 18492.2
       Tec = 9572.29
     twoNb = 1.33313e+06
     twoNe = 908243
     twoNc = 1.04111e+06
     twoNw = 2.24868e+06
    twoNec = 150458
    twoNnw = 30394.8
  twoNecnw = 83865.2
  twoNbecnw = 10612
  twoNgbecnw = 227003
         m = 0.168229
        m4 = 0.0185779
        m5 = 0.107147
        Ta = 37600
        Td = 4786.14
        Te = 2393.07
DiffEv reached_goal. cost=1.85902e-03 spread=2.39896e-06
Fitted parameter values
Free:
       pc1 = 2.56171
       pc2 = 1.09502
       pc3 = -3.05196
       pc4 = -1.99976
       pc5 = 1.35797
       pc6 = 0.408984
       pc7 = -0.0957616
       pc8 = 1.73619
       pc9 = -0.433129
      pc10 = -0.0450714
      pc11 = 0.241967
      pc12 = 0.100637
      pc13 = 0.187869
      pc14 = -0.0387546
      pc15 = -0.0479546
      pc16 = 0.0132765
Constrained:
   Tgbecnw = 82734.7
     Tecnw = 23588.6
       Tnw = 18356.1
       Tec = 5140.17
     twoNb = 1.70935e+06
     twoNe = 1.89176e+06
     twoNc = 1.24207e+06
     twoNw = 2.46631e+06
    twoNec = 195851
    twoNnw = 25465.7
  twoNecnw = 77516.4
  twoNbecnw = 3377.56
  twoNgbecnw = 269084
         m = 0.125054
        m4 = 0.0194935
        m5 = 0.0988569
        Ta = 37600
        Td = 2570.08
        Te = 1285.04
#       SitePat  BranchLen
              b 124921.1272109
              e 48784.0737982
              c 51103.4321024
              n 46023.6016543
              w 45995.1876474
            b:e 2096.5839155
            b:c 2495.7932493
            b:n 1783.8393995
            b:w 1781.8486181
            e:c 10429.8759950
            e:n 5456.3379009
            e:w 5484.7519078
            c:n 4977.4931341
            c:w 4970.9967288
            n:w 12688.5177781
          b:e:c 2089.8323584
          b:e:n 1135.6472490
          b:e:w 1137.6380304
          b:c:n 1148.3814160
          b:c:w 1146.1977919
          b:n:w 2047.5509039
          e:c:n 4549.5039270
          e:c:w 4556.0003322
          e:n:w 6537.0736966
          c:n:w 5565.0894667
        b:e:c:n 2053.9095992
        b:e:c:w 2056.0932233
        b:e:n:w 3175.6534977
        b:c:n:w 2400.3758082
        e:c:n:w 51927.4971389
