########################################
# legofit: estimate population history #
#       version 2.3.4-4-g53f8760       #
########################################

# Program was compiled: Sep 21 2021 14:36:42
# Program was run: Thu Sep 23 12:26:10 2021

# cmd: legofit -1 -d 0 -t 32 --ptsPerDim 3 --stateOut b1boot26.state --tol 3e-6 -S 5000 ade2.lgo ../../boot/boot26.opf
# Stage nOptItr nSimReps
#     0    5000        0
# algorithm          : deterministic
# ignoring probs <=  : 0
# Branch length floor: 0
# DE strategy        : 2
#    F               : 0.3
#    CR              : 0.8
#    tolerance       : 3e-06
# nthreads           : 32
# lgo input file     : ade2.lgo
# site pat input file: ../../boot/boot26.opf
# free parameters    : 16
# points in DE swarm : 48
# output state file  : b1boot26.state
# Including singleton site patterns.
# cost function      : KL
Initial parameter values
Fixed:
      zero = 0
       one = 1
    Tbecnw = 75200
Free:
       pc1 = 0
       pc2 = 0
       pc3 = 0
       pc4 = 0
       pc5 = 0
       pc6 = 0
       pc7 = 0
       pc8 = 0
       pc9 = 0
      pc10 = 0
      pc11 = 0
      pc12 = 0
      pc13 = 0
      pc14 = 0
      pc15 = 0
      pc16 = 0
Constrained:
   Tgbecnw = 98427.3
     Tecnw = 24632.7
       Tnw = 18492.2
       Tec = 9572.29
     twoNb = 1.33313e+06
     twoNe = 908243
     twoNc = 1.04111e+06
     twoNw = 2.24868e+06
    twoNec = 150458
    twoNnw = 30394.8
  twoNecnw = 83865.2
  twoNbecnw = 10612
  twoNgbecnw = 227003
         m = 0.168229
        m4 = 0.0185779
        m5 = 0.107147
        Ta = 37600
        Td = 4786.14
        Te = 2393.07
DiffEv reached_goal. cost=1.86914e-03 spread=2.89295e-06
Fitted parameter values
Free:
       pc1 = 2.75095
       pc2 = 0.416783
       pc3 = -2.46803
       pc4 = -1.97328
       pc5 = 1.78259
       pc6 = -0.744796
       pc7 = -0.283993
       pc8 = 1.85608
       pc9 = -0.742618
      pc10 = -0.137004
      pc11 = 0.0148547
      pc12 = 0.182282
      pc13 = 0.262597
      pc14 = -0.0136562
      pc15 = 0.0200872
      pc16 = 0.017913
Constrained:
   Tgbecnw = 83601.9
     Tecnw = 23859
       Tnw = 17645.8
       Tec = 4115.43
     twoNb = 1.32718e+06
     twoNe = 2.1096e+06
     twoNc = 1.68475e+06
     twoNw = 3.39214e+06
    twoNec = 205215
    twoNnw = 30843.4
  twoNecnw = 77394.1
  twoNbecnw = 3742.53
  twoNgbecnw = 270305
         m = 0.125261
        m4 = 0.0193185
        m5 = 0.100503
        Ta = 37600
        Td = 2057.72
        Te = 1028.86
#       SitePat  BranchLen
              b 125267.7303419
              e 48861.8456364
              c 51168.8000075
              n 46258.0931023
              w 46237.2710801
            b:e 2088.3936099
            b:c 2499.2235593
            b:n 1792.2679637
            b:w 1790.8288098
            e:c 10506.0796405
            e:n 5468.9925810
            e:w 5489.8146031
            c:n 4979.6967032
            c:w 4975.0066349
            n:w 12666.3561100
          b:e:c 2084.8959087
          b:e:n 1138.0492250
          b:e:w 1139.4883788
          b:c:n 1150.6161462
          b:c:w 1149.0375899
          b:n:w 2043.7351936
          e:c:n 4569.9339407
          e:c:w 4574.6240090
          e:n:w 6496.8101537
          c:n:w 5528.2179735
        b:e:c:n 2063.5436514
        b:e:c:w 2065.1222076
        b:e:n:w 3158.4855233
        b:c:n:w 2391.2808016
        e:c:n:w 52116.6201368
