########################################
# legofit: estimate population history #
#       version 2.3.4-4-g53f8760       #
########################################

# Program was compiled: Sep 21 2021 14:36:42
# Program was run: Thu Sep 23 12:26:27 2021

# cmd: legofit -1 -d 0 -t 32 --ptsPerDim 3 --stateOut b1boot32.state --tol 3e-6 -S 5000 ade2.lgo ../../boot/boot32.opf
# Stage nOptItr nSimReps
#     0    5000        0
# algorithm          : deterministic
# ignoring probs <=  : 0
# Branch length floor: 0
# DE strategy        : 2
#    F               : 0.3
#    CR              : 0.8
#    tolerance       : 3e-06
# nthreads           : 32
# lgo input file     : ade2.lgo
# site pat input file: ../../boot/boot32.opf
# free parameters    : 16
# points in DE swarm : 48
# output state file  : b1boot32.state
# Including singleton site patterns.
# cost function      : KL
Initial parameter values
Fixed:
      zero = 0
       one = 1
    Tbecnw = 75200
Free:
       pc1 = 0
       pc2 = 0
       pc3 = 0
       pc4 = 0
       pc5 = 0
       pc6 = 0
       pc7 = 0
       pc8 = 0
       pc9 = 0
      pc10 = 0
      pc11 = 0
      pc12 = 0
      pc13 = 0
      pc14 = 0
      pc15 = 0
      pc16 = 0
Constrained:
   Tgbecnw = 98427.3
     Tecnw = 24632.7
       Tnw = 18492.2
       Tec = 9572.29
     twoNb = 1.33313e+06
     twoNe = 908243
     twoNc = 1.04111e+06
     twoNw = 2.24868e+06
    twoNec = 150458
    twoNnw = 30394.8
  twoNecnw = 83865.2
  twoNbecnw = 10612
  twoNgbecnw = 227003
         m = 0.168229
        m4 = 0.0185779
        m5 = 0.107147
        Ta = 37600
        Td = 4786.14
        Te = 2393.07
DiffEv reached_goal. cost=1.91701e-03 spread=2.74543e-06
Fitted parameter values
Free:
       pc1 = 3.49257
       pc2 = 0.376506
       pc3 = -1.17826
       pc4 = -1.97789
       pc5 = 1.67518
       pc6 = -0.743534
       pc7 = 0.0452779
       pc8 = 1.45056
       pc9 = -0.992825
      pc10 = -0.346541
      pc11 = 0.482515
      pc12 = 0.0887766
      pc13 = 0.106808
      pc14 = 0.00908291
      pc15 = -0.0213778
      pc16 = 0.0115076
Constrained:
   Tgbecnw = 83877.3
     Tecnw = 24199.7
       Tnw = 16433.2
       Tec = 2388.26
     twoNb = 1.4668e+06
     twoNe = 1.83842e+06
     twoNc = 1.96422e+06
     twoNw = 3.26931e+06
    twoNec = 228332
    twoNnw = 38450.9
  twoNecnw = 77670.6
  twoNbecnw = 4044
  twoNgbecnw = 245027
         m = 0.144175
        m4 = 0.0196557
        m5 = 0.103836
        Ta = 37600
        Td = 1194.13
        Te = 597.064
#       SitePat  BranchLen
              b 126488.2189782
              e 49133.3473800
              c 51537.3845111
              n 46446.9694277
              w 46425.1724597
            b:e 2097.1641690
            b:c 2530.9741856
            b:n 1797.4360541
            b:w 1795.9607156
            e:c 10564.5274808
            e:n 5503.4286565
            e:w 5525.2256245
            c:n 4987.0860956
            c:w 4982.2863564
            n:w 12825.6501849
          b:e:c 2088.0833291
          b:e:n 1142.9351141
          b:e:w 1144.4104526
          b:c:n 1155.0407058
          b:c:w 1153.4246485
          b:n:w 2047.6581613
          e:c:n 4578.8645275
          e:c:w 4583.6642667
          e:n:w 6559.9677902
          c:n:w 5547.0590439
        b:e:c:n 2065.7852622
        b:e:c:w 2067.4013196
        b:e:n:w 3183.7011076
        b:c:n:w 2396.9243490
        e:c:n:w 52916.6124703
