########################################
# legofit: estimate population history #
#       version 2.3.4-4-g53f8760       #
########################################

# Program was compiled: Sep 21 2021 14:36:42
# Program was run: Thu Sep 23 12:27:04 2021

# cmd: legofit -1 -d 0 -t 32 --ptsPerDim 3 --stateOut b1boot46.state --tol 3e-6 -S 5000 ade2.lgo ../../boot/boot46.opf
# Stage nOptItr nSimReps
#     0    5000        0
# algorithm          : deterministic
# ignoring probs <=  : 0
# Branch length floor: 0
# DE strategy        : 2
#    F               : 0.3
#    CR              : 0.8
#    tolerance       : 3e-06
# nthreads           : 32
# lgo input file     : ade2.lgo
# site pat input file: ../../boot/boot46.opf
# free parameters    : 16
# points in DE swarm : 48
# output state file  : b1boot46.state
# Including singleton site patterns.
# cost function      : KL
Initial parameter values
Fixed:
      zero = 0
       one = 1
    Tbecnw = 75200
Free:
       pc1 = 0
       pc2 = 0
       pc3 = 0
       pc4 = 0
       pc5 = 0
       pc6 = 0
       pc7 = 0
       pc8 = 0
       pc9 = 0
      pc10 = 0
      pc11 = 0
      pc12 = 0
      pc13 = 0
      pc14 = 0
      pc15 = 0
      pc16 = 0
Constrained:
   Tgbecnw = 98427.3
     Tecnw = 24632.7
       Tnw = 18492.2
       Tec = 9572.29
     twoNb = 1.33313e+06
     twoNe = 908243
     twoNc = 1.04111e+06
     twoNw = 2.24868e+06
    twoNec = 150458
    twoNnw = 30394.8
  twoNecnw = 83865.2
  twoNbecnw = 10612
  twoNgbecnw = 227003
         m = 0.168229
        m4 = 0.0185779
        m5 = 0.107147
        Ta = 37600
        Td = 4786.14
        Te = 2393.07
DiffEv reached_goal. cost=1.81991e-03 spread=2.57452e-06
Fitted parameter values
Free:
       pc1 = 1.06666
       pc2 = 1.56193
       pc3 = -3.04966
       pc4 = -1.98505
       pc5 = 1.89781
       pc6 = -0.624355
       pc7 = -0.392858
       pc8 = 1.84712
       pc9 = -0.0344391
      pc10 = 0.0865902
      pc11 = 0.0729605
      pc12 = -0.0234697
      pc13 = 0.0509445
      pc14 = -0.0838695
      pc15 = -0.0045774
      pc16 = -0.00469003
Constrained:
   Tgbecnw = 83536.4
     Tecnw = 23290.6
       Tnw = 19131.5
       Tec = 8081.12
     twoNb = 1.32178e+06
     twoNe = 2.63072e+06
     twoNc = 1.51906e+06
     twoNw = 2.98248e+06
    twoNec = 155193
    twoNnw = 20129.8
  twoNecnw = 79056.1
  twoNbecnw = 3787.15
  twoNgbecnw = 259310
         m = 0.132931
        m4 = 0.0188756
        m5 = 0.101971
        Ta = 37600
        Td = 4040.56
        Te = 2020.28
#       SitePat  BranchLen
              b 125711.5609960
              e 48866.3773119
              c 51184.6004686
              n 46135.3585764
              w 46111.4077654
            b:e 2099.7649734
            b:c 2513.6319882
            b:n 1794.3394113
            b:w 1792.6292233
            e:c 10503.5806266
            e:n 5489.2385018
            e:w 5513.1893129
            c:n 5003.4791536
            c:w 4997.8820254
            n:w 12756.2777917
          b:e:c 2108.0061317
          b:e:n 1137.2937599
          b:e:w 1139.0039478
          b:c:n 1149.9077482
          b:c:w 1148.0315350
          b:n:w 2066.1651286
          e:c:n 4591.2128661
          e:c:w 4596.8099943
          e:n:w 6577.1043220
          c:n:w 5584.8417240
        b:e:c:n 2066.3287884
        b:e:c:w 2068.2050017
        b:e:n:w 3164.9706049
        b:c:n:w 2404.5677665
        e:c:n:w 52443.3211865
