########################################
# legofit: estimate population history #
#       version 2.3.4-4-g53f8760       #
########################################

# Program was compiled: Sep 21 2021 14:36:42
# Program was run: Thu Sep 23 12:25:56 2021

# cmd: legofit -1 -d 0 -t 32 --ptsPerDim 3 --stateOut b1boot23.state --tol 3e-6 -S 5000 ade2.lgo ../../boot/boot23.opf
# Stage nOptItr nSimReps
#     0    5000        0
# algorithm          : deterministic
# ignoring probs <=  : 0
# Branch length floor: 0
# DE strategy        : 2
#    F               : 0.3
#    CR              : 0.8
#    tolerance       : 3e-06
# nthreads           : 32
# lgo input file     : ade2.lgo
# site pat input file: ../../boot/boot23.opf
# free parameters    : 16
# points in DE swarm : 48
# output state file  : b1boot23.state
# Including singleton site patterns.
# cost function      : KL
Initial parameter values
Fixed:
      zero = 0
       one = 1
    Tbecnw = 75200
Free:
       pc1 = 0
       pc2 = 0
       pc3 = 0
       pc4 = 0
       pc5 = 0
       pc6 = 0
       pc7 = 0
       pc8 = 0
       pc9 = 0
      pc10 = 0
      pc11 = 0
      pc12 = 0
      pc13 = 0
      pc14 = 0
      pc15 = 0
      pc16 = 0
Constrained:
   Tgbecnw = 98427.3
     Tecnw = 24632.7
       Tnw = 18492.2
       Tec = 9572.29
     twoNb = 1.33313e+06
     twoNe = 908243
     twoNc = 1.04111e+06
     twoNw = 2.24868e+06
    twoNec = 150458
    twoNnw = 30394.8
  twoNecnw = 83865.2
  twoNbecnw = 10612
  twoNgbecnw = 227003
         m = 0.168229
        m4 = 0.0185779
        m5 = 0.107147
        Ta = 37600
        Td = 4786.14
        Te = 2393.07
DiffEv reached_goal. cost=1.86612e-03 spread=2.04868e-06
Fitted parameter values
Free:
       pc1 = 2.55757
       pc2 = 0.627211
       pc3 = -1.92685
       pc4 = -1.98395
       pc5 = 1.79174
       pc6 = -0.227538
       pc7 = -0.309846
       pc8 = 1.58659
       pc9 = -0.0187933
      pc10 = -0.16732
      pc11 = 0.110793
      pc12 = 0.0388103
      pc13 = 0.150647
      pc14 = -0.00486745
      pc15 = -0.0155474
      pc16 = -0.021731
Constrained:
   Tgbecnw = 84128.2
     Tecnw = 23873
       Tnw = 17627.6
       Tec = 3791.91
     twoNb = 1.45237e+06
     twoNe = 2.22225e+06
     twoNc = 1.37014e+06
     twoNw = 2.79859e+06
    twoNec = 209575
    twoNnw = 30320.1
  twoNecnw = 78377.2
  twoNbecnw = 4108.5
  twoNgbecnw = 252781
         m = 0.136011
        m4 = 0.0189028
        m5 = 0.102111
        Ta = 37600
        Td = 1895.95
        Te = 947.977
#       SitePat  BranchLen
              b 125825.1492655
              e 49096.9102146
              c 51441.9606517
              n 46348.4488800
              w 46322.6215567
            b:e 2120.6788116
            b:c 2536.6009771
            b:n 1808.1733643
            b:w 1806.3789637
            e:c 10593.3387766
            e:n 5496.0975663
            e:w 5521.9248897
            c:n 4997.6266220
            c:w 4991.8128623
            n:w 12864.9245279
          b:e:c 2118.5242759
          b:e:n 1149.1123380
          b:e:w 1150.9067386
          b:c:n 1161.6038240
          b:c:w 1159.6366558
          b:n:w 2076.5260615
          e:c:n 4583.8172233
          e:c:w 4589.6309830
          e:n:w 6585.1563725
          c:n:w 5590.8048339
        b:e:c:n 2080.4138410
        b:e:c:w 2082.3810092
        b:e:n:w 3185.4474222
        b:c:n:w 2426.1875855
        e:c:n:w 52333.3810127
