########################################
# legofit: estimate population history #
#       version 2.3.4-4-g53f8760       #
########################################

# Program was compiled: Sep 21 2021 14:36:42
# Program was run: Thu Sep 23 12:24:59 2021

# cmd: legofit -1 -d 0 -t 32 --ptsPerDim 3 --stateOut b1boot1.state --tol 3e-6 -S 5000 ade2.lgo ../../boot/boot1.opf
# Stage nOptItr nSimReps
#     0    5000        0
# algorithm          : deterministic
# ignoring probs <=  : 0
# Branch length floor: 0
# DE strategy        : 2
#    F               : 0.3
#    CR              : 0.8
#    tolerance       : 3e-06
# nthreads           : 32
# lgo input file     : ade2.lgo
# site pat input file: ../../boot/boot1.opf
# free parameters    : 16
# points in DE swarm : 48
# output state file  : b1boot1.state
# Including singleton site patterns.
# cost function      : KL
Initial parameter values
Fixed:
      zero = 0
       one = 1
    Tbecnw = 75200
Free:
       pc1 = 0
       pc2 = 0
       pc3 = 0
       pc4 = 0
       pc5 = 0
       pc6 = 0
       pc7 = 0
       pc8 = 0
       pc9 = 0
      pc10 = 0
      pc11 = 0
      pc12 = 0
      pc13 = 0
      pc14 = 0
      pc15 = 0
      pc16 = 0
Constrained:
   Tgbecnw = 98427.3
     Tecnw = 24632.7
       Tnw = 18492.2
       Tec = 9572.29
     twoNb = 1.33313e+06
     twoNe = 908243
     twoNc = 1.04111e+06
     twoNw = 2.24868e+06
    twoNec = 150458
    twoNnw = 30394.8
  twoNecnw = 83865.2
  twoNbecnw = 10612
  twoNgbecnw = 227003
         m = 0.168229
        m4 = 0.0185779
        m5 = 0.107147
        Ta = 37600
        Td = 4786.14
        Te = 2393.07
DiffEv reached_goal. cost=1.87003e-03 spread=2.93667e-06
Fitted parameter values
Free:
       pc1 = 2.0375
       pc2 = 1.74822
       pc3 = -2.34104
       pc4 = -1.9726
       pc5 = 1.81047
       pc6 = -0.826692
       pc7 = -0.34987
       pc8 = 1.92917
       pc9 = 0.279822
      pc10 = 0.255076
      pc11 = 0.0539767
      pc12 = 0.0144776
      pc13 = 0.149109
      pc14 = 0.0507176
      pc15 = -0.000324813
      pc16 = -0.00716216
Constrained:
   Tgbecnw = 81623.3
     Tecnw = 23629.1
       Tnw = 18125.6
       Tec = 7078.56
     twoNb = 1.37563e+06
     twoNe = 2.90919e+06
     twoNc = 1.15133e+06
     twoNw = 2.98055e+06
    twoNec = 168300
    twoNnw = 26909.6
  twoNecnw = 78478.4
  twoNbecnw = 3044.12
  twoNgbecnw = 241173
         m = 0.143456
        m4 = 0.0189316
        m5 = 0.101435
        Ta = 37600
        Td = 3539.28
        Te = 1769.64
#       SitePat  BranchLen
              b 125185.7204548
              e 48917.4756610
              c 51218.7622256
              n 46215.9647872
              w 46192.7932611
            b:e 2095.4440065
            b:c 2513.5787564
            b:n 1796.5207377
            b:w 1794.8915848
            e:c 10496.4067271
            e:n 5466.5932085
            e:w 5489.7647346
            c:n 4977.0811844
            c:w 4971.7768517
            n:w 12748.9251946
          b:e:c 2103.5261761
          b:e:n 1138.3211494
          b:e:w 1139.9503023
          b:c:n 1150.6873043
          b:c:w 1148.8995673
          b:n:w 2062.4283330
          e:c:n 4578.4234386
          e:c:w 4583.7277714
          e:n:w 6531.1104767
          c:n:w 5545.4037279
        b:e:c:n 2069.8362650
        b:e:c:w 2071.6240019
        b:e:n:w 3148.4385706
        b:c:n:w 2400.9081118
        e:c:n:w 51990.1332123
