########################################
# legofit: estimate population history #
#       version 2.3.4-4-g53f8760       #
########################################

# Program was compiled: Sep 21 2021 14:36:42
# Program was run: Thu Sep 23 12:26:11 2021

# cmd: legofit -1 -d 0 -t 32 --ptsPerDim 3 --stateOut b1boot28.state --tol 3e-6 -S 5000 ade2.lgo ../../boot/boot28.opf
# Stage nOptItr nSimReps
#     0    5000        0
# algorithm          : deterministic
# ignoring probs <=  : 0
# Branch length floor: 0
# DE strategy        : 2
#    F               : 0.3
#    CR              : 0.8
#    tolerance       : 3e-06
# nthreads           : 32
# lgo input file     : ade2.lgo
# site pat input file: ../../boot/boot28.opf
# free parameters    : 16
# points in DE swarm : 48
# output state file  : b1boot28.state
# Including singleton site patterns.
# cost function      : KL
Initial parameter values
Fixed:
      zero = 0
       one = 1
    Tbecnw = 75200
Free:
       pc1 = 0
       pc2 = 0
       pc3 = 0
       pc4 = 0
       pc5 = 0
       pc6 = 0
       pc7 = 0
       pc8 = 0
       pc9 = 0
      pc10 = 0
      pc11 = 0
      pc12 = 0
      pc13 = 0
      pc14 = 0
      pc15 = 0
      pc16 = 0
Constrained:
   Tgbecnw = 98427.3
     Tecnw = 24632.7
       Tnw = 18492.2
       Tec = 9572.29
     twoNb = 1.33313e+06
     twoNe = 908243
     twoNc = 1.04111e+06
     twoNw = 2.24868e+06
    twoNec = 150458
    twoNnw = 30394.8
  twoNecnw = 83865.2
  twoNbecnw = 10612
  twoNgbecnw = 227003
         m = 0.168229
        m4 = 0.0185779
        m5 = 0.107147
        Ta = 37600
        Td = 4786.14
        Te = 2393.07
DiffEv reached_goal. cost=1.87466e-03 spread=2.65205e-06
Fitted parameter values
Free:
       pc1 = 3.78909
       pc2 = 0.512898
       pc3 = -2.93962
       pc4 = -1.96432
       pc5 = 1.822
       pc6 = -1.28907
       pc7 = 0.0989441
       pc8 = 1.99649
       pc9 = -1.22382
      pc10 = -0.890397
      pc11 = 0.692079
      pc12 = 0.185656
      pc13 = 0.141289
      pc14 = -0.164007
      pc15 = -0.0134144
      pc16 = 0.0258746
Constrained:
   Tgbecnw = 82103.2
     Tecnw = 23642.5
       Tnw = 16319.3
       Tec = 2873.16
     twoNb = 1.34482e+06
     twoNe = 2.39594e+06
     twoNc = 1.90027e+06
     twoNw = 3.56249e+06
    twoNec = 220132
    twoNnw = 36561.4
  twoNecnw = 76600.3
  twoNbecnw = 3011.29
  twoNgbecnw = 286826
         m = 0.115445
        m4 = 0.0203625
        m5 = 0.102002
        Ta = 37600
        Td = 1436.58
        Te = 718.29
#       SitePat  BranchLen
              b 124385.7737228
              e 48470.9078624
              c 50855.2974384
              n 45795.8533588
              w 45776.7952376
            b:e 2075.7464675
            b:c 2493.8758634
            b:n 1779.4596797
            b:w 1778.1609982
            e:c 10419.5566984
            e:n 5475.7971392
            e:w 5494.8552603
            c:n 4967.8737732
            c:w 4963.6340281
            n:w 12665.9950652
          b:e:c 2065.8270556
          b:e:n 1134.2434118
          b:e:w 1135.5420933
          b:c:n 1147.4913857
          b:c:w 1146.0654704
          b:n:w 2023.3711126
          e:c:n 4544.3568985
          e:c:w 4548.5966436
          e:n:w 6491.7456696
          c:n:w 5504.1942677
        b:e:c:n 2051.6713875
        b:e:c:w 2053.0973027
        b:e:n:w 3179.4853281
        b:c:n:w 2379.8907411
        e:c:n:w 51688.2730660
