########################################
# legofit: estimate population history #
#       version 2.3.4-4-g53f8760       #
########################################

# Program was compiled: Sep 21 2021 14:36:42
# Program was run: Thu Sep 23 12:25:24 2021

# cmd: legofit -1 -d 0 -t 32 --ptsPerDim 3 --stateOut b1boot12.state --tol 3e-6 -S 5000 ade2.lgo ../../boot/boot12.opf
# Stage nOptItr nSimReps
#     0    5000        0
# algorithm          : deterministic
# ignoring probs <=  : 0
# Branch length floor: 0
# DE strategy        : 2
#    F               : 0.3
#    CR              : 0.8
#    tolerance       : 3e-06
# nthreads           : 32
# lgo input file     : ade2.lgo
# site pat input file: ../../boot/boot12.opf
# free parameters    : 16
# points in DE swarm : 48
# output state file  : b1boot12.state
# Including singleton site patterns.
# cost function      : KL
Initial parameter values
Fixed:
      zero = 0
       one = 1
    Tbecnw = 75200
Free:
       pc1 = 0
       pc2 = 0
       pc3 = 0
       pc4 = 0
       pc5 = 0
       pc6 = 0
       pc7 = 0
       pc8 = 0
       pc9 = 0
      pc10 = 0
      pc11 = 0
      pc12 = 0
      pc13 = 0
      pc14 = 0
      pc15 = 0
      pc16 = 0
Constrained:
   Tgbecnw = 98427.3
     Tecnw = 24632.7
       Tnw = 18492.2
       Tec = 9572.29
     twoNb = 1.33313e+06
     twoNe = 908243
     twoNc = 1.04111e+06
     twoNw = 2.24868e+06
    twoNec = 150458
    twoNnw = 30394.8
  twoNecnw = 83865.2
  twoNbecnw = 10612
  twoNgbecnw = 227003
         m = 0.168229
        m4 = 0.0185779
        m5 = 0.107147
        Ta = 37600
        Td = 4786.14
        Te = 2393.07
DiffEv reached_goal. cost=1.85763e-03 spread=2.92324e-06
Fitted parameter values
Free:
       pc1 = 1.34735
       pc2 = 1.74785
       pc3 = -3.08603
       pc4 = -1.99216
       pc5 = 1.94952
       pc6 = -1.10581
       pc7 = 0.0481955
       pc8 = 1.61459
       pc9 = -0.192646
      pc10 = -0.262292
      pc11 = 0.252765
      pc12 = -0.0530141
      pc13 = 0.0759458
      pc14 = -0.0976949
      pc15 = 0.050434
      pc16 = 0.000795381
Constrained:
   Tgbecnw = 83039.3
     Tecnw = 23268.2
       Tnw = 18321.9
       Tec = 8484.51
     twoNb = 1.38268e+06
     twoNe = 2.82377e+06
     twoNc = 1.85167e+06
     twoNw = 3.06718e+06
    twoNec = 146379
    twoNnw = 24463.4
  twoNecnw = 79151.7
  twoNbecnw = 3525.84
  twoNgbecnw = 263563
         m = 0.128808
        m4 = 0.019206
        m5 = 0.104053
        Ta = 37600
        Td = 4242.25
        Te = 2121.13
#       SitePat  BranchLen
              b 124978.8678845
              e 48716.4389127
              c 51062.7196971
              n 46131.8591729
              w 46109.1611585
            b:e 2072.7183442
            b:c 2481.5786868
            b:n 1790.2782340
            b:w 1788.6766946
            e:c 10510.3096641
            e:n 5490.3494745
            e:w 5513.0474889
            c:n 4992.7353763
            c:w 4987.4815439
            n:w 12700.6831013
          b:e:c 2088.9991568
          b:e:n 1131.3984893
          b:e:w 1133.0000287
          b:c:n 1144.0665811
          b:c:w 1142.3078524
          b:n:w 2048.8694744
          e:c:n 4591.7932691
          e:c:w 4597.0471016
          e:n:w 6499.2450602
          c:n:w 5511.5655167
        b:e:c:n 2064.3695200
        b:e:c:w 2066.1282487
        b:e:n:w 3143.8892558
        b:c:n:w 2377.6314889
        e:c:n:w 51834.0462367
