########################################
# legofit: estimate population history #
#       version 2.3.4-4-g53f8760       #
########################################

# Program was compiled: Sep 21 2021 14:36:42
# Program was run: Thu Sep 23 12:24:59 2021

# cmd: legofit -1 -d 0 -t 32 --ptsPerDim 3 --stateOut b1boot3.state --tol 3e-6 -S 5000 ade2.lgo ../../boot/boot3.opf
# Stage nOptItr nSimReps
#     0    5000        0
# algorithm          : deterministic
# ignoring probs <=  : 0
# Branch length floor: 0
# DE strategy        : 2
#    F               : 0.3
#    CR              : 0.8
#    tolerance       : 3e-06
# nthreads           : 32
# lgo input file     : ade2.lgo
# site pat input file: ../../boot/boot3.opf
# free parameters    : 16
# points in DE swarm : 48
# output state file  : b1boot3.state
# Including singleton site patterns.
# cost function      : KL
Initial parameter values
Fixed:
      zero = 0
       one = 1
    Tbecnw = 75200
Free:
       pc1 = 0
       pc2 = 0
       pc3 = 0
       pc4 = 0
       pc5 = 0
       pc6 = 0
       pc7 = 0
       pc8 = 0
       pc9 = 0
      pc10 = 0
      pc11 = 0
      pc12 = 0
      pc13 = 0
      pc14 = 0
      pc15 = 0
      pc16 = 0
Constrained:
   Tgbecnw = 98427.3
     Tecnw = 24632.7
       Tnw = 18492.2
       Tec = 9572.29
     twoNb = 1.33313e+06
     twoNe = 908243
     twoNc = 1.04111e+06
     twoNw = 2.24868e+06
    twoNec = 150458
    twoNnw = 30394.8
  twoNecnw = 83865.2
  twoNbecnw = 10612
  twoNgbecnw = 227003
         m = 0.168229
        m4 = 0.0185779
        m5 = 0.107147
        Ta = 37600
        Td = 4786.14
        Te = 2393.07
DiffEv reached_goal. cost=1.88373e-03 spread=2.05764e-06
Fitted parameter values
Free:
       pc1 = 2.68965
       pc2 = 1.38776
       pc3 = -2.65267
       pc4 = -1.9978
       pc5 = 1.92891
       pc6 = -0.923351
       pc7 = -0.299332
       pc8 = 1.69361
       pc9 = -0.349944
      pc10 = -0.0436832
      pc11 = 0.509543
      pc12 = 0.111783
      pc13 = 0.222423
      pc14 = 0.0271345
      pc15 = 0.0347053
      pc16 = 0.0115535
Constrained:
   Tgbecnw = 80823.8
     Tecnw = 23664.4
       Tnw = 17648.8
       Tec = 5534.97
     twoNb = 1.26937e+06
     twoNe = 2.60792e+06
     twoNc = 1.5738e+06
     twoNw = 2.98247e+06
    twoNec = 184416
    twoNnw = 29753.3
  twoNecnw = 77734.4
  twoNbecnw = 2588.08
  twoNgbecnw = 258382
         m = 0.13291
        m4 = 0.01953
        m5 = 0.102341
        Ta = 37600
        Td = 2767.48
        Te = 1383.74
#       SitePat  BranchLen
              b 124935.2923747
              e 48689.3645780
              c 51023.5504206
              n 46094.1558781
              w 46070.7563782
            b:e 2086.4296247
            b:c 2511.1780547
            b:n 1794.6579504
            b:w 1793.0254874
            e:c 10483.3800996
            e:n 5454.5126864
            e:w 5477.9121863
            c:n 4958.4950311
            c:w 4953.1965155
            n:w 12662.7069759
          b:e:c 2094.3533015
          b:e:n 1138.2433960
          b:e:w 1139.8758590
          b:c:n 1151.4362932
          b:c:w 1149.6426161
          b:n:w 2052.5545585
          e:c:n 4560.8775993
          e:c:w 4566.1761149
          e:n:w 6490.7848508
          c:n:w 5501.4750936
        b:e:c:n 2071.1041558
        b:e:c:w 2072.8978329
        b:e:n:w 3166.7589953
        b:c:n:w 2394.9078159
        e:c:n:w 52059.6873715
