########################################
# legofit: estimate population history #
#       version 2.3.4-4-g53f8760       #
########################################

# Program was compiled: Sep 21 2021 14:36:42
# Program was run: Thu Sep 23 12:26:37 2021

# cmd: legofit -1 -d 0 -t 32 --ptsPerDim 3 --stateOut b1boot36.state --tol 3e-6 -S 5000 ade2.lgo ../../boot/boot36.opf
# Stage nOptItr nSimReps
#     0    5000        0
# algorithm          : deterministic
# ignoring probs <=  : 0
# Branch length floor: 0
# DE strategy        : 2
#    F               : 0.3
#    CR              : 0.8
#    tolerance       : 3e-06
# nthreads           : 32
# lgo input file     : ade2.lgo
# site pat input file: ../../boot/boot36.opf
# free parameters    : 16
# points in DE swarm : 48
# output state file  : b1boot36.state
# Including singleton site patterns.
# cost function      : KL
Initial parameter values
Fixed:
      zero = 0
       one = 1
    Tbecnw = 75200
Free:
       pc1 = 0
       pc2 = 0
       pc3 = 0
       pc4 = 0
       pc5 = 0
       pc6 = 0
       pc7 = 0
       pc8 = 0
       pc9 = 0
      pc10 = 0
      pc11 = 0
      pc12 = 0
      pc13 = 0
      pc14 = 0
      pc15 = 0
      pc16 = 0
Constrained:
   Tgbecnw = 98427.3
     Tecnw = 24632.7
       Tnw = 18492.2
       Tec = 9572.29
     twoNb = 1.33313e+06
     twoNe = 908243
     twoNc = 1.04111e+06
     twoNw = 2.24868e+06
    twoNec = 150458
    twoNnw = 30394.8
  twoNecnw = 83865.2
  twoNbecnw = 10612
  twoNgbecnw = 227003
         m = 0.168229
        m4 = 0.0185779
        m5 = 0.107147
        Ta = 37600
        Td = 4786.14
        Te = 2393.07
DiffEv reached_goal. cost=1.88954e-03 spread=2.53421e-06
Fitted parameter values
Free:
       pc1 = 2.44484
       pc2 = 1.7654
       pc3 = -2.94247
       pc4 = -1.97743
       pc5 = 1.8661
       pc6 = -0.187591
       pc7 = -0.443822
       pc8 = 1.75517
       pc9 = -0.0815099
      pc10 = -0.000462496
      pc11 = 0.28709
      pc12 = 0.0210962
      pc13 = 0.126988
      pc14 = 0.000864333
      pc15 = -0.0075193
      pc16 = 0.00428342
Constrained:
   Tgbecnw = 80700
     Tecnw = 23431.7
       Tnw = 18124.3
       Tec = 5948.31
     twoNb = 1.4147e+06
     twoNe = 2.5401e+06
     twoNc = 1.35197e+06
     twoNw = 2.50721e+06
    twoNec = 180934
    twoNnw = 26032.8
  twoNecnw = 78034.9
  twoNbecnw = 2536.77
  twoNgbecnw = 254979
         m = 0.134331
        m4 = 0.0193141
        m5 = 0.0997075
        Ta = 37600
        Td = 2974.15
        Te = 1487.08
#       SitePat  BranchLen
              b 124670.7296073
              e 48630.4677941
              c 50926.9771929
              n 45953.3669633
              w 45925.9341312
            b:e 2071.9071491
            b:c 2482.7919635
            b:n 1773.2389492
            b:w 1771.3269242
            e:c 10437.9238984
            e:n 5443.0980138
            e:w 5470.5308459
            c:n 4961.9187505
            c:w 4955.6524458
            n:w 12656.3446040
          b:e:c 2075.1375235
          b:e:n 1126.2139646
          b:e:w 1128.1259896
          b:c:n 1139.1261708
          b:c:w 1137.0261033
          b:n:w 2033.4467496
          e:c:n 4540.4964791
          e:c:w 4546.7627838
          e:n:w 6487.1956419
          c:n:w 5514.0550045
        b:e:c:n 2045.4801317
        b:e:c:w 2047.5801993
        b:e:n:w 3136.9475641
        b:c:n:w 2376.9389919
        e:c:n:w 51828.1503427
