########################################
# legofit: estimate population history #
#       version 2.3.4-4-g53f8760       #
########################################

# Program was compiled: Sep 21 2021 14:36:42
# Program was run: Thu Sep 23 12:26:04 2021

# cmd: legofit -1 -d 0 -t 32 --ptsPerDim 3 --stateOut b1boot24.state --tol 3e-6 -S 5000 ade2.lgo ../../boot/boot24.opf
# Stage nOptItr nSimReps
#     0    5000        0
# algorithm          : deterministic
# ignoring probs <=  : 0
# Branch length floor: 0
# DE strategy        : 2
#    F               : 0.3
#    CR              : 0.8
#    tolerance       : 3e-06
# nthreads           : 32
# lgo input file     : ade2.lgo
# site pat input file: ../../boot/boot24.opf
# free parameters    : 16
# points in DE swarm : 48
# output state file  : b1boot24.state
# Including singleton site patterns.
# cost function      : KL
Initial parameter values
Fixed:
      zero = 0
       one = 1
    Tbecnw = 75200
Free:
       pc1 = 0
       pc2 = 0
       pc3 = 0
       pc4 = 0
       pc5 = 0
       pc6 = 0
       pc7 = 0
       pc8 = 0
       pc9 = 0
      pc10 = 0
      pc11 = 0
      pc12 = 0
      pc13 = 0
      pc14 = 0
      pc15 = 0
      pc16 = 0
Constrained:
   Tgbecnw = 98427.3
     Tecnw = 24632.7
       Tnw = 18492.2
       Tec = 9572.29
     twoNb = 1.33313e+06
     twoNe = 908243
     twoNc = 1.04111e+06
     twoNw = 2.24868e+06
    twoNec = 150458
    twoNnw = 30394.8
  twoNecnw = 83865.2
  twoNbecnw = 10612
  twoNgbecnw = 227003
         m = 0.168229
        m4 = 0.0185779
        m5 = 0.107147
        Ta = 37600
        Td = 4786.14
        Te = 2393.07
DiffEv reached_goal. cost=1.88281e-03 spread=2.98538e-06
Fitted parameter values
Free:
       pc1 = 1.96171
       pc2 = 1.68603
       pc3 = -3.2822
       pc4 = -1.99519
       pc5 = 1.7443
       pc6 = -1.23387
       pc7 = -0.575109
       pc8 = 1.99549
       pc9 = -0.379025
      pc10 = -0.170786
      pc11 = 0.347714
      pc12 = 0.0676894
      pc13 = 0.132823
      pc14 = -0.0699939
      pc15 = 0.0380094
      pc16 = 0.0127968
Constrained:
   Tgbecnw = 81213.8
     Tecnw = 23267.4
       Tnw = 18159.7
       Tec = 7397.07
     twoNb = 1.1407e+06
     twoNe = 2.68714e+06
     twoNc = 1.34399e+06
     twoNw = 3.2905e+06
    twoNec = 160752
    twoNnw = 25395.6
  twoNecnw = 78441
  twoNbecnw = 2713.55
  twoNgbecnw = 266209
         m = 0.128662
        m4 = 0.0195064
        m5 = 0.101544
        Ta = 37600
        Td = 3698.53
        Te = 1849.27
#       SitePat  BranchLen
              b 124864.9432256
              e 48572.3250795
              c 50879.5304721
              n 45980.4862348
              w 45959.6741528
            b:e 2068.9139684
            b:c 2491.3663122
            b:n 1782.9918450
            b:w 1781.5291776
            e:c 10441.3878453
            e:n 5468.4105012
            e:w 5489.2225832
            c:n 4979.1341866
            c:w 4974.3413384
            n:w 12618.1627779
          b:e:c 2078.4688726
          b:e:n 1130.1851466
          b:e:w 1131.6478139
          b:c:n 1143.3743366
          b:c:w 1141.7664251
          b:n:w 2036.8665796
          e:c:n 4566.7241004
          e:c:w 4571.5169486
          e:n:w 6476.0274275
          c:n:w 5496.6692573
        b:e:c:n 2059.0838835
        b:e:c:w 2060.6917951
        b:e:n:w 3145.9398102
        b:c:n:w 2376.4896887
        e:c:n:w 52033.7134182
