########################################
# legofit: estimate population history #
#       version 2.3.4-4-g53f8760       #
########################################

# Program was compiled: Sep 21 2021 14:36:42
# Program was run: Thu Sep 23 12:25:42 2021

# cmd: legofit -1 -d 0 -t 32 --ptsPerDim 3 --stateOut b1boot14.state --tol 3e-6 -S 5000 ade2.lgo ../../boot/boot14.opf
# Stage nOptItr nSimReps
#     0    5000        0
# algorithm          : deterministic
# ignoring probs <=  : 0
# Branch length floor: 0
# DE strategy        : 2
#    F               : 0.3
#    CR              : 0.8
#    tolerance       : 3e-06
# nthreads           : 32
# lgo input file     : ade2.lgo
# site pat input file: ../../boot/boot14.opf
# free parameters    : 16
# points in DE swarm : 48
# output state file  : b1boot14.state
# Including singleton site patterns.
# cost function      : KL
Initial parameter values
Fixed:
      zero = 0
       one = 1
    Tbecnw = 75200
Free:
       pc1 = 0
       pc2 = 0
       pc3 = 0
       pc4 = 0
       pc5 = 0
       pc6 = 0
       pc7 = 0
       pc8 = 0
       pc9 = 0
      pc10 = 0
      pc11 = 0
      pc12 = 0
      pc13 = 0
      pc14 = 0
      pc15 = 0
      pc16 = 0
Constrained:
   Tgbecnw = 98427.3
     Tecnw = 24632.7
       Tnw = 18492.2
       Tec = 9572.29
     twoNb = 1.33313e+06
     twoNe = 908243
     twoNc = 1.04111e+06
     twoNw = 2.24868e+06
    twoNec = 150458
    twoNnw = 30394.8
  twoNecnw = 83865.2
  twoNbecnw = 10612
  twoNgbecnw = 227003
         m = 0.168229
        m4 = 0.0185779
        m5 = 0.107147
        Ta = 37600
        Td = 4786.14
        Te = 2393.07
DiffEv reached_goal. cost=1.86647e-03 spread=2.02281e-06
Fitted parameter values
Free:
       pc1 = 1.75976
       pc2 = 1.88872
       pc3 = -2.55181
       pc4 = -1.9814
       pc5 = 1.86564
       pc6 = 0.0663087
       pc7 = 0.00773006
       pc8 = 1.69758
       pc9 = -1.44489
      pc10 = -0.108253
      pc11 = 0.572582
      pc12 = -0.0465369
      pc13 = 0.082151
      pc14 = -0.00981239
      pc15 = -0.026232
      pc16 = 0.00865116
Constrained:
   Tgbecnw = 82302.4
     Tecnw = 23402.8
       Tnw = 18760.8
       Tec = 6503.27
     twoNb = 1.61115e+06
     twoNe = 1.81232e+06
     twoNc = 2.55755e+06
     twoNw = 2.81252e+06
    twoNec = 175501
    twoNnw = 22401.1
  twoNecnw = 79472.1
  twoNbecnw = 3324.69
  twoNgbecnw = 244546
         m = 0.143945
        m4 = 0.01986
        m5 = 0.100688
        Ta = 37600
        Td = 3251.63
        Te = 1625.82
#       SitePat  BranchLen
              b 125802.9995197
              e 48989.1264668
              c 51356.9678641
              n 46201.9727084
              w 46176.5928284
            b:e 2098.1341145
            b:c 2523.4401878
            b:n 1786.3072889
            b:w 1784.5202091
            e:c 10503.1010181
            e:n 5482.5040249
            e:w 5507.8839049
            c:n 4990.6517832
            c:w 4984.8120293
            n:w 12800.5729614
          b:e:c 2101.9653127
          b:e:n 1135.8319956
          b:e:w 1137.6190754
          b:c:n 1148.2218701
          b:c:w 1146.2601411
          b:n:w 2059.6810977
          e:c:n 4558.2078179
          e:c:w 4564.0475718
          e:n:w 6579.9611573
          c:n:w 5570.9615087
        b:e:c:n 2059.4946570
        b:e:c:w 2061.4563860
        b:e:n:w 3195.2196797
        b:c:n:w 2404.9646318
        e:c:n:w 52471.5633873
