########################################
# legofit: estimate population history #
#       version 2.3.4-4-g53f8760       #
########################################

# Program was compiled: Sep 21 2021 14:36:42
# Program was run: Thu Sep 23 12:26:44 2021

# cmd: legofit -1 -d 0 -t 32 --ptsPerDim 3 --stateOut b1boot40.state --tol 3e-6 -S 5000 ade2.lgo ../../boot/boot40.opf
# Stage nOptItr nSimReps
#     0    5000        0
# algorithm          : deterministic
# ignoring probs <=  : 0
# Branch length floor: 0
# DE strategy        : 2
#    F               : 0.3
#    CR              : 0.8
#    tolerance       : 3e-06
# nthreads           : 32
# lgo input file     : ade2.lgo
# site pat input file: ../../boot/boot40.opf
# free parameters    : 16
# points in DE swarm : 48
# output state file  : b1boot40.state
# Including singleton site patterns.
# cost function      : KL
Initial parameter values
Fixed:
      zero = 0
       one = 1
    Tbecnw = 75200
Free:
       pc1 = 0
       pc2 = 0
       pc3 = 0
       pc4 = 0
       pc5 = 0
       pc6 = 0
       pc7 = 0
       pc8 = 0
       pc9 = 0
      pc10 = 0
      pc11 = 0
      pc12 = 0
      pc13 = 0
      pc14 = 0
      pc15 = 0
      pc16 = 0
Constrained:
   Tgbecnw = 98427.3
     Tecnw = 24632.7
       Tnw = 18492.2
       Tec = 9572.29
     twoNb = 1.33313e+06
     twoNe = 908243
     twoNc = 1.04111e+06
     twoNw = 2.24868e+06
    twoNec = 150458
    twoNnw = 30394.8
  twoNecnw = 83865.2
  twoNbecnw = 10612
  twoNgbecnw = 227003
         m = 0.168229
        m4 = 0.0185779
        m5 = 0.107147
        Ta = 37600
        Td = 4786.14
        Te = 2393.07
DiffEv reached_goal. cost=1.87957e-03 spread=2.82738e-06
Fitted parameter values
Free:
       pc1 = 3.69648
       pc2 = 0.0781502
       pc3 = -1.02247
       pc4 = -1.97254
       pc5 = 1.80183
       pc6 = -1.4189
       pc7 = 0.392139
       pc8 = 1.84112
       pc9 = 0.374839
      pc10 = -0.100694
      pc11 = 0.212315
      pc12 = 0.0946366
      pc13 = 0.0650068
      pc14 = -0.0170744
      pc15 = 0.00278037
      pc16 = 0.0228642
Constrained:
   Tgbecnw = 84437.4
     Tecnw = 24408.8
       Tnw = 16099.5
       Tec = 2408.05
     twoNb = 1.5295e+06
     twoNe = 3.02541e+06
     twoNc = 1.12017e+06
     twoNw = 3.47669e+06
    twoNec = 227463
    twoNnw = 41676
  twoNecnw = 76272.7
  twoNbecnw = 4313.76
  twoNgbecnw = 245846
         m = 0.140494
        m4 = 0.0190564
        m5 = 0.105559
        Ta = 37600
        Td = 1204.02
        Te = 602.012
#       SitePat  BranchLen
              b 126218.7582790
              e 49027.3669505
              c 51407.5942515
              n 46451.1070215
              w 46430.6304142
            b:e 2102.6158608
            b:c 2524.2980629
            b:n 1812.5081335
            b:w 1811.1177059
            e:c 10573.2341854
            e:n 5508.8275852
            e:w 5529.3041925
            c:n 4992.5229452
            c:w 4988.0089799
            n:w 12755.9444220
          b:e:c 2091.3671631
          b:e:n 1149.0871511
          b:e:w 1150.4775788
          b:c:n 1160.9045419
          b:c:w 1159.3844161
          b:n:w 2052.6960325
          e:c:n 4622.1723743
          e:c:w 4626.6863396
          e:n:w 6558.3248527
          c:n:w 5557.0172794
        b:e:c:n 2076.9463370
        b:e:c:w 2078.4664628
        b:e:n:w 3160.5450300
        b:c:n:w 2396.8183576
        e:c:n:w 52690.5694165
