########################################
# legofit: estimate population history #
#       version 2.3.4-4-g53f8760       #
########################################

# Program was compiled: Sep 21 2021 14:36:42
# Program was run: Thu Sep 23 12:25:42 2021

# cmd: legofit -1 -d 0 -t 32 --ptsPerDim 3 --stateOut b1boot18.state --tol 3e-6 -S 5000 ade2.lgo ../../boot/boot18.opf
# Stage nOptItr nSimReps
#     0    5000        0
# algorithm          : deterministic
# ignoring probs <=  : 0
# Branch length floor: 0
# DE strategy        : 2
#    F               : 0.3
#    CR              : 0.8
#    tolerance       : 3e-06
# nthreads           : 32
# lgo input file     : ade2.lgo
# site pat input file: ../../boot/boot18.opf
# free parameters    : 16
# points in DE swarm : 48
# output state file  : b1boot18.state
# Including singleton site patterns.
# cost function      : KL
Initial parameter values
Fixed:
      zero = 0
       one = 1
    Tbecnw = 75200
Free:
       pc1 = 0
       pc2 = 0
       pc3 = 0
       pc4 = 0
       pc5 = 0
       pc6 = 0
       pc7 = 0
       pc8 = 0
       pc9 = 0
      pc10 = 0
      pc11 = 0
      pc12 = 0
      pc13 = 0
      pc14 = 0
      pc15 = 0
      pc16 = 0
Constrained:
   Tgbecnw = 98427.3
     Tecnw = 24632.7
       Tnw = 18492.2
       Tec = 9572.29
     twoNb = 1.33313e+06
     twoNe = 908243
     twoNc = 1.04111e+06
     twoNw = 2.24868e+06
    twoNec = 150458
    twoNnw = 30394.8
  twoNecnw = 83865.2
  twoNbecnw = 10612
  twoNgbecnw = 227003
         m = 0.168229
        m4 = 0.0185779
        m5 = 0.107147
        Ta = 37600
        Td = 4786.14
        Te = 2393.07
DiffEv reached_goal. cost=1.90483e-03 spread=2.96722e-06
Fitted parameter values
Free:
       pc1 = 3.25657
       pc2 = 1.69183
       pc3 = -2.0656
       pc4 = -1.8276
       pc5 = 1.99246
       pc6 = -0.0856372
       pc7 = 0.128501
       pc8 = 1.95623
       pc9 = -1.30512
      pc10 = -0.501697
      pc11 = -0.302136
      pc12 = 0.0919287
      pc13 = 0.215232
      pc14 = 0.0633509
      pc15 = 0.0169476
      pc16 = 0.0102859
Constrained:
   Tgbecnw = 81407.8
     Tecnw = 23668.4
       Tnw = 16821.1
       Tec = 4295.3
     twoNb = 1.74388e+06
     twoNe = 2.12428e+06
     twoNc = 2.48197e+06
     twoNw = 3.02689e+06
    twoNec = 202186
    twoNnw = 34237
  twoNecnw = 78866.4
  twoNbecnw = 2909.12
  twoNgbecnw = 246404
         m = 0.142846
        m4 = 0.0196981
        m5 = 0.0958002
        Ta = 37600
        Td = 2147.65
        Te = 1073.82
#       SitePat  BranchLen
              b 125601.1337764
              e 48976.1539551
              c 51262.2378388
              n 46290.1872317
              w 46268.8966758
            b:e 2097.8248873
            b:c 2506.6499625
            b:n 1801.4700221
            b:w 1800.0052802
            e:c 10535.6210030
            e:n 5479.7809736
            e:w 5501.0715295
            c:n 4998.5312872
            c:w 4993.7753920
            n:w 12773.7605962
          b:e:c 2095.1882847
          b:e:n 1145.0906014
          b:e:w 1146.5553434
          b:c:n 1156.8611845
          b:c:w 1155.2523826
          b:n:w 2054.5327365
          e:c:n 4568.7055479
          e:c:w 4573.4614431
          e:n:w 6476.0068419
          c:n:w 5523.8288156
        b:e:c:n 2079.4988477
        b:e:c:w 2081.1076497
        b:e:n:w 3182.4653468
        b:c:n:w 2407.8122220
        e:c:n:w 52372.9166664
