########################################
# legofit: estimate population history #
#       version 2.3.4-4-g53f8760       #
########################################

# Program was compiled: Sep 21 2021 14:36:42
# Program was run: Thu Sep 23 12:25:07 2021

# cmd: legofit -1 -d 0 -t 32 --ptsPerDim 3 --stateOut b1boot5.state --tol 3e-6 -S 5000 ade2.lgo ../../boot/boot5.opf
# Stage nOptItr nSimReps
#     0    5000        0
# algorithm          : deterministic
# ignoring probs <=  : 0
# Branch length floor: 0
# DE strategy        : 2
#    F               : 0.3
#    CR              : 0.8
#    tolerance       : 3e-06
# nthreads           : 32
# lgo input file     : ade2.lgo
# site pat input file: ../../boot/boot5.opf
# free parameters    : 16
# points in DE swarm : 48
# output state file  : b1boot5.state
# Including singleton site patterns.
# cost function      : KL
Initial parameter values
Fixed:
      zero = 0
       one = 1
    Tbecnw = 75200
Free:
       pc1 = 0
       pc2 = 0
       pc3 = 0
       pc4 = 0
       pc5 = 0
       pc6 = 0
       pc7 = 0
       pc8 = 0
       pc9 = 0
      pc10 = 0
      pc11 = 0
      pc12 = 0
      pc13 = 0
      pc14 = 0
      pc15 = 0
      pc16 = 0
Constrained:
   Tgbecnw = 98427.3
     Tecnw = 24632.7
       Tnw = 18492.2
       Tec = 9572.29
     twoNb = 1.33313e+06
     twoNe = 908243
     twoNc = 1.04111e+06
     twoNw = 2.24868e+06
    twoNec = 150458
    twoNnw = 30394.8
  twoNecnw = 83865.2
  twoNbecnw = 10612
  twoNgbecnw = 227003
         m = 0.168229
        m4 = 0.0185779
        m5 = 0.107147
        Ta = 37600
        Td = 4786.14
        Te = 2393.07
DiffEv reached_goal. cost=1.88599e-03 spread=2.73229e-06
Fitted parameter values
Free:
       pc1 = 1.43316
       pc2 = 1.24269
       pc3 = -2.02554
       pc4 = -1.93527
       pc5 = 1.71852
       pc6 = 0.372596
       pc7 = 0.710973
       pc8 = 1.8631
       pc9 = 0.219611
      pc10 = 0.0416234
      pc11 = -0.316848
      pc12 = 0.0311905
      pc13 = 0.1111
      pc14 = 0.000172935
      pc15 = -0.0297653
      pc16 = -0.0163943
Constrained:
   Tgbecnw = 85985.6
     Tecnw = 23750.3
       Tnw = 18785.8
       Tec = 6583.45
     twoNb = 2.09807e+06
     twoNe = 2.56872e+06
     twoNc = 1.66357e+06
     twoNw = 2.63019e+06
    twoNec = 178164
    twoNnw = 23921.2
  twoNecnw = 79457.9
  twoNbecnw = 4950.71
  twoNgbecnw = 247627
         m = 0.141561
        m4 = 0.0186155
        m5 = 0.10101
        Ta = 37600
        Td = 3291.72
        Te = 1645.86
#       SitePat  BranchLen
              b 126722.2251230
              e 49362.1320816
              c 51701.3649021
              n 46552.5802792
              w 46525.1207827
            b:e 2112.6577065
            b:c 2509.3959893
            b:n 1798.7018489
            b:w 1796.7730007
            e:c 10572.1423891
            e:n 5506.5175494
            e:w 5533.9770460
            c:n 5019.7183047
            c:w 5013.4094694
            n:w 12880.6411636
          b:e:c 2111.3293954
          b:e:n 1141.1636121
          b:e:w 1143.0924602
          b:c:n 1152.5383099
          b:c:w 1150.4269437
          b:n:w 2071.1967635
          e:c:n 4595.9307208
          e:c:w 4602.2395560
          e:n:w 6603.3980449
          c:n:w 5617.5513253
        b:e:c:n 2065.5131023
        b:e:c:w 2067.6244685
        b:e:n:w 3173.7342191
        b:c:n:w 2412.2671083
        e:c:n:w 52837.1880666
