########################################
# legofit: estimate population history #
#       version 2.3.4-4-g53f8760       #
########################################

# Program was compiled: Sep 21 2021 14:36:42
# Program was run: Thu Sep 23 12:26:55 2021

# cmd: legofit -1 -d 0 -t 32 --ptsPerDim 3 --stateOut b1boot43.state --tol 3e-6 -S 5000 ade2.lgo ../../boot/boot43.opf
# Stage nOptItr nSimReps
#     0    5000        0
# algorithm          : deterministic
# ignoring probs <=  : 0
# Branch length floor: 0
# DE strategy        : 2
#    F               : 0.3
#    CR              : 0.8
#    tolerance       : 3e-06
# nthreads           : 32
# lgo input file     : ade2.lgo
# site pat input file: ../../boot/boot43.opf
# free parameters    : 16
# points in DE swarm : 48
# output state file  : b1boot43.state
# Including singleton site patterns.
# cost function      : KL
Initial parameter values
Fixed:
      zero = 0
       one = 1
    Tbecnw = 75200
Free:
       pc1 = 0
       pc2 = 0
       pc3 = 0
       pc4 = 0
       pc5 = 0
       pc6 = 0
       pc7 = 0
       pc8 = 0
       pc9 = 0
      pc10 = 0
      pc11 = 0
      pc12 = 0
      pc13 = 0
      pc14 = 0
      pc15 = 0
      pc16 = 0
Constrained:
   Tgbecnw = 98427.3
     Tecnw = 24632.7
       Tnw = 18492.2
       Tec = 9572.29
     twoNb = 1.33313e+06
     twoNe = 908243
     twoNc = 1.04111e+06
     twoNw = 2.24868e+06
    twoNec = 150458
    twoNnw = 30394.8
  twoNecnw = 83865.2
  twoNbecnw = 10612
  twoNgbecnw = 227003
         m = 0.168229
        m4 = 0.0185779
        m5 = 0.107147
        Ta = 37600
        Td = 4786.14
        Te = 2393.07
DiffEv reached_goal. cost=1.89879e-03 spread=2.98643e-06
Fitted parameter values
Free:
       pc1 = 3.13062
       pc2 = 1.14461
       pc3 = -1.93886
       pc4 = -1.82645
       pc5 = 1.49577
       pc6 = -1.51707
       pc7 = -0.0215029
       pc8 = 1.58927
       pc9 = -0.554028
      pc10 = -0.116539
      pc11 = 0.536983
      pc12 = 0.0462403
      pc13 = 0.146131
      pc14 = 0.00485653
      pc15 = 0.0113086
      pc16 = 0.0160051
Constrained:
   Tgbecnw = 82254.5
     Tecnw = 23959.3
       Tnw = 16615.2
       Tec = 5597.86
     twoNb = 1.28475e+06
     twoNe = 2.48959e+06
     twoNc = 1.46572e+06
     twoNw = 3.3728e+06
    twoNec = 187133
    twoNnw = 36567.2
  twoNecnw = 77407
  twoNbecnw = 3298.86
  twoNgbecnw = 247821
         m = 0.139361
        m4 = 0.0197937
        m5 = 0.104068
        Ta = 37600
        Td = 2798.93
        Te = 1399.46
#       SitePat  BranchLen
              b 125459.5071482
              e 48909.2702029
              c 51291.7300217
              n 46245.8998802
              w 46225.8829779
            b:e 2093.3190370
            b:c 2528.9637005
            b:n 1803.7265083
            b:w 1802.3459207
            e:c 10483.7091033
            e:n 5488.0506074
            e:w 5508.0675097
            c:n 4974.4968158
            c:w 4970.0167189
            n:w 12752.8454357
          b:e:c 2095.2146172
          b:e:n 1143.5684525
          b:e:w 1144.9490400
          b:c:n 1156.2400046
          b:c:w 1154.7259178
          b:n:w 2054.5534789
          e:c:n 4589.6679413
          e:c:w 4594.1480382
          e:n:w 6531.0535001
          c:n:w 5521.9527224
        b:e:c:n 2076.0507681
        b:e:c:w 2077.5648549
        b:e:n:w 3176.3754836
        b:c:n:w 2396.5275573
        e:c:n:w 52252.6237076
