########################################
# legofit: estimate population history #
#       version 2.3.4-4-g53f8760       #
########################################

# Program was compiled: Sep 21 2021 14:36:42
# Program was run: Thu Sep 23 12:25:56 2021

# cmd: legofit -1 -d 0 -t 32 --ptsPerDim 3 --stateOut b1boot21.state --tol 3e-6 -S 5000 ade2.lgo ../../boot/boot21.opf
# Stage nOptItr nSimReps
#     0    5000        0
# algorithm          : deterministic
# ignoring probs <=  : 0
# Branch length floor: 0
# DE strategy        : 2
#    F               : 0.3
#    CR              : 0.8
#    tolerance       : 3e-06
# nthreads           : 32
# lgo input file     : ade2.lgo
# site pat input file: ../../boot/boot21.opf
# free parameters    : 16
# points in DE swarm : 48
# output state file  : b1boot21.state
# Including singleton site patterns.
# cost function      : KL
Initial parameter values
Fixed:
      zero = 0
       one = 1
    Tbecnw = 75200
Free:
       pc1 = 0
       pc2 = 0
       pc3 = 0
       pc4 = 0
       pc5 = 0
       pc6 = 0
       pc7 = 0
       pc8 = 0
       pc9 = 0
      pc10 = 0
      pc11 = 0
      pc12 = 0
      pc13 = 0
      pc14 = 0
      pc15 = 0
      pc16 = 0
Constrained:
   Tgbecnw = 98427.3
     Tecnw = 24632.7
       Tnw = 18492.2
       Tec = 9572.29
     twoNb = 1.33313e+06
     twoNe = 908243
     twoNc = 1.04111e+06
     twoNw = 2.24868e+06
    twoNec = 150458
    twoNnw = 30394.8
  twoNecnw = 83865.2
  twoNbecnw = 10612
  twoNgbecnw = 227003
         m = 0.168229
        m4 = 0.0185779
        m5 = 0.107147
        Ta = 37600
        Td = 4786.14
        Te = 2393.07
DiffEv reached_goal. cost=1.86718e-03 spread=2.50155e-06
Fitted parameter values
Free:
       pc1 = 3.0027
       pc2 = 1.06145
       pc3 = -3.92639
       pc4 = -1.98504
       pc5 = 1.89305
       pc6 = 0.242714
       pc7 = -0.40512
       pc8 = 1.85633
       pc9 = -1.40813
      pc10 = -0.0808464
      pc11 = 0.0794159
      pc12 = 0.285413
      pc13 = 0.252974
      pc14 = -0.0767116
      pc15 = 0.0226728
      pc16 = -0.0113577
Constrained:
   Tgbecnw = 80540.9
     Tecnw = 23409.7
       Tnw = 18311.8
       Tec = 4427.39
     twoNb = 1.43502e+06
     twoNe = 1.70893e+06
     twoNc = 2.07011e+06
     twoNw = 2.7409e+06
    twoNec = 198204
    twoNnw = 24778.4
  twoNecnw = 76190.3
  twoNbecnw = 2327.82
  twoNgbecnw = 292422
         m = 0.113348
        m4 = 0.0198981
        m5 = 0.095004
        Ta = 37600
        Td = 2213.69
        Te = 1106.85
#       SitePat  BranchLen
              b 124234.4461770
              e 48274.3766151
              c 50545.2768549
              n 45611.0867846
              w 45586.5316257
            b:e 2078.5679817
            b:c 2479.0966890
            b:n 1770.6163221
            b:w 1768.8953848
            e:c 10441.2468839
            e:n 5394.2318723
            e:w 5418.7870312
            c:n 4929.4644615
            c:w 4923.8415533
            n:w 12599.3234953
          b:e:c 2081.6721643
          b:e:n 1124.2258050
          b:e:w 1125.9467423
          b:c:n 1137.5465513
          b:c:w 1135.6565897
          b:n:w 2038.3366923
          e:c:n 4529.0041744
          e:c:w 4534.6270826
          e:n:w 6481.3257175
          c:n:w 5529.1628715
        b:e:c:n 2041.6167373
        b:e:c:w 2043.5066990
        b:e:n:w 3165.7780770
        b:c:n:w 2383.1940216
        e:c:n:w 51874.1893001
