########################################
# legofit: estimate population history #
#       version 2.3.4-4-g53f8760       #
########################################

# Program was compiled: Sep 21 2021 14:36:42
# Program was run: Thu Sep 23 12:25:22 2021

# cmd: legofit -1 -d 0 -t 32 --ptsPerDim 3 --stateOut b1boot8.state --tol 3e-6 -S 5000 ade2.lgo ../../boot/boot8.opf
# Stage nOptItr nSimReps
#     0    5000        0
# algorithm          : deterministic
# ignoring probs <=  : 0
# Branch length floor: 0
# DE strategy        : 2
#    F               : 0.3
#    CR              : 0.8
#    tolerance       : 3e-06
# nthreads           : 32
# lgo input file     : ade2.lgo
# site pat input file: ../../boot/boot8.opf
# free parameters    : 16
# points in DE swarm : 48
# output state file  : b1boot8.state
# Including singleton site patterns.
# cost function      : KL
Initial parameter values
Fixed:
      zero = 0
       one = 1
    Tbecnw = 75200
Free:
       pc1 = 0
       pc2 = 0
       pc3 = 0
       pc4 = 0
       pc5 = 0
       pc6 = 0
       pc7 = 0
       pc8 = 0
       pc9 = 0
      pc10 = 0
      pc11 = 0
      pc12 = 0
      pc13 = 0
      pc14 = 0
      pc15 = 0
      pc16 = 0
Constrained:
   Tgbecnw = 98427.3
     Tecnw = 24632.7
       Tnw = 18492.2
       Tec = 9572.29
     twoNb = 1.33313e+06
     twoNe = 908243
     twoNc = 1.04111e+06
     twoNw = 2.24868e+06
    twoNec = 150458
    twoNnw = 30394.8
  twoNecnw = 83865.2
  twoNbecnw = 10612
  twoNgbecnw = 227003
         m = 0.168229
        m4 = 0.0185779
        m5 = 0.107147
        Ta = 37600
        Td = 4786.14
        Te = 2393.07
DiffEv reached_goal. cost=1.86792e-03 spread=2.24288e-06
Fitted parameter values
Free:
       pc1 = 1.82254
       pc2 = 1.55563
       pc3 = -2.61953
       pc4 = -1.99122
       pc5 = 1.95048
       pc6 = -0.592238
       pc7 = -0.361587
       pc8 = 1.84912
       pc9 = -1.69563
      pc10 = -0.163023
      pc11 = -0.424797
      pc12 = -0.0137625
      pc13 = 0.174353
      pc14 = -0.0150851
      pc15 = 0.000815331
      pc16 = -0.00374315
Constrained:
   Tgbecnw = 82713.6
     Tecnw = 23412.3
       Tnw = 18139.3
       Tec = 7000.32
     twoNb = 1.37172e+06
     twoNe = 1.72269e+06
     twoNc = 2.70103e+06
     twoNw = 3.53786e+06
    twoNec = 169645
    twoNnw = 25851.6
  twoNecnw = 79128.7
  twoNbecnw = 3442.45
  twoNgbecnw = 253094
         m = 0.136443
        m4 = 0.0193922
        m5 = 0.097466
        Ta = 37600
        Td = 3500.16
        Te = 1750.08
#       SitePat  BranchLen
              b 125286.2806595
              e 48930.8301256
              c 51209.3289075
              n 46170.3114632
              w 46151.5256907
            b:e 2079.2139177
            b:c 2490.2054746
            b:n 1778.3815329
            b:w 1777.0719170
            e:c 10478.1770730
            e:n 5470.6943845
            e:w 5489.4801569
            c:n 4990.3105692
            c:w 4986.0088249
            n:w 12761.4625452
          b:e:c 2082.7049480
          b:e:n 1128.8429671
          b:e:w 1130.1525830
          b:c:n 1140.7947826
          b:c:w 1139.3569895
          b:n:w 2041.3403123
          e:c:n 4559.1586534
          e:c:w 4563.4603978
          e:n:w 6504.3096138
          c:n:w 5539.8631757
        b:e:c:n 2050.9712018
        b:e:c:w 2052.4089950
        b:e:n:w 3146.3091434
        b:c:n:w 2383.9638157
        e:c:n:w 52041.2854313
