########################################
# legofit: estimate population history #
#       version 2.3.4-4-g53f8760       #
########################################

# Program was compiled: Sep 21 2021 14:36:42
# Program was run: Thu Sep 23 12:25:42 2021

# cmd: legofit -1 -d 0 -t 32 --ptsPerDim 3 --stateOut b1boot15.state --tol 3e-6 -S 5000 ade2.lgo ../../boot/boot15.opf
# Stage nOptItr nSimReps
#     0    5000        0
# algorithm          : deterministic
# ignoring probs <=  : 0
# Branch length floor: 0
# DE strategy        : 2
#    F               : 0.3
#    CR              : 0.8
#    tolerance       : 3e-06
# nthreads           : 32
# lgo input file     : ade2.lgo
# site pat input file: ../../boot/boot15.opf
# free parameters    : 16
# points in DE swarm : 48
# output state file  : b1boot15.state
# Including singleton site patterns.
# cost function      : KL
Initial parameter values
Fixed:
      zero = 0
       one = 1
    Tbecnw = 75200
Free:
       pc1 = 0
       pc2 = 0
       pc3 = 0
       pc4 = 0
       pc5 = 0
       pc6 = 0
       pc7 = 0
       pc8 = 0
       pc9 = 0
      pc10 = 0
      pc11 = 0
      pc12 = 0
      pc13 = 0
      pc14 = 0
      pc15 = 0
      pc16 = 0
Constrained:
   Tgbecnw = 98427.3
     Tecnw = 24632.7
       Tnw = 18492.2
       Tec = 9572.29
     twoNb = 1.33313e+06
     twoNe = 908243
     twoNc = 1.04111e+06
     twoNw = 2.24868e+06
    twoNec = 150458
    twoNnw = 30394.8
  twoNecnw = 83865.2
  twoNbecnw = 10612
  twoNgbecnw = 227003
         m = 0.168229
        m4 = 0.0185779
        m5 = 0.107147
        Ta = 37600
        Td = 4786.14
        Te = 2393.07
DiffEv reached_goal. cost=1.88223e-03 spread=2.68408e-06
Fitted parameter values
Free:
       pc1 = 2.92001
       pc2 = 0.785517
       pc3 = -2.46118
       pc4 = -1.96242
       pc5 = 1.88691
       pc6 = -0.201029
       pc7 = -0.0744211
       pc8 = 1.75231
       pc9 = -1.29282
      pc10 = -0.102711
      pc11 = 0.373811
      pc12 = 0.104931
      pc13 = 0.20744
      pc14 = -0.00277239
      pc15 = -0.0041624
      pc16 = 0.0080453
Constrained:
   Tgbecnw = 82655
     Tecnw = 23808.5
       Tnw = 17827.5
       Tec = 3708.45
     twoNb = 1.48661e+06
     twoNe = 1.828e+06
     twoNc = 2.21459e+06
     twoNw = 3.05527e+06
    twoNec = 209915
    twoNnw = 29263.4
  twoNecnw = 77310.9
  twoNbecnw = 3370.83
  twoNgbecnw = 261930
         m = 0.130339
        m4 = 0.0197872
        m5 = 0.0998647
        Ta = 37600
        Td = 1854.22
        Te = 927.112
#       SitePat  BranchLen
              b 125159.3497311
              e 48781.3395194
              c 51118.5555593
              n 46116.8790021
              w 46093.6371336
            b:e 2074.3835569
            b:c 2488.8732102
            b:n 1771.5540472
            b:w 1769.9579685
            e:c 10493.4857102
            e:n 5442.8531786
            e:w 5466.0950470
            c:n 4953.0471302
            c:w 4947.8182617
            n:w 12690.6451737
          b:e:c 2072.1253011
          b:e:n 1125.7563247
          b:e:w 1127.3524033
          b:c:n 1138.2548466
          b:c:w 1136.5043134
          b:n:w 2030.6142221
          e:c:n 4538.7501175
          e:c:w 4543.9789860
          e:n:w 6507.7665658
          c:n:w 5524.3279566
        b:e:c:n 2039.4319863
        b:e:c:w 2041.1825195
        b:e:n:w 3156.4556754
        b:c:n:w 2374.6206649
        e:c:n:w 52095.4602078
