########################################
# legofit: estimate population history #
#       version 2.3.4-4-g53f8760       #
########################################

# Program was compiled: Sep 21 2021 14:36:42
# Program was run: Thu Sep 23 12:24:59 2021

# cmd: legofit -1 -d 0 -t 32 --ptsPerDim 3 --stateOut b1boot4.state --tol 3e-6 -S 5000 ade2.lgo ../../boot/boot4.opf
# Stage nOptItr nSimReps
#     0    5000        0
# algorithm          : deterministic
# ignoring probs <=  : 0
# Branch length floor: 0
# DE strategy        : 2
#    F               : 0.3
#    CR              : 0.8
#    tolerance       : 3e-06
# nthreads           : 32
# lgo input file     : ade2.lgo
# site pat input file: ../../boot/boot4.opf
# free parameters    : 16
# points in DE swarm : 48
# output state file  : b1boot4.state
# Including singleton site patterns.
# cost function      : KL
Initial parameter values
Fixed:
      zero = 0
       one = 1
    Tbecnw = 75200
Free:
       pc1 = 0
       pc2 = 0
       pc3 = 0
       pc4 = 0
       pc5 = 0
       pc6 = 0
       pc7 = 0
       pc8 = 0
       pc9 = 0
      pc10 = 0
      pc11 = 0
      pc12 = 0
      pc13 = 0
      pc14 = 0
      pc15 = 0
      pc16 = 0
Constrained:
   Tgbecnw = 98427.3
     Tecnw = 24632.7
       Tnw = 18492.2
       Tec = 9572.29
     twoNb = 1.33313e+06
     twoNe = 908243
     twoNc = 1.04111e+06
     twoNw = 2.24868e+06
    twoNec = 150458
    twoNnw = 30394.8
  twoNecnw = 83865.2
  twoNbecnw = 10612
  twoNgbecnw = 227003
         m = 0.168229
        m4 = 0.0185779
        m5 = 0.107147
        Ta = 37600
        Td = 4786.14
        Te = 2393.07
DiffEv reached_goal. cost=1.89104e-03 spread=2.02734e-06
Fitted parameter values
Free:
       pc1 = 3.00843
       pc2 = 1.88779
       pc3 = -2.82754
       pc4 = -1.90384
       pc5 = 1.86225
       pc6 = -0.39041
       pc7 = 0.311005
       pc8 = 1.95366
       pc9 = -0.960407
      pc10 = 0.228891
      pc11 = 0.270792
      pc12 = 0.133077
      pc13 = 0.24442
      pc14 = 0.0736687
      pc15 = 0.00691314
      pc16 = 0.0159318
Constrained:
   Tgbecnw = 79860
     Tecnw = 23699.5
       Tnw = 17807.3
       Tec = 6188.38
     twoNb = 1.68115e+06
     twoNe = 2.49224e+06
     twoNc = 2.06569e+06
     twoNw = 2.89555e+06
    twoNec = 179311
    twoNnw = 29063.8
  twoNecnw = 76818.5
  twoNbecnw = 2163.04
  twoNgbecnw = 253788
         m = 0.135578
        m4 = 0.019959
        m5 = 0.0981506
        Ta = 37600
        Td = 3094.19
        Te = 1547.09
#       SitePat  BranchLen
              b 124679.5888032
              e 48586.2846078
              c 50894.6118517
              n 45945.9976335
              w 45923.0877179
            b:e 2060.5182705
            b:c 2469.9569433
            b:n 1768.1397347
            b:w 1766.5518855
            e:c 10397.2371862
            e:n 5406.1998545
            e:w 5429.1097701
            c:n 4926.1254555
            c:w 4920.9262415
            n:w 12595.2048750
          b:e:c 2065.6920158
          b:e:n 1120.8158409
          b:e:w 1122.4036901
          b:c:n 1133.1536145
          b:c:w 1131.4108338
          b:n:w 2025.1007853
          e:c:n 4533.3987807
          e:c:w 4538.5979947
          e:n:w 6453.6358353
          c:n:w 5483.9015948
        b:e:c:n 2037.6863539
        b:e:c:w 2039.4291346
        b:e:n:w 3142.7680019
        b:c:n:w 2361.6489765
        e:c:n:w 51991.0879069
