########################################
# legofit: estimate population history #
#       version 2.3.4-4-g53f8760       #
########################################

# Program was compiled: Sep 21 2021 14:36:42
# Program was run: Thu Sep 23 12:27:04 2021

# cmd: legofit -1 -d 0 -t 32 --ptsPerDim 3 --stateOut b1boot45.state --tol 3e-6 -S 5000 ade2.lgo ../../boot/boot45.opf
# Stage nOptItr nSimReps
#     0    5000        0
# algorithm          : deterministic
# ignoring probs <=  : 0
# Branch length floor: 0
# DE strategy        : 2
#    F               : 0.3
#    CR              : 0.8
#    tolerance       : 3e-06
# nthreads           : 32
# lgo input file     : ade2.lgo
# site pat input file: ../../boot/boot45.opf
# free parameters    : 16
# points in DE swarm : 48
# output state file  : b1boot45.state
# Including singleton site patterns.
# cost function      : KL
Initial parameter values
Fixed:
      zero = 0
       one = 1
    Tbecnw = 75200
Free:
       pc1 = 0
       pc2 = 0
       pc3 = 0
       pc4 = 0
       pc5 = 0
       pc6 = 0
       pc7 = 0
       pc8 = 0
       pc9 = 0
      pc10 = 0
      pc11 = 0
      pc12 = 0
      pc13 = 0
      pc14 = 0
      pc15 = 0
      pc16 = 0
Constrained:
   Tgbecnw = 98427.3
     Tecnw = 24632.7
       Tnw = 18492.2
       Tec = 9572.29
     twoNb = 1.33313e+06
     twoNe = 908243
     twoNc = 1.04111e+06
     twoNw = 2.24868e+06
    twoNec = 150458
    twoNnw = 30394.8
  twoNecnw = 83865.2
  twoNbecnw = 10612
  twoNgbecnw = 227003
         m = 0.168229
        m4 = 0.0185779
        m5 = 0.107147
        Ta = 37600
        Td = 4786.14
        Te = 2393.07
DiffEv reached_goal. cost=1.91340e-03 spread=2.51151e-06
Fitted parameter values
Free:
       pc1 = 2.07786
       pc2 = 1.84489
       pc3 = -2.62165
       pc4 = -1.98011
       pc5 = 1.79435
       pc6 = -0.497899
       pc7 = 0.123453
       pc8 = 1.87369
       pc9 = 0.0271744
      pc10 = -0.0846093
      pc11 = 0.425866
      pc12 = 0.0731007
      pc13 = 0.133231
      pc14 = 0.0114117
      pc15 = 0.000355664
      pc16 = -0.00242006
Constrained:
   Tgbecnw = 81796.3
     Tecnw = 23511
       Tnw = 18167.3
       Tec = 6801.12
     twoNb = 1.61941e+06
     twoNe = 2.85856e+06
     twoNc = 1.44155e+06
     twoNw = 2.74524e+06
    twoNec = 170946
    twoNnw = 26101.5
  twoNecnw = 78870.5
  twoNbecnw = 3045.15
  twoNgbecnw = 251612
         m = 0.139475
        m4 = 0.0193675
        m5 = 0.102291
        Ta = 37600
        Td = 3400.56
        Te = 1700.28
#       SitePat  BranchLen
              b 125598.3528905
              e 48863.3819725
              c 51220.4156846
              n 46154.3114509
              w 46128.8054825
            b:e 2076.9864415
            b:c 2490.4559959
            b:n 1778.8225495
            b:w 1777.0436427
            e:c 10467.7246250
            e:n 5465.0611386
            e:w 5490.5671069
            c:n 4970.3392913
            c:w 4964.5156119
            n:w 12732.7288515
          b:e:c 2083.8934686
          b:e:n 1129.1014599
          b:e:w 1130.8803668
          b:c:n 1141.4956061
          b:c:w 1139.5422806
          b:n:w 2042.8256322
          e:c:n 4549.4494612
          e:c:w 4555.2731406
          e:n:w 6513.0196540
          c:n:w 5519.5672513
        b:e:c:n 2051.5451601
        b:e:c:w 2053.4984856
        b:e:n:w 3159.4489250
        b:c:n:w 2382.1149746
        e:c:n:w 52446.1768422
