########################################
# legofit: estimate population history #
#       version 2.3.4-4-g53f8760       #
########################################

# Program was compiled: Sep 21 2021 14:36:42
# Program was run: Sat Oct 30 09:50:19 2021

# cmd: legofit -1 -d 0 -t 32 --ptsPerDim 3 --stateOut b1boot7.state --tol 3e-6 -S 5000 begr2.lgo ../../chrX/boot_chrX/boot7.opf
# Stage nOptItr nSimReps
#     0    5000        0
# algorithm          : deterministic
# ignoring probs <=  : 0
# Branch length floor: 0
# DE strategy        : 2
#    F               : 0.3
#    CR              : 0.8
#    tolerance       : 3e-06
# nthreads           : 32
# lgo input file     : begr2.lgo
# site pat input file: ../../chrX/boot_chrX/boot7.opf
# free parameters    : 13
# points in DE swarm : 39
# output state file  : b1boot7.state
# Including singleton site patterns.
# cost function      : KL
Initial parameter values
Fixed:
      zero = 0
       one = 1
    Tbecnw = 75200
Free:
       pc1 = 0
       pc2 = 0
       pc3 = 0
       pc4 = 0
       pc5 = 0
       pc6 = 0
       pc7 = 0
       pc8 = 0
       pc9 = 0
      pc10 = 0
      pc11 = 0
      pc12 = 0
      pc13 = 0
Constrained:
     Tecnw = 30628.7
       Tnw = 2456.68
       Tec = 129.406
     twoNb = 1.77635e+06
     twoNe = 383253
     twoNw = 961088
    twoNec = 153632
    twoNnw = 131902
  twoNecnw = 30488.7
  twoNbecnw = 44766
        m2 = 0.0117227
        m5 = 0.168725
        m7 = 0.0568514
        Tb = 15379.1
        Te = 64.7029
        Tg = 32.3514
DiffEv reached_goal. cost=3.10779e-03 spread=1.98729e-06
Fitted parameter values
Free:
       pc1 = -3.73893
       pc2 = -2.02905
       pc3 = -2.02155
       pc4 = -0.942735
       pc5 = 0.792518
       pc6 = -1.80928
       pc7 = -1.75418
       pc8 = 0.176597
       pc9 = -1.27638
      pc10 = -1.31861
      pc11 = -0.0350974
      pc12 = -0.178574
      pc13 = -0.197425
Constrained:
     Tecnw = 31003.4
       Tnw = 26.0534
       Tec = 29.7942
     twoNb = 4.90246e+06
     twoNe = 383342
     twoNw = 899794
    twoNec = 140200
    twoNnw = 158701
  twoNecnw = 30427
  twoNbecnw = 44993.5
        m2 = 0.020274
        m5 = 0.175758
        m7 = 0.0502123
        Tb = 15516.6
        Te = 14.8971
        Tg = 7.44856
#       SitePat  BranchLen
              b 110009.2265487
              e 40830.2078983
              c 43052.1764621
              n 40729.1250797
              w 40729.0228913
            b:e 1327.2408183
            b:c 1530.9476253
            b:n 1044.6357147
            b:w 1044.6367880
            e:c 10537.8902688
            e:n 4088.2074675
            e:w 4088.3045787
            c:n 3408.3458060
            c:w 3408.3280934
            n:w 11181.9526482
          b:e:c 1258.1590283
          b:e:n 559.3408825
          b:e:w 559.3448865
          b:c:n 563.8279744
          b:c:w 563.8248070
          b:n:w 1157.1505593
          e:c:n 4520.3529487
          e:c:w 4520.3696128
          e:n:w 5815.9894910
          c:n:w 4901.8797907
        b:e:c:n 1089.1217973
        b:e:c:w 1089.1260132
        b:e:n:w 1384.4200680
        b:c:n:w 1223.7255317
        e:c:n:w 42736.6532835
