########################################
# legofit: estimate population history #
#       version 2.3.4-4-g53f8760       #
########################################

# Program was compiled: Sep 21 2021 14:36:42
# Program was run: Sat Oct 30 09:51:02 2021

# cmd: legofit -1 -d 0 -t 32 --ptsPerDim 3 --stateOut b1boot24.state --tol 3e-6 -S 5000 begr2.lgo ../../chrX/boot_chrX/boot24.opf
# Stage nOptItr nSimReps
#     0    5000        0
# algorithm          : deterministic
# ignoring probs <=  : 0
# Branch length floor: 0
# DE strategy        : 2
#    F               : 0.3
#    CR              : 0.8
#    tolerance       : 3e-06
# nthreads           : 32
# lgo input file     : begr2.lgo
# site pat input file: ../../chrX/boot_chrX/boot24.opf
# free parameters    : 13
# points in DE swarm : 39
# output state file  : b1boot24.state
# Including singleton site patterns.
# cost function      : KL
Initial parameter values
Fixed:
      zero = 0
       one = 1
    Tbecnw = 75200
Free:
       pc1 = 0
       pc2 = 0
       pc3 = 0
       pc4 = 0
       pc5 = 0
       pc6 = 0
       pc7 = 0
       pc8 = 0
       pc9 = 0
      pc10 = 0
      pc11 = 0
      pc12 = 0
      pc13 = 0
Constrained:
     Tecnw = 30628.7
       Tnw = 2456.68
       Tec = 129.406
     twoNb = 1.77635e+06
     twoNe = 383253
     twoNw = 961088
    twoNec = 153632
    twoNnw = 131902
  twoNecnw = 30488.7
  twoNbecnw = 44766
        m2 = 0.0117227
        m5 = 0.168725
        m7 = 0.0568514
        Tb = 15379.1
        Te = 64.7029
        Tg = 32.3514
DiffEv reached_goal. cost=3.07528e-03 spread=2.37227e-06
Fitted parameter values
Free:
       pc1 = -3.81601
       pc2 = -2.39261
       pc3 = -1.48993
       pc4 = -0.133834
       pc5 = 0.904261
       pc6 = -0.806746
       pc7 = -1.69527
       pc8 = -0.425336
       pc9 = -0.448342
      pc10 = -1.51266
      pc11 = -0.0768225
      pc12 = -0.147435
      pc13 = -0.128645
Constrained:
     Tecnw = 30787.5
       Tnw = 48.4786
       Tec = 13.6376
     twoNb = 4.4355e+06
     twoNe = 482224
     twoNw = 995174
    twoNec = 142679
    twoNnw = 158305
  twoNecnw = 29984.5
  twoNbecnw = 44936.2
        m2 = 0.021209
        m5 = 0.183796
        m7 = 0.0564908
        Tb = 15400.6
        Te = 6.81881
        Tg = 3.40941
#       SitePat  BranchLen
              b 109601.0564510
              e 40584.7917273
              c 42883.0206480
              n 40343.5469284
              w 40343.1873173
            b:e 1332.8377503
            b:c 1548.5172959
            b:n 1028.7556178
            b:w 1028.7613915
            e:c 10228.1295795
            e:n 4088.5241418
            e:w 4088.8637643
            c:n 3385.9218418
            c:w 3385.8599045
            n:w 10986.9428752
          b:e:c 1236.6163822
          b:e:n 556.3631481
          b:e:w 556.3773630
          b:c:n 561.2186581
          b:c:w 561.2077939
          b:n:w 1132.6821394
          e:c:n 4441.3223738
          e:c:w 4441.3801985
          e:n:w 5828.3044607
          c:n:w 4878.9604438
        b:e:c:n 1073.8126999
        b:e:c:w 1073.8276767
        b:e:n:w 1393.4401678
        b:c:n:w 1224.7959373
        e:c:n:w 42985.6790391
