########################################
# legofit: estimate population history #
#       version 2.3.4-4-g53f8760       #
########################################

# Program was compiled: Sep 21 2021 14:36:42
# Program was run: Sat Oct 30 09:50:52 2021

# cmd: legofit -1 -d 0 -t 32 --ptsPerDim 3 --stateOut b1boot20.state --tol 3e-6 -S 5000 begr2.lgo ../../chrX/boot_chrX/boot20.opf
# Stage nOptItr nSimReps
#     0    5000        0
# algorithm          : deterministic
# ignoring probs <=  : 0
# Branch length floor: 0
# DE strategy        : 2
#    F               : 0.3
#    CR              : 0.8
#    tolerance       : 3e-06
# nthreads           : 32
# lgo input file     : begr2.lgo
# site pat input file: ../../chrX/boot_chrX/boot20.opf
# free parameters    : 13
# points in DE swarm : 39
# output state file  : b1boot20.state
# Including singleton site patterns.
# cost function      : KL
Initial parameter values
Fixed:
      zero = 0
       one = 1
    Tbecnw = 75200
Free:
       pc1 = 0
       pc2 = 0
       pc3 = 0
       pc4 = 0
       pc5 = 0
       pc6 = 0
       pc7 = 0
       pc8 = 0
       pc9 = 0
      pc10 = 0
      pc11 = 0
      pc12 = 0
      pc13 = 0
Constrained:
     Tecnw = 30628.7
       Tnw = 2456.68
       Tec = 129.406
     twoNb = 1.77635e+06
     twoNe = 383253
     twoNw = 961088
    twoNec = 153632
    twoNnw = 131902
  twoNecnw = 30488.7
  twoNbecnw = 44766
        m2 = 0.0117227
        m5 = 0.168725
        m7 = 0.0568514
        Tb = 15379.1
        Te = 64.7029
        Tg = 32.3514
DiffEv reached_goal. cost=2.99971e-03 spread=2.18062e-06
Fitted parameter values
Free:
       pc1 = -3.14382
       pc2 = -3.0414
       pc3 = -2.08681
       pc4 = -0.582885
       pc5 = -0.497979
       pc6 = -1.50474
       pc7 = -1.31886
       pc8 = -0.234743
       pc9 = 0.345865
      pc10 = -1.33457
      pc11 = -0.41834
      pc12 = 0.254092
      pc13 = 0.0504999
Constrained:
     Tecnw = 30369.1
       Tnw = 22.9277
       Tec = 5.14898
     twoNb = 4.41501e+06
     twoNe = 336272
     twoNw = 927701
    twoNec = 144754
    twoNnw = 154187
  twoNecnw = 29783.8
  twoNbecnw = 44121.2
        m2 = 0.024948
        m5 = 0.168812
        m7 = 0.0574101
        Tb = 15187.1
        Te = 2.57449
        Tg = 1.28725
#       SitePat  BranchLen
              b 108901.6451616
              e 40477.2958789
              c 42621.8136688
              n 39855.2014011
              w 39855.0303587
            b:e 1341.8326414
            b:c 1544.3704329
            b:n 986.7373344
            b:w 986.7403732
            e:c 10089.7758628
            e:n 3996.2868065
            e:w 3996.4482037
            c:n 3347.6810967
            c:w 3347.6517595
            n:w 11012.2875579
          b:e:c 1205.0384539
          b:e:n 536.7645597
          b:e:w 536.7711661
          b:c:n 541.1605005
          b:c:w 541.1555012
          b:n:w 1101.6553728
          e:c:n 4350.3284913
          e:c:w 4350.3558572
          e:n:w 5850.7381072
          c:n:w 4952.1809010
        b:e:c:n 1031.9467162
        b:e:c:w 1031.9536868
        b:e:n:w 1392.4440834
        b:c:n:w 1232.5675865
        e:c:n:w 42724.8030553
