########################################
# legofit: estimate population history #
#       version 2.3.4-4-g53f8760       #
########################################

# Program was compiled: Sep 21 2021 14:36:42
# Program was run: Sat Oct 30 09:52:14 2021

# cmd: legofit -1 -d 0 -t 32 --ptsPerDim 3 --stateOut b1boot45.state --tol 3e-6 -S 5000 begr2.lgo ../../chrX/boot_chrX/boot45.opf
# Stage nOptItr nSimReps
#     0    5000        0
# algorithm          : deterministic
# ignoring probs <=  : 0
# Branch length floor: 0
# DE strategy        : 2
#    F               : 0.3
#    CR              : 0.8
#    tolerance       : 3e-06
# nthreads           : 32
# lgo input file     : begr2.lgo
# site pat input file: ../../chrX/boot_chrX/boot45.opf
# free parameters    : 13
# points in DE swarm : 39
# output state file  : b1boot45.state
# Including singleton site patterns.
# cost function      : KL
Initial parameter values
Fixed:
      zero = 0
       one = 1
    Tbecnw = 75200
Free:
       pc1 = 0
       pc2 = 0
       pc3 = 0
       pc4 = 0
       pc5 = 0
       pc6 = 0
       pc7 = 0
       pc8 = 0
       pc9 = 0
      pc10 = 0
      pc11 = 0
      pc12 = 0
      pc13 = 0
Constrained:
     Tecnw = 30628.7
       Tnw = 2456.68
       Tec = 129.406
     twoNb = 1.77635e+06
     twoNe = 383253
     twoNw = 961088
    twoNec = 153632
    twoNnw = 131902
  twoNecnw = 30488.7
  twoNbecnw = 44766
        m2 = 0.0117227
        m5 = 0.168725
        m7 = 0.0568514
        Tb = 15379.1
        Te = 64.7029
        Tg = 32.3514
DiffEv reached_goal. cost=2.78780e-03 spread=2.51079e-06
Fitted parameter values
Free:
       pc1 = -3.98795
       pc2 = -2.9436
       pc3 = -3.08153
       pc4 = -1.39186
       pc5 = 0.483005
       pc6 = -0.942341
       pc7 = -1.32583
       pc8 = 0.304043
       pc9 = -0.415329
      pc10 = -0.948254
      pc11 = -0.273624
      pc12 = -0.0320572
      pc13 = -0.0303446
Constrained:
     Tecnw = 30696.9
       Tnw = 34.5476
       Tec = 6.57093
     twoNb = 4.97401e+06
     twoNe = 293551
     twoNw = 513920
    twoNec = 139428
    twoNnw = 156500
  twoNecnw = 29921.2
  twoNbecnw = 44104.3
        m2 = 0.0225429
        m5 = 0.179392
        m7 = 0.0519554
        Tb = 15351.7
        Te = 3.28546
        Tg = 1.64273
#       SitePat  BranchLen
              b 109273.4547430
              e 40441.8780007
              c 42707.3113798
              n 40200.7906996
              w 40200.2848178
            b:e 1298.8761644
            b:c 1506.0487637
            b:n 996.2364465
            b:w 996.2430761
            e:c 10313.4174688
            e:n 4037.9460972
            e:w 4038.4260402
            c:n 3348.5366622
            c:w 3348.4497418
            n:w 11029.7633826
          b:e:c 1205.3877469
          b:e:n 535.5993849
          b:e:w 535.6186941
          b:c:n 540.0355515
          b:c:w 540.0205341
          b:n:w 1106.7370496
          e:c:n 4414.8569346
          e:c:w 4414.9385588
          e:n:w 5806.3691472
          c:n:w 4868.2077283
        b:e:c:n 1038.1933302
        b:e:c:w 1038.2136439
        b:e:n:w 1360.3456300
        b:c:n:w 1196.4487974
        e:c:n:w 42687.3927143
