########################################
# legofit: estimate population history #
#       version 2.3.4-4-g53f8760       #
########################################

# Program was compiled: Sep 21 2021 14:36:42
# Program was run: Sat Oct 30 09:51:54 2021

# cmd: legofit -1 -d 0 -t 32 --ptsPerDim 3 --stateOut b1boot41.state --tol 3e-6 -S 5000 begr2.lgo ../../chrX/boot_chrX/boot41.opf
# Stage nOptItr nSimReps
#     0    5000        0
# algorithm          : deterministic
# ignoring probs <=  : 0
# Branch length floor: 0
# DE strategy        : 2
#    F               : 0.3
#    CR              : 0.8
#    tolerance       : 3e-06
# nthreads           : 32
# lgo input file     : begr2.lgo
# site pat input file: ../../chrX/boot_chrX/boot41.opf
# free parameters    : 13
# points in DE swarm : 39
# output state file  : b1boot41.state
# Including singleton site patterns.
# cost function      : KL
Initial parameter values
Fixed:
      zero = 0
       one = 1
    Tbecnw = 75200
Free:
       pc1 = 0
       pc2 = 0
       pc3 = 0
       pc4 = 0
       pc5 = 0
       pc6 = 0
       pc7 = 0
       pc8 = 0
       pc9 = 0
      pc10 = 0
      pc11 = 0
      pc12 = 0
      pc13 = 0
Constrained:
     Tecnw = 30628.7
       Tnw = 2456.68
       Tec = 129.406
     twoNb = 1.77635e+06
     twoNe = 383253
     twoNw = 961088
    twoNec = 153632
    twoNnw = 131902
  twoNecnw = 30488.7
  twoNbecnw = 44766
        m2 = 0.0117227
        m5 = 0.168725
        m7 = 0.0568514
        Tb = 15379.1
        Te = 64.7029
        Tg = 32.3514
DiffEv reached_goal. cost=2.89515e-03 spread=2.94142e-06
Fitted parameter values
Free:
       pc1 = -3.1831
       pc2 = -3.83214
       pc3 = -2.14318
       pc4 = 1.28819
       pc5 = 0.302458
       pc6 = -0.445948
       pc7 = -1.03283
       pc8 = -0.123914
       pc9 = 1.07721
      pc10 = -1.98233
      pc11 = 0.38737
      pc12 = 0.0672046
      pc13 = 0.192188
Constrained:
     Tecnw = 30263.2
       Tnw = 22.82
       Tec = 16.5863
     twoNb = 4.35307e+06
     twoNe = 597419
     twoNw = 768697
    twoNec = 144070
    twoNnw = 149451
  twoNecnw = 29181.5
  twoNbecnw = 44480
        m2 = 0.02348
        m5 = 0.173329
        m7 = 0.071057
        Tb = 15139.9
        Te = 8.29317
        Tg = 4.14659
#       SitePat  BranchLen
              b 108321.0846326
              e 40012.8129778
              c 42219.6067467
              n 39340.9339840
              w 39340.7828763
            b:e 1364.4125837
            b:c 1582.0881651
            b:n 985.8755966
            b:w 985.8799870
            e:c 9923.6997574
            e:n 3942.4081702
            e:w 3942.5488526
            c:n 3271.5258341
            c:w 3271.5002967
            n:w 10958.2359425
          b:e:c 1228.8656778
          b:e:n 538.1273127
          b:e:w 538.1333476
          b:c:n 543.4719968
          b:c:w 543.4677012
          b:n:w 1105.2829171
          e:c:n 4253.7730787
          e:c:w 4253.7964962
          e:n:w 5788.5172754
          c:n:w 4861.0661223
        b:e:c:n 1039.0238279
        b:e:c:w 1039.0302433
        b:e:n:w 1402.6738859
        b:c:n:w 1236.9075432
        e:c:n:w 43186.5019311
