########################################
# legofit: estimate population history #
#       version 2.3.4-4-g53f8760       #
########################################

# Program was compiled: Sep 21 2021 14:36:42
# Program was run: Sat Oct 30 09:51:24 2021

# cmd: legofit -1 -d 0 -t 32 --ptsPerDim 3 --stateOut b1boot31.state --tol 3e-6 -S 5000 begr2.lgo ../../chrX/boot_chrX/boot31.opf
# Stage nOptItr nSimReps
#     0    5000        0
# algorithm          : deterministic
# ignoring probs <=  : 0
# Branch length floor: 0
# DE strategy        : 2
#    F               : 0.3
#    CR              : 0.8
#    tolerance       : 3e-06
# nthreads           : 32
# lgo input file     : begr2.lgo
# site pat input file: ../../chrX/boot_chrX/boot31.opf
# free parameters    : 13
# points in DE swarm : 39
# output state file  : b1boot31.state
# Including singleton site patterns.
# cost function      : KL
Initial parameter values
Fixed:
      zero = 0
       one = 1
    Tbecnw = 75200
Free:
       pc1 = 0
       pc2 = 0
       pc3 = 0
       pc4 = 0
       pc5 = 0
       pc6 = 0
       pc7 = 0
       pc8 = 0
       pc9 = 0
      pc10 = 0
      pc11 = 0
      pc12 = 0
      pc13 = 0
Constrained:
     Tecnw = 30628.7
       Tnw = 2456.68
       Tec = 129.406
     twoNb = 1.77635e+06
     twoNe = 383253
     twoNw = 961088
    twoNec = 153632
    twoNnw = 131902
  twoNecnw = 30488.7
  twoNbecnw = 44766
        m2 = 0.0117227
        m5 = 0.168725
        m7 = 0.0568514
        Tb = 15379.1
        Te = 64.7029
        Tg = 32.3514
DiffEv reached_goal. cost=2.92006e-03 spread=2.77383e-06
Fitted parameter values
Free:
       pc1 = -3.98501
       pc2 = -2.80844
       pc3 = -2.07698
       pc4 = 0.627326
       pc5 = 1.22818
       pc6 = -0.648096
       pc7 = -1.88038
       pc8 = 0.00978482
       pc9 = -0.35045
      pc10 = -1.53984
      pc11 = -0.363379
      pc12 = -0.369878
      pc13 = -0.185913
Constrained:
     Tecnw = 30602.7
       Tnw = 37.2942
       Tec = 11.3871
     twoNb = 4.81439e+06
     twoNe = 600141
     twoNw = 787695
    twoNec = 143753
    twoNnw = 161128
  twoNecnw = 29819.3
  twoNbecnw = 44807
        m2 = 0.0206898
        m5 = 0.183737
        m7 = 0.0565972
        Tb = 15307
        Te = 5.69356
        Tg = 2.84678
#       SitePat  BranchLen
              b 109560.1328981
              e 40417.7233145
              c 42658.7333106
              n 40229.7133190
              w 40229.3696801
            b:e 1312.3303686
            b:c 1521.4911301
            b:n 1016.5912482
            b:w 1016.5968893
            e:c 10105.7700110
            e:n 4079.1984113
            e:w 4079.5229205
            c:n 3392.2075199
            c:w 3392.1481615
            n:w 10810.5823091
          b:e:c 1211.0923237
          b:e:n 551.2677316
          b:e:w 551.2812203
          b:c:n 556.1004318
          b:c:w 556.0901551
          b:n:w 1109.1700655
          e:c:n 4437.3409089
          e:c:w 4437.3963262
          e:n:w 5777.7220208
          c:n:w 4855.4148904
        b:e:c:n 1061.5788195
        b:e:c:w 1061.5930374
        b:e:n:w 1370.0693500
        b:c:n:w 1206.9297383
        e:c:n:w 43208.4286431
