########################################
# legofit: estimate population history #
#       version 2.3.4-4-g53f8760       #
########################################

# Program was compiled: Sep 21 2021 14:36:42
# Program was run: Sat Oct 30 09:51:21 2021

# cmd: legofit -1 -d 0 -t 32 --ptsPerDim 3 --stateOut b1boot29.state --tol 3e-6 -S 5000 begr2.lgo ../../chrX/boot_chrX/boot29.opf
# Stage nOptItr nSimReps
#     0    5000        0
# algorithm          : deterministic
# ignoring probs <=  : 0
# Branch length floor: 0
# DE strategy        : 2
#    F               : 0.3
#    CR              : 0.8
#    tolerance       : 3e-06
# nthreads           : 32
# lgo input file     : begr2.lgo
# site pat input file: ../../chrX/boot_chrX/boot29.opf
# free parameters    : 13
# points in DE swarm : 39
# output state file  : b1boot29.state
# Including singleton site patterns.
# cost function      : KL
Initial parameter values
Fixed:
      zero = 0
       one = 1
    Tbecnw = 75200
Free:
       pc1 = 0
       pc2 = 0
       pc3 = 0
       pc4 = 0
       pc5 = 0
       pc6 = 0
       pc7 = 0
       pc8 = 0
       pc9 = 0
      pc10 = 0
      pc11 = 0
      pc12 = 0
      pc13 = 0
Constrained:
     Tecnw = 30628.7
       Tnw = 2456.68
       Tec = 129.406
     twoNb = 1.77635e+06
     twoNe = 383253
     twoNw = 961088
    twoNec = 153632
    twoNnw = 131902
  twoNecnw = 30488.7
  twoNbecnw = 44766
        m2 = 0.0117227
        m5 = 0.168725
        m7 = 0.0568514
        Tb = 15379.1
        Te = 64.7029
        Tg = 32.3514
DiffEv reached_goal. cost=2.97330e-03 spread=1.58231e-06
Fitted parameter values
Free:
       pc1 = -3.9183
       pc2 = -3.39399
       pc3 = -2.50211
       pc4 = -0.60443
       pc5 = -0.0889437
       pc6 = -0.749746
       pc7 = -1.32342
       pc8 = 0.298351
       pc9 = 0.593608
      pc10 = -0.652397
      pc11 = -0.118409
      pc12 = -0.29039
      pc13 = -0.241246
Constrained:
     Tecnw = 30458.5
       Tnw = 75.4535
       Tec = 9.50868
     twoNb = 4.49918e+06
     twoNe = 372998
     twoNw = 668065
    twoNec = 139824
    twoNnw = 159899
  twoNecnw = 29414.5
  twoNbecnw = 43665.1
        m2 = 0.0222023
        m5 = 0.17501
        m7 = 0.0541764
        Tb = 15234
        Te = 4.75434
        Tg = 2.37717
#       SitePat  BranchLen
              b 108890.7087906
              e 40106.5576792
              c 42234.9374325
              n 39964.7044462
              w 39963.8505216
            b:e 1270.0973056
            b:c 1465.9119080
            b:n 966.0040373
            b:w 966.0175343
            e:c 10135.6859015
            e:n 3968.9278080
            e:w 3969.7362013
            c:n 3318.1067000
            c:w 3317.9604342
            n:w 10744.5283820
          b:e:c 1165.3698687
          b:e:n 520.4400903
          b:e:w 520.4721246
          b:c:n 524.9943773
          b:c:w 524.9697952
          b:n:w 1063.2771303
          e:c:n 4371.5037997
          e:c:w 4371.6408095
          e:n:w 5683.9907429
          c:n:w 4805.4236140
        b:e:c:n 1010.5429989
        b:e:c:w 1010.5768368
        b:e:n:w 1315.1803496
        b:c:n:w 1163.0980401
        e:c:n:w 42956.9386712
