########################################
# legofit: estimate population history #
#       version 2.3.4-4-g53f8760       #
########################################

# Program was compiled: Sep 21 2021 14:36:42
# Program was run: Sat Oct 30 09:51:34 2021

# cmd: legofit -1 -d 0 -t 32 --ptsPerDim 3 --stateOut b1boot35.state --tol 3e-6 -S 5000 begr2.lgo ../../chrX/boot_chrX/boot35.opf
# Stage nOptItr nSimReps
#     0    5000        0
# algorithm          : deterministic
# ignoring probs <=  : 0
# Branch length floor: 0
# DE strategy        : 2
#    F               : 0.3
#    CR              : 0.8
#    tolerance       : 3e-06
# nthreads           : 32
# lgo input file     : begr2.lgo
# site pat input file: ../../chrX/boot_chrX/boot35.opf
# free parameters    : 13
# points in DE swarm : 39
# output state file  : b1boot35.state
# Including singleton site patterns.
# cost function      : KL
Initial parameter values
Fixed:
      zero = 0
       one = 1
    Tbecnw = 75200
Free:
       pc1 = 0
       pc2 = 0
       pc3 = 0
       pc4 = 0
       pc5 = 0
       pc6 = 0
       pc7 = 0
       pc8 = 0
       pc9 = 0
      pc10 = 0
      pc11 = 0
      pc12 = 0
      pc13 = 0
Constrained:
     Tecnw = 30628.7
       Tnw = 2456.68
       Tec = 129.406
     twoNb = 1.77635e+06
     twoNe = 383253
     twoNw = 961088
    twoNec = 153632
    twoNnw = 131902
  twoNecnw = 30488.7
  twoNbecnw = 44766
        m2 = 0.0117227
        m5 = 0.168725
        m7 = 0.0568514
        Tb = 15379.1
        Te = 64.7029
        Tg = 32.3514
DiffEv reached_goal. cost=3.10744e-03 spread=2.85617e-06
Fitted parameter values
Free:
       pc1 = -3.98074
       pc2 = -3.21326
       pc3 = -1.59016
       pc4 = 1.48434
       pc5 = 1.09126
       pc6 = -0.276541
       pc7 = -1.99005
       pc8 = -0.00133199
       pc9 = 0.673164
      pc10 = -1.17815
      pc11 = 0.0286491
      pc12 = -0.25832
      pc13 = -0.191107
Constrained:
     Tecnw = 30613.4
       Tnw = 21.1078
       Tec = 12.5673
     twoNb = 4.4387e+06
     twoNe = 706826
     twoNw = 911353
    twoNec = 144453
    twoNnw = 158623
  twoNecnw = 29290.2
  twoNbecnw = 44302.9
        m2 = 0.0202438
        m5 = 0.182671
        m7 = 0.059716
        Tb = 15313
        Te = 6.28366
        Tg = 3.14183
#       SitePat  BranchLen
              b 109040.4145658
              e 40191.8144804
              c 42423.4681434
              n 39923.0014195
              w 39922.8636629
            b:e 1289.1516548
            b:c 1496.3455851
            b:n 985.4989735
            b:w 985.5017119
            e:c 9970.7331800
            e:n 4010.7561956
            e:w 4010.8858895
            c:n 3324.7623630
            c:w 3324.7388779
            n:w 10744.6066310
          b:e:c 1185.3105235
          b:e:n 534.9587010
          b:e:w 534.9640254
          b:c:n 539.8607852
          b:c:w 539.8568033
          b:n:w 1079.8759382
          e:c:n 4348.3766455
          e:c:w 4348.3984903
          e:n:w 5703.4404796
          c:n:w 4786.5210900
        b:e:c:n 1031.0613817
        b:e:c:w 1031.0670039
        b:e:n:w 1337.7802689
        b:c:n:w 1178.1980473
        e:c:n:w 43261.1470494
