########################################
# legofit: estimate population history #
#       version 2.3.4-4-g53f8760       #
########################################

# Program was compiled: Sep 21 2021 14:36:42
# Program was run: Sat Oct 30 09:51:54 2021

# cmd: legofit -1 -d 0 -t 32 --ptsPerDim 3 --stateOut b1boot39.state --tol 3e-6 -S 5000 begr2.lgo ../../chrX/boot_chrX/boot39.opf
# Stage nOptItr nSimReps
#     0    5000        0
# algorithm          : deterministic
# ignoring probs <=  : 0
# Branch length floor: 0
# DE strategy        : 2
#    F               : 0.3
#    CR              : 0.8
#    tolerance       : 3e-06
# nthreads           : 32
# lgo input file     : begr2.lgo
# site pat input file: ../../chrX/boot_chrX/boot39.opf
# free parameters    : 13
# points in DE swarm : 39
# output state file  : b1boot39.state
# Including singleton site patterns.
# cost function      : KL
Initial parameter values
Fixed:
      zero = 0
       one = 1
    Tbecnw = 75200
Free:
       pc1 = 0
       pc2 = 0
       pc3 = 0
       pc4 = 0
       pc5 = 0
       pc6 = 0
       pc7 = 0
       pc8 = 0
       pc9 = 0
      pc10 = 0
      pc11 = 0
      pc12 = 0
      pc13 = 0
Constrained:
     Tecnw = 30628.7
       Tnw = 2456.68
       Tec = 129.406
     twoNb = 1.77635e+06
     twoNe = 383253
     twoNw = 961088
    twoNec = 153632
    twoNnw = 131902
  twoNecnw = 30488.7
  twoNbecnw = 44766
        m2 = 0.0117227
        m5 = 0.168725
        m7 = 0.0568514
        Tb = 15379.1
        Te = 64.7029
        Tg = 32.3514
DiffEv reached_goal. cost=2.93093e-03 spread=2.86266e-06
Fitted parameter values
Free:
       pc1 = -3.93939
       pc2 = -3.88977
       pc3 = -3.9263
       pc4 = 0.0283119
       pc5 = 0.433128
       pc6 = -1.01803
       pc7 = -1.06535
       pc8 = 0.9922
       pc9 = 0.469755
      pc10 = -1.73221
      pc11 = -0.148555
      pc12 = -0.108758
      pc13 = -0.0398832
Constrained:
     Tecnw = 30370.2
       Tnw = 46.8958
       Tec = 21.8068
     twoNb = 5.44771e+06
     twoNe = 445118
     twoNw = 257129
    twoNec = 141056
    twoNnw = 156489
  twoNecnw = 29346.5
  twoNbecnw = 44285.4
        m2 = 0.0235301
        m5 = 0.170423
        m7 = 0.0606975
        Tb = 15196
        Te = 10.9034
        Tg = 5.4517
#       SitePat  BranchLen
              b 108908.4868081
              e 40137.8887941
              c 42250.0565373
              n 39784.2400067
              w 39783.1384759
            b:e 1322.0477250
            b:c 1524.0181900
            b:n 980.6081829
            b:w 980.6311069
            e:c 10098.7182194
            e:n 3950.6488970
            e:w 3951.6849591
            c:n 3307.8033402
            c:w 3307.6153146
            n:w 10849.2032455
          b:e:c 1201.3247907
          b:e:n 530.8293487
          b:e:w 530.8718934
          b:c:n 535.7173967
          b:c:w 535.6856036
          b:n:w 1088.9658684
          e:c:n 4341.3354166
          e:c:w 4341.5100997
          e:n:w 5740.4926948
          c:n:w 4859.6798134
        b:e:c:n 1030.3953603
        b:e:c:w 1030.4404959
        b:e:n:w 1364.3810071
        b:c:n:w 1208.2691235
        e:c:n:w 43200.1031993
