########################################
# legofit: estimate population history #
#       version 2.3.4-4-g53f8760       #
########################################

# Program was compiled: Sep 21 2021 14:36:42
# Program was run: Sat Oct 30 09:51:39 2021

# cmd: legofit -1 -d 0 -t 32 --ptsPerDim 3 --stateOut b1boot37.state --tol 3e-6 -S 5000 begr2.lgo ../../chrX/boot_chrX/boot37.opf
# Stage nOptItr nSimReps
#     0    5000        0
# algorithm          : deterministic
# ignoring probs <=  : 0
# Branch length floor: 0
# DE strategy        : 2
#    F               : 0.3
#    CR              : 0.8
#    tolerance       : 3e-06
# nthreads           : 32
# lgo input file     : begr2.lgo
# site pat input file: ../../chrX/boot_chrX/boot37.opf
# free parameters    : 13
# points in DE swarm : 39
# output state file  : b1boot37.state
# Including singleton site patterns.
# cost function      : KL
Initial parameter values
Fixed:
      zero = 0
       one = 1
    Tbecnw = 75200
Free:
       pc1 = 0
       pc2 = 0
       pc3 = 0
       pc4 = 0
       pc5 = 0
       pc6 = 0
       pc7 = 0
       pc8 = 0
       pc9 = 0
      pc10 = 0
      pc11 = 0
      pc12 = 0
      pc13 = 0
Constrained:
     Tecnw = 30628.7
       Tnw = 2456.68
       Tec = 129.406
     twoNb = 1.77635e+06
     twoNe = 383253
     twoNw = 961088
    twoNec = 153632
    twoNnw = 131902
  twoNecnw = 30488.7
  twoNbecnw = 44766
        m2 = 0.0117227
        m5 = 0.168725
        m7 = 0.0568514
        Tb = 15379.1
        Te = 64.7029
        Tg = 32.3514
DiffEv reached_goal. cost=2.81830e-03 spread=2.82444e-06
Fitted parameter values
Free:
       pc1 = -3.28903
       pc2 = -2.90916
       pc3 = -1.79551
       pc4 = 0.103227
       pc5 = 0.414517
       pc6 = -1.29917
       pc7 = -1.97141
       pc8 = -0.169997
       pc9 = -0.573
      pc10 = -1.88803
      pc11 = -0.241043
      pc12 = -0.289762
      pc13 = -0.233667
Constrained:
     Tecnw = 30433.4
       Tnw = 21.3333
       Tec = 35.5273
     twoNb = 4.78973e+06
     twoNe = 493221
     twoNw = 1.0126e+06
    twoNec = 143779
    twoNnw = 161211
  twoNecnw = 30084.9
  twoNbecnw = 44706.6
        m2 = 0.0214226
        m5 = 0.175382
        m7 = 0.0600764
        Tb = 15234.5
        Te = 17.7637
        Tg = 8.88183
#       SitePat  BranchLen
              b 109149.7235141
              e 40452.1678800
              c 42587.4847389
              n 40232.0310348
              w 40232.0021286
            b:e 1344.6468767
            b:c 1549.4831273
            b:n 1028.5026134
            b:w 1028.5031640
            e:c 10148.8300005
            e:n 4063.7563763
            e:w 4063.7835790
            c:n 3408.9119224
            c:w 3408.9069159
            n:w 10851.4011435
          b:e:c 1234.7839815
          b:e:n 558.4680160
          b:e:w 558.4691689
          b:c:n 563.4983157
          b:c:w 563.4974480
          b:n:w 1123.9087073
          e:c:n 4450.0625147
          e:c:w 4450.0671683
          e:n:w 5774.8069609
          c:n:w 4892.0603617
        b:e:c:n 1078.6276378
        b:e:c:w 1078.6288584
        b:e:n:w 1388.8073865
        b:c:n:w 1231.0634145
        e:c:n:w 42834.7058246
