########################################
# legofit: estimate population history #
#       version 2.3.4-4-g53f8760       #
########################################

# Program was compiled: Sep 21 2021 14:36:42
# Program was run: Sat Oct 30 09:50:39 2021

# cmd: legofit -1 -d 0 -t 32 --ptsPerDim 3 --stateOut b1boot15.state --tol 3e-6 -S 5000 begr2.lgo ../../chrX/boot_chrX/boot15.opf
# Stage nOptItr nSimReps
#     0    5000        0
# algorithm          : deterministic
# ignoring probs <=  : 0
# Branch length floor: 0
# DE strategy        : 2
#    F               : 0.3
#    CR              : 0.8
#    tolerance       : 3e-06
# nthreads           : 32
# lgo input file     : begr2.lgo
# site pat input file: ../../chrX/boot_chrX/boot15.opf
# free parameters    : 13
# points in DE swarm : 39
# output state file  : b1boot15.state
# Including singleton site patterns.
# cost function      : KL
Initial parameter values
Fixed:
      zero = 0
       one = 1
    Tbecnw = 75200
Free:
       pc1 = 0
       pc2 = 0
       pc3 = 0
       pc4 = 0
       pc5 = 0
       pc6 = 0
       pc7 = 0
       pc8 = 0
       pc9 = 0
      pc10 = 0
      pc11 = 0
      pc12 = 0
      pc13 = 0
Constrained:
     Tecnw = 30628.7
       Tnw = 2456.68
       Tec = 129.406
     twoNb = 1.77635e+06
     twoNe = 383253
     twoNw = 961088
    twoNec = 153632
    twoNnw = 131902
  twoNecnw = 30488.7
  twoNbecnw = 44766
        m2 = 0.0117227
        m5 = 0.168725
        m7 = 0.0568514
        Tb = 15379.1
        Te = 64.7029
        Tg = 32.3514
DiffEv reached_goal. cost=2.74459e-03 spread=2.27804e-06
Fitted parameter values
Free:
       pc1 = -1.63524
       pc2 = -3.35569
       pc3 = -2.41196
       pc4 = 1.60814
       pc5 = -0.175187
       pc6 = -1.36983
       pc7 = -0.537828
       pc8 = -0.294564
       pc9 = -1.6274
      pc10 = -1.92123
      pc11 = -0.282802
      pc12 = -0.200654
      pc13 = 0.107725
Constrained:
     Tecnw = 29871
       Tnw = 71.9325
       Tec = 8.29146
     twoNb = 4.1242e+06
     twoNe = 641065
     twoNw = 597318
    twoNec = 144723
    twoNnw = 152430
  twoNecnw = 30649.4
  twoNbecnw = 44743
        m2 = 0.0236538
        m5 = 0.162117
        m7 = 0.0712099
        Tb = 14939.7
        Te = 4.14573
        Tg = 2.07286
#       SitePat  BranchLen
              b 108214.3549222
              e 40368.2535608
              c 42408.2647647
              n 39781.9414355
              w 39781.0824684
            b:e 1438.2044008
            b:c 1646.7814282
            b:n 1051.1084299
            b:w 1051.1319503
            e:c 10169.6088611
            e:n 4042.2732201
            e:w 4043.0726951
            c:n 3422.3597846
            c:w 3422.2102313
            n:w 11111.3027990
          b:e:c 1300.2344090
          b:e:n 575.3089837
          b:e:w 575.3449553
          b:c:n 580.8490379
          b:c:w 580.8231448
          b:n:w 1168.1183729
          e:c:n 4421.8882733
          e:c:w 4422.0253330
          e:n:w 5870.3977499
          c:n:w 5008.9848853
        b:e:c:n 1111.6868931
        b:e:c:w 1111.7252797
        b:e:n:w 1461.2224609
        b:c:n:w 1303.8047500
        e:c:n:w 42259.4523427
