########################################
# legofit: estimate population history #
#       version 2.3.4-4-g53f8760       #
########################################

# Program was compiled: Sep 21 2021 14:36:42
# Program was run: Sat Oct 30 09:51:42 2021

# cmd: legofit -1 -d 0 -t 32 --ptsPerDim 3 --stateOut b1boot38.state --tol 3e-6 -S 5000 begr2.lgo ../../chrX/boot_chrX/boot38.opf
# Stage nOptItr nSimReps
#     0    5000        0
# algorithm          : deterministic
# ignoring probs <=  : 0
# Branch length floor: 0
# DE strategy        : 2
#    F               : 0.3
#    CR              : 0.8
#    tolerance       : 3e-06
# nthreads           : 32
# lgo input file     : begr2.lgo
# site pat input file: ../../chrX/boot_chrX/boot38.opf
# free parameters    : 13
# points in DE swarm : 39
# output state file  : b1boot38.state
# Including singleton site patterns.
# cost function      : KL
Initial parameter values
Fixed:
      zero = 0
       one = 1
    Tbecnw = 75200
Free:
       pc1 = 0
       pc2 = 0
       pc3 = 0
       pc4 = 0
       pc5 = 0
       pc6 = 0
       pc7 = 0
       pc8 = 0
       pc9 = 0
      pc10 = 0
      pc11 = 0
      pc12 = 0
      pc13 = 0
Constrained:
     Tecnw = 30628.7
       Tnw = 2456.68
       Tec = 129.406
     twoNb = 1.77635e+06
     twoNe = 383253
     twoNw = 961088
    twoNec = 153632
    twoNnw = 131902
  twoNecnw = 30488.7
  twoNbecnw = 44766
        m2 = 0.0117227
        m5 = 0.168725
        m7 = 0.0568514
        Tb = 15379.1
        Te = 64.7029
        Tg = 32.3514
DiffEv reached_goal. cost=3.12983e-03 spread=2.85643e-06
Fitted parameter values
Free:
       pc1 = -3.9342
       pc2 = -3.16693
       pc3 = -1.62504
       pc4 = 0.673053
       pc5 = 0.470088
       pc6 = -1.40918
       pc7 = -1.83189
       pc8 = -0.0282231
       pc9 = 1.11857
      pc10 = -1.64024
      pc11 = -0.384364
      pc12 = -0.40652
      pc13 = -0.0645253
Constrained:
     Tecnw = 30328.3
       Tnw = 100.097
       Tec = 4.25822
     twoNb = 4.7e+06
     twoNe = 557175
     twoNw = 1.07542e+06
    twoNec = 144784
    twoNnw = 158449
  twoNecnw = 29247.9
  twoNbecnw = 44731.6
        m2 = 0.0228156
        m5 = 0.173753
        m7 = 0.0556013
        Tb = 15166.3
        Te = 2.12911
        Tg = 1.06456
#       SitePat  BranchLen
              b 109712.0710777
              e 40196.0039887
              c 42320.0303883
              n 39793.8779460
              w 39793.1499615
            b:e 1299.3904762
            b:c 1497.2169031
            b:n 975.1067761
            b:w 975.1187821
            e:c 9966.7156002
            e:n 3987.6979924
            e:w 3988.3861677
            c:n 3342.3027948
            c:w 3342.1774190
            n:w 10736.1761083
          b:e:c 1172.0225149
          b:e:n 530.2572767
          b:e:w 530.2850800
          b:c:n 534.6880831
          b:c:w 534.6668957
          b:n:w 1073.4059984
          e:c:n 4363.4351875
          e:c:w 4363.5524142
          e:n:w 5766.7658929
          c:n:w 4883.6229470
        b:e:c:n 1019.4962931
        b:e:c:w 1019.5256296
        b:e:n:w 1352.6197741
        b:c:n:w 1196.7012176
        e:c:n:w 43866.4184902
