########################################
# legofit: estimate population history #
#       version 2.3.4-4-g53f8760       #
########################################

# Program was compiled: Sep 21 2021 14:36:42
# Program was run: Sat Oct 30 09:51:34 2021

# cmd: legofit -1 -d 0 -t 32 --ptsPerDim 3 --stateOut b1boot33.state --tol 3e-6 -S 5000 begr2.lgo ../../chrX/boot_chrX/boot33.opf
# Stage nOptItr nSimReps
#     0    5000        0
# algorithm          : deterministic
# ignoring probs <=  : 0
# Branch length floor: 0
# DE strategy        : 2
#    F               : 0.3
#    CR              : 0.8
#    tolerance       : 3e-06
# nthreads           : 32
# lgo input file     : begr2.lgo
# site pat input file: ../../chrX/boot_chrX/boot33.opf
# free parameters    : 13
# points in DE swarm : 39
# output state file  : b1boot33.state
# Including singleton site patterns.
# cost function      : KL
Initial parameter values
Fixed:
      zero = 0
       one = 1
    Tbecnw = 75200
Free:
       pc1 = 0
       pc2 = 0
       pc3 = 0
       pc4 = 0
       pc5 = 0
       pc6 = 0
       pc7 = 0
       pc8 = 0
       pc9 = 0
      pc10 = 0
      pc11 = 0
      pc12 = 0
      pc13 = 0
Constrained:
     Tecnw = 30628.7
       Tnw = 2456.68
       Tec = 129.406
     twoNb = 1.77635e+06
     twoNe = 383253
     twoNw = 961088
    twoNec = 153632
    twoNnw = 131902
  twoNecnw = 30488.7
  twoNbecnw = 44766
        m2 = 0.0117227
        m5 = 0.168725
        m7 = 0.0568514
        Tb = 15379.1
        Te = 64.7029
        Tg = 32.3514
DiffEv reached_goal. cost=2.96194e-03 spread=2.98835e-06
Fitted parameter values
Free:
       pc1 = -3.9396
       pc2 = -2.09627
       pc3 = -3.14697
       pc4 = -0.951712
       pc5 = -0.19809
       pc6 = -1.78745
       pc7 = 0.128945
       pc8 = 1.06505
       pc9 = 1.01539
      pc10 = -1.93489
      pc11 = 0.111863
      pc12 = -0.140308
      pc13 = 0.267627
Constrained:
     Tecnw = 30733.2
       Tnw = 32.503
       Tec = 6.81474
     twoNb = 4.61683e+06
     twoNe = 228943
     twoNw = 405794
    twoNec = 141810
    twoNnw = 150236
  twoNecnw = 29305.7
  twoNbecnw = 45782.9
        m2 = 0.0229256
        m5 = 0.1618
        m7 = 0.0535159
        Tb = 15370
        Te = 3.40737
        Tg = 1.70368
#       SitePat  BranchLen
              b 110673.1754579
              e 40482.2975408
              c 42589.7436393
              n 39909.9447396
              w 39909.4109260
            b:e 1339.7638062
            b:c 1536.3432935
            b:n 994.8098092
            b:w 994.8174439
            e:c 10346.4321936
            e:n 3935.4690068
            e:w 3935.9746615
            c:n 3299.5558457
            c:w 3299.4643975
            n:w 11237.9963286
          b:e:c 1234.9731989
          b:e:n 535.1043518
          b:e:w 535.1248759
          b:c:n 539.3709465
          b:c:w 539.3549833
          b:n:w 1129.7577482
          e:c:n 4377.9723942
          e:c:w 4378.0580942
          e:n:w 5835.4959016
          c:n:w 4951.1512053
        b:e:c:n 1042.1197141
        b:e:c:w 1042.1414255
        b:e:n:w 1387.9333401
        b:c:n:w 1232.1791736
        e:c:n:w 44348.1090636
