########################################
# legofit: estimate population history #
#       version 2.3.4-4-g53f8760       #
########################################

# Program was compiled: Sep 21 2021 14:36:42
# Program was run: Sat Oct 30 09:51:55 2021

# cmd: legofit -1 -d 0 -t 32 --ptsPerDim 3 --stateOut b1boot42.state --tol 3e-6 -S 5000 begr2.lgo ../../chrX/boot_chrX/boot42.opf
# Stage nOptItr nSimReps
#     0    5000        0
# algorithm          : deterministic
# ignoring probs <=  : 0
# Branch length floor: 0
# DE strategy        : 2
#    F               : 0.3
#    CR              : 0.8
#    tolerance       : 3e-06
# nthreads           : 32
# lgo input file     : begr2.lgo
# site pat input file: ../../chrX/boot_chrX/boot42.opf
# free parameters    : 13
# points in DE swarm : 39
# output state file  : b1boot42.state
# Including singleton site patterns.
# cost function      : KL
Initial parameter values
Fixed:
      zero = 0
       one = 1
    Tbecnw = 75200
Free:
       pc1 = 0
       pc2 = 0
       pc3 = 0
       pc4 = 0
       pc5 = 0
       pc6 = 0
       pc7 = 0
       pc8 = 0
       pc9 = 0
      pc10 = 0
      pc11 = 0
      pc12 = 0
      pc13 = 0
Constrained:
     Tecnw = 30628.7
       Tnw = 2456.68
       Tec = 129.406
     twoNb = 1.77635e+06
     twoNe = 383253
     twoNw = 961088
    twoNec = 153632
    twoNnw = 131902
  twoNecnw = 30488.7
  twoNbecnw = 44766
        m2 = 0.0117227
        m5 = 0.168725
        m7 = 0.0568514
        Tb = 15379.1
        Te = 64.7029
        Tg = 32.3514
DiffEv reached_goal. cost=2.91859e-03 spread=2.16202e-06
Fitted parameter values
Free:
       pc1 = -3.19059
       pc2 = -3.97305
       pc3 = -2.71482
       pc4 = -0.223617
       pc5 = -0.327615
       pc6 = -0.543752
       pc7 = -1.74646
       pc8 = -0.0254353
       pc9 = 0.718957
      pc10 = -1.57283
      pc11 = -0.199397
      pc12 = 0.08669
      pc13 = -0.114518
Constrained:
     Tecnw = 30140.3
       Tnw = 37.9639
       Tec = 0.323832
     twoNb = 4.79538e+06
     twoNe = 391142
     twoNw = 749918
    twoNec = 144371
    twoNnw = 157397
  twoNecnw = 29438.1
  twoNbecnw = 43492.5
        m2 = 0.0235304
        m5 = 0.174211
        m7 = 0.0654123
        Tb = 15070.3
        Te = 0.161916
        Tg = 0.080958
#       SitePat  BranchLen
              b 107904.2689053
              e 40039.5660659
              c 42165.1820880
              n 39605.3368627
              w 39604.9310775
            b:e 1321.4022649
            b:c 1526.4267276
            b:n 973.4695494
            b:w 973.4796322
            e:c 9881.2078762
            e:n 3970.0766937
            e:w 3970.4565951
            c:n 3320.6548060
            c:w 3320.5856530
            n:w 10705.4449585
          b:e:c 1184.2280163
          b:e:n 531.4146472
          b:e:w 531.4304483
          b:c:n 536.4702197
          b:c:w 536.4587409
          b:n:w 1070.6795697
          e:c:n 4301.9498340
          e:c:w 4302.0137127
          e:n:w 5722.6946093
          c:n:w 4838.0939048
        b:e:c:n 1022.9875161
        b:e:c:w 1023.0042692
        b:e:n:w 1359.9901934
        b:c:n:w 1203.1593777
        e:c:n:w 42536.4473356
