########################################
# legofit: estimate population history #
#       version 2.3.4-4-g53f8760       #
########################################

# Program was compiled: Sep 21 2021 14:36:42
# Program was run: Sat Oct 30 09:51:36 2021

# cmd: legofit -1 -d 0 -t 32 --ptsPerDim 3 --stateOut b1boot36.state --tol 3e-6 -S 5000 begr2.lgo ../../chrX/boot_chrX/boot36.opf
# Stage nOptItr nSimReps
#     0    5000        0
# algorithm          : deterministic
# ignoring probs <=  : 0
# Branch length floor: 0
# DE strategy        : 2
#    F               : 0.3
#    CR              : 0.8
#    tolerance       : 3e-06
# nthreads           : 32
# lgo input file     : begr2.lgo
# site pat input file: ../../chrX/boot_chrX/boot36.opf
# free parameters    : 13
# points in DE swarm : 39
# output state file  : b1boot36.state
# Including singleton site patterns.
# cost function      : KL
Initial parameter values
Fixed:
      zero = 0
       one = 1
    Tbecnw = 75200
Free:
       pc1 = 0
       pc2 = 0
       pc3 = 0
       pc4 = 0
       pc5 = 0
       pc6 = 0
       pc7 = 0
       pc8 = 0
       pc9 = 0
      pc10 = 0
      pc11 = 0
      pc12 = 0
      pc13 = 0
Constrained:
     Tecnw = 30628.7
       Tnw = 2456.68
       Tec = 129.406
     twoNb = 1.77635e+06
     twoNe = 383253
     twoNw = 961088
    twoNec = 153632
    twoNnw = 131902
  twoNecnw = 30488.7
  twoNbecnw = 44766
        m2 = 0.0117227
        m5 = 0.168725
        m7 = 0.0568514
        Tb = 15379.1
        Te = 64.7029
        Tg = 32.3514
DiffEv reached_goal. cost=3.00235e-03 spread=2.72415e-06
Fitted parameter values
Free:
       pc1 = -2.95529
       pc2 = -3.85638
       pc3 = -2.88326
       pc4 = -0.519912
       pc5 = -0.722762
       pc6 = -1.63246
       pc7 = -1.27336
       pc8 = 0.342443
       pc9 = 0.469375
      pc10 = -1.47312
      pc11 = -0.41144
      pc12 = -0.220844
      pc13 = -0.01588
Constrained:
     Tecnw = 29955.8
       Tnw = 91.4255
       Tec = 28.2106
     twoNb = 4.86785e+06
     twoNe = 336887
     twoNw = 710635
    twoNec = 142414
    twoNnw = 156291
  twoNecnw = 29641.3
  twoNbecnw = 43804.1
        m2 = 0.0243053
        m5 = 0.162951
        m7 = 0.0599573
        Tb = 14992
        Te = 14.1053
        Tg = 7.05264
#       SitePat  BranchLen
              b 108534.1314352
              e 40054.2168077
              c 42053.0855082
              n 39608.8759463
              w 39608.0616064
            b:e 1323.3727940
            b:c 1514.4401249
            b:n 971.7081206
            b:w 971.7246054
            e:c 10041.4215974
            e:n 3947.1296965
            e:w 3947.8961993
            c:n 3340.6737806
            c:w 3340.5332684
            n:w 10807.0635921
          b:e:c 1187.0715974
          b:e:n 528.2898215
          b:e:w 528.3211739
          b:c:n 532.9176718
          b:c:w 532.8942273
          b:n:w 1076.5804931
          e:c:n 4352.7159018
          e:c:w 4352.8465836
          e:n:w 5746.7745817
          c:n:w 4909.4427207
        b:e:c:n 1021.7189792
        b:e:c:w 1021.7522541
        b:e:n:w 1357.6229094
        b:c:n:w 1209.6366822
        e:c:n:w 42901.0319923
