########################################
# legofit: estimate population history #
#       version 2.3.4-4-g53f8760       #
########################################

# Program was compiled: Sep 21 2021 14:36:42
# Program was run: Sat Oct 30 09:50:57 2021

# cmd: legofit -1 -d 0 -t 32 --ptsPerDim 3 --stateOut b1boot21.state --tol 3e-6 -S 5000 begr2.lgo ../../chrX/boot_chrX/boot21.opf
# Stage nOptItr nSimReps
#     0    5000        0
# algorithm          : deterministic
# ignoring probs <=  : 0
# Branch length floor: 0
# DE strategy        : 2
#    F               : 0.3
#    CR              : 0.8
#    tolerance       : 3e-06
# nthreads           : 32
# lgo input file     : begr2.lgo
# site pat input file: ../../chrX/boot_chrX/boot21.opf
# free parameters    : 13
# points in DE swarm : 39
# output state file  : b1boot21.state
# Including singleton site patterns.
# cost function      : KL
Initial parameter values
Fixed:
      zero = 0
       one = 1
    Tbecnw = 75200
Free:
       pc1 = 0
       pc2 = 0
       pc3 = 0
       pc4 = 0
       pc5 = 0
       pc6 = 0
       pc7 = 0
       pc8 = 0
       pc9 = 0
      pc10 = 0
      pc11 = 0
      pc12 = 0
      pc13 = 0
Constrained:
     Tecnw = 30628.7
       Tnw = 2456.68
       Tec = 129.406
     twoNb = 1.77635e+06
     twoNe = 383253
     twoNw = 961088
    twoNec = 153632
    twoNnw = 131902
  twoNecnw = 30488.7
  twoNbecnw = 44766
        m2 = 0.0117227
        m5 = 0.168725
        m7 = 0.0568514
        Tb = 15379.1
        Te = 64.7029
        Tg = 32.3514
DiffEv reached_goal. cost=3.06446e-03 spread=1.71909e-06
Fitted parameter values
Free:
       pc1 = -2.92183
       pc2 = -3.95802
       pc3 = -3.52409
       pc4 = -0.316895
       pc5 = -0.20322
       pc6 = -1.78838
       pc7 = -1.52734
       pc8 = 0.845091
       pc9 = 0.0764995
      pc10 = -1.1081
      pc11 = -0.220056
      pc12 = 0.101607
      pc13 = 0.124308
Constrained:
     Tecnw = 30227.9
       Tnw = 39.7037
       Tec = 33.6455
     twoNb = 5.30355e+06
     twoNe = 399167
     twoNw = 515388
    twoNec = 141884
    twoNnw = 150800
  twoNecnw = 29777
  twoNbecnw = 43440.2
        m2 = 0.0233476
        m5 = 0.161856
        m7 = 0.0585257
        Tb = 15130.8
        Te = 16.8227
        Tg = 8.41137
#       SitePat  BranchLen
              b 108305.7415480
              e 40193.2565489
              c 42253.6477539
              n 39634.1146717
              w 39633.7847570
            b:e 1315.0168798
            b:c 1506.8965309
            b:n 968.6652120
            b:w 968.6715482
            e:c 10177.7330931
            e:n 3933.1991099
            e:w 3933.5100869
            c:n 3308.0199651
            c:w 3307.9634724
            n:w 11066.8472936
          b:e:c 1199.7123928
          b:e:n 524.1183030
          b:e:w 524.1309044
          b:c:n 528.5848048
          b:c:w 528.5753132
          b:n:w 1089.1428039
          e:c:n 4329.4241629
          e:c:w 4329.4767938
          e:n:w 5754.9549060
          c:n:w 4893.6207839
        b:e:c:n 1016.8750525
        b:e:c:w 1016.8884059
        b:e:n:w 1349.8514561
        b:c:n:w 1200.7295708
        e:c:n:w 42445.4526302
