########################################
# legofit: estimate population history #
#       version 2.3.4-4-g53f8760       #
########################################

# Program was compiled: Sep 21 2021 14:36:42
# Program was run: Sat Oct 30 09:50:02 2021

# cmd: legofit -1 -d 0 -t 32 --ptsPerDim 3 --stateOut b1boot3.state --tol 3e-6 -S 5000 begr2.lgo ../../chrX/boot_chrX/boot3.opf
# Stage nOptItr nSimReps
#     0    5000        0
# algorithm          : deterministic
# ignoring probs <=  : 0
# Branch length floor: 0
# DE strategy        : 2
#    F               : 0.3
#    CR              : 0.8
#    tolerance       : 3e-06
# nthreads           : 32
# lgo input file     : begr2.lgo
# site pat input file: ../../chrX/boot_chrX/boot3.opf
# free parameters    : 13
# points in DE swarm : 39
# output state file  : b1boot3.state
# Including singleton site patterns.
# cost function      : KL
Initial parameter values
Fixed:
      zero = 0
       one = 1
    Tbecnw = 75200
Free:
       pc1 = 0
       pc2 = 0
       pc3 = 0
       pc4 = 0
       pc5 = 0
       pc6 = 0
       pc7 = 0
       pc8 = 0
       pc9 = 0
      pc10 = 0
      pc11 = 0
      pc12 = 0
      pc13 = 0
Constrained:
     Tecnw = 30628.7
       Tnw = 2456.68
       Tec = 129.406
     twoNb = 1.77635e+06
     twoNe = 383253
     twoNw = 961088
    twoNec = 153632
    twoNnw = 131902
  twoNecnw = 30488.7
  twoNbecnw = 44766
        m2 = 0.0117227
        m5 = 0.168725
        m7 = 0.0568514
        Tb = 15379.1
        Te = 64.7029
        Tg = 32.3514
DiffEv reached_goal. cost=3.00733e-03 spread=2.66113e-06
Fitted parameter values
Free:
       pc1 = -3.74612
       pc2 = -3.49505
       pc3 = -2.93261
       pc4 = -1.40394
       pc5 = 0.0585107
       pc6 = -1.17654
       pc7 = -1.83298
       pc8 = 0.158256
       pc9 = -0.129724
      pc10 = -1.20992
      pc11 = -0.109503
      pc12 = 0.06066
      pc13 = -0.177421
Constrained:
     Tecnw = 30555.5
       Tnw = 16.347
       Tec = 6.71588
     twoNb = 5.17783e+06
     twoNe = 280148
     twoNw = 721964
    twoNec = 139687
    twoNnw = 158438
  twoNecnw = 29827.3
  twoNbecnw = 43670.3
        m2 = 0.0231843
        m5 = 0.175937
        m7 = 0.0564113
        Tb = 15281.1
        Te = 3.35794
        Tg = 1.67897
#       SitePat  BranchLen
              b 108602.3477698
              e 40336.6011879
              c 42522.6065091
              n 40118.2384573
              w 40118.0914849
            b:e 1307.1783683
            b:c 1511.7897067
            b:n 989.9836949
            b:w 989.9862107
            e:c 10230.6737041
            e:n 4005.5604451
            e:w 4005.6992685
            c:n 3338.0064639
            c:w 3337.9813204
            n:w 10912.5609739
          b:e:c 1201.7300733
          b:e:n 533.5876102
          b:e:w 533.5932433
          b:c:n 538.3039454
          b:c:w 538.2996551
          b:n:w 1095.2669989
          e:c:n 4386.7938441
          e:c:w 4386.8173272
          e:n:w 5753.9077730
          c:n:w 4848.2961509
        b:e:c:n 1035.7788539
        b:e:c:w 1035.7848046
        b:e:n:w 1356.5771472
        b:c:n:w 1197.4212920
        e:c:n:w 42357.3457235
