########################################
# legofit: estimate population history #
#       version 2.3.4-4-g53f8760       #
########################################

# Program was compiled: Sep 21 2021 14:36:42
# Program was run: Sat Oct 30 09:51:00 2021

# cmd: legofit -1 -d 0 -t 32 --ptsPerDim 3 --stateOut b1boot22.state --tol 3e-6 -S 5000 begr2.lgo ../../chrX/boot_chrX/boot22.opf
# Stage nOptItr nSimReps
#     0    5000        0
# algorithm          : deterministic
# ignoring probs <=  : 0
# Branch length floor: 0
# DE strategy        : 2
#    F               : 0.3
#    CR              : 0.8
#    tolerance       : 3e-06
# nthreads           : 32
# lgo input file     : begr2.lgo
# site pat input file: ../../chrX/boot_chrX/boot22.opf
# free parameters    : 13
# points in DE swarm : 39
# output state file  : b1boot22.state
# Including singleton site patterns.
# cost function      : KL
Initial parameter values
Fixed:
      zero = 0
       one = 1
    Tbecnw = 75200
Free:
       pc1 = 0
       pc2 = 0
       pc3 = 0
       pc4 = 0
       pc5 = 0
       pc6 = 0
       pc7 = 0
       pc8 = 0
       pc9 = 0
      pc10 = 0
      pc11 = 0
      pc12 = 0
      pc13 = 0
Constrained:
     Tecnw = 30628.7
       Tnw = 2456.68
       Tec = 129.406
     twoNb = 1.77635e+06
     twoNe = 383253
     twoNw = 961088
    twoNec = 153632
    twoNnw = 131902
  twoNecnw = 30488.7
  twoNbecnw = 44766
        m2 = 0.0117227
        m5 = 0.168725
        m7 = 0.0568514
        Tb = 15379.1
        Te = 64.7029
        Tg = 32.3514
DiffEv reached_goal. cost=2.87818e-03 spread=2.61160e-06
Fitted parameter values
Free:
       pc1 = -2.51611
       pc2 = -3.88201
       pc3 = -3.37878
       pc4 = -0.550669
       pc5 = -0.182559
       pc6 = -0.931634
       pc7 = -1.33753
       pc8 = 0.388636
       pc9 = -0.462988
      pc10 = -1.18988
      pc11 = 0.125484
      pc12 = -0.00568984
      pc13 = 0.149949
Constrained:
     Tecnw = 30179.5
       Tnw = 34.6591
       Tec = 8.8377
     twoNb = 4.91601e+06
     twoNe = 366561
     twoNw = 476315
    twoNec = 140544
    twoNnw = 149796
  twoNecnw = 30024.6
  twoNbecnw = 43401.1
        m2 = 0.0218673
        m5 = 0.168725
        m7 = 0.0647965
        Tb = 15094.2
        Te = 4.41885
        Tg = 2.20942
#       SitePat  BranchLen
              b 107764.1853619
              e 40052.6681295
              c 42196.3913349
              n 39600.6030330
              w 39600.1083776
            b:e 1334.1007518
            b:c 1538.7954336
            b:n 990.4884890
            b:w 990.5002962
            e:c 10198.2937739
            e:n 3969.2594054
            e:w 3969.7227738
            c:n 3315.0981767
            c:w 3315.0135222
            n:w 11087.0034203
          b:e:c 1231.5204721
          b:e:n 536.0744932
          b:e:w 536.0939729
          b:c:n 541.2168918
          b:c:w 541.2026016
          b:n:w 1109.3164678
          e:c:n 4338.0556645
          e:c:w 4338.1339077
          e:n:w 5745.9194790
          c:n:w 4851.2368965
        b:e:c:n 1042.7285368
        b:e:c:w 1042.7492382
        b:e:n:w 1363.4354967
        b:c:n:w 1208.3196448
        e:c:n:w 42071.9720530
