########################################
# legofit: estimate population history #
#       version 2.3.4-4-g53f8760       #
########################################

# Program was compiled: Sep 21 2021 14:36:42
# Program was run: Sat Oct 30 09:51:27 2021

# cmd: legofit -1 -d 0 -t 32 --ptsPerDim 3 --stateOut b1boot32.state --tol 3e-6 -S 5000 begr2.lgo ../../chrX/boot_chrX/boot32.opf
# Stage nOptItr nSimReps
#     0    5000        0
# algorithm          : deterministic
# ignoring probs <=  : 0
# Branch length floor: 0
# DE strategy        : 2
#    F               : 0.3
#    CR              : 0.8
#    tolerance       : 3e-06
# nthreads           : 32
# lgo input file     : begr2.lgo
# site pat input file: ../../chrX/boot_chrX/boot32.opf
# free parameters    : 13
# points in DE swarm : 39
# output state file  : b1boot32.state
# Including singleton site patterns.
# cost function      : KL
Initial parameter values
Fixed:
      zero = 0
       one = 1
    Tbecnw = 75200
Free:
       pc1 = 0
       pc2 = 0
       pc3 = 0
       pc4 = 0
       pc5 = 0
       pc6 = 0
       pc7 = 0
       pc8 = 0
       pc9 = 0
      pc10 = 0
      pc11 = 0
      pc12 = 0
      pc13 = 0
Constrained:
     Tecnw = 30628.7
       Tnw = 2456.68
       Tec = 129.406
     twoNb = 1.77635e+06
     twoNe = 383253
     twoNw = 961088
    twoNec = 153632
    twoNnw = 131902
  twoNecnw = 30488.7
  twoNbecnw = 44766
        m2 = 0.0117227
        m5 = 0.168725
        m7 = 0.0568514
        Tb = 15379.1
        Te = 64.7029
        Tg = 32.3514
DiffEv reached_goal. cost=2.77703e-03 spread=2.75213e-06
Fitted parameter values
Free:
       pc1 = -3.9677
       pc2 = -3.43852
       pc3 = -2.28405
       pc4 = 0.425666
       pc5 = 0.154886
       pc6 = -1.38212
       pc7 = -1.03514
       pc8 = 0.346703
       pc9 = 0.699659
      pc10 = -1.15824
      pc11 = 0.42604
      pc12 = -0.0365094
      pc13 = -0.188091
Constrained:
     Tecnw = 30693.9
       Tnw = 11.9987
       Tec = 12.3577
     twoNb = 4.54977e+06
     twoNe = 508220
     twoNw = 748234
    twoNec = 139224
    twoNnw = 156134
  twoNecnw = 29315.4
  twoNbecnw = 44335.5
        m2 = 0.0235326
        m5 = 0.168302
        m7 = 0.0586473
        Tb = 15353.1
        Te = 6.17886
        Tg = 3.08943
#       SitePat  BranchLen
              b 109068.9249504
              e 40301.3246772
              c 42417.5717768
              n 40011.8551892
              w 40011.7945313
            b:e 1324.4505026
            b:c 1526.3412700
            b:n 984.1146806
            b:w 984.1158462
            e:c 10263.3146763
            e:n 3930.3038011
            e:w 3930.3609699
            c:n 3284.9113366
            c:w 3284.9010514
            n:w 10974.4927203
          b:e:c 1215.3664533
          b:e:n 529.2326654
          b:e:w 529.2349889
          b:c:n 534.0414963
          b:c:w 534.0397366
          b:n:w 1101.1232055
          e:c:n 4347.9832289
          e:c:w 4347.9928077
          e:n:w 5729.9870261
          c:n:w 4848.6208051
        b:e:c:n 1034.1859187
        b:e:c:w 1034.1883848
        b:e:n:w 1362.6068687
        b:c:n:w 1207.0740272
        e:c:n:w 43088.5080256
