########################################
# legofit: estimate population history #
#       version 2.3.4-4-g53f8760       #
########################################

# Program was compiled: Sep 21 2021 14:36:42
# Program was run: Sat Oct 30 09:50:19 2021

# cmd: legofit -1 -d 0 -t 32 --ptsPerDim 3 --stateOut b1boot9.state --tol 3e-6 -S 5000 begr2.lgo ../../chrX/boot_chrX/boot9.opf
# Stage nOptItr nSimReps
#     0    5000        0
# algorithm          : deterministic
# ignoring probs <=  : 0
# Branch length floor: 0
# DE strategy        : 2
#    F               : 0.3
#    CR              : 0.8
#    tolerance       : 3e-06
# nthreads           : 32
# lgo input file     : begr2.lgo
# site pat input file: ../../chrX/boot_chrX/boot9.opf
# free parameters    : 13
# points in DE swarm : 39
# output state file  : b1boot9.state
# Including singleton site patterns.
# cost function      : KL
Initial parameter values
Fixed:
      zero = 0
       one = 1
    Tbecnw = 75200
Free:
       pc1 = 0
       pc2 = 0
       pc3 = 0
       pc4 = 0
       pc5 = 0
       pc6 = 0
       pc7 = 0
       pc8 = 0
       pc9 = 0
      pc10 = 0
      pc11 = 0
      pc12 = 0
      pc13 = 0
Constrained:
     Tecnw = 30628.7
       Tnw = 2456.68
       Tec = 129.406
     twoNb = 1.77635e+06
     twoNe = 383253
     twoNw = 961088
    twoNec = 153632
    twoNnw = 131902
  twoNecnw = 30488.7
  twoNbecnw = 44766
        m2 = 0.0117227
        m5 = 0.168725
        m7 = 0.0568514
        Tb = 15379.1
        Te = 64.7029
        Tg = 32.3514
DiffEv reached_goal. cost=2.96311e-03 spread=2.97119e-06
Fitted parameter values
Free:
       pc1 = -3.2102
       pc2 = -3.10419
       pc3 = -3.21409
       pc4 = -0.337819
       pc5 = 0.0476752
       pc6 = -1.19205
       pc7 = -1.54061
       pc8 = 1.08794
       pc9 = 0.13485
      pc10 = -1.063
      pc11 = 0.251668
      pc12 = -0.137851
      pc13 = -0.0774273
Constrained:
     Tecnw = 30607
       Tnw = 21.4732
       Tec = 9.72192
     twoNb = 5.00367e+06
     twoNe = 393312
     twoNw = 503350
    twoNec = 141842
    twoNnw = 153816
  twoNecnw = 29679.2
  twoNbecnw = 43868
        m2 = 0.0191777
        m5 = 0.166455
        m7 = 0.0577404
        Tb = 15308.3
        Te = 4.86096
        Tg = 2.43048
#       SitePat  BranchLen
              b 108759.5237544
              e 40223.9569472
              c 42306.0900596
              n 39955.7740416
              w 39955.5199388
            b:e 1289.0124765
            b:c 1479.8251405
            b:n 985.1482000
            b:w 985.1528581
            e:c 10261.4758132
            e:n 3949.6784781
            e:w 3949.9181778
            c:n 3309.7235582
            c:w 3309.6801278
            n:w 11018.9909101
          b:e:c 1210.2733713
          b:e:n 530.0728477
          b:e:w 530.0825927
          b:c:n 534.7996030
          b:c:w 534.7922008
          b:n:w 1097.3740463
          e:c:n 4374.1101232
          e:c:w 4374.1506184
          e:n:w 5656.1875998
          c:n:w 4799.4961931
        b:e:c:n 1034.6354997
        b:e:c:w 1034.6458370
        b:e:n:w 1317.7070450
        b:c:n:w 1172.2092818
        e:c:n:w 42759.3473273
