########################################
# legofit: estimate population history #
#       version 2.3.4-4-g53f8760       #
########################################

# Program was compiled: Sep 21 2021 14:36:42
# Program was run: Sat Oct 30 09:51:54 2021

# cmd: legofit -1 -d 0 -t 32 --ptsPerDim 3 --stateOut b1boot43.state --tol 3e-6 -S 5000 begr2.lgo ../../chrX/boot_chrX/boot43.opf
# Stage nOptItr nSimReps
#     0    5000        0
# algorithm          : deterministic
# ignoring probs <=  : 0
# Branch length floor: 0
# DE strategy        : 2
#    F               : 0.3
#    CR              : 0.8
#    tolerance       : 3e-06
# nthreads           : 32
# lgo input file     : begr2.lgo
# site pat input file: ../../chrX/boot_chrX/boot43.opf
# free parameters    : 13
# points in DE swarm : 39
# output state file  : b1boot43.state
# Including singleton site patterns.
# cost function      : KL
Initial parameter values
Fixed:
      zero = 0
       one = 1
    Tbecnw = 75200
Free:
       pc1 = 0
       pc2 = 0
       pc3 = 0
       pc4 = 0
       pc5 = 0
       pc6 = 0
       pc7 = 0
       pc8 = 0
       pc9 = 0
      pc10 = 0
      pc11 = 0
      pc12 = 0
      pc13 = 0
Constrained:
     Tecnw = 30628.7
       Tnw = 2456.68
       Tec = 129.406
     twoNb = 1.77635e+06
     twoNe = 383253
     twoNw = 961088
    twoNec = 153632
    twoNnw = 131902
  twoNecnw = 30488.7
  twoNbecnw = 44766
        m2 = 0.0117227
        m5 = 0.168725
        m7 = 0.0568514
        Tb = 15379.1
        Te = 64.7029
        Tg = 32.3514
DiffEv reached_goal. cost=3.05916e-03 spread=2.49167e-06
Fitted parameter values
Free:
       pc1 = -3.84335
       pc2 = -3.18533
       pc3 = -2.30125
       pc4 = 0.735507
       pc5 = 1.44406
       pc6 = -1.72337
       pc7 = -1.79599
       pc8 = -0.0259613
       pc9 = -0.389943
      pc10 = -0.911311
      pc11 = -0.260235
      pc12 = 0.470403
      pc13 = 0.250833
Constrained:
     Tecnw = 30864.7
       Tnw = 55.4387
       Tec = 12.9171
     twoNb = 5.0484e+06
     twoNe = 644239
     twoNw = 812146
    twoNec = 142501
    twoNnw = 147642
  twoNecnw = 29936.2
  twoNbecnw = 44312.8
        m2 = 0.0245907
        m5 = 0.176585
        m7 = 0.0527628
        Tb = 15438.8
        Te = 6.45854
        Tg = 3.22927
#       SitePat  BranchLen
              b 109335.6613868
              e 40739.6361161
              c 43106.6465961
              n 40013.7114565
              w 40013.2197258
            b:e 1336.4895404
            b:c 1552.9156942
            b:n 994.7269894
            b:w 994.7337004
            e:c 10307.0503894
            e:n 4029.5409767
            e:w 4030.0071164
            c:n 3317.7916924
            c:w 3317.7079114
            n:w 11369.5359949
          b:e:c 1228.0220228
          b:e:n 537.1416650
          b:e:w 537.1605450
          b:c:n 541.2815215
          b:c:w 541.2669113
          b:n:w 1131.5196689
          e:c:n 4345.7749082
          e:c:w 4345.8534978
          e:n:w 5948.1601396
          c:n:w 4955.1444300
        b:e:c:n 1034.2486096
        b:e:c:w 1034.2684112
        b:e:n:w 1409.3945432
        b:c:n:w 1234.7758854
        e:c:n:w 42580.8586136
