########################################
# legofit: estimate population history #
#       version 2.3.4-4-g53f8760       #
########################################

# Program was compiled: Sep 21 2021 14:36:42
# Program was run: Sat Oct 30 09:50:31 2021

# cmd: legofit -1 -d 0 -t 32 --ptsPerDim 3 --stateOut b1boot12.state --tol 3e-6 -S 5000 begr2.lgo ../../chrX/boot_chrX/boot12.opf
# Stage nOptItr nSimReps
#     0    5000        0
# algorithm          : deterministic
# ignoring probs <=  : 0
# Branch length floor: 0
# DE strategy        : 2
#    F               : 0.3
#    CR              : 0.8
#    tolerance       : 3e-06
# nthreads           : 32
# lgo input file     : begr2.lgo
# site pat input file: ../../chrX/boot_chrX/boot12.opf
# free parameters    : 13
# points in DE swarm : 39
# output state file  : b1boot12.state
# Including singleton site patterns.
# cost function      : KL
Initial parameter values
Fixed:
      zero = 0
       one = 1
    Tbecnw = 75200
Free:
       pc1 = 0
       pc2 = 0
       pc3 = 0
       pc4 = 0
       pc5 = 0
       pc6 = 0
       pc7 = 0
       pc8 = 0
       pc9 = 0
      pc10 = 0
      pc11 = 0
      pc12 = 0
      pc13 = 0
Constrained:
     Tecnw = 30628.7
       Tnw = 2456.68
       Tec = 129.406
     twoNb = 1.77635e+06
     twoNe = 383253
     twoNw = 961088
    twoNec = 153632
    twoNnw = 131902
  twoNecnw = 30488.7
  twoNbecnw = 44766
        m2 = 0.0117227
        m5 = 0.168725
        m7 = 0.0568514
        Tb = 15379.1
        Te = 64.7029
        Tg = 32.3514
DiffEv reached_goal. cost=3.04960e-03 spread=2.43443e-06
Fitted parameter values
Free:
       pc1 = -3.98537
       pc2 = -2.19357
       pc3 = -2.51817
       pc4 = -0.328379
       pc5 = 0.626811
       pc6 = -1.7317
       pc7 = -0.72865
       pc8 = 0.706899
       pc9 = -0.422173
      pc10 = -1.19799
      pc11 = -0.117845
      pc12 = -0.540645
      pc13 = -0.011102
Constrained:
     Tecnw = 30760.1
       Tnw = 31.1727
       Tec = 25.4873
     twoNb = 4.65478e+06
     twoNe = 426032
     twoNw = 571707
    twoNec = 139397
    twoNnw = 156657
  twoNecnw = 29916
  twoNbecnw = 45343.7
        m2 = 0.0209432
        m5 = 0.169989
        m7 = 0.0488966
        Tb = 15392.8
        Te = 12.7437
        Tg = 6.37183
#       SitePat  BranchLen
              b 110545.4481200
              e 40528.8151006
              c 42674.8670623
              n 40344.4517541
              w 40344.1976867
            b:e 1310.1092195
            b:c 1505.8465993
            b:n 1016.4356406
            b:w 1016.4381662
            e:c 10473.0772755
            e:n 4023.0668910
            e:w 4023.3086589
            c:n 3369.9575813
            c:w 3369.9134880
            n:w 11126.6698383
          b:e:c 1231.4154823
          b:e:n 543.9331593
          b:e:w 543.9429332
          b:c:n 548.1881187
          b:c:w 548.1803521
          b:n:w 1132.6204422
          e:c:n 4485.4173502
          e:c:w 4485.4589078
          e:n:w 5798.2560193
          c:n:w 4909.6628733
        b:e:c:n 1060.7750587
        b:e:c:w 1060.7853610
        b:e:n:w 1364.1107834
        b:c:n:w 1208.9266903
        e:c:n:w 43704.6839262
