########################################
# legofit: estimate population history #
#       version 2.3.4-4-g53f8760       #
########################################

# Program was compiled: Sep 21 2021 14:36:42
# Program was run: Sat Oct 30 09:50:03 2021

# cmd: legofit -1 -d 0 -t 32 --ptsPerDim 3 --stateOut b1boot4.state --tol 3e-6 -S 5000 begr2.lgo ../../chrX/boot_chrX/boot4.opf
# Stage nOptItr nSimReps
#     0    5000        0
# algorithm          : deterministic
# ignoring probs <=  : 0
# Branch length floor: 0
# DE strategy        : 2
#    F               : 0.3
#    CR              : 0.8
#    tolerance       : 3e-06
# nthreads           : 32
# lgo input file     : begr2.lgo
# site pat input file: ../../chrX/boot_chrX/boot4.opf
# free parameters    : 13
# points in DE swarm : 39
# output state file  : b1boot4.state
# Including singleton site patterns.
# cost function      : KL
Initial parameter values
Fixed:
      zero = 0
       one = 1
    Tbecnw = 75200
Free:
       pc1 = 0
       pc2 = 0
       pc3 = 0
       pc4 = 0
       pc5 = 0
       pc6 = 0
       pc7 = 0
       pc8 = 0
       pc9 = 0
      pc10 = 0
      pc11 = 0
      pc12 = 0
      pc13 = 0
Constrained:
     Tecnw = 30628.7
       Tnw = 2456.68
       Tec = 129.406
     twoNb = 1.77635e+06
     twoNe = 383253
     twoNw = 961088
    twoNec = 153632
    twoNnw = 131902
  twoNecnw = 30488.7
  twoNbecnw = 44766
        m2 = 0.0117227
        m5 = 0.168725
        m7 = 0.0568514
        Tb = 15379.1
        Te = 64.7029
        Tg = 32.3514
DiffEv reached_goal. cost=2.98215e-03 spread=2.69748e-06
Fitted parameter values
Free:
       pc1 = -3.27696
       pc2 = -3.48382
       pc3 = -2.19627
       pc4 = -1.16913
       pc5 = 0.119463
       pc6 = -0.00462651
       pc7 = -1.24694
       pc8 = -0.376945
       pc9 = 0.294965
      pc10 = -1.72814
      pc11 = 0.473665
      pc12 = -0.481718
      pc13 = 0.124949
Constrained:
     Tecnw = 30232.6
       Tnw = 34.5498
       Tec = 17.0683
     twoNb = 4.41652e+06
     twoNe = 288014
     twoNw = 799653
    twoNec = 138441
    twoNnw = 153332
  twoNecnw = 29607.9
  twoNbecnw = 44218.1
        m2 = 0.0207681
        m5 = 0.183253
        m7 = 0.0664073
        Tb = 15124.9
        Te = 8.53413
        Tg = 4.26707
#       SitePat  BranchLen
              b 108408.0400585
              e 39804.6552252
              c 42076.6059313
              n 39583.8394882
              w 39583.5636774
            b:e 1321.7958694
            b:c 1541.1845272
            b:n 998.7836462
            b:w 998.7905294
            e:c 10109.3365405
            e:n 4007.0226296
            e:w 4007.2805816
            c:n 3310.5650586
            c:w 3310.5178568
            n:w 10882.0233690
          b:e:c 1226.0251937
          b:e:n 540.1590745
          b:e:w 540.1700500
          b:c:n 545.7640754
          b:c:w 545.7560850
          b:n:w 1104.2372289
          e:c:n 4350.6927606
          e:c:w 4350.7362972
          e:n:w 5732.1135953
          c:n:w 4787.9490670
        b:e:c:n 1050.5916781
        b:e:c:w 1050.6033337
        b:e:n:w 1362.5867337
        b:c:n:w 1197.4411581
        e:c:n:w 42978.1596785
