########################################
# legofit: estimate population history #
#       version 2.3.4-4-g53f8760       #
########################################

# Program was compiled: Sep 21 2021 14:36:42
# Program was run: Sat Oct 30 09:52:14 2021

# cmd: legofit -1 -d 0 -t 32 --ptsPerDim 3 --stateOut b1boot46.state --tol 3e-6 -S 5000 begr2.lgo ../../chrX/boot_chrX/boot46.opf
# Stage nOptItr nSimReps
#     0    5000        0
# algorithm          : deterministic
# ignoring probs <=  : 0
# Branch length floor: 0
# DE strategy        : 2
#    F               : 0.3
#    CR              : 0.8
#    tolerance       : 3e-06
# nthreads           : 32
# lgo input file     : begr2.lgo
# site pat input file: ../../chrX/boot_chrX/boot46.opf
# free parameters    : 13
# points in DE swarm : 39
# output state file  : b1boot46.state
# Including singleton site patterns.
# cost function      : KL
Initial parameter values
Fixed:
      zero = 0
       one = 1
    Tbecnw = 75200
Free:
       pc1 = 0
       pc2 = 0
       pc3 = 0
       pc4 = 0
       pc5 = 0
       pc6 = 0
       pc7 = 0
       pc8 = 0
       pc9 = 0
      pc10 = 0
      pc11 = 0
      pc12 = 0
      pc13 = 0
Constrained:
     Tecnw = 30628.7
       Tnw = 2456.68
       Tec = 129.406
     twoNb = 1.77635e+06
     twoNe = 383253
     twoNw = 961088
    twoNec = 153632
    twoNnw = 131902
  twoNecnw = 30488.7
  twoNbecnw = 44766
        m2 = 0.0117227
        m5 = 0.168725
        m7 = 0.0568514
        Tb = 15379.1
        Te = 64.7029
        Tg = 32.3514
DiffEv reached_goal. cost=2.89213e-03 spread=2.70553e-06
Fitted parameter values
Free:
       pc1 = -2.86638
       pc2 = -2.68334
       pc3 = -1.18126
       pc4 = -1.23311
       pc5 = -0.532937
       pc6 = -1.0088
       pc7 = -1.95935
       pc8 = -0.59469
       pc9 = 0.0896724
      pc10 = -1.27379
      pc11 = 0.155179
      pc12 = -0.0828379
      pc13 = -0.147706
Constrained:
     Tecnw = 30484.4
       Tnw = 55.5865
       Tec = 6.68734
     twoNb = 4.12146e+06
     twoNe = 268526
     twoNw = 1.25887e+06
    twoNec = 142996
    twoNnw = 156621
  twoNecnw = 29960.2
  twoNbecnw = 43941.8
        m2 = 0.020741
        m5 = 0.175248
        m7 = 0.0596133
        Tb = 15245.5
        Te = 3.34367
        Tg = 1.67184
#       SitePat  BranchLen
              b 108595.3932539
              e 40319.6369998
              c 42489.1373925
              n 40042.4631860
              w 40042.1251349
            b:e 1316.8141759
            b:c 1520.5382220
            b:n 1003.4596996
            b:w 1003.4662322
            e:c 10158.3993739
            e:n 4024.9371995
            e:w 4025.2554877
            c:n 3359.5087014
            c:w 3359.4506090
            n:w 10926.1088306
          b:e:c 1217.0468618
          b:e:n 543.3786649
          b:e:w 543.3918952
          b:c:n 548.3092341
          b:c:w 548.2992922
          b:n:w 1106.1760762
          e:c:n 4395.4066174
          e:c:w 4395.4606540
          e:n:w 5737.4316843
          c:n:w 4841.6514396
        b:e:c:n 1051.6792184
        b:e:c:w 1051.6932160
        b:e:n:w 1356.0702805
        b:c:n:w 1200.0214969
        e:c:n:w 42469.1354905
