########################################
# legofit: estimate population history #
#       version 2.3.4-4-g53f8760       #
########################################

# Program was compiled: Sep 21 2021 14:36:42
# Program was run: Sat Oct 30 09:50:48 2021

# cmd: legofit -1 -d 0 -t 32 --ptsPerDim 3 --stateOut b1boot18.state --tol 3e-6 -S 5000 begr2.lgo ../../chrX/boot_chrX/boot18.opf
# Stage nOptItr nSimReps
#     0    5000        0
# algorithm          : deterministic
# ignoring probs <=  : 0
# Branch length floor: 0
# DE strategy        : 2
#    F               : 0.3
#    CR              : 0.8
#    tolerance       : 3e-06
# nthreads           : 32
# lgo input file     : begr2.lgo
# site pat input file: ../../chrX/boot_chrX/boot18.opf
# free parameters    : 13
# points in DE swarm : 39
# output state file  : b1boot18.state
# Including singleton site patterns.
# cost function      : KL
Initial parameter values
Fixed:
      zero = 0
       one = 1
    Tbecnw = 75200
Free:
       pc1 = 0
       pc2 = 0
       pc3 = 0
       pc4 = 0
       pc5 = 0
       pc6 = 0
       pc7 = 0
       pc8 = 0
       pc9 = 0
      pc10 = 0
      pc11 = 0
      pc12 = 0
      pc13 = 0
Constrained:
     Tecnw = 30628.7
       Tnw = 2456.68
       Tec = 129.406
     twoNb = 1.77635e+06
     twoNe = 383253
     twoNw = 961088
    twoNec = 153632
    twoNnw = 131902
  twoNecnw = 30488.7
  twoNbecnw = 44766
        m2 = 0.0117227
        m5 = 0.168725
        m7 = 0.0568514
        Tb = 15379.1
        Te = 64.7029
        Tg = 32.3514
DiffEv reached_goal. cost=3.06101e-03 spread=2.70969e-06
Fitted parameter values
Free:
       pc1 = -3.85887
       pc2 = -3.96659
       pc3 = -1.9678
       pc4 = -0.705655
       pc5 = 0.433308
       pc6 = -0.0934808
       pc7 = -1.81254
       pc8 = -1.00287
       pc9 = 0.304149
      pc10 = -1.67491
      pc11 = -0.623649
      pc12 = -0.278924
      pc13 = -0.0621493
Constrained:
     Tecnw = 30017.7
       Tnw = 121.234
       Tec = 18.7106
     twoNb = 4.66921e+06
     twoNe = 394353
     twoNw = 950837
    twoNec = 141662
    twoNnw = 160857
  twoNecnw = 29594.4
  twoNbecnw = 43945
        m2 = 0.0251678
        m5 = 0.190242
        m7 = 0.0619782
        Tb = 15018.2
        Te = 9.35532
        Tg = 4.67766
#       SitePat  BranchLen
              b 108488.0877907
              e 39992.9112036
              c 42285.8528723
              n 39685.8903145
              w 39684.8561938
            b:e 1320.2827606
            b:c 1542.2016622
            b:n 985.7192068
            b:w 985.7414193
            e:c 9852.3124705
            e:n 4063.5730020
            e:w 4064.5444065
            c:n 3367.7582147
            c:w 3367.5799773
            n:w 10588.4391935
          b:e:c 1175.2159800
          b:e:n 538.5037224
          b:e:w 538.5442262
          b:c:n 543.5602855
          b:c:w 543.5304935
          b:n:w 1072.2394506
          e:c:n 4352.8376520
          e:c:w 4353.0029961
          e:n:w 5827.9222220
          c:n:w 4869.4524928
        b:e:c:n 1029.8419271
        b:e:c:w 1029.8846124
        b:e:n:w 1387.2939525
        b:c:n:w 1213.6394974
        e:c:n:w 42867.6158533
