########################################
# legofit: estimate population history #
#       version 2.3.4-4-g53f8760       #
########################################

# Program was compiled: Sep 21 2021 14:36:42
# Program was run: Sat Oct 30 09:50:48 2021

# cmd: legofit -1 -d 0 -t 32 --ptsPerDim 3 --stateOut b1boot19.state --tol 3e-6 -S 5000 begr2.lgo ../../chrX/boot_chrX/boot19.opf
# Stage nOptItr nSimReps
#     0    5000        0
# algorithm          : deterministic
# ignoring probs <=  : 0
# Branch length floor: 0
# DE strategy        : 2
#    F               : 0.3
#    CR              : 0.8
#    tolerance       : 3e-06
# nthreads           : 32
# lgo input file     : begr2.lgo
# site pat input file: ../../chrX/boot_chrX/boot19.opf
# free parameters    : 13
# points in DE swarm : 39
# output state file  : b1boot19.state
# Including singleton site patterns.
# cost function      : KL
Initial parameter values
Fixed:
      zero = 0
       one = 1
    Tbecnw = 75200
Free:
       pc1 = 0
       pc2 = 0
       pc3 = 0
       pc4 = 0
       pc5 = 0
       pc6 = 0
       pc7 = 0
       pc8 = 0
       pc9 = 0
      pc10 = 0
      pc11 = 0
      pc12 = 0
      pc13 = 0
Constrained:
     Tecnw = 30628.7
       Tnw = 2456.68
       Tec = 129.406
     twoNb = 1.77635e+06
     twoNe = 383253
     twoNw = 961088
    twoNec = 153632
    twoNnw = 131902
  twoNecnw = 30488.7
  twoNbecnw = 44766
        m2 = 0.0117227
        m5 = 0.168725
        m7 = 0.0568514
        Tb = 15379.1
        Te = 64.7029
        Tg = 32.3514
DiffEv reached_goal. cost=3.04636e-03 spread=2.52019e-06
Fitted parameter values
Free:
       pc1 = -3.98321
       pc2 = -2.94445
       pc3 = -2.09835
       pc4 = 1.70626
       pc5 = 1.33271
       pc6 = -1.9014
       pc7 = -1.3466
       pc8 = 0.589469
       pc9 = 0.0651405
      pc10 = -0.559217
      pc11 = 0.422696
      pc12 = 0.23952
      pc13 = 0.0649411
Constrained:
     Tecnw = 31121.5
       Tnw = 23.6202
       Tec = 6.81577
     twoNb = 4.67141e+06
     twoNe = 757784
     twoNw = 743872
    twoNec = 140618
    twoNnw = 148133
  twoNecnw = 29607.7
  twoNbecnw = 44541.5
        m2 = 0.0222763
        m5 = 0.168198
        m7 = 0.0524864
        Tb = 15564.1
        Te = 3.40789
        Tg = 1.70394
#       SitePat  BranchLen
              b 109622.3329840
              e 40680.4327916
              c 42923.3321062
              n 40135.7664932
              w 40135.5551943
            b:e 1319.4103166
            b:c 1523.4309147
            b:n 991.1396616
            b:w 991.1425690
            e:c 10459.7927962
            e:n 3954.1692113
            e:w 3954.3695726
            c:n 3274.6170024
            c:w 3274.5812377
            n:w 11399.1731114
          b:e:c 1236.5168226
          b:e:n 530.5623777
          b:e:w 530.5704080
          b:c:n 534.8114390
          b:c:w 534.8051788
          b:n:w 1132.4049093
          e:c:n 4351.1046757
          e:c:w 4351.1382346
          e:n:w 5823.2111769
          c:n:w 4888.6268560
        b:e:c:n 1034.9236254
        b:e:c:w 1034.9320913
        b:e:n:w 1372.1024406
        b:c:n:w 1210.6235606
        e:c:n:w 42966.4727581
