########################################
# legofit: estimate population history #
#       version 2.3.4-4-g53f8760       #
########################################

# Program was compiled: Sep 21 2021 14:36:42
# Program was run: Sat Oct 30 09:50:46 2021

# cmd: legofit -1 -d 0 -t 32 --ptsPerDim 3 --stateOut b1boot17.state --tol 3e-6 -S 5000 begr2.lgo ../../chrX/boot_chrX/boot17.opf
# Stage nOptItr nSimReps
#     0    5000        0
# algorithm          : deterministic
# ignoring probs <=  : 0
# Branch length floor: 0
# DE strategy        : 2
#    F               : 0.3
#    CR              : 0.8
#    tolerance       : 3e-06
# nthreads           : 32
# lgo input file     : begr2.lgo
# site pat input file: ../../chrX/boot_chrX/boot17.opf
# free parameters    : 13
# points in DE swarm : 39
# output state file  : b1boot17.state
# Including singleton site patterns.
# cost function      : KL
Initial parameter values
Fixed:
      zero = 0
       one = 1
    Tbecnw = 75200
Free:
       pc1 = 0
       pc2 = 0
       pc3 = 0
       pc4 = 0
       pc5 = 0
       pc6 = 0
       pc7 = 0
       pc8 = 0
       pc9 = 0
      pc10 = 0
      pc11 = 0
      pc12 = 0
      pc13 = 0
Constrained:
     Tecnw = 30628.7
       Tnw = 2456.68
       Tec = 129.406
     twoNb = 1.77635e+06
     twoNe = 383253
     twoNw = 961088
    twoNec = 153632
    twoNnw = 131902
  twoNecnw = 30488.7
  twoNbecnw = 44766
        m2 = 0.0117227
        m5 = 0.168725
        m7 = 0.0568514
        Tb = 15379.1
        Te = 64.7029
        Tg = 32.3514
DiffEv reached_goal. cost=3.05432e-03 spread=2.54743e-06
Fitted parameter values
Free:
       pc1 = -3.93701
       pc2 = -1.87281
       pc3 = -1.99126
       pc4 = -0.277922
       pc5 = 0.0478212
       pc6 = -1.95941
       pc7 = -0.789494
       pc8 = 0.761261
       pc9 = -0.0339276
      pc10 = -0.650309
      pc11 = 0.220656
      pc12 = -0.247767
      pc13 = -0.243913
Constrained:
     Tecnw = 31064.6
       Tnw = 8.23212
       Tec = 10.2221
     twoNb = 4.21308e+06
     twoNe = 407301
     twoNw = 741111
    twoNec = 139954
    twoNnw = 157723
  twoNecnw = 29789.8
  twoNbecnw = 44954
        m2 = 0.0204675
        m5 = 0.1643
        m7 = 0.0469894
        Tb = 15537.4
        Te = 5.11106
        Tg = 2.55553
#       SitePat  BranchLen
              b 110365.2938825
              e 40704.5919717
              c 42783.6899183
              n 40562.4048127
              w 40562.3726468
            b:e 1295.9373728
            b:c 1482.9632839
            b:n 1007.6861195
            b:w 1007.6864021
            e:c 10544.6882866
            e:n 3979.2531653
            e:w 3979.2838330
            c:n 3343.8790466
            c:w 3343.8735129
            n:w 11157.1988121
          b:e:c 1224.8942017
          b:e:n 536.9499050
          b:e:w 536.9511206
          b:c:n 541.0094429
          b:c:w 541.0084671
          b:n:w 1126.5395729
          e:c:n 4471.3243721
          e:c:w 4471.3296000
          e:n:w 5733.2035424
          c:n:w 4877.5340985
        b:e:c:n 1051.7039047
        b:e:c:w 1051.7051863
        b:e:n:w 1340.9165268
        b:c:n:w 1193.1296675
        e:c:n:w 43381.6420674
