########################################
# legofit: estimate population history #
#       version 2.3.4-4-g53f8760       #
########################################

# Program was compiled: Sep 21 2021 14:36:42
# Program was run: Thu Sep 23 11:08:02 2021

# cmd: legofit -1 -d 0 -t 32 --ptsPerDim 3 --stateOut b1.state --tol 3e-6 -S 5000 af2.lgo ../../pan.opf
# Stage nOptItr nSimReps
#     0    5000        0
# algorithm          : deterministic
# ignoring probs <=  : 0
# Branch length floor: 0
# DE strategy        : 2
#    F               : 0.3
#    CR              : 0.8
#    tolerance       : 3e-06
# nthreads           : 32
# lgo input file     : af2.lgo
# site pat input file: ../../pan.opf
# free parameters    : 14
# points in DE swarm : 42
# output state file  : b1.state
# Including singleton site patterns.
# cost function      : KL
Initial parameter values
Fixed:
      zero = 0
       one = 1
    Tbecnw = 75200
Free:
       pc1 = 0
       pc2 = 0
       pc3 = 0
       pc4 = 0
       pc5 = 0
       pc6 = 0
       pc7 = 0
       pc8 = 0
       pc9 = 0
      pc10 = 0
      pc11 = 0
      pc12 = 0
      pc13 = 0
      pc14 = 0
Constrained:
   Tgbecnw = 115380
     Tecnw = 25275.8
       Tnw = 21823.5
       Tec = 11284.3
     twoNb = 179289
     twoNc = 184493
     twoNw = 1.64935e+06
    twoNec = 198217
    twoNnw = 16852.9
  twoNecnw = 88480.4
  twoNbecnw = 17855.1
  twoNgbecnw = 251940
         m = 0.175764
        m6 = 1.10596e-05
        Ta = 37600
        Tf = 10911.8
DiffEv reached_goal. cost=2.30100e-03 spread=2.14694e-06
Fitted parameter values
Free:
       pc1 = 2.5368
       pc2 = 1.95028
       pc3 = 0.818151
       pc4 = 1.02074
       pc5 = -0.219756
       pc6 = -1.86028
       pc7 = -1.24045
       pc8 = -0.136655
       pc9 = 0.566184
      pc10 = 0.291331
      pc11 = -0.0961749
      pc12 = -0.0272256
      pc13 = -0.110007
      pc14 = -0.00426266
Constrained:
   Tgbecnw = 92913.7
     Tecnw = 23529.8
       Tnw = 20788.8
       Tec = 10434.7
     twoNb = 51799.5
     twoNc = 42209.7
     twoNw = 1.96219e+06
    twoNec = 190816
    twoNnw = 13162.6
  twoNecnw = 79887.9
  twoNbecnw = 7682.93
  twoNgbecnw = 274983
         m = 0.122965
        m6 = 2.12302e-06
        Ta = 37600
        Tf = 10394.4
#       SitePat  BranchLen
              b 128053.2936813
              e 51231.1508262
              c 51231.1232968
              n 47043.3607788
              w 47043.3603663
            b:e 2324.9384310
            b:c 2324.9353542
            b:n 1866.5706478
            b:w 1866.5706135
            e:c 10455.1235977
            e:n 5321.8989476
            e:w 5321.8988354
            c:n 5321.9061636
            c:w 5321.9065761
            n:w 13143.3931477
          b:e:c 2212.8055669
          b:e:n 1192.6184269
          b:e:w 1192.6183896
          b:c:n 1192.6182932
          b:c:w 1192.6183275
          b:n:w 2172.6319063
          e:c:n 4685.9737741
          e:c:w 4685.9738864
          e:n:w 6185.4744828
          c:n:w 6185.4870555
        b:e:c:n 2134.6943732
        b:e:c:w 2134.6944106
        b:e:n:w 2633.2326781
        b:c:n:w 2633.2359509
        e:c:n:w 53414.9804243
