########################################
# legofit: estimate population history #
#       version 2.3.4-4-g53f8760       #
########################################

# Program was compiled: Sep 21 2021 14:36:42
# Program was run: Thu Sep 23 11:08:09 2021

# cmd: legofit -1 -d 0 -t 32 --ptsPerDim 3 --stateOut b1boot2.state --tol 3e-6 -S 5000 af2.lgo ../../boot/boot2.opf
# Stage nOptItr nSimReps
#     0    5000        0
# algorithm          : deterministic
# ignoring probs <=  : 0
# Branch length floor: 0
# DE strategy        : 2
#    F               : 0.3
#    CR              : 0.8
#    tolerance       : 3e-06
# nthreads           : 32
# lgo input file     : af2.lgo
# site pat input file: ../../boot/boot2.opf
# free parameters    : 14
# points in DE swarm : 42
# output state file  : b1boot2.state
# Including singleton site patterns.
# cost function      : KL
Initial parameter values
Fixed:
      zero = 0
       one = 1
    Tbecnw = 75200
Free:
       pc1 = 0
       pc2 = 0
       pc3 = 0
       pc4 = 0
       pc5 = 0
       pc6 = 0
       pc7 = 0
       pc8 = 0
       pc9 = 0
      pc10 = 0
      pc11 = 0
      pc12 = 0
      pc13 = 0
      pc14 = 0
Constrained:
   Tgbecnw = 115380
     Tecnw = 25275.8
       Tnw = 21823.5
       Tec = 11284.3
     twoNb = 179289
     twoNc = 184493
     twoNw = 1.64935e+06
    twoNec = 198217
    twoNnw = 16852.9
  twoNecnw = 88480.4
  twoNbecnw = 17855.1
  twoNgbecnw = 251940
         m = 0.175764
        m6 = 1.10596e-05
        Ta = 37600
        Tf = 10911.8
DiffEv reached_goal. cost=2.30018e-03 spread=2.46330e-06
Fitted parameter values
Free:
       pc1 = 3.3497
       pc2 = 1.99686
       pc3 = -0.275149
       pc4 = 0.972024
       pc5 = 1.34479
       pc6 = -1.93683
       pc7 = 0.614001
       pc8 = 0.676184
       pc9 = 0.434984
      pc10 = 0.386988
      pc11 = -0.148398
      pc12 = -0.0369025
      pc13 = -0.128359
      pc14 = 0.0225842
Constrained:
   Tgbecnw = 90550
     Tecnw = 23647.1
       Tnw = 19349.5
       Tec = 9678.48
     twoNb = 238571
     twoNc = 411326
     twoNw = 2.37107e+06
    twoNec = 203483
    twoNnw = 21238.2
  twoNecnw = 78953.3
  twoNbecnw = 6821.55
  twoNgbecnw = 266688
         m = 0.126264
        m6 = 2.74744e-05
        Ta = 37600
        Tf = 9674.74
#       SitePat  BranchLen
              b 127458.1426774
              e 51039.7758547
              c 51039.4241108
              n 46948.4251788
              w 46948.4209542
            b:e 2313.8026133
            b:c 2313.7639732
            b:n 1874.2816895
            b:w 1874.2813458
            e:c 10395.0641223
            e:n 5321.2463356
            e:w 5321.2452145
            c:n 5321.3409288
            c:w 5321.3451534
            n:w 13052.7183260
          b:e:c 2197.0999600
          b:e:n 1197.8961811
          b:e:w 1197.8958072
          b:c:n 1197.8945755
          b:c:w 1197.8949192
          b:n:w 2158.4036339
          e:c:n 4699.1604099
          e:c:w 4699.1615309
          e:n:w 6132.6050771
          c:n:w 6132.7622889
        b:e:c:n 2144.7757602
        b:e:c:w 2144.7761342
        b:e:n:w 2622.9534820
        b:c:n:w 2622.9946158
        e:c:n:w 53089.3988851
