########################################
# legofit: estimate population history #
#       version 2.3.4-4-g53f8760       #
########################################

# Program was compiled: Sep 21 2021 14:36:42
# Program was run: Thu Sep 23 11:08:43 2021

# cmd: legofit -1 -d 0 -t 32 --ptsPerDim 3 --stateOut b1boot32.state --tol 3e-6 -S 5000 af2.lgo ../../boot/boot32.opf
# Stage nOptItr nSimReps
#     0    5000        0
# algorithm          : deterministic
# ignoring probs <=  : 0
# Branch length floor: 0
# DE strategy        : 2
#    F               : 0.3
#    CR              : 0.8
#    tolerance       : 3e-06
# nthreads           : 32
# lgo input file     : af2.lgo
# site pat input file: ../../boot/boot32.opf
# free parameters    : 14
# points in DE swarm : 42
# output state file  : b1boot32.state
# Including singleton site patterns.
# cost function      : KL
Initial parameter values
Fixed:
      zero = 0
       one = 1
    Tbecnw = 75200
Free:
       pc1 = 0
       pc2 = 0
       pc3 = 0
       pc4 = 0
       pc5 = 0
       pc6 = 0
       pc7 = 0
       pc8 = 0
       pc9 = 0
      pc10 = 0
      pc11 = 0
      pc12 = 0
      pc13 = 0
      pc14 = 0
Constrained:
   Tgbecnw = 115380
     Tecnw = 25275.8
       Tnw = 21823.5
       Tec = 11284.3
     twoNb = 179289
     twoNc = 184493
     twoNw = 1.64935e+06
    twoNec = 198217
    twoNnw = 16852.9
  twoNecnw = 88480.4
  twoNbecnw = 17855.1
  twoNgbecnw = 251940
         m = 0.175764
        m6 = 1.10596e-05
        Ta = 37600
        Tf = 10911.8
DiffEv reached_goal. cost=2.34719e-03 spread=2.61423e-06
Fitted parameter values
Free:
       pc1 = 2.32959
       pc2 = 1.99475
       pc3 = 0.358605
       pc4 = 1.48173
       pc5 = 0.365707
       pc6 = -0.898738
       pc7 = -0.54433
       pc8 = 0.478176
       pc9 = 0.472424
      pc10 = 0.0948849
      pc11 = -0.202396
      pc12 = -0.0994106
      pc13 = -0.118428
      pc14 = 0.00908642
Constrained:
   Tgbecnw = 96825.7
     Tecnw = 23771.2
       Tnw = 20993.1
       Tec = 10576.6
     twoNb = 12203.7
     twoNc = 333239
     twoNw = 2.09115e+06
    twoNec = 195170
    twoNnw = 13354.4
  twoNecnw = 80389.2
  twoNbecnw = 9058.1
  twoNgbecnw = 287970
         m = 0.11867
        m6 = 9.26254e-06
        Ta = 37600
        Tf = 10496.6
#       SitePat  BranchLen
              b 129200.1213148
              e 51646.1171202
              c 51645.9965727
              n 47402.3074659
              w 47402.3057493
            b:e 2337.7624174
            b:c 2337.7489588
            b:n 1874.4864414
            b:w 1874.4862988
            e:c 10464.8066378
            e:n 5350.8321865
            e:w 5350.8317206
            c:n 5350.8638749
            c:w 5350.8655914
            n:w 13193.7828183
          b:e:c 2217.7163523
          b:e:n 1198.4431659
          b:e:w 1198.4430111
          b:c:n 1198.4425950
          b:c:w 1198.4427375
          b:n:w 2177.7199048
          e:c:n 4696.8358400
          e:c:w 4696.8363060
          e:n:w 6211.5826373
          c:n:w 6211.6376255
        b:e:c:n 2139.7888543
        b:e:c:w 2139.7890091
        b:e:n:w 2643.0475456
        b:c:n:w 2643.0618486
        e:c:n:w 54086.6676516
