########################################
# legofit: estimate population history #
#       version 2.3.4-4-g53f8760       #
########################################

# Program was compiled: Sep 21 2021 14:36:42
# Program was run: Thu Sep 23 11:08:43 2021

# cmd: legofit -1 -d 0 -t 32 --ptsPerDim 3 --stateOut b1boot29.state --tol 3e-6 -S 5000 af2.lgo ../../boot/boot29.opf
# Stage nOptItr nSimReps
#     0    5000        0
# algorithm          : deterministic
# ignoring probs <=  : 0
# Branch length floor: 0
# DE strategy        : 2
#    F               : 0.3
#    CR              : 0.8
#    tolerance       : 3e-06
# nthreads           : 32
# lgo input file     : af2.lgo
# site pat input file: ../../boot/boot29.opf
# free parameters    : 14
# points in DE swarm : 42
# output state file  : b1boot29.state
# Including singleton site patterns.
# cost function      : KL
Initial parameter values
Fixed:
      zero = 0
       one = 1
    Tbecnw = 75200
Free:
       pc1 = 0
       pc2 = 0
       pc3 = 0
       pc4 = 0
       pc5 = 0
       pc6 = 0
       pc7 = 0
       pc8 = 0
       pc9 = 0
      pc10 = 0
      pc11 = 0
      pc12 = 0
      pc13 = 0
      pc14 = 0
Constrained:
   Tgbecnw = 115380
     Tecnw = 25275.8
       Tnw = 21823.5
       Tec = 11284.3
     twoNb = 179289
     twoNc = 184493
     twoNw = 1.64935e+06
    twoNec = 198217
    twoNnw = 16852.9
  twoNecnw = 88480.4
  twoNbecnw = 17855.1
  twoNgbecnw = 251940
         m = 0.175764
        m6 = 1.10596e-05
        Ta = 37600
        Tf = 10911.8
DiffEv reached_goal. cost=2.32510e-03 spread=2.12484e-06
Fitted parameter values
Free:
       pc1 = 2.34663
       pc2 = 1.97267
       pc3 = 1.4199
       pc4 = 2.73357
       pc5 = 0.5029
       pc6 = -1.74378
       pc7 = 1.87324
       pc8 = 0.915604
       pc9 = -0.136059
      pc10 = 0.117649
      pc11 = -0.0555713
      pc12 = -0.0533399
      pc13 = -0.047694
      pc14 = -0.00618299
Constrained:
   Tgbecnw = 98528.6
     Tecnw = 23607.6
       Tnw = 20823.2
       Tec = 10424.9
     twoNb = 61802.5
     twoNc = 384177
     twoNw = 3.86616e+06
    twoNec = 190620
    twoNnw = 13410.1
  twoNecnw = 81402
  twoNbecnw = 9725.07
  twoNgbecnw = 285945
         m = 0.11929
        m6 = 2.92426e-05
        Ta = 37600
        Tf = 10411.6
#       SitePat  BranchLen
              b 129425.8685739
              e 51692.8024050
              c 51692.4214701
              n 47482.8120850
              w 47482.8091558
            b:e 2338.7712193
            b:c 2338.7289282
            b:n 1881.2168520
            b:w 1881.2166097
            e:c 10584.7436678
            e:n 5379.4052695
            e:w 5379.4044748
            c:n 5379.5071549
            c:w 5379.5100842
            n:w 13293.6544677
          b:e:c 2224.4312437
          b:e:n 1199.2397198
          b:e:w 1199.2394568
          b:c:n 1199.2381463
          b:c:w 1199.2383885
          b:n:w 2185.1534151
          e:c:n 4725.5899308
          e:c:w 4725.5907255
          e:n:w 6226.3941253
          c:n:w 6226.5675654
        b:e:c:n 2145.6661830
        b:e:c:w 2145.6664461
        b:e:n:w 2642.4550196
        b:c:n:w 2642.4999525
        e:c:n:w 54039.2302676
