########################################
# legofit: estimate population history #
#       version 2.3.4-4-g53f8760       #
########################################

# Program was compiled: Sep 21 2021 14:36:42
# Program was run: Thu Sep 23 11:08:06 2021

# cmd: legofit -1 -d 0 -t 32 --ptsPerDim 3 --stateOut b1boot0.state --tol 3e-6 -S 5000 af2.lgo ../../boot/boot0.opf
# Stage nOptItr nSimReps
#     0    5000        0
# algorithm          : deterministic
# ignoring probs <=  : 0
# Branch length floor: 0
# DE strategy        : 2
#    F               : 0.3
#    CR              : 0.8
#    tolerance       : 3e-06
# nthreads           : 32
# lgo input file     : af2.lgo
# site pat input file: ../../boot/boot0.opf
# free parameters    : 14
# points in DE swarm : 42
# output state file  : b1boot0.state
# Including singleton site patterns.
# cost function      : KL
Initial parameter values
Fixed:
      zero = 0
       one = 1
    Tbecnw = 75200
Free:
       pc1 = 0
       pc2 = 0
       pc3 = 0
       pc4 = 0
       pc5 = 0
       pc6 = 0
       pc7 = 0
       pc8 = 0
       pc9 = 0
      pc10 = 0
      pc11 = 0
      pc12 = 0
      pc13 = 0
      pc14 = 0
Constrained:
   Tgbecnw = 115380
     Tecnw = 25275.8
       Tnw = 21823.5
       Tec = 11284.3
     twoNb = 179289
     twoNc = 184493
     twoNw = 1.64935e+06
    twoNec = 198217
    twoNnw = 16852.9
  twoNecnw = 88480.4
  twoNbecnw = 17855.1
  twoNgbecnw = 251940
         m = 0.175764
        m6 = 1.10596e-05
        Ta = 37600
        Tf = 10911.8
DiffEv reached_goal. cost=2.31045e-03 spread=2.90005e-06
Fitted parameter values
Free:
       pc1 = 2.09542
       pc2 = 1.98877
       pc3 = 0.395104
       pc4 = 1.05057
       pc5 = -0.134553
       pc6 = -0.828663
       pc7 = 0.0956457
       pc8 = 0.471803
       pc9 = 0.459078
      pc10 = -0.0606825
      pc11 = -0.0836671
      pc12 = -0.0484536
      pc13 = -0.0423282
      pc14 = 0.00350981
Constrained:
   Tgbecnw = 100087
     Tecnw = 23958.2
       Tnw = 21436.6
       Tec = 10759.1
     twoNb = 118938
     twoNc = 289028
     twoNw = 2.15894e+06
    twoNec = 190652
    twoNnw = 12143.4
  twoNecnw = 79175.7
  twoNbecnw = 10091.4
  twoNgbecnw = 306843
         m = 0.107294
        m6 = 1.6276e-05
        Ta = 37600
        Tf = 10718.3
#       SitePat  BranchLen
              b 128918.7204196
              e 51601.8924012
              c 51601.6825459
              n 47480.3180807
              w 47480.3151176
            b:e 2349.8067499
            b:c 2349.7829994
            b:n 1890.5089939
            b:w 1890.5087445
            e:c 10527.4856077
            e:n 5353.6291363
            e:w 5353.6283225
            c:n 5353.6839230
            c:w 5353.6868860
            n:w 13150.0725566
          b:e:c 2231.4378639
          b:e:n 1203.0178551
          b:e:w 1203.0175849
          b:c:n 1203.0168719
          b:c:w 1203.0171212
          b:n:w 2192.9737742
          e:c:n 4742.0558099
          e:c:w 4742.0566237
          e:n:w 6240.8918897
          c:n:w 6240.9883948
        b:e:c:n 2149.5851297
        b:e:c:w 2149.5854000
        b:e:n:w 2647.3227614
        b:c:n:w 2647.3479588
        e:c:n:w 53734.2370924
