########################################
# legofit: estimate population history #
#       version 2.3.4-4-g53f8760       #
########################################

# Program was compiled: Sep 21 2021 14:36:42
# Program was run: Thu Sep 23 11:08:09 2021

# cmd: legofit -1 -d 0 -t 32 --ptsPerDim 3 --stateOut b1boot4.state --tol 3e-6 -S 5000 af2.lgo ../../boot/boot4.opf
# Stage nOptItr nSimReps
#     0    5000        0
# algorithm          : deterministic
# ignoring probs <=  : 0
# Branch length floor: 0
# DE strategy        : 2
#    F               : 0.3
#    CR              : 0.8
#    tolerance       : 3e-06
# nthreads           : 32
# lgo input file     : af2.lgo
# site pat input file: ../../boot/boot4.opf
# free parameters    : 14
# points in DE swarm : 42
# output state file  : b1boot4.state
# Including singleton site patterns.
# cost function      : KL
Initial parameter values
Fixed:
      zero = 0
       one = 1
    Tbecnw = 75200
Free:
       pc1 = 0
       pc2 = 0
       pc3 = 0
       pc4 = 0
       pc5 = 0
       pc6 = 0
       pc7 = 0
       pc8 = 0
       pc9 = 0
      pc10 = 0
      pc11 = 0
      pc12 = 0
      pc13 = 0
      pc14 = 0
Constrained:
   Tgbecnw = 115380
     Tecnw = 25275.8
       Tnw = 21823.5
       Tec = 11284.3
     twoNb = 179289
     twoNc = 184493
     twoNw = 1.64935e+06
    twoNec = 198217
    twoNnw = 16852.9
  twoNecnw = 88480.4
  twoNbecnw = 17855.1
  twoNgbecnw = 251940
         m = 0.175764
        m6 = 1.10596e-05
        Ta = 37600
        Tf = 10911.8
DiffEv reached_goal. cost=2.33529e-03 spread=2.75711e-06
Fitted parameter values
Free:
       pc1 = 2.61758
       pc2 = 1.99972
       pc3 = -0.782706
       pc4 = 1.24509
       pc5 = 1.28378
       pc6 = -0.443896
       pc7 = -0.017591
       pc8 = 0.696112
       pc9 = 0.342313
      pc10 = 0.264193
      pc11 = -0.106257
      pc12 = -0.0371036
      pc13 = -0.0630364
      pc14 = 0.00302604
Constrained:
   Tgbecnw = 96989
     Tecnw = 23995.3
       Tnw = 19997.2
       Tec = 10155.3
     twoNb = 72987.6
     twoNc = 575959
     twoNw = 1.80161e+06
    twoNec = 199552
    twoNnw = 19478
  twoNecnw = 79566.6
  twoNbecnw = 9340.15
  twoNgbecnw = 273978
         m = 0.123814
        m6 = 2.09427e-05
        Ta = 37600
        Tf = 9998.6
#       SitePat  BranchLen
              b 129177.0309740
              e 51626.1694423
              c 51625.8959407
              n 47459.9239484
              w 47459.9195645
            b:e 2335.2936496
            b:c 2335.2635024
            b:n 1885.9158522
            b:w 1885.9154944
            e:c 10528.2220799
            e:n 5355.7929751
            e:w 5355.7918047
            c:n 5355.8653472
            c:w 5355.8697311
            n:w 13224.2738953
          b:e:c 2217.6566694
          b:e:n 1200.8105567
          b:e:w 1200.8101686
          b:c:n 1200.8092514
          b:c:w 1200.8096092
          b:n:w 2179.5734643
          e:c:n 4742.1266034
          e:c:w 4742.1277739
          e:n:w 6212.1247068
          c:n:w 6212.2479099
        b:e:c:n 2147.5148030
        b:e:c:w 2147.5151911
        b:e:n:w 2634.9450989
        b:c:n:w 2634.9771109
        e:c:n:w 53937.9398727
