########################################
# legofit: estimate population history #
#       version 2.3.4-4-g53f8760       #
########################################

# Program was compiled: Sep 21 2021 14:36:42
# Program was run: Thu Sep 23 11:08:52 2021

# cmd: legofit -1 -d 0 -t 32 --ptsPerDim 3 --stateOut b1boot39.state --tol 3e-6 -S 5000 af2.lgo ../../boot/boot39.opf
# Stage nOptItr nSimReps
#     0    5000        0
# algorithm          : deterministic
# ignoring probs <=  : 0
# Branch length floor: 0
# DE strategy        : 2
#    F               : 0.3
#    CR              : 0.8
#    tolerance       : 3e-06
# nthreads           : 32
# lgo input file     : af2.lgo
# site pat input file: ../../boot/boot39.opf
# free parameters    : 14
# points in DE swarm : 42
# output state file  : b1boot39.state
# Including singleton site patterns.
# cost function      : KL
Initial parameter values
Fixed:
      zero = 0
       one = 1
    Tbecnw = 75200
Free:
       pc1 = 0
       pc2 = 0
       pc3 = 0
       pc4 = 0
       pc5 = 0
       pc6 = 0
       pc7 = 0
       pc8 = 0
       pc9 = 0
      pc10 = 0
      pc11 = 0
      pc12 = 0
      pc13 = 0
      pc14 = 0
Constrained:
   Tgbecnw = 115380
     Tecnw = 25275.8
       Tnw = 21823.5
       Tec = 11284.3
     twoNb = 179289
     twoNc = 184493
     twoNw = 1.64935e+06
    twoNec = 198217
    twoNnw = 16852.9
  twoNecnw = 88480.4
  twoNbecnw = 17855.1
  twoNgbecnw = 251940
         m = 0.175764
        m6 = 1.10596e-05
        Ta = 37600
        Tf = 10911.8
DiffEv reached_goal. cost=2.28420e-03 spread=2.53850e-06
Fitted parameter values
Free:
       pc1 = 2.34513
       pc2 = 1.98066
       pc3 = -1.31318
       pc4 = 0.111121
       pc5 = 0.0191823
       pc6 = -1.5134
       pc7 = -0.815118
       pc8 = 0.341536
       pc9 = 0.391247
      pc10 = 0.457795
      pc11 = -0.230682
      pc12 = -0.105342
      pc13 = -0.107522
      pc14 = 0.0144179
Constrained:
   Tgbecnw = 95632.1
     Tecnw = 23636
       Tnw = 20350.6
       Tec = 10316.9
     twoNb = 175973
     twoNc = 225326
     twoNw = 1.0306e+06
    twoNec = 197726
    twoNnw = 16114.5
  twoNecnw = 81634.4
  twoNbecnw = 9021.23
  twoNgbecnw = 260418
         m = 0.131882
        m6 = 2.77708e-05
        Ta = 37600
        Tf = 10175.3
#       SitePat  BranchLen
              b 129203.8041626
              e 51807.0707502
              c 51806.7044785
              n 47589.6320488
              w 47589.6217476
            b:e 2370.5397981
            b:c 2370.4991022
            b:n 1911.8785318
            b:w 1911.8776763
            e:c 10532.5073661
            e:n 5420.8164430
            e:w 5420.8136660
            c:n 5420.9105613
            c:w 5420.9208625
            n:w 13260.8769290
          b:e:c 2244.7121946
          b:e:n 1223.5233261
          b:e:w 1223.5223962
          b:c:n 1223.5211400
          b:c:w 1223.5219954
          b:n:w 2204.7999076
          e:c:n 4757.5448824
          e:c:w 4757.5476594
          e:n:w 6246.3549457
          c:n:w 6246.5199026
        b:e:c:n 2184.7310918
        b:e:c:w 2184.7320217
        b:e:n:w 2683.2635484
        b:c:n:w 2683.3068313
        e:c:n:w 53790.5536345
