########################################
# legofit: estimate population history #
#       version 2.3.4-4-g53f8760       #
########################################

# Program was compiled: Sep 21 2021 14:36:42
# Program was run: Thu Sep 23 11:08:57 2021

# cmd: legofit -1 -d 0 -t 32 --ptsPerDim 3 --stateOut b1boot40.state --tol 3e-6 -S 5000 af2.lgo ../../boot/boot40.opf
# Stage nOptItr nSimReps
#     0    5000        0
# algorithm          : deterministic
# ignoring probs <=  : 0
# Branch length floor: 0
# DE strategy        : 2
#    F               : 0.3
#    CR              : 0.8
#    tolerance       : 3e-06
# nthreads           : 32
# lgo input file     : af2.lgo
# site pat input file: ../../boot/boot40.opf
# free parameters    : 14
# points in DE swarm : 42
# output state file  : b1boot40.state
# Including singleton site patterns.
# cost function      : KL
Initial parameter values
Fixed:
      zero = 0
       one = 1
    Tbecnw = 75200
Free:
       pc1 = 0
       pc2 = 0
       pc3 = 0
       pc4 = 0
       pc5 = 0
       pc6 = 0
       pc7 = 0
       pc8 = 0
       pc9 = 0
      pc10 = 0
      pc11 = 0
      pc12 = 0
      pc13 = 0
      pc14 = 0
Constrained:
   Tgbecnw = 115380
     Tecnw = 25275.8
       Tnw = 21823.5
       Tec = 11284.3
     twoNb = 179289
     twoNc = 184493
     twoNw = 1.64935e+06
    twoNec = 198217
    twoNnw = 16852.9
  twoNecnw = 88480.4
  twoNbecnw = 17855.1
  twoNgbecnw = 251940
         m = 0.175764
        m6 = 1.10596e-05
        Ta = 37600
        Tf = 10911.8
DiffEv reached_goal. cost=2.30733e-03 spread=2.91467e-06
Fitted parameter values
Free:
       pc1 = 3.89812
       pc2 = 1.83022
       pc3 = -1.15534
       pc4 = 0.535923
       pc5 = 0.344936
       pc6 = -1.29658
       pc7 = -1.97175
       pc8 = -0.0594695
       pc9 = 0.228157
      pc10 = 0.0421875
      pc11 = 0.00711073
      pc12 = -0.00452105
      pc13 = -0.0365602
      pc14 = 0.00356532
Constrained:
   Tgbecnw = 90744.2
     Tecnw = 23308.3
       Tnw = 18597.3
       Tec = 9367.37
     twoNb = 10297.7
     twoNc = 215296
     twoNw = 842058
    twoNec = 199248
    twoNnw = 23486.6
  twoNecnw = 79164.7
  twoNbecnw = 6395.59
  twoNgbecnw = 314519
         m = 0.105572
        m6 = 1.0628e-05
        Ta = 37600
        Tf = 9298.64
#       SitePat  BranchLen
              b 126916.2952643
              e 50644.8609574
              c 50644.7227147
              n 46624.4792652
              w 46624.4748317
            b:e 2282.1648149
            b:c 2282.1499178
            b:n 1857.4499139
            b:w 1857.4495586
            e:c 10388.2336319
            e:n 5299.4416935
            e:w 5299.4405309
            c:n 5299.4775280
            c:w 5299.4819614
            n:w 13018.6459573
          b:e:c 2174.7623663
          b:e:n 1186.4221582
          b:e:w 1186.4217710
          b:c:n 1186.4212949
          b:c:w 1186.4216501
          b:n:w 2136.5133427
          e:c:n 4661.9180308
          e:c:w 4661.9191934
          e:n:w 6051.7905855
          c:n:w 6051.8515632
        b:e:c:n 2131.5803290
        b:e:c:w 2131.5807163
        b:e:n:w 2594.5292357
        b:c:n:w 2594.5451171
        e:c:n:w 53009.6414359
