########################################
# legofit: estimate population history #
#       version 2.3.4-4-g53f8760       #
########################################

# Program was compiled: Sep 21 2021 14:36:42
# Program was run: Thu Sep 23 11:08:16 2021

# cmd: legofit -1 -d 0 -t 32 --ptsPerDim 3 --stateOut b1boot5.state --tol 3e-6 -S 5000 af2.lgo ../../boot/boot5.opf
# Stage nOptItr nSimReps
#     0    5000        0
# algorithm          : deterministic
# ignoring probs <=  : 0
# Branch length floor: 0
# DE strategy        : 2
#    F               : 0.3
#    CR              : 0.8
#    tolerance       : 3e-06
# nthreads           : 32
# lgo input file     : af2.lgo
# site pat input file: ../../boot/boot5.opf
# free parameters    : 14
# points in DE swarm : 42
# output state file  : b1boot5.state
# Including singleton site patterns.
# cost function      : KL
Initial parameter values
Fixed:
      zero = 0
       one = 1
    Tbecnw = 75200
Free:
       pc1 = 0
       pc2 = 0
       pc3 = 0
       pc4 = 0
       pc5 = 0
       pc6 = 0
       pc7 = 0
       pc8 = 0
       pc9 = 0
      pc10 = 0
      pc11 = 0
      pc12 = 0
      pc13 = 0
      pc14 = 0
Constrained:
   Tgbecnw = 115380
     Tecnw = 25275.8
       Tnw = 21823.5
       Tec = 11284.3
     twoNb = 179289
     twoNc = 184493
     twoNw = 1.64935e+06
    twoNec = 198217
    twoNnw = 16852.9
  twoNecnw = 88480.4
  twoNbecnw = 17855.1
  twoNgbecnw = 251940
         m = 0.175764
        m6 = 1.10596e-05
        Ta = 37600
        Tf = 10911.8
DiffEv reached_goal. cost=2.29602e-03 spread=2.92771e-06
Fitted parameter values
Free:
       pc1 = 1.91688
       pc2 = 1.98238
       pc3 = -0.731682
       pc4 = 1.44712
       pc5 = -0.744905
       pc6 = -1.34879
       pc7 = 0.557547
       pc8 = 0.616638
       pc9 = 0.20568
      pc10 = 0.0920995
      pc11 = -0.103253
      pc12 = -0.0566399
      pc13 = -0.0242727
      pc14 = -0.0110389
Constrained:
   Tgbecnw = 100846
     Tecnw = 23777.5
       Tnw = 21353.3
       Tec = 10701.6
     twoNb = 51231.1
     twoNc = 245159
     twoNw = 2.02887e+06
    twoNec = 190194
    twoNnw = 11522.1
  twoNecnw = 80500.3
  twoNbecnw = 10492.1
  twoNgbecnw = 295932
         m = 0.113247
        m6 = 4.2088e-05
        Ta = 37600
        Tf = 10676.7
#       SitePat  BranchLen
              b 129517.0630051
              e 51765.6848386
              c 51765.1315323
              n 47502.6508084
              w 47502.6426646
            b:e 2353.8501874
            b:c 2353.7880166
            b:n 1884.4450001
            b:w 1884.4443187
            e:c 10586.2804107
            e:n 5373.9321624
            e:w 5373.9299289
            c:n 5374.0762970
            c:w 5374.0844408
            n:w 13310.4466482
          b:e:c 2235.9422456
          b:e:n 1200.2007487
          b:e:w 1200.2000102
          b:c:n 1200.1981508
          b:c:w 1200.1988322
          b:n:w 2196.5915560
          e:c:n 4737.2675390
          e:c:w 4737.2697726
          e:n:w 6275.7365374
          c:n:w 6275.9911971
        b:e:c:n 2143.0526708
        b:e:c:w 2143.0534093
        b:e:n:w 2651.7451990
        b:c:n:w 2651.8111458
        e:c:n:w 54038.4388356
