########################################
# legofit: estimate population history #
#       version 2.3.4-4-g53f8760       #
########################################

# Program was compiled: Sep 21 2021 14:36:42
# Program was run: Thu Sep 23 11:08:09 2021

# cmd: legofit -1 -d 0 -t 32 --ptsPerDim 3 --stateOut b1boot1.state --tol 3e-6 -S 5000 af2.lgo ../../boot/boot1.opf
# Stage nOptItr nSimReps
#     0    5000        0
# algorithm          : deterministic
# ignoring probs <=  : 0
# Branch length floor: 0
# DE strategy        : 2
#    F               : 0.3
#    CR              : 0.8
#    tolerance       : 3e-06
# nthreads           : 32
# lgo input file     : af2.lgo
# site pat input file: ../../boot/boot1.opf
# free parameters    : 14
# points in DE swarm : 42
# output state file  : b1boot1.state
# Including singleton site patterns.
# cost function      : KL
Initial parameter values
Fixed:
      zero = 0
       one = 1
    Tbecnw = 75200
Free:
       pc1 = 0
       pc2 = 0
       pc3 = 0
       pc4 = 0
       pc5 = 0
       pc6 = 0
       pc7 = 0
       pc8 = 0
       pc9 = 0
      pc10 = 0
      pc11 = 0
      pc12 = 0
      pc13 = 0
      pc14 = 0
Constrained:
   Tgbecnw = 115380
     Tecnw = 25275.8
       Tnw = 21823.5
       Tec = 11284.3
     twoNb = 179289
     twoNc = 184493
     twoNw = 1.64935e+06
    twoNec = 198217
    twoNnw = 16852.9
  twoNecnw = 88480.4
  twoNbecnw = 17855.1
  twoNgbecnw = 251940
         m = 0.175764
        m6 = 1.10596e-05
        Ta = 37600
        Tf = 10911.8
DiffEv reached_goal. cost=2.31083e-03 spread=2.98629e-06
Fitted parameter values
Free:
       pc1 = 1.68991
       pc2 = 1.98517
       pc3 = -1.18638
       pc4 = 1.07939
       pc5 = -1.07808
       pc6 = -1.66196
       pc7 = 0.749936
       pc8 = 0.467734
       pc9 = 0.475961
      pc10 = 0.181877
      pc11 = -0.0699588
      pc12 = -0.039952
      pc13 = -0.0267648
      pc14 = -0.00930254
Constrained:
   Tgbecnw = 100236
     Tecnw = 23979.8
       Tnw = 21686.2
       Tec = 10852.6
     twoNb = 111379
     twoNc = 170160
     twoNw = 1.81297e+06
    twoNec = 189585
    twoNnw = 10870.3
  twoNecnw = 79478.2
  twoNbecnw = 10489.6
  twoNgbecnw = 285465
         m = 0.11544
        m6 = 5.15431e-05
        Ta = 37600
        Tf = 10843.1
#       SitePat  BranchLen
              b 129188.2809189
              e 51769.8809827
              c 51769.2050550
              n 47546.7511899
              w 47546.7399237
            b:e 2376.6707924
            b:c 2376.5936132
            b:n 1902.5939531
            b:w 1902.5929964
            e:c 10601.6897942
            e:n 5367.9266883
            e:w 5367.9235733
            c:n 5368.1008059
            c:w 5368.1120720
            n:w 13280.9237878
          b:e:c 2258.8867755
          b:e:n 1209.9685721
          b:e:w 1209.9675361
          b:c:n 1209.9652585
          b:c:w 1209.9662151
          b:n:w 2219.5560221
          e:c:n 4766.9756076
          e:c:w 4766.9787225
          e:n:w 6310.3839777
          c:n:w 6310.6972891
        b:e:c:n 2160.8439098
        b:e:c:w 2160.8449458
        b:e:n:w 2674.1730023
        b:c:n:w 2674.2548161
        e:c:n:w 53732.0444471
