########################################
# legofit: estimate population history #
#       version 2.3.4-4-g53f8760       #
########################################

# Program was compiled: Sep 21 2021 14:36:42
# Program was run: Thu Sep 23 11:08:22 2021

# cmd: legofit -1 -d 0 -t 32 --ptsPerDim 3 --stateOut b1boot13.state --tol 3e-6 -S 5000 af2.lgo ../../boot/boot13.opf
# Stage nOptItr nSimReps
#     0    5000        0
# algorithm          : deterministic
# ignoring probs <=  : 0
# Branch length floor: 0
# DE strategy        : 2
#    F               : 0.3
#    CR              : 0.8
#    tolerance       : 3e-06
# nthreads           : 32
# lgo input file     : af2.lgo
# site pat input file: ../../boot/boot13.opf
# free parameters    : 14
# points in DE swarm : 42
# output state file  : b1boot13.state
# Including singleton site patterns.
# cost function      : KL
Initial parameter values
Fixed:
      zero = 0
       one = 1
    Tbecnw = 75200
Free:
       pc1 = 0
       pc2 = 0
       pc3 = 0
       pc4 = 0
       pc5 = 0
       pc6 = 0
       pc7 = 0
       pc8 = 0
       pc9 = 0
      pc10 = 0
      pc11 = 0
      pc12 = 0
      pc13 = 0
      pc14 = 0
Constrained:
   Tgbecnw = 115380
     Tecnw = 25275.8
       Tnw = 21823.5
       Tec = 11284.3
     twoNb = 179289
     twoNc = 184493
     twoNw = 1.64935e+06
    twoNec = 198217
    twoNnw = 16852.9
  twoNecnw = 88480.4
  twoNbecnw = 17855.1
  twoNgbecnw = 251940
         m = 0.175764
        m6 = 1.10596e-05
        Ta = 37600
        Tf = 10911.8
DiffEv reached_goal. cost=2.31360e-03 spread=2.99586e-06
Fitted parameter values
Free:
       pc1 = 1.12272
       pc2 = 1.9877
       pc3 = -1.88907
       pc4 = 0.678851
       pc5 = -0.217668
       pc6 = -1.91713
       pc7 = 0.915696
       pc8 = 0.55252
       pc9 = 0.193146
      pc10 = 0.701963
      pc11 = -0.0646587
      pc12 = 0.0258376
      pc13 = -0.0405593
      pc14 = -0.00586507
Constrained:
   Tgbecnw = 99857
     Tecnw = 24075.6
       Tnw = 21271.4
       Tec = 10745.1
     twoNb = 201366
     twoNc = 275377
     twoNw = 1.59243e+06
    twoNec = 191456
    twoNnw = 13571.3
  twoNecnw = 84240.9
  twoNbecnw = 11584.9
  twoNgbecnw = 218755
         m = 0.166786
        m6 = 5.85239e-05
        Ta = 37600
        Tf = 10635.7
#       SitePat  BranchLen
              b 132311.0945567
              e 52853.0375853
              c 52852.2520293
              n 48588.7821107
              w 48588.7672523
            b:e 2402.0855114
            b:c 2401.9982110
            b:n 1936.8300214
            b:w 1936.8287871
            e:c 10832.8271795
            e:n 5498.7440902
            e:w 5498.7400563
            c:n 5498.9490336
            c:w 5498.9638919
            n:w 13576.2453166
          b:e:c 2281.1901842
          b:e:n 1231.4151355
          b:e:w 1231.4137983
          b:c:n 1231.4111987
          b:c:w 1231.4124330
          b:n:w 2242.3971612
          e:c:n 4855.7625237
          e:c:w 4855.7665575
          e:n:w 6376.0381408
          c:n:w 6376.3949178
        b:e:c:n 2201.0253461
        b:e:c:w 2201.0266833
        b:e:n:w 2704.9851934
        b:c:n:w 2705.0777959
        e:c:n:w 55226.1340317
