########################################
# legofit: estimate population history #
#       version 2.3.4-4-g53f8760       #
########################################

# Program was compiled: Sep 21 2021 14:36:42
# Program was run: Thu Sep 23 11:08:29 2021

# cmd: legofit -1 -d 0 -t 32 --ptsPerDim 3 --stateOut b1boot19.state --tol 3e-6 -S 5000 af2.lgo ../../boot/boot19.opf
# Stage nOptItr nSimReps
#     0    5000        0
# algorithm          : deterministic
# ignoring probs <=  : 0
# Branch length floor: 0
# DE strategy        : 2
#    F               : 0.3
#    CR              : 0.8
#    tolerance       : 3e-06
# nthreads           : 32
# lgo input file     : af2.lgo
# site pat input file: ../../boot/boot19.opf
# free parameters    : 14
# points in DE swarm : 42
# output state file  : b1boot19.state
# Including singleton site patterns.
# cost function      : KL
Initial parameter values
Fixed:
      zero = 0
       one = 1
    Tbecnw = 75200
Free:
       pc1 = 0
       pc2 = 0
       pc3 = 0
       pc4 = 0
       pc5 = 0
       pc6 = 0
       pc7 = 0
       pc8 = 0
       pc9 = 0
      pc10 = 0
      pc11 = 0
      pc12 = 0
      pc13 = 0
      pc14 = 0
Constrained:
   Tgbecnw = 115380
     Tecnw = 25275.8
       Tnw = 21823.5
       Tec = 11284.3
     twoNb = 179289
     twoNc = 184493
     twoNw = 1.64935e+06
    twoNec = 198217
    twoNnw = 16852.9
  twoNecnw = 88480.4
  twoNbecnw = 17855.1
  twoNgbecnw = 251940
         m = 0.175764
        m6 = 1.10596e-05
        Ta = 37600
        Tf = 10911.8
DiffEv reached_goal. cost=2.31719e-03 spread=2.34997e-06
Fitted parameter values
Free:
       pc1 = 1.04442
       pc2 = 1.98077
       pc3 = 0.888442
       pc4 = 2.01737
       pc5 = -1.27084
       pc6 = -1.83942
       pc7 = 0.786125
       pc8 = 0.198081
       pc9 = 0.222454
      pc10 = 0.273483
      pc11 = 0.034029
      pc12 = 0.0104558
      pc13 = -0.00643086
      pc14 = -0.00457644
Constrained:
   Tgbecnw = 102155
     Tecnw = 23879.4
       Tnw = 22581.6
       Tec = 11310.2
     twoNb = 14142.3
     twoNc = 51330.1
     twoNw = 2.87406e+06
    twoNec = 179114
    twoNnw = 6135.63
  twoNecnw = 81485.6
  twoNbecnw = 11465.9
  twoNgbecnw = 268178
         m = 0.127498
        m6 = 3.15231e-05
        Ta = 37600
        Tf = 11290.8
#       SitePat  BranchLen
              b 130654.3378074
              e 52134.1317454
              c 52133.7192413
              n 47941.8420362
              w 47941.8375343
            b:e 2380.5140641
            b:c 2380.4668610
            b:n 1907.1357514
            b:w 1907.1353661
            e:c 10729.1284420
            e:n 5414.3033698
            e:w 5414.3021079
            c:n 5414.4104197
            c:w 5414.4149215
            n:w 13370.9171586
          b:e:c 2266.5242181
          b:e:n 1210.5380254
          b:e:w 1210.5376083
          b:c:n 1210.5362157
          b:c:w 1210.5366010
          b:n:w 2227.4832549
          e:c:n 4796.3401123
          e:c:w 4796.3413743
          e:n:w 6346.5414145
          c:n:w 6346.7340552
        b:e:c:n 2164.2741832
        b:e:c:w 2164.2746003
        b:e:n:w 2676.6452487
        b:c:n:w 2676.6952688
        e:c:n:w 54543.2385602
