########################################
# legofit: estimate population history #
#       version 2.3.4-4-g53f8760       #
########################################

# Program was compiled: Sep 21 2021 14:36:42
# Program was run: Thu Sep 23 11:08:49 2021

# cmd: legofit -1 -d 0 -t 32 --ptsPerDim 3 --stateOut b1boot35.state --tol 3e-6 -S 5000 af2.lgo ../../boot/boot35.opf
# Stage nOptItr nSimReps
#     0    5000        0
# algorithm          : deterministic
# ignoring probs <=  : 0
# Branch length floor: 0
# DE strategy        : 2
#    F               : 0.3
#    CR              : 0.8
#    tolerance       : 3e-06
# nthreads           : 32
# lgo input file     : af2.lgo
# site pat input file: ../../boot/boot35.opf
# free parameters    : 14
# points in DE swarm : 42
# output state file  : b1boot35.state
# Including singleton site patterns.
# cost function      : KL
Initial parameter values
Fixed:
      zero = 0
       one = 1
    Tbecnw = 75200
Free:
       pc1 = 0
       pc2 = 0
       pc3 = 0
       pc4 = 0
       pc5 = 0
       pc6 = 0
       pc7 = 0
       pc8 = 0
       pc9 = 0
      pc10 = 0
      pc11 = 0
      pc12 = 0
      pc13 = 0
      pc14 = 0
Constrained:
   Tgbecnw = 115380
     Tecnw = 25275.8
       Tnw = 21823.5
       Tec = 11284.3
     twoNb = 179289
     twoNc = 184493
     twoNw = 1.64935e+06
    twoNec = 198217
    twoNnw = 16852.9
  twoNecnw = 88480.4
  twoNbecnw = 17855.1
  twoNgbecnw = 251940
         m = 0.175764
        m6 = 1.10596e-05
        Ta = 37600
        Tf = 10911.8
DiffEv reached_goal. cost=2.28830e-03 spread=2.80080e-06
Fitted parameter values
Free:
       pc1 = 2.08943
       pc2 = 1.99948
       pc3 = 1.11675
       pc4 = 1.71516
       pc5 = 1.31042
       pc6 = -1.0952
       pc7 = 0.87075
       pc8 = 0.900701
       pc9 = 0.117632
      pc10 = 0.454643
      pc11 = -0.151744
      pc12 = -0.0573874
      pc13 = -0.0551219
      pc14 = 0.00128784
Constrained:
   Tgbecnw = 98229.9
     Tecnw = 23809.4
       Tnw = 20801.5
       Tec = 10423.4
     twoNb = 150200
     twoNc = 493066
     twoNw = 3.06961e+06
    twoNec = 195261
    twoNnw = 14511.6
  twoNecnw = 81742.7
  twoNbecnw = 10243.4
  twoNgbecnw = 249672
         m = 0.138429
        m6 = 1.25627e-05
        Ta = 37600
        Tf = 10400.8
#       SitePat  BranchLen
              b 130060.4329816
              e 52046.3419528
              c 52046.1768695
              n 47785.2922171
              w 47785.2906188
            b:e 2370.3507934
            b:c 2370.3323984
            b:n 1905.9579354
            b:w 1905.9578028
            e:c 10645.1068738
            e:n 5425.0166076
            e:w 5425.0161738
            c:n 5425.0605506
            c:w 5425.0621489
            n:w 13387.0420128
          b:e:c 2248.7369364
          b:e:n 1214.8730722
          b:e:w 1214.8729284
          b:c:n 1214.8723686
          b:c:w 1214.8725012
          b:n:w 2209.5272116
          e:c:n 4783.3953013
          e:c:w 4783.3957351
          e:n:w 6302.3907898
          c:n:w 6302.4659549
        b:e:c:n 2169.4624959
        b:e:c:w 2169.4626397
        b:e:n:w 2673.0462566
        b:c:n:w 2673.0657824
        e:c:n:w 54144.3555479
