########################################
# legofit: estimate population history #
#       version 2.3.4-4-g53f8760       #
########################################

# Program was compiled: Sep 21 2021 14:36:42
# Program was run: Thu Sep 23 11:08:43 2021

# cmd: legofit -1 -d 0 -t 32 --ptsPerDim 3 --stateOut b1boot28.state --tol 3e-6 -S 5000 af2.lgo ../../boot/boot28.opf
# Stage nOptItr nSimReps
#     0    5000        0
# algorithm          : deterministic
# ignoring probs <=  : 0
# Branch length floor: 0
# DE strategy        : 2
#    F               : 0.3
#    CR              : 0.8
#    tolerance       : 3e-06
# nthreads           : 32
# lgo input file     : af2.lgo
# site pat input file: ../../boot/boot28.opf
# free parameters    : 14
# points in DE swarm : 42
# output state file  : b1boot28.state
# Including singleton site patterns.
# cost function      : KL
Initial parameter values
Fixed:
      zero = 0
       one = 1
    Tbecnw = 75200
Free:
       pc1 = 0
       pc2 = 0
       pc3 = 0
       pc4 = 0
       pc5 = 0
       pc6 = 0
       pc7 = 0
       pc8 = 0
       pc9 = 0
      pc10 = 0
      pc11 = 0
      pc12 = 0
      pc13 = 0
      pc14 = 0
Constrained:
   Tgbecnw = 115380
     Tecnw = 25275.8
       Tnw = 21823.5
       Tec = 11284.3
     twoNb = 179289
     twoNc = 184493
     twoNw = 1.64935e+06
    twoNec = 198217
    twoNnw = 16852.9
  twoNecnw = 88480.4
  twoNbecnw = 17855.1
  twoNgbecnw = 251940
         m = 0.175764
        m6 = 1.10596e-05
        Ta = 37600
        Tf = 10911.8
DiffEv reached_goal. cost=2.31561e-03 spread=2.91462e-06
Fitted parameter values
Free:
       pc1 = 0.772109
       pc2 = 1.9898
       pc3 = 0.256039
       pc4 = 1.23764
       pc5 = -0.0454363
       pc6 = -1.16363
       pc7 = -0.772938
       pc8 = 0.17138
       pc9 = 0.577759
      pc10 = 0.644121
      pc11 = -0.126307
      pc12 = 0.00107497
      pc13 = -0.0723464
      pc14 = 0.0125804
Constrained:
   Tgbecnw = 99461.1
     Tecnw = 24111.5
       Tnw = 22402
       Tec = 11232.6
     twoNb = 17508.4
     twoNc = 209719
     twoNw = 1.84617e+06
    twoNec = 187627
    twoNnw = 8221.47
  twoNecnw = 83574.3
  twoNbecnw = 11503.8
  twoNgbecnw = 216889
         m = 0.165833
        m6 = 1.16087e-05
        Ta = 37600
        Tf = 11201
#       SitePat  BranchLen
              b 131852.5624813
              e 52830.4057863
              c 52830.2521806
              n 48591.4052521
              w 48591.4026336
            b:e 2413.7767754
            b:c 2413.7593305
            b:n 1939.3803456
            b:w 1939.3801227
            e:c 10781.5174949
            e:n 5495.1485585
            e:w 5495.1478316
            c:n 5495.1882424
            c:w 5495.1908609
            n:w 13473.1962831
          b:e:c 2288.2402869
          b:e:n 1234.5780489
          b:e:w 1234.5778076
          b:c:n 1234.5772908
          b:c:w 1234.5775137
          b:n:w 2248.8938126
          e:c:n 4856.8707264
          e:c:w 4856.8714533
          e:n:w 6404.0818961
          c:n:w 6404.1527885
        b:e:c:n 2202.6339639
        b:e:c:w 2202.6342053
        b:e:n:w 2716.3591293
        b:c:n:w 2716.3776261
        e:c:n:w 54859.4647763
