########################################
# legofit: estimate population history #
#       version 2.3.4-4-g53f8760       #
########################################

# Program was compiled: Sep 21 2021 14:36:42
# Program was run: Thu Sep 23 11:08:22 2021

# cmd: legofit -1 -d 0 -t 32 --ptsPerDim 3 --stateOut b1boot12.state --tol 3e-6 -S 5000 af2.lgo ../../boot/boot12.opf
# Stage nOptItr nSimReps
#     0    5000        0
# algorithm          : deterministic
# ignoring probs <=  : 0
# Branch length floor: 0
# DE strategy        : 2
#    F               : 0.3
#    CR              : 0.8
#    tolerance       : 3e-06
# nthreads           : 32
# lgo input file     : af2.lgo
# site pat input file: ../../boot/boot12.opf
# free parameters    : 14
# points in DE swarm : 42
# output state file  : b1boot12.state
# Including singleton site patterns.
# cost function      : KL
Initial parameter values
Fixed:
      zero = 0
       one = 1
    Tbecnw = 75200
Free:
       pc1 = 0
       pc2 = 0
       pc3 = 0
       pc4 = 0
       pc5 = 0
       pc6 = 0
       pc7 = 0
       pc8 = 0
       pc9 = 0
      pc10 = 0
      pc11 = 0
      pc12 = 0
      pc13 = 0
      pc14 = 0
Constrained:
   Tgbecnw = 115380
     Tecnw = 25275.8
       Tnw = 21823.5
       Tec = 11284.3
     twoNb = 179289
     twoNc = 184493
     twoNw = 1.64935e+06
    twoNec = 198217
    twoNnw = 16852.9
  twoNecnw = 88480.4
  twoNbecnw = 17855.1
  twoNgbecnw = 251940
         m = 0.175764
        m6 = 1.10596e-05
        Ta = 37600
        Tf = 10911.8
DiffEv reached_goal. cost=2.28641e-03 spread=2.68293e-06
Fitted parameter values
Free:
       pc1 = 0.879857
       pc2 = 1.99241
       pc3 = 0.556916
       pc4 = 2.03157
       pc5 = -0.411169
       pc6 = -1.94112
       pc7 = 0.621832
       pc8 = 0.221912
       pc9 = 0.191911
      pc10 = 0.622409
      pc11 = 0.0559503
      pc12 = 0.0654169
      pc13 = -0.0192292
      pc14 = -0.00216632
Constrained:
   Tgbecnw = 99807
     Tecnw = 23966
       Tnw = 22186.1
       Tec = 11100.4
     twoNb = 15832.6
     twoNc = 154037
     twoNw = 2.77002e+06
    twoNec = 182083
    twoNnw = 8629.22
  twoNecnw = 83746.6
  twoNbecnw = 11484.5
  twoNgbecnw = 222475
         m = 0.161177
        m6 = 3.0447e-05
        Ta = 37600
        Tf = 11093
#       SitePat  BranchLen
              b 131752.3780225
              e 52639.6076988
              c 52639.2088402
              n 48522.8403883
              w 48522.8358398
            b:e 2397.4791292
            b:c 2397.4340782
            b:n 1937.4974595
            b:w 1937.4970741
            e:c 10842.2012801
            e:n 5491.9670548
            e:w 5491.9657945
            c:n 5492.0718658
            c:w 5492.0764144
            n:w 13454.6022901
          b:e:c 2280.9070001
          b:e:n 1229.5495568
          b:e:w 1229.5491394
          b:c:n 1229.5477892
          b:c:w 1229.5481746
          b:n:w 2242.6477226
          e:c:n 4864.8497183
          e:c:w 4864.8509786
          e:n:w 6368.9277801
          c:n:w 6369.1112079
        b:e:c:n 2200.9330448
        b:e:c:w 2200.9334622
        b:e:n:w 2699.1279762
        b:c:n:w 2699.1757597
        e:c:n:w 54861.3557749
