########################################
# legofit: estimate population history #
#       version 2.3.4-4-g53f8760       #
########################################

# Program was compiled: Sep 21 2021 14:36:42
# Program was run: Thu Sep 23 11:08:16 2021

# cmd: legofit -1 -d 0 -t 32 --ptsPerDim 3 --stateOut b1boot8.state --tol 3e-6 -S 5000 af2.lgo ../../boot/boot8.opf
# Stage nOptItr nSimReps
#     0    5000        0
# algorithm          : deterministic
# ignoring probs <=  : 0
# Branch length floor: 0
# DE strategy        : 2
#    F               : 0.3
#    CR              : 0.8
#    tolerance       : 3e-06
# nthreads           : 32
# lgo input file     : af2.lgo
# site pat input file: ../../boot/boot8.opf
# free parameters    : 14
# points in DE swarm : 42
# output state file  : b1boot8.state
# Including singleton site patterns.
# cost function      : KL
Initial parameter values
Fixed:
      zero = 0
       one = 1
    Tbecnw = 75200
Free:
       pc1 = 0
       pc2 = 0
       pc3 = 0
       pc4 = 0
       pc5 = 0
       pc6 = 0
       pc7 = 0
       pc8 = 0
       pc9 = 0
      pc10 = 0
      pc11 = 0
      pc12 = 0
      pc13 = 0
      pc14 = 0
Constrained:
   Tgbecnw = 115380
     Tecnw = 25275.8
       Tnw = 21823.5
       Tec = 11284.3
     twoNb = 179289
     twoNc = 184493
     twoNw = 1.64935e+06
    twoNec = 198217
    twoNnw = 16852.9
  twoNecnw = 88480.4
  twoNbecnw = 17855.1
  twoNgbecnw = 251940
         m = 0.175764
        m6 = 1.10596e-05
        Ta = 37600
        Tf = 10911.8
DiffEv reached_goal. cost=2.28825e-03 spread=2.25597e-06
Fitted parameter values
Free:
       pc1 = 2.68936
       pc2 = 1.98032
       pc3 = 1.09873
       pc4 = 1.06421
       pc5 = 0.902093
       pc6 = -1.74817
       pc7 = 0.0141785
       pc8 = 0.390441
       pc9 = 0.232247
      pc10 = 0.388281
      pc11 = -0.0859051
      pc12 = -0.0366323
      pc13 = -0.115316
      pc14 = -0.00124702
Constrained:
   Tgbecnw = 93827.6
     Tecnw = 23572.4
       Tnw = 20179.4
       Tec = 10144.6
     twoNb = 192809
     twoNc = 276947
     twoNw = 2.63503e+06
    twoNec = 194589
    twoNnw = 16461.1
  twoNecnw = 81339.5
  twoNbecnw = 8197.42
  twoNgbecnw = 261877
         m = 0.131204
        m6 = 6.38465e-06
        Ta = 37600
        Tf = 10089.7
#       SitePat  BranchLen
              b 128558.9376157
              e 51537.2724916
              c 51537.1892233
              n 47335.8648671
              w 47335.8639506
            b:e 2326.3000432
            b:c 2326.2908836
            b:n 1874.7934756
            b:w 1874.7934006
            e:c 10523.0152395
            e:n 5355.5036227
            e:w 5355.5033773
            c:n 5355.5259120
            c:w 5355.5268285
            n:w 13246.5098511
          b:e:c 2214.3937615
          b:e:n 1197.4977085
          b:e:w 1197.4976270
          b:c:n 1197.4973364
          b:c:w 1197.4974114
          b:n:w 2174.6483626
          e:c:n 4700.7978334
          e:c:w 4700.7980788
          e:n:w 6178.6510293
          c:n:w 6178.6885571
        b:e:c:n 2145.2454003
        b:e:c:w 2145.2454819
        b:e:n:w 2636.4879916
        b:c:n:w 2636.4977390
        e:c:n:w 53489.4145521
