########################################
# legofit: estimate population history #
#       version 2.3.4-4-g53f8760       #
########################################

# Program was compiled: Sep 21 2021 14:36:42
# Program was run: Thu Sep 23 11:08:49 2021

# cmd: legofit -1 -d 0 -t 32 --ptsPerDim 3 --stateOut b1boot36.state --tol 3e-6 -S 5000 af2.lgo ../../boot/boot36.opf
# Stage nOptItr nSimReps
#     0    5000        0
# algorithm          : deterministic
# ignoring probs <=  : 0
# Branch length floor: 0
# DE strategy        : 2
#    F               : 0.3
#    CR              : 0.8
#    tolerance       : 3e-06
# nthreads           : 32
# lgo input file     : af2.lgo
# site pat input file: ../../boot/boot36.opf
# free parameters    : 14
# points in DE swarm : 42
# output state file  : b1boot36.state
# Including singleton site patterns.
# cost function      : KL
Initial parameter values
Fixed:
      zero = 0
       one = 1
    Tbecnw = 75200
Free:
       pc1 = 0
       pc2 = 0
       pc3 = 0
       pc4 = 0
       pc5 = 0
       pc6 = 0
       pc7 = 0
       pc8 = 0
       pc9 = 0
      pc10 = 0
      pc11 = 0
      pc12 = 0
      pc13 = 0
      pc14 = 0
Constrained:
   Tgbecnw = 115380
     Tecnw = 25275.8
       Tnw = 21823.5
       Tec = 11284.3
     twoNb = 179289
     twoNc = 184493
     twoNw = 1.64935e+06
    twoNec = 198217
    twoNnw = 16852.9
  twoNecnw = 88480.4
  twoNbecnw = 17855.1
  twoNgbecnw = 251940
         m = 0.175764
        m6 = 1.10596e-05
        Ta = 37600
        Tf = 10911.8
DiffEv reached_goal. cost=2.30873e-03 spread=2.96350e-06
Fitted parameter values
Free:
       pc1 = 2.61066
       pc2 = 1.99539
       pc3 = 0.814452
       pc4 = 1.50775
       pc5 = -0.19431
       pc6 = -1.80277
       pc7 = -0.525807
       pc8 = 0.146209
       pc9 = 0.105782
      pc10 = 0.0987785
      pc11 = -0.0138531
      pc12 = -0.0618505
      pc13 = -0.104171
      pc14 = -0.00038594
Constrained:
   Tgbecnw = 95009
     Tecnw = 23388.8
       Tnw = 20541.9
       Tec = 10328.8
     twoNb = 29091.9
     twoNc = 124777
     twoNw = 2.37254e+06
    twoNec = 188805
    twoNnw = 13926.8
  twoNecnw = 82124.2
  twoNbecnw = 8276.58
  twoNgbecnw = 292737
         m = 0.116521
        m6 = 1.1072e-05
        Ta = 37600
        Tf = 10271
#       SitePat  BranchLen
              b 128508.0778960
              e 51511.3043522
              c 51511.1611663
              n 47387.9608940
              w 47387.9591073
            b:e 2337.2003052
            b:c 2337.1844214
            b:n 1888.7744112
            b:w 1888.7742631
            e:c 10525.4198558
            e:n 5370.8649368
            e:w 5370.8644554
            c:n 5370.9031299
            c:w 5370.9049165
            n:w 13191.1651999
          b:e:c 2226.9465862
          b:e:n 1207.7280611
          b:e:w 1207.7278997
          b:c:n 1207.7273856
          b:c:w 1207.7275337
          b:n:w 2186.6965145
          e:c:n 4693.8871844
          e:c:w 4693.8876658
          e:n:w 6151.3825737
          c:n:w 6151.4471053
        b:e:c:n 2166.7175448
        b:e:c:w 2166.7177062
        b:e:n:w 2655.3772607
        b:c:n:w 2655.3941860
        e:c:n:w 53562.7455874
