########################################
# legofit: estimate population history #
#       version 2.3.4-4-g53f8760       #
########################################

# Program was compiled: Sep 21 2021 14:36:42
# Program was run: Thu Sep 23 11:08:57 2021

# cmd: legofit -1 -d 0 -t 32 --ptsPerDim 3 --stateOut b1boot41.state --tol 3e-6 -S 5000 af2.lgo ../../boot/boot41.opf
# Stage nOptItr nSimReps
#     0    5000        0
# algorithm          : deterministic
# ignoring probs <=  : 0
# Branch length floor: 0
# DE strategy        : 2
#    F               : 0.3
#    CR              : 0.8
#    tolerance       : 3e-06
# nthreads           : 32
# lgo input file     : af2.lgo
# site pat input file: ../../boot/boot41.opf
# free parameters    : 14
# points in DE swarm : 42
# output state file  : b1boot41.state
# Including singleton site patterns.
# cost function      : KL
Initial parameter values
Fixed:
      zero = 0
       one = 1
    Tbecnw = 75200
Free:
       pc1 = 0
       pc2 = 0
       pc3 = 0
       pc4 = 0
       pc5 = 0
       pc6 = 0
       pc7 = 0
       pc8 = 0
       pc9 = 0
      pc10 = 0
      pc11 = 0
      pc12 = 0
      pc13 = 0
      pc14 = 0
Constrained:
   Tgbecnw = 115380
     Tecnw = 25275.8
       Tnw = 21823.5
       Tec = 11284.3
     twoNb = 179289
     twoNc = 184493
     twoNw = 1.64935e+06
    twoNec = 198217
    twoNnw = 16852.9
  twoNecnw = 88480.4
  twoNbecnw = 17855.1
  twoNgbecnw = 251940
         m = 0.175764
        m6 = 1.10596e-05
        Ta = 37600
        Tf = 10911.8
DiffEv reached_goal. cost=2.30607e-03 spread=2.93927e-06
Fitted parameter values
Free:
       pc1 = 1.65375
       pc2 = 1.9749
       pc3 = -0.665398
       pc4 = 0.443259
       pc5 = 0.299756
       pc6 = -1.00025
       pc7 = -0.0511133
       pc8 = 0.425354
       pc9 = 0.279555
      pc10 = 0.516328
      pc11 = -0.0240867
      pc12 = -0.00395366
      pc13 = -0.0295286
      pc14 = -0.00571078
Constrained:
   Tgbecnw = 100022
     Tecnw = 24033.3
       Tnw = 21017.8
       Tec = 10598.4
     twoNb = 190668
     twoNc = 335723
     twoNw = 1.58091e+06
    twoNec = 191569
    twoNnw = 14627.3
  twoNecnw = 81972.5
  twoNbecnw = 11038.2
  twoNgbecnw = 246564
         m = 0.140139
        m6 = 2.51169e-05
        Ta = 37600
        Tf = 10508.9
#       SitePat  BranchLen
              b 130522.7613400
              e 52284.7615071
              c 52284.4291750
              n 48110.8729377
              w 48110.8666486
            b:e 2380.5762227
            b:c 2380.5391407
            b:n 1922.4659404
            b:w 1922.4654172
            e:c 10729.9430912
            e:n 5440.1313511
            e:w 5440.1296440
            c:n 5440.2179908
            c:w 5440.2242799
            n:w 13408.8882807
          b:e:c 2262.7880059
          b:e:n 1221.3128369
          b:e:w 1221.3122701
          b:c:n 1221.3111641
          b:c:w 1221.3116872
          b:n:w 2224.5537450
          e:c:n 4818.0896860
          e:c:w 4818.0913930
          e:n:w 6312.7953697
          c:n:w 6312.9464261
        b:e:c:n 2184.8598400
        b:e:c:w 2184.8604068
        b:e:n:w 2681.1667183
        b:c:n:w 2681.2060561
        e:c:n:w 54252.6724485
