########################################
# legofit: estimate population history #
#       version 2.3.4-4-g53f8760       #
########################################

# Program was compiled: Sep 21 2021 14:36:42
# Program was run: Thu Sep 23 11:08:43 2021

# cmd: legofit -1 -d 0 -t 32 --ptsPerDim 3 --stateOut b1boot31.state --tol 3e-6 -S 5000 af2.lgo ../../boot/boot31.opf
# Stage nOptItr nSimReps
#     0    5000        0
# algorithm          : deterministic
# ignoring probs <=  : 0
# Branch length floor: 0
# DE strategy        : 2
#    F               : 0.3
#    CR              : 0.8
#    tolerance       : 3e-06
# nthreads           : 32
# lgo input file     : af2.lgo
# site pat input file: ../../boot/boot31.opf
# free parameters    : 14
# points in DE swarm : 42
# output state file  : b1boot31.state
# Including singleton site patterns.
# cost function      : KL
Initial parameter values
Fixed:
      zero = 0
       one = 1
    Tbecnw = 75200
Free:
       pc1 = 0
       pc2 = 0
       pc3 = 0
       pc4 = 0
       pc5 = 0
       pc6 = 0
       pc7 = 0
       pc8 = 0
       pc9 = 0
      pc10 = 0
      pc11 = 0
      pc12 = 0
      pc13 = 0
      pc14 = 0
Constrained:
   Tgbecnw = 115380
     Tecnw = 25275.8
       Tnw = 21823.5
       Tec = 11284.3
     twoNb = 179289
     twoNc = 184493
     twoNw = 1.64935e+06
    twoNec = 198217
    twoNnw = 16852.9
  twoNecnw = 88480.4
  twoNbecnw = 17855.1
  twoNgbecnw = 251940
         m = 0.175764
        m6 = 1.10596e-05
        Ta = 37600
        Tf = 10911.8
DiffEv reached_goal. cost=2.28048e-03 spread=2.70664e-06
Fitted parameter values
Free:
       pc1 = 2.13301
       pc2 = 1.98066
       pc3 = -0.676474
       pc4 = 0.402802
       pc5 = -0.621162
       pc6 = -1.52771
       pc7 = -0.68571
       pc8 = 0.381802
       pc9 = 0.168937
      pc10 = 0.323951
      pc11 = -0.158396
      pc12 = -0.0905266
      pc13 = -0.0411377
      pc14 = -0.00353029
Constrained:
   Tgbecnw = 98498.1
     Tecnw = 23477.2
       Tnw = 20878.7
       Tec = 10444.6
     twoNb = 138857
     twoNc = 137508
     twoNw = 1.35867e+06
    twoNec = 191917
    twoNnw = 12595.9
  twoNecnw = 82033.8
  twoNbecnw = 9868.15
  twoNgbecnw = 278873
         m = 0.121878
        m6 = 2.58386e-05
        Ta = 37600
        Tf = 10439.4
#       SitePat  BranchLen
              b 129456.1411035
              e 51796.6638857
              c 51796.3234061
              n 47561.0431599
              w 47561.0357756
            b:e 2372.6157678
            b:c 2372.5776896
            b:n 1908.3704238
            b:w 1908.3698053
            e:c 10597.7123680
            e:n 5428.8514381
            e:w 5428.8494229
            c:n 5428.9395219
            c:w 5428.9469062
            n:w 13320.7837472
          b:e:c 2250.0217265
          b:e:n 1219.3228924
          b:e:w 1219.3222205
          b:c:n 1219.3210528
          b:c:w 1219.3216714
          b:n:w 2210.0350347
          e:c:n 4760.6085902
          e:c:w 4760.6106053
          e:n:w 6272.9149405
          c:n:w 6273.0698530
        b:e:c:n 2177.7788792
        b:e:c:w 2177.7795511
        b:e:n:w 2681.9722877
        b:c:n:w 2682.0127545
        e:c:n:w 53929.9382850
