########################################
# legofit: estimate population history #
#       version 2.3.4-4-g53f8760       #
########################################

# Program was compiled: Sep 21 2021 14:36:42
# Program was run: Thu Sep 23 11:08:29 2021

# cmd: legofit -1 -d 0 -t 32 --ptsPerDim 3 --stateOut b1boot20.state --tol 3e-6 -S 5000 af2.lgo ../../boot/boot20.opf
# Stage nOptItr nSimReps
#     0    5000        0
# algorithm          : deterministic
# ignoring probs <=  : 0
# Branch length floor: 0
# DE strategy        : 2
#    F               : 0.3
#    CR              : 0.8
#    tolerance       : 3e-06
# nthreads           : 32
# lgo input file     : af2.lgo
# site pat input file: ../../boot/boot20.opf
# free parameters    : 14
# points in DE swarm : 42
# output state file  : b1boot20.state
# Including singleton site patterns.
# cost function      : KL
Initial parameter values
Fixed:
      zero = 0
       one = 1
    Tbecnw = 75200
Free:
       pc1 = 0
       pc2 = 0
       pc3 = 0
       pc4 = 0
       pc5 = 0
       pc6 = 0
       pc7 = 0
       pc8 = 0
       pc9 = 0
      pc10 = 0
      pc11 = 0
      pc12 = 0
      pc13 = 0
      pc14 = 0
Constrained:
   Tgbecnw = 115380
     Tecnw = 25275.8
       Tnw = 21823.5
       Tec = 11284.3
     twoNb = 179289
     twoNc = 184493
     twoNw = 1.64935e+06
    twoNec = 198217
    twoNnw = 16852.9
  twoNecnw = 88480.4
  twoNbecnw = 17855.1
  twoNgbecnw = 251940
         m = 0.175764
        m6 = 1.10596e-05
        Ta = 37600
        Tf = 10911.8
DiffEv reached_goal. cost=2.31194e-03 spread=1.67196e-06
Fitted parameter values
Free:
       pc1 = 0.511712
       pc2 = 1.95167
       pc3 = 0.595768
       pc4 = 1.70696
       pc5 = -0.516712
       pc6 = -1.85729
       pc7 = 0.115034
       pc8 = 0.184848
       pc9 = 0.183489
      pc10 = 0.675105
      pc11 = -0.0182711
      pc12 = 0.0569542
      pc13 = -0.0335063
      pc14 = 0.0011411
Constrained:
   Tgbecnw = 100893
     Tecnw = 23957.4
       Tnw = 22528.2
       Tec = 11270.8
     twoNb = 23890.9
     twoNc = 110827
     twoNw = 2.4897e+06
    twoNec = 181959
    twoNnw = 6882.7
  twoNecnw = 85588.7
  twoNbecnw = 12157.9
  twoNgbecnw = 211992
         m = 0.174743
        m6 = 2.42576e-05
        Ta = 37600
        Tf = 11264.1
#       SitePat  BranchLen
              b 133025.3523627
              e 53070.3281992
              c 53070.0060199
              n 48844.7206864
              w 48844.7165823
            b:e 2401.2339985
            b:c 2401.1978538
            b:n 1933.5193523
            b:w 1933.5190061
            e:c 10891.2975411
            e:n 5527.4144804
            e:w 5527.4133420
            c:n 5527.4988007
            c:w 5527.5029049
            n:w 13579.1599919
          b:e:c 2281.0292738
          b:e:n 1228.6386329
          b:e:w 1228.6382579
          b:c:n 1228.6371822
          b:c:w 1228.6375284
          b:n:w 2242.2575189
          e:c:n 4868.2984110
          e:c:w 4868.2995493
          e:n:w 6405.8108564
          c:n:w 6405.9591525
        b:e:c:n 2195.6613723
        b:e:c:w 2195.6617472
        b:e:n:w 2702.1108991
        b:c:n:w 2702.1492240
        e:c:n:w 55536.4076490
