########################################
# legofit: estimate population history #
#       version 2.3.4-4-g53f8760       #
########################################

# Program was compiled: Sep 21 2021 14:36:42
# Program was run: Thu Sep 23 11:08:16 2021

# cmd: legofit -1 -d 0 -t 32 --ptsPerDim 3 --stateOut b1boot7.state --tol 3e-6 -S 5000 af2.lgo ../../boot/boot7.opf
# Stage nOptItr nSimReps
#     0    5000        0
# algorithm          : deterministic
# ignoring probs <=  : 0
# Branch length floor: 0
# DE strategy        : 2
#    F               : 0.3
#    CR              : 0.8
#    tolerance       : 3e-06
# nthreads           : 32
# lgo input file     : af2.lgo
# site pat input file: ../../boot/boot7.opf
# free parameters    : 14
# points in DE swarm : 42
# output state file  : b1boot7.state
# Including singleton site patterns.
# cost function      : KL
Initial parameter values
Fixed:
      zero = 0
       one = 1
    Tbecnw = 75200
Free:
       pc1 = 0
       pc2 = 0
       pc3 = 0
       pc4 = 0
       pc5 = 0
       pc6 = 0
       pc7 = 0
       pc8 = 0
       pc9 = 0
      pc10 = 0
      pc11 = 0
      pc12 = 0
      pc13 = 0
      pc14 = 0
Constrained:
   Tgbecnw = 115380
     Tecnw = 25275.8
       Tnw = 21823.5
       Tec = 11284.3
     twoNb = 179289
     twoNc = 184493
     twoNw = 1.64935e+06
    twoNec = 198217
    twoNnw = 16852.9
  twoNecnw = 88480.4
  twoNbecnw = 17855.1
  twoNgbecnw = 251940
         m = 0.175764
        m6 = 1.10596e-05
        Ta = 37600
        Tf = 10911.8
DiffEv reached_goal. cost=2.31853e-03 spread=2.95224e-06
Fitted parameter values
Free:
       pc1 = 1.00897
       pc2 = 1.99903
       pc3 = 0.276045
       pc4 = 1.6199
       pc5 = -0.223824
       pc6 = -1.30677
       pc7 = 0.295658
       pc8 = 0.45003
       pc9 = 0.412604
      pc10 = 0.480569
      pc11 = -0.113478
      pc12 = -0.0234136
      pc13 = -0.0531428
      pc14 = 0.0157715
Constrained:
   Tgbecnw = 100824
     Tecnw = 24049.7
       Tnw = 22301.4
       Tec = 11164.9
     twoNb = 43084.9
     twoNc = 250290
     twoNw = 2.3646e+06
    twoNec = 187489
    twoNnw = 8479.76
  twoNecnw = 82410.4
  twoNbecnw = 11518.3
  twoNgbecnw = 239744
         m = 0.14764
        m6 = 2.52487e-05
        Ta = 37600
        Tf = 11150.7
#       SitePat  BranchLen
              b 131603.2075857
              e 52508.2411536
              c 52507.9128595
              n 48359.0958975
              w 48359.0914891
            b:e 2393.1892249
            b:c 2393.1519692
            b:n 1928.2715476
            b:w 1928.2711728
            e:c 10714.5426074
            e:n 5475.3333737
            e:w 5475.3321484
            c:n 5475.4189928
            c:w 5475.4234012
            n:w 13343.6551415
          b:e:c 2266.6341990
          b:e:n 1227.0121542
          b:e:w 1227.0117485
          b:c:n 1227.0106417
          b:c:w 1227.0110165
          b:n:w 2228.2262580
          e:c:n 4839.9652576
          e:c:w 4839.9664829
          e:n:w 6359.7609384
          c:n:w 6359.9123605
        b:e:c:n 2188.9484732
        b:e:c:w 2188.9488789
        b:e:n:w 2692.2361038
        b:c:n:w 2692.2756039
        e:c:n:w 55014.2838334
