########################################
# legofit: estimate population history #
#       version 2.3.4-4-g53f8760       #
########################################

# Program was compiled: Sep 21 2021 14:36:42
# Program was run: Thu Sep 23 11:09:07 2021

# cmd: legofit -1 -d 0 -t 32 --ptsPerDim 3 --stateOut b1boot48.state --tol 3e-6 -S 5000 af2.lgo ../../boot/boot48.opf
# Stage nOptItr nSimReps
#     0    5000        0
# algorithm          : deterministic
# ignoring probs <=  : 0
# Branch length floor: 0
# DE strategy        : 2
#    F               : 0.3
#    CR              : 0.8
#    tolerance       : 3e-06
# nthreads           : 32
# lgo input file     : af2.lgo
# site pat input file: ../../boot/boot48.opf
# free parameters    : 14
# points in DE swarm : 42
# output state file  : b1boot48.state
# Including singleton site patterns.
# cost function      : KL
Initial parameter values
Fixed:
      zero = 0
       one = 1
    Tbecnw = 75200
Free:
       pc1 = 0
       pc2 = 0
       pc3 = 0
       pc4 = 0
       pc5 = 0
       pc6 = 0
       pc7 = 0
       pc8 = 0
       pc9 = 0
      pc10 = 0
      pc11 = 0
      pc12 = 0
      pc13 = 0
      pc14 = 0
Constrained:
   Tgbecnw = 115380
     Tecnw = 25275.8
       Tnw = 21823.5
       Tec = 11284.3
     twoNb = 179289
     twoNc = 184493
     twoNw = 1.64935e+06
    twoNec = 198217
    twoNnw = 16852.9
  twoNecnw = 88480.4
  twoNbecnw = 17855.1
  twoNgbecnw = 251940
         m = 0.175764
        m6 = 1.10596e-05
        Ta = 37600
        Tf = 10911.8
DiffEv reached_goal. cost=2.33395e-03 spread=2.97363e-06
Fitted parameter values
Free:
       pc1 = 1.34425
       pc2 = 1.98546
       pc3 = 1.58699
       pc4 = 2.45774
       pc5 = -0.39425
       pc6 = -1.87231
       pc7 = 1.13395
       pc8 = 0.324164
       pc9 = 0.107109
      pc10 = 0.289791
      pc11 = 0.0892243
      pc12 = 0.0151815
      pc13 = -0.0495884
      pc14 = -0.00354815
Constrained:
   Tgbecnw = 100148
     Tecnw = 23866.5
       Tnw = 22077
       Tec = 11050.7
     twoNb = 18967.3
     twoNc = 165495
     twoNw = 3.4791e+06
    twoNec = 181115
    twoNnw = 8597.93
  twoNecnw = 82456.5
  twoNbecnw = 10826.4
  twoNgbecnw = 259903
         m = 0.13377
        m6 = 2.37049e-05
        Ta = 37600
        Tf = 11038.5
#       SitePat  BranchLen
              b 130642.3027187
              e 52211.6703688
              c 52211.3616329
              n 48088.9611210
              w 48088.9583457
            b:e 2381.5955909
            b:c 2381.5605369
            b:n 1919.3791438
            b:w 1919.3789081
            e:c 10740.5642286
            e:n 5424.5397955
            e:w 5424.5390281
            c:n 5424.6212463
            c:w 5424.6240216
            n:w 13358.1404751
          b:e:c 2270.9284136
          b:e:n 1219.2310687
          b:e:w 1219.2308130
          b:c:n 1219.2297441
          b:c:w 1219.2299798
          b:n:w 2231.8004220
          e:c:n 4795.0822783
          e:c:w 4795.0830457
          e:n:w 6299.9915372
          c:n:w 6300.1338287
        b:e:c:n 2185.0831170
        b:e:c:w 2185.0833726
        b:e:n:w 2686.3916685
        b:c:n:w 2686.4288803
        e:c:n:w 54527.8400514
