########################################
# legofit: estimate population history #
#       version 2.3.4-4-g53f8760       #
########################################

# Program was compiled: Sep 21 2021 14:36:42
# Program was run: Thu Sep 23 11:08:57 2021

# cmd: legofit -1 -d 0 -t 32 --ptsPerDim 3 --stateOut b1boot42.state --tol 3e-6 -S 5000 af2.lgo ../../boot/boot42.opf
# Stage nOptItr nSimReps
#     0    5000        0
# algorithm          : deterministic
# ignoring probs <=  : 0
# Branch length floor: 0
# DE strategy        : 2
#    F               : 0.3
#    CR              : 0.8
#    tolerance       : 3e-06
# nthreads           : 32
# lgo input file     : af2.lgo
# site pat input file: ../../boot/boot42.opf
# free parameters    : 14
# points in DE swarm : 42
# output state file  : b1boot42.state
# Including singleton site patterns.
# cost function      : KL
Initial parameter values
Fixed:
      zero = 0
       one = 1
    Tbecnw = 75200
Free:
       pc1 = 0
       pc2 = 0
       pc3 = 0
       pc4 = 0
       pc5 = 0
       pc6 = 0
       pc7 = 0
       pc8 = 0
       pc9 = 0
      pc10 = 0
      pc11 = 0
      pc12 = 0
      pc13 = 0
      pc14 = 0
Constrained:
   Tgbecnw = 115380
     Tecnw = 25275.8
       Tnw = 21823.5
       Tec = 11284.3
     twoNb = 179289
     twoNc = 184493
     twoNw = 1.64935e+06
    twoNec = 198217
    twoNnw = 16852.9
  twoNecnw = 88480.4
  twoNbecnw = 17855.1
  twoNgbecnw = 251940
         m = 0.175764
        m6 = 1.10596e-05
        Ta = 37600
        Tf = 10911.8
DiffEv reached_goal. cost=2.31733e-03 spread=2.83596e-06
Fitted parameter values
Free:
       pc1 = 1.05827
       pc2 = 1.98946
       pc3 = -1.43941
       pc4 = 1.34979
       pc5 = -1.33962
       pc6 = -1.80524
       pc7 = 0.309927
       pc8 = 0.325708
       pc9 = 0.355578
      pc10 = 0.420103
      pc11 = -0.0422845
      pc12 = -0.0241983
      pc13 = -0.0645639
      pc14 = 0.000218005
Constrained:
   Tgbecnw = 101042
     Tecnw = 23958.8
       Tnw = 22131.5
       Tec = 11072
     twoNb = 13795
     twoNc = 111214
     twoNw = 1.6144e+06
    twoNec = 186190
    twoNnw = 8749.19
  twoNecnw = 82612.3
  twoNbecnw = 11257.3
  twoNgbecnw = 253476
         m = 0.137578
        m6 = 5.33647e-05
        Ta = 37600
        Tf = 11065.7
#       SitePat  BranchLen
              b 130873.8984677
              e 52393.1568186
              c 52392.4522107
              n 48179.5359675
              w 48179.5224728
            b:e 2373.2610822
            b:c 2373.1817593
            b:n 1905.8200038
            b:w 1905.8188669
            e:c 10698.5112775
            e:n 5431.9620543
            e:w 5431.9583305
            c:n 5432.1435475
            c:w 5432.1570422
            n:w 13380.7530808
          b:e:c 2254.7441764
          b:e:n 1212.7951163
          b:e:w 1212.7938843
          b:c:n 1212.7915221
          b:c:w 1212.7926589
          b:n:w 2215.6186479
          e:c:n 4783.2234751
          e:c:w 4783.2271989
          e:n:w 6314.0966267
          c:n:w 6314.4210298
        b:e:c:n 2166.8768384
        b:e:c:w 2166.8780704
        b:e:n:w 2673.3628970
        b:c:n:w 2673.4470395
        e:c:n:w 54537.2331845
