########################################
# legofit: estimate population history #
#       version 2.3.4-4-g53f8760       #
########################################

# Program was compiled: Sep 21 2021 14:36:42
# Program was run: Thu Sep 23 11:08:36 2021

# cmd: legofit -1 -d 0 -t 32 --ptsPerDim 3 --stateOut b1boot27.state --tol 3e-6 -S 5000 af2.lgo ../../boot/boot27.opf
# Stage nOptItr nSimReps
#     0    5000        0
# algorithm          : deterministic
# ignoring probs <=  : 0
# Branch length floor: 0
# DE strategy        : 2
#    F               : 0.3
#    CR              : 0.8
#    tolerance       : 3e-06
# nthreads           : 32
# lgo input file     : af2.lgo
# site pat input file: ../../boot/boot27.opf
# free parameters    : 14
# points in DE swarm : 42
# output state file  : b1boot27.state
# Including singleton site patterns.
# cost function      : KL
Initial parameter values
Fixed:
      zero = 0
       one = 1
    Tbecnw = 75200
Free:
       pc1 = 0
       pc2 = 0
       pc3 = 0
       pc4 = 0
       pc5 = 0
       pc6 = 0
       pc7 = 0
       pc8 = 0
       pc9 = 0
      pc10 = 0
      pc11 = 0
      pc12 = 0
      pc13 = 0
      pc14 = 0
Constrained:
   Tgbecnw = 115380
     Tecnw = 25275.8
       Tnw = 21823.5
       Tec = 11284.3
     twoNb = 179289
     twoNc = 184493
     twoNw = 1.64935e+06
    twoNec = 198217
    twoNnw = 16852.9
  twoNecnw = 88480.4
  twoNbecnw = 17855.1
  twoNgbecnw = 251940
         m = 0.175764
        m6 = 1.10596e-05
        Ta = 37600
        Tf = 10911.8
DiffEv reached_goal. cost=2.30170e-03 spread=1.33866e-06
Fitted parameter values
Free:
       pc1 = 2.7998
       pc2 = 1.98871
       pc3 = -0.879947
       pc4 = 0.708216
       pc5 = -0.680876
       pc6 = -1.95193
       pc7 = -0.589173
       pc8 = -0.0722261
       pc9 = 0.344612
      pc10 = 0.194636
      pc11 = 0.104467
      pc12 = 0.0600794
      pc13 = -0.00439868
      pc14 = -0.022011
Constrained:
   Tgbecnw = 94144.7
     Tecnw = 23578.6
       Tnw = 20153.4
       Tec = 10084.4
     twoNb = 91116.4
     twoNc = 72320.8
     twoNw = 1.44481e+06
    twoNec = 189336
    twoNnw = 16671.3
  twoNecnw = 78912.9
  twoNbecnw = 7958.55
  twoNgbecnw = 294562
         m = 0.112698
        m6 = 3.11776e-05
        Ta = 37600
        Tf = 10076.7
#       SitePat  BranchLen
              b 127886.6177819
              e 50980.7181011
              c 50980.3147242
              n 46954.1269584
              w 46954.1189066
            b:e 2314.0169927
            b:c 2313.9722358
            b:n 1873.8565130
            b:w 1873.8558489
            e:c 10522.2476899
            e:n 5313.4115111
            e:w 5313.4093374
            c:n 5313.5167270
            c:w 5313.5247788
            n:w 13108.1199424
          b:e:c 2209.5688066
          b:e:n 1191.0975898
          b:e:w 1191.0968681
          b:c:n 1191.0954841
          b:c:w 1191.0961482
          b:n:w 2171.4661506
          e:c:n 4717.6890391
          e:c:w 4717.6912127
          e:n:w 6158.1199939
          c:n:w 6158.3027134
        b:e:c:n 2139.1900621
        b:e:c:w 2139.1907837
        b:e:n:w 2617.4077211
        b:c:n:w 2617.4553035
        e:c:n:w 53396.1285808
