########################################
# legofit: estimate population history #
#       version 2.3.4-4-g53f8760       #
########################################

# Program was compiled: Sep 21 2021 14:36:42
# Program was run: Thu Sep 23 11:08:25 2021

# cmd: legofit -1 -d 0 -t 32 --ptsPerDim 3 --stateOut b1boot16.state --tol 3e-6 -S 5000 af2.lgo ../../boot/boot16.opf
# Stage nOptItr nSimReps
#     0    5000        0
# algorithm          : deterministic
# ignoring probs <=  : 0
# Branch length floor: 0
# DE strategy        : 2
#    F               : 0.3
#    CR              : 0.8
#    tolerance       : 3e-06
# nthreads           : 32
# lgo input file     : af2.lgo
# site pat input file: ../../boot/boot16.opf
# free parameters    : 14
# points in DE swarm : 42
# output state file  : b1boot16.state
# Including singleton site patterns.
# cost function      : KL
Initial parameter values
Fixed:
      zero = 0
       one = 1
    Tbecnw = 75200
Free:
       pc1 = 0
       pc2 = 0
       pc3 = 0
       pc4 = 0
       pc5 = 0
       pc6 = 0
       pc7 = 0
       pc8 = 0
       pc9 = 0
      pc10 = 0
      pc11 = 0
      pc12 = 0
      pc13 = 0
      pc14 = 0
Constrained:
   Tgbecnw = 115380
     Tecnw = 25275.8
       Tnw = 21823.5
       Tec = 11284.3
     twoNb = 179289
     twoNc = 184493
     twoNw = 1.64935e+06
    twoNec = 198217
    twoNnw = 16852.9
  twoNecnw = 88480.4
  twoNbecnw = 17855.1
  twoNgbecnw = 251940
         m = 0.175764
        m6 = 1.10596e-05
        Ta = 37600
        Tf = 10911.8
DiffEv reached_goal. cost=2.27241e-03 spread=2.95082e-06
Fitted parameter values
Free:
       pc1 = 0.984911
       pc2 = 1.98871
       pc3 = 1.30457
       pc4 = 0.207768
       pc5 = -0.347876
       pc6 = -1.18258
       pc7 = -0.377793
       pc8 = 0.0297738
       pc9 = 0.148926
      pc10 = 0.475435
      pc11 = 0.124326
      pc12 = 0.0529159
      pc13 = -0.0104775
      pc14 = -0.0174645
Constrained:
   Tgbecnw = 102846
     Tecnw = 23972.1
       Tnw = 22114.1
       Tec = 11086.5
     twoNb = 246393
     twoNc = 103920
     twoNw = 2.10795e+06
    twoNec = 179643
    twoNnw = 8858.03
  twoNecnw = 83859.3
  twoNbecnw = 12118.5
  twoNgbecnw = 246240
         m = 0.143737
        m6 = 1.43002e-06
        Ta = 37600
        Tf = 11057
#       SitePat  BranchLen
              b 131821.3301694
              e 52636.6820595
              c 52636.6629933
              n 48448.7846213
              w 48448.7843421
            b:e 2388.1437806
            b:c 2388.1416368
            b:n 1923.1968771
            b:w 1923.1968536
            e:c 10878.6184890
            e:n 5456.8573891
            e:w 5456.8573122
            c:n 5456.8623570
            c:w 5456.8626363
            n:w 13544.7474485
          b:e:c 2280.4467512
          b:e:n 1218.2205042
          b:e:w 1218.2204788
          b:c:n 1218.2204152
          b:c:w 1218.2204387
          b:n:w 2241.8152509
          e:c:n 4824.9369591
          e:c:w 4824.9370361
          e:n:w 6346.6916958
          c:n:w 6346.7004698
        b:e:c:n 2184.2115745
        b:e:c:w 2184.2115999
        b:e:n:w 2687.7877944
        b:c:n:w 2687.7900674
        e:c:n:w 54996.3307683
