########################################
# legofit: estimate population history #
#       version 2.3.4-4-g53f8760       #
########################################

# Program was compiled: Sep 21 2021 14:36:42
# Program was run: Thu Sep 23 11:08:49 2021

# cmd: legofit -1 -d 0 -t 32 --ptsPerDim 3 --stateOut b1boot38.state --tol 3e-6 -S 5000 af2.lgo ../../boot/boot38.opf
# Stage nOptItr nSimReps
#     0    5000        0
# algorithm          : deterministic
# ignoring probs <=  : 0
# Branch length floor: 0
# DE strategy        : 2
#    F               : 0.3
#    CR              : 0.8
#    tolerance       : 3e-06
# nthreads           : 32
# lgo input file     : af2.lgo
# site pat input file: ../../boot/boot38.opf
# free parameters    : 14
# points in DE swarm : 42
# output state file  : b1boot38.state
# Including singleton site patterns.
# cost function      : KL
Initial parameter values
Fixed:
      zero = 0
       one = 1
    Tbecnw = 75200
Free:
       pc1 = 0
       pc2 = 0
       pc3 = 0
       pc4 = 0
       pc5 = 0
       pc6 = 0
       pc7 = 0
       pc8 = 0
       pc9 = 0
      pc10 = 0
      pc11 = 0
      pc12 = 0
      pc13 = 0
      pc14 = 0
Constrained:
   Tgbecnw = 115380
     Tecnw = 25275.8
       Tnw = 21823.5
       Tec = 11284.3
     twoNb = 179289
     twoNc = 184493
     twoNw = 1.64935e+06
    twoNec = 198217
    twoNnw = 16852.9
  twoNecnw = 88480.4
  twoNbecnw = 17855.1
  twoNgbecnw = 251940
         m = 0.175764
        m6 = 1.10596e-05
        Ta = 37600
        Tf = 10911.8
DiffEv reached_goal. cost=2.28553e-03 spread=2.70481e-06
Fitted parameter values
Free:
       pc1 = 1.8154
       pc2 = 1.98397
       pc3 = 1.58463
       pc4 = 1.77218
       pc5 = 0.0319224
       pc6 = -1.99367
       pc7 = 0.777548
       pc8 = 0.444801
       pc9 = 0.250953
      pc10 = 0.297489
      pc11 = -0.103496
      pc12 = -0.0631069
      pc13 = -0.118534
      pc14 = 0.00464558
Constrained:
   Tgbecnw = 97418.8
     Tecnw = 23709.4
       Tnw = 21573.8
       Tec = 10820.6
     twoNb = 129450
     twoNc = 177482
     twoNw = 3.22769e+06
    twoNec = 188308
    twoNnw = 10202.7
  twoNecnw = 82269.7
  twoNbecnw = 9668.79
  twoNgbecnw = 261913
         m = 0.132974
        m6 = 1.65536e-05
        Ta = 37600
        Tf = 10786.9
#       SitePat  BranchLen
              b 129902.3391338
              e 52012.0924328
              c 52011.8757803
              n 47750.1636435
              w 47750.1616019
            b:e 2360.6967108
            b:c 2360.6723680
            b:n 1891.7496997
            b:w 1891.7495285
            e:c 10597.5598213
            e:n 5392.1623537
            e:w 5392.1617947
            c:n 5392.2196882
            c:w 5392.2217298
            n:w 13328.1326293
          b:e:c 2244.8817661
          b:e:n 1207.9492585
          b:e:w 1207.9490725
          b:c:n 1207.9483162
          b:c:w 1207.9484874
          b:n:w 2204.3381766
          e:c:n 4729.4502442
          e:c:w 4729.4508032
          e:n:w 6260.6495081
          c:n:w 6260.7488910
        b:e:c:n 2159.7470920
        b:e:c:w 2159.7472780
        b:e:n:w 2669.2127649
        b:c:n:w 2669.2386349
        e:c:n:w 54222.4573871
