########################################
# legofit: estimate population history #
#       version 2.3.4-4-g53f8760       #
########################################

# Program was compiled: Sep 21 2021 14:36:42
# Program was run: Mon Oct 25 13:47:44 2021

# cmd: legofit -1 -d 0 -t 56 --ptsPerDim 3 --stateOut b1boot5.state --tol 3e-6 -S 5000 abdef2.lgo ../../chrX/boot_chrX/boot5.opf
# Stage nOptItr nSimReps
#     0    5000        0
# algorithm          : deterministic
# ignoring probs <=  : 0
# Branch length floor: 0
# DE strategy        : 2
#    F               : 0.3
#    CR              : 0.8
#    tolerance       : 3e-06
# nthreads           : 54
# lgo input file     : abdef2.lgo
# site pat input file: ../../chrX/boot_chrX/boot5.opf
# free parameters    : 18
# points in DE swarm : 54
# output state file  : b1boot5.state
# Including singleton site patterns.
# cost function      : KL
Initial parameter values
Fixed:
      zero = 0
       one = 1
    Tbecnw = 75200
Free:
       pc1 = 0
       pc2 = 0
       pc3 = 0
       pc4 = 0
       pc5 = 0
       pc6 = 0
       pc7 = 0
       pc8 = 0
       pc9 = 0
      pc10 = 0
      pc11 = 0
      pc12 = 0
      pc13 = 0
      pc14 = 0
      pc15 = 0
      pc16 = 0
      pc17 = 0
      pc18 = 0
Constrained:
   Tgbecnw = 118577
     Tecnw = 25357.1
       Tnw = 17135.9
       Tec = 8818.57
     twoNb = 2.55853e+06
     twoNe = 7.34536e+06
     twoNc = 1.82324e+07
     twoNw = 1.58844e+06
    twoNec = 79438.9
    twoNnw = 36631.8
  twoNecnw = 63545.2
  twoNbecnw = 13307.2
  twoNgbecnw = 300366
         m = 0.0945259
        m2 = 0.0220118
        m4 = 0.000487792
        m5 = 0.154726
        m6 = 0.013934
        Tb = 17087.8
        Ta = 46143.9
        Td = 4409.29
        Te = 8567.97
        Tf = 4283.99
DiffEv reached_goal. cost=2.27523e-03 spread=2.55166e-06
Fitted parameter values
Free:
       pc1 = -0.155711
       pc2 = 3.97327
       pc3 = 1.98308
       pc4 = -0.609263
       pc5 = -1.88298
       pc6 = -1.85774
       pc7 = -1.29391
       pc8 = -0.820375
       pc9 = 1.08988
      pc10 = -1.1706
      pc11 = 1.62099
      pc12 = 0.106126
      pc13 = 0.249321
      pc14 = 0.201993
      pc15 = 0.279759
      pc16 = 0.098342
      pc17 = 0.0977234
      pc18 = 0.094536
Constrained:
   Tgbecnw = 102020
     Tecnw = 25068
       Tnw = 16723.9
       Tec = 8371.89
     twoNb = 2.8774e+06
     twoNe = 2.10465e+07
     twoNc = 4.02418e+07
     twoNw = 4.45614e+06
    twoNec = 71423.3
    twoNnw = 36049.7
  twoNecnw = 62463.1
  twoNbecnw = 8757.53
  twoNgbecnw = 301030
         m = 0.0854055
        m2 = 0.0218181
        m4 = 0.000432813
        m5 = 0.189435
        m6 = 0.0396157
        Tb = 16720
        Ta = 45960
        Td = 4185.94
        Te = 8361.95
        Tf = 4180.98
#       SitePat  BranchLen
              b 116585.8551714
              e 43869.8144990
              c 45986.4594254
              n 43241.3528944
              w 43224.7131915
            b:e 1196.0487026
            b:c 1353.7149252
            b:n 1036.9144937
            b:w 1036.1630999
            e:c 11700.1895356
            e:n 4607.2706765
            e:w 4618.8180991
            c:n 4052.1029531
            c:w 4053.2444520
            n:w 12089.0659170
          b:e:c 1263.5994208
          b:e:n 573.2966252
          b:e:w 573.6791212
          b:c:n 576.6269942
          b:c:w 576.2018337
          b:n:w 1291.8001371
          e:c:n 4280.3387073
          e:c:w 4284.2894888
          e:n:w 5663.9511099
          c:n:w 4740.5533510
        b:e:c:n 1126.0732793
        b:e:c:w 1126.8673375
        b:e:n:w 1840.9147217
        b:c:n:w 1604.8895941
        e:c:n:w 45037.4942714
