########################################
# legofit: estimate population history #
#       version 2.3.4-4-g53f8760       #
########################################

# Program was compiled: Sep 21 2021 14:36:42
# Program was run: Mon Oct 25 13:50:48 2021

# cmd: legofit -1 -d 0 -t 56 --ptsPerDim 3 --stateOut b1boot33.state --tol 3e-6 -S 5000 abdef2.lgo ../../chrX/boot_chrX/boot33.opf
# Stage nOptItr nSimReps
#     0    5000        0
# algorithm          : deterministic
# ignoring probs <=  : 0
# Branch length floor: 0
# DE strategy        : 2
#    F               : 0.3
#    CR              : 0.8
#    tolerance       : 3e-06
# nthreads           : 54
# lgo input file     : abdef2.lgo
# site pat input file: ../../chrX/boot_chrX/boot33.opf
# free parameters    : 18
# points in DE swarm : 54
# output state file  : b1boot33.state
# Including singleton site patterns.
# cost function      : KL
Initial parameter values
Fixed:
      zero = 0
       one = 1
    Tbecnw = 75200
Free:
       pc1 = 0
       pc2 = 0
       pc3 = 0
       pc4 = 0
       pc5 = 0
       pc6 = 0
       pc7 = 0
       pc8 = 0
       pc9 = 0
      pc10 = 0
      pc11 = 0
      pc12 = 0
      pc13 = 0
      pc14 = 0
      pc15 = 0
      pc16 = 0
      pc17 = 0
      pc18 = 0
Constrained:
   Tgbecnw = 118577
     Tecnw = 25357.1
       Tnw = 17135.9
       Tec = 8818.57
     twoNb = 2.55853e+06
     twoNe = 7.34536e+06
     twoNc = 1.82324e+07
     twoNw = 1.58844e+06
    twoNec = 79438.9
    twoNnw = 36631.8
  twoNecnw = 63545.2
  twoNbecnw = 13307.2
  twoNgbecnw = 300366
         m = 0.0945259
        m2 = 0.0220118
        m4 = 0.000487792
        m5 = 0.154726
        m6 = 0.013934
        Tb = 17087.8
        Ta = 46143.9
        Td = 4409.29
        Te = 8567.97
        Tf = 4283.99
DiffEv reached_goal. cost=2.21042e-03 spread=2.62635e-06
Fitted parameter values
Free:
       pc1 = -0.962926
       pc2 = 3.71479
       pc3 = 1.9597
       pc4 = -1.53117
       pc5 = -1.80461
       pc6 = -1.58421
       pc7 = -1.09399
       pc8 = -0.311601
       pc9 = 1.99627
      pc10 = 0.0328575
      pc11 = 0.728719
      pc12 = 0.643894
      pc13 = -0.942476
      pc14 = -0.292515
      pc15 = 0.0777159
      pc16 = 0.0342707
      pc17 = 0.0369267
      pc18 = 0.0804658
Constrained:
   Tgbecnw = 101367
     Tecnw = 25229.9
       Tnw = 18518
       Tec = 9278.23
     twoNb = 6.01947e+06
     twoNe = 1.79617e+07
     twoNc = 4.95355e+07
     twoNw = 3.72027e+06
    twoNec = 67906
    twoNnw = 26363.5
  twoNecnw = 61946.5
  twoNbecnw = 8406.66
  twoNgbecnw = 333015
         m = 0.0854396
        m2 = 0.0210167
        m4 = 0.000295592
        m5 = 0.174339
        m6 = 0.0523117
        Tb = 17254.1
        Ta = 46227
        Td = 4639.12
        Te = 9259.02
        Tf = 4629.51
#       SitePat  BranchLen
              b 119544.0601693
              e 44160.3665576
              c 45960.7044350
              n 42968.9692382
              w 42947.5438275
            b:e 1234.1731306
            b:c 1372.7242216
            b:n 1038.1793704
            b:w 1037.1665557
            e:c 11744.4573116
            e:n 4447.0708057
            e:w 4459.9093877
            c:n 3993.8185800
            c:w 3997.1580486
            n:w 12326.5240345
          b:e:c 1315.2031926
          b:e:n 573.3873632
          b:e:w 573.7538203
          b:c:n 576.3215369
          b:c:w 575.8973798
          b:n:w 1346.3572124
          e:c:n 4211.2333735
          e:c:w 4216.4807336
          e:n:w 5717.3748832
          c:n:w 4897.4851401
        b:e:c:n 1128.0164807
        b:e:c:w 1129.0869953
        b:e:n:w 1893.8495595
        b:c:n:w 1685.7761452
        e:c:n:w 48219.5896694
