########################################
# legofit: estimate population history #
#       version 2.3.4-4-g53f8760       #
########################################

# Program was compiled: Sep 21 2021 14:36:42
# Program was run: Mon Oct 25 13:47:44 2021

# cmd: legofit -1 -d 0 -t 56 --ptsPerDim 3 --stateOut b1boot7.state --tol 3e-6 -S 5000 abdef2.lgo ../../chrX/boot_chrX/boot7.opf
# Stage nOptItr nSimReps
#     0    5000        0
# algorithm          : deterministic
# ignoring probs <=  : 0
# Branch length floor: 0
# DE strategy        : 2
#    F               : 0.3
#    CR              : 0.8
#    tolerance       : 3e-06
# nthreads           : 54
# lgo input file     : abdef2.lgo
# site pat input file: ../../chrX/boot_chrX/boot7.opf
# free parameters    : 18
# points in DE swarm : 54
# output state file  : b1boot7.state
# Including singleton site patterns.
# cost function      : KL
Initial parameter values
Fixed:
      zero = 0
       one = 1
    Tbecnw = 75200
Free:
       pc1 = 0
       pc2 = 0
       pc3 = 0
       pc4 = 0
       pc5 = 0
       pc6 = 0
       pc7 = 0
       pc8 = 0
       pc9 = 0
      pc10 = 0
      pc11 = 0
      pc12 = 0
      pc13 = 0
      pc14 = 0
      pc15 = 0
      pc16 = 0
      pc17 = 0
      pc18 = 0
Constrained:
   Tgbecnw = 118577
     Tecnw = 25357.1
       Tnw = 17135.9
       Tec = 8818.57
     twoNb = 2.55853e+06
     twoNe = 7.34536e+06
     twoNc = 1.82324e+07
     twoNw = 1.58844e+06
    twoNec = 79438.9
    twoNnw = 36631.8
  twoNecnw = 63545.2
  twoNbecnw = 13307.2
  twoNgbecnw = 300366
         m = 0.0945259
        m2 = 0.0220118
        m4 = 0.000487792
        m5 = 0.154726
        m6 = 0.013934
        Tb = 17087.8
        Ta = 46143.9
        Td = 4409.29
        Te = 8567.97
        Tf = 4283.99
DiffEv reached_goal. cost=2.30027e-03 spread=1.95751e-06
Fitted parameter values
Free:
       pc1 = -1.07889
       pc2 = 3.79798
       pc3 = 1.9926
       pc4 = -1.17958
       pc5 = -1.87579
       pc6 = -1.98262
       pc7 = -0.812098
       pc8 = -1.8609
       pc9 = 1.9974
      pc10 = 0.076961
      pc11 = 0.212194
      pc12 = -0.088805
      pc13 = -0.368593
      pc14 = 0.0067773
      pc15 = 0.228528
      pc16 = -0.0189622
      pc17 = 0.0745772
      pc18 = -0.0210952
Constrained:
   Tgbecnw = 104829
     Tecnw = 24836
       Tnw = 17841
       Tec = 9068.45
     twoNb = 7.95775e+06
     twoNe = 2.18573e+07
     twoNc = 3.41513e+07
     twoNw = 4.21031e+06
    twoNec = 66975.7
    twoNnw = 30452.5
  twoNecnw = 63749
  twoNbecnw = 9172.15
  twoNgbecnw = 352329
         m = 0.0758906
        m2 = 0.0222555
        m4 = 0.000543596
        m5 = 0.178037
        m6 = 0.045187
        Tb = 16952.2
        Ta = 46076.1
        Td = 4534.22
        Te = 8920.48
        Tf = 4460.24
#       SitePat  BranchLen
              b 117919.9913795
              e 44181.2803764
              c 46051.9197727
              n 43547.8623574
              w 43529.5347396
            b:e 1218.5000310
            b:c 1359.2346913
            b:n 1067.7210531
            b:w 1066.8596315
            e:c 11830.9908437
            e:n 4586.6441326
            e:w 4598.4605374
            c:n 4103.8022671
            c:w 4105.8591397
            n:w 12088.5363558
          b:e:c 1299.4298586
          b:e:n 587.7588556
          b:e:w 588.1318253
          b:c:n 590.8245094
          b:c:w 590.4022531
          b:n:w 1334.3551309
          e:c:n 4321.0128202
          e:c:w 4325.4671606
          e:n:w 5606.4891007
          c:n:w 4788.3727553
        b:e:c:n 1160.3888644
        b:e:c:w 1161.2995726
        b:e:n:w 1905.2364328
        b:c:n:w 1682.0858834
        e:c:n:w 46161.1296722
