########################################
# legofit: estimate population history #
#       version 2.3.4-4-g53f8760       #
########################################

# Program was compiled: Sep 21 2021 14:36:42
# Program was run: Mon Oct 25 13:47:44 2021

# cmd: legofit -1 -d 0 -t 56 --ptsPerDim 3 --stateOut b1boot3.state --tol 3e-6 -S 5000 abdef2.lgo ../../chrX/boot_chrX/boot3.opf
# Stage nOptItr nSimReps
#     0    5000        0
# algorithm          : deterministic
# ignoring probs <=  : 0
# Branch length floor: 0
# DE strategy        : 2
#    F               : 0.3
#    CR              : 0.8
#    tolerance       : 3e-06
# nthreads           : 54
# lgo input file     : abdef2.lgo
# site pat input file: ../../chrX/boot_chrX/boot3.opf
# free parameters    : 18
# points in DE swarm : 54
# output state file  : b1boot3.state
# Including singleton site patterns.
# cost function      : KL
Initial parameter values
Fixed:
      zero = 0
       one = 1
    Tbecnw = 75200
Free:
       pc1 = 0
       pc2 = 0
       pc3 = 0
       pc4 = 0
       pc5 = 0
       pc6 = 0
       pc7 = 0
       pc8 = 0
       pc9 = 0
      pc10 = 0
      pc11 = 0
      pc12 = 0
      pc13 = 0
      pc14 = 0
      pc15 = 0
      pc16 = 0
      pc17 = 0
      pc18 = 0
Constrained:
   Tgbecnw = 118577
     Tecnw = 25357.1
       Tnw = 17135.9
       Tec = 8818.57
     twoNb = 2.55853e+06
     twoNe = 7.34536e+06
     twoNc = 1.82324e+07
     twoNw = 1.58844e+06
    twoNec = 79438.9
    twoNnw = 36631.8
  twoNecnw = 63545.2
  twoNbecnw = 13307.2
  twoNgbecnw = 300366
         m = 0.0945259
        m2 = 0.0220118
        m4 = 0.000487792
        m5 = 0.154726
        m6 = 0.013934
        Tb = 17087.8
        Ta = 46143.9
        Td = 4409.29
        Te = 8567.97
        Tf = 4283.99
DiffEv reached_goal. cost=2.29373e-03 spread=2.87717e-06
Fitted parameter values
Free:
       pc1 = 0.303204
       pc2 = 3.96223
       pc3 = 1.74971
       pc4 = 1.07764
       pc5 = -0.702783
       pc6 = -1.47143
       pc7 = -1.94025
       pc8 = 0.786454
       pc9 = 0.39329
      pc10 = -0.501308
      pc11 = 0.629519
      pc12 = -0.592905
      pc13 = -0.782309
      pc14 = 0.101935
      pc15 = 0.053099
      pc16 = -0.0465932
      pc17 = 0.127508
      pc18 = 0.107603
Constrained:
   Tgbecnw = 100540
     Tecnw = 25680.9
       Tnw = 15992.9
       Tec = 8060.5
     twoNb = 3.78283e+06
     twoNe = 3.26813e+07
     twoNc = 5.08842e+07
     twoNw = 2.94303e+06
    twoNec = 76314.4
    twoNnw = 42376.8
  twoNecnw = 61054.6
  twoNbecnw = 8840.08
  twoNgbecnw = 252213
         m = 0.10732
        m2 = 0.0228168
        m4 = 0.0014418
        m5 = 0.183194
        m6 = 0.0400649
        Tb = 16870.7
        Ta = 46035.3
        Td = 4030.25
        Te = 7996.47
        Tf = 3998.24
#       SitePat  BranchLen
              b 118112.4128127
              e 44221.9852486
              c 46305.4764663
              n 43482.8057737
              w 43458.7657678
            b:e 1209.3591032
            b:c 1370.1771312
            b:n 1032.3344200
            b:w 1031.2760908
            e:c 11637.6294637
            e:n 4577.8973241
            e:w 4594.3795004
            c:n 4036.7454962
            c:w 4038.7262267
            n:w 12079.1992800
          b:e:c 1253.5104671
          b:e:n 570.7010782
          b:e:w 571.2225317
          b:c:n 573.9639715
          b:c:w 573.3846352
          b:n:w 1284.5684224
          e:c:n 4273.2033992
          e:c:w 4278.7804983
          e:n:w 5661.4323449
          c:n:w 4765.4478978
        b:e:c:n 1117.5747411
        b:e:c:w 1118.6909531
        b:e:n:w 1887.4374682
        b:c:n:w 1630.4927218
        e:c:n:w 46363.3026653
