########################################
# legofit: estimate population history #
#       version 2.3.4-4-g53f8760       #
########################################

# Program was compiled: Sep 21 2021 14:36:42
# Program was run: Mon Oct 25 13:50:48 2021

# cmd: legofit -1 -d 0 -t 56 --ptsPerDim 3 --stateOut b1boot35.state --tol 3e-6 -S 5000 abdef2.lgo ../../chrX/boot_chrX/boot35.opf
# Stage nOptItr nSimReps
#     0    5000        0
# algorithm          : deterministic
# ignoring probs <=  : 0
# Branch length floor: 0
# DE strategy        : 2
#    F               : 0.3
#    CR              : 0.8
#    tolerance       : 3e-06
# nthreads           : 54
# lgo input file     : abdef2.lgo
# site pat input file: ../../chrX/boot_chrX/boot35.opf
# free parameters    : 18
# points in DE swarm : 54
# output state file  : b1boot35.state
# Including singleton site patterns.
# cost function      : KL
Initial parameter values
Fixed:
      zero = 0
       one = 1
    Tbecnw = 75200
Free:
       pc1 = 0
       pc2 = 0
       pc3 = 0
       pc4 = 0
       pc5 = 0
       pc6 = 0
       pc7 = 0
       pc8 = 0
       pc9 = 0
      pc10 = 0
      pc11 = 0
      pc12 = 0
      pc13 = 0
      pc14 = 0
      pc15 = 0
      pc16 = 0
      pc17 = 0
      pc18 = 0
Constrained:
   Tgbecnw = 118577
     Tecnw = 25357.1
       Tnw = 17135.9
       Tec = 8818.57
     twoNb = 2.55853e+06
     twoNe = 7.34536e+06
     twoNc = 1.82324e+07
     twoNw = 1.58844e+06
    twoNec = 79438.9
    twoNnw = 36631.8
  twoNecnw = 63545.2
  twoNbecnw = 13307.2
  twoNgbecnw = 300366
         m = 0.0945259
        m2 = 0.0220118
        m4 = 0.000487792
        m5 = 0.154726
        m6 = 0.013934
        Tb = 17087.8
        Ta = 46143.9
        Td = 4409.29
        Te = 8567.97
        Tf = 4283.99
DiffEv reached_goal. cost=2.29895e-03 spread=2.72677e-06
Fitted parameter values
Free:
       pc1 = -0.02712
       pc2 = 3.82897
       pc3 = 1.98617
       pc4 = 0.215013
       pc5 = -1.09341
       pc6 = -1.88858
       pc7 = -0.756392
       pc8 = 0.560395
       pc9 = 1.88222
      pc10 = -0.521681
      pc11 = 0.83987
      pc12 = 0.246091
      pc13 = 0.0219093
      pc14 = -0.0778981
      pc15 = -0.163235
      pc16 = -0.13668
      pc17 = 0.188354
      pc18 = 0.126314
Constrained:
   Tgbecnw = 99498.3
     Tecnw = 25257.8
       Tnw = 16416.3
       Tec = 8221.9
     twoNb = 5.5213e+06
     twoNe = 1.82827e+07
     twoNc = 6.17151e+07
     twoNw = 3.52492e+06
    twoNec = 78003.2
    twoNnw = 39262.9
  twoNecnw = 62798.4
  twoNbecnw = 8086.03
  twoNgbecnw = 290755
         m = 0.0993819
        m2 = 0.0208797
        m4 = 0.000775834
        m5 = 0.18031
        m6 = 0.0397503
        Tb = 16739.8
        Ta = 45969.9
        Td = 4110.95
        Te = 8208.13
        Tf = 4104.06
#       SitePat  BranchLen
              b 119291.5883370
              e 44399.6737798
              c 46379.8702408
              n 43521.2664156
              w 43501.0639838
            b:e 1202.4120757
            b:c 1349.3123930
            b:n 1033.1545312
            b:w 1032.2550501
            e:c 11440.2663161
            e:n 4619.7541562
            e:w 4633.5501423
            c:n 4099.2942733
            c:w 4100.9734545
            n:w 11968.5826421
          b:e:c 1243.6094767
          b:e:n 578.4170448
          b:e:w 578.8566674
          b:c:n 581.6180738
          b:c:w 581.1261117
          b:n:w 1272.8414844
          e:c:n 4238.3219972
          e:c:w 4243.0492618
          e:n:w 5596.7646261
          c:n:w 4750.1401282
        b:e:c:n 1124.6577168
        b:e:c:w 1125.6095373
        b:e:n:w 1873.0360984
        b:c:n:w 1640.1298795
        e:c:n:w 47610.6457655
