########################################
# legofit: estimate population history #
#       version 2.3.4-4-g53f8760       #
########################################

# Program was compiled: Sep 21 2021 14:36:42
# Program was run: Mon Oct 25 13:47:44 2021

# cmd: legofit -1 -d 0 -t 56 --ptsPerDim 3 --stateOut b1boot23.state --tol 3e-6 -S 5000 abdef2.lgo ../../chrX/boot_chrX/boot23.opf
# Stage nOptItr nSimReps
#     0    5000        0
# algorithm          : deterministic
# ignoring probs <=  : 0
# Branch length floor: 0
# DE strategy        : 2
#    F               : 0.3
#    CR              : 0.8
#    tolerance       : 3e-06
# nthreads           : 54
# lgo input file     : abdef2.lgo
# site pat input file: ../../chrX/boot_chrX/boot23.opf
# free parameters    : 18
# points in DE swarm : 54
# output state file  : b1boot23.state
# Including singleton site patterns.
# cost function      : KL
Initial parameter values
Fixed:
      zero = 0
       one = 1
    Tbecnw = 75200
Free:
       pc1 = 0
       pc2 = 0
       pc3 = 0
       pc4 = 0
       pc5 = 0
       pc6 = 0
       pc7 = 0
       pc8 = 0
       pc9 = 0
      pc10 = 0
      pc11 = 0
      pc12 = 0
      pc13 = 0
      pc14 = 0
      pc15 = 0
      pc16 = 0
      pc17 = 0
      pc18 = 0
Constrained:
   Tgbecnw = 118577
     Tecnw = 25357.1
       Tnw = 17135.9
       Tec = 8818.57
     twoNb = 2.55853e+06
     twoNe = 7.34536e+06
     twoNc = 1.82324e+07
     twoNw = 1.58844e+06
    twoNec = 79438.9
    twoNnw = 36631.8
  twoNecnw = 63545.2
  twoNbecnw = 13307.2
  twoNgbecnw = 300366
         m = 0.0945259
        m2 = 0.0220118
        m4 = 0.000487792
        m5 = 0.154726
        m6 = 0.013934
        Tb = 17087.8
        Ta = 46143.9
        Td = 4409.29
        Te = 8567.97
        Tf = 4283.99
DiffEv reached_goal. cost=2.21501e-03 spread=2.83156e-06
Fitted parameter values
Free:
       pc1 = 0.662692
       pc2 = 3.62921
       pc3 = 1.87062
       pc4 = 0.872556
       pc5 = -1.95761
       pc6 = -1.62543
       pc7 = -1.99357
       pc8 = 1.11664
       pc9 = 1.65231
      pc10 = -1.09937
      pc11 = 0.790671
      pc12 = -0.235205
      pc13 = -0.521785
      pc14 = 0.218885
      pc15 = 0.150392
      pc16 = 0.0634153
      pc17 = 0.118693
      pc18 = 0.101958
Constrained:
   Tgbecnw = 99350.8
     Tecnw = 25421.4
       Tnw = 15798.1
       Tec = 7909.4
     twoNb = 2.55556e+06
     twoNe = 2.38897e+07
     twoNc = 7.14403e+07
     twoNw = 3.34408e+06
    twoNec = 75529.5
    twoNnw = 41715.9
  twoNecnw = 61045.7
  twoNbecnw = 8269.09
  twoNgbecnw = 279926
         m = 0.0946416
        m2 = 0.0211483
        m4 = 0.00218458
        m5 = 0.183732
        m6 = 0.0449327
        Tb = 16665.4
        Ta = 45932.7
        Td = 3954.7
        Te = 7899.07
        Tf = 3949.53
#       SitePat  BranchLen
              b 117450.4683667
              e 43916.0279948
              c 45971.6675470
              n 43170.1547999
              w 43148.6567613
            b:e 1226.3677206
            b:c 1391.2469447
            b:n 1053.9918407
            b:w 1053.0212362
            e:c 11638.6772700
            e:n 4584.2975605
            e:w 4598.4494796
            c:n 4053.4604209
            c:w 4055.7777626
            n:w 12101.1483687
          b:e:c 1283.2923788
          b:e:n 583.8895535
          b:e:w 584.3245652
          b:c:n 587.3398917
          b:c:w 586.8495923
          b:n:w 1308.9695575
          e:c:n 4287.1219101
          e:c:w 4292.1506880
          e:n:w 5671.3816134
          c:n:w 4784.7033623
        b:e:c:n 1144.9409901
        b:e:c:w 1145.9668822
        b:e:n:w 1891.7959712
        b:c:n:w 1625.4888933
        e:c:n:w 46069.2699846
