########################################
# legofit: estimate population history #
#       version 2.3.4-4-g53f8760       #
########################################

# Program was compiled: Sep 21 2021 14:36:42
# Program was run: Mon Oct 25 13:53:52 2021

# cmd: legofit -1 -d 0 -t 56 --ptsPerDim 3 --stateOut b1boot46.state --tol 3e-6 -S 5000 abdef2.lgo ../../chrX/boot_chrX/boot46.opf
# Stage nOptItr nSimReps
#     0    5000        0
# algorithm          : deterministic
# ignoring probs <=  : 0
# Branch length floor: 0
# DE strategy        : 2
#    F               : 0.3
#    CR              : 0.8
#    tolerance       : 3e-06
# nthreads           : 54
# lgo input file     : abdef2.lgo
# site pat input file: ../../chrX/boot_chrX/boot46.opf
# free parameters    : 18
# points in DE swarm : 54
# output state file  : b1boot46.state
# Including singleton site patterns.
# cost function      : KL
Initial parameter values
Fixed:
      zero = 0
       one = 1
    Tbecnw = 75200
Free:
       pc1 = 0
       pc2 = 0
       pc3 = 0
       pc4 = 0
       pc5 = 0
       pc6 = 0
       pc7 = 0
       pc8 = 0
       pc9 = 0
      pc10 = 0
      pc11 = 0
      pc12 = 0
      pc13 = 0
      pc14 = 0
      pc15 = 0
      pc16 = 0
      pc17 = 0
      pc18 = 0
Constrained:
   Tgbecnw = 118577
     Tecnw = 25357.1
       Tnw = 17135.9
       Tec = 8818.57
     twoNb = 2.55853e+06
     twoNe = 7.34536e+06
     twoNc = 1.82324e+07
     twoNw = 1.58844e+06
    twoNec = 79438.9
    twoNnw = 36631.8
  twoNecnw = 63545.2
  twoNbecnw = 13307.2
  twoNgbecnw = 300366
         m = 0.0945259
        m2 = 0.0220118
        m4 = 0.000487792
        m5 = 0.154726
        m6 = 0.013934
        Tb = 17087.8
        Ta = 46143.9
        Td = 4409.29
        Te = 8567.97
        Tf = 4283.99
DiffEv reached_goal. cost=2.17346e-03 spread=2.46923e-06
Fitted parameter values
Free:
       pc1 = -0.21728
       pc2 = 3.77822
       pc3 = 1.99912
       pc4 = -0.760019
       pc5 = -1.6839
       pc6 = -1.45643
       pc7 = -1.7809
       pc8 = -0.346459
       pc9 = 1.87884
      pc10 = -1.48311
      pc11 = 1.91893
      pc12 = 0.797645
      pc13 = 0.256341
      pc14 = -0.0586323
      pc15 = 0.0526175
      pc16 = -0.0116053
      pc17 = 0.10688
      pc18 = 0.0894284
Constrained:
   Tgbecnw = 101542
     Tecnw = 25101.6
       Tnw = 17272.1
       Tec = 8768.18
     twoNb = 1.69661e+06
     twoNe = 2.1107e+07
     twoNc = 6.9651e+07
     twoNw = 4.49912e+06
    twoNec = 72891.7
    twoNnw = 33846.1
  twoNecnw = 62341
  twoNbecnw = 8602.78
  twoNgbecnw = 305054
         m = 0.0886532
        m2 = 0.0207857
        m4 = 0.00025083
        m5 = 0.182249
        m6 = 0.0410755
        Tb = 16934.9
        Ta = 46067.4
        Td = 4384.09
        Te = 8636.05
        Tf = 4318.02
#       SitePat  BranchLen
              b 117889.3616411
              e 44130.2888619
              c 46093.7899645
              n 43307.3017135
              w 43290.7680560
            b:e 1218.7017716
            b:c 1368.0968304
            b:n 1036.7936502
            b:w 1036.0385998
            e:c 11518.8849235
            e:n 4593.2463551
            e:w 4604.4123148
            c:n 4079.2406656
            c:w 4080.6444422
            n:w 12010.4332198
          b:e:c 1263.1801430
          b:e:n 577.4729866
          b:e:w 577.8357078
          b:c:n 580.6553905
          b:c:w 580.2493910
          b:n:w 1287.0295543
          e:c:n 4264.0594713
          e:c:w 4268.0233924
          e:n:w 5654.5153164
          c:n:w 4790.8066584
        b:e:c:n 1127.1922119
        b:e:c:w 1127.9905405
        b:e:n:w 1834.0669896
        b:c:n:w 1617.0569368
        e:c:n:w 46361.8514988
