########################################
# legofit: estimate population history #
#       version 2.3.4-4-g53f8760       #
########################################

# Program was compiled: Sep 21 2021 14:36:42
# Program was run: Mon Oct 25 13:47:44 2021

# cmd: legofit -1 -d 0 -t 56 --ptsPerDim 3 --stateOut b1boot10.state --tol 3e-6 -S 5000 abdef2.lgo ../../chrX/boot_chrX/boot10.opf
# Stage nOptItr nSimReps
#     0    5000        0
# algorithm          : deterministic
# ignoring probs <=  : 0
# Branch length floor: 0
# DE strategy        : 2
#    F               : 0.3
#    CR              : 0.8
#    tolerance       : 3e-06
# nthreads           : 54
# lgo input file     : abdef2.lgo
# site pat input file: ../../chrX/boot_chrX/boot10.opf
# free parameters    : 18
# points in DE swarm : 54
# output state file  : b1boot10.state
# Including singleton site patterns.
# cost function      : KL
Initial parameter values
Fixed:
      zero = 0
       one = 1
    Tbecnw = 75200
Free:
       pc1 = 0
       pc2 = 0
       pc3 = 0
       pc4 = 0
       pc5 = 0
       pc6 = 0
       pc7 = 0
       pc8 = 0
       pc9 = 0
      pc10 = 0
      pc11 = 0
      pc12 = 0
      pc13 = 0
      pc14 = 0
      pc15 = 0
      pc16 = 0
      pc17 = 0
      pc18 = 0
Constrained:
   Tgbecnw = 118577
     Tecnw = 25357.1
       Tnw = 17135.9
       Tec = 8818.57
     twoNb = 2.55853e+06
     twoNe = 7.34536e+06
     twoNc = 1.82324e+07
     twoNw = 1.58844e+06
    twoNec = 79438.9
    twoNnw = 36631.8
  twoNecnw = 63545.2
  twoNbecnw = 13307.2
  twoNgbecnw = 300366
         m = 0.0945259
        m2 = 0.0220118
        m4 = 0.000487792
        m5 = 0.154726
        m6 = 0.013934
        Tb = 17087.8
        Ta = 46143.9
        Td = 4409.29
        Te = 8567.97
        Tf = 4283.99
DiffEv reached_goal. cost=2.11255e-03 spread=2.52582e-06
Fitted parameter values
Free:
       pc1 = 1.81463
       pc2 = 2.35125
       pc3 = 1.96343
       pc4 = 1.33534
       pc5 = -0.246726
       pc6 = -1.7969
       pc7 = -1.7652
       pc8 = 0.431958
       pc9 = 1.2846
      pc10 = -1.05282
      pc11 = 1.4496
      pc12 = 0.368999
      pc13 = -0.286609
      pc14 = 0.277434
      pc15 = 0.0154129
      pc16 = 0.0465567
      pc17 = 0.119864
      pc18 = -0.0421648
Constrained:
   Tgbecnw = 102387
     Tecnw = 25361.1
       Tnw = 14630.1
       Tec = 7318.2
     twoNb = 1.54109e+06
     twoNe = 2.90412e+07
     twoNc = 6.32731e+07
     twoNw = 3.21475e+06
    twoNec = 83796.6
    twoNnw = 49750.1
  twoNecnw = 59663.1
  twoNbecnw = 9267.96
  twoNgbecnw = 283693
         m = 0.0924448
        m2 = 0.0209799
        m4 = 0.00104637
        m5 = 0.164084
        m6 = 0.023685
        Tb = 16339.6
        Ta = 45769.8
        Td = 3659.1
        Te = 7315.07
        Tf = 3657.54
#       SitePat  BranchLen
              b 118175.5517829
              e 43935.0490922
              c 45882.5445644
              n 43309.4067928
              w 43292.5421807
            b:e 1260.3701207
            b:c 1415.2944583
            b:n 1083.8968002
            b:w 1083.1334188
            e:c 11621.0140311
            e:n 4607.0573735
            e:w 4620.1079044
            c:n 4090.6565469
            c:w 4090.5784990
            n:w 12033.3071225
          b:e:c 1295.0972767
          b:e:n 598.5186294
          b:e:w 599.0030178
          b:c:n 601.7657965
          b:c:w 601.2399172
          b:n:w 1317.7172040
          e:c:n 4393.7128170
          e:c:w 4397.6049460
          e:n:w 5647.9947616
          c:n:w 4817.8733233
        b:e:c:n 1172.8095173
        b:e:c:w 1173.6143896
        b:e:n:w 1879.0895810
        b:c:n:w 1647.2373420
        e:c:n:w 46703.2959566
