########################################
# legofit: estimate population history #
#       version 2.3.4-4-g53f8760       #
########################################

# Program was compiled: Sep 21 2021 14:36:42
# Program was run: Mon Oct 25 13:50:48 2021

# cmd: legofit -1 -d 0 -t 56 --ptsPerDim 3 --stateOut b1boot28.state --tol 3e-6 -S 5000 abdef2.lgo ../../chrX/boot_chrX/boot28.opf
# Stage nOptItr nSimReps
#     0    5000        0
# algorithm          : deterministic
# ignoring probs <=  : 0
# Branch length floor: 0
# DE strategy        : 2
#    F               : 0.3
#    CR              : 0.8
#    tolerance       : 3e-06
# nthreads           : 54
# lgo input file     : abdef2.lgo
# site pat input file: ../../chrX/boot_chrX/boot28.opf
# free parameters    : 18
# points in DE swarm : 54
# output state file  : b1boot28.state
# Including singleton site patterns.
# cost function      : KL
Initial parameter values
Fixed:
      zero = 0
       one = 1
    Tbecnw = 75200
Free:
       pc1 = 0
       pc2 = 0
       pc3 = 0
       pc4 = 0
       pc5 = 0
       pc6 = 0
       pc7 = 0
       pc8 = 0
       pc9 = 0
      pc10 = 0
      pc11 = 0
      pc12 = 0
      pc13 = 0
      pc14 = 0
      pc15 = 0
      pc16 = 0
      pc17 = 0
      pc18 = 0
Constrained:
   Tgbecnw = 118577
     Tecnw = 25357.1
       Tnw = 17135.9
       Tec = 8818.57
     twoNb = 2.55853e+06
     twoNe = 7.34536e+06
     twoNc = 1.82324e+07
     twoNw = 1.58844e+06
    twoNec = 79438.9
    twoNnw = 36631.8
  twoNecnw = 63545.2
  twoNbecnw = 13307.2
  twoNgbecnw = 300366
         m = 0.0945259
        m2 = 0.0220118
        m4 = 0.000487792
        m5 = 0.154726
        m6 = 0.013934
        Tb = 17087.8
        Ta = 46143.9
        Td = 4409.29
        Te = 8567.97
        Tf = 4283.99
DiffEv reached_goal. cost=2.18444e-03 spread=2.99479e-06
Fitted parameter values
Free:
       pc1 = -0.453786
       pc2 = 3.88143
       pc3 = 1.87631
       pc4 = -0.320058
       pc5 = -1.98839
       pc6 = -1.9177
       pc7 = -1.86766
       pc8 = 0.328395
       pc9 = 1.77519
      pc10 = -0.724626
      pc11 = 0.718411
      pc12 = -0.103168
      pc13 = -0.696906
      pc14 = 0.300107
      pc15 = 0.0124708
      pc16 = -0.0425066
      pc17 = 0.0503864
      pc18 = 0.17187
Constrained:
   Tgbecnw = 100688
     Tecnw = 25156
       Tnw = 17276.7
       Tec = 8696.55
     twoNb = 4.43002e+06
     twoNe = 2.56005e+07
     twoNc = 5.66632e+07
     twoNw = 3.70905e+06
    twoNec = 71852
    twoNnw = 32413.4
  twoNecnw = 61580.1
  twoNbecnw = 8425.77
  twoNgbecnw = 295470
         m = 0.0911758
        m2 = 0.0210749
        m4 = 0.00154011
        m5 = 0.185096
        m6 = 0.0505254
        Tb = 16926.3
        Ta = 46063.1
        Td = 4348.28
        Te = 8638.35
        Tf = 4319.17
#       SitePat  BranchLen
              b 117748.2477379
              e 43972.0711825
              c 45973.1743991
              n 42879.7485434
              w 42858.5452993
            b:e 1196.3962954
            b:c 1350.0671664
            b:n 1012.2012477
            b:w 1011.2443984
            e:c 11499.3687447
            e:n 4545.2684964
            e:w 4558.5634170
            c:n 4037.3649312
            c:w 4040.1733683
            n:w 12135.9132449
          b:e:c 1251.5766167
          b:e:n 564.2038052
          b:e:w 564.5894709
          b:c:n 567.3321440
          b:c:w 566.8931902
          b:n:w 1278.9099246
          e:c:n 4213.9250375
          e:c:w 4219.0249239
          e:n:w 5723.7032696
          c:n:w 4837.4335280
        b:e:c:n 1097.9036871
        b:e:c:w 1098.9138246
        b:e:n:w 1859.2438815
        b:c:n:w 1611.6010561
        e:c:n:w 46414.5719535
