########################################
# legofit: estimate population history #
#       version 2.3.4-4-g53f8760       #
########################################

# Program was compiled: Sep 21 2021 14:36:42
# Program was run: Mon Oct 25 13:50:48 2021

# cmd: legofit -1 -d 0 -t 56 --ptsPerDim 3 --stateOut b1boot30.state --tol 3e-6 -S 5000 abdef2.lgo ../../chrX/boot_chrX/boot30.opf
# Stage nOptItr nSimReps
#     0    5000        0
# algorithm          : deterministic
# ignoring probs <=  : 0
# Branch length floor: 0
# DE strategy        : 2
#    F               : 0.3
#    CR              : 0.8
#    tolerance       : 3e-06
# nthreads           : 54
# lgo input file     : abdef2.lgo
# site pat input file: ../../chrX/boot_chrX/boot30.opf
# free parameters    : 18
# points in DE swarm : 54
# output state file  : b1boot30.state
# Including singleton site patterns.
# cost function      : KL
Initial parameter values
Fixed:
      zero = 0
       one = 1
    Tbecnw = 75200
Free:
       pc1 = 0
       pc2 = 0
       pc3 = 0
       pc4 = 0
       pc5 = 0
       pc6 = 0
       pc7 = 0
       pc8 = 0
       pc9 = 0
      pc10 = 0
      pc11 = 0
      pc12 = 0
      pc13 = 0
      pc14 = 0
      pc15 = 0
      pc16 = 0
      pc17 = 0
      pc18 = 0
Constrained:
   Tgbecnw = 118577
     Tecnw = 25357.1
       Tnw = 17135.9
       Tec = 8818.57
     twoNb = 2.55853e+06
     twoNe = 7.34536e+06
     twoNc = 1.82324e+07
     twoNw = 1.58844e+06
    twoNec = 79438.9
    twoNnw = 36631.8
  twoNecnw = 63545.2
  twoNbecnw = 13307.2
  twoNgbecnw = 300366
         m = 0.0945259
        m2 = 0.0220118
        m4 = 0.000487792
        m5 = 0.154726
        m6 = 0.013934
        Tb = 17087.8
        Ta = 46143.9
        Td = 4409.29
        Te = 8567.97
        Tf = 4283.99
DiffEv reached_goal. cost=2.25378e-03 spread=1.78594e-06
Fitted parameter values
Free:
       pc1 = 0.944191
       pc2 = 3.97453
       pc3 = 1.99294
       pc4 = -0.862221
       pc5 = -1.6355
       pc6 = -1.90507
       pc7 = -0.547863
       pc8 = -0.455142
       pc9 = 1.9663
      pc10 = 0.371482
      pc11 = 1.13074
      pc12 = 0.190345
      pc13 = -0.934718
      pc14 = -0.0338197
      pc15 = -0.00207189
      pc16 = 0.172456
      pc17 = 0.0776613
      pc18 = 0.0977103
Constrained:
   Tgbecnw = 101036
     Tecnw = 25429.9
       Tnw = 16393.5
       Tec = 8260.15
     twoNb = 6.7577e+06
     twoNe = 1.48554e+07
     twoNc = 4.82954e+07
     twoNw = 3.74887e+06
    twoNec = 73517.5
    twoNnw = 38438
  twoNecnw = 59129.1
  twoNbecnw = 8105.72
  twoNgbecnw = 346564
         m = 0.0785732
        m2 = 0.0215023
        m4 = 0.000306848
        m5 = 0.179787
        m6 = 0.0450284
        Tb = 16845
        Ta = 46022.5
        Td = 4130.07
        Te = 8196.76
        Tf = 4098.38
#       SitePat  BranchLen
              b 117977.2132714
              e 43550.2014442
              c 45445.4355503
              n 42735.1582304
              w 42716.0788511
            b:e 1152.3560704
            b:c 1288.4439624
            b:n 994.0425474
            b:w 993.2096865
            e:c 11526.5286889
            e:n 4463.6084670
            e:w 4476.0303372
            c:n 3970.5724817
            c:w 3972.7263479
            n:w 11944.2210257
          b:e:c 1217.5373210
          b:e:n 547.5580546
          b:e:w 547.9239170
          b:c:n 550.3777460
          b:c:w 549.9668530
          b:n:w 1250.3605803
          e:c:n 4228.1072596
          e:c:w 4232.6109025
          e:n:w 5571.1356158
          c:n:w 4743.0167124
        b:e:c:n 1075.4606776
        b:e:c:w 1076.3385692
        b:e:n:w 1803.5038039
        b:c:n:w 1591.7780368
        e:c:n:w 47147.1700833
