########################################
# legofit: estimate population history #
#       version 2.3.4-4-g53f8760       #
########################################

# Program was compiled: Sep 21 2021 14:36:42
# Program was run: Mon Oct 25 13:47:44 2021

# cmd: legofit -1 -d 0 -t 56 --ptsPerDim 3 --stateOut b1boot9.state --tol 3e-6 -S 5000 abdef2.lgo ../../chrX/boot_chrX/boot9.opf
# Stage nOptItr nSimReps
#     0    5000        0
# algorithm          : deterministic
# ignoring probs <=  : 0
# Branch length floor: 0
# DE strategy        : 2
#    F               : 0.3
#    CR              : 0.8
#    tolerance       : 3e-06
# nthreads           : 54
# lgo input file     : abdef2.lgo
# site pat input file: ../../chrX/boot_chrX/boot9.opf
# free parameters    : 18
# points in DE swarm : 54
# output state file  : b1boot9.state
# Including singleton site patterns.
# cost function      : KL
Initial parameter values
Fixed:
      zero = 0
       one = 1
    Tbecnw = 75200
Free:
       pc1 = 0
       pc2 = 0
       pc3 = 0
       pc4 = 0
       pc5 = 0
       pc6 = 0
       pc7 = 0
       pc8 = 0
       pc9 = 0
      pc10 = 0
      pc11 = 0
      pc12 = 0
      pc13 = 0
      pc14 = 0
      pc15 = 0
      pc16 = 0
      pc17 = 0
      pc18 = 0
Constrained:
   Tgbecnw = 118577
     Tecnw = 25357.1
       Tnw = 17135.9
       Tec = 8818.57
     twoNb = 2.55853e+06
     twoNe = 7.34536e+06
     twoNc = 1.82324e+07
     twoNw = 1.58844e+06
    twoNec = 79438.9
    twoNnw = 36631.8
  twoNecnw = 63545.2
  twoNbecnw = 13307.2
  twoNgbecnw = 300366
         m = 0.0945259
        m2 = 0.0220118
        m4 = 0.000487792
        m5 = 0.154726
        m6 = 0.013934
        Tb = 17087.8
        Ta = 46143.9
        Td = 4409.29
        Te = 8567.97
        Tf = 4283.99
DiffEv reached_goal. cost=2.25601e-03 spread=2.80494e-06
Fitted parameter values
Free:
       pc1 = 1.08527
       pc2 = 3.89873
       pc3 = 1.96999
       pc4 = -0.314975
       pc5 = -1.38433
       pc6 = -1.97751
       pc7 = -1.42396
       pc8 = 0.649911
       pc9 = 1.93371
      pc10 = 0.261616
      pc11 = 1.08243
      pc12 = 0.989097
      pc13 = -0.346957
      pc14 = -0.126236
      pc15 = 0.10912
      pc16 = 0.0193816
      pc17 = 0.100089
      pc18 = 0.0811648
Constrained:
   Tgbecnw = 99663.6
     Tecnw = 25690
       Tnw = 15803.5
       Tec = 7941.46
     twoNb = 4.86172e+06
     twoNe = 2.17285e+07
     twoNc = 6.66438e+07
     twoNw = 3.40269e+06
    twoNec = 75799
    twoNnw = 41709.2
  twoNecnw = 60374.5
  twoNbecnw = 7948.73
  twoNgbecnw = 320137
         m = 0.0844037
        m2 = 0.0200495
        m4 = 0.000264766
        m5 = 0.178181
        m6 = 0.0502105
        Tb = 16815.7
        Ta = 46007.9
        Td = 3970.73
        Te = 7901.75
        Tf = 3950.87
#       SitePat  BranchLen
              b 117691.6905312
              e 43886.8374518
              c 45718.3719682
              n 43032.7050285
              w 43011.4793742
            b:e 1186.8240783
            b:c 1319.7392275
            b:n 1025.4593758
            b:w 1024.5236913
            e:c 11645.4947116
            e:n 4485.8307831
            e:w 4499.0472909
            c:n 4002.0468908
            c:w 4005.1308494
            n:w 12118.6247256
          b:e:c 1259.5379746
          b:e:n 565.6914882
          b:e:w 566.0557016
          b:c:n 568.5653418
          b:c:w 568.1482637
          b:n:w 1287.6978177
          e:c:n 4225.9977983
          e:c:w 4230.9229864
          e:n:w 5550.7180423
          c:n:w 4756.8784593
        b:e:c:n 1113.4166225
        b:e:c:w 1114.4051717
        b:e:n:w 1795.0240301
        b:c:n:w 1597.1478459
        e:c:n:w 46558.1231527
