########################################
# legofit: estimate population history #
#       version 2.3.4-4-g53f8760       #
########################################

# Program was compiled: Sep 21 2021 14:36:42
# Program was run: Mon Oct 25 13:47:44 2021

# cmd: legofit -1 -d 0 -t 56 --ptsPerDim 3 --stateOut b1boot22.state --tol 3e-6 -S 5000 abdef2.lgo ../../chrX/boot_chrX/boot22.opf
# Stage nOptItr nSimReps
#     0    5000        0
# algorithm          : deterministic
# ignoring probs <=  : 0
# Branch length floor: 0
# DE strategy        : 2
#    F               : 0.3
#    CR              : 0.8
#    tolerance       : 3e-06
# nthreads           : 54
# lgo input file     : abdef2.lgo
# site pat input file: ../../chrX/boot_chrX/boot22.opf
# free parameters    : 18
# points in DE swarm : 54
# output state file  : b1boot22.state
# Including singleton site patterns.
# cost function      : KL
Initial parameter values
Fixed:
      zero = 0
       one = 1
    Tbecnw = 75200
Free:
       pc1 = 0
       pc2 = 0
       pc3 = 0
       pc4 = 0
       pc5 = 0
       pc6 = 0
       pc7 = 0
       pc8 = 0
       pc9 = 0
      pc10 = 0
      pc11 = 0
      pc12 = 0
      pc13 = 0
      pc14 = 0
      pc15 = 0
      pc16 = 0
      pc17 = 0
      pc18 = 0
Constrained:
   Tgbecnw = 118577
     Tecnw = 25357.1
       Tnw = 17135.9
       Tec = 8818.57
     twoNb = 2.55853e+06
     twoNe = 7.34536e+06
     twoNc = 1.82324e+07
     twoNw = 1.58844e+06
    twoNec = 79438.9
    twoNnw = 36631.8
  twoNecnw = 63545.2
  twoNbecnw = 13307.2
  twoNgbecnw = 300366
         m = 0.0945259
        m2 = 0.0220118
        m4 = 0.000487792
        m5 = 0.154726
        m6 = 0.013934
        Tb = 17087.8
        Ta = 46143.9
        Td = 4409.29
        Te = 8567.97
        Tf = 4283.99
DiffEv reached_goal. cost=2.25359e-03 spread=1.87192e-06
Fitted parameter values
Free:
       pc1 = 0.120403
       pc2 = 1.99593
       pc3 = 1.9498
       pc4 = 0.267301
       pc5 = -1.97244
       pc6 = -1.82247
       pc7 = -1.76513
       pc8 = 1.13299
       pc9 = 1.74889
      pc10 = -1.50703
      pc11 = 1.1326
      pc12 = 0.489098
      pc13 = -0.463325
      pc14 = -0.016559
      pc15 = 0.129112
      pc16 = 0.0208905
      pc17 = 0.0446522
      pc18 = 0.154042
Constrained:
   Tgbecnw = 100573
     Tecnw = 25139.6
       Tnw = 16685.1
       Tec = 8379.18
     twoNb = 616295
     twoNe = 1.92116e+07
     twoNc = 5.67112e+07
     twoNw = 3.28297e+06
    twoNec = 76304.9
    twoNnw = 35028.5
  twoNecnw = 61794.1
  twoNbecnw = 8456.2
  twoNgbecnw = 293634
         m = 0.0907456
        m2 = 0.0195352
        m4 = 0.001942
        m5 = 0.167712
        m6 = 0.036713
        Tb = 16759.4
        Ta = 45979.7
        Td = 4189.59
        Te = 8342.56
        Tf = 4171.28
#       SitePat  BranchLen
              b 117438.3044671
              e 44040.1371363
              c 45990.6673157
              n 42985.0082186
              w 42965.0054385
            b:e 1267.5157310
            b:c 1441.1760145
            b:n 1030.2285097
            b:w 1029.3219669
            e:c 11599.0247408
            e:n 4523.5892982
            e:w 4537.2600875
            c:n 4021.5481028
            c:w 4023.1434778
            n:w 12311.9065777
          b:e:c 1290.3756457
          b:e:n 572.7962661
          b:e:w 573.2415641
          b:c:n 576.5156940
          b:c:w 576.0166410
          b:n:w 1299.6166111
          e:c:n 4228.0064144
          e:c:w 4232.7430302
          e:n:w 5722.3917803
          c:n:w 4848.5669598
        b:e:c:n 1122.7445825
        b:e:c:w 1123.7048804
        b:e:n:w 1831.3146484
        b:c:n:w 1590.6122722
        e:c:n:w 46098.6398355
