########################################
# legofit: estimate population history #
#       version 2.3.4-4-g53f8760       #
########################################

# Program was compiled: Sep 21 2021 14:36:42
# Program was run: Mon Oct 25 13:53:54 2021

# cmd: legofit -1 -d 0 -t 56 --ptsPerDim 3 --stateOut b1boot40.state --tol 3e-6 -S 5000 abdef2.lgo ../../chrX/boot_chrX/boot40.opf
# Stage nOptItr nSimReps
#     0    5000        0
# algorithm          : deterministic
# ignoring probs <=  : 0
# Branch length floor: 0
# DE strategy        : 2
#    F               : 0.3
#    CR              : 0.8
#    tolerance       : 3e-06
# nthreads           : 54
# lgo input file     : abdef2.lgo
# site pat input file: ../../chrX/boot_chrX/boot40.opf
# free parameters    : 18
# points in DE swarm : 54
# output state file  : b1boot40.state
# Including singleton site patterns.
# cost function      : KL
Initial parameter values
Fixed:
      zero = 0
       one = 1
    Tbecnw = 75200
Free:
       pc1 = 0
       pc2 = 0
       pc3 = 0
       pc4 = 0
       pc5 = 0
       pc6 = 0
       pc7 = 0
       pc8 = 0
       pc9 = 0
      pc10 = 0
      pc11 = 0
      pc12 = 0
      pc13 = 0
      pc14 = 0
      pc15 = 0
      pc16 = 0
      pc17 = 0
      pc18 = 0
Constrained:
   Tgbecnw = 118577
     Tecnw = 25357.1
       Tnw = 17135.9
       Tec = 8818.57
     twoNb = 2.55853e+06
     twoNe = 7.34536e+06
     twoNc = 1.82324e+07
     twoNw = 1.58844e+06
    twoNec = 79438.9
    twoNnw = 36631.8
  twoNecnw = 63545.2
  twoNbecnw = 13307.2
  twoNgbecnw = 300366
         m = 0.0945259
        m2 = 0.0220118
        m4 = 0.000487792
        m5 = 0.154726
        m6 = 0.013934
        Tb = 17087.8
        Ta = 46143.9
        Td = 4409.29
        Te = 8567.97
        Tf = 4283.99
DiffEv reached_goal. cost=2.12877e-03 spread=2.02772e-06
Fitted parameter values
Free:
       pc1 = -1.3421
       pc2 = 3.94583
       pc3 = 1.90563
       pc4 = -1.63172
       pc5 = -1.91855
       pc6 = -1.86232
       pc7 = -1.3265
       pc8 = 0.504443
       pc9 = 1.92998
      pc10 = 0.00865659
      pc11 = 0.651125
      pc12 = 0.739376
      pc13 = -0.80553
      pc14 = 0.300845
      pc15 = -0.13609
      pc16 = -0.186602
      pc17 = 0.0677766
      pc18 = 0.13279
Constrained:
   Tgbecnw = 100187
     Tecnw = 25051.9
       Tnw = 18779.1
       Tec = 9393.93
     twoNb = 5.92935e+06
     twoNe = 1.99217e+07
     twoNc = 5.00313e+07
     twoNw = 3.5067e+06
    twoNec = 69486.1
    twoNnw = 24862.2
  twoNecnw = 62054.6
  twoNbecnw = 8289.71
  twoNgbecnw = 303031
         m = 0.0899397
        m2 = 0.0201037
        m4 = 0.000417071
        m5 = 0.182509
        m6 = 0.0608282
        Tb = 17222.9
        Ta = 46211.5
        Td = 4696.96
        Te = 9389.54
        Tf = 4694.77
#       SitePat  BranchLen
              b 118222.5179887
              e 44209.7105255
              c 45981.3980487
              n 42840.5605991
              w 42815.7489365
            b:e 1232.2572476
            b:c 1368.8947525
            b:n 1028.3959903
            b:w 1027.2204231
            e:c 11404.3861163
            e:n 4517.1983530
            e:w 4531.3073541
            c:n 4071.5457962
            c:w 4076.0818231
            n:w 12132.4996622
          b:e:c 1285.1223339
          b:e:n 577.4603257
          b:e:w 577.8305087
          b:c:n 580.3588856
          b:c:w 579.9223907
          b:n:w 1309.7262391
          e:c:n 4198.5552965
          e:c:w 4204.7219311
          e:n:w 5764.4979680
          c:n:w 4954.0925440
        b:e:c:n 1116.9686880
        b:e:c:w 1118.2105671
        b:e:n:w 1848.3989832
        b:c:n:w 1646.3670022
        e:c:n:w 46933.0262674
