########################################
# legofit: estimate population history #
#       version 2.3.4-4-g53f8760       #
########################################

# Program was compiled: Sep 21 2021 14:36:42
# Program was run: Mon Oct 25 13:47:44 2021

# cmd: legofit -1 -d 0 -t 56 --ptsPerDim 3 --stateOut b1boot12.state --tol 3e-6 -S 5000 abdef2.lgo ../../chrX/boot_chrX/boot12.opf
# Stage nOptItr nSimReps
#     0    5000        0
# algorithm          : deterministic
# ignoring probs <=  : 0
# Branch length floor: 0
# DE strategy        : 2
#    F               : 0.3
#    CR              : 0.8
#    tolerance       : 3e-06
# nthreads           : 54
# lgo input file     : abdef2.lgo
# site pat input file: ../../chrX/boot_chrX/boot12.opf
# free parameters    : 18
# points in DE swarm : 54
# output state file  : b1boot12.state
# Including singleton site patterns.
# cost function      : KL
Initial parameter values
Fixed:
      zero = 0
       one = 1
    Tbecnw = 75200
Free:
       pc1 = 0
       pc2 = 0
       pc3 = 0
       pc4 = 0
       pc5 = 0
       pc6 = 0
       pc7 = 0
       pc8 = 0
       pc9 = 0
      pc10 = 0
      pc11 = 0
      pc12 = 0
      pc13 = 0
      pc14 = 0
      pc15 = 0
      pc16 = 0
      pc17 = 0
      pc18 = 0
Constrained:
   Tgbecnw = 118577
     Tecnw = 25357.1
       Tnw = 17135.9
       Tec = 8818.57
     twoNb = 2.55853e+06
     twoNe = 7.34536e+06
     twoNc = 1.82324e+07
     twoNw = 1.58844e+06
    twoNec = 79438.9
    twoNnw = 36631.8
  twoNecnw = 63545.2
  twoNbecnw = 13307.2
  twoNgbecnw = 300366
         m = 0.0945259
        m2 = 0.0220118
        m4 = 0.000487792
        m5 = 0.154726
        m6 = 0.013934
        Tb = 17087.8
        Ta = 46143.9
        Td = 4409.29
        Te = 8567.97
        Tf = 4283.99
DiffEv reached_goal. cost=2.29248e-03 spread=2.70355e-06
Fitted parameter values
Free:
       pc1 = -0.458424
       pc2 = 3.7936
       pc3 = 1.97627
       pc4 = -1.03903
       pc5 = -1.86059
       pc6 = -1.8726
       pc7 = -0.444932
       pc8 = -0.930111
       pc9 = 1.96844
      pc10 = 0.126431
      pc11 = 0.901134
      pc12 = -0.290233
      pc13 = -0.786985
      pc14 = -0.0128312
      pc15 = 0.204246
      pc16 = 0.216473
      pc17 = 0.0913169
      pc18 = 0.0615587
Constrained:
   Tgbecnw = 102028
     Tecnw = 25087.8
       Tnw = 17541.5
       Tec = 8822.13
     twoNb = 7.39619e+06
     twoNe = 1.49052e+07
     twoNc = 3.76835e+07
     twoNw = 3.95023e+06
    twoNec = 68178.8
    twoNnw = 32294.8
  twoNecnw = 61268.7
  twoNbecnw = 8526.72
  twoNgbecnw = 336165
         m = 0.0812262
        m2 = 0.0218506
        m4 = 0.000641396
        m5 = 0.18083
        m6 = 0.040873
        Tb = 16955
        Ta = 46077.5
        Td = 4411.06
        Te = 8770.76
        Tf = 4385.38
#       SitePat  BranchLen
              b 118350.7319413
              e 43720.4627960
              c 45696.4193889
              n 43134.9376819
              w 43116.1873980
            b:e 1190.8871141
            b:c 1339.4855161
            b:n 1039.6382431
            b:w 1038.7738884
            e:c 11773.7903204
            e:n 4516.8264924
            e:w 4529.4613420
            c:n 4010.2608430
            c:w 4011.8440474
            n:w 12027.9031129
          b:e:c 1274.9181985
          b:e:n 569.6304955
          b:e:w 570.0450915
          b:c:n 572.7887460
          b:c:w 572.3258160
          b:n:w 1309.6087485
          e:c:n 4297.2990544
          e:c:w 4301.8312843
          e:n:w 5625.0370474
          c:n:w 4754.4903599
        b:e:c:n 1127.4255561
        b:e:c:w 1128.3382448
        b:e:n:w 1875.3711385
        b:c:n:w 1640.1067759
        e:c:n:w 47098.7514654
