########################################
# legofit: estimate population history #
#       version 2.3.4-4-g53f8760       #
########################################

# Program was compiled: Sep 21 2021 14:36:42
# Program was run: Mon Oct 25 13:53:52 2021

# cmd: legofit -1 -d 0 -t 56 --ptsPerDim 3 --stateOut b1boot44.state --tol 3e-6 -S 5000 abdef2.lgo ../../chrX/boot_chrX/boot44.opf
# Stage nOptItr nSimReps
#     0    5000        0
# algorithm          : deterministic
# ignoring probs <=  : 0
# Branch length floor: 0
# DE strategy        : 2
#    F               : 0.3
#    CR              : 0.8
#    tolerance       : 3e-06
# nthreads           : 54
# lgo input file     : abdef2.lgo
# site pat input file: ../../chrX/boot_chrX/boot44.opf
# free parameters    : 18
# points in DE swarm : 54
# output state file  : b1boot44.state
# Including singleton site patterns.
# cost function      : KL
Initial parameter values
Fixed:
      zero = 0
       one = 1
    Tbecnw = 75200
Free:
       pc1 = 0
       pc2 = 0
       pc3 = 0
       pc4 = 0
       pc5 = 0
       pc6 = 0
       pc7 = 0
       pc8 = 0
       pc9 = 0
      pc10 = 0
      pc11 = 0
      pc12 = 0
      pc13 = 0
      pc14 = 0
      pc15 = 0
      pc16 = 0
      pc17 = 0
      pc18 = 0
Constrained:
   Tgbecnw = 118577
     Tecnw = 25357.1
       Tnw = 17135.9
       Tec = 8818.57
     twoNb = 2.55853e+06
     twoNe = 7.34536e+06
     twoNc = 1.82324e+07
     twoNw = 1.58844e+06
    twoNec = 79438.9
    twoNnw = 36631.8
  twoNecnw = 63545.2
  twoNbecnw = 13307.2
  twoNgbecnw = 300366
         m = 0.0945259
        m2 = 0.0220118
        m4 = 0.000487792
        m5 = 0.154726
        m6 = 0.013934
        Tb = 17087.8
        Ta = 46143.9
        Td = 4409.29
        Te = 8567.97
        Tf = 4283.99
DiffEv reached_goal. cost=2.14814e-03 spread=2.88926e-06
Fitted parameter values
Free:
       pc1 = -1.8806
       pc2 = 3.86563
       pc3 = 1.98708
       pc4 = -1.30116
       pc5 = -1.866
       pc6 = -1.20073
       pc7 = -1.75417
       pc8 = -0.650175
       pc9 = 1.54478
      pc10 = -0.582697
      pc11 = 0.253259
      pc12 = -0.611764
      pc13 = -0.406978
      pc14 = 0.433536
      pc15 = 0.0308437
      pc16 = -0.00866548
      pc17 = 0.0354638
      pc18 = 0.0959134
Constrained:
   Tgbecnw = 104069
     Tecnw = 24676.5
       Tnw = 18964.1
       Tec = 9543.1
     twoNb = 5.40287e+06
     twoNe = 2.63932e+07
     twoNc = 4.88537e+07
     twoNw = 3.68477e+06
    twoNec = 65193.5
    twoNnw = 23628
  twoNecnw = 63692.1
  twoNbecnw = 9296.13
  twoNgbecnw = 307302
         m = 0.0901417
        m2 = 0.0224294
        m4 = 0.00102176
        m5 = 0.189853
        m6 = 0.0479831
        Tb = 17109.8
        Ta = 46154.9
        Td = 4771.55
        Te = 9482.04
        Tf = 4741.02
#       SitePat  BranchLen
              b 118939.9969778
              e 44160.6965003
              c 46225.2612117
              n 43207.1833870
              w 43184.2449741
            b:e 1215.1298697
            b:c 1375.0145069
            b:n 1032.6784819
            b:w 1031.5968407
            e:c 11625.2045946
            e:n 4604.9611151
            e:w 4619.7067889
            c:n 4088.5704718
            c:w 4091.0422443
            n:w 12119.1772126
          b:e:c 1274.3826290
          b:e:n 574.5748289
          b:e:w 575.0455871
          b:c:n 577.8841621
          b:c:w 577.3533948
          b:n:w 1307.1315058
          e:c:n 4266.8036232
          e:c:w 4272.5245897
          e:n:w 5793.3585045
          c:n:w 4864.2786674
        b:e:c:n 1119.5023125
        b:e:c:w 1120.6439628
        b:e:n:w 1922.3622809
        b:c:n:w 1666.4307832
        e:c:n:w 47164.8310989
