########################################
# legofit: estimate population history #
#       version 2.3.4-4-g53f8760       #
########################################

# Program was compiled: Sep 21 2021 14:36:42
# Program was run: Mon Oct 25 13:47:44 2021

# cmd: legofit -1 -d 0 -t 56 --ptsPerDim 3 --stateOut b1boot4.state --tol 3e-6 -S 5000 abdef2.lgo ../../chrX/boot_chrX/boot4.opf
# Stage nOptItr nSimReps
#     0    5000        0
# algorithm          : deterministic
# ignoring probs <=  : 0
# Branch length floor: 0
# DE strategy        : 2
#    F               : 0.3
#    CR              : 0.8
#    tolerance       : 3e-06
# nthreads           : 54
# lgo input file     : abdef2.lgo
# site pat input file: ../../chrX/boot_chrX/boot4.opf
# free parameters    : 18
# points in DE swarm : 54
# output state file  : b1boot4.state
# Including singleton site patterns.
# cost function      : KL
Initial parameter values
Fixed:
      zero = 0
       one = 1
    Tbecnw = 75200
Free:
       pc1 = 0
       pc2 = 0
       pc3 = 0
       pc4 = 0
       pc5 = 0
       pc6 = 0
       pc7 = 0
       pc8 = 0
       pc9 = 0
      pc10 = 0
      pc11 = 0
      pc12 = 0
      pc13 = 0
      pc14 = 0
      pc15 = 0
      pc16 = 0
      pc17 = 0
      pc18 = 0
Constrained:
   Tgbecnw = 118577
     Tecnw = 25357.1
       Tnw = 17135.9
       Tec = 8818.57
     twoNb = 2.55853e+06
     twoNe = 7.34536e+06
     twoNc = 1.82324e+07
     twoNw = 1.58844e+06
    twoNec = 79438.9
    twoNnw = 36631.8
  twoNecnw = 63545.2
  twoNbecnw = 13307.2
  twoNgbecnw = 300366
         m = 0.0945259
        m2 = 0.0220118
        m4 = 0.000487792
        m5 = 0.154726
        m6 = 0.013934
        Tb = 17087.8
        Ta = 46143.9
        Td = 4409.29
        Te = 8567.97
        Tf = 4283.99
DiffEv reached_goal. cost=2.32612e-03 spread=2.94735e-06
Fitted parameter values
Free:
       pc1 = 0.115718
       pc2 = 3.25257
       pc3 = 1.96523
       pc4 = -1.41436
       pc5 = -1.96363
       pc6 = -1.81253
       pc7 = -1.98947
       pc8 = 0.662286
       pc9 = 1.77699
      pc10 = -0.660109
      pc11 = 1.95033
      pc12 = 0.655389
      pc13 = 0.524886
      pc14 = -0.0664042
      pc15 = -0.0167665
      pc16 = 0.0787086
      pc17 = 0.0363474
      pc18 = 0.0951237
Constrained:
   Tgbecnw = 100865
     Tecnw = 25283
       Tnw = 17392.2
       Tec = 8721.21
     twoNb = 1.46237e+06
     twoNe = 2.09953e+07
     twoNc = 6.16183e+07
     twoNw = 3.78114e+06
    twoNec = 72258.7
    twoNnw = 32833
  twoNecnw = 61532.4
  twoNbecnw = 8349.87
  twoNgbecnw = 325896
         m = 0.0841057
        m2 = 0.0190821
        m4 = 0.000179417
        m5 = 0.19175
        m6 = 0.0414102
        Tb = 17002.1
        Ta = 46101.1
        Td = 4360.61
        Te = 8696.08
        Tf = 4348.04
#       SitePat  BranchLen
              b 118537.6109224
              e 43878.9852618
              c 46004.7738612
              n 43076.5534594
              w 43056.1387639
            b:e 1237.1336235
            b:c 1402.4794287
            b:n 1057.0338795
            b:w 1056.0743331
            e:c 11563.6283020
            e:n 4584.4475295
            e:w 4598.4318791
            c:n 4032.4399955
            c:w 4033.9513400
            n:w 12098.3208248
          b:e:c 1303.6247073
          b:e:n 588.0283694
          b:e:w 588.5049583
          b:c:n 591.6837876
          b:c:w 591.1515861
          b:n:w 1323.9495719
          e:c:n 4263.3385527
          e:c:w 4268.2575541
          e:n:w 5747.8192341
          c:n:w 4798.1571276
        b:e:c:n 1149.8148195
        b:e:c:w 1150.8299785
        b:e:n:w 1842.5440188
        b:c:n:w 1611.2577267
        e:c:n:w 47266.3330381
