########################################
# legofit: estimate population history #
#       version 2.3.4-4-g53f8760       #
########################################

# Program was compiled: Sep 21 2021 14:36:42
# Program was run: Mon Oct 25 13:53:53 2021

# cmd: legofit -1 -d 0 -t 56 --ptsPerDim 3 --stateOut b1boot39.state --tol 3e-6 -S 5000 abdef2.lgo ../../chrX/boot_chrX/boot39.opf
# Stage nOptItr nSimReps
#     0    5000        0
# algorithm          : deterministic
# ignoring probs <=  : 0
# Branch length floor: 0
# DE strategy        : 2
#    F               : 0.3
#    CR              : 0.8
#    tolerance       : 3e-06
# nthreads           : 54
# lgo input file     : abdef2.lgo
# site pat input file: ../../chrX/boot_chrX/boot39.opf
# free parameters    : 18
# points in DE swarm : 54
# output state file  : b1boot39.state
# Including singleton site patterns.
# cost function      : KL
Initial parameter values
Fixed:
      zero = 0
       one = 1
    Tbecnw = 75200
Free:
       pc1 = 0
       pc2 = 0
       pc3 = 0
       pc4 = 0
       pc5 = 0
       pc6 = 0
       pc7 = 0
       pc8 = 0
       pc9 = 0
      pc10 = 0
      pc11 = 0
      pc12 = 0
      pc13 = 0
      pc14 = 0
      pc15 = 0
      pc16 = 0
      pc17 = 0
      pc18 = 0
Constrained:
   Tgbecnw = 118577
     Tecnw = 25357.1
       Tnw = 17135.9
       Tec = 8818.57
     twoNb = 2.55853e+06
     twoNe = 7.34536e+06
     twoNc = 1.82324e+07
     twoNw = 1.58844e+06
    twoNec = 79438.9
    twoNnw = 36631.8
  twoNecnw = 63545.2
  twoNbecnw = 13307.2
  twoNgbecnw = 300366
         m = 0.0945259
        m2 = 0.0220118
        m4 = 0.000487792
        m5 = 0.154726
        m6 = 0.013934
        Tb = 17087.8
        Ta = 46143.9
        Td = 4409.29
        Te = 8567.97
        Tf = 4283.99
DiffEv reached_goal. cost=2.19451e-03 spread=2.39976e-06
Fitted parameter values
Free:
       pc1 = 0.298489
       pc2 = 3.25916
       pc3 = 1.97351
       pc4 = -1.0633
       pc5 = -1.83908
       pc6 = -1.0979
       pc7 = -1.57649
       pc8 = 0.0534253
       pc9 = 1.71615
      pc10 = -0.831173
      pc11 = 1.11273
      pc12 = 0.718544
      pc13 = -0.374678
      pc14 = -0.308529
      pc15 = -0.0351683
      pc16 = -0.0830818
      pc17 = 0.0914665
      pc18 = 0.0464796
Constrained:
   Tgbecnw = 102183
     Tecnw = 25320.9
       Tnw = 17533.9
       Tec = 8782.53
     twoNb = 2.19096e+06
     twoNe = 1.7638e+07
     twoNc = 6.48572e+07
     twoNw = 3.63273e+06
    twoNec = 73648
    twoNnw = 33024.9
  twoNecnw = 61487.7
  twoNbecnw = 8530.49
  twoNgbecnw = 336431
         m = 0.0825352
        m2 = 0.0211124
        m4 = 0.000465481
        m5 = 0.176759
        m6 = 0.0463301
        Tb = 17051.7
        Ta = 46125.9
        Td = 4391.26
        Te = 8766.93
        Tf = 4383.46
#       SitePat  BranchLen
              b 118636.1572959
              e 44218.8679412
              c 46062.5042283
              n 43236.0479833
              w 43215.2218894
            b:e 1212.5727441
            b:c 1352.7908528
            b:n 1025.7050918
            b:w 1024.7572378
            e:c 11483.4177459
            e:n 4525.6886324
            e:w 4538.9672425
            c:n 4049.5269605
            c:w 4052.0793848
            n:w 12007.4190868
          b:e:c 1258.5443480
          b:e:n 570.9670497
          b:e:w 571.3650063
          b:c:n 573.9885718
          b:c:w 573.5369314
          b:n:w 1285.6161371
          e:c:n 4227.0650639
          e:c:w 4232.0601234
          e:n:w 5625.2479034
          c:n:w 4811.8948124
        b:e:c:n 1114.0602486
        b:e:c:w 1115.0617865
        b:e:n:w 1853.3036568
        b:c:n:w 1640.6584130
        e:c:n:w 47261.8960030
