########################################
# legofit: estimate population history #
#       version 2.3.4-4-g53f8760       #
########################################

# Program was compiled: Sep 21 2021 14:36:42
# Program was run: Mon Oct 25 13:50:48 2021

# cmd: legofit -1 -d 0 -t 56 --ptsPerDim 3 --stateOut b1boot25.state --tol 3e-6 -S 5000 abdef2.lgo ../../chrX/boot_chrX/boot25.opf
# Stage nOptItr nSimReps
#     0    5000        0
# algorithm          : deterministic
# ignoring probs <=  : 0
# Branch length floor: 0
# DE strategy        : 2
#    F               : 0.3
#    CR              : 0.8
#    tolerance       : 3e-06
# nthreads           : 54
# lgo input file     : abdef2.lgo
# site pat input file: ../../chrX/boot_chrX/boot25.opf
# free parameters    : 18
# points in DE swarm : 54
# output state file  : b1boot25.state
# Including singleton site patterns.
# cost function      : KL
Initial parameter values
Fixed:
      zero = 0
       one = 1
    Tbecnw = 75200
Free:
       pc1 = 0
       pc2 = 0
       pc3 = 0
       pc4 = 0
       pc5 = 0
       pc6 = 0
       pc7 = 0
       pc8 = 0
       pc9 = 0
      pc10 = 0
      pc11 = 0
      pc12 = 0
      pc13 = 0
      pc14 = 0
      pc15 = 0
      pc16 = 0
      pc17 = 0
      pc18 = 0
Constrained:
   Tgbecnw = 118577
     Tecnw = 25357.1
       Tnw = 17135.9
       Tec = 8818.57
     twoNb = 2.55853e+06
     twoNe = 7.34536e+06
     twoNc = 1.82324e+07
     twoNw = 1.58844e+06
    twoNec = 79438.9
    twoNnw = 36631.8
  twoNecnw = 63545.2
  twoNbecnw = 13307.2
  twoNgbecnw = 300366
         m = 0.0945259
        m2 = 0.0220118
        m4 = 0.000487792
        m5 = 0.154726
        m6 = 0.013934
        Tb = 17087.8
        Ta = 46143.9
        Td = 4409.29
        Te = 8567.97
        Tf = 4283.99
DiffEv reached_goal. cost=2.16889e-03 spread=2.31906e-06
Fitted parameter values
Free:
       pc1 = -0.842906
       pc2 = 3.9747
       pc3 = 1.99599
       pc4 = -0.617134
       pc5 = -1.92094
       pc6 = -1.75221
       pc7 = -0.979507
       pc8 = -0.209006
       pc9 = 1.98635
      pc10 = -0.0333345
      pc11 = -0.170911
      pc12 = -0.261454
      pc13 = -0.277235
      pc14 = 0.00756567
      pc15 = 0.106402
      pc16 = -0.0382343
      pc17 = 0.0187829
      pc18 = 0.129756
Constrained:
   Tgbecnw = 101801
     Tecnw = 25054.6
       Tnw = 17358.1
       Tec = 8684.22
     twoNb = 7.22848e+06
     twoNe = 2.0211e+07
     twoNc = 5.16049e+07
     twoNw = 3.46969e+06
    twoNec = 69930.6
    twoNnw = 31045.8
  twoNecnw = 63897.5
  twoNbecnw = 8495.39
  twoNgbecnw = 325575
         m = 0.0872259
        m2 = 0.0217211
        m4 = 0.00118361
        m5 = 0.184764
        m6 = 0.0497654
        Tb = 16869.4
        Ta = 46034.7
        Td = 4342.11
        Te = 8679.04
        Tf = 4339.52
#       SitePat  BranchLen
              b 119107.2236985
              e 44253.9689861
              c 46307.4346573
              n 43129.5458524
              w 43106.7751822
            b:e 1218.7091291
            b:c 1374.4953502
            b:n 1035.0889878
            b:w 1034.0452826
            e:c 11751.5366320
            e:n 4561.0050877
            e:w 4575.3729737
            c:n 4038.6449188
            c:w 4041.6071648
            n:w 12390.2843639
          b:e:c 1294.7553634
          b:e:n 575.1331675
          b:e:w 575.5588736
          b:c:n 578.4851217
          b:c:w 577.9982412
          b:n:w 1327.2604384
          e:c:n 4201.1333349
          e:c:w 4206.5738732
          e:n:w 5731.7786020
          c:n:w 4825.9502752
        b:e:c:n 1127.2002163
        b:e:c:w 1128.3050959
        b:e:n:w 1932.6100455
        b:c:n:w 1679.5211054
        e:c:n:w 47432.7488841
