########################################
# legofit: estimate population history #
#       version 2.3.4-4-g53f8760       #
########################################

# Program was compiled: Sep 21 2021 14:36:42
# Program was run: Mon Oct 25 13:47:44 2021

# cmd: legofit -1 -d 0 -t 56 --ptsPerDim 3 --stateOut b1boot24.state --tol 3e-6 -S 5000 abdef2.lgo ../../chrX/boot_chrX/boot24.opf
# Stage nOptItr nSimReps
#     0    5000        0
# algorithm          : deterministic
# ignoring probs <=  : 0
# Branch length floor: 0
# DE strategy        : 2
#    F               : 0.3
#    CR              : 0.8
#    tolerance       : 3e-06
# nthreads           : 54
# lgo input file     : abdef2.lgo
# site pat input file: ../../chrX/boot_chrX/boot24.opf
# free parameters    : 18
# points in DE swarm : 54
# output state file  : b1boot24.state
# Including singleton site patterns.
# cost function      : KL
Initial parameter values
Fixed:
      zero = 0
       one = 1
    Tbecnw = 75200
Free:
       pc1 = 0
       pc2 = 0
       pc3 = 0
       pc4 = 0
       pc5 = 0
       pc6 = 0
       pc7 = 0
       pc8 = 0
       pc9 = 0
      pc10 = 0
      pc11 = 0
      pc12 = 0
      pc13 = 0
      pc14 = 0
      pc15 = 0
      pc16 = 0
      pc17 = 0
      pc18 = 0
Constrained:
   Tgbecnw = 118577
     Tecnw = 25357.1
       Tnw = 17135.9
       Tec = 8818.57
     twoNb = 2.55853e+06
     twoNe = 7.34536e+06
     twoNc = 1.82324e+07
     twoNw = 1.58844e+06
    twoNec = 79438.9
    twoNnw = 36631.8
  twoNecnw = 63545.2
  twoNbecnw = 13307.2
  twoNgbecnw = 300366
         m = 0.0945259
        m2 = 0.0220118
        m4 = 0.000487792
        m5 = 0.154726
        m6 = 0.013934
        Tb = 17087.8
        Ta = 46143.9
        Td = 4409.29
        Te = 8567.97
        Tf = 4283.99
DiffEv reached_goal. cost=2.31900e-03 spread=2.85818e-06
Fitted parameter values
Free:
       pc1 = 0.758218
       pc2 = 3.96529
       pc3 = 1.95292
       pc4 = -0.0801163
       pc5 = -1.82382
       pc6 = -1.77165
       pc7 = -1.03934
       pc8 = 0.0538353
       pc9 = 1.93103
      pc10 = -0.54479
      pc11 = 1.04787
      pc12 = -0.613281
      pc13 = -0.749462
      pc14 = -0.0405113
      pc15 = 0.105384
      pc16 = -0.100121
      pc17 = 0.111986
      pc18 = 0.108226
Constrained:
   Tgbecnw = 99562.6
     Tecnw = 25412.3
       Tnw = 16465.9
       Tec = 8261.72
     twoNb = 5.26341e+06
     twoNe = 1.79545e+07
     twoNc = 5.87888e+07
     twoNw = 3.74883e+06
    twoNec = 75405.6
    twoNnw = 39120.1
  twoNecnw = 60134.7
  twoNbecnw = 8031.64
  twoNgbecnw = 316236
         m = 0.0836697
        m2 = 0.0219397
        m4 = 0.00144723
        m5 = 0.186341
        m6 = 0.039272
        Tb = 16837
        Ta = 46018.5
        Td = 4130.86
        Te = 8232.97
        Tf = 4116.48
#       SitePat  BranchLen
              b 117433.9840774
              e 43868.2564520
              c 45969.0532913
              n 43112.8969331
              w 43093.6937014
            b:e 1212.7374390
            b:c 1375.1693641
            b:n 1050.3297116
            b:w 1049.4502728
            e:c 11464.2362511
            e:n 4572.9705042
            e:w 4586.2710591
            c:n 4031.2347211
            c:w 4032.5981390
            n:w 11918.1373555
          b:e:c 1272.9091669
          b:e:n 583.9865114
          b:e:w 584.4316645
          b:c:n 587.4721677
          b:c:w 586.9770932
          b:n:w 1302.0648157
          e:c:n 4272.1103817
          e:c:w 4276.6496407
          e:n:w 5668.6377739
          c:n:w 4758.9404087
        b:e:c:n 1140.6624572
        b:e:c:w 1141.5918173
        b:e:n:w 1910.1613168
        b:c:n:w 1646.0075038
        e:c:n:w 46322.3230845
