########################################
# legofit: estimate population history #
#       version 2.3.4-4-g53f8760       #
########################################

# Program was compiled: Sep 21 2021 14:36:42
# Program was run: Mon Oct 25 13:53:53 2021

# cmd: legofit -1 -d 0 -t 56 --ptsPerDim 3 --stateOut b1boot47.state --tol 3e-6 -S 5000 abdef2.lgo ../../chrX/boot_chrX/boot47.opf
# Stage nOptItr nSimReps
#     0    5000        0
# algorithm          : deterministic
# ignoring probs <=  : 0
# Branch length floor: 0
# DE strategy        : 2
#    F               : 0.3
#    CR              : 0.8
#    tolerance       : 3e-06
# nthreads           : 54
# lgo input file     : abdef2.lgo
# site pat input file: ../../chrX/boot_chrX/boot47.opf
# free parameters    : 18
# points in DE swarm : 54
# output state file  : b1boot47.state
# Including singleton site patterns.
# cost function      : KL
Initial parameter values
Fixed:
      zero = 0
       one = 1
    Tbecnw = 75200
Free:
       pc1 = 0
       pc2 = 0
       pc3 = 0
       pc4 = 0
       pc5 = 0
       pc6 = 0
       pc7 = 0
       pc8 = 0
       pc9 = 0
      pc10 = 0
      pc11 = 0
      pc12 = 0
      pc13 = 0
      pc14 = 0
      pc15 = 0
      pc16 = 0
      pc17 = 0
      pc18 = 0
Constrained:
   Tgbecnw = 118577
     Tecnw = 25357.1
       Tnw = 17135.9
       Tec = 8818.57
     twoNb = 2.55853e+06
     twoNe = 7.34536e+06
     twoNc = 1.82324e+07
     twoNw = 1.58844e+06
    twoNec = 79438.9
    twoNnw = 36631.8
  twoNecnw = 63545.2
  twoNbecnw = 13307.2
  twoNgbecnw = 300366
         m = 0.0945259
        m2 = 0.0220118
        m4 = 0.000487792
        m5 = 0.154726
        m6 = 0.013934
        Tb = 17087.8
        Ta = 46143.9
        Td = 4409.29
        Te = 8567.97
        Tf = 4283.99
DiffEv reached_goal. cost=2.18576e-03 spread=2.36264e-06
Fitted parameter values
Free:
       pc1 = 1.12905
       pc2 = 3.95465
       pc3 = 1.98762
       pc4 = 0.334537
       pc5 = -1.92374
       pc6 = -1.59567
       pc7 = -1.24683
       pc8 = -0.24877
       pc9 = 1.82221
      pc10 = -0.779416
      pc11 = 0.644704
      pc12 = -0.579969
      pc13 = -0.745625
      pc14 = -0.0182161
      pc15 = 0.126023
      pc16 = 0.00103689
      pc17 = 0.125505
      pc18 = 0.122322
Constrained:
   Tgbecnw = 101107
     Tecnw = 25388.7
       Tnw = 15812.2
       Tec = 7907.14
     twoNb = 4.69276e+06
     twoNe = 1.99381e+07
     twoNc = 6.23501e+07
     twoNw = 3.7596e+06
    twoNec = 75892.7
    twoNnw = 41769.2
  twoNecnw = 60448.1
  twoNbecnw = 8182.83
  twoNgbecnw = 324975
         m = 0.0822841
        m2 = 0.0226427
        m4 = 0.00173373
        m5 = 0.183074
        m6 = 0.0416088
        Tb = 16647.9
        Ta = 45924
        Td = 3953.57
        Te = 7906.09
        Tf = 3953.04
#       SitePat  BranchLen
              b 117071.2478324
              e 43787.0853523
              c 45846.1598212
              n 42996.8410290
              w 42978.2632071
            b:e 1142.1873483
            b:c 1292.8804261
            b:n 983.1435408
            b:w 982.3555960
            e:c 11492.3317246
            e:n 4528.3852137
            e:w 4540.9556608
            c:n 3994.5028106
            c:w 3996.2110133
            n:w 11951.5907643
          b:e:c 1194.2806178
          b:e:n 544.5130897
          b:e:w 544.8894385
          b:c:n 547.6018089
          b:c:w 547.1818032
          b:n:w 1227.0105684
          e:c:n 4202.7897243
          e:c:w 4207.0888965
          e:n:w 5566.6014112
          c:n:w 4688.8143309
        b:e:c:n 1065.6821283
        b:e:c:w 1066.5137300
        b:e:n:w 1844.5625749
        b:c:n:w 1585.8280428
        e:c:n:w 45912.0117766
