########################################
# legofit: estimate population history #
#       version 2.3.4-4-g53f8760       #
########################################

# Program was compiled: Sep 21 2021 14:36:42
# Program was run: Mon Oct 25 13:50:48 2021

# cmd: legofit -1 -d 0 -t 56 --ptsPerDim 3 --stateOut b1boot27.state --tol 3e-6 -S 5000 abdef2.lgo ../../chrX/boot_chrX/boot27.opf
# Stage nOptItr nSimReps
#     0    5000        0
# algorithm          : deterministic
# ignoring probs <=  : 0
# Branch length floor: 0
# DE strategy        : 2
#    F               : 0.3
#    CR              : 0.8
#    tolerance       : 3e-06
# nthreads           : 54
# lgo input file     : abdef2.lgo
# site pat input file: ../../chrX/boot_chrX/boot27.opf
# free parameters    : 18
# points in DE swarm : 54
# output state file  : b1boot27.state
# Including singleton site patterns.
# cost function      : KL
Initial parameter values
Fixed:
      zero = 0
       one = 1
    Tbecnw = 75200
Free:
       pc1 = 0
       pc2 = 0
       pc3 = 0
       pc4 = 0
       pc5 = 0
       pc6 = 0
       pc7 = 0
       pc8 = 0
       pc9 = 0
      pc10 = 0
      pc11 = 0
      pc12 = 0
      pc13 = 0
      pc14 = 0
      pc15 = 0
      pc16 = 0
      pc17 = 0
      pc18 = 0
Constrained:
   Tgbecnw = 118577
     Tecnw = 25357.1
       Tnw = 17135.9
       Tec = 8818.57
     twoNb = 2.55853e+06
     twoNe = 7.34536e+06
     twoNc = 1.82324e+07
     twoNw = 1.58844e+06
    twoNec = 79438.9
    twoNnw = 36631.8
  twoNecnw = 63545.2
  twoNbecnw = 13307.2
  twoNgbecnw = 300366
         m = 0.0945259
        m2 = 0.0220118
        m4 = 0.000487792
        m5 = 0.154726
        m6 = 0.013934
        Tb = 17087.8
        Ta = 46143.9
        Td = 4409.29
        Te = 8567.97
        Tf = 4283.99
DiffEv reached_goal. cost=2.17319e-03 spread=2.03991e-06
Fitted parameter values
Free:
       pc1 = -1.59704
       pc2 = 3.99923
       pc3 = 1.99126
       pc4 = 0.022063
       pc5 = -1.96643
       pc6 = -1.81061
       pc7 = -1.2674
       pc8 = -0.457476
       pc9 = 1.90022
      pc10 = -0.538604
      pc11 = -0.677673
      pc12 = 0.240876
      pc13 = -0.799079
      pc14 = -0.200352
      pc15 = 0.337933
      pc16 = -0.201549
      pc17 = 0.0476309
      pc18 = 0.0605305
Constrained:
   Tgbecnw = 101013
     Tecnw = 25064.2
       Tnw = 17679.8
       Tec = 8846.12
     twoNb = 7.03188e+06
     twoNe = 2.45008e+07
     twoNc = 5.01462e+07
     twoNw = 3.69618e+06
    twoNec = 68801.1
    twoNnw = 29439.3
  twoNecnw = 65459.4
  twoNbecnw = 8583.12
  twoNgbecnw = 302141
         m = 0.0921334
        m2 = 0.0222033
        m4 = 0.00168693
        m5 = 0.169871
        m6 = 0.0572444
        Tb = 16955.2
        Ta = 46077.6
        Td = 4423.06
        Te = 8839.9
        Tf = 4419.95
#       SitePat  BranchLen
              b 118789.3649698
              e 44745.1334295
              c 46519.6475294
              n 43475.0807001
              w 43453.4967160
            b:e 1292.6514069
            b:c 1435.5691767
            b:n 1088.0317898
            b:w 1086.9986936
            e:c 11985.9828042
            e:n 4535.5946973
            e:w 4547.8948583
            c:n 4088.8158683
            c:w 4092.9202639
            n:w 12621.6506065
          b:e:c 1375.1765497
          b:e:n 602.8560567
          b:e:w 603.1745285
          b:c:n 605.9254331
          b:c:w 605.5439358
          b:n:w 1406.8109826
          e:c:n 4234.7679935
          e:c:w 4239.9474210
          e:n:w 5715.0680499
          c:n:w 4930.5617911
        b:e:c:n 1189.2678718
        b:e:c:w 1190.3639935
        b:e:n:w 2000.0589842
        b:c:n:w 1763.4479788
        e:c:n:w 46777.3038771
