########################################
# legofit: estimate population history #
#       version 2.3.4-4-g53f8760       #
########################################

# Program was compiled: Sep 21 2021 14:36:42
# Program was run: Mon Oct 25 13:47:44 2021

# cmd: legofit -1 -d 0 -t 56 --ptsPerDim 3 --stateOut b1boot0.state --tol 3e-6 -S 5000 abdef2.lgo ../../chrX/boot_chrX/boot0.opf
# Stage nOptItr nSimReps
#     0    5000        0
# algorithm          : deterministic
# ignoring probs <=  : 0
# Branch length floor: 0
# DE strategy        : 2
#    F               : 0.3
#    CR              : 0.8
#    tolerance       : 3e-06
# nthreads           : 54
# lgo input file     : abdef2.lgo
# site pat input file: ../../chrX/boot_chrX/boot0.opf
# free parameters    : 18
# points in DE swarm : 54
# output state file  : b1boot0.state
# Including singleton site patterns.
# cost function      : KL
Initial parameter values
Fixed:
      zero = 0
       one = 1
    Tbecnw = 75200
Free:
       pc1 = 0
       pc2 = 0
       pc3 = 0
       pc4 = 0
       pc5 = 0
       pc6 = 0
       pc7 = 0
       pc8 = 0
       pc9 = 0
      pc10 = 0
      pc11 = 0
      pc12 = 0
      pc13 = 0
      pc14 = 0
      pc15 = 0
      pc16 = 0
      pc17 = 0
      pc18 = 0
Constrained:
   Tgbecnw = 118577
     Tecnw = 25357.1
       Tnw = 17135.9
       Tec = 8818.57
     twoNb = 2.55853e+06
     twoNe = 7.34536e+06
     twoNc = 1.82324e+07
     twoNw = 1.58844e+06
    twoNec = 79438.9
    twoNnw = 36631.8
  twoNecnw = 63545.2
  twoNbecnw = 13307.2
  twoNgbecnw = 300366
         m = 0.0945259
        m2 = 0.0220118
        m4 = 0.000487792
        m5 = 0.154726
        m6 = 0.013934
        Tb = 17087.8
        Ta = 46143.9
        Td = 4409.29
        Te = 8567.97
        Tf = 4283.99
DiffEv reached_goal. cost=2.15323e-03 spread=2.56828e-06
Fitted parameter values
Free:
       pc1 = -1.21465
       pc2 = 3.91648
       pc3 = 1.96143
       pc4 = -0.707667
       pc5 = -1.90796
       pc6 = -1.02972
       pc7 = -1.34636
       pc8 = -0.583634
       pc9 = 1.76348
      pc10 = -0.662358
      pc11 = -0.261458
      pc12 = -0.376546
      pc13 = -0.730006
      pc14 = 0.0112935
      pc15 = 0.148946
      pc16 = -0.233584
      pc17 = 0.0375434
      pc18 = 0.0914107
Constrained:
   Tgbecnw = 103054
     Tecnw = 24959.1
       Tnw = 18268.6
       Tec = 9185.88
     twoNb = 5.87112e+06
     twoNe = 2.18153e+07
     twoNc = 5.7257e+07
     twoNw = 3.56315e+06
    twoNec = 68913.7
    twoNnw = 27307.9
  twoNecnw = 63936
  twoNbecnw = 8949.3
  twoNgbecnw = 315472
         m = 0.0869399
        m2 = 0.0230227
        m4 = 0.00137557
        m5 = 0.180317
        m6 = 0.0509292
        Tb = 17072.5
        Ta = 46136.2
        Td = 4592.94
        Te = 9134.32
        Tf = 4567.16
#       SitePat  BranchLen
              b 118414.9967897
              e 44506.8304169
              c 46455.1548098
              n 43297.3969000
              w 43274.5992630
            b:e 1237.2680401
            b:c 1389.0427642
            b:n 1040.5117562
            b:w 1039.4461963
            e:c 11640.3545936
            e:n 4567.3147819
            e:w 4581.3662249
            c:n 4078.0426751
            c:w 4081.2383182
            n:w 12280.0807412
          b:e:c 1295.3219693
          b:e:n 580.5468149
          b:e:w 580.9602283
          b:c:n 583.7485843
          b:c:w 583.2738603
          b:n:w 1327.7313311
          e:c:n 4216.7008007
          e:c:w 4222.2513516
          e:n:w 5747.7333634
          c:n:w 4881.6728485
        b:e:c:n 1131.6052536
        b:e:c:w 1132.7321241
        b:e:n:w 1958.0542792
        b:c:n:w 1707.9002572
        e:c:n:w 46604.1001627
