########################################
# legofit: estimate population history #
#       version 2.3.4-4-g53f8760       #
########################################

# Program was compiled: Sep 21 2021 14:36:42
# Program was run: Mon Oct 25 13:50:48 2021

# cmd: legofit -1 -d 0 -t 56 --ptsPerDim 3 --stateOut b1boot31.state --tol 3e-6 -S 5000 abdef2.lgo ../../chrX/boot_chrX/boot31.opf
# Stage nOptItr nSimReps
#     0    5000        0
# algorithm          : deterministic
# ignoring probs <=  : 0
# Branch length floor: 0
# DE strategy        : 2
#    F               : 0.3
#    CR              : 0.8
#    tolerance       : 3e-06
# nthreads           : 54
# lgo input file     : abdef2.lgo
# site pat input file: ../../chrX/boot_chrX/boot31.opf
# free parameters    : 18
# points in DE swarm : 54
# output state file  : b1boot31.state
# Including singleton site patterns.
# cost function      : KL
Initial parameter values
Fixed:
      zero = 0
       one = 1
    Tbecnw = 75200
Free:
       pc1 = 0
       pc2 = 0
       pc3 = 0
       pc4 = 0
       pc5 = 0
       pc6 = 0
       pc7 = 0
       pc8 = 0
       pc9 = 0
      pc10 = 0
      pc11 = 0
      pc12 = 0
      pc13 = 0
      pc14 = 0
      pc15 = 0
      pc16 = 0
      pc17 = 0
      pc18 = 0
Constrained:
   Tgbecnw = 118577
     Tecnw = 25357.1
       Tnw = 17135.9
       Tec = 8818.57
     twoNb = 2.55853e+06
     twoNe = 7.34536e+06
     twoNc = 1.82324e+07
     twoNw = 1.58844e+06
    twoNec = 79438.9
    twoNnw = 36631.8
  twoNecnw = 63545.2
  twoNbecnw = 13307.2
  twoNgbecnw = 300366
         m = 0.0945259
        m2 = 0.0220118
        m4 = 0.000487792
        m5 = 0.154726
        m6 = 0.013934
        Tb = 17087.8
        Ta = 46143.9
        Td = 4409.29
        Te = 8567.97
        Tf = 4283.99
DiffEv reached_goal. cost=2.26483e-03 spread=2.41100e-06
Fitted parameter values
Free:
       pc1 = -0.133735
       pc2 = 3.98407
       pc3 = 1.98077
       pc4 = -1.30062
       pc5 = -1.91476
       pc6 = -1.98145
       pc7 = -1.46412
       pc8 = 0.394757
       pc9 = 1.95799
      pc10 = 0.167569
      pc11 = 1.3005
      pc12 = -0.517401
      pc13 = -0.799788
      pc14 = 0.340908
      pc15 = -0.0220968
      pc16 = -0.0192197
      pc17 = 0.111151
      pc18 = 0.103498
Constrained:
   Tgbecnw = 99658.9
     Tecnw = 25235.7
       Tnw = 17912.5
       Tec = 8965.79
     twoNb = 5.89061e+06
     twoNe = 2.17366e+07
     twoNc = 5.1578e+07
     twoNw = 3.54656e+06
    twoNec = 70219.8
    twoNnw = 31767.2
  twoNecnw = 59477.5
  twoNbecnw = 8068.48
  twoNgbecnw = 316639
         m = 0.0829593
        m2 = 0.0206538
        m4 = 0.000868366
        m5 = 0.194736
        m6 = 0.0455577
        Tb = 17100.7
        Ta = 46150.4
        Td = 4482.89
        Te = 8956.26
        Tf = 4478.13
#       SitePat  BranchLen
              b 117415.9589709
              e 43562.5749671
              c 45613.2218696
              n 42942.2118877
              w 42919.3176062
            b:e 1194.2794281
            b:c 1352.6023272
            b:n 1040.9150398
            b:w 1039.8404572
            e:c 11368.3009688
            e:n 4560.4328323
            e:w 4575.6371061
            c:n 4038.0043070
            c:w 4040.0717023
            n:w 11701.8137646
          b:e:c 1257.4778961
          b:e:n 578.4259876
          b:e:w 578.9272263
          b:c:n 581.8453247
          b:c:w 581.2850385
          b:n:w 1284.9427169
          e:c:n 4295.7525665
          e:c:w 4301.3751790
          e:n:w 5689.0111780
          c:n:w 4777.6258262
        b:e:c:n 1127.4341556
        b:e:c:w 1128.5677857
        b:e:n:w 1845.1495029
        b:c:n:w 1599.7818062
        e:c:n:w 46544.0870101
