########################################
# legofit: estimate population history #
#       version 2.3.4-4-g53f8760       #
########################################

# Program was compiled: Sep 21 2021 14:36:42
# Program was run: Mon Oct 25 13:47:44 2021

# cmd: legofit -1 -d 0 -t 56 --ptsPerDim 3 --stateOut b1boot2.state --tol 3e-6 -S 5000 abdef2.lgo ../../chrX/boot_chrX/boot2.opf
# Stage nOptItr nSimReps
#     0    5000        0
# algorithm          : deterministic
# ignoring probs <=  : 0
# Branch length floor: 0
# DE strategy        : 2
#    F               : 0.3
#    CR              : 0.8
#    tolerance       : 3e-06
# nthreads           : 54
# lgo input file     : abdef2.lgo
# site pat input file: ../../chrX/boot_chrX/boot2.opf
# free parameters    : 18
# points in DE swarm : 54
# output state file  : b1boot2.state
# Including singleton site patterns.
# cost function      : KL
Initial parameter values
Fixed:
      zero = 0
       one = 1
    Tbecnw = 75200
Free:
       pc1 = 0
       pc2 = 0
       pc3 = 0
       pc4 = 0
       pc5 = 0
       pc6 = 0
       pc7 = 0
       pc8 = 0
       pc9 = 0
      pc10 = 0
      pc11 = 0
      pc12 = 0
      pc13 = 0
      pc14 = 0
      pc15 = 0
      pc16 = 0
      pc17 = 0
      pc18 = 0
Constrained:
   Tgbecnw = 118577
     Tecnw = 25357.1
       Tnw = 17135.9
       Tec = 8818.57
     twoNb = 2.55853e+06
     twoNe = 7.34536e+06
     twoNc = 1.82324e+07
     twoNw = 1.58844e+06
    twoNec = 79438.9
    twoNnw = 36631.8
  twoNecnw = 63545.2
  twoNbecnw = 13307.2
  twoNgbecnw = 300366
         m = 0.0945259
        m2 = 0.0220118
        m4 = 0.000487792
        m5 = 0.154726
        m6 = 0.013934
        Tb = 17087.8
        Ta = 46143.9
        Td = 4409.29
        Te = 8567.97
        Tf = 4283.99
DiffEv reached_goal. cost=2.22253e-03 spread=2.86276e-06
Fitted parameter values
Free:
       pc1 = -1.88104
       pc2 = 3.94823
       pc3 = 1.97446
       pc4 = -0.611124
       pc5 = -1.85882
       pc6 = -1.91012
       pc7 = -1.45835
       pc8 = -0.892989
       pc9 = 1.56559
      pc10 = -1.34617
      pc11 = 0.705135
      pc12 = 0.0354639
      pc13 = 0.123978
      pc14 = -0.0558108
      pc15 = 0.213332
      pc16 = -0.0925989
      pc17 = 0.0434442
      pc18 = 0.170201
Constrained:
   Tgbecnw = 102220
     Tecnw = 24815.8
       Tnw = 18120.4
       Tec = 9098.44
     twoNb = 4.55033e+06
     twoNe = 2.49401e+07
     twoNc = 4.35625e+07
     twoNw = 4.45614e+06
    twoNec = 68654.1
    twoNnw = 26800.6
  twoNecnw = 65481.3
  twoNbecnw = 8827.72
  twoNgbecnw = 292900
         m = 0.0945177
        m2 = 0.0217988
        m4 = 0.00098637
        m5 = 0.182997
        m6 = 0.0437932
        Tb = 16957.1
        Ta = 46078.6
        Td = 4549.22
        Te = 9060.18
        Tf = 4530.09
#       SitePat  BranchLen
              b 118303.4738185
              e 44482.8864540
              c 46589.1852527
              n 43300.6976830
              w 43283.1478926
            b:e 1219.2775099
            b:c 1379.4471427
            b:n 1025.9239687
            b:w 1025.1168887
            e:c 11755.2080354
            e:n 4584.5619781
            e:w 4596.1377560
            c:n 4048.4674677
            c:w 4050.2091819
            n:w 12462.3859375
          b:e:c 1289.3315692
          b:e:n 571.5512559
          b:e:w 571.9195775
          b:c:n 574.8827986
          b:c:w 574.4669776
          b:n:w 1318.9520852
          e:c:n 4185.3720665
          e:c:w 4189.6043649
          e:n:w 5770.3537575
          c:n:w 4830.5459204
        b:e:c:n 1117.7591675
        b:e:c:w 1118.6137468
        b:e:n:w 1911.6398011
        b:c:n:w 1661.1233134
        e:c:n:w 46299.2627549
