########################################
# legofit: estimate population history #
#       version 2.3.4-4-g53f8760       #
########################################

# Program was compiled: Sep 21 2021 14:36:42
# Program was run: Mon Oct 25 13:47:44 2021

# cmd: legofit -1 -d 0 -t 56 --ptsPerDim 3 --stateOut b1boot19.state --tol 3e-6 -S 5000 abdef2.lgo ../../chrX/boot_chrX/boot19.opf
# Stage nOptItr nSimReps
#     0    5000        0
# algorithm          : deterministic
# ignoring probs <=  : 0
# Branch length floor: 0
# DE strategy        : 2
#    F               : 0.3
#    CR              : 0.8
#    tolerance       : 3e-06
# nthreads           : 54
# lgo input file     : abdef2.lgo
# site pat input file: ../../chrX/boot_chrX/boot19.opf
# free parameters    : 18
# points in DE swarm : 54
# output state file  : b1boot19.state
# Including singleton site patterns.
# cost function      : KL
Initial parameter values
Fixed:
      zero = 0
       one = 1
    Tbecnw = 75200
Free:
       pc1 = 0
       pc2 = 0
       pc3 = 0
       pc4 = 0
       pc5 = 0
       pc6 = 0
       pc7 = 0
       pc8 = 0
       pc9 = 0
      pc10 = 0
      pc11 = 0
      pc12 = 0
      pc13 = 0
      pc14 = 0
      pc15 = 0
      pc16 = 0
      pc17 = 0
      pc18 = 0
Constrained:
   Tgbecnw = 118577
     Tecnw = 25357.1
       Tnw = 17135.9
       Tec = 8818.57
     twoNb = 2.55853e+06
     twoNe = 7.34536e+06
     twoNc = 1.82324e+07
     twoNw = 1.58844e+06
    twoNec = 79438.9
    twoNnw = 36631.8
  twoNecnw = 63545.2
  twoNbecnw = 13307.2
  twoNgbecnw = 300366
         m = 0.0945259
        m2 = 0.0220118
        m4 = 0.000487792
        m5 = 0.154726
        m6 = 0.013934
        Tb = 17087.8
        Ta = 46143.9
        Td = 4409.29
        Te = 8567.97
        Tf = 4283.99
DiffEv reached_goal. cost=2.28652e-03 spread=2.99380e-06
Fitted parameter values
Free:
       pc1 = -0.0726528
       pc2 = 3.96538
       pc3 = 1.98953
       pc4 = -0.716369
       pc5 = -1.82709
       pc6 = -1.37423
       pc7 = -1.29275
       pc8 = -0.81718
       pc9 = 1.76167
      pc10 = -1.02226
      pc11 = 1.26103
      pc12 = 0.608974
      pc13 = -0.713229
      pc14 = -0.536624
      pc15 = 0.353231
      pc16 = 0.0382214
      pc17 = 0.037269
      pc18 = 0.126851
Constrained:
   Tgbecnw = 101151
     Tecnw = 25414.9
       Tnw = 17314.7
       Tec = 8681.42
     twoNb = 3.63701e+06
     twoNe = 1.83277e+07
     twoNc = 5.86352e+07
     twoNw = 4.36614e+06
    twoNec = 70773.4
    twoNnw = 32255.2
  twoNecnw = 61805.1
  twoNbecnw = 8318.71
  twoNgbecnw = 323598
         m = 0.0835813
        m2 = 0.0221372
        m4 = 0.000529163
        m5 = 0.173113
        m6 = 0.045357
        Tb = 17048.1
        Ta = 46124.1
        Td = 4340.71
        Te = 8657.37
        Tf = 4328.69
#       SitePat  BranchLen
              b 117725.3561423
              e 44098.6830368
              c 46005.9155912
              n 43003.5623443
              w 42986.8818906
            b:e 1204.8270326
            b:c 1348.1231169
            b:n 1015.2988120
            b:w 1014.5469513
            e:c 11812.7924910
            e:n 4436.7412782
            e:w 4447.3939154
            c:n 3947.7659601
            c:w 3949.8441171
            n:w 12397.6216723
          b:e:c 1285.5842939
          b:e:n 558.3562717
          b:e:w 558.6718591
          b:c:n 561.3258644
          b:c:w 560.9670978
          b:n:w 1316.7472430
          e:c:n 4179.1936177
          e:c:w 4183.1432772
          e:n:w 5654.2211919
          c:n:w 4803.9033188
        b:e:c:n 1103.7860265
        b:e:c:w 1104.5810664
        b:e:n:w 1868.4023904
        b:c:n:w 1649.4518868
        e:c:n:w 46379.6484402
