########################################
# legofit: estimate population history #
#       version 2.3.4-4-g53f8760       #
########################################

# Program was compiled: Sep 21 2021 14:36:42
# Program was run: Mon Oct 25 13:53:54 2021

# cmd: legofit -1 -d 0 -t 56 --ptsPerDim 3 --stateOut b1boot42.state --tol 3e-6 -S 5000 abdef2.lgo ../../chrX/boot_chrX/boot42.opf
# Stage nOptItr nSimReps
#     0    5000        0
# algorithm          : deterministic
# ignoring probs <=  : 0
# Branch length floor: 0
# DE strategy        : 2
#    F               : 0.3
#    CR              : 0.8
#    tolerance       : 3e-06
# nthreads           : 54
# lgo input file     : abdef2.lgo
# site pat input file: ../../chrX/boot_chrX/boot42.opf
# free parameters    : 18
# points in DE swarm : 54
# output state file  : b1boot42.state
# Including singleton site patterns.
# cost function      : KL
Initial parameter values
Fixed:
      zero = 0
       one = 1
    Tbecnw = 75200
Free:
       pc1 = 0
       pc2 = 0
       pc3 = 0
       pc4 = 0
       pc5 = 0
       pc6 = 0
       pc7 = 0
       pc8 = 0
       pc9 = 0
      pc10 = 0
      pc11 = 0
      pc12 = 0
      pc13 = 0
      pc14 = 0
      pc15 = 0
      pc16 = 0
      pc17 = 0
      pc18 = 0
Constrained:
   Tgbecnw = 118577
     Tecnw = 25357.1
       Tnw = 17135.9
       Tec = 8818.57
     twoNb = 2.55853e+06
     twoNe = 7.34536e+06
     twoNc = 1.82324e+07
     twoNw = 1.58844e+06
    twoNec = 79438.9
    twoNnw = 36631.8
  twoNecnw = 63545.2
  twoNbecnw = 13307.2
  twoNgbecnw = 300366
         m = 0.0945259
        m2 = 0.0220118
        m4 = 0.000487792
        m5 = 0.154726
        m6 = 0.013934
        Tb = 17087.8
        Ta = 46143.9
        Td = 4409.29
        Te = 8567.97
        Tf = 4283.99
DiffEv reached_goal. cost=2.23045e-03 spread=1.99819e-06
Fitted parameter values
Free:
       pc1 = 0.159306
       pc2 = 3.82293
       pc3 = 1.99316
       pc4 = -0.723484
       pc5 = -1.87495
       pc6 = -1.08478
       pc7 = -1.84034
       pc8 = 0.615126
       pc9 = 1.81187
      pc10 = -1.0695
      pc11 = 1.21688
      pc12 = 0.00134923
      pc13 = -0.571885
      pc14 = -0.170187
      pc15 = -0.0589499
      pc16 = -0.223113
      pc17 = 0.122866
      pc18 = 0.12903
Constrained:
   Tgbecnw = 99730.9
     Tecnw = 25380
       Tnw = 17720.7
       Tec = 8872.02
     twoNb = 2.4557e+06
     twoNe = 2.00125e+07
     twoNc = 7.46458e+07
     twoNw = 3.61803e+06
    twoNec = 74126.3
    twoNnw = 32668.8
  twoNecnw = 60908.3
  twoNbecnw = 8052.53
  twoNgbecnw = 308598
         m = 0.0886315
        m2 = 0.0214449
        m4 = 0.0010855
        m5 = 0.186549
        m6 = 0.0458234
        Tb = 17126
        Ta = 46163
        Td = 4436.01
        Te = 8860.37
        Tf = 4430.19
#       SitePat  BranchLen
              b 117991.4935080
              e 44152.5225596
              c 46150.2638918
              n 43176.2802907
              w 43154.4943503
            b:e 1207.6626700
            b:c 1363.3858526
            b:n 1020.2578864
            b:w 1019.2635831
            e:c 11300.6334366
            e:n 4555.2210392
            e:w 4569.4603953
            c:n 4044.0812204
            c:w 4046.3847939
            n:w 11865.5056600
          b:e:c 1245.2139866
          b:e:n 571.8898258
          b:e:w 572.3336850
          b:c:n 575.2291233
          b:c:w 574.7285956
          b:n:w 1270.8756185
          e:c:n 4210.6100450
          e:c:w 4215.8530558
          e:n:w 5675.6675726
          c:n:w 4794.2392633
        b:e:c:n 1108.6858457
        b:e:c:w 1109.7368175
        b:e:n:w 1870.5027062
        b:c:n:w 1626.9476816
        e:c:n:w 46762.2138955
