########################################
# legofit: estimate population history #
#       version 2.3.4-4-g53f8760       #
########################################

# Program was compiled: Sep 21 2021 14:36:42
# Program was run: Mon Oct 25 13:53:55 2021

# cmd: legofit -1 -d 0 -t 56 --ptsPerDim 3 --stateOut b1boot41.state --tol 3e-6 -S 5000 abdef2.lgo ../../chrX/boot_chrX/boot41.opf
# Stage nOptItr nSimReps
#     0    5000        0
# algorithm          : deterministic
# ignoring probs <=  : 0
# Branch length floor: 0
# DE strategy        : 2
#    F               : 0.3
#    CR              : 0.8
#    tolerance       : 3e-06
# nthreads           : 54
# lgo input file     : abdef2.lgo
# site pat input file: ../../chrX/boot_chrX/boot41.opf
# free parameters    : 18
# points in DE swarm : 54
# output state file  : b1boot41.state
# Including singleton site patterns.
# cost function      : KL
Initial parameter values
Fixed:
      zero = 0
       one = 1
    Tbecnw = 75200
Free:
       pc1 = 0
       pc2 = 0
       pc3 = 0
       pc4 = 0
       pc5 = 0
       pc6 = 0
       pc7 = 0
       pc8 = 0
       pc9 = 0
      pc10 = 0
      pc11 = 0
      pc12 = 0
      pc13 = 0
      pc14 = 0
      pc15 = 0
      pc16 = 0
      pc17 = 0
      pc18 = 0
Constrained:
   Tgbecnw = 118577
     Tecnw = 25357.1
       Tnw = 17135.9
       Tec = 8818.57
     twoNb = 2.55853e+06
     twoNe = 7.34536e+06
     twoNc = 1.82324e+07
     twoNw = 1.58844e+06
    twoNec = 79438.9
    twoNnw = 36631.8
  twoNecnw = 63545.2
  twoNbecnw = 13307.2
  twoNgbecnw = 300366
         m = 0.0945259
        m2 = 0.0220118
        m4 = 0.000487792
        m5 = 0.154726
        m6 = 0.013934
        Tb = 17087.8
        Ta = 46143.9
        Td = 4409.29
        Te = 8567.97
        Tf = 4283.99
DiffEv reached_goal. cost=2.16939e-03 spread=2.54990e-06
Fitted parameter values
Free:
       pc1 = 1.5057
       pc2 = 3.92872
       pc3 = 1.95598
       pc4 = -0.0551277
       pc5 = -1.7787
       pc6 = -1.57463
       pc7 = -1.99322
       pc8 = 0.173474
       pc9 = -0.0452988
      pc10 = -0.890917
      pc11 = 0.667626
      pc12 = 0.313298
      pc13 = -0.181492
      pc14 = -0.324486
      pc15 = -0.139535
      pc16 = -0.252032
      pc17 = 0.000227257
      pc18 = 0.108177
Constrained:
   Tgbecnw = 101051
     Tecnw = 25803.3
       Tnw = 15521.2
       Tec = 7768.6
     twoNb = 820095
     twoNe = 2.76645e+07
     twoNc = 3.96487e+07
     twoNw = 3.37919e+06
    twoNec = 79471.6
    twoNnw = 42522.7
  twoNecnw = 61415.3
  twoNbecnw = 8382.42
  twoNgbecnw = 323544
         m = 0.087572
        m2 = 0.022684
        m4 = 0.000748734
        m5 = 0.187748
        m6 = 0.0520067
        Tb = 16785.9
        Ta = 45993
        Td = 3884.3
        Te = 7760.59
        Tf = 3880.3
#       SitePat  BranchLen
              b 119206.6591745
              e 44401.4858881
              c 46434.6117369
              n 43142.8910777
              w 43120.6480289
            b:e 1290.2623441
            b:c 1456.4596568
            b:n 1043.7476233
            b:w 1042.7537706
            e:c 11491.2428615
            e:n 4581.7230921
            e:w 4595.6924445
            c:n 4047.2254090
            c:w 4050.3809371
            n:w 12300.7025660
          b:e:c 1298.5260476
          b:e:n 586.1354932
          b:e:w 586.5287228
          b:c:n 589.7202003
          b:c:w 589.2676909
          b:n:w 1317.6305995
          e:c:n 4186.5071642
          e:c:w 4191.6253325
          e:n:w 5744.6548543
          c:n:w 4857.7302027
        b:e:c:n 1138.6769707
        b:e:c:w 1139.7301032
        b:e:n:w 1934.3592271
        b:c:n:w 1695.4462047
        e:c:n:w 47748.7534310
