########################################
# legofit: estimate population history #
#       version 2.3.4-4-g53f8760       #
########################################

# Program was compiled: Sep 21 2021 14:36:42
# Program was run: Mon Oct 25 13:47:44 2021

# cmd: legofit -1 -d 0 -t 56 --ptsPerDim 3 --stateOut b1boot18.state --tol 3e-6 -S 5000 abdef2.lgo ../../chrX/boot_chrX/boot18.opf
# Stage nOptItr nSimReps
#     0    5000        0
# algorithm          : deterministic
# ignoring probs <=  : 0
# Branch length floor: 0
# DE strategy        : 2
#    F               : 0.3
#    CR              : 0.8
#    tolerance       : 3e-06
# nthreads           : 54
# lgo input file     : abdef2.lgo
# site pat input file: ../../chrX/boot_chrX/boot18.opf
# free parameters    : 18
# points in DE swarm : 54
# output state file  : b1boot18.state
# Including singleton site patterns.
# cost function      : KL
Initial parameter values
Fixed:
      zero = 0
       one = 1
    Tbecnw = 75200
Free:
       pc1 = 0
       pc2 = 0
       pc3 = 0
       pc4 = 0
       pc5 = 0
       pc6 = 0
       pc7 = 0
       pc8 = 0
       pc9 = 0
      pc10 = 0
      pc11 = 0
      pc12 = 0
      pc13 = 0
      pc14 = 0
      pc15 = 0
      pc16 = 0
      pc17 = 0
      pc18 = 0
Constrained:
   Tgbecnw = 118577
     Tecnw = 25357.1
       Tnw = 17135.9
       Tec = 8818.57
     twoNb = 2.55853e+06
     twoNe = 7.34536e+06
     twoNc = 1.82324e+07
     twoNw = 1.58844e+06
    twoNec = 79438.9
    twoNnw = 36631.8
  twoNecnw = 63545.2
  twoNbecnw = 13307.2
  twoNgbecnw = 300366
         m = 0.0945259
        m2 = 0.0220118
        m4 = 0.000487792
        m5 = 0.154726
        m6 = 0.013934
        Tb = 17087.8
        Ta = 46143.9
        Td = 4409.29
        Te = 8567.97
        Tf = 4283.99
DiffEv reached_goal. cost=2.32169e-03 spread=2.90744e-06
Fitted parameter values
Free:
       pc1 = -2.59646
       pc2 = 3.93862
       pc3 = 1.78293
       pc4 = -0.910529
       pc5 = -1.04971
       pc6 = -1.73472
       pc7 = -1.5901
       pc8 = -1.10709
       pc9 = 0.0949863
      pc10 = -1.63802
      pc11 = 1.60904
      pc12 = -0.548199
      pc13 = -0.312277
      pc14 = 0.145817
      pc15 = -0.272887
      pc16 = -0.131616
      pc17 = 0.0964802
      pc18 = 0.141701
Constrained:
   Tgbecnw = 102905
     Tecnw = 24771.4
       Tnw = 19395.9
       Tec = 9845.17
     twoNb = 3.16715e+06
     twoNe = 3.05778e+07
     twoNc = 1.48431e+07
     twoNw = 4.48615e+06
    twoNec = 69251.9
    twoNnw = 23613.5
  twoNecnw = 63928.2
  twoNbecnw = 9540.67
  twoNgbecnw = 254145
         m = 0.111932
        m2 = 0.0230297
        m4 = 0.000408661
        m5 = 0.188506
        m6 = 0.0349508
        Tb = 17308.3
        Ta = 46254.1
        Td = 4922.59
        Te = 9697.96
        Tf = 4848.98
#       SitePat  BranchLen
              b 119842.5779694
              e 44674.1758718
              c 46779.8729352
              n 43764.1762569
              w 43746.3217407
            b:e 1246.6112669
            b:c 1413.0106206
            b:n 1046.8819702
            b:w 1046.0308643
            e:c 11373.6931638
            e:n 4695.2774801
            e:w 4708.0622188
            c:n 4160.3882606
            c:w 4160.9916143
            n:w 11884.8339092
          b:e:c 1262.9297949
          b:e:n 588.7620319
          b:e:w 589.2327020
          b:c:n 592.0965096
          b:c:w 591.5789639
          b:n:w 1292.6541867
          e:c:n 4304.8770637
          e:c:w 4309.3434875
          e:n:w 5816.1096154
          c:n:w 4872.5915487
        b:e:c:n 1134.5145022
        b:e:c:w 1135.4124837
        b:e:n:w 1938.1378986
        b:c:n:w 1685.8385839
        e:c:n:w 47629.1310205
