########################################
# legofit: estimate population history #
#       version 2.3.4-4-g53f8760       #
########################################

# Program was compiled: Sep 21 2021 14:36:42
# Program was run: Sat Oct  9 12:45:52 2021

# cmd: legofit -1 -d 0 -t 32 --ptsPerDim 3 --stateOut b1boot46.state --tol 3e-6 -S 5000 bdf2.lgo ../../boot/boot46.opf
# Stage nOptItr nSimReps
#     0    5000        0
# algorithm          : deterministic
# ignoring probs <=  : 0
# Branch length floor: 0
# DE strategy        : 2
#    F               : 0.3
#    CR              : 0.8
#    tolerance       : 3e-06
# nthreads           : 32
# lgo input file     : bdf2.lgo
# site pat input file: ../../boot/boot46.opf
# free parameters    : 13
# points in DE swarm : 39
# output state file  : b1boot46.state
# Including singleton site patterns.
# cost function      : KL
Initial parameter values
Fixed:
      zero = 0
       one = 1
    Tbecnw = 75200
Free:
       pc1 = 0
       pc2 = 0
       pc3 = 0
       pc4 = 0
       pc5 = 0
       pc6 = 0
       pc7 = 0
       pc8 = 0
       pc9 = 0
      pc10 = 0
      pc11 = 0
      pc12 = 0
      pc13 = 0
Constrained:
     Tecnw = 36347.3
       Tnw = 4941.56
       Tec = 7727.13
     twoNb = 1.03694e+06
     twoNc = 170011
     twoNw = 600521
    twoNec = 308588
    twoNnw = 171474
  twoNecnw = 33691.3
  twoNbecnw = 74535.7
        m2 = 2.4515e-05
        m4 = 0.0226804
        m6 = 0.000135536
        Tb = 22037.2
        Td = 3863.56
        Tf = 1931.78
DiffEv reached_goal. cost=3.25508e-03 spread=2.46211e-06
Fitted parameter values
Free:
       pc1 = 3.5846
       pc2 = 0.946932
       pc3 = 3.98478
       pc4 = 0.761649
       pc5 = -1.74765
       pc6 = 1.94948
       pc7 = -0.473794
       pc8 = 1.70953
       pc9 = -0.749025
      pc10 = -0.337703
      pc11 = -0.0688984
      pc12 = -0.00539795
      pc13 = -0.0707796
Constrained:
     Tecnw = 36737.3
       Tnw = 32.9849
       Tec = 16.6254
     twoNb = 2.818e+06
     twoNc = 313380
     twoNw = 1.05561e+06
    twoNec = 406816
    twoNnw = 210375
  twoNecnw = 33124.2
  twoNbecnw = 74866.4
        m2 = 1.23946e-05
        m4 = 0.0276379
        m6 = 0.000589191
        Tb = 18377
        Td = 8.3127
        Tf = 4.15635
#       SitePat  BranchLen
              b 136068.9951234
              e 53104.5508620
              c 54637.8352277
              n 49697.2578084
              w 49697.2569294
            b:e 2367.4989601
            b:c 2901.6053158
            b:n 2069.5529237
            b:w 2069.5528709
            e:c 10712.2832167
            e:n 5172.3101690
            e:w 5172.3099872
            c:n 4950.7363313
            c:w 4950.7372103
            n:w 13355.9223610
          b:e:c 2165.2854408
          b:e:n 1209.5858305
          b:e:w 1209.5857777
          b:c:n 1211.9723196
          b:c:w 1211.9723724
          b:n:w 2161.9856126
          e:c:n 6129.2569227
          e:c:w 6129.2571045
          e:n:w 8286.5596345
          c:n:w 7114.5102470
        b:e:c:n 2071.9410367
        b:e:c:w 2071.9410895
        b:e:n:w 2827.7426381
        b:c:n:w 2370.7748349
        e:c:n:w 55359.8834767
