########################################
# legofit: estimate population history #
#       version 2.3.4-4-g53f8760       #
########################################

# Program was compiled: Sep 21 2021 14:36:42
# Program was run: Sat Oct  9 12:45:51 2021

# cmd: legofit -1 -d 0 -t 32 --ptsPerDim 3 --stateOut b1boot47.state --tol 3e-6 -S 5000 bdf2.lgo ../../boot/boot47.opf
# Stage nOptItr nSimReps
#     0    5000        0
# algorithm          : deterministic
# ignoring probs <=  : 0
# Branch length floor: 0
# DE strategy        : 2
#    F               : 0.3
#    CR              : 0.8
#    tolerance       : 3e-06
# nthreads           : 32
# lgo input file     : bdf2.lgo
# site pat input file: ../../boot/boot47.opf
# free parameters    : 13
# points in DE swarm : 39
# output state file  : b1boot47.state
# Including singleton site patterns.
# cost function      : KL
Initial parameter values
Fixed:
      zero = 0
       one = 1
    Tbecnw = 75200
Free:
       pc1 = 0
       pc2 = 0
       pc3 = 0
       pc4 = 0
       pc5 = 0
       pc6 = 0
       pc7 = 0
       pc8 = 0
       pc9 = 0
      pc10 = 0
      pc11 = 0
      pc12 = 0
      pc13 = 0
Constrained:
     Tecnw = 36347.3
       Tnw = 4941.56
       Tec = 7727.13
     twoNb = 1.03694e+06
     twoNc = 170011
     twoNw = 600521
    twoNec = 308588
    twoNnw = 171474
  twoNecnw = 33691.3
  twoNbecnw = 74535.7
        m2 = 2.4515e-05
        m4 = 0.0226804
        m6 = 0.000135536
        Tb = 22037.2
        Td = 3863.56
        Tf = 1931.78
DiffEv reached_goal. cost=3.32008e-03 spread=2.77103e-06
Fitted parameter values
Free:
       pc1 = 3.67117
       pc2 = 1.31326
       pc3 = 3.03581
       pc4 = 0.394805
       pc5 = -1.67011
       pc6 = 1.66207
       pc7 = -1.80257
       pc8 = 1.40912
       pc9 = -1.52809
      pc10 = -0.186393
      pc11 = 0.0667939
      pc12 = -0.000493291
      pc13 = -0.102091
Constrained:
     Tecnw = 36782.1
       Tnw = 310.082
       Tec = 54.5227
     twoNb = 2.99762e+06
     twoNc = 91547.7
     twoNw = 850104
    twoNec = 410018
    twoNnw = 208163
  twoNecnw = 33107.6
  twoNbecnw = 74678.5
        m2 = 2.35151e-06
        m4 = 0.0260517
        m6 = 0.000477271
        Tb = 18418.3
        Td = 27.2614
        Tf = 13.6307
#       SitePat  BranchLen
              b 135939.8634580
              e 53143.4734835
              c 54589.8187262
              n 49713.3990640
              w 49713.3899947
            b:e 2365.9032176
            b:c 2864.7110236
            b:n 2064.4402566
            b:w 2064.4397118
            e:c 10696.2057425
            e:n 5157.4076876
            e:w 5157.4058111
            c:n 4948.7943755
            c:w 4948.8034448
            n:w 13334.9413153
          b:e:c 2161.2192450
          b:e:n 1206.8469656
          b:e:w 1206.8464209
          b:c:n 1208.9573678
          b:c:w 1208.9579125
          b:n:w 2158.2992135
          e:c:n 6119.0019776
          e:c:w 6119.0038541
          e:n:w 8220.5868678
          c:n:w 7118.9586881
        b:e:c:n 2066.5509475
        b:e:c:w 2066.5514923
        b:e:n:w 2799.3500706
        b:c:n:w 2368.8189862
        e:c:n:w 55265.4025058
