########################################
# legofit: estimate population history #
#       version 2.3.4-4-g53f8760       #
########################################

# Program was compiled: Sep 21 2021 14:36:42
# Program was run: Sat Oct  9 12:45:29 2021

# cmd: legofit -1 -d 0 -t 32 --ptsPerDim 3 --stateOut b1boot20.state --tol 3e-6 -S 5000 bdf2.lgo ../../boot/boot20.opf
# Stage nOptItr nSimReps
#     0    5000        0
# algorithm          : deterministic
# ignoring probs <=  : 0
# Branch length floor: 0
# DE strategy        : 2
#    F               : 0.3
#    CR              : 0.8
#    tolerance       : 3e-06
# nthreads           : 32
# lgo input file     : bdf2.lgo
# site pat input file: ../../boot/boot20.opf
# free parameters    : 13
# points in DE swarm : 39
# output state file  : b1boot20.state
# Including singleton site patterns.
# cost function      : KL
Initial parameter values
Fixed:
      zero = 0
       one = 1
    Tbecnw = 75200
Free:
       pc1 = 0
       pc2 = 0
       pc3 = 0
       pc4 = 0
       pc5 = 0
       pc6 = 0
       pc7 = 0
       pc8 = 0
       pc9 = 0
      pc10 = 0
      pc11 = 0
      pc12 = 0
      pc13 = 0
Constrained:
     Tecnw = 36347.3
       Tnw = 4941.56
       Tec = 7727.13
     twoNb = 1.03694e+06
     twoNc = 170011
     twoNw = 600521
    twoNec = 308588
    twoNnw = 171474
  twoNecnw = 33691.3
  twoNbecnw = 74535.7
        m2 = 2.4515e-05
        m4 = 0.0226804
        m6 = 0.000135536
        Tb = 22037.2
        Td = 3863.56
        Tf = 1931.78
DiffEv reached_goal. cost=3.31791e-03 spread=2.79080e-06
Fitted parameter values
Free:
       pc1 = 3.88994
       pc2 = 0.434741
       pc3 = 3.65291
       pc4 = 0.665287
       pc5 = -0.572565
       pc6 = 1.93213
       pc7 = -0.521967
       pc8 = 1.90381
       pc9 = -1.94649
      pc10 = 0.629532
      pc11 = 0.0898998
      pc12 = 0.0793373
      pc13 = -0.078789
Constrained:
     Tecnw = 36847.8
       Tnw = 31.6093
       Tec = 86.7676
     twoNb = 2.89039e+06
     twoNc = 296251
     twoNw = 1.33488e+06
    twoNec = 405867
    twoNnw = 210941
  twoNecnw = 32945.8
  twoNbecnw = 74342.7
        m2 = 1.79452e-05
        m4 = 0.024928
        m6 = 0.000691633
        Tb = 18467.3
        Td = 43.3838
        Tf = 21.6919
#       SitePat  BranchLen
              b 135735.4473929
              e 53069.2656654
              c 54445.1984243
              n 49689.4621882
              w 49689.4619077
            b:e 2343.9772714
            b:c 2821.4389410
            b:n 2050.5051390
            b:w 2050.5051223
            e:c 10687.6809486
            e:n 5123.7850519
            e:w 5123.7849942
            c:n 4925.7599158
            c:w 4925.7601963
            n:w 13288.2705846
          b:e:c 2144.2189719
          b:e:n 1196.2457631
          b:e:w 1196.2457464
          b:c:n 1198.3229744
          b:c:w 1198.3229911
          b:n:w 2141.3447306
          e:c:n 6101.3128034
          e:c:w 6101.3128611
          e:n:w 8130.1344582
          c:n:w 7078.5876377
        b:e:c:n 2052.5846166
        b:e:c:w 2052.5846333
        b:e:n:w 2756.7700521
        b:c:n:w 2346.8179222
        e:c:n:w 55205.4284306
