########################################
# legofit: estimate population history #
#       version 2.3.4-4-g53f8760       #
########################################

# Program was compiled: Sep 21 2021 14:36:42
# Program was run: Sat Oct  9 12:45:29 2021

# cmd: legofit -1 -d 0 -t 32 --ptsPerDim 3 --stateOut b1boot19.state --tol 3e-6 -S 5000 bdf2.lgo ../../boot/boot19.opf
# Stage nOptItr nSimReps
#     0    5000        0
# algorithm          : deterministic
# ignoring probs <=  : 0
# Branch length floor: 0
# DE strategy        : 2
#    F               : 0.3
#    CR              : 0.8
#    tolerance       : 3e-06
# nthreads           : 32
# lgo input file     : bdf2.lgo
# site pat input file: ../../boot/boot19.opf
# free parameters    : 13
# points in DE swarm : 39
# output state file  : b1boot19.state
# Including singleton site patterns.
# cost function      : KL
Initial parameter values
Fixed:
      zero = 0
       one = 1
    Tbecnw = 75200
Free:
       pc1 = 0
       pc2 = 0
       pc3 = 0
       pc4 = 0
       pc5 = 0
       pc6 = 0
       pc7 = 0
       pc8 = 0
       pc9 = 0
      pc10 = 0
      pc11 = 0
      pc12 = 0
      pc13 = 0
Constrained:
     Tecnw = 36347.3
       Tnw = 4941.56
       Tec = 7727.13
     twoNb = 1.03694e+06
     twoNc = 170011
     twoNw = 600521
    twoNec = 308588
    twoNnw = 171474
  twoNecnw = 33691.3
  twoNbecnw = 74535.7
        m2 = 2.4515e-05
        m4 = 0.0226804
        m6 = 0.000135536
        Tb = 22037.2
        Td = 3863.56
        Tf = 1931.78
DiffEv reached_goal. cost=3.32766e-03 spread=2.07277e-06
Fitted parameter values
Free:
       pc1 = 3.69447
       pc2 = 0.844296
       pc3 = 3.75745
       pc4 = 0.76715
       pc5 = -1.6746
       pc6 = 1.84495
       pc7 = -0.541727
       pc8 = 1.71211
       pc9 = -1.09861
      pc10 = 0.112903
      pc11 = -0.0590319
      pc12 = -0.00628962
      pc13 = 0.0434688
Constrained:
     Tecnw = 36791.7
       Tnw = 13.374
       Tec = 5.7131
     twoNb = 2.83683e+06
     twoNc = 304948
     twoNw = 1.0405e+06
    twoNec = 397647
    twoNnw = 208710
  twoNecnw = 33008.3
  twoNbecnw = 74709.2
        m2 = 1.05197e-05
        m4 = 0.0269093
        m6 = 0.000589789
        Tb = 18398.7
        Td = 2.85655
        Tf = 1.42827
#       SitePat  BranchLen
              b 135996.3555394
              e 53021.5174352
              c 54512.7257293
              n 49643.2789660
              w 49643.2785966
            b:e 2353.8157510
            b:c 2872.9128068
            b:n 2059.5326956
            b:w 2059.5326735
            e:c 10778.8959180
            e:n 5132.4050459
            e:w 5132.4049697
            c:n 4917.6975388
            c:w 4917.6979082
            n:w 13396.8976204
          b:e:c 2164.1357631
          b:e:n 1199.1613446
          b:e:w 1199.1613225
          b:c:n 1201.4554389
          b:c:w 1201.4554610
          b:n:w 2160.9545875
          e:c:n 6114.6561597
          e:c:w 6114.6562359
          e:n:w 8230.5414752
          c:n:w 7089.6219559
        b:e:c:n 2061.8281500
        b:e:c:w 2061.8281720
        b:e:n:w 2801.5362593
        b:c:n:w 2356.9767645
        e:c:n:w 55384.0987276
