########################################
# legofit: estimate population history #
#       version 2.3.4-4-g53f8760       #
########################################

# Program was compiled: Sep 21 2021 14:36:42
# Program was run: Sat Oct  9 12:45:58 2021

# cmd: legofit -1 -d 0 -t 32 --ptsPerDim 3 --stateOut b1boot48.state --tol 3e-6 -S 5000 bdf2.lgo ../../boot/boot48.opf
# Stage nOptItr nSimReps
#     0    5000        0
# algorithm          : deterministic
# ignoring probs <=  : 0
# Branch length floor: 0
# DE strategy        : 2
#    F               : 0.3
#    CR              : 0.8
#    tolerance       : 3e-06
# nthreads           : 32
# lgo input file     : bdf2.lgo
# site pat input file: ../../boot/boot48.opf
# free parameters    : 13
# points in DE swarm : 39
# output state file  : b1boot48.state
# Including singleton site patterns.
# cost function      : KL
Initial parameter values
Fixed:
      zero = 0
       one = 1
    Tbecnw = 75200
Free:
       pc1 = 0
       pc2 = 0
       pc3 = 0
       pc4 = 0
       pc5 = 0
       pc6 = 0
       pc7 = 0
       pc8 = 0
       pc9 = 0
      pc10 = 0
      pc11 = 0
      pc12 = 0
      pc13 = 0
Constrained:
     Tecnw = 36347.3
       Tnw = 4941.56
       Tec = 7727.13
     twoNb = 1.03694e+06
     twoNc = 170011
     twoNw = 600521
    twoNec = 308588
    twoNnw = 171474
  twoNecnw = 33691.3
  twoNbecnw = 74535.7
        m2 = 2.4515e-05
        m4 = 0.0226804
        m6 = 0.000135536
        Tb = 22037.2
        Td = 3863.56
        Tf = 1931.78
DiffEv reached_goal. cost=3.37486e-03 spread=2.73878e-06
Fitted parameter values
Free:
       pc1 = 3.81774
       pc2 = 0.950956
       pc3 = 3.75898
       pc4 = 0.2492
       pc5 = -1.56928
       pc6 = 1.88191
       pc7 = -0.776552
       pc8 = 1.83349
       pc9 = -0.758496
      pc10 = -0.516688
      pc11 = 0.0311116
      pc12 = 0.075842
      pc13 = -0.0860679
Constrained:
     Tecnw = 36796.7
       Tnw = 11.562
       Tec = 33.0493
     twoNb = 2.78508e+06
     twoNc = 228549
     twoNw = 1.17843e+06
    twoNec = 406092
    twoNnw = 212959
  twoNecnw = 33141.7
  twoNbecnw = 74963.7
        m2 = 9.72818e-06
        m4 = 0.0272737
        m6 = 0.000562127
        Tb = 18414.9
        Td = 16.5246
        Tf = 8.26232
#       SitePat  BranchLen
              b 136119.5320186
              e 53159.2370936
              c 54671.3097726
              n 49823.1037882
              w 49823.1037020
            b:e 2373.5250263
            b:c 2901.4623182
            b:n 2081.3257251
            b:w 2081.3257199
            e:c 10727.4040652
            e:n 5184.8236676
            e:w 5184.8236498
            c:n 4965.5812949
            c:w 4965.5813812
            n:w 13318.8052329
          b:e:c 2170.3089227
          b:e:n 1215.7163175
          b:e:w 1215.7163123
          b:c:n 1218.1116845
          b:c:w 1218.1116897
          b:n:w 2167.0075111
          e:c:n 6151.2723186
          e:c:w 6151.2723364
          e:n:w 8270.6925893
          c:n:w 7115.2671408
        b:e:c:n 2083.7223877
        b:e:c:w 2083.7223929
        b:e:n:w 2827.6980469
        b:c:n:w 2376.8074216
        e:c:n:w 55334.1583680
