########################################
# legofit: estimate population history #
#       version 2.3.4-4-g53f8760       #
########################################

# Program was compiled: Sep 21 2021 14:36:42
# Program was run: Sat Oct  9 12:45:15 2021

# cmd: legofit -1 -d 0 -t 32 --ptsPerDim 3 --stateOut b1boot7.state --tol 3e-6 -S 5000 bdf2.lgo ../../boot/boot7.opf
# Stage nOptItr nSimReps
#     0    5000        0
# algorithm          : deterministic
# ignoring probs <=  : 0
# Branch length floor: 0
# DE strategy        : 2
#    F               : 0.3
#    CR              : 0.8
#    tolerance       : 3e-06
# nthreads           : 32
# lgo input file     : bdf2.lgo
# site pat input file: ../../boot/boot7.opf
# free parameters    : 13
# points in DE swarm : 39
# output state file  : b1boot7.state
# Including singleton site patterns.
# cost function      : KL
Initial parameter values
Fixed:
      zero = 0
       one = 1
    Tbecnw = 75200
Free:
       pc1 = 0
       pc2 = 0
       pc3 = 0
       pc4 = 0
       pc5 = 0
       pc6 = 0
       pc7 = 0
       pc8 = 0
       pc9 = 0
      pc10 = 0
      pc11 = 0
      pc12 = 0
      pc13 = 0
Constrained:
     Tecnw = 36347.3
       Tnw = 4941.56
       Tec = 7727.13
     twoNb = 1.03694e+06
     twoNc = 170011
     twoNw = 600521
    twoNec = 308588
    twoNnw = 171474
  twoNecnw = 33691.3
  twoNbecnw = 74535.7
        m2 = 2.4515e-05
        m4 = 0.0226804
        m6 = 0.000135536
        Tb = 22037.2
        Td = 3863.56
        Tf = 1931.78
DiffEv reached_goal. cost=3.35879e-03 spread=2.75887e-06
Fitted parameter values
Free:
       pc1 = 3.96192
       pc2 = 0.990927
       pc3 = 3.94357
       pc4 = 0.273643
       pc5 = -1.55484
       pc6 = 1.58844
       pc7 = -0.742037
       pc8 = 1.24065
       pc9 = -1.55996
      pc10 = -0.0476933
      pc11 = -0.204069
      pc12 = 0.0888047
      pc13 = -0.0882891
Constrained:
     Tecnw = 36748.7
       Tnw = 110.822
       Tec = 5.13617
     twoNb = 2.86494e+06
     twoNc = 227337
     twoNw = 1.04414e+06
    twoNec = 406278
    twoNnw = 211783
  twoNecnw = 33008.7
  twoNbecnw = 74740.9
        m2 = 2.28857e-06
        m4 = 0.0264333
        m6 = 0.000836261
        Tb = 18376.9
        Td = 2.56808
        Tf = 1.28404
#       SitePat  BranchLen
              b 136037.9326492
              e 53030.2580211
              c 54494.5422113
              n 49702.5288327
              w 49702.5240435
            b:e 2352.7717795
            b:c 2862.1611068
            b:n 2062.1725149
            b:w 2062.1722281
            e:c 10690.0256645
            e:n 5156.9906924
            e:w 5156.9897026
            c:n 4946.3519134
            c:w 4946.3567025
            n:w 13263.4750776
          b:e:c 2150.6218681
          b:e:n 1204.2737980
          b:e:w 1204.2735112
          b:c:n 1206.5099645
          b:c:w 1206.5102512
          b:n:w 2147.5400235
          e:c:n 6126.9571916
          e:c:w 6126.9581815
          e:n:w 8211.8687861
          c:n:w 7091.8803862
        b:e:c:n 2064.4089752
        b:e:c:w 2064.4092620
        b:e:n:w 2792.7355226
        b:c:n:w 2355.8492776
        e:c:n:w 55440.7997761
