########################################
# legofit: estimate population history #
#       version 2.3.4-4-g53f8760       #
########################################

# Program was compiled: Sep 21 2021 14:36:42
# Program was run: Sat Oct  9 12:45:34 2021

# cmd: legofit -1 -d 0 -t 32 --ptsPerDim 3 --stateOut b1boot28.state --tol 3e-6 -S 5000 bdf2.lgo ../../boot/boot28.opf
# Stage nOptItr nSimReps
#     0    5000        0
# algorithm          : deterministic
# ignoring probs <=  : 0
# Branch length floor: 0
# DE strategy        : 2
#    F               : 0.3
#    CR              : 0.8
#    tolerance       : 3e-06
# nthreads           : 32
# lgo input file     : bdf2.lgo
# site pat input file: ../../boot/boot28.opf
# free parameters    : 13
# points in DE swarm : 39
# output state file  : b1boot28.state
# Including singleton site patterns.
# cost function      : KL
Initial parameter values
Fixed:
      zero = 0
       one = 1
    Tbecnw = 75200
Free:
       pc1 = 0
       pc2 = 0
       pc3 = 0
       pc4 = 0
       pc5 = 0
       pc6 = 0
       pc7 = 0
       pc8 = 0
       pc9 = 0
      pc10 = 0
      pc11 = 0
      pc12 = 0
      pc13 = 0
Constrained:
     Tecnw = 36347.3
       Tnw = 4941.56
       Tec = 7727.13
     twoNb = 1.03694e+06
     twoNc = 170011
     twoNw = 600521
    twoNec = 308588
    twoNnw = 171474
  twoNecnw = 33691.3
  twoNbecnw = 74535.7
        m2 = 2.4515e-05
        m4 = 0.0226804
        m6 = 0.000135536
        Tb = 22037.2
        Td = 3863.56
        Tf = 1931.78
DiffEv reached_goal. cost=3.31668e-03 spread=2.77528e-06
Fitted parameter values
Free:
       pc1 = 3.57331
       pc2 = 1.02173
       pc3 = 3.7661
       pc4 = 0.00647386
       pc5 = -0.783979
       pc6 = 1.97224
       pc7 = -1.11622
       pc8 = 1.43041
       pc9 = -1.28554
      pc10 = -0.621324
      pc11 = 0.249777
      pc12 = 0.000994399
      pc13 = -0.135217
Constrained:
     Tecnw = 36750.5
       Tnw = 187.616
       Tec = 51.1675
     twoNb = 2.85473e+06
     twoNc = 145690
     twoNw = 1.25902e+06
    twoNec = 413811
    twoNnw = 210029
  twoNecnw = 33311.9
  twoNbecnw = 74756.2
        m2 = 1.50149e-05
        m4 = 0.0262974
        m6 = 0.000721045
        Tb = 18400.8
        Td = 25.5838
        Tf = 12.7919
#       SitePat  BranchLen
              b 135909.2598602
              e 53239.3103341
              c 54691.1663626
              n 49793.2072005
              w 49793.2017267
            b:e 2384.0143044
            b:c 2889.0263822
            b:n 2080.4534207
            b:w 2080.4530903
            e:c 10697.4819030
            e:n 5192.9463615
            e:w 5192.9452265
            c:n 4982.3741848
            c:w 4982.3796586
            n:w 13350.3922140
          b:e:c 2172.3744326
          b:e:n 1218.0738920
          b:e:w 1218.0735616
          b:c:n 1220.3278566
          b:c:w 1220.3281871
          b:n:w 2169.2586932
          e:c:n 6143.8568130
          e:c:w 6143.8579480
          e:n:w 8255.2092102
          c:n:w 7147.6523529
        b:e:c:n 2082.7093380
        b:e:c:w 2082.7096685
        b:e:n:w 2819.7835504
        b:c:n:w 2387.1014559
        e:c:n:w 55090.6011500
