########################################
# legofit: estimate population history #
#       version 2.3.4-4-g53f8760       #
########################################

# Program was compiled: Sep 21 2021 14:36:42
# Program was run: Sat Oct  9 12:45:29 2021

# cmd: legofit -1 -d 0 -t 32 --ptsPerDim 3 --stateOut b1boot23.state --tol 3e-6 -S 5000 bdf2.lgo ../../boot/boot23.opf
# Stage nOptItr nSimReps
#     0    5000        0
# algorithm          : deterministic
# ignoring probs <=  : 0
# Branch length floor: 0
# DE strategy        : 2
#    F               : 0.3
#    CR              : 0.8
#    tolerance       : 3e-06
# nthreads           : 32
# lgo input file     : bdf2.lgo
# site pat input file: ../../boot/boot23.opf
# free parameters    : 13
# points in DE swarm : 39
# output state file  : b1boot23.state
# Including singleton site patterns.
# cost function      : KL
Initial parameter values
Fixed:
      zero = 0
       one = 1
    Tbecnw = 75200
Free:
       pc1 = 0
       pc2 = 0
       pc3 = 0
       pc4 = 0
       pc5 = 0
       pc6 = 0
       pc7 = 0
       pc8 = 0
       pc9 = 0
      pc10 = 0
      pc11 = 0
      pc12 = 0
      pc13 = 0
Constrained:
     Tecnw = 36347.3
       Tnw = 4941.56
       Tec = 7727.13
     twoNb = 1.03694e+06
     twoNc = 170011
     twoNw = 600521
    twoNec = 308588
    twoNnw = 171474
  twoNecnw = 33691.3
  twoNbecnw = 74535.7
        m2 = 2.4515e-05
        m4 = 0.0226804
        m6 = 0.000135536
        Tb = 22037.2
        Td = 3863.56
        Tf = 1931.78
DiffEv reached_goal. cost=3.32499e-03 spread=2.97910e-06
Fitted parameter values
Free:
       pc1 = 2.57745
       pc2 = 0.508397
       pc3 = 3.91383
       pc4 = 0.94549
       pc5 = -0.475544
       pc6 = 1.87115
       pc7 = -1.20455
       pc8 = 1.59041
       pc9 = -1.22986
      pc10 = -0.0571482
      pc11 = 0.394945
      pc12 = -0.0307232
      pc13 = -0.0290656
Constrained:
     Tecnw = 36616.4
       Tnw = 138.301
       Tec = 221.143
     twoNb = 2.73846e+06
     twoNc = 240419
     twoNw = 1.18356e+06
    twoNec = 399581
    twoNnw = 207296
  twoNecnw = 33394.9
  twoNbecnw = 74170
        m2 = 2.41468e-05
        m4 = 0.0264104
        m6 = 0.000542516
        Tb = 18418.8
        Td = 110.572
        Tf = 55.2858
#       SitePat  BranchLen
              b 135452.6148189
              e 53035.8641261
              c 54488.9599573
              n 49609.3120783
              w 49609.3100061
            b:e 2359.3187207
            b:c 2865.5933677
            b:n 2060.6077783
            b:w 2060.6076540
            e:c 10754.9257224
            e:n 5158.4410079
            e:w 5158.4405788
            c:n 4946.7880129
            c:w 4946.7900852
            n:w 13401.1020179
          b:e:c 2162.5090468
          b:e:n 1202.0500850
          b:e:w 1202.0499608
          b:c:n 1204.3809712
          b:c:w 1204.3810954
          b:n:w 2159.2741612
          e:c:n 6118.6072106
          e:c:w 6118.6076397
          e:n:w 8220.3595130
          c:n:w 7110.6868275
        b:e:c:n 2062.9419001
        b:e:c:w 2062.9420244
        b:e:n:w 2793.5622971
        b:c:n:w 2362.5059725
        e:c:n:w 54804.7200205
