########################################
# legofit: estimate population history #
#       version 2.3.4-4-g53f8760       #
########################################

# Program was compiled: Sep 21 2021 14:36:42
# Program was run: Sat Oct  9 12:45:34 2021

# cmd: legofit -1 -d 0 -t 32 --ptsPerDim 3 --stateOut b1boot29.state --tol 3e-6 -S 5000 bdf2.lgo ../../boot/boot29.opf
# Stage nOptItr nSimReps
#     0    5000        0
# algorithm          : deterministic
# ignoring probs <=  : 0
# Branch length floor: 0
# DE strategy        : 2
#    F               : 0.3
#    CR              : 0.8
#    tolerance       : 3e-06
# nthreads           : 32
# lgo input file     : bdf2.lgo
# site pat input file: ../../boot/boot29.opf
# free parameters    : 13
# points in DE swarm : 39
# output state file  : b1boot29.state
# Including singleton site patterns.
# cost function      : KL
Initial parameter values
Fixed:
      zero = 0
       one = 1
    Tbecnw = 75200
Free:
       pc1 = 0
       pc2 = 0
       pc3 = 0
       pc4 = 0
       pc5 = 0
       pc6 = 0
       pc7 = 0
       pc8 = 0
       pc9 = 0
      pc10 = 0
      pc11 = 0
      pc12 = 0
      pc13 = 0
Constrained:
     Tecnw = 36347.3
       Tnw = 4941.56
       Tec = 7727.13
     twoNb = 1.03694e+06
     twoNc = 170011
     twoNw = 600521
    twoNec = 308588
    twoNnw = 171474
  twoNecnw = 33691.3
  twoNbecnw = 74535.7
        m2 = 2.4515e-05
        m4 = 0.0226804
        m6 = 0.000135536
        Tb = 22037.2
        Td = 3863.56
        Tf = 1931.78
DiffEv reached_goal. cost=3.32817e-03 spread=2.24157e-06
Fitted parameter values
Free:
       pc1 = 3.86068
       pc2 = 1.13195
       pc3 = 3.73481
       pc4 = 0.16763
       pc5 = -1.61292
       pc6 = 1.78524
       pc7 = -1.62562
       pc8 = 1.93368
       pc9 = -0.977093
      pc10 = 0.462803
      pc11 = -0.00199668
      pc12 = 0.00624569
      pc13 = -0.00904069
Constrained:
     Tecnw = 36828.4
       Tnw = 34.1575
       Tec = 53.5876
     twoNb = 2.92015e+06
     twoNc = 129773
     twoNw = 1.15335e+06
    twoNec = 398422
    twoNnw = 209391
  twoNecnw = 32900.1
  twoNbecnw = 74568.2
        m2 = 5.90507e-06
        m4 = 0.0274105
        m6 = 0.000489056
        Tb = 18441
        Td = 26.7938
        Tf = 13.3969
#       SitePat  BranchLen
              b 135907.8209833
              e 53009.5296109
              c 54531.2447343
              n 49644.6393606
              w 49644.6388806
            b:e 2342.7137121
            b:c 2869.5837452
            b:n 2050.6836948
            b:w 2050.6836662
            e:c 10736.4966209
            e:n 5122.6780705
            e:w 5122.6779717
            c:n 4903.9495911
            c:w 4903.9500711
            n:w 13351.8092697
          b:e:c 2152.7970666
          b:e:n 1194.6861094
          b:e:w 1194.6860808
          b:c:n 1196.9473380
          b:c:w 1196.9473666
          b:n:w 2149.6654268
          e:c:n 6097.2277798
          e:c:w 6097.2278785
          e:n:w 8228.0076354
          c:n:w 7065.5455731
        b:e:c:n 2052.9456616
        b:e:c:w 2052.9456902
        b:e:n:w 2799.0236062
        b:c:n:w 2345.8343778
        e:c:n:w 55354.3210308
