########################################
# legofit: estimate population history #
#       version 2.3.4-4-g53f8760       #
########################################

# Program was compiled: Sep 21 2021 14:36:42
# Program was run: Sat Oct  9 12:45:22 2021

# cmd: legofit -1 -d 0 -t 32 --ptsPerDim 3 --stateOut b1boot14.state --tol 3e-6 -S 5000 bdf2.lgo ../../boot/boot14.opf
# Stage nOptItr nSimReps
#     0    5000        0
# algorithm          : deterministic
# ignoring probs <=  : 0
# Branch length floor: 0
# DE strategy        : 2
#    F               : 0.3
#    CR              : 0.8
#    tolerance       : 3e-06
# nthreads           : 32
# lgo input file     : bdf2.lgo
# site pat input file: ../../boot/boot14.opf
# free parameters    : 13
# points in DE swarm : 39
# output state file  : b1boot14.state
# Including singleton site patterns.
# cost function      : KL
Initial parameter values
Fixed:
      zero = 0
       one = 1
    Tbecnw = 75200
Free:
       pc1 = 0
       pc2 = 0
       pc3 = 0
       pc4 = 0
       pc5 = 0
       pc6 = 0
       pc7 = 0
       pc8 = 0
       pc9 = 0
      pc10 = 0
      pc11 = 0
      pc12 = 0
      pc13 = 0
Constrained:
     Tecnw = 36347.3
       Tnw = 4941.56
       Tec = 7727.13
     twoNb = 1.03694e+06
     twoNc = 170011
     twoNw = 600521
    twoNec = 308588
    twoNnw = 171474
  twoNecnw = 33691.3
  twoNbecnw = 74535.7
        m2 = 2.4515e-05
        m4 = 0.0226804
        m6 = 0.000135536
        Tb = 22037.2
        Td = 3863.56
        Tf = 1931.78
DiffEv reached_goal. cost=3.32613e-03 spread=2.13272e-06
Fitted parameter values
Free:
       pc1 = 3.74589
       pc2 = 0.980053
       pc3 = 3.50788
       pc4 = 0.383442
       pc5 = -0.968755
       pc6 = 1.99213
       pc7 = -0.639348
       pc8 = 1.91875
       pc9 = -1.39621
      pc10 = -0.384382
      pc11 = -0.0738949
      pc12 = -0.0763559
      pc13 = -0.115879
Constrained:
     Tecnw = 36745.3
       Tnw = 81.6475
       Tec = 7.60445
     twoNb = 2.9075e+06
     twoNc = 244045
     twoNw = 1.27265e+06
    twoNec = 417560
    twoNnw = 208065
  twoNecnw = 33140.6
  twoNbecnw = 74829.3
        m2 = 1.36872e-05
        m4 = 0.0258409
        m6 = 0.000588829
        Tb = 18376.5
        Td = 3.80223
        Tf = 1.90111
#       SitePat  BranchLen
              b 136062.4190360
              e 53188.6511584
              c 54622.0171759
              n 49639.9981792
              w 49639.9961662
            b:e 2375.9517711
            b:c 2873.1357443
            b:n 2064.7979372
            b:w 2064.7978163
            e:c 10662.9384458
            e:n 5166.8272480
            e:w 5166.8268318
            c:n 4960.2646180
            c:w 4960.2666310
            n:w 13385.4371675
          b:e:c 2164.0195017
          b:e:n 1209.9070142
          b:e:w 1209.9068933
          b:c:n 1212.0675173
          b:c:w 1212.0676382
          b:n:w 2161.0225475
          e:c:n 6115.8413836
          e:c:w 6115.8417998
          e:n:w 8243.0654911
          c:n:w 7148.5856445
        b:e:c:n 2066.9601763
        b:e:c:w 2066.9602972
        b:e:n:w 2806.1916493
        b:c:n:w 2378.9230881
        e:c:n:w 55369.2389664
