########################################
# legofit: estimate population history #
#       version 2.3.4-4-g53f8760       #
########################################

# Program was compiled: Sep 21 2021 14:36:42
# Program was run: Sat Oct  9 12:45:22 2021

# cmd: legofit -1 -d 0 -t 32 --ptsPerDim 3 --stateOut b1boot16.state --tol 3e-6 -S 5000 bdf2.lgo ../../boot/boot16.opf
# Stage nOptItr nSimReps
#     0    5000        0
# algorithm          : deterministic
# ignoring probs <=  : 0
# Branch length floor: 0
# DE strategy        : 2
#    F               : 0.3
#    CR              : 0.8
#    tolerance       : 3e-06
# nthreads           : 32
# lgo input file     : bdf2.lgo
# site pat input file: ../../boot/boot16.opf
# free parameters    : 13
# points in DE swarm : 39
# output state file  : b1boot16.state
# Including singleton site patterns.
# cost function      : KL
Initial parameter values
Fixed:
      zero = 0
       one = 1
    Tbecnw = 75200
Free:
       pc1 = 0
       pc2 = 0
       pc3 = 0
       pc4 = 0
       pc5 = 0
       pc6 = 0
       pc7 = 0
       pc8 = 0
       pc9 = 0
      pc10 = 0
      pc11 = 0
      pc12 = 0
      pc13 = 0
Constrained:
     Tecnw = 36347.3
       Tnw = 4941.56
       Tec = 7727.13
     twoNb = 1.03694e+06
     twoNc = 170011
     twoNw = 600521
    twoNec = 308588
    twoNnw = 171474
  twoNecnw = 33691.3
  twoNbecnw = 74535.7
        m2 = 2.4515e-05
        m4 = 0.0226804
        m6 = 0.000135536
        Tb = 22037.2
        Td = 3863.56
        Tf = 1931.78
DiffEv reached_goal. cost=3.30305e-03 spread=2.94363e-06
Fitted parameter values
Free:
       pc1 = 3.99298
       pc2 = 1.22024
       pc3 = 3.77069
       pc4 = -0.86744
       pc5 = -0.658004
       pc6 = 1.68121
       pc7 = -1.7216
       pc8 = 1.99753
       pc9 = -1.0976
      pc10 = -0.144144
      pc11 = -0.0106233
      pc12 = -0.0250278
      pc13 = -0.0873286
Constrained:
     Tecnw = 36774.3
       Tnw = 80.184
       Tec = 28.2497
     twoNb = 2.8104e+06
     twoNc = 14478.2
     twoNw = 1.562e+06
    twoNec = 410434
    twoNnw = 209362
  twoNecnw = 33063.7
  twoNbecnw = 74750.6
        m2 = 5.53195e-06
        m4 = 0.0265993
        m6 = 0.000638214
        Tb = 18401.3
        Td = 14.1249
        Tf = 7.06243
#       SitePat  BranchLen
              b 136008.0913123
              e 53126.8163442
              c 54599.7137255
              n 49672.1036557
              w 49672.1020253
            b:e 2364.1582189
            b:c 2877.6892585
            b:n 2062.2362858
            b:w 2062.2361881
            e:c 10685.1050748
            e:n 5157.4130567
            e:w 5157.4127200
            c:n 4944.9588007
            c:w 4944.9604312
            n:w 13350.9211741
          b:e:c 2159.5325704
          b:e:n 1206.0189008
          b:e:w 1206.0188031
          b:c:n 1208.3138074
          b:c:w 1208.3139051
          b:n:w 2156.3567511
          e:c:n 6114.6692930
          e:c:w 6114.6696297
          e:n:w 8242.9735191
          c:n:w 7116.0315654
        b:e:c:n 2064.5319163
        b:e:c:w 2064.5320141
        b:e:n:w 2806.4932660
        b:c:n:w 2367.3233350
        e:c:n:w 55351.5012056
