########################################
# legofit: estimate population history #
#       version 2.3.4-4-g53f8760       #
########################################

# Program was compiled: Sep 21 2021 14:36:42
# Program was run: Thu Oct 14 10:48:19 2021

# cmd: legofit -1 -d 0 -t 32 --ptsPerDim 3 --stateOut b1boot7.state --tol 3e-6 -S 5000 bdegh2.lgo ../../boot/boot7.opf
# Stage nOptItr nSimReps
#     0    5000        0
# algorithm          : deterministic
# ignoring probs <=  : 0
# Branch length floor: 0
# DE strategy        : 2
#    F               : 0.3
#    CR              : 0.8
#    tolerance       : 3e-06
# nthreads           : 32
# lgo input file     : bdegh2.lgo
# site pat input file: ../../boot/boot7.opf
# free parameters    : 16
# points in DE swarm : 48
# output state file  : b1boot7.state
# Including singleton site patterns.
# cost function      : KL
Initial parameter values
Fixed:
      zero = 0
       one = 1
    Tbecnw = 75200
Free:
       pc1 = 0
       pc2 = 0
       pc3 = 0
       pc4 = 0
       pc5 = 0
       pc6 = 0
       pc7 = 0
       pc8 = 0
       pc9 = 0
      pc10 = 0
      pc11 = 0
      pc12 = 0
      pc13 = 0
      pc14 = 0
      pc15 = 0
      pc16 = 0
Constrained:
     Tecnw = 61284.7
       Tnw = 1611.11
       Tec = 1563.34
     twoNb = 2.68413e+06
     twoNe = 338763
     twoNc = 342106
     twoNw = 1.08973e+06
    twoNec = 105317
    twoNnw = 171168
  twoNecnw = 13040.4
  twoNbecnw = 88720
        m2 = 0.00501204
        m4 = 0.00968479
        m5 = 0.13753
        m7 = 0.00015906
        m8 = 0.379694
        Th = 1587.22
        Tb = 31436
        Td = 781.669
        Te = 390.834
        Tg = 195.417
DiffEv reached_goal. cost=2.31131e-03 spread=2.85404e-06
Fitted parameter values
Free:
       pc1 = -2.54463
       pc2 = -0.134535
       pc3 = 0.748553
       pc4 = 2.4863
       pc5 = -1.28617
       pc6 = -1.67495
       pc7 = 1.35922
       pc8 = 1.76925
       pc9 = 1.77901
      pc10 = 0.166282
      pc11 = -0.168118
      pc12 = -0.53204
      pc13 = -0.00295222
      pc14 = -0.0142069
      pc15 = -0.0760574
      pc16 = 0.0102056
Constrained:
     Tecnw = 60578.4
       Tnw = 44.9821
       Tec = 18.1009
     twoNb = 7.79567e+06
     twoNe = 499673
     twoNc = 387805
     twoNw = 1.35149e+06
    twoNec = 108505
    twoNnw = 182774
  twoNecnw = 13438
  twoNbecnw = 88438.9
        m2 = 0.0105201
        m4 = 0.0105894
        m5 = 0.134945
        m7 = 0.00102048
        m8 = 0.376297
        Th = 31.5415
        Tb = 30305
        Td = 9.05044
        Te = 4.52522
        Tg = 2.26261
#       SitePat  BranchLen
              b 148135.7169466
              e 57502.4862727
              c 60169.9777497
              n 54661.4529457
              w 54660.7851647
            b:e 2703.2665269
            b:c 3160.8046597
            b:n 2250.1956728
            b:w 2250.1565572
            e:c 12462.5322331
            e:n 6475.7804182
            e:w 6476.1808783
            c:n 5765.5468300
            c:w 5765.6897278
            n:w 14409.0898124
          b:e:c 2508.2558626
          b:e:n 1314.7379417
          b:e:w 1314.7506544
          b:c:n 1315.0949659
          b:c:w 1315.0822449
          b:n:w 2506.8486650
          e:c:n 5332.8198704
          e:c:w 5332.9442935
          e:n:w 8201.7724473
          c:n:w 6942.9006031
        b:e:c:n 2250.8028996
        b:e:c:w 2250.8420235
        b:e:n:w 3146.2508917
        b:c:n:w 2700.1292501
        e:c:n:w 61849.5125487
