########################################
# legofit: estimate population history #
#       version 2.3.4-4-g53f8760       #
########################################

# Program was compiled: Sep 21 2021 14:36:42
# Program was run: Thu Oct 14 10:48:19 2021

# cmd: legofit -1 -d 0 -t 32 --ptsPerDim 3 --stateOut b1boot6.state --tol 3e-6 -S 5000 bdegh2.lgo ../../boot/boot6.opf
# Stage nOptItr nSimReps
#     0    5000        0
# algorithm          : deterministic
# ignoring probs <=  : 0
# Branch length floor: 0
# DE strategy        : 2
#    F               : 0.3
#    CR              : 0.8
#    tolerance       : 3e-06
# nthreads           : 32
# lgo input file     : bdegh2.lgo
# site pat input file: ../../boot/boot6.opf
# free parameters    : 16
# points in DE swarm : 48
# output state file  : b1boot6.state
# Including singleton site patterns.
# cost function      : KL
Initial parameter values
Fixed:
      zero = 0
       one = 1
    Tbecnw = 75200
Free:
       pc1 = 0
       pc2 = 0
       pc3 = 0
       pc4 = 0
       pc5 = 0
       pc6 = 0
       pc7 = 0
       pc8 = 0
       pc9 = 0
      pc10 = 0
      pc11 = 0
      pc12 = 0
      pc13 = 0
      pc14 = 0
      pc15 = 0
      pc16 = 0
Constrained:
     Tecnw = 61284.7
       Tnw = 1611.11
       Tec = 1563.34
     twoNb = 2.68413e+06
     twoNe = 338763
     twoNc = 342106
     twoNw = 1.08973e+06
    twoNec = 105317
    twoNnw = 171168
  twoNecnw = 13040.4
  twoNbecnw = 88720
        m2 = 0.00501204
        m4 = 0.00968479
        m5 = 0.13753
        m7 = 0.00015906
        m8 = 0.379694
        Th = 1587.22
        Tb = 31436
        Td = 781.669
        Te = 390.834
        Tg = 195.417
DiffEv reached_goal. cost=2.26851e-03 spread=2.47342e-06
Fitted parameter values
Free:
       pc1 = -2.38789
       pc2 = -0.368535
       pc3 = -0.775722
       pc4 = 3.17263
       pc5 = -1.67225
       pc6 = -1.50558
       pc7 = 1.43598
       pc8 = 1.65489
       pc9 = 1.6687
      pc10 = 0.21792
      pc11 = 0.428741
      pc12 = -0.235787
      pc13 = 0.100909
      pc14 = 0.0349278
      pc15 = -0.0673424
      pc16 = 0.00191459
Constrained:
     Tecnw = 60954
       Tnw = 83.3974
       Tec = 59.199
     twoNb = 7.2697e+06
     twoNe = 780791
     twoNc = 302542
     twoNw = 1.94072e+06
    twoNec = 107372
    twoNnw = 183354
  twoNecnw = 13104.9
  twoNbecnw = 88562.2
        m2 = 0.0113129
        m4 = 0.0110195
        m5 = 0.140302
        m7 = 0.00109127
        m8 = 0.376743
        Th = 71.2982
        Tb = 30512.6
        Td = 29.5995
        Te = 14.7998
        Tg = 7.39988
#       SitePat  BranchLen
              b 148209.8431839
              e 57612.8229286
              c 60390.1759928
              n 54827.3433668
              w 54826.7757594
            b:e 2708.6469888
            b:c 3186.9894703
            b:n 2253.7950186
            b:w 2253.7618342
            e:c 12483.8402482
            e:n 6496.5177821
            e:w 6496.9173980
            c:n 5756.1822398
            c:w 5756.2455824
            n:w 14411.1359462
          b:e:c 2514.4246023
          b:e:n 1316.7926929
          b:e:w 1316.8092867
          b:c:n 1317.1940969
          b:c:w 1317.1774946
          b:n:w 2512.8228191
          e:c:n 5317.7599334
          e:c:w 5317.8645823
          e:n:w 8232.1766389
          c:n:w 6922.3171282
        b:e:c:n 2254.4918602
        b:e:c:w 2254.5250531
        b:e:n:w 3170.6587615
        b:c:n:w 2705.0604724
        e:c:n:w 61798.7448786
