########################################
# legofit: estimate population history #
#       version 2.3.4-4-g53f8760       #
########################################

# Program was compiled: Sep 21 2021 14:36:42
# Program was run: Thu Oct 14 10:49:03 2021

# cmd: legofit -1 -d 0 -t 32 --ptsPerDim 3 --stateOut b1boot33.state --tol 3e-6 -S 5000 bdegh2.lgo ../../boot/boot33.opf
# Stage nOptItr nSimReps
#     0    5000        0
# algorithm          : deterministic
# ignoring probs <=  : 0
# Branch length floor: 0
# DE strategy        : 2
#    F               : 0.3
#    CR              : 0.8
#    tolerance       : 3e-06
# nthreads           : 32
# lgo input file     : bdegh2.lgo
# site pat input file: ../../boot/boot33.opf
# free parameters    : 16
# points in DE swarm : 48
# output state file  : b1boot33.state
# Including singleton site patterns.
# cost function      : KL
Initial parameter values
Fixed:
      zero = 0
       one = 1
    Tbecnw = 75200
Free:
       pc1 = 0
       pc2 = 0
       pc3 = 0
       pc4 = 0
       pc5 = 0
       pc6 = 0
       pc7 = 0
       pc8 = 0
       pc9 = 0
      pc10 = 0
      pc11 = 0
      pc12 = 0
      pc13 = 0
      pc14 = 0
      pc15 = 0
      pc16 = 0
Constrained:
     Tecnw = 61284.7
       Tnw = 1611.11
       Tec = 1563.34
     twoNb = 2.68413e+06
     twoNe = 338763
     twoNc = 342106
     twoNw = 1.08973e+06
    twoNec = 105317
    twoNnw = 171168
  twoNecnw = 13040.4
  twoNbecnw = 88720
        m2 = 0.00501204
        m4 = 0.00968479
        m5 = 0.13753
        m7 = 0.00015906
        m8 = 0.379694
        Th = 1587.22
        Tb = 31436
        Td = 781.669
        Te = 390.834
        Tg = 195.417
DiffEv reached_goal. cost=2.26080e-03 spread=2.33609e-06
Fitted parameter values
Free:
       pc1 = -2.37007
       pc2 = -0.203607
       pc3 = 0.15586
       pc4 = 3.22851
       pc5 = -0.637146
       pc6 = -1.96588
       pc7 = 1.90386
       pc8 = 1.73358
       pc9 = 1.79665
      pc10 = 0.134514
      pc11 = 0.523434
      pc12 = 0.0327489
      pc13 = 0.126627
      pc14 = -0.101581
      pc15 = -0.0628273
      pc16 = 0.0180991
Constrained:
     Tecnw = 60836.4
       Tnw = 87.6636
       Tec = 80.5713
     twoNb = 7.12757e+06
     twoNe = 499719
     twoNc = 279992
     twoNw = 1.49864e+06
    twoNec = 107259
    twoNnw = 181884
  twoNecnw = 13157.6
  twoNbecnw = 88487.6
        m2 = 0.0107736
        m4 = 0.0116898
        m5 = 0.139638
        m7 = 0.0013507
        m8 = 0.372975
        Th = 84.1174
        Tb = 30460.2
        Td = 40.2857
        Te = 20.1428
        Tg = 10.0714
#       SitePat  BranchLen
              b 148209.0947505
              e 57500.2642725
              c 60307.9251324
              n 54699.4443355
              w 54698.9614945
            b:e 2694.9688590
            b:c 3181.8450861
            b:n 2239.0487247
            b:w 2239.0206792
            e:c 12524.5970847
            e:n 6460.3361974
            e:w 6460.7561642
            c:n 5715.6183673
            c:w 5715.5934608
            n:w 14465.1703217
          b:e:c 2512.3339692
          b:e:n 1305.0470105
          b:e:w 1305.0688725
          b:c:n 1305.4726284
          b:c:w 1305.4507579
          b:n:w 2510.6879745
          e:c:n 5294.9924346
          e:c:w 5295.0802153
          e:n:w 8238.3436993
          c:n:w 6906.2797581
        b:e:c:n 2239.7823849
        b:e:c:w 2239.8104390
        b:e:n:w 3164.5578819
        b:c:n:w 2691.1577663
        e:c:n:w 61907.4082994
