########################################
# legofit: estimate population history #
#       version 2.3.4-4-g53f8760       #
########################################

# Program was compiled: Sep 21 2021 14:36:42
# Program was run: Thu Oct 14 10:48:50 2021

# cmd: legofit -1 -d 0 -t 32 --ptsPerDim 3 --stateOut b1boot26.state --tol 3e-6 -S 5000 bdegh2.lgo ../../boot/boot26.opf
# Stage nOptItr nSimReps
#     0    5000        0
# algorithm          : deterministic
# ignoring probs <=  : 0
# Branch length floor: 0
# DE strategy        : 2
#    F               : 0.3
#    CR              : 0.8
#    tolerance       : 3e-06
# nthreads           : 32
# lgo input file     : bdegh2.lgo
# site pat input file: ../../boot/boot26.opf
# free parameters    : 16
# points in DE swarm : 48
# output state file  : b1boot26.state
# Including singleton site patterns.
# cost function      : KL
Initial parameter values
Fixed:
      zero = 0
       one = 1
    Tbecnw = 75200
Free:
       pc1 = 0
       pc2 = 0
       pc3 = 0
       pc4 = 0
       pc5 = 0
       pc6 = 0
       pc7 = 0
       pc8 = 0
       pc9 = 0
      pc10 = 0
      pc11 = 0
      pc12 = 0
      pc13 = 0
      pc14 = 0
      pc15 = 0
      pc16 = 0
Constrained:
     Tecnw = 61284.7
       Tnw = 1611.11
       Tec = 1563.34
     twoNb = 2.68413e+06
     twoNe = 338763
     twoNc = 342106
     twoNw = 1.08973e+06
    twoNec = 105317
    twoNnw = 171168
  twoNecnw = 13040.4
  twoNbecnw = 88720
        m2 = 0.00501204
        m4 = 0.00968479
        m5 = 0.13753
        m7 = 0.00015906
        m8 = 0.379694
        Th = 1587.22
        Tb = 31436
        Td = 781.669
        Te = 390.834
        Tg = 195.417
DiffEv reached_goal. cost=2.29676e-03 spread=2.50367e-06
Fitted parameter values
Free:
       pc1 = -2.79494
       pc2 = 0.360372
       pc3 = 0.828455
       pc4 = 3.17226
       pc5 = -1.57057
       pc6 = -1.90072
       pc7 = 1.686
       pc8 = 1.93589
       pc9 = 1.56546
      pc10 = 0.505968
      pc11 = 0.0969912
      pc12 = -0.462214
      pc13 = 0.157425
      pc14 = 0.0165745
      pc15 = -0.0345079
      pc16 = 0.00226398
Constrained:
     Tecnw = 60482.9
       Tnw = 74.6493
       Tec = 71.504
     twoNb = 8.36139e+06
     twoNe = 435162
     twoNc = 378422
     twoNw = 1.65846e+06
    twoNec = 108275
    twoNnw = 183647
  twoNecnw = 13584.7
  twoNbecnw = 88086.3
        m2 = 0.0107933
        m4 = 0.0108517
        m5 = 0.137038
        m7 = 0.00117264
        m8 = 0.373545
        Th = 73.0767
        Tb = 30278
        Td = 35.752
        Te = 17.876
        Tg = 8.938
#       SitePat  BranchLen
              b 147742.5516306
              e 57532.0884386
              c 60235.3382528
              n 54761.1150479
              w 54760.7885117
            b:e 2706.7525621
            b:c 3168.8147978
            b:n 2258.2459522
            b:w 2258.2268539
            e:c 12497.2029498
            e:n 6470.3283786
            e:w 6470.6295996
            c:n 5749.5042043
            c:w 5749.4700131
            n:w 14405.9084315
          b:e:c 2516.1196512
          b:e:n 1317.3313790
          b:e:w 1317.3479713
          b:c:n 1317.6741959
          b:c:w 1317.6575987
          b:n:w 2514.7633953
          e:c:n 5343.9971929
          e:c:w 5344.0566993
          e:n:w 8204.8879463
          c:n:w 6932.2227517
        b:e:c:n 2258.8514990
        b:e:c:w 2258.8706021
        b:e:n:w 3154.9500340
        b:c:n:w 2703.6344952
        e:c:n:w 61418.3777144
