########################################
# legofit: estimate population history #
#       version 2.3.4-4-g53f8760       #
########################################

# Program was compiled: Sep 21 2021 14:36:42
# Program was run: Thu Oct 14 10:49:03 2021

# cmd: legofit -1 -d 0 -t 32 --ptsPerDim 3 --stateOut b1boot34.state --tol 3e-6 -S 5000 bdegh2.lgo ../../boot/boot34.opf
# Stage nOptItr nSimReps
#     0    5000        0
# algorithm          : deterministic
# ignoring probs <=  : 0
# Branch length floor: 0
# DE strategy        : 2
#    F               : 0.3
#    CR              : 0.8
#    tolerance       : 3e-06
# nthreads           : 32
# lgo input file     : bdegh2.lgo
# site pat input file: ../../boot/boot34.opf
# free parameters    : 16
# points in DE swarm : 48
# output state file  : b1boot34.state
# Including singleton site patterns.
# cost function      : KL
Initial parameter values
Fixed:
      zero = 0
       one = 1
    Tbecnw = 75200
Free:
       pc1 = 0
       pc2 = 0
       pc3 = 0
       pc4 = 0
       pc5 = 0
       pc6 = 0
       pc7 = 0
       pc8 = 0
       pc9 = 0
      pc10 = 0
      pc11 = 0
      pc12 = 0
      pc13 = 0
      pc14 = 0
      pc15 = 0
      pc16 = 0
Constrained:
     Tecnw = 61284.7
       Tnw = 1611.11
       Tec = 1563.34
     twoNb = 2.68413e+06
     twoNe = 338763
     twoNc = 342106
     twoNw = 1.08973e+06
    twoNec = 105317
    twoNnw = 171168
  twoNecnw = 13040.4
  twoNbecnw = 88720
        m2 = 0.00501204
        m4 = 0.00968479
        m5 = 0.13753
        m7 = 0.00015906
        m8 = 0.379694
        Th = 1587.22
        Tb = 31436
        Td = 781.669
        Te = 390.834
        Tg = 195.417
DiffEv reached_goal. cost=2.27362e-03 spread=2.70549e-06
Fitted parameter values
Free:
       pc1 = -2.6614
       pc2 = 0.73349
       pc3 = -0.775523
       pc4 = 3.84573
       pc5 = -1.37055
       pc6 = -1.97966
       pc7 = 1.99601
       pc8 = 1.65015
       pc9 = 1.64287
      pc10 = 0.25706
      pc11 = 0.716527
      pc12 = -0.14595
      pc13 = -0.0504667
      pc14 = 0.0602639
      pc15 = -0.0225851
      pc16 = -0.0198218
Constrained:
     Tecnw = 60613.8
       Tnw = 52.7538
       Tec = 39.4417
     twoNb = 7.04212e+06
     twoNe = 671841
     twoNc = 327813
     twoNw = 2.08836e+06
    twoNec = 108077
    twoNnw = 181472
  twoNecnw = 13426
  twoNbecnw = 88213.9
        m2 = 0.0120971
        m4 = 0.0109889
        m5 = 0.144741
        m7 = 0.00141775
        m8 = 0.373739
        Th = 46.0977
        Tb = 30330
        Td = 19.7208
        Te = 9.86042
        Tg = 4.93021
#       SitePat  BranchLen
              b 147890.7509810
              e 57454.9394167
              c 60301.1861793
              n 54569.5950138
              w 54569.2807116
            b:e 2713.9779859
            b:c 3195.2323003
            b:n 2240.8470683
            b:w 2240.8287214
            e:c 12443.2121046
            e:n 6507.4351743
            e:w 6507.6645591
            c:n 5744.7822254
            c:w 5744.8091646
            n:w 14451.8431505
          b:e:c 2507.3391524
          b:e:n 1311.8665084
          b:e:w 1311.8764830
          b:c:n 1312.2606945
          b:c:w 1312.2507147
          b:n:w 2505.5999445
          e:c:n 5307.8150447
          e:c:w 5307.8730229
          e:n:w 8288.1619868
          c:n:w 6953.9122661
        b:e:c:n 2241.6119826
        b:e:c:w 2241.6303346
        b:e:n:w 3178.1841268
        b:c:n:w 2709.6726963
        e:c:n:w 61590.3418118
