########################################
# legofit: estimate population history #
#       version 2.3.4-4-g53f8760       #
########################################

# Program was compiled: Sep 21 2021 14:36:42
# Program was run: Thu Oct 14 10:49:10 2021

# cmd: legofit -1 -d 0 -t 32 --ptsPerDim 3 --stateOut b1boot38.state --tol 3e-6 -S 5000 bdegh2.lgo ../../boot/boot38.opf
# Stage nOptItr nSimReps
#     0    5000        0
# algorithm          : deterministic
# ignoring probs <=  : 0
# Branch length floor: 0
# DE strategy        : 2
#    F               : 0.3
#    CR              : 0.8
#    tolerance       : 3e-06
# nthreads           : 32
# lgo input file     : bdegh2.lgo
# site pat input file: ../../boot/boot38.opf
# free parameters    : 16
# points in DE swarm : 48
# output state file  : b1boot38.state
# Including singleton site patterns.
# cost function      : KL
Initial parameter values
Fixed:
      zero = 0
       one = 1
    Tbecnw = 75200
Free:
       pc1 = 0
       pc2 = 0
       pc3 = 0
       pc4 = 0
       pc5 = 0
       pc6 = 0
       pc7 = 0
       pc8 = 0
       pc9 = 0
      pc10 = 0
      pc11 = 0
      pc12 = 0
      pc13 = 0
      pc14 = 0
      pc15 = 0
      pc16 = 0
Constrained:
     Tecnw = 61284.7
       Tnw = 1611.11
       Tec = 1563.34
     twoNb = 2.68413e+06
     twoNe = 338763
     twoNc = 342106
     twoNw = 1.08973e+06
    twoNec = 105317
    twoNnw = 171168
  twoNecnw = 13040.4
  twoNbecnw = 88720
        m2 = 0.00501204
        m4 = 0.00968479
        m5 = 0.13753
        m7 = 0.00015906
        m8 = 0.379694
        Th = 1587.22
        Tb = 31436
        Td = 781.669
        Te = 390.834
        Tg = 195.417
DiffEv reached_goal. cost=2.27527e-03 spread=2.93330e-06
Fitted parameter values
Free:
       pc1 = -2.1151
       pc2 = -1.06469
       pc3 = 1.27264
       pc4 = 1.57508
       pc5 = -0.730147
       pc6 = -1.7658
       pc7 = 1.66874
       pc8 = 1.38605
       pc9 = 1.63835
      pc10 = -0.0754721
      pc11 = 0.49044
      pc12 = -0.0801042
      pc13 = 0.104311
      pc14 = 0.0125953
      pc15 = -0.0448074
      pc16 = 0.0056019
Constrained:
     Tecnw = 61010.4
       Tnw = 28.4545
       Tec = 24.1553
     twoNb = 7.0856e+06
     twoNe = 274441
     twoNc = 454455
     twoNw = 921011
    twoNec = 107898
    twoNnw = 183188
  twoNecnw = 13038.6
  twoNbecnw = 88712.4
        m2 = 0.00996462
        m4 = 0.0124236
        m5 = 0.135399
        m7 = 0.0008864
        m8 = 0.377036
        Th = 26.3049
        Tb = 30518.4
        Td = 12.0777
        Te = 6.03883
        Tg = 3.01942
#       SitePat  BranchLen
              b 148355.4182393
              e 57636.4789554
              c 60430.1609550
              n 54824.2397185
              w 54823.9387180
            b:e 2698.8881693
            b:c 3201.8755759
            b:n 2253.1871497
            b:w 2253.1695837
            e:c 12489.0814554
            e:n 6484.5950333
            e:w 6484.8331589
            c:n 5754.1639479
            c:w 5754.1717179
            n:w 14443.5789916
          b:e:c 2516.8904145
          b:e:n 1315.8916435
          b:e:w 1315.9030050
          b:c:n 1316.3549492
          b:c:w 1316.3435826
          b:n:w 2515.2965102
          e:c:n 5313.1616502
          e:c:w 5313.2167550
          e:n:w 8255.0695243
          c:n:w 6906.5544386
        b:e:c:n 2253.9289845
        b:e:c:w 2253.9465557
        b:e:n:w 3183.8284409
        b:c:n:w 2695.8627634
        e:c:n:w 61931.0718217
