########################################
# legofit: estimate population history #
#       version 2.3.4-4-g53f8760       #
########################################

# Program was compiled: Sep 21 2021 14:36:42
# Program was run: Thu Oct 14 10:48:50 2021

# cmd: legofit -1 -d 0 -t 32 --ptsPerDim 3 --stateOut b1boot24.state --tol 3e-6 -S 5000 bdegh2.lgo ../../boot/boot24.opf
# Stage nOptItr nSimReps
#     0    5000        0
# algorithm          : deterministic
# ignoring probs <=  : 0
# Branch length floor: 0
# DE strategy        : 2
#    F               : 0.3
#    CR              : 0.8
#    tolerance       : 3e-06
# nthreads           : 32
# lgo input file     : bdegh2.lgo
# site pat input file: ../../boot/boot24.opf
# free parameters    : 16
# points in DE swarm : 48
# output state file  : b1boot24.state
# Including singleton site patterns.
# cost function      : KL
Initial parameter values
Fixed:
      zero = 0
       one = 1
    Tbecnw = 75200
Free:
       pc1 = 0
       pc2 = 0
       pc3 = 0
       pc4 = 0
       pc5 = 0
       pc6 = 0
       pc7 = 0
       pc8 = 0
       pc9 = 0
      pc10 = 0
      pc11 = 0
      pc12 = 0
      pc13 = 0
      pc14 = 0
      pc15 = 0
      pc16 = 0
Constrained:
     Tecnw = 61284.7
       Tnw = 1611.11
       Tec = 1563.34
     twoNb = 2.68413e+06
     twoNe = 338763
     twoNc = 342106
     twoNw = 1.08973e+06
    twoNec = 105317
    twoNnw = 171168
  twoNecnw = 13040.4
  twoNbecnw = 88720
        m2 = 0.00501204
        m4 = 0.00968479
        m5 = 0.13753
        m7 = 0.00015906
        m8 = 0.379694
        Th = 1587.22
        Tb = 31436
        Td = 781.669
        Te = 390.834
        Tg = 195.417
DiffEv reached_goal. cost=2.30153e-03 spread=2.75016e-06
Fitted parameter values
Free:
       pc1 = -2.96905
       pc2 = 0.144155
       pc3 = 0.209691
       pc4 = 3.73064
       pc5 = -1.54701
       pc6 = -1.93693
       pc7 = 1.94055
       pc8 = 1.84342
       pc9 = 1.29057
      pc10 = -0.0239685
      pc11 = -0.0538584
      pc12 = -0.363613
      pc13 = 0.134966
      pc14 = 0.0342467
      pc15 = -0.0541001
      pc16 = 0.0117995
Constrained:
     Tecnw = 60415.6
       Tnw = 35.4921
       Tec = 8.70635
     twoNb = 7.94998e+06
     twoNe = 502840
     twoNc = 334803
     twoNw = 1.98979e+06
    twoNec = 109086
    twoNnw = 184502
  twoNecnw = 13599.2
  twoNbecnw = 88487
        m2 = 0.0113483
        m4 = 0.0111667
        m5 = 0.136847
        m7 = 0.00130434
        m8 = 0.372276
        Th = 22.0992
        Tb = 30218.9
        Td = 4.35317
        Te = 2.17659
        Tg = 1.08829
#       SitePat  BranchLen
              b 148090.5646768
              e 57581.6983046
              c 60292.7971956
              n 54801.4987209
              w 54801.0763598
            b:e 2719.3718484
            b:c 3187.2135328
            b:n 2263.4395004
            b:w 2263.4146755
            e:c 12490.4147429
            e:n 6466.3290604
            e:w 6466.5721862
            c:n 5745.6310398
            c:w 5745.7315985
            n:w 14401.2112770
          b:e:c 2520.3645824
          b:e:n 1320.7820934
          b:e:w 1320.7891544
          b:c:n 1321.1402476
          b:c:w 1321.1331812
          b:n:w 2518.8666148
          e:c:n 5354.2162792
          e:c:w 5354.2949558
          e:n:w 8231.8715741
          c:n:w 6950.0338846
        b:e:c:n 2264.1021980
        b:e:c:w 2264.1270283
        b:e:n:w 3172.0779765
        b:c:n:w 2715.8115180
        e:c:n:w 61736.1868438
