########################################
# legofit: estimate population history #
#       version 2.3.4-4-g53f8760       #
########################################

# Program was compiled: Sep 21 2021 14:36:42
# Program was run: Thu Oct 14 10:48:10 2021

# cmd: legofit -1 -d 0 -t 32 --ptsPerDim 3 --stateOut b1boot5.state --tol 3e-6 -S 5000 bdegh2.lgo ../../boot/boot5.opf
# Stage nOptItr nSimReps
#     0    5000        0
# algorithm          : deterministic
# ignoring probs <=  : 0
# Branch length floor: 0
# DE strategy        : 2
#    F               : 0.3
#    CR              : 0.8
#    tolerance       : 3e-06
# nthreads           : 32
# lgo input file     : bdegh2.lgo
# site pat input file: ../../boot/boot5.opf
# free parameters    : 16
# points in DE swarm : 48
# output state file  : b1boot5.state
# Including singleton site patterns.
# cost function      : KL
Initial parameter values
Fixed:
      zero = 0
       one = 1
    Tbecnw = 75200
Free:
       pc1 = 0
       pc2 = 0
       pc3 = 0
       pc4 = 0
       pc5 = 0
       pc6 = 0
       pc7 = 0
       pc8 = 0
       pc9 = 0
      pc10 = 0
      pc11 = 0
      pc12 = 0
      pc13 = 0
      pc14 = 0
      pc15 = 0
      pc16 = 0
Constrained:
     Tecnw = 61284.7
       Tnw = 1611.11
       Tec = 1563.34
     twoNb = 2.68413e+06
     twoNe = 338763
     twoNc = 342106
     twoNw = 1.08973e+06
    twoNec = 105317
    twoNnw = 171168
  twoNecnw = 13040.4
  twoNbecnw = 88720
        m2 = 0.00501204
        m4 = 0.00968479
        m5 = 0.13753
        m7 = 0.00015906
        m8 = 0.379694
        Th = 1587.22
        Tb = 31436
        Td = 781.669
        Te = 390.834
        Tg = 195.417
DiffEv reached_goal. cost=2.28066e-03 spread=2.96168e-06
Fitted parameter values
Free:
       pc1 = -2.90858
       pc2 = 0.205519
       pc3 = -0.445915
       pc4 = 3.9391
       pc5 = -1.05103
       pc6 = -1.8887
       pc7 = 0.953002
       pc8 = 0.930975
       pc9 = 1.88829
      pc10 = 0.293249
      pc11 = -0.258145
      pc12 = -0.249052
      pc13 = 0.0641546
      pc14 = -0.0616539
      pc15 = -0.0654358
      pc16 = 0.00495575
Constrained:
     Tecnw = 60496.1
       Tnw = 34.8113
       Tec = 31.1551
     twoNb = 6.47411e+06
     twoNe = 753336
     twoNc = 86623.6
     twoNw = 1.87126e+06
    twoNec = 107651
    twoNnw = 182603
  twoNecnw = 13483.5
  twoNbecnw = 88209.1
        m2 = 0.013219
        m4 = 0.0104875
        m5 = 0.134566
        m7 = 0.00128279
        m8 = 0.3742
        Th = 32.9832
        Tb = 30264.5
        Td = 15.5775
        Te = 7.78877
        Tg = 3.89438
#       SitePat  BranchLen
              b 147913.4641247
              e 57495.2958777
              c 60146.8471609
              n 54627.8987714
              w 54627.7391703
            b:e 2718.1843444
            b:c 3172.3667663
            b:n 2240.2202136
            b:w 2240.2109254
            e:c 12507.0514901
            e:n 6447.4607917
            e:w 6447.5943147
            c:n 5739.6205329
            c:w 5739.6174200
            n:w 14434.4912905
          b:e:c 2509.4886767
          b:e:n 1306.9597455
          b:e:w 1306.9664670
          b:c:n 1307.3689221
          b:c:w 1307.3621976
          b:n:w 2507.5176628
          e:c:n 5310.7456225
          e:c:w 5310.7748136
          e:n:w 8215.9496378
          c:n:w 6966.0454597
        b:e:c:n 2241.0694042
        b:e:c:w 2241.0786954
        b:e:n:w 3154.0891073
        b:c:n:w 2713.2718265
        e:c:n:w 61666.9100910
