########################################
# legofit: estimate population history #
#       version 2.3.4-4-g53f8760       #
########################################

# Program was compiled: Sep 21 2021 14:36:42
# Program was run: Thu Oct 14 10:49:00 2021

# cmd: legofit -1 -d 0 -t 32 --ptsPerDim 3 --stateOut b1boot30.state --tol 3e-6 -S 5000 bdegh2.lgo ../../boot/boot30.opf
# Stage nOptItr nSimReps
#     0    5000        0
# algorithm          : deterministic
# ignoring probs <=  : 0
# Branch length floor: 0
# DE strategy        : 2
#    F               : 0.3
#    CR              : 0.8
#    tolerance       : 3e-06
# nthreads           : 32
# lgo input file     : bdegh2.lgo
# site pat input file: ../../boot/boot30.opf
# free parameters    : 16
# points in DE swarm : 48
# output state file  : b1boot30.state
# Including singleton site patterns.
# cost function      : KL
Initial parameter values
Fixed:
      zero = 0
       one = 1
    Tbecnw = 75200
Free:
       pc1 = 0
       pc2 = 0
       pc3 = 0
       pc4 = 0
       pc5 = 0
       pc6 = 0
       pc7 = 0
       pc8 = 0
       pc9 = 0
      pc10 = 0
      pc11 = 0
      pc12 = 0
      pc13 = 0
      pc14 = 0
      pc15 = 0
      pc16 = 0
Constrained:
     Tecnw = 61284.7
       Tnw = 1611.11
       Tec = 1563.34
     twoNb = 2.68413e+06
     twoNe = 338763
     twoNc = 342106
     twoNw = 1.08973e+06
    twoNec = 105317
    twoNnw = 171168
  twoNecnw = 13040.4
  twoNbecnw = 88720
        m2 = 0.00501204
        m4 = 0.00968479
        m5 = 0.13753
        m7 = 0.00015906
        m8 = 0.379694
        Th = 1587.22
        Tb = 31436
        Td = 781.669
        Te = 390.834
        Tg = 195.417
DiffEv reached_goal. cost=2.31306e-03 spread=2.93465e-06
Fitted parameter values
Free:
       pc1 = -2.77293
       pc2 = 0.216617
       pc3 = 0.91178
       pc4 = 3.22417
       pc5 = -0.656637
       pc6 = -1.94732
       pc7 = 1.89136
       pc8 = 1.83949
       pc9 = 1.88057
      pc10 = -0.0596239
      pc11 = 0.746804
      pc12 = -0.0572032
      pc13 = 0.0453049
      pc14 = -0.0164152
      pc15 = -0.0325705
      pc16 = 0.00731882
Constrained:
     Tecnw = 60458.6
       Tnw = 16.2168
       Tec = 6.36456
     twoNb = 7.58482e+06
     twoNe = 433940
     twoNc = 317996
     twoNw = 1.31474e+06
    twoNec = 108572
    twoNnw = 182167
  twoNecnw = 13526.1
  twoNbecnw = 88290.1
        m2 = 0.010582
        m4 = 0.0122799
        m5 = 0.140075
        m7 = 0.00134985
        m8 = 0.371823
        Th = 11.2907
        Tb = 30235
        Td = 3.18228
        Te = 1.59114
        Tg = 0.79557
#       SitePat  BranchLen
              b 147989.8155663
              e 57420.0792697
              c 60261.7744703
              n 54588.5608917
              w 54588.3098772
            b:e 2696.7744075
            b:c 3194.3562439
            b:n 2241.3332354
            b:w 2241.3185767
            e:c 12467.7227379
            e:n 6473.1842722
            e:w 6473.3360917
            c:n 5723.9341643
            c:w 5723.9867503
            n:w 14447.1211631
          b:e:c 2507.1644949
          b:e:n 1309.0807767
          b:e:w 1309.0856627
          b:c:n 1309.4865437
          b:c:w 1309.4816541
          b:n:w 2505.6036821
          e:c:n 5315.0231849
          e:c:w 5315.0697940
          e:n:w 8279.2451946
          c:n:w 6922.0073543
        b:e:c:n 2242.0536614
        b:e:c:w 2242.0683236
        b:e:n:w 3177.4952533
        b:c:n:w 2693.2537474
        e:c:n:w 61740.9887045
