########################################
# legofit: estimate population history #
#       version 2.3.4-4-g53f8760       #
########################################

# Program was compiled: Sep 21 2021 14:36:42
# Program was run: Thu Oct 14 10:48:56 2021

# cmd: legofit -1 -d 0 -t 32 --ptsPerDim 3 --stateOut b1boot28.state --tol 3e-6 -S 5000 bdegh2.lgo ../../boot/boot28.opf
# Stage nOptItr nSimReps
#     0    5000        0
# algorithm          : deterministic
# ignoring probs <=  : 0
# Branch length floor: 0
# DE strategy        : 2
#    F               : 0.3
#    CR              : 0.8
#    tolerance       : 3e-06
# nthreads           : 32
# lgo input file     : bdegh2.lgo
# site pat input file: ../../boot/boot28.opf
# free parameters    : 16
# points in DE swarm : 48
# output state file  : b1boot28.state
# Including singleton site patterns.
# cost function      : KL
Initial parameter values
Fixed:
      zero = 0
       one = 1
    Tbecnw = 75200
Free:
       pc1 = 0
       pc2 = 0
       pc3 = 0
       pc4 = 0
       pc5 = 0
       pc6 = 0
       pc7 = 0
       pc8 = 0
       pc9 = 0
      pc10 = 0
      pc11 = 0
      pc12 = 0
      pc13 = 0
      pc14 = 0
      pc15 = 0
      pc16 = 0
Constrained:
     Tecnw = 61284.7
       Tnw = 1611.11
       Tec = 1563.34
     twoNb = 2.68413e+06
     twoNe = 338763
     twoNc = 342106
     twoNw = 1.08973e+06
    twoNec = 105317
    twoNnw = 171168
  twoNecnw = 13040.4
  twoNbecnw = 88720
        m2 = 0.00501204
        m4 = 0.00968479
        m5 = 0.13753
        m7 = 0.00015906
        m8 = 0.379694
        Th = 1587.22
        Tb = 31436
        Td = 781.669
        Te = 390.834
        Tg = 195.417
DiffEv reached_goal. cost=2.27993e-03 spread=2.78522e-06
Fitted parameter values
Free:
       pc1 = -2.83415
       pc2 = -0.167802
       pc3 = 0.103374
       pc4 = 3.4041
       pc5 = -0.91046
       pc6 = -1.1428
       pc7 = 1.80641
       pc8 = 1.67946
       pc9 = 1.13463
      pc10 = -0.286454
      pc11 = 0.495439
      pc12 = 0.0418146
      pc13 = 0.0427802
      pc14 = 0.147143
      pc15 = 0.0482526
      pc16 = -0.0247254
Constrained:
     Tecnw = 60621
       Tnw = 29.6331
       Tec = 18.3074
     twoNb = 6.90789e+06
     twoNe = 591211
     twoNc = 284987
     twoNw = 1.81164e+06
    twoNec = 111532
    twoNnw = 182553
  twoNecnw = 13503.6
  twoNbecnw = 88629.2
        m2 = 0.00914569
        m4 = 0.0123819
        m5 = 0.138603
        m7 = 0.00120945
        m8 = 0.370486
        Th = 23.9703
        Tb = 30322.5
        Td = 9.15372
        Te = 4.57686
        Tg = 2.28843
#       SitePat  BranchLen
              b 148134.5290907
              e 57706.7221528
              c 60545.5550128
              n 54781.2930269
              w 54781.0454833
            b:e 2726.9885762
            b:c 3229.6339946
            b:n 2270.9443094
            b:w 2270.9297112
            e:c 12447.5188486
            e:n 6503.1129168
            e:w 6503.2776938
            c:n 5755.8982451
            c:w 5755.9351141
            n:w 14514.8988694
          b:e:c 2536.4650880
          b:e:n 1329.2319155
          b:e:w 1329.2382770
          b:c:n 1329.6908744
          b:c:w 1329.6845089
          b:n:w 2534.8759143
          e:c:n 5352.1967534
          e:c:w 5352.2426510
          e:n:w 8322.9659451
          c:n:w 6962.8883213
        b:e:c:n 2271.7075992
        b:e:c:w 2271.7222014
        b:e:n:w 3211.4345220
        b:c:n:w 2723.6859280
        e:c:n:w 61635.9373698
