########################################
# legofit: estimate population history #
#       version 2.3.4-4-g53f8760       #
########################################

# Program was compiled: Sep 21 2021 14:36:42
# Program was run: Thu Oct 14 10:48:32 2021

# cmd: legofit -1 -d 0 -t 32 --ptsPerDim 3 --stateOut b1boot14.state --tol 3e-6 -S 5000 bdegh2.lgo ../../boot/boot14.opf
# Stage nOptItr nSimReps
#     0    5000        0
# algorithm          : deterministic
# ignoring probs <=  : 0
# Branch length floor: 0
# DE strategy        : 2
#    F               : 0.3
#    CR              : 0.8
#    tolerance       : 3e-06
# nthreads           : 32
# lgo input file     : bdegh2.lgo
# site pat input file: ../../boot/boot14.opf
# free parameters    : 16
# points in DE swarm : 48
# output state file  : b1boot14.state
# Including singleton site patterns.
# cost function      : KL
Initial parameter values
Fixed:
      zero = 0
       one = 1
    Tbecnw = 75200
Free:
       pc1 = 0
       pc2 = 0
       pc3 = 0
       pc4 = 0
       pc5 = 0
       pc6 = 0
       pc7 = 0
       pc8 = 0
       pc9 = 0
      pc10 = 0
      pc11 = 0
      pc12 = 0
      pc13 = 0
      pc14 = 0
      pc15 = 0
      pc16 = 0
Constrained:
     Tecnw = 61284.7
       Tnw = 1611.11
       Tec = 1563.34
     twoNb = 2.68413e+06
     twoNe = 338763
     twoNc = 342106
     twoNw = 1.08973e+06
    twoNec = 105317
    twoNnw = 171168
  twoNecnw = 13040.4
  twoNbecnw = 88720
        m2 = 0.00501204
        m4 = 0.00968479
        m5 = 0.13753
        m7 = 0.00015906
        m8 = 0.379694
        Th = 1587.22
        Tb = 31436
        Td = 781.669
        Te = 390.834
        Tg = 195.417
DiffEv reached_goal. cost=2.26988e-03 spread=2.81566e-06
Fitted parameter values
Free:
       pc1 = -3.0266
       pc2 = 0.332774
       pc3 = 1.19393
       pc4 = 1.34335
       pc5 = -1.51794
       pc6 = -1.63792
       pc7 = 1.84979
       pc8 = 1.81018
       pc9 = 1.63297
      pc10 = -0.431914
      pc11 = -0.00249822
      pc12 = -0.0239765
      pc13 = 0.0885783
      pc14 = 0.0379172
      pc15 = 0.0206785
      pc16 = -0.00263109
Constrained:
     Tecnw = 60381.4
       Tnw = 7.76793
       Tec = 0.449617
     twoNb = 7.70355e+06
     twoNe = 369083
     twoNc = 713099
     twoNw = 1.1043e+06
    twoNec = 111978
    twoNnw = 183014
  twoNecnw = 13654.4
  twoNbecnw = 88571.4
        m2 = 0.0110136
        m4 = 0.0111337
        m5 = 0.137804
        m7 = 0.000846059
        m8 = 0.367351
        Th = 4.10877
        Tb = 30192.8
        Td = 0.224809
        Te = 0.112404
        Tg = 0.0562022
#       SitePat  BranchLen
              b 148142.8613244
              e 57633.4065425
              c 60415.2648270
              n 54732.5914486
              w 54732.3961025
            b:e 2721.8897618
            b:c 3204.7929173
            b:n 2262.8349029
            b:w 2262.8234061
            e:c 12462.8576091
            e:n 6466.3934693
            e:w 6466.5018246
            c:n 5729.5960423
            c:w 5729.6466202
            n:w 14493.6599437
          b:e:c 2530.7697371
          b:e:n 1322.1679185
          b:e:w 1322.1707836
          b:c:n 1322.5476508
          b:c:w 1322.5447832
          b:n:w 2529.2747526
          e:c:n 5348.2312721
          e:c:w 5348.2676851
          e:n:w 8281.5037574
          c:n:w 6960.1084023
        b:e:c:n 2263.5099569
        b:e:c:w 2263.5214562
        b:e:n:w 3189.2394421
        b:c:n:w 2718.7722567
        e:c:n:w 61759.2898340
