########################################
# legofit: estimate population history #
#       version 2.3.4-4-g53f8760       #
########################################

# Program was compiled: Sep 21 2021 14:36:42
# Program was run: Thu Oct 14 10:48:56 2021

# cmd: legofit -1 -d 0 -t 32 --ptsPerDim 3 --stateOut b1boot27.state --tol 3e-6 -S 5000 bdegh2.lgo ../../boot/boot27.opf
# Stage nOptItr nSimReps
#     0    5000        0
# algorithm          : deterministic
# ignoring probs <=  : 0
# Branch length floor: 0
# DE strategy        : 2
#    F               : 0.3
#    CR              : 0.8
#    tolerance       : 3e-06
# nthreads           : 32
# lgo input file     : bdegh2.lgo
# site pat input file: ../../boot/boot27.opf
# free parameters    : 16
# points in DE swarm : 48
# output state file  : b1boot27.state
# Including singleton site patterns.
# cost function      : KL
Initial parameter values
Fixed:
      zero = 0
       one = 1
    Tbecnw = 75200
Free:
       pc1 = 0
       pc2 = 0
       pc3 = 0
       pc4 = 0
       pc5 = 0
       pc6 = 0
       pc7 = 0
       pc8 = 0
       pc9 = 0
      pc10 = 0
      pc11 = 0
      pc12 = 0
      pc13 = 0
      pc14 = 0
      pc15 = 0
      pc16 = 0
Constrained:
     Tecnw = 61284.7
       Tnw = 1611.11
       Tec = 1563.34
     twoNb = 2.68413e+06
     twoNe = 338763
     twoNc = 342106
     twoNw = 1.08973e+06
    twoNec = 105317
    twoNnw = 171168
  twoNecnw = 13040.4
  twoNbecnw = 88720
        m2 = 0.00501204
        m4 = 0.00968479
        m5 = 0.13753
        m7 = 0.00015906
        m8 = 0.379694
        Th = 1587.22
        Tb = 31436
        Td = 781.669
        Te = 390.834
        Tg = 195.417
DiffEv reached_goal. cost=2.26876e-03 spread=2.96009e-06
Fitted parameter values
Free:
       pc1 = -2.38637
       pc2 = -0.212379
       pc3 = -1.82248
       pc4 = 3.6837
       pc5 = -1.20485
       pc6 = -1.85073
       pc7 = 1.76475
       pc8 = 1.44837
       pc9 = 1.61759
      pc10 = -0.195607
      pc11 = 0.104675
      pc12 = -0.181571
      pc13 = -0.0539169
      pc14 = 0.085257
      pc15 = -0.0569655
      pc16 = -0.0255208
Constrained:
     Tecnw = 60953.2
       Tnw = 45.2116
       Tec = 38.3593
     twoNb = 6.194e+06
     twoNe = 846953
     twoNc = 250297
     twoNw = 2.20085e+06
    twoNec = 108525
    twoNnw = 182680
  twoNecnw = 13088.4
  twoNbecnw = 88924.5
        m2 = 0.0126004
        m4 = 0.0103458
        m5 = 0.141724
        m7 = 0.00135833
        m8 = 0.376497
        Th = 41.7855
        Tb = 30497.5
        Td = 19.1797
        Te = 9.58983
        Tg = 4.79492
#       SitePat  BranchLen
              b 148512.7055747
              e 57685.3580261
              c 60446.3409125
              n 54758.6739670
              w 54758.4678264
            b:e 2737.5913979
            b:c 3204.7767086
            b:n 2254.0507306
            b:w 2254.0386719
            e:c 12436.4365157
            e:n 6514.5433928
            e:w 6514.7075861
            c:n 5771.9393729
            c:w 5771.9434858
            n:w 14446.1927823
          b:e:c 2518.4538142
          b:e:n 1320.8145129
          b:e:w 1320.8224237
          b:c:n 1321.2368752
          b:c:w 1321.2289605
          b:n:w 2516.4699021
          e:c:n 5316.5645433
          e:c:w 5316.6023778
          e:n:w 8273.9367933
          c:n:w 6983.7630299
        b:e:c:n 2254.9166040
        b:e:c:w 2254.9286666
        b:e:n:w 3186.0293606
        b:c:n:w 2732.5741479
        e:c:n:w 62058.9323366
