########################################
# legofit: estimate population history #
#       version 2.3.4-4-g53f8760       #
########################################

# Program was compiled: Sep 21 2021 14:36:42
# Program was run: Thu Oct 14 10:48:40 2021

# cmd: legofit -1 -d 0 -t 32 --ptsPerDim 3 --stateOut b1boot17.state --tol 3e-6 -S 5000 bdegh2.lgo ../../boot/boot17.opf
# Stage nOptItr nSimReps
#     0    5000        0
# algorithm          : deterministic
# ignoring probs <=  : 0
# Branch length floor: 0
# DE strategy        : 2
#    F               : 0.3
#    CR              : 0.8
#    tolerance       : 3e-06
# nthreads           : 32
# lgo input file     : bdegh2.lgo
# site pat input file: ../../boot/boot17.opf
# free parameters    : 16
# points in DE swarm : 48
# output state file  : b1boot17.state
# Including singleton site patterns.
# cost function      : KL
Initial parameter values
Fixed:
      zero = 0
       one = 1
    Tbecnw = 75200
Free:
       pc1 = 0
       pc2 = 0
       pc3 = 0
       pc4 = 0
       pc5 = 0
       pc6 = 0
       pc7 = 0
       pc8 = 0
       pc9 = 0
      pc10 = 0
      pc11 = 0
      pc12 = 0
      pc13 = 0
      pc14 = 0
      pc15 = 0
      pc16 = 0
Constrained:
     Tecnw = 61284.7
       Tnw = 1611.11
       Tec = 1563.34
     twoNb = 2.68413e+06
     twoNe = 338763
     twoNc = 342106
     twoNw = 1.08973e+06
    twoNec = 105317
    twoNnw = 171168
  twoNecnw = 13040.4
  twoNbecnw = 88720
        m2 = 0.00501204
        m4 = 0.00968479
        m5 = 0.13753
        m7 = 0.00015906
        m8 = 0.379694
        Th = 1587.22
        Tb = 31436
        Td = 781.669
        Te = 390.834
        Tg = 195.417
DiffEv reached_goal. cost=2.30781e-03 spread=2.78634e-06
Fitted parameter values
Free:
       pc1 = -3.15603
       pc2 = -0.357049
       pc3 = 1.0592
       pc4 = 3.99875
       pc5 = -1.80197
       pc6 = -1.66846
       pc7 = 1.79689
       pc8 = 1.20815
       pc9 = 1.55271
      pc10 = 0.0490545
      pc11 = -0.105329
      pc12 = -0.230595
      pc13 = 0.158905
      pc14 = 0.0552172
      pc15 = 0.00791467
      pc16 = 0.00733878
Constrained:
     Tecnw = 60377.5
       Tnw = 23.0787
       Tec = 3.38836
     twoNb = 8.13183e+06
     twoNe = 518278
     twoNc = 326992
     twoNw = 1.89521e+06
    twoNec = 108254
    twoNnw = 184548
  twoNecnw = 13663.3
  twoNbecnw = 88249.5
        m2 = 0.0118506
        m4 = 0.0126846
        m5 = 0.130046
        m7 = 0.00123059
        m8 = 0.37406
        Th = 13.2335
        Tb = 30195.4
        Td = 1.69418
        Te = 0.847091
        Tg = 0.423545
#       SitePat  BranchLen
              b 147820.1754020
              e 57607.0601915
              c 60297.7655172
              n 54809.8057387
              w 54809.4928802
            b:e 2724.0885676
            b:c 3211.7809698
            b:n 2263.8653272
            b:w 2263.8469406
            e:c 12529.2232715
            e:n 6449.8256956
            e:w 6449.9997639
            c:n 5750.5101577
            c:w 5750.5906425
            n:w 14423.3037195
          b:e:c 2525.0433656
          b:e:n 1319.7812801
          b:e:w 1319.7859141
          b:c:n 1320.1811822
          b:c:w 1320.1765440
          b:n:w 2523.4661185
          e:c:n 5350.8941929
          e:c:w 5350.9524982
          e:n:w 8264.7749449
          c:n:w 6958.9826822
        b:e:c:n 2264.5783963
        b:e:c:w 2264.5967872
        b:e:n:w 3195.3067715
        b:c:n:w 2720.6354336
        e:c:n:w 61441.3973593
