########################################
# legofit: estimate population history #
#       version 2.3.4-4-g53f8760       #
########################################

# Program was compiled: Sep 21 2021 14:36:42
# Program was run: Thu Oct 14 10:48:32 2021

# cmd: legofit -1 -d 0 -t 32 --ptsPerDim 3 --stateOut b1boot12.state --tol 3e-6 -S 5000 bdegh2.lgo ../../boot/boot12.opf
# Stage nOptItr nSimReps
#     0    5000        0
# algorithm          : deterministic
# ignoring probs <=  : 0
# Branch length floor: 0
# DE strategy        : 2
#    F               : 0.3
#    CR              : 0.8
#    tolerance       : 3e-06
# nthreads           : 32
# lgo input file     : bdegh2.lgo
# site pat input file: ../../boot/boot12.opf
# free parameters    : 16
# points in DE swarm : 48
# output state file  : b1boot12.state
# Including singleton site patterns.
# cost function      : KL
Initial parameter values
Fixed:
      zero = 0
       one = 1
    Tbecnw = 75200
Free:
       pc1 = 0
       pc2 = 0
       pc3 = 0
       pc4 = 0
       pc5 = 0
       pc6 = 0
       pc7 = 0
       pc8 = 0
       pc9 = 0
      pc10 = 0
      pc11 = 0
      pc12 = 0
      pc13 = 0
      pc14 = 0
      pc15 = 0
      pc16 = 0
Constrained:
     Tecnw = 61284.7
       Tnw = 1611.11
       Tec = 1563.34
     twoNb = 2.68413e+06
     twoNe = 338763
     twoNc = 342106
     twoNw = 1.08973e+06
    twoNec = 105317
    twoNnw = 171168
  twoNecnw = 13040.4
  twoNbecnw = 88720
        m2 = 0.00501204
        m4 = 0.00968479
        m5 = 0.13753
        m7 = 0.00015906
        m8 = 0.379694
        Th = 1587.22
        Tb = 31436
        Td = 781.669
        Te = 390.834
        Tg = 195.417
DiffEv reached_goal. cost=2.28153e-03 spread=2.87574e-06
Fitted parameter values
Free:
       pc1 = -3.04222
       pc2 = 0.744031
       pc3 = 1.28378
       pc4 = 3.74858
       pc5 = -1.29355
       pc6 = -1.78981
       pc7 = 1.93699
       pc8 = 1.94408
       pc9 = 1.3193
      pc10 = 0.349613
      pc11 = 0.379483
      pc12 = -0.441519
      pc13 = 0.115345
      pc14 = 0.0124924
      pc15 = 0.0168471
      pc16 = 0.00310215
Constrained:
     Tecnw = 60190.3
       Tnw = 46.4617
       Tec = 41.7367
     twoNb = 8.3482e+06
     twoNe = 352580
     twoNc = 339632
     twoNw = 1.72445e+06
    twoNec = 108749
    twoNnw = 183133
  twoNecnw = 13890.4
  twoNbecnw = 87928.3
        m2 = 0.00978105
        m4 = 0.0117396
        m5 = 0.137598
        m7 = 0.00132486
        m8 = 0.371408
        Th = 44.0992
        Tb = 30117.2
        Td = 20.8683
        Te = 10.4342
        Tg = 5.21708
#       SitePat  BranchLen
              b 147559.7105805
              e 57429.0005851
              c 60183.8890241
              n 54659.9245739
              w 54659.6920144
            b:e 2704.5163774
            b:c 3181.5819614
            b:n 2261.6965533
            b:w 2261.6829026
            e:c 12503.8208489
            e:n 6476.3098117
            e:w 6476.5060643
            c:n 5746.7985102
            c:w 5746.7921025
            n:w 14431.8039590
          b:e:c 2519.6566442
          b:e:n 1319.2403525
          b:e:w 1319.2504013
          b:c:n 1319.5998480
          b:c:w 1319.5897959
          b:n:w 2518.3199535
          e:c:n 5362.0993419
          e:c:w 5362.1420564
          e:n:w 8245.4375781
          c:n:w 6937.5854711
        b:e:c:n 2262.3217170
        b:e:c:w 2262.3353711
        b:e:n:w 3167.0750225
        b:c:n:w 2701.4994797
        e:c:n:w 61268.3647884
