########################################
# legofit: estimate population history #
#       version 2.3.4-4-g53f8760       #
########################################

# Program was compiled: Sep 21 2021 14:36:42
# Program was run: Thu Oct 14 10:48:48 2021

# cmd: legofit -1 -d 0 -t 32 --ptsPerDim 3 --stateOut b1boot23.state --tol 3e-6 -S 5000 bdegh2.lgo ../../boot/boot23.opf
# Stage nOptItr nSimReps
#     0    5000        0
# algorithm          : deterministic
# ignoring probs <=  : 0
# Branch length floor: 0
# DE strategy        : 2
#    F               : 0.3
#    CR              : 0.8
#    tolerance       : 3e-06
# nthreads           : 32
# lgo input file     : bdegh2.lgo
# site pat input file: ../../boot/boot23.opf
# free parameters    : 16
# points in DE swarm : 48
# output state file  : b1boot23.state
# Including singleton site patterns.
# cost function      : KL
Initial parameter values
Fixed:
      zero = 0
       one = 1
    Tbecnw = 75200
Free:
       pc1 = 0
       pc2 = 0
       pc3 = 0
       pc4 = 0
       pc5 = 0
       pc6 = 0
       pc7 = 0
       pc8 = 0
       pc9 = 0
      pc10 = 0
      pc11 = 0
      pc12 = 0
      pc13 = 0
      pc14 = 0
      pc15 = 0
      pc16 = 0
Constrained:
     Tecnw = 61284.7
       Tnw = 1611.11
       Tec = 1563.34
     twoNb = 2.68413e+06
     twoNe = 338763
     twoNc = 342106
     twoNw = 1.08973e+06
    twoNec = 105317
    twoNnw = 171168
  twoNecnw = 13040.4
  twoNbecnw = 88720
        m2 = 0.00501204
        m4 = 0.00968479
        m5 = 0.13753
        m7 = 0.00015906
        m8 = 0.379694
        Th = 1587.22
        Tb = 31436
        Td = 781.669
        Te = 390.834
        Tg = 195.417
DiffEv reached_goal. cost=2.27920e-03 spread=2.53605e-06
Fitted parameter values
Free:
       pc1 = -2.39257
       pc2 = -0.0222717
       pc3 = 0.653674
       pc4 = 2.32474
       pc5 = -0.587791
       pc6 = -1.94173
       pc7 = 1.86984
       pc8 = 1.77119
       pc9 = 1.47679
      pc10 = 0.125766
      pc11 = 0.222007
      pc12 = 0.0366197
      pc13 = 0.0440921
      pc14 = -0.00199061
      pc15 = 0.0725769
      pc16 = -0.0127234
Constrained:
     Tecnw = 60835.6
       Tnw = 74.0684
       Tec = 70.4
     twoNb = 7.0567e+06
     twoNe = 319564
     twoNc = 400187
     twoNw = 1.27083e+06
    twoNec = 109837
    twoNnw = 180901
  twoNecnw = 13309
  twoNbecnw = 88512.7
        m2 = 0.0101971
        m4 = 0.0111425
        m5 = 0.138709
        m7 = 0.00115576
        m8 = 0.37112
        Th = 72.2342
        Tb = 30453.9
        Td = 35.2
        Te = 17.6
        Tg = 8.8
#       SitePat  BranchLen
              b 148071.2444813
              e 57667.0420672
              c 60460.2388362
              n 54725.1994756
              w 54724.7627166
            b:e 2727.0348939
            b:c 3207.7264407
            b:n 2261.4417852
            b:w 2261.4161823
            e:c 12523.3617243
            e:n 6493.0919574
            e:w 6493.4904619
            c:n 5749.8360905
            c:w 5749.7947858
            n:w 14572.2421246
          b:e:c 2540.6759828
          b:e:n 1321.0047797
          b:e:w 1321.0265868
          b:c:n 1321.4243641
          b:c:w 1321.4025493
          b:n:w 2539.0988213
          e:c:n 5327.3181319
          e:c:w 5327.3976911
          e:n:w 8289.5990427
          c:n:w 6969.4274165
        b:e:c:n 2262.1516223
        b:e:c:w 2262.1772328
        b:e:n:w 3191.0972564
        b:c:n:w 2723.5365631
        e:c:n:w 61585.9901107
