########################################
# legofit: estimate population history #
#       version 2.3.4-4-g53f8760       #
########################################

# Program was compiled: Sep 21 2021 14:36:42
# Program was run: Thu Oct 14 10:49:29 2021

# cmd: legofit -1 -d 0 -t 32 --ptsPerDim 3 --stateOut b1boot48.state --tol 3e-6 -S 5000 bdegh2.lgo ../../boot/boot48.opf
# Stage nOptItr nSimReps
#     0    5000        0
# algorithm          : deterministic
# ignoring probs <=  : 0
# Branch length floor: 0
# DE strategy        : 2
#    F               : 0.3
#    CR              : 0.8
#    tolerance       : 3e-06
# nthreads           : 32
# lgo input file     : bdegh2.lgo
# site pat input file: ../../boot/boot48.opf
# free parameters    : 16
# points in DE swarm : 48
# output state file  : b1boot48.state
# Including singleton site patterns.
# cost function      : KL
Initial parameter values
Fixed:
      zero = 0
       one = 1
    Tbecnw = 75200
Free:
       pc1 = 0
       pc2 = 0
       pc3 = 0
       pc4 = 0
       pc5 = 0
       pc6 = 0
       pc7 = 0
       pc8 = 0
       pc9 = 0
      pc10 = 0
      pc11 = 0
      pc12 = 0
      pc13 = 0
      pc14 = 0
      pc15 = 0
      pc16 = 0
Constrained:
     Tecnw = 61284.7
       Tnw = 1611.11
       Tec = 1563.34
     twoNb = 2.68413e+06
     twoNe = 338763
     twoNc = 342106
     twoNw = 1.08973e+06
    twoNec = 105317
    twoNnw = 171168
  twoNecnw = 13040.4
  twoNbecnw = 88720
        m2 = 0.00501204
        m4 = 0.00968479
        m5 = 0.13753
        m7 = 0.00015906
        m8 = 0.379694
        Th = 1587.22
        Tb = 31436
        Td = 781.669
        Te = 390.834
        Tg = 195.417
DiffEv reached_goal. cost=2.31170e-03 spread=2.85707e-06
Fitted parameter values
Free:
       pc1 = -2.58266
       pc2 = -0.136366
       pc3 = -0.356778
       pc4 = 3.89329
       pc5 = -1.1619
       pc6 = -1.88365
       pc7 = 1.99502
       pc8 = 1.69671
       pc9 = 1.19554
      pc10 = -0.210183
      pc11 = 0.429257
      pc12 = -0.298919
      pc13 = 0.057745
      pc14 = 0.0174014
      pc15 = -0.0217868
      pc16 = 0.00238588
Constrained:
     Tecnw = 60643.7
       Tnw = 33.643
       Tec = 22.6428
     twoNb = 7.1709e+06
     twoNe = 553164
     twoNc = 250872
     twoNw = 2.05686e+06
    twoNec = 107663
    twoNnw = 183652
  twoNecnw = 13413.2
  twoNbecnw = 88696.8
        m2 = 0.0108801
        m4 = 0.0117053
        m5 = 0.140025
        m7 = 0.0013694
        m8 = 0.375001
        Th = 28.1429
        Tb = 30335.9
        Td = 11.3214
        Te = 5.66071
        Tg = 2.83035
#       SitePat  BranchLen
              b 148262.4266352
              e 57560.4370752
              c 60354.0073972
              n 54782.9426357
              w 54782.7133609
            b:e 2721.2481332
            b:c 3207.5748940
            b:n 2266.0503159
            b:w 2266.0368382
            e:c 12505.8438434
            e:n 6504.8272270
            e:w 6504.9847790
            c:n 5763.9055584
            c:w 5763.9348105
            n:w 14430.8936688
          b:e:c 2525.0839323
          b:e:n 1323.5835956
          b:e:w 1323.5899573
          b:c:n 1323.9967273
          b:c:w 1323.9903619
          b:n:w 2523.4326341
          e:c:n 5351.7833977
          e:c:w 5351.8258684
          e:n:w 8277.0344646
          c:n:w 6951.2032500
        b:e:c:n 2266.8077089
        b:e:c:w 2266.8211902
        b:e:n:w 3190.3177564
        b:c:n:w 2717.4099891
        e:c:n:w 61834.1817403
