########################################
# legofit: estimate population history #
#       version 2.3.4-4-g53f8760       #
########################################

# Program was compiled: Sep 21 2021 14:36:42
# Program was run: Thu Oct 14 10:49:10 2021

# cmd: legofit -1 -d 0 -t 32 --ptsPerDim 3 --stateOut b1boot36.state --tol 3e-6 -S 5000 bdegh2.lgo ../../boot/boot36.opf
# Stage nOptItr nSimReps
#     0    5000        0
# algorithm          : deterministic
# ignoring probs <=  : 0
# Branch length floor: 0
# DE strategy        : 2
#    F               : 0.3
#    CR              : 0.8
#    tolerance       : 3e-06
# nthreads           : 32
# lgo input file     : bdegh2.lgo
# site pat input file: ../../boot/boot36.opf
# free parameters    : 16
# points in DE swarm : 48
# output state file  : b1boot36.state
# Including singleton site patterns.
# cost function      : KL
Initial parameter values
Fixed:
      zero = 0
       one = 1
    Tbecnw = 75200
Free:
       pc1 = 0
       pc2 = 0
       pc3 = 0
       pc4 = 0
       pc5 = 0
       pc6 = 0
       pc7 = 0
       pc8 = 0
       pc9 = 0
      pc10 = 0
      pc11 = 0
      pc12 = 0
      pc13 = 0
      pc14 = 0
      pc15 = 0
      pc16 = 0
Constrained:
     Tecnw = 61284.7
       Tnw = 1611.11
       Tec = 1563.34
     twoNb = 2.68413e+06
     twoNe = 338763
     twoNc = 342106
     twoNw = 1.08973e+06
    twoNec = 105317
    twoNnw = 171168
  twoNecnw = 13040.4
  twoNbecnw = 88720
        m2 = 0.00501204
        m4 = 0.00968479
        m5 = 0.13753
        m7 = 0.00015906
        m8 = 0.379694
        Th = 1587.22
        Tb = 31436
        Td = 781.669
        Te = 390.834
        Tg = 195.417
DiffEv reached_goal. cost=2.30994e-03 spread=2.98756e-06
Fitted parameter values
Free:
       pc1 = -3.05689
       pc2 = 0.277728
       pc3 = -0.303797
       pc4 = 3.97093
       pc5 = -1.79498
       pc6 = -1.67886
       pc7 = 1.62639
       pc8 = 1.80189
       pc9 = 1.72887
      pc10 = -0.110036
      pc11 = 0.36891
      pc12 = -0.295523
      pc13 = 0.134504
      pc14 = -0.000259059
      pc15 = -0.00637767
      pc16 = 0.00544948
Constrained:
     Tecnw = 60416.7
       Tnw = 17.525
       Tec = 14.9329
     twoNb = 7.87847e+06
     twoNe = 766561
     twoNc = 292745
     twoNw = 2.05325e+06
    twoNec = 107902
    twoNnw = 184267
  twoNecnw = 13623.4
  twoNbecnw = 88397.1
        m2 = 0.0119876
        m4 = 0.0114456
        m5 = 0.139787
        m7 = 0.00129387
        m8 = 0.372626
        Th = 16.229
        Tb = 30216.5
        Td = 7.46646
        Te = 3.73323
        Tg = 1.86661
#       SitePat  BranchLen
              b 147977.2885505
              e 57523.5745352
              c 60301.7929001
              n 54772.7694567
              w 54772.6855795
            b:e 2721.3794795
            b:c 3202.0521011
            b:n 2264.5761192
            b:w 2264.5711981
            e:c 12517.2061979
            e:n 6485.6607601
            e:w 6485.7278159
            c:n 5747.9515414
            c:w 5747.9529539
            n:w 14415.8768041
          b:e:c 2523.5374205
          b:e:n 1321.3270515
          b:e:w 1321.3303048
          b:c:n 1321.6960154
          b:c:w 1321.6927608
          b:n:w 2521.9607445
          e:c:n 5355.2942241
          e:c:w 5355.3096329
          e:n:w 8266.3535625
          c:n:w 6950.8495944
        b:e:c:n 2265.2889257
        b:e:c:w 2265.2938481
        b:e:n:w 3186.3133168
        b:c:n:w 2717.6789591
        e:c:n:w 61602.3897202
