########################################
# legofit: estimate population history #
#       version 2.3.4-4-g53f8760       #
########################################

# Program was compiled: Sep 21 2021 14:36:42
# Program was run: Thu Oct 14 10:48:43 2021

# cmd: legofit -1 -d 0 -t 32 --ptsPerDim 3 --stateOut b1boot21.state --tol 3e-6 -S 5000 bdegh2.lgo ../../boot/boot21.opf
# Stage nOptItr nSimReps
#     0    5000        0
# algorithm          : deterministic
# ignoring probs <=  : 0
# Branch length floor: 0
# DE strategy        : 2
#    F               : 0.3
#    CR              : 0.8
#    tolerance       : 3e-06
# nthreads           : 32
# lgo input file     : bdegh2.lgo
# site pat input file: ../../boot/boot21.opf
# free parameters    : 16
# points in DE swarm : 48
# output state file  : b1boot21.state
# Including singleton site patterns.
# cost function      : KL
Initial parameter values
Fixed:
      zero = 0
       one = 1
    Tbecnw = 75200
Free:
       pc1 = 0
       pc2 = 0
       pc3 = 0
       pc4 = 0
       pc5 = 0
       pc6 = 0
       pc7 = 0
       pc8 = 0
       pc9 = 0
      pc10 = 0
      pc11 = 0
      pc12 = 0
      pc13 = 0
      pc14 = 0
      pc15 = 0
      pc16 = 0
Constrained:
     Tecnw = 61284.7
       Tnw = 1611.11
       Tec = 1563.34
     twoNb = 2.68413e+06
     twoNe = 338763
     twoNc = 342106
     twoNw = 1.08973e+06
    twoNec = 105317
    twoNnw = 171168
  twoNecnw = 13040.4
  twoNbecnw = 88720
        m2 = 0.00501204
        m4 = 0.00968479
        m5 = 0.13753
        m7 = 0.00015906
        m8 = 0.379694
        Th = 1587.22
        Tb = 31436
        Td = 781.669
        Te = 390.834
        Tg = 195.417
DiffEv reached_goal. cost=2.27226e-03 spread=2.38337e-06
Fitted parameter values
Free:
       pc1 = -3.34089
       pc2 = 0.995343
       pc3 = 0.521947
       pc4 = 3.16528
       pc5 = -1.88978
       pc6 = -1.99019
       pc7 = 1.9957
       pc8 = 1.85482
       pc9 = 1.97507
      pc10 = -0.461248
      pc11 = 0.00339004
      pc12 = -0.17602
      pc13 = -0.0282951
      pc14 = -0.0714633
      pc15 = 0.0260244
      pc16 = 0.00609448
Constrained:
     Tecnw = 60019.8
       Tnw = 15.8782
       Tec = 11.7725
     twoNb = 8.1565e+06
     twoNe = 589973
     twoNc = 569326
     twoNw = 1.67811e+06
    twoNec = 109408
    twoNnw = 182033
  twoNecnw = 13946
  twoNbecnw = 88347.3
        m2 = 0.0129882
        m4 = 0.0110204
        m5 = 0.139284
        m7 = 0.00125978
        m8 = 0.368235
        Th = 13.8254
        Tb = 30016.8
        Td = 5.88627
        Te = 2.94314
        Tg = 1.47157
#       SitePat  BranchLen
              b 147966.4379664
              e 57388.8319722
              c 60163.8433087
              n 54509.2706053
              w 54509.1548018
            b:e 2726.3775408
            b:c 3201.2790620
            b:n 2251.0544024
            b:w 2251.0476105
            e:c 12500.6719126
            e:n 6464.5878076
            e:w 6464.6715201
            c:n 5727.4992502
            c:w 5727.5099152
            n:w 14479.7889014
          b:e:c 2521.6688944
          b:e:n 1314.2097109
          b:e:w 1314.2133258
          b:c:n 1314.5536141
          b:c:w 1314.5499976
          b:n:w 2520.0853169
          e:c:n 5347.1704977
          e:c:w 5347.1919236
          e:n:w 8303.2865042
          c:n:w 6990.5889962
        b:e:c:n 2251.7482355
        b:e:c:w 2251.7550291
        b:e:n:w 3186.1867944
        b:c:n:w 2722.5410321
        e:c:n:w 61725.1368639
