########################################
# legofit: estimate population history #
#       version 2.3.4-4-g53f8760       #
########################################

# Program was compiled: Sep 21 2021 14:36:42
# Program was run: Thu Oct 14 10:49:22 2021

# cmd: legofit -1 -d 0 -t 32 --ptsPerDim 3 --stateOut b1boot44.state --tol 3e-6 -S 5000 bdegh2.lgo ../../boot/boot44.opf
# Stage nOptItr nSimReps
#     0    5000        0
# algorithm          : deterministic
# ignoring probs <=  : 0
# Branch length floor: 0
# DE strategy        : 2
#    F               : 0.3
#    CR              : 0.8
#    tolerance       : 3e-06
# nthreads           : 32
# lgo input file     : bdegh2.lgo
# site pat input file: ../../boot/boot44.opf
# free parameters    : 16
# points in DE swarm : 48
# output state file  : b1boot44.state
# Including singleton site patterns.
# cost function      : KL
Initial parameter values
Fixed:
      zero = 0
       one = 1
    Tbecnw = 75200
Free:
       pc1 = 0
       pc2 = 0
       pc3 = 0
       pc4 = 0
       pc5 = 0
       pc6 = 0
       pc7 = 0
       pc8 = 0
       pc9 = 0
      pc10 = 0
      pc11 = 0
      pc12 = 0
      pc13 = 0
      pc14 = 0
      pc15 = 0
      pc16 = 0
Constrained:
     Tecnw = 61284.7
       Tnw = 1611.11
       Tec = 1563.34
     twoNb = 2.68413e+06
     twoNe = 338763
     twoNc = 342106
     twoNw = 1.08973e+06
    twoNec = 105317
    twoNnw = 171168
  twoNecnw = 13040.4
  twoNbecnw = 88720
        m2 = 0.00501204
        m4 = 0.00968479
        m5 = 0.13753
        m7 = 0.00015906
        m8 = 0.379694
        Th = 1587.22
        Tb = 31436
        Td = 781.669
        Te = 390.834
        Tg = 195.417
DiffEv reached_goal. cost=2.29032e-03 spread=2.95257e-06
Fitted parameter values
Free:
       pc1 = -2.88375
       pc2 = 0.094353
       pc3 = 1.02415
       pc4 = 2.57905
       pc5 = -1.14125
       pc6 = -1.69854
       pc7 = 1.67625
       pc8 = 0.968436
       pc9 = 1.14623
      pc10 = -0.142957
      pc11 = 0.0248114
      pc12 = -0.131571
      pc13 = 0.109092
      pc14 = 0.0653109
      pc15 = -0.00723777
      pc16 = 0.0022728
Constrained:
     Tecnw = 60395.2
       Tnw = 79.2653
       Tec = 59.0052
     twoNb = 6.71916e+06
     twoNe = 324751
     twoNc = 430862
     twoNw = 1.51436e+06
    twoNec = 109879
    twoNnw = 183298
  twoNecnw = 13647
  twoNbecnw = 88363.3
        m2 = 0.0110892
        m4 = 0.0118829
        m5 = 0.134175
        m7 = 0.00100665
        m8 = 0.371617
        Th = 69.1352
        Tb = 30232.2
        Td = 29.5026
        Te = 14.7513
        Tg = 7.37564
#       SitePat  BranchLen
              b 147951.9665312
              e 57604.1891737
              c 60339.7434571
              n 54753.4190852
              w 54752.7899397
            b:e 2718.5456861
            b:c 3205.4648626
            b:n 2260.8192079
            b:w 2260.7822634
            e:c 12478.0437866
            e:n 6461.0668083
            e:w 6461.5185341
            c:n 5742.7954277
            c:w 5742.8566670
            n:w 14445.7528800
          b:e:c 2524.2025800
          b:e:n 1320.1149166
          b:e:w 1320.1342660
          b:c:n 1320.5881317
          b:c:w 1320.5687713
          b:n:w 2522.4323819
          e:c:n 5346.4788699
          e:c:w 5346.5950502
          e:n:w 8268.7517630
          c:n:w 6954.2483170
        b:e:c:n 2261.6043371
        b:e:c:w 2261.6412924
        b:e:n:w 3186.7594244
        b:c:n:w 2714.8149378
        e:c:n:w 61590.7931022
