########################################
# legofit: estimate population history #
#       version 2.3.4-4-g53f8760       #
########################################

# Program was compiled: Sep 21 2021 14:36:42
# Program was run: Thu Oct 14 10:49:22 2021

# cmd: legofit -1 -d 0 -t 32 --ptsPerDim 3 --stateOut b1boot42.state --tol 3e-6 -S 5000 bdegh2.lgo ../../boot/boot42.opf
# Stage nOptItr nSimReps
#     0    5000        0
# algorithm          : deterministic
# ignoring probs <=  : 0
# Branch length floor: 0
# DE strategy        : 2
#    F               : 0.3
#    CR              : 0.8
#    tolerance       : 3e-06
# nthreads           : 32
# lgo input file     : bdegh2.lgo
# site pat input file: ../../boot/boot42.opf
# free parameters    : 16
# points in DE swarm : 48
# output state file  : b1boot42.state
# Including singleton site patterns.
# cost function      : KL
Initial parameter values
Fixed:
      zero = 0
       one = 1
    Tbecnw = 75200
Free:
       pc1 = 0
       pc2 = 0
       pc3 = 0
       pc4 = 0
       pc5 = 0
       pc6 = 0
       pc7 = 0
       pc8 = 0
       pc9 = 0
      pc10 = 0
      pc11 = 0
      pc12 = 0
      pc13 = 0
      pc14 = 0
      pc15 = 0
      pc16 = 0
Constrained:
     Tecnw = 61284.7
       Tnw = 1611.11
       Tec = 1563.34
     twoNb = 2.68413e+06
     twoNe = 338763
     twoNc = 342106
     twoNw = 1.08973e+06
    twoNec = 105317
    twoNnw = 171168
  twoNecnw = 13040.4
  twoNbecnw = 88720
        m2 = 0.00501204
        m4 = 0.00968479
        m5 = 0.13753
        m7 = 0.00015906
        m8 = 0.379694
        Th = 1587.22
        Tb = 31436
        Td = 781.669
        Te = 390.834
        Tg = 195.417
DiffEv reached_goal. cost=2.29029e-03 spread=2.23038e-06
Fitted parameter values
Free:
       pc1 = -2.7212
       pc2 = 0.148822
       pc3 = 1.72016
       pc4 = 2.6624
       pc5 = -1.21335
       pc6 = -1.96294
       pc7 = 1.92553
       pc8 = 1.44872
       pc9 = 1.89222
      pc10 = 0.365231
      pc11 = 0.268282
      pc12 = -0.232341
      pc13 = 0.101256
      pc14 = -0.0621002
      pc15 = -0.0545571
      pc16 = 0.0168528
Constrained:
     Tecnw = 60447
       Tnw = 43.1674
       Tec = 35.0642
     twoNb = 7.99439e+06
     twoNe = 289059
     twoNc = 492169
     twoNw = 1.20651e+06
    twoNec = 107459
    twoNnw = 182481
  twoNecnw = 13531
  twoNbecnw = 88000.3
        m2 = 0.0110085
        m4 = 0.0120097
        m5 = 0.134472
        m7 = 0.0011464
        m8 = 0.373841
        Th = 39.1158
        Tb = 30243.1
        Td = 17.5321
        Te = 8.76604
        Tg = 4.38302
#       SitePat  BranchLen
              b 147759.2423461
              e 57398.4273158
              c 60136.2274349
              n 54604.7444487
              w 54604.3697597
            b:e 2687.6178140
            b:c 3170.5218408
            b:n 2236.4003738
            b:w 2236.3785835
            e:c 12503.4079429
            e:n 6443.3663196
            e:w 6443.6516559
            c:n 5724.3104275
            c:w 5724.3309753
            n:w 14420.1049084
          b:e:c 2502.0321650
          b:e:n 1303.5303911
          b:e:w 1303.5433987
          b:c:n 1303.9202999
          b:c:w 1303.9072867
          b:n:w 2500.5430494
          e:c:n 5308.2765208
          e:c:w 5308.3453256
          e:n:w 8222.4410462
          c:n:w 6909.7137918
        b:e:c:n 2237.0681075
        b:e:c:w 2237.0899034
        b:e:n:w 3154.7323376
        b:c:n:w 2684.3782220
        e:c:n:w 61567.3758754
