########################################
# legofit: estimate population history #
#       version 2.3.4-4-g53f8760       #
########################################

# Program was compiled: Sep 21 2021 14:36:42
# Program was run: Thu Oct 14 10:49:10 2021

# cmd: legofit -1 -d 0 -t 32 --ptsPerDim 3 --stateOut b1boot35.state --tol 3e-6 -S 5000 bdegh2.lgo ../../boot/boot35.opf
# Stage nOptItr nSimReps
#     0    5000        0
# algorithm          : deterministic
# ignoring probs <=  : 0
# Branch length floor: 0
# DE strategy        : 2
#    F               : 0.3
#    CR              : 0.8
#    tolerance       : 3e-06
# nthreads           : 32
# lgo input file     : bdegh2.lgo
# site pat input file: ../../boot/boot35.opf
# free parameters    : 16
# points in DE swarm : 48
# output state file  : b1boot35.state
# Including singleton site patterns.
# cost function      : KL
Initial parameter values
Fixed:
      zero = 0
       one = 1
    Tbecnw = 75200
Free:
       pc1 = 0
       pc2 = 0
       pc3 = 0
       pc4 = 0
       pc5 = 0
       pc6 = 0
       pc7 = 0
       pc8 = 0
       pc9 = 0
      pc10 = 0
      pc11 = 0
      pc12 = 0
      pc13 = 0
      pc14 = 0
      pc15 = 0
      pc16 = 0
Constrained:
     Tecnw = 61284.7
       Tnw = 1611.11
       Tec = 1563.34
     twoNb = 2.68413e+06
     twoNe = 338763
     twoNc = 342106
     twoNw = 1.08973e+06
    twoNec = 105317
    twoNnw = 171168
  twoNecnw = 13040.4
  twoNbecnw = 88720
        m2 = 0.00501204
        m4 = 0.00968479
        m5 = 0.13753
        m7 = 0.00015906
        m8 = 0.379694
        Th = 1587.22
        Tb = 31436
        Td = 781.669
        Te = 390.834
        Tg = 195.417
DiffEv reached_goal. cost=2.27058e-03 spread=2.69516e-06
Fitted parameter values
Free:
       pc1 = -2.3841
       pc2 = -1.18847
       pc3 = 0.0998263
       pc4 = 3.52363
       pc5 = -1.29132
       pc6 = -1.97296
       pc7 = 1.66537
       pc8 = 1.82808
       pc9 = 1.77664
      pc10 = 0.21454
      pc11 = 0.0282796
      pc12 = 0.009595
      pc13 = 0.0231467
      pc14 = 0.0637515
      pc15 = 0.0216687
      pc16 = -0.0194137
Constrained:
     Tecnw = 61110.9
       Tnw = 15.7831
       Tec = 5.72475
     twoNb = 8.0558e+06
     twoNe = 578830
     twoNc = 208673
     twoNw = 1.7173e+06
    twoNec = 108248
    twoNnw = 182270
  twoNecnw = 12995.9
  twoNbecnw = 88748.1
        m2 = 0.0116478
        m4 = 0.0118713
        m5 = 0.134108
        m7 = 0.00125089
        m8 = 0.376929
        Th = 10.7539
        Tb = 30560.8
        Td = 2.86238
        Te = 1.43119
        Tg = 0.715594
#       SitePat  BranchLen
              b 148305.1969942
              e 57764.1567071
              c 60505.5994750
              n 54818.2925895
              w 54818.0993881
            b:e 2735.4264642
            b:c 3219.6597331
            b:n 2257.5403527
            b:w 2257.5290315
            e:c 12517.2039505
            e:n 6490.9954912
            e:w 6491.1097501
            c:n 5769.6740713
            c:w 5769.7171633
            n:w 14522.6709506
          b:e:c 2532.3620458
          b:e:n 1319.6643072
          b:e:w 1319.6678236
          b:c:n 1320.0385508
          b:c:w 1320.0350317
          b:n:w 2530.8307346
          e:c:n 5309.1029624
          e:c:w 5309.1388129
          e:n:w 8288.0446816
          c:n:w 6976.2935539
        b:e:c:n 2258.2310882
        b:e:c:w 2258.2424120
        b:e:n:w 3203.9195169
        b:c:n:w 2731.9671629
        e:c:n:w 61773.0452355
