########################################
# legofit: estimate population history #
#       version 2.3.4-4-g53f8760       #
########################################

# Program was compiled: Sep 21 2021 14:36:42
# Program was run: Thu Oct 14 10:48:00 2021

# cmd: legofit -1 -d 0 -t 32 --ptsPerDim 3 --stateOut b1boot0.state --tol 3e-6 -S 5000 bdegh2.lgo ../../boot/boot0.opf
# Stage nOptItr nSimReps
#     0    5000        0
# algorithm          : deterministic
# ignoring probs <=  : 0
# Branch length floor: 0
# DE strategy        : 2
#    F               : 0.3
#    CR              : 0.8
#    tolerance       : 3e-06
# nthreads           : 32
# lgo input file     : bdegh2.lgo
# site pat input file: ../../boot/boot0.opf
# free parameters    : 16
# points in DE swarm : 48
# output state file  : b1boot0.state
# Including singleton site patterns.
# cost function      : KL
Initial parameter values
Fixed:
      zero = 0
       one = 1
    Tbecnw = 75200
Free:
       pc1 = 0
       pc2 = 0
       pc3 = 0
       pc4 = 0
       pc5 = 0
       pc6 = 0
       pc7 = 0
       pc8 = 0
       pc9 = 0
      pc10 = 0
      pc11 = 0
      pc12 = 0
      pc13 = 0
      pc14 = 0
      pc15 = 0
      pc16 = 0
Constrained:
     Tecnw = 61284.7
       Tnw = 1611.11
       Tec = 1563.34
     twoNb = 2.68413e+06
     twoNe = 338763
     twoNc = 342106
     twoNw = 1.08973e+06
    twoNec = 105317
    twoNnw = 171168
  twoNecnw = 13040.4
  twoNbecnw = 88720
        m2 = 0.00501204
        m4 = 0.00968479
        m5 = 0.13753
        m7 = 0.00015906
        m8 = 0.379694
        Th = 1587.22
        Tb = 31436
        Td = 781.669
        Te = 390.834
        Tg = 195.417
DiffEv reached_goal. cost=2.27178e-03 spread=2.46117e-06
Fitted parameter values
Free:
       pc1 = -2.2388
       pc2 = -0.825142
       pc3 = 0.272837
       pc4 = 2.9345
       pc5 = -1.42126
       pc6 = -1.83514
       pc7 = 1.92866
       pc8 = 1.82835
       pc9 = 1.50787
      pc10 = 0.0786798
      pc11 = 0.440671
      pc12 = -0.187307
      pc13 = 0.0525106
      pc14 = 0.0358522
      pc15 = -0.0183046
      pc16 = 0.00466315
Constrained:
     Tecnw = 61000.1
       Tnw = 51.1324
       Tec = 17.7857
     twoNb = 7.86347e+06
     twoNe = 479389
     twoNc = 375793
     twoNw = 1.66167e+06
    twoNec = 107302
    twoNnw = 183016
  twoNecnw = 13085.1
  twoNbecnw = 88709.8
        m2 = 0.01062
        m4 = 0.011981
        m5 = 0.137764
        m7 = 0.00113381
        m8 = 0.377566
        Th = 34.459
        Tb = 30517.3
        Td = 8.89283
        Te = 4.44641
        Tg = 2.22321
#       SitePat  BranchLen
              b 148305.7220233
              e 57634.3594777
              c 60428.4644431
              n 54825.6500010
              w 54824.9864153
            b:e 2713.8611016
            b:c 3206.6084000
            b:n 2259.5624804
            b:w 2259.5235616
            e:c 12511.8544043
            e:n 6503.2418639
            e:w 6503.6345307
            c:n 5767.0290116
            c:w 5767.1765561
            n:w 14453.3045711
          b:e:c 2523.4725630
          b:e:n 1319.9993176
          b:e:w 1320.0114350
          b:c:n 1320.3979968
          b:c:w 1320.3858705
          b:n:w 2521.9903875
          e:c:n 5324.7566240
          e:c:w 5324.8799985
          e:n:w 8268.6971706
          c:n:w 6933.6914796
        b:e:c:n 2260.2183555
        b:e:c:w 2260.2572831
        b:e:n:w 3190.6537267
        b:c:n:w 2710.7048659
        e:c:n:w 61833.4715164
