########################################
# legofit: estimate population history #
#       version 2.3.4-4-g53f8760       #
########################################

# Program was compiled: Sep 21 2021 14:36:42
# Program was run: Thu Oct 14 10:48:11 2021

# cmd: legofit -1 -d 0 -t 32 --ptsPerDim 3 --stateOut b1boot3.state --tol 3e-6 -S 5000 bdegh2.lgo ../../boot/boot3.opf
# Stage nOptItr nSimReps
#     0    5000        0
# algorithm          : deterministic
# ignoring probs <=  : 0
# Branch length floor: 0
# DE strategy        : 2
#    F               : 0.3
#    CR              : 0.8
#    tolerance       : 3e-06
# nthreads           : 32
# lgo input file     : bdegh2.lgo
# site pat input file: ../../boot/boot3.opf
# free parameters    : 16
# points in DE swarm : 48
# output state file  : b1boot3.state
# Including singleton site patterns.
# cost function      : KL
Initial parameter values
Fixed:
      zero = 0
       one = 1
    Tbecnw = 75200
Free:
       pc1 = 0
       pc2 = 0
       pc3 = 0
       pc4 = 0
       pc5 = 0
       pc6 = 0
       pc7 = 0
       pc8 = 0
       pc9 = 0
      pc10 = 0
      pc11 = 0
      pc12 = 0
      pc13 = 0
      pc14 = 0
      pc15 = 0
      pc16 = 0
Constrained:
     Tecnw = 61284.7
       Tnw = 1611.11
       Tec = 1563.34
     twoNb = 2.68413e+06
     twoNe = 338763
     twoNc = 342106
     twoNw = 1.08973e+06
    twoNec = 105317
    twoNnw = 171168
  twoNecnw = 13040.4
  twoNbecnw = 88720
        m2 = 0.00501204
        m4 = 0.00968479
        m5 = 0.13753
        m7 = 0.00015906
        m8 = 0.379694
        Th = 1587.22
        Tb = 31436
        Td = 781.669
        Te = 390.834
        Tg = 195.417
DiffEv reached_goal. cost=2.29886e-03 spread=2.69922e-06
Fitted parameter values
Free:
       pc1 = -2.52127
       pc2 = -0.793345
       pc3 = -0.0438334
       pc4 = 3.85744
       pc5 = -1.891
       pc6 = -1.21025
       pc7 = 1.93439
       pc8 = 1.43339
       pc9 = 1.1494
      pc10 = 0.0110022
      pc11 = -0.414233
      pc12 = -0.421675
      pc13 = 0.034168
      pc14 = -0.013918
      pc15 = -0.0041867
      pc16 = 0.0148141
Constrained:
     Tecnw = 60760.9
       Tnw = 78.122
       Tec = 31.6528
     twoNb = 7.65299e+06
     twoNe = 646014
     twoNc = 355259
     twoNw = 2.23137e+06
    twoNec = 107669
    twoNnw = 183156
  twoNecnw = 13336.6
  twoNbecnw = 88727.4
        m2 = 0.0101533
        m4 = 0.0116473
        m5 = 0.130921
        m7 = 0.00117637
        m8 = 0.37739
        Th = 54.8874
        Tb = 30407.9
        Td = 15.8264
        Te = 7.91319
        Tg = 3.9566
#       SitePat  BranchLen
              b 148279.5355230
              e 57647.6928660
              c 60303.8533842
              n 54829.9257665
              w 54829.2296630
            b:e 2725.1151745
            b:c 3195.8552317
            b:n 2271.0305896
            b:w 2270.9895661
            e:c 12556.0166835
            e:n 6480.4540310
            e:w 6480.8690132
            c:n 5782.1800429
            c:w 5782.3313337
            n:w 14466.7031928
          b:e:c 2534.8960645
          b:e:n 1324.4344499
          b:e:w 1324.4475408
          b:c:n 1324.8315974
          b:c:w 1324.8184972
          b:n:w 2533.4169451
          e:c:n 5355.9468459
          e:c:w 5356.0766764
          e:n:w 8239.6378742
          c:n:w 6966.8592101
        b:e:c:n 2271.6866486
        b:e:c:w 2271.7276815
        b:e:n:w 3179.9727037
        b:c:n:w 2721.8943560
        e:c:n:w 61805.6783158
