########################################
# legofit: estimate population history #
#       version 2.3.4-4-g53f8760       #
########################################

# Program was compiled: Sep 21 2021 14:36:42
# Program was run: Thu Oct 14 10:48:32 2021

# cmd: legofit -1 -d 0 -t 32 --ptsPerDim 3 --stateOut b1boot13.state --tol 3e-6 -S 5000 bdegh2.lgo ../../boot/boot13.opf
# Stage nOptItr nSimReps
#     0    5000        0
# algorithm          : deterministic
# ignoring probs <=  : 0
# Branch length floor: 0
# DE strategy        : 2
#    F               : 0.3
#    CR              : 0.8
#    tolerance       : 3e-06
# nthreads           : 32
# lgo input file     : bdegh2.lgo
# site pat input file: ../../boot/boot13.opf
# free parameters    : 16
# points in DE swarm : 48
# output state file  : b1boot13.state
# Including singleton site patterns.
# cost function      : KL
Initial parameter values
Fixed:
      zero = 0
       one = 1
    Tbecnw = 75200
Free:
       pc1 = 0
       pc2 = 0
       pc3 = 0
       pc4 = 0
       pc5 = 0
       pc6 = 0
       pc7 = 0
       pc8 = 0
       pc9 = 0
      pc10 = 0
      pc11 = 0
      pc12 = 0
      pc13 = 0
      pc14 = 0
      pc15 = 0
      pc16 = 0
Constrained:
     Tecnw = 61284.7
       Tnw = 1611.11
       Tec = 1563.34
     twoNb = 2.68413e+06
     twoNe = 338763
     twoNc = 342106
     twoNw = 1.08973e+06
    twoNec = 105317
    twoNnw = 171168
  twoNecnw = 13040.4
  twoNbecnw = 88720
        m2 = 0.00501204
        m4 = 0.00968479
        m5 = 0.13753
        m7 = 0.00015906
        m8 = 0.379694
        Th = 1587.22
        Tb = 31436
        Td = 781.669
        Te = 390.834
        Tg = 195.417
DiffEv reached_goal. cost=2.27537e-03 spread=2.61672e-06
Fitted parameter values
Free:
       pc1 = -2.60493
       pc2 = 0.570217
       pc3 = -1.00472
       pc4 = 2.58366
       pc5 = -1.71895
       pc6 = -1.87929
       pc7 = 1.89397
       pc8 = 1.66316
       pc9 = 1.26853
      pc10 = -0.119887
      pc11 = 0.544563
      pc12 = -0.0228343
      pc13 = 0.0682887
      pc14 = -0.0779837
      pc15 = -0.017683
      pc16 = 0.00499696
Constrained:
     Tecnw = 60712
       Tnw = 12.4625
       Tec = 8.12353
     twoNb = 6.72998e+06
     twoNe = 624947
     twoNc = 503581
     twoNw = 1.99527e+06
    twoNec = 108370
    twoNnw = 182323
  twoNecnw = 13322.1
  twoNbecnw = 88608.7
        m2 = 0.0121917
        m4 = 0.0104108
        m5 = 0.14595
        m7 = 0.00107856
        m8 = 0.37024
        Th = 10.293
        Tb = 30361.1
        Td = 4.06176
        Te = 2.03088
        Tg = 1.01544
#       SitePat  BranchLen
              b 148236.3972894
              e 57503.2534244
              c 60367.9897505
              n 54698.8219392
              w 54698.7302190
            b:e 2714.5344731
            b:c 3196.5626158
            b:n 2252.6349975
            b:w 2252.6296317
            e:c 12523.9145846
            e:n 6497.1880341
            e:w 6497.2509782
            c:n 5726.6478165
            c:w 5726.6596671
            n:w 14489.6141891
          b:e:c 2525.0631591
          b:e:n 1314.8573747
          b:e:w 1314.8598976
          b:c:n 1315.2547005
          b:c:w 1315.2521761
          b:n:w 2523.2758781
          e:c:n 5322.2923236
          e:c:w 5322.3092490
          e:n:w 8275.4591993
          c:n:w 6937.9880425
        b:e:c:n 2253.4203516
        b:e:c:w 2253.4257189
        b:e:n:w 3179.3253091
        b:c:n:w 2710.3739215
        e:c:n:w 61860.7134177
