########################################
# legofit: estimate population history #
#       version 2.3.4-4-g53f8760       #
########################################

# Program was compiled: Sep 21 2021 14:36:42
# Program was run: Wed Sep 29 13:04:52 2021

# cmd: legofit -1 -d 0 -t 56 --ptsPerDim 3 --stateOut b1boot32.state --tol 3e-6 -S 5000 acdef2.lgo ../../boot/boot32.opf
# Stage nOptItr nSimReps
#     0    5000        0
# algorithm          : deterministic
# ignoring probs <=  : 0
# Branch length floor: 0
# DE strategy        : 2
#    F               : 0.3
#    CR              : 0.8
#    tolerance       : 3e-06
# nthreads           : 56
# lgo input file     : acdef2.lgo
# site pat input file: ../../boot/boot32.opf
# free parameters    : 19
# points in DE swarm : 57
# output state file  : b1boot32.state
# Including singleton site patterns.
# cost function      : KL
Initial parameter values
Fixed:
      zero = 0
       one = 1
    Tbecnw = 75200
Free:
       pc1 = 0
       pc2 = 0
       pc3 = 0
       pc4 = 0
       pc5 = 0
       pc6 = 0
       pc7 = 0
       pc8 = 0
       pc9 = 0
      pc10 = 0
      pc11 = 0
      pc12 = 0
      pc13 = 0
      pc14 = 0
      pc15 = 0
      pc16 = 0
      pc17 = 0
      pc18 = 0
      pc19 = 0
Constrained:
   Tgbecnw = 96152.6
     Tecnw = 27489.7
       Tnw = 18681.6
       Tec = 10478.7
     twoNb = 5.2038e+06
     twoNe = 24569.5
     twoNc = 1.3948e+06
     twoNn = 2.62682e+06
     twoNw = 1.69479e+07
    twoNec = 123171
    twoNnw = 29362.9
  twoNecnw = 76723.3
  twoNbecnw = 8974.54
  twoNgbecnw = 275133
         m = 0.127252
        m3 = 0.193012
        m4 = 0.0202242
        m5 = 0.119203
        m6 = 0.0479937
        Ta = 42839.3
        Tc = 9340.82
        Td = 4670.41
        Te = 2335.2
        Tf = 1167.6
DiffEv reached_goal. cost=1.71113e-03 spread=2.95952e-06
Fitted parameter values
Free:
       pc1 = 1.75182
       pc2 = 3.60682
       pc3 = -2.32201
       pc4 = 1.8564
       pc5 = -0.771784
       pc6 = -0.351193
       pc7 = 0.606604
       pc8 = 0.647421
       pc9 = 0.859147
      pc10 = -0.973451
      pc11 = 1.18974
      pc12 = 0.0298443
      pc13 = 0.212223
      pc14 = 0.0305371
      pc15 = 0.146541
      pc16 = 0.113078
      pc17 = 0.0015866
      pc18 = -0.0174852
      pc19 = 0.0284696
Constrained:
   Tgbecnw = 78511.3
     Tecnw = 25285.2
       Tnw = 20885.4
       Tec = 10768.3
     twoNb = 6.33738e+06
     twoNe = 6956.48
     twoNc = 1.00294e+06
     twoNn = 2.73017e+06
     twoNw = 2.69569e+07
    twoNec = 111224
    twoNnw = 14210
  twoNecnw = 75356.8
  twoNbecnw = 1407.99
  twoNgbecnw = 312630
         m = 0.104811
        m3 = 0.197407
        m4 = 0.0194159
        m5 = 0.110457
        m6 = 0.0307201
        Ta = 42984.2
        Tc = 10442.7
        Td = 5221.35
        Te = 2610.68
        Tf = 1305.34
#       SitePat  BranchLen
              b 123576.7745008
              e 47997.5465063
              c 50521.1111407
              n 44508.9144767
              w 46289.9735669
            b:e 2050.2808677
            b:c 2412.8226289
            b:n 1656.2248959
            b:w 1816.2791483
            e:c 10323.6690736
            e:n 5735.8406958
            e:w 5079.3156074
            c:n 5107.8625010
            c:w 4601.1800005
            n:w 12514.4720134
          b:e:c 2105.5794048
          b:e:n 1099.0438416
          b:e:w 1100.4377627
          b:c:n 1104.8441893
          b:c:w 1116.4316506
          b:n:w 2061.0015332
          e:c:n 4769.2740208
          e:c:w 4151.4225195
          e:n:w 6425.7360048
          c:n:w 5420.7047157
        b:e:c:n 2092.1801048
        b:e:c:w 1919.1444701
        b:e:n:w 3150.1276327
        b:c:n:w 2353.3718867
        e:c:n:w 51614.9462112
