########################################
# legofit: estimate population history #
#       version 2.3.4-4-g53f8760       #
########################################

# Program was compiled: Sep 21 2021 14:36:42
# Program was run: Wed Sep 29 13:04:10 2021

# cmd: legofit -1 -d 0 -t 56 --ptsPerDim 3 --stateOut b1boot29.state --tol 3e-6 -S 5000 acdef2.lgo ../../boot/boot29.opf
# Stage nOptItr nSimReps
#     0    5000        0
# algorithm          : deterministic
# ignoring probs <=  : 0
# Branch length floor: 0
# DE strategy        : 2
#    F               : 0.3
#    CR              : 0.8
#    tolerance       : 3e-06
# nthreads           : 56
# lgo input file     : acdef2.lgo
# site pat input file: ../../boot/boot29.opf
# free parameters    : 19
# points in DE swarm : 57
# output state file  : b1boot29.state
# Including singleton site patterns.
# cost function      : KL
Initial parameter values
Fixed:
      zero = 0
       one = 1
    Tbecnw = 75200
Free:
       pc1 = 0
       pc2 = 0
       pc3 = 0
       pc4 = 0
       pc5 = 0
       pc6 = 0
       pc7 = 0
       pc8 = 0
       pc9 = 0
      pc10 = 0
      pc11 = 0
      pc12 = 0
      pc13 = 0
      pc14 = 0
      pc15 = 0
      pc16 = 0
      pc17 = 0
      pc18 = 0
      pc19 = 0
Constrained:
   Tgbecnw = 96152.6
     Tecnw = 27489.7
       Tnw = 18681.6
       Tec = 10478.7
     twoNb = 5.2038e+06
     twoNe = 24569.5
     twoNc = 1.3948e+06
     twoNn = 2.62682e+06
     twoNw = 1.69479e+07
    twoNec = 123171
    twoNnw = 29362.9
  twoNecnw = 76723.3
  twoNbecnw = 8974.54
  twoNgbecnw = 275133
         m = 0.127252
        m3 = 0.193012
        m4 = 0.0202242
        m5 = 0.119203
        m6 = 0.0479937
        Ta = 42839.3
        Tc = 9340.82
        Td = 4670.41
        Te = 2335.2
        Tf = 1167.6
DiffEv reached_goal. cost=1.70116e-03 spread=2.62570e-06
Fitted parameter values
Free:
       pc1 = 0.862105
       pc2 = 3.90183
       pc3 = -3.57026
       pc4 = 1.98454
       pc5 = 0.252231
       pc6 = -0.897273
       pc7 = 1.32163
       pc8 = 0.580891
       pc9 = -1.04478
      pc10 = -1.53612
      pc11 = 0.606293
      pc12 = 0.0914527
      pc13 = -0.0699641
      pc14 = 0.0806958
      pc15 = 0.0124117
      pc16 = -0.122956
      pc17 = 0.0729059
      pc18 = 0.0283426
      pc19 = 0.0477736
Constrained:
   Tgbecnw = 76686.1
     Tecnw = 24985.6
       Tnw = 21430.5
       Tec = 11404.5
     twoNb = 3.20056e+06
     twoNe = 13660.4
     twoNc = 1.45708e+06
     twoNn = 5.97978e+06
     twoNw = 1.45946e+07
    twoNec = 98111
    twoNnw = 11570.2
  twoNecnw = 76987.6
  twoNbecnw = 632.242
  twoNgbecnw = 312796
         m = 0.105307
        m3 = 0.184263
        m4 = 0.0198567
        m5 = 0.120497
        m6 = 0.0496188
        Ta = 43302.3
        Tc = 10715.3
        Td = 5357.64
        Te = 2678.82
        Tf = 1339.41
#       SitePat  BranchLen
              b 123023.5567463
              e 47876.9185601
              c 50244.1922950
              n 44458.6121829
              w 46135.1177970
            b:e 2040.9919514
            b:c 2398.1259264
            b:n 1648.8157636
            b:w 1799.7814725
            e:c 10323.9606337
            e:n 5709.2525412
            e:w 5071.9974264
            c:n 5100.2160163
            c:w 4649.4911136
            n:w 12423.7559127
          b:e:c 2094.5838832
          b:e:n 1095.1817834
          b:e:w 1093.2062043
          b:c:n 1098.0503922
          b:c:w 1112.5905157
          b:n:w 2049.0073388
          e:c:n 4727.9033558
          e:c:w 4139.3777592
          e:n:w 6369.7656819
          c:n:w 5429.6702675
        b:e:c:n 2082.9123243
        b:e:c:w 1919.3820710
        b:e:n:w 3127.3132001
        b:c:n:w 2352.2906153
        e:c:n:w 51263.0430193
