########################################
# legofit: estimate population history #
#       version 2.3.4-4-g53f8760       #
########################################

# Program was compiled: Sep 21 2021 14:36:42
# Program was run: Wed Sep 29 13:48:57 2021

# cmd: legofit -1 -d 0 -t 56 --ptsPerDim 3 --stateOut b1boot8.state --tol 3e-6 -S 5000 acdef2.lgo ../../boot/boot8.opf
# Stage nOptItr nSimReps
#     0    5000        0
# algorithm          : deterministic
# ignoring probs <=  : 0
# Branch length floor: 0
# DE strategy        : 2
#    F               : 0.3
#    CR              : 0.8
#    tolerance       : 3e-06
# nthreads           : 56
# lgo input file     : acdef2.lgo
# site pat input file: ../../boot/boot8.opf
# free parameters    : 19
# points in DE swarm : 57
# output state file  : b1boot8.state
# Including singleton site patterns.
# cost function      : KL
Initial parameter values
Fixed:
      zero = 0
       one = 1
    Tbecnw = 75200
Free:
       pc1 = 0
       pc2 = 0
       pc3 = 0
       pc4 = 0
       pc5 = 0
       pc6 = 0
       pc7 = 0
       pc8 = 0
       pc9 = 0
      pc10 = 0
      pc11 = 0
      pc12 = 0
      pc13 = 0
      pc14 = 0
      pc15 = 0
      pc16 = 0
      pc17 = 0
      pc18 = 0
      pc19 = 0
Constrained:
   Tgbecnw = 96152.6
     Tecnw = 27489.7
       Tnw = 18681.6
       Tec = 10478.7
     twoNb = 5.2038e+06
     twoNe = 24569.5
     twoNc = 1.3948e+06
     twoNn = 2.62682e+06
     twoNw = 1.69479e+07
    twoNec = 123171
    twoNnw = 29362.9
  twoNecnw = 76723.3
  twoNbecnw = 8974.54
  twoNgbecnw = 275133
         m = 0.127252
        m3 = 0.193012
        m4 = 0.0202242
        m5 = 0.119203
        m6 = 0.0479937
        Ta = 42839.3
        Tc = 9340.82
        Td = 4670.41
        Te = 2335.2
        Tf = 1167.6
DiffEv reached_goal. cost=1.67586e-03 spread=1.63188e-06
Fitted parameter values
Free:
       pc1 = 1.8296
       pc2 = 3.87329
       pc3 = -2.69709
       pc4 = 1.82964
       pc5 = 1.00446
       pc6 = 0.508912
       pc7 = 1.93739
       pc8 = 0.0440256
       pc9 = -0.178238
      pc10 = -0.679564
      pc11 = 1.05359
      pc12 = 0.234908
      pc13 = -0.140074
      pc14 = 0.0263471
      pc15 = -0.0769916
      pc16 = -0.0597644
      pc17 = 0.074126
      pc18 = 0.0141339
      pc19 = 0.0383182
Constrained:
   Tgbecnw = 76625.2
     Tecnw = 25021.8
       Tnw = 20312.6
       Tec = 10992.9
     twoNb = 3.0131e+06
     twoNe = 17718.7
     twoNc = 3.7342e+06
     twoNn = 4.35369e+06
     twoNw = 3.21808e+07
    twoNec = 104835
    twoNnw = 15454.5
  twoNecnw = 76552.4
  twoNbecnw = 607.604
  twoNgbecnw = 311930
         m = 0.104883
        m3 = 0.193313
        m4 = 0.0194576
        m5 = 0.112822
        m6 = 0.0425805
        Ta = 43096.4
        Tc = 10156.3
        Td = 5078.16
        Te = 2539.08
        Tf = 1269.54
#       SitePat  BranchLen
              b 122834.6889527
              e 47891.8918178
              c 50237.1935015
              n 44394.0655929
              w 46136.7230287
            b:e 2041.0146096
            b:c 2393.9484334
            b:n 1652.4020914
            b:w 1808.7599113
            e:c 10292.6626767
            e:n 5738.8889929
            e:w 5079.5386595
            c:n 5130.0147041
            c:w 4653.0825133
            n:w 12470.0778202
          b:e:c 2088.6984567
          b:e:n 1099.2674935
          b:e:w 1097.9668291
          b:c:n 1102.4944476
          b:c:w 1116.8476227
          b:n:w 2043.6501076
          e:c:n 4747.7931571
          e:c:w 4141.4182454
          e:n:w 6335.8687789
          c:n:w 5411.3532822
        b:e:c:n 2092.4589672
        b:e:c:w 1923.0486366
        b:e:n:w 3112.6794113
        b:c:n:w 2352.1818855
        e:c:n:w 51076.9113263
