########################################
# legofit: estimate population history #
#       version 2.3.4-4-g53f8760       #
########################################

# Program was compiled: Sep 21 2021 14:36:42
# Program was run: Wed Sep 29 13:06:06 2021

# cmd: legofit -1 -d 0 -t 56 --ptsPerDim 3 --stateOut b1boot41.state --tol 3e-6 -S 5000 acdef2.lgo ../../boot/boot41.opf
# Stage nOptItr nSimReps
#     0    5000        0
# algorithm          : deterministic
# ignoring probs <=  : 0
# Branch length floor: 0
# DE strategy        : 2
#    F               : 0.3
#    CR              : 0.8
#    tolerance       : 3e-06
# nthreads           : 56
# lgo input file     : acdef2.lgo
# site pat input file: ../../boot/boot41.opf
# free parameters    : 19
# points in DE swarm : 57
# output state file  : b1boot41.state
# Including singleton site patterns.
# cost function      : KL
Initial parameter values
Fixed:
      zero = 0
       one = 1
    Tbecnw = 75200
Free:
       pc1 = 0
       pc2 = 0
       pc3 = 0
       pc4 = 0
       pc5 = 0
       pc6 = 0
       pc7 = 0
       pc8 = 0
       pc9 = 0
      pc10 = 0
      pc11 = 0
      pc12 = 0
      pc13 = 0
      pc14 = 0
      pc15 = 0
      pc16 = 0
      pc17 = 0
      pc18 = 0
      pc19 = 0
Constrained:
   Tgbecnw = 96152.6
     Tecnw = 27489.7
       Tnw = 18681.6
       Tec = 10478.7
     twoNb = 5.2038e+06
     twoNe = 24569.5
     twoNc = 1.3948e+06
     twoNn = 2.62682e+06
     twoNw = 1.69479e+07
    twoNec = 123171
    twoNnw = 29362.9
  twoNecnw = 76723.3
  twoNbecnw = 8974.54
  twoNgbecnw = 275133
         m = 0.127252
        m3 = 0.193012
        m4 = 0.0202242
        m5 = 0.119203
        m6 = 0.0479937
        Ta = 42839.3
        Tc = 9340.82
        Td = 4670.41
        Te = 2335.2
        Tf = 1167.6
DiffEv reached_goal. cost=1.66864e-03 spread=2.30009e-06
Fitted parameter values
Free:
       pc1 = 1.7356
       pc2 = 3.95808
       pc3 = -2.89771
       pc4 = 1.83953
       pc5 = 0.731004
       pc6 = -0.78423
       pc7 = 1.0046
       pc8 = -0.157933
       pc9 = -0.638949
      pc10 = -0.943384
      pc11 = 1.16071
      pc12 = -0.0345017
      pc13 = -0.0790209
      pc14 = 0.0130641
      pc15 = -0.0976647
      pc16 = -0.011563
      pc17 = -0.0392638
      pc18 = -0.0151686
      pc19 = 0.0422244
Constrained:
   Tgbecnw = 76552.4
     Tecnw = 25147.8
       Tnw = 20696.7
       Tec = 11203.4
     twoNb = 2.95786e+06
     twoNe = 16026.9
     twoNc = 2.02261e+06
     twoNn = 6.43904e+06
     twoNw = 2.23508e+07
    twoNec = 103264
    twoNnw = 14536.1
  twoNecnw = 75856.9
  twoNbecnw = 583.03
  twoNgbecnw = 307522
         m = 0.105204
        m3 = 0.196522
        m4 = 0.0196678
        m5 = 0.109707
        m6 = 0.0397665
        Ta = 43201.7
        Tc = 10348.4
        Td = 5174.18
        Te = 2587.09
        Tf = 1293.55
#       SitePat  BranchLen
              b 122664.1070348
              e 47842.3758087
              c 50235.4838185
              n 44404.7869488
              w 46238.8810904
            b:e 2050.4610317
            b:c 2412.4912951
            b:n 1661.6338543
            b:w 1827.8196648
            e:c 10324.9907671
            e:n 5766.4565476
            e:w 5050.2529175
            c:n 5113.0750208
            c:w 4636.3849013
            n:w 12440.1162814
          b:e:c 2106.6860898
          b:e:n 1106.2320927
          b:e:w 1101.6754132
          b:c:n 1106.1801306
          b:c:w 1124.4717530
          b:n:w 2061.7945440
          e:c:n 4791.2381463
          e:c:w 4150.0377544
          e:n:w 6352.0689442
          c:n:w 5409.6789966
        b:e:c:n 2111.2551008
        b:e:c:w 1931.3343475
        b:e:n:w 3128.7917200
        b:c:n:w 2360.5483532
        e:c:n:w 50941.6259504
