########################################
# legofit: estimate population history #
#       version 2.3.4-4-g53f8760       #
########################################

# Program was compiled: Sep 21 2021 14:36:42
# Program was run: Wed Sep 29 13:05:43 2021

# cmd: legofit -1 -d 0 -t 56 --ptsPerDim 3 --stateOut b1boot37.state --tol 3e-6 -S 5000 acdef2.lgo ../../boot/boot37.opf
# Stage nOptItr nSimReps
#     0    5000        0
# algorithm          : deterministic
# ignoring probs <=  : 0
# Branch length floor: 0
# DE strategy        : 2
#    F               : 0.3
#    CR              : 0.8
#    tolerance       : 3e-06
# nthreads           : 56
# lgo input file     : acdef2.lgo
# site pat input file: ../../boot/boot37.opf
# free parameters    : 19
# points in DE swarm : 57
# output state file  : b1boot37.state
# Including singleton site patterns.
# cost function      : KL
Initial parameter values
Fixed:
      zero = 0
       one = 1
    Tbecnw = 75200
Free:
       pc1 = 0
       pc2 = 0
       pc3 = 0
       pc4 = 0
       pc5 = 0
       pc6 = 0
       pc7 = 0
       pc8 = 0
       pc9 = 0
      pc10 = 0
      pc11 = 0
      pc12 = 0
      pc13 = 0
      pc14 = 0
      pc15 = 0
      pc16 = 0
      pc17 = 0
      pc18 = 0
      pc19 = 0
Constrained:
   Tgbecnw = 96152.6
     Tecnw = 27489.7
       Tnw = 18681.6
       Tec = 10478.7
     twoNb = 5.2038e+06
     twoNe = 24569.5
     twoNc = 1.3948e+06
     twoNn = 2.62682e+06
     twoNw = 1.69479e+07
    twoNec = 123171
    twoNnw = 29362.9
  twoNecnw = 76723.3
  twoNbecnw = 8974.54
  twoNgbecnw = 275133
         m = 0.127252
        m3 = 0.193012
        m4 = 0.0202242
        m5 = 0.119203
        m6 = 0.0479937
        Ta = 42839.3
        Tc = 9340.82
        Td = 4670.41
        Te = 2335.2
        Tf = 1167.6
DiffEv reached_goal. cost=1.68556e-03 spread=2.49739e-06
Fitted parameter values
Free:
       pc1 = 1.90837
       pc2 = 3.83762
       pc3 = -2.49625
       pc4 = 1.9112
       pc5 = 0.111621
       pc6 = -0.401709
       pc7 = 1.01954
       pc8 = 0.0285285
       pc9 = 0.426381
      pc10 = -0.0312762
      pc11 = 1.35585
      pc12 = 0.045018
      pc13 = 0.115261
      pc14 = 0.0608643
      pc15 = -0.0211255
      pc16 = 0.078351
      pc17 = 0.0611265
      pc18 = 0.000698166
      pc19 = 0.0349989
Constrained:
   Tgbecnw = 77011
     Tecnw = 25319.4
       Tnw = 20250.9
       Tec = 10854.1
     twoNb = 4.83432e+06
     twoNe = 15592.5
     twoNc = 2.0074e+06
     twoNn = 4.28497e+06
     twoNw = 2.68298e+07
    twoNec = 107620
    twoNnw = 16306.8
  twoNecnw = 75539.8
  twoNbecnw = 772.137
  twoNgbecnw = 312312
         m = 0.105899
        m3 = 0.201964
        m4 = 0.0189923
        m5 = 0.114008
        m6 = 0.0385409
        Ta = 43027.1
        Tc = 10125.4
        Td = 5062.72
        Te = 2531.36
        Tf = 1265.68
#       SitePat  BranchLen
              b 123399.7323273
              e 47861.3412534
              c 50298.8104508
              n 44358.4352275
              w 46185.3156360
            b:e 2035.7721877
            b:c 2388.3336679
            b:n 1646.5012100
            b:w 1810.5093366
            e:c 10290.3643563
            e:n 5745.1426272
            e:w 5068.5979313
            c:n 5124.1488443
            c:w 4609.8485059
            n:w 12471.9874252
          b:e:c 2087.8352224
          b:e:n 1095.1943477
          b:e:w 1095.9525375
          b:c:n 1100.0294773
          b:c:w 1112.7149813
          b:n:w 2043.7920651
          e:c:n 4766.0318857
          e:c:w 4129.9965116
          e:n:w 6357.9425136
          c:n:w 5395.7285557
        b:e:c:n 2089.0486231
        b:e:c:w 1911.5968028
        b:e:n:w 3110.5052858
        b:c:n:w 2340.8339978
        e:c:n:w 51623.0301874
