########################################
# legofit: estimate population history #
#       version 2.3.4-4-g53f8760       #
########################################

# Program was compiled: Sep 21 2021 14:36:42
# Program was run: Wed Sep 29 13:06:19 2021

# cmd: legofit -1 -d 0 -t 56 --ptsPerDim 3 --stateOut b1boot42.state --tol 3e-6 -S 5000 acdef2.lgo ../../boot/boot42.opf
# Stage nOptItr nSimReps
#     0    5000        0
# algorithm          : deterministic
# ignoring probs <=  : 0
# Branch length floor: 0
# DE strategy        : 2
#    F               : 0.3
#    CR              : 0.8
#    tolerance       : 3e-06
# nthreads           : 56
# lgo input file     : acdef2.lgo
# site pat input file: ../../boot/boot42.opf
# free parameters    : 19
# points in DE swarm : 57
# output state file  : b1boot42.state
# Including singleton site patterns.
# cost function      : KL
Initial parameter values
Fixed:
      zero = 0
       one = 1
    Tbecnw = 75200
Free:
       pc1 = 0
       pc2 = 0
       pc3 = 0
       pc4 = 0
       pc5 = 0
       pc6 = 0
       pc7 = 0
       pc8 = 0
       pc9 = 0
      pc10 = 0
      pc11 = 0
      pc12 = 0
      pc13 = 0
      pc14 = 0
      pc15 = 0
      pc16 = 0
      pc17 = 0
      pc18 = 0
      pc19 = 0
Constrained:
   Tgbecnw = 96152.6
     Tecnw = 27489.7
       Tnw = 18681.6
       Tec = 10478.7
     twoNb = 5.2038e+06
     twoNe = 24569.5
     twoNc = 1.3948e+06
     twoNn = 2.62682e+06
     twoNw = 1.69479e+07
    twoNec = 123171
    twoNnw = 29362.9
  twoNecnw = 76723.3
  twoNbecnw = 8974.54
  twoNgbecnw = 275133
         m = 0.127252
        m3 = 0.193012
        m4 = 0.0202242
        m5 = 0.119203
        m6 = 0.0479937
        Ta = 42839.3
        Tc = 9340.82
        Td = 4670.41
        Te = 2335.2
        Tf = 1167.6
DiffEv reached_goal. cost=1.68463e-03 spread=1.78501e-06
Fitted parameter values
Free:
       pc1 = 1.91343
       pc2 = 3.84236
       pc3 = -1.99165
       pc4 = 1.82598
       pc5 = -0.846452
       pc6 = 0.0205871
       pc7 = 1.63885
       pc8 = 0.591405
       pc9 = 1.07736
      pc10 = -1.0392
      pc11 = 1.04484
      pc12 = -0.00576546
      pc13 = 0.171307
      pc14 = 0.00169466
      pc15 = -0.147841
      pc16 = -0.147477
      pc17 = -0.0624686
      pc18 = -0.0482679
      pc19 = 0.0394842
Constrained:
   Tgbecnw = 77429.9
     Tecnw = 25168.7
       Tnw = 20942.8
       Tec = 10674.1
     twoNb = 6.70426e+06
     twoNe = 3898.66
     twoNc = 2.36167e+06
     twoNn = 1.58279e+06
     twoNw = 2.27219e+07
    twoNec = 110453
    twoNnw = 13796.5
  twoNecnw = 75420.1
  twoNbecnw = 958.587
  twoNgbecnw = 305466
         m = 0.106952
        m3 = 0.196262
        m4 = 0.0193107
        m5 = 0.102107
        m6 = 0.0351732
        Ta = 42937.1
        Tc = 10471.4
        Td = 5235.69
        Te = 2617.85
        Tf = 1308.92
#       SitePat  BranchLen
              b 123094.1468685
              e 47911.8129769
              c 50261.6580724
              n 44437.9843380
              w 46265.9103672
            b:e 2039.2993232
            b:c 2378.7767892
            b:n 1646.3777237
            b:w 1809.3484336
            e:c 10338.7243294
            e:n 5739.7646228
            e:w 5018.5332127
            c:n 5099.0975324
            c:w 4624.9714189
            n:w 12453.9569826
          b:e:c 2090.8485018
          b:e:n 1094.9867720
          b:e:w 1089.7561285
          b:c:n 1093.3635007
          b:c:w 1111.8881085
          b:n:w 2047.2123512
          e:c:n 4775.6147040
          e:c:w 4143.0461984
          e:n:w 6333.5379231
          c:n:w 5421.0778644
        b:e:c:n 2085.4022959
        b:e:c:w 1909.1376216
        b:e:n:w 3105.2305387
        b:c:n:w 2342.0879996
        e:c:n:w 51262.1680196
