########################################
# legofit: estimate population history #
#       version 2.3.4-4-g53f8760       #
########################################

# Program was compiled: Sep 21 2021 14:36:42
# Program was run: Wed Sep 29 19:00:43 2021

# cmd: legofit -1 -d 0 -t 56 --ptsPerDim 3 --stateOut b1boot16.state --tol 3e-6 -S 5000 acdef2.lgo ../../boot/boot16.opf
# Stage nOptItr nSimReps
#     0    5000        0
# algorithm          : deterministic
# ignoring probs <=  : 0
# Branch length floor: 0
# DE strategy        : 2
#    F               : 0.3
#    CR              : 0.8
#    tolerance       : 3e-06
# nthreads           : 56
# lgo input file     : acdef2.lgo
# site pat input file: ../../boot/boot16.opf
# free parameters    : 19
# points in DE swarm : 57
# output state file  : b1boot16.state
# Including singleton site patterns.
# cost function      : KL
Initial parameter values
Fixed:
      zero = 0
       one = 1
    Tbecnw = 75200
Free:
       pc1 = 0
       pc2 = 0
       pc3 = 0
       pc4 = 0
       pc5 = 0
       pc6 = 0
       pc7 = 0
       pc8 = 0
       pc9 = 0
      pc10 = 0
      pc11 = 0
      pc12 = 0
      pc13 = 0
      pc14 = 0
      pc15 = 0
      pc16 = 0
      pc17 = 0
      pc18 = 0
      pc19 = 0
Constrained:
   Tgbecnw = 96152.6
     Tecnw = 27489.7
       Tnw = 18681.6
       Tec = 10478.7
     twoNb = 5.2038e+06
     twoNe = 24569.5
     twoNc = 1.3948e+06
     twoNn = 2.62682e+06
     twoNw = 1.69479e+07
    twoNec = 123171
    twoNnw = 29362.9
  twoNecnw = 76723.3
  twoNbecnw = 8974.54
  twoNgbecnw = 275133
         m = 0.127252
        m3 = 0.193012
        m4 = 0.0202242
        m5 = 0.119203
        m6 = 0.0479937
        Ta = 42839.3
        Tc = 9340.82
        Td = 4670.41
        Te = 2335.2
        Tf = 1167.6
DiffEv reached_goal. cost=1.64143e-03 spread=2.89324e-06
Fitted parameter values
Free:
       pc1 = 0.466387
       pc2 = 3.99614
       pc3 = -1.8097
       pc4 = 1.81996
       pc5 = -0.902546
       pc6 = -0.520613
       pc7 = 1.58756
       pc8 = 0.200823
       pc9 = 0.913775
      pc10 = -1.63254
      pc11 = -0.301422
      pc12 = 0.224662
      pc13 = -0.0475458
      pc14 = 0.0748175
      pc15 = 0.0953059
      pc16 = -0.00153738
      pc17 = -0.110549
      pc18 = -0.0259957
      pc19 = -0.00438955
Constrained:
   Tgbecnw = 81241.3
     Tecnw = 25135.5
       Tnw = 21537.8
       Tec = 10980
     twoNb = 8.87876e+06
     twoNe = 4011.6
     twoNc = 2.32398e+06
     twoNn = 3.62021e+06
     twoNw = 1.15543e+07
    twoNec = 108637
    twoNnw = 11844.7
  twoNecnw = 78450.5
  twoNbecnw = 2624.51
  twoNgbecnw = 288948
         m = 0.117035
        m3 = 0.186887
        m4 = 0.0195127
        m5 = 0.110607
        m6 = 0.0330271
        Ta = 43090
        Tc = 10768.9
        Td = 5384.45
        Te = 2692.23
        Tf = 1346.11
#       SitePat  BranchLen
              b 124661.1316199
              e 48546.0637914
              c 51076.0018714
              n 45073.4650119
              w 46810.6874857
            b:e 2076.4344764
            b:c 2440.9626359
            b:n 1680.4960435
            b:w 1835.9452972
            e:c 10461.1326936
            e:n 5810.5041702
            e:w 5142.7667372
            c:n 5154.0797816
            c:w 4685.1173719
            n:w 12646.0175560
          b:e:c 2130.8127548
          b:e:n 1115.8398232
          b:e:w 1113.5754000
          b:c:n 1117.4618020
          b:c:w 1132.4366805
          b:n:w 2086.5928409
          e:c:n 4792.6358774
          e:c:w 4192.1132465
          e:n:w 6468.0974559
          c:n:w 5468.5141192
        b:e:c:n 2117.8756692
        b:e:c:w 1949.7159602
        b:e:n:w 3187.2805705
        b:c:n:w 2385.9879051
        e:c:n:w 51927.7011099
