########################################
# legofit: estimate population history #
#       version 2.3.4-4-g53f8760       #
########################################

# Program was compiled: Sep 21 2021 14:36:42
# Program was run: Wed Sep 29 18:23:53 2021

# cmd: legofit -1 -d 0 -t 56 --ptsPerDim 3 --stateOut b1boot14.state --tol 3e-6 -S 5000 acdef2.lgo ../../boot/boot14.opf
# Stage nOptItr nSimReps
#     0    5000        0
# algorithm          : deterministic
# ignoring probs <=  : 0
# Branch length floor: 0
# DE strategy        : 2
#    F               : 0.3
#    CR              : 0.8
#    tolerance       : 3e-06
# nthreads           : 56
# lgo input file     : acdef2.lgo
# site pat input file: ../../boot/boot14.opf
# free parameters    : 19
# points in DE swarm : 57
# output state file  : b1boot14.state
# Including singleton site patterns.
# cost function      : KL
Initial parameter values
Fixed:
      zero = 0
       one = 1
    Tbecnw = 75200
Free:
       pc1 = 0
       pc2 = 0
       pc3 = 0
       pc4 = 0
       pc5 = 0
       pc6 = 0
       pc7 = 0
       pc8 = 0
       pc9 = 0
      pc10 = 0
      pc11 = 0
      pc12 = 0
      pc13 = 0
      pc14 = 0
      pc15 = 0
      pc16 = 0
      pc17 = 0
      pc18 = 0
      pc19 = 0
Constrained:
   Tgbecnw = 96152.6
     Tecnw = 27489.7
       Tnw = 18681.6
       Tec = 10478.7
     twoNb = 5.2038e+06
     twoNe = 24569.5
     twoNc = 1.3948e+06
     twoNn = 2.62682e+06
     twoNw = 1.69479e+07
    twoNec = 123171
    twoNnw = 29362.9
  twoNecnw = 76723.3
  twoNbecnw = 8974.54
  twoNgbecnw = 275133
         m = 0.127252
        m3 = 0.193012
        m4 = 0.0202242
        m5 = 0.119203
        m6 = 0.0479937
        Ta = 42839.3
        Tc = 9340.82
        Td = 4670.41
        Te = 2335.2
        Tf = 1167.6
DiffEv reached_goal. cost=1.66776e-03 spread=2.80992e-06
Fitted parameter values
Free:
       pc1 = 1.09549
       pc2 = 3.62962
       pc3 = -3.28716
       pc4 = 1.90655
       pc5 = 0.601798
       pc6 = -1.08899
       pc7 = 0.916518
       pc8 = 0.366709
       pc9 = -0.138312
      pc10 = -0.695708
      pc11 = 0.895375
      pc12 = 0.173275
      pc13 = 0.0198661
      pc14 = 0.0198432
      pc15 = -0.00798882
      pc16 = -0.0509331
      pc17 = 0.0478456
      pc18 = 0.00929935
      pc19 = 0.0212998
Constrained:
   Tgbecnw = 76606.3
     Tecnw = 25213.4
       Tnw = 20473.3
       Tec = 11312.1
     twoNb = 4.57883e+06
     twoNe = 22185.6
     twoNc = 1.22817e+06
     twoNn = 5.7782e+06
     twoNw = 2.13085e+07
    twoNec = 100965
    twoNnw = 15337.5
  twoNecnw = 76832.7
  twoNbecnw = 602.676
  twoNgbecnw = 311032
         m = 0.106112
        m3 = 0.192522
        m4 = 0.0195781
        m5 = 0.119151
        m6 = 0.0479405
        Ta = 43256.1
        Tc = 10236.6
        Td = 5118.32
        Te = 2559.16
        Tf = 1279.58
#       SitePat  BranchLen
              b 123198.1643136
              e 47998.2156966
              c 50384.7062814
              n 44477.7031414
              w 46222.8524009
            b:e 2064.3093153
            b:c 2415.5974388
            b:n 1667.9080191
            b:w 1826.7107396
            e:c 10319.1824379
            e:n 5746.0250879
            e:w 5089.2702489
            c:n 5131.7890186
            c:w 4654.9611927
            n:w 12508.5874993
          b:e:c 2116.0705357
          b:e:n 1110.2511196
          b:e:w 1109.2147200
          b:c:n 1113.5223252
          b:c:w 1127.8119635
          b:n:w 2070.5748775
          e:c:n 4755.5066030
          e:c:w 4143.9400083
          e:n:w 6370.2351190
          c:n:w 5432.5287325
        b:e:c:n 2114.2884663
        b:e:c:w 1942.2325072
        b:e:n:w 3153.2177099
        b:c:n:w 2379.8218563
        e:c:n:w 51377.7365401
