########################################
# legofit: estimate population history #
#       version 2.3.4-4-g53f8760       #
########################################

# Program was compiled: Sep 21 2021 14:36:42
# Program was run: Wed Sep 29 13:05:58 2021

# cmd: legofit -1 -d 0 -t 56 --ptsPerDim 3 --stateOut b1boot40.state --tol 3e-6 -S 5000 acdef2.lgo ../../boot/boot40.opf
# Stage nOptItr nSimReps
#     0    5000        0
# algorithm          : deterministic
# ignoring probs <=  : 0
# Branch length floor: 0
# DE strategy        : 2
#    F               : 0.3
#    CR              : 0.8
#    tolerance       : 3e-06
# nthreads           : 56
# lgo input file     : acdef2.lgo
# site pat input file: ../../boot/boot40.opf
# free parameters    : 19
# points in DE swarm : 57
# output state file  : b1boot40.state
# Including singleton site patterns.
# cost function      : KL
Initial parameter values
Fixed:
      zero = 0
       one = 1
    Tbecnw = 75200
Free:
       pc1 = 0
       pc2 = 0
       pc3 = 0
       pc4 = 0
       pc5 = 0
       pc6 = 0
       pc7 = 0
       pc8 = 0
       pc9 = 0
      pc10 = 0
      pc11 = 0
      pc12 = 0
      pc13 = 0
      pc14 = 0
      pc15 = 0
      pc16 = 0
      pc17 = 0
      pc18 = 0
      pc19 = 0
Constrained:
   Tgbecnw = 96152.6
     Tecnw = 27489.7
       Tnw = 18681.6
       Tec = 10478.7
     twoNb = 5.2038e+06
     twoNe = 24569.5
     twoNc = 1.3948e+06
     twoNn = 2.62682e+06
     twoNw = 1.69479e+07
    twoNec = 123171
    twoNnw = 29362.9
  twoNecnw = 76723.3
  twoNbecnw = 8974.54
  twoNgbecnw = 275133
         m = 0.127252
        m3 = 0.193012
        m4 = 0.0202242
        m5 = 0.119203
        m6 = 0.0479937
        Ta = 42839.3
        Tc = 9340.82
        Td = 4670.41
        Te = 2335.2
        Tf = 1167.6
DiffEv reached_goal. cost=1.68334e-03 spread=2.74112e-06
Fitted parameter values
Free:
       pc1 = 1.45363
       pc2 = 3.91491
       pc3 = -3.59255
       pc4 = 1.60997
       pc5 = 1.1107
       pc6 = 0.0792365
       pc7 = 1.49826
       pc8 = -0.128427
       pc9 = -0.321477
      pc10 = -0.775421
      pc11 = 0.248968
      pc12 = -0.306843
      pc13 = 0.100058
      pc14 = 0.0478705
      pc15 = 0.0327377
      pc16 = 0.0814698
      pc17 = -0.0637966
      pc18 = 0.00443957
      pc19 = 0.0111108
Constrained:
   Tgbecnw = 77092.4
     Tecnw = 25152.9
       Tnw = 20483.7
       Tec = 11509.7
     twoNb = 3.7179e+06
     twoNe = 24343.3
     twoNc = 3.06887e+06
     twoNn = 6.23323e+06
     twoNw = 2.65448e+07
    twoNec = 101391
    twoNnw = 15744.2
  twoNecnw = 75562.2
  twoNbecnw = 798.09
  twoNgbecnw = 322165
         m = 0.101556
        m3 = 0.185331
        m4 = 0.0193229
        m5 = 0.112251
        m6 = 0.03471
        Ta = 43354.9
        Tc = 10241.8
        Td = 5120.92
        Te = 2560.46
        Tf = 1280.23
#       SitePat  BranchLen
              b 123244.7051231
              e 47845.4086258
              c 50303.7585104
              n 44553.8277871
              w 46274.0739828
            b:e 2041.1055332
            b:c 2401.5303964
            b:n 1670.9934549
            b:w 1827.6288671
            e:c 10329.9809807
            e:n 5730.3011760
            e:w 5076.5882584
            c:n 5088.8598551
            c:w 4626.5534667
            n:w 12414.9982943
          b:e:c 2103.5009674
          b:e:n 1104.8566603
          b:e:w 1102.9627676
          b:c:n 1107.8980681
          b:c:w 1122.6688168
          b:n:w 2060.1064948
          e:c:n 4783.3112679
          e:c:w 4179.0843781
          e:n:w 6341.2744201
          c:n:w 5373.3763067
        b:e:c:n 2110.2920926
        b:e:c:w 1940.7798243
        b:e:n:w 3131.4992437
        b:c:n:w 2349.3510747
        e:c:n:w 51498.9333793
