########################################
# legofit: estimate population history #
#       version 2.3.4-4-g53f8760       #
########################################

# Program was compiled: Sep 21 2021 14:36:42
# Program was run: Wed Sep 29 13:05:12 2021

# cmd: legofit -1 -d 0 -t 56 --ptsPerDim 3 --stateOut b1boot33.state --tol 3e-6 -S 5000 acdef2.lgo ../../boot/boot33.opf
# Stage nOptItr nSimReps
#     0    5000        0
# algorithm          : deterministic
# ignoring probs <=  : 0
# Branch length floor: 0
# DE strategy        : 2
#    F               : 0.3
#    CR              : 0.8
#    tolerance       : 3e-06
# nthreads           : 56
# lgo input file     : acdef2.lgo
# site pat input file: ../../boot/boot33.opf
# free parameters    : 19
# points in DE swarm : 57
# output state file  : b1boot33.state
# Including singleton site patterns.
# cost function      : KL
Initial parameter values
Fixed:
      zero = 0
       one = 1
    Tbecnw = 75200
Free:
       pc1 = 0
       pc2 = 0
       pc3 = 0
       pc4 = 0
       pc5 = 0
       pc6 = 0
       pc7 = 0
       pc8 = 0
       pc9 = 0
      pc10 = 0
      pc11 = 0
      pc12 = 0
      pc13 = 0
      pc14 = 0
      pc15 = 0
      pc16 = 0
      pc17 = 0
      pc18 = 0
      pc19 = 0
Constrained:
   Tgbecnw = 96152.6
     Tecnw = 27489.7
       Tnw = 18681.6
       Tec = 10478.7
     twoNb = 5.2038e+06
     twoNe = 24569.5
     twoNc = 1.3948e+06
     twoNn = 2.62682e+06
     twoNw = 1.69479e+07
    twoNec = 123171
    twoNnw = 29362.9
  twoNecnw = 76723.3
  twoNbecnw = 8974.54
  twoNgbecnw = 275133
         m = 0.127252
        m3 = 0.193012
        m4 = 0.0202242
        m5 = 0.119203
        m6 = 0.0479937
        Ta = 42839.3
        Tc = 9340.82
        Td = 4670.41
        Te = 2335.2
        Tf = 1167.6
DiffEv reached_goal. cost=1.67284e-03 spread=2.99685e-06
Fitted parameter values
Free:
       pc1 = 3.26013
       pc2 = 3.96888
       pc3 = -1.60672
       pc4 = 0.911054
       pc5 = 0.270149
       pc6 = 0.109962
       pc7 = 1.70636
       pc8 = 0.171323
       pc9 = 0.82514
      pc10 = -1.11135
      pc11 = 1.4977
      pc12 = -0.0196581
      pc13 = 0.197522
      pc14 = -0.0903704
      pc15 = 0.109738
      pc16 = 0.0170217
      pc17 = -0.0523526
      pc18 = -0.0866444
      pc19 = 0.0182202
Constrained:
   Tgbecnw = 76274.1
     Tecnw = 24929.9
       Tnw = 20289.6
       Tec = 10719.3
     twoNb = 4.2616e+06
     twoNe = 15001.2
     twoNc = 3.37847e+06
     twoNn = 1.98033e+06
     twoNw = 2.4271e+07
    twoNec = 117405
    twoNnw = 15481
  twoNecnw = 74292
  twoNbecnw = 461.992
  twoNgbecnw = 309952
         m = 0.1046
        m3 = 0.204759
        m4 = 0.0197974
        m5 = 0.0883083
        m6 = 0.0145654
        Ta = 42959.7
        Tc = 10144.8
        Td = 5072.4
        Te = 2536.2
        Tf = 1268.1
#       SitePat  BranchLen
              b 122797.4846518
              e 47839.0979366
              c 50229.3561444
              n 44354.5994330
              w 46130.5367708
            b:e 2034.7281145
            b:c 2393.0722471
            b:n 1651.6759807
            b:w 1811.4791641
            e:c 10238.8921694
            e:n 5676.9061226
            e:w 5034.7482270
            c:n 5101.0641529
            c:w 4580.0526942
            n:w 12435.5249221
          b:e:c 2085.1796325
          b:e:n 1093.3136182
          b:e:w 1096.1493655
          b:c:n 1100.5297452
          b:c:w 1110.8280374
          b:n:w 2040.9392709
          e:c:n 4768.2582595
          e:c:w 4155.4902759
          e:n:w 6326.4361252
          c:n:w 5377.0401010
        b:e:c:n 2087.5810024
        b:e:c:w 1914.6437795
        b:e:n:w 3128.1197191
        b:c:n:w 2337.5558952
        e:c:n:w 51203.7360877
