########################################
# legofit: estimate population history #
#       version 2.3.4-4-g53f8760       #
########################################

# Program was compiled: Sep 21 2021 14:36:42
# Program was run: Wed Sep 29 16:45:32 2021

# cmd: legofit -1 -d 0 -t 56 --ptsPerDim 3 --stateOut b1boot12.state --tol 3e-6 -S 5000 acdef2.lgo ../../boot/boot12.opf
# Stage nOptItr nSimReps
#     0    5000        0
# algorithm          : deterministic
# ignoring probs <=  : 0
# Branch length floor: 0
# DE strategy        : 2
#    F               : 0.3
#    CR              : 0.8
#    tolerance       : 3e-06
# nthreads           : 56
# lgo input file     : acdef2.lgo
# site pat input file: ../../boot/boot12.opf
# free parameters    : 19
# points in DE swarm : 57
# output state file  : b1boot12.state
# Including singleton site patterns.
# cost function      : KL
Initial parameter values
Fixed:
      zero = 0
       one = 1
    Tbecnw = 75200
Free:
       pc1 = 0
       pc2 = 0
       pc3 = 0
       pc4 = 0
       pc5 = 0
       pc6 = 0
       pc7 = 0
       pc8 = 0
       pc9 = 0
      pc10 = 0
      pc11 = 0
      pc12 = 0
      pc13 = 0
      pc14 = 0
      pc15 = 0
      pc16 = 0
      pc17 = 0
      pc18 = 0
      pc19 = 0
Constrained:
   Tgbecnw = 96152.6
     Tecnw = 27489.7
       Tnw = 18681.6
       Tec = 10478.7
     twoNb = 5.2038e+06
     twoNe = 24569.5
     twoNc = 1.3948e+06
     twoNn = 2.62682e+06
     twoNw = 1.69479e+07
    twoNec = 123171
    twoNnw = 29362.9
  twoNecnw = 76723.3
  twoNbecnw = 8974.54
  twoNgbecnw = 275133
         m = 0.127252
        m3 = 0.193012
        m4 = 0.0202242
        m5 = 0.119203
        m6 = 0.0479937
        Ta = 42839.3
        Tc = 9340.82
        Td = 4670.41
        Te = 2335.2
        Tf = 1167.6
DiffEv reached_goal. cost=1.66811e-03 spread=2.75169e-06
Fitted parameter values
Free:
       pc1 = 2.5025
       pc2 = 3.60514
       pc3 = -2.87743
       pc4 = 0.0761606
       pc5 = 1.52027
       pc6 = -0.723716
       pc7 = 1.50213
       pc8 = 0.77331
       pc9 = -0.0990339
      pc10 = -0.591125
      pc11 = 0.833427
      pc12 = -0.277669
      pc13 = 0.101852
      pc14 = 0.0499686
      pc15 = 0.0550458
      pc16 = 0.00414781
      pc17 = 0.0268213
      pc18 = 0.00331491
      pc19 = 0.00328799
Constrained:
   Tgbecnw = 76900.1
     Tecnw = 24857.8
       Tnw = 19566.7
       Tec = 11563.9
     twoNb = 2.13927e+06
     twoNe = 41284.4
     twoNc = 2.46619e+06
     twoNn = 3.74324e+06
     twoNw = 1.40353e+07
    twoNec = 106315
    twoNnw = 18251
  twoNecnw = 74801.4
  twoNbecnw = 725.872
  twoNgbecnw = 314100
         m = 0.101878
        m3 = 0.194896
        m4 = 0.0198612
        m5 = 0.0958991
        m6 = 0.0217933
        Ta = 43382
        Tc = 9783.37
        Td = 4891.68
        Te = 2445.84
        Tf = 1222.92
#       SitePat  BranchLen
              b 122557.9729282
              e 47805.0448070
              c 50185.1785434
              n 44423.6701066
              w 46139.4230051
            b:e 2035.9995818
            b:c 2409.3730374
            b:n 1670.5716859
            b:w 1827.0301845
            e:c 10236.6286925
            e:n 5723.3055431
            e:w 5089.7109918
            c:n 5121.0519726
            c:w 4639.5891550
            n:w 12413.9585285
          b:e:c 2084.8741405
          b:e:n 1104.1324954
          b:e:w 1104.5170615
          b:c:n 1109.8601141
          b:c:w 1122.3436220
          b:n:w 2041.2756513
          e:c:n 4802.1572511
          e:c:w 4201.4617215
          e:n:w 6322.3429178
          c:n:w 5374.1656051
        b:e:c:n 2106.9624084
        b:e:c:w 1937.6358357
        b:e:n:w 3117.8280174
        b:c:n:w 2341.3191683
        e:c:n:w 50899.0946650
