########################################
# legofit: estimate population history #
#       version 2.3.4-4-g53f8760       #
########################################

# Program was compiled: Sep 21 2021 14:36:42
# Program was run: Wed Sep 29 13:05:38 2021

# cmd: legofit -1 -d 0 -t 56 --ptsPerDim 3 --stateOut b1boot36.state --tol 3e-6 -S 5000 acdef2.lgo ../../boot/boot36.opf
# Stage nOptItr nSimReps
#     0    5000        0
# algorithm          : deterministic
# ignoring probs <=  : 0
# Branch length floor: 0
# DE strategy        : 2
#    F               : 0.3
#    CR              : 0.8
#    tolerance       : 3e-06
# nthreads           : 56
# lgo input file     : acdef2.lgo
# site pat input file: ../../boot/boot36.opf
# free parameters    : 19
# points in DE swarm : 57
# output state file  : b1boot36.state
# Including singleton site patterns.
# cost function      : KL
Initial parameter values
Fixed:
      zero = 0
       one = 1
    Tbecnw = 75200
Free:
       pc1 = 0
       pc2 = 0
       pc3 = 0
       pc4 = 0
       pc5 = 0
       pc6 = 0
       pc7 = 0
       pc8 = 0
       pc9 = 0
      pc10 = 0
      pc11 = 0
      pc12 = 0
      pc13 = 0
      pc14 = 0
      pc15 = 0
      pc16 = 0
      pc17 = 0
      pc18 = 0
      pc19 = 0
Constrained:
   Tgbecnw = 96152.6
     Tecnw = 27489.7
       Tnw = 18681.6
       Tec = 10478.7
     twoNb = 5.2038e+06
     twoNe = 24569.5
     twoNc = 1.3948e+06
     twoNn = 2.62682e+06
     twoNw = 1.69479e+07
    twoNec = 123171
    twoNnw = 29362.9
  twoNecnw = 76723.3
  twoNbecnw = 8974.54
  twoNgbecnw = 275133
         m = 0.127252
        m3 = 0.193012
        m4 = 0.0202242
        m5 = 0.119203
        m6 = 0.0479937
        Ta = 42839.3
        Tc = 9340.82
        Td = 4670.41
        Te = 2335.2
        Tf = 1167.6
DiffEv reached_goal. cost=1.69902e-03 spread=2.60554e-06
Fitted parameter values
Free:
       pc1 = 1.24602
       pc2 = 3.94044
       pc3 = -2.78953
       pc4 = 1.92994
       pc5 = 0.306135
       pc6 = -1.17247
       pc7 = 1.33569
       pc8 = -0.623728
       pc9 = -0.0104213
      pc10 = -0.65612
      pc11 = 0.579255
      pc12 = 0.257179
      pc13 = -0.0588854
      pc14 = 0.0491344
      pc15 = -0.00271728
      pc16 = -0.0561731
      pc17 = 0.00577295
      pc18 = -0.00127993
      pc19 = 0.0406441
Constrained:
   Tgbecnw = 77298.4
     Tecnw = 25215.1
       Tnw = 20615.9
       Tec = 11024.4
     twoNb = 5.77219e+06
     twoNe = 16316.2
     twoNc = 2.30527e+06
     twoNn = 6.7714e+06
     twoNw = 1.33841e+07
    twoNec = 104588
    twoNnw = 14966.2
  twoNecnw = 76915.7
  twoNbecnw = 902.432
  twoNgbecnw = 305857
         m = 0.107653
        m3 = 0.196305
        m4 = 0.0194166
        m5 = 0.116121
        m6 = 0.0442951
        Ta = 43112.2
        Tc = 10308
        Td = 5153.98
        Te = 2576.99
        Tf = 1288.5
#       SitePat  BranchLen
              b 123185.2712199
              e 48074.1959453
              c 50437.3366897
              n 44600.4498579
              w 46354.7953109
            b:e 2059.2588478
            b:c 2404.5207236
            b:n 1667.5414628
            b:w 1826.2475034
            e:c 10331.9288970
            e:n 5744.3763944
            e:w 5101.2572041
            c:n 5156.2585449
            c:w 4657.4264654
            n:w 12477.9582933
          b:e:c 2107.7257548
          b:e:n 1108.4076864
          b:e:w 1109.7304416
          b:c:n 1113.6818163
          b:c:w 1125.5486205
          b:n:w 2063.2536962
          e:c:n 4765.0659860
          e:c:w 4152.6718028
          e:n:w 6355.6363126
          c:n:w 5425.3871531
        b:e:c:n 2112.1066407
        b:e:c:w 1940.2110407
        b:e:n:w 3139.7465045
        b:c:n:w 2372.4491095
        e:c:n:w 51233.3818236
