########################################
# legofit: estimate population history #
#       version 2.3.4-4-g53f8760       #
########################################

# Program was compiled: Sep 21 2021 14:36:42
# Program was run: Wed Sep 29 19:36:03 2021

# cmd: legofit -1 -d 0 -t 56 --ptsPerDim 3 --stateOut b1boot17.state --tol 3e-6 -S 5000 acdef2.lgo ../../boot/boot17.opf
# Stage nOptItr nSimReps
#     0    5000        0
# algorithm          : deterministic
# ignoring probs <=  : 0
# Branch length floor: 0
# DE strategy        : 2
#    F               : 0.3
#    CR              : 0.8
#    tolerance       : 3e-06
# nthreads           : 56
# lgo input file     : acdef2.lgo
# site pat input file: ../../boot/boot17.opf
# free parameters    : 19
# points in DE swarm : 57
# output state file  : b1boot17.state
# Including singleton site patterns.
# cost function      : KL
Initial parameter values
Fixed:
      zero = 0
       one = 1
    Tbecnw = 75200
Free:
       pc1 = 0
       pc2 = 0
       pc3 = 0
       pc4 = 0
       pc5 = 0
       pc6 = 0
       pc7 = 0
       pc8 = 0
       pc9 = 0
      pc10 = 0
      pc11 = 0
      pc12 = 0
      pc13 = 0
      pc14 = 0
      pc15 = 0
      pc16 = 0
      pc17 = 0
      pc18 = 0
      pc19 = 0
Constrained:
   Tgbecnw = 96152.6
     Tecnw = 27489.7
       Tnw = 18681.6
       Tec = 10478.7
     twoNb = 5.2038e+06
     twoNe = 24569.5
     twoNc = 1.3948e+06
     twoNn = 2.62682e+06
     twoNw = 1.69479e+07
    twoNec = 123171
    twoNnw = 29362.9
  twoNecnw = 76723.3
  twoNbecnw = 8974.54
  twoNgbecnw = 275133
         m = 0.127252
        m3 = 0.193012
        m4 = 0.0202242
        m5 = 0.119203
        m6 = 0.0479937
        Ta = 42839.3
        Tc = 9340.82
        Td = 4670.41
        Te = 2335.2
        Tf = 1167.6
DiffEv reached_goal. cost=1.69269e-03 spread=2.84092e-06
Fitted parameter values
Free:
       pc1 = 1.43484
       pc2 = 3.97088
       pc3 = -2.7483
       pc4 = 1.49126
       pc5 = 0.798773
       pc6 = -0.48879
       pc7 = 1.42429
       pc8 = -0.334595
       pc9 = 0.527132
      pc10 = -1.13872
      pc11 = 0.293038
      pc12 = -0.273985
      pc13 = -0.0410981
      pc14 = 0.0682517
      pc15 = -0.0430474
      pc16 = -0.00428259
      pc17 = -0.0560482
      pc18 = -0.0141604
      pc19 = 0.000352292
Constrained:
   Tgbecnw = 77888.3
     Tecnw = 25052.5
       Tnw = 20550.1
       Tec = 11333.9
     twoNb = 6.11405e+06
     twoNe = 22253.5
     twoNc = 2.90297e+06
     twoNn = 5.74997e+06
     twoNw = 2.23604e+07
    twoNec = 104837
    twoNnw = 15024.9
  twoNecnw = 75638.6
  twoNbecnw = 1167.42
  twoNgbecnw = 301260
         m = 0.107671
        m3 = 0.19115
        m4 = 0.0195831
        m5 = 0.103441
        m6 = 0.0305627
        Ta = 43267
        Tc = 10275.1
        Td = 5137.53
        Te = 2568.77
        Tf = 1284.38
#       SitePat  BranchLen
              b 123129.6995731
              e 47970.1951142
              c 50374.6375393
              n 44556.8139210
              w 46303.4727751
            b:e 2061.4700503
            b:c 2414.1913755
            b:n 1677.9321654
            b:w 1837.2909493
            e:c 10373.2103223
            e:n 5735.8112315
            e:w 5077.5752289
            c:n 5118.8337067
            c:w 4642.7206299
            n:w 12512.2849718
          b:e:c 2118.5503460
          b:e:n 1109.6587645
          b:e:w 1108.2450239
          b:c:n 1112.3658820
          b:c:w 1126.7381256
          b:n:w 2075.2159410
          e:c:n 4810.5803998
          e:c:w 4198.2706251
          e:n:w 6379.7969117
          c:n:w 5431.3186911
        b:e:c:n 2117.1534899
        b:e:c:w 1944.8362029
        b:e:n:w 3145.6414785
        b:c:n:w 2367.5876346
        e:c:n:w 51195.5820318
