########################################
# legofit: estimate population history #
#       version 2.3.4-4-g53f8760       #
########################################

# Program was compiled: Sep 21 2021 14:36:42
# Program was run: Wed Sep 29 17:47:02 2021

# cmd: legofit -1 -d 0 -t 56 --ptsPerDim 3 --stateOut b1boot13.state --tol 3e-6 -S 5000 acdef2.lgo ../../boot/boot13.opf
# Stage nOptItr nSimReps
#     0    5000        0
# algorithm          : deterministic
# ignoring probs <=  : 0
# Branch length floor: 0
# DE strategy        : 2
#    F               : 0.3
#    CR              : 0.8
#    tolerance       : 3e-06
# nthreads           : 56
# lgo input file     : acdef2.lgo
# site pat input file: ../../boot/boot13.opf
# free parameters    : 19
# points in DE swarm : 57
# output state file  : b1boot13.state
# Including singleton site patterns.
# cost function      : KL
Initial parameter values
Fixed:
      zero = 0
       one = 1
    Tbecnw = 75200
Free:
       pc1 = 0
       pc2 = 0
       pc3 = 0
       pc4 = 0
       pc5 = 0
       pc6 = 0
       pc7 = 0
       pc8 = 0
       pc9 = 0
      pc10 = 0
      pc11 = 0
      pc12 = 0
      pc13 = 0
      pc14 = 0
      pc15 = 0
      pc16 = 0
      pc17 = 0
      pc18 = 0
      pc19 = 0
Constrained:
   Tgbecnw = 96152.6
     Tecnw = 27489.7
       Tnw = 18681.6
       Tec = 10478.7
     twoNb = 5.2038e+06
     twoNe = 24569.5
     twoNc = 1.3948e+06
     twoNn = 2.62682e+06
     twoNw = 1.69479e+07
    twoNec = 123171
    twoNnw = 29362.9
  twoNecnw = 76723.3
  twoNbecnw = 8974.54
  twoNgbecnw = 275133
         m = 0.127252
        m3 = 0.193012
        m4 = 0.0202242
        m5 = 0.119203
        m6 = 0.0479937
        Ta = 42839.3
        Tc = 9340.82
        Td = 4670.41
        Te = 2335.2
        Tf = 1167.6
DiffEv reached_goal. cost=1.68371e-03 spread=2.93608e-06
Fitted parameter values
Free:
       pc1 = 1.62924
       pc2 = 3.64916
       pc3 = -2.44538
       pc4 = 1.85859
       pc5 = -0.491603
       pc6 = -0.315171
       pc7 = 1.57094
       pc8 = 0.588846
       pc9 = 0.604201
      pc10 = -0.55709
      pc11 = 1.51248
      pc12 = 0.129161
      pc13 = 0.0709792
      pc14 = 0.0975316
      pc15 = 0.15701
      pc16 = 0.133366
      pc17 = 0.088236
      pc18 = -0.00235309
      pc19 = 0.0600315
Constrained:
   Tgbecnw = 76791.3
     Tecnw = 25310.8
       Tnw = 20780
       Tec = 10822
     twoNb = 5.46353e+06
     twoNe = 10664.1
     twoNc = 1.99982e+06
     twoNn = 2.34131e+06
     twoNw = 2.24042e+07
    twoNec = 106282
    twoNnw = 14452.1
  twoNecnw = 75575.6
  twoNbecnw = 682.605
  twoNgbecnw = 309990
         m = 0.10528
        m3 = 0.198809
        m4 = 0.0193267
        m5 = 0.121788
        m6 = 0.0405018
        Ta = 43011
        Tc = 10390
        Td = 5194.99
        Te = 2597.5
        Tf = 1298.75
#       SitePat  BranchLen
              b 123012.7441263
              e 47833.2644725
              c 50311.9613722
              n 44383.2638755
              w 46130.1654175
            b:e 2044.6259552
            b:c 2405.6476703
            b:n 1652.8336055
            b:w 1810.6762615
            e:c 10302.4112984
            e:n 5702.0275230
            e:w 5096.5061859
            c:n 5124.9713242
            c:w 4594.6843034
            n:w 12452.7829580
          b:e:c 2099.7594441
          b:e:n 1095.5833032
          b:e:w 1101.8036436
          b:c:n 1106.3878828
          b:c:w 1113.0811490
          b:n:w 2054.9475393
          e:c:n 4747.8852308
          e:c:w 4136.7920466
          e:n:w 6409.0764942
          c:n:w 5407.9558457
        b:e:c:n 2089.8682693
        b:e:c:w 1919.1120067
        b:e:n:w 3132.9341962
        b:c:n:w 2351.1320221
        e:c:n:w 51279.4872095
