########################################
# legofit: estimate population history #
#       version 2.3.4-4-g53f8760       #
########################################

# Program was compiled: Sep 21 2021 14:36:42
# Program was run: Wed Sep 29 15:20:00 2021

# cmd: legofit -1 -d 0 -t 56 --ptsPerDim 3 --stateOut b1boot9.state --tol 3e-6 -S 5000 acdef2.lgo ../../boot/boot9.opf
# Stage nOptItr nSimReps
#     0    5000        0
# algorithm          : deterministic
# ignoring probs <=  : 0
# Branch length floor: 0
# DE strategy        : 2
#    F               : 0.3
#    CR              : 0.8
#    tolerance       : 3e-06
# nthreads           : 56
# lgo input file     : acdef2.lgo
# site pat input file: ../../boot/boot9.opf
# free parameters    : 19
# points in DE swarm : 57
# output state file  : b1boot9.state
# Including singleton site patterns.
# cost function      : KL
Initial parameter values
Fixed:
      zero = 0
       one = 1
    Tbecnw = 75200
Free:
       pc1 = 0
       pc2 = 0
       pc3 = 0
       pc4 = 0
       pc5 = 0
       pc6 = 0
       pc7 = 0
       pc8 = 0
       pc9 = 0
      pc10 = 0
      pc11 = 0
      pc12 = 0
      pc13 = 0
      pc14 = 0
      pc15 = 0
      pc16 = 0
      pc17 = 0
      pc18 = 0
      pc19 = 0
Constrained:
   Tgbecnw = 96152.6
     Tecnw = 27489.7
       Tnw = 18681.6
       Tec = 10478.7
     twoNb = 5.2038e+06
     twoNe = 24569.5
     twoNc = 1.3948e+06
     twoNn = 2.62682e+06
     twoNw = 1.69479e+07
    twoNec = 123171
    twoNnw = 29362.9
  twoNecnw = 76723.3
  twoNbecnw = 8974.54
  twoNgbecnw = 275133
         m = 0.127252
        m3 = 0.193012
        m4 = 0.0202242
        m5 = 0.119203
        m6 = 0.0479937
        Ta = 42839.3
        Tc = 9340.82
        Td = 4670.41
        Te = 2335.2
        Tf = 1167.6
DiffEv reached_goal. cost=1.68115e-03 spread=2.68882e-06
Fitted parameter values
Free:
       pc1 = -0.0837899
       pc2 = 3.95407
       pc3 = -3.65909
       pc4 = 1.67909
       pc5 = 0.524173
       pc6 = -0.126192
       pc7 = 1.84648
       pc8 = 1.05764
       pc9 = -0.969561
      pc10 = -0.489452
      pc11 = 1.10044
      pc12 = -0.149595
      pc13 = -0.0533344
      pc14 = -0.0187111
      pc15 = -0.0211193
      pc16 = -0.0181856
      pc17 = 0.0981691
      pc18 = 0.0233158
      pc19 = 0.0721866
Constrained:
   Tgbecnw = 78135.7
     Tecnw = 25439.3
       Tnw = 21565.2
       Tec = 12143.7
     twoNb = 2.46402e+06
     twoNe = 23343.7
     twoNc = 2.10562e+06
     twoNn = 4.12287e+06
     twoNw = 2.13058e+07
    twoNec = 90221.2
    twoNnw = 12345.3
  twoNecnw = 77618
  twoNbecnw = 1248.13
  twoNgbecnw = 310904
         m = 0.105717
        m3 = 0.18455
        m4 = 0.0192312
        m5 = 0.134919
        m6 = 0.0611204
        Ta = 43671.9
        Tc = 10782.6
        Td = 5391.29
        Te = 2695.64
        Tf = 1347.82
#       SitePat  BranchLen
              b 123270.6993541
              e 48086.1996309
              c 50504.9158105
              n 44668.8213637
              w 46405.0994221
            b:e 2057.0797222
            b:c 2423.3945460
            b:n 1661.4507383
            b:w 1820.0396315
            e:c 10357.5203746
            e:n 5765.1353424
            e:w 5094.7525553
            c:n 5112.4509206
            c:w 4663.5678475
            n:w 12452.9080082
          b:e:c 2116.1490709
          b:e:n 1106.2934270
          b:e:w 1102.5691921
          b:c:n 1107.5053696
          b:c:w 1124.3303977
          b:n:w 2070.5017039
          e:c:n 4756.7280180
          e:c:w 4139.7158198
          e:n:w 6411.0367722
          c:n:w 5444.0080881
        b:e:c:n 2106.0250300
        b:e:c:w 1934.3353436
        b:e:n:w 3127.7820533
        b:c:n:w 2370.6755170
        e:c:n:w 51237.5089436
