########################################
# legofit: estimate population history #
#       version 2.3.4-4-g53f8760       #
########################################

# Program was compiled: Sep 21 2021 14:36:42
# Program was run: Wed Sep 29 13:03:37 2021

# cmd: legofit -1 -d 0 -t 56 --ptsPerDim 3 --stateOut b1boot23.state --tol 3e-6 -S 5000 acdef2.lgo ../../boot/boot23.opf
# Stage nOptItr nSimReps
#     0    5000        0
# algorithm          : deterministic
# ignoring probs <=  : 0
# Branch length floor: 0
# DE strategy        : 2
#    F               : 0.3
#    CR              : 0.8
#    tolerance       : 3e-06
# nthreads           : 56
# lgo input file     : acdef2.lgo
# site pat input file: ../../boot/boot23.opf
# free parameters    : 19
# points in DE swarm : 57
# output state file  : b1boot23.state
# Including singleton site patterns.
# cost function      : KL
Initial parameter values
Fixed:
      zero = 0
       one = 1
    Tbecnw = 75200
Free:
       pc1 = 0
       pc2 = 0
       pc3 = 0
       pc4 = 0
       pc5 = 0
       pc6 = 0
       pc7 = 0
       pc8 = 0
       pc9 = 0
      pc10 = 0
      pc11 = 0
      pc12 = 0
      pc13 = 0
      pc14 = 0
      pc15 = 0
      pc16 = 0
      pc17 = 0
      pc18 = 0
      pc19 = 0
Constrained:
   Tgbecnw = 96152.6
     Tecnw = 27489.7
       Tnw = 18681.6
       Tec = 10478.7
     twoNb = 5.2038e+06
     twoNe = 24569.5
     twoNc = 1.3948e+06
     twoNn = 2.62682e+06
     twoNw = 1.69479e+07
    twoNec = 123171
    twoNnw = 29362.9
  twoNecnw = 76723.3
  twoNbecnw = 8974.54
  twoNgbecnw = 275133
         m = 0.127252
        m3 = 0.193012
        m4 = 0.0202242
        m5 = 0.119203
        m6 = 0.0479937
        Ta = 42839.3
        Tc = 9340.82
        Td = 4670.41
        Te = 2335.2
        Tf = 1167.6
DiffEv reached_goal. cost=1.66756e-03 spread=2.71177e-06
Fitted parameter values
Free:
       pc1 = 1.38122
       pc2 = 3.85465
       pc3 = -2.75366
       pc4 = 1.8993
       pc5 = -0.0846365
       pc6 = -0.449917
       pc7 = 1.69993
       pc8 = 0.19062
       pc9 = 0.296914
      pc10 = -0.321953
      pc11 = 1.07067
      pc12 = 0.0337682
      pc13 = -0.0651588
      pc14 = 0.093536
      pc15 = 0.0633331
      pc16 = 0.0493889
      pc17 = 0.134871
      pc18 = 0.0266937
      pc19 = 0.0476197
Constrained:
   Tgbecnw = 76814.3
     Tecnw = 25232.2
       Tnw = 20658.8
       Tec = 11010.1
     twoNb = 5.24612e+06
     twoNe = 15169.7
     twoNc = 2.40616e+06
     twoNn = 3.94157e+06
     twoNw = 1.94112e+07
    twoNec = 103936
    twoNnw = 14619.9
  twoNecnw = 75921
  twoNbecnw = 696.553
  twoNgbecnw = 307436
         m = 0.104886
        m3 = 0.196051
        m4 = 0.0191076
        m5 = 0.122739
        m6 = 0.0447626
        Ta = 43105.1
        Tc = 10329.4
        Td = 5164.69
        Te = 2582.35
        Tf = 1291.17
#       SitePat  BranchLen
              b 122708.2211933
              e 47846.0030531
              c 50286.0798084
              n 44348.7417379
              w 46089.0270760
            b:e 2061.5257767
            b:c 2416.8315202
            b:n 1663.9627484
            b:w 1822.1485578
            e:c 10303.6282908
            e:n 5733.6296444
            e:w 5107.1028199
            c:n 5135.1981514
            c:w 4631.6332852
            n:w 12481.7472252
          b:e:c 2112.2329812
          b:e:n 1105.7322287
          b:e:w 1108.6789614
          b:c:n 1113.1821433
          b:c:w 1123.2082494
          b:n:w 2067.0179115
          e:c:n 4761.1557412
          e:c:w 4150.9620938
          e:n:w 6421.7880849
          c:n:w 5442.0091432
        b:e:c:n 2103.9156628
        b:e:c:w 1932.7570147
        b:e:n:w 3134.7138620
        b:c:n:w 2371.0319308
        e:c:n:w 50961.3347257
