########################################
# legofit: estimate population history #
#       version 2.3.4-4-g53f8760       #
########################################

# Program was compiled: Sep 21 2021 14:36:42
# Program was run: Wed Sep 29 13:03:37 2021

# cmd: legofit -1 -d 0 -t 56 --ptsPerDim 3 --stateOut b1boot24.state --tol 3e-6 -S 5000 acdef2.lgo ../../boot/boot24.opf
# Stage nOptItr nSimReps
#     0    5000        0
# algorithm          : deterministic
# ignoring probs <=  : 0
# Branch length floor: 0
# DE strategy        : 2
#    F               : 0.3
#    CR              : 0.8
#    tolerance       : 3e-06
# nthreads           : 56
# lgo input file     : acdef2.lgo
# site pat input file: ../../boot/boot24.opf
# free parameters    : 19
# points in DE swarm : 57
# output state file  : b1boot24.state
# Including singleton site patterns.
# cost function      : KL
Initial parameter values
Fixed:
      zero = 0
       one = 1
    Tbecnw = 75200
Free:
       pc1 = 0
       pc2 = 0
       pc3 = 0
       pc4 = 0
       pc5 = 0
       pc6 = 0
       pc7 = 0
       pc8 = 0
       pc9 = 0
      pc10 = 0
      pc11 = 0
      pc12 = 0
      pc13 = 0
      pc14 = 0
      pc15 = 0
      pc16 = 0
      pc17 = 0
      pc18 = 0
      pc19 = 0
Constrained:
   Tgbecnw = 96152.6
     Tecnw = 27489.7
       Tnw = 18681.6
       Tec = 10478.7
     twoNb = 5.2038e+06
     twoNe = 24569.5
     twoNc = 1.3948e+06
     twoNn = 2.62682e+06
     twoNw = 1.69479e+07
    twoNec = 123171
    twoNnw = 29362.9
  twoNecnw = 76723.3
  twoNbecnw = 8974.54
  twoNgbecnw = 275133
         m = 0.127252
        m3 = 0.193012
        m4 = 0.0202242
        m5 = 0.119203
        m6 = 0.0479937
        Ta = 42839.3
        Tc = 9340.82
        Td = 4670.41
        Te = 2335.2
        Tf = 1167.6
DiffEv reached_goal. cost=1.69588e-03 spread=2.63028e-06
Fitted parameter values
Free:
       pc1 = 0.829007
       pc2 = 3.95164
       pc3 = -3.25197
       pc4 = 1.8574
       pc5 = 0.368312
       pc6 = 0.489283
       pc7 = 1.56954
       pc8 = 1.9155
       pc9 = -0.215924
      pc10 = 0.059903
      pc11 = 1.57702
      pc12 = -0.0109998
      pc13 = 0.0927189
      pc14 = 0.000352172
      pc15 = -0.0176782
      pc16 = 0.0120022
      pc17 = 0.0752566
      pc18 = -0.00927392
      pc19 = 0.0564881
Constrained:
   Tgbecnw = 76451.2
     Tecnw = 25272
       Tnw = 20936.2
       Tec = 11669.3
     twoNb = 2.25631e+06
     twoNe = 22349.7
     twoNc = 1.71978e+06
     twoNn = 1.41592e+06
     twoNw = 3.4339e+07
    twoNec = 95562.5
    twoNnw = 14066.3
  twoNecnw = 77498
  twoNbecnw = 530.537
  twoNgbecnw = 315817
         m = 0.105151
        m3 = 0.189421
        m4 = 0.0188255
        m5 = 0.128109
        m6 = 0.0527633
        Ta = 43434.6
        Tc = 10468.1
        Td = 5234.05
        Te = 2617.02
        Tf = 1308.51
#       SitePat  BranchLen
              b 123165.7279332
              e 47965.6805798
              c 50367.7627829
              n 44578.0724087
              w 46335.5575005
            b:e 2043.4386171
            b:c 2408.0195047
            b:n 1658.5822916
            b:w 1817.9366669
            e:c 10311.7013175
            e:n 5760.2853089
            e:w 5092.3646263
            c:n 5120.7074105
            c:w 4649.3286879
            n:w 12410.8199753
          b:e:c 2101.5594969
          b:e:n 1104.7037927
          b:e:w 1102.9005696
          b:c:n 1107.8799452
          b:c:w 1123.1081455
          b:n:w 2056.0284347
          e:c:n 4745.4205015
          e:c:w 4127.2348150
          e:n:w 6343.8955018
          c:n:w 5387.3815440
        b:e:c:n 2108.0037932
        b:e:c:w 1935.2244406
        b:e:n:w 3111.5516712
        b:c:n:w 2360.6324527
        e:c:n:w 51351.3329177
