########################################
# legofit: estimate population history #
#       version 2.3.4-4-g53f8760       #
########################################

# Program was compiled: Sep 21 2021 14:36:42
# Program was run: Wed Sep 29 12:57:49 2021

# cmd: legofit -1 -d 0 -t 56 --ptsPerDim 3 --stateOut b1boot2.state --tol 3e-6 -S 5000 acdef2.lgo ../../boot/boot2.opf
# Stage nOptItr nSimReps
#     0    5000        0
# algorithm          : deterministic
# ignoring probs <=  : 0
# Branch length floor: 0
# DE strategy        : 2
#    F               : 0.3
#    CR              : 0.8
#    tolerance       : 3e-06
# nthreads           : 56
# lgo input file     : acdef2.lgo
# site pat input file: ../../boot/boot2.opf
# free parameters    : 19
# points in DE swarm : 57
# output state file  : b1boot2.state
# Including singleton site patterns.
# cost function      : KL
Initial parameter values
Fixed:
      zero = 0
       one = 1
    Tbecnw = 75200
Free:
       pc1 = 0
       pc2 = 0
       pc3 = 0
       pc4 = 0
       pc5 = 0
       pc6 = 0
       pc7 = 0
       pc8 = 0
       pc9 = 0
      pc10 = 0
      pc11 = 0
      pc12 = 0
      pc13 = 0
      pc14 = 0
      pc15 = 0
      pc16 = 0
      pc17 = 0
      pc18 = 0
      pc19 = 0
Constrained:
   Tgbecnw = 96152.6
     Tecnw = 27489.7
       Tnw = 18681.6
       Tec = 10478.7
     twoNb = 5.2038e+06
     twoNe = 24569.5
     twoNc = 1.3948e+06
     twoNn = 2.62682e+06
     twoNw = 1.69479e+07
    twoNec = 123171
    twoNnw = 29362.9
  twoNecnw = 76723.3
  twoNbecnw = 8974.54
  twoNgbecnw = 275133
         m = 0.127252
        m3 = 0.193012
        m4 = 0.0202242
        m5 = 0.119203
        m6 = 0.0479937
        Ta = 42839.3
        Tc = 9340.82
        Td = 4670.41
        Te = 2335.2
        Tf = 1167.6
DiffEv reached_goal. cost=1.69492e-03 spread=2.91984e-06
Fitted parameter values
Free:
       pc1 = 1.0083
       pc2 = 3.95882
       pc3 = -3.60419
       pc4 = 1.72379
       pc5 = 0.336511
       pc6 = -0.469161
       pc7 = 1.6581
       pc8 = 0.696126
       pc9 = -0.526493
      pc10 = 0.27504
      pc11 = 1.1728
      pc12 = -0.107602
      pc13 = 0.121667
      pc14 = -0.0469945
      pc15 = -0.10768
      pc16 = -0.0974857
      pc17 = 0.114331
      pc18 = 0.0282697
      pc19 = 0.0478633
Constrained:
   Tgbecnw = 76025.2
     Tecnw = 25380.2
       Tnw = 20666.5
       Tec = 11637.8
     twoNb = 2.93733e+06
     twoNe = 23962.6
     twoNc = 1.95739e+06
     twoNn = 4.31688e+06
     twoNw = 1.81336e+07
    twoNec = 96740.6
    twoNnw = 15043
  twoNecnw = 76349.8
  twoNbecnw = 349.107
  twoNgbecnw = 320767
         m = 0.101208
        m3 = 0.192165
        m4 = 0.0187743
        m5 = 0.126451
        m6 = 0.0565964
        Ta = 43418.9
        Tc = 10333.3
        Td = 5166.64
        Te = 2583.32
        Tf = 1291.66
#       SitePat  BranchLen
              b 122638.4134452
              e 47872.9493495
              c 50213.0987619
              n 44354.6064552
              w 46118.4241372
            b:e 2051.9149354
            b:c 2398.9820545
            b:n 1653.4300243
            b:w 1813.9604815
            e:c 10259.8563602
            e:n 5745.5707233
            e:w 5062.7285823
            c:n 5108.3656535
            c:w 4648.6919378
            n:w 12424.3144247
          b:e:c 2101.8458050
          b:e:n 1103.9716981
          b:e:w 1100.2620181
          b:c:n 1104.7954828
          b:c:w 1121.8867217
          b:n:w 2056.0383740
          e:c:n 4738.4365521
          e:c:w 4117.1347269
          e:n:w 6347.1001607
          c:n:w 5425.3824853
        b:e:c:n 2099.9968735
        b:e:c:w 1926.0848574
        b:e:n:w 3102.5495440
        b:c:n:w 2365.8437348
        e:c:n:w 51009.5740429
