########################################
# legofit: estimate population history #
#       version 2.3.4-4-g53f8760       #
########################################

# Program was compiled: Sep 21 2021 14:36:42
# Program was run: Wed Sep 29 12:59:31 2021

# cmd: legofit -1 -d 0 -t 56 --ptsPerDim 3 --stateOut b1boot7.state --tol 3e-6 -S 5000 acdef2.lgo ../../boot/boot7.opf
# Stage nOptItr nSimReps
#     0    5000        0
# algorithm          : deterministic
# ignoring probs <=  : 0
# Branch length floor: 0
# DE strategy        : 2
#    F               : 0.3
#    CR              : 0.8
#    tolerance       : 3e-06
# nthreads           : 56
# lgo input file     : acdef2.lgo
# site pat input file: ../../boot/boot7.opf
# free parameters    : 19
# points in DE swarm : 57
# output state file  : b1boot7.state
# Including singleton site patterns.
# cost function      : KL
Initial parameter values
Fixed:
      zero = 0
       one = 1
    Tbecnw = 75200
Free:
       pc1 = 0
       pc2 = 0
       pc3 = 0
       pc4 = 0
       pc5 = 0
       pc6 = 0
       pc7 = 0
       pc8 = 0
       pc9 = 0
      pc10 = 0
      pc11 = 0
      pc12 = 0
      pc13 = 0
      pc14 = 0
      pc15 = 0
      pc16 = 0
      pc17 = 0
      pc18 = 0
      pc19 = 0
Constrained:
   Tgbecnw = 96152.6
     Tecnw = 27489.7
       Tnw = 18681.6
       Tec = 10478.7
     twoNb = 5.2038e+06
     twoNe = 24569.5
     twoNc = 1.3948e+06
     twoNn = 2.62682e+06
     twoNw = 1.69479e+07
    twoNec = 123171
    twoNnw = 29362.9
  twoNecnw = 76723.3
  twoNbecnw = 8974.54
  twoNgbecnw = 275133
         m = 0.127252
        m3 = 0.193012
        m4 = 0.0202242
        m5 = 0.119203
        m6 = 0.0479937
        Ta = 42839.3
        Tc = 9340.82
        Td = 4670.41
        Te = 2335.2
        Tf = 1167.6
DiffEv reached_goal. cost=1.68870e-03 spread=2.94742e-06
Fitted parameter values
Free:
       pc1 = 2.56022
       pc2 = 3.72658
       pc3 = -2.48252
       pc4 = 1.41954
       pc5 = 0.161188
       pc6 = -1.10429
       pc7 = 0.719802
       pc8 = 0.193835
       pc9 = -0.0604762
      pc10 = -0.758797
      pc11 = 1.4922
      pc12 = 0.162967
      pc13 = 0.137009
      pc14 = -0.00290958
      pc15 = -0.124274
      pc16 = -0.0526227
      pc17 = 0.051572
      pc18 = 0.0114313
      pc19 = 0.0529132
Constrained:
   Tgbecnw = 76369.1
     Tecnw = 25013.1
       Tnw = 20194.9
       Tec = 10821.1
     twoNb = 3.5515e+06
     twoNe = 15495.3
     twoNc = 1.29153e+06
     twoNn = 4.67928e+06
     twoNw = 1.76833e+07
    twoNec = 110214
    twoNnw = 15870.5
  twoNecnw = 74977.2
  twoNbecnw = 498.668
  twoNgbecnw = 315132
         m = 0.103334
        m3 = 0.203658
        m4 = 0.0197089
        m5 = 0.100719
        m6 = 0.0335316
        Ta = 43010.6
        Tc = 10097.4
        Td = 5048.72
        Te = 2524.36
        Tf = 1262.18
#       SitePat  BranchLen
              b 122927.5871227
              e 47758.2967707
              c 50098.5255837
              n 44258.4135926
              w 46086.4321343
            b:e 2039.4289988
            b:c 2390.0280212
            b:n 1651.5881870
            b:w 1815.8909691
            e:c 10243.5214292
            e:n 5749.5209778
            e:w 5048.0663457
            c:n 5131.4048736
            c:w 4639.1727823
            n:w 12401.7567533
          b:e:c 2081.8323567
          b:e:n 1100.0953961
          b:e:w 1097.3414858
          b:c:n 1101.5067413
          b:c:w 1117.7786892
          b:n:w 2037.6728603
          e:c:n 4786.0146118
          e:c:w 4151.6827935
          e:n:w 6323.5426313
          c:n:w 5409.9921196
        b:e:c:n 2094.5213229
        b:e:c:w 1916.7005032
        b:e:n:w 3116.6519617
        b:c:n:w 2344.5355559
        e:c:n:w 51325.9427879
