########################################
# legofit: estimate population history #
#       version 2.3.4-4-g53f8760       #
########################################

# Program was compiled: Sep 21 2021 14:36:42
# Program was run: Wed Sep 29 12:59:17 2021

# cmd: legofit -1 -d 0 -t 56 --ptsPerDim 3 --stateOut b1boot6.state --tol 3e-6 -S 5000 acdef2.lgo ../../boot/boot6.opf
# Stage nOptItr nSimReps
#     0    5000        0
# algorithm          : deterministic
# ignoring probs <=  : 0
# Branch length floor: 0
# DE strategy        : 2
#    F               : 0.3
#    CR              : 0.8
#    tolerance       : 3e-06
# nthreads           : 56
# lgo input file     : acdef2.lgo
# site pat input file: ../../boot/boot6.opf
# free parameters    : 19
# points in DE swarm : 57
# output state file  : b1boot6.state
# Including singleton site patterns.
# cost function      : KL
Initial parameter values
Fixed:
      zero = 0
       one = 1
    Tbecnw = 75200
Free:
       pc1 = 0
       pc2 = 0
       pc3 = 0
       pc4 = 0
       pc5 = 0
       pc6 = 0
       pc7 = 0
       pc8 = 0
       pc9 = 0
      pc10 = 0
      pc11 = 0
      pc12 = 0
      pc13 = 0
      pc14 = 0
      pc15 = 0
      pc16 = 0
      pc17 = 0
      pc18 = 0
      pc19 = 0
Constrained:
   Tgbecnw = 96152.6
     Tecnw = 27489.7
       Tnw = 18681.6
       Tec = 10478.7
     twoNb = 5.2038e+06
     twoNe = 24569.5
     twoNc = 1.3948e+06
     twoNn = 2.62682e+06
     twoNw = 1.69479e+07
    twoNec = 123171
    twoNnw = 29362.9
  twoNecnw = 76723.3
  twoNbecnw = 8974.54
  twoNgbecnw = 275133
         m = 0.127252
        m3 = 0.193012
        m4 = 0.0202242
        m5 = 0.119203
        m6 = 0.0479937
        Ta = 42839.3
        Tc = 9340.82
        Td = 4670.41
        Te = 2335.2
        Tf = 1167.6
DiffEv reached_goal. cost=1.67101e-03 spread=2.89196e-06
Fitted parameter values
Free:
       pc1 = 1.59058
       pc2 = 3.97845
       pc3 = -1.82466
       pc4 = 1.75382
       pc5 = -0.0506485
       pc6 = -0.262173
       pc7 = 1.62251
       pc8 = -0.303169
       pc9 = 0.99902
      pc10 = -0.226823
      pc11 = 1.28763
      pc12 = 0.117792
      pc13 = 0.00243713
      pc14 = 0.0696594
      pc15 = 0.0528772
      pc16 = 0.101868
      pc17 = 0.0405758
      pc18 = -0.034398
      pc19 = 0.0685103
Constrained:
   Tgbecnw = 78140.7
     Tecnw = 25354.3
       Tnw = 20581.2
       Tec = 10843.1
     twoNb = 6.56645e+06
     twoNe = 13971.2
     twoNc = 3.01044e+06
     twoNn = 3.49361e+06
     twoNw = 2.41384e+07
    twoNec = 108725
    twoNnw = 15527
  twoNecnw = 76145
  twoNbecnw = 1275.73
  twoNgbecnw = 298539
         m = 0.110968
        m3 = 0.204116
        m4 = 0.0190851
        m5 = 0.114169
        m6 = 0.0364804
        Ta = 43021.6
        Tc = 10290.6
        Td = 5145.31
        Te = 2572.65
        Tf = 1286.33
#       SitePat  BranchLen
              b 123600.4443901
              e 48092.6711250
              c 50511.4146255
              n 44670.2215822
              w 46473.2209341
            b:e 2051.1271296
            b:c 2403.6912552
            b:n 1666.5729470
            b:w 1829.3384455
            e:c 10329.6519383
            e:n 5749.3131441
            e:w 5115.9352819
            c:n 5175.2429781
            c:w 4633.9494059
            n:w 12449.4345960
          b:e:c 2099.4487145
          b:e:n 1105.2025064
          b:e:w 1110.3840459
          b:c:n 1114.1508472
          b:c:w 1122.2574780
          b:n:w 2056.4145326
          e:c:n 4794.4904661
          e:c:w 4166.1625485
          e:n:w 6374.5081552
          c:n:w 5409.5217374
        b:e:c:n 2109.6705845
        b:e:c:w 1933.6169157
        b:e:n:w 3128.5256432
        b:c:n:w 2357.4384789
        e:c:n:w 51527.5759404
