########################################
# legofit: estimate population history #
#       version 2.3.4-4-g53f8760       #
########################################

# Program was compiled: Sep 21 2021 14:36:42
# Program was run: Wed Sep 29 13:05:43 2021

# cmd: legofit -1 -d 0 -t 56 --ptsPerDim 3 --stateOut b1boot38.state --tol 3e-6 -S 5000 acdef2.lgo ../../boot/boot38.opf
# Stage nOptItr nSimReps
#     0    5000        0
# algorithm          : deterministic
# ignoring probs <=  : 0
# Branch length floor: 0
# DE strategy        : 2
#    F               : 0.3
#    CR              : 0.8
#    tolerance       : 3e-06
# nthreads           : 56
# lgo input file     : acdef2.lgo
# site pat input file: ../../boot/boot38.opf
# free parameters    : 19
# points in DE swarm : 57
# output state file  : b1boot38.state
# Including singleton site patterns.
# cost function      : KL
Initial parameter values
Fixed:
      zero = 0
       one = 1
    Tbecnw = 75200
Free:
       pc1 = 0
       pc2 = 0
       pc3 = 0
       pc4 = 0
       pc5 = 0
       pc6 = 0
       pc7 = 0
       pc8 = 0
       pc9 = 0
      pc10 = 0
      pc11 = 0
      pc12 = 0
      pc13 = 0
      pc14 = 0
      pc15 = 0
      pc16 = 0
      pc17 = 0
      pc18 = 0
      pc19 = 0
Constrained:
   Tgbecnw = 96152.6
     Tecnw = 27489.7
       Tnw = 18681.6
       Tec = 10478.7
     twoNb = 5.2038e+06
     twoNe = 24569.5
     twoNc = 1.3948e+06
     twoNn = 2.62682e+06
     twoNw = 1.69479e+07
    twoNec = 123171
    twoNnw = 29362.9
  twoNecnw = 76723.3
  twoNbecnw = 8974.54
  twoNgbecnw = 275133
         m = 0.127252
        m3 = 0.193012
        m4 = 0.0202242
        m5 = 0.119203
        m6 = 0.0479937
        Ta = 42839.3
        Tc = 9340.82
        Td = 4670.41
        Te = 2335.2
        Tf = 1167.6
DiffEv reached_goal. cost=1.67286e-03 spread=2.45638e-06
Fitted parameter values
Free:
       pc1 = 1.59266
       pc2 = 3.92777
       pc3 = -3.06779
       pc4 = 1.84717
       pc5 = 0.103885
       pc6 = -0.485228
       pc7 = 1.54024
       pc8 = -0.369923
       pc9 = 0.322759
      pc10 = -0.715635
      pc11 = 0.169565
      pc12 = -0.222787
      pc13 = 0.0412206
      pc14 = 0.0617466
      pc15 = 0.0621382
      pc16 = 0.0147442
      pc17 = 0.0651168
      pc18 = 0.0189141
      pc19 = 0.0151817
Constrained:
   Tgbecnw = 77095.1
     Tecnw = 25115.2
       Tnw = 20563.5
       Tec = 11036.6
     twoNb = 6.08783e+06
     twoNe = 15771.4
     twoNc = 2.70207e+06
     twoNn = 5.7168e+06
     twoNw = 1.70733e+07
    twoNec = 107056
    twoNnw = 15025.6
  twoNecnw = 75173.2
  twoNbecnw = 807.175
  twoNgbecnw = 313051
         m = 0.103287
        m3 = 0.190049
        m4 = 0.0191443
        m5 = 0.112609
        m6 = 0.0354238
        Ta = 43118.3
        Tc = 10281.7
        Td = 5140.87
        Te = 2570.44
        Tf = 1285.22
#       SitePat  BranchLen
              b 122803.9291131
              e 47800.0797232
              c 50238.1241499
              n 44374.8895808
              w 46076.5903148
            b:e 2031.6588137
            b:c 2380.8393729
            b:n 1648.5574174
            b:w 1801.3479698
            e:c 10263.1332211
            e:n 5710.4681178
            e:w 5075.9075342
            c:n 5093.2453853
            c:w 4619.2344642
            n:w 12423.7598423
          b:e:c 2081.3711084
          b:e:n 1092.8651323
          b:e:w 1092.9256043
          b:c:n 1097.4518677
          b:c:w 1109.8448909
          b:n:w 2037.7149529
          e:c:n 4747.4505579
          e:c:w 4154.3213286
          e:n:w 6366.8042349
          c:n:w 5401.5469987
        b:e:c:n 2076.9854248
        b:e:c:w 1911.7413772
        b:e:n:w 3103.5508304
        b:c:n:w 2333.9726655
        e:c:n:w 51095.4937282
