########################################
# legofit: estimate population history #
#       version 2.3.4-4-g53f8760       #
########################################

# Program was compiled: Sep 21 2021 14:36:42
# Program was run: Wed Sep 29 13:04:37 2021

# cmd: legofit -1 -d 0 -t 56 --ptsPerDim 3 --stateOut b1boot30.state --tol 3e-6 -S 5000 acdef2.lgo ../../boot/boot30.opf
# Stage nOptItr nSimReps
#     0    5000        0
# algorithm          : deterministic
# ignoring probs <=  : 0
# Branch length floor: 0
# DE strategy        : 2
#    F               : 0.3
#    CR              : 0.8
#    tolerance       : 3e-06
# nthreads           : 56
# lgo input file     : acdef2.lgo
# site pat input file: ../../boot/boot30.opf
# free parameters    : 19
# points in DE swarm : 57
# output state file  : b1boot30.state
# Including singleton site patterns.
# cost function      : KL
Initial parameter values
Fixed:
      zero = 0
       one = 1
    Tbecnw = 75200
Free:
       pc1 = 0
       pc2 = 0
       pc3 = 0
       pc4 = 0
       pc5 = 0
       pc6 = 0
       pc7 = 0
       pc8 = 0
       pc9 = 0
      pc10 = 0
      pc11 = 0
      pc12 = 0
      pc13 = 0
      pc14 = 0
      pc15 = 0
      pc16 = 0
      pc17 = 0
      pc18 = 0
      pc19 = 0
Constrained:
   Tgbecnw = 96152.6
     Tecnw = 27489.7
       Tnw = 18681.6
       Tec = 10478.7
     twoNb = 5.2038e+06
     twoNe = 24569.5
     twoNc = 1.3948e+06
     twoNn = 2.62682e+06
     twoNw = 1.69479e+07
    twoNec = 123171
    twoNnw = 29362.9
  twoNecnw = 76723.3
  twoNbecnw = 8974.54
  twoNgbecnw = 275133
         m = 0.127252
        m3 = 0.193012
        m4 = 0.0202242
        m5 = 0.119203
        m6 = 0.0479937
        Ta = 42839.3
        Tc = 9340.82
        Td = 4670.41
        Te = 2335.2
        Tf = 1167.6
DiffEv reached_goal. cost=1.70449e-03 spread=2.93071e-06
Fitted parameter values
Free:
       pc1 = 1.50557
       pc2 = 3.90865
       pc3 = -2.1156
       pc4 = 1.69978
       pc5 = -0.167475
       pc6 = -0.480106
       pc7 = 1.34776
       pc8 = -0.319726
       pc9 = -0.446043
      pc10 = -0.612557
      pc11 = 1.08782
      pc12 = -0.00684693
      pc13 = -0.0438756
      pc14 = 0.0372306
      pc15 = -0.0110393
      pc16 = -0.0377718
      pc17 = 0.0669469
      pc18 = -0.0071971
      pc19 = 0.0575771
Constrained:
   Tgbecnw = 79348.3
     Tecnw = 25424.4
       Tnw = 21028.4
       Tec = 10927.4
     twoNb = 3.86479e+06
     twoNe = 8931.09
     twoNc = 2.50255e+06
     twoNn = 5.04431e+06
     twoNw = 1.56806e+07
    twoNec = 108091
    twoNnw = 14071.9
  twoNecnw = 76036.9
  twoNbecnw = 1787.24
  twoNgbecnw = 302394
         m = 0.109419
        m3 = 0.199123
        m4 = 0.0193156
        m5 = 0.113731
        m6 = 0.0413653
        Ta = 43063.7
        Tc = 10514.2
        Td = 5257.1
        Te = 2628.55
        Tf = 1314.28
#       SitePat  BranchLen
              b 123988.6300141
              e 48194.6385001
              c 50595.5029919
              n 44658.4230051
              w 46454.3396699
            b:e 2072.3273874
            b:c 2431.9915434
            b:n 1669.1105951
            b:w 1831.4994704
            e:c 10360.7675827
            e:n 5763.0619550
            e:w 5094.6525755
            c:n 5153.8589975
            c:w 4652.4580778
            n:w 12530.3717953
          b:e:c 2119.1390300
          b:e:n 1109.6206347
          b:e:w 1109.6638059
          b:c:n 1113.6971136
          b:c:w 1126.7840124
          b:n:w 2074.4464217
          e:c:n 4795.4013769
          e:c:w 4169.2950113
          e:n:w 6434.6880004
          c:n:w 5476.6998716
        b:e:c:n 2109.5006820
        b:e:c:w 1933.9817366
        b:e:n:w 3150.1977984
        b:c:n:w 2377.8578295
        e:c:n:w 51801.5122179
