########################################
# legofit: estimate population history #
#       version 2.3.4-4-g53f8760       #
########################################

# Program was compiled: Sep 21 2021 14:36:42
# Program was run: Wed Sep 29 12:57:48 2021

# cmd: legofit -1 -d 0 -t 56 --ptsPerDim 3 --stateOut b1boot3.state --tol 3e-6 -S 5000 acdef2.lgo ../../boot/boot3.opf
# Stage nOptItr nSimReps
#     0    5000        0
# algorithm          : deterministic
# ignoring probs <=  : 0
# Branch length floor: 0
# DE strategy        : 2
#    F               : 0.3
#    CR              : 0.8
#    tolerance       : 3e-06
# nthreads           : 56
# lgo input file     : acdef2.lgo
# site pat input file: ../../boot/boot3.opf
# free parameters    : 19
# points in DE swarm : 57
# output state file  : b1boot3.state
# Including singleton site patterns.
# cost function      : KL
Initial parameter values
Fixed:
      zero = 0
       one = 1
    Tbecnw = 75200
Free:
       pc1 = 0
       pc2 = 0
       pc3 = 0
       pc4 = 0
       pc5 = 0
       pc6 = 0
       pc7 = 0
       pc8 = 0
       pc9 = 0
      pc10 = 0
      pc11 = 0
      pc12 = 0
      pc13 = 0
      pc14 = 0
      pc15 = 0
      pc16 = 0
      pc17 = 0
      pc18 = 0
      pc19 = 0
Constrained:
   Tgbecnw = 96152.6
     Tecnw = 27489.7
       Tnw = 18681.6
       Tec = 10478.7
     twoNb = 5.2038e+06
     twoNe = 24569.5
     twoNc = 1.3948e+06
     twoNn = 2.62682e+06
     twoNw = 1.69479e+07
    twoNec = 123171
    twoNnw = 29362.9
  twoNecnw = 76723.3
  twoNbecnw = 8974.54
  twoNgbecnw = 275133
         m = 0.127252
        m3 = 0.193012
        m4 = 0.0202242
        m5 = 0.119203
        m6 = 0.0479937
        Ta = 42839.3
        Tc = 9340.82
        Td = 4670.41
        Te = 2335.2
        Tf = 1167.6
DiffEv reached_goal. cost=1.68800e-03 spread=2.84399e-06
Fitted parameter values
Free:
       pc1 = 0.623541
       pc2 = 3.95243
       pc3 = -3.10551
       pc4 = 1.87571
       pc5 = 0.371122
       pc6 = -0.237136
       pc7 = 1.25931
       pc8 = 0.533119
       pc9 = -0.22251
      pc10 = -0.444368
      pc11 = 1.25033
      pc12 = 0.208571
      pc13 = 0.0175983
      pc14 = 0.0246197
      pc15 = -0.0439724
      pc16 = -0.0885719
      pc17 = 0.0479883
      pc18 = 0.00914717
      pc19 = 0.0657781
Constrained:
   Tgbecnw = 78109.4
     Tecnw = 25339.2
       Tnw = 21116.9
       Tec = 11497.5
     twoNb = 4.01947e+06
     twoNe = 19319.2
     twoNc = 1.91897e+06
     twoNn = 4.42963e+06
     twoNw = 2.71634e+07
    twoNec = 97757.1
    twoNnw = 13505.4
  twoNecnw = 77579.2
  twoNbecnw = 1238.5
  twoNgbecnw = 313101
         m = 0.10569
        m3 = 0.192958
        m4 = 0.0192393
        m5 = 0.124021
        m6 = 0.0536624
        Ta = 43348.8
        Tc = 10558.4
        Td = 5279.22
        Te = 2639.61
        Tf = 1319.8
#       SitePat  BranchLen
              b 123626.0329899
              e 48176.3513847
              c 50530.8394123
              n 44684.2305641
              w 46451.5234176
            b:e 2082.4422339
            b:c 2431.5930506
            b:n 1680.3277526
            b:w 1842.1351732
            e:c 10389.7158925
            e:n 5765.5894042
            e:w 5104.2374073
            c:n 5159.9989499
            c:w 4676.5281764
            n:w 12517.7675721
          b:e:c 2135.8866971
          b:e:n 1118.3921135
          b:e:w 1117.5651630
          b:c:n 1121.6515124
          b:c:w 1135.9227147
          b:n:w 2090.3154947
          e:c:n 4780.9282798
          e:c:w 4158.4581967
          e:n:w 6396.7670829
          c:n:w 5466.7657951
        b:e:c:n 2131.7050629
        b:e:c:w 1956.4533906
        b:e:n:w 3162.0077482
        b:c:n:w 2400.0527248
        e:c:n:w 51555.9839662
