########################################
# legofit: estimate population history #
#       version 2.3.4-4-g53f8760       #
########################################

# Program was compiled: Sep 21 2021 14:36:42
# Program was run: Wed Sep 29 13:03:39 2021

# cmd: legofit -1 -d 0 -t 56 --ptsPerDim 3 --stateOut b1boot26.state --tol 3e-6 -S 5000 acdef2.lgo ../../boot/boot26.opf
# Stage nOptItr nSimReps
#     0    5000        0
# algorithm          : deterministic
# ignoring probs <=  : 0
# Branch length floor: 0
# DE strategy        : 2
#    F               : 0.3
#    CR              : 0.8
#    tolerance       : 3e-06
# nthreads           : 56
# lgo input file     : acdef2.lgo
# site pat input file: ../../boot/boot26.opf
# free parameters    : 19
# points in DE swarm : 57
# output state file  : b1boot26.state
# Including singleton site patterns.
# cost function      : KL
Initial parameter values
Fixed:
      zero = 0
       one = 1
    Tbecnw = 75200
Free:
       pc1 = 0
       pc2 = 0
       pc3 = 0
       pc4 = 0
       pc5 = 0
       pc6 = 0
       pc7 = 0
       pc8 = 0
       pc9 = 0
      pc10 = 0
      pc11 = 0
      pc12 = 0
      pc13 = 0
      pc14 = 0
      pc15 = 0
      pc16 = 0
      pc17 = 0
      pc18 = 0
      pc19 = 0
Constrained:
   Tgbecnw = 96152.6
     Tecnw = 27489.7
       Tnw = 18681.6
       Tec = 10478.7
     twoNb = 5.2038e+06
     twoNe = 24569.5
     twoNc = 1.3948e+06
     twoNn = 2.62682e+06
     twoNw = 1.69479e+07
    twoNec = 123171
    twoNnw = 29362.9
  twoNecnw = 76723.3
  twoNbecnw = 8974.54
  twoNgbecnw = 275133
         m = 0.127252
        m3 = 0.193012
        m4 = 0.0202242
        m5 = 0.119203
        m6 = 0.0479937
        Ta = 42839.3
        Tc = 9340.82
        Td = 4670.41
        Te = 2335.2
        Tf = 1167.6
DiffEv reached_goal. cost=1.67237e-03 spread=2.60250e-06
Fitted parameter values
Free:
       pc1 = 1.61701
       pc2 = 3.88745
       pc3 = -2.78214
       pc4 = 1.39513
       pc5 = -0.252182
       pc6 = 0.0132996
       pc7 = 1.7828
       pc8 = 1.54751
       pc9 = 0.256171
      pc10 = -0.857877
      pc11 = 1.94011
      pc12 = 0.405473
      pc13 = 0.175236
      pc14 = 0.0133914
      pc15 = 0.0184682
      pc16 = -0.0677164
      pc17 = 0.0788734
      pc18 = 0.0100127
      pc19 = 0.095136
Constrained:
   Tgbecnw = 75925.9
     Tecnw = 24979.7
       Tnw = 21113.8
       Tec = 11219.4
     twoNb = 3.59592e+06
     twoNe = 15251.9
     twoNc = 1.87059e+06
     twoNn = 645132
     twoNw = 2.44592e+07
    twoNec = 101562
    twoNnw = 12541
  twoNecnw = 76587
  twoNbecnw = 306.597
  twoNgbecnw = 321754
         m = 0.101252
        m3 = 0.196577
        m4 = 0.0196107
        m5 = 0.1165
        m6 = 0.0450778
        Ta = 43209.7
        Tc = 10556.9
        Td = 5278.44
        Te = 2639.22
        Tf = 1319.61
#       SitePat  BranchLen
              b 122691.9772483
              e 47835.4337739
              c 50175.0760951
              n 44396.2955783
              w 46134.2971064
            b:e 2048.2069482
            b:c 2397.7066243
            b:n 1656.0011714
            b:w 1813.3655470
            e:c 10272.8988882
            e:n 5715.4605715
            e:w 5079.5930341
            c:n 5137.1169325
            c:w 4643.1181205
            n:w 12376.1312839
          b:e:c 2096.7165171
          b:e:n 1101.8972987
          b:e:w 1103.3013581
          b:c:n 1107.8542797
          b:c:w 1119.6636750
          b:n:w 2051.0422395
          e:c:n 4743.6323453
          e:c:w 4135.4971666
          e:n:w 6341.5381079
          c:n:w 5413.8790681
        b:e:c:n 2099.9893242
        b:e:c:w 1929.4114938
        b:e:n:w 3131.7225194
        b:c:n:w 2362.7386266
        e:c:n:w 51076.2957142
