########################################
# legofit: estimate population history #
#       version 2.3.4-4-g53f8760       #
########################################

# Program was compiled: Sep 21 2021 14:36:42
# Program was run: Wed Sep 29 13:02:34 2021

# cmd: legofit -1 -d 0 -t 56 --ptsPerDim 3 --stateOut b1boot19.state --tol 3e-6 -S 5000 acdef2.lgo ../../boot/boot19.opf
# Stage nOptItr nSimReps
#     0    5000        0
# algorithm          : deterministic
# ignoring probs <=  : 0
# Branch length floor: 0
# DE strategy        : 2
#    F               : 0.3
#    CR              : 0.8
#    tolerance       : 3e-06
# nthreads           : 56
# lgo input file     : acdef2.lgo
# site pat input file: ../../boot/boot19.opf
# free parameters    : 19
# points in DE swarm : 57
# output state file  : b1boot19.state
# Including singleton site patterns.
# cost function      : KL
Initial parameter values
Fixed:
      zero = 0
       one = 1
    Tbecnw = 75200
Free:
       pc1 = 0
       pc2 = 0
       pc3 = 0
       pc4 = 0
       pc5 = 0
       pc6 = 0
       pc7 = 0
       pc8 = 0
       pc9 = 0
      pc10 = 0
      pc11 = 0
      pc12 = 0
      pc13 = 0
      pc14 = 0
      pc15 = 0
      pc16 = 0
      pc17 = 0
      pc18 = 0
      pc19 = 0
Constrained:
   Tgbecnw = 96152.6
     Tecnw = 27489.7
       Tnw = 18681.6
       Tec = 10478.7
     twoNb = 5.2038e+06
     twoNe = 24569.5
     twoNc = 1.3948e+06
     twoNn = 2.62682e+06
     twoNw = 1.69479e+07
    twoNec = 123171
    twoNnw = 29362.9
  twoNecnw = 76723.3
  twoNbecnw = 8974.54
  twoNgbecnw = 275133
         m = 0.127252
        m3 = 0.193012
        m4 = 0.0202242
        m5 = 0.119203
        m6 = 0.0479937
        Ta = 42839.3
        Tc = 9340.82
        Td = 4670.41
        Te = 2335.2
        Tf = 1167.6
DiffEv reached_goal. cost=1.68515e-03 spread=2.91780e-06
Fitted parameter values
Free:
       pc1 = 1.63261
       pc2 = 3.97995
       pc3 = -2.88014
       pc4 = 1.49019
       pc5 = 0.685283
       pc6 = 0.769906
       pc7 = 1.56033
       pc8 = -0.632295
       pc9 = 0.984838
      pc10 = -0.840321
      pc11 = 1.69191
      pc12 = 0.120384
      pc13 = 0.209447
      pc14 = 0.0379758
      pc15 = 0.0653329
      pc16 = 0.125824
      pc17 = -0.00523696
      pc18 = 0.0168932
      pc19 = 0.0841352
Constrained:
   Tgbecnw = 77926.2
     Tecnw = 25295.6
       Tnw = 20852
       Tec = 11277
     twoNb = 5.84304e+06
     twoNe = 19148.8
     twoNc = 3.82657e+06
     twoNn = 4.044e+06
     twoNw = 4.14928e+07
    twoNec = 103645
    twoNnw = 14287.7
  twoNecnw = 74829.7
  twoNbecnw = 1137.95
  twoNgbecnw = 329071
         m = 0.0975157
        m3 = 0.200534
        m4 = 0.0195364
        m5 = 0.112221
        m6 = 0.0357695
        Ta = 43238.5
        Tc = 10426
        Td = 5212.99
        Te = 2606.49
        Tf = 1303.25
#       SitePat  BranchLen
              b 123036.6971971
              e 47810.9976686
              c 50263.1899088
              n 44378.6971474
              w 46187.8601103
            b:e 2046.6540610
            b:c 2399.1741391
            b:n 1657.2170350
            b:w 1822.1099651
            e:c 10329.1867794
            e:n 5713.0025756
            e:w 5058.2382635
            c:n 5111.6306268
            c:w 4593.8649022
            n:w 12449.5177681
          b:e:c 2106.3812895
          b:e:n 1097.6581186
          b:e:w 1099.8720497
          b:c:n 1104.1962402
          b:c:w 1115.3257125
          b:n:w 2062.3284561
          e:c:n 4790.5691819
          e:c:w 4153.9362557
          e:n:w 6385.8043294
          c:n:w 5412.5134249
        b:e:c:n 2098.8977668
        b:e:c:w 1920.6614334
        b:e:n:w 3137.4951682
        b:c:n:w 2349.8271022
        e:c:n:w 51305.1409712
