########################################
# legofit: estimate population history #
#       version 2.3.4-4-g53f8760       #
########################################

# Program was compiled: Sep 21 2021 14:36:42
# Program was run: Wed Sep 29 13:06:15 2021

# cmd: legofit -1 -d 0 -t 56 --ptsPerDim 3 --stateOut b1boot43.state --tol 3e-6 -S 5000 acdef2.lgo ../../boot/boot43.opf
# Stage nOptItr nSimReps
#     0    5000        0
# algorithm          : deterministic
# ignoring probs <=  : 0
# Branch length floor: 0
# DE strategy        : 2
#    F               : 0.3
#    CR              : 0.8
#    tolerance       : 3e-06
# nthreads           : 56
# lgo input file     : acdef2.lgo
# site pat input file: ../../boot/boot43.opf
# free parameters    : 19
# points in DE swarm : 57
# output state file  : b1boot43.state
# Including singleton site patterns.
# cost function      : KL
Initial parameter values
Fixed:
      zero = 0
       one = 1
    Tbecnw = 75200
Free:
       pc1 = 0
       pc2 = 0
       pc3 = 0
       pc4 = 0
       pc5 = 0
       pc6 = 0
       pc7 = 0
       pc8 = 0
       pc9 = 0
      pc10 = 0
      pc11 = 0
      pc12 = 0
      pc13 = 0
      pc14 = 0
      pc15 = 0
      pc16 = 0
      pc17 = 0
      pc18 = 0
      pc19 = 0
Constrained:
   Tgbecnw = 96152.6
     Tecnw = 27489.7
       Tnw = 18681.6
       Tec = 10478.7
     twoNb = 5.2038e+06
     twoNe = 24569.5
     twoNc = 1.3948e+06
     twoNn = 2.62682e+06
     twoNw = 1.69479e+07
    twoNec = 123171
    twoNnw = 29362.9
  twoNecnw = 76723.3
  twoNbecnw = 8974.54
  twoNgbecnw = 275133
         m = 0.127252
        m3 = 0.193012
        m4 = 0.0202242
        m5 = 0.119203
        m6 = 0.0479937
        Ta = 42839.3
        Tc = 9340.82
        Td = 4670.41
        Te = 2335.2
        Tf = 1167.6
DiffEv reached_goal. cost=1.70983e-03 spread=2.58048e-06
Fitted parameter values
Free:
       pc1 = 1.98209
       pc2 = 3.69972
       pc3 = -2.26877
       pc4 = 1.80962
       pc5 = 0.912113
       pc6 = -0.308682
       pc7 = 1.79461
       pc8 = -1.32652
       pc9 = -0.126925
      pc10 = -0.473487
      pc11 = 1.13424
      pc12 = -0.408587
      pc13 = -0.133566
      pc14 = -0.0260732
      pc15 = 0.0593767
      pc16 = 0.053387
      pc17 = 0.0623154
      pc18 = -0.0672731
      pc19 = 0.0661041
Constrained:
   Tgbecnw = 77201.8
     Tecnw = 25606.7
       Tnw = 20366.3
       Tec = 10953.5
     twoNb = 4.11505e+06
     twoNe = 16782.3
     twoNc = 3.95779e+06
     twoNn = 6.673e+06
     twoNw = 2.31123e+07
    twoNec = 109226
    twoNnw = 17133.6
  twoNecnw = 74081.2
  twoNbecnw = 880.189
  twoNgbecnw = 297019
         m = 0.108556
        m3 = 0.201258
        m4 = 0.0194338
        m5 = 0.112838
        m6 = 0.0379184
        Ta = 43076.8
        Tc = 10183.1
        Td = 5091.57
        Te = 2545.79
        Tf = 1272.89
#       SitePat  BranchLen
              b 122984.7782664
              e 47928.0425927
              c 50342.7280416
              n 44525.4670961
              w 46339.9931418
            b:e 2061.6021444
            b:c 2424.3338347
            b:n 1675.6710498
            b:w 1841.3173413
            e:c 10278.9804921
            e:n 5745.8936183
            e:w 5075.7236012
            c:n 5131.8744238
            c:w 4622.3657034
            n:w 12383.5194624
          b:e:c 2108.7676106
          b:e:n 1111.6842645
          b:e:w 1112.3329183
          b:c:n 1116.6220101
          b:c:w 1129.2501256
          b:n:w 2065.6295118
          e:c:n 4814.9964390
          e:c:w 4180.1491309
          e:n:w 6386.3590879
          c:n:w 5422.0348347
        b:e:c:n 2118.0015289
        b:e:c:w 1939.0784680
        b:e:n:w 3131.4295346
        b:c:n:w 2363.8585696
        e:c:n:w 51191.3159655
