########################################
# legofit: estimate population history #
#       version 2.3.4-4-g53f8760       #
########################################

# Program was compiled: Sep 21 2021 14:36:42
# Program was run: Wed Sep 29 13:03:38 2021

# cmd: legofit -1 -d 0 -t 56 --ptsPerDim 3 --stateOut b1boot21.state --tol 3e-6 -S 5000 acdef2.lgo ../../boot/boot21.opf
# Stage nOptItr nSimReps
#     0    5000        0
# algorithm          : deterministic
# ignoring probs <=  : 0
# Branch length floor: 0
# DE strategy        : 2
#    F               : 0.3
#    CR              : 0.8
#    tolerance       : 3e-06
# nthreads           : 56
# lgo input file     : acdef2.lgo
# site pat input file: ../../boot/boot21.opf
# free parameters    : 19
# points in DE swarm : 57
# output state file  : b1boot21.state
# Including singleton site patterns.
# cost function      : KL
Initial parameter values
Fixed:
      zero = 0
       one = 1
    Tbecnw = 75200
Free:
       pc1 = 0
       pc2 = 0
       pc3 = 0
       pc4 = 0
       pc5 = 0
       pc6 = 0
       pc7 = 0
       pc8 = 0
       pc9 = 0
      pc10 = 0
      pc11 = 0
      pc12 = 0
      pc13 = 0
      pc14 = 0
      pc15 = 0
      pc16 = 0
      pc17 = 0
      pc18 = 0
      pc19 = 0
Constrained:
   Tgbecnw = 96152.6
     Tecnw = 27489.7
       Tnw = 18681.6
       Tec = 10478.7
     twoNb = 5.2038e+06
     twoNe = 24569.5
     twoNc = 1.3948e+06
     twoNn = 2.62682e+06
     twoNw = 1.69479e+07
    twoNec = 123171
    twoNnw = 29362.9
  twoNecnw = 76723.3
  twoNbecnw = 8974.54
  twoNgbecnw = 275133
         m = 0.127252
        m3 = 0.193012
        m4 = 0.0202242
        m5 = 0.119203
        m6 = 0.0479937
        Ta = 42839.3
        Tc = 9340.82
        Td = 4670.41
        Te = 2335.2
        Tf = 1167.6
DiffEv reached_goal. cost=1.68341e-03 spread=2.28188e-06
Fitted parameter values
Free:
       pc1 = 1.8951
       pc2 = 3.93341
       pc3 = -2.72472
       pc4 = 1.68765
       pc5 = 0.56124
       pc6 = -1.23261
       pc7 = 1.19223
       pc8 = -1.11019
       pc9 = 0.493356
      pc10 = -1.34782
      pc11 = 0.5137
      pc12 = -0.10516
      pc13 = -0.0859392
      pc14 = 0.131601
      pc15 = 0.0531533
      pc16 = -0.0189124
      pc17 = 0.144321
      pc18 = 0.03065
      pc19 = 0.0270987
Constrained:
   Tgbecnw = 76900.1
     Tecnw = 24925.9
       Tnw = 20505.9
       Tec = 10918
     twoNb = 6.72636e+06
     twoNe = 17984.7
     twoNc = 2.62994e+06
     twoNn = 7.37722e+06
     twoNw = 1.61742e+07
    twoNec = 109011
    twoNnw = 14438
  twoNecnw = 74554
  twoNbecnw = 740.363
  twoNgbecnw = 303425
         m = 0.106433
        m3 = 0.197558
        m4 = 0.0198483
        m5 = 0.104463
        m6 = 0.0311125
        Ta = 43059
        Tc = 10253
        Td = 5126.48
        Te = 2563.24
        Tf = 1281.62
#       SitePat  BranchLen
              b 122999.6792258
              e 47748.4184318
              c 50117.2772468
              n 44231.1633247
              w 45924.6587514
            b:e 2061.8503514
            b:c 2414.4455428
            b:n 1666.0753100
            b:w 1820.5531317
            e:c 10298.9676837
            e:n 5678.9088790
            e:w 5084.6103549
            c:n 5131.1303951
            c:w 4625.8265522
            n:w 12491.5970575
          b:e:c 2107.6578422
          b:e:n 1101.1407667
          b:e:w 1105.5473179
          b:c:n 1109.8230090
          b:c:w 1117.8584590
          b:n:w 2063.4143101
          e:c:n 4784.6094780
          e:c:w 4190.7164182
          e:n:w 6421.4995004
          c:n:w 5468.8221115
        b:e:c:n 2094.7963929
        b:e:c:w 1927.8765701
        b:e:n:w 3146.8273832
        b:c:n:w 2363.6194525
        e:c:n:w 51347.7379113
