########################################
# legofit: estimate population history #
#       version 2.3.4-4-g53f8760       #
########################################

# Program was compiled: Sep 21 2021 14:36:42
# Program was run: Wed Sep 29 13:07:15 2021

# cmd: legofit -1 -d 0 -t 56 --ptsPerDim 3 --stateOut b1boot49.state --tol 3e-6 -S 5000 acdef2.lgo ../../boot/boot49.opf
# Stage nOptItr nSimReps
#     0    5000        0
# algorithm          : deterministic
# ignoring probs <=  : 0
# Branch length floor: 0
# DE strategy        : 2
#    F               : 0.3
#    CR              : 0.8
#    tolerance       : 3e-06
# nthreads           : 56
# lgo input file     : acdef2.lgo
# site pat input file: ../../boot/boot49.opf
# free parameters    : 19
# points in DE swarm : 57
# output state file  : b1boot49.state
# Including singleton site patterns.
# cost function      : KL
Initial parameter values
Fixed:
      zero = 0
       one = 1
    Tbecnw = 75200
Free:
       pc1 = 0
       pc2 = 0
       pc3 = 0
       pc4 = 0
       pc5 = 0
       pc6 = 0
       pc7 = 0
       pc8 = 0
       pc9 = 0
      pc10 = 0
      pc11 = 0
      pc12 = 0
      pc13 = 0
      pc14 = 0
      pc15 = 0
      pc16 = 0
      pc17 = 0
      pc18 = 0
      pc19 = 0
Constrained:
   Tgbecnw = 96152.6
     Tecnw = 27489.7
       Tnw = 18681.6
       Tec = 10478.7
     twoNb = 5.2038e+06
     twoNe = 24569.5
     twoNc = 1.3948e+06
     twoNn = 2.62682e+06
     twoNw = 1.69479e+07
    twoNec = 123171
    twoNnw = 29362.9
  twoNecnw = 76723.3
  twoNbecnw = 8974.54
  twoNgbecnw = 275133
         m = 0.127252
        m3 = 0.193012
        m4 = 0.0202242
        m5 = 0.119203
        m6 = 0.0479937
        Ta = 42839.3
        Tc = 9340.82
        Td = 4670.41
        Te = 2335.2
        Tf = 1167.6
DiffEv reached_goal. cost=1.71103e-03 spread=2.96542e-06
Fitted parameter values
Free:
       pc1 = 0.715544
       pc2 = 3.91784
       pc3 = -3.00642
       pc4 = 1.87322
       pc5 = 0.0348773
       pc6 = 0.70967
       pc7 = 1.75426
       pc8 = 1.46056
       pc9 = -0.0398134
      pc10 = -0.0943771
      pc11 = 1.43273
      pc12 = -0.221619
      pc13 = 0.056126
      pc14 = -0.0317834
      pc15 = -0.0650777
      pc16 = -0.00723591
      pc17 = 0.114614
      pc18 = 0.00108342
      pc19 = 0.0616919
Constrained:
   Tgbecnw = 77804
     Tecnw = 25413.4
       Tnw = 21175.7
       Tec = 11628.8
     twoNb = 3.19178e+06
     twoNe = 17258.6
     twoNc = 2.25802e+06
     twoNn = 1.48933e+06
     twoNw = 3.31672e+07
    twoNec = 97598.3
    twoNnw = 13571.4
  twoNecnw = 76669.9
  twoNbecnw = 1110.59
  twoNgbecnw = 311393
         m = 0.105395
        m3 = 0.189197
        m4 = 0.0187815
        m5 = 0.127021
        m6 = 0.0530111
        Ta = 43414.4
        Tc = 10587.9
        Td = 5293.93
        Te = 2646.97
        Tf = 1323.48
#       SitePat  BranchLen
              b 123321.3814184
              e 48012.4852332
              c 50454.1787272
              n 44544.1847396
              w 46329.5522642
            b:e 2059.8491286
            b:c 2419.1131298
            b:n 1661.8456757
            b:w 1823.8605742
            e:c 10316.1306195
            e:n 5789.8272519
            e:w 5083.1433707
            c:n 5110.0851468
            c:w 4658.6734314
            n:w 12455.4584083
          b:e:c 2113.0577260
          b:e:n 1109.4226454
          b:e:w 1103.8118277
          b:c:n 1108.3933705
          b:c:w 1127.3283151
          b:n:w 2067.7430097
          e:c:n 4768.3860806
          e:c:w 4141.1141528
          e:n:w 6409.0350622
          c:n:w 5443.1450814
        b:e:c:n 2107.3276359
        b:e:c:w 1931.9886105
        b:e:n:w 3124.0681145
        b:c:n:w 2370.7252369
        e:c:n:w 51380.2691547
