########################################
# legofit: estimate population history #
#       version 2.3.4-4-g53f8760       #
########################################

# Program was compiled: Sep 21 2021 14:36:42
# Program was run: Wed Sep 29 13:03:57 2021

# cmd: legofit -1 -d 0 -t 56 --ptsPerDim 3 --stateOut b1boot27.state --tol 3e-6 -S 5000 acdef2.lgo ../../boot/boot27.opf
# Stage nOptItr nSimReps
#     0    5000        0
# algorithm          : deterministic
# ignoring probs <=  : 0
# Branch length floor: 0
# DE strategy        : 2
#    F               : 0.3
#    CR              : 0.8
#    tolerance       : 3e-06
# nthreads           : 56
# lgo input file     : acdef2.lgo
# site pat input file: ../../boot/boot27.opf
# free parameters    : 19
# points in DE swarm : 57
# output state file  : b1boot27.state
# Including singleton site patterns.
# cost function      : KL
Initial parameter values
Fixed:
      zero = 0
       one = 1
    Tbecnw = 75200
Free:
       pc1 = 0
       pc2 = 0
       pc3 = 0
       pc4 = 0
       pc5 = 0
       pc6 = 0
       pc7 = 0
       pc8 = 0
       pc9 = 0
      pc10 = 0
      pc11 = 0
      pc12 = 0
      pc13 = 0
      pc14 = 0
      pc15 = 0
      pc16 = 0
      pc17 = 0
      pc18 = 0
      pc19 = 0
Constrained:
   Tgbecnw = 96152.6
     Tecnw = 27489.7
       Tnw = 18681.6
       Tec = 10478.7
     twoNb = 5.2038e+06
     twoNe = 24569.5
     twoNc = 1.3948e+06
     twoNn = 2.62682e+06
     twoNw = 1.69479e+07
    twoNec = 123171
    twoNnw = 29362.9
  twoNecnw = 76723.3
  twoNbecnw = 8974.54
  twoNgbecnw = 275133
         m = 0.127252
        m3 = 0.193012
        m4 = 0.0202242
        m5 = 0.119203
        m6 = 0.0479937
        Ta = 42839.3
        Tc = 9340.82
        Td = 4670.41
        Te = 2335.2
        Tf = 1167.6
DiffEv reached_goal. cost=1.68013e-03 spread=2.74740e-06
Fitted parameter values
Free:
       pc1 = 1.67823
       pc2 = 3.76814
       pc3 = -2.92782
       pc4 = 1.80508
       pc5 = 0.602079
       pc6 = -0.322179
       pc7 = 1.21142
       pc8 = -0.107291
       pc9 = -0.515234
      pc10 = -1.4242
      pc11 = 1.13345
      pc12 = 0.124327
      pc13 = -0.00717322
      pc14 = -0.0073134
      pc15 = 0.082772
      pc16 = 0.0710257
      pc17 = -0.00616485
      pc18 = -0.00575064
      pc19 = 0.0469016
Constrained:
   Tgbecnw = 77078
     Tecnw = 25147.1
       Tnw = 20919.3
       Tec = 11151.4
     twoNb = 3.313e+06
     twoNe = 12924.5
     twoNc = 2.40962e+06
     twoNn = 5.73155e+06
     twoNw = 2.57882e+07
    twoNec = 104903
    twoNnw = 13778
  twoNecnw = 75861.6
  twoNbecnw = 800.219
  twoNgbecnw = 315015
         m = 0.103991
        m3 = 0.193501
        m4 = 0.0199802
        m5 = 0.112927
        m6 = 0.0376774
        Ta = 43175.7
        Tc = 10459.6
        Td = 5229.82
        Te = 2614.91
        Tf = 1307.45
#       SitePat  BranchLen
              b 123230.6205586
              e 47889.9339996
              c 50385.9328291
              n 44440.5019233
              w 46228.0292333
            b:e 2054.0205020
            b:c 2426.6452982
            b:n 1662.1566062
            b:w 1823.8370285
            e:c 10302.1040268
            e:n 5763.5113405
            e:w 5072.2631990
            c:n 5102.1043886
            c:w 4628.8129731
            n:w 12456.0308917
          b:e:c 2109.7080669
          b:e:n 1106.6366501
          b:e:w 1103.4654146
          b:c:n 1108.4230220
          b:c:w 1124.9402920
          b:n:w 2064.0685880
          e:c:n 4772.3001003
          e:c:w 4149.3123473
          e:n:w 6402.5631590
          c:n:w 5414.9763691
        b:e:c:n 2106.3620939
        b:e:c:w 1931.3356371
        b:e:n:w 3163.3225171
        b:c:n:w 2363.8814044
        e:c:n:w 51452.5848308
