########################################
# legofit: estimate population history #
#       version 2.3.4-4-g53f8760       #
########################################

# Program was compiled: Sep 21 2021 14:36:42
# Program was run: Wed Sep 29 13:04:41 2021

# cmd: legofit -1 -d 0 -t 56 --ptsPerDim 3 --stateOut b1boot31.state --tol 3e-6 -S 5000 acdef2.lgo ../../boot/boot31.opf
# Stage nOptItr nSimReps
#     0    5000        0
# algorithm          : deterministic
# ignoring probs <=  : 0
# Branch length floor: 0
# DE strategy        : 2
#    F               : 0.3
#    CR              : 0.8
#    tolerance       : 3e-06
# nthreads           : 56
# lgo input file     : acdef2.lgo
# site pat input file: ../../boot/boot31.opf
# free parameters    : 19
# points in DE swarm : 57
# output state file  : b1boot31.state
# Including singleton site patterns.
# cost function      : KL
Initial parameter values
Fixed:
      zero = 0
       one = 1
    Tbecnw = 75200
Free:
       pc1 = 0
       pc2 = 0
       pc3 = 0
       pc4 = 0
       pc5 = 0
       pc6 = 0
       pc7 = 0
       pc8 = 0
       pc9 = 0
      pc10 = 0
      pc11 = 0
      pc12 = 0
      pc13 = 0
      pc14 = 0
      pc15 = 0
      pc16 = 0
      pc17 = 0
      pc18 = 0
      pc19 = 0
Constrained:
   Tgbecnw = 96152.6
     Tecnw = 27489.7
       Tnw = 18681.6
       Tec = 10478.7
     twoNb = 5.2038e+06
     twoNe = 24569.5
     twoNc = 1.3948e+06
     twoNn = 2.62682e+06
     twoNw = 1.69479e+07
    twoNec = 123171
    twoNnw = 29362.9
  twoNecnw = 76723.3
  twoNbecnw = 8974.54
  twoNgbecnw = 275133
         m = 0.127252
        m3 = 0.193012
        m4 = 0.0202242
        m5 = 0.119203
        m6 = 0.0479937
        Ta = 42839.3
        Tc = 9340.82
        Td = 4670.41
        Te = 2335.2
        Tf = 1167.6
DiffEv reached_goal. cost=1.67735e-03 spread=1.88022e-06
Fitted parameter values
Free:
       pc1 = 2.20747
       pc2 = 3.81792
       pc3 = -3.20752
       pc4 = 1.25999
       pc5 = 0.704604
       pc6 = 0.175686
       pc7 = 1.14214
       pc8 = 0.445489
       pc9 = 0.453209
      pc10 = -0.578837
      pc11 = 0.841078
      pc12 = 0.0743142
      pc13 = 0.153907
      pc14 = 0.0726789
      pc15 = 0.116721
      pc16 = 0.116853
      pc17 = 0.0863316
      pc18 = 0.0640861
      pc19 = 0.0233935
Constrained:
   Tgbecnw = 76941.9
     Tecnw = 24836
       Tnw = 20029.7
       Tec = 11130.9
     twoNb = 4.18877e+06
     twoNe = 25117.2
     twoNc = 2.44038e+06
     twoNn = 3.85433e+06
     twoNw = 3.07305e+07
    twoNec = 107448
    twoNnw = 16172.4
  twoNecnw = 75266
  twoNbecnw = 729.092
  twoNgbecnw = 330333
         m = 0.0966936
        m3 = 0.193148
        m4 = 0.0193509
        m5 = 0.107489
        m6 = 0.0275928
        Ta = 43165.4
        Tc = 10014.9
        Td = 5007.43
        Te = 2503.72
        Tf = 1251.86
#       SitePat  BranchLen
              b 122696.7426629
              e 47732.8836145
              c 50200.5462343
              n 44322.1216323
              w 46023.1289824
            b:e 2052.2985302
            b:c 2410.6504735
            b:n 1674.3155385
            b:w 1829.2155696
            e:c 10255.8874931
            e:n 5737.2044161
            e:w 5116.9366516
            c:n 5127.0115943
            c:w 4640.0565567
            n:w 12443.8497641
          b:e:c 2101.8447540
          b:e:n 1109.3775037
          b:e:w 1111.2857097
          b:c:n 1116.3775896
          b:c:w 1127.2481380
          b:n:w 2057.4027221
          e:c:n 4782.5538265
          e:c:w 4188.7692784
          e:n:w 6379.5734825
          c:n:w 5401.4940470
        b:e:c:n 2111.4857083
        b:e:c:w 1943.8069227
        b:e:n:w 3144.9649657
        b:c:n:w 2361.1400664
        e:c:n:w 51079.2841724
