########################################
# legofit: estimate population history #
#       version 2.3.4-4-g53f8760       #
########################################

# Program was compiled: Sep 21 2021 14:36:42
# Program was run: Wed Sep 29 12:59:09 2021

# cmd: legofit -1 -d 0 -t 56 --ptsPerDim 3 --stateOut b1boot4.state --tol 3e-6 -S 5000 acdef2.lgo ../../boot/boot4.opf
# Stage nOptItr nSimReps
#     0    5000        0
# algorithm          : deterministic
# ignoring probs <=  : 0
# Branch length floor: 0
# DE strategy        : 2
#    F               : 0.3
#    CR              : 0.8
#    tolerance       : 3e-06
# nthreads           : 56
# lgo input file     : acdef2.lgo
# site pat input file: ../../boot/boot4.opf
# free parameters    : 19
# points in DE swarm : 57
# output state file  : b1boot4.state
# Including singleton site patterns.
# cost function      : KL
Initial parameter values
Fixed:
      zero = 0
       one = 1
    Tbecnw = 75200
Free:
       pc1 = 0
       pc2 = 0
       pc3 = 0
       pc4 = 0
       pc5 = 0
       pc6 = 0
       pc7 = 0
       pc8 = 0
       pc9 = 0
      pc10 = 0
      pc11 = 0
      pc12 = 0
      pc13 = 0
      pc14 = 0
      pc15 = 0
      pc16 = 0
      pc17 = 0
      pc18 = 0
      pc19 = 0
Constrained:
   Tgbecnw = 96152.6
     Tecnw = 27489.7
       Tnw = 18681.6
       Tec = 10478.7
     twoNb = 5.2038e+06
     twoNe = 24569.5
     twoNc = 1.3948e+06
     twoNn = 2.62682e+06
     twoNw = 1.69479e+07
    twoNec = 123171
    twoNnw = 29362.9
  twoNecnw = 76723.3
  twoNbecnw = 8974.54
  twoNgbecnw = 275133
         m = 0.127252
        m3 = 0.193012
        m4 = 0.0202242
        m5 = 0.119203
        m6 = 0.0479937
        Ta = 42839.3
        Tc = 9340.82
        Td = 4670.41
        Te = 2335.2
        Tf = 1167.6
DiffEv reached_goal. cost=1.68948e-03 spread=2.56286e-06
Fitted parameter values
Free:
       pc1 = 1.05996
       pc2 = 3.86864
       pc3 = -2.78689
       pc4 = 1.52746
       pc5 = 0.221559
       pc6 = -0.388471
       pc7 = 1.63076
       pc8 = 0.0895411
       pc9 = -0.0191934
      pc10 = -1.54682
      pc11 = 1.0967
      pc12 = 0.443758
      pc13 = 0.0194028
      pc14 = 0.0355681
      pc15 = 0.0232589
      pc16 = 0.0428851
      pc17 = -0.0554036
      pc18 = 0.0132387
      pc19 = 0.081108
Constrained:
   Tgbecnw = 78179.6
     Tecnw = 25092.3
       Tnw = 21262.3
       Tec = 11313.6
     twoNb = 5.01785e+06
     twoNe = 13341.3
     twoNc = 2.58868e+06
     twoNn = 4.46283e+06
     twoNw = 2.0481e+07
    twoNec = 101197
    twoNnw = 12574.6
  twoNecnw = 77157.9
  twoNbecnw = 1259.66
  twoNgbecnw = 314344
         m = 0.10508
        m3 = 0.193349
        m4 = 0.0200554
        m5 = 0.115627
        m6 = 0.0421292
        Ta = 43256.8
        Tc = 10631.2
        Td = 5315.58
        Te = 2657.79
        Tf = 1328.89
#       SitePat  BranchLen
              b 123454.6807488
              e 48027.7021268
              c 50483.5744594
              n 44660.7227099
              w 46448.1690232
            b:e 2045.4448358
            b:c 2402.5724366
            b:n 1661.5224229
            b:w 1822.5280605
            e:c 10348.0980851
            e:n 5776.9191457
            e:w 5095.3161785
            c:n 5138.7757760
            c:w 4657.6385878
            n:w 12421.5806100
          b:e:c 2099.6784057
          b:e:n 1105.2236198
          b:e:w 1103.0657075
          b:c:n 1107.3790775
          b:c:w 1122.8809191
          b:n:w 2055.5489044
          e:c:n 4780.9670495
          e:c:w 4156.2608915
          e:n:w 6366.6041657
          c:n:w 5406.2981860
        b:e:c:n 2106.8463591
        b:e:c:w 1932.4967922
        b:e:n:w 3155.0792096
        b:c:n:w 2356.2353365
        e:c:n:w 51431.4804740
