########################################
# legofit: estimate population history #
#       version 2.3.4-4-g53f8760       #
########################################

# Program was compiled: Sep 21 2021 14:36:42
# Program was run: Wed Sep 29 13:05:41 2021

# cmd: legofit -1 -d 0 -t 56 --ptsPerDim 3 --stateOut b1boot39.state --tol 3e-6 -S 5000 acdef2.lgo ../../boot/boot39.opf
# Stage nOptItr nSimReps
#     0    5000        0
# algorithm          : deterministic
# ignoring probs <=  : 0
# Branch length floor: 0
# DE strategy        : 2
#    F               : 0.3
#    CR              : 0.8
#    tolerance       : 3e-06
# nthreads           : 56
# lgo input file     : acdef2.lgo
# site pat input file: ../../boot/boot39.opf
# free parameters    : 19
# points in DE swarm : 57
# output state file  : b1boot39.state
# Including singleton site patterns.
# cost function      : KL
Initial parameter values
Fixed:
      zero = 0
       one = 1
    Tbecnw = 75200
Free:
       pc1 = 0
       pc2 = 0
       pc3 = 0
       pc4 = 0
       pc5 = 0
       pc6 = 0
       pc7 = 0
       pc8 = 0
       pc9 = 0
      pc10 = 0
      pc11 = 0
      pc12 = 0
      pc13 = 0
      pc14 = 0
      pc15 = 0
      pc16 = 0
      pc17 = 0
      pc18 = 0
      pc19 = 0
Constrained:
   Tgbecnw = 96152.6
     Tecnw = 27489.7
       Tnw = 18681.6
       Tec = 10478.7
     twoNb = 5.2038e+06
     twoNe = 24569.5
     twoNc = 1.3948e+06
     twoNn = 2.62682e+06
     twoNw = 1.69479e+07
    twoNec = 123171
    twoNnw = 29362.9
  twoNecnw = 76723.3
  twoNbecnw = 8974.54
  twoNgbecnw = 275133
         m = 0.127252
        m3 = 0.193012
        m4 = 0.0202242
        m5 = 0.119203
        m6 = 0.0479937
        Ta = 42839.3
        Tc = 9340.82
        Td = 4670.41
        Te = 2335.2
        Tf = 1167.6
DiffEv reached_goal. cost=1.64440e-03 spread=2.59813e-06
Fitted parameter values
Free:
       pc1 = 1.99144
       pc2 = 3.91567
       pc3 = -2.40832
       pc4 = 1.84759
       pc5 = -0.98645
       pc6 = -0.150125
       pc7 = 0.865217
       pc8 = 0.88692
       pc9 = 0.793502
      pc10 = -0.334821
      pc11 = 1.34533
      pc12 = -0.0946685
      pc13 = 0.207659
      pc14 = 0.0883244
      pc15 = 0.0343946
      pc16 = 0.135712
      pc17 = -0.060009
      pc18 = -0.00745859
      pc19 = 0.0391343
Constrained:
   Tgbecnw = 77526
     Tecnw = 25241.4
       Tnw = 20803.5
       Tec = 10753.5
     twoNb = 5.58836e+06
     twoNe = 6702.69
     twoNc = 1.17334e+06
     twoNn = 1.89483e+06
     twoNw = 2.52326e+07
    twoNec = 108918
    twoNnw = 14394.4
  twoNecnw = 75126.3
  twoNbecnw = 991.485
  twoNgbecnw = 315802
         m = 0.101219
        m3 = 0.199104
        m4 = 0.0188584
        m5 = 0.11105
        m6 = 0.0307496
        Ta = 42976.8
        Tc = 10401.8
        Td = 5200.88
        Te = 2600.44
        Tf = 1300.22
#       SitePat  BranchLen
              b 122791.8847501
              e 47787.9704809
              c 50313.7367940
              n 44397.8851543
              w 46257.2538125
            b:e 2055.2596710
            b:c 2415.4431097
            b:n 1667.8043448
            b:w 1836.2039031
            e:c 10356.2881124
            e:n 5773.5306909
            e:w 5069.3573302
            c:n 5109.0153675
            c:w 4601.5084674
            n:w 12465.8522844
          b:e:c 2118.2444885
          b:e:n 1107.7820453
          b:e:w 1106.6245307
          b:c:n 1111.0520454
          b:c:w 1125.9098249
          b:n:w 2074.0068377
          e:c:n 4808.7175659
          e:c:w 4161.0291684
          e:n:w 6404.1375410
          c:n:w 5401.8922858
        b:e:c:n 2116.1625014
        b:e:c:w 1934.0626783
        b:e:n:w 3135.2239312
        b:c:n:w 2361.3281405
        e:c:n:w 51022.6022525
