########################################
# legofit: estimate population history #
#       version 2.3.4-4-g53f8760       #
########################################

# Program was compiled: Sep 21 2021 14:36:42
# Program was run: Wed Sep 29 13:03:37 2021

# cmd: legofit -1 -d 0 -t 56 --ptsPerDim 3 --stateOut b1boot22.state --tol 3e-6 -S 5000 acdef2.lgo ../../boot/boot22.opf
# Stage nOptItr nSimReps
#     0    5000        0
# algorithm          : deterministic
# ignoring probs <=  : 0
# Branch length floor: 0
# DE strategy        : 2
#    F               : 0.3
#    CR              : 0.8
#    tolerance       : 3e-06
# nthreads           : 56
# lgo input file     : acdef2.lgo
# site pat input file: ../../boot/boot22.opf
# free parameters    : 19
# points in DE swarm : 57
# output state file  : b1boot22.state
# Including singleton site patterns.
# cost function      : KL
Initial parameter values
Fixed:
      zero = 0
       one = 1
    Tbecnw = 75200
Free:
       pc1 = 0
       pc2 = 0
       pc3 = 0
       pc4 = 0
       pc5 = 0
       pc6 = 0
       pc7 = 0
       pc8 = 0
       pc9 = 0
      pc10 = 0
      pc11 = 0
      pc12 = 0
      pc13 = 0
      pc14 = 0
      pc15 = 0
      pc16 = 0
      pc17 = 0
      pc18 = 0
      pc19 = 0
Constrained:
   Tgbecnw = 96152.6
     Tecnw = 27489.7
       Tnw = 18681.6
       Tec = 10478.7
     twoNb = 5.2038e+06
     twoNe = 24569.5
     twoNc = 1.3948e+06
     twoNn = 2.62682e+06
     twoNw = 1.69479e+07
    twoNec = 123171
    twoNnw = 29362.9
  twoNecnw = 76723.3
  twoNbecnw = 8974.54
  twoNgbecnw = 275133
         m = 0.127252
        m3 = 0.193012
        m4 = 0.0202242
        m5 = 0.119203
        m6 = 0.0479937
        Ta = 42839.3
        Tc = 9340.82
        Td = 4670.41
        Te = 2335.2
        Tf = 1167.6
DiffEv reached_goal. cost=1.68245e-03 spread=2.93155e-06
Fitted parameter values
Free:
       pc1 = 1.32022
       pc2 = 3.93734
       pc3 = -2.2313
       pc4 = 1.80168
       pc5 = -0.762056
       pc6 = 0.425179
       pc7 = 1.90747
       pc8 = 1.0702
       pc9 = -0.226467
      pc10 = -0.551658
      pc11 = 0.993949
      pc12 = -0.113873
      pc13 = 0.0667675
      pc14 = -0.00987089
      pc15 = 0.0402011
      pc16 = -0.122288
      pc17 = 0.0677596
      pc18 = -0.0403053
      pc19 = 0.0547292
Constrained:
   Tgbecnw = 78626.7
     Tecnw = 25362.8
       Tnw = 21409.9
       Tec = 10991.2
     twoNb = 3.55704e+06
     twoNe = 5572.61
     twoNc = 2.47711e+06
     twoNn = 1.54932e+06
     twoNw = 1.95025e+07
    twoNec = 106906
    twoNnw = 12813.3
  twoNecnw = 76545.9
  twoNbecnw = 1476.16
  twoNgbecnw = 306136
         m = 0.108447
        m3 = 0.190598
        m4 = 0.0189488
        m5 = 0.117293
        m6 = 0.043842
        Ta = 43095.6
        Tc = 10704.9
        Td = 5352.47
        Te = 2676.24
        Tf = 1338.12
#       SitePat  BranchLen
              b 123998.6649452
              e 48231.2418004
              c 50634.2950688
              n 44756.8801166
              w 46501.2045668
            b:e 2090.9330091
            b:c 2451.5466067
            b:n 1686.6835565
            b:w 1845.2582003
            e:c 10360.3728121
            e:n 5772.4304816
            e:w 5104.2300285
            c:n 5141.7007963
            c:w 4672.5063938
            n:w 12494.1381564
          b:e:c 2138.7692102
          b:e:n 1122.5655428
          b:e:w 1120.2965852
          b:c:n 1124.7198269
          b:c:w 1139.9933955
          b:n:w 2093.0878243
          e:c:n 4786.2337830
          e:c:w 4179.3041885
          e:n:w 6440.4883288
          c:n:w 5482.4297603
        b:e:c:n 2129.9515093
        b:e:c:w 1958.3722545
        b:e:n:w 3168.8861340
        b:c:n:w 2403.8798513
        e:c:n:w 51869.5329945
