########################################
# legofit: estimate population history #
#       version 2.3.4-4-g53f8760       #
########################################

# Program was compiled: Sep 21 2021 14:36:42
# Program was run: Wed Sep 29 12:59:09 2021

# cmd: legofit -1 -d 0 -t 56 --ptsPerDim 3 --stateOut b1boot5.state --tol 3e-6 -S 5000 acdef2.lgo ../../boot/boot5.opf
# Stage nOptItr nSimReps
#     0    5000        0
# algorithm          : deterministic
# ignoring probs <=  : 0
# Branch length floor: 0
# DE strategy        : 2
#    F               : 0.3
#    CR              : 0.8
#    tolerance       : 3e-06
# nthreads           : 56
# lgo input file     : acdef2.lgo
# site pat input file: ../../boot/boot5.opf
# free parameters    : 19
# points in DE swarm : 57
# output state file  : b1boot5.state
# Including singleton site patterns.
# cost function      : KL
Initial parameter values
Fixed:
      zero = 0
       one = 1
    Tbecnw = 75200
Free:
       pc1 = 0
       pc2 = 0
       pc3 = 0
       pc4 = 0
       pc5 = 0
       pc6 = 0
       pc7 = 0
       pc8 = 0
       pc9 = 0
      pc10 = 0
      pc11 = 0
      pc12 = 0
      pc13 = 0
      pc14 = 0
      pc15 = 0
      pc16 = 0
      pc17 = 0
      pc18 = 0
      pc19 = 0
Constrained:
   Tgbecnw = 96152.6
     Tecnw = 27489.7
       Tnw = 18681.6
       Tec = 10478.7
     twoNb = 5.2038e+06
     twoNe = 24569.5
     twoNc = 1.3948e+06
     twoNn = 2.62682e+06
     twoNw = 1.69479e+07
    twoNec = 123171
    twoNnw = 29362.9
  twoNecnw = 76723.3
  twoNbecnw = 8974.54
  twoNgbecnw = 275133
         m = 0.127252
        m3 = 0.193012
        m4 = 0.0202242
        m5 = 0.119203
        m6 = 0.0479937
        Ta = 42839.3
        Tc = 9340.82
        Td = 4670.41
        Te = 2335.2
        Tf = 1167.6
DiffEv reached_goal. cost=1.69686e-03 spread=2.45562e-06
Fitted parameter values
Free:
       pc1 = 1.38228
       pc2 = 3.76359
       pc3 = -2.66249
       pc4 = 1.8412
       pc5 = 0.211252
       pc6 = 0.677622
       pc7 = 1.86165
       pc8 = 0.31739
       pc9 = -0.78084
      pc10 = -1.65189
      pc11 = 0.120213
      pc12 = 0.368797
      pc13 = -0.0989973
      pc14 = 0.0171275
      pc15 = -0.026667
      pc16 = -0.189987
      pc17 = -0.0258759
      pc18 = 0.013667
      pc19 = 0.00920908
Constrained:
   Tgbecnw = 79398.2
     Tecnw = 24985.3
       Tnw = 21085.9
       Tec = 10864.4
     twoNb = 3.1077e+06
     twoNe = 5955.86
     twoNc = 3.38861e+06
     twoNn = 4.38327e+06
     twoNw = 2.36123e+07
    twoNec = 107363
    twoNnw = 12954.5
  twoNecnw = 77735.7
  twoNbecnw = 1764.97
  twoNgbecnw = 315213
         m = 0.10585
        m3 = 0.1818
        m4 = 0.0197692
        m5 = 0.109635
        m6 = 0.0408803
        Ta = 43032.2
        Tc = 10542.9
        Td = 5271.47
        Te = 2635.73
        Tf = 1317.87
#       SitePat  BranchLen
              b 123979.6528773
              e 48255.7547115
              c 50638.4748989
              n 44758.2822810
              w 46448.0417471
            b:e 2063.4272292
            b:c 2420.8579101
            b:n 1667.4778441
            b:w 1818.1142582
            e:c 10387.9858309
            e:n 5767.7775315
            e:w 5095.7118866
            c:n 5125.3048728
            c:w 4690.9298946
            n:w 12566.0782398
          b:e:c 2112.1280250
          b:e:n 1108.8073165
          b:e:w 1103.4644374
          b:c:n 1108.0788285
          b:c:w 1125.9625134
          b:n:w 2066.4667861
          e:c:n 4751.7046400
          e:c:w 4168.3857972
          e:n:w 6388.7596400
          c:n:w 5458.1728324
        b:e:c:n 2102.4582546
        b:e:c:w 1939.2810347
        b:e:n:w 3160.3564756
        b:c:n:w 2376.2772676
        e:c:n:w 51746.8084575
