########################################
# legofit: estimate population history #
#       version 2.3.4-4-g53f8760       #
########################################

# Program was compiled: Sep 21 2021 14:36:42
# Program was run: Wed Sep 29 13:02:40 2021

# cmd: legofit -1 -d 0 -t 56 --ptsPerDim 3 --stateOut b1boot20.state --tol 3e-6 -S 5000 acdef2.lgo ../../boot/boot20.opf
# Stage nOptItr nSimReps
#     0    5000        0
# algorithm          : deterministic
# ignoring probs <=  : 0
# Branch length floor: 0
# DE strategy        : 2
#    F               : 0.3
#    CR              : 0.8
#    tolerance       : 3e-06
# nthreads           : 56
# lgo input file     : acdef2.lgo
# site pat input file: ../../boot/boot20.opf
# free parameters    : 19
# points in DE swarm : 57
# output state file  : b1boot20.state
# Including singleton site patterns.
# cost function      : KL
Initial parameter values
Fixed:
      zero = 0
       one = 1
    Tbecnw = 75200
Free:
       pc1 = 0
       pc2 = 0
       pc3 = 0
       pc4 = 0
       pc5 = 0
       pc6 = 0
       pc7 = 0
       pc8 = 0
       pc9 = 0
      pc10 = 0
      pc11 = 0
      pc12 = 0
      pc13 = 0
      pc14 = 0
      pc15 = 0
      pc16 = 0
      pc17 = 0
      pc18 = 0
      pc19 = 0
Constrained:
   Tgbecnw = 96152.6
     Tecnw = 27489.7
       Tnw = 18681.6
       Tec = 10478.7
     twoNb = 5.2038e+06
     twoNe = 24569.5
     twoNc = 1.3948e+06
     twoNn = 2.62682e+06
     twoNw = 1.69479e+07
    twoNec = 123171
    twoNnw = 29362.9
  twoNecnw = 76723.3
  twoNbecnw = 8974.54
  twoNgbecnw = 275133
         m = 0.127252
        m3 = 0.193012
        m4 = 0.0202242
        m5 = 0.119203
        m6 = 0.0479937
        Ta = 42839.3
        Tc = 9340.82
        Td = 4670.41
        Te = 2335.2
        Tf = 1167.6
DiffEv reached_goal. cost=1.68154e-03 spread=2.31916e-06
Fitted parameter values
Free:
       pc1 = 1.3277
       pc2 = 3.26804
       pc3 = -2.51613
       pc4 = 1.77735
       pc5 = -0.156869
       pc6 = -0.861848
       pc7 = 0.92215
       pc8 = 0.739717
       pc9 = 0.300564
      pc10 = -0.759297
      pc11 = 1.39299
      pc12 = -0.154575
      pc13 = -0.0361225
      pc14 = 0.120776
      pc15 = -0.0560642
      pc16 = 0.0434581
      pc17 = 0.103507
      pc18 = 0.0127081
      pc19 = 0.0603885
Constrained:
   Tgbecnw = 78100.6
     Tecnw = 25408.2
       Tnw = 20588.1
       Tec = 11016.2
     twoNb = 5.00304e+06
     twoNe = 14886.6
     twoNc = 972665
     twoNn = 3.41239e+06
     twoNw = 2.19275e+07
    twoNec = 104150
    twoNnw = 15619.2
  twoNecnw = 75166.7
  twoNbecnw = 1257.9
  twoNgbecnw = 298584
         m = 0.108642
        m3 = 0.196671
        m4 = 0.0196123
        m5 = 0.117906
        m6 = 0.0441677
        Ta = 43108.1
        Tc = 10294
        Td = 5147.02
        Te = 2573.51
        Tf = 1286.75
#       SitePat  BranchLen
              b 123052.7341093
              e 47846.5903490
              c 50269.3770711
              n 44439.7874628
              w 46242.7443547
            b:e 2034.3176783
            b:c 2389.6479856
            b:n 1650.1673389
            b:w 1812.3490190
            e:c 10332.2422500
            e:n 5750.2086216
            e:w 5077.0385923
            c:n 5128.3299026
            c:w 4631.3744573
            n:w 12427.8263897
          b:e:c 2084.8321023
          b:e:n 1094.5339025
          b:e:w 1093.9958341
          b:c:n 1098.0721345
          b:c:w 1111.5906348
          b:n:w 2042.2696022
          e:c:n 4795.6747752
          e:c:w 4162.8433578
          e:n:w 6383.9791048
          c:n:w 5422.7707940
        b:e:c:n 2085.3911426
        b:e:c:w 1910.2290305
        b:e:n:w 3103.3646865
        b:c:n:w 2332.8655697
        e:c:n:w 51141.1195629
