########################################
# legofit: estimate population history #
#       version 2.3.4-4-g53f8760       #
########################################

# Program was compiled: Sep 21 2021 14:36:42
# Program was run: Wed Sep 29 13:03:59 2021

# cmd: legofit -1 -d 0 -t 56 --ptsPerDim 3 --stateOut b1boot28.state --tol 3e-6 -S 5000 acdef2.lgo ../../boot/boot28.opf
# Stage nOptItr nSimReps
#     0    5000        0
# algorithm          : deterministic
# ignoring probs <=  : 0
# Branch length floor: 0
# DE strategy        : 2
#    F               : 0.3
#    CR              : 0.8
#    tolerance       : 3e-06
# nthreads           : 56
# lgo input file     : acdef2.lgo
# site pat input file: ../../boot/boot28.opf
# free parameters    : 19
# points in DE swarm : 57
# output state file  : b1boot28.state
# Including singleton site patterns.
# cost function      : KL
Initial parameter values
Fixed:
      zero = 0
       one = 1
    Tbecnw = 75200
Free:
       pc1 = 0
       pc2 = 0
       pc3 = 0
       pc4 = 0
       pc5 = 0
       pc6 = 0
       pc7 = 0
       pc8 = 0
       pc9 = 0
      pc10 = 0
      pc11 = 0
      pc12 = 0
      pc13 = 0
      pc14 = 0
      pc15 = 0
      pc16 = 0
      pc17 = 0
      pc18 = 0
      pc19 = 0
Constrained:
   Tgbecnw = 96152.6
     Tecnw = 27489.7
       Tnw = 18681.6
       Tec = 10478.7
     twoNb = 5.2038e+06
     twoNe = 24569.5
     twoNc = 1.3948e+06
     twoNn = 2.62682e+06
     twoNw = 1.69479e+07
    twoNec = 123171
    twoNnw = 29362.9
  twoNecnw = 76723.3
  twoNbecnw = 8974.54
  twoNgbecnw = 275133
         m = 0.127252
        m3 = 0.193012
        m4 = 0.0202242
        m5 = 0.119203
        m6 = 0.0479937
        Ta = 42839.3
        Tc = 9340.82
        Td = 4670.41
        Te = 2335.2
        Tf = 1167.6
DiffEv reached_goal. cost=1.68057e-03 spread=2.88562e-06
Fitted parameter values
Free:
       pc1 = 2.51408
       pc2 = 3.39905
       pc3 = -2.48495
       pc4 = 1.71859
       pc5 = 1.2172
       pc6 = -0.327196
       pc7 = 1.17486
       pc8 = -0.428686
       pc9 = -0.595052
      pc10 = -1.9972
      pc11 = 1.89799
      pc12 = 0.48582
      pc13 = -0.145958
      pc14 = -0.056376
      pc15 = 0.0877094
      pc16 = 0.126243
      pc17 = -0.0218379
      pc18 = -0.0196246
      pc19 = 0.0675812
Constrained:
   Tgbecnw = 75895.7
     Tecnw = 25042.1
       Tnw = 20439.3
       Tec = 10808.7
     twoNb = 2.11843e+06
     twoNe = 11659.2
     twoNc = 2.82967e+06
     twoNn = 5.87792e+06
     twoNw = 3.25014e+07
    twoNec = 108792
    twoNnw = 15031.1
  twoNecnw = 75363.6
  twoNbecnw = 298.765
  twoNgbecnw = 312619
         m = 0.103344
        m3 = 0.201021
        m4 = 0.0208391
        m5 = 0.106845
        m6 = 0.0337985
        Ta = 43004.4
        Tc = 10219.7
        Td = 5109.83
        Te = 2554.91
        Tf = 1277.46
#       SitePat  BranchLen
              b 122568.8393073
              e 47746.6466073
              c 50231.0998804
              n 44269.3612826
              w 46107.5901939
            b:e 2048.1168449
            b:c 2439.2589784
            b:n 1658.0584604
            b:w 1823.8500188
            e:c 10260.9027899
            e:n 5770.0247491
            e:w 5061.7170271
            c:n 5111.5513019
            c:w 4619.1258276
            n:w 12432.7122887
          b:e:c 2101.3165848
          b:e:n 1105.7029179
          b:e:w 1102.9265221
          b:c:n 1108.4614122
          b:c:w 1125.0419991
          b:n:w 2054.6551118
          e:c:n 4777.5974128
          e:c:w 4140.1016977
          e:n:w 6385.1445513
          c:n:w 5395.7432488
        b:e:c:n 2107.6053094
        b:e:c:w 1928.0095598
        b:e:n:w 3169.1981673
        b:c:n:w 2359.1945272
        e:c:n:w 50995.2251914
