########################################
# legofit: estimate population history #
#       version 2.3.4-4-g53f8760       #
########################################

# Program was compiled: Sep 21 2021 14:36:42
# Program was run: Wed Oct 20 09:07:30 2021

# cmd: legofit -1 -d 0 -t 32 --ptsPerDim 3 --stateOut b1.state --tol 3e-6 -S 5000 abdf2.lgo ../../chrX/pan_chrX.opf
# Stage nOptItr nSimReps
#     0    5000        0
# algorithm          : deterministic
# ignoring probs <=  : 0
# Branch length floor: 0
# DE strategy        : 2
#    F               : 0.3
#    CR              : 0.8
#    tolerance       : 3e-06
# nthreads           : 32
# lgo input file     : abdf2.lgo
# site pat input file: ../../chrX/pan_chrX.opf
# free parameters    : 16
# points in DE swarm : 48
# output state file  : b1.state
# Including singleton site patterns.
# cost function      : KL
Initial parameter values
Fixed:
      zero = 0
       one = 1
    Tbecnw = 75200
Free:
       pc1 = 0
       pc2 = 0
       pc3 = 0
       pc4 = 0
       pc5 = 0
       pc6 = 0
       pc7 = 0
       pc8 = 0
       pc9 = 0
      pc10 = 0
      pc11 = 0
      pc12 = 0
      pc13 = 0
      pc14 = 0
      pc15 = 0
      pc16 = 0
Constrained:
   Tgbecnw = 140147
     Tecnw = 24484
       Tnw = 19410
       Tec = 996.562
     twoNb = 989253
     twoNc = 442457
     twoNw = 3.09232e+06
    twoNec = 163096
    twoNnw = 24460.3
  twoNecnw = 65122.3
  twoNbecnw = 17320.6
  twoNgbecnw = 343574
         m = 0.0861972
        m2 = 0.0119272
        m4 = 0.0154514
        m6 = 6.29139e-07
        Tb = 12740.3
        Ta = 43970.1
        Td = 498.281
        Tf = 249.141
DiffEv reached_goal. cost=2.30704e-03 spread=2.44795e-06
Fitted parameter values
Free:
       pc1 = -2.71621
       pc2 = 0.268011
       pc3 = -1.96762
       pc4 = -1.77567
       pc5 = -0.949639
       pc6 = 0.15488
       pc7 = -0.194547
       pc8 = 1.9955
       pc9 = 1.44336
      pc10 = 0.370804
      pc11 = 1.6893
      pc12 = 0.364047
      pc13 = -0.591929
      pc14 = 0.105723
      pc15 = 0.187811
      pc16 = -0.135014
Constrained:
   Tgbecnw = 94698.8
     Tecnw = 23149.7
       Tnw = 18434.8
       Tec = 458.171
     twoNb = 1.08462e+06
     twoNc = 1.61621e+06
     twoNw = 785018
    twoNec = 156707
    twoNnw = 22503.5
  twoNecnw = 61893.1
  twoNbecnw = 6161.39
  twoNgbecnw = 363846
         m = 0.0758757
        m2 = 0.0116466
        m4 = 0.0164548
        m6 = 2.8125e-06
        Tb = 11803.9
        Ta = 43502
        Td = 229.086
        Tf = 114.543
#       SitePat  BranchLen
              b 116844.1736880
              e 44074.5732940
              c 44921.7731146
              n 42788.7273964
              w 42788.7249498
            b:e 1222.6793886
            b:c 1406.6713296
            b:n 1002.2646470
            b:w 1002.2645450
            e:c 11505.7724325
            e:n 4279.8910272
            e:w 4279.8904770
            c:n 4162.6279195
            c:w 4162.6303661
            n:w 11923.6521915
          b:e:c 1225.7671729
          b:e:n 566.1832360
          b:e:w 566.1831279
          b:c:n 569.7608773
          b:c:w 569.7609793
          b:n:w 1223.2748163
          e:c:n 4201.5748907
          e:c:w 4201.5754410
          e:n:w 5302.1916190
          c:n:w 4969.3305981
        b:e:c:n 1101.1679116
        b:e:c:w 1101.1680198
        b:e:n:w 2008.9340790
        b:c:n:w 1537.9709743
        e:c:n:w 46310.6728241
