########################################
# legofit: estimate population history #
#       version 2.3.4-4-g53f8760       #
########################################

# Program was compiled: Sep 21 2021 14:36:42
# Program was run: Wed Oct 20 09:27:21 2021

# cmd: legofit -1 -d 0 -t 32 --ptsPerDim 3 --stateOut b1boot31.state --tol 3e-6 -S 5000 abdf2.lgo ../../chrX/boot_chrX/boot31.opf
# Stage nOptItr nSimReps
#     0    5000        0
# algorithm          : deterministic
# ignoring probs <=  : 0
# Branch length floor: 0
# DE strategy        : 2
#    F               : 0.3
#    CR              : 0.8
#    tolerance       : 3e-06
# nthreads           : 32
# lgo input file     : abdf2.lgo
# site pat input file: ../../chrX/boot_chrX/boot31.opf
# free parameters    : 16
# points in DE swarm : 48
# output state file  : b1boot31.state
# Including singleton site patterns.
# cost function      : KL
Initial parameter values
Fixed:
      zero = 0
       one = 1
    Tbecnw = 75200
Free:
       pc1 = 0
       pc2 = 0
       pc3 = 0
       pc4 = 0
       pc5 = 0
       pc6 = 0
       pc7 = 0
       pc8 = 0
       pc9 = 0
      pc10 = 0
      pc11 = 0
      pc12 = 0
      pc13 = 0
      pc14 = 0
      pc15 = 0
      pc16 = 0
Constrained:
   Tgbecnw = 140147
     Tecnw = 24484
       Tnw = 19410
       Tec = 996.562
     twoNb = 989253
     twoNc = 442457
     twoNw = 3.09232e+06
    twoNec = 163096
    twoNnw = 24460.3
  twoNecnw = 65122.3
  twoNbecnw = 17320.6
  twoNgbecnw = 343574
         m = 0.0861972
        m2 = 0.0119272
        m4 = 0.0154514
        m6 = 6.29139e-07
        Tb = 12740.3
        Ta = 43970.1
        Td = 498.281
        Tf = 249.141
DiffEv reached_goal. cost=2.38358e-03 spread=2.84130e-06
Fitted parameter values
Free:
       pc1 = -3.65122
       pc2 = -0.518281
       pc3 = -1.83971
       pc4 = -1.43032
       pc5 = -1.23353
       pc6 = -0.375609
       pc7 = 1.11727
       pc8 = 1.878
       pc9 = 0.542762
      pc10 = -0.120852
      pc11 = 1.80204
      pc12 = 0.128973
      pc13 = -0.606578
      pc14 = 0.117712
      pc15 = 0.0967419
      pc16 = -0.0885751
Constrained:
   Tgbecnw = 94686.2
     Tecnw = 23149.5
       Tnw = 18980.8
       Tec = 756.343
     twoNb = 1.0674e+06
     twoNc = 1.7811e+06
     twoNw = 4.27636e+06
    twoNec = 159290
    twoNnw = 20560.9
  twoNecnw = 59857.2
  twoNbecnw = 6067.08
  twoNgbecnw = 398214
         m = 0.0662925
        m2 = 0.01002
        m4 = 0.0163079
        m6 = 2.31572e-06
        Tb = 11952.9
        Ta = 43576.5
        Td = 378.172
        Tf = 189.086
#       SitePat  BranchLen
              b 116171.3664300
              e 43681.5193830
              c 44520.6667054
              n 42578.0433334
              w 42578.0429558
            b:e 1219.7955220
            b:c 1401.9426371
            b:n 1017.9265790
            b:w 1017.9265628
            e:c 11264.3272972
            e:n 4307.6771316
            e:w 4307.6770446
            c:n 4190.1862525
            c:w 4190.1866301
            n:w 11578.3724906
          b:e:c 1222.4458798
          b:e:n 576.7440134
          b:e:w 576.7439962
          b:c:n 580.6047766
          b:c:w 580.6047929
          b:n:w 1217.4836551
          e:c:n 4259.0569375
          e:c:w 4259.0570245
          e:n:w 5319.1859926
          c:n:w 4984.1649620
        b:e:c:n 1114.7115800
        b:e:c:w 1114.7115972
        b:e:n:w 1958.5094803
        b:c:n:w 1499.4957389
        e:c:n:w 46088.8504683
