########################################
# legofit: estimate population history #
#       version 2.3.4-4-g53f8760       #
########################################

# Program was compiled: Sep 21 2021 14:36:42
# Program was run: Wed Oct 20 09:07:39 2021

# cmd: legofit -1 -d 0 -t 32 --ptsPerDim 3 --stateOut b1boot3.state --tol 3e-6 -S 5000 abdf2.lgo ../../chrX/boot_chrX/boot3.opf
# Stage nOptItr nSimReps
#     0    5000        0
# algorithm          : deterministic
# ignoring probs <=  : 0
# Branch length floor: 0
# DE strategy        : 2
#    F               : 0.3
#    CR              : 0.8
#    tolerance       : 3e-06
# nthreads           : 32
# lgo input file     : abdf2.lgo
# site pat input file: ../../chrX/boot_chrX/boot3.opf
# free parameters    : 16
# points in DE swarm : 48
# output state file  : b1boot3.state
# Including singleton site patterns.
# cost function      : KL
Initial parameter values
Fixed:
      zero = 0
       one = 1
    Tbecnw = 75200
Free:
       pc1 = 0
       pc2 = 0
       pc3 = 0
       pc4 = 0
       pc5 = 0
       pc6 = 0
       pc7 = 0
       pc8 = 0
       pc9 = 0
      pc10 = 0
      pc11 = 0
      pc12 = 0
      pc13 = 0
      pc14 = 0
      pc15 = 0
      pc16 = 0
Constrained:
   Tgbecnw = 140147
     Tecnw = 24484
       Tnw = 19410
       Tec = 996.562
     twoNb = 989253
     twoNc = 442457
     twoNw = 3.09232e+06
    twoNec = 163096
    twoNnw = 24460.3
  twoNecnw = 65122.3
  twoNbecnw = 17320.6
  twoNgbecnw = 343574
         m = 0.0861972
        m2 = 0.0119272
        m4 = 0.0154514
        m6 = 6.29139e-07
        Tb = 12740.3
        Ta = 43970.1
        Td = 498.281
        Tf = 249.141
DiffEv reached_goal. cost=2.40461e-03 spread=2.06328e-06
Fitted parameter values
Free:
       pc1 = -1.64549
       pc2 = -0.385992
       pc3 = -1.93456
       pc4 = -1.96826
       pc5 = -1.57327
       pc6 = -0.235762
       pc7 = 1.14081
       pc8 = 1.95639
       pc9 = 0.551703
      pc10 = 0.894382
      pc11 = 1.5342
      pc12 = 0.456491
      pc13 = -0.37825
      pc14 = 0.0639285
      pc15 = -0.0546131
      pc16 = -0.0876172
Constrained:
   Tgbecnw = 107879
     Tecnw = 23820
       Tnw = 18145.2
       Tec = 45.3197
     twoNb = 989417
     twoNc = 1.68491e+06
     twoNw = 3.8046e+06
    twoNec = 164047
    twoNnw = 27607.2
  twoNecnw = 60989.9
  twoNbecnw = 9672.89
  twoNgbecnw = 390444
         m = 0.0673807
        m2 = 0.0112355
        m4 = 0.0177513
        m6 = 3.15891e-06
        Tb = 11932.7
        Ta = 43566.3
        Td = 22.6599
        Tf = 11.3299
#       SitePat  BranchLen
              b 117655.5026724
              e 44558.4503280
              c 45472.4312849
              n 43378.2732052
              w 43378.2726267
            b:e 1235.0252765
            b:c 1438.1100751
            b:n 1022.0903361
            b:w 1022.0903121
            e:c 11603.9098071
            e:n 4333.9567760
            e:w 4333.9566464
            c:n 4205.5985316
            c:w 4205.5991101
            n:w 11970.8096573
          b:e:c 1231.3699325
          b:e:n 573.6364206
          b:e:w 573.6363953
          b:c:n 577.2706764
          b:c:w 577.2707004
          b:n:w 1229.8290779
          e:c:n 4292.1729190
          e:c:w 4292.1730485
          e:n:w 5393.5750967
          c:n:w 5028.2663384
        b:e:c:n 1108.5971565
        b:e:c:w 1108.5971818
        b:e:n:w 2027.2906977
        b:c:n:w 1524.9808440
        e:c:n:w 46238.9501936
