########################################
# legofit: estimate population history #
#       version 2.3.4-4-g53f8760       #
########################################

# Program was compiled: Sep 21 2021 14:36:42
# Program was run: Wed Oct 20 09:23:21 2021

# cmd: legofit -1 -d 0 -t 32 --ptsPerDim 3 --stateOut b1boot25.state --tol 3e-6 -S 5000 abdf2.lgo ../../chrX/boot_chrX/boot25.opf
# Stage nOptItr nSimReps
#     0    5000        0
# algorithm          : deterministic
# ignoring probs <=  : 0
# Branch length floor: 0
# DE strategy        : 2
#    F               : 0.3
#    CR              : 0.8
#    tolerance       : 3e-06
# nthreads           : 32
# lgo input file     : abdf2.lgo
# site pat input file: ../../chrX/boot_chrX/boot25.opf
# free parameters    : 16
# points in DE swarm : 48
# output state file  : b1boot25.state
# Including singleton site patterns.
# cost function      : KL
Initial parameter values
Fixed:
      zero = 0
       one = 1
    Tbecnw = 75200
Free:
       pc1 = 0
       pc2 = 0
       pc3 = 0
       pc4 = 0
       pc5 = 0
       pc6 = 0
       pc7 = 0
       pc8 = 0
       pc9 = 0
      pc10 = 0
      pc11 = 0
      pc12 = 0
      pc13 = 0
      pc14 = 0
      pc15 = 0
      pc16 = 0
Constrained:
   Tgbecnw = 140147
     Tecnw = 24484
       Tnw = 19410
       Tec = 996.562
     twoNb = 989253
     twoNc = 442457
     twoNw = 3.09232e+06
    twoNec = 163096
    twoNnw = 24460.3
  twoNecnw = 65122.3
  twoNbecnw = 17320.6
  twoNgbecnw = 343574
         m = 0.0861972
        m2 = 0.0119272
        m4 = 0.0154514
        m6 = 6.29139e-07
        Tb = 12740.3
        Ta = 43970.1
        Td = 498.281
        Tf = 249.141
DiffEv reached_goal. cost=2.29047e-03 spread=2.74982e-06
Fitted parameter values
Free:
       pc1 = -3.97317
       pc2 = -0.0159208
       pc3 = -0.304123
       pc4 = -1.07273
       pc5 = -0.548966
       pc6 = 0.0383894
       pc7 = -1.40592
       pc8 = 1.86837
       pc9 = 1.16675
      pc10 = 0.131435
      pc11 = -0.20217
      pc12 = -0.00911105
      pc13 = -0.462213
      pc14 = -0.0680701
      pc15 = 0.253559
      pc16 = -0.10483
Constrained:
   Tgbecnw = 96755.7
     Tecnw = 22465.7
       Tnw = 19634.3
       Tec = 770.294
     twoNb = 1.48185e+06
     twoNc = 432252
     twoNw = 2.29218e+06
    twoNec = 150044
    twoNnw = 12856.1
  twoNecnw = 64739.2
  twoNbecnw = 6473.43
  twoNgbecnw = 416872
         m = 0.0684318
        m2 = 0.0116632
        m4 = 0.015858
        m6 = 1.38596e-06
        Tb = 11618
        Ta = 43409
        Td = 385.147
        Tf = 192.574
#       SitePat  BranchLen
              b 117763.5450095
              e 44214.6383925
              c 45061.6600135
              n 42690.7449976
              w 42690.7445647
            b:e 1237.4256951
            b:c 1393.3681953
            b:n 1008.9081139
            b:w 1008.9080954
            e:c 11694.5440376
            e:n 4306.6798136
            e:w 4306.6797143
            c:n 4194.1095656
            c:w 4194.1099985
            n:w 12226.6215358
          b:e:c 1258.9447177
          b:e:n 570.8968406
          b:e:w 570.8968210
          b:c:n 574.0090976
          b:c:w 574.0091162
          b:n:w 1258.0242114
          e:c:n 4178.8851016
          e:c:w 4178.8852010
          e:n:w 5343.9723794
          c:n:w 5036.6825985
        b:e:c:n 1111.5538385
        b:e:c:w 1111.5538582
        b:e:n:w 2061.2273717
        b:c:n:w 1584.4683718
        e:c:n:w 46940.9556907
