########################################
# legofit: estimate population history #
#       version 2.3.4-4-g53f8760       #
########################################

# Program was compiled: Sep 21 2021 14:36:42
# Program was run: Wed Oct 20 09:27:13 2021

# cmd: legofit -1 -d 0 -t 32 --ptsPerDim 3 --stateOut b1boot30.state --tol 3e-6 -S 5000 abdf2.lgo ../../chrX/boot_chrX/boot30.opf
# Stage nOptItr nSimReps
#     0    5000        0
# algorithm          : deterministic
# ignoring probs <=  : 0
# Branch length floor: 0
# DE strategy        : 2
#    F               : 0.3
#    CR              : 0.8
#    tolerance       : 3e-06
# nthreads           : 32
# lgo input file     : abdf2.lgo
# site pat input file: ../../chrX/boot_chrX/boot30.opf
# free parameters    : 16
# points in DE swarm : 48
# output state file  : b1boot30.state
# Including singleton site patterns.
# cost function      : KL
Initial parameter values
Fixed:
      zero = 0
       one = 1
    Tbecnw = 75200
Free:
       pc1 = 0
       pc2 = 0
       pc3 = 0
       pc4 = 0
       pc5 = 0
       pc6 = 0
       pc7 = 0
       pc8 = 0
       pc9 = 0
      pc10 = 0
      pc11 = 0
      pc12 = 0
      pc13 = 0
      pc14 = 0
      pc15 = 0
      pc16 = 0
Constrained:
   Tgbecnw = 140147
     Tecnw = 24484
       Tnw = 19410
       Tec = 996.562
     twoNb = 989253
     twoNc = 442457
     twoNw = 3.09232e+06
    twoNec = 163096
    twoNnw = 24460.3
  twoNecnw = 65122.3
  twoNbecnw = 17320.6
  twoNgbecnw = 343574
         m = 0.0861972
        m2 = 0.0119272
        m4 = 0.0154514
        m6 = 6.29139e-07
        Tb = 12740.3
        Ta = 43970.1
        Td = 498.281
        Tf = 249.141
DiffEv reached_goal. cost=2.37268e-03 spread=2.75271e-06
Fitted parameter values
Free:
       pc1 = -3.90831
       pc2 = 0.372622
       pc3 = -1.70512
       pc4 = 0.0353759
       pc5 = -1.19753
       pc6 = -0.899557
       pc7 = -0.996756
       pc8 = 1.93381
       pc9 = -0.49495
      pc10 = -0.580192
      pc11 = 0.555903
      pc12 = 0.0137992
      pc13 = -0.328871
      pc14 = -0.0564095
      pc15 = 0.20022
      pc16 = -0.157642
Constrained:
   Tgbecnw = 98393.8
     Tecnw = 23097.6
       Tnw = 18754
       Tec = 2969.69
     twoNb = 1.50248e+06
     twoNc = 782660
     twoNw = 3.91033e+06
    twoNec = 135584
    twoNnw = 20525.3
  twoNecnw = 61178.5
  twoNbecnw = 6922.95
  twoNgbecnw = 415060
         m = 0.066796
        m2 = 0.0111962
        m4 = 0.0155061
        m6 = 9.62355e-07
        Tb = 13033.6
        Ta = 44116.8
        Td = 1484.85
        Tf = 742.424
#       SitePat  BranchLen
              b 117412.9907814
              e 43945.7844345
              c 44776.9854676
              n 42614.6225003
              w 42614.6223366
            b:e 1182.4185521
            b:c 1333.6273033
            b:n 983.2486149
            b:w 983.2486081
            e:c 11443.8096486
            e:n 4248.5824782
            e:w 4248.5824408
            c:n 4138.1150856
            c:w 4138.1152493
            n:w 11910.1912164
          b:e:c 1202.8655272
          b:e:n 550.5342761
          b:e:w 550.5342690
          b:c:n 553.4578434
          b:c:w 553.4578502
          b:n:w 1204.3357602
          e:c:n 4223.8808278
          e:c:w 4223.8808653
          e:n:w 5273.7894375
          c:n:w 4966.1742357
        b:e:c:n 1074.0334027
        b:e:c:w 1074.0334099
        b:e:n:w 1961.4711544
        b:c:n:w 1501.7639411
        e:c:n:w 46917.8206805
