########################################
# legofit: estimate population history #
#       version 2.3.4-4-g53f8760       #
########################################

# Program was compiled: Sep 21 2021 14:36:42
# Program was run: Wed Oct 20 09:19:30 2021

# cmd: legofit -1 -d 0 -t 32 --ptsPerDim 3 --stateOut b1boot19.state --tol 3e-6 -S 5000 abdf2.lgo ../../chrX/boot_chrX/boot19.opf
# Stage nOptItr nSimReps
#     0    5000        0
# algorithm          : deterministic
# ignoring probs <=  : 0
# Branch length floor: 0
# DE strategy        : 2
#    F               : 0.3
#    CR              : 0.8
#    tolerance       : 3e-06
# nthreads           : 32
# lgo input file     : abdf2.lgo
# site pat input file: ../../chrX/boot_chrX/boot19.opf
# free parameters    : 16
# points in DE swarm : 48
# output state file  : b1boot19.state
# Including singleton site patterns.
# cost function      : KL
Initial parameter values
Fixed:
      zero = 0
       one = 1
    Tbecnw = 75200
Free:
       pc1 = 0
       pc2 = 0
       pc3 = 0
       pc4 = 0
       pc5 = 0
       pc6 = 0
       pc7 = 0
       pc8 = 0
       pc9 = 0
      pc10 = 0
      pc11 = 0
      pc12 = 0
      pc13 = 0
      pc14 = 0
      pc15 = 0
      pc16 = 0
Constrained:
   Tgbecnw = 140147
     Tecnw = 24484
       Tnw = 19410
       Tec = 996.562
     twoNb = 989253
     twoNc = 442457
     twoNw = 3.09232e+06
    twoNec = 163096
    twoNnw = 24460.3
  twoNecnw = 65122.3
  twoNbecnw = 17320.6
  twoNgbecnw = 343574
         m = 0.0861972
        m2 = 0.0119272
        m4 = 0.0154514
        m6 = 6.29139e-07
        Tb = 12740.3
        Ta = 43970.1
        Td = 498.281
        Tf = 249.141
DiffEv reached_goal. cost=2.40245e-03 spread=2.80071e-06
Fitted parameter values
Free:
       pc1 = -2.15088
       pc2 = 2.11065
       pc3 = -1.43951
       pc4 = -0.651112
       pc5 = -0.851002
       pc6 = -0.11599
       pc7 = 0.689167
       pc8 = 1.89298
       pc9 = 1.11252
      pc10 = 0.187498
      pc11 = 1.78978
      pc12 = 0.326415
      pc13 = -0.618192
      pc14 = -0.103399
      pc15 = 0.0670994
      pc16 = -0.241919
Constrained:
   Tgbecnw = 100706
     Tecnw = 23528.8
       Tnw = 18453
       Tec = 1755.89
     twoNb = 1.008e+06
     twoNc = 2.26712e+06
     twoNw = 2.61704e+06
    twoNec = 143965
    twoNnw = 22667
  twoNecnw = 62937.1
  twoNbecnw = 8858.34
  twoNgbecnw = 251264
         m = 0.109604
        m2 = 0.0113607
        m4 = 0.0165838
        m6 = 2.49058e-06
        Tb = 12642.3
        Ta = 43921.2
        Td = 877.944
        Tf = 438.972
#       SitePat  BranchLen
              b 118331.1375230
              e 44715.5992608
              c 45556.7255662
              n 43165.9732757
              w 43165.9726285
            b:e 1254.3759472
            b:c 1461.1382790
            b:n 1010.0410284
            b:w 1010.0410015
            e:c 11886.9559500
            e:n 4268.7499816
            e:w 4268.7498359
            c:n 4150.7082827
            c:w 4150.7089299
            n:w 12514.7652648
          b:e:c 1264.5065669
          b:e:n 562.4599517
          b:e:w 562.4599233
          b:c:n 565.2225735
          b:c:w 565.2226004
          b:n:w 1263.3439725
          e:c:n 4258.3202668
          e:c:w 4258.3204125
          e:n:w 5468.5337395
          c:n:w 5109.5936281
        b:e:c:n 1098.3757723
        b:e:c:w 1098.3758006
        b:e:n:w 1988.0872157
        b:c:n:w 1529.6958070
        e:c:n:w 46610.6136465
