########################################
# legofit: estimate population history #
#       version 2.3.4-4-g53f8760       #
########################################

# Program was compiled: Sep 21 2021 14:36:42
# Program was run: Wed Oct 20 09:27:09 2021

# cmd: legofit -1 -d 0 -t 32 --ptsPerDim 3 --stateOut b1boot29.state --tol 3e-6 -S 5000 abdf2.lgo ../../chrX/boot_chrX/boot29.opf
# Stage nOptItr nSimReps
#     0    5000        0
# algorithm          : deterministic
# ignoring probs <=  : 0
# Branch length floor: 0
# DE strategy        : 2
#    F               : 0.3
#    CR              : 0.8
#    tolerance       : 3e-06
# nthreads           : 32
# lgo input file     : abdf2.lgo
# site pat input file: ../../chrX/boot_chrX/boot29.opf
# free parameters    : 16
# points in DE swarm : 48
# output state file  : b1boot29.state
# Including singleton site patterns.
# cost function      : KL
Initial parameter values
Fixed:
      zero = 0
       one = 1
    Tbecnw = 75200
Free:
       pc1 = 0
       pc2 = 0
       pc3 = 0
       pc4 = 0
       pc5 = 0
       pc6 = 0
       pc7 = 0
       pc8 = 0
       pc9 = 0
      pc10 = 0
      pc11 = 0
      pc12 = 0
      pc13 = 0
      pc14 = 0
      pc15 = 0
      pc16 = 0
Constrained:
   Tgbecnw = 140147
     Tecnw = 24484
       Tnw = 19410
       Tec = 996.562
     twoNb = 989253
     twoNc = 442457
     twoNw = 3.09232e+06
    twoNec = 163096
    twoNnw = 24460.3
  twoNecnw = 65122.3
  twoNbecnw = 17320.6
  twoNgbecnw = 343574
         m = 0.0861972
        m2 = 0.0119272
        m4 = 0.0154514
        m6 = 6.29139e-07
        Tb = 12740.3
        Ta = 43970.1
        Td = 498.281
        Tf = 249.141
DiffEv reached_goal. cost=2.39796e-03 spread=2.46773e-06
Fitted parameter values
Free:
       pc1 = -0.883316
       pc2 = -0.805911
       pc3 = -1.61889
       pc4 = -1.83474
       pc5 = -1.01409
       pc6 = -0.660244
       pc7 = 0.293929
       pc8 = 1.94178
       pc9 = 0.366593
      pc10 = -0.000197524
      pc11 = 1.86515
      pc12 = 0.350125
      pc13 = -0.348587
      pc14 = 0.119259
      pc15 = -0.0701531
      pc16 = -0.0515757
Constrained:
   Tgbecnw = 113729
     Tecnw = 24190.4
       Tnw = 18277.2
       Tec = 45.12
     twoNb = 1.20829e+06
     twoNc = 1.03934e+06
     twoNw = 2.18543e+06
    twoNec = 169155
    twoNnw = 29354.1
  twoNecnw = 60385.1
  twoNbecnw = 11312.6
  twoNgbecnw = 364459
         m = 0.0738686
        m2 = 0.0112739
        m4 = 0.0163196
        m6 = 2.93272e-06
        Tb = 12117.8
        Ta = 43658.9
        Td = 22.56
        Tf = 11.28
#       SitePat  BranchLen
              b 119247.8203583
              e 44861.7074910
              c 45732.2421716
              n 43712.3037067
              w 43712.3027591
            b:e 1216.7510858
            b:c 1394.3465497
            b:n 1011.6968427
            b:w 1011.6968041
            e:c 11552.7683864
            e:n 4359.2626574
            e:w 4359.2624453
            c:n 4240.6515275
            c:w 4240.6524751
            n:w 11872.5770953
          b:e:c 1200.8783880
          b:e:n 567.1488491
          b:e:w 567.1488087
          b:c:n 569.7773913
          b:c:w 569.7774299
          b:n:w 1203.7370950
          e:c:n 4329.7162807
          e:c:w 4329.7164928
          e:n:w 5395.6562488
          c:n:w 5056.5055903
        b:e:c:n 1087.9146917
        b:e:c:w 1087.9147321
        b:e:n:w 1985.9142770
        b:c:n:w 1508.8986427
        e:c:n:w 47329.6612503
