########################################
# legofit: estimate population history #
#       version 2.3.4-4-g53f8760       #
########################################

# Program was compiled: Sep 21 2021 14:36:42
# Program was run: Wed Oct 20 09:23:00 2021

# cmd: legofit -1 -d 0 -t 32 --ptsPerDim 3 --stateOut b1boot23.state --tol 3e-6 -S 5000 abdf2.lgo ../../chrX/boot_chrX/boot23.opf
# Stage nOptItr nSimReps
#     0    5000        0
# algorithm          : deterministic
# ignoring probs <=  : 0
# Branch length floor: 0
# DE strategy        : 2
#    F               : 0.3
#    CR              : 0.8
#    tolerance       : 3e-06
# nthreads           : 32
# lgo input file     : abdf2.lgo
# site pat input file: ../../chrX/boot_chrX/boot23.opf
# free parameters    : 16
# points in DE swarm : 48
# output state file  : b1boot23.state
# Including singleton site patterns.
# cost function      : KL
Initial parameter values
Fixed:
      zero = 0
       one = 1
    Tbecnw = 75200
Free:
       pc1 = 0
       pc2 = 0
       pc3 = 0
       pc4 = 0
       pc5 = 0
       pc6 = 0
       pc7 = 0
       pc8 = 0
       pc9 = 0
      pc10 = 0
      pc11 = 0
      pc12 = 0
      pc13 = 0
      pc14 = 0
      pc15 = 0
      pc16 = 0
Constrained:
   Tgbecnw = 140147
     Tecnw = 24484
       Tnw = 19410
       Tec = 996.562
     twoNb = 989253
     twoNc = 442457
     twoNw = 3.09232e+06
    twoNec = 163096
    twoNnw = 24460.3
  twoNecnw = 65122.3
  twoNbecnw = 17320.6
  twoNgbecnw = 343574
         m = 0.0861972
        m2 = 0.0119272
        m4 = 0.0154514
        m6 = 6.29139e-07
        Tb = 12740.3
        Ta = 43970.1
        Td = 498.281
        Tf = 249.141
DiffEv reached_goal. cost=2.31283e-03 spread=2.67790e-06
Fitted parameter values
Free:
       pc1 = -3.08228
       pc2 = -0.359816
       pc3 = -1.93644
       pc4 = -1.68606
       pc5 = -1.21321
       pc6 = -0.281308
       pc7 = 1.90921
       pc8 = 1.94356
       pc9 = 0.492896
      pc10 = 0.757264
      pc11 = -0.410368
      pc12 = 0.122517
      pc13 = -0.210773
      pc14 = -0.108923
      pc15 = 0.0856461
      pc16 = -0.0761542
Constrained:
   Tgbecnw = 102188
     Tecnw = 23080.5
       Tnw = 17647.9
       Tec = 28.3742
     twoNb = 1.00014e+06
     twoNc = 1.69914e+06
     twoNw = 7.38598e+06
    twoNec = 159038
    twoNnw = 26425
  twoNecnw = 63236.7
  twoNbecnw = 7792.64
  twoNgbecnw = 459112
         m = 0.0582606
        m2 = 0.0102244
        m4 = 0.017534
        m6 = 1.99845e-06
        Tb = 11554.4
        Ta = 43377.2
        Td = 14.1871
        Tf = 7.09355
#       SitePat  BranchLen
              b 116895.1591270
              e 44261.2948314
              c 45161.6526784
              n 43085.5132136
              w 43085.5130300
            b:e 1239.3829206
            b:c 1433.1158366
            b:n 1037.9486069
            b:w 1037.9485991
            e:c 11667.0703784
            e:n 4359.3391125
            e:w 4359.3390714
            c:n 4232.5217646
            c:w 4232.5219481
            n:w 12065.9766658
          b:e:c 1256.3117474
          b:e:n 584.8943701
          b:e:w 584.8943619
          b:c:n 588.9880533
          b:c:w 588.9880610
          b:n:w 1252.0522814
          e:c:n 4267.1624967
          e:c:w 4267.1625379
          e:n:w 5323.5410999
          c:n:w 4977.4599415
        b:e:c:n 1137.8373598
        b:e:c:w 1137.8373681
        b:e:n:w 2035.3952966
        b:c:n:w 1532.8327245
        e:c:n:w 45862.1238484
