########################################
# legofit: estimate population history #
#       version 2.3.4-4-g53f8760       #
########################################

# Program was compiled: Sep 21 2021 14:36:42
# Program was run: Wed Oct 20 09:31:34 2021

# cmd: legofit -1 -d 0 -t 32 --ptsPerDim 3 --stateOut b1boot37.state --tol 3e-6 -S 5000 abdf2.lgo ../../chrX/boot_chrX/boot37.opf
# Stage nOptItr nSimReps
#     0    5000        0
# algorithm          : deterministic
# ignoring probs <=  : 0
# Branch length floor: 0
# DE strategy        : 2
#    F               : 0.3
#    CR              : 0.8
#    tolerance       : 3e-06
# nthreads           : 32
# lgo input file     : abdf2.lgo
# site pat input file: ../../chrX/boot_chrX/boot37.opf
# free parameters    : 16
# points in DE swarm : 48
# output state file  : b1boot37.state
# Including singleton site patterns.
# cost function      : KL
Initial parameter values
Fixed:
      zero = 0
       one = 1
    Tbecnw = 75200
Free:
       pc1 = 0
       pc2 = 0
       pc3 = 0
       pc4 = 0
       pc5 = 0
       pc6 = 0
       pc7 = 0
       pc8 = 0
       pc9 = 0
      pc10 = 0
      pc11 = 0
      pc12 = 0
      pc13 = 0
      pc14 = 0
      pc15 = 0
      pc16 = 0
Constrained:
   Tgbecnw = 140147
     Tecnw = 24484
       Tnw = 19410
       Tec = 996.562
     twoNb = 989253
     twoNc = 442457
     twoNw = 3.09232e+06
    twoNec = 163096
    twoNnw = 24460.3
  twoNecnw = 65122.3
  twoNbecnw = 17320.6
  twoNgbecnw = 343574
         m = 0.0861972
        m2 = 0.0119272
        m4 = 0.0154514
        m6 = 6.29139e-07
        Tb = 12740.3
        Ta = 43970.1
        Td = 498.281
        Tf = 249.141
DiffEv reached_goal. cost=2.20138e-03 spread=2.50351e-06
Fitted parameter values
Free:
       pc1 = -3.99091
       pc2 = 0.220329
       pc3 = -1.79349
       pc4 = -0.912202
       pc5 = -1.0591
       pc6 = -0.701497
       pc7 = 0.390425
       pc8 = 1.93428
       pc9 = 0.549678
      pc10 = 0.0699808
      pc11 = 1.03044
      pc12 = 0.0332927
      pc13 = -0.581412
      pc14 = 0.159014
      pc15 = 0.241661
      pc16 = -0.103935
Constrained:
   Tgbecnw = 92174.3
     Tecnw = 22876.8
       Tnw = 18727.9
       Tec = 1460.27
     twoNb = 1.24118e+06
     twoNc = 1.65428e+06
     twoNw = 4.38841e+06
    twoNec = 150490
    twoNnw = 20619.6
  twoNecnw = 61211
  twoNbecnw = 5409.03
  twoNgbecnw = 381426
         m = 0.069439
        m2 = 0.010725
        m4 = 0.0163971
        m6 = 1.59098e-06
        Tb = 12168.5
        Ta = 43684.3
        Td = 730.135
        Tf = 365.068
#       SitePat  BranchLen
              b 115824.9031230
              e 43760.9571633
              c 44606.4961485
              n 42635.4434981
              w 42635.4432502
            b:e 1236.8591726
            b:c 1410.4886491
            b:n 1035.9977505
            b:w 1035.9977397
            e:c 11317.7659978
            e:n 4332.7268191
            e:w 4332.7267620
            c:n 4214.6517606
            c:w 4214.6520085
            n:w 11656.2177000
          b:e:c 1244.8754763
          b:e:n 587.3031243
          b:e:w 587.3031129
          b:c:n 591.0780998
          b:c:w 591.0781106
          b:n:w 1240.9977931
          e:c:n 4265.3894108
          e:c:w 4265.3894679
          e:n:w 5301.0023606
          c:n:w 4971.8196718
        b:e:c:n 1139.6817139
        b:e:c:w 1139.6817253
        b:e:n:w 2000.7386655
        b:c:n:w 1539.3526558
        e:c:n:w 45693.9360614
