########################################
# legofit: estimate population history #
#       version 2.3.4-4-g53f8760       #
########################################

# Program was compiled: Sep 21 2021 14:36:42
# Program was run: Wed Oct 20 09:07:39 2021

# cmd: legofit -1 -d 0 -t 32 --ptsPerDim 3 --stateOut b1boot0.state --tol 3e-6 -S 5000 abdf2.lgo ../../chrX/boot_chrX/boot0.opf
# Stage nOptItr nSimReps
#     0    5000        0
# algorithm          : deterministic
# ignoring probs <=  : 0
# Branch length floor: 0
# DE strategy        : 2
#    F               : 0.3
#    CR              : 0.8
#    tolerance       : 3e-06
# nthreads           : 32
# lgo input file     : abdf2.lgo
# site pat input file: ../../chrX/boot_chrX/boot0.opf
# free parameters    : 16
# points in DE swarm : 48
# output state file  : b1boot0.state
# Including singleton site patterns.
# cost function      : KL
Initial parameter values
Fixed:
      zero = 0
       one = 1
    Tbecnw = 75200
Free:
       pc1 = 0
       pc2 = 0
       pc3 = 0
       pc4 = 0
       pc5 = 0
       pc6 = 0
       pc7 = 0
       pc8 = 0
       pc9 = 0
      pc10 = 0
      pc11 = 0
      pc12 = 0
      pc13 = 0
      pc14 = 0
      pc15 = 0
      pc16 = 0
Constrained:
   Tgbecnw = 140147
     Tecnw = 24484
       Tnw = 19410
       Tec = 996.562
     twoNb = 989253
     twoNc = 442457
     twoNw = 3.09232e+06
    twoNec = 163096
    twoNnw = 24460.3
  twoNecnw = 65122.3
  twoNbecnw = 17320.6
  twoNgbecnw = 343574
         m = 0.0861972
        m2 = 0.0119272
        m4 = 0.0154514
        m6 = 6.29139e-07
        Tb = 12740.3
        Ta = 43970.1
        Td = 498.281
        Tf = 249.141
DiffEv reached_goal. cost=2.26130e-03 spread=2.57812e-06
Fitted parameter values
Free:
       pc1 = -3.77187
       pc2 = -0.109332
       pc3 = -0.868861
       pc4 = 0.102607
       pc5 = -1.89473
       pc6 = -0.404663
       pc7 = 1.1682
       pc8 = 1.7411
       pc9 = 1.61428
      pc10 = 0.753408
      pc11 = 0.514432
      pc12 = 0.0974005
      pc13 = -0.447432
      pc14 = 0.0470392
      pc15 = 0.0231353
      pc16 = -0.0976517
Constrained:
   Tgbecnw = 102590
     Tecnw = 22867.6
       Tnw = 19917.3
       Tec = 1011.52
     twoNb = 1.20089e+06
     twoNc = 2.66702e+06
     twoNw = 6.90087e+06
    twoNec = 153518
    twoNnw = 13492
  twoNecnw = 62905
  twoNbecnw = 8145.49
  twoNgbecnw = 414067
         m = 0.0641593
        m2 = 0.0116581
        m4 = 0.0164253
        m6 = 1.85026e-06
        Tb = 11939.5
        Ta = 43569.8
        Td = 505.761
        Tf = 252.88
#       SitePat  BranchLen
              b 117058.4274713
              e 44346.9076235
              c 45202.2402791
              n 42815.6060963
              w 42815.6059018
            b:e 1257.6273074
            b:c 1429.6680592
            b:n 1021.4342754
            b:w 1021.4342669
            e:c 11591.5470194
            e:n 4328.0778166
            e:w 4328.0777715
            c:n 4210.4092815
            c:w 4210.4094761
            n:w 12140.3154401
          b:e:c 1264.7429756
          b:e:n 577.5877843
          b:e:w 577.5877754
          b:c:n 580.9508005
          b:c:w 580.9508089
          b:n:w 1262.0862503
          e:c:n 4233.7581988
          e:c:w 4233.7582439
          e:n:w 5437.9868966
          c:n:w 5109.3624660
        b:e:c:n 1116.3129992
        b:e:c:w 1116.3130082
        b:e:n:w 2046.5354231
        b:c:n:w 1576.3971626
        e:c:n:w 46031.2356316
