########################################
# legofit: estimate population history #
#       version 2.3.4-4-g53f8760       #
########################################

# Program was compiled: Sep 21 2021 14:36:42
# Program was run: Wed Oct 20 09:26:19 2021

# cmd: legofit -1 -d 0 -t 32 --ptsPerDim 3 --stateOut b1boot28.state --tol 3e-6 -S 5000 abdf2.lgo ../../chrX/boot_chrX/boot28.opf
# Stage nOptItr nSimReps
#     0    5000        0
# algorithm          : deterministic
# ignoring probs <=  : 0
# Branch length floor: 0
# DE strategy        : 2
#    F               : 0.3
#    CR              : 0.8
#    tolerance       : 3e-06
# nthreads           : 32
# lgo input file     : abdf2.lgo
# site pat input file: ../../chrX/boot_chrX/boot28.opf
# free parameters    : 16
# points in DE swarm : 48
# output state file  : b1boot28.state
# Including singleton site patterns.
# cost function      : KL
Initial parameter values
Fixed:
      zero = 0
       one = 1
    Tbecnw = 75200
Free:
       pc1 = 0
       pc2 = 0
       pc3 = 0
       pc4 = 0
       pc5 = 0
       pc6 = 0
       pc7 = 0
       pc8 = 0
       pc9 = 0
      pc10 = 0
      pc11 = 0
      pc12 = 0
      pc13 = 0
      pc14 = 0
      pc15 = 0
      pc16 = 0
Constrained:
   Tgbecnw = 140147
     Tecnw = 24484
       Tnw = 19410
       Tec = 996.562
     twoNb = 989253
     twoNc = 442457
     twoNw = 3.09232e+06
    twoNec = 163096
    twoNnw = 24460.3
  twoNecnw = 65122.3
  twoNbecnw = 17320.6
  twoNgbecnw = 343574
         m = 0.0861972
        m2 = 0.0119272
        m4 = 0.0154514
        m6 = 6.29139e-07
        Tb = 12740.3
        Ta = 43970.1
        Td = 498.281
        Tf = 249.141
DiffEv reached_goal. cost=2.28770e-03 spread=2.93199e-06
Fitted parameter values
Free:
       pc1 = -3.9917
       pc2 = -0.688733
       pc3 = -1.47645
       pc4 = -0.774151
       pc5 = -1.01175
       pc6 = -0.622776
       pc7 = 1.49973
       pc8 = 1.60424
       pc9 = 1.60387
      pc10 = 0.0566336
      pc11 = 0.78922
      pc12 = 0.0900253
      pc13 = -0.444322
      pc14 = 0.110602
      pc15 = 0.198893
      pc16 = -0.142512
Constrained:
   Tgbecnw = 94851.5
     Tecnw = 22905.7
       Tnw = 19189.6
       Tec = 142.392
     twoNb = 1.13185e+06
     twoNc = 2.44124e+06
     twoNw = 5.96228e+06
    twoNec = 163482
    twoNnw = 17194.3
  twoNecnw = 61882.1
  twoNbecnw = 5931.69
  twoNgbecnw = 421362
         m = 0.0641635
        m2 = 0.0104629
        m4 = 0.015689
        m6 = 1.54567e-06
        Tb = 11524
        Ta = 43362
        Td = 71.1959
        Tf = 35.5979
#       SitePat  BranchLen
              b 116192.3818128
              e 43949.0213811
              c 44758.2909953
              n 42467.4431060
              w 42467.4429225
            b:e 1211.1684277
            b:c 1378.3653789
            b:n 987.9751473
            b:w 987.9751396
            e:c 11381.4689456
            e:n 4272.0364686
            e:w 4272.0364268
            c:n 4160.6545084
            c:w 4160.6546920
            n:w 11926.2461805
          b:e:c 1218.9263318
          b:e:n 562.0968342
          b:e:w 562.0968260
          b:c:n 565.6207921
          b:c:w 565.6207998
          b:n:w 1213.8039670
          e:c:n 4156.6194237
          e:c:w 4156.6194655
          e:n:w 5316.7227928
          c:n:w 5005.0491002
        b:e:c:n 1086.1318399
        b:e:c:w 1086.1318481
        b:e:n:w 1959.7540650
        b:c:n:w 1510.6768939
        e:c:n:w 45897.8951270
