########################################
# legofit: estimate population history #
#       version 2.3.4-4-g53f8760       #
########################################

# Program was compiled: Sep 21 2021 14:36:42
# Program was run: Wed Oct 20 09:22:53 2021

# cmd: legofit -1 -d 0 -t 32 --ptsPerDim 3 --stateOut b1boot22.state --tol 3e-6 -S 5000 abdf2.lgo ../../chrX/boot_chrX/boot22.opf
# Stage nOptItr nSimReps
#     0    5000        0
# algorithm          : deterministic
# ignoring probs <=  : 0
# Branch length floor: 0
# DE strategy        : 2
#    F               : 0.3
#    CR              : 0.8
#    tolerance       : 3e-06
# nthreads           : 32
# lgo input file     : abdf2.lgo
# site pat input file: ../../chrX/boot_chrX/boot22.opf
# free parameters    : 16
# points in DE swarm : 48
# output state file  : b1boot22.state
# Including singleton site patterns.
# cost function      : KL
Initial parameter values
Fixed:
      zero = 0
       one = 1
    Tbecnw = 75200
Free:
       pc1 = 0
       pc2 = 0
       pc3 = 0
       pc4 = 0
       pc5 = 0
       pc6 = 0
       pc7 = 0
       pc8 = 0
       pc9 = 0
      pc10 = 0
      pc11 = 0
      pc12 = 0
      pc13 = 0
      pc14 = 0
      pc15 = 0
      pc16 = 0
Constrained:
   Tgbecnw = 140147
     Tecnw = 24484
       Tnw = 19410
       Tec = 996.562
     twoNb = 989253
     twoNc = 442457
     twoNw = 3.09232e+06
    twoNec = 163096
    twoNnw = 24460.3
  twoNecnw = 65122.3
  twoNbecnw = 17320.6
  twoNgbecnw = 343574
         m = 0.0861972
        m2 = 0.0119272
        m4 = 0.0154514
        m6 = 6.29139e-07
        Tb = 12740.3
        Ta = 43970.1
        Td = 498.281
        Tf = 249.141
DiffEv reached_goal. cost=2.35128e-03 spread=2.33604e-06
Fitted parameter values
Free:
       pc1 = -0.982738
       pc2 = 1.79939
       pc3 = -0.478499
       pc4 = -1.66808
       pc5 = -0.400925
       pc6 = 0.416353
       pc7 = 1.86156
       pc8 = 1.81598
       pc9 = 1.81231
      pc10 = 0.188954
      pc11 = 1.98991
      pc12 = 0.34748
      pc13 = -0.312472
      pc14 = -0.042798
      pc15 = -0.00942607
      pc16 = -0.111687
Constrained:
   Tgbecnw = 106467
     Tecnw = 23923.2
       Tnw = 18889
       Tec = 223.425
     twoNb = 808836
     twoNc = 2.34187e+06
     twoNw = 2.682e+06
    twoNec = 164309
    twoNnw = 23397
  twoNecnw = 64529.4
  twoNbecnw = 11050.8
  twoNgbecnw = 223814
         m = 0.12396
        m2 = 0.0105175
        m4 = 0.0167753
        m6 = 3.39304e-06
        Tb = 12073.3
        Ta = 43636.7
        Td = 111.713
        Tf = 55.8563
#       SitePat  BranchLen
              b 119993.6315967
              e 45552.1289385
              c 46388.0638577
              n 44136.8833538
              w 44136.8824287
            b:e 1304.5328797
            b:c 1542.7594983
            b:n 1052.7991809
            b:w 1052.7991418
            e:c 11949.1138450
            e:n 4409.3472480
            e:w 4409.3470403
            c:n 4287.4645012
            c:w 4287.4654263
            n:w 12484.9643303
          b:e:c 1288.7945610
          b:e:n 590.7030812
          b:e:w 590.7030402
          b:c:n 593.4455083
          b:c:w 593.4455474
          b:n:w 1285.8314289
          e:c:n 4339.6769342
          e:c:w 4339.6771419
          e:n:w 5559.8575652
          c:n:w 5183.1452905
        b:e:c:n 1139.8938186
        b:e:c:w 1139.8938597
        b:e:n:w 2008.8279497
        b:c:n:w 1549.6578716
        e:c:n:w 47105.2214430
