########################################
# legofit: estimate population history #
#       version 2.3.4-4-g53f8760       #
########################################

# Program was compiled: Sep 21 2021 14:36:42
# Program was run: Wed Oct 20 09:12:35 2021

# cmd: legofit -1 -d 0 -t 32 --ptsPerDim 3 --stateOut b1boot10.state --tol 3e-6 -S 5000 abdf2.lgo ../../chrX/boot_chrX/boot10.opf
# Stage nOptItr nSimReps
#     0    5000        0
# algorithm          : deterministic
# ignoring probs <=  : 0
# Branch length floor: 0
# DE strategy        : 2
#    F               : 0.3
#    CR              : 0.8
#    tolerance       : 3e-06
# nthreads           : 32
# lgo input file     : abdf2.lgo
# site pat input file: ../../chrX/boot_chrX/boot10.opf
# free parameters    : 16
# points in DE swarm : 48
# output state file  : b1boot10.state
# Including singleton site patterns.
# cost function      : KL
Initial parameter values
Fixed:
      zero = 0
       one = 1
    Tbecnw = 75200
Free:
       pc1 = 0
       pc2 = 0
       pc3 = 0
       pc4 = 0
       pc5 = 0
       pc6 = 0
       pc7 = 0
       pc8 = 0
       pc9 = 0
      pc10 = 0
      pc11 = 0
      pc12 = 0
      pc13 = 0
      pc14 = 0
      pc15 = 0
      pc16 = 0
Constrained:
   Tgbecnw = 140147
     Tecnw = 24484
       Tnw = 19410
       Tec = 996.562
     twoNb = 989253
     twoNc = 442457
     twoNw = 3.09232e+06
    twoNec = 163096
    twoNnw = 24460.3
  twoNecnw = 65122.3
  twoNbecnw = 17320.6
  twoNgbecnw = 343574
         m = 0.0861972
        m2 = 0.0119272
        m4 = 0.0154514
        m6 = 6.29139e-07
        Tb = 12740.3
        Ta = 43970.1
        Td = 498.281
        Tf = 249.141
DiffEv reached_goal. cost=2.19987e-03 spread=2.21787e-06
Fitted parameter values
Free:
       pc1 = -3.06269
       pc2 = 0.20775
       pc3 = -1.85485
       pc4 = -1.60943
       pc5 = -1.25196
       pc6 = -0.612921
       pc7 = 1.16887
       pc8 = 1.91481
       pc9 = 1.82384
      pc10 = -0.273517
      pc11 = 1.60106
      pc12 = 0.360543
      pc13 = -0.840513
      pc14 = 0.0506151
      pc15 = 0.0715751
      pc16 = -0.0764996
Constrained:
   Tgbecnw = 95666.9
     Tecnw = 23125.1
       Tnw = 18536.3
       Tec = 17.0022
     twoNb = 1.17116e+06
     twoNc = 2.66813e+06
     twoNw = 2.95159e+06
    twoNec = 158912
    twoNnw = 22574.8
  twoNecnw = 61452.8
  twoNbecnw = 6659.23
  twoNgbecnw = 348204
         m = 0.0761092
        m2 = 0.0102844
        m4 = 0.0160927
        m6 = 2.57754e-06
        Tb = 11571
        Ta = 43385.5
        Td = 8.5011
        Tf = 4.25055
#       SitePat  BranchLen
              b 116628.1008400
              e 43888.4646055
              c 44716.2594518
              n 42908.6889465
              w 42908.6883355
            b:e 1258.8426158
            b:c 1437.8462218
            b:n 1057.5768730
            b:w 1057.5768463
            e:c 11612.7790207
            e:n 4341.0701503
            e:w 4341.0700106
            c:n 4224.8495615
            c:w 4224.8501725
            n:w 11826.7542553
          b:e:c 1273.7302652
          b:e:n 595.3430185
          b:e:w 595.3429902
          b:c:n 598.9077667
          b:c:w 598.9077934
          b:n:w 1270.2196753
          e:c:n 4316.3467334
          e:c:w 4316.3468730
          e:n:w 5343.7206177
          c:n:w 5013.3541932
        b:e:c:n 1158.8590374
        b:e:c:w 1158.8590657
        b:e:n:w 1996.2054757
        b:c:n:w 1545.0842346
        e:c:n:w 46034.4223814
