########################################
# legofit: estimate population history #
#       version 2.3.4-4-g53f8760       #
########################################

# Program was compiled: Sep 21 2021 14:36:42
# Program was run: Wed Oct 20 09:36:46 2021

# cmd: legofit -1 -d 0 -t 32 --ptsPerDim 3 --stateOut b1boot44.state --tol 3e-6 -S 5000 abdf2.lgo ../../chrX/boot_chrX/boot44.opf
# Stage nOptItr nSimReps
#     0    5000        0
# algorithm          : deterministic
# ignoring probs <=  : 0
# Branch length floor: 0
# DE strategy        : 2
#    F               : 0.3
#    CR              : 0.8
#    tolerance       : 3e-06
# nthreads           : 32
# lgo input file     : abdf2.lgo
# site pat input file: ../../chrX/boot_chrX/boot44.opf
# free parameters    : 16
# points in DE swarm : 48
# output state file  : b1boot44.state
# Including singleton site patterns.
# cost function      : KL
Initial parameter values
Fixed:
      zero = 0
       one = 1
    Tbecnw = 75200
Free:
       pc1 = 0
       pc2 = 0
       pc3 = 0
       pc4 = 0
       pc5 = 0
       pc6 = 0
       pc7 = 0
       pc8 = 0
       pc9 = 0
      pc10 = 0
      pc11 = 0
      pc12 = 0
      pc13 = 0
      pc14 = 0
      pc15 = 0
      pc16 = 0
Constrained:
   Tgbecnw = 140147
     Tecnw = 24484
       Tnw = 19410
       Tec = 996.562
     twoNb = 989253
     twoNc = 442457
     twoNw = 3.09232e+06
    twoNec = 163096
    twoNnw = 24460.3
  twoNecnw = 65122.3
  twoNbecnw = 17320.6
  twoNgbecnw = 343574
         m = 0.0861972
        m2 = 0.0119272
        m4 = 0.0154514
        m6 = 6.29139e-07
        Tb = 12740.3
        Ta = 43970.1
        Td = 498.281
        Tf = 249.141
DiffEv reached_goal. cost=2.27721e-03 spread=2.76202e-06
Fitted parameter values
Free:
       pc1 = -3.48855
       pc2 = -1.41975
       pc3 = -0.238978
       pc4 = -0.512747
       pc5 = -0.331293
       pc6 = -1.45672
       pc7 = 0.00704686
       pc8 = 1.91151
       pc9 = 0.252755
      pc10 = 0.528542
      pc11 = -0.18192
      pc12 = 0.005925
      pc13 = -0.159906
      pc14 = 0.0254649
      pc15 = 0.253505
      pc16 = -0.119583
Constrained:
   Tgbecnw = 102536
     Tecnw = 23207.9
       Tnw = 19599.7
       Tec = 95.3828
     twoNb = 1.5637e+06
     twoNc = 439448
     twoNw = 7.16821e+06
    twoNec = 164834
    twoNnw = 16865.3
  twoNecnw = 62401.3
  twoNbecnw = 8038.44
  twoNgbecnw = 431539
         m = 0.0637488
        m2 = 0.0115184
        m4 = 0.0160729
        m6 = 6.07491e-07
        Tb = 11651.6
        Ta = 43425.8
        Td = 47.6914
        Tf = 23.8457
#       SitePat  BranchLen
              b 117986.7230965
              e 44492.7078940
              c 45354.9004936
              n 43034.0876450
              w 43034.0875830
            b:e 1249.1092807
            b:c 1405.4760866
            b:n 1024.0184801
            b:w 1024.0184774
            e:c 11527.6162344
            e:n 4328.8482553
            e:w 4328.8482411
            c:n 4214.1833289
            c:w 4214.1833909
            n:w 12012.3341939
          b:e:c 1254.0910537
          b:e:n 580.7743972
          b:e:w 580.7743944
          b:c:n 583.8022351
          b:c:w 583.8022377
          b:n:w 1253.6425825
          e:c:n 4224.7768933
          e:c:w 4224.7769075
          e:n:w 5388.3656415
          c:n:w 5071.8833466
        b:e:c:n 1118.7075886
        b:e:c:w 1118.7075914
        b:e:n:w 2061.4829103
        b:c:n:w 1582.6798321
        e:c:n:w 46928.2230652
