########################################
# legofit: estimate population history #
#       version 2.3.4-4-g53f8760       #
########################################

# Program was compiled: Sep 21 2021 14:36:42
# Program was run: Wed Oct 20 09:34:56 2021

# cmd: legofit -1 -d 0 -t 32 --ptsPerDim 3 --stateOut b1boot40.state --tol 3e-6 -S 5000 abdf2.lgo ../../chrX/boot_chrX/boot40.opf
# Stage nOptItr nSimReps
#     0    5000        0
# algorithm          : deterministic
# ignoring probs <=  : 0
# Branch length floor: 0
# DE strategy        : 2
#    F               : 0.3
#    CR              : 0.8
#    tolerance       : 3e-06
# nthreads           : 32
# lgo input file     : abdf2.lgo
# site pat input file: ../../chrX/boot_chrX/boot40.opf
# free parameters    : 16
# points in DE swarm : 48
# output state file  : b1boot40.state
# Including singleton site patterns.
# cost function      : KL
Initial parameter values
Fixed:
      zero = 0
       one = 1
    Tbecnw = 75200
Free:
       pc1 = 0
       pc2 = 0
       pc3 = 0
       pc4 = 0
       pc5 = 0
       pc6 = 0
       pc7 = 0
       pc8 = 0
       pc9 = 0
      pc10 = 0
      pc11 = 0
      pc12 = 0
      pc13 = 0
      pc14 = 0
      pc15 = 0
      pc16 = 0
Constrained:
   Tgbecnw = 140147
     Tecnw = 24484
       Tnw = 19410
       Tec = 996.562
     twoNb = 989253
     twoNc = 442457
     twoNw = 3.09232e+06
    twoNec = 163096
    twoNnw = 24460.3
  twoNecnw = 65122.3
  twoNbecnw = 17320.6
  twoNgbecnw = 343574
         m = 0.0861972
        m2 = 0.0119272
        m4 = 0.0154514
        m6 = 6.29139e-07
        Tb = 12740.3
        Ta = 43970.1
        Td = 498.281
        Tf = 249.141
DiffEv reached_goal. cost=2.22685e-03 spread=2.78091e-06
Fitted parameter values
Free:
       pc1 = -3.64874
       pc2 = -1.55054
       pc3 = -0.400132
       pc4 = -0.573471
       pc5 = -0.874558
       pc6 = -1.68889
       pc7 = 0.776065
       pc8 = 1.99263
       pc9 = 1.91751
      pc10 = -1.57468
      pc11 = 1.58335
      pc12 = 0.0149061
      pc13 = -0.356888
      pc14 = 0.374947
      pc15 = 0.199511
      pc16 = -0.186225
Constrained:
   Tgbecnw = 97655.1
     Tecnw = 23327.3
       Tnw = 20216.9
       Tec = 68.1913
     twoNb = 1.67738e+06
     twoNc = 2.19971e+06
     twoNw = 4.7907e+06
    twoNec = 175315
    twoNnw = 13843.5
  twoNecnw = 60634.2
  twoNbecnw = 7006.39
  twoNgbecnw = 384015
         m = 0.0697333
        m2 = 0.00983087
        m4 = 0.013546
        m6 = 1.65626e-06
        Tb = 11697.7
        Ta = 43448.9
        Td = 34.0957
        Tf = 17.0478
#       SitePat  BranchLen
              b 117118.5315873
              e 44326.8096066
              c 45045.7164259
              n 42540.3492457
              w 42540.3489906
            b:e 1252.8077030
            b:c 1386.0152906
            b:n 1010.8972308
            b:w 1010.8972197
            e:c 11270.6270284
            e:n 4265.9471779
            e:w 4265.9471191
            c:n 4170.6928639
            c:w 4170.6931190
            n:w 11976.0365864
          b:e:c 1256.2196965
          b:e:n 578.3688270
          b:e:w 578.3688152
          b:c:n 580.9473458
          b:c:w 580.9473569
          b:n:w 1251.5644137
          e:c:n 4167.8553918
          e:c:w 4167.8554505
          e:n:w 5422.0679214
          c:n:w 5148.1324931
        b:e:c:n 1104.0936689
        b:e:c:w 1104.0936806
        b:e:n:w 1936.9367569
        b:c:n:w 1544.1089683
        e:c:n:w 46596.7998239
