########################################
# legofit: estimate population history #
#       version 2.3.4-4-g53f8760       #
########################################

# Program was compiled: Sep 21 2021 14:36:42
# Program was run: Wed Oct 20 09:19:36 2021

# cmd: legofit -1 -d 0 -t 32 --ptsPerDim 3 --stateOut b1boot20.state --tol 3e-6 -S 5000 abdf2.lgo ../../chrX/boot_chrX/boot20.opf
# Stage nOptItr nSimReps
#     0    5000        0
# algorithm          : deterministic
# ignoring probs <=  : 0
# Branch length floor: 0
# DE strategy        : 2
#    F               : 0.3
#    CR              : 0.8
#    tolerance       : 3e-06
# nthreads           : 32
# lgo input file     : abdf2.lgo
# site pat input file: ../../chrX/boot_chrX/boot20.opf
# free parameters    : 16
# points in DE swarm : 48
# output state file  : b1boot20.state
# Including singleton site patterns.
# cost function      : KL
Initial parameter values
Fixed:
      zero = 0
       one = 1
    Tbecnw = 75200
Free:
       pc1 = 0
       pc2 = 0
       pc3 = 0
       pc4 = 0
       pc5 = 0
       pc6 = 0
       pc7 = 0
       pc8 = 0
       pc9 = 0
      pc10 = 0
      pc11 = 0
      pc12 = 0
      pc13 = 0
      pc14 = 0
      pc15 = 0
      pc16 = 0
Constrained:
   Tgbecnw = 140147
     Tecnw = 24484
       Tnw = 19410
       Tec = 996.562
     twoNb = 989253
     twoNc = 442457
     twoNw = 3.09232e+06
    twoNec = 163096
    twoNnw = 24460.3
  twoNecnw = 65122.3
  twoNbecnw = 17320.6
  twoNgbecnw = 343574
         m = 0.0861972
        m2 = 0.0119272
        m4 = 0.0154514
        m6 = 6.29139e-07
        Tb = 12740.3
        Ta = 43970.1
        Td = 498.281
        Tf = 249.141
DiffEv reached_goal. cost=2.29957e-03 spread=2.96993e-06
Fitted parameter values
Free:
       pc1 = -3.97836
       pc2 = -1.56337
       pc3 = -1.37977
       pc4 = 0.557542
       pc5 = -1.05023
       pc6 = 0.590647
       pc7 = -1.06321
       pc8 = 1.6229
       pc9 = 1.91738
      pc10 = 1.03579
      pc11 = 0.982378
      pc12 = 0.137376
      pc13 = -0.370553
      pc14 = -0.168607
      pc15 = 0.0883665
      pc16 = -0.012682
Constrained:
   Tgbecnw = 97372
     Tecnw = 22618
       Tnw = 20486
       Tec = 531.297
     twoNb = 1.11331e+06
     twoNc = 1.4321e+06
     twoNw = 3.45162e+06
    twoNec = 154516
    twoNnw = 9838.38
  twoNecnw = 61836.9
  twoNbecnw = 6313.01
  twoNgbecnw = 503226
         m = 0.0529783
        m2 = 0.013942
        m4 = 0.0145487
        m6 = 1.65073e-06
        Tb = 11574.6
        Ta = 43387.3
        Td = 265.648
        Tf = 132.824
#       SitePat  BranchLen
              b 116022.7213114
              e 43847.2330829
              c 44599.4788806
              n 42401.5508763
              w 42401.5505243
            b:e 1231.7674145
            b:c 1382.9019153
            b:n 985.9283159
            b:w 985.9283008
            e:c 11463.3513349
            e:n 4264.8840426
            e:w 4264.8839607
            c:n 4161.3031068
            c:w 4161.3034588
            n:w 11862.6132084
          b:e:c 1224.1558746
          b:e:n 559.1214926
          b:e:w 559.1214767
          b:c:n 562.4918791
          b:c:w 562.4918941
          b:n:w 1222.7443903
          e:c:n 4171.8088254
          e:c:w 4171.8089073
          e:n:w 5336.4667812
          c:n:w 5050.4832217
        b:e:c:n 1083.5148545
        b:e:c:w 1083.5148704
        b:e:n:w 2015.6981064
        b:c:n:w 1598.7219624
        e:c:n:w 45803.4931074
