########################################
# legofit: estimate population history #
#       version 2.3.4-4-g53f8760       #
########################################

# Program was compiled: Sep 21 2021 14:36:42
# Program was run: Wed Oct 20 09:36:01 2021

# cmd: legofit -1 -d 0 -t 32 --ptsPerDim 3 --stateOut b1boot43.state --tol 3e-6 -S 5000 abdf2.lgo ../../chrX/boot_chrX/boot43.opf
# Stage nOptItr nSimReps
#     0    5000        0
# algorithm          : deterministic
# ignoring probs <=  : 0
# Branch length floor: 0
# DE strategy        : 2
#    F               : 0.3
#    CR              : 0.8
#    tolerance       : 3e-06
# nthreads           : 32
# lgo input file     : abdf2.lgo
# site pat input file: ../../chrX/boot_chrX/boot43.opf
# free parameters    : 16
# points in DE swarm : 48
# output state file  : b1boot43.state
# Including singleton site patterns.
# cost function      : KL
Initial parameter values
Fixed:
      zero = 0
       one = 1
    Tbecnw = 75200
Free:
       pc1 = 0
       pc2 = 0
       pc3 = 0
       pc4 = 0
       pc5 = 0
       pc6 = 0
       pc7 = 0
       pc8 = 0
       pc9 = 0
      pc10 = 0
      pc11 = 0
      pc12 = 0
      pc13 = 0
      pc14 = 0
      pc15 = 0
      pc16 = 0
Constrained:
   Tgbecnw = 140147
     Tecnw = 24484
       Tnw = 19410
       Tec = 996.562
     twoNb = 989253
     twoNc = 442457
     twoNw = 3.09232e+06
    twoNec = 163096
    twoNnw = 24460.3
  twoNecnw = 65122.3
  twoNbecnw = 17320.6
  twoNgbecnw = 343574
         m = 0.0861972
        m2 = 0.0119272
        m4 = 0.0154514
        m6 = 6.29139e-07
        Tb = 12740.3
        Ta = 43970.1
        Td = 498.281
        Tf = 249.141
DiffEv reached_goal. cost=2.39440e-03 spread=2.61914e-06
Fitted parameter values
Free:
       pc1 = -2.62751
       pc2 = -0.0130034
       pc3 = -1.46416
       pc4 = -1.77908
       pc5 = -1.45498
       pc6 = -0.72927
       pc7 = 0.072712
       pc8 = 1.9917
       pc9 = 1.74283
      pc10 = 0.830217
      pc11 = -0.731802
      pc12 = -0.202486
      pc13 = -0.290061
      pc14 = -0.00395723
      pc15 = 0.0391288
      pc16 = -0.215473
Constrained:
   Tgbecnw = 106424
     Tecnw = 22729.1
       Tnw = 17582.7
       Tec = 9.49312
     twoNb = 1.44414e+06
     twoNc = 1.76246e+06
     twoNw = 3.94164e+06
    twoNec = 161890
    twoNnw = 23642.6
  twoNecnw = 64821.2
  twoNbecnw = 8910.36
  twoNgbecnw = 442119
         m = 0.0611735
        m2 = 0.011763
        m4 = 0.0173666
        m6 = 2.01681e-06
        Tb = 11369.3
        Ta = 43284.6
        Td = 4.74656
        Tf = 2.37328
#       SitePat  BranchLen
              b 117548.8246422
              e 44664.9120299
              c 45584.9038836
              n 42863.6005048
              w 42863.6001608
            b:e 1248.0586905
            b:c 1415.5886198
            b:n 1016.6402777
            b:w 1016.6402634
            e:c 11676.4212864
            e:n 4378.3729916
            e:w 4378.3729144
            c:n 4253.7003275
            c:w 4253.7006715
            n:w 12477.5026192
          b:e:c 1254.2852486
          b:e:n 576.8298819
          b:e:w 576.8298668
          b:c:n 579.9935980
          b:c:w 579.9936123
          b:n:w 1253.4999401
          e:c:n 4215.3492008
          e:c:w 4215.3492779
          e:n:w 5432.2421261
          c:n:w 5097.1953027
        b:e:c:n 1110.4843834
        b:e:c:w 1110.4843985
        b:e:n:w 2092.0387639
        b:c:n:w 1582.5811873
        e:c:n:w 46032.7424150
