########################################
# legofit: estimate population history #
#       version 2.3.4-4-g53f8760       #
########################################

# Program was compiled: Sep 21 2021 14:36:42
# Program was run: Wed Oct 20 09:29:24 2021

# cmd: legofit -1 -d 0 -t 32 --ptsPerDim 3 --stateOut b1boot32.state --tol 3e-6 -S 5000 abdf2.lgo ../../chrX/boot_chrX/boot32.opf
# Stage nOptItr nSimReps
#     0    5000        0
# algorithm          : deterministic
# ignoring probs <=  : 0
# Branch length floor: 0
# DE strategy        : 2
#    F               : 0.3
#    CR              : 0.8
#    tolerance       : 3e-06
# nthreads           : 32
# lgo input file     : abdf2.lgo
# site pat input file: ../../chrX/boot_chrX/boot32.opf
# free parameters    : 16
# points in DE swarm : 48
# output state file  : b1boot32.state
# Including singleton site patterns.
# cost function      : KL
Initial parameter values
Fixed:
      zero = 0
       one = 1
    Tbecnw = 75200
Free:
       pc1 = 0
       pc2 = 0
       pc3 = 0
       pc4 = 0
       pc5 = 0
       pc6 = 0
       pc7 = 0
       pc8 = 0
       pc9 = 0
      pc10 = 0
      pc11 = 0
      pc12 = 0
      pc13 = 0
      pc14 = 0
      pc15 = 0
      pc16 = 0
Constrained:
   Tgbecnw = 140147
     Tecnw = 24484
       Tnw = 19410
       Tec = 996.562
     twoNb = 989253
     twoNc = 442457
     twoNw = 3.09232e+06
    twoNec = 163096
    twoNnw = 24460.3
  twoNecnw = 65122.3
  twoNbecnw = 17320.6
  twoNgbecnw = 343574
         m = 0.0861972
        m2 = 0.0119272
        m4 = 0.0154514
        m6 = 6.29139e-07
        Tb = 12740.3
        Ta = 43970.1
        Td = 498.281
        Tf = 249.141
DiffEv reached_goal. cost=2.18310e-03 spread=2.62362e-06
Fitted parameter values
Free:
       pc1 = -3.69866
       pc2 = -0.937785
       pc3 = -0.633914
       pc4 = -1.29745
       pc5 = -0.852497
       pc6 = 0.579309
       pc7 = 0.0802827
       pc8 = 1.91167
       pc9 = 1.75717
      pc10 = -1.02488
      pc11 = 1.99846
      pc12 = 0.515318
      pc13 = -0.453237
      pc14 = 0.155782
      pc15 = 0.236587
      pc16 = -0.0561416
Constrained:
   Tgbecnw = 92916.5
     Tecnw = 23155.2
       Tnw = 20568.9
       Tec = 146.524
     twoNb = 1.17403e+06
     twoNc = 1.47356e+06
     twoNw = 1.58035e+06
    twoNec = 162574
    twoNnw = 11779.1
  twoNecnw = 61800.2
  twoNbecnw = 5481
  twoNgbecnw = 401187
         m = 0.0685413
        m2 = 0.0102246
        m4 = 0.0142304
        m6 = 2.83353e-06
        Tb = 11650.9
        Ta = 43425.4
        Td = 73.2622
        Tf = 36.6311
#       SitePat  BranchLen
              b 116502.1168277
              e 44033.8631610
              c 44769.0864307
              n 42706.2514187
              w 42706.2500818
            b:e 1221.1504610
            b:c 1373.4774351
            b:n 996.7999339
            b:w 996.7998767
            e:c 11469.0306030
            e:n 4227.1066444
            e:w 4227.1063383
            c:n 4127.0983620
            c:w 4127.0996989
            n:w 11848.8412209
          b:e:c 1238.9751627
          b:e:n 565.2076872
          b:e:w 565.2076264
          b:c:n 568.3948835
          b:c:w 568.3949407
          b:n:w 1234.1371004
          e:c:n 4142.4839008
          e:c:w 4142.4842069
          e:n:w 5276.5019248
          c:n:w 4993.3986819
        b:e:c:n 1097.4599296
        b:e:c:w 1097.4599904
        b:e:n:w 1931.1626495
        b:c:n:w 1520.3559961
        e:c:n:w 46241.9003213
