########################################
# legofit: estimate population history #
#       version 2.3.4-4-g53f8760       #
########################################

# Program was compiled: Sep 21 2021 14:36:42
# Program was run: Wed Oct 20 09:23:11 2021

# cmd: legofit -1 -d 0 -t 32 --ptsPerDim 3 --stateOut b1boot24.state --tol 3e-6 -S 5000 abdf2.lgo ../../chrX/boot_chrX/boot24.opf
# Stage nOptItr nSimReps
#     0    5000        0
# algorithm          : deterministic
# ignoring probs <=  : 0
# Branch length floor: 0
# DE strategy        : 2
#    F               : 0.3
#    CR              : 0.8
#    tolerance       : 3e-06
# nthreads           : 32
# lgo input file     : abdf2.lgo
# site pat input file: ../../chrX/boot_chrX/boot24.opf
# free parameters    : 16
# points in DE swarm : 48
# output state file  : b1boot24.state
# Including singleton site patterns.
# cost function      : KL
Initial parameter values
Fixed:
      zero = 0
       one = 1
    Tbecnw = 75200
Free:
       pc1 = 0
       pc2 = 0
       pc3 = 0
       pc4 = 0
       pc5 = 0
       pc6 = 0
       pc7 = 0
       pc8 = 0
       pc9 = 0
      pc10 = 0
      pc11 = 0
      pc12 = 0
      pc13 = 0
      pc14 = 0
      pc15 = 0
      pc16 = 0
Constrained:
   Tgbecnw = 140147
     Tecnw = 24484
       Tnw = 19410
       Tec = 996.562
     twoNb = 989253
     twoNc = 442457
     twoNw = 3.09232e+06
    twoNec = 163096
    twoNnw = 24460.3
  twoNecnw = 65122.3
  twoNbecnw = 17320.6
  twoNgbecnw = 343574
         m = 0.0861972
        m2 = 0.0119272
        m4 = 0.0154514
        m6 = 6.29139e-07
        Tb = 12740.3
        Ta = 43970.1
        Td = 498.281
        Tf = 249.141
DiffEv reached_goal. cost=2.44334e-03 spread=2.31463e-06
Fitted parameter values
Free:
       pc1 = -3.93582
       pc2 = -0.956233
       pc3 = -1.64356
       pc4 = -1.76452
       pc5 = -1.69037
       pc6 = -1.40877
       pc7 = 0.231226
       pc8 = 1.975
       pc9 = 1.15188
      pc10 = -0.248803
      pc11 = 0.62033
      pc12 = 0.357884
      pc13 = -0.121813
      pc14 = -0.0989574
      pc15 = 0.246763
      pc16 = -0.0748088
Constrained:
   Tgbecnw = 93275.1
     Tecnw = 23076.6
       Tnw = 18761.3
       Tec = 170.335
     twoNb = 1.59095e+06
     twoNc = 1.8609e+06
     twoNw = 3.8705e+06
    twoNec = 160493
    twoNnw = 21001.8
  twoNecnw = 61239.7
  twoNbecnw = 5317.37
  twoNgbecnw = 487596
         m = 0.0544672
        m2 = 0.0103106
        m4 = 0.0165223
        m6 = 1.82686e-06
        Tb = 11623.4
        Ta = 43411.7
        Td = 85.1673
        Tf = 42.5837
#       SitePat  BranchLen
              b 115822.4666328
              e 43799.4106337
              c 44667.9318113
              n 42678.9410518
              w 42678.9407217
            b:e 1222.1360301
            b:c 1377.9077530
            b:n 1028.6368393
            b:w 1028.6368251
            e:c 11404.8061330
            e:n 4289.6809883
            e:w 4289.6809134
            c:n 4172.1353061
            c:w 4172.1356362
            n:w 11713.4392031
          b:e:c 1245.9410625
          b:e:n 583.0025790
          b:e:w 583.0025639
          b:c:n 586.7444632
          b:c:w 586.7444774
          b:n:w 1242.5370223
          e:c:n 4213.9409421
          e:c:w 4213.9410170
          e:n:w 5250.7248163
          c:n:w 4933.5547833
        b:e:c:n 1133.2073652
        b:e:c:w 1133.2073803
        b:e:n:w 2015.6528485
        b:c:n:w 1536.1370955
        e:c:n:w 45747.6257391
