########################################
# legofit: estimate population history #
#       version 2.3.4-4-g53f8760       #
########################################

# Program was compiled: Sep 21 2021 14:36:42
# Program was run: Wed Oct 20 09:29:34 2021

# cmd: legofit -1 -d 0 -t 32 --ptsPerDim 3 --stateOut b1boot33.state --tol 3e-6 -S 5000 abdf2.lgo ../../chrX/boot_chrX/boot33.opf
# Stage nOptItr nSimReps
#     0    5000        0
# algorithm          : deterministic
# ignoring probs <=  : 0
# Branch length floor: 0
# DE strategy        : 2
#    F               : 0.3
#    CR              : 0.8
#    tolerance       : 3e-06
# nthreads           : 32
# lgo input file     : abdf2.lgo
# site pat input file: ../../chrX/boot_chrX/boot33.opf
# free parameters    : 16
# points in DE swarm : 48
# output state file  : b1boot33.state
# Including singleton site patterns.
# cost function      : KL
Initial parameter values
Fixed:
      zero = 0
       one = 1
    Tbecnw = 75200
Free:
       pc1 = 0
       pc2 = 0
       pc3 = 0
       pc4 = 0
       pc5 = 0
       pc6 = 0
       pc7 = 0
       pc8 = 0
       pc9 = 0
      pc10 = 0
      pc11 = 0
      pc12 = 0
      pc13 = 0
      pc14 = 0
      pc15 = 0
      pc16 = 0
Constrained:
   Tgbecnw = 140147
     Tecnw = 24484
       Tnw = 19410
       Tec = 996.562
     twoNb = 989253
     twoNc = 442457
     twoNw = 3.09232e+06
    twoNec = 163096
    twoNnw = 24460.3
  twoNecnw = 65122.3
  twoNbecnw = 17320.6
  twoNgbecnw = 343574
         m = 0.0861972
        m2 = 0.0119272
        m4 = 0.0154514
        m6 = 6.29139e-07
        Tb = 12740.3
        Ta = 43970.1
        Td = 498.281
        Tf = 249.141
DiffEv reached_goal. cost=2.34113e-03 spread=2.68271e-06
Fitted parameter values
Free:
       pc1 = -1.06079
       pc2 = -1.48467
       pc3 = -1.77699
       pc4 = 0.381837
       pc5 = 0.133775
       pc6 = -1.48001
       pc7 = -1.34573
       pc8 = 1.97144
       pc9 = 0.978079
      pc10 = -0.817684
      pc11 = 0.362332
      pc12 = 0.192145
      pc13 = -0.197321
      pc14 = -0.0342604
      pc15 = 0.0619672
      pc16 = -0.218212
Constrained:
   Tgbecnw = 115114
     Tecnw = 24017
       Tnw = 17900.6
       Tec = 282.281
     twoNb = 1.62902e+06
     twoNc = 653002
     twoNw = 3.00414e+06
    twoNec = 162471
    twoNnw = 27895.3
  twoNecnw = 61725.1
  twoNbecnw = 11490.8
  twoNgbecnw = 404331
         m = 0.0696207
        m2 = 0.013209
        m4 = 0.0127027
        m6 = 9.67863e-07
        Tb = 12149.6
        Ta = 43674.8
        Td = 141.14
        Tf = 70.5702
#       SitePat  BranchLen
              b 120830.9299481
              e 45158.4654037
              c 45860.0961519
              n 43463.8153218
              w 43463.8151002
            b:e 1286.7453423
            b:c 1413.5895841
            b:n 1043.6746315
            b:w 1043.6746222
            e:c 11864.6110391
            e:n 4305.7123663
            e:w 4305.7123169
            c:n 4215.1033428
            c:w 4215.1035644
            n:w 12474.7710384
          b:e:c 1284.6332200
          b:e:n 582.9248218
          b:e:w 582.9248120
          b:c:n 584.8130124
          b:c:w 584.8130217
          b:n:w 1291.6004653
          e:c:n 4307.4304414
          e:c:w 4307.4304907
          e:n:w 5452.7498477
          c:n:w 5193.3416455
        b:e:c:n 1124.7670824
        b:e:c:w 1124.7670922
        b:e:n:w 2039.7957948
        b:c:n:w 1648.1703234
        e:c:n:w 48739.1538191
