########################################
# legofit: estimate population history #
#       version 2.3.4-4-g53f8760       #
########################################

# Program was compiled: Sep 21 2021 14:36:42
# Program was run: Wed Oct 20 09:24:44 2021

# cmd: legofit -1 -d 0 -t 32 --ptsPerDim 3 --stateOut b1boot26.state --tol 3e-6 -S 5000 abdf2.lgo ../../chrX/boot_chrX/boot26.opf
# Stage nOptItr nSimReps
#     0    5000        0
# algorithm          : deterministic
# ignoring probs <=  : 0
# Branch length floor: 0
# DE strategy        : 2
#    F               : 0.3
#    CR              : 0.8
#    tolerance       : 3e-06
# nthreads           : 32
# lgo input file     : abdf2.lgo
# site pat input file: ../../chrX/boot_chrX/boot26.opf
# free parameters    : 16
# points in DE swarm : 48
# output state file  : b1boot26.state
# Including singleton site patterns.
# cost function      : KL
Initial parameter values
Fixed:
      zero = 0
       one = 1
    Tbecnw = 75200
Free:
       pc1 = 0
       pc2 = 0
       pc3 = 0
       pc4 = 0
       pc5 = 0
       pc6 = 0
       pc7 = 0
       pc8 = 0
       pc9 = 0
      pc10 = 0
      pc11 = 0
      pc12 = 0
      pc13 = 0
      pc14 = 0
      pc15 = 0
      pc16 = 0
Constrained:
   Tgbecnw = 140147
     Tecnw = 24484
       Tnw = 19410
       Tec = 996.562
     twoNb = 989253
     twoNc = 442457
     twoNw = 3.09232e+06
    twoNec = 163096
    twoNnw = 24460.3
  twoNecnw = 65122.3
  twoNbecnw = 17320.6
  twoNgbecnw = 343574
         m = 0.0861972
        m2 = 0.0119272
        m4 = 0.0154514
        m6 = 6.29139e-07
        Tb = 12740.3
        Ta = 43970.1
        Td = 498.281
        Tf = 249.141
DiffEv reached_goal. cost=2.27564e-03 spread=2.89066e-06
Fitted parameter values
Free:
       pc1 = -3.4377
       pc2 = -0.466153
       pc3 = -0.315939
       pc4 = -0.633353
       pc5 = -1.89245
       pc6 = -1.24822
       pc7 = 0.825326
       pc8 = 1.93326
       pc9 = 1.71025
      pc10 = 0.86131
      pc11 = 0.881597
      pc12 = 0.174525
      pc13 = -0.448263
      pc14 = 0.184616
      pc15 = 0.057012
      pc16 = -0.106595
Constrained:
   Tgbecnw = 102136
     Tecnw = 23079.5
       Tnw = 20143.9
       Tec = 292.422
     twoNb = 1.48821e+06
     twoNc = 2.43223e+06
     twoNw = 6.07042e+06
    twoNec = 163705
    twoNnw = 13708
  twoNecnw = 62280.3
  twoNbecnw = 8309.33
  twoNgbecnw = 387466
         m = 0.0669073
        m2 = 0.0116236
        m4 = 0.0171203
        m6 = 2.00758e-06
        Tb = 11685.9
        Ta = 43443
        Td = 146.211
        Tf = 73.1055
#       SitePat  BranchLen
              b 116998.0669419
              e 44492.6543498
              c 45389.4178890
              n 43029.2300465
              w 43029.2298001
            b:e 1300.6115348
            b:c 1472.7903278
            b:n 1063.8043178
            b:w 1063.8043067
            e:c 11539.5970045
            e:n 4374.9601444
            e:w 4374.9600870
            c:n 4252.0088626
            c:w 4252.0091090
            n:w 12030.6144624
          b:e:c 1303.2741932
          b:e:n 604.5406519
          b:e:w 604.5406402
          b:c:n 607.9149496
          b:c:w 607.9149607
          b:n:w 1300.3043293
          e:c:n 4281.6209315
          e:c:w 4281.6209889
          e:n:w 5497.8551539
          c:n:w 5153.7458355
        b:e:c:n 1162.0062945
        b:e:c:w 1162.0063062
        b:e:n:w 2107.3217989
        b:c:n:w 1621.6423532
        e:c:n:w 45892.9739468
