########################################
# legofit: estimate population history #
#       version 2.3.4-4-g53f8760       #
########################################

# Program was compiled: Sep 21 2021 14:36:42
# Program was run: Wed Oct 20 09:11:02 2021

# cmd: legofit -1 -d 0 -t 32 --ptsPerDim 3 --stateOut b1boot6.state --tol 3e-6 -S 5000 abdf2.lgo ../../chrX/boot_chrX/boot6.opf
# Stage nOptItr nSimReps
#     0    5000        0
# algorithm          : deterministic
# ignoring probs <=  : 0
# Branch length floor: 0
# DE strategy        : 2
#    F               : 0.3
#    CR              : 0.8
#    tolerance       : 3e-06
# nthreads           : 32
# lgo input file     : abdf2.lgo
# site pat input file: ../../chrX/boot_chrX/boot6.opf
# free parameters    : 16
# points in DE swarm : 48
# output state file  : b1boot6.state
# Including singleton site patterns.
# cost function      : KL
Initial parameter values
Fixed:
      zero = 0
       one = 1
    Tbecnw = 75200
Free:
       pc1 = 0
       pc2 = 0
       pc3 = 0
       pc4 = 0
       pc5 = 0
       pc6 = 0
       pc7 = 0
       pc8 = 0
       pc9 = 0
      pc10 = 0
      pc11 = 0
      pc12 = 0
      pc13 = 0
      pc14 = 0
      pc15 = 0
      pc16 = 0
Constrained:
   Tgbecnw = 140147
     Tecnw = 24484
       Tnw = 19410
       Tec = 996.562
     twoNb = 989253
     twoNc = 442457
     twoNw = 3.09232e+06
    twoNec = 163096
    twoNnw = 24460.3
  twoNecnw = 65122.3
  twoNbecnw = 17320.6
  twoNgbecnw = 343574
         m = 0.0861972
        m2 = 0.0119272
        m4 = 0.0154514
        m6 = 6.29139e-07
        Tb = 12740.3
        Ta = 43970.1
        Td = 498.281
        Tf = 249.141
DiffEv reached_goal. cost=2.22270e-03 spread=2.82643e-06
Fitted parameter values
Free:
       pc1 = -1.52146
       pc2 = 1.98951
       pc3 = -1.15101
       pc4 = -0.973375
       pc5 = -0.448134
       pc6 = -0.763838
       pc7 = 1.37977
       pc8 = 1.69415
       pc9 = 0.68609
      pc10 = -0.0808015
      pc11 = 1.98746
      pc12 = -0.15046
      pc13 = -0.238553
      pc14 = 0.0642961
      pc15 = 0.0462204
      pc16 = -0.0907565
Constrained:
   Tgbecnw = 105198
     Tecnw = 23864.7
       Tnw = 18361.6
       Tec = 1828.28
     twoNb = 1.0318e+06
     twoNc = 2.13521e+06
     twoNw = 3.46962e+06
    twoNec = 158063
    twoNnw = 27323.8
  twoNecnw = 62486.8
  twoNbecnw = 10651.6
  twoNgbecnw = 229115
         m = 0.122832
        m2 = 0.0105149
        m4 = 0.0167666
        m6 = 2.19966e-06
        Tb = 12846.5
        Ta = 44023.3
        Td = 914.142
        Tf = 457.071
#       SitePat  BranchLen
              b 120422.1460531
              e 45281.8690755
              c 46153.4333742
              n 43926.7277121
              w 43926.7272721
            b:e 1281.4257423
            b:c 1501.6679314
            b:n 1052.3961995
            b:w 1052.3961808
            e:c 11522.2098383
            e:n 4459.7654056
            e:w 4459.7653054
            c:n 4336.5561422
            c:w 4336.5565821
            n:w 12056.7033056
          b:e:c 1250.1294512
          b:e:n 594.2289443
          b:e:w 594.2289247
          b:c:n 596.6558736
          b:c:w 596.6558923
          b:n:w 1249.8860406
          e:c:n 4393.4459825
          e:c:w 4393.4460828
          e:n:w 5541.1319590
          c:n:w 5163.5797113
        b:e:c:n 1136.7643579
        b:e:c:w 1136.7643775
        b:e:n:w 2010.0243608
        b:c:n:w 1537.3339703
        e:c:n:w 47957.5048723
