########################################
# legofit: estimate population history #
#       version 2.3.4-4-g53f8760       #
########################################

# Program was compiled: Sep 21 2021 14:36:42
# Program was run: Wed Oct 20 09:14:10 2021

# cmd: legofit -1 -d 0 -t 32 --ptsPerDim 3 --stateOut b1boot11.state --tol 3e-6 -S 5000 abdf2.lgo ../../chrX/boot_chrX/boot11.opf
# Stage nOptItr nSimReps
#     0    5000        0
# algorithm          : deterministic
# ignoring probs <=  : 0
# Branch length floor: 0
# DE strategy        : 2
#    F               : 0.3
#    CR              : 0.8
#    tolerance       : 3e-06
# nthreads           : 32
# lgo input file     : abdf2.lgo
# site pat input file: ../../chrX/boot_chrX/boot11.opf
# free parameters    : 16
# points in DE swarm : 48
# output state file  : b1boot11.state
# Including singleton site patterns.
# cost function      : KL
Initial parameter values
Fixed:
      zero = 0
       one = 1
    Tbecnw = 75200
Free:
       pc1 = 0
       pc2 = 0
       pc3 = 0
       pc4 = 0
       pc5 = 0
       pc6 = 0
       pc7 = 0
       pc8 = 0
       pc9 = 0
      pc10 = 0
      pc11 = 0
      pc12 = 0
      pc13 = 0
      pc14 = 0
      pc15 = 0
      pc16 = 0
Constrained:
   Tgbecnw = 140147
     Tecnw = 24484
       Tnw = 19410
       Tec = 996.562
     twoNb = 989253
     twoNc = 442457
     twoNw = 3.09232e+06
    twoNec = 163096
    twoNnw = 24460.3
  twoNecnw = 65122.3
  twoNbecnw = 17320.6
  twoNgbecnw = 343574
         m = 0.0861972
        m2 = 0.0119272
        m4 = 0.0154514
        m6 = 6.29139e-07
        Tb = 12740.3
        Ta = 43970.1
        Td = 498.281
        Tf = 249.141
DiffEv reached_goal. cost=2.33061e-03 spread=1.80623e-06
Fitted parameter values
Free:
       pc1 = -3.94081
       pc2 = -0.378399
       pc3 = -1.70605
       pc4 = 0.11013
       pc5 = -0.244891
       pc6 = 0.793107
       pc7 = 0.0950051
       pc8 = 1.99259
       pc9 = 1.90698
      pc10 = -1.06163
      pc11 = -0.511003
      pc12 = -0.137517
      pc13 = -0.322399
      pc14 = -0.0370573
      pc15 = 0.200286
      pc16 = -0.122735
Constrained:
   Tgbecnw = 95990.8
     Tecnw = 22441.7
       Tnw = 18625
       Tec = 962.254
     twoNb = 1.10752e+06
     twoNc = 1.56118e+06
     twoNw = 4.54356e+06
    twoNec = 149667
    twoNnw = 17193.4
  twoNecnw = 64895.6
  twoNbecnw = 6111.22
  twoNgbecnw = 457987
         m = 0.0622749
        m2 = 0.0111017
        m4 = 0.0127558
        m6 = 1.48637e-06
        Tb = 11702
        Ta = 43451
        Td = 481.127
        Tf = 240.564
#       SitePat  BranchLen
              b 117646.2182163
              e 44189.8692899
              c 44859.1596238
              n 42526.2283323
              w 42526.2281084
            b:e 1252.6367936
            b:c 1388.9224282
            b:n 1017.5825932
            b:w 1017.5825837
            e:c 11689.7317099
            e:n 4290.6606308
            e:w 4290.6605800
            c:n 4200.1300681
            c:w 4200.1302920
            n:w 12343.4324235
          b:e:c 1274.2126691
          b:e:n 576.2210068
          b:e:w 576.2209966
          b:c:n 579.1510320
          b:c:w 579.1510416
          b:n:w 1270.8157750
          e:c:n 4173.9811782
          e:c:w 4173.9812291
          e:n:w 5296.8520408
          c:n:w 5048.0139589
        b:e:c:n 1123.7985190
        b:e:c:w 1123.7985292
        b:e:n:w 1967.2948102
        b:c:n:w 1585.7576570
        e:c:n:w 46979.4447534
