########################################
# legofit: estimate population history #
#       version 2.3.4-4-g53f8760       #
########################################

# Program was compiled: Sep 21 2021 14:36:42
# Program was run: Wed Oct 20 09:17:37 2021

# cmd: legofit -1 -d 0 -t 32 --ptsPerDim 3 --stateOut b1boot15.state --tol 3e-6 -S 5000 abdf2.lgo ../../chrX/boot_chrX/boot15.opf
# Stage nOptItr nSimReps
#     0    5000        0
# algorithm          : deterministic
# ignoring probs <=  : 0
# Branch length floor: 0
# DE strategy        : 2
#    F               : 0.3
#    CR              : 0.8
#    tolerance       : 3e-06
# nthreads           : 32
# lgo input file     : abdf2.lgo
# site pat input file: ../../chrX/boot_chrX/boot15.opf
# free parameters    : 16
# points in DE swarm : 48
# output state file  : b1boot15.state
# Including singleton site patterns.
# cost function      : KL
Initial parameter values
Fixed:
      zero = 0
       one = 1
    Tbecnw = 75200
Free:
       pc1 = 0
       pc2 = 0
       pc3 = 0
       pc4 = 0
       pc5 = 0
       pc6 = 0
       pc7 = 0
       pc8 = 0
       pc9 = 0
      pc10 = 0
      pc11 = 0
      pc12 = 0
      pc13 = 0
      pc14 = 0
      pc15 = 0
      pc16 = 0
Constrained:
   Tgbecnw = 140147
     Tecnw = 24484
       Tnw = 19410
       Tec = 996.562
     twoNb = 989253
     twoNc = 442457
     twoNw = 3.09232e+06
    twoNec = 163096
    twoNnw = 24460.3
  twoNecnw = 65122.3
  twoNbecnw = 17320.6
  twoNgbecnw = 343574
         m = 0.0861972
        m2 = 0.0119272
        m4 = 0.0154514
        m6 = 6.29139e-07
        Tb = 12740.3
        Ta = 43970.1
        Td = 498.281
        Tf = 249.141
DiffEv reached_goal. cost=2.25062e-03 spread=2.42519e-06
Fitted parameter values
Free:
       pc1 = -3.43548
       pc2 = 1.72954
       pc3 = 0.145666
       pc4 = -0.796211
       pc5 = -0.756228
       pc6 = 0.491934
       pc7 = 0.82625
       pc8 = 1.83052
       pc9 = 0.414124
      pc10 = 0.344409
      pc11 = 1.83478
      pc12 = -0.170808
      pc13 = -0.713721
      pc14 = 0.152935
      pc15 = 0.035004
      pc16 = -0.125589
Constrained:
   Tgbecnw = 98069.5
     Tecnw = 22986.4
       Tnw = 20349.8
       Tec = 2143.15
     twoNb = 959645
     twoNc = 1.35026e+06
     twoNw = 4.11151e+06
    twoNec = 148462
    twoNnw = 12159.8
  twoNecnw = 63121.1
  twoNbecnw = 8397.39
  twoNgbecnw = 246989
         m = 0.106497
        m2 = 0.0103451
        m4 = 0.0171845
        m6 = 2.38323e-06
        Tb = 12564.8
        Ta = 43882.4
        Td = 1071.57
        Tf = 535.786
#       SitePat  BranchLen
              b 117616.5654200
              e 44686.0957433
              c 45545.9926670
              n 43163.9942494
              w 43163.9938252
            b:e 1352.9326440
            b:c 1573.6713256
            b:n 1097.4593739
            b:w 1097.4593542
            e:c 11617.7129287
            e:n 4421.3434776
            e:w 4421.3433770
            c:n 4296.5315079
            c:w 4296.5319322
            n:w 12216.4744459
          b:e:c 1351.4149052
          b:e:n 621.8356086
          b:e:w 621.8355878
          b:c:n 625.3323647
          b:c:w 625.3323844
          b:n:w 1344.2556533
          e:c:n 4361.4668915
          e:c:w 4361.4669921
          e:n:w 5630.9783245
          c:n:w 5252.1644164
        b:e:c:n 1198.3569683
        b:e:c:w 1198.3569892
        b:e:n:w 2074.1392916
        b:c:n:w 1614.9472719
        e:c:n:w 46094.6157008
