########################################
# legofit: estimate population history #
#       version 2.3.4-4-g53f8760       #
########################################

# Program was compiled: Sep 21 2021 14:36:42
# Program was run: Wed Oct 20 09:31:31 2021

# cmd: legofit -1 -d 0 -t 32 --ptsPerDim 3 --stateOut b1boot36.state --tol 3e-6 -S 5000 abdf2.lgo ../../chrX/boot_chrX/boot36.opf
# Stage nOptItr nSimReps
#     0    5000        0
# algorithm          : deterministic
# ignoring probs <=  : 0
# Branch length floor: 0
# DE strategy        : 2
#    F               : 0.3
#    CR              : 0.8
#    tolerance       : 3e-06
# nthreads           : 32
# lgo input file     : abdf2.lgo
# site pat input file: ../../chrX/boot_chrX/boot36.opf
# free parameters    : 16
# points in DE swarm : 48
# output state file  : b1boot36.state
# Including singleton site patterns.
# cost function      : KL
Initial parameter values
Fixed:
      zero = 0
       one = 1
    Tbecnw = 75200
Free:
       pc1 = 0
       pc2 = 0
       pc3 = 0
       pc4 = 0
       pc5 = 0
       pc6 = 0
       pc7 = 0
       pc8 = 0
       pc9 = 0
      pc10 = 0
      pc11 = 0
      pc12 = 0
      pc13 = 0
      pc14 = 0
      pc15 = 0
      pc16 = 0
Constrained:
   Tgbecnw = 140147
     Tecnw = 24484
       Tnw = 19410
       Tec = 996.562
     twoNb = 989253
     twoNc = 442457
     twoNw = 3.09232e+06
    twoNec = 163096
    twoNnw = 24460.3
  twoNecnw = 65122.3
  twoNbecnw = 17320.6
  twoNgbecnw = 343574
         m = 0.0861972
        m2 = 0.0119272
        m4 = 0.0154514
        m6 = 6.29139e-07
        Tb = 12740.3
        Ta = 43970.1
        Td = 498.281
        Tf = 249.141
DiffEv reached_goal. cost=2.35842e-03 spread=2.97322e-06
Fitted parameter values
Free:
       pc1 = -2.45193
       pc2 = -2.1031
       pc3 = -1.66667
       pc4 = 1.02136
       pc5 = 0.243752
       pc6 = -0.378574
       pc7 = -1.05425
       pc8 = 1.94076
       pc9 = 0.637091
      pc10 = 0.545964
      pc11 = 0.566923
      pc12 = 0.105239
      pc13 = -0.266663
      pc14 = -0.0508485
      pc15 = 0.127888
      pc16 = -0.0475185
Constrained:
   Tgbecnw = 106281
     Tecnw = 23447.2
       Tnw = 19216
       Tec = 369.584
     twoNb = 1.22746e+06
     twoNc = 297541
     twoNw = 5.30657e+06
    twoNec = 159836
    twoNnw = 20418.1
  twoNecnw = 61022.9
  twoNbecnw = 8892.6
  twoNgbecnw = 452770
         m = 0.0597791
        m2 = 0.0141063
        m4 = 0.013313
        m6 = 8.47299e-07
        Tb = 11908.4
        Ta = 43554.2
        Td = 184.792
        Tf = 92.396
#       SitePat  BranchLen
              b 118011.1272114
              e 44418.7243768
              c 45124.5317621
              n 43117.5234066
              w 43117.5232918
            b:e 1249.6006032
            b:c 1388.0746981
            b:n 1016.6007676
            b:w 1016.6007628
            e:c 11561.7435604
            e:n 4309.0990117
            e:w 4309.0989856
            c:n 4213.3765956
            c:w 4213.3767105
            n:w 11873.3725982
          b:e:c 1231.8343959
          b:e:n 572.1462960
          b:e:w 572.1462909
          b:c:n 574.8016274
          b:c:w 574.8016323
          b:n:w 1235.5241625
          e:c:n 4273.1975223
          e:c:w 4273.1975485
          e:n:w 5341.4179211
          c:n:w 5074.0701694
        b:e:c:n 1105.2970762
        b:e:c:w 1105.2970813
        b:e:n:w 2007.1733208
        b:c:n:w 1616.3735655
        e:c:n:w 46947.4255910
