########################################
# legofit: estimate population history #
#       version 2.3.4-4-g53f8760       #
########################################

# Program was compiled: Sep 21 2021 14:36:42
# Program was run: Wed Oct 20 09:12:09 2021

# cmd: legofit -1 -d 0 -t 32 --ptsPerDim 3 --stateOut b1boot8.state --tol 3e-6 -S 5000 abdf2.lgo ../../chrX/boot_chrX/boot8.opf
# Stage nOptItr nSimReps
#     0    5000        0
# algorithm          : deterministic
# ignoring probs <=  : 0
# Branch length floor: 0
# DE strategy        : 2
#    F               : 0.3
#    CR              : 0.8
#    tolerance       : 3e-06
# nthreads           : 32
# lgo input file     : abdf2.lgo
# site pat input file: ../../chrX/boot_chrX/boot8.opf
# free parameters    : 16
# points in DE swarm : 48
# output state file  : b1boot8.state
# Including singleton site patterns.
# cost function      : KL
Initial parameter values
Fixed:
      zero = 0
       one = 1
    Tbecnw = 75200
Free:
       pc1 = 0
       pc2 = 0
       pc3 = 0
       pc4 = 0
       pc5 = 0
       pc6 = 0
       pc7 = 0
       pc8 = 0
       pc9 = 0
      pc10 = 0
      pc11 = 0
      pc12 = 0
      pc13 = 0
      pc14 = 0
      pc15 = 0
      pc16 = 0
Constrained:
   Tgbecnw = 140147
     Tecnw = 24484
       Tnw = 19410
       Tec = 996.562
     twoNb = 989253
     twoNc = 442457
     twoNw = 3.09232e+06
    twoNec = 163096
    twoNnw = 24460.3
  twoNecnw = 65122.3
  twoNbecnw = 17320.6
  twoNgbecnw = 343574
         m = 0.0861972
        m2 = 0.0119272
        m4 = 0.0154514
        m6 = 6.29139e-07
        Tb = 12740.3
        Ta = 43970.1
        Td = 498.281
        Tf = 249.141
DiffEv reached_goal. cost=2.32465e-03 spread=2.97418e-06
Fitted parameter values
Free:
       pc1 = -3.999
       pc2 = 1.33174
       pc3 = -1.83465
       pc4 = -1.86504
       pc5 = -1.98883
       pc6 = -0.209354
       pc7 = 1.93006
       pc8 = 1.81978
       pc9 = 1.80251
      pc10 = 0.369364
      pc11 = 0.63852
      pc12 = 0.207412
      pc13 = -0.375439
      pc14 = 0.183587
      pc15 = 0.265767
      pc16 = -0.174536
Constrained:
   Tgbecnw = 90536.9
     Tecnw = 22710.2
       Tnw = 18277.5
       Tec = 1045.44
     twoNb = 1.04913e+06
     twoNc = 3.23017e+06
     twoNw = 4.63074e+06
    twoNec = 152886
    twoNnw = 20788
  twoNecnw = 63742.5
  twoNbecnw = 4937.55
  twoNgbecnw = 381970
         m = 0.0729042
        m2 = 0.00968124
        m4 = 0.0179768
        m6 = 2.56879e-06
        Tb = 11877.8
        Ta = 43538.9
        Td = 522.721
        Tf = 261.36
#       SitePat  BranchLen
              b 116837.8225882
              e 44152.8126987
              c 45074.4141987
              n 42684.5552841
              w 42684.5549088
            b:e 1287.4300586
            b:c 1492.3923065
            b:n 1064.5451630
            b:w 1064.5451463
            e:c 11507.8619060
            e:n 4336.7463311
            e:w 4336.7462459
            c:n 4208.6631805
            c:w 4208.6635559
            n:w 12127.0543929
          b:e:c 1313.5020171
          b:e:n 606.1098528
          b:e:w 606.1098350
          b:c:n 610.6280468
          b:c:w 610.6280635
          b:n:w 1304.8908666
          e:c:n 4212.4552992
          e:c:w 4212.4553844
          e:n:w 5370.3002069
          c:n:w 5009.5283272
        b:e:c:n 1180.2279863
        b:e:c:w 1180.2280041
        b:e:n:w 2105.9434808
        b:c:n:w 1587.2809397
        e:c:n:w 46443.3551846
