########################################
# legofit: estimate population history #
#       version 2.3.4-4-g53f8760       #
########################################

# Program was compiled: Sep 21 2021 14:36:42
# Program was run: Wed Oct 20 09:18:42 2021

# cmd: legofit -1 -d 0 -t 32 --ptsPerDim 3 --stateOut b1boot18.state --tol 3e-6 -S 5000 abdf2.lgo ../../chrX/boot_chrX/boot18.opf
# Stage nOptItr nSimReps
#     0    5000        0
# algorithm          : deterministic
# ignoring probs <=  : 0
# Branch length floor: 0
# DE strategy        : 2
#    F               : 0.3
#    CR              : 0.8
#    tolerance       : 3e-06
# nthreads           : 32
# lgo input file     : abdf2.lgo
# site pat input file: ../../chrX/boot_chrX/boot18.opf
# free parameters    : 16
# points in DE swarm : 48
# output state file  : b1boot18.state
# Including singleton site patterns.
# cost function      : KL
Initial parameter values
Fixed:
      zero = 0
       one = 1
    Tbecnw = 75200
Free:
       pc1 = 0
       pc2 = 0
       pc3 = 0
       pc4 = 0
       pc5 = 0
       pc6 = 0
       pc7 = 0
       pc8 = 0
       pc9 = 0
      pc10 = 0
      pc11 = 0
      pc12 = 0
      pc13 = 0
      pc14 = 0
      pc15 = 0
      pc16 = 0
Constrained:
   Tgbecnw = 140147
     Tecnw = 24484
       Tnw = 19410
       Tec = 996.562
     twoNb = 989253
     twoNc = 442457
     twoNw = 3.09232e+06
    twoNec = 163096
    twoNnw = 24460.3
  twoNecnw = 65122.3
  twoNbecnw = 17320.6
  twoNgbecnw = 343574
         m = 0.0861972
        m2 = 0.0119272
        m4 = 0.0154514
        m6 = 6.29139e-07
        Tb = 12740.3
        Ta = 43970.1
        Td = 498.281
        Tf = 249.141
DiffEv reached_goal. cost=2.43778e-03 spread=2.98091e-06
Fitted parameter values
Free:
       pc1 = -3.92027
       pc2 = -1.12151
       pc3 = -1.06098
       pc4 = -1.8595
       pc5 = -0.132213
       pc6 = -0.261103
       pc7 = 0.868987
       pc8 = 1.9083
       pc9 = 0.275535
      pc10 = 1.11064
      pc11 = 0.761946
      pc12 = -0.335489
      pc13 = -0.256002
      pc14 = 0.346692
      pc15 = 0.34522
      pc16 = -0.120931
Constrained:
   Tgbecnw = 91707.4
     Tecnw = 22791.8
       Tnw = 19069.1
       Tec = 9.70533
     twoNb = 1.03161e+06
     twoNc = 527269
     twoNw = 5.92816e+06
    twoNec = 173527
    twoNnw = 18467.7
  twoNecnw = 61608.4
  twoNbecnw = 5076.96
  twoNgbecnw = 416649
         m = 0.0660357
        m2 = 0.0107356
        m4 = 0.0172999
        m6 = 1.5671e-06
        Tb = 11400.7
        Ta = 43300.4
        Td = 4.85266
        Tf = 2.42633
#       SitePat  BranchLen
              b 116308.1306294
              e 43984.0640079
              c 44875.5269221
              n 42576.4589560
              w 42576.4587683
            b:e 1225.0221412
            b:c 1418.4944733
            b:n 1003.2523318
            b:w 1003.2523238
            e:c 11027.8600589
            e:n 4364.4948619
            e:w 4364.4948189
            c:n 4239.9955741
            c:w 4239.9957617
            n:w 11554.3336310
          b:e:c 1204.2197420
          b:e:n 579.1181822
          b:e:w 579.1181737
          b:c:n 583.3600780
          b:c:w 583.3600860
          b:n:w 1197.3100257
          e:c:n 4173.7396589
          e:c:w 4173.7397019
          e:n:w 5324.2980787
          c:n:w 4977.5756183
        b:e:c:n 1107.0608145
        b:e:c:w 1107.0608229
        b:e:n:w 2030.9916198
        b:c:n:w 1533.2932993
        e:c:n:w 46217.7621730
