########################################
# legofit: estimate population history #
#       version 2.3.4-4-g53f8760       #
########################################

# Program was compiled: Sep 21 2021 14:36:42
# Program was run: Wed Oct 20 09:11:30 2021

# cmd: legofit -1 -d 0 -t 32 --ptsPerDim 3 --stateOut b1boot7.state --tol 3e-6 -S 5000 abdf2.lgo ../../chrX/boot_chrX/boot7.opf
# Stage nOptItr nSimReps
#     0    5000        0
# algorithm          : deterministic
# ignoring probs <=  : 0
# Branch length floor: 0
# DE strategy        : 2
#    F               : 0.3
#    CR              : 0.8
#    tolerance       : 3e-06
# nthreads           : 32
# lgo input file     : abdf2.lgo
# site pat input file: ../../chrX/boot_chrX/boot7.opf
# free parameters    : 16
# points in DE swarm : 48
# output state file  : b1boot7.state
# Including singleton site patterns.
# cost function      : KL
Initial parameter values
Fixed:
      zero = 0
       one = 1
    Tbecnw = 75200
Free:
       pc1 = 0
       pc2 = 0
       pc3 = 0
       pc4 = 0
       pc5 = 0
       pc6 = 0
       pc7 = 0
       pc8 = 0
       pc9 = 0
      pc10 = 0
      pc11 = 0
      pc12 = 0
      pc13 = 0
      pc14 = 0
      pc15 = 0
      pc16 = 0
Constrained:
   Tgbecnw = 140147
     Tecnw = 24484
       Tnw = 19410
       Tec = 996.562
     twoNb = 989253
     twoNc = 442457
     twoNw = 3.09232e+06
    twoNec = 163096
    twoNnw = 24460.3
  twoNecnw = 65122.3
  twoNbecnw = 17320.6
  twoNgbecnw = 343574
         m = 0.0861972
        m2 = 0.0119272
        m4 = 0.0154514
        m6 = 6.29139e-07
        Tb = 12740.3
        Ta = 43970.1
        Td = 498.281
        Tf = 249.141
DiffEv reached_goal. cost=2.39942e-03 spread=2.75367e-06
Fitted parameter values
Free:
       pc1 = -2.8574
       pc2 = -0.219822
       pc3 = -1.6527
       pc4 = -1.47727
       pc5 = -1.27449
       pc6 = -0.252705
       pc7 = -1.43537
       pc8 = 1.95968
       pc9 = 0.686057
      pc10 = 0.457366
      pc11 = -0.0590111
      pc12 = 0.213192
      pc13 = -0.362549
      pc14 = -0.203915
      pc15 = 0.0774859
      pc16 = -0.0182738
Constrained:
   Tgbecnw = 103261
     Tecnw = 22934.9
       Tnw = 18266.5
       Tec = 767.048
     twoNb = 1.44981e+06
     twoNc = 613359
     twoNw = 1.60436e+06
    twoNec = 147934
    twoNnw = 23210.8
  twoNecnw = 63230.6
  twoNbecnw = 8050.86
  twoNgbecnw = 462045
         m = 0.0569198
        m2 = 0.0122166
        m4 = 0.0166807
        m6 = 1.93828e-06
        Tb = 11851
        Ta = 43525.5
        Td = 383.524
        Tf = 191.762
#       SitePat  BranchLen
              b 116584.3748217
              e 44157.3239381
              c 45033.1002856
              n 43172.4639003
              w 43172.4630708
            b:e 1232.1633305
            b:c 1391.6716568
            b:n 1040.7447423
            b:w 1040.7447069
            e:c 11752.2540410
            e:n 4364.1127294
            e:w 4364.1125410
            c:n 4243.2089458
            c:w 4243.2097754
            n:w 11953.2221396
          b:e:c 1251.0283454
          b:e:n 582.6644411
          b:e:w 582.6644038
          b:c:n 586.0126228
          b:c:w 586.0126581
          b:n:w 1252.9705156
          e:c:n 4310.4058829
          e:c:w 4310.4060712
          e:n:w 5289.3229478
          c:n:w 4969.1270339
        b:e:c:n 1138.4988933
        b:e:c:w 1138.4989307
        b:e:n:w 2050.6804398
        b:c:n:w 1570.7017411
        e:c:n:w 45505.2954007
