########################################
# legofit: estimate population history #
#       version 2.3.4-4-g53f8760       #
########################################

# Program was compiled: Sep 21 2021 14:36:42
# Program was run: Wed Oct 20 09:39:32 2021

# cmd: legofit -1 -d 0 -t 32 --ptsPerDim 3 --stateOut b1boot47.state --tol 3e-6 -S 5000 abdf2.lgo ../../chrX/boot_chrX/boot47.opf
# Stage nOptItr nSimReps
#     0    5000        0
# algorithm          : deterministic
# ignoring probs <=  : 0
# Branch length floor: 0
# DE strategy        : 2
#    F               : 0.3
#    CR              : 0.8
#    tolerance       : 3e-06
# nthreads           : 32
# lgo input file     : abdf2.lgo
# site pat input file: ../../chrX/boot_chrX/boot47.opf
# free parameters    : 16
# points in DE swarm : 48
# output state file  : b1boot47.state
# Including singleton site patterns.
# cost function      : KL
Initial parameter values
Fixed:
      zero = 0
       one = 1
    Tbecnw = 75200
Free:
       pc1 = 0
       pc2 = 0
       pc3 = 0
       pc4 = 0
       pc5 = 0
       pc6 = 0
       pc7 = 0
       pc8 = 0
       pc9 = 0
      pc10 = 0
      pc11 = 0
      pc12 = 0
      pc13 = 0
      pc14 = 0
      pc15 = 0
      pc16 = 0
Constrained:
   Tgbecnw = 140147
     Tecnw = 24484
       Tnw = 19410
       Tec = 996.562
     twoNb = 989253
     twoNc = 442457
     twoNw = 3.09232e+06
    twoNec = 163096
    twoNnw = 24460.3
  twoNecnw = 65122.3
  twoNbecnw = 17320.6
  twoNgbecnw = 343574
         m = 0.0861972
        m2 = 0.0119272
        m4 = 0.0154514
        m6 = 6.29139e-07
        Tb = 12740.3
        Ta = 43970.1
        Td = 498.281
        Tf = 249.141
DiffEv reached_goal. cost=2.32517e-03 spread=2.87991e-06
Fitted parameter values
Free:
       pc1 = -1.50346
       pc2 = 0.606496
       pc3 = -1.58097
       pc4 = -0.934922
       pc5 = -0.996756
       pc6 = -0.449026
       pc7 = -0.0153839
       pc8 = 1.88649
       pc9 = 1.80333
      pc10 = 0.656732
      pc11 = 1.90647
      pc12 = 0.309006
      pc13 = -0.537679
      pc14 = 0.180547
      pc15 = 0.0651746
      pc16 = -0.105883
Constrained:
   Tgbecnw = 105125
     Tecnw = 23626.3
       Tnw = 18630.6
       Tec = 591.425
     twoNb = 1.16489e+06
     twoNc = 2.15163e+06
     twoNw = 1.45841e+06
    twoNec = 160580
    twoNnw = 24271.4
  twoNecnw = 62152.1
  twoNbecnw = 9461.06
  twoNgbecnw = 301640
         m = 0.0902433
        m2 = 0.0127041
        m4 = 0.0163167
        m6 = 2.70826e-06
        Tb = 12108.9
        Ta = 43654.4
        Td = 295.712
        Tf = 147.856
#       SitePat  BranchLen
              b 118048.3362807
              e 44770.8029882
              c 45618.3472890
              n 43454.7524938
              w 43454.7511874
            b:e 1205.6429148
            b:c 1387.9690869
            b:n 980.5189847
            b:w 980.5189323
            e:c 11545.4134070
            e:n 4339.5296304
            e:w 4339.5293374
            c:n 4221.8218362
            c:w 4221.8231426
            n:w 11966.1369069
          b:e:c 1181.4137615
          b:e:n 551.9430860
          b:e:w 551.9430310
          b:c:n 554.5132777
          b:c:w 554.5133300
          b:n:w 1184.3314719
          e:c:n 4252.4591405
          e:c:w 4252.4594335
          e:n:w 5368.1566481
          c:n:w 5030.9023621
        b:e:c:n 1062.4838486
        b:e:c:w 1062.4839036
        b:e:n:w 1979.0543620
        b:c:n:w 1516.7115472
        e:c:n:w 46339.0625436
