########################################
# legofit: estimate population history #
#       version 2.3.4-4-g53f8760       #
########################################

# Program was compiled: Sep 21 2021 14:36:42
# Program was run: Wed Oct 20 09:22:04 2021

# cmd: legofit -1 -d 0 -t 32 --ptsPerDim 3 --stateOut b1boot21.state --tol 3e-6 -S 5000 abdf2.lgo ../../chrX/boot_chrX/boot21.opf
# Stage nOptItr nSimReps
#     0    5000        0
# algorithm          : deterministic
# ignoring probs <=  : 0
# Branch length floor: 0
# DE strategy        : 2
#    F               : 0.3
#    CR              : 0.8
#    tolerance       : 3e-06
# nthreads           : 32
# lgo input file     : abdf2.lgo
# site pat input file: ../../chrX/boot_chrX/boot21.opf
# free parameters    : 16
# points in DE swarm : 48
# output state file  : b1boot21.state
# Including singleton site patterns.
# cost function      : KL
Initial parameter values
Fixed:
      zero = 0
       one = 1
    Tbecnw = 75200
Free:
       pc1 = 0
       pc2 = 0
       pc3 = 0
       pc4 = 0
       pc5 = 0
       pc6 = 0
       pc7 = 0
       pc8 = 0
       pc9 = 0
      pc10 = 0
      pc11 = 0
      pc12 = 0
      pc13 = 0
      pc14 = 0
      pc15 = 0
      pc16 = 0
Constrained:
   Tgbecnw = 140147
     Tecnw = 24484
       Tnw = 19410
       Tec = 996.562
     twoNb = 989253
     twoNc = 442457
     twoNw = 3.09232e+06
    twoNec = 163096
    twoNnw = 24460.3
  twoNecnw = 65122.3
  twoNbecnw = 17320.6
  twoNgbecnw = 343574
         m = 0.0861972
        m2 = 0.0119272
        m4 = 0.0154514
        m6 = 6.29139e-07
        Tb = 12740.3
        Ta = 43970.1
        Td = 498.281
        Tf = 249.141
DiffEv reached_goal. cost=2.42202e-03 spread=2.86892e-06
Fitted parameter values
Free:
       pc1 = -2.49075
       pc2 = 0.863425
       pc3 = -0.268472
       pc4 = -0.720352
       pc5 = 0.878704
       pc6 = -0.962658
       pc7 = -1.22069
       pc8 = 1.70608
       pc9 = 1.64713
      pc10 = -0.689198
      pc11 = 1.25256
      pc12 = -0.0138523
      pc13 = -0.565139
      pc14 = 0.0373639
      pc15 = 0.354796
      pc16 = -0.181102
Constrained:
   Tgbecnw = 97375.4
     Tecnw = 23258.7
       Tnw = 19258.4
       Tec = 610.496
     twoNb = 1.5132e+06
     twoNc = 845474
     twoNw = 418302
    twoNec = 159275
    twoNnw = 18358.5
  twoNecnw = 63761.6
  twoNbecnw = 7818.33
  twoNgbecnw = 250582
         m = 0.11288
        m2 = 0.0117211
        m4 = 0.0143728
        m6 = 1.00229e-06
        Tb = 11934.6
        Ta = 43567.3
        Td = 305.248
        Tf = 152.624
#       SitePat  BranchLen
              b 118360.9434490
              e 44802.0501488
              c 45550.9880181
              n 43233.4936001
              w 43233.4919075
            b:e 1257.5141523
            b:c 1418.3792985
            b:n 1012.9745100
            b:w 1012.9744389
            e:c 11675.9330440
            e:n 4324.7928722
            e:w 4324.7924893
            c:n 4222.5770360
            c:w 4222.5787285
            n:w 12250.1225973
          b:e:c 1250.3350099
          b:e:n 572.6574282
          b:e:w 572.6573531
          b:c:n 574.7279477
          b:c:w 574.7280188
          b:n:w 1250.9191056
          e:c:n 4230.7843197
          e:c:w 4230.7847026
          e:n:w 5416.2581974
          c:n:w 5114.5339339
        b:e:c:n 1105.8743935
        b:e:c:w 1105.8744686
        b:e:n:w 1968.3833037
        b:c:n:w 1560.5927876
        e:c:n:w 46760.8440908
