########################################
# legofit: estimate population history #
#       version 2.3.4-4-g53f8760       #
########################################

# Program was compiled: Sep 21 2021 14:36:42
# Program was run: Mon Oct 11 12:37:28 2021

# cmd: legofit -1 -d 0 -t 32 --ptsPerDim 3 --stateOut b1boot12.state --tol 3e-6 -S 5000 adef2.lgo ../../chrX/boot_chrX/boot12.opf
# Stage nOptItr nSimReps
#     0    5000        0
# algorithm          : deterministic
# ignoring probs <=  : 0
# Branch length floor: 0
# DE strategy        : 2
#    F               : 0.3
#    CR              : 0.8
#    tolerance       : 3e-06
# nthreads           : 32
# lgo input file     : adef2.lgo
# site pat input file: ../../chrX/boot_chrX/boot12.opf
# free parameters    : 18
# points in DE swarm : 54
# output state file  : b1boot12.state
# Including singleton site patterns.
# cost function      : KL
Initial parameter values
Fixed:
      zero = 0
       one = 1
    Tbecnw = 75200
Free:
       pc1 = 0
       pc2 = 0
       pc3 = 0
       pc4 = 0
       pc5 = 0
       pc6 = 0
       pc7 = 0
       pc8 = 0
       pc9 = 0
      pc10 = 0
      pc11 = 0
      pc12 = 0
      pc13 = 0
      pc14 = 0
      pc15 = 0
      pc16 = 0
      pc17 = 0
      pc18 = 0
Constrained:
   Tgbecnw = 109982
     Tecnw = 25271.3
       Tnw = 21073.6
       Tec = 227.838
     twoNb = 2.89447e+06
     twoNe = 5.78892e+06
     twoNc = 6.56802e+06
     twoNn = 5.56357e+06
     twoNw = 3.13567e+06
    twoNec = 150913
    twoNnw = 16877.7
  twoNecnw = 66061.2
  twoNbecnw = 11925.9
  twoNgbecnw = 254234
         m = 0.117906
        m4 = 0.0159352
        m5 = 0.109036
        m6 = 0.0275239
        Ta = 37713.9
        Td = 113.919
        Te = 56.9594
        Tf = 28.4797
DiffEv reached_goal. cost=2.40803e-03 spread=2.48064e-06
Fitted parameter values
Free:
       pc1 = 1.659
       pc2 = 3.92784
       pc3 = -1.76721
       pc4 = 0.766515
       pc5 = 0.637122
       pc6 = 1.20981
       pc7 = -0.642659
       pc8 = 1.03787
       pc9 = -0.600828
      pc10 = -1.07232
      pc11 = 1.4424
      pc12 = -0.0771305
      pc13 = 0.0742337
      pc14 = -0.452845
      pc15 = -0.304238
      pc16 = 0.050484
      pc17 = 0.0397008
      pc18 = 0.00587444
Constrained:
   Tgbecnw = 84192.3
     Tecnw = 23911
       Tnw = 20581.4
       Tec = 2.32854
     twoNb = 3.18e+06
     twoNe = 1.29928e+07
     twoNc = 1.48093e+07
     twoNn = 2.35222e+06
     twoNw = 5.41769e+06
    twoNec = 135137
    twoNnw = 13543.6
  twoNecnw = 62621.3
  twoNbecnw = 3178.86
  twoNgbecnw = 309839
         m = 0.0901029
        m4 = 0.0164543
        m5 = 0.115418
        m6 = 0.0311623
        Ta = 37601.2
        Td = 1.16427
        Te = 0.582136
        Tf = 0.291068
#       SitePat  BranchLen
              b 116104.1549765
              e 42865.1731862
              c 44750.8595257
              n 42384.7914611
              w 42364.5566626
            b:e 1162.3565145
            b:c 1385.9337176
            b:n 1034.4401307
            b:w 1033.5374563
            e:c 11583.4033626
            e:n 4392.1293986
            e:w 4407.0927432
            c:n 4016.7982534
            c:w 4017.5090804
            n:w 11800.6531750
          b:e:c 1293.3229066
          b:e:n 588.9032506
          b:e:w 589.4088359
          b:c:n 594.1996447
          b:c:w 593.6316089
          b:n:w 1278.9192622
          e:c:n 4104.5431729
          e:c:w 4109.1037997
          e:n:w 5570.3387086
          c:n:w 4762.5302024
        b:e:c:n 1143.1421986
        b:e:c:w 1144.1073235
        b:e:n:w 1827.6960662
        b:c:n:w 1281.6365428
        e:c:n:w 46274.6690959
