########################################
# legofit: estimate population history #
#       version 2.3.4-4-g53f8760       #
########################################

# Program was compiled: Sep 21 2021 14:36:42
# Program was run: Mon Oct 11 12:36:43 2021

# cmd: legofit -1 -d 0 -t 32 --ptsPerDim 3 --stateOut b1boot9.state --tol 3e-6 -S 5000 adef2.lgo ../../chrX/boot_chrX/boot9.opf
# Stage nOptItr nSimReps
#     0    5000        0
# algorithm          : deterministic
# ignoring probs <=  : 0
# Branch length floor: 0
# DE strategy        : 2
#    F               : 0.3
#    CR              : 0.8
#    tolerance       : 3e-06
# nthreads           : 32
# lgo input file     : adef2.lgo
# site pat input file: ../../chrX/boot_chrX/boot9.opf
# free parameters    : 18
# points in DE swarm : 54
# output state file  : b1boot9.state
# Including singleton site patterns.
# cost function      : KL
Initial parameter values
Fixed:
      zero = 0
       one = 1
    Tbecnw = 75200
Free:
       pc1 = 0
       pc2 = 0
       pc3 = 0
       pc4 = 0
       pc5 = 0
       pc6 = 0
       pc7 = 0
       pc8 = 0
       pc9 = 0
      pc10 = 0
      pc11 = 0
      pc12 = 0
      pc13 = 0
      pc14 = 0
      pc15 = 0
      pc16 = 0
      pc17 = 0
      pc18 = 0
Constrained:
   Tgbecnw = 109982
     Tecnw = 25271.3
       Tnw = 21073.6
       Tec = 227.838
     twoNb = 2.89447e+06
     twoNe = 5.78892e+06
     twoNc = 6.56802e+06
     twoNn = 5.56357e+06
     twoNw = 3.13567e+06
    twoNec = 150913
    twoNnw = 16877.7
  twoNecnw = 66061.2
  twoNbecnw = 11925.9
  twoNgbecnw = 254234
         m = 0.117906
        m4 = 0.0159352
        m5 = 0.109036
        m6 = 0.0275239
        Ta = 37713.9
        Td = 113.919
        Te = 56.9594
        Tf = 28.4797
DiffEv reached_goal. cost=2.34224e-03 spread=2.72791e-06
Fitted parameter values
Free:
       pc1 = 2.20042
       pc2 = 3.92841
       pc3 = -1.68641
       pc4 = 0.477825
       pc5 = 0.7689
       pc6 = 1.839
       pc7 = -0.510511
       pc8 = 1.94515
       pc9 = 1.03301
      pc10 = 0.127272
      pc11 = 0.834773
      pc12 = -0.331021
      pc13 = -0.209907
      pc14 = 0.0501939
      pc15 = -0.049584
      pc16 = -0.0157532
      pc17 = 0.0576907
      pc18 = 0.00138296
Constrained:
   Tgbecnw = 84405.2
     Tecnw = 24409.5
       Tnw = 19345.6
       Tec = 139.218
     twoNb = 2.57627e+06
     twoNe = 1.01019e+06
     twoNc = 2.20236e+07
     twoNn = 1.21251e+06
     twoNw = 5.37944e+06
    twoNec = 133583
    twoNnw = 20217.1
  twoNecnw = 63715
  twoNbecnw = 3190.92
  twoNgbecnw = 319768
         m = 0.0878103
        m4 = 0.0137527
        m5 = 0.126633
        m6 = 0.0474585
        Ta = 37669.6
        Td = 69.6092
        Te = 34.8046
        Tf = 17.4023
#       SitePat  BranchLen
              b 115967.5924116
              e 43321.4619022
              c 45029.0697953
              n 42568.3763245
              w 42545.1771633
            b:e 1165.0158383
            b:c 1359.8696608
            b:n 1028.0098606
            b:w 1027.0004533
            e:c 11538.3637954
            e:n 4396.9064114
            e:w 4412.3830261
            c:n 4040.3187219
            c:w 4042.9343349
            n:w 11945.2770656
          b:e:c 1287.8750494
          b:e:n 588.8039704
          b:e:w 589.2431364
          b:c:n 593.5664607
          b:c:w 593.0556644
          b:n:w 1273.4552255
          e:c:n 4040.5134261
          e:c:w 4045.6203596
          e:n:w 5489.2722183
          c:n:w 4763.8569713
        b:e:c:n 1139.8213793
        b:e:c:w 1140.9024168
        b:e:n:w 1747.5900996
        b:c:n:w 1288.0048941
        e:c:n:w 45886.0335916
