########################################
# legofit: estimate population history #
#       version 2.3.4-4-g53f8760       #
########################################

# Program was compiled: Sep 21 2021 14:36:42
# Program was run: Mon Oct 11 12:35:20 2021

# cmd: legofit -1 -d 0 -t 32 --ptsPerDim 3 --stateOut b1boot0.state --tol 3e-6 -S 5000 adef2.lgo ../../chrX/boot_chrX/boot0.opf
# Stage nOptItr nSimReps
#     0    5000        0
# algorithm          : deterministic
# ignoring probs <=  : 0
# Branch length floor: 0
# DE strategy        : 2
#    F               : 0.3
#    CR              : 0.8
#    tolerance       : 3e-06
# nthreads           : 32
# lgo input file     : adef2.lgo
# site pat input file: ../../chrX/boot_chrX/boot0.opf
# free parameters    : 18
# points in DE swarm : 54
# output state file  : b1boot0.state
# Including singleton site patterns.
# cost function      : KL
Initial parameter values
Fixed:
      zero = 0
       one = 1
    Tbecnw = 75200
Free:
       pc1 = 0
       pc2 = 0
       pc3 = 0
       pc4 = 0
       pc5 = 0
       pc6 = 0
       pc7 = 0
       pc8 = 0
       pc9 = 0
      pc10 = 0
      pc11 = 0
      pc12 = 0
      pc13 = 0
      pc14 = 0
      pc15 = 0
      pc16 = 0
      pc17 = 0
      pc18 = 0
Constrained:
   Tgbecnw = 109982
     Tecnw = 25271.3
       Tnw = 21073.6
       Tec = 227.838
     twoNb = 2.89447e+06
     twoNe = 5.78892e+06
     twoNc = 6.56802e+06
     twoNn = 5.56357e+06
     twoNw = 3.13567e+06
    twoNec = 150913
    twoNnw = 16877.7
  twoNecnw = 66061.2
  twoNbecnw = 11925.9
  twoNgbecnw = 254234
         m = 0.117906
        m4 = 0.0159352
        m5 = 0.109036
        m6 = 0.0275239
        Ta = 37713.9
        Td = 113.919
        Te = 56.9594
        Tf = 28.4797
DiffEv reached_goal. cost=2.26984e-03 spread=2.59271e-06
Fitted parameter values
Free:
       pc1 = 0.96913
       pc2 = 3.9937
       pc3 = -1.33377
       pc4 = 0.295631
       pc5 = 1.52207
       pc6 = 1.94884
       pc7 = -0.618249
       pc8 = 1.37813
       pc9 = -0.1496
      pc10 = -1.66819
      pc11 = 1.06847
      pc12 = 0.0142027
      pc13 = -0.106844
      pc14 = 0.00505627
      pc15 = 0.0461597
      pc16 = 0.123364
      pc17 = 0.072835
      pc18 = -0.0480542
Constrained:
   Tgbecnw = 85084.9
     Tecnw = 23532.2
       Tnw = 22039.8
       Tec = 28.3061
     twoNb = 2.66595e+06
     twoNe = 6.07454e+06
     twoNc = 2.16769e+07
     twoNn = -3.47033e+06
     twoNw = 5.54988e+06
    twoNec = 139009
    twoNnw = 5692.96
  twoNecnw = 66076.5
  twoNbecnw = 3499.11
  twoNgbecnw = 302680
         m = 0.0924955
        m4 = 0.0164396
        m5 = 0.115864
        m6 = 0.0453933
        Ta = 37614.2
        Td = 14.153
        Te = 7.07652
        Tf = 3.53826
#       SitePat  BranchLen
              b 116017.1445163
              e 43606.7175411
              c 45337.2667950
              n 42476.5885516
              w 42453.7230958
            b:e 1214.7441341
            b:c 1431.1425287
            b:n 1036.7638676
            b:w 1035.7161714
            e:c 11489.6576287
            e:n 4425.6471941
            e:w 4440.5983864
            c:n 4092.0112869
            c:w 4094.6799810
            n:w 12057.5306461
          b:e:c 1328.0192434
          b:e:n 601.9767151
          b:e:w 602.4131069
          b:c:n 607.0356482
          b:c:w 606.5232667
          b:n:w 1309.9635168
          e:c:n 4017.4621930
          e:c:w 4022.7077624
          e:n:w 5682.6593557
          c:n:w 4933.5508339
        b:e:c:n 1152.6140368
        b:e:c:w 1153.7377227
        b:e:n:w 1872.6052138
        b:c:n:w 1345.1511745
        e:c:n:w 45703.9907612
