########################################
# legofit: estimate population history #
#       version 2.3.4-4-g53f8760       #
########################################

# Program was compiled: Sep 21 2021 14:36:42
# Program was run: Mon Oct 11 12:35:19 2021

# cmd: legofit -1 -d 0 -t 32 --ptsPerDim 3 --stateOut b1boot4.state --tol 3e-6 -S 5000 adef2.lgo ../../chrX/boot_chrX/boot4.opf
# Stage nOptItr nSimReps
#     0    5000        0
# algorithm          : deterministic
# ignoring probs <=  : 0
# Branch length floor: 0
# DE strategy        : 2
#    F               : 0.3
#    CR              : 0.8
#    tolerance       : 3e-06
# nthreads           : 32
# lgo input file     : adef2.lgo
# site pat input file: ../../chrX/boot_chrX/boot4.opf
# free parameters    : 18
# points in DE swarm : 54
# output state file  : b1boot4.state
# Including singleton site patterns.
# cost function      : KL
Initial parameter values
Fixed:
      zero = 0
       one = 1
    Tbecnw = 75200
Free:
       pc1 = 0
       pc2 = 0
       pc3 = 0
       pc4 = 0
       pc5 = 0
       pc6 = 0
       pc7 = 0
       pc8 = 0
       pc9 = 0
      pc10 = 0
      pc11 = 0
      pc12 = 0
      pc13 = 0
      pc14 = 0
      pc15 = 0
      pc16 = 0
      pc17 = 0
      pc18 = 0
Constrained:
   Tgbecnw = 109982
     Tecnw = 25271.3
       Tnw = 21073.6
       Tec = 227.838
     twoNb = 2.89447e+06
     twoNe = 5.78892e+06
     twoNc = 6.56802e+06
     twoNn = 5.56357e+06
     twoNw = 3.13567e+06
    twoNec = 150913
    twoNnw = 16877.7
  twoNecnw = 66061.2
  twoNbecnw = 11925.9
  twoNgbecnw = 254234
         m = 0.117906
        m4 = 0.0159352
        m5 = 0.109036
        m6 = 0.0275239
        Ta = 37713.9
        Td = 113.919
        Te = 56.9594
        Tf = 28.4797
DiffEv reached_goal. cost=2.38191e-03 spread=2.63305e-06
Fitted parameter values
Free:
       pc1 = 1.13262
       pc2 = 3.96073
       pc3 = -2.11217
       pc4 = 1.26387
       pc5 = -0.604397
       pc6 = 1.60294
       pc7 = -0.0389422
       pc8 = 0.840254
       pc9 = 0.937073
      pc10 = -0.668577
      pc11 = -0.374853
      pc12 = -0.0080409
      pc13 = 0.227636
      pc14 = -0.13877
      pc15 = -0.117431
      pc16 = 0.0729313
      pc17 = -0.000352639
      pc18 = 0.00733867
Constrained:
   Tgbecnw = 85745.3
     Tecnw = 23849.8
       Tnw = 21436.7
       Tec = 101.582
     twoNb = 1.8337e+06
     twoNe = 3.42517e+06
     twoNc = 6.62391e+06
     twoNn = 1.36786e+07
     twoNw = 4.76463e+06
    twoNec = 134755
    twoNnw = 9480.63
  twoNecnw = 65387.5
  twoNbecnw = 3688.5
  twoNgbecnw = 312975
         m = 0.0918535
        m4 = 0.0139733
        m5 = 0.138043
        m6 = 0.0364355
        Ta = 37650.8
        Td = 50.7909
        Te = 25.3955
        Tf = 12.6977
#       SitePat  BranchLen
              b 116989.2939227
              e 43331.2266135
              c 45339.4834028
              n 42659.1922594
              w 42630.7643679
            b:e 1194.6654906
            b:c 1430.3757406
            b:n 1049.7961543
            b:w 1048.5002216
            e:c 11538.3251165
            e:n 4490.7312182
            e:w 4511.8736775
            c:n 4069.6258732
            c:w 4070.4717478
            n:w 11918.3110813
          b:e:c 1322.0911550
          b:e:n 605.7463676
          b:e:w 606.4813064
          b:c:n 611.6406357
          b:c:w 610.8123907
          b:n:w 1305.9393859
          e:c:n 4066.3401188
          e:c:w 4072.7796765
          e:n:w 5698.3272539
          c:n:w 4807.0758701
        b:e:c:n 1164.7411775
        b:e:c:w 1166.1304165
        b:e:n:w 1822.4260370
        b:c:n:w 1321.9921926
        e:c:n:w 46658.7470804
