########################################
# legofit: estimate population history #
#       version 2.3.4-4-g53f8760       #
########################################

# Program was compiled: Sep 21 2021 14:36:42
# Program was run: Mon Oct 11 12:36:11 2021

# cmd: legofit -1 -d 0 -t 32 --ptsPerDim 3 --stateOut b1boot5.state --tol 3e-6 -S 5000 adef2.lgo ../../chrX/boot_chrX/boot5.opf
# Stage nOptItr nSimReps
#     0    5000        0
# algorithm          : deterministic
# ignoring probs <=  : 0
# Branch length floor: 0
# DE strategy        : 2
#    F               : 0.3
#    CR              : 0.8
#    tolerance       : 3e-06
# nthreads           : 32
# lgo input file     : adef2.lgo
# site pat input file: ../../chrX/boot_chrX/boot5.opf
# free parameters    : 18
# points in DE swarm : 54
# output state file  : b1boot5.state
# Including singleton site patterns.
# cost function      : KL
Initial parameter values
Fixed:
      zero = 0
       one = 1
    Tbecnw = 75200
Free:
       pc1 = 0
       pc2 = 0
       pc3 = 0
       pc4 = 0
       pc5 = 0
       pc6 = 0
       pc7 = 0
       pc8 = 0
       pc9 = 0
      pc10 = 0
      pc11 = 0
      pc12 = 0
      pc13 = 0
      pc14 = 0
      pc15 = 0
      pc16 = 0
      pc17 = 0
      pc18 = 0
Constrained:
   Tgbecnw = 109982
     Tecnw = 25271.3
       Tnw = 21073.6
       Tec = 227.838
     twoNb = 2.89447e+06
     twoNe = 5.78892e+06
     twoNc = 6.56802e+06
     twoNn = 5.56357e+06
     twoNw = 3.13567e+06
    twoNec = 150913
    twoNnw = 16877.7
  twoNecnw = 66061.2
  twoNbecnw = 11925.9
  twoNgbecnw = 254234
         m = 0.117906
        m4 = 0.0159352
        m5 = 0.109036
        m6 = 0.0275239
        Ta = 37713.9
        Td = 113.919
        Te = 56.9594
        Tf = 28.4797
DiffEv reached_goal. cost=2.37165e-03 spread=2.79859e-06
Fitted parameter values
Free:
       pc1 = 0.897788
       pc2 = 3.97835
       pc3 = -2.27992
       pc4 = 1.19944
       pc5 = 1.7411
       pc6 = 1.99282
       pc7 = -0.553543
       pc8 = 0.700054
       pc9 = -0.0795647
      pc10 = -0.771357
      pc11 = 1.09611
      pc12 = -0.463196
      pc13 = 0.35446
      pc14 = -0.157319
      pc15 = -0.0885846
      pc16 = 0.0179547
      pc17 = -0.0743868
      pc18 = 0.000995569
Constrained:
   Tgbecnw = 83350.5
     Tecnw = 23297.7
       Tnw = 21155.7
       Tec = 31.7735
     twoNb = 2.86122e+06
     twoNe = 3.33292e+06
     twoNc = 1.20814e+07
     twoNn = -6.45447e+06
     twoNw = 4.92729e+06
    twoNec = 139732
    twoNnw = 8674.61
  twoNecnw = 64929.4
  twoNbecnw = 2789.73
  twoNgbecnw = 332275
         m = 0.0785689
        m4 = 0.0155732
        m5 = 0.115712
        m6 = 0.0168513
        Ta = 37615.9
        Td = 15.8867
        Te = 7.94337
        Tf = 3.97169
#       SitePat  BranchLen
              b 113719.6461987
              e 42953.8982030
              c 44965.1263471
              n 42333.1449807
              w 42312.6224817
            b:e 1153.3781087
            b:c 1375.0883697
            b:n 1019.9187232
            b:w 1019.0062713
            e:c 11475.2570265
            e:n 4443.8704546
            e:w 4461.1969359
            c:n 4027.2866046
            c:w 4025.8682699
            n:w 11858.0944003
          b:e:c 1283.2182978
          b:e:n 586.6594372
          b:e:w 587.3312484
          b:c:n 592.6306334
          b:c:w 591.8910001
          b:n:w 1267.0950360
          e:c:n 4044.0150560
          e:c:w 4048.6294082
          e:n:w 5592.0767388
          c:n:w 4720.4555881
        b:e:c:n 1134.5071413
        b:e:c:w 1135.4874152
        b:e:n:w 1799.7064573
        b:c:n:w 1279.7706776
        e:c:n:w 43846.1031802
