########################################
# legofit: estimate population history #
#       version 2.3.4-4-g53f8760       #
########################################

# Program was compiled: Sep 21 2021 14:36:42
# Program was run: Mon Oct 11 12:40:57 2021

# cmd: legofit -1 -d 0 -t 32 --ptsPerDim 3 --stateOut b1boot30.state --tol 3e-6 -S 5000 adef2.lgo ../../chrX/boot_chrX/boot30.opf
# Stage nOptItr nSimReps
#     0    5000        0
# algorithm          : deterministic
# ignoring probs <=  : 0
# Branch length floor: 0
# DE strategy        : 2
#    F               : 0.3
#    CR              : 0.8
#    tolerance       : 3e-06
# nthreads           : 32
# lgo input file     : adef2.lgo
# site pat input file: ../../chrX/boot_chrX/boot30.opf
# free parameters    : 18
# points in DE swarm : 54
# output state file  : b1boot30.state
# Including singleton site patterns.
# cost function      : KL
Initial parameter values
Fixed:
      zero = 0
       one = 1
    Tbecnw = 75200
Free:
       pc1 = 0
       pc2 = 0
       pc3 = 0
       pc4 = 0
       pc5 = 0
       pc6 = 0
       pc7 = 0
       pc8 = 0
       pc9 = 0
      pc10 = 0
      pc11 = 0
      pc12 = 0
      pc13 = 0
      pc14 = 0
      pc15 = 0
      pc16 = 0
      pc17 = 0
      pc18 = 0
Constrained:
   Tgbecnw = 109982
     Tecnw = 25271.3
       Tnw = 21073.6
       Tec = 227.838
     twoNb = 2.89447e+06
     twoNe = 5.78892e+06
     twoNc = 6.56802e+06
     twoNn = 5.56357e+06
     twoNw = 3.13567e+06
    twoNec = 150913
    twoNnw = 16877.7
  twoNecnw = 66061.2
  twoNbecnw = 11925.9
  twoNgbecnw = 254234
         m = 0.117906
        m4 = 0.0159352
        m5 = 0.109036
        m6 = 0.0275239
        Ta = 37713.9
        Td = 113.919
        Te = 56.9594
        Tf = 28.4797
DiffEv reached_goal. cost=2.37393e-03 spread=2.73335e-06
Fitted parameter values
Free:
       pc1 = 1.43906
       pc2 = 3.99681
       pc3 = -2.45361
       pc4 = 0.43739
       pc5 = 1.9436
       pc6 = 1.59149
       pc7 = -0.704832
       pc8 = 1.43543
       pc9 = 0.086632
      pc10 = -0.447545
      pc11 = 1.90739
      pc12 = -0.102535
      pc13 = 0.0349308
      pc14 = -0.236981
      pc15 = -0.155036
      pc16 = 0.123162
      pc17 = 0.0790374
      pc18 = 0.0383819
Constrained:
   Tgbecnw = 81701.7
     Tecnw = 23679.8
       Tnw = 20349.5
       Tec = 34.4241
     twoNb = 3.65761e+06
     twoNe = 1.09012e+06
     twoNc = 2.07348e+07
     twoNn = -6.21138e+06
     twoNw = 5.27636e+06
    twoNec = 141477
    twoNnw = 13463.2
  twoNecnw = 61897.3
  twoNbecnw = 2269.65
  twoNgbecnw = 320508
         m = 0.0878869
        m4 = 0.0155012
        m5 = 0.105513
        m6 = 0.0254559
        Ta = 37617.2
        Td = 17.2121
        Te = 8.60603
        Tf = 4.30302
#       SitePat  BranchLen
              b 115632.3155798
              e 42709.2821321
              c 44499.7978090
              n 41958.6435738
              w 41940.4746223
            b:e 1126.2265394
            b:c 1330.9244004
            b:n 989.7768421
            b:w 988.9919656
            e:c 11342.4352614
            e:n 4339.5749035
            e:w 4353.4190083
            c:n 3984.9821809
            c:w 3985.2295530
            n:w 11749.4715411
          b:e:c 1243.3689363
          b:e:n 566.9690218
          b:e:w 567.4381023
          b:c:n 571.9237496
          b:c:w 571.3999460
          b:n:w 1228.6029024
          e:c:n 4033.2227896
          e:c:w 4037.3002642
          e:n:w 5512.7102560
          c:n:w 4749.3393702
        b:e:c:n 1094.8337841
        b:e:c:w 1095.6733838
        b:e:n:w 1760.3806289
        b:c:n:w 1242.4034677
        e:c:n:w 46228.3943539
