########################################
# legofit: estimate population history #
#       version 2.3.4-4-g53f8760       #
########################################

# Program was compiled: Sep 21 2021 14:36:42
# Program was run: Mon Oct 11 12:39:26 2021

# cmd: legofit -1 -d 0 -t 32 --ptsPerDim 3 --stateOut b1boot22.state --tol 3e-6 -S 5000 adef2.lgo ../../chrX/boot_chrX/boot22.opf
# Stage nOptItr nSimReps
#     0    5000        0
# algorithm          : deterministic
# ignoring probs <=  : 0
# Branch length floor: 0
# DE strategy        : 2
#    F               : 0.3
#    CR              : 0.8
#    tolerance       : 3e-06
# nthreads           : 32
# lgo input file     : adef2.lgo
# site pat input file: ../../chrX/boot_chrX/boot22.opf
# free parameters    : 18
# points in DE swarm : 54
# output state file  : b1boot22.state
# Including singleton site patterns.
# cost function      : KL
Initial parameter values
Fixed:
      zero = 0
       one = 1
    Tbecnw = 75200
Free:
       pc1 = 0
       pc2 = 0
       pc3 = 0
       pc4 = 0
       pc5 = 0
       pc6 = 0
       pc7 = 0
       pc8 = 0
       pc9 = 0
      pc10 = 0
      pc11 = 0
      pc12 = 0
      pc13 = 0
      pc14 = 0
      pc15 = 0
      pc16 = 0
      pc17 = 0
      pc18 = 0
Constrained:
   Tgbecnw = 109982
     Tecnw = 25271.3
       Tnw = 21073.6
       Tec = 227.838
     twoNb = 2.89447e+06
     twoNe = 5.78892e+06
     twoNc = 6.56802e+06
     twoNn = 5.56357e+06
     twoNw = 3.13567e+06
    twoNec = 150913
    twoNnw = 16877.7
  twoNecnw = 66061.2
  twoNbecnw = 11925.9
  twoNgbecnw = 254234
         m = 0.117906
        m4 = 0.0159352
        m5 = 0.109036
        m6 = 0.0275239
        Ta = 37713.9
        Td = 113.919
        Te = 56.9594
        Tf = 28.4797
DiffEv reached_goal. cost=2.31181e-03 spread=2.01883e-06
Fitted parameter values
Free:
       pc1 = 2.80274
       pc2 = 3.92354
       pc3 = -0.118386
       pc4 = 0.969726
       pc5 = -0.880726
       pc6 = 1.99822
       pc7 = 0.345602
       pc8 = 0.974265
       pc9 = -0.808733
      pc10 = -0.801849
      pc11 = 1.48428
      pc12 = 0.141996
      pc13 = 0.0873392
      pc14 = -0.326252
      pc15 = 0.124487
      pc16 = 0.0236655
      pc17 = 0.0738451
      pc18 = 0.0590287
Constrained:
   Tgbecnw = 86208
     Tecnw = 24856.6
       Tnw = 18936.8
       Tec = 142.538
     twoNb = 1.14437e+06
     twoNe = 2.14671e+07
     twoNc = 1.03011e+07
     twoNn = 4.512e+06
     twoNw = 6.92834e+06
    twoNec = 132267
    twoNnw = 22637.1
  twoNecnw = 61860.5
  twoNbecnw = 4028.01
  twoNgbecnw = 278185
         m = 0.095909
        m4 = 0.016577
        m5 = 0.136867
        m6 = 0.0602999
        Ta = 37671.3
        Td = 71.2689
        Te = 35.6344
        Tf = 17.8172
#       SitePat  BranchLen
              b 115402.4307703
              e 43340.2784124
              c 45128.9899007
              n 42295.0198171
              w 42275.0889028
            b:e 1187.8588820
            b:c 1443.6618032
            b:n 1031.3024608
            b:w 1030.4295882
            e:c 11476.6386203
            e:n 4397.3700782
            e:w 4409.8533008
            c:n 4026.0721732
            c:w 4029.1177411
            n:w 12081.6428313
          b:e:c 1305.7759181
          b:e:n 591.8958581
          b:e:w 592.2166467
          b:c:n 597.4332480
          b:c:w 597.0541937
          b:n:w 1289.4629295
          e:c:n 4047.2488100
          e:c:w 4051.6509339
          e:n:w 5676.7585415
          c:n:w 4875.6864458
        b:e:c:n 1136.8343128
        b:e:c:w 1137.7654510
        b:e:n:w 1807.2021841
        b:c:n:w 1305.4182596
        e:c:n:w 45297.3946948
