########################################
# legofit: estimate population history #
#       version 2.3.4-4-g53f8760       #
########################################

# Program was compiled: Sep 21 2021 14:36:42
# Program was run: Mon Oct 11 12:36:38 2021

# cmd: legofit -1 -d 0 -t 32 --ptsPerDim 3 --stateOut b1boot8.state --tol 3e-6 -S 5000 adef2.lgo ../../chrX/boot_chrX/boot8.opf
# Stage nOptItr nSimReps
#     0    5000        0
# algorithm          : deterministic
# ignoring probs <=  : 0
# Branch length floor: 0
# DE strategy        : 2
#    F               : 0.3
#    CR              : 0.8
#    tolerance       : 3e-06
# nthreads           : 32
# lgo input file     : adef2.lgo
# site pat input file: ../../chrX/boot_chrX/boot8.opf
# free parameters    : 18
# points in DE swarm : 54
# output state file  : b1boot8.state
# Including singleton site patterns.
# cost function      : KL
Initial parameter values
Fixed:
      zero = 0
       one = 1
    Tbecnw = 75200
Free:
       pc1 = 0
       pc2 = 0
       pc3 = 0
       pc4 = 0
       pc5 = 0
       pc6 = 0
       pc7 = 0
       pc8 = 0
       pc9 = 0
      pc10 = 0
      pc11 = 0
      pc12 = 0
      pc13 = 0
      pc14 = 0
      pc15 = 0
      pc16 = 0
      pc17 = 0
      pc18 = 0
Constrained:
   Tgbecnw = 109982
     Tecnw = 25271.3
       Tnw = 21073.6
       Tec = 227.838
     twoNb = 2.89447e+06
     twoNe = 5.78892e+06
     twoNc = 6.56802e+06
     twoNn = 5.56357e+06
     twoNw = 3.13567e+06
    twoNec = 150913
    twoNnw = 16877.7
  twoNecnw = 66061.2
  twoNbecnw = 11925.9
  twoNgbecnw = 254234
         m = 0.117906
        m4 = 0.0159352
        m5 = 0.109036
        m6 = 0.0275239
        Ta = 37713.9
        Td = 113.919
        Te = 56.9594
        Tf = 28.4797
DiffEv reached_goal. cost=2.28278e-03 spread=2.93296e-06
Fitted parameter values
Free:
       pc1 = 0.909326
       pc2 = 3.87834
       pc3 = -1.68178
       pc4 = 0.791499
       pc5 = 1.50177
       pc6 = 1.87536
       pc7 = -0.00524187
       pc8 = 0.848548
       pc9 = 0.0785331
      pc10 = -0.938464
      pc11 = 0.370913
      pc12 = -0.337513
      pc13 = 0.262275
      pc14 = 0.0688081
      pc15 = 0.0935789
      pc16 = 0.141413
      pc17 = 0.00636828
      pc18 = -0.0192367
Constrained:
   Tgbecnw = 85780.9
     Tecnw = 23571.1
       Tnw = 21583.6
       Tec = 32.4112
     twoNb = 2.63308e+06
     twoNe = 1.14457e+06
     twoNc = 1.18649e+07
     twoNn = -4.45429e+06
     twoNw = 4.9864e+06
    twoNec = 138450
    twoNnw = 7714.52
  twoNecnw = 66670.5
  twoNbecnw = 3754.37
  twoNgbecnw = 310463
         m = 0.0918666
        m4 = 0.0155112
        m5 = 0.130603
        m6 = 0.037438
        Ta = 37616.2
        Td = 16.2056
        Te = 8.10279
        Tf = 4.0514
#       SitePat  BranchLen
              b 117040.3199391
              e 43633.0448146
              c 45634.7043802
              n 42674.4301964
              w 42648.0782348
            b:e 1254.9460337
            b:c 1492.7961768
            b:n 1087.0293648
            b:w 1085.7815387
            e:c 11537.6828964
            e:n 4529.9692535
            e:w 4549.1074585
            c:n 4123.4442963
            c:w 4124.6368116
            n:w 12098.1763778
          b:e:c 1379.0485749
          b:e:n 631.9227563
          b:e:w 632.5940178
          b:c:n 637.8592499
          b:c:w 637.0960983
          b:n:w 1360.8447769
          e:c:n 4078.5429672
          e:c:w 4084.5642083
          e:n:w 5785.9019932
          c:n:w 4908.3485074
        b:e:c:n 1209.5001225
        b:e:c:w 1210.8398385
        b:e:n:w 1933.0943905
        b:c:n:w 1391.6950734
        e:c:n:w 46534.6087503
