########################################
# legofit: estimate population history #
#       version 2.3.4-4-g53f8760       #
########################################

# Program was compiled: Sep 21 2021 14:36:42
# Program was run: Mon Oct 11 12:44:48 2021

# cmd: legofit -1 -d 0 -t 32 --ptsPerDim 3 --stateOut b1boot48.state --tol 3e-6 -S 5000 adef2.lgo ../../chrX/boot_chrX/boot48.opf
# Stage nOptItr nSimReps
#     0    5000        0
# algorithm          : deterministic
# ignoring probs <=  : 0
# Branch length floor: 0
# DE strategy        : 2
#    F               : 0.3
#    CR              : 0.8
#    tolerance       : 3e-06
# nthreads           : 32
# lgo input file     : adef2.lgo
# site pat input file: ../../chrX/boot_chrX/boot48.opf
# free parameters    : 18
# points in DE swarm : 54
# output state file  : b1boot48.state
# Including singleton site patterns.
# cost function      : KL
Initial parameter values
Fixed:
      zero = 0
       one = 1
    Tbecnw = 75200
Free:
       pc1 = 0
       pc2 = 0
       pc3 = 0
       pc4 = 0
       pc5 = 0
       pc6 = 0
       pc7 = 0
       pc8 = 0
       pc9 = 0
      pc10 = 0
      pc11 = 0
      pc12 = 0
      pc13 = 0
      pc14 = 0
      pc15 = 0
      pc16 = 0
      pc17 = 0
      pc18 = 0
Constrained:
   Tgbecnw = 109982
     Tecnw = 25271.3
       Tnw = 21073.6
       Tec = 227.838
     twoNb = 2.89447e+06
     twoNe = 5.78892e+06
     twoNc = 6.56802e+06
     twoNn = 5.56357e+06
     twoNw = 3.13567e+06
    twoNec = 150913
    twoNnw = 16877.7
  twoNecnw = 66061.2
  twoNbecnw = 11925.9
  twoNgbecnw = 254234
         m = 0.117906
        m4 = 0.0159352
        m5 = 0.109036
        m6 = 0.0275239
        Ta = 37713.9
        Td = 113.919
        Te = 56.9594
        Tf = 28.4797
DiffEv reached_goal. cost=2.25180e-03 spread=2.95047e-06
Fitted parameter values
Free:
       pc1 = 3.6414
       pc2 = 3.9229
       pc3 = -0.689052
       pc4 = 0.416682
       pc5 = 1.73095
       pc6 = 1.70789
       pc7 = 0.402555
       pc8 = 1.26159
       pc9 = -0.0838251
      pc10 = -1.17641
      pc11 = 0.396019
      pc12 = 0.558242
      pc13 = -0.0539661
      pc14 = 0.0336626
      pc15 = 0.103449
      pc16 = 0.10272
      pc17 = 0.0509091
      pc18 = -0.0809414
Constrained:
   Tgbecnw = 85474.5
     Tecnw = 25081.8
       Tnw = 20761.8
       Tec = 19.3143
     twoNb = 2.62459e+06
     twoNe = 1.97663e+06
     twoNc = 1.78633e+07
     twoNn = -5.57508e+06
     twoNw = 5.91542e+06
    twoNec = 127539
    twoNnw = 16559.2
  twoNecnw = 62042.4
  twoNbecnw = 3562.9
  twoNgbecnw = 330328
         m = 0.0808632
        m4 = 0.0167566
        m5 = 0.157653
        m6 = 0.0905574
        Ta = 37609.7
        Td = 9.65713
        Te = 4.82856
        Tf = 2.41428
#       SitePat  BranchLen
              b 115448.0135085
              e 43453.4698611
              c 45108.4845680
              n 42580.3888252
              w 42548.6602899
            b:e 1211.7290716
            b:c 1418.1258664
            b:n 1048.0076131
            b:w 1046.5665477
            e:c 11304.0431094
            e:n 4416.4572645
            e:w 4433.9899928
            c:n 4092.8541504
            c:w 4099.8724692
            n:w 11644.6900563
          b:e:c 1308.2065635
          b:e:n 608.2575435
          b:e:w 608.6113065
          b:c:n 613.2582395
          b:c:w 612.8066190
          b:n:w 1292.4285109
          e:c:n 4033.8931973
          e:c:w 4041.0706855
          e:n:w 5623.0673571
          c:n:w 4914.6406170
        b:e:c:n 1157.8369011
        b:e:c:w 1159.3758239
        b:e:n:w 1838.6886325
        b:c:n:w 1334.2284021
        e:c:n:w 45507.4439375
