########################################
# legofit: estimate population history #
#       version 2.3.4-4-g53f8760       #
########################################

# Program was compiled: Sep 21 2021 14:36:42
# Program was run: Mon Oct 11 12:43:46 2021

# cmd: legofit -1 -d 0 -t 32 --ptsPerDim 3 --stateOut b1boot45.state --tol 3e-6 -S 5000 adef2.lgo ../../chrX/boot_chrX/boot45.opf
# Stage nOptItr nSimReps
#     0    5000        0
# algorithm          : deterministic
# ignoring probs <=  : 0
# Branch length floor: 0
# DE strategy        : 2
#    F               : 0.3
#    CR              : 0.8
#    tolerance       : 3e-06
# nthreads           : 32
# lgo input file     : adef2.lgo
# site pat input file: ../../chrX/boot_chrX/boot45.opf
# free parameters    : 18
# points in DE swarm : 54
# output state file  : b1boot45.state
# Including singleton site patterns.
# cost function      : KL
Initial parameter values
Fixed:
      zero = 0
       one = 1
    Tbecnw = 75200
Free:
       pc1 = 0
       pc2 = 0
       pc3 = 0
       pc4 = 0
       pc5 = 0
       pc6 = 0
       pc7 = 0
       pc8 = 0
       pc9 = 0
      pc10 = 0
      pc11 = 0
      pc12 = 0
      pc13 = 0
      pc14 = 0
      pc15 = 0
      pc16 = 0
      pc17 = 0
      pc18 = 0
Constrained:
   Tgbecnw = 109982
     Tecnw = 25271.3
       Tnw = 21073.6
       Tec = 227.838
     twoNb = 2.89447e+06
     twoNe = 5.78892e+06
     twoNc = 6.56802e+06
     twoNn = 5.56357e+06
     twoNw = 3.13567e+06
    twoNec = 150913
    twoNnw = 16877.7
  twoNecnw = 66061.2
  twoNbecnw = 11925.9
  twoNgbecnw = 254234
         m = 0.117906
        m4 = 0.0159352
        m5 = 0.109036
        m6 = 0.0275239
        Ta = 37713.9
        Td = 113.919
        Te = 56.9594
        Tf = 28.4797
DiffEv reached_goal. cost=2.13140e-03 spread=2.57792e-06
Fitted parameter values
Free:
       pc1 = 1.58558
       pc2 = 3.77815
       pc3 = -2.91376
       pc4 = 0.842972
       pc5 = 1.45486
       pc6 = 1.82878
       pc7 = -0.3202
       pc8 = 0.00348122
       pc9 = -1.13989
      pc10 = -0.360652
      pc11 = 1.81124
      pc12 = -0.186477
      pc13 = 0.0394587
      pc14 = -0.059887
      pc15 = -0.0189637
      pc16 = -0.0178217
      pc17 = 0.0454796
      pc18 = 0.00982735
Constrained:
   Tgbecnw = 79991.7
     Tecnw = 23700.4
       Tnw = 19470.9
       Tec = 71.8763
     twoNb = 3.12778e+06
     twoNe = 4.86588e+06
     twoNc = 6.64748e+06
     twoNn = -6.32541e+06
     twoNw = 4.3239e+06
    twoNec = 144421
    twoNnw = 17403.8
  twoNecnw = 62080.5
  twoNbecnw = 1689.1
  twoNgbecnw = 322741
         m = 0.0832819
        m4 = 0.0169704
        m5 = 0.101141
        m6 = 0.0229986
        Ta = 37635.9
        Td = 35.9381
        Te = 17.9691
        Tf = 8.98453
#       SitePat  BranchLen
              b 114192.6889427
              e 42840.5933393
              c 44664.8076769
              n 41997.6694096
              w 41977.3005712
            b:e 1148.7880134
            b:c 1364.9857245
            b:n 1011.5977139
            b:w 1010.7093828
            e:c 11266.4674277
            e:n 4360.0972140
            e:w 4375.8541540
            c:n 3998.0043165
            c:w 3998.1028259
            n:w 11790.1597249
          b:e:c 1265.5142938
          b:e:n 581.6634053
          b:e:w 582.2105276
          b:c:n 587.3096659
          b:c:w 586.6981565
          b:n:w 1249.4897652
          e:c:n 4029.5005275
          e:c:w 4034.0139165
          e:n:w 5499.7174611
          c:n:w 4731.0953865
        b:e:c:n 1123.0311951
        b:e:c:w 1123.9839134
        b:e:n:w 1814.1793548
        b:c:n:w 1272.0996031
        e:c:n:w 44869.3350282
