########################################
# legofit: estimate population history #
#       version 2.3.4-4-g53f8760       #
########################################

# Program was compiled: Sep 21 2021 14:36:42
# Program was run: Mon Oct 11 12:40:29 2021

# cmd: legofit -1 -d 0 -t 32 --ptsPerDim 3 --stateOut b1boot26.state --tol 3e-6 -S 5000 adef2.lgo ../../chrX/boot_chrX/boot26.opf
# Stage nOptItr nSimReps
#     0    5000        0
# algorithm          : deterministic
# ignoring probs <=  : 0
# Branch length floor: 0
# DE strategy        : 2
#    F               : 0.3
#    CR              : 0.8
#    tolerance       : 3e-06
# nthreads           : 32
# lgo input file     : adef2.lgo
# site pat input file: ../../chrX/boot_chrX/boot26.opf
# free parameters    : 18
# points in DE swarm : 54
# output state file  : b1boot26.state
# Including singleton site patterns.
# cost function      : KL
Initial parameter values
Fixed:
      zero = 0
       one = 1
    Tbecnw = 75200
Free:
       pc1 = 0
       pc2 = 0
       pc3 = 0
       pc4 = 0
       pc5 = 0
       pc6 = 0
       pc7 = 0
       pc8 = 0
       pc9 = 0
      pc10 = 0
      pc11 = 0
      pc12 = 0
      pc13 = 0
      pc14 = 0
      pc15 = 0
      pc16 = 0
      pc17 = 0
      pc18 = 0
Constrained:
   Tgbecnw = 109982
     Tecnw = 25271.3
       Tnw = 21073.6
       Tec = 227.838
     twoNb = 2.89447e+06
     twoNe = 5.78892e+06
     twoNc = 6.56802e+06
     twoNn = 5.56357e+06
     twoNw = 3.13567e+06
    twoNec = 150913
    twoNnw = 16877.7
  twoNecnw = 66061.2
  twoNbecnw = 11925.9
  twoNgbecnw = 254234
         m = 0.117906
        m4 = 0.0159352
        m5 = 0.109036
        m6 = 0.0275239
        Ta = 37713.9
        Td = 113.919
        Te = 56.9594
        Tf = 28.4797
DiffEv reached_goal. cost=2.29991e-03 spread=2.49577e-06
Fitted parameter values
Free:
       pc1 = 2.34108
       pc2 = 3.80697
       pc3 = -0.766531
       pc4 = 0.61994
       pc5 = 1.94293
       pc6 = 1.89904
       pc7 = 0.0631211
       pc8 = 0.83949
       pc9 = -0.0035731
      pc10 = -1.40903
      pc11 = 1.64785
      pc12 = -0.109019
      pc13 = 0.0692423
      pc14 = 0.0713261
      pc15 = 0.0724507
      pc16 = 0.161571
      pc17 = -0.0298691
      pc18 = -0.0459664
Constrained:
   Tgbecnw = 86878.2
     Tecnw = 24165.5
       Tnw = 20523
       Tec = 54.7788
     twoNb = 2.65995e+06
     twoNe = 2.68412e+06
     twoNc = 1.75364e+07
     twoNn = -8.86116e+06
     twoNw = 6.76598e+06
    twoNec = 136038
    twoNnw = 14257.3
  twoNecnw = 63661.5
  twoNbecnw = 4049
  twoNgbecnw = 330519
         m = 0.0801467
        m4 = 0.017048
        m5 = 0.12741
        m6 = 0.0561933
        Ta = 37627.4
        Td = 27.3894
        Te = 13.6947
        Tf = 6.84735
#       SitePat  BranchLen
              b 115565.4789609
              e 43487.8308013
              c 45240.2366960
              n 42490.8650644
              w 42470.5374498
            b:e 1242.2323768
            b:c 1460.4956080
            b:n 1075.7654418
            b:w 1074.8210581
            e:c 11454.7654055
            e:n 4458.7678331
            e:w 4471.4566654
            c:n 4114.6940661
            c:w 4117.7089385
            n:w 11965.4793376
          b:e:c 1352.8053071
          b:e:n 622.2985894
          b:e:w 622.6447696
          b:c:n 627.5564755
          b:c:w 627.1449711
          b:n:w 1335.8584809
          e:c:n 4093.9537372
          e:c:w 4098.5776471
          e:n:w 5692.0474562
          c:n:w 4941.5920513
        b:e:c:n 1190.4449675
        b:e:c:w 1191.4546754
        b:e:n:w 1902.1071472
        b:c:n:w 1369.9567308
        e:c:n:w 45379.6782832
