########################################
# legofit: estimate population history #
#       version 2.3.4-4-g53f8760       #
########################################

# Program was compiled: Sep 21 2021 14:36:42
# Program was run: Mon Oct 11 12:39:07 2021

# cmd: legofit -1 -d 0 -t 32 --ptsPerDim 3 --stateOut b1boot20.state --tol 3e-6 -S 5000 adef2.lgo ../../chrX/boot_chrX/boot20.opf
# Stage nOptItr nSimReps
#     0    5000        0
# algorithm          : deterministic
# ignoring probs <=  : 0
# Branch length floor: 0
# DE strategy        : 2
#    F               : 0.3
#    CR              : 0.8
#    tolerance       : 3e-06
# nthreads           : 32
# lgo input file     : adef2.lgo
# site pat input file: ../../chrX/boot_chrX/boot20.opf
# free parameters    : 18
# points in DE swarm : 54
# output state file  : b1boot20.state
# Including singleton site patterns.
# cost function      : KL
Initial parameter values
Fixed:
      zero = 0
       one = 1
    Tbecnw = 75200
Free:
       pc1 = 0
       pc2 = 0
       pc3 = 0
       pc4 = 0
       pc5 = 0
       pc6 = 0
       pc7 = 0
       pc8 = 0
       pc9 = 0
      pc10 = 0
      pc11 = 0
      pc12 = 0
      pc13 = 0
      pc14 = 0
      pc15 = 0
      pc16 = 0
      pc17 = 0
      pc18 = 0
Constrained:
   Tgbecnw = 109982
     Tecnw = 25271.3
       Tnw = 21073.6
       Tec = 227.838
     twoNb = 2.89447e+06
     twoNe = 5.78892e+06
     twoNc = 6.56802e+06
     twoNn = 5.56357e+06
     twoNw = 3.13567e+06
    twoNec = 150913
    twoNnw = 16877.7
  twoNecnw = 66061.2
  twoNbecnw = 11925.9
  twoNgbecnw = 254234
         m = 0.117906
        m4 = 0.0159352
        m5 = 0.109036
        m6 = 0.0275239
        Ta = 37713.9
        Td = 113.919
        Te = 56.9594
        Tf = 28.4797
DiffEv reached_goal. cost=2.33639e-03 spread=2.66033e-06
Fitted parameter values
Free:
       pc1 = 2.36206
       pc2 = 3.9999
       pc3 = -1.70429
       pc4 = 0.735891
       pc5 = 1.02862
       pc6 = 1.59958
       pc7 = 0.110786
       pc8 = 0.76691
       pc9 = 0.318956
      pc10 = -1.28714
      pc11 = 1.40871
      pc12 = 0.0342393
      pc13 = 0.139805
      pc14 = 0.173213
      pc15 = 0.00692421
      pc16 = 0.119187
      pc17 = 0.0105558
      pc18 = 0.00448389
Constrained:
   Tgbecnw = 84050.5
     Tecnw = 24129.8
       Tnw = 20241.4
       Tec = 28.6666
     twoNb = 2.72983e+06
     twoNe = 837585
     twoNc = 1.38172e+07
     twoNn = 940918
     twoNw = 6.36478e+06
    twoNec = 138924
    twoNnw = 14962.3
  twoNecnw = 63004.9
  twoNbecnw = 3045.07
  twoNgbecnw = 335064
         m = 0.0812305
        m4 = 0.0164352
        m5 = 0.129259
        m6 = 0.0511438
        Ta = 37614.3
        Td = 14.3333
        Te = 7.16664
        Tf = 3.58332
#       SitePat  BranchLen
              b 115376.0265017
              e 43261.9339817
              c 45089.7957023
              n 42118.8519685
              w 42098.0659303
            b:e 1188.4067910
            b:c 1404.9579743
            b:n 1021.6404100
            b:w 1020.7149857
            e:c 11272.2753793
            e:n 4407.5067462
            e:w 4421.0751012
            c:n 4043.0598015
            c:w 4045.6080291
            n:w 11927.8488934
          b:e:c 1295.0044454
          b:e:n 593.3203537
          b:e:w 593.7025736
          b:c:n 598.5991959
          b:c:w 598.1519833
          b:n:w 1277.8449832
          e:c:n 4002.0546297
          e:c:w 4006.7240853
          e:n:w 5657.7119832
          c:n:w 4872.2478841
        b:e:c:n 1132.0813604
        b:e:c:w 1133.0717773
        b:e:n:w 1840.8641398
        b:c:n:w 1312.1009984
        e:c:n:w 45580.7552274
