########################################
# legofit: estimate population history #
#       version 2.3.4-4-g53f8760       #
########################################

# Program was compiled: Sep 21 2021 14:36:42
# Program was run: Mon Oct 11 12:42:47 2021

# cmd: legofit -1 -d 0 -t 32 --ptsPerDim 3 --stateOut b1boot39.state --tol 3e-6 -S 5000 adef2.lgo ../../chrX/boot_chrX/boot39.opf
# Stage nOptItr nSimReps
#     0    5000        0
# algorithm          : deterministic
# ignoring probs <=  : 0
# Branch length floor: 0
# DE strategy        : 2
#    F               : 0.3
#    CR              : 0.8
#    tolerance       : 3e-06
# nthreads           : 32
# lgo input file     : adef2.lgo
# site pat input file: ../../chrX/boot_chrX/boot39.opf
# free parameters    : 18
# points in DE swarm : 54
# output state file  : b1boot39.state
# Including singleton site patterns.
# cost function      : KL
Initial parameter values
Fixed:
      zero = 0
       one = 1
    Tbecnw = 75200
Free:
       pc1 = 0
       pc2 = 0
       pc3 = 0
       pc4 = 0
       pc5 = 0
       pc6 = 0
       pc7 = 0
       pc8 = 0
       pc9 = 0
      pc10 = 0
      pc11 = 0
      pc12 = 0
      pc13 = 0
      pc14 = 0
      pc15 = 0
      pc16 = 0
      pc17 = 0
      pc18 = 0
Constrained:
   Tgbecnw = 109982
     Tecnw = 25271.3
       Tnw = 21073.6
       Tec = 227.838
     twoNb = 2.89447e+06
     twoNe = 5.78892e+06
     twoNc = 6.56802e+06
     twoNn = 5.56357e+06
     twoNw = 3.13567e+06
    twoNec = 150913
    twoNnw = 16877.7
  twoNecnw = 66061.2
  twoNbecnw = 11925.9
  twoNgbecnw = 254234
         m = 0.117906
        m4 = 0.0159352
        m5 = 0.109036
        m6 = 0.0275239
        Ta = 37713.9
        Td = 113.919
        Te = 56.9594
        Tf = 28.4797
DiffEv reached_goal. cost=2.29534e-03 spread=2.22409e-06
Fitted parameter values
Free:
       pc1 = 1.89954
       pc2 = 3.9593
       pc3 = -0.9496
       pc4 = 0.524623
       pc5 = 0.65583
       pc6 = 1.79105
       pc7 = 0.223277
       pc8 = 1.66231
       pc9 = 0.734152
      pc10 = -1.19347
      pc11 = 0.959316
      pc12 = 0.282705
      pc13 = -0.0447628
      pc14 = 0.0442902
      pc15 = -0.0717449
      pc16 = -0.074846
      pc17 = 0.0872364
      pc18 = -0.0347389
Constrained:
   Tgbecnw = 86117.7
     Tecnw = 24526.8
       Tnw = 21406.1
       Tec = 0.658592
     twoNb = 2.19114e+06
     twoNe = 3.27554e+06
     twoNc = 1.91319e+07
     twoNn = 2.45231e+06
     twoNw = 6.62768e+06
    twoNec = 136852
    twoNnw = 12090.2
  twoNecnw = 64289.5
  twoNbecnw = 3832.03
  twoNgbecnw = 306045
         m = 0.0950291
        m4 = 0.0152949
        m5 = 0.13235
        m6 = 0.0579038
        Ta = 37600.3
        Td = 0.329296
        Te = 0.164648
        Tf = 0.082324
#       SitePat  BranchLen
              b 117332.9907580
              e 43755.4344087
              c 45471.6004811
              n 42846.3639253
              w 42824.0011939
            b:e 1195.2907201
            b:c 1410.1966231
            b:n 1033.9069473
            b:w 1032.9049440
            e:c 11435.5572101
            e:n 4413.2532017
            e:w 4427.2783745
            c:n 4071.8755279
            c:w 4075.1813394
            n:w 11858.1245343
          b:e:c 1304.1953463
          b:e:n 598.3555735
          b:e:w 598.7263108
          b:c:n 603.1612595
          b:c:w 602.7203948
          b:n:w 1288.1605078
          e:c:n 4019.5719558
          e:c:w 4024.6037027
          e:n:w 5608.3318392
          c:n:w 4866.5097087
        b:e:c:n 1145.4664124
        b:e:c:w 1146.5385430
        b:e:n:w 1824.0972395
        b:c:n:w 1319.5222056
        e:c:n:w 46939.5330751
