########################################
# legofit: estimate population history #
#       version 2.3.4-4-g53f8760       #
########################################

# Program was compiled: Sep 21 2021 14:36:42
# Program was run: Mon Oct 11 12:42:27 2021

# cmd: legofit -1 -d 0 -t 32 --ptsPerDim 3 --stateOut b1boot37.state --tol 3e-6 -S 5000 adef2.lgo ../../chrX/boot_chrX/boot37.opf
# Stage nOptItr nSimReps
#     0    5000        0
# algorithm          : deterministic
# ignoring probs <=  : 0
# Branch length floor: 0
# DE strategy        : 2
#    F               : 0.3
#    CR              : 0.8
#    tolerance       : 3e-06
# nthreads           : 32
# lgo input file     : adef2.lgo
# site pat input file: ../../chrX/boot_chrX/boot37.opf
# free parameters    : 18
# points in DE swarm : 54
# output state file  : b1boot37.state
# Including singleton site patterns.
# cost function      : KL
Initial parameter values
Fixed:
      zero = 0
       one = 1
    Tbecnw = 75200
Free:
       pc1 = 0
       pc2 = 0
       pc3 = 0
       pc4 = 0
       pc5 = 0
       pc6 = 0
       pc7 = 0
       pc8 = 0
       pc9 = 0
      pc10 = 0
      pc11 = 0
      pc12 = 0
      pc13 = 0
      pc14 = 0
      pc15 = 0
      pc16 = 0
      pc17 = 0
      pc18 = 0
Constrained:
   Tgbecnw = 109982
     Tecnw = 25271.3
       Tnw = 21073.6
       Tec = 227.838
     twoNb = 2.89447e+06
     twoNe = 5.78892e+06
     twoNc = 6.56802e+06
     twoNn = 5.56357e+06
     twoNw = 3.13567e+06
    twoNec = 150913
    twoNnw = 16877.7
  twoNecnw = 66061.2
  twoNbecnw = 11925.9
  twoNgbecnw = 254234
         m = 0.117906
        m4 = 0.0159352
        m5 = 0.109036
        m6 = 0.0275239
        Ta = 37713.9
        Td = 113.919
        Te = 56.9594
        Tf = 28.4797
DiffEv reached_goal. cost=2.22188e-03 spread=2.92581e-06
Fitted parameter values
Free:
       pc1 = 0.587701
       pc2 = 3.72832
       pc3 = -2.82836
       pc4 = 1.94192
       pc5 = -0.777757
       pc6 = 1.11129
       pc7 = -0.223688
       pc8 = 0.139963
       pc9 = -0.0688239
      pc10 = -1.05214
      pc11 = 1.59574
      pc12 = 0.287855
      pc13 = -0.193514
      pc14 = 0.0852186
      pc15 = -0.124018
      pc16 = -0.0277269
      pc17 = -0.000803867
      pc18 = -0.0339486
Constrained:
   Tgbecnw = 83569.2
     Tecnw = 23525.7
       Tnw = 21099.6
       Tec = 22.3599
     twoNb = 2.55826e+06
     twoNe = 1.24323e+07
     twoNc = 269669
     twoNn = 1.39509e+07
     twoNw = 5.43951e+06
    twoNec = 151650
    twoNnw = 10314.7
  twoNecnw = 62992.1
  twoNbecnw = 2938.28
  twoNgbecnw = 324658
         m = 0.0834148
        m4 = 0.0154453
        m5 = 0.0926304
        m6 = 0.0219308
        Ta = 37611.2
        Td = 11.1799
        Te = 5.58996
        Tf = 2.79498
#       SitePat  BranchLen
              b 115375.9248884
              e 43275.8086156
              c 44902.7732916
              n 42496.1646957
              w 42480.0576325
            b:e 1204.3490753
            b:c 1408.6519653
            b:n 1059.5512499
            b:w 1058.8094380
            e:c 11243.2518280
            e:n 4439.0616700
            e:w 4451.3799275
            c:n 4120.6418028
            c:w 4120.7484817
            n:w 11635.0292781
          b:e:c 1305.2373309
          b:e:n 612.6638847
          b:e:w 613.1116218
          b:c:n 617.8026297
          b:c:w 617.3025047
          b:n:w 1289.4472142
          e:c:n 4119.0237851
          e:c:w 4122.7059119
          e:n:w 5533.4313244
          c:n:w 4841.3105064
        b:e:c:n 1174.0566065
        b:e:c:w 1174.8508062
        b:e:n:w 1830.1729069
        b:c:n:w 1330.7477404
        e:c:n:w 45573.5746718
