########################################
# legofit: estimate population history #
#       version 2.3.4-4-g53f8760       #
########################################

# Program was compiled: Sep 21 2021 14:36:42
# Program was run: Mon Oct 11 12:43:37 2021

# cmd: legofit -1 -d 0 -t 32 --ptsPerDim 3 --stateOut b1boot42.state --tol 3e-6 -S 5000 adef2.lgo ../../chrX/boot_chrX/boot42.opf
# Stage nOptItr nSimReps
#     0    5000        0
# algorithm          : deterministic
# ignoring probs <=  : 0
# Branch length floor: 0
# DE strategy        : 2
#    F               : 0.3
#    CR              : 0.8
#    tolerance       : 3e-06
# nthreads           : 32
# lgo input file     : adef2.lgo
# site pat input file: ../../chrX/boot_chrX/boot42.opf
# free parameters    : 18
# points in DE swarm : 54
# output state file  : b1boot42.state
# Including singleton site patterns.
# cost function      : KL
Initial parameter values
Fixed:
      zero = 0
       one = 1
    Tbecnw = 75200
Free:
       pc1 = 0
       pc2 = 0
       pc3 = 0
       pc4 = 0
       pc5 = 0
       pc6 = 0
       pc7 = 0
       pc8 = 0
       pc9 = 0
      pc10 = 0
      pc11 = 0
      pc12 = 0
      pc13 = 0
      pc14 = 0
      pc15 = 0
      pc16 = 0
      pc17 = 0
      pc18 = 0
Constrained:
   Tgbecnw = 109982
     Tecnw = 25271.3
       Tnw = 21073.6
       Tec = 227.838
     twoNb = 2.89447e+06
     twoNe = 5.78892e+06
     twoNc = 6.56802e+06
     twoNn = 5.56357e+06
     twoNw = 3.13567e+06
    twoNec = 150913
    twoNnw = 16877.7
  twoNecnw = 66061.2
  twoNbecnw = 11925.9
  twoNgbecnw = 254234
         m = 0.117906
        m4 = 0.0159352
        m5 = 0.109036
        m6 = 0.0275239
        Ta = 37713.9
        Td = 113.919
        Te = 56.9594
        Tf = 28.4797
DiffEv reached_goal. cost=2.32093e-03 spread=2.99134e-06
Fitted parameter values
Free:
       pc1 = 1.37397
       pc2 = 3.72562
       pc3 = -2.05899
       pc4 = 0.783597
       pc5 = 1.64209
       pc6 = 1.99843
       pc7 = -0.463147
       pc8 = 1.63424
       pc9 = 0.57908
      pc10 = -0.66038
      pc11 = 0.91851
      pc12 = 0.580708
      pc13 = 0.429276
      pc14 = 0.0582754
      pc15 = -0.0418974
      pc16 = -0.0879029
      pc17 = 0.0294937
      pc18 = -0.00261632
Constrained:
   Tgbecnw = 83758
     Tecnw = 24104.8
       Tnw = 22055.7
       Tec = 80.8472
     twoNb = 2.65858e+06
     twoNe = 120493
     twoNc = 2.01635e+07
     twoNn = -3.61511e+06
     twoNw = 5.04833e+06
    twoNec = 145299
    twoNnw = 8085.16
  twoNecnw = 62645.5
  twoNbecnw = 2964.18
  twoNgbecnw = 328238
         m = 0.084229
        m4 = 0.0148545
        m5 = 0.128527
        m6 = 0.0353947
        Ta = 37640.4
        Td = 40.4236
        Te = 20.2118
        Tf = 10.1059
#       SitePat  BranchLen
              b 115705.8061254
              e 43302.5750436
              c 45207.8993408
              n 42438.5772395
              w 42413.0627159
            b:e 1173.7545434
            b:c 1393.2782725
            b:n 1017.6961938
            b:w 1016.5461992
            e:c 11145.8003320
            e:n 4413.1970994
            e:w 4431.9468946
            c:n 4028.2331901
            c:w 4029.1973432
            n:w 11615.4236921
          b:e:c 1277.8370087
          b:e:n 592.1036115
          b:e:w 592.7393922
          b:c:n 597.6585004
          b:c:w 596.9421085
          b:n:w 1261.3530729
          e:c:n 4006.5554972
          e:c:w 4012.3560727
          e:n:w 5649.1293549
          c:n:w 4810.4442211
        b:e:c:n 1126.6410849
        b:e:c:w 1127.8716907
        b:e:n:w 1803.7020051
        b:c:n:w 1295.4948678
        e:c:n:w 45923.2151464
