########################################
# legofit: estimate population history #
#       version 2.3.4-4-g53f8760       #
########################################

# Program was compiled: Sep 21 2021 14:36:42
# Program was run: Mon Oct 11 12:35:19 2021

# cmd: legofit -1 -d 0 -t 32 --ptsPerDim 3 --stateOut b1boot2.state --tol 3e-6 -S 5000 adef2.lgo ../../chrX/boot_chrX/boot2.opf
# Stage nOptItr nSimReps
#     0    5000        0
# algorithm          : deterministic
# ignoring probs <=  : 0
# Branch length floor: 0
# DE strategy        : 2
#    F               : 0.3
#    CR              : 0.8
#    tolerance       : 3e-06
# nthreads           : 32
# lgo input file     : adef2.lgo
# site pat input file: ../../chrX/boot_chrX/boot2.opf
# free parameters    : 18
# points in DE swarm : 54
# output state file  : b1boot2.state
# Including singleton site patterns.
# cost function      : KL
Initial parameter values
Fixed:
      zero = 0
       one = 1
    Tbecnw = 75200
Free:
       pc1 = 0
       pc2 = 0
       pc3 = 0
       pc4 = 0
       pc5 = 0
       pc6 = 0
       pc7 = 0
       pc8 = 0
       pc9 = 0
      pc10 = 0
      pc11 = 0
      pc12 = 0
      pc13 = 0
      pc14 = 0
      pc15 = 0
      pc16 = 0
      pc17 = 0
      pc18 = 0
Constrained:
   Tgbecnw = 109982
     Tecnw = 25271.3
       Tnw = 21073.6
       Tec = 227.838
     twoNb = 2.89447e+06
     twoNe = 5.78892e+06
     twoNc = 6.56802e+06
     twoNn = 5.56357e+06
     twoNw = 3.13567e+06
    twoNec = 150913
    twoNnw = 16877.7
  twoNecnw = 66061.2
  twoNbecnw = 11925.9
  twoNgbecnw = 254234
         m = 0.117906
        m4 = 0.0159352
        m5 = 0.109036
        m6 = 0.0275239
        Ta = 37713.9
        Td = 113.919
        Te = 56.9594
        Tf = 28.4797
DiffEv reached_goal. cost=2.32780e-03 spread=2.84706e-06
Fitted parameter values
Free:
       pc1 = 1.24054
       pc2 = 3.96386
       pc3 = -3.0081
       pc4 = 0.809253
       pc5 = 0.680131
       pc6 = 1.95094
       pc7 = -0.278953
       pc8 = 0.700289
       pc9 = -0.173025
      pc10 = -0.110338
      pc11 = 1.23181
      pc12 = -0.342267
      pc13 = 0.190137
      pc14 = 0.0741078
      pc15 = 0.115547
      pc16 = -0.0586313
      pc17 = 0.063389
      pc18 = 0.0784347
Constrained:
   Tgbecnw = 79983.4
     Tecnw = 23644.8
       Tnw = 19472.3
       Tec = 63.3895
     twoNb = 2.66721e+06
     twoNe = 2.19555e+06
     twoNc = 9.40894e+06
     twoNn = 569319
     twoNw = 4.42127e+06
    twoNec = 145277
    twoNnw = 16268.8
  twoNecnw = 63712.7
  twoNbecnw = 1710
  twoNgbecnw = 309545
         m = 0.087898
        m4 = 0.0152014
        m5 = 0.112362
        m6 = 0.0203405
        Ta = 37631.7
        Td = 31.6948
        Te = 15.8474
        Tf = 7.92369
#       SitePat  BranchLen
              b 114340.3164642
              e 43071.6404493
              c 45036.0681695
              n 41912.2899151
              w 41891.0234942
            b:e 1168.3191435
            b:c 1391.8176778
            b:n 1011.4305140
            b:w 1010.4995429
            e:c 11300.4794412
            e:n 4384.9004088
            e:w 4402.1897743
            c:n 3976.5880536
            c:w 3975.8959230
            n:w 12098.2951846
          b:e:c 1293.1033170
          b:e:n 585.5218751
          b:e:w 586.1566571
          b:c:n 591.3762521
          b:c:w 590.6717254
          b:n:w 1275.2639600
          e:c:n 3969.5882790
          e:c:w 3974.2574649
          e:n:w 5613.3418232
          c:n:w 4761.3939764
        b:e:c:n 1126.5611546
        b:e:c:w 1127.5618704
        b:e:n:w 1808.8120219
        b:c:n:w 1297.0702617
        e:c:n:w 44792.0488710
