########################################
# legofit: estimate population history #
#       version 2.3.4-4-g53f8760       #
########################################

# Program was compiled: Sep 21 2021 14:36:42
# Program was run: Mon Oct 11 12:43:29 2021

# cmd: legofit -1 -d 0 -t 32 --ptsPerDim 3 --stateOut b1boot41.state --tol 3e-6 -S 5000 adef2.lgo ../../chrX/boot_chrX/boot41.opf
# Stage nOptItr nSimReps
#     0    5000        0
# algorithm          : deterministic
# ignoring probs <=  : 0
# Branch length floor: 0
# DE strategy        : 2
#    F               : 0.3
#    CR              : 0.8
#    tolerance       : 3e-06
# nthreads           : 32
# lgo input file     : adef2.lgo
# site pat input file: ../../chrX/boot_chrX/boot41.opf
# free parameters    : 18
# points in DE swarm : 54
# output state file  : b1boot41.state
# Including singleton site patterns.
# cost function      : KL
Initial parameter values
Fixed:
      zero = 0
       one = 1
    Tbecnw = 75200
Free:
       pc1 = 0
       pc2 = 0
       pc3 = 0
       pc4 = 0
       pc5 = 0
       pc6 = 0
       pc7 = 0
       pc8 = 0
       pc9 = 0
      pc10 = 0
      pc11 = 0
      pc12 = 0
      pc13 = 0
      pc14 = 0
      pc15 = 0
      pc16 = 0
      pc17 = 0
      pc18 = 0
Constrained:
   Tgbecnw = 109982
     Tecnw = 25271.3
       Tnw = 21073.6
       Tec = 227.838
     twoNb = 2.89447e+06
     twoNe = 5.78892e+06
     twoNc = 6.56802e+06
     twoNn = 5.56357e+06
     twoNw = 3.13567e+06
    twoNec = 150913
    twoNnw = 16877.7
  twoNecnw = 66061.2
  twoNbecnw = 11925.9
  twoNgbecnw = 254234
         m = 0.117906
        m4 = 0.0159352
        m5 = 0.109036
        m6 = 0.0275239
        Ta = 37713.9
        Td = 113.919
        Te = 56.9594
        Tf = 28.4797
DiffEv reached_goal. cost=2.24807e-03 spread=2.54090e-06
Fitted parameter values
Free:
       pc1 = 2.11127
       pc2 = 3.92187
       pc3 = -1.38012
       pc4 = 0.436897
       pc5 = 0.673376
       pc6 = 1.87052
       pc7 = 0.506126
       pc8 = 0.779924
       pc9 = -0.462073
      pc10 = -1.19809
      pc11 = 1.16334
      pc12 = 0.177206
      pc13 = 0.351499
      pc14 = 0.162829
      pc15 = 0.0532175
      pc16 = -0.0955667
      pc17 = 0.108986
      pc18 = 0.0302796
Constrained:
   Tgbecnw = 83512.4
     Tecnw = 24460.6
       Tnw = 20458.4
       Tec = 8.43883
     twoNb = 2.22305e+06
     twoNe = 5.42808e+06
     twoNc = 1.16163e+07
     twoNn = -352546
     twoNw = 6.0001e+06
    twoNec = 140705
    twoNnw = 15215.2
  twoNecnw = 63871.1
  twoNbecnw = 2992.38
  twoNgbecnw = 299889
         m = 0.0971344
        m4 = 0.0169389
        m5 = 0.13638
        m6 = 0.050333
        Ta = 37604.2
        Td = 4.21942
        Te = 2.10971
        Tf = 1.05485
#       SitePat  BranchLen
              b 117093.2001187
              e 43663.6678312
              c 45644.0596176
              n 42473.2916104
              w 42450.0512749
            b:e 1212.8600290
            b:c 1460.6704711
            b:n 1039.9500176
            b:w 1038.9031684
            e:c 11285.6402224
            e:n 4435.3907318
            e:w 4450.9723912
            c:n 4037.0425229
            c:w 4039.5324994
            n:w 12013.0315860
          b:e:c 1324.3336615
          b:e:n 606.2417665
          b:e:w 606.7038971
          b:c:n 611.9530340
          b:c:w 611.4156325
          b:n:w 1306.1023540
          e:c:n 3982.6495157
          e:c:w 3987.8182154
          e:n:w 5726.4339700
          c:n:w 4864.7329409
        b:e:c:n 1154.9177474
        b:e:c:w 1156.0398674
        b:e:n:w 1909.0683002
        b:c:n:w 1341.9320494
        e:c:n:w 46971.5541172
