########################################
# legofit: estimate population history #
#       version 2.3.4-4-g53f8760       #
########################################

# Program was compiled: Sep 21 2021 14:36:42
# Program was run: Mon Oct 11 12:37:50 2021

# cmd: legofit -1 -d 0 -t 32 --ptsPerDim 3 --stateOut b1boot14.state --tol 3e-6 -S 5000 adef2.lgo ../../chrX/boot_chrX/boot14.opf
# Stage nOptItr nSimReps
#     0    5000        0
# algorithm          : deterministic
# ignoring probs <=  : 0
# Branch length floor: 0
# DE strategy        : 2
#    F               : 0.3
#    CR              : 0.8
#    tolerance       : 3e-06
# nthreads           : 32
# lgo input file     : adef2.lgo
# site pat input file: ../../chrX/boot_chrX/boot14.opf
# free parameters    : 18
# points in DE swarm : 54
# output state file  : b1boot14.state
# Including singleton site patterns.
# cost function      : KL
Initial parameter values
Fixed:
      zero = 0
       one = 1
    Tbecnw = 75200
Free:
       pc1 = 0
       pc2 = 0
       pc3 = 0
       pc4 = 0
       pc5 = 0
       pc6 = 0
       pc7 = 0
       pc8 = 0
       pc9 = 0
      pc10 = 0
      pc11 = 0
      pc12 = 0
      pc13 = 0
      pc14 = 0
      pc15 = 0
      pc16 = 0
      pc17 = 0
      pc18 = 0
Constrained:
   Tgbecnw = 109982
     Tecnw = 25271.3
       Tnw = 21073.6
       Tec = 227.838
     twoNb = 2.89447e+06
     twoNe = 5.78892e+06
     twoNc = 6.56802e+06
     twoNn = 5.56357e+06
     twoNw = 3.13567e+06
    twoNec = 150913
    twoNnw = 16877.7
  twoNecnw = 66061.2
  twoNbecnw = 11925.9
  twoNgbecnw = 254234
         m = 0.117906
        m4 = 0.0159352
        m5 = 0.109036
        m6 = 0.0275239
        Ta = 37713.9
        Td = 113.919
        Te = 56.9594
        Tf = 28.4797
DiffEv reached_goal. cost=2.16617e-03 spread=2.88878e-06
Fitted parameter values
Free:
       pc1 = 1.37214
       pc2 = 3.96654
       pc3 = -1.67979
       pc4 = 0.776606
       pc5 = 0.570965
       pc6 = 1.16369
       pc7 = -0.124188
       pc8 = 1.47651
       pc9 = 0.455208
      pc10 = -0.864499
      pc11 = 1.16247
      pc12 = 0.239157
      pc13 = -0.411192
      pc14 = -0.212953
      pc15 = 0.065678
      pc16 = 0.191012
      pc17 = 0.107515
      pc18 = -0.0238577
Constrained:
   Tgbecnw = 85432.8
     Tecnw = 23986.8
       Tnw = 21160.3
       Tec = 12.1135
     twoNb = 3.07313e+06
     twoNe = 5.73024e+06
     twoNc = 1.54696e+07
     twoNn = 4.51408e+06
     twoNw = 5.92291e+06
    twoNec = 138892
    twoNnw = 11077.1
  twoNecnw = 63122.9
  twoNbecnw = 3626.09
  twoNgbecnw = 296790
         m = 0.0928359
        m4 = 0.0149383
        m5 = 0.113461
        m6 = 0.0516733
        Ta = 37606.1
        Td = 6.05675
        Te = 3.02837
        Tf = 1.51419
#       SitePat  BranchLen
              b 115734.9041169
              e 43299.4021432
              c 44821.2112947
              n 42320.5132993
              w 42299.3077026
            b:e 1167.9303337
            b:c 1355.2165128
            b:n 1007.4144034
            b:w 1006.4787729
            e:c 11395.3891766
            e:n 4365.4771098
            e:w 4378.5334713
            c:n 4072.0471148
            c:w 4075.3607760
            n:w 11825.3909925
          b:e:c 1269.5093788
          b:e:n 580.6487720
          b:e:w 580.9790743
          b:c:n 584.8007840
          b:c:w 584.4073721
          b:n:w 1254.5089043
          e:c:n 4041.9324770
          e:c:w 4046.7680510
          e:n:w 5555.4072296
          c:n:w 4902.1414355
        b:e:c:n 1112.2144089
        b:e:c:w 1113.2131491
        b:e:n:w 1751.7151208
        b:c:n:w 1284.9078442
        e:c:n:w 45729.7291726
