########################################
# legofit: estimate population history #
#       version 2.3.4-4-g53f8760       #
########################################

# Program was compiled: Sep 21 2021 14:36:42
# Program was run: Mon Oct 11 12:36:38 2021

# cmd: legofit -1 -d 0 -t 32 --ptsPerDim 3 --stateOut b1boot7.state --tol 3e-6 -S 5000 adef2.lgo ../../chrX/boot_chrX/boot7.opf
# Stage nOptItr nSimReps
#     0    5000        0
# algorithm          : deterministic
# ignoring probs <=  : 0
# Branch length floor: 0
# DE strategy        : 2
#    F               : 0.3
#    CR              : 0.8
#    tolerance       : 3e-06
# nthreads           : 32
# lgo input file     : adef2.lgo
# site pat input file: ../../chrX/boot_chrX/boot7.opf
# free parameters    : 18
# points in DE swarm : 54
# output state file  : b1boot7.state
# Including singleton site patterns.
# cost function      : KL
Initial parameter values
Fixed:
      zero = 0
       one = 1
    Tbecnw = 75200
Free:
       pc1 = 0
       pc2 = 0
       pc3 = 0
       pc4 = 0
       pc5 = 0
       pc6 = 0
       pc7 = 0
       pc8 = 0
       pc9 = 0
      pc10 = 0
      pc11 = 0
      pc12 = 0
      pc13 = 0
      pc14 = 0
      pc15 = 0
      pc16 = 0
      pc17 = 0
      pc18 = 0
Constrained:
   Tgbecnw = 109982
     Tecnw = 25271.3
       Tnw = 21073.6
       Tec = 227.838
     twoNb = 2.89447e+06
     twoNe = 5.78892e+06
     twoNc = 6.56802e+06
     twoNn = 5.56357e+06
     twoNw = 3.13567e+06
    twoNec = 150913
    twoNnw = 16877.7
  twoNecnw = 66061.2
  twoNbecnw = 11925.9
  twoNgbecnw = 254234
         m = 0.117906
        m4 = 0.0159352
        m5 = 0.109036
        m6 = 0.0275239
        Ta = 37713.9
        Td = 113.919
        Te = 56.9594
        Tf = 28.4797
DiffEv reached_goal. cost=2.41243e-03 spread=2.99238e-06
Fitted parameter values
Free:
       pc1 = 1.36048
       pc2 = 3.86179
       pc3 = -2.71369
       pc4 = 0.758794
       pc5 = 1.90159
       pc6 = 1.86759
       pc7 = -0.811361
       pc8 = 0.662889
       pc9 = -0.154848
      pc10 = -0.491937
      pc11 = 1.92734
      pc12 = -0.596827
      pc13 = -0.160795
      pc14 = 0.065342
      pc15 = -0.205912
      pc16 = -0.0317576
      pc17 = -0.0282964
      pc18 = -0.0436699
Constrained:
   Tgbecnw = 81441.7
     Tecnw = 23483.8
       Tnw = 19734.3
       Tec = 49.3068
     twoNb = 3.35613e+06
     twoNe = 1.02194e+06
     twoNc = 1.53659e+07
     twoNn = -6.91224e+06
     twoNw = 4.91097e+06
    twoNec = 141904
    twoNnw = 15982.2
  twoNecnw = 63816.2
  twoNbecnw = 2151.23
  twoNgbecnw = 343723
         m = 0.0782072
        m4 = 0.0159755
        m5 = 0.094478
        m6 = 0.019263
        Ta = 37624.7
        Td = 24.6534
        Te = 12.3267
        Tf = 6.16334
#       SitePat  BranchLen
              b 114536.0380340
              e 43002.5040522
              c 44729.8551073
              n 42440.2188898
              w 42423.3876165
            b:e 1180.6938457
            b:c 1382.4889152
            b:n 1055.8832034
            b:w 1055.1262553
            e:c 11499.5016341
            e:n 4408.1508228
            e:w 4421.4951097
            c:n 4062.7514805
            c:w 4062.4868229
            n:w 11803.7396542
          b:e:c 1307.8846126
          b:e:n 603.8186976
          b:e:w 604.3096387
          b:c:n 609.2916784
          b:c:w 608.7443632
          b:n:w 1292.6389635
          e:c:n 4104.8984534
          e:c:w 4108.6500973
          e:n:w 5441.4038264
          c:n:w 4725.4408688
        b:e:c:n 1175.4873264
        b:e:c:w 1176.3006487
        b:e:n:w 1830.0582382
        b:c:n:w 1311.3749003
        e:c:n:w 44864.9824122
