########################################
# legofit: estimate population history #
#       version 2.3.4-4-g53f8760       #
########################################

# Program was compiled: Sep 21 2021 14:36:42
# Program was run: Mon Oct 11 12:40:24 2021

# cmd: legofit -1 -d 0 -t 32 --ptsPerDim 3 --stateOut b1boot25.state --tol 3e-6 -S 5000 adef2.lgo ../../chrX/boot_chrX/boot25.opf
# Stage nOptItr nSimReps
#     0    5000        0
# algorithm          : deterministic
# ignoring probs <=  : 0
# Branch length floor: 0
# DE strategy        : 2
#    F               : 0.3
#    CR              : 0.8
#    tolerance       : 3e-06
# nthreads           : 32
# lgo input file     : adef2.lgo
# site pat input file: ../../chrX/boot_chrX/boot25.opf
# free parameters    : 18
# points in DE swarm : 54
# output state file  : b1boot25.state
# Including singleton site patterns.
# cost function      : KL
Initial parameter values
Fixed:
      zero = 0
       one = 1
    Tbecnw = 75200
Free:
       pc1 = 0
       pc2 = 0
       pc3 = 0
       pc4 = 0
       pc5 = 0
       pc6 = 0
       pc7 = 0
       pc8 = 0
       pc9 = 0
      pc10 = 0
      pc11 = 0
      pc12 = 0
      pc13 = 0
      pc14 = 0
      pc15 = 0
      pc16 = 0
      pc17 = 0
      pc18 = 0
Constrained:
   Tgbecnw = 109982
     Tecnw = 25271.3
       Tnw = 21073.6
       Tec = 227.838
     twoNb = 2.89447e+06
     twoNe = 5.78892e+06
     twoNc = 6.56802e+06
     twoNn = 5.56357e+06
     twoNw = 3.13567e+06
    twoNec = 150913
    twoNnw = 16877.7
  twoNecnw = 66061.2
  twoNbecnw = 11925.9
  twoNgbecnw = 254234
         m = 0.117906
        m4 = 0.0159352
        m5 = 0.109036
        m6 = 0.0275239
        Ta = 37713.9
        Td = 113.919
        Te = 56.9594
        Tf = 28.4797
DiffEv reached_goal. cost=2.28172e-03 spread=2.86490e-06
Fitted parameter values
Free:
       pc1 = 3.05089
       pc2 = 3.98901
       pc3 = -2.1424
       pc4 = -0.0760114
       pc5 = 0.315326
       pc6 = 0.706634
       pc7 = -0.262555
       pc8 = 0.821138
       pc9 = -0.302344
      pc10 = -1.19405
      pc11 = 0.409718
      pc12 = -0.258566
      pc13 = 0.0474948
      pc14 = 0.0602206
      pc15 = -0.142741
      pc16 = 0.0354349
      pc17 = 0.0792203
      pc18 = 0.0374227
Constrained:
   Tgbecnw = 83085.5
     Tecnw = 24487.7
       Tnw = 19182.3
       Tec = 3.64541
     twoNb = 3.57702e+06
     twoNe = 3.46828e+06
     twoNc = 1.44804e+07
     twoNn = 9.94491e+06
     twoNw = 4.75495e+06
    twoNec = 129124
    twoNnw = 20156.6
  twoNecnw = 63790.8
  twoNbecnw = 2761.27
  twoNgbecnw = 319011
         m = 0.0894962
        m4 = 0.0169869
        m5 = 0.143703
        m6 = 0.0580412
        Ta = 37601.8
        Td = 1.82271
        Te = 0.911353
        Tf = 0.455676
#       SitePat  BranchLen
              b 116290.0231968
              e 43193.4781522
              c 45192.3599152
              n 42250.3407162
              w 42220.3304354
            b:e 1177.6335693
            b:c 1404.8440788
            b:n 1025.7849500
            b:w 1024.4712803
            e:c 11526.4629653
            e:n 4409.2868263
            e:w 4428.7657388
            c:n 4003.9111969
            c:w 4007.8477804
            n:w 12099.5421136
          b:e:c 1306.5106932
          b:e:n 590.5895782
          b:e:w 591.1200743
          b:c:n 596.1500953
          b:c:w 595.5247640
          b:n:w 1290.1413007
          e:c:n 3990.5815718
          e:c:w 3997.1763566
          e:n:w 5639.1487792
          c:n:w 4792.0891862
        b:e:c:n 1139.0830361
        b:e:c:w 1140.4915410
        b:e:n:w 1866.3839571
        b:c:n:w 1303.6795318
        e:c:n:w 46345.7189343
