########################################
# legofit: estimate population history #
#       version 2.3.4-4-g53f8760       #
########################################

# Program was compiled: Sep 21 2021 14:36:42
# Program was run: Mon Oct 11 12:42:08 2021

# cmd: legofit -1 -d 0 -t 32 --ptsPerDim 3 --stateOut b1boot34.state --tol 3e-6 -S 5000 adef2.lgo ../../chrX/boot_chrX/boot34.opf
# Stage nOptItr nSimReps
#     0    5000        0
# algorithm          : deterministic
# ignoring probs <=  : 0
# Branch length floor: 0
# DE strategy        : 2
#    F               : 0.3
#    CR              : 0.8
#    tolerance       : 3e-06
# nthreads           : 32
# lgo input file     : adef2.lgo
# site pat input file: ../../chrX/boot_chrX/boot34.opf
# free parameters    : 18
# points in DE swarm : 54
# output state file  : b1boot34.state
# Including singleton site patterns.
# cost function      : KL
Initial parameter values
Fixed:
      zero = 0
       one = 1
    Tbecnw = 75200
Free:
       pc1 = 0
       pc2 = 0
       pc3 = 0
       pc4 = 0
       pc5 = 0
       pc6 = 0
       pc7 = 0
       pc8 = 0
       pc9 = 0
      pc10 = 0
      pc11 = 0
      pc12 = 0
      pc13 = 0
      pc14 = 0
      pc15 = 0
      pc16 = 0
      pc17 = 0
      pc18 = 0
Constrained:
   Tgbecnw = 109982
     Tecnw = 25271.3
       Tnw = 21073.6
       Tec = 227.838
     twoNb = 2.89447e+06
     twoNe = 5.78892e+06
     twoNc = 6.56802e+06
     twoNn = 5.56357e+06
     twoNw = 3.13567e+06
    twoNec = 150913
    twoNnw = 16877.7
  twoNecnw = 66061.2
  twoNbecnw = 11925.9
  twoNgbecnw = 254234
         m = 0.117906
        m4 = 0.0159352
        m5 = 0.109036
        m6 = 0.0275239
        Ta = 37713.9
        Td = 113.919
        Te = 56.9594
        Tf = 28.4797
DiffEv reached_goal. cost=2.11384e-03 spread=2.65516e-06
Fitted parameter values
Free:
       pc1 = 2.03368
       pc2 = 3.9528
       pc3 = -2.25359
       pc4 = 0.592563
       pc5 = 1.55806
       pc6 = 1.73965
       pc7 = -0.510649
       pc8 = 0.929375
       pc9 = -0.701231
      pc10 = -0.00332722
      pc11 = 1.99864
      pc12 = -0.340952
      pc13 = 0.734547
      pc14 = -0.296568
      pc15 = -0.212069
      pc16 = -0.0595109
      pc17 = 0.0577984
      pc18 = 0.0695124
Constrained:
   Tgbecnw = 81002.6
     Tecnw = 24035.6
       Tnw = 19066.4
       Tec = 140.521
     twoNb = 3.28608e+06
     twoNe = 6.64525e+06
     twoNc = 1.51757e+07
     twoNn = -8.08211e+06
     twoNw = 5.13678e+06
    twoNec = 140056
    twoNnw = 20772.8
  twoNecnw = 60995.4
  twoNbecnw = 2034.72
  twoNgbecnw = 318487
         m = 0.088457
        m4 = 0.0162356
        m5 = 0.121971
        m6 = 0.012404
        Ta = 37670.3
        Td = 70.2603
        Te = 35.1301
        Tf = 17.5651
#       SitePat  BranchLen
              b 115506.0876838
              e 42515.6870340
              c 44704.2452881
              n 42067.2998522
              w 42048.9766314
            b:e 1099.6288956
            b:c 1337.7931331
            b:n 991.3453823
            b:w 990.5712337
            e:c 11289.2865863
            e:n 4391.4476583
            e:w 4407.7094850
            c:n 3931.5505789
            c:w 3929.6263119
            n:w 11663.4046870
          b:e:c 1227.5265658
          b:e:n 565.9855161
          b:e:w 566.6115770
          b:c:n 571.9008788
          b:c:w 571.2201901
          b:n:w 1213.6243825
          e:c:n 4043.7869133
          e:c:w 4047.7725745
          e:n:w 5529.8572770
          c:n:w 4598.2005616
        b:e:c:n 1096.1793324
        b:e:c:w 1097.0081089
        b:e:n:w 1781.5141274
        b:c:n:w 1213.9045036
        e:c:n:w 46170.8999835
