########################################
# legofit: estimate population history #
#       version 2.3.4-4-g53f8760       #
########################################

# Program was compiled: Sep 21 2021 14:36:42
# Program was run: Mon Oct 11 12:44:46 2021

# cmd: legofit -1 -d 0 -t 32 --ptsPerDim 3 --stateOut b1boot47.state --tol 3e-6 -S 5000 adef2.lgo ../../chrX/boot_chrX/boot47.opf
# Stage nOptItr nSimReps
#     0    5000        0
# algorithm          : deterministic
# ignoring probs <=  : 0
# Branch length floor: 0
# DE strategy        : 2
#    F               : 0.3
#    CR              : 0.8
#    tolerance       : 3e-06
# nthreads           : 32
# lgo input file     : adef2.lgo
# site pat input file: ../../chrX/boot_chrX/boot47.opf
# free parameters    : 18
# points in DE swarm : 54
# output state file  : b1boot47.state
# Including singleton site patterns.
# cost function      : KL
Initial parameter values
Fixed:
      zero = 0
       one = 1
    Tbecnw = 75200
Free:
       pc1 = 0
       pc2 = 0
       pc3 = 0
       pc4 = 0
       pc5 = 0
       pc6 = 0
       pc7 = 0
       pc8 = 0
       pc9 = 0
      pc10 = 0
      pc11 = 0
      pc12 = 0
      pc13 = 0
      pc14 = 0
      pc15 = 0
      pc16 = 0
      pc17 = 0
      pc18 = 0
Constrained:
   Tgbecnw = 109982
     Tecnw = 25271.3
       Tnw = 21073.6
       Tec = 227.838
     twoNb = 2.89447e+06
     twoNe = 5.78892e+06
     twoNc = 6.56802e+06
     twoNn = 5.56357e+06
     twoNw = 3.13567e+06
    twoNec = 150913
    twoNnw = 16877.7
  twoNecnw = 66061.2
  twoNbecnw = 11925.9
  twoNgbecnw = 254234
         m = 0.117906
        m4 = 0.0159352
        m5 = 0.109036
        m6 = 0.0275239
        Ta = 37713.9
        Td = 113.919
        Te = 56.9594
        Tf = 28.4797
DiffEv reached_goal. cost=2.31732e-03 spread=2.56177e-06
Fitted parameter values
Free:
       pc1 = 1.70461
       pc2 = 3.95257
       pc3 = -1.58374
       pc4 = 0.571481
       pc5 = 1.46184
       pc6 = 1.87749
       pc7 = 0.52881
       pc8 = 0.538044
       pc9 = -0.654982
      pc10 = -0.696692
      pc11 = 1.0919
      pc12 = -0.182332
      pc13 = 0.363463
      pc14 = -0.228774
      pc15 = 0.10747
      pc16 = 0.0308381
      pc17 = 0.0946363
      pc18 = 0.0143609
Constrained:
   Tgbecnw = 83723
     Tecnw = 24085.8
       Tnw = 20465.1
       Tec = 8.64004
     twoNb = 2.66675e+06
     twoNe = 3.07037e+06
     twoNc = 8.7446e+06
     twoNn = -7.59275e+06
     twoNw = 5.4804e+06
    twoNec = 137193
    twoNnw = 14457.6
  twoNecnw = 63809.2
  twoNbecnw = 3015.4
  twoNgbecnw = 292297
         m = 0.0958505
        m4 = 0.0166221
        m5 = 0.1313
        m6 = 0.039394
        Ta = 37604.3
        Td = 4.32002
        Te = 2.16001
        Tf = 1.08001
#       SitePat  BranchLen
              b 115338.4625523
              e 43171.6687111
              c 45160.4038191
              n 42445.8279765
              w 42422.5834392
            b:e 1117.9040916
            b:c 1347.9879033
            b:n 983.5372018
            b:w 982.5499919
            e:c 11341.3409755
            e:n 4419.8489953
            e:w 4436.5387049
            c:n 4012.1283633
            c:w 4013.5272039
            n:w 11776.0353765
          b:e:c 1231.3220529
          b:e:n 567.4134481
          b:e:w 567.9287984
          b:c:n 572.7506627
          b:c:w 572.1652568
          b:n:w 1216.3588697
          e:c:n 3992.9095965
          e:c:w 3998.0655836
          e:n:w 5567.7833300
          c:n:w 4713.6222589
        b:e:c:n 1090.0674864
        b:e:c:w 1091.1247519
        b:e:n:w 1779.1324938
        b:c:n:w 1235.6329607
        e:c:n:w 45321.2896468
