########################################
# legofit: estimate population history #
#       version 2.3.4-4-g53f8760       #
########################################

# Program was compiled: Sep 21 2021 14:36:42
# Program was run: Mon Oct 11 12:41:36 2021

# cmd: legofit -1 -d 0 -t 32 --ptsPerDim 3 --stateOut b1boot33.state --tol 3e-6 -S 5000 adef2.lgo ../../chrX/boot_chrX/boot33.opf
# Stage nOptItr nSimReps
#     0    5000        0
# algorithm          : deterministic
# ignoring probs <=  : 0
# Branch length floor: 0
# DE strategy        : 2
#    F               : 0.3
#    CR              : 0.8
#    tolerance       : 3e-06
# nthreads           : 32
# lgo input file     : adef2.lgo
# site pat input file: ../../chrX/boot_chrX/boot33.opf
# free parameters    : 18
# points in DE swarm : 54
# output state file  : b1boot33.state
# Including singleton site patterns.
# cost function      : KL
Initial parameter values
Fixed:
      zero = 0
       one = 1
    Tbecnw = 75200
Free:
       pc1 = 0
       pc2 = 0
       pc3 = 0
       pc4 = 0
       pc5 = 0
       pc6 = 0
       pc7 = 0
       pc8 = 0
       pc9 = 0
      pc10 = 0
      pc11 = 0
      pc12 = 0
      pc13 = 0
      pc14 = 0
      pc15 = 0
      pc16 = 0
      pc17 = 0
      pc18 = 0
Constrained:
   Tgbecnw = 109982
     Tecnw = 25271.3
       Tnw = 21073.6
       Tec = 227.838
     twoNb = 2.89447e+06
     twoNe = 5.78892e+06
     twoNc = 6.56802e+06
     twoNn = 5.56357e+06
     twoNw = 3.13567e+06
    twoNec = 150913
    twoNnw = 16877.7
  twoNecnw = 66061.2
  twoNbecnw = 11925.9
  twoNgbecnw = 254234
         m = 0.117906
        m4 = 0.0159352
        m5 = 0.109036
        m6 = 0.0275239
        Ta = 37713.9
        Td = 113.919
        Te = 56.9594
        Tf = 28.4797
DiffEv reached_goal. cost=2.34368e-03 spread=2.99745e-06
Fitted parameter values
Free:
       pc1 = 1.01837
       pc2 = 3.25419
       pc3 = -2.43118
       pc4 = 1.54893
       pc5 = 1.86287
       pc6 = 1.70113
       pc7 = -0.46062
       pc8 = 1.53473
       pc9 = 0.080524
      pc10 = 0.878627
      pc11 = 1.75298
      pc12 = -0.0253617
      pc13 = -0.230312
      pc14 = 0.0157284
      pc15 = -0.167149
      pc16 = -0.100918
      pc17 = -0.000493908
      pc18 = 0.0661779
Constrained:
   Tgbecnw = 84406.6
     Tecnw = 24212.4
       Tnw = 20041.7
       Tec = 8.94264
     twoNb = 3.36937e+06
     twoNe = 5.63307e+06
     twoNc = 1.34473e+07
     twoNn = -1.07386e+07
     twoNw = 4.56447e+06
    twoNec = 149202
    twoNnw = 16038.5
  twoNecnw = 61402.3
  twoNbecnw = 3199.75
  twoNgbecnw = 333365
         m = 0.0849326
        m4 = 0.0135802
        m5 = 0.0954203
        m6 = 0.0217589
        Ta = 37604.5
        Td = 4.47132
        Te = 2.23566
        Tf = 1.11783
#       SitePat  BranchLen
              b 116940.5537267
              e 43287.8295804
              c 44959.1997723
              n 42095.2536033
              w 42076.6153152
            b:e 1202.6514243
            b:c 1396.5497604
            b:n 1033.0933577
            b:w 1032.2590613
            e:c 11440.0748643
            e:n 4293.1391863
            e:w 4307.5482596
            c:n 3962.0776953
            c:w 3962.1706328
            n:w 12134.8836329
          b:e:c 1328.2156448
          b:e:n 591.5538125
          b:e:w 592.0677184
          b:c:n 596.2385832
          b:c:w 595.6679314
          b:n:w 1311.8061483
          e:c:n 4030.2662939
          e:c:w 4034.4025711
          e:n:w 5601.5734487
          c:n:w 4877.6403439
        b:e:c:n 1140.1758363
        b:e:c:w 1141.0668785
        b:e:n:w 1796.0449607
        b:c:n:w 1322.8635769
        e:c:n:w 47234.1980363
