########################################
# legofit: estimate population history #
#       version 2.3.4-4-g53f8760       #
########################################

# Program was compiled: Sep 21 2021 14:36:42
# Program was run: Wed Sep 22 16:28:34 2021

# cmd: legofit -1 -d 0 -t 32 --ptsPerDim 3 --stateOut b1.state --tol 3e-6 -S 5000 bde2.lgo ../../pan.opf
# Stage nOptItr nSimReps
#     0    5000        0
# algorithm          : deterministic
# ignoring probs <=  : 0
# Branch length floor: 0
# DE strategy        : 2
#    F               : 0.3
#    CR              : 0.8
#    tolerance       : 3e-06
# nthreads           : 32
# lgo input file     : bde2.lgo
# site pat input file: ../../pan.opf
# free parameters    : 14
# points in DE swarm : 42
# output state file  : b1.state
# Including singleton site patterns.
# cost function      : KL
Initial parameter values
Fixed:
      zero = 0
       one = 1
    Tbecnw = 75200
Free:
       pc1 = 0
       pc2 = 0
       pc3 = 0
       pc4 = 0
       pc5 = 0
       pc6 = 0
       pc7 = 0
       pc8 = 0
       pc9 = 0
      pc10 = 0
      pc11 = 0
      pc12 = 0
      pc13 = 0
      pc14 = 0
Constrained:
     Tecnw = 40951.5
       Tnw = 992.798
       Tec = 929.67
     twoNb = 1.00369e+06
     twoNe = 174132
     twoNc = 240687
     twoNw = 1.31974e+06
    twoNec = 308507
    twoNnw = 187485
  twoNecnw = 30469.9
  twoNbecnw = 77445.6
        m2 = 0.00323944
        m4 = 6.31771e-05
        m5 = 0.222448
        Tb = 20940.6
        Td = 464.835
        Te = 232.417
DiffEv reached_goal. cost=3.00618e-03 spread=2.72234e-06
Fitted parameter values
Free:
       pc1 = -1.632
       pc2 = 0.285745
       pc3 = -1.98274
       pc4 = 0.774792
       pc5 = 1.49311
       pc6 = 1.6932
       pc7 = 1.63619
       pc8 = -1.15491
       pc9 = 0.0564396
      pc10 = -0.229367
      pc11 = 0.291967
      pc12 = -0.140308
      pc13 = 0.076099
      pc14 = -0.130341
Constrained:
     Tecnw = 41422.1
       Tnw = 59.3473
       Tec = 49.0286
     twoNb = 1.41158e+06
     twoNe = 12808
     twoNc = 485240
     twoNw = 2.04757e+06
    twoNec = 306576
    twoNnw = 197657
  twoNecnw = 29809.3
  twoNbecnw = 77982.5
        m2 = 0.00720717
        m4 = 8.25153e-05
        m5 = 0.229863
        Tb = 20735.6
        Td = 24.5143
        Te = 12.2571
#       SitePat  BranchLen
              b 138819.7420162
              e 53380.4076721
              c 57098.7461186
              n 50867.5745248
              w 50867.2751369
            b:e 2447.3971343
            b:c 2846.5000738
            b:n 2137.1378387
            b:w 2137.1198962
            e:c 10923.5052556
            e:n 5802.5727600
            e:w 5802.8721479
            c:n 4696.8015921
            c:w 4696.7451074
            n:w 13714.5864796
          b:e:c 2278.6878692
          b:e:n 1256.9936445
          b:e:w 1257.0115870
          b:c:n 1257.2389259
          b:c:w 1257.2209735
          b:n:w 2275.0955261
          e:c:n 5988.2461934
          e:c:w 5988.3026781
          e:n:w 8351.8077320
          c:n:w 6838.2656009
        b:e:c:n 2138.7737086
        b:e:c:w 2138.7916611
        b:e:n:w 2822.7312316
        b:c:n:w 2430.2755173
        e:c:n:w 56922.6163286
