########################################
# legofit: estimate population history #
#       version 2.3.4-4-g53f8760       #
########################################

# Program was compiled: Sep 21 2021 14:36:42
# Program was run: Wed Sep 22 16:29:33 2021

# cmd: legofit -1 -d 0 -t 32 --ptsPerDim 3 --stateOut b1boot16.state --tol 3e-6 -S 5000 bde2.lgo ../../boot/boot16.opf
# Stage nOptItr nSimReps
#     0    5000        0
# algorithm          : deterministic
# ignoring probs <=  : 0
# Branch length floor: 0
# DE strategy        : 2
#    F               : 0.3
#    CR              : 0.8
#    tolerance       : 3e-06
# nthreads           : 32
# lgo input file     : bde2.lgo
# site pat input file: ../../boot/boot16.opf
# free parameters    : 14
# points in DE swarm : 42
# output state file  : b1boot16.state
# Including singleton site patterns.
# cost function      : KL
Initial parameter values
Fixed:
      zero = 0
       one = 1
    Tbecnw = 75200
Free:
       pc1 = 0
       pc2 = 0
       pc3 = 0
       pc4 = 0
       pc5 = 0
       pc6 = 0
       pc7 = 0
       pc8 = 0
       pc9 = 0
      pc10 = 0
      pc11 = 0
      pc12 = 0
      pc13 = 0
      pc14 = 0
Constrained:
     Tecnw = 40951.5
       Tnw = 992.798
       Tec = 929.67
     twoNb = 1.00369e+06
     twoNe = 174132
     twoNc = 240687
     twoNw = 1.31974e+06
    twoNec = 308507
    twoNnw = 187485
  twoNecnw = 30469.9
  twoNbecnw = 77445.6
        m2 = 0.00323944
        m4 = 6.31771e-05
        m5 = 0.222448
        Tb = 20940.6
        Td = 464.835
        Te = 232.417
DiffEv reached_goal. cost=2.95942e-03 spread=2.69618e-06
Fitted parameter values
Free:
       pc1 = -1.43796
       pc2 = -0.166353
       pc3 = -1.99987
       pc4 = 0.307413
       pc5 = 1.54636
       pc6 = 0.878861
       pc7 = 1.12706
       pc8 = -0.372721
       pc9 = 0.0328506
      pc10 = -0.407887
      pc11 = 0.0989831
      pc12 = -0.028409
      pc13 = 0.142899
      pc14 = -0.0346851
Constrained:
     Tecnw = 41318.9
       Tnw = 93.7933
       Tec = 1.99739
     twoNb = 1.36905e+06
     twoNe = 84077.2
     twoNc = 262410
     twoNw = 1.8057e+06
    twoNec = 302869
    twoNnw = 197664
  twoNecnw = 29884.6
  twoNbecnw = 77676.8
        m2 = 0.00690014
        m4 = 9.94682e-05
        m5 = 0.228697
        Tb = 20660.5
        Td = 0.998694
        Te = 0.499347
#       SitePat  BranchLen
              b 138587.7712222
              e 53249.9685844
              c 56930.6356010
              n 50820.3675604
              w 50819.6992941
            b:e 2430.1988896
            b:c 2823.5627779
            b:n 2130.9204849
            b:w 2130.8805338
            e:c 10961.2115328
            e:n 5784.6261584
            e:w 5785.2944247
            c:n 4689.3657548
            c:w 4689.2395753
            n:w 13686.5268144
          b:e:c 2271.0327165
          b:e:n 1250.2868830
          b:e:w 1250.3268341
          b:c:n 1250.5531744
          b:c:w 1250.5132014
          b:n:w 2267.4783006
          e:c:n 5989.6751708
          e:c:w 5989.8013504
          e:n:w 8308.3093714
          c:n:w 6811.8667829
        b:e:c:n 2132.5128215
        b:e:c:w 2132.5527946
        b:e:n:w 2800.0339766
        b:c:n:w 2413.3082545
        e:c:n:w 56786.1013570
