########################################
# legofit: estimate population history #
#       version 2.3.4-4-g53f8760       #
########################################

# Program was compiled: Sep 21 2021 14:36:42
# Program was run: Wed Sep 22 16:29:47 2021

# cmd: legofit -1 -d 0 -t 32 --ptsPerDim 3 --stateOut b1boot27.state --tol 3e-6 -S 5000 bde2.lgo ../../boot/boot27.opf
# Stage nOptItr nSimReps
#     0    5000        0
# algorithm          : deterministic
# ignoring probs <=  : 0
# Branch length floor: 0
# DE strategy        : 2
#    F               : 0.3
#    CR              : 0.8
#    tolerance       : 3e-06
# nthreads           : 32
# lgo input file     : bde2.lgo
# site pat input file: ../../boot/boot27.opf
# free parameters    : 14
# points in DE swarm : 42
# output state file  : b1boot27.state
# Including singleton site patterns.
# cost function      : KL
Initial parameter values
Fixed:
      zero = 0
       one = 1
    Tbecnw = 75200
Free:
       pc1 = 0
       pc2 = 0
       pc3 = 0
       pc4 = 0
       pc5 = 0
       pc6 = 0
       pc7 = 0
       pc8 = 0
       pc9 = 0
      pc10 = 0
      pc11 = 0
      pc12 = 0
      pc13 = 0
      pc14 = 0
Constrained:
     Tecnw = 40951.5
       Tnw = 992.798
       Tec = 929.67
     twoNb = 1.00369e+06
     twoNe = 174132
     twoNc = 240687
     twoNw = 1.31974e+06
    twoNec = 308507
    twoNnw = 187485
  twoNecnw = 30469.9
  twoNbecnw = 77445.6
        m2 = 0.00323944
        m4 = 6.31771e-05
        m5 = 0.222448
        Tb = 20940.6
        Td = 464.835
        Te = 232.417
DiffEv reached_goal. cost=2.97255e-03 spread=2.25309e-06
Fitted parameter values
Free:
       pc1 = -1.78094
       pc2 = 0.300343
       pc3 = -1.98012
       pc4 = 0.463039
       pc5 = 1.83501
       pc6 = 1.53059
       pc7 = 1.74436
       pc8 = -0.821403
       pc9 = 0.214687
      pc10 = -0.0953317
      pc11 = 0.336584
      pc12 = -0.214795
      pc13 = 0.199311
      pc14 = -0.0203529
Constrained:
     Tecnw = 41421.3
       Tnw = 15.2012
       Tec = 19.2291
     twoNb = 1.35231e+06
     twoNe = 3625.23
     twoNc = 387908
     twoNw = 2.11092e+06
    twoNec = 301908
    twoNnw = 198318
  twoNecnw = 29741.8
  twoNbecnw = 78158.8
        m2 = 0.00722681
        m4 = 0.000104309
        m5 = 0.229632
        Tb = 20720.3
        Td = 9.61454
        Te = 4.80727
#       SitePat  BranchLen
              b 138999.9400027
              e 53305.5725025
              c 57014.1853004
              n 50870.4359617
              w 50870.3719055
            b:e 2443.5759630
            b:c 2842.3112366
            b:n 2139.4619610
            b:w 2139.4581228
            e:c 10978.8796445
            e:n 5792.3782691
            e:w 5792.4423252
            c:n 4689.1455860
            c:w 4689.1335005
            n:w 13712.2270178
          b:e:c 2281.8494444
          b:e:n 1255.0935819
          b:e:w 1255.0974201
          b:c:n 1255.3389757
          b:c:w 1255.3351353
          b:n:w 2278.0634297
          e:c:n 5999.6047034
          e:c:w 5999.6167889
          e:n:w 8337.5542154
          c:n:w 6827.9126420
        b:e:c:n 2141.1925583
        b:e:c:w 2141.1963987
        b:e:n:w 2817.2930128
        b:c:n:w 2425.6449135
        e:c:n:w 57129.5053283
