########################################
# legofit: estimate population history #
#       version 2.3.4-4-g53f8760       #
########################################

# Program was compiled: Sep 21 2021 14:36:42
# Program was run: Wed Sep 22 16:29:26 2021

# cmd: legofit -1 -d 0 -t 32 --ptsPerDim 3 --stateOut b1boot12.state --tol 3e-6 -S 5000 bde2.lgo ../../boot/boot12.opf
# Stage nOptItr nSimReps
#     0    5000        0
# algorithm          : deterministic
# ignoring probs <=  : 0
# Branch length floor: 0
# DE strategy        : 2
#    F               : 0.3
#    CR              : 0.8
#    tolerance       : 3e-06
# nthreads           : 32
# lgo input file     : bde2.lgo
# site pat input file: ../../boot/boot12.opf
# free parameters    : 14
# points in DE swarm : 42
# output state file  : b1boot12.state
# Including singleton site patterns.
# cost function      : KL
Initial parameter values
Fixed:
      zero = 0
       one = 1
    Tbecnw = 75200
Free:
       pc1 = 0
       pc2 = 0
       pc3 = 0
       pc4 = 0
       pc5 = 0
       pc6 = 0
       pc7 = 0
       pc8 = 0
       pc9 = 0
      pc10 = 0
      pc11 = 0
      pc12 = 0
      pc13 = 0
      pc14 = 0
Constrained:
     Tecnw = 40951.5
       Tnw = 992.798
       Tec = 929.67
     twoNb = 1.00369e+06
     twoNe = 174132
     twoNc = 240687
     twoNw = 1.31974e+06
    twoNec = 308507
    twoNnw = 187485
  twoNecnw = 30469.9
  twoNbecnw = 77445.6
        m2 = 0.00323944
        m4 = 6.31771e-05
        m5 = 0.222448
        Tb = 20940.6
        Td = 464.835
        Te = 232.417
DiffEv reached_goal. cost=2.98707e-03 spread=2.96094e-06
Fitted parameter values
Free:
       pc1 = -1.00728
       pc2 = -0.776084
       pc3 = -1.83722
       pc4 = -0.801132
       pc5 = 1.61129
       pc6 = 0.813476
       pc7 = 1.09163
       pc8 = -0.339505
       pc9 = -0.306694
      pc10 = -0.50363
      pc11 = 0.512378
      pc12 = 0.0906387
      pc13 = 0.0998871
      pc14 = -0.0259744
Constrained:
     Tecnw = 41167.2
       Tnw = 116.746
       Tec = 52.443
     twoNb = 1.52271e+06
     twoNe = 2076.21
     twoNc = 138146
     twoNw = 1.61365e+06
    twoNec = 304356
    twoNnw = 197915
  twoNecnw = 30185.1
  twoNbecnw = 77615.8
        m2 = 0.00606566
        m4 = 0.000158675
        m5 = 0.228177
        Tb = 20609.8
        Td = 26.2215
        Te = 13.1107
#       SitePat  BranchLen
              b 138474.7744833
              e 53241.1048010
              c 56896.4774353
              n 50832.2574779
              w 50831.4283467
            b:e 2432.0305895
            b:c 2821.5178468
            b:n 2144.7812907
            b:w 2144.7314109
            e:c 10973.5715411
            e:n 5813.3145467
            e:w 5814.1436779
            c:n 4725.4808302
            c:w 4725.3233144
            n:w 13685.9068826
          b:e:c 2278.2643634
          b:e:n 1259.0634728
          b:e:w 1259.1133527
          b:c:n 1259.3052101
          b:c:w 1259.2553082
          b:n:w 2275.4363452
          e:c:n 6023.5380782
          e:c:w 6023.6955940
          e:n:w 8310.9127012
          c:n:w 6826.1935317
        b:e:c:n 2146.0458502
        b:e:c:w 2146.0957522
        b:e:n:w 2802.5284381
        b:c:n:w 2418.6581031
        e:c:n:w 56598.1790584
