########################################
# legofit: estimate population history #
#       version 2.3.4-4-g53f8760       #
########################################

# Program was compiled: Sep 21 2021 14:36:42
# Program was run: Wed Sep 22 16:29:40 2021

# cmd: legofit -1 -d 0 -t 32 --ptsPerDim 3 --stateOut b1boot20.state --tol 3e-6 -S 5000 bde2.lgo ../../boot/boot20.opf
# Stage nOptItr nSimReps
#     0    5000        0
# algorithm          : deterministic
# ignoring probs <=  : 0
# Branch length floor: 0
# DE strategy        : 2
#    F               : 0.3
#    CR              : 0.8
#    tolerance       : 3e-06
# nthreads           : 32
# lgo input file     : bde2.lgo
# site pat input file: ../../boot/boot20.opf
# free parameters    : 14
# points in DE swarm : 42
# output state file  : b1boot20.state
# Including singleton site patterns.
# cost function      : KL
Initial parameter values
Fixed:
      zero = 0
       one = 1
    Tbecnw = 75200
Free:
       pc1 = 0
       pc2 = 0
       pc3 = 0
       pc4 = 0
       pc5 = 0
       pc6 = 0
       pc7 = 0
       pc8 = 0
       pc9 = 0
      pc10 = 0
      pc11 = 0
      pc12 = 0
      pc13 = 0
      pc14 = 0
Constrained:
     Tecnw = 40951.5
       Tnw = 992.798
       Tec = 929.67
     twoNb = 1.00369e+06
     twoNe = 174132
     twoNc = 240687
     twoNw = 1.31974e+06
    twoNec = 308507
    twoNnw = 187485
  twoNecnw = 30469.9
  twoNbecnw = 77445.6
        m2 = 0.00323944
        m4 = 6.31771e-05
        m5 = 0.222448
        Tb = 20940.6
        Td = 464.835
        Te = 232.417
DiffEv reached_goal. cost=2.98351e-03 spread=1.54319e-06
Fitted parameter values
Free:
       pc1 = -1.02458
       pc2 = -0.298957
       pc3 = -1.92945
       pc4 = 1.03068
       pc5 = 1.91997
       pc6 = 1.26212
       pc7 = 0.73932
       pc8 = -0.825799
       pc9 = -0.348328
      pc10 = 0.14779
      pc11 = 0.0188403
      pc12 = -0.0370575
      pc13 = 0.202202
      pc14 = -0.0602539
Constrained:
     Tecnw = 41154
       Tnw = 26.6606
       Tec = 0.416335
     twoNb = 1.4238e+06
     twoNe = 38266.8
     twoNc = 326538
     twoNw = 2.10084e+06
    twoNec = 305019
    twoNnw = 198321
  twoNecnw = 29982.6
  twoNbecnw = 77484.5
        m2 = 0.00712379
        m4 = 1.17177e-05
        m5 = 0.225762
        Tb = 20577.2
        Td = 0.208167
        Te = 0.104084
#       SitePat  BranchLen
              b 138442.6952417
              e 53200.0034792
              c 56811.9251935
              n 50737.1617876
              w 50737.0005547
            b:e 2427.2350436
            b:c 2811.1141221
            b:n 2123.8283698
            b:w 2123.8187502
            e:c 10929.0906372
            e:n 5773.4746812
            e:w 5773.6359141
            c:n 4697.5300607
            c:w 4697.4995678
            n:w 13654.7673014
          b:e:c 2260.0325581
          b:e:n 1246.9576992
          b:e:w 1246.9673188
          b:c:n 1247.1734367
          b:c:w 1247.1638119
          b:n:w 2256.5319004
          e:c:n 5987.4408739
          e:c:w 5987.4713668
          e:n:w 8288.7970492
          c:n:w 6822.5330407
        b:e:c:n 2125.4247203
        b:e:c:w 2125.4343451
        b:e:n:w 2788.2128139
        b:c:n:w 2410.3447656
        e:c:n:w 56722.7563968
