########################################
# legofit: estimate population history #
#       version 2.3.4-4-g53f8760       #
########################################

# Program was compiled: Sep 21 2021 14:36:42
# Program was run: Wed Sep 22 16:29:47 2021

# cmd: legofit -1 -d 0 -t 32 --ptsPerDim 3 --stateOut b1boot29.state --tol 3e-6 -S 5000 bde2.lgo ../../boot/boot29.opf
# Stage nOptItr nSimReps
#     0    5000        0
# algorithm          : deterministic
# ignoring probs <=  : 0
# Branch length floor: 0
# DE strategy        : 2
#    F               : 0.3
#    CR              : 0.8
#    tolerance       : 3e-06
# nthreads           : 32
# lgo input file     : bde2.lgo
# site pat input file: ../../boot/boot29.opf
# free parameters    : 14
# points in DE swarm : 42
# output state file  : b1boot29.state
# Including singleton site patterns.
# cost function      : KL
Initial parameter values
Fixed:
      zero = 0
       one = 1
    Tbecnw = 75200
Free:
       pc1 = 0
       pc2 = 0
       pc3 = 0
       pc4 = 0
       pc5 = 0
       pc6 = 0
       pc7 = 0
       pc8 = 0
       pc9 = 0
      pc10 = 0
      pc11 = 0
      pc12 = 0
      pc13 = 0
      pc14 = 0
Constrained:
     Tecnw = 40951.5
       Tnw = 992.798
       Tec = 929.67
     twoNb = 1.00369e+06
     twoNe = 174132
     twoNc = 240687
     twoNw = 1.31974e+06
    twoNec = 308507
    twoNnw = 187485
  twoNecnw = 30469.9
  twoNbecnw = 77445.6
        m2 = 0.00323944
        m4 = 6.31771e-05
        m5 = 0.222448
        Tb = 20940.6
        Td = 464.835
        Te = 232.417
DiffEv reached_goal. cost=2.99566e-03 spread=2.32990e-06
Fitted parameter values
Free:
       pc1 = -1.63505
       pc2 = -0.015249
       pc3 = -1.99867
       pc4 = 0.774907
       pc5 = 1.62443
       pc6 = 1.74354
       pc7 = 1.19109
       pc8 = -1.07532
       pc9 = 0.318578
      pc10 = 0.213324
      pc11 = -0.0905014
      pc12 = -0.168805
      pc13 = 0.140538
      pc14 = -0.0579236
Constrained:
     Tecnw = 41405.5
       Tnw = 27.0153
       Tec = 4.19247
     twoNb = 1.40574e+06
     twoNe = 6951.76
     twoNc = 424931
     twoNw = 1.98712e+06
    twoNec = 307601
    twoNnw = 197568
  twoNecnw = 29713.4
  twoNbecnw = 77972.5
        m2 = 0.00745493
        m4 = 5.02984e-05
        m5 = 0.225119
        Tb = 20704.8
        Td = 2.09623
        Te = 1.04812
#       SitePat  BranchLen
              b 138858.9313978
              e 53379.0819364
              c 57019.9193437
              n 50827.0841906
              w 50826.9177496
            b:e 2445.0696320
            b:c 2835.2052669
            b:n 2128.3220340
            b:w 2128.3120943
            e:c 10926.5358352
            e:n 5765.1625803
            e:w 5765.3290214
            c:n 4682.2862528
            c:w 4682.2549007
            n:w 13718.3570402
          b:e:c 2273.7198234
          b:e:n 1250.4744875
          b:e:w 1250.4844272
          b:c:n 1250.7089138
          b:c:w 1250.6989684
          b:n:w 2269.9888107
          e:c:n 5975.2055105
          e:c:w 5975.2368626
          e:n:w 8323.5217831
          c:n:w 6841.6068830
        b:e:c:n 2130.0213349
        b:e:c:w 2130.0312803
        b:e:n:w 2810.6913549
        b:c:n:w 2427.1346935
        e:c:n:w 57039.2286498
