########################################
# legofit: estimate population history #
#       version 2.3.4-4-g53f8760       #
########################################

# Program was compiled: Sep 21 2021 14:36:42
# Program was run: Wed Sep 22 16:29:19 2021

# cmd: legofit -1 -d 0 -t 32 --ptsPerDim 3 --stateOut b1boot5.state --tol 3e-6 -S 5000 bde2.lgo ../../boot/boot5.opf
# Stage nOptItr nSimReps
#     0    5000        0
# algorithm          : deterministic
# ignoring probs <=  : 0
# Branch length floor: 0
# DE strategy        : 2
#    F               : 0.3
#    CR              : 0.8
#    tolerance       : 3e-06
# nthreads           : 32
# lgo input file     : bde2.lgo
# site pat input file: ../../boot/boot5.opf
# free parameters    : 14
# points in DE swarm : 42
# output state file  : b1boot5.state
# Including singleton site patterns.
# cost function      : KL
Initial parameter values
Fixed:
      zero = 0
       one = 1
    Tbecnw = 75200
Free:
       pc1 = 0
       pc2 = 0
       pc3 = 0
       pc4 = 0
       pc5 = 0
       pc6 = 0
       pc7 = 0
       pc8 = 0
       pc9 = 0
      pc10 = 0
      pc11 = 0
      pc12 = 0
      pc13 = 0
      pc14 = 0
Constrained:
     Tecnw = 40951.5
       Tnw = 992.798
       Tec = 929.67
     twoNb = 1.00369e+06
     twoNe = 174132
     twoNc = 240687
     twoNw = 1.31974e+06
    twoNec = 308507
    twoNnw = 187485
  twoNecnw = 30469.9
  twoNbecnw = 77445.6
        m2 = 0.00323944
        m4 = 6.31771e-05
        m5 = 0.222448
        Tb = 20940.6
        Td = 464.835
        Te = 232.417
DiffEv reached_goal. cost=3.00504e-03 spread=2.98960e-06
Fitted parameter values
Free:
       pc1 = -1.42641
       pc2 = -0.00572007
       pc3 = -1.94648
       pc4 = 1.27334
       pc5 = 1.71342
       pc6 = 1.18247
       pc7 = 0.780636
       pc8 = -0.6743
       pc9 = 0.282542
      pc10 = 0.287369
      pc11 = -0.0997389
      pc12 = -0.132587
      pc13 = 0.0399984
      pc14 = -0.0352926
Constrained:
     Tecnw = 41335.9
       Tnw = 24.2113
       Tec = 7.79362
     twoNb = 1.29313e+06
     twoNe = 95281
     twoNc = 353877
     twoNw = 2.05781e+06
    twoNec = 306711
    twoNnw = 197007
  twoNecnw = 29827.3
  twoNbecnw = 77799.4
        m2 = 0.00767194
        m4 = 9.60365e-06
        m5 = 0.224828
        Tb = 20671.9
        Td = 3.89681
        Te = 1.9484
#       SitePat  BranchLen
              b 138680.6136538
              e 53354.7670088
              c 56995.3304462
              n 50790.6971511
              w 50790.5596129
            b:e 2448.6686198
            b:c 2839.0530187
            b:n 2127.3093532
            b:w 2127.3011389
            e:c 10939.0939710
            e:n 5767.9314645
            e:w 5768.0690027
            c:n 4685.4569596
            c:w 4685.4310308
            n:w 13737.5747300
          b:e:c 2274.7191507
          b:e:n 1249.8008698
          b:e:w 1249.8090841
          b:c:n 1250.0515081
          b:c:w 1250.0432886
          b:n:w 2270.5586186
          e:c:n 5974.5657810
          e:c:w 5974.5917098
          e:n:w 8331.6491280
          c:n:w 6848.6392666
        b:e:c:n 2129.2026488
        b:e:c:w 2129.2108683
        b:e:n:w 2811.9521689
        b:c:n:w 2428.6418280
        e:c:n:w 56862.9043421
