########################################
# legofit: estimate population history #
#       version 2.3.4-4-g53f8760       #
########################################

# Program was compiled: Sep 21 2021 14:36:42
# Program was run: Wed Sep 22 16:30:13 2021

# cmd: legofit -1 -d 0 -t 32 --ptsPerDim 3 --stateOut b1boot44.state --tol 3e-6 -S 5000 bde2.lgo ../../boot/boot44.opf
# Stage nOptItr nSimReps
#     0    5000        0
# algorithm          : deterministic
# ignoring probs <=  : 0
# Branch length floor: 0
# DE strategy        : 2
#    F               : 0.3
#    CR              : 0.8
#    tolerance       : 3e-06
# nthreads           : 32
# lgo input file     : bde2.lgo
# site pat input file: ../../boot/boot44.opf
# free parameters    : 14
# points in DE swarm : 42
# output state file  : b1boot44.state
# Including singleton site patterns.
# cost function      : KL
Initial parameter values
Fixed:
      zero = 0
       one = 1
    Tbecnw = 75200
Free:
       pc1 = 0
       pc2 = 0
       pc3 = 0
       pc4 = 0
       pc5 = 0
       pc6 = 0
       pc7 = 0
       pc8 = 0
       pc9 = 0
      pc10 = 0
      pc11 = 0
      pc12 = 0
      pc13 = 0
      pc14 = 0
Constrained:
     Tecnw = 40951.5
       Tnw = 992.798
       Tec = 929.67
     twoNb = 1.00369e+06
     twoNe = 174132
     twoNc = 240687
     twoNw = 1.31974e+06
    twoNec = 308507
    twoNnw = 187485
  twoNecnw = 30469.9
  twoNbecnw = 77445.6
        m2 = 0.00323944
        m4 = 6.31771e-05
        m5 = 0.222448
        Tb = 20940.6
        Td = 464.835
        Te = 232.417
DiffEv reached_goal. cost=2.99444e-03 spread=2.98748e-06
Fitted parameter values
Free:
       pc1 = -1.2937
       pc2 = 0.0903764
       pc3 = -1.97682
       pc4 = 1.04119
       pc5 = 1.20346
       pc6 = 1.77368
       pc7 = 1.75483
       pc8 = -0.786994
       pc9 = -0.0605494
      pc10 = -0.393821
      pc11 = 0.387138
      pc12 = 0.0337002
      pc13 = 0.0557248
      pc14 = -0.0499288
Constrained:
     Tecnw = 41326.2
       Tnw = 60.4107
       Tec = 53.7954
     twoNb = 1.31118e+06
     twoNe = 33581.1
     twoNc = 525892
     twoNw = 1.95992e+06
    twoNec = 302065
    twoNnw = 198696
  twoNecnw = 29965.9
  twoNbecnw = 77711.5
        m2 = 0.00756583
        m4 = 9.54166e-05
        m5 = 0.229766
        Tb = 20690
        Td = 26.8977
        Te = 13.4489
#       SitePat  BranchLen
              b 138543.4672090
              e 53320.5790833
              c 57019.1729284
              n 50889.9226403
              w 50889.6107216
            b:e 2447.5685164
            b:c 2845.9785890
            b:n 2140.2903942
            b:w 2140.2716935
            e:c 10968.2386335
            e:n 5804.0644627
            e:w 5804.3763814
            c:n 4703.8709391
            c:w 4703.8120023
            n:w 13692.0647914
          b:e:c 2278.6957918
          b:e:n 1256.5187038
          b:e:w 1256.5374045
          b:c:n 1256.7959040
          b:c:w 1256.7771915
          b:n:w 2274.6239885
          e:c:n 6001.4351491
          e:c:w 6001.4940859
          e:n:w 8339.6745339
          c:n:w 6833.7830572
        b:e:c:n 2142.1428051
        b:e:c:w 2142.1615175
        b:e:n:w 2819.1712250
        b:c:n:w 2428.2996997
        e:c:n:w 56646.6423397
