########################################
# legofit: estimate population history #
#       version 2.3.4-4-g53f8760       #
########################################

# Program was compiled: Sep 21 2021 14:36:42
# Program was run: Wed Sep 22 16:29:55 2021

# cmd: legofit -1 -d 0 -t 32 --ptsPerDim 3 --stateOut b1boot33.state --tol 3e-6 -S 5000 bde2.lgo ../../boot/boot33.opf
# Stage nOptItr nSimReps
#     0    5000        0
# algorithm          : deterministic
# ignoring probs <=  : 0
# Branch length floor: 0
# DE strategy        : 2
#    F               : 0.3
#    CR              : 0.8
#    tolerance       : 3e-06
# nthreads           : 32
# lgo input file     : bde2.lgo
# site pat input file: ../../boot/boot33.opf
# free parameters    : 14
# points in DE swarm : 42
# output state file  : b1boot33.state
# Including singleton site patterns.
# cost function      : KL
Initial parameter values
Fixed:
      zero = 0
       one = 1
    Tbecnw = 75200
Free:
       pc1 = 0
       pc2 = 0
       pc3 = 0
       pc4 = 0
       pc5 = 0
       pc6 = 0
       pc7 = 0
       pc8 = 0
       pc9 = 0
      pc10 = 0
      pc11 = 0
      pc12 = 0
      pc13 = 0
      pc14 = 0
Constrained:
     Tecnw = 40951.5
       Tnw = 992.798
       Tec = 929.67
     twoNb = 1.00369e+06
     twoNe = 174132
     twoNc = 240687
     twoNw = 1.31974e+06
    twoNec = 308507
    twoNnw = 187485
  twoNecnw = 30469.9
  twoNbecnw = 77445.6
        m2 = 0.00323944
        m4 = 6.31771e-05
        m5 = 0.222448
        Tb = 20940.6
        Td = 464.835
        Te = 232.417
DiffEv reached_goal. cost=2.97404e-03 spread=1.78675e-06
Fitted parameter values
Free:
       pc1 = -1.59887
       pc2 = -0.0757481
       pc3 = -1.967
       pc4 = 0.301141
       pc5 = 1.77361
       pc6 = 1.51986
       pc7 = 0.311526
       pc8 = -0.447561
       pc9 = -0.000503657
      pc10 = -0.344688
      pc11 = -0.261004
      pc12 = -0.147871
      pc13 = 0.210747
      pc14 = -0.0540927
Constrained:
     Tecnw = 41341.2
       Tnw = 47.7796
       Tec = 0.93832
     twoNb = 1.3742e+06
     twoNe = 3351.51
     twoNc = 242005
     twoNw = 1.60528e+06
    twoNec = 303224
    twoNnw = 197147
  twoNecnw = 29719.9
  twoNbecnw = 77637.4
        m2 = 0.00704078
        m4 = 2.15513e-05
        m5 = 0.227808
        Tb = 20671.1
        Td = 0.46916
        Te = 0.23458
#       SitePat  BranchLen
              b 138631.3837866
              e 53204.2723196
              c 56875.1657649
              n 50738.5635399
              w 50738.1825053
            b:e 2419.4230746
            b:c 2809.4457130
            b:n 2116.2044550
            b:w 2116.1817994
            e:c 10932.6824312
            e:n 5759.1772672
            e:w 5759.5583017
            c:n 4665.9993371
            c:w 4665.9276165
            n:w 13680.5318527
          b:e:c 2259.6651666
          b:e:n 1241.6266945
          b:e:w 1241.6493502
          b:c:n 1241.8627745
          b:c:w 1241.8401064
          b:n:w 2256.0810070
          e:c:n 5963.8261724
          e:c:w 5963.8978930
          e:n:w 8288.3162098
          c:n:w 6797.5423208
        b:e:c:n 2117.8160425
        b:e:c:w 2117.8387106
        b:e:n:w 2785.9623762
        b:c:n:w 2402.2019605
        e:c:n:w 56943.4710076
