########################################
# legofit: estimate population history #
#       version 2.3.4-4-g53f8760       #
########################################

# Program was compiled: Sep 21 2021 14:36:42
# Program was run: Wed Sep 22 16:29:41 2021

# cmd: legofit -1 -d 0 -t 32 --ptsPerDim 3 --stateOut b1boot23.state --tol 3e-6 -S 5000 bde2.lgo ../../boot/boot23.opf
# Stage nOptItr nSimReps
#     0    5000        0
# algorithm          : deterministic
# ignoring probs <=  : 0
# Branch length floor: 0
# DE strategy        : 2
#    F               : 0.3
#    CR              : 0.8
#    tolerance       : 3e-06
# nthreads           : 32
# lgo input file     : bde2.lgo
# site pat input file: ../../boot/boot23.opf
# free parameters    : 14
# points in DE swarm : 42
# output state file  : b1boot23.state
# Including singleton site patterns.
# cost function      : KL
Initial parameter values
Fixed:
      zero = 0
       one = 1
    Tbecnw = 75200
Free:
       pc1 = 0
       pc2 = 0
       pc3 = 0
       pc4 = 0
       pc5 = 0
       pc6 = 0
       pc7 = 0
       pc8 = 0
       pc9 = 0
      pc10 = 0
      pc11 = 0
      pc12 = 0
      pc13 = 0
      pc14 = 0
Constrained:
     Tecnw = 40951.5
       Tnw = 992.798
       Tec = 929.67
     twoNb = 1.00369e+06
     twoNe = 174132
     twoNc = 240687
     twoNw = 1.31974e+06
    twoNec = 308507
    twoNnw = 187485
  twoNecnw = 30469.9
  twoNbecnw = 77445.6
        m2 = 0.00323944
        m4 = 6.31771e-05
        m5 = 0.222448
        Tb = 20940.6
        Td = 464.835
        Te = 232.417
DiffEv reached_goal. cost=2.98531e-03 spread=2.96594e-06
Fitted parameter values
Free:
       pc1 = -0.81514
       pc2 = -0.545879
       pc3 = -1.94507
       pc4 = 0.797183
       pc5 = 1.08562
       pc6 = 1.79577
       pc7 = 0.711891
       pc8 = -1.2246
       pc9 = 0.163217
      pc10 = 0.483477
      pc11 = 0.175752
      pc12 = -0.0829552
      pc13 = -0.100335
      pc14 = 0.0890635
Constrained:
     Tecnw = 41193.1
       Tnw = 74.3836
       Tec = 40.4583
     twoNb = 1.50049e+06
     twoNe = 11614.8
     twoNc = 459655
     twoNw = 1.77616e+06
    twoNec = 307056
    twoNnw = 195990
  twoNecnw = 30122.4
  twoNbecnw = 77800.1
        m2 = 0.00743388
        m4 = 3.01333e-05
        m5 = 0.221008
        Tb = 20616.8
        Td = 20.2292
        Te = 10.1146
#       SitePat  BranchLen
              b 138601.4273660
              e 53390.4742577
              c 56975.6844035
              n 50794.2659427
              w 50793.8138870
            b:e 2461.8798671
            b:c 2846.6051435
            b:n 2141.4407140
            b:w 2141.4135360
            e:c 10996.6147773
            e:n 5777.2063419
            e:w 5777.6583976
            c:n 4713.2429852
            c:w 4713.1572820
            n:w 13798.3212487
          b:e:c 2291.2412872
          b:e:n 1257.1433432
          b:e:w 1257.1705212
          b:c:n 1257.3750287
          b:c:w 1257.3478362
          b:n:w 2287.7312769
          e:c:n 6003.8754674
          e:c:w 6003.9611705
          e:n:w 8347.7460353
          c:n:w 6884.6531112
        b:e:c:n 2143.0245431
        b:e:c:w 2143.0517356
        b:e:n:w 2823.8087331
        b:c:n:w 2445.0217067
        e:c:n:w 56680.8261603
