########################################
# legofit: estimate population history #
#       version 2.3.4-4-g53f8760       #
########################################

# Program was compiled: Sep 21 2021 14:36:42
# Program was run: Wed Sep 22 16:30:13 2021

# cmd: legofit -1 -d 0 -t 32 --ptsPerDim 3 --stateOut b1boot45.state --tol 3e-6 -S 5000 bde2.lgo ../../boot/boot45.opf
# Stage nOptItr nSimReps
#     0    5000        0
# algorithm          : deterministic
# ignoring probs <=  : 0
# Branch length floor: 0
# DE strategy        : 2
#    F               : 0.3
#    CR              : 0.8
#    tolerance       : 3e-06
# nthreads           : 32
# lgo input file     : bde2.lgo
# site pat input file: ../../boot/boot45.opf
# free parameters    : 14
# points in DE swarm : 42
# output state file  : b1boot45.state
# Including singleton site patterns.
# cost function      : KL
Initial parameter values
Fixed:
      zero = 0
       one = 1
    Tbecnw = 75200
Free:
       pc1 = 0
       pc2 = 0
       pc3 = 0
       pc4 = 0
       pc5 = 0
       pc6 = 0
       pc7 = 0
       pc8 = 0
       pc9 = 0
      pc10 = 0
      pc11 = 0
      pc12 = 0
      pc13 = 0
      pc14 = 0
Constrained:
     Tecnw = 40951.5
       Tnw = 992.798
       Tec = 929.67
     twoNb = 1.00369e+06
     twoNe = 174132
     twoNc = 240687
     twoNw = 1.31974e+06
    twoNec = 308507
    twoNnw = 187485
  twoNecnw = 30469.9
  twoNbecnw = 77445.6
        m2 = 0.00323944
        m4 = 6.31771e-05
        m5 = 0.222448
        Tb = 20940.6
        Td = 464.835
        Te = 232.417
DiffEv reached_goal. cost=3.05114e-03 spread=2.80199e-06
Fitted parameter values
Free:
       pc1 = -1.24135
       pc2 = -0.821961
       pc3 = -1.95415
       pc4 = 0.027186
       pc5 = 1.64059
       pc6 = 1.23876
       pc7 = 1.14866
       pc8 = -0.7239
       pc9 = 0.152723
      pc10 = 0.149545
      pc11 = -0.225626
      pc12 = -0.0942878
      pc13 = 0.246564
      pc14 = -0.081073
Constrained:
     Tecnw = 41211
       Tnw = 9.10055
       Tec = 21.307
     twoNb = 1.48883e+06
     twoNe = 10837
     twoNc = 265546
     twoNw = 1.82914e+06
    twoNec = 309241
    twoNnw = 197916
  twoNecnw = 29836.9
  twoNbecnw = 77636.3
        m2 = 0.00689093
        m4 = 0.000108512
        m5 = 0.222477
        Tb = 20616.2
        Td = 10.6535
        Te = 5.32674
#       SitePat  BranchLen
              b 138621.4498097
              e 53262.1120247
              c 56832.8543838
              n 50720.5549975
              w 50720.5290801
            b:e 2425.6198202
            b:c 2805.4859925
            b:n 2117.9936405
            b:w 2117.9920970
            e:c 10892.7064877
            e:n 5750.8548153
            e:w 5750.8807327
            c:n 4687.6614919
            c:w 4687.6565984
            n:w 13664.2506599
          b:e:c 2257.0680063
          b:e:n 1244.5081989
          b:e:w 1244.5097424
          b:c:n 1244.7132434
          b:c:w 1244.7116992
          b:n:w 2253.8125275
          e:c:n 5973.2940102
          e:c:w 5973.2989036
          e:n:w 8277.5406416
          c:n:w 6826.8010800
        b:e:c:n 2119.4930034
        b:e:c:w 2119.4945476
        b:e:n:w 2783.7611380
        b:c:n:w 2409.9026246
        e:c:n:w 56935.3740186
