########################################
# legofit: estimate population history #
#       version 2.3.4-4-g53f8760       #
########################################

# Program was compiled: Sep 21 2021 14:36:42
# Program was run: Wed Sep 22 16:29:55 2021

# cmd: legofit -1 -d 0 -t 32 --ptsPerDim 3 --stateOut b1boot32.state --tol 3e-6 -S 5000 bde2.lgo ../../boot/boot32.opf
# Stage nOptItr nSimReps
#     0    5000        0
# algorithm          : deterministic
# ignoring probs <=  : 0
# Branch length floor: 0
# DE strategy        : 2
#    F               : 0.3
#    CR              : 0.8
#    tolerance       : 3e-06
# nthreads           : 32
# lgo input file     : bde2.lgo
# site pat input file: ../../boot/boot32.opf
# free parameters    : 14
# points in DE swarm : 42
# output state file  : b1boot32.state
# Including singleton site patterns.
# cost function      : KL
Initial parameter values
Fixed:
      zero = 0
       one = 1
    Tbecnw = 75200
Free:
       pc1 = 0
       pc2 = 0
       pc3 = 0
       pc4 = 0
       pc5 = 0
       pc6 = 0
       pc7 = 0
       pc8 = 0
       pc9 = 0
      pc10 = 0
      pc11 = 0
      pc12 = 0
      pc13 = 0
      pc14 = 0
Constrained:
     Tecnw = 40951.5
       Tnw = 992.798
       Tec = 929.67
     twoNb = 1.00369e+06
     twoNe = 174132
     twoNc = 240687
     twoNw = 1.31974e+06
    twoNec = 308507
    twoNnw = 187485
  twoNecnw = 30469.9
  twoNbecnw = 77445.6
        m2 = 0.00323944
        m4 = 6.31771e-05
        m5 = 0.222448
        Tb = 20940.6
        Td = 464.835
        Te = 232.417
DiffEv reached_goal. cost=3.04189e-03 spread=2.54778e-06
Fitted parameter values
Free:
       pc1 = -1.36228
       pc2 = 0.0484493
       pc3 = -1.94001
       pc4 = 1.31619
       pc5 = 1.40456
       pc6 = 1.56467
       pc7 = 1.51686
       pc8 = -1.18414
       pc9 = 0.252075
      pc10 = 0.358483
      pc11 = 0.0414691
      pc12 = -0.259605
      pc13 = 0.224865
      pc14 = -0.0680701
Constrained:
     Tecnw = 41258.7
       Tnw = 55.2562
       Tec = 2.08146
     twoNb = 1.36498e+06
     twoNe = 59789.4
     twoNc = 516782
     twoNw = 2.19217e+06
    twoNec = 306807
    twoNnw = 197335
  twoNecnw = 29794.6
  twoNbecnw = 77940.4
        m2 = 0.00745648
        m4 = 5.13183e-05
        m5 = 0.224815
        Tb = 20630.4
        Td = 1.04073
        Te = 0.520365
#       SitePat  BranchLen
              b 138854.5650925
              e 53278.6029354
              c 56900.8357539
              n 50744.8809281
              w 50744.5638764
            b:e 2440.5607432
            b:c 2828.6180179
            b:n 2124.9387003
            b:w 2124.9197645
            e:c 10922.6102863
            e:n 5765.3147703
            e:w 5765.6318219
            c:n 4688.5874480
            c:w 4688.5275587
            n:w 13693.8826433
          b:e:c 2267.8719982
          b:e:n 1248.4383629
          b:e:w 1248.4572987
          b:c:n 1248.6882134
          b:c:w 1248.6692665
          b:n:w 2264.0311524
          e:c:n 5980.6240144
          e:c:w 5980.6839038
          e:n:w 8319.6979840
          c:n:w 6844.0549047
        b:e:c:n 2126.6794061
        b:e:c:w 2126.6983531
        b:e:n:w 2803.3305971
        b:c:n:w 2422.0533503
        e:c:n:w 57103.3178418
