########################################
# legofit: estimate population history #
#       version 2.3.4-4-g53f8760       #
########################################

# Program was compiled: Sep 21 2021 14:36:42
# Program was run: Wed Sep 22 16:30:03 2021

# cmd: legofit -1 -d 0 -t 32 --ptsPerDim 3 --stateOut b1boot37.state --tol 3e-6 -S 5000 bde2.lgo ../../boot/boot37.opf
# Stage nOptItr nSimReps
#     0    5000        0
# algorithm          : deterministic
# ignoring probs <=  : 0
# Branch length floor: 0
# DE strategy        : 2
#    F               : 0.3
#    CR              : 0.8
#    tolerance       : 3e-06
# nthreads           : 32
# lgo input file     : bde2.lgo
# site pat input file: ../../boot/boot37.opf
# free parameters    : 14
# points in DE swarm : 42
# output state file  : b1boot37.state
# Including singleton site patterns.
# cost function      : KL
Initial parameter values
Fixed:
      zero = 0
       one = 1
    Tbecnw = 75200
Free:
       pc1 = 0
       pc2 = 0
       pc3 = 0
       pc4 = 0
       pc5 = 0
       pc6 = 0
       pc7 = 0
       pc8 = 0
       pc9 = 0
      pc10 = 0
      pc11 = 0
      pc12 = 0
      pc13 = 0
      pc14 = 0
Constrained:
     Tecnw = 40951.5
       Tnw = 992.798
       Tec = 929.67
     twoNb = 1.00369e+06
     twoNe = 174132
     twoNc = 240687
     twoNw = 1.31974e+06
    twoNec = 308507
    twoNnw = 187485
  twoNecnw = 30469.9
  twoNbecnw = 77445.6
        m2 = 0.00323944
        m4 = 6.31771e-05
        m5 = 0.222448
        Tb = 20940.6
        Td = 464.835
        Te = 232.417
DiffEv reached_goal. cost=3.03429e-03 spread=2.74530e-06
Fitted parameter values
Free:
       pc1 = -1.51624
       pc2 = 0.12776
       pc3 = -1.98349
       pc4 = 0.627586
       pc5 = 1.00699
       pc6 = 1.15629
       pc7 = 0.825875
       pc8 = -1.3668
       pc9 = -0.176458
      pc10 = -0.0679512
      pc11 = -0.0993963
      pc12 = -0.333198
      pc13 = 0.220263
      pc14 = -0.0437134
Constrained:
     Tecnw = 41294.2
       Tnw = 79.0173
       Tec = 9.81086
     twoNb = 1.56264e+06
     twoNe = 85186.9
     twoNc = 435667
     twoNw = 1.79843e+06
    twoNec = 306087
    twoNnw = 195461
  twoNecnw = 29792.7
  twoNbecnw = 77840.9
        m2 = 0.00594941
        m4 = 3.6898e-05
        m5 = 0.227196
        Tb = 20652
        Td = 4.90543
        Te = 2.45271
#       SitePat  BranchLen
              b 138823.1925470
              e 53187.1655175
              c 56858.9090701
              n 50680.2817590
              w 50679.7361538
            b:e 2415.1469791
            b:c 2802.4571504
            b:n 2120.9060568
            b:w 2120.8734984
            e:c 10933.8252957
            e:n 5770.1691069
            e:w 5770.7147121
            c:n 4677.2586778
            c:w 4677.1556421
            n:w 13722.3840378
          b:e:c 2266.3168424
          b:e:n 1245.2829502
          b:e:w 1245.3155086
          b:c:n 1245.4774481
          b:c:w 1245.4448762
          b:n:w 2263.6471282
          e:c:n 5975.5227034
          e:c:w 5975.6257391
          e:n:w 8294.3666294
          c:n:w 6804.0112198
        b:e:c:n 2122.0975175
        b:e:c:w 2122.1300894
        b:e:n:w 2784.8270373
        b:c:n:w 2402.2743564
        e:c:n:w 57116.8833574
