########################################
# legofit: estimate population history #
#       version 2.3.4-4-g53f8760       #
########################################

# Program was compiled: Sep 21 2021 14:36:42
# Program was run: Wed Sep 22 16:29:26 2021

# cmd: legofit -1 -d 0 -t 32 --ptsPerDim 3 --stateOut b1boot8.state --tol 3e-6 -S 5000 bde2.lgo ../../boot/boot8.opf
# Stage nOptItr nSimReps
#     0    5000        0
# algorithm          : deterministic
# ignoring probs <=  : 0
# Branch length floor: 0
# DE strategy        : 2
#    F               : 0.3
#    CR              : 0.8
#    tolerance       : 3e-06
# nthreads           : 32
# lgo input file     : bde2.lgo
# site pat input file: ../../boot/boot8.opf
# free parameters    : 14
# points in DE swarm : 42
# output state file  : b1boot8.state
# Including singleton site patterns.
# cost function      : KL
Initial parameter values
Fixed:
      zero = 0
       one = 1
    Tbecnw = 75200
Free:
       pc1 = 0
       pc2 = 0
       pc3 = 0
       pc4 = 0
       pc5 = 0
       pc6 = 0
       pc7 = 0
       pc8 = 0
       pc9 = 0
      pc10 = 0
      pc11 = 0
      pc12 = 0
      pc13 = 0
      pc14 = 0
Constrained:
     Tecnw = 40951.5
       Tnw = 992.798
       Tec = 929.67
     twoNb = 1.00369e+06
     twoNe = 174132
     twoNc = 240687
     twoNw = 1.31974e+06
    twoNec = 308507
    twoNnw = 187485
  twoNecnw = 30469.9
  twoNbecnw = 77445.6
        m2 = 0.00323944
        m4 = 6.31771e-05
        m5 = 0.222448
        Tb = 20940.6
        Td = 464.835
        Te = 232.417
DiffEv reached_goal. cost=3.00807e-03 spread=2.86521e-06
Fitted parameter values
Free:
       pc1 = -0.231105
       pc2 = -1.07044
       pc3 = -1.93144
       pc4 = 0.963217
       pc5 = 1.92998
       pc6 = 0.881197
       pc7 = 1.16824
       pc8 = -0.826779
       pc9 = -0.35547
      pc10 = 0.359555
      pc11 = 0.0913577
      pc12 = 0.0468283
      pc13 = 0.0347469
      pc14 = -0.0326588
Constrained:
     Tecnw = 40951.9
       Tnw = 16.0691
       Tec = 1.05229
     twoNb = 1.49771e+06
     twoNe = 57349.7
     twoNc = 299211
     twoNw = 2.27434e+06
    twoNec = 307398
    twoNnw = 197598
  twoNecnw = 30262.8
  twoNbecnw = 77175.9
        m2 = 0.00746713
        m4 = 6.87886e-05
        m5 = 0.221675
        Tb = 20476.5
        Td = 0.526145
        Te = 0.263072
#       SitePat  BranchLen
              b 138119.5072875
              e 53203.7460263
              c 56755.8544313
              n 50664.3801813
              w 50664.2932488
            b:e 2436.5244302
            b:c 2815.4617619
            b:n 2123.3227402
            b:w 2123.3175470
            e:c 10929.0064463
            e:n 5772.4970938
            e:w 5772.5840264
            c:n 4716.2414810
            c:w 4716.2249855
            n:w 13683.1632266
          b:e:c 2260.6281086
          b:e:n 1247.6408220
          b:e:w 1247.6460152
          b:c:n 1247.8575658
          b:c:w 1247.8523698
          b:n:w 2257.1202030
          e:c:n 5991.1606042
          e:c:w 5991.1770997
          e:n:w 8300.6595928
          c:n:w 6854.5617857
        b:e:c:n 2124.9353121
        b:e:c:w 2124.9405081
        b:e:n:w 2792.3618515
        b:c:n:w 2419.6054772
        e:c:n:w 56393.2140629
