########################################
# legofit: estimate population history #
#       version 2.3.4-4-g53f8760       #
########################################

# Program was compiled: Sep 21 2021 14:36:42
# Program was run: Wed Sep 22 16:29:33 2021

# cmd: legofit -1 -d 0 -t 32 --ptsPerDim 3 --stateOut b1boot18.state --tol 3e-6 -S 5000 bde2.lgo ../../boot/boot18.opf
# Stage nOptItr nSimReps
#     0    5000        0
# algorithm          : deterministic
# ignoring probs <=  : 0
# Branch length floor: 0
# DE strategy        : 2
#    F               : 0.3
#    CR              : 0.8
#    tolerance       : 3e-06
# nthreads           : 32
# lgo input file     : bde2.lgo
# site pat input file: ../../boot/boot18.opf
# free parameters    : 14
# points in DE swarm : 42
# output state file  : b1boot18.state
# Including singleton site patterns.
# cost function      : KL
Initial parameter values
Fixed:
      zero = 0
       one = 1
    Tbecnw = 75200
Free:
       pc1 = 0
       pc2 = 0
       pc3 = 0
       pc4 = 0
       pc5 = 0
       pc6 = 0
       pc7 = 0
       pc8 = 0
       pc9 = 0
      pc10 = 0
      pc11 = 0
      pc12 = 0
      pc13 = 0
      pc14 = 0
Constrained:
     Tecnw = 40951.5
       Tnw = 992.798
       Tec = 929.67
     twoNb = 1.00369e+06
     twoNe = 174132
     twoNc = 240687
     twoNw = 1.31974e+06
    twoNec = 308507
    twoNnw = 187485
  twoNecnw = 30469.9
  twoNbecnw = 77445.6
        m2 = 0.00323944
        m4 = 6.31771e-05
        m5 = 0.222448
        Tb = 20940.6
        Td = 464.835
        Te = 232.417
DiffEv reached_goal. cost=3.05221e-03 spread=2.85322e-06
Fitted parameter values
Free:
       pc1 = -1.12924
       pc2 = -0.0402748
       pc3 = -1.94121
       pc4 = 1.6055
       pc5 = 1.71226
       pc6 = 1.43637
       pc7 = 1.49099
       pc8 = -1.32526
       pc9 = -0.163147
      pc10 = 0.654763
      pc11 = 0.118416
      pc12 = 0.0323426
      pc13 = 0.173879
      pc14 = 0.0664457
Constrained:
     Tecnw = 41270
       Tnw = 31.7189
       Tec = 9.13264
     twoNb = 1.41121e+06
     twoNe = 58894.1
     twoNc = 508387
     twoNw = 2.45248e+06
    twoNec = 304035
    twoNnw = 199155
  twoNecnw = 29965.1
  twoNbecnw = 77762.2
        m2 = 0.00726631
        m4 = 2.33087e-05
        m5 = 0.223862
        Tb = 20639.6
        Td = 4.56632
        Te = 2.28316
#       SitePat  BranchLen
              b 138618.5119592
              e 53330.8798087
              c 56917.6108744
              n 50884.3631936
              w 50884.2110057
            b:e 2445.0327977
            b:c 2828.5865264
            b:n 2140.1317770
            b:w 2140.1226557
            e:c 10986.7804760
            e:n 5773.9051943
            e:w 5774.0573822
            c:n 4705.7280668
            c:w 4705.6992781
            n:w 13690.8884452
          b:e:c 2278.6556940
          b:e:n 1254.6333149
          b:e:w 1254.6424362
          b:c:n 1254.8560035
          b:c:w 1254.8468771
          b:n:w 2275.0230066
          e:c:n 6008.8597933
          e:c:w 6008.8885820
          e:n:w 8298.9565443
          c:n:w 6842.1305934
        b:e:c:n 2141.7887636
        b:e:c:w 2141.7978900
        b:e:n:w 2804.9647220
        b:c:n:w 2427.6139807
        e:c:n:w 56757.3650054
