########################################
# legofit: estimate population history #
#       version 2.3.4-4-g53f8760       #
########################################

# Program was compiled: Sep 21 2021 14:36:42
# Program was run: Wed Sep 22 16:30:05 2021

# cmd: legofit -1 -d 0 -t 32 --ptsPerDim 3 --stateOut b1boot39.state --tol 3e-6 -S 5000 bde2.lgo ../../boot/boot39.opf
# Stage nOptItr nSimReps
#     0    5000        0
# algorithm          : deterministic
# ignoring probs <=  : 0
# Branch length floor: 0
# DE strategy        : 2
#    F               : 0.3
#    CR              : 0.8
#    tolerance       : 3e-06
# nthreads           : 32
# lgo input file     : bde2.lgo
# site pat input file: ../../boot/boot39.opf
# free parameters    : 14
# points in DE swarm : 42
# output state file  : b1boot39.state
# Including singleton site patterns.
# cost function      : KL
Initial parameter values
Fixed:
      zero = 0
       one = 1
    Tbecnw = 75200
Free:
       pc1 = 0
       pc2 = 0
       pc3 = 0
       pc4 = 0
       pc5 = 0
       pc6 = 0
       pc7 = 0
       pc8 = 0
       pc9 = 0
      pc10 = 0
      pc11 = 0
      pc12 = 0
      pc13 = 0
      pc14 = 0
Constrained:
     Tecnw = 40951.5
       Tnw = 992.798
       Tec = 929.67
     twoNb = 1.00369e+06
     twoNe = 174132
     twoNc = 240687
     twoNw = 1.31974e+06
    twoNec = 308507
    twoNnw = 187485
  twoNecnw = 30469.9
  twoNbecnw = 77445.6
        m2 = 0.00323944
        m4 = 6.31771e-05
        m5 = 0.222448
        Tb = 20940.6
        Td = 464.835
        Te = 232.417
DiffEv reached_goal. cost=2.95311e-03 spread=2.79341e-06
Fitted parameter values
Free:
       pc1 = -1.53504
       pc2 = 0.190851
       pc3 = -1.90903
       pc4 = 0.859317
       pc5 = 1.50553
       pc6 = 0.832395
       pc7 = 0.430517
       pc8 = -0.226768
       pc9 = 0.0444043
      pc10 = 0.0620281
      pc11 = 0.638116
      pc12 = 0.0196048
      pc13 = -0.0203723
      pc14 = 0.0849417
Constrained:
     Tecnw = 41330.9
       Tnw = 45.5955
       Tec = 2.17896
     twoNb = 1.2537e+06
     twoNe = 127097
     twoNc = 262678
     twoNw = 1.80754e+06
    twoNec = 301218
    twoNnw = 198310
  twoNecnw = 30092.4
  twoNbecnw = 78050.9
        m2 = 0.00705589
        m4 = 1.40646e-05
        m5 = 0.228631
        Tb = 20666.5
        Td = 1.08948
        Te = 0.544741
#       SitePat  BranchLen
              b 138771.0235557
              e 53364.9690750
              c 57052.9696267
              n 50952.2691321
              w 50951.9457511
            b:e 2462.7352891
            b:c 2859.4058876
            b:n 2160.3066090
            b:w 2160.2870825
            e:c 11049.0105989
            e:n 5821.4612166
            e:w 5821.7845976
            c:n 4724.3033364
            c:w 4724.2420150
            n:w 13762.4805430
          b:e:c 2302.2025499
          b:e:n 1266.4400911
          b:e:w 1266.4596177
          b:c:n 1266.6977903
          b:c:w 1266.6782520
          b:n:w 2298.2205294
          e:c:n 6037.0805338
          e:c:w 6037.1418552
          e:n:w 8358.9381086
          c:n:w 6858.2980631
        b:e:c:n 2162.1134843
        b:e:c:w 2162.1330226
        b:e:n:w 2833.6675781
        b:c:n:w 2443.8606026
        e:c:n:w 56736.0943235
