########################################
# legofit: estimate population history #
#       version 2.3.4-4-g53f8760       #
########################################

# Program was compiled: Sep 21 2021 14:36:42
# Program was run: Wed Sep 22 16:30:09 2021

# cmd: legofit -1 -d 0 -t 32 --ptsPerDim 3 --stateOut b1boot42.state --tol 3e-6 -S 5000 bde2.lgo ../../boot/boot42.opf
# Stage nOptItr nSimReps
#     0    5000        0
# algorithm          : deterministic
# ignoring probs <=  : 0
# Branch length floor: 0
# DE strategy        : 2
#    F               : 0.3
#    CR              : 0.8
#    tolerance       : 3e-06
# nthreads           : 32
# lgo input file     : bde2.lgo
# site pat input file: ../../boot/boot42.opf
# free parameters    : 14
# points in DE swarm : 42
# output state file  : b1boot42.state
# Including singleton site patterns.
# cost function      : KL
Initial parameter values
Fixed:
      zero = 0
       one = 1
    Tbecnw = 75200
Free:
       pc1 = 0
       pc2 = 0
       pc3 = 0
       pc4 = 0
       pc5 = 0
       pc6 = 0
       pc7 = 0
       pc8 = 0
       pc9 = 0
      pc10 = 0
      pc11 = 0
      pc12 = 0
      pc13 = 0
      pc14 = 0
Constrained:
     Tecnw = 40951.5
       Tnw = 992.798
       Tec = 929.67
     twoNb = 1.00369e+06
     twoNe = 174132
     twoNc = 240687
     twoNw = 1.31974e+06
    twoNec = 308507
    twoNnw = 187485
  twoNecnw = 30469.9
  twoNbecnw = 77445.6
        m2 = 0.00323944
        m4 = 6.31771e-05
        m5 = 0.222448
        Tb = 20940.6
        Td = 464.835
        Te = 232.417
DiffEv reached_goal. cost=2.99945e-03 spread=2.52966e-06
Fitted parameter values
Free:
       pc1 = -1.03195
       pc2 = -0.317614
       pc3 = -1.96209
       pc4 = 1.24868
       pc5 = 0.72021
       pc6 = 1.6558
       pc7 = 1.7665
       pc8 = -0.564473
       pc9 = 0.129281
      pc10 = -0.2733
      pc11 = -0.0990966
      pc12 = -0.078575
      pc13 = 0.145289
      pc14 = 0.036893
Constrained:
     Tecnw = 41194.3
       Tnw = 9.65512
       Tec = 8.05478
     twoNb = 1.25283e+06
     twoNe = 88295.5
     twoNc = 557208
     twoNw = 1.82339e+06
    twoNec = 300559
    twoNnw = 197645
  twoNecnw = 29906.8
  twoNbecnw = 77430.6
        m2 = 0.00765682
        m4 = 0.000108322
        m5 = 0.225504
        Tb = 20601.2
        Td = 4.02739
        Te = 2.0137
#       SitePat  BranchLen
              b 138401.3789729
              e 53165.5360101
              c 56796.4919917
              n 50715.6427395
              w 50715.5893771
            b:e 2428.0955093
            b:c 2817.5403750
            b:n 2118.3233656
            b:w 2118.3201906
            e:c 10970.8694008
            e:n 5756.2436303
            e:w 5756.2969928
            c:n 4676.1475453
            c:w 4676.1374799
            n:w 13687.5512328
          b:e:c 2261.9523031
          b:e:n 1241.3982642
          b:e:w 1241.4014392
          b:c:n 1241.6699941
          b:c:w 1241.6668169
          b:n:w 2257.6392840
          e:c:n 5974.6476480
          e:c:w 5974.6577134
          e:n:w 8293.7048507
          c:n:w 6814.5538748
        b:e:c:n 2120.2885857
        b:e:c:w 2120.2917629
        b:e:n:w 2789.1044768
        b:c:n:w 2407.5730955
        e:c:n:w 56712.1558485
