########################################
# legofit: estimate population history #
#       version 2.3.4-4-g53f8760       #
########################################

# Program was compiled: Sep 21 2021 14:36:42
# Program was run: Wed Sep 22 16:29:26 2021

# cmd: legofit -1 -d 0 -t 32 --ptsPerDim 3 --stateOut b1boot10.state --tol 3e-6 -S 5000 bde2.lgo ../../boot/boot10.opf
# Stage nOptItr nSimReps
#     0    5000        0
# algorithm          : deterministic
# ignoring probs <=  : 0
# Branch length floor: 0
# DE strategy        : 2
#    F               : 0.3
#    CR              : 0.8
#    tolerance       : 3e-06
# nthreads           : 32
# lgo input file     : bde2.lgo
# site pat input file: ../../boot/boot10.opf
# free parameters    : 14
# points in DE swarm : 42
# output state file  : b1boot10.state
# Including singleton site patterns.
# cost function      : KL
Initial parameter values
Fixed:
      zero = 0
       one = 1
    Tbecnw = 75200
Free:
       pc1 = 0
       pc2 = 0
       pc3 = 0
       pc4 = 0
       pc5 = 0
       pc6 = 0
       pc7 = 0
       pc8 = 0
       pc9 = 0
      pc10 = 0
      pc11 = 0
      pc12 = 0
      pc13 = 0
      pc14 = 0
Constrained:
     Tecnw = 40951.5
       Tnw = 992.798
       Tec = 929.67
     twoNb = 1.00369e+06
     twoNe = 174132
     twoNc = 240687
     twoNw = 1.31974e+06
    twoNec = 308507
    twoNnw = 187485
  twoNecnw = 30469.9
  twoNbecnw = 77445.6
        m2 = 0.00323944
        m4 = 6.31771e-05
        m5 = 0.222448
        Tb = 20940.6
        Td = 464.835
        Te = 232.417
DiffEv reached_goal. cost=2.99991e-03 spread=1.79905e-06
Fitted parameter values
Free:
       pc1 = -1.62457
       pc2 = 0.169837
       pc3 = -1.99512
       pc4 = 0.725726
       pc5 = 1.17402
       pc6 = 1.8715
       pc7 = 1.58992
       pc8 = -0.896705
       pc9 = 0.597485
      pc10 = 0.0770951
      pc11 = 0.514708
      pc12 = -0.283527
      pc13 = 0.114206
      pc14 = -0.0414907
Constrained:
     Tecnw = 41341
       Tnw = 69.5692
       Tec = 1.12377
     twoNb = 1.31586e+06
     twoNe = 21802.6
     twoNc = 500846
     twoNw = 1.87334e+06
    twoNec = 305000
    twoNnw = 197426
  twoNecnw = 29832.8
  twoNbecnw = 78331.9
        m2 = 0.00779645
        m4 = 9.44592e-05
        m5 = 0.227062
        Tb = 20671.1
        Td = 0.561885
        Te = 0.280943
#       SitePat  BranchLen
              b 139105.3776868
              e 53370.1971761
              c 57048.0176376
              n 50849.8048423
              w 50849.3294193
            b:e 2464.4028943
            b:c 2862.8900861
            b:n 2144.1270118
            b:w 2144.0984271
            e:c 10972.8016542
            e:n 5796.0215880
            e:w 5796.4970111
            c:n 4704.7850958
            c:w 4704.6951459
            n:w 13744.3437728
          b:e:c 2289.5685124
          b:e:n 1259.5864382
          b:e:w 1259.6150229
          b:c:n 1259.8774655
          b:c:w 1259.8488625
          b:n:w 2285.3639957
          e:c:n 6005.9827213
          e:c:w 6006.0726713
          e:n:w 8375.5025080
          c:n:w 6872.5116920
        b:e:c:n 2146.0266107
        b:e:c:w 2146.0552138
        b:e:n:w 2835.1996269
        b:c:n:w 2444.3962801
        e:c:n:w 57182.9044856
