########################################
# legofit: estimate population history #
#       version 2.3.4-4-g53f8760       #
########################################

# Program was compiled: Sep 21 2021 14:36:42
# Program was run: Wed Sep 22 16:30:14 2021

# cmd: legofit -1 -d 0 -t 32 --ptsPerDim 3 --stateOut b1boot48.state --tol 3e-6 -S 5000 bde2.lgo ../../boot/boot48.opf
# Stage nOptItr nSimReps
#     0    5000        0
# algorithm          : deterministic
# ignoring probs <=  : 0
# Branch length floor: 0
# DE strategy        : 2
#    F               : 0.3
#    CR              : 0.8
#    tolerance       : 3e-06
# nthreads           : 32
# lgo input file     : bde2.lgo
# site pat input file: ../../boot/boot48.opf
# free parameters    : 14
# points in DE swarm : 42
# output state file  : b1boot48.state
# Including singleton site patterns.
# cost function      : KL
Initial parameter values
Fixed:
      zero = 0
       one = 1
    Tbecnw = 75200
Free:
       pc1 = 0
       pc2 = 0
       pc3 = 0
       pc4 = 0
       pc5 = 0
       pc6 = 0
       pc7 = 0
       pc8 = 0
       pc9 = 0
      pc10 = 0
      pc11 = 0
      pc12 = 0
      pc13 = 0
      pc14 = 0
Constrained:
     Tecnw = 40951.5
       Tnw = 992.798
       Tec = 929.67
     twoNb = 1.00369e+06
     twoNe = 174132
     twoNc = 240687
     twoNw = 1.31974e+06
    twoNec = 308507
    twoNnw = 187485
  twoNecnw = 30469.9
  twoNbecnw = 77445.6
        m2 = 0.00323944
        m4 = 6.31771e-05
        m5 = 0.222448
        Tb = 20940.6
        Td = 464.835
        Te = 232.417
DiffEv reached_goal. cost=3.03154e-03 spread=2.71934e-06
Fitted parameter values
Free:
       pc1 = -1.52772
       pc2 = -0.144193
       pc3 = -1.98192
       pc4 = 0.265193
       pc5 = 0.783739
       pc6 = 1.46875
       pc7 = 0.954138
       pc8 = -0.677218
       pc9 = 0.124849
      pc10 = -0.242333
      pc11 = 0.337371
      pc12 = -0.0803537
      pc13 = 0.0845318
      pc14 = 0.01863
Constrained:
     Tecnw = 41321.2
       Tnw = 57.7631
       Tec = 33.4184
     twoNb = 1.40737e+06
     twoNe = 57740.1
     twoNc = 403004
     twoNw = 1.48672e+06
    twoNec = 303850
    twoNnw = 197526
  twoNecnw = 29956.6
  twoNbecnw = 77959.7
        m2 = 0.00669892
        m4 = 8.68926e-05
        m5 = 0.227287
        Tb = 20677.3
        Td = 16.7092
        Te = 8.35459
#       SitePat  BranchLen
              b 138786.6375568
              e 53318.0229190
              c 56985.9831259
              n 50857.4074220
              w 50856.9797401
            b:e 2444.3548024
            b:c 2836.8504711
            b:n 2144.0004409
            b:w 2143.9747448
            e:c 10990.9114665
            e:n 5797.0032347
            e:w 5797.4309165
            c:n 4705.9515836
            c:w 4705.8706350
            n:w 13735.9912556
          b:e:c 2286.2378511
          b:e:n 1257.9382529
          b:e:w 1257.9639490
          b:c:n 1258.1761414
          b:c:w 1258.1504319
          b:n:w 2282.8673893
          e:c:n 6010.9384527
          e:c:w 6011.0194013
          e:n:w 8330.7338838
          c:n:w 6838.7660764
        b:e:c:n 2145.5255953
        b:e:c:w 2145.5513047
        b:e:n:w 2814.6328083
        b:c:n:w 2428.3323013
        e:c:n:w 56882.9292032
