########################################
# legofit: estimate population history #
#       version 2.3.4-4-g53f8760       #
########################################

# Program was compiled: Sep 21 2021 14:36:42
# Program was run: Wed Sep 22 16:30:13 2021

# cmd: legofit -1 -d 0 -t 32 --ptsPerDim 3 --stateOut b1boot49.state --tol 3e-6 -S 5000 bde2.lgo ../../boot/boot49.opf
# Stage nOptItr nSimReps
#     0    5000        0
# algorithm          : deterministic
# ignoring probs <=  : 0
# Branch length floor: 0
# DE strategy        : 2
#    F               : 0.3
#    CR              : 0.8
#    tolerance       : 3e-06
# nthreads           : 32
# lgo input file     : bde2.lgo
# site pat input file: ../../boot/boot49.opf
# free parameters    : 14
# points in DE swarm : 42
# output state file  : b1boot49.state
# Including singleton site patterns.
# cost function      : KL
Initial parameter values
Fixed:
      zero = 0
       one = 1
    Tbecnw = 75200
Free:
       pc1 = 0
       pc2 = 0
       pc3 = 0
       pc4 = 0
       pc5 = 0
       pc6 = 0
       pc7 = 0
       pc8 = 0
       pc9 = 0
      pc10 = 0
      pc11 = 0
      pc12 = 0
      pc13 = 0
      pc14 = 0
Constrained:
     Tecnw = 40951.5
       Tnw = 992.798
       Tec = 929.67
     twoNb = 1.00369e+06
     twoNe = 174132
     twoNc = 240687
     twoNw = 1.31974e+06
    twoNec = 308507
    twoNnw = 187485
  twoNecnw = 30469.9
  twoNbecnw = 77445.6
        m2 = 0.00323944
        m4 = 6.31771e-05
        m5 = 0.222448
        Tb = 20940.6
        Td = 464.835
        Te = 232.417
DiffEv reached_goal. cost=3.01465e-03 spread=1.33989e-06
Fitted parameter values
Free:
       pc1 = -1.13585
       pc2 = -0.57181
       pc3 = -1.86165
       pc4 = 1.28657
       pc5 = 1.06152
       pc6 = 1.78966
       pc7 = 0.994005
       pc8 = -0.820023
       pc9 = 0.330405
      pc10 = 0.708956
      pc11 = 0.0836026
      pc12 = 0.0474359
      pc13 = 0.139285
      pc14 = 0.00838263
Constrained:
     Tecnw = 41191.5
       Tnw = 12.6244
       Tec = 32.0082
     twoNb = 1.30281e+06
     twoNe = 53189
     twoNc = 488813
     twoNw = 1.8799e+06
    twoNec = 308924
    twoNnw = 199214
  twoNecnw = 30000.4
  twoNbecnw = 77825.4
        m2 = 0.00770666
        m4 = 3.24444e-05
        m5 = 0.219916
        Tb = 20611.7
        Td = 16.0041
        Te = 8.00205
#       SitePat  BranchLen
              b 138660.8224558
              e 53398.5480492
              c 56921.4483342
              n 50853.2014257
              w 50853.1708156
            b:e 2459.0433530
            b:c 2837.7761754
            b:n 2138.3620056
            b:w 2138.3601702
            e:c 10944.3330439
            e:n 5764.9084792
            e:w 5764.9390892
            c:n 4716.6843160
            c:w 4716.6785179
            n:w 13692.7191812
          b:e:c 2277.1497476
          b:e:n 1255.8838984
          b:e:w 1255.8857338
          b:c:n 1256.1280093
          b:c:w 1256.1261727
          b:n:w 2272.9842511
          e:c:n 6005.7419625
          e:c:w 6005.7477606
          e:n:w 8310.8915095
          c:n:w 6876.9424619
        b:e:c:n 2140.2776609
        b:e:c:w 2140.2794975
        b:e:n:w 2810.5884991
        b:c:n:w 2438.9046241
        e:c:n:w 56804.3539701
