########################################
# legofit: estimate population history #
#       version 2.3.4-4-g53f8760       #
########################################

# Program was compiled: Sep 21 2021 14:36:42
# Program was run: Wed Sep 22 16:29:40 2021

# cmd: legofit -1 -d 0 -t 32 --ptsPerDim 3 --stateOut b1boot21.state --tol 3e-6 -S 5000 bde2.lgo ../../boot/boot21.opf
# Stage nOptItr nSimReps
#     0    5000        0
# algorithm          : deterministic
# ignoring probs <=  : 0
# Branch length floor: 0
# DE strategy        : 2
#    F               : 0.3
#    CR              : 0.8
#    tolerance       : 3e-06
# nthreads           : 32
# lgo input file     : bde2.lgo
# site pat input file: ../../boot/boot21.opf
# free parameters    : 14
# points in DE swarm : 42
# output state file  : b1boot21.state
# Including singleton site patterns.
# cost function      : KL
Initial parameter values
Fixed:
      zero = 0
       one = 1
    Tbecnw = 75200
Free:
       pc1 = 0
       pc2 = 0
       pc3 = 0
       pc4 = 0
       pc5 = 0
       pc6 = 0
       pc7 = 0
       pc8 = 0
       pc9 = 0
      pc10 = 0
      pc11 = 0
      pc12 = 0
      pc13 = 0
      pc14 = 0
Constrained:
     Tecnw = 40951.5
       Tnw = 992.798
       Tec = 929.67
     twoNb = 1.00369e+06
     twoNe = 174132
     twoNc = 240687
     twoNw = 1.31974e+06
    twoNec = 308507
    twoNnw = 187485
  twoNecnw = 30469.9
  twoNbecnw = 77445.6
        m2 = 0.00323944
        m4 = 6.31771e-05
        m5 = 0.222448
        Tb = 20940.6
        Td = 464.835
        Te = 232.417
DiffEv reached_goal. cost=2.98110e-03 spread=2.80547e-06
Fitted parameter values
Free:
       pc1 = -0.664304
       pc2 = -0.625395
       pc3 = -1.88962
       pc4 = 0.560998
       pc5 = 1.48196
       pc6 = 1.62602
       pc7 = 1.02795
       pc8 = -0.49706
       pc9 = 0.525382
      pc10 = 0.339424
      pc11 = 0.430704
      pc12 = -0.264841
      pc13 = 0.0700889
      pc14 = 0.0474667
Constrained:
     Tecnw = 41018.7
       Tnw = 118.768
       Tec = 24.6164
     twoNb = 1.32226e+06
     twoNe = 6458.83
     twoNc = 346580
     twoNw = 1.83241e+06
    twoNec = 303205
    twoNnw = 196107
  twoNecnw = 30114.3
  twoNbecnw = 77907.5
        m2 = 0.00820219
        m4 = 8.15456e-05
        m5 = 0.222085
        Tb = 20521.7
        Td = 12.3082
        Te = 6.15409
#       SitePat  BranchLen
              b 138740.8143973
              e 53225.9659211
              c 56812.9231423
              n 50682.0195490
              w 50681.2498770
            b:e 2460.6801514
            b:c 2849.1995520
            b:n 2134.2212770
            b:w 2134.1750566
            e:c 10995.0911854
            e:n 5774.2890920
            e:w 5775.0587641
            c:n 4712.0547052
            c:w 4711.9084193
            n:w 13746.5594546
          b:e:c 2281.3662633
          b:e:n 1252.3415033
          b:e:w 1252.3877236
          b:c:n 1252.6528960
          b:c:w 1252.6066445
          b:n:w 2276.9569019
          e:c:n 6006.3093957
          e:c:w 6006.4556816
          e:n:w 8359.0616115
          c:n:w 6889.1897021
        b:e:c:n 2136.1914413
        b:e:c:w 2136.2376928
        b:e:n:w 2820.3391918
        b:c:n:w 2439.5888974
        e:c:n:w 56937.9839713
