########################################
# legofit: estimate population history #
#       version 2.3.4-4-g53f8760       #
########################################

# Program was compiled: Sep 21 2021 14:36:42
# Program was run: Wed Sep 22 16:29:55 2021

# cmd: legofit -1 -d 0 -t 32 --ptsPerDim 3 --stateOut b1boot34.state --tol 3e-6 -S 5000 bde2.lgo ../../boot/boot34.opf
# Stage nOptItr nSimReps
#     0    5000        0
# algorithm          : deterministic
# ignoring probs <=  : 0
# Branch length floor: 0
# DE strategy        : 2
#    F               : 0.3
#    CR              : 0.8
#    tolerance       : 3e-06
# nthreads           : 32
# lgo input file     : bde2.lgo
# site pat input file: ../../boot/boot34.opf
# free parameters    : 14
# points in DE swarm : 42
# output state file  : b1boot34.state
# Including singleton site patterns.
# cost function      : KL
Initial parameter values
Fixed:
      zero = 0
       one = 1
    Tbecnw = 75200
Free:
       pc1 = 0
       pc2 = 0
       pc3 = 0
       pc4 = 0
       pc5 = 0
       pc6 = 0
       pc7 = 0
       pc8 = 0
       pc9 = 0
      pc10 = 0
      pc11 = 0
      pc12 = 0
      pc13 = 0
      pc14 = 0
Constrained:
     Tecnw = 40951.5
       Tnw = 992.798
       Tec = 929.67
     twoNb = 1.00369e+06
     twoNe = 174132
     twoNc = 240687
     twoNw = 1.31974e+06
    twoNec = 308507
    twoNnw = 187485
  twoNecnw = 30469.9
  twoNbecnw = 77445.6
        m2 = 0.00323944
        m4 = 6.31771e-05
        m5 = 0.222448
        Tb = 20940.6
        Td = 464.835
        Te = 232.417
DiffEv reached_goal. cost=2.97779e-03 spread=2.86285e-06
Fitted parameter values
Free:
       pc1 = -0.433406
       pc2 = -0.624711
       pc3 = -1.97458
       pc4 = 1.75635
       pc5 = 0.948332
       pc6 = 1.83609
       pc7 = 1.41946
       pc8 = -0.738319
       pc9 = 0.0683979
      pc10 = -0.0340236
      pc11 = -0.055135
      pc12 = -0.154053
      pc13 = 0.0534711
      pc14 = -0.0847112
Constrained:
     Tecnw = 40979.5
       Tnw = 13.81
       Tec = 14.9369
     twoNb = 1.2839e+06
     twoNe = 69994
     twoNc = 576567
     twoNw = 1.95706e+06
    twoNec = 304945
    twoNnw = 196686
  twoNecnw = 30068.5
  twoNbecnw = 77218.2
        m2 = 0.00848476
        m4 = 5.8557e-05
        m5 = 0.22315
        Tb = 20497.2
        Td = 7.46845
        Te = 3.73423
#       SitePat  BranchLen
              b 138207.9066236
              e 53145.8316327
              c 56740.2960039
              n 50574.9949463
              w 50574.9302394
            b:e 2437.5598003
            b:c 2824.0074194
            b:n 2108.2237794
            b:w 2108.2199338
            e:c 10907.0520012
            e:n 5755.7986598
            e:w 5755.8633667
            c:n 4688.6726865
            c:w 4688.6604515
            n:w 13683.5698757
          b:e:c 2251.7279556
          b:e:n 1239.0788489
          b:e:w 1239.0826945
          b:c:n 1239.3582315
          b:c:w 1239.3543831
          b:n:w 2247.0950716
          e:c:n 5960.9319138
          e:c:w 5960.9441488
          e:n:w 8320.0480365
          c:n:w 6851.2572270
        b:e:c:n 2110.3367295
        b:e:c:w 2110.3405778
        b:e:n:w 2793.5737231
        b:c:n:w 2415.2303597
        e:c:n:w 56582.9260425
