########################################
# legofit: estimate population history #
#       version 2.3.4-4-g53f8760       #
########################################

# Program was compiled: Sep 21 2021 14:36:42
# Program was run: Wed Sep 22 16:28:34 2021

# cmd: legofit -1 -d 0 -t 32 --ptsPerDim 3 --stateOut b1boot0.state --tol 3e-6 -S 5000 bde2.lgo ../../boot/boot0.opf
# Stage nOptItr nSimReps
#     0    5000        0
# algorithm          : deterministic
# ignoring probs <=  : 0
# Branch length floor: 0
# DE strategy        : 2
#    F               : 0.3
#    CR              : 0.8
#    tolerance       : 3e-06
# nthreads           : 32
# lgo input file     : bde2.lgo
# site pat input file: ../../boot/boot0.opf
# free parameters    : 14
# points in DE swarm : 42
# output state file  : b1boot0.state
# Including singleton site patterns.
# cost function      : KL
Initial parameter values
Fixed:
      zero = 0
       one = 1
    Tbecnw = 75200
Free:
       pc1 = 0
       pc2 = 0
       pc3 = 0
       pc4 = 0
       pc5 = 0
       pc6 = 0
       pc7 = 0
       pc8 = 0
       pc9 = 0
      pc10 = 0
      pc11 = 0
      pc12 = 0
      pc13 = 0
      pc14 = 0
Constrained:
     Tecnw = 40951.5
       Tnw = 992.798
       Tec = 929.67
     twoNb = 1.00369e+06
     twoNe = 174132
     twoNc = 240687
     twoNw = 1.31974e+06
    twoNec = 308507
    twoNnw = 187485
  twoNecnw = 30469.9
  twoNbecnw = 77445.6
        m2 = 0.00323944
        m4 = 6.31771e-05
        m5 = 0.222448
        Tb = 20940.6
        Td = 464.835
        Te = 232.417
DiffEv reached_goal. cost=2.98174e-03 spread=2.40835e-06
Fitted parameter values
Free:
       pc1 = -1.60124
       pc2 = 0.305103
       pc3 = -1.97452
       pc4 = 0.890569
       pc5 = 1.52419
       pc6 = 1.65061
       pc7 = 1.59779
       pc8 = -1.2714
       pc9 = 0.0617118
      pc10 = 0.0606606
      pc11 = 0.24751
      pc12 = -0.14351
      pc13 = 0.0748203
      pc14 = -0.00454732
Constrained:
     Tecnw = 41434.7
       Tnw = 40.0102
       Tec = 20.7135
     twoNb = 1.42524e+06
     twoNe = 19912.4
     twoNc = 494555
     twoNw = 2.1404e+06
    twoNec = 304384
    twoNnw = 197585
  twoNecnw = 29820.9
  twoNbecnw = 78044.5
        m2 = 0.00709404
        m4 = 6.74795e-05
        m5 = 0.228195
        Tb = 20727.7
        Td = 10.3567
        Te = 5.17837
#       SitePat  BranchLen
              b 138864.5689053
              e 53377.3745369
              c 57072.7135428
              n 50889.6688810
              w 50889.4584714
            b:e 2448.6730397
            b:c 2844.9657643
            b:n 2141.7308885
            b:w 2141.7182663
            e:c 10976.7386365
            e:n 5793.5950732
            e:w 5793.8054828
            c:n 4694.4992159
            c:w 4694.4595104
            n:w 13744.3488043
          b:e:c 2286.5151878
          b:e:n 1257.2549483
          b:e:w 1257.2675704
          b:c:n 1257.4856888
          b:c:w 1257.4730599
          b:n:w 2282.9966464
          e:c:n 5997.6896414
          e:c:w 5997.7293468
          e:n:w 8342.4810546
          c:n:w 6838.7821786
        b:e:c:n 2143.3324639
        b:e:c:w 2143.3450929
        b:e:n:w 2821.8638452
        b:c:n:w 2431.9365903
        e:c:n:w 56943.4620376
