########################################
# legofit: estimate population history #
#       version 2.3.4-4-g53f8760       #
########################################

# Program was compiled: Sep 21 2021 14:36:42
# Program was run: Wed Sep 22 16:29:47 2021

# cmd: legofit -1 -d 0 -t 32 --ptsPerDim 3 --stateOut b1boot28.state --tol 3e-6 -S 5000 bde2.lgo ../../boot/boot28.opf
# Stage nOptItr nSimReps
#     0    5000        0
# algorithm          : deterministic
# ignoring probs <=  : 0
# Branch length floor: 0
# DE strategy        : 2
#    F               : 0.3
#    CR              : 0.8
#    tolerance       : 3e-06
# nthreads           : 32
# lgo input file     : bde2.lgo
# site pat input file: ../../boot/boot28.opf
# free parameters    : 14
# points in DE swarm : 42
# output state file  : b1boot28.state
# Including singleton site patterns.
# cost function      : KL
Initial parameter values
Fixed:
      zero = 0
       one = 1
    Tbecnw = 75200
Free:
       pc1 = 0
       pc2 = 0
       pc3 = 0
       pc4 = 0
       pc5 = 0
       pc6 = 0
       pc7 = 0
       pc8 = 0
       pc9 = 0
      pc10 = 0
      pc11 = 0
      pc12 = 0
      pc13 = 0
      pc14 = 0
Constrained:
     Tecnw = 40951.5
       Tnw = 992.798
       Tec = 929.67
     twoNb = 1.00369e+06
     twoNe = 174132
     twoNc = 240687
     twoNw = 1.31974e+06
    twoNec = 308507
    twoNnw = 187485
  twoNecnw = 30469.9
  twoNbecnw = 77445.6
        m2 = 0.00323944
        m4 = 6.31771e-05
        m5 = 0.222448
        Tb = 20940.6
        Td = 464.835
        Te = 232.417
DiffEv reached_goal. cost=2.98033e-03 spread=2.99196e-06
Fitted parameter values
Free:
       pc1 = -0.412929
       pc2 = -0.424162
       pc3 = -1.95268
       pc4 = 1.91904
       pc5 = 1.93305
       pc6 = 0.779405
       pc7 = 1.75094
       pc8 = -0.467232
       pc9 = -0.148683
      pc10 = 0.149221
      pc11 = 0.217259
      pc12 = 0.116808
      pc13 = -0.0550714
      pc14 = -0.0241865
Constrained:
     Tecnw = 41076.9
       Tnw = 44.0398
       Tec = 58.0561
     twoNb = 1.2384e+06
     twoNe = 138279
     twoNc = 403694
     twoNw = 2.55582e+06
    twoNec = 302550
    twoNnw = 198188
  twoNecnw = 30203.2
  twoNbecnw = 77211.3
        m2 = 0.00838446
        m4 = 6.82782e-05
        m5 = 0.225369
        Tb = 20567.5
        Td = 29.0281
        Te = 14.514
#       SitePat  BranchLen
              b 138089.4940765
              e 53254.4627266
              c 56876.1559697
              n 50764.0217430
              w 50763.8745899
            b:e 2450.8693975
            b:c 2841.9683983
            b:n 2128.9140097
            b:w 2128.9052122
            e:c 10957.6373169
            e:n 5785.8089037
            e:w 5785.9560568
            c:n 4709.6107070
            c:w 4709.5828488
            n:w 13689.5905253
          b:e:c 2268.4202533
          b:e:n 1250.1404878
          b:e:w 1250.1492852
          b:c:n 1250.4384543
          b:c:w 1250.4296504
          b:n:w 2263.6576287
          e:c:n 5990.5590427
          e:c:w 5990.5869009
          e:n:w 8332.8977094
          c:n:w 6854.7748965
        b:e:c:n 2131.0893331
        b:e:c:w 2131.0981370
        b:e:n:w 2810.8484678
        b:c:n:w 2428.1721098
        e:c:n:w 56284.0708829
