########################################
# legofit: estimate population history #
#       version 2.3.4-4-g53f8760       #
########################################

# Program was compiled: Sep 21 2021 14:36:42
# Program was run: Wed Sep 22 16:29:40 2021

# cmd: legofit -1 -d 0 -t 32 --ptsPerDim 3 --stateOut b1boot22.state --tol 3e-6 -S 5000 bde2.lgo ../../boot/boot22.opf
# Stage nOptItr nSimReps
#     0    5000        0
# algorithm          : deterministic
# ignoring probs <=  : 0
# Branch length floor: 0
# DE strategy        : 2
#    F               : 0.3
#    CR              : 0.8
#    tolerance       : 3e-06
# nthreads           : 32
# lgo input file     : bde2.lgo
# site pat input file: ../../boot/boot22.opf
# free parameters    : 14
# points in DE swarm : 42
# output state file  : b1boot22.state
# Including singleton site patterns.
# cost function      : KL
Initial parameter values
Fixed:
      zero = 0
       one = 1
    Tbecnw = 75200
Free:
       pc1 = 0
       pc2 = 0
       pc3 = 0
       pc4 = 0
       pc5 = 0
       pc6 = 0
       pc7 = 0
       pc8 = 0
       pc9 = 0
      pc10 = 0
      pc11 = 0
      pc12 = 0
      pc13 = 0
      pc14 = 0
Constrained:
     Tecnw = 40951.5
       Tnw = 992.798
       Tec = 929.67
     twoNb = 1.00369e+06
     twoNe = 174132
     twoNc = 240687
     twoNw = 1.31974e+06
    twoNec = 308507
    twoNnw = 187485
  twoNecnw = 30469.9
  twoNbecnw = 77445.6
        m2 = 0.00323944
        m4 = 6.31771e-05
        m5 = 0.222448
        Tb = 20940.6
        Td = 464.835
        Te = 232.417
DiffEv reached_goal. cost=3.00336e-03 spread=2.92890e-06
Fitted parameter values
Free:
       pc1 = -1.63158
       pc2 = -0.361445
       pc3 = -1.82299
       pc4 = 0.331863
       pc5 = 0.98096
       pc6 = 1.19401
       pc7 = 1.71626
       pc8 = -1.54646
       pc9 = 0.239572
      pc10 = 0.854823
      pc11 = 0.296599
      pc12 = -0.0292417
      pc13 = 0.124546
      pc14 = 0.0947367
Constrained:
     Tecnw = 41402
       Tnw = 6.0529
       Tec = 1.39095
     twoNb = 1.55625e+06
     twoNe = 58950.9
     twoNc = 471659
     twoNw = 2.05599e+06
    twoNec = 311394
    twoNnw = 198483
  twoNecnw = 29946
  twoNbecnw = 78324.2
        m2 = 0.00589402
        m4 = 0.00011414
        m5 = 0.221139
        Tb = 20701.7
        Td = 0.695476
        Te = 0.347738
#       SitePat  BranchLen
              b 139070.9774532
              e 53512.2005576
              c 57077.3220866
              n 50977.8604560
              w 50977.8256240
            b:e 2458.1449385
            b:c 2838.6278158
            b:n 2159.4181609
            b:w 2159.4160579
            e:c 10991.2391524
            e:n 5788.6300831
            e:w 5788.6649150
            c:n 4726.8187114
            c:w 4726.8121086
            n:w 13767.8150506
          b:e:c 2300.9768813
          b:e:n 1267.6177746
          b:e:w 1267.6198775
          b:c:n 1267.7920015
          b:c:w 1267.7898977
          b:n:w 2298.2766879
          e:c:n 6033.3756936
          e:c:w 6033.3822964
          e:n:w 8316.5191584
          c:n:w 6869.6959766
        b:e:c:n 2160.6711911
        b:e:c:w 2160.6732950
        b:e:n:w 2820.6861623
        b:c:n:w 2445.2248687
        e:c:n:w 57043.5110873
