########################################
# legofit: estimate population history #
#       version 2.3.4-4-g53f8760       #
########################################

# Program was compiled: Sep 21 2021 14:36:42
# Program was run: Wed Sep 22 16:29:33 2021

# cmd: legofit -1 -d 0 -t 32 --ptsPerDim 3 --stateOut b1boot13.state --tol 3e-6 -S 5000 bde2.lgo ../../boot/boot13.opf
# Stage nOptItr nSimReps
#     0    5000        0
# algorithm          : deterministic
# ignoring probs <=  : 0
# Branch length floor: 0
# DE strategy        : 2
#    F               : 0.3
#    CR              : 0.8
#    tolerance       : 3e-06
# nthreads           : 32
# lgo input file     : bde2.lgo
# site pat input file: ../../boot/boot13.opf
# free parameters    : 14
# points in DE swarm : 42
# output state file  : b1boot13.state
# Including singleton site patterns.
# cost function      : KL
Initial parameter values
Fixed:
      zero = 0
       one = 1
    Tbecnw = 75200
Free:
       pc1 = 0
       pc2 = 0
       pc3 = 0
       pc4 = 0
       pc5 = 0
       pc6 = 0
       pc7 = 0
       pc8 = 0
       pc9 = 0
      pc10 = 0
      pc11 = 0
      pc12 = 0
      pc13 = 0
      pc14 = 0
Constrained:
     Tecnw = 40951.5
       Tnw = 992.798
       Tec = 929.67
     twoNb = 1.00369e+06
     twoNe = 174132
     twoNc = 240687
     twoNw = 1.31974e+06
    twoNec = 308507
    twoNnw = 187485
  twoNecnw = 30469.9
  twoNbecnw = 77445.6
        m2 = 0.00323944
        m4 = 6.31771e-05
        m5 = 0.222448
        Tb = 20940.6
        Td = 464.835
        Te = 232.417
DiffEv reached_goal. cost=2.98449e-03 spread=2.94053e-06
Fitted parameter values
Free:
       pc1 = -1.77975
       pc2 = 0.163166
       pc3 = -1.89959
       pc4 = 0.371886
       pc5 = 1.70886
       pc6 = 1.18888
       pc7 = 0.332465
       pc8 = -0.0213172
       pc9 = 0.341192
      pc10 = -0.387671
      pc11 = 0.176616
      pc12 = -0.016217
      pc13 = 0.1234
      pc14 = -0.0744591
Constrained:
     Tecnw = 41409
       Tnw = 177.537
       Tec = 3.72838
     twoNb = 1.22115e+06
     twoNe = 61847.8
     twoNc = 200192
     twoNw = 1.57373e+06
    twoNec = 303816
    twoNnw = 197699
  twoNecnw = 29810.8
  twoNbecnw = 77931.2
        m2 = 0.00736805
        m4 = 3.35375e-05
        m5 = 0.229489
        Tb = 20706.4
        Td = 1.86419
        Te = 0.932096
#       SitePat  BranchLen
              b 138773.4949035
              e 53344.1282148
              c 57039.8837292
              n 50899.6890058
              w 50898.2313790
            b:e 2446.7588326
            b:c 2844.2394572
            b:n 2137.6306141
            b:w 2137.5432414
            e:c 10956.6146605
            e:n 5792.1448496
            e:w 5793.6024765
            c:n 4693.5279193
            c:w 4693.2527137
            n:w 13689.7679961
          b:e:c 2278.8143875
          b:e:n 1255.2265384
          b:e:w 1255.3139111
          b:c:n 1255.5711618
          b:c:w 1255.4837326
          b:n:w 2274.5805979
          e:c:n 5993.2609919
          e:c:w 5993.5361975
          e:n:w 8335.8035725
          c:n:w 6831.0070155
        b:e:c:n 2139.4822903
        b:e:c:w 2139.5697195
        b:e:n:w 2816.5514233
        b:c:n:w 2426.5640894
        e:c:n:w 56896.0168345
