########################################
# legofit: estimate population history #
#       version 2.3.4-4-g53f8760       #
########################################

# Program was compiled: Sep 21 2021 14:36:42
# Program was run: Wed Sep 22 16:28:34 2021

# cmd: legofit -1 -d 0 -t 32 --ptsPerDim 3 --stateOut b1boot2.state --tol 3e-6 -S 5000 bde2.lgo ../../boot/boot2.opf
# Stage nOptItr nSimReps
#     0    5000        0
# algorithm          : deterministic
# ignoring probs <=  : 0
# Branch length floor: 0
# DE strategy        : 2
#    F               : 0.3
#    CR              : 0.8
#    tolerance       : 3e-06
# nthreads           : 32
# lgo input file     : bde2.lgo
# site pat input file: ../../boot/boot2.opf
# free parameters    : 14
# points in DE swarm : 42
# output state file  : b1boot2.state
# Including singleton site patterns.
# cost function      : KL
Initial parameter values
Fixed:
      zero = 0
       one = 1
    Tbecnw = 75200
Free:
       pc1 = 0
       pc2 = 0
       pc3 = 0
       pc4 = 0
       pc5 = 0
       pc6 = 0
       pc7 = 0
       pc8 = 0
       pc9 = 0
      pc10 = 0
      pc11 = 0
      pc12 = 0
      pc13 = 0
      pc14 = 0
Constrained:
     Tecnw = 40951.5
       Tnw = 992.798
       Tec = 929.67
     twoNb = 1.00369e+06
     twoNe = 174132
     twoNc = 240687
     twoNw = 1.31974e+06
    twoNec = 308507
    twoNnw = 187485
  twoNecnw = 30469.9
  twoNbecnw = 77445.6
        m2 = 0.00323944
        m4 = 6.31771e-05
        m5 = 0.222448
        Tb = 20940.6
        Td = 464.835
        Te = 232.417
DiffEv reached_goal. cost=3.01614e-03 spread=2.87844e-06
Fitted parameter values
Free:
       pc1 = -1.06598
       pc2 = -0.743054
       pc3 = -1.99268
       pc4 = 0.822235
       pc5 = 0.408722
       pc6 = 1.75359
       pc7 = 1.2476
       pc8 = -1.04778
       pc9 = 0.0863409
      pc10 = 0.213217
      pc11 = 0.0877041
      pc12 = 0.0797451
      pc13 = 0.094043
      pc14 = 0.00218063
Constrained:
     Tecnw = 41194.2
       Tnw = 18.3175
       Tec = 29.6102
     twoNb = 1.45839e+06
     twoNe = 62049.1
     twoNc = 548848
     twoNw = 1.60379e+06
    twoNec = 308708
    twoNnw = 198585
  twoNecnw = 30055.6
  twoNbecnw = 77654.5
        m2 = 0.0070341
        m4 = 8.71385e-05
        m5 = 0.221555
        Tb = 20611.9
        Td = 14.8051
        Te = 7.40255
#       SitePat  BranchLen
              b 138520.6465706
              e 53361.0082403
              c 56915.6206545
              n 50833.6051881
              w 50833.5198534
            b:e 2446.2144278
            b:c 2826.2018130
            b:n 2137.0792818
            b:w 2137.0741669
            e:c 10945.5930834
            e:n 5773.1941766
            e:w 5773.2795113
            c:n 4715.1277853
            c:w 4715.1116229
            n:w 13699.7445998
          b:e:c 2275.2819600
          b:e:n 1255.0926805
          b:e:w 1255.0977953
          b:c:n 1255.3068454
          b:c:w 1255.3017279
          b:n:w 2271.8758407
          e:c:n 6003.8129133
          e:c:w 6003.8290757
          e:n:w 8301.2791751
          c:n:w 6856.3788455
        b:e:c:n 2138.6483642
        b:e:c:w 2138.6534817
        b:e:n:w 2803.7224765
        b:c:n:w 2429.8391889
        e:c:n:w 56671.3292595
