########################################
# legofit: estimate population history #
#       version 2.3.4-4-g53f8760       #
########################################

# Program was compiled: Sep 21 2021 14:36:42
# Program was run: Wed Sep 22 16:29:33 2021

# cmd: legofit -1 -d 0 -t 32 --ptsPerDim 3 --stateOut b1boot14.state --tol 3e-6 -S 5000 bde2.lgo ../../boot/boot14.opf
# Stage nOptItr nSimReps
#     0    5000        0
# algorithm          : deterministic
# ignoring probs <=  : 0
# Branch length floor: 0
# DE strategy        : 2
#    F               : 0.3
#    CR              : 0.8
#    tolerance       : 3e-06
# nthreads           : 32
# lgo input file     : bde2.lgo
# site pat input file: ../../boot/boot14.opf
# free parameters    : 14
# points in DE swarm : 42
# output state file  : b1boot14.state
# Including singleton site patterns.
# cost function      : KL
Initial parameter values
Fixed:
      zero = 0
       one = 1
    Tbecnw = 75200
Free:
       pc1 = 0
       pc2 = 0
       pc3 = 0
       pc4 = 0
       pc5 = 0
       pc6 = 0
       pc7 = 0
       pc8 = 0
       pc9 = 0
      pc10 = 0
      pc11 = 0
      pc12 = 0
      pc13 = 0
      pc14 = 0
Constrained:
     Tecnw = 40951.5
       Tnw = 992.798
       Tec = 929.67
     twoNb = 1.00369e+06
     twoNe = 174132
     twoNc = 240687
     twoNw = 1.31974e+06
    twoNec = 308507
    twoNnw = 187485
  twoNecnw = 30469.9
  twoNbecnw = 77445.6
        m2 = 0.00323944
        m4 = 6.31771e-05
        m5 = 0.222448
        Tb = 20940.6
        Td = 464.835
        Te = 232.417
DiffEv reached_goal. cost=2.99752e-03 spread=2.56828e-06
Fitted parameter values
Free:
       pc1 = -0.896373
       pc2 = -1.43888
       pc3 = -1.87241
       pc4 = -0.933071
       pc5 = 0.932504
       pc6 = 0.969974
       pc7 = 1.06895
       pc8 = 0.243563
       pc9 = 1.65523
      pc10 = 0.279299
      pc11 = 0.31605
      pc12 = -0.137831
      pc13 = -0.00680786
      pc14 = 0.029493
Constrained:
     Tecnw = 41114.2
       Tnw = 333.955
       Tec = 3.67994
     twoNb = 1.29216e+06
     twoNe = 56957.3
     twoNc = 129406
     twoNw = 1.2185e+06
    twoNec = 310778
    twoNnw = 194893
  twoNecnw = 30065.8
  twoNbecnw = 78210.8
        m2 = 0.00821011
        m4 = 0.000213218
        m5 = 0.216918
        Tb = 20558.9
        Td = 1.83997
        Te = 0.919984
#       SitePat  BranchLen
              b 138957.9830753
              e 53446.8955079
              c 56965.9280672
              n 50791.0474744
              w 50787.7050527
            b:e 2483.4333372
            b:c 2869.1500469
            b:n 2142.6041969
            b:w 2142.4025330
            e:c 10972.6186087
            e:n 5760.7901175
            e:w 5764.1325392
            c:n 4723.0000632
            c:w 4722.3639447
            n:w 13775.2202508
          b:e:c 2293.9669673
          b:e:n 1259.3298380
          b:e:w 1259.5315019
          b:c:n 1259.8232923
          b:c:w 1259.6214865
          b:n:w 2289.4097425
          e:c:n 6007.8920140
          e:c:w 6008.5281325
          e:n:w 8379.7133670
          c:n:w 6931.0507372
        b:e:c:n 2144.5060116
        b:e:c:w 2144.7078175
        b:e:n:w 2838.7700841
        b:c:n:w 2461.6586548
        e:c:n:w 57042.0827414
