########################################
# legofit: estimate population history #
#       version 2.3.4-4-g53f8760       #
########################################

# Program was compiled: Sep 21 2021 14:36:42
# Program was run: Wed Sep 22 16:30:06 2021

# cmd: legofit -1 -d 0 -t 32 --ptsPerDim 3 --stateOut b1boot40.state --tol 3e-6 -S 5000 bde2.lgo ../../boot/boot40.opf
# Stage nOptItr nSimReps
#     0    5000        0
# algorithm          : deterministic
# ignoring probs <=  : 0
# Branch length floor: 0
# DE strategy        : 2
#    F               : 0.3
#    CR              : 0.8
#    tolerance       : 3e-06
# nthreads           : 32
# lgo input file     : bde2.lgo
# site pat input file: ../../boot/boot40.opf
# free parameters    : 14
# points in DE swarm : 42
# output state file  : b1boot40.state
# Including singleton site patterns.
# cost function      : KL
Initial parameter values
Fixed:
      zero = 0
       one = 1
    Tbecnw = 75200
Free:
       pc1 = 0
       pc2 = 0
       pc3 = 0
       pc4 = 0
       pc5 = 0
       pc6 = 0
       pc7 = 0
       pc8 = 0
       pc9 = 0
      pc10 = 0
      pc11 = 0
      pc12 = 0
      pc13 = 0
      pc14 = 0
Constrained:
     Tecnw = 40951.5
       Tnw = 992.798
       Tec = 929.67
     twoNb = 1.00369e+06
     twoNe = 174132
     twoNc = 240687
     twoNw = 1.31974e+06
    twoNec = 308507
    twoNnw = 187485
  twoNecnw = 30469.9
  twoNbecnw = 77445.6
        m2 = 0.00323944
        m4 = 6.31771e-05
        m5 = 0.222448
        Tb = 20940.6
        Td = 464.835
        Te = 232.417
DiffEv reached_goal. cost=2.99636e-03 spread=2.84751e-06
Fitted parameter values
Free:
       pc1 = -1.82471
       pc2 = -0.0452377
       pc3 = -1.92297
       pc4 = -0.0128609
       pc5 = 1.94421
       pc6 = 1.07567
       pc7 = 1.01873
       pc8 = 0.174302
       pc9 = 0.375387
      pc10 = -0.280868
      pc11 = 0.286676
      pc12 = -0.0749924
      pc13 = 0.275146
      pc14 = -0.021633
Constrained:
     Tecnw = 41356.2
       Tnw = 52.599
       Tec = 16.68
     twoNb = 1.20961e+06
     twoNe = 40532.4
     twoNc = 158496
     twoNw = 1.73706e+06
    twoNec = 300705
    twoNnw = 199255
  twoNecnw = 29779.4
  twoNbecnw = 78030.4
        m2 = 0.00729354
        m4 = 0.000103606
        m5 = 0.229107
        Tb = 20686.5
        Td = 8.34002
        Te = 4.17001
#       SitePat  BranchLen
              b 138894.7701289
              e 53258.4179743
              c 56932.9279637
              n 50878.7982654
              w 50878.4365044
            b:e 2439.6366736
            b:c 2835.1893419
            b:n 2138.0085583
            b:w 2137.9868962
            e:c 10979.4222462
            e:n 5786.2503745
            e:w 5786.6121354
            c:n 4692.4543789
            c:w 4692.3860509
            n:w 13663.9189905
          b:e:c 2275.7855597
          b:e:n 1253.3748105
          b:e:w 1253.3964726
          b:c:n 1253.6673585
          b:c:w 1253.6456821
          b:n:w 2271.5246967
          e:c:n 6004.8476310
          e:c:w 6004.9159590
          e:n:w 8315.3108369
          c:n:w 6820.3340607
        b:e:c:n 2139.9388629
        b:e:c:w 2139.9605392
        b:e:n:w 2807.0468100
        b:c:n:w 2419.4412511
        e:c:n:w 57068.4567564
