########################################
# legofit: estimate population history #
#       version 2.3.4-4-g53f8760       #
########################################

# Program was compiled: Sep 21 2021 14:36:42
# Program was run: Wed Sep 22 16:29:40 2021

# cmd: legofit -1 -d 0 -t 32 --ptsPerDim 3 --stateOut b1boot19.state --tol 3e-6 -S 5000 bde2.lgo ../../boot/boot19.opf
# Stage nOptItr nSimReps
#     0    5000        0
# algorithm          : deterministic
# ignoring probs <=  : 0
# Branch length floor: 0
# DE strategy        : 2
#    F               : 0.3
#    CR              : 0.8
#    tolerance       : 3e-06
# nthreads           : 32
# lgo input file     : bde2.lgo
# site pat input file: ../../boot/boot19.opf
# free parameters    : 14
# points in DE swarm : 42
# output state file  : b1boot19.state
# Including singleton site patterns.
# cost function      : KL
Initial parameter values
Fixed:
      zero = 0
       one = 1
    Tbecnw = 75200
Free:
       pc1 = 0
       pc2 = 0
       pc3 = 0
       pc4 = 0
       pc5 = 0
       pc6 = 0
       pc7 = 0
       pc8 = 0
       pc9 = 0
      pc10 = 0
      pc11 = 0
      pc12 = 0
      pc13 = 0
      pc14 = 0
Constrained:
     Tecnw = 40951.5
       Tnw = 992.798
       Tec = 929.67
     twoNb = 1.00369e+06
     twoNe = 174132
     twoNc = 240687
     twoNw = 1.31974e+06
    twoNec = 308507
    twoNnw = 187485
  twoNecnw = 30469.9
  twoNbecnw = 77445.6
        m2 = 0.00323944
        m4 = 6.31771e-05
        m5 = 0.222448
        Tb = 20940.6
        Td = 464.835
        Te = 232.417
DiffEv reached_goal. cost=2.99201e-03 spread=2.92866e-06
Fitted parameter values
Free:
       pc1 = -1.12239
       pc2 = 0.0813349
       pc3 = -1.95339
       pc4 = 1.13457
       pc5 = 1.83591
       pc6 = 1.31631
       pc7 = 1.05496
       pc8 = -0.64849
       pc9 = 0.115132
      pc10 = 0.0694022
      pc11 = 0.0810947
      pc12 = -0.267735
      pc13 = 0.0298089
      pc14 = 0.0584293
Constrained:
     Tecnw = 41243.7
       Tnw = 11.7091
       Tec = 26.9998
     twoNb = 1.303e+06
     twoNe = 57595.5
     twoNc = 365133
     twoNw = 2.12612e+06
    twoNec = 299992
    twoNnw = 196057
  twoNecnw = 29904.8
  twoNbecnw = 77740.4
        m2 = 0.00776723
        m4 = 3.33725e-05
        m5 = 0.226759
        Tb = 20635.3
        Td = 13.4999
        Te = 6.74994
#       SitePat  BranchLen
              b 138639.0689780
              e 53206.0513678
              c 56888.2080654
              n 50706.0532556
              w 50706.0233882
            b:e 2441.5247960
            b:c 2836.7814184
            b:n 2125.8190076
            b:w 2125.8172241
            e:c 11000.0634914
            e:n 5772.0046668
            e:w 5772.0345341
            c:n 4678.3751150
            c:w 4678.3694775
            n:w 13763.2718975
          b:e:c 2276.8344407
          b:e:n 1246.1906051
          b:e:w 1246.1923886
          b:c:n 1246.4423138
          b:c:w 1246.4405292
          b:n:w 2272.6265350
          e:c:n 5980.2315201
          e:c:w 5980.2371576
          e:n:w 8339.2789161
          c:n:w 6836.6015863
        b:e:c:n 2127.7288165
        b:e:c:w 2127.7306011
        b:e:n:w 2809.4202977
        b:c:n:w 2421.4790665
        e:c:n:w 56864.5734187
