########################################
# legofit: estimate population history #
#       version 2.3.4-4-g53f8760       #
########################################

# Program was compiled: Sep 21 2021 14:36:42
# Program was run: Wed Sep 22 16:29:47 2021

# cmd: legofit -1 -d 0 -t 32 --ptsPerDim 3 --stateOut b1boot26.state --tol 3e-6 -S 5000 bde2.lgo ../../boot/boot26.opf
# Stage nOptItr nSimReps
#     0    5000        0
# algorithm          : deterministic
# ignoring probs <=  : 0
# Branch length floor: 0
# DE strategy        : 2
#    F               : 0.3
#    CR              : 0.8
#    tolerance       : 3e-06
# nthreads           : 32
# lgo input file     : bde2.lgo
# site pat input file: ../../boot/boot26.opf
# free parameters    : 14
# points in DE swarm : 42
# output state file  : b1boot26.state
# Including singleton site patterns.
# cost function      : KL
Initial parameter values
Fixed:
      zero = 0
       one = 1
    Tbecnw = 75200
Free:
       pc1 = 0
       pc2 = 0
       pc3 = 0
       pc4 = 0
       pc5 = 0
       pc6 = 0
       pc7 = 0
       pc8 = 0
       pc9 = 0
      pc10 = 0
      pc11 = 0
      pc12 = 0
      pc13 = 0
      pc14 = 0
Constrained:
     Tecnw = 40951.5
       Tnw = 992.798
       Tec = 929.67
     twoNb = 1.00369e+06
     twoNe = 174132
     twoNc = 240687
     twoNw = 1.31974e+06
    twoNec = 308507
    twoNnw = 187485
  twoNecnw = 30469.9
  twoNbecnw = 77445.6
        m2 = 0.00323944
        m4 = 6.31771e-05
        m5 = 0.222448
        Tb = 20940.6
        Td = 464.835
        Te = 232.417
DiffEv reached_goal. cost=3.01545e-03 spread=2.84365e-06
Fitted parameter values
Free:
       pc1 = -1.83952
       pc2 = -0.406117
       pc3 = -1.94545
       pc4 = 0.242053
       pc5 = 1.55404
       pc6 = 0.61571
       pc7 = 0.932904
       pc8 = -0.851877
       pc9 = 0.111902
      pc10 = 0.574069
      pc11 = 0.0861958
      pc12 = 0.138624
      pc13 = 0.188418
      pc14 = -0.00692116
Constrained:
     Tecnw = 41430.8
       Tnw = 7.6145
       Tec = 9.89065
     twoNb = 1.49086e+06
     twoNe = 105315
     twoNc = 242641
     twoNw = 1.9505e+06
    twoNec = 311362
    twoNnw = 199858
  twoNecnw = 29879.8
  twoNbecnw = 78066.8
        m2 = 0.00605297
        m4 = 7.20327e-05
        m5 = 0.223127
        Tb = 20720.4
        Td = 4.94533
        Te = 2.47266
#       SitePat  BranchLen
              b 138874.4806882
              e 53491.4943945
              c 57065.0663996
              n 51000.3903086
              w 51000.3569101
            b:e 2447.2385044
            b:c 2827.3330183
            b:n 2151.3314333
            b:w 2151.3294246
            e:c 10946.4879686
            e:n 5785.6683252
            e:w 5785.7017237
            c:n 4719.3137090
            c:w 4719.3073923
            n:w 13696.7138094
          b:e:c 2286.3698723
          b:e:n 1263.5922991
          b:e:w 1263.5943078
          b:c:n 1263.7718896
          b:c:w 1263.7698800
          b:n:w 2283.5052045
          e:c:n 6019.6962957
          e:c:w 6019.7026123
          e:n:w 8291.1095877
          c:n:w 6844.7657777
        b:e:c:n 2152.6596946
        b:e:c:w 2152.6617041
        b:e:n:w 2808.3878797
        b:c:n:w 2433.4589558
        e:c:n:w 56909.1195866
