########################################
# legofit: estimate population history #
#       version 2.3.4-4-g53f8760       #
########################################

# Program was compiled: Sep 21 2021 14:36:42
# Program was run: Wed Sep 22 16:29:55 2021

# cmd: legofit -1 -d 0 -t 32 --ptsPerDim 3 --stateOut b1boot31.state --tol 3e-6 -S 5000 bde2.lgo ../../boot/boot31.opf
# Stage nOptItr nSimReps
#     0    5000        0
# algorithm          : deterministic
# ignoring probs <=  : 0
# Branch length floor: 0
# DE strategy        : 2
#    F               : 0.3
#    CR              : 0.8
#    tolerance       : 3e-06
# nthreads           : 32
# lgo input file     : bde2.lgo
# site pat input file: ../../boot/boot31.opf
# free parameters    : 14
# points in DE swarm : 42
# output state file  : b1boot31.state
# Including singleton site patterns.
# cost function      : KL
Initial parameter values
Fixed:
      zero = 0
       one = 1
    Tbecnw = 75200
Free:
       pc1 = 0
       pc2 = 0
       pc3 = 0
       pc4 = 0
       pc5 = 0
       pc6 = 0
       pc7 = 0
       pc8 = 0
       pc9 = 0
      pc10 = 0
      pc11 = 0
      pc12 = 0
      pc13 = 0
      pc14 = 0
Constrained:
     Tecnw = 40951.5
       Tnw = 992.798
       Tec = 929.67
     twoNb = 1.00369e+06
     twoNe = 174132
     twoNc = 240687
     twoNw = 1.31974e+06
    twoNec = 308507
    twoNnw = 187485
  twoNecnw = 30469.9
  twoNbecnw = 77445.6
        m2 = 0.00323944
        m4 = 6.31771e-05
        m5 = 0.222448
        Tb = 20940.6
        Td = 464.835
        Te = 232.417
DiffEv reached_goal. cost=2.98156e-03 spread=2.97872e-06
Fitted parameter values
Free:
       pc1 = -1.89002
       pc2 = 0.248821
       pc3 = -1.93887
       pc4 = 0.62091
       pc5 = 1.42032
       pc6 = 1.02637
       pc7 = 1.57609
       pc8 = -0.535184
       pc9 = 0.412093
      pc10 = 0.0322932
      pc11 = 0.686494
      pc12 = -0.0830996
      pc13 = 0.0834656
      pc14 = -0.0704936
Constrained:
     Tecnw = 41425.1
       Tnw = 40.989
       Tec = 28.9354
     twoNb = 1.27193e+06
     twoNe = 100568
     twoNc = 366670
     twoNw = 1.99166e+06
    twoNec = 306284
    twoNnw = 198961
  twoNecnw = 29897.6
  twoNbecnw = 78350.4
        m2 = 0.00716527
        m4 = 0.000105608
        m5 = 0.229192
        Tb = 20727
        Td = 14.4677
        Te = 7.23385
#       SitePat  BranchLen
              b 139064.6713209
              e 53452.3090038
              c 57150.6575449
              n 50977.2702140
              w 50977.0496736
            b:e 2467.3600213
            b:c 2867.2624143
            b:n 2157.8029342
            b:w 2157.7896258
            e:c 10971.1565958
            e:n 5823.1185984
            e:w 5823.3391388
            c:n 4723.3491929
            c:w 4723.3074381
            n:w 13729.7256626
          b:e:c 2296.7235233
          b:e:n 1268.3527371
          b:e:w 1268.3660455
          b:c:n 1268.6226688
          b:c:w 1268.6093522
          b:n:w 2292.7333458
          e:c:n 6026.0747774
          e:c:w 6026.1165322
          e:n:w 8373.6009869
          c:n:w 6867.0691102
        b:e:c:n 2159.6333309
        b:e:c:w 2159.6466476
        b:e:n:w 2840.8755694
        b:c:n:w 2448.4443798
        e:c:n:w 57030.2204085
