########################################
# legofit: estimate population history #
#       version 2.3.4-4-g53f8760       #
########################################

# Program was compiled: Sep 21 2021 14:36:42
# Program was run: Wed Sep 29 21:48:37 2021

# cmd: legofit -1 -d 0 -t 56 --ptsPerDim 3 --stateOut b1.state --tol 3e-6 -S 5000 acdef2.lgo ../../chrX/pan_chrX.opf
# Stage nOptItr nSimReps
#     0    5000        0
# algorithm          : deterministic
# ignoring probs <=  : 0
# Branch length floor: 0
# DE strategy        : 2
#    F               : 0.3
#    CR              : 0.8
#    tolerance       : 3e-06
# nthreads           : 56
# lgo input file     : acdef2.lgo
# site pat input file: ../../chrX/pan_chrX.opf
# free parameters    : 19
# points in DE swarm : 57
# output state file  : b1.state
# Including singleton site patterns.
# cost function      : KL
Initial parameter values
Fixed:
      zero = 0
       one = 1
    Tbecnw = 75200
Free:
       pc1 = 0
       pc2 = 0
       pc3 = 0
       pc4 = 0
       pc5 = 0
       pc6 = 0
       pc7 = 0
       pc8 = 0
       pc9 = 0
      pc10 = 0
      pc11 = 0
      pc12 = 0
      pc13 = 0
      pc14 = 0
      pc15 = 0
      pc16 = 0
      pc17 = 0
      pc18 = 0
      pc19 = 0
Constrained:
   Tgbecnw = 99155.9
     Tecnw = 27252.3
       Tnw = 22377.5
       Tec = 11240.1
     twoNb = 2.87681e+06
     twoNe = 125478
     twoNc = 3.64223e+06
     twoNn = 2.16678e+06
     twoNw = 1.3979e+08
    twoNec = 64101.6
    twoNnw = 12713.2
  twoNecnw = 63054.7
  twoNbecnw = 7830.67
  twoNgbecnw = 335789
         m = 0.0823544
        m3 = 0.189549
        m4 = 0.0170626
        m5 = 0.135388
        m6 = 0.0728978
        Ta = 43220
        Tc = 11188.7
        Td = 5594.36
        Te = 2797.18
        Tf = 1398.59
DiffEv reached_goal. cost=1.97317e-03 spread=2.96435e-06
Fitted parameter values
Free:
       pc1 = -3.85656
       pc2 = 1.05087
       pc3 = 1.0987
       pc4 = -1.98535
       pc5 = -1.80734
       pc6 = -2.78241
       pc7 = 0.837298
       pc8 = 1.40862
       pc9 = -0.188022
      pc10 = 1.21508
      pc11 = -0.599495
      pc12 = 0.181522
      pc13 = 0.0760678
      pc14 = 0.121892
      pc15 = -0.063152
      pc16 = 0.130658
      pc17 = -0.090829
      pc18 = 0.00377558
      pc19 = -0.0697851
Constrained:
   Tgbecnw = 81471.5
     Tecnw = 25579.5
       Tnw = 24088.1
       Tec = 12063.7
     twoNb = 2.48696e+06
     twoNe = 1.2165e+06
     twoNc = 2.43694e+07
     twoNn = 2.15416e+06
     twoNw = 2.61473e+08
    twoNec = 52386.4
    twoNnw = 3726.8
  twoNecnw = 65569.5
  twoNbecnw = 2148.85
  twoNgbecnw = 340686
         m = 0.0825465
        m3 = 0.193572
        m4 = 0.0180958
        m5 = 0.141426
        m6 = 0.0824823
        Ta = 43631.8
        Tc = 12044
        Td = 6022.02
        Te = 3011.01
        Tf = 1505.51
#       SitePat  BranchLen
              b 115418.4002060
              e 43242.0703451
              c 44935.1117060
              n 41123.7744351
              w 43290.0302277
            b:e 1160.1400796
            b:c 1377.2664007
            b:n 941.9757531
            b:w 1079.5737818
            e:c 11244.6124181
            e:n 4610.1362113
            e:w 4091.7078617
            c:n 4434.6660501
            c:w 3675.4658769
            n:w 11871.9758489
          b:e:c 1345.2200663
          b:e:n 563.8710604
          b:e:w 580.2469568
          b:c:n 581.3845899
          b:c:w 572.5620240
          b:n:w 1327.4522192
          e:c:n 4498.6609873
          e:c:w 3610.0337175
          e:n:w 5527.7776838
          c:n:w 4758.0080083
        b:e:c:n 1199.4976193
        b:e:c:w 1054.3462601
        b:e:n:w 1847.6553694
        b:c:n:w 1289.1408007
        e:c:n:w 45762.7566620
