########################################
# legofit: estimate population history #
#       version 2.3.4-4-g53f8760       #
########################################

# Program was compiled: Sep 21 2021 14:36:42
# Program was run: Wed Sep 29 21:49:16 2021

# cmd: legofit -1 -d 0 -t 56 --ptsPerDim 3 --stateOut b1boot6.state --tol 3e-6 -S 5000 acdef2.lgo ../../chrX/boot_chrX/boot6.opf
# Stage nOptItr nSimReps
#     0    5000        0
# algorithm          : deterministic
# ignoring probs <=  : 0
# Branch length floor: 0
# DE strategy        : 2
#    F               : 0.3
#    CR              : 0.8
#    tolerance       : 3e-06
# nthreads           : 56
# lgo input file     : acdef2.lgo
# site pat input file: ../../chrX/boot_chrX/boot6.opf
# free parameters    : 19
# points in DE swarm : 57
# output state file  : b1boot6.state
# Including singleton site patterns.
# cost function      : KL
Initial parameter values
Fixed:
      zero = 0
       one = 1
    Tbecnw = 75200
Free:
       pc1 = 0
       pc2 = 0
       pc3 = 0
       pc4 = 0
       pc5 = 0
       pc6 = 0
       pc7 = 0
       pc8 = 0
       pc9 = 0
      pc10 = 0
      pc11 = 0
      pc12 = 0
      pc13 = 0
      pc14 = 0
      pc15 = 0
      pc16 = 0
      pc17 = 0
      pc18 = 0
      pc19 = 0
Constrained:
   Tgbecnw = 99155.9
     Tecnw = 27252.3
       Tnw = 22377.5
       Tec = 11240.1
     twoNb = 2.87681e+06
     twoNe = 125478
     twoNc = 3.64223e+06
     twoNn = 2.16678e+06
     twoNw = 1.3979e+08
    twoNec = 64101.6
    twoNnw = 12713.2
  twoNecnw = 63054.7
  twoNbecnw = 7830.67
  twoNgbecnw = 335789
         m = 0.0823544
        m3 = 0.189549
        m4 = 0.0170626
        m5 = 0.135388
        m6 = 0.0728978
        Ta = 43220
        Tc = 11188.7
        Td = 5594.36
        Te = 2797.18
        Tf = 1398.59
DiffEv reached_goal. cost=1.79720e-03 spread=2.81710e-06
Fitted parameter values
Free:
       pc1 = -3.72368
       pc2 = 2.07844
       pc3 = 1.04126
       pc4 = -1.81545
       pc5 = -1.94091
       pc6 = -0.8613
       pc7 = 1.99848
       pc8 = 1.6667
       pc9 = -0.546857
      pc10 = -1.83107
      pc11 = -0.639916
      pc12 = 0.835698
      pc13 = -0.0313977
      pc14 = 0.211268
      pc15 = -0.295873
      pc16 = 0.319292
      pc17 = -0.0683931
      pc18 = 0.0096146
      pc19 = -0.04998
Constrained:
   Tgbecnw = 81146.3
     Tecnw = 25730.2
       Tnw = 24316.8
       Tec = 12185.9
     twoNb = 741319
     twoNe = 1.86582e+06
     twoNc = 1.66873e+06
     twoNn = 2.17662e+06
     twoNw = 2.05227e+08
    twoNec = 53872.5
    twoNnw = 3461.54
  twoNecnw = 62952.8
  twoNbecnw = 2023.03
  twoNgbecnw = 356852
         m = 0.076489
        m3 = 0.213713
        m4 = 0.0162168
        m5 = 0.146624
        m6 = 0.0806905
        Ta = 43693
        Tc = 12158.4
        Td = 6079.21
        Te = 3039.6
        Tf = 1519.8
#       SitePat  BranchLen
              b 114987.6507211
              e 42946.7924150
              c 44581.2052695
              n 40788.6055455
              w 43069.8098098
            b:e 1154.2062482
            b:c 1416.3333272
            b:n 933.1623557
            b:w 1078.8248182
            e:c 10918.9846370
            e:n 4640.2461505
            e:w 4118.5029605
            c:n 4490.9234384
            c:w 3667.5607328
            n:w 11543.9969626
          b:e:c 1319.1326843
          b:e:n 564.1056137
          b:e:w 583.8885703
          b:c:n 586.0205578
          b:c:w 573.9874142
          b:n:w 1300.2082604
          e:c:n 4544.9807320
          e:c:w 3608.8823633
          e:n:w 5584.4260603
          c:n:w 4769.6364293
        b:e:c:n 1193.6639055
        b:e:c:w 1040.2516300
        b:e:n:w 1771.5871925
        b:c:n:w 1278.0879590
        e:c:n:w 45791.4601779
