########################################
# legofit: estimate population history #
#       version 2.3.4-4-g53f8760       #
########################################

# Program was compiled: Sep 21 2021 14:36:42
# Program was run: Wed Sep 29 21:49:15 2021

# cmd: legofit -1 -d 0 -t 56 --ptsPerDim 3 --stateOut b1boot15.state --tol 3e-6 -S 5000 acdef2.lgo ../../chrX/boot_chrX/boot15.opf
# Stage nOptItr nSimReps
#     0    5000        0
# algorithm          : deterministic
# ignoring probs <=  : 0
# Branch length floor: 0
# DE strategy        : 2
#    F               : 0.3
#    CR              : 0.8
#    tolerance       : 3e-06
# nthreads           : 56
# lgo input file     : acdef2.lgo
# site pat input file: ../../chrX/boot_chrX/boot15.opf
# free parameters    : 19
# points in DE swarm : 57
# output state file  : b1boot15.state
# Including singleton site patterns.
# cost function      : KL
Initial parameter values
Fixed:
      zero = 0
       one = 1
    Tbecnw = 75200
Free:
       pc1 = 0
       pc2 = 0
       pc3 = 0
       pc4 = 0
       pc5 = 0
       pc6 = 0
       pc7 = 0
       pc8 = 0
       pc9 = 0
      pc10 = 0
      pc11 = 0
      pc12 = 0
      pc13 = 0
      pc14 = 0
      pc15 = 0
      pc16 = 0
      pc17 = 0
      pc18 = 0
      pc19 = 0
Constrained:
   Tgbecnw = 99155.9
     Tecnw = 27252.3
       Tnw = 22377.5
       Tec = 11240.1
     twoNb = 2.87681e+06
     twoNe = 125478
     twoNc = 3.64223e+06
     twoNn = 2.16678e+06
     twoNw = 1.3979e+08
    twoNec = 64101.6
    twoNnw = 12713.2
  twoNecnw = 63054.7
  twoNbecnw = 7830.67
  twoNgbecnw = 335789
         m = 0.0823544
        m3 = 0.189549
        m4 = 0.0170626
        m5 = 0.135388
        m6 = 0.0728978
        Ta = 43220
        Tc = 11188.7
        Td = 5594.36
        Te = 2797.18
        Tf = 1398.59
DiffEv reached_goal. cost=1.95727e-03 spread=2.81444e-06
Fitted parameter values
Free:
       pc1 = -3.94892
       pc2 = 2.08109
       pc3 = 1.47628
       pc4 = -1.93986
       pc5 = -1.42634
       pc6 = -0.535948
       pc7 = 1.22129
       pc8 = -0.370428
       pc9 = -1.22571
      pc10 = 1.71623
      pc11 = 0.524481
      pc12 = 0.361432
      pc13 = -0.0354885
      pc14 = 0.383153
      pc15 = -0.365191
      pc16 = -0.047006
      pc17 = 0.030038
      pc18 = 0.0659897
      pc19 = 0.0274064
Constrained:
   Tgbecnw = 80519.3
     Tecnw = 24916.5
       Tnw = 23570.3
       Tec = 11868.6
     twoNb = 1.1926e+06
     twoNe = 3205.47
     twoNc = 1.70609e+07
     twoNn = 4.12844e+06
     twoNw = 1.52795e+08
    twoNec = 55838.5
    twoNnw = 3527.7
  twoNecnw = 64714.5
  twoNbecnw = 1835.47
  twoNgbecnw = 365125
         m = 0.0711403
        m3 = 0.178257
        m4 = 0.0161098
        m5 = 0.131201
        m6 = 0.068789
        Ta = 43534.3
        Tc = 11785.1
        Td = 5892.57
        Te = 2946.29
        Tf = 1473.14
#       SitePat  BranchLen
              b 114189.3985912
              e 43086.7936705
              c 44843.6798005
              n 40848.0993923
              w 42861.8588762
            b:e 1244.0891798
            b:c 1485.5445517
            b:n 1010.2450360
            b:w 1144.6079654
            e:c 11133.4138855
            e:n 4721.5388449
            e:w 4148.7863708
            c:n 4396.7458114
            c:w 3769.4906857
            n:w 11971.3055839
          b:e:c 1428.4736977
          b:e:n 609.9313953
          b:e:w 618.8073592
          b:c:n 621.1530522
          b:c:w 619.8267414
          b:n:w 1407.6669353
          e:c:n 4527.8924238
          e:c:w 3714.1405397
          e:n:w 5672.2870283
          c:n:w 4866.9836789
        b:e:c:n 1272.7297793
        b:e:c:w 1130.8171969
        b:e:n:w 1884.3129565
        b:c:n:w 1383.1224101
        e:c:n:w 44856.7125933
