########################################
# legofit: estimate population history #
#       version 2.3.4-4-g53f8760       #
########################################

# Program was compiled: Sep 21 2021 14:36:42
# Program was run: Wed Sep 29 21:50:00 2021

# cmd: legofit -1 -d 0 -t 56 --ptsPerDim 3 --stateOut b1boot27.state --tol 3e-6 -S 5000 acdef2.lgo ../../chrX/boot_chrX/boot27.opf
# Stage nOptItr nSimReps
#     0    5000        0
# algorithm          : deterministic
# ignoring probs <=  : 0
# Branch length floor: 0
# DE strategy        : 2
#    F               : 0.3
#    CR              : 0.8
#    tolerance       : 3e-06
# nthreads           : 56
# lgo input file     : acdef2.lgo
# site pat input file: ../../chrX/boot_chrX/boot27.opf
# free parameters    : 19
# points in DE swarm : 57
# output state file  : b1boot27.state
# Including singleton site patterns.
# cost function      : KL
Initial parameter values
Fixed:
      zero = 0
       one = 1
    Tbecnw = 75200
Free:
       pc1 = 0
       pc2 = 0
       pc3 = 0
       pc4 = 0
       pc5 = 0
       pc6 = 0
       pc7 = 0
       pc8 = 0
       pc9 = 0
      pc10 = 0
      pc11 = 0
      pc12 = 0
      pc13 = 0
      pc14 = 0
      pc15 = 0
      pc16 = 0
      pc17 = 0
      pc18 = 0
      pc19 = 0
Constrained:
   Tgbecnw = 99155.9
     Tecnw = 27252.3
       Tnw = 22377.5
       Tec = 11240.1
     twoNb = 2.87681e+06
     twoNe = 125478
     twoNc = 3.64223e+06
     twoNn = 2.16678e+06
     twoNw = 1.3979e+08
    twoNec = 64101.6
    twoNnw = 12713.2
  twoNecnw = 63054.7
  twoNbecnw = 7830.67
  twoNgbecnw = 335789
         m = 0.0823544
        m3 = 0.189549
        m4 = 0.0170626
        m5 = 0.135388
        m6 = 0.0728978
        Ta = 43220
        Tc = 11188.7
        Td = 5594.36
        Te = 2797.18
        Tf = 1398.59
DiffEv reached_goal. cost=2.02072e-03 spread=2.98240e-06
Fitted parameter values
Free:
       pc1 = -3.96769
       pc2 = -0.25205
       pc3 = 1.55725
       pc4 = -1.99373
       pc5 = -1.01147
       pc6 = -3.53984
       pc7 = -0.0993429
       pc8 = 1.68388
       pc9 = -0.836321
      pc10 = 1.81979
      pc11 = 1.22701
      pc12 = -0.897144
      pc13 = -0.403858
      pc14 = 0.0808501
      pc15 = -0.0892503
      pc16 = -0.248753
      pc17 = 0.0296399
      pc18 = 0.104269
      pc19 = 0.0407701
Constrained:
   Tgbecnw = 85906
     Tecnw = 25579.3
       Tnw = 23865.8
       Tec = 12037.2
     twoNb = 2.13574e+06
     twoNe = 704305
     twoNc = 2.63435e+07
     twoNn = 1.03554e+06
     twoNw = 3.9627e+08
    twoNec = 50421.1
    twoNnw = 4264.46
  twoNecnw = 70122.4
  twoNbecnw = 3588.66
  twoNgbecnw = 354586
         m = 0.0805288
        m3 = 0.169379
        m4 = 0.0192213
        m5 = 0.145322
        m6 = 0.0952921
        Ta = 43618.6
        Tc = 11932.9
        Td = 5966.46
        Te = 2983.23
        Tf = 1491.61
#       SitePat  BranchLen
              b 116598.1170955
              e 44043.6172841
              c 45694.1293908
              n 41733.6009915
              w 43711.8066262
            b:e 1247.2850707
            b:c 1469.0496533
            b:n 1004.2950467
            b:w 1135.0738911
            e:c 11697.2565171
            e:n 4632.3952507
            e:w 4140.5884910
            c:n 4437.9145003
            c:w 3765.6453569
            n:w 12465.4038142
          b:e:c 1458.2019691
          b:e:n 597.4990506
          b:e:w 611.0450925
          b:c:n 612.3418329
          b:c:w 606.2418715
          b:n:w 1438.0385871
          e:c:n 4465.3361462
          e:c:w 3651.2064147
          e:n:w 5623.8291200
          c:n:w 4895.7494008
        b:e:c:n 1268.1022596
        b:e:c:w 1129.8773347
        b:e:n:w 1976.5467580
        b:c:n:w 1391.7340003
        e:c:n:w 46000.6628653
