########################################
# legofit: estimate population history #
#       version 2.3.4-4-g53f8760       #
########################################

# Program was compiled: Sep 21 2021 14:36:42
# Program was run: Wed Sep 29 21:50:00 2021

# cmd: legofit -1 -d 0 -t 56 --ptsPerDim 3 --stateOut b1boot25.state --tol 3e-6 -S 5000 acdef2.lgo ../../chrX/boot_chrX/boot25.opf
# Stage nOptItr nSimReps
#     0    5000        0
# algorithm          : deterministic
# ignoring probs <=  : 0
# Branch length floor: 0
# DE strategy        : 2
#    F               : 0.3
#    CR              : 0.8
#    tolerance       : 3e-06
# nthreads           : 56
# lgo input file     : acdef2.lgo
# site pat input file: ../../chrX/boot_chrX/boot25.opf
# free parameters    : 19
# points in DE swarm : 57
# output state file  : b1boot25.state
# Including singleton site patterns.
# cost function      : KL
Initial parameter values
Fixed:
      zero = 0
       one = 1
    Tbecnw = 75200
Free:
       pc1 = 0
       pc2 = 0
       pc3 = 0
       pc4 = 0
       pc5 = 0
       pc6 = 0
       pc7 = 0
       pc8 = 0
       pc9 = 0
      pc10 = 0
      pc11 = 0
      pc12 = 0
      pc13 = 0
      pc14 = 0
      pc15 = 0
      pc16 = 0
      pc17 = 0
      pc18 = 0
      pc19 = 0
Constrained:
   Tgbecnw = 99155.9
     Tecnw = 27252.3
       Tnw = 22377.5
       Tec = 11240.1
     twoNb = 2.87681e+06
     twoNe = 125478
     twoNc = 3.64223e+06
     twoNn = 2.16678e+06
     twoNw = 1.3979e+08
    twoNec = 64101.6
    twoNnw = 12713.2
  twoNecnw = 63054.7
  twoNbecnw = 7830.67
  twoNgbecnw = 335789
         m = 0.0823544
        m3 = 0.189549
        m4 = 0.0170626
        m5 = 0.135388
        m6 = 0.0728978
        Ta = 43220
        Tc = 11188.7
        Td = 5594.36
        Te = 2797.18
        Tf = 1398.59
DiffEv reached_goal. cost=1.97858e-03 spread=2.91860e-06
Fitted parameter values
Free:
       pc1 = -3.95349
       pc2 = 0.748021
       pc3 = 1.36553
       pc4 = -1.99135
       pc5 = -1.40441
       pc6 = -1.54374
       pc7 = 0.795866
       pc8 = 1.27102
       pc9 = 0.237719
      pc10 = 1.59
      pc11 = 0.226375
      pc12 = -0.851168
      pc13 = 0.27119
      pc14 = 0.0741761
      pc15 = -0.0385836
      pc16 = 0.162396
      pc17 = 0.00927528
      pc18 = 0.0125037
      pc19 = -0.0348465
Constrained:
   Tgbecnw = 84557.4
     Tecnw = 25467.8
       Tnw = 23753.8
       Tec = 11890.2
     twoNb = 2.88199e+06
     twoNe = 966452
     twoNc = 2.14225e+07
     twoNn = 4.21291e+06
     twoNw = 2.96521e+08
    twoNec = 53121.9
    twoNnw = 4257.43
  twoNecnw = 67849.5
  twoNbecnw = 3067.55
  twoNgbecnw = 372235
         m = 0.0783226
        m3 = 0.184816
        m4 = 0.0171869
        m5 = 0.146338
        m6 = 0.075193
        Ta = 43545.1
        Tc = 11876.9
        Td = 5938.45
        Te = 2969.22
        Tf = 1484.61
#       SitePat  BranchLen
              b 116766.5139038
              e 43526.5092594
              c 45414.1107981
              n 41319.4069030
              w 43406.5483433
            b:e 1173.2349299
            b:c 1395.4246757
            b:n 952.0256373
            b:w 1084.3089965
            e:c 11423.3967895
            e:n 4627.8968983
            e:w 4155.0228732
            c:n 4432.9207355
            c:w 3669.3860546
            n:w 12204.9552377
          b:e:c 1372.6207491
          b:e:n 567.2458637
          b:e:w 586.0590597
          b:c:n 587.3727306
          b:c:w 575.9361355
          b:n:w 1354.1469870
          e:c:n 4456.7070952
          e:c:w 3605.9743609
          e:n:w 5617.2476054
          c:n:w 4753.6204068
        b:e:c:n 1207.1236672
        b:e:c:w 1067.4637070
        b:e:n:w 1881.3882344
        b:c:n:w 1305.8330909
        e:c:n:w 46608.8073716
