########################################
# legofit: estimate population history #
#       version 2.3.4-4-g53f8760       #
########################################

# Program was compiled: Sep 21 2021 14:36:42
# Program was run: Wed Sep 29 21:50:44 2021

# cmd: legofit -1 -d 0 -t 56 --ptsPerDim 3 --stateOut b1boot45.state --tol 3e-6 -S 5000 acdef2.lgo ../../chrX/boot_chrX/boot45.opf
# Stage nOptItr nSimReps
#     0    5000        0
# algorithm          : deterministic
# ignoring probs <=  : 0
# Branch length floor: 0
# DE strategy        : 2
#    F               : 0.3
#    CR              : 0.8
#    tolerance       : 3e-06
# nthreads           : 56
# lgo input file     : acdef2.lgo
# site pat input file: ../../chrX/boot_chrX/boot45.opf
# free parameters    : 19
# points in DE swarm : 57
# output state file  : b1boot45.state
# Including singleton site patterns.
# cost function      : KL
Initial parameter values
Fixed:
      zero = 0
       one = 1
    Tbecnw = 75200
Free:
       pc1 = 0
       pc2 = 0
       pc3 = 0
       pc4 = 0
       pc5 = 0
       pc6 = 0
       pc7 = 0
       pc8 = 0
       pc9 = 0
      pc10 = 0
      pc11 = 0
      pc12 = 0
      pc13 = 0
      pc14 = 0
      pc15 = 0
      pc16 = 0
      pc17 = 0
      pc18 = 0
      pc19 = 0
Constrained:
   Tgbecnw = 99155.9
     Tecnw = 27252.3
       Tnw = 22377.5
       Tec = 11240.1
     twoNb = 2.87681e+06
     twoNe = 125478
     twoNc = 3.64223e+06
     twoNn = 2.16678e+06
     twoNw = 1.3979e+08
    twoNec = 64101.6
    twoNnw = 12713.2
  twoNecnw = 63054.7
  twoNbecnw = 7830.67
  twoNgbecnw = 335789
         m = 0.0823544
        m3 = 0.189549
        m4 = 0.0170626
        m5 = 0.135388
        m6 = 0.0728978
        Ta = 43220
        Tc = 11188.7
        Td = 5594.36
        Te = 2797.18
        Tf = 1398.59
DiffEv reached_goal. cost=1.78582e-03 spread=2.67042e-06
Fitted parameter values
Free:
       pc1 = -3.93685
       pc2 = 1.70175
       pc3 = -0.0133923
       pc4 = -1.90161
       pc5 = -1.48095
       pc6 = -1.77323
       pc7 = -0.879209
       pc8 = 1.12563
       pc9 = -1.35888
      pc10 = 1.58397
      pc11 = -1.14525
      pc12 = 0.267009
      pc13 = 0.16166
      pc14 = -0.0311603
      pc15 = -0.0465423
      pc16 = 0.063789
      pc17 = -0.141166
      pc18 = 0.0128219
      pc19 = -0.0741917
Constrained:
   Tgbecnw = 79349.8
     Tecnw = 25163.5
       Tnw = 23721
       Tec = 11884.9
     twoNb = 3.11753e+06
     twoNe = 867.133
     twoNc = 1.45013e+07
     twoNn = 2.09068e+06
     twoNw = 2.73797e+08
    twoNec = 54784.8
    twoNnw = 3760.53
  twoNecnw = 65512.2
  twoNbecnw = 1452.3
  twoNgbecnw = 322865
         m = 0.0867752
        m3 = 0.195772
        m4 = 0.0189773
        m5 = 0.121622
        m6 = 0.0643605
        Ta = 43542.5
        Tc = 11860.5
        Td = 5930.26
        Te = 2965.13
        Tf = 1482.56
#       SitePat  BranchLen
              b 114692.1586546
              e 43015.9417192
              c 44887.2253416
              n 40975.2055556
              w 43311.0344936
            b:e 1132.6344025
            b:c 1357.2440917
            b:n 929.3642282
            b:w 1073.7235537
            e:c 11183.0192873
            e:n 4736.8545121
            e:w 4047.5252132
            c:n 4383.2007841
            c:w 3676.2442438
            n:w 11829.9353396
          b:e:c 1318.8399505
          b:e:n 561.5997533
          b:e:w 568.9697055
          b:c:n 570.1513552
          b:c:w 570.9745554
          b:n:w 1301.3379362
          e:c:n 4539.2808409
          e:c:w 3599.7377421
          e:n:w 5450.6260953
          c:n:w 4657.8822826
        b:e:c:n 1194.9319457
        b:e:c:w 1042.3794678
        b:e:n:w 1850.7413921
        b:c:n:w 1261.9700066
        e:c:n:w 45183.9391035
