########################################
# legofit: estimate population history #
#       version 2.3.4-4-g53f8760       #
########################################

# Program was compiled: Sep 21 2021 14:36:42
# Program was run: Wed Sep 29 21:50:55 2021

# cmd: legofit -1 -d 0 -t 56 --ptsPerDim 3 --stateOut b1boot48.state --tol 3e-6 -S 5000 acdef2.lgo ../../chrX/boot_chrX/boot48.opf
# Stage nOptItr nSimReps
#     0    5000        0
# algorithm          : deterministic
# ignoring probs <=  : 0
# Branch length floor: 0
# DE strategy        : 2
#    F               : 0.3
#    CR              : 0.8
#    tolerance       : 3e-06
# nthreads           : 56
# lgo input file     : acdef2.lgo
# site pat input file: ../../chrX/boot_chrX/boot48.opf
# free parameters    : 19
# points in DE swarm : 57
# output state file  : b1boot48.state
# Including singleton site patterns.
# cost function      : KL
Initial parameter values
Fixed:
      zero = 0
       one = 1
    Tbecnw = 75200
Free:
       pc1 = 0
       pc2 = 0
       pc3 = 0
       pc4 = 0
       pc5 = 0
       pc6 = 0
       pc7 = 0
       pc8 = 0
       pc9 = 0
      pc10 = 0
      pc11 = 0
      pc12 = 0
      pc13 = 0
      pc14 = 0
      pc15 = 0
      pc16 = 0
      pc17 = 0
      pc18 = 0
      pc19 = 0
Constrained:
   Tgbecnw = 99155.9
     Tecnw = 27252.3
       Tnw = 22377.5
       Tec = 11240.1
     twoNb = 2.87681e+06
     twoNe = 125478
     twoNc = 3.64223e+06
     twoNn = 2.16678e+06
     twoNw = 1.3979e+08
    twoNec = 64101.6
    twoNnw = 12713.2
  twoNecnw = 63054.7
  twoNbecnw = 7830.67
  twoNgbecnw = 335789
         m = 0.0823544
        m3 = 0.189549
        m4 = 0.0170626
        m5 = 0.135388
        m6 = 0.0728978
        Ta = 43220
        Tc = 11188.7
        Td = 5594.36
        Te = 2797.18
        Tf = 1398.59
DiffEv reached_goal. cost=1.97177e-03 spread=2.14355e-06
Fitted parameter values
Free:
       pc1 = -3.98919
       pc2 = -0.570488
       pc3 = 1.99115
       pc4 = -1.985
       pc5 = -1.70503
       pc6 = -0.788187
       pc7 = 1.10465
       pc8 = 1.98503
       pc9 = -1.32798
      pc10 = 0.737649
      pc11 = -0.412302
      pc12 = 0.403686
      pc13 = -0.204835
      pc14 = 0.313103
      pc15 = -0.0934421
      pc16 = -0.0603783
      pc17 = -0.0373439
      pc18 = 0.084239
      pc19 = -0.0439462
Constrained:
   Tgbecnw = 84294.6
     Tecnw = 25858.2
       Tnw = 25129
       Tec = 12606.8
     twoNb = 1.911e+06
     twoNe = 779681
     twoNc = 9.18754e+06
     twoNn = 5.60037e+06
     twoNw = 2.21797e+08
    twoNec = 50165.2
    twoNnw = 1839.95
  twoNecnw = 66100.9
  twoNbecnw = 3103.23
  twoNgbecnw = 341441
         m = 0.0809015
        m3 = 0.184479
        m4 = 0.0181783
        m5 = 0.153344
        m6 = 0.101376
        Ta = 43903.4
        Tc = 12564.5
        Td = 6282.25
        Te = 3141.12
        Tf = 1570.56
#       SitePat  BranchLen
              b 115634.4134581
              e 43711.5883974
              c 45274.0487291
              n 41624.4061789
              w 43651.8793715
            b:e 1201.2410707
            b:c 1416.3692383
            b:n 972.0074555
            b:w 1103.7477405
            e:c 11166.3787806
            e:n 4632.4447288
            e:w 4135.9389403
            c:n 4463.0024398
            c:w 3767.5403052
            n:w 11720.0134735
          b:e:c 1370.4352788
          b:e:n 584.6287483
          b:e:w 598.9211261
          b:c:n 600.2028988
          b:c:w 593.0013398
          b:n:w 1352.4543536
          e:c:n 4494.3046875
          e:c:w 3658.7994180
          e:n:w 5576.9491477
          c:n:w 4865.2834441
        b:e:c:n 1224.9828520
        b:e:c:w 1086.1517483
        b:e:n:w 1869.8208566
        b:c:n:w 1332.0845159
        e:c:n:w 45627.8770051
