########################################
# legofit: estimate population history #
#       version 2.3.4-4-g53f8760       #
########################################

# Program was compiled: Sep 21 2021 14:36:42
# Program was run: Wed Sep 29 21:49:15 2021

# cmd: legofit -1 -d 0 -t 56 --ptsPerDim 3 --stateOut b1boot10.state --tol 3e-6 -S 5000 acdef2.lgo ../../chrX/boot_chrX/boot10.opf
# Stage nOptItr nSimReps
#     0    5000        0
# algorithm          : deterministic
# ignoring probs <=  : 0
# Branch length floor: 0
# DE strategy        : 2
#    F               : 0.3
#    CR              : 0.8
#    tolerance       : 3e-06
# nthreads           : 56
# lgo input file     : acdef2.lgo
# site pat input file: ../../chrX/boot_chrX/boot10.opf
# free parameters    : 19
# points in DE swarm : 57
# output state file  : b1boot10.state
# Including singleton site patterns.
# cost function      : KL
Initial parameter values
Fixed:
      zero = 0
       one = 1
    Tbecnw = 75200
Free:
       pc1 = 0
       pc2 = 0
       pc3 = 0
       pc4 = 0
       pc5 = 0
       pc6 = 0
       pc7 = 0
       pc8 = 0
       pc9 = 0
      pc10 = 0
      pc11 = 0
      pc12 = 0
      pc13 = 0
      pc14 = 0
      pc15 = 0
      pc16 = 0
      pc17 = 0
      pc18 = 0
      pc19 = 0
Constrained:
   Tgbecnw = 99155.9
     Tecnw = 27252.3
       Tnw = 22377.5
       Tec = 11240.1
     twoNb = 2.87681e+06
     twoNe = 125478
     twoNc = 3.64223e+06
     twoNn = 2.16678e+06
     twoNw = 1.3979e+08
    twoNec = 64101.6
    twoNnw = 12713.2
  twoNecnw = 63054.7
  twoNbecnw = 7830.67
  twoNgbecnw = 335789
         m = 0.0823544
        m3 = 0.189549
        m4 = 0.0170626
        m5 = 0.135388
        m6 = 0.0728978
        Ta = 43220
        Tc = 11188.7
        Td = 5594.36
        Te = 2797.18
        Tf = 1398.59
DiffEv reached_goal. cost=1.87625e-03 spread=2.90281e-06
Fitted parameter values
Free:
       pc1 = -3.75523
       pc2 = 2.18787
       pc3 = 0.426265
       pc4 = -1.93403
       pc5 = -1.63969
       pc6 = 0.244681
       pc7 = 0.497109
       pc8 = 1.50412
       pc9 = -0.217799
      pc10 = 1.72488
      pc11 = -0.0316593
      pc12 = 0.0913633
      pc13 = 0.2542
      pc14 = -0.112374
      pc15 = -0.325605
      pc16 = 0.175274
      pc17 = 0.0194745
      pc18 = 0.0320798
      pc19 = -0.017366
Constrained:
   Tgbecnw = 81519.7
     Tecnw = 25026.5
       Tnw = 23407.1
       Tec = 11726.3
     twoNb = 2.90149e+06
     twoNe = 741789
     twoNc = 9.80859e+06
     twoNn = 6.01149e+06
     twoNw = 2.92151e+08
    twoNec = 55802.5
    twoNnw = 4431.51
  twoNecnw = 64105.7
  twoNbecnw = 2159.82
  twoNgbecnw = 359169
         m = 0.0747345
        m3 = 0.188223
        m4 = 0.0169416
        m5 = 0.125029
        m6 = 0.0541853
        Ta = 43463.2
        Tc = 11703.6
        Td = 5851.78
        Te = 2925.89
        Tf = 1462.94
#       SitePat  BranchLen
              b 114832.3541005
              e 42899.9438373
              c 44681.0594390
              n 41147.5151700
              w 43246.5921060
            b:e 1181.0132134
            b:c 1399.7635293
            b:n 991.5780321
            b:w 1128.7915555
            e:c 11280.9047239
            e:n 4642.7656795
            e:w 4155.9906362
            c:n 4451.6927633
            c:w 3695.7355581
            n:w 11791.6722478
          b:e:c 1375.7250627
          b:e:n 585.3660312
          b:e:w 603.4150682
          b:c:n 604.9419143
          b:c:w 594.3535659
          b:n:w 1359.3892906
          e:c:n 4607.1465530
          e:c:w 3750.8018655
          e:n:w 5510.8041489
          c:n:w 4696.7608818
        b:e:c:n 1251.0991283
        b:e:c:w 1106.4249162
        b:e:n:w 1855.6781487
        b:c:n:w 1310.6690235
        e:c:n:w 45373.4836555
