########################################
# legofit: estimate population history #
#       version 2.3.4-4-g53f8760       #
########################################

# Program was compiled: Sep 21 2021 14:36:42
# Program was run: Wed Sep 29 21:49:16 2021

# cmd: legofit -1 -d 0 -t 56 --ptsPerDim 3 --stateOut b1boot8.state --tol 3e-6 -S 5000 acdef2.lgo ../../chrX/boot_chrX/boot8.opf
# Stage nOptItr nSimReps
#     0    5000        0
# algorithm          : deterministic
# ignoring probs <=  : 0
# Branch length floor: 0
# DE strategy        : 2
#    F               : 0.3
#    CR              : 0.8
#    tolerance       : 3e-06
# nthreads           : 56
# lgo input file     : acdef2.lgo
# site pat input file: ../../chrX/boot_chrX/boot8.opf
# free parameters    : 19
# points in DE swarm : 57
# output state file  : b1boot8.state
# Including singleton site patterns.
# cost function      : KL
Initial parameter values
Fixed:
      zero = 0
       one = 1
    Tbecnw = 75200
Free:
       pc1 = 0
       pc2 = 0
       pc3 = 0
       pc4 = 0
       pc5 = 0
       pc6 = 0
       pc7 = 0
       pc8 = 0
       pc9 = 0
      pc10 = 0
      pc11 = 0
      pc12 = 0
      pc13 = 0
      pc14 = 0
      pc15 = 0
      pc16 = 0
      pc17 = 0
      pc18 = 0
      pc19 = 0
Constrained:
   Tgbecnw = 99155.9
     Tecnw = 27252.3
       Tnw = 22377.5
       Tec = 11240.1
     twoNb = 2.87681e+06
     twoNe = 125478
     twoNc = 3.64223e+06
     twoNn = 2.16678e+06
     twoNw = 1.3979e+08
    twoNec = 64101.6
    twoNnw = 12713.2
  twoNecnw = 63054.7
  twoNbecnw = 7830.67
  twoNgbecnw = 335789
         m = 0.0823544
        m3 = 0.189549
        m4 = 0.0170626
        m5 = 0.135388
        m6 = 0.0728978
        Ta = 43220
        Tc = 11188.7
        Td = 5594.36
        Te = 2797.18
        Tf = 1398.59
DiffEv reached_goal. cost=1.93603e-03 spread=2.45849e-06
Fitted parameter values
Free:
       pc1 = -3.79971
       pc2 = 1.2622
       pc3 = 0.986603
       pc4 = -1.85671
       pc5 = -1.84858
       pc6 = 0.263721
       pc7 = -0.48125
       pc8 = 1.57111
       pc9 = -1.24011
      pc10 = 0.261808
      pc11 = -0.172967
      pc12 = -0.792757
      pc13 = 0.352923
      pc14 = -0.0273229
      pc15 = -0.279267
      pc16 = 0.0712157
      pc17 = 0.0126192
      pc18 = 0.0811201
      pc19 = -0.0166986
Constrained:
   Tgbecnw = 82237.2
     Tecnw = 25507.5
       Tnw = 23577.6
       Tec = 11816.8
     twoNb = 2.39366e+06
     twoNe = 2502.53
     twoNc = 1.111e+06
     twoNn = 5.07502e+06
     twoNw = 3.55051e+08
    twoNec = 54677.2
    twoNnw = 4815.56
  twoNecnw = 66871.8
  twoNbecnw = 2403.34
  twoNgbecnw = 358017
         m = 0.0787178
        m3 = 0.197428
        m4 = 0.0174305
        m5 = 0.143812
        m6 = 0.0706568
        Ta = 43508.4
        Tc = 11788.8
        Td = 5894.41
        Te = 2947.2
        Tf = 1473.6
#       SitePat  BranchLen
              b 116066.6577559
              e 43410.4685775
              c 45379.6554595
              n 41211.4625335
              w 43476.9992891
            b:e 1224.3846231
            b:c 1465.9238388
            b:n 996.6179791
            b:w 1146.5263441
            e:c 11322.8951227
            e:n 4743.4519784
            e:w 4188.5834570
            c:n 4488.5024419
            c:w 3698.8408424
            n:w 12096.1994553
          b:e:c 1426.3858332
          b:e:n 600.4677076
          b:e:w 618.5057054
          b:c:n 620.0222386
          b:c:w 610.4895312
          b:n:w 1406.7092173
          e:c:n 4561.0278570
          e:c:w 3640.0212223
          e:n:w 5663.7679946
          c:n:w 4765.8039488
        b:e:c:n 1277.4462929
        b:e:c:w 1119.0326374
        b:e:n:w 1944.5677206
        b:c:n:w 1364.9593641
        e:c:n:w 46147.6901585
