########################################
# legofit: estimate population history #
#       version 2.3.4-4-g53f8760       #
########################################

# Program was compiled: Sep 21 2021 14:36:42
# Program was run: Wed Sep 29 21:49:07 2021

# cmd: legofit -1 -d 0 -t 56 --ptsPerDim 3 --stateOut b1boot5.state --tol 3e-6 -S 5000 acdef2.lgo ../../chrX/boot_chrX/boot5.opf
# Stage nOptItr nSimReps
#     0    5000        0
# algorithm          : deterministic
# ignoring probs <=  : 0
# Branch length floor: 0
# DE strategy        : 2
#    F               : 0.3
#    CR              : 0.8
#    tolerance       : 3e-06
# nthreads           : 56
# lgo input file     : acdef2.lgo
# site pat input file: ../../chrX/boot_chrX/boot5.opf
# free parameters    : 19
# points in DE swarm : 57
# output state file  : b1boot5.state
# Including singleton site patterns.
# cost function      : KL
Initial parameter values
Fixed:
      zero = 0
       one = 1
    Tbecnw = 75200
Free:
       pc1 = 0
       pc2 = 0
       pc3 = 0
       pc4 = 0
       pc5 = 0
       pc6 = 0
       pc7 = 0
       pc8 = 0
       pc9 = 0
      pc10 = 0
      pc11 = 0
      pc12 = 0
      pc13 = 0
      pc14 = 0
      pc15 = 0
      pc16 = 0
      pc17 = 0
      pc18 = 0
      pc19 = 0
Constrained:
   Tgbecnw = 99155.9
     Tecnw = 27252.3
       Tnw = 22377.5
       Tec = 11240.1
     twoNb = 2.87681e+06
     twoNe = 125478
     twoNc = 3.64223e+06
     twoNn = 2.16678e+06
     twoNw = 1.3979e+08
    twoNec = 64101.6
    twoNnw = 12713.2
  twoNecnw = 63054.7
  twoNbecnw = 7830.67
  twoNgbecnw = 335789
         m = 0.0823544
        m3 = 0.189549
        m4 = 0.0170626
        m5 = 0.135388
        m6 = 0.0728978
        Ta = 43220
        Tc = 11188.7
        Td = 5594.36
        Te = 2797.18
        Tf = 1398.59
DiffEv reached_goal. cost=1.95384e-03 spread=2.76607e-06
Fitted parameter values
Free:
       pc1 = -3.92878
       pc2 = 1.66325
       pc3 = 1.28393
       pc4 = -1.96544
       pc5 = -1.43134
       pc6 = -0.909226
       pc7 = 0.120901
       pc8 = 1.51961
       pc9 = -0.615529
      pc10 = 0.699618
      pc11 = -1.81629
      pc12 = -0.153268
      pc13 = 0.384727
      pc14 = -0.261227
      pc15 = -0.478266
      pc16 = 0.10003
      pc17 = -0.0362538
      pc18 = 0.089502
      pc19 = -0.0660194
Constrained:
   Tgbecnw = 80330.8
     Tecnw = 25445.9
       Tnw = 23746.2
       Tec = 11876
     twoNb = 3.14803e+06
     twoNe = 537715
     twoNc = 1.10162e+07
     twoNn = 4.26634e+06
     twoNw = 2.04778e+08
    twoNec = 51985.2
    twoNnw = 4196.22
  twoNecnw = 65896.7
  twoNbecnw = 1744.09
  twoNgbecnw = 346642
         m = 0.0755434
        m3 = 0.209892
        m4 = 0.0181929
        m5 = 0.138727
        m6 = 0.0729765
        Ta = 43538
        Tc = 11873.1
        Td = 5936.54
        Te = 2968.27
        Tf = 1484.14
#       SitePat  BranchLen
              b 113149.8223615
              e 42911.7735507
              c 44689.7923633
              n 40892.6865767
              w 43307.0038805
            b:e 1131.8179999
            b:c 1344.8263353
            b:n 926.5866980
            b:w 1078.3600465
            e:c 11309.6894624
            e:n 4650.8411443
            e:w 4089.1664628
            c:n 4480.6373709
            c:w 3620.5996961
            n:w 11858.7507485
          b:e:c 1328.6448435
          b:e:n 554.6414521
          b:e:w 574.2574452
          b:c:n 575.1683373
          b:c:w 564.0391006
          b:n:w 1311.4543437
          e:c:n 4568.3597848
          e:c:w 3575.7548373
          e:n:w 5468.0603758
          c:n:w 4654.3096170
        b:e:c:n 1199.9057079
        b:e:c:w 1039.6456032
        b:e:n:w 1809.9709976
        b:c:n:w 1261.1565127
        e:c:n:w 43637.7682125
