########################################
# legofit: estimate population history #
#       version 2.3.4-4-g53f8760       #
########################################

# Program was compiled: Sep 21 2021 14:36:42
# Program was run: Wed Sep 29 21:49:15 2021

# cmd: legofit -1 -d 0 -t 56 --ptsPerDim 3 --stateOut b1boot17.state --tol 3e-6 -S 5000 acdef2.lgo ../../chrX/boot_chrX/boot17.opf
# Stage nOptItr nSimReps
#     0    5000        0
# algorithm          : deterministic
# ignoring probs <=  : 0
# Branch length floor: 0
# DE strategy        : 2
#    F               : 0.3
#    CR              : 0.8
#    tolerance       : 3e-06
# nthreads           : 56
# lgo input file     : acdef2.lgo
# site pat input file: ../../chrX/boot_chrX/boot17.opf
# free parameters    : 19
# points in DE swarm : 57
# output state file  : b1boot17.state
# Including singleton site patterns.
# cost function      : KL
Initial parameter values
Fixed:
      zero = 0
       one = 1
    Tbecnw = 75200
Free:
       pc1 = 0
       pc2 = 0
       pc3 = 0
       pc4 = 0
       pc5 = 0
       pc6 = 0
       pc7 = 0
       pc8 = 0
       pc9 = 0
      pc10 = 0
      pc11 = 0
      pc12 = 0
      pc13 = 0
      pc14 = 0
      pc15 = 0
      pc16 = 0
      pc17 = 0
      pc18 = 0
      pc19 = 0
Constrained:
   Tgbecnw = 99155.9
     Tecnw = 27252.3
       Tnw = 22377.5
       Tec = 11240.1
     twoNb = 2.87681e+06
     twoNe = 125478
     twoNc = 3.64223e+06
     twoNn = 2.16678e+06
     twoNw = 1.3979e+08
    twoNec = 64101.6
    twoNnw = 12713.2
  twoNecnw = 63054.7
  twoNbecnw = 7830.67
  twoNgbecnw = 335789
         m = 0.0823544
        m3 = 0.189549
        m4 = 0.0170626
        m5 = 0.135388
        m6 = 0.0728978
        Ta = 43220
        Tc = 11188.7
        Td = 5594.36
        Te = 2797.18
        Tf = 1398.59
DiffEv reached_goal. cost=1.99128e-03 spread=2.91361e-06
Fitted parameter values
Free:
       pc1 = -3.87616
       pc2 = 1.59814
       pc3 = 1.1554
       pc4 = -1.92728
       pc5 = -1.25365
       pc6 = -2.81043
       pc7 = 1.8433
       pc8 = 0.891802
       pc9 = -0.932399
      pc10 = 1.7495
      pc11 = -1.00597
      pc12 = 0.144778
      pc13 = -0.0801886
      pc14 = -0.250841
      pc15 = 0.144535
      pc16 = 0.200666
      pc17 = -0.131668
      pc18 = 0.0950963
      pc19 = -0.0397437
Constrained:
   Tgbecnw = 80205.3
     Tecnw = 25495.1
       Tnw = 23734.3
       Tec = 11961
     twoNb = 1.63662e+06
     twoNe = 1.22018e+06
     twoNc = 2.70226e+07
     twoNn = 2.82309e+06
     twoNw = 1.11221e+08
    twoNec = 51146.8
    twoNnw = 4542.08
  twoNecnw = 66401.3
  twoNbecnw = 1699.88
  twoNgbecnw = 345137
         m = 0.083114
        m3 = 0.192277
        m4 = 0.0181939
        m5 = 0.129847
        m6 = 0.0752375
        Ta = 43580.5
        Tc = 11867.1
        Td = 5933.57
        Te = 2966.78
        Tf = 1483.39
#       SitePat  BranchLen
              b 115362.4920475
              e 43094.9166799
              c 44712.6253211
              n 41270.4105921
              w 43549.0008966
            b:e 1127.5180387
            b:c 1349.9061048
            b:n 934.8281398
            b:w 1077.7387679
            e:c 11496.1039265
            e:n 4592.0580106
            e:w 4030.8532354
            c:n 4415.6110225
            c:w 3637.2497819
            n:w 11912.1937751
          b:e:c 1334.7167999
          b:e:n 552.6830324
          b:e:w 567.8577780
          b:c:n 568.9682038
          b:c:w 561.8796514
          b:n:w 1318.0428858
          e:c:n 4549.5725756
          e:c:w 3610.5482870
          e:n:w 5358.0960192
          c:n:w 4634.2067390
        b:e:c:n 1201.3257452
        b:e:c:w 1050.3289240
        b:e:n:w 1815.0464552
        b:c:n:w 1258.5823112
        e:c:n:w 45700.2894916
