########################################
# legofit: estimate population history #
#       version 2.3.4-4-g53f8760       #
########################################

# Program was compiled: Sep 21 2021 14:36:42
# Program was run: Wed Sep 29 21:50:44 2021

# cmd: legofit -1 -d 0 -t 56 --ptsPerDim 3 --stateOut b1boot44.state --tol 3e-6 -S 5000 acdef2.lgo ../../chrX/boot_chrX/boot44.opf
# Stage nOptItr nSimReps
#     0    5000        0
# algorithm          : deterministic
# ignoring probs <=  : 0
# Branch length floor: 0
# DE strategy        : 2
#    F               : 0.3
#    CR              : 0.8
#    tolerance       : 3e-06
# nthreads           : 56
# lgo input file     : acdef2.lgo
# site pat input file: ../../chrX/boot_chrX/boot44.opf
# free parameters    : 19
# points in DE swarm : 57
# output state file  : b1boot44.state
# Including singleton site patterns.
# cost function      : KL
Initial parameter values
Fixed:
      zero = 0
       one = 1
    Tbecnw = 75200
Free:
       pc1 = 0
       pc2 = 0
       pc3 = 0
       pc4 = 0
       pc5 = 0
       pc6 = 0
       pc7 = 0
       pc8 = 0
       pc9 = 0
      pc10 = 0
      pc11 = 0
      pc12 = 0
      pc13 = 0
      pc14 = 0
      pc15 = 0
      pc16 = 0
      pc17 = 0
      pc18 = 0
      pc19 = 0
Constrained:
   Tgbecnw = 99155.9
     Tecnw = 27252.3
       Tnw = 22377.5
       Tec = 11240.1
     twoNb = 2.87681e+06
     twoNe = 125478
     twoNc = 3.64223e+06
     twoNn = 2.16678e+06
     twoNw = 1.3979e+08
    twoNec = 64101.6
    twoNnw = 12713.2
  twoNecnw = 63054.7
  twoNbecnw = 7830.67
  twoNgbecnw = 335789
         m = 0.0823544
        m3 = 0.189549
        m4 = 0.0170626
        m5 = 0.135388
        m6 = 0.0728978
        Ta = 43220
        Tc = 11188.7
        Td = 5594.36
        Te = 2797.18
        Tf = 1398.59
DiffEv reached_goal. cost=1.93288e-03 spread=2.12652e-06
Fitted parameter values
Free:
       pc1 = -3.95507
       pc2 = 0.762554
       pc3 = 1.0629
       pc4 = -1.96826
       pc5 = -1.5467
       pc6 = -2.02051
       pc7 = 0.745
       pc8 = 1.68499
       pc9 = 0.642753
      pc10 = 1.40008
      pc11 = -0.989607
      pc12 = -0.266854
      pc13 = 0.50212
      pc14 = 0.123007
      pc15 = -0.11951
      pc16 = 0.220462
      pc17 = -0.0515711
      pc18 = -0.00747137
      pc19 = -0.0586657
Constrained:
   Tgbecnw = 83446.7
     Tecnw = 25494.7
       Tnw = 24112.8
       Tec = 12067
     twoNb = 3.65088e+06
     twoNe = 1.33591e+06
     twoNc = 2.28297e+07
     twoNn = 3.73192e+06
     twoNw = 2.59783e+08
    twoNec = 52835.1
    twoNnw = 3430.92
  twoNecnw = 66365.5
  twoNbecnw = 2784.93
  twoNgbecnw = 350181
         m = 0.0810359
        m3 = 0.197466
        m4 = 0.0178272
        m5 = 0.14656
        m6 = 0.0757562
        Ta = 43633.5
        Tc = 12056.4
        Td = 6028.2
        Te = 3014.1
        Tf = 1507.05
#       SitePat  BranchLen
              b 116069.5836152
              e 43334.3217757
              c 45215.5327847
              n 41192.3792942
              w 43386.3346479
            b:e 1172.3543338
            b:c 1395.8694972
            b:n 953.0805492
            b:w 1093.2922550
            e:c 11252.7872817
            e:n 4660.6649983
            e:w 4164.3934905
            c:n 4477.9602023
            c:w 3677.6995347
            n:w 11946.8578420
          b:e:c 1359.8916022
          b:e:n 571.2906610
          b:e:w 591.1076399
          b:c:n 592.2690637
          b:c:w 580.1139883
          b:n:w 1342.0582899
          e:c:n 4519.3600375
          e:c:w 3621.9368591
          e:n:w 5620.7244898
          c:n:w 4756.2420686
        b:e:c:n 1213.9484330
        b:e:c:w 1066.0748237
        b:e:n:w 1882.8503541
        b:c:n:w 1302.0204968
        e:c:n:w 46154.0989297
