########################################
# legofit: estimate population history #
#       version 2.3.4-4-g53f8760       #
########################################

# Program was compiled: Sep 21 2021 14:36:42
# Program was run: Wed Sep 29 21:49:16 2021

# cmd: legofit -1 -d 0 -t 56 --ptsPerDim 3 --stateOut b1boot12.state --tol 3e-6 -S 5000 acdef2.lgo ../../chrX/boot_chrX/boot12.opf
# Stage nOptItr nSimReps
#     0    5000        0
# algorithm          : deterministic
# ignoring probs <=  : 0
# Branch length floor: 0
# DE strategy        : 2
#    F               : 0.3
#    CR              : 0.8
#    tolerance       : 3e-06
# nthreads           : 56
# lgo input file     : acdef2.lgo
# site pat input file: ../../chrX/boot_chrX/boot12.opf
# free parameters    : 19
# points in DE swarm : 57
# output state file  : b1boot12.state
# Including singleton site patterns.
# cost function      : KL
Initial parameter values
Fixed:
      zero = 0
       one = 1
    Tbecnw = 75200
Free:
       pc1 = 0
       pc2 = 0
       pc3 = 0
       pc4 = 0
       pc5 = 0
       pc6 = 0
       pc7 = 0
       pc8 = 0
       pc9 = 0
      pc10 = 0
      pc11 = 0
      pc12 = 0
      pc13 = 0
      pc14 = 0
      pc15 = 0
      pc16 = 0
      pc17 = 0
      pc18 = 0
      pc19 = 0
Constrained:
   Tgbecnw = 99155.9
     Tecnw = 27252.3
       Tnw = 22377.5
       Tec = 11240.1
     twoNb = 2.87681e+06
     twoNe = 125478
     twoNc = 3.64223e+06
     twoNn = 2.16678e+06
     twoNw = 1.3979e+08
    twoNec = 64101.6
    twoNnw = 12713.2
  twoNecnw = 63054.7
  twoNbecnw = 7830.67
  twoNgbecnw = 335789
         m = 0.0823544
        m3 = 0.189549
        m4 = 0.0170626
        m5 = 0.135388
        m6 = 0.0728978
        Ta = 43220
        Tc = 11188.7
        Td = 5594.36
        Te = 2797.18
        Tf = 1398.59
DiffEv reached_goal. cost=2.01343e-03 spread=2.89197e-06
Fitted parameter values
Free:
       pc1 = -3.32752
       pc2 = 0.943883
       pc3 = 1.61328
       pc4 = -1.96054
       pc5 = -1.86629
       pc6 = -1.5688
       pc7 = -0.342886
       pc8 = 1.59887
       pc9 = 0.30005
      pc10 = -0.0803686
      pc11 = 0.129184
      pc12 = -0.0138793
      pc13 = -0.0240894
      pc14 = -0.394204
      pc15 = -0.212378
      pc16 = 0.299751
      pc17 = -0.0330173
      pc18 = 0.0825938
      pc19 = -0.0160015
Constrained:
   Tgbecnw = 84186.5
     Tecnw = 26210.9
       Tnw = 23667.2
       Tec = 11896.2
     twoNb = 2.91609e+06
     twoNe = 817197
     twoNc = 1.20732e+07
     twoNn = 1.86314e+06
     twoNw = 3.81242e+08
    twoNec = 51138.2
    twoNnw = 6304.52
  twoNecnw = 64500.7
  twoNbecnw = 2970.37
  twoNgbecnw = 371968
         m = 0.0752566
        m3 = 0.196719
        m4 = 0.0174157
        m5 = 0.150254
        m6 = 0.085285
        Ta = 43548.1
        Tc = 11833.6
        Td = 5916.81
        Te = 2958.4
        Tf = 1479.2
#       SitePat  BranchLen
              b 115998.4678015
              e 43027.6405784
              c 44787.6247530
              n 41201.5445790
              w 43544.2094621
            b:e 1149.7013906
            b:c 1363.0546619
            b:n 949.4504169
            b:w 1100.3159129
            e:c 11494.4228855
            e:n 4615.7059999
            e:w 4076.7946057
            c:n 4445.4825465
            c:w 3622.4254604
            n:w 11891.2932250
          b:e:c 1359.0730099
          b:e:n 561.3921813
          b:e:w 580.1632304
          b:c:n 581.0795516
          b:c:w 570.1110065
          b:n:w 1343.5897998
          e:c:n 4609.9756807
          e:c:w 3629.2792781
          e:n:w 5493.3330501
          c:n:w 4689.8169971
        b:e:c:n 1216.8563877
        b:e:c:w 1058.1883877
        b:e:n:w 1827.8702799
        b:c:n:w 1273.0062503
        e:c:n:w 46231.9234120
