########################################
# legofit: estimate population history #
#       version 2.3.4-4-g53f8760       #
########################################

# Program was compiled: Sep 21 2021 14:36:42
# Program was run: Wed Sep 29 21:50:13 2021

# cmd: legofit -1 -d 0 -t 56 --ptsPerDim 3 --stateOut b1boot34.state --tol 3e-6 -S 5000 acdef2.lgo ../../chrX/boot_chrX/boot34.opf
# Stage nOptItr nSimReps
#     0    5000        0
# algorithm          : deterministic
# ignoring probs <=  : 0
# Branch length floor: 0
# DE strategy        : 2
#    F               : 0.3
#    CR              : 0.8
#    tolerance       : 3e-06
# nthreads           : 56
# lgo input file     : acdef2.lgo
# site pat input file: ../../chrX/boot_chrX/boot34.opf
# free parameters    : 19
# points in DE swarm : 57
# output state file  : b1boot34.state
# Including singleton site patterns.
# cost function      : KL
Initial parameter values
Fixed:
      zero = 0
       one = 1
    Tbecnw = 75200
Free:
       pc1 = 0
       pc2 = 0
       pc3 = 0
       pc4 = 0
       pc5 = 0
       pc6 = 0
       pc7 = 0
       pc8 = 0
       pc9 = 0
      pc10 = 0
      pc11 = 0
      pc12 = 0
      pc13 = 0
      pc14 = 0
      pc15 = 0
      pc16 = 0
      pc17 = 0
      pc18 = 0
      pc19 = 0
Constrained:
   Tgbecnw = 99155.9
     Tecnw = 27252.3
       Tnw = 22377.5
       Tec = 11240.1
     twoNb = 2.87681e+06
     twoNe = 125478
     twoNc = 3.64223e+06
     twoNn = 2.16678e+06
     twoNw = 1.3979e+08
    twoNec = 64101.6
    twoNnw = 12713.2
  twoNecnw = 63054.7
  twoNbecnw = 7830.67
  twoNgbecnw = 335789
         m = 0.0823544
        m3 = 0.189549
        m4 = 0.0170626
        m5 = 0.135388
        m6 = 0.0728978
        Ta = 43220
        Tc = 11188.7
        Td = 5594.36
        Te = 2797.18
        Tf = 1398.59
DiffEv reached_goal. cost=1.84649e-03 spread=2.84383e-06
Fitted parameter values
Free:
       pc1 = -3.75495
       pc2 = 2.16543
       pc3 = 1.19005
       pc4 = -1.92193
       pc5 = -1.25317
       pc6 = -0.151619
       pc7 = 0.318415
       pc8 = 0.902121
       pc9 = -0.449634
      pc10 = 1.93227
      pc11 = 1.3246
      pc12 = 0.284237
      pc13 = 1.01632
      pc14 = -0.193942
      pc15 = 0.0748506
      pc16 = 0.367523
      pc17 = 0.00857077
      pc18 = 0.0640999
      pc19 = 0.0610841
Constrained:
   Tgbecnw = 82530.3
     Tecnw = 25100.9
       Tnw = 23362.7
       Tec = 11811.1
     twoNb = 2.19598e+06
     twoNe = 312438
     twoNc = 1.37786e+07
     twoNn = 4.68787e+06
     twoNw = 3.01669e+08
    twoNec = 55314.8
    twoNnw = 4796.98
  twoNecnw = 63771.9
  twoNbecnw = 2362.12
  twoNgbecnw = 394892
         m = 0.0715982
        m3 = 0.173903
        m4 = 0.0170404
        m5 = 0.139583
        m6 = 0.0426882
        Ta = 43505.6
        Tc = 11681.3
        Td = 5840.67
        Te = 2920.34
        Tf = 1460.17
#       SitePat  BranchLen
              b 115658.8691821
              e 42681.8580910
              c 44843.8119646
              n 41130.5136648
              w 43064.8622178
            b:e 1088.3050225
            b:c 1334.5898395
            b:n 925.5197656
            b:w 1044.2283133
            e:c 11221.8323931
            e:n 4564.2694019
            e:w 4162.5843565
            c:n 4326.0301218
            c:w 3580.3450490
            n:w 11764.9175803
          b:e:c 1287.8732985
          b:e:n 540.2596055
          b:e:w 560.5945821
          b:c:n 563.1293668
          b:c:w 549.1389011
          b:n:w 1272.3183341
          e:c:n 4474.7270929
          e:c:w 3687.7486582
          e:n:w 5536.5496891
          c:n:w 4532.5621319
        b:e:c:n 1156.3200895
        b:e:c:w 1031.2670308
        b:e:n:w 1802.2591758
        b:c:n:w 1207.0724675
        e:c:n:w 46225.2965694
