########################################
# legofit: estimate population history #
#       version 2.3.4-4-g53f8760       #
########################################

# Program was compiled: Sep 21 2021 14:36:42
# Program was run: Wed Sep 29 21:50:44 2021

# cmd: legofit -1 -d 0 -t 56 --ptsPerDim 3 --stateOut b1boot43.state --tol 3e-6 -S 5000 acdef2.lgo ../../chrX/boot_chrX/boot43.opf
# Stage nOptItr nSimReps
#     0    5000        0
# algorithm          : deterministic
# ignoring probs <=  : 0
# Branch length floor: 0
# DE strategy        : 2
#    F               : 0.3
#    CR              : 0.8
#    tolerance       : 3e-06
# nthreads           : 56
# lgo input file     : acdef2.lgo
# site pat input file: ../../chrX/boot_chrX/boot43.opf
# free parameters    : 19
# points in DE swarm : 57
# output state file  : b1boot43.state
# Including singleton site patterns.
# cost function      : KL
Initial parameter values
Fixed:
      zero = 0
       one = 1
    Tbecnw = 75200
Free:
       pc1 = 0
       pc2 = 0
       pc3 = 0
       pc4 = 0
       pc5 = 0
       pc6 = 0
       pc7 = 0
       pc8 = 0
       pc9 = 0
      pc10 = 0
      pc11 = 0
      pc12 = 0
      pc13 = 0
      pc14 = 0
      pc15 = 0
      pc16 = 0
      pc17 = 0
      pc18 = 0
      pc19 = 0
Constrained:
   Tgbecnw = 99155.9
     Tecnw = 27252.3
       Tnw = 22377.5
       Tec = 11240.1
     twoNb = 2.87681e+06
     twoNe = 125478
     twoNc = 3.64223e+06
     twoNn = 2.16678e+06
     twoNw = 1.3979e+08
    twoNec = 64101.6
    twoNnw = 12713.2
  twoNecnw = 63054.7
  twoNbecnw = 7830.67
  twoNgbecnw = 335789
         m = 0.0823544
        m3 = 0.189549
        m4 = 0.0170626
        m5 = 0.135388
        m6 = 0.0728978
        Ta = 43220
        Tc = 11188.7
        Td = 5594.36
        Te = 2797.18
        Tf = 1398.59
DiffEv reached_goal. cost=2.05682e-03 spread=2.74376e-06
Fitted parameter values
Free:
       pc1 = -3.92983
       pc2 = 0.933752
       pc3 = 1.73117
       pc4 = -1.98814
       pc5 = -1.95484
       pc6 = -2.59175
       pc7 = 1.53999
       pc8 = 1.88079
       pc9 = 0.352383
      pc10 = 1.75545
      pc11 = 0.0582191
      pc12 = -0.957416
      pc13 = 0.521678
      pc14 = 0.221353
      pc15 = -0.184179
      pc16 = 0.00422937
      pc17 = 0.0188929
      pc18 = 0.00856214
      pc19 = -0.0118071
Constrained:
   Tgbecnw = 82827
     Tecnw = 25475.5
       Tnw = 23733
       Tec = 11896.9
     twoNb = 2.31655e+06
     twoNe = 1.61847e+06
     twoNc = 2.9395e+07
     twoNn = 4.51155e+06
     twoNw = 3.16228e+08
    twoNec = 52824.2
    twoNnw = 4177.02
  twoNecnw = 67878.1
  twoNbecnw = 2542.66
  twoNgbecnw = 360284
         m = 0.0772849
        m3 = 0.189164
        m4 = 0.017747
        m5 = 0.1544
        m6 = 0.0800086
        Ta = 43548.5
        Tc = 11866.5
        Td = 5933.26
        Te = 2966.63
        Tf = 1483.31
#       SitePat  BranchLen
              b 115176.4877788
              e 43447.1704807
              c 45400.9271244
              n 41047.5544851
              w 43137.4063660
            b:e 1175.1859400
            b:c 1410.3115417
            b:n 940.4446892
            b:w 1072.7911821
            e:c 11303.8270309
            e:n 4626.0215749
            e:w 4165.3795061
            c:n 4429.2214412
            c:w 3651.2826628
            n:w 12219.4735753
          b:e:c 1370.0513063
          b:e:n 564.9053456
          b:e:w 585.2290524
          b:c:n 586.9165791
          b:c:w 574.0977174
          b:n:w 1349.8270609
          e:c:n 4407.8123607
          e:c:w 3556.5413269
          e:n:w 5692.1486736
          c:n:w 4776.6688430
        b:e:c:n 1196.6398122
        b:e:c:w 1056.7884742
        b:e:n:w 1883.4518760
        b:c:n:w 1310.0664437
        e:c:n:w 45222.0421350
