########################################
# legofit: estimate population history #
#       version 2.3.4-4-g53f8760       #
########################################

# Program was compiled: Sep 21 2021 14:36:42
# Program was run: Wed Sep 29 21:50:54 2021

# cmd: legofit -1 -d 0 -t 56 --ptsPerDim 3 --stateOut b1boot47.state --tol 3e-6 -S 5000 acdef2.lgo ../../chrX/boot_chrX/boot47.opf
# Stage nOptItr nSimReps
#     0    5000        0
# algorithm          : deterministic
# ignoring probs <=  : 0
# Branch length floor: 0
# DE strategy        : 2
#    F               : 0.3
#    CR              : 0.8
#    tolerance       : 3e-06
# nthreads           : 56
# lgo input file     : acdef2.lgo
# site pat input file: ../../chrX/boot_chrX/boot47.opf
# free parameters    : 19
# points in DE swarm : 57
# output state file  : b1boot47.state
# Including singleton site patterns.
# cost function      : KL
Initial parameter values
Fixed:
      zero = 0
       one = 1
    Tbecnw = 75200
Free:
       pc1 = 0
       pc2 = 0
       pc3 = 0
       pc4 = 0
       pc5 = 0
       pc6 = 0
       pc7 = 0
       pc8 = 0
       pc9 = 0
      pc10 = 0
      pc11 = 0
      pc12 = 0
      pc13 = 0
      pc14 = 0
      pc15 = 0
      pc16 = 0
      pc17 = 0
      pc18 = 0
      pc19 = 0
Constrained:
   Tgbecnw = 99155.9
     Tecnw = 27252.3
       Tnw = 22377.5
       Tec = 11240.1
     twoNb = 2.87681e+06
     twoNe = 125478
     twoNc = 3.64223e+06
     twoNn = 2.16678e+06
     twoNw = 1.3979e+08
    twoNec = 64101.6
    twoNnw = 12713.2
  twoNecnw = 63054.7
  twoNbecnw = 7830.67
  twoNgbecnw = 335789
         m = 0.0823544
        m3 = 0.189549
        m4 = 0.0170626
        m5 = 0.135388
        m6 = 0.0728978
        Ta = 43220
        Tc = 11188.7
        Td = 5594.36
        Te = 2797.18
        Tf = 1398.59
DiffEv reached_goal. cost=2.02944e-03 spread=2.93657e-06
Fitted parameter values
Free:
       pc1 = -3.348
       pc2 = 0.53851
       pc3 = 1.32343
       pc4 = -1.93794
       pc5 = -1.84322
       pc6 = -1.01184
       pc7 = 1.05942
       pc8 = 1.70309
       pc9 = -1.43887
      pc10 = 1.40214
      pc11 = 0.170127
      pc12 = -0.0709484
      pc13 = 0.572407
      pc14 = 0.0495732
      pc15 = -0.0881691
      pc16 = 0.0665986
      pc17 = -0.0611599
      pc18 = 0.0699202
      pc19 = 0.00581137
Constrained:
   Tgbecnw = 83202.8
     Tecnw = 25658
       Tnw = 23809.1
       Tec = 11994.1
     twoNb = 1.56584e+06
     twoNe = 715638
     twoNc = 1.34344e+07
     twoNn = 5.51199e+06
     twoNw = 2.57268e+08
    twoNec = 53318.9
    twoNnw = 4803.81
  twoNecnw = 65738.8
  twoNbecnw = 2679.96
  twoNgbecnw = 339695
         m = 0.0825441
        m3 = 0.181028
        m4 = 0.0182197
        m5 = 0.151187
        m6 = 0.0757413
        Ta = 43597
        Tc = 11904.5
        Td = 5952.27
        Te = 2976.13
        Tf = 1488.07
#       SitePat  BranchLen
              b 115080.1591398
              e 43264.6015202
              c 45174.5865482
              n 41367.9355407
              w 43383.8770768
            b:e 1101.1307149
            b:c 1345.2365844
            b:n 910.6269734
            b:w 1032.9668226
            e:c 11190.0385173
            e:n 4596.8813758
            e:w 4144.1916035
            c:n 4388.8084780
            c:w 3646.3096300
            n:w 11808.4431507
          b:e:c 1282.5222755
          b:e:n 540.6158260
          b:e:w 558.3783246
          b:c:n 560.4280484
          b:c:w 549.3121374
          b:n:w 1265.7704458
          e:c:n 4425.6151778
          e:c:w 3604.8622621
          e:n:w 5525.3987893
          c:n:w 4638.5067337
        b:e:c:n 1146.9313577
        b:e:c:w 1017.9449210
        b:e:n:w 1795.1408862
        b:c:n:w 1223.1507683
        e:c:n:w 45216.0617862
