########################################
# legofit: estimate population history #
#       version 2.3.4-4-g53f8760       #
########################################

# Program was compiled: Sep 21 2021 14:36:42
# Program was run: Wed Sep 29 21:50:13 2021

# cmd: legofit -1 -d 0 -t 56 --ptsPerDim 3 --stateOut b1boot33.state --tol 3e-6 -S 5000 acdef2.lgo ../../chrX/boot_chrX/boot33.opf
# Stage nOptItr nSimReps
#     0    5000        0
# algorithm          : deterministic
# ignoring probs <=  : 0
# Branch length floor: 0
# DE strategy        : 2
#    F               : 0.3
#    CR              : 0.8
#    tolerance       : 3e-06
# nthreads           : 56
# lgo input file     : acdef2.lgo
# site pat input file: ../../chrX/boot_chrX/boot33.opf
# free parameters    : 19
# points in DE swarm : 57
# output state file  : b1boot33.state
# Including singleton site patterns.
# cost function      : KL
Initial parameter values
Fixed:
      zero = 0
       one = 1
    Tbecnw = 75200
Free:
       pc1 = 0
       pc2 = 0
       pc3 = 0
       pc4 = 0
       pc5 = 0
       pc6 = 0
       pc7 = 0
       pc8 = 0
       pc9 = 0
      pc10 = 0
      pc11 = 0
      pc12 = 0
      pc13 = 0
      pc14 = 0
      pc15 = 0
      pc16 = 0
      pc17 = 0
      pc18 = 0
      pc19 = 0
Constrained:
   Tgbecnw = 99155.9
     Tecnw = 27252.3
       Tnw = 22377.5
       Tec = 11240.1
     twoNb = 2.87681e+06
     twoNe = 125478
     twoNc = 3.64223e+06
     twoNn = 2.16678e+06
     twoNw = 1.3979e+08
    twoNec = 64101.6
    twoNnw = 12713.2
  twoNecnw = 63054.7
  twoNbecnw = 7830.67
  twoNgbecnw = 335789
         m = 0.0823544
        m3 = 0.189549
        m4 = 0.0170626
        m5 = 0.135388
        m6 = 0.0728978
        Ta = 43220
        Tc = 11188.7
        Td = 5594.36
        Te = 2797.18
        Tf = 1398.59
DiffEv reached_goal. cost=2.02747e-03 spread=2.91524e-06
Fitted parameter values
Free:
       pc1 = -3.97949
       pc2 = 0.607879
       pc3 = 1.33332
       pc4 = -1.99054
       pc5 = -1.94946
       pc6 = -1.60718
       pc7 = 0.775254
       pc8 = 0.576381
       pc9 = 1.04716
      pc10 = 1.27882
      pc11 = 0.246476
      pc12 = -0.0767069
      pc13 = -0.436741
      pc14 = 0.0296639
      pc15 = 0.155113
      pc16 = 0.192265
      pc17 = -0.0390628
      pc18 = -0.00730073
      pc19 = -0.0456633
Constrained:
   Tgbecnw = 84349.5
     Tecnw = 25916.1
       Tnw = 24225.7
       Tec = 12139.8
     twoNb = 3.26818e+06
     twoNe = 980799
     twoNc = 2.34838e+07
     twoNn = 3.08726e+06
     twoNw = 3.00777e+08
    twoNec = 52495
    twoNnw = 4081.77
  twoNecnw = 65513.2
  twoNbecnw = 3034.5
  twoNgbecnw = 371275
         m = 0.0788789
        m3 = 0.184891
        m4 = 0.0158602
        m5 = 0.139583
        m6 = 0.0853186
        Ta = 43669.9
        Tc = 12112.9
        Td = 6056.43
        Te = 3028.22
        Tf = 1514.11
#       SitePat  BranchLen
              b 117346.4464775
              e 43515.3285230
              c 45089.4216874
              n 41215.4846522
              w 43316.3070379
            b:e 1193.8647128
            b:c 1387.0032716
            b:n 954.6244625
            b:w 1090.7963242
            e:c 11447.9677799
            e:n 4540.1328063
            e:w 4032.9929156
            c:n 4379.4510144
            c:w 3653.1676378
            n:w 12156.5532296
          b:e:c 1393.8018325
          b:e:n 567.7804500
          b:e:w 583.0778353
          b:c:n 583.6816381
          b:c:w 575.6255815
          b:n:w 1375.8078959
          e:c:n 4473.2258144
          e:c:w 3605.8266960
          e:n:w 5567.4333513
          c:n:w 4850.6270184
        b:e:c:n 1208.9019438
        b:e:c:w 1065.4887533
        b:e:n:w 1840.4864815
        b:c:n:w 1322.1191374
        e:c:n:w 47453.1969914
