########################################
# legofit: estimate population history #
#       version 2.3.4-4-g53f8760       #
########################################

# Program was compiled: Sep 21 2021 14:36:42
# Program was run: Wed Sep 29 21:50:14 2021

# cmd: legofit -1 -d 0 -t 56 --ptsPerDim 3 --stateOut b1boot32.state --tol 3e-6 -S 5000 acdef2.lgo ../../chrX/boot_chrX/boot32.opf
# Stage nOptItr nSimReps
#     0    5000        0
# algorithm          : deterministic
# ignoring probs <=  : 0
# Branch length floor: 0
# DE strategy        : 2
#    F               : 0.3
#    CR              : 0.8
#    tolerance       : 3e-06
# nthreads           : 56
# lgo input file     : acdef2.lgo
# site pat input file: ../../chrX/boot_chrX/boot32.opf
# free parameters    : 19
# points in DE swarm : 57
# output state file  : b1boot32.state
# Including singleton site patterns.
# cost function      : KL
Initial parameter values
Fixed:
      zero = 0
       one = 1
    Tbecnw = 75200
Free:
       pc1 = 0
       pc2 = 0
       pc3 = 0
       pc4 = 0
       pc5 = 0
       pc6 = 0
       pc7 = 0
       pc8 = 0
       pc9 = 0
      pc10 = 0
      pc11 = 0
      pc12 = 0
      pc13 = 0
      pc14 = 0
      pc15 = 0
      pc16 = 0
      pc17 = 0
      pc18 = 0
      pc19 = 0
Constrained:
   Tgbecnw = 99155.9
     Tecnw = 27252.3
       Tnw = 22377.5
       Tec = 11240.1
     twoNb = 2.87681e+06
     twoNe = 125478
     twoNc = 3.64223e+06
     twoNn = 2.16678e+06
     twoNw = 1.3979e+08
    twoNec = 64101.6
    twoNnw = 12713.2
  twoNecnw = 63054.7
  twoNbecnw = 7830.67
  twoNgbecnw = 335789
         m = 0.0823544
        m3 = 0.189549
        m4 = 0.0170626
        m5 = 0.135388
        m6 = 0.0728978
        Ta = 43220
        Tc = 11188.7
        Td = 5594.36
        Te = 2797.18
        Tf = 1398.59
DiffEv reached_goal. cost=1.91477e-03 spread=2.77792e-06
Fitted parameter values
Free:
       pc1 = -3.95335
       pc2 = -0.727088
       pc3 = 1.76309
       pc4 = -1.97414
       pc5 = -1.63694
       pc6 = -0.104182
       pc7 = 0.257117
       pc8 = 1.82723
       pc9 = -1.29978
      pc10 = 0.501574
      pc11 = 1.57844
      pc12 = 0.186161
      pc13 = -0.150686
      pc14 = -0.0447266
      pc15 = -0.0663306
      pc16 = -0.00494679
      pc17 = 0.0237713
      pc18 = 0.0848946
      pc19 = -0.00489746
Constrained:
   Tgbecnw = 87128.4
     Tecnw = 25917.4
       Tnw = 24825.8
       Tec = 12463.2
     twoNb = 1.66096e+06
     twoNe = 352918
     twoNc = 2.87083e+06
     twoNn = 4.8185e+06
     twoNw = 3.74155e+08
    twoNec = 49879.6
    twoNnw = 2812.23
  twoNecnw = 66212.5
  twoNbecnw = 3907.62
  twoNgbecnw = 363087
         m = 0.078375
        m3 = 0.168066
        m4 = 0.0174041
        m5 = 0.155532
        m6 = 0.09012
        Ta = 43831.6
        Tc = 12412.9
        Td = 6206.45
        Te = 3103.23
        Tf = 1551.61
#       SitePat  BranchLen
              b 116637.1387329
              e 43600.1483264
              c 45343.8746254
              n 41775.8592786
              w 43698.9717053
            b:e 1159.6405957
            b:c 1387.4767660
            b:n 955.2721862
            b:w 1077.4898317
            e:c 11419.5700122
            e:n 4568.3391641
            e:w 4123.4213390
            c:n 4374.9954614
            c:w 3693.6617875
            n:w 11897.8267227
          b:e:c 1353.9564814
          b:e:n 563.0819356
          b:e:w 578.6119800
          b:c:n 580.3558980
          b:c:w 571.1957748
          b:n:w 1337.4351758
          e:c:n 4468.9275187
          e:c:w 3672.0665908
          e:n:w 5573.8602596
          c:n:w 4766.5248058
        b:e:c:n 1193.0006509
        b:e:c:w 1064.4130842
        b:e:n:w 1834.5404950
        b:c:n:w 1283.5588813
        e:c:n:w 46403.5901310
