########################################
# legofit: estimate population history #
#       version 2.3.4-4-g53f8760       #
########################################

# Program was compiled: Sep 21 2021 14:36:42
# Program was run: Wed Sep 29 21:49:16 2021

# cmd: legofit -1 -d 0 -t 56 --ptsPerDim 3 --stateOut b1boot16.state --tol 3e-6 -S 5000 acdef2.lgo ../../chrX/boot_chrX/boot16.opf
# Stage nOptItr nSimReps
#     0    5000        0
# algorithm          : deterministic
# ignoring probs <=  : 0
# Branch length floor: 0
# DE strategy        : 2
#    F               : 0.3
#    CR              : 0.8
#    tolerance       : 3e-06
# nthreads           : 56
# lgo input file     : acdef2.lgo
# site pat input file: ../../chrX/boot_chrX/boot16.opf
# free parameters    : 19
# points in DE swarm : 57
# output state file  : b1boot16.state
# Including singleton site patterns.
# cost function      : KL
Initial parameter values
Fixed:
      zero = 0
       one = 1
    Tbecnw = 75200
Free:
       pc1 = 0
       pc2 = 0
       pc3 = 0
       pc4 = 0
       pc5 = 0
       pc6 = 0
       pc7 = 0
       pc8 = 0
       pc9 = 0
      pc10 = 0
      pc11 = 0
      pc12 = 0
      pc13 = 0
      pc14 = 0
      pc15 = 0
      pc16 = 0
      pc17 = 0
      pc18 = 0
      pc19 = 0
Constrained:
   Tgbecnw = 99155.9
     Tecnw = 27252.3
       Tnw = 22377.5
       Tec = 11240.1
     twoNb = 2.87681e+06
     twoNe = 125478
     twoNc = 3.64223e+06
     twoNn = 2.16678e+06
     twoNw = 1.3979e+08
    twoNec = 64101.6
    twoNnw = 12713.2
  twoNecnw = 63054.7
  twoNbecnw = 7830.67
  twoNgbecnw = 335789
         m = 0.0823544
        m3 = 0.189549
        m4 = 0.0170626
        m5 = 0.135388
        m6 = 0.0728978
        Ta = 43220
        Tc = 11188.7
        Td = 5594.36
        Te = 2797.18
        Tf = 1398.59
DiffEv reached_goal. cost=1.96971e-03 spread=2.97674e-06
Fitted parameter values
Free:
       pc1 = -3.27651
       pc2 = -0.377536
       pc3 = 1.92342
       pc4 = -1.99077
       pc5 = -1.85876
       pc6 = -0.871795
       pc7 = 1.508
       pc8 = 1.30513
       pc9 = 0.0918196
      pc10 = -1.95416
      pc11 = -0.954597
      pc12 = -0.0705302
      pc13 = 0.179967
      pc14 = -0.184123
      pc15 = 0.0496815
      pc16 = -0.0998639
      pc17 = -0.01207
      pc18 = 0.0426925
      pc19 = -0.0542694
Constrained:
   Tgbecnw = 86033.1
     Tecnw = 27077.6
       Tnw = 24733.6
       Tec = 12370.3
     twoNb = 2.13763e+06
     twoNe = 1.42504e+06
     twoNc = 3.29805e+06
     twoNn = 2.72835e+06
     twoNw = 1.93537e+08
    twoNec = 50883.9
    twoNnw = 5175.52
  twoNecnw = 66156
  twoNbecnw = 3636.35
  twoNgbecnw = 349363
         m = 0.0793913
        m3 = 0.208775
        m4 = 0.0160952
        m5 = 0.172264
        m6 = 0.10038
        Ta = 43785.1
        Tc = 12366.8
        Td = 6183.4
        Te = 3091.7
        Tf = 1545.85
#       SitePat  BranchLen
              b 115988.7463321
              e 43765.4100421
              c 45606.2632513
              n 41416.0425495
              w 43821.7939014
            b:e 1192.7741222
            b:c 1420.2575351
            b:n 943.5190119
            b:w 1100.6335355
            e:c 11377.1908436
            e:n 4623.8466493
            e:w 4106.7330441
            c:n 4477.7485423
            c:w 3593.2913895
            n:w 12056.8406941
          b:e:c 1397.5598578
          b:e:n 568.9639483
          b:e:w 592.8632332
          b:c:n 593.6748395
          b:c:w 577.9632653
          b:n:w 1378.8854885
          e:c:n 4505.4190227
          e:c:w 3501.2384289
          e:n:w 5695.2273212
          c:n:w 4799.9405728
        b:e:c:n 1219.3367470
        b:e:c:w 1054.0345127
        b:e:n:w 1844.4735112
        b:c:n:w 1321.1523861
        e:c:n:w 45749.7671318
