########################################
# legofit: estimate population history #
#       version 2.3.4-4-g53f8760       #
########################################

# Program was compiled: Sep 21 2021 14:36:42
# Program was run: Wed Sep 29 21:49:29 2021

# cmd: legofit -1 -d 0 -t 56 --ptsPerDim 3 --stateOut b1boot20.state --tol 3e-6 -S 5000 acdef2.lgo ../../chrX/boot_chrX/boot20.opf
# Stage nOptItr nSimReps
#     0    5000        0
# algorithm          : deterministic
# ignoring probs <=  : 0
# Branch length floor: 0
# DE strategy        : 2
#    F               : 0.3
#    CR              : 0.8
#    tolerance       : 3e-06
# nthreads           : 56
# lgo input file     : acdef2.lgo
# site pat input file: ../../chrX/boot_chrX/boot20.opf
# free parameters    : 19
# points in DE swarm : 57
# output state file  : b1boot20.state
# Including singleton site patterns.
# cost function      : KL
Initial parameter values
Fixed:
      zero = 0
       one = 1
    Tbecnw = 75200
Free:
       pc1 = 0
       pc2 = 0
       pc3 = 0
       pc4 = 0
       pc5 = 0
       pc6 = 0
       pc7 = 0
       pc8 = 0
       pc9 = 0
      pc10 = 0
      pc11 = 0
      pc12 = 0
      pc13 = 0
      pc14 = 0
      pc15 = 0
      pc16 = 0
      pc17 = 0
      pc18 = 0
      pc19 = 0
Constrained:
   Tgbecnw = 99155.9
     Tecnw = 27252.3
       Tnw = 22377.5
       Tec = 11240.1
     twoNb = 2.87681e+06
     twoNe = 125478
     twoNc = 3.64223e+06
     twoNn = 2.16678e+06
     twoNw = 1.3979e+08
    twoNec = 64101.6
    twoNnw = 12713.2
  twoNecnw = 63054.7
  twoNbecnw = 7830.67
  twoNgbecnw = 335789
         m = 0.0823544
        m3 = 0.189549
        m4 = 0.0170626
        m5 = 0.135388
        m6 = 0.0728978
        Ta = 43220
        Tc = 11188.7
        Td = 5594.36
        Te = 2797.18
        Tf = 1398.59
DiffEv reached_goal. cost=1.99889e-03 spread=2.42965e-06
Fitted parameter values
Free:
       pc1 = -3.97909
       pc2 = 0.603661
       pc3 = 1.6613
       pc4 = -1.99168
       pc5 = -1.86522
       pc6 = -1.82758
       pc7 = -0.282392
       pc8 = 1.67041
       pc9 = -1.16607
      pc10 = 0.312396
      pc11 = -0.411953
      pc12 = -0.385702
      pc13 = -0.0787979
      pc14 = 0.238995
      pc15 = -0.293428
      pc16 = 0.0944515
      pc17 = -0.0625726
      pc18 = 0.0689619
      pc19 = -0.0448345
Constrained:
   Tgbecnw = 81913.6
     Tecnw = 25605.8
       Tnw = 24100.9
       Tec = 12087.3
     twoNb = 2.18878e+06
     twoNe = 365349
     twoNc = 1.23439e+07
     twoNn = 2.64086e+06
     twoNw = 3.37744e+08
    twoNec = 51651.6
    twoNnw = 3639.85
  twoNecnw = 67036.5
  twoNbecnw = 2266.86
  twoNgbecnw = 350792
         m = 0.0806459
        m3 = 0.196812
        m4 = 0.0184489
        m5 = 0.149951
        m6 = 0.0946619
        Ta = 43643.7
        Tc = 12050.4
        Td = 6025.22
        Te = 3012.61
        Tf = 1506.3
#       SitePat  BranchLen
              b 115492.5110374
              e 43449.6845447
              c 45115.0755708
              n 41087.9061582
              w 43256.8166812
            b:e 1173.5912803
            b:c 1390.3680372
            b:n 937.6852736
            b:w 1074.9550185
            e:c 11186.0073064
            e:n 4645.8410854
            e:w 4121.6375541
            c:n 4473.6388724
            c:w 3716.2192520
            n:w 11943.2126812
          b:e:c 1347.8830418
          b:e:n 567.5875196
          b:e:w 583.6842212
          b:c:n 584.7950096
          b:c:w 576.4021420
          b:n:w 1328.6936036
          e:c:n 4457.2958523
          e:c:w 3570.0084810
          e:n:w 5576.4645635
          c:n:w 4822.5801744
        b:e:c:n 1197.5859065
        b:e:c:w 1052.6123276
        b:e:n:w 1867.1853805
        b:c:n:w 1306.5969841
        e:c:n:w 45685.0678255
