########################################
# legofit: estimate population history #
#       version 2.3.4-4-g53f8760       #
########################################

# Program was compiled: Sep 21 2021 14:36:42
# Program was run: Wed Sep 29 21:49:21 2021

# cmd: legofit -1 -d 0 -t 56 --ptsPerDim 3 --stateOut b1boot18.state --tol 3e-6 -S 5000 acdef2.lgo ../../chrX/boot_chrX/boot18.opf
# Stage nOptItr nSimReps
#     0    5000        0
# algorithm          : deterministic
# ignoring probs <=  : 0
# Branch length floor: 0
# DE strategy        : 2
#    F               : 0.3
#    CR              : 0.8
#    tolerance       : 3e-06
# nthreads           : 56
# lgo input file     : acdef2.lgo
# site pat input file: ../../chrX/boot_chrX/boot18.opf
# free parameters    : 19
# points in DE swarm : 57
# output state file  : b1boot18.state
# Including singleton site patterns.
# cost function      : KL
Initial parameter values
Fixed:
      zero = 0
       one = 1
    Tbecnw = 75200
Free:
       pc1 = 0
       pc2 = 0
       pc3 = 0
       pc4 = 0
       pc5 = 0
       pc6 = 0
       pc7 = 0
       pc8 = 0
       pc9 = 0
      pc10 = 0
      pc11 = 0
      pc12 = 0
      pc13 = 0
      pc14 = 0
      pc15 = 0
      pc16 = 0
      pc17 = 0
      pc18 = 0
      pc19 = 0
Constrained:
   Tgbecnw = 99155.9
     Tecnw = 27252.3
       Tnw = 22377.5
       Tec = 11240.1
     twoNb = 2.87681e+06
     twoNe = 125478
     twoNc = 3.64223e+06
     twoNn = 2.16678e+06
     twoNw = 1.3979e+08
    twoNec = 64101.6
    twoNnw = 12713.2
  twoNecnw = 63054.7
  twoNbecnw = 7830.67
  twoNgbecnw = 335789
         m = 0.0823544
        m3 = 0.189549
        m4 = 0.0170626
        m5 = 0.135388
        m6 = 0.0728978
        Ta = 43220
        Tc = 11188.7
        Td = 5594.36
        Te = 2797.18
        Tf = 1398.59
DiffEv reached_goal. cost=2.00097e-03 spread=2.91025e-06
Fitted parameter values
Free:
       pc1 = -3.9737
       pc2 = 0.533541
       pc3 = 1.97631
       pc4 = -1.96657
       pc5 = -1.99353
       pc6 = -2.355
       pc7 = -0.126877
       pc8 = 1.92616
       pc9 = -0.761517
      pc10 = -1.90696
      pc11 = -1.25966
      pc12 = -0.0705748
      pc13 = 0.266471
      pc14 = 0.279994
      pc15 = -0.192834
      pc16 = 0.211167
      pc17 = -0.1377
      pc18 = 0.105616
      pc19 = -0.0311663
Constrained:
   Tgbecnw = 81692.7
     Tecnw = 26159.5
       Tnw = 24621.5
       Tec = 12398.1
     twoNb = 2.01853e+06
     twoNe = 912821
     twoNc = 6.72322e+06
     twoNn = 201897
     twoNw = 3.14061e+08
    twoNec = 50675.3
    twoNnw = 3622.04
  twoNecnw = 66308.6
  twoNbecnw = 2195.25
  twoNgbecnw = 353783
         m = 0.0811008
        m3 = 0.21909
        m4 = 0.0182535
        m5 = 0.168161
        m6 = 0.102889
        Ta = 43799.1
        Tc = 12310.7
        Td = 6155.37
        Te = 3077.68
        Tf = 1538.84
#       SitePat  BranchLen
              b 115983.5248596
              e 43438.8231311
              c 45222.4207488
              n 41192.3295828
              w 43574.9276406
            b:e 1171.0475814
            b:c 1402.0889841
            b:n 939.3344346
            b:w 1091.6989680
            e:c 10957.0506888
            e:n 4731.1504900
            e:w 4190.2046184
            c:n 4578.0489091
            c:w 3716.5066389
            n:w 11588.2843443
          b:e:c 1332.7932062
          b:e:n 575.5619827
          b:e:w 596.8352359
          b:c:n 597.9203681
          b:c:w 585.0677819
          b:n:w 1314.2438414
          e:c:n 4528.5295517
          e:c:w 3548.4196358
          e:n:w 5604.3271786
          c:n:w 4775.8352379
        b:e:c:n 1214.6659287
        b:e:c:w 1053.8807284
        b:e:n:w 1872.9966643
        b:c:n:w 1303.0581077
        e:c:n:w 46218.4321567
