########################################
# legofit: estimate population history #
#       version 2.3.4-4-g53f8760       #
########################################

# Program was compiled: Sep 21 2021 14:36:42
# Program was run: Wed Sep 29 21:49:16 2021

# cmd: legofit -1 -d 0 -t 56 --ptsPerDim 3 --stateOut b1boot13.state --tol 3e-6 -S 5000 acdef2.lgo ../../chrX/boot_chrX/boot13.opf
# Stage nOptItr nSimReps
#     0    5000        0
# algorithm          : deterministic
# ignoring probs <=  : 0
# Branch length floor: 0
# DE strategy        : 2
#    F               : 0.3
#    CR              : 0.8
#    tolerance       : 3e-06
# nthreads           : 56
# lgo input file     : acdef2.lgo
# site pat input file: ../../chrX/boot_chrX/boot13.opf
# free parameters    : 19
# points in DE swarm : 57
# output state file  : b1boot13.state
# Including singleton site patterns.
# cost function      : KL
Initial parameter values
Fixed:
      zero = 0
       one = 1
    Tbecnw = 75200
Free:
       pc1 = 0
       pc2 = 0
       pc3 = 0
       pc4 = 0
       pc5 = 0
       pc6 = 0
       pc7 = 0
       pc8 = 0
       pc9 = 0
      pc10 = 0
      pc11 = 0
      pc12 = 0
      pc13 = 0
      pc14 = 0
      pc15 = 0
      pc16 = 0
      pc17 = 0
      pc18 = 0
      pc19 = 0
Constrained:
   Tgbecnw = 99155.9
     Tecnw = 27252.3
       Tnw = 22377.5
       Tec = 11240.1
     twoNb = 2.87681e+06
     twoNe = 125478
     twoNc = 3.64223e+06
     twoNn = 2.16678e+06
     twoNw = 1.3979e+08
    twoNec = 64101.6
    twoNnw = 12713.2
  twoNecnw = 63054.7
  twoNbecnw = 7830.67
  twoNgbecnw = 335789
         m = 0.0823544
        m3 = 0.189549
        m4 = 0.0170626
        m5 = 0.135388
        m6 = 0.0728978
        Ta = 43220
        Tc = 11188.7
        Td = 5594.36
        Te = 2797.18
        Tf = 1398.59
DiffEv reached_goal. cost=1.91482e-03 spread=2.30881e-06
Fitted parameter values
Free:
       pc1 = -3.9983
       pc2 = 2.09367
       pc3 = 1.96253
       pc4 = -1.88976
       pc5 = -1.89578
       pc6 = -2.19828
       pc7 = 0.759504
       pc8 = 1.94599
       pc9 = -0.224447
      pc10 = -1.65555
      pc11 = -1.22662
      pc12 = 0.340433
      pc13 = 0.338549
      pc14 = -0.299914
      pc15 = 0.235587
      pc16 = 0.109654
      pc17 = -0.0702656
      pc18 = 0.0773282
      pc19 = -0.0465114
Constrained:
   Tgbecnw = 78958.6
     Tecnw = 26394.7
       Tnw = 24431
       Tec = 12268.6
     twoNb = 1.62385e+06
     twoNe = 1.52446e+06
     twoNc = 9.81859e+06
     twoNn = 656424
     twoNw = 2.67182e+08
    twoNec = 51074.5
    twoNnw = 4474.25
  twoNecnw = 64740.5
  twoNbecnw = 1259.99
  twoNgbecnw = 377832
         m = 0.0738961
        m3 = 0.222016
        m4 = 0.0177429
        m5 = 0.154231
        m6 = 0.0817347
        Ta = 43734.3
        Tc = 12215.5
        Td = 6107.75
        Te = 3053.88
        Tf = 1526.94
#       SitePat  BranchLen
              b 114999.8057324
              e 43068.0709815
              c 44948.5313115
              n 40911.3430080
              w 43472.0150386
            b:e 1157.0151587
            b:c 1403.1238035
            b:n 929.7459394
            b:w 1096.2835866
            e:c 11243.2901418
            e:n 4610.3991672
            e:w 4047.8454040
            c:n 4461.5174079
            c:w 3527.6546459
            n:w 11819.0693187
          b:e:c 1368.5820477
          b:e:n 560.4312141
          b:e:w 584.9645164
          b:c:n 586.2579321
          b:c:w 571.0080899
          b:n:w 1349.1073453
          e:c:n 4549.1108448
          e:c:w 3484.8553394
          e:n:w 5551.6507259
          c:n:w 4652.1321322
        b:e:c:n 1220.6119580
        b:e:c:w 1044.7908506
        b:e:n:w 1860.0895988
        b:c:n:w 1290.2413566
        e:c:n:w 45670.3512682
