########################################
# legofit: estimate population history #
#       version 2.3.4-4-g53f8760       #
########################################

# Program was compiled: Sep 21 2021 14:36:42
# Program was run: Wed Sep 29 21:48:55 2021

# cmd: legofit -1 -d 0 -t 56 --ptsPerDim 3 --stateOut b1boot3.state --tol 3e-6 -S 5000 acdef2.lgo ../../chrX/boot_chrX/boot3.opf
# Stage nOptItr nSimReps
#     0    5000        0
# algorithm          : deterministic
# ignoring probs <=  : 0
# Branch length floor: 0
# DE strategy        : 2
#    F               : 0.3
#    CR              : 0.8
#    tolerance       : 3e-06
# nthreads           : 56
# lgo input file     : acdef2.lgo
# site pat input file: ../../chrX/boot_chrX/boot3.opf
# free parameters    : 19
# points in DE swarm : 57
# output state file  : b1boot3.state
# Including singleton site patterns.
# cost function      : KL
Initial parameter values
Fixed:
      zero = 0
       one = 1
    Tbecnw = 75200
Free:
       pc1 = 0
       pc2 = 0
       pc3 = 0
       pc4 = 0
       pc5 = 0
       pc6 = 0
       pc7 = 0
       pc8 = 0
       pc9 = 0
      pc10 = 0
      pc11 = 0
      pc12 = 0
      pc13 = 0
      pc14 = 0
      pc15 = 0
      pc16 = 0
      pc17 = 0
      pc18 = 0
      pc19 = 0
Constrained:
   Tgbecnw = 99155.9
     Tecnw = 27252.3
       Tnw = 22377.5
       Tec = 11240.1
     twoNb = 2.87681e+06
     twoNe = 125478
     twoNc = 3.64223e+06
     twoNn = 2.16678e+06
     twoNw = 1.3979e+08
    twoNec = 64101.6
    twoNnw = 12713.2
  twoNecnw = 63054.7
  twoNbecnw = 7830.67
  twoNgbecnw = 335789
         m = 0.0823544
        m3 = 0.189549
        m4 = 0.0170626
        m5 = 0.135388
        m6 = 0.0728978
        Ta = 43220
        Tc = 11188.7
        Td = 5594.36
        Te = 2797.18
        Tf = 1398.59
DiffEv reached_goal. cost=1.95857e-03 spread=2.64725e-06
Fitted parameter values
Free:
       pc1 = -3.9468
       pc2 = 1.54546
       pc3 = 1.38357
       pc4 = -1.97081
       pc5 = -1.79301
       pc6 = -1.93684
       pc7 = -0.623604
       pc8 = 1.87534
       pc9 = -0.132933
      pc10 = -0.518956
      pc11 = -0.66041
      pc12 = 0.131892
      pc13 = 0.356256
      pc14 = -0.200809
      pc15 = -0.102268
      pc16 = 0.0652334
      pc17 = -0.0405464
      pc18 = 0.0499011
      pc19 = -0.0666235
Constrained:
   Tgbecnw = 80822.9
     Tecnw = 25953.7
       Tnw = 24159
       Tec = 12080.6
     twoNb = 2.84063e+06
     twoNe = 812411
     twoNc = 1.04164e+07
     twoNn = 887731
     twoNw = 3.67212e+08
    twoNec = 52039.3
    twoNnw = 4358.22
  twoNecnw = 65107
  twoNbecnw = 1883.89
  twoNgbecnw = 363463
         m = 0.0755295
        m3 = 0.208718
        m4 = 0.0181816
        m5 = 0.148986
        m6 = 0.0779871
        Ta = 43640.3
        Tc = 12079.5
        Td = 6039.76
        Te = 3019.88
        Tf = 1509.94
#       SitePat  BranchLen
              b 114619.1627326
              e 43075.8895186
              c 44943.5415498
              n 41070.2803916
              w 43454.2737979
            b:e 1137.4544306
            b:c 1362.5620428
            b:n 928.2759133
            b:w 1079.4475756
            e:c 11235.6866330
            e:n 4626.9414588
            e:w 4089.5917363
            c:n 4457.2055205
            c:w 3593.0729651
            n:w 11778.5574743
          b:e:c 1334.5042455
          b:e:n 556.1978619
          b:e:w 577.3887950
          b:c:n 578.5619858
          b:c:w 565.6826410
          b:n:w 1317.0315501
          e:c:n 4537.3431675
          e:c:w 3554.8320391
          e:n:w 5513.0958977
          c:n:w 4649.9565405
        b:e:c:n 1199.7601160
        b:e:c:w 1040.2768653
        b:e:n:w 1839.7785283
        b:c:n:w 1265.7548873
        e:c:n:w 45083.0989718
