########################################
# legofit: estimate population history #
#       version 2.3.4-4-g53f8760       #
########################################

# Program was compiled: Sep 21 2021 14:36:42
# Program was run: Wed Sep 29 21:50:26 2021

# cmd: legofit -1 -d 0 -t 56 --ptsPerDim 3 --stateOut b1boot40.state --tol 3e-6 -S 5000 acdef2.lgo ../../chrX/boot_chrX/boot40.opf
# Stage nOptItr nSimReps
#     0    5000        0
# algorithm          : deterministic
# ignoring probs <=  : 0
# Branch length floor: 0
# DE strategy        : 2
#    F               : 0.3
#    CR              : 0.8
#    tolerance       : 3e-06
# nthreads           : 56
# lgo input file     : acdef2.lgo
# site pat input file: ../../chrX/boot_chrX/boot40.opf
# free parameters    : 19
# points in DE swarm : 57
# output state file  : b1boot40.state
# Including singleton site patterns.
# cost function      : KL
Initial parameter values
Fixed:
      zero = 0
       one = 1
    Tbecnw = 75200
Free:
       pc1 = 0
       pc2 = 0
       pc3 = 0
       pc4 = 0
       pc5 = 0
       pc6 = 0
       pc7 = 0
       pc8 = 0
       pc9 = 0
      pc10 = 0
      pc11 = 0
      pc12 = 0
      pc13 = 0
      pc14 = 0
      pc15 = 0
      pc16 = 0
      pc17 = 0
      pc18 = 0
      pc19 = 0
Constrained:
   Tgbecnw = 99155.9
     Tecnw = 27252.3
       Tnw = 22377.5
       Tec = 11240.1
     twoNb = 2.87681e+06
     twoNe = 125478
     twoNc = 3.64223e+06
     twoNn = 2.16678e+06
     twoNw = 1.3979e+08
    twoNec = 64101.6
    twoNnw = 12713.2
  twoNecnw = 63054.7
  twoNbecnw = 7830.67
  twoNgbecnw = 335789
         m = 0.0823544
        m3 = 0.189549
        m4 = 0.0170626
        m5 = 0.135388
        m6 = 0.0728978
        Ta = 43220
        Tc = 11188.7
        Td = 5594.36
        Te = 2797.18
        Tf = 1398.59
DiffEv reached_goal. cost=1.93663e-03 spread=2.47257e-06
Fitted parameter values
Free:
       pc1 = -2.96166
       pc2 = 0.664551
       pc3 = 1.84132
       pc4 = -1.95222
       pc5 = -1.9763
       pc6 = -1.1314
       pc7 = 0.419716
       pc8 = -0.194695
       pc9 = -0.268049
      pc10 = 0.494077
      pc11 = 0.429794
      pc12 = 0.232734
      pc13 = -0.248475
      pc14 = 0.434199
      pc15 = -0.288364
      pc16 = 0.117621
      pc17 = -0.0303195
      pc18 = 0.00604397
      pc19 = -0.0177692
Constrained:
   Tgbecnw = 84471.7
     Tecnw = 26015.9
       Tnw = 23621.4
       Tec = 11858.8
     twoNb = 2.11419e+06
     twoNe = 106329
     twoNc = 1.59022e+07
     twoNn = 2.38766e+06
     twoNw = 2.41576e+08
    twoNec = 55388.1
    twoNnw = 5850.77
  twoNecnw = 63858.7
  twoNbecnw = 3105.05
  twoNgbecnw = 360360
         m = 0.0761746
        m3 = 0.184336
        m4 = 0.0159783
        m5 = 0.151167
        m6 = 0.0948732
        Ta = 43529.4
        Tc = 11810.7
        Td = 5905.34
        Te = 2952.67
        Tf = 1476.34
#       SitePat  BranchLen
              b 115695.5254255
              e 43423.0865879
              c 44995.5137169
              n 40991.1816975
              w 42961.1580921
            b:e 1184.7172127
            b:c 1385.6238149
            b:n 943.1810688
            b:w 1068.7640086
            e:c 11093.3829958
            e:n 4576.4061244
            e:w 4104.8721856
            c:n 4408.2700825
            c:w 3715.5898794
            n:w 11939.6501284
          b:e:c 1348.2296337
          b:e:n 567.1401833
          b:e:w 582.0542882
          b:c:n 583.2338853
          b:c:w 574.8195257
          b:n:w 1330.1524768
          e:c:n 4422.7950765
          e:c:w 3617.0328238
          e:n:w 5630.6773775
          c:n:w 4899.2726847
        b:e:c:n 1181.0599212
        b:e:c:w 1048.9772360
        b:e:n:w 1800.7806520
        b:c:n:w 1307.4109398
        e:c:n:w 46020.4580564
