########################################
# legofit: estimate population history #
#       version 2.3.4-4-g53f8760       #
########################################

# Program was compiled: Sep 21 2021 14:36:42
# Program was run: Wed Sep 29 21:51:00 2021

# cmd: legofit -1 -d 0 -t 56 --ptsPerDim 3 --stateOut b1boot49.state --tol 3e-6 -S 5000 acdef2.lgo ../../chrX/boot_chrX/boot49.opf
# Stage nOptItr nSimReps
#     0    5000        0
# algorithm          : deterministic
# ignoring probs <=  : 0
# Branch length floor: 0
# DE strategy        : 2
#    F               : 0.3
#    CR              : 0.8
#    tolerance       : 3e-06
# nthreads           : 56
# lgo input file     : acdef2.lgo
# site pat input file: ../../chrX/boot_chrX/boot49.opf
# free parameters    : 19
# points in DE swarm : 57
# output state file  : b1boot49.state
# Including singleton site patterns.
# cost function      : KL
Initial parameter values
Fixed:
      zero = 0
       one = 1
    Tbecnw = 75200
Free:
       pc1 = 0
       pc2 = 0
       pc3 = 0
       pc4 = 0
       pc5 = 0
       pc6 = 0
       pc7 = 0
       pc8 = 0
       pc9 = 0
      pc10 = 0
      pc11 = 0
      pc12 = 0
      pc13 = 0
      pc14 = 0
      pc15 = 0
      pc16 = 0
      pc17 = 0
      pc18 = 0
      pc19 = 0
Constrained:
   Tgbecnw = 99155.9
     Tecnw = 27252.3
       Tnw = 22377.5
       Tec = 11240.1
     twoNb = 2.87681e+06
     twoNe = 125478
     twoNc = 3.64223e+06
     twoNn = 2.16678e+06
     twoNw = 1.3979e+08
    twoNec = 64101.6
    twoNnw = 12713.2
  twoNecnw = 63054.7
  twoNbecnw = 7830.67
  twoNgbecnw = 335789
         m = 0.0823544
        m3 = 0.189549
        m4 = 0.0170626
        m5 = 0.135388
        m6 = 0.0728978
        Ta = 43220
        Tc = 11188.7
        Td = 5594.36
        Te = 2797.18
        Tf = 1398.59
DiffEv reached_goal. cost=1.92210e-03 spread=2.58668e-06
Fitted parameter values
Free:
       pc1 = -3.87739
       pc2 = 3.18815
       pc3 = 0.764671
       pc4 = -1.90609
       pc5 = -1.06638
       pc6 = -1.87139
       pc7 = 0.953402
       pc8 = 1.96482
       pc9 = -0.38362
      pc10 = -0.181336
      pc11 = -0.805178
      pc12 = 0.451029
      pc13 = 0.335757
      pc14 = 0.300839
      pc15 = -0.00323539
      pc16 = 0.13756
      pc17 = -0.032443
      pc18 = -0.0164536
      pc19 = -0.0567081
Constrained:
   Tgbecnw = 78827.1
     Tecnw = 25168.8
       Tnw = 23755.7
       Tec = 11883.1
     twoNb = 1.77008e+06
     twoNe = 1.67062e+06
     twoNc = 1.15536e+07
     twoNn = 1.31722e+06
     twoNw = 2.32327e+08
    twoNec = 56833.7
    twoNnw = 3733.38
  twoNecnw = 64409.2
  twoNbecnw = 1229.71
  twoNgbecnw = 374729
         m = 0.0731814
        m3 = 0.210044
        m4 = 0.0181234
        m5 = 0.131584
        m6 = 0.0619486
        Ta = 43541.5
        Tc = 11877.9
        Td = 5938.93
        Te = 2969.46
        Tf = 1484.73
#       SitePat  BranchLen
              b 114776.7334234
              e 43065.4494980
              c 44868.4461324
              n 41064.5619000
              w 43301.5986782
            b:e 1181.5096380
            b:c 1420.6739392
            b:n 975.8608734
            b:w 1121.0710216
            e:c 10937.4993062
            e:n 4707.4162708
            e:w 4186.8150764
            c:n 4528.2144089
            c:w 3712.9644464
            n:w 11568.5469970
          b:e:c 1351.0067687
          b:e:n 589.0997385
          b:e:w 609.0270014
          b:c:n 610.8743257
          b:c:w 599.2668140
          b:n:w 1332.3509353
          e:c:n 4565.7375667
          e:c:w 3664.5519454
          e:n:w 5519.9652804
          c:n:w 4692.9925201
        b:e:c:n 1248.2104083
        b:e:c:w 1094.6805090
        b:e:n:w 1891.2879548
        b:c:n:w 1317.1377827
        e:c:n:w 45506.5342603
