########################################
# legofit: estimate population history #
#       version 2.3.4-4-g53f8760       #
########################################

# Program was compiled: Sep 21 2021 14:36:42
# Program was run: Wed Sep 29 21:49:35 2021

# cmd: legofit -1 -d 0 -t 56 --ptsPerDim 3 --stateOut b1boot21.state --tol 3e-6 -S 5000 acdef2.lgo ../../chrX/boot_chrX/boot21.opf
# Stage nOptItr nSimReps
#     0    5000        0
# algorithm          : deterministic
# ignoring probs <=  : 0
# Branch length floor: 0
# DE strategy        : 2
#    F               : 0.3
#    CR              : 0.8
#    tolerance       : 3e-06
# nthreads           : 56
# lgo input file     : acdef2.lgo
# site pat input file: ../../chrX/boot_chrX/boot21.opf
# free parameters    : 19
# points in DE swarm : 57
# output state file  : b1boot21.state
# Including singleton site patterns.
# cost function      : KL
Initial parameter values
Fixed:
      zero = 0
       one = 1
    Tbecnw = 75200
Free:
       pc1 = 0
       pc2 = 0
       pc3 = 0
       pc4 = 0
       pc5 = 0
       pc6 = 0
       pc7 = 0
       pc8 = 0
       pc9 = 0
      pc10 = 0
      pc11 = 0
      pc12 = 0
      pc13 = 0
      pc14 = 0
      pc15 = 0
      pc16 = 0
      pc17 = 0
      pc18 = 0
      pc19 = 0
Constrained:
   Tgbecnw = 99155.9
     Tecnw = 27252.3
       Tnw = 22377.5
       Tec = 11240.1
     twoNb = 2.87681e+06
     twoNe = 125478
     twoNc = 3.64223e+06
     twoNn = 2.16678e+06
     twoNw = 1.3979e+08
    twoNec = 64101.6
    twoNnw = 12713.2
  twoNecnw = 63054.7
  twoNbecnw = 7830.67
  twoNgbecnw = 335789
         m = 0.0823544
        m3 = 0.189549
        m4 = 0.0170626
        m5 = 0.135388
        m6 = 0.0728978
        Ta = 43220
        Tc = 11188.7
        Td = 5594.36
        Te = 2797.18
        Tf = 1398.59
DiffEv reached_goal. cost=2.01181e-03 spread=2.98477e-06
Fitted parameter values
Free:
       pc1 = -3.69683
       pc2 = 1.43534
       pc3 = 1.57755
       pc4 = -1.95425
       pc5 = -1.3759
       pc6 = -1.32764
       pc7 = 1.32723
       pc8 = 0.215866
       pc9 = -0.458979
      pc10 = -1.12909
      pc11 = -0.795176
      pc12 = -0.226942
      pc13 = -0.420404
      pc14 = -0.0198528
      pc15 = -0.115885
      pc16 = 0.128555
      pc17 = -0.0651533
      pc18 = 0.0987084
      pc19 = 0.016494
Constrained:
   Tgbecnw = 82449.7
     Tecnw = 26060.4
       Tnw = 23769
       Tec = 11997.8
     twoNb = 1.50711e+06
     twoNe = 897063
     twoNc = 9.24763e+06
     twoNn = 1.25509e+06
     twoNw = 1.48073e+08
    twoNec = 52752.4
    twoNnw = 5338.69
  twoNecnw = 66514.4
  twoNbecnw = 2403.35
  twoNgbecnw = 368683
         m = 0.0764315
        m3 = 0.20796
        m4 = 0.0158618
        m5 = 0.145327
        m6 = 0.0904429
        Ta = 43598.9
        Tc = 11884.5
        Td = 5942.24
        Te = 2971.12
        Tf = 1485.56
#       SitePat  BranchLen
              b 115531.9179061
              e 43474.6563733
              c 45025.2368169
              n 41022.4240165
              w 43376.0565577
            b:e 1171.7901270
            b:c 1379.0906779
            b:n 930.6243236
            b:w 1080.4546079
            e:c 11312.6773635
            e:n 4624.4390265
            e:w 4059.3748652
            c:n 4476.7404902
            c:w 3655.3826798
            n:w 12075.3997304
          b:e:c 1360.8710665
          b:e:n 562.1919426
          b:e:w 579.7998872
          b:c:n 580.4205082
          b:c:w 571.1426208
          b:n:w 1341.7935158
          e:c:n 4491.0865631
          e:c:w 3523.8759936
          e:n:w 5519.1203784
          c:n:w 4796.0203585
        b:e:c:n 1202.4066680
        b:e:c:w 1044.2463264
        b:e:n:w 1796.5306938
        b:c:n:w 1303.8690596
        e:c:n:w 45714.0827385
