########################################
# legofit: estimate population history #
#       version 2.3.4-4-g53f8760       #
########################################

# Program was compiled: Sep 21 2021 14:36:42
# Program was run: Wed Sep 29 21:49:40 2021

# cmd: legofit -1 -d 0 -t 56 --ptsPerDim 3 --stateOut b1boot22.state --tol 3e-6 -S 5000 acdef2.lgo ../../chrX/boot_chrX/boot22.opf
# Stage nOptItr nSimReps
#     0    5000        0
# algorithm          : deterministic
# ignoring probs <=  : 0
# Branch length floor: 0
# DE strategy        : 2
#    F               : 0.3
#    CR              : 0.8
#    tolerance       : 3e-06
# nthreads           : 56
# lgo input file     : acdef2.lgo
# site pat input file: ../../chrX/boot_chrX/boot22.opf
# free parameters    : 19
# points in DE swarm : 57
# output state file  : b1boot22.state
# Including singleton site patterns.
# cost function      : KL
Initial parameter values
Fixed:
      zero = 0
       one = 1
    Tbecnw = 75200
Free:
       pc1 = 0
       pc2 = 0
       pc3 = 0
       pc4 = 0
       pc5 = 0
       pc6 = 0
       pc7 = 0
       pc8 = 0
       pc9 = 0
      pc10 = 0
      pc11 = 0
      pc12 = 0
      pc13 = 0
      pc14 = 0
      pc15 = 0
      pc16 = 0
      pc17 = 0
      pc18 = 0
      pc19 = 0
Constrained:
   Tgbecnw = 99155.9
     Tecnw = 27252.3
       Tnw = 22377.5
       Tec = 11240.1
     twoNb = 2.87681e+06
     twoNe = 125478
     twoNc = 3.64223e+06
     twoNn = 2.16678e+06
     twoNw = 1.3979e+08
    twoNec = 64101.6
    twoNnw = 12713.2
  twoNecnw = 63054.7
  twoNbecnw = 7830.67
  twoNgbecnw = 335789
         m = 0.0823544
        m3 = 0.189549
        m4 = 0.0170626
        m5 = 0.135388
        m6 = 0.0728978
        Ta = 43220
        Tc = 11188.7
        Td = 5594.36
        Te = 2797.18
        Tf = 1398.59
DiffEv reached_goal. cost=1.86272e-03 spread=2.85845e-06
Fitted parameter values
Free:
       pc1 = -3.87803
       pc2 = 2.18964
       pc3 = 1.12106
       pc4 = -1.81858
       pc5 = -1.76344
       pc6 = -2.20227
       pc7 = 1.1644
       pc8 = 1.92892
       pc9 = -1.42932
      pc10 = -1.16534
      pc11 = -0.738364
      pc12 = 0.205257
      pc13 = -0.185443
      pc14 = -0.193045
      pc15 = -0.270845
      pc16 = 0.119974
      pc17 = -0.125172
      pc18 = 0.162911
      pc19 = 0.120476
Constrained:
   Tgbecnw = 79320.9
     Tecnw = 25698.1
       Tnw = 23686.9
       Tec = 12097.2
     twoNb = 533403
     twoNe = 1.45308e+06
     twoNc = 7.75308e+06
     twoNn = 972108
     twoNw = 2.57798e+08
    twoNec = 51487.4
    twoNnw = 4736.26
  twoNecnw = 65525.5
  twoNbecnw = 1413.53
  twoNgbecnw = 347664
         m = 0.0783923
        m3 = 0.212528
        m4 = 0.0180105
        m5 = 0.139933
        m6 = 0.0823495
        Ta = 43648.6
        Tc = 11843.5
        Td = 5921.73
        Te = 2960.86
        Tf = 1480.43
#       SitePat  BranchLen
              b 114131.3013597
              e 43046.8587187
              c 44639.5166444
              n 40705.6431181
              w 43113.8110139
            b:e 1157.0655235
            b:c 1459.1904596
            b:n 926.3313836
            b:w 1080.4397899
            e:c 11257.0450815
            e:n 4619.7453346
            e:w 4046.1283227
            c:n 4456.8579600
            c:w 3616.8176849
            n:w 11977.7976268
          b:e:c 1355.2248138
          b:e:n 558.2320781
          b:e:w 576.6560839
          b:c:n 579.3528061
          b:c:w 569.7484555
          b:n:w 1333.1349751
          e:c:n 4525.9934742
          e:c:w 3531.4828653
          e:n:w 5545.4129412
          c:n:w 4741.2162834
        b:e:c:n 1204.9906533
        b:e:c:w 1042.0625918
        b:e:n:w 1804.7912339
        b:c:n:w 1292.1898481
        e:c:n:w 44799.0224341
