########################################
# legofit: estimate population history #
#       version 2.3.4-4-g53f8760       #
########################################

# Program was compiled: Sep 21 2021 14:36:42
# Program was run: Wed Sep 29 21:50:10 2021

# cmd: legofit -1 -d 0 -t 56 --ptsPerDim 3 --stateOut b1boot29.state --tol 3e-6 -S 5000 acdef2.lgo ../../chrX/boot_chrX/boot29.opf
# Stage nOptItr nSimReps
#     0    5000        0
# algorithm          : deterministic
# ignoring probs <=  : 0
# Branch length floor: 0
# DE strategy        : 2
#    F               : 0.3
#    CR              : 0.8
#    tolerance       : 3e-06
# nthreads           : 56
# lgo input file     : acdef2.lgo
# site pat input file: ../../chrX/boot_chrX/boot29.opf
# free parameters    : 19
# points in DE swarm : 57
# output state file  : b1boot29.state
# Including singleton site patterns.
# cost function      : KL
Initial parameter values
Fixed:
      zero = 0
       one = 1
    Tbecnw = 75200
Free:
       pc1 = 0
       pc2 = 0
       pc3 = 0
       pc4 = 0
       pc5 = 0
       pc6 = 0
       pc7 = 0
       pc8 = 0
       pc9 = 0
      pc10 = 0
      pc11 = 0
      pc12 = 0
      pc13 = 0
      pc14 = 0
      pc15 = 0
      pc16 = 0
      pc17 = 0
      pc18 = 0
      pc19 = 0
Constrained:
   Tgbecnw = 99155.9
     Tecnw = 27252.3
       Tnw = 22377.5
       Tec = 11240.1
     twoNb = 2.87681e+06
     twoNe = 125478
     twoNc = 3.64223e+06
     twoNn = 2.16678e+06
     twoNw = 1.3979e+08
    twoNec = 64101.6
    twoNnw = 12713.2
  twoNecnw = 63054.7
  twoNbecnw = 7830.67
  twoNgbecnw = 335789
         m = 0.0823544
        m3 = 0.189549
        m4 = 0.0170626
        m5 = 0.135388
        m6 = 0.0728978
        Ta = 43220
        Tc = 11188.7
        Td = 5594.36
        Te = 2797.18
        Tf = 1398.59
DiffEv reached_goal. cost=1.97253e-03 spread=2.64693e-06
Fitted parameter values
Free:
       pc1 = -3.99907
       pc2 = 0.98103
       pc3 = 1.39232
       pc4 = -1.87741
       pc5 = -1.87725
       pc6 = -0.825713
       pc7 = -0.905027
       pc8 = 1.83245
       pc9 = 0.370178
      pc10 = -0.0783961
      pc11 = -0.956663
      pc12 = 0.396581
      pc13 = 0.172887
      pc14 = -0.19335
      pc15 = 0.00480788
      pc16 = 0.20453
      pc17 = -0.0793544
      pc18 = 0.0644345
      pc19 = -0.0379655
Constrained:
   Tgbecnw = 82512.9
     Tecnw = 26054.6
       Tnw = 24535.4
       Tec = 12321.3
     twoNb = 3.88814e+06
     twoNe = 541897
     twoNc = 7.67616e+06
     twoNn = 2.80071e+06
     twoNw = 3.58024e+08
    twoNec = 51834
    twoNnw = 3744.92
  twoNecnw = 64044.3
  twoNbecnw = 2416.6
  twoNgbecnw = 367404
         m = 0.0762664
        m3 = 0.2065
        m4 = 0.0177022
        m5 = 0.145253
        m6 = 0.0798898
        Ta = 43760.6
        Tc = 12267.7
        Td = 6133.86
        Te = 3066.93
        Tf = 1533.46
#       SitePat  BranchLen
              b 115422.6745768
              e 43109.0468761
              c 44872.3392033
              n 41171.2832316
              w 43511.6000537
            b:e 1116.9496685
            b:c 1323.9693981
            b:n 913.4343903
            b:w 1059.6559736
            e:c 11169.3104755
            e:n 4598.7346745
            e:w 4056.4099846
            c:n 4435.7995385
            c:w 3603.9025771
            n:w 11639.1163596
          b:e:c 1302.1520462
          b:e:n 546.0904608
          b:e:w 564.8391554
          b:c:n 565.6654398
          b:c:w 554.6318782
          b:n:w 1286.2807597
          e:c:n 4538.5724144
          e:c:w 3572.4772436
          e:n:w 5463.2898295
          c:n:w 4661.0454501
        b:e:c:n 1172.7586319
        b:e:c:w 1018.8219155
        b:e:n:w 1799.3751255
        b:c:n:w 1237.3821960
        e:c:n:w 45855.8532081
