########################################
# legofit: estimate population history #
#       version 2.3.4-4-g53f8760       #
########################################

# Program was compiled: Sep 21 2021 14:36:42
# Program was run: Wed Sep 29 21:49:54 2021

# cmd: legofit -1 -d 0 -t 56 --ptsPerDim 3 --stateOut b1boot24.state --tol 3e-6 -S 5000 acdef2.lgo ../../chrX/boot_chrX/boot24.opf
# Stage nOptItr nSimReps
#     0    5000        0
# algorithm          : deterministic
# ignoring probs <=  : 0
# Branch length floor: 0
# DE strategy        : 2
#    F               : 0.3
#    CR              : 0.8
#    tolerance       : 3e-06
# nthreads           : 56
# lgo input file     : acdef2.lgo
# site pat input file: ../../chrX/boot_chrX/boot24.opf
# free parameters    : 19
# points in DE swarm : 57
# output state file  : b1boot24.state
# Including singleton site patterns.
# cost function      : KL
Initial parameter values
Fixed:
      zero = 0
       one = 1
    Tbecnw = 75200
Free:
       pc1 = 0
       pc2 = 0
       pc3 = 0
       pc4 = 0
       pc5 = 0
       pc6 = 0
       pc7 = 0
       pc8 = 0
       pc9 = 0
      pc10 = 0
      pc11 = 0
      pc12 = 0
      pc13 = 0
      pc14 = 0
      pc15 = 0
      pc16 = 0
      pc17 = 0
      pc18 = 0
      pc19 = 0
Constrained:
   Tgbecnw = 99155.9
     Tecnw = 27252.3
       Tnw = 22377.5
       Tec = 11240.1
     twoNb = 2.87681e+06
     twoNe = 125478
     twoNc = 3.64223e+06
     twoNn = 2.16678e+06
     twoNw = 1.3979e+08
    twoNec = 64101.6
    twoNnw = 12713.2
  twoNecnw = 63054.7
  twoNbecnw = 7830.67
  twoNgbecnw = 335789
         m = 0.0823544
        m3 = 0.189549
        m4 = 0.0170626
        m5 = 0.135388
        m6 = 0.0728978
        Ta = 43220
        Tc = 11188.7
        Td = 5594.36
        Te = 2797.18
        Tf = 1398.59
DiffEv reached_goal. cost=2.02344e-03 spread=2.88376e-06
Fitted parameter values
Free:
       pc1 = -3.98544
       pc2 = 2.29908
       pc3 = 1.25568
       pc4 = -1.90606
       pc5 = -1.68528
       pc6 = -1.6225
       pc7 = -0.972003
       pc8 = 0.64451
       pc9 = -0.395451
      pc10 = 0.292888
      pc11 = -0.44392
      pc12 = 0.50875
      pc13 = 0.505128
      pc14 = -0.0918731
      pc15 = -0.0558433
      pc16 = 0.0732735
      pc17 = -0.0806671
      pc18 = 0.10277
      pc19 = 0.0281767
Constrained:
   Tgbecnw = 79113.8
     Tecnw = 25581.9
       Tnw = 23785.4
       Tec = 12021.5
     twoNb = 2.81205e+06
     twoNe = 6336.52
     twoNc = 1.36757e+07
     twoNn = 598988
     twoNw = 3.14525e+08
    twoNec = 54350.6
    twoNnw = 4597.4
  twoNecnw = 63822.4
  twoNbecnw = 1326.95
  twoNgbecnw = 368436
         m = 0.0734179
        m3 = 0.202285
        m4 = 0.01764
        m5 = 0.139255
        m6 = 0.0648603
        Ta = 43610.7
        Tc = 11892.7
        Td = 5946.35
        Te = 2973.18
        Tf = 1486.59
#       SitePat  BranchLen
              b 114363.1573480
              e 42836.2631514
              c 44829.2658045
              n 40910.3051742
              w 43259.5079484
            b:e 1151.9650201
            b:c 1384.9920677
            b:n 950.4373041
            b:w 1100.9913704
            e:c 11087.2575293
            e:n 4712.6657693
            e:w 4099.9709739
            c:n 4409.4791636
            c:w 3629.5930010
            n:w 11679.0755137
          b:e:c 1344.8807789
          b:e:n 572.6384248
          b:e:w 587.4347453
          b:c:n 589.0722573
          b:c:w 582.6162214
          b:n:w 1327.2444924
          e:c:n 4566.8327644
          e:c:w 3610.2109481
          e:n:w 5527.1256065
          c:n:w 4634.8427512
        b:e:c:n 1223.0103358
        b:e:c:w 1064.1159850
        b:e:n:w 1853.4401387
        b:c:n:w 1281.6424754
        e:c:n:w 45139.8268816
