########################################
# legofit: estimate population history #
#       version 2.3.4-4-g53f8760       #
########################################

# Program was compiled: Sep 21 2021 14:36:42
# Program was run: Fri Sep 24 06:48:10 2021

# cmd: legofit -1 -d 0 -t 32 --ptsPerDim 3 --stateOut b1.state --tol 3e-6 -S 5000 acdf2.lgo ../../chrX/pan_chrX.opf
# Stage nOptItr nSimReps
#     0    5000        0
# algorithm          : deterministic
# ignoring probs <=  : 0
# Branch length floor: 0
# DE strategy        : 2
#    F               : 0.3
#    CR              : 0.8
#    tolerance       : 3e-06
# nthreads           : 32
# lgo input file     : acdf2.lgo
# site pat input file: ../../chrX/pan_chrX.opf
# free parameters    : 18
# points in DE swarm : 54
# output state file  : b1.state
# Including singleton site patterns.
# cost function      : KL
Initial parameter values
Fixed:
      zero = 0
       one = 1
    Tbecnw = 75200
Free:
       pc1 = 0
       pc2 = 0
       pc3 = 0
       pc4 = 0
       pc5 = 0
       pc6 = 0
       pc7 = 0
       pc8 = 0
       pc9 = 0
      pc10 = 0
      pc11 = 0
      pc12 = 0
      pc13 = 0
      pc14 = 0
      pc15 = 0
      pc16 = 0
      pc17 = 0
      pc18 = 0
Constrained:
   Tgbecnw = 130261
     Tecnw = 27012.8
       Tnw = 22556.5
       Tec = 11355
     twoNb = 1.2117e+06
     twoNe = 3552.29
     twoNc = 1.5703e+06
     twoNn = 985476
     twoNw = 1.44394e+07
    twoNec = 90914.7
    twoNnw = 13593.2
  twoNecnw = 62712.5
  twoNbecnw = 17546.1
  twoNgbecnw = 246045
         m = 0.112962
        m3 = 0.207717
        m4 = 0.0217781
        m6 = 9.88069e-07
        Ta = 43277.5
        Tc = 11278.2
        Td = 5639.12
        Tf = 2819.56
DiffEv reached_goal. cost=2.08379e-03 spread=1.68478e-06
Fitted parameter values
Free:
       pc1 = 3.88941
       pc2 = -3.97376
       pc3 = -0.882383
       pc4 = 1.11941
       pc5 = -0.950835
       pc6 = 0.249657
       pc7 = -0.903442
       pc8 = 2.23159
       pc9 = 1.76959
      pc10 = -0.221679
      pc11 = 0.340352
      pc12 = -0.00656192
      pc13 = 0.226489
      pc14 = -0.158897
      pc15 = -0.0308627
      pc16 = -0.206754
      pc17 = -0.060565
      pc18 = 0.000310469
Constrained:
   Tgbecnw = 93310.9
     Tecnw = 25499.7
       Tnw = 20168.5
       Tec = 10161.3
     twoNb = 1.40818e+06
     twoNe = 3859.52
     twoNc = 4.10464e+06
     twoNn = 1.51348e+06
     twoNw = 1.19056e+06
    twoNec = 89846.6
    twoNnw = 16244.4
  twoNecnw = 59216.1
  twoNbecnw = 6361.28
  twoNgbecnw = 292211
         m = 0.0905537
        m3 = 0.206554
        m4 = 0.0218668
        m6 = 2.18236e-07
        Ta = 42680.6
        Tc = 10084.2
        Td = 5042.11
        Tf = 2521.06
#       SitePat  BranchLen
              b 116878.4904655
              e 44168.8875903
              c 45464.5337886
              n 41574.7335073
              w 43911.6492886
            b:e 1184.6507287
            b:c 1427.3086215
            b:n 976.0850522
            b:w 1118.2691187
            e:c 11131.1532448
            e:n 4719.3455974
            e:w 3876.6879323
            c:n 4390.8853782
            c:w 3774.3782969
            n:w 12210.8036953
          b:e:c 1325.5723968
          b:e:n 582.2682328
          b:e:w 576.6914460
          b:c:n 577.7540622
          b:c:w 590.0573197
          b:n:w 1310.0128720
          e:c:n 4718.6029212
          e:c:w 3840.8518862
          e:n:w 5335.7078574
          c:n:w 4841.1580728
        b:e:c:n 1215.7999847
        b:e:c:w 1066.8894475
        b:e:n:w 1911.7883622
        b:c:n:w 1289.9520327
        e:c:n:w 46376.6926895
