########################################
# legofit: estimate population history #
#       version 2.3.4-4-g53f8760       #
########################################

# Program was compiled: Sep 21 2021 14:36:42
# Program was run: Fri Sep 24 06:53:10 2021

# cmd: legofit -1 -d 0 -t 32 --ptsPerDim 3 --stateOut b1boot31.state --tol 3e-6 -S 5000 acdf2.lgo ../../chrX/boot_chrX/boot31.opf
# Stage nOptItr nSimReps
#     0    5000        0
# algorithm          : deterministic
# ignoring probs <=  : 0
# Branch length floor: 0
# DE strategy        : 2
#    F               : 0.3
#    CR              : 0.8
#    tolerance       : 3e-06
# nthreads           : 32
# lgo input file     : acdf2.lgo
# site pat input file: ../../chrX/boot_chrX/boot31.opf
# free parameters    : 18
# points in DE swarm : 54
# output state file  : b1boot31.state
# Including singleton site patterns.
# cost function      : KL
Initial parameter values
Fixed:
      zero = 0
       one = 1
    Tbecnw = 75200
Free:
       pc1 = 0
       pc2 = 0
       pc3 = 0
       pc4 = 0
       pc5 = 0
       pc6 = 0
       pc7 = 0
       pc8 = 0
       pc9 = 0
      pc10 = 0
      pc11 = 0
      pc12 = 0
      pc13 = 0
      pc14 = 0
      pc15 = 0
      pc16 = 0
      pc17 = 0
      pc18 = 0
Constrained:
   Tgbecnw = 130261
     Tecnw = 27012.8
       Tnw = 22556.5
       Tec = 11355
     twoNb = 1.2117e+06
     twoNe = 3552.29
     twoNc = 1.5703e+06
     twoNn = 985476
     twoNw = 1.44394e+07
    twoNec = 90914.7
    twoNnw = 13593.2
  twoNecnw = 62712.5
  twoNbecnw = 17546.1
  twoNgbecnw = 246045
         m = 0.112962
        m3 = 0.207717
        m4 = 0.0217781
        m6 = 9.88069e-07
        Ta = 43277.5
        Tc = 11278.2
        Td = 5639.12
        Tf = 2819.56
DiffEv reached_goal. cost=2.05417e-03 spread=2.91189e-06
Fitted parameter values
Free:
       pc1 = 2.72494
       pc2 = -3.98993
       pc3 = 0.931233
       pc4 = 1.35018
       pc5 = -0.428685
       pc6 = 1.25431
       pc7 = 0.789818
       pc8 = 2.09329
       pc9 = 1.72129
      pc10 = 1.02493
      pc11 = -0.0195116
      pc12 = -0.526005
      pc13 = 0.138208
      pc14 = -0.403367
      pc15 = 0.0905504
      pc16 = -0.154934
      pc17 = -0.0849651
      pc18 = 0.0170587
Constrained:
   Tgbecnw = 96708
     Tecnw = 25835.6
       Tnw = 21579.3
       Tec = 10917.5
     twoNb = 1.24178e+06
     twoNe = 5749.76
     twoNc = 3.31032e+06
     twoNn = 1.5306e+06
     twoNw = 9.37871e+06
    twoNec = 85827.8
    twoNnw = 12719.3
  twoNecnw = 57366.7
  twoNbecnw = 7548.04
  twoNgbecnw = 291721
         m = 0.0866209
        m3 = 0.230732
        m4 = 0.021369
        m6 = 2.92264e-06
        Ta = 43058.8
        Tc = 10789.7
        Td = 5394.83
        Tf = 2697.41
#       SitePat  BranchLen
              b 116888.3544095
              e 44007.8087498
              c 45307.8554455
              n 41591.7501620
              w 44215.1336805
            b:e 1191.8268296
            b:c 1439.9678249
            b:n 983.9195829
            b:w 1148.0818158
            e:c 11036.0713075
            e:n 4812.9536660
            e:w 3867.4861058
            c:n 4449.9158180
            c:w 3776.8652454
            n:w 11877.7716215
          b:e:c 1328.6074703
          b:e:n 591.0052432
          b:e:w 583.6006734
          b:c:n 584.5384836
          b:c:w 599.1194234
          b:n:w 1314.1431046
          e:c:n 4879.3988608
          e:c:w 3874.5334750
          e:n:w 5373.8313492
          c:n:w 4866.4620366
        b:e:c:n 1239.8453136
        b:e:c:w 1068.5067107
        b:e:n:w 1886.1523290
        b:c:n:w 1289.9405129
        e:c:n:w 46395.9817992
