########################################
# legofit: estimate population history #
#       version 2.3.4-4-g53f8760       #
########################################

# Program was compiled: Sep 21 2021 14:36:42
# Program was run: Fri Sep 24 06:52:27 2021

# cmd: legofit -1 -d 0 -t 32 --ptsPerDim 3 --stateOut b1boot26.state --tol 3e-6 -S 5000 acdf2.lgo ../../chrX/boot_chrX/boot26.opf
# Stage nOptItr nSimReps
#     0    5000        0
# algorithm          : deterministic
# ignoring probs <=  : 0
# Branch length floor: 0
# DE strategy        : 2
#    F               : 0.3
#    CR              : 0.8
#    tolerance       : 3e-06
# nthreads           : 32
# lgo input file     : acdf2.lgo
# site pat input file: ../../chrX/boot_chrX/boot26.opf
# free parameters    : 18
# points in DE swarm : 54
# output state file  : b1boot26.state
# Including singleton site patterns.
# cost function      : KL
Initial parameter values
Fixed:
      zero = 0
       one = 1
    Tbecnw = 75200
Free:
       pc1 = 0
       pc2 = 0
       pc3 = 0
       pc4 = 0
       pc5 = 0
       pc6 = 0
       pc7 = 0
       pc8 = 0
       pc9 = 0
      pc10 = 0
      pc11 = 0
      pc12 = 0
      pc13 = 0
      pc14 = 0
      pc15 = 0
      pc16 = 0
      pc17 = 0
      pc18 = 0
Constrained:
   Tgbecnw = 130261
     Tecnw = 27012.8
       Tnw = 22556.5
       Tec = 11355
     twoNb = 1.2117e+06
     twoNe = 3552.29
     twoNc = 1.5703e+06
     twoNn = 985476
     twoNw = 1.44394e+07
    twoNec = 90914.7
    twoNnw = 13593.2
  twoNecnw = 62712.5
  twoNbecnw = 17546.1
  twoNgbecnw = 246045
         m = 0.112962
        m3 = 0.207717
        m4 = 0.0217781
        m6 = 9.88069e-07
        Ta = 43277.5
        Tc = 11278.2
        Td = 5639.12
        Tf = 2819.56
DiffEv reached_goal. cost=2.09372e-03 spread=2.91705e-06
Fitted parameter values
Free:
       pc1 = 1.80618
       pc2 = -3.99395
       pc3 = -1.0574
       pc4 = 0.121113
       pc5 = -1.09201
       pc6 = -0.717938
       pc7 = -0.37945
       pc8 = 3.74178
       pc9 = 0.301946
      pc10 = -0.202582
      pc11 = 1.21802
      pc12 = 0.277008
      pc13 = 0.502046
      pc14 = -0.267117
      pc15 = -0.0929401
      pc16 = -0.0246128
      pc17 = -0.0871029
      pc18 = 0.00615055
Constrained:
   Tgbecnw = 101627
     Tecnw = 25231.5
       Tnw = 21972.8
       Tec = 11049.1
     twoNb = 1.39112e+06
     twoNe = 2788.58
     twoNc = 3.12074e+06
     twoNn = 4.01407e+06
     twoNw = 235459
    twoNec = 85402.8
    twoNnw = 10026.6
  twoNecnw = 61865.6
  twoNbecnw = 9322.64
  twoNgbecnw = 271824
         m = 0.0950908
        m3 = 0.195228
        m4 = 0.0222783
        m6 = 7.64608e-07
        Ta = 43124.6
        Tc = 10986.4
        Td = 5493.21
        Tf = 2746.61
#       SitePat  BranchLen
              b 118179.7618679
              e 44980.6200544
              c 46311.2523164
              n 42347.7294460
              w 44554.1810021
            b:e 1271.3757166
            b:c 1524.2894499
            b:n 1042.7916009
            b:w 1183.5249029
            e:c 11335.0650055
            e:n 4833.5015317
            e:w 4029.3152784
            c:n 4490.2059507
            c:w 3924.6430808
            n:w 12442.6658803
          b:e:c 1411.2652162
          b:e:n 621.6179819
          b:e:w 614.8339255
          b:c:n 615.6910122
          b:c:w 628.8279895
          b:n:w 1395.5874585
          e:c:n 4808.0771145
          e:c:w 3971.3746814
          e:n:w 5549.8867361
          c:n:w 5035.7737429
        b:e:c:n 1282.1191193
        b:e:c:w 1135.0328964
        b:e:n:w 2007.9701970
        b:c:n:w 1378.4376832
        e:c:n:w 46441.0717589
