########################################
# legofit: estimate population history #
#       version 2.3.4-4-g53f8760       #
########################################

# Program was compiled: Sep 21 2021 14:36:42
# Program was run: Fri Sep 24 06:48:26 2021

# cmd: legofit -1 -d 0 -t 32 --ptsPerDim 3 --stateOut b1boot0.state --tol 3e-6 -S 5000 acdf2.lgo ../../chrX/boot_chrX/boot0.opf
# Stage nOptItr nSimReps
#     0    5000        0
# algorithm          : deterministic
# ignoring probs <=  : 0
# Branch length floor: 0
# DE strategy        : 2
#    F               : 0.3
#    CR              : 0.8
#    tolerance       : 3e-06
# nthreads           : 32
# lgo input file     : acdf2.lgo
# site pat input file: ../../chrX/boot_chrX/boot0.opf
# free parameters    : 18
# points in DE swarm : 54
# output state file  : b1boot0.state
# Including singleton site patterns.
# cost function      : KL
Initial parameter values
Fixed:
      zero = 0
       one = 1
    Tbecnw = 75200
Free:
       pc1 = 0
       pc2 = 0
       pc3 = 0
       pc4 = 0
       pc5 = 0
       pc6 = 0
       pc7 = 0
       pc8 = 0
       pc9 = 0
      pc10 = 0
      pc11 = 0
      pc12 = 0
      pc13 = 0
      pc14 = 0
      pc15 = 0
      pc16 = 0
      pc17 = 0
      pc18 = 0
Constrained:
   Tgbecnw = 130261
     Tecnw = 27012.8
       Tnw = 22556.5
       Tec = 11355
     twoNb = 1.2117e+06
     twoNe = 3552.29
     twoNc = 1.5703e+06
     twoNn = 985476
     twoNw = 1.44394e+07
    twoNec = 90914.7
    twoNnw = 13593.2
  twoNecnw = 62712.5
  twoNbecnw = 17546.1
  twoNgbecnw = 246045
         m = 0.112962
        m3 = 0.207717
        m4 = 0.0217781
        m6 = 9.88069e-07
        Ta = 43277.5
        Tc = 11278.2
        Td = 5639.12
        Tf = 2819.56
DiffEv reached_goal. cost=2.03578e-03 spread=2.71846e-06
Fitted parameter values
Free:
       pc1 = 2.72236
       pc2 = -3.99727
       pc3 = -1.11035
       pc4 = 0.937769
       pc5 = -0.853622
       pc6 = 0.18099
       pc7 = 1.05449
       pc8 = 3.28505
       pc9 = 1.56174
      pc10 = 1.17327
      pc11 = 1.54789
      pc12 = 0.433951
      pc13 = 0.206681
      pc14 = -0.203853
      pc15 = -0.201625
      pc16 = -0.240455
      pc17 = 0.00136558
      pc18 = 0.0120673
Constrained:
   Tgbecnw = 95403.9
     Tecnw = 25515.7
       Tnw = 20961.2
       Tec = 10591.8
     twoNb = 2.00912e+06
     twoNe = 4444.58
     twoNc = 3.48937e+06
     twoNn = 3.6722e+06
     twoNw = 3.11719e+06
    twoNec = 88146.7
    twoNnw = 13216.9
  twoNecnw = 60264.4
  twoNbecnw = 7316.4
  twoNgbecnw = 265916
         m = 0.0987411
        m3 = 0.214897
        m4 = 0.022378
        m6 = 2.65438e-06
        Ta = 42895.9
        Tc = 10480.6
        Td = 5240.3
        Tf = 2620.15
#       SitePat  BranchLen
              b 117302.1621654
              e 44537.2042799
              c 45918.8125437
              n 41661.7370479
              w 44126.7047877
            b:e 1224.7909449
            b:c 1462.7343122
            b:n 990.3858487
            b:w 1143.4171210
            e:c 11201.7100312
            e:n 4801.8916353
            e:w 3889.7045746
            c:n 4421.8622052
            c:w 3796.7579347
            n:w 12438.0843652
          b:e:c 1368.6513000
          b:e:n 596.6751228
          b:e:w 588.6434260
          b:c:n 588.9305962
          b:c:w 604.0838106
          b:n:w 1352.7884020
          e:c:n 4757.5298067
          e:c:w 3829.8533980
          e:n:w 5453.8444840
          c:n:w 4936.7886655
        b:e:c:n 1241.2673067
        b:e:c:w 1081.1145167
        b:e:n:w 1968.3111556
        b:c:n:w 1331.0953408
        e:c:n:w 46303.8596013
