########################################
# legofit: estimate population history #
#       version 2.3.4-4-g53f8760       #
########################################

# Program was compiled: Sep 21 2021 14:36:42
# Program was run: Fri Sep 24 06:54:50 2021

# cmd: legofit -1 -d 0 -t 32 --ptsPerDim 3 --stateOut b1boot45.state --tol 3e-6 -S 5000 acdf2.lgo ../../chrX/boot_chrX/boot45.opf
# Stage nOptItr nSimReps
#     0    5000        0
# algorithm          : deterministic
# ignoring probs <=  : 0
# Branch length floor: 0
# DE strategy        : 2
#    F               : 0.3
#    CR              : 0.8
#    tolerance       : 3e-06
# nthreads           : 32
# lgo input file     : acdf2.lgo
# site pat input file: ../../chrX/boot_chrX/boot45.opf
# free parameters    : 18
# points in DE swarm : 54
# output state file  : b1boot45.state
# Including singleton site patterns.
# cost function      : KL
Initial parameter values
Fixed:
      zero = 0
       one = 1
    Tbecnw = 75200
Free:
       pc1 = 0
       pc2 = 0
       pc3 = 0
       pc4 = 0
       pc5 = 0
       pc6 = 0
       pc7 = 0
       pc8 = 0
       pc9 = 0
      pc10 = 0
      pc11 = 0
      pc12 = 0
      pc13 = 0
      pc14 = 0
      pc15 = 0
      pc16 = 0
      pc17 = 0
      pc18 = 0
Constrained:
   Tgbecnw = 130261
     Tecnw = 27012.8
       Tnw = 22556.5
       Tec = 11355
     twoNb = 1.2117e+06
     twoNe = 3552.29
     twoNc = 1.5703e+06
     twoNn = 985476
     twoNw = 1.44394e+07
    twoNec = 90914.7
    twoNnw = 13593.2
  twoNecnw = 62712.5
  twoNbecnw = 17546.1
  twoNgbecnw = 246045
         m = 0.112962
        m3 = 0.207717
        m4 = 0.0217781
        m6 = 9.88069e-07
        Ta = 43277.5
        Tc = 11278.2
        Td = 5639.12
        Tf = 2819.56
DiffEv reached_goal. cost=1.87507e-03 spread=1.98520e-06
Fitted parameter values
Free:
       pc1 = 2.76431
       pc2 = -3.99699
       pc3 = -1.96197
       pc4 = 1.45473
       pc5 = -0.125929
       pc6 = -0.390381
       pc7 = -0.0933569
       pc8 = 3.31577
       pc9 = 0.959207
      pc10 = 0.0441766
      pc11 = 1.35397
      pc12 = 0.418731
      pc13 = 0.00655454
      pc14 = -0.14925
      pc15 = -0.0286227
      pc16 = -0.164889
      pc17 = -0.0654298
      pc18 = 0.00589047
Constrained:
   Tgbecnw = 96509.7
     Tecnw = 25406.1
       Tnw = 20937.5
       Tec = 10536.5
     twoNb = 2.05373e+06
     twoNe = 2519.49
     twoNc = 2.93951e+06
     twoNn = 3.24393e+06
     twoNw = 73479.4
    twoNec = 85491.3
    twoNnw = 13570.3
  twoNecnw = 60377.1
  twoNbecnw = 7455.6
  twoNgbecnw = 277737
         m = 0.0946168
        m3 = 0.210056
        m4 = 0.022933
        m6 = 1.82306e-07
        Ta = 42868.3
        Tc = 10468.8
        Td = 5234.38
        Tf = 2617.19
#       SitePat  BranchLen
              b 117054.6045768
              e 44264.4871801
              c 45690.2133589
              n 41764.8647851
              w 44233.9387915
            b:e 1172.8522359
            b:c 1408.7565668
            b:n 969.0112190
            b:w 1117.5357408
            e:c 11239.0537161
            e:n 4813.2933571
            e:w 3895.5137810
            c:n 4418.5897395
            c:w 3799.3947608
            n:w 12229.0020039
          b:e:c 1316.3493580
          b:e:n 579.3817223
          b:e:w 571.1049173
          b:c:n 571.5240501
          b:c:w 586.5865855
          b:n:w 1302.3675376
          e:c:n 4784.7196714
          e:c:w 3852.6202199
          e:n:w 5361.4429556
          c:n:w 4839.2183686
        b:e:c:n 1211.7902904
        b:e:c:w 1056.4800383
        b:e:n:w 1930.0912252
        b:c:n:w 1273.8837427
        e:c:n:w 46073.1393396
