########################################
# legofit: estimate population history #
#       version 2.3.4-4-g53f8760       #
########################################

# Program was compiled: Sep 21 2021 14:36:42
# Program was run: Fri Sep 24 06:53:23 2021

# cmd: legofit -1 -d 0 -t 32 --ptsPerDim 3 --stateOut b1boot33.state --tol 3e-6 -S 5000 acdf2.lgo ../../chrX/boot_chrX/boot33.opf
# Stage nOptItr nSimReps
#     0    5000        0
# algorithm          : deterministic
# ignoring probs <=  : 0
# Branch length floor: 0
# DE strategy        : 2
#    F               : 0.3
#    CR              : 0.8
#    tolerance       : 3e-06
# nthreads           : 32
# lgo input file     : acdf2.lgo
# site pat input file: ../../chrX/boot_chrX/boot33.opf
# free parameters    : 18
# points in DE swarm : 54
# output state file  : b1boot33.state
# Including singleton site patterns.
# cost function      : KL
Initial parameter values
Fixed:
      zero = 0
       one = 1
    Tbecnw = 75200
Free:
       pc1 = 0
       pc2 = 0
       pc3 = 0
       pc4 = 0
       pc5 = 0
       pc6 = 0
       pc7 = 0
       pc8 = 0
       pc9 = 0
      pc10 = 0
      pc11 = 0
      pc12 = 0
      pc13 = 0
      pc14 = 0
      pc15 = 0
      pc16 = 0
      pc17 = 0
      pc18 = 0
Constrained:
   Tgbecnw = 130261
     Tecnw = 27012.8
       Tnw = 22556.5
       Tec = 11355
     twoNb = 1.2117e+06
     twoNe = 3552.29
     twoNc = 1.5703e+06
     twoNn = 985476
     twoNw = 1.44394e+07
    twoNec = 90914.7
    twoNnw = 13593.2
  twoNecnw = 62712.5
  twoNbecnw = 17546.1
  twoNgbecnw = 246045
         m = 0.112962
        m3 = 0.207717
        m4 = 0.0217781
        m6 = 9.88069e-07
        Ta = 43277.5
        Tc = 11278.2
        Td = 5639.12
        Tf = 2819.56
DiffEv reached_goal. cost=2.13071e-03 spread=2.44218e-06
Fitted parameter values
Free:
       pc1 = 2.92972
       pc2 = -3.99757
       pc3 = 0.629288
       pc4 = 0.718691
       pc5 = -1.38802
       pc6 = -1.26243
       pc7 = -0.510223
       pc8 = 3.13263
       pc9 = 1.18594
      pc10 = 1.38561
      pc11 = 0.520515
      pc12 = -0.381575
      pc13 = 0.0519229
      pc14 = 0.0128211
      pc15 = 0.0754422
      pc16 = -0.150167
      pc17 = 0.00872344
      pc18 = -0.0124148
Constrained:
   Tgbecnw = 96676.6
     Tecnw = 25625.1
       Tnw = 21496.1
       Tec = 10826.6
     twoNb = 1.43979e+06
     twoNe = 3538.6
     twoNc = 3.39396e+06
     twoNn = 2.86997e+06
     twoNw = 3.44844e+06
    twoNec = 84848
    twoNnw = 11975.7
  twoNecnw = 58468.4
  twoNbecnw = 7312.28
  twoNgbecnw = 319444
         m = 0.0843202
        m3 = 0.194463
        m4 = 0.0194786
        m6 = 2.47729e-06
        Ta = 43013.3
        Tc = 10748
        Td = 5374.02
        Tf = 2687.01
#       SitePat  BranchLen
              b 118393.4893360
              e 44230.4331643
              c 45429.9691101
              n 41520.7338462
              w 43753.0685396
            b:e 1218.2340239
            b:c 1436.3899227
            b:n 986.9722869
            b:w 1127.3955597
            e:c 11321.4452423
            e:n 4610.8261816
            e:w 3808.4581954
            c:n 4299.4261446
            c:w 3724.3846257
            n:w 12441.6147567
          b:e:c 1380.2703855
          b:e:n 582.6750909
          b:e:w 576.5949179
          b:c:n 577.3838717
          b:c:w 589.7628181
          b:n:w 1364.3560107
          e:c:n 4706.0424285
          e:c:w 3851.1172403
          e:n:w 5404.7278647
          c:n:w 4949.6790948
        b:e:c:n 1221.0468211
        b:e:c:w 1074.3247749
        b:e:n:w 1895.7582167
        b:c:n:w 1320.7119330
        e:c:n:w 47863.4115564
