########################################
# legofit: estimate population history #
#       version 2.3.4-4-g53f8760       #
########################################

# Program was compiled: Sep 21 2021 14:36:42
# Program was run: Fri Sep 24 06:48:40 2021

# cmd: legofit -1 -d 0 -t 32 --ptsPerDim 3 --stateOut b1boot1.state --tol 3e-6 -S 5000 acdf2.lgo ../../chrX/boot_chrX/boot1.opf
# Stage nOptItr nSimReps
#     0    5000        0
# algorithm          : deterministic
# ignoring probs <=  : 0
# Branch length floor: 0
# DE strategy        : 2
#    F               : 0.3
#    CR              : 0.8
#    tolerance       : 3e-06
# nthreads           : 32
# lgo input file     : acdf2.lgo
# site pat input file: ../../chrX/boot_chrX/boot1.opf
# free parameters    : 18
# points in DE swarm : 54
# output state file  : b1boot1.state
# Including singleton site patterns.
# cost function      : KL
Initial parameter values
Fixed:
      zero = 0
       one = 1
    Tbecnw = 75200
Free:
       pc1 = 0
       pc2 = 0
       pc3 = 0
       pc4 = 0
       pc5 = 0
       pc6 = 0
       pc7 = 0
       pc8 = 0
       pc9 = 0
      pc10 = 0
      pc11 = 0
      pc12 = 0
      pc13 = 0
      pc14 = 0
      pc15 = 0
      pc16 = 0
      pc17 = 0
      pc18 = 0
Constrained:
   Tgbecnw = 130261
     Tecnw = 27012.8
       Tnw = 22556.5
       Tec = 11355
     twoNb = 1.2117e+06
     twoNe = 3552.29
     twoNc = 1.5703e+06
     twoNn = 985476
     twoNw = 1.44394e+07
    twoNec = 90914.7
    twoNnw = 13593.2
  twoNecnw = 62712.5
  twoNbecnw = 17546.1
  twoNgbecnw = 246045
         m = 0.112962
        m3 = 0.207717
        m4 = 0.0217781
        m6 = 9.88069e-07
        Ta = 43277.5
        Tc = 11278.2
        Td = 5639.12
        Tf = 2819.56
DiffEv reached_goal. cost=2.14142e-03 spread=2.96001e-06
Fitted parameter values
Free:
       pc1 = 3.50446
       pc2 = -3.97306
       pc3 = -1.40184
       pc4 = 1.54366
       pc5 = -0.572863
       pc6 = -0.429993
       pc7 = 0.893438
       pc8 = 3.31035
       pc9 = 1.36744
      pc10 = 0.196061
      pc11 = 0.722356
      pc12 = 0.878542
      pc13 = -0.304369
      pc14 = 0.0490768
      pc15 = -0.277377
      pc16 = -0.186979
      pc17 = 0.0196075
      pc18 = -0.0194416
Constrained:
   Tgbecnw = 92733.8
     Tecnw = 25527.9
       Tnw = 19838.6
       Tec = 9970.02
     twoNb = 1.91516e+06
     twoNe = 3527.18
     twoNc = 2.37868e+06
     twoNn = 3.53653e+06
     twoNw = 937048
    twoNec = 87951.3
    twoNnw = 16618.8
  twoNecnw = 60903.3
  twoNbecnw = 6238.65
  twoNgbecnw = 287051
         m = 0.0917895
        m3 = 0.21857
        m4 = 0.0219617
        m6 = 9.98605e-07
        Ta = 42585
        Tc = 9919.32
        Td = 4959.66
        Tf = 2479.83
#       SitePat  BranchLen
              b 116673.4869589
              e 44352.7461317
              c 45620.7458363
              n 41615.2085262
              w 44153.6750063
            b:e 1219.9307684
            b:c 1445.7291360
            b:n 999.0195789
            b:w 1157.2598728
            e:c 11393.7437216
            e:n 4743.3688084
            e:w 3859.6450903
            c:n 4448.7386737
            c:w 3750.5966582
            n:w 12513.2059834
          b:e:c 1381.6366478
          b:e:n 595.7444793
          b:e:w 592.0697161
          b:c:n 592.2941006
          b:c:w 603.7468520
          b:n:w 1365.5823254
          e:c:n 4774.3071395
          e:c:w 3817.7063929
          e:n:w 5321.6985839
          c:n:w 4846.6881533
        b:e:c:n 1262.3801068
        b:e:c:w 1096.3618247
        b:e:n:w 1956.4389655
        b:c:n:w 1333.1029521
        e:c:n:w 45907.0060898
