########################################
# legofit: estimate population history #
#       version 2.3.4-4-g53f8760       #
########################################

# Program was compiled: Sep 21 2021 14:36:42
# Program was run: Fri Sep 24 06:54:14 2021

# cmd: legofit -1 -d 0 -t 32 --ptsPerDim 3 --stateOut b1boot41.state --tol 3e-6 -S 5000 acdf2.lgo ../../chrX/boot_chrX/boot41.opf
# Stage nOptItr nSimReps
#     0    5000        0
# algorithm          : deterministic
# ignoring probs <=  : 0
# Branch length floor: 0
# DE strategy        : 2
#    F               : 0.3
#    CR              : 0.8
#    tolerance       : 3e-06
# nthreads           : 32
# lgo input file     : acdf2.lgo
# site pat input file: ../../chrX/boot_chrX/boot41.opf
# free parameters    : 18
# points in DE swarm : 54
# output state file  : b1boot41.state
# Including singleton site patterns.
# cost function      : KL
Initial parameter values
Fixed:
      zero = 0
       one = 1
    Tbecnw = 75200
Free:
       pc1 = 0
       pc2 = 0
       pc3 = 0
       pc4 = 0
       pc5 = 0
       pc6 = 0
       pc7 = 0
       pc8 = 0
       pc9 = 0
      pc10 = 0
      pc11 = 0
      pc12 = 0
      pc13 = 0
      pc14 = 0
      pc15 = 0
      pc16 = 0
      pc17 = 0
      pc18 = 0
Constrained:
   Tgbecnw = 130261
     Tecnw = 27012.8
       Tnw = 22556.5
       Tec = 11355
     twoNb = 1.2117e+06
     twoNe = 3552.29
     twoNc = 1.5703e+06
     twoNn = 985476
     twoNw = 1.44394e+07
    twoNec = 90914.7
    twoNnw = 13593.2
  twoNecnw = 62712.5
  twoNbecnw = 17546.1
  twoNgbecnw = 246045
         m = 0.112962
        m3 = 0.207717
        m4 = 0.0217781
        m6 = 9.88069e-07
        Ta = 43277.5
        Tc = 11278.2
        Td = 5639.12
        Tf = 2819.56
DiffEv reached_goal. cost=2.07015e-03 spread=2.88929e-06
Fitted parameter values
Free:
       pc1 = 2.23396
       pc2 = -3.98041
       pc3 = -0.327188
       pc4 = -0.295601
       pc5 = -0.946765
       pc6 = 1.21698
       pc7 = -0.554258
       pc8 = 3.40257
       pc9 = 1.22856
      pc10 = -0.461638
      pc11 = 0.336662
      pc12 = 0.468819
      pc13 = 0.714714
      pc14 = 0.210741
      pc15 = -0.0931078
      pc16 = -0.0342288
      pc17 = -0.04406
      pc18 = -0.0170259
Constrained:
   Tgbecnw = 101528
     Tecnw = 25399.3
       Tnw = 21707.7
       Tec = 10910.9
     twoNb = 905403
     twoNe = 4813.46
     twoNc = 4.83421e+06
     twoNn = 3.07684e+06
     twoNw = 1.22567e+06
    twoNec = 88476.7
    twoNnw = 10791.2
  twoNecnw = 62487.3
  twoNbecnw = 8808.13
  twoNgbecnw = 305684
         m = 0.0924965
        m3 = 0.213756
        m4 = 0.0226772
        m6 = 7.07024e-07
        Ta = 43055.5
        Tc = 10853.9
        Td = 5426.93
        Tf = 2713.46
#       SitePat  BranchLen
              b 119862.9010225
              e 45228.6666213
              c 46514.3786007
              n 42258.3115222
              w 44575.6037379
            b:e 1243.5763583
            b:c 1530.5882965
            b:n 1002.2660352
            b:w 1146.2557562
            e:c 11224.2202234
            e:n 4788.5546344
            e:w 3986.0195746
            c:n 4510.8517664
            c:w 3863.9219987
            n:w 12527.9885232
          b:e:c 1376.7191055
          b:e:n 601.9281418
          b:e:w 598.9241817
          b:c:n 600.3023058
          b:c:w 610.1228041
          b:n:w 1358.8114752
          e:c:n 4719.0882302
          e:c:w 3851.2608420
          e:n:w 5504.1560841
          c:n:w 4993.0154495
        b:e:c:n 1245.6529042
        b:e:c:w 1094.8466449
        b:e:n:w 2024.0422859
        b:c:n:w 1352.6864742
        e:c:n:w 48161.9681459
