########################################
# legofit: estimate population history #
#       version 2.3.4-4-g53f8760       #
########################################

# Program was compiled: Sep 21 2021 14:36:42
# Program was run: Fri Sep 24 06:54:50 2021

# cmd: legofit -1 -d 0 -t 32 --ptsPerDim 3 --stateOut b1boot46.state --tol 3e-6 -S 5000 acdf2.lgo ../../chrX/boot_chrX/boot46.opf
# Stage nOptItr nSimReps
#     0    5000        0
# algorithm          : deterministic
# ignoring probs <=  : 0
# Branch length floor: 0
# DE strategy        : 2
#    F               : 0.3
#    CR              : 0.8
#    tolerance       : 3e-06
# nthreads           : 32
# lgo input file     : acdf2.lgo
# site pat input file: ../../chrX/boot_chrX/boot46.opf
# free parameters    : 18
# points in DE swarm : 54
# output state file  : b1boot46.state
# Including singleton site patterns.
# cost function      : KL
Initial parameter values
Fixed:
      zero = 0
       one = 1
    Tbecnw = 75200
Free:
       pc1 = 0
       pc2 = 0
       pc3 = 0
       pc4 = 0
       pc5 = 0
       pc6 = 0
       pc7 = 0
       pc8 = 0
       pc9 = 0
      pc10 = 0
      pc11 = 0
      pc12 = 0
      pc13 = 0
      pc14 = 0
      pc15 = 0
      pc16 = 0
      pc17 = 0
      pc18 = 0
Constrained:
   Tgbecnw = 130261
     Tecnw = 27012.8
       Tnw = 22556.5
       Tec = 11355
     twoNb = 1.2117e+06
     twoNe = 3552.29
     twoNc = 1.5703e+06
     twoNn = 985476
     twoNw = 1.44394e+07
    twoNec = 90914.7
    twoNnw = 13593.2
  twoNecnw = 62712.5
  twoNbecnw = 17546.1
  twoNgbecnw = 246045
         m = 0.112962
        m3 = 0.207717
        m4 = 0.0217781
        m6 = 9.88069e-07
        Ta = 43277.5
        Tc = 11278.2
        Td = 5639.12
        Tf = 2819.56
DiffEv reached_goal. cost=2.04627e-03 spread=2.97065e-06
Fitted parameter values
Free:
       pc1 = 3.06764
       pc2 = -3.92673
       pc3 = -0.494996
       pc4 = 0.246207
       pc5 = -0.645665
       pc6 = 0.208372
       pc7 = -0.333125
       pc8 = 3.24479
       pc9 = 1.79882
      pc10 = 0.171329
      pc11 = -0.559564
      pc12 = 0.407652
      pc13 = 0.163602
      pc14 = -0.0170884
      pc15 = -0.0519257
      pc16 = -0.0543154
      pc17 = -0.103771
      pc18 = -0.0212545
Constrained:
   Tgbecnw = 97827.6
     Tecnw = 25529.4
       Tnw = 20756.3
       Tec = 10430.2
     twoNb = 1.23262e+06
     twoNe = 4816.73
     twoNc = 4.27508e+06
     twoNn = 3.03204e+06
     twoNw = 7.29472e+06
    twoNec = 88329.2
    twoNnw = 14601.3
  twoNecnw = 60446.6
  twoNbecnw = 7607.27
  twoNgbecnw = 312178
         m = 0.0838423
        m3 = 0.215732
        m4 = 0.0209829
        m6 = 1.72242e-07
        Ta = 42815.1
        Tc = 10378.2
        Td = 5189.08
        Tf = 2594.54
#       SitePat  BranchLen
              b 117142.0411973
              e 44509.7156002
              c 45688.2004458
              n 41990.0367382
              w 44382.1591048
            b:e 1194.7469579
            b:c 1426.6360136
            b:n 988.6817193
            b:w 1135.3344261
            e:c 11204.8979357
            e:n 4747.7182446
            e:w 3931.0019661
            c:n 4491.0261861
            c:w 3817.8705994
            n:w 12177.8984086
          b:e:c 1331.5603419
          b:e:n 588.4082141
          b:e:w 586.0385789
          b:c:n 586.8598101
          b:c:w 596.0757250
          b:n:w 1316.6292392
          e:c:n 4773.5613555
          e:c:w 3871.3108541
          e:n:w 5312.8852397
          c:n:w 4857.9650232
        b:e:c:n 1232.9065995
        b:e:c:w 1079.4076131
        b:e:n:w 1893.7018681
        b:c:n:w 1299.5827232
        e:c:n:w 46140.7498009
