########################################
# legofit: estimate population history #
#       version 2.3.4-4-g53f8760       #
########################################

# Program was compiled: Sep 21 2021 14:36:42
# Program was run: Fri Sep 24 06:55:23 2021

# cmd: legofit -1 -d 0 -t 32 --ptsPerDim 3 --stateOut b1boot49.state --tol 3e-6 -S 5000 acdf2.lgo ../../chrX/boot_chrX/boot49.opf
# Stage nOptItr nSimReps
#     0    5000        0
# algorithm          : deterministic
# ignoring probs <=  : 0
# Branch length floor: 0
# DE strategy        : 2
#    F               : 0.3
#    CR              : 0.8
#    tolerance       : 3e-06
# nthreads           : 32
# lgo input file     : acdf2.lgo
# site pat input file: ../../chrX/boot_chrX/boot49.opf
# free parameters    : 18
# points in DE swarm : 54
# output state file  : b1boot49.state
# Including singleton site patterns.
# cost function      : KL
Initial parameter values
Fixed:
      zero = 0
       one = 1
    Tbecnw = 75200
Free:
       pc1 = 0
       pc2 = 0
       pc3 = 0
       pc4 = 0
       pc5 = 0
       pc6 = 0
       pc7 = 0
       pc8 = 0
       pc9 = 0
      pc10 = 0
      pc11 = 0
      pc12 = 0
      pc13 = 0
      pc14 = 0
      pc15 = 0
      pc16 = 0
      pc17 = 0
      pc18 = 0
Constrained:
   Tgbecnw = 130261
     Tecnw = 27012.8
       Tnw = 22556.5
       Tec = 11355
     twoNb = 1.2117e+06
     twoNe = 3552.29
     twoNc = 1.5703e+06
     twoNn = 985476
     twoNw = 1.44394e+07
    twoNec = 90914.7
    twoNnw = 13593.2
  twoNecnw = 62712.5
  twoNbecnw = 17546.1
  twoNgbecnw = 246045
         m = 0.112962
        m3 = 0.207717
        m4 = 0.0217781
        m6 = 9.88069e-07
        Ta = 43277.5
        Tc = 11278.2
        Td = 5639.12
        Tf = 2819.56
DiffEv reached_goal. cost=2.02423e-03 spread=2.30085e-06
Fitted parameter values
Free:
       pc1 = 3.15132
       pc2 = -3.94972
       pc3 = -0.489148
       pc4 = 1.64711
       pc5 = -1.10616
       pc6 = 0.494343
       pc7 = 0.219845
       pc8 = 3.16284
       pc9 = -0.247276
      pc10 = -0.2466
      pc11 = 0.499813
      pc12 = 0.225222
      pc13 = 0.582153
      pc14 = -0.198108
      pc15 = -0.101131
      pc16 = -0.154878
      pc17 = -0.155132
      pc18 = 0.00653943
Constrained:
   Tgbecnw = 94959.8
     Tecnw = 25432.4
       Tnw = 21215.2
       Tec = 10644.7
     twoNb = 1.0641e+06
     twoNe = 1752.67
     twoNc = 2.36514e+06
     twoNn = 2.87616e+06
     twoNw = 120623
    twoNec = 89385.4
    twoNnw = 13294.2
  twoNecnw = 59365.5
  twoNbecnw = 7044.02
  twoNgbecnw = 286510
         m = 0.0907925
        m3 = 0.218017
        m4 = 0.0227602
        m6 = 1.60715e-06
        Ta = 42922.3
        Tc = 10607.6
        Td = 5303.81
        Tf = 2651.9
#       SitePat  BranchLen
              b 117177.9254729
              e 44348.4939041
              c 45692.1437132
              n 41930.7311658
              w 44339.4523954
            b:e 1227.8010130
            b:c 1505.0278305
            b:n 1020.4330531
            b:w 1172.3662241
            e:c 10973.8788909
            e:n 4863.3474188
            e:w 3987.2634280
            c:n 4506.1662894
            c:w 3881.1171855
            n:w 11902.3343007
          b:e:c 1352.7158469
          b:e:n 615.1138232
          b:e:w 608.3761361
          b:c:n 610.0180595
          b:c:w 623.9463813
          b:n:w 1336.5349182
          e:c:n 4827.9753550
          e:c:w 3920.3872202
          e:n:w 5421.8905539
          c:n:w 4890.7916872
        b:e:c:n 1273.8962587
        b:e:c:w 1114.7724529
        b:e:n:w 1973.6044687
        b:c:n:w 1336.6794181
        e:c:n:w 46439.6947680
