########################################
# legofit: estimate population history #
#       version 2.3.4-4-g53f8760       #
########################################

# Program was compiled: Sep 21 2021 14:36:42
# Program was run: Fri Sep 24 06:49:37 2021

# cmd: legofit -1 -d 0 -t 32 --ptsPerDim 3 --stateOut b1boot8.state --tol 3e-6 -S 5000 acdf2.lgo ../../chrX/boot_chrX/boot8.opf
# Stage nOptItr nSimReps
#     0    5000        0
# algorithm          : deterministic
# ignoring probs <=  : 0
# Branch length floor: 0
# DE strategy        : 2
#    F               : 0.3
#    CR              : 0.8
#    tolerance       : 3e-06
# nthreads           : 32
# lgo input file     : acdf2.lgo
# site pat input file: ../../chrX/boot_chrX/boot8.opf
# free parameters    : 18
# points in DE swarm : 54
# output state file  : b1boot8.state
# Including singleton site patterns.
# cost function      : KL
Initial parameter values
Fixed:
      zero = 0
       one = 1
    Tbecnw = 75200
Free:
       pc1 = 0
       pc2 = 0
       pc3 = 0
       pc4 = 0
       pc5 = 0
       pc6 = 0
       pc7 = 0
       pc8 = 0
       pc9 = 0
      pc10 = 0
      pc11 = 0
      pc12 = 0
      pc13 = 0
      pc14 = 0
      pc15 = 0
      pc16 = 0
      pc17 = 0
      pc18 = 0
Constrained:
   Tgbecnw = 130261
     Tecnw = 27012.8
       Tnw = 22556.5
       Tec = 11355
     twoNb = 1.2117e+06
     twoNe = 3552.29
     twoNc = 1.5703e+06
     twoNn = 985476
     twoNw = 1.44394e+07
    twoNec = 90914.7
    twoNnw = 13593.2
  twoNecnw = 62712.5
  twoNbecnw = 17546.1
  twoNgbecnw = 246045
         m = 0.112962
        m3 = 0.207717
        m4 = 0.0217781
        m6 = 9.88069e-07
        Ta = 43277.5
        Tc = 11278.2
        Td = 5639.12
        Tf = 2819.56
DiffEv reached_goal. cost=2.06437e-03 spread=2.58142e-06
Fitted parameter values
Free:
       pc1 = 2.85939
       pc2 = -3.99488
       pc3 = -0.691985
       pc4 = 0.315906
       pc5 = -0.191184
       pc6 = 0.876265
       pc7 = 0.49063
       pc8 = 2.02143
       pc9 = 1.14996
      pc10 = -0.382987
      pc11 = 1.23247
      pc12 = 0.4816
      pc13 = 0.176075
      pc14 = -0.00561024
      pc15 = -0.0547362
      pc16 = -0.0225695
      pc17 = -0.0254577
      pc18 = -0.00763322
Constrained:
   Tgbecnw = 101072
     Tecnw = 25438.4
       Tnw = 20649.2
       Tec = 10404
     twoNb = 1.48207e+06
     twoNe = 5109.25
     twoNc = 3.05498e+06
     twoNn = 2.09341e+06
     twoNw = 4.60492e+06
    twoNec = 87769.3
    twoNnw = 14392.2
  twoNecnw = 61796.1
  twoNbecnw = 8912.09
  twoNgbecnw = 295073
         m = 0.0905955
        m3 = 0.214171
        m4 = 0.0237295
        m6 = 1.50601e-06
        Ta = 42802
        Tc = 10324.6
        Td = 5162.31
        Tf = 2581.15
#       SitePat  BranchLen
              b 118848.4932310
              e 44865.8658083
              c 46256.2190832
              n 42156.3314630
              w 44606.3308384
            b:e 1270.0544465
            b:c 1532.5732093
            b:n 1043.1870806
            b:w 1199.6873192
            e:c 11414.6808322
            e:n 4858.7813839
            e:w 3998.4088369
            c:n 4539.6620818
            c:w 3876.4970182
            n:w 12540.5660607
          b:e:c 1418.4851099
          b:e:n 623.0809721
          b:e:w 618.4318595
          b:c:n 619.1857238
          b:c:w 631.0597453
          b:n:w 1402.4679342
          e:c:n 4860.7253814
          e:c:w 3934.2636166
          e:n:w 5506.3122757
          c:n:w 4976.6594884
        b:e:c:n 1301.6647520
        b:e:c:w 1137.9396044
        b:e:n:w 2070.9912387
        b:c:n:w 1380.0702817
        e:c:n:w 47217.6865801
