########################################
# legofit: estimate population history #
#       version 2.3.4-4-g53f8760       #
########################################

# Program was compiled: Sep 21 2021 14:36:42
# Program was run: Fri Sep 24 06:50:27 2021

# cmd: legofit -1 -d 0 -t 32 --ptsPerDim 3 --stateOut b1boot16.state --tol 3e-6 -S 5000 acdf2.lgo ../../chrX/boot_chrX/boot16.opf
# Stage nOptItr nSimReps
#     0    5000        0
# algorithm          : deterministic
# ignoring probs <=  : 0
# Branch length floor: 0
# DE strategy        : 2
#    F               : 0.3
#    CR              : 0.8
#    tolerance       : 3e-06
# nthreads           : 32
# lgo input file     : acdf2.lgo
# site pat input file: ../../chrX/boot_chrX/boot16.opf
# free parameters    : 18
# points in DE swarm : 54
# output state file  : b1boot16.state
# Including singleton site patterns.
# cost function      : KL
Initial parameter values
Fixed:
      zero = 0
       one = 1
    Tbecnw = 75200
Free:
       pc1 = 0
       pc2 = 0
       pc3 = 0
       pc4 = 0
       pc5 = 0
       pc6 = 0
       pc7 = 0
       pc8 = 0
       pc9 = 0
      pc10 = 0
      pc11 = 0
      pc12 = 0
      pc13 = 0
      pc14 = 0
      pc15 = 0
      pc16 = 0
      pc17 = 0
      pc18 = 0
Constrained:
   Tgbecnw = 130261
     Tecnw = 27012.8
       Tnw = 22556.5
       Tec = 11355
     twoNb = 1.2117e+06
     twoNe = 3552.29
     twoNc = 1.5703e+06
     twoNn = 985476
     twoNw = 1.44394e+07
    twoNec = 90914.7
    twoNnw = 13593.2
  twoNecnw = 62712.5
  twoNbecnw = 17546.1
  twoNgbecnw = 246045
         m = 0.112962
        m3 = 0.207717
        m4 = 0.0217781
        m6 = 9.88069e-07
        Ta = 43277.5
        Tc = 11278.2
        Td = 5639.12
        Tf = 2819.56
DiffEv reached_goal. cost=2.11212e-03 spread=2.48492e-06
Fitted parameter values
Free:
       pc1 = 1.43772
       pc2 = -3.99501
       pc3 = -0.811479
       pc4 = 0.428564
       pc5 = -1.67834
       pc6 = 1.56244
       pc7 = 0.48932
       pc8 = 3.94758
       pc9 = 1.90728
      pc10 = 0.737417
      pc11 = 0.0378541
      pc12 = -0.139047
      pc13 = 0.202059
      pc14 = -0.252495
      pc15 = -0.201086
      pc16 = -0.292409
      pc17 = 0.0232709
      pc18 = -0.00678591
Constrained:
   Tgbecnw = 95161.3
     Tecnw = 25764.3
       Tnw = 22090.8
       Tec = 11135.3
     twoNb = 1.15576e+06
     twoNe = 5244.6
     twoNc = 5.29679e+06
     twoNn = 3.97241e+06
     twoNw = 6.21474e+06
    twoNec = 85377.1
    twoNnw = 10208.7
  twoNecnw = 60981.9
  twoNbecnw = 7536.31
  twoNgbecnw = 233538
         m = 0.115237
        m3 = 0.225733
        m4 = 0.0218805
        m6 = 1.70623e-06
        Ta = 43167.7
        Tc = 11045.4
        Td = 5522.69
        Tf = 2761.35
#       SitePat  BranchLen
              b 117767.3799005
              e 44905.8076069
              c 46166.2009218
              n 41929.6360640
              w 44480.7960371
            b:e 1220.5266884
            b:c 1490.9605827
            b:n 975.7770493
            b:w 1134.2202169
            e:c 11263.8066940
            e:n 4762.9452262
            e:w 3861.3156944
            c:n 4443.2645090
            c:w 3759.4285917
            n:w 12495.3855959
          b:e:c 1369.7074235
          b:e:n 587.5459636
          b:e:w 582.4072195
          b:c:n 582.6929026
          b:c:w 595.2445411
          b:n:w 1352.9918500
          e:c:n 4752.1431905
          e:c:w 3786.4486665
          e:n:w 5460.3821425
          c:n:w 4949.0924929
        b:e:c:n 1231.5503337
        b:e:c:w 1065.6942716
        b:e:n:w 1932.8280826
        b:c:n:w 1326.8738012
        e:c:n:w 46433.2919044
