########################################
# legofit: estimate population history #
#       version 2.3.4-4-g53f8760       #
########################################

# Program was compiled: Sep 21 2021 14:36:42
# Program was run: Fri Sep 24 06:53:26 2021

# cmd: legofit -1 -d 0 -t 32 --ptsPerDim 3 --stateOut b1boot34.state --tol 3e-6 -S 5000 acdf2.lgo ../../chrX/boot_chrX/boot34.opf
# Stage nOptItr nSimReps
#     0    5000        0
# algorithm          : deterministic
# ignoring probs <=  : 0
# Branch length floor: 0
# DE strategy        : 2
#    F               : 0.3
#    CR              : 0.8
#    tolerance       : 3e-06
# nthreads           : 32
# lgo input file     : acdf2.lgo
# site pat input file: ../../chrX/boot_chrX/boot34.opf
# free parameters    : 18
# points in DE swarm : 54
# output state file  : b1boot34.state
# Including singleton site patterns.
# cost function      : KL
Initial parameter values
Fixed:
      zero = 0
       one = 1
    Tbecnw = 75200
Free:
       pc1 = 0
       pc2 = 0
       pc3 = 0
       pc4 = 0
       pc5 = 0
       pc6 = 0
       pc7 = 0
       pc8 = 0
       pc9 = 0
      pc10 = 0
      pc11 = 0
      pc12 = 0
      pc13 = 0
      pc14 = 0
      pc15 = 0
      pc16 = 0
      pc17 = 0
      pc18 = 0
Constrained:
   Tgbecnw = 130261
     Tecnw = 27012.8
       Tnw = 22556.5
       Tec = 11355
     twoNb = 1.2117e+06
     twoNe = 3552.29
     twoNc = 1.5703e+06
     twoNn = 985476
     twoNw = 1.44394e+07
    twoNec = 90914.7
    twoNnw = 13593.2
  twoNecnw = 62712.5
  twoNbecnw = 17546.1
  twoNgbecnw = 246045
         m = 0.112962
        m3 = 0.207717
        m4 = 0.0217781
        m6 = 9.88069e-07
        Ta = 43277.5
        Tc = 11278.2
        Td = 5639.12
        Tf = 2819.56
DiffEv reached_goal. cost=1.97552e-03 spread=2.79983e-06
Fitted parameter values
Free:
       pc1 = 3.76533
       pc2 = -3.98865
       pc3 = -1.28792
       pc4 = 0.776529
       pc5 = -0.394192
       pc6 = -0.662974
       pc7 = -1.64265
       pc8 = 1.76012
       pc9 = 0.690062
      pc10 = -0.49202
      pc11 = 1.61587
      pc12 = -0.289355
      pc13 = 0.00934814
      pc14 = -0.151004
      pc15 = 0.334175
      pc16 = -0.122447
      pc17 = -0.107693
      pc18 = 0.00171328
Constrained:
   Tgbecnw = 99352.5
     Tecnw = 25307.1
       Tnw = 20380.6
       Tec = 10254.3
     twoNb = 1.68198e+06
     twoNe = 2297.32
     twoNc = 3.38585e+06
     twoNn = 1.13915e+06
     twoNw = 100791
    twoNec = 85782.3
    twoNnw = 15965
  twoNecnw = 59183.9
  twoNbecnw = 8010.95
  twoNgbecnw = 309325
         m = 0.086785
        m3 = 0.18495
        m4 = 0.0230068
        m6 = 2.65069e-08
        Ta = 42727.1
        Tc = 10190.3
        Td = 5095.15
        Tf = 2547.57
#       SitePat  BranchLen
              b 117925.8262935
              e 43944.4352335
              c 45374.8892010
              n 41780.9869183
              w 43964.8914222
            b:e 1133.2415746
            b:c 1374.8365783
            b:n 956.2842973
            b:w 1084.1815565
            e:c 11266.6287568
            e:n 4722.2503176
            e:w 3908.8286229
            c:n 4347.7863208
            c:w 3804.7986887
            n:w 12111.8165720
          b:e:c 1274.5136990
          b:e:n 561.6992077
          b:e:w 554.2199567
          b:c:n 555.3996252
          b:c:w 568.4063644
          b:n:w 1261.8437342
          e:c:n 4752.6943936
          e:c:w 3925.1992164
          e:n:w 5329.9969550
          c:n:w 4804.5020185
        b:e:c:n 1171.2292344
        b:e:c:w 1037.8044869
        b:e:n:w 1902.1991588
        b:c:n:w 1226.2520606
        e:c:n:w 47102.9971837
