########################################
# legofit: estimate population history #
#       version 2.3.4-4-g53f8760       #
########################################

# Program was compiled: Sep 21 2021 14:36:42
# Program was run: Fri Sep 24 06:54:58 2021

# cmd: legofit -1 -d 0 -t 32 --ptsPerDim 3 --stateOut b1boot47.state --tol 3e-6 -S 5000 acdf2.lgo ../../chrX/boot_chrX/boot47.opf
# Stage nOptItr nSimReps
#     0    5000        0
# algorithm          : deterministic
# ignoring probs <=  : 0
# Branch length floor: 0
# DE strategy        : 2
#    F               : 0.3
#    CR              : 0.8
#    tolerance       : 3e-06
# nthreads           : 32
# lgo input file     : acdf2.lgo
# site pat input file: ../../chrX/boot_chrX/boot47.opf
# free parameters    : 18
# points in DE swarm : 54
# output state file  : b1boot47.state
# Including singleton site patterns.
# cost function      : KL
Initial parameter values
Fixed:
      zero = 0
       one = 1
    Tbecnw = 75200
Free:
       pc1 = 0
       pc2 = 0
       pc3 = 0
       pc4 = 0
       pc5 = 0
       pc6 = 0
       pc7 = 0
       pc8 = 0
       pc9 = 0
      pc10 = 0
      pc11 = 0
      pc12 = 0
      pc13 = 0
      pc14 = 0
      pc15 = 0
      pc16 = 0
      pc17 = 0
      pc18 = 0
Constrained:
   Tgbecnw = 130261
     Tecnw = 27012.8
       Tnw = 22556.5
       Tec = 11355
     twoNb = 1.2117e+06
     twoNe = 3552.29
     twoNc = 1.5703e+06
     twoNn = 985476
     twoNw = 1.44394e+07
    twoNec = 90914.7
    twoNnw = 13593.2
  twoNecnw = 62712.5
  twoNbecnw = 17546.1
  twoNgbecnw = 246045
         m = 0.112962
        m3 = 0.207717
        m4 = 0.0217781
        m6 = 9.88069e-07
        Ta = 43277.5
        Tc = 11278.2
        Td = 5639.12
        Tf = 2819.56
DiffEv reached_goal. cost=2.15527e-03 spread=2.91761e-06
Fitted parameter values
Free:
       pc1 = 3.21236
       pc2 = -3.99685
       pc3 = -0.221044
       pc4 = 0.868526
       pc5 = -0.935986
       pc6 = -0.657514
       pc7 = 0.619103
       pc8 = 1.63064
       pc9 = 0.222716
      pc10 = -0.941287
      pc11 = 1.09664
      pc12 = -0.483294
      pc13 = 0.307712
      pc14 = -0.19167
      pc15 = -0.092106
      pc16 = -0.239347
      pc17 = -0.0686992
      pc18 = 0.00301701
Constrained:
   Tgbecnw = 97725.2
     Tecnw = 25499.4
       Tnw = 20747.9
       Tec = 10456.9
     twoNb = 1.18002e+06
     twoNe = 3954.91
     twoNc = 825828
     twoNn = 1.84993e+06
     twoNw = 3.06145e+06
    twoNec = 87765.1
    twoNnw = 14987.7
  twoNecnw = 59669.8
  twoNbecnw = 7715.66
  twoNgbecnw = 280911
         m = 0.0931285
        m3 = 0.19518
        m4 = 0.0228963
        m6 = 1.57879e-06
        Ta = 42828.4
        Tc = 10373.9
        Td = 5186.97
        Tf = 2593.48
#       SitePat  BranchLen
              b 116810.0672564
              e 44311.9059411
              c 45646.0164714
              n 41933.5394276
              w 44152.9303673
            b:e 1133.6005180
            b:c 1394.2054898
            b:n 944.5231573
            b:w 1073.9412224
            e:c 11150.2504307
            e:n 4708.1844435
            e:w 3903.7907762
            c:n 4373.1801994
            c:w 3792.4619171
            n:w 12116.8551836
          b:e:c 1267.0167137
          b:e:n 558.9065228
          b:e:w 553.3200311
          b:c:n 554.6929220
          b:c:w 566.0763618
          b:n:w 1253.0130647
          e:c:n 4698.1452218
          e:c:w 3863.8662318
          e:n:w 5323.2677545
          c:n:w 4806.2385692
        b:e:c:n 1162.8149685
        b:e:c:w 1027.5999553
        b:e:n:w 1869.2042099
        b:c:n:w 1229.3080742
        e:c:n:w 45866.4169413
