########################################
# legofit: estimate population history #
#       version 2.3.4-4-g53f8760       #
########################################

# Program was compiled: Sep 21 2021 14:36:42
# Program was run: Fri Sep 24 06:53:46 2021

# cmd: legofit -1 -d 0 -t 32 --ptsPerDim 3 --stateOut b1boot37.state --tol 3e-6 -S 5000 acdf2.lgo ../../chrX/boot_chrX/boot37.opf
# Stage nOptItr nSimReps
#     0    5000        0
# algorithm          : deterministic
# ignoring probs <=  : 0
# Branch length floor: 0
# DE strategy        : 2
#    F               : 0.3
#    CR              : 0.8
#    tolerance       : 3e-06
# nthreads           : 32
# lgo input file     : acdf2.lgo
# site pat input file: ../../chrX/boot_chrX/boot37.opf
# free parameters    : 18
# points in DE swarm : 54
# output state file  : b1boot37.state
# Including singleton site patterns.
# cost function      : KL
Initial parameter values
Fixed:
      zero = 0
       one = 1
    Tbecnw = 75200
Free:
       pc1 = 0
       pc2 = 0
       pc3 = 0
       pc4 = 0
       pc5 = 0
       pc6 = 0
       pc7 = 0
       pc8 = 0
       pc9 = 0
      pc10 = 0
      pc11 = 0
      pc12 = 0
      pc13 = 0
      pc14 = 0
      pc15 = 0
      pc16 = 0
      pc17 = 0
      pc18 = 0
Constrained:
   Tgbecnw = 130261
     Tecnw = 27012.8
       Tnw = 22556.5
       Tec = 11355
     twoNb = 1.2117e+06
     twoNe = 3552.29
     twoNc = 1.5703e+06
     twoNn = 985476
     twoNw = 1.44394e+07
    twoNec = 90914.7
    twoNnw = 13593.2
  twoNecnw = 62712.5
  twoNbecnw = 17546.1
  twoNgbecnw = 246045
         m = 0.112962
        m3 = 0.207717
        m4 = 0.0217781
        m6 = 9.88069e-07
        Ta = 43277.5
        Tc = 11278.2
        Td = 5639.12
        Tf = 2819.56
DiffEv reached_goal. cost=1.94285e-03 spread=2.83130e-06
Fitted parameter values
Free:
       pc1 = 1.53018
       pc2 = -3.9472
       pc3 = 0.0629607
       pc4 = 1.19154
       pc5 = 0.365855
       pc6 = -0.333083
       pc7 = 0.111782
       pc8 = 2.57822
       pc9 = 1.51359
      pc10 = 0.194039
      pc11 = 0.0867482
      pc12 = 0.263911
      pc13 = 0.291242
      pc14 = -0.311467
      pc15 = 0.0898505
      pc16 = 0.0114627
      pc17 = -0.12585
      pc18 = -0.00196066
Constrained:
   Tgbecnw = 102965
     Tecnw = 25534.4
       Tnw = 22340.5
       Tec = 11247.7
     twoNb = 1.6159e+06
     twoNe = 4819.45
     twoNc = 2.29328e+06
     twoNn = 2.26404e+06
     twoNw = 6.69845e+06
    twoNec = 83965.7
    twoNnw = 9677.76
  twoNecnw = 60390.2
  twoNbecnw = 9432.91
  twoNgbecnw = 295650
         m = 0.086957
        m3 = 0.221497
        m4 = 0.0209694
        m6 = 5.43772e-07
        Ta = 43223.8
        Tc = 11170.2
        Td = 5585.12
        Tf = 2792.56
#       SitePat  BranchLen
              b 118140.5985388
              e 44701.7262056
              c 45950.6360613
              n 42233.9268304
              w 44709.2504013
            b:e 1235.0503970
            b:c 1458.9646791
            b:n 1018.6529239
            b:w 1175.6131249
            e:c 11232.8951618
            e:n 4850.4848982
            e:w 3986.4705523
            c:n 4547.0167129
            c:w 3883.5557463
            n:w 12117.6068490
          b:e:c 1368.6020030
          b:e:n 608.9247871
          b:e:w 604.0223093
          b:c:n 604.2657253
          b:c:w 615.9643709
          b:n:w 1354.8635119
          e:c:n 4894.2053501
          e:c:w 3946.3570916
          e:n:w 5442.8150677
          c:n:w 4968.8986191
        b:e:c:n 1269.0820777
        b:e:c:w 1105.3257089
        b:e:n:w 1935.0261097
        b:c:n:w 1335.2182572
        e:c:n:w 46649.1869596
