########################################
# legofit: estimate population history #
#       version 2.3.4-4-g53f8760       #
########################################

# Program was compiled: Sep 21 2021 14:36:42
# Program was run: Fri Sep 24 06:50:15 2021

# cmd: legofit -1 -d 0 -t 32 --ptsPerDim 3 --stateOut b1boot12.state --tol 3e-6 -S 5000 acdf2.lgo ../../chrX/boot_chrX/boot12.opf
# Stage nOptItr nSimReps
#     0    5000        0
# algorithm          : deterministic
# ignoring probs <=  : 0
# Branch length floor: 0
# DE strategy        : 2
#    F               : 0.3
#    CR              : 0.8
#    tolerance       : 3e-06
# nthreads           : 32
# lgo input file     : acdf2.lgo
# site pat input file: ../../chrX/boot_chrX/boot12.opf
# free parameters    : 18
# points in DE swarm : 54
# output state file  : b1boot12.state
# Including singleton site patterns.
# cost function      : KL
Initial parameter values
Fixed:
      zero = 0
       one = 1
    Tbecnw = 75200
Free:
       pc1 = 0
       pc2 = 0
       pc3 = 0
       pc4 = 0
       pc5 = 0
       pc6 = 0
       pc7 = 0
       pc8 = 0
       pc9 = 0
      pc10 = 0
      pc11 = 0
      pc12 = 0
      pc13 = 0
      pc14 = 0
      pc15 = 0
      pc16 = 0
      pc17 = 0
      pc18 = 0
Constrained:
   Tgbecnw = 130261
     Tecnw = 27012.8
       Tnw = 22556.5
       Tec = 11355
     twoNb = 1.2117e+06
     twoNe = 3552.29
     twoNc = 1.5703e+06
     twoNn = 985476
     twoNw = 1.44394e+07
    twoNec = 90914.7
    twoNnw = 13593.2
  twoNecnw = 62712.5
  twoNbecnw = 17546.1
  twoNgbecnw = 246045
         m = 0.112962
        m3 = 0.207717
        m4 = 0.0217781
        m6 = 9.88069e-07
        Ta = 43277.5
        Tc = 11278.2
        Td = 5639.12
        Tf = 2819.56
DiffEv reached_goal. cost=2.11880e-03 spread=2.83877e-06
Fitted parameter values
Free:
       pc1 = 2.43496
       pc2 = -3.97503
       pc3 = -0.262887
       pc4 = 1.09037
       pc5 = -0.283638
       pc6 = -0.697667
       pc7 = 0.636584
       pc8 = 3.91639
       pc9 = 1.1212
      pc10 = 0.894415
      pc11 = 1.11484
      pc12 = -0.0419951
      pc13 = -0.315004
      pc14 = 0.0129164
      pc15 = 0.0696325
      pc16 = -0.108483
      pc17 = -0.0529762
      pc18 = -0.00723589
Constrained:
   Tgbecnw = 97912
     Tecnw = 25634.1
       Tnw = 21548.1
       Tec = 10863.2
     twoNb = 1.83317e+06
     twoNe = 3924.56
     twoNc = 2.61348e+06
     twoNn = 3.92564e+06
     twoNw = 390871
    twoNec = 81483.3
    twoNnw = 12240.7
  twoNecnw = 59103.4
  twoNbecnw = 7732.48
  twoNgbecnw = 306821
         m = 0.0853711
        m3 = 0.211694
        m4 = 0.0213567
        m6 = 1.98662e-06
        Ta = 43031.6
        Tc = 10774
        Td = 5387.02
        Tf = 2693.51
#       SitePat  BranchLen
              b 117585.9409650
              e 44062.1471950
              c 45380.4874307
              n 41740.8368182
              w 44257.0707856
            b:e 1186.5684300
            b:c 1409.2785829
            b:n 984.7318290
            b:w 1140.9894954
            e:c 11373.1626960
            e:n 4746.1730189
            e:w 3844.5464610
            c:n 4397.2586904
            c:w 3751.7402864
            n:w 12178.3463140
          b:e:c 1347.6272791
          b:e:n 582.4236747
          b:e:w 575.6102142
          b:c:n 576.0373268
          b:c:w 589.7548056
          b:n:w 1333.9482394
          e:c:n 4851.7660149
          e:c:w 3882.6770094
          e:n:w 5333.8788256
          c:n:w 4846.0915387
        b:e:c:n 1234.2889792
        b:e:c:w 1071.1272945
        b:e:n:w 1905.5168173
        b:c:n:w 1286.2158225
        e:c:n:w 46812.5459985
