########################################
# legofit: estimate population history #
#       version 2.3.4-4-g53f8760       #
########################################

# Program was compiled: Sep 21 2021 14:36:42
# Program was run: Fri Sep 24 06:50:15 2021

# cmd: legofit -1 -d 0 -t 32 --ptsPerDim 3 --stateOut b1boot13.state --tol 3e-6 -S 5000 acdf2.lgo ../../chrX/boot_chrX/boot13.opf
# Stage nOptItr nSimReps
#     0    5000        0
# algorithm          : deterministic
# ignoring probs <=  : 0
# Branch length floor: 0
# DE strategy        : 2
#    F               : 0.3
#    CR              : 0.8
#    tolerance       : 3e-06
# nthreads           : 32
# lgo input file     : acdf2.lgo
# site pat input file: ../../chrX/boot_chrX/boot13.opf
# free parameters    : 18
# points in DE swarm : 54
# output state file  : b1boot13.state
# Including singleton site patterns.
# cost function      : KL
Initial parameter values
Fixed:
      zero = 0
       one = 1
    Tbecnw = 75200
Free:
       pc1 = 0
       pc2 = 0
       pc3 = 0
       pc4 = 0
       pc5 = 0
       pc6 = 0
       pc7 = 0
       pc8 = 0
       pc9 = 0
      pc10 = 0
      pc11 = 0
      pc12 = 0
      pc13 = 0
      pc14 = 0
      pc15 = 0
      pc16 = 0
      pc17 = 0
      pc18 = 0
Constrained:
   Tgbecnw = 130261
     Tecnw = 27012.8
       Tnw = 22556.5
       Tec = 11355
     twoNb = 1.2117e+06
     twoNe = 3552.29
     twoNc = 1.5703e+06
     twoNn = 985476
     twoNw = 1.44394e+07
    twoNec = 90914.7
    twoNnw = 13593.2
  twoNecnw = 62712.5
  twoNbecnw = 17546.1
  twoNgbecnw = 246045
         m = 0.112962
        m3 = 0.207717
        m4 = 0.0217781
        m6 = 9.88069e-07
        Ta = 43277.5
        Tc = 11278.2
        Td = 5639.12
        Tf = 2819.56
DiffEv reached_goal. cost=2.03820e-03 spread=2.97316e-06
Fitted parameter values
Free:
       pc1 = 2.3224
       pc2 = -3.99888
       pc3 = -0.220358
       pc4 = 1.53429
       pc5 = -0.23199
       pc6 = 1.80311
       pc7 = -0.0291013
       pc8 = 3.84218
       pc9 = -0.0924676
      pc10 = 0.186026
      pc11 = 0.215306
      pc12 = -0.574896
      pc13 = -0.0571172
      pc14 = 0.200795
      pc15 = -0.0195995
      pc16 = -0.0781235
      pc17 = -0.0219623
      pc18 = 0.00928943
Constrained:
   Tgbecnw = 96531
     Tecnw = 25883
       Tnw = 22177.2
       Tec = 11162.1
     twoNb = 971876
     twoNe = 2312.13
     twoNc = 3.74154e+06
     twoNn = 3.04131e+06
     twoNw = 3.01712e+06
    twoNec = 81455.7
    twoNnw = 10389.5
  twoNecnw = 58571.2
  twoNbecnw = 7312.23
  twoNgbecnw = 307227
         m = 0.0840919
        m3 = 0.231877
        m4 = 0.0234501
        m6 = 1.5143e-06
        Ta = 43181.1
        Tc = 11088.6
        Td = 5544.3
        Tf = 2772.15
#       SitePat  BranchLen
              b 117005.4498935
              e 44092.4222113
              c 45561.0495298
              n 41480.0624905
              w 44279.9622100
            b:e 1189.5555485
            b:c 1480.2472994
            b:n 965.3692108
            b:w 1139.7756919
            e:c 11224.9592356
            e:n 4830.5216971
            e:w 3778.8608899
            c:n 4371.1831500
            c:w 3696.4986277
            n:w 12182.4904420
          b:e:c 1353.1586241
          b:e:n 582.2651762
          b:e:w 571.0872340
          b:c:n 572.6145870
          b:c:w 591.7710572
          b:n:w 1335.9894124
          e:c:n 4850.3839262
          e:c:w 3776.8295361
          e:n:w 5407.3048256
          c:n:w 4839.3357904
        b:e:c:n 1235.0291320
        b:e:c:w 1052.6441230
        b:e:n:w 1953.1549379
        b:c:n:w 1292.4723193
        e:c:n:w 46422.4073093
