########################################
# legofit: estimate population history #
#       version 2.3.4-4-g53f8760       #
########################################

# Program was compiled: Sep 21 2021 14:36:42
# Program was run: Fri Sep 24 06:49:00 2021

# cmd: legofit -1 -d 0 -t 32 --ptsPerDim 3 --stateOut b1boot2.state --tol 3e-6 -S 5000 acdf2.lgo ../../chrX/boot_chrX/boot2.opf
# Stage nOptItr nSimReps
#     0    5000        0
# algorithm          : deterministic
# ignoring probs <=  : 0
# Branch length floor: 0
# DE strategy        : 2
#    F               : 0.3
#    CR              : 0.8
#    tolerance       : 3e-06
# nthreads           : 32
# lgo input file     : acdf2.lgo
# site pat input file: ../../chrX/boot_chrX/boot2.opf
# free parameters    : 18
# points in DE swarm : 54
# output state file  : b1boot2.state
# Including singleton site patterns.
# cost function      : KL
Initial parameter values
Fixed:
      zero = 0
       one = 1
    Tbecnw = 75200
Free:
       pc1 = 0
       pc2 = 0
       pc3 = 0
       pc4 = 0
       pc5 = 0
       pc6 = 0
       pc7 = 0
       pc8 = 0
       pc9 = 0
      pc10 = 0
      pc11 = 0
      pc12 = 0
      pc13 = 0
      pc14 = 0
      pc15 = 0
      pc16 = 0
      pc17 = 0
      pc18 = 0
Constrained:
   Tgbecnw = 130261
     Tecnw = 27012.8
       Tnw = 22556.5
       Tec = 11355
     twoNb = 1.2117e+06
     twoNe = 3552.29
     twoNc = 1.5703e+06
     twoNn = 985476
     twoNw = 1.44394e+07
    twoNec = 90914.7
    twoNnw = 13593.2
  twoNecnw = 62712.5
  twoNbecnw = 17546.1
  twoNgbecnw = 246045
         m = 0.112962
        m3 = 0.207717
        m4 = 0.0217781
        m6 = 9.88069e-07
        Ta = 43277.5
        Tc = 11278.2
        Td = 5639.12
        Tf = 2819.56
DiffEv reached_goal. cost=2.11134e-03 spread=2.91304e-06
Fitted parameter values
Free:
       pc1 = 3.84142
       pc2 = -3.99287
       pc3 = 0.0541594
       pc4 = 0.511912
       pc5 = -0.876586
       pc6 = -0.49489
       pc7 = 1.80749
       pc8 = 1.6623
       pc9 = 0.864542
      pc10 = -1.33632
      pc11 = 0.913692
      pc12 = 0.135896
      pc13 = 0.243981
      pc14 = -0.0336125
      pc15 = -0.249129
      pc16 = -0.186704
      pc17 = 0.032227
      pc18 = 0.0124763
Constrained:
   Tgbecnw = 96535.9
     Tecnw = 25459.4
       Tnw = 19585.3
       Tec = 9913.62
     twoNb = 1.14053e+06
     twoNe = 5967.2
     twoNc = 213649
     twoNn = 2.28402e+06
     twoNw = 1.8787e+06
    twoNec = 90764.8
    twoNnw = 17524.9
  twoNecnw = 60718.6
  twoNbecnw = 7338.73
  twoNgbecnw = 293203
         m = 0.0894048
        m3 = 0.203664
        m4 = 0.0229592
        m6 = 1.91328e-06
        Ta = 42556.8
        Tc = 9792.65
        Td = 4896.32
        Tf = 2448.16
#       SitePat  BranchLen
              b 116893.5134195
              e 44477.3167227
              c 45812.1375939
              n 41652.4851211
              w 43998.5718914
            b:e 1191.5465191
            b:c 1456.4299023
            b:n 973.7004744
            b:w 1114.7916382
            e:c 11292.2023122
            e:n 4738.6824312
            e:w 3888.0654328
            c:n 4398.9246419
            c:w 3778.9974655
            n:w 12560.2600579
          b:e:c 1338.6184738
          b:e:n 580.4014218
          b:e:w 574.7116820
          b:c:n 576.0861465
          b:c:w 588.4664504
          b:n:w 1321.9841464
          e:c:n 4700.6545235
          e:c:w 3825.1119279
          e:n:w 5386.8261229
          c:n:w 4871.0265747
        b:e:c:n 1212.2397429
        b:e:c:w 1064.4580150
        b:e:n:w 1942.0825429
        b:c:n:w 1297.5639225
        e:c:n:w 45913.6768047
