########################################
# legofit: estimate population history #
#       version 2.3.4-4-g53f8760       #
########################################

# Program was compiled: Sep 21 2021 14:36:42
# Program was run: Fri Sep 24 06:49:54 2021

# cmd: legofit -1 -d 0 -t 32 --ptsPerDim 3 --stateOut b1boot10.state --tol 3e-6 -S 5000 acdf2.lgo ../../chrX/boot_chrX/boot10.opf
# Stage nOptItr nSimReps
#     0    5000        0
# algorithm          : deterministic
# ignoring probs <=  : 0
# Branch length floor: 0
# DE strategy        : 2
#    F               : 0.3
#    CR              : 0.8
#    tolerance       : 3e-06
# nthreads           : 32
# lgo input file     : acdf2.lgo
# site pat input file: ../../chrX/boot_chrX/boot10.opf
# free parameters    : 18
# points in DE swarm : 54
# output state file  : b1boot10.state
# Including singleton site patterns.
# cost function      : KL
Initial parameter values
Fixed:
      zero = 0
       one = 1
    Tbecnw = 75200
Free:
       pc1 = 0
       pc2 = 0
       pc3 = 0
       pc4 = 0
       pc5 = 0
       pc6 = 0
       pc7 = 0
       pc8 = 0
       pc9 = 0
      pc10 = 0
      pc11 = 0
      pc12 = 0
      pc13 = 0
      pc14 = 0
      pc15 = 0
      pc16 = 0
      pc17 = 0
      pc18 = 0
Constrained:
   Tgbecnw = 130261
     Tecnw = 27012.8
       Tnw = 22556.5
       Tec = 11355
     twoNb = 1.2117e+06
     twoNe = 3552.29
     twoNc = 1.5703e+06
     twoNn = 985476
     twoNw = 1.44394e+07
    twoNec = 90914.7
    twoNnw = 13593.2
  twoNecnw = 62712.5
  twoNbecnw = 17546.1
  twoNgbecnw = 246045
         m = 0.112962
        m3 = 0.207717
        m4 = 0.0217781
        m6 = 9.88069e-07
        Ta = 43277.5
        Tc = 11278.2
        Td = 5639.12
        Tf = 2819.56
DiffEv reached_goal. cost=1.97371e-03 spread=2.75814e-06
Fitted parameter values
Free:
       pc1 = 2.62928
       pc2 = -3.97509
       pc3 = 0.023804
       pc4 = -0.260045
       pc5 = -1.14065
       pc6 = -0.4771
       pc7 = 1.28111
       pc8 = 3.21106
       pc9 = 1.55094
      pc10 = 0.208555
      pc11 = 0.626088
      pc12 = 0.308806
      pc13 = 0.060736
      pc14 = -0.522921
      pc15 = 0.0801647
      pc16 = -0.0702259
      pc17 = -0.0855873
      pc18 = -0.0461276
Constrained:
   Tgbecnw = 100391
     Tecnw = 25343.8
       Tnw = 20764
       Tec = 10416.9
     twoNb = 1.32498e+06
     twoNe = 6190.83
     twoNc = 2.60028e+06
     twoNn = 3.89206e+06
     twoNw = 5.12576e+06
    twoNec = 86562.5
    twoNnw = 14535
  twoNecnw = 60390
  twoNbecnw = 8844.29
  twoNgbecnw = 278361
         m = 0.0928758
        m3 = 0.206679
        m4 = 0.0212541
        m6 = 2.2173e-06
        Ta = 42808.4
        Tc = 10382
        Td = 5191
        Tf = 2595.5
#       SitePat  BranchLen
              b 117978.9087116
              e 44486.8505304
              c 45645.7777837
              n 42178.7772298
              w 44459.7533758
            b:e 1232.9546684
            b:c 1471.4838281
            b:n 1034.1912003
            b:w 1178.5902877
            e:c 11371.0172175
            e:n 4766.6695445
            e:w 4018.5922256
            c:n 4550.4342450
            c:w 3890.8354500
            n:w 12210.5816889
          b:e:c 1372.6295664
          b:e:n 608.7365094
          b:e:w 608.1662630
          b:c:n 608.8890345
          b:c:w 615.8290742
          b:n:w 1359.0058340
          e:c:n 4884.2306992
          e:c:w 4010.9306671
          e:n:w 5413.8415364
          c:n:w 4947.5974769
        b:e:c:n 1274.6771333
        b:e:c:w 1123.9082525
        b:e:n:w 1930.6084746
        b:c:n:w 1335.5726816
        e:c:n:w 46630.3384095
