########################################
# legofit: estimate population history #
#       version 2.3.4-4-g53f8760       #
########################################

# Program was compiled: Sep 21 2021 14:36:42
# Program was run: Fri Sep 24 06:49:15 2021

# cmd: legofit -1 -d 0 -t 32 --ptsPerDim 3 --stateOut b1boot5.state --tol 3e-6 -S 5000 acdf2.lgo ../../chrX/boot_chrX/boot5.opf
# Stage nOptItr nSimReps
#     0    5000        0
# algorithm          : deterministic
# ignoring probs <=  : 0
# Branch length floor: 0
# DE strategy        : 2
#    F               : 0.3
#    CR              : 0.8
#    tolerance       : 3e-06
# nthreads           : 32
# lgo input file     : acdf2.lgo
# site pat input file: ../../chrX/boot_chrX/boot5.opf
# free parameters    : 18
# points in DE swarm : 54
# output state file  : b1boot5.state
# Including singleton site patterns.
# cost function      : KL
Initial parameter values
Fixed:
      zero = 0
       one = 1
    Tbecnw = 75200
Free:
       pc1 = 0
       pc2 = 0
       pc3 = 0
       pc4 = 0
       pc5 = 0
       pc6 = 0
       pc7 = 0
       pc8 = 0
       pc9 = 0
      pc10 = 0
      pc11 = 0
      pc12 = 0
      pc13 = 0
      pc14 = 0
      pc15 = 0
      pc16 = 0
      pc17 = 0
      pc18 = 0
Constrained:
   Tgbecnw = 130261
     Tecnw = 27012.8
       Tnw = 22556.5
       Tec = 11355
     twoNb = 1.2117e+06
     twoNe = 3552.29
     twoNc = 1.5703e+06
     twoNn = 985476
     twoNw = 1.44394e+07
    twoNec = 90914.7
    twoNnw = 13593.2
  twoNecnw = 62712.5
  twoNbecnw = 17546.1
  twoNgbecnw = 246045
         m = 0.112962
        m3 = 0.207717
        m4 = 0.0217781
        m6 = 9.88069e-07
        Ta = 43277.5
        Tc = 11278.2
        Td = 5639.12
        Tf = 2819.56
DiffEv reached_goal. cost=2.06469e-03 spread=2.68749e-06
Fitted parameter values
Free:
       pc1 = 3.5035
       pc2 = -3.95588
       pc3 = -1.71938
       pc4 = 0.814812
       pc5 = -0.896518
       pc6 = 0.771716
       pc7 = 0.0467918
       pc8 = 3.9539
       pc9 = 0.971934
      pc10 = 0.464616
      pc11 = 0.0851606
      pc12 = 0.403774
      pc13 = -0.360087
      pc14 = -0.450984
      pc15 = -0.0256128
      pc16 = -0.114556
      pc17 = -0.0570875
      pc18 = 0.0249348
Constrained:
   Tgbecnw = 94225.7
     Tecnw = 25486.3
       Tnw = 19957.4
       Tec = 10062.5
     twoNb = 1.44557e+06
     twoNe = 2773.56
     twoNc = 4.56312e+06
     twoNn = 3.93152e+06
     twoNw = 6.18346e+06
    twoNec = 86415.5
    twoNnw = 16624.2
  twoNecnw = 59262.4
  twoNbecnw = 6785.89
  twoNgbecnw = 274014
         m = 0.0887903
        m3 = 0.220992
        m4 = 0.0224717
        m6 = 6.41704e-07
        Ta = 42631.2
        Tc = 9978.71
        Td = 4989.36
        Tf = 2494.68
#       SitePat  BranchLen
              b 114918.1253654
              e 43820.8339653
              c 45209.6248189
              n 41353.8081012
              w 44026.2522437
            b:e 1166.1170827
            b:c 1411.2406344
            b:n 967.3448886
            b:w 1128.5529342
            e:c 11256.1309675
            e:n 4851.9303408
            e:w 3847.3986414
            c:n 4419.9890203
            c:w 3763.0091186
            n:w 12193.9167450
          b:e:c 1317.0665658
          b:e:n 579.8906161
          b:e:w 570.0742388
          b:c:n 570.9128847
          b:c:w 588.1530267
          b:n:w 1302.5112154
          e:c:n 4849.6286923
          e:c:w 3838.6961510
          e:n:w 5318.3990562
          c:n:w 4795.3458586
        b:e:c:n 1224.1695971
        b:e:c:w 1055.5377868
        b:e:n:w 1871.6582791
        b:c:n:w 1268.0266853
        e:c:n:w 44371.8499930
