########################################
# legofit: estimate population history #
#       version 2.3.4-4-g53f8760       #
########################################

# Program was compiled: Sep 21 2021 14:36:42
# Program was run: Fri Sep 24 06:49:54 2021

# cmd: legofit -1 -d 0 -t 32 --ptsPerDim 3 --stateOut b1boot11.state --tol 3e-6 -S 5000 acdf2.lgo ../../chrX/boot_chrX/boot11.opf
# Stage nOptItr nSimReps
#     0    5000        0
# algorithm          : deterministic
# ignoring probs <=  : 0
# Branch length floor: 0
# DE strategy        : 2
#    F               : 0.3
#    CR              : 0.8
#    tolerance       : 3e-06
# nthreads           : 32
# lgo input file     : acdf2.lgo
# site pat input file: ../../chrX/boot_chrX/boot11.opf
# free parameters    : 18
# points in DE swarm : 54
# output state file  : b1boot11.state
# Including singleton site patterns.
# cost function      : KL
Initial parameter values
Fixed:
      zero = 0
       one = 1
    Tbecnw = 75200
Free:
       pc1 = 0
       pc2 = 0
       pc3 = 0
       pc4 = 0
       pc5 = 0
       pc6 = 0
       pc7 = 0
       pc8 = 0
       pc9 = 0
      pc10 = 0
      pc11 = 0
      pc12 = 0
      pc13 = 0
      pc14 = 0
      pc15 = 0
      pc16 = 0
      pc17 = 0
      pc18 = 0
Constrained:
   Tgbecnw = 130261
     Tecnw = 27012.8
       Tnw = 22556.5
       Tec = 11355
     twoNb = 1.2117e+06
     twoNe = 3552.29
     twoNc = 1.5703e+06
     twoNn = 985476
     twoNw = 1.44394e+07
    twoNec = 90914.7
    twoNnw = 13593.2
  twoNecnw = 62712.5
  twoNbecnw = 17546.1
  twoNgbecnw = 246045
         m = 0.112962
        m3 = 0.207717
        m4 = 0.0217781
        m6 = 9.88069e-07
        Ta = 43277.5
        Tc = 11278.2
        Td = 5639.12
        Tf = 2819.56
DiffEv reached_goal. cost=2.09253e-03 spread=2.81397e-06
Fitted parameter values
Free:
       pc1 = 3.68023
       pc2 = -3.99123
       pc3 = -0.65663
       pc4 = 0.660061
       pc5 = -1.8496
       pc6 = -0.396979
       pc7 = -0.141493
       pc8 = 2.48469
       pc9 = 1.85471
      pc10 = 0.403282
      pc11 = -0.0584097
      pc12 = 0.43489
      pc13 = -0.405074
      pc14 = -0.487508
      pc15 = 0.0694564
      pc16 = -0.215627
      pc17 = 0.0622879
      pc18 = -0.00329282
Constrained:
   Tgbecnw = 93878.9
     Tecnw = 25445.9
       Tnw = 19422.7
       Tec = 9786.31
     twoNb = 1.3532e+06
     twoNe = 4222.68
     twoNc = 3.85076e+06
     twoNn = 2.50475e+06
     twoNw = 5.94792e+06
    twoNec = 88264.7
    twoNnw = 17701.6
  twoNecnw = 60107.9
  twoNbecnw = 6770.8
  twoNgbecnw = 269335
         m = 0.100795
        m3 = 0.204894
        m4 = 0.0203278
        m6 = 1.2554e-06
        Ta = 42493.2
        Tc = 9711.37
        Td = 4855.69
        Tf = 2427.84
#       SitePat  BranchLen
              b 117862.2605375
              e 44165.5788911
              c 45366.7860201
              n 41420.9304097
              w 43828.0814265
            b:e 1208.4395994
            b:c 1444.7067094
            b:n 989.8657371
            b:w 1138.2026923
            e:c 11479.2546099
            e:n 4697.4512360
            e:w 3847.7748782
            c:n 4397.7257395
            c:w 3751.9493785
            n:w 12636.3236017
          b:e:c 1372.1457668
          b:e:n 585.3005332
          b:e:w 580.6298435
          b:c:n 581.1124750
          b:c:w 592.7115145
          b:n:w 1356.7116919
          e:c:n 4770.6501550
          e:c:w 3858.9518570
          e:n:w 5364.4269804
          c:n:w 4896.5804853
        b:e:c:n 1236.7134325
        b:e:c:w 1081.4481276
        b:e:n:w 1896.9439948
        b:c:n:w 1314.9734333
        e:c:n:w 47096.4563843
