########################################
# legofit: estimate population history #
#       version 2.3.4-4-g53f8760       #
########################################

# Program was compiled: Sep 21 2021 14:36:42
# Program was run: Fri Sep 24 06:54:32 2021

# cmd: legofit -1 -d 0 -t 32 --ptsPerDim 3 --stateOut b1boot43.state --tol 3e-6 -S 5000 acdf2.lgo ../../chrX/boot_chrX/boot43.opf
# Stage nOptItr nSimReps
#     0    5000        0
# algorithm          : deterministic
# ignoring probs <=  : 0
# Branch length floor: 0
# DE strategy        : 2
#    F               : 0.3
#    CR              : 0.8
#    tolerance       : 3e-06
# nthreads           : 32
# lgo input file     : acdf2.lgo
# site pat input file: ../../chrX/boot_chrX/boot43.opf
# free parameters    : 18
# points in DE swarm : 54
# output state file  : b1boot43.state
# Including singleton site patterns.
# cost function      : KL
Initial parameter values
Fixed:
      zero = 0
       one = 1
    Tbecnw = 75200
Free:
       pc1 = 0
       pc2 = 0
       pc3 = 0
       pc4 = 0
       pc5 = 0
       pc6 = 0
       pc7 = 0
       pc8 = 0
       pc9 = 0
      pc10 = 0
      pc11 = 0
      pc12 = 0
      pc13 = 0
      pc14 = 0
      pc15 = 0
      pc16 = 0
      pc17 = 0
      pc18 = 0
Constrained:
   Tgbecnw = 130261
     Tecnw = 27012.8
       Tnw = 22556.5
       Tec = 11355
     twoNb = 1.2117e+06
     twoNe = 3552.29
     twoNc = 1.5703e+06
     twoNn = 985476
     twoNw = 1.44394e+07
    twoNec = 90914.7
    twoNnw = 13593.2
  twoNecnw = 62712.5
  twoNbecnw = 17546.1
  twoNgbecnw = 246045
         m = 0.112962
        m3 = 0.207717
        m4 = 0.0217781
        m6 = 9.88069e-07
        Ta = 43277.5
        Tc = 11278.2
        Td = 5639.12
        Tf = 2819.56
DiffEv reached_goal. cost=2.21468e-03 spread=2.15397e-06
Fitted parameter values
Free:
       pc1 = 3.55053
       pc2 = -3.95059
       pc3 = -1.72679
       pc4 = 0.39476
       pc5 = -1.1092
       pc6 = -1.12129
       pc7 = 0.92485
       pc8 = 3.72629
       pc9 = -0.343529
      pc10 = -0.0840321
      pc11 = 1.61924
      pc12 = 1.23007
      pc13 = 0.291016
      pc14 = -0.150289
      pc15 = -0.137643
      pc16 = -0.0942781
      pc17 = -0.000864406
      pc18 = 0.00601008
Constrained:
   Tgbecnw = 98545.1
     Tecnw = 25057.7
       Tnw = 19807.5
       Tec = 9943.3
     twoNb = 1.69846e+06
     twoNe = 1863.56
     twoNc = 1.74898e+06
     twoNn = 4.76342e+06
     twoNw = 695941
    twoNec = 90627.4
    twoNnw = 15758
  twoNecnw = 61814.1
  twoNbecnw = 7983.19
  twoNgbecnw = 291208
         m = 0.0900879
        m3 = 0.198037
        m4 = 0.023068
        m6 = 1.66959e-06
        Ta = 42571.7
        Tc = 9903.73
        Td = 4951.86
        Tf = 2475.93
#       SitePat  BranchLen
              b 117271.6227737
              e 44580.5686099
              c 45955.6830219
              n 41662.8210597
              w 43914.5789238
            b:e 1207.9705957
            b:c 1448.6200053
            b:n 982.6856648
            b:w 1118.1841517
            e:c 11301.3316686
            e:n 4775.6301389
            e:w 3952.2733596
            c:n 4432.1852737
            c:w 3842.5056420
            n:w 12654.4431061
          b:e:c 1346.6019552
          b:e:n 587.1599999
          b:e:w 581.1251266
          b:c:n 581.9381971
          b:c:w 594.3042057
          b:n:w 1330.6829981
          e:c:n 4697.3716521
          e:c:w 3858.6501989
          e:n:w 5455.0510586
          c:n:w 4943.3743976
        b:e:c:n 1214.5972021
        b:e:c:w 1072.7675798
        b:e:n:w 1971.9904347
        b:c:n:w 1313.1583975
        e:c:n:w 46020.3198904
