########################################
# legofit: estimate population history #
#       version 2.3.4-4-g53f8760       #
########################################

# Program was compiled: Sep 21 2021 14:36:42
# Program was run: Fri Sep 24 06:51:52 2021

# cmd: legofit -1 -d 0 -t 32 --ptsPerDim 3 --stateOut b1boot22.state --tol 3e-6 -S 5000 acdf2.lgo ../../chrX/boot_chrX/boot22.opf
# Stage nOptItr nSimReps
#     0    5000        0
# algorithm          : deterministic
# ignoring probs <=  : 0
# Branch length floor: 0
# DE strategy        : 2
#    F               : 0.3
#    CR              : 0.8
#    tolerance       : 3e-06
# nthreads           : 32
# lgo input file     : acdf2.lgo
# site pat input file: ../../chrX/boot_chrX/boot22.opf
# free parameters    : 18
# points in DE swarm : 54
# output state file  : b1boot22.state
# Including singleton site patterns.
# cost function      : KL
Initial parameter values
Fixed:
      zero = 0
       one = 1
    Tbecnw = 75200
Free:
       pc1 = 0
       pc2 = 0
       pc3 = 0
       pc4 = 0
       pc5 = 0
       pc6 = 0
       pc7 = 0
       pc8 = 0
       pc9 = 0
      pc10 = 0
      pc11 = 0
      pc12 = 0
      pc13 = 0
      pc14 = 0
      pc15 = 0
      pc16 = 0
      pc17 = 0
      pc18 = 0
Constrained:
   Tgbecnw = 130261
     Tecnw = 27012.8
       Tnw = 22556.5
       Tec = 11355
     twoNb = 1.2117e+06
     twoNe = 3552.29
     twoNc = 1.5703e+06
     twoNn = 985476
     twoNw = 1.44394e+07
    twoNec = 90914.7
    twoNnw = 13593.2
  twoNecnw = 62712.5
  twoNbecnw = 17546.1
  twoNgbecnw = 246045
         m = 0.112962
        m3 = 0.207717
        m4 = 0.0217781
        m6 = 9.88069e-07
        Ta = 43277.5
        Tc = 11278.2
        Td = 5639.12
        Tf = 2819.56
DiffEv reached_goal. cost=1.96314e-03 spread=2.78788e-06
Fitted parameter values
Free:
       pc1 = 3.12465
       pc2 = -3.95761
       pc3 = 1.219
       pc4 = 0.686112
       pc5 = -1.81504
       pc6 = 0.862153
       pc7 = 1.72216
       pc8 = 3.77478
       pc9 = 0.837907
      pc10 = -0.149142
      pc11 = -0.328797
      pc12 = 0.227824
      pc13 = 0.0852692
      pc14 = -0.404397
      pc15 = -0.0873002
      pc16 = -0.122953
      pc17 = 0.0443172
      pc18 = 0.00422767
Constrained:
   Tgbecnw = 95351.2
     Tecnw = 25552.9
       Tnw = 20535.7
       Tec = 10357.1
     twoNb = 512613
     twoNe = 5397.21
     twoNc = 2.36612e+06
     twoNn = 3.83816e+06
     twoNw = 27268
    twoNec = 87521.4
    twoNnw = 14183.3
  twoNecnw = 59225.5
  twoNbecnw = 7077.56
  twoNgbecnw = 285904
         m = 0.0888817
        m3 = 0.22845
        m4 = 0.0211722
        m6 = 3.16063e-06
        Ta = 42778.5
        Tc = 10267.9
        Td = 5133.94
        Tf = 2566.97
#       SitePat  BranchLen
              b 116205.7048831
              e 44162.4012895
              c 45299.2410875
              n 41285.7776737
              w 43877.6368995
            b:e 1190.2587690
            b:c 1520.3060815
            b:n 961.8091029
            b:w 1120.6567984
            e:c 11210.4962170
            e:n 4746.4506292
            e:w 3835.3742242
            c:n 4432.5321461
            c:w 3734.1582002
            n:w 12388.7740734
          b:e:c 1340.4162846
          b:e:n 576.7240137
          b:e:w 572.0120120
          b:c:n 574.6949416
          b:c:w 586.9382387
          b:n:w 1321.0446604
          e:c:n 4776.8487275
          e:c:w 3794.4398526
          e:n:w 5408.7581106
          c:n:w 4895.6276901
        b:e:c:n 1217.4533036
        b:e:c:w 1051.0743128
        b:e:n:w 1847.7321664
        b:c:n:w 1296.2126735
        e:c:n:w 45652.5984849
