########################################
# legofit: estimate population history #
#       version 2.3.4-4-g53f8760       #
########################################

# Program was compiled: Sep 21 2021 14:36:42
# Program was run: Fri Sep 24 06:51:52 2021

# cmd: legofit -1 -d 0 -t 32 --ptsPerDim 3 --stateOut b1boot24.state --tol 3e-6 -S 5000 acdf2.lgo ../../chrX/boot_chrX/boot24.opf
# Stage nOptItr nSimReps
#     0    5000        0
# algorithm          : deterministic
# ignoring probs <=  : 0
# Branch length floor: 0
# DE strategy        : 2
#    F               : 0.3
#    CR              : 0.8
#    tolerance       : 3e-06
# nthreads           : 32
# lgo input file     : acdf2.lgo
# site pat input file: ../../chrX/boot_chrX/boot24.opf
# free parameters    : 18
# points in DE swarm : 54
# output state file  : b1boot24.state
# Including singleton site patterns.
# cost function      : KL
Initial parameter values
Fixed:
      zero = 0
       one = 1
    Tbecnw = 75200
Free:
       pc1 = 0
       pc2 = 0
       pc3 = 0
       pc4 = 0
       pc5 = 0
       pc6 = 0
       pc7 = 0
       pc8 = 0
       pc9 = 0
      pc10 = 0
      pc11 = 0
      pc12 = 0
      pc13 = 0
      pc14 = 0
      pc15 = 0
      pc16 = 0
      pc17 = 0
      pc18 = 0
Constrained:
   Tgbecnw = 130261
     Tecnw = 27012.8
       Tnw = 22556.5
       Tec = 11355
     twoNb = 1.2117e+06
     twoNe = 3552.29
     twoNc = 1.5703e+06
     twoNn = 985476
     twoNw = 1.44394e+07
    twoNec = 90914.7
    twoNnw = 13593.2
  twoNecnw = 62712.5
  twoNbecnw = 17546.1
  twoNgbecnw = 246045
         m = 0.112962
        m3 = 0.207717
        m4 = 0.0217781
        m6 = 9.88069e-07
        Ta = 43277.5
        Tc = 11278.2
        Td = 5639.12
        Tf = 2819.56
DiffEv reached_goal. cost=2.15325e-03 spread=2.86216e-06
Fitted parameter values
Free:
       pc1 = 2.30951
       pc2 = -3.78377
       pc3 = -0.759409
       pc4 = 0.68275
       pc5 = -0.209434
       pc6 = -0.150341
       pc7 = -0.186965
       pc8 = 3.94601
       pc9 = 0.942346
      pc10 = 0.0246327
      pc11 = 0.442068
      pc12 = 0.359744
      pc13 = 0.16915
      pc14 = 0.179943
      pc15 = -0.0721108
      pc16 = -0.0210502
      pc17 = -0.122654
      pc18 = 0.00537045
Constrained:
   Tgbecnw = 100248
     Tecnw = 25555.2
       Tnw = 21663.4
       Tec = 10913.4
     twoNb = 1.48857e+06
     twoNe = 3457.22
     twoNc = 3.36696e+06
     twoNn = 3.78329e+06
     twoNw = 733628
    twoNec = 85039.2
    twoNnw = 11880.6
  twoNecnw = 60850.7
  twoNbecnw = 8381.23
  twoNgbecnw = 311843
         m = 0.0843177
        m3 = 0.21391
        m4 = 0.0219269
        m6 = 3.03402e-07
        Ta = 43056.7
        Tc = 10831.7
        Td = 5415.86
        Tf = 2707.93
#       SitePat  BranchLen
              b 117811.1381408
              e 44619.0134814
              c 45967.9612805
              n 42158.6400885
              w 44636.0594919
            b:e 1211.7645219
            b:c 1448.5560378
            b:n 1002.3304668
            b:w 1155.9574013
            e:c 11248.8887246
            e:n 4844.8235514
            e:w 3939.8248933
            c:n 4478.7139736
            c:w 3844.4127350
            n:w 12178.6447488
          b:e:c 1353.6481932
          b:e:n 599.6917767
          b:e:w 592.2735041
          b:c:n 592.9314180
          b:c:w 607.3628944
          b:n:w 1339.0057964
          e:c:n 4827.8905958
          e:c:w 3889.7710891
          e:n:w 5378.5792816
          c:n:w 4881.4993775
        b:e:c:n 1253.1110114
        b:e:c:w 1092.4708731
        b:e:n:w 1951.3562693
        b:c:n:w 1315.8894112
        e:c:n:w 46524.3801014
