########################################
# legofit: estimate population history #
#       version 2.3.4-4-g53f8760       #
########################################

# Program was compiled: Sep 21 2021 14:36:42
# Program was run: Fri Sep 24 06:54:08 2021

# cmd: legofit -1 -d 0 -t 32 --ptsPerDim 3 --stateOut b1boot39.state --tol 3e-6 -S 5000 acdf2.lgo ../../chrX/boot_chrX/boot39.opf
# Stage nOptItr nSimReps
#     0    5000        0
# algorithm          : deterministic
# ignoring probs <=  : 0
# Branch length floor: 0
# DE strategy        : 2
#    F               : 0.3
#    CR              : 0.8
#    tolerance       : 3e-06
# nthreads           : 32
# lgo input file     : acdf2.lgo
# site pat input file: ../../chrX/boot_chrX/boot39.opf
# free parameters    : 18
# points in DE swarm : 54
# output state file  : b1boot39.state
# Including singleton site patterns.
# cost function      : KL
Initial parameter values
Fixed:
      zero = 0
       one = 1
    Tbecnw = 75200
Free:
       pc1 = 0
       pc2 = 0
       pc3 = 0
       pc4 = 0
       pc5 = 0
       pc6 = 0
       pc7 = 0
       pc8 = 0
       pc9 = 0
      pc10 = 0
      pc11 = 0
      pc12 = 0
      pc13 = 0
      pc14 = 0
      pc15 = 0
      pc16 = 0
      pc17 = 0
      pc18 = 0
Constrained:
   Tgbecnw = 130261
     Tecnw = 27012.8
       Tnw = 22556.5
       Tec = 11355
     twoNb = 1.2117e+06
     twoNe = 3552.29
     twoNc = 1.5703e+06
     twoNn = 985476
     twoNw = 1.44394e+07
    twoNec = 90914.7
    twoNnw = 13593.2
  twoNecnw = 62712.5
  twoNbecnw = 17546.1
  twoNgbecnw = 246045
         m = 0.112962
        m3 = 0.207717
        m4 = 0.0217781
        m6 = 9.88069e-07
        Ta = 43277.5
        Tc = 11278.2
        Td = 5639.12
        Tf = 2819.56
DiffEv reached_goal. cost=2.14993e-03 spread=2.57476e-06
Fitted parameter values
Free:
       pc1 = 2.79735
       pc2 = -3.96132
       pc3 = 0.131038
       pc4 = 0.573016
       pc5 = -1.4448
       pc6 = -1.47627
       pc7 = -0.953562
       pc8 = 2.10048
       pc9 = 1.95554
      pc10 = 0.024843
      pc11 = 0.285526
      pc12 = 0.0109629
      pc13 = 0.40306
      pc14 = -0.227824
      pc15 = -0.040075
      pc16 = -0.184311
      pc17 = -0.125351
      pc18 = 0.0221092
Constrained:
   Tgbecnw = 97800.9
     Tecnw = 25403
       Tnw = 21147.3
       Tec = 10701.2
     twoNb = 1.38343e+06
     twoNe = 4633.35
     twoNc = 3.07905e+06
     twoNn = 1.77592e+06
     twoNw = 1.62609e+06
    twoNec = 88474.7
    twoNnw = 13380.9
  twoNecnw = 60536.9
  twoNbecnw = 7789.38
  twoNgbecnw = 289589
         m = 0.0940622
        m3 = 0.189712
        m4 = 0.0195863
        m6 = 6.50407e-07
        Ta = 42950.6
        Tc = 10573.6
        Td = 5286.82
        Tf = 2643.41
#       SitePat  BranchLen
              b 118327.3581927
              e 44607.5378792
              c 45840.5576923
              n 42087.9098226
              w 44247.5407416
            b:e 1196.8150521
            b:c 1419.8374764
            b:n 989.0351620
            b:w 1120.0124068
            e:c 11169.6404528
            e:n 4751.6287516
            e:w 3941.4811854
            c:n 4400.9207823
            c:w 3861.5870677
            n:w 12224.9426752
          b:e:c 1329.7281207
          b:e:n 588.6241440
          b:e:w 580.9496497
          b:c:n 581.6475975
          b:c:w 595.3238364
          b:n:w 1315.3729296
          e:c:n 4710.6381675
          e:c:w 3900.4885292
          e:n:w 5364.2911144
          c:n:w 4905.3747665
        b:e:c:n 1214.9499844
        b:e:c:w 1077.9709950
        b:e:n:w 1873.3297397
        b:c:n:w 1299.4081284
        e:c:n:w 47202.2898184
