########################################
# legofit: estimate population history #
#       version 2.3.4-4-g53f8760       #
########################################

# Program was compiled: Sep 21 2021 14:36:42
# Program was run: Fri Sep 24 06:54:22 2021

# cmd: legofit -1 -d 0 -t 32 --ptsPerDim 3 --stateOut b1boot42.state --tol 3e-6 -S 5000 acdf2.lgo ../../chrX/boot_chrX/boot42.opf
# Stage nOptItr nSimReps
#     0    5000        0
# algorithm          : deterministic
# ignoring probs <=  : 0
# Branch length floor: 0
# DE strategy        : 2
#    F               : 0.3
#    CR              : 0.8
#    tolerance       : 3e-06
# nthreads           : 32
# lgo input file     : acdf2.lgo
# site pat input file: ../../chrX/boot_chrX/boot42.opf
# free parameters    : 18
# points in DE swarm : 54
# output state file  : b1boot42.state
# Including singleton site patterns.
# cost function      : KL
Initial parameter values
Fixed:
      zero = 0
       one = 1
    Tbecnw = 75200
Free:
       pc1 = 0
       pc2 = 0
       pc3 = 0
       pc4 = 0
       pc5 = 0
       pc6 = 0
       pc7 = 0
       pc8 = 0
       pc9 = 0
      pc10 = 0
      pc11 = 0
      pc12 = 0
      pc13 = 0
      pc14 = 0
      pc15 = 0
      pc16 = 0
      pc17 = 0
      pc18 = 0
Constrained:
   Tgbecnw = 130261
     Tecnw = 27012.8
       Tnw = 22556.5
       Tec = 11355
     twoNb = 1.2117e+06
     twoNe = 3552.29
     twoNc = 1.5703e+06
     twoNn = 985476
     twoNw = 1.44394e+07
    twoNec = 90914.7
    twoNnw = 13593.2
  twoNecnw = 62712.5
  twoNbecnw = 17546.1
  twoNgbecnw = 246045
         m = 0.112962
        m3 = 0.207717
        m4 = 0.0217781
        m6 = 9.88069e-07
        Ta = 43277.5
        Tc = 11278.2
        Td = 5639.12
        Tf = 2819.56
DiffEv reached_goal. cost=2.07976e-03 spread=2.76246e-06
Fitted parameter values
Free:
       pc1 = 2.07287
       pc2 = -3.97761
       pc3 = -0.0201653
       pc4 = 0.913349
       pc5 = -0.974799
       pc6 = 0.694905
       pc7 = 0.38519
       pc8 = 3.5715
       pc9 = 1.73039
      pc10 = 0.377804
      pc11 = 0.30201
      pc12 = -0.36709
      pc13 = 0.521046
      pc14 = -0.130738
      pc15 = -0.155388
      pc16 = -0.235906
      pc17 = -0.0956138
      pc18 = 0.0124163
Constrained:
   Tgbecnw = 95606.4
     Tecnw = 25702.5
       Tnw = 22198.3
       Tec = 11218.9
     twoNb = 1.24498e+06
     twoNe = 5222.62
     twoNc = 3.82859e+06
     twoNn = 3.21818e+06
     twoNw = 1.31393e+06
    twoNec = 86252.2
    twoNnw = 10429.3
  twoNecnw = 59330.6
  twoNbecnw = 7259.94
  twoNgbecnw = 274397
         m = 0.0967684
        m3 = 0.220075
        m4 = 0.021583
        m6 = 1.59643e-06
        Ta = 43209.5
        Tc = 11099.2
        Td = 5549.59
        Tf = 2774.79
#       SitePat  BranchLen
              b 117469.7730755
              e 44521.7237755
              c 45830.3822515
              n 41921.1033728
              w 44376.4693806
            b:e 1193.7351526
            b:c 1446.5971812
            b:n 974.7019091
            b:w 1125.9704167
            e:c 11003.9527549
            e:n 4789.3186785
            e:w 3892.2178409
            c:n 4429.8481989
            c:w 3799.9654489
            n:w 12015.1822669
          b:e:c 1325.2305678
          b:e:n 587.5099982
          b:e:w 580.2821223
          b:c:n 581.0873983
          b:c:w 595.2869139
          b:n:w 1309.7816512
          e:c:n 4759.2253503
          e:c:w 3830.8429299
          e:n:w 5388.4712636
          c:n:w 4882.6034626
        b:e:c:n 1221.0417654
        b:e:c:w 1062.8016181
        b:e:n:w 1908.9907220
        b:c:n:w 1296.4785022
        e:c:n:w 46613.9246506
