########################################
# legofit: estimate population history #
#       version 2.3.4-4-g53f8760       #
########################################

# Program was compiled: Sep 21 2021 14:36:42
# Program was run: Fri Sep 24 06:49:34 2021

# cmd: legofit -1 -d 0 -t 32 --ptsPerDim 3 --stateOut b1boot7.state --tol 3e-6 -S 5000 acdf2.lgo ../../chrX/boot_chrX/boot7.opf
# Stage nOptItr nSimReps
#     0    5000        0
# algorithm          : deterministic
# ignoring probs <=  : 0
# Branch length floor: 0
# DE strategy        : 2
#    F               : 0.3
#    CR              : 0.8
#    tolerance       : 3e-06
# nthreads           : 32
# lgo input file     : acdf2.lgo
# site pat input file: ../../chrX/boot_chrX/boot7.opf
# free parameters    : 18
# points in DE swarm : 54
# output state file  : b1boot7.state
# Including singleton site patterns.
# cost function      : KL
Initial parameter values
Fixed:
      zero = 0
       one = 1
    Tbecnw = 75200
Free:
       pc1 = 0
       pc2 = 0
       pc3 = 0
       pc4 = 0
       pc5 = 0
       pc6 = 0
       pc7 = 0
       pc8 = 0
       pc9 = 0
      pc10 = 0
      pc11 = 0
      pc12 = 0
      pc13 = 0
      pc14 = 0
      pc15 = 0
      pc16 = 0
      pc17 = 0
      pc18 = 0
Constrained:
   Tgbecnw = 130261
     Tecnw = 27012.8
       Tnw = 22556.5
       Tec = 11355
     twoNb = 1.2117e+06
     twoNe = 3552.29
     twoNc = 1.5703e+06
     twoNn = 985476
     twoNw = 1.44394e+07
    twoNec = 90914.7
    twoNnw = 13593.2
  twoNecnw = 62712.5
  twoNbecnw = 17546.1
  twoNgbecnw = 246045
         m = 0.112962
        m3 = 0.207717
        m4 = 0.0217781
        m6 = 9.88069e-07
        Ta = 43277.5
        Tc = 11278.2
        Td = 5639.12
        Tf = 2819.56
DiffEv reached_goal. cost=2.07798e-03 spread=2.64772e-06
Fitted parameter values
Free:
       pc1 = 2.88252
       pc2 = -3.9533
       pc3 = -0.645865
       pc4 = 1.11191
       pc5 = -0.276412
       pc6 = 0.216168
       pc7 = -0.125767
       pc8 = 3.70905
       pc9 = 1.33954
      pc10 = 0.669044
      pc11 = 0.663868
      pc12 = 0.652241
      pc13 = -0.49349
      pc14 = 0.148363
      pc15 = -0.0647984
      pc16 = -0.0135833
      pc17 = -0.0928539
      pc18 = -0.0100528
Constrained:
   Tgbecnw = 97449.8
     Tecnw = 25583.4
       Tnw = 20844.4
       Tec = 10493.7
     twoNb = 1.72245e+06
     twoNe = 3401.05
     twoNc = 3.92705e+06
     twoNn = 3.31833e+06
     twoNw = 405183
    twoNec = 83369.6
    twoNnw = 14320.9
  twoNecnw = 60742.8
  twoNbecnw = 7519.09
  twoNgbecnw = 314000
         m = 0.0816945
        m3 = 0.220663
        m4 = 0.0216463
        m6 = 1.21123e-06
        Ta = 42846.9
        Tc = 10422.2
        Td = 5211.11
        Tf = 2605.55
#       SitePat  BranchLen
              b 116716.0791863
              e 44258.6956543
              c 45568.2241481
              n 41912.9969894
              w 44559.5900881
            b:e 1203.6503296
            b:c 1426.2370165
            b:n 1003.6551429
            b:w 1168.5607413
            e:c 11425.3229815
            e:n 4830.0007814
            e:w 3884.3137476
            c:n 4480.1519188
            c:w 3788.1499537
            n:w 12237.2627690
          b:e:c 1364.6490268
          b:e:n 597.0262066
          b:e:w 590.6268061
          b:c:n 590.9572271
          b:c:w 605.0528779
          b:n:w 1350.4331462
          e:c:n 4884.8258719
          e:c:w 3875.9217721
          e:n:w 5292.4787774
          c:n:w 4813.8424783
        b:e:c:n 1269.3455858
        b:e:c:w 1096.7437371
        b:e:n:w 1926.4478420
        b:c:n:w 1310.6243834
        e:c:n:w 45720.0402767
