########################################
# legofit: estimate population history #
#       version 2.3.4-4-g53f8760       #
########################################

# Program was compiled: Sep 21 2021 14:36:42
# Program was run: Fri Sep 24 06:52:32 2021

# cmd: legofit -1 -d 0 -t 32 --ptsPerDim 3 --stateOut b1boot27.state --tol 3e-6 -S 5000 acdf2.lgo ../../chrX/boot_chrX/boot27.opf
# Stage nOptItr nSimReps
#     0    5000        0
# algorithm          : deterministic
# ignoring probs <=  : 0
# Branch length floor: 0
# DE strategy        : 2
#    F               : 0.3
#    CR              : 0.8
#    tolerance       : 3e-06
# nthreads           : 32
# lgo input file     : acdf2.lgo
# site pat input file: ../../chrX/boot_chrX/boot27.opf
# free parameters    : 18
# points in DE swarm : 54
# output state file  : b1boot27.state
# Including singleton site patterns.
# cost function      : KL
Initial parameter values
Fixed:
      zero = 0
       one = 1
    Tbecnw = 75200
Free:
       pc1 = 0
       pc2 = 0
       pc3 = 0
       pc4 = 0
       pc5 = 0
       pc6 = 0
       pc7 = 0
       pc8 = 0
       pc9 = 0
      pc10 = 0
      pc11 = 0
      pc12 = 0
      pc13 = 0
      pc14 = 0
      pc15 = 0
      pc16 = 0
      pc17 = 0
      pc18 = 0
Constrained:
   Tgbecnw = 130261
     Tecnw = 27012.8
       Tnw = 22556.5
       Tec = 11355
     twoNb = 1.2117e+06
     twoNe = 3552.29
     twoNc = 1.5703e+06
     twoNn = 985476
     twoNw = 1.44394e+07
    twoNec = 90914.7
    twoNnw = 13593.2
  twoNecnw = 62712.5
  twoNbecnw = 17546.1
  twoNgbecnw = 246045
         m = 0.112962
        m3 = 0.207717
        m4 = 0.0217781
        m6 = 9.88069e-07
        Ta = 43277.5
        Tc = 11278.2
        Td = 5639.12
        Tf = 2819.56
DiffEv reached_goal. cost=2.15900e-03 spread=2.84251e-06
Fitted parameter values
Free:
       pc1 = 3.02767
       pc2 = -3.97167
       pc3 = -0.999626
       pc4 = -0.774999
       pc5 = -0.927445
       pc6 = -1.7472
       pc7 = 1.66901
       pc8 = 3.99123
       pc9 = 1.24881
      pc10 = 0.111244
      pc11 = 1.67463
      pc12 = 0.931114
      pc13 = 0.166902
      pc14 = 0.233433
      pc15 = -0.331217
      pc16 = -0.064304
      pc17 = 0.0172867
      pc18 = -0.0769625
Constrained:
   Tgbecnw = 99809.5
     Tecnw = 25245
       Tnw = 20250.1
       Tec = 10128.6
     twoNb = 1.85354e+06
     twoNe = 5650.25
     twoNc = 1.85535e+06
     twoNn = 5.45341e+06
     twoNw = 864605
    twoNec = 88844.2
    twoNnw = 15137.2
  twoNecnw = 62804.8
  twoNbecnw = 8384.09
  twoNgbecnw = 306039
         m = 0.0866796
        m3 = 0.191153
        m4 = 0.0219685
        m6 = 1.94882e-06
        Ta = 42664.3
        Tc = 10125.1
        Td = 5062.53
        Tf = 2531.26
#       SitePat  BranchLen
              b 118170.9784006
              e 45057.1680092
              c 46227.1578325
              n 42262.0267521
              w 44350.3393368
            b:e 1279.9800908
            b:c 1500.1093065
            b:n 1048.6596777
            b:w 1182.3595964
            e:c 11556.5121543
            e:n 4663.9855570
            e:w 3995.1365841
            c:n 4487.5286428
            c:w 3856.4189042
            n:w 12796.6028374
          b:e:c 1436.9028790
          b:e:n 615.9115517
          b:e:w 617.3549392
          b:c:n 617.8831865
          b:c:w 622.8349656
          b:n:w 1420.5212524
          e:c:n 4723.2644484
          e:c:w 3934.9105753
          e:n:w 5446.5841157
          c:n:w 4997.5690905
        b:e:c:n 1287.4569403
        b:e:c:w 1147.3618551
        b:e:n:w 2027.9168902
        b:c:n:w 1394.5356474
        e:c:n:w 46580.3207508
