########################################
# legofit: estimate population history #
#       version 2.3.4-4-g53f8760       #
########################################

# Program was compiled: Sep 21 2021 14:36:42
# Program was run: Fri Sep 24 06:53:34 2021

# cmd: legofit -1 -d 0 -t 32 --ptsPerDim 3 --stateOut b1boot35.state --tol 3e-6 -S 5000 acdf2.lgo ../../chrX/boot_chrX/boot35.opf
# Stage nOptItr nSimReps
#     0    5000        0
# algorithm          : deterministic
# ignoring probs <=  : 0
# Branch length floor: 0
# DE strategy        : 2
#    F               : 0.3
#    CR              : 0.8
#    tolerance       : 3e-06
# nthreads           : 32
# lgo input file     : acdf2.lgo
# site pat input file: ../../chrX/boot_chrX/boot35.opf
# free parameters    : 18
# points in DE swarm : 54
# output state file  : b1boot35.state
# Including singleton site patterns.
# cost function      : KL
Initial parameter values
Fixed:
      zero = 0
       one = 1
    Tbecnw = 75200
Free:
       pc1 = 0
       pc2 = 0
       pc3 = 0
       pc4 = 0
       pc5 = 0
       pc6 = 0
       pc7 = 0
       pc8 = 0
       pc9 = 0
      pc10 = 0
      pc11 = 0
      pc12 = 0
      pc13 = 0
      pc14 = 0
      pc15 = 0
      pc16 = 0
      pc17 = 0
      pc18 = 0
Constrained:
   Tgbecnw = 130261
     Tecnw = 27012.8
       Tnw = 22556.5
       Tec = 11355
     twoNb = 1.2117e+06
     twoNe = 3552.29
     twoNc = 1.5703e+06
     twoNn = 985476
     twoNw = 1.44394e+07
    twoNec = 90914.7
    twoNnw = 13593.2
  twoNecnw = 62712.5
  twoNbecnw = 17546.1
  twoNgbecnw = 246045
         m = 0.112962
        m3 = 0.207717
        m4 = 0.0217781
        m6 = 9.88069e-07
        Ta = 43277.5
        Tc = 11278.2
        Td = 5639.12
        Tf = 2819.56
DiffEv reached_goal. cost=2.16862e-03 spread=2.71316e-06
Fitted parameter values
Free:
       pc1 = 2.94656
       pc2 = -3.98262
       pc3 = 0.165698
       pc4 = 0.884726
       pc5 = -1.91233
       pc6 = 0.581718
       pc7 = -0.916396
       pc8 = 3.86889
       pc9 = 0.853363
      pc10 = 1.13292
      pc11 = 0.00524346
      pc12 = 0.702828
      pc13 = 0.297531
      pc14 = 0.102272
      pc15 = -0.107751
      pc16 = -0.137657
      pc17 = -0.142663
      pc18 = -0.00285102
Constrained:
   Tgbecnw = 95693.6
     Tecnw = 25463
       Tnw = 21371
       Tec = 10738.1
     twoNb = 1.0374e+06
     twoNe = 2238.43
     twoNc = 5.16269e+06
     twoNn = 3.24362e+06
     twoNw = 382607
    twoNec = 88544.8
    twoNnw = 12540.8
  twoNecnw = 60770.1
  twoNbecnw = 6924.96
  twoNgbecnw = 309889
         m = 0.0896633
        m3 = 0.215796
        m4 = 0.0203775
        m6 = 2.22709e-06
        Ta = 42969
        Tc = 10685.5
        Td = 5342.75
        Tf = 2671.38
#       SitePat  BranchLen
              b 118159.9142496
              e 44545.7266779
              c 45800.6438100
              n 41983.7351435
              w 44406.3755080
            b:e 1180.1410585
            b:c 1426.5124914
            b:n 971.5999262
            b:w 1117.5662789
            e:c 11029.0663677
            e:n 4815.4499553
            e:w 3922.2768198
            c:n 4461.6668252
            c:w 3836.6678586
            n:w 12042.3787121
          b:e:c 1307.6988964
          b:e:n 585.6511422
          b:e:w 578.6282917
          b:c:n 579.5966333
          b:c:w 593.6657617
          b:n:w 1292.0922523
          e:c:n 4730.2998140
          e:c:w 3825.8315516
          e:n:w 5307.2306537
          c:n:w 4835.1207361
        b:e:c:n 1216.5398955
        b:e:c:w 1063.5272649
        b:e:n:w 1885.4763749
        b:c:n:w 1286.7066997
        e:c:n:w 47251.7726110
