########################################
# legofit: estimate population history #
#       version 2.3.4-4-g53f8760       #
########################################

# Program was compiled: Sep 21 2021 14:36:42
# Program was run: Fri Sep 24 06:50:27 2021

# cmd: legofit -1 -d 0 -t 32 --ptsPerDim 3 --stateOut b1boot17.state --tol 3e-6 -S 5000 acdf2.lgo ../../chrX/boot_chrX/boot17.opf
# Stage nOptItr nSimReps
#     0    5000        0
# algorithm          : deterministic
# ignoring probs <=  : 0
# Branch length floor: 0
# DE strategy        : 2
#    F               : 0.3
#    CR              : 0.8
#    tolerance       : 3e-06
# nthreads           : 32
# lgo input file     : acdf2.lgo
# site pat input file: ../../chrX/boot_chrX/boot17.opf
# free parameters    : 18
# points in DE swarm : 54
# output state file  : b1boot17.state
# Including singleton site patterns.
# cost function      : KL
Initial parameter values
Fixed:
      zero = 0
       one = 1
    Tbecnw = 75200
Free:
       pc1 = 0
       pc2 = 0
       pc3 = 0
       pc4 = 0
       pc5 = 0
       pc6 = 0
       pc7 = 0
       pc8 = 0
       pc9 = 0
      pc10 = 0
      pc11 = 0
      pc12 = 0
      pc13 = 0
      pc14 = 0
      pc15 = 0
      pc16 = 0
      pc17 = 0
      pc18 = 0
Constrained:
   Tgbecnw = 130261
     Tecnw = 27012.8
       Tnw = 22556.5
       Tec = 11355
     twoNb = 1.2117e+06
     twoNe = 3552.29
     twoNc = 1.5703e+06
     twoNn = 985476
     twoNw = 1.44394e+07
    twoNec = 90914.7
    twoNnw = 13593.2
  twoNecnw = 62712.5
  twoNbecnw = 17546.1
  twoNgbecnw = 246045
         m = 0.112962
        m3 = 0.207717
        m4 = 0.0217781
        m6 = 9.88069e-07
        Ta = 43277.5
        Tc = 11278.2
        Td = 5639.12
        Tf = 2819.56
DiffEv reached_goal. cost=2.09581e-03 spread=2.87849e-06
Fitted parameter values
Free:
       pc1 = 2.46629
       pc2 = -3.98624
       pc3 = -0.930638
       pc4 = 0.312849
       pc5 = -0.444681
       pc6 = -0.794828
       pc7 = 0.496492
       pc8 = 3.93045
       pc9 = 1.3456
      pc10 = 0.266007
      pc11 = 0.0886848
      pc12 = 0.533336
      pc13 = -0.549203
      pc14 = 0.149593
      pc15 = -0.0564723
      pc16 = -0.0732515
      pc17 = -0.0540581
      pc18 = -0.0254593
Constrained:
   Tgbecnw = 98876.2
     Tecnw = 25571.4
       Tnw = 20774.9
       Tec = 10445.9
     twoNb = 1.60812e+06
     twoNe = 4340.95
     twoNc = 2.94939e+06
     twoNn = 4.36442e+06
     twoNw = 6.14819e+06
    twoNec = 82892.5
    twoNnw = 14544.8
  twoNecnw = 61551
  twoNbecnw = 7920.23
  twoNgbecnw = 305157
         m = 0.0889098
        m3 = 0.211526
        m4 = 0.0210829
        m6 = 4.53424e-07
        Ta = 42822.9
        Tc = 10387.4
        Td = 5193.72
        Tf = 2596.86
#       SitePat  BranchLen
              b 118014.2017095
              e 44428.3773355
              c 45657.0578783
              n 42094.3006131
              w 44605.1884968
            b:e 1174.2110526
            b:c 1394.3075614
            b:n 980.5862155
            b:w 1132.8770776
            e:c 11541.6706653
            e:n 4740.4261563
            e:w 3878.9662498
            c:n 4463.2215488
            c:w 3770.7126661
            n:w 12361.3692927
          b:e:c 1336.3824762
          b:e:n 576.8715883
          b:e:w 573.6754259
          b:c:n 573.8255716
          b:c:w 584.0182300
          b:n:w 1323.0583037
          e:c:n 4826.8737284
          e:c:w 3869.9546339
          e:n:w 5254.4204020
          c:n:w 4800.0774300
        b:e:c:n 1229.5187118
        b:e:c:w 1070.2313537
        b:e:n:w 1893.3030561
        b:c:n:w 1277.0302176
        e:c:n:w 46739.2158784
