########################################
# legofit: estimate population history #
#       version 2.3.4-4-g53f8760       #
########################################

# Program was compiled: Sep 21 2021 14:36:42
# Program was run: Fri Sep 24 06:54:08 2021

# cmd: legofit -1 -d 0 -t 32 --ptsPerDim 3 --stateOut b1boot40.state --tol 3e-6 -S 5000 acdf2.lgo ../../chrX/boot_chrX/boot40.opf
# Stage nOptItr nSimReps
#     0    5000        0
# algorithm          : deterministic
# ignoring probs <=  : 0
# Branch length floor: 0
# DE strategy        : 2
#    F               : 0.3
#    CR              : 0.8
#    tolerance       : 3e-06
# nthreads           : 32
# lgo input file     : acdf2.lgo
# site pat input file: ../../chrX/boot_chrX/boot40.opf
# free parameters    : 18
# points in DE swarm : 54
# output state file  : b1boot40.state
# Including singleton site patterns.
# cost function      : KL
Initial parameter values
Fixed:
      zero = 0
       one = 1
    Tbecnw = 75200
Free:
       pc1 = 0
       pc2 = 0
       pc3 = 0
       pc4 = 0
       pc5 = 0
       pc6 = 0
       pc7 = 0
       pc8 = 0
       pc9 = 0
      pc10 = 0
      pc11 = 0
      pc12 = 0
      pc13 = 0
      pc14 = 0
      pc15 = 0
      pc16 = 0
      pc17 = 0
      pc18 = 0
Constrained:
   Tgbecnw = 130261
     Tecnw = 27012.8
       Tnw = 22556.5
       Tec = 11355
     twoNb = 1.2117e+06
     twoNe = 3552.29
     twoNc = 1.5703e+06
     twoNn = 985476
     twoNw = 1.44394e+07
    twoNec = 90914.7
    twoNnw = 13593.2
  twoNecnw = 62712.5
  twoNbecnw = 17546.1
  twoNgbecnw = 246045
         m = 0.112962
        m3 = 0.207717
        m4 = 0.0217781
        m6 = 9.88069e-07
        Ta = 43277.5
        Tc = 11278.2
        Td = 5639.12
        Tf = 2819.56
DiffEv reached_goal. cost=2.05114e-03 spread=2.64376e-06
Fitted parameter values
Free:
       pc1 = 1.58244
       pc2 = -3.94367
       pc3 = 0.702169
       pc4 = 0.786202
       pc5 = -1.26616
       pc6 = -0.76027
       pc7 = -0.435305
       pc8 = 3.14382
       pc9 = 1.96897
      pc10 = 0.457498
      pc11 = -0.228331
      pc12 = 0.183191
      pc13 = 0.687753
      pc14 = -0.686417
      pc15 = 0.11393
      pc16 = -0.0850036
      pc17 = -0.069824
      pc18 = 0.00577392
Constrained:
   Tgbecnw = 100501
     Tecnw = 25364.4
       Tnw = 22384.5
       Tec = 11278.3
     twoNb = 1.21804e+06
     twoNe = 5014
     twoNc = 3.36581e+06
     twoNn = 2.7069e+06
     twoNw = 1.88656e+06
    twoNec = 86543.4
    twoNnw = 8597.99
  twoNecnw = 59928.9
  twoNbecnw = 8888.22
  twoNgbecnw = 272441
         m = 0.0961486
        m3 = 0.210012
        m4 = 0.0190745
        m6 = 1.09202e-06
        Ta = 43239.2
        Tc = 11192.3
        Td = 5596.14
        Tf = 2798.07
#       SitePat  BranchLen
              b 118269.9902921
              e 44741.4861955
              c 45874.3256931
              n 41807.6549658
              w 44066.4897148
            b:e 1229.8128466
            b:c 1454.4460172
            b:n 984.7603562
            b:w 1125.6214517
            e:c 11127.6929250
            e:n 4732.9425901
            e:w 3934.9250660
            c:n 4447.2643353
            c:w 3845.6794834
            n:w 12363.8043249
          b:e:c 1357.3292302
          b:e:n 590.3821886
          b:e:w 585.4568499
          b:c:n 585.9009654
          b:c:w 596.9614638
          b:n:w 1341.8487865
          e:c:n 4737.2010268
          e:c:w 3877.9686538
          e:n:w 5512.5593925
          c:n:w 5063.3492142
        b:e:c:n 1215.4825658
        b:e:c:w 1068.4863107
        b:e:n:w 1868.9373435
        b:c:n:w 1328.5751293
        e:c:n:w 47023.3287835
