########################################
# legofit: estimate population history #
#       version 2.3.4-4-g53f8760       #
########################################

# Program was compiled: Sep 21 2021 14:36:42
# Program was run: Wed Sep 29 12:02:17 2021

# cmd: legofit -1 -d 0 -t 56 --ptsPerDim 3 --stateOut b1boot33.state --tol 3e-6 -S 5000 bcdef2.lgo ../../boot/boot33.opf
# Stage nOptItr nSimReps
#     0    5000        0
# algorithm          : deterministic
# ignoring probs <=  : 0
# Branch length floor: 0
# DE strategy        : 2
#    F               : 0.3
#    CR              : 0.8
#    tolerance       : 3e-06
# nthreads           : 51
# lgo input file     : bcdef2.lgo
# site pat input file: ../../boot/boot33.opf
# free parameters    : 17
# points in DE swarm : 51
# output state file  : b1boot33.state
# Including singleton site patterns.
# cost function      : KL
Initial parameter values
Fixed:
      zero = 0
       one = 1
    Tbecnw = 75200
Free:
       pc1 = 0
       pc2 = 0
       pc3 = 0
       pc4 = 0
       pc5 = 0
       pc6 = 0
       pc7 = 0
       pc8 = 0
       pc9 = 0
      pc10 = 0
      pc11 = 0
      pc12 = 0
      pc13 = 0
      pc14 = 0
      pc15 = 0
      pc16 = 0
      pc17 = 0
Constrained:
     Tecnw = 59525.3
       Tnw = 30.6036
       Tec = 4311.13
     twoNb = 2.28407e+06
     twoNe = 60833
     twoNc = 305820
     twoNn = 746270
     twoNw = 3.10513e+06
    twoNec = 126916
    twoNnw = 148074
  twoNecnw = 13619.2
  twoNbecnw = 87604.8
        m2 = 0.0459644
        m3 = 0.201875
        m4 = 0.00079889
        m5 = 0.325299
        m6 = 0.234219
        Tb = 31918.2
        Tc = 15.3018
        Td = 7.65089
        Te = 3.82545
        Tf = 1.91272
DiffEv reached_goal. cost=2.02320e-03 spread=2.19749e-06
Fitted parameter values
Free:
       pc1 = 1.13273
       pc2 = 0.318883
       pc3 = -1.37618
       pc4 = -0.277193
       pc5 = -1.89255
       pc6 = 1.82536
       pc7 = -1.87794
       pc8 = -1.98723
       pc9 = 0.115769
      pc10 = 0.312626
      pc11 = -0.441552
      pc12 = -0.0199047
      pc13 = -0.0544682
      pc14 = -0.150371
      pc15 = 0.0252418
      pc16 = -0.0679602
      pc17 = -0.0750699
Constrained:
     Tecnw = 59085.9
       Tnw = 28.7754
       Tec = 3325.21
     twoNb = 4.61879e+06
     twoNe = 50940.8
     twoNc = 652380
     twoNn = 1.6442e+06
     twoNw = 4.19913e+06
    twoNec = 129782
    twoNnw = 148536
  twoNecnw = 13855.8
  twoNbecnw = 87077.5
        m2 = 0.0471935
        m3 = 0.203198
        m4 = 0.00169802
        m5 = 0.323184
        m6 = 0.230914
        Tb = 31205.5
        Tc = 14.3877
        Td = 7.19386
        Te = 3.59693
        Tf = 1.79846
#       SitePat  BranchLen
              b 146959.5402260
              e 57058.0052046
              c 59881.3904472
              n 53052.0815062
              w 55679.1614900
            b:e 2806.7823715
            b:c 3170.9926840
            b:n 2105.2776072
            b:w 2278.5290827
            e:c 12247.7950338
            e:n 6818.8691507
            e:w 6028.9627278
            c:n 6041.0568363
            c:w 5106.8180429
            n:w 14317.2699654
          b:e:c 2440.9403289
          b:e:n 1242.4913202
          b:e:w 1268.3530051
          b:c:n 1269.8972258
          b:c:w 1241.2726151
          b:n:w 2433.9784789
          e:c:n 5819.8384687
          e:c:w 4926.8226907
          e:n:w 8004.7966264
          c:n:w 6874.2967264
        b:e:c:n 2281.5316444
        b:e:c:w 2101.1241054
        b:e:n:w 3142.3912927
        b:c:n:w 2784.9271215
        e:c:n:w 61339.3251384
