########################################
# legofit: estimate population history #
#       version 2.3.4-4-g53f8760       #
########################################

# Program was compiled: Sep 21 2021 14:36:42
# Program was run: Wed Sep 29 12:01:44 2021

# cmd: legofit -1 -d 0 -t 56 --ptsPerDim 3 --stateOut b1boot19.state --tol 3e-6 -S 5000 bcdef2.lgo ../../boot/boot19.opf
# Stage nOptItr nSimReps
#     0    5000        0
# algorithm          : deterministic
# ignoring probs <=  : 0
# Branch length floor: 0
# DE strategy        : 2
#    F               : 0.3
#    CR              : 0.8
#    tolerance       : 3e-06
# nthreads           : 51
# lgo input file     : bcdef2.lgo
# site pat input file: ../../boot/boot19.opf
# free parameters    : 17
# points in DE swarm : 51
# output state file  : b1boot19.state
# Including singleton site patterns.
# cost function      : KL
Initial parameter values
Fixed:
      zero = 0
       one = 1
    Tbecnw = 75200
Free:
       pc1 = 0
       pc2 = 0
       pc3 = 0
       pc4 = 0
       pc5 = 0
       pc6 = 0
       pc7 = 0
       pc8 = 0
       pc9 = 0
      pc10 = 0
      pc11 = 0
      pc12 = 0
      pc13 = 0
      pc14 = 0
      pc15 = 0
      pc16 = 0
      pc17 = 0
Constrained:
     Tecnw = 59525.3
       Tnw = 30.6036
       Tec = 4311.13
     twoNb = 2.28407e+06
     twoNe = 60833
     twoNc = 305820
     twoNn = 746270
     twoNw = 3.10513e+06
    twoNec = 126916
    twoNnw = 148074
  twoNecnw = 13619.2
  twoNbecnw = 87604.8
        m2 = 0.0459644
        m3 = 0.201875
        m4 = 0.00079889
        m5 = 0.325299
        m6 = 0.234219
        Tb = 31918.2
        Tc = 15.3018
        Td = 7.65089
        Te = 3.82545
        Tf = 1.91272
DiffEv reached_goal. cost=2.02764e-03 spread=2.99893e-06
Fitted parameter values
Free:
       pc1 = 1.3632
       pc2 = -2.24458
       pc3 = -0.50988
       pc4 = 1.12293
       pc5 = -1.74378
       pc6 = 1.90087
       pc7 = -1.38948
       pc8 = -1.81804
       pc9 = -0.115989
      pc10 = -0.837839
      pc11 = -0.168381
      pc12 = -0.108445
      pc13 = -0.149917
      pc14 = -0.143228
      pc15 = 0.125587
      pc16 = -0.0891471
      pc17 = -0.0447254
Constrained:
     Tecnw = 59137.1
       Tnw = 13.9877
       Tec = 4527.62
     twoNb = 4.61401e+06
     twoNe = 74281.4
     twoNc = 793422
     twoNn = 761277
     twoNw = 4.44132e+06
    twoNec = 126950
    twoNnw = 145569
  twoNecnw = 13787
  twoNbecnw = 87592.3
        m2 = 0.0505334
        m3 = 0.218082
        m4 = 0.000930885
        m5 = 0.3141
        m6 = 0.223098
        Tb = 31832.4
        Tc = 6.99384
        Td = 3.49692
        Te = 1.74846
        Tf = 0.87423
#       SitePat  BranchLen
              b 147310.1171169
              e 57225.3940628
              c 60019.6639446
              n 53061.4771271
              w 55839.4569900
            b:e 2849.4227303
            b:c 3206.0068388
            b:n 2122.5373145
            b:w 2305.6880257
            e:c 12263.8538995
            e:n 6838.5909134
            e:w 6023.7409912
            c:n 6086.9067403
            c:w 5089.4752243
            n:w 14398.9713079
          b:e:c 2467.2358016
          b:e:n 1248.6425774
          b:e:w 1277.6950409
          b:c:n 1279.4102617
          b:c:w 1247.2056943
          b:n:w 2459.7975707
          e:c:n 5891.3571482
          e:c:w 4936.9282808
          e:n:w 8041.1868912
          c:n:w 6926.7369356
        b:e:c:n 2308.9377928
        b:e:c:w 2117.6696281
        b:e:n:w 3176.8356096
        b:c:n:w 2826.1031774
        e:c:n:w 61535.8138131
