########################################
# legofit: estimate population history #
#       version 2.3.4-4-g53f8760       #
########################################

# Program was compiled: Sep 21 2021 14:36:42
# Program was run: Wed Sep 29 12:00:40 2021

# cmd: legofit -1 -d 0 -t 56 --ptsPerDim 3 --stateOut b1boot9.state --tol 3e-6 -S 5000 bcdef2.lgo ../../boot/boot9.opf
# Stage nOptItr nSimReps
#     0    5000        0
# algorithm          : deterministic
# ignoring probs <=  : 0
# Branch length floor: 0
# DE strategy        : 2
#    F               : 0.3
#    CR              : 0.8
#    tolerance       : 3e-06
# nthreads           : 51
# lgo input file     : bcdef2.lgo
# site pat input file: ../../boot/boot9.opf
# free parameters    : 17
# points in DE swarm : 51
# output state file  : b1boot9.state
# Including singleton site patterns.
# cost function      : KL
Initial parameter values
Fixed:
      zero = 0
       one = 1
    Tbecnw = 75200
Free:
       pc1 = 0
       pc2 = 0
       pc3 = 0
       pc4 = 0
       pc5 = 0
       pc6 = 0
       pc7 = 0
       pc8 = 0
       pc9 = 0
      pc10 = 0
      pc11 = 0
      pc12 = 0
      pc13 = 0
      pc14 = 0
      pc15 = 0
      pc16 = 0
      pc17 = 0
Constrained:
     Tecnw = 59525.3
       Tnw = 30.6036
       Tec = 4311.13
     twoNb = 2.28407e+06
     twoNe = 60833
     twoNc = 305820
     twoNn = 746270
     twoNw = 3.10513e+06
    twoNec = 126916
    twoNnw = 148074
  twoNecnw = 13619.2
  twoNbecnw = 87604.8
        m2 = 0.0459644
        m3 = 0.201875
        m4 = 0.00079889
        m5 = 0.325299
        m6 = 0.234219
        Tb = 31918.2
        Tc = 15.3018
        Td = 7.65089
        Te = 3.82545
        Tf = 1.91272
DiffEv reached_goal. cost=2.05023e-03 spread=2.59806e-06
Fitted parameter values
Free:
       pc1 = 0.398586
       pc2 = 0.10421
       pc3 = -0.61789
       pc4 = 1.73742
       pc5 = -1.95676
       pc6 = 1.85237
       pc7 = -1.83502
       pc8 = -1.98161
       pc9 = -1.08697
      pc10 = -0.217971
      pc11 = -0.381797
      pc12 = 0.154193
      pc13 = -0.284145
      pc14 = 0.0366962
      pc15 = 0.0185999
      pc16 = -0.0610891
      pc17 = 0.0299683
Constrained:
     Tecnw = 59416.6
       Tnw = 24.8738
       Tec = 3644.83
     twoNb = 4.96099e+06
     twoNe = 51120.6
     twoNc = 949061
     twoNn = 739725
     twoNw = 4.70979e+06
    twoNec = 128145
    twoNnw = 149351
  twoNecnw = 13663.5
  twoNbecnw = 87635.3
        m2 = 0.0486004
        m3 = 0.201618
        m4 = 0.000790467
        m5 = 0.323373
        m6 = 0.233531
        Tb = 31530.7
        Tc = 12.4369
        Td = 6.21845
        Te = 3.10923
        Tf = 1.55461
#       SitePat  BranchLen
              b 147308.4755907
              e 57304.6086212
              c 60094.2380168
              n 53253.8507139
              w 55915.6989588
            b:e 2851.0824167
            b:c 3201.6067045
            b:n 2133.7355563
            b:w 2312.1266198
            e:c 12332.4914298
            e:n 6878.3277254
            e:w 6044.8571083
            c:n 6066.0269929
            c:w 5154.1861461
            n:w 14403.4657476
          b:e:c 2479.6674774
          b:e:n 1261.0692844
          b:e:w 1283.2090447
          b:c:n 1284.6394551
          b:c:w 1259.8480178
          b:n:w 2473.0238904
          e:c:n 5863.7532745
          e:c:w 4956.6199671
          e:n:w 8029.3500850
          c:n:w 6937.3881789
        b:e:c:n 2314.9821173
        b:e:c:w 2129.8392572
        b:e:n:w 3175.6740137
        b:c:n:w 2830.2447874
        e:c:n:w 61393.6924106
