########################################
# legofit: estimate population history #
#       version 2.3.4-4-g53f8760       #
########################################

# Program was compiled: Sep 21 2021 14:36:42
# Program was run: Wed Sep 29 12:02:54 2021

# cmd: legofit -1 -d 0 -t 56 --ptsPerDim 3 --stateOut b1boot41.state --tol 3e-6 -S 5000 bcdef2.lgo ../../boot/boot41.opf
# Stage nOptItr nSimReps
#     0    5000        0
# algorithm          : deterministic
# ignoring probs <=  : 0
# Branch length floor: 0
# DE strategy        : 2
#    F               : 0.3
#    CR              : 0.8
#    tolerance       : 3e-06
# nthreads           : 51
# lgo input file     : bcdef2.lgo
# site pat input file: ../../boot/boot41.opf
# free parameters    : 17
# points in DE swarm : 51
# output state file  : b1boot41.state
# Including singleton site patterns.
# cost function      : KL
Initial parameter values
Fixed:
      zero = 0
       one = 1
    Tbecnw = 75200
Free:
       pc1 = 0
       pc2 = 0
       pc3 = 0
       pc4 = 0
       pc5 = 0
       pc6 = 0
       pc7 = 0
       pc8 = 0
       pc9 = 0
      pc10 = 0
      pc11 = 0
      pc12 = 0
      pc13 = 0
      pc14 = 0
      pc15 = 0
      pc16 = 0
      pc17 = 0
Constrained:
     Tecnw = 59525.3
       Tnw = 30.6036
       Tec = 4311.13
     twoNb = 2.28407e+06
     twoNe = 60833
     twoNc = 305820
     twoNn = 746270
     twoNw = 3.10513e+06
    twoNec = 126916
    twoNnw = 148074
  twoNecnw = 13619.2
  twoNbecnw = 87604.8
        m2 = 0.0459644
        m3 = 0.201875
        m4 = 0.00079889
        m5 = 0.325299
        m6 = 0.234219
        Tb = 31918.2
        Tc = 15.3018
        Td = 7.65089
        Te = 3.82545
        Tf = 1.91272
DiffEv reached_goal. cost=2.02537e-03 spread=2.76707e-06
Fitted parameter values
Free:
       pc1 = 1.84138
       pc2 = -1.62166
       pc3 = 0.46196
       pc4 = 1.22214
       pc5 = -1.88794
       pc6 = 1.59243
       pc7 = -1.92472
       pc8 = -1.68492
       pc9 = -1.5114
      pc10 = 0.00450828
      pc11 = -0.534729
      pc12 = 0.267413
      pc13 = -0.185194
      pc14 = 0.0408572
      pc15 = -0.0390404
      pc16 = 0.0319656
      pc17 = 0.125459
Constrained:
     Tecnw = 59466.9
       Tnw = 38.8994
       Tec = 3414.24
     twoNb = 4.74882e+06
     twoNe = 51792.2
     twoNc = 962528
     twoNn = 843728
     twoNw = 2.22635e+06
    twoNec = 132151
    twoNnw = 146052
  twoNecnw = 13621
  twoNbecnw = 87368.5
        m2 = 0.0498657
        m3 = 0.217063
        m4 = 0.000447781
        m5 = 0.31524
        m6 = 0.225365
        Tb = 31440.6
        Tc = 19.4497
        Td = 9.72486
        Te = 4.86243
        Tf = 2.43122
#       SitePat  BranchLen
              b 147022.4174092
              e 57371.0890318
              c 60167.3668237
              n 53191.6870494
              w 55999.6275922
            b:e 2863.9147621
            b:c 3212.1208328
            b:n 2131.8245338
            b:w 2313.6978229
            e:c 12284.7997796
            e:n 6907.0999135
            e:w 6042.5204298
            c:n 6114.5447798
            c:w 5126.1561779
            n:w 14409.8214867
          b:e:c 2472.6647470
          b:e:n 1260.7539577
          b:e:w 1286.3631820
          b:c:n 1287.9805702
          b:c:w 1259.3388699
          b:n:w 2465.5638184
          e:c:n 5878.9275739
          e:c:w 4934.8049192
          e:n:w 8033.0534044
          c:n:w 6940.5385282
        b:e:c:n 2316.8217704
        b:e:c:w 2127.1311547
        b:e:n:w 3184.5791411
        b:c:n:w 2841.3272397
        e:c:n:w 61081.9760447
