########################################
# legofit: estimate population history #
#       version 2.3.4-4-g53f8760       #
########################################

# Program was compiled: Sep 21 2021 14:36:42
# Program was run: Wed Sep 29 11:36:39 2021

# cmd: legofit -1 -d 0 -t 56 --ptsPerDim 3 --stateOut b1boot1.state --tol 3e-6 -S 5000 bcdef2.lgo ../../boot/boot1.opf
# Stage nOptItr nSimReps
#     0    5000        0
# algorithm          : deterministic
# ignoring probs <=  : 0
# Branch length floor: 0
# DE strategy        : 2
#    F               : 0.3
#    CR              : 0.8
#    tolerance       : 3e-06
# nthreads           : 51
# lgo input file     : bcdef2.lgo
# site pat input file: ../../boot/boot1.opf
# free parameters    : 17
# points in DE swarm : 51
# output state file  : b1boot1.state
# Including singleton site patterns.
# cost function      : KL
Initial parameter values
Fixed:
      zero = 0
       one = 1
    Tbecnw = 75200
Free:
       pc1 = 0
       pc2 = 0
       pc3 = 0
       pc4 = 0
       pc5 = 0
       pc6 = 0
       pc7 = 0
       pc8 = 0
       pc9 = 0
      pc10 = 0
      pc11 = 0
      pc12 = 0
      pc13 = 0
      pc14 = 0
      pc15 = 0
      pc16 = 0
      pc17 = 0
Constrained:
     Tecnw = 59525.3
       Tnw = 30.6036
       Tec = 4311.13
     twoNb = 2.28407e+06
     twoNe = 60833
     twoNc = 305820
     twoNn = 746270
     twoNw = 3.10513e+06
    twoNec = 126916
    twoNnw = 148074
  twoNecnw = 13619.2
  twoNbecnw = 87604.8
        m2 = 0.0459644
        m3 = 0.201875
        m4 = 0.00079889
        m5 = 0.325299
        m6 = 0.234219
        Tb = 31918.2
        Tc = 15.3018
        Td = 7.65089
        Te = 3.82545
        Tf = 1.91272
DiffEv reached_goal. cost=2.01919e-03 spread=2.44910e-06
Fitted parameter values
Free:
       pc1 = 0.782641
       pc2 = -0.115724
       pc3 = -1.09394
       pc4 = 1.81662
       pc5 = -1.99109
       pc6 = 1.62569
       pc7 = -1.58641
       pc8 = -1.80115
       pc9 = 0.204964
      pc10 = 0.0413546
      pc11 = -0.004299
      pc12 = -0.114749
      pc13 = -0.229023
      pc14 = -0.037123
      pc15 = 0
      pc16 = 0
      pc17 = 0.0509443
Constrained:
     Tecnw = 59323.7
       Tnw = 6.41995
       Tec = 3507.25
     twoNb = 4.65723e+06
     twoNe = 49564.7
     twoNc = 750213
     twoNn = 708689
     twoNw = 6.95611e+06
    twoNec = 129208
    twoNnw = 148508
  twoNecnw = 13744.4
  twoNbecnw = 87440
        m2 = 0.0495516
        m3 = 0.204025
        m4 = 0.00105741
        m5 = 0.321609
        m6 = 0.231595
        Tb = 31415.5
        Tc = 3.20997
        Td = 1.60499
        Te = 0.802494
        Tf = 0.401247
#       SitePat  BranchLen
              b 147102.6959038
              e 57284.8774537
              c 60101.7620895
              n 53182.0983456
              w 55861.9047252
            b:e 2859.0915774
            b:c 3216.6113588
            b:n 2131.1842193
            b:w 2306.8075041
            e:c 12317.8076668
            e:n 6886.1197568
            e:w 6043.8577496
            c:n 6068.2701994
            c:w 5147.0947904
            n:w 14419.0271924
          b:e:c 2476.8856936
          b:e:n 1259.9384352
          b:e:w 1282.0324778
          b:c:n 1283.6129562
          b:c:w 1258.6050768
          b:n:w 2469.6427635
          e:c:n 5856.1813133
          e:c:w 4950.1585102
          e:n:w 8059.7849554
          c:n:w 6951.3608272
        b:e:c:n 2309.9344298
        b:e:c:w 2126.8788213
        b:e:n:w 3188.0083392
        b:c:n:w 2836.3934468
        e:c:n:w 61206.7658238
