########################################
# legofit: estimate population history #
#       version 2.3.4-4-g53f8760       #
########################################

# Program was compiled: Sep 21 2021 14:36:42
# Program was run: Wed Sep 29 12:00:11 2021

# cmd: legofit -1 -d 0 -t 56 --ptsPerDim 3 --stateOut b1boot8.state --tol 3e-6 -S 5000 bcdef2.lgo ../../boot/boot8.opf
# Stage nOptItr nSimReps
#     0    5000        0
# algorithm          : deterministic
# ignoring probs <=  : 0
# Branch length floor: 0
# DE strategy        : 2
#    F               : 0.3
#    CR              : 0.8
#    tolerance       : 3e-06
# nthreads           : 51
# lgo input file     : bcdef2.lgo
# site pat input file: ../../boot/boot8.opf
# free parameters    : 17
# points in DE swarm : 51
# output state file  : b1boot8.state
# Including singleton site patterns.
# cost function      : KL
Initial parameter values
Fixed:
      zero = 0
       one = 1
    Tbecnw = 75200
Free:
       pc1 = 0
       pc2 = 0
       pc3 = 0
       pc4 = 0
       pc5 = 0
       pc6 = 0
       pc7 = 0
       pc8 = 0
       pc9 = 0
      pc10 = 0
      pc11 = 0
      pc12 = 0
      pc13 = 0
      pc14 = 0
      pc15 = 0
      pc16 = 0
      pc17 = 0
Constrained:
     Tecnw = 59525.3
       Tnw = 30.6036
       Tec = 4311.13
     twoNb = 2.28407e+06
     twoNe = 60833
     twoNc = 305820
     twoNn = 746270
     twoNw = 3.10513e+06
    twoNec = 126916
    twoNnw = 148074
  twoNecnw = 13619.2
  twoNbecnw = 87604.8
        m2 = 0.0459644
        m3 = 0.201875
        m4 = 0.00079889
        m5 = 0.325299
        m6 = 0.234219
        Tb = 31918.2
        Tc = 15.3018
        Td = 7.65089
        Te = 3.82545
        Tf = 1.91272
DiffEv reached_goal. cost=2.03480e-03 spread=2.75351e-06
Fitted parameter values
Free:
       pc1 = 0.914773
       pc2 = 0.124763
       pc3 = -0.862907
       pc4 = 1.01137
       pc5 = -1.8361
       pc6 = 1.96131
       pc7 = -1.83966
       pc8 = -1.72902
       pc9 = -1.51699
      pc10 = 0.820428
      pc11 = -1.01819
      pc12 = 0.18126
      pc13 = -0.210343
      pc14 = 0.151905
      pc15 = -0.0972564
      pc16 = 0.0805196
      pc17 = 0.100878
Constrained:
     Tecnw = 59345
       Tnw = 29.6404
       Tec = 3278.37
     twoNb = 4.92691e+06
     twoNe = 44881.4
     twoNc = 923291
     twoNn = 1.0161e+06
     twoNw = 2.32895e+06
    twoNec = 130102
    twoNnw = 148706
  twoNecnw = 13744.8
  twoNbecnw = 86998.7
        m2 = 0.0484504
        m3 = 0.201674
        m4 = 0.000817909
        m5 = 0.32627
        m6 = 0.23528
        Tb = 31311.7
        Tc = 14.8202
        Td = 7.41011
        Te = 3.70506
        Tf = 1.85253
#       SitePat  BranchLen
              b 146771.2267882
              e 57215.0117452
              c 60047.1901193
              n 53132.8625516
              w 55759.5364621
            b:e 2835.7859467
            b:c 3189.7170615
            b:n 2119.0405933
            b:w 2290.4175487
            e:c 12236.5808379
            e:n 6896.6617705
            e:w 6066.0783137
            c:n 6067.1691537
            c:w 5164.3805444
            n:w 14352.8195547
          b:e:c 2453.7547642
          b:e:n 1256.3202282
          b:e:w 1278.1432376
          b:c:n 1279.5756845
          b:c:w 1255.0974571
          b:n:w 2447.1553796
          e:c:n 5820.3076358
          e:c:w 4936.4489430
          e:n:w 8029.7724709
          c:n:w 6923.3720686
        b:e:c:n 2293.2666590
        b:e:c:w 2115.1017700
        b:e:n:w 3163.6389486
        b:c:n:w 2814.9105724
        e:c:n:w 60966.2793683
