########################################
# legofit: estimate population history #
#       version 2.3.4-4-g53f8760       #
########################################

# Program was compiled: Sep 21 2021 14:36:42
# Program was run: Wed Sep 29 12:01:30 2021

# cmd: legofit -1 -d 0 -t 56 --ptsPerDim 3 --stateOut b1boot16.state --tol 3e-6 -S 5000 bcdef2.lgo ../../boot/boot16.opf
# Stage nOptItr nSimReps
#     0    5000        0
# algorithm          : deterministic
# ignoring probs <=  : 0
# Branch length floor: 0
# DE strategy        : 2
#    F               : 0.3
#    CR              : 0.8
#    tolerance       : 3e-06
# nthreads           : 51
# lgo input file     : bcdef2.lgo
# site pat input file: ../../boot/boot16.opf
# free parameters    : 17
# points in DE swarm : 51
# output state file  : b1boot16.state
# Including singleton site patterns.
# cost function      : KL
Initial parameter values
Fixed:
      zero = 0
       one = 1
    Tbecnw = 75200
Free:
       pc1 = 0
       pc2 = 0
       pc3 = 0
       pc4 = 0
       pc5 = 0
       pc6 = 0
       pc7 = 0
       pc8 = 0
       pc9 = 0
      pc10 = 0
      pc11 = 0
      pc12 = 0
      pc13 = 0
      pc14 = 0
      pc15 = 0
      pc16 = 0
      pc17 = 0
Constrained:
     Tecnw = 59525.3
       Tnw = 30.6036
       Tec = 4311.13
     twoNb = 2.28407e+06
     twoNe = 60833
     twoNc = 305820
     twoNn = 746270
     twoNw = 3.10513e+06
    twoNec = 126916
    twoNnw = 148074
  twoNecnw = 13619.2
  twoNbecnw = 87604.8
        m2 = 0.0459644
        m3 = 0.201875
        m4 = 0.00079889
        m5 = 0.325299
        m6 = 0.234219
        Tb = 31918.2
        Tc = 15.3018
        Td = 7.65089
        Te = 3.82545
        Tf = 1.91272
DiffEv reached_goal. cost=1.98407e-03 spread=2.25123e-06
Fitted parameter values
Free:
       pc1 = 0.932397
       pc2 = -1.30956
       pc3 = -0.911808
       pc4 = 1.75088
       pc5 = -1.96868
       pc6 = 1.78205
       pc7 = -1.9512
       pc8 = -1.8393
       pc9 = -0.893416
      pc10 = -0.53677
      pc11 = -0.322597
      pc12 = 0.194279
      pc13 = -0.167414
      pc14 = -0.235011
      pc15 = 0.0349365
      pc16 = 0.0368484
      pc17 = -0.00837495
Constrained:
     Tecnw = 59237
       Tnw = 18.5124
       Tec = 4349.13
     twoNb = 4.96771e+06
     twoNe = 63816
     twoNc = 943124
     twoNn = 1.01509e+06
     twoNw = 5.10399e+06
    twoNec = 127202
    twoNnw = 147768
  twoNecnw = 13723.5
  twoNbecnw = 87492.1
        m2 = 0.0504648
        m3 = 0.210209
        m4 = 0.000643311
        m5 = 0.319502
        m6 = 0.226622
        Tb = 31793.1
        Tc = 9.25621
        Td = 4.6281
        Te = 2.31405
        Tf = 1.15703
#       SitePat  BranchLen
              b 147221.0307300
              e 57263.4499045
              c 60122.5895248
              n 53159.2503958
              w 55875.2150828
            b:e 2845.5164694
            b:c 3205.0226614
            b:n 2122.6968801
            b:w 2300.9022352
            e:c 12240.3006058
            e:n 6860.6419273
            e:w 6034.2385853
            c:n 6054.9915141
            c:w 5100.4626665
            n:w 14365.9716081
          b:e:c 2463.5981271
          b:e:n 1251.4837157
          b:e:w 1277.3534711
          b:c:n 1278.8822261
          b:c:w 1250.1755753
          b:n:w 2456.7499596
          e:c:n 5861.9040792
          e:c:w 4936.9519882
          e:n:w 8042.3589113
          c:n:w 6917.2798528
        b:e:c:n 2303.8680753
        b:e:c:w 2118.4192093
        b:e:n:w 3178.3669605
        b:c:n:w 2824.0059240
        e:c:n:w 61419.6201902
