########################################
# legofit: estimate population history #
#       version 2.3.4-4-g53f8760       #
########################################

# Program was compiled: Sep 21 2021 14:36:42
# Program was run: Wed Sep 29 12:02:56 2021

# cmd: legofit -1 -d 0 -t 56 --ptsPerDim 3 --stateOut b1boot43.state --tol 3e-6 -S 5000 bcdef2.lgo ../../boot/boot43.opf
# Stage nOptItr nSimReps
#     0    5000        0
# algorithm          : deterministic
# ignoring probs <=  : 0
# Branch length floor: 0
# DE strategy        : 2
#    F               : 0.3
#    CR              : 0.8
#    tolerance       : 3e-06
# nthreads           : 51
# lgo input file     : bcdef2.lgo
# site pat input file: ../../boot/boot43.opf
# free parameters    : 17
# points in DE swarm : 51
# output state file  : b1boot43.state
# Including singleton site patterns.
# cost function      : KL
Initial parameter values
Fixed:
      zero = 0
       one = 1
    Tbecnw = 75200
Free:
       pc1 = 0
       pc2 = 0
       pc3 = 0
       pc4 = 0
       pc5 = 0
       pc6 = 0
       pc7 = 0
       pc8 = 0
       pc9 = 0
      pc10 = 0
      pc11 = 0
      pc12 = 0
      pc13 = 0
      pc14 = 0
      pc15 = 0
      pc16 = 0
      pc17 = 0
Constrained:
     Tecnw = 59525.3
       Tnw = 30.6036
       Tec = 4311.13
     twoNb = 2.28407e+06
     twoNe = 60833
     twoNc = 305820
     twoNn = 746270
     twoNw = 3.10513e+06
    twoNec = 126916
    twoNnw = 148074
  twoNecnw = 13619.2
  twoNbecnw = 87604.8
        m2 = 0.0459644
        m3 = 0.201875
        m4 = 0.00079889
        m5 = 0.325299
        m6 = 0.234219
        Tb = 31918.2
        Tc = 15.3018
        Td = 7.65089
        Te = 3.82545
        Tf = 1.91272
DiffEv reached_goal. cost=2.06328e-03 spread=2.78776e-06
Fitted parameter values
Free:
       pc1 = 0.850451
       pc2 = -1.03918
       pc3 = -1.8755
       pc4 = 0.663757
       pc5 = -1.6659
       pc6 = 1.79313
       pc7 = -1.54304
       pc8 = -1.38911
       pc9 = -1.20356
      pc10 = -0.422086
      pc11 = -0.813797
      pc12 = 0.410965
      pc13 = -0.130085
      pc14 = -0.145156
      pc15 = 0.00113973
      pc16 = -0.0114276
      pc17 = 0.0757585
Constrained:
     Tecnw = 58986.7
       Tnw = 20.7153
       Tec = 4917.1
     twoNb = 4.77856e+06
     twoNe = 71099.7
     twoNc = 789766
     twoNn = 1.53125e+06
     twoNw = 3.12877e+06
    twoNec = 124039
    twoNnw = 148577
  twoNecnw = 14038.8
  twoNbecnw = 87105.3
        m2 = 0.048596
        m3 = 0.205977
        m4 = 0.000745002
        m5 = 0.322775
        m6 = 0.22879
        Tb = 31951.9
        Tc = 10.3577
        Td = 5.17883
        Te = 2.58941
        Tf = 1.29471
#       SitePat  BranchLen
              b 146853.9424153
              e 57136.3356830
              c 60000.5871451
              n 53122.7634802
              w 55794.6697892
            b:e 2824.4483184
            b:c 3184.1999859
            b:n 2126.2821200
            b:w 2310.9340027
            e:c 12242.4538355
            e:n 6854.4349384
            e:w 6055.3883385
            c:n 6050.1922123
            c:w 5118.3076410
            n:w 14354.0598374
          b:e:c 2467.4057013
          b:e:n 1253.6954384
          b:e:w 1279.9287545
          b:c:n 1281.4302841
          b:c:w 1252.4324072
          b:n:w 2460.5945632
          e:c:n 5894.0169493
          e:c:w 4962.8502974
          e:n:w 8020.9488259
          c:n:w 6892.4531223
        b:e:c:n 2313.8840762
        b:e:c:w 2122.1882682
        b:e:n:w 3157.6460783
        b:c:n:w 2803.2235774
        e:c:n:w 61106.6104877
