########################################
# legofit: estimate population history #
#       version 2.3.4-4-g53f8760       #
########################################

# Program was compiled: Sep 21 2021 14:36:42
# Program was run: Wed Sep 29 11:56:28 2021

# cmd: legofit -1 -d 0 -t 56 --ptsPerDim 3 --stateOut b1boot6.state --tol 3e-6 -S 5000 bcdef2.lgo ../../boot/boot6.opf
# Stage nOptItr nSimReps
#     0    5000        0
# algorithm          : deterministic
# ignoring probs <=  : 0
# Branch length floor: 0
# DE strategy        : 2
#    F               : 0.3
#    CR              : 0.8
#    tolerance       : 3e-06
# nthreads           : 51
# lgo input file     : bcdef2.lgo
# site pat input file: ../../boot/boot6.opf
# free parameters    : 17
# points in DE swarm : 51
# output state file  : b1boot6.state
# Including singleton site patterns.
# cost function      : KL
Initial parameter values
Fixed:
      zero = 0
       one = 1
    Tbecnw = 75200
Free:
       pc1 = 0
       pc2 = 0
       pc3 = 0
       pc4 = 0
       pc5 = 0
       pc6 = 0
       pc7 = 0
       pc8 = 0
       pc9 = 0
      pc10 = 0
      pc11 = 0
      pc12 = 0
      pc13 = 0
      pc14 = 0
      pc15 = 0
      pc16 = 0
      pc17 = 0
Constrained:
     Tecnw = 59525.3
       Tnw = 30.6036
       Tec = 4311.13
     twoNb = 2.28407e+06
     twoNe = 60833
     twoNc = 305820
     twoNn = 746270
     twoNw = 3.10513e+06
    twoNec = 126916
    twoNnw = 148074
  twoNecnw = 13619.2
  twoNbecnw = 87604.8
        m2 = 0.0459644
        m3 = 0.201875
        m4 = 0.00079889
        m5 = 0.325299
        m6 = 0.234219
        Tb = 31918.2
        Tc = 15.3018
        Td = 7.65089
        Te = 3.82545
        Tf = 1.91272
DiffEv reached_goal. cost=2.02058e-03 spread=2.30143e-06
Fitted parameter values
Free:
       pc1 = 1.00419
       pc2 = 0.332658
       pc3 = -0.817026
       pc4 = 1.41829
       pc5 = -1.96656
       pc6 = 1.67297
       pc7 = -1.6609
       pc8 = -1.82098
       pc9 = -1.23473
      pc10 = 0.336624
      pc11 = -0.387671
      pc12 = 0.23408
      pc13 = 0.0647159
      pc14 = 0.0523494
      pc15 = 0.0688649
      pc16 = -0.000257916
      pc17 = -0.0285889
Constrained:
     Tecnw = 59237.6
       Tnw = 27.9299
       Tec = 2943.73
     twoNb = 4.82178e+06
     twoNe = 45764.9
     twoNc = 860201
     twoNn = 823471
     twoNw = 4.00671e+06
    twoNec = 131389
    twoNnw = 149849
  twoNecnw = 13751.8
  twoNbecnw = 87294.7
        m2 = 0.0485543
        m3 = 0.202975
        m4 = 0.000777258
        m5 = 0.324421
        m6 = 0.232553
        Tb = 31090.7
        Tc = 13.9649
        Td = 6.98246
        Te = 3.49123
        Tf = 1.74562
#       SitePat  BranchLen
              b 147077.9779391
              e 57219.8392893
              c 59989.9254035
              n 53225.4428649
              w 55839.3342641
            b:e 2834.6784313
            b:c 3185.0386564
            b:n 2122.4320903
            b:w 2290.2957415
            e:c 12261.5753228
            e:n 6834.8524341
            e:w 6046.0878031
            c:n 6070.2898664
            c:w 5131.8929793
            n:w 14290.3457375
          b:e:c 2449.0899919
          b:e:n 1252.3418041
          b:e:w 1278.4231160
          b:c:n 1279.9132171
          b:c:w 1251.0999103
          b:n:w 2442.2718656
          e:c:n 5824.9186268
          e:c:w 4948.0052963
          e:n:w 8009.1824455
          c:n:w 6912.2859174
        b:e:c:n 2293.2323943
        b:e:c:w 2118.2841872
        b:e:n:w 3158.0425058
        b:c:n:w 2813.0018790
        e:c:n:w 61317.5700813
