########################################
# legofit: estimate population history #
#       version 2.3.4-4-g53f8760       #
########################################

# Program was compiled: Sep 21 2021 14:36:42
# Program was run: Wed Sep 29 12:02:49 2021

# cmd: legofit -1 -d 0 -t 56 --ptsPerDim 3 --stateOut b1boot39.state --tol 3e-6 -S 5000 bcdef2.lgo ../../boot/boot39.opf
# Stage nOptItr nSimReps
#     0    5000        0
# algorithm          : deterministic
# ignoring probs <=  : 0
# Branch length floor: 0
# DE strategy        : 2
#    F               : 0.3
#    CR              : 0.8
#    tolerance       : 3e-06
# nthreads           : 51
# lgo input file     : bcdef2.lgo
# site pat input file: ../../boot/boot39.opf
# free parameters    : 17
# points in DE swarm : 51
# output state file  : b1boot39.state
# Including singleton site patterns.
# cost function      : KL
Initial parameter values
Fixed:
      zero = 0
       one = 1
    Tbecnw = 75200
Free:
       pc1 = 0
       pc2 = 0
       pc3 = 0
       pc4 = 0
       pc5 = 0
       pc6 = 0
       pc7 = 0
       pc8 = 0
       pc9 = 0
      pc10 = 0
      pc11 = 0
      pc12 = 0
      pc13 = 0
      pc14 = 0
      pc15 = 0
      pc16 = 0
      pc17 = 0
Constrained:
     Tecnw = 59525.3
       Tnw = 30.6036
       Tec = 4311.13
     twoNb = 2.28407e+06
     twoNe = 60833
     twoNc = 305820
     twoNn = 746270
     twoNw = 3.10513e+06
    twoNec = 126916
    twoNnw = 148074
  twoNecnw = 13619.2
  twoNbecnw = 87604.8
        m2 = 0.0459644
        m3 = 0.201875
        m4 = 0.00079889
        m5 = 0.325299
        m6 = 0.234219
        Tb = 31918.2
        Tc = 15.3018
        Td = 7.65089
        Te = 3.82545
        Tf = 1.91272
DiffEv reached_goal. cost=1.98188e-03 spread=2.63531e-06
Fitted parameter values
Free:
       pc1 = 1.58475
       pc2 = -3.11653
       pc3 = -1.39688
       pc4 = 0.394726
       pc5 = -1.97546
       pc6 = 1.65649
       pc7 = -1.92937
       pc8 = -1.29638
       pc9 = 0.478382
      pc10 = -0.681205
      pc11 = -0.19678
      pc12 = 0.0187193
      pc13 = -0.182812
      pc14 = -0.0278866
      pc15 = -0.0831029
      pc16 = -0.123088
      pc17 = 0.0815208
Constrained:
     Tecnw = 59092.3
       Tnw = 7.86116
       Tec = 5187.32
     twoNb = 4.58972e+06
     twoNe = 79411.5
     twoNc = 638487
     twoNn = 1.86228e+06
     twoNw = 5.08833e+06
    twoNec = 123503
    twoNnw = 144501
  twoNecnw = 13916.2
  twoNbecnw = 87166.9
        m2 = 0.0516563
        m3 = 0.224157
        m4 = 0.00105326
        m5 = 0.311529
        m6 = 0.22256
        Tb = 32139.8
        Tc = 3.93058
        Td = 1.96529
        Te = 0.982645
        Tf = 0.491322
#       SitePat  BranchLen
              b 146835.8729394
              e 57162.7187019
              c 59964.8475042
              n 52992.4297533
              w 55904.1754832
            b:e 2852.6125109
            b:c 3208.6807407
            b:n 2127.8135525
            b:w 2324.9533325
            e:c 12293.8627344
            e:n 6904.6593494
            e:w 6027.6780662
            c:n 6119.5094300
            c:w 5110.7022912
            n:w 14412.7934189
          b:e:c 2476.5259715
          b:e:n 1254.3638519
          b:e:w 1280.8601545
          b:c:n 1282.6544855
          b:c:w 1252.8318345
          b:n:w 2468.8995938
          e:c:n 5955.1202379
          e:c:w 4940.9195027
          e:n:w 8031.0867400
          c:n:w 6924.7987616
        b:e:c:n 2328.3280164
        b:e:c:w 2122.7580122
        b:e:n:w 3179.0823314
        b:c:n:w 2829.0366586
        e:c:n:w 61014.6978049
