########################################
# legofit: estimate population history #
#       version 2.3.4-4-g53f8760       #
########################################

# Program was compiled: Sep 21 2021 14:36:42
# Program was run: Wed Sep 29 12:02:05 2021

# cmd: legofit -1 -d 0 -t 56 --ptsPerDim 3 --stateOut b1boot27.state --tol 3e-6 -S 5000 bcdef2.lgo ../../boot/boot27.opf
# Stage nOptItr nSimReps
#     0    5000        0
# algorithm          : deterministic
# ignoring probs <=  : 0
# Branch length floor: 0
# DE strategy        : 2
#    F               : 0.3
#    CR              : 0.8
#    tolerance       : 3e-06
# nthreads           : 51
# lgo input file     : bcdef2.lgo
# site pat input file: ../../boot/boot27.opf
# free parameters    : 17
# points in DE swarm : 51
# output state file  : b1boot27.state
# Including singleton site patterns.
# cost function      : KL
Initial parameter values
Fixed:
      zero = 0
       one = 1
    Tbecnw = 75200
Free:
       pc1 = 0
       pc2 = 0
       pc3 = 0
       pc4 = 0
       pc5 = 0
       pc6 = 0
       pc7 = 0
       pc8 = 0
       pc9 = 0
      pc10 = 0
      pc11 = 0
      pc12 = 0
      pc13 = 0
      pc14 = 0
      pc15 = 0
      pc16 = 0
      pc17 = 0
Constrained:
     Tecnw = 59525.3
       Tnw = 30.6036
       Tec = 4311.13
     twoNb = 2.28407e+06
     twoNe = 60833
     twoNc = 305820
     twoNn = 746270
     twoNw = 3.10513e+06
    twoNec = 126916
    twoNnw = 148074
  twoNecnw = 13619.2
  twoNbecnw = 87604.8
        m2 = 0.0459644
        m3 = 0.201875
        m4 = 0.00079889
        m5 = 0.325299
        m6 = 0.234219
        Tb = 31918.2
        Tc = 15.3018
        Td = 7.65089
        Te = 3.82545
        Tf = 1.91272
DiffEv reached_goal. cost=2.02056e-03 spread=2.63569e-06
Fitted parameter values
Free:
       pc1 = 0.0561129
       pc2 = -0.79444
       pc3 = -0.55622
       pc4 = 1.90372
       pc5 = -1.73262
       pc6 = 1.9275
       pc7 = -1.5797
       pc8 = -1.89558
       pc9 = -0.466591
      pc10 = -0.603879
      pc11 = 0.328619
      pc12 = -0.290486
      pc13 = -0.0544755
      pc14 = -0.0297992
      pc15 = -0.0479066
      pc16 = 0.00961512
      pc17 = -0.0667636
Constrained:
     Tecnw = 59354.9
       Tnw = 11.2281
       Tec = 4281.57
     twoNb = 4.60948e+06
     twoNe = 60264.7
     twoNc = 883689
     twoNn = 570417
     twoNw = 5.57156e+06
    twoNec = 126086
    twoNnw = 148569
  twoNecnw = 13608
  twoNbecnw = 87980.8
        m2 = 0.0515168
        m3 = 0.208058
        m4 = 0.000910199
        m5 = 0.322088
        m6 = 0.231262
        Tb = 31818.2
        Tc = 5.61403
        Td = 2.80702
        Te = 1.40351
        Tf = 0.701754
#       SitePat  BranchLen
              b 147619.1912630
              e 57311.0190761
              c 60150.0021409
              n 53205.2001424
              w 55912.0691885
            b:e 2868.5868589
            b:c 3229.9753154
            b:n 2133.9539985
            b:w 2309.0921590
            e:c 12262.4350432
            e:n 6895.8720288
            e:w 6051.2016318
            c:n 6076.4074774
            c:w 5142.9661792
            n:w 14362.4670493
          b:e:c 2472.5910925
          b:e:n 1259.7198325
          b:e:w 1282.7848150
          b:c:n 1284.4673694
          b:c:w 1258.2825994
          b:n:w 2465.0232722
          e:c:n 5871.5110315
          e:c:w 4953.7684588
          e:n:w 8076.7014329
          c:n:w 6959.2240241
        b:e:c:n 2312.3605400
        b:e:c:w 2129.3273887
        b:e:n:w 3200.4104615
        b:c:n:w 2844.9710317
        e:c:n:w 61722.4483054
