########################################
# legofit: estimate population history #
#       version 2.3.4-4-g53f8760       #
########################################

# Program was compiled: Sep 21 2021 14:36:42
# Program was run: Wed Sep 29 12:02:42 2021

# cmd: legofit -1 -d 0 -t 56 --ptsPerDim 3 --stateOut b1boot35.state --tol 3e-6 -S 5000 bcdef2.lgo ../../boot/boot35.opf
# Stage nOptItr nSimReps
#     0    5000        0
# algorithm          : deterministic
# ignoring probs <=  : 0
# Branch length floor: 0
# DE strategy        : 2
#    F               : 0.3
#    CR              : 0.8
#    tolerance       : 3e-06
# nthreads           : 51
# lgo input file     : bcdef2.lgo
# site pat input file: ../../boot/boot35.opf
# free parameters    : 17
# points in DE swarm : 51
# output state file  : b1boot35.state
# Including singleton site patterns.
# cost function      : KL
Initial parameter values
Fixed:
      zero = 0
       one = 1
    Tbecnw = 75200
Free:
       pc1 = 0
       pc2 = 0
       pc3 = 0
       pc4 = 0
       pc5 = 0
       pc6 = 0
       pc7 = 0
       pc8 = 0
       pc9 = 0
      pc10 = 0
      pc11 = 0
      pc12 = 0
      pc13 = 0
      pc14 = 0
      pc15 = 0
      pc16 = 0
      pc17 = 0
Constrained:
     Tecnw = 59525.3
       Tnw = 30.6036
       Tec = 4311.13
     twoNb = 2.28407e+06
     twoNe = 60833
     twoNc = 305820
     twoNn = 746270
     twoNw = 3.10513e+06
    twoNec = 126916
    twoNnw = 148074
  twoNecnw = 13619.2
  twoNbecnw = 87604.8
        m2 = 0.0459644
        m3 = 0.201875
        m4 = 0.00079889
        m5 = 0.325299
        m6 = 0.234219
        Tb = 31918.2
        Tc = 15.3018
        Td = 7.65089
        Te = 3.82545
        Tf = 1.91272
DiffEv reached_goal. cost=2.02232e-03 spread=2.75562e-06
Fitted parameter values
Free:
       pc1 = 1.11557
       pc2 = -0.416242
       pc3 = 0.670415
       pc4 = 1.94592
       pc5 = -1.9709
       pc6 = 1.89074
       pc7 = -1.75343
       pc8 = -1.51231
       pc9 = -1.62306
      pc10 = 0.185275
      pc11 = -0.348188
      pc12 = 0.125974
      pc13 = -0.112601
      pc14 = 0.0366029
      pc15 = 0.0713468
      pc16 = 0.0845546
      pc17 = 0.0392126
Constrained:
     Tecnw = 59642.3
       Tnw = 27.7242
       Tec = 2788.31
     twoNb = 4.80069e+06
     twoNe = 43295.6
     twoNc = 984224
     twoNn = 461323
     twoNw = 2.57235e+06
    twoNec = 134023
    twoNnw = 147932
  twoNecnw = 13436.3
  twoNbecnw = 87680.2
        m2 = 0.0493783
        m3 = 0.208524
        m4 = 0.000398621
        m5 = 0.320675
        m6 = 0.230271
        Tb = 31215.3
        Tc = 13.8621
        Td = 6.93104
        Te = 3.46552
        Tf = 1.73276
#       SitePat  BranchLen
              b 147343.2215201
              e 57460.9566634
              c 60233.3343278
              n 53308.8134150
              w 55981.8616304
            b:e 2867.8795230
            b:c 3214.8552109
            b:n 2132.4034749
            b:w 2301.5981315
            e:c 12280.2426364
            e:n 6872.0617558
            e:w 6054.1308165
            c:n 6097.4137598
            c:w 5140.4746124
            n:w 14395.1093791
          b:e:c 2469.0882138
          b:e:n 1260.3926320
          b:e:w 1286.2457029
          b:c:n 1287.7838843
          b:c:w 1259.0642449
          b:n:w 2462.1317476
          e:c:n 5824.1475952
          e:c:w 4936.2717542
          e:n:w 8042.6481762
          c:n:w 6953.5255429
        b:e:c:n 2304.6152850
        b:e:c:w 2127.9849094
        b:e:n:w 3187.7553290
        b:c:n:w 2845.6190158
        e:c:n:w 61376.2178324
