########################################
# legofit: estimate population history #
#       version 2.3.4-4-g53f8760       #
########################################

# Program was compiled: Sep 21 2021 14:36:42
# Program was run: Wed Sep 29 12:03:07 2021

# cmd: legofit -1 -d 0 -t 56 --ptsPerDim 3 --stateOut b1boot45.state --tol 3e-6 -S 5000 bcdef2.lgo ../../boot/boot45.opf
# Stage nOptItr nSimReps
#     0    5000        0
# algorithm          : deterministic
# ignoring probs <=  : 0
# Branch length floor: 0
# DE strategy        : 2
#    F               : 0.3
#    CR              : 0.8
#    tolerance       : 3e-06
# nthreads           : 51
# lgo input file     : bcdef2.lgo
# site pat input file: ../../boot/boot45.opf
# free parameters    : 17
# points in DE swarm : 51
# output state file  : b1boot45.state
# Including singleton site patterns.
# cost function      : KL
Initial parameter values
Fixed:
      zero = 0
       one = 1
    Tbecnw = 75200
Free:
       pc1 = 0
       pc2 = 0
       pc3 = 0
       pc4 = 0
       pc5 = 0
       pc6 = 0
       pc7 = 0
       pc8 = 0
       pc9 = 0
      pc10 = 0
      pc11 = 0
      pc12 = 0
      pc13 = 0
      pc14 = 0
      pc15 = 0
      pc16 = 0
      pc17 = 0
Constrained:
     Tecnw = 59525.3
       Tnw = 30.6036
       Tec = 4311.13
     twoNb = 2.28407e+06
     twoNe = 60833
     twoNc = 305820
     twoNn = 746270
     twoNw = 3.10513e+06
    twoNec = 126916
    twoNnw = 148074
  twoNecnw = 13619.2
  twoNbecnw = 87604.8
        m2 = 0.0459644
        m3 = 0.201875
        m4 = 0.00079889
        m5 = 0.325299
        m6 = 0.234219
        Tb = 31918.2
        Tc = 15.3018
        Td = 7.65089
        Te = 3.82545
        Tf = 1.91272
DiffEv reached_goal. cost=2.07346e-03 spread=1.97619e-06
Fitted parameter values
Free:
       pc1 = 0.455585
       pc2 = -1.2007
       pc3 = -0.392733
       pc4 = 0.607681
       pc5 = -1.97329
       pc6 = 1.84675
       pc7 = -1.72255
       pc8 = -1.97144
       pc9 = -1.4379
      pc10 = 0.18693
      pc11 = -0.500761
      pc12 = 0.046848
      pc13 = -0.110159
      pc14 = 0.177945
      pc15 = -0.0757312
      pc16 = -0.0660271
      pc17 = -0.0738141
Constrained:
     Tecnw = 59340.8
       Tnw = 39.4301
       Tec = 4130.61
     twoNb = 4.87177e+06
     twoNe = 60814.7
     twoNc = 851543
     twoNn = 975237
     twoNw = 2.00433e+06
    twoNec = 125670
    twoNnw = 147635
  twoNecnw = 13581.9
  twoNbecnw = 87402.3
        m2 = 0.0511181
        m3 = 0.210899
        m4 = 0.000883305
        m5 = 0.321845
        m6 = 0.232706
        Tb = 31735.7
        Tc = 19.7151
        Td = 9.85753
        Te = 4.92877
        Tf = 2.46438
#       SitePat  BranchLen
              b 147212.5735367
              e 57162.2769965
              c 59930.9330086
              n 53082.8395655
              w 55811.5046086
            b:e 2836.5795710
            b:c 3186.6575181
            b:n 2112.1227583
            b:w 2287.8215241
            e:c 12239.7045937
            e:n 6872.3258225
            e:w 6032.0118429
            c:n 6085.1903446
            c:w 5134.5886824
            n:w 14295.9123697
          b:e:c 2444.9705949
          b:e:n 1246.4045114
          b:e:w 1270.5698919
          b:c:n 1272.1625190
          b:c:w 1245.0427245
          b:n:w 2437.9012856
          e:c:n 5848.3069120
          e:c:w 4921.0107138
          e:n:w 8004.0019074
          c:n:w 6914.2214656
        b:e:c:n 2290.8748887
        b:e:c:w 2107.6773339
        b:e:n:w 3159.0769496
        b:c:n:w 2814.4512303
        e:c:n:w 61489.0943077
