########################################
# legofit: estimate population history #
#       version 2.3.4-4-g53f8760       #
########################################

# Program was compiled: Sep 21 2021 14:36:42
# Program was run: Wed Sep 29 12:01:58 2021

# cmd: legofit -1 -d 0 -t 56 --ptsPerDim 3 --stateOut b1boot24.state --tol 3e-6 -S 5000 bcdef2.lgo ../../boot/boot24.opf
# Stage nOptItr nSimReps
#     0    5000        0
# algorithm          : deterministic
# ignoring probs <=  : 0
# Branch length floor: 0
# DE strategy        : 2
#    F               : 0.3
#    CR              : 0.8
#    tolerance       : 3e-06
# nthreads           : 51
# lgo input file     : bcdef2.lgo
# site pat input file: ../../boot/boot24.opf
# free parameters    : 17
# points in DE swarm : 51
# output state file  : b1boot24.state
# Including singleton site patterns.
# cost function      : KL
Initial parameter values
Fixed:
      zero = 0
       one = 1
    Tbecnw = 75200
Free:
       pc1 = 0
       pc2 = 0
       pc3 = 0
       pc4 = 0
       pc5 = 0
       pc6 = 0
       pc7 = 0
       pc8 = 0
       pc9 = 0
      pc10 = 0
      pc11 = 0
      pc12 = 0
      pc13 = 0
      pc14 = 0
      pc15 = 0
      pc16 = 0
      pc17 = 0
Constrained:
     Tecnw = 59525.3
       Tnw = 30.6036
       Tec = 4311.13
     twoNb = 2.28407e+06
     twoNe = 60833
     twoNc = 305820
     twoNn = 746270
     twoNw = 3.10513e+06
    twoNec = 126916
    twoNnw = 148074
  twoNecnw = 13619.2
  twoNbecnw = 87604.8
        m2 = 0.0459644
        m3 = 0.201875
        m4 = 0.00079889
        m5 = 0.325299
        m6 = 0.234219
        Tb = 31918.2
        Tc = 15.3018
        Td = 7.65089
        Te = 3.82545
        Tf = 1.91272
DiffEv reached_goal. cost=2.06037e-03 spread=2.80953e-06
Fitted parameter values
Free:
       pc1 = 2.06384
       pc2 = -0.454753
       pc3 = -0.162565
       pc4 = 0.933781
       pc5 = -1.90755
       pc6 = 1.97464
       pc7 = -1.68692
       pc8 = -1.77357
       pc9 = -1.66516
      pc10 = -0.388674
      pc11 = -0.644047
      pc12 = 0.297461
      pc13 = 0.00886484
      pc14 = -0.112014
      pc15 = -0.0596153
      pc16 = 0.000328347
      pc17 = 0.0830397
Constrained:
     Tecnw = 59122.3
       Tnw = 35.701
       Tec = 3155.4
     twoNb = 4.92715e+06
     twoNe = 47270.1
     twoNc = 942092
     twoNn = 970938
     twoNw = 1.83921e+06
    twoNec = 133504
    twoNnw = 147947
  twoNecnw = 13923.3
  twoNbecnw = 87420.1
        m2 = 0.0468974
        m3 = 0.210585
        m4 = 0.000648958
        m5 = 0.318736
        m6 = 0.224616
        Tb = 31138.8
        Tc = 17.8505
        Td = 8.92525
        Te = 4.46263
        Tf = 2.23131
#       SitePat  BranchLen
              b 147125.2323340
              e 57218.3181467
              c 60084.6433614
              n 53180.0992621
              w 55913.7662155
            b:e 2835.5134259
            b:c 3193.2191520
            b:n 2132.2172411
            b:w 2314.5331523
            e:c 12260.5739607
            e:n 6884.6525179
            e:w 6056.0771060
            c:n 6082.8937542
            c:w 5111.7357418
            n:w 14353.0774414
          b:e:c 2465.7787226
          b:e:n 1261.1984800
          b:e:w 1288.1752501
          b:c:n 1289.6212048
          b:c:w 1259.9736065
          b:n:w 2459.3267158
          e:c:n 5887.0246760
          e:c:w 4962.7171141
          e:n:w 8028.5887490
          c:n:w 6903.1309355
        b:e:c:n 2317.3666155
        b:e:c:w 2128.0955653
        b:e:n:w 3167.5768171
        b:c:n:w 2814.8827366
        e:c:n:w 61291.0538727
