########################################
# legofit: estimate population history #
#       version 2.3.4-4-g53f8760       #
########################################

# Program was compiled: Sep 21 2021 14:36:42
# Program was run: Wed Sep 29 12:01:16 2021

# cmd: legofit -1 -d 0 -t 56 --ptsPerDim 3 --stateOut b1boot13.state --tol 3e-6 -S 5000 bcdef2.lgo ../../boot/boot13.opf
# Stage nOptItr nSimReps
#     0    5000        0
# algorithm          : deterministic
# ignoring probs <=  : 0
# Branch length floor: 0
# DE strategy        : 2
#    F               : 0.3
#    CR              : 0.8
#    tolerance       : 3e-06
# nthreads           : 51
# lgo input file     : bcdef2.lgo
# site pat input file: ../../boot/boot13.opf
# free parameters    : 17
# points in DE swarm : 51
# output state file  : b1boot13.state
# Including singleton site patterns.
# cost function      : KL
Initial parameter values
Fixed:
      zero = 0
       one = 1
    Tbecnw = 75200
Free:
       pc1 = 0
       pc2 = 0
       pc3 = 0
       pc4 = 0
       pc5 = 0
       pc6 = 0
       pc7 = 0
       pc8 = 0
       pc9 = 0
      pc10 = 0
      pc11 = 0
      pc12 = 0
      pc13 = 0
      pc14 = 0
      pc15 = 0
      pc16 = 0
      pc17 = 0
Constrained:
     Tecnw = 59525.3
       Tnw = 30.6036
       Tec = 4311.13
     twoNb = 2.28407e+06
     twoNe = 60833
     twoNc = 305820
     twoNn = 746270
     twoNw = 3.10513e+06
    twoNec = 126916
    twoNnw = 148074
  twoNecnw = 13619.2
  twoNbecnw = 87604.8
        m2 = 0.0459644
        m3 = 0.201875
        m4 = 0.00079889
        m5 = 0.325299
        m6 = 0.234219
        Tb = 31918.2
        Tc = 15.3018
        Td = 7.65089
        Te = 3.82545
        Tf = 1.91272
DiffEv reached_goal. cost=2.02518e-03 spread=2.89324e-06
Fitted parameter values
Free:
       pc1 = 1.04915
       pc2 = -2.003
       pc3 = -1.08894
       pc4 = 1.26492
       pc5 = -1.93283
       pc6 = 1.7905
       pc7 = -1.81038
       pc8 = -1.81271
       pc9 = -0.886195
      pc10 = -0.193645
      pc11 = -0.620694
      pc12 = -0.0545551
      pc13 = -0.155952
      pc14 = -0.0397893
      pc15 = 0.119083
      pc16 = -0.0834237
      pc17 = -0.0413261
Constrained:
     Tecnw = 59109.5
       Tnw = 20.4525
       Tec = 4382.55
     twoNb = 4.93716e+06
     twoNe = 72114.6
     twoNc = 880959
     twoNn = 1.07954e+06
     twoNw = 4.0852e+06
    twoNec = 125329
    twoNnw = 146308
  twoNecnw = 13779.8
  twoNbecnw = 87240
        m2 = 0.051659
        m3 = 0.213575
        m4 = 0.000710086
        m5 = 0.319087
        m6 = 0.227816
        Tb = 31746
        Tc = 10.2262
        Td = 5.11312
        Te = 2.55656
        Tf = 1.27828
#       SitePat  BranchLen
              b 147050.8119949
              e 57117.0671932
              c 59889.2337373
              n 53001.9759825
              w 55711.5210261
            b:e 2837.9636188
            b:c 3190.3890660
            b:n 2110.9883949
            b:w 2285.4773616
            e:c 12255.0785544
            e:n 6820.5605858
            e:w 6030.8322440
            c:n 6081.3391657
            c:w 5099.3062856
            n:w 14346.9845236
          b:e:c 2449.6049674
          b:e:n 1240.4255691
          b:e:w 1269.6921893
          b:c:n 1271.2982517
          b:c:w 1239.0735197
          b:n:w 2442.5350720
          e:c:n 5851.8609294
          e:c:w 4924.6151626
          e:n:w 8027.2834987
          c:n:w 6920.3525247
        b:e:c:n 2288.5283144
        b:e:c:w 2106.4594046
        b:e:n:w 3163.0070710
        b:c:n:w 2815.8394192
        e:c:n:w 61379.1149119
