########################################
# legofit: estimate population history #
#       version 2.3.4-4-g53f8760       #
########################################

# Program was compiled: Sep 21 2021 14:36:42
# Program was run: Wed Sep 29 11:42:49 2021

# cmd: legofit -1 -d 0 -t 56 --ptsPerDim 3 --stateOut b1boot2.state --tol 3e-6 -S 5000 bcdef2.lgo ../../boot/boot2.opf
# Stage nOptItr nSimReps
#     0    5000        0
# algorithm          : deterministic
# ignoring probs <=  : 0
# Branch length floor: 0
# DE strategy        : 2
#    F               : 0.3
#    CR              : 0.8
#    tolerance       : 3e-06
# nthreads           : 51
# lgo input file     : bcdef2.lgo
# site pat input file: ../../boot/boot2.opf
# free parameters    : 17
# points in DE swarm : 51
# output state file  : b1boot2.state
# Including singleton site patterns.
# cost function      : KL
Initial parameter values
Fixed:
      zero = 0
       one = 1
    Tbecnw = 75200
Free:
       pc1 = 0
       pc2 = 0
       pc3 = 0
       pc4 = 0
       pc5 = 0
       pc6 = 0
       pc7 = 0
       pc8 = 0
       pc9 = 0
      pc10 = 0
      pc11 = 0
      pc12 = 0
      pc13 = 0
      pc14 = 0
      pc15 = 0
      pc16 = 0
      pc17 = 0
Constrained:
     Tecnw = 59525.3
       Tnw = 30.6036
       Tec = 4311.13
     twoNb = 2.28407e+06
     twoNe = 60833
     twoNc = 305820
     twoNn = 746270
     twoNw = 3.10513e+06
    twoNec = 126916
    twoNnw = 148074
  twoNecnw = 13619.2
  twoNbecnw = 87604.8
        m2 = 0.0459644
        m3 = 0.201875
        m4 = 0.00079889
        m5 = 0.325299
        m6 = 0.234219
        Tb = 31918.2
        Tc = 15.3018
        Td = 7.65089
        Te = 3.82545
        Tf = 1.91272
DiffEv reached_goal. cost=2.05246e-03 spread=2.80164e-06
Fitted parameter values
Free:
       pc1 = 1.06853
       pc2 = -0.451212
       pc3 = -0.357588
       pc4 = 0.983623
       pc5 = -1.91603
       pc6 = 1.85124
       pc7 = -1.78684
       pc8 = -1.5459
       pc9 = -0.850966
      pc10 = 0.161181
      pc11 = 0.233704
      pc12 = 0.0949792
      pc13 = -0.0550983
      pc14 = 0.173505
      pc15 = 0.0364146
      pc16 = -0.0066381
      pc17 = -0.0155061
Constrained:
     Tecnw = 59362.7
       Tnw = 23.3453
       Tec = 3212.77
     twoNb = 4.56548e+06
     twoNe = 47725.6
     twoNc = 799815
     twoNn = 1.10712e+06
     twoNw = 3.35763e+06
    twoNec = 130979
    twoNnw = 148753
  twoNecnw = 13657.8
  twoNbecnw = 87511.5
        m2 = 0.0503479
        m3 = 0.209393
        m4 = 0.000932438
        m5 = 0.318509
        m6 = 0.230807
        Tb = 31287.7
        Tc = 11.6726
        Td = 5.83632
        Te = 2.91816
        Tf = 1.45908
#       SitePat  BranchLen
              b 147178.0311513
              e 57349.1939034
              c 60082.3031706
              n 53251.8681774
              w 55982.5470537
            b:e 2866.2104526
            b:c 3212.7721788
            b:n 2132.9795021
            b:w 2307.0297903
            e:c 12294.2611247
            e:n 6883.7215803
            e:w 6024.2033318
            c:n 6094.2057873
            c:w 5147.3976752
            n:w 14340.5168714
          b:e:c 2466.1312161
          b:e:n 1260.5728355
          b:e:w 1282.8116947
          b:c:n 1284.4812453
          b:c:w 1259.1449306
          b:n:w 2458.6207611
          e:c:n 5861.9535018
          e:c:w 4948.6514622
          e:n:w 8027.4788024
          c:n:w 6954.6334479
        b:e:c:n 2310.2964648
        b:e:c:w 2128.2931560
        b:e:n:w 3183.1963841
        b:c:n:w 2842.4505490
        e:c:n:w 61286.0464020
