########################################
# legofit: estimate population history #
#       version 2.3.4-4-g53f8760       #
########################################

# Program was compiled: Sep 21 2021 14:36:42
# Program was run: Wed Sep 29 12:03:07 2021

# cmd: legofit -1 -d 0 -t 56 --ptsPerDim 3 --stateOut b1boot44.state --tol 3e-6 -S 5000 bcdef2.lgo ../../boot/boot44.opf
# Stage nOptItr nSimReps
#     0    5000        0
# algorithm          : deterministic
# ignoring probs <=  : 0
# Branch length floor: 0
# DE strategy        : 2
#    F               : 0.3
#    CR              : 0.8
#    tolerance       : 3e-06
# nthreads           : 51
# lgo input file     : bcdef2.lgo
# site pat input file: ../../boot/boot44.opf
# free parameters    : 17
# points in DE swarm : 51
# output state file  : b1boot44.state
# Including singleton site patterns.
# cost function      : KL
Initial parameter values
Fixed:
      zero = 0
       one = 1
    Tbecnw = 75200
Free:
       pc1 = 0
       pc2 = 0
       pc3 = 0
       pc4 = 0
       pc5 = 0
       pc6 = 0
       pc7 = 0
       pc8 = 0
       pc9 = 0
      pc10 = 0
      pc11 = 0
      pc12 = 0
      pc13 = 0
      pc14 = 0
      pc15 = 0
      pc16 = 0
      pc17 = 0
Constrained:
     Tecnw = 59525.3
       Tnw = 30.6036
       Tec = 4311.13
     twoNb = 2.28407e+06
     twoNe = 60833
     twoNc = 305820
     twoNn = 746270
     twoNw = 3.10513e+06
    twoNec = 126916
    twoNnw = 148074
  twoNecnw = 13619.2
  twoNbecnw = 87604.8
        m2 = 0.0459644
        m3 = 0.201875
        m4 = 0.00079889
        m5 = 0.325299
        m6 = 0.234219
        Tb = 31918.2
        Tc = 15.3018
        Td = 7.65089
        Te = 3.82545
        Tf = 1.91272
DiffEv reached_goal. cost=2.02915e-03 spread=2.93839e-06
Fitted parameter values
Free:
       pc1 = 0.402718
       pc2 = -1.065
       pc3 = -0.886041
       pc4 = 1.46101
       pc5 = -1.8849
       pc6 = 1.92571
       pc7 = -1.16416
       pc8 = -1.85271
       pc9 = -1.45987
      pc10 = 0.156192
      pc11 = -0.36021
      pc12 = 0.180532
      pc13 = 0.116585
      pc14 = -0.0490302
      pc15 = 0.0622437
      pc16 = 0.0238573
      pc17 = 0.0334927
Constrained:
     Tecnw = 59267.5
       Tnw = 22.8268
       Tec = 4169.12
     twoNb = 4.85647e+06
     twoNe = 64814.3
     twoNc = 840664
     twoNn = 454626
     twoNw = 2.92545e+06
    twoNec = 125753
    twoNnw = 148947
  twoNecnw = 13705.4
  twoNbecnw = 87369.3
        m2 = 0.0516087
        m3 = 0.208251
        m4 = 0.000649082
        m5 = 0.324316
        m6 = 0.230715
        Tb = 31718.3
        Tc = 11.4134
        Td = 5.70671
        Te = 2.85336
        Tf = 1.42668
#       SitePat  BranchLen
              b 147091.4929006
              e 57232.1868905
              c 60059.9626373
              n 53216.4626391
              w 55885.4598641
            b:e 2848.1602670
            b:c 3208.0668232
            b:n 2127.5118350
            b:w 2299.5058527
            e:c 12257.6674844
            e:n 6850.5317415
            e:w 6063.7647410
            c:n 6084.4211074
            c:w 5120.7524057
            n:w 14304.5723304
          b:e:c 2458.1625151
          b:e:n 1251.5853677
          b:e:w 1280.1542912
          b:c:n 1281.7545138
          b:c:w 1250.2425756
          b:n:w 2451.0061444
          e:c:n 5856.3847770
          e:c:w 4948.2788014
          e:n:w 8044.1965364
          c:n:w 6919.9100247
        b:e:c:n 2302.5916532
        b:e:c:w 2123.0851030
        b:e:n:w 3180.3517511
        b:c:n:w 2825.8214987
        e:c:n:w 61282.3911717
