########################################
# legofit: estimate population history #
#       version 2.3.4-4-g53f8760       #
########################################

# Program was compiled: Sep 21 2021 14:36:42
# Program was run: Wed Sep 29 12:02:07 2021

# cmd: legofit -1 -d 0 -t 56 --ptsPerDim 3 --stateOut b1boot29.state --tol 3e-6 -S 5000 bcdef2.lgo ../../boot/boot29.opf
# Stage nOptItr nSimReps
#     0    5000        0
# algorithm          : deterministic
# ignoring probs <=  : 0
# Branch length floor: 0
# DE strategy        : 2
#    F               : 0.3
#    CR              : 0.8
#    tolerance       : 3e-06
# nthreads           : 51
# lgo input file     : bcdef2.lgo
# site pat input file: ../../boot/boot29.opf
# free parameters    : 17
# points in DE swarm : 51
# output state file  : b1boot29.state
# Including singleton site patterns.
# cost function      : KL
Initial parameter values
Fixed:
      zero = 0
       one = 1
    Tbecnw = 75200
Free:
       pc1 = 0
       pc2 = 0
       pc3 = 0
       pc4 = 0
       pc5 = 0
       pc6 = 0
       pc7 = 0
       pc8 = 0
       pc9 = 0
      pc10 = 0
      pc11 = 0
      pc12 = 0
      pc13 = 0
      pc14 = 0
      pc15 = 0
      pc16 = 0
      pc17 = 0
Constrained:
     Tecnw = 59525.3
       Tnw = 30.6036
       Tec = 4311.13
     twoNb = 2.28407e+06
     twoNe = 60833
     twoNc = 305820
     twoNn = 746270
     twoNw = 3.10513e+06
    twoNec = 126916
    twoNnw = 148074
  twoNecnw = 13619.2
  twoNbecnw = 87604.8
        m2 = 0.0459644
        m3 = 0.201875
        m4 = 0.00079889
        m5 = 0.325299
        m6 = 0.234219
        Tb = 31918.2
        Tc = 15.3018
        Td = 7.65089
        Te = 3.82545
        Tf = 1.91272
DiffEv reached_goal. cost=2.04394e-03 spread=2.99613e-06
Fitted parameter values
Free:
       pc1 = 1.45755
       pc2 = -0.187521
       pc3 = -1.12338
       pc4 = 0.283197
       pc5 = -1.9025
       pc6 = 1.92018
       pc7 = -1.53321
       pc8 = -1.87696
       pc9 = -1.20289
      pc10 = 0.705735
      pc11 = -0.253829
      pc12 = 0.0737949
      pc13 = -0.248891
      pc14 = -0.13856
      pc15 = 0.00541147
      pc16 = -0.0584435
      pc17 = -0.0499957
Constrained:
     Tecnw = 59010.2
       Tnw = 31.825
       Tec = 3181.14
     twoNb = 4.73612e+06
     twoNe = 45551.8
     twoNc = 761988
     twoNn = 1.16327e+06
     twoNw = 2.10093e+06
    twoNec = 129602
    twoNnw = 148786
  twoNecnw = 13855
  twoNbecnw = 86993.2
        m2 = 0.0499505
        m3 = 0.203102
        m4 = 0.0011249
        m5 = 0.320877
        m6 = 0.22941
        Tb = 31095.7
        Tc = 15.9125
        Td = 7.95625
        Te = 3.97813
        Tf = 1.98906
#       SitePat  BranchLen
              b 146881.6472846
              e 57030.1683311
              c 59852.0412418
              n 53009.2693981
              w 55680.5365389
            b:e 2821.0825662
            b:c 3179.0700112
            b:n 2100.1599242
            b:w 2269.2225539
            e:c 12279.7319487
            e:n 6826.7494818
            e:w 5991.2955667
            c:n 6017.9208933
            c:w 5086.8932556
            n:w 14315.4612140
          b:e:c 2438.4053458
          b:e:n 1238.1487178
          b:e:w 1260.8280008
          b:c:n 1262.3976335
          b:c:w 1236.8359301
          b:n:w 2431.1979969
          e:c:n 5808.0572372
          e:c:w 4913.5290256
          e:n:w 8011.0341602
          c:n:w 6896.1140942
        b:e:c:n 2272.3020973
        b:e:c:w 2095.8645117
        b:e:n:w 3150.3503775
        b:c:n:w 2798.3841424
        e:c:n:w 61298.3497255
