########################################
# legofit: estimate population history #
#       version 2.3.4-4-g53f8760       #
########################################

# Program was compiled: Sep 21 2021 14:36:42
# Program was run: Wed Sep 29 12:02:41 2021

# cmd: legofit -1 -d 0 -t 56 --ptsPerDim 3 --stateOut b1boot36.state --tol 3e-6 -S 5000 bcdef2.lgo ../../boot/boot36.opf
# Stage nOptItr nSimReps
#     0    5000        0
# algorithm          : deterministic
# ignoring probs <=  : 0
# Branch length floor: 0
# DE strategy        : 2
#    F               : 0.3
#    CR              : 0.8
#    tolerance       : 3e-06
# nthreads           : 51
# lgo input file     : bcdef2.lgo
# site pat input file: ../../boot/boot36.opf
# free parameters    : 17
# points in DE swarm : 51
# output state file  : b1boot36.state
# Including singleton site patterns.
# cost function      : KL
Initial parameter values
Fixed:
      zero = 0
       one = 1
    Tbecnw = 75200
Free:
       pc1 = 0
       pc2 = 0
       pc3 = 0
       pc4 = 0
       pc5 = 0
       pc6 = 0
       pc7 = 0
       pc8 = 0
       pc9 = 0
      pc10 = 0
      pc11 = 0
      pc12 = 0
      pc13 = 0
      pc14 = 0
      pc15 = 0
      pc16 = 0
      pc17 = 0
Constrained:
     Tecnw = 59525.3
       Tnw = 30.6036
       Tec = 4311.13
     twoNb = 2.28407e+06
     twoNe = 60833
     twoNc = 305820
     twoNn = 746270
     twoNw = 3.10513e+06
    twoNec = 126916
    twoNnw = 148074
  twoNecnw = 13619.2
  twoNbecnw = 87604.8
        m2 = 0.0459644
        m3 = 0.201875
        m4 = 0.00079889
        m5 = 0.325299
        m6 = 0.234219
        Tb = 31918.2
        Tc = 15.3018
        Td = 7.65089
        Te = 3.82545
        Tf = 1.91272
DiffEv reached_goal. cost=2.06227e-03 spread=2.63092e-06
Fitted parameter values
Free:
       pc1 = 1.55698
       pc2 = 0.944781
       pc3 = -0.611277
       pc4 = 1.66636
       pc5 = -1.9357
       pc6 = 1.92972
       pc7 = -1.41417
       pc8 = -1.92141
       pc9 = 0.0218651
      pc10 = 0.346076
      pc11 = 0.307942
      pc12 = 0.237433
      pc13 = -0.0618373
      pc14 = -0.144849
      pc15 = 0.0116984
      pc16 = -0.0128639
      pc17 = -0.0104722
Constrained:
     Tecnw = 59294.9
       Tnw = 9.2029
       Tec = 2300.59
     twoNb = 4.58378e+06
     twoNe = 32304.5
     twoNc = 775748
     twoNn = 456308
     twoNw = 5.80121e+06
    twoNec = 135026
    twoNnw = 150195
  twoNecnw = 13732.8
  twoNbecnw = 87401.5
        m2 = 0.0473821
        m3 = 0.202166
        m4 = 0.00119452
        m5 = 0.319967
        m6 = 0.228862
        Tb = 30797.7
        Tc = 4.60145
        Td = 2.30072
        Te = 1.15036
        Tf = 0.575181
#       SitePat  BranchLen
              b 147134.5164688
              e 57254.6547617
              c 60081.9525447
              n 53261.1031977
              w 55961.2222506
            b:e 2839.2172448
            b:c 3196.7968226
            b:n 2125.6996708
            b:w 2300.4550070
            e:c 12328.4267168
            e:n 6873.4020686
            e:w 6011.3239026
            c:n 6044.8049661
            c:w 5114.1159830
            n:w 14349.5925934
          b:e:c 2463.1812177
          b:e:n 1257.8428971
          b:e:w 1279.1383304
          b:c:n 1280.6788102
          b:c:w 1256.5582309
          b:n:w 2456.0750755
          e:c:n 5840.5277236
          e:c:w 4943.3000883
          e:n:w 8014.0200299
          c:n:w 6906.1358782
        b:e:c:n 2303.5306568
        b:e:c:w 2121.4761981
        b:e:n:w 3168.0722691
        b:c:n:w 2816.6282685
        e:c:n:w 61301.7530629
