########################################
# legofit: estimate population history #
#       version 2.3.4-4-g53f8760       #
########################################

# Program was compiled: Sep 21 2021 14:36:42
# Program was run: Wed Sep 29 12:01:09 2021

# cmd: legofit -1 -d 0 -t 56 --ptsPerDim 3 --stateOut b1boot12.state --tol 3e-6 -S 5000 bcdef2.lgo ../../boot/boot12.opf
# Stage nOptItr nSimReps
#     0    5000        0
# algorithm          : deterministic
# ignoring probs <=  : 0
# Branch length floor: 0
# DE strategy        : 2
#    F               : 0.3
#    CR              : 0.8
#    tolerance       : 3e-06
# nthreads           : 51
# lgo input file     : bcdef2.lgo
# site pat input file: ../../boot/boot12.opf
# free parameters    : 17
# points in DE swarm : 51
# output state file  : b1boot12.state
# Including singleton site patterns.
# cost function      : KL
Initial parameter values
Fixed:
      zero = 0
       one = 1
    Tbecnw = 75200
Free:
       pc1 = 0
       pc2 = 0
       pc3 = 0
       pc4 = 0
       pc5 = 0
       pc6 = 0
       pc7 = 0
       pc8 = 0
       pc9 = 0
      pc10 = 0
      pc11 = 0
      pc12 = 0
      pc13 = 0
      pc14 = 0
      pc15 = 0
      pc16 = 0
      pc17 = 0
Constrained:
     Tecnw = 59525.3
       Tnw = 30.6036
       Tec = 4311.13
     twoNb = 2.28407e+06
     twoNe = 60833
     twoNc = 305820
     twoNn = 746270
     twoNw = 3.10513e+06
    twoNec = 126916
    twoNnw = 148074
  twoNecnw = 13619.2
  twoNbecnw = 87604.8
        m2 = 0.0459644
        m3 = 0.201875
        m4 = 0.00079889
        m5 = 0.325299
        m6 = 0.234219
        Tb = 31918.2
        Tc = 15.3018
        Td = 7.65089
        Te = 3.82545
        Tf = 1.91272
DiffEv reached_goal. cost=2.03109e-03 spread=2.78447e-06
Fitted parameter values
Free:
       pc1 = 0.608574
       pc2 = -0.404332
       pc3 = -1.60864
       pc4 = 1.55061
       pc5 = -1.92552
       pc6 = 1.65437
       pc7 = -1.78136
       pc8 = -1.77946
       pc9 = -0.918636
      pc10 = 0.144318
      pc11 = -0.62489
      pc12 = 0.408637
      pc13 = 0.0333739
      pc14 = -0.00353913
      pc15 = -0.0577918
      pc16 = -0.0683593
      pc17 = 0.10503
Constrained:
     Tecnw = 59236.7
       Tnw = 18.5248
       Tec = 3994.38
     twoNb = 4.92566e+06
     twoNe = 58821.5
     twoNc = 861595
     twoNn = 1.06117e+06
     twoNw = 5.14237e+06
    twoNec = 125594
    twoNnw = 149502
  twoNecnw = 13837.9
  twoNbecnw = 87109.7
        m2 = 0.0493119
        m3 = 0.205172
        m4 = 0.000752798
        m5 = 0.325196
        m6 = 0.232327
        Tb = 31615.5
        Tc = 9.26242
        Td = 4.63121
        Te = 2.3156
        Tf = 1.1578
#       SitePat  BranchLen
              b 146833.9624718
              e 57151.5961832
              c 59975.5141103
              n 53209.8699954
              w 55903.8948930
            b:e 2832.3379342
            b:c 3188.6631247
            b:n 2131.1510169
            b:w 2312.7018752
            e:c 12317.5805653
            e:n 6876.2240299
            e:w 6067.5608852
            c:n 6088.2450729
            c:w 5139.8588591
            n:w 14324.9508076
          b:e:c 2466.9842523
          b:e:n 1256.5449064
          b:e:w 1282.9737030
          b:c:n 1284.4628114
          b:c:w 1255.2946456
          b:n:w 2460.2312166
          e:c:n 5887.9483826
          e:c:w 4960.6819934
          e:n:w 8010.2746986
          c:n:w 6896.5776512
        b:e:c:n 2315.6207652
        b:e:c:w 2127.1001262
        b:e:n:w 3162.4310056
        b:c:n:w 2811.3270710
        e:c:n:w 61005.9274950
