########################################
# legofit: estimate population history #
#       version 2.3.4-4-g53f8760       #
########################################

# Program was compiled: Sep 21 2021 14:36:42
# Program was run: Wed Sep 29 12:01:25 2021

# cmd: legofit -1 -d 0 -t 56 --ptsPerDim 3 --stateOut b1boot15.state --tol 3e-6 -S 5000 bcdef2.lgo ../../boot/boot15.opf
# Stage nOptItr nSimReps
#     0    5000        0
# algorithm          : deterministic
# ignoring probs <=  : 0
# Branch length floor: 0
# DE strategy        : 2
#    F               : 0.3
#    CR              : 0.8
#    tolerance       : 3e-06
# nthreads           : 51
# lgo input file     : bcdef2.lgo
# site pat input file: ../../boot/boot15.opf
# free parameters    : 17
# points in DE swarm : 51
# output state file  : b1boot15.state
# Including singleton site patterns.
# cost function      : KL
Initial parameter values
Fixed:
      zero = 0
       one = 1
    Tbecnw = 75200
Free:
       pc1 = 0
       pc2 = 0
       pc3 = 0
       pc4 = 0
       pc5 = 0
       pc6 = 0
       pc7 = 0
       pc8 = 0
       pc9 = 0
      pc10 = 0
      pc11 = 0
      pc12 = 0
      pc13 = 0
      pc14 = 0
      pc15 = 0
      pc16 = 0
      pc17 = 0
Constrained:
     Tecnw = 59525.3
       Tnw = 30.6036
       Tec = 4311.13
     twoNb = 2.28407e+06
     twoNe = 60833
     twoNc = 305820
     twoNn = 746270
     twoNw = 3.10513e+06
    twoNec = 126916
    twoNnw = 148074
  twoNecnw = 13619.2
  twoNbecnw = 87604.8
        m2 = 0.0459644
        m3 = 0.201875
        m4 = 0.00079889
        m5 = 0.325299
        m6 = 0.234219
        Tb = 31918.2
        Tc = 15.3018
        Td = 7.65089
        Te = 3.82545
        Tf = 1.91272
DiffEv reached_goal. cost=2.02482e-03 spread=2.71684e-06
Fitted parameter values
Free:
       pc1 = 1.70269
       pc2 = -1.68481
       pc3 = -1.3495
       pc4 = 1.60738
       pc5 = -1.89043
       pc6 = 1.79171
       pc7 = -1.64148
       pc8 = -1.37336
       pc9 = -1.26838
      pc10 = 0.206221
      pc11 = -0.651053
      pc12 = 0.279396
      pc13 = -0.212037
      pc14 = 0.0241544
      pc15 = -0.0364092
      pc16 = -0.0346589
      pc17 = 0.0189323
Constrained:
     Tecnw = 59019.1
       Tnw = 12.2664
       Tec = 4002.68
     twoNb = 4.89849e+06
     twoNe = 60296.2
     twoNc = 885354
     twoNn = 1.0531e+06
     twoNw = 3.54311e+06
    twoNec = 127450
    twoNnw = 147140
  twoNecnw = 13902.7
  twoNbecnw = 86928
        m2 = 0.0509263
        m3 = 0.212206
        m4 = 0.000401658
        m5 = 0.318131
        m6 = 0.22718
        Tb = 31510.9
        Tc = 6.13319
        Td = 3.0666
        Te = 1.5333
        Tf = 0.766649
#       SitePat  BranchLen
              b 146752.0367725
              e 57091.6387907
              c 59878.5861090
              n 53004.3966820
              w 55748.0760743
            b:e 2833.1508213
            b:c 3179.9505967
            b:n 2110.8169383
            b:w 2287.5716762
            e:c 12249.7412377
            e:n 6853.0129600
            e:w 6016.3578382
            c:n 6067.9557701
            c:w 5102.2595716
            n:w 14324.4434583
          b:e:c 2446.2950918
          b:e:n 1244.0842010
          b:e:w 1269.4964465
          b:c:n 1271.0647226
          b:c:w 1242.7174667
          b:n:w 2439.2873854
          e:c:n 5857.8087535
          e:c:w 4926.9212415
          e:n:w 8003.8114628
          c:n:w 6910.9707550
        b:e:c:n 2290.6063156
        b:e:c:w 2106.3460282
        b:e:n:w 3152.9642554
        b:c:n:w 2811.0117841
        e:c:n:w 61095.1650581
