########################################
# legofit: estimate population history #
#       version 2.3.4-4-g53f8760       #
########################################

# Program was compiled: Sep 21 2021 14:36:42
# Program was run: Wed Sep 29 12:03:13 2021

# cmd: legofit -1 -d 0 -t 56 --ptsPerDim 3 --stateOut b1boot48.state --tol 3e-6 -S 5000 bcdef2.lgo ../../boot/boot48.opf
# Stage nOptItr nSimReps
#     0    5000        0
# algorithm          : deterministic
# ignoring probs <=  : 0
# Branch length floor: 0
# DE strategy        : 2
#    F               : 0.3
#    CR              : 0.8
#    tolerance       : 3e-06
# nthreads           : 51
# lgo input file     : bcdef2.lgo
# site pat input file: ../../boot/boot48.opf
# free parameters    : 17
# points in DE swarm : 51
# output state file  : b1boot48.state
# Including singleton site patterns.
# cost function      : KL
Initial parameter values
Fixed:
      zero = 0
       one = 1
    Tbecnw = 75200
Free:
       pc1 = 0
       pc2 = 0
       pc3 = 0
       pc4 = 0
       pc5 = 0
       pc6 = 0
       pc7 = 0
       pc8 = 0
       pc9 = 0
      pc10 = 0
      pc11 = 0
      pc12 = 0
      pc13 = 0
      pc14 = 0
      pc15 = 0
      pc16 = 0
      pc17 = 0
Constrained:
     Tecnw = 59525.3
       Tnw = 30.6036
       Tec = 4311.13
     twoNb = 2.28407e+06
     twoNe = 60833
     twoNc = 305820
     twoNn = 746270
     twoNw = 3.10513e+06
    twoNec = 126916
    twoNnw = 148074
  twoNecnw = 13619.2
  twoNbecnw = 87604.8
        m2 = 0.0459644
        m3 = 0.201875
        m4 = 0.00079889
        m5 = 0.325299
        m6 = 0.234219
        Tb = 31918.2
        Tc = 15.3018
        Td = 7.65089
        Te = 3.82545
        Tf = 1.91272
DiffEv reached_goal. cost=2.05459e-03 spread=2.46233e-06
Fitted parameter values
Free:
       pc1 = -0.0676135
       pc2 = -1.15725
       pc3 = -0.26139
       pc4 = 0.517282
       pc5 = -1.82488
       pc6 = 1.98134
       pc7 = -1.34258
       pc8 = -1.99068
       pc9 = 0.395906
      pc10 = -0.167876
      pc11 = 0.128859
      pc12 = -0.323671
      pc13 = 0.101446
      pc14 = -0.224662
      pc15 = 0.0556618
      pc16 = -0.0352262
      pc17 = 0.0283679
Constrained:
     Tecnw = 59570.4
       Tnw = 18.9279
       Tec = 4296.59
     twoNb = 4.42069e+06
     twoNe = 68320.1
     twoNc = 643085
     twoNn = 724608
     twoNw = 4.41098e+06
    twoNec = 125376
    twoNnw = 147167
  twoNecnw = 13469.2
  twoNbecnw = 87769.5
        m2 = 0.0511419
        m3 = 0.211763
        m4 = 0.00151814
        m5 = 0.322386
        m6 = 0.229695
        Tb = 31933.5
        Tc = 9.46394
        Td = 4.73197
        Te = 2.36598
        Tf = 1.18299
#       SitePat  BranchLen
              b 147409.2052817
              e 57316.3978488
              c 60177.4946391
              n 53228.8301175
              w 55951.3784684
            b:e 2859.3865285
            b:c 3233.8069268
            b:n 2132.5786357
            b:w 2311.4944681
            e:c 12312.8672877
            e:n 6869.9635834
            e:w 6076.2070918
            c:n 6106.8387795
            c:w 5123.9296488
            n:w 14407.0135621
          b:e:c 2478.1663574
          b:e:n 1255.0194153
          b:e:w 1284.6646164
          b:c:n 1286.4703747
          b:c:w 1253.5717992
          b:n:w 2470.2929042
          e:c:n 5872.8023967
          e:c:w 4938.4630790
          e:n:w 8079.8050464
          c:n:w 6926.6468017
        b:e:c:n 2314.9109747
        b:e:c:w 2127.7051057
        b:e:n:w 3202.5015790
        b:c:n:w 2835.1867399
        e:c:n:w 61466.1007966
