########################################
# legofit: estimate population history #
#       version 2.3.4-4-g53f8760       #
########################################

# Program was compiled: Sep 21 2021 14:36:42
# Program was run: Wed Sep 29 12:00:50 2021

# cmd: legofit -1 -d 0 -t 56 --ptsPerDim 3 --stateOut b1boot10.state --tol 3e-6 -S 5000 bcdef2.lgo ../../boot/boot10.opf
# Stage nOptItr nSimReps
#     0    5000        0
# algorithm          : deterministic
# ignoring probs <=  : 0
# Branch length floor: 0
# DE strategy        : 2
#    F               : 0.3
#    CR              : 0.8
#    tolerance       : 3e-06
# nthreads           : 51
# lgo input file     : bcdef2.lgo
# site pat input file: ../../boot/boot10.opf
# free parameters    : 17
# points in DE swarm : 51
# output state file  : b1boot10.state
# Including singleton site patterns.
# cost function      : KL
Initial parameter values
Fixed:
      zero = 0
       one = 1
    Tbecnw = 75200
Free:
       pc1 = 0
       pc2 = 0
       pc3 = 0
       pc4 = 0
       pc5 = 0
       pc6 = 0
       pc7 = 0
       pc8 = 0
       pc9 = 0
      pc10 = 0
      pc11 = 0
      pc12 = 0
      pc13 = 0
      pc14 = 0
      pc15 = 0
      pc16 = 0
      pc17 = 0
Constrained:
     Tecnw = 59525.3
       Tnw = 30.6036
       Tec = 4311.13
     twoNb = 2.28407e+06
     twoNe = 60833
     twoNc = 305820
     twoNn = 746270
     twoNw = 3.10513e+06
    twoNec = 126916
    twoNnw = 148074
  twoNecnw = 13619.2
  twoNbecnw = 87604.8
        m2 = 0.0459644
        m3 = 0.201875
        m4 = 0.00079889
        m5 = 0.325299
        m6 = 0.234219
        Tb = 31918.2
        Tc = 15.3018
        Td = 7.65089
        Te = 3.82545
        Tf = 1.91272
DiffEv reached_goal. cost=2.03243e-03 spread=2.78332e-06
Fitted parameter values
Free:
       pc1 = 0.426988
       pc2 = -1.28387
       pc3 = 0.445114
       pc4 = 0.909822
       pc5 = -1.84885
       pc6 = 1.7317
       pc7 = -1.79073
       pc8 = -1.67142
       pc9 = -1.48714
      pc10 = -0.0557978
      pc11 = 0.34871
      pc12 = -0.509101
      pc13 = -0.0211326
      pc14 = -0.192573
      pc15 = -0.0267006
      pc16 = -0.0401701
      pc17 = 0.000181959
Constrained:
     Tecnw = 59489.2
       Tnw = 37.7939
       Tec = 3599.28
     twoNb = 4.49085e+06
     twoNe = 53780.7
     twoNc = 857116
     twoNn = 938946
     twoNw = 2.05381e+06
    twoNec = 127648
    twoNnw = 147166
  twoNecnw = 13442.3
  twoNbecnw = 87943.9
        m2 = 0.0533762
        m3 = 0.211321
        m4 = 0.000775273
        m5 = 0.321042
        m6 = 0.228726
        Tb = 31544.2
        Tc = 18.897
        Td = 9.44849
        Te = 4.72424
        Tf = 2.36212
#       SitePat  BranchLen
              b 147595.8618956
              e 57262.6257110
              c 60124.1214254
              n 53150.5455798
              w 55898.5861292
            b:e 2876.2068155
            b:c 3243.0003899
            b:n 2126.8833156
            b:w 2296.5942123
            e:c 12331.5117910
            e:n 6884.7237243
            e:w 6049.0588762
            c:n 6092.3983215
            c:w 5111.0451812
            n:w 14393.7408601
          b:e:c 2470.2082722
          b:e:n 1251.5739304
          b:e:w 1278.2054680
          b:c:n 1280.0377101
          b:c:w 1250.0160521
          b:n:w 2462.0794102
          e:c:n 5847.1339346
          e:c:w 4928.0932480
          e:n:w 8098.7242328
          c:n:w 6961.1197971
        b:e:c:n 2300.0881033
        b:e:c:w 2121.7854525
        b:e:n:w 3211.5107592
        b:c:n:w 2850.8906401
        e:c:n:w 61703.4921080
