########################################
# legofit: estimate population history #
#       version 2.3.4-4-g53f8760       #
########################################

# Program was compiled: Sep 21 2021 14:36:42
# Program was run: Wed Sep 29 12:02:17 2021

# cmd: legofit -1 -d 0 -t 56 --ptsPerDim 3 --stateOut b1boot32.state --tol 3e-6 -S 5000 bcdef2.lgo ../../boot/boot32.opf
# Stage nOptItr nSimReps
#     0    5000        0
# algorithm          : deterministic
# ignoring probs <=  : 0
# Branch length floor: 0
# DE strategy        : 2
#    F               : 0.3
#    CR              : 0.8
#    tolerance       : 3e-06
# nthreads           : 51
# lgo input file     : bcdef2.lgo
# site pat input file: ../../boot/boot32.opf
# free parameters    : 17
# points in DE swarm : 51
# output state file  : b1boot32.state
# Including singleton site patterns.
# cost function      : KL
Initial parameter values
Fixed:
      zero = 0
       one = 1
    Tbecnw = 75200
Free:
       pc1 = 0
       pc2 = 0
       pc3 = 0
       pc4 = 0
       pc5 = 0
       pc6 = 0
       pc7 = 0
       pc8 = 0
       pc9 = 0
      pc10 = 0
      pc11 = 0
      pc12 = 0
      pc13 = 0
      pc14 = 0
      pc15 = 0
      pc16 = 0
      pc17 = 0
Constrained:
     Tecnw = 59525.3
       Tnw = 30.6036
       Tec = 4311.13
     twoNb = 2.28407e+06
     twoNe = 60833
     twoNc = 305820
     twoNn = 746270
     twoNw = 3.10513e+06
    twoNec = 126916
    twoNnw = 148074
  twoNecnw = 13619.2
  twoNbecnw = 87604.8
        m2 = 0.0459644
        m3 = 0.201875
        m4 = 0.00079889
        m5 = 0.325299
        m6 = 0.234219
        Tb = 31918.2
        Tc = 15.3018
        Td = 7.65089
        Te = 3.82545
        Tf = 1.91272
DiffEv reached_goal. cost=2.07116e-03 spread=2.68245e-06
Fitted parameter values
Free:
       pc1 = 0.994955
       pc2 = -1.21224
       pc3 = -0.531898
       pc4 = 1.20323
       pc5 = -1.88062
       pc6 = 1.93575
       pc7 = -1.3392
       pc8 = -1.74825
       pc9 = -1.07565
      pc10 = -0.225766
      pc11 = -0.0608443
      pc12 = -0.0916902
      pc13 = -0.118351
      pc14 = -0.1383
      pc15 = -0.0358451
      pc16 = -0.0551225
      pc17 = -0.0553554
Constrained:
     Tecnw = 59159.8
       Tnw = 21.6923
       Tec = 3978.9
     twoNb = 4.72189e+06
     twoNe = 58495.5
     twoNc = 818875
     twoNn = 701332
     twoNw = 3.09523e+06
    twoNec = 127347
    twoNnw = 147661
  twoNecnw = 13728
  twoNbecnw = 87564.6
        m2 = 0.0510704
        m3 = 0.210388
        m4 = 0.000778472
        m5 = 0.319359
        m6 = 0.227232
        Tb = 31569.3
        Tc = 10.8462
        Td = 5.42308
        Te = 2.71154
        Tf = 1.35577
#       SitePat  BranchLen
              b 147329.1560955
              e 57148.5602508
              c 59990.2645325
              n 53073.4438487
              w 55810.4397184
            b:e 2843.6222187
            b:c 3203.0434184
            b:n 2116.6361855
            b:w 2292.3154215
            e:c 12268.9124254
            e:n 6859.9202029
            e:w 6022.1622236
            c:n 6059.0310243
            c:w 5096.9437086
            n:w 14342.6637691
          b:e:c 2455.8015134
          b:e:n 1246.9868702
          b:e:w 1272.2661794
          b:c:n 1273.9107333
          b:c:w 1245.5842741
          b:n:w 2448.4529099
          e:c:n 5857.5411966
          e:c:w 4931.2032591
          e:n:w 8041.3585952
          c:n:w 6919.8676631
        b:e:c:n 2295.4854621
        b:e:c:w 2112.0407391
        b:e:n:w 3174.3314889
        b:c:n:w 2820.5626754
        e:c:n:w 61600.0035600
