########################################
# legofit: estimate population history #
#       version 2.3.4-4-g53f8760       #
########################################

# Program was compiled: Sep 21 2021 14:36:42
# Program was run: Wed Sep 29 12:01:56 2021

# cmd: legofit -1 -d 0 -t 56 --ptsPerDim 3 --stateOut b1boot23.state --tol 3e-6 -S 5000 bcdef2.lgo ../../boot/boot23.opf
# Stage nOptItr nSimReps
#     0    5000        0
# algorithm          : deterministic
# ignoring probs <=  : 0
# Branch length floor: 0
# DE strategy        : 2
#    F               : 0.3
#    CR              : 0.8
#    tolerance       : 3e-06
# nthreads           : 51
# lgo input file     : bcdef2.lgo
# site pat input file: ../../boot/boot23.opf
# free parameters    : 17
# points in DE swarm : 51
# output state file  : b1boot23.state
# Including singleton site patterns.
# cost function      : KL
Initial parameter values
Fixed:
      zero = 0
       one = 1
    Tbecnw = 75200
Free:
       pc1 = 0
       pc2 = 0
       pc3 = 0
       pc4 = 0
       pc5 = 0
       pc6 = 0
       pc7 = 0
       pc8 = 0
       pc9 = 0
      pc10 = 0
      pc11 = 0
      pc12 = 0
      pc13 = 0
      pc14 = 0
      pc15 = 0
      pc16 = 0
      pc17 = 0
Constrained:
     Tecnw = 59525.3
       Tnw = 30.6036
       Tec = 4311.13
     twoNb = 2.28407e+06
     twoNe = 60833
     twoNc = 305820
     twoNn = 746270
     twoNw = 3.10513e+06
    twoNec = 126916
    twoNnw = 148074
  twoNecnw = 13619.2
  twoNbecnw = 87604.8
        m2 = 0.0459644
        m3 = 0.201875
        m4 = 0.00079889
        m5 = 0.325299
        m6 = 0.234219
        Tb = 31918.2
        Tc = 15.3018
        Td = 7.65089
        Te = 3.82545
        Tf = 1.91272
DiffEv reached_goal. cost=2.02875e-03 spread=2.79412e-06
Fitted parameter values
Free:
       pc1 = 0.444959
       pc2 = -0.612944
       pc3 = -0.402967
       pc4 = 1.62849
       pc5 = -1.95709
       pc6 = 1.47108
       pc7 = -1.79663
       pc8 = -1.86598
       pc9 = -0.408942
      pc10 = -0.427743
      pc11 = -0.44043
      pc12 = 0.0922348
      pc13 = -0.356584
      pc14 = -0.0561698
      pc15 = 0.121507
      pc16 = -0.0631097
      pc17 = 0.100184
Constrained:
     Tecnw = 59551.9
       Tnw = 24.6713
       Tec = 3982.28
     twoNb = 4.76333e+06
     twoNe = 60029.7
     twoNc = 845476
     twoNn = 772104
     twoNw = 5.75155e+06
    twoNec = 127565
    twoNnw = 147627
  twoNecnw = 13601.6
  twoNbecnw = 87647.7
        m2 = 0.0487308
        m3 = 0.205809
        m4 = 0.000823553
        m5 = 0.320754
        m6 = 0.231197
        Tb = 31767.1
        Tc = 12.3356
        Td = 6.16782
        Te = 3.08391
        Tf = 1.54195
#       SitePat  BranchLen
              b 147256.9047993
              e 57400.0910975
              c 60176.4891334
              n 53270.7100467
              w 55955.1810409
            b:e 2862.8642724
            b:c 3214.2732751
            b:n 2139.6471087
            b:w 2322.4211674
            e:c 12364.5608086
            e:n 6868.4017983
            e:w 6055.2035075
            c:n 6087.5048671
            c:w 5150.3458917
            n:w 14489.3585035
          b:e:c 2496.3925155
          b:e:n 1262.7620026
          b:e:w 1287.9142961
          b:c:n 1289.4332184
          b:c:w 1261.4805240
          b:n:w 2489.4529400
          e:c:n 5878.5420049
          e:c:w 4954.3870216
          e:n:w 8045.7670768
          c:n:w 6949.5777678
        b:e:c:n 2325.4191321
        b:e:c:w 2135.4867297
        b:e:n:w 3187.3164229
        b:c:n:w 2841.2157965
        e:c:n:w 61247.8755144
