########################################
# legofit: estimate population history #
#       version 2.3.4-4-g53f8760       #
########################################

# Program was compiled: Sep 21 2021 14:36:42
# Program was run: Wed Sep 29 11:46:29 2021

# cmd: legofit -1 -d 0 -t 56 --ptsPerDim 3 --stateOut b1boot4.state --tol 3e-6 -S 5000 bcdef2.lgo ../../boot/boot4.opf
# Stage nOptItr nSimReps
#     0    5000        0
# algorithm          : deterministic
# ignoring probs <=  : 0
# Branch length floor: 0
# DE strategy        : 2
#    F               : 0.3
#    CR              : 0.8
#    tolerance       : 3e-06
# nthreads           : 51
# lgo input file     : bcdef2.lgo
# site pat input file: ../../boot/boot4.opf
# free parameters    : 17
# points in DE swarm : 51
# output state file  : b1boot4.state
# Including singleton site patterns.
# cost function      : KL
Initial parameter values
Fixed:
      zero = 0
       one = 1
    Tbecnw = 75200
Free:
       pc1 = 0
       pc2 = 0
       pc3 = 0
       pc4 = 0
       pc5 = 0
       pc6 = 0
       pc7 = 0
       pc8 = 0
       pc9 = 0
      pc10 = 0
      pc11 = 0
      pc12 = 0
      pc13 = 0
      pc14 = 0
      pc15 = 0
      pc16 = 0
      pc17 = 0
Constrained:
     Tecnw = 59525.3
       Tnw = 30.6036
       Tec = 4311.13
     twoNb = 2.28407e+06
     twoNe = 60833
     twoNc = 305820
     twoNn = 746270
     twoNw = 3.10513e+06
    twoNec = 126916
    twoNnw = 148074
  twoNecnw = 13619.2
  twoNbecnw = 87604.8
        m2 = 0.0459644
        m3 = 0.201875
        m4 = 0.00079889
        m5 = 0.325299
        m6 = 0.234219
        Tb = 31918.2
        Tc = 15.3018
        Td = 7.65089
        Te = 3.82545
        Tf = 1.91272
DiffEv reached_goal. cost=2.05023e-03 spread=2.22439e-06
Fitted parameter values
Free:
       pc1 = 0.691173
       pc2 = -0.747057
       pc3 = -0.336969
       pc4 = 1.86317
       pc5 = -1.94391
       pc6 = 1.87721
       pc7 = -1.406
       pc8 = -1.52339
       pc9 = -0.070847
      pc10 = -0.395396
      pc11 = -0.182394
      pc12 = 0.357606
      pc13 = 0.0483615
      pc14 = -0.360188
      pc15 = 0.0316595
      pc16 = -0.0642934
      pc17 = -0.0123119
Constrained:
     Tecnw = 59535.8
       Tnw = 6.38039
       Tec = 3841.42
     twoNb = 4.66482e+06
     twoNe = 59981.1
     twoNc = 778522
     twoNn = 549099
     twoNw = 5.48492e+06
    twoNec = 128475
    twoNnw = 148249
  twoNecnw = 13492.1
  twoNbecnw = 87644
        m2 = 0.0483779
        m3 = 0.210057
        m4 = 0.000820878
        m5 = 0.320812
        m6 = 0.226587
        Tb = 31688.6
        Tc = 3.19019
        Td = 1.5951
        Te = 0.797549
        Tf = 0.398774
#       SitePat  BranchLen
              b 147382.5081882
              e 57278.5233899
              c 60138.7229010
              n 53274.7191593
              w 56014.6823691
            b:e 2829.8178763
            b:c 3191.9263420
            b:n 2124.9722758
            b:w 2309.0453588
            e:c 12312.9351982
            e:n 6850.5999869
            e:w 6045.7868807
            c:n 6074.6917603
            c:w 5088.9811852
            n:w 14371.4870952
          b:e:c 2469.1812632
          b:e:n 1251.2741501
          b:e:w 1280.6341311
          b:c:n 1282.2144964
          b:c:w 1249.9624378
          b:n:w 2462.1527827
          e:c:n 5869.9865488
          e:c:w 4930.8717688
          e:n:w 8003.6362115
          c:n:w 6870.2779265
        b:e:c:n 2312.0920215
        b:e:c:w 2120.5862677
        b:e:n:w 3164.3257024
        b:c:n:w 2807.8212797
        e:c:n:w 61518.2631766
