########################################
# legofit: estimate population history #
#       version 2.3.4-4-g53f8760       #
########################################

# Program was compiled: Sep 21 2021 14:36:42
# Program was run: Wed Sep 29 12:03:07 2021

# cmd: legofit -1 -d 0 -t 56 --ptsPerDim 3 --stateOut b1boot46.state --tol 3e-6 -S 5000 bcdef2.lgo ../../boot/boot46.opf
# Stage nOptItr nSimReps
#     0    5000        0
# algorithm          : deterministic
# ignoring probs <=  : 0
# Branch length floor: 0
# DE strategy        : 2
#    F               : 0.3
#    CR              : 0.8
#    tolerance       : 3e-06
# nthreads           : 51
# lgo input file     : bcdef2.lgo
# site pat input file: ../../boot/boot46.opf
# free parameters    : 17
# points in DE swarm : 51
# output state file  : b1boot46.state
# Including singleton site patterns.
# cost function      : KL
Initial parameter values
Fixed:
      zero = 0
       one = 1
    Tbecnw = 75200
Free:
       pc1 = 0
       pc2 = 0
       pc3 = 0
       pc4 = 0
       pc5 = 0
       pc6 = 0
       pc7 = 0
       pc8 = 0
       pc9 = 0
      pc10 = 0
      pc11 = 0
      pc12 = 0
      pc13 = 0
      pc14 = 0
      pc15 = 0
      pc16 = 0
      pc17 = 0
Constrained:
     Tecnw = 59525.3
       Tnw = 30.6036
       Tec = 4311.13
     twoNb = 2.28407e+06
     twoNe = 60833
     twoNc = 305820
     twoNn = 746270
     twoNw = 3.10513e+06
    twoNec = 126916
    twoNnw = 148074
  twoNecnw = 13619.2
  twoNbecnw = 87604.8
        m2 = 0.0459644
        m3 = 0.201875
        m4 = 0.00079889
        m5 = 0.325299
        m6 = 0.234219
        Tb = 31918.2
        Tc = 15.3018
        Td = 7.65089
        Te = 3.82545
        Tf = 1.91272
DiffEv reached_goal. cost=1.97671e-03 spread=1.34200e-06
Fitted parameter values
Free:
       pc1 = 1.51862
       pc2 = -0.634046
       pc3 = -0.50859
       pc4 = 0.250725
       pc5 = -1.94418
       pc6 = 1.9294
       pc7 = -1.62676
       pc8 = -1.77577
       pc9 = -1.80645
      pc10 = -0.43607
      pc11 = -0.553292
      pc12 = -0.194838
      pc13 = -0.351473
      pc14 = 0.18265
      pc15 = -0.02324
      pc16 = -0.0492323
      pc17 = 0.00912603
Constrained:
     Tecnw = 58967.2
       Tnw = 42.2198
       Tec = 3710.67
     twoNb = 4.9004e+06
     twoNe = 52397.7
     twoNc = 849592
     twoNn = 1.27539e+06
     twoNw = 1.04591e+06
    twoNec = 129953
    twoNnw = 147379
  twoNecnw = 14016.6
  twoNbecnw = 87513.8
        m2 = 0.0485747
        m3 = 0.207091
        m4 = 0.000826798
        m5 = 0.318581
        m6 = 0.229469
        Tb = 31338.9
        Tc = 21.1099
        Td = 10.5549
        Te = 5.27747
        Tf = 2.63874
#       SitePat  BranchLen
              b 147217.7727332
              e 57182.5763783
              c 59969.0596602
              n 53034.0736166
              w 55721.2429534
            b:e 2851.6168859
            b:c 3200.5856788
            b:n 2127.1987134
            b:w 2304.6439803
            e:c 12253.3071088
            e:n 6882.5176419
            e:w 6033.1282499
            c:n 6065.5929696
            c:w 5148.6219297
            n:w 14392.4606574
          b:e:c 2467.4678117
          b:e:n 1259.3812226
          b:e:w 1280.7700427
          b:c:n 1282.2464039
          b:c:w 1258.1086232
          b:n:w 2460.7429456
          e:c:n 5874.2276733
          e:c:w 4963.2317039
          e:n:w 8053.0513169
          c:n:w 6962.5920951
        b:e:c:n 2307.5656170
        b:e:c:w 2123.0563754
        b:e:n:w 3174.0127772
        b:c:n:w 2830.2471549
        e:c:n:w 61439.5061603
