########################################
# legofit: estimate population history #
#       version 2.3.4-4-g53f8760       #
########################################

# Program was compiled: Sep 21 2021 14:36:42
# Program was run: Wed Sep 29 12:01:46 2021

# cmd: legofit -1 -d 0 -t 56 --ptsPerDim 3 --stateOut b1boot20.state --tol 3e-6 -S 5000 bcdef2.lgo ../../boot/boot20.opf
# Stage nOptItr nSimReps
#     0    5000        0
# algorithm          : deterministic
# ignoring probs <=  : 0
# Branch length floor: 0
# DE strategy        : 2
#    F               : 0.3
#    CR              : 0.8
#    tolerance       : 3e-06
# nthreads           : 51
# lgo input file     : bcdef2.lgo
# site pat input file: ../../boot/boot20.opf
# free parameters    : 17
# points in DE swarm : 51
# output state file  : b1boot20.state
# Including singleton site patterns.
# cost function      : KL
Initial parameter values
Fixed:
      zero = 0
       one = 1
    Tbecnw = 75200
Free:
       pc1 = 0
       pc2 = 0
       pc3 = 0
       pc4 = 0
       pc5 = 0
       pc6 = 0
       pc7 = 0
       pc8 = 0
       pc9 = 0
      pc10 = 0
      pc11 = 0
      pc12 = 0
      pc13 = 0
      pc14 = 0
      pc15 = 0
      pc16 = 0
      pc17 = 0
Constrained:
     Tecnw = 59525.3
       Tnw = 30.6036
       Tec = 4311.13
     twoNb = 2.28407e+06
     twoNe = 60833
     twoNc = 305820
     twoNn = 746270
     twoNw = 3.10513e+06
    twoNec = 126916
    twoNnw = 148074
  twoNecnw = 13619.2
  twoNbecnw = 87604.8
        m2 = 0.0459644
        m3 = 0.201875
        m4 = 0.00079889
        m5 = 0.325299
        m6 = 0.234219
        Tb = 31918.2
        Tc = 15.3018
        Td = 7.65089
        Te = 3.82545
        Tf = 1.91272
DiffEv reached_goal. cost=2.02541e-03 spread=1.86872e-06
Fitted parameter values
Free:
       pc1 = 1.66841
       pc2 = -0.0717949
       pc3 = -1.3038
       pc4 = 1.85292
       pc5 = -1.8001
       pc6 = 1.99141
       pc7 = -1.84648
       pc8 = -1.01539
       pc9 = -1.55676
      pc10 = 0.165213
      pc11 = -0.753046
      pc12 = 0.314269
      pc13 = -0.066044
      pc14 = 0.112676
      pc15 = -0.041167
      pc16 = -0.110822
      pc17 = -0.00178077
Constrained:
     Tecnw = 59038.2
       Tnw = 7.86667
       Tec = 3006.57
     twoNb = 4.88718e+06
     twoNe = 46196.7
     twoNc = 951361
     twoNn = 1.26407e+06
     twoNw = 3.38923e+06
    twoNec = 130770
    twoNnw = 149112
  twoNecnw = 13946.1
  twoNbecnw = 87098.7
        m2 = 0.0476363
        m3 = 0.204338
        m4 = 0.00035317
        m5 = 0.322695
        m6 = 0.230983
        Tb = 31022.4
        Tc = 3.93334
        Td = 1.96667
        Te = 0.983334
        Tf = 0.491667
#       SitePat  BranchLen
              b 146923.6637237
              e 57066.4685258
              c 59822.9968710
              n 53095.7795951
              w 55755.2576673
            b:e 2820.8472728
            b:c 3162.4897600
            b:n 2118.5971615
            b:w 2293.3364663
            e:c 12293.5087941
            e:n 6841.9256090
            e:w 6038.3902458
            c:n 6073.1509384
            c:w 5127.4313082
            n:w 14305.0065030
          b:e:c 2449.1640102
          b:e:n 1250.2376338
          b:e:w 1276.0677662
          b:c:n 1277.5015370
          b:c:w 1249.0058911
          b:n:w 2442.5719190
          e:c:n 5853.1956034
          e:c:w 4952.5394908
          e:n:w 7980.7075227
          c:n:w 6899.1140995
        b:e:c:n 2296.1777125
        b:e:c:w 2114.5369549
        b:e:n:w 3136.8471362
        b:c:n:w 2799.8013071
        e:c:n:w 61240.2319741
