########################################
# legofit: estimate population history #
#       version 2.3.4-4-g53f8760       #
########################################

# Program was compiled: Sep 21 2021 14:36:42
# Program was run: Wed Sep 29 12:03:43 2021

# cmd: legofit -1 -d 0 -t 56 --ptsPerDim 3 --stateOut b1boot49.state --tol 3e-6 -S 5000 bcdef2.lgo ../../boot/boot49.opf
# Stage nOptItr nSimReps
#     0    5000        0
# algorithm          : deterministic
# ignoring probs <=  : 0
# Branch length floor: 0
# DE strategy        : 2
#    F               : 0.3
#    CR              : 0.8
#    tolerance       : 3e-06
# nthreads           : 51
# lgo input file     : bcdef2.lgo
# site pat input file: ../../boot/boot49.opf
# free parameters    : 17
# points in DE swarm : 51
# output state file  : b1boot49.state
# Including singleton site patterns.
# cost function      : KL
Initial parameter values
Fixed:
      zero = 0
       one = 1
    Tbecnw = 75200
Free:
       pc1 = 0
       pc2 = 0
       pc3 = 0
       pc4 = 0
       pc5 = 0
       pc6 = 0
       pc7 = 0
       pc8 = 0
       pc9 = 0
      pc10 = 0
      pc11 = 0
      pc12 = 0
      pc13 = 0
      pc14 = 0
      pc15 = 0
      pc16 = 0
      pc17 = 0
Constrained:
     Tecnw = 59525.3
       Tnw = 30.6036
       Tec = 4311.13
     twoNb = 2.28407e+06
     twoNe = 60833
     twoNc = 305820
     twoNn = 746270
     twoNw = 3.10513e+06
    twoNec = 126916
    twoNnw = 148074
  twoNecnw = 13619.2
  twoNbecnw = 87604.8
        m2 = 0.0459644
        m3 = 0.201875
        m4 = 0.00079889
        m5 = 0.325299
        m6 = 0.234219
        Tb = 31918.2
        Tc = 15.3018
        Td = 7.65089
        Te = 3.82545
        Tf = 1.91272
DiffEv reached_goal. cost=2.05699e-03 spread=1.83435e-06
Fitted parameter values
Free:
       pc1 = 0.743609
       pc2 = -0.509944
       pc3 = -0.138601
       pc4 = 1.86159
       pc5 = -1.97021
       pc6 = 1.66683
       pc7 = -1.18442
       pc8 = -1.88996
       pc9 = -1.31723
      pc10 = -0.307968
      pc11 = -0.0144524
      pc12 = 0.0357135
      pc13 = -0.150807
      pc14 = 0.0464875
      pc15 = -0.103656
      pc16 = -0.00762618
      pc17 = 0.0134547
Constrained:
     Tecnw = 59330.8
       Tnw = 26.7629
       Tec = 3714.96
     twoNb = 4.76158e+06
     twoNe = 49676.1
     twoNc = 857919
     twoNn = 207470
     twoNw = 3.90321e+06
    twoNec = 128932
    twoNnw = 148760
  twoNecnw = 13683.9
  twoNbecnw = 87775.2
        m2 = 0.0500474
        m3 = 0.207292
        m4 = 0.000564535
        m5 = 0.320694
        m6 = 0.230164
        Tb = 31522.9
        Tc = 13.3814
        Td = 6.69072
        Te = 3.34536
        Tf = 1.67268
#       SitePat  BranchLen
              b 147424.5566929
              e 57286.3733980
              c 60128.3392946
              n 53205.0158264
              w 55950.2935874
            b:e 2861.5550253
            b:c 3215.5881597
            b:n 2134.3080944
            b:w 2313.6147756
            e:c 12287.4508610
            e:n 6921.0481461
            e:w 6040.5027269
            c:n 6072.5292049
            c:w 5143.6917760
            n:w 14368.2056073
          b:e:c 2473.8310655
          b:e:n 1263.1799859
          b:e:w 1283.9215165
          b:c:n 1285.4837906
          b:c:w 1261.8041388
          b:n:w 2466.7116028
          e:c:n 5880.6312830
          e:c:w 4955.1229687
          e:n:w 8049.3547967
          c:n:w 6947.3501155
        b:e:c:n 2316.7002421
        b:e:c:w 2129.9450834
        b:e:n:w 3187.9492884
        b:c:n:w 2839.0984036
        e:c:n:w 61520.6814780
