########################################
# legofit: estimate population history #
#       version 2.3.4-4-g53f8760       #
########################################

# Program was compiled: Sep 21 2021 14:36:42
# Program was run: Wed Sep 29 11:59:58 2021

# cmd: legofit -1 -d 0 -t 56 --ptsPerDim 3 --stateOut b1boot7.state --tol 3e-6 -S 5000 bcdef2.lgo ../../boot/boot7.opf
# Stage nOptItr nSimReps
#     0    5000        0
# algorithm          : deterministic
# ignoring probs <=  : 0
# Branch length floor: 0
# DE strategy        : 2
#    F               : 0.3
#    CR              : 0.8
#    tolerance       : 3e-06
# nthreads           : 51
# lgo input file     : bcdef2.lgo
# site pat input file: ../../boot/boot7.opf
# free parameters    : 17
# points in DE swarm : 51
# output state file  : b1boot7.state
# Including singleton site patterns.
# cost function      : KL
Initial parameter values
Fixed:
      zero = 0
       one = 1
    Tbecnw = 75200
Free:
       pc1 = 0
       pc2 = 0
       pc3 = 0
       pc4 = 0
       pc5 = 0
       pc6 = 0
       pc7 = 0
       pc8 = 0
       pc9 = 0
      pc10 = 0
      pc11 = 0
      pc12 = 0
      pc13 = 0
      pc14 = 0
      pc15 = 0
      pc16 = 0
      pc17 = 0
Constrained:
     Tecnw = 59525.3
       Tnw = 30.6036
       Tec = 4311.13
     twoNb = 2.28407e+06
     twoNe = 60833
     twoNc = 305820
     twoNn = 746270
     twoNw = 3.10513e+06
    twoNec = 126916
    twoNnw = 148074
  twoNecnw = 13619.2
  twoNbecnw = 87604.8
        m2 = 0.0459644
        m3 = 0.201875
        m4 = 0.00079889
        m5 = 0.325299
        m6 = 0.234219
        Tb = 31918.2
        Tc = 15.3018
        Td = 7.65089
        Te = 3.82545
        Tf = 1.91272
DiffEv reached_goal. cost=2.03788e-03 spread=2.45315e-06
Fitted parameter values
Free:
       pc1 = 1.38067
       pc2 = -1.52284
       pc3 = 0.622683
       pc4 = 1.52361
       pc5 = -1.83879
       pc6 = 1.82184
       pc7 = -1.64537
       pc8 = -1.56191
       pc9 = -1.09594
      pc10 = -0.525847
      pc11 = -0.0954504
      pc12 = -0.0159435
      pc13 = 0.11917
      pc14 = 0.116962
      pc15 = -0.0780369
      pc16 = -0.0675638
      pc17 = -0.0579815
Constrained:
     Tecnw = 59412.5
       Tnw = 26.2321
       Tec = 3470.88
     twoNb = 4.60648e+06
     twoNe = 55435.1
     twoNc = 912505
     twoNn = 619181
     twoNw = 2.92594e+06
    twoNec = 131148
    twoNnw = 146546
  twoNecnw = 13557
  twoNbecnw = 87840.4
        m2 = 0.0499046
        m3 = 0.219157
        m4 = 0.000539519
        m5 = 0.316399
        m6 = 0.226203
        Tb = 31441.7
        Tc = 13.116
        Td = 6.55802
        Te = 3.27901
        Tf = 1.6395
#       SitePat  BranchLen
              b 147531.7723361
              e 57291.1361869
              c 60060.1252188
              n 53177.2265377
              w 55988.2824909
            b:e 2856.1179024
            b:c 3203.9723438
            b:n 2130.2655455
            b:w 2310.6377954
            e:c 12258.4104619
            e:n 6893.3289332
            e:w 6047.0005820
            c:n 6131.1647812
            c:w 5124.3967494
            n:w 14324.9347520
          b:e:c 2459.6719851
          b:e:n 1257.6145627
          b:e:w 1285.3740849
          b:c:n 1287.0727792
          b:c:w 1256.1482689
          b:n:w 2452.3341599
          e:c:n 5888.6162006
          e:c:w 4942.0053330
          e:n:w 8018.9956818
          c:n:w 6929.2770398
        b:e:c:n 2313.8644945
        b:e:c:w 2125.3085299
        b:e:n:w 3175.3387180
        b:c:n:w 2832.7494709
        e:c:n:w 61665.4593202
