########################################
# legofit: estimate population history #
#       version 2.3.4-4-g53f8760       #
########################################

# Program was compiled: Sep 21 2021 14:36:42
# Program was run: Wed Sep 29 12:02:54 2021

# cmd: legofit -1 -d 0 -t 56 --ptsPerDim 3 --stateOut b1boot42.state --tol 3e-6 -S 5000 bcdef2.lgo ../../boot/boot42.opf
# Stage nOptItr nSimReps
#     0    5000        0
# algorithm          : deterministic
# ignoring probs <=  : 0
# Branch length floor: 0
# DE strategy        : 2
#    F               : 0.3
#    CR              : 0.8
#    tolerance       : 3e-06
# nthreads           : 51
# lgo input file     : bcdef2.lgo
# site pat input file: ../../boot/boot42.opf
# free parameters    : 17
# points in DE swarm : 51
# output state file  : b1boot42.state
# Including singleton site patterns.
# cost function      : KL
Initial parameter values
Fixed:
      zero = 0
       one = 1
    Tbecnw = 75200
Free:
       pc1 = 0
       pc2 = 0
       pc3 = 0
       pc4 = 0
       pc5 = 0
       pc6 = 0
       pc7 = 0
       pc8 = 0
       pc9 = 0
      pc10 = 0
      pc11 = 0
      pc12 = 0
      pc13 = 0
      pc14 = 0
      pc15 = 0
      pc16 = 0
      pc17 = 0
Constrained:
     Tecnw = 59525.3
       Tnw = 30.6036
       Tec = 4311.13
     twoNb = 2.28407e+06
     twoNe = 60833
     twoNc = 305820
     twoNn = 746270
     twoNw = 3.10513e+06
    twoNec = 126916
    twoNnw = 148074
  twoNecnw = 13619.2
  twoNbecnw = 87604.8
        m2 = 0.0459644
        m3 = 0.201875
        m4 = 0.00079889
        m5 = 0.325299
        m6 = 0.234219
        Tb = 31918.2
        Tc = 15.3018
        Td = 7.65089
        Te = 3.82545
        Tf = 1.91272
DiffEv reached_goal. cost=2.02282e-03 spread=2.76868e-06
Fitted parameter values
Free:
       pc1 = 2.05826
       pc2 = -2.22968
       pc3 = -1.57896
       pc4 = 1.53156
       pc5 = -1.66424
       pc6 = 1.59894
       pc7 = -1.85579
       pc8 = -1.92614
       pc9 = -0.589363
      pc10 = 0.351272
      pc11 = -0.614139
      pc12 = 0.104398
      pc13 = -0.340532
      pc14 = 0.0930389
      pc15 = -0.0651594
      pc16 = -0.145496
      pc17 = -0.00603021
Constrained:
     Tecnw = 58891.2
       Tnw = 13.6825
       Tec = 4049.24
     twoNb = 4.78192e+06
     twoNe = 63029.2
     twoNc = 934406
     twoNn = 979509
     twoNw = 5.07315e+06
    twoNec = 126180
    twoNnw = 145773
  twoNecnw = 13965.6
  twoNbecnw = 86707.2
        m2 = 0.0519214
        m3 = 0.215999
        m4 = 0.000677333
        m5 = 0.314904
        m6 = 0.226044
        Tb = 31470.2
        Tc = 6.84124
        Td = 3.42062
        Te = 1.71031
        Tf = 0.855155
#       SitePat  BranchLen
              b 146589.3138552
              e 56961.7181807
              c 59703.4839440
              n 52854.3117641
              w 55654.1753117
            b:e 2827.5075742
            b:c 3171.7596964
            b:n 2099.7894045
            b:w 2278.3073563
            e:c 12281.6545757
            e:n 6840.1605399
            e:w 5989.2831152
            c:n 6074.6067195
            c:w 5089.1384595
            n:w 14329.5124636
          b:e:c 2439.0002506
          b:e:n 1235.6264892
          b:e:w 1261.0304830
          b:c:n 1262.7054920
          b:c:w 1234.1788203
          b:n:w 2431.6264889
          e:c:n 5862.8579623
          e:c:w 4910.4277419
          e:n:w 7990.3515864
          c:n:w 6908.7323565
        b:e:c:n 2281.4998925
        b:e:c:w 2095.0169762
        b:e:n:w 3143.2817280
        b:c:n:w 2804.3542082
        e:c:n:w 61035.5816199
