########################################
# legofit: estimate population history #
#       version 2.3.4-4-g53f8760       #
########################################

# Program was compiled: Sep 21 2021 14:36:42
# Program was run: Wed Sep 22 03:11:43 2021

# cmd: legofit -1 -d 0 -t 56 --ptsPerDim 3 --stateOut b1.state --tol 3e-6 -S 5000 abcdef2.lgo ../../chrX/pan_chrX.opf
# Stage nOptItr nSimReps
#     0    5000        0
# algorithm          : deterministic
# ignoring probs <=  : 0
# Branch length floor: 0
# DE strategy        : 2
#    F               : 0.3
#    CR              : 0.8
#    tolerance       : 3e-06
# nthreads           : 56
# lgo input file     : abcdef2.lgo
# site pat input file: ../../chrX/pan_chrX.opf
# free parameters    : 20
# points in DE swarm : 60
# output state file  : b1.state
# Including singleton site patterns.
# cost function      : KL
Initial parameter values
Fixed:
      zero = 0
       one = 1
    Tbecnw = 75200
Free:
       pc1 = 0
       pc2 = 0
       pc3 = 0
       pc4 = 0
       pc5 = 0
       pc6 = 0
       pc7 = 0
       pc8 = 0
       pc9 = 0
      pc10 = 0
      pc11 = 0
      pc12 = 0
      pc13 = 0
      pc14 = 0
      pc15 = 0
      pc16 = 0
      pc17 = 0
      pc18 = 0
      pc19 = 0
      pc20 = 0
Constrained:
   Tgbecnw = 146602
     Tecnw = 31001.5
       Tnw = 16881.8
       Tec = 8826.04
     twoNb = 4.66703e+06
     twoNe = 17569.3
     twoNc = 4.67794e+06
     twoNn = 8.42482e+06
     twoNw = 1.25645e+08
    twoNec = 74594.2
    twoNnw = 41695
  twoNecnw = 55382.9
  twoNbecnw = 19178.2
  twoNgbecnw = 308110
         m = 0.0776472
        m2 = 0.0326766
        m3 = 0.215397
        m4 = 0.00012829
        m5 = 0.1693
        m6 = 0.0666053
        Tb = 19913.8
        Ta = 47556.9
        Tc = 8440.91
        Td = 4220.45
        Te = 2110.23
        Tf = 1055.11
DiffEv reached_goal. cost=1.75801e-03 spread=2.80642e-06
Fitted parameter values
Free:
       pc1 = -2.07304
       pc2 = -0.981323
       pc3 = 2.43376
       pc4 = 1.64641
       pc5 = 0.611596
       pc6 = 1.48757
       pc7 = 0.797408
       pc8 = -0.594137
       pc9 = 1.47624
      pc10 = -0.0685303
      pc11 = -0.0320899
      pc12 = -1.04568
      pc13 = 0.0882583
      pc14 = -0.0243146
      pc15 = -0.441991
      pc16 = -0.226729
      pc17 = 0.137781
      pc18 = 0.0854529
      pc19 = 0.0354721
      pc20 = 0.022303
Constrained:
   Tgbecnw = 103397
     Tecnw = 26756.4
       Tnw = 22062.5
       Tec = 11234.2
     twoNb = 1.35187e+07
     twoNe = 6373.65
     twoNc = 190706
     twoNn = 3.10627e+07
     twoNw = 4.06181e+08
    twoNec = 59835.4
    twoNnw = 12599.1
  twoNecnw = 60889.5
  twoNbecnw = 8332.77
  twoNgbecnw = 406585
         m = 0.0668593
        m2 = 0.0262098
        m3 = 0.201535
        m4 = 5.68862e-05
        m5 = 0.153163
        m6 = 0.0426482
        Tb = 18995.3
        Ta = 47097.7
        Tc = 11031.3
        Td = 5515.63
        Te = 2757.81
        Tf = 1378.91
#       SitePat  BranchLen
              b 117737.1325043
              e 44034.5255541
              c 45916.1607628
              n 41790.2191157
              w 44115.6275693
            b:e 1173.4310582
            b:c 1318.4894616
            b:n 927.6844986
            b:w 1051.4799380
            e:c 11419.4034868
            e:n 4818.5327500
            e:w 4212.5558143
            c:n 4507.7352888
            c:w 3618.2047538
            n:w 11962.6603516
          b:e:c 1261.8365142
          b:e:n 537.6258645
          b:e:w 568.1342884
          b:c:n 555.9416237
          b:c:w 556.1594830
          b:n:w 1307.9717583
          e:c:n 4672.8859313
          e:c:w 3719.4355062
          e:n:w 5637.2123110
          c:n:w 4729.7089666
        b:e:c:n 1136.1347616
        b:e:c:w 1105.1625056
        b:e:n:w 1932.9459147
        b:c:n:w 1712.5632015
        e:c:n:w 46652.8712317
