########################################
# legofit: estimate population history #
#       version 2.3.4-4-g53f8760       #
########################################

# Program was compiled: Sep 21 2021 14:36:42
# Program was run: Wed Sep 22 15:09:36 2021

# cmd: legofit -1 -d 0 -t 56 --ptsPerDim 3 --stateOut b1boot44.state --tol 3e-6 -S 5000 abcdef2.lgo ../../chrX/boot_chrX/boot44.opf
# Stage nOptItr nSimReps
#     0    5000        0
# algorithm          : deterministic
# ignoring probs <=  : 0
# Branch length floor: 0
# DE strategy        : 2
#    F               : 0.3
#    CR              : 0.8
#    tolerance       : 3e-06
# nthreads           : 56
# lgo input file     : abcdef2.lgo
# site pat input file: ../../chrX/boot_chrX/boot44.opf
# free parameters    : 20
# points in DE swarm : 60
# output state file  : b1boot44.state
# Including singleton site patterns.
# cost function      : KL
Initial parameter values
Fixed:
      zero = 0
       one = 1
    Tbecnw = 75200
Free:
       pc1 = 0
       pc2 = 0
       pc3 = 0
       pc4 = 0
       pc5 = 0
       pc6 = 0
       pc7 = 0
       pc8 = 0
       pc9 = 0
      pc10 = 0
      pc11 = 0
      pc12 = 0
      pc13 = 0
      pc14 = 0
      pc15 = 0
      pc16 = 0
      pc17 = 0
      pc18 = 0
      pc19 = 0
      pc20 = 0
Constrained:
   Tgbecnw = 146602
     Tecnw = 31001.5
       Tnw = 16881.8
       Tec = 8826.04
     twoNb = 4.66703e+06
     twoNe = 17569.3
     twoNc = 4.67794e+06
     twoNn = 8.42482e+06
     twoNw = 1.25645e+08
    twoNec = 74594.2
    twoNnw = 41695
  twoNecnw = 55382.9
  twoNbecnw = 19178.2
  twoNgbecnw = 308110
         m = 0.0776472
        m2 = 0.0326766
        m3 = 0.215397
        m4 = 0.00012829
        m5 = 0.1693
        m6 = 0.0666053
        Tb = 19913.8
        Ta = 47556.9
        Tc = 8440.91
        Td = 4220.45
        Te = 2110.23
        Tf = 1055.11
DiffEv reached_goal. cost=1.66666e-03 spread=2.76083e-06
Fitted parameter values
Free:
       pc1 = -2.50679
       pc2 = -0.360185
       pc3 = 1.02555
       pc4 = 1.06729
       pc5 = 1.31644
       pc6 = 0.652769
       pc7 = 2.26167
       pc8 = 0.214465
       pc9 = -0.337403
      pc10 = 0.230874
      pc11 = 0.0797008
      pc12 = -1.32909
      pc13 = -0.226082
      pc14 = -0.156038
      pc15 = -0.378591
      pc16 = -0.372059
      pc17 = 0.0377593
      pc18 = 0.0939544
      pc19 = -0.0364007
      pc20 = 0.00400036
Constrained:
   Tgbecnw = 92766.6
     Tecnw = 25896.5
       Tnw = 23012
       Tec = 11692.1
     twoNb = 5.31706e+06
     twoNe = 12109
     twoNc = 9.63564e+06
     twoNn = 2.89578e+07
     twoNw = 2.54806e+08
    twoNec = 52706.1
    twoNnw = 7309.99
  twoNecnw = 61716.9
  twoNbecnw = 5384.92
  twoNgbecnw = 402491
         m = 0.0684051
        m2 = 0.0283245
        m3 = 0.216191
        m4 = 0.001151
        m5 = 0.159077
        m6 = 0.0531088
        Tb = 18794.3
        Ta = 46997.2
        Tc = 11506
        Td = 5753
        Te = 2876.5
        Tf = 1438.25
#       SitePat  BranchLen
              b 116296.0636094
              e 43406.9517935
              c 45176.6467220
              n 41034.5692088
              w 43383.5866636
            b:e 1168.4035680
            b:c 1315.3933013
            b:n 902.3066865
            b:w 1024.2018680
            e:c 11276.6883439
            e:n 4716.9507964
            e:w 4179.6282575
            c:n 4541.6112222
            c:w 3573.7984307
            n:w 11787.8460421
          b:e:c 1247.1749209
          b:e:n 524.2949709
          b:e:w 563.0680836
          b:c:n 548.9486919
          b:c:w 543.8431461
          b:n:w 1293.4894611
          e:c:n 4620.9645699
          e:c:w 3638.6970791
          e:n:w 5635.1623624
          c:n:w 4738.0436924
        b:e:c:n 1118.6798443
        b:e:c:w 1101.5024920
        b:e:n:w 1979.1250110
        b:c:n:w 1735.2996178
        e:c:n:w 46184.5033150
