########################################
# legofit: estimate population history #
#       version 2.3.4-4-g53f8760       #
########################################

# Program was compiled: Sep 21 2021 14:36:42
# Program was run: Wed Sep 22 05:57:39 2021

# cmd: legofit -1 -d 0 -t 56 --ptsPerDim 3 --stateOut b1boot9.state --tol 3e-6 -S 5000 abcdef2.lgo ../../chrX/boot_chrX/boot9.opf
# Stage nOptItr nSimReps
#     0    5000        0
# algorithm          : deterministic
# ignoring probs <=  : 0
# Branch length floor: 0
# DE strategy        : 2
#    F               : 0.3
#    CR              : 0.8
#    tolerance       : 3e-06
# nthreads           : 56
# lgo input file     : abcdef2.lgo
# site pat input file: ../../chrX/boot_chrX/boot9.opf
# free parameters    : 20
# points in DE swarm : 60
# output state file  : b1boot9.state
# Including singleton site patterns.
# cost function      : KL
Initial parameter values
Fixed:
      zero = 0
       one = 1
    Tbecnw = 75200
Free:
       pc1 = 0
       pc2 = 0
       pc3 = 0
       pc4 = 0
       pc5 = 0
       pc6 = 0
       pc7 = 0
       pc8 = 0
       pc9 = 0
      pc10 = 0
      pc11 = 0
      pc12 = 0
      pc13 = 0
      pc14 = 0
      pc15 = 0
      pc16 = 0
      pc17 = 0
      pc18 = 0
      pc19 = 0
      pc20 = 0
Constrained:
   Tgbecnw = 146602
     Tecnw = 31001.5
       Tnw = 16881.8
       Tec = 8826.04
     twoNb = 4.66703e+06
     twoNe = 17569.3
     twoNc = 4.67794e+06
     twoNn = 8.42482e+06
     twoNw = 1.25645e+08
    twoNec = 74594.2
    twoNnw = 41695
  twoNecnw = 55382.9
  twoNbecnw = 19178.2
  twoNgbecnw = 308110
         m = 0.0776472
        m2 = 0.0326766
        m3 = 0.215397
        m4 = 0.00012829
        m5 = 0.1693
        m6 = 0.0666053
        Tb = 19913.8
        Ta = 47556.9
        Tc = 8440.91
        Td = 4220.45
        Te = 2110.23
        Tf = 1055.11
DiffEv reached_goal. cost=1.86982e-03 spread=2.31447e-06
Fitted parameter values
Free:
       pc1 = 2.54857
       pc2 = 1.56845
       pc3 = 2.71652
       pc4 = 1.87056
       pc5 = -0.17617
       pc6 = 0.329874
       pc7 = 0.643029
       pc8 = -0.614658
       pc9 = 1.62896
      pc10 = -0.151979
      pc11 = -0.64635
      pc12 = -1.4338
      pc13 = 0.549157
      pc14 = -0.424027
      pc15 = -0.49092
      pc16 = -0.265066
      pc17 = 0.0438079
      pc18 = 0.166856
      pc19 = 0.064638
      pc20 = 0.062801
Constrained:
   Tgbecnw = 123993
     Tecnw = 33737.7
       Tnw = 6696.71
       Tec = 3522.66
     twoNb = 1.94102e+07
     twoNe = 5876.85
     twoNc = 6.10825e+06
     twoNn = 9.75947e+06
     twoNw = 5.86808e+08
    twoNec = 98682
    twoNnw = 82916
  twoNecnw = 37749.7
  twoNbecnw = 15072.5
  twoNgbecnw = 380964
         m = 0.0441729
        m2 = 0.0348867
        m3 = 0.185682
        m4 = 4.92202e-05
        m5 = 0.170649
        m6 = 0.0754175
        Tb = 18630.2
        Ta = 46915.1
        Tc = 3348.36
        Td = 1674.18
        Te = 837.089
        Tf = 418.545
#       SitePat  BranchLen
              b 115492.0899172
              e 43228.7569787
              c 44968.6142667
              n 41135.4770358
              w 43478.4014213
            b:e 1194.3742410
            b:c 1315.6040342
            b:n 951.5192897
            b:w 1059.6802192
            e:c 11321.0002433
            e:n 4684.6754075
            e:w 4010.0109432
            c:n 4295.9158569
            c:w 3410.1320501
            n:w 11886.4957163
          b:e:c 1201.9319516
          b:e:n 527.5587975
          b:e:w 551.3607039
          b:c:n 540.5058175
          b:c:w 541.5508171
          b:n:w 1251.6763313
          e:c:n 4670.5046089
          e:c:w 3785.7011107
          e:n:w 5370.9092351
          c:n:w 4672.8603566
        b:e:c:n 1101.5755971
        b:e:c:w 1070.8951588
        b:e:n:w 1807.1178707
        b:c:n:w 1629.5809719
        e:c:n:w 45710.6489340
