########################################
# legofit: estimate population history #
#       version 2.3.4-4-g53f8760       #
########################################

# Program was compiled: Sep 21 2021 14:36:42
# Program was run: Wed Sep 22 09:46:26 2021

# cmd: legofit -1 -d 0 -t 56 --ptsPerDim 3 --stateOut b1boot30.state --tol 3e-6 -S 5000 abcdef2.lgo ../../chrX/boot_chrX/boot30.opf
# Stage nOptItr nSimReps
#     0    5000        0
# algorithm          : deterministic
# ignoring probs <=  : 0
# Branch length floor: 0
# DE strategy        : 2
#    F               : 0.3
#    CR              : 0.8
#    tolerance       : 3e-06
# nthreads           : 56
# lgo input file     : abcdef2.lgo
# site pat input file: ../../chrX/boot_chrX/boot30.opf
# free parameters    : 20
# points in DE swarm : 60
# output state file  : b1boot30.state
# Including singleton site patterns.
# cost function      : KL
Initial parameter values
Fixed:
      zero = 0
       one = 1
    Tbecnw = 75200
Free:
       pc1 = 0
       pc2 = 0
       pc3 = 0
       pc4 = 0
       pc5 = 0
       pc6 = 0
       pc7 = 0
       pc8 = 0
       pc9 = 0
      pc10 = 0
      pc11 = 0
      pc12 = 0
      pc13 = 0
      pc14 = 0
      pc15 = 0
      pc16 = 0
      pc17 = 0
      pc18 = 0
      pc19 = 0
      pc20 = 0
Constrained:
   Tgbecnw = 146602
     Tecnw = 31001.5
       Tnw = 16881.8
       Tec = 8826.04
     twoNb = 4.66703e+06
     twoNe = 17569.3
     twoNc = 4.67794e+06
     twoNn = 8.42482e+06
     twoNw = 1.25645e+08
    twoNec = 74594.2
    twoNnw = 41695
  twoNecnw = 55382.9
  twoNbecnw = 19178.2
  twoNgbecnw = 308110
         m = 0.0776472
        m2 = 0.0326766
        m3 = 0.215397
        m4 = 0.00012829
        m5 = 0.1693
        m6 = 0.0666053
        Tb = 19913.8
        Ta = 47556.9
        Tc = 8440.91
        Td = 4220.45
        Te = 2110.23
        Tf = 1055.11
DiffEv reached_goal. cost=1.77606e-03 spread=2.91827e-06
Fitted parameter values
Free:
       pc1 = -1.33294
       pc2 = -1.10906
       pc3 = 2.5285
       pc4 = 1.64682
       pc5 = 0.611715
       pc6 = 1.37979
       pc7 = 0.970237
       pc8 = -0.490187
       pc9 = 0.758826
      pc10 = -0.245556
      pc11 = -0.217674
      pc12 = -1.43495
      pc13 = 0.246911
      pc14 = -0.311713
      pc15 = -0.326832
      pc16 = -0.270127
      pc17 = 0.0983629
      pc18 = 0.0850162
      pc19 = -0.00354959
      pc20 = -0.0162069
Constrained:
   Tgbecnw = 103605
     Tecnw = 27850.9
       Tnw = 18983.7
       Tec = 9547.1
     twoNb = 1.34789e+07
     twoNe = 2978.66
     twoNc = 266028
     twoNn = 2.9853e+07
     twoNw = 4.42828e+08
    twoNec = 67491.4
    twoNnw = 24008.7
  twoNecnw = 55804.2
  twoNbecnw = 8291.69
  twoNgbecnw = 426459
         m = 0.0620215
        m2 = 0.0273668
        m3 = 0.210579
        m4 = 0.000207116
        m5 = 0.153403
        m6 = 0.0493578
        Tb = 18699
        Ta = 46949.5
        Tc = 9491.85
        Td = 4745.93
        Te = 2372.96
        Tf = 1186.48
#       SitePat  BranchLen
              b 117320.7062319
              e 43481.0521970
              c 45206.7475898
              n 41266.8567704
              w 43681.7405866
            b:e 1128.8881806
            b:c 1257.1207278
            b:n 896.5861023
            b:w 1019.1780746
            e:c 11381.1135975
            e:n 4739.2219992
            e:w 4146.8274060
            c:n 4509.2246488
            c:w 3540.6127853
            n:w 11865.8125956
          b:e:c 1202.4880480
          b:e:n 513.1381054
          b:e:w 547.4717331
          b:c:n 533.7000105
          b:c:w 531.0932154
          b:n:w 1253.7586784
          e:c:n 4690.2160593
          e:c:w 3703.6554465
          e:n:w 5489.5508994
          c:n:w 4670.0069259
        b:e:c:n 1093.4121233
        b:e:c:w 1071.7765948
        b:e:n:w 1869.6829344
        b:c:n:w 1667.3275397
        e:c:n:w 46847.8330804
