########################################
# legofit: estimate population history #
#       version 2.3.4-4-g53f8760       #
########################################

# Program was compiled: Sep 21 2021 14:36:42
# Program was run: Wed Sep 22 11:45:48 2021

# cmd: legofit -1 -d 0 -t 56 --ptsPerDim 3 --stateOut b1boot39.state --tol 3e-6 -S 5000 abcdef2.lgo ../../chrX/boot_chrX/boot39.opf
# Stage nOptItr nSimReps
#     0    5000        0
# algorithm          : deterministic
# ignoring probs <=  : 0
# Branch length floor: 0
# DE strategy        : 2
#    F               : 0.3
#    CR              : 0.8
#    tolerance       : 3e-06
# nthreads           : 56
# lgo input file     : abcdef2.lgo
# site pat input file: ../../chrX/boot_chrX/boot39.opf
# free parameters    : 20
# points in DE swarm : 60
# output state file  : b1boot39.state
# Including singleton site patterns.
# cost function      : KL
Initial parameter values
Fixed:
      zero = 0
       one = 1
    Tbecnw = 75200
Free:
       pc1 = 0
       pc2 = 0
       pc3 = 0
       pc4 = 0
       pc5 = 0
       pc6 = 0
       pc7 = 0
       pc8 = 0
       pc9 = 0
      pc10 = 0
      pc11 = 0
      pc12 = 0
      pc13 = 0
      pc14 = 0
      pc15 = 0
      pc16 = 0
      pc17 = 0
      pc18 = 0
      pc19 = 0
      pc20 = 0
Constrained:
   Tgbecnw = 146602
     Tecnw = 31001.5
       Tnw = 16881.8
       Tec = 8826.04
     twoNb = 4.66703e+06
     twoNe = 17569.3
     twoNc = 4.67794e+06
     twoNn = 8.42482e+06
     twoNw = 1.25645e+08
    twoNec = 74594.2
    twoNnw = 41695
  twoNecnw = 55382.9
  twoNbecnw = 19178.2
  twoNgbecnw = 308110
         m = 0.0776472
        m2 = 0.0326766
        m3 = 0.215397
        m4 = 0.00012829
        m5 = 0.1693
        m6 = 0.0666053
        Tb = 19913.8
        Ta = 47556.9
        Tc = 8440.91
        Td = 4220.45
        Te = 2110.23
        Tf = 1055.11
DiffEv reached_goal. cost=1.81959e-03 spread=2.21028e-06
Fitted parameter values
Free:
       pc1 = 3.70578
       pc2 = 1.89866
       pc3 = 0.0288196
       pc4 = 1.66712
       pc5 = 1.81781
       pc6 = 0.196635
       pc7 = 0.74641
       pc8 = 0.857607
       pc9 = 0.864942
      pc10 = 0.186395
      pc11 = -0.787598
      pc12 = -1.70631
      pc13 = 0.0710074
      pc14 = -0.0854639
      pc15 = -0.202247
      pc16 = -0.239225
      pc17 = -0.0524597
      pc18 = 0.0100593
      pc19 = 0.0506469
      pc20 = 0.0971906
Constrained:
   Tgbecnw = 130750
     Tecnw = 35034.7
       Tnw = 1106.81
       Tec = 594.933
     twoNb = 1.13287e+07
     twoNe = 2192.97
     twoNc = 1.58051e+07
     twoNn = 3.08139e+07
     twoNw = 1.27587e+08
    twoNec = 112450
    twoNnw = 112909
  twoNecnw = 33662.9
  twoNbecnw = 18522.1
  twoNgbecnw = 291414
         m = 0.0496587
        m2 = 0.044137
        m3 = 0.194285
        m4 = 0.000777206
        m5 = 0.172811
        m6 = 0.0815611
        Tb = 17814.8
        Ta = 46507.4
        Tc = 553.404
        Td = 276.702
        Te = 138.351
        Tf = 69.1755
#       SitePat  BranchLen
              b 116112.5214481
              e 43376.1844840
              c 45048.1612691
              n 41141.7423681
              w 43499.3469699
            b:e 1238.5363615
            b:c 1359.8367856
            b:n 956.1748804
            b:w 1043.6724779
            e:c 11179.1487916
            e:n 4740.5348086
            e:w 4058.6343614
            c:n 4399.0067305
            c:w 3441.5866769
            n:w 11751.9785539
          b:e:c 1149.2937957
          b:e:n 524.7081881
          b:e:w 551.0961586
          b:c:n 538.7754790
          b:c:w 538.9692198
          b:n:w 1204.4584287
          e:c:n 4655.9963171
          e:c:w 3821.4235653
          e:n:w 5413.5121254
          c:n:w 4763.8408583
        b:e:c:n 1075.7480525
        b:e:c:w 1077.9574169
        b:e:n:w 1883.2682505
        b:c:n:w 1696.2977070
        e:c:n:w 46205.2720751
