########################################
# legofit: estimate population history #
#       version 2.3.4-4-g53f8760       #
########################################

# Program was compiled: Sep 21 2021 14:36:42
# Program was run: Wed Sep 22 09:29:34 2021

# cmd: legofit -1 -d 0 -t 56 --ptsPerDim 3 --stateOut b1boot26.state --tol 3e-6 -S 5000 abcdef2.lgo ../../chrX/boot_chrX/boot26.opf
# Stage nOptItr nSimReps
#     0    5000        0
# algorithm          : deterministic
# ignoring probs <=  : 0
# Branch length floor: 0
# DE strategy        : 2
#    F               : 0.3
#    CR              : 0.8
#    tolerance       : 3e-06
# nthreads           : 56
# lgo input file     : abcdef2.lgo
# site pat input file: ../../chrX/boot_chrX/boot26.opf
# free parameters    : 20
# points in DE swarm : 60
# output state file  : b1boot26.state
# Including singleton site patterns.
# cost function      : KL
Initial parameter values
Fixed:
      zero = 0
       one = 1
    Tbecnw = 75200
Free:
       pc1 = 0
       pc2 = 0
       pc3 = 0
       pc4 = 0
       pc5 = 0
       pc6 = 0
       pc7 = 0
       pc8 = 0
       pc9 = 0
      pc10 = 0
      pc11 = 0
      pc12 = 0
      pc13 = 0
      pc14 = 0
      pc15 = 0
      pc16 = 0
      pc17 = 0
      pc18 = 0
      pc19 = 0
      pc20 = 0
Constrained:
   Tgbecnw = 146602
     Tecnw = 31001.5
       Tnw = 16881.8
       Tec = 8826.04
     twoNb = 4.66703e+06
     twoNe = 17569.3
     twoNc = 4.67794e+06
     twoNn = 8.42482e+06
     twoNw = 1.25645e+08
    twoNec = 74594.2
    twoNnw = 41695
  twoNecnw = 55382.9
  twoNbecnw = 19178.2
  twoNgbecnw = 308110
         m = 0.0776472
        m2 = 0.0326766
        m3 = 0.215397
        m4 = 0.00012829
        m5 = 0.1693
        m6 = 0.0666053
        Tb = 19913.8
        Ta = 47556.9
        Tc = 8440.91
        Td = 4220.45
        Te = 2110.23
        Tf = 1055.11
DiffEv reached_goal. cost=1.79089e-03 spread=2.70240e-06
Fitted parameter values
Free:
       pc1 = 3.88529
       pc2 = 1.77519
       pc3 = 0.354814
       pc4 = 1.5719
       pc5 = 0.873405
       pc6 = 1.51168
       pc7 = 0.46006
       pc8 = 0.831265
       pc9 = -0.157954
      pc10 = 0.496441
      pc11 = -0.353053
      pc12 = -1.44519
      pc13 = -0.249867
      pc14 = 0.0255211
      pc15 = -0.102764
      pc16 = -0.253577
      pc17 = -0.0364352
      pc18 = 0.0356163
      pc19 = 0.0624243
      pc20 = 0.0625981
Constrained:
   Tgbecnw = 130589
     Tecnw = 35125.7
       Tnw = 1683.68
       Tec = 989.841
     twoNb = 1.07107e+07
     twoNe = 8727.89
     twoNc = 5.88643e+06
     twoNn = 3.26331e+07
     twoNw = 4.87961e+08
    twoNec = 109561
    twoNnw = 108286
  twoNecnw = 35041.8
  twoNbecnw = 19079.9
  twoNgbecnw = 269026
         m = 0.0534125
        m2 = 0.0469798
        m3 = 0.202497
        m4 = 0.000901087
        m5 = 0.174741
        m6 = 0.0852843
        Tb = 18057.8
        Ta = 46628.9
        Tc = 841.839
        Td = 420.92
        Te = 210.46
        Tf = 105.23
#       SitePat  BranchLen
              b 116282.8088321
              e 43880.5112255
              c 45558.3901705
              n 41493.1858462
              w 43962.3788344
            b:e 1316.9755537
            b:c 1445.2525399
            b:n 1014.3844547
            b:w 1111.9755498
            e:c 11376.1247166
            e:n 4863.3087026
            e:w 4163.4541814
            c:n 4544.5596873
            c:w 3534.7534885
            n:w 11992.2641949
          b:e:c 1225.5113332
          b:e:n 559.0481264
          b:e:w 589.0127301
          b:c:n 575.2856898
          b:c:w 574.7168791
          b:n:w 1283.8923649
          e:c:n 4768.7979954
          e:c:w 3882.3050952
          e:n:w 5545.9617815
          c:n:w 4881.9296942
        b:e:c:n 1148.3073152
        b:e:c:w 1148.2810879
        b:e:n:w 1993.2899401
        b:c:n:w 1796.6740776
        e:c:n:w 45604.5268155
