########################################
# legofit: estimate population history #
#       version 2.3.4-4-g53f8760       #
########################################

# Program was compiled: Sep 21 2021 14:36:42
# Program was run: Wed Sep 22 06:42:50 2021

# cmd: legofit -1 -d 0 -t 56 --ptsPerDim 3 --stateOut b1boot13.state --tol 3e-6 -S 5000 abcdef2.lgo ../../chrX/boot_chrX/boot13.opf
# Stage nOptItr nSimReps
#     0    5000        0
# algorithm          : deterministic
# ignoring probs <=  : 0
# Branch length floor: 0
# DE strategy        : 2
#    F               : 0.3
#    CR              : 0.8
#    tolerance       : 3e-06
# nthreads           : 56
# lgo input file     : abcdef2.lgo
# site pat input file: ../../chrX/boot_chrX/boot13.opf
# free parameters    : 20
# points in DE swarm : 60
# output state file  : b1boot13.state
# Including singleton site patterns.
# cost function      : KL
Initial parameter values
Fixed:
      zero = 0
       one = 1
    Tbecnw = 75200
Free:
       pc1 = 0
       pc2 = 0
       pc3 = 0
       pc4 = 0
       pc5 = 0
       pc6 = 0
       pc7 = 0
       pc8 = 0
       pc9 = 0
      pc10 = 0
      pc11 = 0
      pc12 = 0
      pc13 = 0
      pc14 = 0
      pc15 = 0
      pc16 = 0
      pc17 = 0
      pc18 = 0
      pc19 = 0
      pc20 = 0
Constrained:
   Tgbecnw = 146602
     Tecnw = 31001.5
       Tnw = 16881.8
       Tec = 8826.04
     twoNb = 4.66703e+06
     twoNe = 17569.3
     twoNc = 4.67794e+06
     twoNn = 8.42482e+06
     twoNw = 1.25645e+08
    twoNec = 74594.2
    twoNnw = 41695
  twoNecnw = 55382.9
  twoNbecnw = 19178.2
  twoNgbecnw = 308110
         m = 0.0776472
        m2 = 0.0326766
        m3 = 0.215397
        m4 = 0.00012829
        m5 = 0.1693
        m6 = 0.0666053
        Tb = 19913.8
        Ta = 47556.9
        Tc = 8440.91
        Td = 4220.45
        Te = 2110.23
        Tf = 1055.11
DiffEv reached_goal. cost=1.70440e-03 spread=2.12285e-06
Fitted parameter values
Free:
       pc1 = -1.91319
       pc2 = -0.897588
       pc3 = -0.793241
       pc4 = 1.30058
       pc5 = -0.232766
       pc6 = -0.207807
       pc7 = 0.215933
       pc8 = -0.269252
       pc9 = 0.0504095
      pc10 = -0.0790723
      pc11 = 0.244676
      pc12 = -0.400036
      pc13 = -0.072736
      pc14 = -0.132957
      pc15 = -0.201563
      pc16 = -0.1197
      pc17 = -0.0478385
      pc18 = 0.0833123
      pc19 = -0.012376
      pc20 = 0.0386456
Constrained:
   Tgbecnw = 111719
     Tecnw = 28704.1
       Tnw = 22547.1
       Tec = 11626.7
     twoNb = 7.29141e+06
     twoNe = 8011.33
     twoNc = 7.92888e+06
     twoNn = 7.44734e+06
     twoNw = 3.81612e+07
    twoNec = 59156
    twoNnw = 15093.6
  twoNecnw = 59128.6
  twoNbecnw = 11734.2
  twoNgbecnw = 282838
         m = 0.0949837
        m2 = 0.0290241
        m3 = 0.225636
        m4 = 0.000204908
        m5 = 0.162439
        m6 = 0.0514514
        Tb = 20165.4
        Ta = 47682.7
        Tc = 11273.5
        Td = 5636.77
        Te = 2818.38
        Tf = 1409.19
#       SitePat  BranchLen
              b 119928.7100888
              e 44719.9013586
              c 46814.7350865
              n 42410.0010200
              w 45262.8356627
            b:e 1222.9958058
            b:c 1390.4869186
            b:n 945.5390694
            b:w 1097.2879458
            e:c 11737.9040161
            e:n 4962.9789752
            e:w 4199.2089279
            c:n 4594.4773489
            c:w 3552.4225483
            n:w 12178.0198559
          b:e:c 1307.7377845
          b:e:n 544.9792816
          b:e:w 579.8649358
          b:c:n 564.4043502
          b:c:w 567.3535934
          b:n:w 1363.7060427
          e:c:n 4897.0343224
          e:c:w 3707.7374296
          e:n:w 5801.8797573
          c:n:w 4796.3713957
        b:e:c:n 1167.3037905
        b:e:c:w 1120.0071759
        b:e:n:w 1991.2807449
        b:c:n:w 1742.8385145
        e:c:n:w 47573.6819957
