########################################
# legofit: estimate population history #
#       version 2.3.4-4-g53f8760       #
########################################

# Program was compiled: Sep 21 2021 14:36:42
# Program was run: Wed Sep 22 11:06:22 2021

# cmd: legofit -1 -d 0 -t 56 --ptsPerDim 3 --stateOut b1boot37.state --tol 3e-6 -S 5000 abcdef2.lgo ../../chrX/boot_chrX/boot37.opf
# Stage nOptItr nSimReps
#     0    5000        0
# algorithm          : deterministic
# ignoring probs <=  : 0
# Branch length floor: 0
# DE strategy        : 2
#    F               : 0.3
#    CR              : 0.8
#    tolerance       : 3e-06
# nthreads           : 56
# lgo input file     : abcdef2.lgo
# site pat input file: ../../chrX/boot_chrX/boot37.opf
# free parameters    : 20
# points in DE swarm : 60
# output state file  : b1boot37.state
# Including singleton site patterns.
# cost function      : KL
Initial parameter values
Fixed:
      zero = 0
       one = 1
    Tbecnw = 75200
Free:
       pc1 = 0
       pc2 = 0
       pc3 = 0
       pc4 = 0
       pc5 = 0
       pc6 = 0
       pc7 = 0
       pc8 = 0
       pc9 = 0
      pc10 = 0
      pc11 = 0
      pc12 = 0
      pc13 = 0
      pc14 = 0
      pc15 = 0
      pc16 = 0
      pc17 = 0
      pc18 = 0
      pc19 = 0
      pc20 = 0
Constrained:
   Tgbecnw = 146602
     Tecnw = 31001.5
       Tnw = 16881.8
       Tec = 8826.04
     twoNb = 4.66703e+06
     twoNe = 17569.3
     twoNc = 4.67794e+06
     twoNn = 8.42482e+06
     twoNw = 1.25645e+08
    twoNec = 74594.2
    twoNnw = 41695
  twoNecnw = 55382.9
  twoNbecnw = 19178.2
  twoNgbecnw = 308110
         m = 0.0776472
        m2 = 0.0326766
        m3 = 0.215397
        m4 = 0.00012829
        m5 = 0.1693
        m6 = 0.0666053
        Tb = 19913.8
        Ta = 47556.9
        Tc = 8440.91
        Td = 4220.45
        Te = 2110.23
        Tf = 1055.11
DiffEv reached_goal. cost=1.66139e-03 spread=2.90957e-06
Fitted parameter values
Free:
       pc1 = -0.664056
       pc2 = -1.71607
       pc3 = -0.206746
       pc4 = 1.787
       pc5 = 0.103218
       pc6 = 0.282622
       pc7 = 0.414335
       pc8 = -0.276519
       pc9 = 0.59081
      pc10 = 1.16965
      pc11 = -0.121413
      pc12 = -1.15333
      pc13 = 0.242532
      pc14 = -0.0797181
      pc15 = -0.225136
      pc16 = -0.348783
      pc17 = 0.0426519
      pc18 = 0.0482384
      pc19 = 0.0277227
      pc20 = 0.0170327
Constrained:
   Tgbecnw = 108067
     Tecnw = 29562.2
       Tnw = 15979.1
       Tec = 8023.32
     twoNb = 7.70631e+06
     twoNe = 1691.12
     twoNc = 7.31177e+06
     twoNn = 1.28627e+07
     twoNw = 2.86492e+08
    twoNec = 82196.3
    twoNnw = 39338.8
  twoNecnw = 50714
  twoNbecnw = 11139.2
  twoNgbecnw = 281840
         m = 0.0833349
        m2 = 0.0304559
        m3 = 0.219766
        m4 = 0.00023494
        m5 = 0.145805
        m6 = 0.0447912
        Tb = 18792.8
        Ta = 46996.4
        Tc = 7989.55
        Td = 3994.78
        Te = 1997.39
        Tf = 998.694
#       SitePat  BranchLen
              b 117461.9776395
              e 44089.5562452
              c 45782.1585923
              n 41861.3270021
              w 44385.2351015
            b:e 1238.4060273
            b:c 1369.9591390
            b:n 980.7342036
            b:w 1106.2527543
            e:c 11303.5837722
            e:n 4863.5731816
            e:w 4205.6176180
            c:n 4602.9200589
            c:w 3602.6866490
            n:w 11820.8603848
          b:e:c 1257.6891870
          b:e:n 558.0910331
          b:e:w 590.9493470
          b:c:n 577.7158889
          b:c:w 575.0961844
          b:n:w 1305.8501042
          e:c:n 4856.0520643
          e:c:w 3861.8320550
          e:n:w 5570.3547544
          c:n:w 4804.5213379
        b:e:c:n 1172.7443987
        b:e:c:w 1145.4881703
        b:e:n:w 1937.7032453
        b:c:n:w 1739.1935786
        e:c:n:w 46366.2100139
