########################################
# legofit: estimate population history #
#       version 2.3.4-4-g53f8760       #
########################################

# Program was compiled: Sep 21 2021 14:36:42
# Program was run: Wed Sep 22 09:45:52 2021

# cmd: legofit -1 -d 0 -t 56 --ptsPerDim 3 --stateOut b1boot29.state --tol 3e-6 -S 5000 abcdef2.lgo ../../chrX/boot_chrX/boot29.opf
# Stage nOptItr nSimReps
#     0    5000        0
# algorithm          : deterministic
# ignoring probs <=  : 0
# Branch length floor: 0
# DE strategy        : 2
#    F               : 0.3
#    CR              : 0.8
#    tolerance       : 3e-06
# nthreads           : 56
# lgo input file     : abcdef2.lgo
# site pat input file: ../../chrX/boot_chrX/boot29.opf
# free parameters    : 20
# points in DE swarm : 60
# output state file  : b1boot29.state
# Including singleton site patterns.
# cost function      : KL
Initial parameter values
Fixed:
      zero = 0
       one = 1
    Tbecnw = 75200
Free:
       pc1 = 0
       pc2 = 0
       pc3 = 0
       pc4 = 0
       pc5 = 0
       pc6 = 0
       pc7 = 0
       pc8 = 0
       pc9 = 0
      pc10 = 0
      pc11 = 0
      pc12 = 0
      pc13 = 0
      pc14 = 0
      pc15 = 0
      pc16 = 0
      pc17 = 0
      pc18 = 0
      pc19 = 0
      pc20 = 0
Constrained:
   Tgbecnw = 146602
     Tecnw = 31001.5
       Tnw = 16881.8
       Tec = 8826.04
     twoNb = 4.66703e+06
     twoNe = 17569.3
     twoNc = 4.67794e+06
     twoNn = 8.42482e+06
     twoNw = 1.25645e+08
    twoNec = 74594.2
    twoNnw = 41695
  twoNecnw = 55382.9
  twoNbecnw = 19178.2
  twoNgbecnw = 308110
         m = 0.0776472
        m2 = 0.0326766
        m3 = 0.215397
        m4 = 0.00012829
        m5 = 0.1693
        m6 = 0.0666053
        Tb = 19913.8
        Ta = 47556.9
        Tc = 8440.91
        Td = 4220.45
        Te = 2110.23
        Tf = 1055.11
DiffEv reached_goal. cost=1.75618e-03 spread=2.95309e-06
Fitted parameter values
Free:
       pc1 = 3.96045
       pc2 = 0.588734
       pc3 = 0.457823
       pc4 = 1.8502
       pc5 = 0.809119
       pc6 = 1.32829
       pc7 = 1.29218
       pc8 = 1.17342
       pc9 = -0.330926
      pc10 = -0.693898
      pc11 = -0.382406
      pc12 = -1.40477
      pc13 = 0.0859356
      pc14 = -0.0738444
      pc15 = -0.463022
      pc16 = -0.209127
      pc17 = 0.00387316
      pc18 = 0.119677
      pc19 = -0.0272644
      pc20 = 0.0220919
Constrained:
   Tgbecnw = 142453
     Tecnw = 35690.9
       Tnw = 2639.6
       Tec = 1478.9
     twoNb = 1.51844e+07
     twoNe = 8214.2
     twoNc = 6.42468e+06
     twoNn = 3.27607e+07
     twoNw = 3.34877e+08
    twoNec = 107247
    twoNnw = 103830
  twoNecnw = 32559.1
  twoNbecnw = 21209.4
  twoNgbecnw = 302588
         m = 0.0438361
        m2 = 0.0437913
        m3 = 0.218674
        m4 = 0.00121774
        m5 = 0.171769
        m6 = 0.07682
        Tb = 18584.9
        Ta = 46892.4
        Tc = 1319.8
        Td = 659.9
        Te = 329.95
        Tf = 164.975
#       SitePat  BranchLen
              b 116281.6461099
              e 43330.9578049
              c 45091.4950373
              n 41193.8007411
              w 43931.6887342
            b:e 1203.3317411
            b:c 1332.7328079
            b:n 933.8182760
            b:w 1038.2173541
            e:c 11229.2326431
            e:n 4781.8815408
            e:w 4015.3308432
            c:n 4457.5044985
            c:w 3348.4166515
            n:w 11647.6927904
          b:e:c 1131.0069551
          b:e:n 509.9563670
          b:e:w 540.7635516
          b:c:n 526.9163985
          b:c:w 525.4325840
          b:n:w 1187.1702272
          e:c:n 4770.5958375
          e:c:w 3783.0964971
          e:n:w 5411.4545478
          c:n:w 4710.4845718
        b:e:c:n 1063.5288869
        b:e:c:w 1055.0563500
        b:e:n:w 1830.6950989
        b:c:n:w 1631.3889356
        e:c:n:w 46134.7730599
