########################################
# legofit: estimate population history #
#       version 2.3.4-4-g53f8760       #
########################################

# Program was compiled: Sep 21 2021 14:36:42
# Program was run: Wed Sep 22 09:30:10 2021

# cmd: legofit -1 -d 0 -t 56 --ptsPerDim 3 --stateOut b1boot27.state --tol 3e-6 -S 5000 abcdef2.lgo ../../chrX/boot_chrX/boot27.opf
# Stage nOptItr nSimReps
#     0    5000        0
# algorithm          : deterministic
# ignoring probs <=  : 0
# Branch length floor: 0
# DE strategy        : 2
#    F               : 0.3
#    CR              : 0.8
#    tolerance       : 3e-06
# nthreads           : 56
# lgo input file     : abcdef2.lgo
# site pat input file: ../../chrX/boot_chrX/boot27.opf
# free parameters    : 20
# points in DE swarm : 60
# output state file  : b1boot27.state
# Including singleton site patterns.
# cost function      : KL
Initial parameter values
Fixed:
      zero = 0
       one = 1
    Tbecnw = 75200
Free:
       pc1 = 0
       pc2 = 0
       pc3 = 0
       pc4 = 0
       pc5 = 0
       pc6 = 0
       pc7 = 0
       pc8 = 0
       pc9 = 0
      pc10 = 0
      pc11 = 0
      pc12 = 0
      pc13 = 0
      pc14 = 0
      pc15 = 0
      pc16 = 0
      pc17 = 0
      pc18 = 0
      pc19 = 0
      pc20 = 0
Constrained:
   Tgbecnw = 146602
     Tecnw = 31001.5
       Tnw = 16881.8
       Tec = 8826.04
     twoNb = 4.66703e+06
     twoNe = 17569.3
     twoNc = 4.67794e+06
     twoNn = 8.42482e+06
     twoNw = 1.25645e+08
    twoNec = 74594.2
    twoNnw = 41695
  twoNecnw = 55382.9
  twoNbecnw = 19178.2
  twoNgbecnw = 308110
         m = 0.0776472
        m2 = 0.0326766
        m3 = 0.215397
        m4 = 0.00012829
        m5 = 0.1693
        m6 = 0.0666053
        Tb = 19913.8
        Ta = 47556.9
        Tc = 8440.91
        Td = 4220.45
        Te = 2110.23
        Tf = 1055.11
DiffEv reached_goal. cost=1.81102e-03 spread=2.81197e-06
Fitted parameter values
Free:
       pc1 = -2.30246
       pc2 = 1.67642
       pc3 = 2.80395
       pc4 = 0.377816
       pc5 = -0.218369
       pc6 = 0.475249
       pc7 = 1.40791
       pc8 = -1.98999
       pc9 = 0.348295
      pc10 = 0.621677
      pc11 = -0.0860598
      pc12 = -0.556592
      pc13 = -0.175761
      pc14 = 0.124993
      pc15 = -0.0499079
      pc16 = -0.132682
      pc17 = 0.0810936
      pc18 = 0.0562882
      pc19 = -0.00857686
      pc20 = -0.0326093
Constrained:
   Tgbecnw = 99008.7
     Tecnw = 25317.2
       Tnw = 23832.7
       Tec = 11925.9
     twoNb = 7.45406e+06
     twoNe = 7349.51
     twoNc = 1.25312e+06
     twoNn = 150895
     twoNw = 6.46125e+08
    twoNec = 47034
    twoNnw = 3760.02
  twoNecnw = 71666.8
  twoNbecnw = 6995.49
  twoNgbecnw = 430125
         m = 0.0673615
        m2 = 0.0261924
        m3 = 0.184822
        m4 = 0.000380588
        m5 = 0.170854
        m6 = 0.0716858
        Tb = 18621.5
        Ta = 46910.8
        Tc = 11916.4
        Td = 5958.19
        Te = 2979.09
        Tf = 1489.55
#       SitePat  BranchLen
              b 118053.0640739
              e 44563.4138110
              c 46205.1294147
              n 42170.1053504
              w 44266.2550030
            b:e 1252.1455598
            b:c 1391.8078188
            b:n 978.6286594
            b:w 1097.6151668
            e:c 11999.5371573
            e:n 4746.8940234
            e:w 4316.1853433
            c:n 4624.8028431
            c:w 3726.3586966
            n:w 12515.8949040
          b:e:c 1382.3852773
          b:e:n 565.5673767
          b:e:w 604.7184813
          b:c:n 592.0594393
          b:c:w 582.6217652
          b:n:w 1429.5597232
          e:c:n 4569.8130012
          e:c:w 3684.4805188
          e:n:w 5698.2493132
          c:n:w 4840.2738326
        b:e:c:n 1211.1666150
        b:e:c:w 1180.8023562
        b:e:n:w 2048.2237457
        b:c:n:w 1832.3438308
        e:c:n:w 46379.1274233
