########################################
# legofit: estimate population history #
#       version 2.3.4-4-g53f8760       #
########################################

# Program was compiled: Sep 21 2021 14:36:42
# Program was run: Wed Sep 22 06:42:49 2021

# cmd: legofit -1 -d 0 -t 56 --ptsPerDim 3 --stateOut b1boot12.state --tol 3e-6 -S 5000 abcdef2.lgo ../../chrX/boot_chrX/boot12.opf
# Stage nOptItr nSimReps
#     0    5000        0
# algorithm          : deterministic
# ignoring probs <=  : 0
# Branch length floor: 0
# DE strategy        : 2
#    F               : 0.3
#    CR              : 0.8
#    tolerance       : 3e-06
# nthreads           : 56
# lgo input file     : abcdef2.lgo
# site pat input file: ../../chrX/boot_chrX/boot12.opf
# free parameters    : 20
# points in DE swarm : 60
# output state file  : b1boot12.state
# Including singleton site patterns.
# cost function      : KL
Initial parameter values
Fixed:
      zero = 0
       one = 1
    Tbecnw = 75200
Free:
       pc1 = 0
       pc2 = 0
       pc3 = 0
       pc4 = 0
       pc5 = 0
       pc6 = 0
       pc7 = 0
       pc8 = 0
       pc9 = 0
      pc10 = 0
      pc11 = 0
      pc12 = 0
      pc13 = 0
      pc14 = 0
      pc15 = 0
      pc16 = 0
      pc17 = 0
      pc18 = 0
      pc19 = 0
      pc20 = 0
Constrained:
   Tgbecnw = 146602
     Tecnw = 31001.5
       Tnw = 16881.8
       Tec = 8826.04
     twoNb = 4.66703e+06
     twoNe = 17569.3
     twoNc = 4.67794e+06
     twoNn = 8.42482e+06
     twoNw = 1.25645e+08
    twoNec = 74594.2
    twoNnw = 41695
  twoNecnw = 55382.9
  twoNbecnw = 19178.2
  twoNgbecnw = 308110
         m = 0.0776472
        m2 = 0.0326766
        m3 = 0.215397
        m4 = 0.00012829
        m5 = 0.1693
        m6 = 0.0666053
        Tb = 19913.8
        Ta = 47556.9
        Tc = 8440.91
        Td = 4220.45
        Te = 2110.23
        Tf = 1055.11
DiffEv reached_goal. cost=1.77528e-03 spread=2.91792e-06
Fitted parameter values
Free:
       pc1 = -1.5966
       pc2 = 1.09726
       pc3 = 3.6828
       pc4 = 0.462538
       pc5 = 0.910942
       pc6 = -0.513596
       pc7 = 1.4543
       pc8 = -0.858672
       pc9 = 0.586169
      pc10 = -0.706752
      pc11 = 0.270214
      pc12 = -1.66136
      pc13 = 0.00298087
      pc14 = -0.702749
      pc15 = -0.384813
      pc16 = -0.151629
      pc17 = 0.0514015
      pc18 = 0.0936913
      pc19 = -0.0308605
      pc20 = 0.00270057
Constrained:
   Tgbecnw = 97688
     Tecnw = 27500.9
       Tnw = 20595.5
       Tec = 10555.9
     twoNb = 9.86527e+06
     twoNe = 7911.07
     twoNc = 8.53514e+06
     twoNn = 1.23757e+07
     twoNw = 4.18427e+08
    twoNec = 56150.4
    twoNnw = 18347.9
  twoNecnw = 56672.3
  twoNbecnw = 6361.7
  twoNgbecnw = 529819
         m = 0.0486652
        m2 = 0.0274497
        m3 = 0.195794
        m4 = 9.18403e-05
        m5 = 0.17677
        m6 = 0.0624981
        Tb = 19028.4
        Ta = 47114.2
        Tc = 10297.7
        Td = 5148.87
        Te = 2574.44
        Tf = 1287.22
#       SitePat  BranchLen
              b 115884.4373230
              e 42807.5074322
              c 44730.0930512
              n 41010.5800986
              w 43407.6679315
            b:e 1130.2852470
            b:c 1278.8326452
            b:n 912.6005630
            b:w 1044.1301668
            e:c 11515.2696728
            e:n 4711.4723783
            e:w 4124.5310801
            c:n 4413.6723067
            c:w 3497.2832596
            n:w 11722.6232097
          b:e:c 1251.5037483
          b:e:n 522.2722228
          b:e:w 556.0736730
          b:c:n 543.0086852
          b:c:w 541.7187908
          b:n:w 1303.6028913
          e:c:n 4703.5616095
          e:c:w 3687.3620254
          e:n:w 5519.6035703
          c:n:w 4595.4186867
        b:e:c:n 1129.3521014
        b:e:c:w 1087.7530516
        b:e:n:w 1887.0613600
        b:c:n:w 1658.7795307
        e:c:n:w 46097.8028894
