########################################
# legofit: estimate population history #
#       version 2.3.4-4-g53f8760       #
########################################

# Program was compiled: Sep 21 2021 14:36:42
# Program was run: Wed Sep 22 08:56:32 2021

# cmd: legofit -1 -d 0 -t 56 --ptsPerDim 3 --stateOut b1boot21.state --tol 3e-6 -S 5000 abcdef2.lgo ../../chrX/boot_chrX/boot21.opf
# Stage nOptItr nSimReps
#     0    5000        0
# algorithm          : deterministic
# ignoring probs <=  : 0
# Branch length floor: 0
# DE strategy        : 2
#    F               : 0.3
#    CR              : 0.8
#    tolerance       : 3e-06
# nthreads           : 56
# lgo input file     : abcdef2.lgo
# site pat input file: ../../chrX/boot_chrX/boot21.opf
# free parameters    : 20
# points in DE swarm : 60
# output state file  : b1boot21.state
# Including singleton site patterns.
# cost function      : KL
Initial parameter values
Fixed:
      zero = 0
       one = 1
    Tbecnw = 75200
Free:
       pc1 = 0
       pc2 = 0
       pc3 = 0
       pc4 = 0
       pc5 = 0
       pc6 = 0
       pc7 = 0
       pc8 = 0
       pc9 = 0
      pc10 = 0
      pc11 = 0
      pc12 = 0
      pc13 = 0
      pc14 = 0
      pc15 = 0
      pc16 = 0
      pc17 = 0
      pc18 = 0
      pc19 = 0
      pc20 = 0
Constrained:
   Tgbecnw = 146602
     Tecnw = 31001.5
       Tnw = 16881.8
       Tec = 8826.04
     twoNb = 4.66703e+06
     twoNe = 17569.3
     twoNc = 4.67794e+06
     twoNn = 8.42482e+06
     twoNw = 1.25645e+08
    twoNec = 74594.2
    twoNnw = 41695
  twoNecnw = 55382.9
  twoNbecnw = 19178.2
  twoNgbecnw = 308110
         m = 0.0776472
        m2 = 0.0326766
        m3 = 0.215397
        m4 = 0.00012829
        m5 = 0.1693
        m6 = 0.0666053
        Tb = 19913.8
        Ta = 47556.9
        Tc = 8440.91
        Td = 4220.45
        Te = 2110.23
        Tf = 1055.11
DiffEv finished_iterations. cost=1.88381e-03 spread=inf
Fitted parameter values
Free:
       pc1 = 1.99165
       pc2 = 0
       pc3 = -0.226013
       pc4 = 0.484334
       pc5 = -0.0350745
       pc6 = 0
       pc7 = -0.525686
       pc8 = 0
       pc9 = 0.212971
      pc10 = 0.45902
      pc11 = 0.4579
      pc12 = 0
      pc13 = 0
      pc14 = 0
      pc15 = 0
      pc16 = -0.0966573
      pc17 = 0.0856801
      pc18 = 0
      pc19 = 0
      pc20 = -0.0936354
Constrained:
   Tgbecnw = 159733
     Tecnw = 33854.9
       Tnw = 10284.4
       Tec = 5183.38
     twoNb = 5.68229e+06
     twoNe = 9161.62
     twoNc = 4.91702e+06
     twoNn = 7.31675e+06
     twoNw = 2.94273e+08
    twoNec = 96952.7
    twoNnw = 65202.9
  twoNecnw = 43931.9
  twoNbecnw = 23685.4
  twoNgbecnw = 260793
         m = 0.074731
        m2 = 0.0377405
        m3 = 0.213164
        m4 = 1.71255e-05
        m5 = 0.172132
        m6 = 0.0641083
        Tb = 19519.1
        Ta = 47359.6
        Tc = 5142.18
        Td = 2571.09
        Te = 1285.55
        Tf = 642.773
#       SitePat  BranchLen
              b 121966.9168893
              e 45641.0475323
              c 47583.8377671
              n 42929.4732322
              w 45442.6277834
            b:e 1267.7489958
            b:c 1411.2498866
            b:n 983.7662410
            b:w 1097.9129997
            e:c 11897.6247480
            e:n 4932.0366948
            e:w 4381.2463966
            c:n 4726.8344996
            c:w 3596.1070155
            n:w 12752.0464556
          b:e:c 1248.7091534
          b:e:n 540.2594359
          b:e:w 583.6947667
          b:c:n 566.6677536
          b:c:w 556.6173831
          b:n:w 1322.1189966
          e:c:n 4945.3046113
          e:c:w 3961.2505446
          e:n:w 5908.2091550
          c:n:w 5033.2857724
        b:e:c:n 1119.9019986
        b:e:c:w 1124.7876244
        b:e:n:w 2012.2740671
        b:c:n:w 1791.9169435
        e:c:n:w 48030.4476132
