########################################
# legofit: estimate population history #
#       version 2.3.4-4-g53f8760       #
########################################

# Program was compiled: Sep 21 2021 14:36:42
# Program was run: Wed Sep 22 12:30:45 2021

# cmd: legofit -1 -d 0 -t 56 --ptsPerDim 3 --stateOut b1boot41.state --tol 3e-6 -S 5000 abcdef2.lgo ../../chrX/boot_chrX/boot41.opf
# Stage nOptItr nSimReps
#     0    5000        0
# algorithm          : deterministic
# ignoring probs <=  : 0
# Branch length floor: 0
# DE strategy        : 2
#    F               : 0.3
#    CR              : 0.8
#    tolerance       : 3e-06
# nthreads           : 56
# lgo input file     : abcdef2.lgo
# site pat input file: ../../chrX/boot_chrX/boot41.opf
# free parameters    : 20
# points in DE swarm : 60
# output state file  : b1boot41.state
# Including singleton site patterns.
# cost function      : KL
Initial parameter values
Fixed:
      zero = 0
       one = 1
    Tbecnw = 75200
Free:
       pc1 = 0
       pc2 = 0
       pc3 = 0
       pc4 = 0
       pc5 = 0
       pc6 = 0
       pc7 = 0
       pc8 = 0
       pc9 = 0
      pc10 = 0
      pc11 = 0
      pc12 = 0
      pc13 = 0
      pc14 = 0
      pc15 = 0
      pc16 = 0
      pc17 = 0
      pc18 = 0
      pc19 = 0
      pc20 = 0
Constrained:
   Tgbecnw = 146602
     Tecnw = 31001.5
       Tnw = 16881.8
       Tec = 8826.04
     twoNb = 4.66703e+06
     twoNe = 17569.3
     twoNc = 4.67794e+06
     twoNn = 8.42482e+06
     twoNw = 1.25645e+08
    twoNec = 74594.2
    twoNnw = 41695
  twoNecnw = 55382.9
  twoNbecnw = 19178.2
  twoNgbecnw = 308110
         m = 0.0776472
        m2 = 0.0326766
        m3 = 0.215397
        m4 = 0.00012829
        m5 = 0.1693
        m6 = 0.0666053
        Tb = 19913.8
        Ta = 47556.9
        Tc = 8440.91
        Td = 4220.45
        Te = 2110.23
        Tf = 1055.11
DiffEv reached_goal. cost=1.74770e-03 spread=2.94890e-06
Fitted parameter values
Free:
       pc1 = -1.28043
       pc2 = -0.738787
       pc3 = 1.48743
       pc4 = 1.40795
       pc5 = 0.103782
       pc6 = 0.546567
       pc7 = 1.94025
       pc8 = -0.304546
       pc9 = 0.367595
      pc10 = -1.02959
      pc11 = 0.218337
      pc12 = -1.93367
      pc13 = 0.304057
      pc14 = -0.406698
      pc15 = -0.351119
      pc16 = -0.438876
      pc17 = 0.18362
      pc18 = 0.183523
      pc19 = 0.0459218
      pc20 = 0.0271471
Constrained:
   Tgbecnw = 93562.2
     Tecnw = 28211.4
       Tnw = 18505.1
       Tec = 9307.36
     twoNb = 1.38429e+07
     twoNe = 10762.8
     twoNc = 4.1298e+06
     twoNn = 1.50436e+07
     twoNw = 1.83733e+08
    twoNec = 71485.7
    twoNnw = 24770
  twoNecnw = 54519.4
  twoNbecnw = 5688.47
  twoNgbecnw = 422470
         m = 0.0617106
        m2 = 0.0279362
        m3 = 0.219938
        m4 = 0.00077782
        m5 = 0.163594
        m6 = 0.0488708
        Tb = 18759.4
        Ta = 46979.7
        Tc = 9252.55
        Td = 4626.28
        Te = 2313.14
        Tf = 1156.57
#       SitePat  BranchLen
              b 116286.2665005
              e 43505.8093476
              c 45397.4500100
              n 40915.3138393
              w 43213.6393906
            b:e 1190.2358066
            b:c 1343.8156742
            b:n 926.1743531
            b:w 1046.9489401
            e:c 11082.4527210
            e:n 4650.2911527
            e:w 4183.9805498
            c:n 4499.8093698
            c:w 3462.5040817
            n:w 11910.0190916
          b:e:c 1261.9219288
          b:e:n 534.6086762
          b:e:w 578.8765422
          b:c:n 565.2573502
          b:c:w 552.2231937
          b:n:w 1305.5759488
          e:c:n 4547.2710177
          e:c:w 3616.4153218
          e:n:w 5614.7425076
          c:n:w 4681.9102328
        b:e:c:n 1134.0019670
        b:e:c:w 1118.1397304
        b:e:n:w 1978.1971744
        b:c:n:w 1733.7718297
        e:c:n:w 46559.0712812
