########################################
# legofit: estimate population history #
#       version 2.3.4-4-g53f8760       #
########################################

# Program was compiled: Sep 21 2021 14:36:42
# Program was run: Wed Sep 22 10:27:03 2021

# cmd: legofit -1 -d 0 -t 56 --ptsPerDim 3 --stateOut b1boot34.state --tol 3e-6 -S 5000 abcdef2.lgo ../../chrX/boot_chrX/boot34.opf
# Stage nOptItr nSimReps
#     0    5000        0
# algorithm          : deterministic
# ignoring probs <=  : 0
# Branch length floor: 0
# DE strategy        : 2
#    F               : 0.3
#    CR              : 0.8
#    tolerance       : 3e-06
# nthreads           : 56
# lgo input file     : abcdef2.lgo
# site pat input file: ../../chrX/boot_chrX/boot34.opf
# free parameters    : 20
# points in DE swarm : 60
# output state file  : b1boot34.state
# Including singleton site patterns.
# cost function      : KL
Initial parameter values
Fixed:
      zero = 0
       one = 1
    Tbecnw = 75200
Free:
       pc1 = 0
       pc2 = 0
       pc3 = 0
       pc4 = 0
       pc5 = 0
       pc6 = 0
       pc7 = 0
       pc8 = 0
       pc9 = 0
      pc10 = 0
      pc11 = 0
      pc12 = 0
      pc13 = 0
      pc14 = 0
      pc15 = 0
      pc16 = 0
      pc17 = 0
      pc18 = 0
      pc19 = 0
      pc20 = 0
Constrained:
   Tgbecnw = 146602
     Tecnw = 31001.5
       Tnw = 16881.8
       Tec = 8826.04
     twoNb = 4.66703e+06
     twoNe = 17569.3
     twoNc = 4.67794e+06
     twoNn = 8.42482e+06
     twoNw = 1.25645e+08
    twoNec = 74594.2
    twoNnw = 41695
  twoNecnw = 55382.9
  twoNbecnw = 19178.2
  twoNgbecnw = 308110
         m = 0.0776472
        m2 = 0.0326766
        m3 = 0.215397
        m4 = 0.00012829
        m5 = 0.1693
        m6 = 0.0666053
        Tb = 19913.8
        Ta = 47556.9
        Tc = 8440.91
        Td = 4220.45
        Te = 2110.23
        Tf = 1055.11
DiffEv reached_goal. cost=1.62282e-03 spread=2.73191e-06
Fitted parameter values
Free:
       pc1 = -0.705247
       pc2 = -0.0297219
       pc3 = 0.262353
       pc4 = 1.94506
       pc5 = 1.61827
       pc6 = 1.06145
       pc7 = 1.34849
       pc8 = 0.253576
       pc9 = 1.9915
      pc10 = -0.0956571
      pc11 = 1.25475
      pc12 = -0.815839
      pc13 = 0.30637
      pc14 = -0.163866
      pc15 = -0.114541
      pc16 = -0.239605
      pc17 = 0.0396526
      pc18 = 0.0651831
      pc19 = 0.0633074
      pc20 = -0.00410888
Constrained:
   Tgbecnw = 114605
     Tecnw = 29580.2
       Tnw = 15600.2
       Tec = 7893.09
     twoNb = 1.13411e+07
     twoNe = 6989.28
     twoNc = 9.44652e+06
     twoNn = 3.78809e+07
     twoNw = 1.25834e+08
    twoNec = 79540.3
    twoNnw = 41112.5
  twoNecnw = 52501.4
  twoNbecnw = 12013
  twoNgbecnw = 326240
         m = 0.078645
        m2 = 0.0284929
        m3 = 0.196673
        m4 = 0.000794803
        m5 = 0.17045
        m6 = 0.0341196
        Tb = 18736.7
        Ta = 46968.3
        Tc = 7800.09
        Td = 3900.05
        Te = 1950.02
        Tf = 975.012
#       SitePat  BranchLen
              b 119186.2577775
              e 43985.5774869
              c 46221.8809114
              n 42131.0697091
              w 44431.0347306
            b:e 1138.4524732
            b:c 1303.4932243
            b:n 928.1874109
            b:w 1039.4539681
            e:c 11537.4221545
            e:n 4804.2694920
            e:w 4321.9757593
            c:n 4516.4722853
            c:w 3494.4844816
            n:w 12026.2039457
          b:e:c 1197.7802550
          b:e:n 518.3372221
          b:e:w 557.8119229
          b:c:n 545.1126522
          b:c:w 534.0838070
          b:n:w 1253.1876973
          e:c:n 4745.8210205
          e:c:w 3827.0531881
          e:n:w 5621.6578153
          c:n:w 4602.2073824
        b:e:c:n 1098.8097463
        b:e:c:w 1082.1817167
        b:e:n:w 1915.4665887
        b:c:n:w 1645.8139877
        e:c:n:w 47591.8137875
