########################################
# legofit: estimate population history #
#       version 2.3.4-4-g53f8760       #
########################################

# Program was compiled: Sep 21 2021 14:36:42
# Program was run: Wed Sep 22 09:22:30 2021

# cmd: legofit -1 -d 0 -t 56 --ptsPerDim 3 --stateOut b1boot23.state --tol 3e-6 -S 5000 abcdef2.lgo ../../chrX/boot_chrX/boot23.opf
# Stage nOptItr nSimReps
#     0    5000        0
# algorithm          : deterministic
# ignoring probs <=  : 0
# Branch length floor: 0
# DE strategy        : 2
#    F               : 0.3
#    CR              : 0.8
#    tolerance       : 3e-06
# nthreads           : 56
# lgo input file     : abcdef2.lgo
# site pat input file: ../../chrX/boot_chrX/boot23.opf
# free parameters    : 20
# points in DE swarm : 60
# output state file  : b1boot23.state
# Including singleton site patterns.
# cost function      : KL
Initial parameter values
Fixed:
      zero = 0
       one = 1
    Tbecnw = 75200
Free:
       pc1 = 0
       pc2 = 0
       pc3 = 0
       pc4 = 0
       pc5 = 0
       pc6 = 0
       pc7 = 0
       pc8 = 0
       pc9 = 0
      pc10 = 0
      pc11 = 0
      pc12 = 0
      pc13 = 0
      pc14 = 0
      pc15 = 0
      pc16 = 0
      pc17 = 0
      pc18 = 0
      pc19 = 0
      pc20 = 0
Constrained:
   Tgbecnw = 146602
     Tecnw = 31001.5
       Tnw = 16881.8
       Tec = 8826.04
     twoNb = 4.66703e+06
     twoNe = 17569.3
     twoNc = 4.67794e+06
     twoNn = 8.42482e+06
     twoNw = 1.25645e+08
    twoNec = 74594.2
    twoNnw = 41695
  twoNecnw = 55382.9
  twoNbecnw = 19178.2
  twoNgbecnw = 308110
         m = 0.0776472
        m2 = 0.0326766
        m3 = 0.215397
        m4 = 0.00012829
        m5 = 0.1693
        m6 = 0.0666053
        Tb = 19913.8
        Ta = 47556.9
        Tc = 8440.91
        Td = 4220.45
        Te = 2110.23
        Tf = 1055.11
DiffEv reached_goal. cost=1.82554e-03 spread=2.74732e-06
Fitted parameter values
Free:
       pc1 = 3.86909
       pc2 = 1.36893
       pc3 = -1.07426
       pc4 = 1.94777
       pc5 = 1.61915
       pc6 = 1.56602
       pc7 = -0.0126229
       pc8 = 1.51254
       pc9 = 0.742713
      pc10 = 0.252958
      pc11 = 0.0506566
      pc12 = -1.14411
      pc13 = 0.238631
      pc14 = 0.0726709
      pc15 = -0.0242934
      pc16 = -0.0868102
      pc17 = -0.0609476
      pc18 = -0.0308513
      pc19 = 0.0349174
      pc20 = 0.0532658
Constrained:
   Tgbecnw = 135650
     Tecnw = 36023.1
       Tnw = 79.1302
       Tec = 122.684
     twoNb = 1.08371e+07
     twoNe = 9122.38
     twoNc = 9.57858e+06
     twoNn = 4.59211e+07
     twoNw = 1.56763e+08
    twoNec = 116153
    twoNnw = 118603
  twoNecnw = 33702.2
  twoNbecnw = 22241.1
  twoNgbecnw = 204725
         m = 0.0655682
        m2 = 0.0443162
        m3 = 0.203152
        m4 = 0.000815124
        m5 = 0.175823
        m6 = 0.0724965
        Tb = 18072.9
        Ta = 46636.4
        Tc = 39.5651
        Td = 19.7825
        Te = 9.89127
        Tf = 4.94563
#       SitePat  BranchLen
              b 117420.2770703
              e 44096.7132791
              c 45945.6708392
              n 41928.7209081
              w 44439.5052122
            b:e 1293.9763736
            b:c 1433.4462884
            b:n 1011.7308733
            b:w 1108.8337219
            e:c 11530.4245006
            e:n 4841.8706412
            e:w 4203.5726611
            c:n 4547.7334109
            c:w 3454.2179811
            n:w 12095.6683631
          b:e:c 1210.2577669
          b:e:n 549.2296997
          b:e:w 582.9103680
          b:c:n 570.3976103
          b:c:w 562.3837001
          b:n:w 1264.9548958
          e:c:n 4822.3095338
          e:c:w 3930.8449127
          e:n:w 5584.9272545
          c:n:w 4845.5449461
        b:e:c:n 1136.4792046
        b:e:c:w 1126.2033656
        b:e:n:w 1916.3468639
        b:c:n:w 1710.1523421
        e:c:n:w 46071.5139004
