########################################
# legofit: estimate population history #
#       version 2.3.4-4-g53f8760       #
########################################

# Program was compiled: Sep 21 2021 14:36:42
# Program was run: Thu Sep 23 03:08:11 2021

# cmd: legofit -1 -d 0 -t 56 --ptsPerDim 3 --stateOut b1boot49.state --tol 3e-6 -S 5000 abcdef2.lgo ../../chrX/boot_chrX/boot49.opf
# Stage nOptItr nSimReps
#     0    5000        0
# algorithm          : deterministic
# ignoring probs <=  : 0
# Branch length floor: 0
# DE strategy        : 2
#    F               : 0.3
#    CR              : 0.8
#    tolerance       : 3e-06
# nthreads           : 56
# lgo input file     : abcdef2.lgo
# site pat input file: ../../chrX/boot_chrX/boot49.opf
# free parameters    : 20
# points in DE swarm : 60
# output state file  : b1boot49.state
# Including singleton site patterns.
# cost function      : KL
Initial parameter values
Fixed:
      zero = 0
       one = 1
    Tbecnw = 75200
Free:
       pc1 = 0
       pc2 = 0
       pc3 = 0
       pc4 = 0
       pc5 = 0
       pc6 = 0
       pc7 = 0
       pc8 = 0
       pc9 = 0
      pc10 = 0
      pc11 = 0
      pc12 = 0
      pc13 = 0
      pc14 = 0
      pc15 = 0
      pc16 = 0
      pc17 = 0
      pc18 = 0
      pc19 = 0
      pc20 = 0
Constrained:
   Tgbecnw = 146602
     Tecnw = 31001.5
       Tnw = 16881.8
       Tec = 8826.04
     twoNb = 4.66703e+06
     twoNe = 17569.3
     twoNc = 4.67794e+06
     twoNn = 8.42482e+06
     twoNw = 1.25645e+08
    twoNec = 74594.2
    twoNnw = 41695
  twoNecnw = 55382.9
  twoNbecnw = 19178.2
  twoNgbecnw = 308110
         m = 0.0776472
        m2 = 0.0326766
        m3 = 0.215397
        m4 = 0.00012829
        m5 = 0.1693
        m6 = 0.0666053
        Tb = 19913.8
        Ta = 47556.9
        Tc = 8440.91
        Td = 4220.45
        Te = 2110.23
        Tf = 1055.11
DiffEv reached_goal. cost=1.67625e-03 spread=2.85129e-06
Fitted parameter values
Free:
       pc1 = -1.83653
       pc2 = -1.86114
       pc3 = -1.11731
       pc4 = 1.74421
       pc5 = -0.613961
       pc6 = 0.971726
       pc7 = 1.55961
       pc8 = -0.712878
       pc9 = -0.260064
      pc10 = 0.747429
      pc11 = 0.130305
      pc12 = -1.23586
      pc13 = -0.212659
      pc14 = -0.0867368
      pc15 = -0.0275034
      pc16 = -0.486527
      pc17 = -0.0897569
      pc18 = 0.0193401
      pc19 = -0.0196992
      pc20 = -0.00628992
Constrained:
   Tgbecnw = 93089.7
     Tecnw = 27261.4
       Tnw = 20131.2
       Tec = 10159.9
     twoNb = 7.58795e+06
     twoNe = 3719.87
     twoNc = 2.12724e+06
     twoNn = 5.8304e+06
     twoNw = 2.03457e+08
    twoNec = 66599.5
    twoNnw = 19775
  twoNecnw = 57134.9
  twoNbecnw = 6345.48
  twoNgbecnw = 274567
         m = 0.0971768
        m2 = 0.0302086
        m3 = 0.229969
        m4 = 0.00110411
        m5 = 0.147142
        m6 = 0.0437278
        Tb = 18710.7
        Ta = 46955.3
        Tc = 10065.6
        Td = 5032.79
        Te = 2516.39
        Tf = 1258.2
#       SitePat  BranchLen
              b 116688.0929384
              e 43715.4866220
              c 45478.4533358
              n 41470.0581928
              w 44033.7021995
            b:e 1225.4969702
            b:c 1371.1358346
            b:n 956.0513331
            b:w 1083.3617896
            e:c 11118.8841554
            e:n 4900.8030804
            e:w 4224.5135087
            c:n 4634.5449240
            c:w 3636.2782811
            n:w 11582.4747134
          b:e:c 1250.7912906
          b:e:n 555.0542908
          b:e:w 589.3503034
          b:c:n 575.1650371
          b:c:w 575.1663316
          b:n:w 1296.5535101
          e:c:n 4782.7683001
          e:c:w 3753.7355487
          e:n:w 5571.6561004
          c:n:w 4746.4899328
        b:e:c:n 1171.4488849
        b:e:c:w 1149.7861490
        b:e:n:w 2001.5799264
        b:c:n:w 1766.7070860
        e:c:n:w 46244.3868417
