########################################
# legofit: estimate population history #
#       version 2.3.4-4-g53f8760       #
########################################

# Program was compiled: Sep 21 2021 14:36:42
# Program was run: Wed Sep 22 13:38:50 2021

# cmd: legofit -1 -d 0 -t 56 --ptsPerDim 3 --stateOut b1boot43.state --tol 3e-6 -S 5000 abcdef2.lgo ../../chrX/boot_chrX/boot43.opf
# Stage nOptItr nSimReps
#     0    5000        0
# algorithm          : deterministic
# ignoring probs <=  : 0
# Branch length floor: 0
# DE strategy        : 2
#    F               : 0.3
#    CR              : 0.8
#    tolerance       : 3e-06
# nthreads           : 56
# lgo input file     : abcdef2.lgo
# site pat input file: ../../chrX/boot_chrX/boot43.opf
# free parameters    : 20
# points in DE swarm : 60
# output state file  : b1boot43.state
# Including singleton site patterns.
# cost function      : KL
Initial parameter values
Fixed:
      zero = 0
       one = 1
    Tbecnw = 75200
Free:
       pc1 = 0
       pc2 = 0
       pc3 = 0
       pc4 = 0
       pc5 = 0
       pc6 = 0
       pc7 = 0
       pc8 = 0
       pc9 = 0
      pc10 = 0
      pc11 = 0
      pc12 = 0
      pc13 = 0
      pc14 = 0
      pc15 = 0
      pc16 = 0
      pc17 = 0
      pc18 = 0
      pc19 = 0
      pc20 = 0
Constrained:
   Tgbecnw = 146602
     Tecnw = 31001.5
       Tnw = 16881.8
       Tec = 8826.04
     twoNb = 4.66703e+06
     twoNe = 17569.3
     twoNc = 4.67794e+06
     twoNn = 8.42482e+06
     twoNw = 1.25645e+08
    twoNec = 74594.2
    twoNnw = 41695
  twoNecnw = 55382.9
  twoNbecnw = 19178.2
  twoNgbecnw = 308110
         m = 0.0776472
        m2 = 0.0326766
        m3 = 0.215397
        m4 = 0.00012829
        m5 = 0.1693
        m6 = 0.0666053
        Tb = 19913.8
        Ta = 47556.9
        Tc = 8440.91
        Td = 4220.45
        Te = 2110.23
        Tf = 1055.11
DiffEv reached_goal. cost=1.82560e-03 spread=2.02167e-06
Fitted parameter values
Free:
       pc1 = -1.785
       pc2 = 1.76394
       pc3 = 2.47817
       pc4 = 0.520222
       pc5 = 1.90353
       pc6 = 1.79554
       pc7 = 0.148591
       pc8 = -0.212692
       pc9 = -0.380385
      pc10 = -0.614283
      pc11 = 0.506224
      pc12 = -0.6006
      pc13 = -0.0426331
      pc14 = -0.317113
      pc15 = -0.0214448
      pc16 = -0.138732
      pc17 = 0.101065
      pc18 = 0.0999859
      pc19 = 0.0803034
      pc20 = 0.00313629
Constrained:
   Tgbecnw = 107188
     Tecnw = 27490.2
       Tnw = 21928.8
       Tec = 11126.7
     twoNb = 5.67878e+06
     twoNe = 5950.32
     twoNc = 455663
     twoNn = 4.82188e+07
     twoNw = 4.2971e+08
    twoNec = 55179.4
    twoNnw = 13529.6
  twoNecnw = 64269.9
  twoNbecnw = 9155.53
  twoNgbecnw = 423215
         m = 0.0649478
        m2 = 0.0289393
        m3 = 0.198659
        m4 = 0.000208805
        m5 = 0.185206
        m6 = 0.0741573
        Tb = 19308.4
        Ta = 47254.2
        Tc = 10964.4
        Td = 5482.21
        Te = 2741.1
        Tf = 1370.55
#       SitePat  BranchLen
              b 118050.9851249
              e 44474.2246435
              c 46511.6082114
              n 41942.4891575
              w 44298.4628414
            b:e 1201.0472054
            b:c 1361.8124079
            b:n 928.1714251
            b:w 1054.6201346
            e:c 11733.4453977
            e:n 4846.0574756
            e:w 4289.4933566
            c:n 4565.7931701
            c:w 3617.9590530
            n:w 12402.5059251
          b:e:c 1304.1732524
          b:e:n 538.9023344
          b:e:w 576.6711754
          b:c:n 562.3840953
          b:c:w 559.3010425
          b:n:w 1358.8943692
          e:c:n 4603.9731758
          e:c:w 3616.9287257
          e:n:w 5788.6516431
          c:n:w 4783.1520026
        b:e:c:n 1141.6250819
        b:e:c:w 1115.9596114
        b:e:n:w 2015.5154630
        b:c:n:w 1768.5532998
        e:c:n:w 46291.9475978
