########################################
# legofit: estimate population history #
#       version 2.3.4-4-g53f8760       #
########################################

# Program was compiled: Sep 21 2021 14:36:42
# Program was run: Wed Sep 22 08:26:24 2021

# cmd: legofit -1 -d 0 -t 56 --ptsPerDim 3 --stateOut b1boot18.state --tol 3e-6 -S 5000 abcdef2.lgo ../../chrX/boot_chrX/boot18.opf
# Stage nOptItr nSimReps
#     0    5000        0
# algorithm          : deterministic
# ignoring probs <=  : 0
# Branch length floor: 0
# DE strategy        : 2
#    F               : 0.3
#    CR              : 0.8
#    tolerance       : 3e-06
# nthreads           : 56
# lgo input file     : abcdef2.lgo
# site pat input file: ../../chrX/boot_chrX/boot18.opf
# free parameters    : 20
# points in DE swarm : 60
# output state file  : b1boot18.state
# Including singleton site patterns.
# cost function      : KL
Initial parameter values
Fixed:
      zero = 0
       one = 1
    Tbecnw = 75200
Free:
       pc1 = 0
       pc2 = 0
       pc3 = 0
       pc4 = 0
       pc5 = 0
       pc6 = 0
       pc7 = 0
       pc8 = 0
       pc9 = 0
      pc10 = 0
      pc11 = 0
      pc12 = 0
      pc13 = 0
      pc14 = 0
      pc15 = 0
      pc16 = 0
      pc17 = 0
      pc18 = 0
      pc19 = 0
      pc20 = 0
Constrained:
   Tgbecnw = 146602
     Tecnw = 31001.5
       Tnw = 16881.8
       Tec = 8826.04
     twoNb = 4.66703e+06
     twoNe = 17569.3
     twoNc = 4.67794e+06
     twoNn = 8.42482e+06
     twoNw = 1.25645e+08
    twoNec = 74594.2
    twoNnw = 41695
  twoNecnw = 55382.9
  twoNbecnw = 19178.2
  twoNgbecnw = 308110
         m = 0.0776472
        m2 = 0.0326766
        m3 = 0.215397
        m4 = 0.00012829
        m5 = 0.1693
        m6 = 0.0666053
        Tb = 19913.8
        Ta = 47556.9
        Tc = 8440.91
        Td = 4220.45
        Te = 2110.23
        Tf = 1055.11
DiffEv reached_goal. cost=1.76077e-03 spread=2.97180e-06
Fitted parameter values
Free:
       pc1 = -1.92632
       pc2 = -1.85117
       pc3 = -0.734267
       pc4 = 1.61065
       pc5 = 1.18135
       pc6 = 0.559119
       pc7 = 0.503004
       pc8 = 0.843749
       pc9 = -0.786174
      pc10 = 0.950868
      pc11 = 0.242792
      pc12 = -0.594271
      pc13 = -0.0490987
      pc14 = -0.205992
      pc15 = -0.0168204
      pc16 = -0.214182
      pc17 = -0.00089694
      pc18 = -0.000419075
      pc19 = 0.0366041
      pc20 = 0.023582
Constrained:
   Tgbecnw = 110860
     Tecnw = 28382.1
       Tnw = 21118.7
       Tec = 10838.4
     twoNb = 2.13658e+06
     twoNe = 6076.61
     twoNc = 1.06222e+07
     twoNn = 3.42266e+07
     twoNw = 2.28952e+08
    twoNec = 67663.5
    twoNnw = 19069.5
  twoNecnw = 57528.6
  twoNbecnw = 11422.2
  twoNgbecnw = 287240
         m = 0.0933429
        m2 = 0.0299173
        m3 = 0.235865
        m4 = 0.000570704
        m5 = 0.150827
        m6 = 0.0468994
        Tb = 19610.2
        Ta = 47405.1
        Tc = 10559.3
        Td = 5279.67
        Te = 2639.84
        Tf = 1319.92
#       SitePat  BranchLen
              b 119638.1841200
              e 44717.3064051
              c 46692.8864791
              n 42231.8308998
              w 45019.3605213
            b:e 1236.5970016
            b:c 1392.6621254
            b:n 943.5303571
            b:w 1076.5453650
            e:c 11232.1962615
            e:n 5078.6885725
            e:w 4254.0466597
            c:n 4662.2991832
            c:w 3670.3268983
            n:w 11843.9949988
          b:e:c 1243.4551846
          b:e:n 550.8469133
          b:e:w 579.0109820
          b:c:n 564.6590777
          b:c:w 572.5992414
          b:n:w 1291.2154982
          e:c:n 4863.1954023
          e:c:w 3748.3995200
          e:n:w 5741.5028681
          c:n:w 4839.6981543
        b:e:c:n 1146.5146962
        b:e:c:w 1121.2759775
        b:e:n:w 1992.1917729
        b:c:n:w 1755.0599845
        e:c:n:w 47599.1203441
