########################################
# legofit: estimate population history #
#       version 2.3.4-4-g53f8760       #
########################################

# Program was compiled: Sep 21 2021 14:36:42
# Program was run: Wed Sep 22 16:48:16 2021

# cmd: legofit -1 -d 0 -t 56 --ptsPerDim 3 --stateOut b1boot46.state --tol 3e-6 -S 5000 abcdef2.lgo ../../chrX/boot_chrX/boot46.opf
# Stage nOptItr nSimReps
#     0    5000        0
# algorithm          : deterministic
# ignoring probs <=  : 0
# Branch length floor: 0
# DE strategy        : 2
#    F               : 0.3
#    CR              : 0.8
#    tolerance       : 3e-06
# nthreads           : 56
# lgo input file     : abcdef2.lgo
# site pat input file: ../../chrX/boot_chrX/boot46.opf
# free parameters    : 20
# points in DE swarm : 60
# output state file  : b1boot46.state
# Including singleton site patterns.
# cost function      : KL
Initial parameter values
Fixed:
      zero = 0
       one = 1
    Tbecnw = 75200
Free:
       pc1 = 0
       pc2 = 0
       pc3 = 0
       pc4 = 0
       pc5 = 0
       pc6 = 0
       pc7 = 0
       pc8 = 0
       pc9 = 0
      pc10 = 0
      pc11 = 0
      pc12 = 0
      pc13 = 0
      pc14 = 0
      pc15 = 0
      pc16 = 0
      pc17 = 0
      pc18 = 0
      pc19 = 0
      pc20 = 0
Constrained:
   Tgbecnw = 146602
     Tecnw = 31001.5
       Tnw = 16881.8
       Tec = 8826.04
     twoNb = 4.66703e+06
     twoNe = 17569.3
     twoNc = 4.67794e+06
     twoNn = 8.42482e+06
     twoNw = 1.25645e+08
    twoNec = 74594.2
    twoNnw = 41695
  twoNecnw = 55382.9
  twoNbecnw = 19178.2
  twoNgbecnw = 308110
         m = 0.0776472
        m2 = 0.0326766
        m3 = 0.215397
        m4 = 0.00012829
        m5 = 0.1693
        m6 = 0.0666053
        Tb = 19913.8
        Ta = 47556.9
        Tc = 8440.91
        Td = 4220.45
        Te = 2110.23
        Tf = 1055.11
DiffEv reached_goal. cost=1.70774e-03 spread=2.79865e-06
Fitted parameter values
Free:
       pc1 = -2.21456
       pc2 = -1.77935
       pc3 = -0.377989
       pc4 = 1.73643
       pc5 = 1.82848
       pc6 = 0.201301
       pc7 = 0.101527
       pc8 = 0.741262
       pc9 = 0.622996
      pc10 = 0.781728
      pc11 = 0.0418324
      pc12 = -0.796146
      pc13 = 0.257887
      pc14 = -0.0440772
      pc15 = -0.0711
      pc16 = -0.151973
      pc17 = 0.0445659
      pc18 = 0.0725873
      pc19 = 0.0312829
      pc20 = 0.0218224
Constrained:
   Tgbecnw = 109120
     Tecnw = 28072.1
       Tnw = 20489.9
       Tec = 10285.6
     twoNb = 4.12844e+06
     twoNe = 3038.43
     twoNc = 1.3714e+07
     twoNn = 3.92654e+07
     twoNw = 4.17183e+07
    twoNec = 68855.1
    twoNnw = 20392.3
  twoNecnw = 59764.8
  twoNbecnw = 10710.3
  twoNgbecnw = 302813
         m = 0.0888757
        m2 = 0.0273423
        m3 = 0.222114
        m4 = 7.38909e-05
        m5 = 0.148592
        m6 = 0.0394398
        Tb = 19178.8
        Ta = 47189.4
        Tc = 10245
        Td = 5122.48
        Te = 2561.24
        Tf = 1280.62
#       SitePat  BranchLen
              b 119018.5678777
              e 44845.3847771
              c 46635.7689972
              n 42524.7562887
              w 45045.5599998
            b:e 1217.7198325
            b:c 1359.6244078
            b:n 955.6374473
            b:w 1082.2891447
            e:c 11545.9445990
            e:n 4874.2155655
            e:w 4291.0612008
            c:n 4682.4186764
            c:w 3628.5594047
            n:w 12103.7351190
          b:e:c 1269.4845334
          b:e:n 546.2334105
          b:e:w 585.1599739
          b:c:n 571.5890279
          b:c:w 563.5392450
          b:n:w 1316.5142186
          e:c:n 4780.5967461
          e:c:w 3766.0188858
          e:n:w 5637.3115065
          c:n:w 4766.9518908
        b:e:c:n 1158.9142990
        b:e:c:w 1132.1736563
        b:e:n:w 1942.7103351
        b:c:n:w 1731.3449280
        e:c:n:w 46858.5732340
