########################################
# legofit: estimate population history #
#       version 2.3.4-4-g53f8760       #
########################################

# Program was compiled: Sep 21 2021 14:36:42
# Program was run: Wed Sep 22 05:31:45 2021

# cmd: legofit -1 -d 0 -t 56 --ptsPerDim 3 --stateOut b1boot7.state --tol 3e-6 -S 5000 abcdef2.lgo ../../chrX/boot_chrX/boot7.opf
# Stage nOptItr nSimReps
#     0    5000        0
# algorithm          : deterministic
# ignoring probs <=  : 0
# Branch length floor: 0
# DE strategy        : 2
#    F               : 0.3
#    CR              : 0.8
#    tolerance       : 3e-06
# nthreads           : 56
# lgo input file     : abcdef2.lgo
# site pat input file: ../../chrX/boot_chrX/boot7.opf
# free parameters    : 20
# points in DE swarm : 60
# output state file  : b1boot7.state
# Including singleton site patterns.
# cost function      : KL
Initial parameter values
Fixed:
      zero = 0
       one = 1
    Tbecnw = 75200
Free:
       pc1 = 0
       pc2 = 0
       pc3 = 0
       pc4 = 0
       pc5 = 0
       pc6 = 0
       pc7 = 0
       pc8 = 0
       pc9 = 0
      pc10 = 0
      pc11 = 0
      pc12 = 0
      pc13 = 0
      pc14 = 0
      pc15 = 0
      pc16 = 0
      pc17 = 0
      pc18 = 0
      pc19 = 0
      pc20 = 0
Constrained:
   Tgbecnw = 146602
     Tecnw = 31001.5
       Tnw = 16881.8
       Tec = 8826.04
     twoNb = 4.66703e+06
     twoNe = 17569.3
     twoNc = 4.67794e+06
     twoNn = 8.42482e+06
     twoNw = 1.25645e+08
    twoNec = 74594.2
    twoNnw = 41695
  twoNecnw = 55382.9
  twoNbecnw = 19178.2
  twoNgbecnw = 308110
         m = 0.0776472
        m2 = 0.0326766
        m3 = 0.215397
        m4 = 0.00012829
        m5 = 0.1693
        m6 = 0.0666053
        Tb = 19913.8
        Ta = 47556.9
        Tc = 8440.91
        Td = 4220.45
        Te = 2110.23
        Tf = 1055.11
DiffEv finished_iterations. cost=1.80119e-03 spread=inf
Fitted parameter values
Free:
       pc1 = -0.277883
       pc2 = -0.0611682
       pc3 = 0
       pc4 = 0.48148
       pc5 = 0
       pc6 = 0
       pc7 = 0.438301
       pc8 = -0.530431
       pc9 = 0.524245
      pc10 = 1.18641
      pc11 = 0
      pc12 = 0
      pc13 = 0
      pc14 = 0
      pc15 = -0.0104557
      pc16 = 0
      pc17 = 0
      pc18 = 0
      pc19 = 0.0129058
      pc20 = -0.00489257
Constrained:
   Tgbecnw = 134669
     Tecnw = 30464.1
       Tnw = 16990.1
       Tec = 8779.85
     twoNb = 3.91533e+06
     twoNe = 11349.4
     twoNc = 6.60985e+06
     twoNn = 4.10585e+06
     twoNw = 3.10189e+08
    twoNec = 74932.6
    twoNnw = 39518.5
  twoNecnw = 55733.3
  twoNbecnw = 17453.9
  twoNgbecnw = 292033
         m = 0.0831508
        m2 = 0.0309783
        m3 = 0.204258
        m4 = 0.000299311
        m5 = 0.160533
        m6 = 0.0602522
        Tb = 19622
        Ta = 47411
        Tc = 8495.06
        Td = 4247.53
        Te = 2123.76
        Tf = 1061.88
#       SitePat  BranchLen
              b 121343.3782299
              e 45625.1936114
              c 47402.0534355
              n 43683.4194526
              w 46310.1600490
            b:e 1275.2830188
            b:c 1412.0263521
            b:n 1030.9113777
            b:w 1167.1658860
            e:c 12100.3780814
            e:n 5079.3452177
            e:w 4388.1088417
            c:n 4778.0850745
            c:w 3774.8094103
            n:w 12349.4469779
          b:e:c 1316.6961425
          b:e:n 577.8013440
          b:e:w 610.4657024
          b:c:n 595.8150432
          b:c:w 595.6750910
          b:n:w 1380.1781569
          e:c:n 5064.2801461
          e:c:w 3998.6576578
          e:n:w 5677.7704420
          c:n:w 4886.5538764
        b:e:c:n 1219.6596329
        b:e:c:w 1184.2746957
        b:e:n:w 2005.6980591
        b:c:n:w 1794.6479309
        e:c:n:w 47386.0642764
