########################################
# legofit: estimate population history #
#       version 2.3.4-4-g53f8760       #
########################################

# Program was compiled: Sep 21 2021 14:36:42
# Program was run: Wed Sep 22 09:23:35 2021

# cmd: legofit -1 -d 0 -t 56 --ptsPerDim 3 --stateOut b1boot24.state --tol 3e-6 -S 5000 abcdef2.lgo ../../chrX/boot_chrX/boot24.opf
# Stage nOptItr nSimReps
#     0    5000        0
# algorithm          : deterministic
# ignoring probs <=  : 0
# Branch length floor: 0
# DE strategy        : 2
#    F               : 0.3
#    CR              : 0.8
#    tolerance       : 3e-06
# nthreads           : 56
# lgo input file     : abcdef2.lgo
# site pat input file: ../../chrX/boot_chrX/boot24.opf
# free parameters    : 20
# points in DE swarm : 60
# output state file  : b1boot24.state
# Including singleton site patterns.
# cost function      : KL
Initial parameter values
Fixed:
      zero = 0
       one = 1
    Tbecnw = 75200
Free:
       pc1 = 0
       pc2 = 0
       pc3 = 0
       pc4 = 0
       pc5 = 0
       pc6 = 0
       pc7 = 0
       pc8 = 0
       pc9 = 0
      pc10 = 0
      pc11 = 0
      pc12 = 0
      pc13 = 0
      pc14 = 0
      pc15 = 0
      pc16 = 0
      pc17 = 0
      pc18 = 0
      pc19 = 0
      pc20 = 0
Constrained:
   Tgbecnw = 146602
     Tecnw = 31001.5
       Tnw = 16881.8
       Tec = 8826.04
     twoNb = 4.66703e+06
     twoNe = 17569.3
     twoNc = 4.67794e+06
     twoNn = 8.42482e+06
     twoNw = 1.25645e+08
    twoNec = 74594.2
    twoNnw = 41695
  twoNecnw = 55382.9
  twoNbecnw = 19178.2
  twoNgbecnw = 308110
         m = 0.0776472
        m2 = 0.0326766
        m3 = 0.215397
        m4 = 0.00012829
        m5 = 0.1693
        m6 = 0.0666053
        Tb = 19913.8
        Ta = 47556.9
        Tc = 8440.91
        Td = 4220.45
        Te = 2110.23
        Tf = 1055.11
DiffEv reached_goal. cost=1.78420e-03 spread=2.66541e-06
Fitted parameter values
Free:
       pc1 = -1.84719
       pc2 = -0.590342
       pc3 = 0.47168
       pc4 = 1.50353
       pc5 = -0.417638
       pc6 = 1.1128
       pc7 = 1.33817
       pc8 = -0.774873
       pc9 = -0.00440736
      pc10 = -0.0410393
      pc11 = 0.551657
      pc12 = -0.859601
      pc13 = -0.13648
      pc14 = -0.0179914
      pc15 = -0.389361
      pc16 = -0.37724
      pc17 = -0.0031031
      pc18 = 0.110014
      pc19 = -0.0141239
      pc20 = 0.0213102
Constrained:
   Tgbecnw = 99082.3
     Tecnw = 27222.2
       Tnw = 22262.4
       Tec = 11347.7
     twoNb = 1.02835e+07
     twoNe = 7585.29
     twoNc = 586562
     twoNn = 1.17179e+07
     twoNw = 3.50807e+08
    twoNec = 57336.8
    twoNnw = 12945.4
  twoNecnw = 59360.5
  twoNbecnw = 7717.61
  twoNgbecnw = 327242
         m = 0.0811282
        m2 = 0.028748
        m3 = 0.217759
        m4 = 0.000799769
        m5 = 0.163213
        m6 = 0.0494241
        Tb = 19284.9
        Ta = 47242.5
        Tc = 11131.2
        Td = 5565.59
        Te = 2782.8
        Tf = 1391.4
#       SitePat  BranchLen
              b 117068.7874023
              e 43791.9042973
              c 45740.9878202
              n 41676.5609222
              w 44216.1602451
            b:e 1190.4123176
            b:c 1349.8193546
            b:n 936.1812323
            b:w 1070.8000165
            e:c 11404.2802200
            e:n 4836.6281275
            e:w 4213.3658367
            c:n 4567.6038545
            c:w 3571.3964852
            n:w 11776.6933579
          b:e:c 1270.9092341
          b:e:n 540.8404808
          b:e:w 578.0026556
          b:c:n 563.8625872
          b:c:w 561.2294514
          b:n:w 1320.5854206
          e:c:n 4767.4470982
          e:c:w 3711.8691886
          e:n:w 5666.9900924
          c:n:w 4715.5189121
        b:e:c:n 1155.9772819
        b:e:c:w 1122.2777482
        b:e:n:w 1978.2900145
        b:c:n:w 1726.0153309
        e:c:n:w 46204.7961268
