########################################
# legofit: estimate population history #
#       version 2.3.4-4-g53f8760       #
########################################

# Program was compiled: Sep 21 2021 14:36:42
# Program was run: Wed Sep 22 07:36:33 2021

# cmd: legofit -1 -d 0 -t 56 --ptsPerDim 3 --stateOut b1boot16.state --tol 3e-6 -S 5000 abcdef2.lgo ../../chrX/boot_chrX/boot16.opf
# Stage nOptItr nSimReps
#     0    5000        0
# algorithm          : deterministic
# ignoring probs <=  : 0
# Branch length floor: 0
# DE strategy        : 2
#    F               : 0.3
#    CR              : 0.8
#    tolerance       : 3e-06
# nthreads           : 56
# lgo input file     : abcdef2.lgo
# site pat input file: ../../chrX/boot_chrX/boot16.opf
# free parameters    : 20
# points in DE swarm : 60
# output state file  : b1boot16.state
# Including singleton site patterns.
# cost function      : KL
Initial parameter values
Fixed:
      zero = 0
       one = 1
    Tbecnw = 75200
Free:
       pc1 = 0
       pc2 = 0
       pc3 = 0
       pc4 = 0
       pc5 = 0
       pc6 = 0
       pc7 = 0
       pc8 = 0
       pc9 = 0
      pc10 = 0
      pc11 = 0
      pc12 = 0
      pc13 = 0
      pc14 = 0
      pc15 = 0
      pc16 = 0
      pc17 = 0
      pc18 = 0
      pc19 = 0
      pc20 = 0
Constrained:
   Tgbecnw = 146602
     Tecnw = 31001.5
       Tnw = 16881.8
       Tec = 8826.04
     twoNb = 4.66703e+06
     twoNe = 17569.3
     twoNc = 4.67794e+06
     twoNn = 8.42482e+06
     twoNw = 1.25645e+08
    twoNec = 74594.2
    twoNnw = 41695
  twoNecnw = 55382.9
  twoNbecnw = 19178.2
  twoNgbecnw = 308110
         m = 0.0776472
        m2 = 0.0326766
        m3 = 0.215397
        m4 = 0.00012829
        m5 = 0.1693
        m6 = 0.0666053
        Tb = 19913.8
        Ta = 47556.9
        Tc = 8440.91
        Td = 4220.45
        Te = 2110.23
        Tf = 1055.11
DiffEv reached_goal. cost=1.75241e-03 spread=2.79002e-06
Fitted parameter values
Free:
       pc1 = 2.65985
       pc2 = 1.58785
       pc3 = -1.55099
       pc4 = 1.89989
       pc5 = 0.155242
       pc6 = 0.069591
       pc7 = -1.46451
       pc8 = 1.09811
       pc9 = -1.17967
      pc10 = -0.19353
      pc11 = 0.258027
      pc12 = -1.02671
      pc13 = -0.353166
      pc14 = -0.452695
      pc15 = -0.0879174
      pc16 = -0.211644
      pc17 = -0.0856281
      pc18 = 0.258832
      pc19 = -0.000860293
      pc20 = -0.0275319
Constrained:
   Tgbecnw = 119706
     Tecnw = 36154.7
       Tnw = 6716.22
       Tec = 3438.48
     twoNb = 8.30343e+06
     twoNe = 5868.6
     twoNc = 1.12055e+07
     twoNn = 2.24192e+07
     twoNw = 2.10353e+08
    twoNec = 96331.2
    twoNnw = 78916.7
  twoNecnw = 34579.7
  twoNbecnw = 17807.4
  twoNgbecnw = 188186
         m = 0.0832387
        m2 = 0.0465228
        m3 = 0.227529
        m4 = 6.79028e-05
        m5 = 0.187272
        m6 = 0.0866391
        Tb = 19796.6
        Ta = 47498.3
        Tc = 3358.11
        Td = 1679.06
        Te = 839.528
        Tf = 419.764
#       SitePat  BranchLen
              b 116696.1425703
              e 43992.4059324
              c 45873.8498924
              n 41405.2341705
              w 44188.8272418
            b:e 1275.2239689
            b:c 1421.2253446
            b:n 952.9775810
            b:w 1063.9481455
            e:c 11399.6620560
            e:n 4776.6824099
            e:w 4090.7080717
            c:n 4525.0804268
            c:w 3334.1703968
            n:w 12073.2428776
          b:e:c 1214.8443505
          b:e:n 521.7534530
          b:e:w 563.0634043
          b:c:n 546.6724892
          b:c:w 539.1878692
          b:n:w 1276.9907151
          e:c:n 4722.0395911
          e:c:w 3677.1594324
          e:n:w 5612.4427208
          c:n:w 4801.0046814
        b:e:c:n 1095.8893769
        b:e:c:w 1089.2650143
        b:e:n:w 1930.0406554
        b:c:n:w 1721.1294831
        e:c:n:w 45947.1742834
