########################################
# legofit: estimate population history #
#       version 2.3.4-4-g53f8760       #
########################################

# Program was compiled: Sep 21 2021 14:36:42
# Program was run: Wed Sep 22 10:49:54 2021

# cmd: legofit -1 -d 0 -t 56 --ptsPerDim 3 --stateOut b1boot36.state --tol 3e-6 -S 5000 abcdef2.lgo ../../chrX/boot_chrX/boot36.opf
# Stage nOptItr nSimReps
#     0    5000        0
# algorithm          : deterministic
# ignoring probs <=  : 0
# Branch length floor: 0
# DE strategy        : 2
#    F               : 0.3
#    CR              : 0.8
#    tolerance       : 3e-06
# nthreads           : 56
# lgo input file     : abcdef2.lgo
# site pat input file: ../../chrX/boot_chrX/boot36.opf
# free parameters    : 20
# points in DE swarm : 60
# output state file  : b1boot36.state
# Including singleton site patterns.
# cost function      : KL
Initial parameter values
Fixed:
      zero = 0
       one = 1
    Tbecnw = 75200
Free:
       pc1 = 0
       pc2 = 0
       pc3 = 0
       pc4 = 0
       pc5 = 0
       pc6 = 0
       pc7 = 0
       pc8 = 0
       pc9 = 0
      pc10 = 0
      pc11 = 0
      pc12 = 0
      pc13 = 0
      pc14 = 0
      pc15 = 0
      pc16 = 0
      pc17 = 0
      pc18 = 0
      pc19 = 0
      pc20 = 0
Constrained:
   Tgbecnw = 146602
     Tecnw = 31001.5
       Tnw = 16881.8
       Tec = 8826.04
     twoNb = 4.66703e+06
     twoNe = 17569.3
     twoNc = 4.67794e+06
     twoNn = 8.42482e+06
     twoNw = 1.25645e+08
    twoNec = 74594.2
    twoNnw = 41695
  twoNecnw = 55382.9
  twoNbecnw = 19178.2
  twoNgbecnw = 308110
         m = 0.0776472
        m2 = 0.0326766
        m3 = 0.215397
        m4 = 0.00012829
        m5 = 0.1693
        m6 = 0.0666053
        Tb = 19913.8
        Ta = 47556.9
        Tc = 8440.91
        Td = 4220.45
        Te = 2110.23
        Tf = 1055.11
DiffEv reached_goal. cost=1.77949e-03 spread=1.70252e-06
Fitted parameter values
Free:
       pc1 = -1.53073
       pc2 = -0.0653391
       pc3 = 3.07389
       pc4 = 1.07068
       pc5 = 1.82094
       pc6 = -1.40122
       pc7 = 1.22049
       pc8 = 0.392173
       pc9 = -0.492007
      pc10 = 1.64103
      pc11 = 0.0217194
      pc12 = -1.52638
      pc13 = -0.0326746
      pc14 = -0.526434
      pc15 = -0.334173
      pc16 = -0.258492
      pc17 = 0.0646869
      pc18 = 0.0843835
      pc19 = 0.00348109
      pc20 = 0.0264362
Constrained:
   Tgbecnw = 100362
     Tecnw = 27740.9
       Tnw = 19451.3
       Tec = 9826.77
     twoNb = 1.33266e+06
     twoNe = 5506.53
     twoNc = 2.11014e+07
     twoNn = 2.16211e+07
     twoNw = 7.38905e+08
    twoNec = 65772.5
    twoNnw = 22262.9
  twoNecnw = 54566.2
  twoNbecnw = 7289.81
  twoNgbecnw = 473856
         m = 0.0533582
        m2 = 0.0296795
        m3 = 0.209928
        m4 = 5.93404e-05
        m5 = 0.157767
        m6 = 0.0591667
        Tb = 18783.9
        Ta = 46991.9
        Tc = 9725.65
        Td = 4862.83
        Te = 2431.41
        Tf = 1215.71
#       SitePat  BranchLen
              b 115915.6907508
              e 43294.1327488
              c 44911.0892593
              n 40989.3411875
              w 43307.1956959
            b:e 1190.8035411
            b:c 1320.5261589
            b:n 911.8038451
            b:w 1021.2061292
            e:c 11151.7462696
            e:n 4698.1982982
            e:w 4123.6223098
            c:n 4483.0524061
            c:w 3561.3812967
            n:w 11679.3753772
          b:e:c 1219.1062262
          b:e:n 522.6392434
          b:e:w 554.7632467
          b:c:n 542.4838510
          b:c:w 539.5326015
          b:n:w 1260.0541035
          e:c:n 4639.3839614
          e:c:w 3695.8549842
          e:n:w 5527.6785731
          c:n:w 4746.3585116
        b:e:c:n 1102.1593901
        b:e:c:w 1085.5059367
        b:e:n:w 1895.6521669
        b:c:n:w 1703.0660346
        e:c:n:w 46083.7464108
