########################################
# legofit: estimate population history #
#       version 2.3.4-4-g53f8760       #
########################################

# Program was compiled: Sep 21 2021 14:36:42
# Program was run: Wed Sep 22 15:24:35 2021

# cmd: legofit -1 -d 0 -t 56 --ptsPerDim 3 --stateOut b1boot45.state --tol 3e-6 -S 5000 abcdef2.lgo ../../chrX/boot_chrX/boot45.opf
# Stage nOptItr nSimReps
#     0    5000        0
# algorithm          : deterministic
# ignoring probs <=  : 0
# Branch length floor: 0
# DE strategy        : 2
#    F               : 0.3
#    CR              : 0.8
#    tolerance       : 3e-06
# nthreads           : 56
# lgo input file     : abcdef2.lgo
# site pat input file: ../../chrX/boot_chrX/boot45.opf
# free parameters    : 20
# points in DE swarm : 60
# output state file  : b1boot45.state
# Including singleton site patterns.
# cost function      : KL
Initial parameter values
Fixed:
      zero = 0
       one = 1
    Tbecnw = 75200
Free:
       pc1 = 0
       pc2 = 0
       pc3 = 0
       pc4 = 0
       pc5 = 0
       pc6 = 0
       pc7 = 0
       pc8 = 0
       pc9 = 0
      pc10 = 0
      pc11 = 0
      pc12 = 0
      pc13 = 0
      pc14 = 0
      pc15 = 0
      pc16 = 0
      pc17 = 0
      pc18 = 0
      pc19 = 0
      pc20 = 0
Constrained:
   Tgbecnw = 146602
     Tecnw = 31001.5
       Tnw = 16881.8
       Tec = 8826.04
     twoNb = 4.66703e+06
     twoNe = 17569.3
     twoNc = 4.67794e+06
     twoNn = 8.42482e+06
     twoNw = 1.25645e+08
    twoNec = 74594.2
    twoNnw = 41695
  twoNecnw = 55382.9
  twoNbecnw = 19178.2
  twoNgbecnw = 308110
         m = 0.0776472
        m2 = 0.0326766
        m3 = 0.215397
        m4 = 0.00012829
        m5 = 0.1693
        m6 = 0.0666053
        Tb = 19913.8
        Ta = 47556.9
        Tc = 8440.91
        Td = 4220.45
        Te = 2110.23
        Tf = 1055.11
DiffEv reached_goal. cost=1.58339e-03 spread=2.43326e-06
Fitted parameter values
Free:
       pc1 = -1.76889
       pc2 = -0.64913
       pc3 = -0.297743
       pc4 = 1.50967
       pc5 = 1.60628
       pc6 = 1.52845
       pc7 = 0.0123861
       pc8 = 0.363594
       pc9 = 1.03402
      pc10 = 0.612342
      pc11 = -0.0301298
      pc12 = -0.67483
      pc13 = -0.00703627
      pc14 = -0.155323
      pc15 = 0.0413511
      pc16 = -0.187799
      pc17 = -0.0348694
      pc18 = 0.0478986
      pc19 = 0.0616201
      pc20 = 0.00311517
Constrained:
   Tgbecnw = 108083
     Tecnw = 28488.6
       Tnw = 19130.2
       Tec = 9826.42
     twoNb = 5.96103e+06
     twoNe = 6859.96
     twoNc = 5.74535e+06
     twoNn = 4.47392e+07
     twoNw = 6.64323e+07
    twoNec = 68216.3
    twoNnw = 25712.3
  twoNecnw = 58003.7
  twoNbecnw = 10558.1
  twoNgbecnw = 289641
         m = 0.0918032
        m2 = 0.0295718
        m3 = 0.20702
        m4 = 0.000264247
        m5 = 0.155158
        m6 = 0.0486425
        Tb = 19157.5
        Ta = 47178.8
        Tc = 9565.12
        Td = 4782.56
        Te = 2391.28
        Tf = 1195.64
#       SitePat  BranchLen
              b 118692.1838344
              e 44470.7008769
              c 46411.6962704
              n 42246.3401130
              w 44801.7288109
            b:e 1196.2208125
            b:c 1341.8340313
            b:n 939.7130694
            b:w 1066.3686140
            e:c 11625.2878158
            e:n 4944.3621297
            e:w 4232.8730782
            c:n 4566.3895839
            c:w 3621.8706558
            n:w 12140.0555418
          b:e:c 1250.4355506
          b:e:n 538.4073451
          b:e:w 567.6517013
          b:c:n 554.0439727
          b:c:w 558.0849895
          b:n:w 1304.6024073
          e:c:n 4789.9614355
          e:c:w 3759.9167175
          e:n:w 5613.0888852
          c:n:w 4733.4223495
        b:e:c:n 1138.6368712
        b:e:c:w 1109.3600068
        b:e:n:w 1951.9167368
        b:c:n:w 1727.8796839
        e:c:n:w 46748.5199092
