########################################
# legofit: estimate population history #
#       version 2.3.4-4-g53f8760       #
########################################

# Program was compiled: Sep 21 2021 14:36:42
# Program was run: Wed Sep 22 06:12:54 2021

# cmd: legofit -1 -d 0 -t 56 --ptsPerDim 3 --stateOut b1boot10.state --tol 3e-6 -S 5000 abcdef2.lgo ../../chrX/boot_chrX/boot10.opf
# Stage nOptItr nSimReps
#     0    5000        0
# algorithm          : deterministic
# ignoring probs <=  : 0
# Branch length floor: 0
# DE strategy        : 2
#    F               : 0.3
#    CR              : 0.8
#    tolerance       : 3e-06
# nthreads           : 56
# lgo input file     : abcdef2.lgo
# site pat input file: ../../chrX/boot_chrX/boot10.opf
# free parameters    : 20
# points in DE swarm : 60
# output state file  : b1boot10.state
# Including singleton site patterns.
# cost function      : KL
Initial parameter values
Fixed:
      zero = 0
       one = 1
    Tbecnw = 75200
Free:
       pc1 = 0
       pc2 = 0
       pc3 = 0
       pc4 = 0
       pc5 = 0
       pc6 = 0
       pc7 = 0
       pc8 = 0
       pc9 = 0
      pc10 = 0
      pc11 = 0
      pc12 = 0
      pc13 = 0
      pc14 = 0
      pc15 = 0
      pc16 = 0
      pc17 = 0
      pc18 = 0
      pc19 = 0
      pc20 = 0
Constrained:
   Tgbecnw = 146602
     Tecnw = 31001.5
       Tnw = 16881.8
       Tec = 8826.04
     twoNb = 4.66703e+06
     twoNe = 17569.3
     twoNc = 4.67794e+06
     twoNn = 8.42482e+06
     twoNw = 1.25645e+08
    twoNec = 74594.2
    twoNnw = 41695
  twoNecnw = 55382.9
  twoNbecnw = 19178.2
  twoNgbecnw = 308110
         m = 0.0776472
        m2 = 0.0326766
        m3 = 0.215397
        m4 = 0.00012829
        m5 = 0.1693
        m6 = 0.0666053
        Tb = 19913.8
        Ta = 47556.9
        Tc = 8440.91
        Td = 4220.45
        Te = 2110.23
        Tf = 1055.11
DiffEv reached_goal. cost=1.70407e-03 spread=2.93121e-06
Fitted parameter values
Free:
       pc1 = 3.99117
       pc2 = 0.698305
       pc3 = 2.44921
       pc4 = 1.42932
       pc5 = 0.981488
       pc6 = 0.871555
       pc7 = 2.65462
       pc8 = 1.65186
       pc9 = 0.557033
      pc10 = 0.133513
      pc11 = 0.242456
      pc12 = -1.79472
      pc13 = 0.412581
      pc14 = -0.237345
      pc15 = -0.0497182
      pc16 = -0.106436
      pc17 = 0.0127141
      pc18 = -0.0575464
      pc19 = -0.0135668
      pc20 = 0.0798314
Constrained:
   Tgbecnw = 143862
     Tecnw = 34891.4
       Tnw = 205.195
       Tec = 133.402
     twoNb = 1.44917e+07
     twoNe = 26694.5
     twoNc = 1.08175e+07
     twoNn = 3.09438e+07
     twoNw = 6.82902e+08
    twoNec = 115888
    twoNnw = 118128
  twoNecnw = 33961
  twoNbecnw = 20354.8
  twoNgbecnw = 416496
         m = 0.0310981
        m2 = 0.040578
        m3 = 0.204254
        m4 = 0.00140807
        m5 = 0.169936
        m6 = 0.0640782
        Tb = 17512.4
        Ta = 46356.2
        Tc = 102.598
        Td = 51.2988
        Te = 25.6494
        Tf = 12.8247
#       SitePat  BranchLen
              b 115940.0447957
              e 43283.3493795
              c 45054.2837008
              n 41360.7292440
              w 43809.1039523
            b:e 1276.1140945
            b:c 1415.2892092
            b:n 1022.5028051
            b:w 1124.2183715
            e:c 11374.5727486
            e:n 4734.4879474
            e:w 4158.2430564
            c:n 4506.7646475
            c:w 3407.7510554
            n:w 11816.8384784
          b:e:c 1217.9551032
          b:e:n 555.2834195
          b:e:w 590.5754998
          b:c:n 579.4239288
          b:c:w 567.2918912
          b:n:w 1263.9613046
          e:c:n 4817.9028341
          e:c:w 3938.6871017
          e:n:w 5467.1919084
          c:n:w 4745.4442596
        b:e:c:n 1159.3859025
        b:e:c:w 1140.6098092
        b:e:n:w 1895.4455425
        b:c:n:w 1684.4421500
        e:c:n:w 45822.7395186
