########################################
# legofit: estimate population history #
#       version 2.3.4-4-g53f8760       #
########################################

# Program was compiled: Sep 21 2021 14:36:42
# Program was run: Wed Sep 22 07:02:37 2021

# cmd: legofit -1 -d 0 -t 56 --ptsPerDim 3 --stateOut b1boot14.state --tol 3e-6 -S 5000 abcdef2.lgo ../../chrX/boot_chrX/boot14.opf
# Stage nOptItr nSimReps
#     0    5000        0
# algorithm          : deterministic
# ignoring probs <=  : 0
# Branch length floor: 0
# DE strategy        : 2
#    F               : 0.3
#    CR              : 0.8
#    tolerance       : 3e-06
# nthreads           : 56
# lgo input file     : abcdef2.lgo
# site pat input file: ../../chrX/boot_chrX/boot14.opf
# free parameters    : 20
# points in DE swarm : 60
# output state file  : b1boot14.state
# Including singleton site patterns.
# cost function      : KL
Initial parameter values
Fixed:
      zero = 0
       one = 1
    Tbecnw = 75200
Free:
       pc1 = 0
       pc2 = 0
       pc3 = 0
       pc4 = 0
       pc5 = 0
       pc6 = 0
       pc7 = 0
       pc8 = 0
       pc9 = 0
      pc10 = 0
      pc11 = 0
      pc12 = 0
      pc13 = 0
      pc14 = 0
      pc15 = 0
      pc16 = 0
      pc17 = 0
      pc18 = 0
      pc19 = 0
      pc20 = 0
Constrained:
   Tgbecnw = 146602
     Tecnw = 31001.5
       Tnw = 16881.8
       Tec = 8826.04
     twoNb = 4.66703e+06
     twoNe = 17569.3
     twoNc = 4.67794e+06
     twoNn = 8.42482e+06
     twoNw = 1.25645e+08
    twoNec = 74594.2
    twoNnw = 41695
  twoNecnw = 55382.9
  twoNbecnw = 19178.2
  twoNgbecnw = 308110
         m = 0.0776472
        m2 = 0.0326766
        m3 = 0.215397
        m4 = 0.00012829
        m5 = 0.1693
        m6 = 0.0666053
        Tb = 19913.8
        Ta = 47556.9
        Tc = 8440.91
        Td = 4220.45
        Te = 2110.23
        Tf = 1055.11
DiffEv finished_iterations. cost=1.67244e-03 spread=3.67373e-05
Fitted parameter values
Free:
       pc1 = 3.62002
       pc2 = 1.31007
       pc3 = 3.75714
       pc4 = 1.4039
       pc5 = -1.7923
       pc6 = 1.10503
       pc7 = 0.509005
       pc8 = 1.62012
       pc9 = -0.334751
      pc10 = 0.304398
      pc11 = -0.43564
      pc12 = -0.734591
      pc13 = -0.0122201
      pc14 = -0.304794
      pc15 = -0.163732
      pc16 = -0.211849
      pc17 = 0.0321488
      pc18 = 0.0568077
      pc19 = -0.0220612
      pc20 = -0.00467821
Constrained:
   Tgbecnw = 152686
     Tecnw = 35024.6
       Tnw = 5400.2
       Tec = 3124.76
     twoNb = 1.8359e+07
     twoNe = 48677.3
     twoNc = 1.94738e+06
     twoNn = 1.49154e+07
     twoNw = 1.20832e+09
    twoNec = 100031
    twoNnw = 88744.7
  twoNecnw = 36082.1
  twoNbecnw = 21508
  twoNgbecnw = 384263
         m = 0.0411633
        m2 = 0.0429419
        m3 = 0.210589
        m4 = 0.000156904
        m5 = 0.17191
        m6 = 0.088335
        Tb = 19074.7
        Ta = 47137.3
        Tc = 2700.1
        Td = 1350.05
        Te = 675.026
        Tf = 337.513
#       SitePat  BranchLen
              b 117529.8898413
              e 44133.5858969
              c 45615.7609921
              n 41662.2729545
              w 44173.1747510
            b:e 1216.7290348
            b:c 1322.5181255
            b:n 943.7277161
            b:w 1049.5808325
            e:c 11415.0008813
            e:n 4755.6870160
            e:w 4094.2120048
            c:n 4544.2392484
            c:w 3501.7269092
            n:w 11988.5773027
          b:e:c 1166.0817508
          b:e:n 518.1541917
          b:e:w 551.9225206
          b:c:n 535.8039994
          b:c:w 534.6793253
          b:n:w 1234.3330291
          e:c:n 4784.5250110
          e:c:w 3833.5722619
          e:n:w 5477.8400477
          c:n:w 4858.9241497
        b:e:c:n 1075.5629190
        b:e:c:w 1081.1044670
        b:e:n:w 1889.8525080
        b:c:n:w 1724.3304645
        e:c:n:w 46380.4402814
