########################################
# legofit: estimate population history #
#       version 2.3.4-4-g53f8760       #
########################################

# Program was compiled: Sep 21 2021 14:36:42
# Program was run: Wed Sep 22 08:06:48 2021

# cmd: legofit -1 -d 0 -t 56 --ptsPerDim 3 --stateOut b1boot17.state --tol 3e-6 -S 5000 abcdef2.lgo ../../chrX/boot_chrX/boot17.opf
# Stage nOptItr nSimReps
#     0    5000        0
# algorithm          : deterministic
# ignoring probs <=  : 0
# Branch length floor: 0
# DE strategy        : 2
#    F               : 0.3
#    CR              : 0.8
#    tolerance       : 3e-06
# nthreads           : 56
# lgo input file     : abcdef2.lgo
# site pat input file: ../../chrX/boot_chrX/boot17.opf
# free parameters    : 20
# points in DE swarm : 60
# output state file  : b1boot17.state
# Including singleton site patterns.
# cost function      : KL
Initial parameter values
Fixed:
      zero = 0
       one = 1
    Tbecnw = 75200
Free:
       pc1 = 0
       pc2 = 0
       pc3 = 0
       pc4 = 0
       pc5 = 0
       pc6 = 0
       pc7 = 0
       pc8 = 0
       pc9 = 0
      pc10 = 0
      pc11 = 0
      pc12 = 0
      pc13 = 0
      pc14 = 0
      pc15 = 0
      pc16 = 0
      pc17 = 0
      pc18 = 0
      pc19 = 0
      pc20 = 0
Constrained:
   Tgbecnw = 146602
     Tecnw = 31001.5
       Tnw = 16881.8
       Tec = 8826.04
     twoNb = 4.66703e+06
     twoNe = 17569.3
     twoNc = 4.67794e+06
     twoNn = 8.42482e+06
     twoNw = 1.25645e+08
    twoNec = 74594.2
    twoNnw = 41695
  twoNecnw = 55382.9
  twoNbecnw = 19178.2
  twoNgbecnw = 308110
         m = 0.0776472
        m2 = 0.0326766
        m3 = 0.215397
        m4 = 0.00012829
        m5 = 0.1693
        m6 = 0.0666053
        Tb = 19913.8
        Ta = 47556.9
        Tc = 8440.91
        Td = 4220.45
        Te = 2110.23
        Tf = 1055.11
DiffEv reached_goal. cost=1.74824e-03 spread=2.70866e-06
Fitted parameter values
Free:
       pc1 = -1.85527
       pc2 = 1.84199
       pc3 = 3.72559
       pc4 = 0.630754
       pc5 = 0.758607
       pc6 = 0.12704
       pc7 = 2.34396
       pc8 = -1.16286
       pc9 = 0.362972
      pc10 = -0.121094
      pc11 = -0.503641
      pc12 = -1.89083
      pc13 = -0.0223736
      pc14 = -0.843141
      pc15 = -0.225366
      pc16 = -0.270873
      pc17 = -0.00586818
      pc18 = 0.177277
      pc19 = 0.0412713
      pc20 = 0.0436891
Constrained:
   Tgbecnw = 81483.1
     Tecnw = 26888.6
       Tnw = 20489.3
       Tec = 10596.8
     twoNb = 1.01807e+07
     twoNe = 9595.82
     twoNc = 7.40025e+06
     twoNn = 1.22224e+07
     twoNw = 5.29995e+08
    twoNec = 53691.5
    twoNnw = 16893
  twoNecnw = 59209.6
  twoNbecnw = 1838.01
  twoNgbecnw = 532845
         m = 0.0506865
        m2 = 0.0267028
        m3 = 0.187303
        m4 = 0.000667675
        m5 = 0.170774
        m6 = 0.0750753
        Tb = 18742.7
        Ta = 46971.4
        Tc = 10244.7
        Td = 5122.33
        Te = 2561.17
        Tf = 1280.58
#       SitePat  BranchLen
              b 114173.5978601
              e 42608.6522980
              c 44302.0434054
              n 40657.2778587
              w 42958.9910664
            b:e 1106.8919035
            b:c 1234.9396722
            b:n 883.5328933
            b:w 1008.0894510
            e:c 11430.5430885
            e:n 4635.5005996
            e:w 4011.1967313
            c:n 4320.5455332
            c:w 3494.9111254
            n:w 11711.7683939
          b:e:c 1235.7018891
          b:e:n 512.9197714
          b:e:w 540.1858101
          b:c:n 527.7913267
          b:c:w 532.8161277
          b:n:w 1283.8967552
          e:c:n 4518.0678436
          e:c:w 3550.4253084
          e:n:w 5303.2601586
          c:n:w 4514.1252949
        b:e:c:n 1112.4246891
        b:e:c:w 1071.4449086
        b:e:n:w 1864.6691475
        b:c:n:w 1656.1039264
        e:c:n:w 45243.1220503
