########################################
# legofit: estimate population history #
#       version 2.3.4-4-g53f8760       #
########################################

# Program was compiled: Sep 21 2021 14:36:42
# Program was run: Fri Oct 22 15:16:17 2021

# cmd: legofit -1 -d 0 -t 56 --ptsPerDim 3 --stateOut b1.state --tol 3e-6 -S 5000 abdefh2.lgo ../../chrX/pan_chrX.opf
# Stage nOptItr nSimReps
#     0    5000        0
# algorithm          : deterministic
# ignoring probs <=  : 0
# Branch length floor: 0
# DE strategy        : 2
#    F               : 0.3
#    CR              : 0.8
#    tolerance       : 3e-06
# nthreads           : 56
# lgo input file     : abdefh2.lgo
# site pat input file: ../../chrX/pan_chrX.opf
# free parameters    : 19
# points in DE swarm : 57
# output state file  : b1.state
# Including singleton site patterns.
# cost function      : KL
Initial parameter values
Fixed:
      zero = 0
       one = 1
    Tbecnw = 75200
Free:
       pc1 = 0
       pc2 = 0
       pc3 = 0
       pc4 = 0
       pc5 = 0
       pc6 = 0
       pc7 = 0
       pc8 = 0
       pc9 = 0
      pc10 = 0
      pc11 = 0
      pc12 = 0
      pc13 = 0
      pc14 = 0
      pc15 = 0
      pc16 = 0
      pc17 = 0
      pc18 = 0
      pc19 = 0
Constrained:
   Tgbecnw = 104421
     Tecnw = 28504.3
       Tnw = 12277.6
       Tec = 8170.81
     twoNb = 2.14501e+06
     twoNe = 7.58264e+06
     twoNc = 8.23721e+06
     twoNw = 1.75427e+06
    twoNec = 67566.7
    twoNnw = 65196.2
  twoNecnw = 55582
  twoNbecnw = 9397.13
  twoNgbecnw = 329766
         m = 0.0801606
        m2 = 0.0256207
        m4 = 0.00253513
        m5 = 0.127786
        m6 = 4.08172e-07
        m8 = 0.141122
        Th = 10224.2
        Tb = 19364.2
        Ta = 47282.1
        Td = 4085.41
        Te = 2042.7
        Tf = 1021.35
DiffEv reached_goal. cost=2.18313e-03 spread=2.95822e-06
Fitted parameter values
Free:
       pc1 = -3.98874
       pc2 = -0.20743
       pc3 = 3.78142
       pc4 = -0.862406
       pc5 = -1.62035
       pc6 = 0.424166
       pc7 = -0.730162
       pc8 = 1.93311
       pc9 = -0.584444
      pc10 = 1.90003
      pc11 = 0.481164
      pc12 = -0.497709
      pc13 = 0.286421
      pc14 = -0.298033
      pc15 = -0.032962
      pc16 = 0.0947215
      pc17 = 0.0236866
      pc18 = -0.0655058
      pc19 = 0.104802
Constrained:
   Tgbecnw = 80017.3
     Tecnw = 26061.8
       Tnw = 14228
       Tec = 2617.45
     twoNb = 1.88921e+06
     twoNe = 1.8566e+07
     twoNc = 3.10815e+07
     twoNw = 4.30199e+06
    twoNec = 100176
    twoNnw = 48172.8
  twoNecnw = 55758.6
  twoNbecnw = 1631.17
  twoNgbecnw = 364290
         m = 0.0706848
        m2 = 0.0233318
        m4 = 0.00153777
        m5 = 0.134509
        m6 = 1.05074e-06
        m8 = 0.0938077
        Th = 8422.72
        Tb = 17242.3
        Ta = 46221.1
        Td = 1308.73
        Te = 654.363
        Tf = 327.181
#       SitePat  BranchLen
              b 113535.1826727
              e 42289.5597003
              c 44125.8855291
              n 41484.8782820
              w 41460.6800497
            b:e 1173.1938612
            b:c 1317.8153304
            b:n 973.7066378
            b:w 972.6994670
            e:c 11278.2302616
            e:n 4376.6094070
            e:w 4395.4461841
            c:n 3901.1889078
            c:w 3901.1068237
            n:w 11573.7113806
          b:e:c 1206.9631238
          b:e:n 552.0030470
          b:e:w 552.6117406
          b:c:n 555.9295709
          b:c:w 555.2545772
          b:n:w 1235.5694985
          e:c:n 4008.3729770
          e:c:w 4013.8165163
          e:n:w 5460.0740958
          c:n:w 4673.5284508
        b:e:c:n 1073.0918950
        b:e:c:w 1074.1653660
        b:e:n:w 1816.6852923
        b:c:n:w 1585.4741170
        e:c:n:w 44909.5228276
