########################################
# legofit: estimate population history #
#       version 2.3.4-4-g53f8760       #
########################################

# Program was compiled: Sep 21 2021 14:36:42
# Program was run: Fri Oct 22 21:24:47 2021

# cmd: legofit -1 -d 0 -t 56 --ptsPerDim 3 --stateOut b1boot27.state --tol 3e-6 -S 5000 abdefh2.lgo ../../chrX/boot_chrX/boot27.opf
# Stage nOptItr nSimReps
#     0    5000        0
# algorithm          : deterministic
# ignoring probs <=  : 0
# Branch length floor: 0
# DE strategy        : 2
#    F               : 0.3
#    CR              : 0.8
#    tolerance       : 3e-06
# nthreads           : 56
# lgo input file     : abdefh2.lgo
# site pat input file: ../../chrX/boot_chrX/boot27.opf
# free parameters    : 19
# points in DE swarm : 57
# output state file  : b1boot27.state
# Including singleton site patterns.
# cost function      : KL
Initial parameter values
Fixed:
      zero = 0
       one = 1
    Tbecnw = 75200
Free:
       pc1 = 0
       pc2 = 0
       pc3 = 0
       pc4 = 0
       pc5 = 0
       pc6 = 0
       pc7 = 0
       pc8 = 0
       pc9 = 0
      pc10 = 0
      pc11 = 0
      pc12 = 0
      pc13 = 0
      pc14 = 0
      pc15 = 0
      pc16 = 0
      pc17 = 0
      pc18 = 0
      pc19 = 0
Constrained:
   Tgbecnw = 104421
     Tecnw = 28504.3
       Tnw = 12277.6
       Tec = 8170.81
     twoNb = 2.14501e+06
     twoNe = 7.58264e+06
     twoNc = 8.23721e+06
     twoNw = 1.75427e+06
    twoNec = 67566.7
    twoNnw = 65196.2
  twoNecnw = 55582
  twoNbecnw = 9397.13
  twoNgbecnw = 329766
         m = 0.0801606
        m2 = 0.0256207
        m4 = 0.00253513
        m5 = 0.127786
        m6 = 4.08172e-07
        m8 = 0.141122
        Th = 10224.2
        Tb = 19364.2
        Ta = 47282.1
        Td = 4085.41
        Te = 2042.7
        Tf = 1021.35
DiffEv reached_goal. cost=2.13805e-03 spread=2.86883e-06
Fitted parameter values
Free:
       pc1 = -3.85126
       pc2 = -2.0212
       pc3 = 2.59685
       pc4 = 0.532104
       pc5 = -1.90147
       pc6 = -0.693284
       pc7 = 0.573225
       pc8 = 1.48324
       pc9 = -0.890588
      pc10 = 1.36672
      pc11 = 0.842879
      pc12 = 0.508824
      pc13 = 0.459125
      pc14 = 0.415359
      pc15 = -0.190966
      pc16 = 0.156173
      pc17 = 0.0209473
      pc18 = 0.0550909
      pc19 = -0.0121404
Constrained:
   Tgbecnw = 77621.8
     Tecnw = 26167.7
       Tnw = 14889.6
       Tec = 3710.93
     twoNb = 3.96402e+06
     twoNe = 2.18722e+07
     twoNc = 2.53333e+07
     twoNw = 3.21208e+06
    twoNec = 87432.8
    twoNnw = 42071
  twoNecnw = 59806.4
  twoNbecnw = 794.902
  twoNgbecnw = 414366
         m = 0.0634875
        m2 = 0.0234467
        m4 = 0.00332734
        m5 = 0.115518
        m6 = 1.59825e-06
        m8 = 0.12751
        Th = 9300.28
        Tb = 17734
        Ta = 46467
        Td = 1855.47
        Te = 927.733
        Tf = 463.867
#       SitePat  BranchLen
              b 113586.7929512
              e 42711.7803525
              c 44462.9780885
              n 41673.6192549
              w 41640.7681830
            b:e 1224.7606007
            b:c 1370.2682832
            b:n 1021.1093684
            b:w 1019.6389628
            e:c 11658.8710553
            e:n 4371.2750455
            e:w 4394.8793585
            c:n 3937.8920587
            c:w 3939.4704804
            n:w 12010.2474789
          b:e:c 1306.1137983
          b:e:n 578.3683260
          b:e:w 579.1046941
          b:c:n 582.9332924
          b:c:w 582.0878376
          b:n:w 1339.8084070
          e:c:n 3960.0242777
          e:c:w 3967.6926148
          e:n:w 5483.4563031
          c:n:w 4735.9751866
        b:e:c:n 1139.6828767
        b:e:c:w 1141.2623691
        b:e:n:w 1950.8604396
        b:c:n:w 1682.8798703
        e:c:n:w 44637.5400488
