########################################
# legofit: estimate population history #
#       version 2.3.4-4-g53f8760       #
########################################

# Program was compiled: Sep 21 2021 14:36:42
# Program was run: Fri Oct 22 19:15:05 2021

# cmd: legofit -1 -d 0 -t 56 --ptsPerDim 3 --stateOut b1boot4.state --tol 3e-6 -S 5000 abdefh2.lgo ../../chrX/boot_chrX/boot4.opf
# Stage nOptItr nSimReps
#     0    5000        0
# algorithm          : deterministic
# ignoring probs <=  : 0
# Branch length floor: 0
# DE strategy        : 2
#    F               : 0.3
#    CR              : 0.8
#    tolerance       : 3e-06
# nthreads           : 56
# lgo input file     : abdefh2.lgo
# site pat input file: ../../chrX/boot_chrX/boot4.opf
# free parameters    : 19
# points in DE swarm : 57
# output state file  : b1boot4.state
# Including singleton site patterns.
# cost function      : KL
Initial parameter values
Fixed:
      zero = 0
       one = 1
    Tbecnw = 75200
Free:
       pc1 = 0
       pc2 = 0
       pc3 = 0
       pc4 = 0
       pc5 = 0
       pc6 = 0
       pc7 = 0
       pc8 = 0
       pc9 = 0
      pc10 = 0
      pc11 = 0
      pc12 = 0
      pc13 = 0
      pc14 = 0
      pc15 = 0
      pc16 = 0
      pc17 = 0
      pc18 = 0
      pc19 = 0
Constrained:
   Tgbecnw = 104421
     Tecnw = 28504.3
       Tnw = 12277.6
       Tec = 8170.81
     twoNb = 2.14501e+06
     twoNe = 7.58264e+06
     twoNc = 8.23721e+06
     twoNw = 1.75427e+06
    twoNec = 67566.7
    twoNnw = 65196.2
  twoNecnw = 55582
  twoNbecnw = 9397.13
  twoNgbecnw = 329766
         m = 0.0801606
        m2 = 0.0256207
        m4 = 0.00253513
        m5 = 0.127786
        m6 = 4.08172e-07
        m8 = 0.141122
        Th = 10224.2
        Tb = 19364.2
        Ta = 47282.1
        Td = 4085.41
        Te = 2042.7
        Tf = 1021.35
DiffEv reached_goal. cost=2.30900e-03 spread=2.97698e-06
Fitted parameter values
Free:
       pc1 = -3.85514
       pc2 = -0.664316
       pc3 = 2.36024
       pc4 = -1.26621
       pc5 = -1.29627
       pc6 = -1.70408
       pc7 = -0.753124
       pc8 = 1.80969
       pc9 = -1.23295
      pc10 = 1.89615
      pc11 = -1.2058
      pc12 = -1.05481
      pc13 = 0.164313
      pc14 = 0.166574
      pc15 = -0.212392
      pc16 = -0.044579
      pc17 = -0.0823885
      pc18 = -0.0720549
      pc19 = 0.0187097
Constrained:
   Tgbecnw = 81187
     Tecnw = 26755.7
       Tnw = 14868.7
       Tec = 4894.29
     twoNb = 1.66895e+06
     twoNe = 3.48676e+07
     twoNc = 3.02627e+07
     twoNw = 3.45063e+06
    twoNec = 83250.2
    twoNnw = 45620
  twoNecnw = 56286.9
  twoNbecnw = 2063.29
  twoNgbecnw = 351470
         m = 0.074321
        m2 = 0.0199163
        m4 = 0.00214833
        m5 = 0.145145
        m6 = 2.05247e-06
        m8 = 0.124946
        Th = 9881.51
        Tb = 18318.6
        Ta = 46759.3
        Td = 2447.14
        Te = 1223.57
        Tf = 611.786
#       SitePat  BranchLen
              b 114395.6202764
              e 42338.0781586
              c 44346.8599003
              n 41650.4204657
              w 41617.6868630
            b:e 1187.3375169
            b:c 1352.7799468
            b:n 1006.5550470
            b:w 1005.1251415
            e:c 11310.7321877
            e:n 4433.6507064
            e:w 4458.8817323
            c:n 3920.6689328
            c:w 3920.6274992
            n:w 11614.9930065
          b:e:c 1252.4755851
          b:e:n 568.1892906
          b:e:w 569.0329834
          b:c:n 572.8117494
          b:c:w 571.8746991
          b:n:w 1276.4020330
          e:c:n 4033.1782457
          e:c:w 4040.7222562
          e:n:w 5558.4134667
          c:n:w 4684.7039005
        b:e:c:n 1107.8250998
        b:e:c:w 1109.3483629
        b:e:n:w 1796.7965285
        b:c:n:w 1540.0537305
        e:c:n:w 45547.5659635
