########################################
# legofit: estimate population history #
#       version 2.3.4-4-g53f8760       #
########################################

# Program was compiled: Sep 21 2021 14:36:42
# Program was run: Fri Oct 22 22:52:23 2021

# cmd: legofit -1 -d 0 -t 56 --ptsPerDim 3 --stateOut b1boot38.state --tol 3e-6 -S 5000 abdefh2.lgo ../../chrX/boot_chrX/boot38.opf
# Stage nOptItr nSimReps
#     0    5000        0
# algorithm          : deterministic
# ignoring probs <=  : 0
# Branch length floor: 0
# DE strategy        : 2
#    F               : 0.3
#    CR              : 0.8
#    tolerance       : 3e-06
# nthreads           : 56
# lgo input file     : abdefh2.lgo
# site pat input file: ../../chrX/boot_chrX/boot38.opf
# free parameters    : 19
# points in DE swarm : 57
# output state file  : b1boot38.state
# Including singleton site patterns.
# cost function      : KL
Initial parameter values
Fixed:
      zero = 0
       one = 1
    Tbecnw = 75200
Free:
       pc1 = 0
       pc2 = 0
       pc3 = 0
       pc4 = 0
       pc5 = 0
       pc6 = 0
       pc7 = 0
       pc8 = 0
       pc9 = 0
      pc10 = 0
      pc11 = 0
      pc12 = 0
      pc13 = 0
      pc14 = 0
      pc15 = 0
      pc16 = 0
      pc17 = 0
      pc18 = 0
      pc19 = 0
Constrained:
   Tgbecnw = 104421
     Tecnw = 28504.3
       Tnw = 12277.6
       Tec = 8170.81
     twoNb = 2.14501e+06
     twoNe = 7.58264e+06
     twoNc = 8.23721e+06
     twoNw = 1.75427e+06
    twoNec = 67566.7
    twoNnw = 65196.2
  twoNecnw = 55582
  twoNbecnw = 9397.13
  twoNgbecnw = 329766
         m = 0.0801606
        m2 = 0.0256207
        m4 = 0.00253513
        m5 = 0.127786
        m6 = 4.08172e-07
        m8 = 0.141122
        Th = 10224.2
        Tb = 19364.2
        Ta = 47282.1
        Td = 4085.41
        Te = 2042.7
        Tf = 1021.35
DiffEv reached_goal. cost=2.33203e-03 spread=2.73866e-06
Fitted parameter values
Free:
       pc1 = -3.94842
       pc2 = -1.28993
       pc3 = 3.07608
       pc4 = -0.388825
       pc5 = -1.90001
       pc6 = 1.21625
       pc7 = -0.196667
       pc8 = 1.89409
       pc9 = -1.03186
      pc10 = 1.60947
      pc11 = -0.10778
      pc12 = -0.663948
      pc13 = 0.864646
      pc14 = -0.184145
      pc15 = -0.247162
      pc16 = -0.096986
      pc17 = 0.0737967
      pc18 = -0.08946
      pc19 = 0.110879
Constrained:
   Tgbecnw = 77026.9
     Tecnw = 25648.8
       Tnw = 14269.7
       Tec = 4285.3
     twoNb = 5.24782e+06
     twoNe = 9.13544e+06
     twoNc = 3.41869e+07
     twoNw = 3.86399e+06
    twoNec = 92821.5
    twoNnw = 48092.9
  twoNecnw = 54751.2
  twoNbecnw = 609.048
  twoNgbecnw = 392187
         m = 0.0672823
        m2 = 0.0235037
        m4 = 0.00227893
        m5 = 0.133156
        m6 = 1.4432e-06
        m8 = 0.0961966
        Th = 9277.49
        Tb = 17463.2
        Ta = 46331.6
        Td = 2142.65
        Te = 1071.32
        Tf = 535.662
#       SitePat  BranchLen
              b 113793.8067195
              e 42043.0966952
              c 43836.4547265
              n 41144.0057745
              w 41119.2073786
            b:e 1135.7347981
            b:c 1274.1376785
            b:n 956.1136838
            b:w 955.0838684
            e:c 10897.3535961
            e:n 4376.2825402
            e:w 4395.9153623
            c:n 3920.8036359
            c:w 3920.3237493
            n:w 11260.7097125
          b:e:c 1163.1529381
          b:e:n 544.6487758
          b:e:w 545.2941673
          b:c:n 548.5425747
          b:c:w 547.8299179
          b:n:w 1196.3038956
          e:c:n 4014.6042459
          e:c:w 4020.2497063
          e:n:w 5406.4412183
          c:n:w 4648.4174938
        b:e:c:n 1052.7462209
        b:e:c:w 1053.8433016
        b:e:n:w 1828.8401210
        b:c:n:w 1579.7438785
        e:c:n:w 45697.6189466
