########################################
# legofit: estimate population history #
#       version 2.3.4-4-g53f8760       #
########################################

# Program was compiled: Sep 21 2021 14:36:42
# Program was run: Fri Oct 22 22:09:41 2021

# cmd: legofit -1 -d 0 -t 56 --ptsPerDim 3 --stateOut b1boot33.state --tol 3e-6 -S 5000 abdefh2.lgo ../../chrX/boot_chrX/boot33.opf
# Stage nOptItr nSimReps
#     0    5000        0
# algorithm          : deterministic
# ignoring probs <=  : 0
# Branch length floor: 0
# DE strategy        : 2
#    F               : 0.3
#    CR              : 0.8
#    tolerance       : 3e-06
# nthreads           : 56
# lgo input file     : abdefh2.lgo
# site pat input file: ../../chrX/boot_chrX/boot33.opf
# free parameters    : 19
# points in DE swarm : 57
# output state file  : b1boot33.state
# Including singleton site patterns.
# cost function      : KL
Initial parameter values
Fixed:
      zero = 0
       one = 1
    Tbecnw = 75200
Free:
       pc1 = 0
       pc2 = 0
       pc3 = 0
       pc4 = 0
       pc5 = 0
       pc6 = 0
       pc7 = 0
       pc8 = 0
       pc9 = 0
      pc10 = 0
      pc11 = 0
      pc12 = 0
      pc13 = 0
      pc14 = 0
      pc15 = 0
      pc16 = 0
      pc17 = 0
      pc18 = 0
      pc19 = 0
Constrained:
   Tgbecnw = 104421
     Tecnw = 28504.3
       Tnw = 12277.6
       Tec = 8170.81
     twoNb = 2.14501e+06
     twoNe = 7.58264e+06
     twoNc = 8.23721e+06
     twoNw = 1.75427e+06
    twoNec = 67566.7
    twoNnw = 65196.2
  twoNecnw = 55582
  twoNbecnw = 9397.13
  twoNgbecnw = 329766
         m = 0.0801606
        m2 = 0.0256207
        m4 = 0.00253513
        m5 = 0.127786
        m6 = 4.08172e-07
        m8 = 0.141122
        Th = 10224.2
        Tb = 19364.2
        Ta = 47282.1
        Td = 4085.41
        Te = 2042.7
        Tf = 1021.35
DiffEv reached_goal. cost=2.19424e-03 spread=1.52773e-06
Fitted parameter values
Free:
       pc1 = -3.96838
       pc2 = -1.27354
       pc3 = 1.84403
       pc4 = -0.658408
       pc5 = -1.98951
       pc6 = 0.697098
       pc7 = -0.753032
       pc8 = 1.61696
       pc9 = 0.0415453
      pc10 = 1.00916
      pc11 = 1.17887
      pc12 = -1.07379
      pc13 = -0.358358
      pc14 = -0.433008
      pc15 = -0.313515
      pc16 = 0.192384
      pc17 = -0.0183797
      pc18 = 0.0442074
      pc19 = 0.0173756
Constrained:
   Tgbecnw = 81499.4
     Tecnw = 26075.1
       Tnw = 15566
       Tec = 6115.39
     twoNb = 2.73368e+06
     twoNe = 1.25634e+07
     twoNc = 2.15027e+07
     twoNw = 4.23814e+06
    twoNec = 80309.6
    twoNnw = 39992.7
  twoNecnw = 56363.8
  twoNbecnw = 2062.95
  twoNgbecnw = 401556
         m = 0.0669585
        m2 = 0.0232568
        m4 = 0.000144074
        m5 = 0.125762
        m6 = 8.50555e-07
        m8 = 0.100103
        Th = 10840.7
        Tb = 18457.9
        Ta = 46828.9
        Td = 3057.7
        Te = 1528.85
        Tf = 764.424
#       SitePat  BranchLen
              b 115101.4437049
              e 42517.1491670
              c 44222.1097391
              n 41424.7088395
              w 41402.6436573
            b:e 1185.6412256
            b:c 1314.7202857
            b:n 982.9662351
            b:w 982.0074438
            e:c 11376.7581260
            e:n 4289.2087645
            e:w 4306.7709378
            c:n 3851.8455368
            c:w 3851.2468675
            n:w 11821.9793974
          b:e:c 1253.1438901
          b:e:n 550.0875946
          b:e:w 550.6929330
          b:c:n 553.5894776
          b:c:w 552.9214042
          b:n:w 1288.9932832
          e:c:n 4010.3519875
          e:c:w 4015.4536657
          e:n:w 5492.5080155
          c:n:w 4737.8789560
        b:e:c:n 1082.3682134
        b:e:c:w 1083.3897397
        b:e:n:w 1819.2916831
        b:c:n:w 1627.0380419
        e:c:n:w 46395.4792935
