########################################
# legofit: estimate population history #
#       version 2.3.4-4-g53f8760       #
########################################

# Program was compiled: Sep 21 2021 14:36:42
# Program was run: Fri Oct 22 20:24:36 2021

# cmd: legofit -1 -d 0 -t 56 --ptsPerDim 3 --stateOut b1boot10.state --tol 3e-6 -S 5000 abdefh2.lgo ../../chrX/boot_chrX/boot10.opf
# Stage nOptItr nSimReps
#     0    5000        0
# algorithm          : deterministic
# ignoring probs <=  : 0
# Branch length floor: 0
# DE strategy        : 2
#    F               : 0.3
#    CR              : 0.8
#    tolerance       : 3e-06
# nthreads           : 56
# lgo input file     : abdefh2.lgo
# site pat input file: ../../chrX/boot_chrX/boot10.opf
# free parameters    : 19
# points in DE swarm : 57
# output state file  : b1boot10.state
# Including singleton site patterns.
# cost function      : KL
Initial parameter values
Fixed:
      zero = 0
       one = 1
    Tbecnw = 75200
Free:
       pc1 = 0
       pc2 = 0
       pc3 = 0
       pc4 = 0
       pc5 = 0
       pc6 = 0
       pc7 = 0
       pc8 = 0
       pc9 = 0
      pc10 = 0
      pc11 = 0
      pc12 = 0
      pc13 = 0
      pc14 = 0
      pc15 = 0
      pc16 = 0
      pc17 = 0
      pc18 = 0
      pc19 = 0
Constrained:
   Tgbecnw = 104421
     Tecnw = 28504.3
       Tnw = 12277.6
       Tec = 8170.81
     twoNb = 2.14501e+06
     twoNe = 7.58264e+06
     twoNc = 8.23721e+06
     twoNw = 1.75427e+06
    twoNec = 67566.7
    twoNnw = 65196.2
  twoNecnw = 55582
  twoNbecnw = 9397.13
  twoNgbecnw = 329766
         m = 0.0801606
        m2 = 0.0256207
        m4 = 0.00253513
        m5 = 0.127786
        m6 = 4.08172e-07
        m8 = 0.141122
        Th = 10224.2
        Tb = 19364.2
        Ta = 47282.1
        Td = 4085.41
        Te = 2042.7
        Tf = 1021.35
DiffEv reached_goal. cost=2.09493e-03 spread=2.41040e-06
Fitted parameter values
Free:
       pc1 = -3.8794
       pc2 = -0.777827
       pc3 = 2.93341
       pc4 = 0.851481
       pc5 = -0.585573
       pc6 = 0.511333
       pc7 = -1.36364
       pc8 = 1.23325
       pc9 = -0.62108
      pc10 = 0.612058
      pc11 = -1.03477
      pc12 = -1.49123
      pc13 = 0.858473
      pc14 = 0.0481688
      pc15 = -0.0674247
      pc16 = 0.19651
      pc17 = 0.0406454
      pc18 = -0.0523232
      pc19 = 0.0573988
Constrained:
   Tgbecnw = 80459.8
     Tecnw = 25315.3
       Tnw = 12737
       Tec = 5686.02
     twoNb = 1.24576e+06
     twoNe = 6.74748e+06
     twoNc = 2.16154e+07
     twoNw = 3.08124e+06
    twoNec = 85081.8
    twoNnw = 56199.8
  twoNecnw = 56296
  twoNbecnw = 1830.48
  twoNgbecnw = 346993
         m = 0.0726885
        m2 = 0.0209891
        m4 = 0.00269179
        m5 = 0.135995
        m6 = 2.0938e-06
        m8 = 0.0643046
        Th = 9211.48
        Tb = 17263.4
        Ta = 46231.7
        Td = 2843.01
        Te = 1421.5
        Tf = 710.752
#       SitePat  BranchLen
              b 113457.3683225
              e 42211.8537262
              c 44081.6142349
              n 41613.3352873
              w 41589.2113059
            b:e 1201.3522639
            b:c 1360.1939776
            b:n 1029.8589302
            b:w 1028.8384025
            e:c 11237.4224964
            e:n 4437.9597406
            e:w 4458.9155094
            c:n 3949.9196870
            c:w 3947.8222110
            n:w 11599.3214037
          b:e:c 1248.1090067
          b:e:n 575.5558554
          b:e:w 576.3328747
          b:c:n 580.0545362
          b:c:w 579.2090235
          b:n:w 1268.6620643
          e:c:n 4169.1603753
          e:c:w 4174.4260638
          e:n:w 5413.9096778
          c:n:w 4630.0665681
        b:e:c:n 1134.6432773
        b:e:c:w 1135.7322984
        b:e:n:w 1825.9264695
        b:c:n:w 1572.9258519
        e:c:n:w 44773.4636218
