########################################
# legofit: estimate population history #
#       version 2.3.4-4-g53f8760       #
########################################

# Program was compiled: Sep 21 2021 14:36:42
# Program was run: Fri Oct 22 21:24:49 2021

# cmd: legofit -1 -d 0 -t 56 --ptsPerDim 3 --stateOut b1boot26.state --tol 3e-6 -S 5000 abdefh2.lgo ../../chrX/boot_chrX/boot26.opf
# Stage nOptItr nSimReps
#     0    5000        0
# algorithm          : deterministic
# ignoring probs <=  : 0
# Branch length floor: 0
# DE strategy        : 2
#    F               : 0.3
#    CR              : 0.8
#    tolerance       : 3e-06
# nthreads           : 56
# lgo input file     : abdefh2.lgo
# site pat input file: ../../chrX/boot_chrX/boot26.opf
# free parameters    : 19
# points in DE swarm : 57
# output state file  : b1boot26.state
# Including singleton site patterns.
# cost function      : KL
Initial parameter values
Fixed:
      zero = 0
       one = 1
    Tbecnw = 75200
Free:
       pc1 = 0
       pc2 = 0
       pc3 = 0
       pc4 = 0
       pc5 = 0
       pc6 = 0
       pc7 = 0
       pc8 = 0
       pc9 = 0
      pc10 = 0
      pc11 = 0
      pc12 = 0
      pc13 = 0
      pc14 = 0
      pc15 = 0
      pc16 = 0
      pc17 = 0
      pc18 = 0
      pc19 = 0
Constrained:
   Tgbecnw = 104421
     Tecnw = 28504.3
       Tnw = 12277.6
       Tec = 8170.81
     twoNb = 2.14501e+06
     twoNe = 7.58264e+06
     twoNc = 8.23721e+06
     twoNw = 1.75427e+06
    twoNec = 67566.7
    twoNnw = 65196.2
  twoNecnw = 55582
  twoNbecnw = 9397.13
  twoNgbecnw = 329766
         m = 0.0801606
        m2 = 0.0256207
        m4 = 0.00253513
        m5 = 0.127786
        m6 = 4.08172e-07
        m8 = 0.141122
        Th = 10224.2
        Tb = 19364.2
        Ta = 47282.1
        Td = 4085.41
        Te = 2042.7
        Tf = 1021.35
DiffEv reached_goal. cost=2.16966e-03 spread=1.74948e-06
Fitted parameter values
Free:
       pc1 = -3.82915
       pc2 = -0.236042
       pc3 = 3.61917
       pc4 = 0.631327
       pc5 = -1.87693
       pc6 = 0.351239
       pc7 = -0.667861
       pc8 = 1.88604
       pc9 = -0.650951
      pc10 = 1.422
      pc11 = 0.86276
      pc12 = -0.0488219
      pc13 = 0.147618
      pc14 = -0.477468
      pc15 = 0.135234
      pc16 = -0.0119173
      pc17 = 0.0129327
      pc18 = -0.083989
      pc19 = 0.129511
Constrained:
   Tgbecnw = 80896.5
     Tecnw = 25825.7
       Tnw = 14204.5
       Tec = 2677.36
     twoNb = 1.26644e+06
     twoNe = 1.07189e+07
     twoNc = 2.39178e+07
     twoNw = 4.27254e+06
    twoNec = 101048
    twoNnw = 47985.9
  twoNecnw = 56545
  twoNbecnw = 1972.31
  twoNgbecnw = 352160
         m = 0.0705567
        m2 = 0.0237347
        m4 = 0.00227328
        m5 = 0.122004
        m6 = 1.4882e-06
        m8 = 0.100563
        Th = 8440.92
        Tb = 17133.3
        Ta = 46166.7
        Td = 1338.68
        Te = 669.339
        Tf = 334.669
#       SitePat  BranchLen
              b 113183.4483278
              e 42508.5009366
              c 44197.1208627
              n 41593.7855798
              w 41570.3073975
            b:e 1246.4801425
            b:c 1393.6031529
            b:n 1021.8345060
            b:w 1020.8066177
            e:c 11287.2081227
            e:n 4428.7851540
            e:w 4446.4781411
            c:n 3995.8363004
            c:w 3996.2185386
            n:w 11627.2029253
          b:e:c 1261.1273722
          b:e:n 582.1742450
          b:e:w 582.7532938
          b:c:n 586.1992922
          b:c:w 585.5517191
          b:n:w 1283.4070929
          e:c:n 4073.9200445
          e:c:w 4079.3230014
          e:n:w 5513.5615886
          c:n:w 4786.5157531
        b:e:c:n 1128.0993167
        b:e:c:w 1129.1957293
        b:e:n:w 1878.5975236
        b:c:n:w 1646.2853829
        e:c:n:w 44383.3592037
