########################################
# legofit: estimate population history #
#       version 2.3.4-4-g53f8760       #
########################################

# Program was compiled: Sep 21 2021 14:36:42
# Program was run: Fri Oct 22 21:15:12 2021

# cmd: legofit -1 -d 0 -t 56 --ptsPerDim 3 --stateOut b1boot20.state --tol 3e-6 -S 5000 abdefh2.lgo ../../chrX/boot_chrX/boot20.opf
# Stage nOptItr nSimReps
#     0    5000        0
# algorithm          : deterministic
# ignoring probs <=  : 0
# Branch length floor: 0
# DE strategy        : 2
#    F               : 0.3
#    CR              : 0.8
#    tolerance       : 3e-06
# nthreads           : 56
# lgo input file     : abdefh2.lgo
# site pat input file: ../../chrX/boot_chrX/boot20.opf
# free parameters    : 19
# points in DE swarm : 57
# output state file  : b1boot20.state
# Including singleton site patterns.
# cost function      : KL
Initial parameter values
Fixed:
      zero = 0
       one = 1
    Tbecnw = 75200
Free:
       pc1 = 0
       pc2 = 0
       pc3 = 0
       pc4 = 0
       pc5 = 0
       pc6 = 0
       pc7 = 0
       pc8 = 0
       pc9 = 0
      pc10 = 0
      pc11 = 0
      pc12 = 0
      pc13 = 0
      pc14 = 0
      pc15 = 0
      pc16 = 0
      pc17 = 0
      pc18 = 0
      pc19 = 0
Constrained:
   Tgbecnw = 104421
     Tecnw = 28504.3
       Tnw = 12277.6
       Tec = 8170.81
     twoNb = 2.14501e+06
     twoNe = 7.58264e+06
     twoNc = 8.23721e+06
     twoNw = 1.75427e+06
    twoNec = 67566.7
    twoNnw = 65196.2
  twoNecnw = 55582
  twoNbecnw = 9397.13
  twoNgbecnw = 329766
         m = 0.0801606
        m2 = 0.0256207
        m4 = 0.00253513
        m5 = 0.127786
        m6 = 4.08172e-07
        m8 = 0.141122
        Th = 10224.2
        Tb = 19364.2
        Ta = 47282.1
        Td = 4085.41
        Te = 2042.7
        Tf = 1021.35
DiffEv reached_goal. cost=2.17900e-03 spread=2.91239e-06
Fitted parameter values
Free:
       pc1 = -3.9674
       pc2 = -0.558065
       pc3 = 3.94541
       pc4 = -0.251304
       pc5 = -1.95924
       pc6 = 0.886244
       pc7 = -0.318755
       pc8 = 1.87732
       pc9 = -1.37937
      pc10 = 0.632321
      pc11 = 0.123209
      pc12 = 0.0898394
      pc13 = 0.361569
      pc14 = -0.340984
      pc15 = -0.168835
      pc16 = -0.102294
      pc17 = 0.130605
      pc18 = -0.095441
      pc19 = 0.0691092
Constrained:
   Tgbecnw = 81657.6
     Tecnw = 25997.6
       Tnw = 14805.3
       Tec = 2259.07
     twoNb = 2.73759e+06
     twoNe = 4.66788e+06
     twoNc = 3.33833e+07
     twoNw = 3.61297e+06
    twoNec = 105165
    twoNnw = 44624
  twoNecnw = 56294.3
  twoNbecnw = 2131.36
  twoNgbecnw = 384906
         m = 0.0666169
        m2 = 0.0238282
        m4 = 0.00174019
        m5 = 0.130371
        m6 = 1.81972e-06
        m8 = 0.0997809
        Th = 8532.16
        Tb = 17264.9
        Ta = 46232.4
        Td = 1129.54
        Te = 564.768
        Tf = 282.384
#       SitePat  BranchLen
              b 113670.7628123
              e 42540.8248045
              c 44350.0558870
              n 41464.4917926
              w 41434.1682340
            b:e 1179.8903421
            b:c 1321.3838967
            b:n 969.0590498
            b:w 967.7835009
            e:c 11167.9354277
            e:n 4396.8061508
            e:w 4419.8526756
            c:n 3937.0915754
            c:w 3937.4343543
            n:w 11602.1863300
          b:e:c 1203.9458220
          b:e:n 554.9436795
          b:e:w 555.6748386
          b:c:n 558.9194904
          b:c:w 558.1051700
          b:n:w 1233.8913047
          e:c:n 3981.2446377
          e:c:w 3988.1788926
          e:n:w 5525.1052747
          c:n:w 4745.3492807
        b:e:c:n 1067.4483117
        b:e:c:w 1068.8070220
        b:e:n:w 1849.3629934
        b:c:n:w 1614.1210849
        e:c:n:w 44874.0785359
