########################################
# legofit: estimate population history #
#       version 2.3.4-4-g53f8760       #
########################################

# Program was compiled: Sep 21 2021 14:36:42
# Program was run: Sat Oct 23 05:56:42 2021

# cmd: legofit -1 -d 0 -t 56 --ptsPerDim 3 --stateOut b1boot49.state --tol 3e-6 -S 5000 abdefh2.lgo ../../chrX/boot_chrX/boot49.opf
# Stage nOptItr nSimReps
#     0    5000        0
# algorithm          : deterministic
# ignoring probs <=  : 0
# Branch length floor: 0
# DE strategy        : 2
#    F               : 0.3
#    CR              : 0.8
#    tolerance       : 3e-06
# nthreads           : 56
# lgo input file     : abdefh2.lgo
# site pat input file: ../../chrX/boot_chrX/boot49.opf
# free parameters    : 19
# points in DE swarm : 57
# output state file  : b1boot49.state
# Including singleton site patterns.
# cost function      : KL
Initial parameter values
Fixed:
      zero = 0
       one = 1
    Tbecnw = 75200
Free:
       pc1 = 0
       pc2 = 0
       pc3 = 0
       pc4 = 0
       pc5 = 0
       pc6 = 0
       pc7 = 0
       pc8 = 0
       pc9 = 0
      pc10 = 0
      pc11 = 0
      pc12 = 0
      pc13 = 0
      pc14 = 0
      pc15 = 0
      pc16 = 0
      pc17 = 0
      pc18 = 0
      pc19 = 0
Constrained:
   Tgbecnw = 104421
     Tecnw = 28504.3
       Tnw = 12277.6
       Tec = 8170.81
     twoNb = 2.14501e+06
     twoNe = 7.58264e+06
     twoNc = 8.23721e+06
     twoNw = 1.75427e+06
    twoNec = 67566.7
    twoNnw = 65196.2
  twoNecnw = 55582
  twoNbecnw = 9397.13
  twoNgbecnw = 329766
         m = 0.0801606
        m2 = 0.0256207
        m4 = 0.00253513
        m5 = 0.127786
        m6 = 4.08172e-07
        m8 = 0.141122
        Th = 10224.2
        Tb = 19364.2
        Ta = 47282.1
        Td = 4085.41
        Te = 2042.7
        Tf = 1021.35
DiffEv reached_goal. cost=2.14611e-03 spread=2.25119e-06
Fitted parameter values
Free:
       pc1 = -3.95374
       pc2 = -0.725078
       pc3 = 2.64787
       pc4 = -1.63462
       pc5 = -1.6095
       pc6 = 1.35152
       pc7 = -2.1257
       pc8 = 1.73388
       pc9 = -1.08808
      pc10 = 1.61164
      pc11 = 0.0197605
      pc12 = -0.793061
      pc13 = 0.965645
      pc14 = -0.401698
      pc15 = 0.130814
      pc16 = 0.0211918
      pc17 = 0.12368
      pc18 = -0.080133
      pc19 = 0.0948147
Constrained:
   Tgbecnw = 78875.4
     Tecnw = 25461.3
       Tnw = 14514.8
       Tec = 5476.2
     twoNb = 1.41722e+06
     twoNe = 9.96346e+06
     twoNc = 3.77519e+07
     twoNw = 4.33633e+06
    twoNec = 85939.6
    twoNnw = 48218.5
  twoNecnw = 55808.3
  twoNbecnw = 1259.62
  twoNgbecnw = 366661
         m = 0.0690016
        m2 = 0.0260464
        m4 = 0.00106908
        m5 = 0.147374
        m6 = 1.24323e-06
        m8 = 0.0884146
        Th = 9995.49
        Tb = 17728.4
        Ta = 46464.2
        Td = 2738.1
        Te = 1369.05
        Tf = 684.525
#       SitePat  BranchLen
              b 113240.5917390
              e 42291.8597924
              c 44177.9660264
              n 41564.1565457
              w 41541.5490284
            b:e 1210.6799981
            b:c 1364.4183642
            b:n 1009.4864693
            b:w 1008.5086534
            e:c 10923.3640721
            e:n 4475.8655203
            e:w 4494.6204876
            c:n 3984.5163275
            c:w 3983.2305308
            n:w 11236.1428424
          b:e:c 1218.6556610
          b:e:n 575.1807444
          b:e:w 575.8569206
          b:c:n 579.5031577
          b:c:w 578.7609632
          b:n:w 1247.3607370
          e:c:n 4104.3546966
          e:c:w 4109.4930432
          e:n:w 5479.2802926
          c:n:w 4675.1241435
        b:e:c:n 1114.4285286
        b:e:c:w 1115.4723628
        b:e:n:w 1883.8879896
        b:c:n:w 1643.7122113
        e:c:n:w 44793.5044918
