########################################
# legofit: estimate population history #
#       version 2.3.4-4-g53f8760       #
########################################

# Program was compiled: Sep 21 2021 14:36:42
# Program was run: Fri Oct 22 20:43:33 2021

# cmd: legofit -1 -d 0 -t 56 --ptsPerDim 3 --stateOut b1boot13.state --tol 3e-6 -S 5000 abdefh2.lgo ../../chrX/boot_chrX/boot13.opf
# Stage nOptItr nSimReps
#     0    5000        0
# algorithm          : deterministic
# ignoring probs <=  : 0
# Branch length floor: 0
# DE strategy        : 2
#    F               : 0.3
#    CR              : 0.8
#    tolerance       : 3e-06
# nthreads           : 56
# lgo input file     : abdefh2.lgo
# site pat input file: ../../chrX/boot_chrX/boot13.opf
# free parameters    : 19
# points in DE swarm : 57
# output state file  : b1boot13.state
# Including singleton site patterns.
# cost function      : KL
Initial parameter values
Fixed:
      zero = 0
       one = 1
    Tbecnw = 75200
Free:
       pc1 = 0
       pc2 = 0
       pc3 = 0
       pc4 = 0
       pc5 = 0
       pc6 = 0
       pc7 = 0
       pc8 = 0
       pc9 = 0
      pc10 = 0
      pc11 = 0
      pc12 = 0
      pc13 = 0
      pc14 = 0
      pc15 = 0
      pc16 = 0
      pc17 = 0
      pc18 = 0
      pc19 = 0
Constrained:
   Tgbecnw = 104421
     Tecnw = 28504.3
       Tnw = 12277.6
       Tec = 8170.81
     twoNb = 2.14501e+06
     twoNe = 7.58264e+06
     twoNc = 8.23721e+06
     twoNw = 1.75427e+06
    twoNec = 67566.7
    twoNnw = 65196.2
  twoNecnw = 55582
  twoNbecnw = 9397.13
  twoNgbecnw = 329766
         m = 0.0801606
        m2 = 0.0256207
        m4 = 0.00253513
        m5 = 0.127786
        m6 = 4.08172e-07
        m8 = 0.141122
        Th = 10224.2
        Tb = 19364.2
        Ta = 47282.1
        Td = 4085.41
        Te = 2042.7
        Tf = 1021.35
DiffEv reached_goal. cost=2.27008e-03 spread=2.45491e-06
Fitted parameter values
Free:
       pc1 = -3.93528
       pc2 = -0.643692
       pc3 = 3.51065
       pc4 = -1.51415
       pc5 = -1.25929
       pc6 = 0.419181
       pc7 = -1.1537
       pc8 = 1.99118
       pc9 = -0.822251
      pc10 = 1.37267
      pc11 = -0.919839
      pc12 = -0.450726
      pc13 = 0.959418
      pc14 = -0.50611
      pc15 = -0.210015
      pc16 = 0.198725
      pc17 = 0.0092657
      pc18 = -0.00918069
      pc19 = 0.0126003
Constrained:
   Tgbecnw = 78584.4
     Tecnw = 26132.9
       Tnw = 14911.6
       Tec = 3256.8
     twoNb = 2.34603e+06
     twoNe = 1.65137e+07
     twoNc = 3.12026e+07
     twoNw = 3.55906e+06
    twoNec = 94819
    twoNnw = 45255.1
  twoNecnw = 54940
  twoNbecnw = 1157.03
  twoNgbecnw = 366758
         m = 0.0689573
        m2 = 0.0238772
        m4 = 0.00186389
        m5 = 0.149605
        m6 = 1.53175e-06
        m8 = 0.0884913
        Th = 9084.18
        Tb = 17608.5
        Ta = 46404.3
        Td = 1628.4
        Te = 814.199
        Tf = 407.1
#       SitePat  BranchLen
              b 113167.5785917
              e 42053.7006347
              c 44107.1057897
              n 41427.4559573
              w 41396.2506096
            b:e 1169.3662976
            b:c 1333.8781302
            b:n 981.3513397
            b:w 980.0315337
            e:c 11272.9247693
            e:n 4360.6697628
            e:w 4385.8580046
            c:n 3838.2633890
            c:w 3837.2693143
            n:w 11489.5776150
          b:e:c 1221.4254780
          b:e:n 553.7514345
          b:e:w 554.6125582
          b:c:n 558.4032004
          b:c:w 557.4550355
          b:n:w 1252.2512186
          e:c:n 4009.1350841
          e:c:w 4016.1462646
          e:n:w 5512.9812185
          c:n:w 4624.6315773
        b:e:c:n 1080.5952610
        b:e:c:w 1082.0021081
        b:e:n:w 1850.1684559
        b:c:n:w 1584.1019065
        e:c:n:w 44803.6353152
