########################################
# legofit: estimate population history #
#       version 2.3.4-4-g53f8760       #
########################################

# Program was compiled: Sep 21 2021 14:36:42
# Program was run: Fri Oct 22 21:15:11 2021

# cmd: legofit -1 -d 0 -t 56 --ptsPerDim 3 --stateOut b1boot21.state --tol 3e-6 -S 5000 abdefh2.lgo ../../chrX/boot_chrX/boot21.opf
# Stage nOptItr nSimReps
#     0    5000        0
# algorithm          : deterministic
# ignoring probs <=  : 0
# Branch length floor: 0
# DE strategy        : 2
#    F               : 0.3
#    CR              : 0.8
#    tolerance       : 3e-06
# nthreads           : 56
# lgo input file     : abdefh2.lgo
# site pat input file: ../../chrX/boot_chrX/boot21.opf
# free parameters    : 19
# points in DE swarm : 57
# output state file  : b1boot21.state
# Including singleton site patterns.
# cost function      : KL
Initial parameter values
Fixed:
      zero = 0
       one = 1
    Tbecnw = 75200
Free:
       pc1 = 0
       pc2 = 0
       pc3 = 0
       pc4 = 0
       pc5 = 0
       pc6 = 0
       pc7 = 0
       pc8 = 0
       pc9 = 0
      pc10 = 0
      pc11 = 0
      pc12 = 0
      pc13 = 0
      pc14 = 0
      pc15 = 0
      pc16 = 0
      pc17 = 0
      pc18 = 0
      pc19 = 0
Constrained:
   Tgbecnw = 104421
     Tecnw = 28504.3
       Tnw = 12277.6
       Tec = 8170.81
     twoNb = 2.14501e+06
     twoNe = 7.58264e+06
     twoNc = 8.23721e+06
     twoNw = 1.75427e+06
    twoNec = 67566.7
    twoNnw = 65196.2
  twoNecnw = 55582
  twoNbecnw = 9397.13
  twoNgbecnw = 329766
         m = 0.0801606
        m2 = 0.0256207
        m4 = 0.00253513
        m5 = 0.127786
        m6 = 4.08172e-07
        m8 = 0.141122
        Th = 10224.2
        Tb = 19364.2
        Ta = 47282.1
        Td = 4085.41
        Te = 2042.7
        Tf = 1021.35
DiffEv reached_goal. cost=2.30777e-03 spread=2.96091e-06
Fitted parameter values
Free:
       pc1 = -3.9938
       pc2 = -0.875164
       pc3 = 3.13113
       pc4 = -0.54403
       pc5 = -1.79902
       pc6 = -0.195102
       pc7 = -0.648925
       pc8 = 1.90163
       pc9 = -0.0805279
      pc10 = 1.92995
      pc11 = 1.22133
      pc12 = -0.514136
      pc13 = -0.36574
      pc14 = -0.109121
      pc15 = -0.0281054
      pc16 = 0.0395595
      pc17 = -0.0730394
      pc18 = -0.0482247
      pc19 = 0.101965
Constrained:
   Tgbecnw = 78804.8
     Tecnw = 26007.9
       Tnw = 14480.8
       Tec = 3532.6
     twoNb = 1.26453e+06
     twoNe = 2.33822e+07
     twoNc = 2.34489e+07
     twoNw = 4.43849e+06
    twoNec = 92584.6
    twoNnw = 45135.5
  twoNecnw = 57059.6
  twoNbecnw = 1193.11
  twoNgbecnw = 386250
         m = 0.0674996
        m2 = 0.0226643
        m4 = 0.00116286
        m5 = 0.125699
        m6 = 8.47122e-07
        m8 = 0.11071
        Th = 9006.68
        Tb = 17507.3
        Ta = 46353.6
        Td = 1766.3
        Te = 883.15
        Tf = 441.575
#       SitePat  BranchLen
              b 113321.0927574
              e 42298.7141489
              c 44012.9483773
              n 41356.6166456
              w 41333.5502148
            b:e 1171.8836525
            b:c 1306.7011499
            b:n 961.0180144
            b:w 960.0527969
            e:c 11313.4753299
            e:n 4358.8939421
            e:w 4376.2555157
            c:n 3913.4528141
            c:w 3913.8698754
            n:w 11679.8418237
          b:e:c 1207.6033093
          b:e:n 545.2849418
          b:e:w 545.8249657
          b:c:n 549.0381376
          b:c:w 548.4317348
          b:n:w 1233.1418307
          e:c:n 3968.9728829
          e:c:w 3974.2606787
          e:n:w 5432.5952502
          c:n:w 4691.3368931
        b:e:c:n 1064.1797262
        b:e:c:w 1065.2113226
        b:e:n:w 1775.1094256
        b:c:n:w 1568.7828439
        e:c:n:w 44725.0916002
