########################################
# legofit: estimate population history #
#       version 2.3.4-4-g53f8760       #
########################################

# Program was compiled: Sep 21 2021 14:36:42
# Program was run: Fri Oct 22 16:06:07 2021

# cmd: legofit -1 -d 0 -t 56 --ptsPerDim 3 --stateOut b1boot0.state --tol 3e-6 -S 5000 abdefh2.lgo ../../chrX/boot_chrX/boot0.opf
# Stage nOptItr nSimReps
#     0    5000        0
# algorithm          : deterministic
# ignoring probs <=  : 0
# Branch length floor: 0
# DE strategy        : 2
#    F               : 0.3
#    CR              : 0.8
#    tolerance       : 3e-06
# nthreads           : 56
# lgo input file     : abdefh2.lgo
# site pat input file: ../../chrX/boot_chrX/boot0.opf
# free parameters    : 19
# points in DE swarm : 57
# output state file  : b1boot0.state
# Including singleton site patterns.
# cost function      : KL
Initial parameter values
Fixed:
      zero = 0
       one = 1
    Tbecnw = 75200
Free:
       pc1 = 0
       pc2 = 0
       pc3 = 0
       pc4 = 0
       pc5 = 0
       pc6 = 0
       pc7 = 0
       pc8 = 0
       pc9 = 0
      pc10 = 0
      pc11 = 0
      pc12 = 0
      pc13 = 0
      pc14 = 0
      pc15 = 0
      pc16 = 0
      pc17 = 0
      pc18 = 0
      pc19 = 0
Constrained:
   Tgbecnw = 104421
     Tecnw = 28504.3
       Tnw = 12277.6
       Tec = 8170.81
     twoNb = 2.14501e+06
     twoNe = 7.58264e+06
     twoNc = 8.23721e+06
     twoNw = 1.75427e+06
    twoNec = 67566.7
    twoNnw = 65196.2
  twoNecnw = 55582
  twoNbecnw = 9397.13
  twoNgbecnw = 329766
         m = 0.0801606
        m2 = 0.0256207
        m4 = 0.00253513
        m5 = 0.127786
        m6 = 4.08172e-07
        m8 = 0.141122
        Th = 10224.2
        Tb = 19364.2
        Ta = 47282.1
        Td = 4085.41
        Te = 2042.7
        Tf = 1021.35
DiffEv reached_goal. cost=2.12519e-03 spread=2.77561e-06
Fitted parameter values
Free:
       pc1 = -3.73829
       pc2 = -1.41883
       pc3 = 2.75632
       pc4 = -0.959724
       pc5 = -1.78831
       pc6 = -1.6372
       pc7 = -0.0998135
       pc8 = 1.95592
       pc9 = 0.631799
      pc10 = 1.69455
      pc11 = 0.419997
      pc12 = 0.547029
      pc13 = 0.264162
      pc14 = -0.177678
      pc15 = -0.0255864
      pc16 = -0.092676
      pc17 = -0.122391
      pc18 = 0.0014268
      pc19 = 0.0585652
Constrained:
   Tgbecnw = 77986.4
     Tecnw = 26153.9
       Tnw = 15788.9
       Tec = 3109.76
     twoNb = 2.75738e+06
     twoNe = 3.65944e+07
     twoNc = 1.14234e+07
     twoNw = 3.48781e+06
    twoNec = 92415.5
    twoNnw = 38780.2
  twoNecnw = 58440
  twoNbecnw = 924.536
  twoNgbecnw = 390930
         m = 0.0670426
        m2 = 0.0239487
        m4 = 0.00202374
        m5 = 0.131098
        m6 = 1.07439e-06
        m8 = 0.13429
        Th = 9449.36
        Tb = 17801.6
        Ta = 46500.8
        Td = 1554.88
        Te = 777.44
        Tf = 388.72
#       SitePat  BranchLen
              b 113378.1438523
              e 42447.1244434
              c 44288.9580883
              n 41452.9325566
              w 41417.1141382
            b:e 1188.0474774
            b:c 1335.8671430
            b:n 977.4683849
            b:w 975.9001107
            e:c 11319.0182711
            e:n 4406.8391907
            e:w 4432.6489449
            c:n 3946.0023522
            c:w 3947.5090927
            n:w 11642.7278421
          b:e:c 1233.6582411
          b:e:n 560.5687664
          b:e:w 561.3609519
          b:c:n 565.0424922
          b:c:w 564.1396708
          b:n:w 1265.5412150
          e:c:n 3935.8180049
          e:c:w 3944.3199286
          e:n:w 5543.9110587
          c:n:w 4740.6324824
        b:e:c:n 1085.7051731
        b:e:c:w 1087.3840833
        b:e:n:w 1870.8656068
        b:c:n:w 1623.2150979
        e:c:n:w 44655.6382129
