########################################
# legofit: estimate population history #
#       version 2.3.4-4-g53f8760       #
########################################

# Program was compiled: Sep 21 2021 14:36:42
# Program was run: Sat Oct 23 00:40:58 2021

# cmd: legofit -1 -d 0 -t 56 --ptsPerDim 3 --stateOut b1boot43.state --tol 3e-6 -S 5000 abdefh2.lgo ../../chrX/boot_chrX/boot43.opf
# Stage nOptItr nSimReps
#     0    5000        0
# algorithm          : deterministic
# ignoring probs <=  : 0
# Branch length floor: 0
# DE strategy        : 2
#    F               : 0.3
#    CR              : 0.8
#    tolerance       : 3e-06
# nthreads           : 56
# lgo input file     : abdefh2.lgo
# site pat input file: ../../chrX/boot_chrX/boot43.opf
# free parameters    : 19
# points in DE swarm : 57
# output state file  : b1boot43.state
# Including singleton site patterns.
# cost function      : KL
Initial parameter values
Fixed:
      zero = 0
       one = 1
    Tbecnw = 75200
Free:
       pc1 = 0
       pc2 = 0
       pc3 = 0
       pc4 = 0
       pc5 = 0
       pc6 = 0
       pc7 = 0
       pc8 = 0
       pc9 = 0
      pc10 = 0
      pc11 = 0
      pc12 = 0
      pc13 = 0
      pc14 = 0
      pc15 = 0
      pc16 = 0
      pc17 = 0
      pc18 = 0
      pc19 = 0
Constrained:
   Tgbecnw = 104421
     Tecnw = 28504.3
       Tnw = 12277.6
       Tec = 8170.81
     twoNb = 2.14501e+06
     twoNe = 7.58264e+06
     twoNc = 8.23721e+06
     twoNw = 1.75427e+06
    twoNec = 67566.7
    twoNnw = 65196.2
  twoNecnw = 55582
  twoNbecnw = 9397.13
  twoNgbecnw = 329766
         m = 0.0801606
        m2 = 0.0256207
        m4 = 0.00253513
        m5 = 0.127786
        m6 = 4.08172e-07
        m8 = 0.141122
        Th = 10224.2
        Tb = 19364.2
        Ta = 47282.1
        Td = 4085.41
        Te = 2042.7
        Tf = 1021.35
DiffEv reached_goal. cost=2.20465e-03 spread=2.84873e-06
Fitted parameter values
Free:
       pc1 = -3.96355
       pc2 = -0.714529
       pc3 = 3.37626
       pc4 = -1.35512
       pc5 = -1.75435
       pc6 = 0.674265
       pc7 = -0.646875
       pc8 = 1.752
       pc9 = -0.104792
      pc10 = 1.10404
      pc11 = -0.945574
      pc12 = 0.302364
      pc13 = 0.515703
      pc14 = -0.00225757
      pc15 = 0.122719
      pc16 = 0.112035
      pc17 = -0.0875308
      pc18 = -0.16242
      pc19 = 0.0865223
Constrained:
   Tgbecnw = 77599.9
     Tecnw = 25935.2
       Tnw = 14335.2
       Tec = 2546.4
     twoNb = 4.26388e+06
     twoNe = 1.29007e+07
     twoNc = 2.47545e+07
     twoNw = 3.30871e+06
    twoNec = 97084.6
    twoNnw = 43989.8
  twoNecnw = 58228.5
  twoNbecnw = 814.34
  twoNgbecnw = 364367
         m = 0.0714306
        m2 = 0.0242238
        m4 = 0.00111062
        m5 = 0.14522
        m6 = 1.28957e-06
        m8 = 0.105047
        Th = 8440.81
        Tb = 17188
        Ta = 46194
        Td = 1273.2
        Te = 636.599
        Tf = 318.3
#       SitePat  BranchLen
              b 113002.7688265
              e 42335.6746506
              c 44398.9022906
              n 41237.9185697
              w 41203.4833021
            b:e 1170.6606876
            b:c 1325.3018752
            b:n 966.6602952
            b:w 965.2199352
            e:c 11338.5289633
            e:n 4426.3227968
            e:w 4452.8969551
            c:n 3895.3020389
            c:w 3895.4134485
            n:w 11865.7068179
          b:e:c 1225.0839675
          b:e:n 553.4324131
          b:e:w 554.2842232
          b:c:n 558.0638000
          b:c:w 557.1098336
          b:n:w 1257.1215587
          e:c:n 3917.2842168
          e:c:w 3925.0339166
          e:n:w 5572.0695316
          c:n:w 4681.7029088
        b:e:c:n 1073.0463938
        b:e:c:w 1074.5889100
        b:e:n:w 1860.7313395
        b:c:n:w 1614.2763805
        e:c:n:w 44278.7115752
