########################################
# legofit: estimate population history #
#       version 2.3.4-4-g53f8760       #
########################################

# Program was compiled: Sep 21 2021 14:36:42
# Program was run: Sat Oct 23 05:16:24 2021

# cmd: legofit -1 -d 0 -t 56 --ptsPerDim 3 --stateOut b1boot48.state --tol 3e-6 -S 5000 abdefh2.lgo ../../chrX/boot_chrX/boot48.opf
# Stage nOptItr nSimReps
#     0    5000        0
# algorithm          : deterministic
# ignoring probs <=  : 0
# Branch length floor: 0
# DE strategy        : 2
#    F               : 0.3
#    CR              : 0.8
#    tolerance       : 3e-06
# nthreads           : 56
# lgo input file     : abdefh2.lgo
# site pat input file: ../../chrX/boot_chrX/boot48.opf
# free parameters    : 19
# points in DE swarm : 57
# output state file  : b1boot48.state
# Including singleton site patterns.
# cost function      : KL
Initial parameter values
Fixed:
      zero = 0
       one = 1
    Tbecnw = 75200
Free:
       pc1 = 0
       pc2 = 0
       pc3 = 0
       pc4 = 0
       pc5 = 0
       pc6 = 0
       pc7 = 0
       pc8 = 0
       pc9 = 0
      pc10 = 0
      pc11 = 0
      pc12 = 0
      pc13 = 0
      pc14 = 0
      pc15 = 0
      pc16 = 0
      pc17 = 0
      pc18 = 0
      pc19 = 0
Constrained:
   Tgbecnw = 104421
     Tecnw = 28504.3
       Tnw = 12277.6
       Tec = 8170.81
     twoNb = 2.14501e+06
     twoNe = 7.58264e+06
     twoNc = 8.23721e+06
     twoNw = 1.75427e+06
    twoNec = 67566.7
    twoNnw = 65196.2
  twoNecnw = 55582
  twoNbecnw = 9397.13
  twoNgbecnw = 329766
         m = 0.0801606
        m2 = 0.0256207
        m4 = 0.00253513
        m5 = 0.127786
        m6 = 4.08172e-07
        m8 = 0.141122
        Th = 10224.2
        Tb = 19364.2
        Ta = 47282.1
        Td = 4085.41
        Te = 2042.7
        Tf = 1021.35
DiffEv reached_goal. cost=2.11924e-03 spread=2.48199e-06
Fitted parameter values
Free:
       pc1 = -3.91155
       pc2 = -0.537458
       pc3 = 3.22254
       pc4 = -1.97954
       pc5 = -1.96502
       pc6 = 1.01717
       pc7 = 0.10143
       pc8 = 1.87104
       pc9 = -0.681951
      pc10 = 1.6208
      pc11 = 1.15591
      pc12 = 0.572096
      pc13 = -0.514909
      pc14 = -0.770586
      pc15 = 0.0262257
      pc16 = -0.20502
      pc17 = 0.0388764
      pc18 = 0.0694164
      pc19 = 0.0674743
Constrained:
   Tgbecnw = 81876.4
     Tecnw = 26501
       Tnw = 16733.4
       Tec = 2335.61
     twoNb = 3.19694e+06
     twoNe = 1.28294e+07
     twoNc = 3.54039e+07
     twoNw = 4.10829e+06
    twoNec = 102548
    twoNnw = 38215.1
  twoNecnw = 56225.9
  twoNbecnw = 2218.92
  twoNgbecnw = 387255
         m = 0.0650419
        m2 = 0.0248982
        m4 = 0.000393657
        m5 = 0.132141
        m6 = 1.72823e-07
        m8 = 0.127
        Th = 9534.52
        Tb = 18017.8
        Ta = 46608.9
        Td = 1167.81
        Te = 583.904
        Tf = 291.952
#       SitePat  BranchLen
              b 113618.3148991
              e 42712.8850980
              c 44415.8962173
              n 41866.9254168
              w 41834.0960116
            b:e 1212.4407421
            b:c 1346.3360009
            b:n 998.8898457
            b:w 997.4195474
            e:c 11177.9998182
            e:n 4404.1345491
            e:w 4427.8266184
            c:n 3971.7859749
            c:w 3973.0472176
            n:w 11329.5847894
          b:e:c 1233.8484900
          b:e:n 574.0543680
          b:e:w 574.8020799
          b:c:n 577.8971108
          b:c:w 577.0546258
          b:n:w 1266.8972679
          e:c:n 4001.1860820
          e:c:w 4009.0621752
          e:n:w 5541.3724628
          c:n:w 4789.1629003
        b:e:c:n 1100.2527484
        b:e:c:w 1101.8178199
        b:e:n:w 1853.2037592
        b:c:n:w 1649.5396164
        e:c:n:w 44757.8821911
