########################################
# legofit: estimate population history #
#       version 2.3.4-4-g53f8760       #
########################################

# Program was compiled: Sep 21 2021 14:36:42
# Program was run: Fri Oct 22 19:30:52 2021

# cmd: legofit -1 -d 0 -t 56 --ptsPerDim 3 --stateOut b1boot6.state --tol 3e-6 -S 5000 abdefh2.lgo ../../chrX/boot_chrX/boot6.opf
# Stage nOptItr nSimReps
#     0    5000        0
# algorithm          : deterministic
# ignoring probs <=  : 0
# Branch length floor: 0
# DE strategy        : 2
#    F               : 0.3
#    CR              : 0.8
#    tolerance       : 3e-06
# nthreads           : 56
# lgo input file     : abdefh2.lgo
# site pat input file: ../../chrX/boot_chrX/boot6.opf
# free parameters    : 19
# points in DE swarm : 57
# output state file  : b1boot6.state
# Including singleton site patterns.
# cost function      : KL
Initial parameter values
Fixed:
      zero = 0
       one = 1
    Tbecnw = 75200
Free:
       pc1 = 0
       pc2 = 0
       pc3 = 0
       pc4 = 0
       pc5 = 0
       pc6 = 0
       pc7 = 0
       pc8 = 0
       pc9 = 0
      pc10 = 0
      pc11 = 0
      pc12 = 0
      pc13 = 0
      pc14 = 0
      pc15 = 0
      pc16 = 0
      pc17 = 0
      pc18 = 0
      pc19 = 0
Constrained:
   Tgbecnw = 104421
     Tecnw = 28504.3
       Tnw = 12277.6
       Tec = 8170.81
     twoNb = 2.14501e+06
     twoNe = 7.58264e+06
     twoNc = 8.23721e+06
     twoNw = 1.75427e+06
    twoNec = 67566.7
    twoNnw = 65196.2
  twoNecnw = 55582
  twoNbecnw = 9397.13
  twoNgbecnw = 329766
         m = 0.0801606
        m2 = 0.0256207
        m4 = 0.00253513
        m5 = 0.127786
        m6 = 4.08172e-07
        m8 = 0.141122
        Th = 10224.2
        Tb = 19364.2
        Ta = 47282.1
        Td = 4085.41
        Te = 2042.7
        Tf = 1021.35
DiffEv reached_goal. cost=2.10478e-03 spread=2.93678e-06
Fitted parameter values
Free:
       pc1 = -3.73641
       pc2 = -0.179563
       pc3 = 3.47383
       pc4 = -0.727636
       pc5 = -1.388
       pc6 = -0.437763
       pc7 = -0.910699
       pc8 = 1.91275
       pc9 = -1.62867
      pc10 = 1.59562
      pc11 = -0.268236
      pc12 = -1.42176
      pc13 = 0.239824
      pc14 = -0.344866
      pc15 = -0.170587
      pc16 = -0.201597
      pc17 = 0.0568209
      pc18 = -0.149113
      pc19 = 0.0822736
Constrained:
   Tgbecnw = 83695.5
     Tecnw = 26289.4
       Tnw = 14144.5
       Tec = 4067.32
     twoNb = 620441
     twoNe = 2.21313e+07
     twoNc = 3.59648e+07
     twoNw = 3.9947e+06
    twoNec = 95591
    twoNnw = 50780.8
  twoNecnw = 53345.7
  twoNbecnw = 2896.76
  twoNgbecnw = 355976
         m = 0.0691186
        m2 = 0.020973
        m4 = 0.00188318
        m5 = 0.138177
        m6 = 1.95575e-06
        m8 = 0.100232
        Th = 9105.91
        Tb = 17697.7
        Ta = 46448.8
        Td = 2033.66
        Te = 1016.83
        Tf = 508.415
#       SitePat  BranchLen
              b 113648.4057906
              e 42119.7492895
              c 43929.4729682
              n 41362.9041730
              w 41337.7676301
            b:e 1205.9477920
            b:c 1368.2340143
            b:n 980.7930090
            b:w 979.7334869
            e:c 10927.4669844
            e:n 4416.0227202
            e:w 4435.8388529
            c:n 3945.3919360
            c:w 3944.9745900
            n:w 11303.5445295
          b:e:c 1195.6218683
          b:e:n 557.2457430
          b:e:w 557.9052375
          b:c:n 561.3612996
          b:c:w 560.6374479
          b:n:w 1206.8174869
          e:c:n 4087.7239160
          e:c:w 4093.4616722
          e:n:w 5530.9076541
          c:n:w 4738.7235344
        b:e:c:n 1072.5729478
        b:e:c:w 1073.6968271
        b:e:n:w 1735.3311522
        b:c:n:w 1510.1526309
        e:c:n:w 45204.9641605
