########################################
# legofit: estimate population history #
#       version 2.3.4-4-g53f8760       #
########################################

# Program was compiled: Sep 21 2021 14:36:42
# Program was run: Fri Oct 22 20:46:42 2021

# cmd: legofit -1 -d 0 -t 56 --ptsPerDim 3 --stateOut b1boot14.state --tol 3e-6 -S 5000 abdefh2.lgo ../../chrX/boot_chrX/boot14.opf
# Stage nOptItr nSimReps
#     0    5000        0
# algorithm          : deterministic
# ignoring probs <=  : 0
# Branch length floor: 0
# DE strategy        : 2
#    F               : 0.3
#    CR              : 0.8
#    tolerance       : 3e-06
# nthreads           : 56
# lgo input file     : abdefh2.lgo
# site pat input file: ../../chrX/boot_chrX/boot14.opf
# free parameters    : 19
# points in DE swarm : 57
# output state file  : b1boot14.state
# Including singleton site patterns.
# cost function      : KL
Initial parameter values
Fixed:
      zero = 0
       one = 1
    Tbecnw = 75200
Free:
       pc1 = 0
       pc2 = 0
       pc3 = 0
       pc4 = 0
       pc5 = 0
       pc6 = 0
       pc7 = 0
       pc8 = 0
       pc9 = 0
      pc10 = 0
      pc11 = 0
      pc12 = 0
      pc13 = 0
      pc14 = 0
      pc15 = 0
      pc16 = 0
      pc17 = 0
      pc18 = 0
      pc19 = 0
Constrained:
   Tgbecnw = 104421
     Tecnw = 28504.3
       Tnw = 12277.6
       Tec = 8170.81
     twoNb = 2.14501e+06
     twoNe = 7.58264e+06
     twoNc = 8.23721e+06
     twoNw = 1.75427e+06
    twoNec = 67566.7
    twoNnw = 65196.2
  twoNecnw = 55582
  twoNbecnw = 9397.13
  twoNgbecnw = 329766
         m = 0.0801606
        m2 = 0.0256207
        m4 = 0.00253513
        m5 = 0.127786
        m6 = 4.08172e-07
        m8 = 0.141122
        Th = 10224.2
        Tb = 19364.2
        Ta = 47282.1
        Td = 4085.41
        Te = 2042.7
        Tf = 1021.35
DiffEv reached_goal. cost=2.04100e-03 spread=2.97554e-06
Fitted parameter values
Free:
       pc1 = -3.62831
       pc2 = 0.128233
       pc3 = 3.83097
       pc4 = 0.310933
       pc5 = -1.8265
       pc6 = -0.52288
       pc7 = 0.90439
       pc8 = 1.06648
       pc9 = 0.835921
      pc10 = 1.72379
      pc11 = 1.26541
      pc12 = -0.735968
      pc13 = -0.0997421
      pc14 = -0.473229
      pc15 = 0.0265113
      pc16 = -0.00957784
      pc17 = 0.0353704
      pc18 = -0.0643486
      pc19 = 0.184087
Constrained:
   Tgbecnw = 84355.5
     Tecnw = 26167.4
       Tnw = 13877.9
       Tec = 2468.32
     twoNb = 3.79321e+06
     twoNe = 2.9165e+07
     twoNc = 1.53642e+07
     twoNw = 3.77815e+06
    twoNec = 106446
    twoNnw = 50641.1
  twoNecnw = 55108.6
  twoNbecnw = 3110
  twoNgbecnw = 342654
         m = 0.0740695
        m2 = 0.021884
        m4 = 0.00122885
        m5 = 0.113261
        m6 = 6.57326e-07
        m8 = 0.0926652
        Th = 8173.11
        Tb = 17170.3
        Ta = 46185.1
        Td = 1234.16
        Te = 617.079
        Tf = 308.54
#       SitePat  BranchLen
              b 113951.7876257
              e 42606.5183332
              c 44142.8639031
              n 41581.9183151
              w 41557.6003201
            b:e 1161.2779864
            b:c 1276.5395025
            b:n 965.6877635
            b:w 964.6882170
            e:c 11235.9866830
            e:n 4343.4786073
            e:w 4361.8077587
            c:n 3945.1171115
            c:w 3945.5988062
            n:w 11621.5933145
          b:e:c 1186.4890799
          b:e:n 546.5186243
          b:e:w 547.0827547
          b:c:n 549.5294720
          b:c:w 548.9051019
          b:n:w 1215.2777862
          e:c:n 4040.7079044
          e:c:w 4046.2150534
          e:n:w 5412.9606567
          c:n:w 4757.9671038
        b:e:c:n 1056.3077965
        b:e:c:w 1057.3675828
        b:e:n:w 1752.5307615
        b:c:n:w 1565.6544630
        e:c:n:w 44990.3950362
