########################################
# legofit: estimate population history #
#       version 2.3.4-4-g53f8760       #
########################################

# Program was compiled: Sep 21 2021 14:36:42
# Program was run: Fri Oct 22 20:05:38 2021

# cmd: legofit -1 -d 0 -t 56 --ptsPerDim 3 --stateOut b1boot8.state --tol 3e-6 -S 5000 abdefh2.lgo ../../chrX/boot_chrX/boot8.opf
# Stage nOptItr nSimReps
#     0    5000        0
# algorithm          : deterministic
# ignoring probs <=  : 0
# Branch length floor: 0
# DE strategy        : 2
#    F               : 0.3
#    CR              : 0.8
#    tolerance       : 3e-06
# nthreads           : 56
# lgo input file     : abdefh2.lgo
# site pat input file: ../../chrX/boot_chrX/boot8.opf
# free parameters    : 19
# points in DE swarm : 57
# output state file  : b1boot8.state
# Including singleton site patterns.
# cost function      : KL
Initial parameter values
Fixed:
      zero = 0
       one = 1
    Tbecnw = 75200
Free:
       pc1 = 0
       pc2 = 0
       pc3 = 0
       pc4 = 0
       pc5 = 0
       pc6 = 0
       pc7 = 0
       pc8 = 0
       pc9 = 0
      pc10 = 0
      pc11 = 0
      pc12 = 0
      pc13 = 0
      pc14 = 0
      pc15 = 0
      pc16 = 0
      pc17 = 0
      pc18 = 0
      pc19 = 0
Constrained:
   Tgbecnw = 104421
     Tecnw = 28504.3
       Tnw = 12277.6
       Tec = 8170.81
     twoNb = 2.14501e+06
     twoNe = 7.58264e+06
     twoNc = 8.23721e+06
     twoNw = 1.75427e+06
    twoNec = 67566.7
    twoNnw = 65196.2
  twoNecnw = 55582
  twoNbecnw = 9397.13
  twoNgbecnw = 329766
         m = 0.0801606
        m2 = 0.0256207
        m4 = 0.00253513
        m5 = 0.127786
        m6 = 4.08172e-07
        m8 = 0.141122
        Th = 10224.2
        Tb = 19364.2
        Ta = 47282.1
        Td = 4085.41
        Te = 2042.7
        Tf = 1021.35
DiffEv reached_goal. cost=2.21435e-03 spread=2.98196e-06
Fitted parameter values
Free:
       pc1 = -3.66573
       pc2 = 0.585927
       pc3 = 3.47944
       pc4 = 0.448709
       pc5 = -0.50129
       pc6 = 0.261408
       pc7 = 0.729085
       pc8 = 1.94779
       pc9 = -0.49769
      pc10 = 1.82939
      pc11 = -0.567375
      pc12 = 0.0725721
      pc13 = 0.0420703
      pc14 = -0.145721
      pc15 = -0.0414176
      pc16 = -0.0165261
      pc17 = 0.0776499
      pc18 = -0.130169
      pc19 = 0.113887
Constrained:
   Tgbecnw = 84837.2
     Tecnw = 26679.9
       Tnw = 13922.4
       Tec = 2109.52
     twoNb = 3.73236e+06
     twoNe = 1.2405e+07
     twoNc = 2.39093e+07
     twoNw = 3.42942e+06
    twoNec = 106125
    twoNnw = 50737.6
  twoNecnw = 56767.4
  twoNbecnw = 3432.98
  twoNgbecnw = 320686
         m = 0.08111
        m2 = 0.0198295
        m4 = 0.00380001
        m5 = 0.130928
        m6 = 8.876e-07
        m8 = 0.102897
        Th = 8015.97
        Tb = 17347.9
        Ta = 46274
        Td = 1054.76
        Te = 527.379
        Tf = 263.69
#       SitePat  BranchLen
              b 115332.3239588
              e 42998.8474524
              c 44948.7251867
              n 42037.7665359
              w 42006.2797819
            b:e 1256.3693809
            b:c 1423.7080154
            b:n 1057.8222121
            b:w 1056.4251444
            e:c 11411.7216645
            e:n 4489.4993834
            e:w 4513.2874963
            c:n 3999.4878507
            c:w 4000.0698685
            n:w 11870.6716833
          b:e:c 1305.3934252
          b:e:n 602.4992560
          b:e:w 603.2915165
          b:c:n 606.9600890
          b:c:w 606.0795441
          b:n:w 1328.4400966
          e:c:n 4085.6735312
          e:c:w 4092.7901545
          e:n:w 5638.5087331
          c:n:w 4807.6863034
        b:e:c:n 1161.4147243
        b:e:c:w 1162.9000765
        b:e:n:w 1926.1801772
        b:c:n:w 1635.7664984
        e:c:n:w 45817.1972692
