########################################
# legofit: estimate population history #
#       version 2.3.4-4-g53f8760       #
########################################

# Program was compiled: Sep 21 2021 14:36:42
# Program was run: Fri Oct 22 21:15:12 2021

# cmd: legofit -1 -d 0 -t 56 --ptsPerDim 3 --stateOut b1boot25.state --tol 3e-6 -S 5000 abdefh2.lgo ../../chrX/boot_chrX/boot25.opf
# Stage nOptItr nSimReps
#     0    5000        0
# algorithm          : deterministic
# ignoring probs <=  : 0
# Branch length floor: 0
# DE strategy        : 2
#    F               : 0.3
#    CR              : 0.8
#    tolerance       : 3e-06
# nthreads           : 56
# lgo input file     : abdefh2.lgo
# site pat input file: ../../chrX/boot_chrX/boot25.opf
# free parameters    : 19
# points in DE swarm : 57
# output state file  : b1boot25.state
# Including singleton site patterns.
# cost function      : KL
Initial parameter values
Fixed:
      zero = 0
       one = 1
    Tbecnw = 75200
Free:
       pc1 = 0
       pc2 = 0
       pc3 = 0
       pc4 = 0
       pc5 = 0
       pc6 = 0
       pc7 = 0
       pc8 = 0
       pc9 = 0
      pc10 = 0
      pc11 = 0
      pc12 = 0
      pc13 = 0
      pc14 = 0
      pc15 = 0
      pc16 = 0
      pc17 = 0
      pc18 = 0
      pc19 = 0
Constrained:
   Tgbecnw = 104421
     Tecnw = 28504.3
       Tnw = 12277.6
       Tec = 8170.81
     twoNb = 2.14501e+06
     twoNe = 7.58264e+06
     twoNc = 8.23721e+06
     twoNw = 1.75427e+06
    twoNec = 67566.7
    twoNnw = 65196.2
  twoNecnw = 55582
  twoNbecnw = 9397.13
  twoNgbecnw = 329766
         m = 0.0801606
        m2 = 0.0256207
        m4 = 0.00253513
        m5 = 0.127786
        m6 = 4.08172e-07
        m8 = 0.141122
        Th = 10224.2
        Tb = 19364.2
        Ta = 47282.1
        Td = 4085.41
        Te = 2042.7
        Tf = 1021.35
DiffEv reached_goal. cost=2.14630e-03 spread=2.55610e-06
Fitted parameter values
Free:
       pc1 = -3.84383
       pc2 = -0.986566
       pc3 = 2.61062
       pc4 = -0.198368
       pc5 = -1.67326
       pc6 = 0.290862
       pc7 = -0.225722
       pc8 = 1.97857
       pc9 = 0.677734
      pc10 = 0.671511
      pc11 = -0.815706
      pc12 = 0.241412
      pc13 = 0.378504
      pc14 = -0.0670583
      pc15 = -0.109275
      pc16 = 0.113726
      pc17 = -0.150914
      pc18 = -0.0228123
      pc19 = 0.0472545
Constrained:
   Tgbecnw = 79057.6
     Tecnw = 25946.1
       Tnw = 14895.5
       Tec = 3510.99
     twoNb = 5.06992e+06
     twoNe = 1.13049e+07
     twoNc = 9.37995e+06
     twoNw = 3.1955e+06
    twoNec = 91557.5
    twoNnw = 42517.1
  twoNecnw = 58658.1
  twoNbecnw = 1292.06
  twoNgbecnw = 373014
         m = 0.0739178
        m2 = 0.0230482
        m4 = 0.00179007
        m5 = 0.13653
        m6 = 1.39685e-06
        m8 = 0.106175
        Th = 9203.26
        Tb = 17574.7
        Ta = 46387.3
        Td = 1755.49
        Te = 877.746
        Tf = 438.873
#       SitePat  BranchLen
              b 114734.9805088
              e 42503.3698922
              c 44453.3198693
              n 41557.3061862
              w 41522.9762960
            b:e 1170.6337183
            b:c 1320.0899515
            b:n 978.9809925
            b:w 977.5226279
            e:c 11448.6846704
            e:n 4401.7220866
            e:w 4428.1709265
            c:n 3907.1961744
            c:w 3907.2509728
            n:w 11829.9085694
          b:e:c 1235.4323304
          b:e:n 555.5403894
          b:e:w 556.3989067
          b:c:n 560.0195874
          b:c:w 559.0587166
          b:n:w 1271.0080348
          e:c:n 3961.9413726
          e:c:w 3969.7676245
          e:n:w 5512.2851175
          c:n:w 4674.7793876
        b:e:c:n 1085.4252506
        b:e:c:w 1086.9859688
        b:e:n:w 1873.8388512
        b:c:n:w 1620.2452039
        e:c:n:w 45795.9640397
