########################################
# legofit: estimate population history #
#       version 2.3.4-4-g53f8760       #
########################################

# Program was compiled: Sep 21 2021 14:36:42
# Program was run: Fri Oct 22 20:37:13 2021

# cmd: legofit -1 -d 0 -t 56 --ptsPerDim 3 --stateOut b1boot12.state --tol 3e-6 -S 5000 abdefh2.lgo ../../chrX/boot_chrX/boot12.opf
# Stage nOptItr nSimReps
#     0    5000        0
# algorithm          : deterministic
# ignoring probs <=  : 0
# Branch length floor: 0
# DE strategy        : 2
#    F               : 0.3
#    CR              : 0.8
#    tolerance       : 3e-06
# nthreads           : 56
# lgo input file     : abdefh2.lgo
# site pat input file: ../../chrX/boot_chrX/boot12.opf
# free parameters    : 19
# points in DE swarm : 57
# output state file  : b1boot12.state
# Including singleton site patterns.
# cost function      : KL
Initial parameter values
Fixed:
      zero = 0
       one = 1
    Tbecnw = 75200
Free:
       pc1 = 0
       pc2 = 0
       pc3 = 0
       pc4 = 0
       pc5 = 0
       pc6 = 0
       pc7 = 0
       pc8 = 0
       pc9 = 0
      pc10 = 0
      pc11 = 0
      pc12 = 0
      pc13 = 0
      pc14 = 0
      pc15 = 0
      pc16 = 0
      pc17 = 0
      pc18 = 0
      pc19 = 0
Constrained:
   Tgbecnw = 104421
     Tecnw = 28504.3
       Tnw = 12277.6
       Tec = 8170.81
     twoNb = 2.14501e+06
     twoNe = 7.58264e+06
     twoNc = 8.23721e+06
     twoNw = 1.75427e+06
    twoNec = 67566.7
    twoNnw = 65196.2
  twoNecnw = 55582
  twoNbecnw = 9397.13
  twoNgbecnw = 329766
         m = 0.0801606
        m2 = 0.0256207
        m4 = 0.00253513
        m5 = 0.127786
        m6 = 4.08172e-07
        m8 = 0.141122
        Th = 10224.2
        Tb = 19364.2
        Ta = 47282.1
        Td = 4085.41
        Te = 2042.7
        Tf = 1021.35
DiffEv reached_goal. cost=2.27685e-03 spread=2.95857e-06
Fitted parameter values
Free:
       pc1 = -3.98352
       pc2 = -0.223572
       pc3 = 3.7129
       pc4 = 0.0082432
       pc5 = -1.66304
       pc6 = 1.16841
       pc7 = -0.609508
       pc8 = 1.97436
       pc9 = -1.12249
      pc10 = 1.5598
      pc11 = -0.0018757
      pc12 = -1.16519
      pc13 = 0.634668
      pc14 = -0.0212177
      pc15 = -0.0773277
      pc16 = 0.211492
      pc17 = -0.096308
      pc18 = -0.0551538
      pc19 = 0.0636575
Constrained:
   Tgbecnw = 80931.7
     Tecnw = 25794.8
       Tnw = 13210.8
       Tec = 3099.89
     twoNb = 3.37626e+06
     twoNe = 8.25463e+06
     twoNc = 3.44562e+07
     twoNw = 4.27002e+06
    twoNec = 95737
    twoNnw = 53919.1
  twoNecnw = 54999.3
  twoNbecnw = 1943.86
  twoNgbecnw = 362687
         m = 0.0706455
        m2 = 0.0221573
        m4 = 0.00208153
        m5 = 0.132732
        m6 = 1.6127e-06
        m8 = 0.0770546
        Th = 8155.35
        Tb = 16975.1
        Ta = 46087.5
        Td = 1549.94
        Te = 774.972
        Tf = 387.486
#       SitePat  BranchLen
              b 113795.4816323
              e 41965.5917570
              c 43784.2231998
              n 41462.3994890
              w 41441.5907541
            b:e 1147.6115621
            b:c 1288.0610387
            b:n 985.4298712
            b:w 984.5757985
            e:c 11432.6861690
            e:n 4357.2380379
            e:w 4374.1232181
            c:n 3884.6068024
            c:w 3883.9357510
            n:w 11565.0895754
          b:e:c 1205.0190054
          b:e:n 549.4060929
          b:e:w 549.9717870
          b:c:n 553.1232393
          b:c:w 552.5033205
          b:n:w 1236.8923741
          e:c:n 4099.2235853
          e:c:w 4103.8181913
          e:n:w 5379.6960263
          c:n:w 4615.9531044
        b:e:c:n 1081.4114372
        b:e:c:w 1082.3197346
        b:e:n:w 1796.4150564
        b:c:n:w 1557.6470582
        e:c:n:w 45241.3374461
