########################################
# legofit: estimate population history #
#       version 2.3.4-4-g53f8760       #
########################################

# Program was compiled: Sep 21 2021 14:36:42
# Program was run: Fri Oct 22 22:22:46 2021

# cmd: legofit -1 -d 0 -t 56 --ptsPerDim 3 --stateOut b1boot37.state --tol 3e-6 -S 5000 abdefh2.lgo ../../chrX/boot_chrX/boot37.opf
# Stage nOptItr nSimReps
#     0    5000        0
# algorithm          : deterministic
# ignoring probs <=  : 0
# Branch length floor: 0
# DE strategy        : 2
#    F               : 0.3
#    CR              : 0.8
#    tolerance       : 3e-06
# nthreads           : 56
# lgo input file     : abdefh2.lgo
# site pat input file: ../../chrX/boot_chrX/boot37.opf
# free parameters    : 19
# points in DE swarm : 57
# output state file  : b1boot37.state
# Including singleton site patterns.
# cost function      : KL
Initial parameter values
Fixed:
      zero = 0
       one = 1
    Tbecnw = 75200
Free:
       pc1 = 0
       pc2 = 0
       pc3 = 0
       pc4 = 0
       pc5 = 0
       pc6 = 0
       pc7 = 0
       pc8 = 0
       pc9 = 0
      pc10 = 0
      pc11 = 0
      pc12 = 0
      pc13 = 0
      pc14 = 0
      pc15 = 0
      pc16 = 0
      pc17 = 0
      pc18 = 0
      pc19 = 0
Constrained:
   Tgbecnw = 104421
     Tecnw = 28504.3
       Tnw = 12277.6
       Tec = 8170.81
     twoNb = 2.14501e+06
     twoNe = 7.58264e+06
     twoNc = 8.23721e+06
     twoNw = 1.75427e+06
    twoNec = 67566.7
    twoNnw = 65196.2
  twoNecnw = 55582
  twoNbecnw = 9397.13
  twoNgbecnw = 329766
         m = 0.0801606
        m2 = 0.0256207
        m4 = 0.00253513
        m5 = 0.127786
        m6 = 4.08172e-07
        m8 = 0.141122
        Th = 10224.2
        Tb = 19364.2
        Ta = 47282.1
        Td = 4085.41
        Te = 2042.7
        Tf = 1021.35
DiffEv reached_goal. cost=2.11309e-03 spread=2.62824e-06
Fitted parameter values
Free:
       pc1 = -3.95426
       pc2 = -1.78448
       pc3 = 3.26768
       pc4 = -0.0639819
       pc5 = -1.18273
       pc6 = -0.0281613
       pc7 = 0.180209
       pc8 = 1.95691
       pc9 = -0.28776
      pc10 = 1.3138
      pc11 = 0.574369
      pc12 = -1.14176
      pc13 = 0.540361
      pc14 = -0.0816784
      pc15 = -0.310855
      pc16 = -0.0401797
      pc17 = 0.0879748
      pc18 = 0.0148118
      pc19 = 0.0319574
Constrained:
   Tgbecnw = 78789.9
     Tecnw = 25572.2
       Tnw = 14403.6
       Tec = 4447.9
     twoNb = 3.50207e+06
     twoNe = 2.10649e+07
     twoNc = 2.32131e+07
     twoNw = 3.58686e+06
    twoNec = 92300.2
    twoNnw = 48094.2
  twoNecnw = 55038.7
  twoNbecnw = 1177.53
  twoNgbecnw = 421927
         m = 0.0577637
        m2 = 0.0213071
        m4 = 0.00249977
        m5 = 0.12615
        m6 = 1.22804e-06
        m8 = 0.0903041
        Th = 9425.77
        Tb = 17499
        Ta = 46349.5
        Td = 2223.95
        Te = 1111.98
        Tf = 555.988
#       SitePat  BranchLen
              b 112712.1235114
              e 42090.7709035
              c 43782.8923962
              n 41389.7325701
              w 41364.2617209
            b:e 1176.3622372
            b:c 1312.8553647
            b:n 1009.2483563
            b:w 1008.1400167
            e:c 11060.2961735
            e:n 4383.4071695
            e:w 4403.6418567
            c:n 3953.5742553
            c:w 3952.9602375
            n:w 11313.8397013
          b:e:c 1221.8935873
          b:e:n 570.6622157
          b:e:w 571.3626250
          b:c:n 574.6574888
          b:c:w 573.8848811
          b:n:w 1248.1328916
          e:c:n 4100.2291026
          e:c:w 4106.0792824
          e:n:w 5394.1991731
          c:n:w 4675.9245465
        b:e:c:n 1110.7198440
        b:e:c:w 1111.9003821
        b:e:n:w 1813.5403003
        b:c:n:w 1577.1972947
        e:c:n:w 44477.6162083
