########################################
# legofit: estimate population history #
#       version 2.3.4-4-g53f8760       #
########################################

# Program was compiled: Sep 21 2021 14:36:42
# Program was run: Fri Oct 22 22:19:29 2021

# cmd: legofit -1 -d 0 -t 56 --ptsPerDim 3 --stateOut b1boot36.state --tol 3e-6 -S 5000 abdefh2.lgo ../../chrX/boot_chrX/boot36.opf
# Stage nOptItr nSimReps
#     0    5000        0
# algorithm          : deterministic
# ignoring probs <=  : 0
# Branch length floor: 0
# DE strategy        : 2
#    F               : 0.3
#    CR              : 0.8
#    tolerance       : 3e-06
# nthreads           : 56
# lgo input file     : abdefh2.lgo
# site pat input file: ../../chrX/boot_chrX/boot36.opf
# free parameters    : 19
# points in DE swarm : 57
# output state file  : b1boot36.state
# Including singleton site patterns.
# cost function      : KL
Initial parameter values
Fixed:
      zero = 0
       one = 1
    Tbecnw = 75200
Free:
       pc1 = 0
       pc2 = 0
       pc3 = 0
       pc4 = 0
       pc5 = 0
       pc6 = 0
       pc7 = 0
       pc8 = 0
       pc9 = 0
      pc10 = 0
      pc11 = 0
      pc12 = 0
      pc13 = 0
      pc14 = 0
      pc15 = 0
      pc16 = 0
      pc17 = 0
      pc18 = 0
      pc19 = 0
Constrained:
   Tgbecnw = 104421
     Tecnw = 28504.3
       Tnw = 12277.6
       Tec = 8170.81
     twoNb = 2.14501e+06
     twoNe = 7.58264e+06
     twoNc = 8.23721e+06
     twoNw = 1.75427e+06
    twoNec = 67566.7
    twoNnw = 65196.2
  twoNecnw = 55582
  twoNbecnw = 9397.13
  twoNgbecnw = 329766
         m = 0.0801606
        m2 = 0.0256207
        m4 = 0.00253513
        m5 = 0.127786
        m6 = 4.08172e-07
        m8 = 0.141122
        Th = 10224.2
        Tb = 19364.2
        Ta = 47282.1
        Td = 4085.41
        Te = 2042.7
        Tf = 1021.35
DiffEv reached_goal. cost=2.23454e-03 spread=2.47776e-06
Fitted parameter values
Free:
       pc1 = -3.98673
       pc2 = -0.596971
       pc3 = 3.81822
       pc4 = -0.445401
       pc5 = -1.50286
       pc6 = 0.841805
       pc7 = -0.793547
       pc8 = 1.12887
       pc9 = -0.488601
      pc10 = 1.49434
      pc11 = 0.857841
      pc12 = -0.648597
      pc13 = 0.573867
      pc14 = -0.495587
      pc15 = -0.098561
      pc16 = 0.0482091
      pc17 = 0.0927953
      pc18 = -0.0407745
      pc19 = 0.131603
Constrained:
   Tgbecnw = 79280.1
     Tecnw = 25497.6
       Tnw = 13978.2
       Tec = 3493.78
     twoNb = 1.51848e+06
     twoNe = 1.45832e+07
     twoNc = 3.15124e+07
     twoNw = 3.8487e+06
    twoNec = 98745.3
    twoNnw = 49513.1
  twoNecnw = 55109.1
  twoNbecnw = 1377.84
  twoNgbecnw = 369874
         m = 0.0697113
        m2 = 0.0244865
        m4 = 0.00133034
        m5 = 0.127889
        m6 = 9.77944e-07
        m8 = 0.0781345
        Th = 8736
        Tb = 17116.8
        Ta = 46158.4
        Td = 1746.89
        Te = 873.444
        Tf = 436.722
#       SitePat  BranchLen
              b 113493.5606997
              e 42185.6224109
              c 43885.4884874
              n 41328.1134291
              w 41304.8248703
            b:e 1174.3597555
            b:c 1309.1690277
            b:n 966.8680828
            b:w 965.9076408
            e:c 11098.1088724
            e:n 4357.4059679
            e:w 4376.2023501
            c:n 3916.7795151
            c:w 3916.0492744
            n:w 11426.7899947
          b:e:c 1185.4906760
          b:e:n 547.6680791
          b:e:w 548.2960042
          b:c:n 551.3775473
          b:c:w 550.6866833
          b:n:w 1213.8397838
          e:c:n 4047.5232884
          e:c:w 4052.7457058
          e:n:w 5404.3026009
          c:n:w 4680.2195892
        b:e:c:n 1064.7034493
        b:e:c:w 1065.7268301
        b:e:n:w 1818.4777343
        b:c:n:w 1602.5647587
        e:c:n:w 45132.0631280
