########################################
# legofit: estimate population history #
#       version 2.3.4-4-g53f8760       #
########################################

# Program was compiled: Sep 21 2021 14:36:42
# Program was run: Fri Oct 22 22:16:13 2021

# cmd: legofit -1 -d 0 -t 56 --ptsPerDim 3 --stateOut b1boot35.state --tol 3e-6 -S 5000 abdefh2.lgo ../../chrX/boot_chrX/boot35.opf
# Stage nOptItr nSimReps
#     0    5000        0
# algorithm          : deterministic
# ignoring probs <=  : 0
# Branch length floor: 0
# DE strategy        : 2
#    F               : 0.3
#    CR              : 0.8
#    tolerance       : 3e-06
# nthreads           : 56
# lgo input file     : abdefh2.lgo
# site pat input file: ../../chrX/boot_chrX/boot35.opf
# free parameters    : 19
# points in DE swarm : 57
# output state file  : b1boot35.state
# Including singleton site patterns.
# cost function      : KL
Initial parameter values
Fixed:
      zero = 0
       one = 1
    Tbecnw = 75200
Free:
       pc1 = 0
       pc2 = 0
       pc3 = 0
       pc4 = 0
       pc5 = 0
       pc6 = 0
       pc7 = 0
       pc8 = 0
       pc9 = 0
      pc10 = 0
      pc11 = 0
      pc12 = 0
      pc13 = 0
      pc14 = 0
      pc15 = 0
      pc16 = 0
      pc17 = 0
      pc18 = 0
      pc19 = 0
Constrained:
   Tgbecnw = 104421
     Tecnw = 28504.3
       Tnw = 12277.6
       Tec = 8170.81
     twoNb = 2.14501e+06
     twoNe = 7.58264e+06
     twoNc = 8.23721e+06
     twoNw = 1.75427e+06
    twoNec = 67566.7
    twoNnw = 65196.2
  twoNecnw = 55582
  twoNbecnw = 9397.13
  twoNgbecnw = 329766
         m = 0.0801606
        m2 = 0.0256207
        m4 = 0.00253513
        m5 = 0.127786
        m6 = 4.08172e-07
        m8 = 0.141122
        Th = 10224.2
        Tb = 19364.2
        Ta = 47282.1
        Td = 4085.41
        Te = 2042.7
        Tf = 1021.35
DiffEv reached_goal. cost=2.28182e-03 spread=2.69987e-06
Fitted parameter values
Free:
       pc1 = -3.75736
       pc2 = -0.730652
       pc3 = 2.7024
       pc4 = -0.519305
       pc5 = -1.69134
       pc6 = -0.207395
       pc7 = -0.795687
       pc8 = 1.96019
       pc9 = -0.0976639
      pc10 = 0.900367
      pc11 = -0.591964
      pc12 = -0.403158
      pc13 = 0.156557
      pc14 = 0.0293042
      pc15 = -0.176602
      pc16 = -0.0562573
      pc17 = 0.0916885
      pc18 = 0.03806
      pc19 = 0.0609274
Constrained:
   Tgbecnw = 80823.2
     Tecnw = 26262.6
       Tnw = 14757.7
       Tec = 4291.19
     twoNb = 2.79061e+06
     twoNe = 1.67724e+07
     twoNc = 1.75382e+07
     twoNw = 3.5505e+06
    twoNec = 91372
    twoNnw = 47446.6
  twoNecnw = 57691.7
  twoNbecnw = 1864.79
  twoNgbecnw = 373776
         m = 0.0736042
        m2 = 0.0223646
        m4 = 0.00143541
        m5 = 0.138183
        m6 = 1.71646e-06
        m8 = 0.108772
        Th = 9524.45
        Tb = 17893.5
        Ta = 46546.8
        Td = 2145.59
        Te = 1072.8
        Tf = 536.398
#       SitePat  BranchLen
              b 114915.0733656
              e 42773.9690208
              c 44621.5242361
              n 42013.7765605
              w 41983.3379697
            b:e 1156.5048774
            b:c 1297.1591484
            b:n 978.6736858
            b:w 977.3980882
            e:c 11158.3681174
            e:n 4447.6359251
            e:w 4471.3083254
            c:n 3968.2317567
            c:w 3968.1004312
            n:w 11447.4098930
          b:e:c 1195.3325552
          b:e:n 557.4886899
          b:e:w 558.2555998
          b:c:n 561.6111379
          b:c:w 560.7574888
          b:n:w 1227.9079150
          e:c:n 4003.7338804
          e:c:w 4010.6313963
          e:n:w 5406.0136590
          c:n:w 4626.7465371
        b:e:c:n 1081.8589629
        b:e:c:w 1083.2212998
        b:e:n:w 1816.1884608
        b:c:n:w 1583.2337997
        e:c:n:w 45830.1544060
