########################################
# legofit: estimate population history #
#       version 2.3.4-4-g53f8760       #
########################################

# Program was compiled: Sep 21 2021 14:36:42
# Program was run: Sat Oct 23 03:39:00 2021

# cmd: legofit -1 -d 0 -t 56 --ptsPerDim 3 --stateOut b1boot46.state --tol 3e-6 -S 5000 abdefh2.lgo ../../chrX/boot_chrX/boot46.opf
# Stage nOptItr nSimReps
#     0    5000        0
# algorithm          : deterministic
# ignoring probs <=  : 0
# Branch length floor: 0
# DE strategy        : 2
#    F               : 0.3
#    CR              : 0.8
#    tolerance       : 3e-06
# nthreads           : 56
# lgo input file     : abdefh2.lgo
# site pat input file: ../../chrX/boot_chrX/boot46.opf
# free parameters    : 19
# points in DE swarm : 57
# output state file  : b1boot46.state
# Including singleton site patterns.
# cost function      : KL
Initial parameter values
Fixed:
      zero = 0
       one = 1
    Tbecnw = 75200
Free:
       pc1 = 0
       pc2 = 0
       pc3 = 0
       pc4 = 0
       pc5 = 0
       pc6 = 0
       pc7 = 0
       pc8 = 0
       pc9 = 0
      pc10 = 0
      pc11 = 0
      pc12 = 0
      pc13 = 0
      pc14 = 0
      pc15 = 0
      pc16 = 0
      pc17 = 0
      pc18 = 0
      pc19 = 0
Constrained:
   Tgbecnw = 104421
     Tecnw = 28504.3
       Tnw = 12277.6
       Tec = 8170.81
     twoNb = 2.14501e+06
     twoNe = 7.58264e+06
     twoNc = 8.23721e+06
     twoNw = 1.75427e+06
    twoNec = 67566.7
    twoNnw = 65196.2
  twoNecnw = 55582
  twoNbecnw = 9397.13
  twoNgbecnw = 329766
         m = 0.0801606
        m2 = 0.0256207
        m4 = 0.00253513
        m5 = 0.127786
        m6 = 4.08172e-07
        m8 = 0.141122
        Th = 10224.2
        Tb = 19364.2
        Ta = 47282.1
        Td = 4085.41
        Te = 2042.7
        Tf = 1021.35
DiffEv reached_goal. cost=2.15321e-03 spread=2.25536e-06
Fitted parameter values
Free:
       pc1 = -3.98526
       pc2 = -0.79963
       pc3 = 3.35912
       pc4 = -0.601378
       pc5 = -1.75046
       pc6 = 0.577016
       pc7 = -1.72534
       pc8 = 1.83127
       pc9 = -0.305303
      pc10 = 1.63326
      pc11 = 0.272951
      pc12 = -1.55316
      pc13 = 0.122108
      pc14 = 0.0585115
      pc15 = 0.0387563
      pc16 = 0.126325
      pc17 = 0.132552
      pc18 = -0.0642693
      pc19 = 0.129237
Constrained:
   Tgbecnw = 77037.5
     Tecnw = 25658.7
       Tnw = 13024.8
       Tec = 4781.61
     twoNb = 936875
     twoNe = 1.61941e+07
     twoNc = 2.67719e+07
     twoNw = 4.49875e+06
    twoNec = 89851.2
    twoNnw = 54673.2
  twoNecnw = 55827
  twoNbecnw = 621.121
  twoNgbecnw = 375690
         m = 0.0674262
        m2 = 0.0225478
        m4 = 0.000623117
        m5 = 0.136547
        m6 = 1.42811e-06
        m8 = 0.0824296
        Th = 8903.21
        Tb = 17280.9
        Ta = 46240.5
        Td = 2390.8
        Te = 1195.4
        Tf = 597.701
#       SitePat  BranchLen
              b 112537.9200685
              e 42155.7996851
              c 43921.7701129
              n 41402.0744767
              w 41383.4170835
            b:e 1175.2452092
            b:c 1312.0281670
            b:n 977.5186385
            b:w 976.7539603
            e:c 11046.3598322
            e:n 4398.6455973
            e:w 4414.0739441
            c:n 3923.0787201
            c:w 3922.2159660
            n:w 11443.0138402
          b:e:c 1194.3789303
          b:e:n 553.2963726
          b:e:w 553.8219059
          b:c:n 557.1186015
          b:c:w 556.5400066
          b:n:w 1214.1614519
          e:c:n 4041.7189637
          e:c:w 4045.8107642
          e:n:w 5343.4740691
          c:n:w 4600.1696128
        b:e:c:n 1082.0077729
        b:e:c:w 1082.8255127
        b:e:n:w 1749.7449407
        b:c:n:w 1551.1805221
        e:c:n:w 44237.3386433
