########################################
# legofit: estimate population history #
#       version 2.3.4-4-g53f8760       #
########################################

# Program was compiled: Sep 21 2021 14:36:42
# Program was run: Fri Oct 22 21:12:00 2021

# cmd: legofit -1 -d 0 -t 56 --ptsPerDim 3 --stateOut b1boot19.state --tol 3e-6 -S 5000 abdefh2.lgo ../../chrX/boot_chrX/boot19.opf
# Stage nOptItr nSimReps
#     0    5000        0
# algorithm          : deterministic
# ignoring probs <=  : 0
# Branch length floor: 0
# DE strategy        : 2
#    F               : 0.3
#    CR              : 0.8
#    tolerance       : 3e-06
# nthreads           : 56
# lgo input file     : abdefh2.lgo
# site pat input file: ../../chrX/boot_chrX/boot19.opf
# free parameters    : 19
# points in DE swarm : 57
# output state file  : b1boot19.state
# Including singleton site patterns.
# cost function      : KL
Initial parameter values
Fixed:
      zero = 0
       one = 1
    Tbecnw = 75200
Free:
       pc1 = 0
       pc2 = 0
       pc3 = 0
       pc4 = 0
       pc5 = 0
       pc6 = 0
       pc7 = 0
       pc8 = 0
       pc9 = 0
      pc10 = 0
      pc11 = 0
      pc12 = 0
      pc13 = 0
      pc14 = 0
      pc15 = 0
      pc16 = 0
      pc17 = 0
      pc18 = 0
      pc19 = 0
Constrained:
   Tgbecnw = 104421
     Tecnw = 28504.3
       Tnw = 12277.6
       Tec = 8170.81
     twoNb = 2.14501e+06
     twoNe = 7.58264e+06
     twoNc = 8.23721e+06
     twoNw = 1.75427e+06
    twoNec = 67566.7
    twoNnw = 65196.2
  twoNecnw = 55582
  twoNbecnw = 9397.13
  twoNgbecnw = 329766
         m = 0.0801606
        m2 = 0.0256207
        m4 = 0.00253513
        m5 = 0.127786
        m6 = 4.08172e-07
        m8 = 0.141122
        Th = 10224.2
        Tb = 19364.2
        Ta = 47282.1
        Td = 4085.41
        Te = 2042.7
        Tf = 1021.35
DiffEv reached_goal. cost=2.27213e-03 spread=2.75005e-06
Fitted parameter values
Free:
       pc1 = -3.92794
       pc2 = -0.922502
       pc3 = 1.73104
       pc4 = -0.45344
       pc5 = -1.73249
       pc6 = 1.16717
       pc7 = -0.789928
       pc8 = 1.75261
       pc9 = -0.431509
      pc10 = 1.23405
      pc11 = 1.29408
      pc12 = -0.515843
      pc13 = -0.323024
      pc14 = -0.391309
      pc15 = -0.0560088
      pc16 = 0.300184
      pc17 = -0.047897
      pc18 = 0.030227
      pc19 = 0.0122306
Constrained:
   Tgbecnw = 82760.8
     Tecnw = 26165.1
       Tnw = 15517.7
       Tec = 5622.78
     twoNb = 2.4409e+06
     twoNe = 6.04639e+06
     twoNc = 2.6123e+07
     twoNw = 4.40998e+06
    twoNec = 80652.9
    twoNnw = 40080.4
  twoNecnw = 57688.6
  twoNbecnw = 2469.07
  twoNgbecnw = 384238
         m = 0.0678781
        m2 = 0.0238944
        m4 = 0.000974839
        m5 = 0.125718
        m6 = 6.55902e-07
        m8 = 0.104862
        Th = 10570.3
        Tb = 18367.7
        Ta = 46783.8
        Td = 2811.39
        Te = 1405.7
        Tf = 702.848
#       SitePat  BranchLen
              b 113934.3280216
              e 42630.0664317
              c 44396.0272723
              n 41616.8844482
              w 41594.8067209
            b:e 1164.0321672
            b:c 1298.8350066
            b:n 964.5558793
            b:w 963.6199385
            e:c 11539.2570333
            e:n 4299.7713789
            e:w 4317.0680858
            c:n 3849.1025233
            c:w 3848.8063425
            n:w 11930.3117098
          b:e:c 1236.4353094
          b:e:n 538.9613627
          b:e:w 539.5319260
          b:c:n 542.6079982
          b:c:w 541.9748231
          b:n:w 1272.6275101
          e:c:n 3979.4502996
          e:c:w 3984.5275006
          e:n:w 5476.6517745
          c:n:w 4701.5030207
        b:e:c:n 1064.4050731
        b:e:c:w 1065.4036257
        b:e:n:w 1811.5029533
        b:c:n:w 1598.7290768
        e:c:n:w 44890.4858383
