########################################
# legofit: estimate population history #
#       version 2.3.4-4-g53f8760       #
########################################

# Program was compiled: Sep 21 2021 14:36:42
# Program was run: Fri Oct 22 21:28:02 2021

# cmd: legofit -1 -d 0 -t 56 --ptsPerDim 3 --stateOut b1boot28.state --tol 3e-6 -S 5000 abdefh2.lgo ../../chrX/boot_chrX/boot28.opf
# Stage nOptItr nSimReps
#     0    5000        0
# algorithm          : deterministic
# ignoring probs <=  : 0
# Branch length floor: 0
# DE strategy        : 2
#    F               : 0.3
#    CR              : 0.8
#    tolerance       : 3e-06
# nthreads           : 56
# lgo input file     : abdefh2.lgo
# site pat input file: ../../chrX/boot_chrX/boot28.opf
# free parameters    : 19
# points in DE swarm : 57
# output state file  : b1boot28.state
# Including singleton site patterns.
# cost function      : KL
Initial parameter values
Fixed:
      zero = 0
       one = 1
    Tbecnw = 75200
Free:
       pc1 = 0
       pc2 = 0
       pc3 = 0
       pc4 = 0
       pc5 = 0
       pc6 = 0
       pc7 = 0
       pc8 = 0
       pc9 = 0
      pc10 = 0
      pc11 = 0
      pc12 = 0
      pc13 = 0
      pc14 = 0
      pc15 = 0
      pc16 = 0
      pc17 = 0
      pc18 = 0
      pc19 = 0
Constrained:
   Tgbecnw = 104421
     Tecnw = 28504.3
       Tnw = 12277.6
       Tec = 8170.81
     twoNb = 2.14501e+06
     twoNe = 7.58264e+06
     twoNc = 8.23721e+06
     twoNw = 1.75427e+06
    twoNec = 67566.7
    twoNnw = 65196.2
  twoNecnw = 55582
  twoNbecnw = 9397.13
  twoNgbecnw = 329766
         m = 0.0801606
        m2 = 0.0256207
        m4 = 0.00253513
        m5 = 0.127786
        m6 = 4.08172e-07
        m8 = 0.141122
        Th = 10224.2
        Tb = 19364.2
        Ta = 47282.1
        Td = 4085.41
        Te = 2042.7
        Tf = 1021.35
DiffEv reached_goal. cost=2.16148e-03 spread=2.37887e-06
Fitted parameter values
Free:
       pc1 = -3.97472
       pc2 = -0.407319
       pc3 = 3.82848
       pc4 = -0.702215
       pc5 = -1.44547
       pc6 = -0.319663
       pc7 = -0.450163
       pc8 = 1.84844
       pc9 = -0.86718
      pc10 = 1.0778
      pc11 = -0.898254
      pc12 = -0.207794
      pc13 = 0.213897
      pc14 = -0.259968
      pc15 = -0.205842
      pc16 = -0.038783
      pc17 = -0.0110388
      pc18 = -0.0626238
      pc19 = 0.0578629
Constrained:
   Tgbecnw = 80151
     Tecnw = 26339.6
       Tnw = 14751.1
       Tec = 2306.71
     twoNb = 2.10984e+06
     twoNe = 1.8034e+07
     twoNc = 2.7278e+07
     twoNw = 3.26295e+06
    twoNec = 101480
    twoNnw = 45333
  twoNecnw = 56038.1
  twoNbecnw = 1678.85
  twoNgbecnw = 359586
         m = 0.0717182
        m2 = 0.0216541
        m4 = 0.00186092
        m5 = 0.139768
        m6 = 1.85957e-06
        m8 = 0.104467
        Th = 8528.9
        Tb = 17434.2
        Ta = 46317.1
        Td = 1153.35
        Te = 576.677
        Tf = 288.338
#       SitePat  BranchLen
              b 113501.6743331
              e 42311.0442811
              c 44251.9208271
              n 41469.5022460
              w 41434.0773816
            b:e 1160.8054087
            b:c 1313.4347585
            b:n 964.3737994
            b:w 962.8954841
            e:c 11249.0138741
            e:n 4387.2667219
            e:w 4414.3330578
            c:n 3891.9047612
            c:w 3892.2241783
            n:w 11592.7236296
          b:e:c 1202.3058944
          b:e:n 549.2869188
          b:e:w 550.1434974
          b:c:n 553.6438060
          b:c:w 552.6902145
          b:n:w 1228.1876358
          e:c:n 3964.8956446
          e:c:w 3972.9347560
          e:n:w 5515.4454066
          c:n:w 4676.3262969
        b:e:c:n 1062.3620956
        b:e:c:w 1063.9374239
        b:e:n:w 1791.6756779
        b:c:n:w 1547.8561046
        e:c:n:w 44809.8224890
