########################################
# legofit: estimate population history #
#       version 2.3.4-4-g53f8760       #
########################################

# Program was compiled: Sep 21 2021 14:36:42
# Program was run: Fri Oct 22 21:12:00 2021

# cmd: legofit -1 -d 0 -t 56 --ptsPerDim 3 --stateOut b1boot18.state --tol 3e-6 -S 5000 abdefh2.lgo ../../chrX/boot_chrX/boot18.opf
# Stage nOptItr nSimReps
#     0    5000        0
# algorithm          : deterministic
# ignoring probs <=  : 0
# Branch length floor: 0
# DE strategy        : 2
#    F               : 0.3
#    CR              : 0.8
#    tolerance       : 3e-06
# nthreads           : 56
# lgo input file     : abdefh2.lgo
# site pat input file: ../../chrX/boot_chrX/boot18.opf
# free parameters    : 19
# points in DE swarm : 57
# output state file  : b1boot18.state
# Including singleton site patterns.
# cost function      : KL
Initial parameter values
Fixed:
      zero = 0
       one = 1
    Tbecnw = 75200
Free:
       pc1 = 0
       pc2 = 0
       pc3 = 0
       pc4 = 0
       pc5 = 0
       pc6 = 0
       pc7 = 0
       pc8 = 0
       pc9 = 0
      pc10 = 0
      pc11 = 0
      pc12 = 0
      pc13 = 0
      pc14 = 0
      pc15 = 0
      pc16 = 0
      pc17 = 0
      pc18 = 0
      pc19 = 0
Constrained:
   Tgbecnw = 104421
     Tecnw = 28504.3
       Tnw = 12277.6
       Tec = 8170.81
     twoNb = 2.14501e+06
     twoNe = 7.58264e+06
     twoNc = 8.23721e+06
     twoNw = 1.75427e+06
    twoNec = 67566.7
    twoNnw = 65196.2
  twoNecnw = 55582
  twoNbecnw = 9397.13
  twoNgbecnw = 329766
         m = 0.0801606
        m2 = 0.0256207
        m4 = 0.00253513
        m5 = 0.127786
        m6 = 4.08172e-07
        m8 = 0.141122
        Th = 10224.2
        Tb = 19364.2
        Ta = 47282.1
        Td = 4085.41
        Te = 2042.7
        Tf = 1021.35
DiffEv reached_goal. cost=2.29582e-03 spread=2.47247e-06
Fitted parameter values
Free:
       pc1 = -3.99366
       pc2 = -0.254071
       pc3 = 3.52804
       pc4 = -1.78874
       pc5 = -1.72158
       pc6 = 0.0902853
       pc7 = -1.53101
       pc8 = 1.94095
       pc9 = -0.486157
      pc10 = 1.69222
      pc11 = -0.550564
      pc12 = -0.180215
      pc13 = 0.764668
      pc14 = -0.451885
      pc15 = 0.0407378
      pc16 = -0.171821
      pc17 = 0.0713193
      pc18 = -0.10808
      pc19 = 0.142208
Constrained:
   Tgbecnw = 78479.1
     Tecnw = 25809.8
       Tnw = 14891.2
       Tec = 3168.3
     twoNb = 1.58374e+06
     twoNe = 2.1787e+07
     twoNc = 2.95045e+07
     twoNw = 3.97155e+06
    twoNec = 99091.5
    twoNnw = 46001.1
  twoNecnw = 55974.2
  twoNbecnw = 1129.74
  twoNgbecnw = 353043
         m = 0.0741658
        m2 = 0.0249254
        m4 = 0.00114574
        m5 = 0.149273
        m6 = 1.42592e-06
        m8 = 0.101658
        Th = 9029.77
        Tb = 17419.8
        Ta = 46309.9
        Td = 1584.15
        Te = 792.075
        Tf = 396.037
#       SitePat  BranchLen
              b 113657.6802339
              e 42308.0023147
              c 44245.2293738
              n 41506.7456751
              w 41477.4020600
            b:e 1185.5733217
            b:c 1340.0892221
            b:n 976.9373591
            b:w 975.6948425
            e:c 10914.1619398
            e:n 4476.8041725
            e:w 4499.8553931
            c:n 3975.6925244
            c:w 3975.2699180
            n:w 11231.6057914
          b:e:c 1186.2819066
          b:e:n 562.7121857
          b:e:w 563.4776896
          b:c:n 567.0962568
          b:c:w 566.2475627
          b:n:w 1214.2870069
          e:c:n 4017.8748425
          e:c:w 4024.5898433
          e:n:w 5512.2482539
          c:n:w 4681.4869178
        b:e:c:n 1078.5078213
        b:e:c:w 1079.8335280
        b:e:n:w 1850.3629788
        b:c:n:w 1607.9245104
        e:c:n:w 45152.4203464
