########################################
# legofit: estimate population history #
#       version 2.3.4-4-g53f8760       #
########################################

# Program was compiled: Sep 21 2021 14:36:42
# Program was run: Sat Oct 23 02:51:53 2021

# cmd: legofit -1 -d 0 -t 56 --ptsPerDim 3 --stateOut b1boot45.state --tol 3e-6 -S 5000 abdefh2.lgo ../../chrX/boot_chrX/boot45.opf
# Stage nOptItr nSimReps
#     0    5000        0
# algorithm          : deterministic
# ignoring probs <=  : 0
# Branch length floor: 0
# DE strategy        : 2
#    F               : 0.3
#    CR              : 0.8
#    tolerance       : 3e-06
# nthreads           : 56
# lgo input file     : abdefh2.lgo
# site pat input file: ../../chrX/boot_chrX/boot45.opf
# free parameters    : 19
# points in DE swarm : 57
# output state file  : b1boot45.state
# Including singleton site patterns.
# cost function      : KL
Initial parameter values
Fixed:
      zero = 0
       one = 1
    Tbecnw = 75200
Free:
       pc1 = 0
       pc2 = 0
       pc3 = 0
       pc4 = 0
       pc5 = 0
       pc6 = 0
       pc7 = 0
       pc8 = 0
       pc9 = 0
      pc10 = 0
      pc11 = 0
      pc12 = 0
      pc13 = 0
      pc14 = 0
      pc15 = 0
      pc16 = 0
      pc17 = 0
      pc18 = 0
      pc19 = 0
Constrained:
   Tgbecnw = 104421
     Tecnw = 28504.3
       Tnw = 12277.6
       Tec = 8170.81
     twoNb = 2.14501e+06
     twoNe = 7.58264e+06
     twoNc = 8.23721e+06
     twoNw = 1.75427e+06
    twoNec = 67566.7
    twoNnw = 65196.2
  twoNecnw = 55582
  twoNbecnw = 9397.13
  twoNgbecnw = 329766
         m = 0.0801606
        m2 = 0.0256207
        m4 = 0.00253513
        m5 = 0.127786
        m6 = 4.08172e-07
        m8 = 0.141122
        Th = 10224.2
        Tb = 19364.2
        Ta = 47282.1
        Td = 4085.41
        Te = 2042.7
        Tf = 1021.35
DiffEv reached_goal. cost=2.00804e-03 spread=2.38046e-06
Fitted parameter values
Free:
       pc1 = -3.90008
       pc2 = -0.701605
       pc3 = 3.81358
       pc4 = 1.57859
       pc5 = -1.11446
       pc6 = 0.0670867
       pc7 = -0.342428
       pc8 = 1.77745
       pc9 = -0.95711
      pc10 = 1.49009
      pc11 = -0.0272071
      pc12 = -0.366487
      pc13 = 0.950439
      pc14 = -0.0319812
      pc15 = -0.146396
      pc16 = 0.100182
      pc17 = 0.0592116
      pc18 = -0.0309172
      pc19 = 0.110698
Constrained:
   Tgbecnw = 78379.5
     Tecnw = 25580.1
       Tnw = 13139
       Tec = 3004.89
     twoNb = 1.9988e+06
     twoNe = 1.18479e+07
     twoNc = 2.41169e+07
     twoNw = 3.59029e+06
    twoNec = 98404.7
    twoNnw = 53800.1
  twoNecnw = 56434.9
  twoNbecnw = 1081.82
  twoNgbecnw = 358128
         m = 0.072219
        m2 = 0.0219214
        m4 = 0.00429733
        m5 = 0.122489
        m6 = 2.00078e-06
        m8 = 0.0836745
        Th = 8071.93
        Tb = 16826
        Ta = 46013
        Td = 1502.45
        Te = 751.223
        Tf = 375.611
#       SitePat  BranchLen
              b 113047.9369134
              e 42205.6734343
              c 43985.0036894
              n 41528.5460141
              w 41504.4998536
            b:e 1148.1178738
            b:c 1299.0757023
            b:n 971.3056394
            b:w 970.3279744
            e:c 11275.3291179
            e:n 4377.9074964
            e:w 4396.8690068
            c:n 3927.3721870
            c:w 3927.1360629
            n:w 11532.6279469
          b:e:c 1186.3282208
          b:e:n 547.9436215
          b:e:w 548.5517430
          b:c:n 552.1696514
          b:c:w 551.4948421
          b:n:w 1212.6109027
          e:c:n 4041.6251003
          e:c:w 4046.9458746
          e:n:w 5342.1925708
          c:n:w 4604.4643864
        b:e:c:n 1073.4296239
        b:e:c:w 1074.4739767
        b:e:n:w 1832.6534214
        b:c:n:w 1553.1926123
        e:c:n:w 44471.5717485
