########################################
# legofit: estimate population history #
#       version 2.3.4-4-g53f8760       #
########################################

# Program was compiled: Sep 21 2021 14:36:42
# Program was run: Sat Oct 23 02:31:41 2021

# cmd: legofit -1 -d 0 -t 56 --ptsPerDim 3 --stateOut b1boot44.state --tol 3e-6 -S 5000 abdefh2.lgo ../../chrX/boot_chrX/boot44.opf
# Stage nOptItr nSimReps
#     0    5000        0
# algorithm          : deterministic
# ignoring probs <=  : 0
# Branch length floor: 0
# DE strategy        : 2
#    F               : 0.3
#    CR              : 0.8
#    tolerance       : 3e-06
# nthreads           : 56
# lgo input file     : abdefh2.lgo
# site pat input file: ../../chrX/boot_chrX/boot44.opf
# free parameters    : 19
# points in DE swarm : 57
# output state file  : b1boot44.state
# Including singleton site patterns.
# cost function      : KL
Initial parameter values
Fixed:
      zero = 0
       one = 1
    Tbecnw = 75200
Free:
       pc1 = 0
       pc2 = 0
       pc3 = 0
       pc4 = 0
       pc5 = 0
       pc6 = 0
       pc7 = 0
       pc8 = 0
       pc9 = 0
      pc10 = 0
      pc11 = 0
      pc12 = 0
      pc13 = 0
      pc14 = 0
      pc15 = 0
      pc16 = 0
      pc17 = 0
      pc18 = 0
      pc19 = 0
Constrained:
   Tgbecnw = 104421
     Tecnw = 28504.3
       Tnw = 12277.6
       Tec = 8170.81
     twoNb = 2.14501e+06
     twoNe = 7.58264e+06
     twoNc = 8.23721e+06
     twoNw = 1.75427e+06
    twoNec = 67566.7
    twoNnw = 65196.2
  twoNecnw = 55582
  twoNbecnw = 9397.13
  twoNgbecnw = 329766
         m = 0.0801606
        m2 = 0.0256207
        m4 = 0.00253513
        m5 = 0.127786
        m6 = 4.08172e-07
        m8 = 0.141122
        Th = 10224.2
        Tb = 19364.2
        Ta = 47282.1
        Td = 4085.41
        Te = 2042.7
        Tf = 1021.35
DiffEv reached_goal. cost=2.12365e-03 spread=2.58210e-06
Fitted parameter values
Free:
       pc1 = -3.86369
       pc2 = -1.83185
       pc3 = 0.352144
       pc4 = -1.35756
       pc5 = -1.44215
       pc6 = 1.27195
       pc7 = -1.13491
       pc8 = 1.96907
       pc9 = -0.135308
      pc10 = 1.80043
      pc11 = -0.0208084
      pc12 = 0.0870568
      pc13 = 0.463502
      pc14 = -0.25813
      pc15 = 0.202185
      pc16 = -0.0280395
      pc17 = -0.250199
      pc18 = -0.101771
      pc19 = 0.0619766
Constrained:
   Tgbecnw = 77558.9
     Tecnw = 25487.8
       Tnw = 16018.3
       Tec = 7397.48
     twoNb = 4.76415e+06
     twoNe = 7.86055e+06
     twoNc = 2.39314e+07
     twoNw = 4.01878e+06
    twoNec = 67274.1
    twoNnw = 36621
  twoNecnw = 58693.6
  twoNbecnw = 788.577
  twoNgbecnw = 380339
         m = 0.0699365
        m2 = 0.0254335
        m4 = 0.00193202
        m5 = 0.142813
        m6 = 4.35576e-07
        m8 = 0.128915
        Th = 11707.9
        Tb = 18597.8
        Ta = 46898.9
        Td = 3698.74
        Te = 1849.37
        Tf = 924.685
#       SitePat  BranchLen
              b 113589.0405329
              e 42138.3933028
              c 44094.7867480
              n 41282.2612648
              w 41255.8560840
            b:e 1152.3800705
            b:c 1305.5718497
            b:n 973.9224918
            b:w 972.7642092
            e:c 11207.5251558
            e:n 4426.8769269
            e:w 4447.7922725
            c:n 3937.6370956
            c:w 3936.8427024
            n:w 11531.1740570
          b:e:c 1218.8130991
          b:e:n 550.5757206
          b:e:w 551.2981357
          b:c:n 555.0811397
          b:c:w 554.2767577
          b:n:w 1259.9062156
          e:c:n 4017.3820315
          e:c:w 4023.6662599
          e:n:w 5523.8788994
          c:n:w 4671.8495069
        b:e:c:n 1080.4759762
        b:e:c:w 1081.7162257
        b:e:n:w 1874.6033410
        b:c:n:w 1609.7528448
        e:c:n:w 45034.8012946
