########################################
# legofit: estimate population history #
#       version 2.3.4-4-g53f8760       #
########################################

# Program was compiled: Sep 21 2021 14:36:42
# Program was run: Fri Oct 22 20:53:00 2021

# cmd: legofit -1 -d 0 -t 56 --ptsPerDim 3 --stateOut b1boot15.state --tol 3e-6 -S 5000 abdefh2.lgo ../../chrX/boot_chrX/boot15.opf
# Stage nOptItr nSimReps
#     0    5000        0
# algorithm          : deterministic
# ignoring probs <=  : 0
# Branch length floor: 0
# DE strategy        : 2
#    F               : 0.3
#    CR              : 0.8
#    tolerance       : 3e-06
# nthreads           : 56
# lgo input file     : abdefh2.lgo
# site pat input file: ../../chrX/boot_chrX/boot15.opf
# free parameters    : 19
# points in DE swarm : 57
# output state file  : b1boot15.state
# Including singleton site patterns.
# cost function      : KL
Initial parameter values
Fixed:
      zero = 0
       one = 1
    Tbecnw = 75200
Free:
       pc1 = 0
       pc2 = 0
       pc3 = 0
       pc4 = 0
       pc5 = 0
       pc6 = 0
       pc7 = 0
       pc8 = 0
       pc9 = 0
      pc10 = 0
      pc11 = 0
      pc12 = 0
      pc13 = 0
      pc14 = 0
      pc15 = 0
      pc16 = 0
      pc17 = 0
      pc18 = 0
      pc19 = 0
Constrained:
   Tgbecnw = 104421
     Tecnw = 28504.3
       Tnw = 12277.6
       Tec = 8170.81
     twoNb = 2.14501e+06
     twoNe = 7.58264e+06
     twoNc = 8.23721e+06
     twoNw = 1.75427e+06
    twoNec = 67566.7
    twoNnw = 65196.2
  twoNecnw = 55582
  twoNbecnw = 9397.13
  twoNgbecnw = 329766
         m = 0.0801606
        m2 = 0.0256207
        m4 = 0.00253513
        m5 = 0.127786
        m6 = 4.08172e-07
        m8 = 0.141122
        Th = 10224.2
        Tb = 19364.2
        Ta = 47282.1
        Td = 4085.41
        Te = 2042.7
        Tf = 1021.35
DiffEv reached_goal. cost=2.13332e-03 spread=2.49151e-06
Fitted parameter values
Free:
       pc1 = -3.42361
       pc2 = -1.16495
       pc3 = 3.67298
       pc4 = -1.25825
       pc5 = -1.51891
       pc6 = -0.264028
       pc7 = -1.1518
       pc8 = 1.96134
       pc9 = 0.289737
      pc10 = 1.3552
      pc11 = 0.692849
      pc12 = -1.163
      pc13 = 0.284796
      pc14 = -0.398287
      pc15 = -0.00500218
      pc16 = 0.0638689
      pc17 = 0.0839336
      pc18 = -0.119637
      pc19 = 0.0621983
Constrained:
   Tgbecnw = 79814.4
     Tecnw = 25948.8
       Tnw = 13730.4
       Tec = 3959.13
     twoNb = 807570
     twoNe = 2.64806e+07
     twoNc = 1.9212e+07
     twoNw = 4.04526e+06
    twoNec = 94545
    twoNnw = 49987.9
  twoNecnw = 54162.5
  twoNbecnw = 1566.3
  twoNgbecnw = 400473
         m = 0.0572307
        m2 = 0.0237411
        m4 = 0.000656949
        m5 = 0.136527
        m6 = 1.05709e-06
        m8 = 0.0917983
        Th = 8844.77
        Tb = 17396.8
        Ta = 46298.4
        Td = 1979.56
        Te = 989.782
        Tf = 494.891
#       SitePat  BranchLen
              b 112193.5085050
              e 42114.1606810
              c 43922.3924011
              n 41158.6472294
              w 41135.3455318
            b:e 1288.4248677
            b:c 1443.1049895
            b:n 1047.5776745
            b:w 1046.5325065
            e:c 11114.2713346
            e:n 4413.4140615
            e:w 4432.0289721
            c:n 3939.5437603
            c:w 3938.9376828
            n:w 11600.6704702
          b:e:c 1300.2572343
          b:e:n 595.2154758
          b:e:w 595.8846107
          b:c:n 599.4558532
          b:c:w 598.7182145
          b:n:w 1313.4833696
          e:c:n 4100.7026329
          e:c:w 4105.9954974
          e:n:w 5592.0450135
          c:n:w 4800.6537005
        b:e:c:n 1153.6231310
        b:e:c:w 1154.7368028
        b:e:n:w 1857.3609337
        b:c:n:w 1645.7280029
        e:c:n:w 44015.4909842
