########################################
# legofit: estimate population history #
#       version 2.3.4-4-g53f8760       #
########################################

# Program was compiled: Sep 21 2021 14:36:42
# Program was run: Fri Oct 22 22:12:56 2021

# cmd: legofit -1 -d 0 -t 56 --ptsPerDim 3 --stateOut b1boot34.state --tol 3e-6 -S 5000 abdefh2.lgo ../../chrX/boot_chrX/boot34.opf
# Stage nOptItr nSimReps
#     0    5000        0
# algorithm          : deterministic
# ignoring probs <=  : 0
# Branch length floor: 0
# DE strategy        : 2
#    F               : 0.3
#    CR              : 0.8
#    tolerance       : 3e-06
# nthreads           : 56
# lgo input file     : abdefh2.lgo
# site pat input file: ../../chrX/boot_chrX/boot34.opf
# free parameters    : 19
# points in DE swarm : 57
# output state file  : b1boot34.state
# Including singleton site patterns.
# cost function      : KL
Initial parameter values
Fixed:
      zero = 0
       one = 1
    Tbecnw = 75200
Free:
       pc1 = 0
       pc2 = 0
       pc3 = 0
       pc4 = 0
       pc5 = 0
       pc6 = 0
       pc7 = 0
       pc8 = 0
       pc9 = 0
      pc10 = 0
      pc11 = 0
      pc12 = 0
      pc13 = 0
      pc14 = 0
      pc15 = 0
      pc16 = 0
      pc17 = 0
      pc18 = 0
      pc19 = 0
Constrained:
   Tgbecnw = 104421
     Tecnw = 28504.3
       Tnw = 12277.6
       Tec = 8170.81
     twoNb = 2.14501e+06
     twoNe = 7.58264e+06
     twoNc = 8.23721e+06
     twoNw = 1.75427e+06
    twoNec = 67566.7
    twoNnw = 65196.2
  twoNecnw = 55582
  twoNbecnw = 9397.13
  twoNgbecnw = 329766
         m = 0.0801606
        m2 = 0.0256207
        m4 = 0.00253513
        m5 = 0.127786
        m6 = 4.08172e-07
        m8 = 0.141122
        Th = 10224.2
        Tb = 19364.2
        Ta = 47282.1
        Td = 4085.41
        Te = 2042.7
        Tf = 1021.35
DiffEv reached_goal. cost=1.99638e-03 spread=2.71163e-06
Fitted parameter values
Free:
       pc1 = -3.94101
       pc2 = -1.513
       pc3 = 1.3744
       pc4 = -1.138
       pc5 = -1.28735
       pc6 = 0.0734447
       pc7 = -1.85839
       pc8 = 1.82731
       pc9 = -0.807883
      pc10 = 1.39924
      pc11 = -1.58279
      pc12 = -1.57651
      pc13 = 0.98604
      pc14 = 0.0708746
      pc15 = -0.269777
      pc16 = 0.18002
      pc17 = -0.0516176
      pc18 = -0.0427278
      pc19 = 0.00970623
Constrained:
   Tgbecnw = 77200
     Tecnw = 25850
       Tnw = 14485.2
       Tec = 7622.77
     twoNb = 3.03633e+06
     twoNe = 1.78739e+07
     twoNc = 2.69331e+07
     twoNw = 3.58606e+06
    twoNec = 68596
    twoNnw = 46700.8
  twoNecnw = 56042.1
  twoNbecnw = 672.949
  twoNgbecnw = 369832
         m = 0.0727228
        m2 = 0.0222323
        m4 = 0.00189784
        m5 = 0.152598
        m6 = 2.04039e-06
        m8 = 0.0962836
        Th = 11054
        Tb = 18452
        Ta = 46826
        Td = 3811.38
        Te = 1905.69
        Tf = 952.846
#       SitePat  BranchLen
              b 113807.9108739
              e 41889.7873247
              c 43946.4479907
              n 41366.1717321
              w 41340.6572983
            b:e 1095.8440035
            b:c 1251.1656711
            b:n 950.8095385
            b:w 949.7666611
            e:c 11156.8944001
            e:n 4364.3756720
            e:w 4386.1375640
            c:n 3834.3746617
            c:w 3832.4416773
            n:w 11421.9049550
          b:e:c 1173.5624423
          b:e:n 529.0231413
          b:e:w 529.7845527
          b:c:n 533.4497650
          b:c:w 532.6173525
          b:n:w 1208.5714526
          e:c:n 4030.2394391
          e:c:w 4035.9249652
          e:n:w 5373.6780703
          c:n:w 4499.7790037
        b:e:c:n 1048.9620141
        b:e:c:w 1050.0758926
        b:e:n:w 1764.5959466
        b:c:n:w 1502.9501275
        e:c:n:w 45500.2041078
