########################################
# legofit: estimate population history #
#       version 2.3.4-4-g53f8760       #
########################################

# Program was compiled: Sep 21 2021 14:36:42
# Program was run: Fri Oct 22 21:15:13 2021

# cmd: legofit -1 -d 0 -t 56 --ptsPerDim 3 --stateOut b1boot24.state --tol 3e-6 -S 5000 abdefh2.lgo ../../chrX/boot_chrX/boot24.opf
# Stage nOptItr nSimReps
#     0    5000        0
# algorithm          : deterministic
# ignoring probs <=  : 0
# Branch length floor: 0
# DE strategy        : 2
#    F               : 0.3
#    CR              : 0.8
#    tolerance       : 3e-06
# nthreads           : 56
# lgo input file     : abdefh2.lgo
# site pat input file: ../../chrX/boot_chrX/boot24.opf
# free parameters    : 19
# points in DE swarm : 57
# output state file  : b1boot24.state
# Including singleton site patterns.
# cost function      : KL
Initial parameter values
Fixed:
      zero = 0
       one = 1
    Tbecnw = 75200
Free:
       pc1 = 0
       pc2 = 0
       pc3 = 0
       pc4 = 0
       pc5 = 0
       pc6 = 0
       pc7 = 0
       pc8 = 0
       pc9 = 0
      pc10 = 0
      pc11 = 0
      pc12 = 0
      pc13 = 0
      pc14 = 0
      pc15 = 0
      pc16 = 0
      pc17 = 0
      pc18 = 0
      pc19 = 0
Constrained:
   Tgbecnw = 104421
     Tecnw = 28504.3
       Tnw = 12277.6
       Tec = 8170.81
     twoNb = 2.14501e+06
     twoNe = 7.58264e+06
     twoNc = 8.23721e+06
     twoNw = 1.75427e+06
    twoNec = 67566.7
    twoNnw = 65196.2
  twoNecnw = 55582
  twoNbecnw = 9397.13
  twoNgbecnw = 329766
         m = 0.0801606
        m2 = 0.0256207
        m4 = 0.00253513
        m5 = 0.127786
        m6 = 4.08172e-07
        m8 = 0.141122
        Th = 10224.2
        Tb = 19364.2
        Ta = 47282.1
        Td = 4085.41
        Te = 2042.7
        Tf = 1021.35
DiffEv reached_goal. cost=2.30198e-03 spread=2.93258e-06
Fitted parameter values
Free:
       pc1 = -3.99868
       pc2 = -0.663282
       pc3 = 3.15438
       pc4 = -1.78551
       pc5 = -1.15427
       pc6 = 0.630223
       pc7 = -0.788905
       pc8 = 1.72884
       pc9 = -0.544773
      pc10 = 1.07404
      pc11 = -0.826093
      pc12 = -0.767314
      pc13 = 0.631368
      pc14 = -0.152127
      pc15 = -0.0514049
      pc16 = 0.0968608
      pc17 = 0.0198268
      pc18 = -0.0295142
      pc19 = 0.0145253
Constrained:
   Tgbecnw = 81138.4
     Tecnw = 25966.6
       Tnw = 14751
       Tec = 3958.84
     twoNb = 3.2924e+06
     twoNe = 1.5926e+07
     twoNc = 3.10082e+07
     twoNw = 3.36986e+06
    twoNec = 92653.3
    twoNnw = 46626.1
  twoNecnw = 56155.2
  twoNbecnw = 1998
  twoNgbecnw = 373696
         m = 0.067642
        m2 = 0.0228459
        m4 = 0.00104846
        m5 = 0.148808
        m6 = 1.21644e-06
        m8 = 0.0891841
        Th = 9354.91
        Tb = 17660.8
        Ta = 46430.4
        Td = 1979.42
        Te = 989.71
        Tf = 494.855
#       SitePat  BranchLen
              b 113511.3598912
              e 42327.0236784
              c 44303.4311807
              n 41707.2827109
              w 41675.3267546
            b:e 1174.4750117
            b:c 1326.0898494
            b:n 1002.3401655
            b:w 1000.9731867
            e:c 11230.9565129
            e:n 4435.2398715
            e:w 4461.1973996
            c:n 3923.8757894
            c:w 3922.6633036
            n:w 11470.1097197
          b:e:c 1226.8213174
          b:e:n 566.9257974
          b:e:w 567.8303766
          b:c:n 571.3459619
          b:c:w 570.3517975
          b:n:w 1257.8062085
          e:c:n 4065.3692600
          e:c:w 4072.5801739
          e:n:w 5491.1690593
          c:n:w 4644.5422459
        b:e:c:n 1103.1771899
        b:e:c:w 1104.6337539
        b:e:n:w 1826.6544570
        b:c:n:w 1588.2155043
        e:c:n:w 44744.9466967
