########################################
# legofit: estimate population history #
#       version 2.3.4-4-g53f8760       #
########################################

# Program was compiled: Sep 21 2021 14:36:42
# Program was run: Sat Oct 23 04:05:50 2021

# cmd: legofit -1 -d 0 -t 56 --ptsPerDim 3 --stateOut b1boot47.state --tol 3e-6 -S 5000 abdefh2.lgo ../../chrX/boot_chrX/boot47.opf
# Stage nOptItr nSimReps
#     0    5000        0
# algorithm          : deterministic
# ignoring probs <=  : 0
# Branch length floor: 0
# DE strategy        : 2
#    F               : 0.3
#    CR              : 0.8
#    tolerance       : 3e-06
# nthreads           : 56
# lgo input file     : abdefh2.lgo
# site pat input file: ../../chrX/boot_chrX/boot47.opf
# free parameters    : 19
# points in DE swarm : 57
# output state file  : b1boot47.state
# Including singleton site patterns.
# cost function      : KL
Initial parameter values
Fixed:
      zero = 0
       one = 1
    Tbecnw = 75200
Free:
       pc1 = 0
       pc2 = 0
       pc3 = 0
       pc4 = 0
       pc5 = 0
       pc6 = 0
       pc7 = 0
       pc8 = 0
       pc9 = 0
      pc10 = 0
      pc11 = 0
      pc12 = 0
      pc13 = 0
      pc14 = 0
      pc15 = 0
      pc16 = 0
      pc17 = 0
      pc18 = 0
      pc19 = 0
Constrained:
   Tgbecnw = 104421
     Tecnw = 28504.3
       Tnw = 12277.6
       Tec = 8170.81
     twoNb = 2.14501e+06
     twoNe = 7.58264e+06
     twoNc = 8.23721e+06
     twoNw = 1.75427e+06
    twoNec = 67566.7
    twoNnw = 65196.2
  twoNecnw = 55582
  twoNbecnw = 9397.13
  twoNgbecnw = 329766
         m = 0.0801606
        m2 = 0.0256207
        m4 = 0.00253513
        m5 = 0.127786
        m6 = 4.08172e-07
        m8 = 0.141122
        Th = 10224.2
        Tb = 19364.2
        Ta = 47282.1
        Td = 4085.41
        Te = 2042.7
        Tf = 1021.35
DiffEv reached_goal. cost=2.16512e-03 spread=2.50137e-06
Fitted parameter values
Free:
       pc1 = -3.77763
       pc2 = -1.11851
       pc3 = 2.49695
       pc4 = -1.95972
       pc5 = -1.18386
       pc6 = 0.594514
       pc7 = -1.60908
       pc8 = 1.82405
       pc9 = -0.232151
      pc10 = 1.92764
      pc11 = -0.140766
      pc12 = -0.717425
      pc13 = 0.688117
      pc14 = -0.305345
      pc15 = -0.0290972
      pc16 = 0.172743
      pc17 = 0.00427367
      pc18 = -0.0332801
      pc19 = 0.0565897
Constrained:
   Tgbecnw = 77449.3
     Tecnw = 25913.5
       Tnw = 14615.5
       Tec = 5236.17
     twoNb = 1.9414e+06
     twoNe = 1.9979e+07
     twoNc = 2.89792e+07
     twoNw = 4.00816e+06
    twoNec = 83059.3
    twoNnw = 46273.6
  twoNecnw = 55832.6
  twoNbecnw = 746.314
  twoNgbecnw = 378351
         m = 0.0678289
        m2 = 0.0247568
        m4 = 0.00124144
        m5 = 0.148769
        m6 = 7.48494e-07
        m8 = 0.0967674
        Th = 9925.83
        Tb = 17919.7
        Ta = 46559.8
        Td = 2618.09
        Te = 1309.04
        Tf = 654.521
#       SitePat  BranchLen
              b 112470.7635005
              e 42037.8604884
              c 44017.3816010
              n 41348.7158210
              w 41323.2971862
            b:e 1107.4430212
            b:c 1256.1268814
            b:n 929.0827138
            b:w 928.0608827
            e:c 11088.5905401
            e:n 4362.1747262
            e:w 4382.9307593
            c:n 3848.2785213
            c:w 3847.2554240
            n:w 11377.6352685
          b:e:c 1150.2172533
          b:e:n 524.5163725
          b:e:w 525.1981394
          b:c:n 528.7240009
          b:c:w 527.9723677
          b:n:w 1183.5731990
          e:c:n 3966.8517037
          e:c:w 3972.5374026
          e:n:w 5391.4416485
          c:n:w 4546.3439684
        b:e:c:n 1026.6552374
        b:e:c:w 1027.7469350
        b:e:n:w 1770.6887640
        b:c:n:w 1530.1711343
        e:c:n:w 44152.0875051
