########################################
# legofit: estimate population history #
#       version 2.3.4-4-g53f8760       #
########################################

# Program was compiled: Sep 21 2021 14:36:42
# Program was run: Sat Oct 23 00:22:09 2021

# cmd: legofit -1 -d 0 -t 56 --ptsPerDim 3 --stateOut b1boot42.state --tol 3e-6 -S 5000 abdefh2.lgo ../../chrX/boot_chrX/boot42.opf
# Stage nOptItr nSimReps
#     0    5000        0
# algorithm          : deterministic
# ignoring probs <=  : 0
# Branch length floor: 0
# DE strategy        : 2
#    F               : 0.3
#    CR              : 0.8
#    tolerance       : 3e-06
# nthreads           : 56
# lgo input file     : abdefh2.lgo
# site pat input file: ../../chrX/boot_chrX/boot42.opf
# free parameters    : 19
# points in DE swarm : 57
# output state file  : b1boot42.state
# Including singleton site patterns.
# cost function      : KL
Initial parameter values
Fixed:
      zero = 0
       one = 1
    Tbecnw = 75200
Free:
       pc1 = 0
       pc2 = 0
       pc3 = 0
       pc4 = 0
       pc5 = 0
       pc6 = 0
       pc7 = 0
       pc8 = 0
       pc9 = 0
      pc10 = 0
      pc11 = 0
      pc12 = 0
      pc13 = 0
      pc14 = 0
      pc15 = 0
      pc16 = 0
      pc17 = 0
      pc18 = 0
      pc19 = 0
Constrained:
   Tgbecnw = 104421
     Tecnw = 28504.3
       Tnw = 12277.6
       Tec = 8170.81
     twoNb = 2.14501e+06
     twoNe = 7.58264e+06
     twoNc = 8.23721e+06
     twoNw = 1.75427e+06
    twoNec = 67566.7
    twoNnw = 65196.2
  twoNecnw = 55582
  twoNbecnw = 9397.13
  twoNgbecnw = 329766
         m = 0.0801606
        m2 = 0.0256207
        m4 = 0.00253513
        m5 = 0.127786
        m6 = 4.08172e-07
        m8 = 0.141122
        Th = 10224.2
        Tb = 19364.2
        Ta = 47282.1
        Td = 4085.41
        Te = 2042.7
        Tf = 1021.35
DiffEv reached_goal. cost=2.21359e-03 spread=2.30175e-06
Fitted parameter values
Free:
       pc1 = -3.918
       pc2 = -0.0336997
       pc3 = 3.65027
       pc4 = -1.27836
       pc5 = -0.955197
       pc6 = 0.70473
       pc7 = -0.41462
       pc8 = 1.85236
       pc9 = 0.187206
      pc10 = 1.72544
      pc11 = -0.514197
      pc12 = -0.555445
      pc13 = 0.173676
      pc14 = -0.566892
      pc15 = -0.0680866
      pc16 = 0.0381672
      pc17 = 0.132337
      pc18 = -0.0320242
      pc19 = 0.129078
Constrained:
   Tgbecnw = 80069.5
     Tecnw = 26241.8
       Tnw = 14575.6
       Tec = 2975.84
     twoNb = 3.10026e+06
     twoNe = 1.64166e+07
     twoNc = 2.4403e+07
     twoNw = 3.70887e+06
    twoNec = 102676
    twoNnw = 48522.6
  twoNecnw = 54953.9
  twoNbecnw = 1684.3
  twoNgbecnw = 346310
         m = 0.0738243
        m2 = 0.0220707
        m4 = 0.00136598
        m5 = 0.14343
        m6 = 5.93864e-07
        m8 = 0.0873856
        Th = 8775.71
        Tb = 17508.8
        Ta = 46354.4
        Td = 1487.92
        Te = 743.959
        Tf = 371.98
#       SitePat  BranchLen
              b 113557.1373809
              e 42418.1053570
              c 44328.2028059
              n 41649.9546286
              w 41620.9907293
            b:e 1163.8176557
            b:c 1311.0486720
            b:n 979.5331547
            b:w 978.3219967
            e:c 11056.2222221
            e:n 4397.6089328
            e:w 4420.8059128
            c:n 3903.0382996
            c:w 3902.3302913
            n:w 11383.0434467
          b:e:c 1196.8494253
          b:e:n 557.8084720
          b:e:w 558.5866100
          b:c:n 561.9031250
          b:c:w 561.0474434
          b:n:w 1224.1543186
          e:c:n 4015.6708497
          e:c:w 4022.1457773
          e:n:w 5466.1376655
          c:n:w 4649.4640723
        b:e:c:n 1076.2883740
        b:e:c:w 1077.5770757
        b:e:n:w 1797.1832116
        b:c:n:w 1563.0190852
        e:c:n:w 44939.4685618
