########################################
# legofit: estimate population history #
#       version 2.3.4-4-g53f8760       #
########################################

# Program was compiled: Sep 21 2021 14:36:42
# Program was run: Wed Sep 22 13:57:36 2021

# cmd: legofit -1 -d 0 -t 32 --ptsPerDim 3 --stateOut b1.state --tol 3e-6 -S 5000 cef2.lgo ../../chrX/pan_chrX.opf
# Stage nOptItr nSimReps
#     0    5000        0
# algorithm          : deterministic
# ignoring probs <=  : 0
# Branch length floor: 0
# DE strategy        : 2
#    F               : 0.3
#    CR              : 0.8
#    tolerance       : 3e-06
# nthreads           : 32
# lgo input file     : cef2.lgo
# site pat input file: ../../chrX/pan_chrX.opf
# free parameters    : 14
# points in DE swarm : 42
# output state file  : b1.state
# Including singleton site patterns.
# cost function      : KL
Initial parameter values
Fixed:
      zero = 0
       one = 1
    Tbecnw = 75200
Free:
       pc1 = 0
       pc2 = 0
       pc3 = 0
       pc4 = 0
       pc5 = 0
       pc6 = 0
       pc7 = 0
       pc8 = 0
       pc9 = 0
      pc10 = 0
      pc11 = 0
      pc12 = 0
      pc13 = 0
      pc14 = 0
Constrained:
     Tecnw = 44449.6
       Tnw = 11424
       Tec = 5850.27
     twoNe = 2778.24
     twoNc = 170424
     twoNn = 231117
     twoNw = 557949
    twoNec = 92813.3
    twoNnw = 68599.4
  twoNecnw = 24445.9
  twoNbecnw = 55527.4
        m3 = 0.185663
        m5 = 0.26066
        m6 = 0.174686
        Tc = 5711.98
        Te = 2855.99
        Tf = 1427.99
DiffEv reached_goal. cost=2.40158e-03 spread=2.93839e-06
Fitted parameter values
Free:
       pc1 = -3.4577
       pc2 = -0.935214
       pc3 = -1.31935
       pc4 = 1.30733
       pc5 = -0.518141
       pc6 = -1.85795
       pc7 = -0.372946
       pc8 = 0.224486
       pc9 = -0.331625
      pc10 = 0.0953068
      pc11 = -0.0523461
      pc12 = 0.0586443
      pc13 = -0.00229367
      pc14 = -0.0211578
Constrained:
     Tecnw = 45115.7
       Tnw = 10501.3
       Tec = 5414.01
     twoNe = 3040.57
     twoNc = 255581
     twoNn = 349828
     twoNw = 1.09476e+06
    twoNec = 88391.5
    twoNnw = 73839.1
  twoNecnw = 23852.4
  twoNbecnw = 55780
        m3 = 0.163648
        m5 = 0.282087
        m6 = 0.195383
        Tc = 5250.65
        Te = 2625.33
        Tf = 1312.66
#       SitePat  BranchLen
              b 123065.2709494
              e 46083.0997928
              c 48053.9996603
              n 43882.1393648
              w 46086.9221345
            b:e 1319.7510599
            b:c 1474.1283583
            b:n 1095.6955603
            b:w 1260.4253236
            e:c 11820.1311586
            e:n 4970.4858369
            e:w 4463.7396911
            c:n 4519.3381079
            c:w 3802.9341503
            n:w 12709.0616171
          b:e:c 1502.0790687
          b:e:n 622.3929726
          b:e:w 640.2114518
          b:c:n 640.2114518
          b:c:w 622.3929726
          b:n:w 1502.0790687
          e:c:n 4886.9547492
          e:c:w 3905.3220829
          e:n:w 6020.7002333
          c:n:w 5161.7536356
        b:e:c:n 1260.4253236
        b:e:c:w 1095.6955603
        b:e:n:w 1474.1283583
        b:c:n:w 1319.7510599
        e:c:n:w 48829.5211997
