########################################
# legofit: estimate population history #
#       version 2.3.4-4-g53f8760       #
########################################

# Program was compiled: Sep 21 2021 14:36:42
# Program was run: Wed Sep 22 13:58:19 2021

# cmd: legofit -1 -d 0 -t 32 --ptsPerDim 3 --stateOut b1boot49.state --tol 3e-6 -S 5000 cef2.lgo ../../chrX/boot_chrX/boot49.opf
# Stage nOptItr nSimReps
#     0    5000        0
# algorithm          : deterministic
# ignoring probs <=  : 0
# Branch length floor: 0
# DE strategy        : 2
#    F               : 0.3
#    CR              : 0.8
#    tolerance       : 3e-06
# nthreads           : 32
# lgo input file     : cef2.lgo
# site pat input file: ../../chrX/boot_chrX/boot49.opf
# free parameters    : 14
# points in DE swarm : 42
# output state file  : b1boot49.state
# Including singleton site patterns.
# cost function      : KL
Initial parameter values
Fixed:
      zero = 0
       one = 1
    Tbecnw = 75200
Free:
       pc1 = 0
       pc2 = 0
       pc3 = 0
       pc4 = 0
       pc5 = 0
       pc6 = 0
       pc7 = 0
       pc8 = 0
       pc9 = 0
      pc10 = 0
      pc11 = 0
      pc12 = 0
      pc13 = 0
      pc14 = 0
Constrained:
     Tecnw = 44449.6
       Tnw = 11424
       Tec = 5850.27
     twoNe = 2778.24
     twoNc = 170424
     twoNn = 231117
     twoNw = 557949
    twoNec = 92813.3
    twoNnw = 68599.4
  twoNecnw = 24445.9
  twoNbecnw = 55527.4
        m3 = 0.185663
        m5 = 0.26066
        m6 = 0.174686
        Tc = 5711.98
        Te = 2855.99
        Tf = 1427.99
DiffEv reached_goal. cost=2.35931e-03 spread=2.61931e-06
Fitted parameter values
Free:
       pc1 = -2.43798
       pc2 = -0.592129
       pc3 = -0.655287
       pc4 = 1.27477
       pc5 = -0.740225
       pc6 = -1.91663
       pc7 = -1.60093
       pc8 = -0.51756
       pc9 = 0.755327
      pc10 = 0.161228
      pc11 = -0.187411
      pc12 = 0.3207
      pc13 = 0.038168
      pc14 = -0.0300163
Constrained:
     Tecnw = 44935.4
       Tnw = 11101.2
       Tec = 5664.95
     twoNe = 1811.15
     twoNc = 129515
     twoNn = 402112
     twoNw = 1.02639e+06
    twoNec = 92316
    twoNnw = 73087
  twoNecnw = 24308.5
  twoNbecnw = 56673.5
        m3 = 0.178013
        m5 = 0.28712
        m6 = 0.191879
        Tc = 5550.62
        Te = 2775.31
        Tf = 1387.66
#       SitePat  BranchLen
              b 123667.7139777
              e 46400.7820054
              c 48573.7326668
              n 44180.4043607
              w 46500.5180089
            b:e 1366.0548691
            b:c 1539.6389942
            b:n 1135.6178689
            b:w 1311.5613049
            e:c 11508.8476234
            e:n 5156.4800670
            e:w 4612.0721489
            c:n 4645.1654506
            c:w 3888.0420497
            n:w 12459.4792958
          b:e:c 1517.4972478
          b:e:n 657.6298765
          b:e:w 677.7726382
          b:c:n 677.7726382
          b:c:w 657.6298765
          b:n:w 1517.4972478
          e:c:n 5006.3041297
          e:c:w 3987.7218006
          e:n:w 6161.9804169
          c:n:w 5224.3744712
        b:e:c:n 1311.5613049
        b:e:c:w 1135.6178689
        b:e:n:w 1539.6389942
        b:c:n:w 1366.0548691
        e:c:n:w 49039.2985853
