########################################
# legofit: estimate population history #
#       version 2.3.4-4-g53f8760       #
########################################

# Program was compiled: Sep 21 2021 14:36:42
# Program was run: Wed Sep 22 13:58:01 2021

# cmd: legofit -1 -d 0 -t 32 --ptsPerDim 3 --stateOut b1boot24.state --tol 3e-6 -S 5000 cef2.lgo ../../chrX/boot_chrX/boot24.opf
# Stage nOptItr nSimReps
#     0    5000        0
# algorithm          : deterministic
# ignoring probs <=  : 0
# Branch length floor: 0
# DE strategy        : 2
#    F               : 0.3
#    CR              : 0.8
#    tolerance       : 3e-06
# nthreads           : 32
# lgo input file     : cef2.lgo
# site pat input file: ../../chrX/boot_chrX/boot24.opf
# free parameters    : 14
# points in DE swarm : 42
# output state file  : b1boot24.state
# Including singleton site patterns.
# cost function      : KL
Initial parameter values
Fixed:
      zero = 0
       one = 1
    Tbecnw = 75200
Free:
       pc1 = 0
       pc2 = 0
       pc3 = 0
       pc4 = 0
       pc5 = 0
       pc6 = 0
       pc7 = 0
       pc8 = 0
       pc9 = 0
      pc10 = 0
      pc11 = 0
      pc12 = 0
      pc13 = 0
      pc14 = 0
Constrained:
     Tecnw = 44449.6
       Tnw = 11424
       Tec = 5850.27
     twoNe = 2778.24
     twoNc = 170424
     twoNn = 231117
     twoNw = 557949
    twoNec = 92813.3
    twoNnw = 68599.4
  twoNecnw = 24445.9
  twoNbecnw = 55527.4
        m3 = 0.185663
        m5 = 0.26066
        m6 = 0.174686
        Tc = 5711.98
        Te = 2855.99
        Tf = 1427.99
DiffEv reached_goal. cost=2.45668e-03 spread=2.96953e-06
Fitted parameter values
Free:
       pc1 = -2.38247
       pc2 = -1.13185
       pc3 = -0.741289
       pc4 = 1.63685
       pc5 = 0.128189
       pc6 = -1.94966
       pc7 = -0.37966
       pc8 = 0.437871
       pc9 = 0.29952
      pc10 = -0.178543
      pc11 = 0.168018
      pc12 = 0.364416
      pc13 = 0.0519794
      pc14 = -0.0168766
Constrained:
     Tecnw = 44998.8
       Tnw = 11117.5
       Tec = 5680.09
     twoNe = 1928.4
     twoNc = 343634
     twoNn = 357208
     twoNw = 1.03172e+06
    twoNec = 89767
    twoNnw = 72650.4
  twoNecnw = 24151.3
  twoNbecnw = 55916.4
        m3 = 0.176156
        m5 = 0.283408
        m6 = 0.18455
        Tc = 5558.74
        Te = 2779.37
        Tf = 1389.69
#       SitePat  BranchLen
              b 123076.1334619
              e 46129.2462025
              c 48367.9410925
              n 44084.9726510
              w 46484.2074173
            b:e 1327.2051655
            b:c 1504.2418064
            b:n 1112.0976246
            b:w 1292.0930168
            e:c 11714.6295526
            e:n 5083.6882315
            e:w 4535.9279851
            c:n 4571.4974746
            c:w 3780.1050308
            n:w 12543.7359316
          b:e:c 1510.2772314
          b:e:n 636.4276246
          b:e:w 657.8947336
          b:c:n 657.8947336
          b:c:w 636.4276246
          b:n:w 1510.2772314
          e:c:n 4993.9598573
          e:c:w 3933.8777812
          e:n:w 6084.1566430
          c:n:w 5113.4754642
        b:e:c:n 1292.0930168
        b:e:c:w 1112.0976246
        b:e:n:w 1504.2418064
        b:c:n:w 1327.2051655
        e:c:n:w 48640.8844118
