########################################
# legofit: estimate population history #
#       version 2.3.4-4-g53f8760       #
########################################

# Program was compiled: Sep 21 2021 14:36:42
# Program was run: Wed Sep 22 13:58:06 2021

# cmd: legofit -1 -d 0 -t 32 --ptsPerDim 3 --stateOut b1boot33.state --tol 3e-6 -S 5000 cef2.lgo ../../chrX/boot_chrX/boot33.opf
# Stage nOptItr nSimReps
#     0    5000        0
# algorithm          : deterministic
# ignoring probs <=  : 0
# Branch length floor: 0
# DE strategy        : 2
#    F               : 0.3
#    CR              : 0.8
#    tolerance       : 3e-06
# nthreads           : 32
# lgo input file     : cef2.lgo
# site pat input file: ../../chrX/boot_chrX/boot33.opf
# free parameters    : 14
# points in DE swarm : 42
# output state file  : b1boot33.state
# Including singleton site patterns.
# cost function      : KL
Initial parameter values
Fixed:
      zero = 0
       one = 1
    Tbecnw = 75200
Free:
       pc1 = 0
       pc2 = 0
       pc3 = 0
       pc4 = 0
       pc5 = 0
       pc6 = 0
       pc7 = 0
       pc8 = 0
       pc9 = 0
      pc10 = 0
      pc11 = 0
      pc12 = 0
      pc13 = 0
      pc14 = 0
Constrained:
     Tecnw = 44449.6
       Tnw = 11424
       Tec = 5850.27
     twoNe = 2778.24
     twoNc = 170424
     twoNn = 231117
     twoNw = 557949
    twoNec = 92813.3
    twoNnw = 68599.4
  twoNecnw = 24445.9
  twoNbecnw = 55527.4
        m3 = 0.185663
        m5 = 0.26066
        m6 = 0.174686
        Tc = 5711.98
        Te = 2855.99
        Tf = 1427.99
DiffEv reached_goal. cost=2.43057e-03 spread=2.69358e-06
Fitted parameter values
Free:
       pc1 = -3.28446
       pc2 = -1.58322
       pc3 = -0.337389
       pc4 = 0.673015
       pc5 = -0.730139
       pc6 = -1.45479
       pc7 = -1.47633
       pc8 = -1.9164
       pc9 = -0.90492
      pc10 = -0.134809
      pc11 = -0.0501101
      pc12 = -0.0197105
      pc13 = -0.135785
      pc14 = -0.0456547
Constrained:
     Tecnw = 44832
       Tnw = 11489.1
       Tec = 5824.17
     twoNe = 1144.21
     twoNc = 93875.7
     twoNn = 362929
     twoNw = 938082
    twoNec = 85904.3
    twoNnw = 69506.7
  twoNecnw = 23830.2
  twoNbecnw = 57047.2
        m3 = 0.149503
        m5 = 0.27921
        m6 = 0.203596
        Tc = 5744.53
        Te = 2872.27
        Tf = 1436.13
#       SitePat  BranchLen
              b 124289.1250601
              e 46045.9419042
              c 47869.0823957
              n 43682.9310314
              w 45684.0886148
            b:e 1344.7909232
            b:c 1488.4265841
            b:n 1094.7704042
            b:w 1246.1960485
            e:c 11886.9729898
            e:n 4889.4277490
            e:w 4370.8978084
            c:n 4402.6932411
            c:w 3824.1985379
            n:w 12828.4228844
          b:e:c 1530.8912456
          b:e:n 621.0794523
          b:e:w 631.8972862
          b:c:n 631.8972862
          b:c:w 621.0794523
          b:n:w 1530.8912456
          e:c:n 4815.4598166
          e:c:w 3911.3268770
          e:n:w 6090.7991356
          c:n:w 5301.0924225
        b:e:c:n 1246.1960485
        b:e:c:w 1094.7704042
        b:e:n:w 1488.4265841
        b:c:n:w 1344.7909232
        e:c:n:w 50236.3507235
