########################################
# legofit: estimate population history #
#       version 2.3.4-4-g53f8760       #
########################################

# Program was compiled: Sep 21 2021 14:36:42
# Program was run: Wed Sep 22 13:57:54 2021

# cmd: legofit -1 -d 0 -t 32 --ptsPerDim 3 --stateOut b1boot21.state --tol 3e-6 -S 5000 cef2.lgo ../../chrX/boot_chrX/boot21.opf
# Stage nOptItr nSimReps
#     0    5000        0
# algorithm          : deterministic
# ignoring probs <=  : 0
# Branch length floor: 0
# DE strategy        : 2
#    F               : 0.3
#    CR              : 0.8
#    tolerance       : 3e-06
# nthreads           : 32
# lgo input file     : cef2.lgo
# site pat input file: ../../chrX/boot_chrX/boot21.opf
# free parameters    : 14
# points in DE swarm : 42
# output state file  : b1boot21.state
# Including singleton site patterns.
# cost function      : KL
Initial parameter values
Fixed:
      zero = 0
       one = 1
    Tbecnw = 75200
Free:
       pc1 = 0
       pc2 = 0
       pc3 = 0
       pc4 = 0
       pc5 = 0
       pc6 = 0
       pc7 = 0
       pc8 = 0
       pc9 = 0
      pc10 = 0
      pc11 = 0
      pc12 = 0
      pc13 = 0
      pc14 = 0
Constrained:
     Tecnw = 44449.6
       Tnw = 11424
       Tec = 5850.27
     twoNe = 2778.24
     twoNc = 170424
     twoNn = 231117
     twoNw = 557949
    twoNec = 92813.3
    twoNnw = 68599.4
  twoNecnw = 24445.9
  twoNbecnw = 55527.4
        m3 = 0.185663
        m5 = 0.26066
        m6 = 0.174686
        Tc = 5711.98
        Te = 2855.99
        Tf = 1427.99
DiffEv reached_goal. cost=2.40751e-03 spread=2.96107e-06
Fitted parameter values
Free:
       pc1 = -2.97767
       pc2 = -1.83328
       pc3 = -0.46651
       pc4 = 0.378271
       pc5 = -0.00215937
       pc6 = -1.25414
       pc7 = -1.56737
       pc8 = 0.800145
       pc9 = -0.515406
      pc10 = 0.523077
      pc11 = -0.0959674
      pc12 = -0.0798622
      pc13 = -0.168172
      pc14 = 0.0141178
Constrained:
     Tecnw = 45557.3
       Tnw = 11141.9
       Tec = 5574.43
     twoNe = 62.3821
     twoNc = 177205
     twoNn = 263932
     twoNw = 1.02057e+06
    twoNec = 88333.8
    twoNnw = 68762.2
  twoNecnw = 23553.2
  twoNbecnw = 55498.2
        m3 = 0.175542
        m5 = 0.274301
        m6 = 0.198696
        Tc = 5570.96
        Te = 2785.48
        Tf = 1392.74
#       SitePat  BranchLen
              b 122858.5866904
              e 46204.5362826
              c 48031.2525313
              n 43643.5684528
              w 46000.8528624
            b:e 1322.6747472
            b:c 1464.7892514
            b:n 1066.3124905
            b:w 1241.7781928
            e:c 11828.9414189
            e:n 4971.1940349
            e:w 4392.6591324
            c:n 4529.5627415
            c:w 3801.3965977
            n:w 12837.0140292
          b:e:c 1503.1510009
          b:e:n 612.7528381
          b:e:w 628.1960843
          b:c:n 628.1960843
          b:c:w 612.7528381
          b:n:w 1503.1510009
          e:c:n 4848.6729359
          e:c:w 3798.0895725
          e:n:w 6007.9036036
          c:n:w 5214.0811829
        b:e:c:n 1241.7781928
        b:e:c:w 1066.3124905
        b:e:n:w 1464.7892514
        b:c:n:w 1322.6747472
        e:c:n:w 48646.2443150
