########################################
# legofit: estimate population history #
#       version 2.3.4-4-g53f8760       #
########################################

# Program was compiled: Sep 21 2021 14:36:42
# Program was run: Wed Sep 22 13:57:41 2021

# cmd: legofit -1 -d 0 -t 32 --ptsPerDim 3 --stateOut b1boot10.state --tol 3e-6 -S 5000 cef2.lgo ../../chrX/boot_chrX/boot10.opf
# Stage nOptItr nSimReps
#     0    5000        0
# algorithm          : deterministic
# ignoring probs <=  : 0
# Branch length floor: 0
# DE strategy        : 2
#    F               : 0.3
#    CR              : 0.8
#    tolerance       : 3e-06
# nthreads           : 32
# lgo input file     : cef2.lgo
# site pat input file: ../../chrX/boot_chrX/boot10.opf
# free parameters    : 14
# points in DE swarm : 42
# output state file  : b1boot10.state
# Including singleton site patterns.
# cost function      : KL
Initial parameter values
Fixed:
      zero = 0
       one = 1
    Tbecnw = 75200
Free:
       pc1 = 0
       pc2 = 0
       pc3 = 0
       pc4 = 0
       pc5 = 0
       pc6 = 0
       pc7 = 0
       pc8 = 0
       pc9 = 0
      pc10 = 0
      pc11 = 0
      pc12 = 0
      pc13 = 0
      pc14 = 0
Constrained:
     Tecnw = 44449.6
       Tnw = 11424
       Tec = 5850.27
     twoNe = 2778.24
     twoNc = 170424
     twoNn = 231117
     twoNw = 557949
    twoNec = 92813.3
    twoNnw = 68599.4
  twoNecnw = 24445.9
  twoNbecnw = 55527.4
        m3 = 0.185663
        m5 = 0.26066
        m6 = 0.174686
        Tc = 5711.98
        Te = 2855.99
        Tf = 1427.99
DiffEv reached_goal. cost=2.26769e-03 spread=2.87980e-06
Fitted parameter values
Free:
       pc1 = -3.26526
       pc2 = 3.11878
       pc3 = -1.65037
       pc4 = 1.98153
       pc5 = -0.365944
       pc6 = -1.7491
       pc7 = 0.0275052
       pc8 = -0.0173944
       pc9 = 0.0702988
      pc10 = -0.0434039
      pc11 = -0.247737
      pc12 = 0.73324
      pc13 = -0.0103769
      pc14 = 0.00977319
Constrained:
     Tecnw = 44520
       Tnw = 8031.28
       Tec = 4198.77
     twoNe = 5190.91
     twoNc = 219529
     twoNn = 469084
     twoNw = 959104
    twoNec = 96317.4
    twoNnw = 85261.1
  twoNecnw = 24479.5
  twoNbecnw = 56412.8
        m3 = 0.164833
        m5 = 0.274133
        m6 = 0.177337
        Tc = 4015.64
        Te = 2007.82
        Tf = 1003.91
#       SitePat  BranchLen
              b 123421.6798033
              e 46117.5064526
              c 48154.4138162
              n 44154.6278362
              w 46355.1393685
            b:e 1348.1844353
            b:c 1507.6499995
            b:n 1158.1361478
            b:w 1325.0441000
            e:c 11905.3753860
            e:n 5030.9295860
            e:w 4586.9391008
            c:n 4624.8343959
            c:w 3836.9001722
            n:w 12771.3143792
          b:e:c 1526.9387671
          b:e:n 651.1171162
          b:e:w 674.0959878
          b:c:n 674.0959878
          b:c:w 651.1171162
          b:n:w 1526.9387671
          e:c:n 5047.8043243
          e:c:w 4079.2175009
          e:n:w 6019.0350738
          c:n:w 5138.2618290
        b:e:c:n 1325.0441000
        b:e:c:w 1158.1361478
        b:e:n:w 1507.6499995
        b:c:n:w 1348.1844353
        e:c:n:w 48826.0389325
