########################################
# legofit: estimate population history #
#       version 2.3.4-4-g53f8760       #
########################################

# Program was compiled: Sep 21 2021 14:36:42
# Program was run: Wed Sep 22 13:57:36 2021

# cmd: legofit -1 -d 0 -t 32 --ptsPerDim 3 --stateOut b1boot2.state --tol 3e-6 -S 5000 cef2.lgo ../../chrX/boot_chrX/boot2.opf
# Stage nOptItr nSimReps
#     0    5000        0
# algorithm          : deterministic
# ignoring probs <=  : 0
# Branch length floor: 0
# DE strategy        : 2
#    F               : 0.3
#    CR              : 0.8
#    tolerance       : 3e-06
# nthreads           : 32
# lgo input file     : cef2.lgo
# site pat input file: ../../chrX/boot_chrX/boot2.opf
# free parameters    : 14
# points in DE swarm : 42
# output state file  : b1boot2.state
# Including singleton site patterns.
# cost function      : KL
Initial parameter values
Fixed:
      zero = 0
       one = 1
    Tbecnw = 75200
Free:
       pc1 = 0
       pc2 = 0
       pc3 = 0
       pc4 = 0
       pc5 = 0
       pc6 = 0
       pc7 = 0
       pc8 = 0
       pc9 = 0
      pc10 = 0
      pc11 = 0
      pc12 = 0
      pc13 = 0
      pc14 = 0
Constrained:
     Tecnw = 44449.6
       Tnw = 11424
       Tec = 5850.27
     twoNe = 2778.24
     twoNc = 170424
     twoNn = 231117
     twoNw = 557949
    twoNec = 92813.3
    twoNnw = 68599.4
  twoNecnw = 24445.9
  twoNbecnw = 55527.4
        m3 = 0.185663
        m5 = 0.26066
        m6 = 0.174686
        Tc = 5711.98
        Te = 2855.99
        Tf = 1427.99
DiffEv reached_goal. cost=2.42114e-03 spread=2.85193e-06
Fitted parameter values
Free:
       pc1 = -3.90439
       pc2 = -0.629258
       pc3 = -1.07322
       pc4 = 1.1783
       pc5 = -0.511359
       pc6 = -1.0392
       pc7 = -0.18817
       pc8 = 0.85621
       pc9 = -0.272354
      pc10 = 0.504996
      pc11 = 0.278606
      pc12 = -0.202151
      pc13 = 0.0222885
      pc14 = -0.0517705
Constrained:
     Tecnw = 45763.6
       Tnw = 10034.9
       Tec = 5222.19
     twoNe = 3319.48
     twoNc = 256008
     twoNn = 352827
     twoNw = 1.00091e+06
    twoNec = 90237.6
    twoNnw = 73879.4
  twoNecnw = 23558.2
  twoNbecnw = 55307.6
        m3 = 0.162989
        m5 = 0.281334
        m6 = 0.195442
        Tc = 5017.44
        Te = 2508.72
        Tf = 1254.36
#       SitePat  BranchLen
              b 122594.2230591
              e 46317.7706538
              c 48377.7583933
              n 43846.0642793
              w 46058.0500331
            b:e 1326.5708736
            b:c 1485.5109540
            b:n 1085.1700977
            b:w 1249.4450683
            e:c 11867.3414761
            e:n 5001.8115563
            e:w 4468.0164529
            c:n 4497.5387802
            c:w 3797.5453218
            n:w 12970.0246886
          b:e:c 1512.8361544
          b:e:n 618.7143889
          b:e:w 635.1240055
          b:c:n 635.1240055
          b:c:w 618.7143889
          b:n:w 1512.8361544
          e:c:n 4812.9563349
          e:c:w 3834.7591430
          e:n:w 6059.5038098
          c:n:w 5174.2599776
        b:e:c:n 1249.4450683
        b:e:c:w 1085.1700977
        b:e:n:w 1485.5109540
        b:c:n:w 1326.5708736
        e:c:n:w 48145.4351746
