########################################
# legofit: estimate population history #
#       version 2.3.4-4-g53f8760       #
########################################

# Program was compiled: Sep 21 2021 14:36:42
# Program was run: Wed Sep 22 13:57:47 2021

# cmd: legofit -1 -d 0 -t 32 --ptsPerDim 3 --stateOut b1boot12.state --tol 3e-6 -S 5000 cef2.lgo ../../chrX/boot_chrX/boot12.opf
# Stage nOptItr nSimReps
#     0    5000        0
# algorithm          : deterministic
# ignoring probs <=  : 0
# Branch length floor: 0
# DE strategy        : 2
#    F               : 0.3
#    CR              : 0.8
#    tolerance       : 3e-06
# nthreads           : 32
# lgo input file     : cef2.lgo
# site pat input file: ../../chrX/boot_chrX/boot12.opf
# free parameters    : 14
# points in DE swarm : 42
# output state file  : b1boot12.state
# Including singleton site patterns.
# cost function      : KL
Initial parameter values
Fixed:
      zero = 0
       one = 1
    Tbecnw = 75200
Free:
       pc1 = 0
       pc2 = 0
       pc3 = 0
       pc4 = 0
       pc5 = 0
       pc6 = 0
       pc7 = 0
       pc8 = 0
       pc9 = 0
      pc10 = 0
      pc11 = 0
      pc12 = 0
      pc13 = 0
      pc14 = 0
Constrained:
     Tecnw = 44449.6
       Tnw = 11424
       Tec = 5850.27
     twoNe = 2778.24
     twoNc = 170424
     twoNn = 231117
     twoNw = 557949
    twoNec = 92813.3
    twoNnw = 68599.4
  twoNecnw = 24445.9
  twoNbecnw = 55527.4
        m3 = 0.185663
        m5 = 0.26066
        m6 = 0.174686
        Tc = 5711.98
        Te = 2855.99
        Tf = 1427.99
DiffEv reached_goal. cost=2.44057e-03 spread=2.78973e-06
Fitted parameter values
Free:
       pc1 = -3.29675
       pc2 = -0.922379
       pc3 = -1.42022
       pc4 = 0.644915
       pc5 = -0.265257
       pc6 = -1.88737
       pc7 = -0.849177
       pc8 = -0.178156
       pc9 = -0.60096
      pc10 = -0.251983
      pc11 = -0.0591289
      pc12 = 0.437697
      pc13 = -0.00462606
      pc14 = -0.0329994
Constrained:
     Tecnw = 44825.5
       Tnw = 10578.4
       Tec = 5414.43
     twoNe = 1804.03
     twoNc = 175450
     twoNn = 303124
     twoNw = 1.07506e+06
    twoNec = 86226.4
    twoNnw = 74692.5
  twoNecnw = 23958.8
  twoNbecnw = 55878.2
        m3 = 0.16108
        m5 = 0.279507
        m6 = 0.192602
        Tc = 5289.2
        Te = 2644.6
        Tf = 1322.3
#       SitePat  BranchLen
              b 123188.7842911
              e 45777.3051958
              c 47786.6102631
              n 43854.0243824
              w 46156.5008890
            b:e 1303.7888780
            b:c 1457.9724675
            b:n 1099.0386026
            b:w 1269.1684387
            e:c 11948.7334508
            e:n 4998.7403905
            e:w 4421.2360773
            c:n 4482.4202437
            c:w 3780.8071987
            n:w 12639.0651556
          b:e:c 1502.7177783
          b:e:n 621.0146044
          b:e:w 635.7236300
          b:c:n 635.7236300
          b:c:w 621.0146044
          b:n:w 1502.7177783
          e:c:n 4958.6124691
          e:c:w 3935.2533207
          e:n:w 5959.5743048
          c:n:w 5107.0182629
        b:e:c:n 1269.1684387
        b:e:c:w 1099.0386026
        b:e:n:w 1457.9724675
        b:c:n:w 1303.7888780
        e:c:n:w 49078.7534817
