########################################
# legofit: estimate population history #
#       version 2.3.4-4-g53f8760       #
########################################

# Program was compiled: Sep 21 2021 14:36:42
# Program was run: Wed Sep 22 13:57:54 2021

# cmd: legofit -1 -d 0 -t 32 --ptsPerDim 3 --stateOut b1boot18.state --tol 3e-6 -S 5000 cef2.lgo ../../chrX/boot_chrX/boot18.opf
# Stage nOptItr nSimReps
#     0    5000        0
# algorithm          : deterministic
# ignoring probs <=  : 0
# Branch length floor: 0
# DE strategy        : 2
#    F               : 0.3
#    CR              : 0.8
#    tolerance       : 3e-06
# nthreads           : 32
# lgo input file     : cef2.lgo
# site pat input file: ../../chrX/boot_chrX/boot18.opf
# free parameters    : 14
# points in DE swarm : 42
# output state file  : b1boot18.state
# Including singleton site patterns.
# cost function      : KL
Initial parameter values
Fixed:
      zero = 0
       one = 1
    Tbecnw = 75200
Free:
       pc1 = 0
       pc2 = 0
       pc3 = 0
       pc4 = 0
       pc5 = 0
       pc6 = 0
       pc7 = 0
       pc8 = 0
       pc9 = 0
      pc10 = 0
      pc11 = 0
      pc12 = 0
      pc13 = 0
      pc14 = 0
Constrained:
     Tecnw = 44449.6
       Tnw = 11424
       Tec = 5850.27
     twoNe = 2778.24
     twoNc = 170424
     twoNn = 231117
     twoNw = 557949
    twoNec = 92813.3
    twoNnw = 68599.4
  twoNecnw = 24445.9
  twoNbecnw = 55527.4
        m3 = 0.185663
        m5 = 0.26066
        m6 = 0.174686
        Tc = 5711.98
        Te = 2855.99
        Tf = 1427.99
DiffEv reached_goal. cost=2.42399e-03 spread=2.92789e-06
Fitted parameter values
Free:
       pc1 = -1.7645
       pc2 = -3.44332
       pc3 = 0.524918
       pc4 = 1.83197
       pc5 = -0.0948396
       pc6 = -1.7696
       pc7 = -0.851964
       pc8 = 0.293973
       pc9 = 0.494103
      pc10 = 0.0720881
      pc11 = -0.370965
      pc12 = 0.0285134
      pc13 = -0.0270824
      pc14 = 0.0160785
Constrained:
     Tecnw = 45269.4
       Tnw = 12951.3
       Tec = 6529.24
     twoNe = 597.677
     twoNc = 393858
     twoNn = 351301
     twoNw = 995625
    twoNec = 87395.4
    twoNnw = 64302.2
  twoNecnw = 23823
  twoNbecnw = 56345
        m3 = 0.190994
        m5 = 0.285838
        m6 = 0.198447
        Tc = 6475.66
        Te = 3237.83
        Tf = 1618.92
#       SitePat  BranchLen
              b 123573.5193454
              e 46174.7882600
              c 48378.2288980
              n 43784.8815241
              w 46365.8565703
            b:e 1334.9464606
            b:c 1506.8569768
            b:n 1079.5809461
            b:w 1270.9663483
            e:c 11416.8426841
            e:n 5205.5459130
            e:w 4500.0302643
            c:n 4587.0612584
            c:w 3844.6217773
            n:w 12347.5159598
          b:e:c 1491.6467758
          b:e:n 636.5467279
          b:e:w 650.9380063
          b:c:n 650.9380063
          b:c:w 636.5467279
          b:n:w 1491.6467758
          e:c:n 4967.6983452
          e:c:w 3834.6784288
          e:n:w 6136.4283914
          c:n:w 5206.8808950
        b:e:c:n 1270.9663483
        b:e:c:w 1079.5809461
        b:e:n:w 1506.8569768
        b:c:n:w 1334.9464606
        e:c:n:w 49308.9893004
