########################################
# legofit: estimate population history #
#       version 2.3.4-4-g53f8760       #
########################################

# Program was compiled: Sep 21 2021 14:36:42
# Program was run: Wed Sep 22 13:58:15 2021

# cmd: legofit -1 -d 0 -t 32 --ptsPerDim 3 --stateOut b1boot45.state --tol 3e-6 -S 5000 cef2.lgo ../../chrX/boot_chrX/boot45.opf
# Stage nOptItr nSimReps
#     0    5000        0
# algorithm          : deterministic
# ignoring probs <=  : 0
# Branch length floor: 0
# DE strategy        : 2
#    F               : 0.3
#    CR              : 0.8
#    tolerance       : 3e-06
# nthreads           : 32
# lgo input file     : cef2.lgo
# site pat input file: ../../chrX/boot_chrX/boot45.opf
# free parameters    : 14
# points in DE swarm : 42
# output state file  : b1boot45.state
# Including singleton site patterns.
# cost function      : KL
Initial parameter values
Fixed:
      zero = 0
       one = 1
    Tbecnw = 75200
Free:
       pc1 = 0
       pc2 = 0
       pc3 = 0
       pc4 = 0
       pc5 = 0
       pc6 = 0
       pc7 = 0
       pc8 = 0
       pc9 = 0
      pc10 = 0
      pc11 = 0
      pc12 = 0
      pc13 = 0
      pc14 = 0
Constrained:
     Tecnw = 44449.6
       Tnw = 11424
       Tec = 5850.27
     twoNe = 2778.24
     twoNc = 170424
     twoNn = 231117
     twoNw = 557949
    twoNec = 92813.3
    twoNnw = 68599.4
  twoNecnw = 24445.9
  twoNbecnw = 55527.4
        m3 = 0.185663
        m5 = 0.26066
        m6 = 0.174686
        Tc = 5711.98
        Te = 2855.99
        Tf = 1427.99
DiffEv reached_goal. cost=2.23391e-03 spread=2.73870e-06
Fitted parameter values
Free:
       pc1 = -3.86969
       pc2 = -0.0180627
       pc3 = -1.43651
       pc4 = -0.749551
       pc5 = 0.111358
       pc6 = -1.87656
       pc7 = -0.102438
       pc8 = 0.730992
       pc9 = -0.313999
      pc10 = 0.260497
      pc11 = 0.0195879
      pc12 = -0.172463
      pc13 = 0.212636
      pc14 = -0.0550133
Constrained:
     Tecnw = 45078.4
       Tnw = 9696.59
       Tec = 5027.52
     twoNe = 2181.69
     twoNc = 164256
     twoNn = 14611.3
     twoNw = 1.0086e+06
    twoNec = 90294.5
    twoNnw = 77775.6
  twoNecnw = 23831.9
  twoNbecnw = 54926.9
        m3 = 0.157825
        m5 = 0.28055
        m6 = 0.194034
        Tc = 4848.29
        Te = 2424.15
        Tf = 1212.07
#       SitePat  BranchLen
              b 122325.6682917
              e 45961.6793420
              c 48042.9487848
              n 43829.8646603
              w 46071.7008697
            b:e 1296.2333968
            b:c 1449.7594242
            b:n 1085.6482549
            b:w 1246.8124367
            e:c 11770.5230870
            e:n 5055.9342137
            e:w 4442.9781868
            c:n 4462.5170134
            c:w 3808.1033867
            n:w 12680.2636147
          b:e:c 1474.5010384
          b:e:n 618.4615840
          b:e:w 629.7984977
          b:c:n 629.7984977
          b:c:w 618.4615840
          b:n:w 1474.5010384
          e:c:n 4869.6529908
          e:c:w 3895.1864351
          e:n:w 5950.6992049
          c:n:w 5097.7217625
        b:e:c:n 1246.8124367
        b:e:c:w 1085.6482549
        b:e:n:w 1449.7594242
        b:c:n:w 1296.2333968
        e:c:n:w 48180.2294639
