########################################
# legofit: estimate population history #
#       version 2.3.4-4-g53f8760       #
########################################

# Program was compiled: Sep 21 2021 14:36:42
# Program was run: Wed Sep 22 13:58:19 2021

# cmd: legofit -1 -d 0 -t 32 --ptsPerDim 3 --stateOut b1boot47.state --tol 3e-6 -S 5000 cef2.lgo ../../chrX/boot_chrX/boot47.opf
# Stage nOptItr nSimReps
#     0    5000        0
# algorithm          : deterministic
# ignoring probs <=  : 0
# Branch length floor: 0
# DE strategy        : 2
#    F               : 0.3
#    CR              : 0.8
#    tolerance       : 3e-06
# nthreads           : 32
# lgo input file     : cef2.lgo
# site pat input file: ../../chrX/boot_chrX/boot47.opf
# free parameters    : 14
# points in DE swarm : 42
# output state file  : b1boot47.state
# Including singleton site patterns.
# cost function      : KL
Initial parameter values
Fixed:
      zero = 0
       one = 1
    Tbecnw = 75200
Free:
       pc1 = 0
       pc2 = 0
       pc3 = 0
       pc4 = 0
       pc5 = 0
       pc6 = 0
       pc7 = 0
       pc8 = 0
       pc9 = 0
      pc10 = 0
      pc11 = 0
      pc12 = 0
      pc13 = 0
      pc14 = 0
Constrained:
     Tecnw = 44449.6
       Tnw = 11424
       Tec = 5850.27
     twoNe = 2778.24
     twoNc = 170424
     twoNn = 231117
     twoNw = 557949
    twoNec = 92813.3
    twoNnw = 68599.4
  twoNecnw = 24445.9
  twoNbecnw = 55527.4
        m3 = 0.185663
        m5 = 0.26066
        m6 = 0.174686
        Tc = 5711.98
        Te = 2855.99
        Tf = 1427.99
DiffEv reached_goal. cost=2.46279e-03 spread=1.57695e-06
Fitted parameter values
Free:
       pc1 = -3.9588
       pc2 = -2.78821
       pc3 = -1.864
       pc4 = -0.133633
       pc5 = 1.81699
       pc6 = -1.65843
       pc7 = 0.9299
       pc8 = 0.955178
       pc9 = 0.371099
      pc10 = 0.0352588
      pc11 = 0.232222
      pc12 = -0.298184
      pc13 = -0.129412
      pc14 = 0.047854
Constrained:
     Tecnw = 44903.6
       Tnw = 11079
       Tec = 5544.6
     twoNe = 105.886
     twoNc = 447990
     twoNn = 99034.6
     twoNw = 1.00257e+06
    twoNec = 84977.8
    twoNnw = 72018.9
  twoNecnw = 23812.6
  twoNbecnw = 53734.8
        m3 = 0.156576
        m5 = 0.300211
        m6 = 0.200267
        Tc = 5539.52
        Te = 2769.76
        Tf = 1384.88
#       SitePat  BranchLen
              b 121419.8906419
              e 45620.8965408
              c 47782.2100040
              n 43658.1378519
              w 45664.8621209
            b:e 1246.8655718
            b:c 1414.5358299
            b:n 1042.4679559
            b:w 1188.3648825
            e:c 11611.7495651
            e:n 4884.2094930
            e:w 4495.1151029
            c:n 4448.9829465
            c:w 3736.9248003
            n:w 12420.3708948
          b:e:c 1421.3064635
          b:e:n 589.6861013
          b:e:w 611.7305504
          b:c:n 611.7305504
          b:c:w 589.6861013
          b:n:w 1421.3064635
          e:c:n 4736.1368556
          e:c:w 3830.5651230
          e:n:w 5998.7312528
          c:n:w 5030.8346386
        b:e:c:n 1188.3648825
        b:e:c:w 1042.4679559
        b:e:n:w 1414.5358299
        b:c:n:w 1246.8655718
        e:c:n:w 47757.4440640
