########################################
# legofit: estimate population history #
#       version 2.3.4-4-g53f8760       #
########################################

# Program was compiled: Sep 21 2021 14:36:42
# Program was run: Wed Sep 22 13:57:41 2021

# cmd: legofit -1 -d 0 -t 32 --ptsPerDim 3 --stateOut b1boot8.state --tol 3e-6 -S 5000 cef2.lgo ../../chrX/boot_chrX/boot8.opf
# Stage nOptItr nSimReps
#     0    5000        0
# algorithm          : deterministic
# ignoring probs <=  : 0
# Branch length floor: 0
# DE strategy        : 2
#    F               : 0.3
#    CR              : 0.8
#    tolerance       : 3e-06
# nthreads           : 32
# lgo input file     : cef2.lgo
# site pat input file: ../../chrX/boot_chrX/boot8.opf
# free parameters    : 14
# points in DE swarm : 42
# output state file  : b1boot8.state
# Including singleton site patterns.
# cost function      : KL
Initial parameter values
Fixed:
      zero = 0
       one = 1
    Tbecnw = 75200
Free:
       pc1 = 0
       pc2 = 0
       pc3 = 0
       pc4 = 0
       pc5 = 0
       pc6 = 0
       pc7 = 0
       pc8 = 0
       pc9 = 0
      pc10 = 0
      pc11 = 0
      pc12 = 0
      pc13 = 0
      pc14 = 0
Constrained:
     Tecnw = 44449.6
       Tnw = 11424
       Tec = 5850.27
     twoNe = 2778.24
     twoNc = 170424
     twoNn = 231117
     twoNw = 557949
    twoNec = 92813.3
    twoNnw = 68599.4
  twoNecnw = 24445.9
  twoNbecnw = 55527.4
        m3 = 0.185663
        m5 = 0.26066
        m6 = 0.174686
        Tc = 5711.98
        Te = 2855.99
        Tf = 1427.99
DiffEv reached_goal. cost=2.37680e-03 spread=2.81461e-06
Fitted parameter values
Free:
       pc1 = -3.99468
       pc2 = 0.596744
       pc3 = 1.533
       pc4 = 1.71464
       pc5 = -1.33355
       pc6 = -1.88548
       pc7 = -0.542059
       pc8 = -0.552143
       pc9 = 0.267686
      pc10 = -0.228836
      pc11 = 0.115688
      pc12 = 0.42502
      pc13 = -0.104828
      pc14 = -0.0315471
Constrained:
     Tecnw = 45933
       Tnw = 9903.19
       Tec = 5113.24
     twoNe = 3556.4
     twoNc = 258051
     twoNn = 255827
     twoNw = 864410
    twoNec = 92655.5
    twoNnw = 76188.5
  twoNecnw = 23657.7
  twoNbecnw = 58165.3
        m3 = 0.167083
        m5 = 0.28692
        m6 = 0.190177
        Tc = 4951.59
        Te = 2475.8
        Tf = 1237.9
#       SitePat  BranchLen
              b 124908.1186609
              e 46727.1974239
              c 48930.5839660
              n 44394.8695795
              w 46570.9713875
            b:e 1408.2254457
            b:c 1590.5752346
            b:n 1167.6930552
            b:w 1340.2296916
            e:c 11946.3283764
            e:n 5079.8152899
            e:w 4647.6376656
            c:n 4633.7410668
            c:w 3868.8333804
            n:w 13015.2890534
          b:e:c 1597.4285229
          b:e:n 664.1527751
          b:e:w 688.8846097
          b:c:n 688.8846097
          b:c:w 664.1527751
          b:n:w 1597.4285229
          e:c:n 4970.1111333
          e:c:w 3991.0946359
          e:n:w 6246.8664359
          c:n:w 5268.3584021
        b:e:c:n 1340.2296916
        b:e:c:w 1167.6930552
        b:e:n:w 1590.5752346
        b:c:n:w 1408.2254457
        e:c:n:w 49756.2570348
