########################################
# legofit: estimate population history #
#       version 2.3.4-4-g53f8760       #
########################################

# Program was compiled: Sep 21 2021 14:36:42
# Program was run: Wed Sep 22 13:58:01 2021

# cmd: legofit -1 -d 0 -t 32 --ptsPerDim 3 --stateOut b1boot27.state --tol 3e-6 -S 5000 cef2.lgo ../../chrX/boot_chrX/boot27.opf
# Stage nOptItr nSimReps
#     0    5000        0
# algorithm          : deterministic
# ignoring probs <=  : 0
# Branch length floor: 0
# DE strategy        : 2
#    F               : 0.3
#    CR              : 0.8
#    tolerance       : 3e-06
# nthreads           : 32
# lgo input file     : cef2.lgo
# site pat input file: ../../chrX/boot_chrX/boot27.opf
# free parameters    : 14
# points in DE swarm : 42
# output state file  : b1boot27.state
# Including singleton site patterns.
# cost function      : KL
Initial parameter values
Fixed:
      zero = 0
       one = 1
    Tbecnw = 75200
Free:
       pc1 = 0
       pc2 = 0
       pc3 = 0
       pc4 = 0
       pc5 = 0
       pc6 = 0
       pc7 = 0
       pc8 = 0
       pc9 = 0
      pc10 = 0
      pc11 = 0
      pc12 = 0
      pc13 = 0
      pc14 = 0
Constrained:
     Tecnw = 44449.6
       Tnw = 11424
       Tec = 5850.27
     twoNe = 2778.24
     twoNc = 170424
     twoNn = 231117
     twoNw = 557949
    twoNec = 92813.3
    twoNnw = 68599.4
  twoNecnw = 24445.9
  twoNbecnw = 55527.4
        m3 = 0.185663
        m5 = 0.26066
        m6 = 0.174686
        Tc = 5711.98
        Te = 2855.99
        Tf = 1427.99
DiffEv reached_goal. cost=2.53097e-03 spread=2.80832e-06
Fitted parameter values
Free:
       pc1 = -3.96202
       pc2 = -0.944482
       pc3 = 0.694501
       pc4 = 1.53641
       pc5 = -1.58574
       pc6 = -1.86187
       pc7 = 0.360889
       pc8 = -0.681078
       pc9 = -0.470212
      pc10 = 0.577041
      pc11 = 0.212056
      pc12 = 0.233158
      pc13 = -0.150429
      pc14 = 0.0800988
Constrained:
     Tecnw = 46041.2
       Tnw = 10788.5
       Tec = 5485.88
     twoNe = 4622.29
     twoNc = 308758
     twoNn = 247411
     twoNw = 927788
    twoNec = 88092.5
    twoNnw = 71955.1
  twoNecnw = 23904.8
  twoNbecnw = 57273.3
        m3 = 0.157246
        m5 = 0.282165
        m6 = 0.204165
        Tc = 5394.23
        Te = 2697.11
        Tf = 1348.56
#       SitePat  BranchLen
              b 124057.3698030
              e 46945.6284649
              c 48666.2333296
              n 44413.4291421
              w 46376.3550292
            b:e 1424.3035460
            b:c 1573.0777937
            b:n 1156.3759106
            b:w 1316.5574342
            e:c 12189.9390890
            e:n 4875.8621429
            e:w 4529.4654985
            c:n 4598.1090604
            c:w 3895.5509738
            n:w 13216.4032027
          b:e:c 1621.2709570
          b:e:n 650.7239836
          b:e:w 673.5903935
          b:c:n 673.5903935
          b:c:w 650.7239836
          b:n:w 1621.2709570
          e:c:n 4873.6688141
          e:c:w 3959.6976581
          e:n:w 6205.7265628
          c:n:w 5396.7893053
        b:e:c:n 1316.5574342
        b:e:c:w 1156.3759106
        b:e:n:w 1573.0777937
        b:c:n:w 1424.3035460
        e:c:n:w 48893.2815912
