########################################
# legofit: estimate population history #
#       version 2.3.4-4-g53f8760       #
########################################

# Program was compiled: Sep 21 2021 14:36:42
# Program was run: Wed Sep 22 13:58:15 2021

# cmd: legofit -1 -d 0 -t 32 --ptsPerDim 3 --stateOut b1boot46.state --tol 3e-6 -S 5000 cef2.lgo ../../chrX/boot_chrX/boot46.opf
# Stage nOptItr nSimReps
#     0    5000        0
# algorithm          : deterministic
# ignoring probs <=  : 0
# Branch length floor: 0
# DE strategy        : 2
#    F               : 0.3
#    CR              : 0.8
#    tolerance       : 3e-06
# nthreads           : 32
# lgo input file     : cef2.lgo
# site pat input file: ../../chrX/boot_chrX/boot46.opf
# free parameters    : 14
# points in DE swarm : 42
# output state file  : b1boot46.state
# Including singleton site patterns.
# cost function      : KL
Initial parameter values
Fixed:
      zero = 0
       one = 1
    Tbecnw = 75200
Free:
       pc1 = 0
       pc2 = 0
       pc3 = 0
       pc4 = 0
       pc5 = 0
       pc6 = 0
       pc7 = 0
       pc8 = 0
       pc9 = 0
      pc10 = 0
      pc11 = 0
      pc12 = 0
      pc13 = 0
      pc14 = 0
Constrained:
     Tecnw = 44449.6
       Tnw = 11424
       Tec = 5850.27
     twoNe = 2778.24
     twoNc = 170424
     twoNn = 231117
     twoNw = 557949
    twoNec = 92813.3
    twoNnw = 68599.4
  twoNecnw = 24445.9
  twoNbecnw = 55527.4
        m3 = 0.185663
        m5 = 0.26066
        m6 = 0.174686
        Tc = 5711.98
        Te = 2855.99
        Tf = 1427.99
DiffEv reached_goal. cost=2.31233e-03 spread=2.88031e-06
Fitted parameter values
Free:
       pc1 = -3.71117
       pc2 = 0.832001
       pc3 = -1.97031
       pc4 = 0.264399
       pc5 = -0.387386
       pc6 = -1.94595
       pc7 = -1.22289
       pc8 = 0.861306
       pc9 = 0.0294192
      pc10 = 0.186813
      pc11 = -0.0673083
      pc12 = 0.0674892
      pc13 = 0.0885999
      pc14 = 0.031584
Constrained:
     Tecnw = 45027.5
       Tnw = 9285.35
       Tec = 4726.82
     twoNe = 2470.86
     twoNc = 78482.5
     twoNn = 252693
     twoNw = 1.13525e+06
    twoNec = 92987
    twoNnw = 79315.7
  twoNecnw = 23902.8
  twoNbecnw = 55338.1
        m3 = 0.167115
        m5 = 0.281027
        m6 = 0.187811
        Tc = 4642.68
        Te = 2321.34
        Tf = 1160.67
#       SitePat  BranchLen
              b 122639.0628487
              e 46143.7879790
              c 48123.8592851
              n 44030.7552117
              w 46213.9832651
            b:e 1310.0257293
            b:c 1464.9442723
            b:n 1104.1849077
            b:w 1266.6114044
            e:c 11746.7411038
            e:n 4958.3186965
            e:w 4522.5048177
            c:n 4578.5640046
            c:w 3794.4276642
            n:w 12645.0003631
          b:e:c 1481.0588294
          b:e:n 624.6466436
          b:e:w 647.5211390
          b:c:n 647.5211390
          b:c:w 624.6466436
          b:n:w 1481.0588294
          e:c:n 4901.8081185
          e:c:w 3938.5302842
          e:n:w 5969.4840660
          c:n:w 5097.2446053
        b:e:c:n 1266.6114044
        b:e:c:w 1104.1849077
        b:e:n:w 1464.9442723
        b:c:n:w 1310.0257293
        e:c:n:w 48356.8807087
