########################################
# legofit: estimate population history #
#       version 2.3.4-4-g53f8760       #
########################################

# Program was compiled: Sep 21 2021 14:36:42
# Program was run: Wed Sep 22 13:57:36 2021

# cmd: legofit -1 -d 0 -t 32 --ptsPerDim 3 --stateOut b1boot0.state --tol 3e-6 -S 5000 cef2.lgo ../../chrX/boot_chrX/boot0.opf
# Stage nOptItr nSimReps
#     0    5000        0
# algorithm          : deterministic
# ignoring probs <=  : 0
# Branch length floor: 0
# DE strategy        : 2
#    F               : 0.3
#    CR              : 0.8
#    tolerance       : 3e-06
# nthreads           : 32
# lgo input file     : cef2.lgo
# site pat input file: ../../chrX/boot_chrX/boot0.opf
# free parameters    : 14
# points in DE swarm : 42
# output state file  : b1boot0.state
# Including singleton site patterns.
# cost function      : KL
Initial parameter values
Fixed:
      zero = 0
       one = 1
    Tbecnw = 75200
Free:
       pc1 = 0
       pc2 = 0
       pc3 = 0
       pc4 = 0
       pc5 = 0
       pc6 = 0
       pc7 = 0
       pc8 = 0
       pc9 = 0
      pc10 = 0
      pc11 = 0
      pc12 = 0
      pc13 = 0
      pc14 = 0
Constrained:
     Tecnw = 44449.6
       Tnw = 11424
       Tec = 5850.27
     twoNe = 2778.24
     twoNc = 170424
     twoNn = 231117
     twoNw = 557949
    twoNec = 92813.3
    twoNnw = 68599.4
  twoNecnw = 24445.9
  twoNbecnw = 55527.4
        m3 = 0.185663
        m5 = 0.26066
        m6 = 0.174686
        Tc = 5711.98
        Te = 2855.99
        Tf = 1427.99
DiffEv reached_goal. cost=2.36885e-03 spread=1.67543e-06
Fitted parameter values
Free:
       pc1 = -3.93112
       pc2 = -1.82782
       pc3 = -1.12865
       pc4 = 1.96825
       pc5 = -0.843093
       pc6 = -1.70394
       pc7 = -1.58106
       pc8 = 0.133683
       pc9 = -0.22273
      pc10 = 0.606262
      pc11 = 0.155665
      pc12 = 0.105068
      pc13 = -0.105778
      pc14 = -0.0498271
Constrained:
     Tecnw = 45790.9
       Tnw = 10939
       Tec = 5591.46
     twoNe = 1762.92
     twoNc = 208019
     twoNn = 527861
     twoNw = 1.19272e+06
    twoNec = 88130.4
    twoNnw = 70898.4
  twoNecnw = 23687.6
  twoNbecnw = 56115.1
        m3 = 0.165628
        m5 = 0.286067
        m6 = 0.203454
        Tc = 5469.51
        Te = 2734.76
        Tf = 1367.38
#       SitePat  BranchLen
              b 123251.5391031
              e 46418.4702034
              c 48445.4884116
              n 43901.3427034
              w 46169.3413277
            b:e 1357.1900938
            b:c 1516.7645621
            b:n 1100.9159678
            b:w 1271.0578891
            e:c 11835.0415780
            e:n 5066.2347567
            e:w 4490.7433389
            c:n 4546.1663332
            c:w 3855.6041745
            n:w 12895.2899994
          b:e:c 1536.2143856
          b:e:n 633.2618568
          b:e:w 648.1826194
          b:c:n 648.1826194
          b:c:w 633.2618568
          b:n:w 1536.2143856
          e:c:n 4862.7098577
          e:c:w 3860.7648100
          e:n:w 6134.0315146
          c:n:w 5262.2208944
        b:e:c:n 1271.0578891
        b:e:c:w 1100.9159678
        b:e:n:w 1516.7645621
        b:c:n:w 1357.1900938
        e:c:n:w 48647.1304182
