########################################
# legofit: estimate population history #
#       version 2.3.4-4-g53f8760       #
########################################

# Program was compiled: Sep 21 2021 14:36:42
# Program was run: Wed Sep 22 13:58:10 2021

# cmd: legofit -1 -d 0 -t 32 --ptsPerDim 3 --stateOut b1boot39.state --tol 3e-6 -S 5000 cef2.lgo ../../chrX/boot_chrX/boot39.opf
# Stage nOptItr nSimReps
#     0    5000        0
# algorithm          : deterministic
# ignoring probs <=  : 0
# Branch length floor: 0
# DE strategy        : 2
#    F               : 0.3
#    CR              : 0.8
#    tolerance       : 3e-06
# nthreads           : 32
# lgo input file     : cef2.lgo
# site pat input file: ../../chrX/boot_chrX/boot39.opf
# free parameters    : 14
# points in DE swarm : 42
# output state file  : b1boot39.state
# Including singleton site patterns.
# cost function      : KL
Initial parameter values
Fixed:
      zero = 0
       one = 1
    Tbecnw = 75200
Free:
       pc1 = 0
       pc2 = 0
       pc3 = 0
       pc4 = 0
       pc5 = 0
       pc6 = 0
       pc7 = 0
       pc8 = 0
       pc9 = 0
      pc10 = 0
      pc11 = 0
      pc12 = 0
      pc13 = 0
      pc14 = 0
Constrained:
     Tecnw = 44449.6
       Tnw = 11424
       Tec = 5850.27
     twoNe = 2778.24
     twoNc = 170424
     twoNn = 231117
     twoNw = 557949
    twoNec = 92813.3
    twoNnw = 68599.4
  twoNecnw = 24445.9
  twoNbecnw = 55527.4
        m3 = 0.185663
        m5 = 0.26066
        m6 = 0.174686
        Tc = 5711.98
        Te = 2855.99
        Tf = 1427.99
DiffEv reached_goal. cost=2.46241e-03 spread=2.58757e-06
Fitted parameter values
Free:
       pc1 = -3.91749
       pc2 = -0.851684
       pc3 = -1.63199
       pc4 = 1.11702
       pc5 = 0.135272
       pc6 = -1.92826
       pc7 = -0.747298
       pc8 = -0.687278
       pc9 = -0.419425
      pc10 = 0.232183
      pc11 = -0.201513
      pc12 = -0.154612
      pc13 = 0.236705
      pc14 = -0.0361054
Constrained:
     Tecnw = 44710
       Tnw = 10517.1
       Tec = 5378.88
     twoNe = 1675.59
     twoNc = 221844
     twoNn = 385061
     twoNw = 1.08741e+06
    twoNec = 89339.4
    twoNnw = 75897.4
  twoNecnw = 23898.8
  twoNbecnw = 55839.1
        m3 = 0.150767
        m5 = 0.283962
        m6 = 0.202897
        Tc = 5258.57
        Te = 2629.29
        Tf = 1314.64
#       SitePat  BranchLen
              b 123197.2860310
              e 46064.5488959
              c 47949.5071762
              n 43906.6783333
              w 45935.9780249
            b:e 1314.4732905
            b:c 1457.5267468
            b:n 1094.6748490
            b:w 1242.8847147
            e:c 11624.4513763
            e:n 4969.7517790
            e:w 4430.3334079
            c:n 4452.8501539
            c:w 3853.2299787
            n:w 12513.5276158
          b:e:c 1473.6390431
          b:e:n 623.8651093
          b:e:w 634.7464310
          b:c:n 634.7464310
          b:c:w 623.8651093
          b:n:w 1473.6390431
          e:c:n 4833.1353914
          e:c:w 3942.8742461
          e:n:w 5980.1050493
          c:n:w 5189.1518232
        b:e:c:n 1242.8847147
        b:e:c:w 1094.6748490
        b:e:n:w 1457.5267468
        b:c:n:w 1314.4732905
        e:c:n:w 49193.8960695
