########################################
# legofit: estimate population history #
#       version 2.3.4-4-g53f8760       #
########################################

# Program was compiled: Sep 21 2021 14:36:42
# Program was run: Wed Sep 22 13:58:10 2021

# cmd: legofit -1 -d 0 -t 32 --ptsPerDim 3 --stateOut b1boot38.state --tol 3e-6 -S 5000 cef2.lgo ../../chrX/boot_chrX/boot38.opf
# Stage nOptItr nSimReps
#     0    5000        0
# algorithm          : deterministic
# ignoring probs <=  : 0
# Branch length floor: 0
# DE strategy        : 2
#    F               : 0.3
#    CR              : 0.8
#    tolerance       : 3e-06
# nthreads           : 32
# lgo input file     : cef2.lgo
# site pat input file: ../../chrX/boot_chrX/boot38.opf
# free parameters    : 14
# points in DE swarm : 42
# output state file  : b1boot38.state
# Including singleton site patterns.
# cost function      : KL
Initial parameter values
Fixed:
      zero = 0
       one = 1
    Tbecnw = 75200
Free:
       pc1 = 0
       pc2 = 0
       pc3 = 0
       pc4 = 0
       pc5 = 0
       pc6 = 0
       pc7 = 0
       pc8 = 0
       pc9 = 0
      pc10 = 0
      pc11 = 0
      pc12 = 0
      pc13 = 0
      pc14 = 0
Constrained:
     Tecnw = 44449.6
       Tnw = 11424
       Tec = 5850.27
     twoNe = 2778.24
     twoNc = 170424
     twoNn = 231117
     twoNw = 557949
    twoNec = 92813.3
    twoNnw = 68599.4
  twoNecnw = 24445.9
  twoNbecnw = 55527.4
        m3 = 0.185663
        m5 = 0.26066
        m6 = 0.174686
        Tc = 5711.98
        Te = 2855.99
        Tf = 1427.99
DiffEv reached_goal. cost=2.54447e-03 spread=2.83858e-06
Fitted parameter values
Free:
       pc1 = -2.37165
       pc2 = -2.7398
       pc3 = -0.995511
       pc4 = 1.69839
       pc5 = -0.617009
       pc6 = -1.89855
       pc7 = -0.947089
       pc8 = -0.0838964
       pc9 = -0.291967
      pc10 = -0.0412347
      pc11 = -0.574857
      pc12 = -0.339921
      pc13 = 0.0538946
      pc14 = -0.0200837
Constrained:
     Tecnw = 44733.3
       Tnw = 12194.2
       Tec = 6244.27
     twoNe = 2083
     twoNc = 275051
     twoNn = 420551
     twoNw = 1.13126e+06
    twoNec = 86667.3
    twoNnw = 67034.1
  twoNecnw = 23701.5
  twoNbecnw = 55993.4
        m3 = 0.175344
        m5 = 0.281256
        m6 = 0.201832
        Tc = 6097.09
        Te = 3048.54
        Tf = 1524.27
#       SitePat  BranchLen
              b 123467.8577690
              e 45907.1776420
              c 47802.1272099
              n 43557.0417222
              w 45877.3869306
            b:e 1299.9590324
            b:c 1445.7103759
            b:n 1057.5447474
            b:w 1227.2511172
            e:c 11453.2645568
            e:n 4999.2619278
            e:w 4390.5330493
            c:n 4496.3230580
            c:w 3809.2492901
            n:w 12348.6766192
          b:e:c 1455.3224401
          b:e:n 613.3230694
          b:e:w 626.3875377
          b:c:n 626.3875377
          b:c:w 613.3230694
          b:n:w 1455.3224401
          e:c:n 4863.8236340
          e:c:w 3839.2810720
          e:n:w 5998.9418597
          c:n:w 5188.2149207
        b:e:c:n 1227.2511172
        b:e:c:w 1057.5447474
        b:e:n:w 1445.7103759
        b:c:n:w 1299.9590324
        e:c:n:w 49741.0723475
