########################################
# legofit: estimate population history #
#       version 2.3.4-4-g53f8760       #
########################################

# Program was compiled: Sep 21 2021 14:36:42
# Program was run: Wed Sep 22 13:57:48 2021

# cmd: legofit -1 -d 0 -t 32 --ptsPerDim 3 --stateOut b1boot15.state --tol 3e-6 -S 5000 cef2.lgo ../../chrX/boot_chrX/boot15.opf
# Stage nOptItr nSimReps
#     0    5000        0
# algorithm          : deterministic
# ignoring probs <=  : 0
# Branch length floor: 0
# DE strategy        : 2
#    F               : 0.3
#    CR              : 0.8
#    tolerance       : 3e-06
# nthreads           : 32
# lgo input file     : cef2.lgo
# site pat input file: ../../chrX/boot_chrX/boot15.opf
# free parameters    : 14
# points in DE swarm : 42
# output state file  : b1boot15.state
# Including singleton site patterns.
# cost function      : KL
Initial parameter values
Fixed:
      zero = 0
       one = 1
    Tbecnw = 75200
Free:
       pc1 = 0
       pc2 = 0
       pc3 = 0
       pc4 = 0
       pc5 = 0
       pc6 = 0
       pc7 = 0
       pc8 = 0
       pc9 = 0
      pc10 = 0
      pc11 = 0
      pc12 = 0
      pc13 = 0
      pc14 = 0
Constrained:
     Tecnw = 44449.6
       Tnw = 11424
       Tec = 5850.27
     twoNe = 2778.24
     twoNc = 170424
     twoNn = 231117
     twoNw = 557949
    twoNec = 92813.3
    twoNnw = 68599.4
  twoNecnw = 24445.9
  twoNbecnw = 55527.4
        m3 = 0.185663
        m5 = 0.26066
        m6 = 0.174686
        Tc = 5711.98
        Te = 2855.99
        Tf = 1427.99
DiffEv reached_goal. cost=2.34296e-03 spread=1.80382e-06
Fitted parameter values
Free:
       pc1 = -2.86205
       pc2 = 1.07315
       pc3 = -0.930971
       pc4 = 1.44473
       pc5 = -1.61605
       pc6 = -1.95523
       pc7 = -0.449501
       pc8 = -1.95565
       pc9 = 0.112829
      pc10 = 0.773797
      pc11 = 0.122389
      pc12 = 0.401172
      pc13 = -0.00407319
      pc14 = -0.106874
Constrained:
     Tecnw = 44858.5
       Tnw = 10049.9
       Tec = 5300.32
     twoNe = 5065.74
     twoNc = 92553.1
     twoNn = 427864
     twoNw = 932892
    twoNec = 93801
    twoNnw = 76628.6
  twoNecnw = 24936.7
  twoNbecnw = 57293.2
        m3 = 0.153945
        m5 = 0.279563
        m6 = 0.19625
        Tc = 5024.97
        Te = 2512.48
        Tf = 1256.24
#       SitePat  BranchLen
              b 123937.8064865
              e 46836.7564094
              c 48768.1756661
              n 44369.8112845
              w 46348.7164265
            b:e 1441.7934368
            b:c 1599.7358740
            b:n 1190.0078100
            b:w 1346.2614837
            e:c 11866.4664569
            e:n 5070.5612577
            e:w 4603.4684437
            c:n 4605.6354323
            c:w 3976.9598932
            n:w 12999.3042697
          b:e:c 1604.3740224
          b:e:n 678.8011564
          b:e:w 694.3739847
          b:c:n 694.3739847
          b:c:w 678.8011564
          b:n:w 1604.3740224
          e:c:n 4979.7192054
          e:c:w 4096.5824166
          e:n:w 6268.5076207
          c:n:w 5428.5227400
        b:e:c:n 1346.2614837
        b:e:c:w 1190.0078100
        b:e:n:w 1599.7358740
        b:c:n:w 1441.7934368
        e:c:n:w 48771.0924440
