########################################
# legofit: estimate population history #
#       version 2.3.4-4-g53f8760       #
########################################

# Program was compiled: Sep 21 2021 14:36:42
# Program was run: Wed Sep 22 13:57:36 2021

# cmd: legofit -1 -d 0 -t 32 --ptsPerDim 3 --stateOut b1boot1.state --tol 3e-6 -S 5000 cef2.lgo ../../chrX/boot_chrX/boot1.opf
# Stage nOptItr nSimReps
#     0    5000        0
# algorithm          : deterministic
# ignoring probs <=  : 0
# Branch length floor: 0
# DE strategy        : 2
#    F               : 0.3
#    CR              : 0.8
#    tolerance       : 3e-06
# nthreads           : 32
# lgo input file     : cef2.lgo
# site pat input file: ../../chrX/boot_chrX/boot1.opf
# free parameters    : 14
# points in DE swarm : 42
# output state file  : b1boot1.state
# Including singleton site patterns.
# cost function      : KL
Initial parameter values
Fixed:
      zero = 0
       one = 1
    Tbecnw = 75200
Free:
       pc1 = 0
       pc2 = 0
       pc3 = 0
       pc4 = 0
       pc5 = 0
       pc6 = 0
       pc7 = 0
       pc8 = 0
       pc9 = 0
      pc10 = 0
      pc11 = 0
      pc12 = 0
      pc13 = 0
      pc14 = 0
Constrained:
     Tecnw = 44449.6
       Tnw = 11424
       Tec = 5850.27
     twoNe = 2778.24
     twoNc = 170424
     twoNn = 231117
     twoNw = 557949
    twoNec = 92813.3
    twoNnw = 68599.4
  twoNecnw = 24445.9
  twoNbecnw = 55527.4
        m3 = 0.185663
        m5 = 0.26066
        m6 = 0.174686
        Tc = 5711.98
        Te = 2855.99
        Tf = 1427.99
DiffEv reached_goal. cost=2.45011e-03 spread=2.94459e-06
Fitted parameter values
Free:
       pc1 = -3.20037
       pc2 = -0.0522117
       pc3 = -0.953544
       pc4 = 1.70925
       pc5 = -0.656454
       pc6 = -1.74794
       pc7 = -1.91028
       pc8 = 0.540315
       pc9 = -0.311684
      pc10 = 0.177235
      pc11 = 0.552669
      pc12 = 0.378993
      pc13 = -0.0407905
      pc14 = -0.0329
Constrained:
     Tecnw = 45629.9
       Tnw = 10162.7
       Tec = 5170.69
     twoNe = 1699.93
     twoNc = 146438
     twoNn = 478521
     twoNw = 1.14348e+06
    twoNec = 91808.9
    twoNnw = 74143.5
  twoNecnw = 23870.2
  twoNbecnw = 56322.2
        m3 = 0.170148
        m5 = 0.275576
        m6 = 0.183658
        Tc = 5081.36
        Te = 2540.68
        Tf = 1270.34
#       SitePat  BranchLen
              b 123345.6870951
              e 46462.2215853
              c 48595.2652007
              n 44116.3344629
              w 46469.4538446
            b:e 1359.9016871
            b:c 1530.3991544
            b:n 1123.7471926
            b:w 1302.6307703
            e:c 12017.1758769
            e:n 5026.0654834
            e:w 4496.5040962
            c:n 4553.8743263
            c:w 3769.4376792
            n:w 13030.6240922
          b:e:c 1562.9188345
          b:e:n 637.9709606
          b:e:w 658.9455781
          b:c:n 658.9455781
          b:c:w 637.9709606
          b:n:w 1562.9188345
          e:c:n 4945.6537077
          e:c:w 3906.5323602
          e:n:w 6115.3870785
          c:n:w 5181.6010372
        b:e:c:n 1302.6307703
        b:e:c:w 1123.7471926
        b:e:n:w 1530.3991544
        b:c:n:w 1359.9016871
        e:c:n:w 48552.6610845
