########################################
# legofit: estimate population history #
#       version 2.3.4-4-g53f8760       #
########################################

# Program was compiled: Sep 21 2021 14:36:42
# Program was run: Wed Sep 22 13:57:54 2021

# cmd: legofit -1 -d 0 -t 32 --ptsPerDim 3 --stateOut b1boot20.state --tol 3e-6 -S 5000 cef2.lgo ../../chrX/boot_chrX/boot20.opf
# Stage nOptItr nSimReps
#     0    5000        0
# algorithm          : deterministic
# ignoring probs <=  : 0
# Branch length floor: 0
# DE strategy        : 2
#    F               : 0.3
#    CR              : 0.8
#    tolerance       : 3e-06
# nthreads           : 32
# lgo input file     : cef2.lgo
# site pat input file: ../../chrX/boot_chrX/boot20.opf
# free parameters    : 14
# points in DE swarm : 42
# output state file  : b1boot20.state
# Including singleton site patterns.
# cost function      : KL
Initial parameter values
Fixed:
      zero = 0
       one = 1
    Tbecnw = 75200
Free:
       pc1 = 0
       pc2 = 0
       pc3 = 0
       pc4 = 0
       pc5 = 0
       pc6 = 0
       pc7 = 0
       pc8 = 0
       pc9 = 0
      pc10 = 0
      pc11 = 0
      pc12 = 0
      pc13 = 0
      pc14 = 0
Constrained:
     Tecnw = 44449.6
       Tnw = 11424
       Tec = 5850.27
     twoNe = 2778.24
     twoNc = 170424
     twoNn = 231117
     twoNw = 557949
    twoNec = 92813.3
    twoNnw = 68599.4
  twoNecnw = 24445.9
  twoNbecnw = 55527.4
        m3 = 0.185663
        m5 = 0.26066
        m6 = 0.174686
        Tc = 5711.98
        Te = 2855.99
        Tf = 1427.99
DiffEv reached_goal. cost=2.44557e-03 spread=2.00757e-06
Fitted parameter values
Free:
       pc1 = -3.1607
       pc2 = -1.93966
       pc3 = -0.509299
       pc4 = 0.965725
       pc5 = 0.0952484
       pc6 = -1.87307
       pc7 = -0.662861
       pc8 = 0.419707
       pc9 = 0.0522882
      pc10 = 0.474494
      pc11 = -0.157346
      pc12 = -0.159861
      pc13 = -0.269315
      pc14 = 0.00273563
Constrained:
     Tecnw = 45313.2
       Tnw = 11152.5
       Tec = 5626.61
     twoNe = 1072.1
     twoNc = 303682
     twoNn = 260123
     twoNw = 1.04645e+06
    twoNec = 88909.8
    twoNnw = 69251.5
  twoNecnw = 23833.1
  twoNbecnw = 55717.7
        m3 = 0.172133
        m5 = 0.285142
        m6 = 0.201395
        Tc = 5576.26
        Te = 2788.13
        Tf = 1394.07
#       SitePat  BranchLen
              b 122999.9342831
              e 46242.4843483
              c 48172.5588813
              n 43704.4212484
              w 45892.4617725
            b:e 1336.1723500
            b:c 1490.5926420
            b:n 1081.3356552
            b:w 1246.3584223
            e:c 11665.6096934
            e:n 4976.7194614
            e:w 4497.7761550
            c:n 4568.2472264
            c:w 3839.1624415
            n:w 12733.6404531
          b:e:c 1499.5356033
          b:e:n 622.0098482
          b:e:w 641.7140418
          b:c:n 641.7140418
          b:c:w 622.0098482
          b:n:w 1499.5356033
          e:c:n 4831.5148703
          e:c:w 3851.5024374
          e:n:w 6114.0522907
          c:n:w 5251.0637063
        b:e:c:n 1246.3584223
        b:e:c:w 1081.3356552
        b:e:n:w 1490.5926420
        b:c:n:w 1336.1723500
        e:c:n:w 48737.9935892
