########################################
# legofit: estimate population history #
#       version 2.3.4-4-g53f8760       #
########################################

# Program was compiled: Sep 21 2021 14:36:42
# Program was run: Wed Sep 22 13:58:10 2021

# cmd: legofit -1 -d 0 -t 32 --ptsPerDim 3 --stateOut b1boot35.state --tol 3e-6 -S 5000 cef2.lgo ../../chrX/boot_chrX/boot35.opf
# Stage nOptItr nSimReps
#     0    5000        0
# algorithm          : deterministic
# ignoring probs <=  : 0
# Branch length floor: 0
# DE strategy        : 2
#    F               : 0.3
#    CR              : 0.8
#    tolerance       : 3e-06
# nthreads           : 32
# lgo input file     : cef2.lgo
# site pat input file: ../../chrX/boot_chrX/boot35.opf
# free parameters    : 14
# points in DE swarm : 42
# output state file  : b1boot35.state
# Including singleton site patterns.
# cost function      : KL
Initial parameter values
Fixed:
      zero = 0
       one = 1
    Tbecnw = 75200
Free:
       pc1 = 0
       pc2 = 0
       pc3 = 0
       pc4 = 0
       pc5 = 0
       pc6 = 0
       pc7 = 0
       pc8 = 0
       pc9 = 0
      pc10 = 0
      pc11 = 0
      pc12 = 0
      pc13 = 0
      pc14 = 0
Constrained:
     Tecnw = 44449.6
       Tnw = 11424
       Tec = 5850.27
     twoNe = 2778.24
     twoNc = 170424
     twoNn = 231117
     twoNw = 557949
    twoNec = 92813.3
    twoNnw = 68599.4
  twoNecnw = 24445.9
  twoNbecnw = 55527.4
        m3 = 0.185663
        m5 = 0.26066
        m6 = 0.174686
        Tc = 5711.98
        Te = 2855.99
        Tf = 1427.99
DiffEv reached_goal. cost=2.47804e-03 spread=2.95688e-06
Fitted parameter values
Free:
       pc1 = -3.85386
       pc2 = -0.525425
       pc3 = -0.672306
       pc4 = 0.935644
       pc5 = -0.364015
       pc6 = -1.64445
       pc7 = -1.64121
       pc8 = 0.757153
       pc9 = -0.0595235
      pc10 = -0.105619
      pc11 = -0.348398
      pc12 = -0.194359
      pc13 = 0.217426
      pc14 = 0.0147497
Constrained:
     Tecnw = 45359.4
       Tnw = 10288.4
       Tec = 5217.99
     twoNe = 1277.79
     twoNc = 160426
     twoNn = 312514
     twoNw = 1.09278e+06
    twoNec = 91387.6
    twoNnw = 75426.6
  twoNecnw = 23231.1
  twoNbecnw = 56029.1
        m3 = 0.172674
        m5 = 0.283033
        m6 = 0.194317
        Tc = 5144.18
        Te = 2572.09
        Tf = 1286.04
#       SitePat  BranchLen
              b 123445.8719918
              e 46110.6741890
              c 48126.9276894
              n 43910.2447454
              w 46213.5026358
            b:e 1296.0373310
            b:c 1449.9899966
            b:n 1078.0421587
            b:w 1246.1473941
            e:c 11558.6398000
            e:n 5019.9402799
            e:w 4470.4858270
            c:n 4540.5465072
            c:w 3792.9767377
            n:w 12467.3738173
          b:e:c 1458.1508902
          b:e:n 618.5043724
          b:e:w 636.3708441
          b:c:n 636.3708441
          b:c:w 618.5043724
          b:n:w 1458.1508902
          e:c:n 4868.0880520
          e:c:w 3861.8543840
          e:n:w 5942.8397685
          c:n:w 5083.4891301
        b:e:c:n 1246.1473941
        b:e:c:w 1078.0421587
        b:e:n:w 1449.9899966
        b:c:n:w 1296.0373310
        e:c:n:w 49396.5926784
