########################################
# legofit: estimate population history #
#       version 2.3.4-4-g53f8760       #
########################################

# Program was compiled: Sep 21 2021 14:36:42
# Program was run: Wed Sep 22 13:58:19 2021

# cmd: legofit -1 -d 0 -t 32 --ptsPerDim 3 --stateOut b1boot48.state --tol 3e-6 -S 5000 cef2.lgo ../../chrX/boot_chrX/boot48.opf
# Stage nOptItr nSimReps
#     0    5000        0
# algorithm          : deterministic
# ignoring probs <=  : 0
# Branch length floor: 0
# DE strategy        : 2
#    F               : 0.3
#    CR              : 0.8
#    tolerance       : 3e-06
# nthreads           : 32
# lgo input file     : cef2.lgo
# site pat input file: ../../chrX/boot_chrX/boot48.opf
# free parameters    : 14
# points in DE swarm : 42
# output state file  : b1boot48.state
# Including singleton site patterns.
# cost function      : KL
Initial parameter values
Fixed:
      zero = 0
       one = 1
    Tbecnw = 75200
Free:
       pc1 = 0
       pc2 = 0
       pc3 = 0
       pc4 = 0
       pc5 = 0
       pc6 = 0
       pc7 = 0
       pc8 = 0
       pc9 = 0
      pc10 = 0
      pc11 = 0
      pc12 = 0
      pc13 = 0
      pc14 = 0
Constrained:
     Tecnw = 44449.6
       Tnw = 11424
       Tec = 5850.27
     twoNe = 2778.24
     twoNc = 170424
     twoNn = 231117
     twoNw = 557949
    twoNec = 92813.3
    twoNnw = 68599.4
  twoNecnw = 24445.9
  twoNbecnw = 55527.4
        m3 = 0.185663
        m5 = 0.26066
        m6 = 0.174686
        Tc = 5711.98
        Te = 2855.99
        Tf = 1427.99
DiffEv reached_goal. cost=2.39169e-03 spread=2.89750e-06
Fitted parameter values
Free:
       pc1 = -3.78901
       pc2 = -3.81102
       pc3 = -0.797546
       pc4 = 0.990711
       pc5 = -1.05973
       pc6 = -1.99165
       pc7 = -0.891715
       pc8 = -1.14306
       pc9 = 0.101287
      pc10 = 0.743789
      pc11 = -0.154241
      pc12 = 0.133448
      pc13 = 0.18339
      pc14 = 0.0002591
Constrained:
     Tecnw = 45553.7
       Tnw = 12712.9
       Tec = 6455.07
     twoNe = 1541.45
     twoNc = 214680
     twoNn = 350755
     twoNw = 1.1153e+06
    twoNec = 83155.8
    twoNnw = 68009.9
  twoNecnw = 24002.3
  twoNbecnw = 56217.4
        m3 = 0.159695
        m5 = 0.297119
        m6 = 0.220132
        Tc = 6356.43
        Te = 3178.22
        Tf = 1589.11
#       SitePat  BranchLen
              b 123303.2436520
              e 46590.0499193
              c 48400.0865136
              n 44330.6854805
              w 46408.6383353
            b:e 1370.9286834
            b:c 1518.6322242
            b:n 1117.4640980
            b:w 1277.1934551
            e:c 11682.9976688
            e:n 5014.2527322
            e:w 4503.8287895
            c:n 4565.2791064
            c:w 3937.8695931
            n:w 12484.6981334
          b:e:c 1529.1353897
          b:e:n 643.3315759
          b:e:w 657.4591120
          b:c:n 657.4591120
          b:c:w 643.3315759
          b:n:w 1529.1353897
          e:c:n 4870.1449624
          e:c:w 3930.0255636
          e:n:w 6121.3429929
          c:n:w 5326.2392208
        b:e:c:n 1277.1934551
        b:e:c:w 1117.4640980
        b:e:n:w 1518.6322242
        b:c:n:w 1370.9286834
        e:c:n:w 48704.7455617
