########################################
# legofit: estimate population history #
#       version 2.3.4-4-g53f8760       #
########################################

# Program was compiled: Sep 21 2021 14:36:42
# Program was run: Wed Sep 22 13:58:10 2021

# cmd: legofit -1 -d 0 -t 32 --ptsPerDim 3 --stateOut b1boot37.state --tol 3e-6 -S 5000 cef2.lgo ../../chrX/boot_chrX/boot37.opf
# Stage nOptItr nSimReps
#     0    5000        0
# algorithm          : deterministic
# ignoring probs <=  : 0
# Branch length floor: 0
# DE strategy        : 2
#    F               : 0.3
#    CR              : 0.8
#    tolerance       : 3e-06
# nthreads           : 32
# lgo input file     : cef2.lgo
# site pat input file: ../../chrX/boot_chrX/boot37.opf
# free parameters    : 14
# points in DE swarm : 42
# output state file  : b1boot37.state
# Including singleton site patterns.
# cost function      : KL
Initial parameter values
Fixed:
      zero = 0
       one = 1
    Tbecnw = 75200
Free:
       pc1 = 0
       pc2 = 0
       pc3 = 0
       pc4 = 0
       pc5 = 0
       pc6 = 0
       pc7 = 0
       pc8 = 0
       pc9 = 0
      pc10 = 0
      pc11 = 0
      pc12 = 0
      pc13 = 0
      pc14 = 0
Constrained:
     Tecnw = 44449.6
       Tnw = 11424
       Tec = 5850.27
     twoNe = 2778.24
     twoNc = 170424
     twoNn = 231117
     twoNw = 557949
    twoNec = 92813.3
    twoNnw = 68599.4
  twoNecnw = 24445.9
  twoNbecnw = 55527.4
        m3 = 0.185663
        m5 = 0.26066
        m6 = 0.174686
        Tc = 5711.98
        Te = 2855.99
        Tf = 1427.99
DiffEv reached_goal. cost=2.26271e-03 spread=2.91278e-06
Fitted parameter values
Free:
       pc1 = -2.40861
       pc2 = 1.20522
       pc3 = -1.17239
       pc4 = 0.232053
       pc5 = -0.445151
       pc6 = -1.87812
       pc7 = -1.33504
       pc8 = -0.0667984
       pc9 = -0.0397024
      pc10 = 0.218503
      pc11 = -0.233435
      pc12 = 0.355666
      pc13 = 0.239918
      pc14 = -0.0288456
Constrained:
     Tecnw = 44637.1
       Tnw = 9833.75
       Tec = 5051.42
     twoNe = 2323.47
     twoNc = 48804.9
     twoNn = 248701
     twoNw = 986596
    twoNec = 94320.2
    twoNnw = 78477.9
  twoNecnw = 24376.1
  twoNbecnw = 56145.7
        m3 = 0.172052
        m5 = 0.270894
        m6 = 0.184436
        Tc = 4916.87
        Te = 2458.44
        Tf = 1229.22
#       SitePat  BranchLen
              b 123232.8450096
              e 46269.6319471
              c 48223.7904827
              n 44163.2932241
              w 46497.5835104
            b:e 1346.2440289
            b:c 1496.9247353
            b:n 1135.0118274
            b:w 1309.5386610
            e:c 11720.7709516
            e:n 5077.6353743
            e:w 4500.6306092
            c:n 4592.1366906
            c:w 3853.8786918
            n:w 12576.7316011
          b:e:c 1512.2580237
          b:e:n 648.3738602
          b:e:w 664.5456679
          b:c:n 664.5456679
          b:c:w 648.3738602
          b:n:w 1512.2580237
          e:c:n 5030.7900552
          e:c:w 4011.7625328
          e:n:w 5992.5424594
          c:n:w 5170.6345248
        b:e:c:n 1309.5386610
        b:e:c:w 1135.0118274
        b:e:n:w 1496.9247353
        b:c:n:w 1346.2440289
        e:c:n:w 48741.9778846
