########################################
# legofit: estimate population history #
#       version 2.3.4-4-g53f8760       #
########################################

# Program was compiled: Sep 21 2021 14:36:42
# Program was run: Wed Sep 22 13:57:36 2021

# cmd: legofit -1 -d 0 -t 32 --ptsPerDim 3 --stateOut b1boot4.state --tol 3e-6 -S 5000 cef2.lgo ../../chrX/boot_chrX/boot4.opf
# Stage nOptItr nSimReps
#     0    5000        0
# algorithm          : deterministic
# ignoring probs <=  : 0
# Branch length floor: 0
# DE strategy        : 2
#    F               : 0.3
#    CR              : 0.8
#    tolerance       : 3e-06
# nthreads           : 32
# lgo input file     : cef2.lgo
# site pat input file: ../../chrX/boot_chrX/boot4.opf
# free parameters    : 14
# points in DE swarm : 42
# output state file  : b1boot4.state
# Including singleton site patterns.
# cost function      : KL
Initial parameter values
Fixed:
      zero = 0
       one = 1
    Tbecnw = 75200
Free:
       pc1 = 0
       pc2 = 0
       pc3 = 0
       pc4 = 0
       pc5 = 0
       pc6 = 0
       pc7 = 0
       pc8 = 0
       pc9 = 0
      pc10 = 0
      pc11 = 0
      pc12 = 0
      pc13 = 0
      pc14 = 0
Constrained:
     Tecnw = 44449.6
       Tnw = 11424
       Tec = 5850.27
     twoNe = 2778.24
     twoNc = 170424
     twoNn = 231117
     twoNw = 557949
    twoNec = 92813.3
    twoNnw = 68599.4
  twoNecnw = 24445.9
  twoNbecnw = 55527.4
        m3 = 0.185663
        m5 = 0.26066
        m6 = 0.174686
        Tc = 5711.98
        Te = 2855.99
        Tf = 1427.99
DiffEv reached_goal. cost=2.34880e-03 spread=2.40732e-06
Fitted parameter values
Free:
       pc1 = -2.90542
       pc2 = -1.86694
       pc3 = -0.28203
       pc4 = 1.92405
       pc5 = -0.143737
       pc6 = -1.9167
       pc7 = -0.647324
       pc8 = 0.103484
       pc9 = -0.115505
      pc10 = -0.22559
      pc11 = -0.0953938
      pc12 = 0.352867
      pc13 = -0.158323
      pc14 = -0.0355264
Constrained:
     Tecnw = 45188.3
       Tnw = 11311.9
       Tec = 5773.3
     twoNe = 1590.39
     twoNc = 353868
     twoNn = 396235
     twoNw = 1.05221e+06
    twoNec = 86983.5
    twoNnw = 70426.6
  twoNecnw = 23816.1
  twoNbecnw = 56422.4
        m3 = 0.173665
        m5 = 0.283851
        m6 = 0.19332
        Tc = 5655.96
        Te = 2827.98
        Tf = 1413.99
#       SitePat  BranchLen
              b 123635.2134254
              e 45977.6575026
              c 48135.8066018
              n 43801.3399514
              w 46223.0222153
            b:e 1326.3185930
            b:c 1495.1899022
            b:n 1096.7969955
            b:w 1277.6563716
            e:c 11789.4076072
            e:n 5088.7305138
            e:w 4485.5413224
            c:n 4542.8309286
            c:w 3798.5271033
            n:w 12640.6130283
          b:e:c 1514.6940623
          b:e:n 629.7371909
          b:e:w 646.8049264
          b:c:n 646.8049264
          b:c:w 629.7371909
          b:n:w 1514.6940623
          e:c:n 4964.1110711
          e:c:w 3889.9218238
          e:n:w 6082.9796428
          c:n:w 5157.7443479
        b:e:c:n 1277.6563716
        b:e:c:w 1096.7969955
        b:e:n:w 1495.1899022
        b:c:n:w 1326.3185930
        e:c:n:w 49344.0619835
