########################################
# legofit: estimate population history #
#       version 2.3.4-4-g53f8760       #
########################################

# Program was compiled: Sep 21 2021 14:36:42
# Program was run: Wed Sep 22 13:58:15 2021

# cmd: legofit -1 -d 0 -t 32 --ptsPerDim 3 --stateOut b1boot44.state --tol 3e-6 -S 5000 cef2.lgo ../../chrX/boot_chrX/boot44.opf
# Stage nOptItr nSimReps
#     0    5000        0
# algorithm          : deterministic
# ignoring probs <=  : 0
# Branch length floor: 0
# DE strategy        : 2
#    F               : 0.3
#    CR              : 0.8
#    tolerance       : 3e-06
# nthreads           : 32
# lgo input file     : cef2.lgo
# site pat input file: ../../chrX/boot_chrX/boot44.opf
# free parameters    : 14
# points in DE swarm : 42
# output state file  : b1boot44.state
# Including singleton site patterns.
# cost function      : KL
Initial parameter values
Fixed:
      zero = 0
       one = 1
    Tbecnw = 75200
Free:
       pc1 = 0
       pc2 = 0
       pc3 = 0
       pc4 = 0
       pc5 = 0
       pc6 = 0
       pc7 = 0
       pc8 = 0
       pc9 = 0
      pc10 = 0
      pc11 = 0
      pc12 = 0
      pc13 = 0
      pc14 = 0
Constrained:
     Tecnw = 44449.6
       Tnw = 11424
       Tec = 5850.27
     twoNe = 2778.24
     twoNc = 170424
     twoNn = 231117
     twoNw = 557949
    twoNec = 92813.3
    twoNnw = 68599.4
  twoNecnw = 24445.9
  twoNbecnw = 55527.4
        m3 = 0.185663
        m5 = 0.26066
        m6 = 0.174686
        Tc = 5711.98
        Te = 2855.99
        Tf = 1427.99
DiffEv reached_goal. cost=2.38460e-03 spread=2.79666e-06
Fitted parameter values
Free:
       pc1 = -3.86813
       pc2 = -2.52868
       pc3 = -1.06228
       pc4 = 0.327059
       pc5 = -1.65659
       pc6 = -1.95779
       pc7 = -1.25094
       pc8 = -0.511537
       pc9 = 0.175593
      pc10 = -0.0831828
      pc11 = 0.0313506
      pc12 = 0.067989
      pc13 = -0.227516
      pc14 = -0.0320713
Constrained:
     Tecnw = 45458.5
       Tnw = 11595.5
       Tec = 5951.3
     twoNe = 2436.15
     twoNc = 79135.8
     twoNn = 257615
     twoNw = 1.13709e+06
    twoNec = 83996.6
    twoNnw = 69121.9
  twoNecnw = 23736.3
  twoNbecnw = 56208
        m3 = 0.163254
        m5 = 0.29851
        m6 = 0.205135
        Tc = 5797.76
        Te = 2898.88
        Tf = 1449.44
#       SitePat  BranchLen
              b 123441.2865870
              e 46032.6397958
              c 48202.8091225
              n 43803.5169249
              w 45986.6365568
            b:e 1329.9271640
            b:c 1504.8113083
            b:n 1091.7002913
            b:w 1256.7357119
            e:c 11780.0538752
            e:n 5022.9900285
            e:w 4538.3525720
            c:n 4535.6913174
            c:w 3821.1008682
            n:w 12682.8256360
          b:e:c 1514.5752267
          b:e:n 624.4227254
          b:e:w 644.5741259
          b:c:n 644.5741259
          b:c:w 624.4227254
          b:n:w 1514.5752267
          e:c:n 4858.5983343
          e:c:w 3874.7066082
          e:n:w 6169.3378847
          c:n:w 5203.7189729
        b:e:c:n 1256.7357119
        b:e:c:w 1091.7002913
        b:e:n:w 1504.8113083
        b:c:n:w 1329.9271640
        e:c:n:w 49131.3540419
