########################################
# legofit: estimate population history #
#       version 2.3.4-4-g53f8760       #
########################################

# Program was compiled: Sep 21 2021 14:36:42
# Program was run: Wed Sep 22 13:58:10 2021

# cmd: legofit -1 -d 0 -t 32 --ptsPerDim 3 --stateOut b1boot40.state --tol 3e-6 -S 5000 cef2.lgo ../../chrX/boot_chrX/boot40.opf
# Stage nOptItr nSimReps
#     0    5000        0
# algorithm          : deterministic
# ignoring probs <=  : 0
# Branch length floor: 0
# DE strategy        : 2
#    F               : 0.3
#    CR              : 0.8
#    tolerance       : 3e-06
# nthreads           : 32
# lgo input file     : cef2.lgo
# site pat input file: ../../chrX/boot_chrX/boot40.opf
# free parameters    : 14
# points in DE swarm : 42
# output state file  : b1boot40.state
# Including singleton site patterns.
# cost function      : KL
Initial parameter values
Fixed:
      zero = 0
       one = 1
    Tbecnw = 75200
Free:
       pc1 = 0
       pc2 = 0
       pc3 = 0
       pc4 = 0
       pc5 = 0
       pc6 = 0
       pc7 = 0
       pc8 = 0
       pc9 = 0
      pc10 = 0
      pc11 = 0
      pc12 = 0
      pc13 = 0
      pc14 = 0
Constrained:
     Tecnw = 44449.6
       Tnw = 11424
       Tec = 5850.27
     twoNe = 2778.24
     twoNc = 170424
     twoNn = 231117
     twoNw = 557949
    twoNec = 92813.3
    twoNnw = 68599.4
  twoNecnw = 24445.9
  twoNbecnw = 55527.4
        m3 = 0.185663
        m5 = 0.26066
        m6 = 0.174686
        Tc = 5711.98
        Te = 2855.99
        Tf = 1427.99
DiffEv reached_goal. cost=2.29539e-03 spread=2.62147e-06
Fitted parameter values
Free:
       pc1 = -3.48558
       pc2 = -2.11239
       pc3 = -1.28216
       pc4 = 1.10327
       pc5 = -0.389784
       pc6 = -1.85244
       pc7 = -0.719447
       pc8 = -0.784075
       pc9 = -0.140525
      pc10 = 0.590988
      pc11 = -0.251452
      pc12 = -0.206372
      pc13 = -0.204744
      pc14 = -0.0404016
Constrained:
     Tecnw = 44966.7
       Tnw = 11317.7
       Tec = 5777.03
     twoNe = 1863.47
     twoNc = 225683
     twoNn = 376775
     twoNw = 1.07824e+06
    twoNec = 87273.8
    twoNnw = 69676.7
  twoNecnw = 24043.7
  twoNbecnw = 55900.8
        m3 = 0.158503
        m5 = 0.288371
        m6 = 0.210106
        Tc = 5658.86
        Te = 2829.43
        Tf = 1414.72
#       SitePat  BranchLen
              b 123178.9376834
              e 46169.3620901
              c 48033.5751146
              n 43656.1405034
              w 45699.3220584
            b:e 1343.0613433
            b:c 1489.7112388
            b:n 1087.0370068
            b:w 1239.8564784
            e:c 11628.9883166
            e:n 4980.9575923
            e:w 4470.5903694
            c:n 4510.0533893
            c:w 3889.1425563
            n:w 12682.8145426
          b:e:c 1498.0178333
          b:e:n 625.4457142
          b:e:w 638.7626155
          b:c:n 638.7626155
          b:c:w 625.4457142
          b:n:w 1498.0178333
          e:c:n 4804.4345816
          e:c:w 3892.5310826
          e:n:w 6124.3244317
          c:n:w 5312.4634233
        b:e:c:n 1239.8564784
        b:e:c:w 1087.0370068
        b:e:n:w 1489.7112388
        b:c:n:w 1343.0613433
        e:c:n:w 49029.6414493
