########################################
# legofit: estimate population history #
#       version 2.3.4-4-g53f8760       #
########################################

# Program was compiled: Sep 21 2021 14:36:42
# Program was run: Wed Sep 22 13:58:15 2021

# cmd: legofit -1 -d 0 -t 32 --ptsPerDim 3 --stateOut b1boot42.state --tol 3e-6 -S 5000 cef2.lgo ../../chrX/boot_chrX/boot42.opf
# Stage nOptItr nSimReps
#     0    5000        0
# algorithm          : deterministic
# ignoring probs <=  : 0
# Branch length floor: 0
# DE strategy        : 2
#    F               : 0.3
#    CR              : 0.8
#    tolerance       : 3e-06
# nthreads           : 32
# lgo input file     : cef2.lgo
# site pat input file: ../../chrX/boot_chrX/boot42.opf
# free parameters    : 14
# points in DE swarm : 42
# output state file  : b1boot42.state
# Including singleton site patterns.
# cost function      : KL
Initial parameter values
Fixed:
      zero = 0
       one = 1
    Tbecnw = 75200
Free:
       pc1 = 0
       pc2 = 0
       pc3 = 0
       pc4 = 0
       pc5 = 0
       pc6 = 0
       pc7 = 0
       pc8 = 0
       pc9 = 0
      pc10 = 0
      pc11 = 0
      pc12 = 0
      pc13 = 0
      pc14 = 0
Constrained:
     Tecnw = 44449.6
       Tnw = 11424
       Tec = 5850.27
     twoNe = 2778.24
     twoNc = 170424
     twoNn = 231117
     twoNw = 557949
    twoNec = 92813.3
    twoNnw = 68599.4
  twoNecnw = 24445.9
  twoNbecnw = 55527.4
        m3 = 0.185663
        m5 = 0.26066
        m6 = 0.174686
        Tc = 5711.98
        Te = 2855.99
        Tf = 1427.99
DiffEv reached_goal. cost=2.36518e-03 spread=2.96838e-06
Fitted parameter values
Free:
       pc1 = -3.80117
       pc2 = -2.18968
       pc3 = -1.18403
       pc4 = 1.15068
       pc5 = -1.04697
       pc6 = -1.83967
       pc7 = -1.7241
       pc8 = 0.0364147
       pc9 = 0.187268
      pc10 = 0.0174152
      pc11 = 0.0323696
      pc12 = -0.234519
      pc13 = 0.26757
      pc14 = 0.00259388
Constrained:
     Tecnw = 45477.3
       Tnw = 11603.2
       Tec = 5907.03
     twoNe = 1629.8
     twoNc = 134069
     twoNn = 397518
     twoNw = 1.1913e+06
    twoNec = 87854.7
    twoNnw = 71179.8
  twoNecnw = 23467.5
  twoNbecnw = 56001.2
        m3 = 0.166698
        m5 = 0.293592
        m6 = 0.201565
        Tc = 5801.62
        Te = 2900.81
        Tf = 1450.41
#       SitePat  BranchLen
              b 123322.1766552
              e 46277.4443570
              c 48388.5592359
              n 44071.8018837
              w 46275.1315430
            b:e 1316.0860714
            b:c 1482.5515664
            b:n 1085.4017573
            b:w 1248.5313962
            e:c 11539.9326972
            e:n 5020.0342730
            e:w 4499.6182191
            c:n 4519.1108125
            c:w 3807.5989601
            n:w 12446.3965265
          b:e:c 1479.8311487
          b:e:n 624.1677745
          b:e:w 642.4118468
          b:c:n 642.4118468
          b:c:w 624.1677745
          b:n:w 1479.8311487
          e:c:n 4836.6036033
          e:c:w 3865.2018504
          e:n:w 6063.0600604
          c:n:w 5144.8879009
        b:e:c:n 1248.5313962
        b:e:c:w 1085.4017573
        b:e:n:w 1482.5515664
        b:c:n:w 1316.0860714
        e:c:n:w 49099.2631562
