########################################
# legofit: estimate population history #
#       version 2.3.4-4-g53f8760       #
########################################

# Program was compiled: Sep 21 2021 14:36:42
# Program was run: Mon Oct 11 22:25:44 2021

# cmd: legofit -1 -d 0 -t 32 --ptsPerDim 3 --stateOut b1.state --tol 3e-6 -S 5000 abde2.lgo ../../pan.opf
# Stage nOptItr nSimReps
#     0    5000        0
# algorithm          : deterministic
# ignoring probs <=  : 0
# Branch length floor: 0
# DE strategy        : 2
#    F               : 0.3
#    CR              : 0.8
#    tolerance       : 3e-06
# nthreads           : 32
# lgo input file     : abde2.lgo
# site pat input file: ../../pan.opf
# free parameters    : 17
# points in DE swarm : 51
# output state file  : b1.state
# Including singleton site patterns.
# cost function      : KL
Initial parameter values
Fixed:
      zero = 0
       one = 1
    Tbecnw = 75200
Free:
       pc1 = 0
       pc2 = 0
       pc3 = 0
       pc4 = 0
       pc5 = 0
       pc6 = 0
       pc7 = 0
       pc8 = 0
       pc9 = 0
      pc10 = 0
      pc11 = 0
      pc12 = 0
      pc13 = 0
      pc14 = 0
      pc15 = 0
      pc16 = 0
      pc17 = 0
Constrained:
   Tgbecnw = 117232
     Tecnw = 26341.9
       Tnw = 11836.8
       Tec = 15894.9
     twoNb = 678907
     twoNe = 652446
     twoNc = 499543
     twoNw = 2.53497e+06
    twoNec = 74765.5
    twoNnw = 78634.9
  twoNecnw = 76100
  twoNbecnw = 15900.3
  twoNgbecnw = 298974
         m = 0.113147
        m2 = 0.0249103
        m4 = 0.00143972
        m5 = 0.173898
        Tb = 21118.4
        Ta = 48159.2
        Td = 7947.46
        Te = 3973.73
DiffEv reached_goal. cost=1.79105e-03 spread=2.78167e-06
Fitted parameter values
Free:
       pc1 = 3.67175
       pc2 = -3.96715
       pc3 = -1.9261
       pc4 = 1.92479
       pc5 = -0.828832
       pc6 = -1.48184
       pc7 = 0.500584
       pc8 = -0.224635
       pc9 = 0.714343
      pc10 = -0.552753
      pc11 = -0.579269
      pc12 = -0.0710383
      pc13 = 0.0464669
      pc14 = 0.00575348
      pc15 = 0.0672354
      pc16 = 0.0124655
      pc17 = -0.0434482
Constrained:
   Tgbecnw = 92121.3
     Tecnw = 24467.8
       Tnw = 12554.5
       Tec = 14377.6
     twoNb = 525218
     twoNe = 641065
     twoNc = 457687
     twoNw = 4.01896e+06
    twoNec = 73237.5
    twoNnw = 63286.1
  twoNecnw = 74434.8
  twoNbecnw = 6459.06
  twoNgbecnw = 355260
         m = 0.0912065
        m2 = 0.024756
        m4 = 0.000806799
        m5 = 0.174093
        Tb = 19422.7
        Ta = 47311.4
        Td = 7188.82
        Te = 3594.41
#       SitePat  BranchLen
              b 125453.4508078
              e 48780.9111626
              c 51264.7998332
              n 46137.5935499
              w 46120.6751089
            b:e 2175.2053300
            b:c 2464.1383808
            b:n 1761.8566336
            b:w 1760.7501124
            e:c 10489.9899488
            e:n 5573.2000603
            e:w 5590.1185012
            c:n 4886.2929553
            c:w 4882.5913772
            n:w 12705.8234132
          b:e:c 2028.1578148
          b:e:n 1092.2126730
          b:e:w 1093.3191942
          b:c:n 1102.4995907
          b:c:w 1101.2887957
          b:n:w 2006.9899498
          e:c:n 4661.2511958
          e:c:w 4664.9527739
          e:n:w 6471.6992946
          c:n:w 5462.7573342
        b:e:c:n 2020.5249121
        b:e:c:w 2021.7357071
        b:e:n:w 3168.2792620
        b:c:n:w 2780.5771706
        e:c:n:w 52199.4286910
