########################################
# legofit: estimate population history #
#       version 2.3.4-4-g53f8760       #
########################################

# Program was compiled: Sep 21 2021 14:36:42
# Program was run: Mon Oct 11 22:29:41 2021

# cmd: legofit -1 -d 0 -t 32 --ptsPerDim 3 --stateOut b1boot12.state --tol 3e-6 -S 5000 abde2.lgo ../../boot/boot12.opf
# Stage nOptItr nSimReps
#     0    5000        0
# algorithm          : deterministic
# ignoring probs <=  : 0
# Branch length floor: 0
# DE strategy        : 2
#    F               : 0.3
#    CR              : 0.8
#    tolerance       : 3e-06
# nthreads           : 32
# lgo input file     : abde2.lgo
# site pat input file: ../../boot/boot12.opf
# free parameters    : 17
# points in DE swarm : 51
# output state file  : b1boot12.state
# Including singleton site patterns.
# cost function      : KL
Initial parameter values
Fixed:
      zero = 0
       one = 1
    Tbecnw = 75200
Free:
       pc1 = 0
       pc2 = 0
       pc3 = 0
       pc4 = 0
       pc5 = 0
       pc6 = 0
       pc7 = 0
       pc8 = 0
       pc9 = 0
      pc10 = 0
      pc11 = 0
      pc12 = 0
      pc13 = 0
      pc14 = 0
      pc15 = 0
      pc16 = 0
      pc17 = 0
Constrained:
   Tgbecnw = 117232
     Tecnw = 26341.9
       Tnw = 11836.8
       Tec = 15894.9
     twoNb = 678907
     twoNe = 652446
     twoNc = 499543
     twoNw = 2.53497e+06
    twoNec = 74765.5
    twoNnw = 78634.9
  twoNecnw = 76100
  twoNbecnw = 15900.3
  twoNgbecnw = 298974
         m = 0.113147
        m2 = 0.0249103
        m4 = 0.00143972
        m5 = 0.173898
        Tb = 21118.4
        Ta = 48159.2
        Td = 7947.46
        Te = 3973.73
DiffEv reached_goal. cost=1.76764e-03 spread=2.53985e-06
Fitted parameter values
Free:
       pc1 = 3.82351
       pc2 = -3.97929
       pc3 = -1.95073
       pc4 = 1.92063
       pc5 = -1.3086
       pc6 = -1.81317
       pc7 = 0.487065
       pc8 = 0.66077
       pc9 = 0.0660527
      pc10 = 0.0515089
      pc11 = -0.740694
      pc12 = -0.362517
      pc13 = 0.201248
      pc14 = 0.00167972
      pc15 = 0.0277622
      pc16 = -0.0284851
      pc17 = -0.0836397
Constrained:
   Tgbecnw = 89395.6
     Tecnw = 24340.2
       Tnw = 11958.2
       Tec = 15509
     twoNb = 512228
     twoNe = 664187
     twoNc = 509037
     twoNw = 4.12345e+06
    twoNec = 62362.4
    twoNnw = 67695.2
  twoNecnw = 74319.5
  twoNbecnw = 5536.19
  twoNgbecnw = 343807
         m = 0.093769
        m2 = 0.0246682
        m4 = 0.0016144
        m5 = 0.175386
        Tb = 19924.6
        Ta = 47562.3
        Td = 7754.5
        Te = 3877.25
#       SitePat  BranchLen
              b 124749.0334539
              e 48560.3927180
              c 51051.5150799
              n 46085.9102935
              w 46070.8908602
            b:e 2159.3946836
            b:c 2458.2874231
            b:n 1768.6757907
            b:w 1767.6932538
            e:c 10453.5490773
            e:n 5570.8257113
            e:w 5585.8451447
            c:n 4880.0255079
            c:w 4876.7427524
            n:w 12592.4844325
          b:e:c 2022.2429805
          b:e:n 1092.7149915
          b:e:w 1093.6975284
          b:c:n 1103.3671672
          b:c:w 1102.2902761
          b:n:w 2001.7236133
          e:c:n 4680.1719584
          e:c:w 4683.4547140
          e:n:w 6407.7971941
          c:n:w 5404.2826246
        b:e:c:n 2032.8062497
        b:e:c:w 2033.8831407
        b:e:n:w 3161.8336390
        b:c:n:w 2755.9907306
        e:c:n:w 51765.0253935
