########################################
# legofit: estimate population history #
#       version 2.3.4-4-g53f8760       #
########################################

# Program was compiled: Sep 21 2021 14:36:42
# Program was run: Mon Oct 11 22:42:25 2021

# cmd: legofit -1 -d 0 -t 32 --ptsPerDim 3 --stateOut b1boot42.state --tol 3e-6 -S 5000 abde2.lgo ../../boot/boot42.opf
# Stage nOptItr nSimReps
#     0    5000        0
# algorithm          : deterministic
# ignoring probs <=  : 0
# Branch length floor: 0
# DE strategy        : 2
#    F               : 0.3
#    CR              : 0.8
#    tolerance       : 3e-06
# nthreads           : 32
# lgo input file     : abde2.lgo
# site pat input file: ../../boot/boot42.opf
# free parameters    : 17
# points in DE swarm : 51
# output state file  : b1boot42.state
# Including singleton site patterns.
# cost function      : KL
Initial parameter values
Fixed:
      zero = 0
       one = 1
    Tbecnw = 75200
Free:
       pc1 = 0
       pc2 = 0
       pc3 = 0
       pc4 = 0
       pc5 = 0
       pc6 = 0
       pc7 = 0
       pc8 = 0
       pc9 = 0
      pc10 = 0
      pc11 = 0
      pc12 = 0
      pc13 = 0
      pc14 = 0
      pc15 = 0
      pc16 = 0
      pc17 = 0
Constrained:
   Tgbecnw = 117232
     Tecnw = 26341.9
       Tnw = 11836.8
       Tec = 15894.9
     twoNb = 678907
     twoNe = 652446
     twoNc = 499543
     twoNw = 2.53497e+06
    twoNec = 74765.5
    twoNnw = 78634.9
  twoNecnw = 76100
  twoNbecnw = 15900.3
  twoNgbecnw = 298974
         m = 0.113147
        m2 = 0.0249103
        m4 = 0.00143972
        m5 = 0.173898
        Tb = 21118.4
        Ta = 48159.2
        Td = 7947.46
        Te = 3973.73
DiffEv reached_goal. cost=1.79681e-03 spread=2.95740e-06
Fitted parameter values
Free:
       pc1 = 3.97159
       pc2 = -3.91579
       pc3 = -1.8928
       pc4 = 1.73222
       pc5 = -1.12467
       pc6 = -1.85603
       pc7 = 0.255562
       pc8 = 0.863681
       pc9 = 0.8405
      pc10 = -0.985038
      pc11 = -0.131171
      pc12 = -0.0428702
      pc13 = 0.0347457
      pc14 = -0.0682966
      pc15 = 0.0418966
      pc16 = -0.0152598
      pc17 = -0.0988756
Constrained:
   Tgbecnw = 90766.8
     Tecnw = 24448.9
       Tnw = 12714.4
       Tec = 15509.3
     twoNb = 472137
     twoNe = 621603
     twoNc = 353101
     twoNw = 4.63049e+06
    twoNec = 62678.9
    twoNnw = 62848.7
  twoNecnw = 73650.5
  twoNbecnw = 6019.13
  twoNgbecnw = 345287
         m = 0.0935356
        m2 = 0.0252197
        m4 = 0.00119383
        m5 = 0.170491
        Tb = 19979.1
        Ta = 47589.5
        Td = 7754.63
        Te = 3877.31
#       SitePat  BranchLen
              b 125034.2519503
              e 48586.2793238
              c 51004.3706179
              n 46055.6906241
              w 46041.6229042
            b:e 2159.9121748
            b:c 2449.9261030
            b:n 1746.2125686
            b:w 1745.2954119
            e:c 10498.6914914
            e:n 5515.2864049
            e:w 5529.3541248
            c:n 4848.0388768
            c:w 4844.9455549
            n:w 12630.7169300
          b:e:c 2014.0469664
          b:e:n 1075.2352376
          b:e:w 1076.1523943
          b:c:n 1085.3224027
          b:c:w 1084.3186553
          b:n:w 1992.4991068
          e:c:n 4667.9425292
          e:c:w 4671.0358510
          e:n:w 6419.9935072
          c:n:w 5432.4806718
        b:e:c:n 2002.5041990
        b:e:c:w 2003.5079464
        b:e:n:w 3135.2090285
        b:c:n:w 2748.0192684
        e:c:n:w 51997.2624363
