########################################
# legofit: estimate population history #
#       version 2.3.4-4-g53f8760       #
########################################

# Program was compiled: Sep 21 2021 14:36:42
# Program was run: Mon Oct 11 22:34:24 2021

# cmd: legofit -1 -d 0 -t 32 --ptsPerDim 3 --stateOut b1boot23.state --tol 3e-6 -S 5000 abde2.lgo ../../boot/boot23.opf
# Stage nOptItr nSimReps
#     0    5000        0
# algorithm          : deterministic
# ignoring probs <=  : 0
# Branch length floor: 0
# DE strategy        : 2
#    F               : 0.3
#    CR              : 0.8
#    tolerance       : 3e-06
# nthreads           : 32
# lgo input file     : abde2.lgo
# site pat input file: ../../boot/boot23.opf
# free parameters    : 17
# points in DE swarm : 51
# output state file  : b1boot23.state
# Including singleton site patterns.
# cost function      : KL
Initial parameter values
Fixed:
      zero = 0
       one = 1
    Tbecnw = 75200
Free:
       pc1 = 0
       pc2 = 0
       pc3 = 0
       pc4 = 0
       pc5 = 0
       pc6 = 0
       pc7 = 0
       pc8 = 0
       pc9 = 0
      pc10 = 0
      pc11 = 0
      pc12 = 0
      pc13 = 0
      pc14 = 0
      pc15 = 0
      pc16 = 0
      pc17 = 0
Constrained:
   Tgbecnw = 117232
     Tecnw = 26341.9
       Tnw = 11836.8
       Tec = 15894.9
     twoNb = 678907
     twoNe = 652446
     twoNc = 499543
     twoNw = 2.53497e+06
    twoNec = 74765.5
    twoNnw = 78634.9
  twoNecnw = 76100
  twoNbecnw = 15900.3
  twoNgbecnw = 298974
         m = 0.113147
        m2 = 0.0249103
        m4 = 0.00143972
        m5 = 0.173898
        Tb = 21118.4
        Ta = 48159.2
        Td = 7947.46
        Te = 3973.73
DiffEv reached_goal. cost=1.76853e-03 spread=2.93284e-06
Fitted parameter values
Free:
       pc1 = 3.91407
       pc2 = -3.98389
       pc3 = -1.90161
       pc4 = 1.95652
       pc5 = -1.90725
       pc6 = -1.78376
       pc7 = 0.322595
       pc8 = -0.249884
       pc9 = 1.18509
      pc10 = -0.00900375
      pc11 = -0.365345
      pc12 = -0.430101
      pc13 = 0.0901761
      pc14 = -0.0449793
      pc15 = 0.10262
      pc16 = -0.00348622
      pc17 = -0.0705725
Constrained:
   Tgbecnw = 88452.2
     Tecnw = 24307.8
       Tnw = 12808.3
       Tec = 14805.1
     twoNb = 607014
     twoNe = 223537
     twoNc = 620309
     twoNw = 3.52938e+06
    twoNec = 68429.2
    twoNnw = 60808.7
  twoNecnw = 73724.1
  twoNbecnw = 5171.5
  twoNgbecnw = 347277
         m = 0.0918296
        m2 = 0.0252781
        m4 = 0.00104142
        m5 = 0.173195
        Tb = 19556.5
        Ta = 47378.2
        Td = 7402.54
        Te = 3701.27
#       SitePat  BranchLen
              b 124381.0427061
              e 48493.8753505
              c 50968.0345303
              n 45838.4653478
              w 45819.2232577
            b:e 2157.4284172
            b:c 2446.0883320
            b:n 1753.5677006
            b:w 1752.3000197
            e:c 10427.1669010
            e:n 5526.3924474
            e:w 5545.6345374
            c:n 4849.1740426
            c:w 4844.9394317
            n:w 12631.9016154
          b:e:c 2024.6495910
          b:e:n 1086.6808025
          b:e:w 1087.9484835
          b:c:n 1097.2345276
          b:c:w 1095.8459403
          b:n:w 2005.1810964
          e:c:n 4638.5027543
          e:c:w 4642.7373652
          e:n:w 6446.5247562
          c:n:w 5438.1437821
        b:e:c:n 2013.9055267
        b:e:c:w 2015.2941140
        b:e:n:w 3176.0426547
        b:c:n:w 2781.0668194
        e:c:n:w 51591.4932264
