########################################
# legofit: estimate population history #
#       version 2.3.4-4-g53f8760       #
########################################

# Program was compiled: Sep 21 2021 14:36:42
# Program was run: Mon Oct 11 22:27:48 2021

# cmd: legofit -1 -d 0 -t 32 --ptsPerDim 3 --stateOut b1boot6.state --tol 3e-6 -S 5000 abde2.lgo ../../boot/boot6.opf
# Stage nOptItr nSimReps
#     0    5000        0
# algorithm          : deterministic
# ignoring probs <=  : 0
# Branch length floor: 0
# DE strategy        : 2
#    F               : 0.3
#    CR              : 0.8
#    tolerance       : 3e-06
# nthreads           : 32
# lgo input file     : abde2.lgo
# site pat input file: ../../boot/boot6.opf
# free parameters    : 17
# points in DE swarm : 51
# output state file  : b1boot6.state
# Including singleton site patterns.
# cost function      : KL
Initial parameter values
Fixed:
      zero = 0
       one = 1
    Tbecnw = 75200
Free:
       pc1 = 0
       pc2 = 0
       pc3 = 0
       pc4 = 0
       pc5 = 0
       pc6 = 0
       pc7 = 0
       pc8 = 0
       pc9 = 0
      pc10 = 0
      pc11 = 0
      pc12 = 0
      pc13 = 0
      pc14 = 0
      pc15 = 0
      pc16 = 0
      pc17 = 0
Constrained:
   Tgbecnw = 117232
     Tecnw = 26341.9
       Tnw = 11836.8
       Tec = 15894.9
     twoNb = 678907
     twoNe = 652446
     twoNc = 499543
     twoNw = 2.53497e+06
    twoNec = 74765.5
    twoNnw = 78634.9
  twoNecnw = 76100
  twoNbecnw = 15900.3
  twoNgbecnw = 298974
         m = 0.113147
        m2 = 0.0249103
        m4 = 0.00143972
        m5 = 0.173898
        Tb = 21118.4
        Ta = 48159.2
        Td = 7947.46
        Te = 3973.73
DiffEv reached_goal. cost=1.76859e-03 spread=2.64795e-06
Fitted parameter values
Free:
       pc1 = 3.90862
       pc2 = -3.66533
       pc3 = -1.2328
       pc4 = 1.99254
       pc5 = -1.47857
       pc6 = -1.25652
       pc7 = 0.391506
       pc8 = -0.212442
       pc9 = 0.20018
      pc10 = -0.345974
      pc11 = -0.21779
      pc12 = -0.173186
      pc13 = 0.0689702
      pc14 = -0.0384394
      pc15 = 0.059995
      pc16 = -0.0526898
      pc17 = -0.0750959
Constrained:
   Tgbecnw = 91386.6
     Tecnw = 24477
       Tnw = 12801.4
       Tec = 15739.6
     twoNb = 443106
     twoNe = 508075
     twoNc = 590505
     twoNw = 3.57044e+06
    twoNec = 62937.4
    twoNnw = 62869.1
  twoNecnw = 74828.8
  twoNbecnw = 6309.28
  twoNgbecnw = 336471
         m = 0.0976337
        m2 = 0.0248918
        m4 = 0.000805724
        m5 = 0.174898
        Tb = 20108.3
        Ta = 47654.2
        Td = 7869.8
        Te = 3934.9
#       SitePat  BranchLen
              b 125568.1455704
              e 48888.9386010
              c 51353.4676562
              n 46304.0517604
              w 46285.1760447
            b:e 2185.4428171
            b:c 2478.5162248
            b:n 1760.5658487
            b:w 1759.3289716
            e:c 10429.9580763
            e:n 5576.1445590
            e:w 5595.0202747
            c:n 4893.5049892
            c:w 4889.3582326
            n:w 12633.5724989
          b:e:c 2022.1119635
          b:e:n 1090.7874248
          b:e:w 1092.0243019
          b:c:n 1101.3800501
          b:c:w 1100.0252795
          b:n:w 1998.1115647
          e:c:n 4665.9478669
          e:c:w 4670.0946236
          e:n:w 6453.0047797
          c:n:w 5449.6116799
        b:e:c:n 2021.7512587
        b:e:c:w 2023.1060293
        b:e:n:w 3150.3998832
        b:c:n:w 2765.8984834
        e:c:n:w 52252.8634250
