########################################
# legofit: estimate population history #
#       version 2.3.4-4-g53f8760       #
########################################

# Program was compiled: Sep 21 2021 14:36:42
# Program was run: Mon Oct 11 22:40:25 2021

# cmd: legofit -1 -d 0 -t 32 --ptsPerDim 3 --stateOut b1boot36.state --tol 3e-6 -S 5000 abde2.lgo ../../boot/boot36.opf
# Stage nOptItr nSimReps
#     0    5000        0
# algorithm          : deterministic
# ignoring probs <=  : 0
# Branch length floor: 0
# DE strategy        : 2
#    F               : 0.3
#    CR              : 0.8
#    tolerance       : 3e-06
# nthreads           : 32
# lgo input file     : abde2.lgo
# site pat input file: ../../boot/boot36.opf
# free parameters    : 17
# points in DE swarm : 51
# output state file  : b1boot36.state
# Including singleton site patterns.
# cost function      : KL
Initial parameter values
Fixed:
      zero = 0
       one = 1
    Tbecnw = 75200
Free:
       pc1 = 0
       pc2 = 0
       pc3 = 0
       pc4 = 0
       pc5 = 0
       pc6 = 0
       pc7 = 0
       pc8 = 0
       pc9 = 0
      pc10 = 0
      pc11 = 0
      pc12 = 0
      pc13 = 0
      pc14 = 0
      pc15 = 0
      pc16 = 0
      pc17 = 0
Constrained:
   Tgbecnw = 117232
     Tecnw = 26341.9
       Tnw = 11836.8
       Tec = 15894.9
     twoNb = 678907
     twoNe = 652446
     twoNc = 499543
     twoNw = 2.53497e+06
    twoNec = 74765.5
    twoNnw = 78634.9
  twoNecnw = 76100
  twoNbecnw = 15900.3
  twoNgbecnw = 298974
         m = 0.113147
        m2 = 0.0249103
        m4 = 0.00143972
        m5 = 0.173898
        Tb = 21118.4
        Ta = 48159.2
        Td = 7947.46
        Te = 3973.73
DiffEv reached_goal. cost=1.79848e-03 spread=2.99012e-06
Fitted parameter values
Free:
       pc1 = 3.96681
       pc2 = -3.97329
       pc3 = -1.93805
       pc4 = 1.88131
       pc5 = -1.56324
       pc6 = -1.91502
       pc7 = 0.613711
       pc8 = -0.218474
       pc9 = 0.00564548
      pc10 = -0.108276
      pc11 = -0.502818
      pc12 = -0.614759
      pc13 = 0.0201187
      pc14 = -0.0566823
      pc15 = 0.0383876
      pc16 = -0.0337859
      pc17 = -0.104136
Constrained:
   Tgbecnw = 88819.3
     Tecnw = 24330.4
       Tnw = 12665.5
       Tec = 14550.1
     twoNb = 454265
     twoNe = 334148
     twoNc = 523891
     twoNw = 3.5732e+06
    twoNec = 69279.8
    twoNnw = 62973.2
  twoNecnw = 74585.7
  twoNbecnw = 5295.52
  twoNgbecnw = 346848
         m = 0.0939788
        m2 = 0.0246109
        m4 = 0.00139951
        m5 = 0.175864
        Tb = 19440.3
        Ta = 47320.1
        Td = 7275.04
        Te = 3637.52
#       SitePat  BranchLen
              b 124870.3321298
              e 48522.8911319
              c 51013.5991736
              n 46095.5863812
              w 46076.2833722
            b:e 2170.2041109
            b:c 2473.1261724
            b:n 1760.2200856
            b:w 1758.9556011
            e:c 10490.8345593
            e:n 5551.4300779
            e:w 5570.7330868
            c:n 4864.2047961
            c:w 4859.9815191
            n:w 12579.2666833
          b:e:c 2024.3143464
          b:e:n 1089.1704774
          b:e:w 1090.4349619
          b:c:n 1100.3369210
          b:c:w 1098.9491706
          b:n:w 1999.8495525
          e:c:n 4652.5317948
          e:c:w 4656.7550718
          e:n:w 6414.8229522
          c:n:w 5401.3775691
        b:e:c:n 2026.8212704
        b:e:c:w 2028.2090209
        b:e:n:w 3155.4230431
        b:c:n:w 2753.5344731
        e:c:n:w 51955.3056315
