########################################
# legofit: estimate population history #
#       version 2.3.4-4-g53f8760       #
########################################

# Program was compiled: Sep 21 2021 14:36:42
# Program was run: Mon Oct 11 22:34:48 2021

# cmd: legofit -1 -d 0 -t 32 --ptsPerDim 3 --stateOut b1boot25.state --tol 3e-6 -S 5000 abde2.lgo ../../boot/boot25.opf
# Stage nOptItr nSimReps
#     0    5000        0
# algorithm          : deterministic
# ignoring probs <=  : 0
# Branch length floor: 0
# DE strategy        : 2
#    F               : 0.3
#    CR              : 0.8
#    tolerance       : 3e-06
# nthreads           : 32
# lgo input file     : abde2.lgo
# site pat input file: ../../boot/boot25.opf
# free parameters    : 17
# points in DE swarm : 51
# output state file  : b1boot25.state
# Including singleton site patterns.
# cost function      : KL
Initial parameter values
Fixed:
      zero = 0
       one = 1
    Tbecnw = 75200
Free:
       pc1 = 0
       pc2 = 0
       pc3 = 0
       pc4 = 0
       pc5 = 0
       pc6 = 0
       pc7 = 0
       pc8 = 0
       pc9 = 0
      pc10 = 0
      pc11 = 0
      pc12 = 0
      pc13 = 0
      pc14 = 0
      pc15 = 0
      pc16 = 0
      pc17 = 0
Constrained:
   Tgbecnw = 117232
     Tecnw = 26341.9
       Tnw = 11836.8
       Tec = 15894.9
     twoNb = 678907
     twoNe = 652446
     twoNc = 499543
     twoNw = 2.53497e+06
    twoNec = 74765.5
    twoNnw = 78634.9
  twoNecnw = 76100
  twoNbecnw = 15900.3
  twoNgbecnw = 298974
         m = 0.113147
        m2 = 0.0249103
        m4 = 0.00143972
        m5 = 0.173898
        Tb = 21118.4
        Ta = 48159.2
        Td = 7947.46
        Te = 3973.73
DiffEv reached_goal. cost=1.78851e-03 spread=2.75899e-06
Fitted parameter values
Free:
       pc1 = 3.94478
       pc2 = -3.98617
       pc3 = -1.89594
       pc4 = 1.49168
       pc5 = -0.972388
       pc6 = -1.99668
       pc7 = 1.18933
       pc8 = 0.374475
       pc9 = 1.11358
      pc10 = -1.06932
      pc11 = -0.125253
      pc12 = -0.242097
      pc13 = -0.0174517
      pc14 = -0.129858
      pc15 = 0.0698804
      pc16 = -0.04298
      pc17 = -0.0662922
Constrained:
   Tgbecnw = 90304.7
     Tecnw = 24417.6
       Tnw = 12996.5
       Tec = 14490.9
     twoNb = 488365
     twoNe = 704187
     twoNc = 103138
     twoNw = 3.90843e+06
    twoNec = 71877.1
    twoNnw = 60706.6
  twoNecnw = 73802.3
  twoNbecnw = 5801.89
  twoNgbecnw = 351372
         m = 0.0915699
        m2 = 0.0252872
        m4 = 0.0010885
        m5 = 0.170961
        Tb = 19454.3
        Ta = 47327.1
        Td = 7245.45
        Te = 3622.73
#       SitePat  BranchLen
              b 124761.6903035
              e 48616.7058253
              c 51044.8338144
              n 46001.1271029
              w 45983.4303700
            b:e 2160.1222682
            b:c 2449.1210203
            b:n 1735.8958485
            b:w 1734.7444295
            e:c 10434.4965394
            e:n 5518.6106859
            e:w 5536.3074188
            c:n 4851.5954388
            c:w 4847.7128894
            n:w 12605.6247038
          b:e:c 2004.2825666
          b:e:n 1075.6465916
          b:e:w 1076.7980106
          b:c:n 1086.0171687
          b:c:w 1084.7562185
          b:n:w 1981.1060730
          e:c:n 4628.8391836
          e:c:w 4632.7217329
          e:n:w 6430.5398216
          c:n:w 5437.5675492
        b:e:c:n 1992.9791851
        b:e:c:w 1994.2401352
        b:e:n:w 3143.6143016
        b:c:n:w 2756.7407819
        e:c:n:w 51791.8508297
