########################################
# legofit: estimate population history #
#       version 2.3.4-4-g53f8760       #
########################################

# Program was compiled: Sep 21 2021 14:36:42
# Program was run: Mon Oct 11 22:34:39 2021

# cmd: legofit -1 -d 0 -t 32 --ptsPerDim 3 --stateOut b1boot24.state --tol 3e-6 -S 5000 abde2.lgo ../../boot/boot24.opf
# Stage nOptItr nSimReps
#     0    5000        0
# algorithm          : deterministic
# ignoring probs <=  : 0
# Branch length floor: 0
# DE strategy        : 2
#    F               : 0.3
#    CR              : 0.8
#    tolerance       : 3e-06
# nthreads           : 32
# lgo input file     : abde2.lgo
# site pat input file: ../../boot/boot24.opf
# free parameters    : 17
# points in DE swarm : 51
# output state file  : b1boot24.state
# Including singleton site patterns.
# cost function      : KL
Initial parameter values
Fixed:
      zero = 0
       one = 1
    Tbecnw = 75200
Free:
       pc1 = 0
       pc2 = 0
       pc3 = 0
       pc4 = 0
       pc5 = 0
       pc6 = 0
       pc7 = 0
       pc8 = 0
       pc9 = 0
      pc10 = 0
      pc11 = 0
      pc12 = 0
      pc13 = 0
      pc14 = 0
      pc15 = 0
      pc16 = 0
      pc17 = 0
Constrained:
   Tgbecnw = 117232
     Tecnw = 26341.9
       Tnw = 11836.8
       Tec = 15894.9
     twoNb = 678907
     twoNe = 652446
     twoNc = 499543
     twoNw = 2.53497e+06
    twoNec = 74765.5
    twoNnw = 78634.9
  twoNecnw = 76100
  twoNbecnw = 15900.3
  twoNgbecnw = 298974
         m = 0.113147
        m2 = 0.0249103
        m4 = 0.00143972
        m5 = 0.173898
        Tb = 21118.4
        Ta = 48159.2
        Td = 7947.46
        Te = 3973.73
DiffEv reached_goal. cost=1.80001e-03 spread=2.65535e-06
Fitted parameter values
Free:
       pc1 = 3.98767
       pc2 = -3.90189
       pc3 = -1.86436
       pc4 = 1.54431
       pc5 = -1.06666
       pc6 = -1.89311
       pc7 = 0.439611
       pc8 = -0.179032
       pc9 = -0.392434
      pc10 = -0.246812
      pc11 = -0.766713
      pc12 = 0.280302
      pc13 = 0.072468
      pc14 = 0.0173354
      pc15 = 0.00427292
      pc16 = -0.00407237
      pc17 = -0.0652893
Constrained:
   Tgbecnw = 91370.4
     Tecnw = 24424.2
       Tnw = 11924.8
       Tec = 15765.5
     twoNb = 409315
     twoNe = 389883
     twoNc = 450478
     twoNw = 3.83977e+06
    twoNec = 61548.6
    twoNnw = 68130.7
  twoNecnw = 75042.1
  twoNbecnw = 6169.62
  twoNgbecnw = 355188
         m = 0.0924666
        m2 = 0.0238771
        m4 = 0.00117816
        m5 = 0.175105
        Tb = 20094.9
        Ta = 47647.4
        Td = 7882.73
        Te = 3941.37
#       SitePat  BranchLen
              b 125514.6945977
              e 48751.2979190
              c 51224.3275196
              n 46263.8564735
              w 46247.8844300
            b:e 2174.3110882
            b:c 2471.2793852
            b:n 1766.1214249
            b:w 1765.0820227
            e:c 10462.7707080
            e:n 5584.7033508
            e:w 5600.6753944
            c:n 4892.5869555
            c:w 4889.1074272
            n:w 12645.0681017
          b:e:c 2022.7529943
          b:e:n 1091.8284841
          b:e:w 1092.8678863
          b:c:n 1102.5304897
          b:c:w 1101.3907170
          b:n:w 1997.4747241
          e:c:n 4674.7565248
          e:c:w 4678.2360531
          e:n:w 6405.4699302
          c:n:w 5408.0386826
        b:e:c:n 2031.3990073
        b:e:c:w 2032.5387800
        b:e:n:w 3127.8812981
        b:c:n:w 2739.7741320
        e:c:n:w 52300.4377983
