########################################
# legofit: estimate population history #
#       version 2.3.4-4-g53f8760       #
########################################

# Program was compiled: Sep 21 2021 14:36:42
# Program was run: Mon Oct 11 22:34:02 2021

# cmd: legofit -1 -d 0 -t 32 --ptsPerDim 3 --stateOut b1boot22.state --tol 3e-6 -S 5000 abde2.lgo ../../boot/boot22.opf
# Stage nOptItr nSimReps
#     0    5000        0
# algorithm          : deterministic
# ignoring probs <=  : 0
# Branch length floor: 0
# DE strategy        : 2
#    F               : 0.3
#    CR              : 0.8
#    tolerance       : 3e-06
# nthreads           : 32
# lgo input file     : abde2.lgo
# site pat input file: ../../boot/boot22.opf
# free parameters    : 17
# points in DE swarm : 51
# output state file  : b1boot22.state
# Including singleton site patterns.
# cost function      : KL
Initial parameter values
Fixed:
      zero = 0
       one = 1
    Tbecnw = 75200
Free:
       pc1 = 0
       pc2 = 0
       pc3 = 0
       pc4 = 0
       pc5 = 0
       pc6 = 0
       pc7 = 0
       pc8 = 0
       pc9 = 0
      pc10 = 0
      pc11 = 0
      pc12 = 0
      pc13 = 0
      pc14 = 0
      pc15 = 0
      pc16 = 0
      pc17 = 0
Constrained:
   Tgbecnw = 117232
     Tecnw = 26341.9
       Tnw = 11836.8
       Tec = 15894.9
     twoNb = 678907
     twoNe = 652446
     twoNc = 499543
     twoNw = 2.53497e+06
    twoNec = 74765.5
    twoNnw = 78634.9
  twoNecnw = 76100
  twoNbecnw = 15900.3
  twoNgbecnw = 298974
         m = 0.113147
        m2 = 0.0249103
        m4 = 0.00143972
        m5 = 0.173898
        Tb = 21118.4
        Ta = 48159.2
        Td = 7947.46
        Te = 3973.73
DiffEv reached_goal. cost=1.78427e-03 spread=2.60174e-06
Fitted parameter values
Free:
       pc1 = 3.98647
       pc2 = -3.98547
       pc3 = -1.91284
       pc4 = 1.56115
       pc5 = -1.50809
       pc6 = -1.89667
       pc7 = 0.343853
       pc8 = -0.05164
       pc9 = 0.61241
      pc10 = -0.877503
      pc11 = -0.4702
      pc12 = -0.103887
      pc13 = 0.0484425
      pc14 = -0.0101531
      pc15 = 0.039491
      pc16 = -0.000671908
      pc17 = -0.0697132
Constrained:
   Tgbecnw = 90384.7
     Tecnw = 24302
       Tnw = 12451.8
       Tec = 14750.2
     twoNb = 448383
     twoNe = 281050
     twoNc = 437228
     twoNw = 3.95343e+06
    twoNec = 68418.1
    twoNnw = 63807.4
  twoNecnw = 74512.5
  twoNbecnw = 5855.09
  twoNgbecnw = 352154
         m = 0.0923586
        m2 = 0.0249382
        m4 = 0.0010404
        m5 = 0.171558
        Tb = 19526.1
        Ta = 47363
        Td = 7375.08
        Te = 3687.54
#       SitePat  BranchLen
              b 125224.1072580
              e 48630.9496256
              c 51061.0103066
              n 46085.2761806
              w 46068.7208146
            b:e 2192.7350711
            b:c 2485.1693683
            b:n 1768.8501594
            b:w 1767.7623506
            e:c 10506.6933607
            e:n 5560.8318689
            e:w 5577.3872349
            c:n 4887.8716779
            c:w 4884.2387937
            n:w 12659.6737876
          b:e:c 2036.2715784
          b:e:n 1094.5472801
          b:e:w 1095.6350889
          b:c:n 1105.0982774
          b:c:w 1103.9057914
          b:n:w 2011.4029292
          e:c:n 4674.8299789
          e:c:w 4678.4628631
          e:n:w 6443.4364860
          c:n:w 5454.1383180
        b:e:c:n 2033.8369115
        b:e:c:w 2035.0293975
        b:e:n:w 3166.7629793
        b:c:n:w 2780.8530593
        e:c:n:w 52174.5579683
