########################################
# legofit: estimate population history #
#       version 2.3.4-4-g53f8760       #
########################################

# Program was compiled: Sep 21 2021 14:36:42
# Program was run: Mon Oct 11 22:27:25 2021

# cmd: legofit -1 -d 0 -t 32 --ptsPerDim 3 --stateOut b1boot5.state --tol 3e-6 -S 5000 abde2.lgo ../../boot/boot5.opf
# Stage nOptItr nSimReps
#     0    5000        0
# algorithm          : deterministic
# ignoring probs <=  : 0
# Branch length floor: 0
# DE strategy        : 2
#    F               : 0.3
#    CR              : 0.8
#    tolerance       : 3e-06
# nthreads           : 32
# lgo input file     : abde2.lgo
# site pat input file: ../../boot/boot5.opf
# free parameters    : 17
# points in DE swarm : 51
# output state file  : b1boot5.state
# Including singleton site patterns.
# cost function      : KL
Initial parameter values
Fixed:
      zero = 0
       one = 1
    Tbecnw = 75200
Free:
       pc1 = 0
       pc2 = 0
       pc3 = 0
       pc4 = 0
       pc5 = 0
       pc6 = 0
       pc7 = 0
       pc8 = 0
       pc9 = 0
      pc10 = 0
      pc11 = 0
      pc12 = 0
      pc13 = 0
      pc14 = 0
      pc15 = 0
      pc16 = 0
      pc17 = 0
Constrained:
   Tgbecnw = 117232
     Tecnw = 26341.9
       Tnw = 11836.8
       Tec = 15894.9
     twoNb = 678907
     twoNe = 652446
     twoNc = 499543
     twoNw = 2.53497e+06
    twoNec = 74765.5
    twoNnw = 78634.9
  twoNecnw = 76100
  twoNbecnw = 15900.3
  twoNgbecnw = 298974
         m = 0.113147
        m2 = 0.0249103
        m4 = 0.00143972
        m5 = 0.173898
        Tb = 21118.4
        Ta = 48159.2
        Td = 7947.46
        Te = 3973.73
DiffEv reached_goal. cost=1.78552e-03 spread=2.60550e-06
Fitted parameter values
Free:
       pc1 = 3.9429
       pc2 = -3.88231
       pc3 = -1.85754
       pc4 = 1.9223
       pc5 = -0.959678
       pc6 = -1.63705
       pc7 = 0.412129
       pc8 = -0.0269525
       pc9 = 1.0486
      pc10 = -1.52408
      pc11 = -0.11169
      pc12 = -0.137293
      pc13 = -0.0589621
      pc14 = -0.086311
      pc15 = 0.0897793
      pc16 = -0.0273943
      pc17 = -0.052545
Constrained:
   Tgbecnw = 91784.1
     Tecnw = 24422.9
       Tnw = 13307.3
       Tec = 14113.9
     twoNb = 444751
     twoNe = 541913
     twoNc = 334962
     twoNw = 4.40474e+06
    twoNec = 75822.4
    twoNnw = 58366.4
  twoNecnw = 74436.1
  twoNbecnw = 6357.83
  twoNgbecnw = 350223
         m = 0.0932457
        m2 = 0.0252462
        m4 = 0.000640386
        m5 = 0.170619
        Tb = 19268.4
        Ta = 47234.2
        Td = 7056.95
        Te = 3528.47
#       SitePat  BranchLen
              b 125504.0997227
              e 48810.4966697
              c 51234.8290817
              n 46110.3646956
              w 46094.0049072
            b:e 2194.9006014
            b:c 2483.0811618
            b:n 1745.0631077
            b:w 1743.9926345
            e:c 10472.0544921
            e:n 5543.6198961
            e:w 5559.9796845
            c:n 4875.8982557
            c:w 4872.2997070
            n:w 12695.3536658
          b:e:c 2022.7105457
          b:e:n 1084.1309943
          b:e:w 1085.2014675
          b:c:n 1094.3411027
          b:c:w 1093.1689259
          b:n:w 1996.3608123
          e:c:n 4634.8417120
          e:c:w 4638.4402607
          e:n:w 6487.0896793
          c:n:w 5488.8638474
        b:e:c:n 2003.6490427
        b:e:c:w 2004.8212195
        b:e:n:w 3159.4227581
        b:c:n:w 2782.3596283
        e:c:n:w 52295.9448973
