########################################
# legofit: estimate population history #
#       version 2.3.4-4-g53f8760       #
########################################

# Program was compiled: Sep 21 2021 14:36:42
# Program was run: Mon Oct 11 22:32:09 2021

# cmd: legofit -1 -d 0 -t 32 --ptsPerDim 3 --stateOut b1boot17.state --tol 3e-6 -S 5000 abde2.lgo ../../boot/boot17.opf
# Stage nOptItr nSimReps
#     0    5000        0
# algorithm          : deterministic
# ignoring probs <=  : 0
# Branch length floor: 0
# DE strategy        : 2
#    F               : 0.3
#    CR              : 0.8
#    tolerance       : 3e-06
# nthreads           : 32
# lgo input file     : abde2.lgo
# site pat input file: ../../boot/boot17.opf
# free parameters    : 17
# points in DE swarm : 51
# output state file  : b1boot17.state
# Including singleton site patterns.
# cost function      : KL
Initial parameter values
Fixed:
      zero = 0
       one = 1
    Tbecnw = 75200
Free:
       pc1 = 0
       pc2 = 0
       pc3 = 0
       pc4 = 0
       pc5 = 0
       pc6 = 0
       pc7 = 0
       pc8 = 0
       pc9 = 0
      pc10 = 0
      pc11 = 0
      pc12 = 0
      pc13 = 0
      pc14 = 0
      pc15 = 0
      pc16 = 0
      pc17 = 0
Constrained:
   Tgbecnw = 117232
     Tecnw = 26341.9
       Tnw = 11836.8
       Tec = 15894.9
     twoNb = 678907
     twoNe = 652446
     twoNc = 499543
     twoNw = 2.53497e+06
    twoNec = 74765.5
    twoNnw = 78634.9
  twoNecnw = 76100
  twoNbecnw = 15900.3
  twoNgbecnw = 298974
         m = 0.113147
        m2 = 0.0249103
        m4 = 0.00143972
        m5 = 0.173898
        Tb = 21118.4
        Ta = 48159.2
        Td = 7947.46
        Te = 3973.73
DiffEv reached_goal. cost=1.80375e-03 spread=2.22867e-06
Fitted parameter values
Free:
       pc1 = 3.93169
       pc2 = -3.8982
       pc3 = -1.93925
       pc4 = 1.65581
       pc5 = -1.21969
       pc6 = -1.64185
       pc7 = 0.189807
       pc8 = 0.170037
       pc9 = 0.695624
      pc10 = -0.859098
      pc11 = -0.337559
      pc12 = 0.0121044
      pc13 = 0.175294
      pc14 = 0.0631172
      pc15 = 0.016947
      pc16 = 0.0228253
      pc17 = -0.0640387
Constrained:
   Tgbecnw = 91776.1
     Tecnw = 24335.3
       Tnw = 12553.5
       Tec = 15011.7
     twoNb = 466491
     twoNe = 481489
     twoNc = 472594
     twoNw = 4.21353e+06
    twoNec = 66134.9
    twoNnw = 63363.8
  twoNecnw = 74141.6
  twoNbecnw = 6385.03
  twoNgbecnw = 348936
         m = 0.0914654
        m2 = 0.0249116
        m4 = 0.000978342
        m5 = 0.171376
        Tb = 19673.5
        Ta = 47436.8
        Td = 7505.84
        Te = 3752.92
#       SitePat  BranchLen
              b 124973.1202416
              e 48609.1395328
              c 51031.5503838
              n 46088.1419422
              w 46072.5890074
            b:e 2181.1561221
            b:c 2469.9620621
            b:n 1766.7790165
            b:w 1765.7575502
            e:c 10537.4546428
            e:n 5559.5663790
            e:w 5575.1193137
            c:n 4889.2335648
            c:w 4885.8061124
            n:w 12670.7565338
          b:e:c 2031.8698582
          b:e:n 1089.8993826
          b:e:w 1090.9208489
          b:c:n 1100.1111647
          b:c:w 1098.9934084
          b:n:w 2008.9163682
          e:c:n 4696.1333594
          e:c:w 4699.5608119
          e:n:w 6453.1693909
          c:n:w 5464.8993125
        b:e:c:n 2025.8562093
        b:e:c:w 2026.9739656
        b:e:n:w 3144.9424392
        b:c:n:w 2763.3573596
        e:c:n:w 51816.8539294
