########################################
# legofit: estimate population history #
#       version 2.3.4-4-g53f8760       #
########################################

# Program was compiled: Sep 21 2021 14:36:42
# Program was run: Mon Oct 11 22:27:52 2021

# cmd: legofit -1 -d 0 -t 32 --ptsPerDim 3 --stateOut b1boot7.state --tol 3e-6 -S 5000 abde2.lgo ../../boot/boot7.opf
# Stage nOptItr nSimReps
#     0    5000        0
# algorithm          : deterministic
# ignoring probs <=  : 0
# Branch length floor: 0
# DE strategy        : 2
#    F               : 0.3
#    CR              : 0.8
#    tolerance       : 3e-06
# nthreads           : 32
# lgo input file     : abde2.lgo
# site pat input file: ../../boot/boot7.opf
# free parameters    : 17
# points in DE swarm : 51
# output state file  : b1boot7.state
# Including singleton site patterns.
# cost function      : KL
Initial parameter values
Fixed:
      zero = 0
       one = 1
    Tbecnw = 75200
Free:
       pc1 = 0
       pc2 = 0
       pc3 = 0
       pc4 = 0
       pc5 = 0
       pc6 = 0
       pc7 = 0
       pc8 = 0
       pc9 = 0
      pc10 = 0
      pc11 = 0
      pc12 = 0
      pc13 = 0
      pc14 = 0
      pc15 = 0
      pc16 = 0
      pc17 = 0
Constrained:
   Tgbecnw = 117232
     Tecnw = 26341.9
       Tnw = 11836.8
       Tec = 15894.9
     twoNb = 678907
     twoNe = 652446
     twoNc = 499543
     twoNw = 2.53497e+06
    twoNec = 74765.5
    twoNnw = 78634.9
  twoNecnw = 76100
  twoNbecnw = 15900.3
  twoNgbecnw = 298974
         m = 0.113147
        m2 = 0.0249103
        m4 = 0.00143972
        m5 = 0.173898
        Tb = 21118.4
        Ta = 48159.2
        Td = 7947.46
        Te = 3973.73
DiffEv reached_goal. cost=1.80504e-03 spread=2.90946e-06
Fitted parameter values
Free:
       pc1 = 3.98174
       pc2 = -3.9357
       pc3 = -1.7556
       pc4 = 1.95013
       pc5 = -0.854804
       pc6 = -1.7528
       pc7 = 0.0872092
       pc8 = -0.27096
       pc9 = 0.85176
      pc10 = -0.727514
      pc11 = -0.450614
      pc12 = -0.278282
      pc13 = -0.114694
      pc14 = 0.00435812
      pc15 = 0.018661
      pc16 = -0.0467136
      pc17 = -0.0607887
Constrained:
   Tgbecnw = 92009.9
     Tecnw = 24406.7
       Tnw = 13222.7
       Tec = 14716.7
     twoNb = 500598
     twoNe = 352287
     twoNc = 466219
     twoNw = 4.29886e+06
    twoNec = 69635.7
    twoNnw = 60562.8
  twoNecnw = 74496.9
  twoNbecnw = 6404.27
  twoNgbecnw = 357425
         m = 0.091752
        m2 = 0.0250717
        m4 = 0.000790938
        m5 = 0.173994
        Tb = 19561.7
        Ta = 47380.8
        Td = 7358.35
        Te = 3679.17
#       SitePat  BranchLen
              b 125787.0292828
              e 48775.9478468
              c 51206.6937227
              n 46284.3353145
              w 46267.5873119
            b:e 2178.9787276
            b:c 2466.2238617
            b:n 1768.0783801
            b:w 1766.9739512
            e:c 10495.1363755
            e:n 5571.1951061
            e:w 5587.9431086
            c:n 4901.2840943
            c:w 4897.5862372
            n:w 12571.7915100
          b:e:c 2025.3631662
          b:e:n 1094.3060364
          b:e:w 1095.4104653
          b:c:n 1104.5851936
          b:c:w 1103.3763005
          b:n:w 2004.7884350
          e:c:n 4682.5724943
          e:c:w 4686.2703514
          e:n:w 6443.1199707
          c:n:w 5452.9713236
        b:e:c:n 2028.5425469
        b:e:c:w 2029.7514401
        b:e:n:w 3172.7869116
        b:c:n:w 2786.9673987
        e:c:n:w 52545.8377410
