########################################
# legofit: estimate population history #
#       version 2.3.4-4-g53f8760       #
########################################

# Program was compiled: Sep 21 2021 14:36:42
# Program was run: Mon Oct 11 22:32:42 2021

# cmd: legofit -1 -d 0 -t 32 --ptsPerDim 3 --stateOut b1boot19.state --tol 3e-6 -S 5000 abde2.lgo ../../boot/boot19.opf
# Stage nOptItr nSimReps
#     0    5000        0
# algorithm          : deterministic
# ignoring probs <=  : 0
# Branch length floor: 0
# DE strategy        : 2
#    F               : 0.3
#    CR              : 0.8
#    tolerance       : 3e-06
# nthreads           : 32
# lgo input file     : abde2.lgo
# site pat input file: ../../boot/boot19.opf
# free parameters    : 17
# points in DE swarm : 51
# output state file  : b1boot19.state
# Including singleton site patterns.
# cost function      : KL
Initial parameter values
Fixed:
      zero = 0
       one = 1
    Tbecnw = 75200
Free:
       pc1 = 0
       pc2 = 0
       pc3 = 0
       pc4 = 0
       pc5 = 0
       pc6 = 0
       pc7 = 0
       pc8 = 0
       pc9 = 0
      pc10 = 0
      pc11 = 0
      pc12 = 0
      pc13 = 0
      pc14 = 0
      pc15 = 0
      pc16 = 0
      pc17 = 0
Constrained:
   Tgbecnw = 117232
     Tecnw = 26341.9
       Tnw = 11836.8
       Tec = 15894.9
     twoNb = 678907
     twoNe = 652446
     twoNc = 499543
     twoNw = 2.53497e+06
    twoNec = 74765.5
    twoNnw = 78634.9
  twoNecnw = 76100
  twoNbecnw = 15900.3
  twoNgbecnw = 298974
         m = 0.113147
        m2 = 0.0249103
        m4 = 0.00143972
        m5 = 0.173898
        Tb = 21118.4
        Ta = 48159.2
        Td = 7947.46
        Te = 3973.73
DiffEv reached_goal. cost=1.79045e-03 spread=2.98921e-06
Fitted parameter values
Free:
       pc1 = 3.93161
       pc2 = -3.99035
       pc3 = -1.85136
       pc4 = 1.58362
       pc5 = -0.957423
       pc6 = -1.99978
       pc7 = 0.871578
       pc8 = -0.128422
       pc9 = 0.724838
      pc10 = -0.692634
      pc11 = -0.22267
      pc12 = 0.000638616
      pc13 = 0.0464188
      pc14 = 0.0802453
      pc15 = 0.0649223
      pc16 = 0.0174532
      pc17 = -0.0669177
Constrained:
   Tgbecnw = 91073.7
     Tecnw = 24380.3
       Tnw = 12734
       Tec = 14761.4
     twoNb = 481466
     twoNe = 484205
     twoNc = 240256
     twoNw = 3.7912e+06
    twoNec = 69085
    twoNnw = 61719.1
  twoNecnw = 73737.1
  twoNbecnw = 6092.7
  twoNgbecnw = 353624
         m = 0.0912497
        m2 = 0.0247208
        m4 = 0.000922718
        m5 = 0.172894
        Tb = 19570.9
        Ta = 47385.4
        Td = 7380.72
        Te = 3690.36
#       SitePat  BranchLen
              b 125193.2840745
              e 48555.7400542
              c 51014.3039896
              n 45948.5554581
              w 45930.7261976
            b:e 2170.8433377
            b:c 2461.7363427
            b:n 1751.7581495
            b:w 1750.5902101
            e:c 10475.7860321
            e:n 5543.4642937
            e:w 5561.2935541
            c:n 4866.5527779
            c:w 4862.6270864
            n:w 12666.8991272
          b:e:c 2021.5057041
          b:e:n 1083.4863584
          b:e:w 1084.6542978
          b:c:n 1093.8823651
          b:c:w 1092.6044166
          b:n:w 1998.4136868
          e:c:n 4663.3040448
          e:c:w 4667.2297363
          e:n:w 6468.5608373
          c:n:w 5462.2584232
        b:e:c:n 2008.4159554
        b:e:c:w 2009.6939039
        b:e:n:w 3144.3495056
        b:c:n:w 2758.4267966
        e:c:n:w 52165.3176759
