########################################
# legofit: estimate population history #
#       version 2.3.4-4-g53f8760       #
########################################

# Program was compiled: Sep 21 2021 14:36:42
# Program was run: Mon Oct 11 22:32:36 2021

# cmd: legofit -1 -d 0 -t 32 --ptsPerDim 3 --stateOut b1boot18.state --tol 3e-6 -S 5000 abde2.lgo ../../boot/boot18.opf
# Stage nOptItr nSimReps
#     0    5000        0
# algorithm          : deterministic
# ignoring probs <=  : 0
# Branch length floor: 0
# DE strategy        : 2
#    F               : 0.3
#    CR              : 0.8
#    tolerance       : 3e-06
# nthreads           : 32
# lgo input file     : abde2.lgo
# site pat input file: ../../boot/boot18.opf
# free parameters    : 17
# points in DE swarm : 51
# output state file  : b1boot18.state
# Including singleton site patterns.
# cost function      : KL
Initial parameter values
Fixed:
      zero = 0
       one = 1
    Tbecnw = 75200
Free:
       pc1 = 0
       pc2 = 0
       pc3 = 0
       pc4 = 0
       pc5 = 0
       pc6 = 0
       pc7 = 0
       pc8 = 0
       pc9 = 0
      pc10 = 0
      pc11 = 0
      pc12 = 0
      pc13 = 0
      pc14 = 0
      pc15 = 0
      pc16 = 0
      pc17 = 0
Constrained:
   Tgbecnw = 117232
     Tecnw = 26341.9
       Tnw = 11836.8
       Tec = 15894.9
     twoNb = 678907
     twoNe = 652446
     twoNc = 499543
     twoNw = 2.53497e+06
    twoNec = 74765.5
    twoNnw = 78634.9
  twoNecnw = 76100
  twoNbecnw = 15900.3
  twoNgbecnw = 298974
         m = 0.113147
        m2 = 0.0249103
        m4 = 0.00143972
        m5 = 0.173898
        Tb = 21118.4
        Ta = 48159.2
        Td = 7947.46
        Te = 3973.73
DiffEv reached_goal. cost=1.80231e-03 spread=2.65432e-06
Fitted parameter values
Free:
       pc1 = 3.9589
       pc2 = -3.95895
       pc3 = -1.65067
       pc4 = 1.67374
       pc5 = -0.907524
       pc6 = -1.92036
       pc7 = 0.403687
       pc8 = -0.378318
       pc9 = 1.49618
      pc10 = -1.14093
      pc11 = -0.415461
      pc12 = -0.482686
      pc13 = -0.125353
      pc14 = -0.108522
      pc15 = 0.0447601
      pc16 = -0.0480194
      pc17 = -0.0356913
Constrained:
   Tgbecnw = 92025.9
     Tecnw = 24373.6
       Tnw = 13432.1
       Tec = 14075.5
     twoNb = 526706
     twoNe = 275683
     twoNc = 293689
     twoNw = 4.08363e+06
    twoNec = 74988.7
    twoNnw = 58598.1
  twoNecnw = 74628.4
  twoNbecnw = 6377.48
  twoNgbecnw = 360022
         m = 0.0899004
        m2 = 0.0256905
        m4 = 0.000682714
        m5 = 0.17223
        Tb = 19224.6
        Ta = 47212.3
        Td = 7037.77
        Te = 3518.89
#       SitePat  BranchLen
              b 125277.8750247
              e 48808.3471089
              c 51229.3880124
              n 46229.1433595
              w 46211.0565025
            b:e 2175.6416031
            b:c 2459.1041404
            b:n 1755.1267902
            b:w 1753.9391277
            e:c 10488.5065282
            e:n 5556.6232192
            e:w 5574.7100762
            c:n 4891.7922631
            c:w 4887.8070562
            n:w 12599.2856281
          b:e:c 2018.6259989
          b:e:n 1088.9467551
          b:e:w 1090.1344176
          b:c:n 1099.2010070
          b:c:w 1097.9006949
          b:n:w 1997.8289153
          e:c:n 4651.5094219
          e:c:w 4655.4946288
          e:n:w 6446.2434741
          c:n:w 5458.1810609
        b:e:c:n 2014.6324825
        b:e:c:w 2015.9327946
        b:e:n:w 3179.5619184
        b:c:n:w 2796.8342988
        e:c:n:w 52056.3757289
