########################################
# legofit: estimate population history #
#       version 2.3.4-4-g53f8760       #
########################################

# Program was compiled: Sep 21 2021 14:36:42
# Program was run: Mon Oct 11 22:41:46 2021

# cmd: legofit -1 -d 0 -t 32 --ptsPerDim 3 --stateOut b1boot40.state --tol 3e-6 -S 5000 abde2.lgo ../../boot/boot40.opf
# Stage nOptItr nSimReps
#     0    5000        0
# algorithm          : deterministic
# ignoring probs <=  : 0
# Branch length floor: 0
# DE strategy        : 2
#    F               : 0.3
#    CR              : 0.8
#    tolerance       : 3e-06
# nthreads           : 32
# lgo input file     : abde2.lgo
# site pat input file: ../../boot/boot40.opf
# free parameters    : 17
# points in DE swarm : 51
# output state file  : b1boot40.state
# Including singleton site patterns.
# cost function      : KL
Initial parameter values
Fixed:
      zero = 0
       one = 1
    Tbecnw = 75200
Free:
       pc1 = 0
       pc2 = 0
       pc3 = 0
       pc4 = 0
       pc5 = 0
       pc6 = 0
       pc7 = 0
       pc8 = 0
       pc9 = 0
      pc10 = 0
      pc11 = 0
      pc12 = 0
      pc13 = 0
      pc14 = 0
      pc15 = 0
      pc16 = 0
      pc17 = 0
Constrained:
   Tgbecnw = 117232
     Tecnw = 26341.9
       Tnw = 11836.8
       Tec = 15894.9
     twoNb = 678907
     twoNe = 652446
     twoNc = 499543
     twoNw = 2.53497e+06
    twoNec = 74765.5
    twoNnw = 78634.9
  twoNecnw = 76100
  twoNbecnw = 15900.3
  twoNgbecnw = 298974
         m = 0.113147
        m2 = 0.0249103
        m4 = 0.00143972
        m5 = 0.173898
        Tb = 21118.4
        Ta = 48159.2
        Td = 7947.46
        Te = 3973.73
DiffEv reached_goal. cost=1.78140e-03 spread=2.96097e-06
Fitted parameter values
Free:
       pc1 = 3.92897
       pc2 = -3.85722
       pc3 = -1.84232
       pc4 = 1.37678
       pc5 = -0.846498
       pc6 = -1.27319
       pc7 = 1.91691
       pc8 = 0.838398
       pc9 = 0.31051
      pc10 = -0.111399
      pc11 = -0.660446
      pc12 = 0.160513
      pc13 = 0.189728
      pc14 = 0.00809067
      pc15 = 0.0283294
      pc16 = -0.0231971
      pc17 = -0.0761758
Constrained:
   Tgbecnw = 90599
     Tecnw = 24369.9
       Tnw = 11856.1
       Tec = 15846.3
     twoNb = 513864
     twoNe = 1.43463e+06
     twoNc = 158329
     twoNw = 3.28563e+06
    twoNec = 60337
    twoNnw = 68171.2
  twoNecnw = 74429.1
  twoNbecnw = 5932.08
  twoNgbecnw = 349345
         m = 0.0934572
        m2 = 0.0245019
        m4 = 0.00139655
        m5 = 0.173517
        Tb = 20108.1
        Ta = 47654.1
        Td = 7923.16
        Te = 3961.58
#       SitePat  BranchLen
              b 125307.1540821
              e 48646.9471970
              c 51118.1800540
              n 46113.7117670
              w 46095.4842139
            b:e 2151.9203857
            b:c 2443.6387857
            b:n 1760.9321586
            b:w 1759.7463144
            e:c 10453.0335606
            e:n 5566.2717937
            e:w 5584.4993469
            c:n 4881.5819269
            c:w 4877.6013152
            n:w 12632.8821219
          b:e:c 2014.4584755
          b:e:n 1086.8253999
          b:e:w 1088.0112441
          b:c:n 1097.3694822
          b:c:w 1096.0708057
          b:n:w 1995.2048831
          e:c:n 4677.6980996
          e:c:w 4681.6787114
          e:n:w 6402.5220802
          c:n:w 5409.3854006
        b:e:c:n 2021.3503580
        b:e:c:w 2022.6490346
        b:e:n:w 3148.9607555
        b:c:n:w 2752.1303865
        e:c:n:w 52199.5963074
