########################################
# legofit: estimate population history #
#       version 2.3.4-4-g53f8760       #
########################################

# Program was compiled: Sep 21 2021 14:36:42
# Program was run: Mon Oct 11 22:25:49 2021

# cmd: legofit -1 -d 0 -t 32 --ptsPerDim 3 --stateOut b1boot4.state --tol 3e-6 -S 5000 abde2.lgo ../../boot/boot4.opf
# Stage nOptItr nSimReps
#     0    5000        0
# algorithm          : deterministic
# ignoring probs <=  : 0
# Branch length floor: 0
# DE strategy        : 2
#    F               : 0.3
#    CR              : 0.8
#    tolerance       : 3e-06
# nthreads           : 32
# lgo input file     : abde2.lgo
# site pat input file: ../../boot/boot4.opf
# free parameters    : 17
# points in DE swarm : 51
# output state file  : b1boot4.state
# Including singleton site patterns.
# cost function      : KL
Initial parameter values
Fixed:
      zero = 0
       one = 1
    Tbecnw = 75200
Free:
       pc1 = 0
       pc2 = 0
       pc3 = 0
       pc4 = 0
       pc5 = 0
       pc6 = 0
       pc7 = 0
       pc8 = 0
       pc9 = 0
      pc10 = 0
      pc11 = 0
      pc12 = 0
      pc13 = 0
      pc14 = 0
      pc15 = 0
      pc16 = 0
      pc17 = 0
Constrained:
   Tgbecnw = 117232
     Tecnw = 26341.9
       Tnw = 11836.8
       Tec = 15894.9
     twoNb = 678907
     twoNe = 652446
     twoNc = 499543
     twoNw = 2.53497e+06
    twoNec = 74765.5
    twoNnw = 78634.9
  twoNecnw = 76100
  twoNbecnw = 15900.3
  twoNgbecnw = 298974
         m = 0.113147
        m2 = 0.0249103
        m4 = 0.00143972
        m5 = 0.173898
        Tb = 21118.4
        Ta = 48159.2
        Td = 7947.46
        Te = 3973.73
DiffEv reached_goal. cost=1.79997e-03 spread=2.84541e-06
Fitted parameter values
Free:
       pc1 = 3.84095
       pc2 = -3.83388
       pc3 = -1.92008
       pc4 = 1.16695
       pc5 = -1.02052
       pc6 = -1.74595
       pc7 = 0.394294
       pc8 = 0.561958
       pc9 = 0.807402
      pc10 = -0.171758
      pc11 = -0.588586
      pc12 = -0.515951
      pc13 = -0.0813012
      pc14 = -0.0172199
      pc15 = 0.018233
      pc16 = -0.030555
      pc17 = -0.0542009
Constrained:
   Tgbecnw = 92457.1
     Tecnw = 24454.5
       Tnw = 12547.5
       Tec = 15601.1
     twoNb = 535587
     twoNe = 589416
     twoNc = 412813
     twoNw = 3.91134e+06
    twoNec = 62323.1
    twoNnw = 64966.7
  twoNecnw = 74003.8
  twoNbecnw = 6544.63
  twoNgbecnw = 358314
         m = 0.0905117
        m2 = 0.0253314
        m4 = 0.00161447
        m5 = 0.17317
        Tb = 20027.8
        Ta = 47613.9
        Td = 7800.56
        Te = 3900.28
#       SitePat  BranchLen
              b 125489.6988082
              e 48716.8598796
              c 51180.3480240
              n 46226.9464426
              w 46210.2868487
            b:e 2151.5444508
            b:c 2446.0475879
            b:n 1758.5670665
            b:w 1757.4800992
            e:c 10483.1722385
            e:n 5558.6968071
            e:w 5575.3564011
            c:n 4882.2330109
            c:w 4878.5726250
            n:w 12584.8966945
          b:e:c 2010.5632895
          b:e:n 1083.7547151
          b:e:w 1084.8416823
          b:c:n 1094.1356537
          b:c:w 1092.9468802
          b:n:w 1993.1781834
          e:c:n 4689.3475668
          e:c:w 4693.0079528
          e:n:w 6420.1494793
          c:n:w 5424.3624001
        b:e:c:n 2014.4001806
        b:e:c:w 2015.5889540
        b:e:n:w 3174.0583762
        b:c:n:w 2766.6155636
        e:c:n:w 52262.0797113
