########################################
# legofit: estimate population history #
#       version 2.3.4-4-g53f8760       #
########################################

# Program was compiled: Sep 21 2021 14:36:42
# Program was run: Mon Oct 11 22:38:39 2021

# cmd: legofit -1 -d 0 -t 32 --ptsPerDim 3 --stateOut b1boot33.state --tol 3e-6 -S 5000 abde2.lgo ../../boot/boot33.opf
# Stage nOptItr nSimReps
#     0    5000        0
# algorithm          : deterministic
# ignoring probs <=  : 0
# Branch length floor: 0
# DE strategy        : 2
#    F               : 0.3
#    CR              : 0.8
#    tolerance       : 3e-06
# nthreads           : 32
# lgo input file     : abde2.lgo
# site pat input file: ../../boot/boot33.opf
# free parameters    : 17
# points in DE swarm : 51
# output state file  : b1boot33.state
# Including singleton site patterns.
# cost function      : KL
Initial parameter values
Fixed:
      zero = 0
       one = 1
    Tbecnw = 75200
Free:
       pc1 = 0
       pc2 = 0
       pc3 = 0
       pc4 = 0
       pc5 = 0
       pc6 = 0
       pc7 = 0
       pc8 = 0
       pc9 = 0
      pc10 = 0
      pc11 = 0
      pc12 = 0
      pc13 = 0
      pc14 = 0
      pc15 = 0
      pc16 = 0
      pc17 = 0
Constrained:
   Tgbecnw = 117232
     Tecnw = 26341.9
       Tnw = 11836.8
       Tec = 15894.9
     twoNb = 678907
     twoNe = 652446
     twoNc = 499543
     twoNw = 2.53497e+06
    twoNec = 74765.5
    twoNnw = 78634.9
  twoNecnw = 76100
  twoNbecnw = 15900.3
  twoNgbecnw = 298974
         m = 0.113147
        m2 = 0.0249103
        m4 = 0.00143972
        m5 = 0.173898
        Tb = 21118.4
        Ta = 48159.2
        Td = 7947.46
        Te = 3973.73
DiffEv reached_goal. cost=1.76541e-03 spread=2.85387e-06
Fitted parameter values
Free:
       pc1 = 3.89939
       pc2 = -3.89622
       pc3 = -1.82373
       pc4 = 1.58337
       pc5 = -0.0751238
       pc6 = -1.94225
       pc7 = 0.930927
       pc8 = 0.368046
       pc9 = 0.738165
      pc10 = -0.255406
      pc11 = -0.127101
      pc12 = -0.376932
      pc13 = -0.114535
      pc14 = 0.0257369
      pc15 = 0.056059
      pc16 = -0.00232411
      pc17 = -0.0629888
Constrained:
   Tgbecnw = 92951.3
     Tecnw = 24583.6
       Tnw = 13292.9
       Tec = 15329.3
     twoNb = 523665
     twoNe = 839499
     twoNc = 147272
     twoNw = 4.12352e+06
    twoNec = 65301.6
    twoNnw = 59531.6
  twoNecnw = 73232.6
  twoNbecnw = 6737.49
  twoNgbecnw = 357739
         m = 0.089787
        m2 = 0.0248857
        m4 = 0.00127375
        m5 = 0.17556
        Tb = 19956.4
        Ta = 47578.2
        Td = 7664.65
        Te = 3832.32
#       SitePat  BranchLen
              b 125442.7730398
              e 48644.7005864
              c 51155.7260964
              n 46075.8579215
              w 46058.5383946
            b:e 2151.6186031
            b:c 2450.2707999
            b:n 1746.5509129
            b:w 1745.4150616
            e:c 10483.4601826
            e:n 5533.7556112
            e:w 5551.0751381
            c:n 4848.6072506
            c:w 4844.7771866
            n:w 12640.9683898
          b:e:c 2015.1680466
          b:e:n 1076.6823216
          b:e:w 1077.8181728
          b:c:n 1087.0827721
          b:c:w 1085.8421775
          b:n:w 1995.6787027
          e:c:n 4671.2691605
          e:c:w 4675.0992244
          e:n:w 6485.6653620
          c:n:w 5453.6258136
        b:e:c:n 1996.4969044
        b:e:c:w 1997.7374990
        b:e:n:w 3152.9221944
        b:c:n:w 2748.3058502
        e:c:n:w 52256.8942365
