########################################
# legofit: estimate population history #
#       version 2.3.4-4-g53f8760       #
########################################

# Program was compiled: Sep 21 2021 14:36:42
# Program was run: Mon Oct 11 22:31:11 2021

# cmd: legofit -1 -d 0 -t 32 --ptsPerDim 3 --stateOut b1boot15.state --tol 3e-6 -S 5000 abde2.lgo ../../boot/boot15.opf
# Stage nOptItr nSimReps
#     0    5000        0
# algorithm          : deterministic
# ignoring probs <=  : 0
# Branch length floor: 0
# DE strategy        : 2
#    F               : 0.3
#    CR              : 0.8
#    tolerance       : 3e-06
# nthreads           : 32
# lgo input file     : abde2.lgo
# site pat input file: ../../boot/boot15.opf
# free parameters    : 17
# points in DE swarm : 51
# output state file  : b1boot15.state
# Including singleton site patterns.
# cost function      : KL
Initial parameter values
Fixed:
      zero = 0
       one = 1
    Tbecnw = 75200
Free:
       pc1 = 0
       pc2 = 0
       pc3 = 0
       pc4 = 0
       pc5 = 0
       pc6 = 0
       pc7 = 0
       pc8 = 0
       pc9 = 0
      pc10 = 0
      pc11 = 0
      pc12 = 0
      pc13 = 0
      pc14 = 0
      pc15 = 0
      pc16 = 0
      pc17 = 0
Constrained:
   Tgbecnw = 117232
     Tecnw = 26341.9
       Tnw = 11836.8
       Tec = 15894.9
     twoNb = 678907
     twoNe = 652446
     twoNc = 499543
     twoNw = 2.53497e+06
    twoNec = 74765.5
    twoNnw = 78634.9
  twoNecnw = 76100
  twoNbecnw = 15900.3
  twoNgbecnw = 298974
         m = 0.113147
        m2 = 0.0249103
        m4 = 0.00143972
        m5 = 0.173898
        Tb = 21118.4
        Ta = 48159.2
        Td = 7947.46
        Te = 3973.73
DiffEv reached_goal. cost=1.79168e-03 spread=2.15194e-06
Fitted parameter values
Free:
       pc1 = 3.96423
       pc2 = -3.97457
       pc3 = -1.96153
       pc4 = 1.90595
       pc5 = -1.51858
       pc6 = -1.48368
       pc7 = -0.222745
       pc8 = -0.378632
       pc9 = 0.590445
      pc10 = -0.718574
      pc11 = -0.373359
      pc12 = -0.0199992
      pc13 = 0.103015
      pc14 = 0.104118
      pc15 = 0.0470871
      pc16 = 0.015319
      pc17 = -0.06599
Constrained:
   Tgbecnw = 91355.8
     Tecnw = 24305.2
       Tnw = 12679.1
       Tec = 14755.6
     twoNb = 457898
     twoNe = 240219
     twoNc = 694539
     twoNw = 4.10789e+06
    twoNec = 68760.3
    twoNnw = 62260.7
  twoNecnw = 74307.9
  twoNbecnw = 6186.56
  twoNgbecnw = 350762
         m = 0.0920591
        m2 = 0.0247957
        m4 = 0.000758857
        m5 = 0.172281
        Tb = 19530.4
        Ta = 47365.2
        Td = 7377.79
        Te = 3688.9
#       SitePat  BranchLen
              b 125042.3068528
              e 48596.6219000
              c 51022.3818384
              n 46029.2805847
              w 46012.9357044
            b:e 2162.6912090
            b:c 2447.6418885
            b:n 1742.6824415
            b:w 1741.6199400
            e:c 10472.6985119
            e:n 5550.9566709
            e:w 5567.3015511
            c:n 4878.6921328
            c:w 4875.1007316
            n:w 12636.7093440
          b:e:c 2005.7213994
          b:e:n 1078.4023927
          b:e:w 1079.4648941
          b:c:n 1088.5483170
          b:c:w 1087.3851999
          b:n:w 1982.1906137
          e:c:n 4656.9633218
          e:c:w 4660.5547231
          e:n:w 6433.4654008
          c:n:w 5444.5936829
        b:e:c:n 1999.6846923
        b:e:c:w 2000.8478094
        b:e:n:w 3118.6448610
        b:c:n:w 2743.2050485
        e:c:n:w 51937.0184110
