########################################
# legofit: estimate population history #
#       version 2.3.4-4-g53f8760       #
########################################

# Program was compiled: Sep 21 2021 14:36:42
# Program was run: Mon Oct 11 22:44:38 2021

# cmd: legofit -1 -d 0 -t 32 --ptsPerDim 3 --stateOut b1boot47.state --tol 3e-6 -S 5000 abde2.lgo ../../boot/boot47.opf
# Stage nOptItr nSimReps
#     0    5000        0
# algorithm          : deterministic
# ignoring probs <=  : 0
# Branch length floor: 0
# DE strategy        : 2
#    F               : 0.3
#    CR              : 0.8
#    tolerance       : 3e-06
# nthreads           : 32
# lgo input file     : abde2.lgo
# site pat input file: ../../boot/boot47.opf
# free parameters    : 17
# points in DE swarm : 51
# output state file  : b1boot47.state
# Including singleton site patterns.
# cost function      : KL
Initial parameter values
Fixed:
      zero = 0
       one = 1
    Tbecnw = 75200
Free:
       pc1 = 0
       pc2 = 0
       pc3 = 0
       pc4 = 0
       pc5 = 0
       pc6 = 0
       pc7 = 0
       pc8 = 0
       pc9 = 0
      pc10 = 0
      pc11 = 0
      pc12 = 0
      pc13 = 0
      pc14 = 0
      pc15 = 0
      pc16 = 0
      pc17 = 0
Constrained:
   Tgbecnw = 117232
     Tecnw = 26341.9
       Tnw = 11836.8
       Tec = 15894.9
     twoNb = 678907
     twoNe = 652446
     twoNc = 499543
     twoNw = 2.53497e+06
    twoNec = 74765.5
    twoNnw = 78634.9
  twoNecnw = 76100
  twoNbecnw = 15900.3
  twoNgbecnw = 298974
         m = 0.113147
        m2 = 0.0249103
        m4 = 0.00143972
        m5 = 0.173898
        Tb = 21118.4
        Ta = 48159.2
        Td = 7947.46
        Te = 3973.73
DiffEv reached_goal. cost=1.77269e-03 spread=1.85236e-06
Fitted parameter values
Free:
       pc1 = 3.78516
       pc2 = -3.94351
       pc3 = -1.97457
       pc4 = 1.94096
       pc5 = -0.328735
       pc6 = -1.98424
       pc7 = 1.12979
       pc8 = 0.334648
       pc9 = 0.719604
      pc10 = -0.924862
      pc11 = -0.64989
      pc12 = 0.108453
      pc13 = 0.138027
      pc14 = 0.00438182
      pc15 = 0.0540009
      pc16 = 0.00301185
      pc17 = -0.0500254
Constrained:
   Tgbecnw = 91520.4
     Tecnw = 24390.2
       Tnw = 12443.5
       Tec = 14415.3
     twoNb = 528339
     twoNe = 880961
     twoNc = 95080.8
     twoNw = 4.41174e+06
    twoNec = 72472.1
    twoNnw = 63705.3
  twoNecnw = 74521.5
  twoNbecnw = 6243.99
  twoNgbecnw = 354511
         m = 0.091263
        m2 = 0.0245633
        m4 = 0.000940735
        m5 = 0.173482
        Tb = 19402.7
        Ta = 47301.4
        Td = 7207.65
        Te = 3603.82
#       SitePat  BranchLen
              b 125273.4282893
              e 48721.0860494
              c 51193.8405683
              n 46090.3492573
              w 46075.1946258
            b:e 2169.9308958
            b:c 2458.3085685
            b:n 1760.8427618
            b:w 1759.8521773
            e:c 10481.7649237
            e:n 5573.1800766
            e:w 5588.3347081
            c:n 4888.1934229
            c:w 4884.8775874
            n:w 12691.6710429
          b:e:c 2025.0380352
          b:e:n 1091.7788058
          b:e:w 1092.7693902
          b:c:n 1101.9737939
          b:c:w 1100.8894521
          b:n:w 2003.8298329
          e:c:n 4660.5372437
          e:c:w 4663.8530792
          e:n:w 6456.9751610
          c:n:w 5454.0249700
        b:e:c:n 2020.6442490
        b:e:c:w 2021.7285908
        b:e:n:w 3161.6740715
        b:c:n:w 2773.6207545
        e:c:n:w 52087.0145753
