########################################
# legofit: estimate population history #
#       version 2.3.4-4-g53f8760       #
########################################

# Program was compiled: Sep 21 2021 14:36:42
# Program was run: Mon Oct 11 22:36:21 2021

# cmd: legofit -1 -d 0 -t 32 --ptsPerDim 3 --stateOut b1boot27.state --tol 3e-6 -S 5000 abde2.lgo ../../boot/boot27.opf
# Stage nOptItr nSimReps
#     0    5000        0
# algorithm          : deterministic
# ignoring probs <=  : 0
# Branch length floor: 0
# DE strategy        : 2
#    F               : 0.3
#    CR              : 0.8
#    tolerance       : 3e-06
# nthreads           : 32
# lgo input file     : abde2.lgo
# site pat input file: ../../boot/boot27.opf
# free parameters    : 17
# points in DE swarm : 51
# output state file  : b1boot27.state
# Including singleton site patterns.
# cost function      : KL
Initial parameter values
Fixed:
      zero = 0
       one = 1
    Tbecnw = 75200
Free:
       pc1 = 0
       pc2 = 0
       pc3 = 0
       pc4 = 0
       pc5 = 0
       pc6 = 0
       pc7 = 0
       pc8 = 0
       pc9 = 0
      pc10 = 0
      pc11 = 0
      pc12 = 0
      pc13 = 0
      pc14 = 0
      pc15 = 0
      pc16 = 0
      pc17 = 0
Constrained:
   Tgbecnw = 117232
     Tecnw = 26341.9
       Tnw = 11836.8
       Tec = 15894.9
     twoNb = 678907
     twoNe = 652446
     twoNc = 499543
     twoNw = 2.53497e+06
    twoNec = 74765.5
    twoNnw = 78634.9
  twoNecnw = 76100
  twoNbecnw = 15900.3
  twoNgbecnw = 298974
         m = 0.113147
        m2 = 0.0249103
        m4 = 0.00143972
        m5 = 0.173898
        Tb = 21118.4
        Ta = 48159.2
        Td = 7947.46
        Te = 3973.73
DiffEv reached_goal. cost=1.78079e-03 spread=2.44556e-06
Fitted parameter values
Free:
       pc1 = 3.84677
       pc2 = -3.83779
       pc3 = -1.85008
       pc4 = 1.94425
       pc5 = -0.452062
       pc6 = -1.4102
       pc7 = 0.439672
       pc8 = 0.659742
       pc9 = 0.268445
      pc10 = -0.752717
      pc11 = -0.264736
      pc12 = -0.21695
      pc13 = 0.0276248
      pc14 = 0.0230262
      pc15 = 0.0290243
      pc16 = -0.0364536
      pc17 = -0.0604453
Constrained:
   Tgbecnw = 92883.2
     Tecnw = 24512.3
       Tnw = 12872.8
       Tec = 15261.1
     twoNb = 437220
     twoNe = 973370
     twoNc = 382776
     twoNw = 4.60576e+06
    twoNec = 66312.7
    twoNnw = 62715.1
  twoNecnw = 74151.2
  twoNbecnw = 6806.04
  twoNgbecnw = 346778
         m = 0.0938733
        m2 = 0.0248051
        m4 = 0.00117654
        m5 = 0.174118
        Tb = 19886.7
        Ta = 47543.4
        Td = 7630.56
        Te = 3815.28
#       SitePat  BranchLen
              b 125784.3361320
              e 48815.4968165
              c 51277.3743487
              n 46278.4101018
              w 46263.5239113
            b:e 2194.9838569
            b:c 2494.5884051
            b:n 1769.9287983
            b:w 1768.9489824
            e:c 10486.2918265
            e:n 5581.1243188
            e:w 5596.0105094
            c:n 4901.1587081
            c:w 4897.8750265
            n:w 12639.8022406
          b:e:c 2031.5772041
          b:e:n 1094.3781908
          b:e:w 1095.3580067
          b:c:n 1104.7928194
          b:c:w 1103.7210645
          b:n:w 2007.1921455
          e:c:n 4698.0650621
          e:c:w 4701.3487437
          e:n:w 6486.9703419
          c:n:w 5478.9333178
        b:e:c:n 2028.2805020
        b:e:c:w 2029.3522569
        b:e:n:w 3164.3229563
        b:c:n:w 2770.2012624
        e:c:n:w 52438.4021894
