########################################
# legofit: estimate population history #
#       version 2.3.4-4-g53f8760       #
########################################

# Program was compiled: Sep 21 2021 14:36:42
# Program was run: Mon Oct 11 22:36:54 2021

# cmd: legofit -1 -d 0 -t 32 --ptsPerDim 3 --stateOut b1boot28.state --tol 3e-6 -S 5000 abde2.lgo ../../boot/boot28.opf
# Stage nOptItr nSimReps
#     0    5000        0
# algorithm          : deterministic
# ignoring probs <=  : 0
# Branch length floor: 0
# DE strategy        : 2
#    F               : 0.3
#    CR              : 0.8
#    tolerance       : 3e-06
# nthreads           : 32
# lgo input file     : abde2.lgo
# site pat input file: ../../boot/boot28.opf
# free parameters    : 17
# points in DE swarm : 51
# output state file  : b1boot28.state
# Including singleton site patterns.
# cost function      : KL
Initial parameter values
Fixed:
      zero = 0
       one = 1
    Tbecnw = 75200
Free:
       pc1 = 0
       pc2 = 0
       pc3 = 0
       pc4 = 0
       pc5 = 0
       pc6 = 0
       pc7 = 0
       pc8 = 0
       pc9 = 0
      pc10 = 0
      pc11 = 0
      pc12 = 0
      pc13 = 0
      pc14 = 0
      pc15 = 0
      pc16 = 0
      pc17 = 0
Constrained:
   Tgbecnw = 117232
     Tecnw = 26341.9
       Tnw = 11836.8
       Tec = 15894.9
     twoNb = 678907
     twoNe = 652446
     twoNc = 499543
     twoNw = 2.53497e+06
    twoNec = 74765.5
    twoNnw = 78634.9
  twoNecnw = 76100
  twoNbecnw = 15900.3
  twoNgbecnw = 298974
         m = 0.113147
        m2 = 0.0249103
        m4 = 0.00143972
        m5 = 0.173898
        Tb = 21118.4
        Ta = 48159.2
        Td = 7947.46
        Te = 3973.73
DiffEv reached_goal. cost=1.79082e-03 spread=2.83317e-06
Fitted parameter values
Free:
       pc1 = 3.98957
       pc2 = -3.89334
       pc3 = -1.82474
       pc4 = 1.86003
       pc5 = -1.31167
       pc6 = -0.791477
       pc7 = 0.125265
       pc8 = 0.197825
       pc9 = 0.292737
      pc10 = -0.523551
      pc11 = -0.279788
      pc12 = -0.174621
      pc13 = 0.0915555
      pc14 = -0.0379387
      pc15 = 0.0400632
      pc16 = 0.00602685
      pc17 = -0.0701217
Constrained:
   Tgbecnw = 91902.7
     Tecnw = 24436.9
       Tnw = 12696.5
       Tec = 15398.6
     twoNb = 420148
     twoNe = 850704
     twoNc = 720415
     twoNw = 3.96722e+06
    twoNec = 63906
    twoNnw = 62708.9
  twoNecnw = 74518.3
  twoNbecnw = 6451.92
  twoNgbecnw = 344739
         m = 0.0936816
        m2 = 0.0249488
        m4 = 0.000981728
        m5 = 0.173019
        Tb = 19917.7
        Ta = 47558.9
        Td = 7699.29
        Te = 3849.65
#       SitePat  BranchLen
              b 125237.4694562
              e 48742.3852175
              c 51200.1463276
              n 46198.6690494
              w 46181.9090217
            b:e 2193.0199959
            b:c 2489.8523414
            b:n 1764.6390356
            b:w 1763.5391401
            e:c 10526.4026374
            e:n 5560.0131880
            e:w 5576.7732158
            c:n 4879.5393926
            c:w 4875.8546215
            n:w 12701.0837400
          b:e:c 2036.5420312
          b:e:n 1089.2596549
          b:e:w 1090.3595505
          b:c:n 1099.8325061
          b:c:w 1098.6278821
          b:n:w 2010.8327799
          e:c:n 4681.3350350
          e:c:w 4685.0198061
          e:n:w 6465.8688920
          c:n:w 5460.0527851
        b:e:c:n 2025.8048418
        b:e:c:w 2027.0094658
        b:e:n:w 3149.0889893
        b:c:n:w 2762.8628045
        e:c:n:w 51989.8581510
