########################################
# legofit: estimate population history #
#       version 2.3.4-4-g53f8760       #
########################################

# Program was compiled: Sep 21 2021 14:36:42
# Program was run: Mon Oct 11 22:29:37 2021

# cmd: legofit -1 -d 0 -t 32 --ptsPerDim 3 --stateOut b1boot11.state --tol 3e-6 -S 5000 abde2.lgo ../../boot/boot11.opf
# Stage nOptItr nSimReps
#     0    5000        0
# algorithm          : deterministic
# ignoring probs <=  : 0
# Branch length floor: 0
# DE strategy        : 2
#    F               : 0.3
#    CR              : 0.8
#    tolerance       : 3e-06
# nthreads           : 32
# lgo input file     : abde2.lgo
# site pat input file: ../../boot/boot11.opf
# free parameters    : 17
# points in DE swarm : 51
# output state file  : b1boot11.state
# Including singleton site patterns.
# cost function      : KL
Initial parameter values
Fixed:
      zero = 0
       one = 1
    Tbecnw = 75200
Free:
       pc1 = 0
       pc2 = 0
       pc3 = 0
       pc4 = 0
       pc5 = 0
       pc6 = 0
       pc7 = 0
       pc8 = 0
       pc9 = 0
      pc10 = 0
      pc11 = 0
      pc12 = 0
      pc13 = 0
      pc14 = 0
      pc15 = 0
      pc16 = 0
      pc17 = 0
Constrained:
   Tgbecnw = 117232
     Tecnw = 26341.9
       Tnw = 11836.8
       Tec = 15894.9
     twoNb = 678907
     twoNe = 652446
     twoNc = 499543
     twoNw = 2.53497e+06
    twoNec = 74765.5
    twoNnw = 78634.9
  twoNecnw = 76100
  twoNbecnw = 15900.3
  twoNgbecnw = 298974
         m = 0.113147
        m2 = 0.0249103
        m4 = 0.00143972
        m5 = 0.173898
        Tb = 21118.4
        Ta = 48159.2
        Td = 7947.46
        Te = 3973.73
DiffEv reached_goal. cost=1.81343e-03 spread=2.64854e-06
Fitted parameter values
Free:
       pc1 = 3.85485
       pc2 = -3.95098
       pc3 = -1.99619
       pc4 = 1.66263
       pc5 = -0.126648
       pc6 = -1.79304
       pc7 = 1.36423
       pc8 = -0.14107
       pc9 = 0.164565
      pc10 = -0.7174
      pc11 = -0.456477
      pc12 = -0.457625
      pc13 = -0.00331878
      pc14 = -0.00256613
      pc15 = 0.0105265
      pc16 = -0.0412993
      pc17 = -0.0342546
Constrained:
   Tgbecnw = 92584.4
     Tecnw = 24438.1
       Tnw = 13075.8
       Tec = 13891.4
     twoNb = 428081
     twoNe = 909444
     twoNc = 117134
     twoNw = 3.86007e+06
    twoNec = 76725.8
    twoNnw = 61195.1
  twoNecnw = 74645.2
  twoNbecnw = 6621.38
  twoNgbecnw = 358016
         m = 0.0901474
        m2 = 0.0244384
        m4 = 0.00116276
        m5 = 0.17619
        Tb = 19164.7
        Ta = 47182.4
        Td = 6945.71
        Te = 3472.86
#       SitePat  BranchLen
              b 125430.4526021
              e 48768.6747020
              c 51254.8026030
              n 46293.6831686
              w 46274.5871646
            b:e 2203.8248164
            b:c 2507.5582406
            b:n 1776.9482199
            b:w 1775.6875193
            e:c 10510.1653141
            e:n 5599.3525221
            e:w 5618.4485261
            c:n 4914.0742013
            c:w 4909.8722200
            n:w 12616.6409749
          b:e:c 2038.6960827
          b:e:n 1102.8507518
          b:e:w 1104.1114524
          b:c:n 1113.8821059
          b:c:w 1112.5012411
          b:n:w 2011.6550762
          e:c:n 4684.4468977
          e:c:w 4688.6488790
          e:n:w 6490.8769390
          c:n:w 5472.2166850
        b:e:c:n 2040.4059625
        b:e:c:w 2041.7868273
        b:e:n:w 3172.0239530
        b:c:n:w 2775.2563248
        e:c:n:w 52143.3277303
