########################################
# legofit: estimate population history #
#       version 2.3.4-4-g53f8760       #
########################################

# Program was compiled: Sep 21 2021 14:36:42
# Program was run: Mon Oct 11 22:31:24 2021

# cmd: legofit -1 -d 0 -t 32 --ptsPerDim 3 --stateOut b1boot16.state --tol 3e-6 -S 5000 abde2.lgo ../../boot/boot16.opf
# Stage nOptItr nSimReps
#     0    5000        0
# algorithm          : deterministic
# ignoring probs <=  : 0
# Branch length floor: 0
# DE strategy        : 2
#    F               : 0.3
#    CR              : 0.8
#    tolerance       : 3e-06
# nthreads           : 32
# lgo input file     : abde2.lgo
# site pat input file: ../../boot/boot16.opf
# free parameters    : 17
# points in DE swarm : 51
# output state file  : b1boot16.state
# Including singleton site patterns.
# cost function      : KL
Initial parameter values
Fixed:
      zero = 0
       one = 1
    Tbecnw = 75200
Free:
       pc1 = 0
       pc2 = 0
       pc3 = 0
       pc4 = 0
       pc5 = 0
       pc6 = 0
       pc7 = 0
       pc8 = 0
       pc9 = 0
      pc10 = 0
      pc11 = 0
      pc12 = 0
      pc13 = 0
      pc14 = 0
      pc15 = 0
      pc16 = 0
      pc17 = 0
Constrained:
   Tgbecnw = 117232
     Tecnw = 26341.9
       Tnw = 11836.8
       Tec = 15894.9
     twoNb = 678907
     twoNe = 652446
     twoNc = 499543
     twoNw = 2.53497e+06
    twoNec = 74765.5
    twoNnw = 78634.9
  twoNecnw = 76100
  twoNbecnw = 15900.3
  twoNgbecnw = 298974
         m = 0.113147
        m2 = 0.0249103
        m4 = 0.00143972
        m5 = 0.173898
        Tb = 21118.4
        Ta = 48159.2
        Td = 7947.46
        Te = 3973.73
DiffEv reached_goal. cost=1.74257e-03 spread=2.89366e-06
Fitted parameter values
Free:
       pc1 = 3.8758
       pc2 = -3.92273
       pc3 = -1.64861
       pc4 = 1.70994
       pc5 = -1.2855
       pc6 = -1.92516
       pc7 = 0.196991
       pc8 = -0.003037
       pc9 = 0.855624
      pc10 = -0.335267
      pc11 = -0.439353
      pc12 = -0.355835
      pc13 = -0.0505947
      pc14 = -0.0525436
      pc15 = 0.0750468
      pc16 = -0.00672526
      pc17 = -0.0659281
Constrained:
   Tgbecnw = 90882.2
     Tecnw = 24444.7
       Tnw = 12712.3
       Tec = 15292.3
     twoNb = 532470
     twoNe = 263123
     twoNc = 469180
     twoNw = 3.96675e+06
    twoNec = 65209.5
    twoNnw = 62518.7
  twoNecnw = 74121.5
  twoNbecnw = 6030.47
  twoNgbecnw = 351890
         m = 0.092411
        m2 = 0.0252455
        m4 = 0.0010983
        m5 = 0.173827
        Tb = 19868.5
        Ta = 47534.3
        Td = 7646.17
        Te = 3823.08
#       SitePat  BranchLen
              b 125331.7563044
              e 48705.3188293
              c 51188.0681956
              n 46090.0962352
              w 46073.2204624
            b:e 2167.0063922
            b:c 2459.8755756
            b:n 1757.9444463
            b:w 1756.8374932
            e:c 10466.4294670
            e:n 5547.5145339
            e:w 5564.3903067
            c:n 4864.4977862
            c:w 4860.7918825
            n:w 12659.9447427
          b:e:c 2025.6392102
          b:e:n 1086.9808029
          b:e:w 1088.0877560
          b:c:n 1097.4081674
          b:c:w 1096.1963227
          b:n:w 2005.7743866
          e:c:n 4659.8612260
          e:c:w 4663.5671296
          e:n:w 6451.9826899
          c:n:w 5442.1265157
        b:e:c:n 2017.0938407
        b:e:c:w 2018.3056854
        b:e:n:w 3178.6358480
        b:c:n:w 2780.9526692
        e:c:n:w 52227.6813805
