########################################
# legofit: estimate population history #
#       version 2.3.4-4-g53f8760       #
########################################

# Program was compiled: Sep 21 2021 14:36:42
# Program was run: Mon Oct 11 22:35:23 2021

# cmd: legofit -1 -d 0 -t 32 --ptsPerDim 3 --stateOut b1boot26.state --tol 3e-6 -S 5000 abde2.lgo ../../boot/boot26.opf
# Stage nOptItr nSimReps
#     0    5000        0
# algorithm          : deterministic
# ignoring probs <=  : 0
# Branch length floor: 0
# DE strategy        : 2
#    F               : 0.3
#    CR              : 0.8
#    tolerance       : 3e-06
# nthreads           : 32
# lgo input file     : abde2.lgo
# site pat input file: ../../boot/boot26.opf
# free parameters    : 17
# points in DE swarm : 51
# output state file  : b1boot26.state
# Including singleton site patterns.
# cost function      : KL
Initial parameter values
Fixed:
      zero = 0
       one = 1
    Tbecnw = 75200
Free:
       pc1 = 0
       pc2 = 0
       pc3 = 0
       pc4 = 0
       pc5 = 0
       pc6 = 0
       pc7 = 0
       pc8 = 0
       pc9 = 0
      pc10 = 0
      pc11 = 0
      pc12 = 0
      pc13 = 0
      pc14 = 0
      pc15 = 0
      pc16 = 0
      pc17 = 0
Constrained:
   Tgbecnw = 117232
     Tecnw = 26341.9
       Tnw = 11836.8
       Tec = 15894.9
     twoNb = 678907
     twoNe = 652446
     twoNc = 499543
     twoNw = 2.53497e+06
    twoNec = 74765.5
    twoNnw = 78634.9
  twoNecnw = 76100
  twoNbecnw = 15900.3
  twoNgbecnw = 298974
         m = 0.113147
        m2 = 0.0249103
        m4 = 0.00143972
        m5 = 0.173898
        Tb = 21118.4
        Ta = 48159.2
        Td = 7947.46
        Te = 3973.73
DiffEv reached_goal. cost=1.77151e-03 spread=1.85792e-06
Fitted parameter values
Free:
       pc1 = 3.93874
       pc2 = -3.94412
       pc3 = -1.95019
       pc4 = 1.97109
       pc5 = -1.59577
       pc6 = -1.77297
       pc7 = -0.15784
       pc8 = 0.145292
       pc9 = 0.893189
      pc10 = -0.76571
      pc11 = -0.854364
      pc12 = 0.0804628
      pc13 = 0.160309
      pc14 = -0.00829401
      pc15 = 0.00923718
      pc16 = -0.00513396
      pc17 = -0.0803139
Constrained:
   Tgbecnw = 90147.7
     Tecnw = 24237.5
       Tnw = 12158
       Tec = 14993.8
     twoNb = 541449
     twoNe = 273898
     twoNc = 598774
     twoNw = 4.44706e+06
    twoNec = 65597.4
    twoNnw = 66031.5
  twoNecnw = 74944.2
  twoNbecnw = 5748.96
  twoNgbecnw = 351403
         m = 0.0925264
        m2 = 0.0250185
        m4 = 0.000918189
        m5 = 0.17127
        Tb = 19615.7
        Ta = 47407.8
        Td = 7496.9
        Te = 3748.45
#       SitePat  BranchLen
              b 125023.1102211
              e 48635.0879975
              c 51041.2530332
              n 46144.2218021
              w 46130.0645525
            b:e 2155.6344200
            b:c 2434.7384456
            b:n 1763.3727264
            b:w 1762.4497400
            e:c 10514.2619566
            e:n 5560.8571097
            e:w 5575.0143592
            c:n 4890.7989481
            c:w 4887.7041036
            n:w 12615.0025374
          b:e:c 2017.8497686
          b:e:n 1089.1312455
          b:e:w 1090.0542319
          b:c:n 1099.1089100
          b:c:w 1098.0973269
          b:n:w 1999.6037346
          e:c:n 4673.8668335
          e:c:w 4676.9616780
          e:n:w 6374.9378044
          c:n:w 5408.8447423
        b:e:c:n 2027.2046109
        b:e:c:w 2028.2161940
        b:e:n:w 3151.9557608
        b:c:n:w 2772.1273773
        e:c:n:w 51941.6209380
