########################################
# legofit: estimate population history #
#       version 2.3.4-4-g53f8760       #
########################################

# Program was compiled: Sep 21 2021 14:36:42
# Program was run: Mon Oct 11 22:44:55 2021

# cmd: legofit -1 -d 0 -t 32 --ptsPerDim 3 --stateOut b1boot48.state --tol 3e-6 -S 5000 abde2.lgo ../../boot/boot48.opf
# Stage nOptItr nSimReps
#     0    5000        0
# algorithm          : deterministic
# ignoring probs <=  : 0
# Branch length floor: 0
# DE strategy        : 2
#    F               : 0.3
#    CR              : 0.8
#    tolerance       : 3e-06
# nthreads           : 32
# lgo input file     : abde2.lgo
# site pat input file: ../../boot/boot48.opf
# free parameters    : 17
# points in DE swarm : 51
# output state file  : b1boot48.state
# Including singleton site patterns.
# cost function      : KL
Initial parameter values
Fixed:
      zero = 0
       one = 1
    Tbecnw = 75200
Free:
       pc1 = 0
       pc2 = 0
       pc3 = 0
       pc4 = 0
       pc5 = 0
       pc6 = 0
       pc7 = 0
       pc8 = 0
       pc9 = 0
      pc10 = 0
      pc11 = 0
      pc12 = 0
      pc13 = 0
      pc14 = 0
      pc15 = 0
      pc16 = 0
      pc17 = 0
Constrained:
   Tgbecnw = 117232
     Tecnw = 26341.9
       Tnw = 11836.8
       Tec = 15894.9
     twoNb = 678907
     twoNe = 652446
     twoNc = 499543
     twoNw = 2.53497e+06
    twoNec = 74765.5
    twoNnw = 78634.9
  twoNecnw = 76100
  twoNbecnw = 15900.3
  twoNgbecnw = 298974
         m = 0.113147
        m2 = 0.0249103
        m4 = 0.00143972
        m5 = 0.173898
        Tb = 21118.4
        Ta = 48159.2
        Td = 7947.46
        Te = 3973.73
DiffEv reached_goal. cost=1.79780e-03 spread=2.89370e-06
Fitted parameter values
Free:
       pc1 = 3.9753
       pc2 = -3.96077
       pc3 = -1.7858
       pc4 = 1.94166
       pc5 = -1.68218
       pc6 = -1.97077
       pc7 = 1.00611
       pc8 = -0.502416
       pc9 = 0.85328
      pc10 = -0.147932
      pc11 = -0.610385
      pc12 = -0.372186
      pc13 = 0.0828668
      pc14 = -0.0037161
      pc15 = 0.0689139
      pc16 = -0.0207516
      pc17 = -0.092246
Constrained:
   Tgbecnw = 88177.3
     Tecnw = 24213.1
       Tnw = 12677.1
       Tec = 14326.1
     twoNb = 574120
     twoNe = 313229
     twoNc = 409700
     twoNw = 3.23426e+06
    twoNec = 71019.4
    twoNnw = 61890.2
  twoNecnw = 74546.9
  twoNbecnw = 5043.56
  twoNgbecnw = 349876
         m = 0.0931361
        m2 = 0.0248991
        m4 = 0.000974686
        m5 = 0.174534
        Tb = 19269.6
        Ta = 47234.8
        Td = 7163.07
        Te = 3581.53
#       SitePat  BranchLen
              b 124834.2194624
              e 48488.5244802
              c 50960.2932256
              n 45952.1749047
              w 45930.9162492
            b:e 2156.4842470
            b:c 2444.5827883
            b:n 1758.3954884
            b:w 1756.9993565
            e:c 10466.4606165
            e:n 5547.4390122
            e:w 5568.6976676
            c:n 4868.0435705
            c:w 4863.3820089
            n:w 12593.4333563
          b:e:c 2021.6775275
          b:e:n 1090.0282582
          b:e:w 1091.4243900
          b:c:n 1100.8328995
          b:c:w 1099.3016954
          b:n:w 2002.1089124
          e:c:n 4642.5931566
          e:c:w 4647.2547182
          e:n:w 6413.2486708
          c:n:w 5412.2350243
        b:e:c:n 2023.1687450
        b:e:c:w 2024.6999491
        b:e:n:w 3170.8241437
        b:c:n:w 2777.9996136
        e:c:n:w 52000.2220921
