########################################
# legofit: estimate population history #
#       version 2.3.4-4-g53f8760       #
########################################

# Program was compiled: Sep 21 2021 14:36:42
# Program was run: Mon Oct 11 22:30:38 2021

# cmd: legofit -1 -d 0 -t 32 --ptsPerDim 3 --stateOut b1boot14.state --tol 3e-6 -S 5000 abde2.lgo ../../boot/boot14.opf
# Stage nOptItr nSimReps
#     0    5000        0
# algorithm          : deterministic
# ignoring probs <=  : 0
# Branch length floor: 0
# DE strategy        : 2
#    F               : 0.3
#    CR              : 0.8
#    tolerance       : 3e-06
# nthreads           : 32
# lgo input file     : abde2.lgo
# site pat input file: ../../boot/boot14.opf
# free parameters    : 17
# points in DE swarm : 51
# output state file  : b1boot14.state
# Including singleton site patterns.
# cost function      : KL
Initial parameter values
Fixed:
      zero = 0
       one = 1
    Tbecnw = 75200
Free:
       pc1 = 0
       pc2 = 0
       pc3 = 0
       pc4 = 0
       pc5 = 0
       pc6 = 0
       pc7 = 0
       pc8 = 0
       pc9 = 0
      pc10 = 0
      pc11 = 0
      pc12 = 0
      pc13 = 0
      pc14 = 0
      pc15 = 0
      pc16 = 0
      pc17 = 0
Constrained:
   Tgbecnw = 117232
     Tecnw = 26341.9
       Tnw = 11836.8
       Tec = 15894.9
     twoNb = 678907
     twoNe = 652446
     twoNc = 499543
     twoNw = 2.53497e+06
    twoNec = 74765.5
    twoNnw = 78634.9
  twoNecnw = 76100
  twoNbecnw = 15900.3
  twoNgbecnw = 298974
         m = 0.113147
        m2 = 0.0249103
        m4 = 0.00143972
        m5 = 0.173898
        Tb = 21118.4
        Ta = 48159.2
        Td = 7947.46
        Te = 3973.73
DiffEv reached_goal. cost=1.77630e-03 spread=2.98642e-06
Fitted parameter values
Free:
       pc1 = 3.97557
       pc2 = -3.94015
       pc3 = -1.93431
       pc4 = 1.82493
       pc5 = -0.313613
       pc6 = -1.75338
       pc7 = 1.03514
       pc8 = 0.44789
       pc9 = 0.805838
      pc10 = -1.22925
      pc11 = -0.423706
      pc12 = 0.171841
      pc13 = 0.0169678
      pc14 = -0.0458102
      pc15 = 0.0328784
      pc16 = -0.0118941
      pc17 = -0.0632109
Constrained:
   Tgbecnw = 91932.5
     Tecnw = 24425.1
       Tnw = 12808.3
       Tec = 14675.8
     twoNb = 476706
     twoNe = 974797
     twoNc = 105340
     twoNw = 4.49252e+06
    twoNec = 70071.8
    twoNnw = 62023.1
  twoNecnw = 74474.9
  twoNbecnw = 6396.02
  twoNgbecnw = 355826
         m = 0.0916925
        m2 = 0.0247569
        m4 = 0.000842126
        m5 = 0.171977
        Tb = 19550.5
        Ta = 47375.2
        Td = 7337.91
        Te = 3668.95
#       SitePat  BranchLen
              b 125660.3924759
              e 48764.4633881
              c 51201.2161031
              n 46185.7121307
              w 46170.5043659
            b:e 2189.8803256
            b:c 2478.8109724
            b:n 1769.6988074
            b:w 1768.6976342
            e:c 10524.2811061
            e:n 5563.6435795
            e:w 5578.8513443
            c:n 4889.7673746
            c:w 4886.4233336
            n:w 12684.6640794
          b:e:c 2038.5353621
          b:e:n 1094.8466210
          b:e:w 1095.8477942
          b:c:n 1105.0697299
          b:c:w 1103.9736478
          b:n:w 2015.6770103
          e:c:n 4678.1652696
          e:c:w 4681.5093106
          e:n:w 6463.3751446
          c:n:w 5469.1654926
        b:e:c:n 2031.0280226
        b:e:c:w 2032.1241047
        b:e:n:w 3169.2567737
        b:c:n:w 2785.7382769
        e:c:n:w 52433.7695998
