########################################
# legofit: estimate population history #
#       version 2.3.4-4-g53f8760       #
########################################

# Program was compiled: Sep 21 2021 14:36:42
# Program was run: Mon Oct 11 22:37:39 2021

# cmd: legofit -1 -d 0 -t 32 --ptsPerDim 3 --stateOut b1boot31.state --tol 3e-6 -S 5000 abde2.lgo ../../boot/boot31.opf
# Stage nOptItr nSimReps
#     0    5000        0
# algorithm          : deterministic
# ignoring probs <=  : 0
# Branch length floor: 0
# DE strategy        : 2
#    F               : 0.3
#    CR              : 0.8
#    tolerance       : 3e-06
# nthreads           : 32
# lgo input file     : abde2.lgo
# site pat input file: ../../boot/boot31.opf
# free parameters    : 17
# points in DE swarm : 51
# output state file  : b1boot31.state
# Including singleton site patterns.
# cost function      : KL
Initial parameter values
Fixed:
      zero = 0
       one = 1
    Tbecnw = 75200
Free:
       pc1 = 0
       pc2 = 0
       pc3 = 0
       pc4 = 0
       pc5 = 0
       pc6 = 0
       pc7 = 0
       pc8 = 0
       pc9 = 0
      pc10 = 0
      pc11 = 0
      pc12 = 0
      pc13 = 0
      pc14 = 0
      pc15 = 0
      pc16 = 0
      pc17 = 0
Constrained:
   Tgbecnw = 117232
     Tecnw = 26341.9
       Tnw = 11836.8
       Tec = 15894.9
     twoNb = 678907
     twoNe = 652446
     twoNc = 499543
     twoNw = 2.53497e+06
    twoNec = 74765.5
    twoNnw = 78634.9
  twoNecnw = 76100
  twoNbecnw = 15900.3
  twoNgbecnw = 298974
         m = 0.113147
        m2 = 0.0249103
        m4 = 0.00143972
        m5 = 0.173898
        Tb = 21118.4
        Ta = 48159.2
        Td = 7947.46
        Te = 3973.73
DiffEv reached_goal. cost=1.77374e-03 spread=2.09011e-06
Fitted parameter values
Free:
       pc1 = 3.98626
       pc2 = -3.92766
       pc3 = -1.77271
       pc4 = 1.38059
       pc5 = -1.97664
       pc6 = -1.76354
       pc7 = 0.703527
       pc8 = 0.129599
       pc9 = 0.537164
      pc10 = -0.162748
      pc11 = -0.489129
      pc12 = -0.132844
      pc13 = 0.15043
      pc14 = 0.00948629
      pc15 = 0.0548047
      pc16 = -0.0052395
      pc17 = -0.0774673
Constrained:
   Tgbecnw = 89054.8
     Tecnw = 24271.9
       Tnw = 12047.5
       Tec = 15601.3
     twoNb = 498529
     twoNe = 386293
     twoNc = 489911
     twoNw = 3.27169e+06
    twoNec = 61592.8
    twoNnw = 66186.1
  twoNecnw = 74192.2
  twoNbecnw = 5409.33
  twoNgbecnw = 346035
         m = 0.093518
        m2 = 0.0249499
        m4 = 0.00130567
        m5 = 0.172239
        Tb = 19936.6
        Ta = 47568.3
        Td = 7800.63
        Te = 3900.31
#       SitePat  BranchLen
              b 124903.0327280
              e 48545.8430786
              c 50998.1346422
              n 45983.0859188
              w 45964.4223192
            b:e 2178.1896752
            b:c 2471.7727837
            b:n 1772.2561521
            b:w 1771.0277850
            e:c 10457.6060126
            e:n 5557.0289583
            e:w 5575.6925578
            c:n 4879.7615254
            c:w 4875.6662064
            n:w 12642.2948293
          b:e:c 2035.1653516
          b:e:n 1095.2166245
          b:e:w 1096.4449916
          b:c:n 1105.9628331
          b:c:w 1104.6163441
          b:n:w 2013.2568847
          e:c:n 4680.2605215
          e:c:w 4684.3558405
          e:n:w 6428.7897490
          c:n:w 5436.2856135
        b:e:c:n 2037.2511284
        b:e:c:w 2038.5976174
        b:e:n:w 3173.9859024
        b:c:n:w 2778.9915432
        e:c:n:w 51991.3405365
