########################################
# legofit: estimate population history #
#       version 2.3.4-4-g53f8760       #
########################################

# Program was compiled: Sep 21 2021 14:36:42
# Program was run: Mon Oct 11 22:43:20 2021

# cmd: legofit -1 -d 0 -t 32 --ptsPerDim 3 --stateOut b1boot44.state --tol 3e-6 -S 5000 abde2.lgo ../../boot/boot44.opf
# Stage nOptItr nSimReps
#     0    5000        0
# algorithm          : deterministic
# ignoring probs <=  : 0
# Branch length floor: 0
# DE strategy        : 2
#    F               : 0.3
#    CR              : 0.8
#    tolerance       : 3e-06
# nthreads           : 32
# lgo input file     : abde2.lgo
# site pat input file: ../../boot/boot44.opf
# free parameters    : 17
# points in DE swarm : 51
# output state file  : b1boot44.state
# Including singleton site patterns.
# cost function      : KL
Initial parameter values
Fixed:
      zero = 0
       one = 1
    Tbecnw = 75200
Free:
       pc1 = 0
       pc2 = 0
       pc3 = 0
       pc4 = 0
       pc5 = 0
       pc6 = 0
       pc7 = 0
       pc8 = 0
       pc9 = 0
      pc10 = 0
      pc11 = 0
      pc12 = 0
      pc13 = 0
      pc14 = 0
      pc15 = 0
      pc16 = 0
      pc17 = 0
Constrained:
   Tgbecnw = 117232
     Tecnw = 26341.9
       Tnw = 11836.8
       Tec = 15894.9
     twoNb = 678907
     twoNe = 652446
     twoNc = 499543
     twoNw = 2.53497e+06
    twoNec = 74765.5
    twoNnw = 78634.9
  twoNecnw = 76100
  twoNbecnw = 15900.3
  twoNgbecnw = 298974
         m = 0.113147
        m2 = 0.0249103
        m4 = 0.00143972
        m5 = 0.173898
        Tb = 21118.4
        Ta = 48159.2
        Td = 7947.46
        Te = 3973.73
DiffEv reached_goal. cost=1.78483e-03 spread=2.67282e-06
Fitted parameter values
Free:
       pc1 = 3.99021
       pc2 = -3.95624
       pc3 = -1.55909
       pc4 = 1.84952
       pc5 = -0.129256
       pc6 = -0.924614
       pc7 = 1.68618
       pc8 = 0.589943
       pc9 = 1.00484
      pc10 = -0.967251
      pc11 = -0.485048
      pc12 = -0.0272177
      pc13 = 0.208035
      pc14 = 0.0585043
      pc15 = 0.04015
      pc16 = -0.0204693
      pc17 = -0.0373542
Constrained:
   Tgbecnw = 92821.1
     Tecnw = 24309.6
       Tnw = 12766.2
       Tec = 14890.1
     twoNb = 508113
     twoNe = 1.59696e+06
     twoNc = 95633.5
     twoNw = 3.94512e+06
    twoNec = 68349.6
    twoNnw = 62021.3
  twoNecnw = 74666.6
  twoNbecnw = 6731.93
  twoNgbecnw = 351025
         m = 0.0918277
        m2 = 0.0251837
        m4 = 0.000690349
        m5 = 0.173384
        Tb = 19599.8
        Ta = 47399.9
        Td = 7445.06
        Te = 3722.53
#       SitePat  BranchLen
              b 125362.4038092
              e 48776.4269181
              c 51222.8383689
              n 46162.4272287
              w 46145.1545901
            b:e 2175.7393003
            b:c 2460.5788233
            b:n 1759.9766918
            b:w 1758.8450694
            e:c 10479.8814617
            e:n 5587.4156038
            e:w 5604.6882424
            c:n 4911.3765531
            c:w 4907.5684895
            n:w 12664.2075999
          b:e:c 2019.0836776
          b:e:n 1090.4106346
          b:e:w 1091.5422571
          b:c:n 1100.5524033
          b:c:w 1099.3147554
          b:n:w 1998.1131410
          e:c:n 4680.5646719
          e:c:w 4684.3727355
          e:n:w 6470.5258566
          c:n:w 5475.3528694
        b:e:c:n 2016.8972653
        b:e:c:w 2018.1349133
        b:e:n:w 3158.6966785
        b:c:n:w 2777.8631884
        e:c:n:w 52033.7725831
