########################################
# legofit: estimate population history #
#       version 2.3.4-4-g53f8760       #
########################################

# Program was compiled: Sep 21 2021 14:36:42
# Program was run: Mon Oct 11 22:37:11 2021

# cmd: legofit -1 -d 0 -t 32 --ptsPerDim 3 --stateOut b1boot29.state --tol 3e-6 -S 5000 abde2.lgo ../../boot/boot29.opf
# Stage nOptItr nSimReps
#     0    5000        0
# algorithm          : deterministic
# ignoring probs <=  : 0
# Branch length floor: 0
# DE strategy        : 2
#    F               : 0.3
#    CR              : 0.8
#    tolerance       : 3e-06
# nthreads           : 32
# lgo input file     : abde2.lgo
# site pat input file: ../../boot/boot29.opf
# free parameters    : 17
# points in DE swarm : 51
# output state file  : b1boot29.state
# Including singleton site patterns.
# cost function      : KL
Initial parameter values
Fixed:
      zero = 0
       one = 1
    Tbecnw = 75200
Free:
       pc1 = 0
       pc2 = 0
       pc3 = 0
       pc4 = 0
       pc5 = 0
       pc6 = 0
       pc7 = 0
       pc8 = 0
       pc9 = 0
      pc10 = 0
      pc11 = 0
      pc12 = 0
      pc13 = 0
      pc14 = 0
      pc15 = 0
      pc16 = 0
      pc17 = 0
Constrained:
   Tgbecnw = 117232
     Tecnw = 26341.9
       Tnw = 11836.8
       Tec = 15894.9
     twoNb = 678907
     twoNe = 652446
     twoNc = 499543
     twoNw = 2.53497e+06
    twoNec = 74765.5
    twoNnw = 78634.9
  twoNecnw = 76100
  twoNbecnw = 15900.3
  twoNgbecnw = 298974
         m = 0.113147
        m2 = 0.0249103
        m4 = 0.00143972
        m5 = 0.173898
        Tb = 21118.4
        Ta = 48159.2
        Td = 7947.46
        Te = 3973.73
DiffEv reached_goal. cost=1.79993e-03 spread=2.53079e-06
Fitted parameter values
Free:
       pc1 = 3.95505
       pc2 = -3.72593
       pc3 = -1.91042
       pc4 = 1.95179
       pc5 = -0.836223
       pc6 = -1.85481
       pc7 = 1.11619
       pc8 = 1.09534
       pc9 = 0.182116
      pc10 = -0.613846
      pc11 = -0.178285
      pc12 = -0.294788
      pc13 = 0.0609219
      pc14 = -0.0160442
      pc15 = 0.0771884
      pc16 = -0.0313098
      pc17 = -0.124808
Constrained:
   Tgbecnw = 90060.8
     Tecnw = 24424.2
       Tnw = 12714.5
       Tec = 15369.6
     twoNb = 460304
     twoNe = 1.02964e+06
     twoNc = 201435
     twoNw = 4.33178e+06
    twoNec = 63921.4
    twoNnw = 62336.5
  twoNecnw = 73944.2
  twoNbecnw = 5788.15
  twoNgbecnw = 338154
         m = 0.0971829
        m2 = 0.0247085
        m4 = 0.00155725
        m5 = 0.173533
        Tb = 19896.9
        Ta = 47548.4
        Td = 7684.78
        Te = 3842.39
#       SitePat  BranchLen
              b 125291.5281609
              e 48556.8062662
              c 51042.1246635
              n 46007.4330537
              w 45992.0754498
            b:e 2147.5753780
            b:c 2449.0886379
            b:n 1732.2067950
            b:w 1731.2121617
            e:c 10458.6205191
            e:n 5523.4134171
            e:w 5538.7710210
            c:n 4839.3065026
            c:w 4835.9398268
            n:w 12630.4016180
          b:e:c 1999.9269855
          b:e:n 1069.1272615
          b:e:w 1070.1218948
          b:c:n 1079.6280641
          b:c:w 1078.5389127
          b:n:w 1977.3135919
          e:c:n 4642.7646103
          e:c:w 4646.1312860
          e:n:w 6431.2784257
          c:n:w 5414.8897871
        b:e:c:n 1987.9116399
        b:e:c:w 1989.0007913
        b:e:n:w 3128.1976968
        b:c:n:w 2725.7749151
        e:c:n:w 52267.5059101
