########################################
# legofit: estimate population history #
#       version 2.3.4-4-g53f8760       #
########################################

# Program was compiled: Sep 21 2021 14:36:42
# Program was run: Mon Oct 11 22:27:55 2021

# cmd: legofit -1 -d 0 -t 32 --ptsPerDim 3 --stateOut b1boot8.state --tol 3e-6 -S 5000 abde2.lgo ../../boot/boot8.opf
# Stage nOptItr nSimReps
#     0    5000        0
# algorithm          : deterministic
# ignoring probs <=  : 0
# Branch length floor: 0
# DE strategy        : 2
#    F               : 0.3
#    CR              : 0.8
#    tolerance       : 3e-06
# nthreads           : 32
# lgo input file     : abde2.lgo
# site pat input file: ../../boot/boot8.opf
# free parameters    : 17
# points in DE swarm : 51
# output state file  : b1boot8.state
# Including singleton site patterns.
# cost function      : KL
Initial parameter values
Fixed:
      zero = 0
       one = 1
    Tbecnw = 75200
Free:
       pc1 = 0
       pc2 = 0
       pc3 = 0
       pc4 = 0
       pc5 = 0
       pc6 = 0
       pc7 = 0
       pc8 = 0
       pc9 = 0
      pc10 = 0
      pc11 = 0
      pc12 = 0
      pc13 = 0
      pc14 = 0
      pc15 = 0
      pc16 = 0
      pc17 = 0
Constrained:
   Tgbecnw = 117232
     Tecnw = 26341.9
       Tnw = 11836.8
       Tec = 15894.9
     twoNb = 678907
     twoNe = 652446
     twoNc = 499543
     twoNw = 2.53497e+06
    twoNec = 74765.5
    twoNnw = 78634.9
  twoNecnw = 76100
  twoNbecnw = 15900.3
  twoNgbecnw = 298974
         m = 0.113147
        m2 = 0.0249103
        m4 = 0.00143972
        m5 = 0.173898
        Tb = 21118.4
        Ta = 48159.2
        Td = 7947.46
        Te = 3973.73
DiffEv reached_goal. cost=1.78190e-03 spread=2.88982e-06
Fitted parameter values
Free:
       pc1 = 3.96004
       pc2 = -3.963
       pc3 = -1.96128
       pc4 = 1.57144
       pc5 = -1.89544
       pc6 = -1.87778
       pc7 = 0.753809
       pc8 = -0.39435
       pc9 = 0.543954
      pc10 = -0.688266
      pc11 = -0.593887
      pc12 = -0.283707
      pc13 = 0.0937778
      pc14 = -0.0533899
      pc15 = 0.0624863
      pc16 = -0.0230694
      pc17 = -0.0704909
Constrained:
   Tgbecnw = 88994.6
     Tecnw = 24218.6
       Tnw = 12376.5
       Tec = 14171.8
     twoNb = 464336
     twoNe = 241178
     twoNc = 452348
     twoNw = 3.36319e+06
    twoNec = 73125.5
    twoNnw = 63799.9
  twoNecnw = 74933.4
  twoNbecnw = 5323.64
  twoNgbecnw = 350104
         m = 0.0930146
        m2 = 0.0248609
        m4 = 0.00108645
        m5 = 0.172147
        Tb = 19195.2
        Ta = 47197.6
        Td = 7085.89
        Te = 3542.95
#       SitePat  BranchLen
              b 124735.7266309
              e 48582.5514624
              c 51022.8333712
              n 46015.7218031
              w 45996.0291284
            b:e 2167.3457841
            b:c 2457.4825221
            b:n 1746.2614566
            b:w 1744.9831323
            e:c 10445.5673524
            e:n 5552.4466265
            e:w 5572.1393013
            c:n 4876.7430401
            c:w 4872.4514875
            n:w 12614.6885454
          b:e:c 2009.3843328
          b:e:n 1084.6487803
          b:e:w 1085.9271046
          b:c:n 1095.4317050
          b:c:w 1094.0286056
          b:n:w 1984.5328150
          e:c:n 4627.1051428
          e:c:w 4631.3966954
          e:n:w 6402.3724157
          c:n:w 5414.1089551
        b:e:c:n 2011.7988237
        b:e:c:w 2013.2019231
        b:e:n:w 3145.6740619
        b:c:n:w 2760.0258070
        e:c:n:w 51804.8938738
