########################################
# legofit: estimate population history #
#       version 2.3.4-4-g53f8760       #
########################################

# Program was compiled: Sep 21 2021 14:36:42
# Program was run: Mon Oct 11 22:41:52 2021

# cmd: legofit -1 -d 0 -t 32 --ptsPerDim 3 --stateOut b1boot41.state --tol 3e-6 -S 5000 abde2.lgo ../../boot/boot41.opf
# Stage nOptItr nSimReps
#     0    5000        0
# algorithm          : deterministic
# ignoring probs <=  : 0
# Branch length floor: 0
# DE strategy        : 2
#    F               : 0.3
#    CR              : 0.8
#    tolerance       : 3e-06
# nthreads           : 32
# lgo input file     : abde2.lgo
# site pat input file: ../../boot/boot41.opf
# free parameters    : 17
# points in DE swarm : 51
# output state file  : b1boot41.state
# Including singleton site patterns.
# cost function      : KL
Initial parameter values
Fixed:
      zero = 0
       one = 1
    Tbecnw = 75200
Free:
       pc1 = 0
       pc2 = 0
       pc3 = 0
       pc4 = 0
       pc5 = 0
       pc6 = 0
       pc7 = 0
       pc8 = 0
       pc9 = 0
      pc10 = 0
      pc11 = 0
      pc12 = 0
      pc13 = 0
      pc14 = 0
      pc15 = 0
      pc16 = 0
      pc17 = 0
Constrained:
   Tgbecnw = 117232
     Tecnw = 26341.9
       Tnw = 11836.8
       Tec = 15894.9
     twoNb = 678907
     twoNe = 652446
     twoNc = 499543
     twoNw = 2.53497e+06
    twoNec = 74765.5
    twoNnw = 78634.9
  twoNecnw = 76100
  twoNbecnw = 15900.3
  twoNgbecnw = 298974
         m = 0.113147
        m2 = 0.0249103
        m4 = 0.00143972
        m5 = 0.173898
        Tb = 21118.4
        Ta = 48159.2
        Td = 7947.46
        Te = 3973.73
DiffEv reached_goal. cost=1.78227e-03 spread=2.81196e-06
Fitted parameter values
Free:
       pc1 = 3.95959
       pc2 = -3.96745
       pc3 = -1.85841
       pc4 = 1.5162
       pc5 = -0.982726
       pc6 = -1.24594
       pc7 = 0.441262
       pc8 = 1.30469
       pc9 = 1.22103
      pc10 = -1.18568
      pc11 = -0.656081
      pc12 = -0.201611
      pc13 = 0.134654
      pc14 = -0.108522
      pc15 = 0.0234016
      pc16 = -0.0245433
      pc17 = -0.047996
Constrained:
   Tgbecnw = 91916.7
     Tecnw = 24317.1
       Tnw = 12268.1
       Tec = 15440.8
     twoNb = 505618
     twoNe = 1.0869e+06
     twoNc = 357168
     twoNw = 4.65815e+06
    twoNec = 63122
    twoNnw = 65619.3
  twoNecnw = 74630.7
  twoNbecnw = 6403.51
  twoNgbecnw = 350673
         m = 0.0917701
        m2 = 0.0258412
        m4 = 0.00124576
        m5 = 0.169405
        Tb = 19879
        Ta = 47539.5
        Td = 7720.42
        Te = 3860.21
#       SitePat  BranchLen
              b 125077.4765707
              e 48775.7297767
              c 51182.4553140
              n 46200.0169506
              w 46186.6665412
            b:e 2174.8909255
            b:c 2461.4033073
            b:n 1763.3789313
            b:w 1762.5076165
            e:c 10504.8288938
            e:n 5563.6169755
            e:w 5576.9673849
            c:n 4896.9408434
            c:w 4894.0134829
            n:w 12659.5131117
          b:e:c 2022.3196588
          b:e:n 1088.7520108
          b:e:w 1089.6233257
          b:c:n 1098.7578938
          b:c:w 1097.8039222
          b:n:w 2002.3558642
          e:c:n 4685.3764377
          e:c:w 4688.3037982
          e:n:w 6420.4917701
          c:n:w 5448.1428519
        b:e:c:n 2023.9385910
        b:e:c:w 2024.8925626
        b:e:n:w 3177.8955449
        b:c:n:w 2788.4500543
        e:c:n:w 51836.8193230
