########################################
# legofit: estimate population history #
#       version 2.3.4-4-g53f8760       #
########################################

# Program was compiled: Sep 21 2021 14:36:42
# Program was run: Mon Oct 11 22:25:50 2021

# cmd: legofit -1 -d 0 -t 32 --ptsPerDim 3 --stateOut b1boot3.state --tol 3e-6 -S 5000 abde2.lgo ../../boot/boot3.opf
# Stage nOptItr nSimReps
#     0    5000        0
# algorithm          : deterministic
# ignoring probs <=  : 0
# Branch length floor: 0
# DE strategy        : 2
#    F               : 0.3
#    CR              : 0.8
#    tolerance       : 3e-06
# nthreads           : 32
# lgo input file     : abde2.lgo
# site pat input file: ../../boot/boot3.opf
# free parameters    : 17
# points in DE swarm : 51
# output state file  : b1boot3.state
# Including singleton site patterns.
# cost function      : KL
Initial parameter values
Fixed:
      zero = 0
       one = 1
    Tbecnw = 75200
Free:
       pc1 = 0
       pc2 = 0
       pc3 = 0
       pc4 = 0
       pc5 = 0
       pc6 = 0
       pc7 = 0
       pc8 = 0
       pc9 = 0
      pc10 = 0
      pc11 = 0
      pc12 = 0
      pc13 = 0
      pc14 = 0
      pc15 = 0
      pc16 = 0
      pc17 = 0
Constrained:
   Tgbecnw = 117232
     Tecnw = 26341.9
       Tnw = 11836.8
       Tec = 15894.9
     twoNb = 678907
     twoNe = 652446
     twoNc = 499543
     twoNw = 2.53497e+06
    twoNec = 74765.5
    twoNnw = 78634.9
  twoNecnw = 76100
  twoNbecnw = 15900.3
  twoNgbecnw = 298974
         m = 0.113147
        m2 = 0.0249103
        m4 = 0.00143972
        m5 = 0.173898
        Tb = 21118.4
        Ta = 48159.2
        Td = 7947.46
        Te = 3973.73
DiffEv reached_goal. cost=1.79951e-03 spread=2.94542e-06
Fitted parameter values
Free:
       pc1 = 3.89429
       pc2 = -3.9744
       pc3 = -1.77722
       pc4 = 1.81926
       pc5 = -0.599283
       pc6 = -1.92331
       pc7 = 0.95027
       pc8 = -0.375849
       pc9 = 0.440768
      pc10 = -0.476637
      pc11 = -0.641607
      pc12 = -0.0234481
      pc13 = 0.0607001
      pc14 = 0.0349321
      pc15 = 0.022712
      pc16 = -0.00850015
      pc17 = -0.0475691
Constrained:
   Tgbecnw = 91517.1
     Tecnw = 24386.2
       Tnw = 12628.9
       Tec = 14612.3
     twoNb = 500101
     twoNe = 570958
     twoNc = 248752
     twoNw = 3.82541e+06
    twoNec = 70498.4
    twoNnw = 63327.9
  twoNecnw = 74689.9
  twoNbecnw = 6242.23
  twoNgbecnw = 357580
         m = 0.0907392
        m2 = 0.0244157
        m4 = 0.000850795
        m5 = 0.175572
        Tb = 19499.3
        Ta = 47349.6
        Td = 7306.17
        Te = 3653.09
#       SitePat  BranchLen
              b 125454.0851862
              e 48732.5342191
              c 51209.9927610
              n 46202.3905833
              w 46184.4279209
            b:e 2186.4240820
            b:c 2478.0721632
            b:n 1780.2107842
            b:w 1779.0243836
            e:c 10499.0948308
            e:n 5591.4672824
            e:w 5609.4299448
            c:n 4905.7405890
            c:w 4901.7941314
            n:w 12646.5096626
          b:e:c 2040.8793791
          b:e:n 1103.0968618
          b:e:w 1104.2832624
          b:c:n 1113.6971015
          b:c:w 1112.3977288
          b:n:w 2018.7538533
          e:c:n 4685.3299965
          e:c:w 4689.2764542
          e:n:w 6460.7208044
          c:n:w 5455.2074940
        b:e:c:n 2044.1665647
        b:e:c:w 2045.4659374
        b:e:n:w 3173.8237534
        b:c:n:w 2784.8782018
        e:c:n:w 52253.2660527
