########################################
# legofit: estimate population history #
#       version 2.3.4-4-g53f8760       #
########################################

# Program was compiled: Sep 21 2021 14:36:42
# Program was run: Mon Oct 11 22:43:48 2021

# cmd: legofit -1 -d 0 -t 32 --ptsPerDim 3 --stateOut b1boot46.state --tol 3e-6 -S 5000 abde2.lgo ../../boot/boot46.opf
# Stage nOptItr nSimReps
#     0    5000        0
# algorithm          : deterministic
# ignoring probs <=  : 0
# Branch length floor: 0
# DE strategy        : 2
#    F               : 0.3
#    CR              : 0.8
#    tolerance       : 3e-06
# nthreads           : 32
# lgo input file     : abde2.lgo
# site pat input file: ../../boot/boot46.opf
# free parameters    : 17
# points in DE swarm : 51
# output state file  : b1boot46.state
# Including singleton site patterns.
# cost function      : KL
Initial parameter values
Fixed:
      zero = 0
       one = 1
    Tbecnw = 75200
Free:
       pc1 = 0
       pc2 = 0
       pc3 = 0
       pc4 = 0
       pc5 = 0
       pc6 = 0
       pc7 = 0
       pc8 = 0
       pc9 = 0
      pc10 = 0
      pc11 = 0
      pc12 = 0
      pc13 = 0
      pc14 = 0
      pc15 = 0
      pc16 = 0
      pc17 = 0
Constrained:
   Tgbecnw = 117232
     Tecnw = 26341.9
       Tnw = 11836.8
       Tec = 15894.9
     twoNb = 678907
     twoNe = 652446
     twoNc = 499543
     twoNw = 2.53497e+06
    twoNec = 74765.5
    twoNnw = 78634.9
  twoNecnw = 76100
  twoNbecnw = 15900.3
  twoNgbecnw = 298974
         m = 0.113147
        m2 = 0.0249103
        m4 = 0.00143972
        m5 = 0.173898
        Tb = 21118.4
        Ta = 48159.2
        Td = 7947.46
        Te = 3973.73
DiffEv reached_goal. cost=1.72827e-03 spread=2.24895e-06
Fitted parameter values
Free:
       pc1 = 3.95795
       pc2 = -3.78513
       pc3 = -1.88187
       pc4 = 1.63938
       pc5 = -0.974617
       pc6 = -1.94944
       pc7 = 0.626075
       pc8 = 0.380984
       pc9 = 0.951191
      pc10 = -0.66079
      pc11 = -0.648084
      pc12 = -0.636988
      pc13 = 0.083134
      pc14 = 0.0877786
      pc15 = 0.0653331
      pc16 = 0.00549182
      pc17 = -0.0496959
Constrained:
   Tgbecnw = 91549.6
     Tecnw = 24209.3
       Tnw = 12766.3
       Tec = 14635.2
     twoNb = 541511
     twoNe = 557952
     twoNc = 301764
     twoNw = 4.14186e+06
    twoNec = 68990.4
    twoNnw = 61263.5
  twoNecnw = 74552.3
  twoNbecnw = 6271.11
  twoNgbecnw = 352672
         m = 0.0919547
        m2 = 0.0253482
        m4 = 0.00135967
        m5 = 0.173235
        Tb = 19422.3
        Ta = 47311.1
        Td = 7317.62
        Te = 3658.81
#       SitePat  BranchLen
              b 125379.8248790
              e 48643.3759282
              c 51125.4970278
              n 46034.6197393
              w 46018.1048923
            b:e 2173.9017215
            b:c 2469.7405403
            b:n 1761.7000601
            b:w 1760.6145534
            e:c 10500.3781505
            e:n 5578.4467882
            e:w 5594.9616352
            c:n 4898.2202781
            c:w 4894.5767342
            n:w 12671.2294599
          b:e:c 2025.6272766
          b:e:n 1091.0868065
          b:e:w 1092.1723131
          b:c:n 1101.5500827
          b:c:w 1100.3620294
          b:n:w 2005.4736244
          e:c:n 4677.2656440
          e:c:w 4680.9091878
          e:n:w 6481.4142433
          c:n:w 5469.9356024
        b:e:c:n 2020.7363896
        b:e:c:w 2021.9244429
        b:e:n:w 3195.0448857
        b:c:n:w 2790.5219811
        e:c:n:w 52213.0363717
