########################################
# legofit: estimate population history #
#       version 2.3.4-4-g53f8760       #
########################################

# Program was compiled: Sep 21 2021 14:36:42
# Program was run: Sat Sep 25 12:25:38 2021

# cmd: legofit -1 -d 0 -t 32 --ptsPerDim 3 --stateOut b1.state --tol 3e-6 -S 5000 abd2.lgo ../../pan.opf
# Stage nOptItr nSimReps
#     0    5000        0
# algorithm          : deterministic
# ignoring probs <=  : 0
# Branch length floor: 0
# DE strategy        : 2
#    F               : 0.3
#    CR              : 0.8
#    tolerance       : 3e-06
# nthreads           : 32
# lgo input file     : abd2.lgo
# site pat input file: ../../pan.opf
# free parameters    : 14
# points in DE swarm : 42
# output state file  : b1.state
# Including singleton site patterns.
# cost function      : KL
Initial parameter values
Fixed:
      zero = 0
       one = 1
    Tbecnw = 75200
Free:
       pc1 = 0
       pc2 = 0
       pc3 = 0
       pc4 = 0
       pc5 = 0
       pc6 = 0
       pc7 = 0
       pc8 = 0
       pc9 = 0
      pc10 = 0
      pc11 = 0
      pc12 = 0
      pc13 = 0
      pc14 = 0
Constrained:
   Tgbecnw = 120895
     Tecnw = 23985
       Tnw = 15258.6
       Tec = 16019.1
     twoNb = 628157
     twoNc = 120341
    twoNec = 79381.8
    twoNnw = 51159
  twoNecnw = 78480.5
  twoNbecnw = 15991.1
  twoNgbecnw = 350322
         m = 0.0965118
        m2 = 0.011757
        m4 = 0.0233462
        Tb = 20002.1
        Ta = 47601
        Td = 8009.56
DiffEv reached_goal. cost=1.91301e-03 spread=2.83926e-06
Fitted parameter values
Free:
       pc1 = -1.67922
       pc2 = -3.86514
       pc3 = 2.63831
       pc4 = 1.95484
       pc5 = 1.51605
       pc6 = 1.60952
       pc7 = 1.03038
       pc8 = 0.0605639
       pc9 = 0.202364
      pc10 = 0.0308461
      pc11 = -0.0507462
      pc12 = 0.0345493
      pc13 = 0.0034582
      pc14 = 0.0299313
Constrained:
   Tgbecnw = 91833.9
     Tecnw = 22816
       Tnw = 14325.2
       Tec = 9914.11
     twoNb = 601059
     twoNc = 119875
    twoNec = 135010
    twoNnw = 49148.1
  twoNecnw = 74149.4
  twoNbecnw = 6043.53
  twoNgbecnw = 407895
         m = 0.0770374
        m2 = 0.0109612
        m4 = 0.0225645
        Tb = 16365.1
        Ta = 45782.5
        Td = 4957.06
#       SitePat  BranchLen
              b 124543.1529058
              e 49028.7765339
              c 50186.0605752
              n 45889.6945523
              w 45889.6945523
            b:e 2136.3418710
            b:c 2503.3490458
            b:n 1750.9247340
            b:w 1750.9247340
            e:c 10465.1180858
            e:n 5260.0256137
            e:w 5260.0256137
            c:n 5088.3656802
            c:w 5088.3656802
            n:w 12587.3962236
          b:e:c 2002.4142732
          b:e:n 1089.5958010
          b:e:w 1089.5958010
          b:c:n 1101.1970133
          b:c:w 1101.1970133
          b:n:w 1962.3416354
          e:c:n 4685.4802480
          e:c:w 4685.4802480
          e:n:w 6177.7929027
          c:n:w 5685.8497345
        b:e:c:n 2010.3361720
        b:e:c:w 2010.3361720
        b:e:n:w 3324.5498183
        b:c:n:w 2612.3190891
        e:c:n:w 51762.7071057
