########################################
# legofit: estimate population history #
#       version 2.3.4-4-g53f8760       #
########################################

# Program was compiled: Sep 21 2021 14:36:42
# Program was run: Sat Sep 25 12:25:40 2021

# cmd: legofit -1 -d 0 -t 32 --ptsPerDim 3 --stateOut b1boot0.state --tol 3e-6 -S 5000 abd2.lgo ../../boot/boot0.opf
# Stage nOptItr nSimReps
#     0    5000        0
# algorithm          : deterministic
# ignoring probs <=  : 0
# Branch length floor: 0
# DE strategy        : 2
#    F               : 0.3
#    CR              : 0.8
#    tolerance       : 3e-06
# nthreads           : 32
# lgo input file     : abd2.lgo
# site pat input file: ../../boot/boot0.opf
# free parameters    : 14
# points in DE swarm : 42
# output state file  : b1boot0.state
# Including singleton site patterns.
# cost function      : KL
Initial parameter values
Fixed:
      zero = 0
       one = 1
    Tbecnw = 75200
Free:
       pc1 = 0
       pc2 = 0
       pc3 = 0
       pc4 = 0
       pc5 = 0
       pc6 = 0
       pc7 = 0
       pc8 = 0
       pc9 = 0
      pc10 = 0
      pc11 = 0
      pc12 = 0
      pc13 = 0
      pc14 = 0
Constrained:
   Tgbecnw = 120895
     Tecnw = 23985
       Tnw = 15258.6
       Tec = 16019.1
     twoNb = 628157
     twoNc = 120341
    twoNec = 79381.8
    twoNnw = 51159
  twoNecnw = 78480.5
  twoNbecnw = 15991.1
  twoNgbecnw = 350322
         m = 0.0965118
        m2 = 0.011757
        m4 = 0.0233462
        Tb = 20002.1
        Ta = 47601
        Td = 8009.56
DiffEv reached_goal. cost=1.91027e-03 spread=2.40228e-06
Fitted parameter values
Free:
       pc1 = -0.956312
       pc2 = -3.98427
       pc3 = 3.23024
       pc4 = 1.78062
       pc5 = 0.144564
       pc6 = 1.12004
       pc7 = 0.891851
       pc8 = -0.049544
       pc9 = 0.237957
      pc10 = 0.0465493
      pc11 = -0.0626843
      pc12 = 0.0655088
      pc13 = 0.00133262
      pc14 = 0.0174954
Constrained:
   Tgbecnw = 91441.8
     Tecnw = 22824.1
       Tnw = 15365.6
       Tec = 10681.8
     twoNb = 629176
     twoNc = 169452
    twoNec = 126637
    twoNnw = 42443.3
  twoNecnw = 73877.5
  twoNbecnw = 5956.81
  twoNgbecnw = 400119
         m = 0.0784405
        m2 = 0.0102313
        m4 = 0.0233901
        Tb = 16752.9
        Ta = 45976.5
        Td = 5340.89
#       SitePat  BranchLen
              b 124541.1676542
              e 48987.7167803
              c 50195.1511734
              n 45853.1967131
              w 45853.1967131
            b:e 2129.2806543
            b:c 2503.1663454
            b:n 1748.0370611
            b:w 1748.0370611
            e:c 10450.2888993
            e:n 5245.2260496
            e:w 5245.2260496
            c:n 5067.9133135
            c:w 5067.9133135
            n:w 12571.4160074
          b:e:c 2008.8097263
          b:e:n 1086.5453675
          b:e:w 1086.5453675
          b:c:n 1098.2446079
          b:c:w 1098.2446079
          b:n:w 1968.6570844
          e:c:n 4681.5446145
          e:c:w 4681.5446145
          e:n:w 6204.2586452
          c:n:w 5694.1388841
        b:e:c:n 2005.2036703
        b:e:c:w 2005.2036703
        b:e:n:w 3332.9856177
        b:c:n:w 2593.0121526
        e:c:n:w 51802.7611104
