########################################
# legofit: estimate population history #
#       version 2.3.4-4-g53f8760       #
########################################

# Program was compiled: Sep 21 2021 14:36:42
# Program was run: Sat Sep 25 12:32:25 2021

# cmd: legofit -1 -d 0 -t 32 --ptsPerDim 3 --stateOut b1boot43.state --tol 3e-6 -S 5000 abd2.lgo ../../boot/boot43.opf
# Stage nOptItr nSimReps
#     0    5000        0
# algorithm          : deterministic
# ignoring probs <=  : 0
# Branch length floor: 0
# DE strategy        : 2
#    F               : 0.3
#    CR              : 0.8
#    tolerance       : 3e-06
# nthreads           : 32
# lgo input file     : abd2.lgo
# site pat input file: ../../boot/boot43.opf
# free parameters    : 14
# points in DE swarm : 42
# output state file  : b1boot43.state
# Including singleton site patterns.
# cost function      : KL
Initial parameter values
Fixed:
      zero = 0
       one = 1
    Tbecnw = 75200
Free:
       pc1 = 0
       pc2 = 0
       pc3 = 0
       pc4 = 0
       pc5 = 0
       pc6 = 0
       pc7 = 0
       pc8 = 0
       pc9 = 0
      pc10 = 0
      pc11 = 0
      pc12 = 0
      pc13 = 0
      pc14 = 0
Constrained:
   Tgbecnw = 120895
     Tecnw = 23985
       Tnw = 15258.6
       Tec = 16019.1
     twoNb = 628157
     twoNc = 120341
    twoNec = 79381.8
    twoNnw = 51159
  twoNecnw = 78480.5
  twoNbecnw = 15991.1
  twoNgbecnw = 350322
         m = 0.0965118
        m2 = 0.011757
        m4 = 0.0233462
        Tb = 20002.1
        Ta = 47601
        Td = 8009.56
DiffEv reached_goal. cost=1.93890e-03 spread=2.03595e-06
Fitted parameter values
Free:
       pc1 = 0.620731
       pc2 = -3.94647
       pc3 = 2.98541
       pc4 = 0.669176
       pc5 = 0.635657
       pc6 = 0.767591
       pc7 = 0.00862383
       pc8 = -0.0340411
       pc9 = -0.980921
      pc10 = 0.144314
      pc11 = 0.0331115
      pc12 = 0.0431687
      pc13 = 0.0273082
      pc14 = -0.0366164
Constrained:
   Tgbecnw = 93389.7
     Tecnw = 22460.9
       Tnw = 15874.5
       Tec = 14079.2
     twoNb = 674742
     twoNc = 72597.6
    twoNec = 85554.1
    twoNnw = 37778.1
  twoNecnw = 76450.6
  twoNbecnw = 6608.81
  twoNgbecnw = 400963
         m = 0.0794231
        m2 = 0.00974155
        m4 = 0.0233623
        Tb = 18270.1
        Ta = 46735
        Td = 7039.62
#       SitePat  BranchLen
              b 125065.5753907
              e 49293.9086801
              c 50521.2530396
              n 46147.8222890
              w 46147.8222890
            b:e 2132.2993446
            b:c 2488.4514043
            b:n 1770.7813630
            b:w 1770.7813630
            e:c 10480.0222843
            e:n 5303.3019547
            e:w 5303.3019547
            c:n 5125.4585760
            c:w 5125.4585760
            n:w 12652.9968324
          b:e:c 2030.1407721
          b:e:n 1097.8635105
          b:e:w 1097.8635105
          b:c:n 1108.8787670
          b:c:w 1108.8787670
          b:n:w 1992.8251806
          e:c:n 4717.2806430
          e:c:w 4717.2806430
          e:n:w 6185.4498198
          c:n:w 5687.5360305
        b:e:c:n 2034.1510328
        b:e:c:w 2034.1510328
        b:e:n:w 3354.5957674
        b:c:n:w 2602.6692443
        e:c:n:w 51908.2956920
