########################################
# legofit: estimate population history #
#       version 2.3.4-4-g53f8760       #
########################################

# Program was compiled: Sep 21 2021 14:36:42
# Program was run: Sat Sep 25 12:31:38 2021

# cmd: legofit -1 -d 0 -t 32 --ptsPerDim 3 --stateOut b1boot37.state --tol 3e-6 -S 5000 abd2.lgo ../../boot/boot37.opf
# Stage nOptItr nSimReps
#     0    5000        0
# algorithm          : deterministic
# ignoring probs <=  : 0
# Branch length floor: 0
# DE strategy        : 2
#    F               : 0.3
#    CR              : 0.8
#    tolerance       : 3e-06
# nthreads           : 32
# lgo input file     : abd2.lgo
# site pat input file: ../../boot/boot37.opf
# free parameters    : 14
# points in DE swarm : 42
# output state file  : b1boot37.state
# Including singleton site patterns.
# cost function      : KL
Initial parameter values
Fixed:
      zero = 0
       one = 1
    Tbecnw = 75200
Free:
       pc1 = 0
       pc2 = 0
       pc3 = 0
       pc4 = 0
       pc5 = 0
       pc6 = 0
       pc7 = 0
       pc8 = 0
       pc9 = 0
      pc10 = 0
      pc11 = 0
      pc12 = 0
      pc13 = 0
      pc14 = 0
Constrained:
   Tgbecnw = 120895
     Tecnw = 23985
       Tnw = 15258.6
       Tec = 16019.1
     twoNb = 628157
     twoNc = 120341
    twoNec = 79381.8
    twoNnw = 51159
  twoNecnw = 78480.5
  twoNbecnw = 15991.1
  twoNgbecnw = 350322
         m = 0.0965118
        m2 = 0.011757
        m4 = 0.0233462
        Tb = 20002.1
        Ta = 47601
        Td = 8009.56
DiffEv reached_goal. cost=1.93136e-03 spread=2.35576e-06
Fitted parameter values
Free:
       pc1 = -3.24743
       pc2 = -3.90349
       pc3 = 2.71271
       pc4 = 1.07532
       pc5 = 0.603015
       pc6 = 0.826992
       pc7 = 0.0936043
       pc8 = 0.503091
       pc9 = -0.540407
      pc10 = 0.0295076
      pc11 = 0.113157
      pc12 = 0.124096
      pc13 = -0.00568634
      pc14 = 0.00492293
Constrained:
   Tgbecnw = 87854.2
     Tecnw = 23018.6
       Tnw = 12183.2
       Tec = 10530.8
     twoNb = 711323
     twoNc = 97537.9
    twoNec = 128291
    twoNnw = 64447.9
  twoNecnw = 73140.3
  twoNbecnw = 4805.59
  twoNgbecnw = 374146
         m = 0.0861147
        m2 = 0.0114209
        m4 = 0.0232607
        Tb = 16774.7
        Ta = 45987.3
        Td = 5265.39
#       SitePat  BranchLen
              b 124640.7840139
              e 48910.1721111
              c 50127.5069055
              n 45770.5428017
              w 45770.5428017
            b:e 2114.4143505
            b:c 2474.8949452
            b:n 1747.6802411
            b:w 1747.6802411
            e:c 10373.5650981
            e:n 5227.4756864
            e:w 5227.4756864
            c:n 5052.2114052
            c:w 5052.2114052
            n:w 12542.5052496
          b:e:c 1982.7646957
          b:e:n 1086.1141569
          b:e:w 1086.1141569
          b:c:n 1097.1167462
          b:c:w 1097.1167462
          b:n:w 1946.9108920
          e:c:n 4679.1033680
          e:c:w 4679.1033680
          e:n:w 6121.3305252
          c:n:w 5617.8493024
        b:e:c:n 2007.7308503
        b:e:c:w 2007.7308503
        b:e:n:w 3352.3347059
        b:c:n:w 2606.5237624
        e:c:n:w 52140.4819808
