########################################
# legofit: estimate population history #
#       version 2.3.4-4-g53f8760       #
########################################

# Program was compiled: Sep 21 2021 14:36:42
# Program was run: Sat Sep 25 12:31:18 2021

# cmd: legofit -1 -d 0 -t 32 --ptsPerDim 3 --stateOut b1boot34.state --tol 3e-6 -S 5000 abd2.lgo ../../boot/boot34.opf
# Stage nOptItr nSimReps
#     0    5000        0
# algorithm          : deterministic
# ignoring probs <=  : 0
# Branch length floor: 0
# DE strategy        : 2
#    F               : 0.3
#    CR              : 0.8
#    tolerance       : 3e-06
# nthreads           : 32
# lgo input file     : abd2.lgo
# site pat input file: ../../boot/boot34.opf
# free parameters    : 14
# points in DE swarm : 42
# output state file  : b1boot34.state
# Including singleton site patterns.
# cost function      : KL
Initial parameter values
Fixed:
      zero = 0
       one = 1
    Tbecnw = 75200
Free:
       pc1 = 0
       pc2 = 0
       pc3 = 0
       pc4 = 0
       pc5 = 0
       pc6 = 0
       pc7 = 0
       pc8 = 0
       pc9 = 0
      pc10 = 0
      pc11 = 0
      pc12 = 0
      pc13 = 0
      pc14 = 0
Constrained:
   Tgbecnw = 120895
     Tecnw = 23985
       Tnw = 15258.6
       Tec = 16019.1
     twoNb = 628157
     twoNc = 120341
    twoNec = 79381.8
    twoNnw = 51159
  twoNecnw = 78480.5
  twoNbecnw = 15991.1
  twoNgbecnw = 350322
         m = 0.0965118
        m2 = 0.011757
        m4 = 0.0233462
        Tb = 20002.1
        Ta = 47601
        Td = 8009.56
DiffEv reached_goal. cost=1.91220e-03 spread=2.95843e-06
Fitted parameter values
Free:
       pc1 = -1.90158
       pc2 = -3.84216
       pc3 = 2.74271
       pc4 = 1.28102
       pc5 = 1.35642
       pc6 = 0.69301
       pc7 = -0.184696
       pc8 = -0.356949
       pc9 = 0.310491
      pc10 = 0.103627
      pc11 = 0.0109925
      pc12 = 0.0795521
      pc13 = -0.03997
      pc14 = 0.0629215
Constrained:
   Tgbecnw = 90505
     Tecnw = 23057.5
       Tnw = 14549.8
       Tec = 11342.7
     twoNb = 638295
     twoNc = 31753.4
    twoNec = 122384
    twoNnw = 48689.5
  twoNecnw = 72525.1
  twoNbecnw = 5723.97
  twoNgbecnw = 381188
         m = 0.0820943
        m2 = 0.0112519
        m4 = 0.0230324
        Tb = 17200.1
        Ta = 46200.1
        Td = 5671.36
#       SitePat  BranchLen
              b 124326.5687740
              e 48976.9642361
              c 50164.1595916
              n 45736.4237424
              w 45736.4237424
            b:e 2118.1600397
            b:c 2485.7047452
            b:n 1728.2974517
            b:w 1728.2974517
            e:c 10333.1184189
            e:n 5212.0267245
            e:w 5212.0267245
            c:n 5038.0692151
            c:w 5038.0692151
            n:w 12532.3808386
          b:e:c 1981.9771288
          b:e:n 1074.3610064
          b:e:w 1074.3610064
          b:c:n 1085.6040205
          b:c:w 1085.6040205
          b:n:w 1943.1799240
          e:c:n 4666.4537158
          e:c:w 4666.4537158
          e:n:w 6194.2619920
          c:n:w 5688.0736339
        b:e:c:n 1978.8088835
        b:e:c:w 1978.8088835
        b:e:n:w 3312.9642585
        b:c:n:w 2589.8414023
        e:c:n:w 51711.7924730
