########################################
# legofit: estimate population history #
#       version 2.3.4-4-g53f8760       #
########################################

# Program was compiled: Sep 21 2021 14:36:42
# Program was run: Sat Sep 25 12:28:12 2021

# cmd: legofit -1 -d 0 -t 32 --ptsPerDim 3 --stateOut b1boot18.state --tol 3e-6 -S 5000 abd2.lgo ../../boot/boot18.opf
# Stage nOptItr nSimReps
#     0    5000        0
# algorithm          : deterministic
# ignoring probs <=  : 0
# Branch length floor: 0
# DE strategy        : 2
#    F               : 0.3
#    CR              : 0.8
#    tolerance       : 3e-06
# nthreads           : 32
# lgo input file     : abd2.lgo
# site pat input file: ../../boot/boot18.opf
# free parameters    : 14
# points in DE swarm : 42
# output state file  : b1boot18.state
# Including singleton site patterns.
# cost function      : KL
Initial parameter values
Fixed:
      zero = 0
       one = 1
    Tbecnw = 75200
Free:
       pc1 = 0
       pc2 = 0
       pc3 = 0
       pc4 = 0
       pc5 = 0
       pc6 = 0
       pc7 = 0
       pc8 = 0
       pc9 = 0
      pc10 = 0
      pc11 = 0
      pc12 = 0
      pc13 = 0
      pc14 = 0
Constrained:
   Tgbecnw = 120895
     Tecnw = 23985
       Tnw = 15258.6
       Tec = 16019.1
     twoNb = 628157
     twoNc = 120341
    twoNec = 79381.8
    twoNnw = 51159
  twoNecnw = 78480.5
  twoNbecnw = 15991.1
  twoNgbecnw = 350322
         m = 0.0965118
        m2 = 0.011757
        m4 = 0.0233462
        Tb = 20002.1
        Ta = 47601
        Td = 8009.56
DiffEv reached_goal. cost=1.92437e-03 spread=2.67991e-06
Fitted parameter values
Free:
       pc1 = 0.00741863
       pc2 = -3.7141
       pc3 = 2.62607
       pc4 = 0.123323
       pc5 = 0.766532
       pc6 = 1.07318
       pc7 = 0.0345558
       pc8 = 0.016573
       pc9 = -0.25638
      pc10 = 0.0840579
      pc11 = 0.0580643
      pc12 = 0.0947462
      pc13 = 0.0133859
      pc14 = -0.00826535
Constrained:
   Tgbecnw = 92803.5
     Tecnw = 22581
       Tnw = 15831.4
       Tec = 13773.6
     twoNb = 653226
     twoNc = 89773.5
    twoNec = 89468.9
    twoNnw = 38851.4
  twoNecnw = 76292.7
  twoNbecnw = 6537.58
  twoNgbecnw = 377311
         m = 0.0858402
        m2 = 0.0107482
        m4 = 0.0231886
        Tb = 18177.3
        Ta = 46688.7
        Td = 6886.79
#       SitePat  BranchLen
              b 125390.4343381
              e 49382.5155020
              c 50596.7883083
              n 46228.4680987
              w 46228.4680987
            b:e 2135.1564106
            b:c 2498.3192672
            b:n 1761.3787733
            b:w 1761.3787733
            e:c 10479.9045842
            e:n 5291.2218500
            e:w 5291.2218500
            c:n 5114.9494855
            c:w 5114.9494855
            n:w 12635.5567208
          b:e:c 2019.4966887
          b:e:n 1092.0447913
          b:e:w 1092.0447913
          b:c:n 1102.8679971
          b:c:w 1102.8679971
          b:n:w 1982.8059825
          e:c:n 4707.9584187
          e:c:w 4707.9584187
          e:n:w 6187.7786803
          c:n:w 5686.8266299
        b:e:c:n 2023.1755696
        b:e:c:w 2023.1755696
        b:e:n:w 3364.2056596
        b:c:n:w 2618.6202055
        e:c:n:w 52170.1142589
