########################################
# legofit: estimate population history #
#       version 2.3.4-4-g53f8760       #
########################################

# Program was compiled: Sep 21 2021 14:36:42
# Program was run: Sat Sep 25 12:25:41 2021

# cmd: legofit -1 -d 0 -t 32 --ptsPerDim 3 --stateOut b1boot1.state --tol 3e-6 -S 5000 abd2.lgo ../../boot/boot1.opf
# Stage nOptItr nSimReps
#     0    5000        0
# algorithm          : deterministic
# ignoring probs <=  : 0
# Branch length floor: 0
# DE strategy        : 2
#    F               : 0.3
#    CR              : 0.8
#    tolerance       : 3e-06
# nthreads           : 32
# lgo input file     : abd2.lgo
# site pat input file: ../../boot/boot1.opf
# free parameters    : 14
# points in DE swarm : 42
# output state file  : b1boot1.state
# Including singleton site patterns.
# cost function      : KL
Initial parameter values
Fixed:
      zero = 0
       one = 1
    Tbecnw = 75200
Free:
       pc1 = 0
       pc2 = 0
       pc3 = 0
       pc4 = 0
       pc5 = 0
       pc6 = 0
       pc7 = 0
       pc8 = 0
       pc9 = 0
      pc10 = 0
      pc11 = 0
      pc12 = 0
      pc13 = 0
      pc14 = 0
Constrained:
   Tgbecnw = 120895
     Tecnw = 23985
       Tnw = 15258.6
       Tec = 16019.1
     twoNb = 628157
     twoNc = 120341
    twoNec = 79381.8
    twoNnw = 51159
  twoNecnw = 78480.5
  twoNbecnw = 15991.1
  twoNgbecnw = 350322
         m = 0.0965118
        m2 = 0.011757
        m4 = 0.0233462
        Tb = 20002.1
        Ta = 47601
        Td = 8009.56
DiffEv reached_goal. cost=1.90025e-03 spread=2.69057e-06
Fitted parameter values
Free:
       pc1 = -1.9946
       pc2 = -2.92328
       pc3 = 2.54433
       pc4 = 0.882569
       pc5 = 0.459723
       pc6 = 1.76254
       pc7 = 0.743923
       pc8 = 0.260555
       pc9 = 0.889147
      pc10 = 0.0333905
      pc11 = 0.0212152
      pc12 = 0.0938048
      pc13 = -0.00845004
      pc14 = 0.0380129
Constrained:
   Tgbecnw = 94123.1
     Tecnw = 23112.4
       Tnw = 14917
       Tec = 10370.2
     twoNb = 643826
     twoNc = 187484
    twoNec = 131856
    twoNnw = 47305.2
  twoNecnw = 74640.5
  twoNbecnw = 7172.38
  twoNgbecnw = 358320
         m = 0.0894122
        m2 = 0.0117811
        m4 = 0.0229123
        Tb = 16741.3
        Ta = 45970.7
        Td = 5185.12
#       SitePat  BranchLen
              b 125579.7108896
              e 49517.6504513
              c 50705.2127807
              n 46350.6097187
              w 46350.6097187
            b:e 2168.3984422
            b:c 2540.0905844
            b:n 1770.0655911
            b:w 1770.0655911
            e:c 10549.0104484
            e:n 5286.7362121
            e:w 5286.7362121
            c:n 5112.6314870
            c:w 5112.6314870
            n:w 12667.2218072
          b:e:c 2024.1297492
          b:e:n 1099.1895181
          b:e:w 1099.1895181
          b:c:n 1109.9191924
          b:c:w 1109.9191924
          b:n:w 1986.9390232
          e:c:n 4723.6973370
          e:c:w 4723.6973370
          e:n:w 6248.4193164
          c:n:w 5742.4702461
        b:e:c:n 2025.7938635
        b:e:c:w 2025.7938635
        b:e:n:w 3381.3045186
        b:c:n:w 2654.7490488
        e:c:n:w 52185.5120516
