########################################
# legofit: estimate population history #
#       version 2.3.4-4-g53f8760       #
########################################

# Program was compiled: Sep 21 2021 14:36:42
# Program was run: Sat Sep 25 12:27:42 2021

# cmd: legofit -1 -d 0 -t 32 --ptsPerDim 3 --stateOut b1boot14.state --tol 3e-6 -S 5000 abd2.lgo ../../boot/boot14.opf
# Stage nOptItr nSimReps
#     0    5000        0
# algorithm          : deterministic
# ignoring probs <=  : 0
# Branch length floor: 0
# DE strategy        : 2
#    F               : 0.3
#    CR              : 0.8
#    tolerance       : 3e-06
# nthreads           : 32
# lgo input file     : abd2.lgo
# site pat input file: ../../boot/boot14.opf
# free parameters    : 14
# points in DE swarm : 42
# output state file  : b1boot14.state
# Including singleton site patterns.
# cost function      : KL
Initial parameter values
Fixed:
      zero = 0
       one = 1
    Tbecnw = 75200
Free:
       pc1 = 0
       pc2 = 0
       pc3 = 0
       pc4 = 0
       pc5 = 0
       pc6 = 0
       pc7 = 0
       pc8 = 0
       pc9 = 0
      pc10 = 0
      pc11 = 0
      pc12 = 0
      pc13 = 0
      pc14 = 0
Constrained:
   Tgbecnw = 120895
     Tecnw = 23985
       Tnw = 15258.6
       Tec = 16019.1
     twoNb = 628157
     twoNc = 120341
    twoNec = 79381.8
    twoNnw = 51159
  twoNecnw = 78480.5
  twoNbecnw = 15991.1
  twoNgbecnw = 350322
         m = 0.0965118
        m2 = 0.011757
        m4 = 0.0233462
        Tb = 20002.1
        Ta = 47601
        Td = 8009.56
DiffEv reached_goal. cost=1.89324e-03 spread=2.82431e-06
Fitted parameter values
Free:
       pc1 = -1.47453
       pc2 = -3.9105
       pc3 = 2.74989
       pc4 = -0.223562
       pc5 = 0.424439
       pc6 = 0.206777
       pc7 = 0.63946
       pc8 = -0.221453
       pc9 = 0.0958163
      pc10 = 0.194628
      pc11 = -0.0747473
      pc12 = 0.162848
      pc13 = -0.0466582
      pc14 = -0.00703047
Constrained:
   Tgbecnw = 89520.6
     Tecnw = 22754
       Tnw = 14222.3
       Tec = 12441.9
     twoNb = 600196
     twoNc = 87013.7
    twoNec = 105072
    twoNnw = 49122.3
  twoNecnw = 74803.3
  twoNbecnw = 5588.22
  twoNgbecnw = 343795
         m = 0.0946213
        m2 = 0.0108994
        m4 = 0.0236749
        Tb = 17598
        Ta = 46399
        Td = 6220.96
#       SitePat  BranchLen
              b 125098.6261483
              e 49151.4574783
              c 50367.4816188
              n 45938.9551302
              w 45938.9551302
            b:e 2140.8232242
            b:c 2535.3459427
            b:n 1756.1243488
            b:w 1756.1243488
            e:c 10454.8710485
            e:n 5260.0773868
            e:w 5260.0773868
            c:n 5080.3386678
            c:w 5080.3386678
            n:w 12676.8919656
          b:e:c 2015.1185240
          b:e:n 1089.4651895
          b:e:w 1089.4651895
          b:c:n 1101.0075605
          b:c:w 1101.0075605
          b:n:w 1976.1836100
          e:c:n 4701.4736208
          e:c:w 4701.4736208
          e:n:w 6218.4145414
          c:n:w 5689.6348432
        b:e:c:n 2017.2109589
        b:e:c:w 2017.2109589
        b:e:n:w 3356.7360616
        b:c:n:w 2611.3614007
        e:c:n:w 52187.9361185
