########################################
# legofit: estimate population history #
#       version 2.3.4-4-g53f8760       #
########################################

# Program was compiled: Sep 21 2021 14:36:42
# Program was run: Sat Sep 25 12:26:49 2021

# cmd: legofit -1 -d 0 -t 32 --ptsPerDim 3 --stateOut b1boot9.state --tol 3e-6 -S 5000 abd2.lgo ../../boot/boot9.opf
# Stage nOptItr nSimReps
#     0    5000        0
# algorithm          : deterministic
# ignoring probs <=  : 0
# Branch length floor: 0
# DE strategy        : 2
#    F               : 0.3
#    CR              : 0.8
#    tolerance       : 3e-06
# nthreads           : 32
# lgo input file     : abd2.lgo
# site pat input file: ../../boot/boot9.opf
# free parameters    : 14
# points in DE swarm : 42
# output state file  : b1boot9.state
# Including singleton site patterns.
# cost function      : KL
Initial parameter values
Fixed:
      zero = 0
       one = 1
    Tbecnw = 75200
Free:
       pc1 = 0
       pc2 = 0
       pc3 = 0
       pc4 = 0
       pc5 = 0
       pc6 = 0
       pc7 = 0
       pc8 = 0
       pc9 = 0
      pc10 = 0
      pc11 = 0
      pc12 = 0
      pc13 = 0
      pc14 = 0
Constrained:
   Tgbecnw = 120895
     Tecnw = 23985
       Tnw = 15258.6
       Tec = 16019.1
     twoNb = 628157
     twoNc = 120341
    twoNec = 79381.8
    twoNnw = 51159
  twoNecnw = 78480.5
  twoNbecnw = 15991.1
  twoNgbecnw = 350322
         m = 0.0965118
        m2 = 0.011757
        m4 = 0.0233462
        Tb = 20002.1
        Ta = 47601
        Td = 8009.56
DiffEv reached_goal. cost=1.90667e-03 spread=2.98354e-06
Fitted parameter values
Free:
       pc1 = -2.47275
       pc2 = -3.92298
       pc3 = 2.9577
       pc4 = 1.88063
       pc5 = 1.89262
       pc6 = 1.99488
       pc7 = 0.712789
       pc8 = 0.128185
       pc9 = 0.106961
      pc10 = 0.0612556
      pc11 = 0.0638275
      pc12 = 0.0627773
      pc13 = -0.0217646
      pc14 = 0.0848049
Constrained:
   Tgbecnw = 88205.9
     Tecnw = 22830.1
       Tnw = 13810
       Tec = 9225.9
     twoNb = 644657
     twoNc = 96748.4
    twoNec = 144508
    twoNnw = 52241.9
  twoNecnw = 73611.7
  twoNbecnw = 4817.05
  twoNgbecnw = 397601
         m = 0.0786671
        m2 = 0.0112627
        m4 = 0.0222647
        Tb = 16028
        Ta = 45614
        Td = 4612.95
#       SitePat  BranchLen
              b 123753.5105672
              e 48873.9881118
              c 50013.0110844
              n 45680.6118582
              w 45680.6118582
            b:e 2125.3940400
            b:c 2477.7165547
            b:n 1736.7126110
            b:w 1736.7126110
            e:c 10374.5776635
            e:n 5224.9468344
            e:w 5224.9468344
            c:n 5057.1100244
            c:w 5057.1100244
            n:w 12529.8669721
          b:e:c 1987.5327980
          b:e:n 1084.7733837
          b:e:w 1084.7733837
          b:c:n 1096.0340400
          b:c:w 1096.0340400
          b:n:w 1947.3155484
          e:c:n 4640.2994554
          e:c:w 4640.2994554
          e:n:w 6131.5043166
          c:n:w 5651.9385160
        b:e:c:n 1998.8749884
        b:e:c:w 1998.8749884
        b:e:n:w 3309.4252808
        b:c:n:w 2610.7977734
        e:c:n:w 51344.2712637
