########################################
# legofit: estimate population history #
#       version 2.3.4-4-g53f8760       #
########################################

# Program was compiled: Sep 21 2021 14:36:42
# Program was run: Sat Sep 25 12:25:41 2021

# cmd: legofit -1 -d 0 -t 32 --ptsPerDim 3 --stateOut b1boot2.state --tol 3e-6 -S 5000 abd2.lgo ../../boot/boot2.opf
# Stage nOptItr nSimReps
#     0    5000        0
# algorithm          : deterministic
# ignoring probs <=  : 0
# Branch length floor: 0
# DE strategy        : 2
#    F               : 0.3
#    CR              : 0.8
#    tolerance       : 3e-06
# nthreads           : 32
# lgo input file     : abd2.lgo
# site pat input file: ../../boot/boot2.opf
# free parameters    : 14
# points in DE swarm : 42
# output state file  : b1boot2.state
# Including singleton site patterns.
# cost function      : KL
Initial parameter values
Fixed:
      zero = 0
       one = 1
    Tbecnw = 75200
Free:
       pc1 = 0
       pc2 = 0
       pc3 = 0
       pc4 = 0
       pc5 = 0
       pc6 = 0
       pc7 = 0
       pc8 = 0
       pc9 = 0
      pc10 = 0
      pc11 = 0
      pc12 = 0
      pc13 = 0
      pc14 = 0
Constrained:
   Tgbecnw = 120895
     Tecnw = 23985
       Tnw = 15258.6
       Tec = 16019.1
     twoNb = 628157
     twoNc = 120341
    twoNec = 79381.8
    twoNnw = 51159
  twoNecnw = 78480.5
  twoNbecnw = 15991.1
  twoNgbecnw = 350322
         m = 0.0965118
        m2 = 0.011757
        m4 = 0.0233462
        Tb = 20002.1
        Ta = 47601
        Td = 8009.56
DiffEv reached_goal. cost=1.91883e-03 spread=2.74839e-06
Fitted parameter values
Free:
       pc1 = -1.4115
       pc2 = -3.72992
       pc3 = 3.85836
       pc4 = 0.896953
       pc5 = -0.792313
       pc6 = 1.66998
       pc7 = -0.236615
       pc8 = 0.605213
       pc9 = -0.296728
      pc10 = 0.214633
      pc11 = -0.0876483
      pc12 = 0.123052
      pc13 = 0.000233583
      pc14 = 0.0126826
Constrained:
   Tgbecnw = 89001.2
     Tecnw = 22677.4
       Tnw = 15186.7
       Tec = 11286.1
     twoNb = 794566
     twoNc = 203265
    twoNec = 118077
    twoNnw = 43086.7
  twoNecnw = 73828
  twoNbecnw = 5270.42
  twoNgbecnw = 366587
         m = 0.0853994
        m2 = 0.010531
        m4 = 0.0236042
        Tb = 16981.8
        Ta = 46090.9
        Td = 5643.06
#       SitePat  BranchLen
              b 124072.7111785
              e 48853.3056975
              c 50092.9494844
              n 45742.4250707
              w 45742.4250707
            b:e 2118.3693426
            b:c 2466.5870309
            b:n 1748.6531592
            b:w 1748.6531592
            e:c 10415.6061069
            e:n 5248.5405866
            e:w 5248.5405866
            c:n 5070.5862014
            c:w 5070.5862014
            n:w 12520.9699155
          b:e:c 2001.1992935
          b:e:n 1086.8194370
          b:e:w 1086.8194370
          b:c:n 1097.3441205
          b:c:w 1097.3441205
          b:n:w 1964.9742625
          e:c:n 4690.6822683
          e:c:w 4690.6822683
          e:n:w 6187.1853358
          c:n:w 5681.8745721
        b:e:c:n 2005.4038000
        b:e:c:w 2005.4038000
        b:e:n:w 3340.7907767
        b:c:n:w 2593.0993069
        e:c:n:w 51454.8237181
