########################################
# legofit: estimate population history #
#       version 2.3.4-4-g53f8760       #
########################################

# Program was compiled: Sep 21 2021 14:36:42
# Program was run: Sat Sep 25 12:28:46 2021

# cmd: legofit -1 -d 0 -t 32 --ptsPerDim 3 --stateOut b1boot21.state --tol 3e-6 -S 5000 abd2.lgo ../../boot/boot21.opf
# Stage nOptItr nSimReps
#     0    5000        0
# algorithm          : deterministic
# ignoring probs <=  : 0
# Branch length floor: 0
# DE strategy        : 2
#    F               : 0.3
#    CR              : 0.8
#    tolerance       : 3e-06
# nthreads           : 32
# lgo input file     : abd2.lgo
# site pat input file: ../../boot/boot21.opf
# free parameters    : 14
# points in DE swarm : 42
# output state file  : b1boot21.state
# Including singleton site patterns.
# cost function      : KL
Initial parameter values
Fixed:
      zero = 0
       one = 1
    Tbecnw = 75200
Free:
       pc1 = 0
       pc2 = 0
       pc3 = 0
       pc4 = 0
       pc5 = 0
       pc6 = 0
       pc7 = 0
       pc8 = 0
       pc9 = 0
      pc10 = 0
      pc11 = 0
      pc12 = 0
      pc13 = 0
      pc14 = 0
Constrained:
   Tgbecnw = 120895
     Tecnw = 23985
       Tnw = 15258.6
       Tec = 16019.1
     twoNb = 628157
     twoNc = 120341
    twoNec = 79381.8
    twoNnw = 51159
  twoNecnw = 78480.5
  twoNbecnw = 15991.1
  twoNgbecnw = 350322
         m = 0.0965118
        m2 = 0.011757
        m4 = 0.0233462
        Tb = 20002.1
        Ta = 47601
        Td = 8009.56
DiffEv reached_goal. cost=1.89132e-03 spread=2.79352e-06
Fitted parameter values
Free:
       pc1 = -1.61237
       pc2 = -3.90524
       pc3 = 3.80787
       pc4 = 1.44517
       pc5 = 0.861435
       pc6 = 1.18371
       pc7 = -0.0210477
       pc8 = -0.176018
       pc9 = 0.0935414
      pc10 = 0.0960248
      pc11 = 0.0352777
      pc12 = 0.113579
      pc13 = -0.0291709
      pc14 = 0.0513338
Constrained:
   Tgbecnw = 87820.9
     Tecnw = 22868
       Tnw = 15278.8
       Tec = 10388.4
     twoNb = 696085
     twoNc = 77366.9
    twoNec = 131049
    twoNnw = 42928.9
  twoNecnw = 73078
  twoNbecnw = 4774.65
  twoNgbecnw = 382186
         m = 0.0822945
        m2 = 0.0105193
        m4 = 0.0231212
        Tb = 16628.2
        Ta = 45914.1
        Td = 5194.19
#       SitePat  BranchLen
              b 124129.5116345
              e 48836.4540193
              c 50035.5910415
              n 45653.7171516
              w 45653.7171516
            b:e 2133.7849674
            b:c 2493.0105033
            b:n 1746.1649244
            b:w 1746.1649244
            e:c 10386.4355675
            e:n 5209.7283813
            e:w 5209.7283813
            c:n 5036.1556590
            c:w 5036.1556590
            n:w 12525.8457241
          b:e:c 2011.8543353
          b:e:n 1087.6427006
          b:e:w 1087.6427006
          b:c:n 1098.8657277
          b:c:w 1098.8657277
          b:n:w 1971.9238165
          e:c:n 4656.9730272
          e:c:w 4656.9730272
          e:n:w 6190.2965779
          c:n:w 5688.1605627
        b:e:c:n 2005.7019012
        b:e:c:w 2005.7019012
        b:e:n:w 3339.2687029
        b:c:n:w 2607.7414040
        e:c:n:w 51745.6598897
