########################################
# legofit: estimate population history #
#       version 2.3.4-4-g53f8760       #
########################################

# Program was compiled: Sep 21 2021 14:36:42
# Program was run: Sat Sep 25 12:29:21 2021

# cmd: legofit -1 -d 0 -t 32 --ptsPerDim 3 --stateOut b1boot24.state --tol 3e-6 -S 5000 abd2.lgo ../../boot/boot24.opf
# Stage nOptItr nSimReps
#     0    5000        0
# algorithm          : deterministic
# ignoring probs <=  : 0
# Branch length floor: 0
# DE strategy        : 2
#    F               : 0.3
#    CR              : 0.8
#    tolerance       : 3e-06
# nthreads           : 32
# lgo input file     : abd2.lgo
# site pat input file: ../../boot/boot24.opf
# free parameters    : 14
# points in DE swarm : 42
# output state file  : b1boot24.state
# Including singleton site patterns.
# cost function      : KL
Initial parameter values
Fixed:
      zero = 0
       one = 1
    Tbecnw = 75200
Free:
       pc1 = 0
       pc2 = 0
       pc3 = 0
       pc4 = 0
       pc5 = 0
       pc6 = 0
       pc7 = 0
       pc8 = 0
       pc9 = 0
      pc10 = 0
      pc11 = 0
      pc12 = 0
      pc13 = 0
      pc14 = 0
Constrained:
   Tgbecnw = 120895
     Tecnw = 23985
       Tnw = 15258.6
       Tec = 16019.1
     twoNb = 628157
     twoNc = 120341
    twoNec = 79381.8
    twoNnw = 51159
  twoNecnw = 78480.5
  twoNbecnw = 15991.1
  twoNgbecnw = 350322
         m = 0.0965118
        m2 = 0.011757
        m4 = 0.0233462
        Tb = 20002.1
        Ta = 47601
        Td = 8009.56
DiffEv reached_goal. cost=1.92328e-03 spread=2.30807e-06
Fitted parameter values
Free:
       pc1 = -3.08295
       pc2 = -3.98727
       pc3 = 2.16584
       pc4 = 1.8302
       pc5 = 0.0225849
       pc6 = 1.27633
       pc7 = 1.40518
       pc8 = 0.423641
       pc9 = -0.339992
      pc10 = 0.0235635
      pc11 = 0.10243
      pc12 = 0.0647501
      pc13 = 0.0158758
      pc14 = 0.0301887
Constrained:
   Tgbecnw = 90011.3
     Tecnw = 23085.6
       Tnw = 11936.9
       Tec = 9963.07
     twoNb = 631196
     twoNc = 221230
    twoNec = 137131
    twoNnw = 66428
  twoNecnw = 73480.1
  twoNbecnw = 5479.16
  twoNgbecnw = 393191
         m = 0.0806672
        m2 = 0.0110374
        m4 = 0.0231637
        Tb = 16524.3
        Ta = 45862.2
        Td = 4981.53
#       SitePat  BranchLen
              b 124480.6567422
              e 49054.0068331
              c 50246.8422195
              n 45891.0228150
              w 45891.0228150
            b:e 2119.8549504
            b:c 2491.5160354
            b:n 1750.3057652
            b:w 1750.3057652
            e:c 10377.2567342
            e:n 5248.8178561
            e:w 5248.8178561
            c:n 5073.2866497
            c:w 5073.2866497
            n:w 12576.6698556
          b:e:c 1983.1257681
          b:e:n 1089.7562630
          b:e:w 1089.7562630
          b:c:n 1101.3973738
          b:c:w 1101.3973738
          b:n:w 1944.8853983
          e:c:n 4678.1873469
          e:c:w 4678.1873469
          e:n:w 6127.5772911
          c:n:w 5624.8604864
        b:e:c:n 2010.8684507
        b:e:c:w 2010.8684507
        b:e:n:w 3333.4455443
        b:c:n:w 2599.4459292
        e:c:n:w 51807.0593217
