########################################
# legofit: estimate population history #
#       version 2.3.4-4-g53f8760       #
########################################

# Program was compiled: Sep 21 2021 14:36:42
# Program was run: Sat Sep 25 12:29:27 2021

# cmd: legofit -1 -d 0 -t 32 --ptsPerDim 3 --stateOut b1boot25.state --tol 3e-6 -S 5000 abd2.lgo ../../boot/boot25.opf
# Stage nOptItr nSimReps
#     0    5000        0
# algorithm          : deterministic
# ignoring probs <=  : 0
# Branch length floor: 0
# DE strategy        : 2
#    F               : 0.3
#    CR              : 0.8
#    tolerance       : 3e-06
# nthreads           : 32
# lgo input file     : abd2.lgo
# site pat input file: ../../boot/boot25.opf
# free parameters    : 14
# points in DE swarm : 42
# output state file  : b1boot25.state
# Including singleton site patterns.
# cost function      : KL
Initial parameter values
Fixed:
      zero = 0
       one = 1
    Tbecnw = 75200
Free:
       pc1 = 0
       pc2 = 0
       pc3 = 0
       pc4 = 0
       pc5 = 0
       pc6 = 0
       pc7 = 0
       pc8 = 0
       pc9 = 0
      pc10 = 0
      pc11 = 0
      pc12 = 0
      pc13 = 0
      pc14 = 0
Constrained:
   Tgbecnw = 120895
     Tecnw = 23985
       Tnw = 15258.6
       Tec = 16019.1
     twoNb = 628157
     twoNc = 120341
    twoNec = 79381.8
    twoNnw = 51159
  twoNecnw = 78480.5
  twoNbecnw = 15991.1
  twoNgbecnw = 350322
         m = 0.0965118
        m2 = 0.011757
        m4 = 0.0233462
        Tb = 20002.1
        Ta = 47601
        Td = 8009.56
DiffEv reached_goal. cost=1.91141e-03 spread=1.34886e-06
Fitted parameter values
Free:
       pc1 = -1.83189
       pc2 = -3.98843
       pc3 = 2.7955
       pc4 = 1.14849
       pc5 = -0.0735549
       pc6 = 0.580287
       pc7 = 0.229702
       pc8 = 0.842697
       pc9 = -0.352469
      pc10 = 0.0164048
      pc11 = 0.0618871
      pc12 = 0.0552864
      pc13 = -0.0610264
      pc14 = 0.00882792
Constrained:
   Tgbecnw = 91069.1
     Tecnw = 22798.8
       Tnw = 13453.9
       Tec = 11399.2
     twoNb = 700650
     twoNc = 139175
    twoNec = 117938
    twoNnw = 53893.5
  twoNecnw = 74351.9
  twoNbecnw = 5846.85
  twoNgbecnw = 390059
         m = 0.0809879
        m2 = 0.0110653
        m4 = 0.023778
        Tb = 17099
        Ta = 46149.5
        Td = 5699.59
#       SitePat  BranchLen
              b 124394.3991005
              e 49080.1357709
              c 50320.5823831
              n 45803.6661989
              w 45803.6661989
            b:e 2108.2479263
            b:c 2469.9283386
            b:n 1732.9983118
            b:w 1732.9983118
            e:c 10405.5018879
            e:n 5243.2834810
            e:w 5243.2834810
            c:n 5063.7680967
            c:w 5063.7680967
            n:w 12669.4009076
          b:e:c 1984.7358725
          b:e:n 1077.4641830
          b:e:w 1077.4641830
          b:c:n 1088.5350558
          b:c:w 1088.5350558
          b:n:w 1947.5004015
          e:c:n 4662.3133337
          e:c:w 4662.3133337
          e:n:w 6160.7639586
          c:n:w 5652.7451798
        b:e:c:n 1989.3619148
        b:e:c:w 1989.3619148
        b:e:n:w 3349.6496579
        b:c:n:w 2592.4302897
        e:c:n:w 51589.7298283
