########################################
# legofit: estimate population history #
#       version 2.3.4-4-g53f8760       #
########################################

# Program was compiled: Sep 21 2021 14:36:42
# Program was run: Sat Sep 25 12:30:49 2021

# cmd: legofit -1 -d 0 -t 32 --ptsPerDim 3 --stateOut b1boot33.state --tol 3e-6 -S 5000 abd2.lgo ../../boot/boot33.opf
# Stage nOptItr nSimReps
#     0    5000        0
# algorithm          : deterministic
# ignoring probs <=  : 0
# Branch length floor: 0
# DE strategy        : 2
#    F               : 0.3
#    CR              : 0.8
#    tolerance       : 3e-06
# nthreads           : 32
# lgo input file     : abd2.lgo
# site pat input file: ../../boot/boot33.opf
# free parameters    : 14
# points in DE swarm : 42
# output state file  : b1boot33.state
# Including singleton site patterns.
# cost function      : KL
Initial parameter values
Fixed:
      zero = 0
       one = 1
    Tbecnw = 75200
Free:
       pc1 = 0
       pc2 = 0
       pc3 = 0
       pc4 = 0
       pc5 = 0
       pc6 = 0
       pc7 = 0
       pc8 = 0
       pc9 = 0
      pc10 = 0
      pc11 = 0
      pc12 = 0
      pc13 = 0
      pc14 = 0
Constrained:
   Tgbecnw = 120895
     Tecnw = 23985
       Tnw = 15258.6
       Tec = 16019.1
     twoNb = 628157
     twoNc = 120341
    twoNec = 79381.8
    twoNnw = 51159
  twoNecnw = 78480.5
  twoNbecnw = 15991.1
  twoNgbecnw = 350322
         m = 0.0965118
        m2 = 0.011757
        m4 = 0.0233462
        Tb = 20002.1
        Ta = 47601
        Td = 8009.56
DiffEv reached_goal. cost=1.88492e-03 spread=2.67008e-06
Fitted parameter values
Free:
       pc1 = -0.225136
       pc2 = -3.98325
       pc3 = 3.29078
       pc4 = 1.07712
       pc5 = 0.353346
       pc6 = 1.03322
       pc7 = 0.628133
       pc8 = -0.164185
       pc9 = 0.0253776
      pc10 = 0.0214013
      pc11 = -0.00989526
      pc12 = 0.0988096
      pc13 = 0.00444229
      pc14 = 0.00732205
Constrained:
   Tgbecnw = 91115.9
     Tecnw = 22661.5
       Tnw = 16029.9
       Tec = 11970.5
     twoNb = 633230
     twoNc = 132831
    twoNec = 110762
    twoNnw = 37512.7
  twoNecnw = 75071.3
  twoNbecnw = 5861.47
  twoNgbecnw = 392767
         m = 0.0819839
        m2 = 0.010097
        m4 = 0.0233922
        Tb = 17316
        Ta = 46258
        Td = 5985.25
#       SitePat  BranchLen
              b 125037.4617735
              e 49110.2356399
              c 50327.9476571
              n 45951.1315707
              w 45951.1315707
            b:e 2123.5135535
            b:c 2495.8745104
            b:n 1743.7437766
            b:w 1743.7437766
            e:c 10448.5608288
            e:n 5249.6539094
            e:w 5249.6539094
            c:n 5072.6387311
            c:w 5072.6387311
            n:w 12590.7296800
          b:e:c 2010.0149355
          b:e:n 1083.8140615
          b:e:w 1083.8140615
          b:c:n 1095.2378983
          b:c:w 1095.2378983
          b:n:w 1970.4655932
          e:c:n 4668.2445340
          e:c:w 4668.2445340
          e:n:w 6189.5595629
          c:n:w 5681.2219562
        b:e:c:n 2003.8287892
        b:e:c:w 2003.8287892
        b:e:n:w 3343.2499427
        b:c:n:w 2592.6971124
        e:c:n:w 52190.3096268
