########################################
# legofit: estimate population history #
#       version 2.3.4-4-g53f8760       #
########################################

# Program was compiled: Sep 21 2021 14:36:42
# Program was run: Sat Sep 25 12:28:20 2021

# cmd: legofit -1 -d 0 -t 32 --ptsPerDim 3 --stateOut b1boot19.state --tol 3e-6 -S 5000 abd2.lgo ../../boot/boot19.opf
# Stage nOptItr nSimReps
#     0    5000        0
# algorithm          : deterministic
# ignoring probs <=  : 0
# Branch length floor: 0
# DE strategy        : 2
#    F               : 0.3
#    CR              : 0.8
#    tolerance       : 3e-06
# nthreads           : 32
# lgo input file     : abd2.lgo
# site pat input file: ../../boot/boot19.opf
# free parameters    : 14
# points in DE swarm : 42
# output state file  : b1boot19.state
# Including singleton site patterns.
# cost function      : KL
Initial parameter values
Fixed:
      zero = 0
       one = 1
    Tbecnw = 75200
Free:
       pc1 = 0
       pc2 = 0
       pc3 = 0
       pc4 = 0
       pc5 = 0
       pc6 = 0
       pc7 = 0
       pc8 = 0
       pc9 = 0
      pc10 = 0
      pc11 = 0
      pc12 = 0
      pc13 = 0
      pc14 = 0
Constrained:
   Tgbecnw = 120895
     Tecnw = 23985
       Tnw = 15258.6
       Tec = 16019.1
     twoNb = 628157
     twoNc = 120341
    twoNec = 79381.8
    twoNnw = 51159
  twoNecnw = 78480.5
  twoNbecnw = 15991.1
  twoNgbecnw = 350322
         m = 0.0965118
        m2 = 0.011757
        m4 = 0.0233462
        Tb = 20002.1
        Ta = 47601
        Td = 8009.56
DiffEv reached_goal. cost=1.91320e-03 spread=2.17713e-06
Fitted parameter values
Free:
       pc1 = -0.193746
       pc2 = -3.92326
       pc3 = 3.71543
       pc4 = 0.137384
       pc5 = -0.148477
       pc6 = 0.407585
       pc7 = -0.702098
       pc8 = 0.376765
       pc9 = -0.688909
      pc10 = 0.169562
      pc11 = -0.0346602
      pc12 = 0.115716
      pc13 = -0.0203332
      pc14 = -0.0383851
Constrained:
   Tgbecnw = 90363
     Tecnw = 22492.7
       Tnw = 15719.9
       Tec = 13434.9
     twoNb = 757661
     twoNc = 71822.2
    twoNec = 91440.3
    twoNnw = 38410.7
  twoNecnw = 75251.5
  twoNbecnw = 5721.35
  twoNgbecnw = 370546
         m = 0.086407
        m2 = 0.0102088
        m4 = 0.0239906
        Tb = 17963.8
        Ta = 46581.9
        Td = 6717.46
#       SitePat  BranchLen
              b 124771.9371739
              e 49018.3648133
              c 50287.0437159
              n 45855.4609226
              w 45855.4609226
            b:e 2113.3413301
            b:c 2470.1902833
            b:n 1747.7117244
            b:w 1747.7117244
            e:c 10466.8563977
            e:n 5254.0382077
            e:w 5254.0382077
            c:n 5072.9186675
            c:w 5072.9186675
            n:w 12636.1268131
          b:e:c 2012.7203644
          b:e:n 1082.2962363
          b:e:w 1082.2962363
          b:c:n 1092.9085903
          b:c:w 1092.9085903
          b:n:w 1976.7692427
          e:c:n 4693.8354423
          e:c:w 4693.8354423
          e:n:w 6191.4110555
          c:n:w 5677.8497215
        b:e:c:n 2006.0879095
        b:e:c:w 2006.0879095
        b:e:n:w 3358.7474125
        b:c:n:w 2587.7950949
        e:c:n:w 51915.5530934
