########################################
# legofit: estimate population history #
#       version 2.3.4-4-g53f8760       #
########################################

# Program was compiled: Sep 21 2021 14:36:42
# Program was run: Sat Sep 25 12:30:08 2021

# cmd: legofit -1 -d 0 -t 32 --ptsPerDim 3 --stateOut b1boot29.state --tol 3e-6 -S 5000 abd2.lgo ../../boot/boot29.opf
# Stage nOptItr nSimReps
#     0    5000        0
# algorithm          : deterministic
# ignoring probs <=  : 0
# Branch length floor: 0
# DE strategy        : 2
#    F               : 0.3
#    CR              : 0.8
#    tolerance       : 3e-06
# nthreads           : 32
# lgo input file     : abd2.lgo
# site pat input file: ../../boot/boot29.opf
# free parameters    : 14
# points in DE swarm : 42
# output state file  : b1boot29.state
# Including singleton site patterns.
# cost function      : KL
Initial parameter values
Fixed:
      zero = 0
       one = 1
    Tbecnw = 75200
Free:
       pc1 = 0
       pc2 = 0
       pc3 = 0
       pc4 = 0
       pc5 = 0
       pc6 = 0
       pc7 = 0
       pc8 = 0
       pc9 = 0
      pc10 = 0
      pc11 = 0
      pc12 = 0
      pc13 = 0
      pc14 = 0
Constrained:
   Tgbecnw = 120895
     Tecnw = 23985
       Tnw = 15258.6
       Tec = 16019.1
     twoNb = 628157
     twoNc = 120341
    twoNec = 79381.8
    twoNnw = 51159
  twoNecnw = 78480.5
  twoNbecnw = 15991.1
  twoNgbecnw = 350322
         m = 0.0965118
        m2 = 0.011757
        m4 = 0.0233462
        Tb = 20002.1
        Ta = 47601
        Td = 8009.56
DiffEv reached_goal. cost=1.92106e-03 spread=2.56891e-06
Fitted parameter values
Free:
       pc1 = -2.47525
       pc2 = -3.81662
       pc3 = 3.42443
       pc4 = 1.66651
       pc5 = 0.3938
       pc6 = 0.563354
       pc7 = 0.470606
       pc8 = -0.150639
       pc9 = 0.303793
      pc10 = 0.142426
      pc11 = -0.0521657
      pc12 = 0.106175
      pc13 = -0.0342296
      pc14 = 0.0185963
Constrained:
   Tgbecnw = 89355.4
     Tecnw = 23112.1
       Tnw = 14053.7
       Tec = 9611.07
     twoNb = 655526
     twoNc = 104514
    twoNec = 140261
    twoNnw = 51997
  twoNecnw = 72159.6
  twoNbecnw = 5350.84
  twoNgbecnw = 374755
         m = 0.0836144
        m2 = 0.010687
        m4 = 0.0234937
        Tb = 16361.6
        Ta = 45780.8
        Td = 4805.54
#       SitePat  BranchLen
              b 124212.3521336
              e 48797.3171166
              c 50007.6457652
              n 45667.8185774
              w 45667.8185774
            b:e 2107.6471825
            b:c 2483.0777563
            b:n 1728.2132695
            b:w 1728.2132695
            e:c 10400.8146143
            e:n 5199.9001512
            e:w 5199.9001512
            c:n 5022.7542877
            c:w 5022.7542877
            n:w 12525.7034388
          b:e:c 1979.4999190
          b:e:n 1073.1818192
          b:e:w 1073.1818192
          b:c:n 1084.6241555
          b:c:w 1084.6241555
          b:n:w 1940.8699566
          e:c:n 4666.0504927
          e:c:w 4666.0504927
          e:n:w 6182.0981427
          c:n:w 5664.9532751
        b:e:c:n 1978.8341362
        b:e:c:w 1978.8341362
        b:e:n:w 3305.5159978
        b:c:n:w 2568.3085445
        e:c:n:w 51718.1522982
