########################################
# legofit: estimate population history #
#       version 2.3.4-4-g53f8760       #
########################################

# Program was compiled: Sep 21 2021 14:36:42
# Program was run: Sat Sep 25 12:28:02 2021

# cmd: legofit -1 -d 0 -t 32 --ptsPerDim 3 --stateOut b1boot16.state --tol 3e-6 -S 5000 abd2.lgo ../../boot/boot16.opf
# Stage nOptItr nSimReps
#     0    5000        0
# algorithm          : deterministic
# ignoring probs <=  : 0
# Branch length floor: 0
# DE strategy        : 2
#    F               : 0.3
#    CR              : 0.8
#    tolerance       : 3e-06
# nthreads           : 32
# lgo input file     : abd2.lgo
# site pat input file: ../../boot/boot16.opf
# free parameters    : 14
# points in DE swarm : 42
# output state file  : b1boot16.state
# Including singleton site patterns.
# cost function      : KL
Initial parameter values
Fixed:
      zero = 0
       one = 1
    Tbecnw = 75200
Free:
       pc1 = 0
       pc2 = 0
       pc3 = 0
       pc4 = 0
       pc5 = 0
       pc6 = 0
       pc7 = 0
       pc8 = 0
       pc9 = 0
      pc10 = 0
      pc11 = 0
      pc12 = 0
      pc13 = 0
      pc14 = 0
Constrained:
   Tgbecnw = 120895
     Tecnw = 23985
       Tnw = 15258.6
       Tec = 16019.1
     twoNb = 628157
     twoNc = 120341
    twoNec = 79381.8
    twoNnw = 51159
  twoNecnw = 78480.5
  twoNbecnw = 15991.1
  twoNgbecnw = 350322
         m = 0.0965118
        m2 = 0.011757
        m4 = 0.0233462
        Tb = 20002.1
        Ta = 47601
        Td = 8009.56
DiffEv reached_goal. cost=1.87469e-03 spread=2.85567e-06
Fitted parameter values
Free:
       pc1 = -0.915401
       pc2 = -3.37111
       pc3 = 1.74269
       pc4 = 0.78868
       pc5 = 1.66576
       pc6 = 1.2065
       pc7 = -0.119289
       pc8 = -0.205355
       pc9 = 0.131184
      pc10 = 0.073604
      pc11 = 0.0153667
      pc12 = 0.036472
      pc13 = 0.000428926
      pc14 = 0.00329568
Constrained:
   Tgbecnw = 95897
     Tecnw = 22956.5
       Tnw = 14992.8
       Tec = 13107.8
     twoNb = 616287
     twoNc = 52129.1
    twoNec = 100113
    twoNnw = 46004.4
  twoNecnw = 74737.4
  twoNbecnw = 7584.34
  twoNgbecnw = 386736
         m = 0.0822516
        m2 = 0.0115983
        m4 = 0.0225985
        Tb = 18032.1
        Ta = 46616.1
        Td = 6553.9
#       SitePat  BranchLen
              b 125680.5317983
              e 49490.7017543
              c 50668.2769716
              n 46278.8587753
              w 46278.8587753
            b:e 2159.7785603
            b:c 2523.7531754
            b:n 1771.8398677
            b:w 1771.8398677
            e:c 10498.9777782
            e:n 5292.4318255
            e:w 5292.4318255
            c:n 5119.7788627
            c:w 5119.7788627
            n:w 12682.1259798
          b:e:c 2025.6864615
          b:e:n 1096.4225539
          b:e:w 1096.4225539
          b:c:n 1107.2958395
          b:c:w 1107.2958395
          b:n:w 1988.9657268
          e:c:n 4745.5615693
          e:c:w 4745.5615693
          e:n:w 6238.5200948
          c:n:w 5741.6247331
        b:e:c:n 2025.9474708
        b:e:c:w 2025.9474708
        b:e:n:w 3366.1135238
        b:c:n:w 2645.0182659
        e:c:n:w 52292.3541746
