########################################
# legofit: estimate population history #
#       version 2.3.4-4-g53f8760       #
########################################

# Program was compiled: Sep 21 2021 14:36:42
# Program was run: Sat Sep 25 12:32:47 2021

# cmd: legofit -1 -d 0 -t 32 --ptsPerDim 3 --stateOut b1boot44.state --tol 3e-6 -S 5000 abd2.lgo ../../boot/boot44.opf
# Stage nOptItr nSimReps
#     0    5000        0
# algorithm          : deterministic
# ignoring probs <=  : 0
# Branch length floor: 0
# DE strategy        : 2
#    F               : 0.3
#    CR              : 0.8
#    tolerance       : 3e-06
# nthreads           : 32
# lgo input file     : abd2.lgo
# site pat input file: ../../boot/boot44.opf
# free parameters    : 14
# points in DE swarm : 42
# output state file  : b1boot44.state
# Including singleton site patterns.
# cost function      : KL
Initial parameter values
Fixed:
      zero = 0
       one = 1
    Tbecnw = 75200
Free:
       pc1 = 0
       pc2 = 0
       pc3 = 0
       pc4 = 0
       pc5 = 0
       pc6 = 0
       pc7 = 0
       pc8 = 0
       pc9 = 0
      pc10 = 0
      pc11 = 0
      pc12 = 0
      pc13 = 0
      pc14 = 0
Constrained:
   Tgbecnw = 120895
     Tecnw = 23985
       Tnw = 15258.6
       Tec = 16019.1
     twoNb = 628157
     twoNc = 120341
    twoNec = 79381.8
    twoNnw = 51159
  twoNecnw = 78480.5
  twoNbecnw = 15991.1
  twoNgbecnw = 350322
         m = 0.0965118
        m2 = 0.011757
        m4 = 0.0233462
        Tb = 20002.1
        Ta = 47601
        Td = 8009.56
DiffEv reached_goal. cost=1.91092e-03 spread=2.65460e-06
Fitted parameter values
Free:
       pc1 = -2.76654
       pc2 = -3.98361
       pc3 = 2.40408
       pc4 = 0.945441
       pc5 = 0.721865
       pc6 = 0.804651
       pc7 = 0.112937
       pc8 = 0.921118
       pc9 = 0.587745
      pc10 = 0.0504892
      pc11 = -0.0902768
      pc12 = 0.0815394
      pc13 = -0.0255068
      pc14 = 0.0593652
Constrained:
   Tgbecnw = 90215.3
     Tecnw = 22826.7
       Tnw = 13231.8
       Tec = 10369.7
     twoNb = 662546
     twoNc = 109383
    twoNec = 128956
    twoNnw = 56591.3
  twoNecnw = 73164.6
  twoNbecnw = 5657.81
  twoNgbecnw = 373985
         m = 0.0838717
        m2 = 0.0123816
        m4 = 0.0234134
        Tb = 16598.2
        Ta = 45899.1
        Td = 5184.84
#       SitePat  BranchLen
              b 124248.5078431
              e 48896.7521020
              c 50106.3069054
              n 45722.5662540
              w 45722.5662540
            b:e 2126.6313504
            b:c 2496.3753719
            b:n 1739.1131021
            b:w 1739.1131021
            e:c 10395.4070324
            e:n 5254.5531976
            e:w 5254.5531976
            c:n 5076.6491386
            c:w 5076.6491386
            n:w 12549.0406354
          b:e:c 1978.3153460
          b:e:n 1081.4645717
          b:e:w 1081.4645717
          b:c:n 1092.7278244
          b:c:w 1092.7278244
          b:n:w 1940.9701399
          e:c:n 4694.6078325
          e:c:w 4694.6078325
          e:n:w 6190.4857511
          c:n:w 5679.0946372
        b:e:c:n 1993.5484073
        b:e:c:w 1993.5484073
        b:e:n:w 3355.7444456
        b:c:n:w 2621.1181942
        e:c:n:w 51589.6866857
