########################################
# legofit: estimate population history #
#       version 2.3.4-4-g53f8760       #
########################################

# Program was compiled: Sep 21 2021 14:36:42
# Program was run: Sat Sep 25 12:31:51 2021

# cmd: legofit -1 -d 0 -t 32 --ptsPerDim 3 --stateOut b1boot39.state --tol 3e-6 -S 5000 abd2.lgo ../../boot/boot39.opf
# Stage nOptItr nSimReps
#     0    5000        0
# algorithm          : deterministic
# ignoring probs <=  : 0
# Branch length floor: 0
# DE strategy        : 2
#    F               : 0.3
#    CR              : 0.8
#    tolerance       : 3e-06
# nthreads           : 32
# lgo input file     : abd2.lgo
# site pat input file: ../../boot/boot39.opf
# free parameters    : 14
# points in DE swarm : 42
# output state file  : b1boot39.state
# Including singleton site patterns.
# cost function      : KL
Initial parameter values
Fixed:
      zero = 0
       one = 1
    Tbecnw = 75200
Free:
       pc1 = 0
       pc2 = 0
       pc3 = 0
       pc4 = 0
       pc5 = 0
       pc6 = 0
       pc7 = 0
       pc8 = 0
       pc9 = 0
      pc10 = 0
      pc11 = 0
      pc12 = 0
      pc13 = 0
      pc14 = 0
Constrained:
   Tgbecnw = 120895
     Tecnw = 23985
       Tnw = 15258.6
       Tec = 16019.1
     twoNb = 628157
     twoNc = 120341
    twoNec = 79381.8
    twoNnw = 51159
  twoNecnw = 78480.5
  twoNbecnw = 15991.1
  twoNgbecnw = 350322
         m = 0.0965118
        m2 = 0.011757
        m4 = 0.0233462
        Tb = 20002.1
        Ta = 47601
        Td = 8009.56
DiffEv reached_goal. cost=1.88975e-03 spread=2.82952e-06
Fitted parameter values
Free:
       pc1 = -1.61216
       pc2 = -3.91806
       pc3 = 2.24817
       pc4 = 1.50037
       pc5 = 1.04538
       pc6 = 0.966795
       pc7 = 0.543105
       pc8 = 0.035988
       pc9 = 0.144146
      pc10 = 0.118402
      pc11 = -0.0550613
      pc12 = 0.0325474
      pc13 = 0.000502864
      pc14 = -0.00299917
Constrained:
   Tgbecnw = 92795.6
     Tecnw = 22898
       Tnw = 14093.9
       Tec = 11285.4
     twoNb = 607632
     twoNc = 104616
    twoNec = 119336
    twoNnw = 51153.3
  twoNecnw = 73660.3
  twoNbecnw = 6458.62
  twoNgbecnw = 396229
         m = 0.0783516
        m2 = 0.0111688
        m4 = 0.0230118
        Tb = 17091.7
        Ta = 46145.9
        Td = 5642.72
#       SitePat  BranchLen
              b 124501.8505041
              e 49065.4851737
              c 50246.4489801
              n 45916.4905684
              w 45916.4905684
            b:e 2141.4422241
            b:c 2513.5196350
            b:n 1760.1586106
            b:w 1760.1586106
            e:c 10460.9279407
            e:n 5265.2556842
            e:w 5265.2556842
            c:n 5089.7400682
            c:w 5089.7400682
            n:w 12612.1747822
          b:e:c 2009.7616099
          b:e:n 1091.5221815
          b:e:w 1091.5221815
          b:c:n 1103.1572401
          b:c:w 1103.1572401
          b:n:w 1970.7969823
          e:c:n 4719.6528666
          e:c:w 4719.6528666
          e:n:w 6207.6391926
          c:n:w 5703.1000717
        b:e:c:n 2016.2063647
        b:e:c:w 2016.2063647
        b:e:n:w 3335.3769015
        b:c:n:w 2614.6357893
        e:c:n:w 51623.5653941
