########################################
# legofit: estimate population history #
#       version 2.3.4-4-g53f8760       #
########################################

# Program was compiled: Sep 21 2021 14:36:42
# Program was run: Sat Sep 25 12:29:48 2021

# cmd: legofit -1 -d 0 -t 32 --ptsPerDim 3 --stateOut b1boot27.state --tol 3e-6 -S 5000 abd2.lgo ../../boot/boot27.opf
# Stage nOptItr nSimReps
#     0    5000        0
# algorithm          : deterministic
# ignoring probs <=  : 0
# Branch length floor: 0
# DE strategy        : 2
#    F               : 0.3
#    CR              : 0.8
#    tolerance       : 3e-06
# nthreads           : 32
# lgo input file     : abd2.lgo
# site pat input file: ../../boot/boot27.opf
# free parameters    : 14
# points in DE swarm : 42
# output state file  : b1boot27.state
# Including singleton site patterns.
# cost function      : KL
Initial parameter values
Fixed:
      zero = 0
       one = 1
    Tbecnw = 75200
Free:
       pc1 = 0
       pc2 = 0
       pc3 = 0
       pc4 = 0
       pc5 = 0
       pc6 = 0
       pc7 = 0
       pc8 = 0
       pc9 = 0
      pc10 = 0
      pc11 = 0
      pc12 = 0
      pc13 = 0
      pc14 = 0
Constrained:
   Tgbecnw = 120895
     Tecnw = 23985
       Tnw = 15258.6
       Tec = 16019.1
     twoNb = 628157
     twoNc = 120341
    twoNec = 79381.8
    twoNnw = 51159
  twoNecnw = 78480.5
  twoNbecnw = 15991.1
  twoNgbecnw = 350322
         m = 0.0965118
        m2 = 0.011757
        m4 = 0.0233462
        Tb = 20002.1
        Ta = 47601
        Td = 8009.56
DiffEv reached_goal. cost=1.90185e-03 spread=2.77287e-06
Fitted parameter values
Free:
       pc1 = 0.768226
       pc2 = -3.9841
       pc3 = 3.62487
       pc4 = -0.543444
       pc5 = -0.0714888
       pc6 = 0.872574
       pc7 = 0.050737
       pc8 = 0.147084
       pc9 = 0.376174
      pc10 = 0.087715
      pc11 = -0.104696
      pc12 = 0.172543
      pc13 = 0.01891
      pc14 = 0.0470423
Constrained:
   Tgbecnw = 90156.3
     Tecnw = 22265.3
       Tnw = 17539.9
       Tec = 13714.6
     twoNb = 663245
     twoNc = 122355
    twoNec = 88364.5
    twoNnw = 26645.6
  twoNecnw = 76578
  twoNbecnw = 5721.04
  twoNgbecnw = 356967
         m = 0.0915681
        m2 = 0.010517
        m4 = 0.0238711
        Tb = 17989.9
        Ta = 46595
        Td = 6857.28
#       SitePat  BranchLen
              b 125189.7841699
              e 49200.1893834
              c 50448.7278202
              n 46033.6641719
              w 46033.6641719
            b:e 2137.7489149
            b:c 2513.8462777
            b:n 1750.3805739
            b:w 1750.3805739
            e:c 10444.6192930
            e:n 5288.6062366
            e:w 5288.6062366
            c:n 5107.6100172
            c:w 5107.6100172
            n:w 12573.9746634
          b:e:c 2022.0697546
          b:e:n 1089.1254252
          b:e:w 1089.1254252
          b:c:n 1100.1439415
          b:c:w 1100.1439415
          b:n:w 1983.2489681
          e:c:n 4682.5793677
          e:c:w 4682.5793677
          e:n:w 6232.4370634
          c:n:w 5712.2599341
        b:e:c:n 2014.1357873
        b:e:c:w 2014.1357873
        b:e:n:w 3382.2954302
        b:c:n:w 2617.7919796
        e:c:n:w 52186.1037420
