########################################
# legofit: estimate population history #
#       version 2.3.4-4-g53f8760       #
########################################

# Program was compiled: Sep 21 2021 14:36:42
# Program was run: Sat Sep 25 12:29:59 2021

# cmd: legofit -1 -d 0 -t 32 --ptsPerDim 3 --stateOut b1boot28.state --tol 3e-6 -S 5000 abd2.lgo ../../boot/boot28.opf
# Stage nOptItr nSimReps
#     0    5000        0
# algorithm          : deterministic
# ignoring probs <=  : 0
# Branch length floor: 0
# DE strategy        : 2
#    F               : 0.3
#    CR              : 0.8
#    tolerance       : 3e-06
# nthreads           : 32
# lgo input file     : abd2.lgo
# site pat input file: ../../boot/boot28.opf
# free parameters    : 14
# points in DE swarm : 42
# output state file  : b1boot28.state
# Including singleton site patterns.
# cost function      : KL
Initial parameter values
Fixed:
      zero = 0
       one = 1
    Tbecnw = 75200
Free:
       pc1 = 0
       pc2 = 0
       pc3 = 0
       pc4 = 0
       pc5 = 0
       pc6 = 0
       pc7 = 0
       pc8 = 0
       pc9 = 0
      pc10 = 0
      pc11 = 0
      pc12 = 0
      pc13 = 0
      pc14 = 0
Constrained:
   Tgbecnw = 120895
     Tecnw = 23985
       Tnw = 15258.6
       Tec = 16019.1
     twoNb = 628157
     twoNc = 120341
    twoNec = 79381.8
    twoNnw = 51159
  twoNecnw = 78480.5
  twoNbecnw = 15991.1
  twoNgbecnw = 350322
         m = 0.0965118
        m2 = 0.011757
        m4 = 0.0233462
        Tb = 20002.1
        Ta = 47601
        Td = 8009.56
DiffEv reached_goal. cost=1.91241e-03 spread=1.75932e-06
Fitted parameter values
Free:
       pc1 = -2.75249
       pc2 = -3.39217
       pc3 = 3.3909
       pc4 = 1.36642
       pc5 = 1.72591
       pc6 = 1.07128
       pc7 = -0.410581
       pc8 = 0.845269
       pc9 = -0.184788
      pc10 = 0.099033
      pc11 = 0.0719724
      pc12 = 0.046536
      pc13 = -0.0219683
      pc14 = 0.0762025
Constrained:
   Tgbecnw = 90398.5
     Tecnw = 22862.1
       Tnw = 13536.1
       Tec = 9472.17
     twoNb = 749133
     twoNc = 12347.3
    twoNec = 141227
    twoNnw = 54751.5
  twoNecnw = 73949.5
  twoNbecnw = 5695.79
  twoNgbecnw = 380337
         m = 0.0822945
        m2 = 0.0116728
        m4 = 0.0228835
        Tb = 16167.1
        Ta = 45683.6
        Td = 4736.09
#       SitePat  BranchLen
              b 124235.5882525
              e 49061.2988864
              c 50255.1526010
              n 45886.6005069
              w 45886.6005069
            b:e 2138.0463774
            b:c 2482.5862194
            b:n 1756.0718111
            b:w 1756.0718111
            e:c 10429.5273200
            e:n 5269.6709724
            e:w 5269.6709724
            c:n 5096.7173108
            c:w 5096.7173108
            n:w 12571.5369980
          b:e:c 1997.2340277
          b:e:n 1095.1355032
          b:e:w 1095.1355032
          b:c:n 1105.7008680
          b:c:w 1105.7008680
          b:n:w 1960.6112924
          e:c:n 4688.4221145
          e:c:w 4688.4221145
          e:n:w 6171.4792621
          c:n:w 5682.7980495
        b:e:c:n 2015.3792950
        b:e:c:w 2015.3792950
        b:e:n:w 3359.6136338
        b:c:n:w 2634.6777383
        e:c:n:w 51458.5174334
