########################################
# legofit: estimate population history #
#       version 2.3.4-4-g53f8760       #
########################################

# Program was compiled: Sep 21 2021 14:36:42
# Program was run: Sat Sep 25 12:26:26 2021

# cmd: legofit -1 -d 0 -t 32 --ptsPerDim 3 --stateOut b1boot5.state --tol 3e-6 -S 5000 abd2.lgo ../../boot/boot5.opf
# Stage nOptItr nSimReps
#     0    5000        0
# algorithm          : deterministic
# ignoring probs <=  : 0
# Branch length floor: 0
# DE strategy        : 2
#    F               : 0.3
#    CR              : 0.8
#    tolerance       : 3e-06
# nthreads           : 32
# lgo input file     : abd2.lgo
# site pat input file: ../../boot/boot5.opf
# free parameters    : 14
# points in DE swarm : 42
# output state file  : b1boot5.state
# Including singleton site patterns.
# cost function      : KL
Initial parameter values
Fixed:
      zero = 0
       one = 1
    Tbecnw = 75200
Free:
       pc1 = 0
       pc2 = 0
       pc3 = 0
       pc4 = 0
       pc5 = 0
       pc6 = 0
       pc7 = 0
       pc8 = 0
       pc9 = 0
      pc10 = 0
      pc11 = 0
      pc12 = 0
      pc13 = 0
      pc14 = 0
Constrained:
   Tgbecnw = 120895
     Tecnw = 23985
       Tnw = 15258.6
       Tec = 16019.1
     twoNb = 628157
     twoNc = 120341
    twoNec = 79381.8
    twoNnw = 51159
  twoNecnw = 78480.5
  twoNbecnw = 15991.1
  twoNgbecnw = 350322
         m = 0.0965118
        m2 = 0.011757
        m4 = 0.0233462
        Tb = 20002.1
        Ta = 47601
        Td = 8009.56
DiffEv reached_goal. cost=1.90808e-03 spread=2.82308e-06
Fitted parameter values
Free:
       pc1 = -1.13225
       pc2 = -3.91573
       pc3 = 1.95152
       pc4 = 1.02335
       pc5 = 1.22169
       pc6 = 1.25078
       pc7 = 0.324257
       pc8 = -0.465897
       pc9 = -0.0412269
      pc10 = 0.0910641
      pc11 = 0.0258318
      pc12 = 0.0646063
      pc13 = -0.0460252
      pc14 = -0.0214451
Constrained:
   Tgbecnw = 92253.7
     Tecnw = 22927.1
       Tnw = 14507.1
       Tec = 12774.7
     twoNb = 597745
     twoNc = 95040.9
    twoNec = 103209
    twoNnw = 47660.2
  twoNecnw = 73981.8
  twoNbecnw = 6279.1
  twoNgbecnw = 390651
         m = 0.0812451
        m2 = 0.011056
        m4 = 0.0227206
        Tb = 17850.9
        Ta = 46525.5
        Td = 6387.36
#       SitePat  BranchLen
              b 124908.5702829
              e 49174.7769352
              c 50346.1891923
              n 45881.6152517
              w 45881.6152517
            b:e 2129.7460545
            b:c 2498.7094907
            b:n 1741.4673112
            b:w 1741.4673112
            e:c 10435.9878728
            e:n 5223.9488012
            e:w 5223.9488012
            c:n 5051.8863172
            c:w 5051.8863172
            n:w 12697.3324356
          b:e:c 2007.8557101
          b:e:n 1078.4525061
          b:e:w 1078.4525061
          b:c:n 1089.7555968
          b:c:w 1089.7555968
          b:n:w 1968.8879676
          e:c:n 4682.7724510
          e:c:w 4682.7724510
          e:n:w 6194.4800867
          c:n:w 5695.0369626
        b:e:c:n 1996.2054847
        b:e:c:w 1996.2054847
        b:e:n:w 3323.1779657
        b:c:n:w 2603.7640445
        e:c:n:w 52023.6904051
