########################################
# legofit: estimate population history #
#       version 2.3.4-4-g53f8760       #
########################################

# Program was compiled: Sep 21 2021 14:36:42
# Program was run: Sat Sep 25 12:33:11 2021

# cmd: legofit -1 -d 0 -t 32 --ptsPerDim 3 --stateOut b1boot47.state --tol 3e-6 -S 5000 abd2.lgo ../../boot/boot47.opf
# Stage nOptItr nSimReps
#     0    5000        0
# algorithm          : deterministic
# ignoring probs <=  : 0
# Branch length floor: 0
# DE strategy        : 2
#    F               : 0.3
#    CR              : 0.8
#    tolerance       : 3e-06
# nthreads           : 32
# lgo input file     : abd2.lgo
# site pat input file: ../../boot/boot47.opf
# free parameters    : 14
# points in DE swarm : 42
# output state file  : b1boot47.state
# Including singleton site patterns.
# cost function      : KL
Initial parameter values
Fixed:
      zero = 0
       one = 1
    Tbecnw = 75200
Free:
       pc1 = 0
       pc2 = 0
       pc3 = 0
       pc4 = 0
       pc5 = 0
       pc6 = 0
       pc7 = 0
       pc8 = 0
       pc9 = 0
      pc10 = 0
      pc11 = 0
      pc12 = 0
      pc13 = 0
      pc14 = 0
Constrained:
   Tgbecnw = 120895
     Tecnw = 23985
       Tnw = 15258.6
       Tec = 16019.1
     twoNb = 628157
     twoNc = 120341
    twoNec = 79381.8
    twoNnw = 51159
  twoNecnw = 78480.5
  twoNbecnw = 15991.1
  twoNgbecnw = 350322
         m = 0.0965118
        m2 = 0.011757
        m4 = 0.0233462
        Tb = 20002.1
        Ta = 47601
        Td = 8009.56
DiffEv reached_goal. cost=1.89440e-03 spread=2.89514e-06
Fitted parameter values
Free:
       pc1 = -2.8457
       pc2 = -3.93241
       pc3 = 1.89767
       pc4 = 0.385704
       pc5 = -0.534983
       pc6 = 1.93473
       pc7 = 1.4029
       pc8 = 0.744661
       pc9 = 0.494505
      pc10 = 0.0938608
      pc11 = -0.0700744
      pc12 = 0.153853
      pc13 = -0.0203155
      pc14 = 0.0105162
Constrained:
   Tgbecnw = 89061
     Tecnw = 22814.7
       Tnw = 12747.9
       Tec = 10786.9
     twoNb = 625463
     twoNc = 298094
    twoNec = 123029
    twoNnw = 59361.6
  twoNecnw = 74333.2
  twoNbecnw = 5352.14
  twoNgbecnw = 352103
         m = 0.0913188
        m2 = 0.0120837
        m4 = 0.0232275
        Tb = 16800.8
        Ta = 46000.4
        Td = 5393.47
#       SitePat  BranchLen
              b 124560.0494550
              e 49054.6789819
              c 50245.3332567
              n 45869.1924467
              w 45869.1924467
            b:e 2131.5891291
            b:c 2510.4671645
            b:n 1745.8990040
            b:w 1745.8990040
            e:c 10443.7884711
            e:n 5254.8888407
            e:w 5254.8888407
            c:n 5078.6933490
            c:w 5078.6933490
            n:w 12633.5484710
          b:e:c 1989.6041772
          b:e:n 1084.9324696
          b:e:w 1084.9324696
          b:c:n 1096.2012484
          b:c:w 1096.2012484
          b:n:w 1951.9936042
          e:c:n 4687.6926537
          e:c:w 4687.6926537
          e:n:w 6166.9364684
          c:n:w 5655.7729856
        b:e:c:n 2006.6247018
        b:e:c:w 2006.6247018
        b:e:n:w 3351.0139962
        b:c:n:w 2622.4984154
        e:c:n:w 51778.6425013
