########################################
# legofit: estimate population history #
#       version 2.3.4-4-g53f8760       #
########################################

# Program was compiled: Sep 21 2021 14:36:42
# Program was run: Sat Sep 25 12:27:57 2021

# cmd: legofit -1 -d 0 -t 32 --ptsPerDim 3 --stateOut b1boot15.state --tol 3e-6 -S 5000 abd2.lgo ../../boot/boot15.opf
# Stage nOptItr nSimReps
#     0    5000        0
# algorithm          : deterministic
# ignoring probs <=  : 0
# Branch length floor: 0
# DE strategy        : 2
#    F               : 0.3
#    CR              : 0.8
#    tolerance       : 3e-06
# nthreads           : 32
# lgo input file     : abd2.lgo
# site pat input file: ../../boot/boot15.opf
# free parameters    : 14
# points in DE swarm : 42
# output state file  : b1boot15.state
# Including singleton site patterns.
# cost function      : KL
Initial parameter values
Fixed:
      zero = 0
       one = 1
    Tbecnw = 75200
Free:
       pc1 = 0
       pc2 = 0
       pc3 = 0
       pc4 = 0
       pc5 = 0
       pc6 = 0
       pc7 = 0
       pc8 = 0
       pc9 = 0
      pc10 = 0
      pc11 = 0
      pc12 = 0
      pc13 = 0
      pc14 = 0
Constrained:
   Tgbecnw = 120895
     Tecnw = 23985
       Tnw = 15258.6
       Tec = 16019.1
     twoNb = 628157
     twoNc = 120341
    twoNec = 79381.8
    twoNnw = 51159
  twoNecnw = 78480.5
  twoNbecnw = 15991.1
  twoNgbecnw = 350322
         m = 0.0965118
        m2 = 0.011757
        m4 = 0.0233462
        Tb = 20002.1
        Ta = 47601
        Td = 8009.56
DiffEv reached_goal. cost=1.91450e-03 spread=2.60869e-06
Fitted parameter values
Free:
       pc1 = -0.414186
       pc2 = -3.9291
       pc3 = 3.59337
       pc4 = 0.247057
       pc5 = 1.34686
       pc6 = 1.32323
       pc7 = 0.934785
       pc8 = 0.469345
       pc9 = 0.982188
      pc10 = 0.0715592
      pc11 = -0.163553
      pc12 = 0.139678
      pc13 = 0.00497932
      pc14 = 0.0889616
Constrained:
   Tgbecnw = 89754.7
     Tecnw = 22235.4
       Tnw = 16542.1
       Tec = 10541.2
     twoNb = 599204
     twoNc = 96515.5
    twoNec = 123447
    twoNnw = 32575.2
  twoNecnw = 76509.8
  twoNbecnw = 5469.53
  twoNgbecnw = 368006
         m = 0.0882121
        m2 = 0.0112342
        m4 = 0.0231594
        Tb = 16388.3
        Ta = 45794.1
        Td = 5270.6
#       SitePat  BranchLen
              b 124582.2731172
              e 49033.8965156
              c 50220.4245947
              n 45918.3744151
              w 45918.3744151
            b:e 2115.0453677
            b:c 2493.7592156
            b:n 1719.4332592
            b:w 1719.4332592
            e:c 10456.5217024
            e:n 5279.6917887
            e:w 5279.6917887
            c:n 5103.6313912
            c:w 5103.6313912
            n:w 12523.4727819
          b:e:c 1978.7822004
          b:e:n 1074.1391803
          b:e:w 1074.1391803
          b:c:n 1085.4784226
          b:c:w 1085.4784226
          b:n:w 1938.4404260
          e:c:n 4637.7173928
          e:c:w 4637.7173928
          e:n:w 6174.8847666
          c:n:w 5670.5088907
        b:e:c:n 1982.0028960
        b:e:c:w 1982.0028960
        b:e:n:w 3329.8814502
        b:c:n:w 2598.4575432
        e:c:n:w 51722.6325609
