########################################
# legofit: estimate population history #
#       version 2.3.4-4-g53f8760       #
########################################

# Program was compiled: Sep 21 2021 14:36:42
# Program was run: Sat Sep 25 12:33:11 2021

# cmd: legofit -1 -d 0 -t 32 --ptsPerDim 3 --stateOut b1boot46.state --tol 3e-6 -S 5000 abd2.lgo ../../boot/boot46.opf
# Stage nOptItr nSimReps
#     0    5000        0
# algorithm          : deterministic
# ignoring probs <=  : 0
# Branch length floor: 0
# DE strategy        : 2
#    F               : 0.3
#    CR              : 0.8
#    tolerance       : 3e-06
# nthreads           : 32
# lgo input file     : abd2.lgo
# site pat input file: ../../boot/boot46.opf
# free parameters    : 14
# points in DE swarm : 42
# output state file  : b1boot46.state
# Including singleton site patterns.
# cost function      : KL
Initial parameter values
Fixed:
      zero = 0
       one = 1
    Tbecnw = 75200
Free:
       pc1 = 0
       pc2 = 0
       pc3 = 0
       pc4 = 0
       pc5 = 0
       pc6 = 0
       pc7 = 0
       pc8 = 0
       pc9 = 0
      pc10 = 0
      pc11 = 0
      pc12 = 0
      pc13 = 0
      pc14 = 0
Constrained:
   Tgbecnw = 120895
     Tecnw = 23985
       Tnw = 15258.6
       Tec = 16019.1
     twoNb = 628157
     twoNc = 120341
    twoNec = 79381.8
    twoNnw = 51159
  twoNecnw = 78480.5
  twoNbecnw = 15991.1
  twoNgbecnw = 350322
         m = 0.0965118
        m2 = 0.011757
        m4 = 0.0233462
        Tb = 20002.1
        Ta = 47601
        Td = 8009.56
DiffEv reached_goal. cost=1.84759e-03 spread=2.77796e-06
Fitted parameter values
Free:
       pc1 = -2.60287
       pc2 = -3.84778
       pc3 = 2.03092
       pc4 = 1.48613
       pc5 = 1.23845
       pc6 = 1.03772
       pc7 = -0.114449
       pc8 = 0.0871625
       pc9 = -0.52609
      pc10 = 0.11636
      pc11 = 0.0322131
      pc12 = 0.0304622
      pc13 = -0.0175598
      pc14 = 0.0282355
Constrained:
   Tgbecnw = 91329.7
     Tecnw = 23068.2
       Tnw = 12664.9
       Tec = 11613.7
     twoNb = 673426
     twoNc = 69701.6
    twoNec = 118851
    twoNnw = 61128.6
  twoNecnw = 72757.3
  twoNbecnw = 5979.04
  twoNgbecnw = 393270
         m = 0.0795465
        m2 = 0.0114321
        m4 = 0.022786
        Tb = 17340.9
        Ta = 46270.5
        Td = 5806.84
#       SitePat  BranchLen
              b 124654.0285563
              e 49058.9446781
              c 50246.2758684
              n 45802.5476964
              w 45802.5476964
            b:e 2141.8875368
            b:c 2497.8818340
            b:n 1763.5380769
            b:w 1763.5380769
            e:c 10361.7283443
            e:n 5253.2155058
            e:w 5253.2155058
            c:n 5080.3437435
            c:w 5080.3437435
            n:w 12611.1491388
          b:e:c 2004.2366159
          b:e:n 1095.3580227
          b:e:w 1095.3580227
          b:c:n 1106.4457569
          b:c:w 1106.4457569
          b:n:w 1967.0853036
          e:c:n 4716.9112205
          e:c:w 4716.9112205
          e:n:w 6190.1740576
          c:n:w 5693.5188475
        b:e:c:n 2019.1878028
        b:e:c:w 2019.1878028
        b:e:n:w 3349.9435903
        b:c:n:w 2626.8412349
        e:c:n:w 51934.7042618
