########################################
# legofit: estimate population history #
#       version 2.3.4-4-g53f8760       #
########################################

# Program was compiled: Sep 21 2021 14:36:42
# Program was run: Sat Sep 25 12:28:57 2021

# cmd: legofit -1 -d 0 -t 32 --ptsPerDim 3 --stateOut b1boot23.state --tol 3e-6 -S 5000 abd2.lgo ../../boot/boot23.opf
# Stage nOptItr nSimReps
#     0    5000        0
# algorithm          : deterministic
# ignoring probs <=  : 0
# Branch length floor: 0
# DE strategy        : 2
#    F               : 0.3
#    CR              : 0.8
#    tolerance       : 3e-06
# nthreads           : 32
# lgo input file     : abd2.lgo
# site pat input file: ../../boot/boot23.opf
# free parameters    : 14
# points in DE swarm : 42
# output state file  : b1boot23.state
# Including singleton site patterns.
# cost function      : KL
Initial parameter values
Fixed:
      zero = 0
       one = 1
    Tbecnw = 75200
Free:
       pc1 = 0
       pc2 = 0
       pc3 = 0
       pc4 = 0
       pc5 = 0
       pc6 = 0
       pc7 = 0
       pc8 = 0
       pc9 = 0
      pc10 = 0
      pc11 = 0
      pc12 = 0
      pc13 = 0
      pc14 = 0
Constrained:
   Tgbecnw = 120895
     Tecnw = 23985
       Tnw = 15258.6
       Tec = 16019.1
     twoNb = 628157
     twoNc = 120341
    twoNec = 79381.8
    twoNnw = 51159
  twoNecnw = 78480.5
  twoNbecnw = 15991.1
  twoNgbecnw = 350322
         m = 0.0965118
        m2 = 0.011757
        m4 = 0.0233462
        Tb = 20002.1
        Ta = 47601
        Td = 8009.56
DiffEv reached_goal. cost=1.88849e-03 spread=1.88425e-06
Fitted parameter values
Free:
       pc1 = -1.23101
       pc2 = -3.90341
       pc3 = 3.74881
       pc4 = 0.913318
       pc5 = 0.842511
       pc6 = 1.44881
       pc7 = -1.20815
       pc8 = 0.735452
       pc9 = -0.704236
      pc10 = 0.108272
      pc11 = 0.051017
      pc12 = 0.0791554
      pc13 = -0.0379023
      pc14 = 0.0242902
Constrained:
   Tgbecnw = 88382.8
     Tecnw = 22541.9
       Tnw = 15063.5
       Tec = 11892.1
     twoNb = 819064
     twoNc = 48901.1
    twoNec = 110605
    twoNnw = 42575.5
  twoNecnw = 74193.8
  twoNbecnw = 4928.37
  twoNgbecnw = 388122
         m = 0.0804651
        m2 = 0.0109734
        m4 = 0.0231402
        Tb = 17217
        Ta = 46208.5
        Td = 5946.03
#       SitePat  BranchLen
              b 123814.5975992
              e 48847.0011555
              c 50066.1107484
              n 45610.7007254
              w 45610.7007254
            b:e 2118.0485165
            b:c 2450.2268391
            b:n 1741.1379210
            b:w 1741.1379210
            e:c 10379.1658734
            e:n 5232.3282983
            e:w 5232.3282983
            c:n 5058.6351469
            c:w 5058.6351469
            n:w 12569.6370166
          b:e:c 2002.5530904
          b:e:n 1083.8292303
          b:e:w 1083.8292303
          b:c:n 1094.2003022
          b:c:w 1094.2003022
          b:n:w 1965.7553746
          e:c:n 4660.9466627
          e:c:w 4660.9466627
          e:n:w 6161.3794982
          c:n:w 5674.2856427
        b:e:c:n 2001.0795616
        b:e:c:w 2001.0795616
        b:e:n:w 3348.1503722
        b:c:n:w 2610.6003300
        e:c:n:w 51337.7603445
