########################################
# legofit: estimate population history #
#       version 2.3.4-4-g53f8760       #
########################################

# Program was compiled: Sep 21 2021 14:36:42
# Program was run: Sat Sep 25 12:27:11 2021

# cmd: legofit -1 -d 0 -t 32 --ptsPerDim 3 --stateOut b1boot11.state --tol 3e-6 -S 5000 abd2.lgo ../../boot/boot11.opf
# Stage nOptItr nSimReps
#     0    5000        0
# algorithm          : deterministic
# ignoring probs <=  : 0
# Branch length floor: 0
# DE strategy        : 2
#    F               : 0.3
#    CR              : 0.8
#    tolerance       : 3e-06
# nthreads           : 32
# lgo input file     : abd2.lgo
# site pat input file: ../../boot/boot11.opf
# free parameters    : 14
# points in DE swarm : 42
# output state file  : b1boot11.state
# Including singleton site patterns.
# cost function      : KL
Initial parameter values
Fixed:
      zero = 0
       one = 1
    Tbecnw = 75200
Free:
       pc1 = 0
       pc2 = 0
       pc3 = 0
       pc4 = 0
       pc5 = 0
       pc6 = 0
       pc7 = 0
       pc8 = 0
       pc9 = 0
      pc10 = 0
      pc11 = 0
      pc12 = 0
      pc13 = 0
      pc14 = 0
Constrained:
   Tgbecnw = 120895
     Tecnw = 23985
       Tnw = 15258.6
       Tec = 16019.1
     twoNb = 628157
     twoNc = 120341
    twoNec = 79381.8
    twoNnw = 51159
  twoNecnw = 78480.5
  twoNbecnw = 15991.1
  twoNgbecnw = 350322
         m = 0.0965118
        m2 = 0.011757
        m4 = 0.0233462
        Tb = 20002.1
        Ta = 47601
        Td = 8009.56
DiffEv reached_goal. cost=1.94031e-03 spread=2.75520e-06
Fitted parameter values
Free:
       pc1 = 0.0653187
       pc2 = -3.90901
       pc3 = 3.01914
       pc4 = 0.939429
       pc5 = 0.45574
       pc6 = -0.181053
       pc7 = 0.465967
       pc8 = 0.504191
       pc9 = 0.26226
      pc10 = -0.0361527
      pc11 = -0.0520427
      pc12 = 0.034719
      pc13 = -0.00357966
      pc14 = 0.0124185
Constrained:
   Tgbecnw = 95061.7
     Tecnw = 22581.2
       Tnw = 15848.7
       Tec = 12193.9
     twoNb = 611626
     twoNc = 70836.2
    twoNec = 107191
    twoNnw = 38546.3
  twoNecnw = 75931.5
  twoNbecnw = 7197.58
  twoNgbecnw = 400003
         m = 0.0797037
        m2 = 0.0106032
        m4 = 0.0240594
        Tb = 17387.5
        Ta = 46293.8
        Td = 6096.93
#       SitePat  BranchLen
              b 125444.9055801
              e 49346.4985751
              c 50598.2868434
              n 46187.3969829
              w 46187.3969829
            b:e 2153.6370806
            b:c 2540.4775667
            b:n 1769.9730264
            b:w 1769.9730264
            e:c 10531.3117486
            e:n 5316.5909897
            e:w 5316.5909897
            c:n 5132.4997543
            c:w 5132.4997543
            n:w 12679.9059870
          b:e:c 2031.1970112
          b:e:n 1098.9671794
          b:e:w 1098.9671794
          b:c:n 1110.8019304
          b:c:w 1110.8019304
          b:n:w 1991.6237576
          e:c:n 4723.8106004
          e:c:w 4723.8106004
          e:n:w 6254.4230767
          c:n:w 5730.1031013
        b:e:c:n 2030.1995802
        b:e:c:w 2030.1995802
        b:e:n:w 3399.7042433
        b:c:n:w 2629.9082915
        e:c:n:w 52155.4287296
