########################################
# legofit: estimate population history #
#       version 2.3.4-4-g53f8760       #
########################################

# Program was compiled: Sep 21 2021 14:36:42
# Program was run: Sat Sep 25 12:33:22 2021

# cmd: legofit -1 -d 0 -t 32 --ptsPerDim 3 --stateOut b1boot49.state --tol 3e-6 -S 5000 abd2.lgo ../../boot/boot49.opf
# Stage nOptItr nSimReps
#     0    5000        0
# algorithm          : deterministic
# ignoring probs <=  : 0
# Branch length floor: 0
# DE strategy        : 2
#    F               : 0.3
#    CR              : 0.8
#    tolerance       : 3e-06
# nthreads           : 32
# lgo input file     : abd2.lgo
# site pat input file: ../../boot/boot49.opf
# free parameters    : 14
# points in DE swarm : 42
# output state file  : b1boot49.state
# Including singleton site patterns.
# cost function      : KL
Initial parameter values
Fixed:
      zero = 0
       one = 1
    Tbecnw = 75200
Free:
       pc1 = 0
       pc2 = 0
       pc3 = 0
       pc4 = 0
       pc5 = 0
       pc6 = 0
       pc7 = 0
       pc8 = 0
       pc9 = 0
      pc10 = 0
      pc11 = 0
      pc12 = 0
      pc13 = 0
      pc14 = 0
Constrained:
   Tgbecnw = 120895
     Tecnw = 23985
       Tnw = 15258.6
       Tec = 16019.1
     twoNb = 628157
     twoNc = 120341
    twoNec = 79381.8
    twoNnw = 51159
  twoNecnw = 78480.5
  twoNbecnw = 15991.1
  twoNgbecnw = 350322
         m = 0.0965118
        m2 = 0.011757
        m4 = 0.0233462
        Tb = 20002.1
        Ta = 47601
        Td = 8009.56
DiffEv reached_goal. cost=1.94205e-03 spread=1.87504e-06
Fitted parameter values
Free:
       pc1 = 0.0171358
       pc2 = -3.82105
       pc3 = 3.4342
       pc4 = 1.20151
       pc5 = 1.36213
       pc6 = 1.71587
       pc7 = 0.215322
       pc8 = -0.0814069
       pc9 = -0.331248
      pc10 = 0.10479
      pc11 = -0.0421368
      pc12 = 0.0631674
      pc13 = 0.0336805
      pc14 = 0.0127041
Constrained:
   Tgbecnw = 91544.1
     Tecnw = 22472.2
       Tnw = 16353.5
       Tec = 11904.8
     twoNb = 672999
     twoNc = 81053.3
    twoNec = 110265
    twoNnw = 34825.5
  twoNecnw = 75659
  twoNbecnw = 5962.37
  twoNgbecnw = 402303
         m = 0.0790123
        m2 = 0.0101335
        m4 = 0.0226967
        Tb = 17188.5
        Ta = 46194.3
        Td = 5952.4
#       SitePat  BranchLen
              b 124724.1350716
              e 49091.4532950
              c 50277.3704348
              n 45966.6673378
              w 45966.6673378
            b:e 2129.8220526
            b:c 2479.2752436
            b:n 1753.3530155
            b:w 1753.3530155
            e:c 10464.6720633
            e:n 5276.0491559
            e:w 5276.0491559
            c:n 5103.9426847
            c:w 5103.9426847
            n:w 12566.1221336
          b:e:c 2015.5068033
          b:e:n 1091.0642364
          b:e:w 1091.0642364
          b:c:n 1101.9653211
          b:c:w 1101.9653211
          b:n:w 1976.8456709
          e:c:n 4681.8590818
          e:c:w 4681.8590818
          e:n:w 6177.6878002
          c:n:w 5692.2142932
        b:e:c:n 2015.6548359
        b:e:c:w 2015.6548359
        b:e:n:w 3332.4573127
        b:c:n:w 2604.9711297
        e:c:n:w 51846.2343432
