########################################
# legofit: estimate population history #
#       version 2.3.4-4-g53f8760       #
########################################

# Program was compiled: Sep 21 2021 14:36:42
# Program was run: Sat Sep 25 12:30:36 2021

# cmd: legofit -1 -d 0 -t 32 --ptsPerDim 3 --stateOut b1boot32.state --tol 3e-6 -S 5000 abd2.lgo ../../boot/boot32.opf
# Stage nOptItr nSimReps
#     0    5000        0
# algorithm          : deterministic
# ignoring probs <=  : 0
# Branch length floor: 0
# DE strategy        : 2
#    F               : 0.3
#    CR              : 0.8
#    tolerance       : 3e-06
# nthreads           : 32
# lgo input file     : abd2.lgo
# site pat input file: ../../boot/boot32.opf
# free parameters    : 14
# points in DE swarm : 42
# output state file  : b1boot32.state
# Including singleton site patterns.
# cost function      : KL
Initial parameter values
Fixed:
      zero = 0
       one = 1
    Tbecnw = 75200
Free:
       pc1 = 0
       pc2 = 0
       pc3 = 0
       pc4 = 0
       pc5 = 0
       pc6 = 0
       pc7 = 0
       pc8 = 0
       pc9 = 0
      pc10 = 0
      pc11 = 0
      pc12 = 0
      pc13 = 0
      pc14 = 0
Constrained:
   Tgbecnw = 120895
     Tecnw = 23985
       Tnw = 15258.6
       Tec = 16019.1
     twoNb = 628157
     twoNc = 120341
    twoNec = 79381.8
    twoNnw = 51159
  twoNecnw = 78480.5
  twoNbecnw = 15991.1
  twoNgbecnw = 350322
         m = 0.0965118
        m2 = 0.011757
        m4 = 0.0233462
        Tb = 20002.1
        Ta = 47601
        Td = 8009.56
DiffEv reached_goal. cost=1.94487e-03 spread=2.79315e-06
Fitted parameter values
Free:
       pc1 = -2.61056
       pc2 = -3.91934
       pc3 = 2.55554
       pc4 = 1.45566
       pc5 = 0.796751
       pc6 = -0.287352
       pc7 = 0.855949
       pc8 = 0.435628
       pc9 = 0.212316
      pc10 = -0.032922
      pc11 = 0.0223706
      pc12 = 0.0437907
      pc13 = -0.06359
      pc14 = 0.0782802
Constrained:
   Tgbecnw = 91795.4
     Tecnw = 23043
       Tnw = 12731.9
       Tec = 10084.5
     twoNb = 595984
     twoNc = 66770
    twoNec = 136754
    twoNnw = 60134.1
  twoNecnw = 73603.8
  twoNbecnw = 6140.93
  twoNgbecnw = 387982
         m = 0.0825381
        m2 = 0.0113093
        m4 = 0.0237675
        Tb = 16563.7
        Ta = 45881.9
        Td = 5042.23
#       SitePat  BranchLen
              b 125113.2408257
              e 49176.0462826
              c 50400.4712471
              n 45887.9934460
              w 45887.9934460
            b:e 2137.9358553
            b:c 2531.4907749
            b:n 1746.5948643
            b:w 1746.5948643
            e:c 10393.3634096
            e:n 5261.7220255
            e:w 5261.7220255
            c:n 5081.0600801
            c:w 5081.0600801
            n:w 12663.6871252
          b:e:c 1992.2461636
          b:e:n 1088.4316928
          b:e:w 1088.4316928
          b:c:n 1100.4498481
          b:c:w 1100.4498481
          b:n:w 1952.1171816
          e:c:n 4680.8863520
          e:c:w 4680.8863520
          e:n:w 6210.7481790
          c:n:w 5685.2445943
        b:e:c:n 2003.4736220
        b:e:c:w 2003.4736220
        b:e:n:w 3372.1472081
        b:c:n:w 2616.9583394
        e:c:n:w 52242.5221372
