########################################
# legofit: estimate population history #
#       version 2.3.4-4-g53f8760       #
########################################

# Program was compiled: Sep 21 2021 14:36:42
# Program was run: Sat Sep 25 12:32:19 2021

# cmd: legofit -1 -d 0 -t 32 --ptsPerDim 3 --stateOut b1boot41.state --tol 3e-6 -S 5000 abd2.lgo ../../boot/boot41.opf
# Stage nOptItr nSimReps
#     0    5000        0
# algorithm          : deterministic
# ignoring probs <=  : 0
# Branch length floor: 0
# DE strategy        : 2
#    F               : 0.3
#    CR              : 0.8
#    tolerance       : 3e-06
# nthreads           : 32
# lgo input file     : abd2.lgo
# site pat input file: ../../boot/boot41.opf
# free parameters    : 14
# points in DE swarm : 42
# output state file  : b1boot41.state
# Including singleton site patterns.
# cost function      : KL
Initial parameter values
Fixed:
      zero = 0
       one = 1
    Tbecnw = 75200
Free:
       pc1 = 0
       pc2 = 0
       pc3 = 0
       pc4 = 0
       pc5 = 0
       pc6 = 0
       pc7 = 0
       pc8 = 0
       pc9 = 0
      pc10 = 0
      pc11 = 0
      pc12 = 0
      pc13 = 0
      pc14 = 0
Constrained:
   Tgbecnw = 120895
     Tecnw = 23985
       Tnw = 15258.6
       Tec = 16019.1
     twoNb = 628157
     twoNc = 120341
    twoNec = 79381.8
    twoNnw = 51159
  twoNecnw = 78480.5
  twoNbecnw = 15991.1
  twoNgbecnw = 350322
         m = 0.0965118
        m2 = 0.011757
        m4 = 0.0233462
        Tb = 20002.1
        Ta = 47601
        Td = 8009.56
DiffEv reached_goal. cost=1.90498e-03 spread=2.86641e-06
Fitted parameter values
Free:
       pc1 = -0.374235
       pc2 = -3.97287
       pc3 = 2.18795
       pc4 = 1.06303
       pc5 = 1.29429
       pc6 = 1.95322
       pc7 = 0.901332
       pc8 = -0.0772685
       pc9 = -0.133413
      pc10 = 0.0988568
      pc11 = -0.00036746
      pc12 = 0.0449856
      pc13 = 0.0208394
      pc14 = 0.00488038
Constrained:
   Tgbecnw = 92573.4
     Tecnw = 22556.9
       Tnw = 15212.9
       Tec = 12456.2
     twoNb = 594335
     twoNc = 145242
    twoNec = 104555
    twoNnw = 42330.2
  twoNecnw = 75857.9
  twoNbecnw = 6316.62
  twoNgbecnw = 402259
         m = 0.0787066
        m2 = 0.0107703
        m4 = 0.0224818
        Tb = 17506.5
        Ta = 46353.3
        Td = 6228.11
#       SitePat  BranchLen
              b 124704.8993200
              e 49242.8894830
              c 50398.2884254
              n 46061.5868089
              w 46061.5868089
            b:e 2142.4441355
            b:c 2504.6463909
            b:n 1760.7380513
            b:w 1760.7380513
            e:c 10463.1754936
            e:n 5288.4468314
            e:w 5288.4468314
            c:n 5117.0526905
            c:w 5117.0526905
            n:w 12633.8099320
          b:e:c 2018.3348629
          b:e:n 1094.7527292
          b:e:w 1094.7527292
          b:c:n 1106.1468030
          b:c:w 1106.1468030
          b:n:w 1978.6802081
          e:c:n 4695.3015165
          e:c:w 4695.3015165
          e:n:w 6176.3972921
          c:n:w 5690.0936828
        b:e:c:n 2024.8770537
        b:e:c:w 2024.8770537
        b:e:n:w 3333.4115776
        b:c:n:w 2622.1139946
        e:c:n:w 51694.1508450
