########################################
# legofit: estimate population history #
#       version 2.3.4-4-g53f8760       #
########################################

# Program was compiled: Sep 21 2021 14:36:42
# Program was run: Sat Sep 25 12:31:27 2021

# cmd: legofit -1 -d 0 -t 32 --ptsPerDim 3 --stateOut b1boot36.state --tol 3e-6 -S 5000 abd2.lgo ../../boot/boot36.opf
# Stage nOptItr nSimReps
#     0    5000        0
# algorithm          : deterministic
# ignoring probs <=  : 0
# Branch length floor: 0
# DE strategy        : 2
#    F               : 0.3
#    CR              : 0.8
#    tolerance       : 3e-06
# nthreads           : 32
# lgo input file     : abd2.lgo
# site pat input file: ../../boot/boot36.opf
# free parameters    : 14
# points in DE swarm : 42
# output state file  : b1boot36.state
# Including singleton site patterns.
# cost function      : KL
Initial parameter values
Fixed:
      zero = 0
       one = 1
    Tbecnw = 75200
Free:
       pc1 = 0
       pc2 = 0
       pc3 = 0
       pc4 = 0
       pc5 = 0
       pc6 = 0
       pc7 = 0
       pc8 = 0
       pc9 = 0
      pc10 = 0
      pc11 = 0
      pc12 = 0
      pc13 = 0
      pc14 = 0
Constrained:
   Tgbecnw = 120895
     Tecnw = 23985
       Tnw = 15258.6
       Tec = 16019.1
     twoNb = 628157
     twoNc = 120341
    twoNec = 79381.8
    twoNnw = 51159
  twoNecnw = 78480.5
  twoNbecnw = 15991.1
  twoNgbecnw = 350322
         m = 0.0965118
        m2 = 0.011757
        m4 = 0.0233462
        Tb = 20002.1
        Ta = 47601
        Td = 8009.56
DiffEv reached_goal. cost=1.91919e-03 spread=2.15074e-06
Fitted parameter values
Free:
       pc1 = -2.11315
       pc2 = -3.88094
       pc3 = 3.88828
       pc4 = 1.92767
       pc5 = 0.40499
       pc6 = 1.32386
       pc7 = 0.535513
       pc8 = 0.00144655
       pc9 = -0.116032
      pc10 = -0.00673118
      pc11 = 0.236829
      pc12 = 0.116778
      pc13 = -0.00746639
      pc14 = 0.0289553
Constrained:
   Tgbecnw = 86969.4
     Tecnw = 23021.6
       Tnw = 14542
       Tec = 9386.42
     twoNb = 701520
     twoNc = 135363
    twoNec = 142825
    twoNnw = 48743.1
  twoNecnw = 73315.9
  twoNbecnw = 4418.48
  twoNgbecnw = 390459
         m = 0.0804596
        m2 = 0.0102466
        m4 = 0.0231924
        Tb = 16204
        Ta = 45702
        Td = 4693.21
#       SitePat  BranchLen
              b 123804.0085802
              e 48877.8448771
              c 50074.3807700
              n 45794.3088797
              w 45794.3088797
            b:e 2122.4113374
            b:c 2479.9333520
            b:n 1748.6786039
            b:w 1748.6786039
            e:c 10398.9924172
            e:n 5200.7359145
            e:w 5200.7359145
            c:n 5027.2237184
            c:w 5027.2237184
            n:w 12485.3566869
          b:e:c 2005.7632444
          b:e:n 1089.8521041
          b:e:w 1089.8521041
          b:c:n 1101.2550958
          b:c:w 1101.2550958
          b:n:w 1966.0652876
          e:c:n 4638.9421316
          e:c:w 4638.9421316
          e:n:w 6124.1840920
          c:n:w 5627.7923883
        b:e:c:n 2013.2624421
        b:e:c:w 2013.2624421
        b:e:n:w 3330.5718085
        b:c:n:w 2597.1238732
        e:c:n:w 51466.6212127
