########################################
# legofit: estimate population history #
#       version 2.3.4-4-g53f8760       #
########################################

# Program was compiled: Sep 21 2021 14:36:42
# Program was run: Sat Sep 25 12:32:52 2021

# cmd: legofit -1 -d 0 -t 32 --ptsPerDim 3 --stateOut b1boot45.state --tol 3e-6 -S 5000 abd2.lgo ../../boot/boot45.opf
# Stage nOptItr nSimReps
#     0    5000        0
# algorithm          : deterministic
# ignoring probs <=  : 0
# Branch length floor: 0
# DE strategy        : 2
#    F               : 0.3
#    CR              : 0.8
#    tolerance       : 3e-06
# nthreads           : 32
# lgo input file     : abd2.lgo
# site pat input file: ../../boot/boot45.opf
# free parameters    : 14
# points in DE swarm : 42
# output state file  : b1boot45.state
# Including singleton site patterns.
# cost function      : KL
Initial parameter values
Fixed:
      zero = 0
       one = 1
    Tbecnw = 75200
Free:
       pc1 = 0
       pc2 = 0
       pc3 = 0
       pc4 = 0
       pc5 = 0
       pc6 = 0
       pc7 = 0
       pc8 = 0
       pc9 = 0
      pc10 = 0
      pc11 = 0
      pc12 = 0
      pc13 = 0
      pc14 = 0
Constrained:
   Tgbecnw = 120895
     Tecnw = 23985
       Tnw = 15258.6
       Tec = 16019.1
     twoNb = 628157
     twoNc = 120341
    twoNec = 79381.8
    twoNnw = 51159
  twoNecnw = 78480.5
  twoNbecnw = 15991.1
  twoNgbecnw = 350322
         m = 0.0965118
        m2 = 0.011757
        m4 = 0.0233462
        Tb = 20002.1
        Ta = 47601
        Td = 8009.56
DiffEv reached_goal. cost=1.94797e-03 spread=2.36571e-06
Fitted parameter values
Free:
       pc1 = -3.52899
       pc2 = -3.94206
       pc3 = 2.28211
       pc4 = 1.44295
       pc5 = 1.84041
       pc6 = 1.80079
       pc7 = 0.787411
       pc8 = -0.0500218
       pc9 = -0.507697
      pc10 = 0.25296
      pc11 = -0.0445334
      pc12 = 0.0891405
      pc13 = -0.0053951
      pc14 = 0.0405002
Constrained:
   Tgbecnw = 87701.4
     Tecnw = 22930.4
       Tnw = 11780.1
       Tec = 9802.8
     twoNb = 640033
     twoNc = 94491.5
    twoNec = 137654
    twoNnw = 66116.4
  twoNecnw = 72922.2
  twoNbecnw = 4719.89
  twoNgbecnw = 378010
         m = 0.0838824
        m2 = 0.0113992
        m4 = 0.0221639
        Tb = 16366.6
        Ta = 45783.3
        Td = 4901.4
#       SitePat  BranchLen
              b 124058.4787691
              e 48785.7271510
              c 49924.1585577
              n 45581.4656876
              w 45581.4656876
            b:e 2106.0094105
            b:c 2461.4031492
            b:n 1730.3291463
            b:w 1730.3291463
            e:c 10335.2800604
            e:n 5222.6501476
            e:w 5222.6501476
            c:n 5055.0498306
            c:w 5055.0498306
            n:w 12547.5236781
          b:e:c 1963.7341992
          b:e:n 1077.9389418
          b:e:w 1077.9389418
          b:c:n 1088.9753323
          b:c:w 1088.9753323
          b:n:w 1926.0225266
          e:c:n 4660.5543518
          e:c:w 4660.5543518
          e:n:w 6108.0616641
          c:n:w 5624.5590280
        b:e:c:n 1987.8933754
        b:e:c:w 1987.8933754
        b:e:n:w 3283.0572879
        b:c:n:w 2585.8624869
        e:c:n:w 51674.8982301
