########################################
# legofit: estimate population history #
#       version 2.3.4-4-g53f8760       #
########################################

# Program was compiled: Sep 21 2021 14:36:42
# Program was run: Sat Sep 25 12:31:43 2021

# cmd: legofit -1 -d 0 -t 32 --ptsPerDim 3 --stateOut b1boot38.state --tol 3e-6 -S 5000 abd2.lgo ../../boot/boot38.opf
# Stage nOptItr nSimReps
#     0    5000        0
# algorithm          : deterministic
# ignoring probs <=  : 0
# Branch length floor: 0
# DE strategy        : 2
#    F               : 0.3
#    CR              : 0.8
#    tolerance       : 3e-06
# nthreads           : 32
# lgo input file     : abd2.lgo
# site pat input file: ../../boot/boot38.opf
# free parameters    : 14
# points in DE swarm : 42
# output state file  : b1boot38.state
# Including singleton site patterns.
# cost function      : KL
Initial parameter values
Fixed:
      zero = 0
       one = 1
    Tbecnw = 75200
Free:
       pc1 = 0
       pc2 = 0
       pc3 = 0
       pc4 = 0
       pc5 = 0
       pc6 = 0
       pc7 = 0
       pc8 = 0
       pc9 = 0
      pc10 = 0
      pc11 = 0
      pc12 = 0
      pc13 = 0
      pc14 = 0
Constrained:
   Tgbecnw = 120895
     Tecnw = 23985
       Tnw = 15258.6
       Tec = 16019.1
     twoNb = 628157
     twoNc = 120341
    twoNec = 79381.8
    twoNnw = 51159
  twoNecnw = 78480.5
  twoNbecnw = 15991.1
  twoNgbecnw = 350322
         m = 0.0965118
        m2 = 0.011757
        m4 = 0.0233462
        Tb = 20002.1
        Ta = 47601
        Td = 8009.56
DiffEv reached_goal. cost=1.89079e-03 spread=2.51663e-06
Fitted parameter values
Free:
       pc1 = -1.47695
       pc2 = -3.98542
       pc3 = 2.70425
       pc4 = 1.72526
       pc5 = 1.87854
       pc6 = 1.19658
       pc7 = 0.312568
       pc8 = 0.01413
       pc9 = -0.0232194
      pc10 = -0.00168386
      pc11 = -0.033599
      pc12 = 0.0417415
      pc13 = -0.00847641
      pc14 = 0.0273223
Constrained:
   Tgbecnw = 91329.1
     Tecnw = 22776.2
       Tnw = 14466.9
       Tec = 10758.3
     twoNb = 626931
     twoNc = 44699.1
    twoNec = 125148
    twoNnw = 47973.8
  twoNecnw = 73913
  twoNbecnw = 5836.47
  twoNgbecnw = 410344
         m = 0.0769119
        m2 = 0.0110334
        m4 = 0.0226491
        Tb = 16767.3
        Ta = 45983.6
        Td = 5379.17
#       SitePat  BranchLen
              b 124490.2401073
              e 48950.2158447
              c 50121.7096867
              n 45787.1868718
              w 45787.1868718
            b:e 2111.9723495
            b:c 2471.6143778
            b:n 1731.3956868
            b:w 1731.3956868
            e:c 10409.2158167
            e:n 5239.2081758
            e:w 5239.2081758
            c:n 5067.4121572
            c:w 5067.4121572
            n:w 12551.9694956
          b:e:c 1981.7643078
          b:e:n 1076.6790090
          b:e:w 1076.6790090
          b:c:n 1087.9782295
          b:c:w 1087.9782295
          b:n:w 1943.0214684
          e:c:n 4666.3896083
          e:c:w 4666.3896083
          e:n:w 6153.6599751
          c:n:w 5663.3415942
        b:e:c:n 1987.1925382
        b:e:c:w 1987.1925382
        b:e:n:w 3310.1562283
        b:c:n:w 2590.3322107
        e:c:n:w 51809.6689737
