########################################
# legofit: estimate population history #
#       version 2.3.4-4-g53f8760       #
########################################

# Program was compiled: Sep 21 2021 14:36:42
# Program was run: Sat Sep 25 12:33:19 2021

# cmd: legofit -1 -d 0 -t 32 --ptsPerDim 3 --stateOut b1boot48.state --tol 3e-6 -S 5000 abd2.lgo ../../boot/boot48.opf
# Stage nOptItr nSimReps
#     0    5000        0
# algorithm          : deterministic
# ignoring probs <=  : 0
# Branch length floor: 0
# DE strategy        : 2
#    F               : 0.3
#    CR              : 0.8
#    tolerance       : 3e-06
# nthreads           : 32
# lgo input file     : abd2.lgo
# site pat input file: ../../boot/boot48.opf
# free parameters    : 14
# points in DE swarm : 42
# output state file  : b1boot48.state
# Including singleton site patterns.
# cost function      : KL
Initial parameter values
Fixed:
      zero = 0
       one = 1
    Tbecnw = 75200
Free:
       pc1 = 0
       pc2 = 0
       pc3 = 0
       pc4 = 0
       pc5 = 0
       pc6 = 0
       pc7 = 0
       pc8 = 0
       pc9 = 0
      pc10 = 0
      pc11 = 0
      pc12 = 0
      pc13 = 0
      pc14 = 0
Constrained:
   Tgbecnw = 120895
     Tecnw = 23985
       Tnw = 15258.6
       Tec = 16019.1
     twoNb = 628157
     twoNc = 120341
    twoNec = 79381.8
    twoNnw = 51159
  twoNecnw = 78480.5
  twoNbecnw = 15991.1
  twoNgbecnw = 350322
         m = 0.0965118
        m2 = 0.011757
        m4 = 0.0233462
        Tb = 20002.1
        Ta = 47601
        Td = 8009.56
DiffEv reached_goal. cost=1.92922e-03 spread=1.90051e-06
Fitted parameter values
Free:
       pc1 = -2.23596
       pc2 = -3.95549
       pc3 = 2.15119
       pc4 = 1.08233
       pc5 = 1.44093
       pc6 = 1.73126
       pc7 = 0.508613
       pc8 = 0.411965
       pc9 = 0.031366
      pc10 = 0.0824649
      pc11 = -0.043121
      pc12 = 0.0666768
      pc13 = -0.0132872
      pc14 = 0.039972
Constrained:
   Tgbecnw = 90208.5
     Tecnw = 22729.9
       Tnw = 13395.2
       Tec = 10943.7
     twoNb = 638039
     twoNc = 117511
    twoNec = 122537
    twoNnw = 54740.7
  twoNecnw = 74182.3
  twoNbecnw = 5585.48
  twoNgbecnw = 387095
         m = 0.0821266
        m2 = 0.0118033
        m4 = 0.0225521
        Tb = 16836.8
        Ta = 46018.4
        Td = 5471.86
#       SitePat  BranchLen
              b 124598.7180738
              e 49016.7227059
              c 50183.1443521
              n 45804.5153078
              w 45804.5153078
            b:e 2138.6089166
            b:c 2498.2715695
            b:n 1752.1170957
            b:w 1752.1170957
            e:c 10411.0813632
            e:n 5264.8140697
            e:w 5264.8140697
            c:n 5093.4842241
            c:w 5093.4842241
            n:w 12600.3414128
          b:e:c 1997.4207617
          b:e:n 1090.6488494
          b:e:w 1090.6488494
          b:c:n 1101.8059567
          b:c:w 1101.8059567
          b:n:w 1959.1731072
          e:c:n 4691.4412676
          e:c:w 4691.4412676
          e:n:w 6169.8412612
          c:n:w 5679.0789619
        b:e:c:n 2013.0496128
        b:e:c:w 2013.0496128
        b:e:n:w 3348.2482233
        b:c:n:w 2633.2715592
        e:c:n:w 51887.1246203
