########################################
# legofit: estimate population history #
#       version 2.3.4-4-g53f8760       #
########################################

# Program was compiled: Sep 21 2021 14:36:42
# Program was run: Sat Sep 25 12:25:41 2021

# cmd: legofit -1 -d 0 -t 32 --ptsPerDim 3 --stateOut b1boot3.state --tol 3e-6 -S 5000 abd2.lgo ../../boot/boot3.opf
# Stage nOptItr nSimReps
#     0    5000        0
# algorithm          : deterministic
# ignoring probs <=  : 0
# Branch length floor: 0
# DE strategy        : 2
#    F               : 0.3
#    CR              : 0.8
#    tolerance       : 3e-06
# nthreads           : 32
# lgo input file     : abd2.lgo
# site pat input file: ../../boot/boot3.opf
# free parameters    : 14
# points in DE swarm : 42
# output state file  : b1boot3.state
# Including singleton site patterns.
# cost function      : KL
Initial parameter values
Fixed:
      zero = 0
       one = 1
    Tbecnw = 75200
Free:
       pc1 = 0
       pc2 = 0
       pc3 = 0
       pc4 = 0
       pc5 = 0
       pc6 = 0
       pc7 = 0
       pc8 = 0
       pc9 = 0
      pc10 = 0
      pc11 = 0
      pc12 = 0
      pc13 = 0
      pc14 = 0
Constrained:
   Tgbecnw = 120895
     Tecnw = 23985
       Tnw = 15258.6
       Tec = 16019.1
     twoNb = 628157
     twoNc = 120341
    twoNec = 79381.8
    twoNnw = 51159
  twoNecnw = 78480.5
  twoNbecnw = 15991.1
  twoNgbecnw = 350322
         m = 0.0965118
        m2 = 0.011757
        m4 = 0.0233462
        Tb = 20002.1
        Ta = 47601
        Td = 8009.56
DiffEv reached_goal. cost=1.91980e-03 spread=2.77638e-06
Fitted parameter values
Free:
       pc1 = -1.81286
       pc2 = -3.64893
       pc3 = 3.76052
       pc4 = 1.87228
       pc5 = 0.168911
       pc6 = -0.307324
       pc7 = 0.189314
       pc8 = 0.482524
       pc9 = -0.487554
      pc10 = 0.00186477
      pc11 = 0.0861838
      pc12 = 0.0326958
      pc13 = -0.013491
      pc14 = 0.0145461
Constrained:
   Tgbecnw = 92239.1
     Tecnw = 23021.1
       Tnw = 13944.7
       Tec = 10106.8
     twoNb = 710329
     twoNc = 58193.2
    twoNec = 135001
    twoNnw = 52792.5
  twoNecnw = 73833.4
  twoNbecnw = 6270.05
  twoNgbecnw = 397921
         m = 0.0793052
        m2 = 0.0101104
        m4 = 0.024078
        Tb = 16564
        Ta = 45882
        Td = 5053.4
#       SitePat  BranchLen
              b 124990.6062644
              e 49144.7202587
              c 50408.8370493
              n 46024.3785911
              w 46024.3785911
            b:e 2142.6842456
            b:c 2513.1887967
            b:n 1774.3239079
            b:w 1774.3239079
            e:c 10470.4161350
            e:n 5276.5143529
            e:w 5276.5143529
            c:n 5094.0642367
            c:w 5094.0642367
            n:w 12612.1428506
          b:e:c 2021.4092350
          b:e:n 1103.2078363
          b:e:w 1103.2078363
          b:c:n 1114.6717896
          b:c:w 1114.6717896
          b:n:w 1983.4480263
          e:c:n 4713.8325780
          e:c:w 4713.8325780
          e:n:w 6209.4676032
          c:n:w 5689.9825487
        b:e:c:n 2033.6039703
        b:e:c:w 2033.6039703
        b:e:n:w 3386.5408265
        b:c:n:w 2613.3767236
        e:c:n:w 52073.3135452
