########################################
# legofit: estimate population history #
#       version 2.3.4-4-g53f8760       #
########################################

# Program was compiled: Sep 21 2021 14:36:42
# Program was run: Sat Sep 25 12:27:30 2021

# cmd: legofit -1 -d 0 -t 32 --ptsPerDim 3 --stateOut b1boot13.state --tol 3e-6 -S 5000 abd2.lgo ../../boot/boot13.opf
# Stage nOptItr nSimReps
#     0    5000        0
# algorithm          : deterministic
# ignoring probs <=  : 0
# Branch length floor: 0
# DE strategy        : 2
#    F               : 0.3
#    CR              : 0.8
#    tolerance       : 3e-06
# nthreads           : 32
# lgo input file     : abd2.lgo
# site pat input file: ../../boot/boot13.opf
# free parameters    : 14
# points in DE swarm : 42
# output state file  : b1boot13.state
# Including singleton site patterns.
# cost function      : KL
Initial parameter values
Fixed:
      zero = 0
       one = 1
    Tbecnw = 75200
Free:
       pc1 = 0
       pc2 = 0
       pc3 = 0
       pc4 = 0
       pc5 = 0
       pc6 = 0
       pc7 = 0
       pc8 = 0
       pc9 = 0
      pc10 = 0
      pc11 = 0
      pc12 = 0
      pc13 = 0
      pc14 = 0
Constrained:
   Tgbecnw = 120895
     Tecnw = 23985
       Tnw = 15258.6
       Tec = 16019.1
     twoNb = 628157
     twoNc = 120341
    twoNec = 79381.8
    twoNnw = 51159
  twoNecnw = 78480.5
  twoNbecnw = 15991.1
  twoNgbecnw = 350322
         m = 0.0965118
        m2 = 0.011757
        m4 = 0.0233462
        Tb = 20002.1
        Ta = 47601
        Td = 8009.56
DiffEv reached_goal. cost=1.90823e-03 spread=2.69770e-06
Fitted parameter values
Free:
       pc1 = -2.05362
       pc2 = -3.02046
       pc3 = 2.42051
       pc4 = 0.0445864
       pc5 = 0.700875
       pc6 = 0.398548
       pc7 = -0.0115954
       pc8 = -0.063663
       pc9 = -0.176557
      pc10 = 0.193341
      pc11 = -0.0465092
      pc12 = 0.103608
      pc13 = -0.0177233
      pc14 = 0.0066453
Constrained:
   Tgbecnw = 94004.4
     Tecnw = 23091.7
       Tnw = 13729
       Tec = 12404.3
     twoNb = 666282
     twoNc = 58979.2
    twoNec = 109304
    twoNnw = 54884.4
  twoNecnw = 74547.1
  twoNbecnw = 7228.99
  twoNgbecnw = 342543
         m = 0.0948266
        m2 = 0.011325
        m4 = 0.0233352
        Tb = 17748
        Ta = 46474
        Td = 6202.14
#       SitePat  BranchLen
              b 125914.3462336
              e 49498.6432706
              c 50721.6146113
              n 46292.3078960
              w 46292.3078960
            b:e 2137.5956495
            b:c 2512.0490703
            b:n 1759.8118815
            b:w 1759.8118815
            e:c 10472.0917226
            e:n 5293.7299929
            e:w 5293.7299929
            c:n 5115.9423051
            c:w 5115.9423051
            n:w 12683.4039943
          b:e:c 1999.4952621
          b:e:n 1089.9206489
          b:e:w 1089.9206489
          b:c:n 1100.2991611
          b:c:w 1100.2991611
          b:n:w 1965.2824452
          e:c:n 4740.4931494
          e:c:w 4740.4931494
          e:n:w 6230.6930448
          c:n:w 5713.1738535
        b:e:c:n 2010.4453155
        b:e:c:w 2010.4453155
        b:e:n:w 3357.2809895
        b:c:n:w 2612.1935753
        e:c:n:w 52454.2193719
