########################################
# legofit: estimate population history #
#       version 2.3.4-4-g53f8760       #
########################################

# Program was compiled: Sep 21 2021 14:36:42
# Program was run: Sat Sep 25 12:32:16 2021

# cmd: legofit -1 -d 0 -t 32 --ptsPerDim 3 --stateOut b1boot40.state --tol 3e-6 -S 5000 abd2.lgo ../../boot/boot40.opf
# Stage nOptItr nSimReps
#     0    5000        0
# algorithm          : deterministic
# ignoring probs <=  : 0
# Branch length floor: 0
# DE strategy        : 2
#    F               : 0.3
#    CR              : 0.8
#    tolerance       : 3e-06
# nthreads           : 32
# lgo input file     : abd2.lgo
# site pat input file: ../../boot/boot40.opf
# free parameters    : 14
# points in DE swarm : 42
# output state file  : b1boot40.state
# Including singleton site patterns.
# cost function      : KL
Initial parameter values
Fixed:
      zero = 0
       one = 1
    Tbecnw = 75200
Free:
       pc1 = 0
       pc2 = 0
       pc3 = 0
       pc4 = 0
       pc5 = 0
       pc6 = 0
       pc7 = 0
       pc8 = 0
       pc9 = 0
      pc10 = 0
      pc11 = 0
      pc12 = 0
      pc13 = 0
      pc14 = 0
Constrained:
   Tgbecnw = 120895
     Tecnw = 23985
       Tnw = 15258.6
       Tec = 16019.1
     twoNb = 628157
     twoNc = 120341
    twoNec = 79381.8
    twoNnw = 51159
  twoNecnw = 78480.5
  twoNbecnw = 15991.1
  twoNgbecnw = 350322
         m = 0.0965118
        m2 = 0.011757
        m4 = 0.0233462
        Tb = 20002.1
        Ta = 47601
        Td = 8009.56
DiffEv reached_goal. cost=1.90990e-03 spread=2.30822e-06
Fitted parameter values
Free:
       pc1 = -3.21237
       pc2 = -1.49184
       pc3 = 3.97324
       pc4 = -0.986526
       pc5 = 0.560266
       pc6 = 0.354828
       pc7 = 0.437069
       pc8 = -0.243531
       pc9 = -0.508631
      pc10 = 0.0362495
      pc11 = -0.131285
      pc12 = 0.239011
      pc13 = -0.00831644
      pc14 = -0.0308227
Constrained:
   Tgbecnw = 93314.9
     Tecnw = 23353.1
       Tnw = 13455.1
       Tec = 10149.3
     twoNb = 743544
     twoNc = 37283.7
    twoNec = 134903
    twoNnw = 58590.8
  twoNecnw = 76238.5
  twoNbecnw = 7545.94
  twoNgbecnw = 282737
         m = 0.120145
        m2 = 0.0106676
        m4 = 0.0233624
        Tb = 16751.2
        Ta = 45975.6
        Td = 5074.67
#       SitePat  BranchLen
              b 127123.5194137
              e 49943.6830650
              c 51171.7680164
              n 46879.0419550
              w 46879.0419550
            b:e 2166.3386869
            b:c 2551.4216960
            b:n 1792.8015943
            b:w 1792.8015943
            e:c 10681.3771905
            e:n 5341.1747340
            e:w 5341.1747340
            c:n 5163.6156270
            c:w 5163.6156270
            n:w 12786.5573088
          b:e:c 2026.6765690
          b:e:n 1110.1080472
          b:e:w 1110.1080472
          b:c:n 1119.1899184
          b:c:w 1119.1899184
          b:n:w 1995.7250302
          e:c:n 4782.2982479
          e:c:w 4782.2982479
          e:n:w 6266.1172891
          c:n:w 5736.3547009
        b:e:c:n 2047.1310576
        b:e:c:w 2047.1310576
        b:e:n:w 3371.9528323
        b:c:n:w 2625.5016157
        e:c:n:w 52982.0277249
