########################################
# legofit: estimate population history #
#       version 2.3.4-4-g53f8760       #
########################################

# Program was compiled: Sep 21 2021 14:36:42
# Program was run: Sat Sep 25 12:28:43 2021

# cmd: legofit -1 -d 0 -t 32 --ptsPerDim 3 --stateOut b1boot20.state --tol 3e-6 -S 5000 abd2.lgo ../../boot/boot20.opf
# Stage nOptItr nSimReps
#     0    5000        0
# algorithm          : deterministic
# ignoring probs <=  : 0
# Branch length floor: 0
# DE strategy        : 2
#    F               : 0.3
#    CR              : 0.8
#    tolerance       : 3e-06
# nthreads           : 32
# lgo input file     : abd2.lgo
# site pat input file: ../../boot/boot20.opf
# free parameters    : 14
# points in DE swarm : 42
# output state file  : b1boot20.state
# Including singleton site patterns.
# cost function      : KL
Initial parameter values
Fixed:
      zero = 0
       one = 1
    Tbecnw = 75200
Free:
       pc1 = 0
       pc2 = 0
       pc3 = 0
       pc4 = 0
       pc5 = 0
       pc6 = 0
       pc7 = 0
       pc8 = 0
       pc9 = 0
      pc10 = 0
      pc11 = 0
      pc12 = 0
      pc13 = 0
      pc14 = 0
Constrained:
   Tgbecnw = 120895
     Tecnw = 23985
       Tnw = 15258.6
       Tec = 16019.1
     twoNb = 628157
     twoNc = 120341
    twoNec = 79381.8
    twoNnw = 51159
  twoNecnw = 78480.5
  twoNbecnw = 15991.1
  twoNgbecnw = 350322
         m = 0.0965118
        m2 = 0.011757
        m4 = 0.0233462
        Tb = 20002.1
        Ta = 47601
        Td = 8009.56
DiffEv reached_goal. cost=1.91189e-03 spread=2.73327e-06
Fitted parameter values
Free:
       pc1 = -1.89363
       pc2 = -3.45177
       pc3 = 2.58234
       pc4 = 1.47086
       pc5 = 1.97597
       pc6 = 1.5397
       pc7 = -0.303555
       pc8 = 0.57639
       pc9 = -0.339
      pc10 = 0.0528701
      pc11 = -0.0441082
      pc12 = 0.0268925
      pc13 = -0.00129236
      pc14 = -0.0239014
Constrained:
   Tgbecnw = 93430
     Tecnw = 22788.5
       Tnw = 13941.8
       Tec = 10774.8
     twoNb = 708487
     twoNc = 34955
    twoNec = 122713
    twoNnw = 51625.9
  twoNecnw = 74405
  twoNbecnw = 6610.71
  twoNgbecnw = 401095
         m = 0.0787736
        m2 = 0.0116008
        m4 = 0.0224559
        Tb = 16781.6
        Ta = 45990.8
        Td = 5387.39
#       SitePat  BranchLen
              b 124889.6798553
              e 49089.5892397
              c 50270.2142783
              n 45957.9572302
              w 45957.9572302
            b:e 2118.8098964
            b:c 2459.5885446
            b:n 1745.6200571
            b:w 1745.6200571
            e:c 10509.0561193
            e:n 5265.9803349
            e:w 5265.9803349
            c:n 5095.3929208
            c:w 5095.3929208
            n:w 12624.1304990
          b:e:c 1989.4302257
          b:e:n 1082.0013779
          b:e:w 1082.0013779
          b:c:n 1092.3791082
          b:c:w 1092.3791082
          b:n:w 1954.5728431
          e:c:n 4706.4204975
          e:c:w 4706.4204975
          e:n:w 6159.0788974
          c:n:w 5678.7471878
        b:e:c:n 1999.1032781
        b:e:c:w 1999.1032781
        b:e:n:w 3332.2439342
        b:c:n:w 2611.5911946
        e:c:n:w 51888.9050404
