########################################
# legofit: estimate population history #
#       version 2.3.4-4-g53f8760       #
########################################

# Program was compiled: Sep 21 2021 14:36:42
# Program was run: Sun Oct 10 11:25:03 2021

# cmd: legofit -1 -d 0 -t 32 --ptsPerDim 3 --stateOut b1.state --tol 3e-6 -S 5000 ae2.lgo ../../chrX/pan_chrX.opf
# Stage nOptItr nSimReps
#     0    5000        0
# algorithm          : deterministic
# ignoring probs <=  : 0
# Branch length floor: 0
# DE strategy        : 2
#    F               : 0.3
#    CR              : 0.8
#    tolerance       : 3e-06
# nthreads           : 32
# lgo input file     : ae2.lgo
# site pat input file: ../../chrX/pan_chrX.opf
# free parameters    : 14
# points in DE swarm : 42
# output state file  : b1.state
# Including singleton site patterns.
# cost function      : KL
Initial parameter values
Fixed:
      zero = 0
       one = 1
    Tbecnw = 75200
Free:
       pc1 = 0
       pc2 = 0
       pc3 = 0
       pc4 = 0
       pc5 = 0
       pc6 = 0
       pc7 = 0
       pc8 = 0
       pc9 = 0
      pc10 = 0
      pc11 = 0
      pc12 = 0
      pc13 = 0
      pc14 = 0
Constrained:
   Tgbecnw = 106272
     Tecnw = 26857.5
       Tnw = 24188.7
       Tec = 236.661
     twoNb = 173762
     twoNe = 292789
     twoNw = 1.36088e+06
    twoNec = 170467
    twoNnw = 10273.1
  twoNecnw = 73745.8
  twoNbecnw = 15466.8
  twoNgbecnw = 117360
         m = 0.305111
        m5 = 0.137447
        Ta = 37600
        Te = 118.33
DiffEv reached_goal. cost=2.45545e-03 spread=2.18482e-06
Fitted parameter values
Free:
       pc1 = -3.72775
       pc2 = -1.0992
       pc3 = -1.12851
       pc4 = -0.638154
       pc5 = -2.15661
       pc6 = -0.46421
       pc7 = -1.29304
       pc8 = -1.77544
       pc9 = -0.270603
      pc10 = 0.365344
      pc11 = -0.14066
      pc12 = -0.00227013
      pc13 = -0.0272004
      pc14 = -0.0223133
Constrained:
   Tgbecnw = 96411.8
     Tecnw = 25614.2
       Tnw = 22169
       Tec = 62.1594
     twoNb = 88341.3
     twoNe = 82113.7
     twoNw = 2.98324e+06
    twoNec = 162633
    twoNnw = 13038.5
  twoNecnw = 67568.8
  twoNbecnw = 9656.91
  twoNgbecnw = 149369
         m = 0.204595
        m5 = 0.143498
        Ta = 37600
        Te = 31.0797
#       SitePat  BranchLen
              b 122359.3951514
              e 45737.8681185
              c 47761.4852515
              n 44710.4363006
              w 44669.7960240
            b:e 1288.1715739
            b:c 1444.5230148
            b:n 1119.3134723
            b:w 1117.4429880
            e:c 11917.0586604
            e:n 4682.2369614
            e:w 4722.8772380
            c:n 4184.2144951
            c:w 4175.2661282
            n:w 12675.3387640
          b:e:c 1416.0147857
          b:e:n 643.7487608
          b:e:w 645.6192451
          b:c:n 648.7333355
          b:c:w 646.7537967
          b:n:w 1403.0557854
          e:c:n 4250.2470288
          e:c:w 4259.1953956
          e:n:w 6044.9934097
          c:n:w 5067.0098529
        b:e:c:n 1217.1204641
        b:e:c:w 1219.1000029
        b:e:n:w 1560.2735816
        b:c:n:w 1397.8030144
        e:c:n:w 48522.5437460
