########################################
# legofit: estimate population history #
#       version 2.3.4-4-g53f8760       #
########################################

# Program was compiled: Sep 21 2021 14:36:42
# Program was run: Sun Oct 10 11:26:13 2021

# cmd: legofit -1 -d 0 -t 32 --ptsPerDim 3 --stateOut b1boot49.state --tol 3e-6 -S 5000 ae2.lgo ../../chrX/boot_chrX/boot49.opf
# Stage nOptItr nSimReps
#     0    5000        0
# algorithm          : deterministic
# ignoring probs <=  : 0
# Branch length floor: 0
# DE strategy        : 2
#    F               : 0.3
#    CR              : 0.8
#    tolerance       : 3e-06
# nthreads           : 32
# lgo input file     : ae2.lgo
# site pat input file: ../../chrX/boot_chrX/boot49.opf
# free parameters    : 14
# points in DE swarm : 42
# output state file  : b1boot49.state
# Including singleton site patterns.
# cost function      : KL
Initial parameter values
Fixed:
      zero = 0
       one = 1
    Tbecnw = 75200
Free:
       pc1 = 0
       pc2 = 0
       pc3 = 0
       pc4 = 0
       pc5 = 0
       pc6 = 0
       pc7 = 0
       pc8 = 0
       pc9 = 0
      pc10 = 0
      pc11 = 0
      pc12 = 0
      pc13 = 0
      pc14 = 0
Constrained:
   Tgbecnw = 106272
     Tecnw = 26857.5
       Tnw = 24188.7
       Tec = 236.661
     twoNb = 173762
     twoNe = 292789
     twoNw = 1.36088e+06
    twoNec = 170467
    twoNnw = 10273.1
  twoNecnw = 73745.8
  twoNbecnw = 15466.8
  twoNgbecnw = 117360
         m = 0.305111
        m5 = 0.137447
        Ta = 37600
        Te = 118.33
DiffEv reached_goal. cost=2.42819e-03 spread=2.75646e-06
Fitted parameter values
Free:
       pc1 = -3.94521
       pc2 = 0.545372
       pc3 = -1.87066
       pc4 = -0.911433
       pc5 = -3.94524
       pc6 = 0.692485
       pc7 = -0.58826
       pc8 = -1.28618
       pc9 = -1.2565
      pc10 = 0.957836
      pc11 = -0.225758
      pc12 = -0.0877919
      pc13 = 0.0826229
      pc14 = 0.0684447
Constrained:
   Tgbecnw = 94667.1
     Tecnw = 25200.4
       Tnw = 23989.8
       Tec = 18.5943
     twoNb = 189827
     twoNe = 376491
     twoNw = 3.63781e+06
    twoNec = 165927
    twoNnw = 4770.06
  twoNecnw = 66541.7
  twoNbecnw = 8885.31
  twoNgbecnw = 158784
         m = 0.186969
        m5 = 0.158205
        Ta = 37600
        Te = 9.29713
#       SitePat  BranchLen
              b 121369.5730976
              e 45368.4561795
              c 47443.3741054
              n 44618.9019868
              w 44580.0296666
            b:e 1320.1190912
            b:c 1490.9086567
            b:n 1156.5105390
            b:w 1154.6079837
            e:c 11583.5718333
            e:n 4764.2430897
            e:w 4803.1154099
            c:n 4262.7977084
            c:w 4253.8936571
            n:w 12107.7477679
          b:e:c 1428.4329978
          b:e:n 673.8269741
          b:e:w 675.7295295
          b:c:n 679.2412082
          b:c:w 677.2257126
          b:n:w 1415.2091221
          e:c:n 4303.2706252
          e:c:w 4312.1746765
          e:n:w 6102.1214280
          c:n:w 5077.8706360
        b:e:c:n 1259.7495386
        b:e:c:w 1261.7650342
        b:e:n:w 1612.7857660
        b:c:n:w 1435.0857833
        e:c:n:w 48141.4088613
