########################################
# legofit: estimate population history #
#       version 2.3.4-4-g53f8760       #
########################################

# Program was compiled: Sep 21 2021 14:36:42
# Program was run: Sun Oct 10 11:25:12 2021

# cmd: legofit -1 -d 0 -t 32 --ptsPerDim 3 --stateOut b1boot1.state --tol 3e-6 -S 5000 ae2.lgo ../../chrX/boot_chrX/boot1.opf
# Stage nOptItr nSimReps
#     0    5000        0
# algorithm          : deterministic
# ignoring probs <=  : 0
# Branch length floor: 0
# DE strategy        : 2
#    F               : 0.3
#    CR              : 0.8
#    tolerance       : 3e-06
# nthreads           : 32
# lgo input file     : ae2.lgo
# site pat input file: ../../chrX/boot_chrX/boot1.opf
# free parameters    : 14
# points in DE swarm : 42
# output state file  : b1boot1.state
# Including singleton site patterns.
# cost function      : KL
Initial parameter values
Fixed:
      zero = 0
       one = 1
    Tbecnw = 75200
Free:
       pc1 = 0
       pc2 = 0
       pc3 = 0
       pc4 = 0
       pc5 = 0
       pc6 = 0
       pc7 = 0
       pc8 = 0
       pc9 = 0
      pc10 = 0
      pc11 = 0
      pc12 = 0
      pc13 = 0
      pc14 = 0
Constrained:
   Tgbecnw = 106272
     Tecnw = 26857.5
       Tnw = 24188.7
       Tec = 236.661
     twoNb = 173762
     twoNe = 292789
     twoNw = 1.36088e+06
    twoNec = 170467
    twoNnw = 10273.1
  twoNecnw = 73745.8
  twoNbecnw = 15466.8
  twoNgbecnw = 117360
         m = 0.305111
        m5 = 0.137447
        Ta = 37600
        Te = 118.33
DiffEv reached_goal. cost=2.52243e-03 spread=2.81352e-06
Fitted parameter values
Free:
       pc1 = -3.99484
       pc2 = -0.0795938
       pc3 = -1.94258
       pc4 = -1.69134
       pc5 = -3.21843
       pc6 = 0.406259
       pc7 = -1.13181
       pc8 = -1.84957
       pc9 = 0.294972
      pc10 = 0.173842
      pc11 = 0.34339
      pc12 = 0.0812138
      pc13 = 0.0495724
      pc14 = 0.0225153
Constrained:
   Tgbecnw = 95608.5
     Tecnw = 25224.4
       Tnw = 22951
       Tec = 38.0051
     twoNb = 158503
     twoNe = 201166
     twoNw = 3.66796e+06
    twoNec = 153588
    twoNnw = 8336.67
  twoNecnw = 70950.3
  twoNbecnw = 9100.27
  twoNgbecnw = 159023
         m = 0.19333
        m5 = 0.149693
        Ta = 37600
        Te = 19.0025
#       SitePat  BranchLen
              b 122024.3991943
              e 45798.6397773
              c 47964.7246698
              n 44853.7806553
              w 44818.2563882
            b:e 1325.6743594
            b:c 1499.1750814
            b:n 1150.5045300
            b:w 1148.8147433
            e:c 12210.9231669
            e:n 4696.3018177
            e:w 4731.8260848
            c:n 4164.1296879
            c:w 4156.3119933
            n:w 12913.0662363
          b:e:c 1484.0127290
          b:e:n 660.7093850
          b:e:w 662.3991718
          b:c:n 666.1324737
          b:c:w 664.3345224
          b:n:w 1469.0666744
          e:c:n 4215.3401729
          e:c:w 4223.1578675
          e:n:w 6091.9689881
          c:n:w 5033.5703170
        b:e:c:n 1261.0186073
        b:e:c:w 1262.8165586
        b:e:n:w 1630.0583020
        b:c:n:w 1449.1991406
        e:c:n:w 48103.4684848
