########################################
# legofit: estimate population history #
#       version 2.3.4-4-g53f8760       #
########################################

# Program was compiled: Sep 21 2021 14:36:42
# Program was run: Sun Oct 10 11:25:58 2021

# cmd: legofit -1 -d 0 -t 32 --ptsPerDim 3 --stateOut b1boot39.state --tol 3e-6 -S 5000 ae2.lgo ../../chrX/boot_chrX/boot39.opf
# Stage nOptItr nSimReps
#     0    5000        0
# algorithm          : deterministic
# ignoring probs <=  : 0
# Branch length floor: 0
# DE strategy        : 2
#    F               : 0.3
#    CR              : 0.8
#    tolerance       : 3e-06
# nthreads           : 32
# lgo input file     : ae2.lgo
# site pat input file: ../../chrX/boot_chrX/boot39.opf
# free parameters    : 14
# points in DE swarm : 42
# output state file  : b1boot39.state
# Including singleton site patterns.
# cost function      : KL
Initial parameter values
Fixed:
      zero = 0
       one = 1
    Tbecnw = 75200
Free:
       pc1 = 0
       pc2 = 0
       pc3 = 0
       pc4 = 0
       pc5 = 0
       pc6 = 0
       pc7 = 0
       pc8 = 0
       pc9 = 0
      pc10 = 0
      pc11 = 0
      pc12 = 0
      pc13 = 0
      pc14 = 0
Constrained:
   Tgbecnw = 106272
     Tecnw = 26857.5
       Tnw = 24188.7
       Tec = 236.661
     twoNb = 173762
     twoNe = 292789
     twoNw = 1.36088e+06
    twoNec = 170467
    twoNnw = 10273.1
  twoNecnw = 73745.8
  twoNbecnw = 15466.8
  twoNgbecnw = 117360
         m = 0.305111
        m5 = 0.137447
        Ta = 37600
        Te = 118.33
DiffEv reached_goal. cost=2.41027e-03 spread=2.86090e-06
Fitted parameter values
Free:
       pc1 = -3.64977
       pc2 = 0.990315
       pc3 = -1.75882
       pc4 = -1.45671
       pc5 = -3.25129
       pc6 = -0.863053
       pc7 = -1.4087
       pc8 = -1.97494
       pc9 = -0.491146
      pc10 = 0.581346
      pc11 = 0.175885
      pc12 = 0.00567006
      pc13 = -0.0132943
      pc14 = 0.0620249
Constrained:
   Tgbecnw = 94603.9
     Tecnw = 24928.5
       Tnw = 24143.3
       Tec = 51.098
     twoNb = 51536.2
     twoNe = 74300.8
     twoNw = 3.40874e+06
    twoNec = 161726
    twoNnw = 3003.31
  twoNecnw = 69738.6
  twoNbecnw = 8555.06
  twoNgbecnw = 160992
         m = 0.196949
        m5 = 0.145603
        Ta = 37600
        Te = 25.549
#       SitePat  BranchLen
              b 122510.0977239
              e 45649.2679469
              c 47627.5248247
              n 44769.4782788
              w 44731.0874473
            b:e 1283.4021795
            b:c 1439.9421344
            b:n 1114.2957691
            b:w 1112.4886953
            e:c 11814.3997944
            e:n 4698.8551912
            e:w 4737.2460226
            c:n 4219.8233846
            c:w 4211.1725654
            n:w 12402.0663235
          b:e:c 1405.3913768
          b:e:n 646.0507112
          b:e:w 647.8577850
          b:c:n 651.2152625
          b:c:w 649.2950477
          b:n:w 1391.4461364
          e:c:n 4207.3028010
          e:c:w 4215.9536202
          e:n:w 5998.6510113
          c:n:w 5025.4993973
        b:e:c:n 1219.3466217
        b:e:c:w 1221.2668365
        b:e:n:w 1564.1027786
        b:c:n:w 1400.9610099
        e:c:n:w 48948.0653915
