########################################
# legofit: estimate population history #
#       version 2.3.4-4-g53f8760       #
########################################

# Program was compiled: Sep 21 2021 14:36:42
# Program was run: Sun Oct 10 11:25:12 2021

# cmd: legofit -1 -d 0 -t 32 --ptsPerDim 3 --stateOut b1boot2.state --tol 3e-6 -S 5000 ae2.lgo ../../chrX/boot_chrX/boot2.opf
# Stage nOptItr nSimReps
#     0    5000        0
# algorithm          : deterministic
# ignoring probs <=  : 0
# Branch length floor: 0
# DE strategy        : 2
#    F               : 0.3
#    CR              : 0.8
#    tolerance       : 3e-06
# nthreads           : 32
# lgo input file     : ae2.lgo
# site pat input file: ../../chrX/boot_chrX/boot2.opf
# free parameters    : 14
# points in DE swarm : 42
# output state file  : b1boot2.state
# Including singleton site patterns.
# cost function      : KL
Initial parameter values
Fixed:
      zero = 0
       one = 1
    Tbecnw = 75200
Free:
       pc1 = 0
       pc2 = 0
       pc3 = 0
       pc4 = 0
       pc5 = 0
       pc6 = 0
       pc7 = 0
       pc8 = 0
       pc9 = 0
      pc10 = 0
      pc11 = 0
      pc12 = 0
      pc13 = 0
      pc14 = 0
Constrained:
   Tgbecnw = 106272
     Tecnw = 26857.5
       Tnw = 24188.7
       Tec = 236.661
     twoNb = 173762
     twoNe = 292789
     twoNw = 1.36088e+06
    twoNec = 170467
    twoNnw = 10273.1
  twoNecnw = 73745.8
  twoNbecnw = 15466.8
  twoNgbecnw = 117360
         m = 0.305111
        m5 = 0.137447
        Ta = 37600
        Te = 118.33
DiffEv reached_goal. cost=2.47113e-03 spread=2.71202e-06
Fitted parameter values
Free:
       pc1 = -3.06531
       pc2 = 1.73985
       pc3 = -1.6645
       pc4 = -1.34153
       pc5 = -2.0926
       pc6 = -0.499468
       pc7 = 0.265828
       pc8 = -1.75766
       pc9 = 0.73465
      pc10 = 0.61563
      pc11 = 0.0805652
      pc12 = -0.0107848
      pc13 = -0.00444641
      pc14 = 0.0168734
Constrained:
   Tgbecnw = 99552.9
     Tecnw = 24601.1
       Tnw = 24005.2
       Tec = 188.234
     twoNb = 11912.1
     twoNe = 409028
     twoNw = 2.73822e+06
    twoNec = 158480
    twoNnw = 2150.38
  twoNecnw = 73902.3
  twoNbecnw = 10601.9
  twoNgbecnw = 151685
         m = 0.202441
        m5 = 0.141198
        Ta = 37600
        Te = 94.1168
#       SitePat  BranchLen
              b 122755.7264457
              e 46271.8127996
              c 48350.6485443
              n 44957.4431602
              w 44911.1981978
            b:e 1309.9008117
            b:c 1472.2945076
            b:n 1114.2977223
            b:w 1112.1385054
            e:c 12161.0909054
            e:n 4745.2078065
            e:w 4791.4527689
            c:n 4249.2015909
            c:w 4238.8374856
            n:w 13078.8291912
          b:e:c 1444.1881200
          b:e:n 644.5642830
          b:e:w 646.7234999
          b:c:n 650.0753324
          b:c:w 647.7833906
          b:n:w 1428.8127609
          e:c:n 4193.2254551
          e:c:w 4203.5895604
          e:n:w 6172.6863378
          c:n:w 5142.4720920
        b:e:c:n 1216.9021646
        b:e:c:w 1219.1941064
        b:e:n:w 1595.7853584
        b:c:n:w 1426.8207224
        e:c:n:w 48068.8837536
