########################################
# legofit: estimate population history #
#       version 2.3.4-4-g53f8760       #
########################################

# Program was compiled: Sep 21 2021 14:36:42
# Program was run: Sun Oct 10 11:26:07 2021

# cmd: legofit -1 -d 0 -t 32 --ptsPerDim 3 --stateOut b1boot42.state --tol 3e-6 -S 5000 ae2.lgo ../../chrX/boot_chrX/boot42.opf
# Stage nOptItr nSimReps
#     0    5000        0
# algorithm          : deterministic
# ignoring probs <=  : 0
# Branch length floor: 0
# DE strategy        : 2
#    F               : 0.3
#    CR              : 0.8
#    tolerance       : 3e-06
# nthreads           : 32
# lgo input file     : ae2.lgo
# site pat input file: ../../chrX/boot_chrX/boot42.opf
# free parameters    : 14
# points in DE swarm : 42
# output state file  : b1boot42.state
# Including singleton site patterns.
# cost function      : KL
Initial parameter values
Fixed:
      zero = 0
       one = 1
    Tbecnw = 75200
Free:
       pc1 = 0
       pc2 = 0
       pc3 = 0
       pc4 = 0
       pc5 = 0
       pc6 = 0
       pc7 = 0
       pc8 = 0
       pc9 = 0
      pc10 = 0
      pc11 = 0
      pc12 = 0
      pc13 = 0
      pc14 = 0
Constrained:
   Tgbecnw = 106272
     Tecnw = 26857.5
       Tnw = 24188.7
       Tec = 236.661
     twoNb = 173762
     twoNe = 292789
     twoNw = 1.36088e+06
    twoNec = 170467
    twoNnw = 10273.1
  twoNecnw = 73745.8
  twoNbecnw = 15466.8
  twoNgbecnw = 117360
         m = 0.305111
        m5 = 0.137447
        Ta = 37600
        Te = 118.33
DiffEv reached_goal. cost=2.44716e-03 spread=2.36356e-06
Fitted parameter values
Free:
       pc1 = -2.19275
       pc2 = 0.767859
       pc3 = -1.99539
       pc4 = -1.3979
       pc5 = -3.75429
       pc6 = 0.82927
       pc7 = -1.33396
       pc8 = -1.30712
       pc9 = -0.683313
      pc10 = 0.64972
      pc11 = -0.27182
      pc12 = 0.120313
      pc13 = -0.144986
      pc14 = 0.0258991
Constrained:
   Tgbecnw = 96170.2
     Tecnw = 25570.9
       Tnw = 24721.2
       Tec = 56.5031
     twoNb = 253404
     twoNe = 227246
     twoNw = 3.74116e+06
    twoNec = 165549
    twoNnw = 3222.05
  twoNecnw = 71227
  twoNbecnw = 10017.9
  twoNgbecnw = 134635
         m = 0.243055
        m5 = 0.153842
        Ta = 37600
        Te = 28.2515
#       SitePat  BranchLen
              b 124318.0753003
              e 46539.8150283
              c 48674.5157450
              n 45627.8279096
              w 45589.3168130
            b:e 1309.1697922
            b:c 1479.1937094
            b:n 1135.1389436
            b:w 1133.3231434
            e:c 11942.7369745
            e:n 4785.3117322
            e:w 4823.8228287
            c:n 4267.5749375
            c:w 4258.9426586
            n:w 12583.6327007
          b:e:c 1430.2629500
          b:e:n 659.0155828
          b:e:w 660.8313829
          b:c:n 664.3124705
          b:c:w 662.3877090
          b:n:w 1416.3387346
          e:c:n 4261.8009331
          e:c:w 4270.4332120
          e:n:w 6149.8562476
          c:n:w 5097.7724957
        b:e:c:n 1237.5044914
        b:e:c:w 1239.4292529
        b:e:n:w 1600.7803603
        b:c:n:w 1423.9032293
        e:c:n:w 49458.8962839
