########################################
# legofit: estimate population history #
#       version 2.3.4-4-g53f8760       #
########################################

# Program was compiled: Sep 21 2021 14:36:42
# Program was run: Sun Oct 10 11:25:49 2021

# cmd: legofit -1 -d 0 -t 32 --ptsPerDim 3 --stateOut b1boot34.state --tol 3e-6 -S 5000 ae2.lgo ../../chrX/boot_chrX/boot34.opf
# Stage nOptItr nSimReps
#     0    5000        0
# algorithm          : deterministic
# ignoring probs <=  : 0
# Branch length floor: 0
# DE strategy        : 2
#    F               : 0.3
#    CR              : 0.8
#    tolerance       : 3e-06
# nthreads           : 32
# lgo input file     : ae2.lgo
# site pat input file: ../../chrX/boot_chrX/boot34.opf
# free parameters    : 14
# points in DE swarm : 42
# output state file  : b1boot34.state
# Including singleton site patterns.
# cost function      : KL
Initial parameter values
Fixed:
      zero = 0
       one = 1
    Tbecnw = 75200
Free:
       pc1 = 0
       pc2 = 0
       pc3 = 0
       pc4 = 0
       pc5 = 0
       pc6 = 0
       pc7 = 0
       pc8 = 0
       pc9 = 0
      pc10 = 0
      pc11 = 0
      pc12 = 0
      pc13 = 0
      pc14 = 0
Constrained:
   Tgbecnw = 106272
     Tecnw = 26857.5
       Tnw = 24188.7
       Tec = 236.661
     twoNb = 173762
     twoNe = 292789
     twoNw = 1.36088e+06
    twoNec = 170467
    twoNnw = 10273.1
  twoNecnw = 73745.8
  twoNbecnw = 15466.8
  twoNgbecnw = 117360
         m = 0.305111
        m5 = 0.137447
        Ta = 37600
        Te = 118.33
DiffEv reached_goal. cost=2.26842e-03 spread=2.74027e-06
Fitted parameter values
Free:
       pc1 = -3.92006
       pc2 = -1.2022
       pc3 = -1.8572
       pc4 = -1.7975
       pc5 = -3.04327
       pc6 = -0.109001
       pc7 = -0.115562
       pc8 = -0.168346
       pc9 = -0.377014
      pc10 = -0.120618
      pc11 = -0.341177
      pc12 = -0.162565
      pc13 = -0.0927245
      pc14 = -0.0228955
Constrained:
   Tgbecnw = 95878.4
     Tecnw = 25693.3
       Tnw = 22775.2
       Tec = 42.4222
     twoNb = 84205.9
     twoNe = 229507
     twoNw = 2.83006e+06
    twoNec = 152458
    twoNnw = 11187
  twoNecnw = 67861.8
  twoNbecnw = 9473.93
  twoNgbecnw = 143793
         m = 0.221287
        m5 = 0.166523
        Ta = 37600
        Te = 21.2111
#       SitePat  BranchLen
              b 123222.4119337
              e 45389.0587395
              c 47697.2898327
              n 44888.1229404
              w 44837.1487032
            b:e 1230.4870627
            b:c 1405.0407538
            b:n 1093.7377199
            b:w 1091.4449968
            e:c 12001.0699362
            e:n 4721.0672964
            e:w 4772.0415336
            c:n 4155.1052538
            c:w 4143.8853932
            n:w 12449.7340522
          b:e:c 1368.8560970
          b:e:n 625.6053763
          b:e:w 627.8980994
          b:c:n 631.3770859
          b:c:w 628.9514633
          b:n:w 1357.4503298
          e:c:n 4258.8151892
          e:c:w 4270.0350497
          e:n:w 6053.3559228
          c:n:w 4939.2430125
        b:e:c:n 1187.6290541
        b:e:c:w 1190.0546767
        b:e:n:w 1516.1095649
        b:c:n:w 1334.7308002
        e:c:n:w 49299.7014162
