########################################
# legofit: estimate population history #
#       version 2.3.4-4-g53f8760       #
########################################

# Program was compiled: Sep 21 2021 14:36:42
# Program was run: Sun Oct 10 11:25:20 2021

# cmd: legofit -1 -d 0 -t 32 --ptsPerDim 3 --stateOut b1boot9.state --tol 3e-6 -S 5000 ae2.lgo ../../chrX/boot_chrX/boot9.opf
# Stage nOptItr nSimReps
#     0    5000        0
# algorithm          : deterministic
# ignoring probs <=  : 0
# Branch length floor: 0
# DE strategy        : 2
#    F               : 0.3
#    CR              : 0.8
#    tolerance       : 3e-06
# nthreads           : 32
# lgo input file     : ae2.lgo
# site pat input file: ../../chrX/boot_chrX/boot9.opf
# free parameters    : 14
# points in DE swarm : 42
# output state file  : b1boot9.state
# Including singleton site patterns.
# cost function      : KL
Initial parameter values
Fixed:
      zero = 0
       one = 1
    Tbecnw = 75200
Free:
       pc1 = 0
       pc2 = 0
       pc3 = 0
       pc4 = 0
       pc5 = 0
       pc6 = 0
       pc7 = 0
       pc8 = 0
       pc9 = 0
      pc10 = 0
      pc11 = 0
      pc12 = 0
      pc13 = 0
      pc14 = 0
Constrained:
   Tgbecnw = 106272
     Tecnw = 26857.5
       Tnw = 24188.7
       Tec = 236.661
     twoNb = 173762
     twoNe = 292789
     twoNw = 1.36088e+06
    twoNec = 170467
    twoNnw = 10273.1
  twoNecnw = 73745.8
  twoNbecnw = 15466.8
  twoNgbecnw = 117360
         m = 0.305111
        m5 = 0.137447
        Ta = 37600
        Te = 118.33
DiffEv reached_goal. cost=2.44117e-03 spread=2.53290e-06
Fitted parameter values
Free:
       pc1 = -3.94372
       pc2 = 0.521815
       pc3 = -1.97685
       pc4 = -1.28535
       pc5 = -2.54648
       pc6 = -0.6015
       pc7 = -1.66011
       pc8 = -1.87036
       pc9 = -0.160485
      pc10 = -0.114868
      pc11 = 0.073691
      pc12 = -0.0544982
      pc13 = -0.0402026
      pc14 = 0.0432802
Constrained:
   Tgbecnw = 94082.7
     Tecnw = 25044.8
       Tnw = 23522
       Tec = 1.34616
     twoNb = 125781
     twoNe = 58856.5
     twoNw = 3.15544e+06
    twoNec = 155354
    twoNnw = 5725.39
  twoNecnw = 69099.3
  twoNbecnw = 8425.37
  twoNgbecnw = 155471
         m = 0.199863
        m5 = 0.141438
        Ta = 37600
        Te = 0.673078
#       SitePat  BranchLen
              b 121682.4941025
              e 45376.7528019
              c 47335.6413628
              n 44590.1971746
              w 44550.8407133
            b:e 1257.1672193
            b:c 1409.0332222
            b:n 1095.5267425
            b:w 1093.7165384
            e:c 12030.4747519
            e:n 4625.0255009
            e:w 4664.3819621
            c:n 4149.9840425
            c:w 4141.2161998
            n:w 12548.5119927
          b:e:c 1397.0930482
          b:e:n 627.8409646
          b:e:w 629.6511687
          b:c:n 632.8506428
          b:c:w 630.9284496
          b:n:w 1383.8936069
          e:c:n 4197.2610651
          e:c:w 4206.0289078
          e:n:w 5949.6265541
          c:n:w 4988.9452140
        b:e:c:n 1197.1340513
        b:e:c:w 1199.0562445
        b:e:n:w 1528.8496505
        b:c:n:w 1370.6966886
        e:c:n:w 48249.5884496
