########################################
# legofit: estimate population history #
#       version 2.3.4-4-g53f8760       #
########################################

# Program was compiled: Sep 21 2021 14:36:42
# Program was run: Sun Oct 10 11:26:13 2021

# cmd: legofit -1 -d 0 -t 32 --ptsPerDim 3 --stateOut b1boot47.state --tol 3e-6 -S 5000 ae2.lgo ../../chrX/boot_chrX/boot47.opf
# Stage nOptItr nSimReps
#     0    5000        0
# algorithm          : deterministic
# ignoring probs <=  : 0
# Branch length floor: 0
# DE strategy        : 2
#    F               : 0.3
#    CR              : 0.8
#    tolerance       : 3e-06
# nthreads           : 32
# lgo input file     : ae2.lgo
# site pat input file: ../../chrX/boot_chrX/boot47.opf
# free parameters    : 14
# points in DE swarm : 42
# output state file  : b1boot47.state
# Including singleton site patterns.
# cost function      : KL
Initial parameter values
Fixed:
      zero = 0
       one = 1
    Tbecnw = 75200
Free:
       pc1 = 0
       pc2 = 0
       pc3 = 0
       pc4 = 0
       pc5 = 0
       pc6 = 0
       pc7 = 0
       pc8 = 0
       pc9 = 0
      pc10 = 0
      pc11 = 0
      pc12 = 0
      pc13 = 0
      pc14 = 0
Constrained:
   Tgbecnw = 106272
     Tecnw = 26857.5
       Tnw = 24188.7
       Tec = 236.661
     twoNb = 173762
     twoNe = 292789
     twoNw = 1.36088e+06
    twoNec = 170467
    twoNnw = 10273.1
  twoNecnw = 73745.8
  twoNbecnw = 15466.8
  twoNgbecnw = 117360
         m = 0.305111
        m5 = 0.137447
        Ta = 37600
        Te = 118.33
DiffEv reached_goal. cost=2.47702e-03 spread=2.75033e-06
Fitted parameter values
Free:
       pc1 = -2.94651
       pc2 = -0.339966
       pc3 = -1.98671
       pc4 = -1.68992
       pc5 = -2.04348
       pc6 = 0.888445
       pc7 = -1.89538
       pc8 = -0.604097
       pc9 = -0.00374552
      pc10 = 0.442153
      pc11 = -0.438248
      pc12 = -0.00809257
      pc13 = -0.164435
      pc14 = -0.0198176
Constrained:
   Tgbecnw = 96631.8
     Tecnw = 25495.4
       Tnw = 23100
       Tec = 355.635
     twoNb = 358026
     twoNe = 81695.9
     twoNw = 3.00602e+06
    twoNec = 157604
    twoNnw = 9138.25
  twoNecnw = 70919.5
  twoNbecnw = 10032.8
  twoNgbecnw = 132674
         m = 0.23855
        m5 = 0.152209
        Ta = 37600
        Te = 177.818
#       SitePat  BranchLen
              b 123056.3955688
              e 46167.7634336
              c 48314.4297443
              n 45304.1494664
              w 45259.7127839
            b:e 1248.0450690
            b:c 1408.5436733
            b:n 1092.3591122
            b:w 1090.3692456
            e:c 12012.5732839
            e:n 4751.9968391
            e:w 4796.4335216
            c:n 4222.8673159
            c:w 4213.0854883
            n:w 12684.4291888
          b:e:c 1374.3096350
          b:e:n 628.6097375
          b:e:w 630.5996041
          b:c:n 633.8364469
          b:c:w 631.7295209
          b:n:w 1361.9141350
          e:c:n 4237.1071873
          e:c:w 4246.8890149
          e:n:w 6046.4020371
          c:n:w 5012.2132828
        b:e:c:n 1188.3731575
        b:e:c:w 1190.4800835
        b:e:n:w 1522.1799280
        b:c:n:w 1355.3246975
        e:c:n:w 48371.3070830
