########################################
# legofit: estimate population history #
#       version 2.3.4-4-g53f8760       #
########################################

# Program was compiled: Sep 21 2021 14:36:42
# Program was run: Sun Oct 10 11:25:35 2021

# cmd: legofit -1 -d 0 -t 32 --ptsPerDim 3 --stateOut b1boot21.state --tol 3e-6 -S 5000 ae2.lgo ../../chrX/boot_chrX/boot21.opf
# Stage nOptItr nSimReps
#     0    5000        0
# algorithm          : deterministic
# ignoring probs <=  : 0
# Branch length floor: 0
# DE strategy        : 2
#    F               : 0.3
#    CR              : 0.8
#    tolerance       : 3e-06
# nthreads           : 32
# lgo input file     : ae2.lgo
# site pat input file: ../../chrX/boot_chrX/boot21.opf
# free parameters    : 14
# points in DE swarm : 42
# output state file  : b1boot21.state
# Including singleton site patterns.
# cost function      : KL
Initial parameter values
Fixed:
      zero = 0
       one = 1
    Tbecnw = 75200
Free:
       pc1 = 0
       pc2 = 0
       pc3 = 0
       pc4 = 0
       pc5 = 0
       pc6 = 0
       pc7 = 0
       pc8 = 0
       pc9 = 0
      pc10 = 0
      pc11 = 0
      pc12 = 0
      pc13 = 0
      pc14 = 0
Constrained:
   Tgbecnw = 106272
     Tecnw = 26857.5
       Tnw = 24188.7
       Tec = 236.661
     twoNb = 173762
     twoNe = 292789
     twoNw = 1.36088e+06
    twoNec = 170467
    twoNnw = 10273.1
  twoNecnw = 73745.8
  twoNbecnw = 15466.8
  twoNgbecnw = 117360
         m = 0.305111
        m5 = 0.137447
        Ta = 37600
        Te = 118.33
DiffEv reached_goal. cost=2.54178e-03 spread=2.48442e-06
Fitted parameter values
Free:
       pc1 = -3.08909
       pc2 = 1.18832
       pc3 = -1.86264
       pc4 = -1.20343
       pc5 = -2.53112
       pc6 = -0.436414
       pc7 = -1.77304
       pc8 = -1.90837
       pc9 = 0.144252
      pc10 = 0.199186
      pc11 = -0.256964
      pc12 = -0.0941559
      pc13 = -0.0754312
      pc14 = 0.0222808
Constrained:
   Tgbecnw = 95946.2
     Tecnw = 24823.9
       Tnw = 23995.8
       Tec = 17.6686
     twoNb = 161934
     twoNe = 70749.7
     twoNw = 3.18079e+06
    twoNec = 159641
    twoNnw = 3062.54
  twoNecnw = 71095.4
  twoNbecnw = 9538.6
  twoNgbecnw = 143734
         m = 0.217745
        m5 = 0.138893
        Ta = 37600
        Te = 8.83428
#       SitePat  BranchLen
              b 122625.7457711
              e 45880.3498756
              c 47848.3938038
              n 44806.3448274
              w 44767.1953162
            b:e 1293.4235105
            b:c 1447.9011440
            b:n 1111.3276708
            b:w 1109.4994520
            e:c 12081.4164750
            e:n 4699.0630657
            e:w 4738.2125769
            c:n 4226.8750713
            c:w 4218.0502604
            n:w 12787.7825456
          b:e:c 1425.2078867
          b:e:n 640.7105749
          b:e:w 642.5387937
          b:c:n 645.7097091
          b:c:w 643.7705922
          b:n:w 1410.9912099
          e:c:n 4230.2122453
          e:c:w 4239.0370562
          e:n:w 6093.7071566
          c:n:w 5118.0135393
        b:e:c:n 1212.6055203
        b:e:c:w 1214.5446372
        b:e:n:w 1568.3948045
        b:c:n:w 1407.6862383
        e:c:n:w 48440.6333362
