########################################
# legofit: estimate population history #
#       version 2.3.4-4-g53f8760       #
########################################

# Program was compiled: Sep 21 2021 14:36:42
# Program was run: Sun Oct 10 11:25:35 2021

# cmd: legofit -1 -d 0 -t 32 --ptsPerDim 3 --stateOut b1boot20.state --tol 3e-6 -S 5000 ae2.lgo ../../chrX/boot_chrX/boot20.opf
# Stage nOptItr nSimReps
#     0    5000        0
# algorithm          : deterministic
# ignoring probs <=  : 0
# Branch length floor: 0
# DE strategy        : 2
#    F               : 0.3
#    CR              : 0.8
#    tolerance       : 3e-06
# nthreads           : 32
# lgo input file     : ae2.lgo
# site pat input file: ../../chrX/boot_chrX/boot20.opf
# free parameters    : 14
# points in DE swarm : 42
# output state file  : b1boot20.state
# Including singleton site patterns.
# cost function      : KL
Initial parameter values
Fixed:
      zero = 0
       one = 1
    Tbecnw = 75200
Free:
       pc1 = 0
       pc2 = 0
       pc3 = 0
       pc4 = 0
       pc5 = 0
       pc6 = 0
       pc7 = 0
       pc8 = 0
       pc9 = 0
      pc10 = 0
      pc11 = 0
      pc12 = 0
      pc13 = 0
      pc14 = 0
Constrained:
   Tgbecnw = 106272
     Tecnw = 26857.5
       Tnw = 24188.7
       Tec = 236.661
     twoNb = 173762
     twoNe = 292789
     twoNw = 1.36088e+06
    twoNec = 170467
    twoNnw = 10273.1
  twoNecnw = 73745.8
  twoNbecnw = 15466.8
  twoNgbecnw = 117360
         m = 0.305111
        m5 = 0.137447
        Ta = 37600
        Te = 118.33
DiffEv reached_goal. cost=2.49230e-03 spread=2.34263e-06
Fitted parameter values
Free:
       pc1 = -3.48189
       pc2 = 1.23222
       pc3 = -1.9623
       pc4 = -1.04969
       pc5 = -0.378298
       pc6 = 0.499341
       pc7 = -1.35115
       pc8 = -1.23155
       pc9 = -0.356817
      pc10 = 0.967854
      pc11 = -0.175932
      pc12 = -0.0694832
      pc13 = 0.0118198
      pc14 = 0.0176472
Constrained:
   Tgbecnw = 96457.8
     Tecnw = 24909.3
       Tnw = 23544
       Tec = 714.455
     twoNb = 325325
     twoNe = 259354
     twoNw = 2.32508e+06
    twoNec = 160949
    twoNnw = 5081.11
  twoNecnw = 69897.9
  twoNbecnw = 9626.2
  twoNgbecnw = 150030
         m = 0.205203
        m5 = 0.135501
        Ta = 37600
        Te = 357.227
#       SitePat  BranchLen
              b 122419.2557505
              e 45936.1010886
              c 47859.1202972
              n 44663.0769052
              w 44612.7497411
            b:e 1309.5110083
            b:c 1461.0582483
            b:n 1119.8319842
            b:w 1117.4546614
            e:c 11871.2369484
            e:n 4698.4814753
            e:w 4748.8086394
            c:n 4242.1599684
            c:w 4230.7676220
            n:w 12741.9507292
          b:e:c 1429.7575713
          b:e:n 648.2719910
          b:e:w 650.6493139
          b:c:n 653.7501305
          b:c:w 651.2301725
          b:n:w 1415.2763430
          e:c:n 4230.7545193
          e:c:w 4242.1468657
          e:n:w 6099.7626235
          c:n:w 5151.1059392
        b:e:c:n 1220.4370089
        b:e:c:w 1222.9569669
        b:e:n:w 1581.6226407
        b:c:n:w 1424.0164026
        e:c:n:w 48434.5815327
