########################################
# legofit: estimate population history #
#       version 2.3.4-4-g53f8760       #
########################################

# Program was compiled: Sep 21 2021 14:36:42
# Program was run: Sun Oct 10 11:25:20 2021

# cmd: legofit -1 -d 0 -t 32 --ptsPerDim 3 --stateOut b1boot8.state --tol 3e-6 -S 5000 ae2.lgo ../../chrX/boot_chrX/boot8.opf
# Stage nOptItr nSimReps
#     0    5000        0
# algorithm          : deterministic
# ignoring probs <=  : 0
# Branch length floor: 0
# DE strategy        : 2
#    F               : 0.3
#    CR              : 0.8
#    tolerance       : 3e-06
# nthreads           : 32
# lgo input file     : ae2.lgo
# site pat input file: ../../chrX/boot_chrX/boot8.opf
# free parameters    : 14
# points in DE swarm : 42
# output state file  : b1boot8.state
# Including singleton site patterns.
# cost function      : KL
Initial parameter values
Fixed:
      zero = 0
       one = 1
    Tbecnw = 75200
Free:
       pc1 = 0
       pc2 = 0
       pc3 = 0
       pc4 = 0
       pc5 = 0
       pc6 = 0
       pc7 = 0
       pc8 = 0
       pc9 = 0
      pc10 = 0
      pc11 = 0
      pc12 = 0
      pc13 = 0
      pc14 = 0
Constrained:
   Tgbecnw = 106272
     Tecnw = 26857.5
       Tnw = 24188.7
       Tec = 236.661
     twoNb = 173762
     twoNe = 292789
     twoNw = 1.36088e+06
    twoNec = 170467
    twoNnw = 10273.1
  twoNecnw = 73745.8
  twoNbecnw = 15466.8
  twoNgbecnw = 117360
         m = 0.305111
        m5 = 0.137447
        Ta = 37600
        Te = 118.33
DiffEv reached_goal. cost=2.41846e-03 spread=2.50171e-06
Fitted parameter values
Free:
       pc1 = -3.94837
       pc2 = 0.505966
       pc3 = -1.83871
       pc4 = -1.64104
       pc5 = -3.10634
       pc6 = -0.105685
       pc7 = -1.52313
       pc8 = -0.832994
       pc9 = 0.137501
      pc10 = 0.506673
      pc11 = 0.225503
      pc12 = -0.0396863
      pc13 = 0.105882
      pc14 = 0.0505141
Constrained:
   Tgbecnw = 95655.2
     Tecnw = 24936.7
       Tnw = 23460.8
       Tec = 29.277
     twoNb = 202316
     twoNe = 84107.7
     twoNw = 3.15711e+06
    twoNec = 157179
    twoNnw = 5504.19
  twoNecnw = 71006.1
  twoNbecnw = 9169.05
  twoNgbecnw = 162693
         m = 0.191984
        m5 = 0.154385
        Ta = 37600
        Te = 14.6385
#       SitePat  BranchLen
              b 122829.1513017
              e 45795.8159872
              c 47992.4971623
              n 44833.6217764
              w 44790.3448410
            b:e 1363.0688253
            b:c 1544.3447344
            b:n 1182.2131115
            b:w 1180.0806341
            e:c 12059.4098954
            e:n 4775.7918740
            e:w 4819.0688094
            c:n 4244.2779262
            c:w 4234.5544839
            n:w 12771.7484575
          b:e:c 1507.4999734
          b:e:n 684.6360946
          b:e:w 686.7685720
          b:c:n 690.7075229
          b:c:w 688.4384777
          b:n:w 1491.9786948
          e:c:n 4267.9813268
          e:c:w 4277.7047691
          e:n:w 6183.0042027
          c:n:w 5102.3513009
        b:e:c:n 1295.6980906
        b:e:c:w 1297.9671357
        b:e:n:w 1679.4224203
        b:c:n:w 1490.4051773
        e:c:n:w 48918.5427899
