########################################
# legofit: estimate population history #
#       version 2.3.4-4-g53f8760       #
########################################

# Program was compiled: Sep 21 2021 14:36:42
# Program was run: Sun Oct 10 11:25:20 2021

# cmd: legofit -1 -d 0 -t 32 --ptsPerDim 3 --stateOut b1boot6.state --tol 3e-6 -S 5000 ae2.lgo ../../chrX/boot_chrX/boot6.opf
# Stage nOptItr nSimReps
#     0    5000        0
# algorithm          : deterministic
# ignoring probs <=  : 0
# Branch length floor: 0
# DE strategy        : 2
#    F               : 0.3
#    CR              : 0.8
#    tolerance       : 3e-06
# nthreads           : 32
# lgo input file     : ae2.lgo
# site pat input file: ../../chrX/boot_chrX/boot6.opf
# free parameters    : 14
# points in DE swarm : 42
# output state file  : b1boot6.state
# Including singleton site patterns.
# cost function      : KL
Initial parameter values
Fixed:
      zero = 0
       one = 1
    Tbecnw = 75200
Free:
       pc1 = 0
       pc2 = 0
       pc3 = 0
       pc4 = 0
       pc5 = 0
       pc6 = 0
       pc7 = 0
       pc8 = 0
       pc9 = 0
      pc10 = 0
      pc11 = 0
      pc12 = 0
      pc13 = 0
      pc14 = 0
Constrained:
   Tgbecnw = 106272
     Tecnw = 26857.5
       Tnw = 24188.7
       Tec = 236.661
     twoNb = 173762
     twoNe = 292789
     twoNw = 1.36088e+06
    twoNec = 170467
    twoNnw = 10273.1
  twoNecnw = 73745.8
  twoNbecnw = 15466.8
  twoNgbecnw = 117360
         m = 0.305111
        m5 = 0.137447
        Ta = 37600
        Te = 118.33
DiffEv reached_goal. cost=2.29350e-03 spread=2.97417e-06
Fitted parameter values
Free:
       pc1 = -2.80665
       pc2 = 1.03003
       pc3 = -1.77473
       pc4 = -0.315709
       pc5 = -1.95622
       pc6 = -0.373617
       pc7 = -0.864933
       pc8 = -0.879038
       pc9 = -1.08282
      pc10 = 0.597996
      pc11 = -0.776162
      pc12 = -0.177582
      pc13 = -0.075581
      pc14 = -0.000132425
Constrained:
   Tgbecnw = 95405.9
     Tecnw = 25219.3
       Tnw = 24325.5
       Tec = 129.472
     twoNb = 178852
     twoNe = 254653
     twoNw = 2.4181e+06
    twoNec = 168253
    twoNnw = 3446.45
  twoNecnw = 67418
  twoNbecnw = 9782.83
  twoNgbecnw = 135281
         m = 0.229629
        m5 = 0.144696
        Ta = 37600
        Te = 64.736
#       SitePat  BranchLen
              b 122899.3194902
              e 45758.5224862
              c 47714.1080252
              n 44809.3018458
              w 44755.3154019
            b:e 1296.7573588
            b:c 1452.6614231
            b:n 1122.5562595
            b:w 1119.9943930
            e:c 11721.1815979
            e:n 4739.8968257
            e:w 4793.8832696
            c:n 4281.1935039
            c:w 4268.7794400
            n:w 12338.9638863
          b:e:c 1400.5909114
          b:e:n 651.0033019
          b:e:w 653.5651684
          b:c:n 656.5944101
          b:c:w 653.8887548
          b:n:w 1387.7843635
          e:c:n 4312.9629046
          e:c:w 4325.3769686
          e:n:w 6141.2834737
          c:n:w 5169.5050862
        b:e:c:n 1216.5089260
        b:e:c:w 1219.2145812
        b:e:n:w 1565.0117457
        b:c:n:w 1403.1929868
        e:c:n:w 48902.8845544
