########################################
# legofit: estimate population history #
#       version 2.3.4-4-g53f8760       #
########################################

# Program was compiled: Sep 21 2021 14:36:42
# Program was run: Sun Oct 10 11:25:41 2021

# cmd: legofit -1 -d 0 -t 32 --ptsPerDim 3 --stateOut b1boot24.state --tol 3e-6 -S 5000 ae2.lgo ../../chrX/boot_chrX/boot24.opf
# Stage nOptItr nSimReps
#     0    5000        0
# algorithm          : deterministic
# ignoring probs <=  : 0
# Branch length floor: 0
# DE strategy        : 2
#    F               : 0.3
#    CR              : 0.8
#    tolerance       : 3e-06
# nthreads           : 32
# lgo input file     : ae2.lgo
# site pat input file: ../../chrX/boot_chrX/boot24.opf
# free parameters    : 14
# points in DE swarm : 42
# output state file  : b1boot24.state
# Including singleton site patterns.
# cost function      : KL
Initial parameter values
Fixed:
      zero = 0
       one = 1
    Tbecnw = 75200
Free:
       pc1 = 0
       pc2 = 0
       pc3 = 0
       pc4 = 0
       pc5 = 0
       pc6 = 0
       pc7 = 0
       pc8 = 0
       pc9 = 0
      pc10 = 0
      pc11 = 0
      pc12 = 0
      pc13 = 0
      pc14 = 0
Constrained:
   Tgbecnw = 106272
     Tecnw = 26857.5
       Tnw = 24188.7
       Tec = 236.661
     twoNb = 173762
     twoNe = 292789
     twoNw = 1.36088e+06
    twoNec = 170467
    twoNnw = 10273.1
  twoNecnw = 73745.8
  twoNbecnw = 15466.8
  twoNgbecnw = 117360
         m = 0.305111
        m5 = 0.137447
        Ta = 37600
        Te = 118.33
DiffEv reached_goal. cost=2.54674e-03 spread=2.70145e-06
Fitted parameter values
Free:
       pc1 = -3.50551
       pc2 = 0.538899
       pc3 = -1.95794
       pc4 = -1.87245
       pc5 = -3.95435
       pc6 = -0.0348801
       pc7 = -0.871402
       pc8 = -1.46458
       pc9 = -0.319718
      pc10 = 0.512597
      pc11 = -0.159212
      pc12 = -0.0287447
      pc13 = -0.0194039
      pc14 = 0.0367241
Constrained:
   Tgbecnw = 95377.6
     Tecnw = 25050.5
       Tnw = 24000.5
       Tec = 13.7749
     twoNb = 96627
     twoNe = 195631
     twoNw = 3.68978e+06
    twoNec = 158800
    twoNnw = 4012.27
  twoNecnw = 70176.1
  twoNbecnw = 9226.28
  twoNgbecnw = 150727
         m = 0.205685
        m5 = 0.157183
        Ta = 37600
        Te = 6.88746
#       SitePat  BranchLen
              b 122346.0346327
              e 45736.4635398
              c 47895.0448304
              n 44955.6558538
              w 44917.2087224
            b:e 1308.6550741
            b:c 1482.0359848
            b:n 1143.5839009
            b:w 1141.7438679
            e:c 11926.4296331
            e:n 4772.7326701
            e:w 4811.1798016
            c:n 4247.7297381
            c:w 4239.0559845
            n:w 12492.5563945
          b:e:c 1437.9503483
          b:e:n 662.4965583
          b:e:w 664.3365913
          b:c:n 667.9958629
          b:c:w 666.0423002
          b:n:w 1424.1062136
          e:c:n 4265.9746560
          e:c:w 4274.6484097
          e:n:w 6114.2339391
          c:n:w 5052.7793976
        b:e:c:n 1249.5194523
        b:e:c:w 1251.4730150
        b:e:n:w 1607.3149755
        b:c:n:w 1426.7290514
        e:c:n:w 48396.6091650
