########################################
# legofit: estimate population history #
#       version 2.3.4-4-g53f8760       #
########################################

# Program was compiled: Sep 21 2021 14:36:42
# Program was run: Sun Oct 10 11:25:58 2021

# cmd: legofit -1 -d 0 -t 32 --ptsPerDim 3 --stateOut b1boot38.state --tol 3e-6 -S 5000 ae2.lgo ../../chrX/boot_chrX/boot38.opf
# Stage nOptItr nSimReps
#     0    5000        0
# algorithm          : deterministic
# ignoring probs <=  : 0
# Branch length floor: 0
# DE strategy        : 2
#    F               : 0.3
#    CR              : 0.8
#    tolerance       : 3e-06
# nthreads           : 32
# lgo input file     : ae2.lgo
# site pat input file: ../../chrX/boot_chrX/boot38.opf
# free parameters    : 14
# points in DE swarm : 42
# output state file  : b1boot38.state
# Including singleton site patterns.
# cost function      : KL
Initial parameter values
Fixed:
      zero = 0
       one = 1
    Tbecnw = 75200
Free:
       pc1 = 0
       pc2 = 0
       pc3 = 0
       pc4 = 0
       pc5 = 0
       pc6 = 0
       pc7 = 0
       pc8 = 0
       pc9 = 0
      pc10 = 0
      pc11 = 0
      pc12 = 0
      pc13 = 0
      pc14 = 0
Constrained:
   Tgbecnw = 106272
     Tecnw = 26857.5
       Tnw = 24188.7
       Tec = 236.661
     twoNb = 173762
     twoNe = 292789
     twoNw = 1.36088e+06
    twoNec = 170467
    twoNnw = 10273.1
  twoNecnw = 73745.8
  twoNbecnw = 15466.8
  twoNgbecnw = 117360
         m = 0.305111
        m5 = 0.137447
        Ta = 37600
        Te = 118.33
DiffEv reached_goal. cost=2.63954e-03 spread=2.61490e-06
Fitted parameter values
Free:
       pc1 = -3.34418
       pc2 = 0.840095
       pc3 = -1.97255
       pc4 = -1.16455
       pc5 = -3.51231
       pc6 = -0.203761
       pc7 = -1.5765
       pc8 = -1.53132
       pc9 = -1.01136
      pc10 = 0.609201
      pc11 = -0.279796
      pc12 = -0.0953211
      pc13 = -0.0860634
      pc14 = 0.0355331
Constrained:
   Tgbecnw = 93893
     Tecnw = 25132.4
       Tnw = 24369.9
       Tec = 12.1413
     twoNb = 164573
     twoNe = 118757
     twoNw = 3.48032e+06
    twoNec = 164731
    twoNnw = 2919.03
  twoNecnw = 68077.6
  twoNbecnw = 8601.13
  twoNgbecnw = 149375
         m = 0.216039
        m5 = 0.150261
        Ta = 37600
        Te = 6.07063
#       SitePat  BranchLen
              b 123137.4131681
              e 45558.3829165
              c 47575.7522260
              n 44690.9267138
              w 44651.9133584
            b:e 1270.6307168
            b:c 1430.2885812
            b:n 1102.3906975
            b:w 1100.5641226
            e:c 11698.6870509
            e:n 4701.5352930
            e:w 4740.5486485
            c:n 4216.9050941
            c:w 4208.0511835
            n:w 12274.2812274
          b:e:c 1383.6960063
          b:e:n 640.1587189
          b:e:w 641.9852939
          b:c:n 645.2577146
          b:c:w 643.3219224
          b:n:w 1370.3639334
          e:c:n 4229.7105172
          e:c:w 4238.5644278
          e:n:w 6054.3116539
          c:n:w 5054.0700083
        b:e:c:n 1201.4847537
        b:e:c:w 1203.4205459
        b:e:n:w 1547.8137058
        b:c:n:w 1381.7202174
        e:c:n:w 49589.5798494
