########################################
# legofit: estimate population history #
#       version 2.3.4-4-g53f8760       #
########################################

# Program was compiled: Sep 21 2021 14:36:42
# Program was run: Sun Oct 10 11:26:07 2021

# cmd: legofit -1 -d 0 -t 32 --ptsPerDim 3 --stateOut b1boot43.state --tol 3e-6 -S 5000 ae2.lgo ../../chrX/boot_chrX/boot43.opf
# Stage nOptItr nSimReps
#     0    5000        0
# algorithm          : deterministic
# ignoring probs <=  : 0
# Branch length floor: 0
# DE strategy        : 2
#    F               : 0.3
#    CR              : 0.8
#    tolerance       : 3e-06
# nthreads           : 32
# lgo input file     : ae2.lgo
# site pat input file: ../../chrX/boot_chrX/boot43.opf
# free parameters    : 14
# points in DE swarm : 42
# output state file  : b1boot43.state
# Including singleton site patterns.
# cost function      : KL
Initial parameter values
Fixed:
      zero = 0
       one = 1
    Tbecnw = 75200
Free:
       pc1 = 0
       pc2 = 0
       pc3 = 0
       pc4 = 0
       pc5 = 0
       pc6 = 0
       pc7 = 0
       pc8 = 0
       pc9 = 0
      pc10 = 0
      pc11 = 0
      pc12 = 0
      pc13 = 0
      pc14 = 0
Constrained:
   Tgbecnw = 106272
     Tecnw = 26857.5
       Tnw = 24188.7
       Tec = 236.661
     twoNb = 173762
     twoNe = 292789
     twoNw = 1.36088e+06
    twoNec = 170467
    twoNnw = 10273.1
  twoNecnw = 73745.8
  twoNbecnw = 15466.8
  twoNgbecnw = 117360
         m = 0.305111
        m5 = 0.137447
        Ta = 37600
        Te = 118.33
DiffEv reached_goal. cost=2.47978e-03 spread=2.26061e-06
Fitted parameter values
Free:
       pc1 = -3.88923
       pc2 = 1.06517
       pc3 = -1.95736
       pc4 = -1.85317
       pc5 = -3.23095
       pc6 = -0.0517657
       pc7 = -1.33575
       pc8 = -0.94634
       pc9 = 0.598653
      pc10 = 0.650372
      pc11 = 0.0315287
      pc12 = -0.118555
      pc13 = 0.0494141
      pc14 = 0.0218656
Constrained:
   Tgbecnw = 96805.5
     Tecnw = 24498.1
       Tnw = 23585.6
       Tec = 37.418
     twoNb = 194398
     twoNe = 132427
     twoNw = 3.23869e+06
    twoNec = 156119
    twoNnw = 3276.63
  twoNecnw = 72468.1
  twoNbecnw = 9396.14
  twoNgbecnw = 159485
         m = 0.19112
        m5 = 0.154194
        Ta = 37600
        Te = 18.709
#       SitePat  BranchLen
              b 121756.9498708
              e 45690.5280015
              c 47944.5189804
              n 44454.7461851
              w 44412.9244794
            b:e 1299.5205000
            b:c 1476.9959402
            b:n 1109.3726322
            b:w 1107.4124004
            e:c 12024.0608766
            e:n 4742.4608477
            e:w 4784.2825533
            c:n 4200.5271609
            c:w 4191.1746799
            n:w 12936.3817342
          b:e:c 1438.2509543
          b:e:n 644.0460718
          b:e:w 646.0063036
          b:c:n 649.7624728
          b:c:w 647.6780199
          b:n:w 1422.4449908
          e:c:n 4165.2259622
          e:c:w 4174.5784431
          e:n:w 6200.7442131
          c:n:w 5081.7947945
        b:e:c:n 1214.7715172
        b:e:c:w 1216.8559701
        b:e:n:w 1603.9171897
        b:c:n:w 1419.0536323
        e:c:n:w 47807.7890619
