########################################
# legofit: estimate population history #
#       version 2.3.4-4-g53f8760       #
########################################

# Program was compiled: Sep 21 2021 14:36:42
# Program was run: Sun Oct 10 11:25:12 2021

# cmd: legofit -1 -d 0 -t 32 --ptsPerDim 3 --stateOut b1boot4.state --tol 3e-6 -S 5000 ae2.lgo ../../chrX/boot_chrX/boot4.opf
# Stage nOptItr nSimReps
#     0    5000        0
# algorithm          : deterministic
# ignoring probs <=  : 0
# Branch length floor: 0
# DE strategy        : 2
#    F               : 0.3
#    CR              : 0.8
#    tolerance       : 3e-06
# nthreads           : 32
# lgo input file     : ae2.lgo
# site pat input file: ../../chrX/boot_chrX/boot4.opf
# free parameters    : 14
# points in DE swarm : 42
# output state file  : b1boot4.state
# Including singleton site patterns.
# cost function      : KL
Initial parameter values
Fixed:
      zero = 0
       one = 1
    Tbecnw = 75200
Free:
       pc1 = 0
       pc2 = 0
       pc3 = 0
       pc4 = 0
       pc5 = 0
       pc6 = 0
       pc7 = 0
       pc8 = 0
       pc9 = 0
      pc10 = 0
      pc11 = 0
      pc12 = 0
      pc13 = 0
      pc14 = 0
Constrained:
   Tgbecnw = 106272
     Tecnw = 26857.5
       Tnw = 24188.7
       Tec = 236.661
     twoNb = 173762
     twoNe = 292789
     twoNw = 1.36088e+06
    twoNec = 170467
    twoNnw = 10273.1
  twoNecnw = 73745.8
  twoNbecnw = 15466.8
  twoNgbecnw = 117360
         m = 0.305111
        m5 = 0.137447
        Ta = 37600
        Te = 118.33
DiffEv reached_goal. cost=2.48337e-03 spread=2.85006e-06
Fitted parameter values
Free:
       pc1 = -3.99156
       pc2 = -0.544885
       pc3 = -1.97713
       pc4 = -1.88585
       pc5 = -3.18153
       pc6 = -0.045686
       pc7 = -1.68251
       pc8 = -0.97052
       pc9 = -0.384476
      pc10 = 0.232947
      pc11 = -0.271546
      pc12 = -0.121494
      pc13 = -0.0300765
      pc14 = 0.00950345
Constrained:
   Tgbecnw = 93996.2
     Tecnw = 25288.2
       Tnw = 23033.2
       Tec = 108.122
     twoNb = 185956
     twoNe = 18548.8
     twoNw = 3.3519e+06
    twoNec = 155382
    twoNnw = 8568.73
  twoNecnw = 68302.5
  twoNbecnw = 8771.34
  twoNgbecnw = 149178
         m = 0.210538
        m5 = 0.157573
        Ta = 37600
        Te = 54.0609
#       SitePat  BranchLen
              b 122575.9447571
              e 45415.7246204
              c 47600.6504336
              n 44670.8983352
              w 44630.1297308
            b:e 1300.0154181
            b:c 1474.1795490
            b:n 1140.8132987
            b:w 1138.8780381
            e:c 11962.8708934
            e:n 4729.0490812
            e:w 4769.8176856
            c:n 4195.5163872
            c:w 4186.3954991
            n:w 12531.6784946
          b:e:c 1438.6311079
          b:e:n 656.8256793
          b:e:w 658.7609399
          b:c:n 662.3702815
          b:c:w 660.3176238
          b:n:w 1425.3642162
          e:c:n 4276.7605616
          e:c:w 4285.8814496
          e:n:w 6104.1723647
          c:n:w 5036.2014321
        b:e:c:n 1244.3174236
        b:e:c:w 1246.3700814
        b:e:n:w 1596.4951679
        b:c:n:w 1415.2297509
        e:c:n:w 48948.8208586
