########################################
# legofit: estimate population history #
#       version 2.3.4-4-g53f8760       #
########################################

# Program was compiled: Sep 21 2021 14:36:42
# Program was run: Sun Oct 10 11:25:35 2021

# cmd: legofit -1 -d 0 -t 32 --ptsPerDim 3 --stateOut b1boot18.state --tol 3e-6 -S 5000 ae2.lgo ../../chrX/boot_chrX/boot18.opf
# Stage nOptItr nSimReps
#     0    5000        0
# algorithm          : deterministic
# ignoring probs <=  : 0
# Branch length floor: 0
# DE strategy        : 2
#    F               : 0.3
#    CR              : 0.8
#    tolerance       : 3e-06
# nthreads           : 32
# lgo input file     : ae2.lgo
# site pat input file: ../../chrX/boot_chrX/boot18.opf
# free parameters    : 14
# points in DE swarm : 42
# output state file  : b1boot18.state
# Including singleton site patterns.
# cost function      : KL
Initial parameter values
Fixed:
      zero = 0
       one = 1
    Tbecnw = 75200
Free:
       pc1 = 0
       pc2 = 0
       pc3 = 0
       pc4 = 0
       pc5 = 0
       pc6 = 0
       pc7 = 0
       pc8 = 0
       pc9 = 0
      pc10 = 0
      pc11 = 0
      pc12 = 0
      pc13 = 0
      pc14 = 0
Constrained:
   Tgbecnw = 106272
     Tecnw = 26857.5
       Tnw = 24188.7
       Tec = 236.661
     twoNb = 173762
     twoNe = 292789
     twoNw = 1.36088e+06
    twoNec = 170467
    twoNnw = 10273.1
  twoNecnw = 73745.8
  twoNbecnw = 15466.8
  twoNgbecnw = 117360
         m = 0.305111
        m5 = 0.137447
        Ta = 37600
        Te = 118.33
DiffEv reached_goal. cost=2.58027e-03 spread=2.60329e-06
Fitted parameter values
Free:
       pc1 = -2.33264
       pc2 = 1.01005
       pc3 = -1.67815
       pc4 = -1.32766
       pc5 = -2.711
       pc6 = -0.178436
       pc7 = -1.69787
       pc8 = -0.374369
       pc9 = -0.982848
      pc10 = 0.984418
      pc11 = -0.520821
      pc12 = 0.00626334
      pc13 = -0.102296
      pc14 = 0.0144153
Constrained:
   Tgbecnw = 96226.7
     Tecnw = 25337.8
       Tnw = 24786.8
       Tec = 245.712
     twoNb = 244498
     twoNe = 53686.4
     twoNw = 2.82061e+06
    twoNec = 168764
    twoNnw = 2142.25
  twoNecnw = 70086.2
  twoNbecnw = 10052.4
  twoNgbecnw = 136861
         m = 0.235588
        m5 = 0.15401
        Ta = 37600
        Te = 122.856
#       SitePat  BranchLen
              b 124083.3203439
              e 46350.2034039
              c 48439.0129350
              n 45425.3949411
              w 45374.6938488
            b:e 1319.5543470
            b:c 1487.5055908
            b:n 1145.9470495
            b:w 1143.5139009
            e:c 11735.8513425
            e:n 4824.9187943
            e:w 4875.6198867
            c:n 4326.8655425
            c:w 4315.2925369
            n:w 12383.6699912
          b:e:c 1423.1611314
          b:e:n 668.7242268
          b:e:w 671.1573754
          b:c:n 674.5768686
          b:c:w 672.0006279
          b:n:w 1409.5318900
          e:c:n 4304.4202779
          e:c:w 4315.9932835
          e:n:w 6172.1663712
          c:n:w 5141.7374418
        b:e:c:n 1246.8142112
        b:e:c:w 1249.3904519
        b:e:n:w 1607.8546358
        b:c:n:w 1433.2074976
        e:c:n:w 49470.4304093
