########################################
# legofit: estimate population history #
#       version 2.3.4-4-g53f8760       #
########################################

# Program was compiled: Sep 21 2021 14:36:42
# Program was run: Sun Oct 10 11:25:12 2021

# cmd: legofit -1 -d 0 -t 32 --ptsPerDim 3 --stateOut b1boot3.state --tol 3e-6 -S 5000 ae2.lgo ../../chrX/boot_chrX/boot3.opf
# Stage nOptItr nSimReps
#     0    5000        0
# algorithm          : deterministic
# ignoring probs <=  : 0
# Branch length floor: 0
# DE strategy        : 2
#    F               : 0.3
#    CR              : 0.8
#    tolerance       : 3e-06
# nthreads           : 32
# lgo input file     : ae2.lgo
# site pat input file: ../../chrX/boot_chrX/boot3.opf
# free parameters    : 14
# points in DE swarm : 42
# output state file  : b1boot3.state
# Including singleton site patterns.
# cost function      : KL
Initial parameter values
Fixed:
      zero = 0
       one = 1
    Tbecnw = 75200
Free:
       pc1 = 0
       pc2 = 0
       pc3 = 0
       pc4 = 0
       pc5 = 0
       pc6 = 0
       pc7 = 0
       pc8 = 0
       pc9 = 0
      pc10 = 0
      pc11 = 0
      pc12 = 0
      pc13 = 0
      pc14 = 0
Constrained:
   Tgbecnw = 106272
     Tecnw = 26857.5
       Tnw = 24188.7
       Tec = 236.661
     twoNb = 173762
     twoNe = 292789
     twoNw = 1.36088e+06
    twoNec = 170467
    twoNnw = 10273.1
  twoNecnw = 73745.8
  twoNbecnw = 15466.8
  twoNgbecnw = 117360
         m = 0.305111
        m5 = 0.137447
        Ta = 37600
        Te = 118.33
DiffEv reached_goal. cost=2.52545e-03 spread=2.92352e-06
Fitted parameter values
Free:
       pc1 = -3.70336
       pc2 = 0.253962
       pc3 = -1.98703
       pc4 = -1.9524
       pc5 = -3.65913
       pc6 = -0.512048
       pc7 = -1.53179
       pc8 = -1.56123
       pc9 = -0.617017
      pc10 = 0.199747
      pc11 = -0.243187
      pc12 = -0.00634008
      pc13 = -0.0727923
      pc14 = 0.0308028
Constrained:
   Tgbecnw = 93719.2
     Tecnw = 25159.9
       Tnw = 23919.8
       Tec = 36.4339
     twoNb = 90341.5
     twoNe = 27700.5
     twoNw = 3.59475e+06
    twoNec = 157248
    twoNnw = 4707.28
  twoNecnw = 68667.5
  twoNbecnw = 8515.57
  twoNgbecnw = 149172
         m = 0.203683
        m5 = 0.154094
        Ta = 37600
        Te = 18.2169
#       SitePat  BranchLen
              b 121135.9275699
              e 45423.2187623
              c 47525.1225598
              n 44693.4042716
              w 44655.1850727
            b:e 1272.1216401
            b:c 1438.4022550
            b:n 1111.8969303
            b:w 1110.1064136
            e:c 11885.0726427
            e:n 4688.9182713
            e:w 4727.1374702
            c:n 4179.0496673
            c:w 4170.4701497
            n:w 12395.2352406
          b:e:c 1404.3145989
          b:e:n 641.4845361
          b:e:w 643.2750528
          b:c:n 646.7549518
          b:c:w 644.8546445
          b:n:w 1391.0100586
          e:c:n 4222.5293108
          e:c:w 4231.1088284
          e:n:w 6034.2163972
          c:n:w 4998.8485242
        b:e:c:n 1214.1401681
        b:e:c:w 1216.0404754
        b:e:n:w 1559.2204488
        b:c:n:w 1386.0898265
        e:c:n:w 47652.8409672
