########################################
# legofit: estimate population history #
#       version 2.3.4-4-g53f8760       #
########################################

# Program was compiled: Sep 21 2021 14:36:42
# Program was run: Sun Oct 10 11:26:07 2021

# cmd: legofit -1 -d 0 -t 32 --ptsPerDim 3 --stateOut b1boot45.state --tol 3e-6 -S 5000 ae2.lgo ../../chrX/boot_chrX/boot45.opf
# Stage nOptItr nSimReps
#     0    5000        0
# algorithm          : deterministic
# ignoring probs <=  : 0
# Branch length floor: 0
# DE strategy        : 2
#    F               : 0.3
#    CR              : 0.8
#    tolerance       : 3e-06
# nthreads           : 32
# lgo input file     : ae2.lgo
# site pat input file: ../../chrX/boot_chrX/boot45.opf
# free parameters    : 14
# points in DE swarm : 42
# output state file  : b1boot45.state
# Including singleton site patterns.
# cost function      : KL
Initial parameter values
Fixed:
      zero = 0
       one = 1
    Tbecnw = 75200
Free:
       pc1 = 0
       pc2 = 0
       pc3 = 0
       pc4 = 0
       pc5 = 0
       pc6 = 0
       pc7 = 0
       pc8 = 0
       pc9 = 0
      pc10 = 0
      pc11 = 0
      pc12 = 0
      pc13 = 0
      pc14 = 0
Constrained:
   Tgbecnw = 106272
     Tecnw = 26857.5
       Tnw = 24188.7
       Tec = 236.661
     twoNb = 173762
     twoNe = 292789
     twoNw = 1.36088e+06
    twoNec = 170467
    twoNnw = 10273.1
  twoNecnw = 73745.8
  twoNbecnw = 15466.8
  twoNgbecnw = 117360
         m = 0.305111
        m5 = 0.137447
        Ta = 37600
        Te = 118.33
DiffEv reached_goal. cost=2.31186e-03 spread=2.76054e-06
Fitted parameter values
Free:
       pc1 = -2.4998
       pc2 = -0.802682
       pc3 = -1.04434
       pc4 = -0.802048
       pc5 = -2.1873
       pc6 = 1.09092
       pc7 = -1.02358
       pc8 = -0.852951
       pc9 = 0.0501354
      pc10 = 0.0618222
      pc11 = -0.313964
      pc12 = -0.0158156
      pc13 = -0.0530408
      pc14 = -0.00106675
Constrained:
   Tgbecnw = 100695
     Tecnw = 26048.9
       Tnw = 22877.2
       Tec = 59.161
     twoNb = 283688
     twoNe = 237016
     twoNw = 2.97671e+06
    twoNec = 161221
    twoNnw = 12197.3
  twoNecnw = 70133.1
  twoNbecnw = 11979
  twoNgbecnw = 132019
         m = 0.235393
        m5 = 0.149382
        Ta = 37600
        Te = 29.5805
#       SitePat  BranchLen
              b 124419.6502121
              e 46600.3299823
              c 48724.9215115
              n 45809.2081471
              w 45764.4673627
            b:e 1308.8972546
            b:c 1472.9583834
            b:n 1151.0753624
            b:w 1149.0084068
            e:c 12234.1319434
            e:n 4800.7442084
            e:w 4845.4849928
            c:n 4276.7234846
            c:w 4266.8619778
            n:w 12841.0423095
          b:e:c 1441.3343139
          b:e:n 658.5717436
          b:e:w 660.6386991
          b:c:n 663.7733569
          b:c:w 661.5916414
          b:n:w 1429.4371845
          e:c:n 4357.1570860
          e:c:w 4367.0185928
          e:n:w 6141.9393604
          c:n:w 5119.9915701
        b:e:c:n 1246.3476522
        b:e:c:w 1248.5293677
        b:e:n:w 1585.3294159
        b:c:n:w 1415.1137316
        e:c:n:w 49015.8021129
