########################################
# legofit: estimate population history #
#       version 2.3.4-4-g53f8760       #
########################################

# Program was compiled: Sep 21 2021 14:36:42
# Program was run: Sun Oct 10 11:26:07 2021

# cmd: legofit -1 -d 0 -t 32 --ptsPerDim 3 --stateOut b1boot41.state --tol 3e-6 -S 5000 ae2.lgo ../../chrX/boot_chrX/boot41.opf
# Stage nOptItr nSimReps
#     0    5000        0
# algorithm          : deterministic
# ignoring probs <=  : 0
# Branch length floor: 0
# DE strategy        : 2
#    F               : 0.3
#    CR              : 0.8
#    tolerance       : 3e-06
# nthreads           : 32
# lgo input file     : ae2.lgo
# site pat input file: ../../chrX/boot_chrX/boot41.opf
# free parameters    : 14
# points in DE swarm : 42
# output state file  : b1boot41.state
# Including singleton site patterns.
# cost function      : KL
Initial parameter values
Fixed:
      zero = 0
       one = 1
    Tbecnw = 75200
Free:
       pc1 = 0
       pc2 = 0
       pc3 = 0
       pc4 = 0
       pc5 = 0
       pc6 = 0
       pc7 = 0
       pc8 = 0
       pc9 = 0
      pc10 = 0
      pc11 = 0
      pc12 = 0
      pc13 = 0
      pc14 = 0
Constrained:
   Tgbecnw = 106272
     Tecnw = 26857.5
       Tnw = 24188.7
       Tec = 236.661
     twoNb = 173762
     twoNe = 292789
     twoNw = 1.36088e+06
    twoNec = 170467
    twoNnw = 10273.1
  twoNecnw = 73745.8
  twoNbecnw = 15466.8
  twoNgbecnw = 117360
         m = 0.305111
        m5 = 0.137447
        Ta = 37600
        Te = 118.33
DiffEv reached_goal. cost=2.39698e-03 spread=2.23444e-06
Fitted parameter values
Free:
       pc1 = -3.98362
       pc2 = -0.096422
       pc3 = -1.96567
       pc4 = -1.21991
       pc5 = -3.69254
       pc6 = 0.193917
       pc7 = -1.88045
       pc8 = -1.42559
       pc9 = -0.69006
      pc10 = 0.95666
      pc11 = 0.168914
      pc12 = 0.0863028
      pc13 = 0.0143693
      pc14 = 0.00813206
Constrained:
   Tgbecnw = 93072.8
     Tecnw = 25256.8
       Tnw = 23268
       Tec = 35.9276
     twoNb = 218527
     twoNe = 83151.9
     twoNw = 3.6974e+06
    twoNec = 164137
    twoNnw = 7226.92
  twoNecnw = 68657.5
  twoNbecnw = 8033.37
  twoNgbecnw = 161953
         m = 0.196668
        m5 = 0.154532
        Ta = 37600
        Te = 17.9638
#       SitePat  BranchLen
              b 122494.0804456
              e 45633.3919919
              c 47833.7848527
              n 44387.1884549
              w 44350.9274533
            b:e 1310.0009221
            b:c 1486.8764486
            b:n 1118.3094686
            b:w 1116.5946816
            e:c 11727.6249585
            e:n 4676.9165670
            e:w 4713.1775687
            c:n 4142.9894853
            c:w 4134.9586932
            n:w 12646.2757843
          b:e:c 1440.4433070
          b:e:n 651.9161838
          b:e:w 653.6309708
          b:c:n 657.3875194
          b:c:w 655.5640043
          b:n:w 1424.5323349
          e:c:n 4147.4363761
          e:c:w 4155.4671682
          e:n:w 6141.4548662
          c:n:w 5053.2079626
        b:e:c:n 1225.0813858
        b:e:c:w 1226.9049008
        b:e:n:w 1615.0306733
        b:c:n:w 1430.7507778
        e:c:n:w 49188.6261843
