########################################
# legofit: estimate population history #
#       version 2.3.4-4-g53f8760       #
########################################

# Program was compiled: Sep 21 2021 14:36:42
# Program was run: Sun Oct 10 11:25:58 2021

# cmd: legofit -1 -d 0 -t 32 --ptsPerDim 3 --stateOut b1boot40.state --tol 3e-6 -S 5000 ae2.lgo ../../chrX/boot_chrX/boot40.opf
# Stage nOptItr nSimReps
#     0    5000        0
# algorithm          : deterministic
# ignoring probs <=  : 0
# Branch length floor: 0
# DE strategy        : 2
#    F               : 0.3
#    CR              : 0.8
#    tolerance       : 3e-06
# nthreads           : 32
# lgo input file     : ae2.lgo
# site pat input file: ../../chrX/boot_chrX/boot40.opf
# free parameters    : 14
# points in DE swarm : 42
# output state file  : b1boot40.state
# Including singleton site patterns.
# cost function      : KL
Initial parameter values
Fixed:
      zero = 0
       one = 1
    Tbecnw = 75200
Free:
       pc1 = 0
       pc2 = 0
       pc3 = 0
       pc4 = 0
       pc5 = 0
       pc6 = 0
       pc7 = 0
       pc8 = 0
       pc9 = 0
      pc10 = 0
      pc11 = 0
      pc12 = 0
      pc13 = 0
      pc14 = 0
Constrained:
   Tgbecnw = 106272
     Tecnw = 26857.5
       Tnw = 24188.7
       Tec = 236.661
     twoNb = 173762
     twoNe = 292789
     twoNw = 1.36088e+06
    twoNec = 170467
    twoNnw = 10273.1
  twoNecnw = 73745.8
  twoNbecnw = 15466.8
  twoNgbecnw = 117360
         m = 0.305111
        m5 = 0.137447
        Ta = 37600
        Te = 118.33
DiffEv reached_goal. cost=2.31135e-03 spread=2.73842e-06
Fitted parameter values
Free:
       pc1 = -3.84577
       pc2 = 1.45536
       pc3 = -1.95199
       pc4 = 0.0917773
       pc5 = -2.35325
       pc6 = 0.315611
       pc7 = -0.600256
       pc8 = -1.97383
       pc9 = -0.858062
      pc10 = 0.791247
      pc11 = -0.176084
      pc12 = -0.155603
      pc13 = 0.0629091
      pc14 = 0.0415134
Constrained:
   Tgbecnw = 94826.2
     Tecnw = 24853.8
       Tnw = 23922.3
       Tec = 45.8365
     twoNb = 196771
     twoNe = 452123
     twoNw = 3.00845e+06
    twoNec = 167117
    twoNnw = 3432.45
  twoNecnw = 67097.4
  twoNbecnw = 8815.2
  twoNgbecnw = 158104
         m = 0.190062
        m5 = 0.138096
        Ta = 37600
        Te = 22.9182
#       SitePat  BranchLen
              b 121428.0094574
              e 45343.0034618
              c 47253.3126537
              n 44089.6406289
              w 44049.4595556
            b:e 1295.8763754
            b:c 1449.2018375
            b:n 1101.4382624
            b:w 1099.5355831
            e:c 11688.4592519
            e:n 4639.4583932
            e:w 4679.6394665
            c:n 4188.8308120
            c:w 4179.6600211
            n:w 12495.4516250
          b:e:c 1409.9074572
          b:e:n 639.8282275
          b:e:w 641.7309068
          b:c:n 644.7900181
          b:c:w 642.7751163
          b:n:w 1395.3801213
          e:c:n 4203.9609169
          e:c:w 4213.1317078
          e:n:w 6110.0129873
          c:n:w 5150.3108220
        b:e:c:n 1199.1787397
        b:e:c:w 1201.1936415
        b:e:n:w 1566.4314414
        b:c:n:w 1407.0999791
        e:c:n:w 48290.5641899
