########################################
# legofit: estimate population history #
#       version 2.3.4-4-g53f8760       #
########################################

# Program was compiled: Sep 21 2021 14:36:42
# Program was run: Sun Oct 10 11:25:49 2021

# cmd: legofit -1 -d 0 -t 32 --ptsPerDim 3 --stateOut b1boot32.state --tol 3e-6 -S 5000 ae2.lgo ../../chrX/boot_chrX/boot32.opf
# Stage nOptItr nSimReps
#     0    5000        0
# algorithm          : deterministic
# ignoring probs <=  : 0
# Branch length floor: 0
# DE strategy        : 2
#    F               : 0.3
#    CR              : 0.8
#    tolerance       : 3e-06
# nthreads           : 32
# lgo input file     : ae2.lgo
# site pat input file: ../../chrX/boot_chrX/boot32.opf
# free parameters    : 14
# points in DE swarm : 42
# output state file  : b1boot32.state
# Including singleton site patterns.
# cost function      : KL
Initial parameter values
Fixed:
      zero = 0
       one = 1
    Tbecnw = 75200
Free:
       pc1 = 0
       pc2 = 0
       pc3 = 0
       pc4 = 0
       pc5 = 0
       pc6 = 0
       pc7 = 0
       pc8 = 0
       pc9 = 0
      pc10 = 0
      pc11 = 0
      pc12 = 0
      pc13 = 0
      pc14 = 0
Constrained:
   Tgbecnw = 106272
     Tecnw = 26857.5
       Tnw = 24188.7
       Tec = 236.661
     twoNb = 173762
     twoNe = 292789
     twoNw = 1.36088e+06
    twoNec = 170467
    twoNnw = 10273.1
  twoNecnw = 73745.8
  twoNbecnw = 15466.8
  twoNgbecnw = 117360
         m = 0.305111
        m5 = 0.137447
        Ta = 37600
        Te = 118.33
DiffEv reached_goal. cost=2.29992e-03 spread=2.53988e-06
Fitted parameter values
Free:
       pc1 = -1.45294
       pc2 = 0.851562
       pc3 = -1.413
       pc4 = -0.846606
       pc5 = -2.50657
       pc6 = 1.51392
       pc7 = -1.55877
       pc8 = -1.41975
       pc9 = -0.554627
      pc10 = -0.191548
      pc11 = -0.185474
      pc12 = 0.0437782
      pc13 = -0.0960045
      pc14 = 0.0341702
Constrained:
   Tgbecnw = 99984.7
     Tecnw = 26139.5
       Tnw = 24855.4
       Tec = 55.3593
     twoNb = 369096
     twoNe = 256461
     twoNw = 3.37893e+06
    twoNec = 163544
    twoNnw = 4747.67
  twoNecnw = 71130.8
  twoNbecnw = 12015.8
  twoNgbecnw = 126285
         m = 0.258484
        m5 = 0.141088
        Ta = 37600
        Te = 27.6797
#       SitePat  BranchLen
              b 125919.6555091
              e 47042.5668555
              c 49066.2226956
              n 46131.4878356
              w 46091.7748730
            b:e 1330.4520911
            b:c 1492.2357415
            b:n 1150.0627742
            b:w 1148.1953531
            e:c 12368.0709061
            e:n 4743.3218792
            e:w 4783.0348418
            c:n 4258.0727567
            c:w 4249.1969698
            n:w 12946.7279385
          b:e:c 1470.1184541
          b:e:n 657.8990520
          b:e:w 659.7664731
          b:c:n 662.8256356
          b:c:w 660.8538979
          b:n:w 1456.9825154
          e:c:n 4335.1061529
          e:c:w 4343.9819398
          e:n:w 6205.9348580
          c:n:w 5201.3660124
        b:e:c:n 1246.1312329
        b:e:c:w 1248.1029706
        b:e:n:w 1606.3667225
        b:c:n:w 1438.5690637
        e:c:n:w 50107.3630572
