########################################
# legofit: estimate population history #
#       version 2.3.4-4-g53f8760       #
########################################

# Program was compiled: Sep 21 2021 14:36:42
# Program was run: Sun Oct 10 11:25:28 2021

# cmd: legofit -1 -d 0 -t 32 --ptsPerDim 3 --stateOut b1boot15.state --tol 3e-6 -S 5000 ae2.lgo ../../chrX/boot_chrX/boot15.opf
# Stage nOptItr nSimReps
#     0    5000        0
# algorithm          : deterministic
# ignoring probs <=  : 0
# Branch length floor: 0
# DE strategy        : 2
#    F               : 0.3
#    CR              : 0.8
#    tolerance       : 3e-06
# nthreads           : 32
# lgo input file     : ae2.lgo
# site pat input file: ../../chrX/boot_chrX/boot15.opf
# free parameters    : 14
# points in DE swarm : 42
# output state file  : b1boot15.state
# Including singleton site patterns.
# cost function      : KL
Initial parameter values
Fixed:
      zero = 0
       one = 1
    Tbecnw = 75200
Free:
       pc1 = 0
       pc2 = 0
       pc3 = 0
       pc4 = 0
       pc5 = 0
       pc6 = 0
       pc7 = 0
       pc8 = 0
       pc9 = 0
      pc10 = 0
      pc11 = 0
      pc12 = 0
      pc13 = 0
      pc14 = 0
Constrained:
   Tgbecnw = 106272
     Tecnw = 26857.5
       Tnw = 24188.7
       Tec = 236.661
     twoNb = 173762
     twoNe = 292789
     twoNw = 1.36088e+06
    twoNec = 170467
    twoNnw = 10273.1
  twoNecnw = 73745.8
  twoNbecnw = 15466.8
  twoNgbecnw = 117360
         m = 0.305111
        m5 = 0.137447
        Ta = 37600
        Te = 118.33
DiffEv reached_goal. cost=2.33017e-03 spread=2.85877e-06
Fitted parameter values
Free:
       pc1 = -3.68231
       pc2 = 0.730908
       pc3 = -1.54531
       pc4 = -1.40698
       pc5 = -3.6028
       pc6 = 0.81138
       pc7 = -1.7428
       pc8 = -1.97579
       pc9 = -0.211088
      pc10 = 0.797087
      pc11 = -0.0689538
      pc12 = -0.100442
      pc13 = 0.136566
      pc14 = 0.0587476
Constrained:
   Tgbecnw = 96931.6
     Tecnw = 24930.2
       Tnw = 23628.1
       Tec = 72.3598
     twoNb = 251062
     twoNe = 166923
     twoNw = 3.96151e+06
    twoNec = 162152
    twoNnw = 4873.16
  twoNecnw = 69613.6
  twoNbecnw = 9911.96
  twoNgbecnw = 157997
         m = 0.186948
        m5 = 0.148426
        Ta = 37600
        Te = 36.1799
#       SitePat  BranchLen
              b 121932.1805330
              e 45826.3345931
              c 47910.1383386
              n 44724.9794302
              w 44691.7620659
            b:e 1388.4985840
            b:c 1563.7631579
            b:n 1195.9793378
            b:w 1194.3133723
            e:c 11974.0785844
            e:n 4787.1704287
            e:w 4820.3877931
            c:n 4283.6450636
            c:w 4276.0642736
            n:w 12736.1391759
          b:e:c 1519.9635977
          b:e:n 694.3894251
          b:e:w 696.0553907
          b:c:n 699.6834124
          b:c:w 697.9156869
          b:n:w 1504.5761882
          e:c:n 4318.2665982
          e:c:w 4325.8473882
          e:n:w 6237.8395499
          c:n:w 5201.8846891
        b:e:c:n 1306.1521408
        b:e:c:w 1307.9198663
        b:e:n:w 1694.6173577
        b:c:n:w 1512.1985003
        e:c:n:w 48010.6852531
