########################################
# legofit: estimate population history #
#       version 2.3.4-4-g53f8760       #
########################################

# Program was compiled: Sep 21 2021 14:36:42
# Program was run: Sun Oct 10 11:25:12 2021

# cmd: legofit -1 -d 0 -t 32 --ptsPerDim 3 --stateOut b1boot5.state --tol 3e-6 -S 5000 ae2.lgo ../../chrX/boot_chrX/boot5.opf
# Stage nOptItr nSimReps
#     0    5000        0
# algorithm          : deterministic
# ignoring probs <=  : 0
# Branch length floor: 0
# DE strategy        : 2
#    F               : 0.3
#    CR              : 0.8
#    tolerance       : 3e-06
# nthreads           : 32
# lgo input file     : ae2.lgo
# site pat input file: ../../chrX/boot_chrX/boot5.opf
# free parameters    : 14
# points in DE swarm : 42
# output state file  : b1boot5.state
# Including singleton site patterns.
# cost function      : KL
Initial parameter values
Fixed:
      zero = 0
       one = 1
    Tbecnw = 75200
Free:
       pc1 = 0
       pc2 = 0
       pc3 = 0
       pc4 = 0
       pc5 = 0
       pc6 = 0
       pc7 = 0
       pc8 = 0
       pc9 = 0
      pc10 = 0
      pc11 = 0
      pc12 = 0
      pc13 = 0
      pc14 = 0
Constrained:
   Tgbecnw = 106272
     Tecnw = 26857.5
       Tnw = 24188.7
       Tec = 236.661
     twoNb = 173762
     twoNe = 292789
     twoNw = 1.36088e+06
    twoNec = 170467
    twoNnw = 10273.1
  twoNecnw = 73745.8
  twoNbecnw = 15466.8
  twoNgbecnw = 117360
         m = 0.305111
        m5 = 0.137447
        Ta = 37600
        Te = 118.33
DiffEv reached_goal. cost=2.49846e-03 spread=2.73980e-06
Fitted parameter values
Free:
       pc1 = -3.93679
       pc2 = -0.612178
       pc3 = -1.97207
       pc4 = -1.86739
       pc5 = -3.24679
       pc6 = 0.318196
       pc7 = -1.25247
       pc8 = -1.74992
       pc9 = 0.177764
      pc10 = 0.134846
      pc11 = -0.459502
      pc12 = -0.0825415
      pc13 = -0.059653
      pc14 = 0.0109724
Constrained:
   Tgbecnw = 95231.8
     Tecnw = 25127.8
       Tnw = 22627.6
       Tec = 81.1495
     twoNb = 148382
     twoNe = 137751
     twoNw = 3.68658e+06
    twoNec = 153344
    twoNnw = 9672.73
  twoNecnw = 69269.5
  twoNbecnw = 9298.4
  twoNgbecnw = 142219
         m = 0.204962
        m5 = 0.153133
        Ta = 37600
        Te = 40.5747
#       SitePat  BranchLen
              b 120368.7473049
              e 45421.5970676
              c 47532.7850093
              n 44762.1841499
              w 44726.4756771
            b:e 1268.1514322
            b:c 1430.6299951
            b:n 1120.7348468
            b:w 1119.0854473
            e:c 12044.1856768
            e:n 4737.0116542
            e:w 4772.7201271
            c:n 4212.7136844
            c:w 4204.7715951
            n:w 12553.7735438
          b:e:c 1404.2577114
          b:e:n 642.6716373
          b:e:w 644.3210368
          b:c:n 647.6699108
          b:c:w 645.9215557
          b:n:w 1392.0645858
          e:c:n 4278.3353714
          e:c:w 4286.2774607
          e:n:w 6015.0503939
          c:n:w 4996.1089542
        b:e:c:n 1221.5320686
        b:e:c:w 1223.2804237
        b:e:n:w 1548.6186159
        b:c:n:w 1379.5412607
        e:c:n:w 46549.2171552
