########################################
# legofit: estimate population history #
#       version 2.3.4-4-g53f8760       #
########################################

# Program was compiled: Sep 21 2021 14:36:42
# Program was run: Sun Oct 10 11:25:49 2021

# cmd: legofit -1 -d 0 -t 32 --ptsPerDim 3 --stateOut b1boot30.state --tol 3e-6 -S 5000 ae2.lgo ../../chrX/boot_chrX/boot30.opf
# Stage nOptItr nSimReps
#     0    5000        0
# algorithm          : deterministic
# ignoring probs <=  : 0
# Branch length floor: 0
# DE strategy        : 2
#    F               : 0.3
#    CR              : 0.8
#    tolerance       : 3e-06
# nthreads           : 32
# lgo input file     : ae2.lgo
# site pat input file: ../../chrX/boot_chrX/boot30.opf
# free parameters    : 14
# points in DE swarm : 42
# output state file  : b1boot30.state
# Including singleton site patterns.
# cost function      : KL
Initial parameter values
Fixed:
      zero = 0
       one = 1
    Tbecnw = 75200
Free:
       pc1 = 0
       pc2 = 0
       pc3 = 0
       pc4 = 0
       pc5 = 0
       pc6 = 0
       pc7 = 0
       pc8 = 0
       pc9 = 0
      pc10 = 0
      pc11 = 0
      pc12 = 0
      pc13 = 0
      pc14 = 0
Constrained:
   Tgbecnw = 106272
     Tecnw = 26857.5
       Tnw = 24188.7
       Tec = 236.661
     twoNb = 173762
     twoNe = 292789
     twoNw = 1.36088e+06
    twoNec = 170467
    twoNnw = 10273.1
  twoNecnw = 73745.8
  twoNbecnw = 15466.8
  twoNgbecnw = 117360
         m = 0.305111
        m5 = 0.137447
        Ta = 37600
        Te = 118.33
DiffEv reached_goal. cost=2.52836e-03 spread=2.78068e-06
Fitted parameter values
Free:
       pc1 = -1.51619
       pc2 = 0.969273
       pc3 = -1.02493
       pc4 = -1.93476
       pc5 = -3.09348
       pc6 = 0.211374
       pc7 = -1.24009
       pc8 = -1.87538
       pc9 = -0.0979723
      pc10 = -0.105138
      pc11 = -0.4455
      pc12 = -0.219586
      pc13 = -0.136011
      pc14 = 0.00424869
Constrained:
   Tgbecnw = 101721
     Tecnw = 25591.6
       Tnw = 24886.1
       Tec = 95.2963
     twoNb = 125269
     twoNe = 105830
     twoNw = 3.58917e+06
    twoNec = 160347
    twoNnw = 2639.52
  twoNecnw = 72101.6
  twoNbecnw = 12548.7
  twoNgbecnw = 125822
         m = 0.262151
        m5 = 0.144674
        Ta = 37600
        Te = 47.6482
#       SitePat  BranchLen
              b 126687.0045988
              e 46803.9985812
              c 48860.6833791
              n 45944.6530732
              w 45906.4442146
            b:e 1295.2685458
            b:c 1455.1535667
            b:n 1124.1260632
            b:w 1122.3623432
            e:c 12365.4029138
            e:n 4803.0697407
            e:w 4841.2785993
            c:n 4309.1942742
            c:w 4300.5416093
            n:w 12917.2218682
          b:e:c 1425.1808578
          b:e:n 643.5774287
          b:e:w 645.3411488
          b:c:n 648.2842387
          b:c:w 646.4250070
          b:n:w 1412.9698023
          e:c:n 4363.0129980
          e:c:w 4371.6656629
          e:n:w 6233.3488831
          c:n:w 5211.2765416
        b:e:c:n 1215.1465970
        b:e:c:w 1217.0058287
        b:e:n:w 1563.0919659
        b:c:n:w 1397.4162770
        e:c:n:w 50711.9645177
