########################################
# legofit: estimate population history #
#       version 2.3.4-4-g53f8760       #
########################################

# Program was compiled: Sep 21 2021 14:36:42
# Program was run: Sun Oct 10 11:25:35 2021

# cmd: legofit -1 -d 0 -t 32 --ptsPerDim 3 --stateOut b1boot19.state --tol 3e-6 -S 5000 ae2.lgo ../../chrX/boot_chrX/boot19.opf
# Stage nOptItr nSimReps
#     0    5000        0
# algorithm          : deterministic
# ignoring probs <=  : 0
# Branch length floor: 0
# DE strategy        : 2
#    F               : 0.3
#    CR              : 0.8
#    tolerance       : 3e-06
# nthreads           : 32
# lgo input file     : ae2.lgo
# site pat input file: ../../chrX/boot_chrX/boot19.opf
# free parameters    : 14
# points in DE swarm : 42
# output state file  : b1boot19.state
# Including singleton site patterns.
# cost function      : KL
Initial parameter values
Fixed:
      zero = 0
       one = 1
    Tbecnw = 75200
Free:
       pc1 = 0
       pc2 = 0
       pc3 = 0
       pc4 = 0
       pc5 = 0
       pc6 = 0
       pc7 = 0
       pc8 = 0
       pc9 = 0
      pc10 = 0
      pc11 = 0
      pc12 = 0
      pc13 = 0
      pc14 = 0
Constrained:
   Tgbecnw = 106272
     Tecnw = 26857.5
       Tnw = 24188.7
       Tec = 236.661
     twoNb = 173762
     twoNe = 292789
     twoNw = 1.36088e+06
    twoNec = 170467
    twoNnw = 10273.1
  twoNecnw = 73745.8
  twoNbecnw = 15466.8
  twoNgbecnw = 117360
         m = 0.305111
        m5 = 0.137447
        Ta = 37600
        Te = 118.33
DiffEv reached_goal. cost=2.53025e-03 spread=2.63923e-06
Fitted parameter values
Free:
       pc1 = -3.91965
       pc2 = -0.441622
       pc3 = -1.95176
       pc4 = -0.657218
       pc5 = -2.17534
       pc6 = 0.560414
       pc7 = -1.96526
       pc8 = -1.9823
       pc9 = -0.0613812
      pc10 = -0.131133
      pc11 = 0.00822198
      pc12 = 0.0199503
      pc13 = -0.0323362
      pc14 = -0.0406317
Constrained:
   Tgbecnw = 94326.8
     Tecnw = 25480.2
       Tnw = 22489.8
       Tec = 1.70182
     twoNb = 279767
     twoNe = 131814
     twoNw = 3.30877e+06
    twoNec = 156686
    twoNnw = 10737.3
  twoNecnw = 68333
  twoNbecnw = 8766.03
  twoNgbecnw = 149157
         m = 0.205292
        m5 = 0.138661
        Ta = 37600
        Te = 0.850912
#       SitePat  BranchLen
              b 121586.9511956
              e 45567.7025897
              c 47589.2157603
              n 44435.8473887
              w 44400.3603044
            b:e 1281.0412267
            b:c 1438.1776189
            b:n 1099.7465160
            b:w 1098.1232323
            e:c 12138.0378548
            e:n 4578.9606309
            e:w 4614.4477152
            c:n 4086.0935557
            c:w 4078.3377554
            n:w 12932.0489366
          b:e:c 1433.9198533
          b:e:n 628.5240678
          b:e:w 630.1473516
          b:c:n 633.3376727
          b:c:w 631.6156512
          b:n:w 1419.7021102
          e:c:n 4171.3178107
          e:c:w 4179.0736110
          e:n:w 6037.8080253
          c:n:w 5045.2718897
        b:e:c:n 1200.0566010
        b:e:c:w 1201.7786225
        b:e:n:w 1557.5190518
        b:c:n:w 1394.1007551
        e:c:n:w 48014.4065145
