########################################
# legofit: estimate population history #
#       version 2.3.4-4-g53f8760       #
########################################

# Program was compiled: Sep 21 2021 14:36:42
# Program was run: Sun Oct 10 11:25:41 2021

# cmd: legofit -1 -d 0 -t 32 --ptsPerDim 3 --stateOut b1boot28.state --tol 3e-6 -S 5000 ae2.lgo ../../chrX/boot_chrX/boot28.opf
# Stage nOptItr nSimReps
#     0    5000        0
# algorithm          : deterministic
# ignoring probs <=  : 0
# Branch length floor: 0
# DE strategy        : 2
#    F               : 0.3
#    CR              : 0.8
#    tolerance       : 3e-06
# nthreads           : 32
# lgo input file     : ae2.lgo
# site pat input file: ../../chrX/boot_chrX/boot28.opf
# free parameters    : 14
# points in DE swarm : 42
# output state file  : b1boot28.state
# Including singleton site patterns.
# cost function      : KL
Initial parameter values
Fixed:
      zero = 0
       one = 1
    Tbecnw = 75200
Free:
       pc1 = 0
       pc2 = 0
       pc3 = 0
       pc4 = 0
       pc5 = 0
       pc6 = 0
       pc7 = 0
       pc8 = 0
       pc9 = 0
      pc10 = 0
      pc11 = 0
      pc12 = 0
      pc13 = 0
      pc14 = 0
Constrained:
   Tgbecnw = 106272
     Tecnw = 26857.5
       Tnw = 24188.7
       Tec = 236.661
     twoNb = 173762
     twoNe = 292789
     twoNw = 1.36088e+06
    twoNec = 170467
    twoNnw = 10273.1
  twoNecnw = 73745.8
  twoNbecnw = 15466.8
  twoNgbecnw = 117360
         m = 0.305111
        m5 = 0.137447
        Ta = 37600
        Te = 118.33
DiffEv reached_goal. cost=2.40629e-03 spread=2.75090e-06
Fitted parameter values
Free:
       pc1 = -3.44494
       pc2 = -0.300464
       pc3 = -1.80882
       pc4 = -1.66389
       pc5 = -2.54556
       pc6 = -0.299116
       pc7 = -1.66698
       pc8 = -1.77064
       pc9 = -0.41704
      pc10 = 0.605778
      pc11 = -0.46324
      pc12 = -0.037897
      pc13 = -0.115862
      pc14 = -0.0323649
Constrained:
   Tgbecnw = 94591.4
     Tecnw = 25229
       Tnw = 23065.2
       Tec = 302.428
     twoNb = 130637
     twoNe = 27970.6
     twoNw = 3.33002e+06
    twoNec = 160182
    twoNnw = 8094.93
  twoNecnw = 68836.2
  twoNbecnw = 9093.49
  twoNgbecnw = 140854
         m = 0.220074
        m5 = 0.14757
        Ta = 37600
        Te = 151.214
#       SitePat  BranchLen
              b 122061.4368499
              e 45696.3075296
              c 47769.6233677
              n 44625.5146688
              w 44587.3353189
            b:e 1273.1684403
            b:c 1433.4470746
            b:n 1100.0808902
            b:w 1098.3243820
            e:c 11862.0485001
            e:n 4698.0439767
            e:w 4736.2233266
            c:n 4192.5920050
            c:w 4184.0777714
            n:w 12637.4741293
          b:e:c 1397.7487519
          b:e:n 635.6856186
          b:e:w 637.4421268
          b:c:n 640.6771183
          b:c:w 638.8162110
          b:n:w 1384.2261969
          e:c:n 4221.1014642
          e:c:w 4229.6156978
          e:n:w 6084.3325623
          c:n:w 5068.6142511
        b:e:c:n 1198.2557253
        b:e:c:w 1200.1166326
        b:e:n:w 1550.1359644
        b:c:n:w 1383.4917462
        e:c:n:w 48212.8274119
