########################################
# legofit: estimate population history #
#       version 2.3.4-4-g53f8760       #
########################################

# Program was compiled: Sep 21 2021 14:36:42
# Program was run: Sun Oct 10 11:25:29 2021

# cmd: legofit -1 -d 0 -t 32 --ptsPerDim 3 --stateOut b1boot16.state --tol 3e-6 -S 5000 ae2.lgo ../../chrX/boot_chrX/boot16.opf
# Stage nOptItr nSimReps
#     0    5000        0
# algorithm          : deterministic
# ignoring probs <=  : 0
# Branch length floor: 0
# DE strategy        : 2
#    F               : 0.3
#    CR              : 0.8
#    tolerance       : 3e-06
# nthreads           : 32
# lgo input file     : ae2.lgo
# site pat input file: ../../chrX/boot_chrX/boot16.opf
# free parameters    : 14
# points in DE swarm : 42
# output state file  : b1boot16.state
# Including singleton site patterns.
# cost function      : KL
Initial parameter values
Fixed:
      zero = 0
       one = 1
    Tbecnw = 75200
Free:
       pc1 = 0
       pc2 = 0
       pc3 = 0
       pc4 = 0
       pc5 = 0
       pc6 = 0
       pc7 = 0
       pc8 = 0
       pc9 = 0
      pc10 = 0
      pc11 = 0
      pc12 = 0
      pc13 = 0
      pc14 = 0
Constrained:
   Tgbecnw = 106272
     Tecnw = 26857.5
       Tnw = 24188.7
       Tec = 236.661
     twoNb = 173762
     twoNe = 292789
     twoNw = 1.36088e+06
    twoNec = 170467
    twoNnw = 10273.1
  twoNecnw = 73745.8
  twoNbecnw = 15466.8
  twoNgbecnw = 117360
         m = 0.305111
        m5 = 0.137447
        Ta = 37600
        Te = 118.33
DiffEv reached_goal. cost=2.48207e-03 spread=2.92205e-06
Fitted parameter values
Free:
       pc1 = -2.97595
       pc2 = 0.673646
       pc3 = -1.64616
       pc4 = -1.58128
       pc5 = -3.69444
       pc6 = 0.297557
       pc7 = -1.5091
       pc8 = -1.7556
       pc9 = -0.566591
      pc10 = 0.268122
      pc11 = -0.0301265
      pc12 = 0.095978
      pc13 = -0.0399306
      pc14 = 0.0322579
Constrained:
   Tgbecnw = 96507
     Tecnw = 25442.1
       Tnw = 24363.7
       Tec = 0.884964
     twoNb = 174047
     twoNe = 129381
     twoNw = 3.78987e+06
    twoNec = 161119
    twoNnw = 3881.43
  twoNecnw = 70023.3
  twoNbecnw = 9758.34
  twoNgbecnw = 147578
         m = 0.208848
        m5 = 0.149962
        Ta = 37600
        Te = 0.442482
#       SitePat  BranchLen
              b 122540.4637001
              e 46075.7246928
              c 48227.3815945
              n 44978.1242262
              w 44942.0975795
            b:e 1317.9759926
            b:c 1492.2569961
            b:n 1127.0618807
            b:w 1125.3531665
            e:c 12050.0290491
            e:n 4681.9782773
            e:w 4718.0049240
            c:n 4166.5772687
            c:w 4158.5370462
            n:w 12800.7256154
          b:e:c 1459.5718503
          b:e:n 651.1103329
          b:e:w 652.8190471
          b:c:n 656.3540499
          b:c:w 654.5415262
          b:n:w 1444.4382511
          e:c:n 4200.4742565
          e:c:w 4208.5144790
          e:n:w 6183.6340498
          c:n:w 5106.8460345
        b:e:c:n 1229.8473794
        b:e:c:w 1231.6599031
        b:e:n:w 1615.4198110
        b:c:n:w 1434.1726113
        e:c:n:w 48356.2824534
