########################################
# legofit: estimate population history #
#       version 2.3.4-4-g53f8760       #
########################################

# Program was compiled: Sep 21 2021 14:36:42
# Program was run: Sun Oct 10 11:25:20 2021

# cmd: legofit -1 -d 0 -t 32 --ptsPerDim 3 --stateOut b1boot7.state --tol 3e-6 -S 5000 ae2.lgo ../../chrX/boot_chrX/boot7.opf
# Stage nOptItr nSimReps
#     0    5000        0
# algorithm          : deterministic
# ignoring probs <=  : 0
# Branch length floor: 0
# DE strategy        : 2
#    F               : 0.3
#    CR              : 0.8
#    tolerance       : 3e-06
# nthreads           : 32
# lgo input file     : ae2.lgo
# site pat input file: ../../chrX/boot_chrX/boot7.opf
# free parameters    : 14
# points in DE swarm : 42
# output state file  : b1boot7.state
# Including singleton site patterns.
# cost function      : KL
Initial parameter values
Fixed:
      zero = 0
       one = 1
    Tbecnw = 75200
Free:
       pc1 = 0
       pc2 = 0
       pc3 = 0
       pc4 = 0
       pc5 = 0
       pc6 = 0
       pc7 = 0
       pc8 = 0
       pc9 = 0
      pc10 = 0
      pc11 = 0
      pc12 = 0
      pc13 = 0
      pc14 = 0
Constrained:
   Tgbecnw = 106272
     Tecnw = 26857.5
       Tnw = 24188.7
       Tec = 236.661
     twoNb = 173762
     twoNe = 292789
     twoNw = 1.36088e+06
    twoNec = 170467
    twoNnw = 10273.1
  twoNecnw = 73745.8
  twoNbecnw = 15466.8
  twoNgbecnw = 117360
         m = 0.305111
        m5 = 0.137447
        Ta = 37600
        Te = 118.33
DiffEv reached_goal. cost=2.55900e-03 spread=2.99568e-06
Fitted parameter values
Free:
       pc1 = -3.5586
       pc2 = 0.937323
       pc3 = -1.95386
       pc4 = -1.73214
       pc5 = -2.52454
       pc6 = 0.484835
       pc7 = -1.93917
       pc8 = -1.99317
       pc9 = 0.666807
      pc10 = 0.0466614
      pc11 = 0.100423
      pc12 = -0.0735375
      pc13 = 0.00866666
      pc14 = 0.0829226
Constrained:
   Tgbecnw = 96923.5
     Tecnw = 24807.5
       Tnw = 23516.7
       Tec = 118.262
     twoNb = 260193
     twoNe = 103620
     twoNw = 3.51259e+06
    twoNec = 152841
    twoNnw = 5079.01
  twoNecnw = 72285.2
  twoNbecnw = 9741.36
  twoNgbecnw = 151874
         m = 0.203058
        m5 = 0.140105
        Ta = 37600
        Te = 59.1312
#       SitePat  BranchLen
              b 122392.3390628
              e 45902.2389550
              c 47821.6381491
              n 45312.8617769
              w 45277.1400892
            b:e 1312.9499818
            b:c 1464.2972184
            b:n 1162.1746813
            b:w 1160.4704440
            e:c 12260.0818735
            e:n 4768.5844292
            e:w 4804.3061169
            c:n 4294.0232675
            c:w 4285.9903143
            n:w 12649.0597977
          b:e:c 1453.9887421
          b:e:n 665.3838638
          b:e:w 667.0881011
          b:c:n 670.3676293
          b:c:w 668.5566867
          b:n:w 1441.2689047
          e:c:n 4320.2069588
          e:c:w 4328.2399120
          e:n:w 5965.4442450
          c:n:w 5038.9220153
        b:e:c:n 1271.6175999
        b:e:c:w 1273.4285425
        b:e:n:w 1591.4437400
        b:c:n:w 1433.6441521
        e:c:n:w 48044.0162890
