########################################
# legofit: estimate population history #
#       version 2.3.4-4-g53f8760       #
########################################

# Program was compiled: Sep 21 2021 14:36:42
# Program was run: Sun Oct 10 11:25:28 2021

# cmd: legofit -1 -d 0 -t 32 --ptsPerDim 3 --stateOut b1boot14.state --tol 3e-6 -S 5000 ae2.lgo ../../chrX/boot_chrX/boot14.opf
# Stage nOptItr nSimReps
#     0    5000        0
# algorithm          : deterministic
# ignoring probs <=  : 0
# Branch length floor: 0
# DE strategy        : 2
#    F               : 0.3
#    CR              : 0.8
#    tolerance       : 3e-06
# nthreads           : 32
# lgo input file     : ae2.lgo
# site pat input file: ../../chrX/boot_chrX/boot14.opf
# free parameters    : 14
# points in DE swarm : 42
# output state file  : b1boot14.state
# Including singleton site patterns.
# cost function      : KL
Initial parameter values
Fixed:
      zero = 0
       one = 1
    Tbecnw = 75200
Free:
       pc1 = 0
       pc2 = 0
       pc3 = 0
       pc4 = 0
       pc5 = 0
       pc6 = 0
       pc7 = 0
       pc8 = 0
       pc9 = 0
      pc10 = 0
      pc11 = 0
      pc12 = 0
      pc13 = 0
      pc14 = 0
Constrained:
   Tgbecnw = 106272
     Tecnw = 26857.5
       Tnw = 24188.7
       Tec = 236.661
     twoNb = 173762
     twoNe = 292789
     twoNw = 1.36088e+06
    twoNec = 170467
    twoNnw = 10273.1
  twoNecnw = 73745.8
  twoNbecnw = 15466.8
  twoNgbecnw = 117360
         m = 0.305111
        m5 = 0.137447
        Ta = 37600
        Te = 118.33
DiffEv reached_goal. cost=2.28878e-03 spread=2.21991e-06
Fitted parameter values
Free:
       pc1 = -3.60926
       pc2 = 1.86023
       pc3 = -1.95169
       pc4 = 0.439582
       pc5 = -1.27662
       pc6 = -0.0316219
       pc7 = -1.9639
       pc8 = -1.9957
       pc9 = -0.489356
      pc10 = 0.301372
      pc11 = -0.148104
      pc12 = -0.143083
      pc13 = -0.00587116
      pc14 = 0.0629809
Constrained:
   Tgbecnw = 94597.3
     Tecnw = 24762.2
       Tnw = 23994.9
       Tec = 1.61118
     twoNb = 309248
     twoNe = 222183
     twoNw = 2.58718e+06
    twoNec = 165706
    twoNnw = 2892.67
  twoNecnw = 67913.8
  twoNbecnw = 8677.07
  twoNgbecnw = 153947
         m = 0.196462
        m5 = 0.12508
        Ta = 37600
        Te = 0.805589
#       SitePat  BranchLen
              b 121166.3164616
              e 45404.8362096
              c 47111.8880227
              n 44302.8891330
              w 44260.2553048
            b:e 1262.3598797
            b:c 1395.1497959
            b:n 1081.1422334
            b:w 1079.1735962
            e:c 11795.7497806
            e:n 4599.7498214
            e:w 4642.3836496
            c:n 4196.4510952
            c:w 4186.7567010
            n:w 12451.2378068
          b:e:c 1376.3422292
          b:e:n 623.8101517
          b:e:w 625.7787889
          b:c:n 628.4770922
          b:c:w 626.3916090
          b:n:w 1362.8879815
          e:c:n 4199.4486771
          e:c:w 4209.1430713
          e:n:w 5949.6608143
          c:n:w 5101.5346761
        b:e:c:n 1177.6705866
        b:e:c:w 1179.7560697
        b:e:n:w 1509.7993373
        b:c:n:w 1371.7296603
        e:c:n:w 47910.2964065
