########################################
# legofit: estimate population history #
#       version 2.3.4-4-g53f8760       #
########################################

# Program was compiled: Sep 21 2021 14:36:42
# Program was run: Sun Oct 10 11:25:41 2021

# cmd: legofit -1 -d 0 -t 32 --ptsPerDim 3 --stateOut b1boot23.state --tol 3e-6 -S 5000 ae2.lgo ../../chrX/boot_chrX/boot23.opf
# Stage nOptItr nSimReps
#     0    5000        0
# algorithm          : deterministic
# ignoring probs <=  : 0
# Branch length floor: 0
# DE strategy        : 2
#    F               : 0.3
#    CR              : 0.8
#    tolerance       : 3e-06
# nthreads           : 32
# lgo input file     : ae2.lgo
# site pat input file: ../../chrX/boot_chrX/boot23.opf
# free parameters    : 14
# points in DE swarm : 42
# output state file  : b1boot23.state
# Including singleton site patterns.
# cost function      : KL
Initial parameter values
Fixed:
      zero = 0
       one = 1
    Tbecnw = 75200
Free:
       pc1 = 0
       pc2 = 0
       pc3 = 0
       pc4 = 0
       pc5 = 0
       pc6 = 0
       pc7 = 0
       pc8 = 0
       pc9 = 0
      pc10 = 0
      pc11 = 0
      pc12 = 0
      pc13 = 0
      pc14 = 0
Constrained:
   Tgbecnw = 106272
     Tecnw = 26857.5
       Tnw = 24188.7
       Tec = 236.661
     twoNb = 173762
     twoNe = 292789
     twoNw = 1.36088e+06
    twoNec = 170467
    twoNnw = 10273.1
  twoNecnw = 73745.8
  twoNbecnw = 15466.8
  twoNgbecnw = 117360
         m = 0.305111
        m5 = 0.137447
        Ta = 37600
        Te = 118.33
DiffEv reached_goal. cost=2.40417e-03 spread=2.82221e-06
Fitted parameter values
Free:
       pc1 = -3.87091
       pc2 = 0.139338
       pc3 = -1.97631
       pc4 = -1.71362
       pc5 = -3.38806
       pc6 = 0.364115
       pc7 = -0.820202
       pc8 = -1.14856
       pc9 = -0.0568535
      pc10 = 0.222116
      pc11 = -0.177801
      pc12 = -0.0990675
      pc13 = 0.018006
      pc14 = 0.0252626
Constrained:
   Tgbecnw = 95903
     Tecnw = 25114.4
       Tnw = 23376.4
       Tec = 25.2267
     twoNb = 166885
     twoNe = 236838
     twoNw = 3.4265e+06
    twoNec = 154925
    twoNnw = 6579.69
  twoNecnw = 69647.9
  twoNbecnw = 9424.98
  twoNgbecnw = 150956
         m = 0.200142
        m5 = 0.156681
        Ta = 37600
        Te = 12.6134
#       SitePat  BranchLen
              b 121759.5055765
              e 45552.3390089
              c 47736.5813502
              n 44802.8302459
              w 44762.5103628
            b:e 1301.5095766
            b:c 1475.3426202
            b:n 1140.3600758
            b:w 1138.4468708
            e:c 12041.9568338
            e:n 4748.0600628
            e:w 4788.3799459
            c:n 4215.6487427
            c:w 4206.6120786
            n:w 12603.0374644
          b:e:c 1441.1647963
          b:e:n 656.5796236
          b:e:w 658.4928287
          b:c:n 662.1041108
          b:c:w 660.0743780
          b:n:w 1427.7383742
          e:c:n 4271.8577111
          e:c:w 4280.8943752
          e:n:w 6112.1168647
          c:n:w 5042.0537108
        b:e:c:n 1244.2818767
        b:e:c:w 1246.3116094
        b:e:n:w 1598.2153302
        b:c:n:w 1417.2762502
        e:c:n:w 47885.2434539
