########################################
# legofit: estimate population history #
#       version 2.3.4-4-g53f8760       #
########################################

# Program was compiled: Sep 21 2021 14:36:42
# Program was run: Sun Oct 10 11:25:28 2021

# cmd: legofit -1 -d 0 -t 32 --ptsPerDim 3 --stateOut b1boot13.state --tol 3e-6 -S 5000 ae2.lgo ../../chrX/boot_chrX/boot13.opf
# Stage nOptItr nSimReps
#     0    5000        0
# algorithm          : deterministic
# ignoring probs <=  : 0
# Branch length floor: 0
# DE strategy        : 2
#    F               : 0.3
#    CR              : 0.8
#    tolerance       : 3e-06
# nthreads           : 32
# lgo input file     : ae2.lgo
# site pat input file: ../../chrX/boot_chrX/boot13.opf
# free parameters    : 14
# points in DE swarm : 42
# output state file  : b1boot13.state
# Including singleton site patterns.
# cost function      : KL
Initial parameter values
Fixed:
      zero = 0
       one = 1
    Tbecnw = 75200
Free:
       pc1 = 0
       pc2 = 0
       pc3 = 0
       pc4 = 0
       pc5 = 0
       pc6 = 0
       pc7 = 0
       pc8 = 0
       pc9 = 0
      pc10 = 0
      pc11 = 0
      pc12 = 0
      pc13 = 0
      pc14 = 0
Constrained:
   Tgbecnw = 106272
     Tecnw = 26857.5
       Tnw = 24188.7
       Tec = 236.661
     twoNb = 173762
     twoNe = 292789
     twoNw = 1.36088e+06
    twoNec = 170467
    twoNnw = 10273.1
  twoNecnw = 73745.8
  twoNbecnw = 15466.8
  twoNgbecnw = 117360
         m = 0.305111
        m5 = 0.137447
        Ta = 37600
        Te = 118.33
DiffEv reached_goal. cost=2.54400e-03 spread=2.19207e-06
Fitted parameter values
Free:
       pc1 = -1.82369
       pc2 = 0.941968
       pc3 = -1.95938
       pc4 = -1.78205
       pc5 = -3.56345
       pc6 = 1.44167
       pc7 = -0.343794
       pc8 = -0.863233
       pc9 = -0.332276
      pc10 = -0.0576062
      pc11 = -0.185659
      pc12 = 0.0391791
      pc13 = -0.0834087
      pc14 = 0.0356667
Constrained:
   Tgbecnw = 99092.8
     Tecnw = 25848.1
       Tnw = 25084.6
       Tec = 49.0763
     twoNb = 260926
     twoNe = 411652
     twoNw = 3.55416e+06
    twoNec = 158005
    twoNnw = 2827.94
  twoNecnw = 72560.1
  twoNbecnw = 11539.2
  twoNgbecnw = 129243
         m = 0.254076
        m5 = 0.15711
        Ta = 37600
        Te = 24.5381
#       SitePat  BranchLen
              b 125676.7460409
              e 46848.4929548
              c 49099.9942601
              n 46106.0779428
              w 46063.7154584
            b:e 1336.3642460
            b:c 1518.6078503
            b:n 1164.4549689
            b:w 1162.4316507
            e:c 12374.3228436
            e:n 4809.9635967
            e:w 4852.3260811
            c:n 4269.1331675
            c:w 4259.6382791
            n:w 12893.2067368
          b:e:c 1483.5647819
          b:e:n 668.4696026
          b:e:w 670.4929207
          b:c:n 674.0915721
          b:c:w 671.9501926
          b:n:w 1469.9351654
          e:c:n 4332.2891998
          e:c:w 4341.7840882
          e:n:w 6266.4911947
          c:n:w 5148.5081206
        b:e:c:n 1265.7847741
        b:e:c:w 1267.9261536
        b:e:n:w 1639.1892415
        b:c:n:w 1449.8663958
        e:c:n:w 49962.4138778
