########################################
# legofit: estimate population history #
#       version 2.3.4-4-g53f8760       #
########################################

# Program was compiled: Sep 21 2021 14:36:42
# Program was run: Sun Oct 10 11:25:41 2021

# cmd: legofit -1 -d 0 -t 32 --ptsPerDim 3 --stateOut b1boot27.state --tol 3e-6 -S 5000 ae2.lgo ../../chrX/boot_chrX/boot27.opf
# Stage nOptItr nSimReps
#     0    5000        0
# algorithm          : deterministic
# ignoring probs <=  : 0
# Branch length floor: 0
# DE strategy        : 2
#    F               : 0.3
#    CR              : 0.8
#    tolerance       : 3e-06
# nthreads           : 32
# lgo input file     : ae2.lgo
# site pat input file: ../../chrX/boot_chrX/boot27.opf
# free parameters    : 14
# points in DE swarm : 42
# output state file  : b1boot27.state
# Including singleton site patterns.
# cost function      : KL
Initial parameter values
Fixed:
      zero = 0
       one = 1
    Tbecnw = 75200
Free:
       pc1 = 0
       pc2 = 0
       pc3 = 0
       pc4 = 0
       pc5 = 0
       pc6 = 0
       pc7 = 0
       pc8 = 0
       pc9 = 0
      pc10 = 0
      pc11 = 0
      pc12 = 0
      pc13 = 0
      pc14 = 0
Constrained:
   Tgbecnw = 106272
     Tecnw = 26857.5
       Tnw = 24188.7
       Tec = 236.661
     twoNb = 173762
     twoNe = 292789
     twoNw = 1.36088e+06
    twoNec = 170467
    twoNnw = 10273.1
  twoNecnw = 73745.8
  twoNbecnw = 15466.8
  twoNgbecnw = 117360
         m = 0.305111
        m5 = 0.137447
        Ta = 37600
        Te = 118.33
DiffEv reached_goal. cost=2.43405e-03 spread=2.61945e-06
Fitted parameter values
Free:
       pc1 = -2.60204
       pc2 = 0.967047
       pc3 = -1.78457
       pc4 = -0.343967
       pc5 = -0.98791
       pc6 = -0.161696
       pc7 = -1.58893
       pc8 = -1.69985
       pc9 = 0.92824
      pc10 = 0.149459
      pc11 = 0.0796964
      pc12 = 0.114729
      pc13 = -0.00711554
      pc14 = 0.0162515
Constrained:
   Tgbecnw = 97188.8
     Tecnw = 25082.1
       Tnw = 23281
       Tec = 61.0016
     twoNb = 240747
     twoNe = 169113
     twoNw = 2.45378e+06
    twoNec = 160582
    twoNnw = 6653.39
  twoNecnw = 73823.5
  twoNbecnw = 10433.2
  twoNgbecnw = 140371
         m = 0.22862
        m5 = 0.12853
        Ta = 37600
        Te = 30.5008
#       SitePat  BranchLen
              b 124176.3940222
              e 46733.9734792
              c 48637.5162323
              n 45504.8456839
              w 45458.0261531
            b:e 1394.0627087
            b:c 1548.4653269
            b:n 1196.4858335
            b:w 1194.2024765
            e:c 12423.5470853
            e:n 4758.6764326
            e:w 4805.4959634
            c:n 4300.1971694
            c:w 4289.7613118
            n:w 13254.9680734
          b:e:c 1543.3207120
          b:e:n 687.2840753
          b:e:w 689.5674323
          b:c:n 692.8578325
          b:c:w 690.4311420
          b:n:w 1527.6277885
          e:c:n 4309.3872080
          e:c:w 4319.8230656
          e:n:w 6152.1575051
          c:n:w 5222.8286667
        b:e:c:n 1309.1622520
        b:e:c:w 1311.5889425
        b:e:n:w 1682.4084262
        b:c:n:w 1521.5683411
        e:c:n:w 49044.9720240
