########################################
# legofit: estimate population history #
#       version 2.3.4-4-g53f8760       #
########################################

# Program was compiled: Sep 21 2021 14:36:42
# Program was run: Sun Oct 10 11:25:58 2021

# cmd: legofit -1 -d 0 -t 32 --ptsPerDim 3 --stateOut b1boot35.state --tol 3e-6 -S 5000 ae2.lgo ../../chrX/boot_chrX/boot35.opf
# Stage nOptItr nSimReps
#     0    5000        0
# algorithm          : deterministic
# ignoring probs <=  : 0
# Branch length floor: 0
# DE strategy        : 2
#    F               : 0.3
#    CR              : 0.8
#    tolerance       : 3e-06
# nthreads           : 32
# lgo input file     : ae2.lgo
# site pat input file: ../../chrX/boot_chrX/boot35.opf
# free parameters    : 14
# points in DE swarm : 42
# output state file  : b1boot35.state
# Including singleton site patterns.
# cost function      : KL
Initial parameter values
Fixed:
      zero = 0
       one = 1
    Tbecnw = 75200
Free:
       pc1 = 0
       pc2 = 0
       pc3 = 0
       pc4 = 0
       pc5 = 0
       pc6 = 0
       pc7 = 0
       pc8 = 0
       pc9 = 0
      pc10 = 0
      pc11 = 0
      pc12 = 0
      pc13 = 0
      pc14 = 0
Constrained:
   Tgbecnw = 106272
     Tecnw = 26857.5
       Tnw = 24188.7
       Tec = 236.661
     twoNb = 173762
     twoNe = 292789
     twoNw = 1.36088e+06
    twoNec = 170467
    twoNnw = 10273.1
  twoNecnw = 73745.8
  twoNbecnw = 15466.8
  twoNgbecnw = 117360
         m = 0.305111
        m5 = 0.137447
        Ta = 37600
        Te = 118.33
DiffEv reached_goal. cost=2.54074e-03 spread=2.90670e-06
Fitted parameter values
Free:
       pc1 = -3.80139
       pc2 = 0.105695
       pc3 = -1.99958
       pc4 = -0.794409
       pc5 = -3.15383
       pc6 = -0.169693
       pc7 = -1.36043
       pc8 = -1.93093
       pc9 = -0.324845
      pc10 = 0.867194
      pc11 = 0.0566457
      pc12 = 0.055504
      pc13 = -0.0587777
      pc14 = 0.0475651
Constrained:
   Tgbecnw = 93488.7
     Tecnw = 25069.3
       Tnw = 23135.3
       Tec = 3.59507
     twoNb = 137668
     twoNe = 177972
     twoNw = 3.46436e+06
    twoNec = 164437
    twoNnw = 7568.23
  twoNecnw = 69336.3
  twoNbecnw = 8191.24
  twoNgbecnw = 156428
         m = 0.205069
        m5 = 0.146576
        Ta = 37600
        Te = 1.79754
#       SitePat  BranchLen
              b 122493.1020763
              e 45660.3863763
              c 47640.7316854
              n 44769.3748041
              w 44732.3713122
            b:e 1268.4587070
            b:c 1421.1436717
            b:n 1107.8214521
            b:w 1106.1129774
            e:c 11706.9566492
            e:n 4718.7886160
            e:w 4755.7921079
            c:n 4228.8443324
            c:w 4220.6158863
            n:w 12351.2463562
          b:e:c 1382.0512091
          b:e:n 643.5458262
          b:e:w 645.2543009
          b:c:n 648.5574513
          b:c:w 646.7419510
          b:n:w 1368.6851058
          e:c:n 4206.1833552
          e:c:w 4214.4118014
          e:n:w 5943.3062460
          c:n:w 4988.0814421
        b:e:c:n 1212.5223993
        b:e:c:w 1214.3378996
        b:e:n:w 1544.2223473
        b:c:n:w 1385.0381074
        e:c:n:w 48971.3776407
