########################################
# legofit: estimate population history #
#       version 2.3.4-4-g53f8760       #
########################################

# Program was compiled: Sep 21 2021 14:36:42
# Program was run: Sun Oct 10 11:25:41 2021

# cmd: legofit -1 -d 0 -t 32 --ptsPerDim 3 --stateOut b1boot25.state --tol 3e-6 -S 5000 ae2.lgo ../../chrX/boot_chrX/boot25.opf
# Stage nOptItr nSimReps
#     0    5000        0
# algorithm          : deterministic
# ignoring probs <=  : 0
# Branch length floor: 0
# DE strategy        : 2
#    F               : 0.3
#    CR              : 0.8
#    tolerance       : 3e-06
# nthreads           : 32
# lgo input file     : ae2.lgo
# site pat input file: ../../chrX/boot_chrX/boot25.opf
# free parameters    : 14
# points in DE swarm : 42
# output state file  : b1boot25.state
# Including singleton site patterns.
# cost function      : KL
Initial parameter values
Fixed:
      zero = 0
       one = 1
    Tbecnw = 75200
Free:
       pc1 = 0
       pc2 = 0
       pc3 = 0
       pc4 = 0
       pc5 = 0
       pc6 = 0
       pc7 = 0
       pc8 = 0
       pc9 = 0
      pc10 = 0
      pc11 = 0
      pc12 = 0
      pc13 = 0
      pc14 = 0
Constrained:
   Tgbecnw = 106272
     Tecnw = 26857.5
       Tnw = 24188.7
       Tec = 236.661
     twoNb = 173762
     twoNe = 292789
     twoNw = 1.36088e+06
    twoNec = 170467
    twoNnw = 10273.1
  twoNecnw = 73745.8
  twoNbecnw = 15466.8
  twoNgbecnw = 117360
         m = 0.305111
        m5 = 0.137447
        Ta = 37600
        Te = 118.33
DiffEv reached_goal. cost=2.42658e-03 spread=2.77537e-06
Fitted parameter values
Free:
       pc1 = -3.78792
       pc2 = 0.107237
       pc3 = -1.97844
       pc4 = -1.70028
       pc5 = -3.15607
       pc6 = -0.323624
       pc7 = -1.19937
       pc8 = -1.83126
       pc9 = 0.389558
      pc10 = 0.422371
      pc11 = 0.0360267
      pc12 = -0.0491981
      pc13 = -0.0211991
      pc14 = -0.014481
Constrained:
   Tgbecnw = 95113
     Tecnw = 24912.9
       Tnw = 23007.2
       Tec = 41.7576
     twoNb = 89380.7
     twoNe = 124143
     twoNw = 3.48288e+06
    twoNec = 156085
    twoNnw = 6938.96
  twoNecnw = 71291.8
  twoNbecnw = 8990.93
  twoNgbecnw = 153283
         m = 0.209289
        m5 = 0.149224
        Ta = 37600
        Te = 20.8788
#       SitePat  BranchLen
              b 123124.4382620
              e 45749.1792960
              c 47917.5336248
              n 44618.9278850
              w 44581.7921083
            b:e 1305.9484333
            b:c 1476.5961028
            b:n 1123.4730425
            b:w 1121.7336372
            e:c 12098.6698735
            e:n 4714.1629201
            e:w 4751.2986968
            c:n 4185.3492564
            c:w 4177.1172095
            n:w 12931.2733015
          b:e:c 1450.7848577
          b:e:n 648.5275560
          b:e:w 650.2669614
          b:c:n 653.8784795
          b:c:w 652.0293420
          b:n:w 1435.6616880
          e:c:n 4200.9605070
          e:c:w 4209.1925538
          e:n:w 6138.1491551
          c:n:w 5072.7899774
        b:e:c:n 1229.9106364
        b:e:c:w 1231.7597739
        b:e:n:w 1603.5077898
        b:c:n:w 1425.7468163
        e:c:n:w 49151.9443679
