########################################
# legofit: estimate population history #
#       version 2.3.4-4-g53f8760       #
########################################

# Program was compiled: Sep 21 2021 14:36:42
# Program was run: Wed Sep 22 15:28:01 2021

# cmd: legofit -1 -d 0 -t 32 --ptsPerDim 3 --stateOut b1boot5.state --tol 3e-6 -S 5000 bcd2.lgo ../../chrX/boot_chrX/boot5.opf
# Stage nOptItr nSimReps
#     0    5000        0
# algorithm          : deterministic
# ignoring probs <=  : 0
# Branch length floor: 0
# DE strategy        : 2
#    F               : 0.3
#    CR              : 0.8
#    tolerance       : 3e-06
# nthreads           : 32
# lgo input file     : bcd2.lgo
# site pat input file: ../../chrX/boot_chrX/boot5.opf
# free parameters    : 14
# points in DE swarm : 42
# output state file  : b1boot5.state
# Including singleton site patterns.
# cost function      : KL
Initial parameter values
Fixed:
      zero = 0
       one = 1
    Tbecnw = 75200
Free:
       pc1 = 0
       pc2 = 0
       pc3 = 0
       pc4 = 0
       pc5 = 0
       pc6 = 0
       pc7 = 0
       pc8 = 0
       pc9 = 0
      pc10 = 0
      pc11 = 0
      pc12 = 0
      pc13 = 0
      pc14 = 0
Constrained:
     Tecnw = 32881
       Tnw = 14156.8
       Tec = 7405.85
     twoNb = 871707
     twoNe = 13031.8
     twoNc = 114096
     twoNn = 133924
    twoNec = 140298
    twoNnw = 52294.1
  twoNecnw = 31826.1
  twoNbecnw = 49692.4
        m2 = 0.000690064
        m3 = 0.251343
        m4 = 0.0169979
        Tb = 20143.4
        Tc = 7078.42
        Td = 3539.21
DiffEv reached_goal. cost=2.70540e-03 spread=2.68795e-06
Fitted parameter values
Free:
       pc1 = 3.97305
       pc2 = -1.99812
       pc3 = 0.946451
       pc4 = 1.99518
       pc5 = 1.97176
       pc6 = -0.530663
       pc7 = 1.65863
       pc8 = 0.328705
       pc9 = -1.81378
      pc10 = 0.228297
      pc11 = -1.42144
      pc12 = -0.316571
      pc13 = -0.0278932
      pc14 = 0.0294935
Constrained:
     Tecnw = 33358
       Tnw = 9440.16
       Tec = 4973.03
     twoNb = 1.5953e+06
     twoNe = 8816.09
     twoNc = 19478.3
     twoNn = 84383.7
    twoNec = 149340
    twoNnw = 72539
  twoNecnw = 31726
  twoNbecnw = 48293.6
        m2 = 0.00212667
        m3 = 0.246694
        m4 = 0.0205705
        Tb = 19165.5
        Tc = 4720.08
        Td = 2360.04
#       SitePat  BranchLen
              b 116018.1327211
              e 44155.6656758
              c 45432.6573236
              n 41455.3959052
              w 44545.3124786
            b:e 1223.3538287
            b:c 1541.4616959
            b:n 1022.7848093
            b:w 1210.9855160
            e:c 10973.9377642
            e:n 4675.6296100
            e:w 3510.2930236
            c:n 4201.4219972
            c:w 3442.7094182
            n:w 12087.4640111
          b:e:c 1309.0731911
          b:e:n 589.3623684
          b:e:w 574.8960462
          b:c:n 576.4794697
          b:c:w 590.8671947
          b:n:w 1305.9807221
          e:c:n 5489.6980878
          e:c:w 4325.2154816
          e:n:w 6038.1747921
          c:n:w 5225.0586653
        b:e:c:n 1212.9613312
        b:e:c:w 1023.4544199
        b:e:n:w 1464.5842711
        b:c:n:w 1221.3038513
        e:c:n:w 44319.3815449
