########################################
# legofit: estimate population history #
#       version 2.3.4-4-g53f8760       #
########################################

# Program was compiled: Sep 21 2021 14:36:42
# Program was run: Wed Sep 22 15:28:26 2021

# cmd: legofit -1 -d 0 -t 32 --ptsPerDim 3 --stateOut b1boot32.state --tol 3e-6 -S 5000 bcd2.lgo ../../chrX/boot_chrX/boot32.opf
# Stage nOptItr nSimReps
#     0    5000        0
# algorithm          : deterministic
# ignoring probs <=  : 0
# Branch length floor: 0
# DE strategy        : 2
#    F               : 0.3
#    CR              : 0.8
#    tolerance       : 3e-06
# nthreads           : 32
# lgo input file     : bcd2.lgo
# site pat input file: ../../chrX/boot_chrX/boot32.opf
# free parameters    : 14
# points in DE swarm : 42
# output state file  : b1boot32.state
# Including singleton site patterns.
# cost function      : KL
Initial parameter values
Fixed:
      zero = 0
       one = 1
    Tbecnw = 75200
Free:
       pc1 = 0
       pc2 = 0
       pc3 = 0
       pc4 = 0
       pc5 = 0
       pc6 = 0
       pc7 = 0
       pc8 = 0
       pc9 = 0
      pc10 = 0
      pc11 = 0
      pc12 = 0
      pc13 = 0
      pc14 = 0
Constrained:
     Tecnw = 32881
       Tnw = 14156.8
       Tec = 7405.85
     twoNb = 871707
     twoNe = 13031.8
     twoNc = 114096
     twoNn = 133924
    twoNec = 140298
    twoNnw = 52294.1
  twoNecnw = 31826.1
  twoNbecnw = 49692.4
        m2 = 0.000690064
        m3 = 0.251343
        m4 = 0.0169979
        Tb = 20143.4
        Tc = 7078.42
        Td = 3539.21
DiffEv reached_goal. cost=2.70894e-03 spread=2.09769e-06
Fitted parameter values
Free:
       pc1 = 3.9735
       pc2 = -1.77534
       pc3 = -0.756509
       pc4 = 1.98277
       pc5 = 1.95076
       pc6 = -1.72783
       pc7 = 1.04135
       pc8 = -0.288653
       pc9 = -0.872824
      pc10 = 1.64092
      pc11 = -0.369063
      pc12 = -0.539794
      pc13 = -0.115715
      pc14 = -0.11435
Constrained:
     Tecnw = 33493.9
       Tnw = 10842.2
       Tec = 5525.86
     twoNb = 1.67299e+06
     twoNe = 9344.75
     twoNc = 9053.6
     twoNn = 20123.5
    twoNec = 149782
    twoNnw = 68288.5
  twoNecnw = 30692.7
  twoNbecnw = 49973.7
        m2 = 0.00210584
        m3 = 0.235065
        m4 = 0.0199526
        Tb = 19509.9
        Tc = 5421.09
        Td = 2710.54
#       SitePat  BranchLen
              b 117728.7136047
              e 44351.2957696
              c 45434.3212488
              n 41652.1290102
              w 44346.3534584
            b:e 1229.6699030
            b:c 1540.0610371
            b:n 1019.8570002
            b:w 1188.0494057
            e:c 10846.7952792
            e:n 4397.5921135
            e:w 3480.5322556
            c:n 4124.7748453
            c:w 3379.5184926
            n:w 11962.8358073
          b:e:c 1311.9766392
          b:e:n 579.2488828
          b:e:w 572.8349858
          b:c:n 574.2895140
          b:c:w 580.6256871
          b:n:w 1309.0972957
          e:c:n 5352.6503598
          e:c:w 4322.0057984
          e:n:w 6047.2568233
          c:n:w 5265.0016151
        b:e:c:n 1189.8394784
        b:e:c:w 1020.4611206
        b:e:n:w 1467.7483700
        b:c:n:w 1227.5866635
        e:c:n:w 46370.1518087
