########################################
# legofit: estimate population history #
#       version 2.3.4-4-g53f8760       #
########################################

# Program was compiled: Sep 21 2021 14:36:42
# Program was run: Wed Sep 22 15:28:26 2021

# cmd: legofit -1 -d 0 -t 32 --ptsPerDim 3 --stateOut b1boot30.state --tol 3e-6 -S 5000 bcd2.lgo ../../chrX/boot_chrX/boot30.opf
# Stage nOptItr nSimReps
#     0    5000        0
# algorithm          : deterministic
# ignoring probs <=  : 0
# Branch length floor: 0
# DE strategy        : 2
#    F               : 0.3
#    CR              : 0.8
#    tolerance       : 3e-06
# nthreads           : 32
# lgo input file     : bcd2.lgo
# site pat input file: ../../chrX/boot_chrX/boot30.opf
# free parameters    : 14
# points in DE swarm : 42
# output state file  : b1boot30.state
# Including singleton site patterns.
# cost function      : KL
Initial parameter values
Fixed:
      zero = 0
       one = 1
    Tbecnw = 75200
Free:
       pc1 = 0
       pc2 = 0
       pc3 = 0
       pc4 = 0
       pc5 = 0
       pc6 = 0
       pc7 = 0
       pc8 = 0
       pc9 = 0
      pc10 = 0
      pc11 = 0
      pc12 = 0
      pc13 = 0
      pc14 = 0
Constrained:
     Tecnw = 32881
       Tnw = 14156.8
       Tec = 7405.85
     twoNb = 871707
     twoNe = 13031.8
     twoNc = 114096
     twoNn = 133924
    twoNec = 140298
    twoNnw = 52294.1
  twoNecnw = 31826.1
  twoNbecnw = 49692.4
        m2 = 0.000690064
        m3 = 0.251343
        m4 = 0.0169979
        Tb = 20143.4
        Tc = 7078.42
        Td = 3539.21
DiffEv reached_goal. cost=2.74959e-03 spread=2.81962e-06
Fitted parameter values
Free:
       pc1 = 3.97344
       pc2 = -1.96396
       pc3 = -0.0605093
       pc4 = 1.92655
       pc5 = 1.71265
       pc6 = -1.59184
       pc7 = 1.08407
       pc8 = -0.0842526
       pc9 = -1.835
      pc10 = 1.21093
      pc11 = 0.206974
      pc12 = 0.0213168
      pc13 = -0.184463
      pc14 = -0.0263278
Constrained:
     Tecnw = 33145.6
       Tnw = 9925.1
       Tec = 5131.82
     twoNb = 1.65624e+06
     twoNe = 10742.5
     twoNc = 9136.31
     twoNn = 32251
    twoNec = 149444
    twoNnw = 68974.1
  twoNecnw = 30576.4
  twoNbecnw = 49262.1
        m2 = 0.00199708
        m3 = 0.245095
        m4 = 0.0190605
        Tb = 19138.7
        Tc = 4962.55
        Td = 2481.27
#       SitePat  BranchLen
              b 117257.3228078
              e 43801.3998551
              c 44895.1303052
              n 41023.3120179
              w 43878.2933362
            b:e 1188.7459848
            b:c 1485.9252318
            b:n 984.1632326
            b:w 1156.9744012
            e:c 10777.7025962
            e:n 4444.1671358
            e:w 3443.6332551
            c:n 4125.8135645
            c:w 3359.0821335
            n:w 11933.4987293
          b:e:c 1268.4488973
          b:e:n 562.8859808
          b:e:w 554.5557867
          b:c:n 555.9219920
          b:c:w 564.1718736
          b:n:w 1265.7469945
          e:c:n 5354.4287628
          e:c:w 4267.9744892
          e:n:w 5973.0213691
          c:n:w 5211.9720752
        b:e:c:n 1158.6618187
        b:e:c:w 984.6692298
        b:e:n:w 1416.3092964
        b:c:n:w 1186.7014881
        e:c:n:w 46394.6005583
