########################################
# legofit: estimate population history #
#       version 2.3.4-4-g53f8760       #
########################################

# Program was compiled: Sep 21 2021 14:36:42
# Program was run: Wed Sep 22 15:28:10 2021

# cmd: legofit -1 -d 0 -t 32 --ptsPerDim 3 --stateOut b1boot16.state --tol 3e-6 -S 5000 bcd2.lgo ../../chrX/boot_chrX/boot16.opf
# Stage nOptItr nSimReps
#     0    5000        0
# algorithm          : deterministic
# ignoring probs <=  : 0
# Branch length floor: 0
# DE strategy        : 2
#    F               : 0.3
#    CR              : 0.8
#    tolerance       : 3e-06
# nthreads           : 32
# lgo input file     : bcd2.lgo
# site pat input file: ../../chrX/boot_chrX/boot16.opf
# free parameters    : 14
# points in DE swarm : 42
# output state file  : b1boot16.state
# Including singleton site patterns.
# cost function      : KL
Initial parameter values
Fixed:
      zero = 0
       one = 1
    Tbecnw = 75200
Free:
       pc1 = 0
       pc2 = 0
       pc3 = 0
       pc4 = 0
       pc5 = 0
       pc6 = 0
       pc7 = 0
       pc8 = 0
       pc9 = 0
      pc10 = 0
      pc11 = 0
      pc12 = 0
      pc13 = 0
      pc14 = 0
Constrained:
     Tecnw = 32881
       Tnw = 14156.8
       Tec = 7405.85
     twoNb = 871707
     twoNe = 13031.8
     twoNc = 114096
     twoNn = 133924
    twoNec = 140298
    twoNnw = 52294.1
  twoNecnw = 31826.1
  twoNbecnw = 49692.4
        m2 = 0.000690064
        m3 = 0.251343
        m4 = 0.0169979
        Tb = 20143.4
        Tc = 7078.42
        Td = 3539.21
DiffEv reached_goal. cost=2.74154e-03 spread=2.86325e-06
Fitted parameter values
Free:
       pc1 = 3.98952
       pc2 = -1.99018
       pc3 = -1.61645
       pc4 = 1.48936
       pc5 = 1.97743
       pc6 = -1.2968
       pc7 = 1.28624
       pc8 = 0.455274
       pc9 = -0.81641
      pc10 = 0.328386
      pc11 = -0.566948
      pc12 = -0.657319
      pc13 = -0.395159
      pc14 = -0.0131234
Constrained:
     Tecnw = 33761.9
       Tnw = 10482.3
       Tec = 5515.09
     twoNb = 1.47166e+06
     twoNe = 14994.3
     twoNc = 9661.46
     twoNn = 16291
    twoNec = 151506
    twoNnw = 66076.8
  twoNecnw = 30951.1
  twoNbecnw = 50016.6
        m2 = 0.00237801
        m3 = 0.253649
        m4 = 0.02126
        Tb = 19638.5
        Tc = 5241.16
        Td = 2620.58
#       SitePat  BranchLen
              b 117604.0245213
              e 44617.2838758
              c 45834.4678615
              n 41520.1485602
              w 44515.4747908
            b:e 1259.9279499
            b:c 1600.9306296
            b:n 1023.8617244
            b:w 1211.2272460
            e:c 10876.5896768
            e:n 4544.1178273
            e:w 3473.8370324
            c:n 4171.8351013
            c:w 3383.5296779
            n:w 12235.3453948
          b:e:c 1340.8544171
          b:e:n 591.0871127
          b:e:w 580.6346259
          b:c:n 582.4231690
          b:c:w 592.7588494
          b:n:w 1337.2607337
          e:c:n 5399.7803508
          e:c:w 4264.7828618
          e:n:w 6153.3415517
          c:n:w 5310.2916984
        b:e:c:n 1213.4608876
        b:e:c:w 1024.4696493
        b:e:n:w 1513.2207184
        b:c:n:w 1257.2137070
        e:c:n:w 45879.9674040
