########################################
# legofit: estimate population history #
#       version 2.3.4-4-g53f8760       #
########################################

# Program was compiled: Sep 21 2021 14:36:42
# Program was run: Wed Sep 22 15:28:14 2021

# cmd: legofit -1 -d 0 -t 32 --ptsPerDim 3 --stateOut b1boot18.state --tol 3e-6 -S 5000 bcd2.lgo ../../chrX/boot_chrX/boot18.opf
# Stage nOptItr nSimReps
#     0    5000        0
# algorithm          : deterministic
# ignoring probs <=  : 0
# Branch length floor: 0
# DE strategy        : 2
#    F               : 0.3
#    CR              : 0.8
#    tolerance       : 3e-06
# nthreads           : 32
# lgo input file     : bcd2.lgo
# site pat input file: ../../chrX/boot_chrX/boot18.opf
# free parameters    : 14
# points in DE swarm : 42
# output state file  : b1boot18.state
# Including singleton site patterns.
# cost function      : KL
Initial parameter values
Fixed:
      zero = 0
       one = 1
    Tbecnw = 75200
Free:
       pc1 = 0
       pc2 = 0
       pc3 = 0
       pc4 = 0
       pc5 = 0
       pc6 = 0
       pc7 = 0
       pc8 = 0
       pc9 = 0
      pc10 = 0
      pc11 = 0
      pc12 = 0
      pc13 = 0
      pc14 = 0
Constrained:
     Tecnw = 32881
       Tnw = 14156.8
       Tec = 7405.85
     twoNb = 871707
     twoNe = 13031.8
     twoNc = 114096
     twoNn = 133924
    twoNec = 140298
    twoNnw = 52294.1
  twoNecnw = 31826.1
  twoNbecnw = 49692.4
        m2 = 0.000690064
        m3 = 0.251343
        m4 = 0.0169979
        Tb = 20143.4
        Tc = 7078.42
        Td = 3539.21
DiffEv reached_goal. cost=2.79311e-03 spread=2.91356e-06
Fitted parameter values
Free:
       pc1 = 3.93432
       pc2 = -1.9865
       pc3 = -1.45613
       pc4 = 1.16508
       pc5 = 1.97975
       pc6 = -1.23016
       pc7 = 1.26227
       pc8 = -0.191848
       pc9 = -0.909334
      pc10 = -0.111651
      pc11 = 0.41621
      pc12 = -0.615272
      pc13 = 0.118878
      pc14 = 0.0497503
Constrained:
     Tecnw = 33418.2
       Tnw = 10664.9
       Tec = 5770.55
     twoNb = 1.50686e+06
     twoNe = 14681
     twoNc = 25349
     twoNn = 41883
    twoNec = 156126
    twoNnw = 68402.2
  twoNecnw = 30849.2
  twoNbecnw = 50298.4
        m2 = 0.0020118
        m3 = 0.263975
        m4 = 0.020743
        Tb = 19594.4
        Tc = 5332.44
        Td = 2666.22
#       SitePat  BranchLen
              b 117946.5038136
              e 44350.6512377
              c 45694.7713394
              n 41487.4620682
              w 44573.7201843
            b:e 1241.5726218
            b:c 1581.7699546
            b:n 1024.4271125
            b:w 1215.3207693
            e:c 10495.5766926
            e:n 4733.5289909
            e:w 3546.7426826
            c:n 4227.3189928
            c:w 3485.4766743
            n:w 11706.1088048
          b:e:c 1294.6698502
          b:e:n 603.2713189
          b:e:w 587.1110655
          b:c:n 588.8042325
          b:c:w 604.8868377
          b:n:w 1291.4546579
          e:c:n 5463.7553829
          e:c:w 4307.6318520
          e:n:w 6145.1074988
          c:n:w 5283.9115675
        b:e:c:n 1217.4197286
        b:e:c:w 1025.0977617
        b:e:n:w 1498.5205104
        b:c:n:w 1239.5663279
        e:c:n:w 46449.7393686
