########################################
# legofit: estimate population history #
#       version 2.3.4-4-g53f8760       #
########################################

# Program was compiled: Sep 21 2021 14:36:42
# Program was run: Wed Sep 22 15:28:35 2021

# cmd: legofit -1 -d 0 -t 32 --ptsPerDim 3 --stateOut b1boot34.state --tol 3e-6 -S 5000 bcd2.lgo ../../chrX/boot_chrX/boot34.opf
# Stage nOptItr nSimReps
#     0    5000        0
# algorithm          : deterministic
# ignoring probs <=  : 0
# Branch length floor: 0
# DE strategy        : 2
#    F               : 0.3
#    CR              : 0.8
#    tolerance       : 3e-06
# nthreads           : 32
# lgo input file     : bcd2.lgo
# site pat input file: ../../chrX/boot_chrX/boot34.opf
# free parameters    : 14
# points in DE swarm : 42
# output state file  : b1boot34.state
# Including singleton site patterns.
# cost function      : KL
Initial parameter values
Fixed:
      zero = 0
       one = 1
    Tbecnw = 75200
Free:
       pc1 = 0
       pc2 = 0
       pc3 = 0
       pc4 = 0
       pc5 = 0
       pc6 = 0
       pc7 = 0
       pc8 = 0
       pc9 = 0
      pc10 = 0
      pc11 = 0
      pc12 = 0
      pc13 = 0
      pc14 = 0
Constrained:
     Tecnw = 32881
       Tnw = 14156.8
       Tec = 7405.85
     twoNb = 871707
     twoNe = 13031.8
     twoNc = 114096
     twoNn = 133924
    twoNec = 140298
    twoNnw = 52294.1
  twoNecnw = 31826.1
  twoNbecnw = 49692.4
        m2 = 0.000690064
        m3 = 0.251343
        m4 = 0.0169979
        Tb = 20143.4
        Tc = 7078.42
        Td = 3539.21
DiffEv reached_goal. cost=2.63961e-03 spread=2.04980e-06
Fitted parameter values
Free:
       pc1 = 3.98648
       pc2 = -1.95908
       pc3 = 1.24526
       pc4 = 1.94479
       pc5 = 0.475487
       pc6 = -1.18631
       pc7 = 1.95191
       pc8 = -0.0886947
       pc9 = -0.23996
      pc10 = 1.72924
      pc11 = 0.374995
      pc12 = -0.168924
      pc13 = 0.129339
      pc14 = -0.0384175
Constrained:
     Tecnw = 32915.9
       Tnw = 10226
       Tec = 5200.09
     twoNb = 1.54341e+06
     twoNe = 4480.27
     twoNc = 81450.1
     twoNn = 5175.85
    twoNec = 147557
    twoNnw = 70757.2
  twoNecnw = 30636.2
  twoNbecnw = 49029.3
        m2 = 0.000846932
        m3 = 0.229314
        m4 = 0.0218754
        Tb = 19058
        Tc = 5113
        Td = 2556.5
#       SitePat  BranchLen
              b 117066.3339019
              e 43579.1344309
              c 44830.8707181
              n 41117.8142589
              w 43823.7026678
            b:e 1160.2948316
            b:c 1504.9881271
            b:n 982.8543049
            b:w 1147.5915574
            e:c 10750.0864183
            e:n 4434.8448520
            e:w 3466.8266423
            c:n 4071.1933350
            c:w 3368.0641406
            n:w 11768.8393948
          b:e:c 1253.3179657
          b:e:n 559.9027604
          b:e:w 550.6336929
          b:c:n 552.2219611
          b:c:w 561.5678737
          b:n:w 1250.5769214
          e:c:n 5338.8980010
          e:c:w 4304.6930710
          e:n:w 6020.0950365
          c:n:w 5144.6952323
        b:e:c:n 1149.4347361
        b:e:c:w 984.0845637
        b:e:n:w 1422.7453493
        b:c:n:w 1160.8762080
        e:c:n:w 46332.4324035
