########################################
# legofit: estimate population history #
#       version 2.3.4-4-g53f8760       #
########################################

# Program was compiled: Sep 21 2021 14:36:42
# Program was run: Wed Sep 22 15:28:19 2021

# cmd: legofit -1 -d 0 -t 32 --ptsPerDim 3 --stateOut b1boot22.state --tol 3e-6 -S 5000 bcd2.lgo ../../chrX/boot_chrX/boot22.opf
# Stage nOptItr nSimReps
#     0    5000        0
# algorithm          : deterministic
# ignoring probs <=  : 0
# Branch length floor: 0
# DE strategy        : 2
#    F               : 0.3
#    CR              : 0.8
#    tolerance       : 3e-06
# nthreads           : 32
# lgo input file     : bcd2.lgo
# site pat input file: ../../chrX/boot_chrX/boot22.opf
# free parameters    : 14
# points in DE swarm : 42
# output state file  : b1boot22.state
# Including singleton site patterns.
# cost function      : KL
Initial parameter values
Fixed:
      zero = 0
       one = 1
    Tbecnw = 75200
Free:
       pc1 = 0
       pc2 = 0
       pc3 = 0
       pc4 = 0
       pc5 = 0
       pc6 = 0
       pc7 = 0
       pc8 = 0
       pc9 = 0
      pc10 = 0
      pc11 = 0
      pc12 = 0
      pc13 = 0
      pc14 = 0
Constrained:
     Tecnw = 32881
       Tnw = 14156.8
       Tec = 7405.85
     twoNb = 871707
     twoNe = 13031.8
     twoNc = 114096
     twoNn = 133924
    twoNec = 140298
    twoNnw = 52294.1
  twoNecnw = 31826.1
  twoNbecnw = 49692.4
        m2 = 0.000690064
        m3 = 0.251343
        m4 = 0.0169979
        Tb = 20143.4
        Tc = 7078.42
        Td = 3539.21
DiffEv reached_goal. cost=2.55853e-03 spread=2.98028e-06
Fitted parameter values
Free:
       pc1 = 3.94452
       pc2 = -1.99709
       pc3 = -0.641676
       pc4 = 1.19203
       pc5 = 1.24891
       pc6 = -0.326042
       pc7 = 1.89039
       pc8 = 0.369697
       pc9 = -0.664588
      pc10 = 0.00479189
      pc11 = -0.392614
      pc12 = -0.314496
      pc13 = -0.313612
      pc14 = 0.0195786
Constrained:
     Tecnw = 33518.2
       Tnw = 9962.74
       Tec = 5182
     twoNb = 1.34803e+06
     twoNe = 12472.4
     twoNc = 44822.2
     twoNn = 86360
    twoNec = 150559
    twoNnw = 67242.8
  twoNecnw = 31197.3
  twoNbecnw = 49497.9
        m2 = 0.00153842
        m3 = 0.257351
        m4 = 0.0221515
        Tb = 19350.1
        Tc = 4981.37
        Td = 2490.68
#       SitePat  BranchLen
              b 117149.4097424
              e 44331.1410091
              c 45561.9995499
              n 41315.6428848
              w 44374.7137387
            b:e 1236.3797682
            b:c 1593.8997896
            b:n 1015.8018366
            b:w 1207.5327550
            e:c 10920.3451511
            e:n 4563.7439903
            e:w 3487.6633852
            c:n 4203.1844425
            c:w 3386.7369103
            n:w 12225.5594609
          b:e:c 1327.0126719
          b:e:n 586.5140933
          b:e:w 576.9908518
          b:c:n 578.9501940
          b:c:w 588.4803127
          b:n:w 1323.3731022
          e:c:n 5436.1233253
          e:c:w 4270.8277251
          e:n:w 6138.6934484
          c:n:w 5269.1893387
        b:e:c:n 1209.8961935
        b:e:c:w 1016.9112815
        b:e:n:w 1496.8845757
        b:c:n:w 1235.5705843
        e:c:n:w 45544.4802823
