########################################
# legofit: estimate population history #
#       version 2.3.4-4-g53f8760       #
########################################

# Program was compiled: Sep 21 2021 14:36:42
# Program was run: Wed Sep 22 15:28:08 2021

# cmd: legofit -1 -d 0 -t 32 --ptsPerDim 3 --stateOut b1boot15.state --tol 3e-6 -S 5000 bcd2.lgo ../../chrX/boot_chrX/boot15.opf
# Stage nOptItr nSimReps
#     0    5000        0
# algorithm          : deterministic
# ignoring probs <=  : 0
# Branch length floor: 0
# DE strategy        : 2
#    F               : 0.3
#    CR              : 0.8
#    tolerance       : 3e-06
# nthreads           : 32
# lgo input file     : bcd2.lgo
# site pat input file: ../../chrX/boot_chrX/boot15.opf
# free parameters    : 14
# points in DE swarm : 42
# output state file  : b1boot15.state
# Including singleton site patterns.
# cost function      : KL
Initial parameter values
Fixed:
      zero = 0
       one = 1
    Tbecnw = 75200
Free:
       pc1 = 0
       pc2 = 0
       pc3 = 0
       pc4 = 0
       pc5 = 0
       pc6 = 0
       pc7 = 0
       pc8 = 0
       pc9 = 0
      pc10 = 0
      pc11 = 0
      pc12 = 0
      pc13 = 0
      pc14 = 0
Constrained:
     Tecnw = 32881
       Tnw = 14156.8
       Tec = 7405.85
     twoNb = 871707
     twoNe = 13031.8
     twoNc = 114096
     twoNn = 133924
    twoNec = 140298
    twoNnw = 52294.1
  twoNecnw = 31826.1
  twoNbecnw = 49692.4
        m2 = 0.000690064
        m3 = 0.251343
        m4 = 0.0169979
        Tb = 20143.4
        Tc = 7078.42
        Td = 3539.21
DiffEv reached_goal. cost=2.64747e-03 spread=2.62872e-06
Fitted parameter values
Free:
       pc1 = 3.99588
       pc2 = -1.38266
       pc3 = -0.414862
       pc4 = 1.87139
       pc5 = 1.98277
       pc6 = -1.26272
       pc7 = 0.984162
       pc8 = -1.75364
       pc9 = 1.8038
      pc10 = -1.23064
      pc11 = -0.617139
      pc12 = -0.509037
      pc13 = -0.210021
      pc14 = -0.0326708
Constrained:
     Tecnw = 33256.5
       Tnw = 10663.7
       Tec = 5549.42
     twoNb = 1.66064e+06
     twoNe = 14111.7
     twoNc = 159247
     twoNn = 43284.8
    twoNec = 155074
    twoNnw = 67724.1
  twoNecnw = 32131.9
  twoNbecnw = 51524.1
        m2 = 0.00195704
        m3 = 0.244745
        m4 = 0.0223808
        Tb = 19403
        Tc = 5331.83
        Td = 2665.92
#       SitePat  BranchLen
              b 118608.6318748
              e 44930.4210898
              c 46184.9625787
              n 41945.7782828
              w 44752.6052835
            b:e 1341.3718263
            b:c 1696.3804390
            b:n 1104.4660244
            b:w 1290.0434807
            e:c 10948.2014860
            e:n 4653.7528663
            e:w 3668.0339323
            c:n 4304.5002960
            c:w 3558.9888034
            n:w 12272.4010192
          b:e:c 1412.5181202
          b:e:n 638.1231766
          b:e:w 628.6978685
          b:c:n 630.4603528
          b:c:w 639.8478314
          b:n:w 1409.1883824
          e:c:n 5538.3753803
          e:c:w 4464.0382310
          e:n:w 6372.2563480
          c:n:w 5491.9015775
        b:e:c:n 1292.1897191
        b:e:c:w 1105.3906674
        b:e:n:w 1614.3620574
        b:c:n:w 1339.9772864
        e:c:n:w 46143.9163381
