########################################
# legofit: estimate population history #
#       version 2.3.4-4-g53f8760       #
########################################

# Program was compiled: Sep 21 2021 14:36:42
# Program was run: Wed Sep 22 15:28:01 2021

# cmd: legofit -1 -d 0 -t 32 --ptsPerDim 3 --stateOut b1boot6.state --tol 3e-6 -S 5000 bcd2.lgo ../../chrX/boot_chrX/boot6.opf
# Stage nOptItr nSimReps
#     0    5000        0
# algorithm          : deterministic
# ignoring probs <=  : 0
# Branch length floor: 0
# DE strategy        : 2
#    F               : 0.3
#    CR              : 0.8
#    tolerance       : 3e-06
# nthreads           : 32
# lgo input file     : bcd2.lgo
# site pat input file: ../../chrX/boot_chrX/boot6.opf
# free parameters    : 14
# points in DE swarm : 42
# output state file  : b1boot6.state
# Including singleton site patterns.
# cost function      : KL
Initial parameter values
Fixed:
      zero = 0
       one = 1
    Tbecnw = 75200
Free:
       pc1 = 0
       pc2 = 0
       pc3 = 0
       pc4 = 0
       pc5 = 0
       pc6 = 0
       pc7 = 0
       pc8 = 0
       pc9 = 0
      pc10 = 0
      pc11 = 0
      pc12 = 0
      pc13 = 0
      pc14 = 0
Constrained:
     Tecnw = 32881
       Tnw = 14156.8
       Tec = 7405.85
     twoNb = 871707
     twoNe = 13031.8
     twoNc = 114096
     twoNn = 133924
    twoNec = 140298
    twoNnw = 52294.1
  twoNecnw = 31826.1
  twoNbecnw = 49692.4
        m2 = 0.000690064
        m3 = 0.251343
        m4 = 0.0169979
        Tb = 20143.4
        Tc = 7078.42
        Td = 3539.21
DiffEv reached_goal. cost=2.41950e-03 spread=2.99140e-06
Fitted parameter values
Free:
       pc1 = 3.98495
       pc2 = -1.97427
       pc3 = -1.15445
       pc4 = 1.58598
       pc5 = 1.99034
       pc6 = -1.02123
       pc7 = 1.90672
       pc8 = -0.191304
       pc9 = -1.29746
      pc10 = -0.635549
      pc11 = 0.91766
      pc12 = -0.357351
      pc13 = -0.138731
      pc14 = -0.106837
Constrained:
     Tecnw = 33139.9
       Tnw = 10072
       Tec = 5201.94
     twoNb = 1.54235e+06
     twoNe = 18423.6
     twoNc = 7186.76
     twoNn = 43428.4
    twoNec = 157181
    twoNnw = 68467.7
  twoNecnw = 30953.9
  twoNbecnw = 50057.8
        m2 = 0.00170252
        m3 = 0.268897
        m4 = 0.0213742
        Tb = 19170.9
        Tc = 5036.01
        Td = 2518.01
#       SitePat  BranchLen
              b 117772.2624642
              e 44215.2924658
              c 45363.7514937
              n 41296.7390220
              w 44246.3694541
            b:e 1231.4756264
            b:c 1569.4781357
            b:n 1016.6245354
            b:w 1200.8726854
            e:c 10568.6468844
            e:n 4566.6890479
            e:w 3568.4503011
            c:n 4285.2475060
            c:w 3455.5730387
            n:w 11792.6306823
          b:e:c 1286.7702628
          b:e:n 591.4670890
          b:e:w 585.1223158
          b:c:n 586.8044425
          b:c:w 593.1163390
          b:n:w 1283.6738116
          e:c:n 5435.4219427
          e:c:w 4314.9825906
          e:n:w 6135.5550217
          c:n:w 5296.2294131
        b:e:c:n 1202.9046965
        b:e:c:w 1017.4115575
        b:e:n:w 1486.3510923
        b:c:n:w 1230.2025916
        e:c:n:w 46447.9967509
