########################################
# legofit: estimate population history #
#       version 2.3.4-4-g53f8760       #
########################################

# Program was compiled: Sep 21 2021 14:36:42
# Program was run: Wed Sep 22 15:28:19 2021

# cmd: legofit -1 -d 0 -t 32 --ptsPerDim 3 --stateOut b1boot25.state --tol 3e-6 -S 5000 bcd2.lgo ../../chrX/boot_chrX/boot25.opf
# Stage nOptItr nSimReps
#     0    5000        0
# algorithm          : deterministic
# ignoring probs <=  : 0
# Branch length floor: 0
# DE strategy        : 2
#    F               : 0.3
#    CR              : 0.8
#    tolerance       : 3e-06
# nthreads           : 32
# lgo input file     : bcd2.lgo
# site pat input file: ../../chrX/boot_chrX/boot25.opf
# free parameters    : 14
# points in DE swarm : 42
# output state file  : b1boot25.state
# Including singleton site patterns.
# cost function      : KL
Initial parameter values
Fixed:
      zero = 0
       one = 1
    Tbecnw = 75200
Free:
       pc1 = 0
       pc2 = 0
       pc3 = 0
       pc4 = 0
       pc5 = 0
       pc6 = 0
       pc7 = 0
       pc8 = 0
       pc9 = 0
      pc10 = 0
      pc11 = 0
      pc12 = 0
      pc13 = 0
      pc14 = 0
Constrained:
     Tecnw = 32881
       Tnw = 14156.8
       Tec = 7405.85
     twoNb = 871707
     twoNe = 13031.8
     twoNc = 114096
     twoNn = 133924
    twoNec = 140298
    twoNnw = 52294.1
  twoNecnw = 31826.1
  twoNbecnw = 49692.4
        m2 = 0.000690064
        m3 = 0.251343
        m4 = 0.0169979
        Tb = 20143.4
        Tc = 7078.42
        Td = 3539.21
DiffEv reached_goal. cost=2.88889e-03 spread=1.81309e-06
Fitted parameter values
Free:
       pc1 = 3.98359
       pc2 = -1.94894
       pc3 = -0.621888
       pc4 = 1.97184
       pc5 = 1.95264
       pc6 = -1.44995
       pc7 = 1.18455
       pc8 = -0.831517
       pc9 = -0.595736
      pc10 = 0.436361
      pc11 = -0.0842132
      pc12 = -0.203146
      pc13 = -0.418851
      pc14 = -0.00856875
Constrained:
     Tecnw = 33285.1
       Tnw = 10126.5
       Tec = 5237.12
     twoNb = 1.71626e+06
     twoNe = 12694.3
     twoNc = 46571.9
     twoNn = 54093.3
    twoNec = 151208
    twoNnw = 66582.5
  twoNecnw = 31047
  twoNbecnw = 50256.5
        m2 = 0.00199039
        m3 = 0.24691
        m4 = 0.0205409
        Tb = 19261.1
        Tc = 5063.27
        Td = 2531.64
#       SitePat  BranchLen
              b 117914.5315966
              e 44271.9068793
              c 45420.8539069
              n 41220.7105084
              w 44081.0726230
            b:e 1249.6760797
            b:c 1570.1939117
            b:n 1021.0126295
            b:w 1200.6527361
            e:c 10902.6861796
            e:n 4483.6182087
            e:w 3493.1211751
            c:n 4171.6341315
            c:w 3395.5349256
            n:w 12247.5104044
          b:e:c 1333.1440629
          b:e:n 586.0028062
          b:e:w 578.0250344
          b:c:n 579.4908788
          b:c:w 587.4067254
          b:n:w 1330.2681864
          e:c:n 5394.0664378
          e:c:w 4301.5357796
          e:n:w 6146.3929413
          c:n:w 5333.1624497
        b:e:c:n 1202.4526024
        b:e:c:w 1021.6392042
        b:e:n:w 1497.4790109
        b:c:n:w 1247.9452061
        e:c:n:w 46458.1742692
