########################################
# legofit: estimate population history #
#       version 2.3.4-4-g53f8760       #
########################################

# Program was compiled: Sep 21 2021 14:36:42
# Program was run: Wed Sep 22 15:27:55 2021

# cmd: legofit -1 -d 0 -t 32 --ptsPerDim 3 --stateOut b1boot1.state --tol 3e-6 -S 5000 bcd2.lgo ../../chrX/boot_chrX/boot1.opf
# Stage nOptItr nSimReps
#     0    5000        0
# algorithm          : deterministic
# ignoring probs <=  : 0
# Branch length floor: 0
# DE strategy        : 2
#    F               : 0.3
#    CR              : 0.8
#    tolerance       : 3e-06
# nthreads           : 32
# lgo input file     : bcd2.lgo
# site pat input file: ../../chrX/boot_chrX/boot1.opf
# free parameters    : 14
# points in DE swarm : 42
# output state file  : b1boot1.state
# Including singleton site patterns.
# cost function      : KL
Initial parameter values
Fixed:
      zero = 0
       one = 1
    Tbecnw = 75200
Free:
       pc1 = 0
       pc2 = 0
       pc3 = 0
       pc4 = 0
       pc5 = 0
       pc6 = 0
       pc7 = 0
       pc8 = 0
       pc9 = 0
      pc10 = 0
      pc11 = 0
      pc12 = 0
      pc13 = 0
      pc14 = 0
Constrained:
     Tecnw = 32881
       Tnw = 14156.8
       Tec = 7405.85
     twoNb = 871707
     twoNe = 13031.8
     twoNc = 114096
     twoNn = 133924
    twoNec = 140298
    twoNnw = 52294.1
  twoNecnw = 31826.1
  twoNbecnw = 49692.4
        m2 = 0.000690064
        m3 = 0.251343
        m4 = 0.0169979
        Tb = 20143.4
        Tc = 7078.42
        Td = 3539.21
DiffEv reached_goal. cost=2.84305e-03 spread=2.93546e-06
Fitted parameter values
Free:
       pc1 = 3.99136
       pc2 = -1.8382
       pc3 = -1.89494
       pc4 = 1.70665
       pc5 = 1.85925
       pc6 = -0.868622
       pc7 = 1.91969
       pc8 = -0.650028
       pc9 = -0.302037
      pc10 = 0.524058
      pc11 = -0.975376
      pc12 = -0.290949
      pc13 = -0.312308
      pc14 = -0.0142346
Constrained:
     Tecnw = 33863.7
       Tnw = 10286.7
       Tec = 5369.43
     twoNb = 1.60524e+06
     twoNe = 13828.1
     twoNc = 12871.3
     twoNn = 92839.2
    twoNec = 147856
    twoNnw = 67549.7
  twoNecnw = 31236.4
  twoNbecnw = 50654.6
        m2 = 0.00162731
        m3 = 0.250499
        m4 = 0.0218154
        Tb = 19616.6
        Tc = 5143.34
        Td = 2571.67
#       SitePat  BranchLen
              b 118061.7660859
              e 44639.8046821
              c 45869.1919332
              n 41712.4765708
              w 44767.8732714
            b:e 1277.5640735
            b:c 1623.2552737
            b:n 1054.3105680
            b:w 1251.9926712
            e:c 11132.9353328
            e:n 4565.5089561
            e:w 3496.4547456
            c:n 4209.0843106
            c:w 3397.4910794
            n:w 12366.9724876
          b:e:c 1383.3063592
          b:e:n 604.1926948
          b:e:w 594.4776378
          b:c:n 596.1629514
          b:c:w 605.8765941
          b:n:w 1380.1335518
          e:c:n 5503.2478501
          e:c:w 4329.5891332
          e:n:w 6171.6090899
          c:n:w 5313.5134558
        b:e:c:n 1254.0364134
        b:e:c:w 1055.2651822
        b:e:n:w 1541.7069688
        b:c:n:w 1276.7432506
        e:c:n:w 46011.0911569
