########################################
# legofit: estimate population history #
#       version 2.3.4-4-g53f8760       #
########################################

# Program was compiled: Sep 21 2021 14:36:42
# Program was run: Wed Sep 22 15:28:41 2021

# cmd: legofit -1 -d 0 -t 32 --ptsPerDim 3 --stateOut b1boot40.state --tol 3e-6 -S 5000 bcd2.lgo ../../chrX/boot_chrX/boot40.opf
# Stage nOptItr nSimReps
#     0    5000        0
# algorithm          : deterministic
# ignoring probs <=  : 0
# Branch length floor: 0
# DE strategy        : 2
#    F               : 0.3
#    CR              : 0.8
#    tolerance       : 3e-06
# nthreads           : 32
# lgo input file     : bcd2.lgo
# site pat input file: ../../chrX/boot_chrX/boot40.opf
# free parameters    : 14
# points in DE swarm : 42
# output state file  : b1boot40.state
# Including singleton site patterns.
# cost function      : KL
Initial parameter values
Fixed:
      zero = 0
       one = 1
    Tbecnw = 75200
Free:
       pc1 = 0
       pc2 = 0
       pc3 = 0
       pc4 = 0
       pc5 = 0
       pc6 = 0
       pc7 = 0
       pc8 = 0
       pc9 = 0
      pc10 = 0
      pc11 = 0
      pc12 = 0
      pc13 = 0
      pc14 = 0
Constrained:
     Tecnw = 32881
       Tnw = 14156.8
       Tec = 7405.85
     twoNb = 871707
     twoNe = 13031.8
     twoNc = 114096
     twoNn = 133924
    twoNec = 140298
    twoNnw = 52294.1
  twoNecnw = 31826.1
  twoNbecnw = 49692.4
        m2 = 0.000690064
        m3 = 0.251343
        m4 = 0.0169979
        Tb = 20143.4
        Tc = 7078.42
        Td = 3539.21
DiffEv reached_goal. cost=2.66872e-03 spread=2.67146e-06
Fitted parameter values
Free:
       pc1 = 3.98524
       pc2 = -1.86225
       pc3 = 0.0959605
       pc4 = 1.98713
       pc5 = 1.82994
       pc6 = -1.09286
       pc7 = -0.756113
       pc8 = -1.05451
       pc9 = -0.905681
      pc10 = -0.394233
      pc11 = 0.113606
      pc12 = -0.580777
      pc13 = -0.439463
      pc14 = -0.0353515
Constrained:
     Tecnw = 33036.8
       Tnw = 10506.7
       Tec = 5535.12
     twoNb = 1.67276e+06
     twoNe = 15745.2
     twoNc = 117526
     twoNn = 169874
    twoNec = 157572
    twoNnw = 65770.8
  twoNecnw = 31172.3
  twoNbecnw = 49879.1
        m2 = 0.00289039
        m3 = 0.246169
        m4 = 0.0184207
        Tb = 19285.9
        Tc = 5253.34
        Td = 2626.67
#       SitePat  BranchLen
              b 117593.7216492
              e 44410.9176841
              c 45496.2055251
              n 41223.8776931
              w 43950.7108757
            b:e 1259.5920573
            b:c 1548.7190670
            b:n 1015.7964820
            b:w 1182.8319504
            e:c 10615.6602301
            e:n 4512.1868211
            e:w 3531.9831053
            c:n 4175.1787194
            c:w 3455.8602461
            n:w 12067.6299098
          b:e:c 1307.7710914
          b:e:n 588.5582450
          b:e:w 578.9416825
          b:c:n 580.3368038
          b:c:w 589.7686177
          b:n:w 1304.7924667
          e:c:n 5328.7099059
          e:c:w 4303.2231779
          e:n:w 6140.2999888
          c:n:w 5400.6842227
        b:e:c:n 1184.6256886
        b:e:c:w 1015.9507033
        b:e:n:w 1480.0170520
        b:c:n:w 1255.7434344
        e:c:n:w 46228.7295580
