########################################
# legofit: estimate population history #
#       version 2.3.4-4-g53f8760       #
########################################

# Program was compiled: Sep 21 2021 14:36:42
# Program was run: Wed Sep 22 15:28:26 2021

# cmd: legofit -1 -d 0 -t 32 --ptsPerDim 3 --stateOut b1boot29.state --tol 3e-6 -S 5000 bcd2.lgo ../../chrX/boot_chrX/boot29.opf
# Stage nOptItr nSimReps
#     0    5000        0
# algorithm          : deterministic
# ignoring probs <=  : 0
# Branch length floor: 0
# DE strategy        : 2
#    F               : 0.3
#    CR              : 0.8
#    tolerance       : 3e-06
# nthreads           : 32
# lgo input file     : bcd2.lgo
# site pat input file: ../../chrX/boot_chrX/boot29.opf
# free parameters    : 14
# points in DE swarm : 42
# output state file  : b1boot29.state
# Including singleton site patterns.
# cost function      : KL
Initial parameter values
Fixed:
      zero = 0
       one = 1
    Tbecnw = 75200
Free:
       pc1 = 0
       pc2 = 0
       pc3 = 0
       pc4 = 0
       pc5 = 0
       pc6 = 0
       pc7 = 0
       pc8 = 0
       pc9 = 0
      pc10 = 0
      pc11 = 0
      pc12 = 0
      pc13 = 0
      pc14 = 0
Constrained:
     Tecnw = 32881
       Tnw = 14156.8
       Tec = 7405.85
     twoNb = 871707
     twoNe = 13031.8
     twoNc = 114096
     twoNn = 133924
    twoNec = 140298
    twoNnw = 52294.1
  twoNecnw = 31826.1
  twoNbecnw = 49692.4
        m2 = 0.000690064
        m3 = 0.251343
        m4 = 0.0169979
        Tb = 20143.4
        Tc = 7078.42
        Td = 3539.21
DiffEv reached_goal. cost=2.68547e-03 spread=2.45516e-06
Fitted parameter values
Free:
       pc1 = 3.99753
       pc2 = -1.99449
       pc3 = -1.35785
       pc4 = 1.94939
       pc5 = 1.3623
       pc6 = -1.49525
       pc7 = 0.985354
       pc8 = 1.00573
       pc9 = -1.88898
      pc10 = 0.106838
      pc11 = 0.201184
      pc12 = -0.0511968
      pc13 = -0.0704264
      pc14 = -0.129424
Constrained:
     Tecnw = 33409.9
       Tnw = 10099.8
       Tec = 5358.71
     twoNb = 1.41835e+06
     twoNe = 21220.2
     twoNc = 3207.4
     twoNn = 7200.03
    twoNec = 149168
    twoNnw = 70475.8
  twoNecnw = 30504
  twoNbecnw = 49348.7
        m2 = 0.00240189
        m3 = 0.257965
        m4 = 0.0200243
        Tb = 19384.3
        Tc = 5049.89
        Td = 2524.94
#       SitePat  BranchLen
              b 117253.3561954
              e 43984.3075707
              c 45109.8874697
              n 41347.2076063
              w 44342.1251329
            b:e 1196.4257355
            b:c 1517.6707593
            b:n 996.7208055
            b:w 1178.4208078
            e:c 10699.8802543
            e:n 4516.8315139
            e:w 3473.0520793
            c:n 4192.2990375
            c:w 3381.0454574
            n:w 11722.5914464
          b:e:c 1265.6458339
          b:e:n 572.4891495
          b:e:w 564.0717674
          b:c:n 565.7898252
          b:c:w 574.0620654
          b:n:w 1262.2233269
          e:c:n 5420.5701500
          e:c:w 4282.5371737
          e:n:w 5977.9144392
          c:n:w 5183.0049213
        b:e:c:n 1180.5714382
        b:e:c:w 997.1650422
        b:e:n:w 1431.9157684
        b:c:n:w 1193.2484880
        e:c:n:w 46186.3990924
