########################################
# legofit: estimate population history #
#       version 2.3.4-4-g53f8760       #
########################################

# Program was compiled: Sep 21 2021 14:36:42
# Program was run: Wed Sep 22 15:28:41 2021

# cmd: legofit -1 -d 0 -t 32 --ptsPerDim 3 --stateOut b1boot43.state --tol 3e-6 -S 5000 bcd2.lgo ../../chrX/boot_chrX/boot43.opf
# Stage nOptItr nSimReps
#     0    5000        0
# algorithm          : deterministic
# ignoring probs <=  : 0
# Branch length floor: 0
# DE strategy        : 2
#    F               : 0.3
#    CR              : 0.8
#    tolerance       : 3e-06
# nthreads           : 32
# lgo input file     : bcd2.lgo
# site pat input file: ../../chrX/boot_chrX/boot43.opf
# free parameters    : 14
# points in DE swarm : 42
# output state file  : b1boot43.state
# Including singleton site patterns.
# cost function      : KL
Initial parameter values
Fixed:
      zero = 0
       one = 1
    Tbecnw = 75200
Free:
       pc1 = 0
       pc2 = 0
       pc3 = 0
       pc4 = 0
       pc5 = 0
       pc6 = 0
       pc7 = 0
       pc8 = 0
       pc9 = 0
      pc10 = 0
      pc11 = 0
      pc12 = 0
      pc13 = 0
      pc14 = 0
Constrained:
     Tecnw = 32881
       Tnw = 14156.8
       Tec = 7405.85
     twoNb = 871707
     twoNe = 13031.8
     twoNc = 114096
     twoNn = 133924
    twoNec = 140298
    twoNnw = 52294.1
  twoNecnw = 31826.1
  twoNbecnw = 49692.4
        m2 = 0.000690064
        m3 = 0.251343
        m4 = 0.0169979
        Tb = 20143.4
        Tc = 7078.42
        Td = 3539.21
DiffEv reached_goal. cost=2.95647e-03 spread=2.12503e-06
Fitted parameter values
Free:
       pc1 = 3.96213
       pc2 = -1.98178
       pc3 = 0.801209
       pc4 = 1.90847
       pc5 = 1.5902
       pc6 = -0.668518
       pc7 = 1.57464
       pc8 = -0.0372323
       pc9 = -0.261871
      pc10 = -0.011825
      pc11 = -0.373411
      pc12 = -0.688628
      pc13 = -0.418743
      pc14 = 0.0179162
Constrained:
     Tecnw = 33128.3
       Tnw = 9963.57
       Tec = 5138.33
     twoNb = 1.53523e+06
     twoNe = 9761.29
     twoNc = 79019.9
     twoNn = 56834.9
    twoNec = 153787
    twoNnw = 67018.4
  twoNecnw = 31526.5
  twoNbecnw = 49205
        m2 = 0.00184637
        m3 = 0.24288
        m4 = 0.0223345
        Tb = 19133.3
        Tc = 4981.78
        Td = 2490.89
#       SitePat  BranchLen
              b 116874.0844904
              e 44350.1819003
              c 45586.1309670
              n 41219.4224357
              w 44022.6667009
            b:e 1244.8646183
            b:c 1593.0962988
            b:n 1015.1989266
            b:w 1189.2060045
            e:c 10850.1902858
            e:n 4512.6211499
            e:w 3520.8153313
            c:n 4163.9033209
            c:w 3415.8459596
            n:w 12298.3101825
          b:e:c 1323.5930176
          b:e:n 585.0140551
          b:e:w 576.0625891
          b:c:n 577.8106692
          b:c:w 586.7278600
          b:n:w 1320.2505192
          e:c:n 5353.3809529
          e:c:w 4291.2447382
          e:n:w 6205.5132279
          c:n:w 5334.6769091
        b:e:c:n 1191.3248902
        b:e:c:w 1016.1072170
        b:e:n:w 1506.6058472
        b:c:n:w 1243.4867344
        e:c:n:w 45315.9139167
