########################################
# legofit: estimate population history #
#       version 2.3.4-4-g53f8760       #
########################################

# Program was compiled: Sep 21 2021 14:36:42
# Program was run: Wed Sep 22 15:28:14 2021

# cmd: legofit -1 -d 0 -t 32 --ptsPerDim 3 --stateOut b1boot20.state --tol 3e-6 -S 5000 bcd2.lgo ../../chrX/boot_chrX/boot20.opf
# Stage nOptItr nSimReps
#     0    5000        0
# algorithm          : deterministic
# ignoring probs <=  : 0
# Branch length floor: 0
# DE strategy        : 2
#    F               : 0.3
#    CR              : 0.8
#    tolerance       : 3e-06
# nthreads           : 32
# lgo input file     : bcd2.lgo
# site pat input file: ../../chrX/boot_chrX/boot20.opf
# free parameters    : 14
# points in DE swarm : 42
# output state file  : b1boot20.state
# Including singleton site patterns.
# cost function      : KL
Initial parameter values
Fixed:
      zero = 0
       one = 1
    Tbecnw = 75200
Free:
       pc1 = 0
       pc2 = 0
       pc3 = 0
       pc4 = 0
       pc5 = 0
       pc6 = 0
       pc7 = 0
       pc8 = 0
       pc9 = 0
      pc10 = 0
      pc11 = 0
      pc12 = 0
      pc13 = 0
      pc14 = 0
Constrained:
     Tecnw = 32881
       Tnw = 14156.8
       Tec = 7405.85
     twoNb = 871707
     twoNe = 13031.8
     twoNc = 114096
     twoNn = 133924
    twoNec = 140298
    twoNnw = 52294.1
  twoNecnw = 31826.1
  twoNbecnw = 49692.4
        m2 = 0.000690064
        m3 = 0.251343
        m4 = 0.0169979
        Tb = 20143.4
        Tc = 7078.42
        Td = 3539.21
DiffEv reached_goal. cost=2.81929e-03 spread=2.92151e-06
Fitted parameter values
Free:
       pc1 = 3.98367
       pc2 = -1.99238
       pc3 = -0.297341
       pc4 = 1.89031
       pc5 = 1.82987
       pc6 = -1.10995
       pc7 = 0.838641
       pc8 = -0.450711
       pc9 = -1.25747
      pc10 = -0.621834
      pc11 = 0.0617357
      pc12 = -0.496762
      pc13 = -0.406351
      pc14 = -0.040773
Constrained:
     Tecnw = 33179.2
       Tnw = 9992.86
       Tec = 5253.77
     twoNb = 1.63339e+06
     twoNe = 17339
     twoNc = 61005.1
     twoNn = 82982.4
    twoNec = 156013
    twoNnw = 67133.4
  twoNecnw = 31239.6
  twoNbecnw = 49609.9
        m2 = 0.00227496
        m3 = 0.256821
        m4 = 0.0201452
        Tb = 19216.5
        Tc = 4996.43
        Td = 2498.21
#       SitePat  BranchLen
              b 117311.4829727
              e 44350.5517402
              c 45490.1851773
              n 41218.4190787
              w 44115.5789617
            b:e 1247.3789462
            b:c 1561.4014458
            b:n 1015.0545593
            b:w 1194.1603258
            e:c 10703.3035979
            e:n 4549.6304255
            e:w 3530.7433767
            c:n 4220.8174861
            c:w 3438.7824994
            n:w 12098.1541610
          b:e:c 1308.3384774
          b:e:n 588.6958605
          b:e:w 579.9637783
          b:c:n 581.4890750
          b:c:w 590.1147252
          b:n:w 1305.3093823
          e:c:n 5386.9690989
          e:c:w 4292.2620520
          e:n:w 6138.2632922
          c:n:w 5343.8998171
        b:e:c:n 1196.0584641
        b:e:c:w 1015.5283289
        b:e:n:w 1486.3895443
        b:c:n:w 1244.9267383
        e:c:n:w 45852.2156407
