########################################
# legofit: estimate population history #
#       version 2.3.4-4-g53f8760       #
########################################

# Program was compiled: Sep 21 2021 14:36:42
# Program was run: Wed Sep 22 15:28:50 2021

# cmd: legofit -1 -d 0 -t 32 --ptsPerDim 3 --stateOut b1boot49.state --tol 3e-6 -S 5000 bcd2.lgo ../../chrX/boot_chrX/boot49.opf
# Stage nOptItr nSimReps
#     0    5000        0
# algorithm          : deterministic
# ignoring probs <=  : 0
# Branch length floor: 0
# DE strategy        : 2
#    F               : 0.3
#    CR              : 0.8
#    tolerance       : 3e-06
# nthreads           : 32
# lgo input file     : bcd2.lgo
# site pat input file: ../../chrX/boot_chrX/boot49.opf
# free parameters    : 14
# points in DE swarm : 42
# output state file  : b1boot49.state
# Including singleton site patterns.
# cost function      : KL
Initial parameter values
Fixed:
      zero = 0
       one = 1
    Tbecnw = 75200
Free:
       pc1 = 0
       pc2 = 0
       pc3 = 0
       pc4 = 0
       pc5 = 0
       pc6 = 0
       pc7 = 0
       pc8 = 0
       pc9 = 0
      pc10 = 0
      pc11 = 0
      pc12 = 0
      pc13 = 0
      pc14 = 0
Constrained:
     Tecnw = 32881
       Tnw = 14156.8
       Tec = 7405.85
     twoNb = 871707
     twoNe = 13031.8
     twoNc = 114096
     twoNn = 133924
    twoNec = 140298
    twoNnw = 52294.1
  twoNecnw = 31826.1
  twoNbecnw = 49692.4
        m2 = 0.000690064
        m3 = 0.251343
        m4 = 0.0169979
        Tb = 20143.4
        Tc = 7078.42
        Td = 3539.21
DiffEv reached_goal. cost=2.70168e-03 spread=1.51679e-06
Fitted parameter values
Free:
       pc1 = 3.9743
       pc2 = -1.95606
       pc3 = -1.43434
       pc4 = 1.75356
       pc5 = 1.96597
       pc6 = -0.813924
       pc7 = 1.79798
       pc8 = -1.40538
       pc9 = -0.0946179
      pc10 = -0.600967
      pc11 = 0.149198
      pc12 = -0.613008
      pc13 = 0.154023
      pc14 = -0.12096
Constrained:
     Tecnw = 33371.6
       Tnw = 10757.3
       Tec = 5599.14
     twoNb = 1.69707e+06
     twoNe = 16377.6
     twoNc = 52662.4
     twoNn = 113987
    twoNec = 156145
    twoNnw = 69930.5
  twoNecnw = 31365.6
  twoNbecnw = 50915.1
        m2 = 0.00147568
        m3 = 0.260899
        m4 = 0.0221371
        Tb = 19485.4
        Tc = 5378.64
        Td = 2689.32
#       SitePat  BranchLen
              b 118313.3200004
              e 44622.4427949
              c 45860.0415029
              n 41935.4552959
              w 44865.5863091
            b:e 1276.2121759
            b:c 1624.6758390
            b:n 1068.7028505
            b:w 1258.3979302
            e:c 10660.4320928
            e:n 4660.7183652
            e:w 3641.8872736
            c:n 4324.5027150
            c:w 3532.0862810
            n:w 11743.3873831
          b:e:c 1336.0554221
          b:e:n 621.3805880
          b:e:w 612.7355648
          b:c:n 614.3740128
          b:c:w 623.0301634
          b:n:w 1333.1407485
          e:c:n 5534.5113618
          e:c:w 4416.6092549
          e:n:w 6213.2572930
          c:n:w 5340.8061712
        b:e:c:n 1260.3578831
        b:e:c:w 1069.6702952
        b:e:n:w 1546.5583270
        b:c:n:w 1275.6756971
        e:c:n:w 46361.4588057
