########################################
# legofit: estimate population history #
#       version 2.3.4-4-g53f8760       #
########################################

# Program was compiled: Sep 21 2021 14:36:42
# Program was run: Wed Sep 22 15:28:41 2021

# cmd: legofit -1 -d 0 -t 32 --ptsPerDim 3 --stateOut b1boot41.state --tol 3e-6 -S 5000 bcd2.lgo ../../chrX/boot_chrX/boot41.opf
# Stage nOptItr nSimReps
#     0    5000        0
# algorithm          : deterministic
# ignoring probs <=  : 0
# Branch length floor: 0
# DE strategy        : 2
#    F               : 0.3
#    CR              : 0.8
#    tolerance       : 3e-06
# nthreads           : 32
# lgo input file     : bcd2.lgo
# site pat input file: ../../chrX/boot_chrX/boot41.opf
# free parameters    : 14
# points in DE swarm : 42
# output state file  : b1boot41.state
# Including singleton site patterns.
# cost function      : KL
Initial parameter values
Fixed:
      zero = 0
       one = 1
    Tbecnw = 75200
Free:
       pc1 = 0
       pc2 = 0
       pc3 = 0
       pc4 = 0
       pc5 = 0
       pc6 = 0
       pc7 = 0
       pc8 = 0
       pc9 = 0
      pc10 = 0
      pc11 = 0
      pc12 = 0
      pc13 = 0
      pc14 = 0
Constrained:
     Tecnw = 32881
       Tnw = 14156.8
       Tec = 7405.85
     twoNb = 871707
     twoNe = 13031.8
     twoNc = 114096
     twoNn = 133924
    twoNec = 140298
    twoNnw = 52294.1
  twoNecnw = 31826.1
  twoNbecnw = 49692.4
        m2 = 0.000690064
        m3 = 0.251343
        m4 = 0.0169979
        Tb = 20143.4
        Tc = 7078.42
        Td = 3539.21
DiffEv reached_goal. cost=2.80435e-03 spread=2.99094e-06
Fitted parameter values
Free:
       pc1 = 3.98737
       pc2 = -1.93077
       pc3 = -1.68325
       pc4 = 1.96029
       pc5 = 1.87746
       pc6 = -0.97587
       pc7 = 1.60643
       pc8 = -0.942193
       pc9 = -0.0298225
      pc10 = 0.199186
      pc11 = 0.633598
      pc12 = -0.708491
      pc13 = -0.417808
      pc14 = -0.080774
Constrained:
     Tecnw = 33347
       Tnw = 10691.7
       Tec = 5511.14
     twoNb = 1.63552e+06
     twoNe = 16523.3
     twoNc = 31916.5
     twoNn = 98006.2
    twoNec = 155729
    twoNnw = 64902.7
  twoNecnw = 30869.2
  twoNbecnw = 50962
        m2 = 0.00162218
        m3 = 0.251731
        m4 = 0.0223259
        Tb = 19429.1
        Tc = 5345.87
        Td = 2672.94
#       SitePat  BranchLen
              b 118524.3420087
              e 44530.4847080
              c 45735.6877939
              n 41379.8172492
              w 44163.1387443
            b:e 1264.2255668
            b:c 1618.4300535
            b:n 1027.7301255
            b:w 1205.4764396
            e:c 10714.2842042
            e:n 4477.9994003
            e:w 3531.6253550
            c:n 4188.8621960
            c:w 3415.1671474
            n:w 12142.6074923
          b:e:c 1336.0530423
          b:e:n 594.3513744
          b:e:w 587.7481120
          b:c:n 589.4028097
          b:c:w 595.9965871
          b:n:w 1332.9651918
          e:c:n 5362.0986953
          e:c:w 4299.9278890
          e:n:w 6252.4916348
          c:n:w 5368.2502531
        b:e:c:n 1207.4587176
        b:e:c:w 1028.6402936
        b:e:n:w 1536.2245427
        b:c:n:w 1263.3538533
        e:c:n:w 46988.7851823
