########################################
# legofit: estimate population history #
#       version 2.3.4-4-g53f8760       #
########################################

# Program was compiled: Sep 21 2021 14:36:42
# Program was run: Wed Sep 22 15:28:19 2021

# cmd: legofit -1 -d 0 -t 32 --ptsPerDim 3 --stateOut b1boot23.state --tol 3e-6 -S 5000 bcd2.lgo ../../chrX/boot_chrX/boot23.opf
# Stage nOptItr nSimReps
#     0    5000        0
# algorithm          : deterministic
# ignoring probs <=  : 0
# Branch length floor: 0
# DE strategy        : 2
#    F               : 0.3
#    CR              : 0.8
#    tolerance       : 3e-06
# nthreads           : 32
# lgo input file     : bcd2.lgo
# site pat input file: ../../chrX/boot_chrX/boot23.opf
# free parameters    : 14
# points in DE swarm : 42
# output state file  : b1boot23.state
# Including singleton site patterns.
# cost function      : KL
Initial parameter values
Fixed:
      zero = 0
       one = 1
    Tbecnw = 75200
Free:
       pc1 = 0
       pc2 = 0
       pc3 = 0
       pc4 = 0
       pc5 = 0
       pc6 = 0
       pc7 = 0
       pc8 = 0
       pc9 = 0
      pc10 = 0
      pc11 = 0
      pc12 = 0
      pc13 = 0
      pc14 = 0
Constrained:
     Tecnw = 32881
       Tnw = 14156.8
       Tec = 7405.85
     twoNb = 871707
     twoNe = 13031.8
     twoNc = 114096
     twoNn = 133924
    twoNec = 140298
    twoNnw = 52294.1
  twoNecnw = 31826.1
  twoNbecnw = 49692.4
        m2 = 0.000690064
        m3 = 0.251343
        m4 = 0.0169979
        Tb = 20143.4
        Tc = 7078.42
        Td = 3539.21
DiffEv reached_goal. cost=2.74736e-03 spread=2.90847e-06
Fitted parameter values
Free:
       pc1 = 3.98113
       pc2 = -1.9456
       pc3 = -0.027627
       pc4 = 1.96842
       pc5 = 1.66093
       pc6 = -1.0235
       pc7 = 1.55578
       pc8 = -0.386522
       pc9 = -0.0168075
      pc10 = -0.0783243
      pc11 = -0.573026
      pc12 = -0.310436
      pc13 = -0.0857821
      pc14 = -0.0582086
Constrained:
     Tecnw = 33286.6
       Tnw = 10212
       Tec = 5266.08
     twoNb = 1.59334e+06
     twoNe = 11879
     twoNc = 76771.4
     twoNn = 41846.6
    twoNec = 150326
    twoNnw = 69924.9
  twoNecnw = 31490
  twoNbecnw = 49889.7
        m2 = 0.00186084
        m3 = 0.24606
        m4 = 0.0220782
        Tb = 19276.4
        Tc = 5105.98
        Td = 2552.99
#       SitePat  BranchLen
              b 117430.7604981
              e 44366.1020267
              c 45574.5809736
              n 41644.7953865
              w 44520.2088978
            b:e 1254.4194957
            b:c 1599.0792095
            b:n 1046.2595810
            b:w 1228.4138095
            e:c 10920.7588426
            e:n 4557.9377407
            e:w 3563.5790239
            c:n 4233.1473189
            c:w 3453.5671128
            n:w 12048.5264360
          b:e:c 1336.1644321
          b:e:n 599.4460332
          b:e:w 591.3752492
          b:c:n 593.0913451
          b:c:w 601.1275521
          b:n:w 1332.9350633
          e:c:n 5475.9540499
          e:c:w 4375.7114787
          e:n:w 6162.1316722
          c:n:w 5303.4571895
        b:e:c:n 1230.4982650
        b:e:c:w 1047.1465962
        b:e:n:w 1516.1042848
        b:c:n:w 1253.0448249
        e:c:n:w 45662.5370487
