########################################
# legofit: estimate population history #
#       version 2.3.4-4-g53f8760       #
########################################

# Program was compiled: Sep 21 2021 14:36:42
# Program was run: Wed Sep 22 15:28:01 2021

# cmd: legofit -1 -d 0 -t 32 --ptsPerDim 3 --stateOut b1boot8.state --tol 3e-6 -S 5000 bcd2.lgo ../../chrX/boot_chrX/boot8.opf
# Stage nOptItr nSimReps
#     0    5000        0
# algorithm          : deterministic
# ignoring probs <=  : 0
# Branch length floor: 0
# DE strategy        : 2
#    F               : 0.3
#    CR              : 0.8
#    tolerance       : 3e-06
# nthreads           : 32
# lgo input file     : bcd2.lgo
# site pat input file: ../../chrX/boot_chrX/boot8.opf
# free parameters    : 14
# points in DE swarm : 42
# output state file  : b1boot8.state
# Including singleton site patterns.
# cost function      : KL
Initial parameter values
Fixed:
      zero = 0
       one = 1
    Tbecnw = 75200
Free:
       pc1 = 0
       pc2 = 0
       pc3 = 0
       pc4 = 0
       pc5 = 0
       pc6 = 0
       pc7 = 0
       pc8 = 0
       pc9 = 0
      pc10 = 0
      pc11 = 0
      pc12 = 0
      pc13 = 0
      pc14 = 0
Constrained:
     Tecnw = 32881
       Tnw = 14156.8
       Tec = 7405.85
     twoNb = 871707
     twoNe = 13031.8
     twoNc = 114096
     twoNn = 133924
    twoNec = 140298
    twoNnw = 52294.1
  twoNecnw = 31826.1
  twoNbecnw = 49692.4
        m2 = 0.000690064
        m3 = 0.251343
        m4 = 0.0169979
        Tb = 20143.4
        Tc = 7078.42
        Td = 3539.21
DiffEv reached_goal. cost=2.77091e-03 spread=2.40659e-06
Fitted parameter values
Free:
       pc1 = 3.98045
       pc2 = -1.94325
       pc3 = -1.91767
       pc4 = 1.99039
       pc5 = 1.99429
       pc6 = -1.62284
       pc7 = 1.956
       pc8 = -1.50949
       pc9 = 0.938601
      pc10 = -0.565919
      pc11 = -0.295834
      pc12 = -0.259941
      pc13 = -0.299742
      pc14 = -0.0466765
Constrained:
     Tecnw = 33542.8
       Tnw = 10496.8
       Tec = 5473.6
     twoNb = 1.76128e+06
     twoNe = 17472.6
     twoNc = 73507.1
     twoNn = 11701.3
    twoNec = 150805
    twoNnw = 66971.4
  twoNecnw = 31447.1
  twoNbecnw = 51679.5
        m2 = 0.00161031
        m3 = 0.25495
        m4 = 0.0229628
        Tb = 19508.2
        Tc = 5248.41
        Td = 2624.2
#       SitePat  BranchLen
              b 118912.0356748
              e 44694.5628752
              c 45967.1278494
              n 41736.3490840
              w 44722.7670061
            b:e 1307.7280828
            b:c 1670.2230353
            b:n 1078.4096630
            b:w 1275.4693734
            e:c 11007.7357157
            e:n 4610.6254148
            e:w 3584.2931198
            c:n 4277.9412643
            c:w 3469.4689176
            n:w 12270.5264303
          b:e:c 1396.7948244
          b:e:n 621.8569141
          b:e:w 613.3653480
          b:c:n 615.0203315
          b:c:w 623.5194315
          b:n:w 1393.7423521
          e:c:n 5543.7492753
          e:c:w 4393.1540837
          e:n:w 6304.6441687
          c:n:w 5397.9042083
        b:e:c:n 1277.4612760
        b:e:c:w 1079.3759430
        b:e:n:w 1591.2457736
        b:c:n:w 1307.1166590
        e:c:n:w 46736.7718675
