########################################
# legofit: estimate population history #
#       version 2.3.4-4-g53f8760       #
########################################

# Program was compiled: Sep 21 2021 14:36:42
# Program was run: Wed Sep 22 15:27:55 2021

# cmd: legofit -1 -d 0 -t 32 --ptsPerDim 3 --stateOut b1boot3.state --tol 3e-6 -S 5000 bcd2.lgo ../../chrX/boot_chrX/boot3.opf
# Stage nOptItr nSimReps
#     0    5000        0
# algorithm          : deterministic
# ignoring probs <=  : 0
# Branch length floor: 0
# DE strategy        : 2
#    F               : 0.3
#    CR              : 0.8
#    tolerance       : 3e-06
# nthreads           : 32
# lgo input file     : bcd2.lgo
# site pat input file: ../../chrX/boot_chrX/boot3.opf
# free parameters    : 14
# points in DE swarm : 42
# output state file  : b1boot3.state
# Including singleton site patterns.
# cost function      : KL
Initial parameter values
Fixed:
      zero = 0
       one = 1
    Tbecnw = 75200
Free:
       pc1 = 0
       pc2 = 0
       pc3 = 0
       pc4 = 0
       pc5 = 0
       pc6 = 0
       pc7 = 0
       pc8 = 0
       pc9 = 0
      pc10 = 0
      pc11 = 0
      pc12 = 0
      pc13 = 0
      pc14 = 0
Constrained:
     Tecnw = 32881
       Tnw = 14156.8
       Tec = 7405.85
     twoNb = 871707
     twoNe = 13031.8
     twoNc = 114096
     twoNn = 133924
    twoNec = 140298
    twoNnw = 52294.1
  twoNecnw = 31826.1
  twoNbecnw = 49692.4
        m2 = 0.000690064
        m3 = 0.251343
        m4 = 0.0169979
        Tb = 20143.4
        Tc = 7078.42
        Td = 3539.21
DiffEv reached_goal. cost=2.74275e-03 spread=2.66428e-06
Fitted parameter values
Free:
       pc1 = 3.98168
       pc2 = -1.98622
       pc3 = -1.04894
       pc4 = 1.95522
       pc5 = 1.39855
       pc6 = -1.20805
       pc7 = 1.94135
       pc8 = 0.463924
       pc9 = -1.29667
      pc10 = 0.0352963
      pc11 = -0.35114
      pc12 = -0.512684
      pc13 = -0.08614
      pc14 = -0.0933801
Constrained:
     Tecnw = 33543.5
       Tnw = 10124.9
       Tec = 5363.43
     twoNb = 1.51741e+06
     twoNe = 18138
     twoNc = 8816.17
     twoNn = 6732.07
    twoNec = 150674
    twoNnw = 70232.4
  twoNecnw = 30997
  twoNbecnw = 49411.2
        m2 = 0.00177975
        m3 = 0.254673
        m4 = 0.021653
        Tb = 19453.5
        Tc = 5062.44
        Td = 2531.22
#       SitePat  BranchLen
              b 117125.9511654
              e 44307.6319348
              c 45528.2764911
              n 41573.1600034
              w 44571.4769842
            b:e 1223.3124903
            b:c 1564.6233207
            b:n 1019.4729587
            b:w 1205.9333900
            e:c 10798.4172129
            e:n 4568.3935976
            e:w 3509.0310015
            c:n 4208.8387418
            c:w 3410.8390672
            n:w 11918.0542338
          b:e:c 1302.7545958
          b:e:n 587.4480704
          b:e:w 577.9088901
          b:c:n 579.6336273
          b:c:w 589.1408058
          b:n:w 1299.5268299
          e:c:n 5445.8236523
          e:c:w 4306.1352900
          e:n:w 6074.7718134
          c:n:w 5224.8685588
        b:e:c:n 1208.0319385
        b:e:c:w 1020.3371612
        b:e:n:w 1479.6964375
        b:c:n:w 1221.9736229
        e:c:n:w 45596.0512182
