########################################
# legofit: estimate population history #
#       version 2.3.4-4-g53f8760       #
########################################

# Program was compiled: Sep 21 2021 14:36:42
# Program was run: Wed Sep 22 15:28:08 2021

# cmd: legofit -1 -d 0 -t 32 --ptsPerDim 3 --stateOut b1boot12.state --tol 3e-6 -S 5000 bcd2.lgo ../../chrX/boot_chrX/boot12.opf
# Stage nOptItr nSimReps
#     0    5000        0
# algorithm          : deterministic
# ignoring probs <=  : 0
# Branch length floor: 0
# DE strategy        : 2
#    F               : 0.3
#    CR              : 0.8
#    tolerance       : 3e-06
# nthreads           : 32
# lgo input file     : bcd2.lgo
# site pat input file: ../../chrX/boot_chrX/boot12.opf
# free parameters    : 14
# points in DE swarm : 42
# output state file  : b1boot12.state
# Including singleton site patterns.
# cost function      : KL
Initial parameter values
Fixed:
      zero = 0
       one = 1
    Tbecnw = 75200
Free:
       pc1 = 0
       pc2 = 0
       pc3 = 0
       pc4 = 0
       pc5 = 0
       pc6 = 0
       pc7 = 0
       pc8 = 0
       pc9 = 0
      pc10 = 0
      pc11 = 0
      pc12 = 0
      pc13 = 0
      pc14 = 0
Constrained:
     Tecnw = 32881
       Tnw = 14156.8
       Tec = 7405.85
     twoNb = 871707
     twoNe = 13031.8
     twoNc = 114096
     twoNn = 133924
    twoNec = 140298
    twoNnw = 52294.1
  twoNecnw = 31826.1
  twoNbecnw = 49692.4
        m2 = 0.000690064
        m3 = 0.251343
        m4 = 0.0169979
        Tb = 20143.4
        Tc = 7078.42
        Td = 3539.21
DiffEv reached_goal. cost=2.77821e-03 spread=2.98021e-06
Fitted parameter values
Free:
       pc1 = 3.9858
       pc2 = -1.91788
       pc3 = -1.54579
       pc4 = 1.96406
       pc5 = 1.65067
       pc6 = -1.78928
       pc7 = 1.6808
       pc8 = -0.791663
       pc9 = -1.41252
      pc10 = 0.537867
      pc11 = -0.221949
      pc12 = 0.282135
      pc13 = -0.12109
      pc14 = -0.0645043
Constrained:
     Tecnw = 33516
       Tnw = 9904.6
       Tec = 5199.71
     twoNb = 1.7513e+06
     twoNe = 16864.9
     twoNc = 5552.08
     twoNn = 25703.6
    twoNec = 146634
    twoNnw = 70082.4
  twoNecnw = 30782.9
  twoNbecnw = 50292.7
        m2 = 0.00161402
        m3 = 0.255188
        m4 = 0.0197185
        Tb = 19357.8
        Tc = 4952.3
        Td = 2476.15
#       SitePat  BranchLen
              b 118004.0449748
              e 44049.2301005
              c 45177.1052264
              n 41393.7893162
              w 44463.5644290
            b:e 1224.4423326
            b:c 1532.6739993
            b:n 1025.3862327
            b:w 1218.9760002
            e:c 10976.3741992
            e:n 4540.1016800
            e:w 3479.4723665
            c:n 4216.7459940
            c:w 3389.6465153
            n:w 11998.9650373
          b:e:c 1319.5907887
          b:e:n 586.5543999
          b:e:w 577.9725893
          b:c:n 579.3457503
          b:c:w 587.9039069
          b:n:w 1317.0075494
          e:c:n 5509.3978567
          e:c:w 4328.3644507
          e:n:w 6011.2161359
          c:n:w 5226.8971421
        b:e:c:n 1220.6493165
        b:e:c:w 1026.0702884
        b:e:n:w 1464.7090233
        b:c:n:w 1223.3800940
        e:c:n:w 46594.5617179
