########################################
# legofit: estimate population history #
#       version 2.3.4-4-g53f8760       #
########################################

# Program was compiled: Sep 21 2021 14:36:42
# Program was run: Wed Sep 22 15:28:29 2021

# cmd: legofit -1 -d 0 -t 32 --ptsPerDim 3 --stateOut b1boot33.state --tol 3e-6 -S 5000 bcd2.lgo ../../chrX/boot_chrX/boot33.opf
# Stage nOptItr nSimReps
#     0    5000        0
# algorithm          : deterministic
# ignoring probs <=  : 0
# Branch length floor: 0
# DE strategy        : 2
#    F               : 0.3
#    CR              : 0.8
#    tolerance       : 3e-06
# nthreads           : 32
# lgo input file     : bcd2.lgo
# site pat input file: ../../chrX/boot_chrX/boot33.opf
# free parameters    : 14
# points in DE swarm : 42
# output state file  : b1boot33.state
# Including singleton site patterns.
# cost function      : KL
Initial parameter values
Fixed:
      zero = 0
       one = 1
    Tbecnw = 75200
Free:
       pc1 = 0
       pc2 = 0
       pc3 = 0
       pc4 = 0
       pc5 = 0
       pc6 = 0
       pc7 = 0
       pc8 = 0
       pc9 = 0
      pc10 = 0
      pc11 = 0
      pc12 = 0
      pc13 = 0
      pc14 = 0
Constrained:
     Tecnw = 32881
       Tnw = 14156.8
       Tec = 7405.85
     twoNb = 871707
     twoNe = 13031.8
     twoNc = 114096
     twoNn = 133924
    twoNec = 140298
    twoNnw = 52294.1
  twoNecnw = 31826.1
  twoNbecnw = 49692.4
        m2 = 0.000690064
        m3 = 0.251343
        m4 = 0.0169979
        Tb = 20143.4
        Tc = 7078.42
        Td = 3539.21
DiffEv reached_goal. cost=2.78972e-03 spread=2.79438e-06
Fitted parameter values
Free:
       pc1 = 3.97595
       pc2 = -1.82626
       pc3 = -1.85824
       pc4 = 1.79729
       pc5 = 1.90747
       pc6 = -1.97874
       pc7 = 0.853863
       pc8 = -1.42438
       pc9 = -0.182314
      pc10 = 1.31795
      pc11 = 0.153309
      pc12 = -0.0782048
      pc13 = -0.435718
      pc14 = -0.00718961
Constrained:
     Tecnw = 33515.3
       Tnw = 10711.7
       Tec = 5543.55
     twoNb = 1.77659e+06
     twoNe = 12346.1
     twoNc = 37632
     twoNn = 52120.2
    twoNec = 149018
    twoNnw = 64605.3
  twoNecnw = 30519
  twoNbecnw = 51325.9
        m2 = 0.00187354
        m3 = 0.242739
        m4 = 0.0197396
        Tb = 19529.4
        Tc = 5355.85
        Td = 2677.92
#       SitePat  BranchLen
              b 118963.9571887
              e 44311.4834475
              c 45447.2545333
              n 41263.9391184
              w 44101.2520029
            b:e 1255.1467281
            b:c 1569.1118507
            b:n 1022.1149357
            b:w 1202.5841549
            e:c 10935.1056782
            e:n 4434.0657952
            e:w 3447.1661298
            c:n 4118.0949390
            c:w 3358.2784264
            n:w 12267.3587149
          b:e:c 1348.6623872
          b:e:n 584.8704799
          b:e:w 576.3938072
          b:c:n 577.7501009
          b:c:w 586.1741947
          b:n:w 1345.9827661
          e:c:n 5376.9646681
          e:c:w 4287.4806216
          e:n:w 6135.4863927
          c:n:w 5335.3142188
        b:e:c:n 1204.2475526
        b:e:c:w 1022.7182522
        b:e:n:w 1500.9677415
        b:c:n:w 1253.6022579
        e:c:n:w 47593.5247166
