########################################
# legofit: estimate population history #
#       version 2.3.4-4-g53f8760       #
########################################

# Program was compiled: Sep 21 2021 14:36:42
# Program was run: Wed Sep 22 15:28:50 2021

# cmd: legofit -1 -d 0 -t 32 --ptsPerDim 3 --stateOut b1boot48.state --tol 3e-6 -S 5000 bcd2.lgo ../../chrX/boot_chrX/boot48.opf
# Stage nOptItr nSimReps
#     0    5000        0
# algorithm          : deterministic
# ignoring probs <=  : 0
# Branch length floor: 0
# DE strategy        : 2
#    F               : 0.3
#    CR              : 0.8
#    tolerance       : 3e-06
# nthreads           : 32
# lgo input file     : bcd2.lgo
# site pat input file: ../../chrX/boot_chrX/boot48.opf
# free parameters    : 14
# points in DE swarm : 42
# output state file  : b1boot48.state
# Including singleton site patterns.
# cost function      : KL
Initial parameter values
Fixed:
      zero = 0
       one = 1
    Tbecnw = 75200
Free:
       pc1 = 0
       pc2 = 0
       pc3 = 0
       pc4 = 0
       pc5 = 0
       pc6 = 0
       pc7 = 0
       pc8 = 0
       pc9 = 0
      pc10 = 0
      pc11 = 0
      pc12 = 0
      pc13 = 0
      pc14 = 0
Constrained:
     Tecnw = 32881
       Tnw = 14156.8
       Tec = 7405.85
     twoNb = 871707
     twoNe = 13031.8
     twoNc = 114096
     twoNn = 133924
    twoNec = 140298
    twoNnw = 52294.1
  twoNecnw = 31826.1
  twoNbecnw = 49692.4
        m2 = 0.000690064
        m3 = 0.251343
        m4 = 0.0169979
        Tb = 20143.4
        Tc = 7078.42
        Td = 3539.21
DiffEv reached_goal. cost=2.75020e-03 spread=2.78891e-06
Fitted parameter values
Free:
       pc1 = 3.9839
       pc2 = -1.9837
       pc3 = 0.0269458
       pc4 = 1.95417
       pc5 = 1.91997
       pc6 = -1.923
       pc7 = -0.200599
       pc8 = -0.814674
       pc9 = -0.175824
      pc10 = -0.107247
      pc11 = -0.676334
      pc12 = -0.849782
      pc13 = -0.101
      pc14 = -0.11673
Constrained:
     Tecnw = 33323
       Tnw = 11105.5
       Tec = 5774.72
     twoNb = 1.73654e+06
     twoNe = 12736.5
     twoNc = 121130
     twoNn = 28458.2
    twoNec = 154668
    twoNnw = 68184.4
  twoNecnw = 31326.9
  twoNbecnw = 50025
        m2 = 0.00288889
        m3 = 0.240487
        m4 = 0.0195881
        Tb = 19548.9
        Tc = 5552.76
        Td = 2776.38
#       SitePat  BranchLen
              b 117583.8503436
              e 44659.1003644
              c 45788.8650142
              n 41857.9892823
              w 44570.2540909
            b:e 1272.8448710
            b:c 1576.7237655
            b:n 1047.8718097
            b:w 1217.1794357
            e:c 10696.7512500
            e:n 4543.2470067
            e:w 3574.8004003
            c:n 4204.7877165
            c:w 3488.2049696
            n:w 11883.2977947
          b:e:c 1326.5128857
          b:e:n 603.0922152
          b:e:w 593.6431705
          b:c:n 595.0969276
          b:c:w 604.3834163
          b:n:w 1323.4870727
          e:c:n 5401.9452238
          e:c:w 4376.4188454
          e:n:w 6140.1669742
          c:n:w 5366.3937315
        b:e:c:n 1219.0361690
        b:e:c:w 1048.1820223
        b:e:n:w 1506.8900133
        b:c:n:w 1269.3294746
        e:c:n:w 45825.4921809
