########################################
# legofit: estimate population history #
#       version 2.3.4-4-g53f8760       #
########################################

# Program was compiled: Sep 21 2021 14:36:42
# Program was run: Wed Sep 22 15:28:50 2021

# cmd: legofit -1 -d 0 -t 32 --ptsPerDim 3 --stateOut b1boot45.state --tol 3e-6 -S 5000 bcd2.lgo ../../chrX/boot_chrX/boot45.opf
# Stage nOptItr nSimReps
#     0    5000        0
# algorithm          : deterministic
# ignoring probs <=  : 0
# Branch length floor: 0
# DE strategy        : 2
#    F               : 0.3
#    CR              : 0.8
#    tolerance       : 3e-06
# nthreads           : 32
# lgo input file     : bcd2.lgo
# site pat input file: ../../chrX/boot_chrX/boot45.opf
# free parameters    : 14
# points in DE swarm : 42
# output state file  : b1boot45.state
# Including singleton site patterns.
# cost function      : KL
Initial parameter values
Fixed:
      zero = 0
       one = 1
    Tbecnw = 75200
Free:
       pc1 = 0
       pc2 = 0
       pc3 = 0
       pc4 = 0
       pc5 = 0
       pc6 = 0
       pc7 = 0
       pc8 = 0
       pc9 = 0
      pc10 = 0
      pc11 = 0
      pc12 = 0
      pc13 = 0
      pc14 = 0
Constrained:
     Tecnw = 32881
       Tnw = 14156.8
       Tec = 7405.85
     twoNb = 871707
     twoNe = 13031.8
     twoNc = 114096
     twoNn = 133924
    twoNec = 140298
    twoNnw = 52294.1
  twoNecnw = 31826.1
  twoNbecnw = 49692.4
        m2 = 0.000690064
        m3 = 0.251343
        m4 = 0.0169979
        Tb = 20143.4
        Tc = 7078.42
        Td = 3539.21
DiffEv reached_goal. cost=2.58362e-03 spread=2.90974e-06
Fitted parameter values
Free:
       pc1 = 3.9816
       pc2 = -1.92529
       pc3 = 0.740768
       pc4 = 1.88643
       pc5 = 1.96513
       pc6 = -1.29169
       pc7 = 0.90055
       pc8 = -0.188659
       pc9 = -0.948077
      pc10 = 1.11354
      pc11 = -0.726152
      pc12 = -0.509437
      pc13 = -0.0422791
      pc14 = -0.00630769
Constrained:
     Tecnw = 33250.3
       Tnw = 10348.9
       Tec = 5337.34
     twoNb = 1.65722e+06
     twoNe = 5441.12
     twoNc = 49247.2
     twoNn = 44711.2
    twoNec = 150844
    twoNnw = 69750
  twoNecnw = 31191.4
  twoNbecnw = 49142.6
        m2 = 0.00225602
        m3 = 0.235419
        m4 = 0.0199745
        Tb = 19293.8
        Tc = 5174.46
        Td = 2587.23
#       SitePat  BranchLen
              b 116918.3660976
              e 44148.0132547
              c 45408.9978214
              n 41420.6060636
              w 44282.7631110
            b:e 1223.8275587
            b:c 1537.2211959
            b:n 1015.2308366
            b:w 1189.2441552
            e:c 10814.1241950
            e:n 4585.3494466
            e:w 3494.9453792
            c:n 4124.2593452
            c:w 3431.0452712
            n:w 11976.5441193
          b:e:c 1300.8231911
          b:e:n 584.3975922
          b:e:w 570.2107038
          b:c:n 571.6808571
          b:c:w 585.7710815
          b:n:w 1297.8819833
          e:c:n 5396.1420500
          e:c:w 4318.9641925
          e:n:w 6068.3339907
          c:n:w 5259.0578239
        b:e:c:n 1191.0843609
        b:e:c:w 1015.8066578
        b:e:n:w 1464.4095740
        b:c:n:w 1221.4541036
        e:c:n:w 45510.9778023
