########################################
# legofit: estimate population history #
#       version 2.3.4-4-g53f8760       #
########################################

# Program was compiled: Sep 21 2021 14:36:42
# Program was run: Wed Sep 22 15:28:14 2021

# cmd: legofit -1 -d 0 -t 32 --ptsPerDim 3 --stateOut b1boot19.state --tol 3e-6 -S 5000 bcd2.lgo ../../chrX/boot_chrX/boot19.opf
# Stage nOptItr nSimReps
#     0    5000        0
# algorithm          : deterministic
# ignoring probs <=  : 0
# Branch length floor: 0
# DE strategy        : 2
#    F               : 0.3
#    CR              : 0.8
#    tolerance       : 3e-06
# nthreads           : 32
# lgo input file     : bcd2.lgo
# site pat input file: ../../chrX/boot_chrX/boot19.opf
# free parameters    : 14
# points in DE swarm : 42
# output state file  : b1boot19.state
# Including singleton site patterns.
# cost function      : KL
Initial parameter values
Fixed:
      zero = 0
       one = 1
    Tbecnw = 75200
Free:
       pc1 = 0
       pc2 = 0
       pc3 = 0
       pc4 = 0
       pc5 = 0
       pc6 = 0
       pc7 = 0
       pc8 = 0
       pc9 = 0
      pc10 = 0
      pc11 = 0
      pc12 = 0
      pc13 = 0
      pc14 = 0
Constrained:
     Tecnw = 32881
       Tnw = 14156.8
       Tec = 7405.85
     twoNb = 871707
     twoNe = 13031.8
     twoNc = 114096
     twoNn = 133924
    twoNec = 140298
    twoNnw = 52294.1
  twoNecnw = 31826.1
  twoNbecnw = 49692.4
        m2 = 0.000690064
        m3 = 0.251343
        m4 = 0.0169979
        Tb = 20143.4
        Tc = 7078.42
        Td = 3539.21
DiffEv reached_goal. cost=2.66588e-03 spread=2.72465e-06
Fitted parameter values
Free:
       pc1 = 3.98042
       pc2 = -1.9869
       pc3 = -1.71385
       pc4 = 1.88858
       pc5 = 0.82868
       pc6 = -1.72833
       pc7 = 1.07033
       pc8 = 0.201974
       pc9 = -1.38616
      pc10 = -0.0922373
      pc11 = -0.778266
      pc12 = -0.309232
      pc13 = -0.701894
      pc14 = -0.0739303
Constrained:
     Tecnw = 33836.7
       Tnw = 9981.11
       Tec = 5339.26
     twoNb = 1.55467e+06
     twoNe = 23150
     twoNc = 47747.5
     twoNn = 8606.4
    twoNec = 147600
    twoNnw = 65680.2
  twoNecnw = 30807.3
  twoNbecnw = 49656
        m2 = 0.00206295
        m3 = 0.2538
        m4 = 0.0200959
        Tb = 19588
        Tc = 4990.55
        Td = 2495.28
#       SitePat  BranchLen
              b 117374.8921841
              e 44423.1893035
              c 45550.2732679
              n 41253.9294364
              w 44310.3018488
            b:e 1238.6592181
            b:c 1555.0620281
            b:n 1005.0917043
            b:w 1196.0958717
            e:c 11047.4431427
            e:n 4469.1122697
            e:w 3406.1421248
            c:n 4141.6349956
            c:w 3317.3883778
            n:w 12436.2174066
          b:e:c 1339.6482386
          b:e:n 575.9273299
          b:e:w 567.1551074
          b:c:n 568.7216227
          b:c:w 577.4145052
          b:n:w 1336.5039881
          e:c:n 5388.4530480
          e:c:w 4220.7255880
          e:n:w 6059.8867046
          c:n:w 5269.9173498
        b:e:c:n 1198.0396180
        b:e:c:w 1005.6866011
        b:e:n:w 1476.9729097
        b:c:n:w 1236.6328206
        e:c:n:w 45835.4625434
