########################################
# legofit: estimate population history #
#       version 2.3.4-4-g53f8760       #
########################################

# Program was compiled: Sep 21 2021 14:36:42
# Program was run: Wed Sep 22 15:28:50 2021

# cmd: legofit -1 -d 0 -t 32 --ptsPerDim 3 --stateOut b1boot47.state --tol 3e-6 -S 5000 bcd2.lgo ../../chrX/boot_chrX/boot47.opf
# Stage nOptItr nSimReps
#     0    5000        0
# algorithm          : deterministic
# ignoring probs <=  : 0
# Branch length floor: 0
# DE strategy        : 2
#    F               : 0.3
#    CR              : 0.8
#    tolerance       : 3e-06
# nthreads           : 32
# lgo input file     : bcd2.lgo
# site pat input file: ../../chrX/boot_chrX/boot47.opf
# free parameters    : 14
# points in DE swarm : 42
# output state file  : b1boot47.state
# Including singleton site patterns.
# cost function      : KL
Initial parameter values
Fixed:
      zero = 0
       one = 1
    Tbecnw = 75200
Free:
       pc1 = 0
       pc2 = 0
       pc3 = 0
       pc4 = 0
       pc5 = 0
       pc6 = 0
       pc7 = 0
       pc8 = 0
       pc9 = 0
      pc10 = 0
      pc11 = 0
      pc12 = 0
      pc13 = 0
      pc14 = 0
Constrained:
     Tecnw = 32881
       Tnw = 14156.8
       Tec = 7405.85
     twoNb = 871707
     twoNe = 13031.8
     twoNc = 114096
     twoNn = 133924
    twoNec = 140298
    twoNnw = 52294.1
  twoNecnw = 31826.1
  twoNbecnw = 49692.4
        m2 = 0.000690064
        m3 = 0.251343
        m4 = 0.0169979
        Tb = 20143.4
        Tc = 7078.42
        Td = 3539.21
DiffEv reached_goal. cost=2.86224e-03 spread=2.49976e-06
Fitted parameter values
Free:
       pc1 = 3.9865
       pc2 = -1.99747
       pc3 = 1.53021
       pc4 = 1.91599
       pc5 = 0.374045
       pc6 = -0.277078
       pc7 = 1.72923
       pc8 = 0.864142
       pc9 = -1.49997
      pc10 = 0.410768
      pc11 = 0.0676568
      pc12 = -0.624133
      pc13 = -0.0821875
      pc14 = -0.0956479
Constrained:
     Tecnw = 32971.8
       Tnw = 9787.93
       Tec = 5039.98
     twoNb = 1.36922e+06
     twoNe = 11328.4
     twoNc = 70270.4
     twoNn = 78198
    twoNec = 152622
    twoNnw = 70735.5
  twoNecnw = 31022.7
  twoNbecnw = 47784.3
        m2 = 0.00128794
        m3 = 0.241994
        m4 = 0.0216622
        Tb = 19005.9
        Tc = 4893.97
        Td = 2446.98
#       SitePat  BranchLen
              b 115854.8718456
              e 43858.3057340
              c 45016.9556004
              n 41136.3248960
              w 43883.9952113
            b:e 1164.3315825
            b:c 1502.6371966
            b:n 972.7452101
            b:w 1137.6016644
            e:c 10656.4634759
            e:n 4441.0855883
            e:w 3488.1563290
            c:n 4132.6426646
            c:w 3379.6888975
            n:w 11831.8587588
          b:e:c 1239.7739726
          b:e:n 557.7488930
          b:e:w 550.6917322
          b:c:n 552.4799546
          b:c:w 559.5611100
          b:n:w 1236.5575959
          e:c:n 5304.3972315
          e:c:w 4263.5633308
          e:n:w 6005.0058594
          c:n:w 5168.6488769
        b:e:c:n 1139.7164606
        b:e:c:w 973.8826235
        b:e:n:w 1411.1994058
        b:c:n:w 1163.9108237
        e:c:n:w 44963.3878519
