########################################
# legofit: estimate population history #
#       version 2.3.4-4-g53f8760       #
########################################

# Program was compiled: Sep 21 2021 14:36:42
# Program was run: Tue Oct 12 19:18:09 2021

# cmd: legofit -1 -d 0 -t 32 --ptsPerDim 3 --stateOut b1.state --tol 3e-6 -S 5000 abe2.lgo ../../chrX/pan_chrX.opf
# Stage nOptItr nSimReps
#     0    5000        0
# algorithm          : deterministic
# ignoring probs <=  : 0
# Branch length floor: 0
# DE strategy        : 2
#    F               : 0.3
#    CR              : 0.8
#    tolerance       : 3e-06
# nthreads           : 32
# lgo input file     : abe2.lgo
# site pat input file: ../../chrX/pan_chrX.opf
# free parameters    : 15
# points in DE swarm : 45
# output state file  : b1.state
# Including singleton site patterns.
# cost function      : KL
Initial parameter values
Fixed:
      zero = 0
       one = 1
    Tbecnw = 75200
Free:
       pc1 = 0
       pc2 = 0
       pc3 = 0
       pc4 = 0
       pc5 = 0
       pc6 = 0
       pc7 = 0
       pc8 = 0
       pc9 = 0
      pc10 = 0
      pc11 = 0
      pc12 = 0
      pc13 = 0
      pc14 = 0
      pc15 = 0
Constrained:
   Tgbecnw = 217682
     Tecnw = 26838
       Tnw = 15693.1
       Tec = 5568.54
     twoNb = 905857
     twoNe = 398966
     twoNw = 1.02836e+06
    twoNec = 111434
    twoNnw = 52469.4
  twoNecnw = 64824
  twoNbecnw = 22825.4
  twoNgbecnw = 253735
         m = 0.0956209
        m2 = 0.0226738
        m5 = 0.137222
        Tb = 16203.2
        Ta = 45701.6
        Te = 2784.27
DiffEv reached_goal. cost=2.25089e-03 spread=2.75484e-06
Fitted parameter values
Free:
       pc1 = -0.702438
       pc2 = 1.16024
       pc3 = -0.937784
       pc4 = 0.368294
       pc5 = -1.59564
       pc6 = 0.309863
       pc7 = 1.32019
       pc8 = -0.877217
       pc9 = -1.59323
      pc10 = -0.761666
      pc11 = 0.179094
      pc12 = 0.0747771
      pc13 = -0.0712449
      pc14 = 0.0429909
      pc15 = 0.0866125
Constrained:
   Tgbecnw = 131916
     Tecnw = 25564.8
       Tnw = 18723.3
       Tec = 1889.55
     twoNb = 1.09458e+06
     twoNe = 1.14082e+06
     twoNw = 1.55413e+06
    twoNec = 125102
    twoNnw = 30293.7
  twoNecnw = 63399.4
  twoNbecnw = 15869.3
  twoNgbecnw = 332192
         m = 0.0815174
        m2 = 0.0239923
        m5 = 0.142437
        Tb = 13727.2
        Ta = 44463.6
        Te = 944.774
#       SitePat  BranchLen
              b 122233.0458418
              e 45502.6409753
              c 47536.3159049
              n 44775.5794424
              w 44711.3771509
            b:e 1304.0883480
            b:c 1461.3114614
            b:n 1056.4398671
            b:w 1053.7806987
            e:c 12171.4284509
            e:n 4669.3524232
            e:w 4733.5547148
            c:n 4175.5158009
            c:w 4161.6835704
            n:w 12416.2702920
          b:e:c 1278.6750549
          b:e:n 584.8901987
          b:e:w 587.5493670
          b:c:n 589.5829466
          b:c:w 586.8155356
          b:n:w 1307.4975785
          e:c:n 4362.2121180
          e:c:w 4376.0443486
          e:n:w 5901.9919045
          c:n:w 5002.7189831
        b:e:c:n 1118.5581796
        b:e:c:w 1121.3255906
        b:e:n:w 1981.5783687
        b:c:n:w 1751.7020751
        e:c:n:w 48322.9512097
