########################################
# legofit: estimate population history #
#       version 2.3.4-4-g53f8760       #
########################################

# Program was compiled: Sep 21 2021 14:36:42
# Program was run: Tue Oct 12 19:29:52 2021

# cmd: legofit -1 -d 0 -t 32 --ptsPerDim 3 --stateOut b1boot41.state --tol 3e-6 -S 5000 abe2.lgo ../../chrX/boot_chrX/boot41.opf
# Stage nOptItr nSimReps
#     0    5000        0
# algorithm          : deterministic
# ignoring probs <=  : 0
# Branch length floor: 0
# DE strategy        : 2
#    F               : 0.3
#    CR              : 0.8
#    tolerance       : 3e-06
# nthreads           : 32
# lgo input file     : abe2.lgo
# site pat input file: ../../chrX/boot_chrX/boot41.opf
# free parameters    : 15
# points in DE swarm : 45
# output state file  : b1boot41.state
# Including singleton site patterns.
# cost function      : KL
Initial parameter values
Fixed:
      zero = 0
       one = 1
    Tbecnw = 75200
Free:
       pc1 = 0
       pc2 = 0
       pc3 = 0
       pc4 = 0
       pc5 = 0
       pc6 = 0
       pc7 = 0
       pc8 = 0
       pc9 = 0
      pc10 = 0
      pc11 = 0
      pc12 = 0
      pc13 = 0
      pc14 = 0
      pc15 = 0
Constrained:
   Tgbecnw = 217682
     Tecnw = 26838
       Tnw = 15693.1
       Tec = 5568.54
     twoNb = 905857
     twoNe = 398966
     twoNw = 1.02836e+06
    twoNec = 111434
    twoNnw = 52469.4
  twoNecnw = 64824
  twoNbecnw = 22825.4
  twoNgbecnw = 253735
         m = 0.0956209
        m2 = 0.0226738
        m5 = 0.137222
        Tb = 16203.2
        Ta = 45701.6
        Te = 2784.27
DiffEv reached_goal. cost=2.22664e-03 spread=2.73337e-06
Fitted parameter values
Free:
       pc1 = 0.673473
       pc2 = 0.627296
       pc3 = -1.80026
       pc4 = 1.63286
       pc5 = -1.00191
       pc6 = -0.342143
       pc7 = 0.392614
       pc8 = -0.431949
       pc9 = -0.774106
      pc10 = -0.169178
      pc11 = 0.268692
      pc12 = -0.00379038
      pc13 = -0.0554606
      pc14 = -0.11034
      pc15 = -0.0356454
Constrained:
   Tgbecnw = 147725
     Tecnw = 27076.1
       Tnw = 16525.8
       Tec = 663.278
     twoNb = 828133
     twoNe = 135706
     twoNw = 1.79312e+06
    twoNec = 145207
    twoNnw = 46066.7
  twoNecnw = 62125.3
  twoNbecnw = 20026.7
  twoNgbecnw = 292947
         m = 0.0916985
        m2 = 0.0229651
        m5 = 0.14693
        Tb = 13869.7
        Ta = 44534.9
        Te = 331.639
#       SitePat  BranchLen
              b 125683.7017805
              e 46727.8201616
              c 48931.2910548
              n 45605.1918520
              w 45549.7333152
            b:e 1403.9183414
            b:c 1578.8022771
            b:n 1114.6132382
            b:w 1112.3216265
            e:c 12222.7999586
            e:n 4793.9736078
            e:w 4849.4321446
            c:n 4237.6542633
            c:w 4226.1820952
            n:w 12863.9327875
          b:e:c 1341.9660031
          b:e:n 620.1582585
          b:e:w 622.4498702
          b:c:n 624.1893215
          b:c:w 621.8244014
          b:n:w 1366.7268945
          e:c:n 4446.8844100
          e:c:w 4458.3565781
          e:n:w 6141.5202282
          c:n:w 5181.3879817
        b:e:c:n 1166.0773445
        b:e:c:w 1168.4422646
        b:e:n:w 2043.5479553
        b:c:n:w 1801.4891454
        e:c:n:w 50262.8817651
