########################################
# legofit: estimate population history #
#       version 2.3.4-4-g53f8760       #
########################################

# Program was compiled: Sep 21 2021 14:36:42
# Program was run: Tue Oct 12 19:20:14 2021

# cmd: legofit -1 -d 0 -t 32 --ptsPerDim 3 --stateOut b1boot8.state --tol 3e-6 -S 5000 abe2.lgo ../../chrX/boot_chrX/boot8.opf
# Stage nOptItr nSimReps
#     0    5000        0
# algorithm          : deterministic
# ignoring probs <=  : 0
# Branch length floor: 0
# DE strategy        : 2
#    F               : 0.3
#    CR              : 0.8
#    tolerance       : 3e-06
# nthreads           : 32
# lgo input file     : abe2.lgo
# site pat input file: ../../chrX/boot_chrX/boot8.opf
# free parameters    : 15
# points in DE swarm : 45
# output state file  : b1boot8.state
# Including singleton site patterns.
# cost function      : KL
Initial parameter values
Fixed:
      zero = 0
       one = 1
    Tbecnw = 75200
Free:
       pc1 = 0
       pc2 = 0
       pc3 = 0
       pc4 = 0
       pc5 = 0
       pc6 = 0
       pc7 = 0
       pc8 = 0
       pc9 = 0
      pc10 = 0
      pc11 = 0
      pc12 = 0
      pc13 = 0
      pc14 = 0
      pc15 = 0
Constrained:
   Tgbecnw = 217682
     Tecnw = 26838
       Tnw = 15693.1
       Tec = 5568.54
     twoNb = 905857
     twoNe = 398966
     twoNw = 1.02836e+06
    twoNec = 111434
    twoNnw = 52469.4
  twoNecnw = 64824
  twoNbecnw = 22825.4
  twoNgbecnw = 253735
         m = 0.0956209
        m2 = 0.0226738
        m5 = 0.137222
        Tb = 16203.2
        Ta = 45701.6
        Te = 2784.27
DiffEv reached_goal. cost=2.29317e-03 spread=2.97154e-06
Fitted parameter values
Free:
       pc1 = -0.250058
       pc2 = 0.550948
       pc3 = -1.91499
       pc4 = 1.52697
       pc5 = -0.709836
       pc6 = 0.0673827
       pc7 = 0.532455
       pc8 = -0.136855
       pc9 = -0.192081
      pc10 = -0.264892
      pc11 = 0.0869017
      pc12 = 0.0343632
      pc13 = -0.108809
      pc14 = -0.0731254
      pc15 = -0.00503914
Constrained:
   Tgbecnw = 143590
     Tecnw = 26718.2
       Tnw = 17387.4
       Tec = 1929.81
     twoNb = 954829
     twoNe = 162248
     twoNw = 1.79673e+06
    twoNec = 134178
    twoNnw = 40924.7
  twoNecnw = 64126.8
  twoNbecnw = 19778.2
  twoNgbecnw = 277670
         m = 0.0961393
        m2 = 0.0214742
        m5 = 0.143512
        Tb = 14324
        Ta = 44762
        Te = 964.903
#       SitePat  BranchLen
              b 125526.5142719
              e 46855.3793116
              c 48989.8936798
              n 45887.1500171
              w 45832.8878402
            b:e 1437.8667297
            b:c 1610.6723737
            b:n 1171.2181197
            b:w 1168.8414640
            e:c 12408.7269628
            e:n 4832.8952078
            e:w 4887.1573846
            c:n 4296.6592211
            c:w 4285.1443570
            n:w 12944.6942484
          b:e:c 1409.6285226
          b:e:n 648.9315543
          b:e:w 651.3082100
          b:c:n 653.1982279
          b:c:w 650.7384012
          b:n:w 1433.4641166
          e:c:n 4521.9410005
          e:c:w 4533.4558645
          e:n:w 6143.0537811
          c:n:w 5205.5461117
        b:e:c:n 1230.6475628
        b:e:c:w 1233.1073895
        b:e:n:w 2059.9607014
        b:c:n:w 1824.7004805
        e:c:n:w 49856.7381171
