########################################
# legofit: estimate population history #
#       version 2.3.4-4-g53f8760       #
########################################

# Program was compiled: Sep 21 2021 14:36:42
# Program was run: Tue Oct 12 19:31:24 2021

# cmd: legofit -1 -d 0 -t 32 --ptsPerDim 3 --stateOut b1boot47.state --tol 3e-6 -S 5000 abe2.lgo ../../chrX/boot_chrX/boot47.opf
# Stage nOptItr nSimReps
#     0    5000        0
# algorithm          : deterministic
# ignoring probs <=  : 0
# Branch length floor: 0
# DE strategy        : 2
#    F               : 0.3
#    CR              : 0.8
#    tolerance       : 3e-06
# nthreads           : 32
# lgo input file     : abe2.lgo
# site pat input file: ../../chrX/boot_chrX/boot47.opf
# free parameters    : 15
# points in DE swarm : 45
# output state file  : b1boot47.state
# Including singleton site patterns.
# cost function      : KL
Initial parameter values
Fixed:
      zero = 0
       one = 1
    Tbecnw = 75200
Free:
       pc1 = 0
       pc2 = 0
       pc3 = 0
       pc4 = 0
       pc5 = 0
       pc6 = 0
       pc7 = 0
       pc8 = 0
       pc9 = 0
      pc10 = 0
      pc11 = 0
      pc12 = 0
      pc13 = 0
      pc14 = 0
      pc15 = 0
Constrained:
   Tgbecnw = 217682
     Tecnw = 26838
       Tnw = 15693.1
       Tec = 5568.54
     twoNb = 905857
     twoNe = 398966
     twoNw = 1.02836e+06
    twoNec = 111434
    twoNnw = 52469.4
  twoNecnw = 64824
  twoNbecnw = 22825.4
  twoNgbecnw = 253735
         m = 0.0956209
        m2 = 0.0226738
        m5 = 0.137222
        Tb = 16203.2
        Ta = 45701.6
        Te = 2784.27
DiffEv reached_goal. cost=2.22076e-03 spread=2.98660e-06
Fitted parameter values
Free:
       pc1 = -0.597366
       pc2 = 1.2396
       pc3 = -1.45364
       pc4 = 1.35493
       pc5 = -1.78448
       pc6 = -0.124902
       pc7 = 1.01247
       pc8 = 0.752516
       pc9 = -0.691139
      pc10 = -0.968614
      pc11 = -0.332897
      pc12 = -0.15131
      pc13 = -0.0846712
      pc14 = -0.0636024
      pc15 = 0.0577602
Constrained:
   Tgbecnw = 131276
     Tecnw = 25726.6
       Tnw = 17719.2
       Tec = 1939.23
     twoNb = 1.07518e+06
     twoNe = 96328.8
     twoNw = 1.58781e+06
    twoNec = 127278
    twoNnw = 35732.2
  twoNecnw = 63743.6
  twoNbecnw = 15136
  twoNgbecnw = 361233
         m = 0.0755243
        m2 = 0.0213615
        m5 = 0.150786
        Tb = 13832.9
        Ta = 44516.4
        Te = 969.616
#       SitePat  BranchLen
              b 121478.9891400
              e 45433.8300087
              c 47572.3647224
              n 44729.4599034
              w 44666.0376495
            b:e 1238.4596566
            b:c 1394.2612902
            b:n 1021.5054074
            b:w 1018.9900240
            e:c 11967.3924986
            e:n 4683.5638033
            e:w 4746.9860571
            c:n 4148.7651487
            c:w 4135.4182951
            n:w 12326.7452773
          b:e:c 1225.2325888
          b:e:n 568.2348142
          b:e:w 570.7501975
          b:c:n 572.8401404
          b:c:w 570.2207256
          b:n:w 1250.0695998
          e:c:n 4286.5414864
          e:c:w 4299.8883400
          e:n:w 5797.0262302
          c:n:w 4870.9425925
        b:e:c:n 1082.6486973
        b:e:c:w 1085.2681121
        b:e:n:w 1873.4416575
        b:c:n:w 1647.4794925
        e:c:n:w 47739.1275029
