########################################
# legofit: estimate population history #
#       version 2.3.4-4-g53f8760       #
########################################

# Program was compiled: Sep 21 2021 14:36:42
# Program was run: Tue Oct 12 19:31:07 2021

# cmd: legofit -1 -d 0 -t 32 --ptsPerDim 3 --stateOut b1boot46.state --tol 3e-6 -S 5000 abe2.lgo ../../chrX/boot_chrX/boot46.opf
# Stage nOptItr nSimReps
#     0    5000        0
# algorithm          : deterministic
# ignoring probs <=  : 0
# Branch length floor: 0
# DE strategy        : 2
#    F               : 0.3
#    CR              : 0.8
#    tolerance       : 3e-06
# nthreads           : 32
# lgo input file     : abe2.lgo
# site pat input file: ../../chrX/boot_chrX/boot46.opf
# free parameters    : 15
# points in DE swarm : 45
# output state file  : b1boot46.state
# Including singleton site patterns.
# cost function      : KL
Initial parameter values
Fixed:
      zero = 0
       one = 1
    Tbecnw = 75200
Free:
       pc1 = 0
       pc2 = 0
       pc3 = 0
       pc4 = 0
       pc5 = 0
       pc6 = 0
       pc7 = 0
       pc8 = 0
       pc9 = 0
      pc10 = 0
      pc11 = 0
      pc12 = 0
      pc13 = 0
      pc14 = 0
      pc15 = 0
Constrained:
   Tgbecnw = 217682
     Tecnw = 26838
       Tnw = 15693.1
       Tec = 5568.54
     twoNb = 905857
     twoNe = 398966
     twoNw = 1.02836e+06
    twoNec = 111434
    twoNnw = 52469.4
  twoNecnw = 64824
  twoNbecnw = 22825.4
  twoNgbecnw = 253735
         m = 0.0956209
        m2 = 0.0226738
        m5 = 0.137222
        Tb = 16203.2
        Ta = 45701.6
        Te = 2784.27
DiffEv reached_goal. cost=2.22109e-03 spread=2.92186e-06
Fitted parameter values
Free:
       pc1 = -1.49579
       pc2 = 0.987919
       pc3 = -1.5921
       pc4 = -0.420598
       pc5 = -0.271535
       pc6 = 0.615434
       pc7 = 0.562522
       pc8 = -0.360932
       pc9 = 0.0484148
      pc10 = -0.823626
      pc11 = -0.203656
      pc12 = 0.0471692
      pc13 = 0.0337326
      pc14 = -0.048688
      pc15 = 0.0581314
Constrained:
   Tgbecnw = 134094
     Tecnw = 25650.1
       Tnw = 17260.7
       Tec = 3935.77
     twoNb = 1.03756e+06
     twoNe = 1.15073e+06
     twoNw = 1.38833e+06
    twoNec = 119152
    twoNnw = 38649.3
  twoNecnw = 65919.5
  twoNbecnw = 17127.4
  twoNgbecnw = 276137
         m = 0.098697
        m2 = 0.0204052
        m5 = 0.129975
        Tb = 14792.9
        Ta = 44996.5
        Te = 1967.89
#       SitePat  BranchLen
              b 123600.5890881
              e 46340.3586090
              c 48191.0317488
              n 45467.5093296
              w 45409.6399678
            b:e 1333.1907669
            b:c 1473.0824894
            b:n 1101.0113641
            b:w 1098.5767079
            e:c 12166.0255206
            e:n 4775.4069517
            e:w 4833.2763136
            c:n 4309.6764179
            c:w 4297.1926651
            n:w 12634.4195342
          b:e:c 1306.8662377
          b:e:n 608.8898571
          b:e:w 611.3245132
          b:c:n 613.0415098
          b:c:w 610.5126402
          b:n:w 1330.6691778
          e:c:n 4457.8796619
          e:c:w 4470.3634147
          e:n:w 5850.0803373
          c:n:w 5052.8472433
        b:e:c:n 1163.0274735
        b:e:c:w 1165.5563431
        b:e:n:w 1912.6447039
        b:c:n:w 1717.7873129
        e:c:n:w 48651.8796568
