########################################
# legofit: estimate population history #
#       version 2.3.4-4-g53f8760       #
########################################

# Program was compiled: Sep 21 2021 14:36:42
# Program was run: Tue Oct 12 19:24:16 2021

# cmd: legofit -1 -d 0 -t 32 --ptsPerDim 3 --stateOut b1boot21.state --tol 3e-6 -S 5000 abe2.lgo ../../chrX/boot_chrX/boot21.opf
# Stage nOptItr nSimReps
#     0    5000        0
# algorithm          : deterministic
# ignoring probs <=  : 0
# Branch length floor: 0
# DE strategy        : 2
#    F               : 0.3
#    CR              : 0.8
#    tolerance       : 3e-06
# nthreads           : 32
# lgo input file     : abe2.lgo
# site pat input file: ../../chrX/boot_chrX/boot21.opf
# free parameters    : 15
# points in DE swarm : 45
# output state file  : b1boot21.state
# Including singleton site patterns.
# cost function      : KL
Initial parameter values
Fixed:
      zero = 0
       one = 1
    Tbecnw = 75200
Free:
       pc1 = 0
       pc2 = 0
       pc3 = 0
       pc4 = 0
       pc5 = 0
       pc6 = 0
       pc7 = 0
       pc8 = 0
       pc9 = 0
      pc10 = 0
      pc11 = 0
      pc12 = 0
      pc13 = 0
      pc14 = 0
      pc15 = 0
Constrained:
   Tgbecnw = 217682
     Tecnw = 26838
       Tnw = 15693.1
       Tec = 5568.54
     twoNb = 905857
     twoNe = 398966
     twoNw = 1.02836e+06
    twoNec = 111434
    twoNnw = 52469.4
  twoNecnw = 64824
  twoNbecnw = 22825.4
  twoNgbecnw = 253735
         m = 0.0956209
        m2 = 0.0226738
        m5 = 0.137222
        Tb = 16203.2
        Ta = 45701.6
        Te = 2784.27
DiffEv reached_goal. cost=2.37348e-03 spread=2.88002e-06
Fitted parameter values
Free:
       pc1 = -1.55117
       pc2 = 1.00314
       pc3 = -1.97359
       pc4 = 0.841398
       pc5 = 0.80924
       pc6 = 0.0102715
       pc7 = 1.57759
       pc8 = 0.222804
       pc9 = -0.447332
      pc10 = -0.710428
      pc11 = -0.380415
      pc12 = -0.0810531
      pc13 = 0.0811737
      pc14 = 0.0065657
      pc15 = 0.00771968
Constrained:
   Tgbecnw = 125009
     Tecnw = 25293.9
       Tnw = 17502.7
       Tec = 1381.83
     twoNb = 1.30651e+06
     twoNe = 26485.4
     twoNw = 1.53976e+06
    twoNec = 134033
    twoNnw = 33771.8
  twoNecnw = 67086.5
  twoNbecnw = 15382.9
  twoNgbecnw = 250396
         m = 0.112692
        m2 = 0.0209436
        m5 = 0.128162
        Tb = 13337.9
        Ta = 44268.9
        Te = 690.917
#       SitePat  BranchLen
              b 123361.8224930
              e 46139.4305149
              c 48043.0381799
              n 44980.0780180
              w 44923.5401302
            b:e 1328.7507950
            b:c 1471.5563546
            b:n 1067.8843384
            b:w 1065.5689925
            e:c 12277.0659693
            e:n 4725.8697904
            e:w 4782.4076783
            c:n 4251.0873939
            c:w 4239.1316919
            n:w 12885.1997530
          b:e:c 1302.1894415
          b:e:n 595.7723841
          b:e:w 598.0877300
          b:c:n 599.9689091
          b:c:w 597.5534244
          b:n:w 1325.8488941
          e:c:n 4339.5014084
          e:c:w 4351.4571105
          e:n:w 5907.0596686
          c:n:w 5074.3753887
        b:e:c:n 1135.6411101
        b:e:c:w 1138.0565948
        b:e:n:w 1932.3361839
        b:c:n:w 1733.0033694
        e:c:n:w 48700.4148712
