########################################
# legofit: estimate population history #
#       version 2.3.4-4-g53f8760       #
########################################

# Program was compiled: Sep 21 2021 14:36:42
# Program was run: Tue Oct 12 19:25:05 2021

# cmd: legofit -1 -d 0 -t 32 --ptsPerDim 3 --stateOut b1boot25.state --tol 3e-6 -S 5000 abe2.lgo ../../chrX/boot_chrX/boot25.opf
# Stage nOptItr nSimReps
#     0    5000        0
# algorithm          : deterministic
# ignoring probs <=  : 0
# Branch length floor: 0
# DE strategy        : 2
#    F               : 0.3
#    CR              : 0.8
#    tolerance       : 3e-06
# nthreads           : 32
# lgo input file     : abe2.lgo
# site pat input file: ../../chrX/boot_chrX/boot25.opf
# free parameters    : 15
# points in DE swarm : 45
# output state file  : b1boot25.state
# Including singleton site patterns.
# cost function      : KL
Initial parameter values
Fixed:
      zero = 0
       one = 1
    Tbecnw = 75200
Free:
       pc1 = 0
       pc2 = 0
       pc3 = 0
       pc4 = 0
       pc5 = 0
       pc6 = 0
       pc7 = 0
       pc8 = 0
       pc9 = 0
      pc10 = 0
      pc11 = 0
      pc12 = 0
      pc13 = 0
      pc14 = 0
      pc15 = 0
Constrained:
   Tgbecnw = 217682
     Tecnw = 26838
       Tnw = 15693.1
       Tec = 5568.54
     twoNb = 905857
     twoNe = 398966
     twoNw = 1.02836e+06
    twoNec = 111434
    twoNnw = 52469.4
  twoNecnw = 64824
  twoNbecnw = 22825.4
  twoNgbecnw = 253735
         m = 0.0956209
        m2 = 0.0226738
        m5 = 0.137222
        Tb = 16203.2
        Ta = 45701.6
        Te = 2784.27
DiffEv reached_goal. cost=2.22404e-03 spread=2.37263e-06
Fitted parameter values
Free:
       pc1 = -0.0941267
       pc2 = 1.52391
       pc3 = -1.99334
       pc4 = 0.474833
       pc5 = -0.913693
       pc6 = 0.99047
       pc7 = 0.623299
       pc8 = -1.19711
       pc9 = -0.0559876
      pc10 = -1.04034
      pc11 = -0.334088
      pc12 = -0.0809108
      pc13 = -0.0885602
      pc14 = -0.061386
      pc15 = -0.0596395
Constrained:
   Tgbecnw = 138172
     Tecnw = 26516.7
       Tnw = 15010.4
       Tec = 1440.63
     twoNb = 1.13716e+06
     twoNe = 1.40703e+06
     twoNw = 1.84872e+06
    twoNec = 133994
    twoNnw = 50341.5
  twoNecnw = 63446.1
  twoNbecnw = 17722.9
  twoNgbecnw = 306396
         m = 0.0898892
        m2 = 0.0212038
        m5 = 0.138205
        Tb = 13978.6
        Ta = 44589.3
        Te = 720.314
#       SitePat  BranchLen
              b 124417.7406739
              e 46217.0354251
              c 48299.8804409
              n 45139.6833585
              w 45094.9723351
            b:e 1340.8441068
            b:c 1495.6554255
            b:n 1098.3127305
            b:w 1096.4986841
            e:c 12343.7394993
            e:n 4731.5215089
            e:w 4776.2325323
            c:n 4191.3391414
            c:w 4182.1885274
            n:w 12991.7480020
          b:e:c 1328.5095254
          b:e:n 606.3501257
          b:e:w 608.1641721
          b:c:n 609.9546684
          b:c:w 608.0735765
          b:n:w 1355.2738777
          e:c:n 4407.5100651
          e:c:w 4416.6606792
          e:n:w 5943.0926503
          c:n:w 5054.7899097
        b:e:c:n 1157.7109183
        b:e:c:w 1159.5920102
        b:e:n:w 1968.3176003
        b:c:n:w 1749.6764085
        e:c:n:w 49595.3938360
