########################################
# legofit: estimate population history #
#       version 2.3.4-4-g53f8760       #
########################################

# Program was compiled: Sep 21 2021 14:36:42
# Program was run: Tue Oct 12 19:18:17 2021

# cmd: legofit -1 -d 0 -t 32 --ptsPerDim 3 --stateOut b1boot4.state --tol 3e-6 -S 5000 abe2.lgo ../../chrX/boot_chrX/boot4.opf
# Stage nOptItr nSimReps
#     0    5000        0
# algorithm          : deterministic
# ignoring probs <=  : 0
# Branch length floor: 0
# DE strategy        : 2
#    F               : 0.3
#    CR              : 0.8
#    tolerance       : 3e-06
# nthreads           : 32
# lgo input file     : abe2.lgo
# site pat input file: ../../chrX/boot_chrX/boot4.opf
# free parameters    : 15
# points in DE swarm : 45
# output state file  : b1boot4.state
# Including singleton site patterns.
# cost function      : KL
Initial parameter values
Fixed:
      zero = 0
       one = 1
    Tbecnw = 75200
Free:
       pc1 = 0
       pc2 = 0
       pc3 = 0
       pc4 = 0
       pc5 = 0
       pc6 = 0
       pc7 = 0
       pc8 = 0
       pc9 = 0
      pc10 = 0
      pc11 = 0
      pc12 = 0
      pc13 = 0
      pc14 = 0
      pc15 = 0
Constrained:
   Tgbecnw = 217682
     Tecnw = 26838
       Tnw = 15693.1
       Tec = 5568.54
     twoNb = 905857
     twoNe = 398966
     twoNw = 1.02836e+06
    twoNec = 111434
    twoNnw = 52469.4
  twoNecnw = 64824
  twoNbecnw = 22825.4
  twoNgbecnw = 253735
         m = 0.0956209
        m2 = 0.0226738
        m5 = 0.137222
        Tb = 16203.2
        Ta = 45701.6
        Te = 2784.27
DiffEv reached_goal. cost=2.38647e-03 spread=2.73884e-06
Fitted parameter values
Free:
       pc1 = -0.27958
       pc2 = 1.1351
       pc3 = -1.91436
       pc4 = 1.3047
       pc5 = -1.39607
       pc6 = 1.25722
       pc7 = 0.835566
       pc8 = -0.485495
       pc9 = -0.464034
      pc10 = -0.54201
      pc11 = -0.197707
      pc12 = 0.110479
      pc13 = 0.0163521
      pc14 = 0.0893841
      pc15 = 0.0135172
Constrained:
   Tgbecnw = 147711
     Tecnw = 26314.6
       Tnw = 17598.9
       Tec = 981.733
     twoNb = 1.20989e+06
     twoNe = 1.00091e+06
     twoNw = 1.87097e+06
    twoNec = 136245
    twoNnw = 38769.1
  twoNecnw = 64065.6
  twoNbecnw = 19677.3
  twoNgbecnw = 308611
         m = 0.0872051
        m2 = 0.0212949
        m5 = 0.148733
        Tb = 13648.2
        Ta = 44424.1
        Te = 490.866
#       SitePat  BranchLen
              b 125249.2119276
              e 46337.5186783
              c 48507.7568491
              n 45578.6335822
              w 45522.6139836
            b:e 1358.1668816
            b:c 1525.2864292
            b:n 1123.3635530
            b:w 1121.0015604
            e:c 12384.0923398
            e:n 4832.5176284
            e:w 4888.5372270
            c:n 4289.0190049
            c:w 4277.1241179
            n:w 12743.9574763
          b:e:c 1337.9622802
          b:e:n 621.3396706
          b:e:w 623.7016632
          b:c:n 625.3844134
          b:c:w 622.9466783
          b:n:w 1366.2617778
          e:c:n 4497.2267885
          e:c:w 4509.1216755
          e:n:w 6076.7675469
          c:n:w 5127.8085370
        b:e:c:n 1175.2665061
        b:e:c:w 1177.7042411
        b:e:n:w 1999.1535362
        b:c:n:w 1762.3767790
        e:c:n:w 49870.0513774
