########################################
# legofit: estimate population history #
#       version 2.3.4-4-g53f8760       #
########################################

# Program was compiled: Sep 21 2021 14:36:42
# Program was run: Tue Oct 12 19:23:04 2021

# cmd: legofit -1 -d 0 -t 32 --ptsPerDim 3 --stateOut b1boot18.state --tol 3e-6 -S 5000 abe2.lgo ../../chrX/boot_chrX/boot18.opf
# Stage nOptItr nSimReps
#     0    5000        0
# algorithm          : deterministic
# ignoring probs <=  : 0
# Branch length floor: 0
# DE strategy        : 2
#    F               : 0.3
#    CR              : 0.8
#    tolerance       : 3e-06
# nthreads           : 32
# lgo input file     : abe2.lgo
# site pat input file: ../../chrX/boot_chrX/boot18.opf
# free parameters    : 15
# points in DE swarm : 45
# output state file  : b1boot18.state
# Including singleton site patterns.
# cost function      : KL
Initial parameter values
Fixed:
      zero = 0
       one = 1
    Tbecnw = 75200
Free:
       pc1 = 0
       pc2 = 0
       pc3 = 0
       pc4 = 0
       pc5 = 0
       pc6 = 0
       pc7 = 0
       pc8 = 0
       pc9 = 0
      pc10 = 0
      pc11 = 0
      pc12 = 0
      pc13 = 0
      pc14 = 0
      pc15 = 0
Constrained:
   Tgbecnw = 217682
     Tecnw = 26838
       Tnw = 15693.1
       Tec = 5568.54
     twoNb = 905857
     twoNe = 398966
     twoNw = 1.02836e+06
    twoNec = 111434
    twoNnw = 52469.4
  twoNecnw = 64824
  twoNbecnw = 22825.4
  twoNgbecnw = 253735
         m = 0.0956209
        m2 = 0.0226738
        m5 = 0.137222
        Tb = 16203.2
        Ta = 45701.6
        Te = 2784.27
DiffEv reached_goal. cost=2.35883e-03 spread=2.69581e-06
Fitted parameter values
Free:
       pc1 = -1.66049
       pc2 = 0.733285
       pc3 = -1.94323
       pc4 = 1.61704
       pc5 = -1.72856
       pc6 = 0.732991
       pc7 = 0.858448
       pc8 = -1.77439
       pc9 = -0.918559
      pc10 = -0.616971
      pc11 = -0.152208
      pc12 = 0.0916013
      pc13 = 0.17054
      pc14 = -0.0815217
      pc15 = 0.145489
Constrained:
   Tgbecnw = 132405
     Tecnw = 25336.6
       Tnw = 19302.1
       Tec = 3260.79
     twoNb = 992147
     twoNe = 1.26099e+06
     twoNw = 2.28115e+06
    twoNec = 125631
    twoNnw = 27835.2
  twoNecnw = 66099.7
  twoNbecnw = 16636.2
  twoNgbecnw = 285829
         m = 0.0990302
        m2 = 0.0226521
        m5 = 0.146995
        Tb = 14298.7
        Ta = 44749.3
        Te = 1630.39
#       SitePat  BranchLen
              b 124307.4634467
              e 46348.2363337
              c 48381.4554168
              n 45390.4927762
              w 45345.3573449
            b:e 1353.8452308
            b:c 1515.4927703
            b:n 1090.9691380
            b:w 1089.0342034
            e:c 11866.4264621
            e:n 4853.9983228
            e:w 4899.1337542
            c:n 4346.3053097
            c:w 4336.3650575
            n:w 12332.3324346
          b:e:c 1290.0216593
          b:e:n 614.7936265
          b:e:w 616.7285610
          b:c:n 618.7523042
          b:c:w 616.7392329
          b:n:w 1314.7153835
          e:c:n 4416.6328723
          e:c:w 4426.5731245
          e:n:w 5983.7117136
          c:n:w 5087.1440451
        b:e:c:n 1155.8927698
        b:e:c:w 1157.9058411
        b:e:n:w 2009.9663881
        b:c:n:w 1778.1597625
        e:c:n:w 49536.6138546
