########################################
# legofit: estimate population history #
#       version 2.3.4-4-g53f8760       #
########################################

# Program was compiled: Sep 21 2021 14:36:42
# Program was run: Tue Oct 12 19:21:54 2021

# cmd: legofit -1 -d 0 -t 32 --ptsPerDim 3 --stateOut b1boot13.state --tol 3e-6 -S 5000 abe2.lgo ../../chrX/boot_chrX/boot13.opf
# Stage nOptItr nSimReps
#     0    5000        0
# algorithm          : deterministic
# ignoring probs <=  : 0
# Branch length floor: 0
# DE strategy        : 2
#    F               : 0.3
#    CR              : 0.8
#    tolerance       : 3e-06
# nthreads           : 32
# lgo input file     : abe2.lgo
# site pat input file: ../../chrX/boot_chrX/boot13.opf
# free parameters    : 15
# points in DE swarm : 45
# output state file  : b1boot13.state
# Including singleton site patterns.
# cost function      : KL
Initial parameter values
Fixed:
      zero = 0
       one = 1
    Tbecnw = 75200
Free:
       pc1 = 0
       pc2 = 0
       pc3 = 0
       pc4 = 0
       pc5 = 0
       pc6 = 0
       pc7 = 0
       pc8 = 0
       pc9 = 0
      pc10 = 0
      pc11 = 0
      pc12 = 0
      pc13 = 0
      pc14 = 0
      pc15 = 0
Constrained:
   Tgbecnw = 217682
     Tecnw = 26838
       Tnw = 15693.1
       Tec = 5568.54
     twoNb = 905857
     twoNe = 398966
     twoNw = 1.02836e+06
    twoNec = 111434
    twoNnw = 52469.4
  twoNecnw = 64824
  twoNbecnw = 22825.4
  twoNgbecnw = 253735
         m = 0.0956209
        m2 = 0.0226738
        m5 = 0.137222
        Tb = 16203.2
        Ta = 45701.6
        Te = 2784.27
DiffEv reached_goal. cost=2.35191e-03 spread=2.37873e-06
Fitted parameter values
Free:
       pc1 = 0.236741
       pc2 = 1.27413
       pc3 = -1.66111
       pc4 = 1.57313
       pc5 = -0.796408
       pc6 = 1.49912
       pc7 = 0.458222
       pc8 = -1.42817
       pc9 = -0.201599
      pc10 = -0.588556
      pc11 = 0.0624779
      pc12 = -0.0099286
      pc13 = -0.163259
      pc14 = -0.00522937
      pc15 = -0.027034
Constrained:
   Tgbecnw = 147891
     Tecnw = 27202.3
       Tnw = 15835.3
       Tec = 1606.52
     twoNb = 1.26885e+06
     twoNe = 1.264e+06
     twoNw = 2.02811e+06
    twoNec = 133958
    twoNnw = 50959.9
  twoNecnw = 62842.7
  twoNbecnw = 20330.2
  twoNgbecnw = 264144
         m = 0.0995498
        m2 = 0.0220108
        m5 = 0.147106
        Tb = 14404.4
        Ta = 44802.2
        Te = 803.261
#       SitePat  BranchLen
              b 125479.4478877
              e 46741.2626825
              c 48923.2461152
              n 45943.1162687
              w 45897.0181498
            b:e 1350.9032528
            b:c 1515.1793144
            b:n 1117.1788310
            b:w 1115.2992331
            e:c 12443.6396765
            e:n 4802.9599653
            e:w 4849.0580842
            c:n 4238.9595712
            c:w 4229.4624495
            n:w 12885.9527596
          b:e:c 1328.5496805
          b:e:n 613.1043348
          b:e:w 614.9839327
          b:c:n 616.4376925
          b:c:w 614.5027464
          b:n:w 1359.9051880
          e:c:n 4503.7134073
          e:c:w 4513.2105290
          e:n:w 6030.6926688
          c:n:w 5098.0378104
        b:e:c:n 1164.7968286
        b:e:c:w 1166.7317747
        b:e:n:w 1981.6124864
        b:c:n:w 1748.7516764
        e:c:n:w 49682.1657488
