########################################
# legofit: estimate population history #
#       version 2.3.4-4-g53f8760       #
########################################

# Program was compiled: Sep 21 2021 14:36:42
# Program was run: Tue Oct 12 19:32:05 2021

# cmd: legofit -1 -d 0 -t 32 --ptsPerDim 3 --stateOut b1boot48.state --tol 3e-6 -S 5000 abe2.lgo ../../chrX/boot_chrX/boot48.opf
# Stage nOptItr nSimReps
#     0    5000        0
# algorithm          : deterministic
# ignoring probs <=  : 0
# Branch length floor: 0
# DE strategy        : 2
#    F               : 0.3
#    CR              : 0.8
#    tolerance       : 3e-06
# nthreads           : 32
# lgo input file     : abe2.lgo
# site pat input file: ../../chrX/boot_chrX/boot48.opf
# free parameters    : 15
# points in DE swarm : 45
# output state file  : b1boot48.state
# Including singleton site patterns.
# cost function      : KL
Initial parameter values
Fixed:
      zero = 0
       one = 1
    Tbecnw = 75200
Free:
       pc1 = 0
       pc2 = 0
       pc3 = 0
       pc4 = 0
       pc5 = 0
       pc6 = 0
       pc7 = 0
       pc8 = 0
       pc9 = 0
      pc10 = 0
      pc11 = 0
      pc12 = 0
      pc13 = 0
      pc14 = 0
      pc15 = 0
Constrained:
   Tgbecnw = 217682
     Tecnw = 26838
       Tnw = 15693.1
       Tec = 5568.54
     twoNb = 905857
     twoNe = 398966
     twoNw = 1.02836e+06
    twoNec = 111434
    twoNnw = 52469.4
  twoNecnw = 64824
  twoNbecnw = 22825.4
  twoNgbecnw = 253735
         m = 0.0956209
        m2 = 0.0226738
        m5 = 0.137222
        Tb = 16203.2
        Ta = 45701.6
        Te = 2784.27
DiffEv reached_goal. cost=2.19074e-03 spread=2.20743e-06
Fitted parameter values
Free:
       pc1 = -1.21515
       pc2 = 0.482077
       pc3 = -1.92579
       pc4 = 0.819074
       pc5 = -0.717216
       pc6 = -0.0345236
       pc7 = 1.70604
       pc8 = -0.347347
       pc9 = -0.908555
      pc10 = -0.615517
      pc11 = 0.633192
      pc12 = 0.132994
      pc13 = 0.00930888
      pc14 = -0.055145
      pc15 = 0.137708
Constrained:
   Tgbecnw = 132876
     Tecnw = 25609.1
       Tnw = 20613.9
       Tec = 2071.2
     twoNb = 1.08112e+06
     twoNe = 375008
     twoNw = 1.74829e+06
    twoNec = 133162
    twoNnw = 22146.6
  twoNecnw = 63794.2
  twoNbecnw = 16921.4
  twoNgbecnw = 287760
         m = 0.0917052
        m2 = 0.0224324
        m5 = 0.132892
        Tb = 13840.1
        Ta = 44520.1
        Te = 1035.6
#       SitePat  BranchLen
              b 122717.9109317
              e 46104.3557742
              c 47954.9615860
              n 45209.0323207
              w 45151.1426112
            b:e 1362.1605635
            b:c 1512.3130431
            b:n 1094.1614233
            b:w 1091.6370186
            e:c 12041.5180064
            e:n 4714.8362633
            e:w 4772.7259728
            c:n 4273.5498852
            c:w 4260.6893408
            n:w 12341.9831579
          b:e:c 1317.6354558
          b:e:n 611.6363069
          b:e:w 614.1607116
          b:c:n 616.0223021
          b:c:w 613.3988489
          b:n:w 1340.6699024
          e:c:n 4416.6127601
          e:c:w 4429.4733045
          e:n:w 5993.7320859
          c:n:w 5153.2019206
        b:e:c:n 1156.7047357
        b:e:c:w 1159.3281888
        b:e:n:w 1983.2665004
        b:c:n:w 1772.7372276
        e:c:n:w 48285.5966972
