########################################
# legofit: estimate population history #
#       version 2.3.4-4-g53f8760       #
########################################

# Program was compiled: Sep 21 2021 14:36:42
# Program was run: Tue Oct 12 19:23:42 2021

# cmd: legofit -1 -d 0 -t 32 --ptsPerDim 3 --stateOut b1boot20.state --tol 3e-6 -S 5000 abe2.lgo ../../chrX/boot_chrX/boot20.opf
# Stage nOptItr nSimReps
#     0    5000        0
# algorithm          : deterministic
# ignoring probs <=  : 0
# Branch length floor: 0
# DE strategy        : 2
#    F               : 0.3
#    CR              : 0.8
#    tolerance       : 3e-06
# nthreads           : 32
# lgo input file     : abe2.lgo
# site pat input file: ../../chrX/boot_chrX/boot20.opf
# free parameters    : 15
# points in DE swarm : 45
# output state file  : b1boot20.state
# Including singleton site patterns.
# cost function      : KL
Initial parameter values
Fixed:
      zero = 0
       one = 1
    Tbecnw = 75200
Free:
       pc1 = 0
       pc2 = 0
       pc3 = 0
       pc4 = 0
       pc5 = 0
       pc6 = 0
       pc7 = 0
       pc8 = 0
       pc9 = 0
      pc10 = 0
      pc11 = 0
      pc12 = 0
      pc13 = 0
      pc14 = 0
      pc15 = 0
Constrained:
   Tgbecnw = 217682
     Tecnw = 26838
       Tnw = 15693.1
       Tec = 5568.54
     twoNb = 905857
     twoNe = 398966
     twoNw = 1.02836e+06
    twoNec = 111434
    twoNnw = 52469.4
  twoNecnw = 64824
  twoNbecnw = 22825.4
  twoNgbecnw = 253735
         m = 0.0956209
        m2 = 0.0226738
        m5 = 0.137222
        Tb = 16203.2
        Ta = 45701.6
        Te = 2784.27
DiffEv reached_goal. cost=2.22593e-03 spread=2.86743e-06
Fitted parameter values
Free:
       pc1 = -2.17361
       pc2 = 1.03947
       pc3 = -1.60922
       pc4 = 0.844018
       pc5 = -0.493462
       pc6 = 0.501724
       pc7 = 1.63055
       pc8 = -0.993548
       pc9 = -1.33096
      pc10 = -0.852322
      pc11 = -0.3162
      pc12 = 0.0741209
      pc13 = 0.174238
      pc14 = 0.0415961
      pc15 = 0.0999206
Constrained:
   Tgbecnw = 120593
     Tecnw = 24554
       Tnw = 19279.6
       Tec = 2265.2
     twoNb = 1.254e+06
     twoNe = 950912
     twoNw = 1.80444e+06
    twoNec = 125227
    twoNnw = 22937
  twoNecnw = 67304.9
  twoNbecnw = 13987.8
  twoNgbecnw = 269751
         m = 0.105198
        m2 = 0.0226687
        m5 = 0.135875
        Tb = 13409.6
        Ta = 44304.8
        Te = 1132.6
#       SitePat  BranchLen
              b 122336.8664129
              e 45690.1292944
              c 47646.3522853
              n 44572.0304440
              w 44518.8494393
            b:e 1321.3577268
            b:c 1472.7868609
            b:n 1053.1210526
            b:w 1050.8840014
            e:c 12060.6116769
            e:n 4733.1272869
            e:w 4786.3082916
            c:n 4255.0792451
            c:w 4243.4330658
            n:w 12587.2303507
          b:e:c 1285.8805845
          b:e:n 592.2143186
          b:e:w 594.4513697
          b:c:n 596.6390867
          b:c:w 594.2964821
          b:n:w 1310.0137888
          e:c:n 4310.6034349
          e:c:w 4322.2496141
          e:n:w 5931.4429620
          c:n:w 5057.1261597
        b:e:c:n 1126.3300642
        b:e:c:w 1128.6726688
        b:e:n:w 1975.1032836
        b:c:n:w 1758.4213147
        e:c:n:w 48338.5566619
