########################################
# legofit: estimate population history #
#       version 2.3.4-4-g53f8760       #
########################################

# Program was compiled: Sep 21 2021 14:36:42
# Program was run: Tue Oct 12 19:26:28 2021

# cmd: legofit -1 -d 0 -t 32 --ptsPerDim 3 --stateOut b1boot29.state --tol 3e-6 -S 5000 abe2.lgo ../../chrX/boot_chrX/boot29.opf
# Stage nOptItr nSimReps
#     0    5000        0
# algorithm          : deterministic
# ignoring probs <=  : 0
# Branch length floor: 0
# DE strategy        : 2
#    F               : 0.3
#    CR              : 0.8
#    tolerance       : 3e-06
# nthreads           : 32
# lgo input file     : abe2.lgo
# site pat input file: ../../chrX/boot_chrX/boot29.opf
# free parameters    : 15
# points in DE swarm : 45
# output state file  : b1boot29.state
# Including singleton site patterns.
# cost function      : KL
Initial parameter values
Fixed:
      zero = 0
       one = 1
    Tbecnw = 75200
Free:
       pc1 = 0
       pc2 = 0
       pc3 = 0
       pc4 = 0
       pc5 = 0
       pc6 = 0
       pc7 = 0
       pc8 = 0
       pc9 = 0
      pc10 = 0
      pc11 = 0
      pc12 = 0
      pc13 = 0
      pc14 = 0
      pc15 = 0
Constrained:
   Tgbecnw = 217682
     Tecnw = 26838
       Tnw = 15693.1
       Tec = 5568.54
     twoNb = 905857
     twoNe = 398966
     twoNw = 1.02836e+06
    twoNec = 111434
    twoNnw = 52469.4
  twoNecnw = 64824
  twoNbecnw = 22825.4
  twoNgbecnw = 253735
         m = 0.0956209
        m2 = 0.0226738
        m5 = 0.137222
        Tb = 16203.2
        Ta = 45701.6
        Te = 2784.27
DiffEv reached_goal. cost=2.31341e-03 spread=2.63030e-06
Fitted parameter values
Free:
       pc1 = 0.180312
       pc2 = 1.70697
       pc3 = -1.88116
       pc4 = 1.92969
       pc5 = -1.74399
       pc6 = -0.0275001
       pc7 = 0.148656
       pc8 = -0.238063
       pc9 = -0.42438
      pc10 = -1.85682
      pc11 = 0.436562
      pc12 = -0.40433
      pc13 = -0.186117
      pc14 = -0.098559
      pc15 = 0.0530473
Constrained:
   Tgbecnw = 118792
     Tecnw = 26614.5
       Tnw = 15757.4
       Tec = 1780.54
     twoNb = 986228
     twoNe = 449639
     twoNw = 1.96664e+06
    twoNec = 129445
    twoNnw = 50069.6
  twoNecnw = 58314
  twoNbecnw = 13120.5
  twoNgbecnw = 321906
         m = 0.0827862
        m2 = 0.0212577
        m5 = 0.153124
        Tb = 14197.5
        Ta = 44698.8
        Te = 890.271
#       SitePat  BranchLen
              b 120506.5711779
              e 44814.8944065
              c 46909.2371324
              n 44309.3615158
              w 44262.5686632
            b:e 1251.2573715
            b:c 1408.9071002
            b:n 1038.0380458
            b:w 1036.1762716
            e:c 11751.7744514
            e:n 4581.3155278
            e:w 4628.1083803
            c:n 4039.4747535
            c:w 4029.8414308
            n:w 12012.5822731
          b:e:c 1237.6331743
          b:e:n 576.3899498
          b:e:w 578.2517240
          b:c:n 580.5898200
          b:c:w 578.6434803
          b:n:w 1258.4884216
          e:c:n 4314.0117278
          e:c:w 4323.6450504
          e:n:w 5717.6967026
          c:n:w 4823.7225566
        b:e:c:n 1107.1687219
        b:e:c:w 1109.1150616
        b:e:n:w 1854.9245883
        b:c:n:w 1632.4223554
        e:c:n:w 47908.3905541
