########################################
# legofit: estimate population history #
#       version 2.3.4-4-g53f8760       #
########################################

# Program was compiled: Sep 21 2021 14:36:42
# Program was run: Tue Oct 12 19:28:15 2021

# cmd: legofit -1 -d 0 -t 32 --ptsPerDim 3 --stateOut b1boot36.state --tol 3e-6 -S 5000 abe2.lgo ../../chrX/boot_chrX/boot36.opf
# Stage nOptItr nSimReps
#     0    5000        0
# algorithm          : deterministic
# ignoring probs <=  : 0
# Branch length floor: 0
# DE strategy        : 2
#    F               : 0.3
#    CR              : 0.8
#    tolerance       : 3e-06
# nthreads           : 32
# lgo input file     : abe2.lgo
# site pat input file: ../../chrX/boot_chrX/boot36.opf
# free parameters    : 15
# points in DE swarm : 45
# output state file  : b1boot36.state
# Including singleton site patterns.
# cost function      : KL
Initial parameter values
Fixed:
      zero = 0
       one = 1
    Tbecnw = 75200
Free:
       pc1 = 0
       pc2 = 0
       pc3 = 0
       pc4 = 0
       pc5 = 0
       pc6 = 0
       pc7 = 0
       pc8 = 0
       pc9 = 0
      pc10 = 0
      pc11 = 0
      pc12 = 0
      pc13 = 0
      pc14 = 0
      pc15 = 0
Constrained:
   Tgbecnw = 217682
     Tecnw = 26838
       Tnw = 15693.1
       Tec = 5568.54
     twoNb = 905857
     twoNe = 398966
     twoNw = 1.02836e+06
    twoNec = 111434
    twoNnw = 52469.4
  twoNecnw = 64824
  twoNbecnw = 22825.4
  twoNgbecnw = 253735
         m = 0.0956209
        m2 = 0.0226738
        m5 = 0.137222
        Tb = 16203.2
        Ta = 45701.6
        Te = 2784.27
DiffEv reached_goal. cost=2.30585e-03 spread=2.52196e-06
Fitted parameter values
Free:
       pc1 = -1.77177
       pc2 = 0.659788
       pc3 = -1.63365
       pc4 = 0.827159
       pc5 = 0.235763
       pc6 = 0.864704
       pc7 = 1.23081
       pc8 = -1.76606
       pc9 = 0.0861805
      pc10 = -0.553722
      pc11 = 0.562467
      pc12 = -0.041876
      pc13 = 0.0494217
      pc14 = 0.0579351
      pc15 = 0.0722871
Constrained:
   Tgbecnw = 135764
     Tecnw = 25986.1
       Tnw = 18792.3
       Tec = 4748.58
     twoNb = 1.24728e+06
     twoNe = 1.11356e+06
     twoNw = 2.00137e+06
    twoNec = 115823
    twoNnw = 32729.8
  twoNecnw = 65205.5
  twoNbecnw = 18543.8
  twoNgbecnw = 225150
         m = 0.122402
        m2 = 0.0219892
        m5 = 0.127021
        Tb = 15367.3
        Ta = 45283.7
        Te = 2374.29
#       SitePat  BranchLen
              b 125694.6708875
              e 46809.6037834
              c 48608.1714176
              n 45852.1161538
              w 45810.5507357
            b:e 1363.9130475
            b:c 1505.2256713
            b:n 1104.3081619
            b:w 1102.5306380
            e:c 12241.2276904
            e:n 4773.6308831
            e:w 4815.1963012
            c:n 4324.4269332
            c:w 4315.2464559
            n:w 12667.7006382
          b:e:c 1316.7544320
          b:e:n 608.5658378
          b:e:w 610.3433617
          b:c:n 611.7485915
          b:c:w 609.9104261
          b:n:w 1346.1289057
          e:c:n 4522.1493562
          e:c:w 4531.3298335
          e:n:w 5976.0782211
          c:n:w 5180.8323948
        b:e:c:n 1159.5613510
        b:e:c:w 1161.3995164
        b:e:n:w 1960.7369682
        b:c:n:w 1762.5064729
        e:c:n:w 50067.8139773
