########################################
# legofit: estimate population history #
#       version 2.3.4-4-g53f8760       #
########################################

# Program was compiled: Sep 21 2021 14:36:42
# Program was run: Tue Oct 12 19:30:41 2021

# cmd: legofit -1 -d 0 -t 32 --ptsPerDim 3 --stateOut b1boot43.state --tol 3e-6 -S 5000 abe2.lgo ../../chrX/boot_chrX/boot43.opf
# Stage nOptItr nSimReps
#     0    5000        0
# algorithm          : deterministic
# ignoring probs <=  : 0
# Branch length floor: 0
# DE strategy        : 2
#    F               : 0.3
#    CR              : 0.8
#    tolerance       : 3e-06
# nthreads           : 32
# lgo input file     : abe2.lgo
# site pat input file: ../../chrX/boot_chrX/boot43.opf
# free parameters    : 15
# points in DE swarm : 45
# output state file  : b1boot43.state
# Including singleton site patterns.
# cost function      : KL
Initial parameter values
Fixed:
      zero = 0
       one = 1
    Tbecnw = 75200
Free:
       pc1 = 0
       pc2 = 0
       pc3 = 0
       pc4 = 0
       pc5 = 0
       pc6 = 0
       pc7 = 0
       pc8 = 0
       pc9 = 0
      pc10 = 0
      pc11 = 0
      pc12 = 0
      pc13 = 0
      pc14 = 0
      pc15 = 0
Constrained:
   Tgbecnw = 217682
     Tecnw = 26838
       Tnw = 15693.1
       Tec = 5568.54
     twoNb = 905857
     twoNe = 398966
     twoNw = 1.02836e+06
    twoNec = 111434
    twoNnw = 52469.4
  twoNecnw = 64824
  twoNbecnw = 22825.4
  twoNgbecnw = 253735
         m = 0.0956209
        m2 = 0.0226738
        m5 = 0.137222
        Tb = 16203.2
        Ta = 45701.6
        Te = 2784.27
DiffEv reached_goal. cost=2.28941e-03 spread=2.31585e-06
Fitted parameter values
Free:
       pc1 = 0.884942
       pc2 = 1.99246
       pc3 = -1.32097
       pc4 = 1.57128
       pc5 = -0.202169
       pc6 = 1.38294
       pc7 = 1.70124
       pc8 = 0.525789
       pc9 = -0.0515218
      pc10 = -1.17208
      pc11 = -0.273102
      pc12 = -0.0998285
      pc13 = -0.0890032
      pc14 = -0.116013
      pc15 = -0.156929
Constrained:
   Tgbecnw = 142375
     Tecnw = 26956.3
       Tnw = 14451
       Tec = 314.835
     twoNb = 1.77812e+06
     twoNe = 321707
     twoNw = 1.58086e+06
    twoNec = 145903
    twoNnw = 53369.2
  twoNecnw = 61685.4
  twoNbecnw = 18598.4
  twoNgbecnw = 314558
         m = 0.0814249
        m2 = 0.0209988
        m5 = 0.144696
        Tb = 13635.5
        Ta = 44417.8
        Te = 157.418
#       SitePat  BranchLen
              b 123083.6957198
              e 46233.9295395
              c 48465.3755144
              n 44937.2401102
              w 44882.0388017
            b:e 1330.3384592
            b:c 1492.0406418
            b:n 1097.5811425
            b:w 1095.3576338
            e:c 12208.1690790
            e:n 4740.5687899
            e:w 4795.7700984
            c:n 4166.5000952
            c:w 4155.3668218
            n:w 13057.0972375
          b:e:c 1328.7255607
          b:e:n 609.6615917
          b:e:w 611.8851005
          b:c:n 613.6043167
          b:c:w 611.3056870
          b:n:w 1355.7304071
          e:c:n 4381.7910088
          e:c:w 4392.9242822
          e:n:w 6044.3803844
          c:n:w 5091.4416266
        b:e:c:n 1151.3173600
        b:e:c:w 1153.6159897
        b:e:n:w 1965.2640523
        b:c:n:w 1736.1632927
        e:c:n:w 48287.9457834
