########################################
# legofit: estimate population history #
#       version 2.3.4-4-g53f8760       #
########################################

# Program was compiled: Sep 21 2021 14:36:42
# Program was run: Tue Oct 12 19:22:41 2021

# cmd: legofit -1 -d 0 -t 32 --ptsPerDim 3 --stateOut b1boot17.state --tol 3e-6 -S 5000 abe2.lgo ../../chrX/boot_chrX/boot17.opf
# Stage nOptItr nSimReps
#     0    5000        0
# algorithm          : deterministic
# ignoring probs <=  : 0
# Branch length floor: 0
# DE strategy        : 2
#    F               : 0.3
#    CR              : 0.8
#    tolerance       : 3e-06
# nthreads           : 32
# lgo input file     : abe2.lgo
# site pat input file: ../../chrX/boot_chrX/boot17.opf
# free parameters    : 15
# points in DE swarm : 45
# output state file  : b1boot17.state
# Including singleton site patterns.
# cost function      : KL
Initial parameter values
Fixed:
      zero = 0
       one = 1
    Tbecnw = 75200
Free:
       pc1 = 0
       pc2 = 0
       pc3 = 0
       pc4 = 0
       pc5 = 0
       pc6 = 0
       pc7 = 0
       pc8 = 0
       pc9 = 0
      pc10 = 0
      pc11 = 0
      pc12 = 0
      pc13 = 0
      pc14 = 0
      pc15 = 0
Constrained:
   Tgbecnw = 217682
     Tecnw = 26838
       Tnw = 15693.1
       Tec = 5568.54
     twoNb = 905857
     twoNe = 398966
     twoNw = 1.02836e+06
    twoNec = 111434
    twoNnw = 52469.4
  twoNecnw = 64824
  twoNbecnw = 22825.4
  twoNgbecnw = 253735
         m = 0.0956209
        m2 = 0.0226738
        m5 = 0.137222
        Tb = 16203.2
        Ta = 45701.6
        Te = 2784.27
DiffEv reached_goal. cost=2.27886e-03 spread=2.64835e-06
Fitted parameter values
Free:
       pc1 = -2.27845
       pc2 = 0.593503
       pc3 = 0.213181
       pc4 = 1.61557
       pc5 = -1.22654
       pc6 = -0.0373524
       pc7 = 0.490197
       pc8 = -0.680209
       pc9 = -1.10597
      pc10 = -0.627815
      pc11 = 0.174985
      pc12 = -0.0246486
      pc13 = -0.148027
      pc14 = 0.128409
      pc15 = 0.0717511
Constrained:
   Tgbecnw = 124318
     Tecnw = 25194.1
       Tnw = 19357.8
       Tec = 6921.25
     twoNb = 1.04774e+06
     twoNe = 529825
     twoNw = 1.61219e+06
    twoNec = 86189
    twoNnw = 25757.6
  twoNecnw = 65961.3
  twoNbecnw = 14943.6
  twoNgbecnw = 262140
         m = 0.106841
        m2 = 0.0238145
        m5 = 0.15157
        Tb = 16057.7
        Ta = 45628.8
        Te = 3460.62
#       SitePat  BranchLen
              b 122698.7021249
              e 45420.5864715
              c 47581.5047198
              n 45012.9154013
              w 44955.9845329
            b:e 1280.2969172
            b:c 1448.9400481
            b:n 1057.6221874
            b:w 1055.1969854
            e:c 12395.0221900
            e:n 4663.1644794
            e:w 4720.0953479
            c:n 4133.1305339
            c:w 4120.4116329
            n:w 12540.9912240
          b:e:c 1292.4155166
          b:e:n 573.0676104
          b:e:w 575.4928124
          b:c:n 577.7239722
          b:c:w 575.1928364
          b:n:w 1325.3970570
          e:c:n 4418.9744181
          e:c:w 4431.6933192
          e:n:w 5853.2623412
          c:n:w 4891.5258571
        b:e:c:n 1124.1950161
        b:e:c:w 1126.7261519
        b:e:n:w 1945.4863828
        b:c:n:w 1703.0227224
        e:c:n:w 48538.9996033
