########################################
# legofit: estimate population history #
#       version 2.3.4-4-g53f8760       #
########################################

# Program was compiled: Sep 21 2021 14:36:42
# Program was run: Tue Oct 12 19:26:31 2021

# cmd: legofit -1 -d 0 -t 32 --ptsPerDim 3 --stateOut b1boot30.state --tol 3e-6 -S 5000 abe2.lgo ../../chrX/boot_chrX/boot30.opf
# Stage nOptItr nSimReps
#     0    5000        0
# algorithm          : deterministic
# ignoring probs <=  : 0
# Branch length floor: 0
# DE strategy        : 2
#    F               : 0.3
#    CR              : 0.8
#    tolerance       : 3e-06
# nthreads           : 32
# lgo input file     : abe2.lgo
# site pat input file: ../../chrX/boot_chrX/boot30.opf
# free parameters    : 15
# points in DE swarm : 45
# output state file  : b1boot30.state
# Including singleton site patterns.
# cost function      : KL
Initial parameter values
Fixed:
      zero = 0
       one = 1
    Tbecnw = 75200
Free:
       pc1 = 0
       pc2 = 0
       pc3 = 0
       pc4 = 0
       pc5 = 0
       pc6 = 0
       pc7 = 0
       pc8 = 0
       pc9 = 0
      pc10 = 0
      pc11 = 0
      pc12 = 0
      pc13 = 0
      pc14 = 0
      pc15 = 0
Constrained:
   Tgbecnw = 217682
     Tecnw = 26838
       Tnw = 15693.1
       Tec = 5568.54
     twoNb = 905857
     twoNe = 398966
     twoNw = 1.02836e+06
    twoNec = 111434
    twoNnw = 52469.4
  twoNecnw = 64824
  twoNbecnw = 22825.4
  twoNgbecnw = 253735
         m = 0.0956209
        m2 = 0.0226738
        m5 = 0.137222
        Tb = 16203.2
        Ta = 45701.6
        Te = 2784.27
DiffEv reached_goal. cost=2.31272e-03 spread=2.78753e-06
Fitted parameter values
Free:
       pc1 = -0.872177
       pc2 = 1.26344
       pc3 = -1.23762
       pc4 = 0.752685
       pc5 = -0.924899
       pc6 = 1.03723
       pc7 = 0.902963
       pc8 = -1.24655
       pc9 = -0.265572
      pc10 = -1.09142
      pc11 = 0.283641
      pc12 = -0.0344057
      pc13 = -0.0292944
      pc14 = 0.105627
      pc15 = 0.0227966
Constrained:
   Tgbecnw = 136296
     Tecnw = 26066.5
       Tnw = 17254.5
       Tec = 3666.02
     twoNb = 1.24917e+06
     twoNe = 1.32133e+06
     twoNw = 1.82653e+06
    twoNec = 116229
    twoNnw = 39705.6
  twoNecnw = 62760.7
  twoNbecnw = 17343.3
  twoNgbecnw = 285451
         m = 0.0966829
        m2 = 0.022043
        m5 = 0.139365
        Tb = 14866.2
        Ta = 45033.1
        Te = 1833.01
#       SitePat  BranchLen
              b 124233.6033354
              e 45809.8204744
              c 47796.6296601
              n 45065.2128617
              w 45018.0876184
            b:e 1278.9655413
            b:c 1426.6795806
            b:n 1053.9165355
            b:w 1052.0051418
            e:c 12206.1285668
            e:n 4686.9179890
            e:w 4734.0432322
            c:n 4185.9130765
            c:w 4175.8080830
            n:w 12543.6082776
          b:e:c 1261.7147715
          b:e:n 577.3705530
          b:e:w 579.2819467
          b:c:n 580.8694087
          b:c:w 578.8911818
          b:n:w 1293.0795522
          e:c:n 4438.2366210
          e:c:w 4448.3416145
          e:n:w 5873.5479384
          c:n:w 5009.7549382
        b:e:c:n 1107.4566918
        b:e:c:w 1109.4349186
        b:e:n:w 1909.9748737
        b:c:n:w 1695.3765919
        e:c:n:w 49717.3850734
