########################################
# legofit: estimate population history #
#       version 2.3.4-4-g53f8760       #
########################################

# Program was compiled: Sep 21 2021 14:36:42
# Program was run: Tue Oct 12 19:20:32 2021

# cmd: legofit -1 -d 0 -t 32 --ptsPerDim 3 --stateOut b1boot9.state --tol 3e-6 -S 5000 abe2.lgo ../../chrX/boot_chrX/boot9.opf
# Stage nOptItr nSimReps
#     0    5000        0
# algorithm          : deterministic
# ignoring probs <=  : 0
# Branch length floor: 0
# DE strategy        : 2
#    F               : 0.3
#    CR              : 0.8
#    tolerance       : 3e-06
# nthreads           : 32
# lgo input file     : abe2.lgo
# site pat input file: ../../chrX/boot_chrX/boot9.opf
# free parameters    : 15
# points in DE swarm : 45
# output state file  : b1boot9.state
# Including singleton site patterns.
# cost function      : KL
Initial parameter values
Fixed:
      zero = 0
       one = 1
    Tbecnw = 75200
Free:
       pc1 = 0
       pc2 = 0
       pc3 = 0
       pc4 = 0
       pc5 = 0
       pc6 = 0
       pc7 = 0
       pc8 = 0
       pc9 = 0
      pc10 = 0
      pc11 = 0
      pc12 = 0
      pc13 = 0
      pc14 = 0
      pc15 = 0
Constrained:
   Tgbecnw = 217682
     Tecnw = 26838
       Tnw = 15693.1
       Tec = 5568.54
     twoNb = 905857
     twoNe = 398966
     twoNw = 1.02836e+06
    twoNec = 111434
    twoNnw = 52469.4
  twoNecnw = 64824
  twoNbecnw = 22825.4
  twoNgbecnw = 253735
         m = 0.0956209
        m2 = 0.0226738
        m5 = 0.137222
        Tb = 16203.2
        Ta = 45701.6
        Te = 2784.27
DiffEv reached_goal. cost=2.31898e-03 spread=2.73227e-06
Fitted parameter values
Free:
       pc1 = -1.2946
       pc2 = 1.54684
       pc3 = -1.7997
       pc4 = -1.07984
       pc5 = -0.174404
       pc6 = 1.88208
       pc7 = 0.432893
       pc8 = -1.45098
       pc9 = -0.515355
      pc10 = -0.629848
      pc11 = -0.354256
      pc12 = 0.0565122
      pc13 = -0.0337833
      pc14 = 0.0417053
      pc15 = 0.0428108
Constrained:
   Tgbecnw = 136058
     Tecnw = 25906.5
       Tnw = 16902.2
       Tec = 1805.9
     twoNb = 1.18163e+06
     twoNe = 2.35651e+06
     twoNw = 1.40405e+06
    twoNec = 129311
    twoNnw = 40907.4
  twoNecnw = 66594.6
  twoNbecnw = 17618.7
  twoNgbecnw = 261167
         m = 0.106669
        m2 = 0.0209406
        m5 = 0.129484
        Tb = 13856.2
        Ta = 44528.1
        Te = 902.948
#       SitePat  BranchLen
              b 124645.2084079
              e 46437.3357086
              c 48329.1873151
              n 45702.5769314
              w 45641.5827193
            b:e 1322.8949706
            b:c 1463.1544730
            b:n 1089.0147364
            b:w 1086.5391124
            e:c 12489.2371386
            e:n 4759.2413907
            e:w 4820.2356028
            c:n 4282.2009946
            c:w 4269.4019646
            n:w 12812.9775885
          b:e:c 1299.8116878
          b:e:n 598.4015122
          b:e:w 600.8771362
          b:c:n 602.4505808
          b:c:w 599.8844689
          b:n:w 1327.9502718
          e:c:n 4441.7778316
          e:c:w 4454.5768616
          e:n:w 5844.8767274
          c:n:w 5035.6361398
        b:e:c:n 1146.6433346
        b:e:c:w 1149.2094465
        b:e:n:w 1919.4244333
        b:c:n:w 1721.3715150
        e:c:n:w 49288.2925152
