########################################
# legofit: estimate population history #
#       version 2.3.4-4-g53f8760       #
########################################

# Program was compiled: Sep 21 2021 14:36:42
# Program was run: Tue Oct 12 19:29:40 2021

# cmd: legofit -1 -d 0 -t 32 --ptsPerDim 3 --stateOut b1boot39.state --tol 3e-6 -S 5000 abe2.lgo ../../chrX/boot_chrX/boot39.opf
# Stage nOptItr nSimReps
#     0    5000        0
# algorithm          : deterministic
# ignoring probs <=  : 0
# Branch length floor: 0
# DE strategy        : 2
#    F               : 0.3
#    CR              : 0.8
#    tolerance       : 3e-06
# nthreads           : 32
# lgo input file     : abe2.lgo
# site pat input file: ../../chrX/boot_chrX/boot39.opf
# free parameters    : 15
# points in DE swarm : 45
# output state file  : b1boot39.state
# Including singleton site patterns.
# cost function      : KL
Initial parameter values
Fixed:
      zero = 0
       one = 1
    Tbecnw = 75200
Free:
       pc1 = 0
       pc2 = 0
       pc3 = 0
       pc4 = 0
       pc5 = 0
       pc6 = 0
       pc7 = 0
       pc8 = 0
       pc9 = 0
      pc10 = 0
      pc11 = 0
      pc12 = 0
      pc13 = 0
      pc14 = 0
      pc15 = 0
Constrained:
   Tgbecnw = 217682
     Tecnw = 26838
       Tnw = 15693.1
       Tec = 5568.54
     twoNb = 905857
     twoNe = 398966
     twoNw = 1.02836e+06
    twoNec = 111434
    twoNnw = 52469.4
  twoNecnw = 64824
  twoNbecnw = 22825.4
  twoNgbecnw = 253735
         m = 0.0956209
        m2 = 0.0226738
        m5 = 0.137222
        Tb = 16203.2
        Ta = 45701.6
        Te = 2784.27
DiffEv reached_goal. cost=2.24263e-03 spread=2.93757e-06
Fitted parameter values
Free:
       pc1 = -2.48108
       pc2 = 0.432844
       pc3 = -1.22627
       pc4 = 0.811575
       pc5 = -0.127722
       pc6 = -0.0912992
       pc7 = 0.345579
       pc8 = 0.136301
       pc9 = -0.172749
      pc10 = -0.269289
      pc11 = 0.121027
      pc12 = -0.174824
      pc13 = -0.0853685
      pc14 = -0.0485405
      pc15 = 0.0823069
Constrained:
   Tgbecnw = 127069
     Tecnw = 25577.8
       Tnw = 19599.8
       Tec = 5721.83
     twoNb = 931086
     twoNe = 266063
     twoNw = 1.46108e+06
    twoNec = 105661
    twoNnw = 26500.3
  twoNecnw = 67558.6
  twoNbecnw = 16056.8
  twoNgbecnw = 244254
         m = 0.119559
        m2 = 0.0208527
        m5 = 0.137356
        Tb = 15649.8
        Ta = 45424.9
        Te = 2860.92
#       SitePat  BranchLen
              b 125032.5637181
              e 46563.6444577
              c 48532.3003716
              n 45709.2960620
              w 45647.8963825
            b:e 1350.5088770
            b:c 1506.7299592
            b:n 1094.4731922
            b:w 1091.8141375
            e:c 12196.0931351
            e:n 4747.0377796
            e:w 4808.4374591
            c:n 4264.2889190
            c:w 4250.7147214
            n:w 12641.2866627
          b:e:c 1324.6611202
          b:e:n 604.9906543
          b:e:w 607.6497091
          b:c:n 609.6788553
          b:c:w 606.9060810
          b:n:w 1348.5715832
          e:c:n 4411.2971008
          e:c:w 4424.8712984
          e:n:w 5911.0401193
          c:n:w 5037.1553871
        b:e:c:n 1162.4658438
        b:e:c:w 1165.2386182
        b:e:n:w 1950.8195447
        b:c:n:w 1736.3542664
        e:c:n:w 49964.6707046
