########################################
# legofit: estimate population history #
#       version 2.3.4-4-g53f8760       #
########################################

# Program was compiled: Sep 21 2021 14:36:42
# Program was run: Tue Oct 12 19:20:32 2021

# cmd: legofit -1 -d 0 -t 32 --ptsPerDim 3 --stateOut b1boot10.state --tol 3e-6 -S 5000 abe2.lgo ../../chrX/boot_chrX/boot10.opf
# Stage nOptItr nSimReps
#     0    5000        0
# algorithm          : deterministic
# ignoring probs <=  : 0
# Branch length floor: 0
# DE strategy        : 2
#    F               : 0.3
#    CR              : 0.8
#    tolerance       : 3e-06
# nthreads           : 32
# lgo input file     : abe2.lgo
# site pat input file: ../../chrX/boot_chrX/boot10.opf
# free parameters    : 15
# points in DE swarm : 45
# output state file  : b1boot10.state
# Including singleton site patterns.
# cost function      : KL
Initial parameter values
Fixed:
      zero = 0
       one = 1
    Tbecnw = 75200
Free:
       pc1 = 0
       pc2 = 0
       pc3 = 0
       pc4 = 0
       pc5 = 0
       pc6 = 0
       pc7 = 0
       pc8 = 0
       pc9 = 0
      pc10 = 0
      pc11 = 0
      pc12 = 0
      pc13 = 0
      pc14 = 0
      pc15 = 0
Constrained:
   Tgbecnw = 217682
     Tecnw = 26838
       Tnw = 15693.1
       Tec = 5568.54
     twoNb = 905857
     twoNe = 398966
     twoNw = 1.02836e+06
    twoNec = 111434
    twoNnw = 52469.4
  twoNecnw = 64824
  twoNbecnw = 22825.4
  twoNgbecnw = 253735
         m = 0.0956209
        m2 = 0.0226738
        m5 = 0.137222
        Tb = 16203.2
        Ta = 45701.6
        Te = 2784.27
DiffEv reached_goal. cost=2.14481e-03 spread=2.25141e-06
Fitted parameter values
Free:
       pc1 = 0.796669
       pc2 = 1.75475
       pc3 = -1.74316
       pc4 = 1.05202
       pc5 = -0.594593
       pc6 = 0.165853
       pc7 = 1.11746
       pc8 = -0.083376
       pc9 = -0.247725
      pc10 = -1.67015
      pc11 = -0.0634624
      pc12 = -0.0574852
      pc13 = 0.102345
      pc14 = 0.0991476
      pc15 = 0.0236875
Constrained:
   Tgbecnw = 131418
     Tecnw = 26278.5
       Tnw = 14076.6
       Tec = 117.28
     twoNb = 1.28151e+06
     twoNe = 398240
     twoNw = 1.67977e+06
    twoNec = 141051
    twoNnw = 58124.8
  twoNecnw = 59611.2
  twoNbecnw = 16480.2
  twoNgbecnw = 319746
         m = 0.0788897
        m2 = 0.021503
        m5 = 0.139515
        Tb = 13197.9
        Ta = 44199
        Te = 58.6398
#       SitePat  BranchLen
              b 121587.4524083
              e 45175.7537769
              c 47125.1283265
              n 44575.0423490
              w 44526.0579990
            b:e 1331.5011165
            b:c 1478.2711139
            b:n 1119.8283361
            b:w 1117.8109062
            e:c 12099.4454617
            e:n 4731.3302363
            e:w 4780.3145862
            c:n 4224.8069998
            c:w 4214.6810449
            n:w 12382.3258375
          b:e:c 1312.3787751
          b:e:n 620.1843563
          b:e:w 622.2017863
          b:c:n 624.1082857
          b:c:w 622.0117728
          b:n:w 1335.9571784
          e:c:n 4508.7255706
          e:c:w 4518.8515255
          e:n:w 5859.1597945
          c:n:w 5039.1779235
        b:e:c:n 1184.1126116
        b:e:c:w 1186.2091245
        b:e:n:w 1933.1491895
        b:c:n:w 1725.4093572
        e:c:n:w 47937.2685254
