########################################
# legofit: estimate population history #
#       version 2.3.4-4-g53f8760       #
########################################

# Program was compiled: Sep 21 2021 14:36:42
# Program was run: Tue Oct 12 19:28:08 2021

# cmd: legofit -1 -d 0 -t 32 --ptsPerDim 3 --stateOut b1boot34.state --tol 3e-6 -S 5000 abe2.lgo ../../chrX/boot_chrX/boot34.opf
# Stage nOptItr nSimReps
#     0    5000        0
# algorithm          : deterministic
# ignoring probs <=  : 0
# Branch length floor: 0
# DE strategy        : 2
#    F               : 0.3
#    CR              : 0.8
#    tolerance       : 3e-06
# nthreads           : 32
# lgo input file     : abe2.lgo
# site pat input file: ../../chrX/boot_chrX/boot34.opf
# free parameters    : 15
# points in DE swarm : 45
# output state file  : b1boot34.state
# Including singleton site patterns.
# cost function      : KL
Initial parameter values
Fixed:
      zero = 0
       one = 1
    Tbecnw = 75200
Free:
       pc1 = 0
       pc2 = 0
       pc3 = 0
       pc4 = 0
       pc5 = 0
       pc6 = 0
       pc7 = 0
       pc8 = 0
       pc9 = 0
      pc10 = 0
      pc11 = 0
      pc12 = 0
      pc13 = 0
      pc14 = 0
      pc15 = 0
Constrained:
   Tgbecnw = 217682
     Tecnw = 26838
       Tnw = 15693.1
       Tec = 5568.54
     twoNb = 905857
     twoNe = 398966
     twoNw = 1.02836e+06
    twoNec = 111434
    twoNnw = 52469.4
  twoNecnw = 64824
  twoNbecnw = 22825.4
  twoNgbecnw = 253735
         m = 0.0956209
        m2 = 0.0226738
        m5 = 0.137222
        Tb = 16203.2
        Ta = 45701.6
        Te = 2784.27
DiffEv reached_goal. cost=2.07014e-03 spread=2.95025e-06
Fitted parameter values
Free:
       pc1 = 0.0565277
       pc2 = 1.59855
       pc3 = -0.161841
       pc4 = 1.75897
       pc5 = -0.824288
       pc6 = 1.55305
       pc7 = 0.766721
       pc8 = -0.384396
       pc9 = -0.247431
      pc10 = -0.981129
      pc11 = 0.298896
      pc12 = -0.0669589
      pc13 = -0.116098
      pc14 = 0.168272
      pc15 = -0.0407558
Constrained:
   Tgbecnw = 145259
     Tecnw = 26825.4
       Tnw = 16001.7
       Tec = 3959.97
     twoNb = 1.58473e+06
     twoNe = 854472
     twoNw = 1.62002e+06
    twoNec = 113065
    twoNnw = 49436.9
  twoNecnw = 61213
  twoNbecnw = 19262.1
  twoNgbecnw = 280866
         m = 0.0946801
        m2 = 0.0223689
        m5 = 0.15341
        Tb = 15392.7
        Ta = 45296.3
        Te = 1979.98
#       SitePat  BranchLen
              b 124810.9080241
              e 45907.3149188
              c 48119.1865575
              n 45375.7866606
              w 45321.4154620
            b:e 1263.0291216
            b:c 1423.2935296
            b:n 1067.1209739
            b:w 1064.9447240
            e:c 12300.5750289
            e:n 4730.6930880
            e:w 4785.0642866
            c:n 4166.8175230
            c:w 4155.3529429
            n:w 12580.2642672
          b:e:c 1262.0474063
          b:e:n 578.9704239
          b:e:w 581.1466738
          b:c:n 582.5529878
          b:c:w 580.3135101
          b:n:w 1298.7479141
          e:c:n 4504.8642671
          e:c:w 4516.3288472
          e:n:w 5924.9673053
          c:n:w 4980.2782577
        b:e:c:n 1111.3632119
        b:e:c:w 1113.6026896
        b:e:n:w 1914.1500791
        b:c:n:w 1677.5405584
        e:c:n:w 49835.6146573
