########################################
# legofit: estimate population history #
#       version 2.3.4-4-g53f8760       #
########################################

# Program was compiled: Sep 21 2021 14:36:42
# Program was run: Tue Oct 12 19:28:08 2021

# cmd: legofit -1 -d 0 -t 32 --ptsPerDim 3 --stateOut b1boot32.state --tol 3e-6 -S 5000 abe2.lgo ../../chrX/boot_chrX/boot32.opf
# Stage nOptItr nSimReps
#     0    5000        0
# algorithm          : deterministic
# ignoring probs <=  : 0
# Branch length floor: 0
# DE strategy        : 2
#    F               : 0.3
#    CR              : 0.8
#    tolerance       : 3e-06
# nthreads           : 32
# lgo input file     : abe2.lgo
# site pat input file: ../../chrX/boot_chrX/boot32.opf
# free parameters    : 15
# points in DE swarm : 45
# output state file  : b1boot32.state
# Including singleton site patterns.
# cost function      : KL
Initial parameter values
Fixed:
      zero = 0
       one = 1
    Tbecnw = 75200
Free:
       pc1 = 0
       pc2 = 0
       pc3 = 0
       pc4 = 0
       pc5 = 0
       pc6 = 0
       pc7 = 0
       pc8 = 0
       pc9 = 0
      pc10 = 0
      pc11 = 0
      pc12 = 0
      pc13 = 0
      pc14 = 0
      pc15 = 0
Constrained:
   Tgbecnw = 217682
     Tecnw = 26838
       Tnw = 15693.1
       Tec = 5568.54
     twoNb = 905857
     twoNe = 398966
     twoNw = 1.02836e+06
    twoNec = 111434
    twoNnw = 52469.4
  twoNecnw = 64824
  twoNbecnw = 22825.4
  twoNgbecnw = 253735
         m = 0.0956209
        m2 = 0.0226738
        m5 = 0.137222
        Tb = 16203.2
        Ta = 45701.6
        Te = 2784.27
DiffEv reached_goal. cost=2.12344e-03 spread=2.52476e-06
Fitted parameter values
Free:
       pc1 = -1.56664
       pc2 = 1.18503
       pc3 = -1.83715
       pc4 = 1.67075
       pc5 = -0.361371
       pc6 = 1.39676
       pc7 = 1.20104
       pc8 = -0.262986
       pc9 = -0.144068
      pc10 = -0.783168
      pc11 = 0.0575256
      pc12 = -0.116925
      pc13 = -0.133834
      pc14 = 0.0367205
      pc15 = 0.0381579
Constrained:
   Tgbecnw = 131195
     Tecnw = 26011.1
       Tnw = 18952.2
       Tec = 2709.26
     twoNb = 1.46305e+06
     twoNe = 698421
     twoNw = 1.90276e+06
    twoNec = 123359
    twoNnw = 30481.5
  twoNecnw = 65432.5
  twoNbecnw = 16802.5
  twoNgbecnw = 257155
         m = 0.108415
        m2 = 0.0204276
        m5 = 0.142709
        Tb = 14360.2
        Ta = 44780.1
        Te = 1354.63
#       SitePat  BranchLen
              b 124260.5094781
              e 46226.2484255
              c 48300.9392338
              n 45439.5301097
              w 45386.9550533
            b:e 1313.6262592
            b:c 1471.9805113
            b:n 1081.4109264
            b:w 1079.2056897
            e:c 12341.0970197
            e:n 4719.2567491
            e:w 4771.8318055
            c:n 4204.4937224
            c:w 4193.1986504
            n:w 12705.0858424
          b:e:c 1313.2594129
          b:e:n 597.1653353
          b:e:w 599.3705720
          b:c:n 601.2384166
          b:c:w 598.9475662
          b:n:w 1340.3376931
          e:c:n 4393.0595233
          e:c:w 4404.3545953
          e:n:w 5956.2790020
          c:n:w 5034.8420690
        b:e:c:n 1142.5051333
        b:e:c:w 1144.7959838
        b:e:n:w 1929.5075540
        b:c:n:w 1707.6454993
        e:c:n:w 49329.1488737
