########################################
# legofit: estimate population history #
#       version 2.3.4-4-g53f8760       #
########################################

# Program was compiled: Sep 21 2021 14:36:42
# Program was run: Tue Oct 12 19:21:23 2021

# cmd: legofit -1 -d 0 -t 32 --ptsPerDim 3 --stateOut b1boot11.state --tol 3e-6 -S 5000 abe2.lgo ../../chrX/boot_chrX/boot11.opf
# Stage nOptItr nSimReps
#     0    5000        0
# algorithm          : deterministic
# ignoring probs <=  : 0
# Branch length floor: 0
# DE strategy        : 2
#    F               : 0.3
#    CR              : 0.8
#    tolerance       : 3e-06
# nthreads           : 32
# lgo input file     : abe2.lgo
# site pat input file: ../../chrX/boot_chrX/boot11.opf
# free parameters    : 15
# points in DE swarm : 45
# output state file  : b1boot11.state
# Including singleton site patterns.
# cost function      : KL
Initial parameter values
Fixed:
      zero = 0
       one = 1
    Tbecnw = 75200
Free:
       pc1 = 0
       pc2 = 0
       pc3 = 0
       pc4 = 0
       pc5 = 0
       pc6 = 0
       pc7 = 0
       pc8 = 0
       pc9 = 0
      pc10 = 0
      pc11 = 0
      pc12 = 0
      pc13 = 0
      pc14 = 0
      pc15 = 0
Constrained:
   Tgbecnw = 217682
     Tecnw = 26838
       Tnw = 15693.1
       Tec = 5568.54
     twoNb = 905857
     twoNe = 398966
     twoNw = 1.02836e+06
    twoNec = 111434
    twoNnw = 52469.4
  twoNecnw = 64824
  twoNbecnw = 22825.4
  twoNgbecnw = 253735
         m = 0.0956209
        m2 = 0.0226738
        m5 = 0.137222
        Tb = 16203.2
        Ta = 45701.6
        Te = 2784.27
DiffEv reached_goal. cost=2.29100e-03 spread=2.94409e-06
Fitted parameter values
Free:
       pc1 = 0.400603
       pc2 = 0.927921
       pc3 = -1.95629
       pc4 = 0.64236
       pc5 = -0.0855598
       pc6 = 0.220955
       pc7 = 1.5818
       pc8 = -1.06604
       pc9 = 0.389092
      pc10 = -0.68194
      pc11 = -0.551304
      pc12 = 0.124732
      pc13 = -0.00201724
      pc14 = 0.128278
      pc15 = -0.0782256
Constrained:
   Tgbecnw = 156668
     Tecnw = 26467.4
       Tnw = 14211.3
       Tec = 769.338
     twoNb = 1.22148e+06
     twoNe = 585353
     twoNw = 1.89434e+06
    twoNec = 135992
    twoNnw = 54822.9
  twoNecnw = 64517.1
  twoNbecnw = 21133.3
  twoNgbecnw = 306056
         m = 0.0878864
        m2 = 0.021899
        m5 = 0.127262
        Tb = 13618.4
        Ta = 44409.2
        Te = 384.669
#       SitePat  BranchLen
              b 126306.6932972
              e 46603.5741219
              c 48545.5898064
              n 45594.7747259
              w 45554.8806642
            b:e 1363.2108063
            b:c 1505.2007305
            b:n 1123.8536037
            b:w 1122.2469804
            e:c 12747.5413540
            e:n 4800.7178112
            e:w 4840.6118729
            c:n 4293.6276282
            c:w 4285.4479631
            n:w 13275.4066923
          b:e:c 1342.8197107
          b:e:n 612.1191011
          b:e:w 613.7257244
          b:c:n 614.9071465
          b:c:w 613.2568608
          b:n:w 1376.4180270
          e:c:n 4544.5830295
          e:c:w 4552.7626946
          e:n:w 5988.7244547
          c:n:w 5168.9945045
        b:e:c:n 1168.2432174
        b:e:c:w 1169.8935031
        b:e:n:w 1990.4983749
        b:c:n:w 1786.1576063
        e:c:n:w 50370.2190628
