########################################
# legofit: estimate population history #
#       version 2.3.4-4-g53f8760       #
########################################

# Program was compiled: Sep 21 2021 14:36:42
# Program was run: Tue Oct 12 19:22:02 2021

# cmd: legofit -1 -d 0 -t 32 --ptsPerDim 3 --stateOut b1boot14.state --tol 3e-6 -S 5000 abe2.lgo ../../chrX/boot_chrX/boot14.opf
# Stage nOptItr nSimReps
#     0    5000        0
# algorithm          : deterministic
# ignoring probs <=  : 0
# Branch length floor: 0
# DE strategy        : 2
#    F               : 0.3
#    CR              : 0.8
#    tolerance       : 3e-06
# nthreads           : 32
# lgo input file     : abe2.lgo
# site pat input file: ../../chrX/boot_chrX/boot14.opf
# free parameters    : 15
# points in DE swarm : 45
# output state file  : b1boot14.state
# Including singleton site patterns.
# cost function      : KL
Initial parameter values
Fixed:
      zero = 0
       one = 1
    Tbecnw = 75200
Free:
       pc1 = 0
       pc2 = 0
       pc3 = 0
       pc4 = 0
       pc5 = 0
       pc6 = 0
       pc7 = 0
       pc8 = 0
       pc9 = 0
      pc10 = 0
      pc11 = 0
      pc12 = 0
      pc13 = 0
      pc14 = 0
      pc15 = 0
Constrained:
   Tgbecnw = 217682
     Tecnw = 26838
       Tnw = 15693.1
       Tec = 5568.54
     twoNb = 905857
     twoNe = 398966
     twoNw = 1.02836e+06
    twoNec = 111434
    twoNnw = 52469.4
  twoNecnw = 64824
  twoNbecnw = 22825.4
  twoNgbecnw = 253735
         m = 0.0956209
        m2 = 0.0226738
        m5 = 0.137222
        Tb = 16203.2
        Ta = 45701.6
        Te = 2784.27
DiffEv reached_goal. cost=2.13088e-03 spread=2.76148e-06
Fitted parameter values
Free:
       pc1 = 0.228763
       pc2 = 0.60288
       pc3 = -1.62456
       pc4 = 0.251229
       pc5 = 0.625821
       pc6 = 1.02878
       pc7 = 1.62116
       pc8 = -0.669725
       pc9 = 0.375966
      pc10 = -0.294261
      pc11 = 0.80591
      pc12 = 0.186257
      pc13 = -0.0498765
      pc14 = 0.0355972
      pc15 = -0.0154052
Constrained:
   Tgbecnw = 165996
     Tecnw = 27214.1
       Tnw = 17462.6
       Tec = 2221.35
     twoNb = 1.39572e+06
     twoNe = 709229
     twoNw = 1.58091e+06
    twoNec = 137425
    twoNnw = 43827.5
  twoNecnw = 62308.8
  twoNbecnw = 23468.8
  twoNgbecnw = 249539
         m = 0.0992644
        m2 = 0.0217192
        m5 = 0.123098
        Tb = 14717.7
        Ta = 44958.9
        Te = 1110.68
#       SitePat  BranchLen
              b 126749.6560592
              e 47304.4280435
              c 49112.3096798
              n 46294.7331716
              w 46241.7933770
            b:e 1357.2220619
            b:c 1492.8424785
            b:n 1109.9093984
            b:w 1107.7370257
            e:c 12468.9651161
            e:n 4771.8880247
            e:w 4824.8278193
            c:n 4322.5626829
            c:w 4311.2760297
            n:w 12905.6451132
          b:e:c 1311.9577538
          b:e:n 605.1011277
          b:e:w 607.2735004
          b:c:n 608.0180879
          b:c:w 605.8037079
          b:n:w 1345.9557525
          e:c:n 4587.8464119
          e:c:w 4599.1330651
          e:n:w 6068.5682415
          c:n:w 5279.0622610
        b:e:c:n 1140.1557198
        b:e:c:w 1142.3700998
        b:e:n:w 1942.8573140
        b:c:n:w 1750.2911793
        e:c:n:w 50144.5571572
