########################################
# legofit: estimate population history #
#       version 2.3.4-4-g53f8760       #
########################################

# Program was compiled: Sep 21 2021 14:36:42
# Program was run: Tue Oct 12 19:26:04 2021

# cmd: legofit -1 -d 0 -t 32 --ptsPerDim 3 --stateOut b1boot26.state --tol 3e-6 -S 5000 abe2.lgo ../../chrX/boot_chrX/boot26.opf
# Stage nOptItr nSimReps
#     0    5000        0
# algorithm          : deterministic
# ignoring probs <=  : 0
# Branch length floor: 0
# DE strategy        : 2
#    F               : 0.3
#    CR              : 0.8
#    tolerance       : 3e-06
# nthreads           : 32
# lgo input file     : abe2.lgo
# site pat input file: ../../chrX/boot_chrX/boot26.opf
# free parameters    : 15
# points in DE swarm : 45
# output state file  : b1boot26.state
# Including singleton site patterns.
# cost function      : KL
Initial parameter values
Fixed:
      zero = 0
       one = 1
    Tbecnw = 75200
Free:
       pc1 = 0
       pc2 = 0
       pc3 = 0
       pc4 = 0
       pc5 = 0
       pc6 = 0
       pc7 = 0
       pc8 = 0
       pc9 = 0
      pc10 = 0
      pc11 = 0
      pc12 = 0
      pc13 = 0
      pc14 = 0
      pc15 = 0
Constrained:
   Tgbecnw = 217682
     Tecnw = 26838
       Tnw = 15693.1
       Tec = 5568.54
     twoNb = 905857
     twoNe = 398966
     twoNw = 1.02836e+06
    twoNec = 111434
    twoNnw = 52469.4
  twoNecnw = 64824
  twoNbecnw = 22825.4
  twoNgbecnw = 253735
         m = 0.0956209
        m2 = 0.0226738
        m5 = 0.137222
        Tb = 16203.2
        Ta = 45701.6
        Te = 2784.27
DiffEv reached_goal. cost=2.21766e-03 spread=2.26728e-06
Fitted parameter values
Free:
       pc1 = 0.628176
       pc2 = 1.29164
       pc3 = -1.08854
       pc4 = 0.000668777
       pc5 = -0.813453
       pc6 = -1.15359
       pc7 = 1.70523
       pc8 = -0.923437
       pc9 = -1.16584
      pc10 = -1.42953
      pc11 = 0.31796
      pc12 = -0.0135517
      pc13 = 0.0541232
      pc14 = -0.116937
      pc15 = 0.0534925
Constrained:
   Tgbecnw = 126215
     Tecnw = 25850.3
       Tnw = 15193.9
       Tec = 1192.57
     twoNb = 990834
     twoNe = 470657
     twoNw = 1.51131e+06
    twoNec = 137151
    twoNnw = 49335
  twoNecnw = 59810.9
  twoNbecnw = 14927.3
  twoNgbecnw = 348187
         m = 0.0720121
        m2 = 0.0246639
        m5 = 0.12816
        Tb = 13521.4
        Ta = 44360.7
        Te = 596.287
#       SitePat  BranchLen
              b 120217.9251579
              e 45257.4100893
              c 47071.4202244
              n 44206.6777446
              w 44156.1995420
            b:e 1371.1470677
            b:c 1514.1689726
            b:n 1103.7005840
            b:w 1101.5812634
            e:c 11882.7346185
            e:n 4651.6772034
            e:w 4702.1554061
            c:n 4192.6209107
            c:w 4182.0187406
            n:w 12394.7736546
          b:e:c 1321.1792806
          b:e:n 616.6295101
          b:e:w 618.7488306
          b:c:n 620.8401703
          b:c:w 618.6271842
          b:n:w 1342.4030179
          e:c:n 4413.5488338
          e:c:w 4424.1510039
          e:n:w 5865.0018005
          c:n:w 5086.8560445
        b:e:c:n 1175.5216884
        b:e:c:w 1177.7346745
        b:e:n:w 2011.1713105
        b:c:n:w 1807.3889550
        e:c:n:w 47129.9564621
