########################################
# legofit: estimate population history #
#       version 2.3.4-4-g53f8760       #
########################################

# Program was compiled: Sep 21 2021 14:36:42
# Program was run: Tue Oct 12 19:18:17 2021

# cmd: legofit -1 -d 0 -t 32 --ptsPerDim 3 --stateOut b1boot2.state --tol 3e-6 -S 5000 abe2.lgo ../../chrX/boot_chrX/boot2.opf
# Stage nOptItr nSimReps
#     0    5000        0
# algorithm          : deterministic
# ignoring probs <=  : 0
# Branch length floor: 0
# DE strategy        : 2
#    F               : 0.3
#    CR              : 0.8
#    tolerance       : 3e-06
# nthreads           : 32
# lgo input file     : abe2.lgo
# site pat input file: ../../chrX/boot_chrX/boot2.opf
# free parameters    : 15
# points in DE swarm : 45
# output state file  : b1boot2.state
# Including singleton site patterns.
# cost function      : KL
Initial parameter values
Fixed:
      zero = 0
       one = 1
    Tbecnw = 75200
Free:
       pc1 = 0
       pc2 = 0
       pc3 = 0
       pc4 = 0
       pc5 = 0
       pc6 = 0
       pc7 = 0
       pc8 = 0
       pc9 = 0
      pc10 = 0
      pc11 = 0
      pc12 = 0
      pc13 = 0
      pc14 = 0
      pc15 = 0
Constrained:
   Tgbecnw = 217682
     Tecnw = 26838
       Tnw = 15693.1
       Tec = 5568.54
     twoNb = 905857
     twoNe = 398966
     twoNw = 1.02836e+06
    twoNec = 111434
    twoNnw = 52469.4
  twoNecnw = 64824
  twoNbecnw = 22825.4
  twoNgbecnw = 253735
         m = 0.0956209
        m2 = 0.0226738
        m5 = 0.137222
        Tb = 16203.2
        Ta = 45701.6
        Te = 2784.27
DiffEv reached_goal. cost=2.28265e-03 spread=2.57835e-06
Fitted parameter values
Free:
       pc1 = -0.304488
       pc2 = 0.998036
       pc3 = -0.806037
       pc4 = 1.34622
       pc5 = 0.0256466
       pc6 = 0.0694466
       pc7 = 0.562144
       pc8 = -0.656529
       pc9 = -0.677675
      pc10 = -0.581384
      pc11 = 0.156147
      pc12 = -0.0797867
      pc13 = -0.130706
      pc14 = -0.060489
      pc15 = -0.0779139
Constrained:
   Tgbecnw = 133142
     Tecnw = 26561.5
       Tnw = 15802
       Tec = 3014.61
     twoNb = 1.15109e+06
     twoNe = 377365
     twoNw = 1.58248e+06
    twoNec = 123729
    twoNnw = 46474.9
  twoNecnw = 63560.3
  twoNbecnw = 17555.1
  twoNgbecnw = 244830
         m = 0.107675
        m2 = 0.0231479
        m5 = 0.141568
        Tb = 14788.1
        Ta = 44994
        Te = 1507.31
#       SitePat  BranchLen
              b 123340.0386992
              e 46388.2490900
              c 48539.8031518
              n 45227.4968631
              w 45174.9145194
            b:e 1346.0852524
            b:c 1509.0019520
            b:n 1083.9967083
            b:w 1081.8556849
            e:c 12283.7216569
            e:n 4720.9995916
            e:w 4773.5819352
            c:n 4172.4940426
            c:w 4161.5844972
            n:w 13005.4326561
          b:e:c 1320.6586637
          b:e:n 597.8244961
          b:e:w 599.9655195
          b:c:n 601.7662215
          b:c:w 599.5462140
          b:n:w 1348.6193379
          e:c:n 4397.1950832
          e:c:w 4408.1046285
          e:n:w 6006.3061879
          c:n:w 5076.5510574
        b:e:c:n 1142.0987692
        b:e:c:w 1144.3187767
        b:e:n:w 1976.0639655
        b:c:n:w 1748.3288647
        e:c:n:w 48334.9957456
