########################################
# legofit: estimate population history #
#       version 2.3.4-4-g53f8760       #
########################################

# Program was compiled: Sep 21 2021 14:36:42
# Program was run: Tue Oct 12 19:32:16 2021

# cmd: legofit -1 -d 0 -t 32 --ptsPerDim 3 --stateOut b1boot49.state --tol 3e-6 -S 5000 abe2.lgo ../../chrX/boot_chrX/boot49.opf
# Stage nOptItr nSimReps
#     0    5000        0
# algorithm          : deterministic
# ignoring probs <=  : 0
# Branch length floor: 0
# DE strategy        : 2
#    F               : 0.3
#    CR              : 0.8
#    tolerance       : 3e-06
# nthreads           : 32
# lgo input file     : abe2.lgo
# site pat input file: ../../chrX/boot_chrX/boot49.opf
# free parameters    : 15
# points in DE swarm : 45
# output state file  : b1boot49.state
# Including singleton site patterns.
# cost function      : KL
Initial parameter values
Fixed:
      zero = 0
       one = 1
    Tbecnw = 75200
Free:
       pc1 = 0
       pc2 = 0
       pc3 = 0
       pc4 = 0
       pc5 = 0
       pc6 = 0
       pc7 = 0
       pc8 = 0
       pc9 = 0
      pc10 = 0
      pc11 = 0
      pc12 = 0
      pc13 = 0
      pc14 = 0
      pc15 = 0
Constrained:
   Tgbecnw = 217682
     Tecnw = 26838
       Tnw = 15693.1
       Tec = 5568.54
     twoNb = 905857
     twoNe = 398966
     twoNw = 1.02836e+06
    twoNec = 111434
    twoNnw = 52469.4
  twoNecnw = 64824
  twoNbecnw = 22825.4
  twoNgbecnw = 253735
         m = 0.0956209
        m2 = 0.0226738
        m5 = 0.137222
        Tb = 16203.2
        Ta = 45701.6
        Te = 2784.27
DiffEv reached_goal. cost=2.20561e-03 spread=2.77862e-06
Fitted parameter values
Free:
       pc1 = -0.806315
       pc2 = 1.15144
       pc3 = -0.281341
       pc4 = 0.650154
       pc5 = -0.863379
       pc6 = 0.0513431
       pc7 = 0.646263
       pc8 = -0.825646
       pc9 = -1.69579
      pc10 = -0.755208
      pc11 = 0.36954
      pc12 = 0.00427293
      pc13 = 0.048765
      pc14 = -0.0542558
      pc15 = 0.113937
Constrained:
   Tgbecnw = 124255
     Tecnw = 25661.9
       Tnw = 17816.7
       Tec = 3600.4
     twoNb = 1.06174e+06
     twoNe = 911194
     twoNw = 1.37485e+06
    twoNec = 119903
    twoNnw = 37220.2
  twoNecnw = 62978.3
  twoNbecnw = 15170.4
  twoNgbecnw = 277023
         m = 0.09815
        m2 = 0.0244651
        m5 = 0.144838
        Tb = 14631.2
        Ta = 44915.6
        Te = 1800.2
#       SitePat  BranchLen
              b 122474.7519391
              e 45799.1812630
              c 47795.8883777
              n 45057.7087412
              w 44990.5584991
            b:e 1361.1248555
            b:c 1521.4895866
            b:n 1107.7850801
            b:w 1104.8883799
            e:c 11855.1567563
            e:n 4764.7144564
            e:w 4831.8646985
            c:n 4273.3451833
            c:w 4258.7160323
            n:w 12183.9764447
          b:e:c 1307.0721124
          b:e:n 618.9929011
          b:e:w 621.8896012
          b:c:n 624.1294302
          b:c:w 621.1050767
          b:n:w 1333.2092048
          e:c:n 4447.3697151
          e:c:w 4461.9988661
          e:n:w 5905.6252892
          c:n:w 5040.0232506
        b:e:c:n 1178.7451856
        b:e:c:w 1181.7695391
        b:e:n:w 2031.1844628
        b:c:n:w 1799.8805571
        e:c:n:w 48521.3284173
