########################################
# legofit: estimate population history #
#       version 2.3.4-4-g53f8760       #
########################################

# Program was compiled: Sep 21 2021 14:36:42
# Program was run: Sun Oct 10 20:47:54 2021

# cmd: legofit -1 -d 0 -t 32 --ptsPerDim 3 --stateOut b1boot13.state --tol 3e-6 -S 5000 abd2.lgo ../../chrX/boot_chrX/boot13.opf
# Stage nOptItr nSimReps
#     0    5000        0
# algorithm          : deterministic
# ignoring probs <=  : 0
# Branch length floor: 0
# DE strategy        : 2
#    F               : 0.3
#    CR              : 0.8
#    tolerance       : 3e-06
# nthreads           : 32
# lgo input file     : abd2.lgo
# site pat input file: ../../chrX/boot_chrX/boot13.opf
# free parameters    : 14
# points in DE swarm : 42
# output state file  : b1boot13.state
# Including singleton site patterns.
# cost function      : KL
Initial parameter values
Fixed:
      zero = 0
       one = 1
    Tbecnw = 75200
Free:
       pc1 = 0
       pc2 = 0
       pc3 = 0
       pc4 = 0
       pc5 = 0
       pc6 = 0
       pc7 = 0
       pc8 = 0
       pc9 = 0
      pc10 = 0
      pc11 = 0
      pc12 = 0
      pc13 = 0
      pc14 = 0
Constrained:
   Tgbecnw = 119499
     Tecnw = 24622.4
       Tnw = 18376.2
       Tec = 625.066
     twoNb = 1.98517e+06
     twoNc = 151453
    twoNec = 165616
    twoNnw = 30578.7
  twoNecnw = 66125.8
  twoNbecnw = 15455.7
  twoNgbecnw = 188164
         m = 0.151663
        m2 = 0.012479
        m4 = 0.0159618
        Tb = 12623.7
        Ta = 43911.9
        Td = 312.533
DiffEv reached_goal. cost=2.43165e-03 spread=2.59771e-06
Fitted parameter values
Free:
       pc1 = 3.98402
       pc2 = -3.31741
       pc3 = -1.15272
       pc4 = 0.498144
       pc5 = 1.9995
       pc6 = 0.476219
       pc7 = 0.186447
       pc8 = -0.0146779
       pc9 = 1.04822
      pc10 = 0.319286
      pc11 = -0.108306
      pc12 = -0.0978197
      pc13 = -0.184408
      pc14 = 0.04268
Constrained:
   Tgbecnw = 102336
     Tecnw = 23831.5
       Tnw = 20210.6
       Tec = 812.172
     twoNb = 3.85919e+06
     twoNc = 235191
    twoNec = 155596
    twoNnw = 16951.5
  twoNecnw = 63113.5
  twoNbecnw = 9905.67
  twoNgbecnw = 220019
         m = 0.127843
        m2 = 0.0120496
        m4 = 0.0178942
        Tb = 12321.8
        Ta = 43760.9
        Td = 406.086
#       SitePat  BranchLen
              b 119891.7765695
              e 45190.9848534
              c 46159.8824380
              n 43944.7872493
              w 43944.7872493
            b:e 1279.1905603
            b:c 1460.3177715
            b:n 1050.3539075
            b:w 1050.3539075
            e:c 11893.1148441
            e:n 4369.2393395
            e:w 4369.2393395
            c:n 4241.3253242
            c:w 4241.3253242
            n:w 12222.0777983
          b:e:c 1281.4784373
          b:e:n 587.6982284
          b:e:w 587.6982284
          b:c:n 589.0564482
          b:c:w 589.0564482
          b:n:w 1288.3583714
          e:c:n 4342.6143714
          e:c:w 4342.6143714
          e:n:w 5538.5100586
          c:n:w 5156.7063059
        b:e:c:n 1136.0706904
        b:e:c:w 1136.0706904
        b:e:n:w 2102.8358582
        b:c:n:w 1587.7261204
        e:c:n:w 47460.6828279
