########################################
# legofit: estimate population history #
#       version 2.3.4-4-g53f8760       #
########################################

# Program was compiled: Sep 21 2021 14:36:42
# Program was run: Sun Oct 10 20:46:14 2021

# cmd: legofit -1 -d 0 -t 32 --ptsPerDim 3 --stateOut b1boot0.state --tol 3e-6 -S 5000 abd2.lgo ../../chrX/boot_chrX/boot0.opf
# Stage nOptItr nSimReps
#     0    5000        0
# algorithm          : deterministic
# ignoring probs <=  : 0
# Branch length floor: 0
# DE strategy        : 2
#    F               : 0.3
#    CR              : 0.8
#    tolerance       : 3e-06
# nthreads           : 32
# lgo input file     : abd2.lgo
# site pat input file: ../../chrX/boot_chrX/boot0.opf
# free parameters    : 14
# points in DE swarm : 42
# output state file  : b1boot0.state
# Including singleton site patterns.
# cost function      : KL
Initial parameter values
Fixed:
      zero = 0
       one = 1
    Tbecnw = 75200
Free:
       pc1 = 0
       pc2 = 0
       pc3 = 0
       pc4 = 0
       pc5 = 0
       pc6 = 0
       pc7 = 0
       pc8 = 0
       pc9 = 0
      pc10 = 0
      pc11 = 0
      pc12 = 0
      pc13 = 0
      pc14 = 0
Constrained:
   Tgbecnw = 119499
     Tecnw = 24622.4
       Tnw = 18376.2
       Tec = 625.066
     twoNb = 1.98517e+06
     twoNc = 151453
    twoNec = 165616
    twoNnw = 30578.7
  twoNecnw = 66125.8
  twoNbecnw = 15455.7
  twoNgbecnw = 188164
         m = 0.151663
        m2 = 0.012479
        m4 = 0.0159618
        Tb = 12623.7
        Ta = 43911.9
        Td = 312.533
DiffEv reached_goal. cost=2.26368e-03 spread=2.93646e-06
Fitted parameter values
Free:
       pc1 = 3.00533
       pc2 = -3.80006
       pc3 = 0.13221
       pc4 = -1.15524
       pc5 = 1.83653
       pc6 = 0.121491
       pc7 = -0.504371
       pc8 = 1.98741
       pc9 = 0.507719
      pc10 = 0.115961
      pc11 = -0.230802
      pc12 = -0.119187
      pc13 = -0.211575
      pc14 = 0.105367
Constrained:
   Tgbecnw = 100796
     Tecnw = 23654.1
       Tnw = 18023.8
       Tec = 130.264
     twoNb = 2.76704e+06
     twoNc = 177659
    twoNec = 163747
    twoNnw = 26498.6
  twoNecnw = 62366.3
  twoNbecnw = 9355.61
  twoNgbecnw = 224769
         m = 0.121683
        m2 = 0.014516
        m4 = 0.0162592
        Tb = 11892.2
        Ta = 43546.1
        Td = 65.1321
#       SitePat  BranchLen
              b 118770.0839579
              e 45076.4920763
              c 45940.5087790
              n 43432.2115971
              w 43432.2115971
            b:e 1298.3200111
            b:c 1465.6910664
            b:n 1041.1504741
            b:w 1041.1504741
            e:c 11724.9806751
            e:n 4367.6773731
            e:w 4367.6773731
            c:n 4251.4400906
            c:w 4251.4400906
            n:w 12331.1963800
          b:e:c 1270.1855889
          b:e:n 587.3604684
          b:e:w 587.3604684
          b:c:n 588.9570878
          b:c:w 588.9570878
          b:n:w 1277.3417045
          e:c:n 4313.2690465
          e:c:w 4313.2690465
          e:n:w 5546.7635739
          c:n:w 5200.4580507
        b:e:c:n 1127.9719256
        b:e:c:w 1127.9719256
        b:e:n:w 2099.3031405
        b:c:n:w 1643.5019986
        e:c:n:w 46706.7051116
