########################################
# legofit: estimate population history #
#       version 2.3.4-4-g53f8760       #
########################################

# Program was compiled: Sep 21 2021 14:36:42
# Program was run: Sun Oct 10 20:52:02 2021

# cmd: legofit -1 -d 0 -t 32 --ptsPerDim 3 --stateOut b1boot46.state --tol 3e-6 -S 5000 abd2.lgo ../../chrX/boot_chrX/boot46.opf
# Stage nOptItr nSimReps
#     0    5000        0
# algorithm          : deterministic
# ignoring probs <=  : 0
# Branch length floor: 0
# DE strategy        : 2
#    F               : 0.3
#    CR              : 0.8
#    tolerance       : 3e-06
# nthreads           : 32
# lgo input file     : abd2.lgo
# site pat input file: ../../chrX/boot_chrX/boot46.opf
# free parameters    : 14
# points in DE swarm : 42
# output state file  : b1boot46.state
# Including singleton site patterns.
# cost function      : KL
Initial parameter values
Fixed:
      zero = 0
       one = 1
    Tbecnw = 75200
Free:
       pc1 = 0
       pc2 = 0
       pc3 = 0
       pc4 = 0
       pc5 = 0
       pc6 = 0
       pc7 = 0
       pc8 = 0
       pc9 = 0
      pc10 = 0
      pc11 = 0
      pc12 = 0
      pc13 = 0
      pc14 = 0
Constrained:
   Tgbecnw = 119499
     Tecnw = 24622.4
       Tnw = 18376.2
       Tec = 625.066
     twoNb = 1.98517e+06
     twoNc = 151453
    twoNec = 165616
    twoNnw = 30578.7
  twoNecnw = 66125.8
  twoNbecnw = 15455.7
  twoNgbecnw = 188164
         m = 0.151663
        m2 = 0.012479
        m4 = 0.0159618
        Tb = 12623.7
        Ta = 43911.9
        Td = 312.533
DiffEv reached_goal. cost=2.29145e-03 spread=2.71314e-06
Fitted parameter values
Free:
       pc1 = 3.74908
       pc2 = -3.7024
       pc3 = 0.672515
       pc4 = -1.11017
       pc5 = 1.61767
       pc6 = 0.359599
       pc7 = -0.365119
       pc8 = 0.514962
       pc9 = -0.702281
      pc10 = -0.16222
      pc11 = -0.28553
      pc12 = 0.0161133
      pc13 = -0.374603
      pc14 = 0.0535194
Constrained:
   Tgbecnw = 99321.9
     Tecnw = 23659.6
       Tnw = 17969
       Tec = 959.249
     twoNb = 3.30601e+06
     twoNc = 202867
    twoNec = 158262
    twoNnw = 28282
  twoNecnw = 63008.6
  twoNbecnw = 8869.44
  twoNgbecnw = 220711
         m = 0.126501
        m2 = 0.0130317
        m4 = 0.0142179
        Tb = 12309.4
        Ta = 43754.7
        Td = 479.624
#       SitePat  BranchLen
              b 118844.9313033
              e 45064.8189383
              c 45824.2007129
              n 43753.4297229
              w 43753.4297229
            b:e 1265.1720907
            b:c 1409.2723777
            b:n 1042.6714967
            b:w 1042.6714967
            e:c 11643.8105739
            e:n 4401.3407480
            e:w 4401.3407480
            c:n 4298.8961506
            c:w 4298.8961506
            n:w 12052.8848088
          b:e:c 1243.1153311
          b:e:n 587.5438922
          b:e:w 587.5438922
          b:c:n 588.8419614
          b:c:w 588.8419614
          b:n:w 1250.4756052
          e:c:n 4344.2184131
          e:c:w 4344.2184131
          e:n:w 5403.9963195
          c:n:w 5105.0914474
        b:e:c:n 1131.3196025
        b:e:c:w 1131.3196025
        b:e:n:w 1991.3329630
        b:c:n:w 1589.0486085
        e:c:n:w 46753.0110655
