########################################
# legofit: estimate population history #
#       version 2.3.4-4-g53f8760       #
########################################

# Program was compiled: Sep 21 2021 14:36:42
# Program was run: Sun Oct 10 20:51:19 2021

# cmd: legofit -1 -d 0 -t 32 --ptsPerDim 3 --stateOut b1boot41.state --tol 3e-6 -S 5000 abd2.lgo ../../chrX/boot_chrX/boot41.opf
# Stage nOptItr nSimReps
#     0    5000        0
# algorithm          : deterministic
# ignoring probs <=  : 0
# Branch length floor: 0
# DE strategy        : 2
#    F               : 0.3
#    CR              : 0.8
#    tolerance       : 3e-06
# nthreads           : 32
# lgo input file     : abd2.lgo
# site pat input file: ../../chrX/boot_chrX/boot41.opf
# free parameters    : 14
# points in DE swarm : 42
# output state file  : b1boot41.state
# Including singleton site patterns.
# cost function      : KL
Initial parameter values
Fixed:
      zero = 0
       one = 1
    Tbecnw = 75200
Free:
       pc1 = 0
       pc2 = 0
       pc3 = 0
       pc4 = 0
       pc5 = 0
       pc6 = 0
       pc7 = 0
       pc8 = 0
       pc9 = 0
      pc10 = 0
      pc11 = 0
      pc12 = 0
      pc13 = 0
      pc14 = 0
Constrained:
   Tgbecnw = 119499
     Tecnw = 24622.4
       Tnw = 18376.2
       Tec = 625.066
     twoNb = 1.98517e+06
     twoNc = 151453
    twoNec = 165616
    twoNnw = 30578.7
  twoNecnw = 66125.8
  twoNbecnw = 15455.7
  twoNgbecnw = 188164
         m = 0.151663
        m2 = 0.012479
        m4 = 0.0159618
        Tb = 12623.7
        Ta = 43911.9
        Td = 312.533
DiffEv reached_goal. cost=2.27525e-03 spread=2.95901e-06
Fitted parameter values
Free:
       pc1 = 3.94853
       pc2 = 0.377731
       pc3 = -0.504371
       pc4 = -0.403756
       pc5 = 1.6162
       pc6 = 0.941691
       pc7 = 0.0440158
       pc8 = -0.392331
       pc9 = 0.790879
      pc10 = -0.453587
      pc11 = 0.32593
      pc12 = -0.0947545
      pc13 = -0.191442
      pc14 = 0.0860078
Constrained:
   Tgbecnw = 102753
     Tecnw = 23831.3
       Tnw = 19802.9
       Tec = 986.034
     twoNb = 3.43323e+06
     twoNc = 352246
    twoNec = 164255
    twoNnw = 18616
  twoNecnw = 66937.3
  twoNbecnw = 10638.7
  twoNgbecnw = 186813
         m = 0.165773
        m2 = 0.0122301
        m4 = 0.016949
        Tb = 12408.7
        Ta = 43804.3
        Td = 493.017
#       SitePat  BranchLen
              b 122972.5076701
              e 46379.5913837
              c 47299.5506092
              n 44604.5041171
              w 44604.5041171
            b:e 1348.4761063
            b:c 1551.6695019
            b:n 1072.7200933
            b:w 1072.7200933
            e:c 11878.0673716
            e:n 4481.3866400
            e:w 4481.3866400
            c:n 4359.8526683
            c:w 4359.8526683
            n:w 12605.6129036
          b:e:c 1312.2104568
          b:e:n 608.7381434
          b:e:w 608.7381434
          b:c:n 609.4127575
          b:c:w 609.4127575
          b:n:w 1318.5387858
          e:c:n 4331.5007932
          e:c:w 4331.5007932
          e:n:w 5657.6162788
          c:n:w 5277.5972525
        b:e:c:n 1162.2459159
        b:e:c:w 1162.2459159
        b:e:n:w 2155.3939080
        b:c:n:w 1653.9785742
        e:c:n:w 49319.9110891
