########################################
# legofit: estimate population history #
#       version 2.3.4-4-g53f8760       #
########################################

# Program was compiled: Sep 21 2021 14:36:42
# Program was run: Sun Oct 10 20:46:57 2021

# cmd: legofit -1 -d 0 -t 32 --ptsPerDim 3 --stateOut b1boot6.state --tol 3e-6 -S 5000 abd2.lgo ../../chrX/boot_chrX/boot6.opf
# Stage nOptItr nSimReps
#     0    5000        0
# algorithm          : deterministic
# ignoring probs <=  : 0
# Branch length floor: 0
# DE strategy        : 2
#    F               : 0.3
#    CR              : 0.8
#    tolerance       : 3e-06
# nthreads           : 32
# lgo input file     : abd2.lgo
# site pat input file: ../../chrX/boot_chrX/boot6.opf
# free parameters    : 14
# points in DE swarm : 42
# output state file  : b1boot6.state
# Including singleton site patterns.
# cost function      : KL
Initial parameter values
Fixed:
      zero = 0
       one = 1
    Tbecnw = 75200
Free:
       pc1 = 0
       pc2 = 0
       pc3 = 0
       pc4 = 0
       pc5 = 0
       pc6 = 0
       pc7 = 0
       pc8 = 0
       pc9 = 0
      pc10 = 0
      pc11 = 0
      pc12 = 0
      pc13 = 0
      pc14 = 0
Constrained:
   Tgbecnw = 119499
     Tecnw = 24622.4
       Tnw = 18376.2
       Tec = 625.066
     twoNb = 1.98517e+06
     twoNc = 151453
    twoNec = 165616
    twoNnw = 30578.7
  twoNecnw = 66125.8
  twoNbecnw = 15455.7
  twoNgbecnw = 188164
         m = 0.151663
        m2 = 0.012479
        m4 = 0.0159618
        Tb = 12623.7
        Ta = 43911.9
        Td = 312.533
DiffEv reached_goal. cost=2.21935e-03 spread=2.57603e-06
Fitted parameter values
Free:
       pc1 = 1.87895
       pc2 = 0.836141
       pc3 = 1.05305
       pc4 = -1.4259
       pc5 = 1.64497
       pc6 = -0.915321
       pc7 = -1.69838
       pc8 = -1.99622
       pc9 = 0.874463
      pc10 = -0.447457
      pc11 = -0.184552
      pc12 = -0.345252
      pc13 = -0.0639539
      pc14 = 0.048373
Constrained:
   Tgbecnw = 103239
     Tecnw = 24421.7
       Tnw = 18289
       Tec = 914.953
     twoNb = 2.76921e+06
     twoNc = 134546
    twoNec = 171721
    twoNnw = 30527.9
  twoNecnw = 62440.7
  twoNbecnw = 11603.9
  twoNgbecnw = 160164
         m = 0.180389
        m2 = 0.0112426
        m4 = 0.0153588
        Tb = 12668.3
        Ta = 43934.2
        Td = 457.477
#       SitePat  BranchLen
              b 122005.3388371
              e 45928.8314976
              c 46744.1733202
              n 44489.0012147
              w 44489.0012147
            b:e 1317.7887057
            b:c 1515.5769562
            b:n 1069.6387990
            b:w 1069.6387990
            e:c 11628.0225518
            e:n 4509.5049879
            e:w 4509.5049879
            c:n 4396.8132429
            c:w 4396.8132429
            n:w 12178.8804178
          b:e:c 1261.3950398
          b:e:n 604.9703750
          b:e:w 604.9703750
          b:c:n 605.4962021
          b:c:w 605.4962021
          b:n:w 1266.6770331
          e:c:n 4468.6568020
          e:c:w 4468.6568020
          e:n:w 5663.2060512
          c:n:w 5297.4319017
        b:e:c:n 1147.2560513
        b:e:c:w 1147.2560513
        b:e:n:w 1985.5121438
        b:c:n:w 1562.4875694
        e:c:n:w 48523.9675331
