########################################
# legofit: estimate population history #
#       version 2.3.4-4-g53f8760       #
########################################

# Program was compiled: Sep 21 2021 14:36:42
# Program was run: Sun Oct 10 20:51:42 2021

# cmd: legofit -1 -d 0 -t 32 --ptsPerDim 3 --stateOut b1boot43.state --tol 3e-6 -S 5000 abd2.lgo ../../chrX/boot_chrX/boot43.opf
# Stage nOptItr nSimReps
#     0    5000        0
# algorithm          : deterministic
# ignoring probs <=  : 0
# Branch length floor: 0
# DE strategy        : 2
#    F               : 0.3
#    CR              : 0.8
#    tolerance       : 3e-06
# nthreads           : 32
# lgo input file     : abd2.lgo
# site pat input file: ../../chrX/boot_chrX/boot43.opf
# free parameters    : 14
# points in DE swarm : 42
# output state file  : b1boot43.state
# Including singleton site patterns.
# cost function      : KL
Initial parameter values
Fixed:
      zero = 0
       one = 1
    Tbecnw = 75200
Free:
       pc1 = 0
       pc2 = 0
       pc3 = 0
       pc4 = 0
       pc5 = 0
       pc6 = 0
       pc7 = 0
       pc8 = 0
       pc9 = 0
      pc10 = 0
      pc11 = 0
      pc12 = 0
      pc13 = 0
      pc14 = 0
Constrained:
   Tgbecnw = 119499
     Tecnw = 24622.4
       Tnw = 18376.2
       Tec = 625.066
     twoNb = 1.98517e+06
     twoNc = 151453
    twoNec = 165616
    twoNnw = 30578.7
  twoNecnw = 66125.8
  twoNbecnw = 15455.7
  twoNgbecnw = 188164
         m = 0.151663
        m2 = 0.012479
        m4 = 0.0159618
        Tb = 12623.7
        Ta = 43911.9
        Td = 312.533
DiffEv reached_goal. cost=2.39276e-03 spread=2.71102e-06
Fitted parameter values
Free:
       pc1 = 3.98726
       pc2 = -3.04114
       pc3 = 0.0508724
       pc4 = -1.01854
       pc5 = 1.76153
       pc6 = -0.239879
       pc7 = 0.858359
       pc8 = 0.593691
       pc9 = 0.980385
      pc10 = -0.280996
      pc11 = -0.403891
      pc12 = -0.0619996
      pc13 = -0.309589
      pc14 = 0.199408
Constrained:
   Tgbecnw = 100351
     Tecnw = 23499.4
       Tnw = 18504.4
       Tec = 578.094
     twoNb = 3.95886e+06
     twoNc = 75946.8
    twoNec = 160146
    twoNnw = 22840
  twoNecnw = 64205.6
  twoNbecnw = 9322.34
  twoNgbecnw = 211498
         m = 0.131717
        m2 = 0.0135077
        m4 = 0.0167268
        Tb = 12038.8
        Ta = 43619.4
        Td = 289.047
#       SitePat  BranchLen
              b 118960.4491121
              e 45334.2341966
              c 46224.9782996
              n 43549.5526688
              w 43549.5526688
            b:e 1287.4118407
            b:c 1455.3090910
            b:n 1030.5525108
            b:w 1030.5525108
            e:c 11791.2675066
            e:n 4371.4683113
            e:w 4371.4683113
            c:n 4252.5883865
            c:w 4252.5883865
            n:w 12518.4986624
          b:e:c 1270.6004587
          b:e:n 581.9931067
          b:e:w 581.9931067
          b:c:n 583.2460037
          b:c:w 583.2460037
          b:n:w 1277.3574327
          e:c:n 4274.5916988
          e:c:w 4274.5916988
          e:n:w 5552.0846607
          c:n:w 5199.4350849
        b:e:c:n 1117.9300516
        b:e:c:w 1117.9300516
        b:e:n:w 2089.0046650
        b:c:n:w 1618.2666600
        e:c:n:w 46569.2734336
