########################################
# legofit: estimate population history #
#       version 2.3.4-4-g53f8760       #
########################################

# Program was compiled: Sep 21 2021 14:36:42
# Program was run: Sun Oct 10 20:47:00 2021

# cmd: legofit -1 -d 0 -t 32 --ptsPerDim 3 --stateOut b1boot7.state --tol 3e-6 -S 5000 abd2.lgo ../../chrX/boot_chrX/boot7.opf
# Stage nOptItr nSimReps
#     0    5000        0
# algorithm          : deterministic
# ignoring probs <=  : 0
# Branch length floor: 0
# DE strategy        : 2
#    F               : 0.3
#    CR              : 0.8
#    tolerance       : 3e-06
# nthreads           : 32
# lgo input file     : abd2.lgo
# site pat input file: ../../chrX/boot_chrX/boot7.opf
# free parameters    : 14
# points in DE swarm : 42
# output state file  : b1boot7.state
# Including singleton site patterns.
# cost function      : KL
Initial parameter values
Fixed:
      zero = 0
       one = 1
    Tbecnw = 75200
Free:
       pc1 = 0
       pc2 = 0
       pc3 = 0
       pc4 = 0
       pc5 = 0
       pc6 = 0
       pc7 = 0
       pc8 = 0
       pc9 = 0
      pc10 = 0
      pc11 = 0
      pc12 = 0
      pc13 = 0
      pc14 = 0
Constrained:
   Tgbecnw = 119499
     Tecnw = 24622.4
       Tnw = 18376.2
       Tec = 625.066
     twoNb = 1.98517e+06
     twoNc = 151453
    twoNec = 165616
    twoNnw = 30578.7
  twoNecnw = 66125.8
  twoNbecnw = 15455.7
  twoNgbecnw = 188164
         m = 0.151663
        m2 = 0.012479
        m4 = 0.0159618
        Tb = 12623.7
        Ta = 43911.9
        Td = 312.533
DiffEv reached_goal. cost=2.40084e-03 spread=2.38211e-06
Fitted parameter values
Free:
       pc1 = 3.99599
       pc2 = -3.94209
       pc3 = 1.22982
       pc4 = -0.0338699
       pc5 = 1.45812
       pc6 = 0.162364
       pc7 = 0.762371
       pc8 = 1.68502
       pc9 = -0.986645
      pc10 = 0.196956
      pc11 = -0.420651
      pc12 = -0.059311
      pc13 = -0.254264
      pc14 = -0.0401176
Constrained:
   Tgbecnw = 100787
     Tecnw = 23332.2
       Tnw = 17190.1
       Tec = 1030.28
     twoNb = 2.92249e+06
     twoNc = 150786
    twoNec = 147470
    twoNnw = 31170.2
  twoNecnw = 64806.1
  twoNbecnw = 9177.26
  twoNgbecnw = 231843
         m = 0.119808
        m2 = 0.0133467
        m4 = 0.0153603
        Tb = 12181.2
        Ta = 43690.6
        Td = 515.139
#       SitePat  BranchLen
              b 118786.2693982
              e 44960.2162207
              c 45778.8054701
              n 43925.5551818
              w 43925.5551818
            b:e 1273.2974035
            b:c 1426.8564749
            b:n 1068.7350237
            b:w 1068.7350237
            e:c 11963.1244401
            e:n 4437.3843971
            e:w 4437.3843971
            c:n 4325.6884831
            c:w 4325.6884831
            n:w 12199.5338926
          b:e:c 1270.0513316
          b:e:n 596.3289959
          b:e:w 596.3289959
          b:c:n 597.8291436
          b:c:w 597.8291436
          b:n:w 1279.3150927
          e:c:n 4403.2546876
          e:c:w 4403.2546876
          e:n:w 5375.5172621
          c:n:w 5059.6898028
        b:e:c:n 1161.8938076
        b:e:c:w 1161.8938076
        b:e:n:w 2045.1344013
        b:c:n:w 1609.2048579
        e:c:n:w 46454.6384513
