########################################
# legofit: estimate population history #
#       version 2.3.4-4-g53f8760       #
########################################

# Program was compiled: Sep 21 2021 14:36:42
# Program was run: Sun Oct 10 20:49:56 2021

# cmd: legofit -1 -d 0 -t 32 --ptsPerDim 3 --stateOut b1boot29.state --tol 3e-6 -S 5000 abd2.lgo ../../chrX/boot_chrX/boot29.opf
# Stage nOptItr nSimReps
#     0    5000        0
# algorithm          : deterministic
# ignoring probs <=  : 0
# Branch length floor: 0
# DE strategy        : 2
#    F               : 0.3
#    CR              : 0.8
#    tolerance       : 3e-06
# nthreads           : 32
# lgo input file     : abd2.lgo
# site pat input file: ../../chrX/boot_chrX/boot29.opf
# free parameters    : 14
# points in DE swarm : 42
# output state file  : b1boot29.state
# Including singleton site patterns.
# cost function      : KL
Initial parameter values
Fixed:
      zero = 0
       one = 1
    Tbecnw = 75200
Free:
       pc1 = 0
       pc2 = 0
       pc3 = 0
       pc4 = 0
       pc5 = 0
       pc6 = 0
       pc7 = 0
       pc8 = 0
       pc9 = 0
      pc10 = 0
      pc11 = 0
      pc12 = 0
      pc13 = 0
      pc14 = 0
Constrained:
   Tgbecnw = 119499
     Tecnw = 24622.4
       Tnw = 18376.2
       Tec = 625.066
     twoNb = 1.98517e+06
     twoNc = 151453
    twoNec = 165616
    twoNnw = 30578.7
  twoNecnw = 66125.8
  twoNbecnw = 15455.7
  twoNgbecnw = 188164
         m = 0.151663
        m2 = 0.012479
        m4 = 0.0159618
        Tb = 12623.7
        Ta = 43911.9
        Td = 312.533
DiffEv reached_goal. cost=2.38638e-03 spread=2.66537e-06
Fitted parameter values
Free:
       pc1 = 2.57904
       pc2 = -3.94905
       pc3 = 1.43404
       pc4 = -0.200165
       pc5 = 1.83546
       pc6 = -0.789676
       pc7 = -1.18841
       pc8 = 0.714647
       pc9 = -0.183316
      pc10 = 0.502095
      pc11 = -0.0219957
      pc12 = -0.123179
      pc13 = -0.311448
      pc14 = 0.0209109
Constrained:
   Tgbecnw = 99956.6
     Tecnw = 24080.5
       Tnw = 17343.7
       Tec = 947.686
     twoNb = 2.29606e+06
     twoNc = 84523.7
    twoNec = 155322
    twoNnw = 34138.4
  twoNecnw = 60745.8
  twoNbecnw = 9034.03
  twoNgbecnw = 220541
         m = 0.127249
        m2 = 0.0127434
        m4 = 0.0156676
        Tb = 12514.1
        Ta = 43857
        Td = 473.843
#       SitePat  BranchLen
              b 119144.6030468
              e 44719.2536500
              c 45555.0859605
              n 43682.5964019
              w 43682.5964019
            b:e 1223.3037474
            b:c 1392.8626818
            b:n 1015.8976730
            b:w 1015.8976730
            e:c 11648.1824750
            e:n 4340.2839447
            e:w 4340.2839447
            c:n 4227.2559979
            c:w 4227.2559979
            n:w 11891.6254049
          b:e:c 1203.5974250
          b:e:n 566.8274060
          b:e:w 566.8274060
          b:c:n 568.3961280
          b:c:w 568.3961280
          b:n:w 1211.4617933
          e:c:n 4357.9966678
          e:c:w 4357.9966678
          e:n:w 5370.5212799
          c:n:w 5031.6974438
        b:e:c:n 1097.6426428
        b:e:c:w 1097.6426428
        b:e:n:w 1971.8065294
        b:c:n:w 1528.1573245
        e:c:n:w 47311.1542479
