########################################
# legofit: estimate population history #
#       version 2.3.4-4-g53f8760       #
########################################

# Program was compiled: Sep 21 2021 14:36:42
# Program was run: Sun Oct 10 20:52:10 2021

# cmd: legofit -1 -d 0 -t 32 --ptsPerDim 3 --stateOut b1boot47.state --tol 3e-6 -S 5000 abd2.lgo ../../chrX/boot_chrX/boot47.opf
# Stage nOptItr nSimReps
#     0    5000        0
# algorithm          : deterministic
# ignoring probs <=  : 0
# Branch length floor: 0
# DE strategy        : 2
#    F               : 0.3
#    CR              : 0.8
#    tolerance       : 3e-06
# nthreads           : 32
# lgo input file     : abd2.lgo
# site pat input file: ../../chrX/boot_chrX/boot47.opf
# free parameters    : 14
# points in DE swarm : 42
# output state file  : b1boot47.state
# Including singleton site patterns.
# cost function      : KL
Initial parameter values
Fixed:
      zero = 0
       one = 1
    Tbecnw = 75200
Free:
       pc1 = 0
       pc2 = 0
       pc3 = 0
       pc4 = 0
       pc5 = 0
       pc6 = 0
       pc7 = 0
       pc8 = 0
       pc9 = 0
      pc10 = 0
      pc11 = 0
      pc12 = 0
      pc13 = 0
      pc14 = 0
Constrained:
   Tgbecnw = 119499
     Tecnw = 24622.4
       Tnw = 18376.2
       Tec = 625.066
     twoNb = 1.98517e+06
     twoNc = 151453
    twoNec = 165616
    twoNnw = 30578.7
  twoNecnw = 66125.8
  twoNbecnw = 15455.7
  twoNgbecnw = 188164
         m = 0.151663
        m2 = 0.012479
        m4 = 0.0159618
        Tb = 12623.7
        Ta = 43911.9
        Td = 312.533
DiffEv reached_goal. cost=2.31961e-03 spread=2.80415e-06
Fitted parameter values
Free:
       pc1 = 3.90202
       pc2 = -3.99528
       pc3 = 1.58644
       pc4 = 0.219619
       pc5 = 1.88811
       pc6 = 1.30492
       pc7 = -1.09638
       pc8 = 1.71016
       pc9 = -0.39225
      pc10 = 0.326512
      pc11 = -0.107575
      pc12 = -0.000472996
      pc13 = -0.4053
      pc14 = 0.0924263
Constrained:
   Tgbecnw = 97988.9
     Tecnw = 23642.9
       Tnw = 17454.8
       Tec = 1507
     twoNb = 2.41773e+06
     twoNc = 365966
    twoNec = 149458
    twoNnw = 30541.1
  twoNecnw = 62178.2
  twoNbecnw = 8155.85
  twoNgbecnw = 227546
         m = 0.122019
        m2 = 0.0141718
        m4 = 0.015734
        Tb = 12574.9
        Ta = 43887.5
        Td = 753.498
#       SitePat  BranchLen
              b 117794.0451863
              e 44739.3338852
              c 45567.3183159
              n 43423.6565338
              w 43423.6565338
            b:e 1202.6402099
            b:c 1363.2944211
            b:n 981.5214707
            b:w 981.5214707
            e:c 11583.4540174
            e:n 4317.2900719
            e:w 4317.2900719
            c:n 4204.7411413
            c:w 4204.7411413
            n:w 12011.6322752
          b:e:c 1178.9713904
          b:e:n 550.2403400
          b:e:w 550.2403400
          b:c:n 551.8631607
          b:c:w 551.8631607
          b:n:w 1187.6574138
          e:c:n 4266.1839852
          e:c:w 4266.1839852
          e:n:w 5332.0643384
          c:n:w 5004.8197689
        b:e:c:n 1065.3710891
        b:e:c:w 1065.3710891
        b:e:n:w 1977.1355179
        b:c:n:w 1537.5934385
        e:c:n:w 46127.5597818
