########################################
# legofit: estimate population history #
#       version 2.3.4-4-g53f8760       #
########################################

# Program was compiled: Sep 21 2021 14:36:42
# Program was run: Sun Oct 10 20:51:58 2021

# cmd: legofit -1 -d 0 -t 32 --ptsPerDim 3 --stateOut b1boot45.state --tol 3e-6 -S 5000 abd2.lgo ../../chrX/boot_chrX/boot45.opf
# Stage nOptItr nSimReps
#     0    5000        0
# algorithm          : deterministic
# ignoring probs <=  : 0
# Branch length floor: 0
# DE strategy        : 2
#    F               : 0.3
#    CR              : 0.8
#    tolerance       : 3e-06
# nthreads           : 32
# lgo input file     : abd2.lgo
# site pat input file: ../../chrX/boot_chrX/boot45.opf
# free parameters    : 14
# points in DE swarm : 42
# output state file  : b1boot45.state
# Including singleton site patterns.
# cost function      : KL
Initial parameter values
Fixed:
      zero = 0
       one = 1
    Tbecnw = 75200
Free:
       pc1 = 0
       pc2 = 0
       pc3 = 0
       pc4 = 0
       pc5 = 0
       pc6 = 0
       pc7 = 0
       pc8 = 0
       pc9 = 0
      pc10 = 0
      pc11 = 0
      pc12 = 0
      pc13 = 0
      pc14 = 0
Constrained:
   Tgbecnw = 119499
     Tecnw = 24622.4
       Tnw = 18376.2
       Tec = 625.066
     twoNb = 1.98517e+06
     twoNc = 151453
    twoNec = 165616
    twoNnw = 30578.7
  twoNecnw = 66125.8
  twoNbecnw = 15455.7
  twoNgbecnw = 188164
         m = 0.151663
        m2 = 0.012479
        m4 = 0.0159618
        Tb = 12623.7
        Ta = 43911.9
        Td = 312.533
DiffEv reached_goal. cost=2.13269e-03 spread=2.45238e-06
Fitted parameter values
Free:
       pc1 = 2.90799
       pc2 = -3.60219
       pc3 = 1.70722
       pc4 = 0.33531
       pc5 = 1.95625
       pc6 = 0.342972
       pc7 = -0.447439
       pc8 = 1.06976
       pc9 = -0.359423
      pc10 = 0.266218
      pc11 = -0.133849
      pc12 = 0.0206143
      pc13 = -0.305489
      pc14 = 0.0892307
Constrained:
   Tgbecnw = 101255
     Tecnw = 23884.3
       Tnw = 16817.1
       Tec = 1348.38
     twoNb = 2.55263e+06
     twoNc = 221742
    twoNec = 150927
    twoNnw = 34925.1
  twoNecnw = 62587.3
  twoNbecnw = 9438.56
  twoNgbecnw = 221319
         m = 0.125713
        m2 = 0.0131743
        m4 = 0.0161595
        Tb = 12616.3
        Ta = 43908.2
        Td = 674.192
#       SitePat  BranchLen
              b 119055.9550261
              e 45048.6565298
              c 45908.1462726
              n 43761.1359044
              w 43761.1359044
            b:e 1250.4046178
            b:c 1419.5712453
            b:n 1032.8715221
            b:w 1032.8715221
            e:c 11770.4331073
            e:n 4367.7221180
            e:w 4367.7221180
            c:n 4251.3709494
            c:w 4251.3709494
            n:w 12211.3144114
          b:e:c 1236.6965440
          b:e:n 576.8536313
          b:e:w 576.8536313
          b:c:n 578.3485446
          b:c:w 578.3485446
          b:n:w 1245.0275831
          e:c:n 4351.1564811
          e:c:w 4351.1564811
          e:n:w 5413.2465560
          c:n:w 5070.7082155
        b:e:c:n 1117.9005625
        b:e:c:w 1117.9005625
        b:e:n:w 2025.4524391
        b:c:n:w 1569.0466722
        e:c:n:w 46841.9477018
