########################################
# legofit: estimate population history #
#       version 2.3.4-4-g53f8760       #
########################################

# Program was compiled: Sep 21 2021 14:36:42
# Program was run: Sun Oct 10 20:49:12 2021

# cmd: legofit -1 -d 0 -t 32 --ptsPerDim 3 --stateOut b1boot23.state --tol 3e-6 -S 5000 abd2.lgo ../../chrX/boot_chrX/boot23.opf
# Stage nOptItr nSimReps
#     0    5000        0
# algorithm          : deterministic
# ignoring probs <=  : 0
# Branch length floor: 0
# DE strategy        : 2
#    F               : 0.3
#    CR              : 0.8
#    tolerance       : 3e-06
# nthreads           : 32
# lgo input file     : abd2.lgo
# site pat input file: ../../chrX/boot_chrX/boot23.opf
# free parameters    : 14
# points in DE swarm : 42
# output state file  : b1boot23.state
# Including singleton site patterns.
# cost function      : KL
Initial parameter values
Fixed:
      zero = 0
       one = 1
    Tbecnw = 75200
Free:
       pc1 = 0
       pc2 = 0
       pc3 = 0
       pc4 = 0
       pc5 = 0
       pc6 = 0
       pc7 = 0
       pc8 = 0
       pc9 = 0
      pc10 = 0
      pc11 = 0
      pc12 = 0
      pc13 = 0
      pc14 = 0
Constrained:
   Tgbecnw = 119499
     Tecnw = 24622.4
       Tnw = 18376.2
       Tec = 625.066
     twoNb = 1.98517e+06
     twoNc = 151453
    twoNec = 165616
    twoNnw = 30578.7
  twoNecnw = 66125.8
  twoNbecnw = 15455.7
  twoNgbecnw = 188164
         m = 0.151663
        m2 = 0.012479
        m4 = 0.0159618
        Tb = 12623.7
        Ta = 43911.9
        Td = 312.533
DiffEv reached_goal. cost=2.31511e-03 spread=2.97767e-06
Fitted parameter values
Free:
       pc1 = 3.74735
       pc2 = -2.06088
       pc3 = -0.0343875
       pc4 = 0.981814
       pc5 = 1.9608
       pc6 = -1.18811
       pc7 = 0.669279
       pc8 = -0.364079
       pc9 = 0.840125
      pc10 = 0.10206
      pc11 = -0.474038
      pc12 = -0.0298918
      pc13 = -0.30767
      pc14 = 0.135135
Constrained:
   Tgbecnw = 102137
     Tecnw = 23729.4
       Tnw = 18975
       Tec = 1111.72
     twoNb = 3.3711e+06
     twoNc = 33510
    twoNec = 152926
    twoNnw = 22970
  twoNecnw = 64379.7
  twoNbecnw = 10168.5
  twoNgbecnw = 201882
         m = 0.13844
        m2 = 0.0107468
        m4 = 0.0183351
        Tb = 12420.6
        Ta = 43810.3
        Td = 555.86
#       SitePat  BranchLen
              b 119820.0269860
              e 45313.5938692
              c 46293.0636414
              n 44162.5552503
              w 44162.5552503
            b:e 1286.3083973
            b:c 1480.9446187
            b:n 1074.1920092
            b:w 1074.1920092
            e:c 11951.3174736
            e:n 4440.4662288
            e:w 4440.4662288
            c:n 4307.7725092
            c:w 4307.7725092
            n:w 12300.9303744
          b:e:c 1292.8624964
          b:e:n 600.7350429
          b:e:w 600.7350429
          b:c:n 602.0136069
          b:c:w 602.0136069
          b:n:w 1298.0765163
          e:c:n 4403.1556836
          e:c:w 4403.1556836
          e:n:w 5537.3136253
          c:n:w 5142.6913307
        b:e:c:n 1162.4318570
        b:e:c:w 1162.4318570
        b:e:n:w 2079.2933920
        b:c:n:w 1562.6396610
        e:c:n:w 47024.6307486
