########################################
# legofit: estimate population history #
#       version 2.3.4-4-g53f8760       #
########################################

# Program was compiled: Sep 21 2021 14:36:42
# Program was run: Sun Oct 10 20:50:08 2021

# cmd: legofit -1 -d 0 -t 32 --ptsPerDim 3 --stateOut b1boot30.state --tol 3e-6 -S 5000 abd2.lgo ../../chrX/boot_chrX/boot30.opf
# Stage nOptItr nSimReps
#     0    5000        0
# algorithm          : deterministic
# ignoring probs <=  : 0
# Branch length floor: 0
# DE strategy        : 2
#    F               : 0.3
#    CR              : 0.8
#    tolerance       : 3e-06
# nthreads           : 32
# lgo input file     : abd2.lgo
# site pat input file: ../../chrX/boot_chrX/boot30.opf
# free parameters    : 14
# points in DE swarm : 42
# output state file  : b1boot30.state
# Including singleton site patterns.
# cost function      : KL
Initial parameter values
Fixed:
      zero = 0
       one = 1
    Tbecnw = 75200
Free:
       pc1 = 0
       pc2 = 0
       pc3 = 0
       pc4 = 0
       pc5 = 0
       pc6 = 0
       pc7 = 0
       pc8 = 0
       pc9 = 0
      pc10 = 0
      pc11 = 0
      pc12 = 0
      pc13 = 0
      pc14 = 0
Constrained:
   Tgbecnw = 119499
     Tecnw = 24622.4
       Tnw = 18376.2
       Tec = 625.066
     twoNb = 1.98517e+06
     twoNc = 151453
    twoNec = 165616
    twoNnw = 30578.7
  twoNecnw = 66125.8
  twoNbecnw = 15455.7
  twoNgbecnw = 188164
         m = 0.151663
        m2 = 0.012479
        m4 = 0.0159618
        Tb = 12623.7
        Ta = 43911.9
        Td = 312.533
DiffEv reached_goal. cost=2.38051e-03 spread=2.92110e-06
Fitted parameter values
Free:
       pc1 = 3.91514
       pc2 = -3.85124
       pc3 = 0.447774
       pc4 = -0.0173989
       pc5 = 1.94534
       pc6 = 1.5046
       pc7 = -0.092967
       pc8 = -0.933913
       pc9 = -0.407961
      pc10 = 0.145351
      pc11 = -0.333957
      pc12 = -0.233357
      pc13 = -0.107932
      pc14 = 0.0392924
Constrained:
   Tgbecnw = 102300
     Tecnw = 23890.6
       Tnw = 18527.9
       Tec = 1545.26
     twoNb = 4.20082e+06
     twoNc = 344178
    twoNec = 149639
    twoNnw = 25761.1
  twoNecnw = 62119.5
  twoNbecnw = 9749.2
  twoNgbecnw = 220851
         m = 0.129986
        m2 = 0.011991
        m4 = 0.0150122
        Tb = 12717.9
        Ta = 43959
        Td = 772.63
#       SitePat  BranchLen
              b 120242.2497138
              e 44933.2833550
              c 45756.1084470
              n 43701.4687500
              w 43701.4687500
            b:e 1226.3434269
            b:c 1377.7069541
            b:n 1014.5798651
            b:w 1014.5798651
            e:c 11793.3615566
            e:n 4336.1722260
            e:w 4336.1722260
            c:n 4228.5181945
            c:w 4228.5181945
            n:w 12145.8639403
          b:e:c 1223.4239501
          b:e:n 564.8828730
          b:e:w 564.8828730
          b:c:n 565.9123886
          b:c:w 565.9123886
          b:n:w 1232.4819756
          e:c:n 4346.8626873
          e:c:w 4346.8626873
          e:n:w 5420.5679004
          c:n:w 5098.3492645
        b:e:c:n 1094.3375500
        b:e:c:w 1094.3375500
        b:e:n:w 1970.2146518
        b:c:n:w 1531.4934520
        e:c:n:w 48031.6343942
