########################################
# legofit: estimate population history #
#       version 2.3.4-4-g53f8760       #
########################################

# Program was compiled: Sep 21 2021 14:36:42
# Program was run: Sun Oct 10 20:48:35 2021

# cmd: legofit -1 -d 0 -t 32 --ptsPerDim 3 --stateOut b1boot20.state --tol 3e-6 -S 5000 abd2.lgo ../../chrX/boot_chrX/boot20.opf
# Stage nOptItr nSimReps
#     0    5000        0
# algorithm          : deterministic
# ignoring probs <=  : 0
# Branch length floor: 0
# DE strategy        : 2
#    F               : 0.3
#    CR              : 0.8
#    tolerance       : 3e-06
# nthreads           : 32
# lgo input file     : abd2.lgo
# site pat input file: ../../chrX/boot_chrX/boot20.opf
# free parameters    : 14
# points in DE swarm : 42
# output state file  : b1boot20.state
# Including singleton site patterns.
# cost function      : KL
Initial parameter values
Fixed:
      zero = 0
       one = 1
    Tbecnw = 75200
Free:
       pc1 = 0
       pc2 = 0
       pc3 = 0
       pc4 = 0
       pc5 = 0
       pc6 = 0
       pc7 = 0
       pc8 = 0
       pc9 = 0
      pc10 = 0
      pc11 = 0
      pc12 = 0
      pc13 = 0
      pc14 = 0
Constrained:
   Tgbecnw = 119499
     Tecnw = 24622.4
       Tnw = 18376.2
       Tec = 625.066
     twoNb = 1.98517e+06
     twoNc = 151453
    twoNec = 165616
    twoNnw = 30578.7
  twoNecnw = 66125.8
  twoNbecnw = 15455.7
  twoNgbecnw = 188164
         m = 0.151663
        m2 = 0.012479
        m4 = 0.0159618
        Tb = 12623.7
        Ta = 43911.9
        Td = 312.533
DiffEv reached_goal. cost=2.30484e-03 spread=2.15797e-06
Fitted parameter values
Free:
       pc1 = 3.84576
       pc2 = -3.73439
       pc3 = 1.80935
       pc4 = -1.44256
       pc5 = 1.94817
       pc6 = 1.23772
       pc7 = -1.52327
       pc8 = 1.46153
       pc9 = -0.287949
      pc10 = -0.105019
      pc11 = -0.145994
      pc12 = 0.0362453
      pc13 = -0.476553
      pc14 = 0.186486
Constrained:
   Tgbecnw = 95120.2
     Tecnw = 23641.9
       Tnw = 17079.5
       Tec = 1168.11
     twoNb = 2.71299e+06
     twoNc = 346018
    twoNec = 158776
    twoNnw = 31595.3
  twoNecnw = 61570.2
  twoNbecnw = 7528.45
  twoNgbecnw = 217912
         m = 0.128559
        m2 = 0.0149648
        m4 = 0.0142731
        Tb = 12405
        Ta = 43802.5
        Td = 584.056
#       SitePat  BranchLen
              b 118118.2864283
              e 44894.2795230
              c 45646.1877438
              n 43162.0585418
              w 43162.0585418
            b:e 1276.3390867
            b:c 1426.5493080
            b:n 1019.1273290
            b:w 1019.1273290
            e:c 11446.2363106
            e:n 4330.2572052
            e:w 4330.2572052
            c:n 4228.8007641
            c:w 4228.8007641
            n:w 12143.2492732
          b:e:c 1234.9616301
          b:e:n 577.6328039
          b:e:w 577.6328039
          b:c:n 579.2134924
          b:c:w 579.2134924
          b:n:w 1241.5870302
          e:c:n 4265.5876732
          e:c:w 4265.5876732
          e:n:w 5437.1803673
          c:n:w 5132.8221568
        b:e:c:n 1108.8391655
        b:e:c:w 1108.8391655
        b:e:n:w 2025.2840166
        b:c:n:w 1627.2750614
        e:c:n:w 46640.9939629
