########################################
# legofit: estimate population history #
#       version 2.3.4-4-g53f8760       #
########################################

# Program was compiled: Sep 21 2021 14:36:42
# Program was run: Sun Oct 10 20:49:29 2021

# cmd: legofit -1 -d 0 -t 32 --ptsPerDim 3 --stateOut b1boot26.state --tol 3e-6 -S 5000 abd2.lgo ../../chrX/boot_chrX/boot26.opf
# Stage nOptItr nSimReps
#     0    5000        0
# algorithm          : deterministic
# ignoring probs <=  : 0
# Branch length floor: 0
# DE strategy        : 2
#    F               : 0.3
#    CR              : 0.8
#    tolerance       : 3e-06
# nthreads           : 32
# lgo input file     : abd2.lgo
# site pat input file: ../../chrX/boot_chrX/boot26.opf
# free parameters    : 14
# points in DE swarm : 42
# output state file  : b1boot26.state
# Including singleton site patterns.
# cost function      : KL
Initial parameter values
Fixed:
      zero = 0
       one = 1
    Tbecnw = 75200
Free:
       pc1 = 0
       pc2 = 0
       pc3 = 0
       pc4 = 0
       pc5 = 0
       pc6 = 0
       pc7 = 0
       pc8 = 0
       pc9 = 0
      pc10 = 0
      pc11 = 0
      pc12 = 0
      pc13 = 0
      pc14 = 0
Constrained:
   Tgbecnw = 119499
     Tecnw = 24622.4
       Tnw = 18376.2
       Tec = 625.066
     twoNb = 1.98517e+06
     twoNc = 151453
    twoNec = 165616
    twoNnw = 30578.7
  twoNecnw = 66125.8
  twoNbecnw = 15455.7
  twoNgbecnw = 188164
         m = 0.151663
        m2 = 0.012479
        m4 = 0.0159618
        Tb = 12623.7
        Ta = 43911.9
        Td = 312.533
DiffEv reached_goal. cost=2.27836e-03 spread=2.96476e-06
Fitted parameter values
Free:
       pc1 = 3.659
       pc2 = -3.77845
       pc3 = 0.361607
       pc4 = -0.073669
       pc5 = 1.45416
       pc6 = 0.344766
       pc7 = 0.0516138
       pc8 = 1.12891
       pc9 = 0.320566
      pc10 = -0.082953
      pc11 = -0.459537
      pc12 = -0.0236833
      pc13 = -0.202806
      pc14 = 0.07673
Constrained:
   Tgbecnw = 101786
     Tecnw = 23561.4
       Tnw = 18405.3
       Tec = 1091.09
     twoNb = 3.16459e+06
     twoNc = 176586
    twoNec = 155107
    twoNnw = 24825.2
  twoNecnw = 63127.2
  twoNbecnw = 9831.83
  twoNgbecnw = 222739
         m = 0.121667
        m2 = 0.0135857
        m4 = 0.0163924
        Tb = 12326.2
        Ta = 43763.1
        Td = 545.546
#       SitePat  BranchLen
              b 119060.4967810
              e 45182.6363296
              c 46058.1535197
              n 43718.5583053
              w 43718.5583053
            b:e 1328.8235156
            b:c 1495.5368880
            b:n 1086.8944097
            b:w 1086.8944097
            e:c 11793.3758763
            e:n 4431.8624187
            e:w 4431.8624187
            c:n 4313.4608944
            c:w 4313.4608944
            n:w 12300.2942289
          b:e:c 1312.7525801
          b:e:n 611.6755131
          b:e:w 611.6755131
          b:c:n 613.2275282
          b:c:w 613.2275282
          b:n:w 1319.5160305
          e:c:n 4396.5216624
          e:c:w 4396.5216624
          e:n:w 5570.5144925
          c:n:w 5221.5439762
        b:e:c:n 1177.6393002
        b:e:c:w 1177.6393002
        b:e:n:w 2121.3532911
        b:c:n:w 1661.7920271
        e:c:n:w 46734.2911577
