########################################
# legofit: estimate population history #
#       version 2.3.4-4-g53f8760       #
########################################

# Program was compiled: Sep 21 2021 14:36:42
# Program was run: Sun Oct 10 20:50:26 2021

# cmd: legofit -1 -d 0 -t 32 --ptsPerDim 3 --stateOut b1boot34.state --tol 3e-6 -S 5000 abd2.lgo ../../chrX/boot_chrX/boot34.opf
# Stage nOptItr nSimReps
#     0    5000        0
# algorithm          : deterministic
# ignoring probs <=  : 0
# Branch length floor: 0
# DE strategy        : 2
#    F               : 0.3
#    CR              : 0.8
#    tolerance       : 3e-06
# nthreads           : 32
# lgo input file     : abd2.lgo
# site pat input file: ../../chrX/boot_chrX/boot34.opf
# free parameters    : 14
# points in DE swarm : 42
# output state file  : b1boot34.state
# Including singleton site patterns.
# cost function      : KL
Initial parameter values
Fixed:
      zero = 0
       one = 1
    Tbecnw = 75200
Free:
       pc1 = 0
       pc2 = 0
       pc3 = 0
       pc4 = 0
       pc5 = 0
       pc6 = 0
       pc7 = 0
       pc8 = 0
       pc9 = 0
      pc10 = 0
      pc11 = 0
      pc12 = 0
      pc13 = 0
      pc14 = 0
Constrained:
   Tgbecnw = 119499
     Tecnw = 24622.4
       Tnw = 18376.2
       Tec = 625.066
     twoNb = 1.98517e+06
     twoNc = 151453
    twoNec = 165616
    twoNnw = 30578.7
  twoNecnw = 66125.8
  twoNbecnw = 15455.7
  twoNgbecnw = 188164
         m = 0.151663
        m2 = 0.012479
        m4 = 0.0159618
        Tb = 12623.7
        Ta = 43911.9
        Td = 312.533
DiffEv reached_goal. cost=2.18669e-03 spread=2.32477e-06
Fitted parameter values
Free:
       pc1 = 1.98029
       pc2 = -3.90939
       pc3 = 1.23313
       pc4 = 1.48995
       pc5 = 1.98806
       pc6 = -0.0696219
       pc7 = 0.142328
       pc8 = 0.0539845
       pc9 = 0.192818
      pc10 = 0.290978
      pc11 = -0.13308
      pc12 = -0.343015
      pc13 = 0.0115683
      pc14 = -0.0242358
Constrained:
   Tgbecnw = 107990
     Tecnw = 24186.8
       Tnw = 17167.3
       Tec = 1607.79
     twoNb = 2.98383e+06
     twoNc = 135022
    twoNec = 148469
    twoNnw = 35193.7
  twoNecnw = 61671.9
  twoNbecnw = 11376.8
  twoNgbecnw = 224640
         m = 0.125896
        m2 = 0.0118764
        m4 = 0.017708
        Tb = 12897.3
        Ta = 44048.7
        Td = 803.895
#       SitePat  BranchLen
              b 120930.0108617
              e 45064.7115085
              c 46039.5356055
              n 44014.2170795
              w 44014.2170795
            b:e 1214.4589307
            b:c 1398.1008393
            b:n 1020.2356022
            b:w 1020.2356022
            e:c 11842.9020060
            e:n 4384.0502090
            e:w 4384.0502090
            c:n 4255.1949294
            c:w 4255.1949294
            n:w 12136.2658708
          b:e:c 1208.1123124
          b:e:n 564.7816488
          b:e:w 564.7816488
          b:c:n 565.8973671
          b:c:w 565.8973671
          b:n:w 1218.7111100
          e:c:n 4415.7461579
          e:c:w 4415.7461579
          e:n:w 5452.3433666
          c:n:w 5068.6096176
        b:e:c:n 1093.8650823
        b:e:c:w 1093.8650823
        b:e:n:w 2028.7498776
        b:c:n:w 1509.4964703
        e:c:n:w 48269.0360458
