########################################
# legofit: estimate population history #
#       version 2.3.4-4-g53f8760       #
########################################

# Program was compiled: Sep 21 2021 14:36:42
# Program was run: Sun Oct 10 20:46:15 2021

# cmd: legofit -1 -d 0 -t 32 --ptsPerDim 3 --stateOut b1boot1.state --tol 3e-6 -S 5000 abd2.lgo ../../chrX/boot_chrX/boot1.opf
# Stage nOptItr nSimReps
#     0    5000        0
# algorithm          : deterministic
# ignoring probs <=  : 0
# Branch length floor: 0
# DE strategy        : 2
#    F               : 0.3
#    CR              : 0.8
#    tolerance       : 3e-06
# nthreads           : 32
# lgo input file     : abd2.lgo
# site pat input file: ../../chrX/boot_chrX/boot1.opf
# free parameters    : 14
# points in DE swarm : 42
# output state file  : b1boot1.state
# Including singleton site patterns.
# cost function      : KL
Initial parameter values
Fixed:
      zero = 0
       one = 1
    Tbecnw = 75200
Free:
       pc1 = 0
       pc2 = 0
       pc3 = 0
       pc4 = 0
       pc5 = 0
       pc6 = 0
       pc7 = 0
       pc8 = 0
       pc9 = 0
      pc10 = 0
      pc11 = 0
      pc12 = 0
      pc13 = 0
      pc14 = 0
Constrained:
   Tgbecnw = 119499
     Tecnw = 24622.4
       Tnw = 18376.2
       Tec = 625.066
     twoNb = 1.98517e+06
     twoNc = 151453
    twoNec = 165616
    twoNnw = 30578.7
  twoNecnw = 66125.8
  twoNbecnw = 15455.7
  twoNgbecnw = 188164
         m = 0.151663
        m2 = 0.012479
        m4 = 0.0159618
        Tb = 12623.7
        Ta = 43911.9
        Td = 312.533
DiffEv reached_goal. cost=2.43638e-03 spread=2.53757e-06
Fitted parameter values
Free:
       pc1 = 3.704
       pc2 = -2.99296
       pc3 = 0.897779
       pc4 = -0.97139
       pc5 = 1.93965
       pc6 = -1.18957
       pc7 = -0.0102954
       pc8 = 0.367047
       pc9 = 0.135436
      pc10 = 0.325218
      pc11 = -0.0671143
      pc12 = 0.146552
      pc13 = -0.487273
      pc14 = 0.253382
Constrained:
   Tgbecnw = 96472.2
     Tecnw = 23813.9
       Tnw = 17759.2
       Tec = 533.215
     twoNb = 3.14236e+06
     twoNc = 11837.9
    twoNec = 157142
    twoNnw = 28212.2
  twoNecnw = 63405.8
  twoNbecnw = 8197.05
  twoNgbecnw = 209302
         m = 0.134572
        m2 = 0.0125031
        m4 = 0.0157816
        Tb = 12173.5
        Ta = 43686.8
        Td = 266.608
#       SitePat  BranchLen
              b 118796.3102094
              e 45132.8624567
              c 45963.5484279
              n 43650.6324001
              w 43650.6324001
            b:e 1306.9890988
            b:c 1474.2575857
            b:n 1066.4101581
            b:w 1066.4101581
            e:c 11902.2984215
            e:n 4334.8263330
            e:w 4334.8263330
            c:n 4223.1229292
            c:w 4223.1229292
            n:w 12446.3458851
          b:e:c 1309.5395068
          b:e:n 598.1060741
          b:e:w 598.1060741
          b:c:n 599.6624060
          b:c:w 599.6624060
          b:n:w 1314.1720577
          e:c:n 4310.7160450
          e:c:w 4310.7160450
          e:n:w 5472.2299023
          c:n:w 5136.2949334
        b:e:c:n 1161.6105902
        b:e:c:w 1161.6105902
        b:e:n:w 2062.0336100
        b:c:n:w 1620.3079861
        e:c:n:w 46738.7179113
