########################################
# legofit: estimate population history #
#       version 2.3.4-4-g53f8760       #
########################################

# Program was compiled: Sep 21 2021 14:36:42
# Program was run: Sun Oct 10 20:48:10 2021

# cmd: legofit -1 -d 0 -t 32 --ptsPerDim 3 --stateOut b1boot16.state --tol 3e-6 -S 5000 abd2.lgo ../../chrX/boot_chrX/boot16.opf
# Stage nOptItr nSimReps
#     0    5000        0
# algorithm          : deterministic
# ignoring probs <=  : 0
# Branch length floor: 0
# DE strategy        : 2
#    F               : 0.3
#    CR              : 0.8
#    tolerance       : 3e-06
# nthreads           : 32
# lgo input file     : abd2.lgo
# site pat input file: ../../chrX/boot_chrX/boot16.opf
# free parameters    : 14
# points in DE swarm : 42
# output state file  : b1boot16.state
# Including singleton site patterns.
# cost function      : KL
Initial parameter values
Fixed:
      zero = 0
       one = 1
    Tbecnw = 75200
Free:
       pc1 = 0
       pc2 = 0
       pc3 = 0
       pc4 = 0
       pc5 = 0
       pc6 = 0
       pc7 = 0
       pc8 = 0
       pc9 = 0
      pc10 = 0
      pc11 = 0
      pc12 = 0
      pc13 = 0
      pc14 = 0
Constrained:
   Tgbecnw = 119499
     Tecnw = 24622.4
       Tnw = 18376.2
       Tec = 625.066
     twoNb = 1.98517e+06
     twoNc = 151453
    twoNec = 165616
    twoNnw = 30578.7
  twoNecnw = 66125.8
  twoNbecnw = 15455.7
  twoNgbecnw = 188164
         m = 0.151663
        m2 = 0.012479
        m4 = 0.0159618
        Tb = 12623.7
        Ta = 43911.9
        Td = 312.533
DiffEv reached_goal. cost=2.41653e-03 spread=2.33758e-06
Fitted parameter values
Free:
       pc1 = 2.86552
       pc2 = -2.98519
       pc3 = -1.68555
       pc4 = -0.719899
       pc5 = 1.70473
       pc6 = 1.18298
       pc7 = -1.38355
       pc8 = 0.899459
       pc9 = 0.242966
      pc10 = 0.344001
      pc11 = -0.0308559
      pc12 = 0.0999256
      pc13 = -0.24297
      pc14 = 0.075308
Constrained:
   Tgbecnw = 103933
     Tecnw = 24052.9
       Tnw = 20224.3
       Tec = 74.233
     twoNb = 2.82973e+06
     twoNc = 394994
    twoNec = 167719
    twoNnw = 17333
  twoNecnw = 62490.2
  twoNbecnw = 10447.1
  twoNgbecnw = 219488
         m = 0.124452
        m2 = 0.0129704
        m4 = 0.015921
        Tb = 12063.6
        Ta = 43631.8
        Td = 37.1165
#       SitePat  BranchLen
              b 119521.6798743
              e 45448.4237561
              c 46297.4846355
              n 43851.4564679
              w 43851.4564679
            b:e 1304.6306891
            b:c 1470.1460435
            b:n 1044.5443643
            b:w 1044.5443643
            e:c 11817.7594818
            e:n 4345.8101813
            e:w 4345.8101813
            c:n 4232.7913034
            c:w 4232.7913034
            n:w 12346.8624367
          b:e:c 1289.0659198
          b:e:n 588.0504745
          b:e:w 588.0504745
          b:c:n 589.3798376
          b:c:w 589.3798376
          b:n:w 1294.7719390
          e:c:n 4303.3428774
          e:c:w 4303.3428774
          e:n:w 5587.0337197
          c:n:w 5244.7465491
        b:e:c:n 1127.8390174
        b:e:c:w 1127.8390174
        b:e:n:w 2069.2799764
        b:c:n:w 1620.3697030
        e:c:n:w 47023.2933078
