########################################
# legofit: estimate population history #
#       version 2.3.4-4-g53f8760       #
########################################

# Program was compiled: Sep 21 2021 14:36:42
# Program was run: Sun Oct 10 20:49:22 2021

# cmd: legofit -1 -d 0 -t 32 --ptsPerDim 3 --stateOut b1boot25.state --tol 3e-6 -S 5000 abd2.lgo ../../chrX/boot_chrX/boot25.opf
# Stage nOptItr nSimReps
#     0    5000        0
# algorithm          : deterministic
# ignoring probs <=  : 0
# Branch length floor: 0
# DE strategy        : 2
#    F               : 0.3
#    CR              : 0.8
#    tolerance       : 3e-06
# nthreads           : 32
# lgo input file     : abd2.lgo
# site pat input file: ../../chrX/boot_chrX/boot25.opf
# free parameters    : 14
# points in DE swarm : 42
# output state file  : b1boot25.state
# Including singleton site patterns.
# cost function      : KL
Initial parameter values
Fixed:
      zero = 0
       one = 1
    Tbecnw = 75200
Free:
       pc1 = 0
       pc2 = 0
       pc3 = 0
       pc4 = 0
       pc5 = 0
       pc6 = 0
       pc7 = 0
       pc8 = 0
       pc9 = 0
      pc10 = 0
      pc11 = 0
      pc12 = 0
      pc13 = 0
      pc14 = 0
Constrained:
   Tgbecnw = 119499
     Tecnw = 24622.4
       Tnw = 18376.2
       Tec = 625.066
     twoNb = 1.98517e+06
     twoNc = 151453
    twoNec = 165616
    twoNnw = 30578.7
  twoNecnw = 66125.8
  twoNbecnw = 15455.7
  twoNgbecnw = 188164
         m = 0.151663
        m2 = 0.012479
        m4 = 0.0159618
        Tb = 12623.7
        Ta = 43911.9
        Td = 312.533
DiffEv reached_goal. cost=2.30469e-03 spread=2.87349e-06
Fitted parameter values
Free:
       pc1 = 3.55116
       pc2 = -3.60678
       pc3 = 0.371717
       pc4 = -0.99001
       pc5 = 1.92975
       pc6 = 1.51331
       pc7 = 0.383355
       pc8 = 1.58097
       pc9 = -0.650124
      pc10 = 0.108155
      pc11 = 0.0218022
      pc12 = -0.182393
      pc13 = -0.071408
      pc14 = 0.0365279
Constrained:
   Tgbecnw = 102049
     Tecnw = 23581.3
       Tnw = 17536.4
       Tec = 467.624
     twoNb = 3.40256e+06
     twoNc = 348338
    twoNec = 156753
    twoNnw = 28322.9
  twoNecnw = 64511.8
  twoNbecnw = 9537.2
  twoNgbecnw = 232514
         m = 0.12556
        m2 = 0.0141302
        m4 = 0.0151643
        Tb = 12024.5
        Ta = 43612.2
        Td = 233.812
#       SitePat  BranchLen
              b 120444.6195871
              e 45333.4055755
              c 46159.1687960
              n 43713.6027217
              w 43713.6027217
            b:e 1287.5139097
            b:c 1441.5863049
            b:n 1040.1832456
            b:w 1040.1832456
            e:c 11937.9733953
            e:n 4369.8249567
            e:w 4369.8249567
            c:n 4261.6705382
            c:w 4261.6705382
            n:w 12533.4478803
          b:e:c 1272.7837589
          b:e:n 583.5076696
          b:e:w 583.5076696
          b:c:n 584.7342200
          b:c:w 584.7342200
          b:n:w 1282.8518333
          e:c:n 4306.4019130
          e:c:w 4306.4019130
          e:n:w 5474.6381222
          c:n:w 5156.5106750
        b:e:c:n 1128.6085866
        b:e:c:w 1128.6085866
        b:e:n:w 2094.8715427
        b:c:n:w 1647.0188775
        e:c:n:w 47967.4411336
