########################################
# legofit: estimate population history #
#       version 2.3.4-4-g53f8760       #
########################################

# Program was compiled: Sep 21 2021 14:36:42
# Program was run: Sun Oct 10 20:50:40 2021

# cmd: legofit -1 -d 0 -t 32 --ptsPerDim 3 --stateOut b1boot36.state --tol 3e-6 -S 5000 abd2.lgo ../../chrX/boot_chrX/boot36.opf
# Stage nOptItr nSimReps
#     0    5000        0
# algorithm          : deterministic
# ignoring probs <=  : 0
# Branch length floor: 0
# DE strategy        : 2
#    F               : 0.3
#    CR              : 0.8
#    tolerance       : 3e-06
# nthreads           : 32
# lgo input file     : abd2.lgo
# site pat input file: ../../chrX/boot_chrX/boot36.opf
# free parameters    : 14
# points in DE swarm : 42
# output state file  : b1boot36.state
# Including singleton site patterns.
# cost function      : KL
Initial parameter values
Fixed:
      zero = 0
       one = 1
    Tbecnw = 75200
Free:
       pc1 = 0
       pc2 = 0
       pc3 = 0
       pc4 = 0
       pc5 = 0
       pc6 = 0
       pc7 = 0
       pc8 = 0
       pc9 = 0
      pc10 = 0
      pc11 = 0
      pc12 = 0
      pc13 = 0
      pc14 = 0
Constrained:
   Tgbecnw = 119499
     Tecnw = 24622.4
       Tnw = 18376.2
       Tec = 625.066
     twoNb = 1.98517e+06
     twoNc = 151453
    twoNec = 165616
    twoNnw = 30578.7
  twoNecnw = 66125.8
  twoNbecnw = 15455.7
  twoNgbecnw = 188164
         m = 0.151663
        m2 = 0.012479
        m4 = 0.0159618
        Tb = 12623.7
        Ta = 43911.9
        Td = 312.533
DiffEv reached_goal. cost=2.34726e-03 spread=2.78022e-06
Fitted parameter values
Free:
       pc1 = 3.73418
       pc2 = -3.82611
       pc3 = 1.73901
       pc4 = -1.90422
       pc5 = 1.96926
       pc6 = 0.418166
       pc7 = -1.62339
       pc8 = 1.74955
       pc9 = -0.1567
      pc10 = 0.379627
      pc11 = -0.153749
      pc12 = -0.169245
      pc13 = -0.434424
      pc14 = 0.0570719
Constrained:
   Tgbecnw = 94061.5
     Tecnw = 23626.9
       Tnw = 17175.2
       Tec = 492.49
     twoNb = 2.46598e+06
     twoNc = 244930
    twoNec = 159220
    twoNnw = 32233.2
  twoNecnw = 60977.1
  twoNbecnw = 7152.62
  twoNgbecnw = 218740
         m = 0.13023
        m2 = 0.015051
        m4 = 0.0142462
        Tb = 12059.7
        Ta = 43629.8
        Td = 246.245
#       SitePat  BranchLen
              b 118362.4110093
              e 44543.8180868
              c 45297.0907508
              n 43209.7923349
              w 43209.7923349
            b:e 1261.0412401
            b:c 1415.3442051
            b:n 1018.8784440
            b:w 1018.8784440
            e:c 11527.3769229
            e:n 4329.1530844
            e:w 4329.1530844
            c:n 4227.2125756
            c:w 4227.2125756
            n:w 11920.8590251
          b:e:c 1219.7399982
          b:e:n 574.2736541
          b:e:w 574.2736541
          b:c:n 575.9492624
          b:c:w 575.9492624
          b:n:w 1227.6412524
          e:c:n 4303.6889991
          e:c:w 4303.6889991
          e:n:w 5382.4423041
          c:n:w 5075.7805474
        b:e:c:n 1108.4704149
        b:e:c:w 1108.4704149
        b:e:n:w 2011.8335222
        b:c:n:w 1611.4492173
        e:c:n:w 47087.1800773
