########################################
# legofit: estimate population history #
#       version 2.3.4-4-g53f8760       #
########################################

# Program was compiled: Sep 21 2021 14:36:42
# Program was run: Sun Oct 10 20:47:03 2021

# cmd: legofit -1 -d 0 -t 32 --ptsPerDim 3 --stateOut b1boot8.state --tol 3e-6 -S 5000 abd2.lgo ../../chrX/boot_chrX/boot8.opf
# Stage nOptItr nSimReps
#     0    5000        0
# algorithm          : deterministic
# ignoring probs <=  : 0
# Branch length floor: 0
# DE strategy        : 2
#    F               : 0.3
#    CR              : 0.8
#    tolerance       : 3e-06
# nthreads           : 32
# lgo input file     : abd2.lgo
# site pat input file: ../../chrX/boot_chrX/boot8.opf
# free parameters    : 14
# points in DE swarm : 42
# output state file  : b1boot8.state
# Including singleton site patterns.
# cost function      : KL
Initial parameter values
Fixed:
      zero = 0
       one = 1
    Tbecnw = 75200
Free:
       pc1 = 0
       pc2 = 0
       pc3 = 0
       pc4 = 0
       pc5 = 0
       pc6 = 0
       pc7 = 0
       pc8 = 0
       pc9 = 0
      pc10 = 0
      pc11 = 0
      pc12 = 0
      pc13 = 0
      pc14 = 0
Constrained:
   Tgbecnw = 119499
     Tecnw = 24622.4
       Tnw = 18376.2
       Tec = 625.066
     twoNb = 1.98517e+06
     twoNc = 151453
    twoNec = 165616
    twoNnw = 30578.7
  twoNecnw = 66125.8
  twoNbecnw = 15455.7
  twoNgbecnw = 188164
         m = 0.151663
        m2 = 0.012479
        m4 = 0.0159618
        Tb = 12623.7
        Ta = 43911.9
        Td = 312.533
DiffEv reached_goal. cost=2.34121e-03 spread=2.93095e-06
Fitted parameter values
Free:
       pc1 = 3.90451
       pc2 = -0.914751
       pc3 = -0.884956
       pc4 = 0.23336
       pc5 = 1.91124
       pc6 = -0.61078
       pc7 = 0.468619
       pc8 = 0.344398
       pc9 = 0.790951
      pc10 = -0.116523
      pc11 = -0.434067
      pc12 = -0.181271
      pc13 = -0.157525
      pc14 = 0.0711148
Constrained:
   Tgbecnw = 102554
     Tecnw = 23507.1
       Tnw = 19561.2
       Tec = 485.798
     twoNb = 3.1439e+06
     twoNc = 154134
    twoNec = 160935
    twoNnw = 18579.3
  twoNecnw = 65818.7
  twoNbecnw = 10550.5
  twoNgbecnw = 198146
         m = 0.146878
        m2 = 0.0113252
        m4 = 0.0180721
        Tb = 11996.5
        Ta = 43598.2
        Td = 242.899
#       SitePat  BranchLen
              b 121438.0086910
              e 45699.6070794
              c 46675.0526872
              n 44259.0983817
              w 44259.0983817
            b:e 1361.6329581
            b:c 1566.1127780
            b:n 1113.3133094
            b:w 1113.3133094
            e:c 12014.4359259
            e:n 4504.9502072
            e:w 4504.9502072
            c:n 4373.8820897
            c:w 4373.8820897
            n:w 12523.0958593
          b:e:c 1353.0048755
          b:e:n 627.9145495
          b:e:w 627.9145495
          b:c:n 629.1198232
          b:c:w 629.1198232
          b:n:w 1357.3699560
          e:c:n 4423.3206129
          e:c:w 4423.3206129
          e:n:w 5679.9320986
          c:n:w 5280.9569379
        b:e:c:n 1206.8269856
        b:e:c:w 1206.8269856
        b:e:n:w 2176.0820446
        b:c:n:w 1654.8570850
        e:c:n:w 48250.6986300
