########################################
# legofit: estimate population history #
#       version 2.3.4-4-g53f8760       #
########################################

# Program was compiled: Sep 21 2021 14:36:42
# Program was run: Sun Oct 10 20:52:14 2021

# cmd: legofit -1 -d 0 -t 32 --ptsPerDim 3 --stateOut b1boot48.state --tol 3e-6 -S 5000 abd2.lgo ../../chrX/boot_chrX/boot48.opf
# Stage nOptItr nSimReps
#     0    5000        0
# algorithm          : deterministic
# ignoring probs <=  : 0
# Branch length floor: 0
# DE strategy        : 2
#    F               : 0.3
#    CR              : 0.8
#    tolerance       : 3e-06
# nthreads           : 32
# lgo input file     : abd2.lgo
# site pat input file: ../../chrX/boot_chrX/boot48.opf
# free parameters    : 14
# points in DE swarm : 42
# output state file  : b1boot48.state
# Including singleton site patterns.
# cost function      : KL
Initial parameter values
Fixed:
      zero = 0
       one = 1
    Tbecnw = 75200
Free:
       pc1 = 0
       pc2 = 0
       pc3 = 0
       pc4 = 0
       pc5 = 0
       pc6 = 0
       pc7 = 0
       pc8 = 0
       pc9 = 0
      pc10 = 0
      pc11 = 0
      pc12 = 0
      pc13 = 0
      pc14 = 0
Constrained:
   Tgbecnw = 119499
     Tecnw = 24622.4
       Tnw = 18376.2
       Tec = 625.066
     twoNb = 1.98517e+06
     twoNc = 151453
    twoNec = 165616
    twoNnw = 30578.7
  twoNecnw = 66125.8
  twoNbecnw = 15455.7
  twoNgbecnw = 188164
         m = 0.151663
        m2 = 0.012479
        m4 = 0.0159618
        Tb = 12623.7
        Ta = 43911.9
        Td = 312.533
DiffEv reached_goal. cost=2.23523e-03 spread=2.85783e-06
Fitted parameter values
Free:
       pc1 = 3.96517
       pc2 = -3.95043
       pc3 = -1.20711
       pc4 = -1.88197
       pc5 = 1.79428
       pc6 = 0.11046
       pc7 = -1.25573
       pc8 = 0.735483
       pc9 = 0.45526
      pc10 = 0.0653524
      pc11 = -0.144517
      pc12 = 0.00698639
      pc13 = -0.430107
      pc14 = 0.0567895
Constrained:
   Tgbecnw = 97032.2
     Tecnw = 23731.8
       Tnw = 20104.7
       Tec = 5.56255
     twoNb = 3.38749e+06
     twoNc = 206557
    twoNec = 169168
    twoNnw = 17476.3
  twoNecnw = 61410.6
  twoNbecnw = 8217.63
  twoNgbecnw = 221534
         m = 0.123194
        m2 = 0.0133914
        m4 = 0.0149642
        Tb = 11868.7
        Ta = 43534.3
        Td = 2.78128
#       SitePat  BranchLen
              b 118146.6296106
              e 44875.0189617
              c 45668.9520113
              n 43546.2050562
              w 43546.2050562
            b:e 1289.8208407
            b:c 1441.2145800
            b:n 1046.6958600
            b:w 1046.6958600
            e:c 11540.4472292
            e:n 4362.8301658
            e:w 4362.8301658
            c:n 4256.0219291
            c:w 4256.0219291
            n:w 11879.3197875
          b:e:c 1263.0078225
          b:e:n 593.2233635
          b:e:w 593.2233635
          b:c:n 594.8036889
          b:c:w 594.8036889
          b:n:w 1268.0580441
          e:c:n 4310.6248422
          e:c:w 4310.6248422
          e:n:w 5481.3618058
          c:n:w 5163.1205068
        b:e:c:n 1136.5932257
        b:e:c:w 1136.5932257
        b:e:n:w 2033.9716735
        b:c:n:w 1617.3417849
        e:c:n:w 46512.5055084
