########################################
# legofit: estimate population history #
#       version 2.3.4-4-g53f8760       #
########################################

# Program was compiled: Sep 21 2021 14:36:42
# Program was run: Sun Oct 10 20:50:29 2021

# cmd: legofit -1 -d 0 -t 32 --ptsPerDim 3 --stateOut b1boot35.state --tol 3e-6 -S 5000 abd2.lgo ../../chrX/boot_chrX/boot35.opf
# Stage nOptItr nSimReps
#     0    5000        0
# algorithm          : deterministic
# ignoring probs <=  : 0
# Branch length floor: 0
# DE strategy        : 2
#    F               : 0.3
#    CR              : 0.8
#    tolerance       : 3e-06
# nthreads           : 32
# lgo input file     : abd2.lgo
# site pat input file: ../../chrX/boot_chrX/boot35.opf
# free parameters    : 14
# points in DE swarm : 42
# output state file  : b1boot35.state
# Including singleton site patterns.
# cost function      : KL
Initial parameter values
Fixed:
      zero = 0
       one = 1
    Tbecnw = 75200
Free:
       pc1 = 0
       pc2 = 0
       pc3 = 0
       pc4 = 0
       pc5 = 0
       pc6 = 0
       pc7 = 0
       pc8 = 0
       pc9 = 0
      pc10 = 0
      pc11 = 0
      pc12 = 0
      pc13 = 0
      pc14 = 0
Constrained:
   Tgbecnw = 119499
     Tecnw = 24622.4
       Tnw = 18376.2
       Tec = 625.066
     twoNb = 1.98517e+06
     twoNc = 151453
    twoNec = 165616
    twoNnw = 30578.7
  twoNecnw = 66125.8
  twoNbecnw = 15455.7
  twoNgbecnw = 188164
         m = 0.151663
        m2 = 0.012479
        m4 = 0.0159618
        Tb = 12623.7
        Ta = 43911.9
        Td = 312.533
DiffEv reached_goal. cost=2.41682e-03 spread=2.61618e-06
Fitted parameter values
Free:
       pc1 = 3.9377
       pc2 = -3.57328
       pc3 = 0.602192
       pc4 = -1.95793
       pc5 = 1.83407
       pc6 = -0.857226
       pc7 = 0.325398
       pc8 = 0.280553
       pc9 = -0.58811
      pc10 = -0.509092
      pc11 = 0.0697456
      pc12 = -0.151818
      pc13 = -0.38709
      pc14 = 0.031237
Constrained:
   Tgbecnw = 97177.1
     Tecnw = 23584.2
       Tnw = 17721.3
       Tec = 566.227
     twoNb = 3.73943e+06
     twoNc = 19435.1
    twoNec = 163804
    twoNnw = 29402.8
  twoNecnw = 63788.9
  twoNbecnw = 8099.35
  twoNgbecnw = 221070
         m = 0.133986
        m2 = 0.0126759
        m4 = 0.0141196
        Tb = 12075.2
        Ta = 43637.6
        Td = 283.114
#       SitePat  BranchLen
              b 119815.2287662
              e 45146.7398292
              c 45911.4961850
              n 43791.6688388
              w 43791.6688388
            b:e 1252.5907925
            b:c 1398.6138798
            b:n 1029.6407232
            b:w 1029.6407232
            e:c 11562.4201088
            e:n 4410.3134168
            e:w 4410.3134168
            c:n 4308.8481189
            c:w 4308.8481189
            n:w 12009.4842782
          b:e:c 1223.7004717
          b:e:n 583.4984152
          b:e:w 583.4984152
          b:c:n 584.7305156
          b:c:w 584.7305156
          b:n:w 1230.9829316
          e:c:n 4302.9322401
          e:c:w 4302.9322401
          e:n:w 5362.8198959
          c:n:w 5065.8790001
        b:e:c:n 1120.7650800
        b:e:c:w 1120.7650800
        b:e:n:w 1995.0985785
        b:c:n:w 1581.7261787
        e:c:n:w 47756.8235384
