########################################
# legofit: estimate population history #
#       version 2.3.4-4-g53f8760       #
########################################

# Program was compiled: Sep 21 2021 14:36:42
# Program was run: Sun Oct 10 20:48:32 2021

# cmd: legofit -1 -d 0 -t 32 --ptsPerDim 3 --stateOut b1boot19.state --tol 3e-6 -S 5000 abd2.lgo ../../chrX/boot_chrX/boot19.opf
# Stage nOptItr nSimReps
#     0    5000        0
# algorithm          : deterministic
# ignoring probs <=  : 0
# Branch length floor: 0
# DE strategy        : 2
#    F               : 0.3
#    CR              : 0.8
#    tolerance       : 3e-06
# nthreads           : 32
# lgo input file     : abd2.lgo
# site pat input file: ../../chrX/boot_chrX/boot19.opf
# free parameters    : 14
# points in DE swarm : 42
# output state file  : b1boot19.state
# Including singleton site patterns.
# cost function      : KL
Initial parameter values
Fixed:
      zero = 0
       one = 1
    Tbecnw = 75200
Free:
       pc1 = 0
       pc2 = 0
       pc3 = 0
       pc4 = 0
       pc5 = 0
       pc6 = 0
       pc7 = 0
       pc8 = 0
       pc9 = 0
      pc10 = 0
      pc11 = 0
      pc12 = 0
      pc13 = 0
      pc14 = 0
Constrained:
   Tgbecnw = 119499
     Tecnw = 24622.4
       Tnw = 18376.2
       Tec = 625.066
     twoNb = 1.98517e+06
     twoNc = 151453
    twoNec = 165616
    twoNnw = 30578.7
  twoNecnw = 66125.8
  twoNbecnw = 15455.7
  twoNgbecnw = 188164
         m = 0.151663
        m2 = 0.012479
        m4 = 0.0159618
        Tb = 12623.7
        Ta = 43911.9
        Td = 312.533
DiffEv reached_goal. cost=2.39355e-03 spread=2.87453e-06
Fitted parameter values
Free:
       pc1 = 3.97823
       pc2 = -3.85467
       pc3 = 1.32438
       pc4 = -0.431491
       pc5 = 1.58307
       pc6 = -0.594121
       pc7 = 0.47883
       pc8 = 0.254495
       pc9 = 0.017928
      pc10 = 0.372189
      pc11 = -0.135592
      pc12 = -0.00682976
      pc13 = -0.307002
      pc14 = 0.278027
Constrained:
   Tgbecnw = 98316.6
     Tecnw = 23749
       Tnw = 17521.7
       Tec = 1094.99
     twoNb = 3.49648e+06
     twoNc = 27438.8
    twoNec = 149056
    twoNnw = 28111.2
  twoNecnw = 63184.2
  twoNbecnw = 8520.65
  twoNgbecnw = 219078
         m = 0.129159
        m2 = 0.0129249
        m4 = 0.0156433
        Tb = 12422
        Ta = 43811
        Td = 547.496
#       SitePat  BranchLen
              b 118875.1882112
              e 44971.6664225
              c 45804.4737214
              n 43353.8104454
              w 43353.8104454
            b:e 1255.5781201
            b:c 1413.9521614
            b:n 1016.7988283
            b:w 1016.7988283
            e:c 11956.0952266
            e:n 4266.8598284
            e:w 4266.8598284
            c:n 4156.9015435
            c:w 4156.9015435
            n:w 12590.8552253
          b:e:c 1265.3162487
          b:e:n 566.4288210
          b:e:w 566.4288210
          b:c:n 567.7961470
          b:c:w 567.7961470
          b:n:w 1272.4857820
          e:c:n 4259.4226845
          e:c:w 4259.4226845
          e:n:w 5438.4146054
          c:n:w 5109.0268815
        b:e:c:n 1104.4068816
        b:e:c:w 1104.4068816
        b:e:n:w 2022.7115523
        b:c:n:w 1578.0995994
        e:c:n:w 46890.1748714
