########################################
# legofit: estimate population history #
#       version 2.3.4-4-g53f8760       #
########################################

# Program was compiled: Sep 21 2021 14:36:42
# Program was run: Sun Oct 10 20:47:10 2021

# cmd: legofit -1 -d 0 -t 32 --ptsPerDim 3 --stateOut b1boot9.state --tol 3e-6 -S 5000 abd2.lgo ../../chrX/boot_chrX/boot9.opf
# Stage nOptItr nSimReps
#     0    5000        0
# algorithm          : deterministic
# ignoring probs <=  : 0
# Branch length floor: 0
# DE strategy        : 2
#    F               : 0.3
#    CR              : 0.8
#    tolerance       : 3e-06
# nthreads           : 32
# lgo input file     : abd2.lgo
# site pat input file: ../../chrX/boot_chrX/boot9.opf
# free parameters    : 14
# points in DE swarm : 42
# output state file  : b1boot9.state
# Including singleton site patterns.
# cost function      : KL
Initial parameter values
Fixed:
      zero = 0
       one = 1
    Tbecnw = 75200
Free:
       pc1 = 0
       pc2 = 0
       pc3 = 0
       pc4 = 0
       pc5 = 0
       pc6 = 0
       pc7 = 0
       pc8 = 0
       pc9 = 0
      pc10 = 0
      pc11 = 0
      pc12 = 0
      pc13 = 0
      pc14 = 0
Constrained:
   Tgbecnw = 119499
     Tecnw = 24622.4
       Tnw = 18376.2
       Tec = 625.066
     twoNb = 1.98517e+06
     twoNc = 151453
    twoNec = 165616
    twoNnw = 30578.7
  twoNecnw = 66125.8
  twoNbecnw = 15455.7
  twoNgbecnw = 188164
         m = 0.151663
        m2 = 0.012479
        m4 = 0.0159618
        Tb = 12623.7
        Ta = 43911.9
        Td = 312.533
DiffEv reached_goal. cost=2.36614e-03 spread=2.73352e-06
Fitted parameter values
Free:
       pc1 = 3.91859
       pc2 = -3.48226
       pc3 = 0.631261
       pc4 = -0.89063
       pc5 = 1.94321
       pc6 = 0.501467
       pc7 = -0.121046
       pc8 = -0.899731
       pc9 = -1.43339
      pc10 = 0.170239
      pc11 = -0.0711642
      pc12 = 0.125207
      pc13 = -0.391626
      pc14 = 0.122945
Constrained:
   Tgbecnw = 98857.9
     Tecnw = 23945.1
       Tnw = 17966.2
       Tec = 1111.48
     twoNb = 3.86153e+06
     twoNc = 243080
    twoNec = 153497
    twoNnw = 28694.3
  twoNecnw = 63401.7
  twoNbecnw = 8730.89
  twoNgbecnw = 218169
         m = 0.131735
        m2 = 0.011274
        m4 = 0.013454
        Tb = 12528.3
        Ta = 43864.2
        Td = 555.739
#       SitePat  BranchLen
              b 119518.0636614
              e 45113.5607758
              c 45836.6836266
              n 43881.6730167
              w 43881.6730167
            b:e 1249.1368166
            b:c 1386.0982162
            b:n 1039.8369994
            b:w 1039.8369994
            e:c 11862.6050003
            e:n 4332.8233367
            e:w 4332.8233367
            c:n 4237.0774086
            c:w 4237.0774086
            n:w 12235.2469291
          b:e:c 1257.1730621
          b:e:n 580.4461973
          b:e:w 580.4461973
          b:c:n 581.5561506
          b:c:w 581.5561506
          b:n:w 1263.6345073
          e:c:n 4322.6326455
          e:c:w 4322.6326455
          e:n:w 5344.8154823
          c:n:w 5061.9075300
        b:e:c:n 1129.0039154
        b:e:c:w 1129.0039154
        b:e:n:w 1934.3539828
        b:c:n:w 1546.4494061
        e:c:n:w 47325.1392723
