########################################
# legofit: estimate population history #
#       version 2.3.4-4-g53f8760       #
########################################

# Program was compiled: Sep 21 2021 14:36:42
# Program was run: Sun Oct 10 20:51:05 2021

# cmd: legofit -1 -d 0 -t 32 --ptsPerDim 3 --stateOut b1boot39.state --tol 3e-6 -S 5000 abd2.lgo ../../chrX/boot_chrX/boot39.opf
# Stage nOptItr nSimReps
#     0    5000        0
# algorithm          : deterministic
# ignoring probs <=  : 0
# Branch length floor: 0
# DE strategy        : 2
#    F               : 0.3
#    CR              : 0.8
#    tolerance       : 3e-06
# nthreads           : 32
# lgo input file     : abd2.lgo
# site pat input file: ../../chrX/boot_chrX/boot39.opf
# free parameters    : 14
# points in DE swarm : 42
# output state file  : b1boot39.state
# Including singleton site patterns.
# cost function      : KL
Initial parameter values
Fixed:
      zero = 0
       one = 1
    Tbecnw = 75200
Free:
       pc1 = 0
       pc2 = 0
       pc3 = 0
       pc4 = 0
       pc5 = 0
       pc6 = 0
       pc7 = 0
       pc8 = 0
       pc9 = 0
      pc10 = 0
      pc11 = 0
      pc12 = 0
      pc13 = 0
      pc14 = 0
Constrained:
   Tgbecnw = 119499
     Tecnw = 24622.4
       Tnw = 18376.2
       Tec = 625.066
     twoNb = 1.98517e+06
     twoNc = 151453
    twoNec = 165616
    twoNnw = 30578.7
  twoNecnw = 66125.8
  twoNbecnw = 15455.7
  twoNgbecnw = 188164
         m = 0.151663
        m2 = 0.012479
        m4 = 0.0159618
        Tb = 12623.7
        Ta = 43911.9
        Td = 312.533
DiffEv reached_goal. cost=2.28928e-03 spread=1.79643e-06
Fitted parameter values
Free:
       pc1 = 3.91354
       pc2 = -3.54005
       pc3 = -0.979705
       pc4 = -1.76291
       pc5 = 1.78312
       pc6 = 0.643701
       pc7 = -1.14669
       pc8 = 1.13779
       pc9 = -1.68827
      pc10 = -0.0597794
      pc11 = 0.181969
      pc12 = -0.0684417
      pc13 = -0.304634
      pc14 = -0.00396993
Constrained:
   Tgbecnw = 98464.4
     Tecnw = 23635.9
       Tnw = 19085.6
       Tec = 83.8155
     twoNb = 2.84876e+06
     twoNc = 334339
    twoNec = 167598
    twoNnw = 21902.3
  twoNecnw = 63644.7
  twoNbecnw = 8412.37
  twoNgbecnw = 233289
         m = 0.125349
        m2 = 0.0123752
        m4 = 0.0131024
        Tb = 11859.9
        Ta = 43529.9
        Td = 41.9077
#       SitePat  BranchLen
              b 119822.2141965
              e 45161.9923864
              c 45869.0070758
              n 43763.9108737
              w 43763.9108737
            b:e 1272.2030158
            b:c 1409.1001650
            b:n 1037.2300508
            b:w 1037.2300508
            e:c 11660.4251749
            e:n 4377.9503597
            e:w 4377.9503597
            c:n 4284.3736821
            c:w 4284.3736821
            n:w 12081.1134576
          b:e:c 1251.8330992
          b:e:n 587.1852968
          b:e:w 587.1852968
          b:c:n 588.5073572
          b:c:w 588.5073572
          b:n:w 1257.3385122
          e:c:n 4288.8267272
          e:c:w 4288.8267272
          e:n:w 5394.3809823
          c:n:w 5118.8452428
        b:e:c:n 1128.8360134
        b:e:c:w 1128.8360134
        b:e:n:w 1981.8001587
        b:c:n:w 1597.9330937
        e:c:n:w 47787.7084411
