########################################
# legofit: estimate population history #
#       version 2.3.4-4-g53f8760       #
########################################

# Program was compiled: Sep 21 2021 14:36:42
# Program was run: Sun Oct 10 20:50:18 2021

# cmd: legofit -1 -d 0 -t 32 --ptsPerDim 3 --stateOut b1boot33.state --tol 3e-6 -S 5000 abd2.lgo ../../chrX/boot_chrX/boot33.opf
# Stage nOptItr nSimReps
#     0    5000        0
# algorithm          : deterministic
# ignoring probs <=  : 0
# Branch length floor: 0
# DE strategy        : 2
#    F               : 0.3
#    CR              : 0.8
#    tolerance       : 3e-06
# nthreads           : 32
# lgo input file     : abd2.lgo
# site pat input file: ../../chrX/boot_chrX/boot33.opf
# free parameters    : 14
# points in DE swarm : 42
# output state file  : b1boot33.state
# Including singleton site patterns.
# cost function      : KL
Initial parameter values
Fixed:
      zero = 0
       one = 1
    Tbecnw = 75200
Free:
       pc1 = 0
       pc2 = 0
       pc3 = 0
       pc4 = 0
       pc5 = 0
       pc6 = 0
       pc7 = 0
       pc8 = 0
       pc9 = 0
      pc10 = 0
      pc11 = 0
      pc12 = 0
      pc13 = 0
      pc14 = 0
Constrained:
   Tgbecnw = 119499
     Tecnw = 24622.4
       Tnw = 18376.2
       Tec = 625.066
     twoNb = 1.98517e+06
     twoNc = 151453
    twoNec = 165616
    twoNnw = 30578.7
  twoNecnw = 66125.8
  twoNbecnw = 15455.7
  twoNgbecnw = 188164
         m = 0.151663
        m2 = 0.012479
        m4 = 0.0159618
        Tb = 12623.7
        Ta = 43911.9
        Td = 312.533
DiffEv reached_goal. cost=2.32853e-03 spread=2.83226e-06
Fitted parameter values
Free:
       pc1 = 3.95069
       pc2 = -3.86118
       pc3 = 0.698892
       pc4 = -0.909702
       pc5 = 1.39735
       pc6 = 1.40364
       pc7 = -0.991015
       pc8 = 0.92272
       pc9 = -0.926659
      pc10 = 0.3579
      pc11 = 0.00744933
      pc12 = -0.229273
      pc13 = -0.0730944
      pc14 = 0.0856529
Constrained:
   Tgbecnw = 99402.6
     Tecnw = 23722.9
       Tnw = 18196.5
       Tec = 984.899
     twoNb = 2.94994e+06
     twoNc = 356824
    twoNec = 153776
    twoNnw = 25311.3
  twoNecnw = 62451.3
  twoNbecnw = 8846.53
  twoNgbecnw = 229111
         m = 0.128681
        m2 = 0.0137771
        m4 = 0.013828
        Tb = 12353.9
        Ta = 43776.9
        Td = 492.45
#       SitePat  BranchLen
              b 120615.3531710
              e 45015.4321589
              c 45769.2580200
              n 43366.3127742
              w 43366.3127742
            b:e 1292.7437553
            b:c 1440.4483276
            b:n 1035.9399735
            b:w 1035.9399735
            e:c 11844.5139257
            e:n 4304.7055969
            e:w 4304.7055969
            c:n 4206.7503774
            c:w 4206.7503774
            n:w 12434.3998052
          b:e:c 1279.3918644
          b:e:n 580.0464511
          b:e:w 580.0464511
          b:c:n 581.3539479
          b:c:w 581.3539479
          b:n:w 1287.6263449
          e:c:n 4301.8470419
          e:c:w 4301.8470419
          e:n:w 5490.1246916
          c:n:w 5190.3481563
        b:e:c:n 1123.5004644
        b:e:c:w 1123.5004644
        b:e:n:w 2047.9087856
        b:c:n:w 1639.4501104
        e:c:n:w 48654.2901690
