########################################
# legofit: estimate population history #
#       version 2.3.4-4-g53f8760       #
########################################

# Program was compiled: Sep 21 2021 14:36:42
# Program was run: Sun Oct 10 20:46:46 2021

# cmd: legofit -1 -d 0 -t 32 --ptsPerDim 3 --stateOut b1boot5.state --tol 3e-6 -S 5000 abd2.lgo ../../chrX/boot_chrX/boot5.opf
# Stage nOptItr nSimReps
#     0    5000        0
# algorithm          : deterministic
# ignoring probs <=  : 0
# Branch length floor: 0
# DE strategy        : 2
#    F               : 0.3
#    CR              : 0.8
#    tolerance       : 3e-06
# nthreads           : 32
# lgo input file     : abd2.lgo
# site pat input file: ../../chrX/boot_chrX/boot5.opf
# free parameters    : 14
# points in DE swarm : 42
# output state file  : b1boot5.state
# Including singleton site patterns.
# cost function      : KL
Initial parameter values
Fixed:
      zero = 0
       one = 1
    Tbecnw = 75200
Free:
       pc1 = 0
       pc2 = 0
       pc3 = 0
       pc4 = 0
       pc5 = 0
       pc6 = 0
       pc7 = 0
       pc8 = 0
       pc9 = 0
      pc10 = 0
      pc11 = 0
      pc12 = 0
      pc13 = 0
      pc14 = 0
Constrained:
   Tgbecnw = 119499
     Tecnw = 24622.4
       Tnw = 18376.2
       Tec = 625.066
     twoNb = 1.98517e+06
     twoNc = 151453
    twoNec = 165616
    twoNnw = 30578.7
  twoNecnw = 66125.8
  twoNbecnw = 15455.7
  twoNgbecnw = 188164
         m = 0.151663
        m2 = 0.012479
        m4 = 0.0159618
        Tb = 12623.7
        Ta = 43911.9
        Td = 312.533
DiffEv reached_goal. cost=2.40327e-03 spread=2.77160e-06
Fitted parameter values
Free:
       pc1 = 3.63575
       pc2 = -3.971
       pc3 = 0.991993
       pc4 = -0.885244
       pc5 = 1.98969
       pc6 = -0.702229
       pc7 = 0.526601
       pc8 = 1.53095
       pc9 = 0.276938
      pc10 = 0.363074
      pc11 = -0.852384
      pc12 = -0.0807981
      pc13 = -0.387936
      pc14 = 0.0815206
Constrained:
   Tgbecnw = 99041.4
     Tecnw = 23380.5
       Tnw = 17244.8
       Tec = 265.162
     twoNb = 3.2008e+06
     twoNc = 36521
    twoNec = 153906
    twoNnw = 30476.4
  twoNecnw = 62929.6
  twoNbecnw = 8744.31
  twoNgbecnw = 219302
         m = 0.119671
        m2 = 0.0137136
        m4 = 0.0162816
        Tb = 11822.8
        Ta = 43511.4
        Td = 132.581
#       SitePat  BranchLen
              b 116953.7434949
              e 44585.6573815
              c 45435.8677181
              n 43462.4925880
              w 43462.4925880
            b:e 1240.7548281
            b:c 1398.6130969
            b:n 1030.0417389
            b:w 1030.0417389
            e:c 11852.2412665
            e:n 4378.2468264
            e:w 4378.2468264
            c:n 4260.6473495
            c:w 4260.6473495
            n:w 12141.3873386
          b:e:c 1233.2153424
          b:e:n 575.4956950
          b:e:w 575.4956950
          b:c:n 577.0762152
          b:c:w 577.0762152
          b:n:w 1241.3239897
          e:c:n 4354.6254749
          e:c:w 4354.6254749
          e:n:w 5397.1489540
          c:n:w 5061.1099234
        b:e:c:n 1117.4407099
        b:e:c:w 1117.4407099
        b:e:n:w 2003.5904691
        b:c:n:w 1563.5985810
        e:c:n:w 45070.7232680
