########################################
# legofit: estimate population history #
#       version 2.3.4-4-g53f8760       #
########################################

# Program was compiled: Sep 21 2021 14:36:42
# Program was run: Sun Oct 10 20:52:23 2021

# cmd: legofit -1 -d 0 -t 32 --ptsPerDim 3 --stateOut b1boot49.state --tol 3e-6 -S 5000 abd2.lgo ../../chrX/boot_chrX/boot49.opf
# Stage nOptItr nSimReps
#     0    5000        0
# algorithm          : deterministic
# ignoring probs <=  : 0
# Branch length floor: 0
# DE strategy        : 2
#    F               : 0.3
#    CR              : 0.8
#    tolerance       : 3e-06
# nthreads           : 32
# lgo input file     : abd2.lgo
# site pat input file: ../../chrX/boot_chrX/boot49.opf
# free parameters    : 14
# points in DE swarm : 42
# output state file  : b1boot49.state
# Including singleton site patterns.
# cost function      : KL
Initial parameter values
Fixed:
      zero = 0
       one = 1
    Tbecnw = 75200
Free:
       pc1 = 0
       pc2 = 0
       pc3 = 0
       pc4 = 0
       pc5 = 0
       pc6 = 0
       pc7 = 0
       pc8 = 0
       pc9 = 0
      pc10 = 0
      pc11 = 0
      pc12 = 0
      pc13 = 0
      pc14 = 0
Constrained:
   Tgbecnw = 119499
     Tecnw = 24622.4
       Tnw = 18376.2
       Tec = 625.066
     twoNb = 1.98517e+06
     twoNc = 151453
    twoNec = 165616
    twoNnw = 30578.7
  twoNecnw = 66125.8
  twoNbecnw = 15455.7
  twoNgbecnw = 188164
         m = 0.151663
        m2 = 0.012479
        m4 = 0.0159618
        Tb = 12623.7
        Ta = 43911.9
        Td = 312.533
DiffEv reached_goal. cost=2.28061e-03 spread=2.68601e-06
Fitted parameter values
Free:
       pc1 = 3.88192
       pc2 = -3.99995
       pc3 = 0.22832
       pc4 = -0.0728882
       pc5 = 1.309
       pc6 = 0.521452
       pc7 = -0.557743
       pc8 = 1.40736
       pc9 = 0.599895
      pc10 = -0.307149
      pc11 = -0.247478
      pc12 = -0.153424
      pc13 = -0.217147
      pc14 = -0.0377263
Constrained:
   Tgbecnw = 100802
     Tecnw = 23519.1
       Tnw = 19009.9
       Tec = 1312.37
     twoNb = 2.94634e+06
     twoNc = 206210
    twoNec = 157809
    twoNnw = 23063.1
  twoNecnw = 62346.2
  twoNbecnw = 9392.21
  twoNgbecnw = 226534
         m = 0.122235
        m2 = 0.0141296
        m4 = 0.0164673
        Tb = 12415.7
        Ta = 43807.9
        Td = 656.185
#       SitePat  BranchLen
              b 119270.5386230
              e 45067.5189588
              c 45954.3395379
              n 43807.1505933
              w 43807.1505933
            b:e 1302.0716705
            b:c 1471.9595870
            b:n 1069.3518730
            b:w 1069.3518730
            e:c 11504.9705539
            e:n 4472.4228540
            e:w 4472.4228540
            c:n 4352.2595854
            c:w 4352.2595854
            n:w 11855.5540362
          b:e:c 1260.9364074
          b:e:n 605.7632713
          b:e:w 605.7632713
          b:c:n 607.3970535
          b:c:w 607.3970535
          b:n:w 1268.7907671
          e:c:n 4402.1829400
          e:c:w 4402.1829400
          e:n:w 5519.7962045
          c:n:w 5167.8468975
        b:e:c:n 1158.4251761
        b:e:c:w 1158.4251761
        b:e:n:w 2113.6416954
        b:c:n:w 1645.9412405
        e:c:n:w 47169.2311933
