########################################
# legofit: estimate population history #
#       version 2.3.4-4-g53f8760       #
########################################

# Program was compiled: Sep 21 2021 14:36:42
# Program was run: Sun Oct 10 20:51:29 2021

# cmd: legofit -1 -d 0 -t 32 --ptsPerDim 3 --stateOut b1boot42.state --tol 3e-6 -S 5000 abd2.lgo ../../chrX/boot_chrX/boot42.opf
# Stage nOptItr nSimReps
#     0    5000        0
# algorithm          : deterministic
# ignoring probs <=  : 0
# Branch length floor: 0
# DE strategy        : 2
#    F               : 0.3
#    CR              : 0.8
#    tolerance       : 3e-06
# nthreads           : 32
# lgo input file     : abd2.lgo
# site pat input file: ../../chrX/boot_chrX/boot42.opf
# free parameters    : 14
# points in DE swarm : 42
# output state file  : b1boot42.state
# Including singleton site patterns.
# cost function      : KL
Initial parameter values
Fixed:
      zero = 0
       one = 1
    Tbecnw = 75200
Free:
       pc1 = 0
       pc2 = 0
       pc3 = 0
       pc4 = 0
       pc5 = 0
       pc6 = 0
       pc7 = 0
       pc8 = 0
       pc9 = 0
      pc10 = 0
      pc11 = 0
      pc12 = 0
      pc13 = 0
      pc14 = 0
Constrained:
   Tgbecnw = 119499
     Tecnw = 24622.4
       Tnw = 18376.2
       Tec = 625.066
     twoNb = 1.98517e+06
     twoNc = 151453
    twoNec = 165616
    twoNnw = 30578.7
  twoNecnw = 66125.8
  twoNbecnw = 15455.7
  twoNgbecnw = 188164
         m = 0.151663
        m2 = 0.012479
        m4 = 0.0159618
        Tb = 12623.7
        Ta = 43911.9
        Td = 312.533
DiffEv reached_goal. cost=2.35094e-03 spread=2.68631e-06
Fitted parameter values
Free:
       pc1 = 3.38666
       pc2 = -3.99925
       pc3 = -0.135332
       pc4 = -1.62049
       pc5 = 1.73153
       pc6 = -0.471474
       pc7 = -0.986573
       pc8 = 1.2172
       pc9 = -0.189088
      pc10 = -0.134296
      pc11 = 0.227033
      pc12 = -0.0631918
      pc13 = -0.385321
      pc14 = 0.0353997
Constrained:
   Tgbecnw = 97905.1
     Tecnw = 23781.6
       Tnw = 18618.3
       Tec = 292.927
     twoNb = 2.84261e+06
     twoNc = 119943
    twoNec = 167676
    twoNnw = 25551
  twoNecnw = 62128.8
  twoNbecnw = 8285.02
  twoNgbecnw = 227742
         m = 0.124963
        m2 = 0.0134147
        m4 = 0.0147797
        Tb = 12037.3
        Ta = 43618.6
        Td = 146.464
#       SitePat  BranchLen
              b 118963.9766916
              e 45027.3864019
              c 45818.0981540
              n 43663.0427603
              w 43663.0427603
            b:e 1255.2923297
            b:c 1408.4180432
            b:n 1021.7185901
            b:w 1021.7185901
            e:c 11484.7964555
            e:n 4373.4874705
            e:w 4373.4874705
            c:n 4267.6449115
            c:w 4267.6449115
            n:w 11899.4389448
          b:e:c 1220.5506953
          b:e:n 579.2401026
          b:e:w 579.2401026
          b:c:n 580.7502922
          b:c:w 580.7502922
          b:n:w 1227.1421619
          e:c:n 4288.1265753
          e:c:w 4288.1265753
          e:n:w 5402.3236370
          c:n:w 5090.2198674
        b:e:c:n 1109.8064226
        b:e:c:w 1109.8064226
        b:e:n:w 2011.7983188
        b:c:n:w 1588.7291374
        e:c:n:w 47155.4696246
