########################################
# legofit: estimate population history #
#       version 2.3.4-4-g53f8760       #
########################################

# Program was compiled: Sep 21 2021 14:36:42
# Program was run: Wed Sep 22 16:32:08 2021

# cmd: legofit -1 -d 0 -t 32 --ptsPerDim 3 --stateOut b1.state --tol 3e-6 -S 5000 bde2.lgo ../../chrX/pan_chrX.opf
# Stage nOptItr nSimReps
#     0    5000        0
# algorithm          : deterministic
# ignoring probs <=  : 0
# Branch length floor: 0
# DE strategy        : 2
#    F               : 0.3
#    CR              : 0.8
#    tolerance       : 3e-06
# nthreads           : 32
# lgo input file     : bde2.lgo
# site pat input file: ../../chrX/pan_chrX.opf
# free parameters    : 14
# points in DE swarm : 42
# output state file  : b1.state
# Including singleton site patterns.
# cost function      : KL
Initial parameter values
Fixed:
      zero = 0
       one = 1
    Tbecnw = 75200
Free:
       pc1 = 0
       pc2 = 0
       pc3 = 0
       pc4 = 0
       pc5 = 0
       pc6 = 0
       pc7 = 0
       pc8 = 0
       pc9 = 0
      pc10 = 0
      pc11 = 0
      pc12 = 0
      pc13 = 0
      pc14 = 0
Constrained:
     Tecnw = 33261.4
       Tnw = 1127.1
       Tec = 96.9206
     twoNb = 1.35741e+06
     twoNe = 214210
     twoNc = 179254
     twoNw = 840616
    twoNec = 161117
    twoNnw = 153163
  twoNecnw = 30772.5
  twoNbecnw = 49827.2
        m2 = 0.0160969
        m4 = 0.000321493
        m5 = 0.171563
        Tb = 16679.2
        Td = 48.4603
        Te = 24.2301
DiffEv reached_goal. cost=3.01071e-03 spread=2.05705e-06
Fitted parameter values
Free:
       pc1 = 2.28745
       pc2 = -2.16305
       pc3 = 1.71559
       pc4 = -1.86754
       pc5 = 1.66566
       pc6 = -1.88984
       pc7 = -1.07628
       pc8 = 0.84889
       pc9 = 0.571631
      pc10 = -0.226018
      pc11 = 0.154853
      pc12 = -0.95172
      pc13 = 0.19942
      pc14 = -0.189493
Constrained:
     Tecnw = 33455.9
       Tnw = 42.2
       Tec = 14.5352
     twoNb = 2.79907e+06
     twoNe = 497998
     twoNc = 546174
     twoNw = 1.24573e+06
    twoNec = 152953
    twoNnw = 166252
  twoNecnw = 30130.5
  twoNbecnw = 49950.7
        m2 = 0.0232875
        m4 = 3.33256e-05
        m5 = 0.178716
        Tb = 16735.2
        Td = 7.26759
        Te = 3.63379
#       SitePat  BranchLen
              b 117631.5316365
              e 43507.8488210
              c 45992.4812809
              n 42976.7544185
              w 42976.4930251
            b:e 1328.7509835
            b:c 1521.9886578
            b:n 1113.1670213
            b:w 1113.1575993
            e:c 11048.0883921
            e:n 4291.0556681
            e:w 4291.3170615
            c:n 3554.4119442
            c:w 3554.3658142
            n:w 11838.4368744
          b:e:c 1260.8459998
          b:e:n 589.7900742
          b:e:w 589.7994962
          b:c:n 589.9475514
          b:c:w 589.9381203
          b:n:w 1255.6301741
          e:c:n 4783.2376959
          e:c:w 4783.2838259
          e:n:w 6310.2136729
          c:n:w 5292.2792437
        b:e:c:n 1114.6527855
        b:e:c:w 1114.6622166
        b:e:n:w 1490.6064041
        b:c:n:w 1303.9695692
        e:c:n:w 46104.2851922
