########################################
# legofit: estimate population history #
#       version 2.3.4-4-g53f8760       #
########################################

# Program was compiled: Sep 21 2021 14:36:42
# Program was run: Wed Sep 22 16:33:01 2021

# cmd: legofit -1 -d 0 -t 32 --ptsPerDim 3 --stateOut b1boot49.state --tol 3e-6 -S 5000 bde2.lgo ../../chrX/boot_chrX/boot49.opf
# Stage nOptItr nSimReps
#     0    5000        0
# algorithm          : deterministic
# ignoring probs <=  : 0
# Branch length floor: 0
# DE strategy        : 2
#    F               : 0.3
#    CR              : 0.8
#    tolerance       : 3e-06
# nthreads           : 32
# lgo input file     : bde2.lgo
# site pat input file: ../../chrX/boot_chrX/boot49.opf
# free parameters    : 14
# points in DE swarm : 42
# output state file  : b1boot49.state
# Including singleton site patterns.
# cost function      : KL
Initial parameter values
Fixed:
      zero = 0
       one = 1
    Tbecnw = 75200
Free:
       pc1 = 0
       pc2 = 0
       pc3 = 0
       pc4 = 0
       pc5 = 0
       pc6 = 0
       pc7 = 0
       pc8 = 0
       pc9 = 0
      pc10 = 0
      pc11 = 0
      pc12 = 0
      pc13 = 0
      pc14 = 0
Constrained:
     Tecnw = 33261.4
       Tnw = 1127.1
       Tec = 96.9206
     twoNb = 1.35741e+06
     twoNe = 214210
     twoNc = 179254
     twoNw = 840616
    twoNec = 161117
    twoNnw = 153163
  twoNecnw = 30772.5
  twoNbecnw = 49827.2
        m2 = 0.0160969
        m4 = 0.000321493
        m5 = 0.171563
        Tb = 16679.2
        Td = 48.4603
        Te = 24.2301
DiffEv reached_goal. cost=2.95109e-03 spread=2.94094e-06
Fitted parameter values
Free:
       pc1 = 2.68951
       pc2 = -2.77422
       pc3 = 1.85055
       pc4 = -1.96569
       pc5 = -0.0939039
       pc6 = -1.89087
       pc7 = -2.21118
       pc8 = -0.484681
       pc9 = 0.836276
      pc10 = -0.435763
      pc11 = 1.51724
      pc12 = -0.906443
      pc13 = 0.011057
      pc14 = -0.27956
Constrained:
     Tecnw = 33417.2
       Tnw = 62.4413
       Tec = 6.27668
     twoNb = 2.9322e+06
     twoNe = 116944
     twoNc = 374015
     twoNw = 1.54971e+06
    twoNec = 154928
    twoNnw = 176507
  twoNecnw = 30454.8
  twoNbecnw = 50872.2
        m2 = 0.0245547
        m4 = 0.000108191
        m5 = 0.194859
        Tb = 16711.8
        Td = 3.13834
        Te = 1.56917
#       SitePat  BranchLen
              b 118277.8234640
              e 43743.6257865
              c 46358.4576222
              n 43401.4787771
              w 43401.1128340
            b:e 1371.6718967
            b:c 1583.8739444
            b:n 1158.6312704
            b:w 1158.6176530
            e:c 10905.4675376
            e:n 4442.0873357
            e:w 4442.4532787
            c:n 3666.9462970
            c:w 3666.8808655
            n:w 11582.5792019
          b:e:c 1278.7860421
          b:e:n 620.5264883
          b:e:w 620.5401057
          b:c:n 620.7130978
          b:c:w 620.6994671
          b:n:w 1273.5570653
          e:c:n 4881.8769091
          e:c:w 4881.9423406
          e:n:w 6425.7401864
          c:n:w 5353.8034748
        b:e:c:n 1160.1806285
        b:e:c:w 1160.1942592
        b:e:n:w 1551.7017538
        b:c:n:w 1346.9720628
        e:c:n:w 46317.6946502
