########################################
# legofit: estimate population history #
#       version 2.3.4-4-g53f8760       #
########################################

# Program was compiled: Sep 21 2021 14:36:42
# Program was run: Wed Sep 22 16:32:36 2021

# cmd: legofit -1 -d 0 -t 32 --ptsPerDim 3 --stateOut b1boot28.state --tol 3e-6 -S 5000 bde2.lgo ../../chrX/boot_chrX/boot28.opf
# Stage nOptItr nSimReps
#     0    5000        0
# algorithm          : deterministic
# ignoring probs <=  : 0
# Branch length floor: 0
# DE strategy        : 2
#    F               : 0.3
#    CR              : 0.8
#    tolerance       : 3e-06
# nthreads           : 32
# lgo input file     : bde2.lgo
# site pat input file: ../../chrX/boot_chrX/boot28.opf
# free parameters    : 14
# points in DE swarm : 42
# output state file  : b1boot28.state
# Including singleton site patterns.
# cost function      : KL
Initial parameter values
Fixed:
      zero = 0
       one = 1
    Tbecnw = 75200
Free:
       pc1 = 0
       pc2 = 0
       pc3 = 0
       pc4 = 0
       pc5 = 0
       pc6 = 0
       pc7 = 0
       pc8 = 0
       pc9 = 0
      pc10 = 0
      pc11 = 0
      pc12 = 0
      pc13 = 0
      pc14 = 0
Constrained:
     Tecnw = 33261.4
       Tnw = 1127.1
       Tec = 96.9206
     twoNb = 1.35741e+06
     twoNe = 214210
     twoNc = 179254
     twoNw = 840616
    twoNec = 161117
    twoNnw = 153163
  twoNecnw = 30772.5
  twoNbecnw = 49827.2
        m2 = 0.0160969
        m4 = 0.000321493
        m5 = 0.171563
        Tb = 16679.2
        Td = 48.4603
        Te = 24.2301
DiffEv reached_goal. cost=2.94991e-03 spread=2.70456e-06
Fitted parameter values
Free:
       pc1 = 2.6116
       pc2 = -3.5625
       pc3 = 1.02127
       pc4 = -1.97787
       pc5 = 1.44925
       pc6 = -1.78278
       pc7 = 0.0485475
       pc8 = 0.744002
       pc9 = 0.529635
      pc10 = -1.67942
      pc11 = -0.103154
      pc12 = -1.18739
      pc13 = 0.453444
      pc14 = 0.125574
Constrained:
     Tecnw = 33347.5
       Tnw = 61.0115
       Tec = 10.1341
     twoNb = 2.91758e+06
     twoNe = 773902
     twoNc = 274149
     twoNw = 1.59642e+06
    twoNec = 150550
    twoNnw = 163088
  twoNecnw = 30028.8
  twoNbecnw = 49071.2
        m2 = 0.0240907
        m4 = 9.21201e-05
        m5 = 0.187709
        Tb = 16678.8
        Td = 5.06705
        Te = 2.53353
#       SitePat  BranchLen
              b 116933.0225636
              e 43239.7149986
              c 45876.7736444
              n 42675.7174360
              w 42675.3947089
            b:e 1298.0871962
            b:c 1501.0616113
            b:n 1080.3326653
            b:w 1080.3212929
            e:c 10966.8126596
            e:n 4292.8155276
            e:w 4293.1382547
            c:n 3512.8405286
            c:w 3512.7839409
            n:w 11818.3258776
          b:e:c 1229.5074196
          b:e:n 573.6453344
          b:e:w 573.6567068
          b:c:n 573.8091163
          b:c:w 573.7977329
          b:n:w 1224.4055847
          e:c:n 4717.1550761
          e:c:w 4717.2116638
          e:n:w 6324.4438841
          c:n:w 5240.4715196
        b:e:c:n 1081.7597825
        b:e:c:w 1081.7711658
        b:e:n:w 1470.0335286
        b:c:n:w 1273.9973370
        e:c:n:w 45689.4558395
