########################################
# legofit: estimate population history #
#       version 2.3.4-4-g53f8760       #
########################################

# Program was compiled: Sep 21 2021 14:36:42
# Program was run: Wed Sep 22 16:32:08 2021

# cmd: legofit -1 -d 0 -t 32 --ptsPerDim 3 --stateOut b1boot3.state --tol 3e-6 -S 5000 bde2.lgo ../../chrX/boot_chrX/boot3.opf
# Stage nOptItr nSimReps
#     0    5000        0
# algorithm          : deterministic
# ignoring probs <=  : 0
# Branch length floor: 0
# DE strategy        : 2
#    F               : 0.3
#    CR              : 0.8
#    tolerance       : 3e-06
# nthreads           : 32
# lgo input file     : bde2.lgo
# site pat input file: ../../chrX/boot_chrX/boot3.opf
# free parameters    : 14
# points in DE swarm : 42
# output state file  : b1boot3.state
# Including singleton site patterns.
# cost function      : KL
Initial parameter values
Fixed:
      zero = 0
       one = 1
    Tbecnw = 75200
Free:
       pc1 = 0
       pc2 = 0
       pc3 = 0
       pc4 = 0
       pc5 = 0
       pc6 = 0
       pc7 = 0
       pc8 = 0
       pc9 = 0
      pc10 = 0
      pc11 = 0
      pc12 = 0
      pc13 = 0
      pc14 = 0
Constrained:
     Tecnw = 33261.4
       Tnw = 1127.1
       Tec = 96.9206
     twoNb = 1.35741e+06
     twoNe = 214210
     twoNc = 179254
     twoNw = 840616
    twoNec = 161117
    twoNnw = 153163
  twoNecnw = 30772.5
  twoNbecnw = 49827.2
        m2 = 0.0160969
        m4 = 0.000321493
        m5 = 0.171563
        Tb = 16679.2
        Td = 48.4603
        Te = 24.2301
DiffEv reached_goal. cost=3.06019e-03 spread=2.91038e-06
Fitted parameter values
Free:
       pc1 = 2.80613
       pc2 = -3.50668
       pc3 = 0.587205
       pc4 = -1.76846
       pc5 = 0.343824
       pc6 = -1.75809
       pc7 = -1.67301
       pc8 = -0.0424335
       pc9 = 0.435242
      pc10 = -1.18795
      pc11 = -0.161932
      pc12 = -1.45128
      pc13 = 0.541207
      pc14 = -0.276329
Constrained:
     Tecnw = 33529.6
       Tnw = 109.471
       Tec = 22.3081
     twoNb = 2.96681e+06
     twoNe = 223724
     twoNc = 244256
     twoNw = 1.80026e+06
    twoNec = 149580
    twoNnw = 169447
  twoNecnw = 30191
  twoNbecnw = 49289.8
        m2 = 0.0236097
        m4 = 1.33787e-06
        m5 = 0.18883
        Tb = 16776
        Td = 11.154
        Te = 5.57702
#       SitePat  BranchLen
              b 117034.8911775
              e 43417.9950984
              c 46003.6210015
              n 43123.6038425
              w 43123.0874751
            b:e 1307.8729226
            b:c 1507.6702508
            b:n 1108.9289008
            b:w 1108.9104236
            e:c 11055.7608572
            e:n 4319.7168357
            e:w 4320.2332030
            c:n 3550.5387122
            c:w 3550.4478857
            n:w 11707.2419278
          b:e:c 1246.6236622
          b:e:n 586.6774866
          b:e:w 586.6959638
          b:c:n 586.8435026
          b:c:w 586.8250084
          b:n:w 1241.6713164
          e:c:n 4784.3827812
          e:c:w 4784.4736076
          e:n:w 6279.9289003
          c:n:w 5226.4307217
        b:e:c:n 1110.3249822
        b:e:c:w 1110.3434764
        b:e:n:w 1477.9965399
        b:c:n:w 1284.7398676
        e:c:n:w 45497.9891642
