########################################
# legofit: estimate population history #
#       version 2.3.4-4-g53f8760       #
########################################

# Program was compiled: Sep 21 2021 14:36:42
# Program was run: Wed Sep 22 16:33:01 2021

# cmd: legofit -1 -d 0 -t 32 --ptsPerDim 3 --stateOut b1boot48.state --tol 3e-6 -S 5000 bde2.lgo ../../chrX/boot_chrX/boot48.opf
# Stage nOptItr nSimReps
#     0    5000        0
# algorithm          : deterministic
# ignoring probs <=  : 0
# Branch length floor: 0
# DE strategy        : 2
#    F               : 0.3
#    CR              : 0.8
#    tolerance       : 3e-06
# nthreads           : 32
# lgo input file     : bde2.lgo
# site pat input file: ../../chrX/boot_chrX/boot48.opf
# free parameters    : 14
# points in DE swarm : 42
# output state file  : b1boot48.state
# Including singleton site patterns.
# cost function      : KL
Initial parameter values
Fixed:
      zero = 0
       one = 1
    Tbecnw = 75200
Free:
       pc1 = 0
       pc2 = 0
       pc3 = 0
       pc4 = 0
       pc5 = 0
       pc6 = 0
       pc7 = 0
       pc8 = 0
       pc9 = 0
      pc10 = 0
      pc11 = 0
      pc12 = 0
      pc13 = 0
      pc14 = 0
Constrained:
     Tecnw = 33261.4
       Tnw = 1127.1
       Tec = 96.9206
     twoNb = 1.35741e+06
     twoNe = 214210
     twoNc = 179254
     twoNw = 840616
    twoNec = 161117
    twoNnw = 153163
  twoNecnw = 30772.5
  twoNbecnw = 49827.2
        m2 = 0.0160969
        m4 = 0.000321493
        m5 = 0.171563
        Tb = 16679.2
        Td = 48.4603
        Te = 24.2301
DiffEv reached_goal. cost=2.92625e-03 spread=2.86875e-06
Fitted parameter values
Free:
       pc1 = 2.58731
       pc2 = -2.73278
       pc3 = 1.98349
       pc4 = -1.98688
       pc5 = 2.07315
       pc6 = -1.88256
       pc7 = -2.21105
       pc8 = -0.469603
       pc9 = 0.370464
      pc10 = -0.501384
      pc11 = 0.741085
      pc12 = -1.72736
      pc13 = 0.489693
      pc14 = -0.365181
Constrained:
     Tecnw = 33482.3
       Tnw = 120.107
       Tec = 0.106732
     twoNb = 2.91011e+06
     twoNe = 330609
     twoNc = 615291
     twoNw = 1.89278e+06
    twoNec = 155906
    twoNnw = 172715
  twoNecnw = 30228.9
  twoNbecnw = 50209.3
        m2 = 0.025641
        m4 = 6.84787e-05
        m5 = 0.178471
        Tb = 16741.2
        Td = 0.0533661
        Te = 0.0266831
#       SitePat  BranchLen
              b 117744.7683586
              e 43820.7739559
              c 46253.1128026
              n 43301.2999886
              w 43300.7614198
            b:e 1365.6079253
            b:c 1561.4492251
            b:n 1131.5460861
            b:w 1131.5264482
            e:c 10955.2198329
            e:n 4326.8246357
            e:w 4327.3632045
            c:n 3607.2266471
            c:w 3607.1312960
            n:w 11683.8495171
          b:e:c 1266.7408045
          b:e:n 602.9328510
          b:e:w 602.9524889
          b:c:n 603.1134050
          b:c:w 603.0937470
          b:n:w 1261.2191369
          e:c:n 4814.4693189
          e:c:w 4814.5646699
          e:n:w 6358.7643630
          c:n:w 5358.8659163
        b:e:c:n 1133.1413456
        b:e:c:w 1133.1610036
        b:e:n:w 1528.0368034
        b:c:n:w 1339.2631884
        e:c:n:w 45957.9996148
