########################################
# legofit: estimate population history #
#       version 2.3.4-4-g53f8760       #
########################################

# Program was compiled: Sep 21 2021 14:36:42
# Program was run: Wed Sep 22 16:32:47 2021

# cmd: legofit -1 -d 0 -t 32 --ptsPerDim 3 --stateOut b1boot35.state --tol 3e-6 -S 5000 bde2.lgo ../../chrX/boot_chrX/boot35.opf
# Stage nOptItr nSimReps
#     0    5000        0
# algorithm          : deterministic
# ignoring probs <=  : 0
# Branch length floor: 0
# DE strategy        : 2
#    F               : 0.3
#    CR              : 0.8
#    tolerance       : 3e-06
# nthreads           : 32
# lgo input file     : bde2.lgo
# site pat input file: ../../chrX/boot_chrX/boot35.opf
# free parameters    : 14
# points in DE swarm : 42
# output state file  : b1boot35.state
# Including singleton site patterns.
# cost function      : KL
Initial parameter values
Fixed:
      zero = 0
       one = 1
    Tbecnw = 75200
Free:
       pc1 = 0
       pc2 = 0
       pc3 = 0
       pc4 = 0
       pc5 = 0
       pc6 = 0
       pc7 = 0
       pc8 = 0
       pc9 = 0
      pc10 = 0
      pc11 = 0
      pc12 = 0
      pc13 = 0
      pc14 = 0
Constrained:
     Tecnw = 33261.4
       Tnw = 1127.1
       Tec = 96.9206
     twoNb = 1.35741e+06
     twoNe = 214210
     twoNc = 179254
     twoNw = 840616
    twoNec = 161117
    twoNnw = 153163
  twoNecnw = 30772.5
  twoNbecnw = 49827.2
        m2 = 0.0160969
        m4 = 0.000321493
        m5 = 0.171563
        Tb = 16679.2
        Td = 48.4603
        Te = 24.2301
DiffEv reached_goal. cost=3.16227e-03 spread=1.57854e-06
Fitted parameter values
Free:
       pc1 = 3.60576
       pc2 = -2.88848
       pc3 = 1.45005
       pc4 = -1.2369
       pc5 = 0.372552
       pc6 = -1.88557
       pc7 = -2.35609
       pc8 = -0.0800852
       pc9 = -0.258261
      pc10 = -1.61947
      pc11 = 0.0587603
      pc12 = -0.802849
      pc13 = 0.377461
      pc14 = -0.21796
Constrained:
     Tecnw = 33635.5
       Tnw = 24.58
       Tec = 16.7656
     twoNb = 2.91865e+06
     twoNe = 152222
     twoNc = 315624
     twoNw = 1.88743e+06
    twoNec = 153726
    twoNnw = 171804
  twoNecnw = 29605.4
  twoNbecnw = 50045.1
        m2 = 0.0221176
        m4 = 7.6685e-06
        m5 = 0.192348
        Tb = 16826.1
        Td = 8.38281
        Te = 4.1914
#       SitePat  BranchLen
              b 117864.9027008
              e 43380.3232621
              c 45975.9027772
              n 43036.8641599
              w 43036.7657990
            b:e 1292.9277329
            b:c 1491.7533990
            b:n 1098.9307174
            b:w 1098.9272185
            e:c 10840.4434827
            e:n 4316.6288285
            e:w 4316.7271894
            c:n 3541.5859264
            c:w 3541.5686755
            n:w 11546.8753571
          b:e:c 1226.1360415
          b:e:n 585.0154733
          b:e:w 585.0189722
          b:c:n 585.1612173
          b:c:w 585.1577153
          b:n:w 1221.4964615
          e:c:n 4760.8892088
          e:c:w 4760.9064596
          e:n:w 6253.2133299
          c:n:w 5201.1355367
        b:e:c:n 1100.2612831
        b:e:c:w 1100.2647850
        b:e:n:w 1463.1090083
        b:c:n:w 1270.6985492
        e:c:n:w 46587.8962181
