########################################
# legofit: estimate population history #
#       version 2.3.4-4-g53f8760       #
########################################

# Program was compiled: Sep 21 2021 14:36:42
# Program was run: Wed Sep 22 16:32:48 2021

# cmd: legofit -1 -d 0 -t 32 --ptsPerDim 3 --stateOut b1boot39.state --tol 3e-6 -S 5000 bde2.lgo ../../chrX/boot_chrX/boot39.opf
# Stage nOptItr nSimReps
#     0    5000        0
# algorithm          : deterministic
# ignoring probs <=  : 0
# Branch length floor: 0
# DE strategy        : 2
#    F               : 0.3
#    CR              : 0.8
#    tolerance       : 3e-06
# nthreads           : 32
# lgo input file     : bde2.lgo
# site pat input file: ../../chrX/boot_chrX/boot39.opf
# free parameters    : 14
# points in DE swarm : 42
# output state file  : b1boot39.state
# Including singleton site patterns.
# cost function      : KL
Initial parameter values
Fixed:
      zero = 0
       one = 1
    Tbecnw = 75200
Free:
       pc1 = 0
       pc2 = 0
       pc3 = 0
       pc4 = 0
       pc5 = 0
       pc6 = 0
       pc7 = 0
       pc8 = 0
       pc9 = 0
      pc10 = 0
      pc11 = 0
      pc12 = 0
      pc13 = 0
      pc14 = 0
Constrained:
     Tecnw = 33261.4
       Tnw = 1127.1
       Tec = 96.9206
     twoNb = 1.35741e+06
     twoNe = 214210
     twoNc = 179254
     twoNw = 840616
    twoNec = 161117
    twoNnw = 153163
  twoNecnw = 30772.5
  twoNbecnw = 49827.2
        m2 = 0.0160969
        m4 = 0.000321493
        m5 = 0.171563
        Tb = 16679.2
        Td = 48.4603
        Te = 24.2301
DiffEv reached_goal. cost=2.99605e-03 spread=1.16924e-06
Fitted parameter values
Free:
       pc1 = 2.77721
       pc2 = -3.11897
       pc3 = 1.3927
       pc4 = -1.79197
       pc5 = 2.05306
       pc6 = -1.91673
       pc7 = -2.35269
       pc8 = -0.464608
       pc9 = -0.453431
      pc10 = -1.21383
      pc11 = 0.200287
      pc12 = -1.38513
      pc13 = 0.128374
      pc14 = -0.140327
Constrained:
     Tecnw = 33332.8
       Tnw = 4.49043
       Tec = 4.33106
     twoNb = 2.9397e+06
     twoNe = 286962
     twoNc = 472132
     twoNw = 2.10094e+06
    twoNec = 153818
    twoNnw = 170187
  twoNecnw = 29802.4
  twoNbecnw = 49982.7
        m2 = 0.0243091
        m4 = 7.39718e-05
        m5 = 0.17669
        Tb = 16668.6
        Td = 2.16553
        Te = 1.08276
#       SitePat  BranchLen
              b 117756.5869387
              e 43411.8900635
              c 45818.7242198
              n 42907.4986822
              w 42907.4851648
            b:e 1320.6537625
            b:c 1509.3411773
            b:n 1097.4748121
            b:w 1097.4743307
            e:c 10920.6912478
            e:n 4262.1653754
            e:w 4262.1788928
            c:n 3548.7669184
            c:w 3548.7645354
            n:w 11645.8167084
          b:e:c 1234.5172571
          b:e:n 582.5004285
          b:e:w 582.5009100
          b:c:n 582.6463097
          b:c:w 582.6458278
          b:n:w 1229.3613638
          e:c:n 4766.1326388
          e:c:w 4766.1350218
          e:n:w 6277.0196242
          c:n:w 5290.1186594
        b:e:c:n 1098.9460355
        b:e:c:w 1098.9465175
        b:e:n:w 1477.9288098
        b:c:n:w 1295.8302189
        e:c:n:w 46485.1481147
