########################################
# legofit: estimate population history #
#       version 2.3.4-4-g53f8760       #
########################################

# Program was compiled: Sep 21 2021 14:36:42
# Program was run: Wed Sep 22 16:32:15 2021

# cmd: legofit -1 -d 0 -t 32 --ptsPerDim 3 --stateOut b1boot5.state --tol 3e-6 -S 5000 bde2.lgo ../../chrX/boot_chrX/boot5.opf
# Stage nOptItr nSimReps
#     0    5000        0
# algorithm          : deterministic
# ignoring probs <=  : 0
# Branch length floor: 0
# DE strategy        : 2
#    F               : 0.3
#    CR              : 0.8
#    tolerance       : 3e-06
# nthreads           : 32
# lgo input file     : bde2.lgo
# site pat input file: ../../chrX/boot_chrX/boot5.opf
# free parameters    : 14
# points in DE swarm : 42
# output state file  : b1boot5.state
# Including singleton site patterns.
# cost function      : KL
Initial parameter values
Fixed:
      zero = 0
       one = 1
    Tbecnw = 75200
Free:
       pc1 = 0
       pc2 = 0
       pc3 = 0
       pc4 = 0
       pc5 = 0
       pc6 = 0
       pc7 = 0
       pc8 = 0
       pc9 = 0
      pc10 = 0
      pc11 = 0
      pc12 = 0
      pc13 = 0
      pc14 = 0
Constrained:
     Tecnw = 33261.4
       Tnw = 1127.1
       Tec = 96.9206
     twoNb = 1.35741e+06
     twoNe = 214210
     twoNc = 179254
     twoNw = 840616
    twoNec = 161117
    twoNnw = 153163
  twoNecnw = 30772.5
  twoNbecnw = 49827.2
        m2 = 0.0160969
        m4 = 0.000321493
        m5 = 0.171563
        Tb = 16679.2
        Td = 48.4603
        Te = 24.2301
DiffEv reached_goal. cost=3.03627e-03 spread=2.83314e-06
Fitted parameter values
Free:
       pc1 = 1.62868
       pc2 = -3.35197
       pc3 = -0.864325
       pc4 = -1.99406
       pc5 = 0.611049
       pc6 = -1.87932
       pc7 = -1.25289
       pc8 = 0.354432
       pc9 = 1.86533
      pc10 = -0.454915
      pc11 = -0.126069
      pc12 = -1.96547
      pc13 = 0.685441
      pc14 = -0.189434
Constrained:
     Tecnw = 33240.5
       Tnw = 40.7926
       Tec = 21.9252
     twoNb = 3.03176e+06
     twoNe = 202252
     twoNc = 330556
     twoNw = 1.48248e+06
    twoNec = 147250
    twoNnw = 166022
  twoNecnw = 31000.7
  twoNbecnw = 48230.6
        m2 = 0.0233041
        m4 = 8.52501e-05
        m5 = 0.185544
        Tb = 16631.2
        Td = 10.9626
        Te = 5.48131
#       SitePat  BranchLen
              b 115967.4646828
              e 43340.6018791
              c 45920.5317611
              n 43035.6326048
              w 43035.4233320
            b:e 1304.0382540
            b:c 1501.3538318
            b:n 1112.7395902
            b:w 1112.7320796
            e:c 11210.9678504
            e:n 4340.5427989
            e:w 4340.7520717
            c:n 3573.6873667
            c:w 3573.6503263
            n:w 11884.4042158
          b:e:c 1257.2990925
          b:e:n 586.7217172
          b:e:w 586.7292279
          b:c:n 586.8733768
          b:c:w 586.8658594
          b:n:w 1252.4989538
          e:c:n 4807.5893143
          e:c:w 4807.6263547
          e:n:w 6286.9776073
          c:n:w 5234.4076787
        b:e:c:n 1114.1110892
        b:e:c:w 1114.1186066
        b:e:n:w 1472.8961947
        b:c:n:w 1281.8895501
        e:c:n:w 44267.3600480
