########################################
# legofit: estimate population history #
#       version 2.3.4-4-g53f8760       #
########################################

# Program was compiled: Sep 21 2021 14:36:42
# Program was run: Wed Sep 22 16:32:47 2021

# cmd: legofit -1 -d 0 -t 32 --ptsPerDim 3 --stateOut b1boot36.state --tol 3e-6 -S 5000 bde2.lgo ../../chrX/boot_chrX/boot36.opf
# Stage nOptItr nSimReps
#     0    5000        0
# algorithm          : deterministic
# ignoring probs <=  : 0
# Branch length floor: 0
# DE strategy        : 2
#    F               : 0.3
#    CR              : 0.8
#    tolerance       : 3e-06
# nthreads           : 32
# lgo input file     : bde2.lgo
# site pat input file: ../../chrX/boot_chrX/boot36.opf
# free parameters    : 14
# points in DE swarm : 42
# output state file  : b1boot36.state
# Including singleton site patterns.
# cost function      : KL
Initial parameter values
Fixed:
      zero = 0
       one = 1
    Tbecnw = 75200
Free:
       pc1 = 0
       pc2 = 0
       pc3 = 0
       pc4 = 0
       pc5 = 0
       pc6 = 0
       pc7 = 0
       pc8 = 0
       pc9 = 0
      pc10 = 0
      pc11 = 0
      pc12 = 0
      pc13 = 0
      pc14 = 0
Constrained:
     Tecnw = 33261.4
       Tnw = 1127.1
       Tec = 96.9206
     twoNb = 1.35741e+06
     twoNe = 214210
     twoNc = 179254
     twoNw = 840616
    twoNec = 161117
    twoNnw = 153163
  twoNecnw = 30772.5
  twoNbecnw = 49827.2
        m2 = 0.0160969
        m4 = 0.000321493
        m5 = 0.171563
        Tb = 16679.2
        Td = 48.4603
        Te = 24.2301
DiffEv reached_goal. cost=3.07123e-03 spread=2.32442e-06
Fitted parameter values
Free:
       pc1 = 2.31505
       pc2 = -3.17233
       pc3 = 1.32075
       pc4 = -1.8742
       pc5 = 2.81681
       pc6 = -1.67236
       pc7 = -1.29231
       pc8 = -0.19555
       pc9 = 0.144023
      pc10 = -0.984461
      pc11 = 0.603372
      pc12 = -1.43334
      pc13 = -0.20023
      pc14 = -0.116462
Constrained:
     Tecnw = 33091
       Tnw = 15.5762
       Tec = 40.4293
     twoNb = 2.74954e+06
     twoNe = 590035
     twoNc = 537963
     twoNw = 1.93386e+06
    twoNec = 153090
    twoNnw = 170185
  twoNecnw = 30093
  twoNbecnw = 49820.5
        m2 = 0.0247118
        m4 = 0.00017613
        m5 = 0.174844
        Tb = 16565.7
        Td = 20.2146
        Te = 10.1073
#       SitePat  BranchLen
              b 117563.2929950
              e 43350.6464497
              c 45727.3561050
              n 42845.5009498
              w 42845.4776561
            b:e 1328.6371136
            b:c 1517.2730360
            b:n 1101.4236374
            b:w 1101.4228036
            e:c 10935.7396890
            e:n 4277.3190555
            e:w 4277.3423493
            c:n 3574.7289206
            c:w 3574.7247848
            n:w 11648.5481550
          b:e:c 1237.0486300
          b:e:n 584.8040360
          b:e:w 584.8048698
          b:c:n 584.9665349
          b:c:w 584.9657003
          b:n:w 1231.4306283
          e:c:n 4789.5438569
          e:c:w 4789.5479926
          e:n:w 6297.7261162
          c:n:w 5318.5913385
        b:e:c:n 1103.0361916
        b:e:c:w 1103.0370262
        b:e:n:w 1482.9403857
        b:c:n:w 1301.6139556
        e:c:n:w 46268.5237820
