########################################
# legofit: estimate population history #
#       version 2.3.4-4-g53f8760       #
########################################

# Program was compiled: Sep 21 2021 14:36:42
# Program was run: Wed Sep 22 16:32:47 2021

# cmd: legofit -1 -d 0 -t 32 --ptsPerDim 3 --stateOut b1boot37.state --tol 3e-6 -S 5000 bde2.lgo ../../chrX/boot_chrX/boot37.opf
# Stage nOptItr nSimReps
#     0    5000        0
# algorithm          : deterministic
# ignoring probs <=  : 0
# Branch length floor: 0
# DE strategy        : 2
#    F               : 0.3
#    CR              : 0.8
#    tolerance       : 3e-06
# nthreads           : 32
# lgo input file     : bde2.lgo
# site pat input file: ../../chrX/boot_chrX/boot37.opf
# free parameters    : 14
# points in DE swarm : 42
# output state file  : b1boot37.state
# Including singleton site patterns.
# cost function      : KL
Initial parameter values
Fixed:
      zero = 0
       one = 1
    Tbecnw = 75200
Free:
       pc1 = 0
       pc2 = 0
       pc3 = 0
       pc4 = 0
       pc5 = 0
       pc6 = 0
       pc7 = 0
       pc8 = 0
       pc9 = 0
      pc10 = 0
      pc11 = 0
      pc12 = 0
      pc13 = 0
      pc14 = 0
Constrained:
     Tecnw = 33261.4
       Tnw = 1127.1
       Tec = 96.9206
     twoNb = 1.35741e+06
     twoNe = 214210
     twoNc = 179254
     twoNw = 840616
    twoNec = 161117
    twoNnw = 153163
  twoNecnw = 30772.5
  twoNbecnw = 49827.2
        m2 = 0.0160969
        m4 = 0.000321493
        m5 = 0.171563
        Tb = 16679.2
        Td = 48.4603
        Te = 24.2301
DiffEv reached_goal. cost=2.86831e-03 spread=2.33362e-06
Fitted parameter values
Free:
       pc1 = 1.72063
       pc2 = -1.57824
       pc3 = 1.41287
       pc4 = -1.94965
       pc5 = 0.727167
       pc6 = -1.9431
       pc7 = -2.07897
       pc8 = -0.846664
       pc9 = 0.878095
      pc10 = 0.0765054
      pc11 = 0.288084
      pc12 = -0.34618
      pc13 = -0.0343795
      pc14 = -0.388243
Constrained:
     Tecnw = 33428.7
       Tnw = 32.5355
       Tec = 9.95454
     twoNb = 2.96612e+06
     twoNe = 134879
     twoNc = 418418
     twoNw = 1.37154e+06
    twoNec = 157838
    twoNnw = 172540
  twoNecnw = 30642
  twoNbecnw = 50656.5
        m2 = 0.0209294
        m4 = 2.7851e-05
        m5 = 0.175172
        Tb = 16719.3
        Td = 4.97727
        Te = 2.48864
#       SitePat  BranchLen
              b 118114.9890103
              e 43804.2352223
              c 46168.7376429
              n 43387.1102156
              w 43386.9270406
            b:e 1353.2370202
            b:c 1537.2607986
            b:n 1161.6341281
            b:w 1161.6273006
            e:c 11046.2483130
            e:n 4363.1619211
            e:w 4363.3450961
            c:n 3657.7759847
            c:w 3657.7431563
            n:w 11754.3936126
          b:e:c 1291.2809420
          b:e:n 617.5228958
          b:e:w 617.5297234
          b:c:n 617.6583449
          b:c:w 617.6515118
          b:n:w 1286.8575764
          e:c:n 4896.8378516
          e:c:w 4896.8706800
          e:n:w 6297.6805538
          c:n:w 5338.3796587
        b:e:c:n 1162.9556721
        b:e:c:w 1162.9625053
        b:e:n:w 1510.3946464
        b:c:n:w 1331.8999812
        e:c:n:w 46161.1990140
