########################################
# legofit: estimate population history #
#       version 2.3.4-4-g53f8760       #
########################################

# Program was compiled: Sep 21 2021 14:36:42
# Program was run: Wed Sep 22 16:32:29 2021

# cmd: legofit -1 -d 0 -t 32 --ptsPerDim 3 --stateOut b1boot21.state --tol 3e-6 -S 5000 bde2.lgo ../../chrX/boot_chrX/boot21.opf
# Stage nOptItr nSimReps
#     0    5000        0
# algorithm          : deterministic
# ignoring probs <=  : 0
# Branch length floor: 0
# DE strategy        : 2
#    F               : 0.3
#    CR              : 0.8
#    tolerance       : 3e-06
# nthreads           : 32
# lgo input file     : bde2.lgo
# site pat input file: ../../chrX/boot_chrX/boot21.opf
# free parameters    : 14
# points in DE swarm : 42
# output state file  : b1boot21.state
# Including singleton site patterns.
# cost function      : KL
Initial parameter values
Fixed:
      zero = 0
       one = 1
    Tbecnw = 75200
Free:
       pc1 = 0
       pc2 = 0
       pc3 = 0
       pc4 = 0
       pc5 = 0
       pc6 = 0
       pc7 = 0
       pc8 = 0
       pc9 = 0
      pc10 = 0
      pc11 = 0
      pc12 = 0
      pc13 = 0
      pc14 = 0
Constrained:
     Tecnw = 33261.4
       Tnw = 1127.1
       Tec = 96.9206
     twoNb = 1.35741e+06
     twoNe = 214210
     twoNc = 179254
     twoNw = 840616
    twoNec = 161117
    twoNnw = 153163
  twoNecnw = 30772.5
  twoNbecnw = 49827.2
        m2 = 0.0160969
        m4 = 0.000321493
        m5 = 0.171563
        Tb = 16679.2
        Td = 48.4603
        Te = 24.2301
DiffEv reached_goal. cost=3.12339e-03 spread=2.90797e-06
Fitted parameter values
Free:
       pc1 = 1.4166
       pc2 = -1.74733
       pc3 = 0.711862
       pc4 = -1.89373
       pc5 = 2.72971
       pc6 = -1.88087
       pc7 = -2.01195
       pc8 = 0.942798
       pc9 = 0.397494
      pc10 = 0.251935
      pc11 = 0.0181315
      pc12 = -1.42702
      pc13 = 0.325696
      pc14 = -0.088116
Constrained:
     Tecnw = 33183.8
       Tnw = 12.6193
       Tec = 12.54
     twoNb = 2.74074e+06
     twoNe = 262790
     twoNc = 725029
     twoNw = 1.31169e+06
    twoNec = 153779
    twoNnw = 162320
  twoNecnw = 30254.5
  twoNbecnw = 49334.1
        m2 = 0.0233996
        m4 = 1.17153e-05
        m5 = 0.165429
        Tb = 16598.2
        Td = 6.26999
        Te = 3.135
#       SitePat  BranchLen
              b 117121.9830037
              e 43410.1850779
              c 45732.6548283
              n 42700.1030312
              w 42700.0469137
            b:e 1320.4856354
            b:c 1498.7896695
            b:n 1093.0039598
            b:w 1093.0019614
            e:c 11072.7906272
            e:n 4223.1075179
            e:w 4223.1636355
            c:n 3535.9107227
            c:w 3535.9008079
            n:w 11940.4045316
          b:e:c 1249.7379384
          b:e:n 577.6986897
          b:e:w 577.7006881
          b:c:n 577.8380899
          b:c:w 577.8360895
          b:n:w 1244.3893578
          e:c:n 4753.0999281
          e:c:w 4753.1098429
          e:n:w 6269.8451918
          c:n:w 5315.3599896
        b:e:c:n 1094.5204581
        b:e:c:w 1094.5224585
        b:e:n:w 1466.7899825
        b:c:n:w 1294.6862214
        e:c:n:w 45796.2265315
