########################################
# legofit: estimate population history #
#       version 2.3.4-4-g53f8760       #
########################################

# Program was compiled: Sep 21 2021 14:36:42
# Program was run: Wed Sep 22 16:32:22 2021

# cmd: legofit -1 -d 0 -t 32 --ptsPerDim 3 --stateOut b1boot14.state --tol 3e-6 -S 5000 bde2.lgo ../../chrX/boot_chrX/boot14.opf
# Stage nOptItr nSimReps
#     0    5000        0
# algorithm          : deterministic
# ignoring probs <=  : 0
# Branch length floor: 0
# DE strategy        : 2
#    F               : 0.3
#    CR              : 0.8
#    tolerance       : 3e-06
# nthreads           : 32
# lgo input file     : bde2.lgo
# site pat input file: ../../chrX/boot_chrX/boot14.opf
# free parameters    : 14
# points in DE swarm : 42
# output state file  : b1boot14.state
# Including singleton site patterns.
# cost function      : KL
Initial parameter values
Fixed:
      zero = 0
       one = 1
    Tbecnw = 75200
Free:
       pc1 = 0
       pc2 = 0
       pc3 = 0
       pc4 = 0
       pc5 = 0
       pc6 = 0
       pc7 = 0
       pc8 = 0
       pc9 = 0
      pc10 = 0
      pc11 = 0
      pc12 = 0
      pc13 = 0
      pc14 = 0
Constrained:
     Tecnw = 33261.4
       Tnw = 1127.1
       Tec = 96.9206
     twoNb = 1.35741e+06
     twoNe = 214210
     twoNc = 179254
     twoNw = 840616
    twoNec = 161117
    twoNnw = 153163
  twoNecnw = 30772.5
  twoNbecnw = 49827.2
        m2 = 0.0160969
        m4 = 0.000321493
        m5 = 0.171563
        Tb = 16679.2
        Td = 48.4603
        Te = 24.2301
DiffEv reached_goal. cost=2.82950e-03 spread=2.96181e-06
Fitted parameter values
Free:
       pc1 = 1.52637
       pc2 = -1.70847
       pc3 = 0.622552
       pc4 = -1.94878
       pc5 = 3.47533
       pc6 = -1.96439
       pc7 = -1.55519
       pc8 = 0.319711
       pc9 = 0.565061
      pc10 = -0.45035
      pc11 = -0.346486
      pc12 = -0.919221
      pc13 = 0.293733
      pc14 = -0.271174
Constrained:
     Tecnw = 33116
       Tnw = 8.85161
       Tec = 31.5475
     twoNb = 2.9184e+06
     twoNe = 490102
     twoNc = 682940
     twoNw = 1.50785e+06
    twoNec = 157076
    twoNnw = 166082
  twoNecnw = 30204.7
  twoNbecnw = 49154.4
        m2 = 0.0216347
        m4 = 1.00036e-05
        m5 = 0.161204
        Tb = 16573.8
        Td = 15.7738
        Te = 7.88688
#       SitePat  BranchLen
              b 117029.7130536
              e 43400.8915883
              c 45602.8554383
              n 42758.6950442
              w 42758.6902005
            b:e 1298.1287447
            b:c 1463.9298616
            b:n 1088.9122337
            b:w 1088.9120619
            e:c 10958.6012085
            e:n 4211.8689044
            e:w 4211.8737480
            c:n 3556.3489719
            c:w 3556.3481136
            n:w 11765.9462423
          b:e:c 1230.1153975
          b:e:n 576.6173789
          b:e:w 576.6175507
          b:c:n 576.7335410
          b:c:w 576.7333691
          b:n:w 1225.5443508
          e:c:n 4765.5269242
          e:c:w 4765.5277825
          e:n:w 6180.6486823
          c:n:w 5284.2591911
        b:e:c:n 1090.2307824
        b:e:c:w 1090.2309543
        b:e:n:w 1436.1092890
        b:c:n:w 1275.5473996
        e:c:n:w 45831.0870330
