########################################
# legofit: estimate population history #
#       version 2.3.4-4-g53f8760       #
########################################

# Program was compiled: Sep 21 2021 14:36:42
# Program was run: Wed Sep 22 16:32:41 2021

# cmd: legofit -1 -d 0 -t 32 --ptsPerDim 3 --stateOut b1boot32.state --tol 3e-6 -S 5000 bde2.lgo ../../chrX/boot_chrX/boot32.opf
# Stage nOptItr nSimReps
#     0    5000        0
# algorithm          : deterministic
# ignoring probs <=  : 0
# Branch length floor: 0
# DE strategy        : 2
#    F               : 0.3
#    CR              : 0.8
#    tolerance       : 3e-06
# nthreads           : 32
# lgo input file     : bde2.lgo
# site pat input file: ../../chrX/boot_chrX/boot32.opf
# free parameters    : 14
# points in DE swarm : 42
# output state file  : b1boot32.state
# Including singleton site patterns.
# cost function      : KL
Initial parameter values
Fixed:
      zero = 0
       one = 1
    Tbecnw = 75200
Free:
       pc1 = 0
       pc2 = 0
       pc3 = 0
       pc4 = 0
       pc5 = 0
       pc6 = 0
       pc7 = 0
       pc8 = 0
       pc9 = 0
      pc10 = 0
      pc11 = 0
      pc12 = 0
      pc13 = 0
      pc14 = 0
Constrained:
     Tecnw = 33261.4
       Tnw = 1127.1
       Tec = 96.9206
     twoNb = 1.35741e+06
     twoNe = 214210
     twoNc = 179254
     twoNw = 840616
    twoNec = 161117
    twoNnw = 153163
  twoNecnw = 30772.5
  twoNbecnw = 49827.2
        m2 = 0.0160969
        m4 = 0.000321493
        m5 = 0.171563
        Tb = 16679.2
        Td = 48.4603
        Te = 24.2301
DiffEv reached_goal. cost=2.82599e-03 spread=2.97782e-06
Fitted parameter values
Free:
       pc1 = 3.27019
       pc2 = -3.68534
       pc3 = 1.61074
       pc4 = -1.97738
       pc5 = 1.11191
       pc6 = -1.99862
       pc7 = -1.92066
       pc8 = -0.104863
       pc9 = -0.931076
      pc10 = -0.81967
      pc11 = -0.397388
      pc12 = -1.64546
      pc13 = 0.230038
      pc14 = -0.316971
Constrained:
     Tecnw = 33678.8
       Tnw = 13.4675
       Tec = 37.0122
     twoNb = 2.96473e+06
     twoNe = 278694
     twoNc = 324108
     twoNw = 1.97907e+06
    twoNec = 147635
    twoNnw = 169070
  twoNecnw = 29652.1
  twoNbecnw = 50000.6
        m2 = 0.0255854
        m4 = 0.000122556
        m5 = 0.17858
        Tb = 16857.9
        Td = 18.5061
        Te = 9.25304
#       SitePat  BranchLen
              b 117728.2983248
              e 43448.4813908
              c 45930.7175491
              n 43094.2723878
              w 43094.2543949
            b:e 1326.5633349
            b:c 1523.5535773
            b:n 1103.1875572
            b:w 1103.1869174
            e:c 11159.4915196
            e:n 4231.3101340
            e:w 4231.3281269
            c:n 3497.0265540
            c:w 3497.0234146
            n:w 11781.2270086
          b:e:c 1255.1745175
          b:e:n 579.4650573
          b:e:w 579.4656972
          b:c:n 579.6206491
          b:c:w 579.6200086
          b:n:w 1249.6521327
          e:c:n 4758.4246373
          e:c:w 4758.4277767
          e:n:w 6278.6352243
          c:n:w 5257.6654430
        b:e:c:n 1104.7207639
        b:e:c:w 1104.7214044
        b:e:n:w 1490.9802659
        b:c:n:w 1301.0020355
        e:c:n:w 46302.0223931
