########################################
# legofit: estimate population history #
#       version 2.3.4-4-g53f8760       #
########################################

# Program was compiled: Sep 21 2021 14:36:42
# Program was run: Wed Sep 22 16:32:08 2021

# cmd: legofit -1 -d 0 -t 32 --ptsPerDim 3 --stateOut b1boot0.state --tol 3e-6 -S 5000 bde2.lgo ../../chrX/boot_chrX/boot0.opf
# Stage nOptItr nSimReps
#     0    5000        0
# algorithm          : deterministic
# ignoring probs <=  : 0
# Branch length floor: 0
# DE strategy        : 2
#    F               : 0.3
#    CR              : 0.8
#    tolerance       : 3e-06
# nthreads           : 32
# lgo input file     : bde2.lgo
# site pat input file: ../../chrX/boot_chrX/boot0.opf
# free parameters    : 14
# points in DE swarm : 42
# output state file  : b1boot0.state
# Including singleton site patterns.
# cost function      : KL
Initial parameter values
Fixed:
      zero = 0
       one = 1
    Tbecnw = 75200
Free:
       pc1 = 0
       pc2 = 0
       pc3 = 0
       pc4 = 0
       pc5 = 0
       pc6 = 0
       pc7 = 0
       pc8 = 0
       pc9 = 0
      pc10 = 0
      pc11 = 0
      pc12 = 0
      pc13 = 0
      pc14 = 0
Constrained:
     Tecnw = 33261.4
       Tnw = 1127.1
       Tec = 96.9206
     twoNb = 1.35741e+06
     twoNe = 214210
     twoNc = 179254
     twoNw = 840616
    twoNec = 161117
    twoNnw = 153163
  twoNecnw = 30772.5
  twoNbecnw = 49827.2
        m2 = 0.0160969
        m4 = 0.000321493
        m5 = 0.171563
        Tb = 16679.2
        Td = 48.4603
        Te = 24.2301
DiffEv reached_goal. cost=3.02545e-03 spread=2.43562e-06
Fitted parameter values
Free:
       pc1 = 2.14928
       pc2 = -3.01187
       pc3 = 1.41426
       pc4 = -1.96539
       pc5 = 0.789297
       pc6 = -1.88762
       pc7 = -2.14737
       pc8 = -0.633077
       pc9 = -0.222435
      pc10 = -0.406842
      pc11 = 0.1033
      pc12 = -1.63737
      pc13 = 0.625594
      pc14 = 0.0711748
Constrained:
     Tecnw = 33576.2
       Tnw = 53.7532
       Tec = 40.1265
     twoNb = 2.91727e+06
     twoNe = 126275
     twoNc = 355014
     twoNw = 1.85133e+06
    twoNec = 153307
    twoNnw = 163990
  twoNecnw = 30283
  twoNbecnw = 50134.4
        m2 = 0.0251364
        m4 = 0.000101738
        m5 = 0.178116
        Tb = 16808.1
        Td = 20.0632
        Te = 10.0316
#       SitePat  BranchLen
              b 117675.1958511
              e 43755.3566994
              c 46293.2506442
              n 43060.8256942
              w 43060.6265817
            b:e 1363.1578563
            b:c 1565.0934007
            b:n 1125.0351772
            b:w 1125.0279335
            e:c 11102.3135736
            e:n 4306.7926887
            e:w 4306.9918012
            c:n 3558.7040342
            c:w 3558.6689694
            n:w 12000.1260105
          b:e:c 1285.0175254
          b:e:n 597.0506703
          b:e:w 597.0579141
          b:c:n 597.2151570
          b:c:w 597.2079060
          b:n:w 1279.5564211
          e:c:n 4777.3954843
          e:c:w 4777.4305492
          e:n:w 6403.7077767
          c:n:w 5354.9547156
        b:e:c:n 1126.5959252
        b:e:c:w 1126.6031763
        b:e:n:w 1532.4913060
        b:c:n:w 1337.5118855
        e:c:n:w 45871.8551590
