########################################
# legofit: estimate population history #
#       version 2.3.4-4-g53f8760       #
########################################

# Program was compiled: Sep 21 2021 14:36:42
# Program was run: Wed Sep 22 16:32:36 2021

# cmd: legofit -1 -d 0 -t 32 --ptsPerDim 3 --stateOut b1boot23.state --tol 3e-6 -S 5000 bde2.lgo ../../chrX/boot_chrX/boot23.opf
# Stage nOptItr nSimReps
#     0    5000        0
# algorithm          : deterministic
# ignoring probs <=  : 0
# Branch length floor: 0
# DE strategy        : 2
#    F               : 0.3
#    CR              : 0.8
#    tolerance       : 3e-06
# nthreads           : 32
# lgo input file     : bde2.lgo
# site pat input file: ../../chrX/boot_chrX/boot23.opf
# free parameters    : 14
# points in DE swarm : 42
# output state file  : b1boot23.state
# Including singleton site patterns.
# cost function      : KL
Initial parameter values
Fixed:
      zero = 0
       one = 1
    Tbecnw = 75200
Free:
       pc1 = 0
       pc2 = 0
       pc3 = 0
       pc4 = 0
       pc5 = 0
       pc6 = 0
       pc7 = 0
       pc8 = 0
       pc9 = 0
      pc10 = 0
      pc11 = 0
      pc12 = 0
      pc13 = 0
      pc14 = 0
Constrained:
     Tecnw = 33261.4
       Tnw = 1127.1
       Tec = 96.9206
     twoNb = 1.35741e+06
     twoNe = 214210
     twoNc = 179254
     twoNw = 840616
    twoNec = 161117
    twoNnw = 153163
  twoNecnw = 30772.5
  twoNbecnw = 49827.2
        m2 = 0.0160969
        m4 = 0.000321493
        m5 = 0.171563
        Tb = 16679.2
        Td = 48.4603
        Te = 24.2301
DiffEv reached_goal. cost=2.96551e-03 spread=2.49761e-06
Fitted parameter values
Free:
       pc1 = 2.04939
       pc2 = -3.43705
       pc3 = 1.11165
       pc4 = -1.94391
       pc5 = 0.660167
       pc6 = -1.79031
       pc7 = -0.27976
       pc8 = -0.193826
       pc9 = 1.19513
      pc10 = -0.584723
      pc11 = 0.168459
      pc12 = -1.18316
      pc13 = -0.173589
      pc14 = -0.0987204
Constrained:
     Tecnw = 33357.3
       Tnw = 72.5759
       Tec = 51.9571
     twoNb = 2.89469e+06
     twoNe = 583954
     twoNc = 254026
     twoNw = 1.52476e+06
    twoNec = 148323
    twoNnw = 167856
  twoNecnw = 30695.8
  twoNbecnw = 49850
        m2 = 0.0233289
        m4 = 0.000172973
        m5 = 0.18606
        Tb = 16704.6
        Td = 25.9786
        Te = 12.9893
#       SitePat  BranchLen
              b 117396.9252340
              e 43462.1654898
              c 46042.6341936
              n 43158.7492120
              w 43158.4040045
            b:e 1338.9526615
            b:c 1542.5932013
            b:n 1140.4132714
            b:w 1140.4006013
            e:c 11206.1051933
            e:n 4361.5404184
            e:w 4361.8856259
            c:n 3597.3126062
            c:w 3597.2511547
            n:w 11867.0445919
          b:e:c 1284.7416815
          b:e:n 602.1385637
          b:e:w 602.1512338
          b:c:n 602.3102122
          b:c:w 602.2975302
          b:n:w 1279.6168547
          e:c:n 4854.3036714
          e:c:w 4854.3651228
          e:n:w 6350.3639470
          c:n:w 5291.4986289
        b:e:c:n 1141.8840500
        b:e:c:w 1141.8967320
        b:e:n:w 1512.0179504
        b:c:n:w 1315.3183634
        e:c:n:w 45569.1457999
