########################################
# legofit: estimate population history #
#       version 2.3.4-4-g53f8760       #
########################################

# Program was compiled: Sep 21 2021 14:36:42
# Program was run: Wed Sep 22 16:32:54 2021

# cmd: legofit -1 -d 0 -t 32 --ptsPerDim 3 --stateOut b1boot43.state --tol 3e-6 -S 5000 bde2.lgo ../../chrX/boot_chrX/boot43.opf
# Stage nOptItr nSimReps
#     0    5000        0
# algorithm          : deterministic
# ignoring probs <=  : 0
# Branch length floor: 0
# DE strategy        : 2
#    F               : 0.3
#    CR              : 0.8
#    tolerance       : 3e-06
# nthreads           : 32
# lgo input file     : bde2.lgo
# site pat input file: ../../chrX/boot_chrX/boot43.opf
# free parameters    : 14
# points in DE swarm : 42
# output state file  : b1boot43.state
# Including singleton site patterns.
# cost function      : KL
Initial parameter values
Fixed:
      zero = 0
       one = 1
    Tbecnw = 75200
Free:
       pc1 = 0
       pc2 = 0
       pc3 = 0
       pc4 = 0
       pc5 = 0
       pc6 = 0
       pc7 = 0
       pc8 = 0
       pc9 = 0
      pc10 = 0
      pc11 = 0
      pc12 = 0
      pc13 = 0
      pc14 = 0
Constrained:
     Tecnw = 33261.4
       Tnw = 1127.1
       Tec = 96.9206
     twoNb = 1.35741e+06
     twoNe = 214210
     twoNc = 179254
     twoNw = 840616
    twoNec = 161117
    twoNnw = 153163
  twoNecnw = 30772.5
  twoNbecnw = 49827.2
        m2 = 0.0160969
        m4 = 0.000321493
        m5 = 0.171563
        Tb = 16679.2
        Td = 48.4603
        Te = 24.2301
DiffEv reached_goal. cost=3.10424e-03 spread=2.50561e-06
Fitted parameter values
Free:
       pc1 = 1.74684
       pc2 = -3.29799
       pc3 = 0.949594
       pc4 = -1.96534
       pc5 = 0.839212
       pc6 = -1.96944
       pc7 = -0.63729
       pc8 = 0.0839494
       pc9 = 0.757273
      pc10 = -1.00826
      pc11 = -0.264402
      pc12 = -1.43058
      pc13 = 0.70974
      pc14 = 0.456742
Constrained:
     Tecnw = 33433.2
       Tnw = 41.7636
       Tec = 25.1346
     twoNb = 3.02847e+06
     twoNe = 495858
     twoNc = 270546
     twoNw = 1.61326e+06
    twoNec = 151579
    twoNnw = 157066
  twoNecnw = 30507.3
  twoNbecnw = 49357.9
        m2 = 0.0238441
        m4 = 5.24841e-05
        m5 = 0.184009
        Tb = 16729.2
        Td = 12.5673
        Te = 6.28366
#       SitePat  BranchLen
              b 117028.5919792
              e 43492.7581455
              c 46177.6399142
              n 42695.3578895
              w 42695.1677224
            b:e 1332.2348195
            b:c 1539.3323314
            b:n 1104.4022943
            b:w 1104.3954518
            e:c 11120.5010350
            e:n 4320.3107987
            e:w 4320.5009658
            c:n 3529.4717331
            c:w 3529.4382876
            n:w 12162.0737020
          b:e:c 1274.5205914
          b:e:n 586.4161257
          b:e:w 586.4229681
          b:c:n 586.5670293
          b:c:w 586.5601806
          b:n:w 1269.5873024
          e:c:n 4735.1382756
          e:c:w 4735.1717211
          e:n:w 6420.9958989
          c:n:w 5311.3039279
        b:e:c:n 1105.7982098
        b:e:c:w 1105.8050585
        b:e:n:w 1509.8251083
        b:c:n:w 1309.1514264
        e:c:n:w 45383.2111547
