########################################
# legofit: estimate population history #
#       version 2.3.4-4-g53f8760       #
########################################

# Program was compiled: Sep 21 2021 14:36:42
# Program was run: Wed Sep 22 16:32:29 2021

# cmd: legofit -1 -d 0 -t 32 --ptsPerDim 3 --stateOut b1boot17.state --tol 3e-6 -S 5000 bde2.lgo ../../chrX/boot_chrX/boot17.opf
# Stage nOptItr nSimReps
#     0    5000        0
# algorithm          : deterministic
# ignoring probs <=  : 0
# Branch length floor: 0
# DE strategy        : 2
#    F               : 0.3
#    CR              : 0.8
#    tolerance       : 3e-06
# nthreads           : 32
# lgo input file     : bde2.lgo
# site pat input file: ../../chrX/boot_chrX/boot17.opf
# free parameters    : 14
# points in DE swarm : 42
# output state file  : b1boot17.state
# Including singleton site patterns.
# cost function      : KL
Initial parameter values
Fixed:
      zero = 0
       one = 1
    Tbecnw = 75200
Free:
       pc1 = 0
       pc2 = 0
       pc3 = 0
       pc4 = 0
       pc5 = 0
       pc6 = 0
       pc7 = 0
       pc8 = 0
       pc9 = 0
      pc10 = 0
      pc11 = 0
      pc12 = 0
      pc13 = 0
      pc14 = 0
Constrained:
     Tecnw = 33261.4
       Tnw = 1127.1
       Tec = 96.9206
     twoNb = 1.35741e+06
     twoNe = 214210
     twoNc = 179254
     twoNw = 840616
    twoNec = 161117
    twoNnw = 153163
  twoNecnw = 30772.5
  twoNbecnw = 49827.2
        m2 = 0.0160969
        m4 = 0.000321493
        m5 = 0.171563
        Tb = 16679.2
        Td = 48.4603
        Te = 24.2301
DiffEv reached_goal. cost=3.08832e-03 spread=2.98716e-06
Fitted parameter values
Free:
       pc1 = 2.07035
       pc2 = -2.9718
       pc3 = 0.0382762
       pc4 = -1.8357
       pc5 = 0.659444
       pc6 = -1.95566
       pc7 = -1.5751
       pc8 = 0.690346
       pc9 = -0.047312
      pc10 = -0.338649
      pc11 = -0.931538
      pc12 = -0.949208
      pc13 = -0.0741827
      pc14 = -0.348138
Constrained:
     Tecnw = 33372.4
       Tnw = 148.533
       Tec = 72.7001
     twoNb = 2.92737e+06
     twoNe = 163480
     twoNc = 261646
     twoNw = 1.3942e+06
    twoNec = 145450
    twoNnw = 164788
  twoNecnw = 30077.6
  twoNbecnw = 49214.9
        m2 = 0.0218736
        m4 = 1.17519e-05
        m5 = 0.174697
        Tb = 16722.6
        Td = 36.3501
        Te = 18.175
#       SitePat  BranchLen
              b 117085.5902252
              e 43100.9221342
              c 45510.4941621
              n 42878.9711707
              w 42878.2033112
            b:e 1281.1355309
            b:c 1463.2317958
            b:n 1096.1168483
            b:w 1096.0896012
            e:c 11268.8164057
            e:n 4215.8044278
            e:w 4216.5722873
            c:n 3499.3958694
            c:w 3499.2605592
            n:w 11832.0808569
          b:e:c 1247.1015533
          b:e:n 572.0609813
          b:e:w 572.0882284
          b:c:n 572.2148588
          b:c:w 572.1875881
          b:n:w 1242.3534087
          e:c:n 4784.8342844
          e:c:w 4784.9695945
          e:n:w 6170.6920745
          c:n:w 5188.8782144
        b:e:c:n 1097.4079307
        b:e:c:w 1097.4352014
        b:e:n:w 1435.4170917
        b:c:n:w 1259.0297085
        e:c:n:w 45844.2028262
