########################################
# legofit: estimate population history #
#       version 2.3.4-4-g53f8760       #
########################################

# Program was compiled: Sep 21 2021 14:36:42
# Program was run: Wed Sep 22 16:32:15 2021

# cmd: legofit -1 -d 0 -t 32 --ptsPerDim 3 --stateOut b1boot7.state --tol 3e-6 -S 5000 bde2.lgo ../../chrX/boot_chrX/boot7.opf
# Stage nOptItr nSimReps
#     0    5000        0
# algorithm          : deterministic
# ignoring probs <=  : 0
# Branch length floor: 0
# DE strategy        : 2
#    F               : 0.3
#    CR              : 0.8
#    tolerance       : 3e-06
# nthreads           : 32
# lgo input file     : bde2.lgo
# site pat input file: ../../chrX/boot_chrX/boot7.opf
# free parameters    : 14
# points in DE swarm : 42
# output state file  : b1boot7.state
# Including singleton site patterns.
# cost function      : KL
Initial parameter values
Fixed:
      zero = 0
       one = 1
    Tbecnw = 75200
Free:
       pc1 = 0
       pc2 = 0
       pc3 = 0
       pc4 = 0
       pc5 = 0
       pc6 = 0
       pc7 = 0
       pc8 = 0
       pc9 = 0
      pc10 = 0
      pc11 = 0
      pc12 = 0
      pc13 = 0
      pc14 = 0
Constrained:
     Tecnw = 33261.4
       Tnw = 1127.1
       Tec = 96.9206
     twoNb = 1.35741e+06
     twoNe = 214210
     twoNc = 179254
     twoNw = 840616
    twoNec = 161117
    twoNnw = 153163
  twoNecnw = 30772.5
  twoNbecnw = 49827.2
        m2 = 0.0160969
        m4 = 0.000321493
        m5 = 0.171563
        Tb = 16679.2
        Td = 48.4603
        Te = 24.2301
DiffEv reached_goal. cost=3.14817e-03 spread=2.36185e-06
Fitted parameter values
Free:
       pc1 = 2.08588
       pc2 = -3.07084
       pc3 = 0.76647
       pc4 = -1.23742
       pc5 = 1.34184
       pc6 = -1.8997
       pc7 = -2.30846
       pc8 = -1.16375
       pc9 = 1.26585
      pc10 = -0.49974
      pc11 = -0.231128
      pc12 = -1.90622
      pc13 = -0.0914384
      pc14 = -0.220716
Constrained:
     Tecnw = 33422.6
       Tnw = 12.034
       Tec = 2.58285
     twoNb = 2.94608e+06
     twoNe = 182529
     twoNc = 489393
     twoNw = 2.09494e+06
    twoNec = 149557
    twoNnw = 170454
  twoNecnw = 30778.8
  twoNbecnw = 49740.2
        m2 = 0.0216551
        m4 = 6.34861e-05
        m5 = 0.179297
        Tb = 16712.6
        Td = 1.29142
        Te = 0.645712
#       SitePat  BranchLen
              b 117297.3094481
              e 43527.1076327
              c 45976.9085621
              n 43326.9118730
              w 43326.8654207
            b:e 1329.1040629
            b:c 1518.5952058
            b:n 1148.7258935
            b:w 1148.7241850
            e:c 11265.6266906
            e:n 4338.5360378
            e:w 4338.5824900
            c:n 3608.0629665
            c:w 3608.0546908
            n:w 11838.5526810
          b:e:c 1287.9078656
          b:e:n 604.1823236
          b:e:w 604.1840321
          b:c:n 604.3206335
          b:c:w 604.3189235
          b:n:w 1283.2347078
          e:c:n 4882.6533240
          e:c:w 4882.6615997
          e:n:w 6263.0512332
          c:n:w 5268.0777357
        b:e:c:n 1150.0860656
        b:e:c:w 1150.0877756
        b:e:n:w 1490.9665639
        b:c:n:w 1307.3756584
        e:c:n:w 45414.3856476
