########################################
# legofit: estimate population history #
#       version 2.3.4-4-g53f8760       #
########################################

# Program was compiled: Sep 21 2021 14:36:42
# Program was run: Wed Sep 22 16:32:41 2021

# cmd: legofit -1 -d 0 -t 32 --ptsPerDim 3 --stateOut b1boot29.state --tol 3e-6 -S 5000 bde2.lgo ../../chrX/boot_chrX/boot29.opf
# Stage nOptItr nSimReps
#     0    5000        0
# algorithm          : deterministic
# ignoring probs <=  : 0
# Branch length floor: 0
# DE strategy        : 2
#    F               : 0.3
#    CR              : 0.8
#    tolerance       : 3e-06
# nthreads           : 32
# lgo input file     : bde2.lgo
# site pat input file: ../../chrX/boot_chrX/boot29.opf
# free parameters    : 14
# points in DE swarm : 42
# output state file  : b1boot29.state
# Including singleton site patterns.
# cost function      : KL
Initial parameter values
Fixed:
      zero = 0
       one = 1
    Tbecnw = 75200
Free:
       pc1 = 0
       pc2 = 0
       pc3 = 0
       pc4 = 0
       pc5 = 0
       pc6 = 0
       pc7 = 0
       pc8 = 0
       pc9 = 0
      pc10 = 0
      pc11 = 0
      pc12 = 0
      pc13 = 0
      pc14 = 0
Constrained:
     Tecnw = 33261.4
       Tnw = 1127.1
       Tec = 96.9206
     twoNb = 1.35741e+06
     twoNe = 214210
     twoNc = 179254
     twoNw = 840616
    twoNec = 161117
    twoNnw = 153163
  twoNecnw = 30772.5
  twoNbecnw = 49827.2
        m2 = 0.0160969
        m4 = 0.000321493
        m5 = 0.171563
        Tb = 16679.2
        Td = 48.4603
        Te = 24.2301
DiffEv reached_goal. cost=3.01781e-03 spread=2.87272e-06
Fitted parameter values
Free:
       pc1 = 2.99031
       pc2 = -2.98736
       pc3 = 1.16465
       pc4 = -1.99288
       pc5 = 2.20162
       pc6 = -1.79927
       pc7 = 0.607583
       pc8 = 1.69648
       pc9 = 0.828543
      pc10 = -1.27043
      pc11 = 0.182247
      pc12 = -0.638728
      pc13 = -0.140127
      pc14 = -0.418473
Constrained:
     Tecnw = 33217.6
       Tnw = 62.6884
       Tec = 31.358
     twoNb = 2.79165e+06
     twoNe = 983524
     twoNc = 428166
     twoNw = 1.17019e+06
    twoNec = 149309
    twoNnw = 170746
  twoNecnw = 29824.6
  twoNbecnw = 49106.1
        m2 = 0.0231978
        m4 = 0.000169388
        m5 = 0.185885
        Tb = 16624.5
        Td = 15.679
        Te = 7.8395
#       SitePat  BranchLen
              b 117057.3074584
              e 43055.0036650
              c 45553.5953260
              n 42792.8359888
              w 42792.4262574
            b:e 1275.3909964
            b:c 1467.8957047
            b:n 1078.1568764
            b:w 1078.1425130
            e:c 10921.2394758
            e:n 4270.1596119
            e:w 4270.5693434
            c:n 3527.2683216
            c:w 3527.1961625
            n:w 11522.5899067
          b:e:c 1206.7315716
          b:e:n 570.4294582
          b:e:w 570.4438216
          b:c:n 570.5987975
          b:c:w 570.5844201
          b:n:w 1201.6071185
          e:c:n 4754.9380785
          e:c:w 4755.0102377
          e:n:w 6209.6498595
          c:n:w 5189.9098425
        b:e:c:n 1079.5910489
        b:e:c:w 1079.6054262
        b:e:n:w 1436.4295045
        b:c:n:w 1251.0276856
        e:c:n:w 46038.7503023
