########################################
# legofit: estimate population history #
#       version 2.3.4-4-g53f8760       #
########################################

# Program was compiled: Sep 21 2021 14:36:42
# Program was run: Wed Sep 22 16:32:36 2021

# cmd: legofit -1 -d 0 -t 32 --ptsPerDim 3 --stateOut b1boot24.state --tol 3e-6 -S 5000 bde2.lgo ../../chrX/boot_chrX/boot24.opf
# Stage nOptItr nSimReps
#     0    5000        0
# algorithm          : deterministic
# ignoring probs <=  : 0
# Branch length floor: 0
# DE strategy        : 2
#    F               : 0.3
#    CR              : 0.8
#    tolerance       : 3e-06
# nthreads           : 32
# lgo input file     : bde2.lgo
# site pat input file: ../../chrX/boot_chrX/boot24.opf
# free parameters    : 14
# points in DE swarm : 42
# output state file  : b1boot24.state
# Including singleton site patterns.
# cost function      : KL
Initial parameter values
Fixed:
      zero = 0
       one = 1
    Tbecnw = 75200
Free:
       pc1 = 0
       pc2 = 0
       pc3 = 0
       pc4 = 0
       pc5 = 0
       pc6 = 0
       pc7 = 0
       pc8 = 0
       pc9 = 0
      pc10 = 0
      pc11 = 0
      pc12 = 0
      pc13 = 0
      pc14 = 0
Constrained:
     Tecnw = 33261.4
       Tnw = 1127.1
       Tec = 96.9206
     twoNb = 1.35741e+06
     twoNe = 214210
     twoNc = 179254
     twoNw = 840616
    twoNec = 161117
    twoNnw = 153163
  twoNecnw = 30772.5
  twoNbecnw = 49827.2
        m2 = 0.0160969
        m4 = 0.000321493
        m5 = 0.171563
        Tb = 16679.2
        Td = 48.4603
        Te = 24.2301
DiffEv reached_goal. cost=3.11001e-03 spread=2.95037e-06
Fitted parameter values
Free:
       pc1 = 2.72383
       pc2 = -2.62945
       pc3 = 1.91763
       pc4 = -1.76766
       pc5 = 0.433626
       pc6 = -1.97816
       pc7 = -0.928693
       pc8 = 0.2525
       pc9 = 1.14014
      pc10 = -0.635622
      pc11 = 0.212581
      pc12 = -0.73314
      pc13 = 0.167083
      pc14 = -0.216529
Constrained:
     Tecnw = 33616.5
       Tnw = 10.1565
       Tec = 11.9259
     twoNb = 2.97885e+06
     twoNe = 485920
     twoNc = 371394
     twoNw = 1.34793e+06
    twoNec = 152179
    twoNnw = 170040
  twoNecnw = 30331.8
  twoNbecnw = 50245.4
        m2 = 0.0224619
        m4 = 6.38748e-06
        m5 = 0.190779
        Tb = 16814.2
        Td = 5.96296
        Te = 2.98148
#       SitePat  BranchLen
              b 117807.4632794
              e 43599.0401040
              c 46222.6301637
              n 43252.3139484
              w 43252.2655888
            b:e 1333.9914672
            b:c 1538.1782767
            b:n 1139.1268684
            b:w 1139.1250975
            e:c 11060.9860753
            e:n 4375.1717222
            e:w 4375.2200818
            c:n 3594.0352294
            c:w 3594.0266705
            n:w 11778.9441198
          b:e:c 1276.3916053
          b:e:n 604.7874126
          b:e:w 604.7891836
          b:c:n 604.9345681
          b:c:w 604.9327956
          b:n:w 1271.6726940
          e:c:n 4834.1553019
          e:c:w 4834.1638609
          e:n:w 6340.0649524
          c:n:w 5272.1759129
        b:e:c:n 1140.5015067
        b:e:c:w 1140.5032792
        b:e:n:w 1509.7310092
        b:c:n:w 1311.8823162
        e:c:n:w 45998.5137974
