########################################
# legofit: estimate population history #
#       version 2.3.4-4-g53f8760       #
########################################

# Program was compiled: Sep 21 2021 14:36:42
# Program was run: Wed Sep 22 16:32:22 2021

# cmd: legofit -1 -d 0 -t 32 --ptsPerDim 3 --stateOut b1boot16.state --tol 3e-6 -S 5000 bde2.lgo ../../chrX/boot_chrX/boot16.opf
# Stage nOptItr nSimReps
#     0    5000        0
# algorithm          : deterministic
# ignoring probs <=  : 0
# Branch length floor: 0
# DE strategy        : 2
#    F               : 0.3
#    CR              : 0.8
#    tolerance       : 3e-06
# nthreads           : 32
# lgo input file     : bde2.lgo
# site pat input file: ../../chrX/boot_chrX/boot16.opf
# free parameters    : 14
# points in DE swarm : 42
# output state file  : b1boot16.state
# Including singleton site patterns.
# cost function      : KL
Initial parameter values
Fixed:
      zero = 0
       one = 1
    Tbecnw = 75200
Free:
       pc1 = 0
       pc2 = 0
       pc3 = 0
       pc4 = 0
       pc5 = 0
       pc6 = 0
       pc7 = 0
       pc8 = 0
       pc9 = 0
      pc10 = 0
      pc11 = 0
      pc12 = 0
      pc13 = 0
      pc14 = 0
Constrained:
     Tecnw = 33261.4
       Tnw = 1127.1
       Tec = 96.9206
     twoNb = 1.35741e+06
     twoNe = 214210
     twoNc = 179254
     twoNw = 840616
    twoNec = 161117
    twoNnw = 153163
  twoNecnw = 30772.5
  twoNbecnw = 49827.2
        m2 = 0.0160969
        m4 = 0.000321493
        m5 = 0.171563
        Tb = 16679.2
        Td = 48.4603
        Te = 24.2301
DiffEv reached_goal. cost=3.04464e-03 spread=2.79849e-06
Fitted parameter values
Free:
       pc1 = 2.81996
       pc2 = -3.0878
       pc3 = 1.57001
       pc4 = -1.99216
       pc5 = 0.496861
       pc6 = -1.84866
       pc7 = -1.73269
       pc8 = 0.764388
       pc9 = -0.139287
      pc10 = -0.25808
      pc11 = 0.193461
      pc12 = -1.88331
      pc13 = 0.850222
      pc14 = -0.0797654
Constrained:
     Tecnw = 33733
       Tnw = 44.743
       Tec = 11.0248
     twoNb = 2.812e+06
     twoNe = 202905
     twoNc = 411072
     twoNw = 1.50429e+06
    twoNec = 149604
    twoNnw = 164103
  twoNecnw = 30007.5
  twoNbecnw = 49766.6
        m2 = 0.0264898
        m4 = 7.40966e-05
        m5 = 0.186177
        Tb = 16872
        Td = 5.5124
        Te = 2.7562
#       SitePat  BranchLen
              b 117392.6657429
              e 43632.6570849
              c 46297.4810614
              n 43040.8094203
              w 43040.5635535
            b:e 1349.0715130
            b:c 1561.4557977
            b:n 1108.4510926
            b:w 1108.4422832
            e:c 11121.3032496
            e:n 4297.9124268
            e:w 4298.1582935
            c:n 3512.5126993
            c:w 3512.4698388
            n:w 11966.9397341
          b:e:c 1270.9957784
          b:e:n 586.8532119
          b:e:w 586.8620214
          b:c:n 587.0370074
          b:c:w 587.0281884
          b:n:w 1265.0264603
          e:c:n 4735.6224344
          e:c:w 4735.6652948
          e:n:w 6404.4036466
          c:n:w 5302.4984310
        b:e:c:n 1110.1186349
        b:e:c:w 1110.1274540
        b:e:n:w 1526.1306707
        b:c:n:w 1321.5658447
        e:c:n:w 45705.9499865
