########################################
# legofit: estimate population history #
#       version 2.3.4-4-g53f8760       #
########################################

# Program was compiled: Sep 21 2021 14:36:42
# Program was run: Wed Sep 22 16:32:29 2021

# cmd: legofit -1 -d 0 -t 32 --ptsPerDim 3 --stateOut b1boot19.state --tol 3e-6 -S 5000 bde2.lgo ../../chrX/boot_chrX/boot19.opf
# Stage nOptItr nSimReps
#     0    5000        0
# algorithm          : deterministic
# ignoring probs <=  : 0
# Branch length floor: 0
# DE strategy        : 2
#    F               : 0.3
#    CR              : 0.8
#    tolerance       : 3e-06
# nthreads           : 32
# lgo input file     : bde2.lgo
# site pat input file: ../../chrX/boot_chrX/boot19.opf
# free parameters    : 14
# points in DE swarm : 42
# output state file  : b1boot19.state
# Including singleton site patterns.
# cost function      : KL
Initial parameter values
Fixed:
      zero = 0
       one = 1
    Tbecnw = 75200
Free:
       pc1 = 0
       pc2 = 0
       pc3 = 0
       pc4 = 0
       pc5 = 0
       pc6 = 0
       pc7 = 0
       pc8 = 0
       pc9 = 0
      pc10 = 0
      pc11 = 0
      pc12 = 0
      pc13 = 0
      pc14 = 0
Constrained:
     Tecnw = 33261.4
       Tnw = 1127.1
       Tec = 96.9206
     twoNb = 1.35741e+06
     twoNe = 214210
     twoNc = 179254
     twoNw = 840616
    twoNec = 161117
    twoNnw = 153163
  twoNecnw = 30772.5
  twoNbecnw = 49827.2
        m2 = 0.0160969
        m4 = 0.000321493
        m5 = 0.171563
        Tb = 16679.2
        Td = 48.4603
        Te = 24.2301
DiffEv reached_goal. cost=3.08608e-03 spread=2.14102e-06
Fitted parameter values
Free:
       pc1 = 1.76263
       pc2 = -2.08612
       pc3 = 1.59763
       pc4 = -1.80371
       pc5 = 3.14437
       pc6 = -1.976
       pc7 = -0.379773
       pc8 = 1.07015
       pc9 = 0.418687
      pc10 = 0.0193003
      pc11 = -1.08669
      pc12 = -1.53971
      pc13 = 0.502013
      pc14 = -0.0354527
Constrained:
     Tecnw = 33559
       Tnw = 22.7894
       Tec = 33.5195
     twoNb = 2.78654e+06
     twoNe = 757488
     twoNc = 670398
     twoNw = 1.32686e+06
    twoNec = 150895
    twoNnw = 157068
  twoNecnw = 30139.7
  twoNbecnw = 49236.6
        m2 = 0.0229937
        m4 = 3.8508e-05
        m5 = 0.163008
        Tb = 16796.2
        Td = 16.7598
        Te = 8.37989
#       SitePat  BranchLen
              b 117019.7467779
              e 43505.2831103
              c 45876.0854753
              n 42744.3252268
              w 42744.2421983
            b:e 1317.5933373
            b:c 1498.0862758
            b:n 1091.7980945
            b:w 1091.7951486
            e:c 11280.6462416
            e:n 4174.0293720
            e:w 4174.1124005
            c:n 3473.5735261
            c:w 3473.5590245
            n:w 12208.0364580
          b:e:c 1271.3298654
          b:e:n 572.3051155
          b:e:w 572.3080614
          b:c:n 572.4391699
          b:c:w 572.4362212
          b:n:w 1266.0745481
          e:c:n 4718.3733327
          e:c:w 4718.3878343
          e:n:w 6259.8324995
          c:n:w 5283.8458010
        b:e:c:n 1093.2554283
        b:e:c:w 1093.2583770
        b:e:n:w 1467.3880007
        b:c:n:w 1292.8264034
        e:c:n:w 45574.5378484
