########################################
# legofit: estimate population history #
#       version 2.3.4-4-g53f8760       #
########################################

# Program was compiled: Sep 21 2021 14:36:42
# Program was run: Wed Sep 22 16:32:29 2021

# cmd: legofit -1 -d 0 -t 32 --ptsPerDim 3 --stateOut b1boot22.state --tol 3e-6 -S 5000 bde2.lgo ../../chrX/boot_chrX/boot22.opf
# Stage nOptItr nSimReps
#     0    5000        0
# algorithm          : deterministic
# ignoring probs <=  : 0
# Branch length floor: 0
# DE strategy        : 2
#    F               : 0.3
#    CR              : 0.8
#    tolerance       : 3e-06
# nthreads           : 32
# lgo input file     : bde2.lgo
# site pat input file: ../../chrX/boot_chrX/boot22.opf
# free parameters    : 14
# points in DE swarm : 42
# output state file  : b1boot22.state
# Including singleton site patterns.
# cost function      : KL
Initial parameter values
Fixed:
      zero = 0
       one = 1
    Tbecnw = 75200
Free:
       pc1 = 0
       pc2 = 0
       pc3 = 0
       pc4 = 0
       pc5 = 0
       pc6 = 0
       pc7 = 0
       pc8 = 0
       pc9 = 0
      pc10 = 0
      pc11 = 0
      pc12 = 0
      pc13 = 0
      pc14 = 0
Constrained:
     Tecnw = 33261.4
       Tnw = 1127.1
       Tec = 96.9206
     twoNb = 1.35741e+06
     twoNe = 214210
     twoNc = 179254
     twoNw = 840616
    twoNec = 161117
    twoNnw = 153163
  twoNecnw = 30772.5
  twoNbecnw = 49827.2
        m2 = 0.0160969
        m4 = 0.000321493
        m5 = 0.171563
        Tb = 16679.2
        Td = 48.4603
        Te = 24.2301
DiffEv reached_goal. cost=2.95230e-03 spread=1.96262e-06
Fitted parameter values
Free:
       pc1 = 1.59296
       pc2 = -2.78733
       pc3 = 0.670445
       pc4 = -1.9513
       pc5 = 1.06433
       pc6 = -1.88268
       pc7 = -1.09312
       pc8 = -0.376599
       pc9 = 0.55114
      pc10 = -0.63534
      pc11 = -0.493676
      pc12 = -1.27068
      pc13 = 0.382554
      pc14 = 0.11062
Constrained:
     Tecnw = 33406.4
       Tnw = 47.2872
       Tec = 2.2357
     twoNb = 2.95827e+06
     twoNe = 360861
     twoNc = 294570
     twoNw = 1.63359e+06
    twoNec = 152252
    twoNnw = 161415
  twoNecnw = 30547.8
  twoNbecnw = 49492.7
        m2 = 0.0225471
        m4 = 8.78956e-05
        m5 = 0.175228
        Tb = 16704.3
        Td = 1.11785
        Te = 0.558924
#       SitePat  BranchLen
              b 117151.2594182
              e 43528.7736522
              c 46022.3811534
              n 42906.8361331
              w 42906.5996856
            b:e 1328.3615852
            b:c 1520.2620825
            b:n 1116.9329848
            b:w 1116.9244282
            e:c 11176.3259195
            e:n 4291.0299312
            e:w 4291.2663787
            c:n 3553.0894041
            c:w 3553.0476116
            n:w 12049.5395510
          b:e:c 1277.0555481
          b:e:n 590.2056020
          b:e:w 590.2141586
          b:c:n 590.3499798
          b:c:w 590.3414156
          b:n:w 1272.2496222
          e:c:n 4785.0016218
          e:c:w 4785.0434143
          e:n:w 6324.3851972
          c:n:w 5300.6490600
        b:e:c:n 1118.3039425
        b:e:c:w 1118.3125067
        b:e:n:w 1491.5906301
        b:c:n:w 1305.7064285
        e:c:n:w 45482.2002446
