########################################
# legofit: estimate population history #
#       version 2.3.4-4-g53f8760       #
########################################

# Program was compiled: Sep 21 2021 14:36:42
# Program was run: Wed Sep 22 16:32:08 2021

# cmd: legofit -1 -d 0 -t 32 --ptsPerDim 3 --stateOut b1boot2.state --tol 3e-6 -S 5000 bde2.lgo ../../chrX/boot_chrX/boot2.opf
# Stage nOptItr nSimReps
#     0    5000        0
# algorithm          : deterministic
# ignoring probs <=  : 0
# Branch length floor: 0
# DE strategy        : 2
#    F               : 0.3
#    CR              : 0.8
#    tolerance       : 3e-06
# nthreads           : 32
# lgo input file     : bde2.lgo
# site pat input file: ../../chrX/boot_chrX/boot2.opf
# free parameters    : 14
# points in DE swarm : 42
# output state file  : b1boot2.state
# Including singleton site patterns.
# cost function      : KL
Initial parameter values
Fixed:
      zero = 0
       one = 1
    Tbecnw = 75200
Free:
       pc1 = 0
       pc2 = 0
       pc3 = 0
       pc4 = 0
       pc5 = 0
       pc6 = 0
       pc7 = 0
       pc8 = 0
       pc9 = 0
      pc10 = 0
      pc11 = 0
      pc12 = 0
      pc13 = 0
      pc14 = 0
Constrained:
     Tecnw = 33261.4
       Tnw = 1127.1
       Tec = 96.9206
     twoNb = 1.35741e+06
     twoNe = 214210
     twoNc = 179254
     twoNw = 840616
    twoNec = 161117
    twoNnw = 153163
  twoNecnw = 30772.5
  twoNbecnw = 49827.2
        m2 = 0.0160969
        m4 = 0.000321493
        m5 = 0.171563
        Tb = 16679.2
        Td = 48.4603
        Te = 24.2301
DiffEv reached_goal. cost=3.07936e-03 spread=1.82197e-06
Fitted parameter values
Free:
       pc1 = 2.14686
       pc2 = -2.97567
       pc3 = 1.32984
       pc4 = -1.99558
       pc5 = 1.01921
       pc6 = -1.6257
       pc7 = 0.549471
       pc8 = 0.606303
       pc9 = 0.786657
      pc10 = -1.06872
      pc11 = -0.674122
      pc12 = -1.09831
      pc13 = 0.715167
      pc14 = 0.201121
Constrained:
     Tecnw = 33612.8
       Tnw = 6.54081
       Tec = 7.64947
     twoNb = 2.83155e+06
     twoNe = 807574
     twoNc = 234155
     twoNw = 1.34805e+06
    twoNec = 151439
    twoNnw = 158524
  twoNecnw = 30331.5
  twoNbecnw = 49229.4
        m2 = 0.0231136
        m4 = 2.98181e-05
        m5 = 0.183292
        Tb = 16810.2
        Td = 3.82473
        Te = 1.91237
#       SitePat  BranchLen
              b 116947.6526908
              e 43515.2177611
              c 46175.2563893
              n 42803.7594123
              w 42803.7297735
            b:e 1319.6806153
            b:c 1523.0363255
            b:n 1101.0048314
            b:w 1101.0037716
            e:c 11139.8247765
            e:n 4297.1061173
            e:w 4297.1357561
            c:n 3510.2708281
            c:w 3510.2656445
            n:w 12125.8350651
          b:e:c 1269.3999935
          b:e:n 583.0006614
          b:e:w 583.0017212
          b:c:n 583.1486946
          b:c:w 583.1476338
          b:n:w 1264.2968353
          e:c:n 4726.5586354
          e:c:w 4726.5638190
          e:n:w 6362.3206374
          c:n:w 5269.1307322
        b:e:c:n 1102.4489833
        b:e:c:w 1102.4500440
        b:e:n:w 1492.6210660
        b:c:n:w 1295.8280878
        e:c:n:w 45334.3913680
