########################################
# legofit: estimate population history #
#       version 2.3.4-4-g53f8760       #
########################################

# Program was compiled: Sep 21 2021 14:36:42
# Program was run: Wed Sep 22 16:32:15 2021

# cmd: legofit -1 -d 0 -t 32 --ptsPerDim 3 --stateOut b1boot8.state --tol 3e-6 -S 5000 bde2.lgo ../../chrX/boot_chrX/boot8.opf
# Stage nOptItr nSimReps
#     0    5000        0
# algorithm          : deterministic
# ignoring probs <=  : 0
# Branch length floor: 0
# DE strategy        : 2
#    F               : 0.3
#    CR              : 0.8
#    tolerance       : 3e-06
# nthreads           : 32
# lgo input file     : bde2.lgo
# site pat input file: ../../chrX/boot_chrX/boot8.opf
# free parameters    : 14
# points in DE swarm : 42
# output state file  : b1boot8.state
# Including singleton site patterns.
# cost function      : KL
Initial parameter values
Fixed:
      zero = 0
       one = 1
    Tbecnw = 75200
Free:
       pc1 = 0
       pc2 = 0
       pc3 = 0
       pc4 = 0
       pc5 = 0
       pc6 = 0
       pc7 = 0
       pc8 = 0
       pc9 = 0
      pc10 = 0
      pc11 = 0
      pc12 = 0
      pc13 = 0
      pc14 = 0
Constrained:
     Tecnw = 33261.4
       Tnw = 1127.1
       Tec = 96.9206
     twoNb = 1.35741e+06
     twoNe = 214210
     twoNc = 179254
     twoNw = 840616
    twoNec = 161117
    twoNnw = 153163
  twoNecnw = 30772.5
  twoNbecnw = 49827.2
        m2 = 0.0160969
        m4 = 0.000321493
        m5 = 0.171563
        Tb = 16679.2
        Td = 48.4603
        Te = 24.2301
DiffEv reached_goal. cost=3.02955e-03 spread=2.96606e-06
Fitted parameter values
Free:
       pc1 = 1.67642
       pc2 = -2.02805
       pc3 = 1.99235
       pc4 = -1.9941
       pc5 = -1.46783
       pc6 = -1.99358
       pc7 = -1.1393
       pc8 = -0.889719
       pc9 = 0.0116023
      pc10 = 0.514098
      pc11 = 0.531648
      pc12 = -0.14057
      pc13 = -0.305152
      pc14 = 0.161679
Constrained:
     Tecnw = 33646.5
       Tnw = 19.882
       Tec = 47.4722
     twoNb = 2.80173e+06
     twoNe = 79789
     twoNc = 72531
     twoNw = 1.10098e+06
    twoNec = 153900
    twoNnw = 164524
  twoNecnw = 30655.6
  twoNbecnw = 51622.2
        m2 = 0.0222611
        m4 = 0.000366185
        m5 = 0.184203
        Tb = 16847
        Td = 23.7361
        Te = 11.868
#       SitePat  BranchLen
              b 118866.2806474
              e 43873.3052374
              c 46510.9356786
              n 43283.8584980
              w 43283.7945738
            b:e 1393.4296856
            b:c 1607.3370330
            b:n 1180.3356200
            b:w 1180.3331967
            e:c 11213.7980597
            e:n 4408.0246205
            e:w 4408.0885447
            c:n 3630.9399815
            c:w 3630.9285584
            n:w 12106.6924447
          b:e:c 1338.8396277
          b:e:n 626.9736601
          b:e:w 626.9760833
          b:c:n 627.1461381
          b:c:w 627.1437126
          b:n:w 1333.7050260
          e:c:n 4888.6678846
          e:c:w 4888.6793078
          e:n:w 6483.7398097
          c:n:w 5392.6633051
        b:e:c:n 1181.8569339
        b:e:c:w 1181.8593595
        b:e:n:w 1576.1916582
        b:c:n:w 1369.6348921
        e:c:n:w 46627.6128015
