########################################
# legofit: estimate population history #
#       version 2.3.4-4-g53f8760       #
########################################

# Program was compiled: Sep 21 2021 14:36:42
# Program was run: Wed Sep 22 16:32:55 2021

# cmd: legofit -1 -d 0 -t 32 --ptsPerDim 3 --stateOut b1boot45.state --tol 3e-6 -S 5000 bde2.lgo ../../chrX/boot_chrX/boot45.opf
# Stage nOptItr nSimReps
#     0    5000        0
# algorithm          : deterministic
# ignoring probs <=  : 0
# Branch length floor: 0
# DE strategy        : 2
#    F               : 0.3
#    CR              : 0.8
#    tolerance       : 3e-06
# nthreads           : 32
# lgo input file     : bde2.lgo
# site pat input file: ../../chrX/boot_chrX/boot45.opf
# free parameters    : 14
# points in DE swarm : 42
# output state file  : b1boot45.state
# Including singleton site patterns.
# cost function      : KL
Initial parameter values
Fixed:
      zero = 0
       one = 1
    Tbecnw = 75200
Free:
       pc1 = 0
       pc2 = 0
       pc3 = 0
       pc4 = 0
       pc5 = 0
       pc6 = 0
       pc7 = 0
       pc8 = 0
       pc9 = 0
      pc10 = 0
      pc11 = 0
      pc12 = 0
      pc13 = 0
      pc14 = 0
Constrained:
     Tecnw = 33261.4
       Tnw = 1127.1
       Tec = 96.9206
     twoNb = 1.35741e+06
     twoNe = 214210
     twoNc = 179254
     twoNw = 840616
    twoNec = 161117
    twoNnw = 153163
  twoNecnw = 30772.5
  twoNbecnw = 49827.2
        m2 = 0.0160969
        m4 = 0.000321493
        m5 = 0.171563
        Tb = 16679.2
        Td = 48.4603
        Te = 24.2301
DiffEv reached_goal. cost=2.83589e-03 spread=2.77344e-06
Fitted parameter values
Free:
       pc1 = 2.33291
       pc2 = -2.7621
       pc3 = 0.904137
       pc4 = -1.90023
       pc5 = 1.76674
       pc6 = -1.90839
       pc7 = -0.875783
       pc8 = 1.02973
       pc9 = 0.921954
      pc10 = -0.556111
      pc11 = -0.000341257
      pc12 = -1.36539
      pc13 = 0.282467
      pc14 = -0.208438
Constrained:
     Tecnw = 33345.1
       Tnw = 23.2173
       Tec = 5.67933
     twoNb = 2.87315e+06
     twoNe = 532321
     twoNc = 510741
     twoNw = 1.35813e+06
    twoNec = 149812
    twoNnw = 166414
  twoNecnw = 30229.6
  twoNbecnw = 49182.2
        m2 = 0.0235963
        m4 = 5.69613e-05
        m5 = 0.181305
        Tb = 16675.4
        Td = 2.83966
        Te = 1.41983
#       SitePat  BranchLen
              b 116970.1428565
              e 43317.8767939
              c 45829.7321787
              n 42897.7202715
              w 42897.5830166
            b:e 1306.6188503
            b:c 1500.2682414
            b:n 1098.9813459
            b:w 1098.9764588
            e:c 11083.0822203
            e:n 4283.5467090
            e:w 4283.6839640
            c:n 3538.1405687
            c:w 3538.1163929
            n:w 11801.3459763
          b:e:c 1244.5503985
          b:e:n 580.5124896
          b:e:w 580.5173766
          b:c:n 580.6647511
          b:c:w 580.6598593
          b:n:w 1239.4163590
          e:c:n 4770.1252306
          e:c:w 4770.1494065
          e:n:w 6275.9627844
          c:n:w 5248.1799829
        b:e:c:n 1100.4328475
        b:e:c:w 1100.4377392
        b:e:n:w 1469.5105010
        b:c:n:w 1282.4674940
        e:c:n:w 45567.1502571
