########################################
# legofit: estimate population history #
#       version 2.3.4-4-g53f8760       #
########################################

# Program was compiled: Sep 21 2021 14:36:42
# Program was run: Wed Sep 22 16:32:41 2021

# cmd: legofit -1 -d 0 -t 32 --ptsPerDim 3 --stateOut b1boot30.state --tol 3e-6 -S 5000 bde2.lgo ../../chrX/boot_chrX/boot30.opf
# Stage nOptItr nSimReps
#     0    5000        0
# algorithm          : deterministic
# ignoring probs <=  : 0
# Branch length floor: 0
# DE strategy        : 2
#    F               : 0.3
#    CR              : 0.8
#    tolerance       : 3e-06
# nthreads           : 32
# lgo input file     : bde2.lgo
# site pat input file: ../../chrX/boot_chrX/boot30.opf
# free parameters    : 14
# points in DE swarm : 42
# output state file  : b1boot30.state
# Including singleton site patterns.
# cost function      : KL
Initial parameter values
Fixed:
      zero = 0
       one = 1
    Tbecnw = 75200
Free:
       pc1 = 0
       pc2 = 0
       pc3 = 0
       pc4 = 0
       pc5 = 0
       pc6 = 0
       pc7 = 0
       pc8 = 0
       pc9 = 0
      pc10 = 0
      pc11 = 0
      pc12 = 0
      pc13 = 0
      pc14 = 0
Constrained:
     Tecnw = 33261.4
       Tnw = 1127.1
       Tec = 96.9206
     twoNb = 1.35741e+06
     twoNe = 214210
     twoNc = 179254
     twoNw = 840616
    twoNec = 161117
    twoNnw = 153163
  twoNecnw = 30772.5
  twoNbecnw = 49827.2
        m2 = 0.0160969
        m4 = 0.000321493
        m5 = 0.171563
        Tb = 16679.2
        Td = 48.4603
        Te = 24.2301
DiffEv reached_goal. cost=3.03083e-03 spread=2.97792e-06
Fitted parameter values
Free:
       pc1 = 2.2541
       pc2 = -3.18491
       pc3 = -0.0129772
       pc4 = -1.6097
       pc5 = 0.616743
       pc6 = -1.85995
       pc7 = -1.69474
       pc8 = -0.168176
       pc9 = -0.773822
      pc10 = -1.51015
      pc11 = -0.599993
      pc12 = -0.38528
      pc13 = -0.0934633
      pc14 = 0.102136
Constrained:
     Tecnw = 33191.5
       Tnw = 42.0887
       Tec = 101.862
     twoNb = 2.92778e+06
     twoNe = 168604
     twoNc = 99844.3
     twoNw = 1.79103e+06
    twoNec = 150926
    twoNnw = 163732
  twoNecnw = 29779.7
  twoNbecnw = 49480.5
        m2 = 0.021064
        m4 = 0.000106711
        m5 = 0.178084
        Tb = 16646.7
        Td = 50.9311
        Te = 25.4655
#       SitePat  BranchLen
              b 117454.9908425
              e 43010.5293712
              c 45462.4930923
              n 42533.5191657
              w 42533.4419218
            b:e 1268.5055672
            b:c 1452.6267849
            b:n 1074.7783048
            b:w 1074.7755898
            e:c 10961.2690376
            e:n 4234.0894118
            e:w 4234.1666557
            c:n 3505.4826017
            c:w 3505.4689751
            n:w 11731.6315906
          b:e:c 1217.7145711
          b:e:n 567.8487755
          b:e:w 567.8514905
          b:c:n 567.9779201
          b:c:w 567.9752028
          b:n:w 1213.2649232
          e:c:n 4738.8796740
          e:c:w 4738.8933007
          e:n:w 6202.0053081
          c:n:w 5201.2567862
        b:e:c:n 1076.0286910
        b:e:c:w 1076.0314083
        b:e:n:w 1425.3348930
        b:c:n:w 1247.0501100
        e:c:n:w 46533.6069188
