########################################
# legofit: estimate population history #
#       version 2.3.4-4-g53f8760       #
########################################

# Program was compiled: Sep 21 2021 14:36:42
# Program was run: Wed Sep 22 16:32:54 2021

# cmd: legofit -1 -d 0 -t 32 --ptsPerDim 3 --stateOut b1boot44.state --tol 3e-6 -S 5000 bde2.lgo ../../chrX/boot_chrX/boot44.opf
# Stage nOptItr nSimReps
#     0    5000        0
# algorithm          : deterministic
# ignoring probs <=  : 0
# Branch length floor: 0
# DE strategy        : 2
#    F               : 0.3
#    CR              : 0.8
#    tolerance       : 3e-06
# nthreads           : 32
# lgo input file     : bde2.lgo
# site pat input file: ../../chrX/boot_chrX/boot44.opf
# free parameters    : 14
# points in DE swarm : 42
# output state file  : b1boot44.state
# Including singleton site patterns.
# cost function      : KL
Initial parameter values
Fixed:
      zero = 0
       one = 1
    Tbecnw = 75200
Free:
       pc1 = 0
       pc2 = 0
       pc3 = 0
       pc4 = 0
       pc5 = 0
       pc6 = 0
       pc7 = 0
       pc8 = 0
       pc9 = 0
      pc10 = 0
      pc11 = 0
      pc12 = 0
      pc13 = 0
      pc14 = 0
Constrained:
     Tecnw = 33261.4
       Tnw = 1127.1
       Tec = 96.9206
     twoNb = 1.35741e+06
     twoNe = 214210
     twoNc = 179254
     twoNw = 840616
    twoNec = 161117
    twoNnw = 153163
  twoNecnw = 30772.5
  twoNbecnw = 49827.2
        m2 = 0.0160969
        m4 = 0.000321493
        m5 = 0.171563
        Tb = 16679.2
        Td = 48.4603
        Te = 24.2301
DiffEv reached_goal. cost=2.98893e-03 spread=2.90129e-06
Fitted parameter values
Free:
       pc1 = 1.89635
       pc2 = -2.92717
       pc3 = 1.44094
       pc4 = -1.78645
       pc5 = 0.858544
       pc6 = -1.85929
       pc7 = -1.37505
       pc8 = 0.146125
       pc9 = 0.125647
      pc10 = -0.559872
      pc11 = 0.388712
      pc12 = -0.975994
      pc13 = -0.111731
      pc14 = 0.223242
Constrained:
     Tecnw = 33284.2
       Tnw = 140.805
       Tec = 46.6474
     twoNb = 2.81211e+06
     twoNe = 338436
     twoNc = 350175
     twoNw = 1.5319e+06
    twoNec = 151470
    twoNnw = 162552
  twoNecnw = 30232.6
  twoNbecnw = 50283.8
        m2 = 0.0237231
        m4 = 8.71187e-05
        m5 = 0.182165
        Tb = 16665.4
        Td = 23.3237
        Te = 11.6618
#       SitePat  BranchLen
              b 117917.2185929
              e 43388.1395478
              c 45953.9673354
              n 42785.8344939
              w 42785.1123536
            b:e 1339.0674357
            b:c 1540.8705645
            b:n 1115.6482613
            b:w 1115.6220387
            e:c 11062.2832990
            e:n 4316.0406055
            e:w 4316.7627458
            c:n 3560.0678407
            c:w 3559.9396358
            n:w 11917.0184607
          b:e:c 1269.7315810
          b:e:n 591.9596883
          b:e:w 591.9859108
          b:c:n 592.1418690
          b:c:w 592.1156206
          b:n:w 1264.4069300
          e:c:n 4788.6139679
          e:c:w 4788.7421728
          e:n:w 6385.1638475
          c:n:w 5324.8420530
        b:e:c:n 1117.1436149
        b:e:c:w 1117.1698632
        b:e:n:w 1508.7477852
        b:c:n:w 1313.9226477
        e:c:n:w 46406.2003382
