########################################
# legofit: estimate population history #
#       version 2.3.4-4-g53f8760       #
########################################

# Program was compiled: Sep 21 2021 14:36:42
# Program was run: Wed Sep 22 16:32:29 2021

# cmd: legofit -1 -d 0 -t 32 --ptsPerDim 3 --stateOut b1boot18.state --tol 3e-6 -S 5000 bde2.lgo ../../chrX/boot_chrX/boot18.opf
# Stage nOptItr nSimReps
#     0    5000        0
# algorithm          : deterministic
# ignoring probs <=  : 0
# Branch length floor: 0
# DE strategy        : 2
#    F               : 0.3
#    CR              : 0.8
#    tolerance       : 3e-06
# nthreads           : 32
# lgo input file     : bde2.lgo
# site pat input file: ../../chrX/boot_chrX/boot18.opf
# free parameters    : 14
# points in DE swarm : 42
# output state file  : b1boot18.state
# Including singleton site patterns.
# cost function      : KL
Initial parameter values
Fixed:
      zero = 0
       one = 1
    Tbecnw = 75200
Free:
       pc1 = 0
       pc2 = 0
       pc3 = 0
       pc4 = 0
       pc5 = 0
       pc6 = 0
       pc7 = 0
       pc8 = 0
       pc9 = 0
      pc10 = 0
      pc11 = 0
      pc12 = 0
      pc13 = 0
      pc14 = 0
Constrained:
     Tecnw = 33261.4
       Tnw = 1127.1
       Tec = 96.9206
     twoNb = 1.35741e+06
     twoNe = 214210
     twoNc = 179254
     twoNw = 840616
    twoNec = 161117
    twoNnw = 153163
  twoNecnw = 30772.5
  twoNbecnw = 49827.2
        m2 = 0.0160969
        m4 = 0.000321493
        m5 = 0.171563
        Tb = 16679.2
        Td = 48.4603
        Te = 24.2301
DiffEv reached_goal. cost=3.13193e-03 spread=2.90974e-06
Fitted parameter values
Free:
       pc1 = 2.73085
       pc2 = -2.57582
       pc3 = 1.55363
       pc4 = -1.62208
       pc5 = 0.858866
       pc6 = -1.90647
       pc7 = -1.45864
       pc8 = 0.662726
       pc9 = 0.788915
      pc10 = -1.01771
      pc11 = 1.57343
      pc12 = -0.729227
      pc13 = 0.14874
      pc14 = -0.0988121
Constrained:
     Tecnw = 33214.7
       Tnw = 212.88
       Tec = 35.2885
     twoNb = 2.79898e+06
     twoNe = 373959
     twoNc = 473926
     twoNw = 1.38105e+06
    twoNec = 155836
    twoNnw = 171634
  twoNecnw = 30100.8
  twoNbecnw = 50180.6
        m2 = 0.023947
        m4 = 0.000177019
        m5 = 0.196264
        Tb = 16625
        Td = 17.6443
        Te = 8.82213
#       SitePat  BranchLen
              b 117862.2851478
              e 43414.1719583
              c 46053.3650109
              n 42947.9931323
              w 42946.6235089
            b:e 1327.6028710
            b:c 1537.5695480
            b:n 1111.9241456
            b:w 1111.8745722
            e:c 10722.4638625
            e:n 4396.2523757
            e:w 4397.6219991
            c:n 3615.6671234
            c:w 3615.4231791
            n:w 11500.6374081
          b:e:c 1232.2467588
          b:e:n 597.6846382
          b:e:w 597.7342116
          b:c:n 597.9085982
          b:c:w 597.8589751
          b:n:w 1227.0316747
          e:c:n 4797.0970890
          e:c:w 4797.3410333
          e:n:w 6383.5776111
          c:n:w 5299.0181113
        b:e:c:n 1113.4125005
        b:e:c:w 1113.4621235
        b:e:n:w 1504.6295055
        b:c:n:w 1302.4646246
        e:c:n:w 46440.3913572
