########################################
# legofit: estimate population history #
#       version 2.3.4-4-g53f8760       #
########################################

# Program was compiled: Sep 21 2021 14:36:42
# Program was run: Wed Sep 22 16:32:41 2021

# cmd: legofit -1 -d 0 -t 32 --ptsPerDim 3 --stateOut b1boot34.state --tol 3e-6 -S 5000 bde2.lgo ../../chrX/boot_chrX/boot34.opf
# Stage nOptItr nSimReps
#     0    5000        0
# algorithm          : deterministic
# ignoring probs <=  : 0
# Branch length floor: 0
# DE strategy        : 2
#    F               : 0.3
#    CR              : 0.8
#    tolerance       : 3e-06
# nthreads           : 32
# lgo input file     : bde2.lgo
# site pat input file: ../../chrX/boot_chrX/boot34.opf
# free parameters    : 14
# points in DE swarm : 42
# output state file  : b1boot34.state
# Including singleton site patterns.
# cost function      : KL
Initial parameter values
Fixed:
      zero = 0
       one = 1
    Tbecnw = 75200
Free:
       pc1 = 0
       pc2 = 0
       pc3 = 0
       pc4 = 0
       pc5 = 0
       pc6 = 0
       pc7 = 0
       pc8 = 0
       pc9 = 0
      pc10 = 0
      pc11 = 0
      pc12 = 0
      pc13 = 0
      pc14 = 0
Constrained:
     Tecnw = 33261.4
       Tnw = 1127.1
       Tec = 96.9206
     twoNb = 1.35741e+06
     twoNe = 214210
     twoNc = 179254
     twoNw = 840616
    twoNec = 161117
    twoNnw = 153163
  twoNecnw = 30772.5
  twoNbecnw = 49827.2
        m2 = 0.0160969
        m4 = 0.000321493
        m5 = 0.171563
        Tb = 16679.2
        Td = 48.4603
        Te = 24.2301
DiffEv reached_goal. cost=2.76192e-03 spread=2.97320e-06
Fitted parameter values
Free:
       pc1 = 2.96735
       pc2 = -3.09452
       pc3 = 0.113038
       pc4 = -1.25766
       pc5 = -0.933255
       pc6 = -1.97857
       pc7 = -1.12716
       pc8 = 1.56631
       pc9 = 0.0429573
      pc10 = -1.62248
      pc11 = -0.329677
      pc12 = -0.252681
      pc13 = -0.0484819
      pc14 = 0.106688
Constrained:
     Tecnw = 33369.9
       Tnw = 153.261
       Tec = 9.11326
     twoNb = 2.87859e+06
     twoNe = 187771
     twoNc = 71917
     twoNw = 1.20423e+06
    twoNec = 146315
    twoNnw = 162647
  twoNecnw = 29659
  twoNbecnw = 49255.8
        m2 = 0.0204742
        m4 = 4.27482e-05
        m5 = 0.199575
        Tb = 16689.5
        Td = 4.55663
        Te = 2.27832
#       SitePat  BranchLen
              b 117294.8002642
              e 42761.2710115
              c 45514.6316448
              n 42513.6236473
              w 42512.4543612
            b:e 1240.9344914
            b:c 1444.9854219
            b:n 1068.2869637
            b:w 1068.2461117
            e:c 10972.3138735
            e:n 4297.3725466
            e:w 4298.5418327
            c:n 3477.8805672
            c:w 3477.6754148
            n:w 11680.3749881
          b:e:c 1208.2757910
          b:e:n 564.4596495
          b:e:w 564.5005015
          b:c:n 564.6365845
          b:c:w 564.5956987
          b:n:w 1203.9092554
          e:c:n 4721.5117249
          e:c:w 4721.7168773
          e:n:w 6227.4453907
          c:n:w 5107.8855580
        b:e:c:n 1069.4593795
        b:e:c:w 1069.5002653
        b:e:n:w 1418.2225459
        b:c:n:w 1220.4570799
        e:c:n:w 46429.7441228
