########################################
# legofit: estimate population history #
#       version 2.3.4-4-g53f8760       #
########################################

# Program was compiled: Sep 21 2021 14:36:42
# Program was run: Wed Sep 22 16:32:41 2021

# cmd: legofit -1 -d 0 -t 32 --ptsPerDim 3 --stateOut b1boot33.state --tol 3e-6 -S 5000 bde2.lgo ../../chrX/boot_chrX/boot33.opf
# Stage nOptItr nSimReps
#     0    5000        0
# algorithm          : deterministic
# ignoring probs <=  : 0
# Branch length floor: 0
# DE strategy        : 2
#    F               : 0.3
#    CR              : 0.8
#    tolerance       : 3e-06
# nthreads           : 32
# lgo input file     : bde2.lgo
# site pat input file: ../../chrX/boot_chrX/boot33.opf
# free parameters    : 14
# points in DE swarm : 42
# output state file  : b1boot33.state
# Including singleton site patterns.
# cost function      : KL
Initial parameter values
Fixed:
      zero = 0
       one = 1
    Tbecnw = 75200
Free:
       pc1 = 0
       pc2 = 0
       pc3 = 0
       pc4 = 0
       pc5 = 0
       pc6 = 0
       pc7 = 0
       pc8 = 0
       pc9 = 0
      pc10 = 0
      pc11 = 0
      pc12 = 0
      pc13 = 0
      pc14 = 0
Constrained:
     Tecnw = 33261.4
       Tnw = 1127.1
       Tec = 96.9206
     twoNb = 1.35741e+06
     twoNe = 214210
     twoNc = 179254
     twoNw = 840616
    twoNec = 161117
    twoNnw = 153163
  twoNecnw = 30772.5
  twoNbecnw = 49827.2
        m2 = 0.0160969
        m4 = 0.000321493
        m5 = 0.171563
        Tb = 16679.2
        Td = 48.4603
        Te = 24.2301
DiffEv reached_goal. cost=3.00925e-03 spread=2.95524e-06
Fitted parameter values
Free:
       pc1 = 1.56318
       pc2 = -1.55335
       pc3 = 1.94142
       pc4 = -1.9282
       pc5 = 0.237638
       pc6 = -1.9343
       pc7 = -1.53843
       pc8 = 0.0482725
       pc9 = -1.45074
      pc10 = 0.186787
      pc11 = -0.470482
      pc12 = 0.186791
      pc13 = -0.511334
      pc14 = 0.214006
Constrained:
     Tecnw = 33496.4
       Tnw = 91.1425
       Tec = 20.9819
     twoNb = 2.69514e+06
     twoNe = 146192
     twoNc = 211737
     twoNw = 1.13298e+06
    twoNec = 154009
    twoNnw = 158157
  twoNecnw = 29796.3
  twoNbecnw = 51281.2
        m2 = 0.0213386
        m4 = 0.000140283
        m5 = 0.166649
        Tb = 16758.7
        Td = 10.4909
        Te = 5.24547
#       SitePat  BranchLen
              b 118912.9573534
              e 43459.9857950
              c 45855.8524113
              n 42692.8455341
              w 42692.2534312
            b:e 1339.3350877
            b:c 1525.6987016
            b:n 1117.1981342
            b:w 1117.1765781
            e:c 11166.7311228
            e:n 4220.8590022
            e:w 4221.4511051
            c:n 3515.2482336
            c:w 3515.1434883
            n:w 12113.0466384
          b:e:c 1289.2723487
          b:e:n 588.9924952
          b:e:w 589.0140514
          b:c:n 589.1507474
          b:c:w 589.1291714
          b:n:w 1284.1853992
          e:c:n 4775.4457814
          e:c:w 4775.5505267
          e:n:w 6323.7609459
          c:n:w 5333.3254945
        b:e:c:n 1118.6154924
        b:e:c:w 1118.6370685
        b:e:n:w 1495.1266899
        b:c:n:w 1314.9769243
        e:c:n:w 47506.6887304
