########################################
# legofit: estimate population history #
#       version 2.3.4-4-g53f8760       #
########################################

# Program was compiled: Sep 21 2021 14:36:42
# Program was run: Wed Sep 22 16:32:36 2021

# cmd: legofit -1 -d 0 -t 32 --ptsPerDim 3 --stateOut b1boot27.state --tol 3e-6 -S 5000 bde2.lgo ../../chrX/boot_chrX/boot27.opf
# Stage nOptItr nSimReps
#     0    5000        0
# algorithm          : deterministic
# ignoring probs <=  : 0
# Branch length floor: 0
# DE strategy        : 2
#    F               : 0.3
#    CR              : 0.8
#    tolerance       : 3e-06
# nthreads           : 32
# lgo input file     : bde2.lgo
# site pat input file: ../../chrX/boot_chrX/boot27.opf
# free parameters    : 14
# points in DE swarm : 42
# output state file  : b1boot27.state
# Including singleton site patterns.
# cost function      : KL
Initial parameter values
Fixed:
      zero = 0
       one = 1
    Tbecnw = 75200
Free:
       pc1 = 0
       pc2 = 0
       pc3 = 0
       pc4 = 0
       pc5 = 0
       pc6 = 0
       pc7 = 0
       pc8 = 0
       pc9 = 0
      pc10 = 0
      pc11 = 0
      pc12 = 0
      pc13 = 0
      pc14 = 0
Constrained:
     Tecnw = 33261.4
       Tnw = 1127.1
       Tec = 96.9206
     twoNb = 1.35741e+06
     twoNe = 214210
     twoNc = 179254
     twoNw = 840616
    twoNec = 161117
    twoNnw = 153163
  twoNecnw = 30772.5
  twoNbecnw = 49827.2
        m2 = 0.0160969
        m4 = 0.000321493
        m5 = 0.171563
        Tb = 16679.2
        Td = 48.4603
        Te = 24.2301
DiffEv reached_goal. cost=3.14723e-03 spread=2.64491e-06
Fitted parameter values
Free:
       pc1 = 1.12603
       pc2 = -1.38464
       pc3 = 1.83649
       pc4 = -1.98593
       pc5 = 0.193955
       pc6 = -1.96807
       pc7 = -1.44331
       pc8 = -0.961557
       pc9 = -0.406199
      pc10 = 1.49601
      pc11 = -0.0308036
      pc12 = -1.19956
      pc13 = 0.081706
      pc14 = -0.00136735
Constrained:
     Tecnw = 33753
       Tnw = 51.3902
       Tec = 30.3382
     twoNb = 2.6077e+06
     twoNe = 52020.7
     twoNc = 350326
     twoNw = 1.20319e+06
    twoNec = 154244
    twoNnw = 160473
  twoNecnw = 30754.5
  twoNbecnw = 51157.3
        m2 = 0.0233667
        m4 = 0.000519248
        m5 = 0.164036
        Tb = 16891.7
        Td = 15.1691
        Te = 7.58455
#       SitePat  BranchLen
              b 118383.7511186
              e 44114.2556150
              c 46532.0411920
              n 43333.3096679
              w 43333.0253720
            b:e 1412.5891404
            b:c 1611.2979394
            b:n 1175.5880108
            b:w 1175.5772917
            e:c 11410.6952521
            e:n 4300.1750636
            e:w 4300.4593595
            c:n 3591.5570327
            c:w 3591.5065664
            n:w 12357.7696061
          b:e:c 1358.0283343
          b:e:n 619.2780971
          b:e:w 619.2888163
          b:c:n 619.4670449
          b:c:w 619.4563144
          b:n:w 1352.1186085
          e:c:n 4858.7748852
          e:c:w 4858.8253515
          e:n:w 6444.6565051
          c:n:w 5436.3350157
        b:e:c:n 1177.3068409
        b:e:c:w 1177.3175714
        b:e:n:w 1576.2729624
        b:c:n:w 1385.3144539
        e:c:n:w 46034.7287501
