########################################
# legofit: estimate population history #
#       version 2.3.4-4-g53f8760       #
########################################

# Program was compiled: Sep 21 2021 14:36:42
# Program was run: Thu Sep 23 12:03:19 2021

# cmd: legofit -1 -d 0 -t 32 --ptsPerDim 3 --stateOut b1.state --tol 3e-6 -S 5000 acf2.lgo ../../chrX/pan_chrX.opf
# Stage nOptItr nSimReps
#     0    5000        0
# algorithm          : deterministic
# ignoring probs <=  : 0
# Branch length floor: 0
# DE strategy        : 2
#    F               : 0.3
#    CR              : 0.8
#    tolerance       : 3e-06
# nthreads           : 32
# lgo input file     : acf2.lgo
# site pat input file: ../../chrX/pan_chrX.opf
# free parameters    : 17
# points in DE swarm : 51
# output state file  : b1.state
# Including singleton site patterns.
# cost function      : KL
Initial parameter values
Fixed:
      zero = 0
       one = 1
    Tbecnw = 75200
Free:
       pc1 = 0
       pc2 = 0
       pc3 = 0
       pc4 = 0
       pc5 = 0
       pc6 = 0
       pc7 = 0
       pc8 = 0
       pc9 = 0
      pc10 = 0
      pc11 = 0
      pc12 = 0
      pc13 = 0
      pc14 = 0
      pc15 = 0
      pc16 = 0
      pc17 = 0
Constrained:
   Tgbecnw = 99632.3
     Tecnw = 26710.2
       Tnw = 25813
       Tec = 13108.5
     twoNb = 276405
     twoNe = 2666.62
     twoNc = 831861
     twoNn = 1.52113e+06
     twoNw = 6.47679e+06
    twoNec = 87609.4
    twoNnw = 2559.01
  twoNecnw = 68706.1
  twoNbecnw = 12381
  twoNgbecnw = 122776
         m = 0.265118
        m3 = 0.194348
        m6 = 8.74548e-07
        Ta = 37600
        Tc = 12906.5
        Tf = 6453.25
DiffEv reached_goal. cost=2.34234e-03 spread=2.86903e-06
Fitted parameter values
Free:
       pc1 = -3.97481
       pc2 = -0.328055
       pc3 = 0.549548
       pc4 = -0.607902
       pc5 = -1.08947
       pc6 = 0.522361
       pc7 = 0.415416
       pc8 = -1.11482
       pc9 = -0.121552
      pc10 = -1.91743
      pc11 = 0.109099
      pc12 = -0.0131662
      pc13 = -0.156117
      pc14 = -0.067258
      pc15 = 0.0600476
      pc16 = 0.0536471
      pc17 = -0.00708362
Constrained:
   Tgbecnw = 87366.6
     Tecnw = 25119.4
       Tnw = 25071.4
       Tec = 12670.7
     twoNb = 278438
     twoNe = 1470.1
     twoNc = 1.02915e+06
     twoNn = 3.15305e+06
     twoNw = 3.60186e+06
    twoNec = 81342.6
    twoNnw = 139.051
  twoNecnw = 66515.1
  twoNbecnw = 5928.59
  twoNgbecnw = 146058
         m = 0.213808
        m3 = 0.180151
        m6 = 1.94812e-06
        Ta = 37600
        Tc = 12535.7
        Tf = 6267.85
#       SitePat  BranchLen
              b 120191.7179381
              e 45794.7061379
              c 46398.8290901
              n 42725.6528333
              w 45065.1550722
            b:e 1308.4402666
            b:c 1339.1812909
            b:n 1030.2511536
            b:w 1177.8540528
            e:c 11341.8164015
            e:n 5018.7621403
            e:w 3910.5419888
            c:n 4414.6150389
            c:w 4056.8447463
            n:w 12583.0204605
          b:e:c 1445.0905817
          b:e:n 636.0135059
          b:e:w 607.9431299
          b:c:n 605.2697913
          b:c:w 640.6376048
          b:n:w 1430.1111805
          e:c:n 4745.6531090
          e:c:w 3872.1413143
          e:n:w 5342.1961181
          c:n:w 5195.9175097
        b:e:c:n 1286.2619243
        b:e:c:w 1131.3615876
        b:e:n:w 1459.8952251
        b:c:n:w 1427.2034404
        e:c:n:w 47816.4092425
