########################################
# legofit: estimate population history #
#       version 2.3.4-4-g53f8760       #
########################################

# Program was compiled: Sep 21 2021 14:36:42
# Program was run: Thu Sep 23 12:03:44 2021

# cmd: legofit -1 -d 0 -t 32 --ptsPerDim 3 --stateOut b1boot10.state --tol 3e-6 -S 5000 acf2.lgo ../../chrX/boot_chrX/boot10.opf
# Stage nOptItr nSimReps
#     0    5000        0
# algorithm          : deterministic
# ignoring probs <=  : 0
# Branch length floor: 0
# DE strategy        : 2
#    F               : 0.3
#    CR              : 0.8
#    tolerance       : 3e-06
# nthreads           : 32
# lgo input file     : acf2.lgo
# site pat input file: ../../chrX/boot_chrX/boot10.opf
# free parameters    : 17
# points in DE swarm : 51
# output state file  : b1boot10.state
# Including singleton site patterns.
# cost function      : KL
Initial parameter values
Fixed:
      zero = 0
       one = 1
    Tbecnw = 75200
Free:
       pc1 = 0
       pc2 = 0
       pc3 = 0
       pc4 = 0
       pc5 = 0
       pc6 = 0
       pc7 = 0
       pc8 = 0
       pc9 = 0
      pc10 = 0
      pc11 = 0
      pc12 = 0
      pc13 = 0
      pc14 = 0
      pc15 = 0
      pc16 = 0
      pc17 = 0
Constrained:
   Tgbecnw = 99632.3
     Tecnw = 26710.2
       Tnw = 25813
       Tec = 13108.5
     twoNb = 276405
     twoNe = 2666.62
     twoNc = 831861
     twoNn = 1.52113e+06
     twoNw = 6.47679e+06
    twoNec = 87609.4
    twoNnw = 2559.01
  twoNecnw = 68706.1
  twoNbecnw = 12381
  twoNgbecnw = 122776
         m = 0.265118
        m3 = 0.194348
        m6 = 8.74548e-07
        Ta = 37600
        Tc = 12906.5
        Tf = 6453.25
DiffEv reached_goal. cost=2.22914e-03 spread=2.99776e-06
Fitted parameter values
Free:
       pc1 = -3.96009
       pc2 = 0.556064
       pc3 = 1.27808
       pc4 = -1.09824
       pc5 = -1.7638
       pc6 = 0.150308
       pc7 = -1.01598
       pc8 = -0.954094
       pc9 = -1.47759
      pc10 = -1.80719
      pc11 = 0.518679
      pc12 = 0.518897
      pc13 = -0.159416
      pc14 = 0.0759624
      pc15 = 0.0471277
      pc16 = 0.0164619
      pc17 = -0.0347346
Constrained:
   Tgbecnw = 88074.5
     Tecnw = 24974.5
       Tnw = 24657.2
       Tec = 12377
     twoNb = 587543
     twoNe = 726.205
     twoNc = 2.14592e+06
     twoNn = 3.97874e+06
     twoNw = 5.89051e+06
    twoNec = 80688
    twoNnw = 955.651
  twoNecnw = 66995.5
  twoNbecnw = 6511.86
  twoNgbecnw = 139251
         m = 0.222098
        m3 = 0.183748
        m6 = 4.00562e-06
        Ta = 37600
        Tc = 12328.6
        Tf = 6164.3
#       SitePat  BranchLen
              b 120437.3789941
              e 45819.7245550
              c 46275.8531856
              n 43016.3154184
              w 45306.3627338
            b:e 1345.2891209
            b:c 1369.0308269
            b:n 1081.5739880
            b:w 1230.6975793
            e:c 11539.2061726
            e:n 5011.5122348
            e:w 4015.8674914
            c:n 4555.3350745
            c:w 4126.9856660
            n:w 12569.3368779
          b:e:c 1483.8623269
          b:e:n 657.7017671
          b:e:w 636.8342013
          b:c:n 633.9545527
          b:c:w 662.0622475
          b:n:w 1470.2946784
          e:c:n 4876.3675468
          e:c:w 4010.3143833
          e:n:w 5355.1948764
          c:n:w 5244.1252317
        b:e:c:n 1342.0522671
        b:e:c:w 1185.6885469
        b:e:n:w 1491.0735145
        b:c:n:w 1465.8509767
        e:c:n:w 47722.6565834
