########################################
# legofit: estimate population history #
#       version 2.3.4-4-g53f8760       #
########################################

# Program was compiled: Sep 21 2021 14:36:42
# Program was run: Thu Sep 23 12:04:23 2021

# cmd: legofit -1 -d 0 -t 32 --ptsPerDim 3 --stateOut b1boot28.state --tol 3e-6 -S 5000 acf2.lgo ../../chrX/boot_chrX/boot28.opf
# Stage nOptItr nSimReps
#     0    5000        0
# algorithm          : deterministic
# ignoring probs <=  : 0
# Branch length floor: 0
# DE strategy        : 2
#    F               : 0.3
#    CR              : 0.8
#    tolerance       : 3e-06
# nthreads           : 32
# lgo input file     : acf2.lgo
# site pat input file: ../../chrX/boot_chrX/boot28.opf
# free parameters    : 17
# points in DE swarm : 51
# output state file  : b1boot28.state
# Including singleton site patterns.
# cost function      : KL
Initial parameter values
Fixed:
      zero = 0
       one = 1
    Tbecnw = 75200
Free:
       pc1 = 0
       pc2 = 0
       pc3 = 0
       pc4 = 0
       pc5 = 0
       pc6 = 0
       pc7 = 0
       pc8 = 0
       pc9 = 0
      pc10 = 0
      pc11 = 0
      pc12 = 0
      pc13 = 0
      pc14 = 0
      pc15 = 0
      pc16 = 0
      pc17 = 0
Constrained:
   Tgbecnw = 99632.3
     Tecnw = 26710.2
       Tnw = 25813
       Tec = 13108.5
     twoNb = 276405
     twoNe = 2666.62
     twoNc = 831861
     twoNn = 1.52113e+06
     twoNw = 6.47679e+06
    twoNec = 87609.4
    twoNnw = 2559.01
  twoNecnw = 68706.1
  twoNbecnw = 12381
  twoNgbecnw = 122776
         m = 0.265118
        m3 = 0.194348
        m6 = 8.74548e-07
        Ta = 37600
        Tc = 12906.5
        Tf = 6453.25
DiffEv reached_goal. cost=2.38742e-03 spread=2.73383e-06
Fitted parameter values
Free:
       pc1 = -3.83523
       pc2 = 0.33318
       pc3 = 2.06152
       pc4 = -0.902041
       pc5 = -0.951545
       pc6 = -1.31064
       pc7 = -0.195673
       pc8 = -0.781547
       pc9 = -1.07437
      pc10 = -1.77697
      pc11 = 0.95964
      pc12 = -0.0460499
      pc13 = 0.199268
      pc14 = -0.000537017
      pc15 = 0.0189292
      pc16 = 0.05652
      pc17 = -0.0121462
Constrained:
   Tgbecnw = 88666.1
     Tecnw = 24844.5
       Tnw = 24826.1
       Tec = 12474.2
     twoNb = 344196
     twoNe = 693.82
     twoNc = 2.29859e+06
     twoNn = 2.38438e+06
     twoNw = 1.0568e+07
    twoNec = 83432
    twoNnw = 54.8031
  twoNecnw = 67621.5
  twoNbecnw = 6643.06
  twoNgbecnw = 138182
         m = 0.226685
        m3 = 0.169138
        m6 = 3.06304e-06
        Ta = 37600
        Tc = 12413
        Tf = 6206.52
#       SitePat  BranchLen
              b 120519.4278368
              e 46028.1516727
              c 46578.9701991
              n 42887.3514238
              w 45039.4158150
            b:e 1304.0369354
            b:c 1331.6636091
            b:n 1027.6569097
            b:w 1160.7966933
            e:c 11357.7663813
            e:n 5005.6093567
            e:w 3986.2688903
            c:n 4454.7535900
            c:w 4120.1166073
            n:w 12691.3666007
          b:e:c 1427.5240347
          b:e:n 631.5980680
          b:e:w 606.3547188
          b:c:n 603.9673215
          b:c:w 635.7003873
          b:n:w 1412.7560756
          e:c:n 4714.9622633
          e:c:w 3916.8753213
          e:n:w 5389.4011277
          c:n:w 5255.5906511
        b:e:c:n 1266.1770558
        b:e:c:w 1126.5475555
        b:e:n:w 1449.4245335
        b:c:n:w 1420.0829378
        e:c:n:w 47713.0167576
