########################################
# legofit: estimate population history #
#       version 2.3.4-4-g53f8760       #
########################################

# Program was compiled: Sep 21 2021 14:36:42
# Program was run: Thu Sep 23 12:04:59 2021

# cmd: legofit -1 -d 0 -t 32 --ptsPerDim 3 --stateOut b1boot48.state --tol 3e-6 -S 5000 acf2.lgo ../../chrX/boot_chrX/boot48.opf
# Stage nOptItr nSimReps
#     0    5000        0
# algorithm          : deterministic
# ignoring probs <=  : 0
# Branch length floor: 0
# DE strategy        : 2
#    F               : 0.3
#    CR              : 0.8
#    tolerance       : 3e-06
# nthreads           : 32
# lgo input file     : acf2.lgo
# site pat input file: ../../chrX/boot_chrX/boot48.opf
# free parameters    : 17
# points in DE swarm : 51
# output state file  : b1boot48.state
# Including singleton site patterns.
# cost function      : KL
Initial parameter values
Fixed:
      zero = 0
       one = 1
    Tbecnw = 75200
Free:
       pc1 = 0
       pc2 = 0
       pc3 = 0
       pc4 = 0
       pc5 = 0
       pc6 = 0
       pc7 = 0
       pc8 = 0
       pc9 = 0
      pc10 = 0
      pc11 = 0
      pc12 = 0
      pc13 = 0
      pc14 = 0
      pc15 = 0
      pc16 = 0
      pc17 = 0
Constrained:
   Tgbecnw = 99632.3
     Tecnw = 26710.2
       Tnw = 25813
       Tec = 13108.5
     twoNb = 276405
     twoNe = 2666.62
     twoNc = 831861
     twoNn = 1.52113e+06
     twoNw = 6.47679e+06
    twoNec = 87609.4
    twoNnw = 2559.01
  twoNecnw = 68706.1
  twoNbecnw = 12381
  twoNgbecnw = 122776
         m = 0.265118
        m3 = 0.194348
        m6 = 8.74548e-07
        Ta = 37600
        Tc = 12906.5
        Tf = 6453.25
DiffEv reached_goal. cost=2.30687e-03 spread=2.79973e-06
Fitted parameter values
Free:
       pc1 = -3.98669
       pc2 = -0.0499278
       pc3 = 0.439526
       pc4 = -1.073
       pc5 = -0.319705
       pc6 = 0.917244
       pc7 = 0.0458138
       pc8 = -1.69352
       pc9 = -0.273712
      pc10 = -1.91066
      pc11 = 0.446499
      pc12 = -0.595439
      pc13 = -0.311871
      pc14 = -0.252145
      pc15 = 0.0345646
      pc16 = -0.00332594
      pc17 = -0.0152134
Constrained:
   Tgbecnw = 86906.8
     Tecnw = 25283
       Tnw = 25225.8
       Tec = 12689.1
     twoNb = 381035
     twoNe = 926.253
     twoNc = 799112
     twoNn = 2.23174e+06
     twoNw = 3.93402e+06
    twoNec = 85009.9
    twoNnw = 167.722
  twoNecnw = 64891.7
  twoNbecnw = 5689.84
  twoNgbecnw = 151730
         m = 0.196373
        m3 = 0.182499
        m6 = 2.84486e-06
        Ta = 37600
        Tc = 12612.9
        Tf = 6306.44
#       SitePat  BranchLen
              b 119077.1897492
              e 45792.3915660
              c 46342.0184995
              n 42731.0610380
              w 44979.6990848
            b:e 1335.2526561
            b:c 1363.8741511
            b:n 1050.7200706
            b:w 1196.0010885
            e:c 11142.1302925
            e:n 4979.5570112
            e:w 3932.2939581
            c:n 4429.8955349
            c:w 4066.1774199
            n:w 12375.1820870
          b:e:c 1458.4789418
          b:e:n 649.9948178
          b:e:w 624.0664530
          b:c:n 621.3693734
          b:c:w 654.4962874
          b:n:w 1443.2390511
          e:c:n 4725.2150118
          e:c:w 3887.5581330
          e:n:w 5352.0842088
          c:n:w 5218.2352898
        b:e:c:n 1305.9117555
        b:e:c:w 1153.4321883
        b:e:n:w 1486.3276292
        b:c:n:w 1455.9017441
        e:c:n:w 47051.5613340
