########################################
# legofit: estimate population history #
#       version 2.3.4-4-g53f8760       #
########################################

# Program was compiled: Sep 21 2021 14:36:42
# Program was run: Thu Sep 23 12:04:40 2021

# cmd: legofit -1 -d 0 -t 32 --ptsPerDim 3 --stateOut b1boot38.state --tol 3e-6 -S 5000 acf2.lgo ../../chrX/boot_chrX/boot38.opf
# Stage nOptItr nSimReps
#     0    5000        0
# algorithm          : deterministic
# ignoring probs <=  : 0
# Branch length floor: 0
# DE strategy        : 2
#    F               : 0.3
#    CR              : 0.8
#    tolerance       : 3e-06
# nthreads           : 32
# lgo input file     : acf2.lgo
# site pat input file: ../../chrX/boot_chrX/boot38.opf
# free parameters    : 17
# points in DE swarm : 51
# output state file  : b1boot38.state
# Including singleton site patterns.
# cost function      : KL
Initial parameter values
Fixed:
      zero = 0
       one = 1
    Tbecnw = 75200
Free:
       pc1 = 0
       pc2 = 0
       pc3 = 0
       pc4 = 0
       pc5 = 0
       pc6 = 0
       pc7 = 0
       pc8 = 0
       pc9 = 0
      pc10 = 0
      pc11 = 0
      pc12 = 0
      pc13 = 0
      pc14 = 0
      pc15 = 0
      pc16 = 0
      pc17 = 0
Constrained:
   Tgbecnw = 99632.3
     Tecnw = 26710.2
       Tnw = 25813
       Tec = 13108.5
     twoNb = 276405
     twoNe = 2666.62
     twoNc = 831861
     twoNn = 1.52113e+06
     twoNw = 6.47679e+06
    twoNec = 87609.4
    twoNnw = 2559.01
  twoNecnw = 68706.1
  twoNbecnw = 12381
  twoNgbecnw = 122776
         m = 0.265118
        m3 = 0.194348
        m6 = 8.74548e-07
        Ta = 37600
        Tc = 12906.5
        Tf = 6453.25
DiffEv reached_goal. cost=2.46110e-03 spread=2.89828e-06
Fitted parameter values
Free:
       pc1 = -3.95089
       pc2 = -1.2727
       pc3 = -0.260957
       pc4 = -0.831958
       pc5 = 0.241031
       pc6 = 0.685805
       pc7 = 0.618481
       pc8 = -0.549298
       pc9 = -1.49332
      pc10 = -1.27961
      pc11 = 0.515568
      pc12 = -0.253023
      pc13 = -0.25989
      pc14 = 0.0484357
      pc15 = 0.0242742
      pc16 = 0.178278
      pc17 = -0.0196298
Constrained:
   Tgbecnw = 84568.7
     Tecnw = 25313.5
       Tnw = 25178.4
       Tec = 12833.3
     twoNb = 223612
     twoNe = 3170.51
     twoNc = 476681
     twoNn = 2.08295e+06
     twoNw = 7.97226e+06
    twoNec = 82492.3
    twoNnw = 381.46
  twoNecnw = 64750.5
  twoNbecnw = 4757.38
  twoNgbecnw = 140061
         m = 0.233427
        m3 = 0.202742
        m6 = 2.33021e-06
        Ta = 37600
        Tc = 12589.2
        Tf = 6294.59
#       SitePat  BranchLen
              b 120685.9669257
              e 45573.4395191
              c 46142.4332977
              n 42440.7766602
              w 44924.2188249
            b:e 1287.7820955
            b:c 1316.5505493
            b:n 1007.3721058
            b:w 1163.9930445
            e:c 11105.2971792
            e:n 5008.8996124
            e:w 3878.3141906
            c:n 4439.8769843
            c:w 4016.3748246
            n:w 12330.9367847
          b:e:c 1410.5097229
          b:e:n 627.1421118
          b:e:w 601.2950061
          b:c:n 598.3704469
          b:c:w 631.8596420
          b:n:w 1395.9586411
          e:c:n 4755.6739896
          e:c:w 3826.3194065
          e:n:w 5309.8116507
          c:n:w 5171.7798661
        b:e:c:n 1268.7836260
        b:e:c:w 1104.5205979
        b:e:n:w 1432.9676534
        b:c:n:w 1402.4062286
        e:c:n:w 48744.7220358
