########################################
# legofit: estimate population history #
#       version 2.3.4-4-g53f8760       #
########################################

# Program was compiled: Sep 21 2021 14:36:42
# Program was run: Thu Sep 23 12:05:04 2021

# cmd: legofit -1 -d 0 -t 32 --ptsPerDim 3 --stateOut b1boot49.state --tol 3e-6 -S 5000 acf2.lgo ../../chrX/boot_chrX/boot49.opf
# Stage nOptItr nSimReps
#     0    5000        0
# algorithm          : deterministic
# ignoring probs <=  : 0
# Branch length floor: 0
# DE strategy        : 2
#    F               : 0.3
#    CR              : 0.8
#    tolerance       : 3e-06
# nthreads           : 32
# lgo input file     : acf2.lgo
# site pat input file: ../../chrX/boot_chrX/boot49.opf
# free parameters    : 17
# points in DE swarm : 51
# output state file  : b1boot49.state
# Including singleton site patterns.
# cost function      : KL
Initial parameter values
Fixed:
      zero = 0
       one = 1
    Tbecnw = 75200
Free:
       pc1 = 0
       pc2 = 0
       pc3 = 0
       pc4 = 0
       pc5 = 0
       pc6 = 0
       pc7 = 0
       pc8 = 0
       pc9 = 0
      pc10 = 0
      pc11 = 0
      pc12 = 0
      pc13 = 0
      pc14 = 0
      pc15 = 0
      pc16 = 0
      pc17 = 0
Constrained:
   Tgbecnw = 99632.3
     Tecnw = 26710.2
       Tnw = 25813
       Tec = 13108.5
     twoNb = 276405
     twoNe = 2666.62
     twoNc = 831861
     twoNn = 1.52113e+06
     twoNw = 6.47679e+06
    twoNec = 87609.4
    twoNnw = 2559.01
  twoNecnw = 68706.1
  twoNbecnw = 12381
  twoNgbecnw = 122776
         m = 0.265118
        m3 = 0.194348
        m6 = 8.74548e-07
        Ta = 37600
        Tc = 12906.5
        Tf = 6453.25
DiffEv reached_goal. cost=2.30774e-03 spread=2.67014e-06
Fitted parameter values
Free:
       pc1 = -3.96898
       pc2 = -0.103749
       pc3 = 0.313144
       pc4 = -1.07594
       pc5 = 0.061146
       pc6 = 1.41447
       pc7 = 0.129675
       pc8 = -1.25638
       pc9 = -1.88949
      pc10 = -1.8671
      pc11 = 0.157925
      pc12 = -0.4362
      pc13 = -0.146538
      pc14 = -0.120458
      pc15 = 0.0731302
      pc16 = 0.115409
      pc17 = -0.0287629
Constrained:
   Tgbecnw = 84417.8
     Tecnw = 25093.6
       Tnw = 24928.9
       Tec = 12559.8
     twoNb = 427982
     twoNe = 1164.72
     twoNc = 385388
     twoNn = 2.22772e+06
     twoNw = 5.53408e+06
    twoNec = 85221.3
    twoNnw = 484.524
  twoNecnw = 65547
  twoNbecnw = 4748.28
  twoNgbecnw = 141121
         m = 0.220296
        m3 = 0.199501
        m6 = 3.97609e-06
        Ta = 37600
        Tc = 12464.5
        Tf = 6232.23
#       SitePat  BranchLen
              b 119420.6035276
              e 45657.5258219
              c 46257.3010516
              n 42611.7641624
              w 45064.1993523
            b:e 1341.9434460
            b:c 1373.3821628
            b:n 1060.3360163
            b:w 1219.6137776
            e:c 11073.4565269
            e:n 5112.0437518
            e:w 3968.6886020
            c:n 4512.2202800
            c:w 4114.8157331
            n:w 12267.1381437
          b:e:c 1456.7633268
          b:e:n 663.5704175
          b:e:w 635.1336836
          b:c:n 632.1261602
          b:c:w 668.5909058
          b:n:w 1441.7411309
          e:c:n 4807.3277733
          e:c:w 3895.6522802
          e:n:w 5350.2795338
          c:n:w 5204.2006449
        b:e:c:n 1332.9936406
        b:e:c:w 1165.6878677
        b:e:n:w 1498.7766983
        b:c:n:w 1465.3250166
        e:c:n:w 47416.7444078
