########################################
# legofit: estimate population history #
#       version 2.3.4-4-g53f8760       #
########################################

# Program was compiled: Sep 21 2021 14:36:42
# Program was run: Thu Sep 23 12:04:33 2021

# cmd: legofit -1 -d 0 -t 32 --ptsPerDim 3 --stateOut b1boot34.state --tol 3e-6 -S 5000 acf2.lgo ../../chrX/boot_chrX/boot34.opf
# Stage nOptItr nSimReps
#     0    5000        0
# algorithm          : deterministic
# ignoring probs <=  : 0
# Branch length floor: 0
# DE strategy        : 2
#    F               : 0.3
#    CR              : 0.8
#    tolerance       : 3e-06
# nthreads           : 32
# lgo input file     : acf2.lgo
# site pat input file: ../../chrX/boot_chrX/boot34.opf
# free parameters    : 17
# points in DE swarm : 51
# output state file  : b1boot34.state
# Including singleton site patterns.
# cost function      : KL
Initial parameter values
Fixed:
      zero = 0
       one = 1
    Tbecnw = 75200
Free:
       pc1 = 0
       pc2 = 0
       pc3 = 0
       pc4 = 0
       pc5 = 0
       pc6 = 0
       pc7 = 0
       pc8 = 0
       pc9 = 0
      pc10 = 0
      pc11 = 0
      pc12 = 0
      pc13 = 0
      pc14 = 0
      pc15 = 0
      pc16 = 0
      pc17 = 0
Constrained:
   Tgbecnw = 99632.3
     Tecnw = 26710.2
       Tnw = 25813
       Tec = 13108.5
     twoNb = 276405
     twoNe = 2666.62
     twoNc = 831861
     twoNn = 1.52113e+06
     twoNw = 6.47679e+06
    twoNec = 87609.4
    twoNnw = 2559.01
  twoNecnw = 68706.1
  twoNbecnw = 12381
  twoNgbecnw = 122776
         m = 0.265118
        m3 = 0.194348
        m6 = 8.74548e-07
        Ta = 37600
        Tc = 12906.5
        Tf = 6453.25
DiffEv reached_goal. cost=2.31047e-03 spread=2.85873e-06
Fitted parameter values
Free:
       pc1 = -3.88549
       pc2 = 0.21601
       pc3 = 1.71482
       pc4 = -0.678042
       pc5 = -1.04655
       pc6 = -0.702834
       pc7 = 1.03934
       pc8 = -1.13498
       pc9 = -0.383264
      pc10 = -1.10278
      pc11 = 1.31038
      pc12 = 0.288189
      pc13 = 0.00904106
      pc14 = 0.0983363
      pc15 = -0.00856994
      pc16 = 0.0979038
      pc17 = -0.00809406
Constrained:
   Tgbecnw = 88002.7
     Tecnw = 25056.4
       Tnw = 24949.4
       Tec = 12565.3
     twoNb = 406445
     twoNe = 899.967
     twoNc = 1.49204e+06
     twoNn = 1.40164e+06
     twoNw = 9.18724e+06
    twoNec = 80053.2
    twoNnw = 327.743
  twoNecnw = 66585.9
  twoNbecnw = 6331.83
  twoNgbecnw = 137406
         m = 0.236028
        m3 = 0.161097
        m6 = 1.48714e-06
        Ta = 37600
        Tc = 12474.7
        Tf = 6237.35
#       SitePat  BranchLen
              b 121311.1902742
              e 45708.5251351
              c 46297.0979521
              n 42980.4391809
              w 45146.0880063
            b:e 1264.7459354
            b:c 1293.7824762
            b:n 1017.1845181
            b:w 1149.5645627
            e:c 11456.2346061
            e:n 4981.6796753
            e:w 3939.0898108
            c:n 4393.0893812
            c:w 4081.5961750
            n:w 12515.4563032
          b:e:c 1401.8970464
          b:e:n 618.4170623
          b:e:w 591.6240276
          b:c:n 589.3786323
          b:c:w 622.4356053
          b:n:w 1389.0251853
          e:c:n 4756.3889295
          e:c:w 3944.8231747
          e:n:w 5302.1767487
          c:n:w 5159.6878615
        b:e:c:n 1251.6875926
        b:e:c:w 1113.0436096
        b:e:n:w 1406.5319718
        b:c:n:w 1375.7222832
        e:c:n:w 48659.3654573
