########################################
# legofit: estimate population history #
#       version 2.3.4-4-g53f8760       #
########################################

# Program was compiled: Sep 21 2021 14:36:42
# Program was run: Thu Sep 23 12:04:33 2021

# cmd: legofit -1 -d 0 -t 32 --ptsPerDim 3 --stateOut b1boot35.state --tol 3e-6 -S 5000 acf2.lgo ../../chrX/boot_chrX/boot35.opf
# Stage nOptItr nSimReps
#     0    5000        0
# algorithm          : deterministic
# ignoring probs <=  : 0
# Branch length floor: 0
# DE strategy        : 2
#    F               : 0.3
#    CR              : 0.8
#    tolerance       : 3e-06
# nthreads           : 32
# lgo input file     : acf2.lgo
# site pat input file: ../../chrX/boot_chrX/boot35.opf
# free parameters    : 17
# points in DE swarm : 51
# output state file  : b1boot35.state
# Including singleton site patterns.
# cost function      : KL
Initial parameter values
Fixed:
      zero = 0
       one = 1
    Tbecnw = 75200
Free:
       pc1 = 0
       pc2 = 0
       pc3 = 0
       pc4 = 0
       pc5 = 0
       pc6 = 0
       pc7 = 0
       pc8 = 0
       pc9 = 0
      pc10 = 0
      pc11 = 0
      pc12 = 0
      pc13 = 0
      pc14 = 0
      pc15 = 0
      pc16 = 0
      pc17 = 0
Constrained:
   Tgbecnw = 99632.3
     Tecnw = 26710.2
       Tnw = 25813
       Tec = 13108.5
     twoNb = 276405
     twoNe = 2666.62
     twoNc = 831861
     twoNn = 1.52113e+06
     twoNw = 6.47679e+06
    twoNec = 87609.4
    twoNnw = 2559.01
  twoNecnw = 68706.1
  twoNbecnw = 12381
  twoNgbecnw = 122776
         m = 0.265118
        m3 = 0.194348
        m6 = 8.74548e-07
        Ta = 37600
        Tc = 12906.5
        Tf = 6453.25
DiffEv reached_goal. cost=2.41876e-03 spread=2.63520e-06
Fitted parameter values
Free:
       pc1 = -3.99147
       pc2 = -0.320666
       pc3 = 1.06325
       pc4 = -0.305435
       pc5 = -0.526262
       pc6 = -1.08019
       pc7 = 0.325731
       pc8 = -0.889772
       pc9 = -1.44931
      pc10 = -1.08234
      pc11 = -0.049219
      pc12 = -0.131899
      pc13 = -0.326019
      pc14 = -0.126014
      pc15 = 0.0107367
      pc16 = 0.139531
      pc17 = -0.0263343
Constrained:
   Tgbecnw = 85913.7
     Tecnw = 25050.8
       Tnw = 24903.7
       Tec = 12567.6
     twoNb = 283042
     twoNe = 1389.09
     twoNc = 1.79135e+06
     twoNn = 1.3009e+06
     twoNw = 9.50599e+06
    twoNec = 82966.7
    twoNnw = 434.706
  twoNecnw = 68535
  twoNbecnw = 5249.11
  twoNgbecnw = 143277
         m = 0.231149
        m3 = 0.189921
        m6 = 1.58765e-06
        Ta = 37600
        Tc = 12451.9
        Tf = 6225.93
#       SitePat  BranchLen
              b 121026.9942559
              e 46064.6345512
              c 46651.2122174
              n 43028.1921940
              w 45439.2428391
            b:e 1292.4132886
            b:c 1321.7028033
            b:n 1024.8828008
            b:w 1174.1999521
            e:c 11256.4217527
            e:n 5079.3012118
            e:w 3954.3684108
            c:n 4492.7042155
            c:w 4094.2990950
            n:w 12476.5485046
          b:e:c 1417.2032286
          b:e:n 636.7916941
          b:e:w 610.4135580
          b:c:n 607.5000578
          b:c:w 641.6534848
          b:n:w 1402.3214890
          e:c:n 4731.1382504
          e:c:w 3843.4255267
          e:n:w 5261.3166814
          c:n:w 5121.4053274
        b:e:c:n 1287.6427020
        b:e:c:w 1130.5502598
        b:e:n:w 1447.1137927
        b:c:n:w 1415.8759874
        e:c:n:w 48424.5244460
