########################################
# legofit: estimate population history #
#       version 2.3.4-4-g53f8760       #
########################################

# Program was compiled: Sep 21 2021 14:36:42
# Program was run: Thu Sep 23 12:03:59 2021

# cmd: legofit -1 -d 0 -t 32 --ptsPerDim 3 --stateOut b1boot16.state --tol 3e-6 -S 5000 acf2.lgo ../../chrX/boot_chrX/boot16.opf
# Stage nOptItr nSimReps
#     0    5000        0
# algorithm          : deterministic
# ignoring probs <=  : 0
# Branch length floor: 0
# DE strategy        : 2
#    F               : 0.3
#    CR              : 0.8
#    tolerance       : 3e-06
# nthreads           : 32
# lgo input file     : acf2.lgo
# site pat input file: ../../chrX/boot_chrX/boot16.opf
# free parameters    : 17
# points in DE swarm : 51
# output state file  : b1boot16.state
# Including singleton site patterns.
# cost function      : KL
Initial parameter values
Fixed:
      zero = 0
       one = 1
    Tbecnw = 75200
Free:
       pc1 = 0
       pc2 = 0
       pc3 = 0
       pc4 = 0
       pc5 = 0
       pc6 = 0
       pc7 = 0
       pc8 = 0
       pc9 = 0
      pc10 = 0
      pc11 = 0
      pc12 = 0
      pc13 = 0
      pc14 = 0
      pc15 = 0
      pc16 = 0
      pc17 = 0
Constrained:
   Tgbecnw = 99632.3
     Tecnw = 26710.2
       Tnw = 25813
       Tec = 13108.5
     twoNb = 276405
     twoNe = 2666.62
     twoNc = 831861
     twoNn = 1.52113e+06
     twoNw = 6.47679e+06
    twoNec = 87609.4
    twoNnw = 2559.01
  twoNecnw = 68706.1
  twoNbecnw = 12381
  twoNgbecnw = 122776
         m = 0.265118
        m3 = 0.194348
        m6 = 8.74548e-07
        Ta = 37600
        Tc = 12906.5
        Tf = 6453.25
DiffEv reached_goal. cost=2.35329e-03 spread=2.93168e-06
Fitted parameter values
Free:
       pc1 = -3.99418
       pc2 = -1.30798
       pc3 = -0.735797
       pc4 = -0.601683
       pc5 = -0.949622
       pc6 = 0.0965084
       pc7 = -0.347293
       pc8 = -1.3522
       pc9 = -1.05499
      pc10 = -1.08782
      pc11 = -0.47153
      pc12 = 0.0525656
      pc13 = -0.435276
      pc14 = -0.179505
      pc15 = 0.0327628
      pc16 = 0.0393942
      pc17 = -0.0366401
Constrained:
   Tgbecnw = 85935.2
     Tecnw = 25353.2
       Tnw = 25272.7
       Tec = 12795.8
     twoNb = 334663
     twoNe = 2357.52
     twoNc = 1.56452e+06
     twoNn = 2.64398e+06
     twoNw = 4.04975e+06
    twoNec = 81090.2
    twoNnw = 211.504
  twoNecnw = 65972.6
  twoNbecnw = 5304.03
  twoNgbecnw = 145700
         m = 0.208716
        m3 = 0.2116
        m6 = 1.11038e-06
        Ta = 37600
        Tc = 12636.4
        Tf = 6318.19
#       SitePat  BranchLen
              b 119043.5332881
              e 45817.6269960
              c 46344.3677600
              n 42340.1558075
              w 44930.9398963
            b:e 1324.5980040
            b:c 1351.6583464
            b:n 1013.2554533
            b:w 1180.0810428
            e:c 11315.1565331
            e:n 4961.9491696
            e:w 3825.6874198
            c:n 4435.1936217
            c:w 3952.6440968
            n:w 12722.5638917
          b:e:c 1468.5184576
          b:e:n 630.9311989
          b:e:w 607.2015866
          b:c:n 603.8691835
          b:c:w 636.0145774
          b:n:w 1451.7054782
          e:c:n 4732.4634053
          e:c:w 3760.4905911
          e:n:w 5347.9901123
          c:n:w 5221.0482191
        b:e:c:n 1289.8004649
        b:e:c:w 1114.5590938
        b:e:n:w 1474.8583448
        b:c:n:w 1446.0470270
        e:c:n:w 46964.8001697
