########################################
# legofit: estimate population history #
#       version 2.3.4-4-g53f8760       #
########################################

# Program was compiled: Sep 21 2021 14:36:42
# Program was run: Thu Sep 23 12:04:13 2021

# cmd: legofit -1 -d 0 -t 32 --ptsPerDim 3 --stateOut b1boot25.state --tol 3e-6 -S 5000 acf2.lgo ../../chrX/boot_chrX/boot25.opf
# Stage nOptItr nSimReps
#     0    5000        0
# algorithm          : deterministic
# ignoring probs <=  : 0
# Branch length floor: 0
# DE strategy        : 2
#    F               : 0.3
#    CR              : 0.8
#    tolerance       : 3e-06
# nthreads           : 32
# lgo input file     : acf2.lgo
# site pat input file: ../../chrX/boot_chrX/boot25.opf
# free parameters    : 17
# points in DE swarm : 51
# output state file  : b1boot25.state
# Including singleton site patterns.
# cost function      : KL
Initial parameter values
Fixed:
      zero = 0
       one = 1
    Tbecnw = 75200
Free:
       pc1 = 0
       pc2 = 0
       pc3 = 0
       pc4 = 0
       pc5 = 0
       pc6 = 0
       pc7 = 0
       pc8 = 0
       pc9 = 0
      pc10 = 0
      pc11 = 0
      pc12 = 0
      pc13 = 0
      pc14 = 0
      pc15 = 0
      pc16 = 0
      pc17 = 0
Constrained:
   Tgbecnw = 99632.3
     Tecnw = 26710.2
       Tnw = 25813
       Tec = 13108.5
     twoNb = 276405
     twoNe = 2666.62
     twoNc = 831861
     twoNn = 1.52113e+06
     twoNw = 6.47679e+06
    twoNec = 87609.4
    twoNnw = 2559.01
  twoNecnw = 68706.1
  twoNbecnw = 12381
  twoNgbecnw = 122776
         m = 0.265118
        m3 = 0.194348
        m6 = 8.74548e-07
        Ta = 37600
        Tc = 12906.5
        Tf = 6453.25
DiffEv reached_goal. cost=2.39379e-03 spread=2.82986e-06
Fitted parameter values
Free:
       pc1 = -3.99671
       pc2 = 0.504068
       pc3 = 1.76031
       pc4 = -1.59837
       pc5 = -1.59858
       pc6 = 0.919327
       pc7 = 0.867189
       pc8 = -0.37603
       pc9 = -0.561786
      pc10 = -1.77691
      pc11 = -0.217479
      pc12 = 0.0986848
      pc13 = -0.159194
      pc14 = -0.00182034
      pc15 = 0.0477103
      pc16 = 0.0694832
      pc17 = 0.00119864
Constrained:
   Tgbecnw = 88301.2
     Tecnw = 24794
       Tnw = 24767
       Tec = 12493.4
     twoNb = 559767
     twoNe = 1230.49
     twoNc = 507109
     twoNn = 4.71488e+06
     twoNw = 6.23593e+06
    twoNec = 80172.9
    twoNnw = 77.0972
  twoNecnw = 68921.7
  twoNbecnw = 6325.51
  twoNgbecnw = 146714
         m = 0.220077
        m3 = 0.170691
        m6 = 2.93143e-06
        Ta = 37600
        Tc = 12383.5
        Tf = 6191.76
#       SitePat  BranchLen
              b 121344.3061626
              e 46085.6053833
              c 46648.8312733
              n 42819.8777417
              w 45058.4262991
            b:e 1332.5026529
            b:c 1361.2443588
            b:n 1041.8523199
            b:w 1183.2071328
            e:c 11567.8522370
            e:n 4990.9171708
            e:w 3938.9014797
            c:n 4427.6541551
            c:w 4074.9413503
            n:w 12969.4361334
          b:e:c 1480.1828355
          b:e:n 639.3576194
          b:e:w 613.2612820
          b:c:n 610.6117833
          b:c:w 643.8795365
          b:n:w 1463.8985000
          e:c:n 4714.5374852
          e:c:w 3880.7174238
          e:n:w 5392.1112385
          c:n:w 5256.1084936
        b:e:c:n 1295.3760206
        b:e:c:w 1146.8497919
        b:e:n:w 1487.0480833
        b:c:n:w 1456.4339590
        e:c:n:w 48534.7913346
