########################################
# legofit: estimate population history #
#       version 2.3.4-4-g53f8760       #
########################################

# Program was compiled: Sep 21 2021 14:36:42
# Program was run: Thu Sep 23 12:04:59 2021

# cmd: legofit -1 -d 0 -t 32 --ptsPerDim 3 --stateOut b1boot45.state --tol 3e-6 -S 5000 acf2.lgo ../../chrX/boot_chrX/boot45.opf
# Stage nOptItr nSimReps
#     0    5000        0
# algorithm          : deterministic
# ignoring probs <=  : 0
# Branch length floor: 0
# DE strategy        : 2
#    F               : 0.3
#    CR              : 0.8
#    tolerance       : 3e-06
# nthreads           : 32
# lgo input file     : acf2.lgo
# site pat input file: ../../chrX/boot_chrX/boot45.opf
# free parameters    : 17
# points in DE swarm : 51
# output state file  : b1boot45.state
# Including singleton site patterns.
# cost function      : KL
Initial parameter values
Fixed:
      zero = 0
       one = 1
    Tbecnw = 75200
Free:
       pc1 = 0
       pc2 = 0
       pc3 = 0
       pc4 = 0
       pc5 = 0
       pc6 = 0
       pc7 = 0
       pc8 = 0
       pc9 = 0
      pc10 = 0
      pc11 = 0
      pc12 = 0
      pc13 = 0
      pc14 = 0
      pc15 = 0
      pc16 = 0
      pc17 = 0
Constrained:
   Tgbecnw = 99632.3
     Tecnw = 26710.2
       Tnw = 25813
       Tec = 13108.5
     twoNb = 276405
     twoNe = 2666.62
     twoNc = 831861
     twoNn = 1.52113e+06
     twoNw = 6.47679e+06
    twoNec = 87609.4
    twoNnw = 2559.01
  twoNecnw = 68706.1
  twoNbecnw = 12381
  twoNgbecnw = 122776
         m = 0.265118
        m3 = 0.194348
        m6 = 8.74548e-07
        Ta = 37600
        Tc = 12906.5
        Tf = 6453.25
DiffEv reached_goal. cost=2.16392e-03 spread=1.89536e-06
Fitted parameter values
Free:
       pc1 = -3.9871
       pc2 = -0.278341
       pc3 = 2.10635
       pc4 = -1.36047
       pc5 = -1.40938
       pc6 = 1.69945
       pc7 = -0.0724328
       pc8 = -0.295487
       pc9 = -1.30208
      pc10 = -1.96513
      pc11 = 0.451381
      pc12 = 0.305638
      pc13 = -0.178656
      pc14 = -0.0971887
      pc15 = 0.127745
      pc16 = 0.11594
      pc17 = 0.00303122
Constrained:
   Tgbecnw = 87027.3
     Tecnw = 24895.9
       Tnw = 24830.7
       Tec = 12674.1
     twoNb = 550811
     twoNe = 2451.35
     twoNc = 748400
     twoNn = 4.00884e+06
     twoNw = 5.68795e+06
    twoNec = 78189.6
    twoNnw = 191.91
  twoNecnw = 68007.8
  twoNbecnw = 5837.01
  twoNgbecnw = 139927
         m = 0.223128
        m3 = 0.17717
        m6 = 5.2919e-06
        Ta = 37600
        Tc = 12415.4
        Tf = 6207.68
#       SitePat  BranchLen
              b 119750.3991766
              e 45712.4816347
              c 46391.6115998
              n 42757.4748773
              w 45178.4672947
            b:e 1287.6849001
            b:c 1321.7564762
            b:n 1023.2838704
            b:w 1173.5166539
            e:c 11448.8084947
            e:n 5094.1138784
            e:w 3914.1571034
            c:n 4414.9189901
            c:w 4077.8858288
            n:w 12632.9096303
          b:e:c 1431.3195137
          b:e:n 632.1425625
          b:e:w 600.7173588
          b:c:n 598.0638699
          b:c:w 636.9967163
          b:n:w 1416.8967704
          e:c:n 4778.5019094
          e:c:w 3874.4994284
          e:n:w 5308.3069657
          c:n:w 5144.6431634
        b:e:c:n 1283.0857896
        b:e:c:w 1125.3453634
        b:e:n:w 1443.0948663
        b:c:n:w 1406.8226253
        e:c:n:w 47196.8667444
