########################################
# legofit: estimate population history #
#       version 2.3.4-4-g53f8760       #
########################################

# Program was compiled: Sep 21 2021 14:36:42
# Program was run: Thu Sep 23 12:03:58 2021

# cmd: legofit -1 -d 0 -t 32 --ptsPerDim 3 --stateOut b1boot17.state --tol 3e-6 -S 5000 acf2.lgo ../../chrX/boot_chrX/boot17.opf
# Stage nOptItr nSimReps
#     0    5000        0
# algorithm          : deterministic
# ignoring probs <=  : 0
# Branch length floor: 0
# DE strategy        : 2
#    F               : 0.3
#    CR              : 0.8
#    tolerance       : 3e-06
# nthreads           : 32
# lgo input file     : acf2.lgo
# site pat input file: ../../chrX/boot_chrX/boot17.opf
# free parameters    : 17
# points in DE swarm : 51
# output state file  : b1boot17.state
# Including singleton site patterns.
# cost function      : KL
Initial parameter values
Fixed:
      zero = 0
       one = 1
    Tbecnw = 75200
Free:
       pc1 = 0
       pc2 = 0
       pc3 = 0
       pc4 = 0
       pc5 = 0
       pc6 = 0
       pc7 = 0
       pc8 = 0
       pc9 = 0
      pc10 = 0
      pc11 = 0
      pc12 = 0
      pc13 = 0
      pc14 = 0
      pc15 = 0
      pc16 = 0
      pc17 = 0
Constrained:
   Tgbecnw = 99632.3
     Tecnw = 26710.2
       Tnw = 25813
       Tec = 13108.5
     twoNb = 276405
     twoNe = 2666.62
     twoNc = 831861
     twoNn = 1.52113e+06
     twoNw = 6.47679e+06
    twoNec = 87609.4
    twoNnw = 2559.01
  twoNecnw = 68706.1
  twoNbecnw = 12381
  twoNgbecnw = 122776
         m = 0.265118
        m3 = 0.194348
        m6 = 8.74548e-07
        Ta = 37600
        Tc = 12906.5
        Tf = 6453.25
DiffEv reached_goal. cost=2.34351e-03 spread=2.69550e-06
Fitted parameter values
Free:
       pc1 = -3.99757
       pc2 = -1.27151
       pc3 = 1.03188
       pc4 = 0.0236792
       pc5 = -1.55429
       pc6 = 0.436522
       pc7 = 0.792639
       pc8 = -0.890044
       pc9 = -0.128895
      pc10 = -0.522519
      pc11 = 0.111303
      pc12 = 0.714604
      pc13 = -0.142803
      pc14 = 0.0085618
      pc15 = 0.0408991
      pc16 = 0.0535289
      pc17 = -0.0114657
Constrained:
   Tgbecnw = 87922.1
     Tecnw = 25155.9
       Tnw = 25077.6
       Tec = 12820.2
     twoNb = 346553
     twoNe = 3475.26
     twoNc = 1.15469e+06
     twoNn = 1.39265e+06
     twoNw = 4.36111e+06
    twoNec = 74618.4
    twoNnw = 227.512
  twoNecnw = 67983.1
  twoNbecnw = 6248.13
  twoNgbecnw = 139657
         m = 0.226507
        m3 = 0.181277
        m6 = 9.39566e-07
        Ta = 37600
        Tc = 12538.8
        Tf = 6269.39
#       SitePat  BranchLen
              b 120447.7296893
              e 45782.4941901
              c 46319.4182449
              n 42995.0131036
              w 45417.8169159
            b:e 1282.5291283
            b:c 1309.3908807
            b:n 1026.6330322
            b:w 1178.7459566
            e:c 11704.0883010
            e:n 4968.5600927
            e:w 3884.1652591
            c:n 4431.6243341
            c:w 4013.0436726
            n:w 12716.4544033
          b:e:c 1446.3206431
          b:e:n 622.2771471
          b:e:w 598.2825416
          b:c:n 595.4141113
          b:c:w 626.8645300
          b:n:w 1432.8139032
          e:c:n 4817.3874232
          e:c:w 3897.5591061
          e:n:w 5254.0817249
          c:n:w 5125.2150152
        b:e:c:n 1287.1307061
        b:e:c:w 1127.5619685
        b:e:n:w 1428.4139397
        b:c:n:w 1399.8332348
        e:c:n:w 47709.0892409
