########################################
# legofit: estimate population history #
#       version 2.3.4-4-g53f8760       #
########################################

# Program was compiled: Sep 21 2021 14:36:42
# Program was run: Thu Sep 23 12:04:01 2021

# cmd: legofit -1 -d 0 -t 32 --ptsPerDim 3 --stateOut b1boot20.state --tol 3e-6 -S 5000 acf2.lgo ../../chrX/boot_chrX/boot20.opf
# Stage nOptItr nSimReps
#     0    5000        0
# algorithm          : deterministic
# ignoring probs <=  : 0
# Branch length floor: 0
# DE strategy        : 2
#    F               : 0.3
#    CR              : 0.8
#    tolerance       : 3e-06
# nthreads           : 32
# lgo input file     : acf2.lgo
# site pat input file: ../../chrX/boot_chrX/boot20.opf
# free parameters    : 17
# points in DE swarm : 51
# output state file  : b1boot20.state
# Including singleton site patterns.
# cost function      : KL
Initial parameter values
Fixed:
      zero = 0
       one = 1
    Tbecnw = 75200
Free:
       pc1 = 0
       pc2 = 0
       pc3 = 0
       pc4 = 0
       pc5 = 0
       pc6 = 0
       pc7 = 0
       pc8 = 0
       pc9 = 0
      pc10 = 0
      pc11 = 0
      pc12 = 0
      pc13 = 0
      pc14 = 0
      pc15 = 0
      pc16 = 0
      pc17 = 0
Constrained:
   Tgbecnw = 99632.3
     Tecnw = 26710.2
       Tnw = 25813
       Tec = 13108.5
     twoNb = 276405
     twoNe = 2666.62
     twoNc = 831861
     twoNn = 1.52113e+06
     twoNw = 6.47679e+06
    twoNec = 87609.4
    twoNnw = 2559.01
  twoNecnw = 68706.1
  twoNbecnw = 12381
  twoNgbecnw = 122776
         m = 0.265118
        m3 = 0.194348
        m6 = 8.74548e-07
        Ta = 37600
        Tc = 12906.5
        Tf = 6453.25
DiffEv reached_goal. cost=2.37927e-03 spread=2.95336e-06
Fitted parameter values
Free:
       pc1 = -3.99565
       pc2 = -0.189014
       pc3 = 0.918568
       pc4 = -1.12549
       pc5 = -0.613591
       pc6 = 1.49979
       pc7 = -0.229565
       pc8 = -0.13722
       pc9 = -1.36734
      pc10 = -1.97448
      pc11 = -0.0583874
      pc12 = -0.401694
      pc13 = -0.0188983
      pc14 = -0.0434084
      pc15 = 0.0645755
      pc16 = 0.0824499
      pc17 = -0.00787706
Constrained:
   Tgbecnw = 86925.8
     Tecnw = 24934.1
       Tnw = 24744
       Tec = 12592.8
     twoNb = 390237
     twoNe = 2961.36
     twoNc = 561787
     twoNn = 3.9775e+06
     twoNw = 5.45747e+06
    twoNec = 83502.1
    twoNnw = 532.509
  twoNecnw = 67199.4
  twoNbecnw = 5772.99
  twoNgbecnw = 143853
         m = 0.217165
        m3 = 0.191682
        m6 = 4.44563e-06
        Ta = 37600
        Tc = 12372
        Tf = 6186.01
#       SitePat  BranchLen
              b 120001.3005915
              e 45973.6930527
              c 46503.7663085
              n 42548.9582635
              w 44885.8712674
            b:e 1325.1394673
            b:c 1352.1617989
            b:n 1025.9416793
            b:w 1173.7758867
            e:c 11258.5649287
            e:n 5000.3657150
            e:w 3936.1237304
            c:n 4470.2357028
            c:w 4064.5544990
            n:w 12727.6949020
          b:e:c 1450.2371562
          b:e:n 637.3321687
          b:e:w 613.1714139
          b:c:n 610.3035225
          b:c:w 641.9348675
          b:n:w 1433.8984389
          e:c:n 4704.6422997
          e:c:w 3837.6524842
          e:n:w 5387.5193400
          c:n:w 5259.1453278
        b:e:c:n 1283.4159196
        b:e:c:w 1128.1111219
        b:e:n:w 1475.2726576
        b:c:n:w 1446.5155186
        e:c:n:w 47587.2707532
