########################################
# legofit: estimate population history #
#       version 2.3.4-4-g53f8760       #
########################################

# Program was compiled: Sep 21 2021 14:36:42
# Program was run: Thu Sep 23 12:04:19 2021

# cmd: legofit -1 -d 0 -t 32 --ptsPerDim 3 --stateOut b1boot27.state --tol 3e-6 -S 5000 acf2.lgo ../../chrX/boot_chrX/boot27.opf
# Stage nOptItr nSimReps
#     0    5000        0
# algorithm          : deterministic
# ignoring probs <=  : 0
# Branch length floor: 0
# DE strategy        : 2
#    F               : 0.3
#    CR              : 0.8
#    tolerance       : 3e-06
# nthreads           : 32
# lgo input file     : acf2.lgo
# site pat input file: ../../chrX/boot_chrX/boot27.opf
# free parameters    : 17
# points in DE swarm : 51
# output state file  : b1boot27.state
# Including singleton site patterns.
# cost function      : KL
Initial parameter values
Fixed:
      zero = 0
       one = 1
    Tbecnw = 75200
Free:
       pc1 = 0
       pc2 = 0
       pc3 = 0
       pc4 = 0
       pc5 = 0
       pc6 = 0
       pc7 = 0
       pc8 = 0
       pc9 = 0
      pc10 = 0
      pc11 = 0
      pc12 = 0
      pc13 = 0
      pc14 = 0
      pc15 = 0
      pc16 = 0
      pc17 = 0
Constrained:
   Tgbecnw = 99632.3
     Tecnw = 26710.2
       Tnw = 25813
       Tec = 13108.5
     twoNb = 276405
     twoNe = 2666.62
     twoNc = 831861
     twoNn = 1.52113e+06
     twoNw = 6.47679e+06
    twoNec = 87609.4
    twoNnw = 2559.01
  twoNecnw = 68706.1
  twoNbecnw = 12381
  twoNgbecnw = 122776
         m = 0.265118
        m3 = 0.194348
        m6 = 8.74548e-07
        Ta = 37600
        Tc = 12906.5
        Tf = 6453.25
DiffEv reached_goal. cost=2.40781e-03 spread=2.95832e-06
Fitted parameter values
Free:
       pc1 = -3.99531
       pc2 = 0.660904
       pc3 = 2.34193
       pc4 = -0.0621195
       pc5 = -1.98089
       pc6 = 0.163984
       pc7 = 0.150902
       pc8 = -0.940813
       pc9 = -0.414234
      pc10 = -1.85639
      pc11 = -0.410949
      pc12 = 0.180903
      pc13 = -0.00918916
      pc14 = -0.160901
      pc15 = 0.0265572
      pc16 = -0.0262157
      pc17 = -0.0100843
Constrained:
   Tgbecnw = 88367.4
     Tecnw = 24743.7
       Tnw = 24598.4
       Tec = 12357.7
     twoNb = 416072
     twoNe = 909.324
     twoNc = 1.64494e+06
     twoNn = 2.80408e+06
     twoNw = 3.62341e+06
    twoNec = 80379.2
    twoNnw = 418.52
  twoNecnw = 70806.3
  twoNbecnw = 6519.82
  twoNgbecnw = 143967
         m = 0.219537
        m3 = 0.165599
        m6 = 2.85796e-06
        Ta = 37600
        Tc = 12299.2
        Tf = 6149.59
#       SitePat  BranchLen
              b 120867.2910031
              e 46571.9229637
              c 46975.5881402
              n 43259.2158266
              w 45332.0554340
            b:e 1402.1000234
            b:c 1423.4189315
            b:n 1099.0671726
            b:w 1235.4591281
            e:c 11791.6972738
            e:n 4904.9324988
            e:w 4004.8785662
            c:n 4501.2304255
            c:w 4102.0768122
            n:w 13226.8867269
          b:e:c 1562.0838819
          b:e:n 665.6157520
          b:e:w 647.1689510
          b:c:n 644.2926112
          b:c:w 669.9322682
          b:n:w 1544.4905924
          e:c:n 4714.6211262
          e:c:w 3940.9890648
          e:n:w 5419.3162386
          c:n:w 5322.1548895
        b:e:c:n 1357.5387609
        b:e:c:w 1213.9539494
        b:e:n:w 1560.2155139
        b:c:n:w 1537.4564295
        e:c:n:w 47673.0504046
