########################################
# legofit: estimate population history #
#       version 2.3.4-4-g53f8760       #
########################################

# Program was compiled: Sep 21 2021 14:36:42
# Program was run: Thu Sep 23 12:04:13 2021

# cmd: legofit -1 -d 0 -t 32 --ptsPerDim 3 --stateOut b1boot23.state --tol 3e-6 -S 5000 acf2.lgo ../../chrX/boot_chrX/boot23.opf
# Stage nOptItr nSimReps
#     0    5000        0
# algorithm          : deterministic
# ignoring probs <=  : 0
# Branch length floor: 0
# DE strategy        : 2
#    F               : 0.3
#    CR              : 0.8
#    tolerance       : 3e-06
# nthreads           : 32
# lgo input file     : acf2.lgo
# site pat input file: ../../chrX/boot_chrX/boot23.opf
# free parameters    : 17
# points in DE swarm : 51
# output state file  : b1boot23.state
# Including singleton site patterns.
# cost function      : KL
Initial parameter values
Fixed:
      zero = 0
       one = 1
    Tbecnw = 75200
Free:
       pc1 = 0
       pc2 = 0
       pc3 = 0
       pc4 = 0
       pc5 = 0
       pc6 = 0
       pc7 = 0
       pc8 = 0
       pc9 = 0
      pc10 = 0
      pc11 = 0
      pc12 = 0
      pc13 = 0
      pc14 = 0
      pc15 = 0
      pc16 = 0
      pc17 = 0
Constrained:
   Tgbecnw = 99632.3
     Tecnw = 26710.2
       Tnw = 25813
       Tec = 13108.5
     twoNb = 276405
     twoNe = 2666.62
     twoNc = 831861
     twoNn = 1.52113e+06
     twoNw = 6.47679e+06
    twoNec = 87609.4
    twoNnw = 2559.01
  twoNecnw = 68706.1
  twoNbecnw = 12381
  twoNgbecnw = 122776
         m = 0.265118
        m3 = 0.194348
        m6 = 8.74548e-07
        Ta = 37600
        Tc = 12906.5
        Tf = 6453.25
DiffEv reached_goal. cost=2.36119e-03 spread=2.99899e-06
Fitted parameter values
Free:
       pc1 = -3.97139
       pc2 = 0.507306
       pc3 = 0.348604
       pc4 = -0.57761
       pc5 = -1.92818
       pc6 = -0.125522
       pc7 = 1.10227
       pc8 = -0.561103
       pc9 = -0.150944
      pc10 = -1.56194
      pc11 = -0.397653
      pc12 = 0.281905
      pc13 = 0.124609
      pc14 = -0.0608242
      pc15 = 0.0661798
      pc16 = 0.0482881
      pc17 = -0.0113219
Constrained:
   Tgbecnw = 87830.5
     Tecnw = 24892.5
       Tnw = 24661.5
       Tec = 12426.6
     twoNb = 360583
     twoNe = 1138.26
     twoNc = 1.07918e+06
     twoNn = 4.59911e+06
     twoNw = 4.4784e+06
    twoNec = 81013.2
    twoNnw = 691.473
  twoNecnw = 68318.6
  twoNbecnw = 6300.39
  twoNgbecnw = 139034
         m = 0.223455
        m3 = 0.17643
        m6 = 1.73611e-07
        Ta = 37600
        Tc = 12330.8
        Tf = 6165.38
#       SitePat  BranchLen
              b 120081.7578824
              e 45979.9607641
              c 46530.6279639
              n 43030.2585801
              w 45317.2513722
            b:e 1325.8130788
            b:c 1353.9399325
            b:n 1057.7901185
            b:w 1202.7899285
            e:c 11498.5683744
            e:n 5047.8040768
            e:w 3989.3049917
            c:n 4497.1347509
            c:w 4122.2540326
            n:w 12673.5760596
          b:e:c 1463.7083277
          b:e:n 648.3355887
          b:e:w 622.9313037
          b:c:n 620.2084982
          b:c:w 652.8643276
          b:n:w 1449.2223047
          e:c:n 4795.7059200
          e:c:w 3942.0929314
          e:n:w 5341.9045856
          c:n:w 5208.9576710
        b:e:c:n 1315.0571926
        b:e:c:w 1162.8058381
        b:e:n:w 1477.9704140
        b:c:n:w 1448.0376268
        e:c:n:w 47271.2689752
