########################################
# legofit: estimate population history #
#       version 2.3.4-4-g53f8760       #
########################################

# Program was compiled: Sep 21 2021 14:36:42
# Program was run: Thu Sep 23 12:03:30 2021

# cmd: legofit -1 -d 0 -t 32 --ptsPerDim 3 --stateOut b1boot4.state --tol 3e-6 -S 5000 acf2.lgo ../../chrX/boot_chrX/boot4.opf
# Stage nOptItr nSimReps
#     0    5000        0
# algorithm          : deterministic
# ignoring probs <=  : 0
# Branch length floor: 0
# DE strategy        : 2
#    F               : 0.3
#    CR              : 0.8
#    tolerance       : 3e-06
# nthreads           : 32
# lgo input file     : acf2.lgo
# site pat input file: ../../chrX/boot_chrX/boot4.opf
# free parameters    : 17
# points in DE swarm : 51
# output state file  : b1boot4.state
# Including singleton site patterns.
# cost function      : KL
Initial parameter values
Fixed:
      zero = 0
       one = 1
    Tbecnw = 75200
Free:
       pc1 = 0
       pc2 = 0
       pc3 = 0
       pc4 = 0
       pc5 = 0
       pc6 = 0
       pc7 = 0
       pc8 = 0
       pc9 = 0
      pc10 = 0
      pc11 = 0
      pc12 = 0
      pc13 = 0
      pc14 = 0
      pc15 = 0
      pc16 = 0
      pc17 = 0
Constrained:
   Tgbecnw = 99632.3
     Tecnw = 26710.2
       Tnw = 25813
       Tec = 13108.5
     twoNb = 276405
     twoNe = 2666.62
     twoNc = 831861
     twoNn = 1.52113e+06
     twoNw = 6.47679e+06
    twoNec = 87609.4
    twoNnw = 2559.01
  twoNecnw = 68706.1
  twoNbecnw = 12381
  twoNgbecnw = 122776
         m = 0.265118
        m3 = 0.194348
        m6 = 8.74548e-07
        Ta = 37600
        Tc = 12906.5
        Tf = 6453.25
DiffEv reached_goal. cost=2.34487e-03 spread=2.94857e-06
Fitted parameter values
Free:
       pc1 = -3.9232
       pc2 = -1.34416
       pc3 = 0.635092
       pc4 = 0.127777
       pc5 = -0.538231
       pc6 = 0.49281
       pc7 = -0.309264
       pc8 = -1.08897
       pc9 = -0.828286
      pc10 = -0.578394
      pc11 = 0.144134
      pc12 = 0.16813
      pc13 = -0.14994
      pc14 = 0.0662518
      pc15 = 0.161305
      pc16 = 0.0940326
      pc17 = -0.00288832
Constrained:
   Tgbecnw = 87881.5
     Tecnw = 25211.7
       Tnw = 24998.3
       Tec = 12851.4
     twoNb = 291762
     twoNe = 3645.13
     twoNc = 1.41212e+06
     twoNn = 278640
     twoNw = 4.8271e+06
    twoNec = 79060.2
    twoNnw = 599.208
  twoNecnw = 66765.9
  twoNbecnw = 6269.68
  twoNgbecnw = 142974
         m = 0.220905
        m3 = 0.197276
        m6 = 2.24263e-06
        Ta = 37600
        Tc = 12499.1
        Tf = 6249.57
#       SitePat  BranchLen
              b 120818.1604639
              e 45764.9796363
              c 46459.8060581
              n 42604.9978430
              w 45237.2745767
            b:e 1320.5647562
            b:c 1356.2845975
            b:n 1034.7769900
            b:w 1202.9094746
            e:c 11411.6768398
            e:n 5146.0709792
            e:w 3893.0311732
            c:n 4451.2159446
            c:w 4061.5731028
            n:w 12665.1914806
          b:e:c 1464.2330134
          b:e:n 645.2780328
          b:e:w 612.5318629
          b:c:n 609.5549765
          b:c:w 650.5044074
          b:n:w 1449.2127552
          e:c:n 4854.1263249
          e:c:w 3864.5322391
          e:n:w 5381.3279371
          c:n:w 5212.8146203
        b:e:c:n 1311.6860756
        b:e:c:w 1135.3503299
        b:e:n:w 1477.1045702
        b:c:n:w 1439.1352407
        e:c:n:w 48244.7937761
