########################################
# legofit: estimate population history #
#       version 2.3.4-4-g53f8760       #
########################################

# Program was compiled: Sep 21 2021 14:36:42
# Program was run: Thu Sep 23 12:04:59 2021

# cmd: legofit -1 -d 0 -t 32 --ptsPerDim 3 --stateOut b1boot47.state --tol 3e-6 -S 5000 acf2.lgo ../../chrX/boot_chrX/boot47.opf
# Stage nOptItr nSimReps
#     0    5000        0
# algorithm          : deterministic
# ignoring probs <=  : 0
# Branch length floor: 0
# DE strategy        : 2
#    F               : 0.3
#    CR              : 0.8
#    tolerance       : 3e-06
# nthreads           : 32
# lgo input file     : acf2.lgo
# site pat input file: ../../chrX/boot_chrX/boot47.opf
# free parameters    : 17
# points in DE swarm : 51
# output state file  : b1boot47.state
# Including singleton site patterns.
# cost function      : KL
Initial parameter values
Fixed:
      zero = 0
       one = 1
    Tbecnw = 75200
Free:
       pc1 = 0
       pc2 = 0
       pc3 = 0
       pc4 = 0
       pc5 = 0
       pc6 = 0
       pc7 = 0
       pc8 = 0
       pc9 = 0
      pc10 = 0
      pc11 = 0
      pc12 = 0
      pc13 = 0
      pc14 = 0
      pc15 = 0
      pc16 = 0
      pc17 = 0
Constrained:
   Tgbecnw = 99632.3
     Tecnw = 26710.2
       Tnw = 25813
       Tec = 13108.5
     twoNb = 276405
     twoNe = 2666.62
     twoNc = 831861
     twoNn = 1.52113e+06
     twoNw = 6.47679e+06
    twoNec = 87609.4
    twoNnw = 2559.01
  twoNecnw = 68706.1
  twoNbecnw = 12381
  twoNgbecnw = 122776
         m = 0.265118
        m3 = 0.194348
        m6 = 8.74548e-07
        Ta = 37600
        Tc = 12906.5
        Tf = 6453.25
DiffEv reached_goal. cost=2.46225e-03 spread=2.70832e-06
Fitted parameter values
Free:
       pc1 = -3.95618
       pc2 = -0.459247
       pc3 = 1.45308
       pc4 = -0.624278
       pc5 = -1.32345
       pc6 = -0.987545
       pc7 = 0.143156
       pc8 = 0.202727
       pc9 = -1.18042
      pc10 = -1.50728
      pc11 = 1.35662
      pc12 = 0.133982
      pc13 = -0.0329136
      pc14 = -0.163127
      pc15 = 0.0242216
      pc16 = 0.149897
      pc17 = -0.00614052
Constrained:
   Tgbecnw = 86392.3
     Tecnw = 25067.6
       Tnw = 24853.1
       Tec = 12702
     twoNb = 274211
     twoNe = 3085.56
     twoNc = 2.11384e+06
     twoNn = 3.44436e+06
     twoNw = 1.08238e+07
    twoNec = 80523.5
    twoNnw = 639.053
  twoNecnw = 67200.4
  twoNbecnw = 5644.34
  twoNgbecnw = 131766
         m = 0.239124
        m3 = 0.172367
        m6 = 2.57069e-06
        Ta = 37600
        Tc = 12426.6
        Tf = 6213.28
#       SitePat  BranchLen
              b 119555.7743939
              e 45840.0078994
              c 46402.8381180
              n 42892.0776876
              w 45121.8039523
            b:e 1251.7914998
            b:c 1279.1868944
            b:n 995.4626925
            b:w 1130.2856055
            e:c 11333.5476149
            e:n 4964.9293946
            e:w 3915.5626256
            c:n 4402.0683157
            c:w 4050.6691428
            n:w 12531.0698560
          b:e:c 1382.2913286
          b:e:n 609.7252967
          b:e:w 584.7663606
          b:c:n 582.3266070
          b:c:w 613.8875914
          b:n:w 1368.6145736
          e:c:n 4693.1091388
          e:c:w 3864.1488159
          e:n:w 5263.1267536
          c:n:w 5128.0510966
        b:e:c:n 1233.6507940
        b:e:c:w 1092.2258326
        b:e:n:w 1393.7890843
        b:c:n:w 1364.6711486
        e:c:n:w 47015.7772642
