########################################
# legofit: estimate population history #
#       version 2.3.4-4-g53f8760       #
########################################

# Program was compiled: Sep 21 2021 14:36:42
# Program was run: Thu Sep 23 12:03:34 2021

# cmd: legofit -1 -d 0 -t 32 --ptsPerDim 3 --stateOut b1boot7.state --tol 3e-6 -S 5000 acf2.lgo ../../chrX/boot_chrX/boot7.opf
# Stage nOptItr nSimReps
#     0    5000        0
# algorithm          : deterministic
# ignoring probs <=  : 0
# Branch length floor: 0
# DE strategy        : 2
#    F               : 0.3
#    CR              : 0.8
#    tolerance       : 3e-06
# nthreads           : 32
# lgo input file     : acf2.lgo
# site pat input file: ../../chrX/boot_chrX/boot7.opf
# free parameters    : 17
# points in DE swarm : 51
# output state file  : b1boot7.state
# Including singleton site patterns.
# cost function      : KL
Initial parameter values
Fixed:
      zero = 0
       one = 1
    Tbecnw = 75200
Free:
       pc1 = 0
       pc2 = 0
       pc3 = 0
       pc4 = 0
       pc5 = 0
       pc6 = 0
       pc7 = 0
       pc8 = 0
       pc9 = 0
      pc10 = 0
      pc11 = 0
      pc12 = 0
      pc13 = 0
      pc14 = 0
      pc15 = 0
      pc16 = 0
      pc17 = 0
Constrained:
   Tgbecnw = 99632.3
     Tecnw = 26710.2
       Tnw = 25813
       Tec = 13108.5
     twoNb = 276405
     twoNe = 2666.62
     twoNc = 831861
     twoNn = 1.52113e+06
     twoNw = 6.47679e+06
    twoNec = 87609.4
    twoNnw = 2559.01
  twoNecnw = 68706.1
  twoNbecnw = 12381
  twoNgbecnw = 122776
         m = 0.265118
        m3 = 0.194348
        m6 = 8.74548e-07
        Ta = 37600
        Tc = 12906.5
        Tf = 6453.25
DiffEv reached_goal. cost=2.32339e-03 spread=2.66993e-06
Fitted parameter values
Free:
       pc1 = -3.99568
       pc2 = -1.11058
       pc3 = 1.65678
       pc4 = -0.62602
       pc5 = -0.673303
       pc6 = 1.25944
       pc7 = -0.605785
       pc8 = -0.524891
       pc9 = -1.29573
      pc10 = -1.39341
      pc11 = -0.301469
      pc12 = 0.695758
      pc13 = -0.412987
      pc14 = -0.111714
      pc15 = 0.0714834
      pc16 = 0.0198546
      pc17 = -0.0228489
Constrained:
   Tgbecnw = 87926.2
     Tecnw = 25133.4
       Tnw = 24982.4
       Tec = 12725.3
     twoNb = 353392
     twoNe = 2878.13
     twoNc = 1.06811e+06
     twoNn = 2.13788e+06
     twoNw = 5.45512e+06
    twoNec = 76548.6
    twoNnw = 438.734
  twoNecnw = 68611.5
  twoNbecnw = 6192.87
  twoNgbecnw = 145634
         m = 0.211752
        m3 = 0.196071
        m6 = 4.62446e-06
        Ta = 37600
        Tc = 12491.2
        Tf = 6245.6
#       SitePat  BranchLen
              b 119868.8070533
              e 45881.3513581
              c 46469.1112129
              n 43042.7692297
              w 45647.5040232
            b:e 1322.3187220
            b:c 1352.5349809
            b:n 1058.3202585
            b:w 1225.9342583
            e:c 11606.0671006
            e:n 5103.3722917
            e:w 3927.7799505
            c:n 4515.5546949
            c:w 4068.6963841
            n:w 12626.1129562
          b:e:c 1478.7540357
          b:e:n 650.8107992
          b:e:w 623.8524329
          b:c:n 620.5880314
          b:c:w 656.0729809
          b:n:w 1464.5652221
          e:c:n 4881.5243337
          e:c:w 3899.2401923
          e:n:w 5270.8604122
          c:n:w 5130.0017206
        b:e:c:n 1342.1916912
        b:e:c:w 1166.0511084
        b:e:n:w 1479.7168259
        b:c:n:w 1447.5027869
        e:c:n:w 47124.1299332
