########################################
# legofit: estimate population history #
#       version 2.3.4-4-g53f8760       #
########################################

# Program was compiled: Sep 21 2021 14:36:42
# Program was run: Thu Sep 23 12:04:54 2021

# cmd: legofit -1 -d 0 -t 32 --ptsPerDim 3 --stateOut b1boot44.state --tol 3e-6 -S 5000 acf2.lgo ../../chrX/boot_chrX/boot44.opf
# Stage nOptItr nSimReps
#     0    5000        0
# algorithm          : deterministic
# ignoring probs <=  : 0
# Branch length floor: 0
# DE strategy        : 2
#    F               : 0.3
#    CR              : 0.8
#    tolerance       : 3e-06
# nthreads           : 32
# lgo input file     : acf2.lgo
# site pat input file: ../../chrX/boot_chrX/boot44.opf
# free parameters    : 17
# points in DE swarm : 51
# output state file  : b1boot44.state
# Including singleton site patterns.
# cost function      : KL
Initial parameter values
Fixed:
      zero = 0
       one = 1
    Tbecnw = 75200
Free:
       pc1 = 0
       pc2 = 0
       pc3 = 0
       pc4 = 0
       pc5 = 0
       pc6 = 0
       pc7 = 0
       pc8 = 0
       pc9 = 0
      pc10 = 0
      pc11 = 0
      pc12 = 0
      pc13 = 0
      pc14 = 0
      pc15 = 0
      pc16 = 0
      pc17 = 0
Constrained:
   Tgbecnw = 99632.3
     Tecnw = 26710.2
       Tnw = 25813
       Tec = 13108.5
     twoNb = 276405
     twoNe = 2666.62
     twoNc = 831861
     twoNn = 1.52113e+06
     twoNw = 6.47679e+06
    twoNec = 87609.4
    twoNnw = 2559.01
  twoNecnw = 68706.1
  twoNbecnw = 12381
  twoNgbecnw = 122776
         m = 0.265118
        m3 = 0.194348
        m6 = 8.74548e-07
        Ta = 37600
        Tc = 12906.5
        Tf = 6453.25
DiffEv reached_goal. cost=2.35505e-03 spread=1.91603e-06
Fitted parameter values
Free:
       pc1 = -3.98069
       pc2 = 0.100078
       pc3 = 0.673737
       pc4 = -1.5768
       pc5 = -1.58959
       pc6 = 1.437
       pc7 = 0.405583
       pc8 = -0.545548
       pc9 = -0.955706
      pc10 = -1.93886
      pc11 = 0.594797
      pc12 = -0.233648
      pc13 = 0.0321625
      pc14 = 0.0194844
      pc15 = 0.0791299
      pc16 = 0.106771
      pc17 = -0.00213165
Constrained:
   Tgbecnw = 86345.7
     Tecnw = 24933.9
       Tnw = 24854.9
       Tec = 12619.6
     twoNb = 577780
     twoNe = 2242.72
     twoNc = 596095
     twoNn = 4.98433e+06
     twoNw = 4.65054e+06
    twoNec = 81957.5
    twoNnw = 226.827
  twoNecnw = 65829.1
  twoNbecnw = 5650.06
  twoNgbecnw = 138677
         m = 0.225238
        m3 = 0.179167
        m6 = 3.3359e-06
        Ta = 37600
        Tc = 12427.5
        Tf = 6213.74
#       SitePat  BranchLen
              b 120005.9611330
              e 45663.9433199
              c 46224.6320183
              n 42460.2545291
              w 44715.4915406
            b:e 1315.8244487
            b:c 1344.5070196
            b:n 1028.5791245
            b:w 1171.4942053
            e:c 11293.1698408
            e:n 4978.8351263
            e:w 3924.5177663
            c:n 4418.1049488
            c:w 4061.6713370
            n:w 12630.0757462
          b:e:c 1445.8641254
          b:e:n 634.3809346
          b:e:w 608.2719456
          b:c:n 605.6937378
          b:c:w 638.7358466
          b:n:w 1430.6503250
          e:c:n 4732.6846574
          e:c:w 3888.1986177
          e:n:w 5398.5064121
          c:n:w 5261.3943205
        b:e:c:n 1277.0766951
        b:e:c:w 1127.2284946
        b:e:n:w 1462.7251020
        b:c:n:w 1432.2658269
        e:c:n:w 47778.0314783
