########################################
# legofit: estimate population history #
#       version 2.3.4-4-g53f8760       #
########################################

# Program was compiled: Sep 21 2021 14:36:42
# Program was run: Thu Sep 23 12:03:44 2021

# cmd: legofit -1 -d 0 -t 32 --ptsPerDim 3 --stateOut b1boot8.state --tol 3e-6 -S 5000 acf2.lgo ../../chrX/boot_chrX/boot8.opf
# Stage nOptItr nSimReps
#     0    5000        0
# algorithm          : deterministic
# ignoring probs <=  : 0
# Branch length floor: 0
# DE strategy        : 2
#    F               : 0.3
#    CR              : 0.8
#    tolerance       : 3e-06
# nthreads           : 32
# lgo input file     : acf2.lgo
# site pat input file: ../../chrX/boot_chrX/boot8.opf
# free parameters    : 17
# points in DE swarm : 51
# output state file  : b1boot8.state
# Including singleton site patterns.
# cost function      : KL
Initial parameter values
Fixed:
      zero = 0
       one = 1
    Tbecnw = 75200
Free:
       pc1 = 0
       pc2 = 0
       pc3 = 0
       pc4 = 0
       pc5 = 0
       pc6 = 0
       pc7 = 0
       pc8 = 0
       pc9 = 0
      pc10 = 0
      pc11 = 0
      pc12 = 0
      pc13 = 0
      pc14 = 0
      pc15 = 0
      pc16 = 0
      pc17 = 0
Constrained:
   Tgbecnw = 99632.3
     Tecnw = 26710.2
       Tnw = 25813
       Tec = 13108.5
     twoNb = 276405
     twoNe = 2666.62
     twoNc = 831861
     twoNn = 1.52113e+06
     twoNw = 6.47679e+06
    twoNec = 87609.4
    twoNnw = 2559.01
  twoNecnw = 68706.1
  twoNbecnw = 12381
  twoNgbecnw = 122776
         m = 0.265118
        m3 = 0.194348
        m6 = 8.74548e-07
        Ta = 37600
        Tc = 12906.5
        Tf = 6453.25
DiffEv reached_goal. cost=2.35369e-03 spread=2.93450e-06
Fitted parameter values
Free:
       pc1 = -3.96646
       pc2 = -0.131875
       pc3 = 0.48973
       pc4 = -0.217741
       pc5 = -1.27438
       pc6 = 0.42659
       pc7 = 1.40729
       pc8 = -1.00084
       pc9 = -0.874944
      pc10 = -1.11928
      pc11 = -0.721789
      pc12 = 0.0209329
      pc13 = -0.0289394
      pc14 = -0.0786912
      pc15 = 0.0905487
      pc16 = 0.104136
      pc17 = -0.011456
Constrained:
   Tgbecnw = 85444.2
     Tecnw = 24905.5
       Tnw = 24787.1
       Tec = 12533.6
     twoNb = 382340
     twoNe = 1561.02
     twoNc = 588726
     twoNn = 2.40838e+06
     twoNw = 4.37111e+06
    twoNec = 81004
    twoNnw = 335.615
  twoNecnw = 68929.2
  twoNbecnw = 5307.39
  twoNgbecnw = 139103
         m = 0.233448
        m3 = 0.187652
        m6 = 5.88185e-07
        Ta = 37600
        Tc = 12393.6
        Tf = 6196.79
#       SitePat  BranchLen
              b 120892.2090242
              e 46108.8498465
              c 46733.0977008
              n 42818.7776362
              w 45280.5552941
            b:e 1390.1069926
            b:c 1423.3684229
            b:n 1086.2156594
            b:w 1248.5492091
            e:c 11511.1179704
            e:n 5117.7664903
            e:w 3958.0615414
            c:n 4493.5110744
            c:w 4109.2123412
            n:w 12884.8166097
          b:e:c 1538.5529275
          b:e:n 675.3539503
          b:e:w 645.2098792
          b:c:n 642.0916421
          b:c:w 680.6963420
          b:n:w 1521.3504850
          e:c:n 4813.3720988
          e:c:w 3895.5981231
          e:n:w 5427.6653992
          c:n:w 5276.5221610
        b:e:c:n 1369.4605819
        b:e:c:w 1198.6664035
        b:e:n:w 1558.3640012
        b:c:n:w 1522.8784163
        e:c:n:w 48184.9277312
