########################################
# legofit: estimate population history #
#       version 2.3.4-4-g53f8760       #
########################################

# Program was compiled: Sep 21 2021 14:36:42
# Program was run: Thu Sep 23 12:03:19 2021

# cmd: legofit -1 -d 0 -t 32 --ptsPerDim 3 --stateOut b1boot1.state --tol 3e-6 -S 5000 acf2.lgo ../../chrX/boot_chrX/boot1.opf
# Stage nOptItr nSimReps
#     0    5000        0
# algorithm          : deterministic
# ignoring probs <=  : 0
# Branch length floor: 0
# DE strategy        : 2
#    F               : 0.3
#    CR              : 0.8
#    tolerance       : 3e-06
# nthreads           : 32
# lgo input file     : acf2.lgo
# site pat input file: ../../chrX/boot_chrX/boot1.opf
# free parameters    : 17
# points in DE swarm : 51
# output state file  : b1boot1.state
# Including singleton site patterns.
# cost function      : KL
Initial parameter values
Fixed:
      zero = 0
       one = 1
    Tbecnw = 75200
Free:
       pc1 = 0
       pc2 = 0
       pc3 = 0
       pc4 = 0
       pc5 = 0
       pc6 = 0
       pc7 = 0
       pc8 = 0
       pc9 = 0
      pc10 = 0
      pc11 = 0
      pc12 = 0
      pc13 = 0
      pc14 = 0
      pc15 = 0
      pc16 = 0
      pc17 = 0
Constrained:
   Tgbecnw = 99632.3
     Tecnw = 26710.2
       Tnw = 25813
       Tec = 13108.5
     twoNb = 276405
     twoNe = 2666.62
     twoNc = 831861
     twoNn = 1.52113e+06
     twoNw = 6.47679e+06
    twoNec = 87609.4
    twoNnw = 2559.01
  twoNecnw = 68706.1
  twoNbecnw = 12381
  twoNgbecnw = 122776
         m = 0.265118
        m3 = 0.194348
        m6 = 8.74548e-07
        Ta = 37600
        Tc = 12906.5
        Tf = 6453.25
DiffEv reached_goal. cost=2.39729e-03 spread=2.81809e-06
Fitted parameter values
Free:
       pc1 = -3.99741
       pc2 = -0.951715
       pc3 = 0.333653
       pc4 = -0.183941
       pc5 = -0.682201
       pc6 = 0.91108
       pc7 = 1.50224
       pc8 = -0.630201
       pc9 = -0.429569
      pc10 = -1.11031
      pc11 = -0.546995
      pc12 = 0.441281
      pc13 = -0.200037
      pc14 = -0.19726
      pc15 = 0.0738494
      pc16 = 0.0675428
      pc17 = -0.00612982
Constrained:
   Tgbecnw = 85922
     Tecnw = 25182
       Tnw = 25028.9
       Tec = 12735.6
     twoNb = 207541
     twoNe = 2549.48
     twoNc = 131815
     twoNn = 2.19737e+06
     twoNw = 4.54498e+06
    twoNec = 77945.2
    twoNnw = 422.884
  twoNecnw = 68092.6
  twoNbecnw = 5415.82
  twoNgbecnw = 140877
         m = 0.222319
        m3 = 0.19026
        m6 = 8.54437e-07
        Ta = 37600
        Tc = 12514.5
        Tf = 6257.23
#       SitePat  BranchLen
              b 119788.0071503
              e 45946.4770217
              c 46552.7436935
              n 42722.1762290
              w 45250.6060387
            b:e 1345.4413803
            b:c 1376.9533003
            b:n 1049.5963626
            b:w 1213.6424972
            e:c 11590.5934890
            e:n 5027.3848332
            e:w 3862.3824244
            c:n 4421.1070570
            c:w 4007.9755120
            n:w 12889.3767483
          b:e:c 1509.4402505
          b:e:n 647.9263321
          b:e:w 619.5742247
          b:c:n 616.4131458
          b:c:w 653.1829786
          b:n:w 1492.9276915
          e:c:n 4784.8052529
          e:c:w 3834.5093970
          e:n:w 5346.8842810
          c:n:w 5201.3022978
        b:e:c:n 1329.6886191
        b:e:c:w 1157.2247591
        b:e:n:w 1506.3509024
        b:c:n:w 1472.7434148
        e:c:n:w 47270.4298420
