########################################
# legofit: estimate population history #
#       version 2.3.4-4-g53f8760       #
########################################

# Program was compiled: Sep 21 2021 14:36:42
# Program was run: Thu Sep 23 12:04:18 2021

# cmd: legofit -1 -d 0 -t 32 --ptsPerDim 3 --stateOut b1boot26.state --tol 3e-6 -S 5000 acf2.lgo ../../chrX/boot_chrX/boot26.opf
# Stage nOptItr nSimReps
#     0    5000        0
# algorithm          : deterministic
# ignoring probs <=  : 0
# Branch length floor: 0
# DE strategy        : 2
#    F               : 0.3
#    CR              : 0.8
#    tolerance       : 3e-06
# nthreads           : 32
# lgo input file     : acf2.lgo
# site pat input file: ../../chrX/boot_chrX/boot26.opf
# free parameters    : 17
# points in DE swarm : 51
# output state file  : b1boot26.state
# Including singleton site patterns.
# cost function      : KL
Initial parameter values
Fixed:
      zero = 0
       one = 1
    Tbecnw = 75200
Free:
       pc1 = 0
       pc2 = 0
       pc3 = 0
       pc4 = 0
       pc5 = 0
       pc6 = 0
       pc7 = 0
       pc8 = 0
       pc9 = 0
      pc10 = 0
      pc11 = 0
      pc12 = 0
      pc13 = 0
      pc14 = 0
      pc15 = 0
      pc16 = 0
      pc17 = 0
Constrained:
   Tgbecnw = 99632.3
     Tecnw = 26710.2
       Tnw = 25813
       Tec = 13108.5
     twoNb = 276405
     twoNe = 2666.62
     twoNc = 831861
     twoNn = 1.52113e+06
     twoNw = 6.47679e+06
    twoNec = 87609.4
    twoNnw = 2559.01
  twoNecnw = 68706.1
  twoNbecnw = 12381
  twoNgbecnw = 122776
         m = 0.265118
        m3 = 0.194348
        m6 = 8.74548e-07
        Ta = 37600
        Tc = 12906.5
        Tf = 6453.25
DiffEv reached_goal. cost=2.33776e-03 spread=2.77186e-06
Fitted parameter values
Free:
       pc1 = -3.96169
       pc2 = -0.626176
       pc3 = 1.28202
       pc4 = -0.75603
       pc5 = -0.609119
       pc6 = -0.249344
       pc7 = 0.0214583
       pc8 = -0.890544
       pc9 = -1.24541
      pc10 = -0.189882
      pc11 = 0.631937
      pc12 = -0.36683
      pc13 = 0.329194
      pc14 = -0.0329187
      pc15 = 0.0587048
      pc16 = -0.0170199
      pc17 = -0.0201201
Constrained:
   Tgbecnw = 88070.2
     Tecnw = 24919.2
       Tnw = 24877.6
       Tec = 12686.9
     twoNb = 511038
     twoNe = 3514.84
     twoNc = 1.52633e+06
     twoNn = 477555
     twoNw = 9.37215e+06
    twoNec = 82173.4
    twoNnw = 119.842
  twoNecnw = 66943.7
  twoNbecnw = 6603.67
  twoNgbecnw = 137652
         m = 0.218146
        m3 = 0.18682
        m6 = 2.13724e-06
        Ta = 37600
        Tc = 12438.8
        Tf = 6219.39
#       SitePat  BranchLen
              b 119756.6361516
              e 46057.3890683
              c 46547.8860602
              n 42790.1847672
              w 45061.3685166
            b:e 1382.5249347
            b:c 1408.6163285
            b:n 1081.7936866
            b:w 1231.7486994
            e:c 11397.2875379
            e:n 5025.1532911
            e:w 4010.8395727
            c:n 4534.6295084
            c:w 4131.6146746
            n:w 12748.8981063
          b:e:c 1511.6008537
          b:e:n 666.6442687
          b:e:w 643.4105937
          b:c:n 640.5497804
          b:c:w 671.1303521
          b:n:w 1495.7294673
          e:c:n 4814.1103663
          e:c:w 3960.2551690
          e:n:w 5472.8072772
          c:n:w 5352.0589660
        b:e:c:n 1343.5179108
        b:e:c:w 1186.2160013
        b:e:n:w 1533.3961131
        b:c:n:w 1505.6794491
        e:c:n:w 47054.0416326
