########################################
# legofit: estimate population history #
#       version 2.3.4-4-g53f8760       #
########################################

# Program was compiled: Sep 21 2021 14:36:42
# Program was run: Thu Sep 23 12:04:47 2021

# cmd: legofit -1 -d 0 -t 32 --ptsPerDim 3 --stateOut b1boot42.state --tol 3e-6 -S 5000 acf2.lgo ../../chrX/boot_chrX/boot42.opf
# Stage nOptItr nSimReps
#     0    5000        0
# algorithm          : deterministic
# ignoring probs <=  : 0
# Branch length floor: 0
# DE strategy        : 2
#    F               : 0.3
#    CR              : 0.8
#    tolerance       : 3e-06
# nthreads           : 32
# lgo input file     : acf2.lgo
# site pat input file: ../../chrX/boot_chrX/boot42.opf
# free parameters    : 17
# points in DE swarm : 51
# output state file  : b1boot42.state
# Including singleton site patterns.
# cost function      : KL
Initial parameter values
Fixed:
      zero = 0
       one = 1
    Tbecnw = 75200
Free:
       pc1 = 0
       pc2 = 0
       pc3 = 0
       pc4 = 0
       pc5 = 0
       pc6 = 0
       pc7 = 0
       pc8 = 0
       pc9 = 0
      pc10 = 0
      pc11 = 0
      pc12 = 0
      pc13 = 0
      pc14 = 0
      pc15 = 0
      pc16 = 0
      pc17 = 0
Constrained:
   Tgbecnw = 99632.3
     Tecnw = 26710.2
       Tnw = 25813
       Tec = 13108.5
     twoNb = 276405
     twoNe = 2666.62
     twoNc = 831861
     twoNn = 1.52113e+06
     twoNw = 6.47679e+06
    twoNec = 87609.4
    twoNnw = 2559.01
  twoNecnw = 68706.1
  twoNbecnw = 12381
  twoNgbecnw = 122776
         m = 0.265118
        m3 = 0.194348
        m6 = 8.74548e-07
        Ta = 37600
        Tc = 12906.5
        Tf = 6453.25
DiffEv reached_goal. cost=2.33963e-03 spread=2.64125e-06
Fitted parameter values
Free:
       pc1 = -3.89305
       pc2 = -1.04162
       pc3 = 0.11516
       pc4 = -1.01341
       pc5 = 0.258239
       pc6 = 0.7547
       pc7 = -0.698945
       pc8 = -0.982272
       pc9 = -0.848284
      pc10 = -1.93536
      pc11 = 0.277785
      pc12 = -0.547496
      pc13 = -0.511484
      pc14 = -0.186395
      pc15 = 0.0495069
      pc16 = 0.0580219
      pc17 = -0.0172605
Constrained:
   Tgbecnw = 86936.4
     Tecnw = 25433
       Tnw = 25347.8
       Tec = 12872
     twoNb = 205441
     twoNe = 2395.07
     twoNc = 1.05301e+06
     twoNn = 2.44297e+06
     twoNw = 5.68786e+06
    twoNec = 84623.2
    twoNnw = 240.779
  twoNecnw = 64838.2
  twoNbecnw = 5607.32
  twoNgbecnw = 153038
         m = 0.200371
        m3 = 0.200184
        m6 = 3.67671e-06
        Ta = 37600
        Tc = 12673.9
        Tf = 6336.94
#       SitePat  BranchLen
              b 119650.6478412
              e 45779.3836865
              c 46383.8150185
              n 42570.9361484
              w 45034.7674356
            b:e 1302.2656715
            b:c 1333.0396972
            b:n 1014.1079423
            b:w 1169.9948397
            e:c 11047.4057237
            e:n 5032.1483231
            e:w 3882.3265297
            c:n 4427.6713397
            c:w 4028.6453342
            n:w 12340.7848640
          b:e:c 1421.5699515
          b:e:n 634.6138289
          b:e:w 606.7255095
          b:c:n 603.8346795
          b:c:w 639.4452920
          b:n:w 1406.2904149
          e:c:n 4723.3171195
          e:c:w 3808.3336312
          e:n:w 5324.3303722
          c:n:w 5178.0572191
        b:e:c:n 1276.8495198
        b:e:c:w 1113.2403293
        b:e:n:w 1452.2830840
        b:c:n:w 1419.5684251
        e:c:n:w 47639.6837460
