########################################
# legofit: estimate population history #
#       version 2.3.4-4-g53f8760       #
########################################

# Program was compiled: Sep 21 2021 14:36:42
# Program was run: Thu Sep 23 12:04:54 2021

# cmd: legofit -1 -d 0 -t 32 --ptsPerDim 3 --stateOut b1boot43.state --tol 3e-6 -S 5000 acf2.lgo ../../chrX/boot_chrX/boot43.opf
# Stage nOptItr nSimReps
#     0    5000        0
# algorithm          : deterministic
# ignoring probs <=  : 0
# Branch length floor: 0
# DE strategy        : 2
#    F               : 0.3
#    CR              : 0.8
#    tolerance       : 3e-06
# nthreads           : 32
# lgo input file     : acf2.lgo
# site pat input file: ../../chrX/boot_chrX/boot43.opf
# free parameters    : 17
# points in DE swarm : 51
# output state file  : b1boot43.state
# Including singleton site patterns.
# cost function      : KL
Initial parameter values
Fixed:
      zero = 0
       one = 1
    Tbecnw = 75200
Free:
       pc1 = 0
       pc2 = 0
       pc3 = 0
       pc4 = 0
       pc5 = 0
       pc6 = 0
       pc7 = 0
       pc8 = 0
       pc9 = 0
      pc10 = 0
      pc11 = 0
      pc12 = 0
      pc13 = 0
      pc14 = 0
      pc15 = 0
      pc16 = 0
      pc17 = 0
Constrained:
   Tgbecnw = 99632.3
     Tecnw = 26710.2
       Tnw = 25813
       Tec = 13108.5
     twoNb = 276405
     twoNe = 2666.62
     twoNc = 831861
     twoNn = 1.52113e+06
     twoNw = 6.47679e+06
    twoNec = 87609.4
    twoNnw = 2559.01
  twoNecnw = 68706.1
  twoNbecnw = 12381
  twoNgbecnw = 122776
         m = 0.265118
        m3 = 0.194348
        m6 = 8.74548e-07
        Ta = 37600
        Tc = 12906.5
        Tf = 6453.25
DiffEv reached_goal. cost=2.49124e-03 spread=2.81555e-06
Fitted parameter values
Free:
       pc1 = -3.96796
       pc2 = 0.353011
       pc3 = 1.3386
       pc4 = 0.180347
       pc5 = -1.24826
       pc6 = 0.0803557
       pc7 = 0.880909
       pc8 = -1.6761
       pc9 = -0.16871
      pc10 = -1.1295
      pc11 = -0.290429
      pc12 = -0.326502
      pc13 = 0.27027
      pc14 = -0.12242
      pc15 = 0.0803371
      pc16 = 0.0348831
      pc17 = -0.00618944
Constrained:
   Tgbecnw = 87776.8
     Tecnw = 24801.7
       Tnw = 24738.6
       Tec = 12471.8
     twoNb = 388206
     twoNe = 1092.33
     twoNc = 1.16234e+06
     twoNn = 755423
     twoNw = 3.35213e+06
    twoNec = 82911.2
    twoNnw = 178.522
  twoNecnw = 68872.2
  twoNbecnw = 6178.9
  twoNgbecnw = 142445
         m = 0.218221
        m3 = 0.171871
        m6 = 9.76831e-07
        Ta = 37600
        Tc = 12369.3
        Tf = 6184.64
#       SitePat  BranchLen
              b 120000.6294680
              e 46198.8084090
              c 46795.9667063
              n 42724.8720083
              w 44960.8210447
            b:e 1341.4668711
            b:c 1372.0006829
            b:n 1036.9419948
            b:w 1177.7634694
            e:c 11441.9440280
            e:n 5012.7227708
            e:w 3936.6971549
            c:n 4415.5518763
            c:w 4080.8433849
            n:w 12999.5066743
          b:e:c 1479.9389163
          b:e:n 642.0610982
          b:e:w 614.1368166
          b:c:n 611.5258848
          b:c:w 646.6688066
          b:n:w 1462.6355980
          e:c:n 4670.1503915
          e:c:w 3844.9354625
          e:n:w 5426.5881282
          c:n:w 5282.4544954
        b:e:c:n 1290.1720653
        b:e:c:w 1142.1319505
        b:e:n:w 1499.1016654
        b:c:n:w 1466.5710769
        e:c:n:w 47242.8906365
