########################################
# legofit: estimate population history #
#       version 2.3.4-4-g53f8760       #
########################################

# Program was compiled: Sep 21 2021 14:36:42
# Program was run: Thu Sep 23 12:03:59 2021

# cmd: legofit -1 -d 0 -t 32 --ptsPerDim 3 --stateOut b1boot19.state --tol 3e-6 -S 5000 acf2.lgo ../../chrX/boot_chrX/boot19.opf
# Stage nOptItr nSimReps
#     0    5000        0
# algorithm          : deterministic
# ignoring probs <=  : 0
# Branch length floor: 0
# DE strategy        : 2
#    F               : 0.3
#    CR              : 0.8
#    tolerance       : 3e-06
# nthreads           : 32
# lgo input file     : acf2.lgo
# site pat input file: ../../chrX/boot_chrX/boot19.opf
# free parameters    : 17
# points in DE swarm : 51
# output state file  : b1boot19.state
# Including singleton site patterns.
# cost function      : KL
Initial parameter values
Fixed:
      zero = 0
       one = 1
    Tbecnw = 75200
Free:
       pc1 = 0
       pc2 = 0
       pc3 = 0
       pc4 = 0
       pc5 = 0
       pc6 = 0
       pc7 = 0
       pc8 = 0
       pc9 = 0
      pc10 = 0
      pc11 = 0
      pc12 = 0
      pc13 = 0
      pc14 = 0
      pc15 = 0
      pc16 = 0
      pc17 = 0
Constrained:
   Tgbecnw = 99632.3
     Tecnw = 26710.2
       Tnw = 25813
       Tec = 13108.5
     twoNb = 276405
     twoNe = 2666.62
     twoNc = 831861
     twoNn = 1.52113e+06
     twoNw = 6.47679e+06
    twoNec = 87609.4
    twoNnw = 2559.01
  twoNecnw = 68706.1
  twoNbecnw = 12381
  twoNgbecnw = 122776
         m = 0.265118
        m3 = 0.194348
        m6 = 8.74548e-07
        Ta = 37600
        Tc = 12906.5
        Tf = 6453.25
DiffEv reached_goal. cost=2.25996e-03 spread=2.27034e-06
Fitted parameter values
Free:
       pc1 = -3.99312
       pc2 = -1.87945
       pc3 = -0.556526
       pc4 = -1.21396
       pc5 = -0.595344
       pc6 = 0.605603
       pc7 = 0.518108
       pc8 = -0.000581439
       pc9 = -1.39318
      pc10 = -0.370126
      pc11 = -0.498841
      pc12 = 0.709097
      pc13 = -0.55214
      pc14 = -0.12705
      pc15 = -0.00737858
      pc16 = 0.0669653
      pc17 = -0.0204681
Constrained:
   Tgbecnw = 86231
     Tecnw = 25445
       Tnw = 25235
       Tec = 12902.6
     twoNb = 352360
     twoNe = 4124.32
     twoNc = 576312
     twoNn = 3.44667e+06
     twoNw = 8.12909e+06
    twoNec = 76282
    twoNnw = 529.307
  twoNecnw = 66684.7
  twoNbecnw = 5465.09
  twoNgbecnw = 141631
         m = 0.218478
        m3 = 0.216105
        m6 = 1.12183e-06
        Ta = 37600
        Tc = 12617.5
        Tf = 6308.74
#       SitePat  BranchLen
              b 119402.1922300
              e 45733.0469191
              c 46280.2899635
              n 42210.9035534
              w 44983.8847042
            b:e 1300.5656122
            b:c 1328.1820530
            b:n 989.5909465
            b:w 1166.3022568
            e:c 11576.6193260
            e:n 4944.0045204
            e:w 3744.3426122
            c:n 4396.7460624
            c:w 3875.1523064
            n:w 12973.5211324
          b:e:c 1470.1042059
          b:e:n 613.0292953
          b:e:w 588.9193339
          b:c:n 585.4111352
          b:c:w 618.3291550
          b:n:w 1453.4378903
          e:c:n 4766.8946696
          e:c:w 3715.1691830
          e:n:w 5318.8015727
          c:n:w 5188.0072921
        b:e:c:n 1273.7807359
        b:e:c:w 1088.2613673
        b:e:n:w 1448.8186490
        b:c:n:w 1419.4105471
        e:c:n:w 47163.9774112
