########################################
# legofit: estimate population history #
#       version 2.3.4-4-g53f8760       #
########################################

# Program was compiled: Sep 21 2021 14:36:42
# Program was run: Thu Sep 23 12:04:47 2021

# cmd: legofit -1 -d 0 -t 32 --ptsPerDim 3 --stateOut b1boot40.state --tol 3e-6 -S 5000 acf2.lgo ../../chrX/boot_chrX/boot40.opf
# Stage nOptItr nSimReps
#     0    5000        0
# algorithm          : deterministic
# ignoring probs <=  : 0
# Branch length floor: 0
# DE strategy        : 2
#    F               : 0.3
#    CR              : 0.8
#    tolerance       : 3e-06
# nthreads           : 32
# lgo input file     : acf2.lgo
# site pat input file: ../../chrX/boot_chrX/boot40.opf
# free parameters    : 17
# points in DE swarm : 51
# output state file  : b1boot40.state
# Including singleton site patterns.
# cost function      : KL
Initial parameter values
Fixed:
      zero = 0
       one = 1
    Tbecnw = 75200
Free:
       pc1 = 0
       pc2 = 0
       pc3 = 0
       pc4 = 0
       pc5 = 0
       pc6 = 0
       pc7 = 0
       pc8 = 0
       pc9 = 0
      pc10 = 0
      pc11 = 0
      pc12 = 0
      pc13 = 0
      pc14 = 0
      pc15 = 0
      pc16 = 0
      pc17 = 0
Constrained:
   Tgbecnw = 99632.3
     Tecnw = 26710.2
       Tnw = 25813
       Tec = 13108.5
     twoNb = 276405
     twoNe = 2666.62
     twoNc = 831861
     twoNn = 1.52113e+06
     twoNw = 6.47679e+06
    twoNec = 87609.4
    twoNnw = 2559.01
  twoNecnw = 68706.1
  twoNbecnw = 12381
  twoNgbecnw = 122776
         m = 0.265118
        m3 = 0.194348
        m6 = 8.74548e-07
        Ta = 37600
        Tc = 12906.5
        Tf = 6453.25
DiffEv reached_goal. cost=2.23927e-03 spread=2.31724e-06
Fitted parameter values
Free:
       pc1 = -3.91432
       pc2 = -0.457925
       pc3 = 0.692162
       pc4 = -0.547679
       pc5 = -1.387
       pc6 = -0.712016
       pc7 = -0.218899
       pc8 = -0.930875
       pc9 = -0.766454
      pc10 = -0.807833
      pc11 = 0.951116
      pc12 = -0.639594
      pc13 = 0.203401
      pc14 = 0.0267437
      pc15 = 0.0435954
      pc16 = 0.0673568
      pc17 = -0.0103297
Constrained:
   Tgbecnw = 87682.2
     Tecnw = 25006.5
       Tnw = 24941.7
       Tec = 12725.2
     twoNb = 449071
     twoNe = 3337.37
     twoNc = 2.1539e+06
     twoNn = 2.00192e+06
     twoNw = 7.32919e+06
    twoNec = 83795.8
    twoNnw = 184.1
  twoNecnw = 66020.1
  twoNbecnw = 6277.79
  twoNgbecnw = 138562
         m = 0.225933
        m3 = 0.180646
        m6 = 1.44747e-06
        Ta = 37600
        Tc = 12470.8
        Tf = 6235.42
#       SitePat  BranchLen
              b 120532.9965236
              e 45968.9974154
              c 46477.0043320
              n 42585.2769750
              w 44773.4451071
            b:e 1327.4286134
            b:c 1353.4366343
            b:n 1028.5491102
            b:w 1167.3267067
            e:c 11255.0753460
            e:n 4952.1720710
            e:w 3950.1707341
            c:n 4444.1470012
            c:w 4074.6970394
            n:w 12713.9596912
          b:e:c 1448.8792902
          b:e:n 634.7061538
          b:e:w 611.2456402
          b:c:n 608.6961085
          b:c:w 638.8449240
          b:n:w 1433.1660852
          e:c:n 4704.7011526
          e:c:w 3887.9843194
          e:n:w 5443.3522996
          c:n:w 5318.8441475
        b:e:c:n 1271.5079504
        b:e:c:w 1126.0420520
        b:e:n:w 1470.7815513
        b:c:n:w 1443.1842919
        e:c:n:w 48043.7470462
