########################################
# legofit: estimate population history #
#       version 2.3.4-4-g53f8760       #
########################################

# Program was compiled: Sep 21 2021 14:36:42
# Program was run: Thu Sep 23 12:04:42 2021

# cmd: legofit -1 -d 0 -t 32 --ptsPerDim 3 --stateOut b1boot39.state --tol 3e-6 -S 5000 acf2.lgo ../../chrX/boot_chrX/boot39.opf
# Stage nOptItr nSimReps
#     0    5000        0
# algorithm          : deterministic
# ignoring probs <=  : 0
# Branch length floor: 0
# DE strategy        : 2
#    F               : 0.3
#    CR              : 0.8
#    tolerance       : 3e-06
# nthreads           : 32
# lgo input file     : acf2.lgo
# site pat input file: ../../chrX/boot_chrX/boot39.opf
# free parameters    : 17
# points in DE swarm : 51
# output state file  : b1boot39.state
# Including singleton site patterns.
# cost function      : KL
Initial parameter values
Fixed:
      zero = 0
       one = 1
    Tbecnw = 75200
Free:
       pc1 = 0
       pc2 = 0
       pc3 = 0
       pc4 = 0
       pc5 = 0
       pc6 = 0
       pc7 = 0
       pc8 = 0
       pc9 = 0
      pc10 = 0
      pc11 = 0
      pc12 = 0
      pc13 = 0
      pc14 = 0
      pc15 = 0
      pc16 = 0
      pc17 = 0
Constrained:
   Tgbecnw = 99632.3
     Tecnw = 26710.2
       Tnw = 25813
       Tec = 13108.5
     twoNb = 276405
     twoNe = 2666.62
     twoNc = 831861
     twoNn = 1.52113e+06
     twoNw = 6.47679e+06
    twoNec = 87609.4
    twoNnw = 2559.01
  twoNecnw = 68706.1
  twoNbecnw = 12381
  twoNgbecnw = 122776
         m = 0.265118
        m3 = 0.194348
        m6 = 8.74548e-07
        Ta = 37600
        Tc = 12906.5
        Tf = 6453.25
DiffEv reached_goal. cost=2.35877e-03 spread=2.37593e-06
Fitted parameter values
Free:
       pc1 = -3.97975
       pc2 = 0.585805
       pc3 = 2.27091
       pc4 = -1.6131
       pc5 = -1.30695
       pc6 = 0.803638
       pc7 = -0.22854
       pc8 = -0.839671
       pc9 = -1.03537
      pc10 = -1.81515
      pc11 = 0.755226
      pc12 = -0.39276
      pc13 = -0.388195
      pc14 = -0.125582
      pc15 = 0.00641077
      pc16 = 0.0746613
      pc17 = -0.00733489
Constrained:
   Tgbecnw = 87614.5
     Tecnw = 24967.9
       Tnw = 24881.8
       Tec = 12555.8
     twoNb = 662218
     twoNe = 1318.84
     twoNc = 1.24603e+06
     twoNn = 3.42386e+06
     twoNw = 7.16024e+06
    twoNec = 82740.9
    twoNnw = 259.28
  twoNecnw = 67588.4
  twoNbecnw = 5967.53
  twoNgbecnw = 148409
         m = 0.216724
        m3 = 0.16784
        m6 = 4.7065e-06
        Ta = 37600
        Tc = 12440.9
        Tf = 6220.45
#       SitePat  BranchLen
              b 120999.0803508
              e 46018.8975561
              c 46558.1480882
              n 43021.2328146
              w 45161.9479197
            b:e 1310.2993244
            b:c 1337.5898911
            b:n 1040.6726379
            b:w 1174.7397317
            e:c 11339.3611124
            e:n 4978.9099583
            e:w 3970.4809353
            c:n 4439.6029637
            c:w 4100.6726522
            n:w 12582.0952520
          b:e:c 1439.8003788
          b:e:n 638.2888524
          b:e:w 613.4972124
          b:c:n 610.9920321
          b:c:w 642.5539918
          b:n:w 1424.9188262
          e:c:n 4699.3601835
          e:c:w 3906.0044129
          e:n:w 5321.9482407
          c:n:w 5191.8129864
        b:e:c:n 1285.5123723
        b:e:c:w 1144.6749587
        b:e:n:w 1460.7389040
        b:c:n:w 1431.6883781
        e:c:n:w 48427.2734404
