########################################
# legofit: estimate population history #
#       version 2.3.4-4-g53f8760       #
########################################

# Program was compiled: Sep 21 2021 14:36:42
# Program was run: Thu Sep 23 12:04:26 2021

# cmd: legofit -1 -d 0 -t 32 --ptsPerDim 3 --stateOut b1boot31.state --tol 3e-6 -S 5000 acf2.lgo ../../chrX/boot_chrX/boot31.opf
# Stage nOptItr nSimReps
#     0    5000        0
# algorithm          : deterministic
# ignoring probs <=  : 0
# Branch length floor: 0
# DE strategy        : 2
#    F               : 0.3
#    CR              : 0.8
#    tolerance       : 3e-06
# nthreads           : 32
# lgo input file     : acf2.lgo
# site pat input file: ../../chrX/boot_chrX/boot31.opf
# free parameters    : 17
# points in DE swarm : 51
# output state file  : b1boot31.state
# Including singleton site patterns.
# cost function      : KL
Initial parameter values
Fixed:
      zero = 0
       one = 1
    Tbecnw = 75200
Free:
       pc1 = 0
       pc2 = 0
       pc3 = 0
       pc4 = 0
       pc5 = 0
       pc6 = 0
       pc7 = 0
       pc8 = 0
       pc9 = 0
      pc10 = 0
      pc11 = 0
      pc12 = 0
      pc13 = 0
      pc14 = 0
      pc15 = 0
      pc16 = 0
      pc17 = 0
Constrained:
   Tgbecnw = 99632.3
     Tecnw = 26710.2
       Tnw = 25813
       Tec = 13108.5
     twoNb = 276405
     twoNe = 2666.62
     twoNc = 831861
     twoNn = 1.52113e+06
     twoNw = 6.47679e+06
    twoNec = 87609.4
    twoNnw = 2559.01
  twoNecnw = 68706.1
  twoNbecnw = 12381
  twoNgbecnw = 122776
         m = 0.265118
        m3 = 0.194348
        m6 = 8.74548e-07
        Ta = 37600
        Tc = 12906.5
        Tf = 6453.25
DiffEv reached_goal. cost=2.30745e-03 spread=2.64975e-06
Fitted parameter values
Free:
       pc1 = -3.98679
       pc2 = -1.62885
       pc3 = -0.187895
       pc4 = -0.691079
       pc5 = -0.543971
       pc6 = 0.359021
       pc7 = -0.849108
       pc8 = -1.49355
       pc9 = -1.02271
      pc10 = -0.804486
      pc11 = 0.66613
      pc12 = 0.0529711
      pc13 = -0.314529
      pc14 = -0.00564228
      pc15 = 0.0815794
      pc16 = 0.0418653
      pc17 = -0.0283593
Constrained:
   Tgbecnw = 86968.8
     Tecnw = 25413.9
       Tnw = 25341.2
       Tec = 12936.5
     twoNb = 379947
     twoNe = 3243.37
     twoNc = 1.7375e+06
     twoNn = 1.2165e+06
     twoNw = 5.25803e+06
    twoNec = 80106
    twoNnw = 208.848
  twoNecnw = 64046.5
  twoNbecnw = 5852.14
  twoNgbecnw = 144093
         m = 0.209172
        m3 = 0.205098
        m6 = 2.40613e-06
        Ta = 37600
        Tc = 12670.6
        Tf = 6335.3
#       SitePat  BranchLen
              b 119424.0086549
              e 45409.9982392
              c 46018.3195793
              n 42519.0334500
              w 45107.9064246
            b:e 1299.6986256
            b:c 1331.0036098
            b:n 1029.9355343
            b:w 1196.4097735
            e:c 11196.0495095
            e:n 5073.5375826
            e:w 3890.8404568
            c:n 4465.1867824
            c:w 4039.5101227
            n:w 12231.7560703
          b:e:c 1429.8177276
          b:e:n 639.5248375
          b:e:w 611.1997350
          b:c:n 608.2165211
          b:c:w 644.4124498
          b:n:w 1416.3908660
          e:c:n 4868.0448033
          e:c:w 3887.5456142
          e:n:w 5317.0977229
          c:n:w 5168.4575170
        b:e:c:n 1300.9489110
        b:e:c:w 1126.6038456
        b:e:n:w 1445.9863949
        b:c:n:w 1412.7770123
        e:c:n:w 47420.0404932
