########################################
# legofit: estimate population history #
#       version 2.3.4-4-g53f8760       #
########################################

# Program was compiled: Sep 21 2021 14:36:42
# Program was run: Thu Sep 23 12:03:24 2021

# cmd: legofit -1 -d 0 -t 32 --ptsPerDim 3 --stateOut b1boot2.state --tol 3e-6 -S 5000 acf2.lgo ../../chrX/boot_chrX/boot2.opf
# Stage nOptItr nSimReps
#     0    5000        0
# algorithm          : deterministic
# ignoring probs <=  : 0
# Branch length floor: 0
# DE strategy        : 2
#    F               : 0.3
#    CR              : 0.8
#    tolerance       : 3e-06
# nthreads           : 32
# lgo input file     : acf2.lgo
# site pat input file: ../../chrX/boot_chrX/boot2.opf
# free parameters    : 17
# points in DE swarm : 51
# output state file  : b1boot2.state
# Including singleton site patterns.
# cost function      : KL
Initial parameter values
Fixed:
      zero = 0
       one = 1
    Tbecnw = 75200
Free:
       pc1 = 0
       pc2 = 0
       pc3 = 0
       pc4 = 0
       pc5 = 0
       pc6 = 0
       pc7 = 0
       pc8 = 0
       pc9 = 0
      pc10 = 0
      pc11 = 0
      pc12 = 0
      pc13 = 0
      pc14 = 0
      pc15 = 0
      pc16 = 0
      pc17 = 0
Constrained:
   Tgbecnw = 99632.3
     Tecnw = 26710.2
       Tnw = 25813
       Tec = 13108.5
     twoNb = 276405
     twoNe = 2666.62
     twoNc = 831861
     twoNn = 1.52113e+06
     twoNw = 6.47679e+06
    twoNec = 87609.4
    twoNnw = 2559.01
  twoNecnw = 68706.1
  twoNbecnw = 12381
  twoNgbecnw = 122776
         m = 0.265118
        m3 = 0.194348
        m6 = 8.74548e-07
        Ta = 37600
        Tc = 12906.5
        Tf = 6453.25
DiffEv reached_goal. cost=2.37375e-03 spread=2.82215e-06
Fitted parameter values
Free:
       pc1 = -3.96791
       pc2 = -0.258243
       pc3 = 1.47968
       pc4 = 0.0686607
       pc5 = -1.13546
       pc6 = 1.22463
       pc7 = 0.101059
       pc8 = -0.922032
       pc9 = -0.632109
      pc10 = -1.75704
      pc11 = -0.461253
      pc12 = -0.0233518
      pc13 = 0.123486
      pc14 = -0.0787868
      pc15 = 0.104179
      pc16 = 0.0590813
      pc17 = -0.00396623
Constrained:
   Tgbecnw = 87676.6
     Tecnw = 24845.2
       Tnw = 24726.4
       Tec = 12566
     twoNb = 308943
     twoNe = 2327.7
     twoNc = 900472
     twoNn = 2.05414e+06
     twoNw = 2.14486e+06
    twoNec = 80717.7
    twoNnw = 331.015
  twoNecnw = 69053.1
  twoNbecnw = 6082.23
  twoNgbecnw = 142638
         m = 0.21848
        m3 = 0.181941
        m6 = 3.3172e-06
        Ta = 37600
        Tc = 12363.2
        Tf = 6181.59
#       SitePat  BranchLen
              b 119889.1668112
              e 46114.4986680
              c 46701.3445598
              n 42671.7345975
              w 45029.1458733
            b:e 1320.7104896
            b:c 1350.3574712
            b:n 1022.0727559
            b:w 1169.5514964
            e:c 11475.7451156
            e:n 5015.2588799
            e:w 3909.4347141
            c:n 4428.3693363
            c:w 4050.4280045
            n:w 12979.6960428
          b:e:c 1463.8718970
          b:e:n 632.8055652
          b:e:w 605.9657932
          b:c:n 603.1537888
          b:c:w 637.5686955
          b:n:w 1447.0311228
          e:c:n 4691.3431488
          e:c:w 3817.6973705
          e:n:w 5378.5255302
          c:n:w 5237.5758915
        b:e:c:n 1281.2682470
        b:e:c:w 1126.2143719
        b:e:n:w 1476.1029916
        b:c:n:w 1444.5048842
        e:c:n:w 47160.9035989
