########################################
# legofit: estimate population history #
#       version 2.3.4-4-g53f8760       #
########################################

# Program was compiled: Sep 21 2021 14:36:42
# Program was run: Thu Sep 23 12:03:19 2021

# cmd: legofit -1 -d 0 -t 32 --ptsPerDim 3 --stateOut b1boot0.state --tol 3e-6 -S 5000 acf2.lgo ../../chrX/boot_chrX/boot0.opf
# Stage nOptItr nSimReps
#     0    5000        0
# algorithm          : deterministic
# ignoring probs <=  : 0
# Branch length floor: 0
# DE strategy        : 2
#    F               : 0.3
#    CR              : 0.8
#    tolerance       : 3e-06
# nthreads           : 32
# lgo input file     : acf2.lgo
# site pat input file: ../../chrX/boot_chrX/boot0.opf
# free parameters    : 17
# points in DE swarm : 51
# output state file  : b1boot0.state
# Including singleton site patterns.
# cost function      : KL
Initial parameter values
Fixed:
      zero = 0
       one = 1
    Tbecnw = 75200
Free:
       pc1 = 0
       pc2 = 0
       pc3 = 0
       pc4 = 0
       pc5 = 0
       pc6 = 0
       pc7 = 0
       pc8 = 0
       pc9 = 0
      pc10 = 0
      pc11 = 0
      pc12 = 0
      pc13 = 0
      pc14 = 0
      pc15 = 0
      pc16 = 0
      pc17 = 0
Constrained:
   Tgbecnw = 99632.3
     Tecnw = 26710.2
       Tnw = 25813
       Tec = 13108.5
     twoNb = 276405
     twoNe = 2666.62
     twoNc = 831861
     twoNn = 1.52113e+06
     twoNw = 6.47679e+06
    twoNec = 87609.4
    twoNnw = 2559.01
  twoNecnw = 68706.1
  twoNbecnw = 12381
  twoNgbecnw = 122776
         m = 0.265118
        m3 = 0.194348
        m6 = 8.74548e-07
        Ta = 37600
        Tc = 12906.5
        Tf = 6453.25
DiffEv reached_goal. cost=2.29966e-03 spread=2.36939e-06
Fitted parameter values
Free:
       pc1 = -3.9907
       pc2 = -0.473132
       pc3 = 0.862436
       pc4 = -0.792612
       pc5 = -1.0089
       pc6 = 0.432291
       pc7 = 0.517013
       pc8 = -0.493778
       pc9 = -1.37806
      pc10 = -1.18742
      pc11 = -0.38556
      pc12 = -0.0452241
      pc13 = -0.0523408
      pc14 = -0.111829
      pc15 = 0.0700709
      pc16 = 0.0962376
      pc17 = -0.0157792
Constrained:
   Tgbecnw = 86209.7
     Tecnw = 24910.6
       Tnw = 24830.9
       Tec = 12612.8
     twoNb = 416027
     twoNe = 2491.06
     twoNc = 903246
     twoNn = 2.92216e+06
     twoNw = 6.79168e+06
    twoNec = 81121.7
    twoNnw = 221.624
  twoNecnw = 68505.1
  twoNbecnw = 5529.79
  twoNgbecnw = 139991
         m = 0.225766
        m3 = 0.192736
        m6 = 2.25409e-06
        Ta = 37600
        Tc = 12415.4
        Tf = 6207.71
#       SitePat  BranchLen
              b 120003.8974563
              e 46057.1885176
              c 46623.4960099
              n 42651.3506089
              w 45086.1563902
            b:e 1337.9793584
            b:c 1367.0729793
            b:n 1036.9369021
            b:w 1192.1919084
            e:c 11407.3888261
            e:n 5038.7236085
            e:w 3922.3920907
            c:n 4472.3870017
            c:w 4058.9370908
            n:w 12850.6003630
          b:e:c 1477.2657207
          b:e:n 644.2755511
          b:e:w 618.2258575
          b:c:n 615.1786619
          b:c:w 649.2435013
          b:n:w 1460.4389627
          e:c:n 4735.1034966
          e:c:w 3830.0791440
          e:n:w 5379.2264903
          c:n:w 5242.7106048
        b:e:c:n 1306.2281460
        b:e:c:w 1142.9579940
        b:e:n:w 1494.8887793
        b:c:n:w 1463.8744038
        e:c:n:w 47418.7326018
