########################################
# legofit: estimate population history #
#       version 2.3.4-4-g53f8760       #
########################################

# Program was compiled: Sep 21 2021 14:36:42
# Program was run: Thu Sep 23 01:02:21 2021

# cmd: legofit -1 -d 0 -t 32 --ptsPerDim 3 --stateOut b1.state --tol 3e-6 -S 5000 cdef2.lgo ../../pan.opf
# Stage nOptItr nSimReps
#     0    5000        0
# algorithm          : deterministic
# ignoring probs <=  : 0
# Branch length floor: 0
# DE strategy        : 2
#    F               : 0.3
#    CR              : 0.8
#    tolerance       : 3e-06
# nthreads           : 32
# lgo input file     : cdef2.lgo
# site pat input file: ../../pan.opf
# free parameters    : 16
# points in DE swarm : 48
# output state file  : b1.state
# Including singleton site patterns.
# cost function      : KL
Initial parameter values
Fixed:
      zero = 0
       one = 1
    Tbecnw = 75200
Free:
       pc1 = 0
       pc2 = 0
       pc3 = 0
       pc4 = 0
       pc5 = 0
       pc6 = 0
       pc7 = 0
       pc8 = 0
       pc9 = 0
      pc10 = 0
      pc11 = 0
      pc12 = 0
      pc13 = 0
      pc14 = 0
      pc15 = 0
      pc16 = 0
Constrained:
     Tecnw = 59928.1
       Tnw = 425.937
       Tec = 830.454
     twoNb = 2.27339e+06
     twoNe = 7832.65
     twoNc = 212314
     twoNn = 352372
     twoNw = 1.29476e+06
    twoNec = 157768
    twoNnw = 147397
  twoNecnw = 14119.2
  twoNbecnw = 88504.8
        m3 = 0.163372
        m4 = 0.017518
        m5 = 0.320828
        m6 = 0.254272
        Tc = 212.969
        Td = 106.484
        Te = 53.2422
        Tf = 26.6211
DiffEv reached_goal. cost=2.10944e-03 spread=2.16973e-06
Fitted parameter values
Free:
       pc1 = 2.65014
       pc2 = 0.597357
       pc3 = 3.99543
       pc4 = 1.0307
       pc5 = 3.99311
       pc6 = 1.12008
       pc7 = -0.615996
       pc8 = 1.5879
       pc9 = 1.51344
      pc10 = 0.634774
      pc11 = -0.23653
      pc12 = 0.148904
      pc13 = 0.0233385
      pc14 = -0.107183
      pc15 = 0.0147567
      pc16 = -0.0455057
Constrained:
     Tecnw = 60447.7
       Tnw = 123.182
       Tec = 358.172
     twoNb = 7.32754e+06
     twoNe = 3596.72
     twoNc = 494587
     twoNn = 367324
     twoNw = 1.1962e+06
    twoNec = 147292
    twoNnw = 152737
  twoNecnw = 13514.1
  twoNbecnw = 88596.1
        m3 = 0.154018
        m4 = 0.0314872
        m5 = 0.31923
        m6 = 0.277801
        Tc = 61.591
        Td = 30.7955
        Te = 15.3977
        Tf = 7.69887
#       SitePat  BranchLen
              b 148208.4150915
              e 57851.6227942
              c 60510.8213207
              n 53668.2950281
              w 55897.0211882
            b:e 2626.9180470
            b:c 3240.9332667
            b:n 2150.4507702
            b:w 2381.8482124
            e:c 12322.6299940
            e:n 6866.9202291
            e:w 5982.7750305
            c:n 6032.8690703
            c:w 5532.6895451
            n:w 14771.5643904
          b:e:c 2543.1764836
          b:e:n 1327.4651559
          b:e:w 1315.2446031
          b:c:n 1316.0491247
          b:c:w 1328.3262306
          b:n:w 2541.9765838
          e:c:n 5860.0629067
          e:c:w 5015.6614705
          e:n:w 8104.3222101
          c:n:w 6699.9608004
        b:e:c:n 2382.7092871
        b:e:c:w 2151.2552918
        b:e:n:w 3214.4992353
        b:c:n:w 2628.1179468
        e:c:n:w 61792.1225915
