########################################
# legofit: estimate population history #
#       version 2.3.4-4-g53f8760       #
########################################

# Program was compiled: Sep 21 2021 14:36:42
# Program was run: Thu Sep 23 01:02:45 2021

# cmd: legofit -1 -d 0 -t 32 --ptsPerDim 3 --stateOut b1boot21.state --tol 3e-6 -S 5000 cdef2.lgo ../../boot/boot21.opf
# Stage nOptItr nSimReps
#     0    5000        0
# algorithm          : deterministic
# ignoring probs <=  : 0
# Branch length floor: 0
# DE strategy        : 2
#    F               : 0.3
#    CR              : 0.8
#    tolerance       : 3e-06
# nthreads           : 32
# lgo input file     : cdef2.lgo
# site pat input file: ../../boot/boot21.opf
# free parameters    : 16
# points in DE swarm : 48
# output state file  : b1boot21.state
# Including singleton site patterns.
# cost function      : KL
Initial parameter values
Fixed:
      zero = 0
       one = 1
    Tbecnw = 75200
Free:
       pc1 = 0
       pc2 = 0
       pc3 = 0
       pc4 = 0
       pc5 = 0
       pc6 = 0
       pc7 = 0
       pc8 = 0
       pc9 = 0
      pc10 = 0
      pc11 = 0
      pc12 = 0
      pc13 = 0
      pc14 = 0
      pc15 = 0
      pc16 = 0
Constrained:
     Tecnw = 59928.1
       Tnw = 425.937
       Tec = 830.454
     twoNb = 2.27339e+06
     twoNe = 7832.65
     twoNc = 212314
     twoNn = 352372
     twoNw = 1.29476e+06
    twoNec = 157768
    twoNnw = 147397
  twoNecnw = 14119.2
  twoNbecnw = 88504.8
        m3 = 0.163372
        m4 = 0.017518
        m5 = 0.320828
        m6 = 0.254272
        Tc = 212.969
        Td = 106.484
        Te = 53.2422
        Tf = 26.6211
DiffEv reached_goal. cost=2.10221e-03 spread=2.56553e-06
Fitted parameter values
Free:
       pc1 = 2.73793
       pc2 = 0.533272
       pc3 = 3.88326
       pc4 = 1.20637
       pc5 = 3.68274
       pc6 = 0.995812
       pc7 = -0.489955
       pc8 = 1.43498
       pc9 = 1.72521
      pc10 = -0.340492
      pc11 = -0.148141
      pc12 = -0.162165
      pc13 = 0.206371
      pc14 = -0.0346293
      pc15 = -0.0374159
      pc16 = -0.0818256
Constrained:
     Tecnw = 60225.1
       Tnw = 67.3773
       Tec = 416.572
     twoNb = 7.00734e+06
     twoNe = 4658.62
     twoNc = 425474
     twoNn = 327777
     twoNw = 1.31764e+06
    twoNec = 146836
    twoNnw = 152570
  twoNecnw = 13732.8
  twoNbecnw = 89100.7
        m3 = 0.151288
        m4 = 0.0317413
        m5 = 0.318934
        m6 = 0.277536
        Tc = 33.6887
        Td = 16.8443
        Te = 8.42217
        Tf = 4.21108
#       SitePat  BranchLen
              b 148597.3768745
              e 57822.6281074
              c 60489.6219794
              n 53605.8886695
              w 55795.0679815
            b:e 2647.6321195
            b:c 3269.4901448
            b:n 2166.0802121
            b:w 2394.9583053
            e:c 12374.3845494
            e:n 6866.7785390
            e:w 6000.4869802
            c:n 6039.4223275
            c:w 5549.5673371
            n:w 14853.1927207
          b:e:c 2565.2235035
          b:e:n 1335.1196029
          b:e:w 1323.0034162
          b:c:n 1323.8574971
          b:c:w 1336.0326760
          b:n:w 2563.9477786
          e:c:n 5887.5747364
          e:c:w 5054.5419736
          e:n:w 8173.2773313
          c:n:w 6753.5378929
        b:e:c:n 2395.8713783
        b:e:c:w 2166.9342930
        b:e:n:w 3241.5116027
        b:c:n:w 2648.9078444
        e:c:n:w 62120.9791154
