########################################
# legofit: estimate population history #
#       version 2.3.4-4-g53f8760       #
########################################

# Program was compiled: Sep 21 2021 14:36:42
# Program was run: Thu Sep 23 01:02:38 2021

# cmd: legofit -1 -d 0 -t 32 --ptsPerDim 3 --stateOut b1boot16.state --tol 3e-6 -S 5000 cdef2.lgo ../../boot/boot16.opf
# Stage nOptItr nSimReps
#     0    5000        0
# algorithm          : deterministic
# ignoring probs <=  : 0
# Branch length floor: 0
# DE strategy        : 2
#    F               : 0.3
#    CR              : 0.8
#    tolerance       : 3e-06
# nthreads           : 32
# lgo input file     : cdef2.lgo
# site pat input file: ../../boot/boot16.opf
# free parameters    : 16
# points in DE swarm : 48
# output state file  : b1boot16.state
# Including singleton site patterns.
# cost function      : KL
Initial parameter values
Fixed:
      zero = 0
       one = 1
    Tbecnw = 75200
Free:
       pc1 = 0
       pc2 = 0
       pc3 = 0
       pc4 = 0
       pc5 = 0
       pc6 = 0
       pc7 = 0
       pc8 = 0
       pc9 = 0
      pc10 = 0
      pc11 = 0
      pc12 = 0
      pc13 = 0
      pc14 = 0
      pc15 = 0
      pc16 = 0
Constrained:
     Tecnw = 59928.1
       Tnw = 425.937
       Tec = 830.454
     twoNb = 2.27339e+06
     twoNe = 7832.65
     twoNc = 212314
     twoNn = 352372
     twoNw = 1.29476e+06
    twoNec = 157768
    twoNnw = 147397
  twoNecnw = 14119.2
  twoNbecnw = 88504.8
        m3 = 0.163372
        m4 = 0.017518
        m5 = 0.320828
        m6 = 0.254272
        Tc = 212.969
        Td = 106.484
        Te = 53.2422
        Tf = 26.6211
DiffEv reached_goal. cost=2.05647e-03 spread=2.52179e-06
Fitted parameter values
Free:
       pc1 = 3.06101
       pc2 = 0.14073
       pc3 = 3.70075
       pc4 = 1.4716
       pc5 = 3.4771
       pc6 = 0.826688
       pc7 = 0.169271
       pc8 = 1.74398
       pc9 = 1.66297
      pc10 = 0.101751
      pc11 = -0.314676
      pc12 = 0.0526748
      pc13 = -0.111514
      pc14 = 0.00646205
      pc15 = -0.00550383
      pc16 = 0.000132065
Constrained:
     Tecnw = 60447.3
       Tnw = 34.2174
       Tec = 690.369
     twoNb = 7.35718e+06
     twoNe = 7754.55
     twoNc = 397686
     twoNn = 353940
     twoNw = 1.44963e+06
    twoNec = 147475
    twoNnw = 153177
  twoNecnw = 13499.7
  twoNbecnw = 88881.6
        m3 = 0.150131
        m4 = 0.0302896
        m5 = 0.320906
        m6 = 0.276244
        Tc = 17.1087
        Td = 8.55436
        Te = 4.27718
        Tf = 2.13859
#       SitePat  BranchLen
              b 148473.6753675
              e 57901.9320266
              c 60614.6269440
              n 53674.0639513
              w 55845.4543105
            b:e 2632.9237200
            b:c 3241.6324066
            b:n 2154.6729532
            b:w 2380.6077526
            e:c 12296.3024403
            e:n 6859.5667307
            e:w 5994.7464599
            c:n 6003.7903160
            c:w 5519.0035791
            n:w 14827.7102049
          b:e:c 2551.5870846
          b:e:n 1328.2208180
          b:e:w 1316.6720328
          b:c:n 1317.4459955
          b:c:w 1329.0477295
          b:n:w 2550.4314162
          e:c:n 5846.1694490
          e:c:w 5024.3860974
          e:n:w 8121.1852424
          c:n:w 6711.8025521
        b:e:c:n 2381.4346642
        b:e:c:w 2155.4469160
        b:e:n:w 3216.1818811
        b:c:n:w 2634.0793885
        e:c:n:w 62037.3045635
