########################################
# legofit: estimate population history #
#       version 2.3.4-4-g53f8760       #
########################################

# Program was compiled: Sep 21 2021 14:36:42
# Program was run: Thu Sep 23 01:03:19 2021

# cmd: legofit -1 -d 0 -t 32 --ptsPerDim 3 --stateOut b1boot48.state --tol 3e-6 -S 5000 cdef2.lgo ../../boot/boot48.opf
# Stage nOptItr nSimReps
#     0    5000        0
# algorithm          : deterministic
# ignoring probs <=  : 0
# Branch length floor: 0
# DE strategy        : 2
#    F               : 0.3
#    CR              : 0.8
#    tolerance       : 3e-06
# nthreads           : 32
# lgo input file     : cdef2.lgo
# site pat input file: ../../boot/boot48.opf
# free parameters    : 16
# points in DE swarm : 48
# output state file  : b1boot48.state
# Including singleton site patterns.
# cost function      : KL
Initial parameter values
Fixed:
      zero = 0
       one = 1
    Tbecnw = 75200
Free:
       pc1 = 0
       pc2 = 0
       pc3 = 0
       pc4 = 0
       pc5 = 0
       pc6 = 0
       pc7 = 0
       pc8 = 0
       pc9 = 0
      pc10 = 0
      pc11 = 0
      pc12 = 0
      pc13 = 0
      pc14 = 0
      pc15 = 0
      pc16 = 0
Constrained:
     Tecnw = 59928.1
       Tnw = 425.937
       Tec = 830.454
     twoNb = 2.27339e+06
     twoNe = 7832.65
     twoNc = 212314
     twoNn = 352372
     twoNw = 1.29476e+06
    twoNec = 157768
    twoNnw = 147397
  twoNecnw = 14119.2
  twoNbecnw = 88504.8
        m3 = 0.163372
        m4 = 0.017518
        m5 = 0.320828
        m6 = 0.254272
        Tc = 212.969
        Td = 106.484
        Te = 53.2422
        Tf = 26.6211
DiffEv reached_goal. cost=2.12466e-03 spread=2.90212e-06
Fitted parameter values
Free:
       pc1 = 3.23831
       pc2 = 0.817777
       pc3 = 3.76741
       pc4 = 1.12324
       pc5 = 3.46327
       pc6 = 1.12315
       pc7 = 0.81716
       pc8 = 1.57995
       pc9 = 1.87787
      pc10 = 0.0944283
      pc11 = 0.00758167
      pc12 = 0.24541
      pc13 = -0.0991795
      pc14 = 0.0444688
      pc15 = -0.0129939
      pc16 = -0.0410035
Constrained:
     Tecnw = 60705.6
       Tnw = 6.1215
       Tec = 442.812
     twoNb = 7.71507e+06
     twoNe = 5231.32
     twoNc = 314606
     twoNn = 401897
     twoNw = 1.55867e+06
    twoNec = 148083
    twoNnw = 153636
  twoNecnw = 13321.5
  twoNbecnw = 89099.2
        m3 = 0.152547
        m4 = 0.0297459
        m5 = 0.322987
        m6 = 0.274205
        Tc = 3.06075
        Td = 1.53038
        Te = 0.765188
        Tf = 0.382594
#       SitePat  BranchLen
              b 148593.8648996
              e 57972.8765322
              c 60759.7669238
              n 53825.1845591
              w 56038.7115821
            b:e 2643.3206020
            b:c 3256.0176882
            b:n 2170.0923012
            b:w 2401.4397066
            e:c 12358.0728306
            e:n 6892.6314880
            e:w 6034.9795632
            c:n 6032.1957118
            c:w 5515.2832842
            n:w 14844.5178071
          b:e:c 2568.1736948
          b:e:n 1336.6773792
          b:e:w 1328.0619882
          b:c:n 1328.7946851
          b:c:w 1337.4603368
          b:n:w 2567.0823634
          e:c:n 5875.8905171
          e:c:w 5036.9278464
          e:n:w 8134.2615496
          c:n:w 6700.9586944
        b:e:c:n 2402.2226643
        b:e:c:w 2170.8249981
        b:e:n:w 3232.0801555
        b:c:n:w 2644.4119334
        e:c:n:w 61993.5235874
