########################################
# legofit: estimate population history #
#       version 2.3.4-4-g53f8760       #
########################################

# Program was compiled: Sep 21 2021 14:36:42
# Program was run: Thu Sep 23 01:03:19 2021

# cmd: legofit -1 -d 0 -t 32 --ptsPerDim 3 --stateOut b1boot49.state --tol 3e-6 -S 5000 cdef2.lgo ../../boot/boot49.opf
# Stage nOptItr nSimReps
#     0    5000        0
# algorithm          : deterministic
# ignoring probs <=  : 0
# Branch length floor: 0
# DE strategy        : 2
#    F               : 0.3
#    CR              : 0.8
#    tolerance       : 3e-06
# nthreads           : 32
# lgo input file     : cdef2.lgo
# site pat input file: ../../boot/boot49.opf
# free parameters    : 16
# points in DE swarm : 48
# output state file  : b1boot49.state
# Including singleton site patterns.
# cost function      : KL
Initial parameter values
Fixed:
      zero = 0
       one = 1
    Tbecnw = 75200
Free:
       pc1 = 0
       pc2 = 0
       pc3 = 0
       pc4 = 0
       pc5 = 0
       pc6 = 0
       pc7 = 0
       pc8 = 0
       pc9 = 0
      pc10 = 0
      pc11 = 0
      pc12 = 0
      pc13 = 0
      pc14 = 0
      pc15 = 0
      pc16 = 0
Constrained:
     Tecnw = 59928.1
       Tnw = 425.937
       Tec = 830.454
     twoNb = 2.27339e+06
     twoNe = 7832.65
     twoNc = 212314
     twoNn = 352372
     twoNw = 1.29476e+06
    twoNec = 157768
    twoNnw = 147397
  twoNecnw = 14119.2
  twoNbecnw = 88504.8
        m3 = 0.163372
        m4 = 0.017518
        m5 = 0.320828
        m6 = 0.254272
        Tc = 212.969
        Td = 106.484
        Te = 53.2422
        Tf = 26.6211
DiffEv reached_goal. cost=2.12508e-03 spread=2.69985e-06
Fitted parameter values
Free:
       pc1 = 3.21914
       pc2 = 0.840157
       pc3 = 3.75319
       pc4 = 1.5556
       pc5 = 3.4594
       pc6 = 0.993566
       pc7 = -0.46011
       pc8 = 1.77357
       pc9 = 1.82656
      pc10 = -0.0694689
      pc11 = -0.223634
      pc12 = 0.380973
      pc13 = 0.00647931
      pc14 = -0.142021
      pc15 = -0.0205963
      pc16 = -0.0184648
Constrained:
     Tecnw = 60405.4
       Tnw = 30.3982
       Tec = 463.649
     twoNb = 7.06844e+06
     twoNe = 4967.98
     twoNc = 393809
     twoNn = 276874
     twoNw = 1.2664e+06
    twoNec = 147061
    twoNnw = 155262
  twoNecnw = 13564.9
  twoNbecnw = 88939.2
        m3 = 0.149414
        m4 = 0.0309982
        m5 = 0.321751
        m6 = 0.278269
        Tc = 15.1991
        Td = 7.59956
        Te = 3.79978
        Tf = 1.89989
#       SitePat  BranchLen
              b 148462.8842514
              e 57902.5357372
              c 60615.1252448
              n 53800.3771379
              w 56004.2921047
            b:e 2637.5678630
            b:c 3252.9122751
            b:n 2169.7343118
            b:w 2397.9679222
            e:c 12324.8369163
            e:n 6892.6814693
            e:w 6001.6563819
            c:n 6022.9496122
            c:w 5540.6760229
            n:w 14752.3081036
          b:e:c 2554.4450361
          b:e:n 1337.6424888
          b:e:w 1324.3745254
          b:c:n 1325.2018837
          b:c:w 1338.5270315
          b:n:w 2553.2159277
          e:c:n 5883.9598037
          e:c:w 5053.3435135
          e:n:w 8118.5855784
          c:n:w 6706.7376952
        b:e:c:n 2398.8524649
        b:e:c:w 2170.5616702
        b:e:n:w 3225.8826929
        b:c:n:w 2638.7969714
        e:c:n:w 61961.6411746
