########################################
# legofit: estimate population history #
#       version 2.3.4-4-g53f8760       #
########################################

# Program was compiled: Sep 21 2021 14:36:42
# Program was run: Thu Sep 23 01:02:33 2021

# cmd: legofit -1 -d 0 -t 32 --ptsPerDim 3 --stateOut b1boot6.state --tol 3e-6 -S 5000 cdef2.lgo ../../boot/boot6.opf
# Stage nOptItr nSimReps
#     0    5000        0
# algorithm          : deterministic
# ignoring probs <=  : 0
# Branch length floor: 0
# DE strategy        : 2
#    F               : 0.3
#    CR              : 0.8
#    tolerance       : 3e-06
# nthreads           : 32
# lgo input file     : cdef2.lgo
# site pat input file: ../../boot/boot6.opf
# free parameters    : 16
# points in DE swarm : 48
# output state file  : b1boot6.state
# Including singleton site patterns.
# cost function      : KL
Initial parameter values
Fixed:
      zero = 0
       one = 1
    Tbecnw = 75200
Free:
       pc1 = 0
       pc2 = 0
       pc3 = 0
       pc4 = 0
       pc5 = 0
       pc6 = 0
       pc7 = 0
       pc8 = 0
       pc9 = 0
      pc10 = 0
      pc11 = 0
      pc12 = 0
      pc13 = 0
      pc14 = 0
      pc15 = 0
      pc16 = 0
Constrained:
     Tecnw = 59928.1
       Tnw = 425.937
       Tec = 830.454
     twoNb = 2.27339e+06
     twoNe = 7832.65
     twoNc = 212314
     twoNn = 352372
     twoNw = 1.29476e+06
    twoNec = 157768
    twoNnw = 147397
  twoNecnw = 14119.2
  twoNbecnw = 88504.8
        m3 = 0.163372
        m4 = 0.017518
        m5 = 0.320828
        m6 = 0.254272
        Tc = 212.969
        Td = 106.484
        Te = 53.2422
        Tf = 26.6211
DiffEv reached_goal. cost=2.09420e-03 spread=2.91108e-06
Fitted parameter values
Free:
       pc1 = 2.97338
       pc2 = 0.317132
       pc3 = 3.88901
       pc4 = 1.57237
       pc5 = 3.9073
       pc6 = 0.562464
       pc7 = -0.38312
       pc8 = 0.769502
       pc9 = 1.80414
      pc10 = 0.455319
      pc11 = -0.143136
      pc12 = 0.21479
      pc13 = 0.0384921
      pc14 = -0.255131
      pc15 = -0.0138091
      pc16 = 0.0224186
Constrained:
     Tecnw = 60469
       Tnw = 22.2384
       Tec = 473.95
     twoNb = 6.71174e+06
     twoNe = 5741.11
     twoNc = 529586
     twoNn = 345397
     twoNw = 1.66995e+06
    twoNec = 147052
    twoNnw = 153740
  twoNecnw = 13462.7
  twoNbecnw = 88830.1
        m3 = 0.155873
        m4 = 0.0319517
        m5 = 0.319597
        m6 = 0.27861
        Tc = 11.1192
        Td = 5.55961
        Te = 2.7798
        Tf = 1.3899
#       SitePat  BranchLen
              b 148424.5520901
              e 57878.1138865
              c 60535.1157835
              n 53715.1754044
              w 55957.4638286
            b:e 2626.1198297
            b:c 3248.3054121
            b:n 2153.9086952
            b:w 2387.5500700
            e:c 12285.2142299
            e:n 6878.1369186
            e:w 5992.3817278
            c:n 6049.9364969
            c:w 5544.3722344
            n:w 14721.0723823
          b:e:c 2537.9682275
          b:e:n 1330.9640727
          b:e:w 1318.8579232
          b:c:n 1319.7499378
          b:c:w 1331.9192100
          b:n:w 2536.6421208
          e:c:n 5873.9438519
          e:c:w 5022.9748809
          e:n:w 8105.7762200
          c:n:w 6692.5004416
        b:e:c:n 2388.5052073
        b:e:c:w 2154.8007098
        b:e:n:w 3218.9948743
        b:c:n:w 2627.4459365
        e:c:n:w 61993.5317569
