########################################
# legofit: estimate population history #
#       version 2.3.4-4-g53f8760       #
########################################

# Program was compiled: Sep 21 2021 14:36:42
# Program was run: Thu Sep 23 01:02:45 2021

# cmd: legofit -1 -d 0 -t 32 --ptsPerDim 3 --stateOut b1boot19.state --tol 3e-6 -S 5000 cdef2.lgo ../../boot/boot19.opf
# Stage nOptItr nSimReps
#     0    5000        0
# algorithm          : deterministic
# ignoring probs <=  : 0
# Branch length floor: 0
# DE strategy        : 2
#    F               : 0.3
#    CR              : 0.8
#    tolerance       : 3e-06
# nthreads           : 32
# lgo input file     : cdef2.lgo
# site pat input file: ../../boot/boot19.opf
# free parameters    : 16
# points in DE swarm : 48
# output state file  : b1boot19.state
# Including singleton site patterns.
# cost function      : KL
Initial parameter values
Fixed:
      zero = 0
       one = 1
    Tbecnw = 75200
Free:
       pc1 = 0
       pc2 = 0
       pc3 = 0
       pc4 = 0
       pc5 = 0
       pc6 = 0
       pc7 = 0
       pc8 = 0
       pc9 = 0
      pc10 = 0
      pc11 = 0
      pc12 = 0
      pc13 = 0
      pc14 = 0
      pc15 = 0
      pc16 = 0
Constrained:
     Tecnw = 59928.1
       Tnw = 425.937
       Tec = 830.454
     twoNb = 2.27339e+06
     twoNe = 7832.65
     twoNc = 212314
     twoNn = 352372
     twoNw = 1.29476e+06
    twoNec = 157768
    twoNnw = 147397
  twoNecnw = 14119.2
  twoNbecnw = 88504.8
        m3 = 0.163372
        m4 = 0.017518
        m5 = 0.320828
        m6 = 0.254272
        Tc = 212.969
        Td = 106.484
        Te = 53.2422
        Tf = 26.6211
DiffEv reached_goal. cost=2.10205e-03 spread=2.82248e-06
Fitted parameter values
Free:
       pc1 = 0.827355
       pc2 = 0.38064
       pc3 = 3.83945
       pc4 = 1.56122
       pc5 = 3.93486
       pc6 = 1.00197
       pc7 = 0.497322
       pc8 = 1.18477
       pc9 = 1.43791
      pc10 = 0.0387491
      pc11 = -0.0907129
      pc12 = 0.0460344
      pc13 = 0.10107
      pc14 = 0.162307
      pc15 = 0.0686404
      pc16 = -0.0287865
Constrained:
     Tecnw = 59848.9
       Tnw = 13.0147
       Tec = 356.398
     twoNb = 7.63711e+06
     twoNe = 4876.42
     twoNc = 431133
     twoNn = 429440
     twoNw = 1.69396e+06
    twoNec = 150764
    twoNnw = 151401
  twoNecnw = 14006.3
  twoNbecnw = 88601.5
        m3 = 0.159509
        m4 = 0.0305227
        m5 = 0.311131
        m6 = 0.267268
        Tc = 6.50735
        Td = 3.25368
        Te = 1.62684
        Tf = 0.813419
#       SitePat  BranchLen
              b 148244.5888755
              e 57709.7416796
              c 60372.3805349
              n 53484.7533658
              w 55735.9771216
            b:e 2620.4316635
            b:c 3230.4708502
            b:n 2144.9057194
            b:w 2380.6667836
            e:c 12319.2099323
            e:n 6808.0140804
            e:w 5953.3051462
            c:n 6011.2796586
            c:w 5473.7669201
            n:w 14813.3610231
          b:e:c 2544.1050092
          b:e:n 1321.6349958
          b:e:w 1313.1486702
          b:c:n 1313.9065992
          b:c:w 1322.4464584
          b:n:w 2542.9733051
          e:c:n 5886.7687599
          e:c:w 5027.7666767
          e:n:w 8114.6632783
          c:n:w 6700.6293874
        b:e:c:n 2381.4782462
        b:e:c:w 2145.6636484
        b:e:n:w 3205.5042625
        b:c:n:w 2621.5633676
        e:c:n:w 61982.0524055
