########################################
# legofit: estimate population history #
#       version 2.3.4-4-g53f8760       #
########################################

# Program was compiled: Sep 21 2021 14:36:42
# Program was run: Thu Sep 23 01:02:58 2021

# cmd: legofit -1 -d 0 -t 32 --ptsPerDim 3 --stateOut b1boot33.state --tol 3e-6 -S 5000 cdef2.lgo ../../boot/boot33.opf
# Stage nOptItr nSimReps
#     0    5000        0
# algorithm          : deterministic
# ignoring probs <=  : 0
# Branch length floor: 0
# DE strategy        : 2
#    F               : 0.3
#    CR              : 0.8
#    tolerance       : 3e-06
# nthreads           : 32
# lgo input file     : cdef2.lgo
# site pat input file: ../../boot/boot33.opf
# free parameters    : 16
# points in DE swarm : 48
# output state file  : b1boot33.state
# Including singleton site patterns.
# cost function      : KL
Initial parameter values
Fixed:
      zero = 0
       one = 1
    Tbecnw = 75200
Free:
       pc1 = 0
       pc2 = 0
       pc3 = 0
       pc4 = 0
       pc5 = 0
       pc6 = 0
       pc7 = 0
       pc8 = 0
       pc9 = 0
      pc10 = 0
      pc11 = 0
      pc12 = 0
      pc13 = 0
      pc14 = 0
      pc15 = 0
      pc16 = 0
Constrained:
     Tecnw = 59928.1
       Tnw = 425.937
       Tec = 830.454
     twoNb = 2.27339e+06
     twoNe = 7832.65
     twoNc = 212314
     twoNn = 352372
     twoNw = 1.29476e+06
    twoNec = 157768
    twoNnw = 147397
  twoNecnw = 14119.2
  twoNbecnw = 88504.8
        m3 = 0.163372
        m4 = 0.017518
        m5 = 0.320828
        m6 = 0.254272
        Tc = 212.969
        Td = 106.484
        Te = 53.2422
        Tf = 26.6211
DiffEv reached_goal. cost=2.08934e-03 spread=1.90258e-06
Fitted parameter values
Free:
       pc1 = 2.48154
       pc2 = 0.306227
       pc3 = 3.95339
       pc4 = 1.82075
       pc5 = 3.11654
       pc6 = 1.82599
       pc7 = -0.420667
       pc8 = 1.99182
       pc9 = 1.89862
      pc10 = 0.273898
      pc11 = -0.233866
      pc12 = -0.12083
      pc13 = 0.0415201
      pc14 = -0.0832528
      pc15 = 0.0470998
      pc16 = 0.0550449
Constrained:
     Tecnw = 60045.3
       Tnw = 66.1131
       Tec = 449.76
     twoNb = 7.33491e+06
     twoNe = 5175.04
     twoNc = 302217
     twoNn = 370721
     twoNw = 1.37302e+06
    twoNec = 146127
    twoNnw = 153101
  twoNecnw = 13781.6
  twoNbecnw = 88371.9
        m3 = 0.147781
        m4 = 0.0314617
        m5 = 0.320787
        m6 = 0.278581
        Tc = 33.0565
        Td = 16.5283
        Te = 8.26413
        Tf = 4.13207
#       SitePat  BranchLen
              b 148132.5657883
              e 57644.5060664
              c 60286.0799151
              n 53480.6967983
              w 55596.2370838
            b:e 2602.9810293
            b:c 3215.3425316
            b:n 2132.9726828
            b:w 2351.8619429
            e:c 12286.5913784
            e:n 6791.7385686
            e:w 5961.2657048
            c:n 5986.2408826
            c:w 5504.8207842
            n:w 14749.6561205
          b:e:c 2521.5263728
          b:e:n 1311.8145543
          b:e:w 1301.1643931
          b:c:n 1301.9594385
          b:c:w 1312.6627409
          b:n:w 2520.3402603
          e:c:n 5815.0029420
          e:c:w 5011.3556187
          e:n:w 8095.9264621
          c:n:w 6687.1249669
        b:e:c:n 2352.7101295
        b:e:c:w 2133.7677281
        b:e:n:w 3189.0016229
        b:c:n:w 2604.1671418
        e:c:n:w 61965.4857859
