########################################
# legofit: estimate population history #
#       version 2.3.4-4-g53f8760       #
########################################

# Program was compiled: Sep 21 2021 14:36:42
# Program was run: Thu Sep 23 01:02:28 2021

# cmd: legofit -1 -d 0 -t 32 --ptsPerDim 3 --stateOut b1boot5.state --tol 3e-6 -S 5000 cdef2.lgo ../../boot/boot5.opf
# Stage nOptItr nSimReps
#     0    5000        0
# algorithm          : deterministic
# ignoring probs <=  : 0
# Branch length floor: 0
# DE strategy        : 2
#    F               : 0.3
#    CR              : 0.8
#    tolerance       : 3e-06
# nthreads           : 32
# lgo input file     : cdef2.lgo
# site pat input file: ../../boot/boot5.opf
# free parameters    : 16
# points in DE swarm : 48
# output state file  : b1boot5.state
# Including singleton site patterns.
# cost function      : KL
Initial parameter values
Fixed:
      zero = 0
       one = 1
    Tbecnw = 75200
Free:
       pc1 = 0
       pc2 = 0
       pc3 = 0
       pc4 = 0
       pc5 = 0
       pc6 = 0
       pc7 = 0
       pc8 = 0
       pc9 = 0
      pc10 = 0
      pc11 = 0
      pc12 = 0
      pc13 = 0
      pc14 = 0
      pc15 = 0
      pc16 = 0
Constrained:
     Tecnw = 59928.1
       Tnw = 425.937
       Tec = 830.454
     twoNb = 2.27339e+06
     twoNe = 7832.65
     twoNc = 212314
     twoNn = 352372
     twoNw = 1.29476e+06
    twoNec = 157768
    twoNnw = 147397
  twoNecnw = 14119.2
  twoNbecnw = 88504.8
        m3 = 0.163372
        m4 = 0.017518
        m5 = 0.320828
        m6 = 0.254272
        Tc = 212.969
        Td = 106.484
        Te = 53.2422
        Tf = 26.6211
DiffEv reached_goal. cost=2.11293e-03 spread=2.69595e-06
Fitted parameter values
Free:
       pc1 = 1.69929
       pc2 = 0.661689
       pc3 = 3.82352
       pc4 = 1.68053
       pc5 = 3.81761
       pc6 = 1.66365
       pc7 = -0.0505489
       pc8 = 1.23131
       pc9 = 1.15954
      pc10 = 0.182659
      pc11 = -0.444845
      pc12 = -0.144271
      pc13 = -0.082814
      pc14 = -0.126374
      pc15 = 0.0126454
      pc16 = 0.00315912
Constrained:
     Tecnw = 59958.2
       Tnw = 55.5721
       Tec = 301.18
     twoNb = 7.42537e+06
     twoNe = 3165.64
     twoNc = 436115
     twoNn = 561813
     twoNw = 1.53755e+06
    twoNec = 150832
    twoNnw = 152185
  twoNecnw = 13922.8
  twoNbecnw = 88501.1
        m3 = 0.151524
        m4 = 0.0303616
        m5 = 0.316624
        m6 = 0.274747
        Tc = 27.7861
        Td = 13.893
        Te = 6.94652
        Tf = 3.47326
#       SitePat  BranchLen
              b 148162.4294323
              e 57763.1890269
              c 60419.0779724
              n 53463.4746605
              w 55634.3643562
            b:e 2628.5291344
            b:c 3229.3474239
            b:n 2142.9484207
            b:w 2366.1864653
            e:c 12238.0872729
            e:n 6847.1899673
            e:w 5966.7144617
            c:n 5996.0741055
            c:w 5520.6705937
            n:w 14798.2712166
          b:e:c 2534.5620470
          b:e:n 1324.4719271
          b:e:w 1311.0697213
          b:c:n 1311.8361259
          b:c:w 1325.2908392
          b:n:w 2533.4166741
          e:c:n 5840.1057833
          e:c:w 5025.0951051
          e:n:w 8121.9817313
          c:n:w 6735.2658841
        b:e:c:n 2367.0053774
        b:e:c:w 2143.7148253
        b:e:n:w 3204.0914821
        b:c:n:w 2629.6745073
        e:c:n:w 61898.7665401
