########################################
# legofit: estimate population history #
#       version 2.3.4-4-g53f8760       #
########################################

# Program was compiled: Sep 21 2021 14:36:42
# Program was run: Thu Sep 23 01:03:19 2021

# cmd: legofit -1 -d 0 -t 32 --ptsPerDim 3 --stateOut b1boot47.state --tol 3e-6 -S 5000 cdef2.lgo ../../boot/boot47.opf
# Stage nOptItr nSimReps
#     0    5000        0
# algorithm          : deterministic
# ignoring probs <=  : 0
# Branch length floor: 0
# DE strategy        : 2
#    F               : 0.3
#    CR              : 0.8
#    tolerance       : 3e-06
# nthreads           : 32
# lgo input file     : cdef2.lgo
# site pat input file: ../../boot/boot47.opf
# free parameters    : 16
# points in DE swarm : 48
# output state file  : b1boot47.state
# Including singleton site patterns.
# cost function      : KL
Initial parameter values
Fixed:
      zero = 0
       one = 1
    Tbecnw = 75200
Free:
       pc1 = 0
       pc2 = 0
       pc3 = 0
       pc4 = 0
       pc5 = 0
       pc6 = 0
       pc7 = 0
       pc8 = 0
       pc9 = 0
      pc10 = 0
      pc11 = 0
      pc12 = 0
      pc13 = 0
      pc14 = 0
      pc15 = 0
      pc16 = 0
Constrained:
     Tecnw = 59928.1
       Tnw = 425.937
       Tec = 830.454
     twoNb = 2.27339e+06
     twoNe = 7832.65
     twoNc = 212314
     twoNn = 352372
     twoNw = 1.29476e+06
    twoNec = 157768
    twoNnw = 147397
  twoNecnw = 14119.2
  twoNbecnw = 88504.8
        m3 = 0.163372
        m4 = 0.017518
        m5 = 0.320828
        m6 = 0.254272
        Tc = 212.969
        Td = 106.484
        Te = 53.2422
        Tf = 26.6211
DiffEv reached_goal. cost=2.11897e-03 spread=2.98823e-06
Fitted parameter values
Free:
       pc1 = 2.84509
       pc2 = 0.370501
       pc3 = 3.80154
       pc4 = 1.79715
       pc5 = 3.65271
       pc6 = 1.18617
       pc7 = -0.285132
       pc8 = 1.92066
       pc9 = 0.892781
      pc10 = 0.00986652
      pc11 = -0.340201
      pc12 = -0.012914
      pc13 = -0.116938
      pc14 = -0.169873
      pc15 = 0.0180498
      pc16 = -0.0129709
Constrained:
     Tecnw = 60166.2
       Tnw = 16.4567
       Tec = 566.838
     twoNb = 7.4286e+06
     twoNe = 6890.62
     twoNc = 462249
     twoNn = 541188
     twoNw = 1.22499e+06
    twoNec = 148264
    twoNnw = 153771
  twoNecnw = 13777.2
  twoNbecnw = 88728.5
        m3 = 0.147328
        m4 = 0.0300259
        m5 = 0.322481
        m6 = 0.277046
        Tc = 8.22835
        Td = 4.11418
        Te = 2.05709
        Tf = 1.02854
#       SitePat  BranchLen
              b 148311.8621294
              e 57865.7270769
              c 60539.3700218
              n 53652.7806523
              w 55738.1710568
            b:e 2637.7287015
            b:c 3239.9344799
            b:n 2160.5748731
            b:w 2378.2494919
            e:c 12273.8181063
            e:n 6825.6107157
            e:w 6012.7289680
            c:n 6009.2732623
            c:w 5528.2559194
            n:w 14806.0045434
          b:e:c 2548.6414207
          b:e:n 1329.6338070
          b:e:w 1320.3445734
          b:c:n 1321.1057513
          b:c:w 1330.4446154
          b:n:w 2547.5075572
          e:c:n 5842.3966570
          e:c:w 5050.9053431
          e:n:w 8135.5853103
          c:n:w 6735.1210363
        b:e:c:n 2379.0603004
        b:e:c:w 2161.3360510
        b:e:n:w 3215.0084985
        b:c:n:w 2638.8625649
        e:c:n:w 61921.7692859
