########################################
# legofit: estimate population history #
#       version 2.3.4-4-g53f8760       #
########################################

# Program was compiled: Sep 21 2021 14:36:42
# Program was run: Thu Sep 23 01:02:53 2021

# cmd: legofit -1 -d 0 -t 32 --ptsPerDim 3 --stateOut b1boot28.state --tol 3e-6 -S 5000 cdef2.lgo ../../boot/boot28.opf
# Stage nOptItr nSimReps
#     0    5000        0
# algorithm          : deterministic
# ignoring probs <=  : 0
# Branch length floor: 0
# DE strategy        : 2
#    F               : 0.3
#    CR              : 0.8
#    tolerance       : 3e-06
# nthreads           : 32
# lgo input file     : cdef2.lgo
# site pat input file: ../../boot/boot28.opf
# free parameters    : 16
# points in DE swarm : 48
# output state file  : b1boot28.state
# Including singleton site patterns.
# cost function      : KL
Initial parameter values
Fixed:
      zero = 0
       one = 1
    Tbecnw = 75200
Free:
       pc1 = 0
       pc2 = 0
       pc3 = 0
       pc4 = 0
       pc5 = 0
       pc6 = 0
       pc7 = 0
       pc8 = 0
       pc9 = 0
      pc10 = 0
      pc11 = 0
      pc12 = 0
      pc13 = 0
      pc14 = 0
      pc15 = 0
      pc16 = 0
Constrained:
     Tecnw = 59928.1
       Tnw = 425.937
       Tec = 830.454
     twoNb = 2.27339e+06
     twoNe = 7832.65
     twoNc = 212314
     twoNn = 352372
     twoNw = 1.29476e+06
    twoNec = 157768
    twoNnw = 147397
  twoNecnw = 14119.2
  twoNbecnw = 88504.8
        m3 = 0.163372
        m4 = 0.017518
        m5 = 0.320828
        m6 = 0.254272
        Tc = 212.969
        Td = 106.484
        Te = 53.2422
        Tf = 26.6211
DiffEv reached_goal. cost=2.09454e-03 spread=2.73279e-06
Fitted parameter values
Free:
       pc1 = 1.62657
       pc2 = 0.323474
       pc3 = 3.60485
       pc4 = 1.79862
       pc5 = 3.88902
       pc6 = 1.01179
       pc7 = -0.137565
       pc8 = 1.57702
       pc9 = 1.11071
      pc10 = 0.292246
      pc11 = -0.0445524
      pc12 = 0.194705
      pc13 = -0.111708
      pc14 = -0.188196
      pc15 = -0.0612981
      pc16 = -0.106026
Constrained:
     Tecnw = 60011
       Tnw = 34.5028
       Tec = 480.695
     twoNb = 7.39088e+06
     twoNe = 5644.28
     twoNc = 492758
     twoNn = 415850
     twoNw = 1.44023e+06
    twoNec = 149892
    twoNnw = 152950
  twoNecnw = 13994.3
  twoNbecnw = 88447.9
        m3 = 0.155446
        m4 = 0.0302685
        m5 = 0.319
        m6 = 0.271205
        Tc = 17.2514
        Td = 8.6257
        Te = 4.31285
        Tf = 2.15643
#       SitePat  BranchLen
              b 147971.3610540
              e 57797.1651862
              c 60573.1914131
              n 53626.1291520
              w 55847.1974133
            b:e 2638.6916352
            b:c 3253.9502967
            b:n 2166.0057620
            b:w 2397.7441676
            e:c 12282.1892152
            e:n 6890.4007746
            e:w 6026.4133673
            c:n 6032.5587534
            c:w 5516.9838125
            n:w 14787.2343400
          b:e:c 2553.5955374
          b:e:n 1337.1671020
          b:e:w 1327.7935824
          b:c:n 1328.5738715
          b:c:w 1338.0012399
          b:n:w 2552.4361748
          e:c:n 5899.9078362
          e:c:w 5058.4019231
          e:n:w 8155.1600455
          c:n:w 6718.2474464
        b:e:c:n 2398.5783055
        b:e:c:w 2166.7860511
        b:e:n:w 3228.5661381
        b:c:n:w 2639.8509978
        e:c:n:w 61538.2852162
