########################################
# legofit: estimate population history #
#       version 2.3.4-4-g53f8760       #
########################################

# Program was compiled: Sep 21 2021 14:36:42
# Program was run: Thu Sep 23 01:02:28 2021

# cmd: legofit -1 -d 0 -t 32 --ptsPerDim 3 --stateOut b1boot2.state --tol 3e-6 -S 5000 cdef2.lgo ../../boot/boot2.opf
# Stage nOptItr nSimReps
#     0    5000        0
# algorithm          : deterministic
# ignoring probs <=  : 0
# Branch length floor: 0
# DE strategy        : 2
#    F               : 0.3
#    CR              : 0.8
#    tolerance       : 3e-06
# nthreads           : 32
# lgo input file     : cdef2.lgo
# site pat input file: ../../boot/boot2.opf
# free parameters    : 16
# points in DE swarm : 48
# output state file  : b1boot2.state
# Including singleton site patterns.
# cost function      : KL
Initial parameter values
Fixed:
      zero = 0
       one = 1
    Tbecnw = 75200
Free:
       pc1 = 0
       pc2 = 0
       pc3 = 0
       pc4 = 0
       pc5 = 0
       pc6 = 0
       pc7 = 0
       pc8 = 0
       pc9 = 0
      pc10 = 0
      pc11 = 0
      pc12 = 0
      pc13 = 0
      pc14 = 0
      pc15 = 0
      pc16 = 0
Constrained:
     Tecnw = 59928.1
       Tnw = 425.937
       Tec = 830.454
     twoNb = 2.27339e+06
     twoNe = 7832.65
     twoNc = 212314
     twoNn = 352372
     twoNw = 1.29476e+06
    twoNec = 157768
    twoNnw = 147397
  twoNecnw = 14119.2
  twoNbecnw = 88504.8
        m3 = 0.163372
        m4 = 0.017518
        m5 = 0.320828
        m6 = 0.254272
        Tc = 212.969
        Td = 106.484
        Te = 53.2422
        Tf = 26.6211
DiffEv reached_goal. cost=2.12759e-03 spread=2.94955e-06
Fitted parameter values
Free:
       pc1 = 1.89595
       pc2 = 0.541637
       pc3 = 3.19039
       pc4 = 1.59971
       pc5 = 3.68486
       pc6 = 0.864223
       pc7 = -0.558266
       pc8 = 1.74017
       pc9 = 1.90882
      pc10 = 0.475006
      pc11 = -0.554748
      pc12 = 0.199905
      pc13 = -0.0191311
      pc14 = -0.125996
      pc15 = 0.0787458
      pc16 = -0.0815424
Constrained:
     Tecnw = 60177.1
       Tnw = 60.9589
       Tec = 462.955
     twoNb = 6.98158e+06
     twoNe = 5001.54
     twoNc = 450722
     twoNn = 77908.6
     twoNw = 1.35974e+06
    twoNec = 149847
    twoNnw = 153190
  twoNecnw = 13789
  twoNbecnw = 88391.5
        m3 = 0.152559
        m4 = 0.0296874
        m5 = 0.315885
        m6 = 0.27508
        Tc = 30.4794
        Td = 15.2397
        Te = 7.61986
        Tf = 3.80993
#       SitePat  BranchLen
              b 148002.3222584
              e 57894.0676534
              c 60494.6762776
              n 53643.5917196
              w 55852.0624901
            b:e 2635.2688778
            b:c 3222.7255493
            b:n 2154.2914924
            b:w 2382.7064714
            e:c 12281.6692620
            e:n 6856.7507111
            e:w 5961.3741573
            c:n 6009.7095480
            c:w 5528.0831356
            n:w 14790.0348274
          b:e:c 2546.0525405
          b:e:n 1330.1805633
          b:e:w 1316.2544023
          b:c:n 1317.0546040
          b:c:w 1331.0366415
          b:n:w 2544.8581616
          e:c:n 5863.4167962
          e:c:w 5031.9489918
          e:n:w 8075.0572868
          c:n:w 6725.7239695
        b:e:c:n 2383.5625496
        b:e:c:w 2155.0916941
        b:e:n:w 3196.5193303
        b:c:n:w 2636.4632567
        e:c:n:w 61627.1735767
