########################################
# legofit: estimate population history #
#       version 2.3.4-4-g53f8760       #
########################################

# Program was compiled: Sep 21 2021 14:36:42
# Program was run: Thu Sep 23 01:02:33 2021

# cmd: legofit -1 -d 0 -t 32 --ptsPerDim 3 --stateOut b1boot7.state --tol 3e-6 -S 5000 cdef2.lgo ../../boot/boot7.opf
# Stage nOptItr nSimReps
#     0    5000        0
# algorithm          : deterministic
# ignoring probs <=  : 0
# Branch length floor: 0
# DE strategy        : 2
#    F               : 0.3
#    CR              : 0.8
#    tolerance       : 3e-06
# nthreads           : 32
# lgo input file     : cdef2.lgo
# site pat input file: ../../boot/boot7.opf
# free parameters    : 16
# points in DE swarm : 48
# output state file  : b1boot7.state
# Including singleton site patterns.
# cost function      : KL
Initial parameter values
Fixed:
      zero = 0
       one = 1
    Tbecnw = 75200
Free:
       pc1 = 0
       pc2 = 0
       pc3 = 0
       pc4 = 0
       pc5 = 0
       pc6 = 0
       pc7 = 0
       pc8 = 0
       pc9 = 0
      pc10 = 0
      pc11 = 0
      pc12 = 0
      pc13 = 0
      pc14 = 0
      pc15 = 0
      pc16 = 0
Constrained:
     Tecnw = 59928.1
       Tnw = 425.937
       Tec = 830.454
     twoNb = 2.27339e+06
     twoNe = 7832.65
     twoNc = 212314
     twoNn = 352372
     twoNw = 1.29476e+06
    twoNec = 157768
    twoNnw = 147397
  twoNecnw = 14119.2
  twoNbecnw = 88504.8
        m3 = 0.163372
        m4 = 0.017518
        m5 = 0.320828
        m6 = 0.254272
        Tc = 212.969
        Td = 106.484
        Te = 53.2422
        Tf = 26.6211
DiffEv reached_goal. cost=2.11240e-03 spread=2.41246e-06
Fitted parameter values
Free:
       pc1 = 2.15026
       pc2 = 0.532885
       pc3 = 3.94592
       pc4 = 1.7082
       pc5 = 3.88291
       pc6 = 0.986167
       pc7 = 0.100705
       pc8 = 1.45208
       pc9 = 1.61482
      pc10 = -0.124006
      pc11 = -0.278949
      pc12 = 0.286135
      pc13 = 0.249119
      pc14 = -0.197833
      pc15 = -0.0173815
      pc16 = 0.0216183
Constrained:
     Tecnw = 60060.1
       Tnw = 10.1164
       Tec = 456.024
     twoNb = 7.57175e+06
     twoNe = 5208.57
     twoNc = 431538
     twoNn = 383016
     twoNw = 1.53868e+06
    twoNec = 148710
    twoNnw = 153849
  twoNecnw = 13816.7
  twoNbecnw = 88858
        m3 = 0.155654
        m4 = 0.0306308
        m5 = 0.316069
        m6 = 0.275232
        Tc = 5.05819
        Td = 2.5291
        Te = 1.26455
        Tf = 0.632274
#       SitePat  BranchLen
              b 148462.9147530
              e 57765.7547107
              c 60415.6178369
              n 53604.7694337
              w 55874.1192354
            b:e 2626.7898533
            b:c 3230.0334638
            b:n 2155.9662630
            b:w 2390.7684364
            e:c 12277.3684226
            e:n 6888.2539156
            e:w 5969.8137330
            c:n 6029.1904307
            c:w 5534.3771373
            n:w 14716.1241066
          b:e:c 2538.7077376
          b:e:n 1332.8064825
          b:e:w 1318.4686588
          b:c:n 1319.2310693
          b:c:w 1333.6235629
          b:n:w 2537.5744984
          e:c:n 5901.1602780
          e:c:w 5045.0639524
          e:n:w 8091.0364251
          c:n:w 6707.9168477
        b:e:c:n 2391.5855169
        b:e:c:w 2156.7286736
        b:e:n:w 3204.9896622
        b:c:n:w 2627.9230926
        e:c:n:w 62119.5837020
