########################################
# legofit: estimate population history #
#       version 2.3.4-4-g53f8760       #
########################################

# Program was compiled: Sep 21 2021 14:36:42
# Program was run: Thu Sep 23 01:03:05 2021

# cmd: legofit -1 -d 0 -t 32 --ptsPerDim 3 --stateOut b1boot37.state --tol 3e-6 -S 5000 cdef2.lgo ../../boot/boot37.opf
# Stage nOptItr nSimReps
#     0    5000        0
# algorithm          : deterministic
# ignoring probs <=  : 0
# Branch length floor: 0
# DE strategy        : 2
#    F               : 0.3
#    CR              : 0.8
#    tolerance       : 3e-06
# nthreads           : 32
# lgo input file     : cdef2.lgo
# site pat input file: ../../boot/boot37.opf
# free parameters    : 16
# points in DE swarm : 48
# output state file  : b1boot37.state
# Including singleton site patterns.
# cost function      : KL
Initial parameter values
Fixed:
      zero = 0
       one = 1
    Tbecnw = 75200
Free:
       pc1 = 0
       pc2 = 0
       pc3 = 0
       pc4 = 0
       pc5 = 0
       pc6 = 0
       pc7 = 0
       pc8 = 0
       pc9 = 0
      pc10 = 0
      pc11 = 0
      pc12 = 0
      pc13 = 0
      pc14 = 0
      pc15 = 0
      pc16 = 0
Constrained:
     Tecnw = 59928.1
       Tnw = 425.937
       Tec = 830.454
     twoNb = 2.27339e+06
     twoNe = 7832.65
     twoNc = 212314
     twoNn = 352372
     twoNw = 1.29476e+06
    twoNec = 157768
    twoNnw = 147397
  twoNecnw = 14119.2
  twoNbecnw = 88504.8
        m3 = 0.163372
        m4 = 0.017518
        m5 = 0.320828
        m6 = 0.254272
        Tc = 212.969
        Td = 106.484
        Te = 53.2422
        Tf = 26.6211
DiffEv reached_goal. cost=2.11717e-03 spread=2.70037e-06
Fitted parameter values
Free:
       pc1 = 2.09234
       pc2 = 0.957634
       pc3 = 3.9665
       pc4 = 0.77216
       pc5 = 3.43856
       pc6 = 1.09289
       pc7 = 0.87517
       pc8 = 1.83176
       pc9 = 1.9997
      pc10 = -0.0445829
      pc11 = -0.303059
      pc12 = 0.151346
      pc13 = 0.0553166
      pc14 = 0.0416066
      pc15 = 0.0254947
      pc16 = 0.085726
Constrained:
     Tecnw = 60372.1
       Tnw = 19.8213
       Tec = 374.437
     twoNb = 7.9713e+06
     twoNe = 4416.76
     twoNc = 263123
     twoNn = 333284
     twoNw = 1.39271e+06
    twoNec = 150439
    twoNnw = 152294
  twoNecnw = 13472
  twoNbecnw = 88989.2
        m3 = 0.157283
        m4 = 0.0300913
        m5 = 0.315136
        m6 = 0.272115
        Tc = 9.91064
        Td = 4.95532
        Te = 2.47766
        Tf = 1.23883
#       SitePat  BranchLen
              b 148666.7710452
              e 57847.7105263
              c 60528.8284733
              n 53599.9034838
              w 55862.5176948
            b:e 2618.2964403
            b:c 3221.9230991
            b:n 2139.4601617
            b:w 2373.5297484
            e:c 12266.5172716
            e:n 6852.9336953
            e:w 5954.6138479
            c:n 6003.9810603
            c:w 5492.7992429
            n:w 14779.6346501
          b:e:c 2535.3803688
          b:e:n 1322.1348165
          b:e:w 1310.2189096
          b:c:n 1310.9284619
          b:c:w 1322.8949647
          b:n:w 2534.3205452
          e:c:n 5851.9768024
          e:c:w 4998.8642562
          e:n:w 8080.5813899
          c:n:w 6684.1867078
        b:e:c:n 2374.2898966
        b:e:c:w 2140.1697140
        b:e:n:w 3198.4086481
        b:c:n:w 2619.3562640
        e:c:n:w 62335.9865004
