########################################
# legofit: estimate population history #
#       version 2.3.4-4-g53f8760       #
########################################

# Program was compiled: Sep 21 2021 14:36:42
# Program was run: Thu Sep 23 01:02:33 2021

# cmd: legofit -1 -d 0 -t 32 --ptsPerDim 3 --stateOut b1boot9.state --tol 3e-6 -S 5000 cdef2.lgo ../../boot/boot9.opf
# Stage nOptItr nSimReps
#     0    5000        0
# algorithm          : deterministic
# ignoring probs <=  : 0
# Branch length floor: 0
# DE strategy        : 2
#    F               : 0.3
#    CR              : 0.8
#    tolerance       : 3e-06
# nthreads           : 32
# lgo input file     : cdef2.lgo
# site pat input file: ../../boot/boot9.opf
# free parameters    : 16
# points in DE swarm : 48
# output state file  : b1boot9.state
# Including singleton site patterns.
# cost function      : KL
Initial parameter values
Fixed:
      zero = 0
       one = 1
    Tbecnw = 75200
Free:
       pc1 = 0
       pc2 = 0
       pc3 = 0
       pc4 = 0
       pc5 = 0
       pc6 = 0
       pc7 = 0
       pc8 = 0
       pc9 = 0
      pc10 = 0
      pc11 = 0
      pc12 = 0
      pc13 = 0
      pc14 = 0
      pc15 = 0
      pc16 = 0
Constrained:
     Tecnw = 59928.1
       Tnw = 425.937
       Tec = 830.454
     twoNb = 2.27339e+06
     twoNe = 7832.65
     twoNc = 212314
     twoNn = 352372
     twoNw = 1.29476e+06
    twoNec = 157768
    twoNnw = 147397
  twoNecnw = 14119.2
  twoNbecnw = 88504.8
        m3 = 0.163372
        m4 = 0.017518
        m5 = 0.320828
        m6 = 0.254272
        Tc = 212.969
        Td = 106.484
        Te = 53.2422
        Tf = 26.6211
DiffEv reached_goal. cost=2.12176e-03 spread=2.84703e-06
Fitted parameter values
Free:
       pc1 = 2.87424
       pc2 = 0.325705
       pc3 = 3.73938
       pc4 = 1.1396
       pc5 = 3.84689
       pc6 = 0.378518
       pc7 = 0.253265
       pc8 = 1.92012
       pc9 = 1.06845
      pc10 = 0.264483
      pc11 = -0.552593
      pc12 = 0.29592
      pc13 = -0.143127
      pc14 = -0.0061509
      pc15 = 0.0716319
      pc16 = -0.0349876
Constrained:
     Tecnw = 60566.1
       Tnw = 31.7301
       Tec = 702.429
     twoNb = 7.62565e+06
     twoNe = 8189.39
     twoNc = 489219
     twoNn = 424011
     twoNw = 1.19672e+06
    twoNec = 149509
    twoNnw = 153321
  twoNecnw = 13429.5
  twoNbecnw = 88909.1
        m3 = 0.153251
        m4 = 0.0291548
        m5 = 0.318023
        m6 = 0.27434
        Tc = 15.865
        Td = 7.93251
        Te = 3.96626
        Tf = 1.98313
#       SitePat  BranchLen
              b 148454.6309120
              e 58066.1976147
              c 60712.2684271
              n 53799.6892394
              w 55998.0597647
            b:e 2645.5074039
            b:c 3234.5457322
            b:n 2162.8751684
            b:w 2392.6834202
            e:c 12288.4170108
            e:n 6859.4118069
            e:w 5987.4804570
            c:n 6017.2188812
            c:w 5522.5868830
            n:w 14832.0776630
          b:e:c 2560.0393305
          b:e:n 1334.3828956
          b:e:w 1322.9036303
          b:c:n 1323.6273820
          b:c:w 1335.1567457
          b:n:w 2558.9587281
          e:c:n 5860.7277026
          e:c:w 5028.9205256
          e:n:w 8087.2877432
          c:n:w 6722.0298244
        b:e:c:n 2393.4572703
        b:e:c:w 2163.5989201
        b:e:n:w 3210.8503304
        b:c:n:w 2646.5880063
        e:c:n:w 61930.6232342
