########################################
# legofit: estimate population history #
#       version 2.3.4-4-g53f8760       #
########################################

# Program was compiled: Sep 21 2021 14:36:42
# Program was run: Thu Sep 23 01:02:53 2021

# cmd: legofit -1 -d 0 -t 32 --ptsPerDim 3 --stateOut b1boot27.state --tol 3e-6 -S 5000 cdef2.lgo ../../boot/boot27.opf
# Stage nOptItr nSimReps
#     0    5000        0
# algorithm          : deterministic
# ignoring probs <=  : 0
# Branch length floor: 0
# DE strategy        : 2
#    F               : 0.3
#    CR              : 0.8
#    tolerance       : 3e-06
# nthreads           : 32
# lgo input file     : cdef2.lgo
# site pat input file: ../../boot/boot27.opf
# free parameters    : 16
# points in DE swarm : 48
# output state file  : b1boot27.state
# Including singleton site patterns.
# cost function      : KL
Initial parameter values
Fixed:
      zero = 0
       one = 1
    Tbecnw = 75200
Free:
       pc1 = 0
       pc2 = 0
       pc3 = 0
       pc4 = 0
       pc5 = 0
       pc6 = 0
       pc7 = 0
       pc8 = 0
       pc9 = 0
      pc10 = 0
      pc11 = 0
      pc12 = 0
      pc13 = 0
      pc14 = 0
      pc15 = 0
      pc16 = 0
Constrained:
     Tecnw = 59928.1
       Tnw = 425.937
       Tec = 830.454
     twoNb = 2.27339e+06
     twoNe = 7832.65
     twoNc = 212314
     twoNn = 352372
     twoNw = 1.29476e+06
    twoNec = 157768
    twoNnw = 147397
  twoNecnw = 14119.2
  twoNbecnw = 88504.8
        m3 = 0.163372
        m4 = 0.017518
        m5 = 0.320828
        m6 = 0.254272
        Tc = 212.969
        Td = 106.484
        Te = 53.2422
        Tf = 26.6211
DiffEv reached_goal. cost=2.09100e-03 spread=2.66122e-06
Fitted parameter values
Free:
       pc1 = 3.39642
       pc2 = 1.11835
       pc3 = 3.93309
       pc4 = 1.19475
       pc5 = 3.75981
       pc6 = 1.092
       pc7 = 0.15835
       pc8 = 1.75282
       pc9 = 1.89011
      pc10 = -0.478189
      pc11 = -0.417174
      pc12 = 0.249366
      pc13 = -0.0787649
      pc14 = -0.283819
      pc15 = -0.0117002
      pc16 = 0.0510625
Constrained:
     Tecnw = 60487.7
       Tnw = 58.1451
       Tec = 402.017
     twoNb = 7.6867e+06
     twoNe = 4444.75
     twoNc = 359226
     twoNn = 331806
     twoNw = 1.3234e+06
    twoNec = 149207
    twoNnw = 154833
  twoNecnw = 13452
  twoNbecnw = 89329.7
        m3 = 0.149594
        m4 = 0.0310565
        m5 = 0.321296
        m6 = 0.27933
        Tc = 29.0725
        Td = 14.5363
        Te = 7.26814
        Tf = 3.63407
#       SitePat  BranchLen
              b 148829.8853903
              e 58051.9852964
              c 60705.5912570
              n 53845.5072396
              w 55988.1883114
            b:e 2650.6366570
            b:c 3261.7764278
            b:n 2170.8062810
            b:w 2393.6889587
            e:c 12265.8529332
            e:n 6862.7698054
            e:w 6005.1548741
            c:n 6031.6839772
            c:w 5554.4774528
            n:w 14759.9439431
          b:e:c 2553.8471378
          b:e:n 1339.8538080
          b:e:w 1327.5994164
          b:c:n 1328.3617168
          b:c:w 1340.6673446
          b:n:w 2552.7133312
          e:c:n 5860.6368161
          e:c:w 5052.7772000
          e:n:w 8138.1414918
          c:n:w 6738.6351438
        b:e:c:n 2394.5024953
        b:e:c:w 2171.5685814
        b:e:n:w 3236.8224347
        b:c:n:w 2651.7704637
        e:c:n:w 62292.3514970
