########################################
# legofit: estimate population history #
#       version 2.3.4-4-g53f8760       #
########################################

# Program was compiled: Sep 21 2021 14:36:42
# Program was run: Thu Sep 23 01:03:12 2021

# cmd: legofit -1 -d 0 -t 32 --ptsPerDim 3 --stateOut b1boot43.state --tol 3e-6 -S 5000 cdef2.lgo ../../boot/boot43.opf
# Stage nOptItr nSimReps
#     0    5000        0
# algorithm          : deterministic
# ignoring probs <=  : 0
# Branch length floor: 0
# DE strategy        : 2
#    F               : 0.3
#    CR              : 0.8
#    tolerance       : 3e-06
# nthreads           : 32
# lgo input file     : cdef2.lgo
# site pat input file: ../../boot/boot43.opf
# free parameters    : 16
# points in DE swarm : 48
# output state file  : b1boot43.state
# Including singleton site patterns.
# cost function      : KL
Initial parameter values
Fixed:
      zero = 0
       one = 1
    Tbecnw = 75200
Free:
       pc1 = 0
       pc2 = 0
       pc3 = 0
       pc4 = 0
       pc5 = 0
       pc6 = 0
       pc7 = 0
       pc8 = 0
       pc9 = 0
      pc10 = 0
      pc11 = 0
      pc12 = 0
      pc13 = 0
      pc14 = 0
      pc15 = 0
      pc16 = 0
Constrained:
     Tecnw = 59928.1
       Tnw = 425.937
       Tec = 830.454
     twoNb = 2.27339e+06
     twoNe = 7832.65
     twoNc = 212314
     twoNn = 352372
     twoNw = 1.29476e+06
    twoNec = 157768
    twoNnw = 147397
  twoNecnw = 14119.2
  twoNbecnw = 88504.8
        m3 = 0.163372
        m4 = 0.017518
        m5 = 0.320828
        m6 = 0.254272
        Tc = 212.969
        Td = 106.484
        Te = 53.2422
        Tf = 26.6211
DiffEv reached_goal. cost=2.12535e-03 spread=2.90773e-06
Fitted parameter values
Free:
       pc1 = 1.38228
       pc2 = 0.409482
       pc3 = 3.8381
       pc4 = 1.65369
       pc5 = 3.38802
       pc6 = 1.19618
       pc7 = 0.255268
       pc8 = 1.61393
       pc9 = 1.21225
      pc10 = -0.0464157
      pc11 = 0.0583669
      pc12 = 0.44617
      pc13 = -0.0938283
      pc14 = -0.0560635
      pc15 = 0.0488244
      pc16 = -0.049608
Constrained:
     Tecnw = 59947.2
       Tnw = 114.996
       Tec = 457.423
     twoNb = 7.43873e+06
     twoNe = 5718.46
     twoNc = 369763
     twoNn = 503371
     twoNw = 1.45265e+06
    twoNec = 149905
    twoNnw = 153350
  twoNecnw = 14007
  twoNbecnw = 88550.2
        m3 = 0.157161
        m4 = 0.0303697
        m5 = 0.316745
        m6 = 0.268389
        Tc = 57.4981
        Td = 28.7491
        Te = 14.3745
        Tf = 7.18727
#       SitePat  BranchLen
              b 148089.5139609
              e 57819.7693617
              c 60545.4144025
              n 53737.2348461
              w 55941.3735428
            b:e 2630.7230056
            b:c 3247.1566425
            b:n 2167.4447450
            b:w 2400.0572656
            e:c 12315.6990368
            e:n 6820.4994229
            e:w 6006.4209739
            c:n 6029.2206412
            c:w 5483.1480719
            n:w 14747.2036365
          b:e:c 2553.3286691
          b:e:n 1332.8402249
          b:e:w 1327.5257346
          b:c:n 1328.3066814
          b:c:w 1333.6743363
          b:n:w 2552.1705579
          e:c:n 5907.5223304
          e:c:w 5063.5346520
          e:n:w 8131.0510003
          c:n:w 6691.7649006
        b:e:c:n 2400.8913770
        b:e:c:w 2168.2256919
        b:e:n:w 3221.7370695
        b:c:n:w 2631.8811169
        e:c:n:w 61685.7085288
