########################################
# legofit: estimate population history #
#       version 2.3.4-4-g53f8760       #
########################################

# Program was compiled: Sep 21 2021 14:36:42
# Program was run: Thu Sep 23 01:02:33 2021

# cmd: legofit -1 -d 0 -t 32 --ptsPerDim 3 --stateOut b1boot8.state --tol 3e-6 -S 5000 cdef2.lgo ../../boot/boot8.opf
# Stage nOptItr nSimReps
#     0    5000        0
# algorithm          : deterministic
# ignoring probs <=  : 0
# Branch length floor: 0
# DE strategy        : 2
#    F               : 0.3
#    CR              : 0.8
#    tolerance       : 3e-06
# nthreads           : 32
# lgo input file     : cdef2.lgo
# site pat input file: ../../boot/boot8.opf
# free parameters    : 16
# points in DE swarm : 48
# output state file  : b1boot8.state
# Including singleton site patterns.
# cost function      : KL
Initial parameter values
Fixed:
      zero = 0
       one = 1
    Tbecnw = 75200
Free:
       pc1 = 0
       pc2 = 0
       pc3 = 0
       pc4 = 0
       pc5 = 0
       pc6 = 0
       pc7 = 0
       pc8 = 0
       pc9 = 0
      pc10 = 0
      pc11 = 0
      pc12 = 0
      pc13 = 0
      pc14 = 0
      pc15 = 0
      pc16 = 0
Constrained:
     Tecnw = 59928.1
       Tnw = 425.937
       Tec = 830.454
     twoNb = 2.27339e+06
     twoNe = 7832.65
     twoNc = 212314
     twoNn = 352372
     twoNw = 1.29476e+06
    twoNec = 157768
    twoNnw = 147397
  twoNecnw = 14119.2
  twoNbecnw = 88504.8
        m3 = 0.163372
        m4 = 0.017518
        m5 = 0.320828
        m6 = 0.254272
        Tc = 212.969
        Td = 106.484
        Te = 53.2422
        Tf = 26.6211
DiffEv reached_goal. cost=2.10188e-03 spread=2.95704e-06
Fitted parameter values
Free:
       pc1 = 3.60602
       pc2 = 0.237519
       pc3 = 3.89065
       pc4 = 1.92033
       pc5 = 3.61796
       pc6 = 1.46013
       pc7 = -0.74025
       pc8 = 1.83173
       pc9 = 1.56793
      pc10 = 0.799801
      pc11 = -0.320864
      pc12 = 0.0607344
      pc13 = -0.0900014
      pc14 = -0.100767
      pc15 = -0.0212617
      pc16 = -0.0526717
Constrained:
     Tecnw = 60503.9
       Tnw = 20.1699
       Tec = 560.123
     twoNb = 7.2352e+06
     twoNe = 5686.3
     twoNc = 463329
     twoNn = 410742
     twoNw = 1.34077e+06
    twoNec = 144694
    twoNnw = 154328
  twoNecnw = 13484.2
  twoNbecnw = 88393.4
        m3 = 0.145049
        m4 = 0.0311268
        m5 = 0.325067
        m6 = 0.282314
        Tc = 10.0849
        Td = 5.04247
        Te = 2.52124
        Tf = 1.26062
#       SitePat  BranchLen
              b 148034.7873052
              e 57801.1110772
              c 60511.0920482
              n 53646.1168908
              w 55807.1484642
            b:e 2622.6868133
            b:c 3233.0100494
            b:n 2150.6038284
            b:w 2372.5518639
            e:c 12323.0058318
            e:n 6886.6456955
            e:w 5995.6993176
            c:n 6001.7943654
            c:w 5544.2384809
            n:w 14791.5843905
          b:e:c 2541.7902218
          b:e:n 1325.4614585
          b:e:w 1310.8779050
          b:c:n 1311.6775833
          b:c:w 1326.3157807
          b:n:w 2540.5973898
          e:c:n 5831.1088996
          e:c:w 5018.5795887
          e:n:w 8101.6839541
          c:n:w 6698.9001685
        b:e:c:n 2373.4061861
        b:e:c:w 2151.4035067
        b:e:n:w 3206.7419003
        b:c:n:w 2623.8796452
        e:c:n:w 61635.5890816
