########################################
# legofit: estimate population history #
#       version 2.3.4-4-g53f8760       #
########################################

# Program was compiled: Sep 21 2021 14:36:42
# Program was run: Thu Sep 23 01:02:38 2021

# cmd: legofit -1 -d 0 -t 32 --ptsPerDim 3 --stateOut b1boot14.state --tol 3e-6 -S 5000 cdef2.lgo ../../boot/boot14.opf
# Stage nOptItr nSimReps
#     0    5000        0
# algorithm          : deterministic
# ignoring probs <=  : 0
# Branch length floor: 0
# DE strategy        : 2
#    F               : 0.3
#    CR              : 0.8
#    tolerance       : 3e-06
# nthreads           : 32
# lgo input file     : cdef2.lgo
# site pat input file: ../../boot/boot14.opf
# free parameters    : 16
# points in DE swarm : 48
# output state file  : b1boot14.state
# Including singleton site patterns.
# cost function      : KL
Initial parameter values
Fixed:
      zero = 0
       one = 1
    Tbecnw = 75200
Free:
       pc1 = 0
       pc2 = 0
       pc3 = 0
       pc4 = 0
       pc5 = 0
       pc6 = 0
       pc7 = 0
       pc8 = 0
       pc9 = 0
      pc10 = 0
      pc11 = 0
      pc12 = 0
      pc13 = 0
      pc14 = 0
      pc15 = 0
      pc16 = 0
Constrained:
     Tecnw = 59928.1
       Tnw = 425.937
       Tec = 830.454
     twoNb = 2.27339e+06
     twoNe = 7832.65
     twoNc = 212314
     twoNn = 352372
     twoNw = 1.29476e+06
    twoNec = 157768
    twoNnw = 147397
  twoNecnw = 14119.2
  twoNbecnw = 88504.8
        m3 = 0.163372
        m4 = 0.017518
        m5 = 0.320828
        m6 = 0.254272
        Tc = 212.969
        Td = 106.484
        Te = 53.2422
        Tf = 26.6211
DiffEv reached_goal. cost=2.08589e-03 spread=2.95994e-06
Fitted parameter values
Free:
       pc1 = 2.57982
       pc2 = 0.664182
       pc3 = 3.63446
       pc4 = 1.00837
       pc5 = 3.81349
       pc6 = 0.84028
       pc7 = 0.784247
       pc8 = 0.14838
       pc9 = 1.78797
      pc10 = 0.0503865
      pc11 = 0.0546084
      pc12 = -0.0806585
      pc13 = 0.0454602
      pc14 = -0.0323422
      pc15 = 0.00558517
      pc16 = -0.0187455
Constrained:
     Tecnw = 60552.1
       Tnw = 39.4977
       Tec = 287.098
     twoNb = 6.89774e+06
     twoNe = 3929.78
     twoNc = 430810
     twoNn = 478260
     twoNw = 2.00199e+06
    twoNec = 149732
    twoNnw = 151585
  twoNecnw = 13425.7
  twoNbecnw = 89242.7
        m3 = 0.158288
        m4 = 0.0301537
        m5 = 0.318814
        m6 = 0.273196
        Tc = 19.7489
        Td = 9.87443
        Te = 4.93721
        Tf = 2.46861
#       SitePat  BranchLen
              b 148748.5023761
              e 57974.5321919
              c 60633.1495693
              n 53725.6322175
              w 55923.6632843
            b:e 2648.0488248
            b:c 3258.8733819
            b:n 2163.7062081
            b:w 2396.4165048
            e:c 12343.8997867
            e:n 6838.3006852
            e:w 6026.2887449
            c:n 6066.5385843
            c:w 5523.0584336
            n:w 14855.0994391
          b:e:c 2563.9745384
          b:e:n 1333.5156190
          b:e:w 1327.9406349
          b:c:n 1328.7704470
          b:c:w 1334.4020612
          b:n:w 2562.7361621
          e:c:n 5875.9143297
          e:c:w 5033.3753538
          e:n:w 8144.6036702
          c:n:w 6730.8258364
        b:e:c:n 2397.3029469
        b:e:c:w 2164.5360203
        b:e:n:w 3231.6751440
        b:c:n:w 2649.2872011
        e:c:n:w 62205.7795800
