########################################
# legofit: estimate population history #
#       version 2.3.4-4-g53f8760       #
########################################

# Program was compiled: Sep 21 2021 14:36:42
# Program was run: Thu Sep 23 01:02:38 2021

# cmd: legofit -1 -d 0 -t 32 --ptsPerDim 3 --stateOut b1boot11.state --tol 3e-6 -S 5000 cdef2.lgo ../../boot/boot11.opf
# Stage nOptItr nSimReps
#     0    5000        0
# algorithm          : deterministic
# ignoring probs <=  : 0
# Branch length floor: 0
# DE strategy        : 2
#    F               : 0.3
#    CR              : 0.8
#    tolerance       : 3e-06
# nthreads           : 32
# lgo input file     : cdef2.lgo
# site pat input file: ../../boot/boot11.opf
# free parameters    : 16
# points in DE swarm : 48
# output state file  : b1boot11.state
# Including singleton site patterns.
# cost function      : KL
Initial parameter values
Fixed:
      zero = 0
       one = 1
    Tbecnw = 75200
Free:
       pc1 = 0
       pc2 = 0
       pc3 = 0
       pc4 = 0
       pc5 = 0
       pc6 = 0
       pc7 = 0
       pc8 = 0
       pc9 = 0
      pc10 = 0
      pc11 = 0
      pc12 = 0
      pc13 = 0
      pc14 = 0
      pc15 = 0
      pc16 = 0
Constrained:
     Tecnw = 59928.1
       Tnw = 425.937
       Tec = 830.454
     twoNb = 2.27339e+06
     twoNe = 7832.65
     twoNc = 212314
     twoNn = 352372
     twoNw = 1.29476e+06
    twoNec = 157768
    twoNnw = 147397
  twoNecnw = 14119.2
  twoNbecnw = 88504.8
        m3 = 0.163372
        m4 = 0.017518
        m5 = 0.320828
        m6 = 0.254272
        Tc = 212.969
        Td = 106.484
        Te = 53.2422
        Tf = 26.6211
DiffEv reached_goal. cost=2.11177e-03 spread=2.36294e-06
Fitted parameter values
Free:
       pc1 = 2.53791
       pc2 = 1.09236
       pc3 = 3.61171
       pc4 = 1.3966
       pc5 = 3.45765
       pc6 = 1.18976
       pc7 = 0.0585123
       pc8 = 1.13151
       pc9 = 1.78345
      pc10 = 0.0872846
      pc11 = -0.028556
      pc12 = 0.276529
      pc13 = 0.0567283
      pc14 = -0.258538
      pc15 = -0.0429536
      pc16 = -0.0547923
Constrained:
     Tecnw = 60370.6
       Tnw = 8.48165
       Tec = 256.121
     twoNb = 6.97555e+06
     twoNe = 3087.71
     twoNc = 371247
     twoNn = 364451
     twoNw = 1.5503e+06
    twoNec = 149332
    twoNnw = 154022
  twoNecnw = 13641.4
  twoNbecnw = 88890.6
        m3 = 0.154832
        m4 = 0.0301176
        m5 = 0.320974
        m6 = 0.275213
        Tc = 4.24082
        Td = 2.12041
        Te = 1.06021
        Tf = 0.530103
#       SitePat  BranchLen
              b 148379.1877778
              e 57908.6419095
              c 60619.8034662
              n 53771.9028243
              w 55998.6843881
            b:e 2645.7298266
            b:c 3254.4028425
            b:n 2173.2359634
            b:w 2405.4252875
            e:c 12317.7337055
            e:n 6900.3443014
            e:w 6031.8342738
            c:n 6057.8428823
            c:w 5542.2272605
            n:w 14767.4688736
          b:e:c 2557.9566747
          b:e:n 1341.3985284
          b:e:w 1331.5289578
          b:c:n 1332.3494611
          b:c:w 1342.2757003
          b:n:w 2556.7387206
          e:c:n 5901.5817341
          e:c:w 5058.9258196
          e:n:w 8128.5956906
          c:n:w 6719.9211282
        b:e:c:n 2406.3024594
        b:e:c:w 2174.0564667
        b:e:n:w 3227.6970336
        b:c:n:w 2646.9477806
        e:c:n:w 61842.9060993
