########################################
# legofit: estimate population history #
#       version 2.3.4-4-g53f8760       #
########################################

# Program was compiled: Sep 21 2021 14:36:42
# Program was run: Thu Sep 23 01:02:44 2021

# cmd: legofit -1 -d 0 -t 32 --ptsPerDim 3 --stateOut b1boot17.state --tol 3e-6 -S 5000 cdef2.lgo ../../boot/boot17.opf
# Stage nOptItr nSimReps
#     0    5000        0
# algorithm          : deterministic
# ignoring probs <=  : 0
# Branch length floor: 0
# DE strategy        : 2
#    F               : 0.3
#    CR              : 0.8
#    tolerance       : 3e-06
# nthreads           : 32
# lgo input file     : cdef2.lgo
# site pat input file: ../../boot/boot17.opf
# free parameters    : 16
# points in DE swarm : 48
# output state file  : b1boot17.state
# Including singleton site patterns.
# cost function      : KL
Initial parameter values
Fixed:
      zero = 0
       one = 1
    Tbecnw = 75200
Free:
       pc1 = 0
       pc2 = 0
       pc3 = 0
       pc4 = 0
       pc5 = 0
       pc6 = 0
       pc7 = 0
       pc8 = 0
       pc9 = 0
      pc10 = 0
      pc11 = 0
      pc12 = 0
      pc13 = 0
      pc14 = 0
      pc15 = 0
      pc16 = 0
Constrained:
     Tecnw = 59928.1
       Tnw = 425.937
       Tec = 830.454
     twoNb = 2.27339e+06
     twoNe = 7832.65
     twoNc = 212314
     twoNn = 352372
     twoNw = 1.29476e+06
    twoNec = 157768
    twoNnw = 147397
  twoNecnw = 14119.2
  twoNbecnw = 88504.8
        m3 = 0.163372
        m4 = 0.017518
        m5 = 0.320828
        m6 = 0.254272
        Tc = 212.969
        Td = 106.484
        Te = 53.2422
        Tf = 26.6211
DiffEv reached_goal. cost=2.10995e-03 spread=2.99503e-06
Fitted parameter values
Free:
       pc1 = 0.526898
       pc2 = 0.345506
       pc3 = 3.99693
       pc4 = 1.6879
       pc5 = 3.68679
       pc6 = 1.51018
       pc7 = 0.581705
       pc8 = 0.64221
       pc9 = 1.85789
      pc10 = 0.435585
      pc11 = -0.286308
      pc12 = 0.115554
      pc13 = -0.0330705
      pc14 = 0.0908603
      pc15 = 0.0324047
      pc16 = -0.117726
Constrained:
     Tecnw = 59930.7
       Tnw = 81.8775
       Tec = 298.05
     twoNb = 7.4258e+06
     twoNe = 2938.56
     twoNc = 369975
     twoNn = 476784
     twoNw = 2.00824e+06
    twoNec = 151328
    twoNnw = 151173
  twoNecnw = 14016.1
  twoNbecnw = 88264.3
        m3 = 0.160635
        m4 = 0.0314273
        m5 = 0.308719
        m6 = 0.268949
        Tc = 40.9387
        Td = 20.4694
        Te = 10.2347
        Tf = 5.11734
#       SitePat  BranchLen
              b 147859.2795563
              e 57753.1602476
              c 60447.8274805
              n 53471.8956648
              w 55831.9431172
            b:e 2630.0148250
            b:c 3245.1217276
            b:n 2146.4282052
            b:w 2389.5474541
            e:c 12310.6557074
            e:n 6901.7603155
            e:w 5934.3110327
            c:n 6012.0246969
            c:w 5505.9027623
            n:w 14818.4836567
          b:e:c 2548.1130611
          b:e:n 1330.2197074
          b:e:w 1313.8917169
          b:c:n 1314.6927142
          b:c:w 1331.0807617
          b:n:w 2546.9147018
          e:c:n 5905.2232597
          e:c:w 5018.7470246
          e:n:w 8120.1340570
          c:n:w 6714.4699940
        b:e:c:n 2390.4085084
        b:e:c:w 2147.2292024
        b:e:n:w 3218.8414194
        b:c:n:w 2631.2131843
        e:c:n:w 61520.2866607
