########################################
# legofit: estimate population history #
#       version 2.3.4-4-g53f8760       #
########################################

# Program was compiled: Sep 21 2021 14:36:42
# Program was run: Thu Sep 23 01:03:05 2021

# cmd: legofit -1 -d 0 -t 32 --ptsPerDim 3 --stateOut b1boot40.state --tol 3e-6 -S 5000 cdef2.lgo ../../boot/boot40.opf
# Stage nOptItr nSimReps
#     0    5000        0
# algorithm          : deterministic
# ignoring probs <=  : 0
# Branch length floor: 0
# DE strategy        : 2
#    F               : 0.3
#    CR              : 0.8
#    tolerance       : 3e-06
# nthreads           : 32
# lgo input file     : cdef2.lgo
# site pat input file: ../../boot/boot40.opf
# free parameters    : 16
# points in DE swarm : 48
# output state file  : b1boot40.state
# Including singleton site patterns.
# cost function      : KL
Initial parameter values
Fixed:
      zero = 0
       one = 1
    Tbecnw = 75200
Free:
       pc1 = 0
       pc2 = 0
       pc3 = 0
       pc4 = 0
       pc5 = 0
       pc6 = 0
       pc7 = 0
       pc8 = 0
       pc9 = 0
      pc10 = 0
      pc11 = 0
      pc12 = 0
      pc13 = 0
      pc14 = 0
      pc15 = 0
      pc16 = 0
Constrained:
     Tecnw = 59928.1
       Tnw = 425.937
       Tec = 830.454
     twoNb = 2.27339e+06
     twoNe = 7832.65
     twoNc = 212314
     twoNn = 352372
     twoNw = 1.29476e+06
    twoNec = 157768
    twoNnw = 147397
  twoNecnw = 14119.2
  twoNbecnw = 88504.8
        m3 = 0.163372
        m4 = 0.017518
        m5 = 0.320828
        m6 = 0.254272
        Tc = 212.969
        Td = 106.484
        Te = 53.2422
        Tf = 26.6211
DiffEv reached_goal. cost=2.10813e-03 spread=2.91977e-06
Fitted parameter values
Free:
       pc1 = 1.73026
       pc2 = 0.985757
       pc3 = 3.91532
       pc4 = 1.46312
       pc5 = 3.78162
       pc6 = 1.25637
       pc7 = -0.216894
       pc8 = 1.18439
       pc9 = 1.34841
      pc10 = 0.0248586
      pc11 = 0.0888695
      pc12 = 0.327741
      pc13 = 0.0611283
      pc14 = -0.0589595
      pc15 = -0.0347496
      pc16 = 0.043632
Constrained:
     Tecnw = 60009.4
       Tnw = 52.738
       Tec = 209.065
     twoNb = 7.17857e+06
     twoNe = 2353.29
     twoNc = 438203
     twoNn = 468747
     twoNw = 1.42996e+06
    twoNec = 149437
    twoNnw = 153544
  twoNecnw = 13849.4
  twoNbecnw = 88717.7
        m3 = 0.156648
        m4 = 0.0311957
        m5 = 0.317295
        m6 = 0.27156
        Tc = 26.369
        Td = 13.1845
        Te = 6.59225
        Tf = 3.29612
#       SitePat  BranchLen
              b 148345.9304549
              e 57700.8221349
              c 60438.6118237
              n 53619.6234282
              w 55865.8594904
            b:e 2614.7330718
            b:c 3239.5465690
            b:n 2151.8136387
            b:w 2385.0783778
            e:c 12295.6084265
            e:n 6850.5375637
            e:w 5985.1830756
            c:n 6021.0563033
            c:w 5491.8147490
            n:w 14706.0663138
          b:e:c 2534.7035835
          b:e:n 1326.6346714
          b:e:w 1317.5360167
          b:c:n 1318.3576368
          b:c:w 1327.5136886
          b:n:w 2533.4843697
          e:c:n 5889.9081221
          e:c:w 5038.2681022
          e:n:w 8117.9975598
          c:n:w 6673.1356940
        b:e:c:n 2385.9573950
        b:e:c:w 2152.6352588
        b:e:n:w 3212.5446562
        b:c:n:w 2615.9522856
        e:c:n:w 62039.3520364
