########################################
# legofit: estimate population history #
#       version 2.3.4-4-g53f8760       #
########################################

# Program was compiled: Sep 21 2021 14:36:42
# Program was run: Thu Sep 23 01:02:45 2021

# cmd: legofit -1 -d 0 -t 32 --ptsPerDim 3 --stateOut b1boot18.state --tol 3e-6 -S 5000 cdef2.lgo ../../boot/boot18.opf
# Stage nOptItr nSimReps
#     0    5000        0
# algorithm          : deterministic
# ignoring probs <=  : 0
# Branch length floor: 0
# DE strategy        : 2
#    F               : 0.3
#    CR              : 0.8
#    tolerance       : 3e-06
# nthreads           : 32
# lgo input file     : cdef2.lgo
# site pat input file: ../../boot/boot18.opf
# free parameters    : 16
# points in DE swarm : 48
# output state file  : b1boot18.state
# Including singleton site patterns.
# cost function      : KL
Initial parameter values
Fixed:
      zero = 0
       one = 1
    Tbecnw = 75200
Free:
       pc1 = 0
       pc2 = 0
       pc3 = 0
       pc4 = 0
       pc5 = 0
       pc6 = 0
       pc7 = 0
       pc8 = 0
       pc9 = 0
      pc10 = 0
      pc11 = 0
      pc12 = 0
      pc13 = 0
      pc14 = 0
      pc15 = 0
      pc16 = 0
Constrained:
     Tecnw = 59928.1
       Tnw = 425.937
       Tec = 830.454
     twoNb = 2.27339e+06
     twoNe = 7832.65
     twoNc = 212314
     twoNn = 352372
     twoNw = 1.29476e+06
    twoNec = 157768
    twoNnw = 147397
  twoNecnw = 14119.2
  twoNbecnw = 88504.8
        m3 = 0.163372
        m4 = 0.017518
        m5 = 0.320828
        m6 = 0.254272
        Tc = 212.969
        Td = 106.484
        Te = 53.2422
        Tf = 26.6211
DiffEv reached_goal. cost=2.13509e-03 spread=2.15228e-06
Fitted parameter values
Free:
       pc1 = 1.48448
       pc2 = 0.174203
       pc3 = 3.76508
       pc4 = 1.974
       pc5 = 3.83159
       pc6 = 1.60759
       pc7 = 1.14289
       pc8 = 0.426723
       pc9 = 1.58801
      pc10 = 0.274125
      pc11 = -0.407322
      pc12 = 0.279146
      pc13 = 0.0408299
      pc14 = -0.0791688
      pc15 = 0.100973
      pc16 = -0.0455105
Constrained:
     Tecnw = 60096.9
       Tnw = 124.5
       Tec = 423.135
     twoNb = 7.66566e+06
     twoNe = 4389.78
     twoNc = 392556
     twoNn = 614912
     twoNw = 2.2613e+06
    twoNec = 150998
    twoNnw = 152397
  twoNecnw = 13857.9
  twoNbecnw = 88549.8
        m3 = 0.157472
        m4 = 0.0291056
        m5 = 0.313267
        m6 = 0.27191
        Tc = 62.25
        Td = 31.125
        Te = 15.5625
        Tf = 7.78126
#       SitePat  BranchLen
              b 148138.9482301
              e 57881.7232366
              c 60475.1305085
              n 53642.8472052
              w 55905.9741529
            b:e 2637.8469599
            b:c 3218.6761954
            b:n 2157.3783417
            b:w 2392.5478625
            e:c 12288.9685697
            e:n 6863.4661172
            e:w 5960.7954378
            c:n 6026.3032423
            c:w 5520.4986386
            n:w 14775.6998370
          b:e:c 2549.4348626
          b:e:n 1333.1413070
          b:e:w 1320.3017366
          b:c:n 1321.0210236
          b:c:w 1333.9118896
          b:n:w 2548.3622013
          e:c:n 5893.9890299
          e:c:w 5039.3373654
          e:n:w 8068.0175106
          c:n:w 6725.9743249
        b:e:c:n 2393.3184451
        b:e:c:w 2158.0976287
        b:e:n:w 3195.1431386
        b:c:n:w 2638.9196212
        e:c:n:w 61753.4680982
