########################################
# legofit: estimate population history #
#       version 2.3.4-4-g53f8760       #
########################################

# Program was compiled: Sep 21 2021 14:36:42
# Program was run: Thu Sep 23 01:02:58 2021

# cmd: legofit -1 -d 0 -t 32 --ptsPerDim 3 --stateOut b1boot29.state --tol 3e-6 -S 5000 cdef2.lgo ../../boot/boot29.opf
# Stage nOptItr nSimReps
#     0    5000        0
# algorithm          : deterministic
# ignoring probs <=  : 0
# Branch length floor: 0
# DE strategy        : 2
#    F               : 0.3
#    CR              : 0.8
#    tolerance       : 3e-06
# nthreads           : 32
# lgo input file     : cdef2.lgo
# site pat input file: ../../boot/boot29.opf
# free parameters    : 16
# points in DE swarm : 48
# output state file  : b1boot29.state
# Including singleton site patterns.
# cost function      : KL
Initial parameter values
Fixed:
      zero = 0
       one = 1
    Tbecnw = 75200
Free:
       pc1 = 0
       pc2 = 0
       pc3 = 0
       pc4 = 0
       pc5 = 0
       pc6 = 0
       pc7 = 0
       pc8 = 0
       pc9 = 0
      pc10 = 0
      pc11 = 0
      pc12 = 0
      pc13 = 0
      pc14 = 0
      pc15 = 0
      pc16 = 0
Constrained:
     Tecnw = 59928.1
       Tnw = 425.937
       Tec = 830.454
     twoNb = 2.27339e+06
     twoNe = 7832.65
     twoNc = 212314
     twoNn = 352372
     twoNw = 1.29476e+06
    twoNec = 157768
    twoNnw = 147397
  twoNecnw = 14119.2
  twoNbecnw = 88504.8
        m3 = 0.163372
        m4 = 0.017518
        m5 = 0.320828
        m6 = 0.254272
        Tc = 212.969
        Td = 106.484
        Te = 53.2422
        Tf = 26.6211
DiffEv reached_goal. cost=2.11747e-03 spread=2.88430e-06
Fitted parameter values
Free:
       pc1 = 3.61211
       pc2 = 1.3731
       pc3 = 3.87047
       pc4 = 1.39939
       pc5 = 3.80296
       pc6 = 1.69418
       pc7 = -0.331859
       pc8 = 1.75569
       pc9 = 1.91746
      pc10 = 0.0815758
      pc11 = -0.189511
      pc12 = 0.128263
      pc13 = -0.167584
      pc14 = 0.0537455
      pc15 = 0.0496695
      pc16 = 0.0782733
Constrained:
     Tecnw = 60527.3
       Tnw = 29.4653
       Tec = 185.809
     twoNb = 7.57766e+06
     twoNe = 1907.84
     twoNc = 376907
     twoNn = 345184
     twoNw = 1.30406e+06
    twoNec = 147086
    twoNnw = 154919
  twoNecnw = 13352.4
  twoNbecnw = 88958
        m3 = 0.144145
        m4 = 0.0313481
        m5 = 0.324347
        m6 = 0.279705
        Tc = 14.7326
        Td = 7.36632
        Te = 3.68316
        Tf = 1.84158
#       SitePat  BranchLen
              b 148613.4537415
              e 57842.9613623
              c 60578.6780880
              n 53722.9491016
              w 55842.3449302
            b:e 2618.3175856
            b:c 3240.0013933
            b:n 2148.6606117
            b:w 2366.0405078
            e:c 12320.1052868
            e:n 6835.2073637
            e:w 5982.7648223
            c:n 5979.6756401
            c:w 5508.4237590
            n:w 14776.0715040
          b:e:c 2538.7262081
          b:e:n 1321.4736120
          b:e:w 1309.6844164
          b:c:n 1310.4556298
          b:c:w 1322.2959303
          b:n:w 2537.5764401
          e:c:n 5810.9478503
          e:c:w 5015.2464443
          e:n:w 8116.4548706
          c:n:w 6682.3816700
        b:e:c:n 2366.8628260
        b:e:c:w 2149.4318250
        b:e:n:w 3214.5154312
        b:c:n:w 2619.4673536
        e:c:n:w 62234.2636077
