########################################
# legofit: estimate population history #
#       version 2.3.4-4-g53f8760       #
########################################

# Program was compiled: Sep 21 2021 14:36:42
# Program was run: Thu Sep 23 01:02:38 2021

# cmd: legofit -1 -d 0 -t 32 --ptsPerDim 3 --stateOut b1boot13.state --tol 3e-6 -S 5000 cdef2.lgo ../../boot/boot13.opf
# Stage nOptItr nSimReps
#     0    5000        0
# algorithm          : deterministic
# ignoring probs <=  : 0
# Branch length floor: 0
# DE strategy        : 2
#    F               : 0.3
#    CR              : 0.8
#    tolerance       : 3e-06
# nthreads           : 32
# lgo input file     : cdef2.lgo
# site pat input file: ../../boot/boot13.opf
# free parameters    : 16
# points in DE swarm : 48
# output state file  : b1boot13.state
# Including singleton site patterns.
# cost function      : KL
Initial parameter values
Fixed:
      zero = 0
       one = 1
    Tbecnw = 75200
Free:
       pc1 = 0
       pc2 = 0
       pc3 = 0
       pc4 = 0
       pc5 = 0
       pc6 = 0
       pc7 = 0
       pc8 = 0
       pc9 = 0
      pc10 = 0
      pc11 = 0
      pc12 = 0
      pc13 = 0
      pc14 = 0
      pc15 = 0
      pc16 = 0
Constrained:
     Tecnw = 59928.1
       Tnw = 425.937
       Tec = 830.454
     twoNb = 2.27339e+06
     twoNe = 7832.65
     twoNc = 212314
     twoNn = 352372
     twoNw = 1.29476e+06
    twoNec = 157768
    twoNnw = 147397
  twoNecnw = 14119.2
  twoNbecnw = 88504.8
        m3 = 0.163372
        m4 = 0.017518
        m5 = 0.320828
        m6 = 0.254272
        Tc = 212.969
        Td = 106.484
        Te = 53.2422
        Tf = 26.6211
DiffEv reached_goal. cost=2.10043e-03 spread=2.54451e-06
Fitted parameter values
Free:
       pc1 = 2.50279
       pc2 = 0.21656
       pc3 = 3.99084
       pc4 = 1.71667
       pc5 = 3.71272
       pc6 = 1.70782
       pc7 = 0.606985
       pc8 = 1.17704
       pc9 = 1.63981
      pc10 = 0.305012
      pc11 = 0.00893806
      pc12 = 0.0721381
      pc13 = 0.115186
      pc14 = -0.095678
      pc15 = 0.0355964
      pc16 = -0.00939921
Constrained:
     Tecnw = 60255.4
       Tnw = 88.5793
       Tec = 413.658
     twoNb = 7.79649e+06
     twoNe = 4889.81
     twoNc = 371151
     twoNn = 563888
     twoNw = 1.8443e+06
    twoNec = 147116
    twoNnw = 152685
  twoNecnw = 13676.8
  twoNbecnw = 88663.4
        m3 = 0.153618
        m4 = 0.0302466
        m5 = 0.320945
        m6 = 0.275539
        Tc = 44.2897
        Td = 22.1448
        Te = 11.0724
        Tf = 5.53621
#       SitePat  BranchLen
              b 148290.9653593
              e 57760.1661802
              c 60430.4340179
              n 53626.0755182
              w 55808.3984935
            b:e 2623.0514336
            b:c 3227.4601342
            b:n 2153.0036424
            b:w 2381.5198818
            e:c 12331.8868504
            e:n 6833.9602808
            e:w 6005.2663933
            c:n 6034.1603472
            c:w 5514.1563194
            n:w 14772.5162365
          b:e:c 2543.6853313
          b:e:n 1325.0017390
          b:e:w 1317.2247139
          b:c:n 1317.9545733
          b:c:w 1325.7812957
          b:n:w 2542.5988903
          e:c:n 5866.7941228
          e:c:w 5033.1690629
          e:n:w 8103.6547633
          c:n:w 6697.7363848
        b:e:c:n 2382.2994385
        b:e:c:w 2153.7335018
        b:e:n:w 3203.4954429
        b:c:n:w 2624.1378746
        e:c:n:w 61928.5239979
