########################################
# legofit: estimate population history #
#       version 2.3.4-4-g53f8760       #
########################################

# Program was compiled: Sep 21 2021 14:36:42
# Program was run: Thu Sep 23 01:02:52 2021

# cmd: legofit -1 -d 0 -t 32 --ptsPerDim 3 --stateOut b1boot26.state --tol 3e-6 -S 5000 cdef2.lgo ../../boot/boot26.opf
# Stage nOptItr nSimReps
#     0    5000        0
# algorithm          : deterministic
# ignoring probs <=  : 0
# Branch length floor: 0
# DE strategy        : 2
#    F               : 0.3
#    CR              : 0.8
#    tolerance       : 3e-06
# nthreads           : 32
# lgo input file     : cdef2.lgo
# site pat input file: ../../boot/boot26.opf
# free parameters    : 16
# points in DE swarm : 48
# output state file  : b1boot26.state
# Including singleton site patterns.
# cost function      : KL
Initial parameter values
Fixed:
      zero = 0
       one = 1
    Tbecnw = 75200
Free:
       pc1 = 0
       pc2 = 0
       pc3 = 0
       pc4 = 0
       pc5 = 0
       pc6 = 0
       pc7 = 0
       pc8 = 0
       pc9 = 0
      pc10 = 0
      pc11 = 0
      pc12 = 0
      pc13 = 0
      pc14 = 0
      pc15 = 0
      pc16 = 0
Constrained:
     Tecnw = 59928.1
       Tnw = 425.937
       Tec = 830.454
     twoNb = 2.27339e+06
     twoNe = 7832.65
     twoNc = 212314
     twoNn = 352372
     twoNw = 1.29476e+06
    twoNec = 157768
    twoNnw = 147397
  twoNecnw = 14119.2
  twoNbecnw = 88504.8
        m3 = 0.163372
        m4 = 0.017518
        m5 = 0.320828
        m6 = 0.254272
        Tc = 212.969
        Td = 106.484
        Te = 53.2422
        Tf = 26.6211
DiffEv reached_goal. cost=2.11229e-03 spread=2.49455e-06
Fitted parameter values
Free:
       pc1 = 2.42935
       pc2 = 0.485895
       pc3 = 3.76618
       pc4 = 1.88445
       pc5 = 3.87143
       pc6 = 1.35704
       pc7 = 1.56114
       pc8 = 0.15964
       pc9 = 1.87368
      pc10 = 0.542783
      pc11 = -0.0850927
      pc12 = 0.36026
      pc13 = -0.0430702
      pc14 = -0.0841
      pc15 = 0.121002
      pc16 = -0.0465418
Constrained:
     Tecnw = 60560.9
       Tnw = 1.17639
       Tec = 332.691
     twoNb = 7.67017e+06
     twoNe = 4662.55
     twoNc = 388948
     twoNn = 599686
     twoNw = 2.43648e+06
    twoNec = 149995
    twoNnw = 153319
  twoNecnw = 13462.4
  twoNbecnw = 88791
        m3 = 0.157995
        m4 = 0.0290565
        m5 = 0.318192
        m6 = 0.27276
        Tc = 0.588194
        Td = 0.294097
        Te = 0.147049
        Tf = 0.0735243
#       SitePat  BranchLen
              b 148321.7043677
              e 58021.5712947
              c 60642.1933328
              n 53847.8661771
              w 56071.6151207
            b:e 2642.7409386
            b:c 3231.1748235
            b:n 2167.8629703
            b:w 2402.3340778
            e:c 12337.6811830
            e:n 6843.9597734
            e:w 6010.9636497
            c:n 6059.8267018
            c:w 5517.9012046
            n:w 14795.5808126
          b:e:c 2559.7773833
          b:e:n 1335.3009227
          b:e:w 1328.6180766
          b:c:n 1329.3390612
          b:c:w 1336.0716339
          b:n:w 2558.7048300
          e:c:n 5886.8342817
          e:c:w 5038.0069589
          e:n:w 8074.4453728
          c:n:w 6704.9493948
        b:e:c:n 2403.1047890
        b:e:c:w 2168.5839549
        b:e:n:w 3207.6696158
        b:c:n:w 2643.8134918
        e:c:n:w 61777.5427419
