########################################
# legofit: estimate population history #
#       version 2.3.4-4-g53f8760       #
########################################

# Program was compiled: Sep 21 2021 14:36:42
# Program was run: Thu Sep 23 01:03:05 2021

# cmd: legofit -1 -d 0 -t 32 --ptsPerDim 3 --stateOut b1boot35.state --tol 3e-6 -S 5000 cdef2.lgo ../../boot/boot35.opf
# Stage nOptItr nSimReps
#     0    5000        0
# algorithm          : deterministic
# ignoring probs <=  : 0
# Branch length floor: 0
# DE strategy        : 2
#    F               : 0.3
#    CR              : 0.8
#    tolerance       : 3e-06
# nthreads           : 32
# lgo input file     : cdef2.lgo
# site pat input file: ../../boot/boot35.opf
# free parameters    : 16
# points in DE swarm : 48
# output state file  : b1boot35.state
# Including singleton site patterns.
# cost function      : KL
Initial parameter values
Fixed:
      zero = 0
       one = 1
    Tbecnw = 75200
Free:
       pc1 = 0
       pc2 = 0
       pc3 = 0
       pc4 = 0
       pc5 = 0
       pc6 = 0
       pc7 = 0
       pc8 = 0
       pc9 = 0
      pc10 = 0
      pc11 = 0
      pc12 = 0
      pc13 = 0
      pc14 = 0
      pc15 = 0
      pc16 = 0
Constrained:
     Tecnw = 59928.1
       Tnw = 425.937
       Tec = 830.454
     twoNb = 2.27339e+06
     twoNe = 7832.65
     twoNc = 212314
     twoNn = 352372
     twoNw = 1.29476e+06
    twoNec = 157768
    twoNnw = 147397
  twoNecnw = 14119.2
  twoNbecnw = 88504.8
        m3 = 0.163372
        m4 = 0.017518
        m5 = 0.320828
        m6 = 0.254272
        Tc = 212.969
        Td = 106.484
        Te = 53.2422
        Tf = 26.6211
DiffEv reached_goal. cost=2.09451e-03 spread=2.85565e-06
Fitted parameter values
Free:
       pc1 = 2.65746
       pc2 = 0.406695
       pc3 = 3.88582
       pc4 = 1.23317
       pc5 = 3.77905
       pc6 = 1.47923
       pc7 = 0.711451
       pc8 = 1.65414
       pc9 = 1.71802
      pc10 = 0.390897
      pc11 = -0.243144
      pc12 = -0.00411237
      pc13 = -0.160674
      pc14 = -0.274044
      pc15 = -0.0168197
      pc16 = -0.0145057
Constrained:
     Tecnw = 60475
       Tnw = 95.2593
       Tec = 470.146
     twoNb = 8.08451e+06
     twoNe = 5334.99
     twoNc = 356083
     twoNn = 450236
     twoNw = 1.59643e+06
    twoNec = 149321
    twoNnw = 152244
  twoNecnw = 13512.7
  twoNbecnw = 88721
        m3 = 0.153657
        m4 = 0.0301773
        m5 = 0.321903
        m6 = 0.276399
        Tc = 47.6296
        Td = 23.8148
        Te = 11.9074
        Tf = 5.9537
#       SitePat  BranchLen
              b 148301.9159505
              e 57943.8747525
              c 60641.0971414
              n 53681.4135003
              w 55840.7121111
            b:e 2639.0409952
            b:c 3243.6816712
            b:n 2155.0753521
            b:w 2380.5817311
            e:c 12253.7042780
            e:n 6861.1340804
            e:w 6023.9361675
            c:n 6036.7155276
            c:w 5533.3612671
            n:w 14802.7919272
          b:e:c 2546.3132647
          b:e:n 1330.9682870
          b:e:w 1321.9675820
          b:c:n 1322.6704704
          b:c:w 1331.7185813
          b:n:w 2545.2652510
          e:c:n 5842.2282771
          e:c:w 5023.4818398
          e:n:w 8131.8451646
          c:n:w 6724.0760827
        b:e:c:n 2381.3320253
        b:e:c:w 2155.7782405
        b:e:n:w 3220.6427213
        b:c:n:w 2640.0890089
        e:c:n:w 61840.7934564
