########################################
# legofit: estimate population history #
#       version 2.3.4-4-g53f8760       #
########################################

# Program was compiled: Sep 21 2021 14:36:42
# Program was run: Thu Sep 23 01:02:44 2021

# cmd: legofit -1 -d 0 -t 32 --ptsPerDim 3 --stateOut b1boot20.state --tol 3e-6 -S 5000 cdef2.lgo ../../boot/boot20.opf
# Stage nOptItr nSimReps
#     0    5000        0
# algorithm          : deterministic
# ignoring probs <=  : 0
# Branch length floor: 0
# DE strategy        : 2
#    F               : 0.3
#    CR              : 0.8
#    tolerance       : 3e-06
# nthreads           : 32
# lgo input file     : cdef2.lgo
# site pat input file: ../../boot/boot20.opf
# free parameters    : 16
# points in DE swarm : 48
# output state file  : b1boot20.state
# Including singleton site patterns.
# cost function      : KL
Initial parameter values
Fixed:
      zero = 0
       one = 1
    Tbecnw = 75200
Free:
       pc1 = 0
       pc2 = 0
       pc3 = 0
       pc4 = 0
       pc5 = 0
       pc6 = 0
       pc7 = 0
       pc8 = 0
       pc9 = 0
      pc10 = 0
      pc11 = 0
      pc12 = 0
      pc13 = 0
      pc14 = 0
      pc15 = 0
      pc16 = 0
Constrained:
     Tecnw = 59928.1
       Tnw = 425.937
       Tec = 830.454
     twoNb = 2.27339e+06
     twoNe = 7832.65
     twoNc = 212314
     twoNn = 352372
     twoNw = 1.29476e+06
    twoNec = 157768
    twoNnw = 147397
  twoNecnw = 14119.2
  twoNbecnw = 88504.8
        m3 = 0.163372
        m4 = 0.017518
        m5 = 0.320828
        m6 = 0.254272
        Tc = 212.969
        Td = 106.484
        Te = 53.2422
        Tf = 26.6211
DiffEv reached_goal. cost=2.09296e-03 spread=2.97976e-06
Fitted parameter values
Free:
       pc1 = 2.83916
       pc2 = 0.249837
       pc3 = 3.5338
       pc4 = 1.80409
       pc5 = 3.9601
       pc6 = 1.36635
       pc7 = -0.40389
       pc8 = 1.79731
       pc9 = 1.57128
      pc10 = 0.40704
      pc11 = -0.0994677
      pc12 = 0.185474
      pc13 = -0.0514889
      pc14 = -0.0307518
      pc15 = -0.0124401
      pc16 = 0.0147686
Constrained:
     Tecnw = 60242.9
       Tnw = 112.822
       Tec = 517.588
     twoNb = 7.51272e+06
     twoNe = 5111.59
     twoNc = 477204
     twoNn = 311024
     twoNw = 1.44047e+06
    twoNec = 146427
    twoNnw = 153733
  twoNecnw = 13667.4
  twoNbecnw = 88535.8
        m3 = 0.148365
        m4 = 0.0302943
        m5 = 0.323443
        m6 = 0.276713
        Tc = 56.4112
        Td = 28.2056
        Te = 14.1028
        Tf = 7.05139
#       SitePat  BranchLen
              b 148206.7390452
              e 57709.5126403
              c 60470.9031150
              n 53612.2921476
              w 55786.2899742
            b:e 2613.0545476
            b:c 3224.2625902
            b:n 2147.9726172
            b:w 2372.1148746
            e:c 12299.5107716
            e:n 6863.2460440
            e:w 5995.8502640
            c:n 5990.5449883
            c:w 5504.4003452
            n:w 14750.1119537
          b:e:c 2536.0804011
          b:e:n 1322.6354153
          b:e:w 1311.3970647
          b:c:n 1312.1518961
          b:c:w 1323.4416065
          b:n:w 2534.9571095
          e:c:n 5846.4466255
          e:c:w 5025.9892220
          e:n:w 8102.6806263
          c:n:w 6677.9138082
        b:e:c:n 2372.9210659
        b:e:c:w 2148.7274486
        b:e:n:w 3199.4195867
        b:c:n:w 2614.1778392
        e:c:n:w 61892.5813849
