########################################
# legofit: estimate population history #
#       version 2.3.4-4-g53f8760       #
########################################

# Program was compiled: Sep 21 2021 14:36:42
# Program was run: Thu Sep 23 01:02:52 2021

# cmd: legofit -1 -d 0 -t 32 --ptsPerDim 3 --stateOut b1boot25.state --tol 3e-6 -S 5000 cdef2.lgo ../../boot/boot25.opf
# Stage nOptItr nSimReps
#     0    5000        0
# algorithm          : deterministic
# ignoring probs <=  : 0
# Branch length floor: 0
# DE strategy        : 2
#    F               : 0.3
#    CR              : 0.8
#    tolerance       : 3e-06
# nthreads           : 32
# lgo input file     : cdef2.lgo
# site pat input file: ../../boot/boot25.opf
# free parameters    : 16
# points in DE swarm : 48
# output state file  : b1boot25.state
# Including singleton site patterns.
# cost function      : KL
Initial parameter values
Fixed:
      zero = 0
       one = 1
    Tbecnw = 75200
Free:
       pc1 = 0
       pc2 = 0
       pc3 = 0
       pc4 = 0
       pc5 = 0
       pc6 = 0
       pc7 = 0
       pc8 = 0
       pc9 = 0
      pc10 = 0
      pc11 = 0
      pc12 = 0
      pc13 = 0
      pc14 = 0
      pc15 = 0
      pc16 = 0
Constrained:
     Tecnw = 59928.1
       Tnw = 425.937
       Tec = 830.454
     twoNb = 2.27339e+06
     twoNe = 7832.65
     twoNc = 212314
     twoNn = 352372
     twoNw = 1.29476e+06
    twoNec = 157768
    twoNnw = 147397
  twoNecnw = 14119.2
  twoNbecnw = 88504.8
        m3 = 0.163372
        m4 = 0.017518
        m5 = 0.320828
        m6 = 0.254272
        Tc = 212.969
        Td = 106.484
        Te = 53.2422
        Tf = 26.6211
DiffEv reached_goal. cost=2.12447e-03 spread=2.93620e-06
Fitted parameter values
Free:
       pc1 = 1.53949
       pc2 = 0.658324
       pc3 = 3.90837
       pc4 = 1.22041
       pc5 = 2.94542
       pc6 = 1.57707
       pc7 = -0.236119
       pc8 = 1.80868
       pc9 = 1.1361
      pc10 = 0.642682
      pc11 = -0.275625
      pc12 = 0.21614
      pc13 = -0.387376
      pc14 = -0.0490221
      pc15 = 0.0437119
      pc16 = -0.010739
Constrained:
     Tecnw = 60164.6
       Tnw = 139.802
       Tec = 386.853
     twoNb = 7.08105e+06
     twoNe = 4088.61
     twoNc = 328297
     twoNn = 552727
     twoNw = 1.14582e+06
    twoNec = 150582
    twoNnw = 152441
  twoNecnw = 13775.3
  twoNbecnw = 88137.9
        m3 = 0.154135
        m4 = 0.0307042
        m5 = 0.317546
        m6 = 0.271526
        Tc = 69.9012
        Td = 34.9506
        Te = 17.4753
        Tf = 8.73766
#       SitePat  BranchLen
              b 147804.5180197
              e 57851.2384524
              c 60568.3092569
              n 53644.3784401
              w 55818.6215849
            b:e 2618.3118656
            b:c 3233.2455701
            b:n 2143.1475070
            b:w 2369.0119149
            e:c 12248.4933927
            e:n 6816.7476706
            e:w 5977.3447512
            c:n 5993.2919511
            c:w 5481.3678554
            n:w 14767.5512691
          b:e:c 2534.1083267
          b:e:n 1321.3085271
          b:e:w 1312.6059026
          b:c:n 1313.4222452
          b:c:w 1322.1802807
          b:n:w 2532.8914730
          e:c:n 5833.3348733
          e:c:w 5010.4187437
          e:n:w 8109.6191388
          c:n:w 6682.2736797
        b:e:c:n 2369.8836686
        b:e:c:w 2143.9638496
        b:e:n:w 3206.4432502
        b:c:n:w 2619.5287193
        e:c:n:w 61490.7487071
