########################################
# legofit: estimate population history #
#       version 2.3.4-4-g53f8760       #
########################################

# Program was compiled: Sep 21 2021 14:36:42
# Program was run: Thu Sep 23 01:02:38 2021

# cmd: legofit -1 -d 0 -t 32 --ptsPerDim 3 --stateOut b1boot15.state --tol 3e-6 -S 5000 cdef2.lgo ../../boot/boot15.opf
# Stage nOptItr nSimReps
#     0    5000        0
# algorithm          : deterministic
# ignoring probs <=  : 0
# Branch length floor: 0
# DE strategy        : 2
#    F               : 0.3
#    CR              : 0.8
#    tolerance       : 3e-06
# nthreads           : 32
# lgo input file     : cdef2.lgo
# site pat input file: ../../boot/boot15.opf
# free parameters    : 16
# points in DE swarm : 48
# output state file  : b1boot15.state
# Including singleton site patterns.
# cost function      : KL
Initial parameter values
Fixed:
      zero = 0
       one = 1
    Tbecnw = 75200
Free:
       pc1 = 0
       pc2 = 0
       pc3 = 0
       pc4 = 0
       pc5 = 0
       pc6 = 0
       pc7 = 0
       pc8 = 0
       pc9 = 0
      pc10 = 0
      pc11 = 0
      pc12 = 0
      pc13 = 0
      pc14 = 0
      pc15 = 0
      pc16 = 0
Constrained:
     Tecnw = 59928.1
       Tnw = 425.937
       Tec = 830.454
     twoNb = 2.27339e+06
     twoNe = 7832.65
     twoNc = 212314
     twoNn = 352372
     twoNw = 1.29476e+06
    twoNec = 157768
    twoNnw = 147397
  twoNecnw = 14119.2
  twoNbecnw = 88504.8
        m3 = 0.163372
        m4 = 0.017518
        m5 = 0.320828
        m6 = 0.254272
        Tc = 212.969
        Td = 106.484
        Te = 53.2422
        Tf = 26.6211
DiffEv reached_goal. cost=2.09746e-03 spread=2.49878e-06
Fitted parameter values
Free:
       pc1 = 2.15195
       pc2 = 1.13711
       pc3 = 3.96801
       pc4 = 1.07857
       pc5 = 3.37325
       pc6 = 1.60782
       pc7 = -0.0218269
       pc8 = 1.8215
       pc9 = 1.10748
      pc10 = 0.781541
      pc11 = -0.27812
      pc12 = 0.146318
      pc13 = -0.0658516
      pc14 = -0.117442
      pc15 = 0.0399202
      pc16 = 0.0123357
Constrained:
     Tecnw = 60360.9
       Tnw = 4.32717
       Tec = 221.333
     twoNb = 7.51349e+06
     twoNe = 2720.13
     twoNc = 363492
     twoNn = 567994
     twoNw = 1.12656e+06
    twoNec = 149976
    twoNnw = 152834
  twoNecnw = 13563.7
  twoNbecnw = 88366.7
        m3 = 0.154146
        m4 = 0.0295236
        m5 = 0.319535
        m6 = 0.274553
        Tc = 2.16359
        Td = 1.08179
        Te = 0.540897
        Tf = 0.270448
#       SitePat  BranchLen
              b 148069.0088718
              e 57818.1945133
              c 60485.0808480
              n 53612.0754419
              w 55810.3640138
            b:e 2616.0960103
            b:c 3210.0514415
            b:n 2140.5797722
            b:w 2367.7072150
            e:c 12266.0262074
            e:n 6842.8886343
            e:w 5984.0389170
            c:n 6013.1379194
            c:w 5503.0221031
            n:w 14763.8344248
          b:e:c 2529.9783977
          b:e:n 1320.7205607
          b:e:w 1311.0043563
          b:c:n 1311.7407079
          b:c:w 1321.5074399
          b:n:w 2528.8807823
          e:c:n 5832.7807426
          e:c:w 5003.4577044
          e:n:w 8065.6692790
          c:n:w 6682.6695559
        b:e:c:n 2368.4940942
        b:e:c:w 2141.3161237
        b:e:n:w 3185.7913705
        b:c:n:w 2617.1936257
        e:c:n:w 61753.6138584
