########################################
# legofit: estimate population history #
#       version 2.3.4-4-g53f8760       #
########################################

# Program was compiled: Sep 21 2021 14:36:42
# Program was run: Thu Sep 23 01:03:05 2021

# cmd: legofit -1 -d 0 -t 32 --ptsPerDim 3 --stateOut b1boot39.state --tol 3e-6 -S 5000 cdef2.lgo ../../boot/boot39.opf
# Stage nOptItr nSimReps
#     0    5000        0
# algorithm          : deterministic
# ignoring probs <=  : 0
# Branch length floor: 0
# DE strategy        : 2
#    F               : 0.3
#    CR              : 0.8
#    tolerance       : 3e-06
# nthreads           : 32
# lgo input file     : cdef2.lgo
# site pat input file: ../../boot/boot39.opf
# free parameters    : 16
# points in DE swarm : 48
# output state file  : b1boot39.state
# Including singleton site patterns.
# cost function      : KL
Initial parameter values
Fixed:
      zero = 0
       one = 1
    Tbecnw = 75200
Free:
       pc1 = 0
       pc2 = 0
       pc3 = 0
       pc4 = 0
       pc5 = 0
       pc6 = 0
       pc7 = 0
       pc8 = 0
       pc9 = 0
      pc10 = 0
      pc11 = 0
      pc12 = 0
      pc13 = 0
      pc14 = 0
      pc15 = 0
      pc16 = 0
Constrained:
     Tecnw = 59928.1
       Tnw = 425.937
       Tec = 830.454
     twoNb = 2.27339e+06
     twoNe = 7832.65
     twoNc = 212314
     twoNn = 352372
     twoNw = 1.29476e+06
    twoNec = 157768
    twoNnw = 147397
  twoNecnw = 14119.2
  twoNbecnw = 88504.8
        m3 = 0.163372
        m4 = 0.017518
        m5 = 0.320828
        m6 = 0.254272
        Tc = 212.969
        Td = 106.484
        Te = 53.2422
        Tf = 26.6211
DiffEv reached_goal. cost=2.05468e-03 spread=2.62940e-06
Fitted parameter values
Free:
       pc1 = 0.215033
       pc2 = 0.0322063
       pc3 = 3.98848
       pc4 = 1.39271
       pc5 = 3.54841
       pc6 = 0.244795
       pc7 = 0.89626
       pc8 = 1.37626
       pc9 = 1.48972
      pc10 = -0.0478659
      pc11 = -0.143407
      pc12 = 0.332007
      pc13 = 0.0640529
      pc14 = -0.226888
      pc15 = 0.0101977
      pc16 = -0.0831538
Constrained:
     Tecnw = 59840.1
       Tnw = 3.28873
       Tec = 594.045
     twoNb = 7.58164e+06
     twoNe = 8308.8
     twoNc = 384316
     twoNn = 378024
     twoNw = 1.63365e+06
    twoNec = 152832
    twoNnw = 151429
  twoNecnw = 14107.5
  twoNbecnw = 88603.8
        m3 = 0.168685
        m4 = 0.0308244
        m5 = 0.307856
        m6 = 0.264748
        Tc = 1.64437
        Td = 0.822183
        Te = 0.411092
        Tf = 0.205546
#       SitePat  BranchLen
              b 148113.0644501
              e 57859.9163263
              c 60540.7751779
              n 53601.3787949
              w 55958.9652622
            b:e 2640.2659124
            b:c 3254.8247630
            b:n 2162.0631671
            b:w 2410.9373868
            e:c 12249.0881560
            e:n 6881.4193091
            e:w 5980.3188177
            c:n 6063.1425735
            c:w 5506.0511197
            n:w 14758.7111000
          b:e:c 2551.3149718
          b:e:n 1339.7162950
          b:e:w 1329.9487278
          b:c:n 1330.7299975
          b:c:w 1340.5554307
          b:n:w 2550.1537164
          e:c:n 5949.8725958
          e:c:w 5050.4780737
          e:n:w 8133.1264538
          c:n:w 6716.5689053
        b:e:c:n 2411.7765226
        b:e:c:w 2162.8444369
        b:e:n:w 3229.3632934
        b:c:n:w 2641.4271678
        e:c:n:w 61699.5363470
