########################################
# legofit: estimate population history #
#       version 2.3.4-4-g53f8760       #
########################################

# Program was compiled: Sep 21 2021 14:36:42
# Program was run: Thu Sep 23 01:02:33 2021

# cmd: legofit -1 -d 0 -t 32 --ptsPerDim 3 --stateOut b1boot10.state --tol 3e-6 -S 5000 cdef2.lgo ../../boot/boot10.opf
# Stage nOptItr nSimReps
#     0    5000        0
# algorithm          : deterministic
# ignoring probs <=  : 0
# Branch length floor: 0
# DE strategy        : 2
#    F               : 0.3
#    CR              : 0.8
#    tolerance       : 3e-06
# nthreads           : 32
# lgo input file     : cdef2.lgo
# site pat input file: ../../boot/boot10.opf
# free parameters    : 16
# points in DE swarm : 48
# output state file  : b1boot10.state
# Including singleton site patterns.
# cost function      : KL
Initial parameter values
Fixed:
      zero = 0
       one = 1
    Tbecnw = 75200
Free:
       pc1 = 0
       pc2 = 0
       pc3 = 0
       pc4 = 0
       pc5 = 0
       pc6 = 0
       pc7 = 0
       pc8 = 0
       pc9 = 0
      pc10 = 0
      pc11 = 0
      pc12 = 0
      pc13 = 0
      pc14 = 0
      pc15 = 0
      pc16 = 0
Constrained:
     Tecnw = 59928.1
       Tnw = 425.937
       Tec = 830.454
     twoNb = 2.27339e+06
     twoNe = 7832.65
     twoNc = 212314
     twoNn = 352372
     twoNw = 1.29476e+06
    twoNec = 157768
    twoNnw = 147397
  twoNecnw = 14119.2
  twoNbecnw = 88504.8
        m3 = 0.163372
        m4 = 0.017518
        m5 = 0.320828
        m6 = 0.254272
        Tc = 212.969
        Td = 106.484
        Te = 53.2422
        Tf = 26.6211
DiffEv reached_goal. cost=2.10883e-03 spread=2.97627e-06
Fitted parameter values
Free:
       pc1 = 2.76982
       pc2 = 0.834697
       pc3 = 3.92177
       pc4 = 1.41849
       pc5 = 3.95627
       pc6 = 1.87882
       pc7 = 0.423653
       pc8 = 0.253734
       pc9 = 1.70712
      pc10 = -0.593603
      pc11 = -0.245086
      pc12 = 0.0176772
      pc13 = -0.06682
      pc14 = 0.120512
      pc15 = 0.0524119
      pc16 = -0.00593365
Constrained:
     Tecnw = 60276.5
       Tnw = 230.404
       Tec = 213.467
     twoNb = 7.26069e+06
     twoNe = 1178.1
     twoNc = 394515
     twoNn = 624676
     twoNw = 1.99418e+06
    twoNec = 149060
    twoNnw = 152938
  twoNecnw = 13659.1
  twoNbecnw = 89289.8
        m3 = 0.148762
        m4 = 0.0312509
        m5 = 0.318072
        m6 = 0.276326
        Tc = 115.202
        Td = 57.6011
        Te = 28.8006
        Tf = 14.4003
#       SitePat  BranchLen
              b 148777.3355586
              e 57938.5946121
              c 60598.5939240
              n 53729.2074094
              w 55885.3298627
            b:e 2652.5509396
            b:c 3269.3240996
            b:n 2168.8002219
            b:w 2392.8736720
            e:c 12364.6312082
            e:n 6839.8140621
            e:w 5979.8662715
            c:n 6011.4866939
            c:w 5529.9840709
            n:w 14842.8379009
          b:e:c 2568.2374202
          b:e:n 1335.6448643
          b:e:w 1323.3757120
          b:c:n 1324.1890374
          b:c:w 1336.5132338
          b:n:w 2567.0217852
          e:c:n 5869.6430026
          e:c:w 5054.9709628
          e:n:w 8165.8748505
          c:n:w 6754.5310504
        b:e:c:n 2393.7420415
        b:e:c:w 2169.6135473
        b:e:n:w 3242.6673725
        b:c:n:w 2653.7665746
        e:c:n:w 62276.4292134
