########################################
# legofit: estimate population history #
#       version 2.3.4-4-g53f8760       #
########################################

# Program was compiled: Sep 21 2021 14:36:42
# Program was run: Thu Sep 23 01:03:12 2021

# cmd: legofit -1 -d 0 -t 32 --ptsPerDim 3 --stateOut b1boot41.state --tol 3e-6 -S 5000 cdef2.lgo ../../boot/boot41.opf
# Stage nOptItr nSimReps
#     0    5000        0
# algorithm          : deterministic
# ignoring probs <=  : 0
# Branch length floor: 0
# DE strategy        : 2
#    F               : 0.3
#    CR              : 0.8
#    tolerance       : 3e-06
# nthreads           : 32
# lgo input file     : cdef2.lgo
# site pat input file: ../../boot/boot41.opf
# free parameters    : 16
# points in DE swarm : 48
# output state file  : b1boot41.state
# Including singleton site patterns.
# cost function      : KL
Initial parameter values
Fixed:
      zero = 0
       one = 1
    Tbecnw = 75200
Free:
       pc1 = 0
       pc2 = 0
       pc3 = 0
       pc4 = 0
       pc5 = 0
       pc6 = 0
       pc7 = 0
       pc8 = 0
       pc9 = 0
      pc10 = 0
      pc11 = 0
      pc12 = 0
      pc13 = 0
      pc14 = 0
      pc15 = 0
      pc16 = 0
Constrained:
     Tecnw = 59928.1
       Tnw = 425.937
       Tec = 830.454
     twoNb = 2.27339e+06
     twoNe = 7832.65
     twoNc = 212314
     twoNn = 352372
     twoNw = 1.29476e+06
    twoNec = 157768
    twoNnw = 147397
  twoNecnw = 14119.2
  twoNbecnw = 88504.8
        m3 = 0.163372
        m4 = 0.017518
        m5 = 0.320828
        m6 = 0.254272
        Tc = 212.969
        Td = 106.484
        Te = 53.2422
        Tf = 26.6211
DiffEv reached_goal. cost=2.10090e-03 spread=2.99834e-06
Fitted parameter values
Free:
       pc1 = 1.25972
       pc2 = 1.0049
       pc3 = 3.78579
       pc4 = 1.53004
       pc5 = 3.58605
       pc6 = 1.65231
       pc7 = 0.601603
       pc8 = 1.66934
       pc9 = 1.41321
      pc10 = 0.408609
      pc11 = -0.222526
      pc12 = 0.30406
      pc13 = -0.196672
      pc14 = -0.07274
      pc15 = 0.00204354
      pc16 = -0.0803966
Constrained:
     Tecnw = 60113
       Tnw = 15.2738
       Tec = 259.266
     twoNb = 7.93646e+06
     twoNe = 2877.45
     twoNc = 331929
     twoNn = 483840
     twoNw = 1.51017e+06
    twoNec = 152126
    twoNnw = 152937
  twoNecnw = 13875.9
  twoNbecnw = 88353.7
        m3 = 0.156128
        m4 = 0.0296013
        m5 = 0.316174
        m6 = 0.269498
        Tc = 7.63688
        Td = 3.81844
        Te = 1.90922
        Tf = 0.954609
#       SitePat  BranchLen
              b 147926.8031470
              e 57839.3026612
              c 60606.0610415
              n 53630.3340448
              w 55895.2991363
            b:e 2634.0496223
            b:c 3237.6206028
            b:n 2157.6136602
            b:w 2391.1338186
            e:c 12272.2879077
            e:n 6898.6421244
            e:w 5992.4052582
            c:n 6010.0813079
            c:w 5500.4495716
            n:w 14794.3975126
          b:e:c 2548.9235986
          b:e:n 1333.9805508
          b:e:w 1322.1335479
          b:c:n 1322.8432599
          b:c:w 1334.7403066
          b:n:w 2547.8667207
          e:c:n 5884.3515810
          e:c:w 5035.2550919
          e:n:w 8116.3753058
          c:n:w 6704.4380538
        b:e:c:n 2391.8935744
        b:e:c:w 2158.3233721
        b:e:n:w 3214.4515734
        b:c:n:w 2635.1065002
        e:c:n:w 61515.1080857
