########################################
# legofit: estimate population history #
#       version 2.3.4-4-g53f8760       #
########################################

# Program was compiled: Sep 21 2021 14:36:42
# Program was run: Thu Sep 23 01:02:45 2021

# cmd: legofit -1 -d 0 -t 32 --ptsPerDim 3 --stateOut b1boot22.state --tol 3e-6 -S 5000 cdef2.lgo ../../boot/boot22.opf
# Stage nOptItr nSimReps
#     0    5000        0
# algorithm          : deterministic
# ignoring probs <=  : 0
# Branch length floor: 0
# DE strategy        : 2
#    F               : 0.3
#    CR              : 0.8
#    tolerance       : 3e-06
# nthreads           : 32
# lgo input file     : cdef2.lgo
# site pat input file: ../../boot/boot22.opf
# free parameters    : 16
# points in DE swarm : 48
# output state file  : b1boot22.state
# Including singleton site patterns.
# cost function      : KL
Initial parameter values
Fixed:
      zero = 0
       one = 1
    Tbecnw = 75200
Free:
       pc1 = 0
       pc2 = 0
       pc3 = 0
       pc4 = 0
       pc5 = 0
       pc6 = 0
       pc7 = 0
       pc8 = 0
       pc9 = 0
      pc10 = 0
      pc11 = 0
      pc12 = 0
      pc13 = 0
      pc14 = 0
      pc15 = 0
      pc16 = 0
Constrained:
     Tecnw = 59928.1
       Tnw = 425.937
       Tec = 830.454
     twoNb = 2.27339e+06
     twoNe = 7832.65
     twoNc = 212314
     twoNn = 352372
     twoNw = 1.29476e+06
    twoNec = 157768
    twoNnw = 147397
  twoNecnw = 14119.2
  twoNbecnw = 88504.8
        m3 = 0.163372
        m4 = 0.017518
        m5 = 0.320828
        m6 = 0.254272
        Tc = 212.969
        Td = 106.484
        Te = 53.2422
        Tf = 26.6211
DiffEv reached_goal. cost=2.10384e-03 spread=2.95327e-06
Fitted parameter values
Free:
       pc1 = 2.72102
       pc2 = 0.823166
       pc3 = 3.79795
       pc4 = 1.14886
       pc5 = 3.34843
       pc6 = 1.10347
       pc7 = 0.529312
       pc8 = 1.57173
       pc9 = 1.85845
      pc10 = -0.203538
      pc11 = -0.311168
      pc12 = 0.0409964
      pc13 = 0.16273
      pc14 = -0.161391
      pc15 = 0.0288532
      pc16 = -0.0546334
Constrained:
     Tecnw = 60415.6
       Tnw = 0.268518
       Tec = 411.743
     twoNb = 7.48442e+06
     twoNe = 5236.91
     twoNc = 303749
     twoNn = 373626
     twoNw = 1.46914e+06
    twoNec = 149131
    twoNnw = 153072
  twoNecnw = 13573.7
  twoNbecnw = 89105.8
        m3 = 0.153603
        m4 = 0.02969
        m5 = 0.318769
        m6 = 0.276177
        Tc = 0.134259
        Td = 0.0671294
        Te = 0.0335647
        Tf = 0.0167824
#       SitePat  BranchLen
              b 148606.2133169
              e 57975.6480169
              c 60585.2760059
              n 53728.1987935
              w 55914.2080509
            b:e 2653.3333749
            b:c 3246.1556186
            b:n 2169.6453442
            b:w 2398.9227524
            e:c 12331.4383412
            e:n 6860.6727124
            e:w 6008.2642869
            c:n 6051.2434433
            c:w 5548.5469280
            n:w 14836.6587079
          b:e:c 2564.3511648
          b:e:n 1338.0027929
          b:e:w 1327.6235281
          b:c:n 1328.3750540
          b:c:w 1338.8058185
          b:n:w 2563.2301807
          e:c:n 5882.5666027
          e:c:w 5051.6622861
          e:n:w 8118.6287486
          c:n:w 6750.9119864
        b:e:c:n 2399.7257780
        b:e:c:w 2170.3968702
        b:e:n:w 3221.5957530
        b:c:n:w 2654.4543590
        e:c:n:w 62076.9214495
