########################################
# legofit: estimate population history #
#       version 2.3.4-4-g53f8760       #
########################################

# Program was compiled: Sep 21 2021 14:36:42
# Program was run: Sun Oct 24 11:15:05 2021

# cmd: legofit -1 -d 0 -t 56 --ptsPerDim 3 --stateOut b1.state --tol 3e-6 -S 5000 abdefgh2.lgo ../../chrX/pan_chrX.opf
# Stage nOptItr nSimReps
#     0    5000        0
# algorithm          : deterministic
# ignoring probs <=  : 0
# Branch length floor: 0
# DE strategy        : 2
#    F               : 0.3
#    CR              : 0.8
#    tolerance       : 3e-06
# nthreads           : 56
# lgo input file     : abdefgh2.lgo
# site pat input file: ../../chrX/pan_chrX.opf
# free parameters    : 20
# points in DE swarm : 60
# output state file  : b1.state
# Including singleton site patterns.
# cost function      : KL
Initial parameter values
Fixed:
      zero = 0
       one = 1
    Tbecnw = 75200
Free:
       pc1 = 0
       pc2 = 0
       pc3 = 0
       pc4 = 0
       pc5 = 0
       pc6 = 0
       pc7 = 0
       pc8 = 0
       pc9 = 0
      pc10 = 0
      pc11 = 0
      pc12 = 0
      pc13 = 0
      pc14 = 0
      pc15 = 0
      pc16 = 0
      pc17 = 0
      pc18 = 0
      pc19 = 0
      pc20 = 0
Constrained:
   Tgbecnw = 123508
     Tecnw = 31129.7
       Tnw = 12317.9
       Tec = 10517.6
     twoNb = 1.06612e+07
     twoNe = 5.952e+06
     twoNc = 2.30284e+07
     twoNw = 1.43308e+06
    twoNec = 49714.2
    twoNnw = 71161.4
  twoNecnw = 55165.9
  twoNbecnw = 15236
  twoNgbecnw = 282415
         m = 0.0958365
        m2 = 0.00156272
        m4 = 0.0211495
        m5 = 0.141406
        m6 = 2.79259e-07
        m7 = 0.0183255
        m8 = 0.197678
        Th = 11417.8
        Tb = 21273.7
        Ta = 48236.9
        Td = 5258.81
        Te = 2629.41
        Tf = 1314.7
        Tg = 657.351
DiffEv reached_goal. cost=2.14426e-03 spread=2.75798e-06
Fitted parameter values
Free:
       pc1 = -3.96036
       pc2 = 0.299323
       pc3 = -1.62895
       pc4 = 3.93217
       pc5 = 0.6427
       pc6 = -2.11282
       pc7 = 1.50617
       pc8 = 0.403874
       pc9 = 0.98357
      pc10 = 1.6262
      pc11 = 0.448273
      pc12 = -0.50924
      pc13 = 0.970694
      pc14 = 0.0295774
      pc15 = -0.480545
      pc16 = 0.251799
      pc17 = -0.0269313
      pc18 = 0.186749
      pc19 = -0.087143
      pc20 = -0.033117
Constrained:
   Tgbecnw = 83603.7
     Tecnw = 26444.1
       Tnw = 17684.2
       Tec = 11814.1
     twoNb = 4.56415e+07
     twoNe = 3.15769e+07
     twoNc = 1.71641e+08
     twoNw = 2.67629e+06
    twoNec = 41025.3
    twoNnw = 30546.4
  twoNecnw = 63577
  twoNbecnw = 2743.22
  twoNgbecnw = 369111
         m = 0.076105
        m2 = 2.63388e-05
        m4 = 0.0188745
        m5 = 0.148205
        m6 = 7.39533e-07
        m7 = 0.0180634
        m8 = 0.185952
        Th = 14749.1
        Tb = 20596.6
        Ta = 47898.3
        Td = 5907.05
        Te = 2953.52
        Tf = 1476.76
        Tg = 738.381
#       SitePat  BranchLen
              b 115367.1809004
              e 43029.6558962
              c 44865.2408912
              n 42128.5019179
              w 42088.6498365
            b:e 1165.5630522
            b:c 1295.2604662
            b:n 993.2429069
            b:w 991.4360579
            e:c 11445.2282982
            e:n 4443.4401737
            e:w 4475.6200039
            c:n 3968.6536800
            c:w 3966.6022471
            n:w 11781.0786433
          b:e:c 1250.9843482
          b:e:n 550.7434304
          b:e:w 551.9098887
          b:c:n 555.1939853
          b:c:w 553.8968712
          b:n:w 1238.7425112
          e:c:n 4041.4131341
          e:c:w 4051.1368182
          e:n:w 5546.6887979
          c:n:w 4713.6625915
        b:e:c:n 1103.1501944
        b:e:c:w 1105.0876994
        b:e:n:w 1850.9993694
        b:c:n:w 1696.1098752
        e:c:n:w 45657.8805595
