########################################
# legofit: estimate population history #
#       version 2.3.4-4-g53f8760       #
########################################

# Program was compiled: Sep 21 2021 14:36:42
# Program was run: Sun Oct 24 13:14:44 2021

# cmd: legofit -1 -d 0 -t 56 --ptsPerDim 3 --stateOut b1boot32.state --tol 3e-6 -S 5000 abdefgh2.lgo ../../chrX/boot_chrX/boot32.opf
# Stage nOptItr nSimReps
#     0    5000        0
# algorithm          : deterministic
# ignoring probs <=  : 0
# Branch length floor: 0
# DE strategy        : 2
#    F               : 0.3
#    CR              : 0.8
#    tolerance       : 3e-06
# nthreads           : 56
# lgo input file     : abdefgh2.lgo
# site pat input file: ../../chrX/boot_chrX/boot32.opf
# free parameters    : 20
# points in DE swarm : 60
# output state file  : b1boot32.state
# Including singleton site patterns.
# cost function      : KL
Initial parameter values
Fixed:
      zero = 0
       one = 1
    Tbecnw = 75200
Free:
       pc1 = 0
       pc2 = 0
       pc3 = 0
       pc4 = 0
       pc5 = 0
       pc6 = 0
       pc7 = 0
       pc8 = 0
       pc9 = 0
      pc10 = 0
      pc11 = 0
      pc12 = 0
      pc13 = 0
      pc14 = 0
      pc15 = 0
      pc16 = 0
      pc17 = 0
      pc18 = 0
      pc19 = 0
      pc20 = 0
Constrained:
   Tgbecnw = 123508
     Tecnw = 31129.7
       Tnw = 12317.9
       Tec = 10517.6
     twoNb = 1.06612e+07
     twoNe = 5.952e+06
     twoNc = 2.30284e+07
     twoNw = 1.43308e+06
    twoNec = 49714.2
    twoNnw = 71161.4
  twoNecnw = 55165.9
  twoNbecnw = 15236
  twoNgbecnw = 282415
         m = 0.0958365
        m2 = 0.00156272
        m4 = 0.0211495
        m5 = 0.141406
        m6 = 2.79259e-07
        m7 = 0.0183255
        m8 = 0.197678
        Th = 11417.8
        Tb = 21273.7
        Ta = 48236.9
        Td = 5258.81
        Te = 2629.41
        Tf = 1314.7
        Tg = 657.351
DiffEv reached_goal. cost=2.02704e-03 spread=2.34609e-06
Fitted parameter values
Free:
       pc1 = -3.874
       pc2 = 1.78202
       pc3 = -1.75506
       pc4 = 2.67188
       pc5 = 0.687172
       pc6 = -0.44445
       pc7 = 1.7428
       pc8 = 0.714952
       pc9 = 1.50757
      pc10 = 1.30076
      pc11 = 0.821416
      pc12 = -0.127555
      pc13 = 0.966714
      pc14 = 0.488757
      pc15 = -0.497271
      pc16 = 0.0265924
      pc17 = -0.149241
      pc18 = 0.161739
      pc19 = -0.181507
      pc20 = 0.0221298
Constrained:
   Tgbecnw = 84467.7
     Tecnw = 26508.1
       Tnw = 19400.3
       Tec = 11901.9
     twoNb = 3.19355e+07
     twoNe = 5.44963e+06
     twoNc = 1.1323e+08
     twoNw = 2.5902e+06
    twoNec = 41732
    twoNnw = 24086.5
  twoNecnw = 62767.4
  twoNbecnw = 2965.1
  twoNgbecnw = 391708
         m = 0.070596
        m2 = 0.000587533
        m4 = 0.0170767
        m5 = 0.149496
        m6 = 1.01305e-06
        m7 = 0.0178159
        m8 = 0.187236
        Th = 15651.1
        Tb = 21079.6
        Ta = 48139.8
        Td = 5950.96
        Te = 2975.48
        Tf = 1487.74
        Tg = 743.87
#       SitePat  BranchLen
              b 115255.0104607
              e 42974.8210681
              c 44730.1518090
              n 42169.5216645
              w 42122.9658092
            b:e 1163.0805873
            b:c 1286.2582116
            b:n 985.7843396
            b:w 983.6084839
            e:c 11458.8410315
            e:n 4354.8785299
            e:w 4391.6001816
            c:n 3904.6521133
            c:w 3902.6725886
            n:w 11652.2601605
          b:e:c 1253.3846181
          b:e:n 544.3345004
          b:e:w 545.6663859
          b:c:n 548.7116464
          b:c:w 547.2276655
          b:n:w 1242.1970483
          e:c:n 4038.6733575
          e:c:w 4050.4870859
          e:n:w 5567.5039402
          c:n:w 4736.5726818
        b:e:c:n 1091.5825932
        b:e:c:w 1093.9105443
        b:e:n:w 1806.4534597
        b:c:n:w 1692.0919401
        e:c:n:w 45704.0846870
