########################################
# legofit: estimate population history #
#       version 2.3.4-4-g53f8760       #
########################################

# Program was compiled: Sep 21 2021 14:36:42
# Program was run: Sun Oct 24 13:17:56 2021

# cmd: legofit -1 -d 0 -t 56 --ptsPerDim 3 --stateOut b1boot34.state --tol 3e-6 -S 5000 abdefgh2.lgo ../../chrX/boot_chrX/boot34.opf
# Stage nOptItr nSimReps
#     0    5000        0
# algorithm          : deterministic
# ignoring probs <=  : 0
# Branch length floor: 0
# DE strategy        : 2
#    F               : 0.3
#    CR              : 0.8
#    tolerance       : 3e-06
# nthreads           : 56
# lgo input file     : abdefgh2.lgo
# site pat input file: ../../chrX/boot_chrX/boot34.opf
# free parameters    : 20
# points in DE swarm : 60
# output state file  : b1boot34.state
# Including singleton site patterns.
# cost function      : KL
Initial parameter values
Fixed:
      zero = 0
       one = 1
    Tbecnw = 75200
Free:
       pc1 = 0
       pc2 = 0
       pc3 = 0
       pc4 = 0
       pc5 = 0
       pc6 = 0
       pc7 = 0
       pc8 = 0
       pc9 = 0
      pc10 = 0
      pc11 = 0
      pc12 = 0
      pc13 = 0
      pc14 = 0
      pc15 = 0
      pc16 = 0
      pc17 = 0
      pc18 = 0
      pc19 = 0
      pc20 = 0
Constrained:
   Tgbecnw = 123508
     Tecnw = 31129.7
       Tnw = 12317.9
       Tec = 10517.6
     twoNb = 1.06612e+07
     twoNe = 5.952e+06
     twoNc = 2.30284e+07
     twoNw = 1.43308e+06
    twoNec = 49714.2
    twoNnw = 71161.4
  twoNecnw = 55165.9
  twoNbecnw = 15236
  twoNgbecnw = 282415
         m = 0.0958365
        m2 = 0.00156272
        m4 = 0.0211495
        m5 = 0.141406
        m6 = 2.79259e-07
        m7 = 0.0183255
        m8 = 0.197678
        Th = 11417.8
        Tb = 21273.7
        Ta = 48236.9
        Td = 5258.81
        Te = 2629.41
        Tf = 1314.7
        Tg = 657.351
DiffEv reached_goal. cost=1.96911e-03 spread=2.49745e-06
Fitted parameter values
Free:
       pc1 = -3.98317
       pc2 = 1.57613
       pc3 = -1.99493
       pc4 = 3.09603
       pc5 = -0.624695
       pc6 = -1.75613
       pc7 = 0.661014
       pc8 = 0.217194
       pc9 = 0.51183
      pc10 = -0.067237
      pc11 = 1.40812
      pc12 = -1.49342
      pc13 = 0.743775
      pc14 = -0.0117827
      pc15 = -0.350187
      pc16 = 0.0448865
      pc17 = -0.16982
      pc18 = 0.141685
      pc19 = 0.0124215
      pc20 = 0.00246612
Constrained:
   Tgbecnw = 96429.5
     Tecnw = 25864.1
       Tnw = 19048.4
       Tec = 14055
     twoNb = 4.4204e+07
     twoNe = 1.45836e+07
     twoNc = 1.65575e+08
     twoNw = 2.5353e+06
    twoNec = 34729.5
    twoNnw = 25253.7
  twoNecnw = 64976.5
  twoNbecnw = 6698.88
  twoNgbecnw = 340930
         m = 0.0852271
        m2 = 4.63158e-05
        m4 = 0.0196134
        m5 = 0.159137
        m6 = 5.94471e-07
        m7 = 0.0158794
        m8 = 0.14749
        Th = 16551.7
        Tb = 21207.9
        Ta = 48204
        Td = 7027.52
        Te = 3513.76
        Tf = 1756.88
        Tg = 878.439
#       SitePat  BranchLen
              b 118230.6803599
              e 43483.4740479
              c 45611.6222960
              n 42969.1716629
              w 42927.0054055
            b:e 1128.1193582
            b:c 1284.9533166
            b:n 996.1081954
            b:w 994.2344014
            e:c 11632.2601265
            e:n 4504.4268947
            e:w 4541.2049536
            c:n 3981.6673199
            c:w 3976.8254072
            n:w 11875.8096052
          b:e:c 1233.6026979
          b:e:n 540.1025688
          b:e:w 541.5251280
          b:c:n 544.8056748
          b:c:w 543.2656446
          b:n:w 1226.3665074
          e:c:n 4201.4889284
          e:c:w 4211.7190396
          e:n:w 5618.0408448
          c:n:w 4665.8417856
        b:e:c:n 1089.3259119
        b:e:c:w 1091.3171769
        b:e:n:w 1855.5395710
        b:c:n:w 1603.4518951
        e:c:n:w 47231.2513000
