########################################
# legofit: estimate population history #
#       version 2.3.4-4-g53f8760       #
########################################

# Program was compiled: Sep 21 2021 14:36:42
# Program was run: Sun Oct 24 13:50:02 2021

# cmd: legofit -1 -d 0 -t 56 --ptsPerDim 3 --stateOut b1boot41.state --tol 3e-6 -S 5000 abdefgh2.lgo ../../chrX/boot_chrX/boot41.opf
# Stage nOptItr nSimReps
#     0    5000        0
# algorithm          : deterministic
# ignoring probs <=  : 0
# Branch length floor: 0
# DE strategy        : 2
#    F               : 0.3
#    CR              : 0.8
#    tolerance       : 3e-06
# nthreads           : 56
# lgo input file     : abdefgh2.lgo
# site pat input file: ../../chrX/boot_chrX/boot41.opf
# free parameters    : 20
# points in DE swarm : 60
# output state file  : b1boot41.state
# Including singleton site patterns.
# cost function      : KL
Initial parameter values
Fixed:
      zero = 0
       one = 1
    Tbecnw = 75200
Free:
       pc1 = 0
       pc2 = 0
       pc3 = 0
       pc4 = 0
       pc5 = 0
       pc6 = 0
       pc7 = 0
       pc8 = 0
       pc9 = 0
      pc10 = 0
      pc11 = 0
      pc12 = 0
      pc13 = 0
      pc14 = 0
      pc15 = 0
      pc16 = 0
      pc17 = 0
      pc18 = 0
      pc19 = 0
      pc20 = 0
Constrained:
   Tgbecnw = 123508
     Tecnw = 31129.7
       Tnw = 12317.9
       Tec = 10517.6
     twoNb = 1.06612e+07
     twoNe = 5.952e+06
     twoNc = 2.30284e+07
     twoNw = 1.43308e+06
    twoNec = 49714.2
    twoNnw = 71161.4
  twoNecnw = 55165.9
  twoNbecnw = 15236
  twoNgbecnw = 282415
         m = 0.0958365
        m2 = 0.00156272
        m4 = 0.0211495
        m5 = 0.141406
        m6 = 2.79259e-07
        m7 = 0.0183255
        m8 = 0.197678
        Th = 11417.8
        Tb = 21273.7
        Ta = 48236.9
        Td = 5258.81
        Te = 2629.41
        Tf = 1314.7
        Tg = 657.351
DiffEv reached_goal. cost=2.12265e-03 spread=2.36744e-06
Fitted parameter values
Free:
       pc1 = -3.97314
       pc2 = 0.195311
       pc3 = -0.443585
       pc4 = 3.7483
       pc5 = -0.099207
       pc6 = 0.489147
       pc7 = -0.0706226
       pc8 = 0.140375
       pc9 = 0.459161
      pc10 = 1.03907
      pc11 = -0.623614
      pc12 = -0.772675
      pc13 = 0.409898
      pc14 = -0.279209
      pc15 = -0.0134385
      pc16 = 0.408562
      pc17 = 0.0737591
      pc18 = 0.192145
      pc19 = 0.0164481
      pc20 = -0.00828
Constrained:
   Tgbecnw = 95107.7
     Tecnw = 27184.9
       Tnw = 18185.2
       Tec = 13715.2
     twoNb = 1.57692e+06
     twoNe = 2.2706e+07
     twoNc = 1.30525e+08
     twoNw = 3.11613e+06
    twoNec = 37042.6
    twoNnw = 30814.6
  twoNecnw = 68165
  twoNbecnw = 7085.79
  twoNgbecnw = 249775
         m = 0.123967
        m2 = 0.000110775
        m4 = 0.0199892
        m5 = 0.142996
        m6 = 7.578e-07
        m7 = 0.0178484
        m8 = 0.192951
        Th = 15950.2
        Tb = 21567.6
        Ta = 48383.8
        Td = 6857.6
        Te = 3428.8
        Tf = 1714.4
        Tg = 857.199
#       SitePat  BranchLen
              b 120212.2781743
              e 44727.6012221
              c 46660.0211784
              n 43506.4846785
              w 43474.1151352
            b:e 1310.0920157
            b:c 1454.1863954
            b:n 1043.2108758
            b:w 1041.7247557
            e:c 11673.3032627
            e:n 4617.8171414
            e:w 4644.8561964
            c:n 4125.8770595
            c:w 4123.4249403
            n:w 12286.7361708
          b:e:c 1314.0495723
          b:e:n 579.0309240
          b:e:w 580.0622417
          b:c:n 583.1989526
          b:c:w 582.0687851
          b:n:w 1303.1867501
          e:c:n 4132.8550187
          e:c:w 4140.6376264
          e:n:w 5809.8572262
          c:n:w 4940.8512414
        b:e:c:n 1149.0084826
        b:e:c:w 1150.5934525
        b:e:n:w 1951.9617515
        b:c:n:w 1751.6501330
        e:c:n:w 48224.5774231
