########################################
# legofit: estimate population history #
#       version 2.3.4-4-g53f8760       #
########################################

# Program was compiled: Sep 21 2021 14:36:42
# Program was run: Sun Oct 24 11:15:05 2021

# cmd: legofit -1 -d 0 -t 56 --ptsPerDim 3 --stateOut b1boot11.state --tol 3e-6 -S 5000 abdefgh2.lgo ../../chrX/boot_chrX/boot11.opf
# Stage nOptItr nSimReps
#     0    5000        0
# algorithm          : deterministic
# ignoring probs <=  : 0
# Branch length floor: 0
# DE strategy        : 2
#    F               : 0.3
#    CR              : 0.8
#    tolerance       : 3e-06
# nthreads           : 56
# lgo input file     : abdefgh2.lgo
# site pat input file: ../../chrX/boot_chrX/boot11.opf
# free parameters    : 20
# points in DE swarm : 60
# output state file  : b1boot11.state
# Including singleton site patterns.
# cost function      : KL
Initial parameter values
Fixed:
      zero = 0
       one = 1
    Tbecnw = 75200
Free:
       pc1 = 0
       pc2 = 0
       pc3 = 0
       pc4 = 0
       pc5 = 0
       pc6 = 0
       pc7 = 0
       pc8 = 0
       pc9 = 0
      pc10 = 0
      pc11 = 0
      pc12 = 0
      pc13 = 0
      pc14 = 0
      pc15 = 0
      pc16 = 0
      pc17 = 0
      pc18 = 0
      pc19 = 0
      pc20 = 0
Constrained:
   Tgbecnw = 123508
     Tecnw = 31129.7
       Tnw = 12317.9
       Tec = 10517.6
     twoNb = 1.06612e+07
     twoNe = 5.952e+06
     twoNc = 2.30284e+07
     twoNw = 1.43308e+06
    twoNec = 49714.2
    twoNnw = 71161.4
  twoNecnw = 55165.9
  twoNbecnw = 15236
  twoNgbecnw = 282415
         m = 0.0958365
        m2 = 0.00156272
        m4 = 0.0211495
        m5 = 0.141406
        m6 = 2.79259e-07
        m7 = 0.0183255
        m8 = 0.197678
        Th = 11417.8
        Tb = 21273.7
        Ta = 48236.9
        Td = 5258.81
        Te = 2629.41
        Tf = 1314.7
        Tg = 657.351
DiffEv reached_goal. cost=2.16107e-03 spread=2.69104e-06
Fitted parameter values
Free:
       pc1 = -3.95538
       pc2 = 1.69496
       pc3 = -1.79353
       pc4 = 3.93396
       pc5 = 1.79645
       pc6 = -0.193535
       pc7 = 1.99342
       pc8 = -1.49607
       pc9 = 1.06342
      pc10 = 1.6121
      pc11 = -0.601994
      pc12 = -0.322935
      pc13 = 0.824742
      pc14 = 0.66011
      pc15 = -0.303596
      pc16 = 0.369617
      pc17 = 0.140648
      pc18 = 0.0837883
      pc19 = -0.014371
      pc20 = 0.0154152
Constrained:
   Tgbecnw = 82877.3
     Tecnw = 25511.3
       Tnw = 18329.9
       Tec = 12265.8
     twoNb = 3.53964e+06
     twoNe = 3.0135e+07
     twoNc = 6.50325e+07
     twoNw = 2.72411e+06
    twoNec = 37346.1
    twoNnw = 24393
  twoNecnw = 65542.4
  twoNbecnw = 2423.23
  twoNgbecnw = 411199
         m = 0.0695092
        m2 = 0.000487242
        m4 = 0.0163111
        m5 = 0.143522
        m6 = 1.8676e-06
        m7 = 0.0186738
        m8 = 0.175115
        Th = 15297.9
        Tb = 20404.6
        Ta = 47802.3
        Td = 6132.91
        Te = 3066.46
        Tf = 1533.23
        Tg = 766.614
#       SitePat  BranchLen
              b 115617.3194381
              e 42707.6975883
              c 44366.5088772
              n 41780.7840846
              w 41742.8022922
            b:e 1190.3697474
            b:c 1294.1821010
            b:n 992.8685507
            b:w 991.1103811
            e:c 11722.8461130
            e:n 4377.5584730
            e:w 4408.3840464
            c:n 3935.3447177
            c:w 3933.0078973
            n:w 12022.9460342
          b:e:c 1279.8961671
          b:e:n 544.8766570
          b:e:w 546.0227398
          b:c:n 548.7954992
          b:c:w 547.5172018
          b:n:w 1267.0542021
          e:c:n 4062.3769000
          e:c:w 4071.8699395
          e:n:w 5544.3543218
          c:n:w 4756.3275237
        b:e:c:n 1107.4748042
        b:e:c:w 1109.3651882
        b:e:n:w 1794.7512428
        b:c:n:w 1732.3310096
        e:c:n:w 46096.0910798
