########################################
# legofit: estimate population history #
#       version 2.3.4-4-g53f8760       #
########################################

# Program was compiled: Sep 21 2021 14:36:42
# Program was run: Sun Oct 24 14:09:30 2021

# cmd: legofit -1 -d 0 -t 56 --ptsPerDim 3 --stateOut b1boot43.state --tol 3e-6 -S 5000 abdefgh2.lgo ../../chrX/boot_chrX/boot43.opf
# Stage nOptItr nSimReps
#     0    5000        0
# algorithm          : deterministic
# ignoring probs <=  : 0
# Branch length floor: 0
# DE strategy        : 2
#    F               : 0.3
#    CR              : 0.8
#    tolerance       : 3e-06
# nthreads           : 56
# lgo input file     : abdefgh2.lgo
# site pat input file: ../../chrX/boot_chrX/boot43.opf
# free parameters    : 20
# points in DE swarm : 60
# output state file  : b1boot43.state
# Including singleton site patterns.
# cost function      : KL
Initial parameter values
Fixed:
      zero = 0
       one = 1
    Tbecnw = 75200
Free:
       pc1 = 0
       pc2 = 0
       pc3 = 0
       pc4 = 0
       pc5 = 0
       pc6 = 0
       pc7 = 0
       pc8 = 0
       pc9 = 0
      pc10 = 0
      pc11 = 0
      pc12 = 0
      pc13 = 0
      pc14 = 0
      pc15 = 0
      pc16 = 0
      pc17 = 0
      pc18 = 0
      pc19 = 0
      pc20 = 0
Constrained:
   Tgbecnw = 123508
     Tecnw = 31129.7
       Tnw = 12317.9
       Tec = 10517.6
     twoNb = 1.06612e+07
     twoNe = 5.952e+06
     twoNc = 2.30284e+07
     twoNw = 1.43308e+06
    twoNec = 49714.2
    twoNnw = 71161.4
  twoNecnw = 55165.9
  twoNbecnw = 15236
  twoNgbecnw = 282415
         m = 0.0958365
        m2 = 0.00156272
        m4 = 0.0211495
        m5 = 0.141406
        m6 = 2.79259e-07
        m7 = 0.0183255
        m8 = 0.197678
        Th = 11417.8
        Tb = 21273.7
        Ta = 48236.9
        Td = 5258.81
        Te = 2629.41
        Tf = 1314.7
        Tg = 657.351
DiffEv reached_goal. cost=2.16965e-03 spread=2.97996e-06
Fitted parameter values
Free:
       pc1 = -3.9956
       pc2 = 1.31641
       pc3 = -1.998
       pc4 = 3.63448
       pc5 = -0.380052
       pc6 = 0.222896
       pc7 = 1.18003
       pc8 = -1.814
       pc9 = 0.44521
      pc10 = 1.54124
      pc11 = -0.864386
      pc12 = -0.401183
      pc13 = 0.99574
      pc14 = -0.425796
      pc15 = -0.178724
      pc16 = 0.151504
      pc17 = 0.109407
      pc18 = 0.180605
      pc19 = 0.0333892
      pc20 = 0.00856737
Constrained:
   Tgbecnw = 91746.3
     Tecnw = 25380.8
       Tnw = 19755.3
       Tec = 11164.9
     twoNb = 8.564e+06
     twoNe = 2.85206e+07
     twoNc = 3.35053e+07
     twoNw = 3.06135e+06
    twoNec = 45477.6
    twoNnw = 19076.2
  twoNecnw = 70991.4
  twoNbecnw = 5555.52
  twoNgbecnw = 296104
         m = 0.0987763
        m2 = 0.000584307
        m4 = 0.0188429
        m5 = 0.155671
        m6 = 1.51272e-06
        m7 = 0.0191771
        m8 = 0.163291
        Th = 15460.1
        Tb = 20420.5
        Ta = 47810.2
        Td = 5582.46
        Te = 2791.23
        Tf = 1395.62
        Tg = 697.808
#       SitePat  BranchLen
              b 117264.2489476
              e 44095.0379499
              c 46080.5776497
              n 42867.9933961
              w 42825.6093099
            b:e 1232.9903172
            b:c 1370.2572883
            b:n 1006.2572545
            b:w 1004.2798090
            e:c 11752.3188119
            e:n 4562.1164103
            e:w 4595.9802728
            c:n 4052.0225574
            c:w 4049.8625276
            n:w 12290.5511568
          b:e:c 1288.1098675
          b:e:n 563.9250771
          b:e:w 565.1711836
          b:c:n 568.6461647
          b:c:w 567.2594085
          b:n:w 1276.9308843
          e:c:n 4053.5238062
          e:c:w 4064.2040598
          e:n:w 5800.6381192
          c:n:w 4867.1810641
        b:e:c:n 1116.8067035
        b:e:c:w 1118.9247986
        b:e:n:w 1923.1023047
        b:c:n:w 1783.1549769
        e:c:n:w 45917.2154868
