########################################
# legofit: estimate population history #
#       version 2.3.4-4-g53f8760       #
########################################

# Program was compiled: Sep 21 2021 14:36:42
# Program was run: Sun Oct 24 11:15:06 2021

# cmd: legofit -1 -d 0 -t 56 --ptsPerDim 3 --stateOut b1boot7.state --tol 3e-6 -S 5000 abdefgh2.lgo ../../chrX/boot_chrX/boot7.opf
# Stage nOptItr nSimReps
#     0    5000        0
# algorithm          : deterministic
# ignoring probs <=  : 0
# Branch length floor: 0
# DE strategy        : 2
#    F               : 0.3
#    CR              : 0.8
#    tolerance       : 3e-06
# nthreads           : 56
# lgo input file     : abdefgh2.lgo
# site pat input file: ../../chrX/boot_chrX/boot7.opf
# free parameters    : 20
# points in DE swarm : 60
# output state file  : b1boot7.state
# Including singleton site patterns.
# cost function      : KL
Initial parameter values
Fixed:
      zero = 0
       one = 1
    Tbecnw = 75200
Free:
       pc1 = 0
       pc2 = 0
       pc3 = 0
       pc4 = 0
       pc5 = 0
       pc6 = 0
       pc7 = 0
       pc8 = 0
       pc9 = 0
      pc10 = 0
      pc11 = 0
      pc12 = 0
      pc13 = 0
      pc14 = 0
      pc15 = 0
      pc16 = 0
      pc17 = 0
      pc18 = 0
      pc19 = 0
      pc20 = 0
Constrained:
   Tgbecnw = 123508
     Tecnw = 31129.7
       Tnw = 12317.9
       Tec = 10517.6
     twoNb = 1.06612e+07
     twoNe = 5.952e+06
     twoNc = 2.30284e+07
     twoNw = 1.43308e+06
    twoNec = 49714.2
    twoNnw = 71161.4
  twoNecnw = 55165.9
  twoNbecnw = 15236
  twoNgbecnw = 282415
         m = 0.0958365
        m2 = 0.00156272
        m4 = 0.0211495
        m5 = 0.141406
        m6 = 2.79259e-07
        m7 = 0.0183255
        m8 = 0.197678
        Th = 11417.8
        Tb = 21273.7
        Ta = 48236.9
        Td = 5258.81
        Te = 2629.41
        Tf = 1314.7
        Tg = 657.351
DiffEv reached_goal. cost=2.24749e-03 spread=2.93457e-06
Fitted parameter values
Free:
       pc1 = -3.19503
       pc2 = 0.601985
       pc3 = -1.85761
       pc4 = 3.93037
       pc5 = 1.53057
       pc6 = -1.47635
       pc7 = 1.79252
       pc8 = -0.124005
       pc9 = 1.98327
      pc10 = 1.30679
      pc11 = -0.114081
      pc12 = -1.19912
      pc13 = 0.491235
      pc14 = -0.472858
      pc15 = -0.330103
      pc16 = 0.343211
      pc17 = -0.0327401
      pc18 = 0.0856512
      pc19 = -0.034975
      pc20 = 0.0176507
Constrained:
   Tgbecnw = 82935.9
     Tecnw = 26078.6
       Tnw = 16252.8
       Tec = 12159.1
     twoNb = 3.1404e+07
     twoNe = 2.87502e+07
     twoNc = 1.18061e+08
     twoNw = 2.76086e+06
    twoNec = 38514.6
    twoNnw = 37069.5
  twoNecnw = 61783.2
  twoNbecnw = 2438.42
  twoNgbecnw = 426249
         m = 0.061601
        m2 = 7.32628e-05
        m4 = 0.0209134
        m5 = 0.133736
        m6 = 1.0513e-06
        m7 = 0.0182158
        m8 = 0.174624
        Th = 14205.9
        Tb = 20142.3
        Ta = 47671.1
        Td = 6079.55
        Te = 3039.77
        Tf = 1519.89
        Tg = 759.943
#       SitePat  BranchLen
              b 113901.0562010
              e 42695.8087320
              c 44392.7510523
              n 42029.1123741
              w 41998.8194799
            b:e 1161.8884631
            b:c 1286.1124207
            b:n 1020.5616068
            b:w 1019.1964202
            e:c 11476.7185317
            e:n 4434.8807122
            e:w 4460.1848474
            c:n 3999.1141924
            c:w 3996.8905389
            n:w 11688.2450566
          b:e:c 1260.6777864
          b:e:n 559.1918544
          b:e:w 560.1419572
          b:c:n 563.3251496
          b:c:w 562.2762911
          b:n:w 1249.0106166
          e:c:n 4136.2275795
          e:c:w 4143.4399919
          e:n:w 5396.4056007
          c:n:w 4658.4400017
        b:e:c:n 1132.6881029
        b:e:c:w 1134.1520451
        b:e:n:w 1875.6109177
        b:c:n:w 1685.2034277
        e:c:n:w 44543.0762163
