########################################
# legofit: estimate population history #
#       version 2.3.4-4-g53f8760       #
########################################

# Program was compiled: Sep 21 2021 14:36:42
# Program was run: Sun Oct 24 11:34:35 2021

# cmd: legofit -1 -d 0 -t 56 --ptsPerDim 3 --stateOut b1boot18.state --tol 3e-6 -S 5000 abdefgh2.lgo ../../chrX/boot_chrX/boot18.opf
# Stage nOptItr nSimReps
#     0    5000        0
# algorithm          : deterministic
# ignoring probs <=  : 0
# Branch length floor: 0
# DE strategy        : 2
#    F               : 0.3
#    CR              : 0.8
#    tolerance       : 3e-06
# nthreads           : 56
# lgo input file     : abdefgh2.lgo
# site pat input file: ../../chrX/boot_chrX/boot18.opf
# free parameters    : 20
# points in DE swarm : 60
# output state file  : b1boot18.state
# Including singleton site patterns.
# cost function      : KL
Initial parameter values
Fixed:
      zero = 0
       one = 1
    Tbecnw = 75200
Free:
       pc1 = 0
       pc2 = 0
       pc3 = 0
       pc4 = 0
       pc5 = 0
       pc6 = 0
       pc7 = 0
       pc8 = 0
       pc9 = 0
      pc10 = 0
      pc11 = 0
      pc12 = 0
      pc13 = 0
      pc14 = 0
      pc15 = 0
      pc16 = 0
      pc17 = 0
      pc18 = 0
      pc19 = 0
      pc20 = 0
Constrained:
   Tgbecnw = 123508
     Tecnw = 31129.7
       Tnw = 12317.9
       Tec = 10517.6
     twoNb = 1.06612e+07
     twoNe = 5.952e+06
     twoNc = 2.30284e+07
     twoNw = 1.43308e+06
    twoNec = 49714.2
    twoNnw = 71161.4
  twoNecnw = 55165.9
  twoNbecnw = 15236
  twoNgbecnw = 282415
         m = 0.0958365
        m2 = 0.00156272
        m4 = 0.0211495
        m5 = 0.141406
        m6 = 2.79259e-07
        m7 = 0.0183255
        m8 = 0.197678
        Th = 11417.8
        Tb = 21273.7
        Ta = 48236.9
        Td = 5258.81
        Te = 2629.41
        Tf = 1314.7
        Tg = 657.351
DiffEv reached_goal. cost=2.25844e-03 spread=2.68356e-06
Fitted parameter values
Free:
       pc1 = -3.82908
       pc2 = 1.23119
       pc3 = -1.99534
       pc4 = 3.9245
       pc5 = 0.751425
       pc6 = 0.785079
       pc7 = 0.790816
       pc8 = 0.521183
       pc9 = 0.293191
      pc10 = 1.81955
      pc11 = 0.548014
      pc12 = -0.578904
      pc13 = 0.77535
      pc14 = -0.308025
      pc15 = -0.524204
      pc16 = 0.340395
      pc17 = -0.164542
      pc18 = 0.179436
      pc19 = -0.055643
      pc20 = -0.0370332
Constrained:
   Tgbecnw = 88170.3
     Tecnw = 26233.3
       Tnw = 18852.3
       Tec = 12541.9
     twoNb = 1.25369e+06
     twoNe = 1.49452e+07
     twoNc = 1.39602e+08
     twoNw = 3.28098e+06
    twoNec = 39442
    twoNnw = 26858.6
  twoNecnw = 64081.3
  twoNbecnw = 4181.7
  twoNgbecnw = 362529
         m = 0.0788272
        m2 = 0.00112416
        m4 = 0.0196303
        m5 = 0.158556
        m6 = 1.06022e-06
        m7 = 0.0180293
        m8 = 0.195975
        Th = 15697.1
        Tb = 20965.2
        Ta = 48082.6
        Td = 6270.95
        Te = 3135.47
        Tf = 1567.74
        Tg = 783.869
#       SitePat  BranchLen
              b 116440.2498318
              e 43280.1179204
              c 45186.3856371
              n 42530.5931669
              w 42493.9386008
            b:e 1232.8511626
            b:c 1368.3667120
            b:n 998.9569407
            b:w 997.2647356
            e:c 11183.3493510
            e:n 4552.2062558
            e:w 4581.8443311
            c:n 4067.1966852
            c:w 4064.9915146
            n:w 11457.2702405
          b:e:c 1225.4715897
          b:e:n 560.1840081
          b:e:w 561.2795949
          b:c:n 564.6318243
          b:c:w 563.4174866
          b:n:w 1212.7985959
          e:c:n 4117.2758451
          e:c:w 4126.4975065
          e:n:w 5634.7583648
          c:n:w 4774.1488313
        b:e:c:n 1106.8090152
        b:e:c:w 1108.6199712
        b:e:n:w 1880.3323215
        b:c:n:w 1694.4352572
        e:c:n:w 46364.0719296
