########################################
# legofit: estimate population history #
#       version 2.3.4-4-g53f8760       #
########################################

# Program was compiled: Sep 21 2021 14:36:42
# Program was run: Sun Oct 24 12:55:30 2021

# cmd: legofit -1 -d 0 -t 56 --ptsPerDim 3 --stateOut b1boot26.state --tol 3e-6 -S 5000 abdefgh2.lgo ../../chrX/boot_chrX/boot26.opf
# Stage nOptItr nSimReps
#     0    5000        0
# algorithm          : deterministic
# ignoring probs <=  : 0
# Branch length floor: 0
# DE strategy        : 2
#    F               : 0.3
#    CR              : 0.8
#    tolerance       : 3e-06
# nthreads           : 56
# lgo input file     : abdefgh2.lgo
# site pat input file: ../../chrX/boot_chrX/boot26.opf
# free parameters    : 20
# points in DE swarm : 60
# output state file  : b1boot26.state
# Including singleton site patterns.
# cost function      : KL
Initial parameter values
Fixed:
      zero = 0
       one = 1
    Tbecnw = 75200
Free:
       pc1 = 0
       pc2 = 0
       pc3 = 0
       pc4 = 0
       pc5 = 0
       pc6 = 0
       pc7 = 0
       pc8 = 0
       pc9 = 0
      pc10 = 0
      pc11 = 0
      pc12 = 0
      pc13 = 0
      pc14 = 0
      pc15 = 0
      pc16 = 0
      pc17 = 0
      pc18 = 0
      pc19 = 0
      pc20 = 0
Constrained:
   Tgbecnw = 123508
     Tecnw = 31129.7
       Tnw = 12317.9
       Tec = 10517.6
     twoNb = 1.06612e+07
     twoNe = 5.952e+06
     twoNc = 2.30284e+07
     twoNw = 1.43308e+06
    twoNec = 49714.2
    twoNnw = 71161.4
  twoNecnw = 55165.9
  twoNbecnw = 15236
  twoNgbecnw = 282415
         m = 0.0958365
        m2 = 0.00156272
        m4 = 0.0211495
        m5 = 0.141406
        m6 = 2.79259e-07
        m7 = 0.0183255
        m8 = 0.197678
        Th = 11417.8
        Tb = 21273.7
        Ta = 48236.9
        Td = 5258.81
        Te = 2629.41
        Tf = 1314.7
        Tg = 657.351
DiffEv reached_goal. cost=2.13745e-03 spread=2.38470e-06
Fitted parameter values
Free:
       pc1 = -2.92543
       pc2 = 1.53034
       pc3 = -1.89453
       pc4 = 3.99382
       pc5 = 1.53363
       pc6 = 0.458357
       pc7 = 1.79206
       pc8 = -0.309596
       pc9 = 1.57425
      pc10 = 0.961912
      pc11 = -0.285575
      pc12 = -0.310611
      pc13 = 0.690882
      pc14 = 0.0178642
      pc15 = -0.27852
      pc16 = 0.213862
      pc17 = -0.0681375
      pc18 = 0.00696237
      pc19 = -0.0895569
      pc20 = -0.0268538
Constrained:
   Tgbecnw = 88973.8
     Tecnw = 26051.6
       Tnw = 17629.7
       Tec = 11290.3
     twoNb = 1.54536e+06
     twoNe = 1.58169e+07
     twoNc = 1.0545e+08
     twoNw = 2.89666e+06
    twoNec = 44896.5
    twoNnw = 30364.1
  twoNecnw = 64006.8
  twoNbecnw = 4276.62
  twoNgbecnw = 425231
         m = 0.0628691
        m2 = 0.000503715
        m4 = 0.0188245
        m5 = 0.137565
        m6 = 1.59071e-06
        m7 = 0.0190456
        m8 = 0.177745
        Th = 14460
        Tb = 20255.8
        Ta = 47727.9
        Td = 5645.13
        Te = 2822.57
        Tf = 1411.28
        Tg = 705.641
#       SitePat  BranchLen
              b 115227.1554985
              e 43381.6982851
              c 45025.5968416
              n 42319.4980764
              w 42283.7083338
            b:e 1279.9828335
            b:c 1389.5846497
            b:n 1040.4061995
            b:w 1038.7124025
            e:c 11435.3078434
            e:n 4509.7713687
            e:w 4538.1242346
            c:n 4078.7425146
            c:w 4077.2865008
            n:w 11863.2892756
          b:e:c 1298.9067634
          b:e:n 581.8228891
          b:e:w 582.8753300
          b:c:n 585.6436397
          b:c:w 584.4709669
          b:n:w 1282.9915921
          e:c:n 4124.8901832
          e:c:w 4133.7830735
          e:n:w 5612.3056657
          c:n:w 4865.6098972
        b:e:c:n 1154.5060214
        b:e:c:w 1156.3200503
        b:e:n:w 1891.1716978
        b:c:n:w 1770.8172945
        e:c:n:w 45183.9016614
