########################################
# legofit: estimate population history #
#       version 2.3.4-4-g53f8760       #
########################################

# Program was compiled: Sep 21 2021 14:36:42
# Program was run: Sun Oct 24 12:29:50 2021

# cmd: legofit -1 -d 0 -t 56 --ptsPerDim 3 --stateOut b1boot22.state --tol 3e-6 -S 5000 abdefgh2.lgo ../../chrX/boot_chrX/boot22.opf
# Stage nOptItr nSimReps
#     0    5000        0
# algorithm          : deterministic
# ignoring probs <=  : 0
# Branch length floor: 0
# DE strategy        : 2
#    F               : 0.3
#    CR              : 0.8
#    tolerance       : 3e-06
# nthreads           : 56
# lgo input file     : abdefgh2.lgo
# site pat input file: ../../chrX/boot_chrX/boot22.opf
# free parameters    : 20
# points in DE swarm : 60
# output state file  : b1boot22.state
# Including singleton site patterns.
# cost function      : KL
Initial parameter values
Fixed:
      zero = 0
       one = 1
    Tbecnw = 75200
Free:
       pc1 = 0
       pc2 = 0
       pc3 = 0
       pc4 = 0
       pc5 = 0
       pc6 = 0
       pc7 = 0
       pc8 = 0
       pc9 = 0
      pc10 = 0
      pc11 = 0
      pc12 = 0
      pc13 = 0
      pc14 = 0
      pc15 = 0
      pc16 = 0
      pc17 = 0
      pc18 = 0
      pc19 = 0
      pc20 = 0
Constrained:
   Tgbecnw = 123508
     Tecnw = 31129.7
       Tnw = 12317.9
       Tec = 10517.6
     twoNb = 1.06612e+07
     twoNe = 5.952e+06
     twoNc = 2.30284e+07
     twoNw = 1.43308e+06
    twoNec = 49714.2
    twoNnw = 71161.4
  twoNecnw = 55165.9
  twoNbecnw = 15236
  twoNgbecnw = 282415
         m = 0.0958365
        m2 = 0.00156272
        m4 = 0.0211495
        m5 = 0.141406
        m6 = 2.79259e-07
        m7 = 0.0183255
        m8 = 0.197678
        Th = 11417.8
        Tb = 21273.7
        Ta = 48236.9
        Td = 5258.81
        Te = 2629.41
        Tf = 1314.7
        Tg = 657.351
DiffEv reached_goal. cost=2.22886e-03 spread=2.98332e-06
Fitted parameter values
Free:
       pc1 = 2.36397
       pc2 = -1.83726
       pc3 = -1.07855
       pc4 = 3.97589
       pc5 = 1.81486
       pc6 = -0.80576
       pc7 = 1.53636
       pc8 = 1.68977
       pc9 = 1.25194
      pc10 = 1.65814
      pc11 = 0.902363
      pc12 = -0.626555
      pc13 = 0.559701
      pc14 = 0.167485
      pc15 = -0.599206
      pc16 = 0.153371
      pc17 = -0.0435236
      pc18 = 0.0302319
      pc19 = -0.00676284
      pc20 = -0.037519
Constrained:
   Tgbecnw = 103302
     Tecnw = 33047.8
       Tnw = 5084.3
       Tec = 4128.13
     twoNb = 1.71676e+07
     twoNe = 2.23608e+07
     twoNc = 2.29566e+08
     twoNw = 2.27376e+06
    twoNec = 64626.5
    twoNnw = 103747
  twoNecnw = 38069.5
  twoNbecnw = 9069.53
  twoNgbecnw = 437756
         m = 0.0345581
        m2 = 0.000482014
        m4 = 0.0251528
        m5 = 0.130315
        m6 = 8.9186e-07
        m7 = 0.020315
        m8 = 0.211816
        Th = 4606.21
        Tb = 18827
        Ta = 47013.5
        Td = 2064.06
        Te = 1032.03
        Tf = 516.016
        Tg = 258.008
#       SitePat  BranchLen
              b 111829.1201898
              e 41855.1489729
              c 43657.0208213
              n 40962.1921919
              w 40949.3400470
            b:e 1201.0972452
            b:c 1342.1722687
            b:n 1005.4938231
            b:w 1005.0163991
            e:c 11177.4452143
            e:n 4302.3849005
            e:w 4313.1427882
            c:n 3805.5529317
            c:w 3805.2023976
            n:w 11579.9557778
          b:e:c 1206.4789171
          b:e:n 540.9091511
          b:e:w 541.2498715
          b:c:n 543.2342351
          b:c:w 542.8763736
          b:n:w 1194.8033954
          e:c:n 4014.2662128
          e:c:w 4016.7110040
          e:n:w 5463.2279065
          c:n:w 4733.1224009
        b:e:c:n 1059.2009693
        b:e:c:w 1059.6955344
        b:e:n:w 1758.6354158
        b:c:n:w 1546.6148169
        e:c:n:w 43867.0045323
