########################################
# legofit: estimate population history #
#       version 2.3.4-4-g53f8760       #
########################################

# Program was compiled: Sep 21 2021 14:36:42
# Program was run: Sun Oct 24 12:58:41 2021

# cmd: legofit -1 -d 0 -t 56 --ptsPerDim 3 --stateOut b1boot27.state --tol 3e-6 -S 5000 abdefgh2.lgo ../../chrX/boot_chrX/boot27.opf
# Stage nOptItr nSimReps
#     0    5000        0
# algorithm          : deterministic
# ignoring probs <=  : 0
# Branch length floor: 0
# DE strategy        : 2
#    F               : 0.3
#    CR              : 0.8
#    tolerance       : 3e-06
# nthreads           : 56
# lgo input file     : abdefgh2.lgo
# site pat input file: ../../chrX/boot_chrX/boot27.opf
# free parameters    : 20
# points in DE swarm : 60
# output state file  : b1boot27.state
# Including singleton site patterns.
# cost function      : KL
Initial parameter values
Fixed:
      zero = 0
       one = 1
    Tbecnw = 75200
Free:
       pc1 = 0
       pc2 = 0
       pc3 = 0
       pc4 = 0
       pc5 = 0
       pc6 = 0
       pc7 = 0
       pc8 = 0
       pc9 = 0
      pc10 = 0
      pc11 = 0
      pc12 = 0
      pc13 = 0
      pc14 = 0
      pc15 = 0
      pc16 = 0
      pc17 = 0
      pc18 = 0
      pc19 = 0
      pc20 = 0
Constrained:
   Tgbecnw = 123508
     Tecnw = 31129.7
       Tnw = 12317.9
       Tec = 10517.6
     twoNb = 1.06612e+07
     twoNe = 5.952e+06
     twoNc = 2.30284e+07
     twoNw = 1.43308e+06
    twoNec = 49714.2
    twoNnw = 71161.4
  twoNecnw = 55165.9
  twoNbecnw = 15236
  twoNgbecnw = 282415
         m = 0.0958365
        m2 = 0.00156272
        m4 = 0.0211495
        m5 = 0.141406
        m6 = 2.79259e-07
        m7 = 0.0183255
        m8 = 0.197678
        Th = 11417.8
        Tb = 21273.7
        Ta = 48236.9
        Td = 5258.81
        Te = 2629.41
        Tf = 1314.7
        Tg = 657.351
DiffEv reached_goal. cost=2.08212e-03 spread=2.69226e-06
Fitted parameter values
Free:
       pc1 = -3.98403
       pc2 = 1.1714
       pc3 = -1.41443
       pc4 = 3.99932
       pc5 = 1.89337
       pc6 = -0.0385143
       pc7 = 1.79862
       pc8 = 1.54643
       pc9 = 1.63913
      pc10 = 0.979017
      pc11 = -0.373001
      pc12 = 0.0570396
      pc13 = 0.999177
      pc14 = -0.532058
      pc15 = -0.243344
      pc16 = 0.21364
      pc17 = 0.0620951
      pc18 = -0.0274598
      pc19 = -0.10489
      pc20 = 0.0815491
Constrained:
   Tgbecnw = 86098.9
     Tecnw = 25859.1
       Tnw = 20266
       Tec = 11580.4
     twoNb = 1.75259e+07
     twoNe = 1.3274e+07
     twoNc = 1.62353e+08
     twoNw = 3.05743e+06
    twoNec = 40760.2
    twoNnw = 17888.5
  twoNecnw = 70944.9
  twoNbecnw = 3338.8
  twoNgbecnw = 442543
         m = 0.0648097
        m2 = 9.31608e-06
        m4 = 0.0187688
        m5 = 0.132142
        m6 = 1.03755e-06
        m7 = 0.0184171
        m8 = 0.21077
        Th = 15923.2
        Tb = 20891.2
        Ta = 48045.6
        Td = 5790.18
        Te = 2895.09
        Tf = 1447.55
        Tg = 723.773
#       SitePat  BranchLen
              b 116060.6567006
              e 43643.1609904
              c 45319.2158495
              n 42576.4634033
              w 42535.2243531
            b:e 1245.0805361
            b:c 1371.5065857
            b:n 1041.1877465
            b:w 1039.1036308
            e:c 11881.4886158
            e:n 4429.9748847
            e:w 4460.3664305
            c:n 4009.1319085
            c:w 4009.0071516
            n:w 12134.9941587
          b:e:c 1356.3028295
          b:e:n 580.0526711
          b:e:w 581.1456924
          b:c:n 584.6905380
          b:c:w 583.4332666
          b:n:w 1340.3251088
          e:c:n 4029.9942961
          e:c:w 4040.9665574
          e:n:w 5660.3493859
          c:n:w 4865.6942524
        b:e:c:n 1170.1953285
        b:e:c:w 1172.4436943
        b:e:n:w 1971.0172715
        b:c:n:w 1828.4683088
        e:c:n:w 45703.0708023
