########################################
# legofit: estimate population history #
#       version 2.3.4-4-g53f8760       #
########################################

# Program was compiled: Sep 21 2021 14:36:42
# Program was run: Sun Oct 24 11:34:35 2021

# cmd: legofit -1 -d 0 -t 56 --ptsPerDim 3 --stateOut b1boot20.state --tol 3e-6 -S 5000 abdefgh2.lgo ../../chrX/boot_chrX/boot20.opf
# Stage nOptItr nSimReps
#     0    5000        0
# algorithm          : deterministic
# ignoring probs <=  : 0
# Branch length floor: 0
# DE strategy        : 2
#    F               : 0.3
#    CR              : 0.8
#    tolerance       : 3e-06
# nthreads           : 56
# lgo input file     : abdefgh2.lgo
# site pat input file: ../../chrX/boot_chrX/boot20.opf
# free parameters    : 20
# points in DE swarm : 60
# output state file  : b1boot20.state
# Including singleton site patterns.
# cost function      : KL
Initial parameter values
Fixed:
      zero = 0
       one = 1
    Tbecnw = 75200
Free:
       pc1 = 0
       pc2 = 0
       pc3 = 0
       pc4 = 0
       pc5 = 0
       pc6 = 0
       pc7 = 0
       pc8 = 0
       pc9 = 0
      pc10 = 0
      pc11 = 0
      pc12 = 0
      pc13 = 0
      pc14 = 0
      pc15 = 0
      pc16 = 0
      pc17 = 0
      pc18 = 0
      pc19 = 0
      pc20 = 0
Constrained:
   Tgbecnw = 123508
     Tecnw = 31129.7
       Tnw = 12317.9
       Tec = 10517.6
     twoNb = 1.06612e+07
     twoNe = 5.952e+06
     twoNc = 2.30284e+07
     twoNw = 1.43308e+06
    twoNec = 49714.2
    twoNnw = 71161.4
  twoNecnw = 55165.9
  twoNbecnw = 15236
  twoNgbecnw = 282415
         m = 0.0958365
        m2 = 0.00156272
        m4 = 0.0211495
        m5 = 0.141406
        m6 = 2.79259e-07
        m7 = 0.0183255
        m8 = 0.197678
        Th = 11417.8
        Tb = 21273.7
        Ta = 48236.9
        Td = 5258.81
        Te = 2629.41
        Tf = 1314.7
        Tg = 657.351
DiffEv reached_goal. cost=2.13275e-03 spread=2.97363e-06
Fitted parameter values
Free:
       pc1 = -3.99846
       pc2 = 1.47154
       pc3 = -1.99493
       pc4 = 3.98089
       pc5 = 1.17863
       pc6 = 0.584157
       pc7 = 1.7938
       pc8 = -0.61447
       pc9 = 1.37516
      pc10 = 0.702076
      pc11 = 0.0368723
      pc12 = -0.162481
      pc13 = 0.869215
      pc14 = 0.152197
      pc15 = -0.334241
      pc16 = 0.243012
      pc17 = -0.0494951
      pc18 = 0.0672212
      pc19 = -0.0652421
      pc20 = -0.011966
Constrained:
   Tgbecnw = 85715.5
     Tecnw = 25018.8
       Tnw = 19615.3
       Tec = 12421.1
     twoNb = 1.69526e+06
     twoNe = 1.50325e+07
     twoNc = 1.16865e+08
     twoNw = 2.78745e+06
    twoNec = 39510.6
    twoNnw = 18795.8
  twoNecnw = 68178.6
  twoNbecnw = 3307.64
  twoNgbecnw = 390276
         m = 0.0735384
        m2 = 4.18573e-05
        m4 = 0.018142
        m5 = 0.144367
        m6 = 1.62855e-06
        m7 = 0.0191035
        m8 = 0.173572
        Th = 16018.2
        Tb = 20518.5
        Ta = 47859.3
        Td = 6210.55
        Te = 3105.27
        Tf = 1552.64
        Tg = 776.319
#       SitePat  BranchLen
              b 115668.4748852
              e 43326.7389137
              c 45034.4352667
              n 42204.4969064
              w 42163.6321496
            b:e 1222.1170849
            b:c 1329.5315189
            b:n 983.5093759
            b:w 981.5982352
            e:c 11420.1872302
            e:n 4467.0974004
            e:w 4499.8457750
            c:n 4026.2519470
            c:w 4023.8924546
            n:w 11882.3256501
          b:e:c 1249.9719103
          b:e:n 551.2322589
          b:e:w 552.4423710
          b:c:n 555.4062804
          b:c:w 554.0509381
          b:n:w 1233.4211290
          e:c:n 4045.4756518
          e:c:w 4055.9515264
          e:n:w 5611.0427083
          c:n:w 4809.2328740
        b:e:c:n 1099.3365791
        b:e:c:w 1101.3929499
        b:e:n:w 1836.2884637
        b:c:n:w 1734.0037008
        e:c:n:w 45613.6569519
