########################################
# legofit: estimate population history #
#       version 2.3.4-4-g53f8760       #
########################################

# Program was compiled: Sep 21 2021 14:36:42
# Program was run: Sun Oct 24 12:58:42 2021

# cmd: legofit -1 -d 0 -t 56 --ptsPerDim 3 --stateOut b1boot28.state --tol 3e-6 -S 5000 abdefgh2.lgo ../../chrX/boot_chrX/boot28.opf
# Stage nOptItr nSimReps
#     0    5000        0
# algorithm          : deterministic
# ignoring probs <=  : 0
# Branch length floor: 0
# DE strategy        : 2
#    F               : 0.3
#    CR              : 0.8
#    tolerance       : 3e-06
# nthreads           : 56
# lgo input file     : abdefgh2.lgo
# site pat input file: ../../chrX/boot_chrX/boot28.opf
# free parameters    : 20
# points in DE swarm : 60
# output state file  : b1boot28.state
# Including singleton site patterns.
# cost function      : KL
Initial parameter values
Fixed:
      zero = 0
       one = 1
    Tbecnw = 75200
Free:
       pc1 = 0
       pc2 = 0
       pc3 = 0
       pc4 = 0
       pc5 = 0
       pc6 = 0
       pc7 = 0
       pc8 = 0
       pc9 = 0
      pc10 = 0
      pc11 = 0
      pc12 = 0
      pc13 = 0
      pc14 = 0
      pc15 = 0
      pc16 = 0
      pc17 = 0
      pc18 = 0
      pc19 = 0
      pc20 = 0
Constrained:
   Tgbecnw = 123508
     Tecnw = 31129.7
       Tnw = 12317.9
       Tec = 10517.6
     twoNb = 1.06612e+07
     twoNe = 5.952e+06
     twoNc = 2.30284e+07
     twoNw = 1.43308e+06
    twoNec = 49714.2
    twoNnw = 71161.4
  twoNecnw = 55165.9
  twoNbecnw = 15236
  twoNgbecnw = 282415
         m = 0.0958365
        m2 = 0.00156272
        m4 = 0.0211495
        m5 = 0.141406
        m6 = 2.79259e-07
        m7 = 0.0183255
        m8 = 0.197678
        Th = 11417.8
        Tb = 21273.7
        Ta = 48236.9
        Td = 5258.81
        Te = 2629.41
        Tf = 1314.7
        Tg = 657.351
DiffEv reached_goal. cost=2.11905e-03 spread=2.93585e-06
Fitted parameter values
Free:
       pc1 = -3.98892
       pc2 = 2.26581
       pc3 = -1.97789
       pc4 = 3.89448
       pc5 = 0.321287
       pc6 = 1.32031
       pc7 = 1.65649
       pc8 = -0.155323
       pc9 = 0.455738
      pc10 = 1.58815
      pc11 = -0.655337
      pc12 = -0.860202
      pc13 = 0.985343
      pc14 = 0.0781273
      pc15 = -0.391814
      pc16 = 0.380365
      pc17 = 0.044128
      pc18 = 0.132722
      pc19 = -0.0373808
      pc20 = 0.00895616
Constrained:
   Tgbecnw = 91417.4
     Tecnw = 25841.5
       Tnw = 19827.1
       Tec = 12370.5
     twoNb = 1.34116e+06
     twoNe = 1.30003e+07
     twoNc = 6.94747e+07
     twoNw = 3.57416e+06
    twoNec = 40010.4
    twoNnw = 20561.4
  twoNecnw = 67954
  twoNbecnw = 5121.73
  twoNgbecnw = 358364
         m = 0.0806025
        m2 = 2.36973e-05
        m4 = 0.017822
        m5 = 0.153859
        m6 = 1.87778e-06
        m7 = 0.0180426
        m8 = 0.184004
        Th = 16098.8
        Tb = 20970.1
        Ta = 48085.1
        Td = 6185.23
        Te = 3092.61
        Tf = 1546.31
        Tg = 773.154
#       SitePat  BranchLen
              b 116785.9986947
              e 43570.6598555
              c 45444.9596127
              n 42671.6557950
              w 42636.6722985
            b:e 1226.1712933
            b:c 1347.6390830
            b:n 986.2892504
            b:w 984.6698516
            e:c 11567.0794248
            e:n 4503.9140621
            e:w 4531.8672772
            c:n 4022.1995590
            c:w 4020.3121287
            n:w 11907.8124722
          b:e:c 1249.1617114
          b:e:n 549.1461422
          b:e:w 550.1657751
          b:c:n 553.2525536
          b:c:w 552.1183058
          b:n:w 1234.3508499
          e:c:n 4074.0707873
          e:c:w 4082.9884991
          e:n:w 5685.6313100
          c:n:w 4810.5316741
        b:e:c:n 1094.2585939
        b:e:c:w 1095.9926077
        b:e:n:w 1821.4516056
        b:c:n:w 1687.9944051
        e:c:n:w 46116.1018883
