########################################
# legofit: estimate population history #
#       version 2.3.4-4-g53f8760       #
########################################

# Program was compiled: Sep 21 2021 14:36:42
# Program was run: Sun Oct 24 11:15:05 2021

# cmd: legofit -1 -d 0 -t 56 --ptsPerDim 3 --stateOut b1boot4.state --tol 3e-6 -S 5000 abdefgh2.lgo ../../chrX/boot_chrX/boot4.opf
# Stage nOptItr nSimReps
#     0    5000        0
# algorithm          : deterministic
# ignoring probs <=  : 0
# Branch length floor: 0
# DE strategy        : 2
#    F               : 0.3
#    CR              : 0.8
#    tolerance       : 3e-06
# nthreads           : 56
# lgo input file     : abdefgh2.lgo
# site pat input file: ../../chrX/boot_chrX/boot4.opf
# free parameters    : 20
# points in DE swarm : 60
# output state file  : b1boot4.state
# Including singleton site patterns.
# cost function      : KL
Initial parameter values
Fixed:
      zero = 0
       one = 1
    Tbecnw = 75200
Free:
       pc1 = 0
       pc2 = 0
       pc3 = 0
       pc4 = 0
       pc5 = 0
       pc6 = 0
       pc7 = 0
       pc8 = 0
       pc9 = 0
      pc10 = 0
      pc11 = 0
      pc12 = 0
      pc13 = 0
      pc14 = 0
      pc15 = 0
      pc16 = 0
      pc17 = 0
      pc18 = 0
      pc19 = 0
      pc20 = 0
Constrained:
   Tgbecnw = 123508
     Tecnw = 31129.7
       Tnw = 12317.9
       Tec = 10517.6
     twoNb = 1.06612e+07
     twoNe = 5.952e+06
     twoNc = 2.30284e+07
     twoNw = 1.43308e+06
    twoNec = 49714.2
    twoNnw = 71161.4
  twoNecnw = 55165.9
  twoNbecnw = 15236
  twoNgbecnw = 282415
         m = 0.0958365
        m2 = 0.00156272
        m4 = 0.0211495
        m5 = 0.141406
        m6 = 2.79259e-07
        m7 = 0.0183255
        m8 = 0.197678
        Th = 11417.8
        Tb = 21273.7
        Ta = 48236.9
        Td = 5258.81
        Te = 2629.41
        Tf = 1314.7
        Tg = 657.351
DiffEv reached_goal. cost=2.28065e-03 spread=2.99739e-06
Fitted parameter values
Free:
       pc1 = -3.76496
       pc2 = 2.48754
       pc3 = -1.92142
       pc4 = 3.57745
       pc5 = -1.05658
       pc6 = -0.727542
       pc7 = -0.61431
       pc8 = 0.385487
       pc9 = 0.651854
      pc10 = 1.95209
      pc11 = -0.840302
      pc12 = -1.11088
      pc13 = 0.996193
      pc14 = 0.398468
      pc15 = -0.374856
      pc16 = 0.213075
      pc17 = -0.0615685
      pc18 = 0.248716
      pc19 = 0.0319854
      pc20 = 0.0270616
Constrained:
   Tgbecnw = 94433.6
     Tecnw = 26816.4
       Tnw = 18660.5
       Tec = 10522.2
     twoNb = 2.1929e+07
     twoNe = 2.01381e+07
     twoNc = 7.33141e+07
     twoNw = 3.78627e+06
    twoNec = 51114.5
    twoNnw = 28968.6
  twoNecnw = 63517.9
  twoNbecnw = 6621.17
  twoNgbecnw = 291013
         m = 0.0976639
        m2 = 0.000308057
        m4 = 0.016442
        m5 = 0.155308
        m6 = 3.56694e-07
        m7 = 0.0157511
        m8 = 0.163053
        Th = 14591.3
        Tb = 20703.9
        Ta = 47951.9
        Td = 5261.08
        Te = 2630.54
        Tf = 1315.27
        Tg = 657.635
#       SitePat  BranchLen
              b 118260.3091969
              e 43801.3515850
              c 45750.8320501
              n 43017.0299077
              w 42983.6891153
            b:e 1231.4114623
            b:c 1374.6773221
            b:n 1046.6532857
            b:w 1045.0840289
            e:c 11656.0303804
            e:n 4546.2638373
            e:w 4572.8588806
            c:n 4043.1472327
            c:w 4041.6311829
            n:w 11947.8141756
          b:e:c 1302.3857172
          b:e:n 580.3595448
          b:e:w 581.3505080
          b:c:n 584.4518947
          b:c:w 583.3643544
          b:n:w 1293.5214158
          e:c:n 4178.5132659
          e:c:w 4186.7750647
          e:n:w 5758.6009026
          c:n:w 4859.9334628
        b:e:c:n 1145.5662040
        b:e:c:w 1147.2320379
        b:e:n:w 1852.6852017
        b:c:n:w 1686.8444154
        e:c:n:w 47174.5121536
