########################################
# legofit: estimate population history #
#       version 2.3.4-4-g53f8760       #
########################################

# Program was compiled: Sep 21 2021 14:36:42
# Program was run: Sun Oct 24 11:15:07 2021

# cmd: legofit -1 -d 0 -t 56 --ptsPerDim 3 --stateOut b1boot0.state --tol 3e-6 -S 5000 abdefgh2.lgo ../../chrX/boot_chrX/boot0.opf
# Stage nOptItr nSimReps
#     0    5000        0
# algorithm          : deterministic
# ignoring probs <=  : 0
# Branch length floor: 0
# DE strategy        : 2
#    F               : 0.3
#    CR              : 0.8
#    tolerance       : 3e-06
# nthreads           : 56
# lgo input file     : abdefgh2.lgo
# site pat input file: ../../chrX/boot_chrX/boot0.opf
# free parameters    : 20
# points in DE swarm : 60
# output state file  : b1boot0.state
# Including singleton site patterns.
# cost function      : KL
Initial parameter values
Fixed:
      zero = 0
       one = 1
    Tbecnw = 75200
Free:
       pc1 = 0
       pc2 = 0
       pc3 = 0
       pc4 = 0
       pc5 = 0
       pc6 = 0
       pc7 = 0
       pc8 = 0
       pc9 = 0
      pc10 = 0
      pc11 = 0
      pc12 = 0
      pc13 = 0
      pc14 = 0
      pc15 = 0
      pc16 = 0
      pc17 = 0
      pc18 = 0
      pc19 = 0
      pc20 = 0
Constrained:
   Tgbecnw = 123508
     Tecnw = 31129.7
       Tnw = 12317.9
       Tec = 10517.6
     twoNb = 1.06612e+07
     twoNe = 5.952e+06
     twoNc = 2.30284e+07
     twoNw = 1.43308e+06
    twoNec = 49714.2
    twoNnw = 71161.4
  twoNecnw = 55165.9
  twoNbecnw = 15236
  twoNgbecnw = 282415
         m = 0.0958365
        m2 = 0.00156272
        m4 = 0.0211495
        m5 = 0.141406
        m6 = 2.79259e-07
        m7 = 0.0183255
        m8 = 0.197678
        Th = 11417.8
        Tb = 21273.7
        Ta = 48236.9
        Td = 5258.81
        Te = 2629.41
        Tf = 1314.7
        Tg = 657.351
DiffEv reached_goal. cost=2.08889e-03 spread=2.85446e-06
Fitted parameter values
Free:
       pc1 = -3.84565
       pc2 = 0.371669
       pc3 = -1.95477
       pc4 = 3.99054
       pc5 = 0.95527
       pc6 = -0.721006
       pc7 = 0.665837
       pc8 = 1.99706
       pc9 = 1.6257
      pc10 = 0.320345
      pc11 = 1.18906
      pc12 = 0.733373
      pc13 = 0.8516
      pc14 = -0.18858
      pc15 = -0.462486
      pc16 = 0.0128221
      pc17 = -0.202808
      pc18 = 0.0573194
      pc19 = -0.0902619
      pc20 = 0.00995594
Constrained:
   Tgbecnw = 87154.7
     Tecnw = 25954.9
       Tnw = 19670.6
       Tec = 11068.2
     twoNb = 2.3585e+07
     twoNe = 7.76716e+06
     twoNc = 2.54232e+08
     twoNw = 2.65286e+06
    twoNec = 44700.5
    twoNnw = 21063.9
  twoNecnw = 66984.9
  twoNbecnw = 3758.64
  twoNgbecnw = 397383
         m = 0.0706083
        m2 = 0.000101655
        m4 = 0.0190265
        m5 = 0.143153
        m6 = 4.02539e-08
        m7 = 0.0189667
        m8 = 0.19383
        Th = 15369.4
        Tb = 20662.1
        Ta = 47931.1
        Td = 5534.09
        Te = 2767.05
        Tf = 1383.52
        Tg = 691.762
#       SitePat  BranchLen
              b 115723.2072694
              e 43456.4472916
              c 45209.9577824
              n 42380.5587823
              w 42332.6637346
            b:e 1206.8000128
            b:c 1333.1976335
            b:n 1005.5902729
            b:w 1003.2908133
            e:c 11554.3359144
            e:n 4453.7362430
            e:w 4490.1224767
            c:n 4009.6109876
            c:w 4008.6892869
            n:w 11881.5241039
          b:e:c 1281.5333041
          b:e:n 563.0804180
          b:e:w 564.3770697
          b:c:n 567.6486938
          b:c:w 566.1849581
          b:n:w 1267.2998613
          e:c:n 4037.3744416
          e:c:w 4049.8049564
          e:n:w 5665.2716928
          c:n:w 4839.5266629
        b:e:c:n 1119.1692686
        b:e:c:w 1121.6358123
        b:e:n:w 1908.2783708
        b:c:n:w 1773.2975698
        e:c:n:w 45532.6241487
