########################################
# legofit: estimate population history #
#       version 2.3.4-4-g53f8760       #
########################################

# Program was compiled: Sep 21 2021 14:36:42
# Program was run: Sun Oct 24 11:15:05 2021

# cmd: legofit -1 -d 0 -t 56 --ptsPerDim 3 --stateOut b1boot14.state --tol 3e-6 -S 5000 abdefgh2.lgo ../../chrX/boot_chrX/boot14.opf
# Stage nOptItr nSimReps
#     0    5000        0
# algorithm          : deterministic
# ignoring probs <=  : 0
# Branch length floor: 0
# DE strategy        : 2
#    F               : 0.3
#    CR              : 0.8
#    tolerance       : 3e-06
# nthreads           : 56
# lgo input file     : abdefgh2.lgo
# site pat input file: ../../chrX/boot_chrX/boot14.opf
# free parameters    : 20
# points in DE swarm : 60
# output state file  : b1boot14.state
# Including singleton site patterns.
# cost function      : KL
Initial parameter values
Fixed:
      zero = 0
       one = 1
    Tbecnw = 75200
Free:
       pc1 = 0
       pc2 = 0
       pc3 = 0
       pc4 = 0
       pc5 = 0
       pc6 = 0
       pc7 = 0
       pc8 = 0
       pc9 = 0
      pc10 = 0
      pc11 = 0
      pc12 = 0
      pc13 = 0
      pc14 = 0
      pc15 = 0
      pc16 = 0
      pc17 = 0
      pc18 = 0
      pc19 = 0
      pc20 = 0
Constrained:
   Tgbecnw = 123508
     Tecnw = 31129.7
       Tnw = 12317.9
       Tec = 10517.6
     twoNb = 1.06612e+07
     twoNe = 5.952e+06
     twoNc = 2.30284e+07
     twoNw = 1.43308e+06
    twoNec = 49714.2
    twoNnw = 71161.4
  twoNecnw = 55165.9
  twoNbecnw = 15236
  twoNgbecnw = 282415
         m = 0.0958365
        m2 = 0.00156272
        m4 = 0.0211495
        m5 = 0.141406
        m6 = 2.79259e-07
        m7 = 0.0183255
        m8 = 0.197678
        Th = 11417.8
        Tb = 21273.7
        Ta = 48236.9
        Td = 5258.81
        Te = 2629.41
        Tf = 1314.7
        Tg = 657.351
DiffEv reached_goal. cost=2.00973e-03 spread=2.62563e-06
Fitted parameter values
Free:
       pc1 = -3.23164
       pc2 = 2.52753
       pc3 = -1.9616
       pc4 = 3.98789
       pc5 = 0.733941
       pc6 = -0.0956531
       pc7 = 1.40008
       pc8 = -1.6463
       pc9 = 1.59194
      pc10 = 0.795428
      pc11 = -1.28627
      pc12 = -0.622947
      pc13 = 0.649381
      pc14 = 0.53361
      pc15 = -0.306935
      pc16 = -0.0449983
      pc17 = -0.117493
      pc18 = 0.0813114
      pc19 = -0.0599398
      pc20 = 0.0442641
Constrained:
   Tgbecnw = 92601.6
     Tecnw = 25447.1
       Tnw = 19454.6
       Tec = 11336.9
     twoNb = 3.44315e+06
     twoNe = 2.36417e+07
     twoNc = 3.85057e+07
     twoNw = 3.0397e+06
    twoNec = 47750.5
    twoNnw = 21903.2
  twoNecnw = 64092.2
  twoNbecnw = 5409.28
  twoNgbecnw = 381196
         m = 0.0722815
        m2 = 0.000302433
        m4 = 0.0164893
        m5 = 0.136523
        m6 = 1.73112e-06
        m7 = 0.0182727
        m8 = 0.145514
        Th = 15395.7
        Tb = 20421.4
        Ta = 47810.7
        Td = 5668.45
        Te = 2834.23
        Tf = 1417.11
        Tg = 708.556
#       SitePat  BranchLen
              b 116143.2784587
              e 43455.0375316
              c 44991.1090879
              n 42472.6584412
              w 42436.4151644
            b:e 1187.0760299
            b:c 1282.7163040
            b:n 983.3581784
            b:w 981.6966303
            e:c 11472.9554411
            e:n 4416.2623205
            e:w 4445.3249428
            c:n 4010.5958328
            c:w 4008.5766181
            n:w 11805.0048111
          b:e:c 1230.0010632
          b:e:n 544.7622854
          b:e:w 545.8207449
          b:c:n 548.0728171
          b:c:w 546.9067072
          b:n:w 1218.2211498
          e:c:n 4123.7407825
          e:c:w 4132.9406516
          e:n:w 5552.4110513
          c:n:w 4824.9931666
        b:e:c:n 1081.6636074
        b:e:c:w 1083.4328059
        b:e:n:w 1755.9605293
        b:c:n:w 1689.6849109
        e:c:n:w 45795.2625197
