########################################
# legofit: estimate population history #
#       version 2.3.4-4-g53f8760       #
########################################

# Program was compiled: Sep 21 2021 14:36:42
# Program was run: Sun Oct 24 13:59:48 2021

# cmd: legofit -1 -d 0 -t 56 --ptsPerDim 3 --stateOut b1boot42.state --tol 3e-6 -S 5000 abdefgh2.lgo ../../chrX/boot_chrX/boot42.opf
# Stage nOptItr nSimReps
#     0    5000        0
# algorithm          : deterministic
# ignoring probs <=  : 0
# Branch length floor: 0
# DE strategy        : 2
#    F               : 0.3
#    CR              : 0.8
#    tolerance       : 3e-06
# nthreads           : 56
# lgo input file     : abdefgh2.lgo
# site pat input file: ../../chrX/boot_chrX/boot42.opf
# free parameters    : 20
# points in DE swarm : 60
# output state file  : b1boot42.state
# Including singleton site patterns.
# cost function      : KL
Initial parameter values
Fixed:
      zero = 0
       one = 1
    Tbecnw = 75200
Free:
       pc1 = 0
       pc2 = 0
       pc3 = 0
       pc4 = 0
       pc5 = 0
       pc6 = 0
       pc7 = 0
       pc8 = 0
       pc9 = 0
      pc10 = 0
      pc11 = 0
      pc12 = 0
      pc13 = 0
      pc14 = 0
      pc15 = 0
      pc16 = 0
      pc17 = 0
      pc18 = 0
      pc19 = 0
      pc20 = 0
Constrained:
   Tgbecnw = 123508
     Tecnw = 31129.7
       Tnw = 12317.9
       Tec = 10517.6
     twoNb = 1.06612e+07
     twoNe = 5.952e+06
     twoNc = 2.30284e+07
     twoNw = 1.43308e+06
    twoNec = 49714.2
    twoNnw = 71161.4
  twoNecnw = 55165.9
  twoNbecnw = 15236
  twoNgbecnw = 282415
         m = 0.0958365
        m2 = 0.00156272
        m4 = 0.0211495
        m5 = 0.141406
        m6 = 2.79259e-07
        m7 = 0.0183255
        m8 = 0.197678
        Th = 11417.8
        Tb = 21273.7
        Ta = 48236.9
        Td = 5258.81
        Te = 2629.41
        Tf = 1314.7
        Tg = 657.351
DiffEv reached_goal. cost=2.17587e-03 spread=2.57245e-06
Fitted parameter values
Free:
       pc1 = -3.97432
       pc2 = 1.0223
       pc3 = -1.95547
       pc4 = 3.80507
       pc5 = 1.20708
       pc6 = 0.218326
       pc7 = 0.0353652
       pc8 = 1.62427
       pc9 = 0.758465
      pc10 = 0.728306
      pc11 = 0.985955
      pc12 = -0.27626
      pc13 = 0.552543
      pc14 = 0.253558
      pc15 = -0.537619
      pc16 = 0.23333
      pc17 = -0.135296
      pc18 = 0.0941233
      pc19 = -0.181424
      pc20 = -0.00491854
Constrained:
   Tgbecnw = 89422.7
     Tecnw = 26643.5
       Tnw = 19360
       Tec = 13713.6
     twoNb = 1.61567e+06
     twoNe = 8.3678e+06
     twoNc = 2.10192e+08
     twoNw = 2.96988e+06
    twoNec = 36452.8
    twoNnw = 25563.8
  twoNecnw = 63791.6
  twoNbecnw = 4478.14
  twoNgbecnw = 385933
         m = 0.0728511
        m2 = 0.00016605
        m4 = 0.0185768
        m5 = 0.15099
        m6 = 2.78659e-07
        m7 = 0.0173926
        m8 = 0.194094
        Th = 16536.8
        Tb = 21590.1
        Ta = 48395.1
        Td = 6856.78
        Te = 3428.39
        Tf = 1714.2
        Tg = 857.098
#       SitePat  BranchLen
              b 116258.1471258
              e 43508.2277253
              c 45345.0474611
              n 42660.7698049
              w 42622.9557573
            b:e 1210.7726688
            b:c 1340.2800437
            b:n 998.1142587
            b:w 996.3603684
            e:c 11237.1409391
            e:n 4466.4720714
            e:w 4497.5408095
            c:n 4001.9577044
            c:w 3999.2491097
            n:w 11574.7493581
          b:e:c 1244.4229022
          b:e:n 554.6943372
          b:e:w 555.8661754
          b:c:n 559.0346893
          b:c:w 557.7412638
          b:n:w 1230.7360773
          e:c:n 4086.6156592
          e:c:w 4096.0695634
          e:n:w 5603.1829752
          c:n:w 4762.1238267
        b:e:c:n 1103.9863460
        b:e:c:w 1105.8618234
        b:e:n:w 1837.0943220
        b:c:n:w 1668.4169796
        e:c:n:w 46113.5811585
