########################################
# legofit: estimate population history #
#       version 2.3.4-4-g53f8760       #
########################################

# Program was compiled: Sep 21 2021 14:36:42
# Program was run: Sun Oct 24 13:30:46 2021

# cmd: legofit -1 -d 0 -t 56 --ptsPerDim 3 --stateOut b1boot39.state --tol 3e-6 -S 5000 abdefgh2.lgo ../../chrX/boot_chrX/boot39.opf
# Stage nOptItr nSimReps
#     0    5000        0
# algorithm          : deterministic
# ignoring probs <=  : 0
# Branch length floor: 0
# DE strategy        : 2
#    F               : 0.3
#    CR              : 0.8
#    tolerance       : 3e-06
# nthreads           : 56
# lgo input file     : abdefgh2.lgo
# site pat input file: ../../chrX/boot_chrX/boot39.opf
# free parameters    : 20
# points in DE swarm : 60
# output state file  : b1boot39.state
# Including singleton site patterns.
# cost function      : KL
Initial parameter values
Fixed:
      zero = 0
       one = 1
    Tbecnw = 75200
Free:
       pc1 = 0
       pc2 = 0
       pc3 = 0
       pc4 = 0
       pc5 = 0
       pc6 = 0
       pc7 = 0
       pc8 = 0
       pc9 = 0
      pc10 = 0
      pc11 = 0
      pc12 = 0
      pc13 = 0
      pc14 = 0
      pc15 = 0
      pc16 = 0
      pc17 = 0
      pc18 = 0
      pc19 = 0
      pc20 = 0
Constrained:
   Tgbecnw = 123508
     Tecnw = 31129.7
       Tnw = 12317.9
       Tec = 10517.6
     twoNb = 1.06612e+07
     twoNe = 5.952e+06
     twoNc = 2.30284e+07
     twoNw = 1.43308e+06
    twoNec = 49714.2
    twoNnw = 71161.4
  twoNecnw = 55165.9
  twoNbecnw = 15236
  twoNgbecnw = 282415
         m = 0.0958365
        m2 = 0.00156272
        m4 = 0.0211495
        m5 = 0.141406
        m6 = 2.79259e-07
        m7 = 0.0183255
        m8 = 0.197678
        Th = 11417.8
        Tb = 21273.7
        Ta = 48236.9
        Td = 5258.81
        Te = 2629.41
        Tf = 1314.7
        Tg = 657.351
DiffEv reached_goal. cost=2.13722e-03 spread=2.88727e-06
Fitted parameter values
Free:
       pc1 = -3.03033
       pc2 = 1.37715
       pc3 = -1.99079
       pc4 = 3.96437
       pc5 = -0.43919
       pc6 = -1.69696
       pc7 = 0.537633
       pc8 = 0.312342
       pc9 = 1.91446
      pc10 = 0.522963
      pc11 = 0.0211041
      pc12 = 0.0783409
      pc13 = 0.989682
      pc14 = 0.331354
      pc15 = -0.272564
      pc16 = -0.19705
      pc17 = -0.277119
      pc18 = 0.135757
      pc19 = -0.112305
      pc20 = -0.0115496
Constrained:
   Tgbecnw = 92692.8
     Tecnw = 26286.2
       Tnw = 18441
       Tec = 9141.34
     twoNb = 3.63615e+07
     twoNe = 1.80079e+07
     twoNc = 1.60373e+08
     twoNw = 2.84155e+06
    twoNec = 58597.2
    twoNnw = 29071
  twoNecnw = 63314.3
  twoNbecnw = 5630.05
  twoNgbecnw = 350296
         m = 0.0815231
        m2 = 1.12338e-05
        m4 = 0.0174945
        m5 = 0.140724
        m6 = 3.8912e-07
        m7 = 0.0182533
        m8 = 0.151015
        Th = 13791.2
        Tb = 20038.7
        Ta = 47619.3
        Td = 4570.67
        Te = 2285.33
        Tf = 1142.67
        Tg = 571.334
#       SitePat  BranchLen
              b 117498.9687592
              e 43802.7804839
              c 45446.0097037
              n 42855.7856161
              w 42813.2112415
            b:e 1202.7056372
            b:c 1313.6938457
            b:n 1010.2142561
            b:w 1008.2690359
            e:c 11496.7893209
            e:n 4483.7160509
            e:w 4516.7358443
            c:n 4048.3017441
            c:w 4047.3129474
            n:w 11788.4109480
          b:e:c 1247.1643875
          b:e:n 564.5994749
          b:e:w 565.7555718
          b:c:n 568.3356813
          b:c:w 567.0555736
          b:n:w 1235.9998873
          e:c:n 4112.3527433
          e:c:w 4122.8961212
          e:n:w 5579.5481229
          c:n:w 4823.8982222
        b:e:c:n 1109.6834099
        b:e:c:w 1111.7526408
        b:e:n:w 1834.4003028
        b:c:n:w 1735.6337756
        e:c:n:w 46823.3522416
