########################################
# legofit: estimate population history #
#       version 2.3.4-4-g53f8760       #
########################################

# Program was compiled: Sep 21 2021 14:36:42
# Program was run: Sun Oct 24 13:50:02 2021

# cmd: legofit -1 -d 0 -t 56 --ptsPerDim 3 --stateOut b1boot40.state --tol 3e-6 -S 5000 abdefgh2.lgo ../../chrX/boot_chrX/boot40.opf
# Stage nOptItr nSimReps
#     0    5000        0
# algorithm          : deterministic
# ignoring probs <=  : 0
# Branch length floor: 0
# DE strategy        : 2
#    F               : 0.3
#    CR              : 0.8
#    tolerance       : 3e-06
# nthreads           : 56
# lgo input file     : abdefgh2.lgo
# site pat input file: ../../chrX/boot_chrX/boot40.opf
# free parameters    : 20
# points in DE swarm : 60
# output state file  : b1boot40.state
# Including singleton site patterns.
# cost function      : KL
Initial parameter values
Fixed:
      zero = 0
       one = 1
    Tbecnw = 75200
Free:
       pc1 = 0
       pc2 = 0
       pc3 = 0
       pc4 = 0
       pc5 = 0
       pc6 = 0
       pc7 = 0
       pc8 = 0
       pc9 = 0
      pc10 = 0
      pc11 = 0
      pc12 = 0
      pc13 = 0
      pc14 = 0
      pc15 = 0
      pc16 = 0
      pc17 = 0
      pc18 = 0
      pc19 = 0
      pc20 = 0
Constrained:
   Tgbecnw = 123508
     Tecnw = 31129.7
       Tnw = 12317.9
       Tec = 10517.6
     twoNb = 1.06612e+07
     twoNe = 5.952e+06
     twoNc = 2.30284e+07
     twoNw = 1.43308e+06
    twoNec = 49714.2
    twoNnw = 71161.4
  twoNecnw = 55165.9
  twoNbecnw = 15236
  twoNgbecnw = 282415
         m = 0.0958365
        m2 = 0.00156272
        m4 = 0.0211495
        m5 = 0.141406
        m6 = 2.79259e-07
        m7 = 0.0183255
        m8 = 0.197678
        Th = 11417.8
        Tb = 21273.7
        Ta = 48236.9
        Td = 5258.81
        Te = 2629.41
        Tf = 1314.7
        Tg = 657.351
DiffEv reached_goal. cost=2.07327e-03 spread=2.98169e-06
Fitted parameter values
Free:
       pc1 = -3.44672
       pc2 = 1.42406
       pc3 = -1.88193
       pc4 = 3.92351
       pc5 = 0.686108
       pc6 = -3.31124
       pc7 = 1.53416
       pc8 = 1.95239
       pc9 = 1.49288
      pc10 = 1.59006
      pc11 = -0.540317
      pc12 = 0.347948
      pc13 = 0.918102
      pc14 = 0.269485
      pc15 = -0.397986
      pc16 = -0.202685
      pc17 = -0.34916
      pc18 = 0.0245889
      pc19 = -0.0581568
      pc20 = 0.000856845
Constrained:
   Tgbecnw = 90580.9
     Tecnw = 26573.4
       Tnw = 19424.4
       Tec = 9610.79
     twoNb = 6.73575e+07
     twoNe = 2.79137e+07
     twoNc = 1.76865e+08
     twoNw = 3.04593e+06
    twoNec = 54199.6
    twoNnw = 23722.4
  twoNecnw = 61670.4
  twoNbecnw = 4648
  twoNgbecnw = 454475
         m = 0.058726
        m2 = 6.2009e-05
        m4 = 0.0157922
        m5 = 0.136529
        m6 = 1.40361e-07
        m7 = 0.0178751
        m8 = 0.190419
        Th = 14517.6
        Tb = 20545.5
        Ta = 47872.7
        Td = 4805.39
        Te = 2402.7
        Tf = 1201.35
        Tg = 600.674
#       SitePat  BranchLen
              b 115669.2800748
              e 43213.0343826
              c 44750.1250551
              n 41965.4764309
              w 41923.0919222
            b:e 1203.6159119
            b:c 1310.0962264
            b:n 991.5144053
            b:w 989.4846127
            e:c 11337.7624871
            e:n 4385.1265826
            e:w 4416.2275302
            c:n 3983.6195955
            c:w 3983.8001429
            n:w 11713.5796831
          b:e:c 1259.0806698
          b:e:n 557.6095455
          b:e:w 558.6738908
          b:c:n 561.0596746
          b:c:w 559.8661496
          b:n:w 1244.8008048
          e:c:n 4040.1165063
          e:c:w 4051.2195199
          e:n:w 5694.3148536
          c:n:w 4943.5623070
        b:e:c:n 1090.1895236
        b:e:c:w 1092.3484959
        b:e:n:w 1791.8764964
        b:c:n:w 1728.3500498
        e:c:n:w 45916.6501893
