########################################
# legofit: estimate population history #
#       version 2.3.4-4-g53f8760       #
########################################

# Program was compiled: Sep 21 2021 14:36:42
# Program was run: Sun Oct 24 11:34:35 2021

# cmd: legofit -1 -d 0 -t 56 --ptsPerDim 3 --stateOut b1boot19.state --tol 3e-6 -S 5000 abdefgh2.lgo ../../chrX/boot_chrX/boot19.opf
# Stage nOptItr nSimReps
#     0    5000        0
# algorithm          : deterministic
# ignoring probs <=  : 0
# Branch length floor: 0
# DE strategy        : 2
#    F               : 0.3
#    CR              : 0.8
#    tolerance       : 3e-06
# nthreads           : 56
# lgo input file     : abdefgh2.lgo
# site pat input file: ../../chrX/boot_chrX/boot19.opf
# free parameters    : 20
# points in DE swarm : 60
# output state file  : b1boot19.state
# Including singleton site patterns.
# cost function      : KL
Initial parameter values
Fixed:
      zero = 0
       one = 1
    Tbecnw = 75200
Free:
       pc1 = 0
       pc2 = 0
       pc3 = 0
       pc4 = 0
       pc5 = 0
       pc6 = 0
       pc7 = 0
       pc8 = 0
       pc9 = 0
      pc10 = 0
      pc11 = 0
      pc12 = 0
      pc13 = 0
      pc14 = 0
      pc15 = 0
      pc16 = 0
      pc17 = 0
      pc18 = 0
      pc19 = 0
      pc20 = 0
Constrained:
   Tgbecnw = 123508
     Tecnw = 31129.7
       Tnw = 12317.9
       Tec = 10517.6
     twoNb = 1.06612e+07
     twoNe = 5.952e+06
     twoNc = 2.30284e+07
     twoNw = 1.43308e+06
    twoNec = 49714.2
    twoNnw = 71161.4
  twoNecnw = 55165.9
  twoNbecnw = 15236
  twoNgbecnw = 282415
         m = 0.0958365
        m2 = 0.00156272
        m4 = 0.0211495
        m5 = 0.141406
        m6 = 2.79259e-07
        m7 = 0.0183255
        m8 = 0.197678
        Th = 11417.8
        Tb = 21273.7
        Ta = 48236.9
        Td = 5258.81
        Te = 2629.41
        Tf = 1314.7
        Tg = 657.351
DiffEv reached_goal. cost=2.23610e-03 spread=2.88504e-06
Fitted parameter values
Free:
       pc1 = -3.85712
       pc2 = 0.328902
       pc3 = -1.92846
       pc4 = 3.96808
       pc5 = 0.186844
       pc6 = -2.90066
       pc7 = 1.65387
       pc8 = 0.29497
       pc9 = 0.68918
      pc10 = 1.26039
      pc11 = 0.103714
      pc12 = -0.211477
      pc13 = 0.42625
      pc14 = 0.0864334
      pc15 = -0.482082
      pc16 = -0.0289463
      pc17 = 0.0443789
      pc18 = 0.0911006
      pc19 = -0.112264
      pc20 = 0.0169414
Constrained:
   Tgbecnw = 90149.3
     Tecnw = 26700.3
       Tnw = 18633.4
       Tec = 12535.6
     twoNb = 5.78741e+07
     twoNe = 3.62554e+07
     twoNc = 1.71907e+08
     twoNw = 2.66734e+06
    twoNec = 39577.9
    twoNnw = 26645.1
  twoNecnw = 63782.8
  twoNbecnw = 4725.31
  twoNgbecnw = 376904
         m = 0.0728211
        m2 = 1.38562e-05
        m4 = 0.0181091
        m5 = 0.148091
        m6 = 5.43947e-07
        m7 = 0.0188892
        m8 = 0.173444
        Th = 15584.5
        Tb = 21142.4
        Ta = 48171.2
        Td = 6267.8
        Te = 3133.9
        Tf = 1566.95
        Tg = 783.476
#       SitePat  BranchLen
              b 115802.6566529
              e 43389.9034668
              c 45229.2988940
              n 42311.2660856
              w 42270.8386864
            b:e 1170.8843690
            b:c 1297.5663938
            b:n 985.6015345
            b:w 983.7672570
            e:c 11692.2031367
            e:n 4364.0699491
            e:w 4397.2038523
            c:n 3887.9943556
            c:w 3885.4082909
            n:w 12118.3809756
          b:e:c 1276.4632100
          b:e:n 539.2479488
          b:e:w 540.4683479
          b:c:n 543.4365331
          b:c:w 542.0920508
          b:n:w 1264.5493216
          e:c:n 4033.1884377
          e:c:w 4043.0679985
          e:n:w 5643.9259603
          c:n:w 4774.9413400
        b:e:c:n 1087.0024341
        b:e:c:w 1088.9607948
        b:e:n:w 1828.0190917
        b:c:n:w 1712.9851318
        e:c:n:w 45569.0921683
