########################################
# legofit: estimate population history #
#       version 2.3.4-4-g53f8760       #
########################################

# Program was compiled: Sep 21 2021 14:36:42
# Program was run: Sun Oct 24 14:44:08 2021

# cmd: legofit -1 -d 0 -t 56 --ptsPerDim 3 --stateOut b1boot48.state --tol 3e-6 -S 5000 abdefgh2.lgo ../../chrX/boot_chrX/boot48.opf
# Stage nOptItr nSimReps
#     0    5000        0
# algorithm          : deterministic
# ignoring probs <=  : 0
# Branch length floor: 0
# DE strategy        : 2
#    F               : 0.3
#    CR              : 0.8
#    tolerance       : 3e-06
# nthreads           : 56
# lgo input file     : abdefgh2.lgo
# site pat input file: ../../chrX/boot_chrX/boot48.opf
# free parameters    : 20
# points in DE swarm : 60
# output state file  : b1boot48.state
# Including singleton site patterns.
# cost function      : KL
Initial parameter values
Fixed:
      zero = 0
       one = 1
    Tbecnw = 75200
Free:
       pc1 = 0
       pc2 = 0
       pc3 = 0
       pc4 = 0
       pc5 = 0
       pc6 = 0
       pc7 = 0
       pc8 = 0
       pc9 = 0
      pc10 = 0
      pc11 = 0
      pc12 = 0
      pc13 = 0
      pc14 = 0
      pc15 = 0
      pc16 = 0
      pc17 = 0
      pc18 = 0
      pc19 = 0
      pc20 = 0
Constrained:
   Tgbecnw = 123508
     Tecnw = 31129.7
       Tnw = 12317.9
       Tec = 10517.6
     twoNb = 1.06612e+07
     twoNe = 5.952e+06
     twoNc = 2.30284e+07
     twoNw = 1.43308e+06
    twoNec = 49714.2
    twoNnw = 71161.4
  twoNecnw = 55165.9
  twoNbecnw = 15236
  twoNgbecnw = 282415
         m = 0.0958365
        m2 = 0.00156272
        m4 = 0.0211495
        m5 = 0.141406
        m6 = 2.79259e-07
        m7 = 0.0183255
        m8 = 0.197678
        Th = 11417.8
        Tb = 21273.7
        Ta = 48236.9
        Td = 5258.81
        Te = 2629.41
        Tf = 1314.7
        Tg = 657.351
DiffEv reached_goal. cost=2.07744e-03 spread=2.57156e-06
Fitted parameter values
Free:
       pc1 = -3.2855
       pc2 = 0.921903
       pc3 = -1.99481
       pc4 = 3.99367
       pc5 = 1.12271
       pc6 = -0.0298855
       pc7 = 1.92553
       pc8 = 0.770403
       pc9 = 1.09765
      pc10 = 1.33505
      pc11 = -0.19932
      pc12 = 0.414412
      pc13 = 0.976507
      pc14 = 0.00621249
      pc15 = -0.501349
      pc16 = -0.160613
      pc17 = -0.325155
      pc18 = 0.0688925
      pc19 = -0.129909
      pc20 = 0.0232229
Constrained:
   Tgbecnw = 89590.9
     Tecnw = 26362.6
       Tnw = 20248.9
       Tec = 10292.1
     twoNb = 1.76169e+07
     twoNe = 1.66733e+07
     twoNc = 1.48899e+08
     twoNw = 2.95773e+06
    twoNec = 49711.1
    twoNnw = 21137.8
  twoNecnw = 63276.7
  twoNbecnw = 4480.5
  twoNgbecnw = 414767
         m = 0.0642729
        m2 = 5.62777e-05
        m4 = 0.0183209
        m5 = 0.143802
        m6 = 1.18711e-06
        m7 = 0.0197966
        m8 = 0.19849
        Th = 15270.5
        Tb = 20816.5
        Ta = 48008.3
        Td = 5146.04
        Te = 2573.02
        Tf = 1286.51
        Tg = 643.255
#       SitePat  BranchLen
              b 115337.5166792
              e 43382.3237865
              c 44964.4225133
              n 42464.2521098
              w 42417.4152472
            b:e 1220.8020341
            b:c 1332.7807479
            b:n 1016.2063528
            b:w 1013.9066250
            e:c 11365.5909568
            e:n 4437.5827003
            e:w 4472.2055249
            c:n 4028.7750379
            c:w 4028.5288604
            n:w 11506.7125356
          b:e:c 1266.7068641
          b:e:n 570.3798388
          b:e:w 571.6039903
          b:c:n 574.2868489
          b:c:w 572.9105369
          b:n:w 1252.7283660
          e:c:n 4099.7288233
          e:c:w 4112.1890387
          e:n:w 5652.1385606
          c:n:w 4890.4370639
        b:e:c:n 1121.2830200
        b:e:c:w 1123.7349083
        b:e:n:w 1866.8640396
        b:c:n:w 1781.7588718
        e:c:n:w 45360.3357116
