########################################
# legofit: estimate population history #
#       version 2.3.4-4-g53f8760       #
########################################

# Program was compiled: Sep 21 2021 14:36:42
# Program was run: Sun Oct 24 13:05:07 2021

# cmd: legofit -1 -d 0 -t 56 --ptsPerDim 3 --stateOut b1boot30.state --tol 3e-6 -S 5000 abdefgh2.lgo ../../chrX/boot_chrX/boot30.opf
# Stage nOptItr nSimReps
#     0    5000        0
# algorithm          : deterministic
# ignoring probs <=  : 0
# Branch length floor: 0
# DE strategy        : 2
#    F               : 0.3
#    CR              : 0.8
#    tolerance       : 3e-06
# nthreads           : 56
# lgo input file     : abdefgh2.lgo
# site pat input file: ../../chrX/boot_chrX/boot30.opf
# free parameters    : 20
# points in DE swarm : 60
# output state file  : b1boot30.state
# Including singleton site patterns.
# cost function      : KL
Initial parameter values
Fixed:
      zero = 0
       one = 1
    Tbecnw = 75200
Free:
       pc1 = 0
       pc2 = 0
       pc3 = 0
       pc4 = 0
       pc5 = 0
       pc6 = 0
       pc7 = 0
       pc8 = 0
       pc9 = 0
      pc10 = 0
      pc11 = 0
      pc12 = 0
      pc13 = 0
      pc14 = 0
      pc15 = 0
      pc16 = 0
      pc17 = 0
      pc18 = 0
      pc19 = 0
      pc20 = 0
Constrained:
   Tgbecnw = 123508
     Tecnw = 31129.7
       Tnw = 12317.9
       Tec = 10517.6
     twoNb = 1.06612e+07
     twoNe = 5.952e+06
     twoNc = 2.30284e+07
     twoNw = 1.43308e+06
    twoNec = 49714.2
    twoNnw = 71161.4
  twoNecnw = 55165.9
  twoNbecnw = 15236
  twoNgbecnw = 282415
         m = 0.0958365
        m2 = 0.00156272
        m4 = 0.0211495
        m5 = 0.141406
        m6 = 2.79259e-07
        m7 = 0.0183255
        m8 = 0.197678
        Th = 11417.8
        Tb = 21273.7
        Ta = 48236.9
        Td = 5258.81
        Te = 2629.41
        Tf = 1314.7
        Tg = 657.351
DiffEv reached_goal. cost=2.19944e-03 spread=2.99405e-06
Fitted parameter values
Free:
       pc1 = -3.92219
       pc2 = 1.66524
       pc3 = -1.90579
       pc4 = 3.98125
       pc5 = 0.518728
       pc6 = -2.66177
       pc7 = 0.938739
       pc8 = 0.748025
       pc9 = 1.33094
      pc10 = 1.52996
      pc11 = 0.309372
      pc12 = -1.26655
      pc13 = 0.786959
      pc14 = 0.290885
      pc15 = -0.498149
      pc16 = 0.207623
      pc17 = -0.170308
      pc18 = 0.174844
      pc19 = -0.0171114
      pc20 = -0.00161722
Constrained:
   Tgbecnw = 85062.3
     Tecnw = 26149.4
       Tnw = 17800.8
       Tec = 12217.6
     twoNb = 5.12048e+07
     twoNe = 2.81508e+07
     twoNc = 1.57416e+08
     twoNw = 3.05649e+06
    twoNec = 40879.1
    twoNnw = 29973.2
  twoNecnw = 60507.9
  twoNbecnw = 3117.23
  twoNgbecnw = 402362
         m = 0.0683213
        m2 = 0.000259146
        m4 = 0.0176385
        m5 = 0.145627
        m6 = 5.01625e-07
        m7 = 0.0159965
        m8 = 0.16683
        Th = 15009.2
        Tb = 20579.3
        Ta = 47889.7
        Td = 6108.79
        Te = 3054.4
        Tf = 1527.2
        Tg = 763.599
#       SitePat  BranchLen
              b 115317.9942962
              e 42541.7551498
              c 44353.4478722
              n 41780.3010255
              w 41747.6491538
            b:e 1116.5903154
            b:c 1245.3039951
            b:n 967.3475126
            b:w 965.8967294
            e:c 11315.7585300
            e:n 4373.5053005
            e:w 4400.5094335
            c:n 3913.0867067
            c:w 3910.7446880
            n:w 11610.7829464
          b:e:c 1209.9057088
          b:e:n 531.3488370
          b:e:w 532.3358735
          b:c:n 535.3318874
          b:c:w 534.2480803
          b:n:w 1199.4983719
          e:c:n 4085.5226940
          e:c:w 4093.5124512
          e:n:w 5501.8091538
          c:n:w 4678.6760029
        b:e:c:n 1065.5147240
        b:e:c:w 1067.0622778
        b:e:n:w 1765.3905403
        b:c:n:w 1592.4053634
        e:c:n:w 46045.6536052
