########################################
# legofit: estimate population history #
#       version 2.3.4-4-g53f8760       #
########################################

# Program was compiled: Sep 21 2021 14:36:42
# Program was run: Sun Oct 24 14:34:46 2021

# cmd: legofit -1 -d 0 -t 56 --ptsPerDim 3 --stateOut b1boot45.state --tol 3e-6 -S 5000 abdefgh2.lgo ../../chrX/boot_chrX/boot45.opf
# Stage nOptItr nSimReps
#     0    5000        0
# algorithm          : deterministic
# ignoring probs <=  : 0
# Branch length floor: 0
# DE strategy        : 2
#    F               : 0.3
#    CR              : 0.8
#    tolerance       : 3e-06
# nthreads           : 56
# lgo input file     : abdefgh2.lgo
# site pat input file: ../../chrX/boot_chrX/boot45.opf
# free parameters    : 20
# points in DE swarm : 60
# output state file  : b1boot45.state
# Including singleton site patterns.
# cost function      : KL
Initial parameter values
Fixed:
      zero = 0
       one = 1
    Tbecnw = 75200
Free:
       pc1 = 0
       pc2 = 0
       pc3 = 0
       pc4 = 0
       pc5 = 0
       pc6 = 0
       pc7 = 0
       pc8 = 0
       pc9 = 0
      pc10 = 0
      pc11 = 0
      pc12 = 0
      pc13 = 0
      pc14 = 0
      pc15 = 0
      pc16 = 0
      pc17 = 0
      pc18 = 0
      pc19 = 0
      pc20 = 0
Constrained:
   Tgbecnw = 123508
     Tecnw = 31129.7
       Tnw = 12317.9
       Tec = 10517.6
     twoNb = 1.06612e+07
     twoNe = 5.952e+06
     twoNc = 2.30284e+07
     twoNw = 1.43308e+06
    twoNec = 49714.2
    twoNnw = 71161.4
  twoNecnw = 55165.9
  twoNbecnw = 15236
  twoNgbecnw = 282415
         m = 0.0958365
        m2 = 0.00156272
        m4 = 0.0211495
        m5 = 0.141406
        m6 = 2.79259e-07
        m7 = 0.0183255
        m8 = 0.197678
        Th = 11417.8
        Tb = 21273.7
        Ta = 48236.9
        Td = 5258.81
        Te = 2629.41
        Tf = 1314.7
        Tg = 657.351
DiffEv reached_goal. cost=1.97112e-03 spread=2.90141e-06
Fitted parameter values
Free:
       pc1 = -3.95689
       pc2 = 0.511168
       pc3 = -1.80502
       pc4 = 3.96343
       pc5 = 1.88068
       pc6 = -0.516079
       pc7 = 0.821197
       pc8 = -0.759405
       pc9 = 0.909859
      pc10 = 0.758053
      pc11 = -0.0483041
      pc12 = -1.18953
      pc13 = 0.61462
      pc14 = -0.512853
      pc15 = -0.403149
      pc16 = 0.244674
      pc17 = -0.0644857
      pc18 = 0.0980126
      pc19 = -0.0211048
      pc20 = 0.0106035
Constrained:
   Tgbecnw = 86898.5
     Tecnw = 25349.3
       Tnw = 18995
       Tec = 14020.7
     twoNb = 1.59832e+06
     twoNe = 3.14192e+07
     twoNc = 1.24837e+08
     twoNw = 2.61897e+06
    twoNec = 32506.4
    twoNnw = 22855.5
  twoNecnw = 65916.1
  twoNbecnw = 3666.83
  twoNgbecnw = 389012
         m = 0.0714874
        m2 = 4.03403e-05
        m4 = 0.0209513
        m5 = 0.142199
        m6 = 1.02339e-06
        m7 = 0.0176059
        m8 = 0.176133
        Th = 16507.8
        Tb = 20928.6
        Ta = 48064.3
        Td = 7010.34
        Te = 3505.17
        Tf = 1752.59
        Tg = 876.293
#       SitePat  BranchLen
              b 115096.3584470
              e 43037.0083118
              c 44896.7886722
              n 42262.4950198
              w 42224.7435729
            b:e 1178.1165048
            b:c 1316.2574085
            b:n 980.4221184
            b:w 978.7053167
            e:c 11418.0602562
            e:n 4450.4017858
            e:w 4482.0863222
            c:n 3993.8746250
            c:w 3990.5106172
            n:w 11751.5590081
          b:e:c 1230.8293483
          b:e:n 539.8730045
          b:e:w 541.0733683
          b:c:n 544.5767379
          b:c:w 543.2500327
          b:n:w 1216.6046480
          e:c:n 4107.3363494
          e:c:w 4116.7672677
          e:n:w 5545.0204902
          c:n:w 4708.5053287
        b:e:c:n 1090.0870326
        b:e:c:w 1091.9301758
        b:e:n:w 1858.0178100
        b:c:n:w 1637.8341584
        e:c:n:w 45157.3281868
