########################################
# legofit: estimate population history #
#       version 2.3.4-4-g53f8760       #
########################################

# Program was compiled: Sep 21 2021 14:36:42
# Program was run: Sun Oct 24 11:18:18 2021

# cmd: legofit -1 -d 0 -t 56 --ptsPerDim 3 --stateOut b1boot15.state --tol 3e-6 -S 5000 abdefgh2.lgo ../../chrX/boot_chrX/boot15.opf
# Stage nOptItr nSimReps
#     0    5000        0
# algorithm          : deterministic
# ignoring probs <=  : 0
# Branch length floor: 0
# DE strategy        : 2
#    F               : 0.3
#    CR              : 0.8
#    tolerance       : 3e-06
# nthreads           : 56
# lgo input file     : abdefgh2.lgo
# site pat input file: ../../chrX/boot_chrX/boot15.opf
# free parameters    : 20
# points in DE swarm : 60
# output state file  : b1boot15.state
# Including singleton site patterns.
# cost function      : KL
Initial parameter values
Fixed:
      zero = 0
       one = 1
    Tbecnw = 75200
Free:
       pc1 = 0
       pc2 = 0
       pc3 = 0
       pc4 = 0
       pc5 = 0
       pc6 = 0
       pc7 = 0
       pc8 = 0
       pc9 = 0
      pc10 = 0
      pc11 = 0
      pc12 = 0
      pc13 = 0
      pc14 = 0
      pc15 = 0
      pc16 = 0
      pc17 = 0
      pc18 = 0
      pc19 = 0
      pc20 = 0
Constrained:
   Tgbecnw = 123508
     Tecnw = 31129.7
       Tnw = 12317.9
       Tec = 10517.6
     twoNb = 1.06612e+07
     twoNe = 5.952e+06
     twoNc = 2.30284e+07
     twoNw = 1.43308e+06
    twoNec = 49714.2
    twoNnw = 71161.4
  twoNecnw = 55165.9
  twoNbecnw = 15236
  twoNgbecnw = 282415
         m = 0.0958365
        m2 = 0.00156272
        m4 = 0.0211495
        m5 = 0.141406
        m6 = 2.79259e-07
        m7 = 0.0183255
        m8 = 0.197678
        Th = 11417.8
        Tb = 21273.7
        Ta = 48236.9
        Td = 5258.81
        Te = 2629.41
        Tf = 1314.7
        Tg = 657.351
DiffEv reached_goal. cost=2.10170e-03 spread=2.93194e-06
Fitted parameter values
Free:
       pc1 = -3.73969
       pc2 = 2.21145
       pc3 = -1.99985
       pc4 = 3.85984
       pc5 = 0.82538
       pc6 = -0.0781661
       pc7 = 1.17589
       pc8 = -1.40509
       pc9 = 0.453331
      pc10 = 1.01357
      pc11 = -0.959926
      pc12 = -0.606026
      pc13 = 0.974808
      pc14 = 0.411363
      pc15 = -0.402932
      pc16 = 0.203918
      pc17 = -0.00165657
      pc18 = 0.0223032
      pc19 = -0.00405201
      pc20 = -0.0164733
Constrained:
   Tgbecnw = 93884.7
     Tecnw = 25294.2
       Tnw = 19645.9
       Tec = 12081.1
     twoNb = 1.18527e+06
     twoNe = 2.76595e+07
     twoNc = 5.79294e+07
     twoNw = 2.99036e+06
    twoNec = 43153
    twoNnw = 19960.9
  twoNecnw = 67270.2
  twoNbecnw = 6006.95
  twoNgbecnw = 369676
         m = 0.07309
        m2 = 0.000187811
        m4 = 0.0165873
        m5 = 0.148709
        m6 = 1.62715e-06
        m7 = 0.017758
        m8 = 0.161995
        Th = 15863.5
        Tb = 20578.9
        Ta = 47889.4
        Td = 6040.56
        Te = 3020.28
        Tf = 1510.14
        Tg = 755.07
#       SitePat  BranchLen
              b 116499.4241186
              e 43720.6700838
              c 45500.8569981
              n 42661.9822259
              w 42622.2989569
            b:e 1346.1348561
            b:c 1464.3308848
            b:n 1084.9738960
            b:w 1082.9711761
            e:c 11592.5632445
            e:n 4583.6655987
            e:w 4615.7302682
            c:n 4126.6249477
            c:w 4123.9871251
            n:w 12072.8826408
          b:e:c 1365.6088594
          b:e:n 607.2259340
          b:e:w 608.5228929
          b:c:n 611.4688638
          b:c:w 610.0333785
          b:n:w 1348.5625456
          e:c:n 4212.7661854
          e:c:w 4223.0226076
          e:n:w 5824.5527675
          c:n:w 4983.7671460
        b:e:c:n 1200.8708469
        b:e:c:w 1203.0120931
        b:e:n:w 1899.5696705
        b:c:n:w 1785.0027331
        e:c:n:w 45713.7969255
