########################################
# legofit: estimate population history #
#       version 2.3.4-4-g53f8760       #
########################################

# Program was compiled: Sep 21 2021 14:36:42
# Program was run: Sun Oct 24 11:15:06 2021

# cmd: legofit -1 -d 0 -t 56 --ptsPerDim 3 --stateOut b1boot8.state --tol 3e-6 -S 5000 abdefgh2.lgo ../../chrX/boot_chrX/boot8.opf
# Stage nOptItr nSimReps
#     0    5000        0
# algorithm          : deterministic
# ignoring probs <=  : 0
# Branch length floor: 0
# DE strategy        : 2
#    F               : 0.3
#    CR              : 0.8
#    tolerance       : 3e-06
# nthreads           : 56
# lgo input file     : abdefgh2.lgo
# site pat input file: ../../chrX/boot_chrX/boot8.opf
# free parameters    : 20
# points in DE swarm : 60
# output state file  : b1boot8.state
# Including singleton site patterns.
# cost function      : KL
Initial parameter values
Fixed:
      zero = 0
       one = 1
    Tbecnw = 75200
Free:
       pc1 = 0
       pc2 = 0
       pc3 = 0
       pc4 = 0
       pc5 = 0
       pc6 = 0
       pc7 = 0
       pc8 = 0
       pc9 = 0
      pc10 = 0
      pc11 = 0
      pc12 = 0
      pc13 = 0
      pc14 = 0
      pc15 = 0
      pc16 = 0
      pc17 = 0
      pc18 = 0
      pc19 = 0
      pc20 = 0
Constrained:
   Tgbecnw = 123508
     Tecnw = 31129.7
       Tnw = 12317.9
       Tec = 10517.6
     twoNb = 1.06612e+07
     twoNe = 5.952e+06
     twoNc = 2.30284e+07
     twoNw = 1.43308e+06
    twoNec = 49714.2
    twoNnw = 71161.4
  twoNecnw = 55165.9
  twoNbecnw = 15236
  twoNgbecnw = 282415
         m = 0.0958365
        m2 = 0.00156272
        m4 = 0.0211495
        m5 = 0.141406
        m6 = 2.79259e-07
        m7 = 0.0183255
        m8 = 0.197678
        Th = 11417.8
        Tb = 21273.7
        Ta = 48236.9
        Td = 5258.81
        Te = 2629.41
        Tf = 1314.7
        Tg = 657.351
DiffEv reached_goal. cost=2.18260e-03 spread=2.23832e-06
Fitted parameter values
Free:
       pc1 = -3.96596
       pc2 = 2.59359
       pc3 = -1.9311
       pc4 = 3.83021
       pc5 = 1.20192
       pc6 = -0.575111
       pc7 = -0.619696
       pc8 = 0.442708
       pc9 = 1.75915
      pc10 = -0.139786
      pc11 = 0.0537829
      pc12 = -1.16443
      pc13 = 0.992187
      pc14 = -0.111677
      pc15 = -0.16856
      pc16 = 0.242325
      pc17 = -0.036978
      pc18 = 0.0176233
      pc19 = 0.00639427
      pc20 = 0.0299862
Constrained:
   Tgbecnw = 91406.8
     Tecnw = 24888.1
       Tnw = 19505
       Tec = 12424.2
     twoNb = 1.16116e+06
     twoNe = 1.21137e+07
     twoNc = 1.4237e+08
     twoNw = 3.03065e+06
    twoNec = 41974.9
    twoNnw = 19363.8
  twoNecnw = 69693.4
  twoNbecnw = 5054.59
  twoNgbecnw = 402728
         m = 0.0721479
        m2 = 0.000228225
        m4 = 0.0181365
        m5 = 0.137387
        m6 = 3.3464e-07
        m7 = 0.014883
        m8 = 0.153475
        Th = 15964.6
        Tb = 20426.4
        Ta = 47813.2
        Td = 6212.12
        Te = 3106.06
        Tf = 1553.03
        Tg = 776.515
#       SitePat  BranchLen
              b 117491.2749000
              e 43817.0903359
              c 45699.6715360
              n 42813.6946474
              w 42777.9457823
            b:e 1299.1366708
            b:c 1451.0294256
            b:n 1070.3736469
            b:w 1068.6047983
            e:c 11625.3106727
            e:n 4575.0229531
            e:w 4604.0993007
            c:n 4113.2447060
            c:w 4110.8181743
            n:w 12143.6639398
          b:e:c 1351.6342400
          b:e:n 598.9005355
          b:e:w 600.0593726
          b:c:n 603.9636766
          b:c:w 602.6722252
          b:n:w 1334.7641721
          e:c:n 4158.4870715
          e:c:w 4167.5861206
          e:n:w 5716.6649471
          c:n:w 4862.3216055
        b:e:c:n 1194.0227347
        b:e:c:w 1195.9241978
        b:e:n:w 1951.5618434
        b:c:n:w 1718.8145931
        e:c:n:w 46677.2361267
