########################################
# legofit: estimate population history #
#       version 2.3.4-4-g53f8760       #
########################################

# Program was compiled: Sep 21 2021 14:36:42
# Program was run: Sun Oct 24 13:24:19 2021

# cmd: legofit -1 -d 0 -t 56 --ptsPerDim 3 --stateOut b1boot36.state --tol 3e-6 -S 5000 abdefgh2.lgo ../../chrX/boot_chrX/boot36.opf
# Stage nOptItr nSimReps
#     0    5000        0
# algorithm          : deterministic
# ignoring probs <=  : 0
# Branch length floor: 0
# DE strategy        : 2
#    F               : 0.3
#    CR              : 0.8
#    tolerance       : 3e-06
# nthreads           : 56
# lgo input file     : abdefgh2.lgo
# site pat input file: ../../chrX/boot_chrX/boot36.opf
# free parameters    : 20
# points in DE swarm : 60
# output state file  : b1boot36.state
# Including singleton site patterns.
# cost function      : KL
Initial parameter values
Fixed:
      zero = 0
       one = 1
    Tbecnw = 75200
Free:
       pc1 = 0
       pc2 = 0
       pc3 = 0
       pc4 = 0
       pc5 = 0
       pc6 = 0
       pc7 = 0
       pc8 = 0
       pc9 = 0
      pc10 = 0
      pc11 = 0
      pc12 = 0
      pc13 = 0
      pc14 = 0
      pc15 = 0
      pc16 = 0
      pc17 = 0
      pc18 = 0
      pc19 = 0
      pc20 = 0
Constrained:
   Tgbecnw = 123508
     Tecnw = 31129.7
       Tnw = 12317.9
       Tec = 10517.6
     twoNb = 1.06612e+07
     twoNe = 5.952e+06
     twoNc = 2.30284e+07
     twoNw = 1.43308e+06
    twoNec = 49714.2
    twoNnw = 71161.4
  twoNecnw = 55165.9
  twoNbecnw = 15236
  twoNgbecnw = 282415
         m = 0.0958365
        m2 = 0.00156272
        m4 = 0.0211495
        m5 = 0.141406
        m6 = 2.79259e-07
        m7 = 0.0183255
        m8 = 0.197678
        Th = 11417.8
        Tb = 21273.7
        Ta = 48236.9
        Td = 5258.81
        Te = 2629.41
        Tf = 1314.7
        Tg = 657.351
DiffEv reached_goal. cost=2.19165e-03 spread=2.50047e-06
Fitted parameter values
Free:
       pc1 = -3.69661
       pc2 = 1.54005
       pc3 = -1.98617
       pc4 = 3.98283
       pc5 = 0.580411
       pc6 = 1.16206
       pc7 = 1.98318
       pc8 = -0.503625
       pc9 = 1.61149
      pc10 = 0.0723828
      pc11 = 0.870895
      pc12 = 0.0396317
      pc13 = 0.694368
      pc14 = 0.227619
      pc15 = -0.402389
      pc16 = 0.0202312
      pc17 = -0.257937
      pc18 = 0.100069
      pc19 = -0.0643385
      pc20 = 0.00230388
Constrained:
   Tgbecnw = 87842.3
     Tecnw = 25026.9
       Tnw = 19960
       Tec = 12350.7
     twoNb = 1.31965e+06
     twoNe = 2.96886e+06
     twoNc = 1.50378e+08
     twoNw = 2.64834e+06
    twoNec = 40423.7
    twoNnw = 18546.7
  twoNecnw = 66074.2
  twoNbecnw = 4028.38
  twoNgbecnw = 370502
         m = 0.0778452
        m2 = 0.000417531
        m4 = 0.0187106
        m5 = 0.146434
        m6 = 1.78017e-06
        m7 = 0.0197347
        m8 = 0.163116
        Th = 16155.3
        Tb = 20591.1
        Ta = 47895.6
        Td = 6175.35
        Te = 3087.68
        Tf = 1543.84
        Tg = 771.919
#       SitePat  BranchLen
              b 116383.5467241
              e 43252.4479061
              c 44915.1829081
              n 42417.4975827
              w 42373.4502883
            b:e 1237.7929115
            b:c 1338.7383706
            b:n 990.5655368
            b:w 988.5019551
            e:c 11409.7840547
            e:n 4461.1648485
            e:w 4496.7137035
            c:n 4033.6068876
            c:w 4030.7315203
            n:w 11667.3434447
          b:e:c 1236.0682451
          b:e:n 551.0497634
          b:e:w 552.3787961
          b:c:n 555.0493513
          b:c:w 553.5726966
          b:n:w 1221.2673597
          e:c:n 4127.0391079
          e:c:w 4138.4129146
          e:n:w 5580.1955080
          c:n:w 4803.5217247
        b:e:c:n 1099.8572282
        b:e:c:w 1102.0684319
        b:e:n:w 1835.4752121
        b:c:n:w 1736.8151952
        e:c:n:w 46302.2992554
