########################################
# legofit: estimate population history #
#       version 2.3.4-4-g53f8760       #
########################################

# Program was compiled: Sep 21 2021 14:36:42
# Program was run: Sun Oct 24 11:15:05 2021

# cmd: legofit -1 -d 0 -t 56 --ptsPerDim 3 --stateOut b1boot2.state --tol 3e-6 -S 5000 abdefgh2.lgo ../../chrX/boot_chrX/boot2.opf
# Stage nOptItr nSimReps
#     0    5000        0
# algorithm          : deterministic
# ignoring probs <=  : 0
# Branch length floor: 0
# DE strategy        : 2
#    F               : 0.3
#    CR              : 0.8
#    tolerance       : 3e-06
# nthreads           : 56
# lgo input file     : abdefgh2.lgo
# site pat input file: ../../chrX/boot_chrX/boot2.opf
# free parameters    : 20
# points in DE swarm : 60
# output state file  : b1boot2.state
# Including singleton site patterns.
# cost function      : KL
Initial parameter values
Fixed:
      zero = 0
       one = 1
    Tbecnw = 75200
Free:
       pc1 = 0
       pc2 = 0
       pc3 = 0
       pc4 = 0
       pc5 = 0
       pc6 = 0
       pc7 = 0
       pc8 = 0
       pc9 = 0
      pc10 = 0
      pc11 = 0
      pc12 = 0
      pc13 = 0
      pc14 = 0
      pc15 = 0
      pc16 = 0
      pc17 = 0
      pc18 = 0
      pc19 = 0
      pc20 = 0
Constrained:
   Tgbecnw = 123508
     Tecnw = 31129.7
       Tnw = 12317.9
       Tec = 10517.6
     twoNb = 1.06612e+07
     twoNe = 5.952e+06
     twoNc = 2.30284e+07
     twoNw = 1.43308e+06
    twoNec = 49714.2
    twoNnw = 71161.4
  twoNecnw = 55165.9
  twoNbecnw = 15236
  twoNgbecnw = 282415
         m = 0.0958365
        m2 = 0.00156272
        m4 = 0.0211495
        m5 = 0.141406
        m6 = 2.79259e-07
        m7 = 0.0183255
        m8 = 0.197678
        Th = 11417.8
        Tb = 21273.7
        Ta = 48236.9
        Td = 5258.81
        Te = 2629.41
        Tf = 1314.7
        Tg = 657.351
DiffEv reached_goal. cost=2.16600e-03 spread=2.58868e-06
Fitted parameter values
Free:
       pc1 = -3.95209
       pc2 = 1.67438
       pc3 = -1.98248
       pc4 = 3.96308
       pc5 = 0.937472
       pc6 = -0.811673
       pc7 = 0.708647
       pc8 = 1.37091
       pc9 = 1.52425
      pc10 = 1.01549
      pc11 = 0.706299
      pc12 = -0.150047
      pc13 = 0.654311
      pc14 = 0.207137
      pc15 = -0.429303
      pc16 = 0.32997
      pc17 = 0.0495236
      pc18 = 0.0639551
      pc19 = -0.101183
      pc20 = -0.0146142
Constrained:
   Tgbecnw = 85499
     Tecnw = 26110.1
       Tnw = 18209.7
       Tec = 12167.6
     twoNb = 2.35174e+07
     twoNe = 1.13114e+07
     twoNc = 1.87275e+08
     twoNw = 3.05627e+06
    twoNec = 40221.9
    twoNnw = 26442.8
  twoNecnw = 65733.7
  twoNbecnw = 3215.89
  twoNgbecnw = 409403
         m = 0.0671703
        m2 = 0.000681182
        m4 = 0.0173535
        m5 = 0.144808
        m6 = 4.4128e-07
        m7 = 0.0174348
        m8 = 0.181426
        Th = 15188.6
        Tb = 20649.4
        Ta = 47924.7
        Td = 6083.78
        Te = 3041.89
        Tf = 1520.95
        Tg = 760.473
#       SitePat  BranchLen
              b 114870.2085202
              e 43224.3539465
              c 45043.2887474
              n 42047.1567048
              w 42012.4889706
            b:e 1170.9897994
            b:c 1297.7306023
            b:n 987.0825239
            b:w 985.4972848
            e:c 11525.7566863
            e:n 4430.2573636
            e:w 4458.2777837
            c:n 3958.3859067
            c:w 3956.5048736
            n:w 12041.9313564
          b:e:c 1269.8970688
          b:e:n 548.8608665
          b:e:w 549.8844825
          b:c:n 553.1362988
          b:c:w 551.9953704
          b:n:w 1257.8782726
          e:c:n 4001.8675770
          e:c:w 4010.3959243
          e:n:w 5608.3721439
          c:n:w 4763.6003722
        b:e:c:n 1099.4260764
        b:e:c:w 1101.1286278
        b:e:n:w 1835.1587513
        b:c:n:w 1701.5129658
        e:c:n:w 44945.7604924
