########################################
# legofit: estimate population history #
#       version 2.3.4-4-g53f8760       #
########################################

# Program was compiled: Sep 21 2021 14:36:42
# Program was run: Sun Oct 24 13:21:07 2021

# cmd: legofit -1 -d 0 -t 56 --ptsPerDim 3 --stateOut b1boot35.state --tol 3e-6 -S 5000 abdefgh2.lgo ../../chrX/boot_chrX/boot35.opf
# Stage nOptItr nSimReps
#     0    5000        0
# algorithm          : deterministic
# ignoring probs <=  : 0
# Branch length floor: 0
# DE strategy        : 2
#    F               : 0.3
#    CR              : 0.8
#    tolerance       : 3e-06
# nthreads           : 56
# lgo input file     : abdefgh2.lgo
# site pat input file: ../../chrX/boot_chrX/boot35.opf
# free parameters    : 20
# points in DE swarm : 60
# output state file  : b1boot35.state
# Including singleton site patterns.
# cost function      : KL
Initial parameter values
Fixed:
      zero = 0
       one = 1
    Tbecnw = 75200
Free:
       pc1 = 0
       pc2 = 0
       pc3 = 0
       pc4 = 0
       pc5 = 0
       pc6 = 0
       pc7 = 0
       pc8 = 0
       pc9 = 0
      pc10 = 0
      pc11 = 0
      pc12 = 0
      pc13 = 0
      pc14 = 0
      pc15 = 0
      pc16 = 0
      pc17 = 0
      pc18 = 0
      pc19 = 0
      pc20 = 0
Constrained:
   Tgbecnw = 123508
     Tecnw = 31129.7
       Tnw = 12317.9
       Tec = 10517.6
     twoNb = 1.06612e+07
     twoNe = 5.952e+06
     twoNc = 2.30284e+07
     twoNw = 1.43308e+06
    twoNec = 49714.2
    twoNnw = 71161.4
  twoNecnw = 55165.9
  twoNbecnw = 15236
  twoNgbecnw = 282415
         m = 0.0958365
        m2 = 0.00156272
        m4 = 0.0211495
        m5 = 0.141406
        m6 = 2.79259e-07
        m7 = 0.0183255
        m8 = 0.197678
        Th = 11417.8
        Tb = 21273.7
        Ta = 48236.9
        Td = 5258.81
        Te = 2629.41
        Tf = 1314.7
        Tg = 657.351
DiffEv reached_goal. cost=2.24721e-03 spread=2.43562e-06
Fitted parameter values
Free:
       pc1 = -3.53783
       pc2 = 1.58288
       pc3 = -1.97924
       pc4 = 3.40634
       pc5 = 0.594107
       pc6 = -1.5675
       pc7 = 1.0412
       pc8 = 0.296929
       pc9 = 0.85328
      pc10 = 1.9778
      pc11 = -0.844954
      pc12 = -1.01641
      pc13 = 0.823706
      pc14 = -0.0297056
      pc15 = -0.198287
      pc16 = 0.340787
      pc17 = 0.0759422
      pc18 = 0.101751
      pc19 = -0.0837581
      pc20 = 0.00499667
Constrained:
   Tgbecnw = 90564.3
     Tecnw = 26783.6
       Tnw = 17548.8
       Tec = 11691.3
     twoNb = 3.50303e+07
     twoNe = 2.93637e+07
     twoNc = 7.2523e+07
     twoNw = 3.22112e+06
    twoNec = 44373.3
    twoNnw = 33663.3
  twoNecnw = 64256.5
  twoNbecnw = 4751.34
  twoNgbecnw = 398982
         m = 0.0730775
        m2 = 1.49883e-05
        m4 = 0.0179509
        m5 = 0.146361
        m6 = 7.34101e-07
        m7 = 0.0170147
        m8 = 0.18136
        Th = 14620
        Tb = 20701.8
        Ta = 47950.9
        Td = 5845.65
        Te = 2922.82
        Tf = 1461.41
        Tg = 730.706
#       SitePat  BranchLen
              b 117354.2946309
              e 43715.0345019
              c 45509.4171036
              n 42842.5838417
              w 42809.2684534
            b:e 1165.6061065
            b:c 1290.4236186
            b:n 1004.4341478
            b:w 1002.9443221
            e:c 11397.2366172
            e:n 4524.8625565
            e:w 4551.7982466
            c:n 4052.1443255
            c:w 4050.5045542
            n:w 11734.0203985
          b:e:c 1237.7733714
          b:e:n 559.3695432
          b:e:w 560.3353381
          b:c:n 563.3700913
          b:c:w 562.3020842
          b:n:w 1227.2847723
          e:c:n 4077.3129596
          e:c:w 4085.3324291
          e:n:w 5506.9450904
          c:n:w 4709.6011189
        b:e:c:n 1110.2139375
        b:e:c:w 1111.8059755
        b:e:n:w 1845.2955007
        b:c:n:w 1691.4839826
        e:c:n:w 46838.0153427
