########################################
# legofit: estimate population history #
#       version 2.3.4-4-g53f8760       #
########################################

# Program was compiled: Sep 21 2021 14:36:42
# Program was run: Sun Oct 24 12:45:56 2021

# cmd: legofit -1 -d 0 -t 56 --ptsPerDim 3 --stateOut b1boot23.state --tol 3e-6 -S 5000 abdefgh2.lgo ../../chrX/boot_chrX/boot23.opf
# Stage nOptItr nSimReps
#     0    5000        0
# algorithm          : deterministic
# ignoring probs <=  : 0
# Branch length floor: 0
# DE strategy        : 2
#    F               : 0.3
#    CR              : 0.8
#    tolerance       : 3e-06
# nthreads           : 56
# lgo input file     : abdefgh2.lgo
# site pat input file: ../../chrX/boot_chrX/boot23.opf
# free parameters    : 20
# points in DE swarm : 60
# output state file  : b1boot23.state
# Including singleton site patterns.
# cost function      : KL
Initial parameter values
Fixed:
      zero = 0
       one = 1
    Tbecnw = 75200
Free:
       pc1 = 0
       pc2 = 0
       pc3 = 0
       pc4 = 0
       pc5 = 0
       pc6 = 0
       pc7 = 0
       pc8 = 0
       pc9 = 0
      pc10 = 0
      pc11 = 0
      pc12 = 0
      pc13 = 0
      pc14 = 0
      pc15 = 0
      pc16 = 0
      pc17 = 0
      pc18 = 0
      pc19 = 0
      pc20 = 0
Constrained:
   Tgbecnw = 123508
     Tecnw = 31129.7
       Tnw = 12317.9
       Tec = 10517.6
     twoNb = 1.06612e+07
     twoNe = 5.952e+06
     twoNc = 2.30284e+07
     twoNw = 1.43308e+06
    twoNec = 49714.2
    twoNnw = 71161.4
  twoNecnw = 55165.9
  twoNbecnw = 15236
  twoNgbecnw = 282415
         m = 0.0958365
        m2 = 0.00156272
        m4 = 0.0211495
        m5 = 0.141406
        m6 = 2.79259e-07
        m7 = 0.0183255
        m8 = 0.197678
        Th = 11417.8
        Tb = 21273.7
        Ta = 48236.9
        Td = 5258.81
        Te = 2629.41
        Tf = 1314.7
        Tg = 657.351
DiffEv reached_goal. cost=2.16570e-03 spread=2.46525e-06
Fitted parameter values
Free:
       pc1 = -3.98728
       pc2 = 1.68367
       pc3 = -1.99806
       pc4 = 3.99285
       pc5 = -0.197134
       pc6 = -2.04173
       pc7 = 0.0308218
       pc8 = 0.260672
       pc9 = 0.656626
      pc10 = 1.14437
      pc11 = -0.463293
      pc12 = -1.07237
      pc13 = 0.997635
      pc14 = -0.242407
      pc15 = -0.446537
      pc16 = 0.111163
      pc17 = -0.0723219
      pc18 = 0.137185
      pc19 = 0.0581409
      pc20 = 0.0380731
Constrained:
   Tgbecnw = 94045
     Tecnw = 25714.2
       Tnw = 19510
       Tec = 11394
     twoNb = 3.59418e+07
     twoNe = 3.07032e+07
     twoNc = 1.30027e+08
     twoNw = 3.27e+06
    twoNec = 45517.1
    twoNnw = 22267
  twoNecnw = 66757.3
  twoNbecnw = 6088.9
  twoNgbecnw = 341935
         m = 0.0807961
        m2 = 0.000110074
        m4 = 0.0181629
        m5 = 0.149682
        m6 = 3.17226e-07
        m7 = 0.0161082
        m8 = 0.16104
        Th = 15452
        Tb = 20583.1
        Ta = 47891.5
        Td = 5697.01
        Te = 2848.5
        Tf = 1424.25
        Tg = 712.126
#       SitePat  BranchLen
              b 116726.2867020
              e 43652.8647762
              c 45588.1069022
              n 42926.0018282
              w 42888.3425193
            b:e 1206.3783046
            b:c 1351.8216627
            b:n 1039.9722835
            b:w 1038.1742924
            e:c 11708.4270342
            e:n 4546.1715428
            e:w 4576.3338558
            c:n 4061.7626732
            c:w 4059.6973116
            n:w 11960.5421715
          b:e:c 1297.5326580
          b:e:n 575.8175623
          b:e:w 576.9602434
          b:c:n 580.3121472
          b:c:w 579.0505350
          b:n:w 1287.1900224
          e:c:n 4177.4727585
          e:c:w 4187.0351160
          e:n:w 5699.5409436
          c:n:w 4812.2294362
        b:e:c:n 1145.6462931
        b:e:c:w 1147.5632151
        b:e:n:w 1883.9982015
        b:c:n:w 1685.0847486
        e:c:n:w 45740.0464839
