########################################
# legofit: estimate population history #
#       version 2.3.4-4-g53f8760       #
########################################

# Program was compiled: Sep 21 2021 14:36:42
# Program was run: Sun Oct 24 11:15:06 2021

# cmd: legofit -1 -d 0 -t 56 --ptsPerDim 3 --stateOut b1boot9.state --tol 3e-6 -S 5000 abdefgh2.lgo ../../chrX/boot_chrX/boot9.opf
# Stage nOptItr nSimReps
#     0    5000        0
# algorithm          : deterministic
# ignoring probs <=  : 0
# Branch length floor: 0
# DE strategy        : 2
#    F               : 0.3
#    CR              : 0.8
#    tolerance       : 3e-06
# nthreads           : 56
# lgo input file     : abdefgh2.lgo
# site pat input file: ../../chrX/boot_chrX/boot9.opf
# free parameters    : 20
# points in DE swarm : 60
# output state file  : b1boot9.state
# Including singleton site patterns.
# cost function      : KL
Initial parameter values
Fixed:
      zero = 0
       one = 1
    Tbecnw = 75200
Free:
       pc1 = 0
       pc2 = 0
       pc3 = 0
       pc4 = 0
       pc5 = 0
       pc6 = 0
       pc7 = 0
       pc8 = 0
       pc9 = 0
      pc10 = 0
      pc11 = 0
      pc12 = 0
      pc13 = 0
      pc14 = 0
      pc15 = 0
      pc16 = 0
      pc17 = 0
      pc18 = 0
      pc19 = 0
      pc20 = 0
Constrained:
   Tgbecnw = 123508
     Tecnw = 31129.7
       Tnw = 12317.9
       Tec = 10517.6
     twoNb = 1.06612e+07
     twoNe = 5.952e+06
     twoNc = 2.30284e+07
     twoNw = 1.43308e+06
    twoNec = 49714.2
    twoNnw = 71161.4
  twoNecnw = 55165.9
  twoNbecnw = 15236
  twoNgbecnw = 282415
         m = 0.0958365
        m2 = 0.00156272
        m4 = 0.0211495
        m5 = 0.141406
        m6 = 2.79259e-07
        m7 = 0.0183255
        m8 = 0.197678
        Th = 11417.8
        Tb = 21273.7
        Ta = 48236.9
        Td = 5258.81
        Te = 2629.41
        Tf = 1314.7
        Tg = 657.351
DiffEv reached_goal. cost=2.20141e-03 spread=2.17182e-06
Fitted parameter values
Free:
       pc1 = -3.9131
       pc2 = 2.70314
       pc3 = -1.99204
       pc4 = 3.9638
       pc5 = 0.458315
       pc6 = -1.37933
       pc7 = 0.419759
       pc8 = 0.320351
       pc9 = 1.99975
      pc10 = 0.560267
      pc11 = -0.209244
      pc12 = -0.562652
      pc13 = 0.683463
      pc14 = 0.771217
      pc15 = -0.319294
      pc16 = 0.171005
      pc17 = -0.00812152
      pc18 = 0.0747946
      pc19 = -0.0821127
      pc20 = 0.0597036
Constrained:
   Tgbecnw = 88538.8
     Tecnw = 25593.9
       Tnw = 18984
       Tec = 11827.4
     twoNb = 2.53023e+07
     twoNe = 1.54902e+07
     twoNc = 1.31813e+08
     twoNw = 3.12032e+06
    twoNec = 44587.3
    twoNnw = 24037.4
  twoNecnw = 65338
  twoNbecnw = 4172.35
  twoNgbecnw = 393773
         m = 0.0718617
        m2 = 0.000171051
        m4 = 0.0153302
        m5 = 0.137872
        m6 = 5.91273e-07
        m7 = 0.0164394
        m8 = 0.148743
        Th = 15405.7
        Tb = 20499.8
        Ta = 47849.9
        Td = 5913.68
        Te = 2956.84
        Tf = 1478.42
        Tg = 739.21
#       SitePat  BranchLen
              b 116192.6410092
              e 43417.2350946
              c 45025.5946543
              n 42583.9051418
              w 42549.8715908
            b:e 1164.8580729
            b:c 1272.9318548
            b:n 1002.4891959
            b:w 1000.9212557
            e:c 11586.7009292
            e:n 4414.9588233
            e:w 4442.6311572
            c:n 3988.3248607
            c:w 3986.2253412
            n:w 11873.4665514
          b:e:c 1259.8529866
          b:e:n 552.9469799
          b:e:w 553.9739499
          b:c:n 556.6853537
          b:c:w 555.5485945
          b:n:w 1249.0142211
          e:c:n 4101.1441777
          e:c:w 4109.6049143
          e:n:w 5474.6426779
          c:n:w 4724.3816228
        b:e:c:n 1110.4524072
        b:e:c:w 1112.1301366
        b:e:n:w 1757.1659013
        b:c:n:w 1668.7203805
        e:c:n:w 45952.0341697
