########################################
# legofit: estimate population history #
#       version 2.3.4-4-g53f8760       #
########################################

# Program was compiled: Sep 21 2021 14:36:42
# Program was run: Sun Oct 24 13:30:46 2021

# cmd: legofit -1 -d 0 -t 56 --ptsPerDim 3 --stateOut b1boot38.state --tol 3e-6 -S 5000 abdefgh2.lgo ../../chrX/boot_chrX/boot38.opf
# Stage nOptItr nSimReps
#     0    5000        0
# algorithm          : deterministic
# ignoring probs <=  : 0
# Branch length floor: 0
# DE strategy        : 2
#    F               : 0.3
#    CR              : 0.8
#    tolerance       : 3e-06
# nthreads           : 56
# lgo input file     : abdefgh2.lgo
# site pat input file: ../../chrX/boot_chrX/boot38.opf
# free parameters    : 20
# points in DE swarm : 60
# output state file  : b1boot38.state
# Including singleton site patterns.
# cost function      : KL
Initial parameter values
Fixed:
      zero = 0
       one = 1
    Tbecnw = 75200
Free:
       pc1 = 0
       pc2 = 0
       pc3 = 0
       pc4 = 0
       pc5 = 0
       pc6 = 0
       pc7 = 0
       pc8 = 0
       pc9 = 0
      pc10 = 0
      pc11 = 0
      pc12 = 0
      pc13 = 0
      pc14 = 0
      pc15 = 0
      pc16 = 0
      pc17 = 0
      pc18 = 0
      pc19 = 0
      pc20 = 0
Constrained:
   Tgbecnw = 123508
     Tecnw = 31129.7
       Tnw = 12317.9
       Tec = 10517.6
     twoNb = 1.06612e+07
     twoNe = 5.952e+06
     twoNc = 2.30284e+07
     twoNw = 1.43308e+06
    twoNec = 49714.2
    twoNnw = 71161.4
  twoNecnw = 55165.9
  twoNbecnw = 15236
  twoNgbecnw = 282415
         m = 0.0958365
        m2 = 0.00156272
        m4 = 0.0211495
        m5 = 0.141406
        m6 = 2.79259e-07
        m7 = 0.0183255
        m8 = 0.197678
        Th = 11417.8
        Tb = 21273.7
        Ta = 48236.9
        Td = 5258.81
        Te = 2629.41
        Tf = 1314.7
        Tg = 657.351
DiffEv reached_goal. cost=2.29318e-03 spread=2.29000e-06
Fitted parameter values
Free:
       pc1 = -3.98643
       pc2 = 0.898651
       pc3 = -1.98673
       pc4 = 3.98534
       pc5 = 1.44256
       pc6 = -0.113098
       pc7 = 1.32774
       pc8 = -0.461033
       pc9 = 1.07954
      pc10 = 0.682995
      pc11 = 0.0282122
      pc12 = -0.6134
      pc13 = 0.595397
      pc14 = -0.231134
      pc15 = -0.373606
      pc16 = 0.0481238
      pc17 = -0.268734
      pc18 = 0.0948946
      pc19 = -0.0291021
      pc20 = 0.0166661
Constrained:
   Tgbecnw = 87634.2
     Tecnw = 25144.1
       Tnw = 20253.9
       Tec = 13479.9
     twoNb = 5.55828e+06
     twoNe = 2.29835e+07
     twoNc = 1.30752e+08
     twoNw = 2.7217e+06
    twoNec = 36409.3
    twoNnw = 17713.9
  twoNecnw = 65342.9
  twoNbecnw = 3868.52
  twoNgbecnw = 397446
         m = 0.0735801
        m2 = 3.82004e-05
        m4 = 0.0197145
        m5 = 0.143631
        m6 = 1.20737e-06
        m7 = 0.0185554
        m8 = 0.175605
        Th = 16866.9
        Tb = 21005.5
        Ta = 48102.8
        Td = 6739.97
        Te = 3369.99
        Tf = 1684.99
        Tg = 842.497
#       SitePat  BranchLen
              b 116800.3223426
              e 43213.4642987
              c 44926.2500818
              n 42280.8850387
              w 42239.6551914
            b:e 1160.7421365
            b:c 1282.1140014
            b:n 974.5322776
            b:w 972.6050614
            e:c 11210.5272645
            e:n 4445.5884470
            e:w 4479.0464456
            c:n 4020.3069361
            c:w 4017.3375371
            n:w 11526.9308719
          b:e:c 1210.5200273
          b:e:n 542.2059870
          b:e:w 543.4604670
          b:c:n 546.4615350
          b:c:w 545.0726839
          b:n:w 1197.9625073
          e:c:n 4114.0594918
          e:c:w 4124.8007394
          e:n:w 5567.3750160
          c:n:w 4771.3901657
        b:e:c:n 1079.0459442
        b:e:c:w 1081.1075314
        b:e:n:w 1862.2498294
        b:c:n:w 1705.1996799
        e:c:n:w 46869.4084902
