########################################
# legofit: estimate population history #
#       version 2.3.4-4-g53f8760       #
########################################

# Program was compiled: Sep 21 2021 14:36:42
# Program was run: Sun Oct 24 11:15:06 2021

# cmd: legofit -1 -d 0 -t 56 --ptsPerDim 3 --stateOut b1boot10.state --tol 3e-6 -S 5000 abdefgh2.lgo ../../chrX/boot_chrX/boot10.opf
# Stage nOptItr nSimReps
#     0    5000        0
# algorithm          : deterministic
# ignoring probs <=  : 0
# Branch length floor: 0
# DE strategy        : 2
#    F               : 0.3
#    CR              : 0.8
#    tolerance       : 3e-06
# nthreads           : 56
# lgo input file     : abdefgh2.lgo
# site pat input file: ../../chrX/boot_chrX/boot10.opf
# free parameters    : 20
# points in DE swarm : 60
# output state file  : b1boot10.state
# Including singleton site patterns.
# cost function      : KL
Initial parameter values
Fixed:
      zero = 0
       one = 1
    Tbecnw = 75200
Free:
       pc1 = 0
       pc2 = 0
       pc3 = 0
       pc4 = 0
       pc5 = 0
       pc6 = 0
       pc7 = 0
       pc8 = 0
       pc9 = 0
      pc10 = 0
      pc11 = 0
      pc12 = 0
      pc13 = 0
      pc14 = 0
      pc15 = 0
      pc16 = 0
      pc17 = 0
      pc18 = 0
      pc19 = 0
      pc20 = 0
Constrained:
   Tgbecnw = 123508
     Tecnw = 31129.7
       Tnw = 12317.9
       Tec = 10517.6
     twoNb = 1.06612e+07
     twoNe = 5.952e+06
     twoNc = 2.30284e+07
     twoNw = 1.43308e+06
    twoNec = 49714.2
    twoNnw = 71161.4
  twoNecnw = 55165.9
  twoNbecnw = 15236
  twoNgbecnw = 282415
         m = 0.0958365
        m2 = 0.00156272
        m4 = 0.0211495
        m5 = 0.141406
        m6 = 2.79259e-07
        m7 = 0.0183255
        m8 = 0.197678
        Th = 11417.8
        Tb = 21273.7
        Ta = 48236.9
        Td = 5258.81
        Te = 2629.41
        Tf = 1314.7
        Tg = 657.351
DiffEv reached_goal. cost=2.06278e-03 spread=2.84700e-06
Fitted parameter values
Free:
       pc1 = -3.89243
       pc2 = 2.04525
       pc3 = -1.82734
       pc4 = 3.98198
       pc5 = 1.978
       pc6 = -0.604248
       pc7 = 0.864022
       pc8 = -0.621216
       pc9 = 1.05938
      pc10 = 0.303301
      pc11 = 0.306726
      pc12 = -1.03441
      pc13 = 0.940598
      pc14 = 0.417249
      pc15 = -0.338843
      pc16 = 0.168815
      pc17 = -0.127762
      pc18 = 0.0178641
      pc19 = -0.0306645
      pc20 = 0.0311861
Constrained:
   Tgbecnw = 88151.7
     Tecnw = 25116
       Tnw = 19445.7
       Tec = 13344
     twoNb = 1.27786e+06
     twoNe = 2.25855e+07
     twoNc = 1.36674e+08
     twoNw = 2.5748e+06
    twoNec = 36111
    twoNnw = 21184
  twoNecnw = 65199.6
  twoNbecnw = 3999.67
  twoNgbecnw = 431485
         m = 0.0630878
        m2 = 0.000334239
        m4 = 0.0177069
        m5 = 0.142557
        m6 = 1.27374e-06
        m7 = 0.0162444
        m8 = 0.162061
        Th = 16394.8
        Tb = 20755.4
        Ta = 47977.7
        Td = 6671.98
        Te = 3335.99
        Tf = 1667.99
        Tg = 833.997
#       SitePat  BranchLen
              b 115444.1488185
              e 42973.4114984
              c 44710.9196868
              n 42453.4818776
              w 42412.5791533
            b:e 1238.3999270
            b:c 1364.8793867
            b:n 1044.4891984
            b:w 1042.5044387
            e:c 11509.9650306
            e:n 4474.4320860
            e:w 4508.3098903
            c:n 4040.4945324
            c:w 4037.0526314
            n:w 11670.4363815
          b:e:c 1295.6721114
          b:e:n 574.2322229
          b:e:w 575.5841176
          b:c:n 578.8548701
          b:c:w 577.3598151
          b:n:w 1281.5343157
          e:c:n 4214.5513248
          e:c:w 4225.0181458
          e:n:w 5546.6246163
          c:n:w 4752.7499452
        b:e:c:n 1159.4278477
        b:e:c:w 1161.5557677
        b:e:n:w 1837.1919475
        b:c:n:w 1665.8754322
        e:c:n:w 45547.3337513
