########################################
# legofit: estimate population history #
#       version 2.3.4-4-g53f8760       #
########################################

# Program was compiled: Sep 21 2021 14:36:42
# Program was run: Sun Oct 24 14:28:31 2021

# cmd: legofit -1 -d 0 -t 56 --ptsPerDim 3 --stateOut b1boot44.state --tol 3e-6 -S 5000 abdefgh2.lgo ../../chrX/boot_chrX/boot44.opf
# Stage nOptItr nSimReps
#     0    5000        0
# algorithm          : deterministic
# ignoring probs <=  : 0
# Branch length floor: 0
# DE strategy        : 2
#    F               : 0.3
#    CR              : 0.8
#    tolerance       : 3e-06
# nthreads           : 56
# lgo input file     : abdefgh2.lgo
# site pat input file: ../../chrX/boot_chrX/boot44.opf
# free parameters    : 20
# points in DE swarm : 60
# output state file  : b1boot44.state
# Including singleton site patterns.
# cost function      : KL
Initial parameter values
Fixed:
      zero = 0
       one = 1
    Tbecnw = 75200
Free:
       pc1 = 0
       pc2 = 0
       pc3 = 0
       pc4 = 0
       pc5 = 0
       pc6 = 0
       pc7 = 0
       pc8 = 0
       pc9 = 0
      pc10 = 0
      pc11 = 0
      pc12 = 0
      pc13 = 0
      pc14 = 0
      pc15 = 0
      pc16 = 0
      pc17 = 0
      pc18 = 0
      pc19 = 0
      pc20 = 0
Constrained:
   Tgbecnw = 123508
     Tecnw = 31129.7
       Tnw = 12317.9
       Tec = 10517.6
     twoNb = 1.06612e+07
     twoNe = 5.952e+06
     twoNc = 2.30284e+07
     twoNw = 1.43308e+06
    twoNec = 49714.2
    twoNnw = 71161.4
  twoNecnw = 55165.9
  twoNbecnw = 15236
  twoNgbecnw = 282415
         m = 0.0958365
        m2 = 0.00156272
        m4 = 0.0211495
        m5 = 0.141406
        m6 = 2.79259e-07
        m7 = 0.0183255
        m8 = 0.197678
        Th = 11417.8
        Tb = 21273.7
        Ta = 48236.9
        Td = 5258.81
        Te = 2629.41
        Tf = 1314.7
        Tg = 657.351
DiffEv reached_goal. cost=2.07896e-03 spread=2.24881e-06
Fitted parameter values
Free:
       pc1 = -3.97447
       pc2 = 0.581058
       pc3 = -1.98056
       pc4 = 3.99629
       pc5 = 1.97208
       pc6 = -0.672544
       pc7 = 0.935359
       pc8 = -0.368551
       pc9 = -0.252319
      pc10 = 1.51606
      pc11 = 0.180097
      pc12 = -0.0477049
      pc13 = 0.984377
      pc14 = -0.00690345
      pc15 = -0.400863
      pc16 = 0.163359
      pc17 = -0.0429681
      pc18 = 0.0552951
      pc19 = -0.0290516
      pc20 = -0.0126219
Constrained:
   Tgbecnw = 88984
     Tecnw = 25975.7
       Tnw = 19538.8
       Tec = 12484.4
     twoNb = 2.61551e+06
     twoNe = 3.50974e+07
     twoNc = 1.4829e+08
     twoNw = 2.58497e+06
    twoNec = 38048.9
    twoNnw = 21690.4
  twoNecnw = 66065.7
  twoNbecnw = 4247.3
  twoNgbecnw = 413267
         m = 0.0682919
        m2 = 0.000733805
        m4 = 0.0183857
        m5 = 0.15547
        m6 = 9.68436e-07
        m7 = 0.0182982
        m8 = 0.196656
        Th = 16011.6
        Tb = 20993.6
        Ta = 48096.8
        Td = 6242.18
        Te = 3121.09
        Tf = 1560.55
        Tg = 780.273
#       SitePat  BranchLen
              b 116150.9292463
              e 43157.5924483
              c 45052.9904957
              n 42256.9229816
              w 42209.1813171
            b:e 1204.5990835
            b:c 1336.2428818
            b:n 995.8830548
            b:w 993.6313919
            e:c 11498.8190290
            e:n 4475.7992163
            e:w 4513.7921429
            c:n 3997.6599626
            c:w 3995.1462415
            n:w 11798.4397344
          b:e:c 1262.6653659
          b:e:n 553.4249997
          b:e:w 554.8311467
          b:c:n 558.1507609
          b:c:w 556.5845624
          b:n:w 1250.0574519
          e:c:n 4078.9570049
          e:c:w 4091.2194640
          e:n:w 5697.5073724
          c:n:w 4808.1790630
        b:e:c:n 1104.5943952
        b:e:c:w 1107.0061096
        b:e:n:w 1872.6394273
        b:c:n:w 1725.2318682
        e:c:n:w 46053.0246254
