########################################
# legofit: estimate population history #
#       version 2.3.4-4-g53f8760       #
########################################

# Program was compiled: Sep 21 2021 14:36:42
# Program was run: Sun Oct 24 11:15:06 2021

# cmd: legofit -1 -d 0 -t 56 --ptsPerDim 3 --stateOut b1boot5.state --tol 3e-6 -S 5000 abdefgh2.lgo ../../chrX/boot_chrX/boot5.opf
# Stage nOptItr nSimReps
#     0    5000        0
# algorithm          : deterministic
# ignoring probs <=  : 0
# Branch length floor: 0
# DE strategy        : 2
#    F               : 0.3
#    CR              : 0.8
#    tolerance       : 3e-06
# nthreads           : 56
# lgo input file     : abdefgh2.lgo
# site pat input file: ../../chrX/boot_chrX/boot5.opf
# free parameters    : 20
# points in DE swarm : 60
# output state file  : b1boot5.state
# Including singleton site patterns.
# cost function      : KL
Initial parameter values
Fixed:
      zero = 0
       one = 1
    Tbecnw = 75200
Free:
       pc1 = 0
       pc2 = 0
       pc3 = 0
       pc4 = 0
       pc5 = 0
       pc6 = 0
       pc7 = 0
       pc8 = 0
       pc9 = 0
      pc10 = 0
      pc11 = 0
      pc12 = 0
      pc13 = 0
      pc14 = 0
      pc15 = 0
      pc16 = 0
      pc17 = 0
      pc18 = 0
      pc19 = 0
      pc20 = 0
Constrained:
   Tgbecnw = 123508
     Tecnw = 31129.7
       Tnw = 12317.9
       Tec = 10517.6
     twoNb = 1.06612e+07
     twoNe = 5.952e+06
     twoNc = 2.30284e+07
     twoNw = 1.43308e+06
    twoNec = 49714.2
    twoNnw = 71161.4
  twoNecnw = 55165.9
  twoNbecnw = 15236
  twoNgbecnw = 282415
         m = 0.0958365
        m2 = 0.00156272
        m4 = 0.0211495
        m5 = 0.141406
        m6 = 2.79259e-07
        m7 = 0.0183255
        m8 = 0.197678
        Th = 11417.8
        Tb = 21273.7
        Ta = 48236.9
        Td = 5258.81
        Te = 2629.41
        Tf = 1314.7
        Tg = 657.351
DiffEv reached_goal. cost=2.22636e-03 spread=2.93512e-06
Fitted parameter values
Free:
       pc1 = -2.93142
       pc2 = 1.56813
       pc3 = -1.99905
       pc4 = 3.9272
       pc5 = -0.03011
       pc6 = -0.928279
       pc7 = 1.60424
       pc8 = -0.0137441
       pc9 = 0.627042
      pc10 = 1.90344
      pc11 = 0.972734
      pc12 = -0.864895
      pc13 = 0.776235
      pc14 = -0.100713
      pc15 = -0.654594
      pc16 = 0.181227
      pc17 = -0.0656118
      pc18 = 0.185167
      pc19 = -0.0676953
      pc20 = -0.0291914
Constrained:
   Tgbecnw = 89112.8
     Tecnw = 26932.5
       Tnw = 16450.6
       Tec = 10805.1
     twoNb = 3.49118e+07
     twoNe = 2.02428e+07
     twoNc = 1.36942e+08
     twoNw = 3.04155e+06
    twoNec = 44757.1
    twoNnw = 38487.7
  twoNecnw = 59500.6
  twoNbecnw = 4496.94
  twoNgbecnw = 366718
         m = 0.0671869
        m2 = 0.00184937
        m4 = 0.0193732
        m5 = 0.158288
        m6 = 1.30423e-06
        m7 = 0.0178847
        m8 = 0.170316
        Th = 13627.9
        Tb = 20280.2
        Ta = 47740.1
        Td = 5402.56
        Te = 2701.28
        Tf = 1350.64
        Tg = 675.32
#       SitePat  BranchLen
              b 113428.5119015
              e 42727.3097383
              c 44691.5014864
              n 42167.4437144
              w 42132.7111749
            b:e 1147.4299479
            b:c 1286.1103020
            b:n 997.5768922
            b:w 996.0524602
            e:c 11515.2350892
            e:n 4456.9131477
            e:w 4485.5013494
            c:n 3944.5000707
            c:w 3942.4132959
            n:w 11683.0308543
          b:e:c 1233.0587571
          b:e:n 546.4210175
          b:e:w 547.4514095
          b:c:n 550.5469322
          b:c:w 549.4191468
          b:n:w 1226.6692120
          e:c:n 4127.2287833
          e:c:w 4135.4598960
          e:n:w 5548.3106750
          c:n:w 4675.3931900
        b:e:c:n 1094.1323022
        b:e:c:w 1095.7541277
        b:e:n:w 1822.5866838
        b:c:n:w 1642.0395373
        e:c:n:w 43680.9677967
