########################################
# legofit: estimate population history #
#       version 2.3.4-4-g53f8760       #
########################################

# Program was compiled: Sep 21 2021 14:36:42
# Program was run: Mon Oct 11 10:17:28 2021

# cmd: legofit -1 -d 0 -t 32 --ptsPerDim 3 --stateOut b1.state --tol 3e-6 -S 5000 bdef2.lgo ../../chrX/pan_chrX.opf
# Stage nOptItr nSimReps
#     0    5000        0
# algorithm          : deterministic
# ignoring probs <=  : 0
# Branch length floor: 0
# DE strategy        : 2
#    F               : 0.3
#    CR              : 0.8
#    tolerance       : 3e-06
# nthreads           : 32
# lgo input file     : bdef2.lgo
# site pat input file: ../../chrX/pan_chrX.opf
# free parameters    : 15
# points in DE swarm : 45
# output state file  : b1.state
# Including singleton site patterns.
# cost function      : KL
Initial parameter values
Fixed:
      zero = 0
       one = 1
    Tbecnw = 75200
Free:
       pc1 = 0
       pc2 = 0
       pc3 = 0
       pc4 = 0
       pc5 = 0
       pc6 = 0
       pc7 = 0
       pc8 = 0
       pc9 = 0
      pc10 = 0
      pc11 = 0
      pc12 = 0
      pc13 = 0
      pc14 = 0
      pc15 = 0
Constrained:
     Tecnw = 43486.8
       Tnw = 1000.64
       Tec = 3010.54
     twoNb = 1.63487e+06
     twoNe = 196936
     twoNc = 199233
     twoNw = 750588
    twoNec = 70979.7
    twoNnw = 143701
  twoNecnw = 23435.1
  twoNbecnw = 54527
        m2 = 0.0260401
        m4 = 0.00976498
        m5 = 0.362179
        m6 = 0.28135
        Tb = 23248.7
        Td = 1505.27
        Te = 752.636
        Tf = 376.318
DiffEv reached_goal. cost=2.52265e-03 spread=2.96163e-06
Fitted parameter values
Free:
       pc1 = -2.42761
       pc2 = -0.0513275
       pc3 = -1.9663
       pc4 = 1.59798
       pc5 = -1.11555
       pc6 = 1.01178
       pc7 = 1.58056
       pc8 = -1.52342
       pc9 = 0.637785
      pc10 = -0.473699
      pc11 = 0.662522
      pc12 = -0.169786
      pc13 = -0.362327
      pc14 = -0.103849
      pc15 = 0.00710081
Constrained:
     Tecnw = 43343
       Tnw = 7.56176
       Tec = 24.0523
     twoNb = 4.94692e+06
     twoNe = 367522
     twoNc = 285184
     twoNw = 1.1165e+06
    twoNec = 80365
    twoNnw = 151536
  twoNecnw = 23261.3
  twoNbecnw = 54655.6
        m2 = 0.0276463
        m4 = 0.0124256
        m5 = 0.35126
        m6 = 0.275203
        Tb = 21683.5
        Td = 12.0262
        Te = 6.01308
        Tf = 3.00654
#       SitePat  BranchLen
              b 122002.1789839
              e 45467.6019818
              c 47324.8516708
              n 44668.6158515
              w 44668.5370556
            b:e 1384.8250764
            b:c 1631.0497226
            b:n 1136.6717633
            b:w 1136.6689628
            e:c 12024.4364986
            e:n 4614.8990208
            e:w 4614.9130488
            c:n 4131.7311283
            c:w 4131.7818197
            n:w 12300.0046860
          b:e:c 1357.8906727
          b:e:n 602.5561527
          b:e:w 602.5550462
          b:c:n 602.8261006
          b:c:w 602.8272058
          b:n:w 1354.0311749
          e:c:n 4274.4034477
          e:c:w 4274.4175244
          e:n:w 6201.8581943
          c:n:w 5296.7380135
        b:e:c:n 1137.6115247
        b:e:c:w 1137.6143266
        b:e:n:w 1606.2325974
        b:c:n:w 1373.6354573
        e:c:n:w 48367.3596548
