########################################
# legofit: estimate population history #
#       version 2.3.4-4-g53f8760       #
########################################

# Program was compiled: Sep 21 2021 14:36:42
# Program was run: Mon Oct 11 10:18:12 2021

# cmd: legofit -1 -d 0 -t 32 --ptsPerDim 3 --stateOut b1boot33.state --tol 3e-6 -S 5000 bdef2.lgo ../../chrX/boot_chrX/boot33.opf
# Stage nOptItr nSimReps
#     0    5000        0
# algorithm          : deterministic
# ignoring probs <=  : 0
# Branch length floor: 0
# DE strategy        : 2
#    F               : 0.3
#    CR              : 0.8
#    tolerance       : 3e-06
# nthreads           : 32
# lgo input file     : bdef2.lgo
# site pat input file: ../../chrX/boot_chrX/boot33.opf
# free parameters    : 15
# points in DE swarm : 45
# output state file  : b1boot33.state
# Including singleton site patterns.
# cost function      : KL
Initial parameter values
Fixed:
      zero = 0
       one = 1
    Tbecnw = 75200
Free:
       pc1 = 0
       pc2 = 0
       pc3 = 0
       pc4 = 0
       pc5 = 0
       pc6 = 0
       pc7 = 0
       pc8 = 0
       pc9 = 0
      pc10 = 0
      pc11 = 0
      pc12 = 0
      pc13 = 0
      pc14 = 0
      pc15 = 0
Constrained:
     Tecnw = 43486.8
       Tnw = 1000.64
       Tec = 3010.54
     twoNb = 1.63487e+06
     twoNe = 196936
     twoNc = 199233
     twoNw = 750588
    twoNec = 70979.7
    twoNnw = 143701
  twoNecnw = 23435.1
  twoNbecnw = 54527
        m2 = 0.0260401
        m4 = 0.00976498
        m5 = 0.362179
        m6 = 0.28135
        Tb = 23248.7
        Td = 1505.27
        Te = 752.636
        Tf = 376.318
DiffEv reached_goal. cost=2.54545e-03 spread=2.93397e-06
Fitted parameter values
Free:
       pc1 = -3.33066
       pc2 = 0.168541
       pc3 = -1.90089
       pc4 = 1.59652
       pc5 = 0.976366
       pc6 = 1.35189
       pc7 = 0.684852
       pc8 = -1.8949
       pc9 = 1.72878
      pc10 = 0.0831779
      pc11 = 1.05633
      pc12 = 0.364722
      pc13 = -0.154776
      pc14 = -0.155002
      pc15 = -0.120906
Constrained:
     Tecnw = 42884
       Tnw = 17.8576
       Tec = 2.77214
     twoNb = 4.81067e+06
     twoNe = 292854
     twoNc = 154377
     twoNw = 1.15852e+06
    twoNec = 81640.8
    twoNnw = 149075
  twoNecnw = 23228.1
  twoNbecnw = 55730.8
        m2 = 0.030584
        m4 = 0.00921839
        m5 = 0.334341
        m6 = 0.26345
        Tb = 21443.4
        Td = 1.38607
        Te = 0.693035
        Tf = 0.346517
#       SitePat  BranchLen
              b 123032.0252349
              e 45341.1138196
              c 47018.0958862
              n 44426.4924783
              w 44426.0570249
            b:e 1419.0887168
            b:c 1632.1327679
            b:n 1135.7775055
            b:w 1135.7620227
            e:c 12188.3359992
            e:n 4511.7909658
            e:w 4511.9983098
            c:n 4070.6391446
            c:w 4070.7908371
            n:w 12456.7485145
          b:e:c 1381.0833349
          b:e:n 596.8326339
          b:e:w 596.8343131
          b:c:n 597.0546016
          b:c:w 597.0529131
          b:n:w 1376.6520213
          e:c:n 4284.5608065
          e:c:w 4284.6372235
          e:n:w 6197.1675379
          c:n:w 5390.9050886
        b:e:c:n 1136.7665086
        b:e:c:w 1136.7820005
        b:e:n:w 1607.4493052
        b:c:n:w 1405.6043630
        e:c:n:w 49592.4567676
