########################################
# legofit: estimate population history #
#       version 2.3.4-4-g53f8760       #
########################################

# Program was compiled: Sep 21 2021 14:36:42
# Program was run: Mon Oct 11 10:17:56 2021

# cmd: legofit -1 -d 0 -t 32 --ptsPerDim 3 --stateOut b1boot22.state --tol 3e-6 -S 5000 bdef2.lgo ../../chrX/boot_chrX/boot22.opf
# Stage nOptItr nSimReps
#     0    5000        0
# algorithm          : deterministic
# ignoring probs <=  : 0
# Branch length floor: 0
# DE strategy        : 2
#    F               : 0.3
#    CR              : 0.8
#    tolerance       : 3e-06
# nthreads           : 32
# lgo input file     : bdef2.lgo
# site pat input file: ../../chrX/boot_chrX/boot22.opf
# free parameters    : 15
# points in DE swarm : 45
# output state file  : b1boot22.state
# Including singleton site patterns.
# cost function      : KL
Initial parameter values
Fixed:
      zero = 0
       one = 1
    Tbecnw = 75200
Free:
       pc1 = 0
       pc2 = 0
       pc3 = 0
       pc4 = 0
       pc5 = 0
       pc6 = 0
       pc7 = 0
       pc8 = 0
       pc9 = 0
      pc10 = 0
      pc11 = 0
      pc12 = 0
      pc13 = 0
      pc14 = 0
      pc15 = 0
Constrained:
     Tecnw = 43486.8
       Tnw = 1000.64
       Tec = 3010.54
     twoNb = 1.63487e+06
     twoNe = 196936
     twoNc = 199233
     twoNw = 750588
    twoNec = 70979.7
    twoNnw = 143701
  twoNecnw = 23435.1
  twoNbecnw = 54527
        m2 = 0.0260401
        m4 = 0.00976498
        m5 = 0.362179
        m6 = 0.28135
        Tb = 23248.7
        Td = 1505.27
        Te = 752.636
        Tf = 376.318
DiffEv reached_goal. cost=2.47974e-03 spread=5.55559e-07
Fitted parameter values
Free:
       pc1 = -2.7687
       pc2 = 0.318562
       pc3 = -1.99819
       pc4 = 0.529625
       pc5 = -1.73956
       pc6 = 1.18738
       pc7 = 1.95209
       pc8 = -1.45675
       pc9 = 1.44225
      pc10 = -0.187439
      pc11 = 0.356366
      pc12 = -0.612702
      pc13 = -0.318291
      pc14 = -0.123153
      pc15 = 0.0389459
Constrained:
     Tecnw = 43281.9
       Tnw = 4.54784
       Tec = 5.89137
     twoNb = 4.84747e+06
     twoNe = 415776
     twoNc = 191801
     twoNw = 1.16569e+06
    twoNec = 80798.5
    twoNnw = 149843
  twoNecnw = 23579.5
  twoNbecnw = 54113
        m2 = 0.0265285
        m4 = 0.0150605
        m5 = 0.342958
        m6 = 0.27374
        Tb = 21643.9
        Td = 2.94569
        Te = 1.47284
        Tf = 0.736422
#       SitePat  BranchLen
              b 121416.5107634
              e 45541.2147788
              c 47357.9136516
              n 44664.9089841
              w 44664.8207456
            b:e 1387.0591289
            b:c 1648.1399423
            b:n 1141.1998629
            b:w 1141.1967229
            e:c 12122.7221212
            e:n 4593.7342195
            e:w 4593.7708386
            c:n 4136.9608685
            c:w 4136.9969309
            n:w 12438.1061699
          b:e:c 1370.9497555
          b:e:n 603.3332590
          b:e:w 603.3332750
          b:c:n 603.6567518
          b:c:w 603.6567341
          b:n:w 1367.0556674
          e:c:n 4279.8819803
          e:c:w 4279.8975373
          e:n:w 6233.1145874
          c:n:w 5313.1305756
        b:e:c:n 1142.1886588
        b:e:c:w 1142.1918006
        b:e:n:w 1621.0157232
        b:c:n:w 1376.1203554
        e:c:n:w 47653.2007373
