########################################
# legofit: estimate population history #
#       version 2.3.4-4-g53f8760       #
########################################

# Program was compiled: Sep 21 2021 14:36:42
# Program was run: Mon Oct 11 10:18:31 2021

# cmd: legofit -1 -d 0 -t 32 --ptsPerDim 3 --stateOut b1boot49.state --tol 3e-6 -S 5000 bdef2.lgo ../../chrX/boot_chrX/boot49.opf
# Stage nOptItr nSimReps
#     0    5000        0
# algorithm          : deterministic
# ignoring probs <=  : 0
# Branch length floor: 0
# DE strategy        : 2
#    F               : 0.3
#    CR              : 0.8
#    tolerance       : 3e-06
# nthreads           : 32
# lgo input file     : bdef2.lgo
# site pat input file: ../../chrX/boot_chrX/boot49.opf
# free parameters    : 15
# points in DE swarm : 45
# output state file  : b1boot49.state
# Including singleton site patterns.
# cost function      : KL
Initial parameter values
Fixed:
      zero = 0
       one = 1
    Tbecnw = 75200
Free:
       pc1 = 0
       pc2 = 0
       pc3 = 0
       pc4 = 0
       pc5 = 0
       pc6 = 0
       pc7 = 0
       pc8 = 0
       pc9 = 0
      pc10 = 0
      pc11 = 0
      pc12 = 0
      pc13 = 0
      pc14 = 0
      pc15 = 0
Constrained:
     Tecnw = 43486.8
       Tnw = 1000.64
       Tec = 3010.54
     twoNb = 1.63487e+06
     twoNe = 196936
     twoNc = 199233
     twoNw = 750588
    twoNec = 70979.7
    twoNnw = 143701
  twoNecnw = 23435.1
  twoNbecnw = 54527
        m2 = 0.0260401
        m4 = 0.00976498
        m5 = 0.362179
        m6 = 0.28135
        Tb = 23248.7
        Td = 1505.27
        Te = 752.636
        Tf = 376.318
DiffEv reached_goal. cost=2.51127e-03 spread=2.57574e-06
Fitted parameter values
Free:
       pc1 = -2.85676
       pc2 = -0.106494
       pc3 = -1.98384
       pc4 = 1.96706
       pc5 = 0.669376
       pc6 = 0.00895986
       pc7 = 1.75387
       pc8 = -0.52962
       pc9 = 0.603783
      pc10 = -1.86509
      pc11 = 0.729349
      pc12 = 0.0914013
      pc13 = -0.635378
      pc14 = -0.341318
      pc15 = 0.126173
Constrained:
     Tecnw = 43127.4
       Tnw = 28.6432
       Tec = 45.0711
     twoNb = 4.32175e+06
     twoNe = 199631
     twoNc = 221636
     twoNw = 1.14508e+06
    twoNec = 82801.6
    twoNnw = 160098
  twoNecnw = 23695
  twoNbecnw = 55611.9
        m2 = 0.0288886
        m4 = 0.010079
        m5 = 0.362209
        m6 = 0.274315
        Tb = 21586.2
        Td = 22.5355
        Te = 11.2678
        Tf = 5.63388
#       SitePat  BranchLen
              b 122657.1811788
              e 45835.1254932
              c 47785.9866011
              n 45209.5169173
              w 45208.9702028
            b:e 1436.0604764
            b:c 1678.9423505
            b:n 1190.5660602
            b:w 1190.5459302
            e:c 11819.6284021
            e:n 4737.1830592
            e:w 4737.4070986
            c:n 4210.2595445
            c:w 4210.4845320
            n:w 12043.2220195
          b:e:c 1381.3374146
          b:e:n 637.9298957
          b:e:w 637.9298605
          b:c:n 638.2130801
          b:c:w 638.2131031
          b:n:w 1376.8779769
          e:c:n 4399.7472616
          e:c:w 4399.8449492
          e:n:w 6258.8934373
          c:n:w 5347.7422138
        b:e:c:n 1191.6601688
        b:e:c:w 1191.6803110
        b:e:n:w 1651.9282976
        b:c:n:w 1422.6161933
        e:c:n:w 48605.3261720
