########################################
# legofit: estimate population history #
#       version 2.3.4-4-g53f8760       #
########################################

# Program was compiled: Sep 21 2021 14:36:42
# Program was run: Mon Oct 11 10:17:56 2021

# cmd: legofit -1 -d 0 -t 32 --ptsPerDim 3 --stateOut b1boot21.state --tol 3e-6 -S 5000 bdef2.lgo ../../chrX/boot_chrX/boot21.opf
# Stage nOptItr nSimReps
#     0    5000        0
# algorithm          : deterministic
# ignoring probs <=  : 0
# Branch length floor: 0
# DE strategy        : 2
#    F               : 0.3
#    CR              : 0.8
#    tolerance       : 3e-06
# nthreads           : 32
# lgo input file     : bdef2.lgo
# site pat input file: ../../chrX/boot_chrX/boot21.opf
# free parameters    : 15
# points in DE swarm : 45
# output state file  : b1boot21.state
# Including singleton site patterns.
# cost function      : KL
Initial parameter values
Fixed:
      zero = 0
       one = 1
    Tbecnw = 75200
Free:
       pc1 = 0
       pc2 = 0
       pc3 = 0
       pc4 = 0
       pc5 = 0
       pc6 = 0
       pc7 = 0
       pc8 = 0
       pc9 = 0
      pc10 = 0
      pc11 = 0
      pc12 = 0
      pc13 = 0
      pc14 = 0
      pc15 = 0
Constrained:
     Tecnw = 43486.8
       Tnw = 1000.64
       Tec = 3010.54
     twoNb = 1.63487e+06
     twoNe = 196936
     twoNc = 199233
     twoNw = 750588
    twoNec = 70979.7
    twoNnw = 143701
  twoNecnw = 23435.1
  twoNbecnw = 54527
        m2 = 0.0260401
        m4 = 0.00976498
        m5 = 0.362179
        m6 = 0.28135
        Tb = 23248.7
        Td = 1505.27
        Te = 752.636
        Tf = 376.318
DiffEv reached_goal. cost=2.61453e-03 spread=2.64678e-06
Fitted parameter values
Free:
       pc1 = -1.81168
       pc2 = -0.267996
       pc3 = -1.95511
       pc4 = 1.82869
       pc5 = -1.00803
       pc6 = 0.882441
       pc7 = 1.27711
       pc8 = -1.93579
       pc9 = -0.00906368
      pc10 = -0.00319056
      pc11 = 0.514475
      pc12 = -0.672045
      pc13 = 0.019478
      pc14 = -0.0213565
      pc15 = -0.0623853
Constrained:
     Tecnw = 43623.2
       Tnw = 19.6478
       Tec = 41.937
     twoNb = 4.64052e+06
     twoNe = 342369
     twoNc = 349795
     twoNw = 1.05361e+06
    twoNec = 79167.6
    twoNnw = 149005
  twoNecnw = 23037.1
  twoNbecnw = 54419.4
        m2 = 0.0295263
        m4 = 0.0116164
        m5 = 0.350013
        m6 = 0.283137
        Tb = 21832.6
        Td = 20.9685
        Te = 10.4843
        Tf = 5.24213
#       SitePat  BranchLen
              b 121809.3906409
              e 45551.8165459
              c 47226.3151934
              n 44558.7324851
              w 44558.3943961
            b:e 1395.6526076
            b:c 1620.7790246
            b:n 1122.8685383
            b:w 1122.8566555
            e:c 12066.0800617
            e:n 4586.7953725
            e:w 4586.9108186
            c:n 4153.8318958
            c:w 4153.9949162
            n:w 12385.4514372
          b:e:c 1355.9332701
          b:e:n 595.3157108
          b:e:w 595.3142858
          b:c:n 595.5782793
          b:c:w 595.5796975
          b:n:w 1351.5987050
          e:c:n 4225.3914496
          e:c:w 4225.4510719
          e:n:w 6172.6014668
          c:n:w 5350.0517096
        b:e:c:n 1123.8750203
        b:e:c:w 1123.8869100
        b:e:n:w 1594.6564298
        b:c:n:w 1382.9325214
        e:c:n:w 48186.5372755
