########################################
# legofit: estimate population history #
#       version 2.3.4-4-g53f8760       #
########################################

# Program was compiled: Sep 21 2021 14:36:42
# Program was run: Mon Oct 11 10:17:38 2021

# cmd: legofit -1 -d 0 -t 32 --ptsPerDim 3 --stateOut b1boot2.state --tol 3e-6 -S 5000 bdef2.lgo ../../chrX/boot_chrX/boot2.opf
# Stage nOptItr nSimReps
#     0    5000        0
# algorithm          : deterministic
# ignoring probs <=  : 0
# Branch length floor: 0
# DE strategy        : 2
#    F               : 0.3
#    CR              : 0.8
#    tolerance       : 3e-06
# nthreads           : 32
# lgo input file     : bdef2.lgo
# site pat input file: ../../chrX/boot_chrX/boot2.opf
# free parameters    : 15
# points in DE swarm : 45
# output state file  : b1boot2.state
# Including singleton site patterns.
# cost function      : KL
Initial parameter values
Fixed:
      zero = 0
       one = 1
    Tbecnw = 75200
Free:
       pc1 = 0
       pc2 = 0
       pc3 = 0
       pc4 = 0
       pc5 = 0
       pc6 = 0
       pc7 = 0
       pc8 = 0
       pc9 = 0
      pc10 = 0
      pc11 = 0
      pc12 = 0
      pc13 = 0
      pc14 = 0
      pc15 = 0
Constrained:
     Tecnw = 43486.8
       Tnw = 1000.64
       Tec = 3010.54
     twoNb = 1.63487e+06
     twoNe = 196936
     twoNc = 199233
     twoNw = 750588
    twoNec = 70979.7
    twoNnw = 143701
  twoNecnw = 23435.1
  twoNbecnw = 54527
        m2 = 0.0260401
        m4 = 0.00976498
        m5 = 0.362179
        m6 = 0.28135
        Tb = 23248.7
        Td = 1505.27
        Te = 752.636
        Tf = 376.318
DiffEv reached_goal. cost=2.56031e-03 spread=2.71840e-06
Fitted parameter values
Free:
       pc1 = -1.22796
       pc2 = -0.828295
       pc3 = -1.94859
       pc4 = 0.416744
       pc5 = -1.56858
       pc6 = 1.46842
       pc7 = 1.68265
       pc8 = -1.68002
       pc9 = -0.379171
      pc10 = -0.110694
      pc11 = 0.101567
      pc12 = -0.636977
      pc13 = -0.377592
      pc14 = 0.174241
      pc15 = 0.0226841
Constrained:
     Tecnw = 44106.6
       Tnw = 43.8151
       Tec = 132.184
     twoNb = 4.60131e+06
     twoNe = 274936
     twoNc = 281866
     twoNw = 922268
    twoNec = 78346.1
    twoNnw = 146363
  twoNecnw = 22978.9
  twoNbecnw = 54104.4
        m2 = 0.026475
        m4 = 0.0151125
        m5 = 0.354745
        m6 = 0.283541
        Tb = 22119.4
        Td = 66.0922
        Te = 33.0461
        Tf = 16.523
#       SitePat  BranchLen
              b 121463.5617492
              e 45616.7812622
              c 47504.8358037
              n 44615.6068309
              w 44614.9940709
            b:e 1378.7377781
            b:c 1644.9340901
            b:n 1126.7194606
            b:w 1126.6978527
            e:c 12137.8911529
            e:n 4631.0796809
            e:w 4631.2093903
            c:n 4151.9018362
            c:w 4152.2761584
            n:w 12539.6360341
          b:e:c 1368.0256206
          b:e:n 597.1883467
          b:e:w 597.1810146
          b:c:n 597.5150662
          b:c:w 597.5223870
          b:n:w 1363.9804622
          e:c:n 4202.6728908
          e:c:w 4202.7816191
          e:n:w 6244.8468535
          c:n:w 5297.3300726
        b:e:c:n 1127.7077085
        b:e:c:w 1127.7293277
        b:e:n:w 1616.9384905
        b:c:n:w 1367.6474025
        e:c:n:w 47621.3156209
