########################################
# legofit: estimate population history #
#       version 2.3.4-4-g53f8760       #
########################################

# Program was compiled: Sep 21 2021 14:36:42
# Program was run: Mon Oct 11 10:17:39 2021

# cmd: legofit -1 -d 0 -t 32 --ptsPerDim 3 --stateOut b1boot4.state --tol 3e-6 -S 5000 bdef2.lgo ../../chrX/boot_chrX/boot4.opf
# Stage nOptItr nSimReps
#     0    5000        0
# algorithm          : deterministic
# ignoring probs <=  : 0
# Branch length floor: 0
# DE strategy        : 2
#    F               : 0.3
#    CR              : 0.8
#    tolerance       : 3e-06
# nthreads           : 32
# lgo input file     : bdef2.lgo
# site pat input file: ../../chrX/boot_chrX/boot4.opf
# free parameters    : 15
# points in DE swarm : 45
# output state file  : b1boot4.state
# Including singleton site patterns.
# cost function      : KL
Initial parameter values
Fixed:
      zero = 0
       one = 1
    Tbecnw = 75200
Free:
       pc1 = 0
       pc2 = 0
       pc3 = 0
       pc4 = 0
       pc5 = 0
       pc6 = 0
       pc7 = 0
       pc8 = 0
       pc9 = 0
      pc10 = 0
      pc11 = 0
      pc12 = 0
      pc13 = 0
      pc14 = 0
      pc15 = 0
Constrained:
     Tecnw = 43486.8
       Tnw = 1000.64
       Tec = 3010.54
     twoNb = 1.63487e+06
     twoNe = 196936
     twoNc = 199233
     twoNw = 750588
    twoNec = 70979.7
    twoNnw = 143701
  twoNecnw = 23435.1
  twoNbecnw = 54527
        m2 = 0.0260401
        m4 = 0.00976498
        m5 = 0.362179
        m6 = 0.28135
        Tb = 23248.7
        Td = 1505.27
        Te = 752.636
        Tf = 376.318
DiffEv reached_goal. cost=2.55460e-03 spread=2.83240e-06
Fitted parameter values
Free:
       pc1 = -2.17779
       pc2 = -0.641705
       pc3 = -1.99332
       pc4 = 1.57927
       pc5 = -0.940037
       pc6 = 1.53879
       pc7 = 1.8386
       pc8 = -0.366127
       pc9 = 0.418118
      pc10 = -0.567367
      pc11 = 0.495124
      pc12 = 0.244589
      pc13 = -0.271796
      pc14 = 0.0535418
      pc15 = -0.0758319
Constrained:
     Tecnw = 43393.5
       Tnw = 6.09834
       Tec = 6.1081
     twoNb = 4.34322e+06
     twoNe = 344707
     twoNc = 313726
     twoNw = 1.02209e+06
    twoNec = 79490.9
    twoNnw = 151968
  twoNecnw = 23245.2
  twoNbecnw = 55447.9
        m2 = 0.0256744
        m4 = 0.0143527
        m5 = 0.355785
        m6 = 0.275983
        Tb = 21699.8
        Td = 3.05405
        Te = 1.52702
        Tf = 0.763512
#       SitePat  BranchLen
              b 122688.3463501
              e 45402.8921135
              c 47391.6157824
              n 44726.8138553
              w 44726.6648791
            b:e 1386.9635132
            b:c 1662.2946360
            b:n 1155.2125154
            b:w 1155.2071568
            e:c 12067.2186947
            e:n 4658.5276775
            e:w 4658.5933311
            c:n 4147.1540044
            c:w 4147.2109385
            n:w 12304.7650675
          b:e:c 1374.2466156
          b:e:n 612.1252855
          b:e:w 612.1255504
          b:c:n 612.4794891
          b:c:w 612.4792209
          b:n:w 1370.0370339
          e:c:n 4313.8589505
          e:c:w 4313.8853390
          e:n:w 6264.8899285
          c:n:w 5280.5119325
        b:e:c:n 1156.2771150
        b:e:c:w 1156.2824769
        b:e:n:w 1632.8623404
        b:c:n:w 1375.2337364
        e:c:n:w 48951.4241038
