########################################
# legofit: estimate population history #
#       version 2.3.4-4-g53f8760       #
########################################

# Program was compiled: Sep 21 2021 14:36:42
# Program was run: Mon Oct 11 10:17:44 2021

# cmd: legofit -1 -d 0 -t 32 --ptsPerDim 3 --stateOut b1boot10.state --tol 3e-6 -S 5000 bdef2.lgo ../../chrX/boot_chrX/boot10.opf
# Stage nOptItr nSimReps
#     0    5000        0
# algorithm          : deterministic
# ignoring probs <=  : 0
# Branch length floor: 0
# DE strategy        : 2
#    F               : 0.3
#    CR              : 0.8
#    tolerance       : 3e-06
# nthreads           : 32
# lgo input file     : bdef2.lgo
# site pat input file: ../../chrX/boot_chrX/boot10.opf
# free parameters    : 15
# points in DE swarm : 45
# output state file  : b1boot10.state
# Including singleton site patterns.
# cost function      : KL
Initial parameter values
Fixed:
      zero = 0
       one = 1
    Tbecnw = 75200
Free:
       pc1 = 0
       pc2 = 0
       pc3 = 0
       pc4 = 0
       pc5 = 0
       pc6 = 0
       pc7 = 0
       pc8 = 0
       pc9 = 0
      pc10 = 0
      pc11 = 0
      pc12 = 0
      pc13 = 0
      pc14 = 0
      pc15 = 0
Constrained:
     Tecnw = 43486.8
       Tnw = 1000.64
       Tec = 3010.54
     twoNb = 1.63487e+06
     twoNe = 196936
     twoNc = 199233
     twoNw = 750588
    twoNec = 70979.7
    twoNnw = 143701
  twoNecnw = 23435.1
  twoNbecnw = 54527
        m2 = 0.0260401
        m4 = 0.00976498
        m5 = 0.362179
        m6 = 0.28135
        Tb = 23248.7
        Td = 1505.27
        Te = 752.636
        Tf = 376.318
DiffEv reached_goal. cost=2.40881e-03 spread=2.64994e-06
Fitted parameter values
Free:
       pc1 = -3.36094
       pc2 = 1.14604
       pc3 = -1.92719
       pc4 = 1.12183
       pc5 = -0.253955
       pc6 = 0.771149
       pc7 = 1.93273
       pc8 = -0.0162041
       pc9 = 0.762615
      pc10 = -1.41394
      pc11 = 0.797951
      pc12 = -0.224737
      pc13 = -0.372115
      pc14 = -0.190538
      pc15 = -0.217778
Constrained:
     Tecnw = 42695.5
       Tnw = 36.3817
       Tec = 95.1525
     twoNb = 4.63115e+06
     twoNe = 224793
     twoNc = 263674
     twoNw = 1.13731e+06
    twoNec = 79710.8
    twoNnw = 156872
  twoNecnw = 24186.1
  twoNbecnw = 55115.8
        m2 = 0.0258025
        m4 = 0.0124805
        m5 = 0.34925
        m6 = 0.271956
        Tb = 21395.3
        Td = 47.5762
        Te = 23.7881
        Tf = 11.8941
#       SitePat  BranchLen
              b 122200.1201709
              e 45427.2039326
              c 47262.0180632
              n 44998.7304969
              w 44998.2506202
            b:e 1409.6066328
            b:c 1656.9575485
            b:n 1194.5818324
            b:w 1194.5640889
            e:c 12163.4852416
            e:n 4671.7205999
            e:w 4671.8591832
            c:n 4193.5323031
            c:w 4193.7867943
            n:w 12211.7726373
          b:e:c 1398.2635547
          b:e:n 630.1840592
          b:e:w 630.1804253
          b:c:n 630.4845228
          b:c:w 630.4881475
          b:n:w 1394.3171548
          e:c:n 4446.0179518
          e:c:w 4446.1047540
          e:n:w 6214.3288913
          c:n:w 5320.5350839
        b:e:c:n 1195.5762503
        b:e:c:w 1195.5940031
        b:e:n:w 1631.0624352
        b:c:n:w 1398.3436961
        e:c:n:w 48259.1366075
