########################################
# legofit: estimate population history #
#       version 2.3.4-4-g53f8760       #
########################################

# Program was compiled: Sep 21 2021 14:36:42
# Program was run: Mon Oct 11 10:18:04 2021

# cmd: legofit -1 -d 0 -t 32 --ptsPerDim 3 --stateOut b1boot26.state --tol 3e-6 -S 5000 bdef2.lgo ../../chrX/boot_chrX/boot26.opf
# Stage nOptItr nSimReps
#     0    5000        0
# algorithm          : deterministic
# ignoring probs <=  : 0
# Branch length floor: 0
# DE strategy        : 2
#    F               : 0.3
#    CR              : 0.8
#    tolerance       : 3e-06
# nthreads           : 32
# lgo input file     : bdef2.lgo
# site pat input file: ../../chrX/boot_chrX/boot26.opf
# free parameters    : 15
# points in DE swarm : 45
# output state file  : b1boot26.state
# Including singleton site patterns.
# cost function      : KL
Initial parameter values
Fixed:
      zero = 0
       one = 1
    Tbecnw = 75200
Free:
       pc1 = 0
       pc2 = 0
       pc3 = 0
       pc4 = 0
       pc5 = 0
       pc6 = 0
       pc7 = 0
       pc8 = 0
       pc9 = 0
      pc10 = 0
      pc11 = 0
      pc12 = 0
      pc13 = 0
      pc14 = 0
      pc15 = 0
Constrained:
     Tecnw = 43486.8
       Tnw = 1000.64
       Tec = 3010.54
     twoNb = 1.63487e+06
     twoNe = 196936
     twoNc = 199233
     twoNw = 750588
    twoNec = 70979.7
    twoNnw = 143701
  twoNecnw = 23435.1
  twoNbecnw = 54527
        m2 = 0.0260401
        m4 = 0.00976498
        m5 = 0.362179
        m6 = 0.28135
        Tb = 23248.7
        Td = 1505.27
        Te = 752.636
        Tf = 376.318
DiffEv reached_goal. cost=2.50243e-03 spread=2.99664e-06
Fitted parameter values
Free:
       pc1 = -2.30032
       pc2 = -0.236879
       pc3 = -1.96449
       pc4 = 1.50749
       pc5 = 0.45579
       pc6 = 0.987932
       pc7 = 1.87129
       pc8 = -1.26196
       pc9 = 1.55838
      pc10 = -1.54524
      pc11 = 0.733687
      pc12 = -0.763366
      pc13 = -0.355219
      pc14 = -0.068553
      pc15 = 0.0619004
Constrained:
     Tecnw = 43630.1
       Tnw = 31.2777
       Tec = 10.336
     twoNb = 4.77465e+06
     twoNe = 267136
     twoNc = 140856
     twoNw = 1.26464e+06
    twoNec = 81479.7
    twoNnw = 153016
  twoNecnw = 23715.4
  twoNbecnw = 55569.7
        m2 = 0.0288558
        m4 = 0.0112896
        m5 = 0.35276
        m6 = 0.280763
        Tb = 21820.2
        Td = 5.168
        Te = 2.584
        Tf = 1.292
#       SitePat  BranchLen
              b 122496.5965937
              e 46046.1073288
              c 47800.9390432
              n 45117.9331801
              w 45117.2059590
            b:e 1466.9228200
            b:c 1700.5873367
            b:n 1199.8995122
            b:w 1199.8725444
            e:c 12116.9281825
            e:n 4710.6019221
            e:w 4710.9401259
            c:n 4251.0993104
            c:w 4251.3588223
            n:w 12444.7317147
          b:e:c 1425.6803055
          b:e:n 639.4387797
          b:e:w 639.4412498
          b:c:n 639.7124140
          b:c:w 639.7099283
          b:n:w 1421.5228500
          e:c:n 4373.4149248
          e:c:w 4373.5444302
          e:n:w 6300.1142638
          c:n:w 5450.8464662
        b:e:c:n 1200.9077946
        b:e:c:w 1200.9347780
        b:e:n:w 1675.4406042
        b:c:n:w 1454.7537732
        e:c:n:w 48121.0037744
