########################################
# legofit: estimate population history #
#       version 2.3.4-4-g53f8760       #
########################################

# Program was compiled: Sep 21 2021 14:36:42
# Program was run: Mon Oct 11 10:18:19 2021

# cmd: legofit -1 -d 0 -t 32 --ptsPerDim 3 --stateOut b1boot38.state --tol 3e-6 -S 5000 bdef2.lgo ../../chrX/boot_chrX/boot38.opf
# Stage nOptItr nSimReps
#     0    5000        0
# algorithm          : deterministic
# ignoring probs <=  : 0
# Branch length floor: 0
# DE strategy        : 2
#    F               : 0.3
#    CR              : 0.8
#    tolerance       : 3e-06
# nthreads           : 32
# lgo input file     : bdef2.lgo
# site pat input file: ../../chrX/boot_chrX/boot38.opf
# free parameters    : 15
# points in DE swarm : 45
# output state file  : b1boot38.state
# Including singleton site patterns.
# cost function      : KL
Initial parameter values
Fixed:
      zero = 0
       one = 1
    Tbecnw = 75200
Free:
       pc1 = 0
       pc2 = 0
       pc3 = 0
       pc4 = 0
       pc5 = 0
       pc6 = 0
       pc7 = 0
       pc8 = 0
       pc9 = 0
      pc10 = 0
      pc11 = 0
      pc12 = 0
      pc13 = 0
      pc14 = 0
      pc15 = 0
Constrained:
     Tecnw = 43486.8
       Tnw = 1000.64
       Tec = 3010.54
     twoNb = 1.63487e+06
     twoNe = 196936
     twoNc = 199233
     twoNw = 750588
    twoNec = 70979.7
    twoNnw = 143701
  twoNecnw = 23435.1
  twoNbecnw = 54527
        m2 = 0.0260401
        m4 = 0.00976498
        m5 = 0.362179
        m6 = 0.28135
        Tb = 23248.7
        Td = 1505.27
        Te = 752.636
        Tf = 376.318
DiffEv reached_goal. cost=2.71110e-03 spread=2.77214e-06
Fitted parameter values
Free:
       pc1 = -2.59622
       pc2 = 0.253463
       pc3 = -1.98973
       pc4 = 1.37227
       pc5 = -0.808376
       pc6 = -0.0368059
       pc7 = 1.7782
       pc8 = -1.80064
       pc9 = 1.44872
      pc10 = -1.07505
      pc11 = 0.929148
      pc12 = 0.558567
      pc13 = 0.0989616
      pc14 = -0.100309
      pc15 = 0.0452659
Constrained:
     Tecnw = 42582.3
       Tnw = 81.8516
       Tec = 31.6187
     twoNb = 4.91228e+06
     twoNe = 366578
     twoNc = 143378
     twoNw = 1.22862e+06
    twoNec = 80729.9
    twoNnw = 154302
  twoNecnw = 23244.5
  twoNbecnw = 54588.3
        m2 = 0.0280245
        m4 = 0.011124
        m5 = 0.356128
        m6 = 0.277468
        Tb = 21307
        Td = 15.8093
        Te = 7.90467
        Tf = 3.95234
#       SitePat  BranchLen
              b 122157.5473882
              e 45070.1865185
              c 46885.6605873
              n 44340.6350163
              w 44338.7352495
            b:e 1351.7424641
            b:c 1584.0838979
            b:n 1106.6193388
            b:w 1106.5530962
            e:c 11695.6308254
            e:n 4599.1893713
            e:w 4600.0812855
            c:n 4121.8733298
            c:w 4122.5451963
            n:w 11931.1983515
          b:e:c 1299.2109044
          b:e:n 590.7120670
          b:e:w 590.7185714
          b:c:n 590.9625317
          b:c:w 590.9559908
          b:n:w 1295.4037322
          e:c:n 4271.6290809
          e:c:w 4271.9650670
          e:n:w 6133.8682734
          c:n:w 5260.2194751
        b:e:c:n 1107.4655852
        b:e:c:w 1107.5318643
        b:e:n:w 1559.9581829
        b:c:n:w 1340.1557252
        e:c:n:w 49129.7312790
