########################################
# legofit: estimate population history #
#       version 2.3.4-4-g53f8760       #
########################################

# Program was compiled: Sep 21 2021 14:36:42
# Program was run: Mon Oct 11 10:18:19 2021

# cmd: legofit -1 -d 0 -t 32 --ptsPerDim 3 --stateOut b1boot35.state --tol 3e-6 -S 5000 bdef2.lgo ../../chrX/boot_chrX/boot35.opf
# Stage nOptItr nSimReps
#     0    5000        0
# algorithm          : deterministic
# ignoring probs <=  : 0
# Branch length floor: 0
# DE strategy        : 2
#    F               : 0.3
#    CR              : 0.8
#    tolerance       : 3e-06
# nthreads           : 32
# lgo input file     : bdef2.lgo
# site pat input file: ../../chrX/boot_chrX/boot35.opf
# free parameters    : 15
# points in DE swarm : 45
# output state file  : b1boot35.state
# Including singleton site patterns.
# cost function      : KL
Initial parameter values
Fixed:
      zero = 0
       one = 1
    Tbecnw = 75200
Free:
       pc1 = 0
       pc2 = 0
       pc3 = 0
       pc4 = 0
       pc5 = 0
       pc6 = 0
       pc7 = 0
       pc8 = 0
       pc9 = 0
      pc10 = 0
      pc11 = 0
      pc12 = 0
      pc13 = 0
      pc14 = 0
      pc15 = 0
Constrained:
     Tecnw = 43486.8
       Tnw = 1000.64
       Tec = 3010.54
     twoNb = 1.63487e+06
     twoNe = 196936
     twoNc = 199233
     twoNw = 750588
    twoNec = 70979.7
    twoNnw = 143701
  twoNecnw = 23435.1
  twoNbecnw = 54527
        m2 = 0.0260401
        m4 = 0.00976498
        m5 = 0.362179
        m6 = 0.28135
        Tb = 23248.7
        Td = 1505.27
        Te = 752.636
        Tf = 376.318
DiffEv reached_goal. cost=2.64234e-03 spread=2.79710e-06
Fitted parameter values
Free:
       pc1 = -0.931961
       pc2 = -1.71962
       pc3 = -1.88333
       pc4 = 1.66371
       pc5 = -0.864352
       pc6 = 0.149781
       pc7 = 1.68721
       pc8 = -1.77221
       pc9 = -0.219747
      pc10 = -1.46867
      pc11 = 1.224
      pc12 = 0.211869
      pc13 = -0.305446
      pc14 = -0.229321
      pc15 = -0.0454732
Constrained:
     Tecnw = 43949
       Tnw = 41.5918
       Tec = 142.305
     twoNb = 4.71496e+06
     twoNe = 299579
     twoNc = 222891
     twoNw = 1.01694e+06
    twoNec = 77124.3
    twoNnw = 155667
  twoNecnw = 22579.3
  twoNbecnw = 54840.4
        m2 = 0.0267427
        m4 = 0.010627
        m5 = 0.370893
        m6 = 0.290069
        Tb = 22045.7
        Td = 71.1526
        Te = 35.5763
        Tf = 17.7881
#       SitePat  BranchLen
              b 122324.3881953
              e 45452.3199302
              c 47312.8673383
              n 44897.9887276
              w 44897.5471730
            b:e 1352.6872356
            b:c 1583.8653621
            b:n 1127.1325896
            b:w 1127.1170758
            e:c 11885.4835284
            e:n 4663.0650547
            e:w 4663.1132017
            c:n 4163.2892153
            c:w 4163.6036668
            n:w 12005.0456265
          b:e:c 1324.8602110
          b:e:n 599.5972354
          b:e:w 599.5892939
          b:c:n 599.8332428
          b:c:w 599.8411774
          b:n:w 1321.0894606
          e:c:n 4247.8434967
          e:c:w 4247.9224529
          e:n:w 6071.9644276
          c:n:w 5197.8804150
        b:e:c:n 1128.0125552
        b:e:c:w 1128.0280759
        b:e:n:w 1560.5886906
        b:c:n:w 1341.7446519
        e:c:n:w 48793.2996635
