########################################
# legofit: estimate population history #
#       version 2.3.4-4-g53f8760       #
########################################

# Program was compiled: Sep 21 2021 14:36:42
# Program was run: Mon Oct 11 10:17:55 2021

# cmd: legofit -1 -d 0 -t 32 --ptsPerDim 3 --stateOut b1boot18.state --tol 3e-6 -S 5000 bdef2.lgo ../../chrX/boot_chrX/boot18.opf
# Stage nOptItr nSimReps
#     0    5000        0
# algorithm          : deterministic
# ignoring probs <=  : 0
# Branch length floor: 0
# DE strategy        : 2
#    F               : 0.3
#    CR              : 0.8
#    tolerance       : 3e-06
# nthreads           : 32
# lgo input file     : bdef2.lgo
# site pat input file: ../../chrX/boot_chrX/boot18.opf
# free parameters    : 15
# points in DE swarm : 45
# output state file  : b1boot18.state
# Including singleton site patterns.
# cost function      : KL
Initial parameter values
Fixed:
      zero = 0
       one = 1
    Tbecnw = 75200
Free:
       pc1 = 0
       pc2 = 0
       pc3 = 0
       pc4 = 0
       pc5 = 0
       pc6 = 0
       pc7 = 0
       pc8 = 0
       pc9 = 0
      pc10 = 0
      pc11 = 0
      pc12 = 0
      pc13 = 0
      pc14 = 0
      pc15 = 0
Constrained:
     Tecnw = 43486.8
       Tnw = 1000.64
       Tec = 3010.54
     twoNb = 1.63487e+06
     twoNe = 196936
     twoNc = 199233
     twoNw = 750588
    twoNec = 70979.7
    twoNnw = 143701
  twoNecnw = 23435.1
  twoNbecnw = 54527
        m2 = 0.0260401
        m4 = 0.00976498
        m5 = 0.362179
        m6 = 0.28135
        Tb = 23248.7
        Td = 1505.27
        Te = 752.636
        Tf = 376.318
DiffEv reached_goal. cost=2.62735e-03 spread=2.79184e-06
Fitted parameter values
Free:
       pc1 = -1.80514
       pc2 = -0.349941
       pc3 = -1.97076
       pc4 = 1.89538
       pc5 = 0.519066
       pc6 = -0.664981
       pc7 = 1.94155
       pc8 = -1.15214
       pc9 = -0.355118
      pc10 = -1.70397
      pc11 = 0.39448
      pc12 = 0.28034
      pc13 = -0.367227
      pc14 = 0.151204
      pc15 = 0.0812251
Constrained:
     Tecnw = 43154.5
       Tnw = 2.90072
       Tec = 3.83284
     twoNb = 4.00666e+06
     twoNe = 118639
     twoNc = 257912
     twoNw = 1.09898e+06
    twoNec = 80304.5
    twoNnw = 157583
  twoNecnw = 23250.3
  twoNbecnw = 55022
        m2 = 0.0301616
        m4 = 0.010082
        m5 = 0.373715
        m6 = 0.283149
        Tb = 21579.2
        Td = 1.91642
        Te = 0.95821
        Tf = 0.479105
#       SitePat  BranchLen
              b 122339.7160148
              e 45461.0279809
              c 47470.4309200
              n 44768.9949343
              w 44768.9316867
            b:e 1396.2013145
            b:c 1641.9330695
            b:n 1141.8853062
            b:w 1141.8830496
            e:c 11660.0347749
            e:n 4737.0317852
            e:w 4737.0588431
            c:n 4192.7676334
            c:w 4192.7925661
            n:w 11925.1231752
          b:e:c 1329.3022469
          b:e:n 614.8195047
          b:e:w 614.8195684
          b:c:n 615.1144587
          b:c:w 615.1143935
          b:n:w 1324.4077225
          e:c:n 4306.7141095
          e:c:w 4306.7253665
          e:n:w 6234.5968194
          c:n:w 5298.5256680
        b:e:c:n 1143.0605806
        b:e:c:w 1143.0628388
        b:e:n:w 1612.5369287
        b:c:n:w 1381.4140356
        e:c:n:w 48758.2783708
