########################################
# legofit: estimate population history #
#       version 2.3.4-4-g53f8760       #
########################################

# Program was compiled: Sep 21 2021 14:36:42
# Program was run: Mon Oct 11 10:18:28 2021

# cmd: legofit -1 -d 0 -t 32 --ptsPerDim 3 --stateOut b1boot46.state --tol 3e-6 -S 5000 bdef2.lgo ../../chrX/boot_chrX/boot46.opf
# Stage nOptItr nSimReps
#     0    5000        0
# algorithm          : deterministic
# ignoring probs <=  : 0
# Branch length floor: 0
# DE strategy        : 2
#    F               : 0.3
#    CR              : 0.8
#    tolerance       : 3e-06
# nthreads           : 32
# lgo input file     : bdef2.lgo
# site pat input file: ../../chrX/boot_chrX/boot46.opf
# free parameters    : 15
# points in DE swarm : 45
# output state file  : b1boot46.state
# Including singleton site patterns.
# cost function      : KL
Initial parameter values
Fixed:
      zero = 0
       one = 1
    Tbecnw = 75200
Free:
       pc1 = 0
       pc2 = 0
       pc3 = 0
       pc4 = 0
       pc5 = 0
       pc6 = 0
       pc7 = 0
       pc8 = 0
       pc9 = 0
      pc10 = 0
      pc11 = 0
      pc12 = 0
      pc13 = 0
      pc14 = 0
      pc15 = 0
Constrained:
     Tecnw = 43486.8
       Tnw = 1000.64
       Tec = 3010.54
     twoNb = 1.63487e+06
     twoNe = 196936
     twoNc = 199233
     twoNw = 750588
    twoNec = 70979.7
    twoNnw = 143701
  twoNecnw = 23435.1
  twoNbecnw = 54527
        m2 = 0.0260401
        m4 = 0.00976498
        m5 = 0.362179
        m6 = 0.28135
        Tb = 23248.7
        Td = 1505.27
        Te = 752.636
        Tf = 376.318
DiffEv reached_goal. cost=2.47542e-03 spread=2.91548e-06
Fitted parameter values
Free:
       pc1 = -1.97501
       pc2 = -0.337665
       pc3 = -1.95384
       pc4 = 1.00936
       pc5 = -1.19901
       pc6 = 0.265604
       pc7 = 1.97383
       pc8 = -1.31022
       pc9 = 0.122669
      pc10 = -1.02843
      pc11 = 0.66778
      pc12 = -0.395276
      pc13 = -0.332859
      pc14 = -0.260496
      pc15 = -0.0342453
Constrained:
     Tecnw = 43512.1
       Tnw = 36.1813
       Tec = 69.9988
     twoNb = 4.56586e+06
     twoNe = 288483
     twoNc = 244130
     twoNw = 1.0677e+06
    twoNec = 78921.5
    twoNnw = 155063
  twoNecnw = 23289.8
  twoNbecnw = 54253
        m2 = 0.0267519
        m4 = 0.0128092
        m5 = 0.35869
        m6 = 0.283242
        Tb = 21791.1
        Td = 34.9994
        Te = 17.4997
        Tf = 8.74985
#       SitePat  BranchLen
              b 121606.8388976
              e 45547.9035999
              c 47374.3692371
              n 44923.0050044
              w 44922.3369533
            b:e 1374.0792317
            b:c 1619.0012035
            b:n 1144.1919263
            b:w 1144.1681839
            e:c 11980.3415191
            e:n 4649.3842980
            e:w 4649.6301523
            c:n 4172.7785535
            c:w 4173.0825122
            n:w 12139.5072819
          b:e:c 1348.4613704
          b:e:n 607.4769706
          b:e:w 607.4752099
          b:c:n 607.7740236
          b:c:w 607.7757711
          b:n:w 1344.4559151
          e:c:n 4295.2127071
          e:c:w 4295.3309452
          e:n:w 6142.8425469
          c:n:w 5254.0780227
        b:e:c:n 1145.1662078
        b:e:c:w 1145.1899634
        b:e:n:w 1592.6885788
        b:c:n:w 1362.6212643
        e:c:n:w 47876.1814168
