########################################
# legofit: estimate population history #
#       version 2.3.4-4-g53f8760       #
########################################

# Program was compiled: Sep 21 2021 14:36:42
# Program was run: Mon Oct 11 10:18:12 2021

# cmd: legofit -1 -d 0 -t 32 --ptsPerDim 3 --stateOut b1boot34.state --tol 3e-6 -S 5000 bdef2.lgo ../../chrX/boot_chrX/boot34.opf
# Stage nOptItr nSimReps
#     0    5000        0
# algorithm          : deterministic
# ignoring probs <=  : 0
# Branch length floor: 0
# DE strategy        : 2
#    F               : 0.3
#    CR              : 0.8
#    tolerance       : 3e-06
# nthreads           : 32
# lgo input file     : bdef2.lgo
# site pat input file: ../../chrX/boot_chrX/boot34.opf
# free parameters    : 15
# points in DE swarm : 45
# output state file  : b1boot34.state
# Including singleton site patterns.
# cost function      : KL
Initial parameter values
Fixed:
      zero = 0
       one = 1
    Tbecnw = 75200
Free:
       pc1 = 0
       pc2 = 0
       pc3 = 0
       pc4 = 0
       pc5 = 0
       pc6 = 0
       pc7 = 0
       pc8 = 0
       pc9 = 0
      pc10 = 0
      pc11 = 0
      pc12 = 0
      pc13 = 0
      pc14 = 0
      pc15 = 0
Constrained:
     Tecnw = 43486.8
       Tnw = 1000.64
       Tec = 3010.54
     twoNb = 1.63487e+06
     twoNe = 196936
     twoNc = 199233
     twoNw = 750588
    twoNec = 70979.7
    twoNnw = 143701
  twoNecnw = 23435.1
  twoNbecnw = 54527
        m2 = 0.0260401
        m4 = 0.00976498
        m5 = 0.362179
        m6 = 0.28135
        Tb = 23248.7
        Td = 1505.27
        Te = 752.636
        Tf = 376.318
DiffEv reached_goal. cost=2.35057e-03 spread=1.81092e-06
Fitted parameter values
Free:
       pc1 = -3.21258
       pc2 = 1.36105
       pc3 = -1.95445
       pc4 = -0.084696
       pc5 = -1.96571
       pc6 = 1.23815
       pc7 = 1.98739
       pc8 = -0.572386
       pc9 = -1.08285
      pc10 = -0.395072
      pc11 = 0.518914
      pc12 = 0.932277
      pc13 = -0.527813
      pc14 = 0.0048017
      pc15 = -0.118845
Constrained:
     Tecnw = 42406.3
       Tnw = 45.9246
       Tec = 135.35
     twoNb = 5.19163e+06
     twoNe = 157490
     twoNc = 378025
     twoNw = 868749
    twoNec = 79411.7
    twoNnw = 152496
  twoNecnw = 23497.9
  twoNbecnw = 53750.4
        m2 = 0.0221493
        m4 = 0.0156467
        m5 = 0.350874
        m6 = 0.264963
        Tb = 21270.8
        Td = 67.6748
        Te = 33.8374
        Tf = 16.9187
#       SitePat  BranchLen
              b 121437.9034836
              e 44659.4845312
              c 46749.9344731
              n 44254.9543215
              w 44254.2892279
            b:e 1286.2499462
            b:c 1568.8538480
            b:n 1100.2425201
            b:w 1100.2194520
            e:c 11896.2437193
            e:n 4571.9448210
            e:w 4572.1046622
            c:n 4036.2917034
            c:w 4036.6780227
            n:w 12035.0282684
          b:e:c 1295.9814013
          b:e:n 579.9137116
          b:e:w 579.9070433
          b:c:n 580.2133920
          b:c:w 580.2200505
          b:n:w 1292.9145947
          e:c:n 4281.7208951
          e:c:w 4281.8398283
          e:n:w 6131.2476926
          c:n:w 5095.3978681
        b:e:c:n 1101.0252208
        b:e:c:w 1101.0482988
        b:e:n:w 1544.5537120
        b:c:n:w 1277.8167623
        e:c:n:w 48543.7979535
