########################################
# legofit: estimate population history #
#       version 2.3.4-4-g53f8760       #
########################################

# Program was compiled: Sep 21 2021 14:36:42
# Program was run: Mon Oct 11 10:18:04 2021

# cmd: legofit -1 -d 0 -t 32 --ptsPerDim 3 --stateOut b1boot25.state --tol 3e-6 -S 5000 bdef2.lgo ../../chrX/boot_chrX/boot25.opf
# Stage nOptItr nSimReps
#     0    5000        0
# algorithm          : deterministic
# ignoring probs <=  : 0
# Branch length floor: 0
# DE strategy        : 2
#    F               : 0.3
#    CR              : 0.8
#    tolerance       : 3e-06
# nthreads           : 32
# lgo input file     : bdef2.lgo
# site pat input file: ../../chrX/boot_chrX/boot25.opf
# free parameters    : 15
# points in DE swarm : 45
# output state file  : b1boot25.state
# Including singleton site patterns.
# cost function      : KL
Initial parameter values
Fixed:
      zero = 0
       one = 1
    Tbecnw = 75200
Free:
       pc1 = 0
       pc2 = 0
       pc3 = 0
       pc4 = 0
       pc5 = 0
       pc6 = 0
       pc7 = 0
       pc8 = 0
       pc9 = 0
      pc10 = 0
      pc11 = 0
      pc12 = 0
      pc13 = 0
      pc14 = 0
      pc15 = 0
Constrained:
     Tecnw = 43486.8
       Tnw = 1000.64
       Tec = 3010.54
     twoNb = 1.63487e+06
     twoNe = 196936
     twoNc = 199233
     twoNw = 750588
    twoNec = 70979.7
    twoNnw = 143701
  twoNecnw = 23435.1
  twoNbecnw = 54527
        m2 = 0.0260401
        m4 = 0.00976498
        m5 = 0.362179
        m6 = 0.28135
        Tb = 23248.7
        Td = 1505.27
        Te = 752.636
        Tf = 376.318
DiffEv reached_goal. cost=2.53422e-03 spread=2.70535e-06
Fitted parameter values
Free:
       pc1 = -1.47268
       pc2 = -0.975094
       pc3 = -1.95215
       pc4 = 1.35371
       pc5 = -0.257605
       pc6 = 1.76494
       pc7 = 1.53769
       pc8 = -1.8951
       pc9 = 0.616617
      pc10 = -0.563168
      pc11 = 0.714209
      pc12 = 0.0375401
      pc13 = -0.463498
      pc14 = 0.261466
      pc15 = -0.0520629
Constrained:
     Tecnw = 43896.7
       Tnw = 28.2623
       Tec = 50.7703
     twoNb = 5.06731e+06
     twoNe = 278672
     twoNc = 215216
     twoNw = 1.09099e+06
    twoNec = 78505.9
    twoNnw = 146962
  twoNecnw = 22874.1
  twoNbecnw = 55354.9
        m2 = 0.027725
        m4 = 0.0124475
        m5 = 0.35499
        m6 = 0.278306
        Tb = 21973.8
        Td = 25.3851
        Te = 12.6926
        Tf = 6.34628
#       SitePat  BranchLen
              b 122639.4240254
              e 45479.7162343
              c 47400.3428309
              n 44569.7930845
              w 44569.2717500
            b:e 1397.3339913
            b:c 1650.5034320
            b:n 1139.1098262
            b:w 1139.0912677
            e:c 12192.0361386
            e:n 4632.1176307
            e:w 4632.3171854
            c:n 4132.8741495
            c:w 4133.1039094
            n:w 12530.5591121
          b:e:c 1383.7952621
          b:e:n 602.2556111
          b:e:w 602.2546926
          b:c:n 602.5192958
          b:c:w 602.5202047
          b:n:w 1379.9596732
          e:c:n 4239.9849062
          e:c:w 4240.0769259
          e:n:w 6262.3306578
          c:n:w 5326.2450815
        b:e:c:n 1140.0068478
        b:e:c:w 1140.0254159
        b:e:n:w 1626.2785241
        b:c:n:w 1386.4956236
        e:c:n:w 48861.0436695
