########################################
# legofit: estimate population history #
#       version 2.3.4-4-g53f8760       #
########################################

# Program was compiled: Sep 21 2021 14:36:42
# Program was run: Mon Oct 11 10:17:49 2021

# cmd: legofit -1 -d 0 -t 32 --ptsPerDim 3 --stateOut b1boot16.state --tol 3e-6 -S 5000 bdef2.lgo ../../chrX/boot_chrX/boot16.opf
# Stage nOptItr nSimReps
#     0    5000        0
# algorithm          : deterministic
# ignoring probs <=  : 0
# Branch length floor: 0
# DE strategy        : 2
#    F               : 0.3
#    CR              : 0.8
#    tolerance       : 3e-06
# nthreads           : 32
# lgo input file     : bdef2.lgo
# site pat input file: ../../chrX/boot_chrX/boot16.opf
# free parameters    : 15
# points in DE swarm : 45
# output state file  : b1boot16.state
# Including singleton site patterns.
# cost function      : KL
Initial parameter values
Fixed:
      zero = 0
       one = 1
    Tbecnw = 75200
Free:
       pc1 = 0
       pc2 = 0
       pc3 = 0
       pc4 = 0
       pc5 = 0
       pc6 = 0
       pc7 = 0
       pc8 = 0
       pc9 = 0
      pc10 = 0
      pc11 = 0
      pc12 = 0
      pc13 = 0
      pc14 = 0
      pc15 = 0
Constrained:
     Tecnw = 43486.8
       Tnw = 1000.64
       Tec = 3010.54
     twoNb = 1.63487e+06
     twoNe = 196936
     twoNc = 199233
     twoNw = 750588
    twoNec = 70979.7
    twoNnw = 143701
  twoNecnw = 23435.1
  twoNbecnw = 54527
        m2 = 0.0260401
        m4 = 0.00976498
        m5 = 0.362179
        m6 = 0.28135
        Tb = 23248.7
        Td = 1505.27
        Te = 752.636
        Tf = 376.318
DiffEv reached_goal. cost=2.54447e-03 spread=1.74179e-06
Fitted parameter values
Free:
       pc1 = -1.66104
       pc2 = -0.88288
       pc3 = -1.98077
       pc4 = 1.65944
       pc5 = 0.75185
       pc6 = 0.845283
       pc7 = 1.79442
       pc8 = -1.97381
       pc9 = -0.423565
      pc10 = -0.156489
      pc11 = 0.279639
      pc12 = -0.388542
      pc13 = -0.88711
      pc14 = -0.137997
      pc15 = 0.0558836
Constrained:
     Tecnw = 44111.6
       Tnw = 36.8213
       Tec = 95.7171
     twoNb = 4.23418e+06
     twoNe = 107183
     twoNc = 294759
     twoNw = 1.09417e+06
    twoNec = 80095.4
    twoNnw = 151269
  twoNecnw = 22843.3
  twoNbecnw = 55067.6
        m2 = 0.0313436
        m4 = 0.0115082
        m5 = 0.355272
        m6 = 0.275651
        Tb = 22103.7
        Td = 47.8585
        Te = 23.9293
        Tf = 11.9646
#       SitePat  BranchLen
              b 122254.1892947
              e 45894.9417638
              c 47826.0137801
              n 44995.9167234
              w 44995.4016295
            b:e 1428.0596949
            b:c 1679.4215741
            b:n 1148.5175044
            b:w 1148.4991371
            e:c 12116.6068508
            e:n 4637.6923121
            e:w 4637.8443758
            c:n 4127.7409432
            c:w 4128.0133870
            n:w 12442.1122193
          b:e:c 1388.8360320
          b:e:n 609.3003259
          b:e:w 609.2966691
          b:c:n 609.6035296
          b:c:w 609.6071745
          b:n:w 1383.7781589
          e:c:n 4236.7285868
          e:c:w 4236.8191733
          e:n:w 6268.1752438
          c:n:w 5341.0091867
        b:e:c:n 1149.6916844
        b:e:c:w 1149.7100636
        b:e:n:w 1649.5355475
        b:c:n:w 1413.4363577
        e:c:n:w 48218.2444246
