########################################
# legofit: estimate population history #
#       version 2.3.4-4-g53f8760       #
########################################

# Program was compiled: Sep 21 2021 14:36:42
# Program was run: Mon Oct 11 10:18:12 2021

# cmd: legofit -1 -d 0 -t 32 --ptsPerDim 3 --stateOut b1boot32.state --tol 3e-6 -S 5000 bdef2.lgo ../../chrX/boot_chrX/boot32.opf
# Stage nOptItr nSimReps
#     0    5000        0
# algorithm          : deterministic
# ignoring probs <=  : 0
# Branch length floor: 0
# DE strategy        : 2
#    F               : 0.3
#    CR              : 0.8
#    tolerance       : 3e-06
# nthreads           : 32
# lgo input file     : bdef2.lgo
# site pat input file: ../../chrX/boot_chrX/boot32.opf
# free parameters    : 15
# points in DE swarm : 45
# output state file  : b1boot32.state
# Including singleton site patterns.
# cost function      : KL
Initial parameter values
Fixed:
      zero = 0
       one = 1
    Tbecnw = 75200
Free:
       pc1 = 0
       pc2 = 0
       pc3 = 0
       pc4 = 0
       pc5 = 0
       pc6 = 0
       pc7 = 0
       pc8 = 0
       pc9 = 0
      pc10 = 0
      pc11 = 0
      pc12 = 0
      pc13 = 0
      pc14 = 0
      pc15 = 0
Constrained:
     Tecnw = 43486.8
       Tnw = 1000.64
       Tec = 3010.54
     twoNb = 1.63487e+06
     twoNe = 196936
     twoNc = 199233
     twoNw = 750588
    twoNec = 70979.7
    twoNnw = 143701
  twoNecnw = 23435.1
  twoNbecnw = 54527
        m2 = 0.0260401
        m4 = 0.00976498
        m5 = 0.362179
        m6 = 0.28135
        Tb = 23248.7
        Td = 1505.27
        Te = 752.636
        Tf = 376.318
DiffEv reached_goal. cost=2.34463e-03 spread=2.95698e-06
Fitted parameter values
Free:
       pc1 = -2.61046
       pc2 = -0.390685
       pc3 = -1.9422
       pc4 = 0.981406
       pc5 = 0.206922
       pc6 = 0.739656
       pc7 = 1.67363
       pc8 = -1.86401
       pc9 = 0.154758
      pc10 = -0.0413094
      pc11 = 0.78933
      pc12 = 0.086849
      pc13 = -0.674994
      pc14 = -0.499862
      pc15 = -0.0671952
Constrained:
     Tecnw = 43491.1
       Tnw = 38.1565
       Tec = 20.2189
     twoNb = 4.49102e+06
     twoNe = 171835
     twoNc = 221035
     twoNw = 1.08009e+06
    twoNec = 80279.2
    twoNnw = 153493
  twoNecnw = 22943.6
  twoNbecnw = 54751.4
        m2 = 0.0289881
        m4 = 0.0116149
        m5 = 0.345423
        m6 = 0.269508
        Tb = 21755.7
        Td = 10.1094
        Te = 5.05472
        Tf = 2.52736
#       SitePat  BranchLen
              b 122138.5770371
              e 45509.7993910
              c 47330.7465798
              n 44864.9378032
              w 44863.9801257
            b:e 1381.5037592
            b:c 1621.5889839
            b:n 1130.7128962
            b:w 1130.6792871
            e:c 12127.0358843
            e:n 4545.4948447
            e:w 4545.9394415
            c:n 4068.6908895
            c:w 4069.0376226
            n:w 12268.5739250
          b:e:c 1357.3202100
          b:e:n 594.8156301
          b:e:w 594.8185470
          b:c:n 595.1016384
          b:c:w 595.0987004
          b:n:w 1352.8435451
          e:c:n 4254.3441145
          e:c:w 4254.5104622
          e:n:w 6135.5328107
          c:n:w 5253.3827244
        b:e:c:n 1131.7373063
        b:e:c:w 1131.7709365
        b:e:n:w 1594.1979246
        b:c:n:w 1368.4552098
        e:c:n:w 48560.4003491
