########################################
# legofit: estimate population history #
#       version 2.3.4-4-g53f8760       #
########################################

# Program was compiled: Sep 21 2021 14:36:42
# Program was run: Mon Oct 11 10:17:49 2021

# cmd: legofit -1 -d 0 -t 32 --ptsPerDim 3 --stateOut b1boot14.state --tol 3e-6 -S 5000 bdef2.lgo ../../chrX/boot_chrX/boot14.opf
# Stage nOptItr nSimReps
#     0    5000        0
# algorithm          : deterministic
# ignoring probs <=  : 0
# Branch length floor: 0
# DE strategy        : 2
#    F               : 0.3
#    CR              : 0.8
#    tolerance       : 3e-06
# nthreads           : 32
# lgo input file     : bdef2.lgo
# site pat input file: ../../chrX/boot_chrX/boot14.opf
# free parameters    : 15
# points in DE swarm : 45
# output state file  : b1boot14.state
# Including singleton site patterns.
# cost function      : KL
Initial parameter values
Fixed:
      zero = 0
       one = 1
    Tbecnw = 75200
Free:
       pc1 = 0
       pc2 = 0
       pc3 = 0
       pc4 = 0
       pc5 = 0
       pc6 = 0
       pc7 = 0
       pc8 = 0
       pc9 = 0
      pc10 = 0
      pc11 = 0
      pc12 = 0
      pc13 = 0
      pc14 = 0
      pc15 = 0
Constrained:
     Tecnw = 43486.8
       Tnw = 1000.64
       Tec = 3010.54
     twoNb = 1.63487e+06
     twoNe = 196936
     twoNc = 199233
     twoNw = 750588
    twoNec = 70979.7
    twoNnw = 143701
  twoNecnw = 23435.1
  twoNbecnw = 54527
        m2 = 0.0260401
        m4 = 0.00976498
        m5 = 0.362179
        m6 = 0.28135
        Tb = 23248.7
        Td = 1505.27
        Te = 752.636
        Tf = 376.318
DiffEv reached_goal. cost=2.34621e-03 spread=2.98499e-06
Fitted parameter values
Free:
       pc1 = -2.6092
       pc2 = 1.38636
       pc3 = -1.97271
       pc4 = 1.33375
       pc5 = -1.5899
       pc6 = 0.68674
       pc7 = 1.66071
       pc8 = -1.93949
       pc9 = -0.682088
      pc10 = -0.264978
      pc11 = 0.866407
      pc12 = -0.781593
      pc13 = 0.428733
      pc14 = -0.136274
      pc15 = -0.120469
Constrained:
     Tecnw = 42859.8
       Tnw = 7.95523
       Tec = 28.6668
     twoNb = 5.35153e+06
     twoNe = 255116
     twoNc = 426505
     twoNw = 1.08504e+06
    twoNec = 79796.5
    twoNnw = 150892
  twoNecnw = 23458.2
  twoNbecnw = 53541.4
        m2 = 0.0273158
        m4 = 0.0116748
        m5 = 0.343317
        m6 = 0.284507
        Tb = 21444.2
        Td = 14.3334
        Te = 7.1667
        Tf = 3.58335
#       SitePat  BranchLen
              b 121123.0604214
              e 45259.9149772
              c 46743.4987672
              n 44339.4228056
              w 44339.3550203
            b:e 1356.6952046
            b:c 1561.1817258
            b:n 1105.6037044
            b:w 1105.6013428
            e:c 11926.1231045
            e:n 4538.9154477
            e:w 4538.9175641
            c:n 4161.7855936
            c:w 4161.8390868
            n:w 12175.4878465
          b:e:c 1315.9331175
          b:e:n 586.1527982
          b:e:w 586.1512800
          b:c:n 586.3718045
          b:c:w 586.3733218
          b:n:w 1312.4833424
          e:c:n 4251.4521609
          e:c:w 4251.4643368
          e:n:w 6055.2641763
          c:n:w 5314.1495598
        b:e:c:n 1106.4286573
        b:e:c:w 1106.4310200
        b:e:n:w 1539.5143590
        b:c:n:w 1346.3259478
        e:c:n:w 47904.9498434
