########################################
# legofit: estimate population history #
#       version 2.3.4-4-g53f8760       #
########################################

# Program was compiled: Sep 21 2021 14:36:42
# Program was run: Mon Oct 11 10:18:25 2021

# cmd: legofit -1 -d 0 -t 32 --ptsPerDim 3 --stateOut b1boot44.state --tol 3e-6 -S 5000 bdef2.lgo ../../chrX/boot_chrX/boot44.opf
# Stage nOptItr nSimReps
#     0    5000        0
# algorithm          : deterministic
# ignoring probs <=  : 0
# Branch length floor: 0
# DE strategy        : 2
#    F               : 0.3
#    CR              : 0.8
#    tolerance       : 3e-06
# nthreads           : 32
# lgo input file     : bdef2.lgo
# site pat input file: ../../chrX/boot_chrX/boot44.opf
# free parameters    : 15
# points in DE swarm : 45
# output state file  : b1boot44.state
# Including singleton site patterns.
# cost function      : KL
Initial parameter values
Fixed:
      zero = 0
       one = 1
    Tbecnw = 75200
Free:
       pc1 = 0
       pc2 = 0
       pc3 = 0
       pc4 = 0
       pc5 = 0
       pc6 = 0
       pc7 = 0
       pc8 = 0
       pc9 = 0
      pc10 = 0
      pc11 = 0
      pc12 = 0
      pc13 = 0
      pc14 = 0
      pc15 = 0
Constrained:
     Tecnw = 43486.8
       Tnw = 1000.64
       Tec = 3010.54
     twoNb = 1.63487e+06
     twoNe = 196936
     twoNc = 199233
     twoNw = 750588
    twoNec = 70979.7
    twoNnw = 143701
  twoNecnw = 23435.1
  twoNbecnw = 54527
        m2 = 0.0260401
        m4 = 0.00976498
        m5 = 0.362179
        m6 = 0.28135
        Tb = 23248.7
        Td = 1505.27
        Te = 752.636
        Tf = 376.318
DiffEv reached_goal. cost=2.50183e-03 spread=2.61671e-06
Fitted parameter values
Free:
       pc1 = -2.15699
       pc2 = -0.032425
       pc3 = -1.99724
       pc4 = 1.58605
       pc5 = -0.615045
       pc6 = 0.259153
       pc7 = 1.28598
       pc8 = -1.82224
       pc9 = 1.62277
      pc10 = -0.957956
      pc11 = 0.457476
      pc12 = 0.014113
      pc13 = -0.36743
      pc14 = 0.234492
      pc15 = -0.0233377
Constrained:
     Tecnw = 43122.3
       Tnw = 62.4019
       Tec = 35.0203
     twoNb = 4.79977e+06
     twoNe = 397134
     twoNc = 147300
     twoNw = 1.18697e+06
    twoNec = 79207.3
    twoNnw = 150779
  twoNecnw = 23384.1
  twoNbecnw = 54781
        m2 = 0.0299715
        m4 = 0.0110598
        m5 = 0.358729
        m6 = 0.27595
        Tb = 21578.6
        Td = 17.5102
        Te = 8.75508
        Tf = 4.37754
#       SitePat  BranchLen
              b 122104.1495666
              e 45305.3397817
              c 47252.7997203
              n 44514.8299076
              w 44513.3773732
            b:e 1396.6164906
            b:c 1642.1031513
            b:n 1135.9289739
            b:w 1135.8772897
            e:c 11991.1363072
            e:n 4657.8471180
            e:w 4658.5231365
            c:n 4142.1744571
            c:w 4142.6937259
            n:w 12269.9391880
          b:e:c 1356.9357925
          b:e:n 604.0596659
          b:e:w 604.0643913
          b:c:n 604.3243691
          b:c:w 604.3196132
          b:n:w 1352.6971293
          e:c:n 4283.9915787
          e:c:w 4284.2488257
          e:n:w 6259.2357626
          c:n:w 5329.7368073
        b:e:c:n 1136.8805498
        b:e:c:w 1136.9322645
        b:e:n:w 1616.6316554
        b:c:n:w 1384.1661576
        e:c:n:w 48523.2437405
