########################################
# legofit: estimate population history #
#       version 2.3.4-4-g53f8760       #
########################################

# Program was compiled: Sep 21 2021 14:36:42
# Program was run: Mon Oct 11 10:17:44 2021

# cmd: legofit -1 -d 0 -t 32 --ptsPerDim 3 --stateOut b1boot9.state --tol 3e-6 -S 5000 bdef2.lgo ../../chrX/boot_chrX/boot9.opf
# Stage nOptItr nSimReps
#     0    5000        0
# algorithm          : deterministic
# ignoring probs <=  : 0
# Branch length floor: 0
# DE strategy        : 2
#    F               : 0.3
#    CR              : 0.8
#    tolerance       : 3e-06
# nthreads           : 32
# lgo input file     : bdef2.lgo
# site pat input file: ../../chrX/boot_chrX/boot9.opf
# free parameters    : 15
# points in DE swarm : 45
# output state file  : b1boot9.state
# Including singleton site patterns.
# cost function      : KL
Initial parameter values
Fixed:
      zero = 0
       one = 1
    Tbecnw = 75200
Free:
       pc1 = 0
       pc2 = 0
       pc3 = 0
       pc4 = 0
       pc5 = 0
       pc6 = 0
       pc7 = 0
       pc8 = 0
       pc9 = 0
      pc10 = 0
      pc11 = 0
      pc12 = 0
      pc13 = 0
      pc14 = 0
      pc15 = 0
Constrained:
     Tecnw = 43486.8
       Tnw = 1000.64
       Tec = 3010.54
     twoNb = 1.63487e+06
     twoNe = 196936
     twoNc = 199233
     twoNw = 750588
    twoNec = 70979.7
    twoNnw = 143701
  twoNecnw = 23435.1
  twoNbecnw = 54527
        m2 = 0.0260401
        m4 = 0.00976498
        m5 = 0.362179
        m6 = 0.28135
        Tb = 23248.7
        Td = 1505.27
        Te = 752.636
        Tf = 376.318
DiffEv reached_goal. cost=2.54228e-03 spread=2.38795e-06
Fitted parameter values
Free:
       pc1 = -2.41746
       pc2 = 0.0223961
       pc3 = -1.73869
       pc4 = 1.52358
       pc5 = -1.64538
       pc6 = 0.885577
       pc7 = 1.78167
       pc8 = -1.93269
       pc9 = 0.845786
      pc10 = -0.677866
      pc11 = 1.31132
      pc12 = -0.289358
      pc13 = -0.3717
      pc14 = -0.384732
      pc15 = -0.128647
Constrained:
     Tecnw = 43402.6
       Tnw = 19.3455
       Tec = 60.3318
     twoNb = 5.39541e+06
     twoNe = 416880
     twoNc = 260412
     twoNw = 1.20362e+06
    twoNec = 78534.5
    twoNnw = 153117
  twoNecnw = 23185.6
  twoNbecnw = 54281.9
        m2 = 0.025899
        m4 = 0.011615
        m5 = 0.349225
        m6 = 0.277426
        Tb = 21731.4
        Td = 30.1659
        Te = 15.083
        Tf = 7.54148
#       SitePat  BranchLen
              b 121737.6729651
              e 45337.9499528
              c 47068.9446008
              n 44774.9383585
              w 44774.7443598
            b:e 1355.4428369
            b:c 1581.6409665
            b:n 1133.0608741
            b:w 1133.0540322
            e:c 12144.6927911
            e:n 4571.6308717
            e:w 4571.6677892
            c:n 4118.9873297
            c:w 4119.1099290
            n:w 12229.0336819
          b:e:c 1348.7326553
          b:e:n 595.6469905
          b:e:w 595.6444230
          b:c:n 595.8732200
          b:c:w 595.8757847
          b:n:w 1345.4050685
          e:c:n 4282.8459719
          e:c:w 4282.8804538
          e:n:w 6065.4874657
          c:n:w 5227.7040416
        b:e:c:n 1133.8576271
        b:e:c:w 1133.8644719
        b:e:n:w 1560.5383423
        b:c:n:w 1345.8727998
        e:c:n:w 48211.3004147
