########################################
# legofit: estimate population history #
#       version 2.3.4-4-g53f8760       #
########################################

# Program was compiled: Sep 21 2021 14:36:42
# Program was run: Mon Oct 11 10:17:37 2021

# cmd: legofit -1 -d 0 -t 32 --ptsPerDim 3 --stateOut b1boot0.state --tol 3e-6 -S 5000 bdef2.lgo ../../chrX/boot_chrX/boot0.opf
# Stage nOptItr nSimReps
#     0    5000        0
# algorithm          : deterministic
# ignoring probs <=  : 0
# Branch length floor: 0
# DE strategy        : 2
#    F               : 0.3
#    CR              : 0.8
#    tolerance       : 3e-06
# nthreads           : 32
# lgo input file     : bdef2.lgo
# site pat input file: ../../chrX/boot_chrX/boot0.opf
# free parameters    : 15
# points in DE swarm : 45
# output state file  : b1boot0.state
# Including singleton site patterns.
# cost function      : KL
Initial parameter values
Fixed:
      zero = 0
       one = 1
    Tbecnw = 75200
Free:
       pc1 = 0
       pc2 = 0
       pc3 = 0
       pc4 = 0
       pc5 = 0
       pc6 = 0
       pc7 = 0
       pc8 = 0
       pc9 = 0
      pc10 = 0
      pc11 = 0
      pc12 = 0
      pc13 = 0
      pc14 = 0
      pc15 = 0
Constrained:
     Tecnw = 43486.8
       Tnw = 1000.64
       Tec = 3010.54
     twoNb = 1.63487e+06
     twoNe = 196936
     twoNc = 199233
     twoNw = 750588
    twoNec = 70979.7
    twoNnw = 143701
  twoNecnw = 23435.1
  twoNbecnw = 54527
        m2 = 0.0260401
        m4 = 0.00976498
        m5 = 0.362179
        m6 = 0.28135
        Tb = 23248.7
        Td = 1505.27
        Te = 752.636
        Tf = 376.318
DiffEv reached_goal. cost=2.49612e-03 spread=2.44835e-06
Fitted parameter values
Free:
       pc1 = -1.4962
       pc2 = -0.757371
       pc3 = -1.96323
       pc4 = 1.751
       pc5 = -0.0293269
       pc6 = 1.0445
       pc7 = 1.99548
       pc8 = -1.99431
       pc9 = 0.407314
      pc10 = -0.650768
      pc11 = 0.49115
      pc12 = -0.573724
      pc13 = -0.618974
      pc14 = 0.0729912
      pc15 = 0.0323131
Constrained:
     Tecnw = 44039.8
       Tnw = 10.9282
       Tec = 34.6758
     twoNb = 4.72086e+06
     twoNe = 238078
     twoNc = 254714
     twoNw = 1.20064e+06
    twoNec = 79341.2
    twoNnw = 150159
  twoNecnw = 23029.8
  twoNbecnw = 55035.9
        m2 = 0.0297725
        m4 = 0.0120451
        m5 = 0.357367
        m6 = 0.281143
        Tb = 22037.2
        Td = 17.3379
        Te = 8.66896
        Tf = 4.33448
#       SitePat  BranchLen
              b 122210.6895179
              e 45810.5245494
              c 47694.5069869
              n 44885.1661171
              w 44885.0570691
            b:e 1424.3900974
            b:c 1672.7135633
            b:n 1154.3686568
            b:w 1154.3647386
            e:c 12132.3401298
            e:n 4666.0078171
            e:w 4666.0273521
            c:n 4172.7228958
            c:w 4172.7929594
            n:w 12466.9228334
          b:e:c 1391.6488652
          b:e:n 613.1909382
          b:e:w 613.1893961
          b:c:n 613.4711252
          b:c:w 613.4726652
          b:n:w 1387.3167062
          e:c:n 4258.6308315
          e:c:w 4258.6502809
          e:n:w 6272.2157339
          c:n:w 5360.2276549
        b:e:c:n 1155.4041470
        b:e:c:w 1155.4080672
        b:e:n:w 1646.3447152
        b:c:n:w 1411.9827485
        e:c:n:w 48153.9830272
