########################################
# legofit: estimate population history #
#       version 2.3.4-4-g53f8760       #
########################################

# Program was compiled: Sep 21 2021 14:36:42
# Program was run: Mon Oct 11 10:18:25 2021

# cmd: legofit -1 -d 0 -t 32 --ptsPerDim 3 --stateOut b1boot43.state --tol 3e-6 -S 5000 bdef2.lgo ../../chrX/boot_chrX/boot43.opf
# Stage nOptItr nSimReps
#     0    5000        0
# algorithm          : deterministic
# ignoring probs <=  : 0
# Branch length floor: 0
# DE strategy        : 2
#    F               : 0.3
#    CR              : 0.8
#    tolerance       : 3e-06
# nthreads           : 32
# lgo input file     : bdef2.lgo
# site pat input file: ../../chrX/boot_chrX/boot43.opf
# free parameters    : 15
# points in DE swarm : 45
# output state file  : b1boot43.state
# Including singleton site patterns.
# cost function      : KL
Initial parameter values
Fixed:
      zero = 0
       one = 1
    Tbecnw = 75200
Free:
       pc1 = 0
       pc2 = 0
       pc3 = 0
       pc4 = 0
       pc5 = 0
       pc6 = 0
       pc7 = 0
       pc8 = 0
       pc9 = 0
      pc10 = 0
      pc11 = 0
      pc12 = 0
      pc13 = 0
      pc14 = 0
      pc15 = 0
Constrained:
     Tecnw = 43486.8
       Tnw = 1000.64
       Tec = 3010.54
     twoNb = 1.63487e+06
     twoNe = 196936
     twoNc = 199233
     twoNw = 750588
    twoNec = 70979.7
    twoNnw = 143701
  twoNecnw = 23435.1
  twoNbecnw = 54527
        m2 = 0.0260401
        m4 = 0.00976498
        m5 = 0.362179
        m6 = 0.28135
        Tb = 23248.7
        Td = 1505.27
        Te = 752.636
        Tf = 376.318
DiffEv reached_goal. cost=2.59029e-03 spread=2.93006e-06
Fitted parameter values
Free:
       pc1 = -1.5702
       pc2 = -0.961503
       pc3 = -1.8941
       pc4 = 1.5529
       pc5 = -1.98025
       pc6 = 0.964238
       pc7 = -0.339825
       pc8 = -1.77374
       pc9 = -0.0471438
      pc10 = -0.375934
      pc11 = -0.00837085
      pc12 = -0.375323
      pc13 = -0.703966
      pc14 = 0.338878
      pc15 = 0.0759269
Constrained:
     Tecnw = 43981.6
       Tnw = 20.2879
       Tec = 53.5452
     twoNb = 4.90279e+06
     twoNe = 492844
     twoNc = 308043
     twoNw = 723798
    twoNec = 79568
    twoNnw = 145895
  twoNecnw = 23095.6
  twoNbecnw = 54238.8
        m2 = 0.029055
        m4 = 0.0110438
        m5 = 0.361849
        m6 = 0.275803
        Tb = 22017.6
        Td = 26.7726
        Te = 13.3863
        Tf = 6.69315
#       SitePat  BranchLen
              b 121561.2890016
              e 45554.0392567
              c 47627.3466711
              n 44541.0683416
              w 44540.6464911
            b:e 1394.8737306
            b:c 1647.4474793
            b:n 1129.3152244
            b:w 1129.3002901
            e:c 12091.2793332
            e:n 4685.3514338
            e:w 4685.4751546
            c:n 4130.7162287
            c:w 4130.9395201
            n:w 12562.8917269
          b:e:c 1373.4633782
          b:e:n 600.9417916
          b:e:w 600.9387935
          b:c:n 601.1917772
          b:c:w 601.1947675
          b:n:w 1369.4616078
          e:c:n 4207.5237436
          e:c:w 4207.5985818
          e:n:w 6297.1963826
          c:n:w 5319.8947948
        b:e:c:n 1130.2457400
        b:e:c:w 1130.2606820
        b:e:n:w 1623.3039048
        b:c:n:w 1383.3892094
        e:c:n:w 47694.1254709
