########################################
# legofit: estimate population history #
#       version 2.3.4-4-g53f8760       #
########################################

# Program was compiled: Sep 21 2021 14:36:42
# Program was run: Mon Oct 11 10:18:25 2021

# cmd: legofit -1 -d 0 -t 32 --ptsPerDim 3 --stateOut b1boot41.state --tol 3e-6 -S 5000 bdef2.lgo ../../chrX/boot_chrX/boot41.opf
# Stage nOptItr nSimReps
#     0    5000        0
# algorithm          : deterministic
# ignoring probs <=  : 0
# Branch length floor: 0
# DE strategy        : 2
#    F               : 0.3
#    CR              : 0.8
#    tolerance       : 3e-06
# nthreads           : 32
# lgo input file     : bdef2.lgo
# site pat input file: ../../chrX/boot_chrX/boot41.opf
# free parameters    : 15
# points in DE swarm : 45
# output state file  : b1boot41.state
# Including singleton site patterns.
# cost function      : KL
Initial parameter values
Fixed:
      zero = 0
       one = 1
    Tbecnw = 75200
Free:
       pc1 = 0
       pc2 = 0
       pc3 = 0
       pc4 = 0
       pc5 = 0
       pc6 = 0
       pc7 = 0
       pc8 = 0
       pc9 = 0
      pc10 = 0
      pc11 = 0
      pc12 = 0
      pc13 = 0
      pc14 = 0
      pc15 = 0
Constrained:
     Tecnw = 43486.8
       Tnw = 1000.64
       Tec = 3010.54
     twoNb = 1.63487e+06
     twoNe = 196936
     twoNc = 199233
     twoNw = 750588
    twoNec = 70979.7
    twoNnw = 143701
  twoNecnw = 23435.1
  twoNbecnw = 54527
        m2 = 0.0260401
        m4 = 0.00976498
        m5 = 0.362179
        m6 = 0.28135
        Tb = 23248.7
        Td = 1505.27
        Te = 752.636
        Tf = 376.318
DiffEv reached_goal. cost=2.47230e-03 spread=2.59184e-06
Fitted parameter values
Free:
       pc1 = -1.62385
       pc2 = -1.64534
       pc3 = -1.98505
       pc4 = 1.12672
       pc5 = 0.865742
       pc6 = 1.51517
       pc7 = 1.89335
       pc8 = -1.693
       pc9 = 0.958148
      pc10 = -0.706523
      pc11 = 0.542314
      pc12 = 0.351095
      pc13 = -0.389316
      pc14 = 0.0576043
      pc15 = 0.229119
Constrained:
     Tecnw = 43923.9
       Tnw = 41.0732
       Tec = 17.6305
     twoNb = 4.35809e+06
     twoNe = 191901
     twoNc = 111224
     twoNw = 1.12674e+06
    twoNec = 82242.9
    twoNnw = 149441
  twoNecnw = 22745.6
  twoNbecnw = 55958.5
        m2 = 0.0286811
        m4 = 0.0126021
        m5 = 0.355744
        m6 = 0.277472
        Tb = 21970.8
        Td = 8.81526
        Te = 4.40763
        Tf = 2.20382
#       SitePat  BranchLen
              b 123154.4049117
              e 45826.5025335
              c 47770.6795172
              n 44725.7314435
              w 44724.6924401
            b:e 1424.1440052
            b:c 1685.5318916
            b:n 1145.0474734
            b:w 1145.0103077
            e:c 11918.8902759
            e:n 4655.7102883
            e:w 4656.1965344
            c:n 4150.6037216
            c:w 4150.9742326
            n:w 12413.4663415
          b:e:c 1378.4237407
          b:e:n 612.2403562
          b:e:w 612.2438678
          b:c:n 612.5600221
          b:c:w 612.5564865
          b:n:w 1373.8971193
          e:c:n 4238.0757066
          e:c:w 4238.2579529
          e:n:w 6319.0062326
          c:n:w 5368.5803560
        b:e:c:n 1146.1151226
        b:e:c:w 1146.1523124
        b:e:n:w 1656.3671549
        b:c:n:w 1410.9247454
        e:c:n:w 49287.2934334
