########################################
# legofit: estimate population history #
#       version 2.3.4-4-g53f8760       #
########################################

# Program was compiled: Sep 21 2021 14:36:42
# Program was run: Mon Oct 11 10:18:31 2021

# cmd: legofit -1 -d 0 -t 32 --ptsPerDim 3 --stateOut b1boot47.state --tol 3e-6 -S 5000 bdef2.lgo ../../chrX/boot_chrX/boot47.opf
# Stage nOptItr nSimReps
#     0    5000        0
# algorithm          : deterministic
# ignoring probs <=  : 0
# Branch length floor: 0
# DE strategy        : 2
#    F               : 0.3
#    CR              : 0.8
#    tolerance       : 3e-06
# nthreads           : 32
# lgo input file     : bdef2.lgo
# site pat input file: ../../chrX/boot_chrX/boot47.opf
# free parameters    : 15
# points in DE swarm : 45
# output state file  : b1boot47.state
# Including singleton site patterns.
# cost function      : KL
Initial parameter values
Fixed:
      zero = 0
       one = 1
    Tbecnw = 75200
Free:
       pc1 = 0
       pc2 = 0
       pc3 = 0
       pc4 = 0
       pc5 = 0
       pc6 = 0
       pc7 = 0
       pc8 = 0
       pc9 = 0
      pc10 = 0
      pc11 = 0
      pc12 = 0
      pc13 = 0
      pc14 = 0
      pc15 = 0
Constrained:
     Tecnw = 43486.8
       Tnw = 1000.64
       Tec = 3010.54
     twoNb = 1.63487e+06
     twoNe = 196936
     twoNc = 199233
     twoNw = 750588
    twoNec = 70979.7
    twoNnw = 143701
  twoNecnw = 23435.1
  twoNbecnw = 54527
        m2 = 0.0260401
        m4 = 0.00976498
        m5 = 0.362179
        m6 = 0.28135
        Tb = 23248.7
        Td = 1505.27
        Te = 752.636
        Tf = 376.318
DiffEv reached_goal. cost=2.53354e-03 spread=2.90743e-06
Fitted parameter values
Free:
       pc1 = -2.38832
       pc2 = 1.06896
       pc3 = -1.9849
       pc4 = -0.00979901
       pc5 = -1.82731
       pc6 = -0.265701
       pc7 = 1.90717
       pc8 = -1.84384
       pc9 = -1.76951
      pc10 = -0.175979
      pc11 = -0.038779
      pc12 = -0.163385
      pc13 = -0.59687
      pc14 = 0.00988506
      pc15 = -0.0311071
Constrained:
     Tecnw = 42975.9
       Tnw = 1.95151
       Tec = 7.40774
     twoNb = 4.66093e+06
     twoNe = 97523.4
     twoNc = 374493
     twoNw = 886569
    twoNec = 78965.8
    twoNnw = 152610
  twoNecnw = 23286.9
  twoNbecnw = 52589.5
        m2 = 0.0272243
        m4 = 0.0139472
        m5 = 0.35745
        m6 = 0.275396
        Tb = 21491.6
        Td = 3.70387
        Te = 1.85193
        Tf = 0.925967
#       SitePat  BranchLen
              b 120313.6120524
              e 45014.1815982
              c 46993.0652048
              n 44393.8279078
              w 44393.8105023
            b:e 1308.5378084
            b:c 1568.3539753
            b:n 1082.5169628
            b:w 1082.5163683
            e:c 11841.4238406
            e:n 4586.9862767
            e:w 4586.9854435
            c:n 4071.4880614
            c:w 4071.5031683
            n:w 12046.7532256
          b:e:c 1283.7716890
          b:e:n 574.4519243
          b:e:w 574.4514626
          b:c:n 574.7567601
          b:c:w 574.7572215
          b:n:w 1279.8218646
          e:c:n 4201.3615979
          e:c:w 4201.3647297
          e:n:w 6112.1088083
          c:n:w 5147.8185584
        b:e:c:n 1083.4860880
        b:e:c:w 1083.4866828
        b:e:n:w 1541.2595419
        b:c:n:w 1297.2199141
        e:c:n:w 47229.1428244
