########################################
# legofit: estimate population history #
#       version 2.3.4-4-g53f8760       #
########################################

# Program was compiled: Sep 21 2021 14:36:42
# Program was run: Mon Oct 11 10:18:31 2021

# cmd: legofit -1 -d 0 -t 32 --ptsPerDim 3 --stateOut b1boot48.state --tol 3e-6 -S 5000 bdef2.lgo ../../chrX/boot_chrX/boot48.opf
# Stage nOptItr nSimReps
#     0    5000        0
# algorithm          : deterministic
# ignoring probs <=  : 0
# Branch length floor: 0
# DE strategy        : 2
#    F               : 0.3
#    CR              : 0.8
#    tolerance       : 3e-06
# nthreads           : 32
# lgo input file     : bdef2.lgo
# site pat input file: ../../chrX/boot_chrX/boot48.opf
# free parameters    : 15
# points in DE swarm : 45
# output state file  : b1boot48.state
# Including singleton site patterns.
# cost function      : KL
Initial parameter values
Fixed:
      zero = 0
       one = 1
    Tbecnw = 75200
Free:
       pc1 = 0
       pc2 = 0
       pc3 = 0
       pc4 = 0
       pc5 = 0
       pc6 = 0
       pc7 = 0
       pc8 = 0
       pc9 = 0
      pc10 = 0
      pc11 = 0
      pc12 = 0
      pc13 = 0
      pc14 = 0
      pc15 = 0
Constrained:
     Tecnw = 43486.8
       Tnw = 1000.64
       Tec = 3010.54
     twoNb = 1.63487e+06
     twoNe = 196936
     twoNc = 199233
     twoNw = 750588
    twoNec = 70979.7
    twoNnw = 143701
  twoNecnw = 23435.1
  twoNbecnw = 54527
        m2 = 0.0260401
        m4 = 0.00976498
        m5 = 0.362179
        m6 = 0.28135
        Tb = 23248.7
        Td = 1505.27
        Te = 752.636
        Tf = 376.318
DiffEv reached_goal. cost=2.45309e-03 spread=2.70367e-06
Fitted parameter values
Free:
       pc1 = -2.45978
       pc2 = -0.451945
       pc3 = -1.99863
       pc4 = 1.94638
       pc5 = 0.285956
       pc6 = -0.731551
       pc7 = 0.768125
       pc8 = -1.89761
       pc9 = 1.37427
      pc10 = -1.34647
      pc11 = 0.738812
      pc12 = -0.504586
      pc13 = -0.339616
      pc14 = -0.445928
      pc15 = 0.0716138
Constrained:
     Tecnw = 43360.6
       Tnw = 76.3647
       Tec = 8.85243
     twoNb = 4.37294e+06
     twoNe = 353206
     twoNc = 118023
     twoNw = 1.13658e+06
    twoNec = 81617.2
    twoNnw = 157003
  twoNecnw = 23431
  twoNbecnw = 54872.8
        m2 = 0.0324365
        m4 = 0.007761
        m5 = 0.357275
        m6 = 0.279403
        Tb = 21684.7
        Td = 4.42622
        Te = 2.21311
        Tf = 1.10655
#       SitePat  BranchLen
              b 122049.4336314
              e 45874.3280936
              c 47592.9150240
              n 45073.2771995
              w 45071.2080689
            b:e 1440.6361492
            b:c 1645.3729229
            b:n 1162.2282929
            b:w 1162.1537424
            e:c 11902.3142996
            e:n 4665.0465857
            e:w 4666.0386831
            c:n 4195.8789934
            c:w 4196.5911760
            n:w 12128.1319536
          b:e:c 1369.8726440
          b:e:n 620.8594248
          b:e:w 620.8679774
          b:c:n 621.0889375
          b:c:w 621.0803368
          b:n:w 1365.0355854
          e:c:n 4322.4986502
          e:c:w 4322.8635008
          e:n:w 6180.0979476
          c:n:w 5388.9698252
        b:e:c:n 1163.2792773
        b:e:c:w 1163.3538760
        b:e:n:w 1619.6867905
        b:c:n:w 1425.6644361
        e:c:n:w 48118.8701248
