########################################
# legofit: estimate population history #
#       version 2.3.4-4-g53f8760       #
########################################

# Program was compiled: Sep 21 2021 14:36:42
# Program was run: Mon Oct 11 10:17:38 2021

# cmd: legofit -1 -d 0 -t 32 --ptsPerDim 3 --stateOut b1boot5.state --tol 3e-6 -S 5000 bdef2.lgo ../../chrX/boot_chrX/boot5.opf
# Stage nOptItr nSimReps
#     0    5000        0
# algorithm          : deterministic
# ignoring probs <=  : 0
# Branch length floor: 0
# DE strategy        : 2
#    F               : 0.3
#    CR              : 0.8
#    tolerance       : 3e-06
# nthreads           : 32
# lgo input file     : bdef2.lgo
# site pat input file: ../../chrX/boot_chrX/boot5.opf
# free parameters    : 15
# points in DE swarm : 45
# output state file  : b1boot5.state
# Including singleton site patterns.
# cost function      : KL
Initial parameter values
Fixed:
      zero = 0
       one = 1
    Tbecnw = 75200
Free:
       pc1 = 0
       pc2 = 0
       pc3 = 0
       pc4 = 0
       pc5 = 0
       pc6 = 0
       pc7 = 0
       pc8 = 0
       pc9 = 0
      pc10 = 0
      pc11 = 0
      pc12 = 0
      pc13 = 0
      pc14 = 0
      pc15 = 0
Constrained:
     Tecnw = 43486.8
       Tnw = 1000.64
       Tec = 3010.54
     twoNb = 1.63487e+06
     twoNe = 196936
     twoNc = 199233
     twoNw = 750588
    twoNec = 70979.7
    twoNnw = 143701
  twoNecnw = 23435.1
  twoNbecnw = 54527
        m2 = 0.0260401
        m4 = 0.00976498
        m5 = 0.362179
        m6 = 0.28135
        Tb = 23248.7
        Td = 1505.27
        Te = 752.636
        Tf = 376.318
DiffEv reached_goal. cost=2.58748e-03 spread=2.99560e-06
Fitted parameter values
Free:
       pc1 = -2.16916
       pc2 = 0.619124
       pc3 = -1.94286
       pc4 = -0.383227
       pc5 = -1.88537
       pc6 = -0.686815
       pc7 = 1.5826
       pc8 = -1.71544
       pc9 = 0.26362
      pc10 = -1.12967
      pc11 = 0.0625104
      pc12 = -0.92971
      pc13 = -0.818061
      pc14 = 0.0386167
      pc15 = -0.151281
Constrained:
     Tecnw = 43342.3
       Tnw = 13.4061
       Tec = 45.0057
     twoNb = 4.61669e+06
     twoNe = 267455
     twoNc = 139350
     twoNw = 989606
    twoNec = 76732.9
    twoNnw = 153415
  twoNecnw = 23810.6
  twoNbecnw = 52815.9
        m2 = 0.0276586
        m4 = 0.0133023
        m5 = 0.36022
        m6 = 0.279359
        Tb = 21693.7
        Td = 22.5029
        Te = 11.2514
        Tf = 5.62571
#       SitePat  BranchLen
              b 120209.4087050
              e 45321.2933307
              c 47271.4946899
              n 44853.2925209
              w 44853.1460784
            b:e 1358.8285055
            b:c 1613.2047198
            b:n 1139.4122007
            b:w 1139.4070116
            e:c 12174.1826805
            e:n 4665.6307665
            e:w 4665.6499108
            c:n 4152.5752604
            c:w 4152.6762465
            n:w 12249.1900775
          b:e:c 1351.7651888
          b:e:n 601.2817960
          b:e:w 601.2793358
          b:c:n 601.5885172
          b:c:w 601.5909747
          b:n:w 1347.6500545
          e:c:n 4296.8861634
          e:c:w 4296.9124755
          e:n:w 6159.2098303
          c:n:w 5219.2153292
        b:e:c:n 1140.4263198
        b:e:c:w 1140.4315116
        b:e:n:w 1586.5912408
        b:c:n:w 1347.4189787
        e:c:n:w 46419.9160046
