########################################
# legofit: estimate population history #
#       version 2.3.4-4-g53f8760       #
########################################

# Program was compiled: Sep 21 2021 14:36:42
# Program was run: Mon Oct 11 10:17:44 2021

# cmd: legofit -1 -d 0 -t 32 --ptsPerDim 3 --stateOut b1boot6.state --tol 3e-6 -S 5000 bdef2.lgo ../../chrX/boot_chrX/boot6.opf
# Stage nOptItr nSimReps
#     0    5000        0
# algorithm          : deterministic
# ignoring probs <=  : 0
# Branch length floor: 0
# DE strategy        : 2
#    F               : 0.3
#    CR              : 0.8
#    tolerance       : 3e-06
# nthreads           : 32
# lgo input file     : bdef2.lgo
# site pat input file: ../../chrX/boot_chrX/boot6.opf
# free parameters    : 15
# points in DE swarm : 45
# output state file  : b1boot6.state
# Including singleton site patterns.
# cost function      : KL
Initial parameter values
Fixed:
      zero = 0
       one = 1
    Tbecnw = 75200
Free:
       pc1 = 0
       pc2 = 0
       pc3 = 0
       pc4 = 0
       pc5 = 0
       pc6 = 0
       pc7 = 0
       pc8 = 0
       pc9 = 0
      pc10 = 0
      pc11 = 0
      pc12 = 0
      pc13 = 0
      pc14 = 0
      pc15 = 0
Constrained:
     Tecnw = 43486.8
       Tnw = 1000.64
       Tec = 3010.54
     twoNb = 1.63487e+06
     twoNe = 196936
     twoNc = 199233
     twoNw = 750588
    twoNec = 70979.7
    twoNnw = 143701
  twoNecnw = 23435.1
  twoNbecnw = 54527
        m2 = 0.0260401
        m4 = 0.00976498
        m5 = 0.362179
        m6 = 0.28135
        Tb = 23248.7
        Td = 1505.27
        Te = 752.636
        Tf = 376.318
DiffEv reached_goal. cost=2.31840e-03 spread=2.90499e-06
Fitted parameter values
Free:
       pc1 = -2.94901
       pc2 = 1.26074
       pc3 = -1.95017
       pc4 = 1.34343
       pc5 = -1.08437
       pc6 = 0.186321
       pc7 = 1.87611
       pc8 = -0.845465
       pc9 = 0.418306
      pc10 = -1.08697
      pc11 = 0.403156
      pc12 = 0.0716861
      pc13 = 0.0890884
      pc14 = 0.0754047
      pc15 = 0.083877
Constrained:
     Tecnw = 42401.6
       Tnw = 68.1589
       Tec = 124.913
     twoNb = 4.68045e+06
     twoNe = 284735
     twoNc = 305180
     twoNw = 1.13376e+06
    twoNec = 81740.4
    twoNnw = 154232
  twoNecnw = 23818.9
  twoNbecnw = 54316.8
        m2 = 0.0271115
        m4 = 0.0124547
        m5 = 0.355754
        m6 = 0.276908
        Tb = 21263.2
        Td = 62.4565
        Te = 31.2283
        Tf = 15.6141
#       SitePat  BranchLen
              b 121736.1822155
              e 45218.6920090
              c 47078.2409413
              n 44411.9380111
              w 44410.7470240
            b:e 1371.5995710
            b:c 1617.2869864
            b:n 1129.8334917
            b:w 1129.7911077
            e:c 11677.4876545
            e:n 4657.4624388
            e:w 4657.9152024
            c:n 4173.1985010
            c:w 4173.7229835
            n:w 12002.1584274
          b:e:c 1319.6686394
          b:e:n 605.5923647
          b:e:w 605.5901913
          b:c:n 605.8768510
          b:c:w 605.8790009
          b:n:w 1315.7766624
          e:c:n 4324.2398180
          e:c:w 4324.4535590
          e:n:w 6213.5812060
          c:n:w 5307.5310627
        b:e:c:n 1130.7725935
        b:e:c:w 1130.8150011
        b:e:n:w 1591.2121641
        b:c:n:w 1359.9088205
        e:c:n:w 48426.7032484
