########################################
# legofit: estimate population history #
#       version 2.3.4-4-g53f8760       #
########################################

# Program was compiled: Sep 21 2021 14:36:42
# Program was run: Mon Oct 11 10:17:38 2021

# cmd: legofit -1 -d 0 -t 32 --ptsPerDim 3 --stateOut b1boot1.state --tol 3e-6 -S 5000 bdef2.lgo ../../chrX/boot_chrX/boot1.opf
# Stage nOptItr nSimReps
#     0    5000        0
# algorithm          : deterministic
# ignoring probs <=  : 0
# Branch length floor: 0
# DE strategy        : 2
#    F               : 0.3
#    CR              : 0.8
#    tolerance       : 3e-06
# nthreads           : 32
# lgo input file     : bdef2.lgo
# site pat input file: ../../chrX/boot_chrX/boot1.opf
# free parameters    : 15
# points in DE swarm : 45
# output state file  : b1boot1.state
# Including singleton site patterns.
# cost function      : KL
Initial parameter values
Fixed:
      zero = 0
       one = 1
    Tbecnw = 75200
Free:
       pc1 = 0
       pc2 = 0
       pc3 = 0
       pc4 = 0
       pc5 = 0
       pc6 = 0
       pc7 = 0
       pc8 = 0
       pc9 = 0
      pc10 = 0
      pc11 = 0
      pc12 = 0
      pc13 = 0
      pc14 = 0
      pc15 = 0
Constrained:
     Tecnw = 43486.8
       Tnw = 1000.64
       Tec = 3010.54
     twoNb = 1.63487e+06
     twoNe = 196936
     twoNc = 199233
     twoNw = 750588
    twoNec = 70979.7
    twoNnw = 143701
  twoNecnw = 23435.1
  twoNbecnw = 54527
        m2 = 0.0260401
        m4 = 0.00976498
        m5 = 0.362179
        m6 = 0.28135
        Tb = 23248.7
        Td = 1505.27
        Te = 752.636
        Tf = 376.318
DiffEv reached_goal. cost=2.64856e-03 spread=2.92554e-06
Fitted parameter values
Free:
       pc1 = -2.69094
       pc2 = -0.0479229
       pc3 = -1.97274
       pc4 = 0.885967
       pc5 = -0.172716
       pc6 = 1.76685
       pc7 = 1.24938
       pc8 = -1.13741
       pc9 = 0.00990457
      pc10 = -0.512282
      pc11 = 0.485353
      pc12 = -0.336299
      pc13 = -0.856656
      pc14 = -0.1894
      pc15 = -0.0115131
Constrained:
     Tecnw = 43694.3
       Tnw = 43.563
       Tec = 18.5117
     twoNb = 4.98151e+06
     twoNe = 195950
     twoNc = 280375
     twoNw = 963304
    twoNec = 81353.5
    twoNnw = 150451
  twoNecnw = 23476.1
  twoNbecnw = 55038
        m2 = 0.0271704
        m4 = 0.0126861
        m5 = 0.345881
        m6 = 0.26856
        Tb = 21856.4
        Td = 9.25586
        Te = 4.62793
        Tf = 2.31396
#       SitePat  BranchLen
              b 122138.7247676
              e 45796.0052933
              c 47712.6832228
              n 44994.8229020
              w 44993.5647401
            b:e 1421.5039853
            b:c 1676.9677717
            b:n 1173.6597062
            b:w 1173.6140252
            e:c 12259.9336003
            e:n 4634.4154870
            e:w 4635.0060148
            c:n 4135.4110095
            c:w 4135.8575692
            n:w 12554.3270628
          b:e:c 1414.0952992
          b:e:n 619.1099742
          b:e:w 619.1144092
          b:c:n 619.3990277
          b:c:w 619.3945674
          b:n:w 1410.2298281
          e:c:n 4315.5806300
          e:c:w 4315.8017046
          e:n:w 6270.6871220
          c:n:w 5337.6623345
        b:e:c:n 1174.5775901
        b:e:c:w 1174.6232965
        b:e:n:w 1652.1049493
        b:c:n:w 1410.5717323
        e:c:n:w 47995.1315742
