########################################
# legofit: estimate population history #
#       version 2.3.4-4-g53f8760       #
########################################

# Program was compiled: Sep 21 2021 14:36:42
# Program was run: Mon Oct 11 10:17:55 2021

# cmd: legofit -1 -d 0 -t 32 --ptsPerDim 3 --stateOut b1boot17.state --tol 3e-6 -S 5000 bdef2.lgo ../../chrX/boot_chrX/boot17.opf
# Stage nOptItr nSimReps
#     0    5000        0
# algorithm          : deterministic
# ignoring probs <=  : 0
# Branch length floor: 0
# DE strategy        : 2
#    F               : 0.3
#    CR              : 0.8
#    tolerance       : 3e-06
# nthreads           : 32
# lgo input file     : bdef2.lgo
# site pat input file: ../../chrX/boot_chrX/boot17.opf
# free parameters    : 15
# points in DE swarm : 45
# output state file  : b1boot17.state
# Including singleton site patterns.
# cost function      : KL
Initial parameter values
Fixed:
      zero = 0
       one = 1
    Tbecnw = 75200
Free:
       pc1 = 0
       pc2 = 0
       pc3 = 0
       pc4 = 0
       pc5 = 0
       pc6 = 0
       pc7 = 0
       pc8 = 0
       pc9 = 0
      pc10 = 0
      pc11 = 0
      pc12 = 0
      pc13 = 0
      pc14 = 0
      pc15 = 0
Constrained:
     Tecnw = 43486.8
       Tnw = 1000.64
       Tec = 3010.54
     twoNb = 1.63487e+06
     twoNe = 196936
     twoNc = 199233
     twoNw = 750588
    twoNec = 70979.7
    twoNnw = 143701
  twoNecnw = 23435.1
  twoNbecnw = 54527
        m2 = 0.0260401
        m4 = 0.00976498
        m5 = 0.362179
        m6 = 0.28135
        Tb = 23248.7
        Td = 1505.27
        Te = 752.636
        Tf = 376.318
DiffEv reached_goal. cost=2.59478e-03 spread=2.71227e-06
Fitted parameter values
Free:
       pc1 = -2.6843
       pc2 = 0.423961
       pc3 = -1.94791
       pc4 = 1.08363
       pc5 = -1.29433
       pc6 = 0.895656
       pc7 = 1.97872
       pc8 = -1.79597
       pc9 = 0.952736
      pc10 = -0.598168
      pc11 = 1.37124
      pc12 = -0.171194
      pc13 = -0.459872
      pc14 = -0.450328
      pc15 = -0.264326
Constrained:
     Tecnw = 43177.4
       Tnw = 41.8414
       Tec = 142.867
     twoNb = 5.47216e+06
     twoNe = 348328
     twoNc = 226370
     twoNw = 1.21792e+06
    twoNec = 77225.9
    twoNnw = 153925
  twoNecnw = 23311.2
  twoNbecnw = 54305.2
        m2 = 0.025959
        m4 = 0.0122745
        m5 = 0.344963
        m6 = 0.274279
        Tb = 21660.1
        Td = 71.4334
        Te = 35.7167
        Tf = 17.8583
#       SitePat  BranchLen
              b 121755.8914281
              e 45190.4842265
              c 46912.6810464
              n 44794.0079969
              w 44793.6585882
            b:e 1350.4911107
            b:c 1581.4732121
            b:n 1137.2035329
            b:w 1137.1911806
            e:c 12265.1483996
            e:n 4541.2542044
            e:w 4541.2919169
            c:n 4095.7461829
            c:w 4095.9954928
            n:w 12222.5463812
          b:e:c 1354.5732087
          b:e:n 593.6727350
          b:e:w 593.6663849
          b:c:n 593.9037191
          b:c:w 593.9100644
          b:n:w 1351.2163453
          e:c:n 4309.7478301
          e:c:w 4309.8102164
          e:n:w 6051.6920933
          c:n:w 5207.8640530
        b:e:c:n 1138.0018007
        b:e:c:w 1138.0141579
        b:e:n:w 1560.0125092
        b:c:n:w 1340.9914103
        e:c:n:w 48282.3520055
