########################################
# legofit: estimate population history #
#       version 2.3.4-4-g53f8760       #
########################################

# Program was compiled: Sep 21 2021 14:36:42
# Program was run: Mon Oct 11 10:17:55 2021

# cmd: legofit -1 -d 0 -t 32 --ptsPerDim 3 --stateOut b1boot19.state --tol 3e-6 -S 5000 bdef2.lgo ../../chrX/boot_chrX/boot19.opf
# Stage nOptItr nSimReps
#     0    5000        0
# algorithm          : deterministic
# ignoring probs <=  : 0
# Branch length floor: 0
# DE strategy        : 2
#    F               : 0.3
#    CR              : 0.8
#    tolerance       : 3e-06
# nthreads           : 32
# lgo input file     : bdef2.lgo
# site pat input file: ../../chrX/boot_chrX/boot19.opf
# free parameters    : 15
# points in DE swarm : 45
# output state file  : b1boot19.state
# Including singleton site patterns.
# cost function      : KL
Initial parameter values
Fixed:
      zero = 0
       one = 1
    Tbecnw = 75200
Free:
       pc1 = 0
       pc2 = 0
       pc3 = 0
       pc4 = 0
       pc5 = 0
       pc6 = 0
       pc7 = 0
       pc8 = 0
       pc9 = 0
      pc10 = 0
      pc11 = 0
      pc12 = 0
      pc13 = 0
      pc14 = 0
      pc15 = 0
Constrained:
     Tecnw = 43486.8
       Tnw = 1000.64
       Tec = 3010.54
     twoNb = 1.63487e+06
     twoNe = 196936
     twoNc = 199233
     twoNw = 750588
    twoNec = 70979.7
    twoNnw = 143701
  twoNecnw = 23435.1
  twoNbecnw = 54527
        m2 = 0.0260401
        m4 = 0.00976498
        m5 = 0.362179
        m6 = 0.28135
        Tb = 23248.7
        Td = 1505.27
        Te = 752.636
        Tf = 376.318
DiffEv reached_goal. cost=2.60083e-03 spread=2.55791e-06
Fitted parameter values
Free:
       pc1 = -3.19294
       pc2 = 0.183721
       pc3 = -1.86272
       pc4 = 0.170052
       pc5 = -1.98344
       pc6 = 1.93414
       pc7 = 1.49232
       pc8 = -1.87572
       pc9 = 1.38253
      pc10 = 0.889041
      pc11 = 0.462881
      pc12 = -0.388256
      pc13 = -0.415388
      pc14 = -0.366741
      pc15 = 0.0393199
Constrained:
     Tecnw = 43369.6
       Tnw = 17.1911
       Tec = 2.97263
     twoNb = 4.97742e+06
     twoNe = 449261
     twoNc = 205373
     twoNw = 1.08032e+06
    twoNec = 81740
    twoNnw = 146547
  twoNecnw = 23252.8
  twoNbecnw = 53953.3
        m2 = 0.0259097
        m4 = 0.0154127
        m5 = 0.329683
        m6 = 0.264661
        Tb = 21686.3
        Td = 1.48631
        Te = 0.743157
        Tf = 0.371579
#       SitePat  BranchLen
              b 121392.8971558
              e 45462.2505922
              c 47232.1000205
              n 44506.0283077
              w 44505.5824392
            b:e 1365.6595563
            b:c 1625.6058353
            b:n 1116.2138531
            b:w 1116.1983039
            e:c 12245.7214978
            e:n 4483.3510030
            e:w 4483.5610107
            c:n 4045.5130896
            c:w 4045.6716436
            n:w 12595.5193144
          b:e:c 1365.6549873
          b:e:n 584.9046465
          b:e:w 584.9061718
          b:c:n 585.2206829
          b:c:w 585.2191487
          b:n:w 1361.8712081
          e:c:n 4215.1530926
          e:c:w 4215.2303994
          e:n:w 6185.5994998
          c:n:w 5274.7015903
        b:e:c:n 1117.1449184
        b:e:c:w 1117.1604765
        b:e:n:w 1598.8761765
        b:c:n:w 1355.0766459
        e:c:n:w 47847.4357382
