########################################
# legofit: estimate population history #
#       version 2.3.4-4-g53f8760       #
########################################

# Program was compiled: Sep 21 2021 14:36:42
# Program was run: Mon Oct 11 10:18:04 2021

# cmd: legofit -1 -d 0 -t 32 --ptsPerDim 3 --stateOut b1boot27.state --tol 3e-6 -S 5000 bdef2.lgo ../../chrX/boot_chrX/boot27.opf
# Stage nOptItr nSimReps
#     0    5000        0
# algorithm          : deterministic
# ignoring probs <=  : 0
# Branch length floor: 0
# DE strategy        : 2
#    F               : 0.3
#    CR              : 0.8
#    tolerance       : 3e-06
# nthreads           : 32
# lgo input file     : bdef2.lgo
# site pat input file: ../../chrX/boot_chrX/boot27.opf
# free parameters    : 15
# points in DE swarm : 45
# output state file  : b1boot27.state
# Including singleton site patterns.
# cost function      : KL
Initial parameter values
Fixed:
      zero = 0
       one = 1
    Tbecnw = 75200
Free:
       pc1 = 0
       pc2 = 0
       pc3 = 0
       pc4 = 0
       pc5 = 0
       pc6 = 0
       pc7 = 0
       pc8 = 0
       pc9 = 0
      pc10 = 0
      pc11 = 0
      pc12 = 0
      pc13 = 0
      pc14 = 0
      pc15 = 0
Constrained:
     Tecnw = 43486.8
       Tnw = 1000.64
       Tec = 3010.54
     twoNb = 1.63487e+06
     twoNe = 196936
     twoNc = 199233
     twoNw = 750588
    twoNec = 70979.7
    twoNnw = 143701
  twoNecnw = 23435.1
  twoNbecnw = 54527
        m2 = 0.0260401
        m4 = 0.00976498
        m5 = 0.362179
        m6 = 0.28135
        Tb = 23248.7
        Td = 1505.27
        Te = 752.636
        Tf = 376.318
DiffEv reached_goal. cost=2.55579e-03 spread=2.80468e-06
Fitted parameter values
Free:
       pc1 = -1.2713
       pc2 = -1.85317
       pc3 = -1.91334
       pc4 = 1.78821
       pc5 = 1.19281
       pc6 = 1.90708
       pc7 = 1.34765
       pc8 = -1.89289
       pc9 = 1.3242
      pc10 = -0.717962
      pc11 = 0.970142
      pc12 = -0.95113
      pc13 = -0.552073
      pc14 = -0.139747
      pc15 = -0.106191
Constrained:
     Tecnw = 44696.1
       Tnw = 34.8325
       Tec = 72.8819
     twoNb = 4.60556e+06
     twoNe = 260270
     twoNc = 135668
     twoNw = 1.17662e+06
    twoNec = 78677
    twoNnw = 148504
  twoNecnw = 22963.3
  twoNbecnw = 56277.9
        m2 = 0.0302929
        m4 = 0.0105056
        m5 = 0.348342
        m6 = 0.282739
        Tb = 22384.5
        Td = 36.4409
        Te = 18.2205
        Tf = 9.11024
#       SitePat  BranchLen
              b 123117.3906305
              e 46272.1749883
              c 47935.9440813
              n 45272.7314758
              w 45272.1802853
            b:e 1492.0364068
            b:c 1715.0712659
            b:n 1204.7336591
            b:w 1204.7132499
            e:c 12527.4598030
            e:n 4655.0388976
            e:w 4655.2288904
            c:n 4220.2043018
            c:w 4220.4681190
            n:w 12811.6855731
          b:e:c 1474.6436662
          b:e:n 633.9769246
          b:e:w 633.9745957
          b:c:n 634.2358592
          b:c:w 634.2381763
          b:n:w 1470.0048717
          e:c:n 4311.2817059
          e:c:w 4311.3790863
          e:n:w 6287.5388669
          c:n:w 5480.2443160
        b:e:c:n 1205.8025434
        b:e:c:w 1205.8229644
        b:e:n:w 1689.3168937
        b:c:n:w 1478.8803446
        e:c:n:w 48439.1658187
