########################################
# legofit: estimate population history #
#       version 2.3.4-4-g53f8760       #
########################################

# Program was compiled: Sep 21 2021 14:36:42
# Program was run: Mon Oct 11 10:18:04 2021

# cmd: legofit -1 -d 0 -t 32 --ptsPerDim 3 --stateOut b1boot23.state --tol 3e-6 -S 5000 bdef2.lgo ../../chrX/boot_chrX/boot23.opf
# Stage nOptItr nSimReps
#     0    5000        0
# algorithm          : deterministic
# ignoring probs <=  : 0
# Branch length floor: 0
# DE strategy        : 2
#    F               : 0.3
#    CR              : 0.8
#    tolerance       : 3e-06
# nthreads           : 32
# lgo input file     : bdef2.lgo
# site pat input file: ../../chrX/boot_chrX/boot23.opf
# free parameters    : 15
# points in DE swarm : 45
# output state file  : b1boot23.state
# Including singleton site patterns.
# cost function      : KL
Initial parameter values
Fixed:
      zero = 0
       one = 1
    Tbecnw = 75200
Free:
       pc1 = 0
       pc2 = 0
       pc3 = 0
       pc4 = 0
       pc5 = 0
       pc6 = 0
       pc7 = 0
       pc8 = 0
       pc9 = 0
      pc10 = 0
      pc11 = 0
      pc12 = 0
      pc13 = 0
      pc14 = 0
      pc15 = 0
Constrained:
     Tecnw = 43486.8
       Tnw = 1000.64
       Tec = 3010.54
     twoNb = 1.63487e+06
     twoNe = 196936
     twoNc = 199233
     twoNw = 750588
    twoNec = 70979.7
    twoNnw = 143701
  twoNecnw = 23435.1
  twoNbecnw = 54527
        m2 = 0.0260401
        m4 = 0.00976498
        m5 = 0.362179
        m6 = 0.28135
        Tb = 23248.7
        Td = 1505.27
        Te = 752.636
        Tf = 376.318
DiffEv reached_goal. cost=2.47889e-03 spread=2.91844e-06
Fitted parameter values
Free:
       pc1 = -2.29854
       pc2 = -0.152742
       pc3 = -1.98183
       pc4 = 1.15122
       pc5 = -1.67122
       pc6 = 0.444043
       pc7 = 1.88095
       pc8 = -1.34509
       pc9 = 1.97683
      pc10 = -1.33876
      pc11 = 0.693336
      pc12 = -0.386761
      pc13 = -0.652056
      pc14 = -0.0651533
      pc15 = -0.0453012
Constrained:
     Tecnw = 43384.7
       Tnw = 18.9639
       Tec = 61.5407
     twoNb = 5.02825e+06
     twoNe = 484971
     twoNc = 122128
     twoNw = 1.23086e+06
    twoNec = 78443.3
    twoNnw = 153860
  twoNecnw = 23626.2
  twoNbecnw = 54477.5
        m2 = 0.0267336
        m4 = 0.0131828
        m5 = 0.358429
        m6 = 0.277205
        Tb = 21723.1
        Td = 30.7704
        Te = 15.3852
        Tf = 7.69259
#       SitePat  BranchLen
              b 121698.0746194
              e 45478.9233006
              c 47442.6038695
              n 44930.7133117
              w 44930.5370217
            b:e 1388.9749828
            b:c 1648.4330243
            b:n 1164.8434531
            b:w 1164.8370751
            e:c 12136.8172237
            e:n 4683.3338402
            e:w 4683.3626230
            c:n 4169.5001374
            c:w 4169.6158731
            n:w 12279.5619532
          b:e:c 1378.6134181
          b:e:n 616.2391939
          b:e:w 616.2365265
          b:c:n 616.5245597
          b:c:w 616.5272242
          b:n:w 1374.8994511
          e:c:n 4339.4898356
          e:c:w 4339.5216071
          e:n:w 6224.3714914
          c:n:w 5273.5941393
        b:e:c:n 1165.7716611
        b:e:c:w 1165.7780420
        b:e:n:w 1623.9475876
        b:c:n:w 1378.5907183
        e:c:n:w 47776.9102037
