########################################
# legofit: estimate population history #
#       version 2.3.4-4-g53f8760       #
########################################

# Program was compiled: Sep 21 2021 14:36:42
# Program was run: Mon Oct 11 10:18:04 2021

# cmd: legofit -1 -d 0 -t 32 --ptsPerDim 3 --stateOut b1boot24.state --tol 3e-6 -S 5000 bdef2.lgo ../../chrX/boot_chrX/boot24.opf
# Stage nOptItr nSimReps
#     0    5000        0
# algorithm          : deterministic
# ignoring probs <=  : 0
# Branch length floor: 0
# DE strategy        : 2
#    F               : 0.3
#    CR              : 0.8
#    tolerance       : 3e-06
# nthreads           : 32
# lgo input file     : bdef2.lgo
# site pat input file: ../../chrX/boot_chrX/boot24.opf
# free parameters    : 15
# points in DE swarm : 45
# output state file  : b1boot24.state
# Including singleton site patterns.
# cost function      : KL
Initial parameter values
Fixed:
      zero = 0
       one = 1
    Tbecnw = 75200
Free:
       pc1 = 0
       pc2 = 0
       pc3 = 0
       pc4 = 0
       pc5 = 0
       pc6 = 0
       pc7 = 0
       pc8 = 0
       pc9 = 0
      pc10 = 0
      pc11 = 0
      pc12 = 0
      pc13 = 0
      pc14 = 0
      pc15 = 0
Constrained:
     Tecnw = 43486.8
       Tnw = 1000.64
       Tec = 3010.54
     twoNb = 1.63487e+06
     twoNe = 196936
     twoNc = 199233
     twoNw = 750588
    twoNec = 70979.7
    twoNnw = 143701
  twoNecnw = 23435.1
  twoNbecnw = 54527
        m2 = 0.0260401
        m4 = 0.00976498
        m5 = 0.362179
        m6 = 0.28135
        Tb = 23248.7
        Td = 1505.27
        Te = 752.636
        Tf = 376.318
DiffEv reached_goal. cost=2.65167e-03 spread=2.95047e-06
Fitted parameter values
Free:
       pc1 = -1.92888
       pc2 = -0.412062
       pc3 = -1.95443
       pc4 = 1.52502
       pc5 = -0.882871
       pc6 = 0.307561
       pc7 = 1.84166
       pc8 = -1.06523
       pc9 = 0.563848
      pc10 = -1.59358
      pc11 = 0.777936
      pc12 = -0.0795889
      pc13 = -0.673445
      pc14 = -0.0964275
      pc15 = -0.0412169
Constrained:
     Tecnw = 43491
       Tnw = 44.9983
       Tec = 161.649
     twoNb = 4.79873e+06
     twoNe = 318368
     twoNc = 223276
     twoNw = 1.11361e+06
    twoNec = 78327.7
    twoNnw = 155949
  twoNecnw = 23404.6
  twoNbecnw = 54828.5
        m2 = 0.026912
        m4 = 0.0119102
        m5 = 0.365718
        m6 = 0.280084
        Tb = 21826.3
        Td = 80.8244
        Te = 40.4122
        Tf = 20.2061
#       SitePat  BranchLen
              b 122064.4536648
              e 45521.3345180
              c 47512.9112171
              n 45015.4912641
              w 45015.1098859
            b:e 1387.1671771
            b:c 1640.7928952
            b:n 1164.9122488
            b:w 1164.8984384
            e:c 12007.9946367
            e:n 4710.1642891
            e:w 4710.1826870
            c:n 4179.7444622
            c:w 4180.0381806
            n:w 12143.0558622
          b:e:c 1367.4451077
          b:e:n 618.8063172
          b:e:w 618.7978756
          b:c:n 619.0764391
          b:c:w 619.0848747
          b:n:w 1363.6150692
          e:c:n 4339.7213490
          e:c:w 4339.7906109
          e:n:w 6201.6111960
          c:n:w 5256.4108313
        b:e:c:n 1165.8507795
        b:e:c:w 1165.8645959
        b:e:n:w 1616.2658721
        b:c:n:w 1376.2710318
        e:c:n:w 48182.3053754
