########################################
# legofit: estimate population history #
#       version 2.3.4-4-g53f8760       #
########################################

# Program was compiled: Sep 21 2021 14:36:42
# Program was run: Mon Oct 11 10:17:44 2021

# cmd: legofit -1 -d 0 -t 32 --ptsPerDim 3 --stateOut b1boot8.state --tol 3e-6 -S 5000 bdef2.lgo ../../chrX/boot_chrX/boot8.opf
# Stage nOptItr nSimReps
#     0    5000        0
# algorithm          : deterministic
# ignoring probs <=  : 0
# Branch length floor: 0
# DE strategy        : 2
#    F               : 0.3
#    CR              : 0.8
#    tolerance       : 3e-06
# nthreads           : 32
# lgo input file     : bdef2.lgo
# site pat input file: ../../chrX/boot_chrX/boot8.opf
# free parameters    : 15
# points in DE swarm : 45
# output state file  : b1boot8.state
# Including singleton site patterns.
# cost function      : KL
Initial parameter values
Fixed:
      zero = 0
       one = 1
    Tbecnw = 75200
Free:
       pc1 = 0
       pc2 = 0
       pc3 = 0
       pc4 = 0
       pc5 = 0
       pc6 = 0
       pc7 = 0
       pc8 = 0
       pc9 = 0
      pc10 = 0
      pc11 = 0
      pc12 = 0
      pc13 = 0
      pc14 = 0
      pc15 = 0
Constrained:
     Tecnw = 43486.8
       Tnw = 1000.64
       Tec = 3010.54
     twoNb = 1.63487e+06
     twoNe = 196936
     twoNc = 199233
     twoNw = 750588
    twoNec = 70979.7
    twoNnw = 143701
  twoNecnw = 23435.1
  twoNbecnw = 54527
        m2 = 0.0260401
        m4 = 0.00976498
        m5 = 0.362179
        m6 = 0.28135
        Tb = 23248.7
        Td = 1505.27
        Te = 752.636
        Tf = 376.318
DiffEv reached_goal. cost=2.52254e-03 spread=2.56796e-06
Fitted parameter values
Free:
       pc1 = -1.89164
       pc2 = -1.48316
       pc3 = -1.9141
       pc4 = 1.63286
       pc5 = 0.915255
       pc6 = 1.98089
       pc7 = 1.98599
       pc8 = -0.725153
       pc9 = 1.76429
      pc10 = -1.64843
      pc11 = 0.858495
      pc12 = 0.140485
      pc13 = -0.878233
      pc14 = 0.105125
      pc15 = 0.0364268
Constrained:
     Tecnw = 44039.6
       Tnw = 10.8498
       Tec = 17.2093
     twoNb = 4.70602e+06
     twoNe = 266289
     twoNc = 103193
     twoNw = 1.21651e+06
    twoNec = 80474
    twoNnw = 152024
  twoNecnw = 23323.1
  twoNbecnw = 56756.9
        m2 = 0.0268632
        m4 = 0.0124842
        m5 = 0.359285
        m6 = 0.274346
        Tb = 22028.4
        Td = 8.60464
        Te = 4.30232
        Tf = 2.15116
#       SitePat  BranchLen
              b 123583.9810682
              e 45959.0815591
              c 48028.4958394
              n 45211.6022948
              w 45211.4087629
            b:e 1462.1039136
            b:c 1735.1007103
            b:n 1215.8006843
            b:w 1215.7934350
            e:c 12257.1245902
            e:n 4751.5130390
            e:w 4751.5917217
            c:n 4206.7765308
            c:w 4206.8568534
            n:w 12557.8266191
          b:e:c 1452.7798874
          b:e:n 645.0098348
          b:e:w 645.0097808
          b:c:n 645.3197116
          b:c:w 645.3197617
          b:n:w 1448.7096482
          e:c:n 4382.1848642
          e:c:w 4382.2193908
          e:n:w 6385.3534489
          c:n:w 5389.9378058
        b:e:c:n 1216.8232840
        b:e:c:w 1216.8305373
        b:e:n:w 1708.9120014
        b:c:n:w 1450.7680863
        e:c:n:w 49071.7244917
