########################################
# legofit: estimate population history #
#       version 2.3.4-4-g53f8760       #
########################################

# Program was compiled: Sep 21 2021 14:36:42
# Program was run: Tue Oct 19 17:50:02 2021

# cmd: legofit -1 -d 0 -t 32 --ptsPerDim 3 --stateOut b1boot23.state --tol 3e-6 -S 5000 egh2.lgo ../../chrX/boot_chrX/boot23.opf
# Stage nOptItr nSimReps
#     0    5000        0
# algorithm          : deterministic
# ignoring probs <=  : 0
# Branch length floor: 0
# DE strategy        : 2
#    F               : 0.3
#    CR              : 0.8
#    tolerance       : 3e-06
# nthreads           : 32
# lgo input file     : egh2.lgo
# site pat input file: ../../chrX/boot_chrX/boot23.opf
# free parameters    : 13
# points in DE swarm : 39
# output state file  : b1boot23.state
# Including singleton site patterns.
# cost function      : KL
Initial parameter values
Fixed:
      zero = 0
       one = 1
    Tbecnw = 75200
Free:
       pc1 = 0
       pc2 = 0
       pc3 = 0
       pc4 = 0
       pc5 = 0
       pc6 = 0
       pc7 = 0
       pc8 = 0
       pc9 = 0
      pc10 = 0
      pc11 = 0
      pc12 = 0
      pc13 = 0
Constrained:
     Tecnw = 45345.9
       Tnw = 5647.59
       Tec = 3703.53
     twoNb = 523767
     twoNe = 109063
     twoNw = 705630
    twoNec = 76266
    twoNnw = 111832
  twoNecnw = 23574.2
  twoNbecnw = 55819.5
        m5 = 0.135333
        m7 = 0.00040986
        m8 = 0.296501
        Th = 4675.56
        Te = 1851.76
        Tg = 925.882
DiffEv reached_goal. cost=2.64339e-03 spread=2.73868e-06
Fitted parameter values
Free:
       pc1 = 0.827829
       pc2 = -1.84623
       pc3 = 1.97368
       pc4 = 1.98849
       pc5 = -1.93581
       pc6 = 0.479282
       pc7 = 0.317117
       pc8 = 0.18135
       pc9 = 0.186634
      pc10 = -0.217683
      pc11 = -0.219229
      pc12 = 0.0753468
      pc13 = -0.0199102
Constrained:
     Tecnw = 45913.6
       Tnw = 5688.2
       Tec = 27.4094
     twoNb = 486380
     twoNe = 123307
     twoNw = 1.52657e+06
    twoNec = 90805.4
    twoNnw = 113112
  twoNecnw = 23413.2
  twoNbecnw = 56055.3
        m5 = 0.145254
        m7 = 0.000400494
        m8 = 0.298991
        Th = 2857.81
        Te = 13.7047
        Tg = 6.85235
#       SitePat  BranchLen
              b 123143.1748030
              e 46071.6517111
              c 48169.7635330
              n 45355.5819786
              w 45283.8472701
            b:e 1368.9097032
            b:c 1522.9123605
            b:n 1217.7735405
            b:w 1214.8392914
            e:c 12198.4234810
            e:n 4823.8717937
            e:w 4865.4375834
            c:n 4222.1105894
            c:w 4237.9572562
            n:w 12601.0949073
          b:e:c 1472.2103738
          b:e:n 657.3136326
          b:e:w 658.1720290
          b:c:n 658.0645804
          b:c:w 657.2060649
          b:n:w 1472.0385533
          e:c:n 4343.1110290
          e:c:w 4357.4332810
          e:n:w 6183.0288715
          c:n:w 5319.5866377
        b:e:c:n 1214.9467400
        b:e:c:w 1217.8811082
        b:e:n:w 1523.0841810
        b:c:n:w 1363.8684834
        e:c:n:w 48406.9199268
