########################################
# legofit: estimate population history #
#       version 2.3.4-4-g53f8760       #
########################################

# Program was compiled: Sep 21 2021 14:36:42
# Program was run: Tue Oct 19 17:50:19 2021

# cmd: legofit -1 -d 0 -t 32 --ptsPerDim 3 --stateOut b1boot37.state --tol 3e-6 -S 5000 egh2.lgo ../../chrX/boot_chrX/boot37.opf
# Stage nOptItr nSimReps
#     0    5000        0
# algorithm          : deterministic
# ignoring probs <=  : 0
# Branch length floor: 0
# DE strategy        : 2
#    F               : 0.3
#    CR              : 0.8
#    tolerance       : 3e-06
# nthreads           : 32
# lgo input file     : egh2.lgo
# site pat input file: ../../chrX/boot_chrX/boot37.opf
# free parameters    : 13
# points in DE swarm : 39
# output state file  : b1boot37.state
# Including singleton site patterns.
# cost function      : KL
Initial parameter values
Fixed:
      zero = 0
       one = 1
    Tbecnw = 75200
Free:
       pc1 = 0
       pc2 = 0
       pc3 = 0
       pc4 = 0
       pc5 = 0
       pc6 = 0
       pc7 = 0
       pc8 = 0
       pc9 = 0
      pc10 = 0
      pc11 = 0
      pc12 = 0
      pc13 = 0
Constrained:
     Tecnw = 45345.9
       Tnw = 5647.59
       Tec = 3703.53
     twoNb = 523767
     twoNe = 109063
     twoNw = 705630
    twoNec = 76266
    twoNnw = 111832
  twoNecnw = 23574.2
  twoNbecnw = 55819.5
        m5 = 0.135333
        m7 = 0.00040986
        m8 = 0.296501
        Th = 4675.56
        Te = 1851.76
        Tg = 925.882
DiffEv reached_goal. cost=2.58503e-03 spread=2.99647e-06
Fitted parameter values
Free:
       pc1 = 2.17567
       pc2 = -1.49782
       pc3 = 1.94004
       pc4 = 1.87999
       pc5 = -1.71349
       pc6 = -0.972717
       pc7 = -0.940779
       pc8 = 0.680236
       pc9 = 0.686009
      pc10 = -0.310845
      pc11 = 0.058437
      pc12 = -0.243952
      pc13 = 0.0658718
Constrained:
     Tecnw = 45007.1
       Tnw = 5049.61
       Tec = 4.507
     twoNb = 586753
     twoNe = 220372
     twoNw = 1.51403e+06
    twoNec = 95249.6
    twoNnw = 119962
  twoNecnw = 23915.8
  twoNbecnw = 56274.8
        m5 = 0.134047
        m7 = 0.000974068
        m8 = 0.29189
        Th = 2527.06
        Te = 2.2535
        Tg = 1.12675
#       SitePat  BranchLen
              b 123317.0737439
              e 46225.0155008
              c 48062.3347272
              n 45439.9073867
              w 45377.2403897
            b:e 1387.7735311
            b:c 1508.8812956
            b:n 1234.0671886
            b:w 1231.4957283
            e:c 11953.5937706
            e:n 4803.4532803
            e:w 4839.3244601
            c:n 4266.0070548
            c:w 4280.3517908
            n:w 12404.1961069
          b:e:c 1456.9981075
          b:e:n 668.9185028
          b:e:w 669.6414668
          b:c:n 669.4187124
          b:c:w 668.6955318
          b:n:w 1456.6505982
          e:c:n 4423.2153717
          e:c:w 4435.6664528
          e:n:w 6084.3899675
          c:n:w 5354.5828732
        b:e:c:n 1231.7184827
        b:e:c:w 1234.2901596
        b:e:n:w 1509.2288048
        b:c:n:w 1377.4735287
        e:c:n:w 48699.0975236
