########################################
# legofit: estimate population history #
#       version 2.3.4-4-g53f8760       #
########################################

# Program was compiled: Sep 21 2021 14:36:42
# Program was run: Tue Oct 19 17:50:15 2021

# cmd: legofit -1 -d 0 -t 32 --ptsPerDim 3 --stateOut b1boot32.state --tol 3e-6 -S 5000 egh2.lgo ../../chrX/boot_chrX/boot32.opf
# Stage nOptItr nSimReps
#     0    5000        0
# algorithm          : deterministic
# ignoring probs <=  : 0
# Branch length floor: 0
# DE strategy        : 2
#    F               : 0.3
#    CR              : 0.8
#    tolerance       : 3e-06
# nthreads           : 32
# lgo input file     : egh2.lgo
# site pat input file: ../../chrX/boot_chrX/boot32.opf
# free parameters    : 13
# points in DE swarm : 39
# output state file  : b1boot32.state
# Including singleton site patterns.
# cost function      : KL
Initial parameter values
Fixed:
      zero = 0
       one = 1
    Tbecnw = 75200
Free:
       pc1 = 0
       pc2 = 0
       pc3 = 0
       pc4 = 0
       pc5 = 0
       pc6 = 0
       pc7 = 0
       pc8 = 0
       pc9 = 0
      pc10 = 0
      pc11 = 0
      pc12 = 0
      pc13 = 0
Constrained:
     Tecnw = 45345.9
       Tnw = 5647.59
       Tec = 3703.53
     twoNb = 523767
     twoNe = 109063
     twoNw = 705630
    twoNec = 76266
    twoNnw = 111832
  twoNecnw = 23574.2
  twoNbecnw = 55819.5
        m5 = 0.135333
        m7 = 0.00040986
        m8 = 0.296501
        Th = 4675.56
        Te = 1851.76
        Tg = 925.882
DiffEv reached_goal. cost=2.51068e-03 spread=2.36221e-06
Fitted parameter values
Free:
       pc1 = 0.262212
       pc2 = -1.55427
       pc3 = 1.95856
       pc4 = 1.98944
       pc5 = -1.64994
       pc6 = 0.380937
       pc7 = -0.661681
       pc8 = 0.784065
       pc9 = -0.611518
      pc10 = 0.389551
      pc11 = 0.330699
      pc12 = -0.195627
      pc13 = -0.0319786
Constrained:
     Tecnw = 45475.3
       Tnw = 7077.48
       Tec = 565.468
     twoNb = 358917
     twoNe = 154717
     twoNw = 1.45232e+06
    twoNec = 91564.9
    twoNnw = 105912
  twoNecnw = 23267.7
  twoNbecnw = 55949.1
        m5 = 0.137184
        m7 = 0.000699454
        m8 = 0.295857
        Th = 3821.47
        Te = 282.734
        Tg = 141.367
#       SitePat  BranchLen
              b 123263.8806282
              e 45915.8036921
              c 47871.9310691
              n 45136.2990728
              w 45053.1892778
            b:e 1347.1210614
            b:c 1481.1568113
            b:n 1176.2102065
            b:w 1172.8213749
            e:c 12076.3486275
            e:n 4668.3744015
            e:w 4716.5348681
            c:n 4116.8614464
            c:w 4134.9508132
            n:w 12452.7779794
          b:e:c 1439.4642452
          b:e:n 633.7261308
          b:e:w 634.7182126
          b:c:n 634.4796329
          b:c:w 633.4872347
          b:n:w 1439.0787483
          e:c:n 4277.2521567
          e:c:w 4294.1121181
          e:n:w 6119.8911742
          c:n:w 5309.3716808
        b:e:c:n 1173.0599546
        b:e:c:w 1176.4491025
        b:e:n:w 1481.5423081
        b:c:n:w 1335.4731604
        e:c:n:w 49068.2707591
