########################################
# legofit: estimate population history #
#       version 2.3.4-4-g53f8760       #
########################################

# Program was compiled: Sep 21 2021 14:36:42
# Program was run: Tue Oct 19 17:49:57 2021

# cmd: legofit -1 -d 0 -t 32 --ptsPerDim 3 --stateOut b1boot13.state --tol 3e-6 -S 5000 egh2.lgo ../../chrX/boot_chrX/boot13.opf
# Stage nOptItr nSimReps
#     0    5000        0
# algorithm          : deterministic
# ignoring probs <=  : 0
# Branch length floor: 0
# DE strategy        : 2
#    F               : 0.3
#    CR              : 0.8
#    tolerance       : 3e-06
# nthreads           : 32
# lgo input file     : egh2.lgo
# site pat input file: ../../chrX/boot_chrX/boot13.opf
# free parameters    : 13
# points in DE swarm : 39
# output state file  : b1boot13.state
# Including singleton site patterns.
# cost function      : KL
Initial parameter values
Fixed:
      zero = 0
       one = 1
    Tbecnw = 75200
Free:
       pc1 = 0
       pc2 = 0
       pc3 = 0
       pc4 = 0
       pc5 = 0
       pc6 = 0
       pc7 = 0
       pc8 = 0
       pc9 = 0
      pc10 = 0
      pc11 = 0
      pc12 = 0
      pc13 = 0
Constrained:
     Tecnw = 45345.9
       Tnw = 5647.59
       Tec = 3703.53
     twoNb = 523767
     twoNe = 109063
     twoNw = 705630
    twoNec = 76266
    twoNnw = 111832
  twoNecnw = 23574.2
  twoNbecnw = 55819.5
        m5 = 0.135333
        m7 = 0.00040986
        m8 = 0.296501
        Th = 4675.56
        Te = 1851.76
        Tg = 925.882
DiffEv reached_goal. cost=2.78914e-03 spread=2.61093e-06
Fitted parameter values
Free:
       pc1 = 0.862648
       pc2 = -1.85666
       pc3 = 1.92832
       pc4 = 1.98068
       pc5 = -1.97356
       pc6 = 0.68101
       pc7 = 0.898567
       pc8 = 0.263482
       pc9 = -0.279813
      pc10 = 0.318696
      pc11 = 0.0497238
      pc12 = -0.0290259
      pc13 = 0.0101334
Constrained:
     Tecnw = 45792.8
       Tnw = 6053.86
       Tec = 73.95
     twoNb = 449266
     twoNe = 98988.3
     twoNw = 1.47359e+06
    twoNec = 92726.1
    twoNnw = 110504
  twoNecnw = 23214.4
  twoNbecnw = 56213.9
        m5 = 0.149608
        m7 = 0.000245997
        m8 = 0.290538
        Th = 3063.9
        Te = 36.975
        Tg = 18.4875
#       SitePat  BranchLen
              b 123407.9672997
              e 45985.3046535
              c 48178.6403404
              n 45228.4228909
              w 45151.2925574
            b:e 1348.6828980
            b:c 1512.6177408
            b:n 1197.3747614
            b:w 1194.2445706
            e:c 12135.0467131
            e:n 4768.5176035
            e:w 4813.9169977
            c:n 4144.1121261
            c:w 4160.5030417
            n:w 12598.6428119
          b:e:c 1459.9477206
          b:e:n 646.0279262
          b:e:w 646.9881890
          b:c:n 646.9183955
          b:c:w 645.9580505
          b:n:w 1459.8350430
          e:c:n 4297.8823586
          e:c:w 4313.2223824
          e:n:w 6191.8291713
          c:n:w 5279.9083828
        b:e:c:n 1194.3143640
        b:e:c:w 1197.4446371
        b:e:n:w 1512.7304183
        b:c:n:w 1345.3397796
        e:c:n:w 48904.5357610
