########################################
# legofit: estimate population history #
#       version 2.3.4-4-g53f8760       #
########################################

# Program was compiled: Sep 21 2021 14:36:42
# Program was run: Tue Oct 19 17:49:49 2021

# cmd: legofit -1 -d 0 -t 32 --ptsPerDim 3 --stateOut b1boot1.state --tol 3e-6 -S 5000 egh2.lgo ../../chrX/boot_chrX/boot1.opf
# Stage nOptItr nSimReps
#     0    5000        0
# algorithm          : deterministic
# ignoring probs <=  : 0
# Branch length floor: 0
# DE strategy        : 2
#    F               : 0.3
#    CR              : 0.8
#    tolerance       : 3e-06
# nthreads           : 32
# lgo input file     : egh2.lgo
# site pat input file: ../../chrX/boot_chrX/boot1.opf
# free parameters    : 13
# points in DE swarm : 39
# output state file  : b1boot1.state
# Including singleton site patterns.
# cost function      : KL
Initial parameter values
Fixed:
      zero = 0
       one = 1
    Tbecnw = 75200
Free:
       pc1 = 0
       pc2 = 0
       pc3 = 0
       pc4 = 0
       pc5 = 0
       pc6 = 0
       pc7 = 0
       pc8 = 0
       pc9 = 0
      pc10 = 0
      pc11 = 0
      pc12 = 0
      pc13 = 0
Constrained:
     Tecnw = 45345.9
       Tnw = 5647.59
       Tec = 3703.53
     twoNb = 523767
     twoNe = 109063
     twoNw = 705630
    twoNec = 76266
    twoNnw = 111832
  twoNecnw = 23574.2
  twoNbecnw = 55819.5
        m5 = 0.135333
        m7 = 0.00040986
        m8 = 0.296501
        Th = 4675.56
        Te = 1851.76
        Tg = 925.882
DiffEv reached_goal. cost=2.80017e-03 spread=2.97396e-06
Fitted parameter values
Free:
       pc1 = 1.78822
       pc2 = -1.89058
       pc3 = 1.88251
       pc4 = 1.9376
       pc5 = -1.07562
       pc6 = -0.248257
       pc7 = 0.387987
       pc8 = 0.509458
       pc9 = 0.223925
      pc10 = 0.535962
      pc11 = -0.409852
      pc12 = -0.0611263
      pc13 = -0.0102601
Constrained:
     Tecnw = 45711.7
       Tnw = 5097.31
       Tec = 28.9829
     twoNb = 602678
     twoNe = 114815
     twoNw = 1.40938e+06
    twoNec = 93629.1
    twoNnw = 114155
  twoNecnw = 23557
  twoNbecnw = 56381.1
        m5 = 0.142115
        m7 = 0.000894485
        m8 = 0.279697
        Th = 2563.15
        Te = 14.4914
        Tg = 7.24572
#       SitePat  BranchLen
              b 123383.3289735
              e 46214.4746650
              c 48317.9575984
              n 45316.4050251
              w 45249.7174903
            b:e 1390.9615534
            b:c 1536.1814798
            b:n 1226.3848936
            b:w 1223.6655787
            e:c 12322.6872381
            e:n 4768.4363782
            e:w 4807.6097807
            c:n 4161.3277239
            c:w 4175.7908149
            n:w 12887.3454795
          b:e:c 1504.8056101
          b:e:n 657.4495701
          b:e:w 658.2767237
          b:c:n 658.0792728
          b:c:w 657.2519206
          b:n:w 1504.4865536
          e:c:n 4342.2704084
          e:c:w 4355.3214496
          e:n:w 6199.5702182
          c:n:w 5344.9568990
        b:e:c:n 1223.8630297
        b:e:c:w 1226.5825431
        b:e:n:w 1536.5005363
        b:c:n:w 1381.7337163
        e:c:n:w 48560.7422508
