########################################
# legofit: estimate population history #
#       version 2.3.4-4-g53f8760       #
########################################

# Program was compiled: Sep 21 2021 14:36:42
# Program was run: Tue Oct 19 17:50:09 2021

# cmd: legofit -1 -d 0 -t 32 --ptsPerDim 3 --stateOut b1boot29.state --tol 3e-6 -S 5000 egh2.lgo ../../chrX/boot_chrX/boot29.opf
# Stage nOptItr nSimReps
#     0    5000        0
# algorithm          : deterministic
# ignoring probs <=  : 0
# Branch length floor: 0
# DE strategy        : 2
#    F               : 0.3
#    CR              : 0.8
#    tolerance       : 3e-06
# nthreads           : 32
# lgo input file     : egh2.lgo
# site pat input file: ../../chrX/boot_chrX/boot29.opf
# free parameters    : 13
# points in DE swarm : 39
# output state file  : b1boot29.state
# Including singleton site patterns.
# cost function      : KL
Initial parameter values
Fixed:
      zero = 0
       one = 1
    Tbecnw = 75200
Free:
       pc1 = 0
       pc2 = 0
       pc3 = 0
       pc4 = 0
       pc5 = 0
       pc6 = 0
       pc7 = 0
       pc8 = 0
       pc9 = 0
      pc10 = 0
      pc11 = 0
      pc12 = 0
      pc13 = 0
Constrained:
     Tecnw = 45345.9
       Tnw = 5647.59
       Tec = 3703.53
     twoNb = 523767
     twoNe = 109063
     twoNw = 705630
    twoNec = 76266
    twoNnw = 111832
  twoNecnw = 23574.2
  twoNbecnw = 55819.5
        m5 = 0.135333
        m7 = 0.00040986
        m8 = 0.296501
        Th = 4675.56
        Te = 1851.76
        Tg = 925.882
DiffEv reached_goal. cost=2.76401e-03 spread=2.28287e-06
Fitted parameter values
Free:
       pc1 = 1.64009
       pc2 = -0.789129
       pc3 = 1.94963
       pc4 = 1.83713
       pc5 = -1.88513
       pc6 = 0.562
       pc7 = -0.753767
       pc8 = -0.0821519
       pc9 = -0.442785
      pc10 = 0.182609
      pc11 = 0.476517
      pc12 = -0.141993
      pc13 = -0.0128726
Constrained:
     Tecnw = 44804.5
       Tnw = 6002.34
       Tec = 106.104
     twoNb = 444060
     twoNe = 180361
     twoNw = 1.41213e+06
    twoNec = 92895.3
    twoNnw = 112465
  twoNecnw = 23437.7
  twoNbecnw = 54982
        m5 = 0.140986
        m7 = 0.000446762
        m8 = 0.290448
        Th = 3054.22
        Te = 53.052
        Tg = 26.526
#       SitePat  BranchLen
              b 122531.2453624
              e 45529.1815771
              c 47494.9815797
              n 44903.8608008
              w 44826.5356081
            b:e 1291.7916508
            b:c 1427.6260588
            b:n 1153.3590656
            b:w 1150.3104676
            e:c 11901.3901974
            e:n 4676.8806823
            e:w 4721.8299510
            c:n 4112.4417560
            c:w 4129.4119115
            n:w 12244.9426907
          b:e:c 1382.9058877
          b:e:n 621.9493323
          b:e:w 622.8484849
          b:c:n 622.7251163
          b:c:w 621.8258141
          b:n:w 1382.7103432
          e:c:n 4283.2173107
          e:c:w 4298.6230792
          e:n:w 5998.7225939
          c:n:w 5196.2938359
        b:e:c:n 1150.4338362
        b:e:c:w 1153.4825838
        b:e:n:w 1427.8216033
        b:c:n:w 1285.7198035
        e:c:n:w 48765.6766399
