########################################
# legofit: estimate population history #
#       version 2.3.4-4-g53f8760       #
########################################

# Program was compiled: Sep 21 2021 14:36:42
# Program was run: Tue Oct 19 17:50:19 2021

# cmd: legofit -1 -d 0 -t 32 --ptsPerDim 3 --stateOut b1boot36.state --tol 3e-6 -S 5000 egh2.lgo ../../chrX/boot_chrX/boot36.opf
# Stage nOptItr nSimReps
#     0    5000        0
# algorithm          : deterministic
# ignoring probs <=  : 0
# Branch length floor: 0
# DE strategy        : 2
#    F               : 0.3
#    CR              : 0.8
#    tolerance       : 3e-06
# nthreads           : 32
# lgo input file     : egh2.lgo
# site pat input file: ../../chrX/boot_chrX/boot36.opf
# free parameters    : 13
# points in DE swarm : 39
# output state file  : b1boot36.state
# Including singleton site patterns.
# cost function      : KL
Initial parameter values
Fixed:
      zero = 0
       one = 1
    Tbecnw = 75200
Free:
       pc1 = 0
       pc2 = 0
       pc3 = 0
       pc4 = 0
       pc5 = 0
       pc6 = 0
       pc7 = 0
       pc8 = 0
       pc9 = 0
      pc10 = 0
      pc11 = 0
      pc12 = 0
      pc13 = 0
Constrained:
     Tecnw = 45345.9
       Tnw = 5647.59
       Tec = 3703.53
     twoNb = 523767
     twoNe = 109063
     twoNw = 705630
    twoNec = 76266
    twoNnw = 111832
  twoNecnw = 23574.2
  twoNbecnw = 55819.5
        m5 = 0.135333
        m7 = 0.00040986
        m8 = 0.296501
        Th = 4675.56
        Te = 1851.76
        Tg = 925.882
DiffEv reached_goal. cost=2.78970e-03 spread=1.44532e-06
Fitted parameter values
Free:
       pc1 = 0.585493
       pc2 = -1.8506
       pc3 = 1.95739
       pc4 = 1.94533
       pc5 = -1.98742
       pc6 = -0.11523
       pc7 = -1.43307
       pc8 = 0.485842
       pc9 = -0.110121
      pc10 = -0.270654
      pc11 = 0.414987
      pc12 = 0.0901949
      pc13 = 0.115053
Constrained:
     Tecnw = 45350.1
       Tnw = 6098.85
       Tec = 12.4993
     twoNb = 401527
     twoNe = 212809
     twoNw = 1.53345e+06
    twoNec = 92536.7
    twoNnw = 110177
  twoNecnw = 23348.6
  twoNbecnw = 55942.4
        m5 = 0.131196
        m7 = 0.000702689
        m8 = 0.306436
        Th = 3055.68
        Te = 6.24963
        Tg = 3.12482
#       SitePat  BranchLen
              b 123257.5024647
              e 45831.3174007
              c 47666.9156725
              n 44921.9699205
              w 44847.5421217
            b:e 1351.9601845
            b:c 1475.5722542
            b:n 1178.9256780
            b:w 1175.9169234
            e:c 11949.0093549
            e:n 4744.7063884
            e:w 4786.5623752
            c:n 4220.1187082
            c:w 4237.6028685
            n:w 12399.0989580
          b:e:c 1420.9434721
          b:e:n 640.4069203
          b:e:w 641.2064172
          b:c:n 640.9883449
          b:c:w 640.1885829
          b:n:w 1420.5958624
          e:c:n 4303.4298039
          e:c:w 4318.5174556
          e:n:w 6106.2700846
          c:n:w 5355.5855575
        b:e:c:n 1176.1349956
        b:e:c:w 1179.1440154
        b:e:n:w 1475.9198639
        b:c:n:w 1341.3776460
        e:c:n:w 49091.2548931
