########################################
# legofit: estimate population history #
#       version 2.3.4-4-g53f8760       #
########################################

# Program was compiled: Sep 21 2021 14:36:42
# Program was run: Tue Oct 19 17:50:15 2021

# cmd: legofit -1 -d 0 -t 32 --ptsPerDim 3 --stateOut b1boot31.state --tol 3e-6 -S 5000 egh2.lgo ../../chrX/boot_chrX/boot31.opf
# Stage nOptItr nSimReps
#     0    5000        0
# algorithm          : deterministic
# ignoring probs <=  : 0
# Branch length floor: 0
# DE strategy        : 2
#    F               : 0.3
#    CR              : 0.8
#    tolerance       : 3e-06
# nthreads           : 32
# lgo input file     : egh2.lgo
# site pat input file: ../../chrX/boot_chrX/boot31.opf
# free parameters    : 13
# points in DE swarm : 39
# output state file  : b1boot31.state
# Including singleton site patterns.
# cost function      : KL
Initial parameter values
Fixed:
      zero = 0
       one = 1
    Tbecnw = 75200
Free:
       pc1 = 0
       pc2 = 0
       pc3 = 0
       pc4 = 0
       pc5 = 0
       pc6 = 0
       pc7 = 0
       pc8 = 0
       pc9 = 0
      pc10 = 0
      pc11 = 0
      pc12 = 0
      pc13 = 0
Constrained:
     Tecnw = 45345.9
       Tnw = 5647.59
       Tec = 3703.53
     twoNb = 523767
     twoNe = 109063
     twoNw = 705630
    twoNec = 76266
    twoNnw = 111832
  twoNecnw = 23574.2
  twoNbecnw = 55819.5
        m5 = 0.135333
        m7 = 0.00040986
        m8 = 0.296501
        Th = 4675.56
        Te = 1851.76
        Tg = 925.882
DiffEv reached_goal. cost=2.70082e-03 spread=2.92857e-06
Fitted parameter values
Free:
       pc1 = 1.60801
       pc2 = -0.728707
       pc3 = 1.99699
       pc4 = 1.9631
       pc5 = -1.84643
       pc6 = 0.302646
       pc7 = 0.268626
       pc8 = 0.720599
       pc9 = 0.436892
      pc10 = -0.105017
      pc11 = 0.260195
      pc12 = -0.075318
      pc13 = 0.104246
Constrained:
     Tecnw = 44886.3
       Tnw = 5689.48
       Tec = 729.843
     twoNb = 484757
     twoNe = 135945
     twoNw = 1.51043e+06
    twoNec = 90742.6
    twoNnw = 115006
  twoNecnw = 23832.7
  twoNbecnw = 55953.3
        m5 = 0.147918
        m7 = 0.000605006
        m8 = 0.29218
        Th = 3209.66
        Te = 364.922
        Tg = 182.461
#       SitePat  BranchLen
              b 123159.8104247
              e 45867.0435225
              c 47926.2109187
              n 45145.8221738
              w 45081.7496073
            b:e 1348.9397972
            b:c 1492.9565741
            b:n 1206.0886293
            b:w 1203.4719565
            e:c 11875.8755929
            e:n 4804.6889805
            e:w 4842.8357720
            c:n 4210.6261549
            c:w 4223.7426248
            n:w 12337.7798482
          b:e:c 1433.7595238
          b:e:n 653.7225273
          b:e:w 654.5572168
          b:c:n 654.3960481
          b:c:w 653.5612040
          b:n:w 1433.5056553
          e:c:n 4378.3240132
          e:c:w 4391.1333185
          e:n:w 6128.6714523
          c:n:w 5290.8509766
        b:e:c:n 1203.6331252
        b:e:c:w 1206.2499526
        b:e:n:w 1493.2104426
        b:c:n:w 1341.3252100
        e:c:n:w 48856.5430500
