########################################
# legofit: estimate population history #
#       version 2.3.4-4-g53f8760       #
########################################

# Program was compiled: Sep 21 2021 14:36:42
# Program was run: Tue Oct 19 17:50:09 2021

# cmd: legofit -1 -d 0 -t 32 --ptsPerDim 3 --stateOut b1boot28.state --tol 3e-6 -S 5000 egh2.lgo ../../chrX/boot_chrX/boot28.opf
# Stage nOptItr nSimReps
#     0    5000        0
# algorithm          : deterministic
# ignoring probs <=  : 0
# Branch length floor: 0
# DE strategy        : 2
#    F               : 0.3
#    CR              : 0.8
#    tolerance       : 3e-06
# nthreads           : 32
# lgo input file     : egh2.lgo
# site pat input file: ../../chrX/boot_chrX/boot28.opf
# free parameters    : 13
# points in DE swarm : 39
# output state file  : b1boot28.state
# Including singleton site patterns.
# cost function      : KL
Initial parameter values
Fixed:
      zero = 0
       one = 1
    Tbecnw = 75200
Free:
       pc1 = 0
       pc2 = 0
       pc3 = 0
       pc4 = 0
       pc5 = 0
       pc6 = 0
       pc7 = 0
       pc8 = 0
       pc9 = 0
      pc10 = 0
      pc11 = 0
      pc12 = 0
      pc13 = 0
Constrained:
     Tecnw = 45345.9
       Tnw = 5647.59
       Tec = 3703.53
     twoNb = 523767
     twoNe = 109063
     twoNw = 705630
    twoNec = 76266
    twoNnw = 111832
  twoNecnw = 23574.2
  twoNbecnw = 55819.5
        m5 = 0.135333
        m7 = 0.00040986
        m8 = 0.296501
        Th = 4675.56
        Te = 1851.76
        Tg = 925.882
DiffEv reached_goal. cost=2.63435e-03 spread=2.96391e-06
Fitted parameter values
Free:
       pc1 = 0.933972
       pc2 = -1.4429
       pc3 = 1.8412
       pc4 = 1.9214
       pc5 = -1.24989
       pc6 = 0.647685
       pc7 = -0.933307
       pc8 = 0.0608836
       pc9 = -0.583488
      pc10 = -0.113066
      pc11 = 0.0449281
      pc12 = 0.117904
      pc13 = 0.162681
Constrained:
     Tecnw = 45482.1
       Tnw = 5869.65
       Tec = 101.635
     twoNb = 422764
     twoNe = 143869
     twoNw = 1.34857e+06
    twoNec = 92670.5
    twoNnw = 108955
  twoNecnw = 23325.6
  twoNbecnw = 55142.9
        m5 = 0.136676
        m7 = 0.000752034
        m8 = 0.299689
        Th = 2985.64
        Te = 50.8173
        Tg = 25.4086
#       SitePat  BranchLen
              b 122547.9293822
              e 45806.6830567
              c 47773.4396187
              n 44756.1166334
              w 44676.0380108
            b:e 1337.5927624
            b:c 1469.0297744
            b:n 1159.0273417
            b:w 1155.8455928
            e:c 11948.9426780
            e:n 4735.7051158
            e:w 4781.5438941
            c:n 4174.7687629
            c:w 4192.9976893
            n:w 12545.6742519
          b:e:c 1414.2856502
          b:e:n 629.1477589
          b:e:w 630.0413160
          b:c:n 629.8225276
          b:c:w 628.9286903
          b:n:w 1413.9324163
          e:c:n 4241.7751874
          e:c:w 4257.7861053
          e:n:w 6135.6700902
          c:n:w 5329.8928235
        b:e:c:n 1156.0643811
        b:e:c:w 1159.2464104
        b:e:n:w 1469.3830083
        b:c:n:w 1326.8871157
        e:c:n:w 48423.2967133
