########################################
# legofit: estimate population history #
#       version 2.3.4-4-g53f8760       #
########################################

# Program was compiled: Sep 21 2021 14:36:42
# Program was run: Tue Oct 19 17:49:53 2021

# cmd: legofit -1 -d 0 -t 32 --ptsPerDim 3 --stateOut b1boot6.state --tol 3e-6 -S 5000 egh2.lgo ../../chrX/boot_chrX/boot6.opf
# Stage nOptItr nSimReps
#     0    5000        0
# algorithm          : deterministic
# ignoring probs <=  : 0
# Branch length floor: 0
# DE strategy        : 2
#    F               : 0.3
#    CR              : 0.8
#    tolerance       : 3e-06
# nthreads           : 32
# lgo input file     : egh2.lgo
# site pat input file: ../../chrX/boot_chrX/boot6.opf
# free parameters    : 13
# points in DE swarm : 39
# output state file  : b1boot6.state
# Including singleton site patterns.
# cost function      : KL
Initial parameter values
Fixed:
      zero = 0
       one = 1
    Tbecnw = 75200
Free:
       pc1 = 0
       pc2 = 0
       pc3 = 0
       pc4 = 0
       pc5 = 0
       pc6 = 0
       pc7 = 0
       pc8 = 0
       pc9 = 0
      pc10 = 0
      pc11 = 0
      pc12 = 0
      pc13 = 0
Constrained:
     Tecnw = 45345.9
       Tnw = 5647.59
       Tec = 3703.53
     twoNb = 523767
     twoNe = 109063
     twoNw = 705630
    twoNec = 76266
    twoNnw = 111832
  twoNecnw = 23574.2
  twoNbecnw = 55819.5
        m5 = 0.135333
        m7 = 0.00040986
        m8 = 0.296501
        Th = 4675.56
        Te = 1851.76
        Tg = 925.882
DiffEv reached_goal. cost=2.49103e-03 spread=2.88707e-06
Fitted parameter values
Free:
       pc1 = 1.56792
       pc2 = -0.38921
       pc3 = 1.93181
       pc4 = 1.87579
       pc5 = -1.83763
       pc6 = -0.328149
       pc7 = -0.636523
       pc8 = 0.924259
       pc9 = -0.503542
      pc10 = -0.267155
      pc11 = 0.547294
      pc12 = -0.0643185
      pc13 = 0.207618
Constrained:
     Tecnw = 44488.1
       Tnw = 6337.6
       Tec = 490.127
     twoNb = 458307
     twoNe = 208111
     twoNw = 1.33796e+06
    twoNec = 94940.2
    twoNnw = 110681
  twoNecnw = 23938.6
  twoNbecnw = 55798.2
        m5 = 0.141586
        m7 = 0.000736672
        m8 = 0.295965
        Th = 3413.86
        Te = 245.064
        Tg = 122.532
#       SitePat  BranchLen
              b 123114.5621890
              e 45784.0498246
              c 47733.0350435
              n 44855.7892196
              w 44773.3229602
            b:e 1347.2413919
            b:c 1479.5295775
            b:n 1181.4480641
            b:w 1178.0821546
            e:c 11659.5543376
            e:n 4762.7955680
            e:w 4810.8306373
            c:n 4207.6187259
            c:w 4225.2731979
            n:w 12217.1257415
          b:e:c 1404.0844196
          b:e:n 646.1370930
          b:e:w 647.1431415
          b:c:n 646.9399726
          b:c:w 645.9336615
          b:n:w 1403.7634397
          e:c:n 4344.7663187
          e:c:w 4361.5430369
          e:n:w 6143.6950868
          c:n:w 5345.9476738
        b:e:c:n 1178.2853235
        b:e:c:w 1181.6514956
        b:e:n:w 1479.8505573
        b:c:n:w 1337.4654477
        e:c:n:w 49120.4896967
