########################################
# legofit: estimate population history #
#       version 2.3.4-4-g53f8760       #
########################################

# Program was compiled: Sep 21 2021 14:36:42
# Program was run: Tue Oct 19 17:50:20 2021

# cmd: legofit -1 -d 0 -t 32 --ptsPerDim 3 --stateOut b1boot39.state --tol 3e-6 -S 5000 egh2.lgo ../../chrX/boot_chrX/boot39.opf
# Stage nOptItr nSimReps
#     0    5000        0
# algorithm          : deterministic
# ignoring probs <=  : 0
# Branch length floor: 0
# DE strategy        : 2
#    F               : 0.3
#    CR              : 0.8
#    tolerance       : 3e-06
# nthreads           : 32
# lgo input file     : egh2.lgo
# site pat input file: ../../chrX/boot_chrX/boot39.opf
# free parameters    : 13
# points in DE swarm : 39
# output state file  : b1boot39.state
# Including singleton site patterns.
# cost function      : KL
Initial parameter values
Fixed:
      zero = 0
       one = 1
    Tbecnw = 75200
Free:
       pc1 = 0
       pc2 = 0
       pc3 = 0
       pc4 = 0
       pc5 = 0
       pc6 = 0
       pc7 = 0
       pc8 = 0
       pc9 = 0
      pc10 = 0
      pc11 = 0
      pc12 = 0
      pc13 = 0
Constrained:
     Tecnw = 45345.9
       Tnw = 5647.59
       Tec = 3703.53
     twoNb = 523767
     twoNe = 109063
     twoNw = 705630
    twoNec = 76266
    twoNnw = 111832
  twoNecnw = 23574.2
  twoNbecnw = 55819.5
        m5 = 0.135333
        m7 = 0.00040986
        m8 = 0.296501
        Th = 4675.56
        Te = 1851.76
        Tg = 925.882
DiffEv reached_goal. cost=2.65761e-03 spread=2.95887e-06
Fitted parameter values
Free:
       pc1 = 1.11316
       pc2 = -1.90998
       pc3 = 1.38964
       pc4 = 1.98647
       pc5 = -1.97371
       pc6 = -0.507504
       pc7 = -1.47604
       pc8 = 0.0634564
       pc9 = -0.0347234
      pc10 = -0.0217484
      pc11 = 0.393673
      pc12 = -0.0675918
      pc13 = 0.107794
Constrained:
     Tecnw = 45353.5
       Tnw = 5444.8
       Tec = 71.7821
     twoNb = 430314
     twoNe = 255555
     twoNw = 1.4345e+06
    twoNec = 93333.3
    twoNnw = 114258
  twoNecnw = 23208.5
  twoNbecnw = 55929.7
        m5 = 0.131195
        m7 = 0.000743533
        m8 = 0.298739
        Th = 2758.29
        Te = 35.891
        Tg = 17.9455
#       SitePat  BranchLen
              b 123272.0017922
              e 45929.4993506
              c 47766.6613899
              n 45008.4466490
              w 44938.4420969
            b:e 1343.3629515
            b:c 1464.5636970
            b:n 1178.8516553
            b:w 1176.0583926
            e:c 11911.1886225
            e:n 4732.2644514
            e:w 4772.0084785
            c:n 4201.3302803
            c:w 4217.6807721
            n:w 12416.1724438
          b:e:c 1416.3432369
          b:e:n 638.8872476
          b:e:w 639.6495909
          b:c:n 639.4331757
          b:c:w 638.6705903
          b:n:w 1415.9998601
          e:c:n 4297.1328069
          e:c:w 4311.0428400
          e:n:w 6049.6900804
          c:n:w 5309.0671076
        b:e:c:n 1176.2748078
        b:e:c:w 1179.0683126
        b:e:n:w 1464.9070738
        b:c:n:w 1332.8622119
        e:c:n:w 49115.6147449
