########################################
# legofit: estimate population history #
#       version 2.3.4-4-g53f8760       #
########################################

# Program was compiled: Sep 21 2021 14:36:42
# Program was run: Tue Oct 19 17:50:24 2021

# cmd: legofit -1 -d 0 -t 32 --ptsPerDim 3 --stateOut b1boot43.state --tol 3e-6 -S 5000 egh2.lgo ../../chrX/boot_chrX/boot43.opf
# Stage nOptItr nSimReps
#     0    5000        0
# algorithm          : deterministic
# ignoring probs <=  : 0
# Branch length floor: 0
# DE strategy        : 2
#    F               : 0.3
#    CR              : 0.8
#    tolerance       : 3e-06
# nthreads           : 32
# lgo input file     : egh2.lgo
# site pat input file: ../../chrX/boot_chrX/boot43.opf
# free parameters    : 13
# points in DE swarm : 39
# output state file  : b1boot43.state
# Including singleton site patterns.
# cost function      : KL
Initial parameter values
Fixed:
      zero = 0
       one = 1
    Tbecnw = 75200
Free:
       pc1 = 0
       pc2 = 0
       pc3 = 0
       pc4 = 0
       pc5 = 0
       pc6 = 0
       pc7 = 0
       pc8 = 0
       pc9 = 0
      pc10 = 0
      pc11 = 0
      pc12 = 0
      pc13 = 0
Constrained:
     Tecnw = 45345.9
       Tnw = 5647.59
       Tec = 3703.53
     twoNb = 523767
     twoNe = 109063
     twoNw = 705630
    twoNec = 76266
    twoNnw = 111832
  twoNecnw = 23574.2
  twoNbecnw = 55819.5
        m5 = 0.135333
        m7 = 0.00040986
        m8 = 0.296501
        Th = 4675.56
        Te = 1851.76
        Tg = 925.882
DiffEv reached_goal. cost=2.74999e-03 spread=2.63443e-06
Fitted parameter values
Free:
       pc1 = 0.781719
       pc2 = -1.91989
       pc3 = 1.97278
       pc4 = 1.98769
       pc5 = -1.89575
       pc6 = 0.60435
       pc7 = 0.20372
       pc8 = -0.12323
       pc9 = -0.434039
      pc10 = 0.317498
      pc11 = -0.444044
      pc12 = 0.0929387
      pc13 = 0.225093
Constrained:
     Tecnw = 46128.5
       Tnw = 5669.73
       Tec = 85.757
     twoNb = 480244
     twoNe = 131508
     twoNw = 1.46886e+06
    twoNec = 93693.9
    twoNnw = 108358
  twoNecnw = 23225.8
  twoNbecnw = 55702.6
        m5 = 0.144594
        m7 = 0.000316797
        m8 = 0.292569
        Th = 2877.74
        Te = 42.8785
        Tg = 21.4392
#       SitePat  BranchLen
              b 122883.3148162
              e 46153.9641247
              c 48343.2045692
              n 44963.2945997
              w 44891.3973704
            b:e 1365.7685635
            b:c 1528.1035339
            b:n 1185.8796195
            b:w 1182.9853709
            e:c 12113.4311097
            e:n 4790.5230767
            e:w 4832.4811746
            c:n 4168.6293503
            c:w 4184.3581514
            n:w 12864.9684186
          b:e:c 1469.4915446
          b:e:n 643.0928072
          b:e:w 643.9558979
          b:c:n 643.8720313
          b:c:w 643.0088474
          b:n:w 1469.3539386
          e:c:n 4238.7711854
          e:c:w 4252.9815156
          e:n:w 6275.1892509
          c:n:w 5360.2931648
        b:e:c:n 1183.0692375
        b:e:c:w 1185.9635793
        b:e:n:w 1528.2411399
        b:c:n:w 1361.7463872
        e:c:n:w 48240.9231074
