########################################
# legofit: estimate population history #
#       version 2.3.4-4-g53f8760       #
########################################

# Program was compiled: Sep 21 2021 14:36:42
# Program was run: Tue Oct 19 17:50:24 2021

# cmd: legofit -1 -d 0 -t 32 --ptsPerDim 3 --stateOut b1boot47.state --tol 3e-6 -S 5000 egh2.lgo ../../chrX/boot_chrX/boot47.opf
# Stage nOptItr nSimReps
#     0    5000        0
# algorithm          : deterministic
# ignoring probs <=  : 0
# Branch length floor: 0
# DE strategy        : 2
#    F               : 0.3
#    CR              : 0.8
#    tolerance       : 3e-06
# nthreads           : 32
# lgo input file     : egh2.lgo
# site pat input file: ../../chrX/boot_chrX/boot47.opf
# free parameters    : 13
# points in DE swarm : 39
# output state file  : b1boot47.state
# Including singleton site patterns.
# cost function      : KL
Initial parameter values
Fixed:
      zero = 0
       one = 1
    Tbecnw = 75200
Free:
       pc1 = 0
       pc2 = 0
       pc3 = 0
       pc4 = 0
       pc5 = 0
       pc6 = 0
       pc7 = 0
       pc8 = 0
       pc9 = 0
      pc10 = 0
      pc11 = 0
      pc12 = 0
      pc13 = 0
Constrained:
     Tecnw = 45345.9
       Tnw = 5647.59
       Tec = 3703.53
     twoNb = 523767
     twoNe = 109063
     twoNw = 705630
    twoNec = 76266
    twoNnw = 111832
  twoNecnw = 23574.2
  twoNbecnw = 55819.5
        m5 = 0.135333
        m7 = 0.00040986
        m8 = 0.296501
        Th = 4675.56
        Te = 1851.76
        Tg = 925.882
DiffEv reached_goal. cost=2.71605e-03 spread=2.91774e-06
Fitted parameter values
Free:
       pc1 = 0.895099
       pc2 = -1.0274
       pc3 = 1.96104
       pc4 = 1.89942
       pc5 = -1.77608
       pc6 = 1.57396
       pc7 = -0.922967
       pc8 = -1.13571
       pc9 = -0.755886
      pc10 = -0.237401
      pc11 = 0.00847081
      pc12 = 0.0361601
      pc13 = 0.0808502
Constrained:
     Tecnw = 45564.3
       Tnw = 5918.36
       Tec = 18.679
     twoNb = 426385
     twoNe = 147581
     twoNw = 1.38919e+06
    twoNec = 90931.4
    twoNnw = 110322
  twoNecnw = 23071.9
  twoNbecnw = 53954.2
        m5 = 0.141684
        m7 = 0.000199948
        m8 = 0.302855
        Th = 2968.52
        Te = 9.33951
        Tg = 4.66975
#       SitePat  BranchLen
              b 121620.5973906
              e 45565.7431905
              c 47586.6482478
              n 44780.5549356
              w 44699.8659973
            b:e 1274.1860820
            b:c 1418.4279834
            b:n 1127.9995788
            b:w 1124.8806822
            e:c 11900.0444867
            e:n 4712.3581728
            e:w 4758.7563155
            c:n 4133.8604497
            c:w 4152.1377321
            n:w 12335.6855629
          b:e:c 1365.7199504
          b:e:n 610.7361845
          b:e:w 611.6225671
          b:c:n 611.5664301
          b:c:w 610.6799753
          b:n:w 1365.6299455
          e:c:n 4194.8561351
          e:c:w 4210.8696483
          e:n:w 6021.1014436
          c:n:w 5188.3080512
        b:e:c:n 1124.9368192
        b:e:c:w 1128.0557879
        b:e:n:w 1418.5179882
        b:c:n:w 1271.3930745
        e:c:n:w 47787.4456679
