########################################
# legofit: estimate population history #
#       version 2.3.4-4-g53f8760       #
########################################

# Program was compiled: Sep 21 2021 14:36:42
# Program was run: Tue Oct 19 17:50:20 2021

# cmd: legofit -1 -d 0 -t 32 --ptsPerDim 3 --stateOut b1boot41.state --tol 3e-6 -S 5000 egh2.lgo ../../chrX/boot_chrX/boot41.opf
# Stage nOptItr nSimReps
#     0    5000        0
# algorithm          : deterministic
# ignoring probs <=  : 0
# Branch length floor: 0
# DE strategy        : 2
#    F               : 0.3
#    CR              : 0.8
#    tolerance       : 3e-06
# nthreads           : 32
# lgo input file     : egh2.lgo
# site pat input file: ../../chrX/boot_chrX/boot41.opf
# free parameters    : 13
# points in DE swarm : 39
# output state file  : b1boot41.state
# Including singleton site patterns.
# cost function      : KL
Initial parameter values
Fixed:
      zero = 0
       one = 1
    Tbecnw = 75200
Free:
       pc1 = 0
       pc2 = 0
       pc3 = 0
       pc4 = 0
       pc5 = 0
       pc6 = 0
       pc7 = 0
       pc8 = 0
       pc9 = 0
      pc10 = 0
      pc11 = 0
      pc12 = 0
      pc13 = 0
Constrained:
     Tecnw = 45345.9
       Tnw = 5647.59
       Tec = 3703.53
     twoNb = 523767
     twoNe = 109063
     twoNw = 705630
    twoNec = 76266
    twoNnw = 111832
  twoNecnw = 23574.2
  twoNbecnw = 55819.5
        m5 = 0.135333
        m7 = 0.00040986
        m8 = 0.296501
        Th = 4675.56
        Te = 1851.76
        Tg = 925.882
DiffEv reached_goal. cost=2.65925e-03 spread=2.87536e-06
Fitted parameter values
Free:
       pc1 = 0.980222
       pc2 = -1.8877
       pc3 = 1.90146
       pc4 = 1.82496
       pc5 = -1.68094
       pc6 = -0.532035
       pc7 = 0.349482
       pc8 = 0.916923
       pc9 = -0.458657
      pc10 = 0.546838
      pc11 = 0.31797
      pc12 = -0.0839557
      pc13 = 0.296419
Constrained:
     Tecnw = 45396.2
       Tnw = 6133.85
       Tec = 425.408
     twoNb = 506711
     twoNe = 152594
     twoNw = 1.39011e+06
    twoNec = 96653.1
    twoNnw = 108027
  twoNecnw = 23376.6
  twoNbecnw = 56923.2
        m5 = 0.141669
        m7 = 0.000605703
        m8 = 0.287467
        Th = 3279.63
        Te = 212.704
        Tg = 106.352
#       SitePat  BranchLen
              b 124061.5040201
              e 46178.1286468
              c 48259.3747456
              n 44933.0959892
              w 44856.7585234
            b:e 1381.6504084
            b:c 1530.8241015
            b:n 1193.7583760
            b:w 1190.6300120
            e:c 11874.8026741
            e:n 4752.5967077
            e:w 4797.4299039
            c:n 4163.1470940
            c:w 4179.3820996
            n:w 12664.0183653
          b:e:c 1462.6738907
          b:e:n 650.6252307
          b:e:w 651.5798742
          b:c:n 651.4261798
          b:c:w 650.4713549
          b:n:w 1462.4241450
          e:c:n 4288.1236245
          e:c:w 4303.3928884
          e:n:w 6267.2413455
          c:n:w 5401.4515889
        b:e:c:n 1190.7837064
        b:e:c:w 1193.9122518
        b:e:n:w 1531.0738472
        b:c:n:w 1374.2488003
        e:c:n:w 49653.5711984
