########################################
# legofit: estimate population history #
#       version 2.3.4-4-g53f8760       #
########################################

# Program was compiled: Sep 21 2021 14:36:42
# Program was run: Tue Oct 19 17:50:24 2021

# cmd: legofit -1 -d 0 -t 32 --ptsPerDim 3 --stateOut b1boot42.state --tol 3e-6 -S 5000 egh2.lgo ../../chrX/boot_chrX/boot42.opf
# Stage nOptItr nSimReps
#     0    5000        0
# algorithm          : deterministic
# ignoring probs <=  : 0
# Branch length floor: 0
# DE strategy        : 2
#    F               : 0.3
#    CR              : 0.8
#    tolerance       : 3e-06
# nthreads           : 32
# lgo input file     : egh2.lgo
# site pat input file: ../../chrX/boot_chrX/boot42.opf
# free parameters    : 13
# points in DE swarm : 39
# output state file  : b1boot42.state
# Including singleton site patterns.
# cost function      : KL
Initial parameter values
Fixed:
      zero = 0
       one = 1
    Tbecnw = 75200
Free:
       pc1 = 0
       pc2 = 0
       pc3 = 0
       pc4 = 0
       pc5 = 0
       pc6 = 0
       pc7 = 0
       pc8 = 0
       pc9 = 0
      pc10 = 0
      pc11 = 0
      pc12 = 0
      pc13 = 0
Constrained:
     Tecnw = 45345.9
       Tnw = 5647.59
       Tec = 3703.53
     twoNb = 523767
     twoNe = 109063
     twoNw = 705630
    twoNec = 76266
    twoNnw = 111832
  twoNecnw = 23574.2
  twoNbecnw = 55819.5
        m5 = 0.135333
        m7 = 0.00040986
        m8 = 0.296501
        Th = 4675.56
        Te = 1851.76
        Tg = 925.882
DiffEv reached_goal. cost=2.67868e-03 spread=2.72731e-06
Fitted parameter values
Free:
       pc1 = 0.614301
       pc2 = -1.9304
       pc3 = 1.92362
       pc4 = 1.99458
       pc5 = -1.93678
       pc6 = 0.328427
       pc7 = 0.0583544
       pc8 = -0.12347
       pc9 = -0.625269
      pc10 = -0.176641
      pc11 = 0.293088
      pc12 = -0.230595
      pc13 = 0.187154
Constrained:
     Tecnw = 45728.5
       Tnw = 6377.83
       Tec = 92.281
     twoNb = 476858
     twoNe = 150677
     twoNw = 1.40933e+06
    twoNec = 95815.5
    twoNnw = 110920
  twoNecnw = 23063.4
  twoNbecnw = 55893.7
        m5 = 0.143327
        m7 = 0.000320279
        m8 = 0.301264
        Th = 3235.05
        Te = 46.1405
        Tg = 23.0703
#       SitePat  BranchLen
              b 123209.1991158
              e 46155.3365601
              c 48184.2951076
              n 45236.1893099
              w 45150.9556897
            b:e 1340.9916409
            b:c 1489.2995255
            b:n 1177.9832900
            b:w 1174.5462996
            e:c 11767.0591263
            e:n 4764.2350450
            e:w 4813.4664681
            c:n 4185.9726029
            c:w 4204.8910236
            n:w 12311.0615840
          b:e:c 1413.2832597
          b:e:n 643.6775282
          b:e:w 644.6712645
          b:c:n 644.5862828
          b:c:w 643.5924324
          b:n:w 1413.1476704
          e:c:n 4269.0626167
          e:c:w 4286.1463931
          e:n:w 6130.9057117
          c:n:w 5293.1980286
        b:e:c:n 1174.6312813
        b:e:c:w 1178.0683858
        b:e:n:w 1489.4351148
        b:c:n:w 1336.8843299
        e:c:n:w 48903.0270253
