########################################
# legofit: estimate population history #
#       version 2.3.4-4-g53f8760       #
########################################

# Program was compiled: Sep 21 2021 14:36:42
# Program was run: Tue Oct 19 17:50:02 2021

# cmd: legofit -1 -d 0 -t 32 --ptsPerDim 3 --stateOut b1boot20.state --tol 3e-6 -S 5000 egh2.lgo ../../chrX/boot_chrX/boot20.opf
# Stage nOptItr nSimReps
#     0    5000        0
# algorithm          : deterministic
# ignoring probs <=  : 0
# Branch length floor: 0
# DE strategy        : 2
#    F               : 0.3
#    CR              : 0.8
#    tolerance       : 3e-06
# nthreads           : 32
# lgo input file     : egh2.lgo
# site pat input file: ../../chrX/boot_chrX/boot20.opf
# free parameters    : 13
# points in DE swarm : 39
# output state file  : b1boot20.state
# Including singleton site patterns.
# cost function      : KL
Initial parameter values
Fixed:
      zero = 0
       one = 1
    Tbecnw = 75200
Free:
       pc1 = 0
       pc2 = 0
       pc3 = 0
       pc4 = 0
       pc5 = 0
       pc6 = 0
       pc7 = 0
       pc8 = 0
       pc9 = 0
      pc10 = 0
      pc11 = 0
      pc12 = 0
      pc13 = 0
Constrained:
     Tecnw = 45345.9
       Tnw = 5647.59
       Tec = 3703.53
     twoNb = 523767
     twoNe = 109063
     twoNw = 705630
    twoNec = 76266
    twoNnw = 111832
  twoNecnw = 23574.2
  twoNbecnw = 55819.5
        m5 = 0.135333
        m7 = 0.00040986
        m8 = 0.296501
        Th = 4675.56
        Te = 1851.76
        Tg = 925.882
DiffEv reached_goal. cost=2.73225e-03 spread=2.74354e-06
Fitted parameter values
Free:
       pc1 = 0.684796
       pc2 = -1.89264
       pc3 = 1.9477
       pc4 = 1.98137
       pc5 = -1.66457
       pc6 = 0.446998
       pc7 = -0.817062
       pc8 = 0.206817
       pc9 = -0.410479
      pc10 = -0.120283
      pc11 = -0.0104767
      pc12 = 0.101817
      pc13 = 0.233193
Constrained:
     Tecnw = 45728.2
       Tnw = 5892.06
       Tec = 21.4643
     twoNb = 413612
     twoNe = 156295
     twoNw = 1.4607e+06
    twoNec = 93755.1
    twoNnw = 108857
  twoNecnw = 23280.1
  twoNbecnw = 55602.4
        m5 = 0.136399
        m7 = 0.000636216
        m8 = 0.301866
        Th = 2956.76
        Te = 10.7321
        Tg = 5.36607
#       SitePat  BranchLen
              b 122889.7770966
              e 46004.5846569
              c 47982.5307662
              n 44868.0457020
              w 44792.4043920
            b:e 1358.9317491
            b:c 1495.5865089
            b:n 1174.0524402
            b:w 1171.0139415
            e:c 11954.2241519
            e:n 4767.7763694
            e:w 4810.8936465
            c:n 4204.2780233
            c:w 4221.6443292
            n:w 12604.9068421
          b:e:c 1433.6548189
          b:e:n 639.2698596
          b:e:w 640.1119704
          b:c:n 639.9204272
          b:c:w 639.0780840
          b:n:w 1433.3450247
          e:c:n 4254.5178666
          e:c:w 4269.6755935
          e:n:w 6187.3459275
          c:n:w 5372.1246234
        b:e:c:n 1171.2054847
        b:e:c:w 1174.2442158
        b:e:n:w 1495.8963031
        b:c:n:w 1349.6477202
        e:c:n:w 48543.4030310
