########################################
# legofit: estimate population history #
#       version 2.3.4-4-g53f8760       #
########################################

# Program was compiled: Sep 21 2021 14:36:42
# Program was run: Tue Oct 19 17:50:15 2021

# cmd: legofit -1 -d 0 -t 32 --ptsPerDim 3 --stateOut b1boot30.state --tol 3e-6 -S 5000 egh2.lgo ../../chrX/boot_chrX/boot30.opf
# Stage nOptItr nSimReps
#     0    5000        0
# algorithm          : deterministic
# ignoring probs <=  : 0
# Branch length floor: 0
# DE strategy        : 2
#    F               : 0.3
#    CR              : 0.8
#    tolerance       : 3e-06
# nthreads           : 32
# lgo input file     : egh2.lgo
# site pat input file: ../../chrX/boot_chrX/boot30.opf
# free parameters    : 13
# points in DE swarm : 39
# output state file  : b1boot30.state
# Including singleton site patterns.
# cost function      : KL
Initial parameter values
Fixed:
      zero = 0
       one = 1
    Tbecnw = 75200
Free:
       pc1 = 0
       pc2 = 0
       pc3 = 0
       pc4 = 0
       pc5 = 0
       pc6 = 0
       pc7 = 0
       pc8 = 0
       pc9 = 0
      pc10 = 0
      pc11 = 0
      pc12 = 0
      pc13 = 0
Constrained:
     Tecnw = 45345.9
       Tnw = 5647.59
       Tec = 3703.53
     twoNb = 523767
     twoNe = 109063
     twoNw = 705630
    twoNec = 76266
    twoNnw = 111832
  twoNecnw = 23574.2
  twoNbecnw = 55819.5
        m5 = 0.135333
        m7 = 0.00040986
        m8 = 0.296501
        Th = 4675.56
        Te = 1851.76
        Tg = 925.882
DiffEv reached_goal. cost=2.75328e-03 spread=2.96243e-06
Fitted parameter values
Free:
       pc1 = 2.59924
       pc2 = -0.457932
       pc3 = 1.94739
       pc4 = 1.92012
       pc5 = -1.86229
       pc6 = -0.718748
       pc7 = -1.15774
       pc8 = -0.541991
       pc9 = 0.112345
      pc10 = 0.763678
      pc11 = 0.43502
      pc12 = -0.0404705
      pc13 = 0.0806334
Constrained:
     Tecnw = 44377.3
       Tnw = 4826.92
       Tec = 166.431
     twoNb = 670435
     twoNe = 273041
     twoNw = 1.4326e+06
    twoNec = 93206.2
    twoNnw = 115392
  twoNecnw = 23542.8
  twoNbecnw = 55071.2
        m5 = 0.137968
        m7 = 0.000670381
        m8 = 0.277614
        Th = 2496.68
        Te = 83.2154
        Tg = 41.6077
#       SitePat  BranchLen
              b 122670.1291037
              e 45355.6684583
              c 47309.2355492
              n 44524.5783537
              w 44465.6860562
            b:e 1284.9826918
            b:c 1414.4825888
            b:n 1145.0324363
            b:w 1142.7530648
            e:c 11910.6425104
            e:n 4657.2579061
            e:w 4691.8370937
            c:n 4088.4120119
            c:w 4101.2488522
            n:w 12442.0113289
          b:e:c 1383.0927122
          b:e:n 615.0342440
          b:e:w 615.7260622
          b:c:n 615.6010467
          b:c:w 614.9091156
          b:n:w 1382.8938243
          e:c:n 4277.1697017
          e:c:w 4288.6459713
          e:n:w 5985.9252945
          c:n:w 5198.4290394
        b:e:c:n 1142.8780804
        b:e:c:w 1145.1575647
        b:e:n:w 1414.6814767
        b:c:n:w 1278.7950233
        e:c:n:w 49097.4492676
