########################################
# legofit: estimate population history #
#       version 2.3.4-4-g53f8760       #
########################################

# Program was compiled: Sep 21 2021 14:36:42
# Program was run: Tue Oct 19 17:49:58 2021

# cmd: legofit -1 -d 0 -t 32 --ptsPerDim 3 --stateOut b1boot17.state --tol 3e-6 -S 5000 egh2.lgo ../../chrX/boot_chrX/boot17.opf
# Stage nOptItr nSimReps
#     0    5000        0
# algorithm          : deterministic
# ignoring probs <=  : 0
# Branch length floor: 0
# DE strategy        : 2
#    F               : 0.3
#    CR              : 0.8
#    tolerance       : 3e-06
# nthreads           : 32
# lgo input file     : egh2.lgo
# site pat input file: ../../chrX/boot_chrX/boot17.opf
# free parameters    : 13
# points in DE swarm : 39
# output state file  : b1boot17.state
# Including singleton site patterns.
# cost function      : KL
Initial parameter values
Fixed:
      zero = 0
       one = 1
    Tbecnw = 75200
Free:
       pc1 = 0
       pc2 = 0
       pc3 = 0
       pc4 = 0
       pc5 = 0
       pc6 = 0
       pc7 = 0
       pc8 = 0
       pc9 = 0
      pc10 = 0
      pc11 = 0
      pc12 = 0
      pc13 = 0
Constrained:
     Tecnw = 45345.9
       Tnw = 5647.59
       Tec = 3703.53
     twoNb = 523767
     twoNe = 109063
     twoNw = 705630
    twoNec = 76266
    twoNnw = 111832
  twoNecnw = 23574.2
  twoNbecnw = 55819.5
        m5 = 0.135333
        m7 = 0.00040986
        m8 = 0.296501
        Th = 4675.56
        Te = 1851.76
        Tg = 925.882
DiffEv reached_goal. cost=2.75383e-03 spread=2.39785e-06
Fitted parameter values
Free:
       pc1 = 1.8378
       pc2 = -1.62378
       pc3 = 1.94771
       pc4 = 1.9139
       pc5 = -1.82755
       pc6 = -0.311524
       pc7 = -1.26855
       pc8 = -0.582426
       pc9 = 0.872499
      pc10 = 0.631433
      pc11 = 0.0508064
      pc12 = -0.0716783
      pc13 = -0.143824
Constrained:
     Tecnw = 45267.1
       Tnw = 4651.13
       Tec = 69.1037
     twoNb = 620350
     twoNe = 229118
     twoNw = 1.62143e+06
    twoNec = 89082.7
    twoNnw = 117935
  twoNecnw = 23263.8
  twoNbecnw = 55414.8
        m5 = 0.132683
        m7 = 0.000679506
        m8 = 0.284554
        Th = 2360.12
        Te = 34.5519
        Tg = 17.2759
#       SitePat  BranchLen
              b 122818.4805502
              e 45626.9329883
              c 47515.4087358
              n 45063.6026407
              w 45011.6339624
            b:e 1310.7149427
            b:c 1437.2277113
            b:n 1181.3179194
            b:w 1179.2807796
            e:c 12314.2025814
            e:n 4675.6483008
            e:w 4705.6520331
            c:n 4122.1496047
            c:w 4134.0325957
            n:w 12597.1564807
          b:e:c 1433.0922141
          b:e:n 627.0459510
          b:e:w 627.6305516
          b:c:n 627.4904121
          b:c:w 626.9056989
          b:n:w 1432.8695993
          e:c:n 4313.2693638
          e:c:w 4323.3513188
          e:n:w 5950.5878095
          c:n:w 5194.5023949
        b:e:c:n 1179.4209191
        b:e:c:w 1181.4581715
        b:e:n:w 1437.4503261
        b:c:n:w 1303.9457497
        e:c:n:w 48697.8740247
