########################################
# legofit: estimate population history #
#       version 2.3.4-4-g53f8760       #
########################################

# Program was compiled: Sep 21 2021 14:36:42
# Program was run: Tue Oct 19 17:50:24 2021

# cmd: legofit -1 -d 0 -t 32 --ptsPerDim 3 --stateOut b1boot46.state --tol 3e-6 -S 5000 egh2.lgo ../../chrX/boot_chrX/boot46.opf
# Stage nOptItr nSimReps
#     0    5000        0
# algorithm          : deterministic
# ignoring probs <=  : 0
# Branch length floor: 0
# DE strategy        : 2
#    F               : 0.3
#    CR              : 0.8
#    tolerance       : 3e-06
# nthreads           : 32
# lgo input file     : egh2.lgo
# site pat input file: ../../chrX/boot_chrX/boot46.opf
# free parameters    : 13
# points in DE swarm : 39
# output state file  : b1boot46.state
# Including singleton site patterns.
# cost function      : KL
Initial parameter values
Fixed:
      zero = 0
       one = 1
    Tbecnw = 75200
Free:
       pc1 = 0
       pc2 = 0
       pc3 = 0
       pc4 = 0
       pc5 = 0
       pc6 = 0
       pc7 = 0
       pc8 = 0
       pc9 = 0
      pc10 = 0
      pc11 = 0
      pc12 = 0
      pc13 = 0
Constrained:
     Tecnw = 45345.9
       Tnw = 5647.59
       Tec = 3703.53
     twoNb = 523767
     twoNe = 109063
     twoNw = 705630
    twoNec = 76266
    twoNnw = 111832
  twoNecnw = 23574.2
  twoNbecnw = 55819.5
        m5 = 0.135333
        m7 = 0.00040986
        m8 = 0.296501
        Th = 4675.56
        Te = 1851.76
        Tg = 925.882
DiffEv reached_goal. cost=2.62473e-03 spread=2.74287e-06
Fitted parameter values
Free:
       pc1 = 1.51507
       pc2 = -1.72265
       pc3 = 1.90347
       pc4 = 1.98625
       pc5 = -1.22677
       pc6 = 0.266201
       pc7 = -0.428496
       pc8 = -0.107142
       pc9 = 0.486024
      pc10 = -0.103314
      pc11 = -0.0194502
      pc12 = -0.140246
      pc13 = 0.101453
Constrained:
     Tecnw = 45505.3
       Tnw = 5080.96
       Tec = 272.579
     twoNb = 559896
     twoNe = 132854
     twoNw = 1.4824e+06
    twoNec = 91867.2
    twoNnw = 117121
  twoNecnw = 23359.4
  twoNbecnw = 55590.9
        m5 = 0.138744
        m7 = 0.00082135
        m8 = 0.294362
        Th = 2676.77
        Te = 136.29
        Tg = 68.1448
#       SitePat  BranchLen
              b 122852.3818413
              e 46060.9447689
              c 48010.3694012
              n 45226.2125201
              w 45164.0938032
            b:e 1348.0963307
            b:c 1478.3192005
            b:n 1195.0550974
            b:w 1192.5724027
            e:c 11970.7751750
            e:n 4776.2085765
            e:w 4812.2578916
            c:n 4207.7963282
            c:w 4221.6650144
            n:w 12470.4502670
          b:e:c 1431.5842114
          b:e:n 646.0750753
          b:e:w 646.8021079
          b:c:n 646.6123926
          b:c:w 645.8851789
          b:n:w 1431.2840804
          e:c:n 4319.2401083
          e:c:w 4331.4408238
          e:n:w 6061.3790508
          c:n:w 5280.6544799
        b:e:c:n 1192.7621180
        b:e:c:w 1195.2449938
        b:e:n:w 1478.6193315
        b:c:n:w 1339.0811377
        e:c:n:w 48448.9449364
