########################################
# legofit: estimate population history #
#       version 2.3.4-4-g53f8760       #
########################################

# Program was compiled: Sep 21 2021 14:36:42
# Program was run: Tue Oct 19 17:50:06 2021

# cmd: legofit -1 -d 0 -t 32 --ptsPerDim 3 --stateOut b1boot26.state --tol 3e-6 -S 5000 egh2.lgo ../../chrX/boot_chrX/boot26.opf
# Stage nOptItr nSimReps
#     0    5000        0
# algorithm          : deterministic
# ignoring probs <=  : 0
# Branch length floor: 0
# DE strategy        : 2
#    F               : 0.3
#    CR              : 0.8
#    tolerance       : 3e-06
# nthreads           : 32
# lgo input file     : egh2.lgo
# site pat input file: ../../chrX/boot_chrX/boot26.opf
# free parameters    : 13
# points in DE swarm : 39
# output state file  : b1boot26.state
# Including singleton site patterns.
# cost function      : KL
Initial parameter values
Fixed:
      zero = 0
       one = 1
    Tbecnw = 75200
Free:
       pc1 = 0
       pc2 = 0
       pc3 = 0
       pc4 = 0
       pc5 = 0
       pc6 = 0
       pc7 = 0
       pc8 = 0
       pc9 = 0
      pc10 = 0
      pc11 = 0
      pc12 = 0
      pc13 = 0
Constrained:
     Tecnw = 45345.9
       Tnw = 5647.59
       Tec = 3703.53
     twoNb = 523767
     twoNe = 109063
     twoNw = 705630
    twoNec = 76266
    twoNnw = 111832
  twoNecnw = 23574.2
  twoNbecnw = 55819.5
        m5 = 0.135333
        m7 = 0.00040986
        m8 = 0.296501
        Th = 4675.56
        Te = 1851.76
        Tg = 925.882
DiffEv reached_goal. cost=2.67007e-03 spread=2.84405e-06
Fitted parameter values
Free:
       pc1 = 1.33947
       pc2 = -1.97179
       pc3 = 1.91087
       pc4 = 1.95172
       pc5 = -1.32104
       pc6 = -1.48752
       pc7 = -1.0445
       pc8 = 1.08774
       pc9 = 0.136259
      pc10 = -0.234824
      pc11 = -0.370516
      pc12 = -0.0540056
      pc13 = 0.155896
Constrained:
     Tecnw = 45617.7
       Tnw = 5527.94
       Tec = 8.65912
     twoNb = 598635
     twoNe = 225846
     twoNw = 1.41286e+06
    twoNec = 96301.7
    twoNnw = 112958
  twoNecnw = 23886.8
  twoNbecnw = 56802.8
        m5 = 0.129916
        m7 = 0.00123113
        m8 = 0.295598
        Th = 2768.3
        Te = 4.32956
        Tg = 2.16478
#       SitePat  BranchLen
              b 123631.6790902
              e 46549.3170206
              c 48408.0554415
              n 45365.1023494
              w 45292.3305397
            b:e 1444.8594928
            b:c 1567.5919628
            b:n 1247.0058082
            b:w 1243.9574336
            e:c 12096.7125325
            e:n 4824.0387996
            e:w 4865.2476794
            c:n 4289.2771697
            c:w 4306.2155515
            n:w 12767.6627226
          b:e:c 1510.3549393
          b:e:n 678.2499451
          b:e:w 679.0785923
          b:c:n 678.7991169
          b:c:w 677.9701472
          b:n:w 1509.9076205
          e:c:n 4389.2000612
          e:c:w 4403.8246094
          e:n:w 6258.0042632
          c:n:w 5506.8933925
        b:e:c:n 1244.2369089
        b:e:c:w 1247.2856061
        b:e:n:w 1568.0392817
        b:c:n:w 1432.0322925
        e:c:n:w 48602.5985060
