########################################
# legofit: estimate population history #
#       version 2.3.4-4-g53f8760       #
########################################

# Program was compiled: Sep 21 2021 14:36:42
# Program was run: Tue Oct 19 17:50:16 2021

# cmd: legofit -1 -d 0 -t 32 --ptsPerDim 3 --stateOut b1boot34.state --tol 3e-6 -S 5000 egh2.lgo ../../chrX/boot_chrX/boot34.opf
# Stage nOptItr nSimReps
#     0    5000        0
# algorithm          : deterministic
# ignoring probs <=  : 0
# Branch length floor: 0
# DE strategy        : 2
#    F               : 0.3
#    CR              : 0.8
#    tolerance       : 3e-06
# nthreads           : 32
# lgo input file     : egh2.lgo
# site pat input file: ../../chrX/boot_chrX/boot34.opf
# free parameters    : 13
# points in DE swarm : 39
# output state file  : b1boot34.state
# Including singleton site patterns.
# cost function      : KL
Initial parameter values
Fixed:
      zero = 0
       one = 1
    Tbecnw = 75200
Free:
       pc1 = 0
       pc2 = 0
       pc3 = 0
       pc4 = 0
       pc5 = 0
       pc6 = 0
       pc7 = 0
       pc8 = 0
       pc9 = 0
      pc10 = 0
      pc11 = 0
      pc12 = 0
      pc13 = 0
Constrained:
     Tecnw = 45345.9
       Tnw = 5647.59
       Tec = 3703.53
     twoNb = 523767
     twoNe = 109063
     twoNw = 705630
    twoNec = 76266
    twoNnw = 111832
  twoNecnw = 23574.2
  twoNbecnw = 55819.5
        m5 = 0.135333
        m7 = 0.00040986
        m8 = 0.296501
        Th = 4675.56
        Te = 1851.76
        Tg = 925.882
DiffEv reached_goal. cost=2.50659e-03 spread=1.95272e-06
Fitted parameter values
Free:
       pc1 = 3.22313
       pc2 = 0.138058
       pc3 = 1.98549
       pc4 = 1.93383
       pc5 = -1.9545
       pc6 = -0.493594
       pc7 = 1.42708
       pc8 = -1.58931
       pc9 = 0.206183
      pc10 = 0.735305
      pc11 = 0.304078
      pc12 = 0.0470381
      pc13 = -0.0196325
Constrained:
     Tecnw = 44429.8
       Tnw = 4246.25
       Tec = 98.1972
     twoNb = 927040
     twoNe = 200838
     twoNw = 1.29778e+06
    twoNec = 92219
    twoNnw = 119729
  twoNecnw = 23476.8
  twoNbecnw = 55139.7
        m5 = 0.160905
        m7 = 4.61733e-05
        m8 = 0.269056
        Th = 2172.22
        Te = 49.0986
        Tg = 24.5493
#       SitePat  BranchLen
              b 122735.4671022
              e 45192.1824772
              c 47511.1092514
              n 44628.2735819
              w 44567.8875709
            b:e 1257.6663105
            b:c 1423.7402321
            b:n 1153.2734674
            b:w 1150.9534161
            e:c 11892.9111387
            e:n 4739.4283363
            e:w 4776.3916115
            c:n 4062.4192823
            c:w 4074.2780235
            n:w 12394.0361441
          b:e:c 1379.8072400
          b:e:n 618.9853725
          b:e:w 619.7831973
          b:c:n 619.7768289
          b:c:w 618.9789986
          b:n:w 1379.7971571
          e:c:n 4295.4582085
          e:c:w 4307.0222030
          e:n:w 6023.5825543
          c:n:w 5084.1137419
        b:e:c:n 1150.9597846
        b:e:c:w 1153.2798413
        b:e:n:w 1423.7503150
        b:c:n:w 1257.3538161
        e:c:n:w 49112.3644889
