########################################
# legofit: estimate population history #
#       version 2.3.4-4-g53f8760       #
########################################

# Program was compiled: Sep 21 2021 14:36:42
# Program was run: Tue Oct 19 17:50:02 2021

# cmd: legofit -1 -d 0 -t 32 --ptsPerDim 3 --stateOut b1boot19.state --tol 3e-6 -S 5000 egh2.lgo ../../chrX/boot_chrX/boot19.opf
# Stage nOptItr nSimReps
#     0    5000        0
# algorithm          : deterministic
# ignoring probs <=  : 0
# Branch length floor: 0
# DE strategy        : 2
#    F               : 0.3
#    CR              : 0.8
#    tolerance       : 3e-06
# nthreads           : 32
# lgo input file     : egh2.lgo
# site pat input file: ../../chrX/boot_chrX/boot19.opf
# free parameters    : 13
# points in DE swarm : 39
# output state file  : b1boot19.state
# Including singleton site patterns.
# cost function      : KL
Initial parameter values
Fixed:
      zero = 0
       one = 1
    Tbecnw = 75200
Free:
       pc1 = 0
       pc2 = 0
       pc3 = 0
       pc4 = 0
       pc5 = 0
       pc6 = 0
       pc7 = 0
       pc8 = 0
       pc9 = 0
      pc10 = 0
      pc11 = 0
      pc12 = 0
      pc13 = 0
Constrained:
     Tecnw = 45345.9
       Tnw = 5647.59
       Tec = 3703.53
     twoNb = 523767
     twoNe = 109063
     twoNw = 705630
    twoNec = 76266
    twoNnw = 111832
  twoNecnw = 23574.2
  twoNbecnw = 55819.5
        m5 = 0.135333
        m7 = 0.00040986
        m8 = 0.296501
        Th = 4675.56
        Te = 1851.76
        Tg = 925.882
DiffEv reached_goal. cost=2.76828e-03 spread=2.47222e-06
Fitted parameter values
Free:
       pc1 = 1.50113
       pc2 = -1.95029
       pc3 = 1.9765
       pc4 = 1.87331
       pc5 = -1.63561
       pc6 = 0.1229
       pc7 = -1.38076
       pc8 = 0.0811437
       pc9 = -0.038281
      pc10 = 1.15483
      pc11 = -0.252618
      pc12 = -0.192246
      pc13 = 0.105151
Constrained:
     Tecnw = 45613.7
       Tnw = 5333.52
       Tec = 185.724
     twoNb = 461390
     twoNe = 193774
     twoNw = 1.56833e+06
    twoNec = 93696.2
    twoNnw = 110401
  twoNecnw = 23246.7
  twoNbecnw = 55418.6
        m5 = 0.130116
        m7 = 0.000763461
        m8 = 0.278417
        Th = 2759.62
        Te = 92.8619
        Tg = 46.431
#       SitePat  BranchLen
              b 122744.7004368
              e 46015.3374769
              c 47960.3032605
              n 44934.4705775
              w 44875.9718393
            b:e 1345.2836157
            b:c 1475.3873827
            b:n 1171.2309644
            b:w 1168.9192921
            e:c 12274.9643232
            e:n 4638.8043458
            e:w 4672.7217217
            c:n 4079.3909665
            c:w 4092.5916870
            n:w 12905.9345478
          b:e:c 1461.1248858
          b:e:n 625.6485332
          b:e:w 626.3202084
          b:c:n 626.1141925
          b:c:w 625.4423291
          b:n:w 1460.7879011
          e:c:n 4234.6089750
          e:c:w 4245.9896167
          e:n:w 6094.6394164
          c:n:w 5300.0059112
        b:e:c:n 1169.1253080
        b:e:c:w 1171.4371685
        b:e:n:w 1475.7243673
        b:c:n:w 1335.2439559
        e:c:n:w 48430.7605789
