########################################
# legofit: estimate population history #
#       version 2.3.4-4-g53f8760       #
########################################

# Program was compiled: Sep 21 2021 14:36:42
# Program was run: Tue Oct 19 17:49:53 2021

# cmd: legofit -1 -d 0 -t 32 --ptsPerDim 3 --stateOut b1boot7.state --tol 3e-6 -S 5000 egh2.lgo ../../chrX/boot_chrX/boot7.opf
# Stage nOptItr nSimReps
#     0    5000        0
# algorithm          : deterministic
# ignoring probs <=  : 0
# Branch length floor: 0
# DE strategy        : 2
#    F               : 0.3
#    CR              : 0.8
#    tolerance       : 3e-06
# nthreads           : 32
# lgo input file     : egh2.lgo
# site pat input file: ../../chrX/boot_chrX/boot7.opf
# free parameters    : 13
# points in DE swarm : 39
# output state file  : b1boot7.state
# Including singleton site patterns.
# cost function      : KL
Initial parameter values
Fixed:
      zero = 0
       one = 1
    Tbecnw = 75200
Free:
       pc1 = 0
       pc2 = 0
       pc3 = 0
       pc4 = 0
       pc5 = 0
       pc6 = 0
       pc7 = 0
       pc8 = 0
       pc9 = 0
      pc10 = 0
      pc11 = 0
      pc12 = 0
      pc13 = 0
Constrained:
     Tecnw = 45345.9
       Tnw = 5647.59
       Tec = 3703.53
     twoNb = 523767
     twoNe = 109063
     twoNw = 705630
    twoNec = 76266
    twoNnw = 111832
  twoNecnw = 23574.2
  twoNbecnw = 55819.5
        m5 = 0.135333
        m7 = 0.00040986
        m8 = 0.296501
        Th = 4675.56
        Te = 1851.76
        Tg = 925.882
DiffEv reached_goal. cost=2.80763e-03 spread=2.39181e-06
Fitted parameter values
Free:
       pc1 = 1.5521
       pc2 = -1.65636
       pc3 = 1.96866
       pc4 = 1.84837
       pc5 = -1.81062
       pc6 = -0.573659
       pc7 = -0.755692
       pc8 = -0.351188
       pc9 = 1.04141
      pc10 = -0.217206
      pc11 = -0.31362
      pc12 = -0.0400633
      pc13 = -0.129018
Constrained:
     Tecnw = 45613.7
       Tnw = 4743.84
       Tec = 117.402
     twoNb = 676821
     twoNe = 211967
     twoNw = 1.57599e+06
    twoNec = 89058.8
    twoNnw = 119849
  twoNecnw = 23571.6
  twoNbecnw = 55841.9
        m5 = 0.135745
        m7 = 0.000658352
        m8 = 0.295553
        Th = 2430.62
        Te = 58.7008
        Tg = 29.3504
#       SitePat  BranchLen
              b 122941.2301932
              e 46050.5323507
              c 47960.4533100
              n 45466.1261948
              w 45409.7666117
            b:e 1362.8375977
            b:c 1495.8304936
            b:n 1228.8662996
            b:w 1226.5829212
            e:c 12269.7707782
            e:n 4802.2703249
            e:w 4834.6511768
            c:n 4243.0235625
            c:w 4255.9206442
            n:w 12568.8937996
          b:e:c 1469.5381085
          b:e:n 658.1973936
          b:e:w 658.8454326
          b:c:n 658.7149511
          b:c:w 658.0667990
          b:n:w 1469.3328896
          e:c:n 4391.0060802
          e:c:w 4402.0877297
          e:n:w 6050.9421428
          c:n:w 5285.5122669
        b:e:c:n 1226.7134026
        b:e:c:w 1228.9968942
        b:e:n:w 1496.0357125
        b:c:n:w 1356.7901042
        e:c:n:w 48234.1540683
