########################################
# legofit: estimate population history #
#       version 2.3.4-4-g53f8760       #
########################################

# Program was compiled: Sep 21 2021 14:36:42
# Program was run: Tue Oct 19 17:50:02 2021

# cmd: legofit -1 -d 0 -t 32 --ptsPerDim 3 --stateOut b1boot22.state --tol 3e-6 -S 5000 egh2.lgo ../../chrX/boot_chrX/boot22.opf
# Stage nOptItr nSimReps
#     0    5000        0
# algorithm          : deterministic
# ignoring probs <=  : 0
# Branch length floor: 0
# DE strategy        : 2
#    F               : 0.3
#    CR              : 0.8
#    tolerance       : 3e-06
# nthreads           : 32
# lgo input file     : egh2.lgo
# site pat input file: ../../chrX/boot_chrX/boot22.opf
# free parameters    : 13
# points in DE swarm : 39
# output state file  : b1boot22.state
# Including singleton site patterns.
# cost function      : KL
Initial parameter values
Fixed:
      zero = 0
       one = 1
    Tbecnw = 75200
Free:
       pc1 = 0
       pc2 = 0
       pc3 = 0
       pc4 = 0
       pc5 = 0
       pc6 = 0
       pc7 = 0
       pc8 = 0
       pc9 = 0
      pc10 = 0
      pc11 = 0
      pc12 = 0
      pc13 = 0
Constrained:
     Tecnw = 45345.9
       Tnw = 5647.59
       Tec = 3703.53
     twoNb = 523767
     twoNe = 109063
     twoNw = 705630
    twoNec = 76266
    twoNnw = 111832
  twoNecnw = 23574.2
  twoNbecnw = 55819.5
        m5 = 0.135333
        m7 = 0.00040986
        m8 = 0.296501
        Th = 4675.56
        Te = 1851.76
        Tg = 925.882
DiffEv reached_goal. cost=2.65098e-03 spread=2.74457e-06
Fitted parameter values
Free:
       pc1 = 1.82844
       pc2 = -1.37507
       pc3 = 1.89525
       pc4 = 1.86823
       pc5 = -1.8625
       pc6 = 0.428328
       pc7 = -1.07766
       pc8 = 0.314621
       pc9 = 0.0834838
      pc10 = 0.481795
      pc11 = -0.273631
      pc12 = -0.0783614
      pc13 = 0.156421
Constrained:
     Tecnw = 45349.3
       Tnw = 5160.96
       Tec = 182.968
     twoNb = 409316
     twoNe = 181167
     twoNw = 1.54474e+06
    twoNec = 93388.1
    twoNnw = 112993
  twoNecnw = 23632.7
  twoNbecnw = 55254.6
        m5 = 0.135954
        m7 = 0.000674036
        m8 = 0.284562
        Th = 2671.96
        Te = 91.4842
        Tg = 45.7421
#       SitePat  BranchLen
              b 122513.7055116
              e 45988.5446854
              c 47978.3838760
              n 44978.8157979
              w 44919.4393283
            b:e 1352.4341177
            b:c 1487.1069471
            b:n 1186.7171701
            b:w 1184.3472462
            e:c 12122.0796768
            e:n 4729.3708057
            e:w 4763.8983077
            c:n 4155.3957300
            c:w 4168.5974093
            n:w 12738.8320971
          b:e:c 1451.9554120
          b:e:n 638.8063499
          b:e:w 639.5043538
          b:c:n 639.2981451
          b:c:w 638.5999522
          b:n:w 1451.6231151
          e:c:n 4291.5036905
          e:c:w 4303.1509790
          e:n:w 6125.1932404
          c:n:w 5315.2557193
        b:e:c:n 1184.5534549
        b:e:c:w 1186.9235678
        b:e:n:w 1487.4392439
        b:c:n:w 1342.5533254
        e:c:n:w 48120.2100274
