########################################
# legofit: estimate population history #
#       version 2.3.4-4-g53f8760       #
########################################

# Program was compiled: Sep 21 2021 14:36:42
# Program was run: Tue Oct 19 17:50:24 2021

# cmd: legofit -1 -d 0 -t 32 --ptsPerDim 3 --stateOut b1boot45.state --tol 3e-6 -S 5000 egh2.lgo ../../chrX/boot_chrX/boot45.opf
# Stage nOptItr nSimReps
#     0    5000        0
# algorithm          : deterministic
# ignoring probs <=  : 0
# Branch length floor: 0
# DE strategy        : 2
#    F               : 0.3
#    CR              : 0.8
#    tolerance       : 3e-06
# nthreads           : 32
# lgo input file     : egh2.lgo
# site pat input file: ../../chrX/boot_chrX/boot45.opf
# free parameters    : 13
# points in DE swarm : 39
# output state file  : b1boot45.state
# Including singleton site patterns.
# cost function      : KL
Initial parameter values
Fixed:
      zero = 0
       one = 1
    Tbecnw = 75200
Free:
       pc1 = 0
       pc2 = 0
       pc3 = 0
       pc4 = 0
       pc5 = 0
       pc6 = 0
       pc7 = 0
       pc8 = 0
       pc9 = 0
      pc10 = 0
      pc11 = 0
      pc12 = 0
      pc13 = 0
Constrained:
     Tecnw = 45345.9
       Tnw = 5647.59
       Tec = 3703.53
     twoNb = 523767
     twoNe = 109063
     twoNw = 705630
    twoNec = 76266
    twoNnw = 111832
  twoNecnw = 23574.2
  twoNbecnw = 55819.5
        m5 = 0.135333
        m7 = 0.00040986
        m8 = 0.296501
        Th = 4675.56
        Te = 1851.76
        Tg = 925.882
DiffEv reached_goal. cost=2.53727e-03 spread=2.83056e-06
Fitted parameter values
Free:
       pc1 = 2.26567
       pc2 = -1.04106
       pc3 = 1.97294
       pc4 = 1.98984
       pc5 = -1.83585
       pc6 = 0.718184
       pc7 = -0.536528
       pc8 = -0.0499799
       pc9 = 0.309416
      pc10 = 0.253012
      pc11 = -0.0806274
      pc12 = -0.054656
      pc13 = 0.0804708
Constrained:
     Tecnw = 45080.2
       Tnw = 4872.37
       Tec = 4.21576
     twoNb = 468167
     twoNe = 155066
     twoNw = 1.54453e+06
    twoNec = 92602.3
    twoNnw = 116579
  twoNecnw = 23631.5
  twoNbecnw = 54995.3
        m5 = 0.142668
        m7 = 0.000586431
        m8 = 0.284576
        Th = 2438.29
        Te = 2.10788
        Tg = 1.05394
#       SitePat  BranchLen
              b 122359.5832644
              e 45745.4447472
              c 47785.8664025
              n 44986.3023991
              w 44927.3944985
            b:e 1322.3824437
            b:c 1461.1868980
            b:n 1180.5066410
            b:w 1178.1818781
            e:c 12051.4196882
            e:n 4747.1182813
            e:w 4781.5845164
            c:n 4153.3811548
            c:w 4166.3156756
            n:w 12534.7459476
          b:e:c 1422.3876630
          b:e:n 635.2012101
          b:e:w 635.8993928
          b:c:n 635.7415329
          b:c:w 635.0432086
          b:n:w 1422.1367366
          e:c:n 4310.9189610
          e:c:w 4322.4261057
          e:n:w 6057.8612440
          c:n:w 5234.5906359
        b:e:c:n 1178.3397381
        b:e:c:w 1180.6646424
        b:e:n:w 1461.4378244
        b:c:n:w 1314.8041515
        e:c:n:w 48170.4107673
