########################################
# legofit: estimate population history #
#       version 2.3.4-4-g53f8760       #
########################################

# Program was compiled: Sep 21 2021 14:36:42
# Program was run: Thu Sep 30 11:30:27 2021

# cmd: legofit -1 -d 0 -t 32 --ptsPerDim 3 --stateOut b1boot39.state --tol 3e-6 -S 5000 beg2.lgo ../../boot/boot39.opf
# Stage nOptItr nSimReps
#     0    5000        0
# algorithm          : deterministic
# ignoring probs <=  : 0
# Branch length floor: 0
# DE strategy        : 2
#    F               : 0.3
#    CR              : 0.8
#    tolerance       : 3e-06
# nthreads           : 32
# lgo input file     : beg2.lgo
# site pat input file: ../../boot/boot39.opf
# free parameters    : 13
# points in DE swarm : 39
# output state file  : b1boot39.state
# Including singleton site patterns.
# cost function      : KL
Initial parameter values
Fixed:
      zero = 0
       one = 1
    Tbecnw = 75200
Free:
       pc1 = 0
       pc2 = 0
       pc3 = 0
       pc4 = 0
       pc5 = 0
       pc6 = 0
       pc7 = 0
       pc8 = 0
       pc9 = 0
      pc10 = 0
      pc11 = 0
      pc12 = 0
      pc13 = 0
Constrained:
     Tecnw = 40640.1
       Tnw = 866.341
       Tec = 6077.99
     twoNb = 1.12624e+06
     twoNe = 101521
     twoNw = 726689
    twoNec = 237299
    twoNnw = 190720
  twoNecnw = 30535.2
  twoNbecnw = 77068.3
        m2 = 0.00698073
        m5 = 0.234038
        m7 = 0.00250822
        Tb = 23359
        Te = 433.171
        Tg = 216.585
DiffEv reached_goal. cost=2.93321e-03 spread=2.82018e-06
Fitted parameter values
Free:
       pc1 = 1.97871
       pc2 = -0.0522817
       pc3 = -0.00779968
       pc4 = -1.20212
       pc5 = -1.97489
       pc6 = 1.49465
       pc7 = -1.46204
       pc8 = 0.0311609
       pc9 = 0.307715
      pc10 = -0.0376951
      pc11 = -0.0640082
      pc12 = -0.0547472
      pc13 = 0.0992929
Constrained:
     Tecnw = 40869.9
       Tnw = 62.9648
       Tec = 33.9587
     twoNb = 1.77945e+06
     twoNe = 217997
     twoNw = 546617
    twoNec = 273020
    twoNnw = 198137
  twoNecnw = 30231.6
  twoNbecnw = 77007.1
        m2 = 0.00893811
        m5 = 0.245593
        m7 = 0.00612547
        Tb = 20451.9
        Te = 31.4824
        Tg = 15.7412
#       SitePat  BranchLen
              b 137908.5727900
              e 52942.5412594
              c 56523.2485703
              n 50571.6864350
              w 50570.8944939
            b:e 2520.9016555
            b:c 2811.1804654
            b:n 2117.0977886
            b:w 2117.0506294
            e:c 11088.7247330
            e:n 5809.8160077
            e:w 5810.6079488
            c:n 4698.3773337
            c:w 4698.2271488
            n:w 13640.5875786
          b:e:c 2255.3484123
          b:e:n 1237.5441097
          b:e:w 1237.5912688
          b:c:n 1236.9682958
          b:c:w 1236.9211111
          b:n:w 2250.4705776
          e:c:n 5984.9442552
          e:c:w 5985.0944402
          e:n:w 8301.5104134
          c:n:w 6966.6488319
        b:e:c:n 2119.4910405
        b:e:c:w 2119.5382252
        b:e:n:w 2789.5701955
        b:c:n:w 2478.5111020
        e:c:n:w 56233.5337021
