########################################
# legofit: estimate population history #
#       version 2.3.4-4-g53f8760       #
########################################

# Program was compiled: Sep 21 2021 14:36:42
# Program was run: Thu Sep 23 15:41:04 2021

# cmd: legofit -1 -d 0 -t 32 --ptsPerDim 3 --stateOut b1.state --tol 3e-6 -S 5000 bcde2.lgo ../../chrX/pan_chrX.opf
# Stage nOptItr nSimReps
#     0    5000        0
# algorithm          : deterministic
# ignoring probs <=  : 0
# Branch length floor: 0
# DE strategy        : 2
#    F               : 0.3
#    CR              : 0.8
#    tolerance       : 3e-06
# nthreads           : 32
# lgo input file     : bcde2.lgo
# site pat input file: ../../chrX/pan_chrX.opf
# free parameters    : 16
# points in DE swarm : 48
# output state file  : b1.state
# Including singleton site patterns.
# cost function      : KL
Initial parameter values
Fixed:
      zero = 0
       one = 1
    Tbecnw = 75200
Free:
       pc1 = 0
       pc2 = 0
       pc3 = 0
       pc4 = 0
       pc5 = 0
       pc6 = 0
       pc7 = 0
       pc8 = 0
       pc9 = 0
      pc10 = 0
      pc11 = 0
      pc12 = 0
      pc13 = 0
      pc14 = 0
      pc15 = 0
      pc16 = 0
Constrained:
     Tecnw = 36263.4
       Tnw = 5494.7
       Tec = 2928.14
     twoNb = 2.28062e+06
     twoNe = 7966.61
     twoNc = 248980
     twoNn = 179897
     twoNw = 1.16209e+06
    twoNec = 134767
    twoNnw = 91916.5
  twoNecnw = 27974.1
  twoNbecnw = 50757.2
        m2 = 0.0281282
        m3 = 0.24122
        m4 = 0.000645218
        m5 = 0.121532
        Tb = 19595.8
        Tc = 2747.35
        Td = 1373.68
        Te = 686.838
DiffEv reached_goal. cost=2.32621e-03 spread=2.98879e-06
Fitted parameter values
Free:
       pc1 = -3.95915
       pc2 = 1.27132
       pc3 = 1.33143
       pc4 = -0.443152
       pc5 = 1.89091
       pc6 = 0.0180608
       pc7 = 1.92242
       pc8 = 0.507759
       pc9 = -1.34698
      pc10 = 1.30304
      pc11 = 0.113046
      pc12 = -0.998346
      pc13 = 0.331401
      pc14 = -0.0318021
      pc15 = 0.087598
      pc16 = -0.00800512
Constrained:
     Tecnw = 37072.7
       Tnw = 3.40778
       Tec = 138.557
     twoNb = 4.30815e+06
     twoNe = 6016.42
     twoNc = 462074
     twoNn = 25541.4
     twoNw = 90861.5
    twoNec = 141770
    twoNnw = 120880
  twoNecnw = 26372.8
  twoNbecnw = 50822.4
        m2 = 0.0399286
        m3 = 0.238867
        m4 = 9.54563e-05
        m5 = 0.124401
        Tb = 18605.6
        Tc = 1.70389
        Td = 0.851945
        Te = 0.425972
#       SitePat  BranchLen
              b 118474.9983226
              e 44017.6725693
              c 46235.7393912
              n 41849.7525815
              w 44896.9052762
            b:e 1404.7364679
            b:c 1583.9116424
            b:n 1049.4630563
            b:w 1143.7061769
            e:c 11244.6420440
            e:n 4745.4490771
            e:w 3925.8867976
            c:n 4309.9549692
            c:w 3059.2720442
            n:w 12031.7346037
          b:e:c 1238.8428152
          b:e:n 551.5080992
          b:e:w 571.9001950
          b:c:n 573.1242660
          b:c:w 550.5105866
          b:n:w 1232.7484714
          e:c:n 5147.1175410
          e:c:w 4180.0659992
          e:n:w 6124.3307196
          c:n:w 5203.0975493
        b:e:c:n 1145.8442896
        b:e:c:w 1043.9668044
        b:e:n:w 1551.9647182
        b:c:n:w 1377.8381950
        e:c:n:w 46601.1359695
