########################################
# legofit: estimate population history #
#       version 2.3.4-4-g53f8760       #
########################################

# Program was compiled: Sep 21 2021 14:36:42
# Program was run: Thu Sep 23 15:42:29 2021

# cmd: legofit -1 -d 0 -t 32 --ptsPerDim 3 --stateOut b1boot26.state --tol 3e-6 -S 5000 bcde2.lgo ../../chrX/boot_chrX/boot26.opf
# Stage nOptItr nSimReps
#     0    5000        0
# algorithm          : deterministic
# ignoring probs <=  : 0
# Branch length floor: 0
# DE strategy        : 2
#    F               : 0.3
#    CR              : 0.8
#    tolerance       : 3e-06
# nthreads           : 32
# lgo input file     : bcde2.lgo
# site pat input file: ../../chrX/boot_chrX/boot26.opf
# free parameters    : 16
# points in DE swarm : 48
# output state file  : b1boot26.state
# Including singleton site patterns.
# cost function      : KL
Initial parameter values
Fixed:
      zero = 0
       one = 1
    Tbecnw = 75200
Free:
       pc1 = 0
       pc2 = 0
       pc3 = 0
       pc4 = 0
       pc5 = 0
       pc6 = 0
       pc7 = 0
       pc8 = 0
       pc9 = 0
      pc10 = 0
      pc11 = 0
      pc12 = 0
      pc13 = 0
      pc14 = 0
      pc15 = 0
      pc16 = 0
Constrained:
     Tecnw = 36263.4
       Tnw = 5494.7
       Tec = 2928.14
     twoNb = 2.28062e+06
     twoNe = 7966.61
     twoNc = 248980
     twoNn = 179897
     twoNw = 1.16209e+06
    twoNec = 134767
    twoNnw = 91916.5
  twoNecnw = 27974.1
  twoNbecnw = 50757.2
        m2 = 0.0281282
        m3 = 0.24122
        m4 = 0.000645218
        m5 = 0.121532
        Tb = 19595.8
        Tc = 2747.35
        Td = 1373.68
        Te = 686.838
DiffEv reached_goal. cost=2.35522e-03 spread=2.96909e-06
Fitted parameter values
Free:
       pc1 = -3.93734
       pc2 = 0.73857
       pc3 = 0.715045
       pc4 = 0.452812
       pc5 = 1.97522
       pc6 = 0.69851
       pc7 = 1.34044
       pc8 = 0.965095
       pc9 = -0.588418
      pc10 = 1.91854
      pc11 = 0.268678
      pc12 = -0.253423
      pc13 = 0.556728
      pc14 = -0.00940552
      pc15 = 0.175537
      pc16 = -0.0141423
Constrained:
     Tecnw = 36983.4
       Tnw = 28.2622
       Tec = 149.183
     twoNb = 4.41261e+06
     twoNe = 6509
     twoNc = 264607
     twoNn = 74749.9
     twoNw = 470455
    twoNec = 145698
    twoNnw = 122751
  twoNecnw = 27185.5
  twoNbecnw = 51778
        m2 = 0.0403499
        m3 = 0.237876
        m4 = 1.94405e-05
        m5 = 0.122241
        Tb = 18566.3
        Tc = 14.1311
        Td = 7.06555
        Te = 3.53277
#       SitePat  BranchLen
              b 119004.4519637
              e 44556.7115652
              c 46724.6761336
              n 42305.2275362
              w 45288.9257726
            b:e 1481.7098388
            b:c 1662.3069122
            b:n 1113.2725181
            b:w 1210.7714644
            e:c 11315.3246933
            e:n 4826.6003049
            e:w 4029.3025753
            c:n 4409.2692970
            c:w 3178.9215163
            n:w 12162.1527798
          b:e:c 1303.5657483
          b:e:n 588.6603820
          b:e:w 609.8312499
          b:c:n 611.0374602
          b:c:w 587.6895171
          b:n:w 1297.4875926
          e:c:n 5251.3535956
          e:c:w 4305.1120690
          e:n:w 6261.5161156
          c:n:w 5356.1931864
        b:e:c:n 1212.9887731
        b:e:c:w 1107.8557026
        b:e:n:w 1630.5350631
        b:c:n:w 1454.7730719
        e:c:n:w 46395.8695813
