########################################
# legofit: estimate population history #
#       version 2.3.4-4-g53f8760       #
########################################

# Program was compiled: Sep 21 2021 14:36:42
# Program was run: Thu Sep 23 15:43:09 2021

# cmd: legofit -1 -d 0 -t 32 --ptsPerDim 3 --stateOut b1boot42.state --tol 3e-6 -S 5000 bcde2.lgo ../../chrX/boot_chrX/boot42.opf
# Stage nOptItr nSimReps
#     0    5000        0
# algorithm          : deterministic
# ignoring probs <=  : 0
# Branch length floor: 0
# DE strategy        : 2
#    F               : 0.3
#    CR              : 0.8
#    tolerance       : 3e-06
# nthreads           : 32
# lgo input file     : bcde2.lgo
# site pat input file: ../../chrX/boot_chrX/boot42.opf
# free parameters    : 16
# points in DE swarm : 48
# output state file  : b1boot42.state
# Including singleton site patterns.
# cost function      : KL
Initial parameter values
Fixed:
      zero = 0
       one = 1
    Tbecnw = 75200
Free:
       pc1 = 0
       pc2 = 0
       pc3 = 0
       pc4 = 0
       pc5 = 0
       pc6 = 0
       pc7 = 0
       pc8 = 0
       pc9 = 0
      pc10 = 0
      pc11 = 0
      pc12 = 0
      pc13 = 0
      pc14 = 0
      pc15 = 0
      pc16 = 0
Constrained:
     Tecnw = 36263.4
       Tnw = 5494.7
       Tec = 2928.14
     twoNb = 2.28062e+06
     twoNe = 7966.61
     twoNc = 248980
     twoNn = 179897
     twoNw = 1.16209e+06
    twoNec = 134767
    twoNnw = 91916.5
  twoNecnw = 27974.1
  twoNbecnw = 50757.2
        m2 = 0.0281282
        m3 = 0.24122
        m4 = 0.000645218
        m5 = 0.121532
        Tb = 19595.8
        Tc = 2747.35
        Td = 1373.68
        Te = 686.838
DiffEv reached_goal. cost=2.28765e-03 spread=2.92067e-06
Fitted parameter values
Free:
       pc1 = -3.98695
       pc2 = 0.110254
       pc3 = 1.87118
       pc4 = -0.656361
       pc5 = 1.95235
       pc6 = -0.704271
       pc7 = 1.58334
       pc8 = 0.003648
       pc9 = -1.54817
      pc10 = 1.65633
      pc11 = 0.399692
      pc12 = -0.793331
      pc13 = 0.340954
      pc14 = -0.247823
      pc15 = 0.211319
      pc16 = -0.021597
Constrained:
     Tecnw = 37062.7
       Tnw = 253.026
       Tec = 178.33
     twoNb = 4.45309e+06
     twoNe = 2367.88
     twoNc = 555248
     twoNn = 44477.3
     twoNw = 378908
    twoNec = 146990
    twoNnw = 121220
  twoNecnw = 26365.9
  twoNbecnw = 50814.6
        m2 = 0.0379107
        m3 = 0.245665
        m4 = 0.00127477
        m5 = 0.125724
        Tb = 18620.5
        Tc = 126.513
        Td = 63.2566
        Te = 31.6283
#       SitePat  BranchLen
              b 118493.3568858
              e 44154.4059012
              c 46411.6701024
              n 41964.8462293
              w 44989.2070647
            b:e 1391.1252686
            b:c 1583.2024113
            b:n 1048.5095265
            b:w 1142.2995136
            e:c 10993.4584882
            e:n 4778.0121313
            e:w 3969.0721457
            c:n 4345.2894502
            c:w 3090.1727016
            n:w 11827.4911437
          b:e:c 1219.4305792
          b:e:n 556.2254875
          b:e:w 577.3294743
          b:c:n 578.4933421
          b:c:w 555.3386418
          b:n:w 1213.9380150
          e:c:n 5132.2710308
          e:c:w 4181.2753139
          e:n:w 6136.6483822
          c:n:w 5184.4034898
        b:e:c:n 1144.2969883
        b:e:c:w 1043.2493303
        b:e:n:w 1552.1266532
        b:c:n:w 1366.3753048
        e:c:n:w 46636.3702477
