########################################
# legofit: estimate population history #
#       version 2.3.4-4-g53f8760       #
########################################

# Program was compiled: Sep 21 2021 14:36:42
# Program was run: Thu Sep 23 15:41:33 2021

# cmd: legofit -1 -d 0 -t 32 --ptsPerDim 3 --stateOut b1boot6.state --tol 3e-6 -S 5000 bcde2.lgo ../../chrX/boot_chrX/boot6.opf
# Stage nOptItr nSimReps
#     0    5000        0
# algorithm          : deterministic
# ignoring probs <=  : 0
# Branch length floor: 0
# DE strategy        : 2
#    F               : 0.3
#    CR              : 0.8
#    tolerance       : 3e-06
# nthreads           : 32
# lgo input file     : bcde2.lgo
# site pat input file: ../../chrX/boot_chrX/boot6.opf
# free parameters    : 16
# points in DE swarm : 48
# output state file  : b1boot6.state
# Including singleton site patterns.
# cost function      : KL
Initial parameter values
Fixed:
      zero = 0
       one = 1
    Tbecnw = 75200
Free:
       pc1 = 0
       pc2 = 0
       pc3 = 0
       pc4 = 0
       pc5 = 0
       pc6 = 0
       pc7 = 0
       pc8 = 0
       pc9 = 0
      pc10 = 0
      pc11 = 0
      pc12 = 0
      pc13 = 0
      pc14 = 0
      pc15 = 0
      pc16 = 0
Constrained:
     Tecnw = 36263.4
       Tnw = 5494.7
       Tec = 2928.14
     twoNb = 2.28062e+06
     twoNe = 7966.61
     twoNc = 248980
     twoNn = 179897
     twoNw = 1.16209e+06
    twoNec = 134767
    twoNnw = 91916.5
  twoNecnw = 27974.1
  twoNbecnw = 50757.2
        m2 = 0.0281282
        m3 = 0.24122
        m4 = 0.000645218
        m5 = 0.121532
        Tb = 19595.8
        Tc = 2747.35
        Td = 1373.68
        Te = 686.838
DiffEv reached_goal. cost=2.03006e-03 spread=2.99949e-06
Fitted parameter values
Free:
       pc1 = -3.95017
       pc2 = 0.856835
       pc3 = 1.80998
       pc4 = -0.170979
       pc5 = 1.94453
       pc6 = -0.781661
       pc7 = 1.66114
       pc8 = 0.549424
       pc9 = -1.52812
      pc10 = 1.90158
      pc11 = 0.495688
      pc12 = -0.294733
      pc13 = -0.283304
      pc14 = 0.191961
      pc15 = 0.162676
      pc16 = -0.0120001
Constrained:
     Tecnw = 36795.9
       Tnw = 3.73541
       Tec = 92.3571
     twoNb = 4.5297e+06
     twoNe = 4647.92
     twoNc = 545409
     twoNn = 60157.1
     twoNw = 111846
    twoNec = 145939
    twoNnw = 121565
  twoNecnw = 26472
  twoNbecnw = 51212.2
        m2 = 0.0390063
        m3 = 0.252127
        m4 = 0.000359126
        m5 = 0.127999
        Tb = 18444.1
        Tc = 1.86771
        Td = 0.933854
        Te = 0.466927
#       SitePat  BranchLen
              b 118841.6831997
              e 43981.4403236
              c 46200.5749139
              n 41795.8691232
              w 44862.6385246
            b:e 1405.5288364
            b:c 1588.8404797
            b:n 1058.5090387
            b:w 1150.7723533
            e:c 10983.3616955
            e:n 4809.3619775
            e:w 4012.7467054
            c:n 4413.3074549
            c:w 3115.5563171
            n:w 11779.6501692
          b:e:c 1220.1598983
          b:e:n 560.1060998
          b:e:w 583.4242192
          b:c:n 584.6232788
          b:c:w 559.1620030
          b:n:w 1214.6090341
          e:c:n 5179.8420487
          e:c:w 4217.1925884
          e:n:w 6161.2474762
          c:n:w 5229.8943020
        b:e:c:n 1152.7962014
        b:e:c:w 1052.9225121
        b:e:n:w 1558.4174893
        b:c:n:w 1380.3143779
        e:c:n:w 47033.3209498
