########################################
# legofit: estimate population history #
#       version 2.3.4-4-g53f8760       #
########################################

# Program was compiled: Sep 21 2021 14:36:42
# Program was run: Thu Sep 23 15:42:05 2021

# cmd: legofit -1 -d 0 -t 32 --ptsPerDim 3 --stateOut b1boot13.state --tol 3e-6 -S 5000 bcde2.lgo ../../chrX/boot_chrX/boot13.opf
# Stage nOptItr nSimReps
#     0    5000        0
# algorithm          : deterministic
# ignoring probs <=  : 0
# Branch length floor: 0
# DE strategy        : 2
#    F               : 0.3
#    CR              : 0.8
#    tolerance       : 3e-06
# nthreads           : 32
# lgo input file     : bcde2.lgo
# site pat input file: ../../chrX/boot_chrX/boot13.opf
# free parameters    : 16
# points in DE swarm : 48
# output state file  : b1boot13.state
# Including singleton site patterns.
# cost function      : KL
Initial parameter values
Fixed:
      zero = 0
       one = 1
    Tbecnw = 75200
Free:
       pc1 = 0
       pc2 = 0
       pc3 = 0
       pc4 = 0
       pc5 = 0
       pc6 = 0
       pc7 = 0
       pc8 = 0
       pc9 = 0
      pc10 = 0
      pc11 = 0
      pc12 = 0
      pc13 = 0
      pc14 = 0
      pc15 = 0
      pc16 = 0
Constrained:
     Tecnw = 36263.4
       Tnw = 5494.7
       Tec = 2928.14
     twoNb = 2.28062e+06
     twoNe = 7966.61
     twoNc = 248980
     twoNn = 179897
     twoNw = 1.16209e+06
    twoNec = 134767
    twoNnw = 91916.5
  twoNecnw = 27974.1
  twoNbecnw = 50757.2
        m2 = 0.0281282
        m3 = 0.24122
        m4 = 0.000645218
        m5 = 0.121532
        Tb = 19595.8
        Tc = 2747.35
        Td = 1373.68
        Te = 686.838
DiffEv reached_goal. cost=2.24529e-03 spread=2.48043e-06
Fitted parameter values
Free:
       pc1 = -3.97406
       pc2 = 1.51635
       pc3 = 1.30178
       pc4 = 0.823906
       pc5 = 1.95368
       pc6 = -0.669148
       pc7 = 1.949
       pc8 = -0.286269
       pc9 = -1.21208
      pc10 = 1.11459
      pc11 = 0.310264
      pc12 = -0.985136
      pc13 = 0.547174
      pc14 = 0.0552874
      pc15 = 0.0629945
      pc16 = 0.0282878
Constrained:
     Tecnw = 37506.4
       Tnw = 644.722
       Tec = 573.999
     twoNb = 4.30213e+06
     twoNe = 7686.5
     twoNc = 358514
     twoNn = 22399.2
     twoNw = 252297
    twoNec = 136961
    twoNnw = 116017
  twoNecnw = 26159.6
  twoNbecnw = 51203.4
        m2 = 0.0404565
        m3 = 0.25009
        m4 = 0.000395555
        m5 = 0.127006
        Tb = 19040.2
        Tc = 322.361
        Td = 161.181
        Te = 80.5903
#       SitePat  BranchLen
              b 118777.7819830
              e 43992.5372736
              c 46409.6112863
              n 41861.0317962
              w 45205.2241350
            b:e 1408.6680886
            b:c 1604.8837137
            b:n 1054.9847526
            b:w 1164.1940561
            e:c 11328.2758598
            e:n 4870.6806431
            e:w 3934.2450115
            c:n 4345.8652363
            c:w 3026.7453025
            n:w 12062.7976331
          b:e:c 1256.5937503
          b:e:n 556.6277005
          b:e:w 576.1150177
          b:c:n 577.4295776
          b:c:w 555.5075763
          b:n:w 1250.3455663
          e:c:n 5225.0697803
          e:c:w 4146.8444570
          e:n:w 6148.7773033
          c:n:w 5158.1399405
        b:e:c:n 1166.4227892
        b:e:c:w 1049.2367198
        b:e:n:w 1572.4532705
        b:c:n:w 1381.9216755
        e:c:n:w 46720.6185728
