########################################
# legofit: estimate population history #
#       version 2.3.4-4-g53f8760       #
########################################

# Program was compiled: Sep 21 2021 14:36:42
# Program was run: Thu Sep 23 15:42:54 2021

# cmd: legofit -1 -d 0 -t 32 --ptsPerDim 3 --stateOut b1boot34.state --tol 3e-6 -S 5000 bcde2.lgo ../../chrX/boot_chrX/boot34.opf
# Stage nOptItr nSimReps
#     0    5000        0
# algorithm          : deterministic
# ignoring probs <=  : 0
# Branch length floor: 0
# DE strategy        : 2
#    F               : 0.3
#    CR              : 0.8
#    tolerance       : 3e-06
# nthreads           : 32
# lgo input file     : bcde2.lgo
# site pat input file: ../../chrX/boot_chrX/boot34.opf
# free parameters    : 16
# points in DE swarm : 48
# output state file  : b1boot34.state
# Including singleton site patterns.
# cost function      : KL
Initial parameter values
Fixed:
      zero = 0
       one = 1
    Tbecnw = 75200
Free:
       pc1 = 0
       pc2 = 0
       pc3 = 0
       pc4 = 0
       pc5 = 0
       pc6 = 0
       pc7 = 0
       pc8 = 0
       pc9 = 0
      pc10 = 0
      pc11 = 0
      pc12 = 0
      pc13 = 0
      pc14 = 0
      pc15 = 0
      pc16 = 0
Constrained:
     Tecnw = 36263.4
       Tnw = 5494.7
       Tec = 2928.14
     twoNb = 2.28062e+06
     twoNe = 7966.61
     twoNc = 248980
     twoNn = 179897
     twoNw = 1.16209e+06
    twoNec = 134767
    twoNnw = 91916.5
  twoNecnw = 27974.1
  twoNbecnw = 50757.2
        m2 = 0.0281282
        m3 = 0.24122
        m4 = 0.000645218
        m5 = 0.121532
        Tb = 19595.8
        Tc = 2747.35
        Td = 1373.68
        Te = 686.838
DiffEv reached_goal. cost=2.16980e-03 spread=2.99218e-06
Fitted parameter values
Free:
       pc1 = -3.99287
       pc2 = 0.283933
       pc3 = -0.942216
       pc4 = -1.45216
       pc5 = 1.87082
       pc6 = 0.282097
       pc7 = 1.80589
       pc8 = -1.13667
       pc9 = -1.82599
      pc10 = 1.8714
      pc11 = 0.384471
      pc12 = -0.965416
      pc13 = -0.241388
      pc14 = 0.240686
      pc15 = 0.074232
      pc16 = -0.0106422
Constrained:
     Tecnw = 36803.2
       Tnw = 9.62454
       Tec = 75.5929
     twoNb = 4.68873e+06
     twoNe = 4345.94
     twoNc = 251471
     twoNn = 129965
     twoNw = 397469
    twoNec = 140362
    twoNnw = 122997
  twoNecnw = 26368.8
  twoNbecnw = 50553.7
        m2 = 0.0339835
        m3 = 0.224132
        m4 = 0.00120617
        m5 = 0.144665
        Tb = 18439.4
        Tc = 4.81227
        Td = 2.40614
        Te = 1.20307
#       SitePat  BranchLen
              b 118463.1553625
              e 43483.2260436
              c 45935.3319508
              n 41680.5711825
              w 44461.4737462
            b:e 1319.8001950
            b:c 1523.5213661
            b:n 1023.1222610
            b:w 1116.9923052
            e:c 11117.6263306
            e:n 4674.8865506
            e:w 4031.1482818
            c:n 4258.1937517
            c:w 3038.2493607
            n:w 11852.5012673
          b:e:c 1202.5385486
          b:e:n 538.0322663
          b:e:w 563.9144788
          b:c:n 564.8631540
          b:c:w 537.3920113
          b:n:w 1197.8396166
          e:c:n 5091.1072522
          e:c:w 4181.1269807
          e:n:w 6091.0913577
          c:n:w 5042.2497424
        b:e:c:n 1118.6208753
        b:e:c:w 1019.1001289
        b:e:n:w 1496.8421755
        b:c:n:w 1299.1400124
        e:c:n:w 47055.8132918
