########################################
# legofit: estimate population history #
#       version 2.3.4-4-g53f8760       #
########################################

# Program was compiled: Sep 21 2021 14:36:42
# Program was run: Thu Sep 23 15:42:34 2021

# cmd: legofit -1 -d 0 -t 32 --ptsPerDim 3 --stateOut b1boot27.state --tol 3e-6 -S 5000 bcde2.lgo ../../chrX/boot_chrX/boot27.opf
# Stage nOptItr nSimReps
#     0    5000        0
# algorithm          : deterministic
# ignoring probs <=  : 0
# Branch length floor: 0
# DE strategy        : 2
#    F               : 0.3
#    CR              : 0.8
#    tolerance       : 3e-06
# nthreads           : 32
# lgo input file     : bcde2.lgo
# site pat input file: ../../chrX/boot_chrX/boot27.opf
# free parameters    : 16
# points in DE swarm : 48
# output state file  : b1boot27.state
# Including singleton site patterns.
# cost function      : KL
Initial parameter values
Fixed:
      zero = 0
       one = 1
    Tbecnw = 75200
Free:
       pc1 = 0
       pc2 = 0
       pc3 = 0
       pc4 = 0
       pc5 = 0
       pc6 = 0
       pc7 = 0
       pc8 = 0
       pc9 = 0
      pc10 = 0
      pc11 = 0
      pc12 = 0
      pc13 = 0
      pc14 = 0
      pc15 = 0
      pc16 = 0
Constrained:
     Tecnw = 36263.4
       Tnw = 5494.7
       Tec = 2928.14
     twoNb = 2.28062e+06
     twoNe = 7966.61
     twoNc = 248980
     twoNn = 179897
     twoNw = 1.16209e+06
    twoNec = 134767
    twoNnw = 91916.5
  twoNecnw = 27974.1
  twoNbecnw = 50757.2
        m2 = 0.0281282
        m3 = 0.24122
        m4 = 0.000645218
        m5 = 0.121532
        Tb = 19595.8
        Tc = 2747.35
        Td = 1373.68
        Te = 686.838
DiffEv reached_goal. cost=2.54210e-03 spread=2.50465e-06
Fitted parameter values
Free:
       pc1 = -3.97837
       pc2 = 0.831465
       pc3 = -0.0121685
       pc4 = 1.01706
       pc5 = 1.92608
       pc6 = 0.78964
       pc7 = 1.80812
       pc8 = 1.61349
       pc9 = -1.32013
      pc10 = 1.80018
      pc11 = -0.248379
      pc12 = -0.926165
      pc13 = 0.851797
      pc14 = -0.102557
      pc15 = -0.106259
      pc16 = -0.0670478
Constrained:
     Tecnw = 37254.2
       Tnw = 28.9551
       Tec = 50.4416
     twoNb = 4.61099e+06
     twoNe = 12300.2
     twoNc = 325559
     twoNn = 17775.8
     twoNw = 52548.7
    twoNec = 143587
    twoNnw = 118803
  twoNecnw = 27191.4
  twoNbecnw = 52135.2
        m2 = 0.0395391
        m3 = 0.229064
        m4 = 6.92904e-05
        m5 = 0.122078
        Tb = 18652.3
        Tc = 14.4775
        Td = 7.23877
        Te = 3.61939
#       SitePat  BranchLen
              b 119282.6976111
              e 44751.8687499
              c 46816.5595402
              n 42392.0856426
              w 45191.5966385
            b:e 1494.9480691
            b:c 1673.7786273
            b:n 1121.3519462
            b:w 1217.0995798
            e:c 11610.7076627
            e:n 4636.9959682
            e:w 4019.6298737
            c:n 4382.7219662
            c:w 3116.9712675
            n:w 12560.6713623
          b:e:c 1346.3920455
          b:e:n 583.2035491
          b:e:w 612.5611563
          b:c:n 613.6852545
          b:c:w 582.4123153
          b:n:w 1340.5369621
          e:c:n 5207.3644787
          e:c:w 4299.8533008
          e:n:w 6284.3334689
          c:n:w 5371.7431392
        b:e:c:n 1219.1656389
        b:e:c:w 1116.4503125
        b:e:n:w 1643.9461724
        b:c:n:w 1469.6148976
        e:c:n:w 46490.4236909
