########################################
# legofit: estimate population history #
#       version 2.3.4-4-g53f8760       #
########################################

# Program was compiled: Sep 21 2021 14:36:42
# Program was run: Thu Sep 23 15:41:19 2021

# cmd: legofit -1 -d 0 -t 32 --ptsPerDim 3 --stateOut b1boot1.state --tol 3e-6 -S 5000 bcde2.lgo ../../chrX/boot_chrX/boot1.opf
# Stage nOptItr nSimReps
#     0    5000        0
# algorithm          : deterministic
# ignoring probs <=  : 0
# Branch length floor: 0
# DE strategy        : 2
#    F               : 0.3
#    CR              : 0.8
#    tolerance       : 3e-06
# nthreads           : 32
# lgo input file     : bcde2.lgo
# site pat input file: ../../chrX/boot_chrX/boot1.opf
# free parameters    : 16
# points in DE swarm : 48
# output state file  : b1boot1.state
# Including singleton site patterns.
# cost function      : KL
Initial parameter values
Fixed:
      zero = 0
       one = 1
    Tbecnw = 75200
Free:
       pc1 = 0
       pc2 = 0
       pc3 = 0
       pc4 = 0
       pc5 = 0
       pc6 = 0
       pc7 = 0
       pc8 = 0
       pc9 = 0
      pc10 = 0
      pc11 = 0
      pc12 = 0
      pc13 = 0
      pc14 = 0
      pc15 = 0
      pc16 = 0
Constrained:
     Tecnw = 36263.4
       Tnw = 5494.7
       Tec = 2928.14
     twoNb = 2.28062e+06
     twoNe = 7966.61
     twoNc = 248980
     twoNn = 179897
     twoNw = 1.16209e+06
    twoNec = 134767
    twoNnw = 91916.5
  twoNecnw = 27974.1
  twoNbecnw = 50757.2
        m2 = 0.0281282
        m3 = 0.24122
        m4 = 0.000645218
        m5 = 0.121532
        Tb = 19595.8
        Tc = 2747.35
        Td = 1373.68
        Te = 686.838
DiffEv reached_goal. cost=2.40952e-03 spread=2.94871e-06
Fitted parameter values
Free:
       pc1 = -3.99637
       pc2 = 0.349953
       pc3 = 0.59677
       pc4 = 0.905799
       pc5 = 1.96556
       pc6 = -0.144043
       pc7 = 1.79051
       pc8 = 0.202427
       pc9 = -1.43002
      pc10 = 1.55441
      pc11 = -0.284174
      pc12 = -0.975172
      pc13 = 0.822699
      pc14 = 0.0429453
      pc15 = -0.0348041
      pc16 = 0.0113714
Constrained:
     Tecnw = 37554.2
       Tnw = 24.5108
       Tec = 203.176
     twoNb = 4.54295e+06
     twoNe = 9096.55
     twoNc = 340713
     twoNn = 18259.5
     twoNw = 272036
    twoNec = 142169
    twoNnw = 117744
  twoNecnw = 26783.4
  twoNbecnw = 51603.9
        m2 = 0.036577
        m3 = 0.240138
        m4 = 0.000924973
        m5 = 0.125928
        Tb = 18878.7
        Tc = 12.2554
        Td = 6.12769
        Te = 3.06385
#       SitePat  BranchLen
              b 118979.9631593
              e 44376.4444578
              c 46707.6468868
              n 42127.2207761
              w 45264.7302848
            b:e 1428.1942029
            b:c 1624.3892564
            b:n 1087.6472979
            b:w 1201.5821799
            e:c 11484.1793438
            e:n 4802.0346380
            e:w 3993.7311744
            c:n 4369.2116450
            c:w 3075.0146076
            n:w 12391.7815155
          b:e:c 1307.1419898
          b:e:n 574.1208322
          b:e:w 597.8282473
          b:c:n 598.9307547
          b:c:w 573.2853763
          b:n:w 1301.7344301
          e:c:n 5241.7336034
          e:c:w 4215.3631409
          e:n:w 6189.8245348
          c:n:w 5204.3089114
        b:e:c:n 1203.5379094
        b:e:c:w 1082.9024455
        b:e:n:w 1595.5590227
        b:c:n:w 1404.9496719
        e:c:n:w 46469.1712333
