########################################
# legofit: estimate population history #
#       version 2.3.4-4-g53f8760       #
########################################

# Program was compiled: Sep 21 2021 14:36:42
# Program was run: Thu Sep 23 15:41:19 2021

# cmd: legofit -1 -d 0 -t 32 --ptsPerDim 3 --stateOut b1boot2.state --tol 3e-6 -S 5000 bcde2.lgo ../../chrX/boot_chrX/boot2.opf
# Stage nOptItr nSimReps
#     0    5000        0
# algorithm          : deterministic
# ignoring probs <=  : 0
# Branch length floor: 0
# DE strategy        : 2
#    F               : 0.3
#    CR              : 0.8
#    tolerance       : 3e-06
# nthreads           : 32
# lgo input file     : bcde2.lgo
# site pat input file: ../../chrX/boot_chrX/boot2.opf
# free parameters    : 16
# points in DE swarm : 48
# output state file  : b1boot2.state
# Including singleton site patterns.
# cost function      : KL
Initial parameter values
Fixed:
      zero = 0
       one = 1
    Tbecnw = 75200
Free:
       pc1 = 0
       pc2 = 0
       pc3 = 0
       pc4 = 0
       pc5 = 0
       pc6 = 0
       pc7 = 0
       pc8 = 0
       pc9 = 0
      pc10 = 0
      pc11 = 0
      pc12 = 0
      pc13 = 0
      pc14 = 0
      pc15 = 0
      pc16 = 0
Constrained:
     Tecnw = 36263.4
       Tnw = 5494.7
       Tec = 2928.14
     twoNb = 2.28062e+06
     twoNe = 7966.61
     twoNc = 248980
     twoNn = 179897
     twoNw = 1.16209e+06
    twoNec = 134767
    twoNnw = 91916.5
  twoNecnw = 27974.1
  twoNbecnw = 50757.2
        m2 = 0.0281282
        m3 = 0.24122
        m4 = 0.000645218
        m5 = 0.121532
        Tb = 19595.8
        Tc = 2747.35
        Td = 1373.68
        Te = 686.838
DiffEv reached_goal. cost=2.39447e-03 spread=2.65832e-06
Fitted parameter values
Free:
       pc1 = -3.94302
       pc2 = 0.985345
       pc3 = 0.794769
       pc4 = -0.496544
       pc5 = 1.93034
       pc6 = -0.648887
       pc7 = 1.94529
       pc8 = 0.376921
       pc9 = -1.82449
      pc10 = 0.541017
      pc11 = -0.156283
      pc12 = -0.794586
      pc13 = 0.70462
      pc14 = -0.352553
      pc15 = -0.127649
      pc16 = 0.0154653
Constrained:
     Tecnw = 37255.1
       Tnw = 31.8239
       Tec = 224.152
     twoNb = 4.21469e+06
     twoNe = 10440.9
     twoNc = 508931
     twoNn = 36629.3
     twoNw = 189275
    twoNec = 141651
    twoNnw = 115666
  twoNecnw = 26517.4
  twoNbecnw = 50326.4
        m2 = 0.0399389
        m3 = 0.238919
        m4 = 0.000901576
        m5 = 0.127312
        Tb = 18739.6
        Tc = 15.912
        Td = 7.95598
        Te = 3.97799
#       SitePat  BranchLen
              b 117965.6781706
              e 44153.4796437
              c 46511.1315204
              n 41735.3158213
              w 44752.6614495
            b:e 1405.3886156
            b:c 1602.8178812
            b:n 1042.0539714
            b:w 1136.4535915
            e:c 11288.4927724
            e:n 4724.7715383
            e:w 3951.5004032
            c:n 4295.2329365
            c:w 3022.7518056
            n:w 12322.4308944
          b:e:c 1252.0421603
          b:e:n 547.6767875
          b:e:w 570.7792419
          b:c:n 572.0513138
          b:c:w 546.7097012
          b:n:w 1245.8069402
          e:c:n 5091.9451696
          e:c:w 4130.3345365
          e:n:w 6203.3583916
          c:n:w 5197.3084897
        b:e:c:n 1138.6424867
        b:e:c:w 1036.4992957
        b:e:n:w 1569.3653286
        b:c:n:w 1378.3163020
        e:c:n:w 45946.0054165
