########################################
# legofit: estimate population history #
#       version 2.3.4-4-g53f8760       #
########################################

# Program was compiled: Sep 21 2021 14:36:42
# Program was run: Thu Sep 23 15:43:09 2021

# cmd: legofit -1 -d 0 -t 32 --ptsPerDim 3 --stateOut b1boot44.state --tol 3e-6 -S 5000 bcde2.lgo ../../chrX/boot_chrX/boot44.opf
# Stage nOptItr nSimReps
#     0    5000        0
# algorithm          : deterministic
# ignoring probs <=  : 0
# Branch length floor: 0
# DE strategy        : 2
#    F               : 0.3
#    CR              : 0.8
#    tolerance       : 3e-06
# nthreads           : 32
# lgo input file     : bcde2.lgo
# site pat input file: ../../chrX/boot_chrX/boot44.opf
# free parameters    : 16
# points in DE swarm : 48
# output state file  : b1boot44.state
# Including singleton site patterns.
# cost function      : KL
Initial parameter values
Fixed:
      zero = 0
       one = 1
    Tbecnw = 75200
Free:
       pc1 = 0
       pc2 = 0
       pc3 = 0
       pc4 = 0
       pc5 = 0
       pc6 = 0
       pc7 = 0
       pc8 = 0
       pc9 = 0
      pc10 = 0
      pc11 = 0
      pc12 = 0
      pc13 = 0
      pc14 = 0
      pc15 = 0
      pc16 = 0
Constrained:
     Tecnw = 36263.4
       Tnw = 5494.7
       Tec = 2928.14
     twoNb = 2.28062e+06
     twoNe = 7966.61
     twoNc = 248980
     twoNn = 179897
     twoNw = 1.16209e+06
    twoNec = 134767
    twoNnw = 91916.5
  twoNecnw = 27974.1
  twoNbecnw = 50757.2
        m2 = 0.0281282
        m3 = 0.24122
        m4 = 0.000645218
        m5 = 0.121532
        Tb = 19595.8
        Tc = 2747.35
        Td = 1373.68
        Te = 686.838
DiffEv reached_goal. cost=2.28309e-03 spread=2.61229e-06
Fitted parameter values
Free:
       pc1 = -3.98649
       pc2 = 1.13868
       pc3 = 0.986169
       pc4 = -0.213059
       pc5 = 1.99261
       pc6 = -0.26303
       pc7 = 1.95494
       pc8 = -0.0188321
       pc9 = -0.888252
      pc10 = 1.59628
      pc11 = 0.735043
      pc12 = -0.317548
      pc13 = -0.00121693
      pc14 = 0.135639
      pc15 = -0.0473458
      pc16 = -0.00368293
Constrained:
     Tecnw = 36863.8
       Tnw = 8.57775
       Tec = 81.0965
     twoNb = 4.49678e+06
     twoNe = 4914.87
     twoNc = 342876
     twoNn = 38853.7
     twoNw = 509232
    twoNec = 141362
    twoNnw = 118533
  twoNecnw = 26473.9
  twoNbecnw = 51022.8
        m2 = 0.0405731
        m3 = 0.2455
        m4 = 0.000185275
        m5 = 0.131026
        Tb = 18472.5
        Tc = 4.28888
        Td = 2.14444
        Te = 1.07222
#       SitePat  BranchLen
              b 118648.1525111
              e 43896.5942206
              c 46168.4693568
              n 41668.8650883
              w 44687.5350958
            b:e 1410.6882431
            b:c 1599.2700430
            b:n 1052.9537928
            b:w 1143.0245597
            e:c 11180.6622786
            e:n 4743.4290045
            e:w 4004.5059553
            c:n 4377.2419096
            c:w 3064.3920380
            n:w 12021.9043863
          b:e:c 1236.0432178
          b:e:n 551.6504038
          b:e:w 577.6394224
          b:c:n 578.8868765
          b:c:w 550.6973154
          b:n:w 1230.1205217
          e:c:n 5149.0558179
          e:c:w 4192.0788799
          e:n:w 6202.1570132
          c:n:w 5231.0232638
        b:e:c:n 1145.1164989
        b:e:c:w 1047.3261260
        b:e:n:w 1567.8590448
        b:c:n:w 1384.5425046
        e:c:n:w 46819.1649549
