########################################
# legofit: estimate population history #
#       version 2.3.4-4-g53f8760       #
########################################

# Program was compiled: Sep 21 2021 14:36:42
# Program was run: Thu Sep 23 15:42:28 2021

# cmd: legofit -1 -d 0 -t 32 --ptsPerDim 3 --stateOut b1boot24.state --tol 3e-6 -S 5000 bcde2.lgo ../../chrX/boot_chrX/boot24.opf
# Stage nOptItr nSimReps
#     0    5000        0
# algorithm          : deterministic
# ignoring probs <=  : 0
# Branch length floor: 0
# DE strategy        : 2
#    F               : 0.3
#    CR              : 0.8
#    tolerance       : 3e-06
# nthreads           : 32
# lgo input file     : bcde2.lgo
# site pat input file: ../../chrX/boot_chrX/boot24.opf
# free parameters    : 16
# points in DE swarm : 48
# output state file  : b1boot24.state
# Including singleton site patterns.
# cost function      : KL
Initial parameter values
Fixed:
      zero = 0
       one = 1
    Tbecnw = 75200
Free:
       pc1 = 0
       pc2 = 0
       pc3 = 0
       pc4 = 0
       pc5 = 0
       pc6 = 0
       pc7 = 0
       pc8 = 0
       pc9 = 0
      pc10 = 0
      pc11 = 0
      pc12 = 0
      pc13 = 0
      pc14 = 0
      pc15 = 0
      pc16 = 0
Constrained:
     Tecnw = 36263.4
       Tnw = 5494.7
       Tec = 2928.14
     twoNb = 2.28062e+06
     twoNe = 7966.61
     twoNc = 248980
     twoNn = 179897
     twoNw = 1.16209e+06
    twoNec = 134767
    twoNnw = 91916.5
  twoNecnw = 27974.1
  twoNbecnw = 50757.2
        m2 = 0.0281282
        m3 = 0.24122
        m4 = 0.000645218
        m5 = 0.121532
        Tb = 19595.8
        Tc = 2747.35
        Td = 1373.68
        Te = 686.838
DiffEv reached_goal. cost=2.36794e-03 spread=2.72211e-06
Fitted parameter values
Free:
       pc1 = -3.98587
       pc2 = 1.34871
       pc3 = 0.464879
       pc4 = 0.11358
       pc5 = 1.97707
       pc6 = -0.0620535
       pc7 = 1.7197
       pc8 = -0.174076
       pc9 = -1.24547
      pc10 = 1.82842
      pc11 = 0.0129044
      pc12 = -0.617903
      pc13 = 0.302036
      pc14 = 0.185213
      pc15 = 0.211852
      pc16 = -0.0139732
Constrained:
     Tecnw = 37259.1
       Tnw = 416.815
       Tec = 375.017
     twoNb = 4.57604e+06
     twoNe = 6411.7
     twoNc = 304033
     twoNn = 99257.7
     twoNw = 174901
    twoNec = 140149
    twoNnw = 121374
  twoNecnw = 26625.8
  twoNbecnw = 51162.9
        m2 = 0.0386561
        m3 = 0.240552
        m4 = 9.87373e-05
        m5 = 0.132032
        Tb = 18817.1
        Tc = 208.408
        Td = 104.204
        Te = 52.1019
#       SitePat  BranchLen
              b 118678.4115798
              e 44106.0014231
              c 46459.5110700
              n 42143.8240970
              w 45256.6579692
            b:e 1409.3165177
            b:c 1599.7813341
            b:n 1074.5627846
            b:w 1179.3610137
            e:c 11281.7473526
            e:n 4835.8697207
            e:w 4016.7627083
            c:n 4371.1802021
            c:w 3093.1971270
            n:w 11961.5120242
          b:e:c 1261.5391947
          b:e:n 567.2045167
          b:e:w 589.5682183
          b:c:n 590.7041612
          b:c:w 566.2851255
          b:n:w 1255.9897791
          e:c:n 5233.0054868
          e:c:w 4226.3044312
          e:n:w 6148.2420016
          c:n:w 5177.8851285
        b:e:c:n 1181.3554338
        b:e:c:w 1069.5698095
        b:e:n:w 1570.7305209
        b:c:n:w 1385.1514789
        e:c:n:w 46482.3141325
