########################################
# legofit: estimate population history #
#       version 2.3.4-4-g53f8760       #
########################################

# Program was compiled: Sep 21 2021 14:36:42
# Program was run: Thu Sep 23 15:42:05 2021

# cmd: legofit -1 -d 0 -t 32 --ptsPerDim 3 --stateOut b1boot11.state --tol 3e-6 -S 5000 bcde2.lgo ../../chrX/boot_chrX/boot11.opf
# Stage nOptItr nSimReps
#     0    5000        0
# algorithm          : deterministic
# ignoring probs <=  : 0
# Branch length floor: 0
# DE strategy        : 2
#    F               : 0.3
#    CR              : 0.8
#    tolerance       : 3e-06
# nthreads           : 32
# lgo input file     : bcde2.lgo
# site pat input file: ../../chrX/boot_chrX/boot11.opf
# free parameters    : 16
# points in DE swarm : 48
# output state file  : b1boot11.state
# Including singleton site patterns.
# cost function      : KL
Initial parameter values
Fixed:
      zero = 0
       one = 1
    Tbecnw = 75200
Free:
       pc1 = 0
       pc2 = 0
       pc3 = 0
       pc4 = 0
       pc5 = 0
       pc6 = 0
       pc7 = 0
       pc8 = 0
       pc9 = 0
      pc10 = 0
      pc11 = 0
      pc12 = 0
      pc13 = 0
      pc14 = 0
      pc15 = 0
      pc16 = 0
Constrained:
     Tecnw = 36263.4
       Tnw = 5494.7
       Tec = 2928.14
     twoNb = 2.28062e+06
     twoNe = 7966.61
     twoNc = 248980
     twoNn = 179897
     twoNw = 1.16209e+06
    twoNec = 134767
    twoNnw = 91916.5
  twoNecnw = 27974.1
  twoNbecnw = 50757.2
        m2 = 0.0281282
        m3 = 0.24122
        m4 = 0.000645218
        m5 = 0.121532
        Tb = 19595.8
        Tc = 2747.35
        Td = 1373.68
        Te = 686.838
DiffEv reached_goal. cost=2.35454e-03 spread=2.80299e-06
Fitted parameter values
Free:
       pc1 = -3.98485
       pc2 = 0.565423
       pc3 = 0.208967
       pc4 = 0.702373
       pc5 = 1.86785
       pc6 = -0.484501
       pc7 = 1.98478
       pc8 = 0.892437
       pc9 = 0.407146
      pc10 = 0.82754
      pc11 = 0.364642
      pc12 = -0.998689
      pc13 = 0.305096
      pc14 = 0.18294
      pc15 = -0.278286
      pc16 = -0.00185643
Constrained:
     Tecnw = 36995.5
       Tnw = 4.38532
       Tec = 160.855
     twoNb = 4.63175e+06
     twoNe = 12179.1
     twoNc = 281687
     twoNn = 1468.2
     twoNw = 1.44931e+06
    twoNec = 138557
    twoNnw = 114594
  twoNecnw = 26583.1
  twoNbecnw = 51447.7
        m2 = 0.0381464
        m3 = 0.241782
        m4 = 1.04604e-05
        m5 = 0.121124
        Tb = 18578.2
        Tc = 2.19266
        Td = 1.09633
        Te = 0.548165
#       SitePat  BranchLen
              b 119024.6607681
              e 43892.5000121
              c 46024.8604731
              n 41573.4586419
              w 44656.2287557
            b:e 1411.5340944
            b:c 1585.1776228
            b:n 1057.6012049
            b:w 1161.2153922
            e:c 11498.2363989
            e:n 4675.3098437
            e:w 3922.1125077
            c:n 4344.3802941
            c:w 3031.4034494
            n:w 12379.5511400
          b:e:c 1276.3741288
          b:e:n 551.2929793
          b:e:w 576.7598829
          b:c:n 577.8804068
          b:c:w 550.4235495
          b:n:w 1270.8199505
          e:c:n 5197.4460090
          e:c:w 4189.7945798
          e:n:w 6144.0394255
          c:n:w 5228.8220870
        b:e:c:n 1163.1454937
        b:e:c:w 1052.5767560
        b:e:n:w 1556.7737727
        b:c:n:w 1387.3746357
        e:c:n:w 47095.7147537
