########################################
# legofit: estimate population history #
#       version 2.3.4-4-g53f8760       #
########################################

# Program was compiled: Sep 21 2021 14:36:42
# Program was run: Thu Sep 23 15:42:42 2021

# cmd: legofit -1 -d 0 -t 32 --ptsPerDim 3 --stateOut b1boot29.state --tol 3e-6 -S 5000 bcde2.lgo ../../chrX/boot_chrX/boot29.opf
# Stage nOptItr nSimReps
#     0    5000        0
# algorithm          : deterministic
# ignoring probs <=  : 0
# Branch length floor: 0
# DE strategy        : 2
#    F               : 0.3
#    CR              : 0.8
#    tolerance       : 3e-06
# nthreads           : 32
# lgo input file     : bcde2.lgo
# site pat input file: ../../chrX/boot_chrX/boot29.opf
# free parameters    : 16
# points in DE swarm : 48
# output state file  : b1boot29.state
# Including singleton site patterns.
# cost function      : KL
Initial parameter values
Fixed:
      zero = 0
       one = 1
    Tbecnw = 75200
Free:
       pc1 = 0
       pc2 = 0
       pc3 = 0
       pc4 = 0
       pc5 = 0
       pc6 = 0
       pc7 = 0
       pc8 = 0
       pc9 = 0
      pc10 = 0
      pc11 = 0
      pc12 = 0
      pc13 = 0
      pc14 = 0
      pc15 = 0
      pc16 = 0
Constrained:
     Tecnw = 36263.4
       Tnw = 5494.7
       Tec = 2928.14
     twoNb = 2.28062e+06
     twoNe = 7966.61
     twoNc = 248980
     twoNn = 179897
     twoNw = 1.16209e+06
    twoNec = 134767
    twoNnw = 91916.5
  twoNecnw = 27974.1
  twoNbecnw = 50757.2
        m2 = 0.0281282
        m3 = 0.24122
        m4 = 0.000645218
        m5 = 0.121532
        Tb = 19595.8
        Tc = 2747.35
        Td = 1373.68
        Te = 686.838
DiffEv reached_goal. cost=2.24372e-03 spread=2.77939e-06
Fitted parameter values
Free:
       pc1 = -3.9789
       pc2 = 1.30161
       pc3 = 1.57193
       pc4 = -0.962298
       pc5 = 1.94575
       pc6 = -0.54443
       pc7 = 1.81677
       pc8 = -0.177243
       pc9 = -0.962186
      pc10 = 0.829359
      pc11 = 0.065929
      pc12 = -0.907865
      pc13 = -0.109698
      pc14 = 0.147953
      pc15 = 0.203873
      pc16 = -0.0283034
Constrained:
     Tecnw = 36992.7
       Tnw = 80.6875
       Tec = 156.087
     twoNb = 4.21814e+06
     twoNe = 4956.74
     twoNc = 447173
     twoNn = 61810.5
     twoNw = 408264
    twoNec = 140747
    twoNnw = 122401
  twoNecnw = 26037.6
  twoNbecnw = 50117
        m2 = 0.038277
        m3 = 0.245491
        m4 = 8.63767e-05
        m5 = 0.126144
        Tb = 18574.4
        Tc = 40.3438
        Td = 20.1719
        Te = 10.0859
#       SitePat  BranchLen
              b 118043.2397024
              e 43648.3026344
              c 45836.2024014
              n 41691.9102615
              w 44826.8508176
            b:e 1345.9797706
            b:c 1518.2135679
            b:n 1017.2585167
            b:w 1112.9325212
            e:c 11097.3139589
            e:n 4738.8728298
            e:w 3894.5890780
            c:n 4310.9862671
            c:w 3028.0237134
            n:w 11714.2063175
          b:e:c 1186.4208127
          b:e:n 534.6955964
          b:e:w 554.9983884
          b:c:n 556.2146779
          b:c:w 533.6957813
          b:n:w 1180.5768734
          e:c:n 5137.2220603
          e:c:w 4139.3630614
          e:n:w 5986.2726245
          c:n:w 5087.6404535
        b:e:c:n 1114.9823000
        b:e:c:w 1011.6891485
        b:e:n:w 1487.1294256
        b:c:n:w 1319.8634853
        e:c:n:w 46640.0588787
