########################################
# legofit: estimate population history #
#       version 2.3.4-4-g53f8760       #
########################################

# Program was compiled: Sep 21 2021 14:36:42
# Program was run: Thu Sep 23 15:42:42 2021

# cmd: legofit -1 -d 0 -t 32 --ptsPerDim 3 --stateOut b1boot28.state --tol 3e-6 -S 5000 bcde2.lgo ../../chrX/boot_chrX/boot28.opf
# Stage nOptItr nSimReps
#     0    5000        0
# algorithm          : deterministic
# ignoring probs <=  : 0
# Branch length floor: 0
# DE strategy        : 2
#    F               : 0.3
#    CR              : 0.8
#    tolerance       : 3e-06
# nthreads           : 32
# lgo input file     : bcde2.lgo
# site pat input file: ../../chrX/boot_chrX/boot28.opf
# free parameters    : 16
# points in DE swarm : 48
# output state file  : b1boot28.state
# Including singleton site patterns.
# cost function      : KL
Initial parameter values
Fixed:
      zero = 0
       one = 1
    Tbecnw = 75200
Free:
       pc1 = 0
       pc2 = 0
       pc3 = 0
       pc4 = 0
       pc5 = 0
       pc6 = 0
       pc7 = 0
       pc8 = 0
       pc9 = 0
      pc10 = 0
      pc11 = 0
      pc12 = 0
      pc13 = 0
      pc14 = 0
      pc15 = 0
      pc16 = 0
Constrained:
     Tecnw = 36263.4
       Tnw = 5494.7
       Tec = 2928.14
     twoNb = 2.28062e+06
     twoNe = 7966.61
     twoNc = 248980
     twoNn = 179897
     twoNw = 1.16209e+06
    twoNec = 134767
    twoNnw = 91916.5
  twoNecnw = 27974.1
  twoNbecnw = 50757.2
        m2 = 0.0281282
        m3 = 0.24122
        m4 = 0.000645218
        m5 = 0.121532
        Tb = 19595.8
        Tc = 2747.35
        Td = 1373.68
        Te = 686.838
DiffEv reached_goal. cost=2.32456e-03 spread=2.86303e-06
Fitted parameter values
Free:
       pc1 = -3.97254
       pc2 = 1.0892
       pc3 = 1.30299
       pc4 = -1.45914
       pc5 = 1.97986
       pc6 = -0.321723
       pc7 = 1.93571
       pc8 = 0.0427425
       pc9 = -1.17517
      pc10 = 1.62278
      pc11 = 0.358558
      pc12 = -0.780628
      pc13 = 0.331033
      pc14 = -0.18967
      pc15 = 0.00934836
      pc16 = -0.0153938
Constrained:
     Tecnw = 36916.9
       Tnw = 4.14641
       Tec = 43.0471
     twoNb = 4.58242e+06
     twoNe = 2296.73
     twoNc = 511130
     twoNn = 62818
     twoNw = 390606
    twoNec = 142734
    twoNnw = 119539
  twoNecnw = 26378.7
  twoNbecnw = 50280.5
        m2 = 0.0402638
        m3 = 0.237803
        m4 = 0.000319196
        m5 = 0.128697
        Tb = 18480
        Tc = 2.07321
        Td = 1.0366
        Te = 0.518302
#       SitePat  BranchLen
              b 118039.2968157
              e 43935.8502772
              c 46192.5940211
              n 41698.3661810
              w 44632.8613852
            b:e 1388.5727541
            b:c 1573.3511266
            b:n 1032.7159870
            b:w 1119.0244615
            e:c 11144.2431145
            e:n 4696.5940824
            e:w 3950.6911234
            c:n 4298.2885452
            c:w 3043.1333460
            n:w 12018.5245862
          b:e:c 1217.7324634
          b:e:n 541.7798151
          b:e:w 564.8314132
          b:c:n 565.9927595
          b:c:w 540.8834149
          b:n:w 1212.0203971
          e:c:n 5077.5518506
          e:c:w 4153.3843401
          e:n:w 6150.0250150
          c:n:w 5193.6833297
        b:e:c:n 1121.0139811
        b:e:c:w 1027.4937176
        b:e:n:w 1542.7894804
        b:c:n:w 1363.2074179
        e:c:n:w 46338.1525770
