########################################
# legofit: estimate population history #
#       version 2.3.4-4-g53f8760       #
########################################

# Program was compiled: Sep 21 2021 14:36:42
# Program was run: Thu Sep 23 15:43:21 2021

# cmd: legofit -1 -d 0 -t 32 --ptsPerDim 3 --stateOut b1boot49.state --tol 3e-6 -S 5000 bcde2.lgo ../../chrX/boot_chrX/boot49.opf
# Stage nOptItr nSimReps
#     0    5000        0
# algorithm          : deterministic
# ignoring probs <=  : 0
# Branch length floor: 0
# DE strategy        : 2
#    F               : 0.3
#    CR              : 0.8
#    tolerance       : 3e-06
# nthreads           : 32
# lgo input file     : bcde2.lgo
# site pat input file: ../../chrX/boot_chrX/boot49.opf
# free parameters    : 16
# points in DE swarm : 48
# output state file  : b1boot49.state
# Including singleton site patterns.
# cost function      : KL
Initial parameter values
Fixed:
      zero = 0
       one = 1
    Tbecnw = 75200
Free:
       pc1 = 0
       pc2 = 0
       pc3 = 0
       pc4 = 0
       pc5 = 0
       pc6 = 0
       pc7 = 0
       pc8 = 0
       pc9 = 0
      pc10 = 0
      pc11 = 0
      pc12 = 0
      pc13 = 0
      pc14 = 0
      pc15 = 0
      pc16 = 0
Constrained:
     Tecnw = 36263.4
       Tnw = 5494.7
       Tec = 2928.14
     twoNb = 2.28062e+06
     twoNe = 7966.61
     twoNc = 248980
     twoNn = 179897
     twoNw = 1.16209e+06
    twoNec = 134767
    twoNnw = 91916.5
  twoNecnw = 27974.1
  twoNbecnw = 50757.2
        m2 = 0.0281282
        m3 = 0.24122
        m4 = 0.000645218
        m5 = 0.121532
        Tb = 19595.8
        Tc = 2747.35
        Td = 1373.68
        Te = 686.838
DiffEv reached_goal. cost=2.25945e-03 spread=2.83632e-06
Fitted parameter values
Free:
       pc1 = -3.9914
       pc2 = 0.724069
       pc3 = 0.3128
       pc4 = 0.791723
       pc5 = 1.98711
       pc6 = -0.413853
       pc7 = 1.91607
       pc8 = 0.620012
       pc9 = -1.69437
      pc10 = 1.83227
      pc11 = 0.563087
      pc12 = -0.158792
      pc13 = 0.125867
      pc14 = 0.173141
      pc15 = 0.40366
      pc16 = -0.00605742
Constrained:
     Tecnw = 36969.7
       Tnw = 516.203
       Tec = 510.077
     twoNb = 4.66299e+06
     twoNe = 10039.1
     twoNc = 374455
     twoNn = 35809.6
     twoNw = 173777
    twoNec = 143013
    twoNnw = 124499
  twoNecnw = 26882.1
  twoNbecnw = 51821.2
        m2 = 0.0396257
        m3 = 0.245211
        m4 = 0.000704209
        m5 = 0.133127
        Tb = 18739.9
        Tc = 258.102
        Td = 129.051
        Te = 64.5254
#       SitePat  BranchLen
              b 119162.5567502
              e 44280.0140739
              c 46626.9826280
              n 42331.7454290
              w 45388.0668392
            b:e 1444.6939442
            b:c 1645.3494260
            b:n 1103.0838985
            b:w 1202.6524715
            e:c 11095.3773293
            e:n 4900.1083630
            e:w 4096.2840568
            c:n 4445.7067572
            c:w 3177.4763480
            n:w 11755.1103936
          b:e:c 1265.7833032
          b:e:n 585.5202917
          b:e:w 608.3368754
          b:c:n 609.5164517
          b:c:w 584.6015921
          b:n:w 1260.2192388
          e:c:n 5277.0304490
          e:c:w 4302.1317126
          e:n:w 6244.8187032
          c:n:w 5264.9943533
        b:e:c:n 1204.7190495
        b:e:c:w 1097.8807942
        b:e:n:w 1614.9768156
        b:c:n:w 1420.1255675
        e:c:n:w 46792.3407085
