########################################
# legofit: estimate population history #
#       version 2.3.4-4-g53f8760       #
########################################

# Program was compiled: Sep 21 2021 14:36:42
# Program was run: Thu Sep 23 15:42:28 2021

# cmd: legofit -1 -d 0 -t 32 --ptsPerDim 3 --stateOut b1boot25.state --tol 3e-6 -S 5000 bcde2.lgo ../../chrX/boot_chrX/boot25.opf
# Stage nOptItr nSimReps
#     0    5000        0
# algorithm          : deterministic
# ignoring probs <=  : 0
# Branch length floor: 0
# DE strategy        : 2
#    F               : 0.3
#    CR              : 0.8
#    tolerance       : 3e-06
# nthreads           : 32
# lgo input file     : bcde2.lgo
# site pat input file: ../../chrX/boot_chrX/boot25.opf
# free parameters    : 16
# points in DE swarm : 48
# output state file  : b1boot25.state
# Including singleton site patterns.
# cost function      : KL
Initial parameter values
Fixed:
      zero = 0
       one = 1
    Tbecnw = 75200
Free:
       pc1 = 0
       pc2 = 0
       pc3 = 0
       pc4 = 0
       pc5 = 0
       pc6 = 0
       pc7 = 0
       pc8 = 0
       pc9 = 0
      pc10 = 0
      pc11 = 0
      pc12 = 0
      pc13 = 0
      pc14 = 0
      pc15 = 0
      pc16 = 0
Constrained:
     Tecnw = 36263.4
       Tnw = 5494.7
       Tec = 2928.14
     twoNb = 2.28062e+06
     twoNe = 7966.61
     twoNc = 248980
     twoNn = 179897
     twoNw = 1.16209e+06
    twoNec = 134767
    twoNnw = 91916.5
  twoNecnw = 27974.1
  twoNbecnw = 50757.2
        m2 = 0.0281282
        m3 = 0.24122
        m4 = 0.000645218
        m5 = 0.121532
        Tb = 19595.8
        Tc = 2747.35
        Td = 1373.68
        Te = 686.838
DiffEv reached_goal. cost=2.39777e-03 spread=2.96674e-06
Fitted parameter values
Free:
       pc1 = -3.96564
       pc2 = 1.10469
       pc3 = 0.606595
       pc4 = -0.0812892
       pc5 = 1.96667
       pc6 = -0.085525
       pc7 = 1.87125
       pc8 = 0.0816701
       pc9 = -1.24244
      pc10 = 1.72788
      pc11 = 0.416035
      pc12 = -0.885122
      pc13 = 0.156383
      pc14 = 0.0785039
      pc15 = -0.185477
      pc16 = 0.000264309
Constrained:
     Tecnw = 37036.2
       Tnw = 46.5159
       Tec = 97.1851
     twoNb = 4.59689e+06
     twoNe = 6214.11
     twoNc = 355665
     twoNn = 58092.2
     twoNw = 283668
    twoNec = 140477
    twoNnw = 116112
  twoNecnw = 26403
  twoNbecnw = 51213.7
        m2 = 0.0390761
        m3 = 0.238788
        m4 = 0.000297752
        m5 = 0.130467
        Tb = 18566.7
        Tc = 23.258
        Td = 11.629
        Te = 5.81449
#       SitePat  BranchLen
              b 118846.0889634
              e 43935.6959240
              c 46208.4217270
              n 41643.9743600
              w 44592.1149281
            b:e 1404.4902137
            b:c 1593.6596126
            b:n 1049.0431890
            b:w 1141.7392708
            e:c 11311.5149868
            e:n 4669.1351959
            e:w 3979.6653033
            c:n 4328.3379836
            c:w 3026.7556844
            n:w 12237.5463525
          b:e:c 1253.2181007
          b:e:n 547.4692016
          b:e:w 574.8780887
          b:c:n 576.0331258
          b:c:w 546.6175933
          b:n:w 1247.5760553
          e:c:n 5119.5468129
          e:c:w 4171.5514725
          e:n:w 6196.9930672
          c:n:w 5212.5877648
        b:e:c:n 1143.6962866
        b:e:c:w 1043.9138145
        b:e:n:w 1563.9155703
        b:c:n:w 1379.8290731
        e:c:n:w 46996.4841207
