########################################
# legofit: estimate population history #
#       version 2.3.4-4-g53f8760       #
########################################

# Program was compiled: Sep 21 2021 14:36:42
# Program was run: Thu Sep 23 15:42:55 2021

# cmd: legofit -1 -d 0 -t 32 --ptsPerDim 3 --stateOut b1boot36.state --tol 3e-6 -S 5000 bcde2.lgo ../../chrX/boot_chrX/boot36.opf
# Stage nOptItr nSimReps
#     0    5000        0
# algorithm          : deterministic
# ignoring probs <=  : 0
# Branch length floor: 0
# DE strategy        : 2
#    F               : 0.3
#    CR              : 0.8
#    tolerance       : 3e-06
# nthreads           : 32
# lgo input file     : bcde2.lgo
# site pat input file: ../../chrX/boot_chrX/boot36.opf
# free parameters    : 16
# points in DE swarm : 48
# output state file  : b1boot36.state
# Including singleton site patterns.
# cost function      : KL
Initial parameter values
Fixed:
      zero = 0
       one = 1
    Tbecnw = 75200
Free:
       pc1 = 0
       pc2 = 0
       pc3 = 0
       pc4 = 0
       pc5 = 0
       pc6 = 0
       pc7 = 0
       pc8 = 0
       pc9 = 0
      pc10 = 0
      pc11 = 0
      pc12 = 0
      pc13 = 0
      pc14 = 0
      pc15 = 0
      pc16 = 0
Constrained:
     Tecnw = 36263.4
       Tnw = 5494.7
       Tec = 2928.14
     twoNb = 2.28062e+06
     twoNe = 7966.61
     twoNc = 248980
     twoNn = 179897
     twoNw = 1.16209e+06
    twoNec = 134767
    twoNnw = 91916.5
  twoNecnw = 27974.1
  twoNbecnw = 50757.2
        m2 = 0.0281282
        m3 = 0.24122
        m4 = 0.000645218
        m5 = 0.121532
        Tb = 19595.8
        Tc = 2747.35
        Td = 1373.68
        Te = 686.838
DiffEv reached_goal. cost=2.37464e-03 spread=2.99591e-06
Fitted parameter values
Free:
       pc1 = -3.99527
       pc2 = 1.2186
       pc3 = 1.82639
       pc4 = -0.537182
       pc5 = 1.96899
       pc6 = -1.16933
       pc7 = 1.8851
       pc8 = 1.1584
       pc9 = -0.972739
      pc10 = 1.14073
      pc11 = 0.468029
      pc12 = -0.83217
      pc13 = 0.181625
      pc14 = 0.0491936
      pc15 = 0.140331
      pc16 = -0.016539
Constrained:
     Tecnw = 36832.3
       Tnw = 64.687
       Tec = 183.514
     twoNb = 4.57404e+06
     twoNe = 7489.58
     twoNc = 644674
     twoNn = 42005.3
     twoNw = 503631
    twoNec = 141649
    twoNnw = 120843
  twoNecnw = 26298.4
  twoNbecnw = 50749.5
        m2 = 0.0412291
        m3 = 0.249106
        m4 = 9.95903e-05
        m5 = 0.121139
        Tb = 18507.9
        Tc = 32.3435
        Td = 16.1718
        Te = 8.08588
#       SitePat  BranchLen
              b 118452.0921430
              e 43900.7014619
              c 46019.4731633
              n 41725.0719143
              w 44839.2968910
            b:e 1404.1843541
            b:c 1576.9950591
            b:n 1044.2831390
            b:w 1134.9190423
            e:c 11134.0742867
            e:n 4751.2441961
            e:w 3915.3828780
            c:n 4359.1473990
            c:w 3069.1949682
            n:w 11850.8498358
          b:e:c 1216.9268739
          b:e:n 547.9005875
          b:e:w 568.9017018
          b:c:n 570.1360984
          b:c:w 546.8918722
          b:n:w 1211.0278674
          e:c:n 5162.4286011
          e:c:w 4184.0310998
          e:n:w 6109.9320838
          c:n:w 5224.4358674
        b:e:c:n 1137.0076860
        b:e:c:w 1038.6011679
        b:e:n:w 1545.8788674
        b:c:n:w 1377.8517028
        e:c:n:w 46756.4023168
