########################################
# legofit: estimate population history #
#       version 2.3.4-4-g53f8760       #
########################################

# Program was compiled: Sep 21 2021 14:36:42
# Program was run: Thu Sep 23 15:42:55 2021

# cmd: legofit -1 -d 0 -t 32 --ptsPerDim 3 --stateOut b1boot38.state --tol 3e-6 -S 5000 bcde2.lgo ../../chrX/boot_chrX/boot38.opf
# Stage nOptItr nSimReps
#     0    5000        0
# algorithm          : deterministic
# ignoring probs <=  : 0
# Branch length floor: 0
# DE strategy        : 2
#    F               : 0.3
#    CR              : 0.8
#    tolerance       : 3e-06
# nthreads           : 32
# lgo input file     : bcde2.lgo
# site pat input file: ../../chrX/boot_chrX/boot38.opf
# free parameters    : 16
# points in DE swarm : 48
# output state file  : b1boot38.state
# Including singleton site patterns.
# cost function      : KL
Initial parameter values
Fixed:
      zero = 0
       one = 1
    Tbecnw = 75200
Free:
       pc1 = 0
       pc2 = 0
       pc3 = 0
       pc4 = 0
       pc5 = 0
       pc6 = 0
       pc7 = 0
       pc8 = 0
       pc9 = 0
      pc10 = 0
      pc11 = 0
      pc12 = 0
      pc13 = 0
      pc14 = 0
      pc15 = 0
      pc16 = 0
Constrained:
     Tecnw = 36263.4
       Tnw = 5494.7
       Tec = 2928.14
     twoNb = 2.28062e+06
     twoNe = 7966.61
     twoNc = 248980
     twoNn = 179897
     twoNw = 1.16209e+06
    twoNec = 134767
    twoNnw = 91916.5
  twoNecnw = 27974.1
  twoNbecnw = 50757.2
        m2 = 0.0281282
        m3 = 0.24122
        m4 = 0.000645218
        m5 = 0.121532
        Tb = 19595.8
        Tc = 2747.35
        Td = 1373.68
        Te = 686.838
DiffEv reached_goal. cost=2.44832e-03 spread=1.54251e-06
Fitted parameter values
Free:
       pc1 = -3.987
       pc2 = 0.854004
       pc3 = 1.88667
       pc4 = -0.26312
       pc5 = 1.9858
       pc6 = -0.57404
       pc7 = 1.84613
       pc8 = 0.77189
       pc9 = -1.01981
      pc10 = 1.54739
      pc11 = 0.371198
      pc12 = -0.978753
      pc13 = -0.517224
      pc14 = 0.0665978
      pc15 = 0.133888
      pc16 = 0.000816801
Constrained:
     Tecnw = 36752.4
       Tnw = 55.7329
       Tec = 169.535
     twoNb = 4.56892e+06
     twoNe = 5510.08
     twoNc = 524917
     twoNn = 17381
     twoNw = 314222
    twoNec = 145625
    twoNnw = 121200
  twoNecnw = 26079.9
  twoNbecnw = 51086.8
        m2 = 0.0380083
        m3 = 0.248189
        m4 = 2.31933e-05
        m5 = 0.122641
        Tb = 18461
        Tc = 27.8664
        Td = 13.9332
        Te = 6.96661
#       SitePat  BranchLen
              b 118909.5950173
              e 43766.3851366
              c 45938.3205472
              n 41576.5400527
              w 44654.8992746
            b:e 1374.1629594
            b:c 1544.7310224
            b:n 1029.5982127
            b:w 1121.5901178
            e:c 10933.5986716
            e:n 4775.9236245
            e:w 3914.5982704
            c:n 4321.8043476
            c:w 3078.6498908
            n:w 11724.7294422
          b:e:c 1194.0004103
          b:e:n 545.8359478
          b:e:w 564.2418318
          b:c:n 565.3555455
          b:c:w 544.8903446
          b:n:w 1188.6702138
          e:c:n 5132.0458235
          e:c:w 4167.4237159
          e:n:w 6068.8745915
          c:n:w 5182.3996559
        b:e:c:n 1123.4918873
        b:e:c:w 1024.3019956
        b:e:n:w 1515.7445132
        b:c:n:w 1349.6155213
        e:c:n:w 47495.1961612
