########################################
# legofit: estimate population history #
#       version 2.3.4-4-g53f8760       #
########################################

# Program was compiled: Sep 21 2021 14:36:42
# Program was run: Thu Sep 23 15:41:14 2021

# cmd: legofit -1 -d 0 -t 32 --ptsPerDim 3 --stateOut b1boot0.state --tol 3e-6 -S 5000 bcde2.lgo ../../chrX/boot_chrX/boot0.opf
# Stage nOptItr nSimReps
#     0    5000        0
# algorithm          : deterministic
# ignoring probs <=  : 0
# Branch length floor: 0
# DE strategy        : 2
#    F               : 0.3
#    CR              : 0.8
#    tolerance       : 3e-06
# nthreads           : 32
# lgo input file     : bcde2.lgo
# site pat input file: ../../chrX/boot_chrX/boot0.opf
# free parameters    : 16
# points in DE swarm : 48
# output state file  : b1boot0.state
# Including singleton site patterns.
# cost function      : KL
Initial parameter values
Fixed:
      zero = 0
       one = 1
    Tbecnw = 75200
Free:
       pc1 = 0
       pc2 = 0
       pc3 = 0
       pc4 = 0
       pc5 = 0
       pc6 = 0
       pc7 = 0
       pc8 = 0
       pc9 = 0
      pc10 = 0
      pc11 = 0
      pc12 = 0
      pc13 = 0
      pc14 = 0
      pc15 = 0
      pc16 = 0
Constrained:
     Tecnw = 36263.4
       Tnw = 5494.7
       Tec = 2928.14
     twoNb = 2.28062e+06
     twoNe = 7966.61
     twoNc = 248980
     twoNn = 179897
     twoNw = 1.16209e+06
    twoNec = 134767
    twoNnw = 91916.5
  twoNecnw = 27974.1
  twoNbecnw = 50757.2
        m2 = 0.0281282
        m3 = 0.24122
        m4 = 0.000645218
        m5 = 0.121532
        Tb = 19595.8
        Tc = 2747.35
        Td = 1373.68
        Te = 686.838
DiffEv reached_goal. cost=2.29847e-03 spread=2.24932e-06
Fitted parameter values
Free:
       pc1 = -3.96286
       pc2 = 0.686461
       pc3 = 1.65705
       pc4 = -0.42215
       pc5 = 1.95553
       pc6 = -0.641886
       pc7 = 1.90207
       pc8 = 1.05104
       pc9 = -1.09255
      pc10 = 1.91663
      pc11 = 0.249541
      pc12 = -0.865287
      pc13 = 0.788442
      pc14 = -0.204024
      pc15 = 0.0234354
      pc16 = 0.00109288
Constrained:
     Tecnw = 37094.6
       Tnw = 11.2431
       Tec = 121.707
     twoNb = 4.79432e+06
     twoNe = 4787.44
     twoNc = 616133
     twoNn = 21908.7
     twoNw = 442080
    twoNec = 144325
    twoNnw = 118792
  twoNecnw = 26719.9
  twoNbecnw = 51133.4
        m2 = 0.0405397
        m3 = 0.242101
        m4 = 0.000422484
        m5 = 0.121255
        Tb = 18608.1
        Tc = 5.62157
        Td = 2.81079
        Te = 1.40539
#       SitePat  BranchLen
              b 118598.3603828
              e 44301.8219231
              c 46546.4265493
              n 41921.8935491
              w 45000.6714605
            b:e 1441.5115652
            b:c 1626.6950061
            b:n 1071.7190526
            b:w 1169.0904307
            e:c 11271.4952728
            e:n 4804.6485041
            e:w 3957.4952462
            c:n 4349.1790865
            c:w 3099.1791069
            n:w 12205.8366075
          b:e:c 1269.8829707
          b:e:n 566.5895795
          b:e:w 586.3852201
          b:c:n 587.5186694
          b:c:w 565.6646352
          b:n:w 1264.2870974
          e:c:n 5177.0413770
          e:c:w 4204.5710871
          e:n:w 6218.5192731
          c:n:w 5282.5471989
        b:e:c:n 1171.0986726
        b:e:c:w 1066.6313041
        b:e:n:w 1597.0522690
        b:c:n:w 1416.8133279
        e:c:n:w 46364.5559189
