########################################
# legofit: estimate population history #
#       version 2.3.4-4-g53f8760       #
########################################

# Program was compiled: Sep 21 2021 14:36:42
# Program was run: Thu Sep 23 15:41:33 2021

# cmd: legofit -1 -d 0 -t 32 --ptsPerDim 3 --stateOut b1boot10.state --tol 3e-6 -S 5000 bcde2.lgo ../../chrX/boot_chrX/boot10.opf
# Stage nOptItr nSimReps
#     0    5000        0
# algorithm          : deterministic
# ignoring probs <=  : 0
# Branch length floor: 0
# DE strategy        : 2
#    F               : 0.3
#    CR              : 0.8
#    tolerance       : 3e-06
# nthreads           : 32
# lgo input file     : bcde2.lgo
# site pat input file: ../../chrX/boot_chrX/boot10.opf
# free parameters    : 16
# points in DE swarm : 48
# output state file  : b1boot10.state
# Including singleton site patterns.
# cost function      : KL
Initial parameter values
Fixed:
      zero = 0
       one = 1
    Tbecnw = 75200
Free:
       pc1 = 0
       pc2 = 0
       pc3 = 0
       pc4 = 0
       pc5 = 0
       pc6 = 0
       pc7 = 0
       pc8 = 0
       pc9 = 0
      pc10 = 0
      pc11 = 0
      pc12 = 0
      pc13 = 0
      pc14 = 0
      pc15 = 0
      pc16 = 0
Constrained:
     Tecnw = 36263.4
       Tnw = 5494.7
       Tec = 2928.14
     twoNb = 2.28062e+06
     twoNe = 7966.61
     twoNc = 248980
     twoNn = 179897
     twoNw = 1.16209e+06
    twoNec = 134767
    twoNnw = 91916.5
  twoNecnw = 27974.1
  twoNbecnw = 50757.2
        m2 = 0.0281282
        m3 = 0.24122
        m4 = 0.000645218
        m5 = 0.121532
        Tb = 19595.8
        Tc = 2747.35
        Td = 1373.68
        Te = 686.838
DiffEv reached_goal. cost=2.18856e-03 spread=2.90551e-06
Fitted parameter values
Free:
       pc1 = -3.99027
       pc2 = 0.482095
       pc3 = -0.835808
       pc4 = 0.840444
       pc5 = 1.79083
       pc6 = -0.0856157
       pc7 = 1.84074
       pc8 = 0.998174
       pc9 = -1.93686
      pc10 = 1.16643
      pc11 = -0.119722
      pc12 = -0.454285
      pc13 = 0.203755
      pc14 = 0.449696
      pc15 = 0.234124
      pc16 = -0.0663956
Constrained:
     Tecnw = 37021.1
       Tnw = 22.1981
       Tec = 178.365
     twoNb = 4.4613e+06
     twoNe = 16126.2
     twoNc = 328663
     twoNn = 56651.6
     twoNw = 154987
    twoNec = 140917
    twoNnw = 125206
  twoNecnw = 27098.6
  twoNbecnw = 51730.1
        m2 = 0.0363493
        m3 = 0.23496
        m4 = 0.000786392
        m5 = 0.133424
        Tb = 18599.7
        Tc = 11.0991
        Td = 5.54953
        Te = 2.77476
#       SitePat  BranchLen
              b 119093.5794075
              e 44186.4392365
              c 46400.1489939
              n 42355.6820691
              w 45296.3355838
            b:e 1423.3068826
            b:c 1615.5369836
            b:n 1105.8280911
            b:w 1210.9777874
            e:c 11395.5952700
            e:n 4756.4560024
            e:w 4082.6646020
            c:n 4433.4967921
            c:w 3142.8096199
            n:w 12007.1793953
          b:e:c 1290.0317972
          b:e:n 579.6799449
          b:e:w 608.0846791
          b:c:n 609.1992087
          b:c:w 578.9119964
          b:n:w 1284.5832472
          e:c:n 5290.3252938
          e:c:w 4322.7736459
          e:n:w 6171.2345543
          c:n:w 5214.2955570
        b:e:c:n 1212.9527950
        b:e:c:w 1101.0622826
        b:e:n:w 1586.2272852
        b:c:n:w 1399.6940354
        e:c:n:w 46692.8221525
