########################################
# legofit: estimate population history #
#       version 2.3.4-4-g53f8760       #
########################################

# Program was compiled: Sep 21 2021 14:36:42
# Program was run: Thu Sep 23 15:43:09 2021

# cmd: legofit -1 -d 0 -t 32 --ptsPerDim 3 --stateOut b1boot41.state --tol 3e-6 -S 5000 bcde2.lgo ../../chrX/boot_chrX/boot41.opf
# Stage nOptItr nSimReps
#     0    5000        0
# algorithm          : deterministic
# ignoring probs <=  : 0
# Branch length floor: 0
# DE strategy        : 2
#    F               : 0.3
#    CR              : 0.8
#    tolerance       : 3e-06
# nthreads           : 32
# lgo input file     : bcde2.lgo
# site pat input file: ../../chrX/boot_chrX/boot41.opf
# free parameters    : 16
# points in DE swarm : 48
# output state file  : b1boot41.state
# Including singleton site patterns.
# cost function      : KL
Initial parameter values
Fixed:
      zero = 0
       one = 1
    Tbecnw = 75200
Free:
       pc1 = 0
       pc2 = 0
       pc3 = 0
       pc4 = 0
       pc5 = 0
       pc6 = 0
       pc7 = 0
       pc8 = 0
       pc9 = 0
      pc10 = 0
      pc11 = 0
      pc12 = 0
      pc13 = 0
      pc14 = 0
      pc15 = 0
      pc16 = 0
Constrained:
     Tecnw = 36263.4
       Tnw = 5494.7
       Tec = 2928.14
     twoNb = 2.28062e+06
     twoNe = 7966.61
     twoNc = 248980
     twoNn = 179897
     twoNw = 1.16209e+06
    twoNec = 134767
    twoNnw = 91916.5
  twoNecnw = 27974.1
  twoNbecnw = 50757.2
        m2 = 0.0281282
        m3 = 0.24122
        m4 = 0.000645218
        m5 = 0.121532
        Tb = 19595.8
        Tc = 2747.35
        Td = 1373.68
        Te = 686.838
DiffEv reached_goal. cost=2.32482e-03 spread=2.94236e-06
Fitted parameter values
Free:
       pc1 = -3.98846
       pc2 = 0.645225
       pc3 = 0.988637
       pc4 = 0.979225
       pc5 = 1.93697
       pc6 = 0.129264
       pc7 = 1.55423
       pc8 = 0.421633
       pc9 = -1.75685
      pc10 = 1.34678
      pc11 = 0.848873
      pc12 = -0.7148
      pc13 = -0.0624486
      pc14 = -0.241577
      pc15 = -0.153081
      pc16 = 0.00970995
Constrained:
     Tecnw = 36963.2
       Tnw = 305.519
       Tec = 252.768
     twoNb = 4.11725e+06
     twoNe = 8618.41
     twoNc = 316392
     twoNn = 17412.8
     twoNw = 40566.8
    twoNec = 145303
    twoNnw = 115188
  twoNecnw = 26305.7
  twoNbecnw = 51897.4
        m2 = 0.040103
        m3 = 0.244009
        m4 = 0.000961049
        m5 = 0.127201
        Tb = 18608
        Tc = 152.759
        Td = 76.3797
        Te = 38.1898
#       SitePat  BranchLen
              b 119416.9438170
              e 44202.0252591
              c 46484.7707089
              n 41731.9586890
              w 44576.3161160
            b:e 1440.1324173
            b:c 1639.0312333
            b:n 1061.2953644
            b:w 1143.5514171
            e:c 11084.8445804
            e:n 4674.9963915
            e:w 4024.3661771
            c:n 4347.1622679
            c:w 3061.1708193
            n:w 12147.4718818
          b:e:c 1252.8783560
          b:e:n 556.0222135
          b:e:w 583.8762248
          b:c:n 585.2288538
          b:c:w 555.0467686
          b:n:w 1246.4570799
          e:c:n 5084.0603331
          e:c:w 4187.0456534
          e:n:w 6298.1351882
          c:n:w 5299.3161083
        b:e:c:n 1145.8260555
        b:e:c:w 1055.1769925
        b:e:n:w 1603.6283039
        b:c:n:w 1411.4554155
        e:c:n:w 47503.5363667
