########################################
# legofit: estimate population history #
#       version 2.3.4-4-g53f8760       #
########################################

# Program was compiled: Sep 21 2021 14:36:42
# Program was run: Thu Sep 23 15:43:18 2021

# cmd: legofit -1 -d 0 -t 32 --ptsPerDim 3 --stateOut b1boot45.state --tol 3e-6 -S 5000 bcde2.lgo ../../chrX/boot_chrX/boot45.opf
# Stage nOptItr nSimReps
#     0    5000        0
# algorithm          : deterministic
# ignoring probs <=  : 0
# Branch length floor: 0
# DE strategy        : 2
#    F               : 0.3
#    CR              : 0.8
#    tolerance       : 3e-06
# nthreads           : 32
# lgo input file     : bcde2.lgo
# site pat input file: ../../chrX/boot_chrX/boot45.opf
# free parameters    : 16
# points in DE swarm : 48
# output state file  : b1boot45.state
# Including singleton site patterns.
# cost function      : KL
Initial parameter values
Fixed:
      zero = 0
       one = 1
    Tbecnw = 75200
Free:
       pc1 = 0
       pc2 = 0
       pc3 = 0
       pc4 = 0
       pc5 = 0
       pc6 = 0
       pc7 = 0
       pc8 = 0
       pc9 = 0
      pc10 = 0
      pc11 = 0
      pc12 = 0
      pc13 = 0
      pc14 = 0
      pc15 = 0
      pc16 = 0
Constrained:
     Tecnw = 36263.4
       Tnw = 5494.7
       Tec = 2928.14
     twoNb = 2.28062e+06
     twoNe = 7966.61
     twoNc = 248980
     twoNn = 179897
     twoNw = 1.16209e+06
    twoNec = 134767
    twoNnw = 91916.5
  twoNecnw = 27974.1
  twoNbecnw = 50757.2
        m2 = 0.0281282
        m3 = 0.24122
        m4 = 0.000645218
        m5 = 0.121532
        Tb = 19595.8
        Tc = 2747.35
        Td = 1373.68
        Te = 686.838
DiffEv reached_goal. cost=2.15591e-03 spread=2.68485e-06
Fitted parameter values
Free:
       pc1 = -3.99575
       pc2 = 0.867
       pc3 = 0.280727
       pc4 = -1.21921
       pc5 = 1.96536
       pc6 = -0.183673
       pc7 = 1.93916
       pc8 = 0.16859
       pc9 = -0.290081
      pc10 = 1.21209
      pc11 = -0.0311344
      pc12 = -0.785839
      pc13 = 0.428451
      pc14 = -0.0456186
      pc15 = 0.128112
      pc16 = -0.0078784
Constrained:
     Tecnw = 36968.2
       Tnw = 36.3175
       Tec = 194.544
     twoNb = 4.68123e+06
     twoNe = 6284.22
     twoNc = 366622
     twoNn = 75870.7
     twoNw = 993193
    twoNec = 140829
    twoNnw = 121970
  twoNecnw = 26662.4
  twoNbecnw = 50247
        m2 = 0.0383487
        m3 = 0.233083
        m4 = 5.42141e-05
        m5 = 0.127702
        Tb = 18581.4
        Tc = 18.1588
        Td = 9.07938
        Te = 4.53969
#       SitePat  BranchLen
              b 117960.6399752
              e 43890.3469828
              c 46185.3532239
              n 41852.3500471
              w 44887.8894468
            b:e 1379.3010357
            b:c 1559.6532440
            b:n 1044.5238510
            b:w 1143.9469807
            e:c 11261.5007564
            e:n 4782.0177558
            e:w 3944.6944511
            c:n 4289.4854327
            c:w 3074.7604490
            n:w 12011.1495962
          b:e:c 1234.1654458
          b:e:n 551.6023720
          b:e:w 570.2490648
          b:c:n 571.2980011
          b:c:w 550.7306916
          b:n:w 1228.8247117
          e:c:n 5163.1827012
          e:c:w 4188.1392046
          e:n:w 6092.1055279
          c:n:w 5154.8633279
        b:e:c:n 1145.8252642
        b:e:c:w 1039.8751365
        b:e:n:w 1531.6042902
        b:c:n:w 1355.7771101
        e:c:n:w 46093.4071855
