########################################
# legofit: estimate population history #
#       version 2.3.4-4-g53f8760       #
########################################

# Program was compiled: Sep 21 2021 14:36:42
# Program was run: Thu Sep 23 15:42:26 2021

# cmd: legofit -1 -d 0 -t 32 --ptsPerDim 3 --stateOut b1boot23.state --tol 3e-6 -S 5000 bcde2.lgo ../../chrX/boot_chrX/boot23.opf
# Stage nOptItr nSimReps
#     0    5000        0
# algorithm          : deterministic
# ignoring probs <=  : 0
# Branch length floor: 0
# DE strategy        : 2
#    F               : 0.3
#    CR              : 0.8
#    tolerance       : 3e-06
# nthreads           : 32
# lgo input file     : bcde2.lgo
# site pat input file: ../../chrX/boot_chrX/boot23.opf
# free parameters    : 16
# points in DE swarm : 48
# output state file  : b1boot23.state
# Including singleton site patterns.
# cost function      : KL
Initial parameter values
Fixed:
      zero = 0
       one = 1
    Tbecnw = 75200
Free:
       pc1 = 0
       pc2 = 0
       pc3 = 0
       pc4 = 0
       pc5 = 0
       pc6 = 0
       pc7 = 0
       pc8 = 0
       pc9 = 0
      pc10 = 0
      pc11 = 0
      pc12 = 0
      pc13 = 0
      pc14 = 0
      pc15 = 0
      pc16 = 0
Constrained:
     Tecnw = 36263.4
       Tnw = 5494.7
       Tec = 2928.14
     twoNb = 2.28062e+06
     twoNe = 7966.61
     twoNc = 248980
     twoNn = 179897
     twoNw = 1.16209e+06
    twoNec = 134767
    twoNnw = 91916.5
  twoNecnw = 27974.1
  twoNbecnw = 50757.2
        m2 = 0.0281282
        m3 = 0.24122
        m4 = 0.000645218
        m5 = 0.121532
        Tb = 19595.8
        Tc = 2747.35
        Td = 1373.68
        Te = 686.838
DiffEv reached_goal. cost=2.31084e-03 spread=2.51156e-06
Fitted parameter values
Free:
       pc1 = -3.99596
       pc2 = 1.27064
       pc3 = 0.032125
       pc4 = -0.70506
       pc5 = 1.96476
       pc6 = -0.220662
       pc7 = 1.93856
       pc8 = 0.429878
       pc9 = -1.5692
      pc10 = 1.94738
      pc11 = -0.031404
      pc12 = -0.632241
      pc13 = 0.579346
      pc14 = 0.194823
      pc15 = 0.157738
      pc16 = -0.0244647
Constrained:
     Tecnw = 37084.1
       Tnw = 7.71088
       Tec = 146.978
     twoNb = 4.8528e+06
     twoNe = 7422.51
     twoNc = 451869
     twoNn = 107011
     twoNw = 153981
    twoNec = 139562
    twoNnw = 122873
  twoNecnw = 26892
  twoNbecnw = 50884.3
        m2 = 0.0393465
        m3 = 0.233045
        m4 = 0.000193977
        m5 = 0.133496
        Tb = 18615.5
        Tc = 3.85544
        Td = 1.92772
        Te = 0.96386
#       SitePat  BranchLen
              b 118378.5096499
              e 44090.0065297
              c 46408.6058294
              n 42118.2396264
              w 45105.2888667
            b:e 1415.1450909
            b:c 1606.4737905
            b:n 1077.8228312
            b:w 1177.5682360
            e:c 11385.1587796
            e:n 4776.4033995
            e:w 4029.6462115
            c:n 4361.7308842
            c:w 3096.7195094
            n:w 12090.9253493
          b:e:c 1270.2482051
          b:e:n 565.5301775
          b:e:w 589.9750345
          b:c:n 591.0492528
          b:c:w 564.7113470
          b:n:w 1264.8685130
          e:c:n 5213.2992362
          e:c:w 4246.4406250
          e:n:w 6179.3306795
          c:n:w 5203.2489601
        b:e:c:n 1179.4733374
        b:e:c:w 1073.1989151
        b:e:n:w 1578.4364245
        b:c:n:w 1391.9339745
        e:c:n:w 46132.6521338
