########################################
# legofit: estimate population history #
#       version 2.3.4-4-g53f8760       #
########################################

# Program was compiled: Sep 21 2021 14:36:42
# Program was run: Thu Sep 23 15:42:05 2021

# cmd: legofit -1 -d 0 -t 32 --ptsPerDim 3 --stateOut b1boot12.state --tol 3e-6 -S 5000 bcde2.lgo ../../chrX/boot_chrX/boot12.opf
# Stage nOptItr nSimReps
#     0    5000        0
# algorithm          : deterministic
# ignoring probs <=  : 0
# Branch length floor: 0
# DE strategy        : 2
#    F               : 0.3
#    CR              : 0.8
#    tolerance       : 3e-06
# nthreads           : 32
# lgo input file     : bcde2.lgo
# site pat input file: ../../chrX/boot_chrX/boot12.opf
# free parameters    : 16
# points in DE swarm : 48
# output state file  : b1boot12.state
# Including singleton site patterns.
# cost function      : KL
Initial parameter values
Fixed:
      zero = 0
       one = 1
    Tbecnw = 75200
Free:
       pc1 = 0
       pc2 = 0
       pc3 = 0
       pc4 = 0
       pc5 = 0
       pc6 = 0
       pc7 = 0
       pc8 = 0
       pc9 = 0
      pc10 = 0
      pc11 = 0
      pc12 = 0
      pc13 = 0
      pc14 = 0
      pc15 = 0
      pc16 = 0
Constrained:
     Tecnw = 36263.4
       Tnw = 5494.7
       Tec = 2928.14
     twoNb = 2.28062e+06
     twoNe = 7966.61
     twoNc = 248980
     twoNn = 179897
     twoNw = 1.16209e+06
    twoNec = 134767
    twoNnw = 91916.5
  twoNecnw = 27974.1
  twoNbecnw = 50757.2
        m2 = 0.0281282
        m3 = 0.24122
        m4 = 0.000645218
        m5 = 0.121532
        Tb = 19595.8
        Tc = 2747.35
        Td = 1373.68
        Te = 686.838
DiffEv reached_goal. cost=2.35992e-03 spread=2.61231e-06
Fitted parameter values
Free:
       pc1 = -3.98998
       pc2 = 0.665862
       pc3 = 0.473988
       pc4 = 0.191568
       pc5 = 1.92955
       pc6 = 0.0694553
       pc7 = 1.89541
       pc8 = -0.276413
       pc9 = -0.104409
      pc10 = 1.01522
      pc11 = 0.550009
      pc12 = -0.976702
      pc13 = 0.308459
      pc14 = 0.403399
      pc15 = 0.0950419
      pc16 = -0.0110779
Constrained:
     Tecnw = 37067.5
       Tnw = 40.285
       Tec = 163.473
     twoNb = 4.36002e+06
     twoNe = 6688.02
     twoNc = 190513
     twoNn = 17918.7
     twoNw = 1.05872e+06
    twoNec = 136985
    twoNnw = 121627
  twoNecnw = 26377.9
  twoNbecnw = 51117.1
        m2 = 0.0376954
        m3 = 0.24057
        m4 = 0.000365761
        m5 = 0.126259
        Tb = 18615.5
        Tc = 20.1425
        Td = 10.0712
        Te = 5.03562
#       SitePat  BranchLen
              b 118793.5188771
              e 43695.7588695
              c 45906.7944749
              n 41816.1250370
              w 44987.5826644
            b:e 1379.2397637
            b:c 1559.7688873
            b:n 1052.8985489
            b:w 1159.8648583
            e:c 11411.8622427
            e:n 4754.1203594
            e:w 3926.5686878
            c:n 4342.8371555
            c:w 3045.0103286
            n:w 11975.2643647
          b:e:c 1244.9532085
          b:e:n 550.7547689
          b:e:w 572.9299033
          b:c:n 574.1090775
          b:c:w 549.8214227
          b:n:w 1239.1659639
          e:c:n 5242.1003514
          e:c:w 4205.3136757
          e:n:w 6053.3466050
          c:n:w 5129.7342647
        b:e:c:n 1161.8935789
        b:e:c:w 1047.7473367
        b:e:n:w 1529.5959294
        b:c:n:w 1354.2392757
        e:c:n:w 46994.3161199
