########################################
# legofit: estimate population history #
#       version 2.3.4-4-g53f8760       #
########################################

# Program was compiled: Sep 21 2021 14:36:42
# Program was run: Thu Sep 23 15:41:19 2021

# cmd: legofit -1 -d 0 -t 32 --ptsPerDim 3 --stateOut b1boot3.state --tol 3e-6 -S 5000 bcde2.lgo ../../chrX/boot_chrX/boot3.opf
# Stage nOptItr nSimReps
#     0    5000        0
# algorithm          : deterministic
# ignoring probs <=  : 0
# Branch length floor: 0
# DE strategy        : 2
#    F               : 0.3
#    CR              : 0.8
#    tolerance       : 3e-06
# nthreads           : 32
# lgo input file     : bcde2.lgo
# site pat input file: ../../chrX/boot_chrX/boot3.opf
# free parameters    : 16
# points in DE swarm : 48
# output state file  : b1boot3.state
# Including singleton site patterns.
# cost function      : KL
Initial parameter values
Fixed:
      zero = 0
       one = 1
    Tbecnw = 75200
Free:
       pc1 = 0
       pc2 = 0
       pc3 = 0
       pc4 = 0
       pc5 = 0
       pc6 = 0
       pc7 = 0
       pc8 = 0
       pc9 = 0
      pc10 = 0
      pc11 = 0
      pc12 = 0
      pc13 = 0
      pc14 = 0
      pc15 = 0
      pc16 = 0
Constrained:
     Tecnw = 36263.4
       Tnw = 5494.7
       Tec = 2928.14
     twoNb = 2.28062e+06
     twoNe = 7966.61
     twoNc = 248980
     twoNn = 179897
     twoNw = 1.16209e+06
    twoNec = 134767
    twoNnw = 91916.5
  twoNecnw = 27974.1
  twoNbecnw = 50757.2
        m2 = 0.0281282
        m3 = 0.24122
        m4 = 0.000645218
        m5 = 0.121532
        Tb = 19595.8
        Tc = 2747.35
        Td = 1373.68
        Te = 686.838
DiffEv reached_goal. cost=2.30609e-03 spread=2.93597e-06
Fitted parameter values
Free:
       pc1 = -3.99282
       pc2 = 1.00947
       pc3 = 1.4023
       pc4 = -0.668774
       pc5 = 1.96728
       pc6 = -0.478163
       pc7 = 1.86864
       pc8 = -0.669507
       pc9 = -1.61928
      pc10 = 1.37937
      pc11 = 0.142088
      pc12 = -0.600143
      pc13 = 0.623466
      pc14 = 0.0567592
      pc15 = 0.127127
      pc16 = -0.0255231
Constrained:
     Tecnw = 37324.4
       Tnw = 52.9023
       Tec = 86.2799
     twoNb = 4.30417e+06
     twoNe = 3042.65
     twoNc = 437249
     twoNn = 54162.5
     twoNw = 170199
    twoNec = 140601
    twoNnw = 120655
  twoNecnw = 26424.2
  twoNbecnw = 50415.4
        m2 = 0.0391813
        m3 = 0.244492
        m4 = 0.000829658
        m5 = 0.131115
        Tb = 18705.3
        Tc = 26.4512
        Td = 13.2256
        Te = 6.61279
#       SitePat  BranchLen
              b 118072.1928058
              e 44021.4978683
              c 46348.9562657
              n 41972.5980936
              w 45103.9211980
            b:e 1388.1108192
            b:c 1583.2585131
            b:n 1050.9193067
            b:w 1151.2670580
            e:c 11275.3359350
            e:n 4775.3638213
            e:w 3981.1994495
            c:n 4365.0553893
            c:w 3042.2193029
            n:w 11998.8405051
          b:e:c 1238.1447169
          b:e:n 551.8299166
          b:e:w 576.2742556
          b:c:n 577.5347292
          b:c:w 550.8777572
          b:n:w 1232.1654314
          e:c:n 5173.5018348
          e:c:w 4169.0130360
          e:n:w 6120.3425175
          c:n:w 5135.6664234
        b:e:c:n 1153.3989614
        b:e:c:w 1045.4299958
        b:e:n:w 1551.1759304
        b:c:n:w 1362.2261977
        e:c:n:w 46064.1873366
