########################################
# legofit: estimate population history #
#       version 2.3.4-4-g53f8760       #
########################################

# Program was compiled: Sep 21 2021 14:36:42
# Program was run: Thu Sep 23 15:42:55 2021

# cmd: legofit -1 -d 0 -t 32 --ptsPerDim 3 --stateOut b1boot37.state --tol 3e-6 -S 5000 bcde2.lgo ../../chrX/boot_chrX/boot37.opf
# Stage nOptItr nSimReps
#     0    5000        0
# algorithm          : deterministic
# ignoring probs <=  : 0
# Branch length floor: 0
# DE strategy        : 2
#    F               : 0.3
#    CR              : 0.8
#    tolerance       : 3e-06
# nthreads           : 32
# lgo input file     : bcde2.lgo
# site pat input file: ../../chrX/boot_chrX/boot37.opf
# free parameters    : 16
# points in DE swarm : 48
# output state file  : b1boot37.state
# Including singleton site patterns.
# cost function      : KL
Initial parameter values
Fixed:
      zero = 0
       one = 1
    Tbecnw = 75200
Free:
       pc1 = 0
       pc2 = 0
       pc3 = 0
       pc4 = 0
       pc5 = 0
       pc6 = 0
       pc7 = 0
       pc8 = 0
       pc9 = 0
      pc10 = 0
      pc11 = 0
      pc12 = 0
      pc13 = 0
      pc14 = 0
      pc15 = 0
      pc16 = 0
Constrained:
     Tecnw = 36263.4
       Tnw = 5494.7
       Tec = 2928.14
     twoNb = 2.28062e+06
     twoNe = 7966.61
     twoNc = 248980
     twoNn = 179897
     twoNw = 1.16209e+06
    twoNec = 134767
    twoNnw = 91916.5
  twoNecnw = 27974.1
  twoNbecnw = 50757.2
        m2 = 0.0281282
        m3 = 0.24122
        m4 = 0.000645218
        m5 = 0.121532
        Tb = 19595.8
        Tc = 2747.35
        Td = 1373.68
        Te = 686.838
DiffEv reached_goal. cost=2.17821e-03 spread=2.97070e-06
Fitted parameter values
Free:
       pc1 = -3.99693
       pc2 = 0.00160258
       pc3 = 1.147
       pc4 = 0.332058
       pc5 = 1.94651
       pc6 = 0.0120571
       pc7 = 1.71995
       pc8 = 0.863242
       pc9 = -0.3718
      pc10 = 1.91435
      pc11 = 0.0326183
      pc12 = -0.55498
      pc13 = 0.199593
      pc14 = 0.108488
      pc15 = 0.322013
      pc16 = -0.0323125
Constrained:
     Tecnw = 36991.7
       Tnw = 38.4866
       Tec = 145.514
     twoNb = 4.69527e+06
     twoNe = 6021.31
     twoNc = 366702
     twoNn = 5877.73
     twoNw = 791690
    twoNec = 147539
    twoNnw = 125246
  twoNecnw = 26933
  twoNbecnw = 51613.7
        m2 = 0.0364974
        m3 = 0.243008
        m4 = 0.000254578
        m5 = 0.121193
        Tb = 18568.6
        Tc = 19.2433
        Td = 9.62164
        Te = 4.81082
#       SitePat  BranchLen
              b 119038.9082205
              e 44356.6676668
              c 46457.4124070
              n 42297.8166209
              w 45345.1180850
            b:e 1427.2048401
            b:c 1599.0161732
            b:n 1094.8330860
            b:w 1199.4892538
            e:c 11176.0207100
            e:n 4825.4816142
            e:w 4003.9816481
            c:n 4416.4668284
            c:w 3174.4277828
            n:w 11886.3617618
          b:e:c 1267.4490140
          b:e:n 581.6546309
          b:e:w 602.2636613
          b:c:n 603.2982318
          b:c:w 580.8242115
          b:n:w 1262.3760173
          e:c:n 5268.6747442
          e:c:w 4293.4173763
          e:n:w 6118.4647192
          c:n:w 5251.6946720
        b:e:c:n 1201.3669684
        b:e:c:w 1090.0707058
        b:e:n:w 1571.6499305
        b:c:n:w 1404.2284042
        e:c:n:w 46740.2651196
