########################################
# legofit: estimate population history #
#       version 2.3.4-4-g53f8760       #
########################################

# Program was compiled: Sep 21 2021 14:36:42
# Program was run: Thu Sep 23 15:42:20 2021

# cmd: legofit -1 -d 0 -t 32 --ptsPerDim 3 --stateOut b1boot21.state --tol 3e-6 -S 5000 bcde2.lgo ../../chrX/boot_chrX/boot21.opf
# Stage nOptItr nSimReps
#     0    5000        0
# algorithm          : deterministic
# ignoring probs <=  : 0
# Branch length floor: 0
# DE strategy        : 2
#    F               : 0.3
#    CR              : 0.8
#    tolerance       : 3e-06
# nthreads           : 32
# lgo input file     : bcde2.lgo
# site pat input file: ../../chrX/boot_chrX/boot21.opf
# free parameters    : 16
# points in DE swarm : 48
# output state file  : b1boot21.state
# Including singleton site patterns.
# cost function      : KL
Initial parameter values
Fixed:
      zero = 0
       one = 1
    Tbecnw = 75200
Free:
       pc1 = 0
       pc2 = 0
       pc3 = 0
       pc4 = 0
       pc5 = 0
       pc6 = 0
       pc7 = 0
       pc8 = 0
       pc9 = 0
      pc10 = 0
      pc11 = 0
      pc12 = 0
      pc13 = 0
      pc14 = 0
      pc15 = 0
      pc16 = 0
Constrained:
     Tecnw = 36263.4
       Tnw = 5494.7
       Tec = 2928.14
     twoNb = 2.28062e+06
     twoNe = 7966.61
     twoNc = 248980
     twoNn = 179897
     twoNw = 1.16209e+06
    twoNec = 134767
    twoNnw = 91916.5
  twoNecnw = 27974.1
  twoNbecnw = 50757.2
        m2 = 0.0281282
        m3 = 0.24122
        m4 = 0.000645218
        m5 = 0.121532
        Tb = 19595.8
        Tc = 2747.35
        Td = 1373.68
        Te = 686.838
DiffEv reached_goal. cost=2.35534e-03 spread=1.91117e-06
Fitted parameter values
Free:
       pc1 = -3.99765
       pc2 = 1.04552
       pc3 = 1.67187
       pc4 = -0.514144
       pc5 = 1.98078
       pc6 = -1.49245
       pc7 = 1.93711
       pc8 = 1.10596
       pc9 = -0.740743
      pc10 = 1.07908
      pc11 = -0.195489
      pc12 = -0.995657
      pc13 = 0.393201
      pc14 = -0.117214
      pc15 = -0.105927
      pc16 = -0.0103397
Constrained:
     Tecnw = 37115.4
       Tnw = 16.4028
       Tec = 154.117
     twoNb = 4.77336e+06
     twoNe = 8865
     twoNc = 665318
     twoNn = 46780.8
     twoNw = 689258
    twoNec = 142468
    twoNnw = 115800
  twoNecnw = 26397.2
  twoNbecnw = 50522.8
        m2 = 0.0392654
        m3 = 0.248253
        m4 = 5.01732e-05
        m5 = 0.119839
        Tb = 18634.8
        Tc = 8.20138
        Td = 4.10069
        Te = 2.05034
#       SitePat  BranchLen
              b 118228.7158965
              e 44050.8053391
              c 46183.6885740
              n 41652.9195123
              w 44764.5861666
            b:e 1396.5377994
            b:c 1567.5068557
            b:n 1038.9485845
            b:w 1136.3101018
            e:c 11262.7881870
            e:n 4704.0965610
            e:w 3903.8725607
            c:n 4340.8802564
            c:w 3030.1744927
            n:w 12185.3534025
          b:e:c 1238.3575760
          b:e:n 545.0487780
          b:e:w 568.3204239
          b:c:n 569.4364968
          b:c:w 544.1553148
          b:n:w 1232.9718435
          e:c:n 5133.6959539
          e:c:w 4142.0147780
          e:n:w 6103.7859728
          c:n:w 5203.3783012
        b:e:c:n 1138.2096480
        b:e:c:w 1033.8019522
        b:e:n:w 1539.3630758
        b:c:n:w 1372.6102191
        e:c:n:w 46389.5959604
