########################################
# legofit: estimate population history #
#       version 2.3.4-4-g53f8760       #
########################################

# Program was compiled: Sep 21 2021 14:36:42
# Program was run: Thu Sep 23 15:42:42 2021

# cmd: legofit -1 -d 0 -t 32 --ptsPerDim 3 --stateOut b1boot32.state --tol 3e-6 -S 5000 bcde2.lgo ../../chrX/boot_chrX/boot32.opf
# Stage nOptItr nSimReps
#     0    5000        0
# algorithm          : deterministic
# ignoring probs <=  : 0
# Branch length floor: 0
# DE strategy        : 2
#    F               : 0.3
#    CR              : 0.8
#    tolerance       : 3e-06
# nthreads           : 32
# lgo input file     : bcde2.lgo
# site pat input file: ../../chrX/boot_chrX/boot32.opf
# free parameters    : 16
# points in DE swarm : 48
# output state file  : b1boot32.state
# Including singleton site patterns.
# cost function      : KL
Initial parameter values
Fixed:
      zero = 0
       one = 1
    Tbecnw = 75200
Free:
       pc1 = 0
       pc2 = 0
       pc3 = 0
       pc4 = 0
       pc5 = 0
       pc6 = 0
       pc7 = 0
       pc8 = 0
       pc9 = 0
      pc10 = 0
      pc11 = 0
      pc12 = 0
      pc13 = 0
      pc14 = 0
      pc15 = 0
      pc16 = 0
Constrained:
     Tecnw = 36263.4
       Tnw = 5494.7
       Tec = 2928.14
     twoNb = 2.28062e+06
     twoNe = 7966.61
     twoNc = 248980
     twoNn = 179897
     twoNw = 1.16209e+06
    twoNec = 134767
    twoNnw = 91916.5
  twoNecnw = 27974.1
  twoNbecnw = 50757.2
        m2 = 0.0281282
        m3 = 0.24122
        m4 = 0.000645218
        m5 = 0.121532
        Tb = 19595.8
        Tc = 2747.35
        Td = 1373.68
        Te = 686.838
DiffEv reached_goal. cost=2.24549e-03 spread=2.62735e-06
Fitted parameter values
Free:
       pc1 = -3.97799
       pc2 = 1.31001
       pc3 = 0.0773491
       pc4 = -0.991302
       pc5 = 1.95389
       pc6 = 1.20224
       pc7 = 1.95053
       pc8 = -0.736458
       pc9 = -1.22261
      pc10 = 1.8558
      pc11 = 0.357732
      pc12 = -0.994883
      pc13 = 0.20313
      pc14 = 0.0999745
      pc15 = 0.0962887
      pc16 = -0.0324726
Constrained:
     Tecnw = 37002.8
       Tnw = 65.7711
       Tec = 50.5749
     twoNb = 4.39241e+06
     twoNe = 2042.16
     twoNc = 175235
     twoNn = 66642.5
     twoNw = 124992
    twoNec = 139270
    twoNnw = 123060
  twoNecnw = 26396.3
  twoNbecnw = 50740.2
        m2 = 0.0387319
        m3 = 0.225489
        m4 = 9.10764e-05
        m5 = 0.134867
        Tb = 18526.7
        Tc = 32.8856
        Td = 16.4428
        Te = 8.22139
#       SitePat  BranchLen
              b 118453.8003059
              e 43897.0632872
              c 46112.2686454
              n 41985.8969152
              w 44765.2750974
            b:e 1383.0388258
            b:c 1566.9395633
            b:n 1047.5626371
            b:w 1134.6327931
            e:c 11320.9639277
            e:n 4604.8072202
            e:w 3979.4878457
            c:n 4283.9892641
            c:w 3035.8066158
            n:w 12001.0810543
          b:e:c 1236.5335501
          b:e:n 543.6356307
          b:e:w 570.8996699
          b:c:n 572.0373998
          b:c:w 542.8272457
          b:n:w 1230.7081063
          e:c:n 5102.2614623
          e:c:w 4205.2457214
          e:n:w 6113.0667223
          c:n:w 5156.9279312
        b:e:c:n 1136.6154502
        b:e:c:w 1042.6309907
        b:e:n:w 1536.4579741
        b:c:n:w 1357.6605105
        e:c:n:w 46683.2723749
