########################################
# legofit: estimate population history #
#       version 2.3.4-4-g53f8760       #
########################################

# Program was compiled: Sep 21 2021 14:36:42
# Program was run: Thu Sep 23 15:42:42 2021

# cmd: legofit -1 -d 0 -t 32 --ptsPerDim 3 --stateOut b1boot31.state --tol 3e-6 -S 5000 bcde2.lgo ../../chrX/boot_chrX/boot31.opf
# Stage nOptItr nSimReps
#     0    5000        0
# algorithm          : deterministic
# ignoring probs <=  : 0
# Branch length floor: 0
# DE strategy        : 2
#    F               : 0.3
#    CR              : 0.8
#    tolerance       : 3e-06
# nthreads           : 32
# lgo input file     : bcde2.lgo
# site pat input file: ../../chrX/boot_chrX/boot31.opf
# free parameters    : 16
# points in DE swarm : 48
# output state file  : b1boot31.state
# Including singleton site patterns.
# cost function      : KL
Initial parameter values
Fixed:
      zero = 0
       one = 1
    Tbecnw = 75200
Free:
       pc1 = 0
       pc2 = 0
       pc3 = 0
       pc4 = 0
       pc5 = 0
       pc6 = 0
       pc7 = 0
       pc8 = 0
       pc9 = 0
      pc10 = 0
      pc11 = 0
      pc12 = 0
      pc13 = 0
      pc14 = 0
      pc15 = 0
      pc16 = 0
Constrained:
     Tecnw = 36263.4
       Tnw = 5494.7
       Tec = 2928.14
     twoNb = 2.28062e+06
     twoNe = 7966.61
     twoNc = 248980
     twoNn = 179897
     twoNw = 1.16209e+06
    twoNec = 134767
    twoNnw = 91916.5
  twoNecnw = 27974.1
  twoNbecnw = 50757.2
        m2 = 0.0281282
        m3 = 0.24122
        m4 = 0.000645218
        m5 = 0.121532
        Tb = 19595.8
        Tc = 2747.35
        Td = 1373.68
        Te = 686.838
DiffEv reached_goal. cost=2.25892e-03 spread=2.97659e-06
Fitted parameter values
Free:
       pc1 = -3.99749
       pc2 = 0.142839
       pc3 = 0.458841
       pc4 = 0.328092
       pc5 = 1.99634
       pc6 = -0.723565
       pc7 = 1.99565
       pc8 = 0.172118
       pc9 = -0.59876
      pc10 = 1.54597
      pc11 = 0.0323193
      pc12 = -0.47733
      pc13 = -0.159303
      pc14 = 0.266071
      pc15 = 0.271695
      pc16 = -0.0123476
Constrained:
     Tecnw = 37017.1
       Tnw = 277.786
       Tec = 348.313
     twoNb = 4.83187e+06
     twoNe = 8771.12
     twoNc = 334663
     twoNn = 20323.5
     twoNw = 898657
    twoNec = 143879
    twoNnw = 122949
  twoNecnw = 26686.1
  twoNbecnw = 51240.8
        m2 = 0.0350844
        m3 = 0.246539
        m4 = 0.000508349
        m5 = 0.129815
        Tb = 18682.7
        Tc = 138.893
        Td = 69.4466
        Te = 34.7233
#       SitePat  BranchLen
              b 118851.8743384
              e 43994.3973668
              c 46256.0756491
              n 42058.0608649
              w 45183.8807069
            b:e 1379.4849963
            b:c 1562.8441555
            b:n 1068.5227958
            b:w 1177.8145848
            e:c 11105.2976577
            e:n 4847.3154363
            e:w 4020.9260178
            c:n 4406.3360130
            c:w 3128.1998802
            n:w 11773.9057364
          b:e:c 1238.6079449
          b:e:n 568.3834335
          b:e:w 590.5130236
          b:c:n 591.5043105
          b:c:w 567.6005403
          b:n:w 1233.9189744
          e:c:n 5257.3629329
          e:c:w 4244.0705566
          e:n:w 6079.4975540
          c:n:w 5146.6306413
        b:e:c:n 1179.5440643
        b:e:c:w 1064.0245409
        b:e:n:w 1537.1161300
        b:c:n:w 1358.4427683
        e:c:n:w 46863.6549458
