########################################
# legofit: estimate population history #
#       version 2.3.4-4-g53f8760       #
########################################

# Program was compiled: Sep 21 2021 14:36:42
# Program was run: Thu Sep 23 15:42:57 2021

# cmd: legofit -1 -d 0 -t 32 --ptsPerDim 3 --stateOut b1boot39.state --tol 3e-6 -S 5000 bcde2.lgo ../../chrX/boot_chrX/boot39.opf
# Stage nOptItr nSimReps
#     0    5000        0
# algorithm          : deterministic
# ignoring probs <=  : 0
# Branch length floor: 0
# DE strategy        : 2
#    F               : 0.3
#    CR              : 0.8
#    tolerance       : 3e-06
# nthreads           : 32
# lgo input file     : bcde2.lgo
# site pat input file: ../../chrX/boot_chrX/boot39.opf
# free parameters    : 16
# points in DE swarm : 48
# output state file  : b1boot39.state
# Including singleton site patterns.
# cost function      : KL
Initial parameter values
Fixed:
      zero = 0
       one = 1
    Tbecnw = 75200
Free:
       pc1 = 0
       pc2 = 0
       pc3 = 0
       pc4 = 0
       pc5 = 0
       pc6 = 0
       pc7 = 0
       pc8 = 0
       pc9 = 0
      pc10 = 0
      pc11 = 0
      pc12 = 0
      pc13 = 0
      pc14 = 0
      pc15 = 0
      pc16 = 0
Constrained:
     Tecnw = 36263.4
       Tnw = 5494.7
       Tec = 2928.14
     twoNb = 2.28062e+06
     twoNe = 7966.61
     twoNc = 248980
     twoNn = 179897
     twoNw = 1.16209e+06
    twoNec = 134767
    twoNnw = 91916.5
  twoNecnw = 27974.1
  twoNbecnw = 50757.2
        m2 = 0.0281282
        m3 = 0.24122
        m4 = 0.000645218
        m5 = 0.121532
        Tb = 19595.8
        Tc = 2747.35
        Td = 1373.68
        Te = 686.838
DiffEv reached_goal. cost=2.38906e-03 spread=2.33632e-06
Fitted parameter values
Free:
       pc1 = -3.96044
       pc2 = 0.706661
       pc3 = 1.26934
       pc4 = -0.924983
       pc5 = 1.97666
       pc6 = 0.651744
       pc7 = 1.71738
       pc8 = 0.580688
       pc9 = -0.76903
      pc10 = 1.93219
      pc11 = 0.398784
      pc12 = -0.998382
      pc13 = 0.0534954
      pc14 = -0.158361
      pc15 = 0.177904
      pc16 = -0.0241573
Constrained:
     Tecnw = 36749.6
       Tnw = 5.24062
       Tec = 48.4396
     twoNb = 4.52987e+06
     twoNe = 2062.68
     twoNc = 391665
     twoNn = 37395.7
     twoNw = 393379
    twoNec = 146181
    twoNnw = 123743
  twoNecnw = 26469.5
  twoNbecnw = 51009.4
        m2 = 0.0389649
        m3 = 0.23297
        m4 = 1.9211e-05
        m5 = 0.122974
        Tb = 18399
        Tc = 2.62031
        Td = 1.31016
        Te = 0.655078
#       SitePat  BranchLen
              b 118683.5375484
              e 44050.0313323
              c 46192.2995392
              n 41887.0373753
              w 44765.8093756
            b:e 1404.4849329
            b:c 1576.6551133
            b:n 1050.5628469
            b:w 1137.4662166
            e:c 11078.0749103
            e:n 4721.2268393
            e:w 3935.7874016
            c:n 4289.1086320
            c:w 3106.9979920
            n:w 11885.8807535
          b:e:c 1225.3368928
          b:e:n 554.7245218
          b:e:w 573.5473769
          b:c:n 574.6412322
          b:c:w 553.8312869
          b:n:w 1219.7537288
          e:c:n 5116.5071538
          e:c:w 4214.2744594
          e:n:w 6127.1253244
          c:n:w 5240.9924142
        b:e:c:n 1139.4323924
        b:e:c:w 1045.5268848
        b:e:n:w 1546.6856885
        b:c:n:w 1379.0872079
        e:c:n:w 46932.5077600
