########################################
# legofit: estimate population history #
#       version 2.3.4-4-g53f8760       #
########################################

# Program was compiled: Sep 21 2021 14:36:42
# Program was run: Thu Sep 23 15:42:17 2021

# cmd: legofit -1 -d 0 -t 32 --ptsPerDim 3 --stateOut b1boot20.state --tol 3e-6 -S 5000 bcde2.lgo ../../chrX/boot_chrX/boot20.opf
# Stage nOptItr nSimReps
#     0    5000        0
# algorithm          : deterministic
# ignoring probs <=  : 0
# Branch length floor: 0
# DE strategy        : 2
#    F               : 0.3
#    CR              : 0.8
#    tolerance       : 3e-06
# nthreads           : 32
# lgo input file     : bcde2.lgo
# site pat input file: ../../chrX/boot_chrX/boot20.opf
# free parameters    : 16
# points in DE swarm : 48
# output state file  : b1boot20.state
# Including singleton site patterns.
# cost function      : KL
Initial parameter values
Fixed:
      zero = 0
       one = 1
    Tbecnw = 75200
Free:
       pc1 = 0
       pc2 = 0
       pc3 = 0
       pc4 = 0
       pc5 = 0
       pc6 = 0
       pc7 = 0
       pc8 = 0
       pc9 = 0
      pc10 = 0
      pc11 = 0
      pc12 = 0
      pc13 = 0
      pc14 = 0
      pc15 = 0
      pc16 = 0
Constrained:
     Tecnw = 36263.4
       Tnw = 5494.7
       Tec = 2928.14
     twoNb = 2.28062e+06
     twoNe = 7966.61
     twoNc = 248980
     twoNn = 179897
     twoNw = 1.16209e+06
    twoNec = 134767
    twoNnw = 91916.5
  twoNecnw = 27974.1
  twoNbecnw = 50757.2
        m2 = 0.0281282
        m3 = 0.24122
        m4 = 0.000645218
        m5 = 0.121532
        Tb = 19595.8
        Tc = 2747.35
        Td = 1373.68
        Te = 686.838
DiffEv reached_goal. cost=2.35956e-03 spread=2.59849e-06
Fitted parameter values
Free:
       pc1 = -3.98089
       pc2 = 1.44674
       pc3 = 1.49949
       pc4 = -0.940293
       pc5 = 1.96354
       pc6 = -1.18077
       pc7 = 1.99646
       pc8 = 1.2159
       pc9 = -1.48665
      pc10 = 1.33964
      pc11 = 0.301663
      pc12 = -0.580801
      pc13 = 0.332739
      pc14 = -0.185998
      pc15 = 0.0167867
      pc16 = -0.000248186
Constrained:
     Tecnw = 36851.8
       Tnw = 31.3756
       Tec = 179.496
     twoNb = 4.67587e+06
     twoNe = 7832.33
     twoNc = 700260
     twoNn = 61715.7
     twoNw = 236159
    twoNec = 142735
    twoNnw = 118515
  twoNecnw = 26511.2
  twoNbecnw = 50519.9
        m2 = 0.0423917
        m3 = 0.245032
        m4 = 0.000111358
        m5 = 0.125467
        Tb = 18515.7
        Tc = 15.6878
        Td = 7.84391
        Te = 3.92195
#       SitePat  BranchLen
              b 118158.4842840
              e 44051.2899472
              c 46297.8220055
              n 41688.9552557
              w 44714.5152901
            b:e 1420.8133110
            b:c 1604.5800552
            b:n 1046.9239035
            b:w 1133.0915603
            e:c 11125.2789181
            e:n 4761.7692136
            e:w 3960.8939422
            c:n 4343.2721187
            c:w 3072.1857769
            n:w 12038.5706940
          b:e:c 1229.6745700
          b:e:n 550.5906271
          b:e:w 572.4215930
          b:c:n 573.6452785
          b:c:w 549.6027758
          b:n:w 1223.7656230
          e:c:n 5114.9735139
          e:c:w 4171.2528390
          e:n:w 6207.8309075
          c:n:w 5263.2940713
        b:e:c:n 1135.1807036
        b:e:c:w 1041.3468374
        b:e:n:w 1573.3375536
        b:c:n:w 1394.5450132
        e:c:n:w 46291.3492120
