########################################
# legofit: estimate population history #
#       version 2.3.4-4-g53f8760       #
########################################

# Program was compiled: Sep 21 2021 14:36:42
# Program was run: Thu Sep 23 15:42:55 2021

# cmd: legofit -1 -d 0 -t 32 --ptsPerDim 3 --stateOut b1boot35.state --tol 3e-6 -S 5000 bcde2.lgo ../../chrX/boot_chrX/boot35.opf
# Stage nOptItr nSimReps
#     0    5000        0
# algorithm          : deterministic
# ignoring probs <=  : 0
# Branch length floor: 0
# DE strategy        : 2
#    F               : 0.3
#    CR              : 0.8
#    tolerance       : 3e-06
# nthreads           : 32
# lgo input file     : bcde2.lgo
# site pat input file: ../../chrX/boot_chrX/boot35.opf
# free parameters    : 16
# points in DE swarm : 48
# output state file  : b1boot35.state
# Including singleton site patterns.
# cost function      : KL
Initial parameter values
Fixed:
      zero = 0
       one = 1
    Tbecnw = 75200
Free:
       pc1 = 0
       pc2 = 0
       pc3 = 0
       pc4 = 0
       pc5 = 0
       pc6 = 0
       pc7 = 0
       pc8 = 0
       pc9 = 0
      pc10 = 0
      pc11 = 0
      pc12 = 0
      pc13 = 0
      pc14 = 0
      pc15 = 0
      pc16 = 0
Constrained:
     Tecnw = 36263.4
       Tnw = 5494.7
       Tec = 2928.14
     twoNb = 2.28062e+06
     twoNe = 7966.61
     twoNc = 248980
     twoNn = 179897
     twoNw = 1.16209e+06
    twoNec = 134767
    twoNnw = 91916.5
  twoNecnw = 27974.1
  twoNbecnw = 50757.2
        m2 = 0.0281282
        m3 = 0.24122
        m4 = 0.000645218
        m5 = 0.121532
        Tb = 19595.8
        Tc = 2747.35
        Td = 1373.68
        Te = 686.838
DiffEv reached_goal. cost=2.45143e-03 spread=2.81645e-06
Fitted parameter values
Free:
       pc1 = -3.98513
       pc2 = 0.23515
       pc3 = 1.64699
       pc4 = -0.0898568
       pc5 = 1.90143
       pc6 = 0.184993
       pc7 = 1.61913
       pc8 = -0.578711
       pc9 = -1.6013
      pc10 = 1.74861
      pc11 = -0.0513969
      pc12 = -0.970094
      pc13 = -0.200956
      pc14 = -0.00472835
      pc15 = 0.175422
      pc16 = -0.0164318
Constrained:
     Tecnw = 37199.2
       Tnw = 103.047
       Tec = 104.127
     twoNb = 4.23443e+06
     twoNe = 2167.55
     twoNc = 348381
     twoNn = 21218.1
     twoNw = 27779.6
    twoNec = 147457
    twoNnw = 121862
  twoNecnw = 26189
  twoNbecnw = 51077.3
        m2 = 0.0346212
        m3 = 0.243394
        m4 = 0.000839028
        m5 = 0.127889
        Tb = 18651.7
        Tc = 51.5235
        Td = 25.7617
        Te = 12.8809
#       SitePat  BranchLen
              b 118840.9665009
              e 43990.9813536
              c 46287.6019712
              n 41913.5490015
              w 44948.8201038
            b:e 1360.5511398
            b:c 1546.4006336
            b:n 1040.9534043
            b:w 1141.9405214
            e:c 11006.0048050
            e:n 4778.3585481
            e:w 3974.7713054
            c:n 4324.3575987
            c:w 3073.0877049
            n:w 11816.9014658
          b:e:c 1215.1332891
          b:e:n 553.6204475
          b:e:w 574.7789088
          b:c:n 575.8766957
          b:c:w 552.7606748
          b:n:w 1209.8928160
          e:c:n 5142.7622561
          e:c:w 4171.2255902
          e:n:w 6057.9867183
          c:n:w 5111.1060815
        b:e:c:n 1143.8404888
        b:e:c:w 1035.9336315
        b:e:n:w 1516.8858985
        b:c:n:w 1336.7429598
        e:c:n:w 47123.4436298
