########################################
# legofit: estimate population history #
#       version 2.3.4-4-g53f8760       #
########################################

# Program was compiled: Sep 21 2021 14:36:42
# Program was run: Thu Sep 23 15:42:42 2021

# cmd: legofit -1 -d 0 -t 32 --ptsPerDim 3 --stateOut b1boot30.state --tol 3e-6 -S 5000 bcde2.lgo ../../chrX/boot_chrX/boot30.opf
# Stage nOptItr nSimReps
#     0    5000        0
# algorithm          : deterministic
# ignoring probs <=  : 0
# Branch length floor: 0
# DE strategy        : 2
#    F               : 0.3
#    CR              : 0.8
#    tolerance       : 3e-06
# nthreads           : 32
# lgo input file     : bcde2.lgo
# site pat input file: ../../chrX/boot_chrX/boot30.opf
# free parameters    : 16
# points in DE swarm : 48
# output state file  : b1boot30.state
# Including singleton site patterns.
# cost function      : KL
Initial parameter values
Fixed:
      zero = 0
       one = 1
    Tbecnw = 75200
Free:
       pc1 = 0
       pc2 = 0
       pc3 = 0
       pc4 = 0
       pc5 = 0
       pc6 = 0
       pc7 = 0
       pc8 = 0
       pc9 = 0
      pc10 = 0
      pc11 = 0
      pc12 = 0
      pc13 = 0
      pc14 = 0
      pc15 = 0
      pc16 = 0
Constrained:
     Tecnw = 36263.4
       Tnw = 5494.7
       Tec = 2928.14
     twoNb = 2.28062e+06
     twoNe = 7966.61
     twoNc = 248980
     twoNn = 179897
     twoNw = 1.16209e+06
    twoNec = 134767
    twoNnw = 91916.5
  twoNecnw = 27974.1
  twoNbecnw = 50757.2
        m2 = 0.0281282
        m3 = 0.24122
        m4 = 0.000645218
        m5 = 0.121532
        Tb = 19595.8
        Tc = 2747.35
        Td = 1373.68
        Te = 686.838
DiffEv reached_goal. cost=2.34466e-03 spread=2.95064e-06
Fitted parameter values
Free:
       pc1 = -3.97741
       pc2 = 0.561494
       pc3 = 0.703294
       pc4 = -0.917196
       pc5 = 1.92398
       pc6 = -1.46567
       pc7 = 1.97692
       pc8 = 0.625603
       pc9 = 0.0465536
      pc10 = 1.13489
      pc11 = 0.192222
      pc12 = -0.925121
      pc13 = -0.328786
      pc14 = 0.16806
      pc15 = -0.0525007
      pc16 = -0.0107998
Constrained:
     Tecnw = 36700.2
       Tnw = 96.5993
       Tec = 193.699
     twoNb = 4.98728e+06
     twoNe = 8571.41
     twoNc = 519911
     twoNn = 70223.8
     twoNw = 1.38759e+06
    twoNec = 141444
    twoNnw = 117892
  twoNecnw = 26292
  twoNbecnw = 50443.7
        m2 = 0.0362482
        m3 = 0.245138
        m4 = 1.58372e-05
        m5 = 0.126025
        Tb = 18446.9
        Tc = 48.2996
        Td = 24.1498
        Te = 12.0749
#       SitePat  BranchLen
              b 118368.1638657
              e 43551.2424099
              c 45707.5548661
              n 41417.0658748
              w 44457.3379491
            b:e 1341.8294332
            b:c 1510.6898698
            b:n 1016.7217584
            b:w 1113.8503581
            e:c 11104.8231970
            e:n 4689.0277781
            e:w 3922.9447298
            c:n 4321.0901922
            c:w 3034.9327784
            n:w 11890.9523672
          b:e:c 1197.1443386
          b:e:n 534.6098297
          b:e:w 558.0547367
          b:c:n 559.0289752
          b:c:w 533.8386083
          b:n:w 1192.4618876
          e:c:n 5130.5101743
          e:c:w 4150.4088352
          e:n:w 6025.1139889
          c:n:w 5120.6537577
        b:e:c:n 1115.4914179
        b:e:c:w 1012.1780050
        b:e:n:w 1485.6170139
        b:c:n:w 1320.6508723
        e:c:n:w 47041.3350823
