########################################
# legofit: estimate population history #
#       version 2.3.4-4-g53f8760       #
########################################

# Program was compiled: Sep 21 2021 14:36:42
# Program was run: Thu Sep 23 15:41:33 2021

# cmd: legofit -1 -d 0 -t 32 --ptsPerDim 3 --stateOut b1boot5.state --tol 3e-6 -S 5000 bcde2.lgo ../../chrX/boot_chrX/boot5.opf
# Stage nOptItr nSimReps
#     0    5000        0
# algorithm          : deterministic
# ignoring probs <=  : 0
# Branch length floor: 0
# DE strategy        : 2
#    F               : 0.3
#    CR              : 0.8
#    tolerance       : 3e-06
# nthreads           : 32
# lgo input file     : bcde2.lgo
# site pat input file: ../../chrX/boot_chrX/boot5.opf
# free parameters    : 16
# points in DE swarm : 48
# output state file  : b1boot5.state
# Including singleton site patterns.
# cost function      : KL
Initial parameter values
Fixed:
      zero = 0
       one = 1
    Tbecnw = 75200
Free:
       pc1 = 0
       pc2 = 0
       pc3 = 0
       pc4 = 0
       pc5 = 0
       pc6 = 0
       pc7 = 0
       pc8 = 0
       pc9 = 0
      pc10 = 0
      pc11 = 0
      pc12 = 0
      pc13 = 0
      pc14 = 0
      pc15 = 0
      pc16 = 0
Constrained:
     Tecnw = 36263.4
       Tnw = 5494.7
       Tec = 2928.14
     twoNb = 2.28062e+06
     twoNe = 7966.61
     twoNc = 248980
     twoNn = 179897
     twoNw = 1.16209e+06
    twoNec = 134767
    twoNnw = 91916.5
  twoNecnw = 27974.1
  twoNbecnw = 50757.2
        m2 = 0.0281282
        m3 = 0.24122
        m4 = 0.000645218
        m5 = 0.121532
        Tb = 19595.8
        Tc = 2747.35
        Td = 1373.68
        Te = 686.838
DiffEv reached_goal. cost=2.29348e-03 spread=2.32903e-06
Fitted parameter values
Free:
       pc1 = -3.98088
       pc2 = 1.33091
       pc3 = -0.107911
       pc4 = -1.54317
       pc5 = 1.99722
       pc6 = -1.15544
       pc7 = 1.96732
       pc8 = -0.0574394
       pc9 = -0.466099
      pc10 = 0.783924
      pc11 = -0.550688
      pc12 = -0.122083
      pc13 = 0.867156
      pc14 = 0.0632324
      pc15 = 0.155814
      pc16 = -0.00507412
Constrained:
     Tecnw = 37206.4
       Tnw = 11.7791
       Tec = 273.405
     twoNb = 4.74216e+06
     twoNe = 9271.67
     twoNc = 442798
     twoNn = 143388
     twoNw = 1.0655e+06
    twoNec = 137723
    twoNnw = 121125
  twoNecnw = 27050.1
  twoNbecnw = 49492.2
        m2 = 0.0392614
        m3 = 0.238365
        m4 = 7.04042e-05
        m5 = 0.132814
        Tb = 18739.9
        Tc = 5.88957
        Td = 2.94478
        Te = 1.47239
#       SitePat  BranchLen
              b 117130.4207687
              e 43967.8219116
              c 46379.2836050
              n 41993.5254228
              w 45176.1748535
            b:e 1381.5816918
            b:c 1571.2921677
            b:n 1055.3339913
            b:w 1163.8492119
            e:c 11401.2695807
            e:n 4857.9363971
            e:w 4001.0642050
            c:n 4354.6702859
            c:w 3072.8136388
            n:w 12110.8915462
          b:e:c 1251.5045819
          b:e:n 557.1061926
          b:e:w 578.1290315
          b:c:n 579.2200182
          b:c:w 556.2116360
          b:n:w 1246.1054011
          e:c:n 5222.6467331
          e:c:w 4187.3410364
          e:n:w 6105.9752101
          c:n:w 5121.1360547
        b:e:c:n 1165.7787528
        b:e:c:w 1050.6341808
        b:e:n:w 1543.4762660
        b:c:n:w 1358.4634995
        e:c:n:w 44916.8416205
