########################################
# legofit: estimate population history #
#       version 2.3.4-4-g53f8760       #
########################################

# Program was compiled: Sep 21 2021 14:36:42
# Program was run: Sun Oct 10 10:54:33 2021

# cmd: legofit -1 -d 0 -t 32 --ptsPerDim 3 --stateOut b1boot40.state --tol 3e-6 -S 5000 bef2.lgo ../../chrX/boot_chrX/boot40.opf
# Stage nOptItr nSimReps
#     0    5000        0
# algorithm          : deterministic
# ignoring probs <=  : 0
# Branch length floor: 0
# DE strategy        : 2
#    F               : 0.3
#    CR              : 0.8
#    tolerance       : 3e-06
# nthreads           : 32
# lgo input file     : bef2.lgo
# site pat input file: ../../chrX/boot_chrX/boot40.opf
# free parameters    : 14
# points in DE swarm : 42
# output state file  : b1boot40.state
# Including singleton site patterns.
# cost function      : KL
Initial parameter values
Fixed:
      zero = 0
       one = 1
    Tbecnw = 75200
Free:
       pc1 = 0
       pc2 = 0
       pc3 = 0
       pc4 = 0
       pc5 = 0
       pc6 = 0
       pc7 = 0
       pc8 = 0
       pc9 = 0
      pc10 = 0
      pc11 = 0
      pc12 = 0
      pc13 = 0
      pc14 = 0
Constrained:
     Tecnw = 43998.4
       Tnw = 2182.19
       Tec = 3760.77
     twoNb = 1.13513e+06
     twoNe = 214965
     twoNc = 143347
     twoNw = 1.28585e+06
    twoNec = 68432.6
    twoNnw = 136356
  twoNecnw = 23281.7
  twoNbecnw = 54923.2
        m2 = 0.028092
        m5 = 0.380986
        m6 = 0.281117
        Tb = 23879.6
        Te = 1880.38
        Tf = 940.192
DiffEv reached_goal. cost=2.38841e-03 spread=9.87755e-07
Fitted parameter values
Free:
       pc1 = 3.10856
       pc2 = 1.17626
       pc3 = -1.9779
       pc4 = 3.98231
       pc5 = 1.72148
       pc6 = 1.80026
       pc7 = -0.813161
       pc8 = 0.191575
       pc9 = 0.291008
      pc10 = -0.180492
      pc11 = -0.885761
      pc12 = 0.381938
      pc13 = 0.150342
      pc14 = 0.152913
Constrained:
     Tecnw = 43795.4
       Tnw = 8.53237
       Tec = 0.175851
     twoNb = 2.54093e+06
     twoNe = 880885
     twoNc = 39112.6
     twoNw = 537820
    twoNec = 80930.8
    twoNnw = 149898
  twoNecnw = 22836.4
  twoNbecnw = 55188.5
        m2 = 0.0361146
        m5 = 0.367253
        m6 = 0.278183
        Tb = 21897.8
        Te = 0.0879257
        Tf = 0.0439629
#       SitePat  BranchLen
              b 122480.5754489
              e 45670.2761217
              c 47437.1084025
              n 44601.2383053
              w 44600.7400861
            b:e 1457.3512326
            b:c 1610.6221887
            b:n 1130.0494400
            b:w 1130.0318150
            e:c 11920.7769510
            e:n 4682.3832324
            e:w 4682.6282880
            c:n 4158.7959476
            c:w 4158.9616749
            n:w 12335.5033375
          b:e:c 1367.6295185
          b:e:n 605.2015439
          b:e:w 605.2039235
          b:c:n 605.3198676
          b:c:w 605.3174700
          b:n:w 1358.8941486
          e:c:n 4223.3392320
          e:c:w 4223.4266683
          e:n:w 6165.4864810
          c:n:w 5440.4369617
        b:e:c:n 1131.7949293
        b:e:c:w 1131.8125724
        b:e:n:w 1576.8989577
        b:c:n:w 1428.8672677
        e:c:n:w 48781.3606719
