########################################
# legofit: estimate population history #
#       version 2.3.4-4-g53f8760       #
########################################

# Program was compiled: Sep 21 2021 14:36:42
# Program was run: Sun Oct 10 10:54:42 2021

# cmd: legofit -1 -d 0 -t 32 --ptsPerDim 3 --stateOut b1boot48.state --tol 3e-6 -S 5000 bef2.lgo ../../chrX/boot_chrX/boot48.opf
# Stage nOptItr nSimReps
#     0    5000        0
# algorithm          : deterministic
# ignoring probs <=  : 0
# Branch length floor: 0
# DE strategy        : 2
#    F               : 0.3
#    CR              : 0.8
#    tolerance       : 3e-06
# nthreads           : 32
# lgo input file     : bef2.lgo
# site pat input file: ../../chrX/boot_chrX/boot48.opf
# free parameters    : 14
# points in DE swarm : 42
# output state file  : b1boot48.state
# Including singleton site patterns.
# cost function      : KL
Initial parameter values
Fixed:
      zero = 0
       one = 1
    Tbecnw = 75200
Free:
       pc1 = 0
       pc2 = 0
       pc3 = 0
       pc4 = 0
       pc5 = 0
       pc6 = 0
       pc7 = 0
       pc8 = 0
       pc9 = 0
      pc10 = 0
      pc11 = 0
      pc12 = 0
      pc13 = 0
      pc14 = 0
Constrained:
     Tecnw = 43998.4
       Tnw = 2182.19
       Tec = 3760.77
     twoNb = 1.13513e+06
     twoNe = 214965
     twoNc = 143347
     twoNw = 1.28585e+06
    twoNec = 68432.6
    twoNnw = 136356
  twoNecnw = 23281.7
  twoNbecnw = 54923.2
        m2 = 0.028092
        m5 = 0.380986
        m6 = 0.281117
        Tb = 23879.6
        Te = 1880.38
        Tf = 940.192
DiffEv reached_goal. cost=2.46964e-03 spread=1.34384e-06
Fitted parameter values
Free:
       pc1 = 3.06439
       pc2 = 1.93729
       pc3 = -1.99719
       pc4 = 3.90769
       pc5 = 1.78322
       pc6 = 1.96051
       pc7 = -1.54367
       pc8 = 0.4663
       pc9 = -0.234621
      pc10 = -0.257366
      pc11 = -0.81413
      pc12 = 0.0169901
      pc13 = -0.340279
      pc14 = 0.13493
Constrained:
     Tecnw = 44221
       Tnw = 15.676
       Tec = 22.0036
     twoNb = 2.4241e+06
     twoNe = 954478
     twoNc = 34175.9
     twoNw = 510817
    twoNec = 79074.6
    twoNnw = 157231
  twoNecnw = 22805.5
  twoNbecnw = 55384.8
        m2 = 0.0372404
        m5 = 0.373882
        m6 = 0.28343
        Tb = 22121.5
        Te = 11.0018
        Tf = 5.5009
#       SitePat  BranchLen
              b 122496.3907066
              e 46008.8518051
              c 47767.0980708
              n 45298.3025109
              w 45297.8520463
            b:e 1479.0819944
            b:c 1634.9951623
            b:n 1167.2316037
            b:w 1167.2153701
            e:c 12029.5044094
            e:n 4722.9963630
            e:w 4723.1165807
            c:n 4198.5901190
            c:w 4198.8404707
            n:w 12184.6441933
          b:e:c 1391.5839962
          b:e:n 623.1412980
          b:e:w 623.1373044
          b:c:n 623.2680042
          b:c:w 623.2719806
          b:n:w 1382.1114160
          e:c:n 4286.6029959
          e:c:w 4286.6828911
          e:n:w 6123.5872487
          c:n:w 5408.0395095
        b:e:c:n 1169.1553677
        b:e:c:w 1169.1716186
        b:e:n:w 1599.1339661
        b:c:n:w 1448.9432432
        e:c:n:w 48362.0851928
