########################################
# legofit: estimate population history #
#       version 2.3.4-4-g53f8760       #
########################################

# Program was compiled: Sep 21 2021 14:36:42
# Program was run: Sun Oct 10 10:54:18 2021

# cmd: legofit -1 -d 0 -t 32 --ptsPerDim 3 --stateOut b1boot28.state --tol 3e-6 -S 5000 bef2.lgo ../../chrX/boot_chrX/boot28.opf
# Stage nOptItr nSimReps
#     0    5000        0
# algorithm          : deterministic
# ignoring probs <=  : 0
# Branch length floor: 0
# DE strategy        : 2
#    F               : 0.3
#    CR              : 0.8
#    tolerance       : 3e-06
# nthreads           : 32
# lgo input file     : bef2.lgo
# site pat input file: ../../chrX/boot_chrX/boot28.opf
# free parameters    : 14
# points in DE swarm : 42
# output state file  : b1boot28.state
# Including singleton site patterns.
# cost function      : KL
Initial parameter values
Fixed:
      zero = 0
       one = 1
    Tbecnw = 75200
Free:
       pc1 = 0
       pc2 = 0
       pc3 = 0
       pc4 = 0
       pc5 = 0
       pc6 = 0
       pc7 = 0
       pc8 = 0
       pc9 = 0
      pc10 = 0
      pc11 = 0
      pc12 = 0
      pc13 = 0
      pc14 = 0
Constrained:
     Tecnw = 43998.4
       Tnw = 2182.19
       Tec = 3760.77
     twoNb = 1.13513e+06
     twoNe = 214965
     twoNc = 143347
     twoNw = 1.28585e+06
    twoNec = 68432.6
    twoNnw = 136356
  twoNecnw = 23281.7
  twoNbecnw = 54923.2
        m2 = 0.028092
        m5 = 0.380986
        m6 = 0.281117
        Tb = 23879.6
        Te = 1880.38
        Tf = 940.192
DiffEv reached_goal. cost=2.48964e-03 spread=2.61363e-06
Fitted parameter values
Free:
       pc1 = 3.12001
       pc2 = 0.373029
       pc3 = -1.98083
       pc4 = 2.81248
       pc5 = 1.62759
       pc6 = 1.20648
       pc7 = -0.691606
       pc8 = 0.668888
       pc9 = 0.819405
      pc10 = -0.232419
      pc11 = -0.493618
      pc12 = 0.138543
      pc13 = 0.0665445
      pc14 = 0.121943
Constrained:
     Tecnw = 43717.1
       Tnw = 59.4479
       Tec = 56.5039
     twoNb = 2.3194e+06
     twoNe = 660136
     twoNc = 27043.2
     twoNw = 876036
    twoNec = 80262.9
    twoNnw = 149806
  twoNecnw = 22993.8
  twoNbecnw = 54318.6
        m2 = 0.0335363
        m5 = 0.369261
        m6 = 0.270756
        Tb = 21886.8
        Te = 28.252
        Tf = 14.126
#       SitePat  BranchLen
              b 121730.6754085
              e 45429.3746135
              c 47363.9490128
              n 44614.9791491
              w 44613.6496142
            b:e 1414.0131438
            b:c 1577.8792091
            b:n 1121.8812079
            b:w 1121.8345152
            e:c 11985.7229888
            e:n 4681.2322965
            e:w 4681.7551976
            c:n 4104.7257336
            c:w 4105.2981347
            n:w 12314.2464228
          b:e:c 1355.5010265
          b:e:n 597.4647694
          b:e:w 597.4632693
          b:c:n 597.5924308
          b:c:w 597.5938826
          b:n:w 1346.6504166
          e:c:n 4222.7254963
          e:c:w 4222.9597291
          e:n:w 6112.5293684
          c:n:w 5324.8323039
        b:e:c:n 1123.6173847
        b:e:c:w 1123.6641256
        b:e:n:w 1543.5844783
        b:c:n:w 1385.5464295
        e:c:n:w 48143.3538098
