########################################
# legofit: estimate population history #
#       version 2.3.4-4-g53f8760       #
########################################

# Program was compiled: Sep 21 2021 14:36:42
# Program was run: Sun Oct 10 10:54:37 2021

# cmd: legofit -1 -d 0 -t 32 --ptsPerDim 3 --stateOut b1boot42.state --tol 3e-6 -S 5000 bef2.lgo ../../chrX/boot_chrX/boot42.opf
# Stage nOptItr nSimReps
#     0    5000        0
# algorithm          : deterministic
# ignoring probs <=  : 0
# Branch length floor: 0
# DE strategy        : 2
#    F               : 0.3
#    CR              : 0.8
#    tolerance       : 3e-06
# nthreads           : 32
# lgo input file     : bef2.lgo
# site pat input file: ../../chrX/boot_chrX/boot42.opf
# free parameters    : 14
# points in DE swarm : 42
# output state file  : b1boot42.state
# Including singleton site patterns.
# cost function      : KL
Initial parameter values
Fixed:
      zero = 0
       one = 1
    Tbecnw = 75200
Free:
       pc1 = 0
       pc2 = 0
       pc3 = 0
       pc4 = 0
       pc5 = 0
       pc6 = 0
       pc7 = 0
       pc8 = 0
       pc9 = 0
      pc10 = 0
      pc11 = 0
      pc12 = 0
      pc13 = 0
      pc14 = 0
Constrained:
     Tecnw = 43998.4
       Tnw = 2182.19
       Tec = 3760.77
     twoNb = 1.13513e+06
     twoNe = 214965
     twoNc = 143347
     twoNw = 1.28585e+06
    twoNec = 68432.6
    twoNnw = 136356
  twoNecnw = 23281.7
  twoNbecnw = 54923.2
        m2 = 0.028092
        m5 = 0.380986
        m6 = 0.281117
        Tb = 23879.6
        Te = 1880.38
        Tf = 940.192
DiffEv reached_goal. cost=2.53354e-03 spread=2.71810e-06
Fitted parameter values
Free:
       pc1 = 3.15239
       pc2 = 1.31932
       pc3 = -1.98057
       pc4 = 2.12786
       pc5 = 1.63157
       pc6 = 1.70729
       pc7 = -0.58041
       pc8 = 0.997482
       pc9 = 0.209276
      pc10 = 0.0751993
      pc11 = -0.352975
      pc12 = 0.21659
      pc13 = -0.151742
      pc14 = 0.245151
Constrained:
     Tecnw = 43946.9
       Tnw = 8.37801
       Tec = 8.20419
     twoNb = 2.22192e+06
     twoNe = 545271
     twoNc = 74618.1
     twoNw = 738888
    twoNec = 81629.3
    twoNnw = 155037
  twoNecnw = 22737.4
  twoNbecnw = 54995.1
        m2 = 0.0336023
        m5 = 0.37929
        m6 = 0.272404
        Tb = 21977.5
        Te = 4.1021
        Tf = 2.05105
#       SitePat  BranchLen
              b 122329.8026791
              e 45661.2384894
              c 47722.0425344
              n 44942.1544580
              w 44941.9309841
            b:e 1423.0406029
            b:c 1599.7845040
            b:n 1135.7771855
            b:w 1135.7692830
            e:c 11789.1221720
            e:n 4741.1862271
            e:w 4741.2743122
            c:n 4124.1285789
            c:w 4124.2246536
            n:w 12110.5817602
          b:e:c 1349.7364662
          b:e:n 609.6043906
          b:e:w 609.6041461
          b:c:n 609.7526090
          b:c:w 609.7528451
          b:n:w 1340.6378412
          e:c:n 4241.3599675
          e:c:w 4241.3992816
          e:n:w 6130.1512631
          c:n:w 5296.5082180
        b:e:c:n 1137.6420032
        b:e:c:w 1137.6499141
        b:e:n:w 1563.6192453
        b:c:n:w 1393.5247337
        e:c:n:w 48609.0699675
