########################################
# legofit: estimate population history #
#       version 2.3.4-4-g53f8760       #
########################################

# Program was compiled: Sep 21 2021 14:36:42
# Program was run: Sun Oct 10 10:54:05 2021

# cmd: legofit -1 -d 0 -t 32 --ptsPerDim 3 --stateOut b1boot16.state --tol 3e-6 -S 5000 bef2.lgo ../../chrX/boot_chrX/boot16.opf
# Stage nOptItr nSimReps
#     0    5000        0
# algorithm          : deterministic
# ignoring probs <=  : 0
# Branch length floor: 0
# DE strategy        : 2
#    F               : 0.3
#    CR              : 0.8
#    tolerance       : 3e-06
# nthreads           : 32
# lgo input file     : bef2.lgo
# site pat input file: ../../chrX/boot_chrX/boot16.opf
# free parameters    : 14
# points in DE swarm : 42
# output state file  : b1boot16.state
# Including singleton site patterns.
# cost function      : KL
Initial parameter values
Fixed:
      zero = 0
       one = 1
    Tbecnw = 75200
Free:
       pc1 = 0
       pc2 = 0
       pc3 = 0
       pc4 = 0
       pc5 = 0
       pc6 = 0
       pc7 = 0
       pc8 = 0
       pc9 = 0
      pc10 = 0
      pc11 = 0
      pc12 = 0
      pc13 = 0
      pc14 = 0
Constrained:
     Tecnw = 43998.4
       Tnw = 2182.19
       Tec = 3760.77
     twoNb = 1.13513e+06
     twoNe = 214965
     twoNc = 143347
     twoNw = 1.28585e+06
    twoNec = 68432.6
    twoNnw = 136356
  twoNecnw = 23281.7
  twoNbecnw = 54923.2
        m2 = 0.028092
        m5 = 0.380986
        m6 = 0.281117
        Tb = 23879.6
        Te = 1880.38
        Tf = 940.192
DiffEv reached_goal. cost=2.56406e-03 spread=1.53807e-06
Fitted parameter values
Free:
       pc1 = 3.10214
       pc2 = 2.07712
       pc3 = -1.97824
       pc4 = 3.96107
       pc5 = 1.21334
       pc6 = 1.76328
       pc7 = -0.751369
       pc8 = 0.337364
       pc9 = 0.799151
      pc10 = 0.0944035
      pc11 = -0.125914
      pc12 = -0.0726925
      pc13 = -0.142834
      pc14 = 0.190999
Constrained:
     Tecnw = 44649.4
       Tnw = 15.003
       Tec = 17.5132
     twoNb = 2.49175e+06
     twoNe = 907614
     twoNc = 76275
     twoNw = 794179
    twoNec = 80170.4
    twoNnw = 150592
  twoNecnw = 22468.9
  twoNbecnw = 55330.9
        m2 = 0.0368911
        m5 = 0.370971
        m6 = 0.271194
        Tb = 22333.4
        Te = 8.7566
        Tf = 4.3783
#       SitePat  BranchLen
              b 122493.2795902
              e 45957.2831138
              c 47971.6970165
              n 45082.8771563
              w 45082.5534890
            b:e 1468.0598377
            b:c 1644.4712548
            b:n 1148.5207372
            b:w 1148.5092204
            e:c 12160.4967370
            e:n 4705.5646142
            e:w 4705.6775237
            c:n 4107.2407625
            c:w 4107.3949407
            n:w 12500.3945966
          b:e:c 1404.4189588
          b:e:n 610.8033348
          b:e:w 610.8020784
          b:c:n 610.9381088
          b:c:w 610.9393531
          b:n:w 1395.1777500
          e:c:n 4204.5823361
          e:c:w 4204.6389157
          e:n:w 6201.5942017
          c:n:w 5377.4613574
        b:e:c:n 1150.3603380
        b:e:c:w 1150.3718668
        b:e:n:w 1609.4966526
        b:c:n:w 1439.1385631
        e:c:n:w 48351.1371353
