########################################
# legofit: estimate population history #
#       version 2.3.4-4-g53f8760       #
########################################

# Program was compiled: Sep 21 2021 14:36:42
# Program was run: Sun Oct 10 10:54:42 2021

# cmd: legofit -1 -d 0 -t 32 --ptsPerDim 3 --stateOut b1boot46.state --tol 3e-6 -S 5000 bef2.lgo ../../chrX/boot_chrX/boot46.opf
# Stage nOptItr nSimReps
#     0    5000        0
# algorithm          : deterministic
# ignoring probs <=  : 0
# Branch length floor: 0
# DE strategy        : 2
#    F               : 0.3
#    CR              : 0.8
#    tolerance       : 3e-06
# nthreads           : 32
# lgo input file     : bef2.lgo
# site pat input file: ../../chrX/boot_chrX/boot46.opf
# free parameters    : 14
# points in DE swarm : 42
# output state file  : b1boot46.state
# Including singleton site patterns.
# cost function      : KL
Initial parameter values
Fixed:
      zero = 0
       one = 1
    Tbecnw = 75200
Free:
       pc1 = 0
       pc2 = 0
       pc3 = 0
       pc4 = 0
       pc5 = 0
       pc6 = 0
       pc7 = 0
       pc8 = 0
       pc9 = 0
      pc10 = 0
      pc11 = 0
      pc12 = 0
      pc13 = 0
      pc14 = 0
Constrained:
     Tecnw = 43998.4
       Tnw = 2182.19
       Tec = 3760.77
     twoNb = 1.13513e+06
     twoNe = 214965
     twoNc = 143347
     twoNw = 1.28585e+06
    twoNec = 68432.6
    twoNnw = 136356
  twoNecnw = 23281.7
  twoNbecnw = 54923.2
        m2 = 0.028092
        m5 = 0.380986
        m6 = 0.281117
        Tb = 23879.6
        Te = 1880.38
        Tf = 940.192
DiffEv reached_goal. cost=2.49621e-03 spread=2.63706e-06
Fitted parameter values
Free:
       pc1 = 3.54595
       pc2 = -0.152598
       pc3 = -1.81157
       pc4 = 3.86998
       pc5 = 0.187073
       pc6 = 1.69181
       pc7 = -1.28612
       pc8 = 1.25823
       pc9 = 0.328125
      pc10 = -0.375371
      pc11 = -0.805486
      pc12 = -0.0315591
      pc13 = -0.0470954
      pc14 = 0.222599
Constrained:
     Tecnw = 43454.3
       Tnw = 44.5396
       Tec = 70.2037
     twoNb = 2.33262e+06
     twoNe = 1.09098e+06
     twoNc = 136234
     twoNw = 986452
    twoNec = 81676.9
    twoNnw = 153786
  twoNecnw = 23379.7
  twoNbecnw = 54305.3
        m2 = 0.0319588
        m5 = 0.366859
        m6 = 0.269938
        Tb = 21762.2
        Te = 35.1018
        Tf = 17.5509
#       SitePat  BranchLen
              b 121637.0458877
              e 45562.3684783
              c 47419.1160761
              n 44854.7002473
              w 44854.1648611
            b:e 1419.6776334
            b:c 1576.5987575
            b:n 1144.4177063
            b:w 1144.3985891
            e:c 11931.0651810
            e:n 4696.2044872
            e:w 4696.3118858
            c:n 4140.2072612
            c:w 4140.5392750
            n:w 12197.5686440
          b:e:c 1360.9691026
          b:e:n 610.1754834
          b:e:w 610.1686710
          b:c:n 610.2918342
          b:c:w 610.2986283
          b:n:w 1352.6361745
          e:c:n 4291.6362676
          e:c:w 4291.7322413
          e:n:w 6076.8491482
          c:n:w 5326.1801466
        b:e:c:n 1146.1307620
        b:e:c:w 1146.1498976
        b:e:n:w 1543.9172685
        b:c:n:w 1392.4410770
        e:c:n:w 47921.9609652
