########################################
# legofit: estimate population history #
#       version 2.3.4-4-g53f8760       #
########################################

# Program was compiled: Sep 21 2021 14:36:42
# Program was run: Sun Oct 10 10:54:05 2021

# cmd: legofit -1 -d 0 -t 32 --ptsPerDim 3 --stateOut b1boot12.state --tol 3e-6 -S 5000 bef2.lgo ../../chrX/boot_chrX/boot12.opf
# Stage nOptItr nSimReps
#     0    5000        0
# algorithm          : deterministic
# ignoring probs <=  : 0
# Branch length floor: 0
# DE strategy        : 2
#    F               : 0.3
#    CR              : 0.8
#    tolerance       : 3e-06
# nthreads           : 32
# lgo input file     : bef2.lgo
# site pat input file: ../../chrX/boot_chrX/boot12.opf
# free parameters    : 14
# points in DE swarm : 42
# output state file  : b1boot12.state
# Including singleton site patterns.
# cost function      : KL
Initial parameter values
Fixed:
      zero = 0
       one = 1
    Tbecnw = 75200
Free:
       pc1 = 0
       pc2 = 0
       pc3 = 0
       pc4 = 0
       pc5 = 0
       pc6 = 0
       pc7 = 0
       pc8 = 0
       pc9 = 0
      pc10 = 0
      pc11 = 0
      pc12 = 0
      pc13 = 0
      pc14 = 0
Constrained:
     Tecnw = 43998.4
       Tnw = 2182.19
       Tec = 3760.77
     twoNb = 1.13513e+06
     twoNe = 214965
     twoNc = 143347
     twoNw = 1.28585e+06
    twoNec = 68432.6
    twoNnw = 136356
  twoNecnw = 23281.7
  twoNbecnw = 54923.2
        m2 = 0.028092
        m5 = 0.380986
        m6 = 0.281117
        Tb = 23879.6
        Te = 1880.38
        Tf = 940.192
DiffEv reached_goal. cost=2.66055e-03 spread=2.71489e-06
Fitted parameter values
Free:
       pc1 = 3.51912
       pc2 = -0.0253531
       pc3 = -1.98615
       pc4 = 3.96114
       pc5 = 1.58408
       pc6 = 1.94348
       pc7 = -0.242125
       pc8 = 1.04008
       pc9 = 0.000637227
      pc10 = 0.0897582
      pc11 = -0.977472
      pc12 = -0.0515294
      pc13 = -0.0870406
      pc14 = -0.135157
Constrained:
     Tecnw = 43273.8
       Tnw = 27.2882
       Tec = 46.3132
     twoNb = 2.68956e+06
     twoNe = 866958
     twoNc = 66008.2
     twoNw = 513399
    twoNec = 78047.2
    twoNnw = 153705
  twoNecnw = 23266.4
  twoNbecnw = 54999.5
        m2 = 0.0324269
        m5 = 0.366091
        m6 = 0.265978
        Tb = 21660.1
        Te = 23.1566
        Tf = 11.5783
#       SitePat  BranchLen
              b 122337.4373912
              e 45153.2802792
              c 47066.7058599
              n 44769.1971512
              w 44768.6540763
            b:e 1408.0550500
            b:c 1570.5513571
            b:n 1148.8020191
            b:w 1148.7825824
            e:c 12208.4922677
            e:n 4663.6041653
            e:w 4663.6765930
            c:n 4092.3493857
            c:w 4092.7221086
            n:w 12231.3369013
          b:e:c 1375.0894685
          b:e:n 604.5705175
          b:e:w 604.5614005
          b:c:n 604.6736503
          b:c:w 604.6827509
          b:n:w 1367.4501061
          e:c:n 4322.1165209
          e:c:w 4322.2144453
          e:n:w 6064.3988899
          c:n:w 5287.9448569
        b:e:c:n 1150.3162216
        b:e:c:w 1150.3356748
        b:e:n:w 1541.4341822
        b:c:n:w 1383.9511082
        e:c:n:w 48768.5478041
