########################################
# legofit: estimate population history #
#       version 2.3.4-4-g53f8760       #
########################################

# Program was compiled: Sep 21 2021 14:36:42
# Program was run: Sun Oct 10 10:54:42 2021

# cmd: legofit -1 -d 0 -t 32 --ptsPerDim 3 --stateOut b1boot47.state --tol 3e-6 -S 5000 bef2.lgo ../../chrX/boot_chrX/boot47.opf
# Stage nOptItr nSimReps
#     0    5000        0
# algorithm          : deterministic
# ignoring probs <=  : 0
# Branch length floor: 0
# DE strategy        : 2
#    F               : 0.3
#    CR              : 0.8
#    tolerance       : 3e-06
# nthreads           : 32
# lgo input file     : bef2.lgo
# site pat input file: ../../chrX/boot_chrX/boot47.opf
# free parameters    : 14
# points in DE swarm : 42
# output state file  : b1boot47.state
# Including singleton site patterns.
# cost function      : KL
Initial parameter values
Fixed:
      zero = 0
       one = 1
    Tbecnw = 75200
Free:
       pc1 = 0
       pc2 = 0
       pc3 = 0
       pc4 = 0
       pc5 = 0
       pc6 = 0
       pc7 = 0
       pc8 = 0
       pc9 = 0
      pc10 = 0
      pc11 = 0
      pc12 = 0
      pc13 = 0
      pc14 = 0
Constrained:
     Tecnw = 43998.4
       Tnw = 2182.19
       Tec = 3760.77
     twoNb = 1.13513e+06
     twoNe = 214965
     twoNc = 143347
     twoNw = 1.28585e+06
    twoNec = 68432.6
    twoNnw = 136356
  twoNecnw = 23281.7
  twoNbecnw = 54923.2
        m2 = 0.028092
        m5 = 0.380986
        m6 = 0.281117
        Tb = 23879.6
        Te = 1880.38
        Tf = 940.192
DiffEv reached_goal. cost=2.56747e-03 spread=2.84353e-06
Fitted parameter values
Free:
       pc1 = 2.72669
       pc2 = 0.498132
       pc3 = -1.97867
       pc4 = 3.19391
       pc5 = 1.81409
       pc6 = 1.78334
       pc7 = -1.1383
       pc8 = 1.69276
       pc9 = 1.52639
      pc10 = -0.376262
      pc11 = -0.494236
      pc12 = 0.162559
      pc13 = -0.0282266
      pc14 = 0.203148
Constrained:
     Tecnw = 43937
       Tnw = 34.4263
       Tec = 48.1979
     twoNb = 2.53986e+06
     twoNe = 793132
     twoNc = 48669
     twoNw = 724854
    twoNec = 79063.6
    twoNnw = 151200
  twoNecnw = 22702.8
  twoNbecnw = 53291.9
        m2 = 0.0327507
        m5 = 0.377228
        m6 = 0.271758
        Tb = 21992.6
        Te = 24.099
        Tf = 12.0495
#       SitePat  BranchLen
              b 120932.3548618
              e 45272.0917835
              c 47325.7187339
              n 44634.4080163
              w 44633.7348142
            b:e 1361.2570850
            b:c 1530.5993033
            b:n 1093.5079597
            b:w 1093.4848974
            e:c 11913.3642575
            e:n 4678.0018800
            e:w 4678.1925595
            c:n 4061.9320934
            c:w 4062.2962037
            n:w 12168.0322643
          b:e:c 1315.0171659
          b:e:n 582.0089395
          b:e:w 582.0038754
          b:c:n 582.1239268
          b:c:w 582.1289701
          b:n:w 1307.2719524
          e:c:n 4165.5225275
          e:c:w 4165.6409398
          e:n:w 6026.1277793
          c:n:w 5198.7390503
        b:e:c:n 1095.0225497
        b:e:c:w 1095.0456328
        b:e:n:w 1500.4524153
        b:c:n:w 1336.5980362
        e:c:n:w 47559.1281804
