########################################
# legofit: estimate population history #
#       version 2.3.4-4-g53f8760       #
########################################

# Program was compiled: Sep 21 2021 14:36:42
# Program was run: Sun Oct 10 10:54:27 2021

# cmd: legofit -1 -d 0 -t 32 --ptsPerDim 3 --stateOut b1boot33.state --tol 3e-6 -S 5000 bef2.lgo ../../chrX/boot_chrX/boot33.opf
# Stage nOptItr nSimReps
#     0    5000        0
# algorithm          : deterministic
# ignoring probs <=  : 0
# Branch length floor: 0
# DE strategy        : 2
#    F               : 0.3
#    CR              : 0.8
#    tolerance       : 3e-06
# nthreads           : 32
# lgo input file     : bef2.lgo
# site pat input file: ../../chrX/boot_chrX/boot33.opf
# free parameters    : 14
# points in DE swarm : 42
# output state file  : b1boot33.state
# Including singleton site patterns.
# cost function      : KL
Initial parameter values
Fixed:
      zero = 0
       one = 1
    Tbecnw = 75200
Free:
       pc1 = 0
       pc2 = 0
       pc3 = 0
       pc4 = 0
       pc5 = 0
       pc6 = 0
       pc7 = 0
       pc8 = 0
       pc9 = 0
      pc10 = 0
      pc11 = 0
      pc12 = 0
      pc13 = 0
      pc14 = 0
Constrained:
     Tecnw = 43998.4
       Tnw = 2182.19
       Tec = 3760.77
     twoNb = 1.13513e+06
     twoNe = 214965
     twoNc = 143347
     twoNw = 1.28585e+06
    twoNec = 68432.6
    twoNnw = 136356
  twoNecnw = 23281.7
  twoNbecnw = 54923.2
        m2 = 0.028092
        m5 = 0.380986
        m6 = 0.281117
        Tb = 23879.6
        Te = 1880.38
        Tf = 940.192
DiffEv reached_goal. cost=2.56372e-03 spread=2.15656e-06
Fitted parameter values
Free:
       pc1 = 3.71379
       pc2 = 0.950825
       pc3 = -1.96032
       pc4 = 3.63338
       pc5 = 0.0749812
       pc6 = 1.95465
       pc7 = 1.35083
       pc8 = -0.203866
       pc9 = 0.536614
      pc10 = 0.461656
      pc11 = -0.928235
      pc12 = -0.106083
      pc13 = 0.16102
      pc14 = 0.093121
Constrained:
     Tecnw = 43778.4
       Tnw = 78.4717
       Tec = 119.449
     twoNb = 2.64988e+06
     twoNe = 704227
     twoNc = 216653
     twoNw = 907848
    twoNec = 81465.7
    twoNnw = 146211
  twoNecnw = 22739
  twoNbecnw = 56341
        m2 = 0.0327795
        m5 = 0.352664
        m6 = 0.261383
        Tb = 21948.9
        Te = 59.7245
        Tf = 29.8622
#       SitePat  BranchLen
              b 123571.3565292
              e 45519.9476248
              c 47348.7970850
              n 44558.2755116
              w 44557.2382580
            b:e 1452.5858450
            b:c 1609.5953755
            b:n 1144.5185466
            b:w 1144.4813525
            e:c 12239.3792443
            e:n 4605.8896105
            e:w 4606.1232257
            c:n 4064.9858603
            c:w 4065.6050391
            n:w 12614.5986848
          b:e:c 1409.7766297
          b:e:n 603.4880007
          b:e:w 603.4762452
          b:c:n 603.5803671
          b:c:w 603.5920897
          b:n:w 1401.8114181
          e:c:n 4248.1671619
          e:c:w 4248.3516216
          e:n:w 6163.3763178
          c:n:w 5411.0045874
        b:e:c:n 1146.0620150
        b:e:c:w 1146.0992421
        b:e:n:w 1579.2382368
        b:c:n:w 1426.9647023
        e:c:n:w 49874.6655744
