########################################
# legofit: estimate population history #
#       version 2.3.4-4-g53f8760       #
########################################

# Program was compiled: Sep 21 2021 14:36:42
# Program was run: Sun Oct 10 10:54:13 2021

# cmd: legofit -1 -d 0 -t 32 --ptsPerDim 3 --stateOut b1boot19.state --tol 3e-6 -S 5000 bef2.lgo ../../chrX/boot_chrX/boot19.opf
# Stage nOptItr nSimReps
#     0    5000        0
# algorithm          : deterministic
# ignoring probs <=  : 0
# Branch length floor: 0
# DE strategy        : 2
#    F               : 0.3
#    CR              : 0.8
#    tolerance       : 3e-06
# nthreads           : 32
# lgo input file     : bef2.lgo
# site pat input file: ../../chrX/boot_chrX/boot19.opf
# free parameters    : 14
# points in DE swarm : 42
# output state file  : b1boot19.state
# Including singleton site patterns.
# cost function      : KL
Initial parameter values
Fixed:
      zero = 0
       one = 1
    Tbecnw = 75200
Free:
       pc1 = 0
       pc2 = 0
       pc3 = 0
       pc4 = 0
       pc5 = 0
       pc6 = 0
       pc7 = 0
       pc8 = 0
       pc9 = 0
      pc10 = 0
      pc11 = 0
      pc12 = 0
      pc13 = 0
      pc14 = 0
Constrained:
     Tecnw = 43998.4
       Tnw = 2182.19
       Tec = 3760.77
     twoNb = 1.13513e+06
     twoNe = 214965
     twoNc = 143347
     twoNw = 1.28585e+06
    twoNec = 68432.6
    twoNnw = 136356
  twoNecnw = 23281.7
  twoNbecnw = 54923.2
        m2 = 0.028092
        m5 = 0.380986
        m6 = 0.281117
        Tb = 23879.6
        Te = 1880.38
        Tf = 940.192
DiffEv reached_goal. cost=2.62467e-03 spread=2.94494e-06
Fitted parameter values
Free:
       pc1 = 3.42593
       pc2 = 0.524537
       pc3 = -1.99989
       pc4 = 3.8957
       pc5 = 1.40435
       pc6 = 1.98575
       pc7 = 0.317222
       pc8 = 0.070844
       pc9 = 1.63085
      pc10 = -0.105279
      pc11 = -0.473264
      pc12 = -0.184683
      pc13 = -0.0842847
      pc14 = 0.172831
Constrained:
     Tecnw = 44150.6
       Tnw = 18.4124
       Tec = 25.5508
     twoNb = 2.71819e+06
     twoNe = 741303
     twoNc = 96906.8
     twoNw = 652097
    twoNec = 80376.8
    twoNnw = 146253
  twoNecnw = 22717.3
  twoNbecnw = 54541.1
        m2 = 0.0345751
        m5 = 0.354958
        m6 = 0.261558
        Tb = 22088.1
        Te = 12.7754
        Tf = 6.38769
#       SitePat  BranchLen
              b 121904.0117450
              e 45568.5724357
              c 47459.7549453
              n 44678.4207250
              w 44678.0347084
            b:e 1428.2920252
            b:c 1588.6168490
            b:n 1122.7105459
            b:w 1122.6970281
            e:c 12329.2614926
            e:n 4593.5743231
            e:w 4593.6831361
            c:n 4032.5352624
            c:w 4032.7449352
            n:w 12655.3216984
          b:e:c 1392.7064390
          b:e:n 590.1841476
          b:e:w 590.1811343
          b:c:n 590.2882249
          b:c:w 590.2912259
          b:n:w 1384.6142884
          e:c:n 4181.8314786
          e:c:w 4181.8990094
          e:n:w 6116.4509704
          c:n:w 5342.1728843
        b:e:c:n 1124.2832186
        b:e:c:w 1124.2967488
        b:e:n:w 1558.2949462
        b:c:n:w 1402.8287917
        e:c:n:w 48140.7858531
