########################################
# legofit: estimate population history #
#       version 2.3.4-4-g53f8760       #
########################################

# Program was compiled: Sep 21 2021 14:36:42
# Program was run: Sun Oct 10 10:54:33 2021

# cmd: legofit -1 -d 0 -t 32 --ptsPerDim 3 --stateOut b1boot39.state --tol 3e-6 -S 5000 bef2.lgo ../../chrX/boot_chrX/boot39.opf
# Stage nOptItr nSimReps
#     0    5000        0
# algorithm          : deterministic
# ignoring probs <=  : 0
# Branch length floor: 0
# DE strategy        : 2
#    F               : 0.3
#    CR              : 0.8
#    tolerance       : 3e-06
# nthreads           : 32
# lgo input file     : bef2.lgo
# site pat input file: ../../chrX/boot_chrX/boot39.opf
# free parameters    : 14
# points in DE swarm : 42
# output state file  : b1boot39.state
# Including singleton site patterns.
# cost function      : KL
Initial parameter values
Fixed:
      zero = 0
       one = 1
    Tbecnw = 75200
Free:
       pc1 = 0
       pc2 = 0
       pc3 = 0
       pc4 = 0
       pc5 = 0
       pc6 = 0
       pc7 = 0
       pc8 = 0
       pc9 = 0
      pc10 = 0
      pc11 = 0
      pc12 = 0
      pc13 = 0
      pc14 = 0
Constrained:
     Tecnw = 43998.4
       Tnw = 2182.19
       Tec = 3760.77
     twoNb = 1.13513e+06
     twoNe = 214965
     twoNc = 143347
     twoNw = 1.28585e+06
    twoNec = 68432.6
    twoNnw = 136356
  twoNecnw = 23281.7
  twoNbecnw = 54923.2
        m2 = 0.028092
        m5 = 0.380986
        m6 = 0.281117
        Tb = 23879.6
        Te = 1880.38
        Tf = 940.192
DiffEv reached_goal. cost=2.51463e-03 spread=2.63801e-06
Fitted parameter values
Free:
       pc1 = 2.37527
       pc2 = 2.38899
       pc3 = -1.95541
       pc4 = 3.77689
       pc5 = 1.05872
       pc6 = 1.93817
       pc7 = -1.45943
       pc8 = 0.774287
       pc9 = 0.243769
      pc10 = 0.229746
      pc11 = -0.87076
      pc12 = 0.0873043
      pc13 = -0.113403
      pc14 = -0.0324242
Constrained:
     Tecnw = 44258
       Tnw = 190.196
       Tec = 362.712
     twoNb = 2.39855e+06
     twoNe = 986643
     twoNc = 103258
     twoNw = 765649
    twoNec = 75489.3
    twoNnw = 153648
  twoNecnw = 22340.8
  twoNbecnw = 55388.2
        m2 = 0.0366205
        m5 = 0.379626
        m6 = 0.283949
        Tb = 22310.4
        Te = 181.356
        Tf = 90.6779
#       SitePat  BranchLen
              b 122729.0687753
              e 45562.1107275
              c 47430.0133814
              n 44966.5927132
              w 44964.5690968
            b:e 1431.8582456
            b:c 1595.2735577
            b:n 1132.3727429
            b:w 1132.3011594
            e:c 12047.8746425
            e:n 4689.1296995
            e:w 4689.0175573
            c:n 4132.0514314
            c:w 4133.8215896
            n:w 12146.1980689
          b:e:c 1362.7228176
          b:e:n 601.3366860
          b:e:w 601.2802365
          b:c:n 601.4128246
          b:c:w 601.4692021
          b:n:w 1353.2672334
          e:c:n 4224.6732500
          e:c:w 4225.0388503
          e:n:w 6081.6829768
          c:n:w 5319.7938728
        b:e:c:n 1134.1526120
        b:e:c:w 1134.2242676
        b:e:n:w 1559.8581881
        b:c:n:w 1402.4384576
        e:c:n:w 49028.0762492
