########################################
# legofit: estimate population history #
#       version 2.3.4-4-g53f8760       #
########################################

# Program was compiled: Sep 21 2021 14:36:42
# Program was run: Sun Oct 10 10:53:55 2021

# cmd: legofit -1 -d 0 -t 32 --ptsPerDim 3 --stateOut b1boot5.state --tol 3e-6 -S 5000 bef2.lgo ../../chrX/boot_chrX/boot5.opf
# Stage nOptItr nSimReps
#     0    5000        0
# algorithm          : deterministic
# ignoring probs <=  : 0
# Branch length floor: 0
# DE strategy        : 2
#    F               : 0.3
#    CR              : 0.8
#    tolerance       : 3e-06
# nthreads           : 32
# lgo input file     : bef2.lgo
# site pat input file: ../../chrX/boot_chrX/boot5.opf
# free parameters    : 14
# points in DE swarm : 42
# output state file  : b1boot5.state
# Including singleton site patterns.
# cost function      : KL
Initial parameter values
Fixed:
      zero = 0
       one = 1
    Tbecnw = 75200
Free:
       pc1 = 0
       pc2 = 0
       pc3 = 0
       pc4 = 0
       pc5 = 0
       pc6 = 0
       pc7 = 0
       pc8 = 0
       pc9 = 0
      pc10 = 0
      pc11 = 0
      pc12 = 0
      pc13 = 0
      pc14 = 0
Constrained:
     Tecnw = 43998.4
       Tnw = 2182.19
       Tec = 3760.77
     twoNb = 1.13513e+06
     twoNe = 214965
     twoNc = 143347
     twoNw = 1.28585e+06
    twoNec = 68432.6
    twoNnw = 136356
  twoNecnw = 23281.7
  twoNbecnw = 54923.2
        m2 = 0.028092
        m5 = 0.380986
        m6 = 0.281117
        Tb = 23879.6
        Te = 1880.38
        Tf = 940.192
DiffEv reached_goal. cost=2.61522e-03 spread=2.76523e-06
Fitted parameter values
Free:
       pc1 = 2.96562
       pc2 = -0.744513
       pc3 = -1.93023
       pc4 = 2.16398
       pc5 = 1.53115
       pc6 = 1.40472
       pc7 = -1.09494
       pc8 = 1.26144
       pc9 = 0.912613
      pc10 = -0.863145
      pc11 = -0.00125317
      pc12 = -0.246983
      pc13 = -0.163167
      pc14 = -0.0161097
Constrained:
     Tecnw = 43748
       Tnw = 54.6613
       Tec = 71.9417
     twoNb = 2.13711e+06
     twoNe = 598178
     twoNc = 53862.2
     twoNw = 878790
    twoNec = 78339.6
    twoNnw = 151903
  twoNecnw = 23604.6
  twoNbecnw = 53109.1
        m2 = 0.0318837
        m5 = 0.372782
        m6 = 0.266909
        Tb = 21910
        Te = 35.9708
        Tf = 17.9854
#       SitePat  BranchLen
              b 120460.5125464
              e 45386.6168936
              c 47447.9935192
              n 44947.0983364
              w 44946.1588349
            b:e 1398.6610876
            b:c 1571.2769785
            b:n 1145.4031448
            b:w 1145.3697649
            e:c 12219.0133247
            e:n 4726.9730950
            e:w 4727.2662097
            c:n 4108.6846650
            c:w 4109.1641632
            n:w 12351.7594387
          b:e:c 1375.5211564
          b:e:n 605.1527101
          b:e:w 605.1470688
          b:c:n 605.2926964
          b:c:w 605.2983025
          b:n:w 1366.3744278
          e:c:n 4282.3436188
          e:c:w 4282.5105075
          e:n:w 6078.8231048
          c:n:w 5247.1976060
        b:e:c:n 1147.2406154
        b:e:c:w 1147.2740306
        b:e:n:w 1536.4677250
        b:c:n:w 1370.1999636
        e:c:n:w 46566.1810709
