########################################
# legofit: estimate population history #
#       version 2.3.4-4-g53f8760       #
########################################

# Program was compiled: Sep 21 2021 14:36:42
# Program was run: Sun Oct 10 10:54:32 2021

# cmd: legofit -1 -d 0 -t 32 --ptsPerDim 3 --stateOut b1boot38.state --tol 3e-6 -S 5000 bef2.lgo ../../chrX/boot_chrX/boot38.opf
# Stage nOptItr nSimReps
#     0    5000        0
# algorithm          : deterministic
# ignoring probs <=  : 0
# Branch length floor: 0
# DE strategy        : 2
#    F               : 0.3
#    CR              : 0.8
#    tolerance       : 3e-06
# nthreads           : 32
# lgo input file     : bef2.lgo
# site pat input file: ../../chrX/boot_chrX/boot38.opf
# free parameters    : 14
# points in DE swarm : 42
# output state file  : b1boot38.state
# Including singleton site patterns.
# cost function      : KL
Initial parameter values
Fixed:
      zero = 0
       one = 1
    Tbecnw = 75200
Free:
       pc1 = 0
       pc2 = 0
       pc3 = 0
       pc4 = 0
       pc5 = 0
       pc6 = 0
       pc7 = 0
       pc8 = 0
       pc9 = 0
      pc10 = 0
      pc11 = 0
      pc12 = 0
      pc13 = 0
      pc14 = 0
Constrained:
     Tecnw = 43998.4
       Tnw = 2182.19
       Tec = 3760.77
     twoNb = 1.13513e+06
     twoNe = 214965
     twoNc = 143347
     twoNw = 1.28585e+06
    twoNec = 68432.6
    twoNnw = 136356
  twoNecnw = 23281.7
  twoNbecnw = 54923.2
        m2 = 0.028092
        m5 = 0.380986
        m6 = 0.281117
        Tb = 23879.6
        Te = 1880.38
        Tf = 940.192
DiffEv reached_goal. cost=2.73519e-03 spread=2.65196e-06
Fitted parameter values
Free:
       pc1 = 3.42331
       pc2 = 1.42844
       pc3 = -1.98581
       pc4 = 3.11279
       pc5 = 1.35685
       pc6 = 1.41025
       pc7 = -0.528763
       pc8 = 0.920519
       pc9 = -0.043475
      pc10 = 0.438227
      pc11 = -0.944695
      pc12 = 0.299486
      pc13 = 0.0158558
      pc14 = 0.182934
Constrained:
     Tecnw = 43598.4
       Tnw = 10.8033
       Tec = 6.33902
     twoNb = 2.40885e+06
     twoNe = 760551
     twoNc = 56034.5
     twoNw = 837411
    twoNec = 81378.9
    twoNnw = 154681
  twoNecnw = 22633.3
  twoNbecnw = 55651.5
        m2 = 0.0333964
        m5 = 0.374268
        m6 = 0.273633
        Tb = 21802.4
        Te = 3.16951
        Tf = 1.58476
#       SitePat  BranchLen
              b 123046.1248809
              e 45462.1609112
              c 47386.7417988
              n 44712.9847543
              w 44712.6691396
            b:e 1418.5119654
            b:c 1583.4787318
            b:n 1127.1759145
            b:w 1127.1647931
            e:c 11761.8737508
            e:n 4693.4406401
            e:w 4693.5822480
            c:n 4118.6347931
            c:w 4118.7533237
            n:w 12052.2340207
          b:e:c 1339.2872113
          b:e:n 603.9719792
          b:e:w 603.9726657
          b:c:n 604.1002907
          b:c:w 604.0995931
          b:n:w 1330.8459113
          e:c:n 4247.4199815
          e:c:w 4247.4754577
          e:n:w 6100.0328103
          c:n:w 5319.0118049
        b:e:c:n 1128.8794552
        b:e:c:w 1128.8905876
        b:e:n:w 1549.9144244
        b:c:n:w 1390.7673082
        e:c:n:w 49607.7716241
