########################################
# legofit: estimate population history #
#       version 2.3.4-4-g53f8760       #
########################################

# Program was compiled: Sep 21 2021 14:36:42
# Program was run: Sun Oct 10 10:54:37 2021

# cmd: legofit -1 -d 0 -t 32 --ptsPerDim 3 --stateOut b1boot45.state --tol 3e-6 -S 5000 bef2.lgo ../../chrX/boot_chrX/boot45.opf
# Stage nOptItr nSimReps
#     0    5000        0
# algorithm          : deterministic
# ignoring probs <=  : 0
# Branch length floor: 0
# DE strategy        : 2
#    F               : 0.3
#    CR              : 0.8
#    tolerance       : 3e-06
# nthreads           : 32
# lgo input file     : bef2.lgo
# site pat input file: ../../chrX/boot_chrX/boot45.opf
# free parameters    : 14
# points in DE swarm : 42
# output state file  : b1boot45.state
# Including singleton site patterns.
# cost function      : KL
Initial parameter values
Fixed:
      zero = 0
       one = 1
    Tbecnw = 75200
Free:
       pc1 = 0
       pc2 = 0
       pc3 = 0
       pc4 = 0
       pc5 = 0
       pc6 = 0
       pc7 = 0
       pc8 = 0
       pc9 = 0
      pc10 = 0
      pc11 = 0
      pc12 = 0
      pc13 = 0
      pc14 = 0
Constrained:
     Tecnw = 43998.4
       Tnw = 2182.19
       Tec = 3760.77
     twoNb = 1.13513e+06
     twoNe = 214965
     twoNc = 143347
     twoNw = 1.28585e+06
    twoNec = 68432.6
    twoNnw = 136356
  twoNecnw = 23281.7
  twoNbecnw = 54923.2
        m2 = 0.028092
        m5 = 0.380986
        m6 = 0.281117
        Tb = 23879.6
        Te = 1880.38
        Tf = 940.192
DiffEv reached_goal. cost=2.39873e-03 spread=2.11548e-06
Fitted parameter values
Free:
       pc1 = 2.82336
       pc2 = 0.408912
       pc3 = -1.93698
       pc4 = 2.41969
       pc5 = 1.32312
       pc6 = 1.71317
       pc7 = -0.648221
       pc8 = 1.16059
       pc9 = 0.677938
      pc10 = -0.390804
      pc11 = -0.495676
      pc12 = 0.0115929
      pc13 = 0.00204708
      pc14 = -0.0110842
Constrained:
     Tecnw = 43798.9
       Tnw = 39.3314
       Tec = 55.4632
     twoNb = 2.29599e+06
     twoNe = 622739
     twoNc = 100048
     twoNw = 811436
    twoNec = 78289.5
    twoNnw = 151592
  twoNecnw = 23055.1
  twoNbecnw = 54151.1
        m2 = 0.0323173
        m5 = 0.374816
        m6 = 0.27237
        Tb = 21927.2
        Te = 27.7316
        Tf = 13.8658
#       SitePat  BranchLen
              b 121564.3895111
              e 45320.3601285
              c 47315.6780158
              n 44756.9846706
              w 44756.3023298
            b:e 1398.1362912
            b:c 1565.9892117
            b:n 1131.2007825
            b:w 1131.1767076
            e:c 12081.0899125
            e:n 4708.0141739
            e:w 4708.2024476
            c:n 4110.9093514
            c:w 4111.2820266
            n:w 12262.4854253
          b:e:c 1358.3572420
          b:e:n 600.0090673
          b:e:w 600.0035305
          b:c:n 600.1350695
          b:c:w 600.1405825
          b:n:w 1349.7192848
          e:c:n 4251.3684324
          e:c:w 4251.4898241
          e:n:w 6075.6820016
          c:n:w 5268.2470340
        b:e:c:n 1132.9135381
        b:e:c:w 1132.9376368
        b:e:n:w 1532.8690461
        b:c:n:w 1370.8953952
        e:c:n:w 47917.4396243
