########################################
# legofit: estimate population history #
#       version 2.3.4-4-g53f8760       #
########################################

# Program was compiled: Sep 21 2021 14:36:42
# Program was run: Sun Oct 10 10:54:13 2021

# cmd: legofit -1 -d 0 -t 32 --ptsPerDim 3 --stateOut b1boot17.state --tol 3e-6 -S 5000 bef2.lgo ../../chrX/boot_chrX/boot17.opf
# Stage nOptItr nSimReps
#     0    5000        0
# algorithm          : deterministic
# ignoring probs <=  : 0
# Branch length floor: 0
# DE strategy        : 2
#    F               : 0.3
#    CR              : 0.8
#    tolerance       : 3e-06
# nthreads           : 32
# lgo input file     : bef2.lgo
# site pat input file: ../../chrX/boot_chrX/boot17.opf
# free parameters    : 14
# points in DE swarm : 42
# output state file  : b1boot17.state
# Including singleton site patterns.
# cost function      : KL
Initial parameter values
Fixed:
      zero = 0
       one = 1
    Tbecnw = 75200
Free:
       pc1 = 0
       pc2 = 0
       pc3 = 0
       pc4 = 0
       pc5 = 0
       pc6 = 0
       pc7 = 0
       pc8 = 0
       pc9 = 0
      pc10 = 0
      pc11 = 0
      pc12 = 0
      pc13 = 0
      pc14 = 0
Constrained:
     Tecnw = 43998.4
       Tnw = 2182.19
       Tec = 3760.77
     twoNb = 1.13513e+06
     twoNe = 214965
     twoNc = 143347
     twoNw = 1.28585e+06
    twoNec = 68432.6
    twoNnw = 136356
  twoNecnw = 23281.7
  twoNbecnw = 54923.2
        m2 = 0.028092
        m5 = 0.380986
        m6 = 0.281117
        Tb = 23879.6
        Te = 1880.38
        Tf = 940.192
DiffEv reached_goal. cost=2.62269e-03 spread=2.50913e-06
Fitted parameter values
Free:
       pc1 = 3.15036
       pc2 = 1.07466
       pc3 = -1.95489
       pc4 = 3.81875
       pc5 = 1.55094
       pc6 = 0.947862
       pc7 = -0.610309
       pc8 = 1.27951
       pc9 = 0.888744
      pc10 = -0.0686083
      pc11 = -0.91296
      pc12 = -0.388932
      pc13 = -0.133772
      pc14 = -0.068545
Constrained:
     Tecnw = 44062.8
       Tnw = 45.5572
       Tec = 83.4097
     twoNb = 2.65911e+06
     twoNe = 869759
     twoNc = 4322.13
     twoNw = 1.01844e+06
    twoNec = 76130.1
    twoNnw = 152856
  twoNecnw = 22714.5
  twoNbecnw = 54709.1
        m2 = 0.0322749
        m5 = 0.36914
        m6 = 0.271922
        Tb = 22073.1
        Te = 41.7049
        Tf = 20.8524
#       SitePat  BranchLen
              b 122116.3084481
              e 45296.1050210
              c 47186.7555789
              n 44961.8621105
              w 44961.4696640
            b:e 1393.4432063
            b:c 1552.5685062
            b:n 1138.6490931
            b:w 1138.6352253
            e:c 12337.9198287
            e:n 4643.6825045
            e:w 4643.6929812
            c:n 4077.2555685
            c:w 4077.5671717
            n:w 12297.1841182
          b:e:c 1375.0490700
          b:e:n 596.4098963
          b:e:w 596.4008646
          b:c:n 596.5086091
          b:c:w 596.5176293
          b:n:w 1367.3590715
          e:c:n 4259.4967307
          e:c:w 4259.5670973
          e:n:w 5996.8994998
          c:n:w 5233.7518815
        b:e:c:n 1140.1412155
        b:e:c:w 1140.1550947
        b:e:n:w 1524.0536831
        b:c:n:w 1369.7627115
        e:c:n:w 48438.9456309
