########################################
# legofit: estimate population history #
#       version 2.3.4-4-g53f8760       #
########################################

# Program was compiled: Sep 21 2021 14:36:42
# Program was run: Sun Oct 10 10:54:18 2021

# cmd: legofit -1 -d 0 -t 32 --ptsPerDim 3 --stateOut b1boot25.state --tol 3e-6 -S 5000 bef2.lgo ../../chrX/boot_chrX/boot25.opf
# Stage nOptItr nSimReps
#     0    5000        0
# algorithm          : deterministic
# ignoring probs <=  : 0
# Branch length floor: 0
# DE strategy        : 2
#    F               : 0.3
#    CR              : 0.8
#    tolerance       : 3e-06
# nthreads           : 32
# lgo input file     : bef2.lgo
# site pat input file: ../../chrX/boot_chrX/boot25.opf
# free parameters    : 14
# points in DE swarm : 42
# output state file  : b1boot25.state
# Including singleton site patterns.
# cost function      : KL
Initial parameter values
Fixed:
      zero = 0
       one = 1
    Tbecnw = 75200
Free:
       pc1 = 0
       pc2 = 0
       pc3 = 0
       pc4 = 0
       pc5 = 0
       pc6 = 0
       pc7 = 0
       pc8 = 0
       pc9 = 0
      pc10 = 0
      pc11 = 0
      pc12 = 0
      pc13 = 0
      pc14 = 0
Constrained:
     Tecnw = 43998.4
       Tnw = 2182.19
       Tec = 3760.77
     twoNb = 1.13513e+06
     twoNe = 214965
     twoNc = 143347
     twoNw = 1.28585e+06
    twoNec = 68432.6
    twoNnw = 136356
  twoNecnw = 23281.7
  twoNbecnw = 54923.2
        m2 = 0.028092
        m5 = 0.380986
        m6 = 0.281117
        Tb = 23879.6
        Te = 1880.38
        Tf = 940.192
DiffEv reached_goal. cost=2.55546e-03 spread=2.88936e-06
Fitted parameter values
Free:
       pc1 = 2.52322
       pc2 = 2.81288
       pc3 = -1.90638
       pc4 = 3.68933
       pc5 = 1.74734
       pc6 = 1.59984
       pc7 = 0.773881
       pc8 = 1.03754
       pc9 = 0.627411
      pc10 = -0.0426083
      pc11 = -0.501072
      pc12 = 0.052431
      pc13 = 0.289647
      pc14 = 0.0526831
Constrained:
     Tecnw = 44841.3
       Tnw = 48.1212
       Tec = 80.4996
     twoNb = 2.93365e+06
     twoNe = 659251
     twoNc = 74065.7
     twoNw = 719829
    twoNec = 78325.2
    twoNnw = 146982
  twoNecnw = 22230.9
  twoNbecnw = 56065.2
        m2 = 0.0331789
        m5 = 0.378455
        m6 = 0.276521
        Tb = 22460.9
        Te = 40.2498
        Tf = 20.1249
#       SitePat  BranchLen
              b 123280.8657515
              e 45699.8701877
              c 47784.7183531
              n 44824.0222321
              w 44823.2911952
            b:e 1442.0562248
            b:c 1620.5815972
            b:n 1147.5150600
            b:w 1147.4888825
            e:c 12189.3942038
            e:n 4746.2922289
            e:w 4746.4009393
            c:n 4126.9885070
            c:w 4127.4801078
            n:w 12565.0402909
          b:e:c 1404.9516338
          b:e:n 610.1374294
          b:e:w 610.1257858
          b:c:n 610.2317514
          b:c:w 610.2433750
          b:n:w 1397.8753390
          e:c:n 4203.2865664
          e:c:w 4203.4172922
          e:n:w 6204.9443970
          c:n:w 5353.3487262
        b:e:c:n 1148.8869568
        b:e:c:w 1148.9131545
        b:e:n:w 1593.8727399
        b:c:n:w 1420.1075152
        e:c:n:w 49241.3034565
