########################################
# legofit: estimate population history #
#       version 2.3.4-4-g53f8760       #
########################################

# Program was compiled: Sep 21 2021 14:36:42
# Program was run: Sun Oct 10 10:54:05 2021

# cmd: legofit -1 -d 0 -t 32 --ptsPerDim 3 --stateOut b1boot11.state --tol 3e-6 -S 5000 bef2.lgo ../../chrX/boot_chrX/boot11.opf
# Stage nOptItr nSimReps
#     0    5000        0
# algorithm          : deterministic
# ignoring probs <=  : 0
# Branch length floor: 0
# DE strategy        : 2
#    F               : 0.3
#    CR              : 0.8
#    tolerance       : 3e-06
# nthreads           : 32
# lgo input file     : bef2.lgo
# site pat input file: ../../chrX/boot_chrX/boot11.opf
# free parameters    : 14
# points in DE swarm : 42
# output state file  : b1boot11.state
# Including singleton site patterns.
# cost function      : KL
Initial parameter values
Fixed:
      zero = 0
       one = 1
    Tbecnw = 75200
Free:
       pc1 = 0
       pc2 = 0
       pc3 = 0
       pc4 = 0
       pc5 = 0
       pc6 = 0
       pc7 = 0
       pc8 = 0
       pc9 = 0
      pc10 = 0
      pc11 = 0
      pc12 = 0
      pc13 = 0
      pc14 = 0
Constrained:
     Tecnw = 43998.4
       Tnw = 2182.19
       Tec = 3760.77
     twoNb = 1.13513e+06
     twoNe = 214965
     twoNc = 143347
     twoNw = 1.28585e+06
    twoNec = 68432.6
    twoNnw = 136356
  twoNecnw = 23281.7
  twoNbecnw = 54923.2
        m2 = 0.028092
        m5 = 0.380986
        m6 = 0.281117
        Tb = 23879.6
        Te = 1880.38
        Tf = 940.192
DiffEv reached_goal. cost=2.59619e-03 spread=2.79711e-06
Fitted parameter values
Free:
       pc1 = 3.67209
       pc2 = 0.241424
       pc3 = -1.99567
       pc4 = 3.67554
       pc5 = 0.894398
       pc6 = 0.828684
       pc7 = 0.599892
       pc8 = 0.298145
       pc9 = 0.613818
      pc10 = 0.063021
      pc11 = -0.828487
      pc12 = -0.236799
      pc13 = 0.24534
      pc14 = -0.0582767
Constrained:
     Tecnw = 43607.9
       Tnw = 31.3158
       Tec = 54.6891
     twoNb = 2.62248e+06
     twoNe = 733065
     twoNc = 61026.8
     twoNw = 1.11516e+06
    twoNec = 79632.8
    twoNnw = 146763
  twoNecnw = 23112.8
  twoNbecnw = 55489.9
        m2 = 0.0317734
        m5 = 0.356165
        m6 = 0.263171
        Tb = 21831.3
        Te = 27.3446
        Tf = 13.6723
#       SitePat  BranchLen
              b 122757.6811876
              e 45312.5661883
              c 47164.7688797
              n 44545.9295624
              w 44545.6648427
            b:e 1432.3775687
            b:c 1589.4231332
            b:n 1147.8150291
            b:w 1147.8055171
            e:c 12337.1728592
            e:n 4631.8073684
            e:w 4631.8326073
            c:n 4082.4776930
            c:w 4082.6694703
            n:w 12594.1376304
          b:e:c 1406.7524803
          b:e:n 603.1811114
          b:e:w 603.1760352
          b:c:n 603.2803128
          b:c:w 603.2853809
          b:n:w 1398.9669791
          e:c:n 4278.1899521
          e:c:w 4278.2376557
          e:n:w 6129.7722475
          c:n:w 5371.1657121
        b:e:c:n 1149.3536322
        b:e:c:w 1149.3631523
        b:e:n:w 1560.0630832
        b:c:n:w 1407.7056280
        e:c:n:w 49056.3842892
