########################################
# legofit: estimate population history #
#       version 2.3.4-4-g53f8760       #
########################################

# Program was compiled: Sep 21 2021 14:36:42
# Program was run: Sun Oct 10 10:54:13 2021

# cmd: legofit -1 -d 0 -t 32 --ptsPerDim 3 --stateOut b1boot22.state --tol 3e-6 -S 5000 bef2.lgo ../../chrX/boot_chrX/boot22.opf
# Stage nOptItr nSimReps
#     0    5000        0
# algorithm          : deterministic
# ignoring probs <=  : 0
# Branch length floor: 0
# DE strategy        : 2
#    F               : 0.3
#    CR              : 0.8
#    tolerance       : 3e-06
# nthreads           : 32
# lgo input file     : bef2.lgo
# site pat input file: ../../chrX/boot_chrX/boot22.opf
# free parameters    : 14
# points in DE swarm : 42
# output state file  : b1boot22.state
# Including singleton site patterns.
# cost function      : KL
Initial parameter values
Fixed:
      zero = 0
       one = 1
    Tbecnw = 75200
Free:
       pc1 = 0
       pc2 = 0
       pc3 = 0
       pc4 = 0
       pc5 = 0
       pc6 = 0
       pc7 = 0
       pc8 = 0
       pc9 = 0
      pc10 = 0
      pc11 = 0
      pc12 = 0
      pc13 = 0
      pc14 = 0
Constrained:
     Tecnw = 43998.4
       Tnw = 2182.19
       Tec = 3760.77
     twoNb = 1.13513e+06
     twoNe = 214965
     twoNc = 143347
     twoNw = 1.28585e+06
    twoNec = 68432.6
    twoNnw = 136356
  twoNecnw = 23281.7
  twoNbecnw = 54923.2
        m2 = 0.028092
        m5 = 0.380986
        m6 = 0.281117
        Tb = 23879.6
        Te = 1880.38
        Tf = 940.192
DiffEv reached_goal. cost=2.51267e-03 spread=2.97577e-06
Fitted parameter values
Free:
       pc1 = 3.11097
       pc2 = 0.575746
       pc3 = -1.97921
       pc4 = 3.4536
       pc5 = 1.18332
       pc6 = 1.12542
       pc7 = -0.892328
       pc8 = 0.598507
       pc9 = 0.764436
      pc10 = -0.308815
      pc11 = -0.267717
      pc12 = -0.0628645
      pc13 = 0.0827522
      pc14 = 0.0791731
Constrained:
     Tecnw = 43991.4
       Tnw = 51.1632
       Tec = 98.8823
     twoNb = 2.35384e+06
     twoNe = 832917
     twoNc = 40411.5
     twoNw = 1.0028e+06
    twoNec = 79685.6
    twoNnw = 149035
  twoNecnw = 23082.4
  twoNbecnw = 54507.2
        m2 = 0.0343543
        m5 = 0.368623
        m6 = 0.270168
        Tb = 22045.2
        Te = 49.4412
        Tf = 24.7206
#       SitePat  BranchLen
              b 121768.3904256
              e 45609.6387638
              c 47573.2330480
              n 44782.6348203
              w 44782.2554166
            b:e 1440.4299085
            b:c 1608.7703606
            b:n 1142.3701723
            b:w 1142.3566034
            e:c 12142.7362644
            e:n 4704.2957896
            e:w 4704.2633573
            c:n 4120.2869612
            c:w 4120.6297773
            n:w 12471.7625924
          b:e:c 1389.3115208
          b:e:n 606.7890207
          b:e:w 606.7776542
          b:c:n 606.9098389
          b:c:w 606.9211921
          b:n:w 1380.2676081
          e:c:n 4241.1694277
          e:c:w 4241.2384476
          e:n:w 6164.5959206
          c:n:w 5362.5125910
        b:e:c:n 1144.1840520
        b:e:c:w 1144.1976343
        b:e:n:w 1574.3223211
        b:c:n:w 1411.8489666
        e:c:n:w 47859.8971966
