########################################
# legofit: estimate population history #
#       version 2.3.4-4-g53f8760       #
########################################

# Program was compiled: Sep 21 2021 14:36:42
# Program was run: Sun Oct 10 10:53:55 2021

# cmd: legofit -1 -d 0 -t 32 --ptsPerDim 3 --stateOut b1boot3.state --tol 3e-6 -S 5000 bef2.lgo ../../chrX/boot_chrX/boot3.opf
# Stage nOptItr nSimReps
#     0    5000        0
# algorithm          : deterministic
# ignoring probs <=  : 0
# Branch length floor: 0
# DE strategy        : 2
#    F               : 0.3
#    CR              : 0.8
#    tolerance       : 3e-06
# nthreads           : 32
# lgo input file     : bef2.lgo
# site pat input file: ../../chrX/boot_chrX/boot3.opf
# free parameters    : 14
# points in DE swarm : 42
# output state file  : b1boot3.state
# Including singleton site patterns.
# cost function      : KL
Initial parameter values
Fixed:
      zero = 0
       one = 1
    Tbecnw = 75200
Free:
       pc1 = 0
       pc2 = 0
       pc3 = 0
       pc4 = 0
       pc5 = 0
       pc6 = 0
       pc7 = 0
       pc8 = 0
       pc9 = 0
      pc10 = 0
      pc11 = 0
      pc12 = 0
      pc13 = 0
      pc14 = 0
Constrained:
     Tecnw = 43998.4
       Tnw = 2182.19
       Tec = 3760.77
     twoNb = 1.13513e+06
     twoNe = 214965
     twoNc = 143347
     twoNw = 1.28585e+06
    twoNec = 68432.6
    twoNnw = 136356
  twoNecnw = 23281.7
  twoNbecnw = 54923.2
        m2 = 0.028092
        m5 = 0.380986
        m6 = 0.281117
        Tb = 23879.6
        Te = 1880.38
        Tf = 940.192
DiffEv reached_goal. cost=2.62162e-03 spread=2.18894e-06
Fitted parameter values
Free:
       pc1 = 3.33438
       pc2 = 0.552677
       pc3 = -1.98012
       pc4 = 3.73295
       pc5 = 1.60902
       pc6 = 1.60179
       pc7 = -1.3003
       pc8 = 1.1241
       pc9 = 0.405441
      pc10 = -0.0441625
      pc11 = -0.344748
      pc12 = -0.013156
      pc13 = -0.208489
      pc14 = 0.101457
Constrained:
     Tecnw = 43805.6
       Tnw = 20.0778
       Tec = 33.9824
     twoNb = 2.42508e+06
     twoNe = 932492
     twoNc = 23890.1
     twoNw = 715082
    twoNec = 79693.9
    twoNnw = 154606
  twoNecnw = 23061.6
  twoNbecnw = 54432.8
        m2 = 0.0344521
        m5 = 0.373709
        m6 = 0.268553
        Tb = 21919.8
        Te = 16.9912
        Tf = 8.49561
#       SitePat  BranchLen
              b 121742.2640753
              e 45548.9231292
              c 47581.4755445
              n 44995.1106338
              w 44994.8169742
            b:e 1422.4264629
            b:c 1596.7486515
            b:n 1143.2667178
            b:w 1143.2562771
            e:c 12038.2188575
            e:n 4712.7126886
            e:w 4712.7537818
            c:n 4105.0064735
            c:w 4105.2064779
            n:w 12214.2695681
          b:e:c 1367.6926950
          b:e:n 607.6379555
          b:e:w 607.6331562
          b:c:n 607.7710804
          b:c:w 607.7758695
          b:n:w 1358.9531795
          e:c:n 4266.6710273
          e:c:w 4266.7235894
          e:n:w 6113.9818418
          c:n:w 5290.2926044
        b:e:c:n 1145.0370421
        b:e:c:w 1145.0474931
        b:e:n:w 1562.9565930
        b:c:n:w 1394.7489075
        e:c:n:w 47934.7998429
