########################################
# legofit: estimate population history #
#       version 2.3.4-4-g53f8760       #
########################################

# Program was compiled: Sep 21 2021 14:36:42
# Program was run: Sun Oct 10 10:54:00 2021

# cmd: legofit -1 -d 0 -t 32 --ptsPerDim 3 --stateOut b1boot8.state --tol 3e-6 -S 5000 bef2.lgo ../../chrX/boot_chrX/boot8.opf
# Stage nOptItr nSimReps
#     0    5000        0
# algorithm          : deterministic
# ignoring probs <=  : 0
# Branch length floor: 0
# DE strategy        : 2
#    F               : 0.3
#    CR              : 0.8
#    tolerance       : 3e-06
# nthreads           : 32
# lgo input file     : bef2.lgo
# site pat input file: ../../chrX/boot_chrX/boot8.opf
# free parameters    : 14
# points in DE swarm : 42
# output state file  : b1boot8.state
# Including singleton site patterns.
# cost function      : KL
Initial parameter values
Fixed:
      zero = 0
       one = 1
    Tbecnw = 75200
Free:
       pc1 = 0
       pc2 = 0
       pc3 = 0
       pc4 = 0
       pc5 = 0
       pc6 = 0
       pc7 = 0
       pc8 = 0
       pc9 = 0
      pc10 = 0
      pc11 = 0
      pc12 = 0
      pc13 = 0
      pc14 = 0
Constrained:
     Tecnw = 43998.4
       Tnw = 2182.19
       Tec = 3760.77
     twoNb = 1.13513e+06
     twoNe = 214965
     twoNc = 143347
     twoNw = 1.28585e+06
    twoNec = 68432.6
    twoNnw = 136356
  twoNecnw = 23281.7
  twoNbecnw = 54923.2
        m2 = 0.028092
        m5 = 0.380986
        m6 = 0.281117
        Tb = 23879.6
        Te = 1880.38
        Tf = 940.192
DiffEv reached_goal. cost=2.54996e-03 spread=2.95452e-06
Fitted parameter values
Free:
       pc1 = 3.02725
       pc2 = 3.08288
       pc3 = -1.83949
       pc4 = 2.98456
       pc5 = 1.33265
       pc6 = 1.60026
       pc7 = 1.19326
       pc8 = 0.708042
       pc9 = -0.826502
      pc10 = 0.0590833
      pc11 = -0.132898
      pc12 = -0.199034
      pc13 = 0.019913
      pc14 = 0.0488757
Constrained:
     Tecnw = 44936.3
       Tnw = 55.4851
       Tec = 91.8064
     twoNb = 2.66081e+06
     twoNe = 524566
     twoNc = 113239
     twoNw = 740171
    twoNec = 80203.5
    twoNnw = 152093
  twoNecnw = 22683.5
  twoNbecnw = 57425.3
        m2 = 0.0330195
        m5 = 0.3803
        m6 = 0.274034
        Tb = 22514.1
        Te = 45.9032
        Tf = 22.9516
#       SitePat  BranchLen
              b 124177.8237147
              e 46226.7899590
              c 48373.5002732
              n 45467.8949215
              w 45467.0496166
            b:e 1514.8913146
            b:c 1705.5747846
            b:n 1223.2284434
            b:w 1223.1966149
            e:c 12247.9215034
            e:n 4846.2319593
            e:w 4846.3687135
            c:n 4207.9692183
            c:w 4208.5249660
            n:w 12583.6250883
          b:e:c 1473.7793287
          b:e:n 652.5205544
          b:e:w 652.5071767
          b:c:n 652.6362898
          b:c:w 652.6496407
          b:n:w 1465.9411151
          e:c:n 4344.2170743
          e:c:w 4344.3698772
          e:n:w 6315.9745367
          c:n:w 5439.6019644
        b:e:c:n 1224.8314219
        b:e:c:w 1224.8632772
        b:e:n:w 1675.7670323
        b:c:n:w 1490.5941095
        e:c:n:w 49419.7710892
