########################################
# legofit: estimate population history #
#       version 2.3.4-4-g53f8760       #
########################################

# Program was compiled: Sep 21 2021 14:36:42
# Program was run: Sun Oct 10 10:54:26 2021

# cmd: legofit -1 -d 0 -t 32 --ptsPerDim 3 --stateOut b1boot31.state --tol 3e-6 -S 5000 bef2.lgo ../../chrX/boot_chrX/boot31.opf
# Stage nOptItr nSimReps
#     0    5000        0
# algorithm          : deterministic
# ignoring probs <=  : 0
# Branch length floor: 0
# DE strategy        : 2
#    F               : 0.3
#    CR              : 0.8
#    tolerance       : 3e-06
# nthreads           : 32
# lgo input file     : bef2.lgo
# site pat input file: ../../chrX/boot_chrX/boot31.opf
# free parameters    : 14
# points in DE swarm : 42
# output state file  : b1boot31.state
# Including singleton site patterns.
# cost function      : KL
Initial parameter values
Fixed:
      zero = 0
       one = 1
    Tbecnw = 75200
Free:
       pc1 = 0
       pc2 = 0
       pc3 = 0
       pc4 = 0
       pc5 = 0
       pc6 = 0
       pc7 = 0
       pc8 = 0
       pc9 = 0
      pc10 = 0
      pc11 = 0
      pc12 = 0
      pc13 = 0
      pc14 = 0
Constrained:
     Tecnw = 43998.4
       Tnw = 2182.19
       Tec = 3760.77
     twoNb = 1.13513e+06
     twoNe = 214965
     twoNc = 143347
     twoNw = 1.28585e+06
    twoNec = 68432.6
    twoNnw = 136356
  twoNecnw = 23281.7
  twoNbecnw = 54923.2
        m2 = 0.028092
        m5 = 0.380986
        m6 = 0.281117
        Tb = 23879.6
        Te = 1880.38
        Tf = 940.192
DiffEv reached_goal. cost=2.57455e-03 spread=2.48339e-06
Fitted parameter values
Free:
       pc1 = 3.60031
       pc2 = -0.0891648
       pc3 = -1.96506
       pc4 = 3.47831
       pc5 = 1.63588
       pc6 = 1.85395
       pc7 = -0.850292
       pc8 = 1.63883
       pc9 = -0.660835
      pc10 = 0.125355
      pc11 = -0.634253
      pc12 = 0.136293
      pc13 = -0.166259
      pc14 = 0.00773459
Constrained:
     Tecnw = 43130.9
       Tnw = 32.2355
       Tec = 60.2254
     twoNb = 2.47462e+06
     twoNe = 874015
     twoNc = 48078.5
     twoNw = 530433
    twoNec = 80231.7
    twoNnw = 158085
  twoNecnw = 23487.2
  twoNbecnw = 54936.8
        m2 = 0.031954
        m5 = 0.377446
        m6 = 0.266422
        Tb = 21595.5
        Te = 30.1127
        Tf = 15.0564
#       SitePat  BranchLen
              b 122216.8355977
              e 45318.6152047
              c 47391.2567455
              n 44948.0253246
              w 44947.5270010
            b:e 1412.1144455
            b:c 1589.0269733
            b:n 1160.2466052
            b:w 1160.2285693
            e:c 11901.8745946
            e:n 4754.5490703
            e:w 4754.5454944
            c:n 4133.0640440
            c:w 4133.4745126
            n:w 12009.6898025
          b:e:c 1359.5995851
          b:e:n 618.5071149
          b:e:w 618.4944397
          b:c:n 618.6297394
          b:c:w 618.6423988
          b:n:w 1351.6960143
          e:c:n 4355.6540022
          e:c:w 4355.7454332
          e:n:w 6111.1938304
          c:n:w 5274.8869475
        b:e:c:n 1161.8811144
        b:e:c:w 1161.8991662
        b:e:n:w 1557.6116469
        b:c:n:w 1386.6498857
        e:c:n:w 48549.7781540
