########################################
# legofit: estimate population history #
#       version 2.3.4-4-g53f8760       #
########################################

# Program was compiled: Sep 21 2021 14:36:42
# Program was run: Sun Oct 10 10:54:32 2021

# cmd: legofit -1 -d 0 -t 32 --ptsPerDim 3 --stateOut b1boot37.state --tol 3e-6 -S 5000 bef2.lgo ../../chrX/boot_chrX/boot37.opf
# Stage nOptItr nSimReps
#     0    5000        0
# algorithm          : deterministic
# ignoring probs <=  : 0
# Branch length floor: 0
# DE strategy        : 2
#    F               : 0.3
#    CR              : 0.8
#    tolerance       : 3e-06
# nthreads           : 32
# lgo input file     : bef2.lgo
# site pat input file: ../../chrX/boot_chrX/boot37.opf
# free parameters    : 14
# points in DE swarm : 42
# output state file  : b1boot37.state
# Including singleton site patterns.
# cost function      : KL
Initial parameter values
Fixed:
      zero = 0
       one = 1
    Tbecnw = 75200
Free:
       pc1 = 0
       pc2 = 0
       pc3 = 0
       pc4 = 0
       pc5 = 0
       pc6 = 0
       pc7 = 0
       pc8 = 0
       pc9 = 0
      pc10 = 0
      pc11 = 0
      pc12 = 0
      pc13 = 0
      pc14 = 0
Constrained:
     Tecnw = 43998.4
       Tnw = 2182.19
       Tec = 3760.77
     twoNb = 1.13513e+06
     twoNe = 214965
     twoNc = 143347
     twoNw = 1.28585e+06
    twoNec = 68432.6
    twoNnw = 136356
  twoNecnw = 23281.7
  twoNbecnw = 54923.2
        m2 = 0.028092
        m5 = 0.380986
        m6 = 0.281117
        Tb = 23879.6
        Te = 1880.38
        Tf = 940.192
DiffEv reached_goal. cost=2.46134e-03 spread=2.85921e-06
Fitted parameter values
Free:
       pc1 = 3.91117
       pc2 = -0.086691
       pc3 = -1.99415
       pc4 = 2.52708
       pc5 = 1.08999
       pc6 = 0.725993
       pc7 = -0.689299
       pc8 = 0.896102
       pc9 = -0.722621
      pc10 = -0.349689
      pc11 = -0.78264
      pc12 = -0.179741
      pc13 = -0.158579
      pc14 = 0.146955
Constrained:
     Tecnw = 43285.4
       Tnw = 21.2824
       Tec = 24.227
     twoNb = 2.1482e+06
     twoNe = 682354
     twoNc = 28064
     twoNw = 1.09525e+06
    twoNec = 82191.1
    twoNnw = 157574
  twoNecnw = 23704.4
  twoNbecnw = 55237.1
        m2 = 0.0312607
        m5 = 0.368041
        m6 = 0.271124
        Tb = 21654.8
        Te = 12.1135
        Tf = 6.05675
#       SitePat  BranchLen
              b 122338.5159123
              e 45710.1514425
              c 47536.1743124
              n 45121.2260681
              w 45120.8866224
            b:e 1454.4914377
            b:c 1611.8520124
            b:n 1185.9559236
            b:w 1185.9434615
            e:c 11950.4383296
            e:n 4748.6698906
            e:w 4748.7890457
            c:n 4201.3558120
            c:w 4201.5151864
            n:w 12140.7134601
          b:e:c 1391.8065174
          b:e:n 633.2427957
          b:e:w 633.2415370
          b:c:n 633.3773023
          b:c:w 633.3785481
          b:n:w 1382.8915660
          e:c:n 4390.1731874
          e:c:w 4390.2341036
          e:n:w 6113.8153909
          c:n:w 5376.2555503
        b:e:c:n 1187.8496671
        b:e:c:w 1187.8621422
        b:e:n:w 1576.7460571
        b:c:n:w 1425.2388732
        e:c:n:w 48344.8822090
