########################################
# legofit: estimate population history #
#       version 2.3.4-4-g53f8760       #
########################################

# Program was compiled: Sep 21 2021 14:36:42
# Program was run: Sun Oct 10 10:54:37 2021

# cmd: legofit -1 -d 0 -t 32 --ptsPerDim 3 --stateOut b1boot44.state --tol 3e-6 -S 5000 bef2.lgo ../../chrX/boot_chrX/boot44.opf
# Stage nOptItr nSimReps
#     0    5000        0
# algorithm          : deterministic
# ignoring probs <=  : 0
# Branch length floor: 0
# DE strategy        : 2
#    F               : 0.3
#    CR              : 0.8
#    tolerance       : 3e-06
# nthreads           : 32
# lgo input file     : bef2.lgo
# site pat input file: ../../chrX/boot_chrX/boot44.opf
# free parameters    : 14
# points in DE swarm : 42
# output state file  : b1boot44.state
# Including singleton site patterns.
# cost function      : KL
Initial parameter values
Fixed:
      zero = 0
       one = 1
    Tbecnw = 75200
Free:
       pc1 = 0
       pc2 = 0
       pc3 = 0
       pc4 = 0
       pc5 = 0
       pc6 = 0
       pc7 = 0
       pc8 = 0
       pc9 = 0
      pc10 = 0
      pc11 = 0
      pc12 = 0
      pc13 = 0
      pc14 = 0
Constrained:
     Tecnw = 43998.4
       Tnw = 2182.19
       Tec = 3760.77
     twoNb = 1.13513e+06
     twoNe = 214965
     twoNc = 143347
     twoNw = 1.28585e+06
    twoNec = 68432.6
    twoNnw = 136356
  twoNecnw = 23281.7
  twoNbecnw = 54923.2
        m2 = 0.028092
        m5 = 0.380986
        m6 = 0.281117
        Tb = 23879.6
        Te = 1880.38
        Tf = 940.192
DiffEv reached_goal. cost=2.52833e-03 spread=2.83202e-06
Fitted parameter values
Free:
       pc1 = 2.69549
       pc2 = 1.82165
       pc3 = -1.97008
       pc4 = 3.4942
       pc5 = 1.66969
       pc6 = 1.04428
       pc7 = -0.35478
       pc8 = 1.05593
       pc9 = 0.198163
      pc10 = -0.0690337
      pc11 = -0.425538
      pc12 = 0.135841
      pc13 = 0.268649
      pc14 = -0.0215132
Constrained:
     Tecnw = 44239.3
       Tnw = 84.768
       Tec = 111.081
     twoNb = 2.59154e+06
     twoNe = 760993
     twoNc = 15956.9
     twoNw = 901675
    twoNec = 78315.7
    twoNnw = 149380
  twoNecnw = 22727
  twoNbecnw = 55523.4
        m2 = 0.0336962
        m5 = 0.379878
        m6 = 0.276699
        Tb = 22175.2
        Te = 55.5404
        Tf = 27.7702
#       SitePat  BranchLen
              b 122750.4352150
              e 45563.7132803
              c 47624.5428583
              n 44786.2993024
              w 44784.8351574
            b:e 1439.8628953
            b:c 1617.2167514
            b:n 1149.4423889
            b:w 1149.3898600
            e:c 12075.9925136
            e:n 4761.6250861
            e:w 4762.0767217
            c:n 4148.9099542
            c:w 4149.6614546
            n:w 12394.2453238
          b:e:c 1389.3750191
          b:e:n 612.9968783
          b:e:w 612.9877260
          b:c:n 613.1119088
          b:c:w 613.1210135
          b:n:w 1381.3333203
          e:c:n 4248.5694152
          e:c:w 4248.8304242
          e:n:w 6197.3960137
          c:n:w 5355.9140216
        b:e:c:n 1151.0064270
        b:e:c:w 1151.0590034
        b:e:n:w 1586.4607245
        b:c:n:w 1414.6413637
        e:c:n:w 48830.4883669
