########################################
# legofit: estimate population history #
#       version 2.3.4-4-g53f8760       #
########################################

# Program was compiled: Sep 21 2021 14:36:42
# Program was run: Sun Oct 10 10:54:00 2021

# cmd: legofit -1 -d 0 -t 32 --ptsPerDim 3 --stateOut b1boot6.state --tol 3e-6 -S 5000 bef2.lgo ../../chrX/boot_chrX/boot6.opf
# Stage nOptItr nSimReps
#     0    5000        0
# algorithm          : deterministic
# ignoring probs <=  : 0
# Branch length floor: 0
# DE strategy        : 2
#    F               : 0.3
#    CR              : 0.8
#    tolerance       : 3e-06
# nthreads           : 32
# lgo input file     : bef2.lgo
# site pat input file: ../../chrX/boot_chrX/boot6.opf
# free parameters    : 14
# points in DE swarm : 42
# output state file  : b1boot6.state
# Including singleton site patterns.
# cost function      : KL
Initial parameter values
Fixed:
      zero = 0
       one = 1
    Tbecnw = 75200
Free:
       pc1 = 0
       pc2 = 0
       pc3 = 0
       pc4 = 0
       pc5 = 0
       pc6 = 0
       pc7 = 0
       pc8 = 0
       pc9 = 0
      pc10 = 0
      pc11 = 0
      pc12 = 0
      pc13 = 0
      pc14 = 0
Constrained:
     Tecnw = 43998.4
       Tnw = 2182.19
       Tec = 3760.77
     twoNb = 1.13513e+06
     twoNe = 214965
     twoNc = 143347
     twoNw = 1.28585e+06
    twoNec = 68432.6
    twoNnw = 136356
  twoNecnw = 23281.7
  twoNbecnw = 54923.2
        m2 = 0.028092
        m5 = 0.380986
        m6 = 0.281117
        Tb = 23879.6
        Te = 1880.38
        Tf = 940.192
DiffEv reached_goal. cost=2.34525e-03 spread=2.69681e-06
Fitted parameter values
Free:
       pc1 = 3.69069
       pc2 = -0.619217
       pc3 = -1.91758
       pc4 = 2.4727
       pc5 = 0.417557
       pc6 = 1.79825
       pc7 = -1.37615
       pc8 = 0.481481
       pc9 = -0.377564
      pc10 = 0.0929934
      pc11 = -0.683895
      pc12 = 0.393735
      pc13 = 0.00523588
      pc14 = 0.125979
Constrained:
     Tecnw = 42766.8
       Tnw = 31.0626
       Tec = 40.4797
     twoNb = 1.864e+06
     twoNe = 806841
     twoNc = 138285
     twoNw = 851329
    twoNec = 82934.1
    twoNnw = 154717
  twoNecnw = 23558.2
  twoNbecnw = 54656.1
        m2 = 0.0336041
        m5 = 0.368027
        m6 = 0.268554
        Tb = 21403.6
        Te = 20.2398
        Tf = 10.1199
#       SitePat  BranchLen
              b 122001.2453374
              e 45346.3181288
              c 47219.7951979
              n 44552.3238565
              w 44551.7719358
            b:e 1432.2497213
            b:c 1594.0439160
            b:n 1133.8867446
            b:w 1133.8670729
            e:c 11705.4523260
            e:n 4705.4009739
            e:w 4705.5717724
            c:n 4146.5954500
            c:w 4146.8774841
            n:w 12042.5625043
          b:e:c 1339.9823973
          b:e:n 609.2078241
          b:e:w 609.2044489
          b:c:n 609.3703332
          b:c:w 609.3736831
          b:n:w 1329.1235648
          e:c:n 4306.6573019
          e:c:w 4306.7563901
          e:n:w 6135.7108878
          c:n:w 5371.9660508
        b:e:c:n 1136.1405747
        b:e:c:w 1136.1602717
        b:e:n:w 1550.2253102
        b:c:n:w 1395.8669523
        e:c:n:w 48594.9098234
