########################################
# legofit: estimate population history #
#       version 2.3.4-4-g53f8760       #
########################################

# Program was compiled: Sep 21 2021 14:36:42
# Program was run: Sat Oct  9 11:08:57 2021

# cmd: legofit -1 -d 0 -t 32 --ptsPerDim 3 --stateOut b1boot46.state --tol 3e-6 -S 5000 ade2.lgo ../../boot/boot46.opf
# Stage nOptItr nSimReps
#     0    5000        0
# algorithm          : deterministic
# ignoring probs <=  : 0
# Branch length floor: 0
# DE strategy        : 2
#    F               : 0.3
#    CR              : 0.8
#    tolerance       : 3e-06
# nthreads           : 32
# lgo input file     : ade2.lgo
# site pat input file: ../../boot/boot46.opf
# free parameters    : 16
# points in DE swarm : 48
# output state file  : b1boot46.state
# Including singleton site patterns.
# cost function      : KL
Initial parameter values
Fixed:
      zero = 0
       one = 1
    Tbecnw = 75200
Free:
       pc1 = 0
       pc2 = 0
       pc3 = 0
       pc4 = 0
       pc5 = 0
       pc6 = 0
       pc7 = 0
       pc8 = 0
       pc9 = 0
      pc10 = 0
      pc11 = 0
      pc12 = 0
      pc13 = 0
      pc14 = 0
      pc15 = 0
      pc16 = 0
Constrained:
   Tgbecnw = 94142.7
     Tecnw = 24338.5
       Tnw = 18586.5
       Tec = 9826.45
     twoNb = 2.64007e+06
     twoNe = 1.22413e+06
     twoNc = 339516
     twoNw = 4.07186e+06
    twoNec = 143941
    twoNnw = 28197.9
  twoNecnw = 78600.4
  twoNbecnw = 8004.95
  twoNgbecnw = 281979
         m = 0.120604
        m4 = 0.0189289
        m5 = 0.108799
        Ta = 37600
        Td = 4913.23
        Te = 2456.61
DiffEv reached_goal. cost=1.81333e-03 spread=2.83131e-06
Fitted parameter values
Free:
       pc1 = -0.964531
       pc2 = 1.96125
       pc3 = 0.709181
       pc4 = 0.989277
       pc5 = 1.80332
       pc6 = -1.93844
       pc7 = -0.0575782
       pc8 = 1.19243
       pc9 = -1.59643
      pc10 = -0.36076
      pc11 = -0.0546475
      pc12 = -0.110867
      pc13 = -0.176444
      pc14 = -0.00822779
      pc15 = 0.00210948
      pc16 = -0.0291402
Constrained:
   Tgbecnw = 83287.5
     Tecnw = 23500.5
       Tnw = 19199.8
       Tec = 3510.7
     twoNb = 4.27787e+06
     twoNe = 1.6496e+06
     twoNc = 521474
     twoNw = 4.98144e+06
    twoNec = 209398
    twoNnw = 20613
  twoNecnw = 78076.8
  twoNbecnw = 3503.09
  twoNgbecnw = 288770
         m = 0.117178
        m4 = 0.0181226
        m5 = 0.108745
        Ta = 37600
        Td = 1755.35
        Te = 877.675
#       SitePat  BranchLen
              b 125330.1714231
              e 48652.1222985
              c 51054.4762369
              n 46007.4556112
              w 45990.9086658
            b:e 2097.9873076
            b:c 2461.7382553
            b:n 1782.5146369
            b:w 1781.3490322
            e:c 10513.9300678
            e:n 5472.2838216
            e:w 5488.8307670
            c:n 4968.2133744
            c:w 4964.4188988
            n:w 12663.1145013
          b:e:c 2096.2810660
          b:e:n 1137.0817566
          b:e:w 1138.2473613
          b:c:n 1148.1646459
          b:c:w 1146.8858182
          b:n:w 2054.7440960
          e:c:n 4536.1553763
          e:c:w 4539.9498519
          e:n:w 6543.9143759
          c:n:w 5556.0494982
        b:e:c:n 2055.0317227
        b:e:c:w 2056.3105505
        b:e:n:w 3172.8821927
        b:c:n:w 2403.4029067
        e:c:n:w 52361.7845020
