########################################
# legofit: estimate population history #
#       version 2.3.4-4-g53f8760       #
########################################

# Program was compiled: Sep 21 2021 14:36:42
# Program was run: Sat Oct  9 11:08:57 2021

# cmd: legofit -1 -d 0 -t 32 --ptsPerDim 3 --stateOut b1boot49.state --tol 3e-6 -S 5000 ade2.lgo ../../boot/boot49.opf
# Stage nOptItr nSimReps
#     0    5000        0
# algorithm          : deterministic
# ignoring probs <=  : 0
# Branch length floor: 0
# DE strategy        : 2
#    F               : 0.3
#    CR              : 0.8
#    tolerance       : 3e-06
# nthreads           : 32
# lgo input file     : ade2.lgo
# site pat input file: ../../boot/boot49.opf
# free parameters    : 16
# points in DE swarm : 48
# output state file  : b1boot49.state
# Including singleton site patterns.
# cost function      : KL
Initial parameter values
Fixed:
      zero = 0
       one = 1
    Tbecnw = 75200
Free:
       pc1 = 0
       pc2 = 0
       pc3 = 0
       pc4 = 0
       pc5 = 0
       pc6 = 0
       pc7 = 0
       pc8 = 0
       pc9 = 0
      pc10 = 0
      pc11 = 0
      pc12 = 0
      pc13 = 0
      pc14 = 0
      pc15 = 0
      pc16 = 0
Constrained:
   Tgbecnw = 94142.7
     Tecnw = 24338.5
       Tnw = 18586.5
       Tec = 9826.45
     twoNb = 2.64007e+06
     twoNe = 1.22413e+06
     twoNc = 339516
     twoNw = 4.07186e+06
    twoNec = 143941
    twoNnw = 28197.9
  twoNecnw = 78600.4
  twoNbecnw = 8004.95
  twoNgbecnw = 281979
         m = 0.120604
        m4 = 0.0189289
        m5 = 0.108799
        Ta = 37600
        Td = 4913.23
        Te = 2456.61
DiffEv reached_goal. cost=1.89856e-03 spread=2.56729e-06
Fitted parameter values
Free:
       pc1 = -1.43476
       pc2 = 1.98311
       pc3 = -1.19225
       pc4 = 0.845501
       pc5 = 1.81146
       pc6 = -1.95599
       pc7 = 0.472547
       pc8 = 1.54251
       pc9 = -1.61181
      pc10 = -0.385884
      pc11 = 0.121143
      pc12 = -0.18081
      pc13 = -0.108871
      pc14 = -0.0148086
      pc15 = 0.00917497
      pc16 = -0.00377438
Constrained:
   Tgbecnw = 83542.8
     Tecnw = 23649.7
       Tnw = 18904.6
       Tec = 3469.16
     twoNb = 3.1449e+06
     twoNe = 80208.4
     twoNc = 240564
     twoNw = 6.27721e+06
    twoNec = 209022
    twoNnw = 22919.3
  twoNecnw = 77637.4
  twoNbecnw = 3562.35
  twoNgbecnw = 297103
         m = 0.11198
        m4 = 0.0174451
        m5 = 0.113954
        Ta = 37600
        Td = 1734.58
        Te = 867.289
#       SitePat  BranchLen
              b 124891.2417454
              e 48597.8931110
              c 51010.8502932
              n 46033.4536017
              w 46019.8421242
            b:e 2086.1693961
            b:c 2449.3877742
            b:n 1780.6696207
            b:w 1779.7161417
            e:c 10489.8403345
            e:n 5477.0619986
            e:w 5490.6734761
            c:n 4957.8575299
            c:w 4954.7538372
            n:w 12603.0691252
          b:e:c 2085.5947075
          b:e:n 1135.4171677
          b:e:w 1136.3706467
          b:c:n 1146.6547647
          b:c:w 1145.6085813
          b:n:w 2044.5904106
          e:c:n 4534.3674168
          e:c:w 4537.4711095
          e:n:w 6515.6957368
          c:n:w 5521.4977743
        b:e:c:n 2052.9559752
        b:e:c:w 2054.0021586
        b:e:n:w 3137.5513511
        b:c:n:w 2390.2221129
        e:c:n:w 51985.0881843
