########################################
# legofit: estimate population history #
#       version 2.3.4-4-g53f8760       #
########################################

# Program was compiled: Sep 21 2021 14:36:42
# Program was run: Sat Oct  9 11:08:25 2021

# cmd: legofit -1 -d 0 -t 32 --ptsPerDim 3 --stateOut b1boot28.state --tol 3e-6 -S 5000 ade2.lgo ../../boot/boot28.opf
# Stage nOptItr nSimReps
#     0    5000        0
# algorithm          : deterministic
# ignoring probs <=  : 0
# Branch length floor: 0
# DE strategy        : 2
#    F               : 0.3
#    CR              : 0.8
#    tolerance       : 3e-06
# nthreads           : 32
# lgo input file     : ade2.lgo
# site pat input file: ../../boot/boot28.opf
# free parameters    : 16
# points in DE swarm : 48
# output state file  : b1boot28.state
# Including singleton site patterns.
# cost function      : KL
Initial parameter values
Fixed:
      zero = 0
       one = 1
    Tbecnw = 75200
Free:
       pc1 = 0
       pc2 = 0
       pc3 = 0
       pc4 = 0
       pc5 = 0
       pc6 = 0
       pc7 = 0
       pc8 = 0
       pc9 = 0
      pc10 = 0
      pc11 = 0
      pc12 = 0
      pc13 = 0
      pc14 = 0
      pc15 = 0
      pc16 = 0
Constrained:
   Tgbecnw = 94142.7
     Tecnw = 24338.5
       Tnw = 18586.5
       Tec = 9826.45
     twoNb = 2.64007e+06
     twoNe = 1.22413e+06
     twoNc = 339516
     twoNw = 4.07186e+06
    twoNec = 143941
    twoNnw = 28197.9
  twoNecnw = 78600.4
  twoNbecnw = 8004.95
  twoNgbecnw = 281979
         m = 0.120604
        m4 = 0.0189289
        m5 = 0.108799
        Ta = 37600
        Td = 4913.23
        Te = 2456.61
DiffEv reached_goal. cost=1.86999e-03 spread=2.94111e-06
Fitted parameter values
Free:
       pc1 = -1.86408
       pc2 = 1.90431
       pc3 = -1.07628
       pc4 = 0.683053
       pc5 = 1.87547
       pc6 = -1.94404
       pc7 = 0.159266
       pc8 = 0.687745
       pc9 = -1.25512
      pc10 = -0.350037
      pc11 = -0.40263
      pc12 = -0.20148
      pc13 = -0.0464899
      pc14 = 0.0312385
      pc15 = 0.0171445
      pc16 = 0.00660982
Constrained:
   Tgbecnw = 83710
     Tecnw = 23807
       Tnw = 18129.8
       Tec = 3506.84
     twoNb = 2.99495e+06
     twoNe = 754684
     twoNc = 458024
     twoNw = 6.56126e+06
    twoNec = 211959
    twoNnw = 27514.7
  twoNecnw = 77177.9
  twoNbecnw = 3644.47
  twoNgbecnw = 297296
         m = 0.110801
        m4 = 0.0179299
        m5 = 0.115866
        Ta = 37600
        Td = 1753.42
        Te = 876.71
#       SitePat  BranchLen
              b 124768.0013330
              e 48664.4424686
              c 51134.8862513
              n 46027.0345892
              w 46014.2473578
            b:e 2101.1078701
            b:c 2474.3411245
            b:n 1793.5209985
            b:w 1792.6267870
            e:c 10446.1176981
            e:n 5497.8496505
            e:w 5510.6368819
            c:n 4962.2725045
            c:w 4959.3800605
            n:w 12647.5205328
          b:e:c 2095.9957862
          b:e:n 1145.3183893
          b:e:w 1146.2126008
          b:c:n 1156.8343377
          b:c:w 1155.8534254
          b:n:w 2054.4939869
          e:c:n 4543.7876374
          e:c:w 4546.6800814
          e:n:w 6545.6081036
          c:n:w 5531.0495035
        b:e:c:n 2066.9485390
        b:e:c:w 2067.9294513
        b:e:n:w 3169.8378456
        b:c:n:w 2406.3963853
        e:c:n:w 51846.9460743
