########################################
# legofit: estimate population history #
#       version 2.3.4-4-g53f8760       #
########################################

# Program was compiled: Sep 21 2021 14:36:42
# Program was run: Sat Oct  9 11:08:15 2021

# cmd: legofit -1 -d 0 -t 32 --ptsPerDim 3 --stateOut b1boot18.state --tol 3e-6 -S 5000 ade2.lgo ../../boot/boot18.opf
# Stage nOptItr nSimReps
#     0    5000        0
# algorithm          : deterministic
# ignoring probs <=  : 0
# Branch length floor: 0
# DE strategy        : 2
#    F               : 0.3
#    CR              : 0.8
#    tolerance       : 3e-06
# nthreads           : 32
# lgo input file     : ade2.lgo
# site pat input file: ../../boot/boot18.opf
# free parameters    : 16
# points in DE swarm : 48
# output state file  : b1boot18.state
# Including singleton site patterns.
# cost function      : KL
Initial parameter values
Fixed:
      zero = 0
       one = 1
    Tbecnw = 75200
Free:
       pc1 = 0
       pc2 = 0
       pc3 = 0
       pc4 = 0
       pc5 = 0
       pc6 = 0
       pc7 = 0
       pc8 = 0
       pc9 = 0
      pc10 = 0
      pc11 = 0
      pc12 = 0
      pc13 = 0
      pc14 = 0
      pc15 = 0
      pc16 = 0
Constrained:
   Tgbecnw = 94142.7
     Tecnw = 24338.5
       Tnw = 18586.5
       Tec = 9826.45
     twoNb = 2.64007e+06
     twoNe = 1.22413e+06
     twoNc = 339516
     twoNw = 4.07186e+06
    twoNec = 143941
    twoNnw = 28197.9
  twoNecnw = 78600.4
  twoNbecnw = 8004.95
  twoNgbecnw = 281979
         m = 0.120604
        m4 = 0.0189289
        m5 = 0.108799
        Ta = 37600
        Td = 4913.23
        Te = 2456.61
DiffEv reached_goal. cost=1.89633e-03 spread=2.85068e-06
Fitted parameter values
Free:
       pc1 = -1.24113
       pc2 = 1.84333
       pc3 = 0.854006
       pc4 = 1.1251
       pc5 = 1.29497
       pc6 = -1.97212
       pc7 = 0.90372
       pc8 = 1.06621
       pc9 = -1.85419
      pc10 = -0.657919
      pc11 = 0.376219
      pc12 = -0.00319991
      pc13 = 0.0223138
      pc14 = 0.0838674
      pc15 = 0.000968104
      pc16 = -0.00543863
Constrained:
   Tgbecnw = 83306.4
     Tecnw = 23541.3
       Tnw = 18972.9
       Tec = 2389.25
     twoNb = 3.54381e+06
     twoNe = 1.81681e+06
     twoNc = 320952
     twoNw = 5.66426e+06
    twoNec = 226596
    twoNnw = 21994.7
  twoNecnw = 78605.8
  twoNbecnw = 3496.31
  twoNgbecnw = 288719
         m = 0.117044
        m4 = 0.018111
        m5 = 0.103345
        Ta = 37600
        Td = 1194.63
        Te = 597.313
#       SitePat  BranchLen
              b 125081.5335966
              e 48808.6228994
              c 51132.7903498
              n 46111.8543719
              w 46097.8659450
            b:e 2093.5576806
            b:c 2450.5439750
            b:n 1773.9032045
            b:w 1772.9298140
            e:c 10510.8922767
            e:n 5459.6297352
            e:w 5473.6181621
            c:n 4971.2892774
            c:w 4968.1162027
            n:w 12678.6229131
          b:e:c 2086.2343036
          b:e:n 1134.1661273
          b:e:w 1135.1395178
          b:c:n 1144.9138310
          b:c:w 1143.8448597
          b:n:w 2044.0890063
          e:c:n 4508.4836735
          e:c:w 4511.6567482
          e:n:w 6493.4274408
          c:n:w 5543.0235242
        b:e:c:n 2048.7094529
        b:e:c:w 2049.7784242
        b:e:n:w 3158.1645863
        b:c:n:w 2401.8038844
        e:c:n:w 52047.2314809
