########################################
# legofit: estimate population history #
#       version 2.3.4-4-g53f8760       #
########################################

# Program was compiled: Sep 21 2021 14:36:42
# Program was run: Sat Oct  9 11:08:05 2021

# cmd: legofit -1 -d 0 -t 32 --ptsPerDim 3 --stateOut b1boot15.state --tol 3e-6 -S 5000 ade2.lgo ../../boot/boot15.opf
# Stage nOptItr nSimReps
#     0    5000        0
# algorithm          : deterministic
# ignoring probs <=  : 0
# Branch length floor: 0
# DE strategy        : 2
#    F               : 0.3
#    CR              : 0.8
#    tolerance       : 3e-06
# nthreads           : 32
# lgo input file     : ade2.lgo
# site pat input file: ../../boot/boot15.opf
# free parameters    : 16
# points in DE swarm : 48
# output state file  : b1boot15.state
# Including singleton site patterns.
# cost function      : KL
Initial parameter values
Fixed:
      zero = 0
       one = 1
    Tbecnw = 75200
Free:
       pc1 = 0
       pc2 = 0
       pc3 = 0
       pc4 = 0
       pc5 = 0
       pc6 = 0
       pc7 = 0
       pc8 = 0
       pc9 = 0
      pc10 = 0
      pc11 = 0
      pc12 = 0
      pc13 = 0
      pc14 = 0
      pc15 = 0
      pc16 = 0
Constrained:
   Tgbecnw = 94142.7
     Tecnw = 24338.5
       Tnw = 18586.5
       Tec = 9826.45
     twoNb = 2.64007e+06
     twoNe = 1.22413e+06
     twoNc = 339516
     twoNw = 4.07186e+06
    twoNec = 143941
    twoNnw = 28197.9
  twoNecnw = 78600.4
  twoNbecnw = 8004.95
  twoNgbecnw = 281979
         m = 0.120604
        m4 = 0.0189289
        m5 = 0.108799
        Ta = 37600
        Td = 4913.23
        Te = 2456.61
DiffEv reached_goal. cost=1.87644e-03 spread=2.88015e-06
Fitted parameter values
Free:
       pc1 = -0.478095
       pc2 = 1.97926
       pc3 = -0.127225
       pc4 = 0.446687
       pc5 = 1.83099
       pc6 = -1.9971
       pc7 = 0.797673
       pc8 = -0.119927
       pc9 = -1.58181
      pc10 = -0.264118
      pc11 = 0.0931913
      pc12 = -0.044502
      pc13 = -0.0969179
      pc14 = -0.023757
      pc15 = -0.000330243
      pc16 = -0.02698
Constrained:
   Tgbecnw = 84322.7
     Tecnw = 23507.5
       Tnw = 19232.2
       Tec = 5570.23
     twoNb = 2.52558e+06
     twoNe = 880817
     twoNc = 640587
     twoNw = 7.2416e+06
    twoNec = 182235
    twoNnw = 20493.5
  twoNecnw = 78240.9
  twoNbecnw = 3919.44
  twoNgbecnw = 289297
         m = 0.116542
        m4 = 0.0183076
        m5 = 0.108304
        Ta = 37600
        Td = 2785.12
        Te = 1392.56
#       SitePat  BranchLen
              b 125327.9872680
              e 48697.8411661
              c 51089.0508530
              n 46065.0270173
              w 46054.0431903
            b:e 2079.3273080
            b:c 2453.8207817
            b:n 1773.8724033
            b:w 1773.0995134
            e:c 10528.2802721
            e:n 5462.4441076
            e:w 5473.4279345
            c:n 4955.7624252
            c:w 4953.2307113
            n:w 12689.4555489
          b:e:c 2088.4892423
          b:e:n 1126.5351632
          b:e:w 1127.3080530
          b:c:n 1137.5230134
          b:c:w 1136.6752511
          b:n:w 2047.5913601
          e:c:n 4544.9472789
          e:c:w 4547.4789928
          e:n:w 6527.8360286
          c:n:w 5536.7833741
        b:e:c:n 2043.8567490
        b:e:c:w 2044.7045113
        b:e:n:w 3148.9692319
        b:c:n:w 2380.8423379
        e:c:n:w 52249.1563936
