########################################
# legofit: estimate population history #
#       version 2.3.4-4-g53f8760       #
########################################

# Program was compiled: Sep 21 2021 14:36:42
# Program was run: Sat Oct  9 11:07:55 2021

# cmd: legofit -1 -d 0 -t 32 --ptsPerDim 3 --stateOut b1boot9.state --tol 3e-6 -S 5000 ade2.lgo ../../boot/boot9.opf
# Stage nOptItr nSimReps
#     0    5000        0
# algorithm          : deterministic
# ignoring probs <=  : 0
# Branch length floor: 0
# DE strategy        : 2
#    F               : 0.3
#    CR              : 0.8
#    tolerance       : 3e-06
# nthreads           : 32
# lgo input file     : ade2.lgo
# site pat input file: ../../boot/boot9.opf
# free parameters    : 16
# points in DE swarm : 48
# output state file  : b1boot9.state
# Including singleton site patterns.
# cost function      : KL
Initial parameter values
Fixed:
      zero = 0
       one = 1
    Tbecnw = 75200
Free:
       pc1 = 0
       pc2 = 0
       pc3 = 0
       pc4 = 0
       pc5 = 0
       pc6 = 0
       pc7 = 0
       pc8 = 0
       pc9 = 0
      pc10 = 0
      pc11 = 0
      pc12 = 0
      pc13 = 0
      pc14 = 0
      pc15 = 0
      pc16 = 0
Constrained:
   Tgbecnw = 94142.7
     Tecnw = 24338.5
       Tnw = 18586.5
       Tec = 9826.45
     twoNb = 2.64007e+06
     twoNe = 1.22413e+06
     twoNc = 339516
     twoNw = 4.07186e+06
    twoNec = 143941
    twoNnw = 28197.9
  twoNecnw = 78600.4
  twoNbecnw = 8004.95
  twoNgbecnw = 281979
         m = 0.120604
        m4 = 0.0189289
        m5 = 0.108799
        Ta = 37600
        Td = 4913.23
        Te = 2456.61
DiffEv reached_goal. cost=1.87250e-03 spread=2.87512e-06
Fitted parameter values
Free:
       pc1 = -1.95101
       pc2 = 1.97083
       pc3 = -0.304284
       pc4 = 0.381841
       pc5 = 1.83848
       pc6 = -1.91379
       pc7 = 0.589671
       pc8 = 1.37435
       pc9 = -1.64213
      pc10 = -0.773302
      pc11 = -0.141731
      pc12 = -0.0625445
      pc13 = 0.0209301
      pc14 = 0.0459102
      pc15 = 0.0197167
      pc16 = -0.0231881
Constrained:
   Tgbecnw = 81764.3
     Tecnw = 23629.8
       Tnw = 17934.3
       Tec = 2401.58
     twoNb = 3.21749e+06
     twoNe = 50408.7
     twoNc = 282088
     twoNw = 5.74968e+06
    twoNec = 222587
    twoNnw = 27506.8
  twoNecnw = 78125
  twoNbecnw = 2835.42
  twoNgbecnw = 292271
         m = 0.115105
        m4 = 0.0179288
        m5 = 0.111712
        Ta = 37600
        Td = 1200.79
        Te = 600.394
#       SitePat  BranchLen
              b 124664.2610955
              e 48603.5519794
              c 51029.2696145
              n 45947.1824393
              w 45933.0079615
            b:e 2085.4472848
            b:c 2452.4322694
            b:n 1776.1131268
            b:w 1775.1339806
            e:c 10479.2101201
            e:n 5466.9560824
            e:w 5481.1305602
            c:n 4943.5652667
            c:w 4940.3901221
            n:w 12680.5673823
          b:e:c 2084.8428422
          b:e:n 1135.6080191
          b:e:w 1136.5871653
          b:c:n 1147.0496261
          b:c:w 1145.9731600
          b:n:w 2042.5908837
          e:c:n 4498.4725205
          e:c:w 4501.6476650
          e:n:w 6483.8904678
          c:n:w 5494.2252365
        b:e:c:n 2054.0748509
        b:e:c:w 2055.1513169
        b:e:n:w 3156.0089436
        b:c:n:w 2396.2749726
        e:c:n:w 51884.9699541
