########################################
# legofit: estimate population history #
#       version 2.3.4-4-g53f8760       #
########################################

# Program was compiled: Sep 21 2021 14:36:42
# Program was run: Sat Oct  9 11:07:47 2021

# cmd: legofit -1 -d 0 -t 32 --ptsPerDim 3 --stateOut b1boot1.state --tol 3e-6 -S 5000 ade2.lgo ../../boot/boot1.opf
# Stage nOptItr nSimReps
#     0    5000        0
# algorithm          : deterministic
# ignoring probs <=  : 0
# Branch length floor: 0
# DE strategy        : 2
#    F               : 0.3
#    CR              : 0.8
#    tolerance       : 3e-06
# nthreads           : 32
# lgo input file     : ade2.lgo
# site pat input file: ../../boot/boot1.opf
# free parameters    : 16
# points in DE swarm : 48
# output state file  : b1boot1.state
# Including singleton site patterns.
# cost function      : KL
Initial parameter values
Fixed:
      zero = 0
       one = 1
    Tbecnw = 75200
Free:
       pc1 = 0
       pc2 = 0
       pc3 = 0
       pc4 = 0
       pc5 = 0
       pc6 = 0
       pc7 = 0
       pc8 = 0
       pc9 = 0
      pc10 = 0
      pc11 = 0
      pc12 = 0
      pc13 = 0
      pc14 = 0
      pc15 = 0
      pc16 = 0
Constrained:
   Tgbecnw = 94142.7
     Tecnw = 24338.5
       Tnw = 18586.5
       Tec = 9826.45
     twoNb = 2.64007e+06
     twoNe = 1.22413e+06
     twoNc = 339516
     twoNw = 4.07186e+06
    twoNec = 143941
    twoNnw = 28197.9
  twoNecnw = 78600.4
  twoNbecnw = 8004.95
  twoNgbecnw = 281979
         m = 0.120604
        m4 = 0.0189289
        m5 = 0.108799
        Ta = 37600
        Td = 4913.23
        Te = 2456.61
DiffEv reached_goal. cost=1.86233e-03 spread=2.76951e-06
Fitted parameter values
Free:
       pc1 = -1.92544
       pc2 = 1.86363
       pc3 = -0.627086
       pc4 = 0.117457
       pc5 = 1.11819
       pc6 = -1.77427
       pc7 = 0.720091
       pc8 = 1.45786
       pc9 = -1.0677
      pc10 = -0.340281
      pc11 = -0.993525
      pc12 = -0.139114
      pc13 = -0.0205582
      pc14 = -0.00426313
      pc15 = 0.0317358
      pc16 = -0.0282058
Constrained:
   Tgbecnw = 83496.1
     Tecnw = 23763.1
       Tnw = 18114.1
       Tec = 2734.14
     twoNb = 2.99444e+06
     twoNe = 372163
     twoNc = 51109.4
     twoNw = 5.74165e+06
    twoNec = 216970
    twoNnw = 27149.1
  twoNecnw = 77773.3
  twoNbecnw = 3569.85
  twoNgbecnw = 292374
         m = 0.114076
        m4 = 0.0185087
        m5 = 0.116252
        Ta = 37600
        Td = 1367.07
        Te = 683.535
#       SitePat  BranchLen
              b 124916.2989738
              e 48651.3735055
              c 51173.3460450
              n 46030.8165633
              w 46015.9718257
            b:e 2091.5419156
            b:c 2474.7693184
            b:n 1784.0171078
            b:w 1782.9872679
            e:c 10514.8639506
            e:n 5490.0069613
            e:w 5504.8516989
            c:n 4946.1410938
            c:w 4942.8034328
            n:w 12708.4874696
          b:e:c 2093.7311243
          b:e:n 1138.4630543
          b:e:w 1139.4928942
          b:c:n 1150.2461535
          b:c:w 1149.1156465
          b:n:w 2051.8358861
          e:c:n 4525.4748953
          e:c:w 4528.8125564
          e:n:w 6549.6039669
          c:n:w 5514.4565846
        b:e:c:n 2057.9070980
        b:e:c:w 2059.0376049
        b:e:n:w 3183.2489077
        b:c:n:w 2397.7043916
        e:c:n:w 51941.9874487
