########################################
# legofit: estimate population history #
#       version 2.3.4-4-g53f8760       #
########################################

# Program was compiled: Sep 21 2021 14:36:42
# Program was run: Sat Oct  9 11:07:55 2021

# cmd: legofit -1 -d 0 -t 32 --ptsPerDim 3 --stateOut b1boot8.state --tol 3e-6 -S 5000 ade2.lgo ../../boot/boot8.opf
# Stage nOptItr nSimReps
#     0    5000        0
# algorithm          : deterministic
# ignoring probs <=  : 0
# Branch length floor: 0
# DE strategy        : 2
#    F               : 0.3
#    CR              : 0.8
#    tolerance       : 3e-06
# nthreads           : 32
# lgo input file     : ade2.lgo
# site pat input file: ../../boot/boot8.opf
# free parameters    : 16
# points in DE swarm : 48
# output state file  : b1boot8.state
# Including singleton site patterns.
# cost function      : KL
Initial parameter values
Fixed:
      zero = 0
       one = 1
    Tbecnw = 75200
Free:
       pc1 = 0
       pc2 = 0
       pc3 = 0
       pc4 = 0
       pc5 = 0
       pc6 = 0
       pc7 = 0
       pc8 = 0
       pc9 = 0
      pc10 = 0
      pc11 = 0
      pc12 = 0
      pc13 = 0
      pc14 = 0
      pc15 = 0
      pc16 = 0
Constrained:
   Tgbecnw = 94142.7
     Tecnw = 24338.5
       Tnw = 18586.5
       Tec = 9826.45
     twoNb = 2.64007e+06
     twoNe = 1.22413e+06
     twoNc = 339516
     twoNw = 4.07186e+06
    twoNec = 143941
    twoNnw = 28197.9
  twoNecnw = 78600.4
  twoNbecnw = 8004.95
  twoNgbecnw = 281979
         m = 0.120604
        m4 = 0.0189289
        m5 = 0.108799
        Ta = 37600
        Td = 4913.23
        Te = 2456.61
DiffEv reached_goal. cost=1.86230e-03 spread=2.96139e-06
Fitted parameter values
Free:
       pc1 = -1.08508
       pc2 = 1.92091
       pc3 = 0.6951
       pc4 = 1.52152
       pc5 = 1.87033
       pc6 = -1.92958
       pc7 = -0.131271
       pc8 = 0.969637
       pc9 = -1.66902
      pc10 = -0.554843
      pc11 = -1.07287
      pc12 = -0.181908
      pc13 = -0.106269
      pc14 = -0.0219951
      pc15 = 0.00537509
      pc16 = -0.0171201
Constrained:
   Tgbecnw = 83750.8
     Tecnw = 23463.5
       Tnw = 19297.5
       Tec = 1190.41
     twoNb = 4.05849e+06
     twoNe = 2.90142e+06
     twoNc = 637185
     twoNw = 4.73435e+06
    twoNec = 234217
    twoNnw = 20042
  twoNecnw = 78852.7
  twoNbecnw = 3660.35
  twoNgbecnw = 292208
         m = 0.115154
        m4 = 0.0183765
        m5 = 0.112296
        Ta = 37600
        Td = 595.205
        Te = 297.603
#       SitePat  BranchLen
              b 125044.3889510
              e 48638.6588389
              c 51095.3088570
              n 46104.3523491
              w 46085.5506440
            b:e 2084.9073806
            b:c 2453.2126024
            b:n 1773.3396236
            b:w 1772.0321640
            e:c 10572.6829338
            e:n 5490.6072830
            e:w 5509.4089881
            c:n 4972.4506718
            c:w 4968.1837210
            n:w 12638.0588041
          b:e:c 2081.8588918
          b:e:n 1133.6694710
          b:e:w 1134.9769305
          b:c:n 1145.1674623
          b:c:w 1143.7316209
          b:n:w 2040.0912365
          e:c:n 4514.6992014
          e:c:w 4518.9661521
          e:n:w 6530.7725367
          c:n:w 5524.8550880
        b:e:c:n 2047.2860723
        b:e:c:w 2048.7219136
        b:e:n:w 3171.7756303
        b:c:n:w 2391.8667942
        e:c:n:w 51988.0347625
