########################################
# legofit: estimate population history #
#       version 2.3.4-4-g53f8760       #
########################################

# Program was compiled: Sep 21 2021 14:36:42
# Program was run: Sat Oct  9 11:08:49 2021

# cmd: legofit -1 -d 0 -t 32 --ptsPerDim 3 --stateOut b1boot41.state --tol 3e-6 -S 5000 ade2.lgo ../../boot/boot41.opf
# Stage nOptItr nSimReps
#     0    5000        0
# algorithm          : deterministic
# ignoring probs <=  : 0
# Branch length floor: 0
# DE strategy        : 2
#    F               : 0.3
#    CR              : 0.8
#    tolerance       : 3e-06
# nthreads           : 32
# lgo input file     : ade2.lgo
# site pat input file: ../../boot/boot41.opf
# free parameters    : 16
# points in DE swarm : 48
# output state file  : b1boot41.state
# Including singleton site patterns.
# cost function      : KL
Initial parameter values
Fixed:
      zero = 0
       one = 1
    Tbecnw = 75200
Free:
       pc1 = 0
       pc2 = 0
       pc3 = 0
       pc4 = 0
       pc5 = 0
       pc6 = 0
       pc7 = 0
       pc8 = 0
       pc9 = 0
      pc10 = 0
      pc11 = 0
      pc12 = 0
      pc13 = 0
      pc14 = 0
      pc15 = 0
      pc16 = 0
Constrained:
   Tgbecnw = 94142.7
     Tecnw = 24338.5
       Tnw = 18586.5
       Tec = 9826.45
     twoNb = 2.64007e+06
     twoNe = 1.22413e+06
     twoNc = 339516
     twoNw = 4.07186e+06
    twoNec = 143941
    twoNnw = 28197.9
  twoNecnw = 78600.4
  twoNbecnw = 8004.95
  twoNgbecnw = 281979
         m = 0.120604
        m4 = 0.0189289
        m5 = 0.108799
        Ta = 37600
        Td = 4913.23
        Te = 2456.61
DiffEv reached_goal. cost=1.87388e-03 spread=2.22953e-06
Fitted parameter values
Free:
       pc1 = -1.69609
       pc2 = 1.99411
       pc3 = 0.193608
       pc4 = 1.23279
       pc5 = 1.79611
       pc6 = -1.92325
       pc7 = 0.70935
       pc8 = 0.587874
       pc9 = -0.991645
      pc10 = -0.667266
      pc11 = -0.212712
      pc12 = -0.145006
      pc13 = 0.0174327
      pc14 = 0.0436508
      pc15 = 0.0309885
      pc16 = 0.0141698
Constrained:
   Tgbecnw = 84275
     Tecnw = 23632
       Tnw = 18283.4
       Tec = 1943.49
     twoNb = 3.54101e+06
     twoNe = 1.12121e+06
     twoNc = 495114
     twoNw = 6.28006e+06
    twoNec = 229126
    twoNnw = 25904.8
  twoNecnw = 78170.7
  twoNbecnw = 3843.06
  twoNgbecnw = 300373
         m = 0.110338
        m4 = 0.0183603
        m5 = 0.108611
        Ta = 37600
        Td = 971.744
        Te = 485.872
#       SitePat  BranchLen
              b 124859.8560889
              e 48722.9975403
              c 51133.0962054
              n 46081.8481997
              w 46068.8809130
            b:e 2096.0796152
            b:c 2458.3063558
            b:n 1783.8660856
            b:w 1782.9675185
            e:c 10535.5440205
            e:n 5487.2062956
            e:w 5500.1735822
            c:n 4973.8097245
            c:w 4970.8893288
            n:w 12699.1936421
          b:e:c 2090.2000625
          b:e:n 1139.5903275
          b:e:w 1140.4888946
          b:c:n 1150.6728106
          b:c:w 1149.6864623
          b:n:w 2048.4866435
          e:c:n 4527.5946604
          e:c:w 4530.5150561
          e:n:w 6513.3795794
          c:n:w 5534.3786329
        b:e:c:n 2058.3763185
        b:e:c:w 2059.3626667
        b:e:n:w 3174.0296060
        b:c:n:w 2403.1056994
        e:c:n:w 51819.5371514
