########################################
# legofit: estimate population history #
#       version 2.3.4-4-g53f8760       #
########################################

# Program was compiled: Sep 21 2021 14:36:42
# Program was run: Sat Oct  9 11:08:52 2021

# cmd: legofit -1 -d 0 -t 32 --ptsPerDim 3 --stateOut b1boot45.state --tol 3e-6 -S 5000 ade2.lgo ../../boot/boot45.opf
# Stage nOptItr nSimReps
#     0    5000        0
# algorithm          : deterministic
# ignoring probs <=  : 0
# Branch length floor: 0
# DE strategy        : 2
#    F               : 0.3
#    CR              : 0.8
#    tolerance       : 3e-06
# nthreads           : 32
# lgo input file     : ade2.lgo
# site pat input file: ../../boot/boot45.opf
# free parameters    : 16
# points in DE swarm : 48
# output state file  : b1boot45.state
# Including singleton site patterns.
# cost function      : KL
Initial parameter values
Fixed:
      zero = 0
       one = 1
    Tbecnw = 75200
Free:
       pc1 = 0
       pc2 = 0
       pc3 = 0
       pc4 = 0
       pc5 = 0
       pc6 = 0
       pc7 = 0
       pc8 = 0
       pc9 = 0
      pc10 = 0
      pc11 = 0
      pc12 = 0
      pc13 = 0
      pc14 = 0
      pc15 = 0
      pc16 = 0
Constrained:
   Tgbecnw = 94142.7
     Tecnw = 24338.5
       Tnw = 18586.5
       Tec = 9826.45
     twoNb = 2.64007e+06
     twoNe = 1.22413e+06
     twoNc = 339516
     twoNw = 4.07186e+06
    twoNec = 143941
    twoNnw = 28197.9
  twoNecnw = 78600.4
  twoNbecnw = 8004.95
  twoNgbecnw = 281979
         m = 0.120604
        m4 = 0.0189289
        m5 = 0.108799
        Ta = 37600
        Td = 4913.23
        Te = 2456.61
DiffEv reached_goal. cost=1.90800e-03 spread=2.79431e-06
Fitted parameter values
Free:
       pc1 = -1.22893
       pc2 = 1.91488
       pc3 = -0.74107
       pc4 = 0.803181
       pc5 = 1.80507
       pc6 = -1.80505
       pc7 = -0.286555
       pc8 = 1.39912
       pc9 = -1.3124
      pc10 = -0.55263
      pc11 = -0.351558
      pc12 = -0.0998364
      pc13 = -0.147116
      pc14 = -0.0265943
      pc15 = 0.00504894
      pc16 = -0.017652
Constrained:
   Tgbecnw = 84085.8
     Tecnw = 23649
       Tnw = 18656.3
       Tec = 4239.84
     twoNb = 3.75372e+06
     twoNe = 1.01244e+06
     twoNc = 399988
     twoNw = 5.31511e+06
    twoNec = 199882
    twoNnw = 24203.6
  twoNecnw = 78160.9
  twoNbecnw = 3771.85
  twoNgbecnw = 297500
         m = 0.113873
        m4 = 0.0177564
        m5 = 0.115799
        Ta = 37600
        Td = 2119.92
        Te = 1059.96
#       SitePat  BranchLen
              b 125426.1980286
              e 48684.7337643
              c 51155.5268878
              n 46104.9816865
              w 46089.0053640
            b:e 2074.5697482
            b:c 2439.8756408
            b:n 1774.5431549
            b:w 1773.4309409
            e:c 10468.1906867
            e:n 5491.1199751
            e:w 5507.0962975
            c:n 4960.9237537
            c:w 4957.2916497
            n:w 12625.0336993
          b:e:c 2074.9822167
          b:e:n 1131.4422670
          b:e:w 1132.5544810
          b:c:n 1142.7145644
          b:c:w 1141.4940817
          b:n:w 2034.6382676
          e:c:n 4529.0132199
          e:c:w 4532.6453239
          e:n:w 6510.0085858
          c:n:w 5501.7269330
        b:e:c:n 2046.1545052
        b:e:c:w 2047.3749879
        b:e:n:w 3145.6140671
        b:c:n:w 2377.5854468
        e:c:n:w 52387.6725006
