########################################
# legofit: estimate population history #
#       version 2.3.4-4-g53f8760       #
########################################

# Program was compiled: Sep 21 2021 14:36:42
# Program was run: Sat Oct  9 11:08:40 2021

# cmd: legofit -1 -d 0 -t 32 --ptsPerDim 3 --stateOut b1boot35.state --tol 3e-6 -S 5000 ade2.lgo ../../boot/boot35.opf
# Stage nOptItr nSimReps
#     0    5000        0
# algorithm          : deterministic
# ignoring probs <=  : 0
# Branch length floor: 0
# DE strategy        : 2
#    F               : 0.3
#    CR              : 0.8
#    tolerance       : 3e-06
# nthreads           : 32
# lgo input file     : ade2.lgo
# site pat input file: ../../boot/boot35.opf
# free parameters    : 16
# points in DE swarm : 48
# output state file  : b1boot35.state
# Including singleton site patterns.
# cost function      : KL
Initial parameter values
Fixed:
      zero = 0
       one = 1
    Tbecnw = 75200
Free:
       pc1 = 0
       pc2 = 0
       pc3 = 0
       pc4 = 0
       pc5 = 0
       pc6 = 0
       pc7 = 0
       pc8 = 0
       pc9 = 0
      pc10 = 0
      pc11 = 0
      pc12 = 0
      pc13 = 0
      pc14 = 0
      pc15 = 0
      pc16 = 0
Constrained:
   Tgbecnw = 94142.7
     Tecnw = 24338.5
       Tnw = 18586.5
       Tec = 9826.45
     twoNb = 2.64007e+06
     twoNe = 1.22413e+06
     twoNc = 339516
     twoNw = 4.07186e+06
    twoNec = 143941
    twoNnw = 28197.9
  twoNecnw = 78600.4
  twoNbecnw = 8004.95
  twoNgbecnw = 281979
         m = 0.120604
        m4 = 0.0189289
        m5 = 0.108799
        Ta = 37600
        Td = 4913.23
        Te = 2456.61
DiffEv reached_goal. cost=1.85197e-03 spread=2.16141e-06
Fitted parameter values
Free:
       pc1 = -1.36765
       pc2 = 1.98438
       pc3 = 0.685453
       pc4 = 0.352461
       pc5 = 1.8436
       pc6 = -1.88765
       pc7 = 0.521406
       pc8 = 0.472397
       pc9 = -1.48315
      pc10 = -0.659399
      pc11 = -0.613853
      pc12 = 0.0436781
      pc13 = 0.0615707
      pc14 = 0.0656863
      pc15 = -0.0084234
      pc16 = -0.0181631
Constrained:
   Tgbecnw = 82304.3
     Tecnw = 23553.9
       Tnw = 18328.2
       Tec = 3084.79
     twoNb = 3.26498e+06
     twoNe = 1.11919e+06
     twoNc = 569462
     twoNw = 5.70538e+06
    twoNec = 215463
    twoNnw = 25442.2
  twoNecnw = 78738.9
  twoNbecnw = 3081.32
  twoNgbecnw = 288560
         m = 0.117688
        m4 = 0.018691
        m5 = 0.109449
        Ta = 37600
        Td = 1542.4
        Te = 771.198
#       SitePat  BranchLen
              b 125023.4045680
              e 48746.6302607
              c 51176.9484603
              n 46105.2745091
              w 46091.1346957
            b:e 2094.6000080
            b:c 2468.6650115
            b:n 1786.2517413
            b:w 1785.2668879
            e:c 10478.9325230
            e:n 5486.7297157
            e:w 5500.8695292
            c:n 4969.5826680
            c:w 4966.3928800
            n:w 12663.8996255
          b:e:c 2091.8958865
          b:e:n 1142.3558905
          b:e:w 1143.3407440
          b:c:n 1153.7896840
          b:c:w 1152.7068141
          b:n:w 2049.6998736
          e:c:n 4515.7240725
          e:c:w 4518.9138605
          e:n:w 6496.2128083
          c:n:w 5506.5893708
        b:e:c:n 2066.2842152
        b:e:c:w 2067.3670851
        b:e:n:w 3191.3986129
        b:c:n:w 2407.4624246
        e:c:n:w 52083.2344913
