########################################
# legofit: estimate population history #
#       version 2.3.4-4-g53f8760       #
########################################

# Program was compiled: Sep 21 2021 14:36:42
# Program was run: Sat Oct  9 11:08:49 2021

# cmd: legofit -1 -d 0 -t 32 --ptsPerDim 3 --stateOut b1boot42.state --tol 3e-6 -S 5000 ade2.lgo ../../boot/boot42.opf
# Stage nOptItr nSimReps
#     0    5000        0
# algorithm          : deterministic
# ignoring probs <=  : 0
# Branch length floor: 0
# DE strategy        : 2
#    F               : 0.3
#    CR              : 0.8
#    tolerance       : 3e-06
# nthreads           : 32
# lgo input file     : ade2.lgo
# site pat input file: ../../boot/boot42.opf
# free parameters    : 16
# points in DE swarm : 48
# output state file  : b1boot42.state
# Including singleton site patterns.
# cost function      : KL
Initial parameter values
Fixed:
      zero = 0
       one = 1
    Tbecnw = 75200
Free:
       pc1 = 0
       pc2 = 0
       pc3 = 0
       pc4 = 0
       pc5 = 0
       pc6 = 0
       pc7 = 0
       pc8 = 0
       pc9 = 0
      pc10 = 0
      pc11 = 0
      pc12 = 0
      pc13 = 0
      pc14 = 0
      pc15 = 0
      pc16 = 0
Constrained:
   Tgbecnw = 94142.7
     Tecnw = 24338.5
       Tnw = 18586.5
       Tec = 9826.45
     twoNb = 2.64007e+06
     twoNe = 1.22413e+06
     twoNc = 339516
     twoNw = 4.07186e+06
    twoNec = 143941
    twoNnw = 28197.9
  twoNecnw = 78600.4
  twoNbecnw = 8004.95
  twoNgbecnw = 281979
         m = 0.120604
        m4 = 0.0189289
        m5 = 0.108799
        Ta = 37600
        Td = 4913.23
        Te = 2456.61
DiffEv reached_goal. cost=1.88306e-03 spread=2.50331e-06
Fitted parameter values
Free:
       pc1 = -1.40327
       pc2 = 1.99929
       pc3 = -0.0932932
       pc4 = 1.41193
       pc5 = 1.99323
       pc6 = -1.77338
       pc7 = 0.493768
       pc8 = 0.900671
       pc9 = -1.63276
      pc10 = -0.114989
      pc11 = 0.052021
      pc12 = -0.0686142
      pc13 = -0.0690642
      pc14 = -0.00188796
      pc15 = -0.00123689
      pc16 = -0.00883908
Constrained:
   Tgbecnw = 83769.6
     Tecnw = 23694
       Tnw = 19381.1
       Tec = 2206.76
     twoNb = 3.37805e+06
     twoNe = 1.00781e+06
     twoNc = 521537
     twoNw = 5.82099e+06
    twoNec = 224028
    twoNnw = 20649.1
  twoNecnw = 77314.2
  twoNbecnw = 3641.63
  twoNgbecnw = 297396
         m = 0.111997
        m4 = 0.0178954
        m5 = 0.10921
        Ta = 37600
        Td = 1103.38
        Te = 551.69
#       SitePat  BranchLen
              b 124884.9537458
              e 48572.3044272
              c 50950.8310636
              n 46020.4066256
              w 46005.7710810
            b:e 2070.7762509
            b:c 2430.8345644
            b:n 1760.1305649
            b:w 1759.1141950
            e:c 10526.1177015
            e:n 5437.4051517
            e:w 5452.0406964
            c:n 4935.1920410
            c:w 4931.8608862
            n:w 12587.4087462
          b:e:c 2070.0255488
          b:e:n 1121.6078481
          b:e:w 1122.6242180
          b:c:n 1132.6323164
          b:c:w 1131.5177361
          b:n:w 2028.9832974
          e:c:n 4509.7125321
          e:c:w 4513.0436869
          e:n:w 6500.3196218
          c:n:w 5520.4990991
        b:e:c:n 2027.5643923
        b:e:c:w 2028.6789726
        b:e:n:w 3126.6485264
        b:c:n:w 2370.3588116
        e:c:n:w 51987.5816361
