########################################
# legofit: estimate population history #
#       version 2.3.4-4-g53f8760       #
########################################

# Program was compiled: Sep 21 2021 14:36:42
# Program was run: Sat Oct  9 11:07:55 2021

# cmd: legofit -1 -d 0 -t 32 --ptsPerDim 3 --stateOut b1boot10.state --tol 3e-6 -S 5000 ade2.lgo ../../boot/boot10.opf
# Stage nOptItr nSimReps
#     0    5000        0
# algorithm          : deterministic
# ignoring probs <=  : 0
# Branch length floor: 0
# DE strategy        : 2
#    F               : 0.3
#    CR              : 0.8
#    tolerance       : 3e-06
# nthreads           : 32
# lgo input file     : ade2.lgo
# site pat input file: ../../boot/boot10.opf
# free parameters    : 16
# points in DE swarm : 48
# output state file  : b1boot10.state
# Including singleton site patterns.
# cost function      : KL
Initial parameter values
Fixed:
      zero = 0
       one = 1
    Tbecnw = 75200
Free:
       pc1 = 0
       pc2 = 0
       pc3 = 0
       pc4 = 0
       pc5 = 0
       pc6 = 0
       pc7 = 0
       pc8 = 0
       pc9 = 0
      pc10 = 0
      pc11 = 0
      pc12 = 0
      pc13 = 0
      pc14 = 0
      pc15 = 0
      pc16 = 0
Constrained:
   Tgbecnw = 94142.7
     Tecnw = 24338.5
       Tnw = 18586.5
       Tec = 9826.45
     twoNb = 2.64007e+06
     twoNe = 1.22413e+06
     twoNc = 339516
     twoNw = 4.07186e+06
    twoNec = 143941
    twoNnw = 28197.9
  twoNecnw = 78600.4
  twoNbecnw = 8004.95
  twoNgbecnw = 281979
         m = 0.120604
        m4 = 0.0189289
        m5 = 0.108799
        Ta = 37600
        Td = 4913.23
        Te = 2456.61
DiffEv reached_goal. cost=1.87568e-03 spread=2.94823e-06
Fitted parameter values
Free:
       pc1 = -1.15894
       pc2 = 1.99091
       pc3 = 0.492119
       pc4 = 0.966558
       pc5 = 1.36966
       pc6 = -1.9455
       pc7 = 1.10586
       pc8 = 0.593926
       pc9 = -1.18032
      pc10 = -0.163002
      pc11 = -0.570716
      pc12 = 0.0883839
      pc13 = -0.00749988
      pc14 = 0.0200111
      pc15 = 0.0115505
      pc16 = -0.0179369
Constrained:
   Tgbecnw = 84264.6
     Tecnw = 23635.1
       Tnw = 19295
       Tec = 2376.57
     twoNb = 3.19666e+06
     twoNe = 1.39144e+06
     twoNc = 381475
     twoNw = 6.35554e+06
    twoNec = 221622
    twoNnw = 20555.3
  twoNecnw = 78248.4
  twoNbecnw = 3873.39
  twoNgbecnw = 295351
         m = 0.114782
        m4 = 0.018785
        m5 = 0.108186
        Ta = 37600
        Td = 1188.29
        Te = 594.144
#       SitePat  BranchLen
              b 125601.7503790
              e 48762.7554689
              c 51203.8640188
              n 46103.7737819
              w 46090.5421799
            b:e 2104.5127949
            b:c 2482.1451944
            b:n 1782.4819240
            b:w 1781.5539976
            e:c 10590.2036589
            e:n 5462.9223025
            e:w 5476.1539045
            c:n 4951.7374382
            c:w 4948.7255132
            n:w 12739.5999542
          b:e:c 2107.8211067
          b:e:n 1136.7820765
          b:e:w 1137.7100029
          b:c:n 1148.0333091
          b:c:w 1147.0149195
          b:n:w 2065.0377678
          e:c:n 4523.8026370
          e:c:w 4526.8145620
          e:n:w 6566.7972979
          c:n:w 5560.8164201
        b:e:c:n 2055.8285713
        b:e:c:w 2056.8469609
        b:e:n:w 3206.0410743
        b:c:n:w 2411.3378645
        e:c:n:w 52509.9057688
