########################################
# legofit: estimate population history #
#       version 2.3.4-4-g53f8760       #
########################################

# Program was compiled: Sep 21 2021 14:36:42
# Program was run: Sat Oct  9 11:08:33 2021

# cmd: legofit -1 -d 0 -t 32 --ptsPerDim 3 --stateOut b1boot29.state --tol 3e-6 -S 5000 ade2.lgo ../../boot/boot29.opf
# Stage nOptItr nSimReps
#     0    5000        0
# algorithm          : deterministic
# ignoring probs <=  : 0
# Branch length floor: 0
# DE strategy        : 2
#    F               : 0.3
#    CR              : 0.8
#    tolerance       : 3e-06
# nthreads           : 32
# lgo input file     : ade2.lgo
# site pat input file: ../../boot/boot29.opf
# free parameters    : 16
# points in DE swarm : 48
# output state file  : b1boot29.state
# Including singleton site patterns.
# cost function      : KL
Initial parameter values
Fixed:
      zero = 0
       one = 1
    Tbecnw = 75200
Free:
       pc1 = 0
       pc2 = 0
       pc3 = 0
       pc4 = 0
       pc5 = 0
       pc6 = 0
       pc7 = 0
       pc8 = 0
       pc9 = 0
      pc10 = 0
      pc11 = 0
      pc12 = 0
      pc13 = 0
      pc14 = 0
      pc15 = 0
      pc16 = 0
Constrained:
   Tgbecnw = 94142.7
     Tecnw = 24338.5
       Tnw = 18586.5
       Tec = 9826.45
     twoNb = 2.64007e+06
     twoNe = 1.22413e+06
     twoNc = 339516
     twoNw = 4.07186e+06
    twoNec = 143941
    twoNnw = 28197.9
  twoNecnw = 78600.4
  twoNbecnw = 8004.95
  twoNgbecnw = 281979
         m = 0.120604
        m4 = 0.0189289
        m5 = 0.108799
        Ta = 37600
        Td = 4913.23
        Te = 2456.61
DiffEv reached_goal. cost=1.88370e-03 spread=2.97400e-06
Fitted parameter values
Free:
       pc1 = -0.937895
       pc2 = 1.84566
       pc3 = -1.66093
       pc4 = 1.11514
       pc5 = 1.82287
       pc6 = -1.94041
       pc7 = 0.593352
       pc8 = 0.835341
       pc9 = -1.29246
      pc10 = -0.258251
      pc11 = -0.512612
      pc12 = -0.0613127
      pc13 = -0.098634
      pc14 = -0.0272686
      pc15 = 0.0150682
      pc16 = -0.00355672
Constrained:
   Tgbecnw = 85765.2
     Tecnw = 23709.1
       Tnw = 19391.7
       Tec = 3791.37
     twoNb = 2.56374e+06
     twoNe = 604034
     twoNc = 391962
     twoNw = 7.11642e+06
    twoNec = 203996
    twoNnw = 20490.5
  twoNecnw = 78252.8
  twoNbecnw = 4427.51
  twoNgbecnw = 303549
         m = 0.110741
        m4 = 0.0177415
        m5 = 0.11699
        Ta = 37600
        Td = 1895.69
        Te = 947.843
#       SitePat  BranchLen
              b 125638.5551292
              e 48776.7443241
              c 51267.2739873
              n 46168.6355244
              w 46156.0713570
            b:e 2088.3022110
            b:c 2466.5015685
            b:n 1776.9531303
            b:w 1776.0722120
            e:c 10545.2323996
            e:n 5488.6296061
            e:w 5501.1937736
            c:n 4953.3426374
            c:w 4950.4704576
            n:w 12696.7557629
          b:e:c 2093.6864996
          b:e:n 1132.1610449
          b:e:w 1133.0419633
          b:c:n 1143.6009879
          b:c:w 1142.6348499
          b:n:w 2051.9569822
          e:c:n 4531.6441530
          e:c:w 4534.5163328
          e:n:w 6572.1060692
          c:n:w 5538.9529053
        b:e:c:n 2046.9397114
        b:e:c:w 2047.9058495
        b:e:n:w 3161.0240392
        b:c:n:w 2390.4254229
        e:c:n:w 52436.6338391
