########################################
# legofit: estimate population history #
#       version 2.3.4-4-g53f8760       #
########################################

# Program was compiled: Sep 21 2021 14:36:42
# Program was run: Sat Oct  9 11:07:47 2021

# cmd: legofit -1 -d 0 -t 32 --ptsPerDim 3 --stateOut b1boot0.state --tol 3e-6 -S 5000 ade2.lgo ../../boot/boot0.opf
# Stage nOptItr nSimReps
#     0    5000        0
# algorithm          : deterministic
# ignoring probs <=  : 0
# Branch length floor: 0
# DE strategy        : 2
#    F               : 0.3
#    CR              : 0.8
#    tolerance       : 3e-06
# nthreads           : 32
# lgo input file     : ade2.lgo
# site pat input file: ../../boot/boot0.opf
# free parameters    : 16
# points in DE swarm : 48
# output state file  : b1boot0.state
# Including singleton site patterns.
# cost function      : KL
Initial parameter values
Fixed:
      zero = 0
       one = 1
    Tbecnw = 75200
Free:
       pc1 = 0
       pc2 = 0
       pc3 = 0
       pc4 = 0
       pc5 = 0
       pc6 = 0
       pc7 = 0
       pc8 = 0
       pc9 = 0
      pc10 = 0
      pc11 = 0
      pc12 = 0
      pc13 = 0
      pc14 = 0
      pc15 = 0
      pc16 = 0
Constrained:
   Tgbecnw = 94142.7
     Tecnw = 24338.5
       Tnw = 18586.5
       Tec = 9826.45
     twoNb = 2.64007e+06
     twoNe = 1.22413e+06
     twoNc = 339516
     twoNw = 4.07186e+06
    twoNec = 143941
    twoNnw = 28197.9
  twoNecnw = 78600.4
  twoNbecnw = 8004.95
  twoNgbecnw = 281979
         m = 0.120604
        m4 = 0.0189289
        m5 = 0.108799
        Ta = 37600
        Td = 4913.23
        Te = 2456.61
DiffEv reached_goal. cost=1.86940e-03 spread=2.97004e-06
Fitted parameter values
Free:
       pc1 = -0.94629
       pc2 = 1.92637
       pc3 = 0.237592
       pc4 = 0.855031
       pc5 = 1.81528
       pc6 = -1.90856
       pc7 = 0.16464
       pc8 = 1.04537
       pc9 = -1.41152
      pc10 = -0.339962
      pc11 = 0.184267
      pc12 = -0.127425
      pc13 = -0.132305
      pc14 = 0.0352833
      pc15 = -0.00138954
      pc16 = -0.00459368
Constrained:
   Tgbecnw = 83910.4
     Tecnw = 23562.1
       Tnw = 19083
       Tec = 4425.56
     twoNb = 3.92633e+06
     twoNe = 955824
     twoNc = 486616
     twoNw = 5.61736e+06
    twoNec = 202283
    twoNnw = 21623.1
  twoNecnw = 77987.1
  twoNbecnw = 3753.08
  twoNgbecnw = 290948
         m = 0.11552
        m4 = 0.0180184
        m5 = 0.108937
        Ta = 37600
        Td = 2212.78
        Te = 1106.39
#       SitePat  BranchLen
              b 125284.2859767
              e 48760.6667740
              c 51151.2198267
              n 46075.6576575
              w 46061.2228053
            b:e 2100.6124676
            b:c 2462.4165071
            b:n 1786.2304568
            b:w 1785.2117656
            e:c 10450.0678629
            e:n 5486.3875147
            e:w 5500.8223669
            c:n 4981.7912358
            c:w 4978.4757794
            n:w 12641.6326619
          b:e:c 2093.4835520
          b:e:n 1140.5266772
          b:e:w 1141.5453685
          b:c:n 1151.4516051
          b:c:w 1150.3343358
          b:n:w 2052.1831630
          e:c:n 4543.7012954
          e:c:w 4547.0167518
          e:n:w 6540.9060178
          c:n:w 5559.4922002
        b:e:c:n 2058.5259117
        b:e:c:w 2059.6431810
        b:e:n:w 3169.1338860
        b:c:n:w 2405.4193442
        e:c:n:w 52247.9648092
