########################################
# legofit: estimate population history #
#       version 2.3.4-4-g53f8760       #
########################################

# Program was compiled: Sep 21 2021 14:36:42
# Program was run: Sat Oct  9 11:08:15 2021

# cmd: legofit -1 -d 0 -t 32 --ptsPerDim 3 --stateOut b1boot21.state --tol 3e-6 -S 5000 ade2.lgo ../../boot/boot21.opf
# Stage nOptItr nSimReps
#     0    5000        0
# algorithm          : deterministic
# ignoring probs <=  : 0
# Branch length floor: 0
# DE strategy        : 2
#    F               : 0.3
#    CR              : 0.8
#    tolerance       : 3e-06
# nthreads           : 32
# lgo input file     : ade2.lgo
# site pat input file: ../../boot/boot21.opf
# free parameters    : 16
# points in DE swarm : 48
# output state file  : b1boot21.state
# Including singleton site patterns.
# cost function      : KL
Initial parameter values
Fixed:
      zero = 0
       one = 1
    Tbecnw = 75200
Free:
       pc1 = 0
       pc2 = 0
       pc3 = 0
       pc4 = 0
       pc5 = 0
       pc6 = 0
       pc7 = 0
       pc8 = 0
       pc9 = 0
      pc10 = 0
      pc11 = 0
      pc12 = 0
      pc13 = 0
      pc14 = 0
      pc15 = 0
      pc16 = 0
Constrained:
   Tgbecnw = 94142.7
     Tecnw = 24338.5
       Tnw = 18586.5
       Tec = 9826.45
     twoNb = 2.64007e+06
     twoNe = 1.22413e+06
     twoNc = 339516
     twoNw = 4.07186e+06
    twoNec = 143941
    twoNnw = 28197.9
  twoNecnw = 78600.4
  twoNbecnw = 8004.95
  twoNgbecnw = 281979
         m = 0.120604
        m4 = 0.0189289
        m5 = 0.108799
        Ta = 37600
        Td = 4913.23
        Te = 2456.61
DiffEv reached_goal. cost=1.86357e-03 spread=1.95912e-06
Fitted parameter values
Free:
       pc1 = -1.03539
       pc2 = 1.99734
       pc3 = -0.206771
       pc4 = 1.05598
       pc5 = 1.7716
       pc6 = -1.96417
       pc7 = 0.693355
       pc8 = 1.78452
       pc9 = -1.91374
      pc10 = -0.425838
      pc11 = -0.175627
      pc12 = -0.174734
      pc13 = -0.164786
      pc14 = 0.00903216
      pc15 = 0.010305
      pc16 = -0.0146514
Constrained:
   Tgbecnw = 83164.7
     Tecnw = 23430.1
       Tnw = 19560.5
       Tec = 2247.92
     twoNb = 3.47741e+06
     twoNe = 618854
     twoNc = 251423
     twoNw = 5.50702e+06
    twoNec = 224414
    twoNnw = 18319.6
  twoNecnw = 78461.5
  twoNbecnw = 3434.38
  twoNgbecnw = 291813
         m = 0.11535
        m4 = 0.0177516
        m5 = 0.111172
        Ta = 37600
        Td = 1123.96
        Te = 561.98
#       SitePat  BranchLen
              b 125114.6632927
              e 48631.3104549
              c 51045.3086043
              n 45964.6130843
              w 45948.7683597
            b:e 2103.8984594
            b:c 2471.1521557
            b:n 1779.0289408
            b:w 1777.9121424
            e:c 10535.2877818
            e:n 5475.6499278
            e:w 5491.4946524
            c:n 4965.1520613
            c:w 4961.5219423
            n:w 12682.8112553
          b:e:c 2101.3761745
          b:e:n 1137.9131816
          b:e:w 1139.0299799
          b:c:n 1149.2634384
          b:c:w 1148.0372040
          b:n:w 2058.3189934
          e:c:n 4516.2796127
          e:c:w 4519.9097317
          e:n:w 6566.8942707
          c:n:w 5565.4262199
        b:e:c:n 2053.5125206
        b:e:c:w 2054.7387550
        b:e:n:w 3172.1029293
        b:c:n:w 2412.4319962
        e:c:n:w 52173.9819655
