########################################
# legofit: estimate population history #
#       version 2.3.4-4-g53f8760       #
########################################

# Program was compiled: Sep 21 2021 14:36:42
# Program was run: Sat Oct  9 11:08:33 2021

# cmd: legofit -1 -d 0 -t 32 --ptsPerDim 3 --stateOut b1boot31.state --tol 3e-6 -S 5000 ade2.lgo ../../boot/boot31.opf
# Stage nOptItr nSimReps
#     0    5000        0
# algorithm          : deterministic
# ignoring probs <=  : 0
# Branch length floor: 0
# DE strategy        : 2
#    F               : 0.3
#    CR              : 0.8
#    tolerance       : 3e-06
# nthreads           : 32
# lgo input file     : ade2.lgo
# site pat input file: ../../boot/boot31.opf
# free parameters    : 16
# points in DE swarm : 48
# output state file  : b1boot31.state
# Including singleton site patterns.
# cost function      : KL
Initial parameter values
Fixed:
      zero = 0
       one = 1
    Tbecnw = 75200
Free:
       pc1 = 0
       pc2 = 0
       pc3 = 0
       pc4 = 0
       pc5 = 0
       pc6 = 0
       pc7 = 0
       pc8 = 0
       pc9 = 0
      pc10 = 0
      pc11 = 0
      pc12 = 0
      pc13 = 0
      pc14 = 0
      pc15 = 0
      pc16 = 0
Constrained:
   Tgbecnw = 94142.7
     Tecnw = 24338.5
       Tnw = 18586.5
       Tec = 9826.45
     twoNb = 2.64007e+06
     twoNe = 1.22413e+06
     twoNc = 339516
     twoNw = 4.07186e+06
    twoNec = 143941
    twoNnw = 28197.9
  twoNecnw = 78600.4
  twoNbecnw = 8004.95
  twoNgbecnw = 281979
         m = 0.120604
        m4 = 0.0189289
        m5 = 0.108799
        Ta = 37600
        Td = 4913.23
        Te = 2456.61
DiffEv reached_goal. cost=1.85968e-03 spread=2.89333e-06
Fitted parameter values
Free:
       pc1 = -1.09812
       pc2 = 1.92478
       pc3 = 0.201307
       pc4 = 0.304404
       pc5 = 1.82521
       pc6 = -1.6582
       pc7 = 0.51635
       pc8 = 0.816695
       pc9 = -1.2311
      pc10 = -0.291979
      pc11 = -0.148683
      pc12 = -0.110742
      pc13 = -0.0157089
      pc14 = -0.0163892
      pc15 = 0.00155319
      pc16 = -0.0112606
Constrained:
   Tgbecnw = 83657.2
     Tecnw = 23613.2
       Tnw = 18760.9
       Tec = 4394.6
     twoNb = 3.35144e+06
     twoNe = 33688.1
     twoNc = 463216
     twoNw = 5.65745e+06
    twoNec = 196905
    twoNnw = 23668.9
  twoNecnw = 78042.5
  twoNbecnw = 3668.1
  twoNgbecnw = 288952
         m = 0.11564
        m4 = 0.0184118
        m5 = 0.109859
        Ta = 37600
        Td = 2197.3
        Te = 1098.65
#       SitePat  BranchLen
              b 125099.6748790
              e 48714.9051113
              c 51127.0629353
              n 46165.0637615
              w 46150.7727702
            b:e 2107.1304057
            b:c 2478.0838279
            b:n 1805.0396662
            b:w 1804.0282951
            e:c 10536.8436014
            e:n 5493.0226752
            e:w 5507.3136665
            c:n 4981.2875798
            c:w 4978.0165504
            n:w 12646.8884072
          b:e:c 2110.0617376
          b:e:n 1148.3919348
          b:e:w 1149.4033059
          b:c:n 1159.6795105
          b:c:w 1158.5696778
          b:n:w 2069.3149468
          e:c:n 4570.8555876
          e:c:w 4574.1266170
          e:n:w 6529.3558820
          c:n:w 5539.9492476
        b:e:c:n 2081.2822539
        b:e:c:w 2082.3920867
        b:e:n:w 3188.0800041
        b:c:n:w 2414.9534124
        e:c:n:w 52062.9213183
