########################################
# legofit: estimate population history #
#       version 2.3.4-4-g53f8760       #
########################################

# Program was compiled: Sep 21 2021 14:36:42
# Program was run: Sat Oct  9 11:07:47 2021

# cmd: legofit -1 -d 0 -t 32 --ptsPerDim 3 --stateOut b1boot2.state --tol 3e-6 -S 5000 ade2.lgo ../../boot/boot2.opf
# Stage nOptItr nSimReps
#     0    5000        0
# algorithm          : deterministic
# ignoring probs <=  : 0
# Branch length floor: 0
# DE strategy        : 2
#    F               : 0.3
#    CR              : 0.8
#    tolerance       : 3e-06
# nthreads           : 32
# lgo input file     : ade2.lgo
# site pat input file: ../../boot/boot2.opf
# free parameters    : 16
# points in DE swarm : 48
# output state file  : b1boot2.state
# Including singleton site patterns.
# cost function      : KL
Initial parameter values
Fixed:
      zero = 0
       one = 1
    Tbecnw = 75200
Free:
       pc1 = 0
       pc2 = 0
       pc3 = 0
       pc4 = 0
       pc5 = 0
       pc6 = 0
       pc7 = 0
       pc8 = 0
       pc9 = 0
      pc10 = 0
      pc11 = 0
      pc12 = 0
      pc13 = 0
      pc14 = 0
      pc15 = 0
      pc16 = 0
Constrained:
   Tgbecnw = 94142.7
     Tecnw = 24338.5
       Tnw = 18586.5
       Tec = 9826.45
     twoNb = 2.64007e+06
     twoNe = 1.22413e+06
     twoNc = 339516
     twoNw = 4.07186e+06
    twoNec = 143941
    twoNnw = 28197.9
  twoNecnw = 78600.4
  twoNbecnw = 8004.95
  twoNgbecnw = 281979
         m = 0.120604
        m4 = 0.0189289
        m5 = 0.108799
        Ta = 37600
        Td = 4913.23
        Te = 2456.61
DiffEv reached_goal. cost=1.88690e-03 spread=2.86563e-06
Fitted parameter values
Free:
       pc1 = -1.09346
       pc2 = 1.9728
       pc3 = 0.678315
       pc4 = -0.0746293
       pc5 = 1.9197
       pc6 = -1.96084
       pc7 = 0.216815
       pc8 = 0.61486
       pc9 = -1.54906
      pc10 = -0.66192
      pc11 = -0.0923604
      pc12 = -0.0768061
      pc13 = -0.0473021
      pc14 = 0.00813144
      pc15 = -0.00505795
      pc16 = -0.0436292
Constrained:
   Tgbecnw = 82046.4
     Tecnw = 23469.1
       Tnw = 18191
       Tec = 4854.14
     twoNb = 3.56236e+06
     twoNe = 618653
     twoNc = 572200
     twoNw = 5.66211e+06
    twoNec = 192043
    twoNnw = 25769.6
  twoNecnw = 78481.8
  twoNbecnw = 2996.44
  twoNgbecnw = 282492
         m = 0.119764
        m4 = 0.0184487
        m5 = 0.108777
        Ta = 37600
        Td = 2427.07
        Te = 1213.53
#       SitePat  BranchLen
              b 124811.3464786
              e 48637.3511497
              c 51041.1397875
              n 46003.7263476
              w 45990.1193266
            b:e 2078.9419743
            b:c 2446.4669048
            b:n 1779.1913469
            b:w 1778.2426385
            e:c 10462.7689423
            e:n 5475.6452640
            e:w 5489.2522850
            c:n 4963.1409170
            c:w 4960.0495829
            n:w 12656.9266412
          b:e:c 2081.7139042
          b:e:n 1133.8857822
          b:e:w 1134.8344906
          b:c:n 1144.9670714
          b:c:w 1143.9247217
          b:n:w 2040.9577765
          e:c:n 4529.0218005
          e:c:w 4532.1131346
          e:n:w 6477.5745161
          c:n:w 5497.6916057
        b:e:c:n 2055.6423747
        b:e:c:w 2056.6847244
        b:e:n:w 3156.9542900
        b:c:n:w 2387.0588987
        e:c:n:w 51928.4290070
