########################################
# legofit: estimate population history #
#       version 2.3.4-4-g53f8760       #
########################################

# Program was compiled: Sep 21 2021 14:36:42
# Program was run: Sat Oct  9 11:08:49 2021

# cmd: legofit -1 -d 0 -t 32 --ptsPerDim 3 --stateOut b1boot43.state --tol 3e-6 -S 5000 ade2.lgo ../../boot/boot43.opf
# Stage nOptItr nSimReps
#     0    5000        0
# algorithm          : deterministic
# ignoring probs <=  : 0
# Branch length floor: 0
# DE strategy        : 2
#    F               : 0.3
#    CR              : 0.8
#    tolerance       : 3e-06
# nthreads           : 32
# lgo input file     : ade2.lgo
# site pat input file: ../../boot/boot43.opf
# free parameters    : 16
# points in DE swarm : 48
# output state file  : b1boot43.state
# Including singleton site patterns.
# cost function      : KL
Initial parameter values
Fixed:
      zero = 0
       one = 1
    Tbecnw = 75200
Free:
       pc1 = 0
       pc2 = 0
       pc3 = 0
       pc4 = 0
       pc5 = 0
       pc6 = 0
       pc7 = 0
       pc8 = 0
       pc9 = 0
      pc10 = 0
      pc11 = 0
      pc12 = 0
      pc13 = 0
      pc14 = 0
      pc15 = 0
      pc16 = 0
Constrained:
   Tgbecnw = 94142.7
     Tecnw = 24338.5
       Tnw = 18586.5
       Tec = 9826.45
     twoNb = 2.64007e+06
     twoNe = 1.22413e+06
     twoNc = 339516
     twoNw = 4.07186e+06
    twoNec = 143941
    twoNnw = 28197.9
  twoNecnw = 78600.4
  twoNbecnw = 8004.95
  twoNgbecnw = 281979
         m = 0.120604
        m4 = 0.0189289
        m5 = 0.108799
        Ta = 37600
        Td = 4913.23
        Te = 2456.61
DiffEv reached_goal. cost=1.89181e-03 spread=2.76334e-06
Fitted parameter values
Free:
       pc1 = -1.89974
       pc2 = 1.9909
       pc3 = 0.352697
       pc4 = 0.482657
       pc5 = 0.933568
       pc6 = -1.86639
       pc7 = 0.573032
       pc8 = 0.206194
       pc9 = -1.08006
      pc10 = -0.369106
      pc11 = -0.417567
      pc12 = -0.0360179
      pc13 = -0.00519422
      pc14 = 0.0100097
      pc15 = 0.00171585
      pc16 = -0.0177263
Constrained:
   Tgbecnw = 83652.1
     Tecnw = 23789.1
       Tnw = 17882.8
       Tec = 3481.45
     twoNb = 3.06184e+06
     twoNe = 2.2676e+06
     twoNc = 360223
     twoNw = 6.21231e+06
    twoNec = 209595
    twoNnw = 28905.8
  twoNecnw = 77221.2
  twoNbecnw = 3638.25
  twoNgbecnw = 292599
         m = 0.114061
        m4 = 0.0188125
        m5 = 0.108933
        Ta = 37600
        Td = 1740.73
        Te = 870.363
#       SitePat  BranchLen
              b 125053.6576677
              e 48663.4508199
              c 51090.5394556
              n 46076.2578236
              w 46063.6919454
            b:e 2090.5322344
            b:c 2464.7077934
            b:n 1790.2689211
            b:w 1789.3961432
            e:c 10504.6811144
            e:n 5477.2705643
            e:w 5489.8364425
            c:n 4960.2463015
            c:w 4957.4124392
            n:w 12657.8460031
          b:e:c 2089.5195288
          b:e:n 1139.4500815
          b:e:w 1140.3228593
          b:c:n 1150.6825279
          b:c:w 1149.7252595
          b:n:w 2048.9913642
          e:c:n 4552.3919526
          e:c:w 4555.2258149
          e:n:w 6507.7270310
          c:n:w 5518.8440635
        b:e:c:n 2062.6520398
        b:e:c:w 2063.6093082
        b:e:n:w 3177.6091672
        b:c:n:w 2394.0411176
        e:c:n:w 52090.8872969
