########################################
# legofit: estimate population history #
#       version 2.3.4-4-g53f8760       #
########################################

# Program was compiled: Sep 21 2021 14:36:42
# Program was run: Sat Oct  9 11:08:40 2021

# cmd: legofit -1 -d 0 -t 32 --ptsPerDim 3 --stateOut b1boot37.state --tol 3e-6 -S 5000 ade2.lgo ../../boot/boot37.opf
# Stage nOptItr nSimReps
#     0    5000        0
# algorithm          : deterministic
# ignoring probs <=  : 0
# Branch length floor: 0
# DE strategy        : 2
#    F               : 0.3
#    CR              : 0.8
#    tolerance       : 3e-06
# nthreads           : 32
# lgo input file     : ade2.lgo
# site pat input file: ../../boot/boot37.opf
# free parameters    : 16
# points in DE swarm : 48
# output state file  : b1boot37.state
# Including singleton site patterns.
# cost function      : KL
Initial parameter values
Fixed:
      zero = 0
       one = 1
    Tbecnw = 75200
Free:
       pc1 = 0
       pc2 = 0
       pc3 = 0
       pc4 = 0
       pc5 = 0
       pc6 = 0
       pc7 = 0
       pc8 = 0
       pc9 = 0
      pc10 = 0
      pc11 = 0
      pc12 = 0
      pc13 = 0
      pc14 = 0
      pc15 = 0
      pc16 = 0
Constrained:
   Tgbecnw = 94142.7
     Tecnw = 24338.5
       Tnw = 18586.5
       Tec = 9826.45
     twoNb = 2.64007e+06
     twoNe = 1.22413e+06
     twoNc = 339516
     twoNw = 4.07186e+06
    twoNec = 143941
    twoNnw = 28197.9
  twoNecnw = 78600.4
  twoNbecnw = 8004.95
  twoNgbecnw = 281979
         m = 0.120604
        m4 = 0.0189289
        m5 = 0.108799
        Ta = 37600
        Td = 4913.23
        Te = 2456.61
DiffEv reached_goal. cost=1.89228e-03 spread=2.20942e-06
Fitted parameter values
Free:
       pc1 = -0.795048
       pc2 = 1.86999
       pc3 = -1.02326
       pc4 = 0.832453
       pc5 = 1.77995
       pc6 = -1.93938
       pc7 = 0.183595
       pc8 = 1.45533
       pc9 = -1.29922
      pc10 = -0.553045
      pc11 = 0.328299
      pc12 = -0.0188984
      pc13 = -0.115731
      pc14 = -0.0349527
      pc15 = 0.0196864
      pc16 = -0.0172327
Constrained:
   Tgbecnw = 84846
     Tecnw = 23620.3
       Tnw = 19051.1
       Tec = 5205.01
     twoNb = 3.57119e+06
     twoNe = 218744
     twoNc = 313496
     twoNw = 6.19762e+06
    twoNec = 187220
    twoNnw = 21845.7
  twoNecnw = 78520.1
  twoNbecnw = 4077.95
  twoNgbecnw = 299021
         m = 0.113941
        m4 = 0.0174653
        m5 = 0.112975
        Ta = 37600
        Td = 2602.5
        Te = 1301.25
#       SitePat  BranchLen
              b 125800.6874746
              e 48782.3578772
              c 51214.7007038
              n 46144.4687853
              w 46131.0769829
            b:e 2084.5389986
            b:c 2446.2227799
            b:n 1778.3615229
            b:w 1777.4215061
            e:c 10526.5129723
            e:n 5475.9919754
            e:w 5489.3837778
            c:n 4956.1305193
            c:w 4953.0635901
            n:w 12709.4381020
          b:e:c 2092.8839422
          b:e:n 1131.0528487
          b:e:w 1131.9928655
          b:c:n 1141.9538803
          b:c:w 1140.9225529
          b:n:w 2052.2093889
          e:c:n 4536.2189039
          e:c:w 4539.2858331
          e:n:w 6525.3151396
          c:n:w 5527.5030538
        b:e:c:n 2050.0729077
        b:e:c:w 2051.1042352
        b:e:n:w 3147.8590710
        b:c:n:w 2387.9952493
        e:c:n:w 52650.7081001
