########################################
# legofit: estimate population history #
#       version 2.3.4-4-g53f8760       #
########################################

# Program was compiled: Sep 21 2021 14:36:42
# Program was run: Sat Oct  9 11:08:25 2021

# cmd: legofit -1 -d 0 -t 32 --ptsPerDim 3 --stateOut b1boot27.state --tol 3e-6 -S 5000 ade2.lgo ../../boot/boot27.opf
# Stage nOptItr nSimReps
#     0    5000        0
# algorithm          : deterministic
# ignoring probs <=  : 0
# Branch length floor: 0
# DE strategy        : 2
#    F               : 0.3
#    CR              : 0.8
#    tolerance       : 3e-06
# nthreads           : 32
# lgo input file     : ade2.lgo
# site pat input file: ../../boot/boot27.opf
# free parameters    : 16
# points in DE swarm : 48
# output state file  : b1boot27.state
# Including singleton site patterns.
# cost function      : KL
Initial parameter values
Fixed:
      zero = 0
       one = 1
    Tbecnw = 75200
Free:
       pc1 = 0
       pc2 = 0
       pc3 = 0
       pc4 = 0
       pc5 = 0
       pc6 = 0
       pc7 = 0
       pc8 = 0
       pc9 = 0
      pc10 = 0
      pc11 = 0
      pc12 = 0
      pc13 = 0
      pc14 = 0
      pc15 = 0
      pc16 = 0
Constrained:
   Tgbecnw = 94142.7
     Tecnw = 24338.5
       Tnw = 18586.5
       Tec = 9826.45
     twoNb = 2.64007e+06
     twoNe = 1.22413e+06
     twoNc = 339516
     twoNw = 4.07186e+06
    twoNec = 143941
    twoNnw = 28197.9
  twoNecnw = 78600.4
  twoNbecnw = 8004.95
  twoNgbecnw = 281979
         m = 0.120604
        m4 = 0.0189289
        m5 = 0.108799
        Ta = 37600
        Td = 4913.23
        Te = 2456.61
DiffEv reached_goal. cost=1.86496e-03 spread=2.84227e-06
Fitted parameter values
Free:
       pc1 = -1.09943
       pc2 = 1.99111
       pc3 = 0.215279
       pc4 = 1.39529
       pc5 = 1.32146
       pc6 = -1.93721
       pc7 = 0.57646
       pc8 = -0.291896
       pc9 = -1.92271
      pc10 = -0.882563
      pc11 = -1.13902
      pc12 = 0.078993
      pc13 = -0.0186482
      pc14 = 0.0451471
      pc15 = 0.00232049
      pc16 = -0.00684847
Constrained:
   Tgbecnw = 84170.6
     Tecnw = 23510.1
       Tnw = 18818.6
       Tec = 1902.24
     twoNb = 2.30907e+06
     twoNe = 4.10876e+06
     twoNc = 665459
     twoNw = 6.27479e+06
    twoNec = 228277
    twoNnw = 22502.3
  twoNecnw = 79295.8
  twoNbecnw = 3816.42
  twoNgbecnw = 297218
         m = 0.115206
        m4 = 0.0186007
        m5 = 0.11056
        Ta = 37600
        Td = 951.12
        Te = 475.56
#       SitePat  BranchLen
              b 125738.8124714
              e 48830.2689624
              c 51284.0931249
              n 46168.5338161
              w 46154.9697099
            b:e 2106.0937856
            b:c 2493.0209798
            b:n 1787.8026664
            b:w 1786.8565355
            e:c 10569.0950561
            e:n 5503.8187856
            e:w 5517.3828918
            c:n 4981.3771905
            c:w 4978.3108178
            n:w 12746.1696447
          b:e:c 2104.2587097
          b:e:n 1143.8779913
          b:e:w 1144.8241222
          b:c:n 1155.6421511
          b:c:w 1154.6021590
          b:n:w 2060.7503668
          e:c:n 4520.0830710
          e:c:w 4523.1494436
          e:n:w 6554.2567823
          c:n:w 5543.8157026
        b:e:c:n 2066.8764884
        b:e:c:w 2067.9164805
        b:e:n:w 3209.2369612
        b:c:n:w 2418.8979136
        e:c:n:w 52578.3304939
