########################################
# legofit: estimate population history #
#       version 2.3.4-4-g53f8760       #
########################################

# Program was compiled: Sep 21 2021 14:36:42
# Program was run: Sat Oct  9 11:08:25 2021

# cmd: legofit -1 -d 0 -t 32 --ptsPerDim 3 --stateOut b1boot26.state --tol 3e-6 -S 5000 ade2.lgo ../../boot/boot26.opf
# Stage nOptItr nSimReps
#     0    5000        0
# algorithm          : deterministic
# ignoring probs <=  : 0
# Branch length floor: 0
# DE strategy        : 2
#    F               : 0.3
#    CR              : 0.8
#    tolerance       : 3e-06
# nthreads           : 32
# lgo input file     : ade2.lgo
# site pat input file: ../../boot/boot26.opf
# free parameters    : 16
# points in DE swarm : 48
# output state file  : b1boot26.state
# Including singleton site patterns.
# cost function      : KL
Initial parameter values
Fixed:
      zero = 0
       one = 1
    Tbecnw = 75200
Free:
       pc1 = 0
       pc2 = 0
       pc3 = 0
       pc4 = 0
       pc5 = 0
       pc6 = 0
       pc7 = 0
       pc8 = 0
       pc9 = 0
      pc10 = 0
      pc11 = 0
      pc12 = 0
      pc13 = 0
      pc14 = 0
      pc15 = 0
      pc16 = 0
Constrained:
   Tgbecnw = 94142.7
     Tecnw = 24338.5
       Tnw = 18586.5
       Tec = 9826.45
     twoNb = 2.64007e+06
     twoNe = 1.22413e+06
     twoNc = 339516
     twoNw = 4.07186e+06
    twoNec = 143941
    twoNnw = 28197.9
  twoNecnw = 78600.4
  twoNbecnw = 8004.95
  twoNgbecnw = 281979
         m = 0.120604
        m4 = 0.0189289
        m5 = 0.108799
        Ta = 37600
        Td = 4913.23
        Te = 2456.61
DiffEv reached_goal. cost=1.86238e-03 spread=2.23273e-06
Fitted parameter values
Free:
       pc1 = -1.24621
       pc2 = 1.90147
       pc3 = -0.102903
       pc4 = 0.386077
       pc5 = 1.57001
       pc6 = -1.95386
       pc7 = 0.654528
       pc8 = 0.887959
       pc9 = -1.37558
      pc10 = -0.980895
      pc11 = -0.287971
      pc12 = -0.00793935
      pc13 = 0.0778567
      pc14 = 0.0151382
      pc15 = 0.00223636
      pc16 = -0.00340137
Constrained:
   Tgbecnw = 83349
     Tecnw = 23536.3
       Tnw = 18170.6
       Tec = 3685.34
     twoNb = 3.11495e+06
     twoNe = 795862
     twoNc = 352608
     twoNw = 6.13812e+06
    twoNec = 205087
    twoNnw = 26401.5
  twoNecnw = 79321.9
  twoNbecnw = 3497.78
  twoNgbecnw = 292701
         m = 0.116041
        m4 = 0.0182409
        m5 = 0.110676
        Ta = 37600
        Td = 1842.67
        Te = 921.335
#       SitePat  BranchLen
              b 125240.3266251
              e 48813.7552430
              c 51232.7187111
              n 46250.3391811
              w 46237.2269638
            b:e 2096.0077724
            b:c 2464.6768106
            b:n 1797.8672923
            b:w 1796.9526213
            e:c 10532.4880729
            e:n 5509.4362570
            e:w 5522.5484744
            c:n 4989.5216142
            c:w 4986.5615955
            n:w 12675.0618953
          b:e:c 2097.5951457
          b:e:n 1147.1300490
          b:e:w 1148.0447200
          b:c:n 1158.4129464
          b:c:w 1157.4071791
          b:n:w 2056.4853386
          e:c:n 4540.9509001
          e:c:w 4543.9109188
          e:n:w 6478.2513041
          c:n:w 5497.7800185
        b:e:c:n 2079.8898618
        b:e:c:w 2080.8956291
        b:e:n:w 3181.6829882
        b:c:n:w 2409.7776899
        e:c:n:w 52140.5655757
