########################################
# legofit: estimate population history #
#       version 2.3.4-4-g53f8760       #
########################################

# Program was compiled: Sep 21 2021 14:36:42
# Program was run: Sat Oct  9 11:08:05 2021

# cmd: legofit -1 -d 0 -t 32 --ptsPerDim 3 --stateOut b1boot14.state --tol 3e-6 -S 5000 ade2.lgo ../../boot/boot14.opf
# Stage nOptItr nSimReps
#     0    5000        0
# algorithm          : deterministic
# ignoring probs <=  : 0
# Branch length floor: 0
# DE strategy        : 2
#    F               : 0.3
#    CR              : 0.8
#    tolerance       : 3e-06
# nthreads           : 32
# lgo input file     : ade2.lgo
# site pat input file: ../../boot/boot14.opf
# free parameters    : 16
# points in DE swarm : 48
# output state file  : b1boot14.state
# Including singleton site patterns.
# cost function      : KL
Initial parameter values
Fixed:
      zero = 0
       one = 1
    Tbecnw = 75200
Free:
       pc1 = 0
       pc2 = 0
       pc3 = 0
       pc4 = 0
       pc5 = 0
       pc6 = 0
       pc7 = 0
       pc8 = 0
       pc9 = 0
      pc10 = 0
      pc11 = 0
      pc12 = 0
      pc13 = 0
      pc14 = 0
      pc15 = 0
      pc16 = 0
Constrained:
   Tgbecnw = 94142.7
     Tecnw = 24338.5
       Tnw = 18586.5
       Tec = 9826.45
     twoNb = 2.64007e+06
     twoNe = 1.22413e+06
     twoNc = 339516
     twoNw = 4.07186e+06
    twoNec = 143941
    twoNnw = 28197.9
  twoNecnw = 78600.4
  twoNbecnw = 8004.95
  twoNgbecnw = 281979
         m = 0.120604
        m4 = 0.0189289
        m5 = 0.108799
        Ta = 37600
        Td = 4913.23
        Te = 2456.61
DiffEv reached_goal. cost=1.85959e-03 spread=2.81533e-06
Fitted parameter values
Free:
       pc1 = -1.71
       pc2 = 1.82391
       pc3 = -0.801552
       pc4 = 1.66574
       pc5 = 1.92696
       pc6 = -1.83822
       pc7 = 0.210211
       pc8 = 0.35227
       pc9 = -1.91426
      pc10 = -0.360189
      pc11 = 0.062908
      pc12 = 0.00803315
      pc13 = -0.0212938
      pc14 = 0.0468995
      pc15 = 0.00461756
      pc16 = 0.0101179
Constrained:
   Tgbecnw = 84107
     Tecnw = 23853.7
       Tnw = 18863.1
       Tec = 2228.95
     twoNb = 2.73875e+06
     twoNe = 2.16452e+06
     twoNc = 628207
     twoNw = 6.41413e+06
    twoNec = 227342
    twoNnw = 23881
  twoNecnw = 77224.7
  twoNbecnw = 3784.74
  twoNgbecnw = 301221
         m = 0.110903
        m4 = 0.0175391
        m5 = 0.111127
        Ta = 37600
        Td = 1114.47
        Te = 557.237
#       SitePat  BranchLen
              b 125278.2526167
              e 48726.8131535
              c 51121.3656465
              n 46094.5650668
              w 46081.3103279
            b:e 2104.5455678
            b:c 2471.9041961
            b:n 1787.0450873
            b:w 1786.1178944
            e:c 10517.8312459
            e:n 5463.5764886
            e:w 5476.8312275
            c:n 4950.9074857
            c:w 4947.9051245
            n:w 12658.2051584
          b:e:c 2100.6770544
          b:e:n 1140.6018671
          b:e:w 1141.5290599
          b:c:n 1151.8987329
          b:c:w 1150.8817469
          b:n:w 2058.5132752
          e:c:n 4529.1632928
          e:c:w 4532.1656540
          e:n:w 6539.4642964
          c:n:w 5549.9635700
        b:e:c:n 2059.2734145
        b:e:c:w 2060.2904005
        b:e:n:w 3161.0500417
        b:c:n:w 2409.5849872
        e:c:n:w 52308.3533908
