########################################
# legofit: estimate population history #
#       version 2.3.4-4-g53f8760       #
########################################

# Program was compiled: Sep 21 2021 14:36:42
# Program was run: Sat Oct  9 11:08:05 2021

# cmd: legofit -1 -d 0 -t 32 --ptsPerDim 3 --stateOut b1boot12.state --tol 3e-6 -S 5000 ade2.lgo ../../boot/boot12.opf
# Stage nOptItr nSimReps
#     0    5000        0
# algorithm          : deterministic
# ignoring probs <=  : 0
# Branch length floor: 0
# DE strategy        : 2
#    F               : 0.3
#    CR              : 0.8
#    tolerance       : 3e-06
# nthreads           : 32
# lgo input file     : ade2.lgo
# site pat input file: ../../boot/boot12.opf
# free parameters    : 16
# points in DE swarm : 48
# output state file  : b1boot12.state
# Including singleton site patterns.
# cost function      : KL
Initial parameter values
Fixed:
      zero = 0
       one = 1
    Tbecnw = 75200
Free:
       pc1 = 0
       pc2 = 0
       pc3 = 0
       pc4 = 0
       pc5 = 0
       pc6 = 0
       pc7 = 0
       pc8 = 0
       pc9 = 0
      pc10 = 0
      pc11 = 0
      pc12 = 0
      pc13 = 0
      pc14 = 0
      pc15 = 0
      pc16 = 0
Constrained:
   Tgbecnw = 94142.7
     Tecnw = 24338.5
       Tnw = 18586.5
       Tec = 9826.45
     twoNb = 2.64007e+06
     twoNe = 1.22413e+06
     twoNc = 339516
     twoNw = 4.07186e+06
    twoNec = 143941
    twoNnw = 28197.9
  twoNecnw = 78600.4
  twoNbecnw = 8004.95
  twoNgbecnw = 281979
         m = 0.120604
        m4 = 0.0189289
        m5 = 0.108799
        Ta = 37600
        Td = 4913.23
        Te = 2456.61
DiffEv reached_goal. cost=1.85232e-03 spread=2.38047e-06
Fitted parameter values
Free:
       pc1 = -0.747904
       pc2 = 1.97463
       pc3 = 0.0438623
       pc4 = 0.560673
       pc5 = 1.85005
       pc6 = -1.83735
       pc7 = -0.410028
       pc8 = 1.78413
       pc9 = -1.44807
      pc10 = -0.885145
      pc11 = -0.184063
      pc12 = -0.237576
      pc13 = -0.0796952
      pc14 = -0.0549005
      pc15 = 0.0179442
      pc16 = -0.0209462
Constrained:
   Tgbecnw = 83339.3
     Tecnw = 23397.3
       Tnw = 18723.4
       Tec = 4752.23
     twoNb = 4.3765e+06
     twoNe = 910327
     twoNc = 394764
     twoNw = 4.51727e+06
    twoNec = 190617
    twoNnw = 22817.7
  twoNecnw = 79297
  twoNbecnw = 3507.62
  twoNgbecnw = 289168
         m = 0.116555
        m4 = 0.0178168
        m5 = 0.113169
        Ta = 37600
        Td = 2376.12
        Te = 1188.06
#       SitePat  BranchLen
              b 124977.7872006
              e 48696.9995918
              c 51130.0923515
              n 46147.8056281
              w 46129.5208809
            b:e 2084.8044894
            b:c 2444.7661226
            b:n 1788.0250316
            b:w 1786.7415549
            e:c 10517.2155672
            e:n 5504.9397624
            e:w 5523.2245096
            c:n 4984.8389320
            c:w 4980.6616031
            n:w 12649.7574265
          b:e:c 2089.6538059
          b:e:n 1139.2463368
          b:e:w 1140.5298135
          b:c:n 1150.5751180
          b:c:w 1149.1648350
          b:n:w 2049.3218949
          e:c:n 4542.5451452
          e:c:w 4546.7224741
          e:n:w 6491.7504103
          c:n:w 5501.7601561
        b:e:c:n 2065.9078591
        b:e:c:w 2067.3181421
        b:e:n:w 3154.7486511
        b:c:n:w 2394.3842064
        e:c:n:w 51917.3687436
