########################################
# legofit: estimate population history #
#       version 2.3.4-4-g53f8760       #
########################################

# Program was compiled: Sep 21 2021 14:36:42
# Program was run: Sat Oct  9 11:08:15 2021

# cmd: legofit -1 -d 0 -t 32 --ptsPerDim 3 --stateOut b1boot19.state --tol 3e-6 -S 5000 ade2.lgo ../../boot/boot19.opf
# Stage nOptItr nSimReps
#     0    5000        0
# algorithm          : deterministic
# ignoring probs <=  : 0
# Branch length floor: 0
# DE strategy        : 2
#    F               : 0.3
#    CR              : 0.8
#    tolerance       : 3e-06
# nthreads           : 32
# lgo input file     : ade2.lgo
# site pat input file: ../../boot/boot19.opf
# free parameters    : 16
# points in DE swarm : 48
# output state file  : b1boot19.state
# Including singleton site patterns.
# cost function      : KL
Initial parameter values
Fixed:
      zero = 0
       one = 1
    Tbecnw = 75200
Free:
       pc1 = 0
       pc2 = 0
       pc3 = 0
       pc4 = 0
       pc5 = 0
       pc6 = 0
       pc7 = 0
       pc8 = 0
       pc9 = 0
      pc10 = 0
      pc11 = 0
      pc12 = 0
      pc13 = 0
      pc14 = 0
      pc15 = 0
      pc16 = 0
Constrained:
   Tgbecnw = 94142.7
     Tecnw = 24338.5
       Tnw = 18586.5
       Tec = 9826.45
     twoNb = 2.64007e+06
     twoNe = 1.22413e+06
     twoNc = 339516
     twoNw = 4.07186e+06
    twoNec = 143941
    twoNnw = 28197.9
  twoNecnw = 78600.4
  twoNbecnw = 8004.95
  twoNgbecnw = 281979
         m = 0.120604
        m4 = 0.0189289
        m5 = 0.108799
        Ta = 37600
        Td = 4913.23
        Te = 2456.61
DiffEv reached_goal. cost=1.87997e-03 spread=2.27178e-06
Fitted parameter values
Free:
       pc1 = -1.03391
       pc2 = 1.99675
       pc3 = 0.38527
       pc4 = 0.658194
       pc5 = 1.45235
       pc6 = -1.94617
       pc7 = 0.882974
       pc8 = 1.38787
       pc9 = -1.0669
      pc10 = -0.29115
      pc11 = -0.0594186
      pc12 = -0.061822
      pc13 = -0.0883496
      pc14 = -0.00682172
      pc15 = 0.0174923
      pc16 = -0.0217178
Constrained:
   Tgbecnw = 84039.7
     Tecnw = 23536.1
       Tnw = 19140.7
       Tec = 3496.68
     twoNb = 3.85184e+06
     twoNe = 248523
     twoNc = 227485
     twoNw = 5.86182e+06
    twoNec = 208175
    twoNnw = 21014.4
  twoNecnw = 78299.9
  twoNbecnw = 3790.69
  twoNgbecnw = 292576
         m = 0.115396
        m4 = 0.0184139
        m5 = 0.108258
        Ta = 37600
        Td = 1748.34
        Te = 874.17
#       SitePat  BranchLen
              b 125376.7038236
              e 48709.5911680
              c 51124.9962416
              n 46063.3970242
              w 46049.4083797
            b:e 2094.6824079
            b:c 2461.2981225
            b:n 1780.1020025
            b:w 1779.1203225
            e:c 10549.3014762
            e:n 5469.9766730
            e:w 5483.9653174
            c:n 4962.5786431
            c:w 4959.3801882
            n:w 12703.0732726
          b:e:c 2096.7951742
          b:e:n 1134.3937635
          b:e:w 1135.3754434
          b:c:n 1145.3734296
          b:c:w 1144.2963090
          b:n:w 2055.2045585
          e:c:n 4533.2691510
          e:c:w 4536.4676059
          e:n:w 6541.2614898
          c:n:w 5550.2766277
        b:e:c:n 2052.4750060
        b:e:c:w 2053.5521266
        b:e:n:w 3178.6787032
        b:c:n:w 2399.7251616
        e:c:n:w 52317.9910913
