########################################
# legofit: estimate population history #
#       version 2.3.4-4-g53f8760       #
########################################

# Program was compiled: Sep 21 2021 14:36:42
# Program was run: Sat Oct  9 11:08:57 2021

# cmd: legofit -1 -d 0 -t 32 --ptsPerDim 3 --stateOut b1boot48.state --tol 3e-6 -S 5000 ade2.lgo ../../boot/boot48.opf
# Stage nOptItr nSimReps
#     0    5000        0
# algorithm          : deterministic
# ignoring probs <=  : 0
# Branch length floor: 0
# DE strategy        : 2
#    F               : 0.3
#    CR              : 0.8
#    tolerance       : 3e-06
# nthreads           : 32
# lgo input file     : ade2.lgo
# site pat input file: ../../boot/boot48.opf
# free parameters    : 16
# points in DE swarm : 48
# output state file  : b1boot48.state
# Including singleton site patterns.
# cost function      : KL
Initial parameter values
Fixed:
      zero = 0
       one = 1
    Tbecnw = 75200
Free:
       pc1 = 0
       pc2 = 0
       pc3 = 0
       pc4 = 0
       pc5 = 0
       pc6 = 0
       pc7 = 0
       pc8 = 0
       pc9 = 0
      pc10 = 0
      pc11 = 0
      pc12 = 0
      pc13 = 0
      pc14 = 0
      pc15 = 0
      pc16 = 0
Constrained:
   Tgbecnw = 94142.7
     Tecnw = 24338.5
       Tnw = 18586.5
       Tec = 9826.45
     twoNb = 2.64007e+06
     twoNe = 1.22413e+06
     twoNc = 339516
     twoNw = 4.07186e+06
    twoNec = 143941
    twoNnw = 28197.9
  twoNecnw = 78600.4
  twoNbecnw = 8004.95
  twoNgbecnw = 281979
         m = 0.120604
        m4 = 0.0189289
        m5 = 0.108799
        Ta = 37600
        Td = 4913.23
        Te = 2456.61
DiffEv reached_goal. cost=1.88923e-03 spread=2.55588e-06
Fitted parameter values
Free:
       pc1 = -1.78798
       pc2 = 1.85666
       pc3 = -0.117333
       pc4 = 0.467979
       pc5 = 1.72009
       pc6 = -1.64284
       pc7 = 0.419942
       pc8 = 0.981877
       pc9 = -1.71909
      pc10 = -0.242384
      pc11 = -1.15426
      pc12 = -0.0339969
      pc13 = -0.0173346
      pc14 = 0.0346194
      pc15 = -0.00819772
      pc16 = -0.0264886
Constrained:
   Tgbecnw = 82459.9
     Tecnw = 23729.6
       Tnw = 18636.1
       Tec = 1805.49
     twoNb = 2.84223e+06
     twoNe = 1.04913e+06
     twoNc = 409178
     twoNw = 5.17758e+06
    twoNec = 230006
    twoNnw = 24533.6
  twoNecnw = 77767.6
  twoNbecnw = 3152.2
  twoNgbecnw = 289376
         m = 0.116269
        m4 = 0.0184747
        m5 = 0.115073
        Ta = 37600
        Td = 902.743
        Te = 451.372
#       SitePat  BranchLen
              b 124945.4888341
              e 48631.5379119
              c 51121.3112341
              n 46050.6210958
              w 46033.6783008
            b:e 2095.9858318
            b:c 2481.1090822
            b:n 1784.6177609
            b:w 1783.4372626
            e:c 10495.4734147
            e:n 5482.3566768
            e:w 5499.2994719
            c:n 4949.5645714
            c:w 4945.7460020
            n:w 12629.7447025
          b:e:c 2093.2492524
          b:e:n 1141.3754341
          b:e:w 1142.5559324
          b:c:n 1153.3997964
          b:c:w 1152.1031041
          b:n:w 2050.6717871
          e:c:n 4515.1740891
          e:c:w 4518.9926584
          e:n:w 6542.4112594
          c:n:w 5515.3730873
        b:e:c:n 2060.5928810
        b:e:c:w 2061.8895733
        b:e:n:w 3188.0758511
        b:c:n:w 2404.9912454
        e:c:n:w 52070.5736371
