########################################
# legofit: estimate population history #
#       version 2.3.4-4-g53f8760       #
########################################

# Program was compiled: Sep 21 2021 14:36:42
# Program was run: Sat Oct  9 11:08:41 2021

# cmd: legofit -1 -d 0 -t 32 --ptsPerDim 3 --stateOut b1boot39.state --tol 3e-6 -S 5000 ade2.lgo ../../boot/boot39.opf
# Stage nOptItr nSimReps
#     0    5000        0
# algorithm          : deterministic
# ignoring probs <=  : 0
# Branch length floor: 0
# DE strategy        : 2
#    F               : 0.3
#    CR              : 0.8
#    tolerance       : 3e-06
# nthreads           : 32
# lgo input file     : ade2.lgo
# site pat input file: ../../boot/boot39.opf
# free parameters    : 16
# points in DE swarm : 48
# output state file  : b1boot39.state
# Including singleton site patterns.
# cost function      : KL
Initial parameter values
Fixed:
      zero = 0
       one = 1
    Tbecnw = 75200
Free:
       pc1 = 0
       pc2 = 0
       pc3 = 0
       pc4 = 0
       pc5 = 0
       pc6 = 0
       pc7 = 0
       pc8 = 0
       pc9 = 0
      pc10 = 0
      pc11 = 0
      pc12 = 0
      pc13 = 0
      pc14 = 0
      pc15 = 0
      pc16 = 0
Constrained:
   Tgbecnw = 94142.7
     Tecnw = 24338.5
       Tnw = 18586.5
       Tec = 9826.45
     twoNb = 2.64007e+06
     twoNe = 1.22413e+06
     twoNc = 339516
     twoNw = 4.07186e+06
    twoNec = 143941
    twoNnw = 28197.9
  twoNecnw = 78600.4
  twoNbecnw = 8004.95
  twoNgbecnw = 281979
         m = 0.120604
        m4 = 0.0189289
        m5 = 0.108799
        Ta = 37600
        Td = 4913.23
        Te = 2456.61
DiffEv reached_goal. cost=1.85801e-03 spread=2.78881e-06
Fitted parameter values
Free:
       pc1 = -1.58417
       pc2 = 1.60108
       pc3 = 0.36713
       pc4 = 0.721613
       pc5 = 1.73641
       pc6 = -1.63434
       pc7 = -0.0156667
       pc8 = 0.369619
       pc9 = -1.39933
      pc10 = -0.308777
      pc11 = -0.533019
      pc12 = -0.184422
      pc13 = -0.0600743
      pc14 = -0.0417226
      pc15 = 0.0135724
      pc16 = -0.0252012
Constrained:
   Tgbecnw = 84222
     Tecnw = 23769.4
       Tnw = 18314
       Tec = 2870.25
     twoNb = 3.39298e+06
     twoNe = 1.75708e+06
     twoNc = 634697
     twoNw = 5.28693e+06
    twoNec = 214155
    twoNnw = 26499.2
  twoNecnw = 77484.9
  twoNbecnw = 3911.15
  twoNgbecnw = 287292
         m = 0.115665
        m4 = 0.0184583
        m5 = 0.111132
        Ta = 37600
        Td = 1435.12
        Te = 717.562
#       SitePat  BranchLen
              b 125061.0954806
              e 48666.6779810
              c 51108.7839487
              n 46127.1734356
              w 46111.6259978
            b:e 2098.1846560
            b:c 2471.4152245
            b:n 1795.6505690
            b:w 1794.5658161
            e:c 10576.4452955
            e:n 5487.5587155
            e:w 5503.1061532
            c:n 4967.1584353
            c:w 4963.6387107
            n:w 12681.4949020
          b:e:c 2099.6819018
          b:e:n 1141.9570521
          b:e:w 1143.0418050
          b:c:n 1153.2554545
          b:c:w 1152.0662859
          b:n:w 2059.2996977
          e:c:n 4564.5697272
          e:c:w 4568.0894518
          e:n:w 6540.0106814
          c:n:w 5538.4921087
        b:e:c:n 2067.1191849
        b:e:c:w 2068.3083536
        b:e:n:w 3175.2843638
        b:c:n:w 2401.0109952
        e:c:n:w 51981.9017622
