########################################
# legofit: estimate population history #
#       version 2.3.4-4-g53f8760       #
########################################

# Program was compiled: Sep 21 2021 14:36:42
# Program was run: Sat Oct  9 11:08:49 2021

# cmd: legofit -1 -d 0 -t 32 --ptsPerDim 3 --stateOut b1boot40.state --tol 3e-6 -S 5000 ade2.lgo ../../boot/boot40.opf
# Stage nOptItr nSimReps
#     0    5000        0
# algorithm          : deterministic
# ignoring probs <=  : 0
# Branch length floor: 0
# DE strategy        : 2
#    F               : 0.3
#    CR              : 0.8
#    tolerance       : 3e-06
# nthreads           : 32
# lgo input file     : ade2.lgo
# site pat input file: ../../boot/boot40.opf
# free parameters    : 16
# points in DE swarm : 48
# output state file  : b1boot40.state
# Including singleton site patterns.
# cost function      : KL
Initial parameter values
Fixed:
      zero = 0
       one = 1
    Tbecnw = 75200
Free:
       pc1 = 0
       pc2 = 0
       pc3 = 0
       pc4 = 0
       pc5 = 0
       pc6 = 0
       pc7 = 0
       pc8 = 0
       pc9 = 0
      pc10 = 0
      pc11 = 0
      pc12 = 0
      pc13 = 0
      pc14 = 0
      pc15 = 0
      pc16 = 0
Constrained:
   Tgbecnw = 94142.7
     Tecnw = 24338.5
       Tnw = 18586.5
       Tec = 9826.45
     twoNb = 2.64007e+06
     twoNe = 1.22413e+06
     twoNc = 339516
     twoNw = 4.07186e+06
    twoNec = 143941
    twoNnw = 28197.9
  twoNecnw = 78600.4
  twoNbecnw = 8004.95
  twoNgbecnw = 281979
         m = 0.120604
        m4 = 0.0189289
        m5 = 0.108799
        Ta = 37600
        Td = 4913.23
        Te = 2456.61
DiffEv reached_goal. cost=1.86873e-03 spread=2.18399e-06
Fitted parameter values
Free:
       pc1 = -1.36695
       pc2 = 1.96363
       pc3 = 0.73867
       pc4 = 0.753463
       pc5 = 1.88829
       pc6 = -1.813
       pc7 = 0.115752
       pc8 = 0.759807
       pc9 = -1.10535
      pc10 = -0.481121
      pc11 = -0.767941
      pc12 = -0.0135035
      pc13 = -0.0522141
      pc14 = -0.0157444
      pc15 = -0.00408865
      pc16 = -0.023316
Constrained:
   Tgbecnw = 83364.9
     Tecnw = 23593.9
       Tnw = 18569.4
       Tec = 2627.38
     twoNb = 3.98324e+06
     twoNe = 1.34974e+06
     twoNc = 586695
     twoNw = 5.14635e+06
    twoNec = 217022
    twoNnw = 24517.7
  twoNecnw = 78361.9
  twoNbecnw = 3504.18
  twoNgbecnw = 293125
         m = 0.115835
        m4 = 0.0186951
        m5 = 0.111001
        Ta = 37600
        Td = 1313.69
        Te = 656.845
#       SitePat  BranchLen
              b 125343.6230394
              e 48661.2813750
              c 51116.4078612
              n 46138.5381618
              w 46122.3319585
            b:e 2087.0917039
            b:c 2457.7518559
            b:n 1785.7566507
            b:w 1784.6287079
            e:c 10543.2142984
            e:n 5489.0481989
            e:w 5505.2544023
            c:n 4970.0409213
            c:w 4966.3747090
            n:w 12632.9863501
          b:e:c 2087.1544153
          b:e:n 1138.7900352
          b:e:w 1139.9179780
          b:c:n 1150.1499180
          b:c:w 1148.9113024
          b:n:w 2046.3271984
          e:c:n 4535.7683657
          e:c:w 4539.4345780
          e:n:w 6504.5504888
          c:n:w 5507.6192205
        b:e:c:n 2061.3507555
        b:e:c:w 2062.5893711
        b:e:n:w 3185.8415559
        b:c:n:w 2394.5197012
        e:c:n:w 52333.1169154
