########################################
# legofit: estimate population history #
#       version 2.3.4-4-g53f8760       #
########################################

# Program was compiled: Sep 21 2021 14:36:42
# Program was run: Sat Oct  9 11:08:40 2021

# cmd: legofit -1 -d 0 -t 32 --ptsPerDim 3 --stateOut b1boot34.state --tol 3e-6 -S 5000 ade2.lgo ../../boot/boot34.opf
# Stage nOptItr nSimReps
#     0    5000        0
# algorithm          : deterministic
# ignoring probs <=  : 0
# Branch length floor: 0
# DE strategy        : 2
#    F               : 0.3
#    CR              : 0.8
#    tolerance       : 3e-06
# nthreads           : 32
# lgo input file     : ade2.lgo
# site pat input file: ../../boot/boot34.opf
# free parameters    : 16
# points in DE swarm : 48
# output state file  : b1boot34.state
# Including singleton site patterns.
# cost function      : KL
Initial parameter values
Fixed:
      zero = 0
       one = 1
    Tbecnw = 75200
Free:
       pc1 = 0
       pc2 = 0
       pc3 = 0
       pc4 = 0
       pc5 = 0
       pc6 = 0
       pc7 = 0
       pc8 = 0
       pc9 = 0
      pc10 = 0
      pc11 = 0
      pc12 = 0
      pc13 = 0
      pc14 = 0
      pc15 = 0
      pc16 = 0
Constrained:
   Tgbecnw = 94142.7
     Tecnw = 24338.5
       Tnw = 18586.5
       Tec = 9826.45
     twoNb = 2.64007e+06
     twoNe = 1.22413e+06
     twoNc = 339516
     twoNw = 4.07186e+06
    twoNec = 143941
    twoNnw = 28197.9
  twoNecnw = 78600.4
  twoNbecnw = 8004.95
  twoNgbecnw = 281979
         m = 0.120604
        m4 = 0.0189289
        m5 = 0.108799
        Ta = 37600
        Td = 4913.23
        Te = 2456.61
DiffEv reached_goal. cost=1.87087e-03 spread=2.62963e-06
Fitted parameter values
Free:
       pc1 = -1.96213
       pc2 = 1.92316
       pc3 = -0.642347
       pc4 = 0.749756
       pc5 = 1.88917
       pc6 = -1.86085
       pc7 = 0.578278
       pc8 = 0.687252
       pc9 = -1.73815
      pc10 = -0.177014
      pc11 = -0.851376
      pc12 = -0.160788
      pc13 = -0.178331
      pc14 = 0.0304448
      pc15 = 0.000311999
      pc16 = -0.0232526
Constrained:
   Tgbecnw = 82882.7
     Tecnw = 23710.6
       Tnw = 18551.4
       Tec = 1594.89
     twoNb = 2.56555e+06
     twoNe = 975496
     twoNc = 457815
     twoNw = 6.20689e+06
    twoNec = 233915
    twoNnw = 24725.8
  twoNecnw = 76981.6
  twoNbecnw = 3303.87
  twoNgbecnw = 293752
         m = 0.113471
        m4 = 0.0181857
        m5 = 0.115137
        Ta = 37600
        Td = 797.445
        Te = 398.722
#       SitePat  BranchLen
              b 124813.3651863
              e 48488.5740173
              c 50961.0791088
              n 45866.8304173
              w 45852.7529199
            b:e 2080.0084404
            b:c 2462.0340125
            b:n 1766.5270764
            b:w 1765.5532003
            e:c 10460.8727530
            e:n 5471.3826874
            e:w 5485.4601849
            c:n 4939.7860951
            c:w 4936.6090494
            n:w 12616.1754931
          b:e:c 2073.0670629
          b:e:n 1129.8557198
          b:e:w 1130.8295959
          b:c:n 1141.5892741
          b:c:w 1140.5208991
          b:n:w 2030.8010746
          e:c:n 4508.9929300
          e:c:w 4512.1699757
          e:n:w 6549.1765331
          c:n:w 5524.2849255
        b:e:c:n 2035.8402372
        b:e:c:w 2036.9086121
        b:e:n:w 3152.5127027
        b:c:n:w 2381.8962864
        e:c:n:w 52025.6581589
