########################################
# legofit: estimate population history #
#       version 2.3.4-4-g53f8760       #
########################################

# Program was compiled: Sep 21 2021 14:36:42
# Program was run: Sat Oct  9 11:08:15 2021

# cmd: legofit -1 -d 0 -t 32 --ptsPerDim 3 --stateOut b1boot22.state --tol 3e-6 -S 5000 ade2.lgo ../../boot/boot22.opf
# Stage nOptItr nSimReps
#     0    5000        0
# algorithm          : deterministic
# ignoring probs <=  : 0
# Branch length floor: 0
# DE strategy        : 2
#    F               : 0.3
#    CR              : 0.8
#    tolerance       : 3e-06
# nthreads           : 32
# lgo input file     : ade2.lgo
# site pat input file: ../../boot/boot22.opf
# free parameters    : 16
# points in DE swarm : 48
# output state file  : b1boot22.state
# Including singleton site patterns.
# cost function      : KL
Initial parameter values
Fixed:
      zero = 0
       one = 1
    Tbecnw = 75200
Free:
       pc1 = 0
       pc2 = 0
       pc3 = 0
       pc4 = 0
       pc5 = 0
       pc6 = 0
       pc7 = 0
       pc8 = 0
       pc9 = 0
      pc10 = 0
      pc11 = 0
      pc12 = 0
      pc13 = 0
      pc14 = 0
      pc15 = 0
      pc16 = 0
Constrained:
   Tgbecnw = 94142.7
     Tecnw = 24338.5
       Tnw = 18586.5
       Tec = 9826.45
     twoNb = 2.64007e+06
     twoNe = 1.22413e+06
     twoNc = 339516
     twoNw = 4.07186e+06
    twoNec = 143941
    twoNnw = 28197.9
  twoNecnw = 78600.4
  twoNbecnw = 8004.95
  twoNgbecnw = 281979
         m = 0.120604
        m4 = 0.0189289
        m5 = 0.108799
        Ta = 37600
        Td = 4913.23
        Te = 2456.61
DiffEv reached_goal. cost=1.87140e-03 spread=2.65714e-06
Fitted parameter values
Free:
       pc1 = -0.1487
       pc2 = 1.92107
       pc3 = 1.04901
       pc4 = 0.770995
       pc5 = 1.66166
       pc6 = -1.74295
       pc7 = 0.206553
       pc8 = 0.652591
       pc9 = -1.77639
      pc10 = -0.880983
      pc11 = -0.464241
      pc12 = 0.00445349
      pc13 = -0.0326962
      pc14 = -0.0143762
      pc15 = 0.000297412
      pc16 = -0.0204175
Constrained:
   Tgbecnw = 83934.3
     Tecnw = 23294
       Tnw = 19351.5
       Tec = 4359.35
     twoNb = 3.57957e+06
     twoNe = 2.2676e+06
     twoNc = 631741
     twoNw = 4.87481e+06
    twoNec = 196000
    twoNnw = 19052.3
  twoNecnw = 80183.2
  twoNbecnw = 3787
  twoNgbecnw = 286156
         m = 0.120262
        m4 = 0.0184914
        m5 = 0.10757
        Ta = 37600
        Td = 2179.67
        Te = 1089.84
#       SitePat  BranchLen
              b 125806.2598946
              e 48900.4414579
              c 51309.8643965
              n 46279.9136752
              w 46263.1900671
            b:e 2117.2979881
            b:c 2489.1276029
            b:n 1805.6350789
            b:w 1804.4456891
            e:c 10595.3768312
            e:n 5513.6000172
            e:w 5530.3236252
            c:n 5008.6591748
            c:w 5004.8119378
            n:w 12740.7337593
          b:e:c 2122.1521557
          b:e:n 1151.4471686
          b:e:w 1152.6365584
          b:c:n 1162.7373444
          b:c:w 1161.4299222
          b:n:w 2080.1165718
          e:c:n 4556.4101141
          e:c:w 4560.2573511
          e:n:w 6543.8602007
          c:n:w 5557.0926562
        b:e:c:n 2087.7989223
        b:e:c:w 2089.1063445
        b:e:n:w 3216.8203352
        b:c:n:w 2432.7040515
        e:c:n:w 52542.1868230
