########################################
# legofit: estimate population history #
#       version 2.3.4-4-g53f8760       #
########################################

# Program was compiled: Sep 21 2021 14:36:42
# Program was run: Sat Oct  9 11:08:57 2021

# cmd: legofit -1 -d 0 -t 32 --ptsPerDim 3 --stateOut b1boot47.state --tol 3e-6 -S 5000 ade2.lgo ../../boot/boot47.opf
# Stage nOptItr nSimReps
#     0    5000        0
# algorithm          : deterministic
# ignoring probs <=  : 0
# Branch length floor: 0
# DE strategy        : 2
#    F               : 0.3
#    CR              : 0.8
#    tolerance       : 3e-06
# nthreads           : 32
# lgo input file     : ade2.lgo
# site pat input file: ../../boot/boot47.opf
# free parameters    : 16
# points in DE swarm : 48
# output state file  : b1boot47.state
# Including singleton site patterns.
# cost function      : KL
Initial parameter values
Fixed:
      zero = 0
       one = 1
    Tbecnw = 75200
Free:
       pc1 = 0
       pc2 = 0
       pc3 = 0
       pc4 = 0
       pc5 = 0
       pc6 = 0
       pc7 = 0
       pc8 = 0
       pc9 = 0
      pc10 = 0
      pc11 = 0
      pc12 = 0
      pc13 = 0
      pc14 = 0
      pc15 = 0
      pc16 = 0
Constrained:
   Tgbecnw = 94142.7
     Tecnw = 24338.5
       Tnw = 18586.5
       Tec = 9826.45
     twoNb = 2.64007e+06
     twoNe = 1.22413e+06
     twoNc = 339516
     twoNw = 4.07186e+06
    twoNec = 143941
    twoNnw = 28197.9
  twoNecnw = 78600.4
  twoNbecnw = 8004.95
  twoNgbecnw = 281979
         m = 0.120604
        m4 = 0.0189289
        m5 = 0.108799
        Ta = 37600
        Td = 4913.23
        Te = 2456.61
DiffEv reached_goal. cost=1.86086e-03 spread=2.17683e-06
Fitted parameter values
Free:
       pc1 = -1.53582
       pc2 = 1.8971
       pc3 = -0.0628576
       pc4 = 0.647066
       pc5 = 1.82309
       pc6 = -1.98943
       pc7 = 0.647447
       pc8 = 1.42964
       pc9 = -1.62472
      pc10 = -0.517415
      pc11 = -0.011628
      pc12 = -0.141352
      pc13 = -0.082967
      pc14 = 0.0138114
      pc15 = 0.01401
      pc16 = -0.0219525
Constrained:
   Tgbecnw = 82714.1
     Tecnw = 23565.5
       Tnw = 18625.2
       Tec = 2486.25
     twoNb = 3.51072e+06
     twoNe = 192483
     twoNc = 301813
     twoNw = 5.81132e+06
    twoNec = 221093
    twoNnw = 23782.2
  twoNecnw = 78025.8
  twoNbecnw = 3249.54
  twoNgbecnw = 290347
         m = 0.115548
        m4 = 0.017937
        m5 = 0.110264
        Ta = 37600
        Td = 1243.12
        Te = 621.562
#       SitePat  BranchLen
              b 124878.6478635
              e 48605.7405561
              c 51009.8046524
              n 45979.3890633
              w 45965.1212721
            b:e 2092.1437141
            b:c 2456.8753466
            b:n 1779.7640740
            b:w 1778.7694043
            e:c 10515.7887730
            e:n 5471.6413292
            e:w 5485.9091204
            c:n 4958.7821681
            c:w 4955.5487920
            n:w 12664.4522776
          b:e:c 2090.1613920
          b:e:n 1136.5488581
          b:e:w 1137.5435278
          b:c:n 1147.7326505
          b:c:w 1146.6404831
          b:n:w 2048.3398219
          e:c:n 4521.2858592
          e:c:w 4524.5192353
          e:n:w 6516.1034537
          c:n:w 5529.3341757
        b:e:c:n 2054.4376259
        b:e:c:w 2055.5297933
        b:e:n:w 3158.6298266
        b:c:n:w 2399.5418807
        e:c:n:w 51995.3234346
