########################################
# legofit: estimate population history #
#       version 2.3.4-4-g53f8760       #
########################################

# Program was compiled: Sep 21 2021 14:36:42
# Program was run: Sat Oct  9 11:07:55 2021

# cmd: legofit -1 -d 0 -t 32 --ptsPerDim 3 --stateOut b1boot6.state --tol 3e-6 -S 5000 ade2.lgo ../../boot/boot6.opf
# Stage nOptItr nSimReps
#     0    5000        0
# algorithm          : deterministic
# ignoring probs <=  : 0
# Branch length floor: 0
# DE strategy        : 2
#    F               : 0.3
#    CR              : 0.8
#    tolerance       : 3e-06
# nthreads           : 32
# lgo input file     : ade2.lgo
# site pat input file: ../../boot/boot6.opf
# free parameters    : 16
# points in DE swarm : 48
# output state file  : b1boot6.state
# Including singleton site patterns.
# cost function      : KL
Initial parameter values
Fixed:
      zero = 0
       one = 1
    Tbecnw = 75200
Free:
       pc1 = 0
       pc2 = 0
       pc3 = 0
       pc4 = 0
       pc5 = 0
       pc6 = 0
       pc7 = 0
       pc8 = 0
       pc9 = 0
      pc10 = 0
      pc11 = 0
      pc12 = 0
      pc13 = 0
      pc14 = 0
      pc15 = 0
      pc16 = 0
Constrained:
   Tgbecnw = 94142.7
     Tecnw = 24338.5
       Tnw = 18586.5
       Tec = 9826.45
     twoNb = 2.64007e+06
     twoNe = 1.22413e+06
     twoNc = 339516
     twoNw = 4.07186e+06
    twoNec = 143941
    twoNnw = 28197.9
  twoNecnw = 78600.4
  twoNbecnw = 8004.95
  twoNgbecnw = 281979
         m = 0.120604
        m4 = 0.0189289
        m5 = 0.108799
        Ta = 37600
        Td = 4913.23
        Te = 2456.61
DiffEv reached_goal. cost=1.85175e-03 spread=2.98068e-06
Fitted parameter values
Free:
       pc1 = -0.653573
       pc2 = 1.94786
       pc3 = -0.397365
       pc4 = 0.49461
       pc5 = 1.86072
       pc6 = -1.94696
       pc7 = -0.129355
       pc8 = 1.52831
       pc9 = -1.42848
      pc10 = -0.40341
      pc11 = -0.245949
      pc12 = -0.00442175
      pc13 = -0.0329052
      pc14 = -0.00989342
      pc15 = -0.000192008
      pc16 = -0.0204228
Constrained:
   Tgbecnw = 83487.4
     Tecnw = 23571.7
       Tnw = 19277.9
       Tec = 5239.09
     twoNb = 3.90336e+06
     twoNe = 537996
     twoNc = 390047
     twoNw = 5.41892e+06
    twoNec = 187642
    twoNnw = 20623.9
  twoNecnw = 78808.2
  twoNbecnw = 3563.94
  twoNgbecnw = 291385
         m = 0.116886
        m4 = 0.0178743
        m5 = 0.114311
        Ta = 37600
        Td = 2619.54
        Te = 1309.77
#       SitePat  BranchLen
              b 125438.4910711
              e 48788.3953954
              c 51247.1277722
              n 46174.8863655
              w 46159.2318912
            b:e 2091.2374280
            b:c 2459.5290172
            b:n 1785.0579113
            b:w 1783.9518729
            e:c 10485.5236874
            e:n 5483.5624327
            e:w 5499.2169070
            c:n 4959.9952819
            c:w 4956.4045546
            n:w 12655.1128308
          b:e:c 2097.9586829
          b:e:n 1137.8350282
          b:e:w 1138.9410666
          b:c:n 1149.1423067
          b:c:w 1147.9274482
          b:n:w 2056.6505462
          e:c:n 4529.1069443
          e:c:w 4532.6976716
          e:n:w 6525.3364623
          c:n:w 5515.8391832
        b:e:c:n 2061.3261190
        b:e:c:w 2062.5409775
        b:e:n:w 3171.2684765
        b:c:n:w 2399.8273908
        e:c:n:w 52376.7383058
