########################################
# legofit: estimate population history #
#       version 2.3.4-4-g53f8760       #
########################################

# Program was compiled: Sep 21 2021 14:36:42
# Program was run: Sat Oct  9 11:08:25 2021

# cmd: legofit -1 -d 0 -t 32 --ptsPerDim 3 --stateOut b1boot24.state --tol 3e-6 -S 5000 ade2.lgo ../../boot/boot24.opf
# Stage nOptItr nSimReps
#     0    5000        0
# algorithm          : deterministic
# ignoring probs <=  : 0
# Branch length floor: 0
# DE strategy        : 2
#    F               : 0.3
#    CR              : 0.8
#    tolerance       : 3e-06
# nthreads           : 32
# lgo input file     : ade2.lgo
# site pat input file: ../../boot/boot24.opf
# free parameters    : 16
# points in DE swarm : 48
# output state file  : b1boot24.state
# Including singleton site patterns.
# cost function      : KL
Initial parameter values
Fixed:
      zero = 0
       one = 1
    Tbecnw = 75200
Free:
       pc1 = 0
       pc2 = 0
       pc3 = 0
       pc4 = 0
       pc5 = 0
       pc6 = 0
       pc7 = 0
       pc8 = 0
       pc9 = 0
      pc10 = 0
      pc11 = 0
      pc12 = 0
      pc13 = 0
      pc14 = 0
      pc15 = 0
      pc16 = 0
Constrained:
   Tgbecnw = 94142.7
     Tecnw = 24338.5
       Tnw = 18586.5
       Tec = 9826.45
     twoNb = 2.64007e+06
     twoNe = 1.22413e+06
     twoNc = 339516
     twoNw = 4.07186e+06
    twoNec = 143941
    twoNnw = 28197.9
  twoNecnw = 78600.4
  twoNbecnw = 8004.95
  twoNgbecnw = 281979
         m = 0.120604
        m4 = 0.0189289
        m5 = 0.108799
        Ta = 37600
        Td = 4913.23
        Te = 2456.61
DiffEv reached_goal. cost=1.87880e-03 spread=2.47024e-06
Fitted parameter values
Free:
       pc1 = -0.209741
       pc2 = 1.95401
       pc3 = -0.259366
       pc4 = 0.296664
       pc5 = 1.95505
       pc6 = -1.86172
       pc7 = 0.114422
       pc8 = 1.13566
       pc9 = -1.52843
      pc10 = -0.505834
      pc11 = -0.586618
      pc12 = -0.105652
      pc13 = -0.109397
      pc14 = -0.0607288
      pc15 = -0.0107052
      pc16 = -0.0247478
Constrained:
   Tgbecnw = 83940
     Tecnw = 23381.6
       Tnw = 19462.3
       Tec = 5435.85
     twoNb = 3.40711e+06
     twoNe = 500727
     twoNc = 491796
     twoNw = 5.55644e+06
    twoNec = 181640
    twoNnw = 19070.8
  twoNecnw = 79429.3
  twoNbecnw = 3767.53
  twoNgbecnw = 288077
         m = 0.118277
        m4 = 0.0181492
        m5 = 0.114475
        Ta = 37600
        Td = 2717.93
        Te = 1358.96
#       SitePat  BranchLen
              b 125474.6624328
              e 48743.3715859
              c 51201.3423731
              n 46238.6770008
              w 46223.2820954
            b:e 2087.2003207
            b:c 2460.3890248
            b:n 1791.0427984
            b:w 1789.9514244
            e:c 10533.5168922
            e:n 5510.9691975
            e:w 5526.3641029
            c:n 4987.9990520
            c:w 4984.4451513
            n:w 12623.3735866
          b:e:c 2095.4213638
          b:e:n 1139.9067078
          b:e:w 1140.9980817
          b:c:n 1151.2701368
          b:c:w 1150.0713560
          b:n:w 2054.9903010
          e:c:n 4556.2120627
          e:c:w 4559.7659634
          e:n:w 6523.0180958
          c:n:w 5512.9689051
        b:e:c:n 2068.1267790
        b:e:c:w 2069.3255597
        b:e:n:w 3172.3002479
        b:c:n:w 2395.6420898
        e:c:n:w 52314.8019148
