########################################
# legofit: estimate population history #
#       version 2.3.4-4-g53f8760       #
########################################

# Program was compiled: Sep 21 2021 14:36:42
# Program was run: Sat Oct  9 11:08:33 2021

# cmd: legofit -1 -d 0 -t 32 --ptsPerDim 3 --stateOut b1boot32.state --tol 3e-6 -S 5000 ade2.lgo ../../boot/boot32.opf
# Stage nOptItr nSimReps
#     0    5000        0
# algorithm          : deterministic
# ignoring probs <=  : 0
# Branch length floor: 0
# DE strategy        : 2
#    F               : 0.3
#    CR              : 0.8
#    tolerance       : 3e-06
# nthreads           : 32
# lgo input file     : ade2.lgo
# site pat input file: ../../boot/boot32.opf
# free parameters    : 16
# points in DE swarm : 48
# output state file  : b1boot32.state
# Including singleton site patterns.
# cost function      : KL
Initial parameter values
Fixed:
      zero = 0
       one = 1
    Tbecnw = 75200
Free:
       pc1 = 0
       pc2 = 0
       pc3 = 0
       pc4 = 0
       pc5 = 0
       pc6 = 0
       pc7 = 0
       pc8 = 0
       pc9 = 0
      pc10 = 0
      pc11 = 0
      pc12 = 0
      pc13 = 0
      pc14 = 0
      pc15 = 0
      pc16 = 0
Constrained:
   Tgbecnw = 94142.7
     Tecnw = 24338.5
       Tnw = 18586.5
       Tec = 9826.45
     twoNb = 2.64007e+06
     twoNe = 1.22413e+06
     twoNc = 339516
     twoNw = 4.07186e+06
    twoNec = 143941
    twoNnw = 28197.9
  twoNecnw = 78600.4
  twoNbecnw = 8004.95
  twoNgbecnw = 281979
         m = 0.120604
        m4 = 0.0189289
        m5 = 0.108799
        Ta = 37600
        Td = 4913.23
        Te = 2456.61
DiffEv reached_goal. cost=1.90667e-03 spread=2.71789e-06
Fitted parameter values
Free:
       pc1 = -0.940883
       pc2 = 1.99476
       pc3 = -0.0452028
       pc4 = 0.638523
       pc5 = 1.4618
       pc6 = -1.71753
       pc7 = 0.417528
       pc8 = 0.329797
       pc9 = -1.41153
      pc10 = -0.263737
      pc11 = -0.391563
      pc12 = 0.0372257
      pc13 = -0.0776222
      pc14 = 0.01945
      pc15 = 0.00104118
      pc16 = -0.0207315
Constrained:
   Tgbecnw = 84288.1
     Tecnw = 23651.1
       Tnw = 18994.5
       Tec = 4746.83
     twoNb = 2.87549e+06
     twoNe = 1.66808e+06
     twoNc = 511618
     twoNw = 6.03303e+06
    twoNec = 195764
    twoNnw = 22262.5
  twoNecnw = 78020.1
  twoNbecnw = 3889.96
  twoNgbecnw = 293484
         m = 0.115556
        m4 = 0.0184439
        m5 = 0.110684
        Ta = 37600
        Td = 2373.41
        Te = 1186.71
#       SitePat  BranchLen
              b 125600.6318344
              e 48779.3931577
              c 51225.5837661
              n 46088.0877830
              w 46074.5573727
            b:e 2092.5791440
            b:c 2470.2399005
            b:n 1779.7583109
            b:w 1778.8077333
            e:c 10484.9611226
            e:n 5473.8768638
            e:w 5487.4072741
            c:n 4956.1260826
            c:w 4953.0302955
            n:w 12699.8669998
          b:e:c 2094.8559011
          b:e:n 1134.1163983
          b:e:w 1135.0669759
          b:c:n 1145.4071045
          b:c:w 1144.3643033
          b:n:w 2053.1050701
          e:c:n 4533.6152196
          e:c:w 4536.7110067
          e:n:w 6553.1708481
          c:n:w 5544.3916958
        b:e:c:n 2051.1674039
        b:e:c:w 2052.2102051
        b:e:n:w 3179.9744701
        b:c:n:w 2396.4417405
        e:c:n:w 52519.6207481
