########################################
# legofit: estimate population history #
#       version 2.3.4-4-g53f8760       #
########################################

# Program was compiled: Sep 21 2021 14:36:42
# Program was run: Sat Oct  9 11:07:55 2021

# cmd: legofit -1 -d 0 -t 32 --ptsPerDim 3 --stateOut b1boot7.state --tol 3e-6 -S 5000 ade2.lgo ../../boot/boot7.opf
# Stage nOptItr nSimReps
#     0    5000        0
# algorithm          : deterministic
# ignoring probs <=  : 0
# Branch length floor: 0
# DE strategy        : 2
#    F               : 0.3
#    CR              : 0.8
#    tolerance       : 3e-06
# nthreads           : 32
# lgo input file     : ade2.lgo
# site pat input file: ../../boot/boot7.opf
# free parameters    : 16
# points in DE swarm : 48
# output state file  : b1boot7.state
# Including singleton site patterns.
# cost function      : KL
Initial parameter values
Fixed:
      zero = 0
       one = 1
    Tbecnw = 75200
Free:
       pc1 = 0
       pc2 = 0
       pc3 = 0
       pc4 = 0
       pc5 = 0
       pc6 = 0
       pc7 = 0
       pc8 = 0
       pc9 = 0
      pc10 = 0
      pc11 = 0
      pc12 = 0
      pc13 = 0
      pc14 = 0
      pc15 = 0
      pc16 = 0
Constrained:
   Tgbecnw = 94142.7
     Tecnw = 24338.5
       Tnw = 18586.5
       Tec = 9826.45
     twoNb = 2.64007e+06
     twoNe = 1.22413e+06
     twoNc = 339516
     twoNw = 4.07186e+06
    twoNec = 143941
    twoNnw = 28197.9
  twoNecnw = 78600.4
  twoNbecnw = 8004.95
  twoNgbecnw = 281979
         m = 0.120604
        m4 = 0.0189289
        m5 = 0.108799
        Ta = 37600
        Td = 4913.23
        Te = 2456.61
DiffEv reached_goal. cost=1.89454e-03 spread=2.65158e-06
Fitted parameter values
Free:
       pc1 = -0.651703
       pc2 = 1.55124
       pc3 = 0.188093
       pc4 = 1.23161
       pc5 = 1.65973
       pc6 = -1.86282
       pc7 = 1.0831
       pc8 = 0.67229
       pc9 = -1.42657
      pc10 = -0.596147
      pc11 = 0.054806
      pc12 = 0.0443121
      pc13 = -0.0996816
      pc14 = 0.0263935
      pc15 = -0.0172843
      pc16 = 0.00702169
Constrained:
   Tgbecnw = 85988.3
     Tecnw = 23538.9
       Tnw = 19416.1
       Tec = 2963.71
     twoNb = 3.11315e+06
     twoNe = 947721
     twoNc = 460471
     twoNw = 6.44297e+06
    twoNec = 217266
    twoNnw = 20077.5
  twoNecnw = 79225.1
  twoNbecnw = 4577.66
  twoNgbecnw = 294932
         m = 0.116523
        m4 = 0.018159
        m5 = 0.106507
        Ta = 37600
        Td = 1481.86
        Te = 740.928
#       SitePat  BranchLen
              b 126312.7286106
              e 48974.4210560
              c 51342.9655165
              n 46390.9350558
              w 46378.0392898
            b:e 2108.3148201
            b:c 2474.3410686
            b:n 1796.7198426
            b:w 1795.8125572
            e:c 10582.7866288
            e:n 5516.0231857
            e:w 5528.9189518
            c:n 5018.4741358
            c:w 5015.5201609
            n:w 12673.1119142
          b:e:c 2100.6480075
          b:e:n 1146.4507312
          b:e:w 1147.3580166
          b:c:n 1157.1758463
          b:c:w 1156.1806376
          b:n:w 2059.6539534
          e:c:n 4564.0146895
          e:c:w 4566.9686643
          e:n:w 6539.8384652
          c:n:w 5570.5741951
        b:e:c:n 2071.2119332
        b:e:c:w 2072.2071419
        b:e:n:w 3188.8849218
        b:c:n:w 2414.9783439
        e:c:n:w 52894.6194626
