########################################
# legofit: estimate population history #
#       version 2.3.4-4-g53f8760       #
########################################

# Program was compiled: Sep 21 2021 14:36:42
# Program was run: Sat Oct  9 11:08:40 2021

# cmd: legofit -1 -d 0 -t 32 --ptsPerDim 3 --stateOut b1boot36.state --tol 3e-6 -S 5000 ade2.lgo ../../boot/boot36.opf
# Stage nOptItr nSimReps
#     0    5000        0
# algorithm          : deterministic
# ignoring probs <=  : 0
# Branch length floor: 0
# DE strategy        : 2
#    F               : 0.3
#    CR              : 0.8
#    tolerance       : 3e-06
# nthreads           : 32
# lgo input file     : ade2.lgo
# site pat input file: ../../boot/boot36.opf
# free parameters    : 16
# points in DE swarm : 48
# output state file  : b1boot36.state
# Including singleton site patterns.
# cost function      : KL
Initial parameter values
Fixed:
      zero = 0
       one = 1
    Tbecnw = 75200
Free:
       pc1 = 0
       pc2 = 0
       pc3 = 0
       pc4 = 0
       pc5 = 0
       pc6 = 0
       pc7 = 0
       pc8 = 0
       pc9 = 0
      pc10 = 0
      pc11 = 0
      pc12 = 0
      pc13 = 0
      pc14 = 0
      pc15 = 0
      pc16 = 0
Constrained:
   Tgbecnw = 94142.7
     Tecnw = 24338.5
       Tnw = 18586.5
       Tec = 9826.45
     twoNb = 2.64007e+06
     twoNe = 1.22413e+06
     twoNc = 339516
     twoNw = 4.07186e+06
    twoNec = 143941
    twoNnw = 28197.9
  twoNecnw = 78600.4
  twoNbecnw = 8004.95
  twoNgbecnw = 281979
         m = 0.120604
        m4 = 0.0189289
        m5 = 0.108799
        Ta = 37600
        Td = 4913.23
        Te = 2456.61
DiffEv reached_goal. cost=1.88456e-03 spread=2.93493e-06
Fitted parameter values
Free:
       pc1 = -0.928747
       pc2 = 1.66393
       pc3 = -0.319334
       pc4 = 0.943788
       pc5 = 1.70009
       pc6 = -1.93105
       pc7 = 0.511379
       pc8 = 0.519085
       pc9 = -1.93135
      pc10 = -0.821025
      pc11 = -0.704946
      pc12 = 0.0335049
      pc13 = 0.0669135
      pc14 = 0.0369284
      pc15 = -0.00546594
      pc16 = -0.000352849
Constrained:
   Tgbecnw = 84138.9
     Tecnw = 23574.7
       Tnw = 18953.2
       Tec = 2778.6
     twoNb = 2.60036e+06
     twoNe = 2.03227e+06
     twoNc = 537945
     twoNw = 6.16727e+06
    twoNec = 217584
    twoNnw = 22378.2
  twoNecnw = 79576.9
  twoNbecnw = 3829.86
  twoNgbecnw = 291752
         m = 0.116952
        m4 = 0.0180885
        m5 = 0.112449
        Ta = 37600
        Td = 1389.3
        Te = 694.651
#       SitePat  BranchLen
              b 125533.4192701
              e 48915.8695763
              c 51353.7397216
              n 46320.2678951
              w 46306.3024259
            b:e 2102.4695479
            b:c 2480.2291385
            b:n 1792.6348581
            b:w 1791.6579742
            e:c 10551.5862057
            e:n 5510.8118220
            e:w 5524.7772912
            c:n 4987.6494285
            c:w 4984.4865496
            n:w 12691.8718781
          b:e:c 2101.7718164
          b:e:n 1146.0787627
          b:e:w 1147.0556465
          b:c:n 1157.6012143
          b:c:w 1156.5272819
          b:n:w 2059.3987909
          e:c:n 4527.0900196
          e:c:w 4530.2528985
          e:n:w 6524.0147332
          c:n:w 5522.6967699
        b:e:c:n 2073.0590404
        b:e:c:w 2074.1329728
        b:e:n:w 3187.6480889
        b:c:n:w 2415.7951204
        e:c:n:w 52302.8613460
