########################################
# legofit: estimate population history #
#            version 2.3.3             #
########################################

# Program was compiled: Sep 12 2021 17:54:39
# Program was run: Mon Sep 20 09:13:25 2021

# cmd: legofit -1 -d 0 -t 56 --ptsPerDim 3 --stateOut b1boot28.state --tol 3e-6 -S 5000 abcdf2.lgo ../../chrX/boot_chrX/boot28.opf
# Stage nOptItr nSimReps
#     0    5000        0
# algorithm          : deterministic
# ignoring probs <=  : 0
# Branch length floor: 0
# DE strategy        : 2
#    F               : 0.3
#    CR              : 0.8
#    tolerance       : 3e-06
# nthreads           : 56
# lgo input file     : abcdf2.lgo
# site pat input file: ../../chrX/boot_chrX/boot28.opf
# free parameters    : 19
# points in DE swarm : 57
# output state file  : b1boot28.state
# Including singleton site patterns.
# cost function      : KL
Initial parameter values
Fixed:
      zero = 0
       one = 1
    Tbecnw = 75200
Free:
       pc1 = 0
       pc2 = 0
       pc3 = 0
       pc4 = 0
       pc5 = 0
       pc6 = 0
       pc7 = 0
       pc8 = 0
       pc9 = 0
      pc10 = 0
      pc11 = 0
      pc12 = 0
      pc13 = 0
      pc14 = 0
      pc15 = 0
      pc16 = 0
      pc17 = 0
      pc18 = 0
      pc19 = 0
Constrained:
   Tgbecnw = 118061
     Tecnw = 25939.9
       Tnw = 21124.5
       Tec = 10688.8
     twoNb = 1.1121e+06
     twoNe = 5983.61
     twoNc = 2.95817e+06
     twoNn = 4.77725e+06
     twoNw = 5.5261e+06
    twoNec = 81309.7
    twoNnw = 14889.6
  twoNecnw = 60948.2
  twoNbecnw = 13285.9
  twoNgbecnw = 284293
         m = 0.09857
        m2 = 0.0199161
        m3 = 0.233544
        m4 = 0.0124526
        m6 = 1.01526e-08
        Tb = 18314.4
        Ta = 46757.2
        Tc = 10562.2
        Td = 5281.12
        Tf = 2640.56
DiffEv reached_goal. cost=1.96004e-03 spread=2.92402e-06
Fitted parameter values
Free:
       pc1 = 1.20398
       pc2 = 1.90296
       pc3 = 1.98342
       pc4 = 1.36318
       pc5 = 0.884881
       pc6 = -1.36454
       pc7 = -1.98533
       pc8 = -1.0292
       pc9 = 0.220207
      pc10 = -1.72381
      pc11 = -1.70339
      pc12 = 0.530203
      pc13 = 0.568564
      pc14 = -0.162559
      pc15 = -0.230509
      pc16 = 0.0445506
      pc17 = 0.0841087
      pc18 = -0.0877243
      pc19 = 0.0109463
Constrained:
   Tgbecnw = 100079
     Tecnw = 24980.7
       Tnw = 21035.1
       Tec = 10639.8
     twoNb = 1.13252e+06
     twoNe = 6428.5
     twoNc = 900981
     twoNn = 2.50077e+07
     twoNw = 8.57779e+06
    twoNec = 78534.7
    twoNnw = 12143.4
  twoNecnw = 59064.7
  twoNbecnw = 8536.73
  twoNgbecnw = 258817
         m = 0.103237
        m2 = 0.0206077
        m3 = 0.22202
        m4 = 0.0118784
        m6 = 1.77582e-08
        Tb = 17810.3
        Ta = 46505.1
        Tc = 10517.5
        Td = 5258.77
        Tf = 2629.38
#       SitePat  BranchLen
              b 117361.8703813
              e 44548.1599251
              c 45320.7289809
              n 41599.2909392
              w 44001.7691716
            b:e 1245.2267649
            b:c 1387.4887547
            b:n 924.5729117
            b:w 1032.0919275
            e:c 11221.6166539
            e:n 4749.9841401
            e:w 3854.3300795
            c:n 4493.6815115
            c:w 3815.7105329
            n:w 12083.2620983
          b:e:c 1219.0312834
          b:e:n 535.7752210
          b:e:w 536.1621196
          b:c:n 529.4449131
          b:c:w 547.8541444
          b:n:w 1234.9291203
          e:c:n 4777.1419930
          e:c:w 3868.9446870
          e:n:w 5331.7247597
          c:n:w 5038.7870648
        b:e:c:n 1113.0767923
        b:e:c:w 1066.1058089
        b:e:n:w 1987.9419471
        b:c:n:w 1655.6089347
        e:c:n:w 46321.9591961
