########################################
# legofit: estimate population history #
#            version 2.3.3             #
########################################

# Program was compiled: Sep 12 2021 17:54:39
# Program was run: Mon Sep 20 10:35:50 2021

# cmd: legofit -1 -d 0 -t 56 --ptsPerDim 3 --stateOut b1boot49.state --tol 3e-6 -S 5000 abcdf2.lgo ../../chrX/boot_chrX/boot49.opf
# Stage nOptItr nSimReps
#     0    5000        0
# algorithm          : deterministic
# ignoring probs <=  : 0
# Branch length floor: 0
# DE strategy        : 2
#    F               : 0.3
#    CR              : 0.8
#    tolerance       : 3e-06
# nthreads           : 56
# lgo input file     : abcdf2.lgo
# site pat input file: ../../chrX/boot_chrX/boot49.opf
# free parameters    : 19
# points in DE swarm : 57
# output state file  : b1boot49.state
# Including singleton site patterns.
# cost function      : KL
Initial parameter values
Fixed:
      zero = 0
       one = 1
    Tbecnw = 75200
Free:
       pc1 = 0
       pc2 = 0
       pc3 = 0
       pc4 = 0
       pc5 = 0
       pc6 = 0
       pc7 = 0
       pc8 = 0
       pc9 = 0
      pc10 = 0
      pc11 = 0
      pc12 = 0
      pc13 = 0
      pc14 = 0
      pc15 = 0
      pc16 = 0
      pc17 = 0
      pc18 = 0
      pc19 = 0
Constrained:
   Tgbecnw = 118061
     Tecnw = 25939.9
       Tnw = 21124.5
       Tec = 10688.8
     twoNb = 1.1121e+06
     twoNe = 5983.61
     twoNc = 2.95817e+06
     twoNn = 4.77725e+06
     twoNw = 5.5261e+06
    twoNec = 81309.7
    twoNnw = 14889.6
  twoNecnw = 60948.2
  twoNbecnw = 13285.9
  twoNgbecnw = 284293
         m = 0.09857
        m2 = 0.0199161
        m3 = 0.233544
        m4 = 0.0124526
        m6 = 1.01526e-08
        Tb = 18314.4
        Ta = 46757.2
        Tc = 10562.2
        Td = 5281.12
        Tf = 2640.56
DiffEv reached_goal. cost=1.82523e-03 spread=2.88048e-06
Fitted parameter values
Free:
       pc1 = 2.48965
       pc2 = 1.9714
       pc3 = 1.8291
       pc4 = 1.97799
       pc5 = -0.834784
       pc6 = -1.78112
       pc7 = -1.82066
       pc8 = -1.22605
       pc9 = -1.17338
      pc10 = -0.285762
      pc11 = -1.97564
      pc12 = 0.639364
      pc13 = 0.239195
      pc14 = -0.170697
      pc15 = -0.125644
      pc16 = -0.0671765
      pc17 = -0.0450084
      pc18 = -0.000806501
      pc19 = 0.0048405
Constrained:
   Tgbecnw = 98585.4
     Tecnw = 24861.9
       Tnw = 22142.2
       Tec = 11200.5
     twoNb = 1.15375e+06
     twoNe = 6016.76
     twoNc = 6.35922e+06
     twoNn = 2.51156e+07
     twoNw = 6.91423e+06
    twoNec = 73928.2
    twoNnw = 8531.69
  twoNecnw = 59337
  twoNbecnw = 7824.59
  twoNgbecnw = 301591
         m = 0.087373
        m2 = 0.0203315
        m3 = 0.243104
        m4 = 0.0138495
        m6 = 2.81881e-08
        Tb = 18031.2
        Ta = 46615.6
        Tc = 11071.1
        Td = 5535.55
        Tf = 2767.78
#       SitePat  BranchLen
              b 116959.4990402
              e 44368.9825871
              c 45281.7580604
              n 41735.8284429
              w 44395.1537782
            b:e 1275.2972477
            b:c 1436.7497386
            b:n 971.8169661
            b:w 1102.3231722
            e:c 11119.6345690
            e:n 4901.2724032
            e:w 3902.9979938
            c:n 4591.4919014
            c:w 3860.2343256
            n:w 11707.7784417
          b:e:c 1262.9349856
          b:e:n 570.6780115
          b:e:w 569.9857731
          b:c:n 562.7344083
          b:c:w 585.3077208
          b:n:w 1277.6374861
          e:c:n 4917.8692526
          e:c:w 3899.5963999
          e:n:w 5317.4321703
          c:n:w 4980.6348009
        b:e:c:n 1194.8920054
        b:e:c:w 1130.9842662
        b:e:n:w 2094.7563627
        b:c:n:w 1702.4914929
        e:c:n:w 46170.7749122
