########################################
# legofit: estimate population history #
#            version 2.3.3             #
########################################

# Program was compiled: Sep 12 2021 17:54:39
# Program was run: Mon Sep 20 08:49:22 2021

# cmd: legofit -1 -d 0 -t 56 --ptsPerDim 3 --stateOut b1boot19.state --tol 3e-6 -S 5000 abcdf2.lgo ../../chrX/boot_chrX/boot19.opf
# Stage nOptItr nSimReps
#     0    5000        0
# algorithm          : deterministic
# ignoring probs <=  : 0
# Branch length floor: 0
# DE strategy        : 2
#    F               : 0.3
#    CR              : 0.8
#    tolerance       : 3e-06
# nthreads           : 56
# lgo input file     : abcdf2.lgo
# site pat input file: ../../chrX/boot_chrX/boot19.opf
# free parameters    : 19
# points in DE swarm : 57
# output state file  : b1boot19.state
# Including singleton site patterns.
# cost function      : KL
Initial parameter values
Fixed:
      zero = 0
       one = 1
    Tbecnw = 75200
Free:
       pc1 = 0
       pc2 = 0
       pc3 = 0
       pc4 = 0
       pc5 = 0
       pc6 = 0
       pc7 = 0
       pc8 = 0
       pc9 = 0
      pc10 = 0
      pc11 = 0
      pc12 = 0
      pc13 = 0
      pc14 = 0
      pc15 = 0
      pc16 = 0
      pc17 = 0
      pc18 = 0
      pc19 = 0
Constrained:
   Tgbecnw = 118061
     Tecnw = 25939.9
       Tnw = 21124.5
       Tec = 10688.8
     twoNb = 1.1121e+06
     twoNe = 5983.61
     twoNc = 2.95817e+06
     twoNn = 4.77725e+06
     twoNw = 5.5261e+06
    twoNec = 81309.7
    twoNnw = 14889.6
  twoNecnw = 60948.2
  twoNbecnw = 13285.9
  twoNgbecnw = 284293
         m = 0.09857
        m2 = 0.0199161
        m3 = 0.233544
        m4 = 0.0124526
        m6 = 1.01526e-08
        Tb = 18314.4
        Ta = 46757.2
        Tc = 10562.2
        Td = 5281.12
        Tf = 2640.56
DiffEv reached_goal. cost=1.82088e-03 spread=2.63887e-06
Fitted parameter values
Free:
       pc1 = 2.09286
       pc2 = 1.89426
       pc3 = 1.78179
       pc4 = 1.98807
       pc5 = -0.674795
       pc6 = -1.05528
       pc7 = -1.97779
       pc8 = -0.957058
       pc9 = -1.6435
      pc10 = -0.510353
      pc11 = -1.94888
      pc12 = -0.328225
      pc13 = -0.675842
      pc14 = 0.643766
      pc15 = -0.262366
      pc16 = -0.207976
      pc17 = 0.0976397
      pc18 = -0.105219
      pc19 = -0.0344332
Constrained:
   Tgbecnw = 97799.4
     Tecnw = 25446.5
       Tnw = 21944.9
       Tec = 11130.6
     twoNb = 1.49677e+06
     twoNe = 6099.48
     twoNc = 5.55818e+06
     twoNn = 1.98209e+07
     twoNw = 6.22304e+06
    twoNec = 72105.2
    twoNnw = 9323.26
  twoNecnw = 59135.7
  twoNbecnw = 7466.71
  twoNgbecnw = 301632
         m = 0.0876032
        m2 = 0.0193517
        m3 = 0.248742
        m4 = 0.0121665
        m6 = 3.11664e-08
        Tb = 18288.5
        Ta = 46744.3
        Tc = 10972.4
        Td = 5486.22
        Tf = 2743.11
#       SitePat  BranchLen
              b 116508.2559740
              e 44308.2423597
              c 45179.4360650
              n 41102.0702793
              w 44048.9001123
            b:e 1220.2094331
            b:c 1352.9719789
            b:n 900.2158483
            b:w 1046.7140381
            e:c 11487.6714764
            e:n 4748.3700918
            e:w 3639.0216464
            c:n 4410.4376617
            c:w 3620.5881834
            n:w 12394.7998789
          b:e:c 1267.5226958
          b:e:n 527.8159914
          b:e:w 526.3272565
          b:c:n 517.6788650
          b:c:w 542.9993170
          b:n:w 1284.2819372
          e:c:n 4825.5890197
          e:c:w 3687.4557635
          e:n:w 5245.7644883
          c:n:w 4941.7490473
        b:e:c:n 1132.4466860
        b:e:c:w 1052.6181639
        b:e:n:w 1987.9453305
        b:c:n:w 1637.8353899
        e:c:n:w 45848.8387482
