########################################
# legofit: estimate population history #
#            version 2.3.3             #
########################################

# Program was compiled: Sep 12 2021 17:54:39
# Program was run: Mon Sep 20 10:24:16 2021

# cmd: legofit -1 -d 0 -t 56 --ptsPerDim 3 --stateOut b1boot43.state --tol 3e-6 -S 5000 abcdf2.lgo ../../chrX/boot_chrX/boot43.opf
# Stage nOptItr nSimReps
#     0    5000        0
# algorithm          : deterministic
# ignoring probs <=  : 0
# Branch length floor: 0
# DE strategy        : 2
#    F               : 0.3
#    CR              : 0.8
#    tolerance       : 3e-06
# nthreads           : 56
# lgo input file     : abcdf2.lgo
# site pat input file: ../../chrX/boot_chrX/boot43.opf
# free parameters    : 19
# points in DE swarm : 57
# output state file  : b1boot43.state
# Including singleton site patterns.
# cost function      : KL
Initial parameter values
Fixed:
      zero = 0
       one = 1
    Tbecnw = 75200
Free:
       pc1 = 0
       pc2 = 0
       pc3 = 0
       pc4 = 0
       pc5 = 0
       pc6 = 0
       pc7 = 0
       pc8 = 0
       pc9 = 0
      pc10 = 0
      pc11 = 0
      pc12 = 0
      pc13 = 0
      pc14 = 0
      pc15 = 0
      pc16 = 0
      pc17 = 0
      pc18 = 0
      pc19 = 0
Constrained:
   Tgbecnw = 118061
     Tecnw = 25939.9
       Tnw = 21124.5
       Tec = 10688.8
     twoNb = 1.1121e+06
     twoNe = 5983.61
     twoNc = 2.95817e+06
     twoNn = 4.77725e+06
     twoNw = 5.5261e+06
    twoNec = 81309.7
    twoNnw = 14889.6
  twoNecnw = 60948.2
  twoNbecnw = 13285.9
  twoNgbecnw = 284293
         m = 0.09857
        m2 = 0.0199161
        m3 = 0.233544
        m4 = 0.0124526
        m6 = 1.01526e-08
        Tb = 18314.4
        Ta = 46757.2
        Tc = 10562.2
        Td = 5281.12
        Tf = 2640.56
DiffEv reached_goal. cost=2.02436e-03 spread=2.76907e-06
Fitted parameter values
Free:
       pc1 = 2.34917
       pc2 = 1.93165
       pc3 = 1.89323
       pc4 = 1.22967
       pc5 = 0.849948
       pc6 = -1.93795
       pc7 = -1.92308
       pc8 = -0.250258
       pc9 = -0.521864
      pc10 = -1.05152
      pc11 = -1.8023
      pc12 = 1.74718
      pc13 = -0.151773
      pc14 = -0.131253
      pc15 = -0.246331
      pc16 = -0.0815007
      pc17 = 0.0452646
      pc18 = -0.00462327
      pc19 = -0.0282095
Constrained:
   Tgbecnw = 100511
     Tecnw = 24591.2
       Tnw = 21216.4
       Tec = 10724.2
     twoNb = 1.49486e+06
     twoNe = 5014.52
     twoNc = 3.22567e+06
     twoNn = 2.89255e+07
     twoNw = 8.1748e+06
    twoNec = 75080.1
    twoNnw = 9939.26
  twoNecnw = 61939
  twoNbecnw = 8346.61
  twoNgbecnw = 288728
         m = 0.0933894
        m2 = 0.0210487
        m3 = 0.227251
        m4 = 0.012457
        m6 = 2.19948e-08
        Tb = 17657.7
        Ta = 46428.9
        Tc = 10608.2
        Td = 5304.1
        Tf = 2652.05
#       SitePat  BranchLen
              b 117268.9344497
              e 44771.6588730
              c 45623.1048480
              n 41565.9486002
              w 44111.3680986
            b:e 1258.9326486
            b:c 1393.9839887
            b:n 934.3042986
            b:w 1054.8555362
            e:c 11411.3298503
            e:n 4824.4708278
            e:w 3853.7889074
            c:n 4523.4059738
            c:w 3821.6075714
            n:w 12414.2571934
          b:e:c 1261.3144868
          b:e:n 546.9874501
          b:e:w 546.6212341
          b:c:n 538.6070542
          b:c:w 561.0039587
          b:n:w 1279.9282850
          e:c:n 4777.1740692
          e:c:w 3813.2767315
          e:n:w 5336.9777931
          c:n:w 5037.1472833
        b:e:c:n 1143.0591161
        b:e:c:w 1091.4353947
        b:e:n:w 2074.1826290
        b:c:n:w 1714.7595811
        e:c:n:w 45957.7003946
