########################################
# legofit: estimate population history #
#            version 2.3.3             #
########################################

# Program was compiled: Sep 12 2021 17:54:39
# Program was run: Mon Sep 20 09:49:14 2021

# cmd: legofit -1 -d 0 -t 56 --ptsPerDim 3 --stateOut b1boot33.state --tol 3e-6 -S 5000 abcdf2.lgo ../../chrX/boot_chrX/boot33.opf
# Stage nOptItr nSimReps
#     0    5000        0
# algorithm          : deterministic
# ignoring probs <=  : 0
# Branch length floor: 0
# DE strategy        : 2
#    F               : 0.3
#    CR              : 0.8
#    tolerance       : 3e-06
# nthreads           : 56
# lgo input file     : abcdf2.lgo
# site pat input file: ../../chrX/boot_chrX/boot33.opf
# free parameters    : 19
# points in DE swarm : 57
# output state file  : b1boot33.state
# Including singleton site patterns.
# cost function      : KL
Initial parameter values
Fixed:
      zero = 0
       one = 1
    Tbecnw = 75200
Free:
       pc1 = 0
       pc2 = 0
       pc3 = 0
       pc4 = 0
       pc5 = 0
       pc6 = 0
       pc7 = 0
       pc8 = 0
       pc9 = 0
      pc10 = 0
      pc11 = 0
      pc12 = 0
      pc13 = 0
      pc14 = 0
      pc15 = 0
      pc16 = 0
      pc17 = 0
      pc18 = 0
      pc19 = 0
Constrained:
   Tgbecnw = 118061
     Tecnw = 25939.9
       Tnw = 21124.5
       Tec = 10688.8
     twoNb = 1.1121e+06
     twoNe = 5983.61
     twoNc = 2.95817e+06
     twoNn = 4.77725e+06
     twoNw = 5.5261e+06
    twoNec = 81309.7
    twoNnw = 14889.6
  twoNecnw = 60948.2
  twoNbecnw = 13285.9
  twoNgbecnw = 284293
         m = 0.09857
        m2 = 0.0199161
        m3 = 0.233544
        m4 = 0.0124526
        m6 = 1.01526e-08
        Tb = 18314.4
        Ta = 46757.2
        Tc = 10562.2
        Td = 5281.12
        Tf = 2640.56
DiffEv reached_goal. cost=1.93206e-03 spread=2.93004e-06
Fitted parameter values
Free:
       pc1 = 2.27662
       pc2 = 1.57471
       pc3 = 1.96552
       pc4 = 1.54441
       pc5 = 1.28615
       pc6 = -1.87521
       pc7 = -1.78302
       pc8 = -0.860745
       pc9 = -1.31119
      pc10 = -1.74068
      pc11 = -1.67395
      pc12 = -0.693012
      pc13 = 0.368232
      pc14 = 0.354723
      pc15 = -0.122852
      pc16 = -0.044422
      pc17 = 0.0795337
      pc18 = -0.0135605
      pc19 = -0.0227346
Constrained:
   Tgbecnw = 100113
     Tecnw = 25188.1
       Tnw = 22140.8
       Tec = 11300.9
     twoNb = 1.57422e+06
     twoNe = 8436.23
     twoNc = 3.25005e+06
     twoNn = 2.62819e+07
     twoNw = 8.822e+06
    twoNec = 72997.1
    twoNnw = 8770.98
  twoNecnw = 58479.7
  twoNbecnw = 8188.77
  twoNgbecnw = 309693
         m = 0.0890093
        m2 = 0.0201252
        m3 = 0.222486
        m4 = 0.0102948
        m6 = 1.52062e-08
        Tb = 18244.5
        Ta = 46722.3
        Tc = 11070.4
        Td = 5535.2
        Tf = 2767.6
#       SitePat  BranchLen
              b 118485.5316477
              e 44442.1172533
              c 45220.1202365
              n 41380.3468191
              w 43905.9284878
            b:e 1258.1406480
            b:c 1374.4387445
            b:n 933.4381175
            b:w 1059.3929961
            e:c 11386.9930989
            e:n 4704.7252623
            e:w 3737.7971219
            c:n 4396.8117607
            c:w 3726.8070543
            n:w 12246.5238391
          b:e:c 1279.8509089
          b:e:n 542.9785672
          b:e:w 541.1197940
          b:c:n 533.0815236
          b:c:w 556.9024489
          b:n:w 1299.4953948
          e:c:n 4794.3113366
          e:c:w 3816.9389776
          e:n:w 5320.3689510
          c:n:w 5050.1058821
        b:e:c:n 1143.1034363
        b:e:c:w 1083.9099791
        b:e:n:w 2018.0847007
        b:c:n:w 1707.0645696
        e:c:n:w 47746.0936847
