########################################
# legofit: estimate population history #
#            version 2.3.3             #
########################################

# Program was compiled: Sep 12 2021 17:54:39
# Program was run: Mon Sep 20 08:53:22 2021

# cmd: legofit -1 -d 0 -t 56 --ptsPerDim 3 --stateOut b1boot21.state --tol 3e-6 -S 5000 abcdf2.lgo ../../chrX/boot_chrX/boot21.opf
# Stage nOptItr nSimReps
#     0    5000        0
# algorithm          : deterministic
# ignoring probs <=  : 0
# Branch length floor: 0
# DE strategy        : 2
#    F               : 0.3
#    CR              : 0.8
#    tolerance       : 3e-06
# nthreads           : 56
# lgo input file     : abcdf2.lgo
# site pat input file: ../../chrX/boot_chrX/boot21.opf
# free parameters    : 19
# points in DE swarm : 57
# output state file  : b1boot21.state
# Including singleton site patterns.
# cost function      : KL
Initial parameter values
Fixed:
      zero = 0
       one = 1
    Tbecnw = 75200
Free:
       pc1 = 0
       pc2 = 0
       pc3 = 0
       pc4 = 0
       pc5 = 0
       pc6 = 0
       pc7 = 0
       pc8 = 0
       pc9 = 0
      pc10 = 0
      pc11 = 0
      pc12 = 0
      pc13 = 0
      pc14 = 0
      pc15 = 0
      pc16 = 0
      pc17 = 0
      pc18 = 0
      pc19 = 0
Constrained:
   Tgbecnw = 118061
     Tecnw = 25939.9
       Tnw = 21124.5
       Tec = 10688.8
     twoNb = 1.1121e+06
     twoNe = 5983.61
     twoNc = 2.95817e+06
     twoNn = 4.77725e+06
     twoNw = 5.5261e+06
    twoNec = 81309.7
    twoNnw = 14889.6
  twoNecnw = 60948.2
  twoNbecnw = 13285.9
  twoNgbecnw = 284293
         m = 0.09857
        m2 = 0.0199161
        m3 = 0.233544
        m4 = 0.0124526
        m6 = 1.01526e-08
        Tb = 18314.4
        Ta = 46757.2
        Tc = 10562.2
        Td = 5281.12
        Tf = 2640.56
DiffEv reached_goal. cost=1.94842e-03 spread=2.93291e-06
Fitted parameter values
Free:
       pc1 = 1.38886
       pc2 = 0.697339
       pc3 = 1.8362
       pc4 = 1.80044
       pc5 = -1.34697
       pc6 = 0.054847
       pc7 = -1.94852
       pc8 = -0.342249
       pc9 = -1.61567
      pc10 = -1.18484
      pc11 = -1.94774
      pc12 = 0.470616
      pc13 = -0.826437
      pc14 = 0.0384303
      pc15 = -0.298977
      pc16 = -0.0728191
      pc17 = 0.0946656
      pc18 = -0.0518316
      pc19 = -0.0100456
Constrained:
   Tgbecnw = 102233
     Tecnw = 25359.8
       Tnw = 21126.6
       Tec = 10615.6
     twoNb = 1.22843e+06
     twoNe = 3130.71
     twoNc = 5.72533e+06
     twoNn = 1.63969e+07
     twoNw = 5.15378e+06
    twoNec = 77787.3
    twoNnw = 11891.6
  twoNecnw = 59424.3
  twoNbecnw = 8771.53
  twoNgbecnw = 300645
         m = 0.0884767
        m2 = 0.0196937
        m3 = 0.251091
        m4 = 0.0108484
        m6 = 5.51128e-08
        Tb = 17987.7
        Ta = 46593.9
        Tc = 10563.3
        Td = 5281.65
        Tf = 2640.82
#       SitePat  BranchLen
              b 117420.2960964
              e 44592.1256232
              c 45317.0011003
              n 41421.0355821
              w 44236.2925323
            b:e 1238.7617478
            b:c 1361.6835203
            b:n 919.7087464
            b:w 1053.6665369
            e:c 11377.7953800
            e:n 4792.1445978
            e:w 3766.1363521
            c:n 4543.3219535
            c:w 3735.3890285
            n:w 12273.8842846
          b:e:c 1246.7703028
          b:e:n 536.9973539
          b:e:w 539.0254211
          b:c:n 530.5379957
          b:c:w 550.6784606
          b:n:w 1263.6732392
          e:c:n 4852.2995343
          e:c:w 3779.2846080
          e:n:w 5266.3475870
          c:n:w 5003.5959762
        b:e:c:n 1136.3202090
        b:e:c:w 1071.8930726
        b:e:n:w 1966.7042787
        b:c:n:w 1656.0348458
        e:c:n:w 46330.1460024
