########################################
# legofit: estimate population history #
#            version 2.3.3             #
########################################

# Program was compiled: Sep 12 2021 17:54:39
# Program was run: Mon Sep 20 09:03:54 2021

# cmd: legofit -1 -d 0 -t 56 --ptsPerDim 3 --stateOut b1boot22.state --tol 3e-6 -S 5000 abcdf2.lgo ../../chrX/boot_chrX/boot22.opf
# Stage nOptItr nSimReps
#     0    5000        0
# algorithm          : deterministic
# ignoring probs <=  : 0
# Branch length floor: 0
# DE strategy        : 2
#    F               : 0.3
#    CR              : 0.8
#    tolerance       : 3e-06
# nthreads           : 56
# lgo input file     : abcdf2.lgo
# site pat input file: ../../chrX/boot_chrX/boot22.opf
# free parameters    : 19
# points in DE swarm : 57
# output state file  : b1boot22.state
# Including singleton site patterns.
# cost function      : KL
Initial parameter values
Fixed:
      zero = 0
       one = 1
    Tbecnw = 75200
Free:
       pc1 = 0
       pc2 = 0
       pc3 = 0
       pc4 = 0
       pc5 = 0
       pc6 = 0
       pc7 = 0
       pc8 = 0
       pc9 = 0
      pc10 = 0
      pc11 = 0
      pc12 = 0
      pc13 = 0
      pc14 = 0
      pc15 = 0
      pc16 = 0
      pc17 = 0
      pc18 = 0
      pc19 = 0
Constrained:
   Tgbecnw = 118061
     Tecnw = 25939.9
       Tnw = 21124.5
       Tec = 10688.8
     twoNb = 1.1121e+06
     twoNe = 5983.61
     twoNc = 2.95817e+06
     twoNn = 4.77725e+06
     twoNw = 5.5261e+06
    twoNec = 81309.7
    twoNnw = 14889.6
  twoNecnw = 60948.2
  twoNbecnw = 13285.9
  twoNgbecnw = 284293
         m = 0.09857
        m2 = 0.0199161
        m3 = 0.233544
        m4 = 0.0124526
        m6 = 1.01526e-08
        Tb = 18314.4
        Ta = 46757.2
        Tc = 10562.2
        Td = 5281.12
        Tf = 2640.56
DiffEv reached_goal. cost=1.83848e-03 spread=2.70064e-06
Fitted parameter values
Free:
       pc1 = 2.55105
       pc2 = 1.87406
       pc3 = 1.96161
       pc4 = 1.61366
       pc5 = -1.94471
       pc6 = -1.90724
       pc7 = -1.94296
       pc8 = -1.41515
       pc9 = -0.394312
      pc10 = -1.03799
      pc11 = -1.25747
      pc12 = -0.480762
      pc13 = -0.632758
      pc14 = 0.143281
      pc15 = -0.257944
      pc16 = -0.0799331
      pc17 = 0.0955184
      pc18 = -0.0433902
      pc19 = -0.00256807
Constrained:
   Tgbecnw = 97378.8
     Tecnw = 24999.2
       Tnw = 22005.6
       Tec = 11207.2
     twoNb = 630625
     twoNe = 9360.69
     twoNc = 4.7049e+06
     twoNn = 2.06961e+07
     twoNw = 4.74889e+06
    twoNec = 72692.6
    twoNnw = 8370.72
  twoNecnw = 59676.3
  twoNbecnw = 7389.81
  twoNgbecnw = 299204
         m = 0.0871739
        m2 = 0.0183595
        m3 = 0.247628
        m4 = 0.012594
        m6 = 2.74354e-08
        Tb = 18103.2
        Ta = 46651.6
        Tc = 11002.8
        Td = 5501.4
        Tf = 2750.7
#       SitePat  BranchLen
              b 116068.8288970
              e 44239.7824090
              c 45049.7150300
              n 41194.2363380
              w 44003.2509381
            b:e 1266.8350570
            b:c 1446.3211626
            b:n 927.6496090
            b:w 1058.8277137
            e:c 11300.4901047
            e:n 4791.7219352
            e:w 3753.8702564
            c:n 4487.5977782
            c:w 3722.0017812
            n:w 12180.7710576
          b:e:c 1268.3343747
          b:e:n 542.6400374
          b:e:w 540.5273436
          b:c:n 535.0731366
          b:c:w 556.0059755
          b:n:w 1271.8544470
          e:c:n 4832.2155711
          e:c:w 3758.7667680
          e:n:w 5304.8916749
          c:n:w 4984.0576853
        b:e:c:n 1151.3381666
        b:e:c:w 1069.2218298
        b:e:n:w 1957.0921187
        b:c:n:w 1616.5881945
        e:c:n:w 45499.4106485
