########################################
# legofit: estimate population history #
#            version 2.3.3             #
########################################

# Program was compiled: Sep 12 2021 17:54:39
# Program was run: Mon Sep 20 08:14:41 2021

# cmd: legofit -1 -d 0 -t 56 --ptsPerDim 3 --stateOut b1boot6.state --tol 3e-6 -S 5000 abcdf2.lgo ../../chrX/boot_chrX/boot6.opf
# Stage nOptItr nSimReps
#     0    5000        0
# algorithm          : deterministic
# ignoring probs <=  : 0
# Branch length floor: 0
# DE strategy        : 2
#    F               : 0.3
#    CR              : 0.8
#    tolerance       : 3e-06
# nthreads           : 56
# lgo input file     : abcdf2.lgo
# site pat input file: ../../chrX/boot_chrX/boot6.opf
# free parameters    : 19
# points in DE swarm : 57
# output state file  : b1boot6.state
# Including singleton site patterns.
# cost function      : KL
Initial parameter values
Fixed:
      zero = 0
       one = 1
    Tbecnw = 75200
Free:
       pc1 = 0
       pc2 = 0
       pc3 = 0
       pc4 = 0
       pc5 = 0
       pc6 = 0
       pc7 = 0
       pc8 = 0
       pc9 = 0
      pc10 = 0
      pc11 = 0
      pc12 = 0
      pc13 = 0
      pc14 = 0
      pc15 = 0
      pc16 = 0
      pc17 = 0
      pc18 = 0
      pc19 = 0
Constrained:
   Tgbecnw = 118061
     Tecnw = 25939.9
       Tnw = 21124.5
       Tec = 10688.8
     twoNb = 1.1121e+06
     twoNe = 5983.61
     twoNc = 2.95817e+06
     twoNn = 4.77725e+06
     twoNw = 5.5261e+06
    twoNec = 81309.7
    twoNnw = 14889.6
  twoNecnw = 60948.2
  twoNbecnw = 13285.9
  twoNgbecnw = 284293
         m = 0.09857
        m2 = 0.0199161
        m3 = 0.233544
        m4 = 0.0124526
        m6 = 1.01526e-08
        Tb = 18314.4
        Ta = 46757.2
        Tc = 10562.2
        Td = 5281.12
        Tf = 2640.56
DiffEv reached_goal. cost=1.76821e-03 spread=1.33239e-06
Fitted parameter values
Free:
       pc1 = 0.676775
       pc2 = 1.62208
       pc3 = 1.98362
       pc4 = 1.95469
       pc5 = -1.79362
       pc6 = -1.25655
       pc7 = -1.96223
       pc8 = -1.95859
       pc9 = -0.270485
      pc10 = -0.826645
      pc11 = -0.946537
      pc12 = -0.950513
      pc13 = -0.29161
      pc14 = -0.493478
      pc15 = -0.168064
      pc16 = 0.140419
      pc17 = 0.105408
      pc18 = -0.10508
      pc19 = 0.00807399
Constrained:
   Tgbecnw = 99724.6
     Tecnw = 25306.1
       Tnw = 21273.1
       Tec = 10771.2
     twoNb = 612725
     twoNe = 7931.04
     twoNc = 4.10419e+06
     twoNn = 1.77389e+07
     twoNw = 4.60997e+06
    twoNec = 80593.4
    twoNnw = 12152.3
  twoNecnw = 56988.6
  twoNbecnw = 8336.04
  twoNgbecnw = 280383
         m = 0.0932343
        m2 = 0.0177186
        m3 = 0.247212
        m4 = 0.0130594
        m6 = 2.07199e-08
        Tb = 18038.7
        Ta = 46619.3
        Tc = 10636.6
        Td = 5318.28
        Tf = 2659.14
#       SitePat  BranchLen
              b 117095.5201719
              e 44183.7313041
              c 44982.9024797
              n 41353.7816184
              w 43986.0843388
            b:e 1261.8049327
            b:c 1454.2986048
            b:n 937.1887554
            b:w 1055.4302124
            e:c 10980.4510817
            e:n 4803.8111480
            e:w 3844.4205069
            c:n 4538.3793956
            c:w 3797.4159960
            n:w 11768.5702699
          b:e:c 1224.6877141
          b:e:n 546.9711991
          b:e:w 546.0572338
          b:c:n 541.6471586
          b:c:w 558.8581102
          b:n:w 1227.9484435
          e:c:n 4858.5037169
          e:c:w 3863.1007429
          e:n:w 5352.7343303
          c:n:w 5017.7470911
        b:e:c:n 1139.6867792
        b:e:c:w 1068.6026679
        b:e:n:w 1939.3118509
        b:c:n:w 1587.5935652
        e:c:n:w 46571.7324549
