########################################
# legofit: estimate population history #
#            version 2.3.3             #
########################################

# Program was compiled: Sep 12 2021 17:54:39
# Program was run: Mon Sep 20 09:08:56 2021

# cmd: legofit -1 -d 0 -t 56 --ptsPerDim 3 --stateOut b1boot25.state --tol 3e-6 -S 5000 abcdf2.lgo ../../chrX/boot_chrX/boot25.opf
# Stage nOptItr nSimReps
#     0    5000        0
# algorithm          : deterministic
# ignoring probs <=  : 0
# Branch length floor: 0
# DE strategy        : 2
#    F               : 0.3
#    CR              : 0.8
#    tolerance       : 3e-06
# nthreads           : 56
# lgo input file     : abcdf2.lgo
# site pat input file: ../../chrX/boot_chrX/boot25.opf
# free parameters    : 19
# points in DE swarm : 57
# output state file  : b1boot25.state
# Including singleton site patterns.
# cost function      : KL
Initial parameter values
Fixed:
      zero = 0
       one = 1
    Tbecnw = 75200
Free:
       pc1 = 0
       pc2 = 0
       pc3 = 0
       pc4 = 0
       pc5 = 0
       pc6 = 0
       pc7 = 0
       pc8 = 0
       pc9 = 0
      pc10 = 0
      pc11 = 0
      pc12 = 0
      pc13 = 0
      pc14 = 0
      pc15 = 0
      pc16 = 0
      pc17 = 0
      pc18 = 0
      pc19 = 0
Constrained:
   Tgbecnw = 118061
     Tecnw = 25939.9
       Tnw = 21124.5
       Tec = 10688.8
     twoNb = 1.1121e+06
     twoNe = 5983.61
     twoNc = 2.95817e+06
     twoNn = 4.77725e+06
     twoNw = 5.5261e+06
    twoNec = 81309.7
    twoNnw = 14889.6
  twoNecnw = 60948.2
  twoNbecnw = 13285.9
  twoNgbecnw = 284293
         m = 0.09857
        m2 = 0.0199161
        m3 = 0.233544
        m4 = 0.0124526
        m6 = 1.01526e-08
        Tb = 18314.4
        Ta = 46757.2
        Tc = 10562.2
        Td = 5281.12
        Tf = 2640.56
DiffEv reached_goal. cost=1.92391e-03 spread=2.69237e-06
Fitted parameter values
Free:
       pc1 = 1.31358
       pc2 = 1.91713
       pc3 = 1.99234
       pc4 = 1.23623
       pc5 = 0.549175
       pc6 = -1.79801
       pc7 = -1.96942
       pc8 = 0.437857
       pc9 = -1.11459
      pc10 = -0.648653
      pc11 = -1.92226
      pc12 = 1.3104
      pc13 = -0.561643
      pc14 = 0.00519315
      pc15 = -0.204766
      pc16 = 0.0243764
      pc17 = 0.0822372
      pc18 = -0.0611159
      pc19 = -0.0188152
Constrained:
   Tgbecnw = 101081
     Tecnw = 24849
       Tnw = 20620
       Tec = 10397.1
     twoNb = 1.91032e+06
     twoNe = 5520.11
     twoNc = 4.35372e+06
     twoNn = 2.41961e+07
     twoNw = 6.56392e+06
    twoNec = 76981.3
    twoNnw = 12623.1
  twoNecnw = 61411
  twoNbecnw = 8460.13
  twoNgbecnw = 297152
         m = 0.0946692
        m2 = 0.0204241
        m3 = 0.22852
        m4 = 0.0126388
        m6 = 2.91336e-08
        Tb = 17623
        Ta = 46411.5
        Tc = 10310
        Td = 5155.01
        Tf = 2577.51
#       SitePat  BranchLen
              b 118635.7748534
              e 44774.6190800
              c 45594.9967138
              n 41685.5911766
              w 44234.7680111
            b:e 1249.4998900
            b:c 1379.0463661
            b:n 940.5617758
            b:w 1063.3968906
            e:c 11487.1049540
            e:n 4786.2910888
            e:w 3851.8606749
            c:n 4545.2045141
            c:w 3804.0362890
            n:w 12392.2533713
          b:e:c 1261.6272163
          b:e:n 546.6940338
          b:e:w 549.8153065
          b:c:n 541.0922308
          b:c:w 560.4276219
          b:n:w 1283.9806936
          e:c:n 4807.2782188
          e:c:w 3838.1768906
          e:n:w 5295.3891649
          c:n:w 5006.2275709
        b:e:c:n 1150.3559626
        b:e:c:w 1100.5873597
        b:e:n:w 2095.2423586
        b:c:n:w 1718.3801819
        e:c:n:w 47281.9408425
