########################################
# legofit: estimate population history #
#            version 2.3.3             #
########################################

# Program was compiled: Sep 12 2021 17:54:39
# Program was run: Mon Sep 20 10:29:17 2021

# cmd: legofit -1 -d 0 -t 56 --ptsPerDim 3 --stateOut b1boot48.state --tol 3e-6 -S 5000 abcdf2.lgo ../../chrX/boot_chrX/boot48.opf
# Stage nOptItr nSimReps
#     0    5000        0
# algorithm          : deterministic
# ignoring probs <=  : 0
# Branch length floor: 0
# DE strategy        : 2
#    F               : 0.3
#    CR              : 0.8
#    tolerance       : 3e-06
# nthreads           : 56
# lgo input file     : abcdf2.lgo
# site pat input file: ../../chrX/boot_chrX/boot48.opf
# free parameters    : 19
# points in DE swarm : 57
# output state file  : b1boot48.state
# Including singleton site patterns.
# cost function      : KL
Initial parameter values
Fixed:
      zero = 0
       one = 1
    Tbecnw = 75200
Free:
       pc1 = 0
       pc2 = 0
       pc3 = 0
       pc4 = 0
       pc5 = 0
       pc6 = 0
       pc7 = 0
       pc8 = 0
       pc9 = 0
      pc10 = 0
      pc11 = 0
      pc12 = 0
      pc13 = 0
      pc14 = 0
      pc15 = 0
      pc16 = 0
      pc17 = 0
      pc18 = 0
      pc19 = 0
Constrained:
   Tgbecnw = 118061
     Tecnw = 25939.9
       Tnw = 21124.5
       Tec = 10688.8
     twoNb = 1.1121e+06
     twoNe = 5983.61
     twoNc = 2.95817e+06
     twoNn = 4.77725e+06
     twoNw = 5.5261e+06
    twoNec = 81309.7
    twoNnw = 14889.6
  twoNecnw = 60948.2
  twoNbecnw = 13285.9
  twoNgbecnw = 284293
         m = 0.09857
        m2 = 0.0199161
        m3 = 0.233544
        m4 = 0.0124526
        m6 = 1.01526e-08
        Tb = 18314.4
        Ta = 46757.2
        Tc = 10562.2
        Td = 5281.12
        Tf = 2640.56
DiffEv reached_goal. cost=1.89072e-03 spread=1.98119e-06
Fitted parameter values
Free:
       pc1 = 3.45069
       pc2 = 1.63842
       pc3 = 1.99814
       pc4 = 1.93421
       pc5 = 0.88105
       pc6 = -1.901
       pc7 = -1.99917
       pc8 = -0.186878
       pc9 = -0.226116
      pc10 = -1.31182
      pc11 = -1.73803
      pc12 = -1.15904
      pc13 = 0.744422
      pc14 = 0.0231685
      pc15 = -0.0490614
      pc16 = -0.186928
      pc17 = -0.032851
      pc18 = -0.0229938
      pc19 = 0.0243404
Constrained:
   Tgbecnw = 98228.5
     Tecnw = 24781.2
       Tnw = 23141.8
       Tec = 11804.8
     twoNb = 1.37452e+06
     twoNe = 9168.01
     twoNc = 2.33454e+06
     twoNn = 2.24956e+07
     twoNw = 6.00249e+06
    twoNec = 70994.1
    twoNnw = 5105.99
  twoNecnw = 58631.3
  twoNbecnw = 7772.73
  twoNgbecnw = 292762
         m = 0.0884795
        m2 = 0.0213767
        m3 = 0.221934
        m4 = 0.0104444
        m6 = 9.88523e-09
        Tb = 18293
        Ta = 46746.5
        Tc = 11570.9
        Td = 5785.44
        Tf = 2892.72
#       SitePat  BranchLen
              b 116527.7963499
              e 44399.3586251
              c 45149.1953677
              n 41672.1830125
              w 44058.6542857
            b:e 1267.9839092
            b:c 1386.7040764
            b:n 952.5224253
            b:w 1069.0925629
            e:c 11094.2326263
            e:n 4767.4458079
            e:w 3854.3500089
            c:n 4475.5306171
            c:w 3837.5969344
            n:w 11746.9445555
          b:e:c 1255.5074543
          b:e:n 556.3001856
          b:e:w 554.5456076
          b:c:n 547.2212899
          b:c:w 569.6507398
          b:n:w 1272.5320934
          e:c:n 4811.9241893
          e:c:w 3890.8563638
          e:n:w 5312.9086120
          c:n:w 5043.9482471
        b:e:c:n 1156.4966453
        b:e:c:w 1104.8777077
        b:e:n:w 2007.7847872
        b:c:n:w 1710.8301931
        e:c:n:w 45905.2737489
