########################################
# legofit: estimate population history #
#            version 2.3.3             #
########################################

# Program was compiled: Sep 12 2021 17:54:39
# Program was run: Mon Sep 20 10:03:22 2021

# cmd: legofit -1 -d 0 -t 56 --ptsPerDim 3 --stateOut b1boot37.state --tol 3e-6 -S 5000 abcdf2.lgo ../../chrX/boot_chrX/boot37.opf
# Stage nOptItr nSimReps
#     0    5000        0
# algorithm          : deterministic
# ignoring probs <=  : 0
# Branch length floor: 0
# DE strategy        : 2
#    F               : 0.3
#    CR              : 0.8
#    tolerance       : 3e-06
# nthreads           : 56
# lgo input file     : abcdf2.lgo
# site pat input file: ../../chrX/boot_chrX/boot37.opf
# free parameters    : 19
# points in DE swarm : 57
# output state file  : b1boot37.state
# Including singleton site patterns.
# cost function      : KL
Initial parameter values
Fixed:
      zero = 0
       one = 1
    Tbecnw = 75200
Free:
       pc1 = 0
       pc2 = 0
       pc3 = 0
       pc4 = 0
       pc5 = 0
       pc6 = 0
       pc7 = 0
       pc8 = 0
       pc9 = 0
      pc10 = 0
      pc11 = 0
      pc12 = 0
      pc13 = 0
      pc14 = 0
      pc15 = 0
      pc16 = 0
      pc17 = 0
      pc18 = 0
      pc19 = 0
Constrained:
   Tgbecnw = 118061
     Tecnw = 25939.9
       Tnw = 21124.5
       Tec = 10688.8
     twoNb = 1.1121e+06
     twoNe = 5983.61
     twoNc = 2.95817e+06
     twoNn = 4.77725e+06
     twoNw = 5.5261e+06
    twoNec = 81309.7
    twoNnw = 14889.6
  twoNecnw = 60948.2
  twoNbecnw = 13285.9
  twoNgbecnw = 284293
         m = 0.09857
        m2 = 0.0199161
        m3 = 0.233544
        m4 = 0.0124526
        m6 = 1.01526e-08
        Tb = 18314.4
        Ta = 46757.2
        Tc = 10562.2
        Td = 5281.12
        Tf = 2640.56
DiffEv reached_goal. cost=1.76804e-03 spread=2.60595e-06
Fitted parameter values
Free:
       pc1 = -0.390892
       pc2 = 1.7326
       pc3 = 1.94793
       pc4 = 1.96265
       pc5 = -0.244667
       pc6 = -1.12624
       pc7 = -1.86324
       pc8 = -0.557147
       pc9 = -1.03388
      pc10 = -0.775308
      pc11 = -1.93658
      pc12 = -0.0542074
      pc13 = -0.56556
      pc14 = 0.0212442
      pc15 = -0.239524
      pc16 = -0.0913849
      pc17 = 0.00754234
      pc18 = -0.0758215
      pc19 = 0.00391138
Constrained:
   Tgbecnw = 99841.8
     Tecnw = 25515.9
       Tnw = 20093.8
       Tec = 10164.4
     twoNb = 1.63133e+06
     twoNe = 6637.52
     twoNc = 4.31969e+06
     twoNn = 1.8344e+07
     twoNw = 5.9159e+06
    twoNec = 82316
    twoNnw = 17210.7
  twoNecnw = 58102.5
  twoNbecnw = 8457.94
  twoNgbecnw = 277348
         m = 0.0944401
        m2 = 0.0193921
        m3 = 0.238971
        m4 = 0.0125587
        m6 = 2.77422e-08
        Tb = 17840.2
        Ta = 46520.1
        Tc = 10046.9
        Td = 5023.44
        Tf = 2511.72
#       SitePat  BranchLen
              b 117378.0663117
              e 44488.5030010
              c 45312.6537261
              n 41832.7979761
              w 44487.9218330
            b:e 1261.6279399
            b:c 1398.5660111
            b:n 974.6995489
            b:w 1106.4440094
            e:c 11241.3636475
            e:n 4853.9735520
            e:w 3875.3400984
            c:n 4587.7287842
            c:w 3832.4985026
            n:w 11869.9959555
          b:e:c 1261.5016063
          b:e:n 568.4220060
          b:e:w 569.4078250
          b:c:n 561.7848744
          b:c:w 581.6229122
          b:n:w 1279.0290239
          e:c:n 4930.1352976
          e:c:w 3923.5868932
          e:n:w 5268.0067384
          c:n:w 4966.6618833
        b:e:c:n 1193.2751051
        b:e:c:w 1125.9951130
        b:e:n:w 2030.8638515
        b:c:n:w 1674.6282108
        e:c:n:w 46373.9319637
