########################################
# legofit: estimate population history #
#            version 2.3.3             #
########################################

# Program was compiled: Sep 12 2021 17:54:39
# Program was run: Mon Sep 20 09:07:25 2021

# cmd: legofit -1 -d 0 -t 56 --ptsPerDim 3 --stateOut b1boot24.state --tol 3e-6 -S 5000 abcdf2.lgo ../../chrX/boot_chrX/boot24.opf
# Stage nOptItr nSimReps
#     0    5000        0
# algorithm          : deterministic
# ignoring probs <=  : 0
# Branch length floor: 0
# DE strategy        : 2
#    F               : 0.3
#    CR              : 0.8
#    tolerance       : 3e-06
# nthreads           : 56
# lgo input file     : abcdf2.lgo
# site pat input file: ../../chrX/boot_chrX/boot24.opf
# free parameters    : 19
# points in DE swarm : 57
# output state file  : b1boot24.state
# Including singleton site patterns.
# cost function      : KL
Initial parameter values
Fixed:
      zero = 0
       one = 1
    Tbecnw = 75200
Free:
       pc1 = 0
       pc2 = 0
       pc3 = 0
       pc4 = 0
       pc5 = 0
       pc6 = 0
       pc7 = 0
       pc8 = 0
       pc9 = 0
      pc10 = 0
      pc11 = 0
      pc12 = 0
      pc13 = 0
      pc14 = 0
      pc15 = 0
      pc16 = 0
      pc17 = 0
      pc18 = 0
      pc19 = 0
Constrained:
   Tgbecnw = 118061
     Tecnw = 25939.9
       Tnw = 21124.5
       Tec = 10688.8
     twoNb = 1.1121e+06
     twoNe = 5983.61
     twoNc = 2.95817e+06
     twoNn = 4.77725e+06
     twoNw = 5.5261e+06
    twoNec = 81309.7
    twoNnw = 14889.6
  twoNecnw = 60948.2
  twoNbecnw = 13285.9
  twoNgbecnw = 284293
         m = 0.09857
        m2 = 0.0199161
        m3 = 0.233544
        m4 = 0.0124526
        m6 = 1.01526e-08
        Tb = 18314.4
        Ta = 46757.2
        Tc = 10562.2
        Td = 5281.12
        Tf = 2640.56
DiffEv reached_goal. cost=1.95949e-03 spread=2.99498e-06
Fitted parameter values
Free:
       pc1 = 2.02602
       pc2 = 1.71136
       pc3 = 1.79891
       pc4 = 1.92536
       pc5 = 0.369388
       pc6 = -0.903991
       pc7 = -1.95895
       pc8 = -1.04608
       pc9 = -1.67576
      pc10 = 0.405876
      pc11 = -1.95325
      pc12 = 0.429688
      pc13 = -0.752049
      pc14 = 0.12668
      pc15 = -0.0779393
      pc16 = -0.0732848
      pc17 = -0.0571256
      pc18 = -0.0291556
      pc19 = -0.0134598
Constrained:
   Tgbecnw = 100165
     Tecnw = 25219.4
       Tnw = 22038.3
       Tec = 11082.8
     twoNb = 1.84502e+06
     twoNe = 2739.81
     twoNc = 4.45247e+06
     twoNn = 2.119e+07
     twoNw = 7.23778e+06
    twoNec = 74726.6
    twoNnw = 9472.65
  twoNecnw = 59483.9
  twoNbecnw = 8149.91
  twoNgbecnw = 312485
         m = 0.0847883
        m2 = 0.0198989
        m3 = 0.248863
        m4 = 0.0131686
        m6 = 2.05862e-08
        Tb = 18151.1
        Ta = 46675.6
        Tc = 11019.2
        Td = 5509.59
        Tf = 2754.79
#       SitePat  BranchLen
              b 117171.4365513
              e 44509.8299070
              c 45425.9460238
              n 41703.6989866
              w 44513.9390100
            b:e 1243.1095956
            b:c 1379.1167147
            b:n 948.0821761
            b:w 1089.9627079
            e:c 11251.0057361
            e:n 4884.3506108
            e:w 3823.1525356
            c:n 4559.1299415
            c:w 3790.9624759
            n:w 11908.3709936
          b:e:c 1260.0768530
          b:e:n 558.4183794
          b:e:w 557.8732245
          b:c:n 549.1435892
          b:c:w 573.7054503
          b:n:w 1279.4895134
          e:c:n 4907.1770760
          e:c:w 3829.1917609
          e:n:w 5266.3568729
          c:n:w 4948.8729327
        b:e:c:n 1178.3545209
        b:e:c:w 1109.5681519
        b:e:n:w 2070.8058338
        b:c:n:w 1687.0197405
        e:c:n:w 46206.8921865
