########################################
# legofit: estimate population history #
#            version 2.3.3             #
########################################

# Program was compiled: Sep 12 2021 17:54:39
# Program was run: Mon Sep 20 08:23:11 2021

# cmd: legofit -1 -d 0 -t 56 --ptsPerDim 3 --stateOut b1boot9.state --tol 3e-6 -S 5000 abcdf2.lgo ../../chrX/boot_chrX/boot9.opf
# Stage nOptItr nSimReps
#     0    5000        0
# algorithm          : deterministic
# ignoring probs <=  : 0
# Branch length floor: 0
# DE strategy        : 2
#    F               : 0.3
#    CR              : 0.8
#    tolerance       : 3e-06
# nthreads           : 56
# lgo input file     : abcdf2.lgo
# site pat input file: ../../chrX/boot_chrX/boot9.opf
# free parameters    : 19
# points in DE swarm : 57
# output state file  : b1boot9.state
# Including singleton site patterns.
# cost function      : KL
Initial parameter values
Fixed:
      zero = 0
       one = 1
    Tbecnw = 75200
Free:
       pc1 = 0
       pc2 = 0
       pc3 = 0
       pc4 = 0
       pc5 = 0
       pc6 = 0
       pc7 = 0
       pc8 = 0
       pc9 = 0
      pc10 = 0
      pc11 = 0
      pc12 = 0
      pc13 = 0
      pc14 = 0
      pc15 = 0
      pc16 = 0
      pc17 = 0
      pc18 = 0
      pc19 = 0
Constrained:
   Tgbecnw = 118061
     Tecnw = 25939.9
       Tnw = 21124.5
       Tec = 10688.8
     twoNb = 1.1121e+06
     twoNe = 5983.61
     twoNc = 2.95817e+06
     twoNn = 4.77725e+06
     twoNw = 5.5261e+06
    twoNec = 81309.7
    twoNnw = 14889.6
  twoNecnw = 60948.2
  twoNbecnw = 13285.9
  twoNgbecnw = 284293
         m = 0.09857
        m2 = 0.0199161
        m3 = 0.233544
        m4 = 0.0124526
        m6 = 1.01526e-08
        Tb = 18314.4
        Ta = 46757.2
        Tc = 10562.2
        Td = 5281.12
        Tf = 2640.56
DiffEv reached_goal. cost=1.97456e-03 spread=2.68376e-06
Fitted parameter values
Free:
       pc1 = -0.0643867
       pc2 = 1.98502
       pc3 = 1.98384
       pc4 = 1.73638
       pc5 = 0.479635
       pc6 = -1.97842
       pc7 = -1.98724
       pc8 = 0.000693271
       pc9 = -0.911185
      pc10 = -1.93576
      pc11 = -0.466966
      pc12 = -0.583545
      pc13 = -0.63942
      pc14 = 0.425437
      pc15 = -0.258818
      pc16 = -0.230517
      pc17 = 0.0328535
      pc18 = -0.0940279
      pc19 = -0.0364123
Constrained:
   Tgbecnw = 99869.1
     Tecnw = 25587.4
       Tnw = 20157.5
       Tec = 10337.6
     twoNb = 1.58182e+06
     twoNe = 9032.65
     twoNc = 4.39198e+06
     twoNn = 2.39772e+07
     twoNw = 5.21347e+06
    twoNec = 80432.3
    twoNnw = 16932.2
  twoNecnw = 59323.8
  twoNbecnw = 8323.86
  twoNgbecnw = 276321
         m = 0.0982106
        m2 = 0.0182406
        m3 = 0.219772
        m4 = 0.0103878
        m6 = 9.0644e-09
        Tb = 17962.5
        Ta = 46581.2
        Tc = 10078.7
        Td = 5039.37
        Tf = 2519.68
#       SitePat  BranchLen
              b 117761.9460416
              e 44608.6316439
              c 45396.6193974
              n 41895.1954885
              w 44479.1449487
            b:e 1223.3049020
            b:c 1341.2409552
            b:n 940.0350213
            b:w 1065.9578654
            e:c 11422.9568201
            e:n 4794.0331328
            e:w 3795.5378678
            c:n 4468.7487765
            c:w 3784.5164542
            n:w 12137.6204169
          b:e:c 1245.0598127
          b:e:n 546.3259384
          b:e:w 543.2786847
          b:c:n 536.1440568
          b:c:w 558.9265130
          b:n:w 1262.7789220
          e:c:n 4837.4513386
          e:c:w 3860.2708535
          e:n:w 5185.7832652
          c:n:w 4916.1658219
        b:e:c:n 1150.5254096
        b:e:c:w 1080.8260146
        b:e:n:w 1928.6448699
        b:c:n:w 1623.1782335
        e:c:n:w 46585.5429654
