########################################
# legofit: estimate population history #
#            version 2.3.3             #
########################################

# Program was compiled: Sep 12 2021 17:54:39
# Program was run: Mon Sep 20 08:23:12 2021

# cmd: legofit -1 -d 0 -t 56 --ptsPerDim 3 --stateOut b1boot10.state --tol 3e-6 -S 5000 abcdf2.lgo ../../chrX/boot_chrX/boot10.opf
# Stage nOptItr nSimReps
#     0    5000        0
# algorithm          : deterministic
# ignoring probs <=  : 0
# Branch length floor: 0
# DE strategy        : 2
#    F               : 0.3
#    CR              : 0.8
#    tolerance       : 3e-06
# nthreads           : 56
# lgo input file     : abcdf2.lgo
# site pat input file: ../../chrX/boot_chrX/boot10.opf
# free parameters    : 19
# points in DE swarm : 57
# output state file  : b1boot10.state
# Including singleton site patterns.
# cost function      : KL
Initial parameter values
Fixed:
      zero = 0
       one = 1
    Tbecnw = 75200
Free:
       pc1 = 0
       pc2 = 0
       pc3 = 0
       pc4 = 0
       pc5 = 0
       pc6 = 0
       pc7 = 0
       pc8 = 0
       pc9 = 0
      pc10 = 0
      pc11 = 0
      pc12 = 0
      pc13 = 0
      pc14 = 0
      pc15 = 0
      pc16 = 0
      pc17 = 0
      pc18 = 0
      pc19 = 0
Constrained:
   Tgbecnw = 118061
     Tecnw = 25939.9
       Tnw = 21124.5
       Tec = 10688.8
     twoNb = 1.1121e+06
     twoNe = 5983.61
     twoNc = 2.95817e+06
     twoNn = 4.77725e+06
     twoNw = 5.5261e+06
    twoNec = 81309.7
    twoNnw = 14889.6
  twoNecnw = 60948.2
  twoNbecnw = 13285.9
  twoNgbecnw = 284293
         m = 0.09857
        m2 = 0.0199161
        m3 = 0.233544
        m4 = 0.0124526
        m6 = 1.01526e-08
        Tb = 18314.4
        Ta = 46757.2
        Tc = 10562.2
        Td = 5281.12
        Tf = 2640.56
DiffEv reached_goal. cost=1.84041e-03 spread=2.94367e-06
Fitted parameter values
Free:
       pc1 = -2.83595
       pc2 = 1.68801
       pc3 = 1.91519
       pc4 = 0.38619
       pc5 = -0.361649
       pc6 = -1.77199
       pc7 = -1.72796
       pc8 = -1.07278
       pc9 = -0.550365
      pc10 = -1.15552
      pc11 = -1.80694
      pc12 = 0.309155
      pc13 = -0.12864
      pc14 = 0.0675472
      pc15 = -0.389938
      pc16 = -0.0305386
      pc17 = 0.0908166
      pc18 = 0.0193617
      pc19 = 0.059192
Constrained:
   Tgbecnw = 103952
     Tecnw = 25828.8
       Tnw = 18376.3
       Tec = 9298.81
     twoNb = 1.4464e+06
     twoNe = 9929.15
     twoNc = 2.01429e+06
     twoNn = 1.96156e+07
     twoNw = 7.56366e+06
    twoNec = 87733.5
    twoNnw = 24634.1
  twoNecnw = 57868.3
  twoNbecnw = 9975.66
  twoNgbecnw = 259858
         m = 0.0994174
        m2 = 0.0179818
        m3 = 0.224793
        m4 = 0.0144155
        m6 = 3.65576e-08
        Tb = 17563.8
        Ta = 46381.9
        Tc = 9188.13
        Td = 4594.06
        Tf = 2297.03
#       SitePat  BranchLen
              b 118120.3616860
              e 44658.0364407
              c 45513.9029818
              n 42134.2912985
              w 44665.9234512
            b:e 1276.7269410
            b:c 1438.2245906
            b:n 1001.7896227
            b:w 1128.1465836
            e:c 11461.3226287
            e:n 4824.4825915
            e:w 3927.2743272
            c:n 4606.5822584
            c:w 3856.3001841
            n:w 12087.3775100
          b:e:c 1283.4867837
          b:e:n 576.3965706
          b:e:w 579.1366249
          b:c:n 572.8904526
          b:c:w 587.7621467
          b:n:w 1299.2687330
          e:c:n 4974.0783008
          e:c:w 4018.3782193
          e:n:w 5323.3765430
          c:n:w 4989.9897933
        b:e:c:n 1211.5324578
        b:e:c:w 1139.1220567
        b:e:n:w 2051.5169976
        b:c:n:w 1651.2944925
        e:c:n:w 46612.7895775
