########################################
# legofit: estimate population history #
#            version 2.3.3             #
########################################

# Program was compiled: Sep 12 2021 17:54:39
# Program was run: Mon Sep 20 08:29:43 2021

# cmd: legofit -1 -d 0 -t 56 --ptsPerDim 3 --stateOut b1boot13.state --tol 3e-6 -S 5000 abcdf2.lgo ../../chrX/boot_chrX/boot13.opf
# Stage nOptItr nSimReps
#     0    5000        0
# algorithm          : deterministic
# ignoring probs <=  : 0
# Branch length floor: 0
# DE strategy        : 2
#    F               : 0.3
#    CR              : 0.8
#    tolerance       : 3e-06
# nthreads           : 56
# lgo input file     : abcdf2.lgo
# site pat input file: ../../chrX/boot_chrX/boot13.opf
# free parameters    : 19
# points in DE swarm : 57
# output state file  : b1boot13.state
# Including singleton site patterns.
# cost function      : KL
Initial parameter values
Fixed:
      zero = 0
       one = 1
    Tbecnw = 75200
Free:
       pc1 = 0
       pc2 = 0
       pc3 = 0
       pc4 = 0
       pc5 = 0
       pc6 = 0
       pc7 = 0
       pc8 = 0
       pc9 = 0
      pc10 = 0
      pc11 = 0
      pc12 = 0
      pc13 = 0
      pc14 = 0
      pc15 = 0
      pc16 = 0
      pc17 = 0
      pc18 = 0
      pc19 = 0
Constrained:
   Tgbecnw = 118061
     Tecnw = 25939.9
       Tnw = 21124.5
       Tec = 10688.8
     twoNb = 1.1121e+06
     twoNe = 5983.61
     twoNc = 2.95817e+06
     twoNn = 4.77725e+06
     twoNw = 5.5261e+06
    twoNec = 81309.7
    twoNnw = 14889.6
  twoNecnw = 60948.2
  twoNbecnw = 13285.9
  twoNgbecnw = 284293
         m = 0.09857
        m2 = 0.0199161
        m3 = 0.233544
        m4 = 0.0124526
        m6 = 1.01526e-08
        Tb = 18314.4
        Ta = 46757.2
        Tc = 10562.2
        Td = 5281.12
        Tf = 2640.56
DiffEv reached_goal. cost=1.86089e-03 spread=2.12007e-06
Fitted parameter values
Free:
       pc1 = 1.81922
       pc2 = 1.90336
       pc3 = 1.84617
       pc4 = 1.97754
       pc5 = -1.90559
       pc6 = -1.04101
       pc7 = -1.85217
       pc8 = -1.52489
       pc9 = -1.22571
      pc10 = 0.552736
      pc11 = -1.97542
      pc12 = -0.492825
      pc13 = 0.249338
      pc14 = 0.570828
      pc15 = -0.0965683
      pc16 = -0.141341
      pc17 = 0.0395248
      pc18 = -0.081889
      pc19 = -0.0349527
Constrained:
   Tgbecnw = 98340.5
     Tecnw = 25531.6
       Tnw = 22247.3
       Tec = 11311
     twoNb = 1.06268e+06
     twoNe = 6304.37
     twoNc = 6.18329e+06
     twoNn = 1.56736e+07
     twoNw = 5.01309e+06
    twoNec = 71987.3
    twoNnw = 9364.82
  twoNecnw = 57795.4
  twoNbecnw = 7700.17
  twoNgbecnw = 301801
         m = 0.0873372
        m2 = 0.0194645
        m3 = 0.250813
        m4 = 0.014913
        m6 = 3.49086e-08
        Tb = 18421.3
        Ta = 46810.7
        Tc = 11123.6
        Td = 5561.82
        Tf = 2780.91
#       SitePat  BranchLen
              b 116840.6777602
              e 44125.9063689
              c 45166.8657710
              n 41336.1401484
              w 44295.4495104
            b:e 1234.2494618
            b:c 1414.8166142
            b:n 924.6613482
            b:w 1070.3130325
            e:c 11292.0349129
            e:n 4842.9544455
            e:w 3707.9325453
            c:n 4446.1306824
            c:w 3679.4615475
            n:w 11946.9041475
          b:e:c 1256.5980417
          b:e:n 542.4560573
          b:e:w 538.3620701
          b:c:n 531.0411119
          b:c:w 558.2911162
          b:n:w 1270.7875822
          e:c:n 4914.7660619
          e:c:w 3770.8491044
          e:n:w 5290.1959984
          c:n:w 4909.7711648
        b:e:c:n 1156.9833274
        b:e:c:w 1074.4742945
        b:e:n:w 2059.2918941
        b:c:n:w 1634.9707257
        e:c:n:w 46300.9201159
