########################################
# legofit: estimate population history #
#            version 2.3.3             #
########################################

# Program was compiled: Sep 12 2021 17:54:39
# Program was run: Mon Sep 20 08:04:10 2021

# cmd: legofit -1 -d 0 -t 56 --ptsPerDim 3 --stateOut b1boot1.state --tol 3e-6 -S 5000 abcdf2.lgo ../../chrX/boot_chrX/boot1.opf
# Stage nOptItr nSimReps
#     0    5000        0
# algorithm          : deterministic
# ignoring probs <=  : 0
# Branch length floor: 0
# DE strategy        : 2
#    F               : 0.3
#    CR              : 0.8
#    tolerance       : 3e-06
# nthreads           : 56
# lgo input file     : abcdf2.lgo
# site pat input file: ../../chrX/boot_chrX/boot1.opf
# free parameters    : 19
# points in DE swarm : 57
# output state file  : b1boot1.state
# Including singleton site patterns.
# cost function      : KL
Initial parameter values
Fixed:
      zero = 0
       one = 1
    Tbecnw = 75200
Free:
       pc1 = 0
       pc2 = 0
       pc3 = 0
       pc4 = 0
       pc5 = 0
       pc6 = 0
       pc7 = 0
       pc8 = 0
       pc9 = 0
      pc10 = 0
      pc11 = 0
      pc12 = 0
      pc13 = 0
      pc14 = 0
      pc15 = 0
      pc16 = 0
      pc17 = 0
      pc18 = 0
      pc19 = 0
Constrained:
   Tgbecnw = 118061
     Tecnw = 25939.9
       Tnw = 21124.5
       Tec = 10688.8
     twoNb = 1.1121e+06
     twoNe = 5983.61
     twoNc = 2.95817e+06
     twoNn = 4.77725e+06
     twoNw = 5.5261e+06
    twoNec = 81309.7
    twoNnw = 14889.6
  twoNecnw = 60948.2
  twoNbecnw = 13285.9
  twoNgbecnw = 284293
         m = 0.09857
        m2 = 0.0199161
        m3 = 0.233544
        m4 = 0.0124526
        m6 = 1.01526e-08
        Tb = 18314.4
        Ta = 46757.2
        Tc = 10562.2
        Td = 5281.12
        Tf = 2640.56
DiffEv reached_goal. cost=1.98245e-03 spread=2.05074e-06
Fitted parameter values
Free:
       pc1 = 2.68498
       pc2 = 1.76734
       pc3 = 1.87806
       pc4 = 1.69315
       pc5 = 0.157151
       pc6 = -1.8273
       pc7 = -1.93166
       pc8 = -0.581402
       pc9 = -1.02835
      pc10 = -0.89108
      pc11 = -1.57383
      pc12 = 0.662545
      pc13 = -0.966327
      pc14 = 0.4115
      pc15 = -0.152311
      pc16 = -0.187726
      pc17 = 0.0238615
      pc18 = 0.0206208
      pc19 = -0.00898016
Constrained:
   Tgbecnw = 98498.8
     Tecnw = 24966.3
       Tnw = 21741.9
       Tec = 11008.2
     twoNb = 1.4675e+06
     twoNe = 5953.74
     twoNc = 4.1452e+06
     twoNn = 2.59025e+07
     twoNw = 6.76136e+06
    twoNec = 72702.9
    twoNnw = 9207.49
  twoNecnw = 61398.9
  twoNbecnw = 7624.47
  twoNgbecnw = 314224
         m = 0.0857099
        m2 = 0.0199007
        m3 = 0.240404
        m4 = 0.0116881
        m6 = 1.97251e-08
        Tb = 17987.2
        Ta = 46593.6
        Tc = 10871
        Td = 5435.48
        Tf = 2717.74
#       SitePat  BranchLen
              b 117095.4898558
              e 44626.8321812
              c 45445.9348116
              n 41566.1319190
              w 44347.4948912
            b:e 1267.1183045
            b:c 1394.3656684
            b:n 950.3792117
            b:w 1090.9088701
            e:c 11495.3324093
            e:n 4825.8306549
            e:w 3782.3806549
            c:n 4521.7882652
            c:w 3758.1584958
            n:w 12334.3007937
          b:e:c 1299.9955791
          b:e:n 557.5225599
          b:e:w 557.2608433
          b:c:n 548.6085869
          b:c:w 572.5331486
          b:n:w 1317.1994068
          e:c:n 4849.6560395
          e:c:w 3783.2648046
          e:n:w 5257.9739575
          c:n:w 4974.5587004
        b:e:c:n 1185.4759602
        b:e:c:w 1113.3915246
        b:e:n:w 2053.6381326
        b:c:n:w 1712.6095298
        e:c:n:w 46060.8238116
