########################################
# legofit: estimate population history #
#            version 2.3.3             #
########################################

# Program was compiled: Sep 12 2021 17:54:39
# Program was run: Mon Sep 20 08:34:23 2021

# cmd: legofit -1 -d 0 -t 56 --ptsPerDim 3 --stateOut b1boot16.state --tol 3e-6 -S 5000 abcdf2.lgo ../../chrX/boot_chrX/boot16.opf
# Stage nOptItr nSimReps
#     0    5000        0
# algorithm          : deterministic
# ignoring probs <=  : 0
# Branch length floor: 0
# DE strategy        : 2
#    F               : 0.3
#    CR              : 0.8
#    tolerance       : 3e-06
# nthreads           : 56
# lgo input file     : abcdf2.lgo
# site pat input file: ../../chrX/boot_chrX/boot16.opf
# free parameters    : 19
# points in DE swarm : 57
# output state file  : b1boot16.state
# Including singleton site patterns.
# cost function      : KL
Initial parameter values
Fixed:
      zero = 0
       one = 1
    Tbecnw = 75200
Free:
       pc1 = 0
       pc2 = 0
       pc3 = 0
       pc4 = 0
       pc5 = 0
       pc6 = 0
       pc7 = 0
       pc8 = 0
       pc9 = 0
      pc10 = 0
      pc11 = 0
      pc12 = 0
      pc13 = 0
      pc14 = 0
      pc15 = 0
      pc16 = 0
      pc17 = 0
      pc18 = 0
      pc19 = 0
Constrained:
   Tgbecnw = 118061
     Tecnw = 25939.9
       Tnw = 21124.5
       Tec = 10688.8
     twoNb = 1.1121e+06
     twoNe = 5983.61
     twoNc = 2.95817e+06
     twoNn = 4.77725e+06
     twoNw = 5.5261e+06
    twoNec = 81309.7
    twoNnw = 14889.6
  twoNecnw = 60948.2
  twoNbecnw = 13285.9
  twoNgbecnw = 284293
         m = 0.09857
        m2 = 0.0199161
        m3 = 0.233544
        m4 = 0.0124526
        m6 = 1.01526e-08
        Tb = 18314.4
        Ta = 46757.2
        Tc = 10562.2
        Td = 5281.12
        Tf = 2640.56
DiffEv reached_goal. cost=1.91515e-03 spread=2.89694e-06
Fitted parameter values
Free:
       pc1 = 3.43054
       pc2 = 1.89212
       pc3 = 1.64301
       pc4 = 1.85964
       pc5 = -0.541139
       pc6 = -0.39349
       pc7 = -1.89731
       pc8 = -1.34685
       pc9 = -0.548586
      pc10 = -0.762345
      pc11 = -1.92038
      pc12 = 0.330518
      pc13 = -0.166684
      pc14 = 0.394179
      pc15 = -0.0476912
      pc16 = -0.220621
      pc17 = -0.067897
      pc18 = -0.0682952
      pc19 = 0.033018
Constrained:
   Tgbecnw = 97477.5
     Tecnw = 25108.8
       Tnw = 22994.3
       Tec = 11582.5
     twoNb = 963849
     twoNe = 3824.11
     twoNc = 3.52843e+06
     twoNn = 1.92314e+07
     twoNw = 7.32456e+06
    twoNec = 71127.6
    twoNnw = 5882.45
  twoNecnw = 60197.5
  twoNbecnw = 7528.32
  twoNgbecnw = 284670
         m = 0.0942387
        m2 = 0.0206281
        m3 = 0.248673
        m4 = 0.0120186
        m6 = 2.89426e-08
        Tb = 18345.7
        Ta = 46772.8
        Tc = 11497.2
        Td = 5748.58
        Tf = 2874.29
#       SitePat  BranchLen
              b 116836.9428460
              e 44619.0861464
              c 45433.1126506
              n 41521.3508197
              w 44317.7641451
            b:e 1271.0908218
            b:c 1420.5426348
            b:n 929.3093598
            b:w 1062.1205573
            e:c 11306.4449251
            e:n 4797.7783716
            e:w 3752.5717285
            c:n 4494.0683254
            c:w 3726.4945031
            n:w 12141.2944772
          b:e:c 1271.9997103
          b:e:n 544.7606952
          b:e:w 544.0831592
          b:c:n 536.1594554
          b:c:w 559.4685058
          b:n:w 1285.0850833
          e:c:n 4819.5988854
          e:c:w 3747.5530476
          e:n:w 5303.3379488
          c:n:w 5001.8167287
        b:e:c:n 1153.1040870
        b:e:c:w 1086.0743988
        b:e:n:w 2028.7738586
        b:c:n:w 1689.8198258
        e:c:n:w 45973.0775066
