########################################
# legofit: estimate population history #
#            version 2.3.3             #
########################################

# Program was compiled: Sep 12 2021 17:54:39
# Program was run: Mon Sep 20 08:19:13 2021

# cmd: legofit -1 -d 0 -t 56 --ptsPerDim 3 --stateOut b1boot8.state --tol 3e-6 -S 5000 abcdf2.lgo ../../chrX/boot_chrX/boot8.opf
# Stage nOptItr nSimReps
#     0    5000        0
# algorithm          : deterministic
# ignoring probs <=  : 0
# Branch length floor: 0
# DE strategy        : 2
#    F               : 0.3
#    CR              : 0.8
#    tolerance       : 3e-06
# nthreads           : 56
# lgo input file     : abcdf2.lgo
# site pat input file: ../../chrX/boot_chrX/boot8.opf
# free parameters    : 19
# points in DE swarm : 57
# output state file  : b1boot8.state
# Including singleton site patterns.
# cost function      : KL
Initial parameter values
Fixed:
      zero = 0
       one = 1
    Tbecnw = 75200
Free:
       pc1 = 0
       pc2 = 0
       pc3 = 0
       pc4 = 0
       pc5 = 0
       pc6 = 0
       pc7 = 0
       pc8 = 0
       pc9 = 0
      pc10 = 0
      pc11 = 0
      pc12 = 0
      pc13 = 0
      pc14 = 0
      pc15 = 0
      pc16 = 0
      pc17 = 0
      pc18 = 0
      pc19 = 0
Constrained:
   Tgbecnw = 118061
     Tecnw = 25939.9
       Tnw = 21124.5
       Tec = 10688.8
     twoNb = 1.1121e+06
     twoNe = 5983.61
     twoNc = 2.95817e+06
     twoNn = 4.77725e+06
     twoNw = 5.5261e+06
    twoNec = 81309.7
    twoNnw = 14889.6
  twoNecnw = 60948.2
  twoNbecnw = 13285.9
  twoNgbecnw = 284293
         m = 0.09857
        m2 = 0.0199161
        m3 = 0.233544
        m4 = 0.0124526
        m6 = 1.01526e-08
        Tb = 18314.4
        Ta = 46757.2
        Tc = 10562.2
        Td = 5281.12
        Tf = 2640.56
DiffEv reached_goal. cost=1.94167e-03 spread=2.73632e-06
Fitted parameter values
Free:
       pc1 = -0.287117
       pc2 = 1.95807
       pc3 = 1.98947
       pc4 = 0.83122
       pc5 = -1.55693
       pc6 = -1.89619
       pc7 = -1.97288
       pc8 = -1.11219
       pc9 = -1.80344
      pc10 = -0.574315
      pc11 = -1.93065
      pc12 = 1.67232
      pc13 = -0.022439
      pc14 = -0.0362089
      pc15 = -0.0797305
      pc16 = -0.205253
      pc17 = 0.0779209
      pc18 = 0.00254436
      pc19 = -0.0264235
Constrained:
   Tgbecnw = 101303
     Tecnw = 25342.6
       Tnw = 19912.6
       Tec = 10059.8
     twoNb = 1.26302e+06
     twoNe = 6404.17
     twoNc = 7.10587e+06
     twoNn = 2.64769e+07
     twoNw = 7.37601e+06
    twoNec = 81920.8
    twoNnw = 16527.2
  twoNecnw = 59889.2
  twoNbecnw = 8787.48
  twoNgbecnw = 294898
         m = 0.0913413
        m2 = 0.0185757
        m3 = 0.23576
        m4 = 0.0154241
        m6 = 5.39708e-08
        Tb = 17701.2
        Ta = 46450.6
        Tc = 9956.29
        Td = 4978.15
        Tf = 2489.07
#       SitePat  BranchLen
              b 118326.0265145
              e 44785.9671577
              c 45743.5928702
              n 41840.0830795
              w 44493.8586385
            b:e 1310.2019691
            b:c 1487.3085430
            b:n 999.3628002
            b:w 1134.4854367
            e:c 11427.9654642
            e:n 4865.2053822
            e:w 3894.5776493
            c:n 4590.6171803
            c:w 3830.4470643
            n:w 12296.5612407
          b:e:c 1324.2667297
          b:e:n 583.7822853
          b:e:w 584.9382322
          b:c:n 578.1683855
          b:c:w 597.4334083
          b:n:w 1337.5386662
          e:c:n 4909.3555938
          e:c:w 3905.4128908
          e:n:w 5383.8146408
          c:n:w 5024.2051783
        b:e:c:n 1228.0788065
        b:e:c:w 1153.5002303
        b:e:n:w 2163.5793479
        b:c:n:w 1720.2939120
        e:c:n:w 47008.3191718
