########################################
# legofit: estimate population history #
#            version 2.3.3             #
########################################

# Program was compiled: Sep 12 2021 17:54:39
# Program was run: Mon Sep 20 09:05:54 2021

# cmd: legofit -1 -d 0 -t 56 --ptsPerDim 3 --stateOut b1boot23.state --tol 3e-6 -S 5000 abcdf2.lgo ../../chrX/boot_chrX/boot23.opf
# Stage nOptItr nSimReps
#     0    5000        0
# algorithm          : deterministic
# ignoring probs <=  : 0
# Branch length floor: 0
# DE strategy        : 2
#    F               : 0.3
#    CR              : 0.8
#    tolerance       : 3e-06
# nthreads           : 56
# lgo input file     : abcdf2.lgo
# site pat input file: ../../chrX/boot_chrX/boot23.opf
# free parameters    : 19
# points in DE swarm : 57
# output state file  : b1boot23.state
# Including singleton site patterns.
# cost function      : KL
Initial parameter values
Fixed:
      zero = 0
       one = 1
    Tbecnw = 75200
Free:
       pc1 = 0
       pc2 = 0
       pc3 = 0
       pc4 = 0
       pc5 = 0
       pc6 = 0
       pc7 = 0
       pc8 = 0
       pc9 = 0
      pc10 = 0
      pc11 = 0
      pc12 = 0
      pc13 = 0
      pc14 = 0
      pc15 = 0
      pc16 = 0
      pc17 = 0
      pc18 = 0
      pc19 = 0
Constrained:
   Tgbecnw = 118061
     Tecnw = 25939.9
       Tnw = 21124.5
       Tec = 10688.8
     twoNb = 1.1121e+06
     twoNe = 5983.61
     twoNc = 2.95817e+06
     twoNn = 4.77725e+06
     twoNw = 5.5261e+06
    twoNec = 81309.7
    twoNnw = 14889.6
  twoNecnw = 60948.2
  twoNbecnw = 13285.9
  twoNgbecnw = 284293
         m = 0.09857
        m2 = 0.0199161
        m3 = 0.233544
        m4 = 0.0124526
        m6 = 1.01526e-08
        Tb = 18314.4
        Ta = 46757.2
        Tc = 10562.2
        Td = 5281.12
        Tf = 2640.56
DiffEv reached_goal. cost=1.95297e-03 spread=2.81747e-06
Fitted parameter values
Free:
       pc1 = -2.95749
       pc2 = 1.93341
       pc3 = 1.91812
       pc4 = 1.54143
       pc5 = -0.876741
       pc6 = -1.88172
       pc7 = -1.98632
       pc8 = -0.403136
       pc9 = -0.602166
      pc10 = -0.559279
      pc11 = -0.630632
      pc12 = 1.09899
      pc13 = 0.564088
      pc14 = -0.0558349
      pc15 = -0.319173
      pc16 = -0.168101
      pc17 = 0.0910513
      pc18 = -0.0163699
      pc19 = 0.0188603
Constrained:
   Tgbecnw = 103494
     Tecnw = 25838
       Tnw = 18248.9
       Tec = 9226.3
     twoNb = 1.28003e+06
     twoNe = 6621.22
     twoNc = 5.98309e+06
     twoNn = 2.434e+07
     twoNw = 4.43878e+06
    twoNec = 88708
    twoNnw = 24957.1
  twoNecnw = 58076.3
  twoNbecnw = 9908.42
  twoNgbecnw = 247224
         m = 0.10447
        m2 = 0.0185578
        m3 = 0.217649
        m4 = 0.0153927
        m6 = 2.51876e-08
        Tb = 17532.1
        Ta = 46366.1
        Tc = 9124.44
        Td = 4562.22
        Tf = 2281.11
#       SitePat  BranchLen
              b 117810.3057781
              e 44757.4767139
              c 45686.2086688
              n 42119.3286274
              w 44589.5210207
            b:e 1268.1710341
            b:c 1447.4989043
            b:n 982.1527804
            b:w 1100.4097385
            e:c 11441.1260583
            e:n 4812.0118095
            e:w 3910.0315002
            c:n 4553.5995125
            c:w 3840.2891166
            n:w 12185.2029045
          b:e:c 1265.4630340
          b:e:n 565.3446899
          b:e:w 566.2085851
          b:c:n 560.4946896
          b:c:w 576.7327556
          b:n:w 1280.4132009
          e:c:n 4906.6308796
          e:c:w 3982.8242209
          e:n:w 5348.8481774
          c:n:w 4985.6447967
        b:e:c:n 1182.1624492
        b:e:c:w 1115.7085455
        b:e:n:w 2062.5494336
        b:c:n:w 1640.1733394
        e:c:n:w 46239.2321955
