########################################
# legofit: estimate population history #
#            version 2.3.3             #
########################################

# Program was compiled: Sep 12 2021 17:54:39
# Program was run: Mon Sep 20 10:09:09 2021

# cmd: legofit -1 -d 0 -t 56 --ptsPerDim 3 --stateOut b1boot39.state --tol 3e-6 -S 5000 abcdf2.lgo ../../chrX/boot_chrX/boot39.opf
# Stage nOptItr nSimReps
#     0    5000        0
# algorithm          : deterministic
# ignoring probs <=  : 0
# Branch length floor: 0
# DE strategy        : 2
#    F               : 0.3
#    CR              : 0.8
#    tolerance       : 3e-06
# nthreads           : 56
# lgo input file     : abcdf2.lgo
# site pat input file: ../../chrX/boot_chrX/boot39.opf
# free parameters    : 19
# points in DE swarm : 57
# output state file  : b1boot39.state
# Including singleton site patterns.
# cost function      : KL
Initial parameter values
Fixed:
      zero = 0
       one = 1
    Tbecnw = 75200
Free:
       pc1 = 0
       pc2 = 0
       pc3 = 0
       pc4 = 0
       pc5 = 0
       pc6 = 0
       pc7 = 0
       pc8 = 0
       pc9 = 0
      pc10 = 0
      pc11 = 0
      pc12 = 0
      pc13 = 0
      pc14 = 0
      pc15 = 0
      pc16 = 0
      pc17 = 0
      pc18 = 0
      pc19 = 0
Constrained:
   Tgbecnw = 118061
     Tecnw = 25939.9
       Tnw = 21124.5
       Tec = 10688.8
     twoNb = 1.1121e+06
     twoNe = 5983.61
     twoNc = 2.95817e+06
     twoNn = 4.77725e+06
     twoNw = 5.5261e+06
    twoNec = 81309.7
    twoNnw = 14889.6
  twoNecnw = 60948.2
  twoNbecnw = 13285.9
  twoNgbecnw = 284293
         m = 0.09857
        m2 = 0.0199161
        m3 = 0.233544
        m4 = 0.0124526
        m6 = 1.01526e-08
        Tb = 18314.4
        Ta = 46757.2
        Tc = 10562.2
        Td = 5281.12
        Tf = 2640.56
DiffEv reached_goal. cost=1.94454e-03 spread=2.62285e-06
Fitted parameter values
Free:
       pc1 = 1.82258
       pc2 = 1.93257
       pc3 = 1.97945
       pc4 = 1.87766
       pc5 = 0.809471
       pc6 = -1.16456
       pc7 = -1.82078
       pc8 = 0.3008
       pc9 = -0.76612
      pc10 = -1.87074
      pc11 = -1.92881
      pc12 = 0.30816
      pc13 = 0.0549179
      pc14 = -0.0233133
      pc15 = -0.147712
      pc16 = -0.0535675
      pc17 = -0.0253268
      pc18 = -0.120749
      pc19 = 0.00692112
Constrained:
   Tgbecnw = 98842.8
     Tecnw = 24940.5
       Tnw = 21352.5
       Tec = 10816.1
     twoNb = 1.60114e+06
     twoNe = 6331.53
     twoNc = 4.10213e+06
     twoNn = 2.18187e+07
     twoNw = 7.14398e+06
    twoNec = 77135.4
    twoNnw = 11179
  twoNecnw = 59872.8
  twoNbecnw = 8004.73
  twoNgbecnw = 274548
         m = 0.101315
        m2 = 0.0211331
        m3 = 0.224427
        m4 = 0.0102051
        m6 = 2.5412e-08
        Tb = 17878.3
        Ta = 46539.2
        Tc = 10676.3
        Td = 5338.14
        Tf = 2669.07
#       SitePat  BranchLen
              b 118119.0172078
              e 44648.7719401
              c 45379.1765781
              n 41770.1838566
              w 44222.0770815
            b:e 1244.3144706
            b:c 1358.7009015
            b:n 934.5202374
            b:w 1048.2976939
            e:c 11228.7303053
            e:n 4790.4198042
            e:w 3858.8680983
            c:n 4519.8366448
            c:w 3837.5577182
            n:w 11991.4494075
          b:e:c 1227.0193199
          b:e:n 544.2065701
          b:e:w 544.4360013
          b:c:n 536.2369220
          b:c:w 557.5108344
          b:n:w 1248.2150128
          e:c:n 4794.5256637
          e:c:w 3865.1414868
          e:n:w 5261.1902282
          c:n:w 5004.4529671
        b:e:c:n 1133.0469397
        b:e:c:w 1089.0877740
        b:e:n:w 2002.7400715
        b:c:n:w 1701.4745179
        e:c:n:w 47056.3261275
