########################################
# legofit: estimate population history #
#            version 2.3.3             #
########################################

# Program was compiled: Sep 12 2021 17:54:39
# Program was run: Mon Sep 20 09:17:57 2021

# cmd: legofit -1 -d 0 -t 56 --ptsPerDim 3 --stateOut b1boot30.state --tol 3e-6 -S 5000 abcdf2.lgo ../../chrX/boot_chrX/boot30.opf
# Stage nOptItr nSimReps
#     0    5000        0
# algorithm          : deterministic
# ignoring probs <=  : 0
# Branch length floor: 0
# DE strategy        : 2
#    F               : 0.3
#    CR              : 0.8
#    tolerance       : 3e-06
# nthreads           : 56
# lgo input file     : abcdf2.lgo
# site pat input file: ../../chrX/boot_chrX/boot30.opf
# free parameters    : 19
# points in DE swarm : 57
# output state file  : b1boot30.state
# Including singleton site patterns.
# cost function      : KL
Initial parameter values
Fixed:
      zero = 0
       one = 1
    Tbecnw = 75200
Free:
       pc1 = 0
       pc2 = 0
       pc3 = 0
       pc4 = 0
       pc5 = 0
       pc6 = 0
       pc7 = 0
       pc8 = 0
       pc9 = 0
      pc10 = 0
      pc11 = 0
      pc12 = 0
      pc13 = 0
      pc14 = 0
      pc15 = 0
      pc16 = 0
      pc17 = 0
      pc18 = 0
      pc19 = 0
Constrained:
   Tgbecnw = 118061
     Tecnw = 25939.9
       Tnw = 21124.5
       Tec = 10688.8
     twoNb = 1.1121e+06
     twoNe = 5983.61
     twoNc = 2.95817e+06
     twoNn = 4.77725e+06
     twoNw = 5.5261e+06
    twoNec = 81309.7
    twoNnw = 14889.6
  twoNecnw = 60948.2
  twoNbecnw = 13285.9
  twoNgbecnw = 284293
         m = 0.09857
        m2 = 0.0199161
        m3 = 0.233544
        m4 = 0.0124526
        m6 = 1.01526e-08
        Tb = 18314.4
        Ta = 46757.2
        Tc = 10562.2
        Td = 5281.12
        Tf = 2640.56
DiffEv reached_goal. cost=1.92192e-03 spread=2.22064e-06
Fitted parameter values
Free:
       pc1 = 0.503674
       pc2 = 1.62392
       pc3 = 1.94934
       pc4 = 1.90774
       pc5 = 1.06682
       pc6 = -1.76659
       pc7 = -1.9472
       pc8 = -0.155011
       pc9 = -1.72488
      pc10 = -0.602501
      pc11 = -1.99745
      pc12 = -1.0585
      pc13 = -0.762421
      pc14 = 0.0977612
      pc15 = -0.409554
      pc16 = 0.194013
      pc17 = 0.12516
      pc18 = -0.122869
      pc19 = -0.0298581
Constrained:
   Tgbecnw = 101092
     Tecnw = 25345
       Tnw = 20807.9
       Tec = 10573.8
     twoNb = 2.2745e+06
     twoNe = 8354.45
     twoNc = 3.81559e+06
     twoNn = 2.04743e+07
     twoNw = 6.30912e+06
    twoNec = 77059.8
    twoNnw = 13681.8
  twoNecnw = 57615.5
  twoNbecnw = 8383.31
  twoNgbecnw = 305722
         m = 0.0882445
        m2 = 0.0192791
        m3 = 0.234616
        m4 = 0.0112591
        m6 = 1.46157e-08
        Tb = 17959.4
        Ta = 46579.7
        Tc = 10403.9
        Td = 5201.97
        Tf = 2600.98
#       SitePat  BranchLen
              b 117730.2802378
              e 44125.9301241
              c 44915.9916355
              n 41357.3193481
              w 44001.8157790
            b:e 1181.5092710
            b:c 1293.9276928
            b:n 903.5911404
            b:w 1031.4011914
            e:c 11293.2418744
            e:n 4742.3161998
            e:w 3762.0611487
            c:n 4471.2869742
            c:w 3732.6700546
            n:w 11959.8902860
          b:e:c 1201.3466654
          b:e:n 524.4435196
          b:e:w 525.5417489
          b:c:n 517.0858505
          b:c:w 537.8690226
          b:n:w 1223.9945513
          e:c:n 4853.4720664
          e:c:w 3835.9863091
          e:n:w 5202.8216594
          c:n:w 4929.0457405
        b:e:c:n 1108.2823182
        b:e:c:w 1050.4521990
        b:e:n:w 1947.1089499
        b:c:n:w 1613.8555660
        e:c:n:w 47036.1761137
