########################################
# legofit: estimate population history #
#            version 2.3.3             #
########################################

# Program was compiled: Sep 12 2021 17:54:39
# Program was run: Mon Sep 20 08:46:22 2021

# cmd: legofit -1 -d 0 -t 56 --ptsPerDim 3 --stateOut b1boot18.state --tol 3e-6 -S 5000 abcdf2.lgo ../../chrX/boot_chrX/boot18.opf
# Stage nOptItr nSimReps
#     0    5000        0
# algorithm          : deterministic
# ignoring probs <=  : 0
# Branch length floor: 0
# DE strategy        : 2
#    F               : 0.3
#    CR              : 0.8
#    tolerance       : 3e-06
# nthreads           : 56
# lgo input file     : abcdf2.lgo
# site pat input file: ../../chrX/boot_chrX/boot18.opf
# free parameters    : 19
# points in DE swarm : 57
# output state file  : b1boot18.state
# Including singleton site patterns.
# cost function      : KL
Initial parameter values
Fixed:
      zero = 0
       one = 1
    Tbecnw = 75200
Free:
       pc1 = 0
       pc2 = 0
       pc3 = 0
       pc4 = 0
       pc5 = 0
       pc6 = 0
       pc7 = 0
       pc8 = 0
       pc9 = 0
      pc10 = 0
      pc11 = 0
      pc12 = 0
      pc13 = 0
      pc14 = 0
      pc15 = 0
      pc16 = 0
      pc17 = 0
      pc18 = 0
      pc19 = 0
Constrained:
   Tgbecnw = 118061
     Tecnw = 25939.9
       Tnw = 21124.5
       Tec = 10688.8
     twoNb = 1.1121e+06
     twoNe = 5983.61
     twoNc = 2.95817e+06
     twoNn = 4.77725e+06
     twoNw = 5.5261e+06
    twoNec = 81309.7
    twoNnw = 14889.6
  twoNecnw = 60948.2
  twoNbecnw = 13285.9
  twoNgbecnw = 284293
         m = 0.09857
        m2 = 0.0199161
        m3 = 0.233544
        m4 = 0.0124526
        m6 = 1.01526e-08
        Tb = 18314.4
        Ta = 46757.2
        Tc = 10562.2
        Td = 5281.12
        Tf = 2640.56
DiffEv reached_goal. cost=1.89930e-03 spread=2.92976e-06
Fitted parameter values
Free:
       pc1 = 3.2017
       pc2 = 1.48166
       pc3 = 1.25979
       pc4 = 1.99292
       pc5 = -0.377743
       pc6 = -0.622375
       pc7 = -1.83462
       pc8 = -1.59474
       pc9 = 0.381834
      pc10 = -0.120572
      pc11 = -1.97852
      pc12 = -0.175443
      pc13 = -1.02883
      pc14 = -0.0843536
      pc15 = 0.129752
      pc16 = 0.123025
      pc17 = -0.154227
      pc18 = -0.0431564
      pc19 = -0.0359941
Constrained:
   Tgbecnw = 99286.7
     Tecnw = 24943.8
       Tnw = 22780.7
       Tec = 11560.4
     twoNb = 999262
     twoNe = 5142.19
     twoNc = 630801
     twoNn = 1.65318e+07
     twoNw = 6.11365e+06
    twoNec = 74307.3
    twoNnw = 6337.12
  twoNecnw = 59983.4
  twoNbecnw = 7958.86
  twoNgbecnw = 296005
         m = 0.0932931
        m2 = 0.0205455
        m3 = 0.262139
        m4 = 0.0123648
        m6 = 1.2005e-08
        Tb = 18252.1
        Ta = 46726
        Tc = 11390.3
        Td = 5695.17
        Tf = 2847.59
#       SitePat  BranchLen
              b 117864.9761389
              e 44575.1259115
              c 45539.7276567
              n 41568.8668375
              w 44467.8568412
            b:e 1257.2118269
            b:c 1415.5483721
            b:n 930.2722239
            b:w 1064.6270361
            e:c 10959.4478220
            e:n 5013.4828173
            e:w 3852.2893169
            c:n 4588.6730349
            c:w 3849.9533340
            n:w 11750.0540727
          b:e:c 1223.8329313
          b:e:n 555.9615470
          b:e:w 549.9742643
          b:c:n 541.8602731
          b:c:w 572.2603946
          b:n:w 1238.2395456
          e:c:n 4884.0715089
          e:c:w 3787.2316494
          e:n:w 5329.1880085
          c:n:w 4991.3197705
        b:e:c:n 1153.1440250
        b:e:c:w 1092.1394785
        b:e:n:w 2054.0768195
        b:c:n:w 1687.9675744
        e:c:n:w 46914.9148152
