########################################
# legofit: estimate population history #
#            version 2.3.3             #
########################################

# Program was compiled: Sep 12 2021 17:54:39
# Program was run: Mon Sep 20 10:05:08 2021

# cmd: legofit -1 -d 0 -t 56 --ptsPerDim 3 --stateOut b1boot38.state --tol 3e-6 -S 5000 abcdf2.lgo ../../chrX/boot_chrX/boot38.opf
# Stage nOptItr nSimReps
#     0    5000        0
# algorithm          : deterministic
# ignoring probs <=  : 0
# Branch length floor: 0
# DE strategy        : 2
#    F               : 0.3
#    CR              : 0.8
#    tolerance       : 3e-06
# nthreads           : 56
# lgo input file     : abcdf2.lgo
# site pat input file: ../../chrX/boot_chrX/boot38.opf
# free parameters    : 19
# points in DE swarm : 57
# output state file  : b1boot38.state
# Including singleton site patterns.
# cost function      : KL
Initial parameter values
Fixed:
      zero = 0
       one = 1
    Tbecnw = 75200
Free:
       pc1 = 0
       pc2 = 0
       pc3 = 0
       pc4 = 0
       pc5 = 0
       pc6 = 0
       pc7 = 0
       pc8 = 0
       pc9 = 0
      pc10 = 0
      pc11 = 0
      pc12 = 0
      pc13 = 0
      pc14 = 0
      pc15 = 0
      pc16 = 0
      pc17 = 0
      pc18 = 0
      pc19 = 0
Constrained:
   Tgbecnw = 118061
     Tecnw = 25939.9
       Tnw = 21124.5
       Tec = 10688.8
     twoNb = 1.1121e+06
     twoNe = 5983.61
     twoNc = 2.95817e+06
     twoNn = 4.77725e+06
     twoNw = 5.5261e+06
    twoNec = 81309.7
    twoNnw = 14889.6
  twoNecnw = 60948.2
  twoNbecnw = 13285.9
  twoNgbecnw = 284293
         m = 0.09857
        m2 = 0.0199161
        m3 = 0.233544
        m4 = 0.0124526
        m6 = 1.01526e-08
        Tb = 18314.4
        Ta = 46757.2
        Tc = 10562.2
        Td = 5281.12
        Tf = 2640.56
DiffEv reached_goal. cost=1.96151e-03 spread=2.94719e-06
Fitted parameter values
Free:
       pc1 = 2.17662
       pc2 = 1.76351
       pc3 = 1.9257
       pc4 = 1.95153
       pc5 = 0.778355
       pc6 = -1.48673
       pc7 = -1.9571
       pc8 = -0.82241
       pc9 = -1.41629
      pc10 = -0.298333
      pc11 = -1.99319
      pc12 = -0.501768
      pc13 = -0.998712
      pc14 = -0.103028
      pc15 = -0.0396559
      pc16 = 0.221572
      pc17 = -0.0491577
      pc18 = -0.0903505
      pc19 = -0.0456568
Constrained:
   Tgbecnw = 99407
     Tecnw = 24992.9
       Tnw = 22018.3
       Tec = 11171.6
     twoNb = 1.93088e+06
     twoNe = 6119.62
     twoNc = 3.36107e+06
     twoNn = 2.11781e+07
     twoNw = 7.05965e+06
    twoNec = 75163.5
    twoNnw = 8897
  twoNecnw = 58907
  twoNbecnw = 7779.83
  twoNgbecnw = 319891
         m = 0.0873947
        m2 = 0.0195641
        m3 = 0.245166
        m4 = 0.011693
        m6 = 1.25742e-08
        Tb = 18082.3
        Ta = 46641.1
        Tc = 11009.2
        Td = 5504.59
        Tf = 2752.29
#       SitePat  BranchLen
              b 118225.1995314
              e 44308.4542392
              c 45187.4859061
              n 41419.9191742
              w 44120.3419915
            b:e 1202.7785078
            b:c 1325.8091937
            b:n 910.2475901
            b:w 1040.6368506
            e:c 11070.5542390
            e:n 4856.6648341
            e:w 3812.6624576
            c:n 4518.7319338
            c:w 3795.6638391
            n:w 11801.1107619
          b:e:c 1204.4969258
          b:e:n 537.6822447
          b:e:w 536.1066084
          b:c:n 527.3810451
          b:c:w 552.6984464
          b:n:w 1225.2387096
          e:c:n 4836.7390871
          e:c:w 3803.9183056
          e:n:w 5246.1056402
          c:n:w 4949.5763850
        b:e:c:n 1123.3837123
        b:e:c:w 1068.7211600
        b:e:n:w 2012.3792611
        b:c:n:w 1655.4869578
        e:c:n:w 47527.5997665
