########################################
# legofit: estimate population history #
#            version 2.3.3             #
########################################

# Program was compiled: Sep 12 2021 17:54:39
# Program was run: Mon Sep 20 08:27:12 2021

# cmd: legofit -1 -d 0 -t 56 --ptsPerDim 3 --stateOut b1boot12.state --tol 3e-6 -S 5000 abcdf2.lgo ../../chrX/boot_chrX/boot12.opf
# Stage nOptItr nSimReps
#     0    5000        0
# algorithm          : deterministic
# ignoring probs <=  : 0
# Branch length floor: 0
# DE strategy        : 2
#    F               : 0.3
#    CR              : 0.8
#    tolerance       : 3e-06
# nthreads           : 56
# lgo input file     : abcdf2.lgo
# site pat input file: ../../chrX/boot_chrX/boot12.opf
# free parameters    : 19
# points in DE swarm : 57
# output state file  : b1boot12.state
# Including singleton site patterns.
# cost function      : KL
Initial parameter values
Fixed:
      zero = 0
       one = 1
    Tbecnw = 75200
Free:
       pc1 = 0
       pc2 = 0
       pc3 = 0
       pc4 = 0
       pc5 = 0
       pc6 = 0
       pc7 = 0
       pc8 = 0
       pc9 = 0
      pc10 = 0
      pc11 = 0
      pc12 = 0
      pc13 = 0
      pc14 = 0
      pc15 = 0
      pc16 = 0
      pc17 = 0
      pc18 = 0
      pc19 = 0
Constrained:
   Tgbecnw = 118061
     Tecnw = 25939.9
       Tnw = 21124.5
       Tec = 10688.8
     twoNb = 1.1121e+06
     twoNe = 5983.61
     twoNc = 2.95817e+06
     twoNn = 4.77725e+06
     twoNw = 5.5261e+06
    twoNec = 81309.7
    twoNnw = 14889.6
  twoNecnw = 60948.2
  twoNbecnw = 13285.9
  twoNgbecnw = 284293
         m = 0.09857
        m2 = 0.0199161
        m3 = 0.233544
        m4 = 0.0124526
        m6 = 1.01526e-08
        Tb = 18314.4
        Ta = 46757.2
        Tc = 10562.2
        Td = 5281.12
        Tf = 2640.56
DiffEv reached_goal. cost=1.92295e-03 spread=2.90329e-06
Fitted parameter values
Free:
       pc1 = 2.40842
       pc2 = 1.91875
       pc3 = 1.99707
       pc4 = 1.94948
       pc5 = 1.16247
       pc6 = -1.37255
       pc7 = -1.99226
       pc8 = 0.253709
       pc9 = -1.49542
      pc10 = 0.146315
      pc11 = -1.97235
      pc12 = -0.88379
      pc13 = -0.873538
      pc14 = 0.4413
      pc15 = -0.408913
      pc16 = 0.126686
      pc17 = 0.0477691
      pc18 = -0.0627959
      pc19 = -0.00389431
Constrained:
   Tgbecnw = 99068.6
     Tecnw = 25086
       Tnw = 22168.3
       Tec = 11228.5
     twoNb = 2.33066e+06
     twoNe = 6100.66
     twoNc = 3.54507e+06
     twoNn = 1.71601e+07
     twoNw = 5.5553e+06
    twoNec = 69828.7
    twoNnw = 8693.08
  twoNecnw = 59257.3
  twoNbecnw = 7797.9
  twoNgbecnw = 311256
         m = 0.0869296
        m2 = 0.0201159
        m3 = 0.237891
        m4 = 0.0113937
        m6 = 1.03797e-08
        Tb = 18157.3
        Ta = 46678.6
        Tc = 11084.2
        Td = 5542.08
        Tf = 2771.04
#       SitePat  BranchLen
              b 117480.0613357
              e 44143.1558359
              c 44965.5537816
              n 41520.3742820
              w 44297.7280799
            b:e 1212.9445191
            b:c 1327.0982346
            b:n 930.8338210
            b:w 1071.6706898
            e:c 11463.4838995
            e:n 4792.7965922
            e:w 3758.3005020
            c:n 4491.3104170
            c:w 3735.7452947
            n:w 11964.5001819
          b:e:c 1251.3973942
          b:e:n 540.8687695
          b:e:w 541.2260380
          b:c:n 531.8659154
          b:c:w 555.9758523
          b:n:w 1275.6662077
          e:c:n 4922.4767915
          e:c:w 3837.7889983
          e:n:w 5193.8352584
          c:n:w 4914.5291119
        b:e:c:n 1157.1520407
        b:e:c:w 1089.2432114
        b:e:n:w 2007.4117547
        b:c:n:w 1668.4605790
        e:c:n:w 46729.7950005
