########################################
# legofit: estimate population history #
#            version 2.3.3             #
########################################

# Program was compiled: Sep 12 2021 17:54:39
# Program was run: Mon Sep 20 09:49:14 2021

# cmd: legofit -1 -d 0 -t 56 --ptsPerDim 3 --stateOut b1boot34.state --tol 3e-6 -S 5000 abcdf2.lgo ../../chrX/boot_chrX/boot34.opf
# Stage nOptItr nSimReps
#     0    5000        0
# algorithm          : deterministic
# ignoring probs <=  : 0
# Branch length floor: 0
# DE strategy        : 2
#    F               : 0.3
#    CR              : 0.8
#    tolerance       : 3e-06
# nthreads           : 56
# lgo input file     : abcdf2.lgo
# site pat input file: ../../chrX/boot_chrX/boot34.opf
# free parameters    : 19
# points in DE swarm : 57
# output state file  : b1boot34.state
# Including singleton site patterns.
# cost function      : KL
Initial parameter values
Fixed:
      zero = 0
       one = 1
    Tbecnw = 75200
Free:
       pc1 = 0
       pc2 = 0
       pc3 = 0
       pc4 = 0
       pc5 = 0
       pc6 = 0
       pc7 = 0
       pc8 = 0
       pc9 = 0
      pc10 = 0
      pc11 = 0
      pc12 = 0
      pc13 = 0
      pc14 = 0
      pc15 = 0
      pc16 = 0
      pc17 = 0
      pc18 = 0
      pc19 = 0
Constrained:
   Tgbecnw = 118061
     Tecnw = 25939.9
       Tnw = 21124.5
       Tec = 10688.8
     twoNb = 1.1121e+06
     twoNe = 5983.61
     twoNc = 2.95817e+06
     twoNn = 4.77725e+06
     twoNw = 5.5261e+06
    twoNec = 81309.7
    twoNnw = 14889.6
  twoNecnw = 60948.2
  twoNbecnw = 13285.9
  twoNgbecnw = 284293
         m = 0.09857
        m2 = 0.0199161
        m3 = 0.233544
        m4 = 0.0124526
        m6 = 1.01526e-08
        Tb = 18314.4
        Ta = 46757.2
        Tc = 10562.2
        Td = 5281.12
        Tf = 2640.56
DiffEv reached_goal. cost=1.82811e-03 spread=2.98574e-06
Fitted parameter values
Free:
       pc1 = -3.78272
       pc2 = 1.546
       pc3 = 1.97374
       pc4 = 1.12834
       pc5 = 0.690574
       pc6 = -1.74684
       pc7 = -1.5926
       pc8 = -0.389169
       pc9 = -1.55416
      pc10 = -0.510865
      pc11 = -1.74298
      pc12 = 0.903134
      pc13 = 0.698318
      pc14 = 0.0756645
      pc15 = -0.462782
      pc16 = 0.0907975
      pc17 = 0.0185297
      pc18 = -0.0755885
      pc19 = -0.0250564
Constrained:
   Tgbecnw = 106976
     Tecnw = 26001.3
       Tnw = 17734.9
       Tec = 9016.07
     twoNb = 2.04254e+06
     twoNe = 6795.82
     twoNc = 4.87411e+06
     twoNn = 2.30179e+07
     twoNw = 7.80553e+06
    twoNec = 89119.6
    twoNnw = 27768.2
  twoNecnw = 56748.2
  twoNbecnw = 10469.4
  twoNgbecnw = 266732
         m = 0.100405
        m2 = 0.019243
        m3 = 0.213648
        m4 = 0.0149318
        m6 = 3.00582e-08
        Tb = 17508.7
        Ta = 46354.3
        Tc = 8867.43
        Td = 4433.72
        Tf = 2216.86
#       SitePat  BranchLen
              b 118870.6345759
              e 44487.1241529
              c 45481.9823564
              n 41968.2019308
              w 44448.0668650
            b:e 1185.1302295
            b:c 1341.2917061
            b:n 926.0913093
            b:w 1039.8505122
            e:c 11396.5476733
            e:n 4796.4583119
            e:w 3855.3367735
            c:n 4490.2577822
            c:w 3799.8066328
            n:w 12037.7643671
          b:e:c 1183.4016815
          b:e:n 531.2051103
          b:e:w 530.8992566
          b:c:n 523.9402397
          b:c:w 543.1829100
          b:n:w 1207.5150479
          e:c:n 4889.6238053
          e:c:w 3960.8775196
          e:n:w 5266.8810433
          c:n:w 4907.5425642
        b:e:c:n 1109.2478730
        b:e:c:w 1057.0059354
        b:e:n:w 2029.9795945
        b:c:n:w 1595.0101361
        e:c:n:w 47394.6675025
