########################################
# legofit: estimate population history #
#            version 2.3.3             #
########################################

# Program was compiled: Sep 12 2021 17:54:39
# Program was run: Mon Sep 20 10:25:46 2021

# cmd: legofit -1 -d 0 -t 56 --ptsPerDim 3 --stateOut b1boot45.state --tol 3e-6 -S 5000 abcdf2.lgo ../../chrX/boot_chrX/boot45.opf
# Stage nOptItr nSimReps
#     0    5000        0
# algorithm          : deterministic
# ignoring probs <=  : 0
# Branch length floor: 0
# DE strategy        : 2
#    F               : 0.3
#    CR              : 0.8
#    tolerance       : 3e-06
# nthreads           : 56
# lgo input file     : abcdf2.lgo
# site pat input file: ../../chrX/boot_chrX/boot45.opf
# free parameters    : 19
# points in DE swarm : 57
# output state file  : b1boot45.state
# Including singleton site patterns.
# cost function      : KL
Initial parameter values
Fixed:
      zero = 0
       one = 1
    Tbecnw = 75200
Free:
       pc1 = 0
       pc2 = 0
       pc3 = 0
       pc4 = 0
       pc5 = 0
       pc6 = 0
       pc7 = 0
       pc8 = 0
       pc9 = 0
      pc10 = 0
      pc11 = 0
      pc12 = 0
      pc13 = 0
      pc14 = 0
      pc15 = 0
      pc16 = 0
      pc17 = 0
      pc18 = 0
      pc19 = 0
Constrained:
   Tgbecnw = 118061
     Tecnw = 25939.9
       Tnw = 21124.5
       Tec = 10688.8
     twoNb = 1.1121e+06
     twoNe = 5983.61
     twoNc = 2.95817e+06
     twoNn = 4.77725e+06
     twoNw = 5.5261e+06
    twoNec = 81309.7
    twoNnw = 14889.6
  twoNecnw = 60948.2
  twoNbecnw = 13285.9
  twoNgbecnw = 284293
         m = 0.09857
        m2 = 0.0199161
        m3 = 0.233544
        m4 = 0.0124526
        m6 = 1.01526e-08
        Tb = 18314.4
        Ta = 46757.2
        Tc = 10562.2
        Td = 5281.12
        Tf = 2640.56
DiffEv reached_goal. cost=1.69740e-03 spread=2.89139e-06
Fitted parameter values
Free:
       pc1 = 0.468221
       pc2 = 1.6643
       pc3 = 1.92319
       pc4 = 1.46856
       pc5 = -0.149854
       pc6 = -1.97975
       pc7 = -1.95851
       pc8 = 0.624898
       pc9 = 0.151785
      pc10 = -0.945334
      pc11 = -1.76861
      pc12 = 0.41783
      pc13 = 0.0458041
      pc14 = 0.377922
      pc15 = -0.246496
      pc16 = -0.124636
      pc17 = -0.00366903
      pc18 = -0.0440806
      pc19 = -0.0738407
Constrained:
   Tgbecnw = 100737
     Tecnw = 25151.4
       Tnw = 20079.6
       Tec = 10336.6
     twoNb = 1.44931e+06
     twoNe = 8831.51
     twoNc = 2.78817e+06
     twoNn = 2.04203e+07
     twoNw = 4.12498e+06
    twoNec = 78038.6
    twoNnw = 16115
  twoNecnw = 60204.7
  twoNbecnw = 8525.07
  twoNgbecnw = 274904
         m = 0.098183
        m2 = 0.0208977
        m3 = 0.222665
        m4 = 0.0127192
        m6 = 2.58652e-08
        Tb = 17744
        Ta = 46472
        Tc = 10039.8
        Td = 5019.89
        Tf = 2509.95
#       SitePat  BranchLen
              b 117435.5674968
              e 44549.2833702
              c 45500.7586104
              n 41817.6739208
              w 44451.8594974
            b:e 1224.9211426
            b:c 1369.8257227
            b:n 932.5413492
            b:w 1054.8724910
            e:c 11384.7029192
            e:n 4893.2407156
            e:w 3842.1004689
            c:n 4503.1320735
            c:w 3825.9612469
            n:w 12100.2076167
          b:e:c 1222.3118195
          b:e:n 543.8338624
          b:e:w 539.4346590
          b:c:n 531.8149699
          b:c:w 558.3212601
          b:n:w 1243.5212893
          e:c:n 4859.6582390
          e:c:w 3866.8025297
          e:n:w 5245.3006845
          c:n:w 4918.2195349
        b:e:c:n 1138.9834931
        b:e:c:w 1081.5265165
        b:e:n:w 2033.8914614
        b:c:n:w 1663.9728291
        e:c:n:w 46149.3488059
