########################################
# legofit: estimate population history #
#            version 2.3.3             #
########################################

# Program was compiled: Sep 12 2021 17:54:39
# Program was run: Mon Sep 20 08:34:20 2021

# cmd: legofit -1 -d 0 -t 56 --ptsPerDim 3 --stateOut b1boot15.state --tol 3e-6 -S 5000 abcdf2.lgo ../../chrX/boot_chrX/boot15.opf
# Stage nOptItr nSimReps
#     0    5000        0
# algorithm          : deterministic
# ignoring probs <=  : 0
# Branch length floor: 0
# DE strategy        : 2
#    F               : 0.3
#    CR              : 0.8
#    tolerance       : 3e-06
# nthreads           : 56
# lgo input file     : abcdf2.lgo
# site pat input file: ../../chrX/boot_chrX/boot15.opf
# free parameters    : 19
# points in DE swarm : 57
# output state file  : b1boot15.state
# Including singleton site patterns.
# cost function      : KL
Initial parameter values
Fixed:
      zero = 0
       one = 1
    Tbecnw = 75200
Free:
       pc1 = 0
       pc2 = 0
       pc3 = 0
       pc4 = 0
       pc5 = 0
       pc6 = 0
       pc7 = 0
       pc8 = 0
       pc9 = 0
      pc10 = 0
      pc11 = 0
      pc12 = 0
      pc13 = 0
      pc14 = 0
      pc15 = 0
      pc16 = 0
      pc17 = 0
      pc18 = 0
      pc19 = 0
Constrained:
   Tgbecnw = 118061
     Tecnw = 25939.9
       Tnw = 21124.5
       Tec = 10688.8
     twoNb = 1.1121e+06
     twoNe = 5983.61
     twoNc = 2.95817e+06
     twoNn = 4.77725e+06
     twoNw = 5.5261e+06
    twoNec = 81309.7
    twoNnw = 14889.6
  twoNecnw = 60948.2
  twoNbecnw = 13285.9
  twoNgbecnw = 284293
         m = 0.09857
        m2 = 0.0199161
        m3 = 0.233544
        m4 = 0.0124526
        m6 = 1.01526e-08
        Tb = 18314.4
        Ta = 46757.2
        Tc = 10562.2
        Td = 5281.12
        Tf = 2640.56
DiffEv reached_goal. cost=1.91625e-03 spread=2.38106e-06
Fitted parameter values
Free:
       pc1 = -0.940744
       pc2 = 1.34577
       pc3 = 1.99819
       pc4 = 1.75951
       pc5 = -0.251497
       pc6 = -1.88228
       pc7 = -1.88761
       pc8 = -0.995106
       pc9 = -0.255523
      pc10 = -1.94953
      pc11 = -1.62957
      pc12 = 0.432869
      pc13 = 0.972265
      pc14 = -0.379907
      pc15 = -0.244863
      pc16 = -0.264698
      pc17 = 0.13704
      pc18 = 0.0718017
      pc19 = -0.0189621
Constrained:
   Tgbecnw = 101121
     Tecnw = 25391.7
       Tnw = 19525.4
       Tec = 9956.69
     twoNb = 954222
     twoNe = 8590.75
     twoNc = 3.76006e+06
     twoNn = 2.70975e+07
     twoNw = 6.979e+06
    twoNec = 85751
    twoNnw = 18419.2
  twoNecnw = 57246.9
  twoNbecnw = 9300.49
  twoNgbecnw = 258079
         m = 0.0953804
        m2 = 0.0201329
        m3 = 0.219801
        m4 = 0.0126588
        m6 = 2.93844e-08
        Tb = 17674.2
        Ta = 46437.1
        Tc = 9762.68
        Td = 4881.34
        Tf = 2440.67
#       SitePat  BranchLen
              b 116920.7302085
              e 44603.4846761
              c 45431.3950044
              n 41610.8164296
              w 44021.0264985
            b:e 1359.8943658
            b:c 1524.6325274
            b:n 1018.9360927
            b:w 1137.5054204
            e:c 11253.2930037
            e:n 4826.5107301
            e:w 3911.5997213
            c:n 4531.3224103
            c:w 3874.4874820
            n:w 12211.9479390
          b:e:c 1334.5861014
          b:e:n 593.4626138
          b:e:w 590.7162856
          b:c:n 585.5628521
          b:c:w 605.4440532
          b:n:w 1342.7972775
          e:c:n 4893.9194867
          e:c:w 3987.8205390
          e:n:w 5489.7414698
          c:n:w 5162.0361361
        b:e:c:n 1226.6051786
        b:e:c:w 1158.5358344
        b:e:n:w 2075.9822440
        b:c:n:w 1736.5115327
        e:c:n:w 45905.7506342
