########################################
# legofit: estimate population history #
#            version 2.3.3             #
########################################

# Program was compiled: Sep 12 2021 17:54:39
# Program was run: Mon Sep 20 09:50:14 2021

# cmd: legofit -1 -d 0 -t 56 --ptsPerDim 3 --stateOut b1boot35.state --tol 3e-6 -S 5000 abcdf2.lgo ../../chrX/boot_chrX/boot35.opf
# Stage nOptItr nSimReps
#     0    5000        0
# algorithm          : deterministic
# ignoring probs <=  : 0
# Branch length floor: 0
# DE strategy        : 2
#    F               : 0.3
#    CR              : 0.8
#    tolerance       : 3e-06
# nthreads           : 56
# lgo input file     : abcdf2.lgo
# site pat input file: ../../chrX/boot_chrX/boot35.opf
# free parameters    : 19
# points in DE swarm : 57
# output state file  : b1boot35.state
# Including singleton site patterns.
# cost function      : KL
Initial parameter values
Fixed:
      zero = 0
       one = 1
    Tbecnw = 75200
Free:
       pc1 = 0
       pc2 = 0
       pc3 = 0
       pc4 = 0
       pc5 = 0
       pc6 = 0
       pc7 = 0
       pc8 = 0
       pc9 = 0
      pc10 = 0
      pc11 = 0
      pc12 = 0
      pc13 = 0
      pc14 = 0
      pc15 = 0
      pc16 = 0
      pc17 = 0
      pc18 = 0
      pc19 = 0
Constrained:
   Tgbecnw = 118061
     Tecnw = 25939.9
       Tnw = 21124.5
       Tec = 10688.8
     twoNb = 1.1121e+06
     twoNe = 5983.61
     twoNc = 2.95817e+06
     twoNn = 4.77725e+06
     twoNw = 5.5261e+06
    twoNec = 81309.7
    twoNnw = 14889.6
  twoNecnw = 60948.2
  twoNbecnw = 13285.9
  twoNgbecnw = 284293
         m = 0.09857
        m2 = 0.0199161
        m3 = 0.233544
        m4 = 0.0124526
        m6 = 1.01526e-08
        Tb = 18314.4
        Ta = 46757.2
        Tc = 10562.2
        Td = 5281.12
        Tf = 2640.56
DiffEv reached_goal. cost=1.98739e-03 spread=2.77600e-06
Fitted parameter values
Free:
       pc1 = 2.38672
       pc2 = 1.62405
       pc3 = 1.98013
       pc4 = 1.94256
       pc5 = -0.606508
       pc6 = -1.70871
       pc7 = -1.97003
       pc8 = -0.683162
       pc9 = -0.912428
      pc10 = -1.8784
      pc11 = -1.93189
      pc12 = 0.728979
      pc13 = -1.10269
      pc14 = 0.265619
      pc15 = 0.158129
      pc16 = -0.135305
      pc17 = -0.122034
      pc18 = -0.0600134
      pc19 = -0.00658538
Constrained:
   Tgbecnw = 96982.6
     Tecnw = 24951.8
       Tnw = 21382.6
       Tec = 10854.8
     twoNb = 1.13273e+06
     twoNe = 7073.63
     twoNc = 4.57688e+06
     twoNn = 2.62197e+07
     twoNw = 6.6909e+06
    twoNec = 77007.2
    twoNnw = 10932.2
  twoNecnw = 61137.7
  twoNbecnw = 7037.07
  twoNgbecnw = 316535
         m = 0.0906623
        m2 = 0.0199542
        m3 = 0.244442
        m4 = 0.0107952
        m6 = 3.35761e-08
        Tb = 17903.3
        Ta = 46551.6
        Tc = 10691.3
        Td = 5345.65
        Tf = 2672.82
#       SitePat  BranchLen
              b 118063.2854404
              e 44644.4338352
              c 45426.3073404
              n 41783.6206335
              w 44487.6309249
            b:e 1227.3725829
            b:c 1355.4032053
            b:n 925.2530729
            b:w 1049.8287283
            e:c 11140.1986269
            e:n 4877.4547947
            e:w 3844.2265620
            c:n 4574.4945564
            c:w 3825.0607660
            n:w 11869.3549406
          b:e:c 1213.5518799
          b:e:n 545.0207530
          b:e:w 544.7306737
          b:c:n 536.3074815
          b:c:w 559.8040309
          b:n:w 1231.0115308
          e:c:n 4801.9500353
          e:c:w 3785.3384374
          e:n:w 5161.2093101
          c:n:w 4892.2724926
        b:e:c:n 1142.4653564
        b:e:c:w 1089.9466013
        b:e:n:w 2002.6860607
        b:c:n:w 1677.4846149
        e:c:n:w 47143.5667601
