########################################
# legofit: estimate population history #
#       version 2.3.4-4-g53f8760       #
########################################

# Program was compiled: Sep 21 2021 14:36:42
# Program was run: Thu Sep 23 12:52:08 2021

# cmd: legofit -1 -d 0 -t 32 --ptsPerDim 3 --stateOut b1boot23.state --tol 3e-6 -S 5000 ade2.lgo ../../chrX/boot_chrX/boot23.opf
# Stage nOptItr nSimReps
#     0    5000        0
# algorithm          : deterministic
# ignoring probs <=  : 0
# Branch length floor: 0
# DE strategy        : 2
#    F               : 0.3
#    CR              : 0.8
#    tolerance       : 3e-06
# nthreads           : 32
# lgo input file     : ade2.lgo
# site pat input file: ../../chrX/boot_chrX/boot23.opf
# free parameters    : 16
# points in DE swarm : 48
# output state file  : b1boot23.state
# Including singleton site patterns.
# cost function      : KL
Initial parameter values
Fixed:
      zero = 0
       one = 1
    Tbecnw = 75200
Free:
       pc1 = 0
       pc2 = 0
       pc3 = 0
       pc4 = 0
       pc5 = 0
       pc6 = 0
       pc7 = 0
       pc8 = 0
       pc9 = 0
      pc10 = 0
      pc11 = 0
      pc12 = 0
      pc13 = 0
      pc14 = 0
      pc15 = 0
      pc16 = 0
Constrained:
   Tgbecnw = 118889
     Tecnw = 25129.7
       Tnw = 21621.2
       Tec = 186.796
     twoNb = 1.85931e+06
     twoNe = 556388
     twoNc = 673056
     twoNw = 1.56426e+06
    twoNec = 166238
    twoNnw = 14703.1
  twoNecnw = 67372.7
  twoNbecnw = 14619.6
  twoNgbecnw = 236956
         m = 0.125839
        m4 = 0.0157782
        m5 = 0.0778027
        Ta = 37600
        Td = 93.398
        Te = 46.699
DiffEv reached_goal. cost=2.29204e-03 spread=2.70185e-06
Fitted parameter values
Free:
       pc1 = 1.88394
       pc2 = 3.96596
       pc3 = 0.837529
       pc4 = 0.36292
       pc5 = 1.97134
       pc6 = -0.862958
       pc7 = 0.251233
       pc8 = 0.495032
       pc9 = -0.0505843
      pc10 = -0.301184
      pc11 = 0.627943
      pc12 = -0.543329
      pc13 = 0.199311
      pc14 = -0.0302884
      pc15 = 0.136632
      pc16 = -0.0380655
Constrained:
   Tgbecnw = 96576.6
     Tecnw = 23943.7
       Tnw = 21452.7
       Tec = 90.3348
     twoNb = 2.36659e+06
     twoNe = 890904
     twoNc = 654206
     twoNw = 3.06628e+06
    twoNec = 155860
    twoNnw = 10451.8
  twoNecnw = 65599.2
  twoNbecnw = 7724.68
  twoNgbecnw = 253291
         m = 0.109724
        m4 = 0.0168175
        m5 = 0.0850771
        Ta = 37600
        Td = 45.1674
        Te = 22.5837
#       SitePat  BranchLen
              b 118393.8443530
              e 44364.3517625
              c 46316.3990851
              n 43615.3071835
              w 43593.1276117
            b:e 1225.4091463
            b:c 1477.1096500
            b:n 1083.4779774
            b:w 1082.4697193
            e:c 11725.4534348
            e:n 4541.8881099
            e:w 4564.0676817
            c:n 4157.6974574
            c:w 4152.7325708
            n:w 12199.0157036
          b:e:c 1343.6263524
          b:e:n 618.1386761
          b:e:w 619.1469342
          b:c:n 623.1518606
          b:c:w 622.0797673
          b:n:w 1329.8698258
          e:c:n 4221.4403371
          e:c:w 4226.4052238
          e:n:w 5757.3880898
          c:n:w 4908.2577583
        b:e:c:n 1186.1982312
        b:e:c:w 1187.2703246
        b:e:n:w 1905.9910417
        b:c:n:w 1338.9530936
        e:c:n:w 46549.9618068
