########################################
# legofit: estimate population history #
#       version 2.3.4-4-g53f8760       #
########################################

# Program was compiled: Sep 21 2021 14:36:42
# Program was run: Thu Sep 23 12:53:06 2021

# cmd: legofit -1 -d 0 -t 32 --ptsPerDim 3 --stateOut b1boot47.state --tol 3e-6 -S 5000 ade2.lgo ../../chrX/boot_chrX/boot47.opf
# Stage nOptItr nSimReps
#     0    5000        0
# algorithm          : deterministic
# ignoring probs <=  : 0
# Branch length floor: 0
# DE strategy        : 2
#    F               : 0.3
#    CR              : 0.8
#    tolerance       : 3e-06
# nthreads           : 32
# lgo input file     : ade2.lgo
# site pat input file: ../../chrX/boot_chrX/boot47.opf
# free parameters    : 16
# points in DE swarm : 48
# output state file  : b1boot47.state
# Including singleton site patterns.
# cost function      : KL
Initial parameter values
Fixed:
      zero = 0
       one = 1
    Tbecnw = 75200
Free:
       pc1 = 0
       pc2 = 0
       pc3 = 0
       pc4 = 0
       pc5 = 0
       pc6 = 0
       pc7 = 0
       pc8 = 0
       pc9 = 0
      pc10 = 0
      pc11 = 0
      pc12 = 0
      pc13 = 0
      pc14 = 0
      pc15 = 0
      pc16 = 0
Constrained:
   Tgbecnw = 118889
     Tecnw = 25129.7
       Tnw = 21621.2
       Tec = 186.796
     twoNb = 1.85931e+06
     twoNe = 556388
     twoNc = 673056
     twoNw = 1.56426e+06
    twoNec = 166238
    twoNnw = 14703.1
  twoNecnw = 67372.7
  twoNbecnw = 14619.6
  twoNgbecnw = 236956
         m = 0.125839
        m4 = 0.0157782
        m5 = 0.0778027
        Ta = 37600
        Td = 93.398
        Te = 46.699
DiffEv reached_goal. cost=2.34374e-03 spread=1.87140e-06
Fitted parameter values
Free:
       pc1 = 1.98497
       pc2 = 3.97468
       pc3 = 0.218695
       pc4 = 0.307255
       pc5 = 1.93821
       pc6 = -1.60679
       pc7 = 0.531201
       pc8 = -0.194798
       pc9 = 0.239117
      pc10 = -0.26108
      pc11 = 1.5794
      pc12 = -0.613569
      pc13 = 0.151696
      pc14 = 0.0110428
      pc15 = 0.118609
      pc16 = -0.0321224
Constrained:
   Tgbecnw = 97564.9
     Tecnw = 23916.1
       Tnw = 22205.9
       Tec = 14.5377
     twoNb = 2.16203e+06
     twoNe = 1.30292e+06
     twoNc = 461155
     twoNw = 2.57052e+06
    twoNec = 155839
    twoNnw = 7056.1
  twoNecnw = 64976.7
  twoNbecnw = 7651.51
  twoNgbecnw = 273035
         m = 0.101647
        m4 = 0.0168721
        m5 = 0.0927274
        Ta = 37600
        Td = 7.26884
        Te = 3.63442
#       SitePat  BranchLen
              b 117839.1316980
              e 44090.1019234
              c 46136.2275186
              n 43375.2769128
              w 43345.9461826
            b:e 1148.3769099
            b:c 1398.0541442
            b:n 1011.3963278
            b:w 1010.1291012
            e:c 11571.0539623
            e:n 4493.5575501
            e:w 4522.8882803
            c:n 4093.1136201
            c:w 4086.5545309
            n:w 12023.5236212
          b:e:c 1258.6936658
          b:e:n 577.6762726
          b:e:w 578.9434991
          b:c:n 582.9463427
          b:c:w 581.6006909
          b:n:w 1245.4570582
          e:c:n 4131.8317755
          e:c:w 4138.3908647
          e:n:w 5723.1264883
          c:n:w 4830.5208766
        b:e:c:n 1104.4697619
        b:e:c:w 1105.8154137
        b:e:n:w 1826.3767315
        b:c:n:w 1252.0297598
        e:c:n:w 46249.7944495
