########################################
# legofit: estimate population history #
#       version 2.3.4-4-g53f8760       #
########################################

# Program was compiled: Sep 21 2021 14:36:42
# Program was run: Thu Sep 23 12:51:12 2021

# cmd: legofit -1 -d 0 -t 32 --ptsPerDim 3 --stateOut b1boot5.state --tol 3e-6 -S 5000 ade2.lgo ../../chrX/boot_chrX/boot5.opf
# Stage nOptItr nSimReps
#     0    5000        0
# algorithm          : deterministic
# ignoring probs <=  : 0
# Branch length floor: 0
# DE strategy        : 2
#    F               : 0.3
#    CR              : 0.8
#    tolerance       : 3e-06
# nthreads           : 32
# lgo input file     : ade2.lgo
# site pat input file: ../../chrX/boot_chrX/boot5.opf
# free parameters    : 16
# points in DE swarm : 48
# output state file  : b1boot5.state
# Including singleton site patterns.
# cost function      : KL
Initial parameter values
Fixed:
      zero = 0
       one = 1
    Tbecnw = 75200
Free:
       pc1 = 0
       pc2 = 0
       pc3 = 0
       pc4 = 0
       pc5 = 0
       pc6 = 0
       pc7 = 0
       pc8 = 0
       pc9 = 0
      pc10 = 0
      pc11 = 0
      pc12 = 0
      pc13 = 0
      pc14 = 0
      pc15 = 0
      pc16 = 0
Constrained:
   Tgbecnw = 118889
     Tecnw = 25129.7
       Tnw = 21621.2
       Tec = 186.796
     twoNb = 1.85931e+06
     twoNe = 556388
     twoNc = 673056
     twoNw = 1.56426e+06
    twoNec = 166238
    twoNnw = 14703.1
  twoNecnw = 67372.7
  twoNbecnw = 14619.6
  twoNgbecnw = 236956
         m = 0.125839
        m4 = 0.0157782
        m5 = 0.0778027
        Ta = 37600
        Td = 93.398
        Te = 46.699
DiffEv reached_goal. cost=2.40423e-03 spread=1.83909e-06
Fitted parameter values
Free:
       pc1 = 1.97265
       pc2 = 3.9885
       pc3 = -0.442089
       pc4 = 1.30033
       pc5 = 1.95732
       pc6 = -1.99249
       pc7 = 0.420425
       pc8 = -1.15468
       pc9 = -0.33973
      pc10 = -0.232974
      pc11 = 0.385343
      pc12 = -0.796026
      pc13 = 0.286084
      pc14 = 0.0674074
      pc15 = 0.0400342
      pc16 = -0.0253593
Constrained:
   Tgbecnw = 99531.7
     Tecnw = 23853.4
       Tnw = 22051.4
       Tec = 48.6536
     twoNb = 2.60253e+06
     twoNe = 1.68971e+06
     twoNc = 499124
     twoNw = 2.83615e+06
    twoNec = 152843
    twoNnw = 7466.2
  twoNecnw = 65787.8
  twoNbecnw = 8468.5
  twoNgbecnw = 265069
         m = 0.0989678
        m4 = 0.0147188
        m5 = 0.0934806
        Ta = 37600
        Td = 24.3268
        Te = 12.1634
#       SitePat  BranchLen
              b 117142.8153644
              e 44205.1670902
              c 46148.4898413
              n 43564.5361923
              w 43537.6965778
            b:e 1202.5382916
            b:c 1429.0730429
            b:n 1064.6331570
            b:w 1063.4245737
            e:c 11783.7334621
            e:n 4544.4719883
            e:w 4571.3116028
            c:n 4151.7806115
            c:w 4145.7239331
            n:w 12167.9575238
          b:e:c 1322.0000442
          b:e:n 605.5905865
          b:e:w 606.7991698
          b:c:n 610.5225856
          b:c:w 609.2401771
          b:n:w 1309.2083071
          e:c:n 4218.3572354
          e:c:w 4224.4139139
          e:n:w 5756.5611553
          c:n:w 4900.3517413
        b:e:c:n 1161.7252855
        b:e:c:w 1163.0076940
        b:e:n:w 1812.7233402
        b:c:n:w 1309.9811498
        e:c:n:w 45234.8820515
