########################################
# legofit: estimate population history #
#       version 2.3.4-4-g53f8760       #
########################################

# Program was compiled: Sep 21 2021 14:36:42
# Program was run: Thu Sep 23 12:52:50 2021

# cmd: legofit -1 -d 0 -t 32 --ptsPerDim 3 --stateOut b1boot40.state --tol 3e-6 -S 5000 ade2.lgo ../../chrX/boot_chrX/boot40.opf
# Stage nOptItr nSimReps
#     0    5000        0
# algorithm          : deterministic
# ignoring probs <=  : 0
# Branch length floor: 0
# DE strategy        : 2
#    F               : 0.3
#    CR              : 0.8
#    tolerance       : 3e-06
# nthreads           : 32
# lgo input file     : ade2.lgo
# site pat input file: ../../chrX/boot_chrX/boot40.opf
# free parameters    : 16
# points in DE swarm : 48
# output state file  : b1boot40.state
# Including singleton site patterns.
# cost function      : KL
Initial parameter values
Fixed:
      zero = 0
       one = 1
    Tbecnw = 75200
Free:
       pc1 = 0
       pc2 = 0
       pc3 = 0
       pc4 = 0
       pc5 = 0
       pc6 = 0
       pc7 = 0
       pc8 = 0
       pc9 = 0
      pc10 = 0
      pc11 = 0
      pc12 = 0
      pc13 = 0
      pc14 = 0
      pc15 = 0
      pc16 = 0
Constrained:
   Tgbecnw = 118889
     Tecnw = 25129.7
       Tnw = 21621.2
       Tec = 186.796
     twoNb = 1.85931e+06
     twoNe = 556388
     twoNc = 673056
     twoNw = 1.56426e+06
    twoNec = 166238
    twoNnw = 14703.1
  twoNecnw = 67372.7
  twoNbecnw = 14619.6
  twoNgbecnw = 236956
         m = 0.125839
        m4 = 0.0157782
        m5 = 0.0778027
        Ta = 37600
        Td = 93.398
        Te = 46.699
DiffEv reached_goal. cost=2.24310e-03 spread=2.94528e-06
Fitted parameter values
Free:
       pc1 = 1.58632
       pc2 = 3.97516
       pc3 = 0.928411
       pc4 = 1.30846
       pc5 = 1.92966
       pc6 = -0.0530426
       pc7 = -0.486899
       pc8 = -1.98679
       pc9 = -1.80505
      pc10 = -0.729447
      pc11 = 0.0165519
      pc12 = -0.180943
      pc13 = 0.154354
      pc14 = -0.000219598
      pc15 = 0.174535
      pc16 = -0.106491
Constrained:
   Tgbecnw = 95732.1
     Tecnw = 23998.4
       Tnw = 21566.8
       Tec = 389.641
     twoNb = 3.05993e+06
     twoNe = 1.23708e+06
     twoNc = 1.34927e+06
     twoNw = 3.09255e+06
    twoNec = 164963
    twoNnw = 9727.76
  twoNecnw = 63896.2
  twoNbecnw = 7515.91
  twoNgbecnw = 249367
         m = 0.112325
        m4 = 0.0135363
        m5 = 0.0819722
        Ta = 37600
        Td = 194.821
        Te = 97.4103
#       SitePat  BranchLen
              b 118730.7508427
              e 44386.6012358
              c 46162.1910233
              n 43076.5275279
              w 43055.6916954
            b:e 1230.0361433
            b:c 1445.2019550
            b:n 1055.4774002
            b:w 1054.5339122
            e:c 11430.8740217
            e:n 4483.8840966
            e:w 4504.7199290
            c:n 4131.9999548
            c:w 4127.2974886
            n:w 12256.6953496
          b:e:c 1329.7740382
          b:e:n 608.2164426
          b:e:w 609.1599306
          b:c:n 612.4825512
          b:c:w 611.4817484
          b:n:w 1315.3034235
          e:c:n 4160.0653953
          e:c:w 4164.7678614
          e:n:w 5814.1289614
          c:n:w 5021.7402157
        b:e:c:n 1152.2768841
        b:e:c:w 1153.2776868
        b:e:n:w 1814.6327904
        b:c:n:w 1338.9844240
        e:c:n:w 47219.1749248
