########################################
# legofit: estimate population history #
#       version 2.3.4-4-g53f8760       #
########################################

# Program was compiled: Sep 21 2021 14:36:42
# Program was run: Thu Sep 23 12:52:35 2021

# cmd: legofit -1 -d 0 -t 32 --ptsPerDim 3 --stateOut b1boot34.state --tol 3e-6 -S 5000 ade2.lgo ../../chrX/boot_chrX/boot34.opf
# Stage nOptItr nSimReps
#     0    5000        0
# algorithm          : deterministic
# ignoring probs <=  : 0
# Branch length floor: 0
# DE strategy        : 2
#    F               : 0.3
#    CR              : 0.8
#    tolerance       : 3e-06
# nthreads           : 32
# lgo input file     : ade2.lgo
# site pat input file: ../../chrX/boot_chrX/boot34.opf
# free parameters    : 16
# points in DE swarm : 48
# output state file  : b1boot34.state
# Including singleton site patterns.
# cost function      : KL
Initial parameter values
Fixed:
      zero = 0
       one = 1
    Tbecnw = 75200
Free:
       pc1 = 0
       pc2 = 0
       pc3 = 0
       pc4 = 0
       pc5 = 0
       pc6 = 0
       pc7 = 0
       pc8 = 0
       pc9 = 0
      pc10 = 0
      pc11 = 0
      pc12 = 0
      pc13 = 0
      pc14 = 0
      pc15 = 0
      pc16 = 0
Constrained:
   Tgbecnw = 118889
     Tecnw = 25129.7
       Tnw = 21621.2
       Tec = 186.796
     twoNb = 1.85931e+06
     twoNe = 556388
     twoNc = 673056
     twoNw = 1.56426e+06
    twoNec = 166238
    twoNnw = 14703.1
  twoNecnw = 67372.7
  twoNbecnw = 14619.6
  twoNgbecnw = 236956
         m = 0.125839
        m4 = 0.0157782
        m5 = 0.0778027
        Ta = 37600
        Td = 93.398
        Te = 46.699
DiffEv reached_goal. cost=2.14794e-03 spread=2.71820e-06
Fitted parameter values
Free:
       pc1 = 1.04459
       pc2 = 3.9958
       pc3 = -0.361491
       pc4 = 1.84291
       pc5 = 1.74805
       pc6 = -1.05739
       pc7 = 0.024501
       pc8 = 0.168278
       pc9 = 0.458726
      pc10 = 0.0971958
      pc11 = 0.96172
      pc12 = -0.83246
      pc13 = 0.155474
      pc14 = 0.217971
      pc15 = 0.0942727
      pc16 = -0.0280064
Constrained:
   Tgbecnw = 101075
     Tecnw = 24376.7
       Tnw = 21258.9
       Tec = 101.344
     twoNb = 2.28488e+06
     twoNe = 1.25215e+06
     twoNc = 584029
     twoNw = 3.10485e+06
    twoNec = 151436
    twoNnw = 13045.2
  twoNecnw = 64489.1
  twoNbecnw = 8905.7
  twoNgbecnw = 262596
         m = 0.110169
        m4 = 0.0159284
        m5 = 0.103555
        Ta = 37600
        Td = 50.672
        Te = 25.336
#       SitePat  BranchLen
              b 120061.7686081
              e 44186.9665727
              c 46349.0336101
              n 43674.1767552
              w 43647.6480118
            b:e 1159.1274634
            b:c 1416.6901166
            b:n 1036.9482216
            b:w 1035.8015114
            e:c 11736.6195162
            e:n 4543.9529560
            e:w 4570.4816994
            c:n 4105.7887873
            c:w 4099.9176170
            n:w 12105.2620302
          b:e:c 1277.4945781
          b:e:n 587.8064769
          b:e:w 588.9531871
          b:c:n 592.6405262
          b:c:w 591.4269871
          b:n:w 1266.0571126
          e:c:n 4212.9751258
          e:c:w 4218.8462961
          e:n:w 5771.5358655
          c:n:w 4827.6865118
        b:e:c:n 1126.8029480
        b:e:c:w 1128.0164871
        b:e:n:w 1832.3059805
        b:c:n:w 1257.9458553
        e:c:n:w 48017.9010972
