########################################
# legofit: estimate population history #
#       version 2.3.4-4-g53f8760       #
########################################

# Program was compiled: Sep 21 2021 14:36:42
# Program was run: Thu Sep 23 12:51:57 2021

# cmd: legofit -1 -d 0 -t 32 --ptsPerDim 3 --stateOut b1boot20.state --tol 3e-6 -S 5000 ade2.lgo ../../chrX/boot_chrX/boot20.opf
# Stage nOptItr nSimReps
#     0    5000        0
# algorithm          : deterministic
# ignoring probs <=  : 0
# Branch length floor: 0
# DE strategy        : 2
#    F               : 0.3
#    CR              : 0.8
#    tolerance       : 3e-06
# nthreads           : 32
# lgo input file     : ade2.lgo
# site pat input file: ../../chrX/boot_chrX/boot20.opf
# free parameters    : 16
# points in DE swarm : 48
# output state file  : b1boot20.state
# Including singleton site patterns.
# cost function      : KL
Initial parameter values
Fixed:
      zero = 0
       one = 1
    Tbecnw = 75200
Free:
       pc1 = 0
       pc2 = 0
       pc3 = 0
       pc4 = 0
       pc5 = 0
       pc6 = 0
       pc7 = 0
       pc8 = 0
       pc9 = 0
      pc10 = 0
      pc11 = 0
      pc12 = 0
      pc13 = 0
      pc14 = 0
      pc15 = 0
      pc16 = 0
Constrained:
   Tgbecnw = 118889
     Tecnw = 25129.7
       Tnw = 21621.2
       Tec = 186.796
     twoNb = 1.85931e+06
     twoNe = 556388
     twoNc = 673056
     twoNw = 1.56426e+06
    twoNec = 166238
    twoNnw = 14703.1
  twoNecnw = 67372.7
  twoNbecnw = 14619.6
  twoNgbecnw = 236956
         m = 0.125839
        m4 = 0.0157782
        m5 = 0.0778027
        Ta = 37600
        Td = 93.398
        Te = 46.699
DiffEv reached_goal. cost=2.36573e-03 spread=2.92323e-06
Fitted parameter values
Free:
       pc1 = 1.84258
       pc2 = 3.97486
       pc3 = 1.21728
       pc4 = -0.598434
       pc5 = 1.92645
       pc6 = -0.199671
       pc7 = 0.637134
       pc8 = -1.65191
       pc9 = -0.824161
      pc10 = -0.691549
      pc11 = 0.398484
      pc12 = -0.190732
      pc13 = 0.0404248
      pc14 = 0.0434828
      pc15 = 0.0506727
      pc16 = -0.0445088
Constrained:
   Tgbecnw = 97508.6
     Tecnw = 23631.6
       Tnw = 22185.1
       Tec = 49.993
     twoNb = 2.67057e+06
     twoNe = 909924
     twoNc = 1.42725e+06
     twoNw = 2.5934e+06
    twoNec = 164864
    twoNnw = 5838.45
  twoNecnw = 64920.1
  twoNbecnw = 7706.67
  twoNgbecnw = 282796
         m = 0.097539
        m4 = 0.0154611
        m5 = 0.0756177
        Ta = 37600
        Td = 24.9965
        Te = 12.4982
#       SitePat  BranchLen
              b 118238.8675345
              e 44316.5753789
              c 46103.4649413
              n 43112.7459217
              w 43089.2361258
            b:e 1223.3081900
            b:c 1444.2833993
            b:n 1051.5723626
            b:w 1050.5057726
            e:c 11502.9271489
            e:n 4490.5628177
            e:w 4514.0726136
            c:n 4150.8728840
            c:w 4145.5254069
            n:w 12223.8260127
          b:e:c 1323.9676646
          b:e:n 605.2778716
          b:e:w 606.3444616
          b:c:n 609.9994216
          b:c:w 608.8667208
          b:n:w 1308.9793896
          e:c:n 4155.9449470
          e:c:w 4161.2924241
          e:n:w 5787.4453242
          c:n:w 5007.4227471
        b:e:c:n 1149.5478847
        b:e:c:w 1150.6805855
        b:e:n:w 1860.5987364
        b:c:n:w 1333.7497280
        e:c:n:w 46718.0038195
