########################################
# legofit: estimate population history #
#       version 2.3.4-4-g53f8760       #
########################################

# Program was compiled: Sep 21 2021 14:36:42
# Program was run: Thu Sep 23 12:52:35 2021

# cmd: legofit -1 -d 0 -t 32 --ptsPerDim 3 --stateOut b1boot33.state --tol 3e-6 -S 5000 ade2.lgo ../../chrX/boot_chrX/boot33.opf
# Stage nOptItr nSimReps
#     0    5000        0
# algorithm          : deterministic
# ignoring probs <=  : 0
# Branch length floor: 0
# DE strategy        : 2
#    F               : 0.3
#    CR              : 0.8
#    tolerance       : 3e-06
# nthreads           : 32
# lgo input file     : ade2.lgo
# site pat input file: ../../chrX/boot_chrX/boot33.opf
# free parameters    : 16
# points in DE swarm : 48
# output state file  : b1boot33.state
# Including singleton site patterns.
# cost function      : KL
Initial parameter values
Fixed:
      zero = 0
       one = 1
    Tbecnw = 75200
Free:
       pc1 = 0
       pc2 = 0
       pc3 = 0
       pc4 = 0
       pc5 = 0
       pc6 = 0
       pc7 = 0
       pc8 = 0
       pc9 = 0
      pc10 = 0
      pc11 = 0
      pc12 = 0
      pc13 = 0
      pc14 = 0
      pc15 = 0
      pc16 = 0
Constrained:
   Tgbecnw = 118889
     Tecnw = 25129.7
       Tnw = 21621.2
       Tec = 186.796
     twoNb = 1.85931e+06
     twoNe = 556388
     twoNc = 673056
     twoNw = 1.56426e+06
    twoNec = 166238
    twoNnw = 14703.1
  twoNecnw = 67372.7
  twoNbecnw = 14619.6
  twoNgbecnw = 236956
         m = 0.125839
        m4 = 0.0157782
        m5 = 0.0778027
        Ta = 37600
        Td = 93.398
        Te = 46.699
DiffEv reached_goal. cost=2.36458e-03 spread=2.92272e-06
Fitted parameter values
Free:
       pc1 = 1.52658
       pc2 = 3.95383
       pc3 = 0.676701
       pc4 = 1.05991
       pc5 = 1.81123
       pc6 = -1.13218
       pc7 = 0.301704
       pc8 = -1.59107
       pc9 = -1.5039
      pc10 = -1.52324
      pc11 = 0.0589708
      pc12 = -0.977406
      pc13 = -0.26511
      pc14 = -0.199817
      pc15 = 0.115712
      pc16 = -0.0654683
Constrained:
   Tgbecnw = 96804.4
     Tecnw = 24100.7
       Tnw = 22001.1
       Tec = 150.512
     twoNb = 2.46609e+06
     twoNe = 1.54547e+06
     twoNc = 918970
     twoNw = 3.42238e+06
    twoNec = 159815
    twoNnw = 8155.11
  twoNecnw = 64066.8
  twoNbecnw = 7589.78
  twoNgbecnw = 277946
         m = 0.104563
        m4 = 0.0138636
        m5 = 0.0744713
        Ta = 37600
        Td = 75.2559
        Te = 37.6279
#       SitePat  BranchLen
              b 119891.8222507
              e 44347.3911807
              c 46070.7187611
              n 43133.8891781
              w 43116.4882948
            b:e 1236.8143908
            b:c 1453.2718855
            b:n 1059.2613347
            b:w 1058.4691963
            e:c 11731.5858756
            e:n 4399.8052571
            e:w 4417.2061405
            c:n 4067.8580731
            c:w 4063.9444664
            n:w 12431.1100272
          b:e:c 1360.2268637
          b:e:n 603.5111000
          b:e:w 604.3032385
          b:c:n 607.7528949
          b:c:w 606.9118954
          b:n:w 1345.1707265
          e:c:n 4147.1674849
          e:c:w 4151.0810916
          e:n:w 5779.3774940
          c:n:w 5014.4070100
        b:e:c:n 1157.5835237
        b:e:c:w 1158.4245232
        b:e:n:w 1844.0403943
        b:c:n:w 1347.5840601
        e:c:n:w 48396.6298689
