########################################
# legofit: estimate population history #
#       version 2.3.4-4-g53f8760       #
########################################

# Program was compiled: Sep 21 2021 14:36:42
# Program was run: Thu Sep 23 12:53:16 2021

# cmd: legofit -1 -d 0 -t 32 --ptsPerDim 3 --stateOut b1boot48.state --tol 3e-6 -S 5000 ade2.lgo ../../chrX/boot_chrX/boot48.opf
# Stage nOptItr nSimReps
#     0    5000        0
# algorithm          : deterministic
# ignoring probs <=  : 0
# Branch length floor: 0
# DE strategy        : 2
#    F               : 0.3
#    CR              : 0.8
#    tolerance       : 3e-06
# nthreads           : 32
# lgo input file     : ade2.lgo
# site pat input file: ../../chrX/boot_chrX/boot48.opf
# free parameters    : 16
# points in DE swarm : 48
# output state file  : b1boot48.state
# Including singleton site patterns.
# cost function      : KL
Initial parameter values
Fixed:
      zero = 0
       one = 1
    Tbecnw = 75200
Free:
       pc1 = 0
       pc2 = 0
       pc3 = 0
       pc4 = 0
       pc5 = 0
       pc6 = 0
       pc7 = 0
       pc8 = 0
       pc9 = 0
      pc10 = 0
      pc11 = 0
      pc12 = 0
      pc13 = 0
      pc14 = 0
      pc15 = 0
      pc16 = 0
Constrained:
   Tgbecnw = 118889
     Tecnw = 25129.7
       Tnw = 21621.2
       Tec = 186.796
     twoNb = 1.85931e+06
     twoNe = 556388
     twoNc = 673056
     twoNw = 1.56426e+06
    twoNec = 166238
    twoNnw = 14703.1
  twoNecnw = 67372.7
  twoNbecnw = 14619.6
  twoNgbecnw = 236956
         m = 0.125839
        m4 = 0.0157782
        m5 = 0.0778027
        Ta = 37600
        Td = 93.398
        Te = 46.699
DiffEv reached_goal. cost=2.28071e-03 spread=2.69825e-06
Fitted parameter values
Free:
       pc1 = 1.39284
       pc2 = 3.98193
       pc3 = 1.9591
       pc4 = -0.744922
       pc5 = 1.99576
       pc6 = -0.428342
       pc7 = 0.486597
       pc8 = -1.68916
       pc9 = -1.51139
      pc10 = -0.914032
      pc11 = 1.49186
      pc12 = -0.59539
      pc13 = -0.00655702
      pc14 = -0.320186
      pc15 = 0.164399
      pc16 = -0.0227603
Constrained:
   Tgbecnw = 92699.4
     Tecnw = 23974.7
       Tnw = 22415.4
       Tec = 14.4444
     twoNb = 2.61781e+06
     twoNe = 1.02243e+06
     twoNc = 1.20145e+06
     twoNw = 2.28303e+06
    twoNec = 168755
    twoNnw = 6495.66
  twoNecnw = 62335.9
  twoNbecnw = 6216.52
  twoNgbecnw = 285362
         m = 0.0932409
        m4 = 0.0157585
        m5 = 0.0702674
        Ta = 37600
        Td = 7.22222
        Te = 3.61111
#       SitePat  BranchLen
              b 116797.6882000
              e 44052.4647002
              c 45734.3986976
              n 43057.9249337
              w 43033.0116697
            b:e 1224.8764010
            b:c 1442.2283397
            b:n 1062.0101472
            b:w 1060.8616440
            e:c 11310.7320194
            e:n 4427.7399334
            e:w 4452.6531974
            c:n 4114.1111641
            c:w 4108.4333160
            n:w 11853.3417842
          b:e:c 1321.9411148
          b:e:n 611.1677176
          b:e:w 612.3162208
          b:c:n 616.3245822
          b:c:w 615.1033477
          b:n:w 1306.7925457
          e:c:n 4157.5677501
          e:c:w 4163.2455982
          e:n:w 5687.4584648
          c:n:w 4953.7176331
        b:e:c:n 1162.8107047
        b:e:c:w 1164.0319392
        b:e:n:w 1853.6789809
        b:c:n:w 1338.0384007
        e:c:n:w 45987.1856787
