########################################
# legofit: estimate population history #
#       version 2.3.4-4-g53f8760       #
########################################

# Program was compiled: Sep 21 2021 14:36:42
# Program was run: Thu Sep 23 12:51:12 2021

# cmd: legofit -1 -d 0 -t 32 --ptsPerDim 3 --stateOut b1boot1.state --tol 3e-6 -S 5000 ade2.lgo ../../chrX/boot_chrX/boot1.opf
# Stage nOptItr nSimReps
#     0    5000        0
# algorithm          : deterministic
# ignoring probs <=  : 0
# Branch length floor: 0
# DE strategy        : 2
#    F               : 0.3
#    CR              : 0.8
#    tolerance       : 3e-06
# nthreads           : 32
# lgo input file     : ade2.lgo
# site pat input file: ../../chrX/boot_chrX/boot1.opf
# free parameters    : 16
# points in DE swarm : 48
# output state file  : b1boot1.state
# Including singleton site patterns.
# cost function      : KL
Initial parameter values
Fixed:
      zero = 0
       one = 1
    Tbecnw = 75200
Free:
       pc1 = 0
       pc2 = 0
       pc3 = 0
       pc4 = 0
       pc5 = 0
       pc6 = 0
       pc7 = 0
       pc8 = 0
       pc9 = 0
      pc10 = 0
      pc11 = 0
      pc12 = 0
      pc13 = 0
      pc14 = 0
      pc15 = 0
      pc16 = 0
Constrained:
   Tgbecnw = 118889
     Tecnw = 25129.7
       Tnw = 21621.2
       Tec = 186.796
     twoNb = 1.85931e+06
     twoNe = 556388
     twoNc = 673056
     twoNw = 1.56426e+06
    twoNec = 166238
    twoNnw = 14703.1
  twoNecnw = 67372.7
  twoNbecnw = 14619.6
  twoNgbecnw = 236956
         m = 0.125839
        m4 = 0.0157782
        m5 = 0.0778027
        Ta = 37600
        Td = 93.398
        Te = 46.699
DiffEv reached_goal. cost=2.42895e-03 spread=2.42379e-06
Fitted parameter values
Free:
       pc1 = 1.89063
       pc2 = 3.9716
       pc3 = 0.686554
       pc4 = 0.985366
       pc5 = 1.96543
       pc6 = -1.59165
       pc7 = 0.0359172
       pc8 = 0.112986
       pc9 = -0.842638
      pc10 = 0.129375
      pc11 = -0.0490698
      pc12 = -0.474368
      pc13 = -0.0263573
      pc14 = -0.446397
      pc15 = 0.220101
      pc16 = -0.0730326
Constrained:
   Tgbecnw = 95087.9
     Tecnw = 24027.8
       Tnw = 21134.5
       Tec = 156.077
     twoNb = 2.84447e+06
     twoNe = 1.14615e+06
     twoNc = 313712
     twoNw = 2.90654e+06
    twoNec = 154806
    twoNnw = 11673.2
  twoNecnw = 66805.4
  twoNbecnw = 7220.46
  twoNgbecnw = 257028
         m = 0.110608
        m4 = 0.0154337
        m5 = 0.0834034
        Ta = 37600
        Td = 78.0384
        Te = 39.0192
#       SitePat  BranchLen
              b 118702.2681870
              e 44615.5453682
              c 46524.3478706
              n 43634.0177843
              w 43611.3626781
            b:e 1254.2686727
            b:c 1490.9306434
            b:n 1096.2655424
            b:w 1095.2271947
            e:c 11855.0629198
            e:n 4501.5839984
            e:w 4524.2391046
            c:n 4122.1219959
            c:w 4117.1195569
            n:w 12493.2166497
          b:e:c 1387.2527389
          b:e:n 625.2892902
          b:e:w 626.3276379
          b:c:n 630.2450203
          b:c:w 629.1377543
          b:n:w 1372.1422310
          e:c:n 4171.7986835
          e:c:w 4176.8011225
          e:n:w 5751.2395160
          c:n:w 4922.2920850
        b:e:c:n 1205.5747417
        b:e:c:w 1206.6820077
        b:e:n:w 1913.5797884
        b:c:n:w 1375.8782635
        e:c:n:w 46795.8243102
