########################################
# legofit: estimate population history #
#       version 2.3.4-4-g53f8760       #
########################################

# Program was compiled: Sep 21 2021 14:36:42
# Program was run: Thu Sep 23 12:52:50 2021

# cmd: legofit -1 -d 0 -t 32 --ptsPerDim 3 --stateOut b1boot41.state --tol 3e-6 -S 5000 ade2.lgo ../../chrX/boot_chrX/boot41.opf
# Stage nOptItr nSimReps
#     0    5000        0
# algorithm          : deterministic
# ignoring probs <=  : 0
# Branch length floor: 0
# DE strategy        : 2
#    F               : 0.3
#    CR              : 0.8
#    tolerance       : 3e-06
# nthreads           : 32
# lgo input file     : ade2.lgo
# site pat input file: ../../chrX/boot_chrX/boot41.opf
# free parameters    : 16
# points in DE swarm : 48
# output state file  : b1boot41.state
# Including singleton site patterns.
# cost function      : KL
Initial parameter values
Fixed:
      zero = 0
       one = 1
    Tbecnw = 75200
Free:
       pc1 = 0
       pc2 = 0
       pc3 = 0
       pc4 = 0
       pc5 = 0
       pc6 = 0
       pc7 = 0
       pc8 = 0
       pc9 = 0
      pc10 = 0
      pc11 = 0
      pc12 = 0
      pc13 = 0
      pc14 = 0
      pc15 = 0
      pc16 = 0
Constrained:
   Tgbecnw = 118889
     Tecnw = 25129.7
       Tnw = 21621.2
       Tec = 186.796
     twoNb = 1.85931e+06
     twoNe = 556388
     twoNc = 673056
     twoNw = 1.56426e+06
    twoNec = 166238
    twoNnw = 14703.1
  twoNecnw = 67372.7
  twoNbecnw = 14619.6
  twoNgbecnw = 236956
         m = 0.125839
        m4 = 0.0157782
        m5 = 0.0778027
        Ta = 37600
        Td = 93.398
        Te = 46.699
DiffEv reached_goal. cost=2.27220e-03 spread=2.56940e-06
Fitted parameter values
Free:
       pc1 = 1.9432
       pc2 = 3.87986
       pc3 = 1.35818
       pc4 = -0.463707
       pc5 = 1.98231
       pc6 = -0.192397
       pc7 = 0.665942
       pc8 = -0.68595
       pc9 = -0.124716
      pc10 = -0.205055
      pc11 = 0.838282
      pc12 = 0.319962
      pc13 = -0.12291
      pc14 = -0.233384
      pc15 = 0.118318
      pc16 = -0.0539933
Constrained:
   Tgbecnw = 96261.7
     Tecnw = 23758
       Tnw = 21842.1
       Tec = 42.0579
     twoNb = 2.5013e+06
     twoNe = 706182
     twoNc = 1.1662e+06
     twoNw = 2.58772e+06
    twoNec = 165443
    twoNnw = 7644.74
  twoNecnw = 66302.4
  twoNbecnw = 7341.28
  twoNgbecnw = 282889
         m = 0.103847
        m4 = 0.0166719
        m5 = 0.0833369
        Ta = 37600
        Td = 21.029
        Te = 10.5145
#       SitePat  BranchLen
              b 119760.1251009
              e 44646.8579829
              c 46634.3874366
              n 43325.7693652
              w 43299.9043162
            b:e 1249.5959377
            b:c 1500.1529801
            b:n 1071.1689683
            b:w 1069.9850066
            e:c 11508.0010989
            e:n 4528.8145687
            e:w 4554.6796177
            c:n 4148.7187246
            c:w 4142.9264280
            n:w 12377.9713548
          b:e:c 1356.2944349
          b:e:n 619.9102225
          b:e:w 621.0941841
          b:c:n 625.2541393
          b:c:w 623.9927864
          b:n:w 1339.7173173
          e:c:n 4124.5494640
          e:c:w 4130.3417606
          e:n:w 5849.3895617
          c:n:w 4987.4210154
        b:e:c:n 1176.3646165
        b:e:c:w 1177.6259694
        b:e:n:w 1960.9817136
        b:c:n:w 1368.4701012
        e:c:n:w 48016.2325227
