########################################
# legofit: estimate population history #
#       version 2.3.4-4-g53f8760       #
########################################

# Program was compiled: Sep 21 2021 14:36:42
# Program was run: Thu Sep 23 12:52:22 2021

# cmd: legofit -1 -d 0 -t 32 --ptsPerDim 3 --stateOut b1boot30.state --tol 3e-6 -S 5000 ade2.lgo ../../chrX/boot_chrX/boot30.opf
# Stage nOptItr nSimReps
#     0    5000        0
# algorithm          : deterministic
# ignoring probs <=  : 0
# Branch length floor: 0
# DE strategy        : 2
#    F               : 0.3
#    CR              : 0.8
#    tolerance       : 3e-06
# nthreads           : 32
# lgo input file     : ade2.lgo
# site pat input file: ../../chrX/boot_chrX/boot30.opf
# free parameters    : 16
# points in DE swarm : 48
# output state file  : b1boot30.state
# Including singleton site patterns.
# cost function      : KL
Initial parameter values
Fixed:
      zero = 0
       one = 1
    Tbecnw = 75200
Free:
       pc1 = 0
       pc2 = 0
       pc3 = 0
       pc4 = 0
       pc5 = 0
       pc6 = 0
       pc7 = 0
       pc8 = 0
       pc9 = 0
      pc10 = 0
      pc11 = 0
      pc12 = 0
      pc13 = 0
      pc14 = 0
      pc15 = 0
      pc16 = 0
Constrained:
   Tgbecnw = 118889
     Tecnw = 25129.7
       Tnw = 21621.2
       Tec = 186.796
     twoNb = 1.85931e+06
     twoNe = 556388
     twoNc = 673056
     twoNw = 1.56426e+06
    twoNec = 166238
    twoNnw = 14703.1
  twoNecnw = 67372.7
  twoNbecnw = 14619.6
  twoNgbecnw = 236956
         m = 0.125839
        m4 = 0.0157782
        m5 = 0.0778027
        Ta = 37600
        Td = 93.398
        Te = 46.699
DiffEv reached_goal. cost=2.40754e-03 spread=2.87615e-06
Fitted parameter values
Free:
       pc1 = 1.42985
       pc2 = 3.83538
       pc3 = 1.15387
       pc4 = 0.0206812
       pc5 = 1.84021
       pc6 = 0.818345
       pc7 = 0.303534
       pc8 = -0.986254
       pc9 = -0.911643
      pc10 = -0.415617
      pc11 = -0.272806
      pc12 = -1.12559
      pc13 = 0.086277
      pc14 = 0.146883
      pc15 = 0.119838
      pc16 = -0.0482841
Constrained:
   Tgbecnw = 99066.4
     Tecnw = 24110.9
       Tnw = 21810.5
       Tec = 43.1218
     twoNb = 2.93022e+06
     twoNe = 529768
     twoNc = 1.70187e+06
     twoNw = 3.08631e+06
    twoNec = 159337
    twoNnw = 9514.55
  twoNecnw = 64180.1
  twoNbecnw = 8392.8
  twoNgbecnw = 256246
         m = 0.112014
        m4 = 0.0151301
        m5 = 0.0747432
        Ta = 37600
        Td = 21.5609
        Te = 10.7805
#       SitePat  BranchLen
              b 119623.2173933
              e 44312.1675716
              c 46066.4050241
              n 43476.5763043
              w 43457.0920324
            b:e 1181.7250720
            b:c 1401.2475718
            b:n 1036.0527238
            b:w 1035.1982041
            e:c 11699.8909442
            e:n 4458.1681541
            e:w 4477.6524260
            c:n 4121.6568305
            c:w 4117.2795842
            n:w 12160.8801076
          b:e:c 1290.9840232
          b:e:n 588.2727761
          b:e:w 589.1272958
          b:c:n 592.1725582
          b:c:w 591.2679481
          b:n:w 1278.8338742
          e:c:n 4198.8916087
          e:c:w 4203.2688549
          e:n:w 5695.5811266
          c:n:w 4933.8665543
        b:e:c:n 1127.3680252
        b:e:c:w 1128.2726353
        b:e:n:w 1804.2517067
        b:c:n:w 1283.0498701
        e:c:n:w 47795.4196449
