########################################
# legofit: estimate population history #
#       version 2.3.4-4-g53f8760       #
########################################

# Program was compiled: Sep 21 2021 14:36:42
# Program was run: Thu Sep 23 12:52:48 2021

# cmd: legofit -1 -d 0 -t 32 --ptsPerDim 3 --stateOut b1boot39.state --tol 3e-6 -S 5000 ade2.lgo ../../chrX/boot_chrX/boot39.opf
# Stage nOptItr nSimReps
#     0    5000        0
# algorithm          : deterministic
# ignoring probs <=  : 0
# Branch length floor: 0
# DE strategy        : 2
#    F               : 0.3
#    CR              : 0.8
#    tolerance       : 3e-06
# nthreads           : 32
# lgo input file     : ade2.lgo
# site pat input file: ../../chrX/boot_chrX/boot39.opf
# free parameters    : 16
# points in DE swarm : 48
# output state file  : b1boot39.state
# Including singleton site patterns.
# cost function      : KL
Initial parameter values
Fixed:
      zero = 0
       one = 1
    Tbecnw = 75200
Free:
       pc1 = 0
       pc2 = 0
       pc3 = 0
       pc4 = 0
       pc5 = 0
       pc6 = 0
       pc7 = 0
       pc8 = 0
       pc9 = 0
      pc10 = 0
      pc11 = 0
      pc12 = 0
      pc13 = 0
      pc14 = 0
      pc15 = 0
      pc16 = 0
Constrained:
   Tgbecnw = 118889
     Tecnw = 25129.7
       Tnw = 21621.2
       Tec = 186.796
     twoNb = 1.85931e+06
     twoNe = 556388
     twoNc = 673056
     twoNw = 1.56426e+06
    twoNec = 166238
    twoNnw = 14703.1
  twoNecnw = 67372.7
  twoNbecnw = 14619.6
  twoNgbecnw = 236956
         m = 0.125839
        m4 = 0.0157782
        m5 = 0.0778027
        Ta = 37600
        Td = 93.398
        Te = 46.699
DiffEv reached_goal. cost=2.31850e-03 spread=2.85027e-06
Fitted parameter values
Free:
       pc1 = 1.82276
       pc2 = 3.98405
       pc3 = 0.997214
       pc4 = 0.396813
       pc5 = 1.99756
       pc6 = -0.652392
       pc7 = 0.848522
       pc8 = -1.07671
       pc9 = -1.53532
      pc10 = -0.506122
      pc11 = 0.207113
      pc12 = -0.45968
      pc13 = -0.104666
      pc14 = -0.167849
      pc15 = 0.164796
      pc16 = -0.0114597
Constrained:
   Tgbecnw = 95764.1
     Tecnw = 23866.2
       Tnw = 22020.2
       Tec = 26.0576
     twoNb = 2.84345e+06
     twoNe = 916083
     twoNc = 808321
     twoNw = 3.05272e+06
    twoNec = 161991
    twoNnw = 7625.85
  twoNecnw = 64948.7
  twoNbecnw = 7195.26
  twoNgbecnw = 276026
         m = 0.103832
        m4 = 0.0146301
        m5 = 0.0771838
        Ta = 37600
        Td = 13.0288
        Te = 6.5144
#       SitePat  BranchLen
              b 118900.8303829
              e 44316.8231548
              c 46067.6319515
              n 43371.4333298
              w 43350.9976666
            b:e 1208.6766439
            b:c 1423.4744343
            b:n 1053.7415023
            b:w 1052.8222864
            e:c 11570.1485218
            e:n 4477.3208480
            e:w 4497.7565112
            c:n 4138.1602767
            c:w 4133.5561778
            n:w 12113.4852363
          b:e:c 1315.6723868
          b:e:n 603.7450301
          b:e:w 604.6642460
          b:c:n 608.1869694
          b:c:w 607.2096630
          b:n:w 1301.7095695
          e:c:n 4163.7326265
          e:c:w 4168.3367254
          e:n:w 5688.3532044
          c:n:w 4929.9860703
        b:e:c:n 1154.0455627
        b:e:c:w 1155.0228691
        b:e:n:w 1831.2641649
        b:c:n:w 1320.3981047
        e:c:n:w 47385.9014761
