########################################
# legofit: estimate population history #
#       version 2.3.4-4-g53f8760       #
########################################

# Program was compiled: Sep 21 2021 14:36:42
# Program was run: Thu Sep 23 12:51:12 2021

# cmd: legofit -1 -d 0 -t 32 --ptsPerDim 3 --stateOut b1boot2.state --tol 3e-6 -S 5000 ade2.lgo ../../chrX/boot_chrX/boot2.opf
# Stage nOptItr nSimReps
#     0    5000        0
# algorithm          : deterministic
# ignoring probs <=  : 0
# Branch length floor: 0
# DE strategy        : 2
#    F               : 0.3
#    CR              : 0.8
#    tolerance       : 3e-06
# nthreads           : 32
# lgo input file     : ade2.lgo
# site pat input file: ../../chrX/boot_chrX/boot2.opf
# free parameters    : 16
# points in DE swarm : 48
# output state file  : b1boot2.state
# Including singleton site patterns.
# cost function      : KL
Initial parameter values
Fixed:
      zero = 0
       one = 1
    Tbecnw = 75200
Free:
       pc1 = 0
       pc2 = 0
       pc3 = 0
       pc4 = 0
       pc5 = 0
       pc6 = 0
       pc7 = 0
       pc8 = 0
       pc9 = 0
      pc10 = 0
      pc11 = 0
      pc12 = 0
      pc13 = 0
      pc14 = 0
      pc15 = 0
      pc16 = 0
Constrained:
   Tgbecnw = 118889
     Tecnw = 25129.7
       Tnw = 21621.2
       Tec = 186.796
     twoNb = 1.85931e+06
     twoNe = 556388
     twoNc = 673056
     twoNw = 1.56426e+06
    twoNec = 166238
    twoNnw = 14703.1
  twoNecnw = 67372.7
  twoNbecnw = 14619.6
  twoNgbecnw = 236956
         m = 0.125839
        m4 = 0.0157782
        m5 = 0.0778027
        Ta = 37600
        Td = 93.398
        Te = 46.699
DiffEv reached_goal. cost=2.35630e-03 spread=2.40974e-06
Fitted parameter values
Free:
       pc1 = 1.95529
       pc2 = 3.99846
       pc3 = 0.468883
       pc4 = 1.79904
       pc5 = 1.90776
       pc6 = -1.8225
       pc7 = 0.554859
       pc8 = -0.289622
       pc9 = 0.0935127
      pc10 = -1.34305
      pc11 = 0.0646051
      pc12 = -0.0106151
      pc13 = -0.0156714
      pc14 = -0.140407
      pc15 = 0.117038
      pc16 = -0.0729902
Constrained:
   Tgbecnw = 97708.9
     Tecnw = 23825.2
       Tnw = 21181.4
       Tec = 85.9953
     twoNb = 1.85866e+06
     twoNe = 1.63253e+06
     twoNc = 470630
     twoNw = 3.90266e+06
    twoNec = 157524
    twoNnw = 10546.1
  twoNecnw = 67109.1
  twoNbecnw = 7882.61
  twoNgbecnw = 264084
         m = 0.106335
        m4 = 0.0152113
        m5 = 0.0894429
        Ta = 37600
        Td = 42.9976
        Te = 21.4988
#       SitePat  BranchLen
              b 118451.6390726
              e 44578.5523798
              c 46548.1176507
              n 43427.5284391
              w 43409.4567067
            b:e 1216.4207604
            b:c 1461.6250385
            b:n 1054.5489411
            b:w 1053.7463278
            e:c 11716.9478089
            e:n 4530.4380106
            e:w 4548.5097431
            c:n 4128.9367876
            c:w 4124.9409361
            n:w 12496.7113772
          b:e:c 1335.0109451
          b:e:n 604.9761949
          b:e:w 605.7788083
          b:c:n 609.7869911
          b:c:w 608.9326915
          b:n:w 1319.8602292
          e:c:n 4133.0942138
          e:c:w 4137.0900654
          e:n:w 5795.6138627
          c:n:w 4927.9233932
        b:e:c:n 1156.6073089
        b:e:c:w 1157.4616084
        b:e:n:w 1860.4498583
        b:c:n:w 1330.4759608
        e:c:n:w 46450.3693370
