########################################
# legofit: estimate population history #
#       version 2.3.4-4-g53f8760       #
########################################

# Program was compiled: Sep 21 2021 14:36:42
# Program was run: Thu Sep 23 12:52:13 2021

# cmd: legofit -1 -d 0 -t 32 --ptsPerDim 3 --stateOut b1boot25.state --tol 3e-6 -S 5000 ade2.lgo ../../chrX/boot_chrX/boot25.opf
# Stage nOptItr nSimReps
#     0    5000        0
# algorithm          : deterministic
# ignoring probs <=  : 0
# Branch length floor: 0
# DE strategy        : 2
#    F               : 0.3
#    CR              : 0.8
#    tolerance       : 3e-06
# nthreads           : 32
# lgo input file     : ade2.lgo
# site pat input file: ../../chrX/boot_chrX/boot25.opf
# free parameters    : 16
# points in DE swarm : 48
# output state file  : b1boot25.state
# Including singleton site patterns.
# cost function      : KL
Initial parameter values
Fixed:
      zero = 0
       one = 1
    Tbecnw = 75200
Free:
       pc1 = 0
       pc2 = 0
       pc3 = 0
       pc4 = 0
       pc5 = 0
       pc6 = 0
       pc7 = 0
       pc8 = 0
       pc9 = 0
      pc10 = 0
      pc11 = 0
      pc12 = 0
      pc13 = 0
      pc14 = 0
      pc15 = 0
      pc16 = 0
Constrained:
   Tgbecnw = 118889
     Tecnw = 25129.7
       Tnw = 21621.2
       Tec = 186.796
     twoNb = 1.85931e+06
     twoNe = 556388
     twoNc = 673056
     twoNw = 1.56426e+06
    twoNec = 166238
    twoNnw = 14703.1
  twoNecnw = 67372.7
  twoNbecnw = 14619.6
  twoNgbecnw = 236956
         m = 0.125839
        m4 = 0.0157782
        m5 = 0.0778027
        Ta = 37600
        Td = 93.398
        Te = 46.699
DiffEv reached_goal. cost=2.31291e-03 spread=2.86449e-06
Fitted parameter values
Free:
       pc1 = 1.5745
       pc2 = 3.9925
       pc3 = 1.24255
       pc4 = 0.0489815
       pc5 = 1.94444
       pc6 = -1.41401
       pc7 = 0.453745
       pc8 = 0.353711
       pc9 = -0.395907
      pc10 = -0.191871
      pc11 = 0.125517
      pc12 = -0.1595
      pc13 = -0.0835882
      pc14 = -0.117674
      pc15 = 0.13649
      pc16 = -0.0757441
Constrained:
   Tgbecnw = 96778.1
     Tecnw = 23778.5
       Tnw = 20934.8
       Tec = 23.915
     twoNb = 2.50201e+06
     twoNe = 927378
     twoNc = 472814
     twoNw = 2.82643e+06
    twoNec = 157901
    twoNnw = 11456.1
  twoNecnw = 66383.7
  twoNbecnw = 7517.77
  twoNgbecnw = 276374
         m = 0.105175
        m4 = 0.0164712
        m5 = 0.0782588
        Ta = 37600
        Td = 11.9575
        Te = 5.97876
#       SitePat  BranchLen
              b 119409.7206636
              e 44461.5905420
              c 46371.4228888
              n 43332.3909386
              w 43310.8160485
            b:e 1225.6445650
            b:c 1466.3200215
            b:n 1064.0765136
            b:w 1063.1109614
            e:c 11749.3133460
            e:n 4494.4649987
            e:w 4516.0398887
            c:n 4125.3201629
            c:w 4120.5408977
            n:w 12486.0279785
          b:e:c 1346.3113393
          b:e:n 608.3339539
          b:e:w 609.2995061
          b:c:n 613.1707440
          b:c:w 612.1427987
          b:n:w 1331.2506255
          e:c:n 4152.7338782
          e:c:w 4157.5131434
          e:n:w 5760.5227465
          c:n:w 4940.7178401
        b:e:c:n 1167.3094959
        b:e:c:w 1168.3374413
        b:e:n:w 1914.8343009
        b:c:n:w 1341.0949685
        e:c:n:w 47608.7089329
