########################################
# legofit: estimate population history #
#       version 2.3.4-4-g53f8760       #
########################################

# Program was compiled: Sep 21 2021 14:36:42
# Program was run: Thu Sep 23 12:51:12 2021

# cmd: legofit -1 -d 0 -t 32 --ptsPerDim 3 --stateOut b1boot0.state --tol 3e-6 -S 5000 ade2.lgo ../../chrX/boot_chrX/boot0.opf
# Stage nOptItr nSimReps
#     0    5000        0
# algorithm          : deterministic
# ignoring probs <=  : 0
# Branch length floor: 0
# DE strategy        : 2
#    F               : 0.3
#    CR              : 0.8
#    tolerance       : 3e-06
# nthreads           : 32
# lgo input file     : ade2.lgo
# site pat input file: ../../chrX/boot_chrX/boot0.opf
# free parameters    : 16
# points in DE swarm : 48
# output state file  : b1boot0.state
# Including singleton site patterns.
# cost function      : KL
Initial parameter values
Fixed:
      zero = 0
       one = 1
    Tbecnw = 75200
Free:
       pc1 = 0
       pc2 = 0
       pc3 = 0
       pc4 = 0
       pc5 = 0
       pc6 = 0
       pc7 = 0
       pc8 = 0
       pc9 = 0
      pc10 = 0
      pc11 = 0
      pc12 = 0
      pc13 = 0
      pc14 = 0
      pc15 = 0
      pc16 = 0
Constrained:
   Tgbecnw = 118889
     Tecnw = 25129.7
       Tnw = 21621.2
       Tec = 186.796
     twoNb = 1.85931e+06
     twoNe = 556388
     twoNc = 673056
     twoNw = 1.56426e+06
    twoNec = 166238
    twoNnw = 14703.1
  twoNecnw = 67372.7
  twoNbecnw = 14619.6
  twoNgbecnw = 236956
         m = 0.125839
        m4 = 0.0157782
        m5 = 0.0778027
        Ta = 37600
        Td = 93.398
        Te = 46.699
DiffEv reached_goal. cost=2.30357e-03 spread=2.40536e-06
Fitted parameter values
Free:
       pc1 = 1.85882
       pc2 = 3.52187
       pc3 = 1.40044
       pc4 = 0.0704573
       pc5 = 1.99621
       pc6 = -1.88608
       pc7 = 0.292789
       pc8 = -0.941929
       pc9 = -0.191
      pc10 = -1.10692
      pc11 = 0.618459
      pc12 = -0.207908
      pc13 = -0.0333161
      pc14 = -0.265156
      pc15 = 0.116938
      pc16 = -0.0562329
Constrained:
   Tgbecnw = 96486.9
     Tecnw = 23781.6
       Tnw = 21669.5
       Tec = 2.35722
     twoNb = 2.14323e+06
     twoNe = 1.63046e+06
     twoNc = 719528
     twoNw = 2.67171e+06
    twoNec = 162937
    twoNnw = 8560.13
  twoNecnw = 66149.8
  twoNbecnw = 7511.59
  twoNgbecnw = 271275
         m = 0.103127
        m4 = 0.0161797
        m5 = 0.075794
        Ta = 37600
        Td = 1.17861
        Te = 0.589304
#       SitePat  BranchLen
              b 118431.5822005
              e 44588.1566181
              c 46417.4248478
              n 43421.3169321
              w 43398.5987012
            b:e 1244.8617581
            b:c 1483.4536913
            b:n 1075.8423682
            b:w 1074.8052451
            e:c 11637.4406627
            e:n 4505.7286982
            e:w 4528.4469290
            c:n 4153.3050087
            c:w 4148.2163204
            n:w 12365.8436061
          b:e:c 1356.6061276
          b:e:n 618.1335629
          b:e:w 619.1706860
          b:c:n 623.1626631
          b:c:w 622.0583841
          b:n:w 1340.8899110
          e:c:n 4158.2594216
          e:c:w 4163.3481098
          e:n:w 5772.5013838
          c:n:w 4976.9267728
        b:e:c:n 1180.5017545
        b:e:c:w 1181.6060334
        b:e:n:w 1909.8978841
        b:c:n:w 1362.3496628
        e:c:n:w 46660.2624719
