########################################
# legofit: estimate population history #
#       version 2.3.4-4-g53f8760       #
########################################

# Program was compiled: Sep 21 2021 14:36:42
# Program was run: Thu Sep 23 12:53:06 2021

# cmd: legofit -1 -d 0 -t 32 --ptsPerDim 3 --stateOut b1boot46.state --tol 3e-6 -S 5000 ade2.lgo ../../chrX/boot_chrX/boot46.opf
# Stage nOptItr nSimReps
#     0    5000        0
# algorithm          : deterministic
# ignoring probs <=  : 0
# Branch length floor: 0
# DE strategy        : 2
#    F               : 0.3
#    CR              : 0.8
#    tolerance       : 3e-06
# nthreads           : 32
# lgo input file     : ade2.lgo
# site pat input file: ../../chrX/boot_chrX/boot46.opf
# free parameters    : 16
# points in DE swarm : 48
# output state file  : b1boot46.state
# Including singleton site patterns.
# cost function      : KL
Initial parameter values
Fixed:
      zero = 0
       one = 1
    Tbecnw = 75200
Free:
       pc1 = 0
       pc2 = 0
       pc3 = 0
       pc4 = 0
       pc5 = 0
       pc6 = 0
       pc7 = 0
       pc8 = 0
       pc9 = 0
      pc10 = 0
      pc11 = 0
      pc12 = 0
      pc13 = 0
      pc14 = 0
      pc15 = 0
      pc16 = 0
Constrained:
   Tgbecnw = 118889
     Tecnw = 25129.7
       Tnw = 21621.2
       Tec = 186.796
     twoNb = 1.85931e+06
     twoNe = 556388
     twoNc = 673056
     twoNw = 1.56426e+06
    twoNec = 166238
    twoNnw = 14703.1
  twoNecnw = 67372.7
  twoNbecnw = 14619.6
  twoNgbecnw = 236956
         m = 0.125839
        m4 = 0.0157782
        m5 = 0.0778027
        Ta = 37600
        Td = 93.398
        Te = 46.699
DiffEv reached_goal. cost=2.30634e-03 spread=2.87041e-06
Fitted parameter values
Free:
       pc1 = 1.44973
       pc2 = 3.94412
       pc3 = 0.569571
       pc4 = 1.6415
       pc5 = 1.69214
       pc6 = -0.344655
       pc7 = 0.382254
       pc8 = -0.581283
       pc9 = -0.39079
      pc10 = -1.73126
      pc11 = -0.358647
      pc12 = -0.0965477
      pc13 = -0.112199
      pc14 = -0.164666
      pc15 = 0.0999803
      pc16 = 0.0110309
Constrained:
   Tgbecnw = 99628
     Tecnw = 24066.3
       Tnw = 21280.7
       Tec = 233.193
     twoNb = 1.98204e+06
     twoNe = 1.19727e+06
     twoNc = 1.09531e+06
     twoNw = 4.2637e+06
    twoNec = 160391
    twoNnw = 11803.7
  twoNecnw = 66023.8
  twoNbecnw = 8495.89
  twoNgbecnw = 266181
         m = 0.105765
        m4 = 0.0145857
        m5 = 0.0837775
        Ta = 37600
        Td = 116.597
        Te = 58.2983
#       SitePat  BranchLen
              b 119069.3475141
              e 44681.6588986
              c 46498.4744266
              n 43808.1433072
              w 43792.4573459
            b:e 1216.7600358
            b:c 1445.0926464
            b:n 1072.6719494
            b:w 1071.9702554
            e:c 11630.7903918
            e:n 4562.4922098
            e:w 4578.1781711
            c:n 4193.4661815
            c:w 4189.9694836
            n:w 12185.4437540
          b:e:c 1321.1240283
          b:e:n 614.2403190
          b:e:w 614.9420129
          b:c:n 618.5410739
          b:c:w 617.7961313
          b:n:w 1307.9970190
          e:c:n 4212.7946907
          e:c:w 4216.2913885
          e:n:w 5708.2298370
          c:n:w 4919.8656073
        b:e:c:n 1172.3435485
        b:e:c:w 1173.0884912
        b:e:n:w 1833.4087524
        b:c:n:w 1326.7045259
        e:c:n:w 46939.6856879
