########################################
# legofit: estimate population history #
#       version 2.3.4-4-g53f8760       #
########################################

# Program was compiled: Sep 21 2021 14:36:42
# Program was run: Thu Sep 23 12:52:08 2021

# cmd: legofit -1 -d 0 -t 32 --ptsPerDim 3 --stateOut b1boot24.state --tol 3e-6 -S 5000 ade2.lgo ../../chrX/boot_chrX/boot24.opf
# Stage nOptItr nSimReps
#     0    5000        0
# algorithm          : deterministic
# ignoring probs <=  : 0
# Branch length floor: 0
# DE strategy        : 2
#    F               : 0.3
#    CR              : 0.8
#    tolerance       : 3e-06
# nthreads           : 32
# lgo input file     : ade2.lgo
# site pat input file: ../../chrX/boot_chrX/boot24.opf
# free parameters    : 16
# points in DE swarm : 48
# output state file  : b1boot24.state
# Including singleton site patterns.
# cost function      : KL
Initial parameter values
Fixed:
      zero = 0
       one = 1
    Tbecnw = 75200
Free:
       pc1 = 0
       pc2 = 0
       pc3 = 0
       pc4 = 0
       pc5 = 0
       pc6 = 0
       pc7 = 0
       pc8 = 0
       pc9 = 0
      pc10 = 0
      pc11 = 0
      pc12 = 0
      pc13 = 0
      pc14 = 0
      pc15 = 0
      pc16 = 0
Constrained:
   Tgbecnw = 118889
     Tecnw = 25129.7
       Tnw = 21621.2
       Tec = 186.796
     twoNb = 1.85931e+06
     twoNe = 556388
     twoNc = 673056
     twoNw = 1.56426e+06
    twoNec = 166238
    twoNnw = 14703.1
  twoNecnw = 67372.7
  twoNbecnw = 14619.6
  twoNgbecnw = 236956
         m = 0.125839
        m4 = 0.0157782
        m5 = 0.0778027
        Ta = 37600
        Td = 93.398
        Te = 46.699
DiffEv reached_goal. cost=2.45019e-03 spread=2.86909e-06
Fitted parameter values
Free:
       pc1 = 1.86725
       pc2 = 3.94756
       pc3 = -0.476697
       pc4 = 1.06055
       pc5 = 1.94825
       pc6 = -0.45076
       pc7 = 0.801855
       pc8 = -0.223501
       pc9 = -0.467622
      pc10 = -0.474023
      pc11 = 0.960661
      pc12 = -0.364355
      pc13 = -0.00728867
      pc14 = -0.169746
      pc15 = 0.0612869
      pc16 = 0.0135427
Constrained:
   Tgbecnw = 99502.4
     Tecnw = 24145.5
       Tnw = 22402.5
       Tec = 189.03
     twoNb = 2.43639e+06
     twoNe = 905133
     twoNc = 593871
     twoNw = 3.50593e+06
    twoNec = 157012
    twoNnw = 7260.89
  twoNecnw = 65241.1
  twoNbecnw = 8456.34
  twoNgbecnw = 274920
         m = 0.101111
        m4 = 0.0155461
        m5 = 0.0957472
        Ta = 37600
        Td = 94.5151
        Te = 47.2575
#       SitePat  BranchLen
              b 118994.4140789
              e 44474.0203302
              c 46493.1093667
              n 43773.9497109
              w 43751.3543293
            b:e 1233.4329549
            b:c 1479.0817761
            b:n 1088.9525260
            b:w 1087.9105648
            e:c 11652.6218487
            e:n 4567.0526086
            e:w 4589.6479902
            c:n 4163.7577858
            c:w 4158.6525171
            n:w 12086.2382872
          b:e:c 1347.5630278
          b:e:n 623.1647899
          b:e:w 624.2067512
          b:c:n 628.2229334
          b:c:w 627.1168179
          b:n:w 1333.9517671
          e:c:n 4225.0559437
          e:c:w 4230.1612124
          e:n:w 5810.0184584
          c:n:w 4922.5055976
        b:e:c:n 1189.3105386
        b:e:c:w 1190.4166541
        b:e:n:w 1895.3952292
        b:c:n:w 1344.4921615
        e:c:n:w 47035.5643900
