########################################
# legofit: estimate population history #
#       version 2.3.4-4-g53f8760       #
########################################

# Program was compiled: Sep 21 2021 14:36:42
# Program was run: Thu Sep 23 12:51:41 2021

# cmd: legofit -1 -d 0 -t 32 --ptsPerDim 3 --stateOut b1boot14.state --tol 3e-6 -S 5000 ade2.lgo ../../chrX/boot_chrX/boot14.opf
# Stage nOptItr nSimReps
#     0    5000        0
# algorithm          : deterministic
# ignoring probs <=  : 0
# Branch length floor: 0
# DE strategy        : 2
#    F               : 0.3
#    CR              : 0.8
#    tolerance       : 3e-06
# nthreads           : 32
# lgo input file     : ade2.lgo
# site pat input file: ../../chrX/boot_chrX/boot14.opf
# free parameters    : 16
# points in DE swarm : 48
# output state file  : b1boot14.state
# Including singleton site patterns.
# cost function      : KL
Initial parameter values
Fixed:
      zero = 0
       one = 1
    Tbecnw = 75200
Free:
       pc1 = 0
       pc2 = 0
       pc3 = 0
       pc4 = 0
       pc5 = 0
       pc6 = 0
       pc7 = 0
       pc8 = 0
       pc9 = 0
      pc10 = 0
      pc11 = 0
      pc12 = 0
      pc13 = 0
      pc14 = 0
      pc15 = 0
      pc16 = 0
Constrained:
   Tgbecnw = 118889
     Tecnw = 25129.7
       Tnw = 21621.2
       Tec = 186.796
     twoNb = 1.85931e+06
     twoNe = 556388
     twoNc = 673056
     twoNw = 1.56426e+06
    twoNec = 166238
    twoNnw = 14703.1
  twoNecnw = 67372.7
  twoNbecnw = 14619.6
  twoNgbecnw = 236956
         m = 0.125839
        m4 = 0.0157782
        m5 = 0.0778027
        Ta = 37600
        Td = 93.398
        Te = 46.699
DiffEv reached_goal. cost=2.18602e-03 spread=2.77666e-06
Fitted parameter values
Free:
       pc1 = 1.87032
       pc2 = 3.99246
       pc3 = 1.07777
       pc4 = -0.466968
       pc5 = 1.92151
       pc6 = -1.47561
       pc7 = 0.803245
       pc8 = -1.1891
       pc9 = -1.95314
      pc10 = -1.56594
      pc11 = 0.118831
      pc12 = -0.524997
      pc13 = -0.185032
      pc14 = -0.0423981
      pc15 = 0.0890303
      pc16 = -0.00843136
Constrained:
   Tgbecnw = 96597.6
     Tecnw = 23570.6
       Tnw = 22243.1
       Tec = 120.159
     twoNb = 2.52228e+06
     twoNe = 1.22849e+06
     twoNc = 609532
     twoNw = 3.04623e+06
    twoNec = 162304
    twoNnw = 5462
  twoNecnw = 64294.3
  twoNbecnw = 7290.43
  twoNgbecnw = 291814
         m = 0.0946565
        m4 = 0.014769
        m5 = 0.0631652
        Ta = 37600
        Td = 60.0794
        Te = 30.0397
#       SitePat  BranchLen
              b 117906.6665713
              e 44098.5662299
              c 45668.5917535
              n 43058.1538323
              w 43041.4660829
            b:e 1193.1274454
            b:c 1392.1043744
            b:n 1032.8486522
            b:w 1032.1037625
            e:c 11553.4924294
            e:n 4427.6755192
            e:w 4444.3632685
            c:n 4134.1082037
            c:w 4130.3013077
            n:w 12099.4726615
          b:e:c 1295.1180676
          b:e:n 590.2727153
          b:e:w 591.0176049
          b:c:n 594.3565724
          b:c:w 593.5656507
          b:n:w 1281.1774329
          e:c:n 4161.1528529
          e:c:w 4164.9597490
          e:n:w 5645.6420925
          c:n:w 4969.6469793
        b:e:c:n 1129.0689353
        b:e:c:w 1129.8598570
        b:e:n:w 1792.7504140
        b:c:n:w 1300.7403174
        e:c:n:w 46637.7113228
