########################################
# legofit: estimate population history #
#       version 2.3.4-4-g53f8760       #
########################################

# Program was compiled: Sep 21 2021 14:36:42
# Program was run: Thu Sep 23 12:51:46 2021

# cmd: legofit -1 -d 0 -t 32 --ptsPerDim 3 --stateOut b1boot15.state --tol 3e-6 -S 5000 ade2.lgo ../../chrX/boot_chrX/boot15.opf
# Stage nOptItr nSimReps
#     0    5000        0
# algorithm          : deterministic
# ignoring probs <=  : 0
# Branch length floor: 0
# DE strategy        : 2
#    F               : 0.3
#    CR              : 0.8
#    tolerance       : 3e-06
# nthreads           : 32
# lgo input file     : ade2.lgo
# site pat input file: ../../chrX/boot_chrX/boot15.opf
# free parameters    : 16
# points in DE swarm : 48
# output state file  : b1boot15.state
# Including singleton site patterns.
# cost function      : KL
Initial parameter values
Fixed:
      zero = 0
       one = 1
    Tbecnw = 75200
Free:
       pc1 = 0
       pc2 = 0
       pc3 = 0
       pc4 = 0
       pc5 = 0
       pc6 = 0
       pc7 = 0
       pc8 = 0
       pc9 = 0
      pc10 = 0
      pc11 = 0
      pc12 = 0
      pc13 = 0
      pc14 = 0
      pc15 = 0
      pc16 = 0
Constrained:
   Tgbecnw = 118889
     Tecnw = 25129.7
       Tnw = 21621.2
       Tec = 186.796
     twoNb = 1.85931e+06
     twoNe = 556388
     twoNc = 673056
     twoNw = 1.56426e+06
    twoNec = 166238
    twoNnw = 14703.1
  twoNecnw = 67372.7
  twoNbecnw = 14619.6
  twoNgbecnw = 236956
         m = 0.125839
        m4 = 0.0157782
        m5 = 0.0778027
        Ta = 37600
        Td = 93.398
        Te = 46.699
DiffEv reached_goal. cost=2.25469e-03 spread=2.86308e-06
Fitted parameter values
Free:
       pc1 = 1.19394
       pc2 = 3.96602
       pc3 = 0.974493
       pc4 = 0.988727
       pc5 = 1.95672
       pc6 = 0.281725
       pc7 = 0.639755
       pc8 = -1.4552
       pc9 = -1.07275
      pc10 = -0.324429
      pc11 = 0.127302
      pc12 = -0.075515
      pc13 = 0.331903
      pc14 = 0.157547
      pc15 = -0.00510562
      pc16 = -0.0643588
Constrained:
   Tgbecnw = 97992.7
     Tecnw = 23939.5
       Tnw = 21468.6
       Tec = 37.3366
     twoNb = 2.86796e+06
     twoNe = 790463
     twoNc = 1.33018e+06
     twoNw = 3.18062e+06
    twoNec = 164862
    twoNnw = 10048.4
  twoNecnw = 64243.6
  twoNbecnw = 8348.55
  twoNgbecnw = 262547
         m = 0.0996635
        m4 = 0.0143178
        m5 = 0.0868511
        Ta = 37600
        Td = 18.6683
        Te = 9.33416
#       SitePat  BranchLen
              b 118079.6254971
              e 44447.2279395
              c 46315.6208458
              n 43282.6457174
              w 43260.9577141
            b:e 1318.0127029
            b:c 1548.4356981
            b:n 1140.9714867
            b:w 1139.9213780
            e:c 11593.7194419
            e:n 4581.2218524
            e:w 4602.9098557
            c:n 4207.8104930
            c:w 4202.8565197
            n:w 12332.0650875
          b:e:c 1426.4230813
          b:e:n 657.1595847
          b:e:w 658.2096933
          b:c:n 662.1461068
          b:c:w 661.0317653
          b:n:w 1410.9847946
          e:c:n 4275.0199179
          e:c:w 4279.9738913
          e:n:w 5937.8884513
          c:n:w 5101.3098304
        b:e:c:n 1245.9727862
        b:e:c:w 1247.0871278
        b:e:n:w 1932.2115370
        b:c:n:w 1435.6302172
        e:c:n:w 46360.7857341
