########################################
# legofit: estimate population history #
#       version 2.3.4-4-g53f8760       #
########################################

# Program was compiled: Sep 21 2021 14:36:42
# Program was run: Thu Sep 23 12:51:12 2021

# cmd: legofit -1 -d 0 -t 32 --ptsPerDim 3 --stateOut b1boot3.state --tol 3e-6 -S 5000 ade2.lgo ../../chrX/boot_chrX/boot3.opf
# Stage nOptItr nSimReps
#     0    5000        0
# algorithm          : deterministic
# ignoring probs <=  : 0
# Branch length floor: 0
# DE strategy        : 2
#    F               : 0.3
#    CR              : 0.8
#    tolerance       : 3e-06
# nthreads           : 32
# lgo input file     : ade2.lgo
# site pat input file: ../../chrX/boot_chrX/boot3.opf
# free parameters    : 16
# points in DE swarm : 48
# output state file  : b1boot3.state
# Including singleton site patterns.
# cost function      : KL
Initial parameter values
Fixed:
      zero = 0
       one = 1
    Tbecnw = 75200
Free:
       pc1 = 0
       pc2 = 0
       pc3 = 0
       pc4 = 0
       pc5 = 0
       pc6 = 0
       pc7 = 0
       pc8 = 0
       pc9 = 0
      pc10 = 0
      pc11 = 0
      pc12 = 0
      pc13 = 0
      pc14 = 0
      pc15 = 0
      pc16 = 0
Constrained:
   Tgbecnw = 118889
     Tecnw = 25129.7
       Tnw = 21621.2
       Tec = 186.796
     twoNb = 1.85931e+06
     twoNe = 556388
     twoNc = 673056
     twoNw = 1.56426e+06
    twoNec = 166238
    twoNnw = 14703.1
  twoNecnw = 67372.7
  twoNbecnw = 14619.6
  twoNgbecnw = 236956
         m = 0.125839
        m4 = 0.0157782
        m5 = 0.0778027
        Ta = 37600
        Td = 93.398
        Te = 46.699
DiffEv reached_goal. cost=2.40156e-03 spread=2.90178e-06
Fitted parameter values
Free:
       pc1 = 1.98896
       pc2 = 3.99881
       pc3 = 0.780049
       pc4 = 0.236993
       pc5 = 1.99306
       pc6 = -0.72482
       pc7 = 0.89342
       pc8 = 0.86933
       pc9 = -0.538892
      pc10 = -0.561327
      pc11 = 1.11873
      pc12 = -0.569968
      pc13 = 0.086179
      pc14 = -0.14113
      pc15 = 0.179942
      pc16 = -0.0138989
Constrained:
   Tgbecnw = 95560.3
     Tecnw = 24002.6
       Tnw = 21955.3
       Tec = 46.7017
     twoNb = 2.22857e+06
     twoNe = 636344
     twoNc = 337414
     twoNw = 3.3763e+06
    twoNec = 157292
    twoNnw = 8577.66
  twoNecnw = 64832.8
  twoNbecnw = 7238.11
  twoNgbecnw = 262124
         m = 0.10612
        m4 = 0.0169053
        m5 = 0.0836826
        Ta = 37600
        Td = 23.3509
        Te = 11.6754
#       SitePat  BranchLen
              b 117970.9515526
              e 44233.1039448
              c 46152.9089111
              n 43519.2134063
              w 43499.1330436
            b:e 1192.8664750
            b:c 1440.5964624
            b:n 1052.8266698
            b:w 1051.9301133
            e:c 11622.5314849
            e:n 4493.1941385
            e:w 4513.2745013
            c:n 4118.3472429
            c:w 4113.8510001
            n:w 12045.9355002
          b:e:c 1307.0338926
          b:e:n 600.9878636
          b:e:w 601.8844201
          b:c:n 605.9269515
          b:c:w 604.9734697
          b:n:w 1293.2976754
          e:c:n 4175.5546045
          e:c:w 4180.0508473
          e:n:w 5700.3525930
          c:n:w 4865.4646288
        b:e:c:n 1152.8935842
        b:e:c:w 1153.8470660
        b:e:n:w 1869.9854745
        b:c:n:w 1303.5805569
        e:c:n:w 46406.0215246
