########################################
# legofit: estimate population history #
#       version 2.3.4-4-g53f8760       #
########################################

# Program was compiled: Sep 21 2021 14:36:42
# Program was run: Thu Sep 23 12:51:46 2021

# cmd: legofit -1 -d 0 -t 32 --ptsPerDim 3 --stateOut b1boot16.state --tol 3e-6 -S 5000 ade2.lgo ../../chrX/boot_chrX/boot16.opf
# Stage nOptItr nSimReps
#     0    5000        0
# algorithm          : deterministic
# ignoring probs <=  : 0
# Branch length floor: 0
# DE strategy        : 2
#    F               : 0.3
#    CR              : 0.8
#    tolerance       : 3e-06
# nthreads           : 32
# lgo input file     : ade2.lgo
# site pat input file: ../../chrX/boot_chrX/boot16.opf
# free parameters    : 16
# points in DE swarm : 48
# output state file  : b1boot16.state
# Including singleton site patterns.
# cost function      : KL
Initial parameter values
Fixed:
      zero = 0
       one = 1
    Tbecnw = 75200
Free:
       pc1 = 0
       pc2 = 0
       pc3 = 0
       pc4 = 0
       pc5 = 0
       pc6 = 0
       pc7 = 0
       pc8 = 0
       pc9 = 0
      pc10 = 0
      pc11 = 0
      pc12 = 0
      pc13 = 0
      pc14 = 0
      pc15 = 0
      pc16 = 0
Constrained:
   Tgbecnw = 118889
     Tecnw = 25129.7
       Tnw = 21621.2
       Tec = 186.796
     twoNb = 1.85931e+06
     twoNe = 556388
     twoNc = 673056
     twoNw = 1.56426e+06
    twoNec = 166238
    twoNnw = 14703.1
  twoNecnw = 67372.7
  twoNbecnw = 14619.6
  twoNgbecnw = 236956
         m = 0.125839
        m4 = 0.0157782
        m5 = 0.0778027
        Ta = 37600
        Td = 93.398
        Te = 46.699
DiffEv reached_goal. cost=2.40333e-03 spread=2.51882e-06
Fitted parameter values
Free:
       pc1 = 1.96996
       pc2 = 3.97578
       pc3 = 0.706136
       pc4 = 1.45348
       pc5 = 1.93201
       pc6 = -0.0722267
       pc7 = 0.467105
       pc8 = -1.20725
       pc9 = -0.96271
      pc10 = -0.0133721
      pc11 = 1.01924
      pc12 = -0.887453
      pc13 = 0.262674
      pc14 = -0.179616
      pc15 = 0.225791
      pc16 = -0.0907368
Constrained:
   Tgbecnw = 93883.5
     Tecnw = 24267.7
       Tnw = 22235.2
       Tec = 21.5234
     twoNb = 2.78046e+06
     twoNe = 975714
     twoNc = 1.04976e+06
     twoNw = 3.00613e+06
    twoNec = 160277
    twoNnw = 7965.22
  twoNecnw = 64026.8
  twoNbecnw = 6967.44
  twoNgbecnw = 242499
         m = 0.113153
        m4 = 0.0146544
        m5 = 0.0930928
        Ta = 37600
        Td = 10.7617
        Te = 5.38085
#       SitePat  BranchLen
              b 117755.9280674
              e 44300.3678886
              c 46270.1030014
              n 43245.1511899
              w 43220.0546191
            b:e 1226.3407672
            b:c 1466.7141559
            b:n 1058.4340760
            b:w 1057.2918855
            e:c 11588.0917891
            e:n 4452.4569872
            e:w 4477.5535580
            c:n 4059.6589120
            c:w 4054.0435941
            n:w 12250.1885718
          b:e:c 1347.3970802
          b:e:n 606.8895454
          b:e:w 608.0317359
          b:c:n 611.9333817
          b:c:w 610.7191687
          b:n:w 1332.2516792
          e:c:n 4127.5232742
          e:c:w 4133.1385921
          e:n:w 5834.8180484
          c:n:w 4944.1531541
        b:e:c:n 1158.3996691
        b:e:c:w 1159.6138821
        b:e:n:w 1849.6313508
        b:c:n:w 1338.7643284
        e:c:n:w 46318.0867903
