########################################
# legofit: estimate population history #
#       version 2.3.4-4-g53f8760       #
########################################

# Program was compiled: Sep 21 2021 14:36:42
# Program was run: Thu Sep 23 12:51:29 2021

# cmd: legofit -1 -d 0 -t 32 --ptsPerDim 3 --stateOut b1boot10.state --tol 3e-6 -S 5000 ade2.lgo ../../chrX/boot_chrX/boot10.opf
# Stage nOptItr nSimReps
#     0    5000        0
# algorithm          : deterministic
# ignoring probs <=  : 0
# Branch length floor: 0
# DE strategy        : 2
#    F               : 0.3
#    CR              : 0.8
#    tolerance       : 3e-06
# nthreads           : 32
# lgo input file     : ade2.lgo
# site pat input file: ../../chrX/boot_chrX/boot10.opf
# free parameters    : 16
# points in DE swarm : 48
# output state file  : b1boot10.state
# Including singleton site patterns.
# cost function      : KL
Initial parameter values
Fixed:
      zero = 0
       one = 1
    Tbecnw = 75200
Free:
       pc1 = 0
       pc2 = 0
       pc3 = 0
       pc4 = 0
       pc5 = 0
       pc6 = 0
       pc7 = 0
       pc8 = 0
       pc9 = 0
      pc10 = 0
      pc11 = 0
      pc12 = 0
      pc13 = 0
      pc14 = 0
      pc15 = 0
      pc16 = 0
Constrained:
   Tgbecnw = 118889
     Tecnw = 25129.7
       Tnw = 21621.2
       Tec = 186.796
     twoNb = 1.85931e+06
     twoNe = 556388
     twoNc = 673056
     twoNw = 1.56426e+06
    twoNec = 166238
    twoNnw = 14703.1
  twoNecnw = 67372.7
  twoNbecnw = 14619.6
  twoNgbecnw = 236956
         m = 0.125839
        m4 = 0.0157782
        m5 = 0.0778027
        Ta = 37600
        Td = 93.398
        Te = 46.699
DiffEv reached_goal. cost=2.21111e-03 spread=2.16616e-06
Fitted parameter values
Free:
       pc1 = 1.56997
       pc2 = 3.99721
       pc3 = 0.722295
       pc4 = 1.02897
       pc5 = 1.98799
       pc6 = -1.55929
       pc7 = 0.664628
       pc8 = -0.251148
       pc9 = -0.985083
      pc10 = -0.579534
      pc11 = -0.0341991
      pc12 = -0.467628
      pc13 = 0.0722175
      pc14 = 0.0552423
      pc15 = 0.0929021
      pc16 = 0.0268526
Constrained:
   Tgbecnw = 97287.6
     Tecnw = 23819.9
       Tnw = 21298.6
       Tec = 11.402
     twoNb = 2.55184e+06
     twoNe = 1.20075e+06
     twoNc = 364821
     twoNw = 3.31997e+06
    twoNec = 157113
    twoNnw = 10918.4
  twoNecnw = 65421.5
  twoNbecnw = 7873.96
  twoNgbecnw = 267681
         m = 0.104178
        m4 = 0.0149695
        m5 = 0.0812558
        Ta = 37600
        Td = 5.70099
        Te = 2.85049
#       SitePat  BranchLen
              b 118842.7940266
              e 44290.9540229
              c 46084.8524167
              n 43664.6115126
              w 43645.0773694
            b:e 1246.8525242
            b:c 1472.5405879
            b:n 1111.3900764
            b:w 1110.4834857
            e:c 11736.3655569
            e:n 4573.4284493
            e:w 4592.9625924
            c:n 4217.0888199
            c:w 4212.6703926
            n:w 12093.5311586
          b:e:c 1359.9515108
          b:e:n 633.5871354
          b:e:w 634.4937261
          b:c:n 638.2452357
          b:c:w 637.2817314
          b:n:w 1346.9938042
          e:c:n 4287.3607193
          e:c:w 4291.7791466
          e:n:w 5711.0243065
          c:n:w 4936.8298278
        b:e:c:n 1216.2774370
        b:e:c:w 1217.2409413
        b:e:n:w 1878.1160015
        b:c:n:w 1361.9095861
        e:c:n:w 47037.7639004
