########################################
# legofit: estimate population history #
#       version 2.3.4-4-g53f8760       #
########################################

# Program was compiled: Sep 21 2021 14:36:42
# Program was run: Thu Sep 23 12:51:26 2021

# cmd: legofit -1 -d 0 -t 32 --ptsPerDim 3 --stateOut b1boot6.state --tol 3e-6 -S 5000 ade2.lgo ../../chrX/boot_chrX/boot6.opf
# Stage nOptItr nSimReps
#     0    5000        0
# algorithm          : deterministic
# ignoring probs <=  : 0
# Branch length floor: 0
# DE strategy        : 2
#    F               : 0.3
#    CR              : 0.8
#    tolerance       : 3e-06
# nthreads           : 32
# lgo input file     : ade2.lgo
# site pat input file: ../../chrX/boot_chrX/boot6.opf
# free parameters    : 16
# points in DE swarm : 48
# output state file  : b1boot6.state
# Including singleton site patterns.
# cost function      : KL
Initial parameter values
Fixed:
      zero = 0
       one = 1
    Tbecnw = 75200
Free:
       pc1 = 0
       pc2 = 0
       pc3 = 0
       pc4 = 0
       pc5 = 0
       pc6 = 0
       pc7 = 0
       pc8 = 0
       pc9 = 0
      pc10 = 0
      pc11 = 0
      pc12 = 0
      pc13 = 0
      pc14 = 0
      pc15 = 0
      pc16 = 0
Constrained:
   Tgbecnw = 118889
     Tecnw = 25129.7
       Tnw = 21621.2
       Tec = 186.796
     twoNb = 1.85931e+06
     twoNe = 556388
     twoNc = 673056
     twoNw = 1.56426e+06
    twoNec = 166238
    twoNnw = 14703.1
  twoNecnw = 67372.7
  twoNbecnw = 14619.6
  twoNgbecnw = 236956
         m = 0.125839
        m4 = 0.0157782
        m5 = 0.0778027
        Ta = 37600
        Td = 93.398
        Te = 46.699
DiffEv reached_goal. cost=2.20616e-03 spread=2.57030e-06
Fitted parameter values
Free:
       pc1 = 1.08843
       pc2 = 3.95364
       pc3 = 0.470023
       pc4 = 1.36911
       pc5 = 1.83648
       pc6 = -0.390268
       pc7 = -0.200884
       pc8 = -1.37813
       pc9 = -1.41136
      pc10 = -1.68085
      pc11 = 0.994958
      pc12 = -0.124648
      pc13 = 0.167218
      pc14 = 0.221687
      pc15 = 0.057914
      pc16 = -0.0317259
Constrained:
   Tgbecnw = 98233.8
     Tecnw = 24090.5
       Tnw = 21811.7
       Tec = 420.735
     twoNb = 2.2906e+06
     twoNe = 1.39098e+06
     twoNc = 992274
     twoNw = 3.53851e+06
    twoNec = 165263
    twoNnw = 9600.1
  twoNecnw = 62084.5
  twoNbecnw = 8188.95
  twoNgbecnw = 265962
         m = 0.101981
        m4 = 0.0143896
        m5 = 0.0856001
        Ta = 37600
        Td = 210.368
        Te = 105.184
#       SitePat  BranchLen
              b 118526.4161973
              e 44105.8540650
              c 45912.6201893
              n 43134.7071344
              w 43115.4881027
            b:e 1214.5904802
            b:c 1440.2521089
            b:n 1061.1326311
            b:w 1060.2574754
            e:c 11296.4807371
            e:n 4525.5768466
            e:w 4544.7958783
            c:n 4168.1071878
            c:w 4163.7082621
            n:w 11886.6961731
          b:e:c 1302.5307933
          b:e:n 610.6247412
          b:e:w 611.4998969
          b:c:n 615.0791475
          b:c:w 614.1535889
          b:n:w 1289.4709499
          e:c:n 4234.8964427
          e:c:w 4239.2953684
          e:n:w 5802.0612805
          c:n:w 4996.9155535
        b:e:c:n 1152.9599056
        b:e:c:w 1153.8854642
        b:e:n:w 1812.6569027
        b:c:n:w 1316.8239061
        e:c:n:w 47174.6255339
