########################################
# legofit: estimate population history #
#       version 2.3.4-4-g53f8760       #
########################################

# Program was compiled: Sep 21 2021 14:36:42
# Program was run: Thu Sep 23 12:52:35 2021

# cmd: legofit -1 -d 0 -t 32 --ptsPerDim 3 --stateOut b1boot35.state --tol 3e-6 -S 5000 ade2.lgo ../../chrX/boot_chrX/boot35.opf
# Stage nOptItr nSimReps
#     0    5000        0
# algorithm          : deterministic
# ignoring probs <=  : 0
# Branch length floor: 0
# DE strategy        : 2
#    F               : 0.3
#    CR              : 0.8
#    tolerance       : 3e-06
# nthreads           : 32
# lgo input file     : ade2.lgo
# site pat input file: ../../chrX/boot_chrX/boot35.opf
# free parameters    : 16
# points in DE swarm : 48
# output state file  : b1boot35.state
# Including singleton site patterns.
# cost function      : KL
Initial parameter values
Fixed:
      zero = 0
       one = 1
    Tbecnw = 75200
Free:
       pc1 = 0
       pc2 = 0
       pc3 = 0
       pc4 = 0
       pc5 = 0
       pc6 = 0
       pc7 = 0
       pc8 = 0
       pc9 = 0
      pc10 = 0
      pc11 = 0
      pc12 = 0
      pc13 = 0
      pc14 = 0
      pc15 = 0
      pc16 = 0
Constrained:
   Tgbecnw = 118889
     Tecnw = 25129.7
       Tnw = 21621.2
       Tec = 186.796
     twoNb = 1.85931e+06
     twoNe = 556388
     twoNc = 673056
     twoNw = 1.56426e+06
    twoNec = 166238
    twoNnw = 14703.1
  twoNecnw = 67372.7
  twoNbecnw = 14619.6
  twoNgbecnw = 236956
         m = 0.125839
        m4 = 0.0157782
        m5 = 0.0778027
        Ta = 37600
        Td = 93.398
        Te = 46.699
DiffEv reached_goal. cost=2.43671e-03 spread=2.86319e-06
Fitted parameter values
Free:
       pc1 = 1.975
       pc2 = 3.96095
       pc3 = 0.641797
       pc4 = 0.307744
       pc5 = 1.94419
       pc6 = -0.0209361
       pc7 = 1.0147
       pc8 = -1.147
       pc9 = -0.63963
      pc10 = -0.441894
      pc11 = 0.0140432
      pc12 = 0.0979284
      pc13 = -0.290522
      pc14 = -0.326794
      pc15 = 0.122249
      pc16 = 0.0372482
Constrained:
   Tgbecnw = 98352.5
     Tecnw = 23837.3
       Tnw = 22116.6
       Tec = 61.7319
     twoNb = 2.69306e+06
     twoNe = 750497
     twoNc = 1.19578e+06
     twoNw = 3.23304e+06
    twoNec = 162980
    twoNnw = 7313.15
  twoNecnw = 66887.7
  twoNbecnw = 7837.37
  twoNgbecnw = 288911
         m = 0.102069
        m4 = 0.0150307
        m5 = 0.0839977
        Ta = 37600
        Td = 30.866
        Te = 15.433
#       SitePat  BranchLen
              b 119836.2454867
              e 44689.9865703
              c 46545.2148766
              n 43835.4398193
              w 43814.0671065
            b:e 1209.4225699
            b:c 1432.2131412
            b:n 1063.1747967
            b:w 1062.2160715
            e:c 11541.7514842
            e:n 4566.4499797
            e:w 4587.8226924
            c:n 4201.4679573
            c:w 4196.6770630
            n:w 12066.4552057
          b:e:c 1308.8604554
          b:e:n 612.1825714
          b:e:w 613.1412966
          b:c:n 616.7754603
          b:c:w 615.7553339
          b:n:w 1295.2346002
          e:c:n 4170.5453807
          e:c:w 4175.3362750
          e:n:w 5680.6807007
          c:n:w 4891.5340397
        b:e:c:n 1165.8795652
        b:e:c:w 1166.8996916
        b:e:n:w 1863.0908017
        b:c:n:w 1323.1391563
        e:c:n:w 47832.1811182
