########################################
# legofit: estimate population history #
#       version 2.3.4-4-g53f8760       #
########################################

# Program was compiled: Sep 21 2021 14:36:42
# Program was run: Thu Sep 23 12:52:13 2021

# cmd: legofit -1 -d 0 -t 32 --ptsPerDim 3 --stateOut b1boot26.state --tol 3e-6 -S 5000 ade2.lgo ../../chrX/boot_chrX/boot26.opf
# Stage nOptItr nSimReps
#     0    5000        0
# algorithm          : deterministic
# ignoring probs <=  : 0
# Branch length floor: 0
# DE strategy        : 2
#    F               : 0.3
#    CR              : 0.8
#    tolerance       : 3e-06
# nthreads           : 32
# lgo input file     : ade2.lgo
# site pat input file: ../../chrX/boot_chrX/boot26.opf
# free parameters    : 16
# points in DE swarm : 48
# output state file  : b1boot26.state
# Including singleton site patterns.
# cost function      : KL
Initial parameter values
Fixed:
      zero = 0
       one = 1
    Tbecnw = 75200
Free:
       pc1 = 0
       pc2 = 0
       pc3 = 0
       pc4 = 0
       pc5 = 0
       pc6 = 0
       pc7 = 0
       pc8 = 0
       pc9 = 0
      pc10 = 0
      pc11 = 0
      pc12 = 0
      pc13 = 0
      pc14 = 0
      pc15 = 0
      pc16 = 0
Constrained:
   Tgbecnw = 118889
     Tecnw = 25129.7
       Tnw = 21621.2
       Tec = 186.796
     twoNb = 1.85931e+06
     twoNe = 556388
     twoNc = 673056
     twoNw = 1.56426e+06
    twoNec = 166238
    twoNnw = 14703.1
  twoNecnw = 67372.7
  twoNbecnw = 14619.6
  twoNgbecnw = 236956
         m = 0.125839
        m4 = 0.0157782
        m5 = 0.0778027
        Ta = 37600
        Td = 93.398
        Te = 46.699
DiffEv reached_goal. cost=2.32294e-03 spread=2.82769e-06
Fitted parameter values
Free:
       pc1 = 1.91694
       pc2 = 3.98412
       pc3 = 1.61463
       pc4 = -0.733003
       pc5 = 1.89313
       pc6 = -0.0105471
       pc7 = 0.123248
       pc8 = -0.632645
       pc9 = -0.785181
      pc10 = -0.855776
      pc11 = 0.424613
      pc12 = -0.197394
      pc13 = 0.111981
      pc14 = -0.176828
      pc15 = 0.114055
      pc16 = -0.0536435
Constrained:
   Tgbecnw = 95175
     Tecnw = 23755.7
       Tnw = 21805.5
       Tec = 207.098
     twoNb = 2.53672e+06
     twoNe = 716273
     twoNc = 1.32452e+06
     twoNw = 2.79374e+06
    twoNec = 163886
    twoNnw = 8063.88
  twoNecnw = 65013.9
  twoNbecnw = 7255.19
  twoNgbecnw = 264511
         m = 0.102602
        m4 = 0.0163655
        m5 = 0.0714871
        Ta = 37600
        Td = 103.549
        Te = 51.7745
#       SitePat  BranchLen
              b 117855.9363384
              e 44477.3561509
              c 46236.6576658
              n 43357.8810733
              w 43337.3865628
            b:e 1274.3725369
            b:c 1507.5983809
            b:n 1104.5871390
            b:w 1103.6223404
            e:c 11557.2907763
            e:n 4518.3741799
            e:w 4538.8686904
            c:n 4183.8645967
            c:w 4179.2094684
            n:w 12228.3240994
          b:e:c 1381.0623209
          b:e:n 635.4220467
          b:e:w 636.3868453
          b:c:n 640.3778932
          b:c:w 639.3511085
          b:n:w 1365.3668113
          e:c:n 4211.6344787
          e:c:w 4216.2896070
          e:n:w 5786.0347099
          c:n:w 5019.7354552
        b:e:c:n 1211.4227982
        b:e:c:w 1212.4495829
        b:e:n:w 1933.9190210
        b:c:n:w 1393.9394425
        e:c:n:w 46304.9310308
