########################################
# legofit: estimate population history #
#       version 2.3.4-4-g53f8760       #
########################################

# Program was compiled: Sep 21 2021 14:36:42
# Program was run: Thu Sep 23 12:51:41 2021

# cmd: legofit -1 -d 0 -t 32 --ptsPerDim 3 --stateOut b1boot13.state --tol 3e-6 -S 5000 ade2.lgo ../../chrX/boot_chrX/boot13.opf
# Stage nOptItr nSimReps
#     0    5000        0
# algorithm          : deterministic
# ignoring probs <=  : 0
# Branch length floor: 0
# DE strategy        : 2
#    F               : 0.3
#    CR              : 0.8
#    tolerance       : 3e-06
# nthreads           : 32
# lgo input file     : ade2.lgo
# site pat input file: ../../chrX/boot_chrX/boot13.opf
# free parameters    : 16
# points in DE swarm : 48
# output state file  : b1boot13.state
# Including singleton site patterns.
# cost function      : KL
Initial parameter values
Fixed:
      zero = 0
       one = 1
    Tbecnw = 75200
Free:
       pc1 = 0
       pc2 = 0
       pc3 = 0
       pc4 = 0
       pc5 = 0
       pc6 = 0
       pc7 = 0
       pc8 = 0
       pc9 = 0
      pc10 = 0
      pc11 = 0
      pc12 = 0
      pc13 = 0
      pc14 = 0
      pc15 = 0
      pc16 = 0
Constrained:
   Tgbecnw = 118889
     Tecnw = 25129.7
       Tnw = 21621.2
       Tec = 186.796
     twoNb = 1.85931e+06
     twoNe = 556388
     twoNc = 673056
     twoNw = 1.56426e+06
    twoNec = 166238
    twoNnw = 14703.1
  twoNecnw = 67372.7
  twoNbecnw = 14619.6
  twoNgbecnw = 236956
         m = 0.125839
        m4 = 0.0157782
        m5 = 0.0778027
        Ta = 37600
        Td = 93.398
        Te = 46.699
DiffEv reached_goal. cost=2.42435e-03 spread=2.93857e-06
Fitted parameter values
Free:
       pc1 = 1.95655
       pc2 = 3.96092
       pc3 = -0.755745
       pc4 = 1.44126
       pc5 = 1.95261
       pc6 = 0.0202641
       pc7 = 0.746427
       pc8 = -0.00940926
       pc9 = -0.430621
      pc10 = 0.241788
      pc11 = 0.667934
      pc12 = -0.779957
      pc13 = 0.0233099
      pc14 = -0.207028
      pc15 = 0.105396
      pc16 = -0.0172026
Constrained:
   Tgbecnw = 99570.5
     Tecnw = 24353.7
       Tnw = 22364.4
       Tec = 153.189
     twoNb = 2.78915e+06
     twoNe = 663430
     twoNc = 688819
     twoNw = 3.5154e+06
    twoNec = 153047
    twoNnw = 8030.83
  twoNecnw = 65633.9
  twoNbecnw = 8599.37
  twoNgbecnw = 261580
         m = 0.10908
        m4 = 0.015291
        m5 = 0.100514
        Ta = 37600
        Td = 76.5947
        Te = 38.2973
#       SitePat  BranchLen
              b 119736.1925827
              e 44536.9004878
              c 46645.3092369
              n 43840.7056912
              w 43817.0419924
            b:e 1228.0019083
            b:c 1479.2828313
            b:n 1081.8837257
            b:w 1080.8033870
            e:c 11825.4337295
            e:n 4536.4052875
            e:w 4560.0689864
            c:n 4112.4472910
            c:w 4107.1565430
            n:w 12269.5334184
          b:e:c 1357.3520715
          b:e:n 615.8729293
          b:e:w 616.9532680
          b:c:n 620.8111531
          b:c:w 619.6644540
          b:n:w 1343.8929487
          e:c:n 4201.9844887
          e:c:w 4207.2752367
          e:n:w 5840.7289695
          c:n:w 4906.9920399
        b:e:c:n 1181.2309762
        b:e:c:w 1182.3776753
        b:e:n:w 1894.8289873
        b:c:n:w 1338.0970955
        e:c:n:w 47591.8311714
