########################################
# legofit: estimate population history #
#       version 2.3.4-4-g53f8760       #
########################################

# Program was compiled: Sep 21 2021 14:36:42
# Program was run: Thu Sep 23 12:51:39 2021

# cmd: legofit -1 -d 0 -t 32 --ptsPerDim 3 --stateOut b1boot12.state --tol 3e-6 -S 5000 ade2.lgo ../../chrX/boot_chrX/boot12.opf
# Stage nOptItr nSimReps
#     0    5000        0
# algorithm          : deterministic
# ignoring probs <=  : 0
# Branch length floor: 0
# DE strategy        : 2
#    F               : 0.3
#    CR              : 0.8
#    tolerance       : 3e-06
# nthreads           : 32
# lgo input file     : ade2.lgo
# site pat input file: ../../chrX/boot_chrX/boot12.opf
# free parameters    : 16
# points in DE swarm : 48
# output state file  : b1boot12.state
# Including singleton site patterns.
# cost function      : KL
Initial parameter values
Fixed:
      zero = 0
       one = 1
    Tbecnw = 75200
Free:
       pc1 = 0
       pc2 = 0
       pc3 = 0
       pc4 = 0
       pc5 = 0
       pc6 = 0
       pc7 = 0
       pc8 = 0
       pc9 = 0
      pc10 = 0
      pc11 = 0
      pc12 = 0
      pc13 = 0
      pc14 = 0
      pc15 = 0
      pc16 = 0
Constrained:
   Tgbecnw = 118889
     Tecnw = 25129.7
       Tnw = 21621.2
       Tec = 186.796
     twoNb = 1.85931e+06
     twoNe = 556388
     twoNc = 673056
     twoNw = 1.56426e+06
    twoNec = 166238
    twoNnw = 14703.1
  twoNecnw = 67372.7
  twoNbecnw = 14619.6
  twoNgbecnw = 236956
         m = 0.125839
        m4 = 0.0157782
        m5 = 0.0778027
        Ta = 37600
        Td = 93.398
        Te = 46.699
DiffEv reached_goal. cost=2.43596e-03 spread=2.14899e-06
Fitted parameter values
Free:
       pc1 = 1.47943
       pc2 = 3.99841
       pc3 = 0.0754609
       pc4 = 0.76291
       pc5 = 1.9406
       pc6 = -1.09899
       pc7 = 0.938935
       pc8 = -0.0606743
       pc9 = -1.91788
      pc10 = -0.364983
      pc11 = 0.336348
      pc12 = -1.02057
      pc13 = -0.0692449
      pc14 = -0.0635047
      pc15 = 0.114674
      pc16 = 0.00714703
Constrained:
   Tgbecnw = 97896.6
     Tecnw = 24110.6
       Tnw = 22058.6
       Tec = 82.9094
     twoNb = 2.87944e+06
     twoNe = 831881
     twoNc = 144095
     twoNw = 3.31347e+06
    twoNec = 155089
    twoNnw = 8520.63
  twoNecnw = 63852.7
  twoNbecnw = 7910.99
  twoNgbecnw = 277369
         m = 0.100929
        m4 = 0.0146277
        m5 = 0.0796915
        Ta = 37600
        Td = 41.4547
        Te = 20.7273
#       SitePat  BranchLen
              b 118930.9544148
              e 44111.7923991
              c 45886.1822528
              n 43464.7812053
              w 43445.2897710
            b:e 1209.8093936
            b:c 1426.4540382
            b:n 1068.7290320
            b:w 1067.8447314
            e:c 11768.6770759
            e:n 4459.4960930
            e:w 4478.9875273
            c:n 4114.1897275
            c:w 4109.7830624
            n:w 12092.5522635
          b:e:c 1331.0750769
          b:e:n 605.2310839
          b:e:w 606.1153844
          b:c:n 609.5983563
          b:c:w 608.6604940
          b:n:w 1318.3796145
          e:c:n 4227.5238444
          e:c:w 4231.9305094
          e:n:w 5693.4325353
          c:n:w 4919.8643156
        b:e:c:n 1165.7530295
        b:e:c:w 1166.6908918
        b:e:n:w 1826.8517211
        b:c:n:w 1316.9837440
        e:c:n:w 47375.7645876
