########################################
# legofit: estimate population history #
#       version 2.3.4-4-g53f8760       #
########################################

# Program was compiled: Sep 21 2021 14:36:42
# Program was run: Thu Sep 23 12:51:53 2021

# cmd: legofit -1 -d 0 -t 32 --ptsPerDim 3 --stateOut b1boot18.state --tol 3e-6 -S 5000 ade2.lgo ../../chrX/boot_chrX/boot18.opf
# Stage nOptItr nSimReps
#     0    5000        0
# algorithm          : deterministic
# ignoring probs <=  : 0
# Branch length floor: 0
# DE strategy        : 2
#    F               : 0.3
#    CR              : 0.8
#    tolerance       : 3e-06
# nthreads           : 32
# lgo input file     : ade2.lgo
# site pat input file: ../../chrX/boot_chrX/boot18.opf
# free parameters    : 16
# points in DE swarm : 48
# output state file  : b1boot18.state
# Including singleton site patterns.
# cost function      : KL
Initial parameter values
Fixed:
      zero = 0
       one = 1
    Tbecnw = 75200
Free:
       pc1 = 0
       pc2 = 0
       pc3 = 0
       pc4 = 0
       pc5 = 0
       pc6 = 0
       pc7 = 0
       pc8 = 0
       pc9 = 0
      pc10 = 0
      pc11 = 0
      pc12 = 0
      pc13 = 0
      pc14 = 0
      pc15 = 0
      pc16 = 0
Constrained:
   Tgbecnw = 118889
     Tecnw = 25129.7
       Tnw = 21621.2
       Tec = 186.796
     twoNb = 1.85931e+06
     twoNe = 556388
     twoNc = 673056
     twoNw = 1.56426e+06
    twoNec = 166238
    twoNnw = 14703.1
  twoNecnw = 67372.7
  twoNbecnw = 14619.6
  twoNgbecnw = 236956
         m = 0.125839
        m4 = 0.0157782
        m5 = 0.0778027
        Ta = 37600
        Td = 93.398
        Te = 46.699
DiffEv reached_goal. cost=2.45997e-03 spread=2.99416e-06
Fitted parameter values
Free:
       pc1 = 1.89776
       pc2 = 3.98456
       pc3 = 0.269891
       pc4 = 1.15859
       pc5 = 1.94388
       pc6 = -0.253183
       pc7 = 0.951073
       pc8 = -0.430142
       pc9 = -1.31615
      pc10 = -0.246577
      pc11 = 1.58946
      pc12 = 0.446466
      pc13 = 0.086452
      pc14 = -0.056778
      pc15 = 0.163765
      pc16 = 0.0104699
Constrained:
   Tgbecnw = 95761
     Tecnw = 23978.7
       Tnw = 22270.8
       Tec = 217.99
     twoNb = 2.53879e+06
     twoNe = 680058
     twoNc = 391338
     twoNw = 3.25284e+06
    twoNec = 165326
    twoNnw = 7254.15
  twoNecnw = 64177.9
  twoNbecnw = 7290.89
  twoNgbecnw = 270698
         m = 0.104685
        m4 = 0.0152019
        m5 = 0.0970305
        Ta = 37600
        Td = 108.995
        Te = 54.4974
#       SitePat  BranchLen
              b 118828.1689143
              e 44301.9194076
              c 46292.6523763
              n 43433.2250694
              w 43408.8788518
            b:e 1214.0924700
            b:c 1455.7788018
            b:n 1065.6195027
            b:w 1064.5078560
            e:c 11265.0553365
            e:n 4580.2549789
            e:w 4604.6011965
            c:n 4183.1401958
            c:w 4177.6121432
            n:w 11831.1328087
          b:e:c 1304.0953078
          b:e:n 617.5645674
          b:e:w 618.6762142
          b:c:n 622.7298410
          b:c:w 621.5488094
          b:n:w 1290.1025689
          e:c:n 4187.0817844
          e:c:w 4192.6098370
          e:n:w 5792.0025864
          c:n:w 4916.6877037
        b:e:c:n 1165.5123827
        b:e:c:w 1166.6934144
        b:e:n:w 1866.1441080
        b:c:n:w 1325.1054936
        e:c:n:w 47350.0368246
