########################################
# legofit: estimate population history #
#       version 2.3.4-4-g53f8760       #
########################################

# Program was compiled: Sep 21 2021 14:36:42
# Program was run: Thu Sep 23 12:52:19 2021

# cmd: legofit -1 -d 0 -t 32 --ptsPerDim 3 --stateOut b1boot29.state --tol 3e-6 -S 5000 ade2.lgo ../../chrX/boot_chrX/boot29.opf
# Stage nOptItr nSimReps
#     0    5000        0
# algorithm          : deterministic
# ignoring probs <=  : 0
# Branch length floor: 0
# DE strategy        : 2
#    F               : 0.3
#    CR              : 0.8
#    tolerance       : 3e-06
# nthreads           : 32
# lgo input file     : ade2.lgo
# site pat input file: ../../chrX/boot_chrX/boot29.opf
# free parameters    : 16
# points in DE swarm : 48
# output state file  : b1boot29.state
# Including singleton site patterns.
# cost function      : KL
Initial parameter values
Fixed:
      zero = 0
       one = 1
    Tbecnw = 75200
Free:
       pc1 = 0
       pc2 = 0
       pc3 = 0
       pc4 = 0
       pc5 = 0
       pc6 = 0
       pc7 = 0
       pc8 = 0
       pc9 = 0
      pc10 = 0
      pc11 = 0
      pc12 = 0
      pc13 = 0
      pc14 = 0
      pc15 = 0
      pc16 = 0
Constrained:
   Tgbecnw = 118889
     Tecnw = 25129.7
       Tnw = 21621.2
       Tec = 186.796
     twoNb = 1.85931e+06
     twoNe = 556388
     twoNc = 673056
     twoNw = 1.56426e+06
    twoNec = 166238
    twoNnw = 14703.1
  twoNecnw = 67372.7
  twoNbecnw = 14619.6
  twoNgbecnw = 236956
         m = 0.125839
        m4 = 0.0157782
        m5 = 0.0778027
        Ta = 37600
        Td = 93.398
        Te = 46.699
DiffEv reached_goal. cost=2.41301e-03 spread=2.99327e-06
Fitted parameter values
Free:
       pc1 = 0.817754
       pc2 = 3.87958
       pc3 = 0.466092
       pc4 = 0.400439
       pc5 = 1.94636
       pc6 = -0.238837
       pc7 = -0.245236
       pc8 = 0.0174808
       pc9 = -0.244435
      pc10 = -0.770959
      pc11 = 1.29262
      pc12 = -1.00843
      pc13 = 0.0705328
      pc14 = -0.0262385
      pc15 = 0.102394
      pc16 = -0.0124293
Constrained:
   Tgbecnw = 99485.3
     Tecnw = 24448.4
       Tnw = 21745
       Tec = 231.608
     twoNb = 2.35905e+06
     twoNe = 1.00826e+06
     twoNc = 990912
     twoNw = 3.07547e+06
    twoNec = 157459
    twoNnw = 11498.4
  twoNecnw = 62552.2
  twoNbecnw = 8396.07
  twoNgbecnw = 269848
         m = 0.102522
        m4 = 0.0167045
        m5 = 0.0857897
        Ta = 37600
        Td = 115.804
        Te = 57.9019
#       SitePat  BranchLen
              b 118710.0289518
              e 44131.2979621
              c 46065.6137298
              n 43543.3986916
              w 43521.0160503
            b:e 1165.3082233
            b:c 1408.2510838
            b:n 1036.3369157
            b:w 1035.3574867
            e:c 11549.2418350
            e:n 4474.6269215
            e:w 4497.0095628
            c:n 4099.1381988
            c:w 4094.1282275
            n:w 11892.2650031
          b:e:c 1272.2045701
          b:e:n 588.3839543
          b:e:w 589.3633833
          b:c:n 593.0217711
          b:c:w 591.9856506
          b:n:w 1260.3572094
          e:c:n 4211.6276903
          e:c:w 4216.6376617
          e:n:w 5699.2693230
          c:n:w 4859.3851280
        b:e:c:n 1125.7415341
        b:e:c:w 1126.7776546
        b:e:n:w 1830.2025674
        b:c:n:w 1263.9379351
        e:c:n:w 47119.5662206
