########################################
# legofit: estimate population history #
#       version 2.3.4-4-g53f8760       #
########################################

# Program was compiled: Sep 21 2021 14:36:42
# Program was run: Thu Sep 23 12:51:59 2021

# cmd: legofit -1 -d 0 -t 32 --ptsPerDim 3 --stateOut b1boot21.state --tol 3e-6 -S 5000 ade2.lgo ../../chrX/boot_chrX/boot21.opf
# Stage nOptItr nSimReps
#     0    5000        0
# algorithm          : deterministic
# ignoring probs <=  : 0
# Branch length floor: 0
# DE strategy        : 2
#    F               : 0.3
#    CR              : 0.8
#    tolerance       : 3e-06
# nthreads           : 32
# lgo input file     : ade2.lgo
# site pat input file: ../../chrX/boot_chrX/boot21.opf
# free parameters    : 16
# points in DE swarm : 48
# output state file  : b1boot21.state
# Including singleton site patterns.
# cost function      : KL
Initial parameter values
Fixed:
      zero = 0
       one = 1
    Tbecnw = 75200
Free:
       pc1 = 0
       pc2 = 0
       pc3 = 0
       pc4 = 0
       pc5 = 0
       pc6 = 0
       pc7 = 0
       pc8 = 0
       pc9 = 0
      pc10 = 0
      pc11 = 0
      pc12 = 0
      pc13 = 0
      pc14 = 0
      pc15 = 0
      pc16 = 0
Constrained:
   Tgbecnw = 118889
     Tecnw = 25129.7
       Tnw = 21621.2
       Tec = 186.796
     twoNb = 1.85931e+06
     twoNe = 556388
     twoNc = 673056
     twoNw = 1.56426e+06
    twoNec = 166238
    twoNnw = 14703.1
  twoNecnw = 67372.7
  twoNbecnw = 14619.6
  twoNgbecnw = 236956
         m = 0.125839
        m4 = 0.0157782
        m5 = 0.0778027
        Ta = 37600
        Td = 93.398
        Te = 46.699
DiffEv reached_goal. cost=2.44833e-03 spread=2.11691e-06
Fitted parameter values
Free:
       pc1 = 1.91194
       pc2 = 3.91194
       pc3 = 0.754621
       pc4 = 0.803951
       pc5 = 1.88749
       pc6 = -1.30936
       pc7 = 1.2286
       pc8 = -1.16716
       pc9 = -1.94441
      pc10 = -1.45417
      pc11 = -0.212686
      pc12 = -0.199268
      pc13 = -0.235195
      pc14 = -0.228757
      pc15 = 0.122473
      pc16 = -0.0123497
Constrained:
   Tgbecnw = 96848.5
     Tecnw = 23732.4
       Tnw = 22043.9
       Tec = 68.6886
     twoNb = 2.48431e+06
     twoNe = 1.20003e+06
     twoNc = 459023
     twoNw = 3.67168e+06
    twoNec = 162843
    twoNnw = 6746.63
  twoNecnw = 65535.6
  twoNbecnw = 7448.19
  twoNgbecnw = 284905
         m = 0.0981062
        m4 = 0.0137506
        m5 = 0.0724231
        Ta = 37600
        Td = 34.3443
        Te = 17.1722
#       SitePat  BranchLen
              b 118299.2124003
              e 44425.8733215
              c 46084.5930476
              n 43215.4553024
              w 43199.5812397
            b:e 1219.5533087
            b:c 1422.2581377
            b:n 1047.7078892
            b:w 1046.9937971
            e:c 11620.0316123
            e:n 4450.1110665
            e:w 4465.9851292
            c:n 4126.3195237
            c:w 4122.7420425
            n:w 12322.6037367
          b:e:c 1328.8378746
          b:e:n 600.8082701
          b:e:w 601.5223622
          b:c:n 604.9380891
          b:c:w 604.1787940
          b:n:w 1313.9055484
          e:c:n 4132.4697133
          e:c:w 4136.0471946
          e:n:w 5708.7547268
          c:n:w 4983.5586947
        b:e:c:n 1147.9315422
        b:e:c:w 1148.6908373
        b:e:n:w 1808.0331307
        b:c:n:w 1332.0528560
        e:c:n:w 46731.9748781
