########################################
# legofit: estimate population history #
#       version 2.3.4-4-g53f8760       #
########################################

# Program was compiled: Sep 21 2021 14:36:42
# Program was run: Thu Sep 23 12:53:02 2021

# cmd: legofit -1 -d 0 -t 32 --ptsPerDim 3 --stateOut b1boot44.state --tol 3e-6 -S 5000 ade2.lgo ../../chrX/boot_chrX/boot44.opf
# Stage nOptItr nSimReps
#     0    5000        0
# algorithm          : deterministic
# ignoring probs <=  : 0
# Branch length floor: 0
# DE strategy        : 2
#    F               : 0.3
#    CR              : 0.8
#    tolerance       : 3e-06
# nthreads           : 32
# lgo input file     : ade2.lgo
# site pat input file: ../../chrX/boot_chrX/boot44.opf
# free parameters    : 16
# points in DE swarm : 48
# output state file  : b1boot44.state
# Including singleton site patterns.
# cost function      : KL
Initial parameter values
Fixed:
      zero = 0
       one = 1
    Tbecnw = 75200
Free:
       pc1 = 0
       pc2 = 0
       pc3 = 0
       pc4 = 0
       pc5 = 0
       pc6 = 0
       pc7 = 0
       pc8 = 0
       pc9 = 0
      pc10 = 0
      pc11 = 0
      pc12 = 0
      pc13 = 0
      pc14 = 0
      pc15 = 0
      pc16 = 0
Constrained:
   Tgbecnw = 118889
     Tecnw = 25129.7
       Tnw = 21621.2
       Tec = 186.796
     twoNb = 1.85931e+06
     twoNe = 556388
     twoNc = 673056
     twoNw = 1.56426e+06
    twoNec = 166238
    twoNnw = 14703.1
  twoNecnw = 67372.7
  twoNbecnw = 14619.6
  twoNgbecnw = 236956
         m = 0.125839
        m4 = 0.0157782
        m5 = 0.0778027
        Ta = 37600
        Td = 93.398
        Te = 46.699
DiffEv reached_goal. cost=2.30064e-03 spread=2.94021e-06
Fitted parameter values
Free:
       pc1 = 1.80794
       pc2 = 3.98436
       pc3 = 0.75982
       pc4 = 0.340509
       pc5 = 1.99807
       pc6 = -1.1828
       pc7 = 1.06333
       pc8 = 0.104506
       pc9 = -1.24179
      pc10 = -0.238601
      pc11 = 0.854096
      pc12 = -0.114342
      pc13 = 0.0102198
      pc14 = -0.0313291
      pc15 = 0.135542
      pc16 = -0.0304588
Constrained:
   Tgbecnw = 95970
     Tecnw = 23801.5
       Tnw = 21799.6
       Tec = 28.835
     twoNb = 2.57845e+06
     twoNe = 768199
     twoNc = 161315
     twoNw = 3.01112e+06
    twoNec = 160457
    twoNnw = 8151.31
  twoNecnw = 64915.6
  twoNbecnw = 7289.64
  twoNgbecnw = 277190
         m = 0.102054
        m4 = 0.0157733
        m5 = 0.0831398
        Ta = 37600
        Td = 14.4175
        Te = 7.20874
#       SitePat  BranchLen
              b 118720.3483756
              e 44238.8859631
              c 46136.8908814
              n 43221.9321591
              w 43199.8504986
            b:e 1222.1390517
            b:c 1457.6238893
            b:n 1062.3570769
            b:w 1061.3546969
            e:c 11576.0841899
            e:n 4499.5682271
            e:w 4521.6498876
            c:n 4131.0026165
            c:w 4126.0277160
            n:w 12206.1294324
          b:e:c 1333.1682565
          b:e:n 609.5688855
          b:e:w 610.5712655
          b:c:n 614.5023847
          b:c:w 613.4364767
          b:n:w 1318.3752068
          e:c:n 4166.9133056
          e:c:w 4171.8882061
          e:n:w 5777.8731399
          c:n:w 4949.4440387
        b:e:c:n 1163.3854057
        b:e:c:w 1164.4513136
        b:e:n:w 1883.7669637
        b:c:n:w 1335.0952189
        e:c:n:w 47230.2305683
