########################################
# legofit: estimate population history #
#       version 2.3.4-4-g53f8760       #
########################################

# Program was compiled: Sep 21 2021 14:36:42
# Program was run: Thu Sep 23 12:51:53 2021

# cmd: legofit -1 -d 0 -t 32 --ptsPerDim 3 --stateOut b1boot19.state --tol 3e-6 -S 5000 ade2.lgo ../../chrX/boot_chrX/boot19.opf
# Stage nOptItr nSimReps
#     0    5000        0
# algorithm          : deterministic
# ignoring probs <=  : 0
# Branch length floor: 0
# DE strategy        : 2
#    F               : 0.3
#    CR              : 0.8
#    tolerance       : 3e-06
# nthreads           : 32
# lgo input file     : ade2.lgo
# site pat input file: ../../chrX/boot_chrX/boot19.opf
# free parameters    : 16
# points in DE swarm : 48
# output state file  : b1boot19.state
# Including singleton site patterns.
# cost function      : KL
Initial parameter values
Fixed:
      zero = 0
       one = 1
    Tbecnw = 75200
Free:
       pc1 = 0
       pc2 = 0
       pc3 = 0
       pc4 = 0
       pc5 = 0
       pc6 = 0
       pc7 = 0
       pc8 = 0
       pc9 = 0
      pc10 = 0
      pc11 = 0
      pc12 = 0
      pc13 = 0
      pc14 = 0
      pc15 = 0
      pc16 = 0
Constrained:
   Tgbecnw = 118889
     Tecnw = 25129.7
       Tnw = 21621.2
       Tec = 186.796
     twoNb = 1.85931e+06
     twoNe = 556388
     twoNc = 673056
     twoNw = 1.56426e+06
    twoNec = 166238
    twoNnw = 14703.1
  twoNecnw = 67372.7
  twoNbecnw = 14619.6
  twoNgbecnw = 236956
         m = 0.125839
        m4 = 0.0157782
        m5 = 0.0778027
        Ta = 37600
        Td = 93.398
        Te = 46.699
DiffEv reached_goal. cost=2.41664e-03 spread=2.34707e-06
Fitted parameter values
Free:
       pc1 = 1.64016
       pc2 = 3.99097
       pc3 = 0.755152
       pc4 = 0.244682
       pc5 = 1.96869
       pc6 = -1.19837
       pc7 = 0.387986
       pc8 = -0.141282
       pc9 = -1.55891
      pc10 = -0.593184
      pc11 = -0.0124317
      pc12 = -1.02058
      pc13 = -0.0877285
      pc14 = -0.302176
      pc15 = 0.169431
      pc16 = -0.0952383
Constrained:
   Tgbecnw = 96271.3
     Tecnw = 24045.3
       Tnw = 21687.3
       Tec = 128.632
     twoNb = 2.83019e+06
     twoNe = 989707
     twoNc = 463741
     twoNw = 3.1075e+06
    twoNec = 155722
    twoNnw = 9135.18
  twoNecnw = 64797.7
  twoNbecnw = 7399.51
  twoNgbecnw = 270024
         m = 0.102604
        m4 = 0.0152078
        m5 = 0.0717395
        Ta = 37600
        Td = 64.3159
        Te = 32.158
#       SitePat  BranchLen
              b 118040.2796154
              e 44305.3524398
              c 46055.6196481
              n 43151.0829501
              w 43132.8122453
            b:e 1208.5337520
            b:c 1425.2026068
            b:n 1038.9227365
            b:w 1038.1116929
            e:c 11839.6342294
            e:n 4370.1418902
            e:w 4388.4125950
            c:n 4034.7608071
            c:w 4030.7009478
            n:w 12514.1421909
          b:e:c 1340.0891581
          b:e:n 589.0524094
          b:e:w 589.8634530
          b:c:n 593.3317581
          b:c:w 592.4697504
          b:n:w 1325.2655121
          e:c:n 4114.4313375
          e:c:w 4118.4911968
          e:n:w 5717.9994688
          c:n:w 4951.9045129
        b:e:c:n 1136.9415502
        b:e:c:w 1137.8035579
        b:e:n:w 1833.4040954
        b:c:n:w 1318.7699143
        e:c:n:w 46517.8905871
