########################################
# legofit: estimate population history #
#       version 2.3.4-4-g53f8760       #
########################################

# Program was compiled: Sep 21 2021 14:36:42
# Program was run: Wed Sep 22 13:53:50 2021

# cmd: legofit -1 -d 0 -t 32 --ptsPerDim 3 --stateOut b1.state --tol 3e-6 -S 5000 cef2.lgo ../../pan.opf
# Stage nOptItr nSimReps
#     0    5000        0
# algorithm          : deterministic
# ignoring probs <=  : 0
# Branch length floor: 0
# DE strategy        : 2
#    F               : 0.3
#    CR              : 0.8
#    tolerance       : 3e-06
# nthreads           : 32
# lgo input file     : cef2.lgo
# site pat input file: ../../pan.opf
# free parameters    : 14
# points in DE swarm : 42
# output state file  : b1.state
# Including singleton site patterns.
# cost function      : KL
Initial parameter values
Fixed:
      zero = 0
       one = 1
    Tbecnw = 75200
Free:
       pc1 = 0
       pc2 = 0
       pc3 = 0
       pc4 = 0
       pc5 = 0
       pc6 = 0
       pc7 = 0
       pc8 = 0
       pc9 = 0
      pc10 = 0
      pc11 = 0
      pc12 = 0
      pc13 = 0
      pc14 = 0
Constrained:
     Tecnw = 60225.9
       Tnw = 1893
       Tec = 1987.73
     twoNe = 11638.9
     twoNc = 113567
     twoNn = 166853
     twoNw = 1.11731e+06
    twoNec = 157817
    twoNnw = 140054
  twoNecnw = 14122.7
  twoNbecnw = 88695.6
        m3 = 0.153852
        m5 = 0.345119
        m6 = 0.24736
        Tc = 946.501
        Te = 473.251
        Tf = 236.625
DiffEv reached_goal. cost=2.19122e-03 spread=2.90087e-06
Fitted parameter values
Free:
       pc1 = 1.23142
       pc2 = -1.26403
       pc3 = -0.598324
       pc4 = 1.67117
       pc5 = -0.445458
       pc6 = 0.574657
       pc7 = -0.636193
       pc8 = -0.232886
       pc9 = -0.195006
      pc10 = 0.0462935
      pc11 = -0.132928
      pc12 = 0.0265279
      pc13 = 0.0323494
      pc14 = 0.0314258
Constrained:
     Tecnw = 60507.2
       Tnw = 1682.02
       Tec = 918.797
     twoNe = 767.385
     twoNc = 166129
     twoNn = 233883
     twoNw = 1.54748e+06
    twoNec = 159316
    twoNnw = 144047
  twoNecnw = 13858.7
  twoNbecnw = 89081.2
        m3 = 0.14084
        m5 = 0.354515
        m6 = 0.253964
        Tc = 841.011
        Te = 420.505
        Tf = 210.253
#       SitePat  BranchLen
              b 148625.5055059
              e 57877.9452355
              c 60917.8247368
              n 53819.6842749
              w 55688.5882397
            b:e 2692.0909600
            b:c 3022.8652537
            b:n 2206.3854201
            b:w 2402.3209315
            e:c 12206.1882672
            e:n 6935.9170928
            e:w 6327.5031248
            c:n 5956.9933292
            c:w 5399.3970581
            n:w 14966.7186772
          b:e:c 2617.8339609
          b:e:n 1348.9459438
          b:e:w 1365.2468456
          b:c:n 1365.2468456
          b:c:w 1348.9459438
          b:n:w 2617.8339609
          e:c:n 5841.9904427
          e:c:w 5139.0967171
          e:n:w 7940.1867342
          c:n:w 6807.3370632
        b:e:c:n 2402.3209315
        b:e:c:w 2206.3854201
        b:e:n:w 3022.8652537
        b:c:n:w 2692.0909600
        e:c:n:w 62012.3672073
