########################################
# legofit: estimate population history #
#       version 2.3.4-4-g53f8760       #
########################################

# Program was compiled: Sep 21 2021 14:36:42
# Program was run: Wed Sep 22 13:54:32 2021

# cmd: legofit -1 -d 0 -t 32 --ptsPerDim 3 --stateOut b1boot43.state --tol 3e-6 -S 5000 cef2.lgo ../../boot/boot43.opf
# Stage nOptItr nSimReps
#     0    5000        0
# algorithm          : deterministic
# ignoring probs <=  : 0
# Branch length floor: 0
# DE strategy        : 2
#    F               : 0.3
#    CR              : 0.8
#    tolerance       : 3e-06
# nthreads           : 32
# lgo input file     : cef2.lgo
# site pat input file: ../../boot/boot43.opf
# free parameters    : 14
# points in DE swarm : 42
# output state file  : b1boot43.state
# Including singleton site patterns.
# cost function      : KL
Initial parameter values
Fixed:
      zero = 0
       one = 1
    Tbecnw = 75200
Free:
       pc1 = 0
       pc2 = 0
       pc3 = 0
       pc4 = 0
       pc5 = 0
       pc6 = 0
       pc7 = 0
       pc8 = 0
       pc9 = 0
      pc10 = 0
      pc11 = 0
      pc12 = 0
      pc13 = 0
      pc14 = 0
Constrained:
     Tecnw = 60225.9
       Tnw = 1893
       Tec = 1987.73
     twoNe = 11638.9
     twoNc = 113567
     twoNn = 166853
     twoNw = 1.11731e+06
    twoNec = 157817
    twoNnw = 140054
  twoNecnw = 14122.7
  twoNbecnw = 88695.6
        m3 = 0.153852
        m5 = 0.345119
        m6 = 0.24736
        Tc = 946.501
        Te = 473.251
        Tf = 236.625
DiffEv reached_goal. cost=2.20478e-03 spread=2.16045e-06
Fitted parameter values
Free:
       pc1 = 0.213788
       pc2 = -0.89829
       pc3 = -0.794764
       pc4 = 1.43162
       pc5 = -0.00910983
       pc6 = 0.782845
       pc7 = -0.745737
       pc8 = -0.230901
       pc9 = -0.287747
      pc10 = -0.0672933
      pc11 = -0.272497
      pc12 = 0.0410725
      pc13 = 0.0927777
      pc14 = 0.0654715
Constrained:
     Tecnw = 60164.8
       Tnw = 1682.98
       Tec = 991.039
     twoNe = 1483.13
     twoNc = 150066
     twoNn = 301354
     twoNw = 1.54055e+06
    twoNec = 161109
    twoNnw = 143620
  twoNecnw = 14198.2
  twoNbecnw = 88828.5
        m3 = 0.147006
        m5 = 0.351188
        m6 = 0.248433
        Tc = 841.488
        Te = 420.744
        Tf = 210.372
#       SitePat  BranchLen
              b 148369.2981914
              e 57776.6250044
              c 60873.8069851
              n 53749.2071567
              w 55697.3145917
            b:e 2686.2661146
            b:c 3022.1414041
            b:n 2206.8082497
            b:w 2411.0783075
            e:c 12164.7092703
            e:n 6963.7678835
            e:w 6332.5020616
            c:n 5967.7043486
            c:w 5383.1079415
            n:w 14915.4420385
          b:e:c 2611.5817346
          b:e:n 1351.9311939
          b:e:w 1369.3532814
          b:c:n 1369.3532814
          b:c:w 1351.9311939
          b:n:w 2611.5817346
          e:c:n 5882.8564294
          e:c:w 5150.6112234
          e:n:w 7943.8183415
          c:n:w 6792.0940159
        b:e:c:n 2411.0783075
        b:e:c:w 2206.8082497
        b:e:n:w 3022.1414041
        b:c:n:w 2686.2661146
        e:c:n:w 61813.5682630
