########################################
# legofit: estimate population history #
#       version 2.3.4-4-g53f8760       #
########################################

# Program was compiled: Sep 21 2021 14:36:42
# Program was run: Wed Sep 22 13:54:36 2021

# cmd: legofit -1 -d 0 -t 32 --ptsPerDim 3 --stateOut b1boot49.state --tol 3e-6 -S 5000 cef2.lgo ../../boot/boot49.opf
# Stage nOptItr nSimReps
#     0    5000        0
# algorithm          : deterministic
# ignoring probs <=  : 0
# Branch length floor: 0
# DE strategy        : 2
#    F               : 0.3
#    CR              : 0.8
#    tolerance       : 3e-06
# nthreads           : 32
# lgo input file     : cef2.lgo
# site pat input file: ../../boot/boot49.opf
# free parameters    : 14
# points in DE swarm : 42
# output state file  : b1boot49.state
# Including singleton site patterns.
# cost function      : KL
Initial parameter values
Fixed:
      zero = 0
       one = 1
    Tbecnw = 75200
Free:
       pc1 = 0
       pc2 = 0
       pc3 = 0
       pc4 = 0
       pc5 = 0
       pc6 = 0
       pc7 = 0
       pc8 = 0
       pc9 = 0
      pc10 = 0
      pc11 = 0
      pc12 = 0
      pc13 = 0
      pc14 = 0
Constrained:
     Tecnw = 60225.9
       Tnw = 1893
       Tec = 1987.73
     twoNe = 11638.9
     twoNc = 113567
     twoNn = 166853
     twoNw = 1.11731e+06
    twoNec = 157817
    twoNnw = 140054
  twoNecnw = 14122.7
  twoNbecnw = 88695.6
        m3 = 0.153852
        m5 = 0.345119
        m6 = 0.24736
        Tc = 946.501
        Te = 473.251
        Tf = 236.625
DiffEv reached_goal. cost=2.20758e-03 spread=2.57759e-06
Fitted parameter values
Free:
       pc1 = -0.3245
       pc2 = -1.67351
       pc3 = 0.277979
       pc4 = 0.289619
       pc5 = 0.610916
       pc6 = -0.216457
       pc7 = 0.286317
       pc8 = -0.0526497
       pc9 = -0.0494823
      pc10 = -0.13292
      pc11 = 0.122307
      pc12 = -0.0260971
      pc13 = -0.0881655
      pc14 = -0.0054865
Constrained:
     Tecnw = 60372.1
       Tnw = 1216.29
       Tec = 821.541
     twoNe = 2282.19
     twoNc = 73312.4
     twoNn = 154365
     twoNw = 923093
    twoNec = 163780
    twoNnw = 142871
  twoNecnw = 13972.7
  twoNbecnw = 88986.9
        m3 = 0.153553
        m5 = 0.342898
        m6 = 0.247363
        Tc = 608.144
        Te = 304.072
        Tf = 152.036
#       SitePat  BranchLen
              b 148544.0457695
              e 57877.2106261
              c 60820.9920403
              n 53632.3882484
              w 55629.9280921
            b:e 2695.7663903
            b:c 3012.0635402
            b:n 2197.2234796
            b:w 2408.1917147
            e:c 12188.6016509
            e:n 6950.3745576
            e:w 6301.6692853
            c:n 5995.0636537
            c:w 5400.4715823
            n:w 15039.5762977
          b:e:c 2616.3638659
          b:e:n 1348.3760844
          b:e:w 1364.8986296
          b:c:n 1364.8986296
          b:c:w 1348.3760844
          b:n:w 2616.3638659
          e:c:n 5874.8535336
          e:c:w 5120.6110336
          e:n:w 7908.3372033
          c:n:w 6821.0643961
        b:e:c:n 2408.1917147
        b:e:c:w 2197.2234796
        b:e:n:w 3012.0635402
        b:c:n:w 2695.7663903
        e:c:n:w 61965.2715838
