########################################
# legofit: estimate population history #
#       version 2.3.4-4-g53f8760       #
########################################

# Program was compiled: Sep 21 2021 14:36:42
# Program was run: Wed Sep 22 13:54:25 2021

# cmd: legofit -1 -d 0 -t 32 --ptsPerDim 3 --stateOut b1boot38.state --tol 3e-6 -S 5000 cef2.lgo ../../boot/boot38.opf
# Stage nOptItr nSimReps
#     0    5000        0
# algorithm          : deterministic
# ignoring probs <=  : 0
# Branch length floor: 0
# DE strategy        : 2
#    F               : 0.3
#    CR              : 0.8
#    tolerance       : 3e-06
# nthreads           : 32
# lgo input file     : cef2.lgo
# site pat input file: ../../boot/boot38.opf
# free parameters    : 14
# points in DE swarm : 42
# output state file  : b1boot38.state
# Including singleton site patterns.
# cost function      : KL
Initial parameter values
Fixed:
      zero = 0
       one = 1
    Tbecnw = 75200
Free:
       pc1 = 0
       pc2 = 0
       pc3 = 0
       pc4 = 0
       pc5 = 0
       pc6 = 0
       pc7 = 0
       pc8 = 0
       pc9 = 0
      pc10 = 0
      pc11 = 0
      pc12 = 0
      pc13 = 0
      pc14 = 0
Constrained:
     Tecnw = 60225.9
       Tnw = 1893
       Tec = 1987.73
     twoNe = 11638.9
     twoNc = 113567
     twoNn = 166853
     twoNw = 1.11731e+06
    twoNec = 157817
    twoNnw = 140054
  twoNecnw = 14122.7
  twoNbecnw = 88695.6
        m3 = 0.153852
        m5 = 0.345119
        m6 = 0.24736
        Tc = 946.501
        Te = 473.251
        Tf = 236.625
DiffEv reached_goal. cost=2.17810e-03 spread=2.95789e-06
Fitted parameter values
Free:
       pc1 = 1.21849
       pc2 = -1.17646
       pc3 = -1.28514
       pc4 = 1.92111
       pc5 = -0.718519
       pc6 = 1.52868
       pc7 = -1.36239
       pc8 = 0.263746
       pc9 = 0.10287
      pc10 = 0.0443191
      pc11 = 0.00130614
      pc12 = 0.148128
      pc13 = -0.121422
      pc14 = -0.0398805
Constrained:
     Tecnw = 60451.1
       Tnw = 1448.48
       Tec = 846.621
     twoNe = 1122.01
     twoNc = 242096
     twoNn = 359312
     twoNw = 1.82229e+06
    twoNec = 158390
    twoNnw = 144951
  twoNecnw = 13850.9
  twoNbecnw = 88707.9
        m3 = 0.13931
        m5 = 0.352238
        m6 = 0.255756
        Tc = 724.24
        Te = 362.12
        Tf = 181.06
#       SitePat  BranchLen
              b 148389.4145161
              e 57756.4676823
              c 60724.8590041
              n 53683.5880068
              w 55589.5690948
            b:e 2670.4796884
            b:c 2987.7375326
            b:n 2187.9686264
            b:w 2384.9166183
            e:c 12210.6270215
            e:n 6932.2803816
            e:w 6275.5257757
            c:n 5932.8887399
            c:w 5394.6411135
            n:w 14956.1136145
          b:e:c 2599.4035668
          b:e:n 1338.0632657
          b:e:w 1349.9433651
          b:c:n 1349.9433651
          b:c:w 1338.0632657
          b:n:w 2599.4035668
          e:c:n 5822.3968802
          e:c:w 5111.4180245
          e:n:w 7869.5631607
          c:n:w 6781.4481429
        b:e:c:n 2384.9166183
        b:e:c:w 2187.9686264
        b:e:n:w 2987.7375326
        b:c:n:w 2670.4796884
        e:c:n:w 61929.6482529
