########################################
# legofit: estimate population history #
#       version 2.3.4-4-g53f8760       #
########################################

# Program was compiled: Sep 21 2021 14:36:42
# Program was run: Wed Sep 22 13:54:01 2021

# cmd: legofit -1 -d 0 -t 32 --ptsPerDim 3 --stateOut b1boot11.state --tol 3e-6 -S 5000 cef2.lgo ../../boot/boot11.opf
# Stage nOptItr nSimReps
#     0    5000        0
# algorithm          : deterministic
# ignoring probs <=  : 0
# Branch length floor: 0
# DE strategy        : 2
#    F               : 0.3
#    CR              : 0.8
#    tolerance       : 3e-06
# nthreads           : 32
# lgo input file     : cef2.lgo
# site pat input file: ../../boot/boot11.opf
# free parameters    : 14
# points in DE swarm : 42
# output state file  : b1boot11.state
# Including singleton site patterns.
# cost function      : KL
Initial parameter values
Fixed:
      zero = 0
       one = 1
    Tbecnw = 75200
Free:
       pc1 = 0
       pc2 = 0
       pc3 = 0
       pc4 = 0
       pc5 = 0
       pc6 = 0
       pc7 = 0
       pc8 = 0
       pc9 = 0
      pc10 = 0
      pc11 = 0
      pc12 = 0
      pc13 = 0
      pc14 = 0
Constrained:
     Tecnw = 60225.9
       Tnw = 1893
       Tec = 1987.73
     twoNe = 11638.9
     twoNc = 113567
     twoNn = 166853
     twoNw = 1.11731e+06
    twoNec = 157817
    twoNnw = 140054
  twoNecnw = 14122.7
  twoNbecnw = 88695.6
        m3 = 0.153852
        m5 = 0.345119
        m6 = 0.24736
        Tc = 946.501
        Te = 473.251
        Tf = 236.625
DiffEv reached_goal. cost=2.19557e-03 spread=2.90082e-06
Fitted parameter values
Free:
       pc1 = 1.3093
       pc2 = -1.10253
       pc3 = -0.394719
       pc4 = 1.79392
       pc5 = -1.28204
       pc6 = 0.647342
       pc7 = -1.97403
       pc8 = -0.0430012
       pc9 = -0.114479
      pc10 = -0.113735
      pc11 = -0.271252
      pc12 = 0.0601042
      pc13 = -0.0894011
      pc14 = 0.107513
Constrained:
     Tecnw = 60615.3
       Tnw = 1638.23
       Tec = 975.133
     twoNe = 1381.35
     twoNc = 253840
     twoNn = 178323
     twoNw = 1.94421e+06
    twoNec = 157850
    twoNnw = 143418
  twoNecnw = 13817.4
  twoNbecnw = 89256.7
        m3 = 0.145693
        m5 = 0.353685
        m6 = 0.253193
        Tc = 819.113
        Te = 409.557
        Tf = 204.778
#       SitePat  BranchLen
              b 148714.1390912
              e 57809.0597362
              c 60932.2547135
              n 53767.1756408
              w 55785.6671833
            b:e 2700.1535218
            b:c 3037.3743949
            b:n 2215.0464200
            b:w 2425.6138712
            e:c 12267.9160785
            e:n 7038.0083137
            e:w 6347.6684321
            c:n 5991.6258566
            c:w 5418.7851383
            n:w 15001.2319960
          b:e:c 2633.4265593
          b:e:n 1358.5563043
          b:e:w 1372.4056636
          b:c:n 1372.4056636
          b:c:w 1358.5563043
          b:n:w 2633.4265593
          e:c:n 5901.2480636
          e:c:w 5145.9371210
          e:n:w 7958.4771007
          c:n:w 6810.5478744
        b:e:c:n 2425.6138712
        b:e:c:w 2215.0464200
        b:e:n:w 3037.3743949
        b:c:n:w 2700.1535218
        e:c:n:w 61988.4009807
