########################################
# legofit: estimate population history #
#       version 2.3.4-4-g53f8760       #
########################################

# Program was compiled: Sep 21 2021 14:36:42
# Program was run: Wed Sep 22 13:54:26 2021

# cmd: legofit -1 -d 0 -t 32 --ptsPerDim 3 --stateOut b1boot39.state --tol 3e-6 -S 5000 cef2.lgo ../../boot/boot39.opf
# Stage nOptItr nSimReps
#     0    5000        0
# algorithm          : deterministic
# ignoring probs <=  : 0
# Branch length floor: 0
# DE strategy        : 2
#    F               : 0.3
#    CR              : 0.8
#    tolerance       : 3e-06
# nthreads           : 32
# lgo input file     : cef2.lgo
# site pat input file: ../../boot/boot39.opf
# free parameters    : 14
# points in DE swarm : 42
# output state file  : b1boot39.state
# Including singleton site patterns.
# cost function      : KL
Initial parameter values
Fixed:
      zero = 0
       one = 1
    Tbecnw = 75200
Free:
       pc1 = 0
       pc2 = 0
       pc3 = 0
       pc4 = 0
       pc5 = 0
       pc6 = 0
       pc7 = 0
       pc8 = 0
       pc9 = 0
      pc10 = 0
      pc11 = 0
      pc12 = 0
      pc13 = 0
      pc14 = 0
Constrained:
     Tecnw = 60225.9
       Tnw = 1893
       Tec = 1987.73
     twoNe = 11638.9
     twoNc = 113567
     twoNn = 166853
     twoNw = 1.11731e+06
    twoNec = 157817
    twoNnw = 140054
  twoNecnw = 14122.7
  twoNbecnw = 88695.6
        m3 = 0.153852
        m5 = 0.345119
        m6 = 0.24736
        Tc = 946.501
        Te = 473.251
        Tf = 236.625
DiffEv reached_goal. cost=2.13435e-03 spread=2.09003e-06
Fitted parameter values
Free:
       pc1 = -0.767349
       pc2 = -1.72778
       pc3 = -0.329369
       pc4 = 0.856841
       pc5 = 0.414265
       pc6 = 0.544992
       pc7 = -1.29734
       pc8 = -0.318682
       pc9 = 0.070158
      pc10 = -0.0205908
      pc11 = -0.0245521
      pc12 = 0.0901261
      pc13 = -0.159608
      pc14 = 0.0988561
Constrained:
     Tecnw = 60160.9
       Tnw = 1064.33
       Tec = 586.672
     twoNe = 539.381
     twoNc = 147469
     twoNn = 268397
     twoNw = 1.46522e+06
    twoNec = 165531
    twoNnw = 144419
  twoNecnw = 14204.5
  twoNbecnw = 89099
        m3 = 0.15313
        m5 = 0.339886
        m6 = 0.242488
        Tc = 532.165
        Te = 266.083
        Tf = 133.041
#       SitePat  BranchLen
              b 148562.4771033
              e 57847.3155275
              c 60867.6835380
              n 53668.5036421
              w 55749.4529598
            b:e 2703.6999812
            b:c 3026.6780003
            b:n 2212.7466344
            b:w 2430.2255658
            e:c 12251.8922712
            e:n 6991.6359974
            e:w 6288.4860649
            c:n 5982.9736062
            c:w 5381.9005912
            n:w 15067.1203139
          b:e:c 2633.6583515
          b:e:n 1357.6329486
          b:e:w 1371.8396706
          b:c:n 1371.8396706
          b:c:w 1357.6329486
          b:n:w 2633.6583515
          e:c:n 5926.5063320
          e:c:w 5149.7799617
          e:n:w 7923.9964087
          c:n:w 6818.8762631
        b:e:c:n 2430.2255658
        b:e:c:w 2212.7466344
        b:e:n:w 3026.6780003
        b:c:n:w 2703.6999812
        e:c:n:w 61919.3456923
