########################################
# legofit: estimate population history #
#       version 2.3.4-4-g53f8760       #
########################################

# Program was compiled: Sep 21 2021 14:36:42
# Program was run: Wed Sep 22 13:54:01 2021

# cmd: legofit -1 -d 0 -t 32 --ptsPerDim 3 --stateOut b1boot14.state --tol 3e-6 -S 5000 cef2.lgo ../../boot/boot14.opf
# Stage nOptItr nSimReps
#     0    5000        0
# algorithm          : deterministic
# ignoring probs <=  : 0
# Branch length floor: 0
# DE strategy        : 2
#    F               : 0.3
#    CR              : 0.8
#    tolerance       : 3e-06
# nthreads           : 32
# lgo input file     : cef2.lgo
# site pat input file: ../../boot/boot14.opf
# free parameters    : 14
# points in DE swarm : 42
# output state file  : b1boot14.state
# Including singleton site patterns.
# cost function      : KL
Initial parameter values
Fixed:
      zero = 0
       one = 1
    Tbecnw = 75200
Free:
       pc1 = 0
       pc2 = 0
       pc3 = 0
       pc4 = 0
       pc5 = 0
       pc6 = 0
       pc7 = 0
       pc8 = 0
       pc9 = 0
      pc10 = 0
      pc11 = 0
      pc12 = 0
      pc13 = 0
      pc14 = 0
Constrained:
     Tecnw = 60225.9
       Tnw = 1893
       Tec = 1987.73
     twoNe = 11638.9
     twoNc = 113567
     twoNn = 166853
     twoNw = 1.11731e+06
    twoNec = 157817
    twoNnw = 140054
  twoNecnw = 14122.7
  twoNbecnw = 88695.6
        m3 = 0.153852
        m5 = 0.345119
        m6 = 0.24736
        Tc = 946.501
        Te = 473.251
        Tf = 236.625
DiffEv reached_goal. cost=2.16664e-03 spread=2.46559e-06
Fitted parameter values
Free:
       pc1 = 1.82069
       pc2 = -1.32148
       pc3 = 0.400722
       pc4 = 1.63109
       pc5 = 0.262329
       pc6 = -0.253828
       pc7 = 0.289908
       pc8 = -0.46104
       pc9 = -0.00125221
      pc10 = 0.122775
      pc11 = 0.245891
      pc12 = 0.0332399
      pc13 = 0.0143052
      pc14 = -0.0144991
Constrained:
     Tecnw = 60908.1
       Tnw = 1939.84
       Tec = 1035.8
     twoNe = 614.442
     twoNc = 61793.1
     twoNn = 162049
     twoNw = 1.25644e+06
    twoNec = 158952
    twoNnw = 142515
  twoNecnw = 13493.9
  twoNbecnw = 89466.8
        m3 = 0.140003
        m5 = 0.352757
        m6 = 0.258535
        Tc = 969.919
        Te = 484.96
        Tf = 242.48
#       SitePat  BranchLen
              b 148960.3483736
              e 58094.9119672
              c 61030.5640760
              n 53902.0018134
              w 55767.8255719
            b:e 2713.7790345
            b:c 3032.3010518
            b:n 2207.4271043
            b:w 2403.0904941
            e:c 12224.2196343
            e:n 6943.0255190
            e:w 6302.4401757
            c:n 5959.1859063
            c:w 5434.4255419
            n:w 15028.5108416
          b:e:c 2632.7774128
          b:e:n 1352.5077756
          b:e:w 1364.5447117
          b:c:n 1364.5447117
          b:c:w 1352.5077756
          b:n:w 2632.7774128
          e:c:n 5822.4675406
          e:c:w 5121.9894898
          e:n:w 7937.6605680
          c:n:w 6853.8627056
        b:e:c:n 2403.0904941
        b:e:c:w 2207.4271043
        b:e:n:w 3032.3010518
        b:c:n:w 2713.7790345
        e:c:n:w 62220.0610638
