########################################
# legofit: estimate population history #
#       version 2.3.4-4-g53f8760       #
########################################

# Program was compiled: Sep 21 2021 14:36:42
# Program was run: Wed Sep 22 13:54:14 2021

# cmd: legofit -1 -d 0 -t 32 --ptsPerDim 3 --stateOut b1boot25.state --tol 3e-6 -S 5000 cef2.lgo ../../boot/boot25.opf
# Stage nOptItr nSimReps
#     0    5000        0
# algorithm          : deterministic
# ignoring probs <=  : 0
# Branch length floor: 0
# DE strategy        : 2
#    F               : 0.3
#    CR              : 0.8
#    tolerance       : 3e-06
# nthreads           : 32
# lgo input file     : cef2.lgo
# site pat input file: ../../boot/boot25.opf
# free parameters    : 14
# points in DE swarm : 42
# output state file  : b1boot25.state
# Including singleton site patterns.
# cost function      : KL
Initial parameter values
Fixed:
      zero = 0
       one = 1
    Tbecnw = 75200
Free:
       pc1 = 0
       pc2 = 0
       pc3 = 0
       pc4 = 0
       pc5 = 0
       pc6 = 0
       pc7 = 0
       pc8 = 0
       pc9 = 0
      pc10 = 0
      pc11 = 0
      pc12 = 0
      pc13 = 0
      pc14 = 0
Constrained:
     Tecnw = 60225.9
       Tnw = 1893
       Tec = 1987.73
     twoNe = 11638.9
     twoNc = 113567
     twoNn = 166853
     twoNw = 1.11731e+06
    twoNec = 157817
    twoNnw = 140054
  twoNecnw = 14122.7
  twoNbecnw = 88695.6
        m3 = 0.153852
        m5 = 0.345119
        m6 = 0.24736
        Tc = 946.501
        Te = 473.251
        Tf = 236.625
DiffEv reached_goal. cost=2.20586e-03 spread=2.98436e-06
Fitted parameter values
Free:
       pc1 = 1.16441
       pc2 = -1.38166
       pc3 = -1.55193
       pc4 = 1.61929
       pc5 = -0.603688
       pc6 = 0.495582
       pc7 = 0.302439
       pc8 = 1.14199
       pc9 = -0.0712955
      pc10 = 0.164857
      pc11 = -0.00140408
      pc12 = 0.00172314
      pc13 = 0.106261
      pc14 = -0.019777
Constrained:
     Tecnw = 60568.6
       Tnw = 1273.01
       Tec = 734.056
     twoNe = 901.987
     twoNc = 162051
     twoNn = 204661
     twoNw = 1.37278e+06
    twoNec = 158771
    twoNnw = 145013
  twoNecnw = 13794.8
  twoNbecnw = 87927.7
        m3 = 0.136747
        m5 = 0.35641
        m6 = 0.257977
        Tc = 636.505
        Te = 318.253
        Tf = 159.126
#       SitePat  BranchLen
              b 147697.9968838
              e 57730.7088280
              c 60748.8215381
              n 53604.3221672
              w 55437.8000907
            b:e 2658.8661779
            b:c 2981.2766150
            b:n 2173.3221879
            b:w 2361.9805049
            e:c 12153.0289312
            e:n 6924.9454325
            e:w 6301.9935683
            c:n 5923.9046003
            c:w 5396.2089338
            n:w 14972.7799298
          b:e:c 2581.7637456
          b:e:n 1329.6825586
          b:e:w 1342.7770530
          b:c:n 1342.7770530
          b:c:w 1329.6825586
          b:n:w 2581.7637456
          e:c:n 5763.2517923
          e:c:w 5080.4213995
          e:n:w 7876.4332731
          c:n:w 6765.1460297
        b:e:c:n 2361.9805049
        b:e:c:w 2173.3221879
        b:e:n:w 2981.2766150
        b:c:n:w 2658.8661779
        e:c:n:w 61296.8825017
