########################################
# legofit: estimate population history #
#       version 2.3.4-4-g53f8760       #
########################################

# Program was compiled: Sep 21 2021 14:36:42
# Program was run: Wed Sep 22 13:54:21 2021

# cmd: legofit -1 -d 0 -t 32 --ptsPerDim 3 --stateOut b1boot30.state --tol 3e-6 -S 5000 cef2.lgo ../../boot/boot30.opf
# Stage nOptItr nSimReps
#     0    5000        0
# algorithm          : deterministic
# ignoring probs <=  : 0
# Branch length floor: 0
# DE strategy        : 2
#    F               : 0.3
#    CR              : 0.8
#    tolerance       : 3e-06
# nthreads           : 32
# lgo input file     : cef2.lgo
# site pat input file: ../../boot/boot30.opf
# free parameters    : 14
# points in DE swarm : 42
# output state file  : b1boot30.state
# Including singleton site patterns.
# cost function      : KL
Initial parameter values
Fixed:
      zero = 0
       one = 1
    Tbecnw = 75200
Free:
       pc1 = 0
       pc2 = 0
       pc3 = 0
       pc4 = 0
       pc5 = 0
       pc6 = 0
       pc7 = 0
       pc8 = 0
       pc9 = 0
      pc10 = 0
      pc11 = 0
      pc12 = 0
      pc13 = 0
      pc14 = 0
Constrained:
     Tecnw = 60225.9
       Tnw = 1893
       Tec = 1987.73
     twoNe = 11638.9
     twoNc = 113567
     twoNn = 166853
     twoNw = 1.11731e+06
    twoNec = 157817
    twoNnw = 140054
  twoNecnw = 14122.7
  twoNbecnw = 88695.6
        m3 = 0.153852
        m5 = 0.345119
        m6 = 0.24736
        Tc = 946.501
        Te = 473.251
        Tf = 236.625
DiffEv reached_goal. cost=2.20617e-03 spread=2.86363e-06
Fitted parameter values
Free:
       pc1 = -0.741973
       pc2 = -1.7075
       pc3 = 0.518353
       pc4 = 0.467377
       pc5 = -0.654998
       pc6 = 0.487796
       pc7 = -1.42663
       pc8 = 0.217181
       pc9 = 0.0840503
      pc10 = 0.105047
      pc11 = -0.0633826
      pc12 = -0.0330428
      pc13 = -0.0258709
      pc14 = -0.00660769
Constrained:
     Tecnw = 60425.2
       Tnw = 1257.25
       Tec = 719.705
     twoNe = 948.093
     twoNc = 227371
     twoNn = 142218
     twoNw = 1.37412e+06
    twoNec = 165883
    twoNnw = 141586
  twoNecnw = 13876.9
  twoNbecnw = 89057.1
        m3 = 0.157722
        m5 = 0.340207
        m6 = 0.242061
        Tc = 628.625
        Te = 314.312
        Tf = 157.156
#       SitePat  BranchLen
              b 148654.5157261
              e 57847.8319801
              c 60895.6794604
              n 53570.6890702
              w 55653.7399550
            b:e 2685.5389460
            b:c 3011.8625899
            b:n 2185.0476087
            b:w 2403.0418791
            e:c 12176.6684145
            e:n 6967.3477655
            e:w 6284.5346603
            c:n 5973.9206539
            c:w 5353.4422212
            n:w 15065.0406975
          b:e:c 2613.6902304
          b:e:n 1343.1735390
          b:e:w 1360.2780715
          b:c:n 1360.2780715
          b:c:w 1343.1735390
          b:n:w 2613.6902304
          e:c:n 5870.2084329
          e:c:w 5090.4490860
          e:n:w 7913.1616489
          c:n:w 6789.8337192
        b:e:c:n 2403.0418791
        b:e:c:w 2185.0476087
        b:e:n:w 3011.8625899
        b:c:n:w 2685.5389460
        e:c:n:w 62106.9466026
