########################################
# legofit: estimate population history #
#       version 2.3.4-4-g53f8760       #
########################################

# Program was compiled: Sep 21 2021 14:36:42
# Program was run: Wed Sep 22 13:54:08 2021

# cmd: legofit -1 -d 0 -t 32 --ptsPerDim 3 --stateOut b1boot17.state --tol 3e-6 -S 5000 cef2.lgo ../../boot/boot17.opf
# Stage nOptItr nSimReps
#     0    5000        0
# algorithm          : deterministic
# ignoring probs <=  : 0
# Branch length floor: 0
# DE strategy        : 2
#    F               : 0.3
#    CR              : 0.8
#    tolerance       : 3e-06
# nthreads           : 32
# lgo input file     : cef2.lgo
# site pat input file: ../../boot/boot17.opf
# free parameters    : 14
# points in DE swarm : 42
# output state file  : b1boot17.state
# Including singleton site patterns.
# cost function      : KL
Initial parameter values
Fixed:
      zero = 0
       one = 1
    Tbecnw = 75200
Free:
       pc1 = 0
       pc2 = 0
       pc3 = 0
       pc4 = 0
       pc5 = 0
       pc6 = 0
       pc7 = 0
       pc8 = 0
       pc9 = 0
      pc10 = 0
      pc11 = 0
      pc12 = 0
      pc13 = 0
      pc14 = 0
Constrained:
     Tecnw = 60225.9
       Tnw = 1893
       Tec = 1987.73
     twoNe = 11638.9
     twoNc = 113567
     twoNn = 166853
     twoNw = 1.11731e+06
    twoNec = 157817
    twoNnw = 140054
  twoNecnw = 14122.7
  twoNbecnw = 88695.6
        m3 = 0.153852
        m5 = 0.345119
        m6 = 0.24736
        Tc = 946.501
        Te = 473.251
        Tf = 236.625
DiffEv reached_goal. cost=2.19516e-03 spread=2.34632e-06
Fitted parameter values
Free:
       pc1 = 0.127731
       pc2 = -1.06711
       pc3 = -0.176729
       pc4 = 0.86813
       pc5 = -0.541032
       pc6 = 1.3337
       pc7 = -0.644685
       pc8 = 0.00331497
       pc9 = 0.149466
      pc10 = 0.109422
      pc11 = 0.122563
      pc12 = 0.04934
      pc13 = -0.120683
      pc14 = 0.0794298
Constrained:
     Tecnw = 60413.3
       Tnw = 1680.86
       Tec = 1062.75
     twoNe = 2028.82
     twoNc = 220440
     twoNn = 305834
     twoNw = 1.31618e+06
    twoNec = 160910
    twoNnw = 141635
  twoNecnw = 14003
  twoNbecnw = 88861
        m3 = 0.147688
        m5 = 0.34488
        m6 = 0.249252
        Tc = 840.429
        Te = 420.215
        Tf = 210.107
#       SitePat  BranchLen
              b 148378.7412958
              e 57873.8358732
              c 60888.1133066
              n 53656.9886800
              w 55669.1269047
            b:e 2701.8335087
            b:c 3025.1050343
            b:n 2200.0843494
            b:w 2410.3020240
            e:c 12244.7792246
            e:n 6981.5018952
            e:w 6280.8025725
            c:n 5955.0197710
            c:w 5397.1010799
            n:w 15074.6261403
          b:e:c 2632.6376478
          b:e:n 1350.3536785
          b:e:w 1361.8946161
          b:c:n 1361.8946161
          b:c:w 1350.3536785
          b:n:w 2632.6376478
          e:c:n 5873.5202806
          e:c:w 5120.0000696
          e:n:w 7936.8769652
          c:n:w 6832.7831486
        b:e:c:n 2410.3020240
        b:e:c:w 2200.0843494
        b:e:n:w 3025.1050343
        b:c:n:w 2701.8335087
        e:c:n:w 61749.6352738
