########################################
# legofit: estimate population history #
#       version 2.3.4-4-g53f8760       #
########################################

# Program was compiled: Sep 21 2021 14:36:42
# Program was run: Wed Sep 22 13:54:14 2021

# cmd: legofit -1 -d 0 -t 32 --ptsPerDim 3 --stateOut b1boot28.state --tol 3e-6 -S 5000 cef2.lgo ../../boot/boot28.opf
# Stage nOptItr nSimReps
#     0    5000        0
# algorithm          : deterministic
# ignoring probs <=  : 0
# Branch length floor: 0
# DE strategy        : 2
#    F               : 0.3
#    CR              : 0.8
#    tolerance       : 3e-06
# nthreads           : 32
# lgo input file     : cef2.lgo
# site pat input file: ../../boot/boot28.opf
# free parameters    : 14
# points in DE swarm : 42
# output state file  : b1boot28.state
# Including singleton site patterns.
# cost function      : KL
Initial parameter values
Fixed:
      zero = 0
       one = 1
    Tbecnw = 75200
Free:
       pc1 = 0
       pc2 = 0
       pc3 = 0
       pc4 = 0
       pc5 = 0
       pc6 = 0
       pc7 = 0
       pc8 = 0
       pc9 = 0
      pc10 = 0
      pc11 = 0
      pc12 = 0
      pc13 = 0
      pc14 = 0
Constrained:
     Tecnw = 60225.9
       Tnw = 1893
       Tec = 1987.73
     twoNe = 11638.9
     twoNc = 113567
     twoNn = 166853
     twoNw = 1.11731e+06
    twoNec = 157817
    twoNnw = 140054
  twoNecnw = 14122.7
  twoNbecnw = 88695.6
        m3 = 0.153852
        m5 = 0.345119
        m6 = 0.24736
        Tc = 946.501
        Te = 473.251
        Tf = 236.625
DiffEv reached_goal. cost=2.17702e-03 spread=2.66464e-06
Fitted parameter values
Free:
       pc1 = 0.494162
       pc2 = -1.7448
       pc3 = -0.994201
       pc4 = 1.28054
       pc5 = 0.938829
       pc6 = 0.398431
       pc7 = -0.136589
       pc8 = 0.0353889
       pc9 = -0.337669
      pc10 = 0.0300201
      pc11 = -0.208554
      pc12 = -0.094334
      pc13 = 0.0418627
      pc14 = 0.0802275
Constrained:
     Tecnw = 60381.8
       Tnw = 970.995
       Tec = 606.874
     twoNe = 1127.1
     twoNc = 71546.5
     twoNn = 310391
     twoNw = 1.31899e+06
    twoNec = 162630
    twoNnw = 145984
  twoNecnw = 13989.8
  twoNbecnw = 88767.3
        m3 = 0.144117
        m5 = 0.352168
        m6 = 0.249243
        Tc = 485.498
        Te = 242.749
        Tf = 121.374
#       SitePat  BranchLen
              b 148326.1257061
              e 57760.0288447
              c 60914.8152797
              n 53655.7707764
              w 55605.6422457
            b:e 2684.5461610
            b:c 3022.7143612
            b:n 2202.8271660
            b:w 2404.8360411
            e:c 12179.7517392
            e:n 7002.2454630
            e:w 6346.6235771
            c:n 5961.6985878
            c:w 5392.5082386
            n:w 15016.5649882
          b:e:c 2610.2664343
          b:e:n 1350.4391603
          b:e:w 1365.5411554
          b:c:n 1365.5411554
          b:c:w 1350.4391603
          b:n:w 2610.2664343
          e:c:n 5858.1429960
          e:c:w 5133.0837617
          e:n:w 7945.5777916
          c:n:w 6785.4535704
        b:e:c:n 2404.8360411
        b:e:c:w 2202.8271660
        b:e:n:w 3022.7143612
        b:c:n:w 2684.5461610
        e:c:n:w 61741.8420120
