########################################
# legofit: estimate population history #
#       version 2.3.4-4-g53f8760       #
########################################

# Program was compiled: Sep 21 2021 14:36:42
# Program was run: Wed Sep 22 13:54:08 2021

# cmd: legofit -1 -d 0 -t 32 --ptsPerDim 3 --stateOut b1boot20.state --tol 3e-6 -S 5000 cef2.lgo ../../boot/boot20.opf
# Stage nOptItr nSimReps
#     0    5000        0
# algorithm          : deterministic
# ignoring probs <=  : 0
# Branch length floor: 0
# DE strategy        : 2
#    F               : 0.3
#    CR              : 0.8
#    tolerance       : 3e-06
# nthreads           : 32
# lgo input file     : cef2.lgo
# site pat input file: ../../boot/boot20.opf
# free parameters    : 14
# points in DE swarm : 42
# output state file  : b1boot20.state
# Including singleton site patterns.
# cost function      : KL
Initial parameter values
Fixed:
      zero = 0
       one = 1
    Tbecnw = 75200
Free:
       pc1 = 0
       pc2 = 0
       pc3 = 0
       pc4 = 0
       pc5 = 0
       pc6 = 0
       pc7 = 0
       pc8 = 0
       pc9 = 0
      pc10 = 0
      pc11 = 0
      pc12 = 0
      pc13 = 0
      pc14 = 0
Constrained:
     Tecnw = 60225.9
       Tnw = 1893
       Tec = 1987.73
     twoNe = 11638.9
     twoNc = 113567
     twoNn = 166853
     twoNw = 1.11731e+06
    twoNec = 157817
    twoNnw = 140054
  twoNecnw = 14122.7
  twoNbecnw = 88695.6
        m3 = 0.153852
        m5 = 0.345119
        m6 = 0.24736
        Tc = 946.501
        Te = 473.251
        Tf = 236.625
DiffEv reached_goal. cost=2.17561e-03 spread=2.96458e-06
Fitted parameter values
Free:
       pc1 = 0.00549735
       pc2 = -0.313596
       pc3 = -0.731643
       pc4 = 1.43397
       pc5 = -0.968159
       pc6 = 0.078533
       pc7 = -0.766754
       pc8 = 0.37024
       pc9 = -0.12146
      pc10 = 0.00999001
      pc11 = -0.256366
      pc12 = 0.0498334
      pc13 = 0.052759
      pc14 = -0.0229829
Constrained:
     Tecnw = 60119.2
       Tnw = 1966.96
       Tec = 1222.46
     twoNe = 2375.63
     twoNc = 179450
     twoNn = 124086
     twoNw = 1.63901e+06
    twoNec = 158956
    twoNnw = 141211
  twoNecnw = 14171.8
  twoNbecnw = 88378.9
        m3 = 0.148641
        m5 = 0.350221
        m6 = 0.249334
        Tc = 983.478
        Te = 491.739
        Tf = 245.87
#       SitePat  BranchLen
              b 148103.7811233
              e 57630.8614826
              c 60686.0709340
              n 53580.5725014
              w 55544.2478448
            b:e 2657.4658813
            b:c 2986.8959021
            b:n 2176.6992518
            b:w 2381.8670352
            e:c 12134.3844112
            e:n 6927.2744292
            e:w 6289.7550133
            c:n 5941.9916934
            c:w 5356.1059808
            n:w 14876.6042345
          b:e:c 2587.4221856
          b:e:n 1333.8443074
          b:e:w 1350.9150498
          b:c:n 1350.9150498
          b:c:w 1333.8443074
          b:n:w 2587.4221856
          e:c:n 5843.0180573
          e:c:w 5102.7478424
          e:n:w 7894.8580034
          c:n:w 6758.5803202
        b:e:c:n 2381.8670352
        b:e:c:w 2176.6992518
        b:e:n:w 2986.8959021
        b:c:n:w 2657.4658813
        e:c:n:w 61755.9914972
