########################################
# legofit: estimate population history #
#       version 2.3.4-4-g53f8760       #
########################################

# Program was compiled: Sep 21 2021 14:36:42
# Program was run: Wed Sep 22 13:54:36 2021

# cmd: legofit -1 -d 0 -t 32 --ptsPerDim 3 --stateOut b1boot47.state --tol 3e-6 -S 5000 cef2.lgo ../../boot/boot47.opf
# Stage nOptItr nSimReps
#     0    5000        0
# algorithm          : deterministic
# ignoring probs <=  : 0
# Branch length floor: 0
# DE strategy        : 2
#    F               : 0.3
#    CR              : 0.8
#    tolerance       : 3e-06
# nthreads           : 32
# lgo input file     : cef2.lgo
# site pat input file: ../../boot/boot47.opf
# free parameters    : 14
# points in DE swarm : 42
# output state file  : b1boot47.state
# Including singleton site patterns.
# cost function      : KL
Initial parameter values
Fixed:
      zero = 0
       one = 1
    Tbecnw = 75200
Free:
       pc1 = 0
       pc2 = 0
       pc3 = 0
       pc4 = 0
       pc5 = 0
       pc6 = 0
       pc7 = 0
       pc8 = 0
       pc9 = 0
      pc10 = 0
      pc11 = 0
      pc12 = 0
      pc13 = 0
      pc14 = 0
Constrained:
     Tecnw = 60225.9
       Tnw = 1893
       Tec = 1987.73
     twoNe = 11638.9
     twoNc = 113567
     twoNn = 166853
     twoNw = 1.11731e+06
    twoNec = 157817
    twoNnw = 140054
  twoNecnw = 14122.7
  twoNbecnw = 88695.6
        m3 = 0.153852
        m5 = 0.345119
        m6 = 0.24736
        Tc = 946.501
        Te = 473.251
        Tf = 236.625
DiffEv reached_goal. cost=2.19573e-03 spread=2.22783e-06
Fitted parameter values
Free:
       pc1 = 1.34426
       pc2 = -1.30784
       pc3 = -0.752788
       pc4 = 1.68518
       pc5 = -1.71777
       pc6 = -0.269466
       pc7 = -0.425451
       pc8 = 0.215729
       pc9 = 0.0698701
      pc10 = -0.0445863
      pc11 = 0.195653
      pc12 = 0.079094
      pc13 = -0.0203337
      pc14 = -0.0349307
Constrained:
     Tecnw = 60507.7
       Tnw = 1745.35
       Tec = 911.073
     twoNe = 356.62
     twoNc = 210535
     twoNn = 5263.37
     twoNw = 1.55461e+06
    twoNec = 158073
    twoNnw = 143542
  twoNecnw = 13873.5
  twoNbecnw = 88762.3
        m3 = 0.137657
        m5 = 0.353735
        m6 = 0.259675
        Tc = 872.675
        Te = 436.337
        Tf = 218.169
#       SitePat  BranchLen
              b 148362.3844032
              e 57870.2589911
              c 60775.9250355
              n 53730.0130686
              w 55578.3982730
            b:e 2693.4821015
            b:c 3006.6252480
            b:n 2197.3286796
            b:w 2389.4532316
            e:c 12208.8645134
            e:n 6929.6694459
            e:w 6292.3240519
            c:n 5953.2601137
            c:w 5434.0580144
            n:w 14977.0196881
          b:e:c 2611.4269207
          b:e:n 1345.0909021
          b:e:w 1356.4616714
          b:c:n 1356.4616714
          b:c:w 1345.0909021
          b:n:w 2611.4269207
          e:c:n 5817.8395673
          e:c:w 5126.0018562
          e:n:w 7908.1472167
          c:n:w 6837.1565421
        b:e:c:n 2389.4532316
        b:e:c:w 2197.3286796
        b:e:n:w 3006.6252480
        b:c:n:w 2693.4821015
        e:c:n:w 61809.1475156
