########################################
# legofit: estimate population history #
#       version 2.3.4-4-g53f8760       #
########################################

# Program was compiled: Sep 21 2021 14:36:42
# Program was run: Wed Sep 22 13:54:25 2021

# cmd: legofit -1 -d 0 -t 32 --ptsPerDim 3 --stateOut b1boot36.state --tol 3e-6 -S 5000 cef2.lgo ../../boot/boot36.opf
# Stage nOptItr nSimReps
#     0    5000        0
# algorithm          : deterministic
# ignoring probs <=  : 0
# Branch length floor: 0
# DE strategy        : 2
#    F               : 0.3
#    CR              : 0.8
#    tolerance       : 3e-06
# nthreads           : 32
# lgo input file     : cef2.lgo
# site pat input file: ../../boot/boot36.opf
# free parameters    : 14
# points in DE swarm : 42
# output state file  : b1boot36.state
# Including singleton site patterns.
# cost function      : KL
Initial parameter values
Fixed:
      zero = 0
       one = 1
    Tbecnw = 75200
Free:
       pc1 = 0
       pc2 = 0
       pc3 = 0
       pc4 = 0
       pc5 = 0
       pc6 = 0
       pc7 = 0
       pc8 = 0
       pc9 = 0
      pc10 = 0
      pc11 = 0
      pc12 = 0
      pc13 = 0
      pc14 = 0
Constrained:
     Tecnw = 60225.9
       Tnw = 1893
       Tec = 1987.73
     twoNe = 11638.9
     twoNc = 113567
     twoNn = 166853
     twoNw = 1.11731e+06
    twoNec = 157817
    twoNnw = 140054
  twoNecnw = 14122.7
  twoNbecnw = 88695.6
        m3 = 0.153852
        m5 = 0.345119
        m6 = 0.24736
        Tc = 946.501
        Te = 473.251
        Tf = 236.625
DiffEv reached_goal. cost=2.21383e-03 spread=2.76592e-06
Fitted parameter values
Free:
       pc1 = 0.773171
       pc2 = -1.37046
       pc3 = -0.520463
       pc4 = 1.08326
       pc5 = -1.21041
       pc6 = 0.494569
       pc7 = -0.157605
       pc8 = 0.0189951
       pc9 = -0.151461
      pc10 = 0.0187369
      pc11 = -0.1445
      pc12 = 0.104165
      pc13 = 0.108097
      pc14 = 0.057752
Constrained:
     Tecnw = 60427.1
       Tnw = 1772.14
       Tec = 967.888
     twoNe = 815.744
     twoNc = 214143
     twoNn = 136320
     twoNw = 1.27954e+06
    twoNec = 159681
    twoNnw = 143783
  twoNecnw = 13977.8
  twoNbecnw = 88804.4
        m3 = 0.142424
        m5 = 0.353165
        m6 = 0.252823
        Tc = 886.072
        Te = 443.036
        Tf = 221.518
#       SitePat  BranchLen
              b 148338.0132867
              e 57890.1796487
              c 60919.5772264
              n 53847.4032198
              w 55726.9430121
            b:e 2693.1206380
            b:c 3022.8043065
            b:n 2208.5204778
            b:w 2406.1704617
            e:c 12201.7092233
            e:n 6935.2253604
            e:w 6325.6587103
            c:n 5960.6837160
            c:w 5399.4406816
            n:w 14947.0184234
          b:e:c 2618.2099975
          b:e:n 1350.5186897
          b:e:w 1367.0415998
          b:c:n 1367.0415998
          b:c:w 1350.5186897
          b:n:w 2618.2099975
          e:c:n 5852.1491277
          e:c:w 5143.4190199
          e:n:w 7934.4991476
          c:n:w 6805.8612431
        b:e:c:n 2406.1704617
        b:e:c:w 2208.5204778
        b:e:n:w 3022.8043065
        b:c:n:w 2693.1206380
        e:c:n:w 61721.5592196
