########################################
# legofit: estimate population history #
#       version 2.3.4-4-g53f8760       #
########################################

# Program was compiled: Sep 21 2021 14:36:42
# Program was run: Wed Sep 22 13:53:50 2021

# cmd: legofit -1 -d 0 -t 32 --ptsPerDim 3 --stateOut b1boot0.state --tol 3e-6 -S 5000 cef2.lgo ../../boot/boot0.opf
# Stage nOptItr nSimReps
#     0    5000        0
# algorithm          : deterministic
# ignoring probs <=  : 0
# Branch length floor: 0
# DE strategy        : 2
#    F               : 0.3
#    CR              : 0.8
#    tolerance       : 3e-06
# nthreads           : 32
# lgo input file     : cef2.lgo
# site pat input file: ../../boot/boot0.opf
# free parameters    : 14
# points in DE swarm : 42
# output state file  : b1boot0.state
# Including singleton site patterns.
# cost function      : KL
Initial parameter values
Fixed:
      zero = 0
       one = 1
    Tbecnw = 75200
Free:
       pc1 = 0
       pc2 = 0
       pc3 = 0
       pc4 = 0
       pc5 = 0
       pc6 = 0
       pc7 = 0
       pc8 = 0
       pc9 = 0
      pc10 = 0
      pc11 = 0
      pc12 = 0
      pc13 = 0
      pc14 = 0
Constrained:
     Tecnw = 60225.9
       Tnw = 1893
       Tec = 1987.73
     twoNe = 11638.9
     twoNc = 113567
     twoNn = 166853
     twoNw = 1.11731e+06
    twoNec = 157817
    twoNnw = 140054
  twoNecnw = 14122.7
  twoNbecnw = 88695.6
        m3 = 0.153852
        m5 = 0.345119
        m6 = 0.24736
        Tc = 946.501
        Te = 473.251
        Tf = 236.625
DiffEv reached_goal. cost=2.17095e-03 spread=2.97941e-06
Fitted parameter values
Free:
       pc1 = -0.214133
       pc2 = -1.74187
       pc3 = -0.489796
       pc4 = 1.40453
       pc5 = 0.495005
       pc6 = 0.232412
       pc7 = -1.76223
       pc8 = -0.113163
       pc9 = -0.0210157
      pc10 = 0.0389484
      pc11 = -0.110273
      pc12 = 0.0184895
      pc13 = -0.0230881
      pc14 = 0.0260078
Constrained:
     Tecnw = 60319
       Tnw = 965.855
       Tec = 532.038
     twoNe = 575.586
     twoNc = 131475
     twoNn = 246033
     twoNw = 1.74991e+06
    twoNec = 165587
    twoNnw = 145025
  twoNecnw = 13990.4
  twoNbecnw = 89116
        m3 = 0.151413
        m5 = 0.343835
        m6 = 0.244547
        Tc = 482.928
        Te = 241.464
        Tf = 120.732
#       SitePat  BranchLen
              b 148659.9949449
              e 57909.3849557
              c 60880.6608653
              n 53730.7925181
              w 55689.3609370
            b:e 2692.7682191
            b:c 3014.5790040
            b:n 2204.1533238
            b:w 2411.0019433
            e:c 12200.8498658
            e:n 6909.7138687
            e:w 6306.9163109
            c:n 5986.4080116
            c:w 5368.5358791
            n:w 15034.5992482
          b:e:c 2617.1072289
          b:e:n 1348.0719290
          b:e:w 1368.3671762
          b:c:n 1368.3671762
          b:c:w 1348.0719290
          b:n:w 2617.1072289
          e:c:n 5872.0895378
          e:c:w 5134.1908091
          e:n:w 7909.1317842
          c:n:w 6799.5421636
        b:e:c:n 2411.0019433
        b:e:c:w 2204.1533238
        b:e:n:w 3014.5790040
        b:c:n:w 2692.7682191
        e:c:n:w 62073.7666370
