########################################
# legofit: estimate population history #
#       version 2.3.4-4-g53f8760       #
########################################

# Program was compiled: Sep 21 2021 14:36:42
# Program was run: Wed Sep 22 13:54:08 2021

# cmd: legofit -1 -d 0 -t 32 --ptsPerDim 3 --stateOut b1boot22.state --tol 3e-6 -S 5000 cef2.lgo ../../boot/boot22.opf
# Stage nOptItr nSimReps
#     0    5000        0
# algorithm          : deterministic
# ignoring probs <=  : 0
# Branch length floor: 0
# DE strategy        : 2
#    F               : 0.3
#    CR              : 0.8
#    tolerance       : 3e-06
# nthreads           : 32
# lgo input file     : cef2.lgo
# site pat input file: ../../boot/boot22.opf
# free parameters    : 14
# points in DE swarm : 42
# output state file  : b1boot22.state
# Including singleton site patterns.
# cost function      : KL
Initial parameter values
Fixed:
      zero = 0
       one = 1
    Tbecnw = 75200
Free:
       pc1 = 0
       pc2 = 0
       pc3 = 0
       pc4 = 0
       pc5 = 0
       pc6 = 0
       pc7 = 0
       pc8 = 0
       pc9 = 0
      pc10 = 0
      pc11 = 0
      pc12 = 0
      pc13 = 0
      pc14 = 0
Constrained:
     Tecnw = 60225.9
       Tnw = 1893
       Tec = 1987.73
     twoNe = 11638.9
     twoNc = 113567
     twoNn = 166853
     twoNw = 1.11731e+06
    twoNec = 157817
    twoNnw = 140054
  twoNecnw = 14122.7
  twoNbecnw = 88695.6
        m3 = 0.153852
        m5 = 0.345119
        m6 = 0.24736
        Tc = 946.501
        Te = 473.251
        Tf = 236.625
DiffEv reached_goal. cost=2.18216e-03 spread=2.97147e-06
Fitted parameter values
Free:
       pc1 = 0.36428
       pc2 = -0.700817
       pc3 = 0.535514
       pc4 = 1.49751
       pc5 = 0.336016
       pc6 = 0.842966
       pc7 = -1.01339
       pc8 = -0.458088
       pc9 = 0.14813
      pc10 = -0.0446057
      pc11 = 0.374317
      pc12 = 0.0150934
      pc13 = 0.0415561
      pc14 = -0.0064636
Constrained:
     Tecnw = 60556.1
       Tnw = 2018.35
       Tec = 1166.95
     twoNe = 1500.86
     twoNc = 133121
     twoNn = 325638
     twoNw = 1.54057e+06
    twoNec = 162829
    twoNnw = 139986
  twoNecnw = 13860.3
  twoNbecnw = 89375.8
        m3 = 0.151254
        m5 = 0.343674
        m6 = 0.251735
        Tc = 1009.18
        Te = 504.588
        Tf = 252.294
#       SitePat  BranchLen
              b 148819.9079158
              e 58086.4043767
              c 61004.5657301
              n 53755.8638186
              w 55759.7798834
            b:e 2725.7562661
            b:c 3040.3518062
            b:n 2206.4414718
            b:w 2416.7893424
            e:c 12172.8591334
            e:n 6983.5056868
            e:w 6284.0285122
            c:n 5987.1272459
            c:w 5432.2796649
            n:w 15041.9581615
          b:e:c 2636.6674740
          b:e:n 1359.3595044
          b:e:w 1370.5251669
          b:c:n 1370.5251669
          b:c:w 1359.3595044
          b:n:w 2636.6674740
          e:c:n 5875.2124782
          e:c:w 5125.6211690
          e:n:w 7953.9980305
          c:n:w 6883.9639653
        b:e:c:n 2416.7893424
        b:e:c:w 2206.4414718
        b:e:n:w 3040.3518062
        b:c:n:w 2725.7562661
        e:c:n:w 62094.1695607
