########################################
# legofit: estimate population history #
#       version 2.3.4-4-g53f8760       #
########################################

# Program was compiled: Sep 21 2021 14:36:42
# Program was run: Wed Sep 22 13:54:32 2021

# cmd: legofit -1 -d 0 -t 32 --ptsPerDim 3 --stateOut b1boot44.state --tol 3e-6 -S 5000 cef2.lgo ../../boot/boot44.opf
# Stage nOptItr nSimReps
#     0    5000        0
# algorithm          : deterministic
# ignoring probs <=  : 0
# Branch length floor: 0
# DE strategy        : 2
#    F               : 0.3
#    CR              : 0.8
#    tolerance       : 3e-06
# nthreads           : 32
# lgo input file     : cef2.lgo
# site pat input file: ../../boot/boot44.opf
# free parameters    : 14
# points in DE swarm : 42
# output state file  : b1boot44.state
# Including singleton site patterns.
# cost function      : KL
Initial parameter values
Fixed:
      zero = 0
       one = 1
    Tbecnw = 75200
Free:
       pc1 = 0
       pc2 = 0
       pc3 = 0
       pc4 = 0
       pc5 = 0
       pc6 = 0
       pc7 = 0
       pc8 = 0
       pc9 = 0
      pc10 = 0
      pc11 = 0
      pc12 = 0
      pc13 = 0
      pc14 = 0
Constrained:
     Tecnw = 60225.9
       Tnw = 1893
       Tec = 1987.73
     twoNe = 11638.9
     twoNc = 113567
     twoNn = 166853
     twoNw = 1.11731e+06
    twoNec = 157817
    twoNnw = 140054
  twoNecnw = 14122.7
  twoNbecnw = 88695.6
        m3 = 0.153852
        m5 = 0.345119
        m6 = 0.24736
        Tc = 946.501
        Te = 473.251
        Tf = 236.625
DiffEv reached_goal. cost=2.19062e-03 spread=2.74413e-06
Fitted parameter values
Free:
       pc1 = -1.07491
       pc2 = -0.451148
       pc3 = 0.429075
       pc4 = 1.0143
       pc5 = -0.142193
       pc6 = -0.458007
       pc7 = -0.674348
       pc8 = 0.106822
       pc9 = -0.107537
      pc10 = 0.0804175
      pc11 = -0.137661
      pc12 = -0.0196048
      pc13 = 0.247514
      pc14 = 0.0209057
Constrained:
     Tecnw = 60177.8
       Tnw = 2061.25
       Tec = 1143.67
     twoNe = 1206.64
     twoNc = 108712
     twoNn = 85360.3
     twoNw = 1.42648e+06
    twoNec = 164807
    twoNnw = 139001
  twoNecnw = 14174.2
  twoNbecnw = 88691.3
        m3 = 0.158682
        m5 = 0.342613
        m6 = 0.242428
        Tc = 1030.63
        Te = 515.313
        Tf = 257.656
#       SitePat  BranchLen
              b 148277.8315257
              e 57860.4153568
              c 60922.1604498
              n 53648.5290400
              w 55687.5493296
            b:e 2687.2996865
            b:c 3019.2757693
            b:n 2187.0043581
            b:w 2401.8807107
            e:c 12101.3433037
            e:n 6947.6513355
            e:w 6296.9149258
            c:n 5972.6531255
            c:w 5352.4426244
            n:w 14943.4350690
          b:e:c 2607.6709173
          b:e:n 1345.5849491
          b:e:w 1364.7462379
          b:c:n 1364.7462379
          b:c:w 1345.5849491
          b:n:w 2607.6709173
          e:c:n 5872.9753229
          e:c:w 5104.9019442
          e:n:w 7941.2328776
          c:n:w 6798.9582959
        b:e:c:n 2401.8807107
        b:e:c:w 2187.0043581
        b:e:n:w 3019.2757693
        b:c:n:w 2687.2996865
        e:c:n:w 61765.8590883
