########################################
# legofit: estimate population history #
#       version 2.3.4-4-g53f8760       #
########################################

# Program was compiled: Sep 21 2021 14:36:42
# Program was run: Wed Sep 22 13:54:32 2021

# cmd: legofit -1 -d 0 -t 32 --ptsPerDim 3 --stateOut b1boot45.state --tol 3e-6 -S 5000 cef2.lgo ../../boot/boot45.opf
# Stage nOptItr nSimReps
#     0    5000        0
# algorithm          : deterministic
# ignoring probs <=  : 0
# Branch length floor: 0
# DE strategy        : 2
#    F               : 0.3
#    CR              : 0.8
#    tolerance       : 3e-06
# nthreads           : 32
# lgo input file     : cef2.lgo
# site pat input file: ../../boot/boot45.opf
# free parameters    : 14
# points in DE swarm : 42
# output state file  : b1boot45.state
# Including singleton site patterns.
# cost function      : KL
Initial parameter values
Fixed:
      zero = 0
       one = 1
    Tbecnw = 75200
Free:
       pc1 = 0
       pc2 = 0
       pc3 = 0
       pc4 = 0
       pc5 = 0
       pc6 = 0
       pc7 = 0
       pc8 = 0
       pc9 = 0
      pc10 = 0
      pc11 = 0
      pc12 = 0
      pc13 = 0
      pc14 = 0
Constrained:
     Tecnw = 60225.9
       Tnw = 1893
       Tec = 1987.73
     twoNe = 11638.9
     twoNc = 113567
     twoNn = 166853
     twoNw = 1.11731e+06
    twoNec = 157817
    twoNnw = 140054
  twoNecnw = 14122.7
  twoNbecnw = 88695.6
        m3 = 0.153852
        m5 = 0.345119
        m6 = 0.24736
        Tc = 946.501
        Te = 473.251
        Tf = 236.625
DiffEv reached_goal. cost=2.22838e-03 spread=2.81920e-06
Fitted parameter values
Free:
       pc1 = 2.03051
       pc2 = -1.83934
       pc3 = -0.215478
       pc4 = 1.04967
       pc5 = -0.569157
       pc6 = 1.90412
       pc7 = -0.472716
       pc8 = 0.108594
       pc9 = -0.00780482
      pc10 = -0.0792984
      pc11 = 0.0863146
      pc12 = 0.0475064
      pc13 = -0.105777
      pc14 = -0.0753251
Constrained:
     Tecnw = 60913.5
       Tnw = 1342.24
       Tec = 931.296
     twoNe = 2381.67
     twoNc = 248443
     twoNn = 381276
     twoNw = 1.25555e+06
    twoNec = 157881
    twoNnw = 144784
  twoNecnw = 13417.2
  twoNbecnw = 89244.9
        m3 = 0.1407
        m5 = 0.354648
        m6 = 0.258968
        Tc = 671.118
        Te = 335.559
        Tf = 167.779
#       SitePat  BranchLen
              b 148863.5050046
              e 57900.8261298
              c 60879.3949714
              n 53755.2250876
              w 55658.0088105
            b:e 2684.9109990
            b:c 3003.9426962
            b:n 2193.2527565
            b:w 2391.2801743
            e:c 12204.2082798
            e:n 6966.7838398
            e:w 6312.6423636
            c:n 5963.9316340
            c:w 5427.4633799
            n:w 15001.6189303
          b:e:c 2608.3823830
          b:e:n 1343.6546779
          b:e:w 1355.9505577
          b:c:n 1355.9505577
          b:c:w 1343.6546779
          b:n:w 2608.3823830
          e:c:n 5814.9382910
          e:c:w 5102.7642984
          e:n:w 7890.2030717
          c:n:w 6799.6654196
        b:e:c:n 2391.2801743
        b:e:c:w 2193.2527565
        b:e:n:w 3003.9426962
        b:c:n:w 2684.9109990
        e:c:n:w 62252.5129751
