########################################
# legofit: estimate population history #
#       version 2.3.4-4-g53f8760       #
########################################

# Program was compiled: Sep 21 2021 14:36:42
# Program was run: Wed Sep 22 13:54:21 2021

# cmd: legofit -1 -d 0 -t 32 --ptsPerDim 3 --stateOut b1boot33.state --tol 3e-6 -S 5000 cef2.lgo ../../boot/boot33.opf
# Stage nOptItr nSimReps
#     0    5000        0
# algorithm          : deterministic
# ignoring probs <=  : 0
# Branch length floor: 0
# DE strategy        : 2
#    F               : 0.3
#    CR              : 0.8
#    tolerance       : 3e-06
# nthreads           : 32
# lgo input file     : cef2.lgo
# site pat input file: ../../boot/boot33.opf
# free parameters    : 14
# points in DE swarm : 42
# output state file  : b1boot33.state
# Including singleton site patterns.
# cost function      : KL
Initial parameter values
Fixed:
      zero = 0
       one = 1
    Tbecnw = 75200
Free:
       pc1 = 0
       pc2 = 0
       pc3 = 0
       pc4 = 0
       pc5 = 0
       pc6 = 0
       pc7 = 0
       pc8 = 0
       pc9 = 0
      pc10 = 0
      pc11 = 0
      pc12 = 0
      pc13 = 0
      pc14 = 0
Constrained:
     Tecnw = 60225.9
       Tnw = 1893
       Tec = 1987.73
     twoNe = 11638.9
     twoNc = 113567
     twoNn = 166853
     twoNw = 1.11731e+06
    twoNec = 157817
    twoNnw = 140054
  twoNecnw = 14122.7
  twoNbecnw = 88695.6
        m3 = 0.153852
        m5 = 0.345119
        m6 = 0.24736
        Tc = 946.501
        Te = 473.251
        Tf = 236.625
DiffEv reached_goal. cost=2.17065e-03 spread=2.10465e-06
Fitted parameter values
Free:
       pc1 = 1.07037
       pc2 = -1.01327
       pc3 = -0.49464
       pc4 = 1.31337
       pc5 = -0.424632
       pc6 = 0.513545
       pc7 = -0.66829
       pc8 = 0.046004
       pc9 = 0.0321305
      pc10 = 0.0307923
      pc11 = -0.0281172
      pc12 = 0.0365057
      pc13 = -0.120977
      pc14 = -0.0523368
Constrained:
     Tecnw = 60493.8
       Tnw = 1590.67
       Tec = 1148.91
     twoNe = 3205.96
     twoNc = 168932
     twoNn = 221050
     twoNw = 1.50883e+06
    twoNec = 157999
    twoNnw = 143153
  twoNecnw = 13795.8
  twoNbecnw = 88928.9
        m3 = 0.14368
        m5 = 0.350947
        m6 = 0.253857
        Tc = 795.336
        Te = 397.668
        Tf = 198.834
#       SitePat  BranchLen
              b 148602.7319270
              e 57744.9323182
              c 60760.9651876
              n 53627.5009607
              w 55582.8593134
            b:e 2671.0775271
            b:c 2993.3951071
            b:n 2183.8799446
            b:w 2387.0661124
            e:c 12189.0608113
            e:n 6956.4506996
            e:w 6282.7065554
            c:n 5938.7982695
            c:w 5389.6130535
            n:w 14969.2517891
          b:e:c 2601.8493797
          b:e:n 1338.2762354
          b:e:w 1350.5956998
          b:c:n 1350.5956998
          b:c:w 1338.2762354
          b:n:w 2601.8493797
          e:c:n 5833.6630721
          e:c:w 5101.2340796
          e:n:w 7887.6696826
          c:n:w 6782.3827452
        b:e:c:n 2387.0661124
        b:e:c:w 2183.8799446
        b:e:n:w 2993.3951071
        b:c:n:w 2671.0775271
        e:c:n:w 62133.1547143
