########################################
# legofit: estimate population history #
#       version 2.3.4-4-g53f8760       #
########################################

# Program was compiled: Sep 21 2021 14:36:42
# Program was run: Wed Sep 22 13:53:51 2021

# cmd: legofit -1 -d 0 -t 32 --ptsPerDim 3 --stateOut b1boot3.state --tol 3e-6 -S 5000 cef2.lgo ../../boot/boot3.opf
# Stage nOptItr nSimReps
#     0    5000        0
# algorithm          : deterministic
# ignoring probs <=  : 0
# Branch length floor: 0
# DE strategy        : 2
#    F               : 0.3
#    CR              : 0.8
#    tolerance       : 3e-06
# nthreads           : 32
# lgo input file     : cef2.lgo
# site pat input file: ../../boot/boot3.opf
# free parameters    : 14
# points in DE swarm : 42
# output state file  : b1boot3.state
# Including singleton site patterns.
# cost function      : KL
Initial parameter values
Fixed:
      zero = 0
       one = 1
    Tbecnw = 75200
Free:
       pc1 = 0
       pc2 = 0
       pc3 = 0
       pc4 = 0
       pc5 = 0
       pc6 = 0
       pc7 = 0
       pc8 = 0
       pc9 = 0
      pc10 = 0
      pc11 = 0
      pc12 = 0
      pc13 = 0
      pc14 = 0
Constrained:
     Tecnw = 60225.9
       Tnw = 1893
       Tec = 1987.73
     twoNe = 11638.9
     twoNc = 113567
     twoNn = 166853
     twoNw = 1.11731e+06
    twoNec = 157817
    twoNnw = 140054
  twoNecnw = 14122.7
  twoNbecnw = 88695.6
        m3 = 0.153852
        m5 = 0.345119
        m6 = 0.24736
        Tc = 946.501
        Te = 473.251
        Tf = 236.625
DiffEv reached_goal. cost=2.19233e-03 spread=2.95689e-06
Fitted parameter values
Free:
       pc1 = 1.26651
       pc2 = -1.14455
       pc3 = 0.748005
       pc4 = 1.46194
       pc5 = 1.85689
       pc6 = 0.598396
       pc7 = -0.546796
       pc8 = -0.61197
       pc9 = -0.045399
      pc10 = -0.0546045
      pc11 = 0.0635975
      pc12 = 0.0909159
      pc13 = -0.0983153
      pc14 = 0.0733172
Constrained:
     Tecnw = 60932.9
       Tnw = 1648.11
       Tec = 1031.96
     twoNe = 2265.95
     twoNc = 17141.9
     twoNn = 414176
     twoNw = 1.38585e+06
    twoNec = 160425
    twoNnw = 142725
  twoNecnw = 13504.2
  twoNbecnw = 89747.3
        m3 = 0.150781
        m5 = 0.347624
        m6 = 0.252109
        Tc = 824.055
        Te = 412.027
        Tf = 206.014
#       SitePat  BranchLen
              b 149130.6003115
              e 58156.0245427
              c 61081.7492404
              n 53979.7521071
              w 55954.5143510
            b:e 2724.2522396
            b:c 3044.1713712
            b:n 2223.2955588
            b:w 2434.4912592
            e:c 12276.2605944
            e:n 6954.7663125
            e:w 6328.1686120
            c:n 6022.4672151
            c:w 5424.6706971
            n:w 15054.6793227
          b:e:c 2649.6787936
          b:e:n 1361.3629901
          b:e:w 1379.4506489
          b:c:n 1379.4506489
          b:c:w 1361.3629901
          b:n:w 2649.6787936
          e:c:n 5892.3063189
          e:c:w 5141.9382934
          e:n:w 7935.4210831
          c:n:w 6845.4933978
        b:e:c:n 2434.4912592
        b:e:c:w 2223.2955588
        b:e:n:w 3044.1713712
        b:c:n:w 2724.2522396
        e:c:n:w 62262.4174158
