########################################
# legofit: estimate population history #
#       version 2.3.4-4-g53f8760       #
########################################

# Program was compiled: Sep 21 2021 14:36:42
# Program was run: Wed Sep 22 13:54:08 2021

# cmd: legofit -1 -d 0 -t 32 --ptsPerDim 3 --stateOut b1boot19.state --tol 3e-6 -S 5000 cef2.lgo ../../boot/boot19.opf
# Stage nOptItr nSimReps
#     0    5000        0
# algorithm          : deterministic
# ignoring probs <=  : 0
# Branch length floor: 0
# DE strategy        : 2
#    F               : 0.3
#    CR              : 0.8
#    tolerance       : 3e-06
# nthreads           : 32
# lgo input file     : cef2.lgo
# site pat input file: ../../boot/boot19.opf
# free parameters    : 14
# points in DE swarm : 42
# output state file  : b1boot19.state
# Including singleton site patterns.
# cost function      : KL
Initial parameter values
Fixed:
      zero = 0
       one = 1
    Tbecnw = 75200
Free:
       pc1 = 0
       pc2 = 0
       pc3 = 0
       pc4 = 0
       pc5 = 0
       pc6 = 0
       pc7 = 0
       pc8 = 0
       pc9 = 0
      pc10 = 0
      pc11 = 0
      pc12 = 0
      pc13 = 0
      pc14 = 0
Constrained:
     Tecnw = 60225.9
       Tnw = 1893
       Tec = 1987.73
     twoNe = 11638.9
     twoNc = 113567
     twoNn = 166853
     twoNw = 1.11731e+06
    twoNec = 157817
    twoNnw = 140054
  twoNecnw = 14122.7
  twoNbecnw = 88695.6
        m3 = 0.153852
        m5 = 0.345119
        m6 = 0.24736
        Tc = 946.501
        Te = 473.251
        Tf = 236.625
DiffEv reached_goal. cost=2.18524e-03 spread=2.94457e-06
Fitted parameter values
Free:
       pc1 = 1.13182
       pc2 = -1.25935
       pc3 = 0.0858053
       pc4 = 1.55203
       pc5 = 0.531351
       pc6 = 0.219921
       pc7 = -1.18205
       pc8 = -0.157014
       pc9 = 0.15221
      pc10 = 0.276962
      pc11 = -0.0390848
      pc12 = 0.068145
      pc13 = -0.03474
      pc14 = 0.0314547
Constrained:
     Tecnw = 60819.3
       Tnw = 1489.12
       Tec = 1043.45
     twoNe = 2521.19
     twoNc = 104942
     twoNn = 254342
     twoNw = 1.65474e+06
    twoNec = 160583
    twoNnw = 143455
  twoNecnw = 13535.8
  twoNbecnw = 89339.3
        m3 = 0.146259
        m5 = 0.347822
        m6 = 0.250527
        Tc = 744.561
        Te = 372.281
        Tf = 186.14
#       SitePat  BranchLen
              b 148881.7975915
              e 57942.2859118
              c 61038.7802344
              n 53761.8346714
              w 55809.2187473
            b:e 2692.6127966
            b:c 3022.1909917
            b:n 2197.2787108
            b:w 2408.9866510
            e:c 12221.9985606
            e:n 7018.9013676
            e:w 6283.4944831
            c:n 5940.1039702
            c:w 5387.0404948
            n:w 15053.0693764
          b:e:c 2626.6810428
          b:e:n 1349.9621952
          b:e:w 1359.8363682
          b:c:n 1359.8363682
          b:c:w 1349.9621952
          b:n:w 2626.6810428
          e:c:n 5858.4921553
          e:c:w 5099.5784393
          e:n:w 7913.5923137
          c:n:w 6792.3493768
        b:e:c:n 2408.9866510
        b:e:c:w 2197.2787108
        b:e:n:w 3022.1909917
        b:c:n:w 2692.6127966
        e:c:n:w 62201.0031165
