########################################
# legofit: estimate population history #
#       version 2.3.4-4-g53f8760       #
########################################

# Program was compiled: Sep 21 2021 14:36:42
# Program was run: Wed Sep 22 13:53:55 2021

# cmd: legofit -1 -d 0 -t 32 --ptsPerDim 3 --stateOut b1boot10.state --tol 3e-6 -S 5000 cef2.lgo ../../boot/boot10.opf
# Stage nOptItr nSimReps
#     0    5000        0
# algorithm          : deterministic
# ignoring probs <=  : 0
# Branch length floor: 0
# DE strategy        : 2
#    F               : 0.3
#    CR              : 0.8
#    tolerance       : 3e-06
# nthreads           : 32
# lgo input file     : cef2.lgo
# site pat input file: ../../boot/boot10.opf
# free parameters    : 14
# points in DE swarm : 42
# output state file  : b1boot10.state
# Including singleton site patterns.
# cost function      : KL
Initial parameter values
Fixed:
      zero = 0
       one = 1
    Tbecnw = 75200
Free:
       pc1 = 0
       pc2 = 0
       pc3 = 0
       pc4 = 0
       pc5 = 0
       pc6 = 0
       pc7 = 0
       pc8 = 0
       pc9 = 0
      pc10 = 0
      pc11 = 0
      pc12 = 0
      pc13 = 0
      pc14 = 0
Constrained:
     Tecnw = 60225.9
       Tnw = 1893
       Tec = 1987.73
     twoNe = 11638.9
     twoNc = 113567
     twoNn = 166853
     twoNw = 1.11731e+06
    twoNec = 157817
    twoNnw = 140054
  twoNecnw = 14122.7
  twoNbecnw = 88695.6
        m3 = 0.153852
        m5 = 0.345119
        m6 = 0.24736
        Tc = 946.501
        Te = 473.251
        Tf = 236.625
DiffEv reached_goal. cost=2.19429e-03 spread=2.65973e-06
Fitted parameter values
Free:
       pc1 = 0.583909
       pc2 = -1.77085
       pc3 = -0.0366269
       pc4 = 1.13344
       pc5 = -0.238155
       pc6 = 0.70258
       pc7 = -1.44747
       pc8 = -0.600238
       pc9 = 0.029202
      pc10 = 0.166468
      pc11 = 0.0271844
      pc12 = -0.00860859
      pc13 = 0.0497552
      pc14 = -0.0100766
Constrained:
     Tecnw = 60499.7
       Tnw = 1357.92
       Tec = 881.281
     twoNe = 1948.25
     twoNc = 192324
     twoNn = 243266
     twoNw = 1.55546e+06
    twoNec = 164010
    twoNnw = 144179
  twoNecnw = 13814.4
  twoNbecnw = 89544.3
        m3 = 0.146187
        m5 = 0.346527
        m6 = 0.248002
        Tc = 678.96
        Te = 339.48
        Tf = 169.74
#       SitePat  BranchLen
              b 149041.3822180
              e 57993.1523483
              c 61035.9736345
              n 53781.8935448
              w 55735.9853936
            b:e 2704.3253521
            b:c 3032.0392913
            b:n 2207.0419235
            b:w 2411.1976089
            e:c 12175.1168605
            e:n 6960.5323324
            e:w 6298.7407415
            c:n 5950.2064081
            c:w 5386.3855262
            n:w 15043.5096187
          b:e:c 2626.7773453
          b:e:n 1353.8010935
          b:e:w 1367.7540108
          b:c:n 1367.7540108
          b:c:w 1353.8010935
          b:n:w 2626.7773453
          e:c:n 5860.6636570
          e:c:w 5132.1842811
          e:n:w 7943.7248063
          c:n:w 6823.5846598
        b:e:c:n 2411.1976089
        b:e:c:w 2207.0419235
        b:e:n:w 3032.0392913
        b:c:n:w 2704.3253521
        e:c:n:w 62380.2038162
