########################################
# legofit: estimate population history #
#       version 2.3.4-4-g53f8760       #
########################################

# Program was compiled: Sep 21 2021 14:36:42
# Program was run: Wed Sep 22 13:54:14 2021

# cmd: legofit -1 -d 0 -t 32 --ptsPerDim 3 --stateOut b1boot23.state --tol 3e-6 -S 5000 cef2.lgo ../../boot/boot23.opf
# Stage nOptItr nSimReps
#     0    5000        0
# algorithm          : deterministic
# ignoring probs <=  : 0
# Branch length floor: 0
# DE strategy        : 2
#    F               : 0.3
#    CR              : 0.8
#    tolerance       : 3e-06
# nthreads           : 32
# lgo input file     : cef2.lgo
# site pat input file: ../../boot/boot23.opf
# free parameters    : 14
# points in DE swarm : 42
# output state file  : b1boot23.state
# Including singleton site patterns.
# cost function      : KL
Initial parameter values
Fixed:
      zero = 0
       one = 1
    Tbecnw = 75200
Free:
       pc1 = 0
       pc2 = 0
       pc3 = 0
       pc4 = 0
       pc5 = 0
       pc6 = 0
       pc7 = 0
       pc8 = 0
       pc9 = 0
      pc10 = 0
      pc11 = 0
      pc12 = 0
      pc13 = 0
      pc14 = 0
Constrained:
     Tecnw = 60225.9
       Tnw = 1893
       Tec = 1987.73
     twoNe = 11638.9
     twoNc = 113567
     twoNn = 166853
     twoNw = 1.11731e+06
    twoNec = 157817
    twoNnw = 140054
  twoNecnw = 14122.7
  twoNbecnw = 88695.6
        m3 = 0.153852
        m5 = 0.345119
        m6 = 0.24736
        Tc = 946.501
        Te = 473.251
        Tf = 236.625
DiffEv reached_goal. cost=2.17584e-03 spread=2.89217e-06
Fitted parameter values
Free:
       pc1 = 0.731616
       pc2 = -1.62191
       pc3 = 0.113416
       pc4 = 0.989166
       pc5 = -0.952436
       pc6 = 1.37123
       pc7 = -1.20799
       pc8 = -0.0587424
       pc9 = -0.0243532
      pc10 = -0.0394311
      pc11 = 0.0118946
      pc12 = 0.0021595
      pc13 = -0.0438893
      pc14 = 0.0818293
Constrained:
     Tecnw = 60659.7
       Tnw = 1492.83
       Tec = 848.828
     twoNe = 1006.81
     twoNc = 266014
     twoNn = 268451
     twoNw = 1.43344e+06
    twoNec = 161491
    twoNnw = 142769
  twoNecnw = 13783.4
  twoNbecnw = 89272.1
        m3 = 0.148101
        m5 = 0.348713
        m6 = 0.251085
        Tc = 746.416
        Te = 373.208
        Tf = 186.604
#       SitePat  BranchLen
              b 148707.4769413
              e 57976.3609865
              c 61004.2762584
              n 53775.9659890
              w 55753.1889626
            b:e 2714.9552744
            b:c 3043.1033685
            b:n 2213.8398536
            b:w 2421.8990572
            e:c 12247.5632736
            e:n 6990.0789116
            e:w 6333.1701452
            c:n 5996.5481308
            c:w 5418.9400307
            n:w 15077.5162787
          b:e:c 2639.4480968
          b:e:n 1358.0209411
          b:e:w 1373.3993599
          b:c:n 1373.3993599
          b:c:w 1358.0209411
          b:n:w 2639.4480968
          e:c:n 5879.0871188
          e:c:w 5136.3810117
          e:n:w 7963.5993951
          c:n:w 6843.4450184
        b:e:c:n 2421.8990572
        b:e:c:w 2213.8398536
        b:e:n:w 3043.1033685
        b:c:n:w 2714.9552744
        e:c:n:w 61945.9020504
