########################################
# legofit: estimate population history #
#       version 2.3.4-4-g53f8760       #
########################################

# Program was compiled: Sep 21 2021 14:36:42
# Program was run: Wed Sep 22 13:54:08 2021

# cmd: legofit -1 -d 0 -t 32 --ptsPerDim 3 --stateOut b1boot18.state --tol 3e-6 -S 5000 cef2.lgo ../../boot/boot18.opf
# Stage nOptItr nSimReps
#     0    5000        0
# algorithm          : deterministic
# ignoring probs <=  : 0
# Branch length floor: 0
# DE strategy        : 2
#    F               : 0.3
#    CR              : 0.8
#    tolerance       : 3e-06
# nthreads           : 32
# lgo input file     : cef2.lgo
# site pat input file: ../../boot/boot18.opf
# free parameters    : 14
# points in DE swarm : 42
# output state file  : b1boot18.state
# Including singleton site patterns.
# cost function      : KL
Initial parameter values
Fixed:
      zero = 0
       one = 1
    Tbecnw = 75200
Free:
       pc1 = 0
       pc2 = 0
       pc3 = 0
       pc4 = 0
       pc5 = 0
       pc6 = 0
       pc7 = 0
       pc8 = 0
       pc9 = 0
      pc10 = 0
      pc11 = 0
      pc12 = 0
      pc13 = 0
      pc14 = 0
Constrained:
     Tecnw = 60225.9
       Tnw = 1893
       Tec = 1987.73
     twoNe = 11638.9
     twoNc = 113567
     twoNn = 166853
     twoNw = 1.11731e+06
    twoNec = 157817
    twoNnw = 140054
  twoNecnw = 14122.7
  twoNbecnw = 88695.6
        m3 = 0.153852
        m5 = 0.345119
        m6 = 0.24736
        Tc = 946.501
        Te = 473.251
        Tf = 236.625
DiffEv reached_goal. cost=2.21292e-03 spread=2.48170e-06
Fitted parameter values
Free:
       pc1 = 0.755541
       pc2 = -1.05025
       pc3 = -0.215636
       pc4 = 1.8436
       pc5 = 0.30092
       pc6 = -0.64631
       pc7 = -1.21043
       pc8 = 0.0351449
       pc9 = 0.179309
      pc10 = -0.0271257
      pc11 = 0.127466
      pc12 = 0.133235
      pc13 = -0.0397623
      pc14 = -0.0133732
Constrained:
     Tecnw = 60593.9
       Tnw = 1518.39
       Tec = 937.407
     twoNe = 1699.97
     twoNc = 77361
     twoNn = 125364
     twoNw = 1.79726e+06
    twoNec = 160874
    twoNnw = 143396
  twoNecnw = 13769.1
  twoNbecnw = 89075.1
        m3 = 0.147875
        m5 = 0.346559
        m6 = 0.253107
        Tc = 759.197
        Te = 379.599
        Tf = 189.799
#       SitePat  BranchLen
              b 148628.6649860
              e 57944.5556499
              c 60866.1984347
              n 53754.1922332
              w 55753.7586633
            b:e 2697.0793990
            b:c 3009.6569972
            b:n 2199.9091998
            b:w 2408.4907676
            e:c 12207.0778913
            e:n 6969.5919203
            e:w 6279.9894055
            c:n 5978.7923210
            c:w 5416.0298999
            n:w 14996.6687898
          b:e:c 2618.4135727
          b:e:n 1350.4305558
          b:e:w 1362.4171600
          b:c:n 1362.4171600
          b:c:w 1350.4305558
          b:n:w 2618.4135727
          e:c:n 5865.3185890
          e:c:w 5118.1170948
          e:n:w 7886.9703773
          c:n:w 6820.0866974
        b:e:c:n 2408.4907676
        b:e:c:w 2199.9091998
        b:e:n:w 3009.6569972
        b:c:n:w 2697.0793990
        e:c:n:w 62003.4417099
