########################################
# legofit: estimate population history #
#       version 2.3.4-4-g53f8760       #
########################################

# Program was compiled: Sep 21 2021 14:36:42
# Program was run: Wed Sep 22 13:54:09 2021

# cmd: legofit -1 -d 0 -t 32 --ptsPerDim 3 --stateOut b1boot21.state --tol 3e-6 -S 5000 cef2.lgo ../../boot/boot21.opf
# Stage nOptItr nSimReps
#     0    5000        0
# algorithm          : deterministic
# ignoring probs <=  : 0
# Branch length floor: 0
# DE strategy        : 2
#    F               : 0.3
#    CR              : 0.8
#    tolerance       : 3e-06
# nthreads           : 32
# lgo input file     : cef2.lgo
# site pat input file: ../../boot/boot21.opf
# free parameters    : 14
# points in DE swarm : 42
# output state file  : b1boot21.state
# Including singleton site patterns.
# cost function      : KL
Initial parameter values
Fixed:
      zero = 0
       one = 1
    Tbecnw = 75200
Free:
       pc1 = 0
       pc2 = 0
       pc3 = 0
       pc4 = 0
       pc5 = 0
       pc6 = 0
       pc7 = 0
       pc8 = 0
       pc9 = 0
      pc10 = 0
      pc11 = 0
      pc12 = 0
      pc13 = 0
      pc14 = 0
Constrained:
     Tecnw = 60225.9
       Tnw = 1893
       Tec = 1987.73
     twoNe = 11638.9
     twoNc = 113567
     twoNn = 166853
     twoNw = 1.11731e+06
    twoNec = 157817
    twoNnw = 140054
  twoNecnw = 14122.7
  twoNbecnw = 88695.6
        m3 = 0.153852
        m5 = 0.345119
        m6 = 0.24736
        Tc = 946.501
        Te = 473.251
        Tf = 236.625
DiffEv reached_goal. cost=2.18986e-03 spread=2.90322e-06
Fitted parameter values
Free:
       pc1 = 1.15796
       pc2 = -1.22573
       pc3 = -0.0282091
       pc4 = 1.1471
       pc5 = -0.845685
       pc6 = 1.15672
       pc7 = -0.854801
       pc8 = -0.54666
       pc9 = -0.0466524
      pc10 = 0.0305753
      pc11 = 0.0842306
      pc12 = -0.0770708
      pc13 = -0.120906
      pc14 = 0.0402295
Constrained:
     Tecnw = 60542.1
       Tnw = 1751.72
       Tec = 1147.82
     twoNe = 2489.54
     twoNc = 229257
     twoNn = 266931
     twoNw = 1.42388e+06
    twoNec = 159171
    twoNnw = 142112
  twoNecnw = 13849.7
  twoNbecnw = 89436.8
        m3 = 0.142939
        m5 = 0.350844
        m6 = 0.253323
        Tc = 875.86
        Te = 437.93
        Tf = 218.965
#       SitePat  BranchLen
              b 148907.0404411
              e 57908.7515142
              c 60948.4829427
              n 53719.8916086
              w 55647.2807597
            b:e 2710.6218531
            b:c 3039.9261422
            b:n 2209.0427889
            b:w 2411.2852548
            e:c 12237.8338170
            e:n 6977.1066152
            e:w 6317.5731912
            c:n 5961.2290660
            c:w 5417.3653231
            n:w 15068.3537021
          b:e:c 2637.5921877
          b:e:n 1354.2097370
          b:e:w 1367.0682364
          b:c:n 1367.0682364
          b:c:w 1354.2097370
          b:n:w 2637.5921877
          e:c:n 5862.3870153
          e:c:w 5138.3950310
          e:n:w 7976.7251880
          c:n:w 6853.0791768
        b:e:c:n 2411.2852548
        b:e:c:w 2209.0427889
        b:e:n:w 3039.9261422
        b:c:n:w 2710.6218531
        e:c:n:w 62218.0142693
