########################################
# legofit: estimate population history #
#       version 2.3.4-4-g53f8760       #
########################################

# Program was compiled: Sep 21 2021 14:36:42
# Program was run: Wed Sep 22 13:53:55 2021

# cmd: legofit -1 -d 0 -t 32 --ptsPerDim 3 --stateOut b1boot9.state --tol 3e-6 -S 5000 cef2.lgo ../../boot/boot9.opf
# Stage nOptItr nSimReps
#     0    5000        0
# algorithm          : deterministic
# ignoring probs <=  : 0
# Branch length floor: 0
# DE strategy        : 2
#    F               : 0.3
#    CR              : 0.8
#    tolerance       : 3e-06
# nthreads           : 32
# lgo input file     : cef2.lgo
# site pat input file: ../../boot/boot9.opf
# free parameters    : 14
# points in DE swarm : 42
# output state file  : b1boot9.state
# Including singleton site patterns.
# cost function      : KL
Initial parameter values
Fixed:
      zero = 0
       one = 1
    Tbecnw = 75200
Free:
       pc1 = 0
       pc2 = 0
       pc3 = 0
       pc4 = 0
       pc5 = 0
       pc6 = 0
       pc7 = 0
       pc8 = 0
       pc9 = 0
      pc10 = 0
      pc11 = 0
      pc12 = 0
      pc13 = 0
      pc14 = 0
Constrained:
     Tecnw = 60225.9
       Tnw = 1893
       Tec = 1987.73
     twoNe = 11638.9
     twoNc = 113567
     twoNn = 166853
     twoNw = 1.11731e+06
    twoNec = 157817
    twoNnw = 140054
  twoNecnw = 14122.7
  twoNbecnw = 88695.6
        m3 = 0.153852
        m5 = 0.345119
        m6 = 0.24736
        Tc = 946.501
        Te = 473.251
        Tf = 236.625
DiffEv reached_goal. cost=2.19985e-03 spread=2.60369e-06
Fitted parameter values
Free:
       pc1 = 1.85663
       pc2 = -1.6152
       pc3 = 0.620921
       pc4 = 1.30932
       pc5 = -0.683383
       pc6 = 1.42475
       pc7 = -1.06042
       pc8 = 0.403929
       pc9 = 0.0626826
      pc10 = 0.121047
      pc11 = -0.026881
      pc12 = 0.090866
      pc13 = 0.0262264
      pc14 = 0.0386744
Constrained:
     Tecnw = 61256.2
       Tnw = 1630.91
       Tec = 912.815
     twoNe = 1012.96
     twoNc = 244726
     twoNn = 295901
     twoNw = 1.45687e+06
    twoNec = 159026
    twoNnw = 142572
  twoNecnw = 13189.6
  twoNbecnw = 89335.5
        m3 = 0.146736
        m5 = 0.352582
        m6 = 0.255863
        Tc = 815.453
        Te = 407.726
        Tf = 203.863
#       SitePat  BranchLen
              b 148836.8117725
              e 58123.1399562
              c 61102.7428029
              n 53935.9687440
              w 55870.0173148
            b:e 2705.8176053
            b:c 3030.5166789
            b:n 2203.9657516
            b:w 2408.6094670
            e:c 12260.0828590
            e:n 6951.6820213
            e:w 6331.4564691
            c:n 5997.6955971
            c:w 5414.6912949
            n:w 15065.4984280
          b:e:c 2633.4979338
          b:e:n 1349.3237189
          b:e:w 1366.9378048
          b:c:n 1366.9378048
          b:c:w 1349.3237189
          b:n:w 2633.4979338
          e:c:n 5827.1328866
          e:c:w 5096.3141703
          e:n:w 7920.6819338
          c:n:w 6811.8306855
        b:e:c:n 2408.6094670
        b:e:c:w 2203.9657516
        b:e:n:w 3030.5166789
        b:c:n:w 2705.8176053
        e:c:n:w 62024.9904364
