########################################
# legofit: estimate population history #
#       version 2.3.4-4-g53f8760       #
########################################

# Program was compiled: Sep 21 2021 14:36:42
# Program was run: Wed Sep 22 13:53:55 2021

# cmd: legofit -1 -d 0 -t 32 --ptsPerDim 3 --stateOut b1boot7.state --tol 3e-6 -S 5000 cef2.lgo ../../boot/boot7.opf
# Stage nOptItr nSimReps
#     0    5000        0
# algorithm          : deterministic
# ignoring probs <=  : 0
# Branch length floor: 0
# DE strategy        : 2
#    F               : 0.3
#    CR              : 0.8
#    tolerance       : 3e-06
# nthreads           : 32
# lgo input file     : cef2.lgo
# site pat input file: ../../boot/boot7.opf
# free parameters    : 14
# points in DE swarm : 42
# output state file  : b1boot7.state
# Including singleton site patterns.
# cost function      : KL
Initial parameter values
Fixed:
      zero = 0
       one = 1
    Tbecnw = 75200
Free:
       pc1 = 0
       pc2 = 0
       pc3 = 0
       pc4 = 0
       pc5 = 0
       pc6 = 0
       pc7 = 0
       pc8 = 0
       pc9 = 0
      pc10 = 0
      pc11 = 0
      pc12 = 0
      pc13 = 0
      pc14 = 0
Constrained:
     Tecnw = 60225.9
       Tnw = 1893
       Tec = 1987.73
     twoNe = 11638.9
     twoNc = 113567
     twoNn = 166853
     twoNw = 1.11731e+06
    twoNec = 157817
    twoNnw = 140054
  twoNecnw = 14122.7
  twoNbecnw = 88695.6
        m3 = 0.153852
        m5 = 0.345119
        m6 = 0.24736
        Tc = 946.501
        Te = 473.251
        Tf = 236.625
DiffEv reached_goal. cost=2.19672e-03 spread=2.90652e-06
Fitted parameter values
Free:
       pc1 = -0.572596
       pc2 = -1.79185
       pc3 = -0.360396
       pc4 = 0.636106
       pc5 = 0.414637
       pc6 = 0.387163
       pc7 = -0.564179
       pc8 = -0.369445
       pc9 = -0.000183453
      pc10 = -0.221369
      pc11 = 0.110316
      pc12 = 0.0966112
      pc13 = 0.0257306
      pc14 = -0.139328
Constrained:
     Tecnw = 60041.9
       Tnw = 1154.15
       Tec = 723.86
     twoNe = 1357.47
     twoNc = 126860
     twoNn = 240763
     twoNw = 1.22218e+06
    twoNec = 166022
    twoNnw = 144964
  twoNecnw = 14162.3
  twoNbecnw = 89044.5
        m3 = 0.151925
        m5 = 0.342016
        m6 = 0.246499
        Tc = 577.077
        Te = 288.539
        Tf = 144.269
#       SitePat  BranchLen
              b 148691.4286140
              e 57759.8120335
              c 60743.9420914
              n 53578.8905312
              w 55627.1361556
            b:e 2676.7745746
            b:c 2991.0795434
            b:n 2189.1280424
            b:w 2400.0424468
            e:c 12079.9364598
            e:n 6989.6305950
            e:w 6264.3784872
            c:n 5956.2220246
            c:w 5390.4419199
            n:w 14902.8330617
          b:e:c 2588.9536932
          b:e:n 1348.2922040
          b:e:w 1358.7883646
          b:c:n 1358.7883646
          b:c:w 1348.2922040
          b:n:w 2588.9536932
          e:c:n 5881.9714243
          e:c:w 5124.7580124
          e:n:w 7867.7242956
          c:n:w 6790.9393755
        b:e:c:n 2400.0424468
        b:e:c:w 2189.1280424
        b:e:n:w 2991.0795434
        b:c:n:w 2676.7745746
        e:c:n:w 62276.2761750
