########################################
# legofit: estimate population history #
#       version 2.3.4-4-g53f8760       #
########################################

# Program was compiled: Sep 21 2021 14:36:42
# Program was run: Wed Sep 22 13:54:25 2021

# cmd: legofit -1 -d 0 -t 32 --ptsPerDim 3 --stateOut b1boot37.state --tol 3e-6 -S 5000 cef2.lgo ../../boot/boot37.opf
# Stage nOptItr nSimReps
#     0    5000        0
# algorithm          : deterministic
# ignoring probs <=  : 0
# Branch length floor: 0
# DE strategy        : 2
#    F               : 0.3
#    CR              : 0.8
#    tolerance       : 3e-06
# nthreads           : 32
# lgo input file     : cef2.lgo
# site pat input file: ../../boot/boot37.opf
# free parameters    : 14
# points in DE swarm : 42
# output state file  : b1boot37.state
# Including singleton site patterns.
# cost function      : KL
Initial parameter values
Fixed:
      zero = 0
       one = 1
    Tbecnw = 75200
Free:
       pc1 = 0
       pc2 = 0
       pc3 = 0
       pc4 = 0
       pc5 = 0
       pc6 = 0
       pc7 = 0
       pc8 = 0
       pc9 = 0
      pc10 = 0
      pc11 = 0
      pc12 = 0
      pc13 = 0
      pc14 = 0
Constrained:
     Tecnw = 60225.9
       Tnw = 1893
       Tec = 1987.73
     twoNe = 11638.9
     twoNc = 113567
     twoNn = 166853
     twoNw = 1.11731e+06
    twoNec = 157817
    twoNnw = 140054
  twoNecnw = 14122.7
  twoNbecnw = 88695.6
        m3 = 0.153852
        m5 = 0.345119
        m6 = 0.24736
        Tc = 946.501
        Te = 473.251
        Tf = 236.625
DiffEv reached_goal. cost=2.19792e-03 spread=2.50106e-06
Fitted parameter values
Free:
       pc1 = 1.4364
       pc2 = -1.59683
       pc3 = -0.280153
       pc4 = 1.56934
       pc5 = -0.753521
       pc6 = 0.785243
       pc7 = -1.25221
       pc8 = -0.242171
       pc9 = -0.0345328
      pc10 = 0.213949
      pc11 = -0.177016
      pc12 = 0.0335838
      pc13 = -0.167493
      pc14 = -0.00302879
Constrained:
     Tecnw = 60673.5
       Tnw = 1496.96
       Tec = 818.043
     twoNe = 612.58
     twoNc = 216293
     twoNn = 226596
     twoNw = 1.64346e+06
    twoNec = 158823
    twoNnw = 144113
  twoNecnw = 13615.7
  twoNbecnw = 89361.6
        m3 = 0.141087
        m5 = 0.352558
        m6 = 0.252465
        Tc = 748.482
        Te = 374.241
        Tf = 187.121
#       SitePat  BranchLen
              b 148973.4088822
              e 57781.9421597
              c 60885.7346085
              n 53712.8223941
              w 55670.0736602
            b:e 2677.2486516
            b:c 3010.2315829
            b:n 2192.8786210
            b:w 2395.2205432
            e:c 12249.5890166
            e:n 6970.8569357
            e:w 6295.4033982
            c:n 5927.1733050
            c:w 5374.5259880
            n:w 15018.5878770
          b:e:c 2616.2251884
          b:e:n 1341.7949674
          b:e:w 1354.5531698
          b:c:n 1354.5531698
          b:c:w 1341.7949674
          b:n:w 2616.2251884
          e:c:n 5836.5830390
          e:c:w 5107.4326274
          e:n:w 7915.0150337
          c:n:w 6775.7836258
        b:e:c:n 2395.2205432
        b:e:c:w 2192.8786210
        b:e:n:w 3010.2315829
        b:c:n:w 2677.2486516
        e:c:n:w 62404.7393963
