########################################
# legofit: estimate population history #
#       version 2.3.4-4-g53f8760       #
########################################

# Program was compiled: Sep 21 2021 14:36:42
# Program was run: Wed Sep 22 13:54:21 2021

# cmd: legofit -1 -d 0 -t 32 --ptsPerDim 3 --stateOut b1boot29.state --tol 3e-6 -S 5000 cef2.lgo ../../boot/boot29.opf
# Stage nOptItr nSimReps
#     0    5000        0
# algorithm          : deterministic
# ignoring probs <=  : 0
# Branch length floor: 0
# DE strategy        : 2
#    F               : 0.3
#    CR              : 0.8
#    tolerance       : 3e-06
# nthreads           : 32
# lgo input file     : cef2.lgo
# site pat input file: ../../boot/boot29.opf
# free parameters    : 14
# points in DE swarm : 42
# output state file  : b1boot29.state
# Including singleton site patterns.
# cost function      : KL
Initial parameter values
Fixed:
      zero = 0
       one = 1
    Tbecnw = 75200
Free:
       pc1 = 0
       pc2 = 0
       pc3 = 0
       pc4 = 0
       pc5 = 0
       pc6 = 0
       pc7 = 0
       pc8 = 0
       pc9 = 0
      pc10 = 0
      pc11 = 0
      pc12 = 0
      pc13 = 0
      pc14 = 0
Constrained:
     Tecnw = 60225.9
       Tnw = 1893
       Tec = 1987.73
     twoNe = 11638.9
     twoNc = 113567
     twoNn = 166853
     twoNw = 1.11731e+06
    twoNec = 157817
    twoNnw = 140054
  twoNecnw = 14122.7
  twoNbecnw = 88695.6
        m3 = 0.153852
        m5 = 0.345119
        m6 = 0.24736
        Tc = 946.501
        Te = 473.251
        Tf = 236.625
DiffEv reached_goal. cost=2.20544e-03 spread=2.50449e-06
Fitted parameter values
Free:
       pc1 = 2.23294
       pc2 = -0.728544
       pc3 = -0.181744
       pc4 = 1.67664
       pc5 = -1.46169
       pc6 = 1.22912
       pc7 = 0.0832228
       pc8 = -0.339395
       pc9 = -0.126757
      pc10 = 0.155549
      pc11 = 0.00373268
      pc12 = 0.0151507
      pc13 = -0.0353186
      pc14 = -0.0367076
Constrained:
     Tecnw = 60711.3
       Tnw = 2417.7
       Tec = 1355.34
     twoNe = 1186.81
     twoNc = 234137
     twoNn = 245128
     twoNw = 1.34675e+06
    twoNec = 154266
    twoNnw = 141239
  twoNecnw = 13636.9
  twoNbecnw = 89169.5
        m3 = 0.134519
        m5 = 0.359244
        m6 = 0.260764
        Tc = 1208.85
        Te = 604.425
        Tf = 302.213
#       SitePat  BranchLen
              b 148790.3030231
              e 57814.4957743
              c 60888.1957858
              n 53771.6101768
              w 55622.2985448
            b:e 2683.2723183
            b:c 3015.8588973
            b:n 2190.7108064
            b:w 2382.3304654
            e:c 12208.7174362
            e:n 6958.1620248
            e:w 6299.3280248
            c:n 5908.0186912
            c:w 5409.0095763
            n:w 14941.3672242
          b:e:c 2614.1247335
          b:e:n 1341.4588069
          b:e:w 1351.4624029
          b:c:n 1351.4624029
          b:c:w 1341.4588069
          b:n:w 2614.1247335
          e:c:n 5802.0691155
          e:c:w 5109.2238624
          e:n:w 7944.0072348
          c:n:w 6810.7690055
        b:e:c:n 2382.3304654
        b:e:c:w 2190.7108064
        b:e:n:w 3015.8588973
        b:c:n:w 2683.2723183
        e:c:n:w 62233.5179809
