########################################
# legofit: estimate population history #
#       version 2.3.4-4-g53f8760       #
########################################

# Program was compiled: Sep 21 2021 14:36:42
# Program was run: Wed Sep 22 13:53:55 2021

# cmd: legofit -1 -d 0 -t 32 --ptsPerDim 3 --stateOut b1boot6.state --tol 3e-6 -S 5000 cef2.lgo ../../boot/boot6.opf
# Stage nOptItr nSimReps
#     0    5000        0
# algorithm          : deterministic
# ignoring probs <=  : 0
# Branch length floor: 0
# DE strategy        : 2
#    F               : 0.3
#    CR              : 0.8
#    tolerance       : 3e-06
# nthreads           : 32
# lgo input file     : cef2.lgo
# site pat input file: ../../boot/boot6.opf
# free parameters    : 14
# points in DE swarm : 42
# output state file  : b1boot6.state
# Including singleton site patterns.
# cost function      : KL
Initial parameter values
Fixed:
      zero = 0
       one = 1
    Tbecnw = 75200
Free:
       pc1 = 0
       pc2 = 0
       pc3 = 0
       pc4 = 0
       pc5 = 0
       pc6 = 0
       pc7 = 0
       pc8 = 0
       pc9 = 0
      pc10 = 0
      pc11 = 0
      pc12 = 0
      pc13 = 0
      pc14 = 0
Constrained:
     Tecnw = 60225.9
       Tnw = 1893
       Tec = 1987.73
     twoNe = 11638.9
     twoNc = 113567
     twoNn = 166853
     twoNw = 1.11731e+06
    twoNec = 157817
    twoNnw = 140054
  twoNecnw = 14122.7
  twoNbecnw = 88695.6
        m3 = 0.153852
        m5 = 0.345119
        m6 = 0.24736
        Tc = 946.501
        Te = 473.251
        Tf = 236.625
DiffEv reached_goal. cost=2.17076e-03 spread=2.89476e-06
Fitted parameter values
Free:
       pc1 = 1.78422
       pc2 = -1.52771
       pc3 = -0.397166
       pc4 = 1.72545
       pc5 = 0.0663321
       pc6 = 0.56634
       pc7 = -0.868597
       pc8 = 0.0361032
       pc9 = -0.195632
      pc10 = 0.0485152
      pc11 = -0.275554
      pc12 = 0.0527444
      pc13 = -0.0526398
      pc14 = 0.00791505
Constrained:
     Tecnw = 60819.5
       Tnw = 1381.81
       Tec = 816.215
     twoNe = 1234.03
     twoNc = 142587
     twoNn = 270311
     twoNw = 1.60799e+06
    twoNec = 158126
    twoNnw = 145126
  twoNecnw = 13510.4
  twoNbecnw = 89213.4
        m3 = 0.142297
        m5 = 0.355966
        m6 = 0.254762
        Tc = 690.904
        Te = 345.452
        Tf = 172.726
#       SitePat  BranchLen
              b 148816.4315216
              e 57845.3233562
              c 60912.5625802
              n 53821.0520222
              w 55733.0081172
            b:e 2677.0238601
            b:c 3008.9271881
            b:n 2198.4758529
            b:w 2398.4760432
            e:c 12228.9963069
            e:n 6951.9733709
            e:w 6333.7412435
            c:n 5965.5958627
            c:w 5390.6962053
            n:w 14970.1675347
          b:e:c 2610.0760526
          b:e:n 1343.4055397
          b:e:w 1360.6242043
          b:c:n 1360.6242043
          b:c:w 1343.4055397
          b:n:w 2610.0760526
          e:c:n 5832.9221257
          e:c:w 5114.0978154
          e:n:w 7903.1599800
          c:n:w 6765.3433025
        b:e:c:n 2398.4760432
        b:e:c:w 2198.4758529
        b:e:n:w 3008.9271881
        b:c:n:w 2677.0238601
        e:c:n:w 62203.2260638
