########################################
# legofit: estimate population history #
#       version 2.3.4-4-g53f8760       #
########################################

# Program was compiled: Sep 21 2021 14:36:42
# Program was run: Wed Sep 22 13:54:21 2021

# cmd: legofit -1 -d 0 -t 32 --ptsPerDim 3 --stateOut b1boot34.state --tol 3e-6 -S 5000 cef2.lgo ../../boot/boot34.opf
# Stage nOptItr nSimReps
#     0    5000        0
# algorithm          : deterministic
# ignoring probs <=  : 0
# Branch length floor: 0
# DE strategy        : 2
#    F               : 0.3
#    CR              : 0.8
#    tolerance       : 3e-06
# nthreads           : 32
# lgo input file     : cef2.lgo
# site pat input file: ../../boot/boot34.opf
# free parameters    : 14
# points in DE swarm : 42
# output state file  : b1boot34.state
# Including singleton site patterns.
# cost function      : KL
Initial parameter values
Fixed:
      zero = 0
       one = 1
    Tbecnw = 75200
Free:
       pc1 = 0
       pc2 = 0
       pc3 = 0
       pc4 = 0
       pc5 = 0
       pc6 = 0
       pc7 = 0
       pc8 = 0
       pc9 = 0
      pc10 = 0
      pc11 = 0
      pc12 = 0
      pc13 = 0
      pc14 = 0
Constrained:
     Tecnw = 60225.9
       Tnw = 1893
       Tec = 1987.73
     twoNe = 11638.9
     twoNc = 113567
     twoNn = 166853
     twoNw = 1.11731e+06
    twoNec = 157817
    twoNnw = 140054
  twoNecnw = 14122.7
  twoNbecnw = 88695.6
        m3 = 0.153852
        m5 = 0.345119
        m6 = 0.24736
        Tc = 946.501
        Te = 473.251
        Tf = 236.625
DiffEv reached_goal. cost=2.17861e-03 spread=2.68256e-06
Fitted parameter values
Free:
       pc1 = -0.727169
       pc2 = -0.502264
       pc3 = 0.620495
       pc4 = 0.814349
       pc5 = -1.6055
       pc6 = -0.0440749
       pc7 = -0.453379
       pc8 = 0.358823
       pc9 = -0.0391296
      pc10 = -0.0342473
      pc11 = 0.0422597
      pc12 = -0.056987
      pc13 = 0.147705
      pc14 = -0.0653613
Constrained:
     Tecnw = 60235.3
       Tnw = 2277.88
       Tec = 1172.28
     twoNe = 353.012
     twoNc = 221393
     twoNn = 9249.71
     twoNw = 1.29018e+06
    twoNec = 162678
    twoNnw = 137433
  twoNecnw = 14091.6
  twoNbecnw = 88614
        m3 = 0.156293
        m5 = 0.344484
        m6 = 0.247574
        Tc = 1138.94
        Te = 569.469
        Tf = 284.735
#       SitePat  BranchLen
              b 148280.6271034
              e 57798.3314302
              c 60783.7618707
              n 53540.4118005
              w 55532.0828975
            b:e 2681.6711477
            b:c 3005.1171583
            b:n 2173.2308433
            b:w 2382.7620210
            e:c 12098.9148574
            e:n 6926.6605630
            e:w 6284.1995821
            c:n 5968.6980602
            c:w 5371.9041398
            n:w 14941.9941351
          b:e:c 2598.0234376
          b:e:n 1337.4903564
          b:e:w 1355.1069560
          b:c:n 1355.1069560
          b:c:w 1337.4903564
          b:n:w 2598.0234376
          e:c:n 5837.3644870
          e:c:w 5084.9482914
          e:n:w 7930.4626606
          c:n:w 6815.2901653
        b:e:c:n 2382.7620210
        b:e:c:w 2173.2308433
        b:e:n:w 3005.1171583
        b:c:n:w 2681.6711477
        e:c:n:w 61853.1471519
