########################################
# legofit: estimate population history #
#       version 2.3.4-4-g53f8760       #
########################################

# Program was compiled: Sep 21 2021 14:36:42
# Program was run: Wed Sep 22 13:54:01 2021

# cmd: legofit -1 -d 0 -t 32 --ptsPerDim 3 --stateOut b1boot13.state --tol 3e-6 -S 5000 cef2.lgo ../../boot/boot13.opf
# Stage nOptItr nSimReps
#     0    5000        0
# algorithm          : deterministic
# ignoring probs <=  : 0
# Branch length floor: 0
# DE strategy        : 2
#    F               : 0.3
#    CR              : 0.8
#    tolerance       : 3e-06
# nthreads           : 32
# lgo input file     : cef2.lgo
# site pat input file: ../../boot/boot13.opf
# free parameters    : 14
# points in DE swarm : 42
# output state file  : b1boot13.state
# Including singleton site patterns.
# cost function      : KL
Initial parameter values
Fixed:
      zero = 0
       one = 1
    Tbecnw = 75200
Free:
       pc1 = 0
       pc2 = 0
       pc3 = 0
       pc4 = 0
       pc5 = 0
       pc6 = 0
       pc7 = 0
       pc8 = 0
       pc9 = 0
      pc10 = 0
      pc11 = 0
      pc12 = 0
      pc13 = 0
      pc14 = 0
Constrained:
     Tecnw = 60225.9
       Tnw = 1893
       Tec = 1987.73
     twoNe = 11638.9
     twoNc = 113567
     twoNn = 166853
     twoNw = 1.11731e+06
    twoNec = 157817
    twoNnw = 140054
  twoNecnw = 14122.7
  twoNbecnw = 88695.6
        m3 = 0.153852
        m5 = 0.345119
        m6 = 0.24736
        Tc = 946.501
        Te = 473.251
        Tf = 236.625
DiffEv reached_goal. cost=2.18328e-03 spread=2.76912e-06
Fitted parameter values
Free:
       pc1 = 1.75267
       pc2 = -1.56143
       pc3 = -0.289399
       pc4 = 1.95263
       pc5 = 0.619704
       pc6 = 0.589793
       pc7 = -1.17604
       pc8 = -0.206485
       pc9 = -0.204223
      pc10 = -0.049339
      pc11 = -0.147356
      pc12 = -0.00938446
      pc13 = -0.129635
      pc14 = 0.0169051
Constrained:
     Tecnw = 60819
       Tnw = 1266.36
       Tec = 704.969
     twoNe = 823.362
     twoNc = 110227
     twoNn = 326627
     twoNw = 1.71861e+06
    twoNec = 159174
    twoNnw = 144987
  twoNecnw = 13529.9
  twoNbecnw = 89456.1
        m3 = 0.14361
        m5 = 0.354393
        m6 = 0.254887
        Tc = 633.18
        Te = 316.59
        Tf = 158.295
#       SitePat  BranchLen
              b 148990.9575574
              e 57943.4939743
              c 60909.8002223
              n 53855.9499883
              w 55719.2086868
            b:e 2694.4299564
            b:c 3019.1882582
            b:n 2208.3337788
            b:w 2406.1835449
            e:c 12257.4359613
            e:n 6909.2648285
            e:w 6345.8995237
            c:n 5998.6377982
            c:w 5406.4108031
            n:w 15020.3074178
          b:e:c 2622.1603590
          b:e:n 1347.0664507
          b:e:w 1367.7846451
          b:c:n 1367.7846451
          b:c:w 1347.0664507
          b:n:w 2622.1603590
          e:c:n 5839.2588543
          e:c:w 5131.5924556
          e:n:w 7919.7172077
          c:n:w 6803.5267107
        b:e:c:n 2406.1835449
        b:e:c:w 2208.3337788
        b:e:n:w 3019.1882582
        b:c:n:w 2694.4299564
        e:c:n:w 62309.4417452
