########################################
# legofit: estimate population history #
#       version 2.3.4-4-g53f8760       #
########################################

# Program was compiled: Sep 21 2021 14:36:42
# Program was run: Wed Sep 22 13:54:01 2021

# cmd: legofit -1 -d 0 -t 32 --ptsPerDim 3 --stateOut b1boot15.state --tol 3e-6 -S 5000 cef2.lgo ../../boot/boot15.opf
# Stage nOptItr nSimReps
#     0    5000        0
# algorithm          : deterministic
# ignoring probs <=  : 0
# Branch length floor: 0
# DE strategy        : 2
#    F               : 0.3
#    CR              : 0.8
#    tolerance       : 3e-06
# nthreads           : 32
# lgo input file     : cef2.lgo
# site pat input file: ../../boot/boot15.opf
# free parameters    : 14
# points in DE swarm : 42
# output state file  : b1boot15.state
# Including singleton site patterns.
# cost function      : KL
Initial parameter values
Fixed:
      zero = 0
       one = 1
    Tbecnw = 75200
Free:
       pc1 = 0
       pc2 = 0
       pc3 = 0
       pc4 = 0
       pc5 = 0
       pc6 = 0
       pc7 = 0
       pc8 = 0
       pc9 = 0
      pc10 = 0
      pc11 = 0
      pc12 = 0
      pc13 = 0
      pc14 = 0
Constrained:
     Tecnw = 60225.9
       Tnw = 1893
       Tec = 1987.73
     twoNe = 11638.9
     twoNc = 113567
     twoNn = 166853
     twoNw = 1.11731e+06
    twoNec = 157817
    twoNnw = 140054
  twoNecnw = 14122.7
  twoNbecnw = 88695.6
        m3 = 0.153852
        m5 = 0.345119
        m6 = 0.24736
        Tc = 946.501
        Te = 473.251
        Tf = 236.625
DiffEv reached_goal. cost=2.17851e-03 spread=2.91517e-06
Fitted parameter values
Free:
       pc1 = 0.115774
       pc2 = -1.51122
       pc3 = -0.773402
       pc4 = 1.60594
       pc5 = 1.38495
       pc6 = -0.0483752
       pc7 = -0.492314
       pc8 = 0.0629371
       pc9 = 0.0541145
      pc10 = 0.166902
      pc11 = 0.0860771
      pc12 = 0.0285768
      pc13 = -0.0839725
      pc14 = -0.041242
Constrained:
     Tecnw = 60359.6
       Tnw = 1058.3
       Tec = 575.608
     twoNe = 475.429
     twoNc = 25360.4
     twoNn = 291344
     twoNw = 1.50744e+06
    twoNec = 163751
    twoNnw = 144941
  twoNecnw = 13905.5
  twoNbecnw = 88762.7
        m3 = 0.145897
        m5 = 0.345116
        m6 = 0.248818
        Tc = 529.15
        Te = 264.575
        Tf = 132.288
#       SitePat  BranchLen
              b 148441.6754016
              e 57822.6478158
              c 60770.5439896
              n 53626.0690412
              w 55566.5868072
            b:e 2674.3229870
            b:c 2989.0342192
            b:n 2184.1248057
            b:w 2385.6348936
            e:c 12181.0810260
            e:n 6909.1667543
            e:w 6263.8051504
            c:n 5940.2978197
            c:w 5369.3066339
            n:w 15018.5106028
          b:e:c 2599.4099413
          b:e:n 1336.9778244
          b:e:w 1351.5297510
          b:c:n 1351.5297510
          b:c:w 1336.9778244
          b:n:w 2599.4099413
          e:c:n 5825.1682660
          e:c:w 5101.0032898
          e:n:w 7868.1885410
          c:n:w 6783.6598182
        b:e:c:n 2385.6348936
        b:e:c:w 2184.1248057
        b:e:n:w 2989.0342192
        b:c:n:w 2674.3229870
        e:c:n:w 61991.6489805
