########################################
# legofit: estimate population history #
#       version 2.3.4-4-g53f8760       #
########################################

# Program was compiled: Sep 21 2021 14:36:42
# Program was run: Wed Sep 22 13:54:21 2021

# cmd: legofit -1 -d 0 -t 32 --ptsPerDim 3 --stateOut b1boot32.state --tol 3e-6 -S 5000 cef2.lgo ../../boot/boot32.opf
# Stage nOptItr nSimReps
#     0    5000        0
# algorithm          : deterministic
# ignoring probs <=  : 0
# Branch length floor: 0
# DE strategy        : 2
#    F               : 0.3
#    CR              : 0.8
#    tolerance       : 3e-06
# nthreads           : 32
# lgo input file     : cef2.lgo
# site pat input file: ../../boot/boot32.opf
# free parameters    : 14
# points in DE swarm : 42
# output state file  : b1boot32.state
# Including singleton site patterns.
# cost function      : KL
Initial parameter values
Fixed:
      zero = 0
       one = 1
    Tbecnw = 75200
Free:
       pc1 = 0
       pc2 = 0
       pc3 = 0
       pc4 = 0
       pc5 = 0
       pc6 = 0
       pc7 = 0
       pc8 = 0
       pc9 = 0
      pc10 = 0
      pc11 = 0
      pc12 = 0
      pc13 = 0
      pc14 = 0
Constrained:
     Tecnw = 60225.9
       Tnw = 1893
       Tec = 1987.73
     twoNe = 11638.9
     twoNc = 113567
     twoNn = 166853
     twoNw = 1.11731e+06
    twoNec = 157817
    twoNnw = 140054
  twoNecnw = 14122.7
  twoNbecnw = 88695.6
        m3 = 0.153852
        m5 = 0.345119
        m6 = 0.24736
        Tc = 946.501
        Te = 473.251
        Tf = 236.625
DiffEv reached_goal. cost=2.22898e-03 spread=2.86861e-06
Fitted parameter values
Free:
       pc1 = 0.057214
       pc2 = -1.73966
       pc3 = 0.172941
       pc4 = 0.561667
       pc5 = -1.55428
       pc6 = 1.18581
       pc7 = -1.38023
       pc8 = 0.171632
       pc9 = -0.000352496
      pc10 = -0.136299
      pc11 = 0.067919
      pc12 = -0.0545298
      pc13 = 0.0701922
      pc14 = -0.109544
Constrained:
     Tecnw = 60422.4
       Tnw = 1381.16
       Tec = 854.562
     twoNe = 1632.58
     twoNc = 312220
     twoNn = 174822
     twoNw = 1.37754e+06
    twoNec = 164097
    twoNnw = 142243
  twoNecnw = 13858.2
  twoNbecnw = 89094.7
        m3 = 0.152389
        m5 = 0.345925
        m6 = 0.249128
        Tc = 690.582
        Te = 345.291
        Tf = 172.646
#       SitePat  BranchLen
              b 148723.2680933
              e 57841.0331183
              c 60847.9641633
              n 53575.1608162
              w 55570.9185793
            b:e 2685.3144164
            b:c 3006.9510493
            b:n 2184.3537858
            b:w 2392.3132807
            e:c 12104.0407641
            e:n 6971.0903521
            e:w 6301.3785348
            c:n 5975.8763061
            c:w 5395.0614385
            n:w 14986.4319638
          b:e:c 2598.9327132
          b:e:n 1344.3414539
          b:e:w 1359.1835501
          b:c:n 1359.1835501
          b:c:w 1344.3414539
          b:n:w 2598.9327132
          e:c:n 5844.8766400
          e:c:w 5099.6455619
          e:n:w 7914.0287957
          c:n:w 6808.6288931
        b:e:c:n 2392.3132807
        b:e:c:w 2184.3537858
        b:e:n:w 3006.9510493
        b:c:n:w 2685.3144164
        e:c:n:w 62218.5645758
