########################################
# legofit: estimate population history #
#            version 2.3.3             #
########################################

# Program was compiled: Sep 12 2021 17:54:39
# Program was run: Mon Sep 20 12:11:44 2021

# cmd: legofit -1 -d 0 -t 56 --ptsPerDim 3 --stateOut b1.state --tol 3e-6 -S 5000 abcdef2.lgo ../../pan.opf
# Stage nOptItr nSimReps
#     0    5000        0
# algorithm          : deterministic
# ignoring probs <=  : 0
# Branch length floor: 0
# DE strategy        : 2
#    F               : 0.3
#    CR              : 0.8
#    tolerance       : 3e-06
# nthreads           : 56
# lgo input file     : abcdef2.lgo
# site pat input file: ../../pan.opf
# free parameters    : 20
# points in DE swarm : 60
# output state file  : b1.state
# Including singleton site patterns.
# cost function      : KL
Initial parameter values
Fixed:
      zero = 0
       one = 1
    Tbecnw = 75200
Free:
       pc1 = 0
       pc2 = 0
       pc3 = 0
       pc4 = 0
       pc5 = 0
       pc6 = 0
       pc7 = 0
       pc8 = 0
       pc9 = 0
      pc10 = 0
      pc11 = 0
      pc12 = 0
      pc13 = 0
      pc14 = 0
      pc15 = 0
      pc16 = 0
      pc17 = 0
      pc18 = 0
      pc19 = 0
      pc20 = 0
Constrained:
   Tgbecnw = 130766
     Tecnw = 28342.1
       Tnw = 18214.4
       Tec = 14491.4
     twoNb = 856266
     twoNe = 141964
     twoNc = 4.62855e+06
     twoNn = 4.82452e+06
     twoNw = 9.50443e+07
    twoNec = 87527.3
    twoNnw = 31803.9
  twoNecnw = 72941.9
  twoNbecnw = 17991.4
  twoNgbecnw = 416391
         m = 0.0796225
        m2 = 0.0311533
        m3 = 0.266257
        m4 = 4.05913e-07
        m5 = 0.130405
        m6 = 0.00712224
        Tb = 21416.7
        Ta = 48308.4
        Tc = 9107.22
        Td = 4553.61
        Te = 2276.81
        Tf = 1138.4
DiffEv reached_goal. cost=1.52266e-03 spread=2.86935e-06
Fitted parameter values
Free:
       pc1 = -3.85462
       pc2 = -1.95886
       pc3 = -1.99158
       pc4 = 0.134648
       pc5 = 0.5596
       pc6 = 1.35718
       pc7 = 1.56563
       pc8 = 1.96198
       pc9 = 1.97572
      pc10 = -1.74203
      pc11 = 0.484914
      pc12 = -0.758132
      pc13 = 0.089191
      pc14 = 0.0348145
      pc15 = 0.127041
      pc16 = 0.0299288
      pc17 = 0.00306831
      pc18 = -0.0455194
      pc19 = -0.0370219
      pc20 = 0.00850542
Constrained:
   Tgbecnw = 99971.8
     Tecnw = 26092
       Tnw = 18723.4
       Tec = 15809.6
     twoNb = 585850
     twoNe = 167314
     twoNc = 1.35661e+07
     twoNn = 8.89706e+06
     twoNw = 1.6434e+08
    twoNec = 65359.1
    twoNnw = 22834.9
  twoNecnw = 72153
  twoNbecnw = 8209.99
  twoNgbecnw = 490659
         m = 0.0633133
        m2 = 0.0303234
        m3 = 0.266983
        m4 = 3.00585e-06
        m5 = 0.12779
        m6 = 0.00524654
        Tb = 20950.8
        Ta = 48075.4
        Tc = 9361.72
        Td = 4680.86
        Te = 2340.43
        Tf = 1170.22
#       SitePat  BranchLen
              b 125229.6160936
              e 48859.7103080
              c 51192.6261570
              n 44988.9598427
              w 47173.3031712
            b:e 2156.4207345
            b:c 2421.8919170
            b:n 1651.5456798
            b:w 1800.2837076
            e:c 10398.5511153
            e:n 5859.9174275
            e:w 5211.0638155
            c:n 5336.4972729
            c:w 4479.6557921
            n:w 12562.6900966
          b:e:c 2014.4122759
          b:e:n 1044.2804881
          b:e:w 1080.0706402
          b:c:n 1071.9798046
          b:c:w 1071.7666359
          b:n:w 2003.2608564
          e:c:n 5063.8197660
          e:c:w 4232.0628955
          e:n:w 6473.9263992
          c:n:w 5466.1578713
        b:e:c:n 2047.3394510
        b:e:c:w 2016.1331068
        b:e:n:w 3242.5191916
        b:c:n:w 2887.3335397
        e:c:n:w 52038.6266376
