########################################
# legofit: estimate population history #
#       version 2.3.4-4-g53f8760       #
########################################

# Program was compiled: Sep 21 2021 14:36:42
# Program was run: Wed Sep 22 04:06:02 2021

# cmd: legofit -1 -d 0 -t 56 --ptsPerDim 3 --stateOut b1boot45.state --tol 3e-6 -S 5000 abcdef2.lgo ../../boot/boot45.opf
# Stage nOptItr nSimReps
#     0    5000        0
# algorithm          : deterministic
# ignoring probs <=  : 0
# Branch length floor: 0
# DE strategy        : 2
#    F               : 0.3
#    CR              : 0.8
#    tolerance       : 3e-06
# nthreads           : 56
# lgo input file     : abcdef2.lgo
# site pat input file: ../../boot/boot45.opf
# free parameters    : 20
# points in DE swarm : 60
# output state file  : b1boot45.state
# Including singleton site patterns.
# cost function      : KL
Initial parameter values
Fixed:
      zero = 0
       one = 1
    Tbecnw = 75200
Free:
       pc1 = 0
       pc2 = 0
       pc3 = 0
       pc4 = 0
       pc5 = 0
       pc6 = 0
       pc7 = 0
       pc8 = 0
       pc9 = 0
      pc10 = 0
      pc11 = 0
      pc12 = 0
      pc13 = 0
      pc14 = 0
      pc15 = 0
      pc16 = 0
      pc17 = 0
      pc18 = 0
      pc19 = 0
      pc20 = 0
Constrained:
   Tgbecnw = 130766
     Tecnw = 28342.1
       Tnw = 18214.4
       Tec = 14491.4
     twoNb = 856266
     twoNe = 141964
     twoNc = 4.62855e+06
     twoNn = 4.82452e+06
     twoNw = 9.50443e+07
    twoNec = 87527.3
    twoNnw = 31803.9
  twoNecnw = 72941.9
  twoNbecnw = 17991.4
  twoNgbecnw = 416391
         m = 0.0796225
        m2 = 0.0311533
        m3 = 0.266257
        m4 = 4.05913e-07
        m5 = 0.130405
        m6 = 0.00712224
        Tb = 21416.7
        Ta = 48308.4
        Tc = 9107.22
        Td = 4553.61
        Te = 2276.81
        Tf = 1138.4
DiffEv reached_goal. cost=1.56265e-03 spread=2.99480e-06
Fitted parameter values
Free:
       pc1 = -3.9526
       pc2 = -1.92651
       pc3 = -1.9694
       pc4 = 0.0580568
       pc5 = -0.018094
       pc6 = 0.92189
       pc7 = 1.98148
       pc8 = 1.82143
       pc9 = 1.99756
      pc10 = -1.38962
      pc11 = -0.114445
      pc12 = -0.45386
      pc13 = 0.133978
      pc14 = -0.0293261
      pc15 = 0.0655359
      pc16 = -0.0459469
      pc17 = -0.0252021
      pc18 = -0.0255994
      pc19 = -0.055618
      pc20 = 0.00545717
Constrained:
   Tgbecnw = 99623.6
     Tecnw = 25976.1
       Tnw = 19418.8
       Tec = 15428.7
     twoNb = 542128
     twoNe = 143655
     twoNc = 1.05629e+07
     twoNn = 8.86643e+06
     twoNw = 1.41652e+08
    twoNec = 67956.4
    twoNnw = 20138.5
  twoNecnw = 73129.6
  twoNbecnw = 8124.31
  twoNgbecnw = 481629
         m = 0.0661107
        m2 = 0.0300517
        m3 = 0.269498
        m4 = 2.66264e-06
        m5 = 0.127575
        m6 = 0.00670738
        Tb = 20702.4
        Ta = 47951.2
        Tc = 9709.4
        Td = 4854.7
        Te = 2427.35
        Tf = 1213.68
#       SitePat  BranchLen
              b 125719.1204996
              e 48939.4168672
              c 51258.7918164
              n 45058.0617651
              w 47265.2768438
            b:e 2163.8085103
            b:c 2429.4111381
            b:n 1646.5595432
            b:w 1790.8789468
            e:c 10388.2864016
            e:n 5886.4154038
            e:w 5213.4529525
            c:n 5355.0562620
            c:w 4498.0052963
            n:w 12527.3694624
          b:e:c 2007.7788833
          b:e:n 1044.1521534
          b:e:w 1078.0979402
          b:c:n 1070.3095617
          b:c:w 1071.6750635
          b:n:w 1994.1764316
          e:c:n 5040.5138375
          e:c:w 4211.7991741
          e:n:w 6478.0781088
          c:n:w 5473.4994667
        b:e:c:n 2040.5946892
        b:e:c:w 2012.4770337
        b:e:n:w 3243.4120311
        b:c:n:w 2890.0853474
        e:c:n:w 52454.2539268
