########################################
# legofit: estimate population history #
#            version 2.3.3             #
########################################

# Program was compiled: Sep 12 2021 17:54:39
# Program was run: Tue Sep 21 12:13:33 2021

# cmd: legofit -1 -d 0 -t 56 --ptsPerDim 3 --stateOut b1boot18.state --tol 3e-6 -S 5000 abcdef2.lgo ../../boot/boot18.opf
# Stage nOptItr nSimReps
#     0    5000        0
# algorithm          : deterministic
# ignoring probs <=  : 0
# Branch length floor: 0
# DE strategy        : 2
#    F               : 0.3
#    CR              : 0.8
#    tolerance       : 3e-06
# nthreads           : 56
# lgo input file     : abcdef2.lgo
# site pat input file: ../../boot/boot18.opf
# free parameters    : 20
# points in DE swarm : 60
# output state file  : b1boot18.state
# Including singleton site patterns.
# cost function      : KL
Initial parameter values
Fixed:
      zero = 0
       one = 1
    Tbecnw = 75200
Free:
       pc1 = 0
       pc2 = 0
       pc3 = 0
       pc4 = 0
       pc5 = 0
       pc6 = 0
       pc7 = 0
       pc8 = 0
       pc9 = 0
      pc10 = 0
      pc11 = 0
      pc12 = 0
      pc13 = 0
      pc14 = 0
      pc15 = 0
      pc16 = 0
      pc17 = 0
      pc18 = 0
      pc19 = 0
      pc20 = 0
Constrained:
   Tgbecnw = 130766
     Tecnw = 28342.1
       Tnw = 18214.4
       Tec = 14491.4
     twoNb = 856266
     twoNe = 141964
     twoNc = 4.62855e+06
     twoNn = 4.82452e+06
     twoNw = 9.50443e+07
    twoNec = 87527.3
    twoNnw = 31803.9
  twoNecnw = 72941.9
  twoNbecnw = 17991.4
  twoNgbecnw = 416391
         m = 0.0796225
        m2 = 0.0311533
        m3 = 0.266257
        m4 = 4.05913e-07
        m5 = 0.130405
        m6 = 0.00712224
        Tb = 21416.7
        Ta = 48308.4
        Tc = 9107.22
        Td = 4553.61
        Te = 2276.81
        Tf = 1138.4
DiffEv reached_goal. cost=1.52041e-03 spread=2.98279e-06
Fitted parameter values
Free:
       pc1 = -3.98487
       pc2 = -1.93201
       pc3 = -1.93992
       pc4 = 0.764678
       pc5 = -0.019351
       pc6 = -0.011889
       pc7 = 1.72472
       pc8 = 1.96744
       pc9 = 1.78254
      pc10 = -0.273335
      pc11 = 0.214632
      pc12 = -0.13248
      pc13 = 0.103011
      pc14 = 0.243807
      pc15 = 0.109909
      pc16 = -0.297177
      pc17 = -0.0188924
      pc18 = -0.0166168
      pc19 = -0.0264962
      pc20 = 0.0235239
Constrained:
   Tgbecnw = 99658.5
     Tecnw = 25902.1
       Tnw = 19634.5
       Tec = 16003.6
     twoNb = 646215
     twoNe = 152556
     twoNc = 3.20213e+06
     twoNn = 7.58163e+06
     twoNw = 1.27981e+08
    twoNec = 62431.9
    twoNnw = 19029.2
  twoNecnw = 73418.7
  twoNbecnw = 8051.48
  twoNgbecnw = 498508
         m = 0.0631627
        m2 = 0.0306367
        m3 = 0.27132
        m4 = 1.65057e-06
        m5 = 0.128871
        m6 = 0.00577168
        Tb = 20952.8
        Ta = 48076.4
        Tc = 9817.26
        Td = 4908.63
        Te = 2454.32
        Tf = 1227.16
#       SitePat  BranchLen
              b 125409.2389776
              e 48903.3602963
              c 51277.6859728
              n 45015.5783302
              w 47255.0602482
            b:e 2146.8606399
            b:c 2416.8423909
            b:n 1644.2730096
            b:w 1800.6905999
            e:c 10423.8492581
            e:n 5882.1115258
            e:w 5208.3341459
            c:n 5348.3236653
            c:w 4473.8601101
            n:w 12557.5162828
          b:e:c 2019.5057634
          b:e:n 1043.8589533
          b:e:w 1080.8463559
          b:c:n 1071.6756163
          b:c:w 1073.4030794
          b:n:w 2011.0051950
          e:c:n 5060.3315732
          e:c:w 4203.1396890
          e:n:w 6481.1420517
          c:n:w 5450.3967512
        b:e:c:n 2050.8859249
        b:e:c:w 2021.7044033
        b:e:n:w 3274.5054053
        b:c:n:w 2908.8317736
        e:c:n:w 52173.6922341
