########################################
# legofit: estimate population history #
#       version 2.3.4-4-g53f8760       #
########################################

# Program was compiled: Sep 21 2021 14:36:42
# Program was run: Wed Sep 22 04:05:21 2021

# cmd: legofit -1 -d 0 -t 56 --ptsPerDim 3 --stateOut b1boot43.state --tol 3e-6 -S 5000 abcdef2.lgo ../../boot/boot43.opf
# Stage nOptItr nSimReps
#     0    5000        0
# algorithm          : deterministic
# ignoring probs <=  : 0
# Branch length floor: 0
# DE strategy        : 2
#    F               : 0.3
#    CR              : 0.8
#    tolerance       : 3e-06
# nthreads           : 56
# lgo input file     : abcdef2.lgo
# site pat input file: ../../boot/boot43.opf
# free parameters    : 20
# points in DE swarm : 60
# output state file  : b1boot43.state
# Including singleton site patterns.
# cost function      : KL
Initial parameter values
Fixed:
      zero = 0
       one = 1
    Tbecnw = 75200
Free:
       pc1 = 0
       pc2 = 0
       pc3 = 0
       pc4 = 0
       pc5 = 0
       pc6 = 0
       pc7 = 0
       pc8 = 0
       pc9 = 0
      pc10 = 0
      pc11 = 0
      pc12 = 0
      pc13 = 0
      pc14 = 0
      pc15 = 0
      pc16 = 0
      pc17 = 0
      pc18 = 0
      pc19 = 0
      pc20 = 0
Constrained:
   Tgbecnw = 130766
     Tecnw = 28342.1
       Tnw = 18214.4
       Tec = 14491.4
     twoNb = 856266
     twoNe = 141964
     twoNc = 4.62855e+06
     twoNn = 4.82452e+06
     twoNw = 9.50443e+07
    twoNec = 87527.3
    twoNnw = 31803.9
  twoNecnw = 72941.9
  twoNbecnw = 17991.4
  twoNgbecnw = 416391
         m = 0.0796225
        m2 = 0.0311533
        m3 = 0.266257
        m4 = 4.05913e-07
        m5 = 0.130405
        m6 = 0.00712224
        Tb = 21416.7
        Ta = 48308.4
        Tc = 9107.22
        Td = 4553.61
        Te = 2276.81
        Tf = 1138.4
DiffEv reached_goal. cost=1.55723e-03 spread=2.99770e-06
Fitted parameter values
Free:
       pc1 = -3.82632
       pc2 = -1.99712
       pc3 = -1.81223
       pc4 = 0.397965
       pc5 = 0.713877
       pc6 = 0.299589
       pc7 = 1.4343
       pc8 = 1.63021
       pc9 = 1.66871
      pc10 = -0.159186
      pc11 = 0.178883
      pc12 = -0.966667
      pc13 = -0.57693
      pc14 = 0.541935
      pc15 = 0.282335
      pc16 = 0.073309
      pc17 = 0.0911679
      pc18 = -0.0275506
      pc19 = -0.0449357
      pc20 = 0.0334045
Constrained:
   Tgbecnw = 101019
     Tecnw = 26278
       Tnw = 19246.3
       Tec = 15947.4
     twoNb = 631848
     twoNe = 184000
     twoNc = 6.18432e+06
     twoNn = 5.01247e+06
     twoNw = 2.14309e+08
    twoNec = 65516.1
    twoNnw = 21591
  twoNecnw = 71785.1
  twoNbecnw = 8623.63
  twoNgbecnw = 480044
         m = 0.0643738
        m2 = 0.0300194
        m3 = 0.271344
        m4 = 1.51437e-06
        m5 = 0.130819
        m6 = 0.00250511
        Tb = 21112.7
        Ta = 48156.3
        Tc = 9623.17
        Td = 4811.58
        Te = 2405.79
        Tf = 1202.9
#       SitePat  BranchLen
              b 125447.7479125
              e 48959.6825890
              c 51342.0187557
              n 45156.4228221
              w 47340.7457558
            b:e 2159.3199356
            b:c 2434.1580121
            b:n 1663.4099514
            b:w 1816.2190525
            e:c 10412.1726799
            e:n 5843.3869520
            e:w 5240.8806524
            c:n 5361.9121493
            c:w 4460.9702823
            n:w 12529.3024106
          b:e:c 2027.7535352
          b:e:n 1048.5429494
          b:e:w 1091.3963275
          b:c:n 1083.0010991
          b:c:w 1075.9730390
          b:n:w 2018.4023880
          e:c:n 5089.0836779
          e:c:w 4251.2237302
          e:n:w 6517.1373160
          c:n:w 5470.4445346
        b:e:c:n 2060.8588264
        b:e:c:w 2029.2096217
        b:e:n:w 3256.8749552
        b:c:n:w 2888.7437896
        e:c:n:w 52114.0877814
