########################################
# legofit: estimate population history #
#       version 2.3.4-4-g53f8760       #
########################################

# Program was compiled: Sep 21 2021 14:36:42
# Program was run: Tue Sep 21 19:16:02 2021

# cmd: legofit -1 -d 0 -t 56 --ptsPerDim 3 --stateOut b1boot25.state --tol 3e-6 -S 5000 abcdef2.lgo ../../boot/boot25.opf
# Stage nOptItr nSimReps
#     0    5000        0
# algorithm          : deterministic
# ignoring probs <=  : 0
# Branch length floor: 0
# DE strategy        : 2
#    F               : 0.3
#    CR              : 0.8
#    tolerance       : 3e-06
# nthreads           : 56
# lgo input file     : abcdef2.lgo
# site pat input file: ../../boot/boot25.opf
# free parameters    : 20
# points in DE swarm : 60
# output state file  : b1boot25.state
# Including singleton site patterns.
# cost function      : KL
Initial parameter values
Fixed:
      zero = 0
       one = 1
    Tbecnw = 75200
Free:
       pc1 = 0
       pc2 = 0
       pc3 = 0
       pc4 = 0
       pc5 = 0
       pc6 = 0
       pc7 = 0
       pc8 = 0
       pc9 = 0
      pc10 = 0
      pc11 = 0
      pc12 = 0
      pc13 = 0
      pc14 = 0
      pc15 = 0
      pc16 = 0
      pc17 = 0
      pc18 = 0
      pc19 = 0
      pc20 = 0
Constrained:
   Tgbecnw = 130766
     Tecnw = 28342.1
       Tnw = 18214.4
       Tec = 14491.4
     twoNb = 856266
     twoNe = 141964
     twoNc = 4.62855e+06
     twoNn = 4.82452e+06
     twoNw = 9.50443e+07
    twoNec = 87527.3
    twoNnw = 31803.9
  twoNecnw = 72941.9
  twoNbecnw = 17991.4
  twoNgbecnw = 416391
         m = 0.0796225
        m2 = 0.0311533
        m3 = 0.266257
        m4 = 4.05913e-07
        m5 = 0.130405
        m6 = 0.00712224
        Tb = 21416.7
        Ta = 48308.4
        Tc = 9107.22
        Td = 4553.61
        Te = 2276.81
        Tf = 1138.4
DiffEv reached_goal. cost=1.52874e-03 spread=2.32116e-06
Fitted parameter values
Free:
       pc1 = -2.6148
       pc2 = -1.96009
       pc3 = -1.97833
       pc4 = 0.794641
       pc5 = 0.0671469
       pc6 = 1.51486
       pc7 = 1.93036
       pc8 = 1.95763
       pc9 = 1.72497
      pc10 = -0.954891
      pc11 = 0.0990959
      pc12 = -0.152923
      pc13 = 0.113309
      pc14 = 0.199507
      pc15 = 0.171264
      pc16 = -0.0963644
      pc17 = -0.0240972
      pc18 = -0.0381334
      pc19 = -0.0242324
      pc20 = -0.00834108
Constrained:
   Tgbecnw = 101427
     Tecnw = 26443.9
       Tnw = 18619
       Tec = 14663.8
     twoNb = 667848
     twoNe = 138308
     twoNc = 9.35757e+06
     twoNn = 4.5082e+06
     twoNw = 7.17938e+07
    twoNec = 74551.5
    twoNnw = 23941.4
  twoNecnw = 71915.8
  twoNbecnw = 8696.74
  twoNgbecnw = 481955
         m = 0.064395
        m2 = 0.0307296
        m3 = 0.265634
        m4 = 2.50019e-06
        m5 = 0.132688
        m6 = 0.00933215
        Tb = 20553.8
        Ta = 47876.9
        Tc = 9309.52
        Td = 4654.76
        Te = 2327.38
        Tf = 1163.69
#       SitePat  BranchLen
              b 125405.7534977
              e 48999.8285837
              c 51379.6883208
              n 45078.8371921
              w 47261.2172023
            b:e 2147.5471855
            b:c 2415.1920924
            b:n 1643.1118482
            b:w 1790.3670548
            e:c 10431.4005060
            e:n 5876.9293175
            e:w 5222.8462865
            c:n 5345.3891971
            c:w 4475.1803408
            n:w 12605.7834321
          b:e:c 2007.4860424
          b:e:n 1040.8321817
          b:e:w 1077.7955310
          b:c:n 1069.1899800
          b:c:w 1068.7443263
          b:n:w 1999.5253691
          e:c:n 5033.6415167
          e:c:w 4214.5667833
          e:n:w 6499.8426293
          c:n:w 5473.9875503
        b:e:c:n 2031.6668777
        b:e:c:w 2008.8806202
        b:e:n:w 3256.2771528
        b:c:n:w 2894.5270450
        e:c:n:w 52007.3557274
