########################################
# legofit: estimate population history #
#            version 2.3.3             #
########################################

# Program was compiled: Sep 12 2021 17:54:39
# Program was run: Tue Sep 21 09:46:48 2021

# cmd: legofit -1 -d 0 -t 56 --ptsPerDim 3 --stateOut b1boot15.state --tol 3e-6 -S 5000 abcdef2.lgo ../../boot/boot15.opf
# Stage nOptItr nSimReps
#     0    5000        0
# algorithm          : deterministic
# ignoring probs <=  : 0
# Branch length floor: 0
# DE strategy        : 2
#    F               : 0.3
#    CR              : 0.8
#    tolerance       : 3e-06
# nthreads           : 56
# lgo input file     : abcdef2.lgo
# site pat input file: ../../boot/boot15.opf
# free parameters    : 20
# points in DE swarm : 60
# output state file  : b1boot15.state
# Including singleton site patterns.
# cost function      : KL
Initial parameter values
Fixed:
      zero = 0
       one = 1
    Tbecnw = 75200
Free:
       pc1 = 0
       pc2 = 0
       pc3 = 0
       pc4 = 0
       pc5 = 0
       pc6 = 0
       pc7 = 0
       pc8 = 0
       pc9 = 0
      pc10 = 0
      pc11 = 0
      pc12 = 0
      pc13 = 0
      pc14 = 0
      pc15 = 0
      pc16 = 0
      pc17 = 0
      pc18 = 0
      pc19 = 0
      pc20 = 0
Constrained:
   Tgbecnw = 130766
     Tecnw = 28342.1
       Tnw = 18214.4
       Tec = 14491.4
     twoNb = 856266
     twoNe = 141964
     twoNc = 4.62855e+06
     twoNn = 4.82452e+06
     twoNw = 9.50443e+07
    twoNec = 87527.3
    twoNnw = 31803.9
  twoNecnw = 72941.9
  twoNbecnw = 17991.4
  twoNgbecnw = 416391
         m = 0.0796225
        m2 = 0.0311533
        m3 = 0.266257
        m4 = 4.05913e-07
        m5 = 0.130405
        m6 = 0.00712224
        Tb = 21416.7
        Ta = 48308.4
        Tc = 9107.22
        Td = 4553.61
        Te = 2276.81
        Tf = 1138.4
DiffEv reached_goal. cost=1.52396e-03 spread=2.97199e-06
Fitted parameter values
Free:
       pc1 = -3.91398
       pc2 = -1.98813
       pc3 = -1.92121
       pc4 = -0.716572
       pc5 = 0.333704
       pc6 = 1.12796
       pc7 = 1.82366
       pc8 = 1.84161
       pc9 = 1.91009
      pc10 = -1.46029
      pc11 = 0.0232961
      pc12 = -0.645177
      pc13 = -0.18086
      pc14 = 0.228581
      pc15 = 0.153748
      pc16 = -0.145693
      pc17 = -0.0439409
      pc18 = -0.0784774
      pc19 = -0.0457837
      pc20 = 0.0528213
Constrained:
   Tgbecnw = 100111
     Tecnw = 26105.7
       Tnw = 19040.6
       Tec = 15316.8
     twoNb = 564882
     twoNe = 146873
     twoNc = 1.3449e+07
     twoNn = 7.64316e+06
     twoNw = 1.78292e+08
    twoNec = 68848.7
    twoNnw = 21698.4
  twoNecnw = 72409.1
  twoNbecnw = 8351.13
  twoNgbecnw = 468279
         m = 0.0668881
        m2 = 0.0298684
        m3 = 0.2706
        m4 = 2.79395e-06
        m5 = 0.126577
        m6 = 0.00126211
        Tb = 20711.2
        Ta = 47955.6
        Tc = 9520.3
        Td = 4760.15
        Te = 2380.07
        Tf = 1190.04
#       SitePat  BranchLen
              b 125380.2711548
              e 48827.4792122
              c 51217.6153528
              n 45007.4663401
              w 47269.7830945
            b:e 2143.4688639
            b:c 2415.1417296
            b:n 1639.7266947
            b:w 1790.1467868
            e:c 10444.1732392
            e:n 5876.3679648
            e:w 5203.8389234
            c:n 5341.7978973
            c:w 4453.5623251
            n:w 12565.4728053
          b:e:c 2003.5399730
          b:e:n 1035.5893091
          b:e:w 1071.9606302
          b:c:n 1064.0542512
          b:c:w 1063.1465907
          b:n:w 1991.8238912
          e:c:n 5068.1374541
          e:c:w 4216.3658210
          e:n:w 6478.1563269
          c:n:w 5442.4726971
        b:e:c:n 2034.6080152
        b:e:c:w 1998.9437910
        b:e:n:w 3217.8855850
        b:c:n:w 2856.9559556
        e:c:n:w 52086.7482569
