########################################
# legofit: estimate population history #
#       version 2.3.4-4-g53f8760       #
########################################

# Program was compiled: Sep 21 2021 14:36:42
# Program was run: Wed Sep 22 04:51:14 2021

# cmd: legofit -1 -d 0 -t 56 --ptsPerDim 3 --stateOut b1boot49.state --tol 3e-6 -S 5000 abcdef2.lgo ../../boot/boot49.opf
# Stage nOptItr nSimReps
#     0    5000        0
# algorithm          : deterministic
# ignoring probs <=  : 0
# Branch length floor: 0
# DE strategy        : 2
#    F               : 0.3
#    CR              : 0.8
#    tolerance       : 3e-06
# nthreads           : 56
# lgo input file     : abcdef2.lgo
# site pat input file: ../../boot/boot49.opf
# free parameters    : 20
# points in DE swarm : 60
# output state file  : b1boot49.state
# Including singleton site patterns.
# cost function      : KL
Initial parameter values
Fixed:
      zero = 0
       one = 1
    Tbecnw = 75200
Free:
       pc1 = 0
       pc2 = 0
       pc3 = 0
       pc4 = 0
       pc5 = 0
       pc6 = 0
       pc7 = 0
       pc8 = 0
       pc9 = 0
      pc10 = 0
      pc11 = 0
      pc12 = 0
      pc13 = 0
      pc14 = 0
      pc15 = 0
      pc16 = 0
      pc17 = 0
      pc18 = 0
      pc19 = 0
      pc20 = 0
Constrained:
   Tgbecnw = 130766
     Tecnw = 28342.1
       Tnw = 18214.4
       Tec = 14491.4
     twoNb = 856266
     twoNe = 141964
     twoNc = 4.62855e+06
     twoNn = 4.82452e+06
     twoNw = 9.50443e+07
    twoNec = 87527.3
    twoNnw = 31803.9
  twoNecnw = 72941.9
  twoNbecnw = 17991.4
  twoNgbecnw = 416391
         m = 0.0796225
        m2 = 0.0311533
        m3 = 0.266257
        m4 = 4.05913e-07
        m5 = 0.130405
        m6 = 0.00712224
        Tb = 21416.7
        Ta = 48308.4
        Tc = 9107.22
        Td = 4553.61
        Te = 2276.81
        Tf = 1138.4
DiffEv reached_goal. cost=1.56054e-03 spread=1.27663e-06
Fitted parameter values
Free:
       pc1 = -3.98516
       pc2 = -1.99513
       pc3 = -1.98824
       pc4 = 0.426431
       pc5 = 0.152432
       pc6 = 0.923923
       pc7 = 1.69756
       pc8 = 1.94503
       pc9 = 1.94456
      pc10 = -1.04109
      pc11 = -0.275073
      pc12 = -0.721265
      pc13 = -0.208777
      pc14 = 0.285679
      pc15 = 0.182646
      pc16 = -0.107982
      pc17 = -0.0293324
      pc18 = -0.0447596
      pc19 = -0.0469911
      pc20 = 0.0254926
Constrained:
   Tgbecnw = 98828.6
     Tecnw = 26008.3
       Tnw = 19111.9
       Tec = 15660.8
     twoNb = 502492
     twoNe = 159046
     twoNc = 8.49019e+06
     twoNn = 7.12239e+06
     twoNw = 1.40731e+08
    twoNec = 65615
    twoNnw = 21291.6
  twoNecnw = 72798.6
  twoNbecnw = 7911.33
  twoNgbecnw = 477857
         m = 0.0657783
        m2 = 0.0299986
        m3 = 0.269236
        m4 = 2.40705e-06
        m5 = 0.130521
        m6 = 0.00506398
        Tb = 20834.6
        Ta = 48017.3
        Tc = 9555.93
        Td = 4777.97
        Te = 2388.98
        Tf = 1194.49
#       SitePat  BranchLen
              b 125280.5545824
              e 48803.3076923
              c 51171.3875326
              n 45011.7545563
              w 47226.7523518
            b:e 2167.1832238
            b:c 2441.2307028
            b:n 1654.4736086
            b:w 1799.1250610
            e:c 10400.1444221
            e:n 5872.5770030
            e:w 5227.2676964
            c:n 5352.8457041
            c:w 4476.1797802
            n:w 12518.4114004
          b:e:c 2014.7321166
          b:e:n 1044.9278296
          b:e:w 1081.7837029
          b:c:n 1074.6615511
          b:c:w 1071.9419265
          b:n:w 1999.1600198
          e:c:n 5059.9088076
          e:c:w 4223.3943048
          e:n:w 6481.5629961
          c:n:w 5451.1964463
        b:e:c:n 2051.3962897
        b:e:c:w 2016.1005610
        b:e:n:w 3232.2440240
        b:c:n:w 2871.4105090
        e:c:n:w 52124.3951769
