########################################
# legofit: estimate population history #
#       version 2.3.4-4-g53f8760       #
########################################

# Program was compiled: Sep 21 2021 14:36:42
# Program was run: Wed Sep 22 02:47:30 2021

# cmd: legofit -1 -d 0 -t 56 --ptsPerDim 3 --stateOut b1boot36.state --tol 3e-6 -S 5000 abcdef2.lgo ../../boot/boot36.opf
# Stage nOptItr nSimReps
#     0    5000        0
# algorithm          : deterministic
# ignoring probs <=  : 0
# Branch length floor: 0
# DE strategy        : 2
#    F               : 0.3
#    CR              : 0.8
#    tolerance       : 3e-06
# nthreads           : 56
# lgo input file     : abcdef2.lgo
# site pat input file: ../../boot/boot36.opf
# free parameters    : 20
# points in DE swarm : 60
# output state file  : b1boot36.state
# Including singleton site patterns.
# cost function      : KL
Initial parameter values
Fixed:
      zero = 0
       one = 1
    Tbecnw = 75200
Free:
       pc1 = 0
       pc2 = 0
       pc3 = 0
       pc4 = 0
       pc5 = 0
       pc6 = 0
       pc7 = 0
       pc8 = 0
       pc9 = 0
      pc10 = 0
      pc11 = 0
      pc12 = 0
      pc13 = 0
      pc14 = 0
      pc15 = 0
      pc16 = 0
      pc17 = 0
      pc18 = 0
      pc19 = 0
      pc20 = 0
Constrained:
   Tgbecnw = 130766
     Tecnw = 28342.1
       Tnw = 18214.4
       Tec = 14491.4
     twoNb = 856266
     twoNe = 141964
     twoNc = 4.62855e+06
     twoNn = 4.82452e+06
     twoNw = 9.50443e+07
    twoNec = 87527.3
    twoNnw = 31803.9
  twoNecnw = 72941.9
  twoNbecnw = 17991.4
  twoNgbecnw = 416391
         m = 0.0796225
        m2 = 0.0311533
        m3 = 0.266257
        m4 = 4.05913e-07
        m5 = 0.130405
        m6 = 0.00712224
        Tb = 21416.7
        Ta = 48308.4
        Tc = 9107.22
        Td = 4553.61
        Te = 2276.81
        Tf = 1138.4
DiffEv reached_goal. cost=1.53846e-03 spread=2.89712e-06
Fitted parameter values
Free:
       pc1 = -3.77434
       pc2 = -1.92885
       pc3 = -1.94292
       pc4 = 1.058
       pc5 = 0.0347014
       pc6 = 0.937185
       pc7 = 1.56869
       pc8 = 1.89454
       pc9 = 1.73083
      pc10 = -0.600839
      pc11 = -0.303689
      pc12 = -0.343468
      pc13 = 0.000277739
      pc14 = 0.377277
      pc15 = 0.190287
      pc16 = -0.112742
      pc17 = 0.0793782
      pc18 = -0.0236046
      pc19 = -0.0222356
      pc20 = 0.0382466
Constrained:
   Tgbecnw = 99669.4
     Tecnw = 26062.7
       Tnw = 19329.9
       Tec = 15544.3
     twoNb = 529085
     twoNe = 159224
     twoNc = 5.91549e+06
     twoNn = 5.34567e+06
     twoNw = 9.82076e+07
    twoNec = 65906.4
    twoNnw = 20681.8
  twoNecnw = 73545.1
  twoNbecnw = 8117.81
  twoNgbecnw = 486258
         m = 0.0650676
        m2 = 0.0304301
        m3 = 0.267076
        m4 = 2.0048e-06
        m5 = 0.132281
        m6 = 0.00696047
        Tb = 20803.5
        Ta = 48001.7
        Tc = 9664.96
        Td = 4832.48
        Te = 2416.24
        Tf = 1208.12
#       SitePat  BranchLen
              b 125487.5738417
              e 48963.0642046
              c 51328.0542593
              n 45154.3807733
              w 47356.9662289
            b:e 2169.5233927
            b:c 2443.3061100
            b:n 1656.8706542
            b:w 1802.2651899
            e:c 10460.0357336
            e:n 5865.1731033
            e:w 5231.7915667
            c:n 5360.2003295
            c:w 4474.1793022
            n:w 12569.6993774
          b:e:c 2025.4377380
          b:e:n 1045.8483667
          b:e:w 1084.7895990
          b:c:n 1077.0695955
          b:c:w 1073.3854118
          b:n:w 2012.0223582
          e:c:n 5047.5273843
          e:c:w 4214.4433141
          e:n:w 6479.9714602
          c:n:w 5447.9322170
        b:e:c:n 2056.2506818
        b:e:c:w 2025.5003102
        b:e:n:w 3260.3761767
        b:c:n:w 2896.4106291
        e:c:n:w 52186.8971606
