########################################
# legofit: estimate population history #
#            version 2.3.3             #
########################################

# Program was compiled: Sep 12 2021 17:54:39
# Program was run: Tue Sep 21 07:37:33 2021

# cmd: legofit -1 -d 0 -t 56 --ptsPerDim 3 --stateOut b1boot13.state --tol 3e-6 -S 5000 abcdef2.lgo ../../boot/boot13.opf
# Stage nOptItr nSimReps
#     0    5000        0
# algorithm          : deterministic
# ignoring probs <=  : 0
# Branch length floor: 0
# DE strategy        : 2
#    F               : 0.3
#    CR              : 0.8
#    tolerance       : 3e-06
# nthreads           : 56
# lgo input file     : abcdef2.lgo
# site pat input file: ../../boot/boot13.opf
# free parameters    : 20
# points in DE swarm : 60
# output state file  : b1boot13.state
# Including singleton site patterns.
# cost function      : KL
Initial parameter values
Fixed:
      zero = 0
       one = 1
    Tbecnw = 75200
Free:
       pc1 = 0
       pc2 = 0
       pc3 = 0
       pc4 = 0
       pc5 = 0
       pc6 = 0
       pc7 = 0
       pc8 = 0
       pc9 = 0
      pc10 = 0
      pc11 = 0
      pc12 = 0
      pc13 = 0
      pc14 = 0
      pc15 = 0
      pc16 = 0
      pc17 = 0
      pc18 = 0
      pc19 = 0
      pc20 = 0
Constrained:
   Tgbecnw = 130766
     Tecnw = 28342.1
       Tnw = 18214.4
       Tec = 14491.4
     twoNb = 856266
     twoNe = 141964
     twoNc = 4.62855e+06
     twoNn = 4.82452e+06
     twoNw = 9.50443e+07
    twoNec = 87527.3
    twoNnw = 31803.9
  twoNecnw = 72941.9
  twoNbecnw = 17991.4
  twoNgbecnw = 416391
         m = 0.0796225
        m2 = 0.0311533
        m3 = 0.266257
        m4 = 4.05913e-07
        m5 = 0.130405
        m6 = 0.00712224
        Tb = 21416.7
        Ta = 48308.4
        Tc = 9107.22
        Td = 4553.61
        Te = 2276.81
        Tf = 1138.4
DiffEv reached_goal. cost=1.52210e-03 spread=2.44418e-06
Fitted parameter values
Free:
       pc1 = -3.91338
       pc2 = -1.44342
       pc3 = -1.96753
       pc4 = 0.780778
       pc5 = 0.502864
       pc6 = 1.52414
       pc7 = 1.75345
       pc8 = 1.94226
       pc9 = 1.75607
      pc10 = -1.25657
      pc11 = -0.202051
      pc12 = -0.18134
      pc13 = -0.0976966
      pc14 = 0.0626767
      pc15 = 0.154489
      pc16 = 0.088724
      pc17 = -0.0122319
      pc18 = -0.0589429
      pc19 = -0.0715695
      pc20 = 0.0128076
Constrained:
   Tgbecnw = 99753.1
     Tecnw = 26014.5
       Tnw = 19533.8
       Tec = 16009.1
     twoNb = 520055
     twoNe = 162247
     twoNc = 1.14417e+07
     twoNn = 5.23278e+06
     twoNw = 1.12879e+08
    twoNec = 62409.1
    twoNnw = 19803.6
  twoNecnw = 73011.8
  twoNbecnw = 8309.19
  twoNgbecnw = 458227
         m = 0.0690391
        m2 = 0.0306563
        m3 = 0.266087
        m4 = 2.65634e-06
        m5 = 0.130982
        m6 = 0.00836612
        Tb = 21011.8
        Ta = 48105.9
        Tc = 9766.92
        Td = 4883.46
        Te = 2441.73
        Tf = 1220.86
#       SitePat  BranchLen
              b 125638.5312885
              e 48910.5856768
              c 51244.9137071
              n 45059.2601718
              w 47250.9319728
            b:e 2172.9534641
            b:c 2444.0261372
            b:n 1651.0914745
            b:w 1794.8989769
            e:c 10450.9357832
            e:n 5856.5817683
            e:w 5214.9367596
            c:n 5345.0171845
            c:w 4482.8796475
            n:w 12578.6339724
          b:e:c 2020.5795803
          b:e:n 1041.0200530
          b:e:w 1077.3244466
          b:c:n 1069.6308231
          b:c:w 1068.1933129
          b:n:w 2007.3202909
          e:c:n 5064.6770268
          e:c:w 4229.5219626
          e:n:w 6512.1878170
          c:n:w 5489.3779461
        b:e:c:n 2043.1942089
        b:e:c:w 2011.7856706
        b:e:n:w 3246.7403565
        b:c:n:w 2888.2915664
        e:c:n:w 52322.5572309
