########################################
# legofit: estimate population history #
#            version 2.3.3             #
########################################

# Program was compiled: Sep 12 2021 17:54:39
# Program was run: Tue Sep 21 06:43:38 2021

# cmd: legofit -1 -d 0 -t 56 --ptsPerDim 3 --stateOut b1boot10.state --tol 3e-6 -S 5000 abcdef2.lgo ../../boot/boot10.opf
# Stage nOptItr nSimReps
#     0    5000        0
# algorithm          : deterministic
# ignoring probs <=  : 0
# Branch length floor: 0
# DE strategy        : 2
#    F               : 0.3
#    CR              : 0.8
#    tolerance       : 3e-06
# nthreads           : 56
# lgo input file     : abcdef2.lgo
# site pat input file: ../../boot/boot10.opf
# free parameters    : 20
# points in DE swarm : 60
# output state file  : b1boot10.state
# Including singleton site patterns.
# cost function      : KL
Initial parameter values
Fixed:
      zero = 0
       one = 1
    Tbecnw = 75200
Free:
       pc1 = 0
       pc2 = 0
       pc3 = 0
       pc4 = 0
       pc5 = 0
       pc6 = 0
       pc7 = 0
       pc8 = 0
       pc9 = 0
      pc10 = 0
      pc11 = 0
      pc12 = 0
      pc13 = 0
      pc14 = 0
      pc15 = 0
      pc16 = 0
      pc17 = 0
      pc18 = 0
      pc19 = 0
      pc20 = 0
Constrained:
   Tgbecnw = 130766
     Tecnw = 28342.1
       Tnw = 18214.4
       Tec = 14491.4
     twoNb = 856266
     twoNe = 141964
     twoNc = 4.62855e+06
     twoNn = 4.82452e+06
     twoNw = 9.50443e+07
    twoNec = 87527.3
    twoNnw = 31803.9
  twoNecnw = 72941.9
  twoNbecnw = 17991.4
  twoNgbecnw = 416391
         m = 0.0796225
        m2 = 0.0311533
        m3 = 0.266257
        m4 = 4.05913e-07
        m5 = 0.130405
        m6 = 0.00712224
        Tb = 21416.7
        Ta = 48308.4
        Tc = 9107.22
        Td = 4553.61
        Te = 2276.81
        Tf = 1138.4
DiffEv reached_goal. cost=1.52315e-03 spread=2.78478e-06
Fitted parameter values
Free:
       pc1 = -3.75159
       pc2 = -1.85919
       pc3 = -1.93254
       pc4 = -0.579751
       pc5 = 0.643222
       pc6 = 1.36843
       pc7 = 1.50384
       pc8 = 1.99503
       pc9 = 1.80211
      pc10 = -1.54083
      pc11 = 0.11028
      pc12 = -0.131357
      pc13 = -0.089274
      pc14 = 0.201975
      pc15 = 0.12409
      pc16 = 0.0345634
      pc17 = 0.0404479
      pc18 = -0.0662925
      pc19 = -0.0514643
      pc20 = 0.0409136
Constrained:
   Tgbecnw = 100781
     Tecnw = 26164.4
       Tnw = 19151.4
       Tec = 15285.6
     twoNb = 548660
     twoNe = 150989
     twoNc = 1.436e+07
     twoNn = 6.30452e+06
     twoNw = 1.68208e+08
    twoNec = 69670.8
    twoNnw = 21664.1
  twoNecnw = 72111.1
  twoNbecnw = 8618.91
  twoNgbecnw = 465154
         m = 0.0679317
        m2 = 0.0305812
        m3 = 0.268179
        m4 = 2.82945e-06
        m5 = 0.125797
        m6 = 0.00131316
        Tb = 20725
        Ta = 47962.5
        Tc = 9575.72
        Td = 4787.86
        Te = 2393.93
        Tf = 1196.97
#       SitePat  BranchLen
              b 125952.8687176
              e 48959.1835196
              c 51318.0098597
              n 45118.5212396
              w 47335.8756629
            b:e 2179.2103705
            b:c 2451.9608016
            b:n 1660.9571784
            b:w 1806.3817095
            e:c 10468.3106304
            e:n 5869.6420205
            e:w 5214.8009378
            c:n 5351.5742804
            c:w 4471.9470126
            n:w 12586.4127290
          b:e:c 2025.6932857
          b:e:n 1046.3547139
          b:e:w 1083.2297328
          b:c:n 1075.3871299
          b:c:w 1073.6300138
          b:n:w 2013.4412229
          e:c:n 5081.9715822
          e:c:w 4247.5477689
          e:n:w 6518.4175614
          c:n:w 5490.8929062
        b:e:c:n 2052.3145320
        b:e:c:w 2023.3098760
        b:e:n:w 3266.6626835
        b:c:n:w 2904.0995189
        e:c:n:w 52578.8524230
