########################################
# legofit: estimate population history #
#            version 2.3.3             #
########################################

# Program was compiled: Sep 12 2021 17:54:39
# Program was run: Mon Sep 20 21:35:40 2021

# cmd: legofit -1 -d 0 -t 56 --ptsPerDim 3 --stateOut b1boot3.state --tol 3e-6 -S 5000 abcdef2.lgo ../../boot/boot3.opf
# Stage nOptItr nSimReps
#     0    5000        0
# algorithm          : deterministic
# ignoring probs <=  : 0
# Branch length floor: 0
# DE strategy        : 2
#    F               : 0.3
#    CR              : 0.8
#    tolerance       : 3e-06
# nthreads           : 56
# lgo input file     : abcdef2.lgo
# site pat input file: ../../boot/boot3.opf
# free parameters    : 20
# points in DE swarm : 60
# output state file  : b1boot3.state
# Including singleton site patterns.
# cost function      : KL
Initial parameter values
Fixed:
      zero = 0
       one = 1
    Tbecnw = 75200
Free:
       pc1 = 0
       pc2 = 0
       pc3 = 0
       pc4 = 0
       pc5 = 0
       pc6 = 0
       pc7 = 0
       pc8 = 0
       pc9 = 0
      pc10 = 0
      pc11 = 0
      pc12 = 0
      pc13 = 0
      pc14 = 0
      pc15 = 0
      pc16 = 0
      pc17 = 0
      pc18 = 0
      pc19 = 0
      pc20 = 0
Constrained:
   Tgbecnw = 130766
     Tecnw = 28342.1
       Tnw = 18214.4
       Tec = 14491.4
     twoNb = 856266
     twoNe = 141964
     twoNc = 4.62855e+06
     twoNn = 4.82452e+06
     twoNw = 9.50443e+07
    twoNec = 87527.3
    twoNnw = 31803.9
  twoNecnw = 72941.9
  twoNbecnw = 17991.4
  twoNgbecnw = 416391
         m = 0.0796225
        m2 = 0.0311533
        m3 = 0.266257
        m4 = 4.05913e-07
        m5 = 0.130405
        m6 = 0.00712224
        Tb = 21416.7
        Ta = 48308.4
        Tc = 9107.22
        Td = 4553.61
        Te = 2276.81
        Tf = 1138.4
DiffEv reached_goal. cost=1.53665e-03 spread=2.87522e-06
Fitted parameter values
Free:
       pc1 = -3.89706
       pc2 = -1.95772
       pc3 = -1.9199
       pc4 = 1.23263
       pc5 = -0.255983
       pc6 = 1.56236
       pc7 = 1.89694
       pc8 = 1.9305
       pc9 = 1.9353
      pc10 = -0.445157
      pc11 = -0.116822
      pc12 = -0.779299
      pc13 = -0.169774
      pc14 = 0.075638
      pc15 = 0.158522
      pc16 = 0.0478274
      pc17 = 0.00994488
      pc18 = -0.0214644
      pc19 = -0.061475
      pc20 = 0.0289482
Constrained:
   Tgbecnw = 97948.3
     Tecnw = 26010
       Tnw = 19415.1
       Tec = 15836.1
     twoNb = 588495
     twoNe = 161797
     twoNc = 5.88051e+06
     twoNn = 3.99026e+06
     twoNw = 7.52394e+07
    twoNec = 63406
    twoNnw = 20396.8
  twoNecnw = 72876.3
  twoNbecnw = 7631.44
  twoNgbecnw = 485148
         m = 0.0645298
        m2 = 0.029733
        m3 = 0.264679
        m4 = 2.44485e-06
        m5 = 0.132856
        m6 = 0.00953559
        Tb = 20923.1
        Ta = 48061.5
        Tc = 9707.54
        Td = 4853.77
        Te = 2426.88
        Tf = 1213.44
#       SitePat  BranchLen
              b 125252.3709939
              e 48803.7163127
              c 51120.5978456
              n 45040.7960553
              w 47219.3098243
            b:e 2169.2749686
            b:c 2437.6784238
            b:n 1667.8943133
            b:w 1820.2319580
            e:c 10436.0246192
            e:n 5856.6703479
            e:w 5223.6037503
            c:n 5352.3133190
            c:w 4491.7147682
            n:w 12504.5472574
          b:e:c 2039.1186864
          b:e:n 1055.8672538
          b:e:w 1093.4487967
          b:c:n 1085.5083985
          b:c:w 1083.4791054
          b:n:w 2027.1544760
          e:c:n 5072.3619027
          e:c:w 4238.4731411
          e:n:w 6476.0731933
          c:n:w 5464.9145073
        b:e:c:n 2075.4056876
        b:e:c:w 2036.5559668
        b:e:n:w 3254.6397472
        b:c:n:w 2897.0879881
        e:c:n:w 52164.4825216
