########################################
# legofit: estimate population history #
#            version 2.3.3             #
########################################

# Program was compiled: Sep 12 2021 17:54:39
# Program was run: Tue Sep 21 13:56:19 2021

# cmd: legofit -1 -d 0 -t 56 --ptsPerDim 3 --stateOut b1boot20.state --tol 3e-6 -S 5000 abcdef2.lgo ../../boot/boot20.opf
# Stage nOptItr nSimReps
#     0    5000        0
# algorithm          : deterministic
# ignoring probs <=  : 0
# Branch length floor: 0
# DE strategy        : 2
#    F               : 0.3
#    CR              : 0.8
#    tolerance       : 3e-06
# nthreads           : 56
# lgo input file     : abcdef2.lgo
# site pat input file: ../../boot/boot20.opf
# free parameters    : 20
# points in DE swarm : 60
# output state file  : b1boot20.state
# Including singleton site patterns.
# cost function      : KL
Initial parameter values
Fixed:
      zero = 0
       one = 1
    Tbecnw = 75200
Free:
       pc1 = 0
       pc2 = 0
       pc3 = 0
       pc4 = 0
       pc5 = 0
       pc6 = 0
       pc7 = 0
       pc8 = 0
       pc9 = 0
      pc10 = 0
      pc11 = 0
      pc12 = 0
      pc13 = 0
      pc14 = 0
      pc15 = 0
      pc16 = 0
      pc17 = 0
      pc18 = 0
      pc19 = 0
      pc20 = 0
Constrained:
   Tgbecnw = 130766
     Tecnw = 28342.1
       Tnw = 18214.4
       Tec = 14491.4
     twoNb = 856266
     twoNe = 141964
     twoNc = 4.62855e+06
     twoNn = 4.82452e+06
     twoNw = 9.50443e+07
    twoNec = 87527.3
    twoNnw = 31803.9
  twoNecnw = 72941.9
  twoNbecnw = 17991.4
  twoNgbecnw = 416391
         m = 0.0796225
        m2 = 0.0311533
        m3 = 0.266257
        m4 = 4.05913e-07
        m5 = 0.130405
        m6 = 0.00712224
        Tb = 21416.7
        Ta = 48308.4
        Tc = 9107.22
        Td = 4553.61
        Te = 2276.81
        Tf = 1138.4
DiffEv reached_goal. cost=1.52071e-03 spread=2.08021e-06
Fitted parameter values
Free:
       pc1 = -3.83468
       pc2 = -1.99078
       pc3 = -1.94591
       pc4 = 1.0175
       pc5 = 0.931779
       pc6 = 1.23036
       pc7 = 1.78689
       pc8 = 1.77548
       pc9 = 1.5709
      pc10 = -0.86605
      pc11 = 0.428137
      pc12 = -0.945162
      pc13 = -0.24798
      pc14 = 0.42683
      pc15 = 0.19226
      pc16 = -0.0520164
      pc17 = -0.0384295
      pc18 = -0.0313445
      pc19 = -0.0557795
      pc20 = 0.0267714
Constrained:
   Tgbecnw = 99648.4
     Tecnw = 26076.5
       Tnw = 18879.3
       Tec = 16289.6
     twoNb = 642923
     twoNe = 184648
     twoNc = 1.12128e+07
     twoNn = 4.55206e+06
     twoNw = 1.57199e+08
    twoNec = 60299.1
    twoNnw = 22406.9
  twoNecnw = 72109.9
  twoNbecnw = 8044.74
  twoNgbecnw = 498803
         m = 0.062141
        m2 = 0.0303187
        m3 = 0.268064
        m4 = 2.18938e-06
        m5 = 0.13349
        m6 = 0.0068208
        Tb = 21183.1
        Ta = 48191.5
        Tc = 9439.64
        Td = 4719.82
        Te = 2359.91
        Tf = 1179.95
#       SitePat  BranchLen
              b 125026.9488428
              e 48697.0457074
              c 51057.6048866
              n 44969.9774652
              w 47165.4803847
            b:e 2117.2439117
            b:c 2384.0197963
            b:n 1638.7572294
            b:w 1793.5014046
            e:c 10391.6452646
            e:n 5842.4561028
            e:w 5219.7263188
            c:n 5340.7305941
            c:w 4459.5769388
            n:w 12458.0615774
          b:e:c 1993.9276531
          b:e:n 1033.8642507
          b:e:w 1074.0276318
          b:c:n 1065.0864873
          b:c:w 1062.0464942
          b:n:w 1987.6504686
          e:c:n 5080.7945627
          e:c:w 4229.4821395
          e:n:w 6435.8089735
          c:n:w 5412.6188012
        b:e:c:n 2037.8124273
        b:e:c:w 2005.6378388
        b:e:n:w 3217.3650274
        b:c:n:w 2855.8539111
        e:c:n:w 51916.9056909
