########################################
# legofit: estimate population history #
#            version 2.3.3             #
########################################

# Program was compiled: Sep 12 2021 17:54:39
# Program was run: Tue Sep 21 11:11:26 2021

# cmd: legofit -1 -d 0 -t 56 --ptsPerDim 3 --stateOut b1boot17.state --tol 3e-6 -S 5000 abcdef2.lgo ../../boot/boot17.opf
# Stage nOptItr nSimReps
#     0    5000        0
# algorithm          : deterministic
# ignoring probs <=  : 0
# Branch length floor: 0
# DE strategy        : 2
#    F               : 0.3
#    CR              : 0.8
#    tolerance       : 3e-06
# nthreads           : 56
# lgo input file     : abcdef2.lgo
# site pat input file: ../../boot/boot17.opf
# free parameters    : 20
# points in DE swarm : 60
# output state file  : b1boot17.state
# Including singleton site patterns.
# cost function      : KL
Initial parameter values
Fixed:
      zero = 0
       one = 1
    Tbecnw = 75200
Free:
       pc1 = 0
       pc2 = 0
       pc3 = 0
       pc4 = 0
       pc5 = 0
       pc6 = 0
       pc7 = 0
       pc8 = 0
       pc9 = 0
      pc10 = 0
      pc11 = 0
      pc12 = 0
      pc13 = 0
      pc14 = 0
      pc15 = 0
      pc16 = 0
      pc17 = 0
      pc18 = 0
      pc19 = 0
      pc20 = 0
Constrained:
   Tgbecnw = 130766
     Tecnw = 28342.1
       Tnw = 18214.4
       Tec = 14491.4
     twoNb = 856266
     twoNe = 141964
     twoNc = 4.62855e+06
     twoNn = 4.82452e+06
     twoNw = 9.50443e+07
    twoNec = 87527.3
    twoNnw = 31803.9
  twoNecnw = 72941.9
  twoNbecnw = 17991.4
  twoNgbecnw = 416391
         m = 0.0796225
        m2 = 0.0311533
        m3 = 0.266257
        m4 = 4.05913e-07
        m5 = 0.130405
        m6 = 0.00712224
        Tb = 21416.7
        Ta = 48308.4
        Tc = 9107.22
        Td = 4553.61
        Te = 2276.81
        Tf = 1138.4
DiffEv reached_goal. cost=1.52395e-03 spread=2.77177e-06
Fitted parameter values
Free:
       pc1 = -3.99027
       pc2 = -1.82196
       pc3 = -1.95505
       pc4 = 0.365891
       pc5 = 1.34722
       pc6 = 1.64136
       pc7 = 1.5997
       pc8 = 1.96844
       pc9 = 1.83709
      pc10 = -1.67134
      pc11 = 0.258198
      pc12 = -0.88009
      pc13 = -0.218186
      pc14 = 0.0209321
      pc15 = 0.102808
      pc16 = -0.0470964
      pc17 = 0.0528464
      pc18 = -0.0553643
      pc19 = -0.030576
      pc20 = 0.00673626
Constrained:
   Tgbecnw = 99184.9
     Tecnw = 26235.3
       Tnw = 18588.1
       Tec = 16566.5
     twoNb = 533740
     twoNe = 181839
     twoNc = 1.58071e+07
     twoNn = 5.42262e+06
     twoNw = 2.03618e+08
    twoNec = 59751.3
    twoNnw = 23616.8
  twoNecnw = 71997.4
  twoNbecnw = 8053.63
  twoNgbecnw = 477820
         m = 0.0647178
        m2 = 0.0304677
        m3 = 0.267466
        m4 = 2.94066e-06
        m5 = 0.129692
        m6 = 0.00602245
        Tb = 21400.9
        Ta = 48300.5
        Tc = 9294.07
        Td = 4647.04
        Te = 2323.52
        Tf = 1161.76
#       SitePat  BranchLen
              b 125067.9130194
              e 48845.5619408
              c 51211.4184325
              n 45013.1413667
              w 47240.2846461
            b:e 2169.7225149
            b:c 2441.7992106
            b:n 1662.3112601
            b:w 1816.0314475
            e:c 10416.5622150
            e:n 5856.0185696
            e:w 5202.3596172
            c:n 5322.1343181
            c:w 4460.1158872
            n:w 12581.3125531
          b:e:c 2032.2273433
          b:e:n 1048.5463024
          b:e:w 1084.5387922
          b:c:n 1076.6961847
          b:c:w 1076.2892262
          b:n:w 2019.5495793
          e:c:n 5095.1996828
          e:c:w 4236.8765626
          e:n:w 6475.5580579
          c:n:w 5453.7707862
        b:e:c:n 2066.8473693
        b:e:c:w 2024.3989087
        b:e:n:w 3243.2501870
        b:c:n:w 2883.3319215
        e:c:n:w 51915.7853391
