########################################
# legofit: estimate population history #
#       version 2.3.4-4-g53f8760       #
########################################

# Program was compiled: Sep 21 2021 14:36:42
# Program was run: Wed Sep 22 00:17:35 2021

# cmd: legofit -1 -d 0 -t 56 --ptsPerDim 3 --stateOut b1boot32.state --tol 3e-6 -S 5000 abcdef2.lgo ../../boot/boot32.opf
# Stage nOptItr nSimReps
#     0    5000        0
# algorithm          : deterministic
# ignoring probs <=  : 0
# Branch length floor: 0
# DE strategy        : 2
#    F               : 0.3
#    CR              : 0.8
#    tolerance       : 3e-06
# nthreads           : 56
# lgo input file     : abcdef2.lgo
# site pat input file: ../../boot/boot32.opf
# free parameters    : 20
# points in DE swarm : 60
# output state file  : b1boot32.state
# Including singleton site patterns.
# cost function      : KL
Initial parameter values
Fixed:
      zero = 0
       one = 1
    Tbecnw = 75200
Free:
       pc1 = 0
       pc2 = 0
       pc3 = 0
       pc4 = 0
       pc5 = 0
       pc6 = 0
       pc7 = 0
       pc8 = 0
       pc9 = 0
      pc10 = 0
      pc11 = 0
      pc12 = 0
      pc13 = 0
      pc14 = 0
      pc15 = 0
      pc16 = 0
      pc17 = 0
      pc18 = 0
      pc19 = 0
      pc20 = 0
Constrained:
   Tgbecnw = 130766
     Tecnw = 28342.1
       Tnw = 18214.4
       Tec = 14491.4
     twoNb = 856266
     twoNe = 141964
     twoNc = 4.62855e+06
     twoNn = 4.82452e+06
     twoNw = 9.50443e+07
    twoNec = 87527.3
    twoNnw = 31803.9
  twoNecnw = 72941.9
  twoNbecnw = 17991.4
  twoNgbecnw = 416391
         m = 0.0796225
        m2 = 0.0311533
        m3 = 0.266257
        m4 = 4.05913e-07
        m5 = 0.130405
        m6 = 0.00712224
        Tb = 21416.7
        Ta = 48308.4
        Tc = 9107.22
        Td = 4553.61
        Te = 2276.81
        Tf = 1138.4
DiffEv reached_goal. cost=1.54624e-03 spread=2.63011e-06
Fitted parameter values
Free:
       pc1 = -3.99542
       pc2 = -1.98572
       pc3 = -1.85313
       pc4 = -0.166174
       pc5 = -0.381918
       pc6 = 1.72842
       pc7 = 1.95253
       pc8 = 1.87687
       pc9 = 1.77297
      pc10 = -0.617582
      pc11 = -0.0655613
      pc12 = -0.598701
      pc13 = -0.31826
      pc14 = 0.146788
      pc15 = 0.100081
      pc16 = -0.129078
      pc17 = -0.0703335
      pc18 = -0.0657909
      pc19 = -0.0618607
      pc20 = 0.0137669
Constrained:
   Tgbecnw = 98959.1
     Tecnw = 26006.9
       Tnw = 19474.3
       Tec = 15579.6
     twoNb = 619509
     twoNe = 140317
     twoNc = 9.62767e+06
     twoNn = 3.72671e+06
     twoNw = 8.34258e+07
    twoNec = 67214.6
    twoNnw = 19981.8
  twoNecnw = 72721
  twoNbecnw = 8010.21
  twoNgbecnw = 468269
         m = 0.067788
        m2 = 0.0293757
        m3 = 0.266546
        m4 = 2.64818e-06
        m5 = 0.128476
        m6 = 0.00300053
        Tb = 20793.3
        Ta = 47996.6
        Tc = 9737.14
        Td = 4868.57
        Te = 2434.29
        Tf = 1217.14
#       SitePat  BranchLen
              b 125732.3606880
              e 48862.6945848
              c 51271.7939673
              n 44992.3087947
              w 47195.0563113
            b:e 2148.2306972
            b:c 2422.4122820
            b:n 1643.6857388
            b:w 1795.1217645
            e:c 10404.5773152
            e:n 5875.6140746
            e:w 5208.6165357
            c:n 5324.4422513
            c:w 4469.2742882
            n:w 12564.7578146
          b:e:c 2016.7545411
          b:e:n 1043.2634680
          b:e:w 1078.1168279
          b:c:n 1070.2403260
          b:c:w 1071.3669246
          b:n:w 2005.4897058
          e:c:n 5045.9877798
          e:c:w 4212.9387136
          e:n:w 6508.0368667
          c:n:w 5461.2647979
        b:e:c:n 2041.9306881
        b:e:c:w 2006.9817913
        b:e:n:w 3242.9434565
        b:c:n:w 2876.7216578
        e:c:n:w 52498.9333626
