########################################
# legofit: estimate population history #
#       version 2.3.4-4-g53f8760       #
########################################

# Program was compiled: Sep 21 2021 14:36:42
# Program was run: Wed Sep 22 04:50:32 2021

# cmd: legofit -1 -d 0 -t 56 --ptsPerDim 3 --stateOut b1boot47.state --tol 3e-6 -S 5000 abcdef2.lgo ../../boot/boot47.opf
# Stage nOptItr nSimReps
#     0    5000        0
# algorithm          : deterministic
# ignoring probs <=  : 0
# Branch length floor: 0
# DE strategy        : 2
#    F               : 0.3
#    CR              : 0.8
#    tolerance       : 3e-06
# nthreads           : 56
# lgo input file     : abcdef2.lgo
# site pat input file: ../../boot/boot47.opf
# free parameters    : 20
# points in DE swarm : 60
# output state file  : b1boot47.state
# Including singleton site patterns.
# cost function      : KL
Initial parameter values
Fixed:
      zero = 0
       one = 1
    Tbecnw = 75200
Free:
       pc1 = 0
       pc2 = 0
       pc3 = 0
       pc4 = 0
       pc5 = 0
       pc6 = 0
       pc7 = 0
       pc8 = 0
       pc9 = 0
      pc10 = 0
      pc11 = 0
      pc12 = 0
      pc13 = 0
      pc14 = 0
      pc15 = 0
      pc16 = 0
      pc17 = 0
      pc18 = 0
      pc19 = 0
      pc20 = 0
Constrained:
   Tgbecnw = 130766
     Tecnw = 28342.1
       Tnw = 18214.4
       Tec = 14491.4
     twoNb = 856266
     twoNe = 141964
     twoNc = 4.62855e+06
     twoNn = 4.82452e+06
     twoNw = 9.50443e+07
    twoNec = 87527.3
    twoNnw = 31803.9
  twoNecnw = 72941.9
  twoNbecnw = 17991.4
  twoNgbecnw = 416391
         m = 0.0796225
        m2 = 0.0311533
        m3 = 0.266257
        m4 = 4.05913e-07
        m5 = 0.130405
        m6 = 0.00712224
        Tb = 21416.7
        Ta = 48308.4
        Tc = 9107.22
        Td = 4553.61
        Te = 2276.81
        Tf = 1138.4
DiffEv reached_goal. cost=1.52645e-03 spread=1.72608e-06
Fitted parameter values
Free:
       pc1 = -3.85022
       pc2 = -1.9283
       pc3 = -1.99413
       pc4 = 0.484773
       pc5 = 0.926878
       pc6 = 1.55297
       pc7 = 1.98991
       pc8 = 1.92036
       pc9 = 1.84751
      pc10 = -1.36239
      pc11 = -0.00900279
      pc12 = -0.46669
      pc13 = -0.00210395
      pc14 = 0.179431
      pc15 = 0.193652
      pc16 = 0.177369
      pc17 = 0.0533835
      pc18 = -0.030464
      pc19 = -0.0619521
      pc20 = 0.00727853
Constrained:
   Tgbecnw = 98661.4
     Tecnw = 26021
       Tnw = 19219.5
       Tec = 15548.6
     twoNb = 547563
     twoNe = 167824
     twoNc = 1.39045e+07
     twoNn = 4.44289e+06
     twoNw = 1.68937e+08
    twoNec = 66443.4
    twoNnw = 20905.5
  twoNecnw = 72413.6
  twoNbecnw = 7860.59
  twoNgbecnw = 479188
         m = 0.0649775
        m2 = 0.0305109
        m3 = 0.267783
        m4 = 2.75421e-06
        m5 = 0.130472
        m6 = 0.00776371
        Tb = 20784.8
        Ta = 47992.4
        Tc = 9609.77
        Td = 4804.89
        Te = 2402.44
        Tf = 1201.22
#       SitePat  BranchLen
              b 125059.2554636
              e 48825.4055487
              c 51125.5878110
              n 44976.7209667
              w 47131.1242895
            b:e 2167.7062444
            b:c 2434.2291768
            b:n 1652.4171858
            b:w 1794.1679245
            e:c 10389.4036648
            e:n 5836.3051567
            e:w 5217.8300732
            c:n 5349.4967710
            c:w 4480.4139276
            n:w 12518.0407924
          b:e:c 2015.2750206
          b:e:n 1043.3145395
          b:e:w 1081.5932837
          b:c:n 1073.9490045
          b:c:w 1070.0243464
          b:n:w 2001.4425385
          e:c:n 5040.9517338
          e:c:w 4224.8874425
          e:n:w 6485.4963452
          c:n:w 5477.9536002
        b:e:c:n 2044.2887020
        b:e:c:w 2017.4028067
        b:e:n:w 3243.4867626
        b:c:n:w 2889.4833014
        e:c:n:w 51954.6891140
