########################################
# legofit: estimate population history #
#       version 2.3.4-4-g53f8760       #
########################################

# Program was compiled: Sep 21 2021 14:36:42
# Program was run: Wed Sep 22 04:05:21 2021

# cmd: legofit -1 -d 0 -t 56 --ptsPerDim 3 --stateOut b1boot44.state --tol 3e-6 -S 5000 abcdef2.lgo ../../boot/boot44.opf
# Stage nOptItr nSimReps
#     0    5000        0
# algorithm          : deterministic
# ignoring probs <=  : 0
# Branch length floor: 0
# DE strategy        : 2
#    F               : 0.3
#    CR              : 0.8
#    tolerance       : 3e-06
# nthreads           : 56
# lgo input file     : abcdef2.lgo
# site pat input file: ../../boot/boot44.opf
# free parameters    : 20
# points in DE swarm : 60
# output state file  : b1boot44.state
# Including singleton site patterns.
# cost function      : KL
Initial parameter values
Fixed:
      zero = 0
       one = 1
    Tbecnw = 75200
Free:
       pc1 = 0
       pc2 = 0
       pc3 = 0
       pc4 = 0
       pc5 = 0
       pc6 = 0
       pc7 = 0
       pc8 = 0
       pc9 = 0
      pc10 = 0
      pc11 = 0
      pc12 = 0
      pc13 = 0
      pc14 = 0
      pc15 = 0
      pc16 = 0
      pc17 = 0
      pc18 = 0
      pc19 = 0
      pc20 = 0
Constrained:
   Tgbecnw = 130766
     Tecnw = 28342.1
       Tnw = 18214.4
       Tec = 14491.4
     twoNb = 856266
     twoNe = 141964
     twoNc = 4.62855e+06
     twoNn = 4.82452e+06
     twoNw = 9.50443e+07
    twoNec = 87527.3
    twoNnw = 31803.9
  twoNecnw = 72941.9
  twoNbecnw = 17991.4
  twoNgbecnw = 416391
         m = 0.0796225
        m2 = 0.0311533
        m3 = 0.266257
        m4 = 4.05913e-07
        m5 = 0.130405
        m6 = 0.00712224
        Tb = 21416.7
        Ta = 48308.4
        Tc = 9107.22
        Td = 4553.61
        Te = 2276.81
        Tf = 1138.4
DiffEv reached_goal. cost=1.51207e-03 spread=2.80930e-06
Fitted parameter values
Free:
       pc1 = -3.59546
       pc2 = -1.93451
       pc3 = -1.9978
       pc4 = 1.43323
       pc5 = 0.291706
       pc6 = 0.889878
       pc7 = 1.55699
       pc8 = 1.81575
       pc9 = 1.87594
      pc10 = -1.64184
      pc11 = 0.333103
      pc12 = -0.463602
      pc13 = -0.262781
      pc14 = 0.485179
      pc15 = 0.229988
      pc16 = 0.171311
      pc17 = 0.0579319
      pc18 = -0.0111369
      pc19 = -0.0406681
      pc20 = 0.0260196
Constrained:
   Tgbecnw = 100832
     Tecnw = 26190
       Tnw = 19430.2
       Tec = 15773.5
     twoNb = 536424
     twoNe = 173935
     twoNc = 9.34006e+06
     twoNn = 1.0218e+07
     twoNw = 1.12647e+08
    twoNec = 64922.9
    twoNnw = 20729.8
  twoNecnw = 71626.5
  twoNbecnw = 8415.21
  twoNgbecnw = 502446
         m = 0.0612304
        m2 = 0.0308002
        m3 = 0.266443
        m4 = 2.47282e-06
        m5 = 0.134961
        m6 = 0.00804651
        Tb = 20981.8
        Ta = 48090.9
        Tc = 9715.12
        Td = 4857.56
        Te = 2428.78
        Tf = 1214.39
#       SitePat  BranchLen
              b 125088.1730371
              e 48786.1958378
              c 51139.0405965
              n 45003.8874518
              w 47145.5757600
            b:e 2160.5296478
            b:c 2435.0668786
            b:n 1649.7540498
            b:w 1791.0749703
            e:c 10393.7840566
            e:n 5819.0170037
            e:w 5225.7099053
            c:n 5340.6461148
            c:w 4461.5561985
            n:w 12486.7890010
          b:e:c 2011.2886468
          b:e:n 1037.7920506
          b:e:w 1078.5345620
          b:c:n 1071.0586257
          b:c:w 1064.3415665
          b:n:w 1998.3535938
          e:c:n 5054.3231050
          e:c:w 4235.8806533
          e:n:w 6514.4041603
          c:n:w 5475.1617502
        b:e:c:n 2035.7142587
        b:e:c:w 2009.5190749
        b:e:n:w 3240.4804420
        b:c:n:w 2875.7918646
        e:c:n:w 51944.2999874
