########################################
# legofit: estimate population history #
#            version 2.3.3             #
########################################

# Program was compiled: Sep 12 2021 17:54:39
# Program was run: Tue Sep 21 07:12:25 2021

# cmd: legofit -1 -d 0 -t 56 --ptsPerDim 3 --stateOut b1boot12.state --tol 3e-6 -S 5000 abcdef2.lgo ../../boot/boot12.opf
# Stage nOptItr nSimReps
#     0    5000        0
# algorithm          : deterministic
# ignoring probs <=  : 0
# Branch length floor: 0
# DE strategy        : 2
#    F               : 0.3
#    CR              : 0.8
#    tolerance       : 3e-06
# nthreads           : 56
# lgo input file     : abcdef2.lgo
# site pat input file: ../../boot/boot12.opf
# free parameters    : 20
# points in DE swarm : 60
# output state file  : b1boot12.state
# Including singleton site patterns.
# cost function      : KL
Initial parameter values
Fixed:
      zero = 0
       one = 1
    Tbecnw = 75200
Free:
       pc1 = 0
       pc2 = 0
       pc3 = 0
       pc4 = 0
       pc5 = 0
       pc6 = 0
       pc7 = 0
       pc8 = 0
       pc9 = 0
      pc10 = 0
      pc11 = 0
      pc12 = 0
      pc13 = 0
      pc14 = 0
      pc15 = 0
      pc16 = 0
      pc17 = 0
      pc18 = 0
      pc19 = 0
      pc20 = 0
Constrained:
   Tgbecnw = 130766
     Tecnw = 28342.1
       Tnw = 18214.4
       Tec = 14491.4
     twoNb = 856266
     twoNe = 141964
     twoNc = 4.62855e+06
     twoNn = 4.82452e+06
     twoNw = 9.50443e+07
    twoNec = 87527.3
    twoNnw = 31803.9
  twoNecnw = 72941.9
  twoNbecnw = 17991.4
  twoNgbecnw = 416391
         m = 0.0796225
        m2 = 0.0311533
        m3 = 0.266257
        m4 = 4.05913e-07
        m5 = 0.130405
        m6 = 0.00712224
        Tb = 21416.7
        Ta = 48308.4
        Tc = 9107.22
        Td = 4553.61
        Te = 2276.81
        Tf = 1138.4
DiffEv reached_goal. cost=1.50949e-03 spread=2.27171e-06
Fitted parameter values
Free:
       pc1 = -3.81877
       pc2 = -1.80561
       pc3 = -1.81606
       pc4 = 1.33898
       pc5 = 0.119019
       pc6 = 1.81096
       pc7 = 1.60304
       pc8 = 1.46015
       pc9 = 1.66663
      pc10 = -1.09355
      pc11 = 0.189548
      pc12 = -1.25144
      pc13 = 0.206287
      pc14 = 0.382065
      pc15 = 0.275608
      pc16 = 0.0278009
      pc17 = -0.00104256
      pc18 = -0.0190351
      pc19 = -0.0124179
      pc20 = 0.0291414
Constrained:
   Tgbecnw = 101300
     Tecnw = 25995.6
       Tnw = 18776.3
       Tec = 15798.6
     twoNb = 611574
     twoNe = 182481
     twoNc = 1.05463e+07
     twoNn = 6.38164e+06
     twoNw = 9.85675e+07
    twoNec = 63631
    twoNnw = 22517.2
  twoNecnw = 73983.8
  twoNbecnw = 8552.47
  twoNgbecnw = 499891
         m = 0.0627523
        m2 = 0.0297622
        m3 = 0.26304
        m4 = 2.54863e-06
        m5 = 0.134894
        m6 = 0.00919933
        Tb = 20897.1
        Ta = 48048.5
        Tc = 9388.17
        Td = 4694.09
        Te = 2347.04
        Tf = 1173.52
#       SitePat  BranchLen
              b 125519.4566951
              e 49008.4536275
              c 51359.7741024
              n 45207.3951427
              w 47354.6904802
            b:e 2155.7605453
            b:c 2423.3224232
            b:n 1664.9634312
            b:w 1814.9638550
            e:c 10481.0473715
            e:n 5879.0119967
            e:w 5276.3830700
            c:n 5386.2141132
            c:w 4511.4879073
            n:w 12613.1782534
          b:e:c 2028.3415940
          b:e:n 1052.0057464
          b:e:w 1092.4150552
          b:c:n 1084.1942428
          b:c:w 1079.3519950
          b:n:w 2019.0569572
          e:c:n 5067.4790592
          e:c:w 4244.3926014
          e:n:w 6473.3641989
          c:n:w 5452.9565934
        b:e:c:n 2066.8912768
        b:e:c:w 2034.4700759
        b:e:n:w 3253.2124275
        b:c:n:w 2893.3052761
        e:c:n:w 52068.4830752
