########################################
# legofit: estimate population history #
#            version 2.3.3             #
########################################

# Program was compiled: Sep 12 2021 17:54:39
# Program was run: Mon Sep 20 23:01:33 2021

# cmd: legofit -1 -d 0 -t 56 --ptsPerDim 3 --stateOut b1boot4.state --tol 3e-6 -S 5000 abcdef2.lgo ../../boot/boot4.opf
# Stage nOptItr nSimReps
#     0    5000        0
# algorithm          : deterministic
# ignoring probs <=  : 0
# Branch length floor: 0
# DE strategy        : 2
#    F               : 0.3
#    CR              : 0.8
#    tolerance       : 3e-06
# nthreads           : 56
# lgo input file     : abcdef2.lgo
# site pat input file: ../../boot/boot4.opf
# free parameters    : 20
# points in DE swarm : 60
# output state file  : b1boot4.state
# Including singleton site patterns.
# cost function      : KL
Initial parameter values
Fixed:
      zero = 0
       one = 1
    Tbecnw = 75200
Free:
       pc1 = 0
       pc2 = 0
       pc3 = 0
       pc4 = 0
       pc5 = 0
       pc6 = 0
       pc7 = 0
       pc8 = 0
       pc9 = 0
      pc10 = 0
      pc11 = 0
      pc12 = 0
      pc13 = 0
      pc14 = 0
      pc15 = 0
      pc16 = 0
      pc17 = 0
      pc18 = 0
      pc19 = 0
      pc20 = 0
Constrained:
   Tgbecnw = 130766
     Tecnw = 28342.1
       Tnw = 18214.4
       Tec = 14491.4
     twoNb = 856266
     twoNe = 141964
     twoNc = 4.62855e+06
     twoNn = 4.82452e+06
     twoNw = 9.50443e+07
    twoNec = 87527.3
    twoNnw = 31803.9
  twoNecnw = 72941.9
  twoNbecnw = 17991.4
  twoNgbecnw = 416391
         m = 0.0796225
        m2 = 0.0311533
        m3 = 0.266257
        m4 = 4.05913e-07
        m5 = 0.130405
        m6 = 0.00712224
        Tb = 21416.7
        Ta = 48308.4
        Tc = 9107.22
        Td = 4553.61
        Te = 2276.81
        Tf = 1138.4
DiffEv reached_goal. cost=1.52257e-03 spread=2.92769e-06
Fitted parameter values
Free:
       pc1 = -3.94484
       pc2 = -1.98422
       pc3 = -1.9757
       pc4 = -0.186686
       pc5 = 0.0876314
       pc6 = 0.765982
       pc7 = 1.85458
       pc8 = 1.77813
       pc9 = 1.78638
      pc10 = -1.69745
      pc11 = 0.463821
      pc12 = -0.539991
      pc13 = -0.192116
      pc14 = 0.363349
      pc15 = 0.130287
      pc16 = -0.176803
      pc17 = 0.0284084
      pc18 = -0.0421924
      pc19 = -0.0314816
      pc20 = 0.0597893
Constrained:
   Tgbecnw = 100532
     Tecnw = 26151.2
       Tnw = 19444.6
       Tec = 15656.6
     twoNb = 609840
     twoNe = 150556
     twoNc = 1.25837e+07
     twoNn = 1.09735e+07
     twoNw = 1.38031e+08
    twoNec = 66352.7
    twoNnw = 20497.4
  twoNecnw = 72264.4
  twoNbecnw = 8366.31
  twoNgbecnw = 490627
         m = 0.0635511
        m2 = 0.030144
        m3 = 0.270572
        m4 = 2.6475e-06
        m5 = 0.128497
        m6 = 0.00208343
        Tb = 20903.9
        Ta = 48052
        Tc = 9722.32
        Td = 4861.16
        Te = 2430.58
        Tf = 1215.29
#       SitePat  BranchLen
              b 125347.0701258
              e 48851.3227978
              c 51253.2095343
              n 45046.0778625
              w 47296.0139362
            b:e 2138.3179422
            b:c 2412.0285517
            b:n 1640.4546859
            b:w 1794.8177335
            e:c 10432.6983150
            e:n 5861.6087563
            e:w 5199.2238255
            c:n 5333.8096332
            c:w 4444.3121651
            n:w 12530.3906437
          b:e:c 2009.5415790
          b:e:n 1036.8341517
          b:e:w 1074.8602639
          b:c:n 1066.3973165
          b:c:w 1065.1877137
          b:n:w 2000.0159481
          e:c:n 5068.2787895
          e:c:w 4212.7316306
          e:n:w 6481.4653787
          c:n:w 5435.9112964
        b:e:c:n 2039.2616234
        b:e:c:w 2005.5755834
        b:e:n:w 3238.4377326
        b:c:n:w 2871.2146228
        e:c:n:w 52089.8573361
