########################################
# legofit: estimate population history #
#       version 2.3.4-4-g53f8760       #
########################################

# Program was compiled: Sep 21 2021 14:36:42
# Program was run: Wed Sep 22 03:57:39 2021

# cmd: legofit -1 -d 0 -t 56 --ptsPerDim 3 --stateOut b1boot40.state --tol 3e-6 -S 5000 abcdef2.lgo ../../boot/boot40.opf
# Stage nOptItr nSimReps
#     0    5000        0
# algorithm          : deterministic
# ignoring probs <=  : 0
# Branch length floor: 0
# DE strategy        : 2
#    F               : 0.3
#    CR              : 0.8
#    tolerance       : 3e-06
# nthreads           : 56
# lgo input file     : abcdef2.lgo
# site pat input file: ../../boot/boot40.opf
# free parameters    : 20
# points in DE swarm : 60
# output state file  : b1boot40.state
# Including singleton site patterns.
# cost function      : KL
Initial parameter values
Fixed:
      zero = 0
       one = 1
    Tbecnw = 75200
Free:
       pc1 = 0
       pc2 = 0
       pc3 = 0
       pc4 = 0
       pc5 = 0
       pc6 = 0
       pc7 = 0
       pc8 = 0
       pc9 = 0
      pc10 = 0
      pc11 = 0
      pc12 = 0
      pc13 = 0
      pc14 = 0
      pc15 = 0
      pc16 = 0
      pc17 = 0
      pc18 = 0
      pc19 = 0
      pc20 = 0
Constrained:
   Tgbecnw = 130766
     Tecnw = 28342.1
       Tnw = 18214.4
       Tec = 14491.4
     twoNb = 856266
     twoNe = 141964
     twoNc = 4.62855e+06
     twoNn = 4.82452e+06
     twoNw = 9.50443e+07
    twoNec = 87527.3
    twoNnw = 31803.9
  twoNecnw = 72941.9
  twoNbecnw = 17991.4
  twoNgbecnw = 416391
         m = 0.0796225
        m2 = 0.0311533
        m3 = 0.266257
        m4 = 4.05913e-07
        m5 = 0.130405
        m6 = 0.00712224
        Tb = 21416.7
        Ta = 48308.4
        Tc = 9107.22
        Td = 4553.61
        Te = 2276.81
        Tf = 1138.4
DiffEv reached_goal. cost=1.52149e-03 spread=2.94130e-06
Fitted parameter values
Free:
       pc1 = -3.69711
       pc2 = -1.99778
       pc3 = -1.88898
       pc4 = 0.116964
       pc5 = 0.737441
       pc6 = 1.20574
       pc7 = 1.47656
       pc8 = 1.9391
       pc9 = 1.97651
      pc10 = -0.820011
      pc11 = 0.205772
      pc12 = -0.718223
      pc13 = -0.167061
      pc14 = 0.0614954
      pc15 = 0.0667478
      pc16 = -0.165444
      pc17 = -0.0438989
      pc18 = -0.0475052
      pc19 = -0.0525174
      pc20 = 0.0132008
Constrained:
   Tgbecnw = 99997.9
     Tecnw = 26201.6
       Tnw = 18589.5
       Tec = 15996.5
     twoNb = 605083
     twoNe = 163279
     twoNc = 1.00339e+07
     twoNn = 4.5996e+06
     twoNw = 2.00042e+08
    twoNec = 64263.7
    twoNnw = 23858.5
  twoNecnw = 72023.1
  twoNbecnw = 8278.63
  twoNgbecnw = 480402
         m = 0.0654178
        m2 = 0.0302391
        m3 = 0.267939
        m4 = 2.48479e-06
        m5 = 0.128204
        m6 = 0.00424455
        Tb = 21099
        Ta = 48149.5
        Tc = 9294.73
        Td = 4647.37
        Te = 2323.68
        Tf = 1161.84
#       SitePat  BranchLen
              b 125639.4137506
              e 48872.9469320
              c 51239.5360551
              n 45082.4414835
              w 47316.3010520
            b:e 2149.7709016
            b:c 2417.3793513
            b:n 1656.4136180
            b:w 1811.3775495
            e:c 10406.1784501
            e:n 5889.8151128
            e:w 5214.2878738
            c:n 5341.6626638
            c:w 4480.7270439
            n:w 12516.8577164
          b:e:c 2012.4511929
          b:e:n 1047.6366884
          b:e:w 1082.5966698
          b:c:n 1074.0442448
          b:c:w 1076.0481358
          b:n:w 2003.9911455
          e:c:n 5097.7829083
          e:c:w 4243.9711555
          e:n:w 6456.3841842
          c:n:w 5443.9090530
        b:e:c:n 2058.0034862
        b:e:c:w 2022.4907602
        b:e:n:w 3245.2422880
        b:c:n:w 2885.3740876
        e:c:n:w 52382.6754053
