########################################
# legofit: estimate population history #
#       version 2.3.4-4-g53f8760       #
########################################

# Program was compiled: Sep 21 2021 14:36:42
# Program was run: Tue Sep 21 21:18:17 2021

# cmd: legofit -1 -d 0 -t 56 --ptsPerDim 3 --stateOut b1boot27.state --tol 3e-6 -S 5000 abcdef2.lgo ../../boot/boot27.opf
# Stage nOptItr nSimReps
#     0    5000        0
# algorithm          : deterministic
# ignoring probs <=  : 0
# Branch length floor: 0
# DE strategy        : 2
#    F               : 0.3
#    CR              : 0.8
#    tolerance       : 3e-06
# nthreads           : 56
# lgo input file     : abcdef2.lgo
# site pat input file: ../../boot/boot27.opf
# free parameters    : 20
# points in DE swarm : 60
# output state file  : b1boot27.state
# Including singleton site patterns.
# cost function      : KL
Initial parameter values
Fixed:
      zero = 0
       one = 1
    Tbecnw = 75200
Free:
       pc1 = 0
       pc2 = 0
       pc3 = 0
       pc4 = 0
       pc5 = 0
       pc6 = 0
       pc7 = 0
       pc8 = 0
       pc9 = 0
      pc10 = 0
      pc11 = 0
      pc12 = 0
      pc13 = 0
      pc14 = 0
      pc15 = 0
      pc16 = 0
      pc17 = 0
      pc18 = 0
      pc19 = 0
      pc20 = 0
Constrained:
   Tgbecnw = 130766
     Tecnw = 28342.1
       Tnw = 18214.4
       Tec = 14491.4
     twoNb = 856266
     twoNe = 141964
     twoNc = 4.62855e+06
     twoNn = 4.82452e+06
     twoNw = 9.50443e+07
    twoNec = 87527.3
    twoNnw = 31803.9
  twoNecnw = 72941.9
  twoNbecnw = 17991.4
  twoNgbecnw = 416391
         m = 0.0796225
        m2 = 0.0311533
        m3 = 0.266257
        m4 = 4.05913e-07
        m5 = 0.130405
        m6 = 0.00712224
        Tb = 21416.7
        Ta = 48308.4
        Tc = 9107.22
        Td = 4553.61
        Te = 2276.81
        Tf = 1138.4
DiffEv reached_goal. cost=1.52228e-03 spread=2.76378e-06
Fitted parameter values
Free:
       pc1 = -3.76709
       pc2 = -1.88994
       pc3 = -1.99546
       pc4 = 1.22705
       pc5 = 0.473318
       pc6 = 1.34024
       pc7 = 1.4081
       pc8 = 1.80392
       pc9 = 1.89745
      pc10 = -1.39184
      pc11 = -0.00975087
      pc12 = -0.74486
      pc13 = -0.0984611
      pc14 = 0.0565463
      pc15 = 0.102259
      pc16 = 0.033049
      pc17 = -0.00501148
      pc18 = -0.0334582
      pc19 = -0.031048
      pc20 = -0.0153982
Constrained:
   Tgbecnw = 100166
     Tecnw = 26147.9
       Tnw = 18821.8
       Tec = 16197.4
     twoNb = 493309
     twoNe = 173599
     twoNc = 1.00485e+07
     twoNn = 7.47615e+06
     twoNw = 1.36937e+08
    twoNec = 62174.2
    twoNnw = 22616.1
  twoNecnw = 72436.6
  twoNbecnw = 8265.88
  twoNgbecnw = 490999
         m = 0.0639812
        m2 = 0.0304193
        m3 = 0.264834
        m4 = 2.52956e-06
        m5 = 0.132638
        m6 = 0.0091839
        Tb = 21172.6
        Ta = 48186.3
        Tc = 9410.88
        Td = 4705.44
        Te = 2352.72
        Tf = 1176.36
#       SitePat  BranchLen
              b 125521.3942813
              e 48887.3469671
              c 51239.8428319
              n 45028.3144128
              w 47194.1481152
            b:e 2175.9490840
            b:c 2447.9954310
            b:n 1657.0216968
            b:w 1799.6261185
            e:c 10389.7440964
            e:n 5859.7228696
            e:w 5225.5537318
            c:n 5334.6205916
            c:w 4486.2091930
            n:w 12569.4317999
          b:e:c 2020.0879519
          b:e:n 1045.6431869
          b:e:w 1081.0699558
          b:c:n 1073.9221668
          b:c:w 1072.5031406
          b:n:w 2005.0532678
          e:c:n 5059.2298992
          e:c:w 4232.3794355
          e:n:w 6497.0361122
          c:n:w 5475.9572354
        b:e:c:n 2049.6544821
        b:e:c:w 2016.6396480
        b:e:n:w 3243.1784698
        b:c:n:w 2884.4497722
        e:c:n:w 52310.9528948
