########################################
# legofit: estimate population history #
#            version 2.3.3             #
########################################

# Program was compiled: Sep 12 2021 17:54:39
# Program was run: Tue Sep 21 04:40:49 2021

# cmd: legofit -1 -d 0 -t 56 --ptsPerDim 3 --stateOut b1boot8.state --tol 3e-6 -S 5000 abcdef2.lgo ../../boot/boot8.opf
# Stage nOptItr nSimReps
#     0    5000        0
# algorithm          : deterministic
# ignoring probs <=  : 0
# Branch length floor: 0
# DE strategy        : 2
#    F               : 0.3
#    CR              : 0.8
#    tolerance       : 3e-06
# nthreads           : 56
# lgo input file     : abcdef2.lgo
# site pat input file: ../../boot/boot8.opf
# free parameters    : 20
# points in DE swarm : 60
# output state file  : b1boot8.state
# Including singleton site patterns.
# cost function      : KL
Initial parameter values
Fixed:
      zero = 0
       one = 1
    Tbecnw = 75200
Free:
       pc1 = 0
       pc2 = 0
       pc3 = 0
       pc4 = 0
       pc5 = 0
       pc6 = 0
       pc7 = 0
       pc8 = 0
       pc9 = 0
      pc10 = 0
      pc11 = 0
      pc12 = 0
      pc13 = 0
      pc14 = 0
      pc15 = 0
      pc16 = 0
      pc17 = 0
      pc18 = 0
      pc19 = 0
      pc20 = 0
Constrained:
   Tgbecnw = 130766
     Tecnw = 28342.1
       Tnw = 18214.4
       Tec = 14491.4
     twoNb = 856266
     twoNe = 141964
     twoNc = 4.62855e+06
     twoNn = 4.82452e+06
     twoNw = 9.50443e+07
    twoNec = 87527.3
    twoNnw = 31803.9
  twoNecnw = 72941.9
  twoNbecnw = 17991.4
  twoNgbecnw = 416391
         m = 0.0796225
        m2 = 0.0311533
        m3 = 0.266257
        m4 = 4.05913e-07
        m5 = 0.130405
        m6 = 0.00712224
        Tb = 21416.7
        Ta = 48308.4
        Tc = 9107.22
        Td = 4553.61
        Te = 2276.81
        Tf = 1138.4
DiffEv reached_goal. cost=1.52911e-03 spread=2.80780e-06
Fitted parameter values
Free:
       pc1 = -3.94783
       pc2 = -1.97637
       pc3 = -1.83526
       pc4 = 0.79748
       pc5 = 0.0988885
       pc6 = 1.75719
       pc7 = 1.97349
       pc8 = 1.85787
       pc9 = 1.67203
      pc10 = -0.646253
      pc11 = -0.54939
      pc12 = -0.551067
      pc13 = -0.155333
      pc14 = 0.212212
      pc15 = 0.224992
      pc16 = 0.132682
      pc17 = 0.0053944
      pc18 = -0.0330442
      pc19 = -0.0647526
      pc20 = 0.0197834
Constrained:
   Tgbecnw = 98788.6
     Tecnw = 25936.1
       Tnw = 19518.4
       Tec = 15418
     twoNb = 506048
     twoNe = 158735
     twoNc = 9.40122e+06
     twoNn = 1.89728e+06
     twoNw = 8.56005e+07
    twoNec = 66837.8
    twoNnw = 19724.8
  twoNecnw = 73235.8
  twoNbecnw = 7911.06
  twoNgbecnw = 471780
         m = 0.0665537
        m2 = 0.029829
        m3 = 0.265926
        m4 = 2.42209e-06
        m5 = 0.132192
        m6 = 0.00810026
        Tb = 20677
        Ta = 47938.5
        Tc = 9759.22
        Td = 4879.61
        Te = 2439.81
        Tf = 1219.9
#       SitePat  BranchLen
              b 125121.3368578
              e 48837.7290087
              c 51154.2341589
              n 45032.0616381
              w 47185.5793217
            b:e 2161.3662464
            b:c 2430.3483657
            b:n 1645.3562933
            b:w 1783.6615446
            e:c 10405.4850729
            e:n 5842.2354950
            e:w 5227.7997451
            c:n 5353.4339430
            c:w 4483.9740824
            n:w 12517.1339667
          b:e:c 2007.2065976
          b:e:n 1038.6570225
          b:e:w 1076.4704814
          b:c:n 1069.5720920
          b:c:w 1064.6987253
          b:n:w 1991.1190429
          e:c:n 5023.8411604
          e:c:w 4213.4899938
          e:n:w 6481.5333708
          c:n:w 5463.3558277
        b:e:c:n 2034.5779289
        b:e:c:w 2004.0617136
        b:e:n:w 3215.4019739
        b:c:n:w 2861.5761331
        e:c:n:w 51935.5553483
