########################################
# legofit: estimate population history #
#       version 2.3.4-4-g53f8760       #
########################################

# Program was compiled: Sep 21 2021 14:36:42
# Program was run: Tue Sep 21 23:00:38 2021

# cmd: legofit -1 -d 0 -t 56 --ptsPerDim 3 --stateOut b1boot30.state --tol 3e-6 -S 5000 abcdef2.lgo ../../boot/boot30.opf
# Stage nOptItr nSimReps
#     0    5000        0
# algorithm          : deterministic
# ignoring probs <=  : 0
# Branch length floor: 0
# DE strategy        : 2
#    F               : 0.3
#    CR              : 0.8
#    tolerance       : 3e-06
# nthreads           : 56
# lgo input file     : abcdef2.lgo
# site pat input file: ../../boot/boot30.opf
# free parameters    : 20
# points in DE swarm : 60
# output state file  : b1boot30.state
# Including singleton site patterns.
# cost function      : KL
Initial parameter values
Fixed:
      zero = 0
       one = 1
    Tbecnw = 75200
Free:
       pc1 = 0
       pc2 = 0
       pc3 = 0
       pc4 = 0
       pc5 = 0
       pc6 = 0
       pc7 = 0
       pc8 = 0
       pc9 = 0
      pc10 = 0
      pc11 = 0
      pc12 = 0
      pc13 = 0
      pc14 = 0
      pc15 = 0
      pc16 = 0
      pc17 = 0
      pc18 = 0
      pc19 = 0
      pc20 = 0
Constrained:
   Tgbecnw = 130766
     Tecnw = 28342.1
       Tnw = 18214.4
       Tec = 14491.4
     twoNb = 856266
     twoNe = 141964
     twoNc = 4.62855e+06
     twoNn = 4.82452e+06
     twoNw = 9.50443e+07
    twoNec = 87527.3
    twoNnw = 31803.9
  twoNecnw = 72941.9
  twoNbecnw = 17991.4
  twoNgbecnw = 416391
         m = 0.0796225
        m2 = 0.0311533
        m3 = 0.266257
        m4 = 4.05913e-07
        m5 = 0.130405
        m6 = 0.00712224
        Tb = 21416.7
        Ta = 48308.4
        Tc = 9107.22
        Td = 4553.61
        Te = 2276.81
        Tf = 1138.4
DiffEv reached_goal. cost=1.54466e-03 spread=2.82208e-06
Fitted parameter values
Free:
       pc1 = -3.85119
       pc2 = -1.96183
       pc3 = -1.84899
       pc4 = 1.00875
       pc5 = -0.0325836
       pc6 = 1.52554
       pc7 = 1.9457
       pc8 = 1.78209
       pc9 = 1.67147
      pc10 = -1.38112
      pc11 = -0.0425154
      pc12 = -0.808966
      pc13 = -0.149384
      pc14 = 0.211858
      pc15 = 0.0591009
      pc16 = -0.172971
      pc17 = 0.00763417
      pc18 = -0.0132684
      pc19 = -0.0175331
      pc20 = -0.00238747
Constrained:
   Tgbecnw = 99932.5
     Tecnw = 26160.2
       Tnw = 19187.5
       Tec = 16074.6
     twoNb = 538201
     twoNe = 158514
     twoNc = 1.09152e+07
     twoNn = 6.90906e+06
     twoNw = 7.02665e+07
    twoNec = 63315.3
    twoNnw = 21376.9
  twoNecnw = 73026.8
  twoNbecnw = 8152.16
  twoNgbecnw = 497168
         m = 0.0637543
        m2 = 0.0299118
        m3 = 0.266388
        m4 = 2.67369e-06
        m5 = 0.133517
        m6 = 0.00837605
        Tb = 21117.4
        Ta = 48158.7
        Tc = 9593.73
        Td = 4796.87
        Te = 2398.43
        Tf = 1199.22
#       SitePat  BranchLen
              b 125686.8110137
              e 48951.8519255
              c 51352.8907512
              n 45101.3286597
              w 47296.7090463
            b:e 2162.8716895
            b:c 2438.4028563
            b:n 1653.5383238
            b:w 1802.4145947
            e:c 10390.2475488
            e:n 5878.6984961
            e:w 5227.4232763
            c:n 5336.3467697
            c:w 4479.1237873
            n:w 12556.6061226
          b:e:c 2022.1423346
          b:e:n 1047.6733193
          b:e:w 1083.5193930
          b:c:n 1075.9114564
          b:c:w 1075.6524414
          b:n:w 2009.0048100
          e:c:n 5048.4796269
          e:c:w 4211.9868241
          e:n:w 6490.2673334
          c:n:w 5450.1988869
        b:e:c:n 2054.0350991
        b:e:c:w 2019.1824201
        b:e:n:w 3252.5119847
        b:c:n:w 2886.2904539
        e:c:n:w 52429.0710485
