########################################
# legofit: estimate population history #
#       version 2.3.4-4-g53f8760       #
########################################

# Program was compiled: Sep 21 2021 14:36:42
# Program was run: Wed Sep 22 01:54:44 2021

# cmd: legofit -1 -d 0 -t 56 --ptsPerDim 3 --stateOut b1boot34.state --tol 3e-6 -S 5000 abcdef2.lgo ../../boot/boot34.opf
# Stage nOptItr nSimReps
#     0    5000        0
# algorithm          : deterministic
# ignoring probs <=  : 0
# Branch length floor: 0
# DE strategy        : 2
#    F               : 0.3
#    CR              : 0.8
#    tolerance       : 3e-06
# nthreads           : 56
# lgo input file     : abcdef2.lgo
# site pat input file: ../../boot/boot34.opf
# free parameters    : 20
# points in DE swarm : 60
# output state file  : b1boot34.state
# Including singleton site patterns.
# cost function      : KL
Initial parameter values
Fixed:
      zero = 0
       one = 1
    Tbecnw = 75200
Free:
       pc1 = 0
       pc2 = 0
       pc3 = 0
       pc4 = 0
       pc5 = 0
       pc6 = 0
       pc7 = 0
       pc8 = 0
       pc9 = 0
      pc10 = 0
      pc11 = 0
      pc12 = 0
      pc13 = 0
      pc14 = 0
      pc15 = 0
      pc16 = 0
      pc17 = 0
      pc18 = 0
      pc19 = 0
      pc20 = 0
Constrained:
   Tgbecnw = 130766
     Tecnw = 28342.1
       Tnw = 18214.4
       Tec = 14491.4
     twoNb = 856266
     twoNe = 141964
     twoNc = 4.62855e+06
     twoNn = 4.82452e+06
     twoNw = 9.50443e+07
    twoNec = 87527.3
    twoNnw = 31803.9
  twoNecnw = 72941.9
  twoNbecnw = 17991.4
  twoNgbecnw = 416391
         m = 0.0796225
        m2 = 0.0311533
        m3 = 0.266257
        m4 = 4.05913e-07
        m5 = 0.130405
        m6 = 0.00712224
        Tb = 21416.7
        Ta = 48308.4
        Tc = 9107.22
        Td = 4553.61
        Te = 2276.81
        Tf = 1138.4
DiffEv reached_goal. cost=1.52690e-03 spread=2.96156e-06
Fitted parameter values
Free:
       pc1 = -3.99722
       pc2 = -1.91126
       pc3 = -1.50018
       pc4 = 0.751835
       pc5 = -0.373768
       pc6 = 0.175891
       pc7 = 1.9892
       pc8 = 1.89844
       pc9 = 1.82247
      pc10 = -1.26649
      pc11 = -0.0588281
      pc12 = -0.848422
      pc13 = -0.0242714
      pc14 = 0.107689
      pc15 = 0.138327
      pc16 = -0.0523063
      pc17 = -0.154268
      pc18 = -0.00691609
      pc19 = -0.0227062
      pc20 = -0.0167025
Constrained:
   Tgbecnw = 102328
     Tecnw = 25950.2
       Tnw = 19505.4
       Tec = 15922.9
     twoNb = 532029
     twoNe = 158152
     twoNc = 5.95229e+06
     twoNn = 1.08513e+07
     twoNw = 8.96815e+07
    twoNec = 64560.1
    twoNnw = 19392.8
  twoNecnw = 73075.3
  twoNbecnw = 8863.96
  twoNgbecnw = 500567
         m = 0.0625119
        m2 = 0.0298611
        m3 = 0.272599
        m4 = 2.4227e-06
        m5 = 0.13032
        m6 = 0.00831256
        Tb = 20936.5
        Ta = 48068.3
        Tc = 9752.72
        Td = 4876.36
        Te = 2438.18
        Tf = 1219.09
#       SitePat  BranchLen
              b 125666.6562997
              e 48964.8831089
              c 51322.0784764
              n 44991.5872302
              w 47181.7481153
            b:e 2171.2362900
            b:c 2442.2876075
            b:n 1648.2907432
            b:w 1793.1570222
            e:c 10372.9052894
            e:n 5894.1855437
            e:w 5246.3311489
            c:n 5372.1425779
            c:w 4510.5145756
            n:w 12597.9734048
          b:e:c 2014.7098996
          b:e:n 1045.3154383
          b:e:w 1081.1403181
          b:c:n 1073.6111508
          b:c:w 1072.4515448
          b:n:w 1999.8795815
          e:c:n 5054.9291445
          e:c:w 4223.6525569
          e:n:w 6548.1087910
          c:n:w 5516.2090864
        b:e:c:n 2038.5366059
        b:e:c:w 2009.6031844
        b:e:n:w 3242.8624833
        b:c:n:w 2884.7680892
        e:c:n:w 52276.1065806
