########################################
# legofit: estimate population history #
#       version 2.3.4-4-g53f8760       #
########################################

# Program was compiled: Sep 21 2021 14:36:42
# Program was run: Wed Sep 22 01:09:06 2021

# cmd: legofit -1 -d 0 -t 56 --ptsPerDim 3 --stateOut b1boot33.state --tol 3e-6 -S 5000 abcdef2.lgo ../../boot/boot33.opf
# Stage nOptItr nSimReps
#     0    5000        0
# algorithm          : deterministic
# ignoring probs <=  : 0
# Branch length floor: 0
# DE strategy        : 2
#    F               : 0.3
#    CR              : 0.8
#    tolerance       : 3e-06
# nthreads           : 56
# lgo input file     : abcdef2.lgo
# site pat input file: ../../boot/boot33.opf
# free parameters    : 20
# points in DE swarm : 60
# output state file  : b1boot33.state
# Including singleton site patterns.
# cost function      : KL
Initial parameter values
Fixed:
      zero = 0
       one = 1
    Tbecnw = 75200
Free:
       pc1 = 0
       pc2 = 0
       pc3 = 0
       pc4 = 0
       pc5 = 0
       pc6 = 0
       pc7 = 0
       pc8 = 0
       pc9 = 0
      pc10 = 0
      pc11 = 0
      pc12 = 0
      pc13 = 0
      pc14 = 0
      pc15 = 0
      pc16 = 0
      pc17 = 0
      pc18 = 0
      pc19 = 0
      pc20 = 0
Constrained:
   Tgbecnw = 130766
     Tecnw = 28342.1
       Tnw = 18214.4
       Tec = 14491.4
     twoNb = 856266
     twoNe = 141964
     twoNc = 4.62855e+06
     twoNn = 4.82452e+06
     twoNw = 9.50443e+07
    twoNec = 87527.3
    twoNnw = 31803.9
  twoNecnw = 72941.9
  twoNbecnw = 17991.4
  twoNgbecnw = 416391
         m = 0.0796225
        m2 = 0.0311533
        m3 = 0.266257
        m4 = 4.05913e-07
        m5 = 0.130405
        m6 = 0.00712224
        Tb = 21416.7
        Ta = 48308.4
        Tc = 9107.22
        Td = 4553.61
        Te = 2276.81
        Tf = 1138.4
DiffEv reached_goal. cost=1.51181e-03 spread=2.92807e-06
Fitted parameter values
Free:
       pc1 = -3.86288
       pc2 = -1.99509
       pc3 = -1.95692
       pc4 = -1.04617
       pc5 = 0.959316
       pc6 = 1.74088
       pc7 = 1.72792
       pc8 = 1.91527
       pc9 = 1.98035
      pc10 = -0.890985
      pc11 = 0.00325586
      pc12 = -0.434794
      pc13 = 0.0868135
      pc14 = 0.308519
      pc15 = 0.186054
      pc16 = 0.0291864
      pc17 = 0.0089905
      pc18 = -0.0886644
      pc19 = -0.0716159
      pc20 = 0.0208571
Constrained:
   Tgbecnw = 98990.6
     Tecnw = 25958.1
       Tnw = 18819.2
       Tec = 14872.4
     twoNb = 618794
     twoNe = 153333
     twoNc = 1.48036e+07
     twoNn = 1.97574e+06
     twoNw = 2.34773e+08
    twoNec = 72358.7
    twoNnw = 22133.1
  twoNecnw = 72743.8
  twoNbecnw = 8043.28
  twoNgbecnw = 459626
         m = 0.0693221
        m2 = 0.0301149
        m3 = 0.268513
        m4 = 2.82639e-06
        m5 = 0.124776
        m6 = 0.000184426
        Tb = 20415.3
        Ta = 47807.6
        Tc = 9409.6
        Td = 4704.8
        Te = 2352.4
        Tf = 1176.2
#       SitePat  BranchLen
              b 125698.8123254
              e 48891.5453662
              c 51235.2202079
              n 45014.7643348
              w 47196.4928770
            b:e 2144.4313451
            b:c 2409.7501250
            b:n 1640.0880227
            b:w 1783.5017906
            e:c 10428.5280316
            e:n 5855.6403015
            e:w 5217.1412859
            c:n 5351.3317475
            c:w 4467.0749223
            n:w 12580.8855890
          b:e:c 1999.0199003
          b:e:n 1035.8087838
          b:e:w 1074.0803358
          b:c:n 1065.8014267
          b:c:w 1063.0651704
          b:n:w 1988.9458814
          e:c:n 5033.6134588
          e:c:w 4217.6353991
          e:n:w 6469.5167020
          c:n:w 5453.1112828
        b:e:c:n 2029.1299640
        b:e:c:w 2007.1862974
        b:e:n:w 3241.8305425
        b:c:n:w 2884.6397628
        e:c:n:w 52420.9841163
