########################################
# legofit: estimate population history #
#       version 2.3.4-4-g53f8760       #
########################################

# Program was compiled: Sep 21 2021 14:36:42
# Program was run: Wed Sep 22 03:26:23 2021

# cmd: legofit -1 -d 0 -t 56 --ptsPerDim 3 --stateOut b1boot38.state --tol 3e-6 -S 5000 abcdef2.lgo ../../boot/boot38.opf
# Stage nOptItr nSimReps
#     0    5000        0
# algorithm          : deterministic
# ignoring probs <=  : 0
# Branch length floor: 0
# DE strategy        : 2
#    F               : 0.3
#    CR              : 0.8
#    tolerance       : 3e-06
# nthreads           : 56
# lgo input file     : abcdef2.lgo
# site pat input file: ../../boot/boot38.opf
# free parameters    : 20
# points in DE swarm : 60
# output state file  : b1boot38.state
# Including singleton site patterns.
# cost function      : KL
Initial parameter values
Fixed:
      zero = 0
       one = 1
    Tbecnw = 75200
Free:
       pc1 = 0
       pc2 = 0
       pc3 = 0
       pc4 = 0
       pc5 = 0
       pc6 = 0
       pc7 = 0
       pc8 = 0
       pc9 = 0
      pc10 = 0
      pc11 = 0
      pc12 = 0
      pc13 = 0
      pc14 = 0
      pc15 = 0
      pc16 = 0
      pc17 = 0
      pc18 = 0
      pc19 = 0
      pc20 = 0
Constrained:
   Tgbecnw = 130766
     Tecnw = 28342.1
       Tnw = 18214.4
       Tec = 14491.4
     twoNb = 856266
     twoNe = 141964
     twoNc = 4.62855e+06
     twoNn = 4.82452e+06
     twoNw = 9.50443e+07
    twoNec = 87527.3
    twoNnw = 31803.9
  twoNecnw = 72941.9
  twoNbecnw = 17991.4
  twoNgbecnw = 416391
         m = 0.0796225
        m2 = 0.0311533
        m3 = 0.266257
        m4 = 4.05913e-07
        m5 = 0.130405
        m6 = 0.00712224
        Tb = 21416.7
        Ta = 48308.4
        Tc = 9107.22
        Td = 4553.61
        Te = 2276.81
        Tf = 1138.4
DiffEv reached_goal. cost=1.51459e-03 spread=2.86824e-06
Fitted parameter values
Free:
       pc1 = -3.8064
       pc2 = -1.86964
       pc3 = -1.92686
       pc4 = 1.36156
       pc5 = 0.273879
       pc6 = 1.37491
       pc7 = 1.78426
       pc8 = 1.94475
       pc9 = 1.9587
      pc10 = -1.61565
      pc11 = 0.0991589
      pc12 = -1.08264
      pc13 = -0.0284849
      pc14 = 0.112048
      pc15 = 0.127202
      pc16 = 0.033253
      pc17 = 0.0237889
      pc18 = -0.0253504
      pc19 = -0.0285598
      pc20 = -0.0187236
Constrained:
   Tgbecnw = 99428.1
     Tecnw = 26152.2
       Tnw = 18807.3
       Tec = 16146.4
     twoNb = 524071
     twoNe = 177120
     twoNc = 1.03456e+07
     twoNn = 8.66566e+06
     twoNw = 1.05831e+08
    twoNec = 62424.1
    twoNnw = 22506.4
  twoNecnw = 72624.4
  twoNbecnw = 7967.22
  twoNgbecnw = 499277
         m = 0.0627027
        m2 = 0.030151
        m3 = 0.26617
        m4 = 2.8868e-06
        m5 = 0.133844
        m6 = 0.01071
        Tb = 21149.3
        Ta = 48174.6
        Tc = 9403.64
        Td = 4701.82
        Te = 2350.91
        Tf = 1175.46
#       SitePat  BranchLen
              b 125149.9545333
              e 48854.4163150
              c 51199.1442355
              n 44976.1607337
              w 47135.5878107
            b:e 2150.1119202
            b:c 2418.1449304
            b:n 1640.5129312
            b:w 1784.3659739
            e:c 10357.5763783
            e:n 5841.3957963
            e:w 5215.2913966
            c:n 5326.3420736
            c:w 4470.9985386
            n:w 12550.0776075
          b:e:c 2004.0617186
          b:e:n 1037.0670625
          b:e:w 1073.7878148
          b:c:n 1066.2506772
          b:c:w 1064.1015386
          b:n:w 1990.4479593
          e:c:n 5027.6067442
          e:c:w 4202.4047974
          e:n:w 6462.4831163
          c:n:w 5445.2470522
        b:e:c:n 2033.5716093
        b:e:c:w 2002.3697888
        b:e:n:w 3220.6568024
        b:c:n:w 2864.9811642
        e:c:n:w 52017.5852895
