########################################
# legofit: estimate population history #
#       version 2.3.4-4-g53f8760       #
########################################

# Program was compiled: Sep 21 2021 14:36:42
# Program was run: Wed Sep 22 04:50:32 2021

# cmd: legofit -1 -d 0 -t 56 --ptsPerDim 3 --stateOut b1boot48.state --tol 3e-6 -S 5000 abcdef2.lgo ../../boot/boot48.opf
# Stage nOptItr nSimReps
#     0    5000        0
# algorithm          : deterministic
# ignoring probs <=  : 0
# Branch length floor: 0
# DE strategy        : 2
#    F               : 0.3
#    CR              : 0.8
#    tolerance       : 3e-06
# nthreads           : 56
# lgo input file     : abcdef2.lgo
# site pat input file: ../../boot/boot48.opf
# free parameters    : 20
# points in DE swarm : 60
# output state file  : b1boot48.state
# Including singleton site patterns.
# cost function      : KL
Initial parameter values
Fixed:
      zero = 0
       one = 1
    Tbecnw = 75200
Free:
       pc1 = 0
       pc2 = 0
       pc3 = 0
       pc4 = 0
       pc5 = 0
       pc6 = 0
       pc7 = 0
       pc8 = 0
       pc9 = 0
      pc10 = 0
      pc11 = 0
      pc12 = 0
      pc13 = 0
      pc14 = 0
      pc15 = 0
      pc16 = 0
      pc17 = 0
      pc18 = 0
      pc19 = 0
      pc20 = 0
Constrained:
   Tgbecnw = 130766
     Tecnw = 28342.1
       Tnw = 18214.4
       Tec = 14491.4
     twoNb = 856266
     twoNe = 141964
     twoNc = 4.62855e+06
     twoNn = 4.82452e+06
     twoNw = 9.50443e+07
    twoNec = 87527.3
    twoNnw = 31803.9
  twoNecnw = 72941.9
  twoNbecnw = 17991.4
  twoNgbecnw = 416391
         m = 0.0796225
        m2 = 0.0311533
        m3 = 0.266257
        m4 = 4.05913e-07
        m5 = 0.130405
        m6 = 0.00712224
        Tb = 21416.7
        Ta = 48308.4
        Tc = 9107.22
        Td = 4553.61
        Te = 2276.81
        Tf = 1138.4
DiffEv reached_goal. cost=1.52497e-03 spread=2.59335e-06
Fitted parameter values
Free:
       pc1 = -3.92881
       pc2 = -1.94674
       pc3 = -1.93656
       pc4 = 0.511833
       pc5 = 0.165899
       pc6 = 1.31236
       pc7 = 1.74343
       pc8 = 1.98791
       pc9 = 1.81352
      pc10 = -0.526349
      pc11 = 0.024839
      pc12 = -0.361254
      pc13 = -0.0550618
      pc14 = 0.365324
      pc15 = 0.199
      pc16 = -0.105577
      pc17 = -0.0262791
      pc18 = -0.0440017
      pc19 = -0.0474652
      pc20 = 0.0192508
Constrained:
   Tgbecnw = 98727.4
     Tecnw = 25893.6
       Tnw = 19332.9
       Tec = 15619.2
     twoNb = 611959
     twoNe = 156770
     twoNc = 7.99164e+06
     twoNn = 3.78294e+06
     twoNw = 1.16491e+08
    twoNec = 65445
    twoNnw = 20190.7
  twoNecnw = 73082.1
  twoNbecnw = 7872.37
  twoNgbecnw = 481001
         m = 0.0654759
        m2 = 0.0302381
        m3 = 0.267026
        m4 = 2.34054e-06
        m5 = 0.130336
        m6 = 0.00469179
        Tb = 20756.4
        Ta = 47978.2
        Tc = 9666.46
        Td = 4833.23
        Te = 2416.62
        Tf = 1208.31
#       SitePat  BranchLen
              b 125409.7225990
              e 48843.1916163
              c 51217.7330419
              n 45000.9812637
              w 47178.8620959
            b:e 2158.7479992
            b:c 2431.2646173
            b:n 1654.2498248
            b:w 1803.2289420
            e:c 10422.1960081
            e:n 5866.0035151
            e:w 5230.6358256
            c:n 5350.9559837
            c:w 4480.2442801
            n:w 12554.1585343
          b:e:c 2023.6338511
          b:e:n 1047.3621125
          b:e:w 1085.6118981
          b:c:n 1077.4505918
          b:c:w 1075.4295086
          b:n:w 2012.6678404
          e:c:n 5052.4669146
          e:c:w 4224.5462673
          e:n:w 6497.7434229
          c:n:w 5462.1352930
        b:e:c:n 2054.5189027
        b:e:c:w 2025.4303259
        b:e:n:w 3267.3114790
        b:c:n:w 2901.3945366
        e:c:n:w 52228.6250299
