########################################
# legofit: estimate population history #
#            version 2.3.3             #
########################################

# Program was compiled: Sep 12 2021 17:54:39
# Program was run: Tue Sep 21 05:55:18 2021

# cmd: legofit -1 -d 0 -t 56 --ptsPerDim 3 --stateOut b1boot9.state --tol 3e-6 -S 5000 abcdef2.lgo ../../boot/boot9.opf
# Stage nOptItr nSimReps
#     0    5000        0
# algorithm          : deterministic
# ignoring probs <=  : 0
# Branch length floor: 0
# DE strategy        : 2
#    F               : 0.3
#    CR              : 0.8
#    tolerance       : 3e-06
# nthreads           : 56
# lgo input file     : abcdef2.lgo
# site pat input file: ../../boot/boot9.opf
# free parameters    : 20
# points in DE swarm : 60
# output state file  : b1boot9.state
# Including singleton site patterns.
# cost function      : KL
Initial parameter values
Fixed:
      zero = 0
       one = 1
    Tbecnw = 75200
Free:
       pc1 = 0
       pc2 = 0
       pc3 = 0
       pc4 = 0
       pc5 = 0
       pc6 = 0
       pc7 = 0
       pc8 = 0
       pc9 = 0
      pc10 = 0
      pc11 = 0
      pc12 = 0
      pc13 = 0
      pc14 = 0
      pc15 = 0
      pc16 = 0
      pc17 = 0
      pc18 = 0
      pc19 = 0
      pc20 = 0
Constrained:
   Tgbecnw = 130766
     Tecnw = 28342.1
       Tnw = 18214.4
       Tec = 14491.4
     twoNb = 856266
     twoNe = 141964
     twoNc = 4.62855e+06
     twoNn = 4.82452e+06
     twoNw = 9.50443e+07
    twoNec = 87527.3
    twoNnw = 31803.9
  twoNecnw = 72941.9
  twoNbecnw = 17991.4
  twoNgbecnw = 416391
         m = 0.0796225
        m2 = 0.0311533
        m3 = 0.266257
        m4 = 4.05913e-07
        m5 = 0.130405
        m6 = 0.00712224
        Tb = 21416.7
        Ta = 48308.4
        Tc = 9107.22
        Td = 4553.61
        Te = 2276.81
        Tf = 1138.4
DiffEv reached_goal. cost=1.51573e-03 spread=2.97834e-06
Fitted parameter values
Free:
       pc1 = -3.68777
       pc2 = -1.99644
       pc3 = -1.9691
       pc4 = -0.8817
       pc5 = 0.105046
       pc6 = 1.22999
       pc7 = 1.46086
       pc8 = 1.94668
       pc9 = 1.89402
      pc10 = -0.93772
      pc11 = 0.287677
      pc12 = -0.289274
      pc13 = 0.181639
      pc14 = 0.119827
      pc15 = 0.202467
      pc16 = 0.0647187
      pc17 = 0.0391217
      pc18 = -0.0432439
      pc19 = -0.0579593
      pc20 = 0.0177553
Constrained:
   Tgbecnw = 100586
     Tecnw = 26047.6
       Tnw = 19052
       Tec = 14789.3
     twoNb = 650796
     twoNe = 144698
     twoNc = 1.11026e+07
     twoNn = 6.34546e+06
     twoNw = 1.60219e+08
    twoNec = 74360.6
    twoNnw = 21868.6
  twoNecnw = 72554.1
  twoNbecnw = 8524.32
  twoNgbecnw = 468190
         m = 0.0669289
        m2 = 0.030134
        m3 = 0.267555
        m4 = 2.61892e-06
        m5 = 0.123305
        m6 = 0.000478539
        Tb = 20418.4
        Ta = 47809.2
        Tc = 9526.02
        Td = 4763.01
        Te = 2381.5
        Tf = 1190.75
#       SitePat  BranchLen
              b 125587.9324399
              e 49042.4291538
              c 51354.4874789
              n 45172.0459481
              w 47341.8477979
            b:e 2161.0297884
            b:c 2423.5024908
            b:n 1656.4859354
            b:w 1801.7954906
            e:c 10428.8192555
            e:n 5877.1575842
            e:w 5227.7080408
            c:n 5367.0118555
            c:w 4498.6493284
            n:w 12559.4646202
          b:e:c 2013.4889528
          b:e:n 1048.5201293
          b:e:w 1085.0417647
          b:c:n 1076.7812092
          b:c:w 1075.6865527
          b:n:w 2003.5591074
          e:c:n 5051.9496441
          e:c:w 4242.3710401
          e:n:w 6484.4935216
          c:n:w 5484.0245327
        b:e:c:n 2047.2767211
        b:e:c:w 2024.1290480
        b:e:n:w 3259.4073979
        b:c:n:w 2905.6439165
        e:c:n:w 52176.4590488
