########################################
# legofit: estimate population history #
#       version 2.3.4-4-g53f8760       #
########################################

# Program was compiled: Sep 21 2021 14:36:42
# Program was run: Wed Sep 22 04:01:01 2021

# cmd: legofit -1 -d 0 -t 56 --ptsPerDim 3 --stateOut b1boot42.state --tol 3e-6 -S 5000 abcdef2.lgo ../../boot/boot42.opf
# Stage nOptItr nSimReps
#     0    5000        0
# algorithm          : deterministic
# ignoring probs <=  : 0
# Branch length floor: 0
# DE strategy        : 2
#    F               : 0.3
#    CR              : 0.8
#    tolerance       : 3e-06
# nthreads           : 56
# lgo input file     : abcdef2.lgo
# site pat input file: ../../boot/boot42.opf
# free parameters    : 20
# points in DE swarm : 60
# output state file  : b1boot42.state
# Including singleton site patterns.
# cost function      : KL
Initial parameter values
Fixed:
      zero = 0
       one = 1
    Tbecnw = 75200
Free:
       pc1 = 0
       pc2 = 0
       pc3 = 0
       pc4 = 0
       pc5 = 0
       pc6 = 0
       pc7 = 0
       pc8 = 0
       pc9 = 0
      pc10 = 0
      pc11 = 0
      pc12 = 0
      pc13 = 0
      pc14 = 0
      pc15 = 0
      pc16 = 0
      pc17 = 0
      pc18 = 0
      pc19 = 0
      pc20 = 0
Constrained:
   Tgbecnw = 130766
     Tecnw = 28342.1
       Tnw = 18214.4
       Tec = 14491.4
     twoNb = 856266
     twoNe = 141964
     twoNc = 4.62855e+06
     twoNn = 4.82452e+06
     twoNw = 9.50443e+07
    twoNec = 87527.3
    twoNnw = 31803.9
  twoNecnw = 72941.9
  twoNbecnw = 17991.4
  twoNgbecnw = 416391
         m = 0.0796225
        m2 = 0.0311533
        m3 = 0.266257
        m4 = 4.05913e-07
        m5 = 0.130405
        m6 = 0.00712224
        Tb = 21416.7
        Ta = 48308.4
        Tc = 9107.22
        Td = 4553.61
        Te = 2276.81
        Tf = 1138.4
DiffEv reached_goal. cost=1.52079e-03 spread=2.89181e-06
Fitted parameter values
Free:
       pc1 = -3.76721
       pc2 = -1.91095
       pc3 = -1.99898
       pc4 = 1.12774
       pc5 = 0.33961
       pc6 = 1.05232
       pc7 = 1.71159
       pc8 = 1.94555
       pc9 = 1.47853
      pc10 = -0.0194305
      pc11 = -0.458496
      pc12 = 0.157608
      pc13 = -0.191784
      pc14 = 0.00915987
      pc15 = 0.089717
      pc16 = -0.0887744
      pc17 = -0.0517157
      pc18 = -0.0595191
      pc19 = -0.0626851
      pc20 = 0.0311707
Constrained:
   Tgbecnw = 99095.4
     Tecnw = 25997.9
       Tnw = 19612.7
       Tec = 15949.8
     twoNb = 538670
     twoNe = 150454
     twoNc = 5.61864e+06
     twoNn = 901672
     twoNw = 9.43089e+07
    twoNec = 61765.4
    twoNnw = 19381.9
  twoNecnw = 72853.5
  twoNbecnw = 8001.44
  twoNgbecnw = 471217
         m = 0.0668207
        m2 = 0.0306976
        m3 = 0.266867
        m4 = 1.5712e-06
        m5 = 0.13098
        m6 = 0.0086881
        Tb = 20973.9
        Ta = 48086.9
        Tc = 9806.34
        Td = 4903.17
        Te = 2451.58
        Tf = 1225.79
#       SitePat  BranchLen
              b 125262.3620699
              e 48744.3208926
              c 51093.9635911
              n 44923.5600886
              w 47166.1212280
            b:e 2143.6250186
            b:c 2413.3714927
            b:n 1630.8701760
            b:w 1779.8075628
            e:c 10457.3670339
            e:n 5848.7490632
            e:w 5179.0492985
            c:n 5319.7700808
            c:w 4452.8665396
            n:w 12548.9633611
          b:e:c 2004.4398940
          b:e:n 1029.3332135
          b:e:w 1064.5835730
          b:c:n 1056.4197361
          b:c:w 1057.3338697
          b:n:w 1992.9555608
          e:c:n 5056.8633384
          e:c:w 4200.2918642
          e:n:w 6474.3360737
          c:n:w 5448.8947112
        b:e:c:n 2026.2511487
        b:e:c:w 1991.7629456
        b:e:n:w 3222.6297905
        b:c:n:w 2864.0068864
        e:c:n:w 52096.1499353
