########################################
# legofit: estimate population history #
#            version 2.3.3             #
########################################

# Program was compiled: Sep 12 2021 17:54:39
# Program was run: Mon Sep 20 15:36:09 2021

# cmd: legofit -1 -d 0 -t 56 --ptsPerDim 3 --stateOut b1boot1.state --tol 3e-6 -S 5000 abcdef2.lgo ../../boot/boot1.opf
# Stage nOptItr nSimReps
#     0    5000        0
# algorithm          : deterministic
# ignoring probs <=  : 0
# Branch length floor: 0
# DE strategy        : 2
#    F               : 0.3
#    CR              : 0.8
#    tolerance       : 3e-06
# nthreads           : 56
# lgo input file     : abcdef2.lgo
# site pat input file: ../../boot/boot1.opf
# free parameters    : 20
# points in DE swarm : 60
# output state file  : b1boot1.state
# Including singleton site patterns.
# cost function      : KL
Initial parameter values
Fixed:
      zero = 0
       one = 1
    Tbecnw = 75200
Free:
       pc1 = 0
       pc2 = 0
       pc3 = 0
       pc4 = 0
       pc5 = 0
       pc6 = 0
       pc7 = 0
       pc8 = 0
       pc9 = 0
      pc10 = 0
      pc11 = 0
      pc12 = 0
      pc13 = 0
      pc14 = 0
      pc15 = 0
      pc16 = 0
      pc17 = 0
      pc18 = 0
      pc19 = 0
      pc20 = 0
Constrained:
   Tgbecnw = 130766
     Tecnw = 28342.1
       Tnw = 18214.4
       Tec = 14491.4
     twoNb = 856266
     twoNe = 141964
     twoNc = 4.62855e+06
     twoNn = 4.82452e+06
     twoNw = 9.50443e+07
    twoNec = 87527.3
    twoNnw = 31803.9
  twoNecnw = 72941.9
  twoNbecnw = 17991.4
  twoNgbecnw = 416391
         m = 0.0796225
        m2 = 0.0311533
        m3 = 0.266257
        m4 = 4.05913e-07
        m5 = 0.130405
        m6 = 0.00712224
        Tb = 21416.7
        Ta = 48308.4
        Tc = 9107.22
        Td = 4553.61
        Te = 2276.81
        Tf = 1138.4
DiffEv reached_goal. cost=1.50437e-03 spread=2.47212e-06
Fitted parameter values
Free:
       pc1 = -3.85905
       pc2 = -1.99459
       pc3 = -1.9826
       pc4 = -0.460809
       pc5 = 0.276065
       pc6 = 1.65129
       pc7 = 1.82758
       pc8 = 1.72562
       pc9 = 1.8343
      pc10 = -1.64126
      pc11 = 0.229728
      pc12 = -0.0357141
      pc13 = -0.0703358
      pc14 = 0.431544
      pc15 = 0.181089
      pc16 = -0.0690041
      pc17 = 0.053603
      pc18 = -0.0374651
      pc19 = -0.0349975
      pc20 = 0.0455425
Constrained:
   Tgbecnw = 100112
     Tecnw = 26036.8
       Tnw = 19609.3
       Tec = 15110.4
     twoNb = 587937
     twoNe = 139887
     twoNc = 1.53405e+07
     twoNn = 6.81694e+06
     twoNw = 1.45582e+08
    twoNec = 70609
    twoNnw = 19791.5
  twoNecnw = 72606.9
  twoNbecnw = 8347.68
  twoNgbecnw = 476206
         m = 0.0656693
        m2 = 0.030348
        m3 = 0.266885
        m4 = 2.93647e-06
        m5 = 0.128126
        m6 = 0.00110402
        Tb = 20573.6
        Ta = 47886.8
        Tc = 9804.63
        Td = 4902.32
        Te = 2451.16
        Tf = 1225.58
#       SitePat  BranchLen
              b 125506.7814295
              e 48940.8417609
              c 51333.6385282
              n 45115.8107850
              w 47305.5376073
            b:e 2174.8883228
            b:c 2452.2173486
            b:n 1661.6820214
            b:w 1808.0396142
            e:c 10452.3604084
            e:n 5870.4975271
            e:w 5228.3529889
            c:n 5352.5096136
            c:w 4474.4672896
            n:w 12561.5360106
          b:e:c 2031.9890976
          b:e:n 1050.3366460
          b:e:w 1088.2980123
          b:c:n 1080.6432182
          b:c:w 1077.9044576
          b:n:w 2019.3294183
          e:c:n 5058.5331436
          e:c:w 4236.2899253
          e:n:w 6530.0361472
          c:n:w 5481.8333409
        b:e:c:n 2057.1452532
        b:e:c:w 2028.2683478
        b:e:n:w 3277.9069409
        b:c:n:w 2907.9445334
        e:c:n:w 52197.6302806
