########################################
# legofit: estimate population history #
#       version 2.3.4-4-g53f8760       #
########################################

# Program was compiled: Sep 21 2021 14:36:42
# Program was run: Wed Sep 22 04:06:02 2021

# cmd: legofit -1 -d 0 -t 56 --ptsPerDim 3 --stateOut b1boot46.state --tol 3e-6 -S 5000 abcdef2.lgo ../../boot/boot46.opf
# Stage nOptItr nSimReps
#     0    5000        0
# algorithm          : deterministic
# ignoring probs <=  : 0
# Branch length floor: 0
# DE strategy        : 2
#    F               : 0.3
#    CR              : 0.8
#    tolerance       : 3e-06
# nthreads           : 56
# lgo input file     : abcdef2.lgo
# site pat input file: ../../boot/boot46.opf
# free parameters    : 20
# points in DE swarm : 60
# output state file  : b1boot46.state
# Including singleton site patterns.
# cost function      : KL
Initial parameter values
Fixed:
      zero = 0
       one = 1
    Tbecnw = 75200
Free:
       pc1 = 0
       pc2 = 0
       pc3 = 0
       pc4 = 0
       pc5 = 0
       pc6 = 0
       pc7 = 0
       pc8 = 0
       pc9 = 0
      pc10 = 0
      pc11 = 0
      pc12 = 0
      pc13 = 0
      pc14 = 0
      pc15 = 0
      pc16 = 0
      pc17 = 0
      pc18 = 0
      pc19 = 0
      pc20 = 0
Constrained:
   Tgbecnw = 130766
     Tecnw = 28342.1
       Tnw = 18214.4
       Tec = 14491.4
     twoNb = 856266
     twoNe = 141964
     twoNc = 4.62855e+06
     twoNn = 4.82452e+06
     twoNw = 9.50443e+07
    twoNec = 87527.3
    twoNnw = 31803.9
  twoNecnw = 72941.9
  twoNbecnw = 17991.4
  twoNgbecnw = 416391
         m = 0.0796225
        m2 = 0.0311533
        m3 = 0.266257
        m4 = 4.05913e-07
        m5 = 0.130405
        m6 = 0.00712224
        Tb = 21416.7
        Ta = 48308.4
        Tc = 9107.22
        Td = 4553.61
        Te = 2276.81
        Tf = 1138.4
DiffEv reached_goal. cost=1.47264e-03 spread=2.84522e-06
Fitted parameter values
Free:
       pc1 = -2.22543
       pc2 = -1.9404
       pc3 = -1.9889
       pc4 = -0.963075
       pc5 = 0.394642
       pc6 = 1.38265
       pc7 = 1.90376
       pc8 = 1.92806
       pc9 = 1.96372
      pc10 = -1.57521
      pc11 = 0.235836
      pc12 = -0.494978
      pc13 = -0.0681147
      pc14 = 0.269307
      pc15 = 0.235623
      pc16 = 0.0220871
      pc17 = -0.100234
      pc18 = -0.0603169
      pc19 = -0.0461812
      pc20 = -0.0241143
Constrained:
   Tgbecnw = 102959
     Tecnw = 26673.3
       Tnw = 17977.3
       Tec = 13751.3
     twoNb = 701770
     twoNe = 130534
     twoNc = 1.43968e+07
     twoNn = 6.90666e+06
     twoNw = 1.68574e+08
    twoNec = 84829.2
    twoNnw = 26935.9
  twoNecnw = 70441.5
  twoNbecnw = 9426.57
  twoNgbecnw = 453780
         m = 0.0681951
        m2 = 0.0303736
        m3 = 0.269628
        m4 = 3.01314e-06
        m5 = 0.127876
        m6 = 0.00324912
        Tb = 20212.3
        Ta = 47706.2
        Tc = 8988.66
        Td = 4494.33
        Te = 2247.16
        Tf = 1123.58
#       SitePat  BranchLen
              b 126093.5426581
              e 49086.8281372
              c 51472.1743144
              n 45153.5096992
              w 47345.3102590
            b:e 2178.4391568
            b:c 2447.7264874
            b:n 1670.4040021
            b:w 1816.7187290
            e:c 10442.5202714
            e:n 5910.7029564
            e:w 5257.0467774
            c:n 5385.7675677
            c:w 4497.1141465
            n:w 12627.4461163
          b:e:c 2022.0114055
          b:e:n 1056.1474427
          b:e:w 1094.1469298
          b:c:n 1085.7379135
          b:c:w 1083.1519926
          b:n:w 2014.0434513
          e:c:n 5086.0596568
          e:c:w 4275.8685896
          e:n:w 6562.6017518
          c:n:w 5536.4496655
        b:e:c:n 2052.5615166
        b:e:c:w 2031.5333695
        b:e:n:w 3277.2452581
        b:c:n:w 2915.0363055
        e:c:n:w 52504.7335524
