########################################
# legofit: estimate population history #
#            version 2.3.3             #
########################################

# Program was compiled: Sep 12 2021 17:54:39
# Program was run: Mon Sep 20 19:51:46 2021

# cmd: legofit -1 -d 0 -t 56 --ptsPerDim 3 --stateOut b1boot2.state --tol 3e-6 -S 5000 abcdef2.lgo ../../boot/boot2.opf
# Stage nOptItr nSimReps
#     0    5000        0
# algorithm          : deterministic
# ignoring probs <=  : 0
# Branch length floor: 0
# DE strategy        : 2
#    F               : 0.3
#    CR              : 0.8
#    tolerance       : 3e-06
# nthreads           : 56
# lgo input file     : abcdef2.lgo
# site pat input file: ../../boot/boot2.opf
# free parameters    : 20
# points in DE swarm : 60
# output state file  : b1boot2.state
# Including singleton site patterns.
# cost function      : KL
Initial parameter values
Fixed:
      zero = 0
       one = 1
    Tbecnw = 75200
Free:
       pc1 = 0
       pc2 = 0
       pc3 = 0
       pc4 = 0
       pc5 = 0
       pc6 = 0
       pc7 = 0
       pc8 = 0
       pc9 = 0
      pc10 = 0
      pc11 = 0
      pc12 = 0
      pc13 = 0
      pc14 = 0
      pc15 = 0
      pc16 = 0
      pc17 = 0
      pc18 = 0
      pc19 = 0
      pc20 = 0
Constrained:
   Tgbecnw = 130766
     Tecnw = 28342.1
       Tnw = 18214.4
       Tec = 14491.4
     twoNb = 856266
     twoNe = 141964
     twoNc = 4.62855e+06
     twoNn = 4.82452e+06
     twoNw = 9.50443e+07
    twoNec = 87527.3
    twoNnw = 31803.9
  twoNecnw = 72941.9
  twoNbecnw = 17991.4
  twoNgbecnw = 416391
         m = 0.0796225
        m2 = 0.0311533
        m3 = 0.266257
        m4 = 4.05913e-07
        m5 = 0.130405
        m6 = 0.00712224
        Tb = 21416.7
        Ta = 48308.4
        Tc = 9107.22
        Td = 4553.61
        Te = 2276.81
        Tf = 1138.4
DiffEv reached_goal. cost=1.53401e-03 spread=2.64337e-06
Fitted parameter values
Free:
       pc1 = -3.87512
       pc2 = -1.86336
       pc3 = -1.94557
       pc4 = -0.465118
       pc5 = 0.229584
       pc6 = 1.02962
       pc7 = 1.83959
       pc8 = 1.91651
       pc9 = 1.9051
      pc10 = -1.57613
      pc11 = 0.34448
      pc12 = -0.693886
      pc13 = -0.096014
      pc14 = -0.0658506
      pc15 = 0.0792223
      pc16 = -0.0868554
      pc17 = 0.011719
      pc18 = -0.0280724
      pc19 = -0.0483785
      pc20 = -0.00677323
Constrained:
   Tgbecnw = 100177
     Tecnw = 26203.7
       Tnw = 19096.1
       Tec = 15788.9
     twoNb = 610682
     twoNe = 150751
     twoNc = 1.29696e+07
     twoNn = 9.34056e+06
     twoNw = 1.56673e+08
    twoNec = 67503.2
    twoNnw = 21958.7
  twoNecnw = 72153.6
  twoNbecnw = 8378.25
  twoNgbecnw = 474442
         m = 0.0657821
        m2 = 0.0299731
        m3 = 0.269989
        m4 = 2.87243e-06
        m5 = 0.125766
        m6 = 0.00366118
        Tb = 20996.3
        Ta = 48098.2
        Tc = 9548.03
        Td = 4774.01
        Te = 2387.01
        Tf = 1193.5
#       SitePat  BranchLen
              b 125502.9557461
              e 49017.9024415
              c 51372.9265776
              n 45124.9196060
              w 47340.6617892
            b:e 2165.4920173
            b:c 2433.2640798
            b:n 1658.2605348
            b:w 1810.6260977
            e:c 10366.2498603
            e:n 5894.4918154
            e:w 5211.7380669
            c:n 5342.2472728
            c:w 4492.2314694
            n:w 12535.6470138
          b:e:c 2020.8499338
          b:e:n 1053.0163766
          b:e:w 1086.4749769
          b:c:n 1078.3339164
          b:c:w 1081.0940393
          b:n:w 2009.5922922
          e:c:n 5070.6054218
          e:c:w 4232.6779690
          e:n:w 6492.1115885
          c:n:w 5478.9603560
        b:e:c:n 2057.6474328
        b:e:c:w 2024.0180033
        b:e:n:w 3255.2727973
        b:c:n:w 2897.4423539
        e:c:n:w 52185.7920367
