########################################
# legofit: estimate population history #
#       version 2.3.4-4-g53f8760       #
########################################

# Program was compiled: Sep 21 2021 14:36:42
# Program was run: Sun Oct 10 09:28:12 2021

# cmd: legofit -1 -d 0 -t 32 --ptsPerDim 3 --stateOut b1.state --tol 3e-6 -S 5000 bde2.lgo ../../chrX/pan_chrX.opf
# Stage nOptItr nSimReps
#     0    5000        0
# algorithm          : deterministic
# ignoring probs <=  : 0
# Branch length floor: 0
# DE strategy        : 2
#    F               : 0.3
#    CR              : 0.8
#    tolerance       : 3e-06
# nthreads           : 32
# lgo input file     : bde2.lgo
# site pat input file: ../../chrX/pan_chrX.opf
# free parameters    : 14
# points in DE swarm : 42
# output state file  : b1.state
# Including singleton site patterns.
# cost function      : KL
Initial parameter values
Fixed:
      zero = 0
       one = 1
    Tbecnw = 75200
Free:
       pc1 = 0
       pc2 = 0
       pc3 = 0
       pc4 = 0
       pc5 = 0
       pc6 = 0
       pc7 = 0
       pc8 = 0
       pc9 = 0
      pc10 = 0
      pc11 = 0
      pc12 = 0
      pc13 = 0
      pc14 = 0
Constrained:
     Tecnw = 33299.8
       Tnw = 3077.3
       Tec = 13.5668
     twoNb = 1.69566e+06
     twoNe = 165640
     twoNc = 114113
     twoNw = 1.48907e+06
    twoNec = 167148
    twoNnw = 138633
  twoNecnw = 31043.4
  twoNbecnw = 50093.4
        m2 = 0.0118382
        m4 = 0.000667555
        m5 = 0.169866
        Tb = 16656.7
        Td = 6.78338
        Te = 3.39169
DiffEv reached_goal. cost=3.02557e-03 spread=2.88096e-06
Fitted parameter values
Free:
       pc1 = -1.98648
       pc2 = -1.67189
       pc3 = -1.95285
       pc4 = 1.94343
       pc5 = 0.673398
       pc6 = -1.5991
       pc7 = 0.143757
       pc8 = -0.450948
       pc9 = 0.0650273
      pc10 = -0.13376
      pc11 = 0.258552
      pc12 = 0.21718
      pc13 = -0.206295
      pc14 = -0.13959
Constrained:
     Tecnw = 32946.7
       Tnw = 649.691
       Tec = 6.37071
     twoNb = 3.4083e+06
     twoNe = 270607
     twoNc = 186604
     twoNw = 2.03621e+06
    twoNec = 160894
    twoNnw = 158324
  twoNecnw = 30558.5
  twoNbecnw = 49447.6
        m2 = 0.0199799
        m4 = 0.000934028
        m5 = 0.159013
        Tb = 16476.5
        Td = 3.18536
        Te = 1.59268
#       SitePat  BranchLen
              b 117239.8600860
              e 43472.2026272
              c 45707.9268809
              n 42666.8717048
              w 42664.5144372
            b:e 1305.9806789
            b:c 1482.6253491
            b:n 1099.9846476
            b:w 1099.8993521
            e:c 10930.0216463
            e:n 4241.6492157
            e:w 4244.0064833
            c:n 3588.5349792
            c:w 3588.1114822
            n:w 11865.1707394
          b:e:c 1246.7722557
          b:e:n 585.5725471
          b:e:w 585.6578426
          b:c:n 585.7832122
          b:c:w 585.6978551
          b:n:w 1243.1172208
          e:c:n 4780.3560787
          e:c:w 4780.7795757
          e:n:w 6261.8258565
          c:n:w 5329.0774169
        b:e:c:n 1100.9926070
        b:e:c:w 1101.0779641
        b:e:n:w 1458.8210773
        b:c:n:w 1287.9591529
        e:c:n:w 45914.0853924
