########################################
# legofit: estimate population history #
#       version 2.3.4-4-g53f8760       #
########################################

# Program was compiled: Sep 21 2021 14:36:42
# Program was run: Sun Oct 10 09:28:27 2021

# cmd: legofit -1 -d 0 -t 32 --ptsPerDim 3 --stateOut b1boot13.state --tol 3e-6 -S 5000 bde2.lgo ../../chrX/boot_chrX/boot13.opf
# Stage nOptItr nSimReps
#     0    5000        0
# algorithm          : deterministic
# ignoring probs <=  : 0
# Branch length floor: 0
# DE strategy        : 2
#    F               : 0.3
#    CR              : 0.8
#    tolerance       : 3e-06
# nthreads           : 32
# lgo input file     : bde2.lgo
# site pat input file: ../../chrX/boot_chrX/boot13.opf
# free parameters    : 14
# points in DE swarm : 42
# output state file  : b1boot13.state
# Including singleton site patterns.
# cost function      : KL
Initial parameter values
Fixed:
      zero = 0
       one = 1
    Tbecnw = 75200
Free:
       pc1 = 0
       pc2 = 0
       pc3 = 0
       pc4 = 0
       pc5 = 0
       pc6 = 0
       pc7 = 0
       pc8 = 0
       pc9 = 0
      pc10 = 0
      pc11 = 0
      pc12 = 0
      pc13 = 0
      pc14 = 0
Constrained:
     Tecnw = 33299.8
       Tnw = 3077.3
       Tec = 13.5668
     twoNb = 1.69566e+06
     twoNe = 165640
     twoNc = 114113
     twoNw = 1.48907e+06
    twoNec = 167148
    twoNnw = 138633
  twoNecnw = 31043.4
  twoNbecnw = 50093.4
        m2 = 0.0118382
        m4 = 0.000667555
        m5 = 0.169866
        Tb = 16656.7
        Td = 6.78338
        Te = 3.39169
DiffEv reached_goal. cost=3.09267e-03 spread=2.86052e-06
Fitted parameter values
Free:
       pc1 = -1.95709
       pc2 = -1.60845
       pc3 = -1.9078
       pc4 = 1.63565
       pc5 = -0.361539
       pc6 = -1.36656
       pc7 = -1.33031
       pc8 = -1.44822
       pc9 = 1.22937
      pc10 = 0.667046
      pc11 = -0.0139357
      pc12 = -0.236094
      pc13 = -0.506032
      pc14 = -0.161003
Constrained:
     Tecnw = 33195.7
       Tnw = 2436.42
       Tec = 16.5371
     twoNb = 3.50927e+06
     twoNe = 372968
     twoNc = 264739
     twoNw = 2.48867e+06
    twoNec = 157396
    twoNnw = 146107
  twoNecnw = 30549.8
  twoNbecnw = 49990.1
        m2 = 0.019843
        m4 = 0.00152866
        m5 = 0.169108
        Tb = 16606.1
        Td = 8.26853
        Te = 4.13427
#       SitePat  BranchLen
              b 117664.3961223
              e 43544.6159565
              c 45966.4211027
              n 42888.8407490
              w 42881.2540052
            b:e 1317.6522908
            b:c 1519.2368938
            b:n 1114.1403797
            b:w 1113.8585337
            e:c 11052.4085988
            e:n 4257.1527592
            e:w 4264.7395029
            c:n 3566.8734384
            c:w 3565.4946158
            n:w 11888.2806276
          b:e:c 1275.3523478
          b:e:n 591.9979500
          b:e:w 592.2797960
          b:c:n 592.4291808
          b:c:w 592.1471316
          b:n:w 1271.7409840
          e:c:n 4779.7493663
          e:c:w 4781.1281889
          e:n:w 6360.0589137
          c:n:w 5320.5652653
        b:e:c:n 1114.9396114
        b:e:c:w 1115.2216606
        b:e:n:w 1495.1981768
        b:c:n:w 1300.5277174
        e:c:n:w 46128.6236571
