########################################
# legofit: estimate population history #
#       version 2.3.4-4-g53f8760       #
########################################

# Program was compiled: Sep 21 2021 14:36:42
# Program was run: Sun Oct 10 09:28:32 2021

# cmd: legofit -1 -d 0 -t 32 --ptsPerDim 3 --stateOut b1boot20.state --tol 3e-6 -S 5000 bde2.lgo ../../chrX/boot_chrX/boot20.opf
# Stage nOptItr nSimReps
#     0    5000        0
# algorithm          : deterministic
# ignoring probs <=  : 0
# Branch length floor: 0
# DE strategy        : 2
#    F               : 0.3
#    CR              : 0.8
#    tolerance       : 3e-06
# nthreads           : 32
# lgo input file     : bde2.lgo
# site pat input file: ../../chrX/boot_chrX/boot20.opf
# free parameters    : 14
# points in DE swarm : 42
# output state file  : b1boot20.state
# Including singleton site patterns.
# cost function      : KL
Initial parameter values
Fixed:
      zero = 0
       one = 1
    Tbecnw = 75200
Free:
       pc1 = 0
       pc2 = 0
       pc3 = 0
       pc4 = 0
       pc5 = 0
       pc6 = 0
       pc7 = 0
       pc8 = 0
       pc9 = 0
      pc10 = 0
      pc11 = 0
      pc12 = 0
      pc13 = 0
      pc14 = 0
Constrained:
     Tecnw = 33299.8
       Tnw = 3077.3
       Tec = 13.5668
     twoNb = 1.69566e+06
     twoNe = 165640
     twoNc = 114113
     twoNw = 1.48907e+06
    twoNec = 167148
    twoNnw = 138633
  twoNecnw = 31043.4
  twoNbecnw = 50093.4
        m2 = 0.0118382
        m4 = 0.000667555
        m5 = 0.169866
        Tb = 16656.7
        Td = 6.78338
        Te = 3.39169
DiffEv reached_goal. cost=3.06043e-03 spread=2.79383e-06
Fitted parameter values
Free:
       pc1 = -1.97066
       pc2 = -1.91978
       pc3 = -1.946
       pc4 = 1.45799
       pc5 = 1.47746
       pc6 = -1.92875
       pc7 = 0.383113
       pc8 = -0.0722285
       pc9 = 0.21184
      pc10 = 0.190423
      pc11 = -0.166177
      pc12 = -0.112973
      pc13 = -0.454074
      pc14 = 0.0184908
Constrained:
     Tecnw = 32873
       Tnw = 461.319
       Tec = 8.16267
     twoNb = 3.39613e+06
     twoNe = 358000
     twoNc = 198040
     twoNw = 1.72692e+06
    twoNec = 163582
    twoNnw = 157658
  twoNecnw = 30656.4
  twoNbecnw = 49547
        m2 = 0.022759
        m4 = 0.000306928
        m5 = 0.157872
        Tb = 16440.6
        Td = 4.08134
        Te = 2.04067
#       SitePat  BranchLen
              b 117252.0383599
              e 43665.2018198
              c 45896.3527261
              n 42582.3912535
              w 42580.4345943
            b:e 1343.2776223
            b:c 1517.4940746
            b:n 1100.1843311
            b:w 1100.1134003
            e:c 10858.3314152
            e:n 4257.8045156
            e:w 4259.7611748
            c:n 3604.9253680
            c:w 3604.5742416
            n:w 11957.4674505
          b:e:c 1253.6445335
          b:e:n 589.4203926
          b:e:w 589.4913234
          b:c:n 589.6066832
          b:c:w 589.5356960
          b:n:w 1249.5087885
          e:c:n 4759.0677095
          e:c:w 4759.4188359
          e:n:w 6352.4361847
          c:n:w 5423.9046186
        b:e:c:n 1101.3400788
        b:e:c:w 1101.4110659
        b:e:n:w 1491.5496726
        b:c:n:w 1322.5492974
        e:c:n:w 45809.0089757
