########################################
# legofit: estimate population history #
#       version 2.3.4-4-g53f8760       #
########################################

# Program was compiled: Sep 21 2021 14:36:42
# Program was run: Sun Oct 10 09:28:22 2021

# cmd: legofit -1 -d 0 -t 32 --ptsPerDim 3 --stateOut b1boot7.state --tol 3e-6 -S 5000 bde2.lgo ../../chrX/boot_chrX/boot7.opf
# Stage nOptItr nSimReps
#     0    5000        0
# algorithm          : deterministic
# ignoring probs <=  : 0
# Branch length floor: 0
# DE strategy        : 2
#    F               : 0.3
#    CR              : 0.8
#    tolerance       : 3e-06
# nthreads           : 32
# lgo input file     : bde2.lgo
# site pat input file: ../../chrX/boot_chrX/boot7.opf
# free parameters    : 14
# points in DE swarm : 42
# output state file  : b1boot7.state
# Including singleton site patterns.
# cost function      : KL
Initial parameter values
Fixed:
      zero = 0
       one = 1
    Tbecnw = 75200
Free:
       pc1 = 0
       pc2 = 0
       pc3 = 0
       pc4 = 0
       pc5 = 0
       pc6 = 0
       pc7 = 0
       pc8 = 0
       pc9 = 0
      pc10 = 0
      pc11 = 0
      pc12 = 0
      pc13 = 0
      pc14 = 0
Constrained:
     Tecnw = 33299.8
       Tnw = 3077.3
       Tec = 13.5668
     twoNb = 1.69566e+06
     twoNe = 165640
     twoNc = 114113
     twoNw = 1.48907e+06
    twoNec = 167148
    twoNnw = 138633
  twoNecnw = 31043.4
  twoNbecnw = 50093.4
        m2 = 0.0118382
        m4 = 0.000667555
        m5 = 0.169866
        Tb = 16656.7
        Td = 6.78338
        Te = 3.39169
DiffEv reached_goal. cost=3.15860e-03 spread=2.56471e-06
Fitted parameter values
Free:
       pc1 = -1.99199
       pc2 = -1.28038
       pc3 = -1.86553
       pc4 = 1.70637
       pc5 = 1.25529
       pc6 = -1.73744
       pc7 = 0.172451
       pc8 = -0.551683
       pc9 = 0.462432
      pc10 = 0.129925
      pc11 = 1.18238
      pc12 = -0.71311
      pc13 = 0.0135654
      pc14 = -0.382527
Constrained:
     Tecnw = 33131
       Tnw = 78.1936
       Tec = 8.20553
     twoNb = 3.55657e+06
     twoNe = 333736
     twoNc = 219109
     twoNw = 1.80774e+06
    twoNec = 159845
    twoNnw = 166168
  twoNecnw = 31160.1
  twoNbecnw = 49648.4
        m2 = 0.018035
        m4 = 0.000603193
        m5 = 0.157762
        Tb = 16569.6
        Td = 4.10277
        Te = 2.05138
#       SitePat  BranchLen
              b 117230.5629704
              e 43715.5246339
              c 45895.8596939
              n 43155.2945632
              w 43154.9794869
            b:e 1322.7098615
            b:c 1490.6276666
            b:n 1149.3304893
            b:w 1149.3188109
            e:c 11143.1858601
            e:n 4301.6753808
            e:w 4301.9904571
            c:n 3654.3634370
            c:w 3654.3066520
            n:w 11937.2478461
          b:e:c 1288.3570767
          b:e:n 608.1788571
          b:e:w 608.1905354
          b:c:n 608.2941956
          b:c:w 608.2825101
          b:n:w 1285.1595220
          e:c:n 4891.3972485
          e:c:w 4891.4540335
          e:n:w 6214.9849041
          c:n:w 5324.8798865
        b:e:c:n 1150.2956937
        b:e:c:w 1150.3073793
        b:e:n:w 1470.5093097
        b:c:n:w 1307.1498979
        e:c:n:w 45368.5135447
