########################################
# legofit: estimate population history #
#       version 2.3.4-4-g53f8760       #
########################################

# Program was compiled: Sep 21 2021 14:36:42
# Program was run: Sun Oct 10 09:28:36 2021

# cmd: legofit -1 -d 0 -t 32 --ptsPerDim 3 --stateOut b1boot24.state --tol 3e-6 -S 5000 bde2.lgo ../../chrX/boot_chrX/boot24.opf
# Stage nOptItr nSimReps
#     0    5000        0
# algorithm          : deterministic
# ignoring probs <=  : 0
# Branch length floor: 0
# DE strategy        : 2
#    F               : 0.3
#    CR              : 0.8
#    tolerance       : 3e-06
# nthreads           : 32
# lgo input file     : bde2.lgo
# site pat input file: ../../chrX/boot_chrX/boot24.opf
# free parameters    : 14
# points in DE swarm : 42
# output state file  : b1boot24.state
# Including singleton site patterns.
# cost function      : KL
Initial parameter values
Fixed:
      zero = 0
       one = 1
    Tbecnw = 75200
Free:
       pc1 = 0
       pc2 = 0
       pc3 = 0
       pc4 = 0
       pc5 = 0
       pc6 = 0
       pc7 = 0
       pc8 = 0
       pc9 = 0
      pc10 = 0
      pc11 = 0
      pc12 = 0
      pc13 = 0
      pc14 = 0
Constrained:
     Tecnw = 33299.8
       Tnw = 3077.3
       Tec = 13.5668
     twoNb = 1.69566e+06
     twoNe = 165640
     twoNc = 114113
     twoNw = 1.48907e+06
    twoNec = 167148
    twoNnw = 138633
  twoNecnw = 31043.4
  twoNbecnw = 50093.4
        m2 = 0.0118382
        m4 = 0.000667555
        m5 = 0.169866
        Tb = 16656.7
        Td = 6.78338
        Te = 3.39169
DiffEv reached_goal. cost=3.12848e-03 spread=2.32771e-06
Fitted parameter values
Free:
       pc1 = -1.99312
       pc2 = -1.38329
       pc3 = -1.98087
       pc4 = 1.24645
       pc5 = -0.0235287
       pc6 = -1.92767
       pc7 = -1.02111
       pc8 = -1.65346
       pc9 = 0.112806
      pc10 = 0.138561
      pc11 = 0.121602
      pc12 = -1.09982
      pc13 = -0.381779
      pc14 = -0.284876
Constrained:
     Tecnw = 33229.7
       Tnw = 1250
       Tec = 11.3118
     twoNb = 3.80206e+06
     twoNe = 425593
     twoNc = 214491
     twoNw = 2.81023e+06
    twoNec = 161607
    twoNnw = 157193
  twoNecnw = 30816.2
  twoNbecnw = 49993
        m2 = 0.0181299
        m4 = 0.0011128
        m5 = 0.170184
        Tb = 16620.5
        Td = 5.65591
        Te = 2.82795
#       SitePat  BranchLen
              b 117609.1081331
              e 43694.6336871
              c 46075.1241993
              n 43062.4455254
              w 43058.9145690
            b:e 1317.0760239
            b:c 1507.0947512
            b:n 1135.1841783
            b:w 1135.0527188
            e:c 10970.6651538
            e:n 4325.1604000
            e:w 4328.6913564
            c:n 3630.9908029
            c:w 3630.3514165
            n:w 11841.0738419
          b:e:c 1276.8350461
          b:e:n 605.7635197
          b:e:w 605.8949793
          b:c:n 606.0145831
          b:c:w 605.8830451
          b:n:w 1273.8457923
          e:c:n 4836.5458255
          e:c:w 4837.1852120
          e:n:w 6308.5306670
          c:n:w 5314.9190833
        b:e:c:n 1135.9733853
        b:e:c:w 1136.1049233
        b:e:n:w 1487.2398227
        b:c:n:w 1302.6125747
        e:c:n:w 45873.3834747
