########################################
# legofit: estimate population history #
#       version 2.3.4-4-g53f8760       #
########################################

# Program was compiled: Sep 21 2021 14:36:42
# Program was run: Sun Oct 10 09:28:51 2021

# cmd: legofit -1 -d 0 -t 32 --ptsPerDim 3 --stateOut b1boot42.state --tol 3e-6 -S 5000 bde2.lgo ../../chrX/boot_chrX/boot42.opf
# Stage nOptItr nSimReps
#     0    5000        0
# algorithm          : deterministic
# ignoring probs <=  : 0
# Branch length floor: 0
# DE strategy        : 2
#    F               : 0.3
#    CR              : 0.8
#    tolerance       : 3e-06
# nthreads           : 32
# lgo input file     : bde2.lgo
# site pat input file: ../../chrX/boot_chrX/boot42.opf
# free parameters    : 14
# points in DE swarm : 42
# output state file  : b1boot42.state
# Including singleton site patterns.
# cost function      : KL
Initial parameter values
Fixed:
      zero = 0
       one = 1
    Tbecnw = 75200
Free:
       pc1 = 0
       pc2 = 0
       pc3 = 0
       pc4 = 0
       pc5 = 0
       pc6 = 0
       pc7 = 0
       pc8 = 0
       pc9 = 0
      pc10 = 0
      pc11 = 0
      pc12 = 0
      pc13 = 0
      pc14 = 0
Constrained:
     Tecnw = 33299.8
       Tnw = 3077.3
       Tec = 13.5668
     twoNb = 1.69566e+06
     twoNe = 165640
     twoNc = 114113
     twoNw = 1.48907e+06
    twoNec = 167148
    twoNnw = 138633
  twoNecnw = 31043.4
  twoNbecnw = 50093.4
        m2 = 0.0118382
        m4 = 0.000667555
        m5 = 0.169866
        Tb = 16656.7
        Td = 6.78338
        Te = 3.39169
DiffEv reached_goal. cost=2.99467e-03 spread=2.76110e-06
Fitted parameter values
Free:
       pc1 = -1.9906
       pc2 = -1.14117
       pc3 = -1.89883
       pc4 = 1.81251
       pc5 = 0.13771
       pc6 = -1.19115
       pc7 = 0.379298
       pc8 = -0.678897
       pc9 = -0.547891
      pc10 = 0.749355
      pc11 = -0.823498
      pc12 = -0.670958
      pc13 = -0.53481
      pc14 = -0.283727
Constrained:
     Tecnw = 33218
       Tnw = 1765.76
       Tec = 6.00105
     twoNb = 3.98194e+06
     twoNe = 270982
     twoNc = 202764
     twoNw = 1.86764e+06
    twoNec = 166915
    twoNnw = 155201
  twoNecnw = 30286.4
  twoNbecnw = 49642.1
        m2 = 0.0192439
        m4 = 0.000951511
        m5 = 0.16753
        Tb = 16612
        Td = 3.00052
        Te = 1.50026
#       SitePat  BranchLen
              b 117446.8611904
              e 43710.6025146
              c 46019.8246464
              n 42920.2686555
              w 42912.9440607
            b:e 1299.9954659
            b:c 1483.0769999
            b:n 1098.3334004
            b:w 1098.0662788
            e:c 10706.2052093
            e:n 4268.2428872
            e:w 4275.5674820
            c:n 3598.6975035
            c:w 3597.3764738
            n:w 11637.5349883
          b:e:c 1233.7872143
          b:e:n 590.3704152
          b:e:w 590.6375368
          b:c:n 590.7467738
          b:c:w 590.4794926
          b:n:w 1230.8447835
          e:c:n 4752.6599928
          e:c:w 4753.9810226
          e:n:w 6275.0814825
          c:n:w 5308.3415724
        b:e:c:n 1098.9658469
        b:e:c:w 1099.2331281
        b:e:n:w 1463.2875744
        b:c:n:w 1285.2418963
        e:c:n:w 46081.3102245
