########################################
# legofit: estimate population history #
#       version 2.3.4-4-g53f8760       #
########################################

# Program was compiled: Sep 21 2021 14:36:42
# Program was run: Sun Oct 10 09:28:36 2021

# cmd: legofit -1 -d 0 -t 32 --ptsPerDim 3 --stateOut b1boot26.state --tol 3e-6 -S 5000 bde2.lgo ../../chrX/boot_chrX/boot26.opf
# Stage nOptItr nSimReps
#     0    5000        0
# algorithm          : deterministic
# ignoring probs <=  : 0
# Branch length floor: 0
# DE strategy        : 2
#    F               : 0.3
#    CR              : 0.8
#    tolerance       : 3e-06
# nthreads           : 32
# lgo input file     : bde2.lgo
# site pat input file: ../../chrX/boot_chrX/boot26.opf
# free parameters    : 14
# points in DE swarm : 42
# output state file  : b1boot26.state
# Including singleton site patterns.
# cost function      : KL
Initial parameter values
Fixed:
      zero = 0
       one = 1
    Tbecnw = 75200
Free:
       pc1 = 0
       pc2 = 0
       pc3 = 0
       pc4 = 0
       pc5 = 0
       pc6 = 0
       pc7 = 0
       pc8 = 0
       pc9 = 0
      pc10 = 0
      pc11 = 0
      pc12 = 0
      pc13 = 0
      pc14 = 0
Constrained:
     Tecnw = 33299.8
       Tnw = 3077.3
       Tec = 13.5668
     twoNb = 1.69566e+06
     twoNe = 165640
     twoNc = 114113
     twoNw = 1.48907e+06
    twoNec = 167148
    twoNnw = 138633
  twoNecnw = 31043.4
  twoNbecnw = 50093.4
        m2 = 0.0118382
        m4 = 0.000667555
        m5 = 0.169866
        Tb = 16656.7
        Td = 6.78338
        Te = 3.39169
DiffEv reached_goal. cost=2.99223e-03 spread=2.85787e-06
Fitted parameter values
Free:
       pc1 = -1.98893
       pc2 = -1.35416
       pc3 = -1.83843
       pc4 = 1.43522
       pc5 = 1.97564
       pc6 = -1.91969
       pc7 = 1.27292
       pc8 = -1.27615
       pc9 = 0.610435
      pc10 = -0.207222
      pc11 = 0.286068
      pc12 = -0.719936
      pc13 = -0.450227
      pc14 = -0.198477
Constrained:
     Tecnw = 32984.3
       Tnw = 160.607
       Tec = 2.47099
     twoNb = 3.85125e+06
     twoNe = 383995
     twoNc = 166253
     twoNw = 1.51277e+06
    twoNec = 163562
    twoNnw = 163833
  twoNecnw = 31257.5
  twoNbecnw = 50327.6
        m2 = 0.022185
        m4 = 0.000857747
        m5 = 0.154827
        Tb = 16493.4
        Td = 1.23549
        Te = 0.617746
#       SitePat  BranchLen
              b 117706.7138544
              e 44013.3208060
              c 46212.1502082
              n 43079.8086772
              w 43079.0337404
            b:e 1387.9574982
            b:c 1567.5963268
            b:n 1158.9734959
            b:w 1158.9443831
            e:c 11047.8619299
            e:n 4329.4826084
            e:w 4330.2575452
            c:n 3686.8709598
            c:w 3686.7307214
            n:w 12043.4285210
          b:e:c 1308.0394403
          b:e:n 619.0711420
          b:e:w 619.1002548
          b:c:n 619.2216768
          b:c:w 619.1925434
          b:n:w 1304.3657895
          e:c:n 4878.0846656
          e:c:w 4878.2249040
          e:n:w 6400.4523648
          c:n:w 5482.1797769
        b:e:c:n 1160.0748284
        b:e:c:w 1160.1039618
        b:e:n:w 1544.3174372
        b:c:n:w 1370.0174431
        e:c:n:w 45627.3406892
