########################################
# legofit: estimate population history #
#       version 2.3.4-4-g53f8760       #
########################################

# Program was compiled: Sep 21 2021 14:36:42
# Program was run: Sun Oct 10 09:28:32 2021

# cmd: legofit -1 -d 0 -t 32 --ptsPerDim 3 --stateOut b1boot23.state --tol 3e-6 -S 5000 bde2.lgo ../../chrX/boot_chrX/boot23.opf
# Stage nOptItr nSimReps
#     0    5000        0
# algorithm          : deterministic
# ignoring probs <=  : 0
# Branch length floor: 0
# DE strategy        : 2
#    F               : 0.3
#    CR              : 0.8
#    tolerance       : 3e-06
# nthreads           : 32
# lgo input file     : bde2.lgo
# site pat input file: ../../chrX/boot_chrX/boot23.opf
# free parameters    : 14
# points in DE swarm : 42
# output state file  : b1boot23.state
# Including singleton site patterns.
# cost function      : KL
Initial parameter values
Fixed:
      zero = 0
       one = 1
    Tbecnw = 75200
Free:
       pc1 = 0
       pc2 = 0
       pc3 = 0
       pc4 = 0
       pc5 = 0
       pc6 = 0
       pc7 = 0
       pc8 = 0
       pc9 = 0
      pc10 = 0
      pc11 = 0
      pc12 = 0
      pc13 = 0
      pc14 = 0
Constrained:
     Tecnw = 33299.8
       Tnw = 3077.3
       Tec = 13.5668
     twoNb = 1.69566e+06
     twoNe = 165640
     twoNc = 114113
     twoNw = 1.48907e+06
    twoNec = 167148
    twoNnw = 138633
  twoNecnw = 31043.4
  twoNbecnw = 50093.4
        m2 = 0.0118382
        m4 = 0.000667555
        m5 = 0.169866
        Tb = 16656.7
        Td = 6.78338
        Te = 3.39169
DiffEv reached_goal. cost=2.98057e-03 spread=2.92823e-06
Fitted parameter values
Free:
       pc1 = -1.98566
       pc2 = -1.26958
       pc3 = -1.48415
       pc4 = 1.79962
       pc5 = 0.280852
       pc6 = -1.00183
       pc7 = -0.425201
       pc8 = -1.40726
       pc9 = 0.198864
      pc10 = -0.595264
      pc11 = 0.841765
      pc12 = -0.0925124
      pc13 = -0.550939
      pc14 = -0.262252
Constrained:
     Tecnw = 33184.1
       Tnw = 707.954
       Tec = 11.8569
     twoNb = 3.33678e+06
     twoNe = 246990
     twoNc = 150259
     twoNw = 2.37026e+06
    twoNec = 159372
    twoNnw = 159067
  twoNecnw = 30937.5
  twoNbecnw = 49762.7
        m2 = 0.0185116
        m4 = 0.00176705
        m5 = 0.163232
        Tb = 16598
        Td = 5.92844
        Te = 2.96422
#       SitePat  BranchLen
              b 117365.5806417
              e 43668.5431645
              c 46009.1122686
              n 43018.7671541
              w 43016.4874947
            b:e 1320.8981366
            b:c 1514.0577229
            b:n 1135.5498948
            b:w 1135.4655139
            e:c 11089.7462704
            e:n 4298.3730753
            e:w 4300.6527347
            c:n 3618.2612040
            c:w 3617.8505495
            n:w 11966.5937485
          b:e:c 1284.3347557
          b:e:n 602.7219210
          b:e:w 602.8063018
          b:c:n 602.9652855
          b:c:w 602.8808437
          b:n:w 1280.7798284
          e:c:n 4841.3515271
          e:c:w 4841.7621816
          e:n:w 6303.6450418
          c:n:w 5318.4260876
        b:e:c:n 1136.5622779
        b:e:c:w 1136.6467197
        b:e:n:w 1489.9606482
        b:c:n:w 1304.0470622
        e:c:n:w 45597.2527975
