########################################
# legofit: estimate population history #
#       version 2.3.4-4-g53f8760       #
########################################

# Program was compiled: Sep 21 2021 14:36:42
# Program was run: Sun Oct 10 09:28:18 2021

# cmd: legofit -1 -d 0 -t 32 --ptsPerDim 3 --stateOut b1boot1.state --tol 3e-6 -S 5000 bde2.lgo ../../chrX/boot_chrX/boot1.opf
# Stage nOptItr nSimReps
#     0    5000        0
# algorithm          : deterministic
# ignoring probs <=  : 0
# Branch length floor: 0
# DE strategy        : 2
#    F               : 0.3
#    CR              : 0.8
#    tolerance       : 3e-06
# nthreads           : 32
# lgo input file     : bde2.lgo
# site pat input file: ../../chrX/boot_chrX/boot1.opf
# free parameters    : 14
# points in DE swarm : 42
# output state file  : b1boot1.state
# Including singleton site patterns.
# cost function      : KL
Initial parameter values
Fixed:
      zero = 0
       one = 1
    Tbecnw = 75200
Free:
       pc1 = 0
       pc2 = 0
       pc3 = 0
       pc4 = 0
       pc5 = 0
       pc6 = 0
       pc7 = 0
       pc8 = 0
       pc9 = 0
      pc10 = 0
      pc11 = 0
      pc12 = 0
      pc13 = 0
      pc14 = 0
Constrained:
     Tecnw = 33299.8
       Tnw = 3077.3
       Tec = 13.5668
     twoNb = 1.69566e+06
     twoNe = 165640
     twoNc = 114113
     twoNw = 1.48907e+06
    twoNec = 167148
    twoNnw = 138633
  twoNecnw = 31043.4
  twoNbecnw = 50093.4
        m2 = 0.0118382
        m4 = 0.000667555
        m5 = 0.169866
        Tb = 16656.7
        Td = 6.78338
        Te = 3.39169
DiffEv reached_goal. cost=3.15165e-03 spread=2.45695e-06
Fitted parameter values
Free:
       pc1 = -1.97408
       pc2 = -0.449778
       pc3 = -1.89935
       pc4 = 0.799835
       pc5 = 0.631774
       pc6 = -1.6289
       pc7 = -0.630877
       pc8 = -1.02623
       pc9 = 1.2617
      pc10 = 1.6154
      pc11 = 0.605324
      pc12 = -0.875489
      pc13 = -0.486845
      pc14 = -0.134914
Constrained:
     Tecnw = 33591.4
       Tnw = 1352.76
       Tec = 14.9467
     twoNb = 3.41755e+06
     twoNe = 429973
     twoNc = 295772
     twoNw = 1.84589e+06
    twoNec = 160131
    twoNnw = 149544
  twoNecnw = 30897.7
  twoNbecnw = 50434.2
        m2 = 0.0184028
        m4 = 0.000483707
        m5 = 0.163511
        Tb = 16803.2
        Td = 7.47333
        Te = 3.73667
#       SitePat  BranchLen
              b 117893.2224662
              e 43971.4814046
              c 46350.4382536
              n 43134.0230990
              w 43128.4398802
            b:e 1351.1694855
            b:c 1537.2110943
            b:n 1151.6154485
            b:w 1151.4049909
            e:c 11237.7335351
            e:n 4283.4852632
            e:w 4289.0684820
            c:n 3590.8381428
            c:w 3589.8331854
            n:w 12252.2214496
          b:e:c 1327.7724812
          b:e:n 610.2093074
          b:e:w 610.4197651
          b:c:n 610.5279652
          b:c:w 610.3173719
          b:n:w 1324.3389312
          e:c:n 4822.0593712
          e:c:w 4823.0643285
          e:n:w 6357.1095830
          c:n:w 5365.0551848
        b:e:c:n 1152.4323310
        b:e:c:w 1152.6429243
        b:e:n:w 1516.0100926
        b:c:n:w 1334.7321852
        e:c:n:w 45829.3684858
