########################################
# legofit: estimate population history #
#       version 2.3.4-4-g53f8760       #
########################################

# Program was compiled: Sep 21 2021 14:36:42
# Program was run: Sun Oct 10 09:28:18 2021

# cmd: legofit -1 -d 0 -t 32 --ptsPerDim 3 --stateOut b1boot5.state --tol 3e-6 -S 5000 bde2.lgo ../../chrX/boot_chrX/boot5.opf
# Stage nOptItr nSimReps
#     0    5000        0
# algorithm          : deterministic
# ignoring probs <=  : 0
# Branch length floor: 0
# DE strategy        : 2
#    F               : 0.3
#    CR              : 0.8
#    tolerance       : 3e-06
# nthreads           : 32
# lgo input file     : bde2.lgo
# site pat input file: ../../chrX/boot_chrX/boot5.opf
# free parameters    : 14
# points in DE swarm : 42
# output state file  : b1boot5.state
# Including singleton site patterns.
# cost function      : KL
Initial parameter values
Fixed:
      zero = 0
       one = 1
    Tbecnw = 75200
Free:
       pc1 = 0
       pc2 = 0
       pc3 = 0
       pc4 = 0
       pc5 = 0
       pc6 = 0
       pc7 = 0
       pc8 = 0
       pc9 = 0
      pc10 = 0
      pc11 = 0
      pc12 = 0
      pc13 = 0
      pc14 = 0
Constrained:
     Tecnw = 33299.8
       Tnw = 3077.3
       Tec = 13.5668
     twoNb = 1.69566e+06
     twoNe = 165640
     twoNc = 114113
     twoNw = 1.48907e+06
    twoNec = 167148
    twoNnw = 138633
  twoNecnw = 31043.4
  twoNbecnw = 50093.4
        m2 = 0.0118382
        m4 = 0.000667555
        m5 = 0.169866
        Tb = 16656.7
        Td = 6.78338
        Te = 3.39169
DiffEv reached_goal. cost=3.04860e-03 spread=1.58753e-06
Fitted parameter values
Free:
       pc1 = -1.99038
       pc2 = -1.98641
       pc3 = -1.82638
       pc4 = 1.94954
       pc5 = -0.102283
       pc6 = -1.96778
       pc7 = -0.779918
       pc8 = 1.29695
       pc9 = 0.964728
      pc10 = 0.0123913
      pc11 = 1.57336
      pc12 = -1.26389
      pc13 = -0.413426
      pc14 = -0.234832
Constrained:
     Tecnw = 33130.6
       Tnw = 198.695
       Tec = 8.47318
     twoNb = 2.87576e+06
     twoNe = 306074
     twoNc = 313857
     twoNw = 2.04489e+06
    twoNec = 156689
    twoNnw = 162772
  twoNecnw = 31250.3
  twoNbecnw = 48292.1
        m2 = 0.0199354
        m4 = 0.00021628
        m5 = 0.170494
        Tb = 16569.6
        Td = 4.23659
        Te = 2.1183
#       SitePat  BranchLen
              b 116024.2058067
              e 43576.6390572
              c 45947.9735623
              n 42990.6134266
              w 42989.8397021
            b:e 1303.7352880
            b:c 1482.0621357
            b:n 1117.2426983
            b:w 1117.2146709
            e:c 11085.8293514
            e:n 4320.0614540
            e:w 4320.8351784
            c:n 3614.5711814
            c:w 3614.4330326
            n:w 11941.8784186
          b:e:c 1260.4482714
          b:e:n 592.8996369
          b:e:w 592.9276642
          b:c:n 593.0544295
          b:c:w 593.0263792
          b:n:w 1256.1928145
          e:c:n 4814.8421558
          e:c:w 4814.9803046
          e:n:w 6242.3998870
          c:n:w 5277.1540049
        b:e:c:n 1118.4833303
        b:e:c:w 1118.5113806
        b:e:n:w 1455.9760819
        b:c:n:w 1283.1995220
        e:c:n:w 44290.6110684
