########################################
# legofit: estimate population history #
#       version 2.3.4-4-g53f8760       #
########################################

# Program was compiled: Sep 21 2021 14:36:42
# Program was run: Sun Oct 10 09:28:41 2021

# cmd: legofit -1 -d 0 -t 32 --ptsPerDim 3 --stateOut b1boot33.state --tol 3e-6 -S 5000 bde2.lgo ../../chrX/boot_chrX/boot33.opf
# Stage nOptItr nSimReps
#     0    5000        0
# algorithm          : deterministic
# ignoring probs <=  : 0
# Branch length floor: 0
# DE strategy        : 2
#    F               : 0.3
#    CR              : 0.8
#    tolerance       : 3e-06
# nthreads           : 32
# lgo input file     : bde2.lgo
# site pat input file: ../../chrX/boot_chrX/boot33.opf
# free parameters    : 14
# points in DE swarm : 42
# output state file  : b1boot33.state
# Including singleton site patterns.
# cost function      : KL
Initial parameter values
Fixed:
      zero = 0
       one = 1
    Tbecnw = 75200
Free:
       pc1 = 0
       pc2 = 0
       pc3 = 0
       pc4 = 0
       pc5 = 0
       pc6 = 0
       pc7 = 0
       pc8 = 0
       pc9 = 0
      pc10 = 0
      pc11 = 0
      pc12 = 0
      pc13 = 0
      pc14 = 0
Constrained:
     Tecnw = 33299.8
       Tnw = 3077.3
       Tec = 13.5668
     twoNb = 1.69566e+06
     twoNe = 165640
     twoNc = 114113
     twoNw = 1.48907e+06
    twoNec = 167148
    twoNnw = 138633
  twoNecnw = 31043.4
  twoNbecnw = 50093.4
        m2 = 0.0118382
        m4 = 0.000667555
        m5 = 0.169866
        Tb = 16656.7
        Td = 6.78338
        Te = 3.39169
DiffEv reached_goal. cost=3.02069e-03 spread=2.61315e-06
Fitted parameter values
Free:
       pc1 = -1.99793
       pc2 = -0.501411
       pc3 = -1.91236
       pc4 = 0.690158
       pc5 = 1.74653
       pc6 = -1.98175
       pc7 = 0.635947
       pc8 = -1.32556
       pc9 = 0.219275
      pc10 = 1.15387
      pc11 = -0.397059
      pc12 = 1.1448
      pc13 = 0.0798103
      pc14 = 0.0430639
Constrained:
     Tecnw = 33192.5
       Tnw = 921.848
       Tec = 7.23278
     twoNb = 3.28377e+06
     twoNe = 402671
     twoNc = 160440
     twoNw = 1.59253e+06
    twoNec = 163239
    twoNnw = 149348
  twoNecnw = 30114.1
  twoNbecnw = 50913.1
        m2 = 0.0191208
        m4 = 0.000292651
        m5 = 0.148082
        Tb = 16599.9
        Td = 3.61639
        Te = 1.80819
#       SitePat  BranchLen
              b 118610.4916492
              e 43627.8897408
              c 45766.6583478
              n 42510.6012036
              w 42506.6488122
            b:e 1332.9472311
            b:c 1497.4827775
            b:n 1106.7257085
            b:w 1106.5808425
            e:c 11042.1775878
            e:n 4164.2846576
            e:w 4168.2370490
            c:n 3541.4122559
            c:w 3540.7027545
            n:w 12168.8974167
          b:e:c 1283.3566231
          b:e:n 587.1107934
          b:e:w 587.2556594
          b:c:n 587.3516245
          b:c:w 587.2066586
          b:n:w 1279.6732647
          e:c:n 4754.3900951
          e:c:w 4755.0995965
          e:n:w 6288.5912877
          c:n:w 5395.6285076
        b:e:c:n 1107.6530702
        b:e:c:w 1107.7980361
        b:e:n:w 1474.5980496
        b:c:n:w 1314.4715423
        e:c:n:w 47289.3140532
