########################################
# legofit: estimate population history #
#       version 2.3.4-4-g53f8760       #
########################################

# Program was compiled: Sep 21 2021 14:36:42
# Program was run: Sun Oct 10 09:28:27 2021

# cmd: legofit -1 -d 0 -t 32 --ptsPerDim 3 --stateOut b1boot12.state --tol 3e-6 -S 5000 bde2.lgo ../../chrX/boot_chrX/boot12.opf
# Stage nOptItr nSimReps
#     0    5000        0
# algorithm          : deterministic
# ignoring probs <=  : 0
# Branch length floor: 0
# DE strategy        : 2
#    F               : 0.3
#    CR              : 0.8
#    tolerance       : 3e-06
# nthreads           : 32
# lgo input file     : bde2.lgo
# site pat input file: ../../chrX/boot_chrX/boot12.opf
# free parameters    : 14
# points in DE swarm : 42
# output state file  : b1boot12.state
# Including singleton site patterns.
# cost function      : KL
Initial parameter values
Fixed:
      zero = 0
       one = 1
    Tbecnw = 75200
Free:
       pc1 = 0
       pc2 = 0
       pc3 = 0
       pc4 = 0
       pc5 = 0
       pc6 = 0
       pc7 = 0
       pc8 = 0
       pc9 = 0
      pc10 = 0
      pc11 = 0
      pc12 = 0
      pc13 = 0
      pc14 = 0
Constrained:
     Tecnw = 33299.8
       Tnw = 3077.3
       Tec = 13.5668
     twoNb = 1.69566e+06
     twoNe = 165640
     twoNc = 114113
     twoNw = 1.48907e+06
    twoNec = 167148
    twoNnw = 138633
  twoNecnw = 31043.4
  twoNbecnw = 50093.4
        m2 = 0.0118382
        m4 = 0.000667555
        m5 = 0.169866
        Tb = 16656.7
        Td = 6.78338
        Te = 3.39169
DiffEv reached_goal. cost=3.10450e-03 spread=2.95355e-06
Fitted parameter values
Free:
       pc1 = -1.99205
       pc2 = -1.89707
       pc3 = -1.89817
       pc4 = 1.66985
       pc5 = 0.513531
       pc6 = -1.58428
       pc7 = -0.791255
       pc8 = -1.22079
       pc9 = 1.0352
      pc10 = 0.577734
      pc11 = 0.642441
      pc12 = 0.34671
      pc13 = 0.352117
      pc14 = -0.248968
Constrained:
     Tecnw = 32990.3
       Tnw = 1699.78
       Tec = 15.1629
     twoNb = 3.52955e+06
     twoNe = 361292
     twoNc = 225412
     twoNw = 2.19034e+06
    twoNec = 155147
    twoNnw = 152541
  twoNecnw = 30594.6
  twoNbecnw = 49937.7
        m2 = 0.0179872
        m4 = 0.000934346
        m5 = 0.159472
        Tb = 16502.7
        Td = 7.58146
        Te = 3.79073
#       SitePat  BranchLen
              b 117693.6799793
              e 43290.5817719
              c 45505.9385696
              n 42831.9210942
              w 42826.2185891
            b:e 1293.7163523
            b:c 1469.2201841
            b:n 1117.3165263
            b:w 1117.1059995
            e:c 11162.1633435
            e:n 4219.5177774
            e:w 4225.2202826
            c:n 3577.4376857
            c:w 3576.3994158
            n:w 11841.6689136
          b:e:c 1268.7991579
          b:e:n 588.3000999
          b:e:w 588.5106267
          b:c:n 588.6245383
          b:c:w 588.4138783
          b:n:w 1265.5405989
          e:c:n 4834.2732460
          e:c:w 4835.3115159
          e:n:w 6211.9547398
          c:n:w 5282.0395515
        b:e:c:n 1118.0706375
        b:e:c:w 1118.2812974
        b:e:n:w 1448.3076123
        b:c:n:w 1278.0354398
        e:c:n:w 46338.9144673
