########################################
# legofit: estimate population history #
#       version 2.3.4-4-g53f8760       #
########################################

# Program was compiled: Sep 21 2021 14:36:42
# Program was run: Sun Oct 10 09:28:32 2021

# cmd: legofit -1 -d 0 -t 32 --ptsPerDim 3 --stateOut b1boot19.state --tol 3e-6 -S 5000 bde2.lgo ../../chrX/boot_chrX/boot19.opf
# Stage nOptItr nSimReps
#     0    5000        0
# algorithm          : deterministic
# ignoring probs <=  : 0
# Branch length floor: 0
# DE strategy        : 2
#    F               : 0.3
#    CR              : 0.8
#    tolerance       : 3e-06
# nthreads           : 32
# lgo input file     : bde2.lgo
# site pat input file: ../../chrX/boot_chrX/boot19.opf
# free parameters    : 14
# points in DE swarm : 42
# output state file  : b1boot19.state
# Including singleton site patterns.
# cost function      : KL
Initial parameter values
Fixed:
      zero = 0
       one = 1
    Tbecnw = 75200
Free:
       pc1 = 0
       pc2 = 0
       pc3 = 0
       pc4 = 0
       pc5 = 0
       pc6 = 0
       pc7 = 0
       pc8 = 0
       pc9 = 0
      pc10 = 0
      pc11 = 0
      pc12 = 0
      pc13 = 0
      pc14 = 0
Constrained:
     Tecnw = 33299.8
       Tnw = 3077.3
       Tec = 13.5668
     twoNb = 1.69566e+06
     twoNe = 165640
     twoNc = 114113
     twoNw = 1.48907e+06
    twoNec = 167148
    twoNnw = 138633
  twoNecnw = 31043.4
  twoNbecnw = 50093.4
        m2 = 0.0118382
        m4 = 0.000667555
        m5 = 0.169866
        Tb = 16656.7
        Td = 6.78338
        Te = 3.39169
DiffEv reached_goal. cost=3.09770e-03 spread=1.59680e-06
Fitted parameter values
Free:
       pc1 = -1.97667
       pc2 = -1.93694
       pc3 = -1.93158
       pc4 = 1.83904
       pc5 = 0.65319
       pc6 = -1.72184
       pc7 = 0.445026
       pc8 = -0.268365
       pc9 = 0.152288
      pc10 = 0.930577
      pc11 = 1.01562
      pc12 = 0.841544
      pc13 = -0.562114
      pc14 = -0.0431412
Constrained:
     Tecnw = 33189.5
       Tnw = 1021.22
       Tec = 7.55452
     twoNb = 3.54017e+06
     twoNe = 271764
     twoNc = 183311
     twoNw = 1.81016e+06
    twoNec = 158061
    twoNnw = 148270
  twoNecnw = 30494.3
  twoNbecnw = 49109.8
        m2 = 0.0210294
        m4 = 0.000425446
        m5 = 0.151977
        Tb = 16598.5
        Td = 3.77726
        Te = 1.88863
#       SitePat  BranchLen
              b 116922.9187679
              e 43577.6662017
              c 45795.9198560
              n 42559.3737977
              w 42555.4206813
            b:e 1313.3732671
            b:c 1483.8759641
            b:n 1086.8006682
            b:w 1086.6585704
            e:c 11143.3946461
            e:n 4156.8031102
            e:w 4160.7562266
            c:n 3511.7945840
            c:w 3511.0908230
            n:w 12204.2122277
          b:e:c 1266.7018896
          b:e:n 574.0618639
          b:e:w 574.2039617
          b:c:n 574.3057980
          b:c:w 574.1635995
          b:n:w 1262.9575951
          e:c:n 4713.8786647
          e:c:w 4714.5824256
          e:n:w 6272.4619467
          c:n:w 5343.9989246
        b:e:c:n 1087.7331572
        b:e:c:w 1087.8753557
        b:e:n:w 1460.9333503
        b:c:n:w 1295.1103789
        e:c:n:w 45547.2481205
