########################################
# legofit: estimate population history #
#       version 2.3.4-4-g53f8760       #
########################################

# Program was compiled: Sep 21 2021 14:36:42
# Program was run: Sun Oct 10 09:28:57 2021

# cmd: legofit -1 -d 0 -t 32 --ptsPerDim 3 --stateOut b1boot49.state --tol 3e-6 -S 5000 bde2.lgo ../../chrX/boot_chrX/boot49.opf
# Stage nOptItr nSimReps
#     0    5000        0
# algorithm          : deterministic
# ignoring probs <=  : 0
# Branch length floor: 0
# DE strategy        : 2
#    F               : 0.3
#    CR              : 0.8
#    tolerance       : 3e-06
# nthreads           : 32
# lgo input file     : bde2.lgo
# site pat input file: ../../chrX/boot_chrX/boot49.opf
# free parameters    : 14
# points in DE swarm : 42
# output state file  : b1boot49.state
# Including singleton site patterns.
# cost function      : KL
Initial parameter values
Fixed:
      zero = 0
       one = 1
    Tbecnw = 75200
Free:
       pc1 = 0
       pc2 = 0
       pc3 = 0
       pc4 = 0
       pc5 = 0
       pc6 = 0
       pc7 = 0
       pc8 = 0
       pc9 = 0
      pc10 = 0
      pc11 = 0
      pc12 = 0
      pc13 = 0
      pc14 = 0
Constrained:
     Tecnw = 33299.8
       Tnw = 3077.3
       Tec = 13.5668
     twoNb = 1.69566e+06
     twoNe = 165640
     twoNc = 114113
     twoNw = 1.48907e+06
    twoNec = 167148
    twoNnw = 138633
  twoNecnw = 31043.4
  twoNbecnw = 50093.4
        m2 = 0.0118382
        m4 = 0.000667555
        m5 = 0.169866
        Tb = 16656.7
        Td = 6.78338
        Te = 3.39169
DiffEv reached_goal. cost=2.97097e-03 spread=2.73225e-06
Fitted parameter values
Free:
       pc1 = -1.96865
       pc2 = -1.79585
       pc3 = -1.94565
       pc4 = 0.344701
       pc5 = 0.0665224
       pc6 = -0.804902
       pc7 = 1.07581
       pc8 = -1.65896
       pc9 = -0.570056
      pc10 = -0.901746
      pc11 = -0.543219
      pc12 = -0.957666
      pc13 = -0.281135
      pc14 = -0.371804
Constrained:
     Tecnw = 32984.8
       Tnw = 1931.58
       Tec = 1.79657
     twoNb = 3.99084e+06
     twoNe = 187882
     twoNc = 74351.9
     twoNw = 2.38726e+06
    twoNec = 165986
    twoNnw = 159327
  twoNecnw = 30985.1
  twoNbecnw = 50528.1
        m2 = 0.0209572
        m4 = 0.000633803
        m5 = 0.172488
        Tb = 16493.3
        Td = 0.898285
        Te = 0.449143
#       SitePat  BranchLen
              b 117989.8607282
              e 43899.7301372
              c 46220.2689659
              n 43241.1544956
              w 43234.6466990
            b:e 1361.5860043
            b:c 1550.6749337
            b:n 1152.4188439
            b:w 1152.1714450
            e:c 10787.1442069
            e:n 4383.9303076
            e:w 4390.4381043
            c:n 3711.4564895
            c:w 3710.2586760
            n:w 11599.5705798
          b:e:c 1277.2855561
          b:e:n 621.3664094
          b:e:w 621.6138082
          b:c:n 621.7281968
          b:c:w 621.4806407
          b:n:w 1274.0422457
          e:c:n 4876.5528782
          e:c:w 4877.7506918
          e:n:w 6396.2639008
          c:n:w 5423.1293250
        b:e:c:n 1153.1843640
        b:e:c:w 1153.4319201
        b:e:n:w 1529.5488083
        b:c:n:w 1345.4802526
        e:c:n:w 46096.0470597
