########################################
# legofit: estimate population history #
#       version 2.3.4-4-g53f8760       #
########################################

# Program was compiled: Sep 21 2021 14:36:42
# Program was run: Sun Oct 10 09:28:27 2021

# cmd: legofit -1 -d 0 -t 32 --ptsPerDim 3 --stateOut b1boot15.state --tol 3e-6 -S 5000 bde2.lgo ../../chrX/boot_chrX/boot15.opf
# Stage nOptItr nSimReps
#     0    5000        0
# algorithm          : deterministic
# ignoring probs <=  : 0
# Branch length floor: 0
# DE strategy        : 2
#    F               : 0.3
#    CR              : 0.8
#    tolerance       : 3e-06
# nthreads           : 32
# lgo input file     : bde2.lgo
# site pat input file: ../../chrX/boot_chrX/boot15.opf
# free parameters    : 14
# points in DE swarm : 42
# output state file  : b1boot15.state
# Including singleton site patterns.
# cost function      : KL
Initial parameter values
Fixed:
      zero = 0
       one = 1
    Tbecnw = 75200
Free:
       pc1 = 0
       pc2 = 0
       pc3 = 0
       pc4 = 0
       pc5 = 0
       pc6 = 0
       pc7 = 0
       pc8 = 0
       pc9 = 0
      pc10 = 0
      pc11 = 0
      pc12 = 0
      pc13 = 0
      pc14 = 0
Constrained:
     Tecnw = 33299.8
       Tnw = 3077.3
       Tec = 13.5668
     twoNb = 1.69566e+06
     twoNe = 165640
     twoNc = 114113
     twoNw = 1.48907e+06
    twoNec = 167148
    twoNnw = 138633
  twoNecnw = 31043.4
  twoNbecnw = 50093.4
        m2 = 0.0118382
        m4 = 0.000667555
        m5 = 0.169866
        Tb = 16656.7
        Td = 6.78338
        Te = 3.39169
DiffEv reached_goal. cost=2.83402e-03 spread=2.95159e-06
Fitted parameter values
Free:
       pc1 = -1.99629
       pc2 = -0.944966
       pc3 = -1.95894
       pc4 = 0.022601
       pc5 = 1.86542
       pc6 = -1.576
       pc7 = 0.998276
       pc8 = -1.56835
       pc9 = 1.22469
      pc10 = -0.547774
      pc11 = 0.160682
      pc12 = -0.912926
      pc13 = -0.454853
      pc14 = -0.136793
Constrained:
     Tecnw = 33070.9
       Tnw = 466.568
       Tec = 5.12019
     twoNb = 3.32893e+06
     twoNe = 370160
     twoNc = 163332
     twoNw = 1.74984e+06
    twoNec = 163392
    twoNnw = 161664
  twoNecnw = 31514.7
  twoNbecnw = 51296
        m2 = 0.0231632
        m4 = 0.00048128
        m5 = 0.160221
        Tb = 16538
        Td = 2.56009
        Te = 1.28005
#       SitePat  BranchLen
              b 118406.0636266
              e 44234.1391399
              c 46517.4517838
              n 43273.2192031
              w 43271.1985920
            b:e 1439.1809570
            b:c 1628.1572509
            b:n 1195.0154520
            b:w 1194.9372927
            e:c 11129.2328432
            e:n 4395.4395463
            e:w 4397.4601574
            c:n 3729.9823435
            c:w 3729.6134713
            n:w 12151.3985466
          b:e:c 1351.4599998
          b:e:n 639.8089826
          b:e:w 639.8871419
          b:c:n 640.0255431
          b:c:w 639.9473189
          b:n:w 1346.9742450
          e:c:n 4929.4562758
          e:c:w 4929.8251480
          e:n:w 6519.6642396
          c:n:w 5563.4817538
        b:e:c:n 1196.3230126
        b:e:c:w 1196.4012368
        b:e:n:w 1600.5688374
        b:c:n:w 1417.4895369
        e:c:n:w 45933.3929161
