########################################
# legofit: estimate population history #
#       version 2.3.4-4-g53f8760       #
########################################

# Program was compiled: Sep 21 2021 14:36:42
# Program was run: Sun Oct 10 09:28:46 2021

# cmd: legofit -1 -d 0 -t 32 --ptsPerDim 3 --stateOut b1boot36.state --tol 3e-6 -S 5000 bde2.lgo ../../chrX/boot_chrX/boot36.opf
# Stage nOptItr nSimReps
#     0    5000        0
# algorithm          : deterministic
# ignoring probs <=  : 0
# Branch length floor: 0
# DE strategy        : 2
#    F               : 0.3
#    CR              : 0.8
#    tolerance       : 3e-06
# nthreads           : 32
# lgo input file     : bde2.lgo
# site pat input file: ../../chrX/boot_chrX/boot36.opf
# free parameters    : 14
# points in DE swarm : 42
# output state file  : b1boot36.state
# Including singleton site patterns.
# cost function      : KL
Initial parameter values
Fixed:
      zero = 0
       one = 1
    Tbecnw = 75200
Free:
       pc1 = 0
       pc2 = 0
       pc3 = 0
       pc4 = 0
       pc5 = 0
       pc6 = 0
       pc7 = 0
       pc8 = 0
       pc9 = 0
      pc10 = 0
      pc11 = 0
      pc12 = 0
      pc13 = 0
      pc14 = 0
Constrained:
     Tecnw = 33299.8
       Tnw = 3077.3
       Tec = 13.5668
     twoNb = 1.69566e+06
     twoNe = 165640
     twoNc = 114113
     twoNw = 1.48907e+06
    twoNec = 167148
    twoNnw = 138633
  twoNecnw = 31043.4
  twoNbecnw = 50093.4
        m2 = 0.0118382
        m4 = 0.000667555
        m5 = 0.169866
        Tb = 16656.7
        Td = 6.78338
        Te = 3.39169
DiffEv reached_goal. cost=3.08220e-03 spread=2.69224e-06
Fitted parameter values
Free:
       pc1 = -1.99151
       pc2 = -1.85687
       pc3 = -1.96987
       pc4 = 1.84611
       pc5 = 1.97253
       pc6 = -1.99032
       pc7 = 0.899297
       pc8 = -0.155628
       pc9 = 0.0219056
      pc10 = 0.0974692
      pc11 = -0.330041
      pc12 = 0.309878
      pc13 = -0.00310086
      pc14 = -0.204213
Constrained:
     Tecnw = 32722.6
       Tnw = 462.473
       Tec = 5.0175
     twoNb = 3.53572e+06
     twoNe = 344896
     twoNc = 176963
     twoNw = 1.46433e+06
    twoNec = 163962
    twoNnw = 163233
  twoNecnw = 30487.3
  twoNbecnw = 49640
        m2 = 0.0217691
        m4 = 0.000393118
        m5 = 0.151913
        Tb = 16363.8
        Td = 2.50875
        Te = 1.25438
#       SitePat  BranchLen
              b 117424.5089105
              e 43522.1448182
              c 45595.4949605
              n 42643.8983342
              w 42641.6669935
            b:e 1323.9757099
            b:c 1485.7699081
            b:n 1098.1678730
            b:w 1098.0872632
            e:c 10810.3436202
            e:n 4229.5061748
            e:w 4231.7375155
            c:n 3620.8907322
            c:w 3620.4882826
            n:w 11722.8031385
          b:e:c 1234.4969618
          b:e:n 586.8131868
          b:e:w 586.8937966
          b:c:n 586.9995240
          b:c:w 586.9188549
          b:n:w 1230.7009607
          e:c:n 4791.4851052
          e:c:w 4791.8875548
          e:n:w 6251.1494814
          c:n:w 5392.6333591
        b:e:c:n 1099.2200598
        b:e:c:w 1099.3007288
        b:e:n:w 1461.6617224
        b:c:n:w 1304.6867840
        e:c:n:w 46187.5858085
