########################################
# legofit: estimate population history #
#       version 2.3.4-4-g53f8760       #
########################################

# Program was compiled: Sep 21 2021 14:36:42
# Program was run: Sun Oct 10 09:28:51 2021

# cmd: legofit -1 -d 0 -t 32 --ptsPerDim 3 --stateOut b1boot47.state --tol 3e-6 -S 5000 bde2.lgo ../../chrX/boot_chrX/boot47.opf
# Stage nOptItr nSimReps
#     0    5000        0
# algorithm          : deterministic
# ignoring probs <=  : 0
# Branch length floor: 0
# DE strategy        : 2
#    F               : 0.3
#    CR              : 0.8
#    tolerance       : 3e-06
# nthreads           : 32
# lgo input file     : bde2.lgo
# site pat input file: ../../chrX/boot_chrX/boot47.opf
# free parameters    : 14
# points in DE swarm : 42
# output state file  : b1boot47.state
# Including singleton site patterns.
# cost function      : KL
Initial parameter values
Fixed:
      zero = 0
       one = 1
    Tbecnw = 75200
Free:
       pc1 = 0
       pc2 = 0
       pc3 = 0
       pc4 = 0
       pc5 = 0
       pc6 = 0
       pc7 = 0
       pc8 = 0
       pc9 = 0
      pc10 = 0
      pc11 = 0
      pc12 = 0
      pc13 = 0
      pc14 = 0
Constrained:
     Tecnw = 33299.8
       Tnw = 3077.3
       Tec = 13.5668
     twoNb = 1.69566e+06
     twoNe = 165640
     twoNc = 114113
     twoNw = 1.48907e+06
    twoNec = 167148
    twoNnw = 138633
  twoNecnw = 31043.4
  twoNbecnw = 50093.4
        m2 = 0.0118382
        m4 = 0.000667555
        m5 = 0.169866
        Tb = 16656.7
        Td = 6.78338
        Te = 3.39169
DiffEv reached_goal. cost=3.04370e-03 spread=2.56203e-06
Fitted parameter values
Free:
       pc1 = -1.98332
       pc2 = -1.95221
       pc3 = -1.45549
       pc4 = 1.7378
       pc5 = -0.777188
       pc6 = -1.94718
       pc7 = -0.690993
       pc8 = 1.30575
       pc9 = -0.459584
      pc10 = 0.479466
      pc11 = 0.21478
      pc12 = -0.255028
      pc13 = -0.477877
      pc14 = -0.168017
Constrained:
     Tecnw = 33160.4
       Tnw = 1276.73
       Tec = 6.84359
     twoNb = 2.8418e+06
     twoNe = 289632
     twoNc = 229616
     twoNw = 2.18234e+06
    twoNec = 161250
    twoNnw = 153882
  twoNecnw = 30250.8
  twoNbecnw = 48127.2
        m2 = 0.0191473
        m4 = 0.00010711
        m5 = 0.172503
        Tb = 16583.6
        Td = 3.4218
        Te = 1.7109
#       SitePat  BranchLen
              b 116196.8173162
              e 43334.4437794
              c 45706.8855792
              n 42590.0831981
              w 42585.4302469
            b:e 1253.4461703
            b:c 1427.9158893
            b:n 1058.1697902
            b:w 1058.0061810
            e:c 10758.0968404
            e:n 4230.3541293
            e:w 4235.0070804
            c:n 3530.7165967
            c:w 3529.8889216
            n:w 11706.5217015
          b:e:c 1200.0514693
          b:e:n 565.6771722
          b:e:w 565.8407814
          b:c:n 565.9548619
          b:c:w 565.7911239
          b:n:w 1196.0619465
          e:c:n 4684.0905276
          e:c:w 4684.9182028
          e:n:w 6183.3761632
          c:n:w 5210.2247379
        b:e:c:n 1059.1710659
        b:e:c:w 1059.3348040
        b:e:n:w 1402.6387294
        b:c:n:w 1233.4062952
        e:c:n:w 45191.8366813
