########################################
# legofit: estimate population history #
#       version 2.3.4-4-g53f8760       #
########################################

# Program was compiled: Sep 21 2021 14:36:42
# Program was run: Sun Oct 10 09:28:18 2021

# cmd: legofit -1 -d 0 -t 32 --ptsPerDim 3 --stateOut b1boot3.state --tol 3e-6 -S 5000 bde2.lgo ../../chrX/boot_chrX/boot3.opf
# Stage nOptItr nSimReps
#     0    5000        0
# algorithm          : deterministic
# ignoring probs <=  : 0
# Branch length floor: 0
# DE strategy        : 2
#    F               : 0.3
#    CR              : 0.8
#    tolerance       : 3e-06
# nthreads           : 32
# lgo input file     : bde2.lgo
# site pat input file: ../../chrX/boot_chrX/boot3.opf
# free parameters    : 14
# points in DE swarm : 42
# output state file  : b1boot3.state
# Including singleton site patterns.
# cost function      : KL
Initial parameter values
Fixed:
      zero = 0
       one = 1
    Tbecnw = 75200
Free:
       pc1 = 0
       pc2 = 0
       pc3 = 0
       pc4 = 0
       pc5 = 0
       pc6 = 0
       pc7 = 0
       pc8 = 0
       pc9 = 0
      pc10 = 0
      pc11 = 0
      pc12 = 0
      pc13 = 0
      pc14 = 0
Constrained:
     Tecnw = 33299.8
       Tnw = 3077.3
       Tec = 13.5668
     twoNb = 1.69566e+06
     twoNe = 165640
     twoNc = 114113
     twoNw = 1.48907e+06
    twoNec = 167148
    twoNnw = 138633
  twoNecnw = 31043.4
  twoNbecnw = 50093.4
        m2 = 0.0118382
        m4 = 0.000667555
        m5 = 0.169866
        Tb = 16656.7
        Td = 6.78338
        Te = 3.39169
DiffEv reached_goal. cost=3.08022e-03 spread=2.99700e-06
Fitted parameter values
Free:
       pc1 = -1.99779
       pc2 = -1.64073
       pc3 = -1.83034
       pc4 = 1.84067
       pc5 = -0.685402
       pc6 = -1.92514
       pc7 = -0.851444
       pc8 = -0.247735
       pc9 = 0.534354
      pc10 = -0.368279
      pc11 = 0.38591
      pc12 = -0.293583
      pc13 = -0.632737
      pc14 = -0.327533
Constrained:
     Tecnw = 33123.5
       Tnw = 1419.14
       Tec = 5.50525
     twoNb = 2.98831e+06
     twoNe = 315606
     twoNc = 235991
     twoNw = 2.60525e+06
    twoNec = 158478
    twoNnw = 156502
  twoNecnw = 30652.3
  twoNbecnw = 49096.4
        m2 = 0.0202585
        m4 = 0.00123946
        m5 = 0.170406
        Tb = 16564.5
        Td = 2.75262
        Te = 1.37631
#       SitePat  BranchLen
              b 116864.9895000
              e 43519.4171664
              c 45899.1983785
              n 42929.2683143
              w 42924.9574617
            b:e 1302.3610644
            b:c 1495.2792716
            b:n 1104.4477085
            b:w 1104.2907818
            e:c 10942.8821027
            e:n 4279.9173919
            e:w 4284.2282446
            c:n 3588.9033588
            c:w 3588.1273207
            n:w 11751.6847372
          b:e:c 1246.9120379
          b:e:n 588.2418667
          b:e:w 588.3987934
          b:c:n 588.5637796
          b:c:w 588.4067198
          b:n:w 1242.6898710
          e:c:n 4781.8287201
          e:c:w 4782.6047582
          e:n:w 6285.4827380
          c:n:w 5284.9135000
        b:e:c:n 1105.5616081
        b:e:c:w 1105.7186679
        b:e:n:w 1467.3966297
        b:c:n:w 1282.0515661
        e:c:n:w 45394.3580765
