########################################
# legofit: estimate population history #
#       version 2.3.4-4-g53f8760       #
########################################

# Program was compiled: Sep 21 2021 14:36:42
# Program was run: Sun Oct 10 09:28:57 2021

# cmd: legofit -1 -d 0 -t 32 --ptsPerDim 3 --stateOut b1boot48.state --tol 3e-6 -S 5000 bde2.lgo ../../chrX/boot_chrX/boot48.opf
# Stage nOptItr nSimReps
#     0    5000        0
# algorithm          : deterministic
# ignoring probs <=  : 0
# Branch length floor: 0
# DE strategy        : 2
#    F               : 0.3
#    CR              : 0.8
#    tolerance       : 3e-06
# nthreads           : 32
# lgo input file     : bde2.lgo
# site pat input file: ../../chrX/boot_chrX/boot48.opf
# free parameters    : 14
# points in DE swarm : 42
# output state file  : b1boot48.state
# Including singleton site patterns.
# cost function      : KL
Initial parameter values
Fixed:
      zero = 0
       one = 1
    Tbecnw = 75200
Free:
       pc1 = 0
       pc2 = 0
       pc3 = 0
       pc4 = 0
       pc5 = 0
       pc6 = 0
       pc7 = 0
       pc8 = 0
       pc9 = 0
      pc10 = 0
      pc11 = 0
      pc12 = 0
      pc13 = 0
      pc14 = 0
Constrained:
     Tecnw = 33299.8
       Tnw = 3077.3
       Tec = 13.5668
     twoNb = 1.69566e+06
     twoNe = 165640
     twoNc = 114113
     twoNw = 1.48907e+06
    twoNec = 167148
    twoNnw = 138633
  twoNecnw = 31043.4
  twoNbecnw = 50093.4
        m2 = 0.0118382
        m4 = 0.000667555
        m5 = 0.169866
        Tb = 16656.7
        Td = 6.78338
        Te = 3.39169
DiffEv reached_goal. cost=2.93885e-03 spread=2.59945e-06
Fitted parameter values
Free:
       pc1 = -1.98419
       pc2 = -1.77594
       pc3 = -1.9445
       pc4 = 1.24952
       pc5 = 1.57182
       pc6 = -1.72051
       pc7 = 0.326251
       pc8 = -1.1186
       pc9 = 0.0945182
      pc10 = 0.987649
      pc11 = -0.268729
      pc12 = -0.327672
      pc13 = -0.862497
      pc14 = -0.515908
Constrained:
     Tecnw = 33153.8
       Tnw = 1892.56
       Tec = 12.9531
     twoNb = 4.00178e+06
     twoNe = 410592
     twoNc = 184618
     twoNw = 1.80027e+06
    twoNec = 164650
    twoNnw = 157338
  twoNecnw = 30662.6
  twoNbecnw = 49966.5
        m2 = 0.0228561
        m4 = 0.000506285
        m5 = 0.156153
        Tb = 16583.4
        Td = 6.47656
        Te = 3.23828
#       SitePat  BranchLen
              b 117534.7226966
              e 44007.6096510
              c 46145.3475765
              n 43225.4878668
              w 43217.8659235
            b:e 1361.0807815
            b:c 1534.6159891
            b:n 1128.5944843
            b:w 1128.3107879
            e:c 10899.3471766
            e:n 4256.6085101
            e:w 4264.2304533
            c:n 3638.9253181
            c:w 3637.5412301
            n:w 11715.0808144
          b:e:c 1270.8303351
          b:e:n 603.4613135
          b:e:w 603.7450099
          b:c:n 603.8510636
          b:c:w 603.5671733
          b:n:w 1267.2641586
          e:c:n 4811.3670639
          e:c:w 4812.7511519
          e:n:w 6324.9935296
          c:n:w 5426.6971934
        b:e:c:n 1129.3884924
        b:e:c:w 1129.6723827
        b:e:n:w 1512.1823382
        b:c:n:w 1343.3660430
        e:c:n:w 45767.3848599
