########################################
# legofit: estimate population history #
#       version 2.3.4-4-g53f8760       #
########################################

# Program was compiled: Sep 21 2021 14:36:42
# Program was run: Sun Oct 10 09:28:37 2021

# cmd: legofit -1 -d 0 -t 32 --ptsPerDim 3 --stateOut b1boot28.state --tol 3e-6 -S 5000 bde2.lgo ../../chrX/boot_chrX/boot28.opf
# Stage nOptItr nSimReps
#     0    5000        0
# algorithm          : deterministic
# ignoring probs <=  : 0
# Branch length floor: 0
# DE strategy        : 2
#    F               : 0.3
#    CR              : 0.8
#    tolerance       : 3e-06
# nthreads           : 32
# lgo input file     : bde2.lgo
# site pat input file: ../../chrX/boot_chrX/boot28.opf
# free parameters    : 14
# points in DE swarm : 42
# output state file  : b1boot28.state
# Including singleton site patterns.
# cost function      : KL
Initial parameter values
Fixed:
      zero = 0
       one = 1
    Tbecnw = 75200
Free:
       pc1 = 0
       pc2 = 0
       pc3 = 0
       pc4 = 0
       pc5 = 0
       pc6 = 0
       pc7 = 0
       pc8 = 0
       pc9 = 0
      pc10 = 0
      pc11 = 0
      pc12 = 0
      pc13 = 0
      pc14 = 0
Constrained:
     Tecnw = 33299.8
       Tnw = 3077.3
       Tec = 13.5668
     twoNb = 1.69566e+06
     twoNe = 165640
     twoNc = 114113
     twoNw = 1.48907e+06
    twoNec = 167148
    twoNnw = 138633
  twoNecnw = 31043.4
  twoNbecnw = 50093.4
        m2 = 0.0118382
        m4 = 0.000667555
        m5 = 0.169866
        Tb = 16656.7
        Td = 6.78338
        Te = 3.39169
DiffEv reached_goal. cost=2.96555e-03 spread=2.87433e-06
Fitted parameter values
Free:
       pc1 = -1.98417
       pc2 = -1.83667
       pc3 = -1.87488
       pc4 = 1.70252
       pc5 = 0.205223
       pc6 = -0.877129
       pc7 = 0.602662
       pc8 = -0.0814225
       pc9 = -0.799508
      pc10 = -0.64629
      pc11 = 0.217918
      pc12 = 0.420403
      pc13 = -0.451006
      pc14 = 0.000918559
Constrained:
     Tecnw = 32952.3
       Tnw = 495.701
       Tec = 4.67027
     twoNb = 3.30888e+06
     twoNe = 104782
     twoNc = 117327
     twoNw = 2.12573e+06
    twoNec = 163076
    twoNnw = 156869
  twoNecnw = 30492.5
  twoNbecnw = 49157.4
        m2 = 0.0205416
        m4 = 0.000794769
        m5 = 0.162307
        Tb = 16478.5
        Td = 2.33514
        Te = 1.16757
#       SitePat  BranchLen
              b 117002.3712008
              e 43492.7640193
              c 45796.2941872
              n 42510.3177155
              w 42508.5616578
            b:e 1303.6136458
            b:c 1483.3303602
            b:n 1085.2123969
            b:w 1085.1494942
            e:c 10820.8346355
            e:n 4250.1426131
            e:w 4251.8986708
            c:n 3576.1114989
            c:w 3575.7977072
            n:w 11902.9024692
          b:e:c 1234.6403146
          b:e:n 580.8670459
          b:e:w 580.9299486
          b:c:n 581.0570044
          b:c:w 580.9940540
          b:n:w 1230.8329172
          e:c:n 4735.1716391
          e:c:w 4735.4854309
          e:n:w 6294.9806651
          c:n:w 5335.4434171
        b:e:c:n 1086.2854705
        b:e:c:w 1086.3484209
        b:e:n:w 1458.4692874
        b:c:n:w 1284.6376671
        e:c:n:w 45752.3074208
