########################################
# legofit: estimate population history #
#       version 2.3.4-4-g53f8760       #
########################################

# Program was compiled: Sep 21 2021 14:36:42
# Program was run: Sun Oct 10 09:28:37 2021

# cmd: legofit -1 -d 0 -t 32 --ptsPerDim 3 --stateOut b1boot29.state --tol 3e-6 -S 5000 bde2.lgo ../../chrX/boot_chrX/boot29.opf
# Stage nOptItr nSimReps
#     0    5000        0
# algorithm          : deterministic
# ignoring probs <=  : 0
# Branch length floor: 0
# DE strategy        : 2
#    F               : 0.3
#    CR              : 0.8
#    tolerance       : 3e-06
# nthreads           : 32
# lgo input file     : bde2.lgo
# site pat input file: ../../chrX/boot_chrX/boot29.opf
# free parameters    : 14
# points in DE swarm : 42
# output state file  : b1boot29.state
# Including singleton site patterns.
# cost function      : KL
Initial parameter values
Fixed:
      zero = 0
       one = 1
    Tbecnw = 75200
Free:
       pc1 = 0
       pc2 = 0
       pc3 = 0
       pc4 = 0
       pc5 = 0
       pc6 = 0
       pc7 = 0
       pc8 = 0
       pc9 = 0
      pc10 = 0
      pc11 = 0
      pc12 = 0
      pc13 = 0
      pc14 = 0
Constrained:
     Tecnw = 33299.8
       Tnw = 3077.3
       Tec = 13.5668
     twoNb = 1.69566e+06
     twoNe = 165640
     twoNc = 114113
     twoNw = 1.48907e+06
    twoNec = 167148
    twoNnw = 138633
  twoNecnw = 31043.4
  twoNbecnw = 50093.4
        m2 = 0.0118382
        m4 = 0.000667555
        m5 = 0.169866
        Tb = 16656.7
        Td = 6.78338
        Te = 3.39169
DiffEv reached_goal. cost=3.04041e-03 spread=2.86663e-06
Fitted parameter values
Free:
       pc1 = -1.97008
       pc2 = -1.86227
       pc3 = -1.17184
       pc4 = 1.61972
       pc5 = 0.388168
       pc6 = -1.51298
       pc7 = -0.843021
       pc8 = -0.137326
       pc9 = -0.994019
      pc10 = -0.922132
      pc11 = 0.412033
      pc12 = 1.06042
      pc13 = -0.281671
      pc14 = -0.407455
Constrained:
     Tecnw = 32925.1
       Tnw = 643.782
       Tec = 12.898
     twoNb = 2.58289e+06
     twoNe = 251770
     twoNc = 86090
     twoNw = 2.58844e+06
    twoNec = 160865
    twoNnw = 163235
  twoNecnw = 30271.8
  twoNbecnw = 48890.8
        m2 = 0.0183496
        m4 = 0.00100691
        m5 = 0.160553
        Tb = 16469
        Td = 6.44898
        Te = 3.22449
#       SitePat  BranchLen
              b 116875.9606889
              e 43253.3786003
              c 45433.9343317
              n 42683.2598933
              w 42681.4095253
            b:e 1263.3516552
            b:c 1433.8128583
            b:n 1079.6853670
            b:w 1079.6196636
            e:c 10816.8062539
            e:n 4217.3260631
            e:w 4219.1764311
            c:n 3574.9910535
            c:w 3574.6595510
            n:w 11596.6859650
          b:e:c 1208.4620957
          b:e:n 574.1870215
          b:e:w 574.2527249
          b:c:n 574.4094594
          b:c:w 574.3436980
          b:n:w 1204.1182707
          e:c:n 4769.5260279
          e:c:w 4769.8575304
          e:n:w 6132.7864424
          c:n:w 5231.4206322
        b:e:c:n 1080.9223192
        b:e:c:w 1080.9880805
        b:e:n:w 1404.8153766
        b:c:n:w 1241.7027310
        e:c:n:w 45884.7953878
