########################################
# legofit: estimate population history #
#       version 2.3.4-4-g53f8760       #
########################################

# Program was compiled: Sep 21 2021 14:36:42
# Program was run: Sun Oct 10 09:28:18 2021

# cmd: legofit -1 -d 0 -t 32 --ptsPerDim 3 --stateOut b1boot4.state --tol 3e-6 -S 5000 bde2.lgo ../../chrX/boot_chrX/boot4.opf
# Stage nOptItr nSimReps
#     0    5000        0
# algorithm          : deterministic
# ignoring probs <=  : 0
# Branch length floor: 0
# DE strategy        : 2
#    F               : 0.3
#    CR              : 0.8
#    tolerance       : 3e-06
# nthreads           : 32
# lgo input file     : bde2.lgo
# site pat input file: ../../chrX/boot_chrX/boot4.opf
# free parameters    : 14
# points in DE swarm : 42
# output state file  : b1boot4.state
# Including singleton site patterns.
# cost function      : KL
Initial parameter values
Fixed:
      zero = 0
       one = 1
    Tbecnw = 75200
Free:
       pc1 = 0
       pc2 = 0
       pc3 = 0
       pc4 = 0
       pc5 = 0
       pc6 = 0
       pc7 = 0
       pc8 = 0
       pc9 = 0
      pc10 = 0
      pc11 = 0
      pc12 = 0
      pc13 = 0
      pc14 = 0
Constrained:
     Tecnw = 33299.8
       Tnw = 3077.3
       Tec = 13.5668
     twoNb = 1.69566e+06
     twoNe = 165640
     twoNc = 114113
     twoNw = 1.48907e+06
    twoNec = 167148
    twoNnw = 138633
  twoNecnw = 31043.4
  twoNbecnw = 50093.4
        m2 = 0.0118382
        m4 = 0.000667555
        m5 = 0.169866
        Tb = 16656.7
        Td = 6.78338
        Te = 3.39169
DiffEv reached_goal. cost=3.06344e-03 spread=2.82230e-06
Fitted parameter values
Free:
       pc1 = -1.97104
       pc2 = -1.20276
       pc3 = -1.96704
       pc4 = 1.60197
       pc5 = 0.175576
       pc6 = -0.621561
       pc7 = -1.54924
       pc8 = -1.51449
       pc9 = 0.925968
      pc10 = -0.0660324
      pc11 = -0.000486629
      pc12 = -0.262178
      pc13 = -0.0908641
      pc14 = -0.0108369
Constrained:
     Tecnw = 33064.2
       Tnw = 1272.35
       Tec = 21.4256
     twoNb = 3.29957e+06
     twoNe = 275154
     twoNc = 245354
     twoNw = 2.52396e+06
    twoNec = 159046
    twoNnw = 153310
  twoNecnw = 30641.4
  twoNbecnw = 50343
        m2 = 0.0178279
        m4 = 0.00174511
        m5 = 0.168695
        Tb = 16542.8
        Td = 10.7128
        Te = 5.3564
#       SitePat  BranchLen
              b 117999.5225380
              e 43437.0761691
              c 45852.5710954
              n 42765.7367459
              w 42761.8063633
            b:e 1310.1959056
            b:c 1509.5205356
            b:n 1124.7514765
            b:w 1124.6055786
            e:c 11011.1117424
            e:n 4297.8210562
            e:w 4301.7514387
            c:n 3601.0488892
            c:w 3600.3357269
            n:w 11915.1705524
          b:e:c 1275.8806798
          b:e:n 598.5602050
          b:e:w 598.7061029
          b:c:n 598.8643433
          b:c:w 598.7183424
          b:n:w 1272.4258498
          e:c:n 4822.6562381
          e:c:w 4823.3694003
          e:n:w 6337.1334238
          c:n:w 5312.1804530
        b:e:c:n 1125.6640748
        b:e:c:w 1125.8100757
        b:e:n:w 1485.7182891
        b:c:n:w 1293.7232047
        e:c:n:w 46491.2124002
