########################################
# legofit: estimate population history #
#       version 2.3.4-4-g53f8760       #
########################################

# Program was compiled: Sep 21 2021 14:36:42
# Program was run: Sun Oct 10 09:28:18 2021

# cmd: legofit -1 -d 0 -t 32 --ptsPerDim 3 --stateOut b1boot2.state --tol 3e-6 -S 5000 bde2.lgo ../../chrX/boot_chrX/boot2.opf
# Stage nOptItr nSimReps
#     0    5000        0
# algorithm          : deterministic
# ignoring probs <=  : 0
# Branch length floor: 0
# DE strategy        : 2
#    F               : 0.3
#    CR              : 0.8
#    tolerance       : 3e-06
# nthreads           : 32
# lgo input file     : bde2.lgo
# site pat input file: ../../chrX/boot_chrX/boot2.opf
# free parameters    : 14
# points in DE swarm : 42
# output state file  : b1boot2.state
# Including singleton site patterns.
# cost function      : KL
Initial parameter values
Fixed:
      zero = 0
       one = 1
    Tbecnw = 75200
Free:
       pc1 = 0
       pc2 = 0
       pc3 = 0
       pc4 = 0
       pc5 = 0
       pc6 = 0
       pc7 = 0
       pc8 = 0
       pc9 = 0
      pc10 = 0
      pc11 = 0
      pc12 = 0
      pc13 = 0
      pc14 = 0
Constrained:
     Tecnw = 33299.8
       Tnw = 3077.3
       Tec = 13.5668
     twoNb = 1.69566e+06
     twoNe = 165640
     twoNc = 114113
     twoNw = 1.48907e+06
    twoNec = 167148
    twoNnw = 138633
  twoNecnw = 31043.4
  twoNbecnw = 50093.4
        m2 = 0.0118382
        m4 = 0.000667555
        m5 = 0.169866
        Tb = 16656.7
        Td = 6.78338
        Te = 3.39169
DiffEv reached_goal. cost=3.08883e-03 spread=2.06287e-06
Fitted parameter values
Free:
       pc1 = -1.99715
       pc2 = -1.61632
       pc3 = -1.80646
       pc4 = 1.88277
       pc5 = 0.476814
       pc6 = -1.87109
       pc7 = 0.163248
       pc8 = -0.615824
       pc9 = -0.552732
      pc10 = 0.272635
      pc11 = 0.75815
      pc12 = -0.417562
      pc13 = -0.813291
      pc14 = 0.0443248
Constrained:
     Tecnw = 33243.7
       Tnw = 16.8373
       Tec = 6.18335
     twoNb = 3.78455e+06
     twoNe = 317569
     twoNc = 171006
     twoNw = 2.19687e+06
    twoNec = 162500
    twoNnw = 155270
  twoNecnw = 30769.1
  twoNbecnw = 49062.5
        m2 = 0.0198356
        m4 = 0.000808831
        m5 = 0.160438
        Tb = 16625
        Td = 3.09168
        Te = 1.54584
#       SitePat  BranchLen
              b 116805.7109790
              e 43726.3806195
              c 46086.0346270
              n 42614.8788158
              w 42614.8264834
            b:e 1315.4280223
            b:c 1497.1155463
            b:n 1100.8474670
            b:w 1100.8455822
            e:c 10998.2824183
            e:n 4256.4677351
            e:w 4256.5200675
            c:n 3563.3776560
            c:w 3563.3683874
            n:w 12217.5810532
          b:e:c 1267.5427486
          b:e:n 586.9737284
          b:e:w 586.9756132
          b:c:n 587.0845837
          b:c:w 587.0826976
          b:n:w 1264.2856750
          e:c:n 4736.3598835
          e:c:w 4736.3691521
          e:n:w 6320.3802131
          c:n:w 5341.7732136
        b:e:c:n 1101.8181975
        b:e:c:w 1101.8200835
        b:e:n:w 1476.2009732
        b:c:n:w 1299.4902608
        e:c:n:w 45211.7027026
