########################################
# legofit: estimate population history #
#       version 2.3.4-4-g53f8760       #
########################################

# Program was compiled: Sep 21 2021 14:36:42
# Program was run: Sun Oct 10 09:28:41 2021

# cmd: legofit -1 -d 0 -t 32 --ptsPerDim 3 --stateOut b1boot32.state --tol 3e-6 -S 5000 bde2.lgo ../../chrX/boot_chrX/boot32.opf
# Stage nOptItr nSimReps
#     0    5000        0
# algorithm          : deterministic
# ignoring probs <=  : 0
# Branch length floor: 0
# DE strategy        : 2
#    F               : 0.3
#    CR              : 0.8
#    tolerance       : 3e-06
# nthreads           : 32
# lgo input file     : bde2.lgo
# site pat input file: ../../chrX/boot_chrX/boot32.opf
# free parameters    : 14
# points in DE swarm : 42
# output state file  : b1boot32.state
# Including singleton site patterns.
# cost function      : KL
Initial parameter values
Fixed:
      zero = 0
       one = 1
    Tbecnw = 75200
Free:
       pc1 = 0
       pc2 = 0
       pc3 = 0
       pc4 = 0
       pc5 = 0
       pc6 = 0
       pc7 = 0
       pc8 = 0
       pc9 = 0
      pc10 = 0
      pc11 = 0
      pc12 = 0
      pc13 = 0
      pc14 = 0
Constrained:
     Tecnw = 33299.8
       Tnw = 3077.3
       Tec = 13.5668
     twoNb = 1.69566e+06
     twoNe = 165640
     twoNc = 114113
     twoNw = 1.48907e+06
    twoNec = 167148
    twoNnw = 138633
  twoNecnw = 31043.4
  twoNbecnw = 50093.4
        m2 = 0.0118382
        m4 = 0.000667555
        m5 = 0.169866
        Tb = 16656.7
        Td = 6.78338
        Te = 3.39169
DiffEv reached_goal. cost=2.84902e-03 spread=2.62795e-06
Fitted parameter values
Free:
       pc1 = -1.98769
       pc2 = -1.97927
       pc3 = -1.9798
       pc4 = 0.959091
       pc5 = 0.0881166
       pc6 = -1.82269
       pc7 = -1.87737
       pc8 = -1.0682
       pc9 = 0.531358
      pc10 = 1.21109
      pc11 = 0.236372
      pc12 = 0.685131
      pc13 = -0.676868
      pc14 = -0.396294
Constrained:
     Tecnw = 33276
       Tnw = 2678.87
       Tec = 22.9622
     twoNb = 3.19472e+06
     twoNe = 429797
     twoNc = 227532
     twoNw = 2.8051e+06
    twoNec = 157221
    twoNnw = 145911
  twoNecnw = 30200.8
  twoNbecnw = 49684.8
        m2 = 0.0205948
        m4 = 0.000614824
        m5 = 0.161465
        Tb = 16649.5
        Td = 11.4811
        Te = 5.74054
#       SitePat  BranchLen
              b 117482.5697897
              e 43536.7395864
              c 45789.5612767
              n 42909.5820032
              w 42902.5467849
            b:e 1306.9939914
            b:c 1486.9423593
            b:n 1095.2949157
            b:w 1095.0373431
            e:c 11053.5403155
            e:n 4176.5901150
            e:w 4183.6253334
            c:n 3528.9125251
            c:w 3527.6400639
            n:w 11804.3355751
          b:e:c 1257.4308329
          b:e:n 579.4818577
          b:e:w 579.7394303
          b:c:n 579.8642831
          b:c:w 579.6065105
          b:n:w 1253.3735621
          e:c:n 4744.8269568
          e:c:w 4746.0994180
          e:n:w 6257.1307094
          c:n:w 5301.9660288
        b:e:c:n 1096.2128902
        b:e:c:w 1096.4706628
        b:e:n:w 1461.5027013
        b:c:n:w 1287.3106773
        e:c:n:w 46161.4470064
