########################################
# legofit: estimate population history #
#       version 2.3.4-4-g53f8760       #
########################################

# Program was compiled: Sep 21 2021 14:36:42
# Program was run: Sun Oct 10 09:28:46 2021

# cmd: legofit -1 -d 0 -t 32 --ptsPerDim 3 --stateOut b1boot37.state --tol 3e-6 -S 5000 bde2.lgo ../../chrX/boot_chrX/boot37.opf
# Stage nOptItr nSimReps
#     0    5000        0
# algorithm          : deterministic
# ignoring probs <=  : 0
# Branch length floor: 0
# DE strategy        : 2
#    F               : 0.3
#    CR              : 0.8
#    tolerance       : 3e-06
# nthreads           : 32
# lgo input file     : bde2.lgo
# site pat input file: ../../chrX/boot_chrX/boot37.opf
# free parameters    : 14
# points in DE swarm : 42
# output state file  : b1boot37.state
# Including singleton site patterns.
# cost function      : KL
Initial parameter values
Fixed:
      zero = 0
       one = 1
    Tbecnw = 75200
Free:
       pc1 = 0
       pc2 = 0
       pc3 = 0
       pc4 = 0
       pc5 = 0
       pc6 = 0
       pc7 = 0
       pc8 = 0
       pc9 = 0
      pc10 = 0
      pc11 = 0
      pc12 = 0
      pc13 = 0
      pc14 = 0
Constrained:
     Tecnw = 33299.8
       Tnw = 3077.3
       Tec = 13.5668
     twoNb = 1.69566e+06
     twoNe = 165640
     twoNc = 114113
     twoNw = 1.48907e+06
    twoNec = 167148
    twoNnw = 138633
  twoNecnw = 31043.4
  twoNbecnw = 50093.4
        m2 = 0.0118382
        m4 = 0.000667555
        m5 = 0.169866
        Tb = 16656.7
        Td = 6.78338
        Te = 3.39169
DiffEv reached_goal. cost=2.87672e-03 spread=2.91222e-06
Fitted parameter values
Free:
       pc1 = -1.97352
       pc2 = -0.845706
       pc3 = -1.82622
       pc4 = 1.06145
       pc5 = 1.06774
       pc6 = -1.63237
       pc7 = 0.043341
       pc8 = -1.47877
       pc9 = -0.375991
      pc10 = -0.670877
      pc11 = 0.150196
      pc12 = -0.674547
      pc13 = -0.301401
      pc14 = -0.41699
Constrained:
     Tecnw = 33130.9
       Tnw = 257.267
       Tec = 6.95257
     twoNb = 3.47339e+06
     twoNe = 337778
     twoNc = 139682
     twoNw = 2.38773e+06
    twoNec = 164981
    twoNnw = 167585
  twoNecnw = 30951.4
  twoNbecnw = 50314.4
        m2 = 0.0183858
        m4 = 0.00105374
        m5 = 0.16205
        Tb = 16568.9
        Td = 3.47629
        Te = 1.73814
#       SitePat  BranchLen
              b 117835.1195408
              e 43843.0654021
              c 46076.7488970
              n 43177.7578423
              w 43176.9360268
            b:e 1338.5202375
            b:c 1517.5249978
            b:n 1153.3318227
            b:w 1153.3011328
            e:c 10931.9730547
            e:n 4342.5083706
            e:w 4343.3301860
            c:n 3684.2049403
            c:w 3684.0562783
            n:w 11802.3705414
          b:e:c 1282.5850626
          b:e:n 616.4300621
          b:e:w 616.4607520
          b:c:n 616.5884289
          b:c:w 616.5577187
          b:n:w 1279.2662634
          e:c:n 4888.5334288
          e:c:w 4888.6820909
          e:n:w 6285.3161278
          c:n:w 5363.2734653
        b:e:c:n 1154.3418547
        b:e:c:w 1154.3725649
        b:e:n:w 1495.5196347
        b:c:n:w 1322.1960463
        e:c:n:w 45970.4772906
