########################################
# legofit: estimate population history #
#       version 2.3.4-4-g53f8760       #
########################################

# Program was compiled: Sep 21 2021 14:36:42
# Program was run: Sun Oct 10 09:28:46 2021

# cmd: legofit -1 -d 0 -t 32 --ptsPerDim 3 --stateOut b1boot38.state --tol 3e-6 -S 5000 bde2.lgo ../../chrX/boot_chrX/boot38.opf
# Stage nOptItr nSimReps
#     0    5000        0
# algorithm          : deterministic
# ignoring probs <=  : 0
# Branch length floor: 0
# DE strategy        : 2
#    F               : 0.3
#    CR              : 0.8
#    tolerance       : 3e-06
# nthreads           : 32
# lgo input file     : bde2.lgo
# site pat input file: ../../chrX/boot_chrX/boot38.opf
# free parameters    : 14
# points in DE swarm : 42
# output state file  : b1boot38.state
# Including singleton site patterns.
# cost function      : KL
Initial parameter values
Fixed:
      zero = 0
       one = 1
    Tbecnw = 75200
Free:
       pc1 = 0
       pc2 = 0
       pc3 = 0
       pc4 = 0
       pc5 = 0
       pc6 = 0
       pc7 = 0
       pc8 = 0
       pc9 = 0
      pc10 = 0
      pc11 = 0
      pc12 = 0
      pc13 = 0
      pc14 = 0
Constrained:
     Tecnw = 33299.8
       Tnw = 3077.3
       Tec = 13.5668
     twoNb = 1.69566e+06
     twoNe = 165640
     twoNc = 114113
     twoNw = 1.48907e+06
    twoNec = 167148
    twoNnw = 138633
  twoNecnw = 31043.4
  twoNbecnw = 50093.4
        m2 = 0.0118382
        m4 = 0.000667555
        m5 = 0.169866
        Tb = 16656.7
        Td = 6.78338
        Te = 3.39169
DiffEv reached_goal. cost=3.19376e-03 spread=2.23131e-06
Fitted parameter values
Free:
       pc1 = -1.98924
       pc2 = -1.73551
       pc3 = -1.92415
       pc4 = 1.72742
       pc5 = 1.2367
       pc6 = -1.82833
       pc7 = -0.130837
       pc8 = -1.22414
       pc9 = -1.10882
      pc10 = -0.240903
      pc11 = -1.05
      pc12 = 0.366404
      pc13 = -0.103545
      pc14 = -0.194453
Constrained:
     Tecnw = 32774.1
       Tnw = 765.728
       Tec = 9.80125
     twoNb = 3.7424e+06
     twoNe = 361303
     twoNc = 119711
     twoNw = 2.38342e+06
    twoNec = 166791
    twoNnw = 161443
  twoNecnw = 30068.6
  twoNbecnw = 49827.2
        m2 = 0.0194897
        m4 = 0.00103722
        m5 = 0.158202
        Tb = 16392
        Td = 4.90063
        Te = 2.45031
#       SitePat  BranchLen
              b 117749.7553136
              e 43363.0300261
              c 45523.5133682
              n 42506.7150813
              w 42504.3671039
            b:e 1287.6268263
            b:c 1458.8080437
            b:n 1080.4997707
            b:w 1080.4156473
            e:c 10630.3350552
            e:n 4229.5352127
            e:w 4231.8831901
            c:n 3598.8470690
            c:w 3598.4238242
            n:w 11573.8528098
          b:e:c 1208.4875427
          b:e:n 580.2063609
          b:e:w 580.2904842
          b:c:n 580.4041239
          b:c:w 580.3199460
          b:n:w 1205.3116536
          e:c:n 4756.5651343
          e:c:w 4756.9883791
          e:n:w 6225.0381625
          c:n:w 5323.1083870
        b:e:c:n 1081.3791110
        b:e:c:w 1081.4632889
        b:e:n:w 1437.1803965
        b:c:n:w 1271.3658973
        e:c:n:w 46813.5052362
