########################################
# legofit: estimate population history #
#       version 2.3.4-4-g53f8760       #
########################################

# Program was compiled: Sep 21 2021 14:36:42
# Program was run: Sun Oct 10 09:28:51 2021

# cmd: legofit -1 -d 0 -t 32 --ptsPerDim 3 --stateOut b1boot44.state --tol 3e-6 -S 5000 bde2.lgo ../../chrX/boot_chrX/boot44.opf
# Stage nOptItr nSimReps
#     0    5000        0
# algorithm          : deterministic
# ignoring probs <=  : 0
# Branch length floor: 0
# DE strategy        : 2
#    F               : 0.3
#    CR              : 0.8
#    tolerance       : 3e-06
# nthreads           : 32
# lgo input file     : bde2.lgo
# site pat input file: ../../chrX/boot_chrX/boot44.opf
# free parameters    : 14
# points in DE swarm : 42
# output state file  : b1boot44.state
# Including singleton site patterns.
# cost function      : KL
Initial parameter values
Fixed:
      zero = 0
       one = 1
    Tbecnw = 75200
Free:
       pc1 = 0
       pc2 = 0
       pc3 = 0
       pc4 = 0
       pc5 = 0
       pc6 = 0
       pc7 = 0
       pc8 = 0
       pc9 = 0
      pc10 = 0
      pc11 = 0
      pc12 = 0
      pc13 = 0
      pc14 = 0
Constrained:
     Tecnw = 33299.8
       Tnw = 3077.3
       Tec = 13.5668
     twoNb = 1.69566e+06
     twoNe = 165640
     twoNc = 114113
     twoNw = 1.48907e+06
    twoNec = 167148
    twoNnw = 138633
  twoNecnw = 31043.4
  twoNbecnw = 50093.4
        m2 = 0.0118382
        m4 = 0.000667555
        m5 = 0.169866
        Tb = 16656.7
        Td = 6.78338
        Te = 3.39169
DiffEv reached_goal. cost=3.00334e-03 spread=2.88343e-06
Fitted parameter values
Free:
       pc1 = -1.96175
       pc2 = -1.98782
       pc3 = -1.87092
       pc4 = 1.1895
       pc5 = -0.124198
       pc6 = -1.45515
       pc7 = 0.610958
       pc8 = -0.953441
       pc9 = 0.447858
      pc10 = -0.341483
      pc11 = -0.153887
      pc12 = 0.00493504
      pc13 = -0.033108
      pc14 = 0.0373388
Constrained:
     Tecnw = 32889
       Tnw = 1656.06
       Tec = 1.30269
     twoNb = 3.53645e+06
     twoNe = 252522
     twoNc = 152678
     twoNw = 2.12301e+06
    twoNec = 159911
    twoNnw = 149827
  twoNecnw = 30663
  twoNbecnw = 49981.4
        m2 = 0.0209253
        m4 = 0.000784063
        m5 = 0.167228
        Tb = 16445.1
        Td = 0.651346
        Te = 0.325673
#       SitePat  BranchLen
              b 117666.7177796
              e 43474.1983086
              c 45842.2001636
              n 42626.0302580
              w 42620.0230951
            b:e 1328.4578276
            b:c 1518.4386064
            b:n 1108.6210357
            b:w 1108.3992794
            e:c 10937.8906171
            e:n 4279.7574958
            e:w 4285.7646586
            c:n 3597.4754759
            c:w 3596.3831172
            n:w 11901.6136375
          b:e:c 1264.5990257
          b:e:n 592.3516528
          b:e:w 592.5734091
          b:c:n 592.6992081
          b:c:w 592.4772916
          b:n:w 1260.8939404
          e:c:n 4781.4181627
          e:c:w 4782.5105214
          e:n:w 6380.3980763
          c:n:w 5378.0539839
        b:e:c:n 1109.5020543
        b:e:c:w 1109.7239707
        b:e:n:w 1494.5572174
        b:c:n:w 1310.3307994
        e:c:n:w 46236.6401000
