########################################
# legofit: estimate population history #
#       version 2.3.4-4-g53f8760       #
########################################

# Program was compiled: Sep 21 2021 14:36:42
# Program was run: Sun Oct 10 09:28:22 2021

# cmd: legofit -1 -d 0 -t 32 --ptsPerDim 3 --stateOut b1boot9.state --tol 3e-6 -S 5000 bde2.lgo ../../chrX/boot_chrX/boot9.opf
# Stage nOptItr nSimReps
#     0    5000        0
# algorithm          : deterministic
# ignoring probs <=  : 0
# Branch length floor: 0
# DE strategy        : 2
#    F               : 0.3
#    CR              : 0.8
#    tolerance       : 3e-06
# nthreads           : 32
# lgo input file     : bde2.lgo
# site pat input file: ../../chrX/boot_chrX/boot9.opf
# free parameters    : 14
# points in DE swarm : 42
# output state file  : b1boot9.state
# Including singleton site patterns.
# cost function      : KL
Initial parameter values
Fixed:
      zero = 0
       one = 1
    Tbecnw = 75200
Free:
       pc1 = 0
       pc2 = 0
       pc3 = 0
       pc4 = 0
       pc5 = 0
       pc6 = 0
       pc7 = 0
       pc8 = 0
       pc9 = 0
      pc10 = 0
      pc11 = 0
      pc12 = 0
      pc13 = 0
      pc14 = 0
Constrained:
     Tecnw = 33299.8
       Tnw = 3077.3
       Tec = 13.5668
     twoNb = 1.69566e+06
     twoNe = 165640
     twoNc = 114113
     twoNw = 1.48907e+06
    twoNec = 167148
    twoNnw = 138633
  twoNecnw = 31043.4
  twoNbecnw = 50093.4
        m2 = 0.0118382
        m4 = 0.000667555
        m5 = 0.169866
        Tb = 16656.7
        Td = 6.78338
        Te = 3.39169
DiffEv reached_goal. cost=3.02812e-03 spread=2.91524e-06
Fitted parameter values
Free:
       pc1 = -1.96447
       pc2 = -1.04378
       pc3 = -1.76851
       pc4 = 1.5583
       pc5 = 0.961585
       pc6 = -1.41955
       pc7 = -0.994148
       pc8 = -0.319201
       pc9 = -0.586735
      pc10 = 0.46279
      pc11 = 0.879052
      pc12 = 0.38257
      pc13 = -0.177471
      pc14 = -0.32961
Constrained:
     Tecnw = 33263.4
       Tnw = 198.554
       Tec = 17.8749
     twoNb = 3.05896e+06
     twoNe = 294127
     twoNc = 189185
     twoNw = 2.30251e+06
    twoNec = 161350
    twoNnw = 161675
  twoNecnw = 30430.7
  twoNbecnw = 49338.4
        m2 = 0.0163317
        m4 = 0.000594566
        m5 = 0.156027
        Tb = 16640.7
        Td = 8.93743
        Te = 4.46871
#       SitePat  BranchLen
              b 117202.6484919
              e 43491.2470519
              c 45659.3057530
              n 42831.8107993
              w 42831.1934168
            b:e 1273.2399373
            b:c 1435.3400324
            b:n 1104.5332808
            b:w 1104.5110710
            e:c 11011.8197988
            e:n 4213.9575809
            e:w 4214.5749635
            c:n 3569.1968733
            c:w 3569.0868783
            n:w 11895.1030351
          b:e:c 1248.5298537
          b:e:n 584.2451653
          b:e:w 584.2673751
          b:c:n 584.3730830
          b:c:w 584.3508588
          b:n:w 1245.2273348
          e:c:n 4794.5613328
          e:c:w 4794.6713279
          e:n:w 6119.6299158
          c:n:w 5236.7741211
        b:e:c:n 1105.4997937
        b:e:c:w 1105.5220179
        b:e:n:w 1414.1194087
        b:c:n:w 1256.8537987
        e:c:n:w 45877.3759797
