########################################
# legofit: estimate population history #
#       version 2.3.4-4-g53f8760       #
########################################

# Program was compiled: Sep 21 2021 14:36:42
# Program was run: Sun Oct 10 09:28:46 2021

# cmd: legofit -1 -d 0 -t 32 --ptsPerDim 3 --stateOut b1boot41.state --tol 3e-6 -S 5000 bde2.lgo ../../chrX/boot_chrX/boot41.opf
# Stage nOptItr nSimReps
#     0    5000        0
# algorithm          : deterministic
# ignoring probs <=  : 0
# Branch length floor: 0
# DE strategy        : 2
#    F               : 0.3
#    CR              : 0.8
#    tolerance       : 3e-06
# nthreads           : 32
# lgo input file     : bde2.lgo
# site pat input file: ../../chrX/boot_chrX/boot41.opf
# free parameters    : 14
# points in DE swarm : 42
# output state file  : b1boot41.state
# Including singleton site patterns.
# cost function      : KL
Initial parameter values
Fixed:
      zero = 0
       one = 1
    Tbecnw = 75200
Free:
       pc1 = 0
       pc2 = 0
       pc3 = 0
       pc4 = 0
       pc5 = 0
       pc6 = 0
       pc7 = 0
       pc8 = 0
       pc9 = 0
      pc10 = 0
      pc11 = 0
      pc12 = 0
      pc13 = 0
      pc14 = 0
Constrained:
     Tecnw = 33299.8
       Tnw = 3077.3
       Tec = 13.5668
     twoNb = 1.69566e+06
     twoNe = 165640
     twoNc = 114113
     twoNw = 1.48907e+06
    twoNec = 167148
    twoNnw = 138633
  twoNecnw = 31043.4
  twoNbecnw = 50093.4
        m2 = 0.0118382
        m4 = 0.000667555
        m5 = 0.169866
        Tb = 16656.7
        Td = 6.78338
        Te = 3.39169
DiffEv reached_goal. cost=3.00221e-03 spread=2.04178e-06
Fitted parameter values
Free:
       pc1 = -1.95976
       pc2 = -0.445961
       pc3 = -1.93611
       pc4 = 0.62825
       pc5 = 0.755394
       pc6 = -1.87064
       pc7 = 0.251073
       pc8 = -1.45528
       pc9 = -0.16801
      pc10 = 0.178944
      pc11 = -1.11293
      pc12 = -0.0496283
      pc13 = -0.629504
      pc14 = 0.0600346
Constrained:
     Tecnw = 33215.8
       Tnw = 992.216
       Tec = 4.05652
     twoNb = 3.29677e+06
     twoNe = 386546
     twoNc = 161840
     twoNw = 2.1967e+06
    twoNec = 167527
    twoNnw = 151962
  twoNecnw = 30315.1
  twoNbecnw = 50773.8
        m2 = 0.0206124
        m4 = 0.000896353
        m5 = 0.162798
        Tb = 16609.9
        Td = 2.02826
        Te = 1.01413
#       SitePat  BranchLen
              b 118374.0068155
              e 43837.5820665
              c 46197.9806221
              n 42648.5205888
              w 42645.1108508
            b:e 1352.8074591
            b:c 1543.4738805
            b:n 1113.7391021
            b:w 1113.6132944
            e:c 10809.9342802
            e:n 4275.7544406
            e:w 4279.1641785
            c:n 3592.5892462
            c:w 3591.9765562
            n:w 12034.4203602
          b:e:c 1276.1740122
          b:e:n 599.2849729
          b:e:w 599.4107806
          b:c:n 599.5462072
          b:c:w 599.4203031
          b:n:w 1272.2792379
          e:c:n 4749.9240405
          e:c:w 4750.5367305
          e:n:w 6422.5994511
          c:n:w 5426.0525354
        b:e:c:n 1114.7904638
        b:e:c:w 1114.9163679
        b:e:n:w 1517.8145990
        b:c:n:w 1333.3785975
        e:c:n:w 46823.9622505
