########################################
# legofit: estimate population history #
#       version 2.3.4-4-g53f8760       #
########################################

# Program was compiled: Sep 21 2021 14:36:42
# Program was run: Sun Oct 10 09:28:46 2021

# cmd: legofit -1 -d 0 -t 32 --ptsPerDim 3 --stateOut b1boot39.state --tol 3e-6 -S 5000 bde2.lgo ../../chrX/boot_chrX/boot39.opf
# Stage nOptItr nSimReps
#     0    5000        0
# algorithm          : deterministic
# ignoring probs <=  : 0
# Branch length floor: 0
# DE strategy        : 2
#    F               : 0.3
#    CR              : 0.8
#    tolerance       : 3e-06
# nthreads           : 32
# lgo input file     : bde2.lgo
# site pat input file: ../../chrX/boot_chrX/boot39.opf
# free parameters    : 14
# points in DE swarm : 42
# output state file  : b1boot39.state
# Including singleton site patterns.
# cost function      : KL
Initial parameter values
Fixed:
      zero = 0
       one = 1
    Tbecnw = 75200
Free:
       pc1 = 0
       pc2 = 0
       pc3 = 0
       pc4 = 0
       pc5 = 0
       pc6 = 0
       pc7 = 0
       pc8 = 0
       pc9 = 0
      pc10 = 0
      pc11 = 0
      pc12 = 0
      pc13 = 0
      pc14 = 0
Constrained:
     Tecnw = 33299.8
       Tnw = 3077.3
       Tec = 13.5668
     twoNb = 1.69566e+06
     twoNe = 165640
     twoNc = 114113
     twoNw = 1.48907e+06
    twoNec = 167148
    twoNnw = 138633
  twoNecnw = 31043.4
  twoNbecnw = 50093.4
        m2 = 0.0118382
        m4 = 0.000667555
        m5 = 0.169866
        Tb = 16656.7
        Td = 6.78338
        Te = 3.39169
DiffEv reached_goal. cost=3.01244e-03 spread=2.60838e-06
Fitted parameter values
Free:
       pc1 = -1.97593
       pc2 = -1.62729
       pc3 = -1.88196
       pc4 = 0.894566
       pc5 = 1.20031
       pc6 = -1.87994
       pc7 = -0.79874
       pc8 = -1.24312
       pc9 = -1.13058
      pc10 = -0.22199
      pc11 = -0.139706
      pc12 = 0.68151
      pc13 = -0.619765
      pc14 = -0.367627
Constrained:
     Tecnw = 33053.2
       Tnw = 750.244
       Tec = 15.6163
     twoNb = 3.2398e+06
     twoNe = 371881
     twoNc = 97907.5
     twoNw = 2.83499e+06
    twoNec = 164710
    twoNnw = 160792
  twoNecnw = 30281.9
  twoNbecnw = 49814.7
        m2 = 0.0201226
        m4 = 0.000677009
        m5 = 0.155775
        Tb = 16534.4
        Td = 7.80815
        Te = 3.90407
#       SitePat  BranchLen
              b 117602.3326691
              e 43621.7061561
              c 45770.3352331
              n 42784.1490076
              w 42782.2368735
            b:e 1313.0877684
            b:c 1482.0782254
            b:n 1100.2412802
            b:w 1100.1720714
            e:c 10819.6606353
            e:n 4225.8099165
            e:w 4227.7220506
            c:n 3595.6856471
            c:w 3595.3423984
            n:w 11745.7305330
          b:e:c 1240.1993111
          b:e:n 587.6139613
          b:e:w 587.6831701
          b:c:n 587.8039861
          b:c:w 587.7347252
          b:n:w 1236.3680070
          e:c:n 4775.4242300
          e:c:w 4775.7674787
          e:n:w 6235.3687290
          c:n:w 5343.4460255
        b:e:c:n 1101.3222994
        b:e:c:w 1101.3915603
        b:e:n:w 1457.2281329
        b:c:n:w 1293.7936442
        e:c:n:w 46309.0654122
