########################################
# legofit: estimate population history #
#       version 2.3.4-4-g53f8760       #
########################################

# Program was compiled: Sep 21 2021 14:36:42
# Program was run: Sun Oct 10 09:28:41 2021

# cmd: legofit -1 -d 0 -t 32 --ptsPerDim 3 --stateOut b1boot31.state --tol 3e-6 -S 5000 bde2.lgo ../../chrX/boot_chrX/boot31.opf
# Stage nOptItr nSimReps
#     0    5000        0
# algorithm          : deterministic
# ignoring probs <=  : 0
# Branch length floor: 0
# DE strategy        : 2
#    F               : 0.3
#    CR              : 0.8
#    tolerance       : 3e-06
# nthreads           : 32
# lgo input file     : bde2.lgo
# site pat input file: ../../chrX/boot_chrX/boot31.opf
# free parameters    : 14
# points in DE swarm : 42
# output state file  : b1boot31.state
# Including singleton site patterns.
# cost function      : KL
Initial parameter values
Fixed:
      zero = 0
       one = 1
    Tbecnw = 75200
Free:
       pc1 = 0
       pc2 = 0
       pc3 = 0
       pc4 = 0
       pc5 = 0
       pc6 = 0
       pc7 = 0
       pc8 = 0
       pc9 = 0
      pc10 = 0
      pc11 = 0
      pc12 = 0
      pc13 = 0
      pc14 = 0
Constrained:
     Tecnw = 33299.8
       Tnw = 3077.3
       Tec = 13.5668
     twoNb = 1.69566e+06
     twoNe = 165640
     twoNc = 114113
     twoNw = 1.48907e+06
    twoNec = 167148
    twoNnw = 138633
  twoNecnw = 31043.4
  twoNbecnw = 50093.4
        m2 = 0.0118382
        m4 = 0.000667555
        m5 = 0.169866
        Tb = 16656.7
        Td = 6.78338
        Te = 3.39169
DiffEv reached_goal. cost=2.98243e-03 spread=2.48995e-06
Fitted parameter values
Free:
       pc1 = -1.99801
       pc2 = -1.18196
       pc3 = -1.96154
       pc4 = 0.697902
       pc5 = -0.260039
       pc6 = -1.79491
       pc7 = -1.48851
       pc8 = -1.23562
       pc9 = -0.225199
      pc10 = -0.691774
      pc11 = -0.160145
      pc12 = -0.955762
      pc13 = -0.0963805
      pc14 = -0.33405
Constrained:
     Tecnw = 33115.7
       Tnw = 966.574
       Tec = 11.7016
     twoNb = 3.14002e+06
     twoNe = 376585
     twoNc = 191960
     twoNw = 3.16814e+06
    twoNec = 162739
    twoNnw = 162504
  twoNecnw = 30705.2
  twoNbecnw = 50092.1
        m2 = 0.0172042
        m4 = 0.000917423
        m5 = 0.174929
        Tb = 16563.7
        Td = 5.85078
        Te = 2.92539
#       SitePat  BranchLen
              b 117762.9749270
              e 43549.1040219
              c 45925.8660027
              n 43026.5835899
              w 43024.0887657
            b:e 1302.6094443
            b:c 1489.4563515
            b:n 1132.6544409
            b:w 1132.5619242
            e:c 10845.6224077
            e:n 4353.6547197
            e:w 4356.1495439
            c:n 3654.1784770
            c:w 3653.7257869
            n:w 11660.7260229
          b:e:c 1257.7874548
          b:e:n 606.3922235
          b:e:w 606.4847401
          b:c:n 606.6188876
          b:c:w 606.5263081
          b:n:w 1254.4116331
          e:c:n 4855.0913077
          e:c:w 4855.5439978
          e:n:w 6266.9818783
          c:n:w 5285.8097897
        b:e:c:n 1133.6097023
        b:e:c:w 1133.7022818
        b:e:n:w 1466.8260831
        b:c:n:w 1286.0210512
        e:c:n:w 46189.0776467
