########################################
# legofit: estimate population history #
#       version 2.3.4-4-g53f8760       #
########################################

# Program was compiled: Sep 21 2021 14:36:42
# Program was run: Sun Oct 10 09:28:32 2021

# cmd: legofit -1 -d 0 -t 32 --ptsPerDim 3 --stateOut b1boot21.state --tol 3e-6 -S 5000 bde2.lgo ../../chrX/boot_chrX/boot21.opf
# Stage nOptItr nSimReps
#     0    5000        0
# algorithm          : deterministic
# ignoring probs <=  : 0
# Branch length floor: 0
# DE strategy        : 2
#    F               : 0.3
#    CR              : 0.8
#    tolerance       : 3e-06
# nthreads           : 32
# lgo input file     : bde2.lgo
# site pat input file: ../../chrX/boot_chrX/boot21.opf
# free parameters    : 14
# points in DE swarm : 42
# output state file  : b1boot21.state
# Including singleton site patterns.
# cost function      : KL
Initial parameter values
Fixed:
      zero = 0
       one = 1
    Tbecnw = 75200
Free:
       pc1 = 0
       pc2 = 0
       pc3 = 0
       pc4 = 0
       pc5 = 0
       pc6 = 0
       pc7 = 0
       pc8 = 0
       pc9 = 0
      pc10 = 0
      pc11 = 0
      pc12 = 0
      pc13 = 0
      pc14 = 0
Constrained:
     Tecnw = 33299.8
       Tnw = 3077.3
       Tec = 13.5668
     twoNb = 1.69566e+06
     twoNe = 165640
     twoNc = 114113
     twoNw = 1.48907e+06
    twoNec = 167148
    twoNnw = 138633
  twoNecnw = 31043.4
  twoNbecnw = 50093.4
        m2 = 0.0118382
        m4 = 0.000667555
        m5 = 0.169866
        Tb = 16656.7
        Td = 6.78338
        Te = 3.39169
DiffEv reached_goal. cost=3.12892e-03 spread=2.81742e-06
Fitted parameter values
Free:
       pc1 = -1.99528
       pc2 = -1.69741
       pc3 = -1.90509
       pc4 = 1.80112
       pc5 = 1.47494
       pc6 = -1.7021
       pc7 = 0.422261
       pc8 = 0.121051
       pc9 = -0.085251
      pc10 = 0.453816
      pc11 = 0.39988
      pc12 = 0.193382
      pc13 = -0.273828
      pc14 = -0.0424473
Constrained:
     Tecnw = 32984.7
       Tnw = 123.297
       Tec = 9.05179
     twoNb = 3.41704e+06
     twoNe = 299030
     twoNc = 195470
     twoNw = 1.60964e+06
    twoNec = 162434
    twoNnw = 158937
  twoNecnw = 30577.5
  twoNbecnw = 49270.7
        m2 = 0.0206348
        m4 = 0.000292361
        m5 = 0.154008
        Tb = 16496.9
        Td = 4.52589
        Te = 2.26295
#       SitePat  BranchLen
              b 117068.6340037
              e 43576.9908985
              c 45753.0642335
              n 42581.3466584
              w 42580.8054109
            b:e 1314.7239337
            b:c 1479.8313068
            b:n 1095.2201528
            b:w 1095.2007166
            e:c 10938.6649850
            e:n 4221.3683217
            e:w 4221.9095693
            c:n 3579.1816683
            c:w 3579.0851193
            n:w 12000.5872701
          b:e:c 1249.4301527
          b:e:n 583.2072534
          b:e:w 583.2266896
          b:c:n 583.3280923
          b:c:w 583.3086422
          b:n:w 1245.7023824
          e:c:n 4758.4031429
          e:c:w 4758.4996920
          e:n:w 6254.2201071
          c:n:w 5358.3520210
        b:e:c:n 1096.3005878
        b:e:c:w 1096.3200378
        b:e:n:w 1456.5520233
        b:c:n:w 1296.0477132
        e:c:n:w 45717.2162936
