########################################
# legofit: estimate population history #
#       version 2.3.4-4-g53f8760       #
########################################

# Program was compiled: Sep 21 2021 14:36:42
# Program was run: Sun Oct 10 09:28:27 2021

# cmd: legofit -1 -d 0 -t 32 --ptsPerDim 3 --stateOut b1boot14.state --tol 3e-6 -S 5000 bde2.lgo ../../chrX/boot_chrX/boot14.opf
# Stage nOptItr nSimReps
#     0    5000        0
# algorithm          : deterministic
# ignoring probs <=  : 0
# Branch length floor: 0
# DE strategy        : 2
#    F               : 0.3
#    CR              : 0.8
#    tolerance       : 3e-06
# nthreads           : 32
# lgo input file     : bde2.lgo
# site pat input file: ../../chrX/boot_chrX/boot14.opf
# free parameters    : 14
# points in DE swarm : 42
# output state file  : b1boot14.state
# Including singleton site patterns.
# cost function      : KL
Initial parameter values
Fixed:
      zero = 0
       one = 1
    Tbecnw = 75200
Free:
       pc1 = 0
       pc2 = 0
       pc3 = 0
       pc4 = 0
       pc5 = 0
       pc6 = 0
       pc7 = 0
       pc8 = 0
       pc9 = 0
      pc10 = 0
      pc11 = 0
      pc12 = 0
      pc13 = 0
      pc14 = 0
Constrained:
     Tecnw = 33299.8
       Tnw = 3077.3
       Tec = 13.5668
     twoNb = 1.69566e+06
     twoNe = 165640
     twoNc = 114113
     twoNw = 1.48907e+06
    twoNec = 167148
    twoNnw = 138633
  twoNecnw = 31043.4
  twoNbecnw = 50093.4
        m2 = 0.0118382
        m4 = 0.000667555
        m5 = 0.169866
        Tb = 16656.7
        Td = 6.78338
        Te = 3.39169
DiffEv reached_goal. cost=2.83202e-03 spread=2.90969e-06
Fitted parameter values
Free:
       pc1 = -1.96043
       pc2 = -1.87518
       pc3 = -1.95962
       pc4 = 1.51878
       pc5 = 1.37353
       pc6 = -1.65083
       pc7 = 0.390893
       pc8 = 0.0540683
       pc9 = -1.2148
      pc10 = -0.353638
      pc11 = 0.529542
      pc12 = 1.09623
      pc13 = -0.41968
      pc14 = -0.351446
Constrained:
     Tecnw = 32937.9
       Tnw = 140.12
       Tec = 7.93669
     twoNb = 3.11929e+06
     twoNe = 216068
     twoNc = 97643.6
     twoNw = 2.18197e+06
    twoNec = 163464
    twoNnw = 163999
  twoNecnw = 30354.9
  twoNbecnw = 49049.9
        m2 = 0.0206392
        m4 = 0.000247218
        m5 = 0.149881
        Tb = 16472.9
        Td = 3.96835
        Te = 1.98417
#       SitePat  BranchLen
              b 116943.4042726
              e 43525.0172227
              c 45577.9632611
              n 42665.7215450
              w 42665.2776365
            b:e 1299.7494033
            b:c 1455.0223369
            b:n 1085.1519378
            b:w 1085.1361617
            e:c 10851.9478049
            e:n 4190.0366981
            e:w 4190.4806066
            c:n 3581.3069458
            c:w 3581.2278074
            n:w 11777.4311021
          b:e:c 1225.0456705
          b:e:n 577.5315683
          b:e:w 577.5473444
          b:c:n 577.6529531
          b:c:w 577.6371647
          b:n:w 1221.0009751
          e:c:n 4759.2981316
          e:c:w 4759.3772700
          e:n:w 6168.0504896
          c:n:w 5328.0539693
        b:e:c:n 1086.3303976
        b:e:c:w 1086.3461860
        b:e:n:w 1429.6431853
        b:c:n:w 1279.1920801
        e:c:n:w 45779.9896585
