########################################
# legofit: estimate population history #
#       version 2.3.4-4-g53f8760       #
########################################

# Program was compiled: Sep 21 2021 14:36:42
# Program was run: Sun Oct 10 09:28:22 2021

# cmd: legofit -1 -d 0 -t 32 --ptsPerDim 3 --stateOut b1boot6.state --tol 3e-6 -S 5000 bde2.lgo ../../chrX/boot_chrX/boot6.opf
# Stage nOptItr nSimReps
#     0    5000        0
# algorithm          : deterministic
# ignoring probs <=  : 0
# Branch length floor: 0
# DE strategy        : 2
#    F               : 0.3
#    CR              : 0.8
#    tolerance       : 3e-06
# nthreads           : 32
# lgo input file     : bde2.lgo
# site pat input file: ../../chrX/boot_chrX/boot6.opf
# free parameters    : 14
# points in DE swarm : 42
# output state file  : b1boot6.state
# Including singleton site patterns.
# cost function      : KL
Initial parameter values
Fixed:
      zero = 0
       one = 1
    Tbecnw = 75200
Free:
       pc1 = 0
       pc2 = 0
       pc3 = 0
       pc4 = 0
       pc5 = 0
       pc6 = 0
       pc7 = 0
       pc8 = 0
       pc9 = 0
      pc10 = 0
      pc11 = 0
      pc12 = 0
      pc13 = 0
      pc14 = 0
Constrained:
     Tecnw = 33299.8
       Tnw = 3077.3
       Tec = 13.5668
     twoNb = 1.69566e+06
     twoNe = 165640
     twoNc = 114113
     twoNw = 1.48907e+06
    twoNec = 167148
    twoNnw = 138633
  twoNecnw = 31043.4
  twoNbecnw = 50093.4
        m2 = 0.0118382
        m4 = 0.000667555
        m5 = 0.169866
        Tb = 16656.7
        Td = 6.78338
        Te = 3.39169
DiffEv reached_goal. cost=2.74290e-03 spread=2.88394e-06
Fitted parameter values
Free:
       pc1 = -1.95339
       pc2 = -1.72556
       pc3 = -1.67942
       pc4 = 1.73447
       pc5 = 1.36552
       pc6 = -0.988392
       pc7 = -0.790164
       pc8 = -0.0897274
       pc9 = 0.330288
      pc10 = -0.520654
      pc11 = -0.842661
      pc12 = -0.461416
      pc13 = -0.138455
      pc14 = -0.0311323
Constrained:
     Tecnw = 32680.8
       Tnw = 518.645
       Tec = 18.6459
     twoNb = 3.03755e+06
     twoNe = 303675
     twoNc = 221288
     twoNw = 1.90244e+06
    twoNec = 164869
    twoNnw = 163811
  twoNecnw = 30577.3
  twoNbecnw = 49729.5
        m2 = 0.0207884
        m4 = 0.00108331
        m5 = 0.16684
        Tb = 16349.7
        Td = 9.32294
        Te = 4.66147
#       SitePat  BranchLen
              b 117492.8504516
              e 43434.2426231
              c 45722.8525587
              n 42610.6858061
              w 42608.5826416
            b:e 1316.5183172
            b:c 1501.5770416
            b:n 1101.5167562
            b:w 1101.4403756
            e:c 10673.9049233
            e:n 4316.0793224
            e:w 4318.1824868
            c:n 3647.6770486
            c:w 3647.2963519
            n:w 11629.1192701
          b:e:c 1227.6448634
          b:e:n 593.2204747
          b:e:w 593.2968554
          b:c:n 593.4538947
          b:c:w 593.3774491
          b:n:w 1223.4605738
          e:c:n 4799.2407566
          e:c:w 4799.6214533
          e:n:w 6321.6850490
          c:n:w 5364.8066606
        b:e:c:n 1102.7242639
        b:e:c:w 1102.8007094
        b:e:n:w 1473.3080986
        b:c:n:w 1295.4922219
        e:c:n:w 46240.2121500
