########################################
# legofit: estimate population history #
#       version 2.3.4-4-g53f8760       #
########################################

# Program was compiled: Sep 21 2021 14:36:42
# Program was run: Sun Oct 10 09:28:32 2021

# cmd: legofit -1 -d 0 -t 32 --ptsPerDim 3 --stateOut b1boot18.state --tol 3e-6 -S 5000 bde2.lgo ../../chrX/boot_chrX/boot18.opf
# Stage nOptItr nSimReps
#     0    5000        0
# algorithm          : deterministic
# ignoring probs <=  : 0
# Branch length floor: 0
# DE strategy        : 2
#    F               : 0.3
#    CR              : 0.8
#    tolerance       : 3e-06
# nthreads           : 32
# lgo input file     : bde2.lgo
# site pat input file: ../../chrX/boot_chrX/boot18.opf
# free parameters    : 14
# points in DE swarm : 42
# output state file  : b1boot18.state
# Including singleton site patterns.
# cost function      : KL
Initial parameter values
Fixed:
      zero = 0
       one = 1
    Tbecnw = 75200
Free:
       pc1 = 0
       pc2 = 0
       pc3 = 0
       pc4 = 0
       pc5 = 0
       pc6 = 0
       pc7 = 0
       pc8 = 0
       pc9 = 0
      pc10 = 0
      pc11 = 0
      pc12 = 0
      pc13 = 0
      pc14 = 0
Constrained:
     Tecnw = 33299.8
       Tnw = 3077.3
       Tec = 13.5668
     twoNb = 1.69566e+06
     twoNe = 165640
     twoNc = 114113
     twoNw = 1.48907e+06
    twoNec = 167148
    twoNnw = 138633
  twoNecnw = 31043.4
  twoNbecnw = 50093.4
        m2 = 0.0118382
        m4 = 0.000667555
        m5 = 0.169866
        Tb = 16656.7
        Td = 6.78338
        Te = 3.39169
DiffEv reached_goal. cost=3.15108e-03 spread=2.95337e-06
Fitted parameter values
Free:
       pc1 = -1.96048
       pc2 = -1.79518
       pc3 = -1.87739
       pc4 = 1.80098
       pc5 = -0.0174548
       pc6 = -1.54761
       pc7 = 0.0648078
       pc8 = -0.659916
       pc9 = 0.220638
      pc10 = -1.08901
      pc11 = -1.27498
      pc12 = -0.826869
      pc13 = -0.299449
      pc14 = -0.164295
Constrained:
     Tecnw = 32695.4
       Tnw = 1442.85
       Tec = 1.7562
     twoNb = 3.42722e+06
     twoNe = 296807
     twoNc = 194247
     twoNw = 2.27323e+06
    twoNec = 165081
    twoNnw = 160924
  twoNecnw = 30584.3
  twoNbecnw = 49784.7
        m2 = 0.0217298
        m4 = 0.00146922
        m5 = 0.174509
        Tb = 16348.6
        Td = 0.878101
        Te = 0.439051
#       SitePat  BranchLen
              b 117512.3608603
              e 43494.4065133
              c 45870.4816754
              n 42760.7172883
              w 42755.5826269
            b:e 1322.2064582
            b:c 1521.0193816
            b:n 1104.3919575
            b:w 1104.2035962
            e:c 10602.1692406
            e:n 4346.7651453
            e:w 4351.8998067
            c:n 3661.9779253
            c:w 3661.0413617
            n:w 11479.9851683
          b:e:c 1224.4869183
          b:e:n 597.2415892
          b:e:w 597.4299505
          b:c:n 597.5932829
          b:c:w 597.4047703
          b:n:w 1220.6090638
          e:c:n 4798.8242865
          e:c:w 4799.7608500
          e:n:w 6378.0684812
          c:n:w 5369.7720840
        b:e:c:n 1105.4065298
        b:e:c:w 1105.5950424
        b:e:n:w 1494.1805467
        b:c:n:w 1302.9080100
        e:c:n:w 46188.5965990
