########################################
# legofit: estimate population history #
#       version 2.3.4-4-g53f8760       #
########################################

# Program was compiled: Sep 21 2021 14:36:42
# Program was run: Sun Oct 10 09:28:51 2021

# cmd: legofit -1 -d 0 -t 32 --ptsPerDim 3 --stateOut b1boot46.state --tol 3e-6 -S 5000 bde2.lgo ../../chrX/boot_chrX/boot46.opf
# Stage nOptItr nSimReps
#     0    5000        0
# algorithm          : deterministic
# ignoring probs <=  : 0
# Branch length floor: 0
# DE strategy        : 2
#    F               : 0.3
#    CR              : 0.8
#    tolerance       : 3e-06
# nthreads           : 32
# lgo input file     : bde2.lgo
# site pat input file: ../../chrX/boot_chrX/boot46.opf
# free parameters    : 14
# points in DE swarm : 42
# output state file  : b1boot46.state
# Including singleton site patterns.
# cost function      : KL
Initial parameter values
Fixed:
      zero = 0
       one = 1
    Tbecnw = 75200
Free:
       pc1 = 0
       pc2 = 0
       pc3 = 0
       pc4 = 0
       pc5 = 0
       pc6 = 0
       pc7 = 0
       pc8 = 0
       pc9 = 0
      pc10 = 0
      pc11 = 0
      pc12 = 0
      pc13 = 0
      pc14 = 0
Constrained:
     Tecnw = 33299.8
       Tnw = 3077.3
       Tec = 13.5668
     twoNb = 1.69566e+06
     twoNe = 165640
     twoNc = 114113
     twoNw = 1.48907e+06
    twoNec = 167148
    twoNnw = 138633
  twoNecnw = 31043.4
  twoNbecnw = 50093.4
        m2 = 0.0118382
        m4 = 0.000667555
        m5 = 0.169866
        Tb = 16656.7
        Td = 6.78338
        Te = 3.39169
DiffEv reached_goal. cost=2.95937e-03 spread=2.58863e-06
Fitted parameter values
Free:
       pc1 = -1.99966
       pc2 = -1.55761
       pc3 = -1.93333
       pc4 = 1.57307
       pc5 = 1.40549
       pc6 = -1.63106
       pc7 = -0.633198
       pc8 = 0.161289
       pc9 = 0.106521
      pc10 = 1.01957
      pc11 = 0.255733
      pc12 = -1.21455
      pc13 = -0.154961
      pc14 = -0.210365
Constrained:
     Tecnw = 33116
       Tnw = 362.907
       Tec = 17.9001
     twoNb = 3.64538e+06
     twoNe = 393501
     twoNc = 276376
     twoNw = 1.75233e+06
    twoNec = 163863
    twoNnw = 163031
  twoNecnw = 30795.7
  twoNbecnw = 49328.9
        m2 = 0.0187352
        m4 = 5.97156e-05
        m5 = 0.163337
        Tb = 16566.9
        Td = 8.95006
        Te = 4.47503
#       SitePat  BranchLen
              b 117066.0439501
              e 43676.7169283
              c 45910.5814962
              n 42923.8549885
              w 42922.2837060
            b:e 1306.9459936
            b:c 1472.8916894
            b:n 1117.4686087
            b:w 1117.4113402
            e:c 10891.9723930
            e:n 4294.8087792
            e:w 4296.3800617
            c:n 3630.2741480
            c:w 3629.9920757
            n:w 11826.7780909
          b:e:c 1253.4227644
          b:e:n 596.8150291
          b:e:w 596.8722976
          b:c:n 596.9581026
          b:c:w 596.9007997
          b:n:w 1250.2991207
          e:c:n 4813.3165093
          e:c:w 4813.5985817
          e:n:w 6224.3404854
          c:n:w 5317.4499802
        b:e:c:n 1118.3548688
        b:e:c:w 1118.4121717
        b:e:n:w 1453.4068693
        b:c:n:w 1291.2381524
        e:c:n:w 45498.0780254
