########################################
# legofit: estimate population history #
#       version 2.3.4-4-g53f8760       #
########################################

# Program was compiled: Sep 21 2021 14:36:42
# Program was run: Sun Oct 10 09:28:46 2021

# cmd: legofit -1 -d 0 -t 32 --ptsPerDim 3 --stateOut b1boot40.state --tol 3e-6 -S 5000 bde2.lgo ../../chrX/boot_chrX/boot40.opf
# Stage nOptItr nSimReps
#     0    5000        0
# algorithm          : deterministic
# ignoring probs <=  : 0
# Branch length floor: 0
# DE strategy        : 2
#    F               : 0.3
#    CR              : 0.8
#    tolerance       : 3e-06
# nthreads           : 32
# lgo input file     : bde2.lgo
# site pat input file: ../../chrX/boot_chrX/boot40.opf
# free parameters    : 14
# points in DE swarm : 42
# output state file  : b1boot40.state
# Including singleton site patterns.
# cost function      : KL
Initial parameter values
Fixed:
      zero = 0
       one = 1
    Tbecnw = 75200
Free:
       pc1 = 0
       pc2 = 0
       pc3 = 0
       pc4 = 0
       pc5 = 0
       pc6 = 0
       pc7 = 0
       pc8 = 0
       pc9 = 0
      pc10 = 0
      pc11 = 0
      pc12 = 0
      pc13 = 0
      pc14 = 0
Constrained:
     Tecnw = 33299.8
       Tnw = 3077.3
       Tec = 13.5668
     twoNb = 1.69566e+06
     twoNe = 165640
     twoNc = 114113
     twoNw = 1.48907e+06
    twoNec = 167148
    twoNnw = 138633
  twoNecnw = 31043.4
  twoNbecnw = 50093.4
        m2 = 0.0118382
        m4 = 0.000667555
        m5 = 0.169866
        Tb = 16656.7
        Td = 6.78338
        Te = 3.39169
DiffEv reached_goal. cost=2.86295e-03 spread=1.16767e-06
Fitted parameter values
Free:
       pc1 = -1.99564
       pc2 = -1.87584
       pc3 = -1.97248
       pc4 = 1.6861
       pc5 = 1.80426
       pc6 = -1.9573
       pc7 = 1.14539
       pc8 = -0.106158
       pc9 = -0.0641317
      pc10 = 0.135376
      pc11 = -0.434183
      pc12 = 0.136661
      pc13 = -0.15932
      pc14 = 0.0255435
Constrained:
     Tecnw = 32755.7
       Tnw = 292.506
       Tec = 3.14187
     twoNb = 3.60783e+06
     twoNe = 331780
     twoNc = 170506
     twoNw = 1.42784e+06
    twoNec = 164905
    twoNnw = 159540
  twoNecnw = 30519
  twoNbecnw = 49642.8
        m2 = 0.0224599
        m4 = 0.000278187
        m5 = 0.154071
        Tb = 16379.4
        Td = 1.57094
        Te = 0.785468
#       SitePat  BranchLen
              b 117404.0782158
              e 43583.2245993
              c 45738.7655316
              n 42484.6721032
              w 42483.2060930
            b:e 1335.0072033
            b:c 1502.0769870
            b:n 1093.3831643
            b:w 1093.3303023
            e:c 10797.4812825
            e:n 4239.1399560
            e:w 4240.6059662
            c:n 3607.0146369
            c:w 3606.7513385
            n:w 11888.2392632
          b:e:c 1241.3624366
          b:e:n 586.1162009
          b:e:w 586.1690629
          b:c:n 586.2725728
          b:c:w 586.2196718
          b:n:w 1237.5350535
          e:c:n 4758.3396579
          e:c:w 4758.6029563
          e:n:w 6318.7848190
          c:n:w 5424.3021934
        b:e:c:n 1094.4661974
        b:e:c:w 1094.5190985
        b:e:n:w 1477.9087426
        b:c:n:w 1315.5536182
        e:c:n:w 46122.2703486
