########################################
# legofit: estimate population history #
#       version 2.3.4-4-g53f8760       #
########################################

# Program was compiled: Sep 21 2021 14:36:42
# Program was run: Thu Sep 23 14:16:40 2021

# cmd: legofit -1 -d 0 -t 32 --ptsPerDim 3 --stateOut b1.state --tol 3e-6 -S 5000 bcef2.lgo ../../chrX/pan_chrX.opf
# Stage nOptItr nSimReps
#     0    5000        0
# algorithm          : deterministic
# ignoring probs <=  : 0
# Branch length floor: 0
# DE strategy        : 2
#    F               : 0.3
#    CR              : 0.8
#    tolerance       : 3e-06
# nthreads           : 32
# lgo input file     : bcef2.lgo
# site pat input file: ../../chrX/pan_chrX.opf
# free parameters    : 16
# points in DE swarm : 48
# output state file  : b1.state
# Including singleton site patterns.
# cost function      : KL
Initial parameter values
Fixed:
      zero = 0
       one = 1
    Tbecnw = 75200
Free:
       pc1 = 0
       pc2 = 0
       pc3 = 0
       pc4 = 0
       pc5 = 0
       pc6 = 0
       pc7 = 0
       pc8 = 0
       pc9 = 0
      pc10 = 0
      pc11 = 0
      pc12 = 0
      pc13 = 0
      pc14 = 0
      pc15 = 0
      pc16 = 0
Constrained:
     Tecnw = 44776.7
       Tnw = 497.665
       Tec = 1985.12
     twoNb = 1.30364e+06
     twoNe = 50748.1
     twoNc = 851175
     twoNn = 242315
     twoNw = 1.07713e+06
    twoNec = 91488.4
    twoNnw = 123190
  twoNecnw = 21356.8
  twoNbecnw = 55052.4
        m2 = 0.0475011
        m3 = 0.178159
        m5 = 0.258717
        m6 = 0.168699
        Tb = 23380.9
        Tc = 248.833
        Te = 124.416
        Tf = 62.2082
DiffEv reached_goal. cost=2.08710e-03 spread=2.35508e-06
Fitted parameter values
Free:
       pc1 = 2.06875
       pc2 = -2.49979
       pc3 = 1.94147
       pc4 = -1.85538
       pc5 = -1.48741
       pc6 = -0.753135
       pc7 = -1.77384
       pc8 = -1.92943
       pc9 = -0.578337
      pc10 = 0.243037
      pc11 = 0.460567
      pc12 = 0.177266
      pc13 = -0.118233
      pc14 = -0.266186
      pc15 = 0.183063
      pc16 = -0.203728
Constrained:
     Tecnw = 44187.1
       Tnw = 129.281
       Tec = 176.698
     twoNb = 3.24707e+06
     twoNe = 3203.34
     twoNc = 602307
     twoNn = 204499
     twoNw = 1.01182e+06
    twoNec = 98363.3
    twoNnw = 126020
  twoNecnw = 21534.2
  twoNbecnw = 54638.1
        m2 = 0.0502616
        m3 = 0.176405
        m5 = 0.251723
        m6 = 0.161158
        Tb = 22181.9
        Tc = 64.6405
        Te = 32.3202
        Tf = 16.1601
#       SitePat  BranchLen
              b 121963.6051875
              e 45453.0295730
              c 47370.9750920
              n 43515.3637336
              w 46097.7265381
            b:e 1488.8172528
            b:c 1656.2537436
            b:n 1074.5424171
            b:w 1159.0385632
            e:c 11976.9711287
            e:n 5002.7021655
            e:w 4300.1154114
            c:n 4565.8352896
            c:w 3599.9527457
            n:w 12335.1063906
          b:e:c 1331.1545927
          b:e:n 572.9848031
          b:e:w 587.0109911
          b:c:n 588.7563833
          b:c:w 571.4908289
          b:n:w 1320.8674549
          e:c:n 4777.7802261
          e:c:w 3875.5493413
          e:n:w 6014.0717332
          c:n:w 5227.1682192
        b:e:c:n 1162.0048259
        b:e:c:w 1069.0854243
        b:e:n:w 1615.7941993
        b:c:n:w 1454.0938271
        e:c:n:w 48388.4288265
