########################################
# legofit: estimate population history #
#       version 2.3.4-4-g53f8760       #
########################################

# Program was compiled: Sep 21 2021 14:36:42
# Program was run: Thu Sep 23 14:18:33 2021

# cmd: legofit -1 -d 0 -t 32 --ptsPerDim 3 --stateOut b1boot38.state --tol 3e-6 -S 5000 bcef2.lgo ../../chrX/boot_chrX/boot38.opf
# Stage nOptItr nSimReps
#     0    5000        0
# algorithm          : deterministic
# ignoring probs <=  : 0
# Branch length floor: 0
# DE strategy        : 2
#    F               : 0.3
#    CR              : 0.8
#    tolerance       : 3e-06
# nthreads           : 32
# lgo input file     : bcef2.lgo
# site pat input file: ../../chrX/boot_chrX/boot38.opf
# free parameters    : 16
# points in DE swarm : 48
# output state file  : b1boot38.state
# Including singleton site patterns.
# cost function      : KL
Initial parameter values
Fixed:
      zero = 0
       one = 1
    Tbecnw = 75200
Free:
       pc1 = 0
       pc2 = 0
       pc3 = 0
       pc4 = 0
       pc5 = 0
       pc6 = 0
       pc7 = 0
       pc8 = 0
       pc9 = 0
      pc10 = 0
      pc11 = 0
      pc12 = 0
      pc13 = 0
      pc14 = 0
      pc15 = 0
      pc16 = 0
Constrained:
     Tecnw = 44776.7
       Tnw = 497.665
       Tec = 1985.12
     twoNb = 1.30364e+06
     twoNe = 50748.1
     twoNc = 851175
     twoNn = 242315
     twoNw = 1.07713e+06
    twoNec = 91488.4
    twoNnw = 123190
  twoNecnw = 21356.8
  twoNbecnw = 55052.4
        m2 = 0.0475011
        m3 = 0.178159
        m5 = 0.258717
        m6 = 0.168699
        Tb = 23380.9
        Tc = 248.833
        Te = 124.416
        Tf = 62.2082
DiffEv reached_goal. cost=2.22867e-03 spread=2.60053e-06
Fitted parameter values
Free:
       pc1 = 1.54497
       pc2 = -2.42323
       pc3 = 1.97747
       pc4 = -1.98109
       pc5 = -1.81278
       pc6 = 0.580067
       pc7 = -1.97699
       pc8 = -1.99907
       pc9 = -0.0740259
      pc10 = 0.102887
      pc11 = 0.206546
      pc12 = 0.573783
      pc13 = 0.755571
      pc14 = -0.5455
      pc15 = 0.349574
      pc16 = -0.185394
Constrained:
     Tecnw = 44055.8
       Tnw = 204.321
       Tec = 407.408
     twoNb = 3.26255e+06
     twoNe = 7059.2
     twoNc = 1.95408e+06
     twoNn = 74062.2
     twoNw = 1.18085e+06
    twoNec = 98560.1
    twoNnw = 126928
  twoNecnw = 21157.7
  twoNbecnw = 55155.1
        m2 = 0.0491571
        m3 = 0.185401
        m5 = 0.251397
        m6 = 0.165299
        Tb = 22231.6
        Tc = 102.161
        Te = 51.0803
        Tf = 25.5402
#       SitePat  BranchLen
              b 122625.0693888
              e 45284.7715996
              c 47138.9468874
              n 43343.4388839
              w 46039.1452766
            b:e 1465.5321894
            b:c 1623.4062917
            b:n 1057.7418545
            b:w 1142.5985067
            e:c 11696.0462123
            e:n 5057.1531194
            e:w 4271.5381589
            c:n 4587.1932545
            c:w 3620.5323212
            n:w 12019.6911807
          b:e:c 1287.8918344
          b:e:n 568.7419126
          b:e:w 579.5142403
          b:c:n 581.2689305
          b:c:w 567.1526867
          b:n:w 1278.0440549
          e:c:n 4787.8503506
          e:c:w 3856.4125987
          e:n:w 5933.6550259
          c:n:w 5194.8761455
        b:e:c:n 1145.4813311
        b:e:c:w 1051.9758479
        b:e:n:w 1583.8986484
        b:c:n:w 1431.4283769
        e:c:n:w 49419.2830254
