########################################
# legofit: estimate population history #
#       version 2.3.4-4-g53f8760       #
########################################

# Program was compiled: Sep 21 2021 14:36:42
# Program was run: Thu Sep 23 14:17:39 2021

# cmd: legofit -1 -d 0 -t 32 --ptsPerDim 3 --stateOut b1boot18.state --tol 3e-6 -S 5000 bcef2.lgo ../../chrX/boot_chrX/boot18.opf
# Stage nOptItr nSimReps
#     0    5000        0
# algorithm          : deterministic
# ignoring probs <=  : 0
# Branch length floor: 0
# DE strategy        : 2
#    F               : 0.3
#    CR              : 0.8
#    tolerance       : 3e-06
# nthreads           : 32
# lgo input file     : bcef2.lgo
# site pat input file: ../../chrX/boot_chrX/boot18.opf
# free parameters    : 16
# points in DE swarm : 48
# output state file  : b1boot18.state
# Including singleton site patterns.
# cost function      : KL
Initial parameter values
Fixed:
      zero = 0
       one = 1
    Tbecnw = 75200
Free:
       pc1 = 0
       pc2 = 0
       pc3 = 0
       pc4 = 0
       pc5 = 0
       pc6 = 0
       pc7 = 0
       pc8 = 0
       pc9 = 0
      pc10 = 0
      pc11 = 0
      pc12 = 0
      pc13 = 0
      pc14 = 0
      pc15 = 0
      pc16 = 0
Constrained:
     Tecnw = 44776.7
       Tnw = 497.665
       Tec = 1985.12
     twoNb = 1.30364e+06
     twoNe = 50748.1
     twoNc = 851175
     twoNn = 242315
     twoNw = 1.07713e+06
    twoNec = 91488.4
    twoNnw = 123190
  twoNecnw = 21356.8
  twoNbecnw = 55052.4
        m2 = 0.0475011
        m3 = 0.178159
        m5 = 0.258717
        m6 = 0.168699
        Tb = 23380.9
        Tc = 248.833
        Te = 124.416
        Tf = 62.2082
DiffEv reached_goal. cost=2.08006e-03 spread=2.54314e-06
Fitted parameter values
Free:
       pc1 = -0.635076
       pc2 = -3.19181
       pc3 = 1.86042
       pc4 = -1.96626
       pc5 = -1.40035
       pc6 = 0.358942
       pc7 = -1.91737
       pc8 = -1.97344
       pc9 = -0.581191
      pc10 = 0.490325
      pc11 = -0.989755
      pc12 = 0.147421
      pc13 = 0.38466
      pc14 = -0.862601
      pc15 = 0.233253
      pc16 = -0.0340479
Constrained:
     Tecnw = 44688.9
       Tnw = 145.258
       Tec = 414.747
     twoNb = 3.13928e+06
     twoNe = 5188.44
     twoNc = 1.96963e+06
     twoNn = 119723
     twoNw = 1.15942e+06
    twoNec = 95847.9
    twoNnw = 129887
  twoNecnw = 20879
  twoNbecnw = 55406.1
        m2 = 0.0555933
        m3 = 0.184586
        m5 = 0.26761
        m6 = 0.176058
        Tb = 22551.8
        Tc = 72.629
        Te = 36.3145
        Tf = 18.1573
#       SitePat  BranchLen
              b 122662.7380939
              e 45521.2079976
              c 47628.2086758
              n 43610.9260515
              w 46399.8384478
            b:e 1515.1940393
            b:c 1697.5425466
            b:n 1079.1503407
            b:w 1160.9482634
            e:c 11667.3990158
            e:n 5263.5750512
            e:w 4383.0739569
            c:n 4649.2905338
            c:w 3699.9686074
            n:w 11960.4625628
          b:e:c 1304.8464667
          b:e:n 586.5801391
          b:e:w 593.5821361
          b:c:n 595.6594068
          b:c:w 584.6018424
          b:n:w 1293.3498760
          e:c:n 4799.7138185
          e:c:w 3854.5852323
          e:n:w 6063.5544577
          c:n:w 5247.0192680
        b:e:c:n 1164.3606179
        b:e:c:w 1072.6574733
        b:e:n:w 1652.2113812
        b:c:n:w 1476.6882783
        e:c:n:w 48997.5691183
