########################################
# legofit: estimate population history #
#       version 2.3.4-4-g53f8760       #
########################################

# Program was compiled: Sep 21 2021 14:36:42
# Program was run: Thu Sep 23 14:18:22 2021

# cmd: legofit -1 -d 0 -t 32 --ptsPerDim 3 --stateOut b1boot33.state --tol 3e-6 -S 5000 bcef2.lgo ../../chrX/boot_chrX/boot33.opf
# Stage nOptItr nSimReps
#     0    5000        0
# algorithm          : deterministic
# ignoring probs <=  : 0
# Branch length floor: 0
# DE strategy        : 2
#    F               : 0.3
#    CR              : 0.8
#    tolerance       : 3e-06
# nthreads           : 32
# lgo input file     : bcef2.lgo
# site pat input file: ../../chrX/boot_chrX/boot33.opf
# free parameters    : 16
# points in DE swarm : 48
# output state file  : b1boot33.state
# Including singleton site patterns.
# cost function      : KL
Initial parameter values
Fixed:
      zero = 0
       one = 1
    Tbecnw = 75200
Free:
       pc1 = 0
       pc2 = 0
       pc3 = 0
       pc4 = 0
       pc5 = 0
       pc6 = 0
       pc7 = 0
       pc8 = 0
       pc9 = 0
      pc10 = 0
      pc11 = 0
      pc12 = 0
      pc13 = 0
      pc14 = 0
      pc15 = 0
      pc16 = 0
Constrained:
     Tecnw = 44776.7
       Tnw = 497.665
       Tec = 1985.12
     twoNb = 1.30364e+06
     twoNe = 50748.1
     twoNc = 851175
     twoNn = 242315
     twoNw = 1.07713e+06
    twoNec = 91488.4
    twoNnw = 123190
  twoNecnw = 21356.8
  twoNbecnw = 55052.4
        m2 = 0.0475011
        m3 = 0.178159
        m5 = 0.258717
        m6 = 0.168699
        Tb = 23380.9
        Tc = 248.833
        Te = 124.416
        Tf = 62.2082
DiffEv reached_goal. cost=2.15143e-03 spread=2.68925e-06
Fitted parameter values
Free:
       pc1 = 0.20328
       pc2 = -1.65811
       pc3 = 1.75783
       pc4 = -1.98912
       pc5 = -1.79579
       pc6 = -0.550971
       pc7 = -1.92939
       pc8 = -1.99105
       pc9 = 0.809292
      pc10 = -0.618542
      pc11 = 1.70811
      pc12 = 0.283376
      pc13 = 0.247736
      pc14 = 0.815018
      pc15 = 0.277474
      pc16 = -0.2912
Constrained:
     Tecnw = 44262.5
       Tnw = 112.499
       Tec = 1368.95
     twoNb = 3.33936e+06
     twoNe = 50025.8
     twoNc = 1.02436e+06
     twoNn = 158172
     twoNw = 1.36688e+06
    twoNec = 92992.1
    twoNnw = 123862
  twoNecnw = 21270.3
  twoNbecnw = 56239.5
        m2 = 0.0496333
        m3 = 0.16748
        m5 = 0.246359
        m6 = 0.164029
        Tb = 22815.7
        Tc = 56.2495
        Te = 28.1248
        Tf = 14.0624
#       SitePat  BranchLen
              b 123471.7366915
              e 45543.0779393
              c 47283.5755126
              n 43450.9752332
              w 45878.1489589
            b:e 1513.5698598
            b:c 1668.7627660
            b:n 1083.2908922
            b:w 1168.3902258
            e:c 12149.8923297
            e:n 4867.2742587
            e:w 4234.1556236
            c:n 4495.9736278
            c:w 3590.4541674
            n:w 12607.6643773
          b:e:c 1372.8352268
          b:e:n 571.2159400
          b:e:w 585.2565552
          b:c:n 586.8697161
          b:c:w 569.8549673
          b:n:w 1362.6494232
          e:c:n 4766.8820919
          e:c:w 3889.0204240
          e:n:w 6029.6334752
          c:n:w 5298.8908398
        b:e:c:n 1171.2058996
        b:e:c:w 1078.4067374
        b:e:n:w 1630.0985313
        b:c:n:w 1479.9005861
        e:c:n:w 49911.5191258
