########################################
# legofit: estimate population history #
#       version 2.3.4-4-g53f8760       #
########################################

# Program was compiled: Sep 21 2021 14:36:42
# Program was run: Thu Sep 23 14:18:27 2021

# cmd: legofit -1 -d 0 -t 32 --ptsPerDim 3 --stateOut b1boot34.state --tol 3e-6 -S 5000 bcef2.lgo ../../chrX/boot_chrX/boot34.opf
# Stage nOptItr nSimReps
#     0    5000        0
# algorithm          : deterministic
# ignoring probs <=  : 0
# Branch length floor: 0
# DE strategy        : 2
#    F               : 0.3
#    CR              : 0.8
#    tolerance       : 3e-06
# nthreads           : 32
# lgo input file     : bcef2.lgo
# site pat input file: ../../chrX/boot_chrX/boot34.opf
# free parameters    : 16
# points in DE swarm : 48
# output state file  : b1boot34.state
# Including singleton site patterns.
# cost function      : KL
Initial parameter values
Fixed:
      zero = 0
       one = 1
    Tbecnw = 75200
Free:
       pc1 = 0
       pc2 = 0
       pc3 = 0
       pc4 = 0
       pc5 = 0
       pc6 = 0
       pc7 = 0
       pc8 = 0
       pc9 = 0
      pc10 = 0
      pc11 = 0
      pc12 = 0
      pc13 = 0
      pc14 = 0
      pc15 = 0
      pc16 = 0
Constrained:
     Tecnw = 44776.7
       Tnw = 497.665
       Tec = 1985.12
     twoNb = 1.30364e+06
     twoNe = 50748.1
     twoNc = 851175
     twoNn = 242315
     twoNw = 1.07713e+06
    twoNec = 91488.4
    twoNnw = 123190
  twoNecnw = 21356.8
  twoNbecnw = 55052.4
        m2 = 0.0475011
        m3 = 0.178159
        m5 = 0.258717
        m6 = 0.168699
        Tb = 23380.9
        Tc = 248.833
        Te = 124.416
        Tf = 62.2082
DiffEv reached_goal. cost=1.99364e-03 spread=2.75311e-06
Fitted parameter values
Free:
       pc1 = 3.01242
       pc2 = -2.34524
       pc3 = 1.91997
       pc4 = -1.01233
       pc5 = -1.7095
       pc6 = -1.4816
       pc7 = -1.18134
       pc8 = -1.96271
       pc9 = 0.404518
      pc10 = 1.583
      pc11 = 0.466486
      pc12 = 1.12369
      pc13 = 0.160255
      pc14 = 0.0124654
      pc15 = 0.374412
      pc16 = -0.206716
Constrained:
     Tecnw = 43663.8
       Tnw = 71.7156
       Tec = 295.222
     twoNb = 3.17739e+06
     twoNe = 9058.63
     twoNc = 9549.69
     twoNn = 111185
     twoNw = 1.1158e+06
    twoNec = 98150.9
    twoNnw = 127299
  twoNecnw = 21604.2
  twoNbecnw = 54149.5
        m2 = 0.0449837
        m3 = 0.175321
        m5 = 0.262126
        m6 = 0.145631
        Tb = 21979.5
        Tc = 35.8578
        Te = 17.9289
        Tf = 8.96446
#       SitePat  BranchLen
              b 121765.7376441
              e 44812.5989435
              c 47102.3043440
              n 43281.6789076
              w 45817.3694672
            b:e 1397.6666968
            b:c 1594.1244330
            b:n 1044.9889855
            b:w 1131.7670350
            e:c 11845.1744087
            e:n 4941.9615253
            e:w 4351.0752113
            c:n 4492.3201573
            c:w 3458.2312720
            n:w 12123.8230601
          b:e:c 1284.1320836
          b:e:n 552.5743952
          b:e:w 574.2119244
          b:c:n 575.8453148
          b:c:w 551.3164973
          b:n:w 1274.8462536
          e:c:n 4767.3334949
          e:c:w 3867.2072663
          e:n:w 5966.4672547
          c:n:w 5012.2110363
        b:e:c:n 1134.4191096
        b:e:c:w 1039.9432167
        b:e:n:w 1556.0931395
        b:c:n:w 1366.2960362
        e:c:n:w 48753.1040947
