########################################
# legofit: estimate population history #
#       version 2.3.4-4-g53f8760       #
########################################

# Program was compiled: Sep 21 2021 14:36:42
# Program was run: Thu Sep 23 14:16:51 2021

# cmd: legofit -1 -d 0 -t 32 --ptsPerDim 3 --stateOut b1boot2.state --tol 3e-6 -S 5000 bcef2.lgo ../../chrX/boot_chrX/boot2.opf
# Stage nOptItr nSimReps
#     0    5000        0
# algorithm          : deterministic
# ignoring probs <=  : 0
# Branch length floor: 0
# DE strategy        : 2
#    F               : 0.3
#    CR              : 0.8
#    tolerance       : 3e-06
# nthreads           : 32
# lgo input file     : bcef2.lgo
# site pat input file: ../../chrX/boot_chrX/boot2.opf
# free parameters    : 16
# points in DE swarm : 48
# output state file  : b1boot2.state
# Including singleton site patterns.
# cost function      : KL
Initial parameter values
Fixed:
      zero = 0
       one = 1
    Tbecnw = 75200
Free:
       pc1 = 0
       pc2 = 0
       pc3 = 0
       pc4 = 0
       pc5 = 0
       pc6 = 0
       pc7 = 0
       pc8 = 0
       pc9 = 0
      pc10 = 0
      pc11 = 0
      pc12 = 0
      pc13 = 0
      pc14 = 0
      pc15 = 0
      pc16 = 0
Constrained:
     Tecnw = 44776.7
       Tnw = 497.665
       Tec = 1985.12
     twoNb = 1.30364e+06
     twoNe = 50748.1
     twoNc = 851175
     twoNn = 242315
     twoNw = 1.07713e+06
    twoNec = 91488.4
    twoNnw = 123190
  twoNecnw = 21356.8
  twoNbecnw = 55052.4
        m2 = 0.0475011
        m3 = 0.178159
        m5 = 0.258717
        m6 = 0.168699
        Tb = 23380.9
        Tc = 248.833
        Te = 124.416
        Tf = 62.2082
DiffEv reached_goal. cost=2.13496e-03 spread=2.79637e-06
Fitted parameter values
Free:
       pc1 = 1.26513
       pc2 = -1.82454
       pc3 = 1.98193
       pc4 = -1.93816
       pc5 = -1.09273
       pc6 = -0.299088
       pc7 = -1.1757
       pc8 = -1.83368
       pc9 = -0.784047
      pc10 = 0.579538
      pc11 = 0.993446
      pc12 = 0.0117992
      pc13 = -0.685154
      pc14 = -0.447036
      pc15 = 0.245661
      pc16 = -0.369916
Constrained:
     Tecnw = 44845.6
       Tnw = 24.4513
       Tec = 635.315
     twoNb = 3.08136e+06
     twoNe = 19284.3
     twoNc = 905632
     twoNn = 281912
     twoNw = 1.04397e+06
    twoNec = 97017.8
    twoNnw = 122019
  twoNecnw = 21337.4
  twoNbecnw = 54355.8
        m2 = 0.0508833
        m3 = 0.177377
        m5 = 0.252148
        m6 = 0.16012
        Tb = 22740.5
        Tc = 12.2257
        Te = 6.11283
        Tf = 3.05641
#       SitePat  BranchLen
              b 121626.4166411
              e 45709.2207241
              c 47713.6078325
              n 43524.5508322
              w 46120.1452415
            b:e 1499.3200213
            b:c 1674.3666364
            b:n 1072.9951866
            b:w 1160.8604269
            e:c 12099.0064989
            e:n 4998.9991935
            e:w 4320.5652012
            c:n 4562.8588068
            c:w 3577.0315356
            n:w 12671.7807594
          b:e:c 1358.5303825
          b:e:n 571.1392115
          b:e:w 587.1454918
          b:c:n 589.0098420
          b:c:w 569.5699722
          b:n:w 1347.5736697
          e:c:n 4737.2147100
          e:c:w 3818.1706908
          e:n:w 6058.3857307
          c:n:w 5227.2967320
        b:e:c:n 1164.0056556
        b:e:c:w 1067.2848782
        b:e:n:w 1632.1438435
        b:c:n:w 1463.1780600
        e:c:n:w 47762.4076857
