########################################
# legofit: estimate population history #
#       version 2.3.4-4-g53f8760       #
########################################

# Program was compiled: Sep 21 2021 14:36:42
# Program was run: Thu Sep 23 14:18:15 2021

# cmd: legofit -1 -d 0 -t 32 --ptsPerDim 3 --stateOut b1boot32.state --tol 3e-6 -S 5000 bcef2.lgo ../../chrX/boot_chrX/boot32.opf
# Stage nOptItr nSimReps
#     0    5000        0
# algorithm          : deterministic
# ignoring probs <=  : 0
# Branch length floor: 0
# DE strategy        : 2
#    F               : 0.3
#    CR              : 0.8
#    tolerance       : 3e-06
# nthreads           : 32
# lgo input file     : bcef2.lgo
# site pat input file: ../../chrX/boot_chrX/boot32.opf
# free parameters    : 16
# points in DE swarm : 48
# output state file  : b1boot32.state
# Including singleton site patterns.
# cost function      : KL
Initial parameter values
Fixed:
      zero = 0
       one = 1
    Tbecnw = 75200
Free:
       pc1 = 0
       pc2 = 0
       pc3 = 0
       pc4 = 0
       pc5 = 0
       pc6 = 0
       pc7 = 0
       pc8 = 0
       pc9 = 0
      pc10 = 0
      pc11 = 0
      pc12 = 0
      pc13 = 0
      pc14 = 0
      pc15 = 0
      pc16 = 0
Constrained:
     Tecnw = 44776.7
       Tnw = 497.665
       Tec = 1985.12
     twoNb = 1.30364e+06
     twoNe = 50748.1
     twoNc = 851175
     twoNn = 242315
     twoNw = 1.07713e+06
    twoNec = 91488.4
    twoNnw = 123190
  twoNecnw = 21356.8
  twoNbecnw = 55052.4
        m2 = 0.0475011
        m3 = 0.178159
        m5 = 0.258717
        m6 = 0.168699
        Tb = 23380.9
        Tc = 248.833
        Te = 124.416
        Tf = 62.2082
DiffEv reached_goal. cost=1.99511e-03 spread=1.72551e-06
Fitted parameter values
Free:
       pc1 = 0.142881
       pc2 = -3.27341
       pc3 = 1.882
       pc4 = -1.92114
       pc5 = -1.48122
       pc6 = -1.38613
       pc7 = -1.98647
       pc8 = -1.97775
       pc9 = -0.765532
      pc10 = 0.674375
      pc11 = 0.585901
      pc12 = 0.562651
      pc13 = 0.0944823
      pc14 = -0.0270167
      pc15 = -0.14738
      pc16 = -0.220866
Constrained:
     Tecnw = 44638.4
       Tnw = 71.4013
       Tec = 237.44
     twoNb = 3.4701e+06
     twoNe = 15045.8
     twoNc = 233436
     twoNn = 149068
     twoNw = 988637
    twoNec = 94842.2
    twoNnw = 129803
  twoNecnw = 21027.6
  twoNbecnw = 55076.8
        m2 = 0.0525314
        m3 = 0.166543
        m5 = 0.261442
        m6 = 0.166462
        Tb = 22437.9
        Tc = 35.7007
        Te = 17.8503
        Tf = 8.92517
#       SitePat  BranchLen
              b 122400.4927814
              e 45597.7398503
              c 47456.2311527
              n 43896.0066831
              w 46273.7221723
            b:e 1492.2586728
            b:c 1663.9596146
            b:n 1077.1026287
            b:w 1151.9164923
            e:c 12113.1851344
            e:n 4862.5807620
            e:w 4311.4796928
            c:n 4543.8257006
            c:w 3566.9001911
            n:w 12289.0839160
          b:e:c 1336.3667585
          b:e:n 565.0805716
          b:e:w 585.1149133
          b:c:n 586.7936342
          b:c:w 563.7949262
          b:n:w 1326.1565815
          e:c:n 4708.7915872
          e:c:w 3869.8653133
          e:n:w 6001.6140106
          c:n:w 5200.3193605
        b:e:c:n 1154.7333955
        b:e:c:w 1072.1212616
        b:e:n:w 1624.7991989
        b:c:n:w 1458.8430924
        e:c:n:w 48763.8034007
