########################################
# legofit: estimate population history #
#       version 2.3.4-4-g53f8760       #
########################################

# Program was compiled: Sep 21 2021 14:36:42
# Program was run: Thu Sep 23 14:19:02 2021

# cmd: legofit -1 -d 0 -t 32 --ptsPerDim 3 --stateOut b1boot48.state --tol 3e-6 -S 5000 bcef2.lgo ../../chrX/boot_chrX/boot48.opf
# Stage nOptItr nSimReps
#     0    5000        0
# algorithm          : deterministic
# ignoring probs <=  : 0
# Branch length floor: 0
# DE strategy        : 2
#    F               : 0.3
#    CR              : 0.8
#    tolerance       : 3e-06
# nthreads           : 32
# lgo input file     : bcef2.lgo
# site pat input file: ../../chrX/boot_chrX/boot48.opf
# free parameters    : 16
# points in DE swarm : 48
# output state file  : b1boot48.state
# Including singleton site patterns.
# cost function      : KL
Initial parameter values
Fixed:
      zero = 0
       one = 1
    Tbecnw = 75200
Free:
       pc1 = 0
       pc2 = 0
       pc3 = 0
       pc4 = 0
       pc5 = 0
       pc6 = 0
       pc7 = 0
       pc8 = 0
       pc9 = 0
      pc10 = 0
      pc11 = 0
      pc12 = 0
      pc13 = 0
      pc14 = 0
      pc15 = 0
      pc16 = 0
Constrained:
     Tecnw = 44776.7
       Tnw = 497.665
       Tec = 1985.12
     twoNb = 1.30364e+06
     twoNe = 50748.1
     twoNc = 851175
     twoNn = 242315
     twoNw = 1.07713e+06
    twoNec = 91488.4
    twoNnw = 123190
  twoNecnw = 21356.8
  twoNbecnw = 55052.4
        m2 = 0.0475011
        m3 = 0.178159
        m5 = 0.258717
        m6 = 0.168699
        Tb = 23380.9
        Tc = 248.833
        Te = 124.416
        Tf = 62.2082
DiffEv reached_goal. cost=2.08533e-03 spread=2.34253e-06
Fitted parameter values
Free:
       pc1 = 0.0649273
       pc2 = -3.13069
       pc3 = 1.97276
       pc4 = -1.9099
       pc5 = -1.61383
       pc6 = -1.39234
       pc7 = -1.95954
       pc8 = -1.94952
       pc9 = -0.677881
      pc10 = -0.72518
      pc11 = -0.0554678
      pc12 = -0.243756
      pc13 = 0.124081
      pc14 = -0.602795
      pc15 = -0.15065
      pc16 = -0.359826
Constrained:
     Tecnw = 44543.1
       Tnw = 232.691
       Tec = 554.413
     twoNb = 3.37577e+06
     twoNe = 12589.3
     twoNc = 130788
     twoNn = 215490
     twoNw = 1.20647e+06
    twoNec = 95911.6
    twoNnw = 130993
  twoNecnw = 21408.9
  twoNbecnw = 55211.7
        m2 = 0.0547822
        m3 = 0.172727
        m5 = 0.256259
        m6 = 0.17833
        Tb = 22548.8
        Tc = 116.345
        Te = 58.1727
        Tf = 29.0863
#       SitePat  BranchLen
              b 122315.5547086
              e 46002.2606134
              c 47663.3527754
              n 44044.3090951
              w 46541.3521795
            b:e 1550.8354246
            b:c 1700.7133710
            b:n 1107.2254935
            b:w 1185.0536477
            e:c 11918.2455272
            e:n 5036.5208863
            e:w 4321.5514539
            c:n 4637.0158351
            c:w 3731.4173308
            n:w 12176.7162734
          b:e:c 1350.7958239
          b:e:n 592.9637985
          b:e:w 603.6154493
          b:c:n 605.3941400
          b:c:w 591.3946363
          b:n:w 1340.0612397
          e:c:n 4791.4565706
          e:c:w 3926.9315638
          e:n:w 6027.2981868
          c:n:w 5350.4536518
        b:e:c:n 1188.1672757
        b:e:c:w 1101.7368335
        b:e:n:w 1659.4928887
        b:c:n:w 1514.7969610
        e:c:n:w 48335.9293959
