########################################
# legofit: estimate population history #
#       version 2.3.4-4-g53f8760       #
########################################

# Program was compiled: Sep 21 2021 14:36:42
# Program was run: Thu Sep 23 14:17:38 2021

# cmd: legofit -1 -d 0 -t 32 --ptsPerDim 3 --stateOut b1boot16.state --tol 3e-6 -S 5000 bcef2.lgo ../../chrX/boot_chrX/boot16.opf
# Stage nOptItr nSimReps
#     0    5000        0
# algorithm          : deterministic
# ignoring probs <=  : 0
# Branch length floor: 0
# DE strategy        : 2
#    F               : 0.3
#    CR              : 0.8
#    tolerance       : 3e-06
# nthreads           : 32
# lgo input file     : bcef2.lgo
# site pat input file: ../../chrX/boot_chrX/boot16.opf
# free parameters    : 16
# points in DE swarm : 48
# output state file  : b1boot16.state
# Including singleton site patterns.
# cost function      : KL
Initial parameter values
Fixed:
      zero = 0
       one = 1
    Tbecnw = 75200
Free:
       pc1 = 0
       pc2 = 0
       pc3 = 0
       pc4 = 0
       pc5 = 0
       pc6 = 0
       pc7 = 0
       pc8 = 0
       pc9 = 0
      pc10 = 0
      pc11 = 0
      pc12 = 0
      pc13 = 0
      pc14 = 0
      pc15 = 0
      pc16 = 0
Constrained:
     Tecnw = 44776.7
       Tnw = 497.665
       Tec = 1985.12
     twoNb = 1.30364e+06
     twoNe = 50748.1
     twoNc = 851175
     twoNn = 242315
     twoNw = 1.07713e+06
    twoNec = 91488.4
    twoNnw = 123190
  twoNecnw = 21356.8
  twoNbecnw = 55052.4
        m2 = 0.0475011
        m3 = 0.178159
        m5 = 0.258717
        m6 = 0.168699
        Tb = 23380.9
        Tc = 248.833
        Te = 124.416
        Tf = 62.2082
DiffEv reached_goal. cost=2.02400e-03 spread=2.82069e-06
Fitted parameter values
Free:
       pc1 = -0.464087
       pc2 = -2.616
       pc3 = 1.97961
       pc4 = -1.96842
       pc5 = -1.94749
       pc6 = 1.4421
       pc7 = -1.89586
       pc8 = -1.94999
       pc9 = -0.939901
      pc10 = 0.794249
      pc11 = -0.0028472
      pc12 = 0.0584769
      pc13 = -0.597281
      pc14 = -0.328348
      pc15 = -0.179968
      pc16 = -0.225772
Constrained:
     Tecnw = 45147.6
       Tnw = 246.531
       Tec = 432.136
     twoNb = 3.0904e+06
     twoNe = 9019.21
     twoNc = 3.01268e+06
     twoNn = 48732.4
     twoNw = 1.21773e+06
    twoNec = 95189.5
    twoNnw = 125296
  twoNecnw = 20842.4
  twoNbecnw = 54993
        m2 = 0.0568927
        m3 = 0.178826
        m5 = 0.257527
        m6 = 0.166253
        Tb = 22789.9
        Tc = 123.266
        Te = 61.6328
        Tf = 30.8164
#       SitePat  BranchLen
              b 122165.9785803
              e 45843.8153678
              c 47820.3836444
              n 43823.1138286
              w 46465.8706378
            b:e 1537.3965928
            b:c 1717.2723741
            b:n 1082.9124494
            b:w 1162.4281206
            e:c 12102.9077580
            e:n 5030.1111443
            e:w 4321.6294629
            c:n 4597.0991207
            c:w 3593.3430448
            n:w 12444.5050123
          b:e:c 1356.3480913
          b:e:n 574.8053022
          b:e:w 590.1638666
          b:c:n 592.3010523
          b:c:w 572.9911175
          b:n:w 1343.9862918
          e:c:n 4735.1688503
          e:c:w 3818.5541554
          e:n:w 6088.3811571
          c:n:w 5266.0144096
        b:e:c:n 1165.9512381
        b:e:c:w 1076.4825803
        b:e:n:w 1670.4675801
        b:c:n:w 1497.3657103
        e:c:n:w 48194.6678006
