########################################
# legofit: estimate population history #
#       version 2.3.4-4-g53f8760       #
########################################

# Program was compiled: Sep 21 2021 14:36:42
# Program was run: Thu Sep 23 14:17:39 2021

# cmd: legofit -1 -d 0 -t 32 --ptsPerDim 3 --stateOut b1boot19.state --tol 3e-6 -S 5000 bcef2.lgo ../../chrX/boot_chrX/boot19.opf
# Stage nOptItr nSimReps
#     0    5000        0
# algorithm          : deterministic
# ignoring probs <=  : 0
# Branch length floor: 0
# DE strategy        : 2
#    F               : 0.3
#    CR              : 0.8
#    tolerance       : 3e-06
# nthreads           : 32
# lgo input file     : bcef2.lgo
# site pat input file: ../../chrX/boot_chrX/boot19.opf
# free parameters    : 16
# points in DE swarm : 48
# output state file  : b1boot19.state
# Including singleton site patterns.
# cost function      : KL
Initial parameter values
Fixed:
      zero = 0
       one = 1
    Tbecnw = 75200
Free:
       pc1 = 0
       pc2 = 0
       pc3 = 0
       pc4 = 0
       pc5 = 0
       pc6 = 0
       pc7 = 0
       pc8 = 0
       pc9 = 0
      pc10 = 0
      pc11 = 0
      pc12 = 0
      pc13 = 0
      pc14 = 0
      pc15 = 0
      pc16 = 0
Constrained:
     Tecnw = 44776.7
       Tnw = 497.665
       Tec = 1985.12
     twoNb = 1.30364e+06
     twoNe = 50748.1
     twoNc = 851175
     twoNn = 242315
     twoNw = 1.07713e+06
    twoNec = 91488.4
    twoNnw = 123190
  twoNecnw = 21356.8
  twoNbecnw = 55052.4
        m2 = 0.0475011
        m3 = 0.178159
        m5 = 0.258717
        m6 = 0.168699
        Tb = 23380.9
        Tc = 248.833
        Te = 124.416
        Tf = 62.2082
DiffEv reached_goal. cost=2.02813e-03 spread=2.98672e-06
Fitted parameter values
Free:
       pc1 = 1.46203
       pc2 = -1.35927
       pc3 = 1.9852
       pc4 = -1.86874
       pc5 = -1.77362
       pc6 = 2.27218
       pc7 = -1.98162
       pc8 = -1.83429
       pc9 = -1.11518
      pc10 = 0.332473
      pc11 = 1.39924
      pc12 = 0.560005
      pc13 = -0.648149
      pc14 = -0.209015
      pc15 = -0.0977956
      pc16 = -0.169929
Constrained:
     Tecnw = 44915.2
       Tnw = 184.829
       Tec = 598.967
     twoNb = 2.99594e+06
     twoNe = 10773.9
     twoNc = 3.50732e+06
     twoNn = 38699.5
     twoNw = 986349
    twoNec = 95899.5
    twoNnw = 120373
  twoNecnw = 21040.4
  twoNbecnw = 54439.9
        m2 = 0.0509173
        m3 = 0.182217
        m5 = 0.237777
        m6 = 0.157147
        Tb = 22757.1
        Tc = 92.4145
        Te = 46.2072
        Tf = 23.1036
#       SitePat  BranchLen
              b 121800.8558643
              e 45506.7908292
              c 47386.2775820
              n 43355.4683789
              w 46201.5093474
            b:e 1487.9436777
            b:c 1645.8874071
            b:n 1056.0343931
            b:w 1154.2550681
            e:c 12279.7040152
            e:n 5013.5410085
            e:w 4171.6476652
            c:n 4513.4302915
            c:w 3532.8289514
            n:w 12707.0245765
          b:e:c 1356.4910865
          b:e:n 562.0640710
          b:e:w 571.1678232
          b:c:n 573.1029173
          b:c:w 560.2670368
          b:n:w 1344.9551027
          e:c:n 4782.5908915
          e:c:w 3772.0429905
          e:n:w 5941.9458221
          c:n:w 5195.6367699
        b:e:c:n 1157.5456796
        b:e:c:w 1050.0587489
        b:e:n:w 1602.5244656
        b:c:n:w 1450.1944065
        e:c:n:w 48117.2889737
