########################################
# legofit: estimate population history #
#       version 2.3.4-4-g53f8760       #
########################################

# Program was compiled: Sep 21 2021 14:36:42
# Program was run: Thu Sep 23 14:17:40 2021

# cmd: legofit -1 -d 0 -t 32 --ptsPerDim 3 --stateOut b1boot21.state --tol 3e-6 -S 5000 bcef2.lgo ../../chrX/boot_chrX/boot21.opf
# Stage nOptItr nSimReps
#     0    5000        0
# algorithm          : deterministic
# ignoring probs <=  : 0
# Branch length floor: 0
# DE strategy        : 2
#    F               : 0.3
#    CR              : 0.8
#    tolerance       : 3e-06
# nthreads           : 32
# lgo input file     : bcef2.lgo
# site pat input file: ../../chrX/boot_chrX/boot21.opf
# free parameters    : 16
# points in DE swarm : 48
# output state file  : b1boot21.state
# Including singleton site patterns.
# cost function      : KL
Initial parameter values
Fixed:
      zero = 0
       one = 1
    Tbecnw = 75200
Free:
       pc1 = 0
       pc2 = 0
       pc3 = 0
       pc4 = 0
       pc5 = 0
       pc6 = 0
       pc7 = 0
       pc8 = 0
       pc9 = 0
      pc10 = 0
      pc11 = 0
      pc12 = 0
      pc13 = 0
      pc14 = 0
      pc15 = 0
      pc16 = 0
Constrained:
     Tecnw = 44776.7
       Tnw = 497.665
       Tec = 1985.12
     twoNb = 1.30364e+06
     twoNe = 50748.1
     twoNc = 851175
     twoNn = 242315
     twoNw = 1.07713e+06
    twoNec = 91488.4
    twoNnw = 123190
  twoNecnw = 21356.8
  twoNbecnw = 55052.4
        m2 = 0.0475011
        m3 = 0.178159
        m5 = 0.258717
        m6 = 0.168699
        Tb = 23380.9
        Tc = 248.833
        Te = 124.416
        Tf = 62.2082
DiffEv reached_goal. cost=2.11189e-03 spread=2.52458e-06
Fitted parameter values
Free:
       pc1 = 1.61946
       pc2 = -1.42656
       pc3 = 1.98879
       pc4 = -1.92823
       pc5 = -0.918284
       pc6 = 1.96342
       pc7 = -1.71862
       pc8 = -1.99749
       pc9 = -0.921773
      pc10 = 0.214716
      pc11 = 0.87621
      pc12 = 0.0243994
      pc13 = -0.296383
      pc14 = -0.734571
      pc15 = 0.224268
      pc16 = -0.0679351
Constrained:
     Tecnw = 44688.4
       Tnw = 73.8625
       Tec = 464.677
     twoNb = 2.91193e+06
     twoNe = 15941.7
     twoNc = 3.19141e+06
     twoNn = 210187
     twoNw = 905252
    twoNec = 97648.8
    twoNnw = 120582
  twoNecnw = 21163.5
  twoNbecnw = 54405.3
        m2 = 0.0507402
        m3 = 0.189592
        m5 = 0.242881
        m6 = 0.162677
        Tb = 22576.5
        Tc = 36.9313
        Te = 18.4656
        Tf = 9.23281
#       SitePat  BranchLen
              b 121778.4202228
              e 45577.0724531
              c 47308.1253704
              n 43310.0235273
              w 46051.8535785
            b:e 1492.6544914
            b:c 1643.3849352
            b:n 1060.1623400
            b:w 1148.9509528
            e:c 12030.7160488
            e:n 4985.7817149
            e:w 4250.8468299
            c:n 4622.3662481
            c:w 3595.7447105
            n:w 12527.3843525
          b:e:c 1332.5586609
          b:e:n 564.6359888
          b:e:w 579.1543898
          b:c:n 581.2223696
          b:c:w 562.8439788
          b:n:w 1320.9972350
          e:c:n 4765.9987761
          e:c:w 3799.6453052
          e:n:w 5958.5993311
          c:n:w 5240.1752861
        b:e:c:n 1152.3088424
        b:e:c:w 1053.4600618
        b:e:n:w 1598.8945820
        b:c:n:w 1453.7768823
        e:c:n:w 48181.0984573
