########################################
# legofit: estimate population history #
#       version 2.3.4-4-g53f8760       #
########################################

# Program was compiled: Sep 21 2021 14:36:42
# Program was run: Thu Sep 23 14:18:41 2021

# cmd: legofit -1 -d 0 -t 32 --ptsPerDim 3 --stateOut b1boot42.state --tol 3e-6 -S 5000 bcef2.lgo ../../chrX/boot_chrX/boot42.opf
# Stage nOptItr nSimReps
#     0    5000        0
# algorithm          : deterministic
# ignoring probs <=  : 0
# Branch length floor: 0
# DE strategy        : 2
#    F               : 0.3
#    CR              : 0.8
#    tolerance       : 3e-06
# nthreads           : 32
# lgo input file     : bcef2.lgo
# site pat input file: ../../chrX/boot_chrX/boot42.opf
# free parameters    : 16
# points in DE swarm : 48
# output state file  : b1boot42.state
# Including singleton site patterns.
# cost function      : KL
Initial parameter values
Fixed:
      zero = 0
       one = 1
    Tbecnw = 75200
Free:
       pc1 = 0
       pc2 = 0
       pc3 = 0
       pc4 = 0
       pc5 = 0
       pc6 = 0
       pc7 = 0
       pc8 = 0
       pc9 = 0
      pc10 = 0
      pc11 = 0
      pc12 = 0
      pc13 = 0
      pc14 = 0
      pc15 = 0
      pc16 = 0
Constrained:
     Tecnw = 44776.7
       Tnw = 497.665
       Tec = 1985.12
     twoNb = 1.30364e+06
     twoNe = 50748.1
     twoNc = 851175
     twoNn = 242315
     twoNw = 1.07713e+06
    twoNec = 91488.4
    twoNnw = 123190
  twoNecnw = 21356.8
  twoNbecnw = 55052.4
        m2 = 0.0475011
        m3 = 0.178159
        m5 = 0.258717
        m6 = 0.168699
        Tb = 23380.9
        Tc = 248.833
        Te = 124.416
        Tf = 62.2082
DiffEv reached_goal. cost=2.06072e-03 spread=2.93391e-06
Fitted parameter values
Free:
       pc1 = 1.51162
       pc2 = -2.39147
       pc3 = 1.97862
       pc4 = -1.67772
       pc5 = -1.47502
       pc6 = 0.066742
       pc7 = -1.79551
       pc8 = -1.76785
       pc9 = -0.109308
      pc10 = 0.552083
      pc11 = 0.251123
      pc12 = 0.627253
      pc13 = 0.133614
      pc14 = -0.542051
      pc15 = 0.0486656
      pc16 = -0.57618
Constrained:
     Tecnw = 44380.7
       Tnw = 211.005
       Tec = 641.531
     twoNb = 3.15533e+06
     twoNe = 13270
     twoNc = 1.48013e+06
     twoNn = 106719
     twoNw = 1.08259e+06
    twoNec = 99046.1
    twoNnw = 128156
  twoNecnw = 21297.1
  twoNbecnw = 54789.7
        m2 = 0.0497032
        m3 = 0.181541
        m5 = 0.254908
        m6 = 0.160267
        Tb = 22511.1
        Tc = 105.502
        Te = 52.7511
        Tf = 26.3756
#       SitePat  BranchLen
              b 122136.4832774
              e 45622.8600324
              c 47625.1748364
              n 43721.1563405
              w 46352.6982455
            b:e 1479.8866168
            b:c 1653.4478575
            b:n 1075.0275366
            b:w 1160.3550266
            e:c 11754.7411736
            e:n 5050.2831624
            e:w 4320.3923532
            c:n 4574.1121432
            c:w 3596.3205946
            n:w 12130.3215906
          b:e:c 1313.2570779
          b:e:n 576.3248521
          b:e:w 590.1333515
          b:c:n 591.9388586
          b:c:w 574.7599904
          b:n:w 1303.0129548
          e:c:n 4780.3310974
          e:c:w 3868.6056777
          e:n:w 5987.0744428
          c:n:w 5178.6766760
        b:e:c:n 1163.3717235
        b:e:c:w 1069.2804747
        b:e:n:w 1612.3868031
        b:c:n:w 1444.9106574
        e:c:n:w 48555.6482197
