########################################
# legofit: estimate population history #
#       version 2.3.4-4-g53f8760       #
########################################

# Program was compiled: Sep 21 2021 14:36:42
# Program was run: Thu Sep 23 14:19:02 2021

# cmd: legofit -1 -d 0 -t 32 --ptsPerDim 3 --stateOut b1boot49.state --tol 3e-6 -S 5000 bcef2.lgo ../../chrX/boot_chrX/boot49.opf
# Stage nOptItr nSimReps
#     0    5000        0
# algorithm          : deterministic
# ignoring probs <=  : 0
# Branch length floor: 0
# DE strategy        : 2
#    F               : 0.3
#    CR              : 0.8
#    tolerance       : 3e-06
# nthreads           : 32
# lgo input file     : bcef2.lgo
# site pat input file: ../../chrX/boot_chrX/boot49.opf
# free parameters    : 16
# points in DE swarm : 48
# output state file  : b1boot49.state
# Including singleton site patterns.
# cost function      : KL
Initial parameter values
Fixed:
      zero = 0
       one = 1
    Tbecnw = 75200
Free:
       pc1 = 0
       pc2 = 0
       pc3 = 0
       pc4 = 0
       pc5 = 0
       pc6 = 0
       pc7 = 0
       pc8 = 0
       pc9 = 0
      pc10 = 0
      pc11 = 0
      pc12 = 0
      pc13 = 0
      pc14 = 0
      pc15 = 0
      pc16 = 0
Constrained:
     Tecnw = 44776.7
       Tnw = 497.665
       Tec = 1985.12
     twoNb = 1.30364e+06
     twoNe = 50748.1
     twoNc = 851175
     twoNn = 242315
     twoNw = 1.07713e+06
    twoNec = 91488.4
    twoNnw = 123190
  twoNecnw = 21356.8
  twoNbecnw = 55052.4
        m2 = 0.0475011
        m3 = 0.178159
        m5 = 0.258717
        m6 = 0.168699
        Tb = 23380.9
        Tc = 248.833
        Te = 124.416
        Tf = 62.2082
DiffEv reached_goal. cost=2.03880e-03 spread=2.99817e-06
Fitted parameter values
Free:
       pc1 = 0.746572
       pc2 = -3.30801
       pc3 = 1.98842
       pc4 = -1.94776
       pc5 = -1.42968
       pc6 = -0.517484
       pc7 = -1.89533
       pc8 = -1.89046
       pc9 = 1.00779
      pc10 = -0.0799598
      pc11 = -0.719879
      pc12 = 0.270061
      pc13 = -0.198137
      pc14 = -0.564829
      pc15 = 0.122581
      pc16 = -0.299634
Constrained:
     Tecnw = 44353.1
       Tnw = 1.28702
       Tec = 506.037
     twoNb = 3.27993e+06
     twoNe = 13096.3
     twoNc = 1.33282e+06
     twoNn = 202736
     twoNw = 1.35363e+06
    twoNec = 98210
    twoNnw = 132844
  twoNecnw = 21673.6
  twoNbecnw = 55918.7
        m2 = 0.0524192
        m3 = 0.182239
        m5 = 0.263533
        m6 = 0.165636
        Tb = 22429.6
        Tc = 0.643509
        Te = 0.321755
        Tf = 0.160877
#       SitePat  BranchLen
              b 122885.7313160
              e 45859.5316656
              c 47893.2818698
              n 44078.3747895
              w 46715.6770469
            b:e 1547.0799904
            b:c 1731.9071407
            b:n 1133.7071409
            b:w 1220.3039262
            e:c 11815.3770413
            e:n 5164.9554648
            e:w 4451.3677157
            c:n 4702.2680893
            c:w 3704.0880592
            n:w 12082.9810749
          b:e:c 1360.6560855
          b:e:n 609.1510198
          b:e:w 625.0487866
          b:c:n 626.9423028
          b:c:w 607.5520316
          b:n:w 1350.1311536
          e:c:n 4902.0600724
          e:c:w 3989.0847922
          e:n:w 6120.4623663
          c:n:w 5289.9324952
        b:e:c:n 1223.4935456
        b:e:c:w 1127.8300667
        b:e:n:w 1690.0140771
        b:c:n:w 1511.6390978
        e:c:n:w 48765.0749913
