########################################
# legofit: estimate population history #
#       version 2.3.4-4-g53f8760       #
########################################

# Program was compiled: Sep 21 2021 14:36:42
# Program was run: Thu Sep 23 14:17:08 2021

# cmd: legofit -1 -d 0 -t 32 --ptsPerDim 3 --stateOut b1boot9.state --tol 3e-6 -S 5000 bcef2.lgo ../../chrX/boot_chrX/boot9.opf
# Stage nOptItr nSimReps
#     0    5000        0
# algorithm          : deterministic
# ignoring probs <=  : 0
# Branch length floor: 0
# DE strategy        : 2
#    F               : 0.3
#    CR              : 0.8
#    tolerance       : 3e-06
# nthreads           : 32
# lgo input file     : bcef2.lgo
# site pat input file: ../../chrX/boot_chrX/boot9.opf
# free parameters    : 16
# points in DE swarm : 48
# output state file  : b1boot9.state
# Including singleton site patterns.
# cost function      : KL
Initial parameter values
Fixed:
      zero = 0
       one = 1
    Tbecnw = 75200
Free:
       pc1 = 0
       pc2 = 0
       pc3 = 0
       pc4 = 0
       pc5 = 0
       pc6 = 0
       pc7 = 0
       pc8 = 0
       pc9 = 0
      pc10 = 0
      pc11 = 0
      pc12 = 0
      pc13 = 0
      pc14 = 0
      pc15 = 0
      pc16 = 0
Constrained:
     Tecnw = 44776.7
       Tnw = 497.665
       Tec = 1985.12
     twoNb = 1.30364e+06
     twoNe = 50748.1
     twoNc = 851175
     twoNn = 242315
     twoNw = 1.07713e+06
    twoNec = 91488.4
    twoNnw = 123190
  twoNecnw = 21356.8
  twoNbecnw = 55052.4
        m2 = 0.0475011
        m3 = 0.178159
        m5 = 0.258717
        m6 = 0.168699
        Tb = 23380.9
        Tc = 248.833
        Te = 124.416
        Tf = 62.2082
DiffEv reached_goal. cost=2.13604e-03 spread=2.97704e-06
Fitted parameter values
Free:
       pc1 = 2.28078
       pc2 = -2.51881
       pc3 = 1.59255
       pc4 = -1.95442
       pc5 = -1.31717
       pc6 = -0.883034
       pc7 = -1.99751
       pc8 = -1.89536
       pc9 = -0.810825
      pc10 = 0.0479821
      pc11 = 1.37443
      pc12 = 0.965743
      pc13 = 0.0147528
      pc14 = -0.506359
      pc15 = -0.0564121
      pc16 = -0.409825
Constrained:
     Tecnw = 44445.6
       Tnw = 143.005
       Tec = 290.707
     twoNb = 3.41403e+06
     twoNe = 5303.88
     twoNc = 555582
     twoNn = 174466
     twoNw = 809491
    twoNec = 98215.2
    twoNnw = 127269
  twoNecnw = 21461.5
  twoNbecnw = 54512.1
        m2 = 0.0461394
        m3 = 0.171775
        m5 = 0.246457
        m6 = 0.16175
        Tb = 22368.2
        Tc = 71.5024
        Te = 35.7512
        Tf = 17.8756
#       SitePat  BranchLen
              b 121908.4085264
              e 45508.1954681
              c 47339.0841636
              n 43692.1665618
              w 46303.3460294
            b:e 1458.3954988
            b:c 1611.8870056
            b:n 1071.7944421
            b:w 1166.5103420
            e:c 12089.1111556
            e:n 4981.2024406
            e:w 4234.2697417
            c:n 4517.8117979
            c:w 3590.8653002
            n:w 12369.0917400
          b:e:c 1336.2950044
          b:e:n 571.9400795
          b:e:w 582.8135817
          b:c:n 584.2724914
          b:c:w 570.6414914
          b:n:w 1327.3003087
          e:c:n 4796.6502868
          e:c:w 3869.2075581
          e:n:w 5884.0539753
          c:n:w 5155.0993608
        b:e:c:n 1169.0943681
        b:e:c:w 1067.2784239
        b:e:n:w 1576.8205547
        b:c:n:w 1428.0297295
        e:c:n:w 48306.1537111
