########################################
# legofit: estimate population history #
#       version 2.3.4-4-g53f8760       #
########################################

# Program was compiled: Sep 21 2021 14:36:42
# Program was run: Thu Sep 23 14:16:51 2021

# cmd: legofit -1 -d 0 -t 32 --ptsPerDim 3 --stateOut b1boot4.state --tol 3e-6 -S 5000 bcef2.lgo ../../chrX/boot_chrX/boot4.opf
# Stage nOptItr nSimReps
#     0    5000        0
# algorithm          : deterministic
# ignoring probs <=  : 0
# Branch length floor: 0
# DE strategy        : 2
#    F               : 0.3
#    CR              : 0.8
#    tolerance       : 3e-06
# nthreads           : 32
# lgo input file     : bcef2.lgo
# site pat input file: ../../chrX/boot_chrX/boot4.opf
# free parameters    : 16
# points in DE swarm : 48
# output state file  : b1boot4.state
# Including singleton site patterns.
# cost function      : KL
Initial parameter values
Fixed:
      zero = 0
       one = 1
    Tbecnw = 75200
Free:
       pc1 = 0
       pc2 = 0
       pc3 = 0
       pc4 = 0
       pc5 = 0
       pc6 = 0
       pc7 = 0
       pc8 = 0
       pc9 = 0
      pc10 = 0
      pc11 = 0
      pc12 = 0
      pc13 = 0
      pc14 = 0
      pc15 = 0
      pc16 = 0
Constrained:
     Tecnw = 44776.7
       Tnw = 497.665
       Tec = 1985.12
     twoNb = 1.30364e+06
     twoNe = 50748.1
     twoNc = 851175
     twoNn = 242315
     twoNw = 1.07713e+06
    twoNec = 91488.4
    twoNnw = 123190
  twoNecnw = 21356.8
  twoNbecnw = 55052.4
        m2 = 0.0475011
        m3 = 0.178159
        m5 = 0.258717
        m6 = 0.168699
        Tb = 23380.9
        Tc = 248.833
        Te = 124.416
        Tf = 62.2082
DiffEv reached_goal. cost=2.07929e-03 spread=2.83134e-06
Fitted parameter values
Free:
       pc1 = 1.40403
       pc2 = -2.1294
       pc3 = 1.89775
       pc4 = -1.95664
       pc5 = -1.04029
       pc6 = 0.0013408
       pc7 = -1.83267
       pc8 = -1.89957
       pc9 = 0.159322
      pc10 = 0.105011
      pc11 = 0.423924
      pc12 = 0.728919
      pc13 = -0.269147
      pc14 = 0.000826423
      pc15 = 0.209545
      pc16 = -0.0988893
Constrained:
     Tecnw = 44374.3
       Tnw = 5.27238
       Tec = 782.517
     twoNb = 3.14026e+06
     twoNe = 14453.3
     twoNc = 1.54033e+06
     twoNn = 227066
     twoNw = 1.01837e+06
    twoNec = 95861.2
    twoNnw = 126854
  twoNecnw = 21417.7
  twoNbecnw = 55419.5
        m2 = 0.0495675
        m3 = 0.180243
        m5 = 0.252176
        m6 = 0.158501
        Tb = 22578.4
        Tc = 2.63619
        Te = 1.3181
        Tf = 0.659048
#       SitePat  BranchLen
              b 122649.1098575
              e 45383.6870510
              c 47477.5025595
              n 43528.6064929
              w 46305.9435423
            b:e 1492.4652957
            b:c 1671.2879515
            b:n 1087.9240995
            b:w 1185.7447847
            e:c 12020.7395682
            e:n 5125.3281077
            e:w 4312.5254781
            c:n 4567.7579454
            c:w 3597.8463981
            n:w 12354.0362321
          b:e:c 1351.0100771
          b:e:n 583.1165539
          b:e:w 593.8984501
          b:c:n 595.7167219
          b:c:w 581.4623575
          b:n:w 1340.4354233
          e:c:n 4871.5050063
          e:c:w 3889.0269651
          e:n:w 6021.7004563
          c:n:w 5193.8223305
        b:e:c:n 1188.8470991
        b:e:c:w 1082.3540507
        b:e:n:w 1630.0825621
        b:c:n:w 1457.4076905
        e:c:n:w 48944.5762536
