########################################
# legofit: estimate population history #
#       version 2.3.4-4-g53f8760       #
########################################

# Program was compiled: Sep 21 2021 14:36:42
# Program was run: Thu Sep 23 14:17:54 2021

# cmd: legofit -1 -d 0 -t 32 --ptsPerDim 3 --stateOut b1boot23.state --tol 3e-6 -S 5000 bcef2.lgo ../../chrX/boot_chrX/boot23.opf
# Stage nOptItr nSimReps
#     0    5000        0
# algorithm          : deterministic
# ignoring probs <=  : 0
# Branch length floor: 0
# DE strategy        : 2
#    F               : 0.3
#    CR              : 0.8
#    tolerance       : 3e-06
# nthreads           : 32
# lgo input file     : bcef2.lgo
# site pat input file: ../../chrX/boot_chrX/boot23.opf
# free parameters    : 16
# points in DE swarm : 48
# output state file  : b1boot23.state
# Including singleton site patterns.
# cost function      : KL
Initial parameter values
Fixed:
      zero = 0
       one = 1
    Tbecnw = 75200
Free:
       pc1 = 0
       pc2 = 0
       pc3 = 0
       pc4 = 0
       pc5 = 0
       pc6 = 0
       pc7 = 0
       pc8 = 0
       pc9 = 0
      pc10 = 0
      pc11 = 0
      pc12 = 0
      pc13 = 0
      pc14 = 0
      pc15 = 0
      pc16 = 0
Constrained:
     Tecnw = 44776.7
       Tnw = 497.665
       Tec = 1985.12
     twoNb = 1.30364e+06
     twoNe = 50748.1
     twoNc = 851175
     twoNn = 242315
     twoNw = 1.07713e+06
    twoNec = 91488.4
    twoNnw = 123190
  twoNecnw = 21356.8
  twoNbecnw = 55052.4
        m2 = 0.0475011
        m3 = 0.178159
        m5 = 0.258717
        m6 = 0.168699
        Tb = 23380.9
        Tc = 248.833
        Te = 124.416
        Tf = 62.2082
DiffEv reached_goal. cost=2.08006e-03 spread=2.55057e-06
Fitted parameter values
Free:
       pc1 = 2.22663
       pc2 = -2.5497
       pc3 = 1.96598
       pc4 = -1.82475
       pc5 = -1.45666
       pc6 = -1.03248
       pc7 = -1.9514
       pc8 = -1.95682
       pc9 = -0.157216
      pc10 = 0.283215
      pc11 = 0.373467
      pc12 = 0.326619
      pc13 = -0.527051
      pc14 = -0.592155
      pc15 = 0.106716
      pc16 = -0.207532
Constrained:
     Tecnw = 44316.2
       Tnw = 127.406
       Tec = 198.281
     twoNb = 3.34852e+06
     twoNe = 4837.19
     twoNc = 506879
     twoNn = 196946
     twoNw = 1.00081e+06
    twoNec = 98329.3
    twoNnw = 127324
  twoNecnw = 21828.6
  twoNbecnw = 54688.6
        m2 = 0.0497182
        m3 = 0.17814
        m5 = 0.253881
        m6 = 0.159027
        Tb = 22257.3
        Tc = 63.7031
        Te = 31.8516
        Tf = 15.9258
#       SitePat  BranchLen
              b 121853.7955939
              e 45632.7548084
              c 47581.4421838
              n 43812.5544719
              w 46417.6381769
            b:e 1503.9697259
            b:c 1677.5013701
            b:n 1103.1386404
            b:w 1193.6844948
            e:c 12081.7586169
            e:n 5025.4266395
            e:w 4361.4076170
            c:n 4626.3707304
            c:w 3617.6011358
            n:w 12373.7995398
          b:e:c 1360.6100747
          b:e:n 586.7865356
          b:e:w 604.5035749
          b:c:n 606.2138640
          b:c:w 585.3873412
          b:n:w 1350.7068536
          e:c:n 4848.6374420
          e:c:w 3927.6277491
          e:n:w 6038.6402794
          c:n:w 5226.8061866
        b:e:c:n 1196.5969895
        b:e:c:w 1097.8752233
        b:e:n:w 1638.7507348
        b:c:n:w 1470.9171036
        e:c:n:w 47925.0921092
