########################################
# legofit: estimate population history #
#       version 2.3.4-4-g53f8760       #
########################################

# Program was compiled: Sep 21 2021 14:36:42
# Program was run: Thu Sep 23 14:18:40 2021

# cmd: legofit -1 -d 0 -t 32 --ptsPerDim 3 --stateOut b1boot43.state --tol 3e-6 -S 5000 bcef2.lgo ../../chrX/boot_chrX/boot43.opf
# Stage nOptItr nSimReps
#     0    5000        0
# algorithm          : deterministic
# ignoring probs <=  : 0
# Branch length floor: 0
# DE strategy        : 2
#    F               : 0.3
#    CR              : 0.8
#    tolerance       : 3e-06
# nthreads           : 32
# lgo input file     : bcef2.lgo
# site pat input file: ../../chrX/boot_chrX/boot43.opf
# free parameters    : 16
# points in DE swarm : 48
# output state file  : b1boot43.state
# Including singleton site patterns.
# cost function      : KL
Initial parameter values
Fixed:
      zero = 0
       one = 1
    Tbecnw = 75200
Free:
       pc1 = 0
       pc2 = 0
       pc3 = 0
       pc4 = 0
       pc5 = 0
       pc6 = 0
       pc7 = 0
       pc8 = 0
       pc9 = 0
      pc10 = 0
      pc11 = 0
      pc12 = 0
      pc13 = 0
      pc14 = 0
      pc15 = 0
      pc16 = 0
Constrained:
     Tecnw = 44776.7
       Tnw = 497.665
       Tec = 1985.12
     twoNb = 1.30364e+06
     twoNe = 50748.1
     twoNc = 851175
     twoNn = 242315
     twoNw = 1.07713e+06
    twoNec = 91488.4
    twoNnw = 123190
  twoNecnw = 21356.8
  twoNbecnw = 55052.4
        m2 = 0.0475011
        m3 = 0.178159
        m5 = 0.258717
        m6 = 0.168699
        Tb = 23380.9
        Tc = 248.833
        Te = 124.416
        Tf = 62.2082
DiffEv reached_goal. cost=2.18865e-03 spread=2.92597e-06
Fitted parameter values
Free:
       pc1 = 0.552697
       pc2 = -2.21242
       pc3 = 1.99574
       pc4 = -1.70245
       pc5 = -1.90401
       pc6 = -0.543412
       pc7 = -1.82144
       pc8 = -1.97896
       pc9 = -0.738305
      pc10 = 1.22459
      pc11 = 0.70722
      pc12 = -0.0873775
      pc13 = -0.656116
      pc14 = -0.684223
      pc15 = 0.560972
      pc16 = -0.274736
Constrained:
     Tecnw = 44847.1
       Tnw = 12.5071
       Tec = 489.485
     twoNb = 3.3319e+06
     twoNe = 18862
     twoNc = 890459
     twoNn = 62169.3
     twoNw = 1.09886e+06
    twoNec = 96245.4
    twoNnw = 121513
  twoNecnw = 21322.6
  twoNbecnw = 54410.8
        m2 = 0.0531407
        m3 = 0.175778
        m5 = 0.261195
        m6 = 0.162692
        Tb = 22668.3
        Tc = 6.25353
        Te = 3.12676
        Tf = 1.56338
#       SitePat  BranchLen
              b 121650.8065999
              e 45670.4238836
              c 47774.3348374
              n 43468.3326424
              w 45973.4502248
            b:e 1509.3656869
            b:c 1697.7693591
            b:n 1074.3552837
            b:w 1154.9428029
            e:c 12069.8395019
            e:n 5000.3889600
            e:w 4393.7215941
            c:n 4590.3562063
            c:w 3587.0684950
            n:w 12676.9796809
          b:e:c 1357.4710849
          b:e:n 570.7359980
          b:e:w 590.4858260
          b:c:n 592.3094193
          b:c:w 569.2762069
          b:n:w 1346.9002317
          e:c:n 4702.8593483
          e:c:w 3819.4951616
          e:n:w 6149.4391413
          c:n:w 5255.6024144
        b:e:c:n 1157.9525561
        b:e:c:w 1068.8501029
        b:e:n:w 1656.9728115
        b:c:n:w 1474.8169631
        e:c:n:w 47755.0092758
