########################################
# legofit: estimate population history #
#       version 2.3.4-4-g53f8760       #
########################################

# Program was compiled: Sep 21 2021 14:36:42
# Program was run: Thu Sep 23 14:17:21 2021

# cmd: legofit -1 -d 0 -t 32 --ptsPerDim 3 --stateOut b1boot11.state --tol 3e-6 -S 5000 bcef2.lgo ../../chrX/boot_chrX/boot11.opf
# Stage nOptItr nSimReps
#     0    5000        0
# algorithm          : deterministic
# ignoring probs <=  : 0
# Branch length floor: 0
# DE strategy        : 2
#    F               : 0.3
#    CR              : 0.8
#    tolerance       : 3e-06
# nthreads           : 32
# lgo input file     : bcef2.lgo
# site pat input file: ../../chrX/boot_chrX/boot11.opf
# free parameters    : 16
# points in DE swarm : 48
# output state file  : b1boot11.state
# Including singleton site patterns.
# cost function      : KL
Initial parameter values
Fixed:
      zero = 0
       one = 1
    Tbecnw = 75200
Free:
       pc1 = 0
       pc2 = 0
       pc3 = 0
       pc4 = 0
       pc5 = 0
       pc6 = 0
       pc7 = 0
       pc8 = 0
       pc9 = 0
      pc10 = 0
      pc11 = 0
      pc12 = 0
      pc13 = 0
      pc14 = 0
      pc15 = 0
      pc16 = 0
Constrained:
     Tecnw = 44776.7
       Tnw = 497.665
       Tec = 1985.12
     twoNb = 1.30364e+06
     twoNe = 50748.1
     twoNc = 851175
     twoNn = 242315
     twoNw = 1.07713e+06
    twoNec = 91488.4
    twoNnw = 123190
  twoNecnw = 21356.8
  twoNbecnw = 55052.4
        m2 = 0.0475011
        m3 = 0.178159
        m5 = 0.258717
        m6 = 0.168699
        Tb = 23380.9
        Tc = 248.833
        Te = 124.416
        Tf = 62.2082
DiffEv reached_goal. cost=2.11209e-03 spread=2.93702e-06
Fitted parameter values
Free:
       pc1 = 0.794309
       pc2 = -1.64071
       pc3 = 1.95172
       pc4 = -1.96126
       pc5 = -1.74084
       pc6 = -0.141097
       pc7 = -1.86494
       pc8 = -1.89663
       pc9 = -0.069086
      pc10 = -0.0922836
      pc11 = 1.20398
      pc12 = 0.379638
      pc13 = -0.144718
      pc14 = -0.013244
      pc15 = 0.42667
      pc16 = 0.258559
Constrained:
     Tecnw = 44479.9
       Tnw = 3.01278
       Tec = 746.046
     twoNb = 3.25182e+06
     twoNe = 26059.8
     twoNc = 1.19684e+06
     twoNn = 126210
     twoNw = 1.18424e+06
    twoNec = 92839.3
    twoNnw = 122337
  twoNecnw = 21317.9
  twoNbecnw = 55389.8
        m2 = 0.0499928
        m3 = 0.177381
        m5 = 0.248123
        m6 = 0.163142
        Tb = 22613
        Tc = 1.50639
        Te = 0.753195
        Tf = 0.376598
#       SitePat  BranchLen
              b 122663.5418297
              e 45298.8760990
              c 47117.2874893
              n 43311.6500384
              w 45973.2440480
            b:e 1494.8455723
            b:c 1655.0584310
            b:n 1077.6624439
            b:w 1172.1825966
            e:c 12294.9486187
            e:n 4960.3569207
            e:w 4267.8151355
            c:n 4577.4929150
            c:w 3586.2228570
            n:w 12632.4218665
          b:e:c 1368.1979359
          b:e:n 569.0883521
          b:e:w 584.4804036
          b:c:n 586.2535742
          b:c:w 567.5831772
          b:n:w 1357.6479611
          e:c:n 4827.0116400
          e:c:w 3860.8591898
          e:n:w 5998.1269703
          c:n:w 5238.6002274
        b:e:c:n 1175.1581704
        b:e:c:w 1072.2866471
        b:e:n:w 1615.4897930
        b:c:n:w 1460.5805754
        e:c:n:w 49032.5160151
