########################################
# legofit: estimate population history #
#       version 2.3.4-4-g53f8760       #
########################################

# Program was compiled: Sep 21 2021 14:36:42
# Program was run: Thu Sep 23 14:18:07 2021

# cmd: legofit -1 -d 0 -t 32 --ptsPerDim 3 --stateOut b1boot28.state --tol 3e-6 -S 5000 bcef2.lgo ../../chrX/boot_chrX/boot28.opf
# Stage nOptItr nSimReps
#     0    5000        0
# algorithm          : deterministic
# ignoring probs <=  : 0
# Branch length floor: 0
# DE strategy        : 2
#    F               : 0.3
#    CR              : 0.8
#    tolerance       : 3e-06
# nthreads           : 32
# lgo input file     : bcef2.lgo
# site pat input file: ../../chrX/boot_chrX/boot28.opf
# free parameters    : 16
# points in DE swarm : 48
# output state file  : b1boot28.state
# Including singleton site patterns.
# cost function      : KL
Initial parameter values
Fixed:
      zero = 0
       one = 1
    Tbecnw = 75200
Free:
       pc1 = 0
       pc2 = 0
       pc3 = 0
       pc4 = 0
       pc5 = 0
       pc6 = 0
       pc7 = 0
       pc8 = 0
       pc9 = 0
      pc10 = 0
      pc11 = 0
      pc12 = 0
      pc13 = 0
      pc14 = 0
      pc15 = 0
      pc16 = 0
Constrained:
     Tecnw = 44776.7
       Tnw = 497.665
       Tec = 1985.12
     twoNb = 1.30364e+06
     twoNe = 50748.1
     twoNc = 851175
     twoNn = 242315
     twoNw = 1.07713e+06
    twoNec = 91488.4
    twoNnw = 123190
  twoNecnw = 21356.8
  twoNbecnw = 55052.4
        m2 = 0.0475011
        m3 = 0.178159
        m5 = 0.258717
        m6 = 0.168699
        Tb = 23380.9
        Tc = 248.833
        Te = 124.416
        Tf = 62.2082
DiffEv reached_goal. cost=2.09150e-03 spread=2.70062e-06
Fitted parameter values
Free:
       pc1 = 1.41635
       pc2 = -2.46729
       pc3 = 1.98229
       pc4 = -1.51871
       pc5 = -1.58372
       pc6 = -0.95532
       pc7 = -1.98903
       pc8 = -1.97836
       pc9 = -1.07609
      pc10 = 0.619992
      pc11 = 0.465023
      pc12 = -0.0151828
      pc13 = 0.0124903
      pc14 = -0.527738
      pc15 = 0.367475
      pc16 = -0.245587
Constrained:
     Tecnw = 44287.3
       Tnw = 87.7214
       Tec = 293.517
     twoNb = 3.28442e+06
     twoNe = 8551.96
     twoNc = 386163
     twoNn = 116937
     twoNw = 920907
    twoNec = 97471.4
    twoNnw = 124852
  twoNecnw = 21381.5
  twoNbecnw = 54262.6
        m2 = 0.0519604
        m3 = 0.17534
        m5 = 0.256214
        m6 = 0.165685
        Tb = 22290.4
        Tc = 43.8607
        Te = 21.9303
        Tf = 10.9652
#       SitePat  BranchLen
              b 121657.0169682
              e 45484.2743607
              c 47384.9173685
              n 43417.0659596
              w 45909.5638530
            b:e 1486.7881548
            b:c 1654.3524437
            b:n 1060.6153303
            b:w 1137.3898698
            e:c 11896.5593099
            e:n 4970.9810511
            e:w 4317.5249983
            c:n 4567.2024205
            c:w 3606.9664883
            n:w 12349.4723905
          b:e:c 1316.1479062
          b:e:n 565.0875695
          b:e:w 580.5154658
          b:c:n 582.2876312
          b:c:w 563.6057059
          b:n:w 1305.7490278
          e:c:n 4706.9386521
          e:c:w 3839.8948209
          e:n:w 6035.0237224
          c:n:w 5242.6450535
        b:e:c:n 1140.3503725
        b:e:c:w 1055.0677849
        b:e:n:w 1613.5167772
        b:c:n:w 1451.7349882
        e:c:n:w 48161.5550495
