########################################
# legofit: estimate population history #
#       version 2.3.4-4-g53f8760       #
########################################

# Program was compiled: Sep 21 2021 14:36:42
# Program was run: Thu Sep 23 14:18:27 2021

# cmd: legofit -1 -d 0 -t 32 --ptsPerDim 3 --stateOut b1boot37.state --tol 3e-6 -S 5000 bcef2.lgo ../../chrX/boot_chrX/boot37.opf
# Stage nOptItr nSimReps
#     0    5000        0
# algorithm          : deterministic
# ignoring probs <=  : 0
# Branch length floor: 0
# DE strategy        : 2
#    F               : 0.3
#    CR              : 0.8
#    tolerance       : 3e-06
# nthreads           : 32
# lgo input file     : bcef2.lgo
# site pat input file: ../../chrX/boot_chrX/boot37.opf
# free parameters    : 16
# points in DE swarm : 48
# output state file  : b1boot37.state
# Including singleton site patterns.
# cost function      : KL
Initial parameter values
Fixed:
      zero = 0
       one = 1
    Tbecnw = 75200
Free:
       pc1 = 0
       pc2 = 0
       pc3 = 0
       pc4 = 0
       pc5 = 0
       pc6 = 0
       pc7 = 0
       pc8 = 0
       pc9 = 0
      pc10 = 0
      pc11 = 0
      pc12 = 0
      pc13 = 0
      pc14 = 0
      pc15 = 0
      pc16 = 0
Constrained:
     Tecnw = 44776.7
       Tnw = 497.665
       Tec = 1985.12
     twoNb = 1.30364e+06
     twoNe = 50748.1
     twoNc = 851175
     twoNn = 242315
     twoNw = 1.07713e+06
    twoNec = 91488.4
    twoNnw = 123190
  twoNecnw = 21356.8
  twoNbecnw = 55052.4
        m2 = 0.0475011
        m3 = 0.178159
        m5 = 0.258717
        m6 = 0.168699
        Tb = 23380.9
        Tc = 248.833
        Te = 124.416
        Tf = 62.2082
DiffEv reached_goal. cost=1.97604e-03 spread=2.64833e-06
Fitted parameter values
Free:
       pc1 = 1.86829
       pc2 = -2.15885
       pc3 = 1.90615
       pc4 = -1.92628
       pc5 = -0.642574
       pc6 = -0.406664
       pc7 = -1.96624
       pc8 = -1.92531
       pc9 = 0.298175
      pc10 = -0.636962
      pc11 = -0.000783803
      pc12 = 0.157996
      pc13 = -0.15593
      pc14 = -0.66901
      pc15 = -0.0270103
      pc16 = -0.176206
Constrained:
     Tecnw = 44226
       Tnw = 215.635
       Tec = 648.76
     twoNb = 3.11815e+06
     twoNe = 16789.3
     twoNc = 1.14779e+06
     twoNn = 326938
     twoNw = 969604
    twoNec = 97865.2
    twoNnw = 129156
  twoNecnw = 21825.4
  twoNbecnw = 55319.2
        m2 = 0.0498555
        m3 = 0.185714
        m5 = 0.250097
        m6 = 0.165348
        Tb = 22437.4
        Tc = 107.817
        Te = 53.9086
        Tf = 26.9543
#       SitePat  BranchLen
              b 122399.7821321
              e 45783.8794906
              c 47546.6003025
              n 43919.5287424
              w 46617.4389877
            b:e 1526.5125464
            b:c 1683.3708054
            b:n 1119.4744188
            b:w 1212.9714275
            e:c 11925.7081011
            e:n 5088.0022243
            e:w 4350.1807875
            c:n 4692.6935947
            c:w 3696.4789064
            n:w 12174.9853376
          b:e:c 1358.3826971
          b:e:n 599.8221407
          b:e:w 613.8335152
          b:c:n 615.7140560
          b:c:w 598.1959209
          b:n:w 1347.8084090
          e:c:n 4919.6761645
          e:c:w 3968.5059689
          e:n:w 5999.1680954
          c:n:w 5279.6605251
        b:e:c:n 1216.1677959
        b:e:c:w 1113.4736231
        b:e:n:w 1641.9269574
        b:c:n:w 1490.6116463
        e:c:n:w 48432.8079839
