########################################
# legofit: estimate population history #
#       version 2.3.4-4-g53f8760       #
########################################

# Program was compiled: Sep 21 2021 14:36:42
# Program was run: Thu Sep 23 14:18:51 2021

# cmd: legofit -1 -d 0 -t 32 --ptsPerDim 3 --stateOut b1boot44.state --tol 3e-6 -S 5000 bcef2.lgo ../../chrX/boot_chrX/boot44.opf
# Stage nOptItr nSimReps
#     0    5000        0
# algorithm          : deterministic
# ignoring probs <=  : 0
# Branch length floor: 0
# DE strategy        : 2
#    F               : 0.3
#    CR              : 0.8
#    tolerance       : 3e-06
# nthreads           : 32
# lgo input file     : bcef2.lgo
# site pat input file: ../../chrX/boot_chrX/boot44.opf
# free parameters    : 16
# points in DE swarm : 48
# output state file  : b1boot44.state
# Including singleton site patterns.
# cost function      : KL
Initial parameter values
Fixed:
      zero = 0
       one = 1
    Tbecnw = 75200
Free:
       pc1 = 0
       pc2 = 0
       pc3 = 0
       pc4 = 0
       pc5 = 0
       pc6 = 0
       pc7 = 0
       pc8 = 0
       pc9 = 0
      pc10 = 0
      pc11 = 0
      pc12 = 0
      pc13 = 0
      pc14 = 0
      pc15 = 0
      pc16 = 0
Constrained:
     Tecnw = 44776.7
       Tnw = 497.665
       Tec = 1985.12
     twoNb = 1.30364e+06
     twoNe = 50748.1
     twoNc = 851175
     twoNn = 242315
     twoNw = 1.07713e+06
    twoNec = 91488.4
    twoNnw = 123190
  twoNecnw = 21356.8
  twoNbecnw = 55052.4
        m2 = 0.0475011
        m3 = 0.178159
        m5 = 0.258717
        m6 = 0.168699
        Tb = 23380.9
        Tc = 248.833
        Te = 124.416
        Tf = 62.2082
DiffEv reached_goal. cost=2.05992e-03 spread=2.68066e-06
Fitted parameter values
Free:
       pc1 = -0.212398
       pc2 = -2.2834
       pc3 = 1.84606
       pc4 = -1.79785
       pc5 = -1.98937
       pc6 = -0.010623
       pc7 = -0.650017
       pc8 = -1.96431
       pc9 = 0.531583
      pc10 = 0.46747
      pc11 = 0.0753637
      pc12 = -0.194361
      pc13 = -0.184724
      pc14 = -0.380251
      pc15 = 0.376144
      pc16 = 0.0692245
Constrained:
     Tecnw = 44674.3
       Tnw = 95.9144
       Tec = 622.932
     twoNb = 3.00146e+06
     twoNe = 27959.3
     twoNc = 1.48898e+06
     twoNn = 202375
     twoNw = 1.71258e+06
    twoNec = 94151
    twoNnw = 124429
  twoNecnw = 21203.8
  twoNbecnw = 55313.4
        m2 = 0.0524999
        m3 = 0.179643
        m5 = 0.263815
        m6 = 0.16613
        Tb = 22648.6
        Tc = 47.9572
        Te = 23.9786
        Tf = 11.9893
#       SitePat  BranchLen
              b 122526.0056142
              e 45517.2377292
              c 47514.2159015
              n 43568.3437157
              w 46125.4615944
            b:e 1509.7057929
            b:c 1692.8825321
            b:n 1086.9859353
            b:w 1169.2960164
            e:c 12038.1817273
            e:n 5001.7661935
            e:w 4401.6354284
            c:n 4644.8159505
            c:w 3610.2443853
            n:w 12414.8565588
          b:e:c 1351.2240557
          b:e:n 575.3958551
          b:e:w 596.4654017
          b:c:n 598.5414617
          b:c:w 573.7576731
          b:n:w 1339.5429998
          e:c:n 4778.7052315
          e:c:w 3869.6575896
          e:n:w 6096.0166433
          c:n:w 5240.1106702
        b:e:c:n 1172.6409136
        b:e:c:w 1080.6771681
        b:e:n:w 1647.9331312
        b:c:n:w 1471.5876009
        e:c:n:w 48755.3992906
