########################################
# legofit: estimate population history #
#       version 2.3.4-4-g53f8760       #
########################################

# Program was compiled: Sep 21 2021 14:36:42
# Program was run: Thu Sep 23 14:16:51 2021

# cmd: legofit -1 -d 0 -t 32 --ptsPerDim 3 --stateOut b1boot3.state --tol 3e-6 -S 5000 bcef2.lgo ../../chrX/boot_chrX/boot3.opf
# Stage nOptItr nSimReps
#     0    5000        0
# algorithm          : deterministic
# ignoring probs <=  : 0
# Branch length floor: 0
# DE strategy        : 2
#    F               : 0.3
#    CR              : 0.8
#    tolerance       : 3e-06
# nthreads           : 32
# lgo input file     : bcef2.lgo
# site pat input file: ../../chrX/boot_chrX/boot3.opf
# free parameters    : 16
# points in DE swarm : 48
# output state file  : b1boot3.state
# Including singleton site patterns.
# cost function      : KL
Initial parameter values
Fixed:
      zero = 0
       one = 1
    Tbecnw = 75200
Free:
       pc1 = 0
       pc2 = 0
       pc3 = 0
       pc4 = 0
       pc5 = 0
       pc6 = 0
       pc7 = 0
       pc8 = 0
       pc9 = 0
      pc10 = 0
      pc11 = 0
      pc12 = 0
      pc13 = 0
      pc14 = 0
      pc15 = 0
      pc16 = 0
Constrained:
     Tecnw = 44776.7
       Tnw = 497.665
       Tec = 1985.12
     twoNb = 1.30364e+06
     twoNe = 50748.1
     twoNc = 851175
     twoNn = 242315
     twoNw = 1.07713e+06
    twoNec = 91488.4
    twoNnw = 123190
  twoNecnw = 21356.8
  twoNbecnw = 55052.4
        m2 = 0.0475011
        m3 = 0.178159
        m5 = 0.258717
        m6 = 0.168699
        Tb = 23380.9
        Tc = 248.833
        Te = 124.416
        Tf = 62.2082
DiffEv reached_goal. cost=2.08689e-03 spread=2.51851e-06
Fitted parameter values
Free:
       pc1 = 0.896685
       pc2 = -2.40997
       pc3 = 1.97883
       pc4 = -1.72743
       pc5 = -1.31326
       pc6 = 0.536999
       pc7 = -1.99697
       pc8 = -1.94962
       pc9 = -0.841863
      pc10 = 0.990968
      pc11 = 0.273273
      pc12 = 0.778443
      pc13 = -0.337751
      pc14 = -0.915594
      pc15 = -0.155676
      pc16 = -0.197398
Constrained:
     Tecnw = 44890.4
       Tnw = 211.95
       Tec = 373.12
     twoNb = 3.19652e+06
     twoNe = 8247.1
     twoNc = 2.07134e+06
     twoNn = 83275.4
     twoNw = 887597
    twoNec = 96282.7
    twoNnw = 127212
  twoNecnw = 21124.1
  twoNbecnw = 54420.1
        m2 = 0.0514129
        m3 = 0.183042
        m5 = 0.257155
        m6 = 0.161698
        Tb = 22631.8
        Tc = 105.975
        Te = 52.9874
        Tf = 26.4937
#       SitePat  BranchLen
              b 121735.7956313
              e 45610.6674573
              c 47601.2164691
              n 43844.6649241
              w 46567.8646940
            b:e 1480.5608223
            b:c 1656.4706597
            b:n 1078.0470919
            b:w 1168.4670571
            e:c 12044.4877053
            e:n 5038.7888886
            e:w 4329.4442134
            c:n 4617.0178155
            c:w 3574.5110952
            n:w 12260.5758600
          b:e:c 1332.7591445
          b:e:n 572.9026329
          b:e:w 590.1080823
          b:c:n 592.0038942
          b:c:w 571.3191033
          b:n:w 1322.1117943
          e:c:n 4802.5531516
          e:c:w 3843.6037804
          e:n:w 5964.1756565
          c:n:w 5143.8647030
        b:e:c:n 1171.5703912
        b:e:c:w 1072.2307644
        b:e:n:w 1615.3318736
        b:c:n:w 1445.5758870
        e:c:n:w 47936.0702657
