########################################
# legofit: estimate population history #
#       version 2.3.4-4-g53f8760       #
########################################

# Program was compiled: Sep 21 2021 14:36:42
# Program was run: Thu Sep 23 14:17:21 2021

# cmd: legofit -1 -d 0 -t 32 --ptsPerDim 3 --stateOut b1boot13.state --tol 3e-6 -S 5000 bcef2.lgo ../../chrX/boot_chrX/boot13.opf
# Stage nOptItr nSimReps
#     0    5000        0
# algorithm          : deterministic
# ignoring probs <=  : 0
# Branch length floor: 0
# DE strategy        : 2
#    F               : 0.3
#    CR              : 0.8
#    tolerance       : 3e-06
# nthreads           : 32
# lgo input file     : bcef2.lgo
# site pat input file: ../../chrX/boot_chrX/boot13.opf
# free parameters    : 16
# points in DE swarm : 48
# output state file  : b1boot13.state
# Including singleton site patterns.
# cost function      : KL
Initial parameter values
Fixed:
      zero = 0
       one = 1
    Tbecnw = 75200
Free:
       pc1 = 0
       pc2 = 0
       pc3 = 0
       pc4 = 0
       pc5 = 0
       pc6 = 0
       pc7 = 0
       pc8 = 0
       pc9 = 0
      pc10 = 0
      pc11 = 0
      pc12 = 0
      pc13 = 0
      pc14 = 0
      pc15 = 0
      pc16 = 0
Constrained:
     Tecnw = 44776.7
       Tnw = 497.665
       Tec = 1985.12
     twoNb = 1.30364e+06
     twoNe = 50748.1
     twoNc = 851175
     twoNn = 242315
     twoNw = 1.07713e+06
    twoNec = 91488.4
    twoNnw = 123190
  twoNecnw = 21356.8
  twoNbecnw = 55052.4
        m2 = 0.0475011
        m3 = 0.178159
        m5 = 0.258717
        m6 = 0.168699
        Tb = 23380.9
        Tc = 248.833
        Te = 124.416
        Tf = 62.2082
DiffEv reached_goal. cost=2.02960e-03 spread=2.81616e-06
Fitted parameter values
Free:
       pc1 = -0.0723449
       pc2 = -2.33084
       pc3 = 1.95178
       pc4 = -1.96757
       pc5 = -1.68899
       pc6 = 1.50129
       pc7 = -1.86374
       pc8 = -1.87618
       pc9 = -0.306697
      pc10 = 0.813836
      pc11 = -0.0157878
      pc12 = 0.864535
      pc13 = -0.540269
      pc14 = -0.131276
      pc15 = -0.188164
      pc16 = 0.0156523
Constrained:
     Tecnw = 45010.7
       Tnw = 206.134
       Tec = 655.858
     twoNb = 3.04489e+06
     twoNe = 9179.7
     twoNc = 3.12803e+06
     twoNn = 55960.4
     twoNw = 1.17515e+06
    twoNec = 93595.8
    twoNnw = 126882
  twoNecnw = 20888.4
  twoNbecnw = 55364.6
        m2 = 0.0536934
        m3 = 0.182265
        m5 = 0.257149
        m6 = 0.15976
        Tb = 22833.3
        Tc = 103.067
        Te = 51.5335
        Tf = 25.7668
#       SitePat  BranchLen
              b 122571.6125888
              e 45439.2466599
              c 47655.1845747
              n 43710.2085797
              w 46616.0156273
            b:e 1502.5554126
            b:c 1695.0463271
            b:n 1083.7406483
            b:w 1181.6503609
            e:c 12154.8805064
            e:n 5169.1716643
            e:w 4311.1882493
            c:n 4571.8344333
            c:w 3560.4587626
            n:w 12343.0942633
          b:e:c 1355.4859334
          b:e:n 579.0640030
          b:e:w 589.9304857
          b:c:n 592.0148468
          b:c:w 577.1563191
          b:n:w 1343.5508057
          e:c:n 4858.0676760
          e:c:w 3835.2401704
          e:n:w 6032.4591696
          c:n:w 5157.3102055
        b:e:c:n 1185.1193453
        b:e:c:w 1077.5812215
        b:e:n:w 1649.7446812
        b:c:n:w 1464.3548564
        e:c:n:w 48708.8726573
