########################################
# legofit: estimate population history #
#       version 2.3.4-4-g53f8760       #
########################################

# Program was compiled: Sep 21 2021 14:36:42
# Program was run: Thu Sep 23 14:18:01 2021

# cmd: legofit -1 -d 0 -t 32 --ptsPerDim 3 --stateOut b1boot27.state --tol 3e-6 -S 5000 bcef2.lgo ../../chrX/boot_chrX/boot27.opf
# Stage nOptItr nSimReps
#     0    5000        0
# algorithm          : deterministic
# ignoring probs <=  : 0
# Branch length floor: 0
# DE strategy        : 2
#    F               : 0.3
#    CR              : 0.8
#    tolerance       : 3e-06
# nthreads           : 32
# lgo input file     : bcef2.lgo
# site pat input file: ../../chrX/boot_chrX/boot27.opf
# free parameters    : 16
# points in DE swarm : 48
# output state file  : b1boot27.state
# Including singleton site patterns.
# cost function      : KL
Initial parameter values
Fixed:
      zero = 0
       one = 1
    Tbecnw = 75200
Free:
       pc1 = 0
       pc2 = 0
       pc3 = 0
       pc4 = 0
       pc5 = 0
       pc6 = 0
       pc7 = 0
       pc8 = 0
       pc9 = 0
      pc10 = 0
      pc11 = 0
      pc12 = 0
      pc13 = 0
      pc14 = 0
      pc15 = 0
      pc16 = 0
Constrained:
     Tecnw = 44776.7
       Tnw = 497.665
       Tec = 1985.12
     twoNb = 1.30364e+06
     twoNe = 50748.1
     twoNc = 851175
     twoNn = 242315
     twoNw = 1.07713e+06
    twoNec = 91488.4
    twoNnw = 123190
  twoNecnw = 21356.8
  twoNbecnw = 55052.4
        m2 = 0.0475011
        m3 = 0.178159
        m5 = 0.258717
        m6 = 0.168699
        Tb = 23380.9
        Tc = 248.833
        Te = 124.416
        Tf = 62.2082
DiffEv reached_goal. cost=2.21594e-03 spread=2.33861e-06
Fitted parameter values
Free:
       pc1 = -2.03957
       pc2 = -2.45201
       pc3 = 1.83018
       pc4 = -1.97953
       pc5 = -1.65311
       pc6 = -0.883084
       pc7 = -1.9309
       pc8 = -1.67057
       pc9 = 0.952423
      pc10 = 0.010194
      pc11 = 1.89236
      pc12 = -0.936854
      pc13 = -0.320162
      pc14 = -0.42988
      pc15 = -0.251358
      pc16 = -0.354228
Constrained:
     Tecnw = 45404.1
       Tnw = 28.5002
       Tec = 648.025
     twoNb = 3.42847e+06
     twoNe = 86865.9
     twoNc = 857460
     twoNn = 132444
     twoNw = 1.51848e+06
    twoNec = 92952.7
    twoNnw = 125144
  twoNecnw = 21237.6
  twoNbecnw = 56166.2
        m2 = 0.0549756
        m3 = 0.165917
        m5 = 0.259281
        m6 = 0.17554
        Tb = 23026.1
        Tc = 14.2501
        Te = 7.12505
        Tf = 3.56252
#       SitePat  BranchLen
              b 122997.7805402
              e 46276.0837016
              c 47987.5267428
              n 44148.5872122
              w 46512.3255707
            b:e 1594.6568706
            b:c 1758.9844172
            b:n 1135.7199911
            b:w 1217.3494219
            e:c 12440.0357214
            e:n 4923.2986690
            e:w 4387.5775722
            c:n 4655.9112773
            c:w 3693.5208712
            n:w 12848.6413282
          b:e:c 1441.8079575
          b:e:n 597.2435250
          b:e:w 617.7930008
          b:c:n 619.5693436
          b:c:w 595.8754334
          b:n:w 1430.7521422
          e:c:n 4772.8516411
          e:c:w 3918.5648520
          e:n:w 6164.1309486
          c:n:w 5408.4085134
        b:e:c:n 1220.4442664
        b:e:c:w 1130.6192034
        b:e:n:w 1718.5613826
        b:c:n:w 1559.5490716
        e:c:n:w 48433.0372552
