########################################
# legofit: estimate population history #
#       version 2.3.4-4-g53f8760       #
########################################

# Program was compiled: Sep 21 2021 14:36:42
# Program was run: Thu Sep 23 14:18:40 2021

# cmd: legofit -1 -d 0 -t 32 --ptsPerDim 3 --stateOut b1boot41.state --tol 3e-6 -S 5000 bcef2.lgo ../../chrX/boot_chrX/boot41.opf
# Stage nOptItr nSimReps
#     0    5000        0
# algorithm          : deterministic
# ignoring probs <=  : 0
# Branch length floor: 0
# DE strategy        : 2
#    F               : 0.3
#    CR              : 0.8
#    tolerance       : 3e-06
# nthreads           : 32
# lgo input file     : bcef2.lgo
# site pat input file: ../../chrX/boot_chrX/boot41.opf
# free parameters    : 16
# points in DE swarm : 48
# output state file  : b1boot41.state
# Including singleton site patterns.
# cost function      : KL
Initial parameter values
Fixed:
      zero = 0
       one = 1
    Tbecnw = 75200
Free:
       pc1 = 0
       pc2 = 0
       pc3 = 0
       pc4 = 0
       pc5 = 0
       pc6 = 0
       pc7 = 0
       pc8 = 0
       pc9 = 0
      pc10 = 0
      pc11 = 0
      pc12 = 0
      pc13 = 0
      pc14 = 0
      pc15 = 0
      pc16 = 0
Constrained:
     Tecnw = 44776.7
       Tnw = 497.665
       Tec = 1985.12
     twoNb = 1.30364e+06
     twoNe = 50748.1
     twoNc = 851175
     twoNn = 242315
     twoNw = 1.07713e+06
    twoNec = 91488.4
    twoNnw = 123190
  twoNecnw = 21356.8
  twoNbecnw = 55052.4
        m2 = 0.0475011
        m3 = 0.178159
        m5 = 0.258717
        m6 = 0.168699
        Tb = 23380.9
        Tc = 248.833
        Te = 124.416
        Tf = 62.2082
DiffEv reached_goal. cost=2.05873e-03 spread=2.09246e-06
Fitted parameter values
Free:
       pc1 = -1.22649
       pc2 = -2.49389
       pc3 = 1.97362
       pc4 = -1.97842
       pc5 = -1.78793
       pc6 = 0.332567
       pc7 = -1.99268
       pc8 = -1.68736
       pc9 = 1.32744
      pc10 = 1.12089
      pc11 = 0.890651
      pc12 = -0.0754384
      pc13 = 0.252858
      pc14 = -0.149798
      pc15 = 0.268783
      pc16 = -0.559155
Constrained:
     Tecnw = 44882.7
       Tnw = 12.7444
       Tec = 824.779
     twoNb = 3.3165e+06
     twoNe = 65834.1
     twoNc = 2.0302e+06
     twoNn = 5742.54
     twoNw = 1.47766e+06
    twoNec = 96341.9
    twoNnw = 125636
  twoNecnw = 20895.6
  twoNbecnw = 56270.2
        m2 = 0.0532695
        m3 = 0.176104
        m5 = 0.26576
        m6 = 0.164382
        Tb = 22853.7
        Tc = 6.37222
        Te = 3.18611
        Tf = 1.59306
#       SitePat  BranchLen
              b 123395.9881243
              e 45895.4824029
              c 47929.4002566
              n 43790.0929565
              w 46174.2467837
            b:e 1536.1856121
            b:c 1727.3080530
            b:n 1096.3220617
            b:w 1168.7630685
            e:c 11897.3979939
            e:n 4941.9057242
            e:w 4421.6399921
            c:n 4613.4723403
            c:w 3596.4270067
            n:w 12434.5846882
          b:e:c 1358.5101303
          b:e:n 579.2140429
          b:e:w 602.9907108
          b:c:n 604.8765037
          b:c:w 577.7942545
          b:n:w 1347.8151945
          e:c:n 4706.6873224
          e:c:w 3871.9658694
          e:n:w 6174.0023619
          c:n:w 5286.7530030
        b:e:c:n 1171.8006542
        b:e:c:w 1090.5439204
        b:e:n:w 1685.4104547
        b:c:n:w 1500.7998839
        e:c:n:w 49510.5854773
