########################################
# legofit: estimate population history #
#       version 2.3.4-4-g53f8760       #
########################################

# Program was compiled: Sep 21 2021 14:36:42
# Program was run: Thu Sep 23 14:18:54 2021

# cmd: legofit -1 -d 0 -t 32 --ptsPerDim 3 --stateOut b1boot45.state --tol 3e-6 -S 5000 bcef2.lgo ../../chrX/boot_chrX/boot45.opf
# Stage nOptItr nSimReps
#     0    5000        0
# algorithm          : deterministic
# ignoring probs <=  : 0
# Branch length floor: 0
# DE strategy        : 2
#    F               : 0.3
#    CR              : 0.8
#    tolerance       : 3e-06
# nthreads           : 32
# lgo input file     : bcef2.lgo
# site pat input file: ../../chrX/boot_chrX/boot45.opf
# free parameters    : 16
# points in DE swarm : 48
# output state file  : b1boot45.state
# Including singleton site patterns.
# cost function      : KL
Initial parameter values
Fixed:
      zero = 0
       one = 1
    Tbecnw = 75200
Free:
       pc1 = 0
       pc2 = 0
       pc3 = 0
       pc4 = 0
       pc5 = 0
       pc6 = 0
       pc7 = 0
       pc8 = 0
       pc9 = 0
      pc10 = 0
      pc11 = 0
      pc12 = 0
      pc13 = 0
      pc14 = 0
      pc15 = 0
      pc16 = 0
Constrained:
     Tecnw = 44776.7
       Tnw = 497.665
       Tec = 1985.12
     twoNb = 1.30364e+06
     twoNe = 50748.1
     twoNc = 851175
     twoNn = 242315
     twoNw = 1.07713e+06
    twoNec = 91488.4
    twoNnw = 123190
  twoNecnw = 21356.8
  twoNbecnw = 55052.4
        m2 = 0.0475011
        m3 = 0.178159
        m5 = 0.258717
        m6 = 0.168699
        Tb = 23380.9
        Tc = 248.833
        Te = 124.416
        Tf = 62.2082
DiffEv reached_goal. cost=1.92169e-03 spread=2.86253e-06
Fitted parameter values
Free:
       pc1 = 1.08428
       pc2 = -2.74852
       pc3 = 1.97286
       pc4 = -1.72381
       pc5 = -1.5089
       pc6 = -1.0098
       pc7 = -1.80092
       pc8 = -1.95169
       pc9 = -1.2848
      pc10 = 0.258839
      pc11 = 0.585059
      pc12 = 0.367242
      pc13 = -0.0461184
      pc14 = -0.744307
      pc15 = 0.0343987
      pc16 = -0.174162
Constrained:
     Tecnw = 44602.7
       Tnw = 75.8377
       Tec = 246.373
     twoNb = 3.34646e+06
     twoNe = 4082.14
     twoNc = 344202
     twoNn = 159205
     twoNw = 950081
    twoNec = 96119.3
    twoNnw = 127435
  twoNecnw = 21279.9
  twoNbecnw = 54276.5
        m2 = 0.0513193
        m3 = 0.174311
        m5 = 0.25452
        m6 = 0.168669
        Tb = 22424.5
        Tc = 37.9189
        Te = 18.9594
        Tf = 9.47972
#       SitePat  BranchLen
              b 121643.8521208
              e 45474.9354937
              c 47400.3973239
              n 43595.5423876
              w 46269.5735724
            b:e 1480.5405057
            b:c 1643.6597324
            b:n 1067.1972042
            b:w 1156.2096565
            e:c 12027.6775656
            e:n 5078.3898192
            e:w 4280.5214141
            c:n 4558.4112413
            c:w 3628.8130635
            n:w 12309.8751958
          b:e:c 1326.4974984
          b:e:n 572.4499462
          b:e:w 581.5124300
          b:c:n 583.1991701
          b:c:w 570.9034897
          b:n:w 1316.3461899
          e:c:n 4776.6275103
          e:c:w 3841.3631090
          e:n:w 5957.0369686
          c:n:w 5197.6965412
        b:e:c:n 1159.1281407
        b:e:c:w 1062.0486844
        b:e:n:w 1604.5227555
        b:c:n:w 1446.8287708
        e:c:n:w 47991.6444541
