########################################
# legofit: estimate population history #
#       version 2.3.4-4-g53f8760       #
########################################

# Program was compiled: Sep 21 2021 14:36:42
# Program was run: Thu Sep 23 14:17:08 2021

# cmd: legofit -1 -d 0 -t 32 --ptsPerDim 3 --stateOut b1boot8.state --tol 3e-6 -S 5000 bcef2.lgo ../../chrX/boot_chrX/boot8.opf
# Stage nOptItr nSimReps
#     0    5000        0
# algorithm          : deterministic
# ignoring probs <=  : 0
# Branch length floor: 0
# DE strategy        : 2
#    F               : 0.3
#    CR              : 0.8
#    tolerance       : 3e-06
# nthreads           : 32
# lgo input file     : bcef2.lgo
# site pat input file: ../../chrX/boot_chrX/boot8.opf
# free parameters    : 16
# points in DE swarm : 48
# output state file  : b1boot8.state
# Including singleton site patterns.
# cost function      : KL
Initial parameter values
Fixed:
      zero = 0
       one = 1
    Tbecnw = 75200
Free:
       pc1 = 0
       pc2 = 0
       pc3 = 0
       pc4 = 0
       pc5 = 0
       pc6 = 0
       pc7 = 0
       pc8 = 0
       pc9 = 0
      pc10 = 0
      pc11 = 0
      pc12 = 0
      pc13 = 0
      pc14 = 0
      pc15 = 0
      pc16 = 0
Constrained:
     Tecnw = 44776.7
       Tnw = 497.665
       Tec = 1985.12
     twoNb = 1.30364e+06
     twoNe = 50748.1
     twoNc = 851175
     twoNn = 242315
     twoNw = 1.07713e+06
    twoNec = 91488.4
    twoNnw = 123190
  twoNecnw = 21356.8
  twoNbecnw = 55052.4
        m2 = 0.0475011
        m3 = 0.178159
        m5 = 0.258717
        m6 = 0.168699
        Tb = 23380.9
        Tc = 248.833
        Te = 124.416
        Tf = 62.2082
DiffEv reached_goal. cost=2.09591e-03 spread=2.71567e-06
Fitted parameter values
Free:
       pc1 = -1.40295
       pc2 = -1.87467
       pc3 = 1.91707
       pc4 = -1.94745
       pc5 = -1.32398
       pc6 = 0.188489
       pc7 = -1.7715
       pc8 = -1.93058
       pc9 = 1.91481
      pc10 = 0.184964
      pc11 = 0.700037
      pc12 = 0.0620951
      pc13 = -0.515092
      pc14 = -0.167336
      pc15 = 0.114074
      pc16 = -0.235436
Constrained:
     Tecnw = 45045.4
       Tnw = 47.1496
       Tec = 1464.51
     twoNb = 3.21644e+06
     twoNe = 70267.1
     twoNc = 2.15658e+06
     twoNn = 167544
     twoNw = 1.54592e+06
    twoNec = 92146.4
    twoNnw = 126432
  twoNecnw = 21335.4
  twoNbecnw = 56653.7
        m2 = 0.0530131
        m3 = 0.179293
        m5 = 0.263019
        m6 = 0.164692
        Tb = 23255
        Tc = 23.5748
        Te = 11.7874
        Tf = 5.8937
#       SitePat  BranchLen
              b 123493.6650456
              e 46002.7946618
              c 48026.8582441
              n 44063.4695467
              w 46646.0671201
            b:e 1568.1127638
            b:c 1758.6972143
            b:n 1141.8498574
            b:w 1234.4709973
            e:c 12189.3683378
            e:n 5048.8342493
            e:w 4453.8288447
            c:n 4689.2142787
            c:w 3651.2028504
            n:w 12576.3328787
          b:e:c 1421.9238409
          b:e:n 603.5712710
          b:e:w 626.1345326
          b:c:n 628.1097892
          b:c:w 602.0268879
          b:n:w 1410.7232732
          e:c:n 4889.7685053
          e:c:w 3952.7799028
          e:n:w 6177.6459568
          c:n:w 5308.9226212
        b:e:c:n 1237.7452329
        b:e:c:w 1136.0515947
        b:e:n:w 1716.4818397
        b:c:n:w 1532.3722338
        e:c:n:w 49086.8948403
