########################################
# legofit: estimate population history #
#       version 2.3.4-4-g53f8760       #
########################################

# Program was compiled: Sep 21 2021 14:36:42
# Program was run: Thu Sep 23 14:17:40 2021

# cmd: legofit -1 -d 0 -t 32 --ptsPerDim 3 --stateOut b1boot20.state --tol 3e-6 -S 5000 bcef2.lgo ../../chrX/boot_chrX/boot20.opf
# Stage nOptItr nSimReps
#     0    5000        0
# algorithm          : deterministic
# ignoring probs <=  : 0
# Branch length floor: 0
# DE strategy        : 2
#    F               : 0.3
#    CR              : 0.8
#    tolerance       : 3e-06
# nthreads           : 32
# lgo input file     : bcef2.lgo
# site pat input file: ../../chrX/boot_chrX/boot20.opf
# free parameters    : 16
# points in DE swarm : 48
# output state file  : b1boot20.state
# Including singleton site patterns.
# cost function      : KL
Initial parameter values
Fixed:
      zero = 0
       one = 1
    Tbecnw = 75200
Free:
       pc1 = 0
       pc2 = 0
       pc3 = 0
       pc4 = 0
       pc5 = 0
       pc6 = 0
       pc7 = 0
       pc8 = 0
       pc9 = 0
      pc10 = 0
      pc11 = 0
      pc12 = 0
      pc13 = 0
      pc14 = 0
      pc15 = 0
      pc16 = 0
Constrained:
     Tecnw = 44776.7
       Tnw = 497.665
       Tec = 1985.12
     twoNb = 1.30364e+06
     twoNe = 50748.1
     twoNc = 851175
     twoNn = 242315
     twoNw = 1.07713e+06
    twoNec = 91488.4
    twoNnw = 123190
  twoNecnw = 21356.8
  twoNbecnw = 55052.4
        m2 = 0.0475011
        m3 = 0.178159
        m5 = 0.258717
        m6 = 0.168699
        Tb = 23380.9
        Tc = 248.833
        Te = 124.416
        Tf = 62.2082
DiffEv reached_goal. cost=2.10878e-03 spread=1.67295e-06
Fitted parameter values
Free:
       pc1 = 0.994357
       pc2 = -2.5698
       pc3 = 1.93792
       pc4 = -1.99269
       pc5 = -1.90621
       pc6 = 0.243467
       pc7 = -1.97564
       pc8 = -1.98943
       pc9 = -0.690003
      pc10 = 0.290692
      pc11 = 0.333506
      pc12 = -0.174325
      pc13 = -0.151205
      pc14 = -0.609058
      pc15 = 0.369123
      pc16 = -0.292176
Constrained:
     Tecnw = 44536
       Tnw = 109.728
       Tec = 276.717
     twoNb = 3.27692e+06
     twoNe = 6799.85
     twoNc = 1.65959e+06
     twoNn = 102109
     twoNw = 1.16003e+06
    twoNec = 98377.7
    twoNnw = 124159
  twoNecnw = 21303.5
  twoNbecnw = 54825.8
        m2 = 0.0530794
        m3 = 0.17923
        m5 = 0.253653
        m6 = 0.167614
        Tb = 22406.4
        Tc = 54.8639
        Te = 27.4319
        Tf = 13.716
#       SitePat  BranchLen
              b 122076.0875352
              e 45723.6189073
              c 47582.6267379
              n 43518.3653756
              w 46076.1848604
            b:e 1521.1927828
            b:c 1685.8945443
            b:n 1077.3851870
            b:w 1155.9398999
            e:c 11910.5892582
            e:n 5024.5997072
            e:w 4325.8228201
            c:n 4608.3817517
            c:w 3645.7285105
            n:w 12416.0077807
          b:e:c 1337.4659631
          b:e:n 576.5040727
          b:e:w 590.3741769
          b:c:n 592.2191948
          b:c:w 574.9147580
          b:n:w 1326.7733595
          e:c:n 4733.1572457
          e:c:w 3849.1277471
          e:n:w 6074.1416692
          c:n:w 5305.5127365
        b:e:c:n 1159.0301020
        b:e:c:w 1071.5498639
        b:e:n:w 1644.1202310
        b:c:n:w 1485.0961335
        e:c:n:w 48333.2532575
