########################################
# legofit: estimate population history #
#       version 2.3.4-4-g53f8760       #
########################################

# Program was compiled: Sep 21 2021 14:36:42
# Program was run: Thu Sep 23 14:18:27 2021

# cmd: legofit -1 -d 0 -t 32 --ptsPerDim 3 --stateOut b1boot36.state --tol 3e-6 -S 5000 bcef2.lgo ../../chrX/boot_chrX/boot36.opf
# Stage nOptItr nSimReps
#     0    5000        0
# algorithm          : deterministic
# ignoring probs <=  : 0
# Branch length floor: 0
# DE strategy        : 2
#    F               : 0.3
#    CR              : 0.8
#    tolerance       : 3e-06
# nthreads           : 32
# lgo input file     : bcef2.lgo
# site pat input file: ../../chrX/boot_chrX/boot36.opf
# free parameters    : 16
# points in DE swarm : 48
# output state file  : b1boot36.state
# Including singleton site patterns.
# cost function      : KL
Initial parameter values
Fixed:
      zero = 0
       one = 1
    Tbecnw = 75200
Free:
       pc1 = 0
       pc2 = 0
       pc3 = 0
       pc4 = 0
       pc5 = 0
       pc6 = 0
       pc7 = 0
       pc8 = 0
       pc9 = 0
      pc10 = 0
      pc11 = 0
      pc12 = 0
      pc13 = 0
      pc14 = 0
      pc15 = 0
      pc16 = 0
Constrained:
     Tecnw = 44776.7
       Tnw = 497.665
       Tec = 1985.12
     twoNb = 1.30364e+06
     twoNe = 50748.1
     twoNc = 851175
     twoNn = 242315
     twoNw = 1.07713e+06
    twoNec = 91488.4
    twoNnw = 123190
  twoNecnw = 21356.8
  twoNbecnw = 55052.4
        m2 = 0.0475011
        m3 = 0.178159
        m5 = 0.258717
        m6 = 0.168699
        Tb = 23380.9
        Tc = 248.833
        Te = 124.416
        Tf = 62.2082
DiffEv reached_goal. cost=2.14483e-03 spread=2.83775e-06
Fitted parameter values
Free:
       pc1 = 1.05408
       pc2 = -2.31472
       pc3 = 1.98238
       pc4 = -1.52693
       pc5 = -1.39669
       pc6 = -0.565948
       pc7 = -1.94445
       pc8 = -1.89747
       pc9 = -0.707902
      pc10 = -0.175443
      pc11 = 0.0774117
      pc12 = 0.0136411
      pc13 = 0.356041
      pc14 = -0.365273
      pc15 = 0.135886
      pc16 = -0.0258927
Constrained:
     Tecnw = 44141.9
       Tnw = 197.534
       Tec = 520.833
     twoNb = 3.11339e+06
     twoNe = 12068.5
     twoNc = 766351
     twoNn = 163419
     twoNw = 1.0254e+06
    twoNec = 95727.8
    twoNnw = 127347
  twoNecnw = 21341.8
  twoNbecnw = 54836.6
        m2 = 0.0523403
        m3 = 0.179186
        m5 = 0.252941
        m6 = 0.170006
        Tb = 22331.4
        Tc = 98.767
        Te = 49.3835
        Tf = 24.6917
#       SitePat  BranchLen
              b 122187.1101005
              e 45438.4804342
              c 47194.4171152
              n 43503.1620589
              w 46101.8937927
            b:e 1497.5307407
            b:c 1652.3304407
            b:n 1071.5571606
            b:w 1152.1440200
            e:c 11876.7655114
            e:n 5010.0944348
            e:w 4282.5710578
            c:n 4600.2253883
            c:w 3647.9485415
            n:w 12153.4014913
          b:e:c 1314.7721384
          b:e:n 572.0358510
          b:e:w 584.0175277
          b:c:n 585.9306275
          b:c:w 570.3560275
          b:n:w 1303.6500958
          e:c:n 4783.4328003
          e:c:w 3877.3470012
          e:n:w 5976.4760182
          c:n:w 5259.0853780
        b:e:c:n 1155.3460801
        b:e:c:w 1065.5064333
        b:e:n:w 1609.0660985
        b:c:n:w 1459.9786442
        e:c:n:w 48737.8898590
