########################################
# legofit: estimate population history #
#       version 2.3.4-4-g53f8760       #
########################################

# Program was compiled: Sep 21 2021 14:36:42
# Program was run: Thu Sep 23 14:17:00 2021

# cmd: legofit -1 -d 0 -t 32 --ptsPerDim 3 --stateOut b1boot5.state --tol 3e-6 -S 5000 bcef2.lgo ../../chrX/boot_chrX/boot5.opf
# Stage nOptItr nSimReps
#     0    5000        0
# algorithm          : deterministic
# ignoring probs <=  : 0
# Branch length floor: 0
# DE strategy        : 2
#    F               : 0.3
#    CR              : 0.8
#    tolerance       : 3e-06
# nthreads           : 32
# lgo input file     : bcef2.lgo
# site pat input file: ../../chrX/boot_chrX/boot5.opf
# free parameters    : 16
# points in DE swarm : 48
# output state file  : b1boot5.state
# Including singleton site patterns.
# cost function      : KL
Initial parameter values
Fixed:
      zero = 0
       one = 1
    Tbecnw = 75200
Free:
       pc1 = 0
       pc2 = 0
       pc3 = 0
       pc4 = 0
       pc5 = 0
       pc6 = 0
       pc7 = 0
       pc8 = 0
       pc9 = 0
      pc10 = 0
      pc11 = 0
      pc12 = 0
      pc13 = 0
      pc14 = 0
      pc15 = 0
      pc16 = 0
Constrained:
     Tecnw = 44776.7
       Tnw = 497.665
       Tec = 1985.12
     twoNb = 1.30364e+06
     twoNe = 50748.1
     twoNc = 851175
     twoNn = 242315
     twoNw = 1.07713e+06
    twoNec = 91488.4
    twoNnw = 123190
  twoNecnw = 21356.8
  twoNbecnw = 55052.4
        m2 = 0.0475011
        m3 = 0.178159
        m5 = 0.258717
        m6 = 0.168699
        Tb = 23380.9
        Tc = 248.833
        Te = 124.416
        Tf = 62.2082
DiffEv reached_goal. cost=2.07912e-03 spread=2.96584e-06
Fitted parameter values
Free:
       pc1 = 2.23024
       pc2 = -2.33718
       pc3 = 1.97792
       pc4 = -0.582981
       pc5 = -1.4344
       pc6 = -0.738818
       pc7 = -1.56672
       pc8 = -1.9668
       pc9 = -1.0313
      pc10 = 0.18519
      pc11 = 0.414427
      pc12 = 0.1862
      pc13 = -0.924089
      pc14 = -0.917685
      pc15 = -0.229114
      pc16 = -0.0341453
Constrained:
     Tecnw = 44430
       Tnw = 2.92113
       Tec = 253.757
     twoNb = 3.00012e+06
     twoNe = 4161.95
     twoNc = 822826
     twoNn = 160211
     twoNw = 955326
    twoNec = 95632
    twoNnw = 127826
  twoNecnw = 21929.8
  twoNbecnw = 53375.4
        m2 = 0.0508706
        m3 = 0.176619
        m5 = 0.251747
        m6 = 0.161681
        Tb = 22341.9
        Tc = 1.46056
        Te = 0.730282
        Tf = 0.365141
#       SitePat  BranchLen
              b 120643.9598904
              e 45379.9633192
              c 47440.8856262
              n 43652.1889721
              w 46484.7385289
            b:e 1480.5827817
            b:c 1652.7824271
            b:n 1084.0486966
            b:w 1185.1865396
            e:c 12202.0948297
            e:n 5167.7166862
            e:w 4305.5070601
            c:n 4579.9558739
            c:w 3625.0229720
            n:w 12410.4544427
          b:e:c 1351.2791362
          b:e:n 582.1590336
          b:e:w 590.1798912
          b:c:n 592.0579608
          b:c:w 580.4054582
          b:n:w 1340.0154412
          e:c:n 4882.8401724
          e:c:w 3879.9676209
          e:n:w 5964.5711750
          c:n:w 5165.5019187
        b:e:c:n 1188.5094997
        b:e:c:w 1078.4688243
        b:e:n:w 1609.7524472
        b:c:n:w 1443.8201574
        e:c:n:w 46739.6157078
