########################################
# legofit: estimate population history #
#       version 2.3.4-4-g53f8760       #
########################################

# Program was compiled: Sep 21 2021 14:36:42
# Program was run: Thu Sep 23 14:18:40 2021

# cmd: legofit -1 -d 0 -t 32 --ptsPerDim 3 --stateOut b1boot40.state --tol 3e-6 -S 5000 bcef2.lgo ../../chrX/boot_chrX/boot40.opf
# Stage nOptItr nSimReps
#     0    5000        0
# algorithm          : deterministic
# ignoring probs <=  : 0
# Branch length floor: 0
# DE strategy        : 2
#    F               : 0.3
#    CR              : 0.8
#    tolerance       : 3e-06
# nthreads           : 32
# lgo input file     : bcef2.lgo
# site pat input file: ../../chrX/boot_chrX/boot40.opf
# free parameters    : 16
# points in DE swarm : 48
# output state file  : b1boot40.state
# Including singleton site patterns.
# cost function      : KL
Initial parameter values
Fixed:
      zero = 0
       one = 1
    Tbecnw = 75200
Free:
       pc1 = 0
       pc2 = 0
       pc3 = 0
       pc4 = 0
       pc5 = 0
       pc6 = 0
       pc7 = 0
       pc8 = 0
       pc9 = 0
      pc10 = 0
      pc11 = 0
      pc12 = 0
      pc13 = 0
      pc14 = 0
      pc15 = 0
      pc16 = 0
Constrained:
     Tecnw = 44776.7
       Tnw = 497.665
       Tec = 1985.12
     twoNb = 1.30364e+06
     twoNe = 50748.1
     twoNc = 851175
     twoNn = 242315
     twoNw = 1.07713e+06
    twoNec = 91488.4
    twoNnw = 123190
  twoNecnw = 21356.8
  twoNbecnw = 55052.4
        m2 = 0.0475011
        m3 = 0.178159
        m5 = 0.258717
        m6 = 0.168699
        Tb = 23380.9
        Tc = 248.833
        Te = 124.416
        Tf = 62.2082
DiffEv reached_goal. cost=2.00365e-03 spread=2.95880e-06
Fitted parameter values
Free:
       pc1 = 1.36485
       pc2 = -2.42649
       pc3 = 1.9693
       pc4 = -1.96695
       pc5 = -1.44965
       pc6 = -0.894325
       pc7 = -1.89198
       pc8 = -1.84107
       pc9 = -0.66601
      pc10 = -0.406204
      pc11 = 0.562012
      pc12 = -0.491539
      pc13 = 0.21577
      pc14 = -0.241246
      pc15 = 0.401299
      pc16 = -0.270814
Constrained:
     Tecnw = 44155.6
       Tnw = 57.6093
       Tec = 372.603
     twoNb = 3.23998e+06
     twoNe = 14407.8
     twoNc = 317026
     twoNn = 230231
     twoNw = 1.0816e+06
    twoNec = 98318.6
    twoNnw = 124820
  twoNecnw = 21469.7
  twoNbecnw = 55002.9
        m2 = 0.0523098
        m3 = 0.175395
        m5 = 0.249423
        m6 = 0.170451
        Tb = 22264.1
        Tc = 28.8046
        Te = 14.4023
        Tf = 7.20116
#       SitePat  BranchLen
              b 122273.8005370
              e 45704.2842270
              c 47359.7551645
              n 43450.2485609
              w 45884.6325309
            b:e 1525.4401183
            b:c 1673.6989497
            b:n 1077.3434135
            b:w 1151.1422352
            e:c 11878.8054115
            e:n 4941.8779162
            e:w 4289.8217885
            c:n 4595.9868025
            c:w 3669.8061664
            n:w 12390.2805783
          b:e:c 1333.6952848
          b:e:n 574.7000766
          b:e:w 588.2802069
          b:c:n 590.0726184
          b:c:w 573.1756040
          b:n:w 1323.0085388
          e:c:n 4721.7485693
          e:c:w 3877.7254924
          e:n:w 6048.9035296
          c:n:w 5353.8804220
        b:e:c:n 1154.1948338
        b:e:c:w 1071.5887667
        b:e:n:w 1631.8882263
        b:c:n:w 1488.8203618
        e:c:n:w 48687.8953238
