########################################
# legofit: estimate population history #
#       version 2.3.4-4-g53f8760       #
########################################

# Program was compiled: Sep 21 2021 14:36:42
# Program was run: Thu Sep 23 14:17:38 2021

# cmd: legofit -1 -d 0 -t 32 --ptsPerDim 3 --stateOut b1boot17.state --tol 3e-6 -S 5000 bcef2.lgo ../../chrX/boot_chrX/boot17.opf
# Stage nOptItr nSimReps
#     0    5000        0
# algorithm          : deterministic
# ignoring probs <=  : 0
# Branch length floor: 0
# DE strategy        : 2
#    F               : 0.3
#    CR              : 0.8
#    tolerance       : 3e-06
# nthreads           : 32
# lgo input file     : bcef2.lgo
# site pat input file: ../../chrX/boot_chrX/boot17.opf
# free parameters    : 16
# points in DE swarm : 48
# output state file  : b1boot17.state
# Including singleton site patterns.
# cost function      : KL
Initial parameter values
Fixed:
      zero = 0
       one = 1
    Tbecnw = 75200
Free:
       pc1 = 0
       pc2 = 0
       pc3 = 0
       pc4 = 0
       pc5 = 0
       pc6 = 0
       pc7 = 0
       pc8 = 0
       pc9 = 0
      pc10 = 0
      pc11 = 0
      pc12 = 0
      pc13 = 0
      pc14 = 0
      pc15 = 0
      pc16 = 0
Constrained:
     Tecnw = 44776.7
       Tnw = 497.665
       Tec = 1985.12
     twoNb = 1.30364e+06
     twoNe = 50748.1
     twoNc = 851175
     twoNn = 242315
     twoNw = 1.07713e+06
    twoNec = 91488.4
    twoNnw = 123190
  twoNecnw = 21356.8
  twoNbecnw = 55052.4
        m2 = 0.0475011
        m3 = 0.178159
        m5 = 0.258717
        m6 = 0.168699
        Tb = 23380.9
        Tc = 248.833
        Te = 124.416
        Tf = 62.2082
DiffEv reached_goal. cost=2.15367e-03 spread=2.40654e-06
Fitted parameter values
Free:
       pc1 = 1.71
       pc2 = -2.05494
       pc3 = 1.98464
       pc4 = -1.96343
       pc5 = -1.17511
       pc6 = -0.496108
       pc7 = -1.98813
       pc8 = -1.95832
       pc9 = -1.00051
      pc10 = 0.128557
      pc11 = 1.23841
      pc12 = 1.02403
      pc13 = -0.0788897
      pc14 = -0.301538
      pc15 = -0.203525
      pc16 = 0.030865
Constrained:
     Tecnw = 44548.5
       Tnw = 175.909
       Tec = 401.142
     twoNb = 3.33946e+06
     twoNe = 9283.54
     twoNc = 826470
     twoNn = 185565
     twoNw = 784204
    twoNec = 94510.3
    twoNnw = 126449
  twoNecnw = 21249.4
  twoNbecnw = 54563.6
        m2 = 0.0481772
        m3 = 0.176031
        m5 = 0.24558
        m6 = 0.160543
        Tb = 22474.8
        Tc = 87.9545
        Te = 43.9772
        Tf = 21.9886
#       SitePat  BranchLen
              b 121981.8861244
              e 45301.0626537
              c 47095.5419361
              n 43629.5336998
              w 46345.6679481
            b:e 1455.3960769
            b:c 1609.4706386
            b:n 1067.1074293
            b:w 1164.7676454
            e:c 12280.2752173
            e:n 4946.0081283
            e:w 4207.9583197
            c:n 4536.6452016
            c:w 3547.9817571
            n:w 12384.9865803
          b:e:c 1340.3097773
          b:e:n 563.3845573
          b:e:w 576.8272482
          b:c:n 578.4554064
          b:c:w 561.9751124
          b:n:w 1330.5029718
          e:c:n 4830.5958808
          e:c:w 3851.9347884
          e:n:w 5855.7572420
          c:n:w 5125.4195881
        b:e:c:n 1167.5459336
        b:e:c:w 1062.1634177
        b:e:n:w 1572.3720360
        b:c:n:w 1423.2766219
        e:c:n:w 48443.8497200
