########################################
# legofit: estimate population history #
#       version 2.3.4-4-g53f8760       #
########################################

# Program was compiled: Sep 21 2021 14:36:42
# Program was run: Wed Sep 22 11:06:32 2021

# cmd: legofit -1 -d 0 -t 32 --ptsPerDim 3 --stateOut b1.state --tol 3e-6 -S 5000 cde2.lgo ../../chrX/pan_chrX.opf
# Stage nOptItr nSimReps
#     0    5000        0
# algorithm          : deterministic
# ignoring probs <=  : 0
# Branch length floor: 0
# DE strategy        : 2
#    F               : 0.3
#    CR              : 0.8
#    tolerance       : 3e-06
# nthreads           : 32
# lgo input file     : cde2.lgo
# site pat input file: ../../chrX/pan_chrX.opf
# free parameters    : 15
# points in DE swarm : 45
# output state file  : b1.state
# Including singleton site patterns.
# cost function      : KL
Initial parameter values
Fixed:
      zero = 0
       one = 1
    Tbecnw = 75200
Free:
       pc1 = 0
       pc2 = 0
       pc3 = 0
       pc4 = 0
       pc5 = 0
       pc6 = 0
       pc7 = 0
       pc8 = 0
       pc9 = 0
      pc10 = 0
      pc11 = 0
      pc12 = 0
      pc13 = 0
      pc14 = 0
      pc15 = 0
Constrained:
     Tecnw = 36832.2
       Tnw = 6092.24
       Tec = 3097.78
     twoNb = 732349
     twoNe = 2542.79
     twoNc = 150204
     twoNn = 144937
     twoNw = 1.5948e+06
    twoNec = 159588
    twoNnw = 85968.9
  twoNecnw = 29234.6
  twoNbecnw = 52192.8
        m3 = 0.228709
        m4 = 0.00311822
        m5 = 0.123058
        Tc = 3046.12
        Td = 1523.06
        Te = 761.53
DiffEv reached_goal. cost=2.61237e-03 spread=2.04099e-06
Fitted parameter values
Free:
       pc1 = 3.9632
       pc2 = 3.86773
       pc3 = 0.240958
       pc4 = -0.538903
       pc5 = -1.18891
       pc6 = -0.368793
       pc7 = 1.35884
       pc8 = 0.436984
       pc9 = 0.60521
      pc10 = -1.29442
      pc11 = -0.988205
      pc12 = -0.895098
      pc13 = 0.42954
      pc14 = 0.304782
      pc15 = 0.0047333
Constrained:
     Tecnw = 36859.7
       Tnw = 3056.37
       Tec = 1563.68
     twoNb = 1.62178e+06
     twoNe = 3127.06
     twoNc = 213552
     twoNn = 145647
     twoNw = 1.71759e+06
    twoNec = 166260
    twoNnw = 100686
  twoNecnw = 28698
  twoNbecnw = 52029.2
        m3 = 0.226857
        m4 = 0.0114722
        m5 = 0.108156
        Tc = 1528.18
        Td = 764.092
        Te = 382.046
#       SitePat  BranchLen
              b 119589.1174821
              e 44623.1776460
              c 46968.7334819
              n 42248.6378309
              w 44972.2568224
            b:e 1218.4708221
            b:c 1520.9648976
            b:n 1073.2752652
            b:w 1247.2283560
            e:c 11032.4672511
            e:n 4689.8513766
            e:w 4048.4779180
            c:n 4290.4796856
            c:w 3228.6494007
            n:w 12526.7319134
          b:e:c 1346.5047619
          b:e:n 605.0900500
          b:e:w 626.7082918
          b:c:n 627.5836291
          b:c:w 606.0438259
          b:n:w 1345.1847119
          e:c:n 5293.5400344
          e:c:w 4273.1247863
          e:n:w 6083.8308456
          c:n:w 4911.3981716
        b:e:c:n 1248.1821320
        b:e:c:w 1074.1506025
        b:e:n:w 1478.0370143
        b:c:n:w 1219.7908721
        e:c:n:w 47184.7191820
