########################################
# legofit: estimate population history #
#       version 2.3.4-4-g53f8760       #
########################################

# Program was compiled: Sep 21 2021 14:36:42
# Program was run: Wed Sep 22 11:06:59 2021

# cmd: legofit -1 -d 0 -t 32 --ptsPerDim 3 --stateOut b1boot39.state --tol 3e-6 -S 5000 cde2.lgo ../../chrX/boot_chrX/boot39.opf
# Stage nOptItr nSimReps
#     0    5000        0
# algorithm          : deterministic
# ignoring probs <=  : 0
# Branch length floor: 0
# DE strategy        : 2
#    F               : 0.3
#    CR              : 0.8
#    tolerance       : 3e-06
# nthreads           : 32
# lgo input file     : cde2.lgo
# site pat input file: ../../chrX/boot_chrX/boot39.opf
# free parameters    : 15
# points in DE swarm : 45
# output state file  : b1boot39.state
# Including singleton site patterns.
# cost function      : KL
Initial parameter values
Fixed:
      zero = 0
       one = 1
    Tbecnw = 75200
Free:
       pc1 = 0
       pc2 = 0
       pc3 = 0
       pc4 = 0
       pc5 = 0
       pc6 = 0
       pc7 = 0
       pc8 = 0
       pc9 = 0
      pc10 = 0
      pc11 = 0
      pc12 = 0
      pc13 = 0
      pc14 = 0
      pc15 = 0
Constrained:
     Tecnw = 36832.2
       Tnw = 6092.24
       Tec = 3097.78
     twoNb = 732349
     twoNe = 2542.79
     twoNc = 150204
     twoNn = 144937
     twoNw = 1.5948e+06
    twoNec = 159588
    twoNnw = 85968.9
  twoNecnw = 29234.6
  twoNbecnw = 52192.8
        m3 = 0.228709
        m4 = 0.00311822
        m5 = 0.123058
        Tc = 3046.12
        Td = 1523.06
        Te = 761.53
DiffEv reached_goal. cost=2.70074e-03 spread=2.96793e-06
Fitted parameter values
Free:
       pc1 = 3.98119
       pc2 = 3.84514
       pc3 = -1.49378
       pc4 = 0.133369
       pc5 = -1.32427
       pc6 = -0.326671
       pc7 = 1.39305
       pc8 = 1.65078
       pc9 = 0.573297
      pc10 = 0.191995
      pc11 = -0.952815
      pc12 = -1.42019
      pc13 = 0.367294
      pc14 = 0.564538
      pc15 = 0.00878132
Constrained:
     Tecnw = 36348.8
       Tnw = 3045.94
       Tec = 1577.37
     twoNb = 1.54133e+06
     twoNe = 3606.07
     twoNc = 61817.3
     twoNn = 230393
     twoNw = 1.05252e+06
    twoNec = 171007
    twoNnw = 104158
  twoNecnw = 28879.2
  twoNbecnw = 52052.6
        m3 = 0.210753
        m4 = 0.0103791
        m5 = 0.103395
        Tc = 1522.97
        Td = 761.485
        Te = 380.742
#       SitePat  BranchLen
              b 119662.7521061
              e 44567.4615498
              c 46775.8775742
              n 42255.2798336
              w 44732.0781113
            b:e 1218.1023126
            b:c 1497.6489091
            b:n 1076.8233768
            b:w 1233.3768836
            e:c 10899.1376484
            e:n 4654.4330399
            e:w 4033.8366714
            c:n 4228.4381903
            c:w 3293.2370965
            n:w 12386.6394322
          b:e:c 1330.9465494
          b:e:n 607.1737305
          b:e:w 624.0451341
          b:c:n 624.8778541
          b:c:w 608.0748368
          b:n:w 1329.6991835
          e:c:n 5253.6925894
          e:c:w 4332.6917741
          e:n:w 6048.4231735
          c:n:w 4962.7701876
        b:e:c:n 1234.2779899
        b:e:c:w 1077.6560969
        b:e:n:w 1456.7987152
        b:c:n:w 1219.3496784
        e:c:n:w 47462.9263820
