########################################
# legofit: estimate population history #
#       version 2.3.4-4-g53f8760       #
########################################

# Program was compiled: Sep 21 2021 14:36:42
# Program was run: Wed Sep 22 11:06:45 2021

# cmd: legofit -1 -d 0 -t 32 --ptsPerDim 3 --stateOut b1boot17.state --tol 3e-6 -S 5000 cde2.lgo ../../chrX/boot_chrX/boot17.opf
# Stage nOptItr nSimReps
#     0    5000        0
# algorithm          : deterministic
# ignoring probs <=  : 0
# Branch length floor: 0
# DE strategy        : 2
#    F               : 0.3
#    CR              : 0.8
#    tolerance       : 3e-06
# nthreads           : 32
# lgo input file     : cde2.lgo
# site pat input file: ../../chrX/boot_chrX/boot17.opf
# free parameters    : 15
# points in DE swarm : 45
# output state file  : b1boot17.state
# Including singleton site patterns.
# cost function      : KL
Initial parameter values
Fixed:
      zero = 0
       one = 1
    Tbecnw = 75200
Free:
       pc1 = 0
       pc2 = 0
       pc3 = 0
       pc4 = 0
       pc5 = 0
       pc6 = 0
       pc7 = 0
       pc8 = 0
       pc9 = 0
      pc10 = 0
      pc11 = 0
      pc12 = 0
      pc13 = 0
      pc14 = 0
      pc15 = 0
Constrained:
     Tecnw = 36832.2
       Tnw = 6092.24
       Tec = 3097.78
     twoNb = 732349
     twoNe = 2542.79
     twoNc = 150204
     twoNn = 144937
     twoNw = 1.5948e+06
    twoNec = 159588
    twoNnw = 85968.9
  twoNecnw = 29234.6
  twoNbecnw = 52192.8
        m3 = 0.228709
        m4 = 0.00311822
        m5 = 0.123058
        Tc = 3046.12
        Td = 1523.06
        Te = 761.53
DiffEv reached_goal. cost=2.65280e-03 spread=2.30571e-06
Fitted parameter values
Free:
       pc1 = 3.96807
       pc2 = 3.96646
       pc3 = -0.634593
       pc4 = -1.50127
       pc5 = -1.32609
       pc6 = -0.938968
       pc7 = 1.60987
       pc8 = 0.273522
       pc9 = 0.386844
      pc10 = -1.13199
      pc11 = -1.88009
      pc12 = -0.195533
      pc13 = 0.59295
      pc14 = 0.453294
      pc15 = -0.0206385
Constrained:
     Tecnw = 36842.8
       Tnw = 2632.1
       Tec = 1353.3
     twoNb = 1.65711e+06
     twoNe = 4220.3
     twoNc = 253435
     twoNn = 78809.4
     twoNw = 1.31279e+06
    twoNec = 160117
    twoNnw = 104231
  twoNecnw = 28594
  twoNbecnw = 51523.9
        m3 = 0.221977
        m4 = 0.0109298
        m5 = 0.103654
        Tc = 1316.05
        Td = 658.025
        Te = 329.012
#       SitePat  BranchLen
              b 119211.7397617
              e 44331.1150566
              c 46529.2791515
              n 42243.4939095
              w 45011.7999391
            b:e 1190.6799483
            b:c 1473.0689892
            b:n 1065.2499024
            b:w 1240.4250493
            e:c 11249.8564170
            e:n 4625.4275667
            e:w 3973.9508602
            c:n 4263.9427360
            c:w 3192.5055323
            n:w 12492.5232071
          b:e:c 1335.3743975
          b:e:n 592.4405574
          b:e:w 613.2689566
          b:c:n 614.0763095
          b:c:w 593.3221497
          b:n:w 1334.1599715
          e:c:n 5329.6795750
          e:c:w 4284.2874556
          e:n:w 5937.3072572
          c:n:w 4839.2499367
        b:e:c:n 1241.3066417
        b:e:c:w 1066.0572553
        b:e:n:w 1433.1489763
        b:c:n:w 1191.8943743
        e:c:n:w 46992.3123193
