########################################
# legofit: estimate population history #
#       version 2.3.4-4-g53f8760       #
########################################

# Program was compiled: Sep 21 2021 14:36:42
# Program was run: Wed Sep 22 11:06:41 2021

# cmd: legofit -1 -d 0 -t 32 --ptsPerDim 3 --stateOut b1boot16.state --tol 3e-6 -S 5000 cde2.lgo ../../chrX/boot_chrX/boot16.opf
# Stage nOptItr nSimReps
#     0    5000        0
# algorithm          : deterministic
# ignoring probs <=  : 0
# Branch length floor: 0
# DE strategy        : 2
#    F               : 0.3
#    CR              : 0.8
#    tolerance       : 3e-06
# nthreads           : 32
# lgo input file     : cde2.lgo
# site pat input file: ../../chrX/boot_chrX/boot16.opf
# free parameters    : 15
# points in DE swarm : 45
# output state file  : b1boot16.state
# Including singleton site patterns.
# cost function      : KL
Initial parameter values
Fixed:
      zero = 0
       one = 1
    Tbecnw = 75200
Free:
       pc1 = 0
       pc2 = 0
       pc3 = 0
       pc4 = 0
       pc5 = 0
       pc6 = 0
       pc7 = 0
       pc8 = 0
       pc9 = 0
      pc10 = 0
      pc11 = 0
      pc12 = 0
      pc13 = 0
      pc14 = 0
      pc15 = 0
Constrained:
     Tecnw = 36832.2
       Tnw = 6092.24
       Tec = 3097.78
     twoNb = 732349
     twoNe = 2542.79
     twoNc = 150204
     twoNn = 144937
     twoNw = 1.5948e+06
    twoNec = 159588
    twoNnw = 85968.9
  twoNecnw = 29234.6
  twoNbecnw = 52192.8
        m3 = 0.228709
        m4 = 0.00311822
        m5 = 0.123058
        Tc = 3046.12
        Td = 1523.06
        Te = 761.53
DiffEv reached_goal. cost=2.58496e-03 spread=2.81301e-06
Fitted parameter values
Free:
       pc1 = 3.87848
       pc2 = 3.96612
       pc3 = 1.90198
       pc4 = -1.86284
       pc5 = -1.70307
       pc6 = 0.440001
       pc7 = 0.272711
       pc8 = 0.720239
       pc9 = 0.159926
      pc10 = -1.46075
      pc11 = -0.768839
      pc12 = -0.671451
      pc13 = -0.0352067
      pc14 = -0.0228127
      pc15 = -0.00806053
Constrained:
     Tecnw = 37518
       Tnw = 3538.26
       Tec = 1805.15
     twoNb = 1.51435e+06
     twoNe = 4300.65
     twoNc = 215458
     twoNn = 163704
     twoNw = 1.55084e+06
    twoNec = 166709
    twoNnw = 94300.7
  twoNecnw = 28474.1
  twoNbecnw = 52367.9
        m3 = 0.247649
        m4 = 0.0129276
        m5 = 0.107944
        Tc = 1769.13
        Td = 884.565
        Te = 442.283
#       SitePat  BranchLen
              b 119784.6583383
              e 45039.8490462
              c 47493.2500144
              n 42346.2038213
              w 45306.5969145
            b:e 1241.3778451
            b:c 1576.9025783
            b:n 1073.9720295
            b:w 1266.7531923
            e:c 11051.4604809
            e:n 4724.3234156
            e:w 4058.6373400
            c:n 4359.3698574
            c:w 3176.1324575
            n:w 12723.3204629
          b:e:c 1375.4624186
          b:e:n 610.1309557
          b:e:w 636.4132772
          b:c:n 637.4728220
          b:c:w 611.2936428
          b:n:w 1373.8423491
          e:c:n 5305.3230102
          e:c:w 4193.8533926
          e:n:w 6176.4615351
          c:n:w 4914.9061180
        b:e:c:n 1267.9158793
        b:e:c:w 1075.0315743
        b:e:n:w 1525.1319902
        b:c:n:w 1242.9979146
        e:c:n:w 47017.9846461
