########################################
# legofit: estimate population history #
#       version 2.3.4-4-g53f8760       #
########################################

# Program was compiled: Sep 21 2021 14:36:42
# Program was run: Wed Sep 22 11:06:32 2021

# cmd: legofit -1 -d 0 -t 32 --ptsPerDim 3 --stateOut b1boot4.state --tol 3e-6 -S 5000 cde2.lgo ../../chrX/boot_chrX/boot4.opf
# Stage nOptItr nSimReps
#     0    5000        0
# algorithm          : deterministic
# ignoring probs <=  : 0
# Branch length floor: 0
# DE strategy        : 2
#    F               : 0.3
#    CR              : 0.8
#    tolerance       : 3e-06
# nthreads           : 32
# lgo input file     : cde2.lgo
# site pat input file: ../../chrX/boot_chrX/boot4.opf
# free parameters    : 15
# points in DE swarm : 45
# output state file  : b1boot4.state
# Including singleton site patterns.
# cost function      : KL
Initial parameter values
Fixed:
      zero = 0
       one = 1
    Tbecnw = 75200
Free:
       pc1 = 0
       pc2 = 0
       pc3 = 0
       pc4 = 0
       pc5 = 0
       pc6 = 0
       pc7 = 0
       pc8 = 0
       pc9 = 0
      pc10 = 0
      pc11 = 0
      pc12 = 0
      pc13 = 0
      pc14 = 0
      pc15 = 0
Constrained:
     Tecnw = 36832.2
       Tnw = 6092.24
       Tec = 3097.78
     twoNb = 732349
     twoNe = 2542.79
     twoNc = 150204
     twoNn = 144937
     twoNw = 1.5948e+06
    twoNec = 159588
    twoNnw = 85968.9
  twoNecnw = 29234.6
  twoNbecnw = 52192.8
        m3 = 0.228709
        m4 = 0.00311822
        m5 = 0.123058
        Tc = 3046.12
        Td = 1523.06
        Te = 761.53
DiffEv reached_goal. cost=2.55068e-03 spread=2.98442e-06
Fitted parameter values
Free:
       pc1 = 3.98945
       pc2 = 3.95847
       pc3 = 1.26087
       pc4 = -1.5539
       pc5 = 0.281755
       pc6 = 0.299306
       pc7 = 1.00778
       pc8 = -0.0746734
       pc9 = -0.354413
      pc10 = -1.56883
      pc11 = -1.25529
      pc12 = -0.608735
      pc13 = 0.460058
      pc14 = 0.232388
      pc15 = 0.0247441
Constrained:
     Tecnw = 37141
       Tnw = 3185.49
       Tec = 1672.77
     twoNb = 1.43964e+06
     twoNe = 3868.18
     twoNc = 394115
     twoNn = 29744
     twoNw = 1.68978e+06
    twoNec = 164137
    twoNnw = 99878.2
  twoNecnw = 28512.4
  twoNbecnw = 52981.1
        m3 = 0.234356
        m4 = 0.0120298
        m5 = 0.110064
        Tc = 1592.74
        Td = 796.372
        Te = 398.186
#       SitePat  BranchLen
              b 120392.1743576
              e 44637.7712631
              c 47141.4869631
              n 42290.5736413
              w 45227.5989996
            b:e 1234.3646486
            b:c 1562.0293861
            b:n 1088.3408845
            b:w 1277.4854371
            e:c 11081.1465048
            e:n 4812.6631800
            e:w 4065.8901386
            c:n 4322.6903817
            c:w 3231.2233188
            n:w 12540.0450794
          b:e:c 1369.9659056
          b:e:n 617.2723620
          b:e:w 637.2818323
          b:c:n 638.3280790
          b:c:w 618.4211555
          b:n:w 1368.3878542
          e:c:n 5374.0663070
          e:c:w 4275.2810531
          e:n:w 6140.6949633
          c:n:w 4906.7798572
        b:e:c:n 1278.6342306
        b:e:c:w 1089.3871313
        b:e:n:w 1510.9634535
        b:c:n:w 1235.9427000
        e:c:n:w 47793.5964440
