########################################
# legofit: estimate population history #
#       version 2.3.4-4-g53f8760       #
########################################

# Program was compiled: Sep 21 2021 14:36:42
# Program was run: Wed Sep 22 11:06:37 2021

# cmd: legofit -1 -d 0 -t 32 --ptsPerDim 3 --stateOut b1boot9.state --tol 3e-6 -S 5000 cde2.lgo ../../chrX/boot_chrX/boot9.opf
# Stage nOptItr nSimReps
#     0    5000        0
# algorithm          : deterministic
# ignoring probs <=  : 0
# Branch length floor: 0
# DE strategy        : 2
#    F               : 0.3
#    CR              : 0.8
#    tolerance       : 3e-06
# nthreads           : 32
# lgo input file     : cde2.lgo
# site pat input file: ../../chrX/boot_chrX/boot9.opf
# free parameters    : 15
# points in DE swarm : 45
# output state file  : b1boot9.state
# Including singleton site patterns.
# cost function      : KL
Initial parameter values
Fixed:
      zero = 0
       one = 1
    Tbecnw = 75200
Free:
       pc1 = 0
       pc2 = 0
       pc3 = 0
       pc4 = 0
       pc5 = 0
       pc6 = 0
       pc7 = 0
       pc8 = 0
       pc9 = 0
      pc10 = 0
      pc11 = 0
      pc12 = 0
      pc13 = 0
      pc14 = 0
      pc15 = 0
Constrained:
     Tecnw = 36832.2
       Tnw = 6092.24
       Tec = 3097.78
     twoNb = 732349
     twoNe = 2542.79
     twoNc = 150204
     twoNn = 144937
     twoNw = 1.5948e+06
    twoNec = 159588
    twoNnw = 85968.9
  twoNecnw = 29234.6
  twoNbecnw = 52192.8
        m3 = 0.228709
        m4 = 0.00311822
        m5 = 0.123058
        Tc = 3046.12
        Td = 1523.06
        Te = 761.53
DiffEv reached_goal. cost=2.60401e-03 spread=2.96467e-06
Fitted parameter values
Free:
       pc1 = 3.9476
       pc2 = 3.7941
       pc3 = -0.242725
       pc4 = 0.366222
       pc5 = -1.05348
       pc6 = -0.773281
       pc7 = 1.74694
       pc8 = -0.674329
       pc9 = -0.204667
      pc10 = -1.23837
      pc11 = -1.48637
      pc12 = -0.211478
      pc13 = 0.254317
      pc14 = 0.541054
      pc15 = -0.00529976
Constrained:
     Tecnw = 36743
       Tnw = 2773.19
       Tec = 1421.53
     twoNb = 1.4286e+06
     twoNe = 2851.21
     twoNc = 314242
     twoNn = 106250
     twoNw = 2.24976e+06
    twoNec = 165008
    twoNnw = 104491
  twoNecnw = 28757.4
  twoNbecnw = 51556.1
        m3 = 0.218623
        m4 = 0.010352
        m5 = 0.101116
        Tc = 1386.59
        Td = 693.297
        Te = 346.649
#       SitePat  BranchLen
              b 119198.2069363
              e 44530.0308636
              c 46680.8933513
              n 42331.4706193
              w 45019.8467837
            b:e 1204.9128956
            b:c 1481.7222061
            b:n 1072.0414863
            b:w 1241.8350857
            e:c 11136.5233055
            e:n 4644.0049117
            e:w 3978.6103479
            c:n 4252.7893600
            c:w 3235.3914531
            n:w 12471.8269752
          b:e:c 1337.6540417
          b:e:n 599.7640847
          b:e:w 618.0917896
          b:c:n 618.9813648
          b:c:w 600.7333816
          b:n:w 1336.3165054
          e:c:n 5307.1079843
          e:c:w 4301.5242906
          e:n:w 5953.9191006
          c:n:w 4890.6018532
        b:e:c:n 1242.8043826
        b:e:c:w 1072.9310615
        b:e:n:w 1438.0294083
        b:c:n:w 1206.2504319
        e:c:n:w 46904.3665940
