########################################
# legofit: estimate population history #
#       version 2.3.4-4-g53f8760       #
########################################

# Program was compiled: Sep 21 2021 14:36:42
# Program was run: Wed Sep 22 11:07:03 2021

# cmd: legofit -1 -d 0 -t 32 --ptsPerDim 3 --stateOut b1boot42.state --tol 3e-6 -S 5000 cde2.lgo ../../chrX/boot_chrX/boot42.opf
# Stage nOptItr nSimReps
#     0    5000        0
# algorithm          : deterministic
# ignoring probs <=  : 0
# Branch length floor: 0
# DE strategy        : 2
#    F               : 0.3
#    CR              : 0.8
#    tolerance       : 3e-06
# nthreads           : 32
# lgo input file     : cde2.lgo
# site pat input file: ../../chrX/boot_chrX/boot42.opf
# free parameters    : 15
# points in DE swarm : 45
# output state file  : b1boot42.state
# Including singleton site patterns.
# cost function      : KL
Initial parameter values
Fixed:
      zero = 0
       one = 1
    Tbecnw = 75200
Free:
       pc1 = 0
       pc2 = 0
       pc3 = 0
       pc4 = 0
       pc5 = 0
       pc6 = 0
       pc7 = 0
       pc8 = 0
       pc9 = 0
      pc10 = 0
      pc11 = 0
      pc12 = 0
      pc13 = 0
      pc14 = 0
      pc15 = 0
Constrained:
     Tecnw = 36832.2
       Tnw = 6092.24
       Tec = 3097.78
     twoNb = 732349
     twoNe = 2542.79
     twoNc = 150204
     twoNn = 144937
     twoNw = 1.5948e+06
    twoNec = 159588
    twoNnw = 85968.9
  twoNecnw = 29234.6
  twoNbecnw = 52192.8
        m3 = 0.228709
        m4 = 0.00311822
        m5 = 0.123058
        Tc = 3046.12
        Td = 1523.06
        Te = 761.53
DiffEv reached_goal. cost=2.55929e-03 spread=2.75896e-06
Fitted parameter values
Free:
       pc1 = 3.92047
       pc2 = 3.83717
       pc3 = 0.667681
       pc4 = -1.40684
       pc5 = -1.59483
       pc6 = 0.352255
       pc7 = 1.66081
       pc8 = 0.680703
       pc9 = -0.0702411
      pc10 = -0.795816
      pc11 = -0.119961
      pc12 = -1.38384
      pc13 = 0.331779
      pc14 = 0.396313
      pc15 = 0.0159682
Constrained:
     Tecnw = 36948.7
       Tnw = 3479.93
       Tec = 1782.86
     twoNb = 1.49594e+06
     twoNe = 2757.43
     twoNc = 237369
     twoNn = 158463
     twoNw = 1.00359e+06
    twoNec = 171198
    twoNnw = 99393.5
  twoNecnw = 28505.4
  twoNbecnw = 52027.3
        m3 = 0.236541
        m4 = 0.012279
        m5 = 0.108087
        Tc = 1739.96
        Td = 869.982
        Te = 434.991
#       SitePat  BranchLen
              b 119606.4246590
              e 44777.8316684
              c 47191.9385975
              n 42312.8886491
              w 45088.9648496
            b:e 1215.9778953
            b:c 1535.6650262
            b:n 1064.5368403
            b:w 1240.5005304
            e:c 10781.8387356
            e:n 4746.3938795
            e:w 4065.9370161
            c:n 4308.7869965
            c:w 3242.3298827
            n:w 12337.1193060
          b:e:c 1326.0873388
          b:e:n 607.6650878
          b:e:w 628.3334762
          b:c:n 629.3416846
          b:c:w 608.7657841
          b:n:w 1324.5742837
          e:c:n 5269.4011354
          e:c:w 4240.2389121
          e:n:w 6113.2153625
          c:n:w 4907.0513806
        b:e:c:n 1241.6012267
        b:e:c:w 1065.5450486
        b:e:n:w 1486.0159167
        b:c:n:w 1217.4909504
        e:c:n:w 47232.4430491
