########################################
# legofit: estimate population history #
#       version 2.3.4-4-g53f8760       #
########################################

# Program was compiled: Sep 21 2021 14:36:42
# Program was run: Wed Sep 22 11:06:50 2021

# cmd: legofit -1 -d 0 -t 32 --ptsPerDim 3 --stateOut b1boot26.state --tol 3e-6 -S 5000 cde2.lgo ../../chrX/boot_chrX/boot26.opf
# Stage nOptItr nSimReps
#     0    5000        0
# algorithm          : deterministic
# ignoring probs <=  : 0
# Branch length floor: 0
# DE strategy        : 2
#    F               : 0.3
#    CR              : 0.8
#    tolerance       : 3e-06
# nthreads           : 32
# lgo input file     : cde2.lgo
# site pat input file: ../../chrX/boot_chrX/boot26.opf
# free parameters    : 15
# points in DE swarm : 45
# output state file  : b1boot26.state
# Including singleton site patterns.
# cost function      : KL
Initial parameter values
Fixed:
      zero = 0
       one = 1
    Tbecnw = 75200
Free:
       pc1 = 0
       pc2 = 0
       pc3 = 0
       pc4 = 0
       pc5 = 0
       pc6 = 0
       pc7 = 0
       pc8 = 0
       pc9 = 0
      pc10 = 0
      pc11 = 0
      pc12 = 0
      pc13 = 0
      pc14 = 0
      pc15 = 0
Constrained:
     Tecnw = 36832.2
       Tnw = 6092.24
       Tec = 3097.78
     twoNb = 732349
     twoNe = 2542.79
     twoNc = 150204
     twoNn = 144937
     twoNw = 1.5948e+06
    twoNec = 159588
    twoNnw = 85968.9
  twoNecnw = 29234.6
  twoNbecnw = 52192.8
        m3 = 0.228709
        m4 = 0.00311822
        m5 = 0.123058
        Tc = 3046.12
        Td = 1523.06
        Te = 761.53
DiffEv reached_goal. cost=2.64770e-03 spread=2.85514e-06
Fitted parameter values
Free:
       pc1 = 3.96824
       pc2 = 3.96734
       pc3 = -0.233656
       pc4 = 0.894424
       pc5 = -0.765617
       pc6 = 1.98776
       pc7 = 1.80025
       pc8 = 1.25184
       pc9 = 1.22345
      pc10 = -0.753375
      pc11 = 0.167622
      pc12 = -0.585635
      pc13 = 0.225012
      pc14 = 0.435468
      pc15 = 0.0223304
Constrained:
     Tecnw = 36893
       Tnw = 3142.46
       Tec = 1582.81
     twoNb = 1.49852e+06
     twoNe = 972.308
     twoNc = 54902.9
     twoNn = 60931.7
     twoNw = 1.49297e+06
    twoNec = 174855
    twoNnw = 102013
  twoNecnw = 29491.7
  twoNbecnw = 53016.9
        m3 = 0.225137
        m4 = 0.0110901
        m5 = 0.101419
        Tc = 1571.23
        Td = 785.614
        Te = 392.807
#       SitePat  BranchLen
              b 120126.0249730
              e 45341.5753656
              c 47579.8122911
              n 42782.4655053
              w 45439.0253539
            b:e 1302.2592657
            b:c 1601.2234145
            b:n 1139.0877284
            b:w 1315.2633740
            e:c 11080.2805542
            e:n 4773.1253252
            e:w 4125.1539054
            c:n 4374.3283560
            c:w 3356.1458801
            n:w 12692.4673099
          b:e:c 1418.2317264
          b:e:n 646.3292617
          b:e:w 666.4439102
          b:c:n 667.4144818
          b:c:w 647.3837246
          b:n:w 1416.7700999
          e:c:n 5380.0043635
          e:c:w 4389.5984107
          e:n:w 6206.4187382
          c:n:w 5087.3470646
        b:e:c:n 1316.3178369
        b:e:c:w 1140.0583000
        b:e:n:w 1556.0703331
        b:c:n:w 1303.7208922
        e:c:n:w 46920.7320257
