########################################
# legofit: estimate population history #
#       version 2.3.4-4-g53f8760       #
########################################

# Program was compiled: Sep 21 2021 14:36:42
# Program was run: Wed Sep 22 11:06:37 2021

# cmd: legofit -1 -d 0 -t 32 --ptsPerDim 3 --stateOut b1boot10.state --tol 3e-6 -S 5000 cde2.lgo ../../chrX/boot_chrX/boot10.opf
# Stage nOptItr nSimReps
#     0    5000        0
# algorithm          : deterministic
# ignoring probs <=  : 0
# Branch length floor: 0
# DE strategy        : 2
#    F               : 0.3
#    CR              : 0.8
#    tolerance       : 3e-06
# nthreads           : 32
# lgo input file     : cde2.lgo
# site pat input file: ../../chrX/boot_chrX/boot10.opf
# free parameters    : 15
# points in DE swarm : 45
# output state file  : b1boot10.state
# Including singleton site patterns.
# cost function      : KL
Initial parameter values
Fixed:
      zero = 0
       one = 1
    Tbecnw = 75200
Free:
       pc1 = 0
       pc2 = 0
       pc3 = 0
       pc4 = 0
       pc5 = 0
       pc6 = 0
       pc7 = 0
       pc8 = 0
       pc9 = 0
      pc10 = 0
      pc11 = 0
      pc12 = 0
      pc13 = 0
      pc14 = 0
      pc15 = 0
Constrained:
     Tecnw = 36832.2
       Tnw = 6092.24
       Tec = 3097.78
     twoNb = 732349
     twoNe = 2542.79
     twoNc = 150204
     twoNn = 144937
     twoNw = 1.5948e+06
    twoNec = 159588
    twoNnw = 85968.9
  twoNecnw = 29234.6
  twoNbecnw = 52192.8
        m3 = 0.228709
        m4 = 0.00311822
        m5 = 0.123058
        Tc = 3046.12
        Td = 1523.06
        Te = 761.53
DiffEv reached_goal. cost=2.41852e-03 spread=1.58567e-06
Fitted parameter values
Free:
       pc1 = 3.98749
       pc2 = 3.96748
       pc3 = -0.268154
       pc4 = -1.42106
       pc5 = 0.735551
       pc6 = -0.472995
       pc7 = 0.317671
       pc8 = 0.806764
       pc9 = 0.393738
      pc10 = -0.866274
      pc11 = -0.636943
      pc12 = 0.0953303
      pc13 = 0.771404
      pc14 = 0.335728
      pc15 = -0.047846
Constrained:
     Tecnw = 36850.1
       Tnw = 2839.02
       Tec = 1425.98
     twoNb = 1.51107e+06
     twoNe = 5335.09
     twoNc = 289246
     twoNn = 49089.8
     twoNw = 1.33726e+06
    twoNec = 164283
    twoNnw = 104966
  twoNecnw = 29249
  twoNbecnw = 52874.4
        m3 = 0.226507
        m4 = 0.0101248
        m5 = 0.116059
        Tc = 1419.51
        Td = 709.754
        Te = 354.877
#       SitePat  BranchLen
              b 120134.0144719
              e 44776.3823672
              c 47051.0826853
              n 42689.9953054
              w 45367.5522903
            b:e 1262.1946728
            b:c 1552.1727183
            b:n 1130.4249878
            b:w 1308.7272365
            e:c 11205.8857794
            e:n 4725.3643502
            e:w 4188.1179862
            c:n 4426.3442162
            c:w 3307.5273402
            n:w 12486.7372730
          b:e:c 1392.8907328
          b:e:n 631.9638974
          b:e:w 660.2390224
          b:c:n 661.1115272
          b:c:w 632.9095032
          b:n:w 1391.5976669
          e:c:n 5430.1592153
          e:c:w 4408.6654705
          e:n:w 6115.1029343
          c:n:w 4975.9748086
        b:e:c:n 1309.6728423
        b:e:c:w 1131.2974926
        b:e:n:w 1511.2453071
        b:c:n:w 1263.4877386
        e:c:n:w 47224.7677473
