########################################
# legofit: estimate population history #
#       version 2.3.4-4-g53f8760       #
########################################

# Program was compiled: Sep 21 2021 14:36:42
# Program was run: Wed Sep 22 11:07:03 2021

# cmd: legofit -1 -d 0 -t 32 --ptsPerDim 3 --stateOut b1boot46.state --tol 3e-6 -S 5000 cde2.lgo ../../chrX/boot_chrX/boot46.opf
# Stage nOptItr nSimReps
#     0    5000        0
# algorithm          : deterministic
# ignoring probs <=  : 0
# Branch length floor: 0
# DE strategy        : 2
#    F               : 0.3
#    CR              : 0.8
#    tolerance       : 3e-06
# nthreads           : 32
# lgo input file     : cde2.lgo
# site pat input file: ../../chrX/boot_chrX/boot46.opf
# free parameters    : 15
# points in DE swarm : 45
# output state file  : b1boot46.state
# Including singleton site patterns.
# cost function      : KL
Initial parameter values
Fixed:
      zero = 0
       one = 1
    Tbecnw = 75200
Free:
       pc1 = 0
       pc2 = 0
       pc3 = 0
       pc4 = 0
       pc5 = 0
       pc6 = 0
       pc7 = 0
       pc8 = 0
       pc9 = 0
      pc10 = 0
      pc11 = 0
      pc12 = 0
      pc13 = 0
      pc14 = 0
      pc15 = 0
Constrained:
     Tecnw = 36832.2
       Tnw = 6092.24
       Tec = 3097.78
     twoNb = 732349
     twoNe = 2542.79
     twoNc = 150204
     twoNn = 144937
     twoNw = 1.5948e+06
    twoNec = 159588
    twoNnw = 85968.9
  twoNecnw = 29234.6
  twoNbecnw = 52192.8
        m3 = 0.228709
        m4 = 0.00311822
        m5 = 0.123058
        Tc = 3046.12
        Td = 1523.06
        Te = 761.53
DiffEv reached_goal. cost=2.51131e-03 spread=2.78690e-06
Fitted parameter values
Free:
       pc1 = 3.87899
       pc2 = 3.87827
       pc3 = 0.0228846
       pc4 = -0.776989
       pc5 = -1.3666
       pc6 = -0.700503
       pc7 = -0.791891
       pc8 = -0.65438
       pc9 = 0.161503
      pc10 = -1.27688
      pc11 = -0.714128
      pc12 = -0.0963365
      pc13 = 0.0812332
      pc14 = 0.26753
      pc15 = -0.0415815
Constrained:
     Tecnw = 36902.1
       Tnw = 3184.31
       Tec = 1623.38
     twoNb = 1.37029e+06
     twoNe = 5732.55
     twoNc = 198046
     twoNn = 52221.6
     twoNw = 2.35785e+06
    twoNec = 166660
    twoNnw = 100965
  twoNecnw = 28859.1
  twoNbecnw = 51575.3
        m3 = 0.23711
        m4 = 0.010537
        m5 = 0.11065
        Tc = 1592.16
        Td = 796.078
        Te = 398.039
#       SitePat  BranchLen
              b 119141.8346992
              e 44703.4577488
              c 46953.4105791
              n 42402.5941916
              w 45185.0028784
            b:e 1216.9700164
            b:c 1507.4014016
            b:n 1075.9201830
            b:w 1254.5748696
            e:c 10977.2354348
            e:n 4699.2830859
            e:w 4091.4915403
            c:n 4374.0422113
            c:w 3245.5712800
            n:w 12374.2865201
          b:e:c 1336.6511109
          b:e:n 607.2706198
          b:e:w 632.7227337
          b:c:n 633.6747756
          b:c:w 608.3080249
          b:n:w 1335.2290464
          e:c:n 5328.1007687
          e:c:w 4281.9545588
          e:n:w 6031.6339692
          c:n:w 4903.2163597
        b:e:c:n 1255.6122748
        b:e:c:w 1076.8722250
        b:e:n:w 1461.1869991
        b:c:n:w 1218.3920810
        e:c:n:w 46662.1779749
