########################################
# legofit: estimate population history #
#       version 2.3.4-4-g53f8760       #
########################################

# Program was compiled: Sep 21 2021 14:36:42
# Program was run: Wed Sep 22 11:06:58 2021

# cmd: legofit -1 -d 0 -t 32 --ptsPerDim 3 --stateOut b1boot37.state --tol 3e-6 -S 5000 cde2.lgo ../../chrX/boot_chrX/boot37.opf
# Stage nOptItr nSimReps
#     0    5000        0
# algorithm          : deterministic
# ignoring probs <=  : 0
# Branch length floor: 0
# DE strategy        : 2
#    F               : 0.3
#    CR              : 0.8
#    tolerance       : 3e-06
# nthreads           : 32
# lgo input file     : cde2.lgo
# site pat input file: ../../chrX/boot_chrX/boot37.opf
# free parameters    : 15
# points in DE swarm : 45
# output state file  : b1boot37.state
# Including singleton site patterns.
# cost function      : KL
Initial parameter values
Fixed:
      zero = 0
       one = 1
    Tbecnw = 75200
Free:
       pc1 = 0
       pc2 = 0
       pc3 = 0
       pc4 = 0
       pc5 = 0
       pc6 = 0
       pc7 = 0
       pc8 = 0
       pc9 = 0
      pc10 = 0
      pc11 = 0
      pc12 = 0
      pc13 = 0
      pc14 = 0
      pc15 = 0
Constrained:
     Tecnw = 36832.2
       Tnw = 6092.24
       Tec = 3097.78
     twoNb = 732349
     twoNe = 2542.79
     twoNc = 150204
     twoNn = 144937
     twoNw = 1.5948e+06
    twoNec = 159588
    twoNnw = 85968.9
  twoNecnw = 29234.6
  twoNbecnw = 52192.8
        m3 = 0.228709
        m4 = 0.00311822
        m5 = 0.123058
        Tc = 3046.12
        Td = 1523.06
        Te = 761.53
DiffEv reached_goal. cost=2.43419e-03 spread=2.80810e-06
Fitted parameter values
Free:
       pc1 = 3.96511
       pc2 = 3.91597
       pc3 = 0.80533
       pc4 = -0.612562
       pc5 = -0.161118
       pc6 = 0.0340036
       pc7 = 0.815315
       pc8 = 0.704772
       pc9 = -0.310901
      pc10 = -0.0302278
      pc11 = -0.165406
      pc12 = -0.199983
      pc13 = 0.660774
      pc14 = 0.564938
      pc15 = -0.000605135
Constrained:
     Tecnw = 36897.8
       Tnw = 3081.6
       Tec = 1590.68
     twoNb = 1.35162e+06
     twoNe = 3976.86
     twoNc = 306613
     twoNn = 205377
     twoNw = 1.39247e+06
    twoNec = 170428
    twoNnw = 104654
  twoNecnw = 29065.2
  twoNbecnw = 52809.8
        m3 = 0.234653
        m4 = 0.00992116
        m5 = 0.107548
        Tc = 1540.8
        Td = 770.401
        Te = 385.201
#       SitePat  BranchLen
              b 120115.2577000
              e 44935.2232168
              c 47161.0091987
              n 42707.5514678
              w 45507.5796171
            b:e 1260.1228413
            b:c 1544.4850834
            b:n 1119.8759435
            b:w 1302.8318628
            e:c 10991.5604617
            e:n 4804.2668206
            e:w 4133.1459638
            c:n 4416.3676441
            c:w 3334.7373795
            n:w 12328.7382489
          b:e:c 1373.0190390
          b:e:n 635.1345118
          b:e:w 657.0528436
          b:c:n 657.9978860
          b:c:w 636.1652006
          b:n:w 1371.6193723
          e:c:n 5424.2073921
          e:c:w 4376.9303642
          e:n:w 6071.7156523
          c:n:w 4984.2026456
        b:e:c:n 1303.8625516
        b:e:c:w 1120.8209859
        b:e:n:w 1499.8256957
        b:c:n:w 1261.5225080
        e:c:n:w 47272.7056852
