########################################
# legofit: estimate population history #
#       version 2.3.4-4-g53f8760       #
########################################

# Program was compiled: Sep 21 2021 14:36:42
# Program was run: Wed Sep 22 11:07:03 2021

# cmd: legofit -1 -d 0 -t 32 --ptsPerDim 3 --stateOut b1boot45.state --tol 3e-6 -S 5000 cde2.lgo ../../chrX/boot_chrX/boot45.opf
# Stage nOptItr nSimReps
#     0    5000        0
# algorithm          : deterministic
# ignoring probs <=  : 0
# Branch length floor: 0
# DE strategy        : 2
#    F               : 0.3
#    CR              : 0.8
#    tolerance       : 3e-06
# nthreads           : 32
# lgo input file     : cde2.lgo
# site pat input file: ../../chrX/boot_chrX/boot45.opf
# free parameters    : 15
# points in DE swarm : 45
# output state file  : b1boot45.state
# Including singleton site patterns.
# cost function      : KL
Initial parameter values
Fixed:
      zero = 0
       one = 1
    Tbecnw = 75200
Free:
       pc1 = 0
       pc2 = 0
       pc3 = 0
       pc4 = 0
       pc5 = 0
       pc6 = 0
       pc7 = 0
       pc8 = 0
       pc9 = 0
      pc10 = 0
      pc11 = 0
      pc12 = 0
      pc13 = 0
      pc14 = 0
      pc15 = 0
Constrained:
     Tecnw = 36832.2
       Tnw = 6092.24
       Tec = 3097.78
     twoNb = 732349
     twoNe = 2542.79
     twoNc = 150204
     twoNn = 144937
     twoNw = 1.5948e+06
    twoNec = 159588
    twoNnw = 85968.9
  twoNecnw = 29234.6
  twoNbecnw = 52192.8
        m3 = 0.228709
        m4 = 0.00311822
        m5 = 0.123058
        Tc = 3046.12
        Td = 1523.06
        Te = 761.53
DiffEv reached_goal. cost=2.42798e-03 spread=2.68161e-06
Fitted parameter values
Free:
       pc1 = 3.95094
       pc2 = 3.89442
       pc3 = -0.515299
       pc4 = -1.10422
       pc5 = -1.60316
       pc6 = -1.18129
       pc7 = 1.21813
       pc8 = 0.36846
       pc9 = -0.72067
      pc10 = -0.876012
      pc11 = -0.600348
      pc12 = -0.263804
      pc13 = 0.577819
      pc14 = 0.32468
      pc15 = 0.0176153
Constrained:
     Tecnw = 36730.8
       Tnw = 2573.87
       Tec = 1362.78
     twoNb = 1.37489e+06
     twoNe = 4356.93
     twoNc = 287857
     twoNn = 185091
     twoNw = 1.29185e+06
    twoNec = 165633
    twoNnw = 103946
  twoNecnw = 28849.9
  twoNbecnw = 51197.8
        m3 = 0.226899
        m4 = 0.0114215
        m5 = 0.107847
        Tc = 1286.93
        Td = 643.467
        Te = 321.734
#       SitePat  BranchLen
              b 118851.2619957
              e 44417.5600428
              c 46781.4407058
              n 42171.1468371
              w 44969.5572476
            b:e 1197.6414656
            b:c 1501.0151049
            b:n 1063.5510002
            b:w 1238.6676650
            e:c 11025.9225673
            e:n 4747.5347668
            e:w 4043.2244974
            c:n 4291.4752439
            c:w 3239.1567810
            n:w 12429.4027262
          b:e:c 1323.7454587
          b:e:n 600.4700829
          b:e:w 619.3499048
          b:c:n 620.3650705
          b:c:w 601.5794944
          b:n:w 1322.2254153
          e:c:n 5314.5325145
          e:c:w 4272.7508363
          e:n:w 6024.7283661
          c:n:w 4867.4331366
        b:e:c:n 1239.7770765
        b:e:c:w 1064.5661659
        b:e:n:w 1451.1179198
        b:c:n:w 1199.1615091
        e:c:n:w 46551.5736639
