########################################
# legofit: estimate population history #
#       version 2.3.4-4-g53f8760       #
########################################

# Program was compiled: Sep 21 2021 14:36:42
# Program was run: Wed Sep 22 11:06:59 2021

# cmd: legofit -1 -d 0 -t 32 --ptsPerDim 3 --stateOut b1boot40.state --tol 3e-6 -S 5000 cde2.lgo ../../chrX/boot_chrX/boot40.opf
# Stage nOptItr nSimReps
#     0    5000        0
# algorithm          : deterministic
# ignoring probs <=  : 0
# Branch length floor: 0
# DE strategy        : 2
#    F               : 0.3
#    CR              : 0.8
#    tolerance       : 3e-06
# nthreads           : 32
# lgo input file     : cde2.lgo
# site pat input file: ../../chrX/boot_chrX/boot40.opf
# free parameters    : 15
# points in DE swarm : 45
# output state file  : b1boot40.state
# Including singleton site patterns.
# cost function      : KL
Initial parameter values
Fixed:
      zero = 0
       one = 1
    Tbecnw = 75200
Free:
       pc1 = 0
       pc2 = 0
       pc3 = 0
       pc4 = 0
       pc5 = 0
       pc6 = 0
       pc7 = 0
       pc8 = 0
       pc9 = 0
      pc10 = 0
      pc11 = 0
      pc12 = 0
      pc13 = 0
      pc14 = 0
      pc15 = 0
Constrained:
     Tecnw = 36832.2
       Tnw = 6092.24
       Tec = 3097.78
     twoNb = 732349
     twoNe = 2542.79
     twoNc = 150204
     twoNn = 144937
     twoNw = 1.5948e+06
    twoNec = 159588
    twoNnw = 85968.9
  twoNecnw = 29234.6
  twoNbecnw = 52192.8
        m3 = 0.228709
        m4 = 0.00311822
        m5 = 0.123058
        Tc = 3046.12
        Td = 1523.06
        Te = 761.53
DiffEv reached_goal. cost=2.54591e-03 spread=2.99617e-06
Fitted parameter values
Free:
       pc1 = 3.72651
       pc2 = 3.99374
       pc3 = -0.131799
       pc4 = -0.325754
       pc5 = -0.154594
       pc6 = -0.380819
       pc7 = 1.00175
       pc8 = 0.205061
       pc9 = -0.704632
      pc10 = 0.351225
      pc11 = -0.198056
      pc12 = -0.901901
      pc13 = 0.00279507
      pc14 = -0.0335597
      pc15 = 0.00386656
Constrained:
     Tecnw = 36545.8
       Tnw = 3123.36
       Tec = 1603.53
     twoNb = 1.27937e+06
     twoNe = 4296.1
     twoNc = 330821
     twoNn = 167425
     twoNw = 1.40446e+06
    twoNec = 174055
    twoNnw = 98482.2
  twoNecnw = 28931.7
  twoNbecnw = 52335.6
        m3 = 0.223311
        m4 = 0.0095258
        m5 = 0.106504
        Tc = 1561.68
        Td = 780.84
        Te = 390.42
#       SitePat  BranchLen
              b 119859.4031875
              e 44786.9948314
              c 47021.6126527
              n 42103.0843210
              w 44641.3459006
            b:e 1241.3815421
            b:c 1521.7249196
            b:n 1076.5558963
            b:w 1239.5790386
            e:c 10875.8710414
            e:n 4660.2709834
            e:w 4075.3347141
            c:n 4283.2451376
            c:w 3276.3501743
            n:w 12621.4134629
          b:e:c 1352.1196436
          b:e:n 610.7216775
          b:e:w 632.1966160
          b:c:n 633.1169242
          b:c:w 611.7182214
          b:n:w 1350.7235751
          e:c:n 5234.2850244
          e:c:w 4287.8546773
          e:n:w 6125.3156653
          c:n:w 5018.3123427
        b:e:c:n 1240.5755825
        b:e:c:w 1077.4762045
        b:e:n:w 1476.6419533
        b:c:n:w 1242.7776106
        e:c:n:w 47489.6724361
