########################################
# legofit: estimate population history #
#       version 2.3.4-4-g53f8760       #
########################################

# Program was compiled: Sep 21 2021 14:36:42
# Program was run: Wed Sep 22 11:06:54 2021

# cmd: legofit -1 -d 0 -t 32 --ptsPerDim 3 --stateOut b1boot33.state --tol 3e-6 -S 5000 cde2.lgo ../../chrX/boot_chrX/boot33.opf
# Stage nOptItr nSimReps
#     0    5000        0
# algorithm          : deterministic
# ignoring probs <=  : 0
# Branch length floor: 0
# DE strategy        : 2
#    F               : 0.3
#    CR              : 0.8
#    tolerance       : 3e-06
# nthreads           : 32
# lgo input file     : cde2.lgo
# site pat input file: ../../chrX/boot_chrX/boot33.opf
# free parameters    : 15
# points in DE swarm : 45
# output state file  : b1boot33.state
# Including singleton site patterns.
# cost function      : KL
Initial parameter values
Fixed:
      zero = 0
       one = 1
    Tbecnw = 75200
Free:
       pc1 = 0
       pc2 = 0
       pc3 = 0
       pc4 = 0
       pc5 = 0
       pc6 = 0
       pc7 = 0
       pc8 = 0
       pc9 = 0
      pc10 = 0
      pc11 = 0
      pc12 = 0
      pc13 = 0
      pc14 = 0
      pc15 = 0
Constrained:
     Tecnw = 36832.2
       Tnw = 6092.24
       Tec = 3097.78
     twoNb = 732349
     twoNe = 2542.79
     twoNc = 150204
     twoNn = 144937
     twoNw = 1.5948e+06
    twoNec = 159588
    twoNnw = 85968.9
  twoNecnw = 29234.6
  twoNbecnw = 52192.8
        m3 = 0.228709
        m4 = 0.00311822
        m5 = 0.123058
        Tc = 3046.12
        Td = 1523.06
        Te = 761.53
DiffEv reached_goal. cost=2.65746e-03 spread=2.96843e-06
Fitted parameter values
Free:
       pc1 = 3.81308
       pc2 = 3.95485
       pc3 = 0.730914
       pc4 = -1.05908
       pc5 = 0.954322
       pc6 = 0.166436
       pc7 = 1.06594
       pc8 = 0.567117
       pc9 = 0.0727356
      pc10 = -0.00129295
      pc11 = -1.865
      pc12 = -1.02444
      pc13 = 0.13261
      pc14 = -0.097154
      pc15 = -0.015477
Constrained:
     Tecnw = 36864.1
       Tnw = 3240.43
       Tec = 1650.54
     twoNb = 1.50916e+06
     twoNe = 4528.3
     twoNc = 348801
     twoNn = 103907
     twoNw = 1.40401e+06
    twoNec = 166848
    twoNnw = 96576.6
  twoNecnw = 28479.9
  twoNbecnw = 53564.2
        m3 = 0.221108
        m4 = 0.00961592
        m5 = 0.104921
        Tc = 1620.21
        Td = 810.107
        Te = 405.053
#       SitePat  BranchLen
              b 121012.9102287
              e 44721.4088001
              c 46948.2438683
              n 42082.4761515
              w 44686.6040008
            b:e 1249.8046976
            b:c 1530.8570555
            b:n 1085.0438045
            b:w 1255.5976605
            e:c 11143.3781383
            e:n 4597.1826762
            e:w 4017.4410818
            c:n 4252.6243956
            c:w 3213.2590003
            n:w 12827.0157286
          b:e:c 1387.8978735
          b:e:n 608.6939939
          b:e:w 631.7535284
          b:c:n 632.5479108
          b:c:w 609.5566237
          b:n:w 1386.6779418
          e:c:n 5267.5154189
          e:c:w 4282.4945593
          e:n:w 6122.8182441
          c:n:w 5002.6063037
        b:e:c:n 1256.4602903
        b:e:c:w 1085.8381869
        b:e:n:w 1491.6167651
        b:c:n:w 1251.0246293
        e:c:n:w 48611.9769362
