########################################
# legofit: estimate population history #
#       version 2.3.4-4-g53f8760       #
########################################

# Program was compiled: Sep 21 2021 14:36:42
# Program was run: Wed Sep 22 11:06:32 2021

# cmd: legofit -1 -d 0 -t 32 --ptsPerDim 3 --stateOut b1boot2.state --tol 3e-6 -S 5000 cde2.lgo ../../chrX/boot_chrX/boot2.opf
# Stage nOptItr nSimReps
#     0    5000        0
# algorithm          : deterministic
# ignoring probs <=  : 0
# Branch length floor: 0
# DE strategy        : 2
#    F               : 0.3
#    CR              : 0.8
#    tolerance       : 3e-06
# nthreads           : 32
# lgo input file     : cde2.lgo
# site pat input file: ../../chrX/boot_chrX/boot2.opf
# free parameters    : 15
# points in DE swarm : 45
# output state file  : b1boot2.state
# Including singleton site patterns.
# cost function      : KL
Initial parameter values
Fixed:
      zero = 0
       one = 1
    Tbecnw = 75200
Free:
       pc1 = 0
       pc2 = 0
       pc3 = 0
       pc4 = 0
       pc5 = 0
       pc6 = 0
       pc7 = 0
       pc8 = 0
       pc9 = 0
      pc10 = 0
      pc11 = 0
      pc12 = 0
      pc13 = 0
      pc14 = 0
      pc15 = 0
Constrained:
     Tecnw = 36832.2
       Tnw = 6092.24
       Tec = 3097.78
     twoNb = 732349
     twoNe = 2542.79
     twoNc = 150204
     twoNn = 144937
     twoNw = 1.5948e+06
    twoNec = 159588
    twoNnw = 85968.9
  twoNecnw = 29234.6
  twoNbecnw = 52192.8
        m3 = 0.228709
        m4 = 0.00311822
        m5 = 0.123058
        Tc = 3046.12
        Td = 1523.06
        Te = 761.53
DiffEv reached_goal. cost=2.65315e-03 spread=2.62774e-06
Fitted parameter values
Free:
       pc1 = 3.97935
       pc2 = 3.93925
       pc3 = -0.0472724
       pc4 = -0.743129
       pc5 = -1.5234
       pc6 = -1.08159
       pc7 = 0.26386
       pc8 = -0.400903
       pc9 = 1.07923
      pc10 = -1.9535
      pc11 = -0.626181
      pc12 = -0.518527
      pc13 = -0.238776
      pc14 = -0.114833
      pc15 = -0.0086408
Constrained:
     Tecnw = 37004.3
       Tnw = 3023.69
       Tec = 1542.42
     twoNb = 1.67725e+06
     twoNe = 4530.7
     twoNc = 189944
     twoNn = 50186.5
     twoNw = 2.30166e+06
    twoNec = 166658
    twoNnw = 96897.7
  twoNecnw = 28864.3
  twoNbecnw = 51293.1
        m3 = 0.230004
        m4 = 0.011271
        m5 = 0.114331
        Tc = 1511.85
        Td = 755.923
        Te = 377.961
#       SitePat  BranchLen
              b 118888.5728328
              e 44716.0573969
              c 47164.0929573
              n 42102.6687613
              w 44803.0342942
            b:e 1217.9731726
            b:c 1522.2323569
            b:n 1059.7737776
            b:w 1232.4297358
            e:c 11037.1644212
            e:n 4666.2001874
            e:w 4086.0659397
            c:n 4296.6688545
            c:w 3190.6839643
            n:w 12743.5127720
          b:e:c 1348.8085327
          b:e:n 597.9276452
          b:e:w 623.7003982
          b:c:n 624.5245604
          b:c:w 598.8237155
          b:n:w 1347.5525531
          e:c:n 5229.6048770
          e:c:w 4215.3584820
          e:n:w 6138.3651485
          c:n:w 4911.7958520
        b:e:c:n 1233.3258061
        b:e:c:w 1060.5979398
        b:e:n:w 1481.7615246
        b:c:n:w 1219.2291522
        e:c:n:w 46404.3222315
