########################################
# legofit: estimate population history #
#       version 2.3.4-4-g53f8760       #
########################################

# Program was compiled: Sep 21 2021 14:36:42
# Program was run: Wed Sep 22 11:06:59 2021

# cmd: legofit -1 -d 0 -t 32 --ptsPerDim 3 --stateOut b1boot38.state --tol 3e-6 -S 5000 cde2.lgo ../../chrX/boot_chrX/boot38.opf
# Stage nOptItr nSimReps
#     0    5000        0
# algorithm          : deterministic
# ignoring probs <=  : 0
# Branch length floor: 0
# DE strategy        : 2
#    F               : 0.3
#    CR              : 0.8
#    tolerance       : 3e-06
# nthreads           : 32
# lgo input file     : cde2.lgo
# site pat input file: ../../chrX/boot_chrX/boot38.opf
# free parameters    : 15
# points in DE swarm : 45
# output state file  : b1boot38.state
# Including singleton site patterns.
# cost function      : KL
Initial parameter values
Fixed:
      zero = 0
       one = 1
    Tbecnw = 75200
Free:
       pc1 = 0
       pc2 = 0
       pc3 = 0
       pc4 = 0
       pc5 = 0
       pc6 = 0
       pc7 = 0
       pc8 = 0
       pc9 = 0
      pc10 = 0
      pc11 = 0
      pc12 = 0
      pc13 = 0
      pc14 = 0
      pc15 = 0
Constrained:
     Tecnw = 36832.2
       Tnw = 6092.24
       Tec = 3097.78
     twoNb = 732349
     twoNe = 2542.79
     twoNc = 150204
     twoNn = 144937
     twoNw = 1.5948e+06
    twoNec = 159588
    twoNnw = 85968.9
  twoNecnw = 29234.6
  twoNbecnw = 52192.8
        m3 = 0.228709
        m4 = 0.00311822
        m5 = 0.123058
        Tc = 3046.12
        Td = 1523.06
        Te = 761.53
DiffEv reached_goal. cost=2.73693e-03 spread=2.26457e-06
Fitted parameter values
Free:
       pc1 = 3.92025
       pc2 = 3.93224
       pc3 = 1.50385
       pc4 = -0.686681
       pc5 = -1.84176
       pc6 = 0.985041
       pc7 = 1.05428
       pc8 = 0.156475
       pc9 = 0.621779
      pc10 = -0.276402
      pc11 = -0.711395
      pc12 = -1.71055
      pc13 = 0.829688
      pc14 = 0.365687
      pc15 = 0.0119046
Constrained:
     Tecnw = 36771.4
       Tnw = 3451.15
       Tec = 1759.82
     twoNb = 1.56439e+06
     twoNe = 2486.73
     twoNc = 161961
     twoNn = 182448
     twoNw = 1.58623e+06
    twoNec = 171727
    twoNnw = 98260.4
  twoNecnw = 28210.7
  twoNbecnw = 52602.4
        m3 = 0.245915
        m4 = 0.0111724
        m5 = 0.101869
        Tc = 1725.57
        Td = 862.787
        Te = 431.393
#       SitePat  BranchLen
              b 120264.6959995
              e 44583.7726849
              c 46830.2611154
              n 42071.6688453
              w 44939.1671821
            b:e 1207.2660985
            b:c 1501.6737346
            b:n 1053.7264256
            b:w 1234.8889431
            e:c 10731.2308226
            e:n 4725.4124818
            e:w 4013.7110074
            c:n 4331.1038468
            c:w 3238.6207610
            n:w 12243.4091783
          b:e:c 1312.1844446
          b:e:n 602.9679258
          b:e:w 623.2001917
          b:c:n 624.0700921
          b:c:w 603.9213083
          b:n:w 1310.8781652
          e:c:n 5294.4299977
          e:c:w 4231.1162211
          e:n:w 6037.4353264
          c:n:w 4913.6488657
        b:e:c:n 1235.8423256
        b:e:c:w 1054.5963260
        b:e:n:w 1458.1063852
        b:c:n:w 1208.5723779
        e:c:n:w 48185.3185043
