########################################
# legofit: estimate population history #
#       version 2.3.4-4-g53f8760       #
########################################

# Program was compiled: Sep 21 2021 14:36:42
# Program was run: Wed Sep 22 11:06:41 2021

# cmd: legofit -1 -d 0 -t 32 --ptsPerDim 3 --stateOut b1boot13.state --tol 3e-6 -S 5000 cde2.lgo ../../chrX/boot_chrX/boot13.opf
# Stage nOptItr nSimReps
#     0    5000        0
# algorithm          : deterministic
# ignoring probs <=  : 0
# Branch length floor: 0
# DE strategy        : 2
#    F               : 0.3
#    CR              : 0.8
#    tolerance       : 3e-06
# nthreads           : 32
# lgo input file     : cde2.lgo
# site pat input file: ../../chrX/boot_chrX/boot13.opf
# free parameters    : 15
# points in DE swarm : 45
# output state file  : b1boot13.state
# Including singleton site patterns.
# cost function      : KL
Initial parameter values
Fixed:
      zero = 0
       one = 1
    Tbecnw = 75200
Free:
       pc1 = 0
       pc2 = 0
       pc3 = 0
       pc4 = 0
       pc5 = 0
       pc6 = 0
       pc7 = 0
       pc8 = 0
       pc9 = 0
      pc10 = 0
      pc11 = 0
      pc12 = 0
      pc13 = 0
      pc14 = 0
      pc15 = 0
Constrained:
     Tecnw = 36832.2
       Tnw = 6092.24
       Tec = 3097.78
     twoNb = 732349
     twoNe = 2542.79
     twoNc = 150204
     twoNn = 144937
     twoNw = 1.5948e+06
    twoNec = 159588
    twoNnw = 85968.9
  twoNecnw = 29234.6
  twoNbecnw = 52192.8
        m3 = 0.228709
        m4 = 0.00311822
        m5 = 0.123058
        Tc = 3046.12
        Td = 1523.06
        Te = 761.53
DiffEv reached_goal. cost=2.52512e-03 spread=2.58393e-06
Fitted parameter values
Free:
       pc1 = 3.94539
       pc2 = 3.97803
       pc3 = 1.86436
       pc4 = -1.9369
       pc5 = -1.55352
       pc6 = 0.869881
       pc7 = -0.525971
       pc8 = 0.618894
       pc9 = 0.0277706
      pc10 = -1.95813
      pc11 = -1.80843
      pc12 = -0.642466
      pc13 = 0.20849
      pc14 = 0.223816
      pc15 = 0.00833825
Constrained:
     Tecnw = 37526.2
       Tnw = 3583.28
       Tec = 1882.32
     twoNb = 1.43653e+06
     twoNe = 5051.42
     twoNc = 169297
     twoNn = 98884.1
     twoNw = 1.87549e+06
    twoNec = 161903
    twoNnw = 96458
  twoNecnw = 28237.6
  twoNbecnw = 52758.7
        m3 = 0.247908
        m4 = 0.0137866
        m5 = 0.105497
        Tc = 1791.64
        Td = 895.82
        Te = 447.91
#       SitePat  BranchLen
              b 120184.8890858
              e 44777.9649931
              c 47289.4799168
              n 42343.0602452
              w 45479.3948143
            b:e 1226.8665672
            b:c 1578.8988302
            b:n 1075.0780578
            b:w 1277.4631540
            e:c 11112.5373070
            e:n 4804.1836004
            e:w 4012.9340146
            c:n 4344.1203245
            c:w 3174.6933323
            n:w 12564.2920126
          b:e:c 1369.6363595
          b:e:n 610.9987136
          b:e:w 632.3898708
          b:c:n 633.5773454
          b:c:w 612.3120621
          b:n:w 1367.8318521
          e:c:n 5383.5092347
          e:c:w 4207.8512436
          e:n:w 6135.7343804
          c:n:w 4859.8149760
        b:e:c:n 1278.7765025
        b:e:c:w 1076.2655324
        b:e:n:w 1520.4957220
        b:c:n:w 1228.6710745
        e:c:n:w 47524.0066883
