########################################
# legofit: estimate population history #
#       version 2.3.4-4-g53f8760       #
########################################

# Program was compiled: Sep 21 2021 14:36:42
# Program was run: Wed Sep 22 11:06:37 2021

# cmd: legofit -1 -d 0 -t 32 --ptsPerDim 3 --stateOut b1boot8.state --tol 3e-6 -S 5000 cde2.lgo ../../chrX/boot_chrX/boot8.opf
# Stage nOptItr nSimReps
#     0    5000        0
# algorithm          : deterministic
# ignoring probs <=  : 0
# Branch length floor: 0
# DE strategy        : 2
#    F               : 0.3
#    CR              : 0.8
#    tolerance       : 3e-06
# nthreads           : 32
# lgo input file     : cde2.lgo
# site pat input file: ../../chrX/boot_chrX/boot8.opf
# free parameters    : 15
# points in DE swarm : 45
# output state file  : b1boot8.state
# Including singleton site patterns.
# cost function      : KL
Initial parameter values
Fixed:
      zero = 0
       one = 1
    Tbecnw = 75200
Free:
       pc1 = 0
       pc2 = 0
       pc3 = 0
       pc4 = 0
       pc5 = 0
       pc6 = 0
       pc7 = 0
       pc8 = 0
       pc9 = 0
      pc10 = 0
      pc11 = 0
      pc12 = 0
      pc13 = 0
      pc14 = 0
      pc15 = 0
Constrained:
     Tecnw = 36832.2
       Tnw = 6092.24
       Tec = 3097.78
     twoNb = 732349
     twoNe = 2542.79
     twoNc = 150204
     twoNn = 144937
     twoNw = 1.5948e+06
    twoNec = 159588
    twoNnw = 85968.9
  twoNecnw = 29234.6
  twoNbecnw = 52192.8
        m3 = 0.228709
        m4 = 0.00311822
        m5 = 0.123058
        Tc = 3046.12
        Td = 1523.06
        Te = 761.53
DiffEv reached_goal. cost=2.58042e-03 spread=2.43321e-06
Fitted parameter values
Free:
       pc1 = 3.98622
       pc2 = 3.8419
       pc3 = 1.8354
       pc4 = -1.1593
       pc5 = 0.724993
       pc6 = 0.931127
       pc7 = 0.665366
       pc8 = 1.50882
       pc9 = 0.297953
      pc10 = -1.36795
      pc11 = -0.472623
      pc12 = -0.55243
      pc13 = 0.78781
      pc14 = -0.0204168
      pc15 = 0.00771159
Constrained:
     Tecnw = 37295.4
       Tnw = 3151.46
       Tec = 1604.04
     twoNb = 1.48386e+06
     twoNe = 3458.08
     twoNc = 285835
     twoNn = 150442
     twoNw = 1.4158e+06
    twoNec = 166298
    twoNnw = 98276.5
  twoNecnw = 29002.3
  twoNbecnw = 53945.1
        m3 = 0.238257
        m4 = 0.0121685
        m5 = 0.115375
        Tc = 1575.73
        Td = 787.864
        Te = 393.932
#       SitePat  BranchLen
              b 121001.5065736
              e 45072.0641698
              c 47597.9194666
              n 42565.4900963
              w 45426.0005830
            b:e 1296.0793413
            b:c 1635.6456193
            b:n 1135.2234294
            b:w 1328.2120536
            e:c 11201.3172967
            e:n 4811.9134993
            e:w 4195.7749438
            c:n 4434.4151300
            c:w 3275.2657181
            n:w 12791.1116822
          b:e:c 1433.2636076
          b:e:n 642.3329262
          b:e:w 670.5833223
          b:c:n 671.6587345
          b:c:w 643.5064450
          b:n:w 1431.6391692
          e:c:n 5427.2904888
          e:c:w 4342.0679694
          e:n:w 6302.4911955
          c:n:w 5020.2074711
        b:e:c:n 1329.3855724
        b:e:c:w 1136.2988416
        b:e:n:w 1585.0829662
        b:c:n:w 1297.7037797
        e:c:n:w 47792.1762411
