########################################
# legofit: estimate population history #
#       version 2.3.4-4-g53f8760       #
########################################

# Program was compiled: Sep 21 2021 14:36:42
# Program was run: Wed Sep 22 11:06:50 2021

# cmd: legofit -1 -d 0 -t 32 --ptsPerDim 3 --stateOut b1boot23.state --tol 3e-6 -S 5000 cde2.lgo ../../chrX/boot_chrX/boot23.opf
# Stage nOptItr nSimReps
#     0    5000        0
# algorithm          : deterministic
# ignoring probs <=  : 0
# Branch length floor: 0
# DE strategy        : 2
#    F               : 0.3
#    CR              : 0.8
#    tolerance       : 3e-06
# nthreads           : 32
# lgo input file     : cde2.lgo
# site pat input file: ../../chrX/boot_chrX/boot23.opf
# free parameters    : 15
# points in DE swarm : 45
# output state file  : b1boot23.state
# Including singleton site patterns.
# cost function      : KL
Initial parameter values
Fixed:
      zero = 0
       one = 1
    Tbecnw = 75200
Free:
       pc1 = 0
       pc2 = 0
       pc3 = 0
       pc4 = 0
       pc5 = 0
       pc6 = 0
       pc7 = 0
       pc8 = 0
       pc9 = 0
      pc10 = 0
      pc11 = 0
      pc12 = 0
      pc13 = 0
      pc14 = 0
      pc15 = 0
Constrained:
     Tecnw = 36832.2
       Tnw = 6092.24
       Tec = 3097.78
     twoNb = 732349
     twoNe = 2542.79
     twoNc = 150204
     twoNn = 144937
     twoNw = 1.5948e+06
    twoNec = 159588
    twoNnw = 85968.9
  twoNecnw = 29234.6
  twoNbecnw = 52192.8
        m3 = 0.228709
        m4 = 0.00311822
        m5 = 0.123058
        Tc = 3046.12
        Td = 1523.06
        Te = 761.53
DiffEv reached_goal. cost=2.57196e-03 spread=2.90715e-06
Fitted parameter values
Free:
       pc1 = 3.98296
       pc2 = 3.96144
       pc3 = -0.677109
       pc4 = -0.888806
       pc5 = -0.137191
       pc6 = -0.700134
       pc7 = 1.68453
       pc8 = 0.600836
       pc9 = 0.158862
      pc10 = -1.82725
      pc11 = -0.568046
      pc12 = -0.256226
      pc13 = 0.564821
      pc14 = 0.385038
      pc15 = -0.000885624
Constrained:
     Tecnw = 36816.8
       Tnw = 2770.14
       Tec = 1416.33
     twoNb = 1.55145e+06
     twoNe = 3406.33
     twoNc = 305315
     twoNn = 52757.1
     twoNw = 1.42095e+06
    twoNec = 163984
    twoNnw = 104618
  twoNecnw = 29185.6
  twoNbecnw = 52009.3
        m3 = 0.218695
        m4 = 0.0119155
        m5 = 0.114286
        Tc = 1385.07
        Td = 692.534
        Te = 346.267
#       SitePat  BranchLen
              b 119403.5352997
              e 44670.6842350
              c 47087.4344663
              n 42521.1532373
              w 45171.5090066
            b:e 1237.3722944
            b:c 1552.9456345
            b:n 1104.5624844
            b:w 1276.4983540
            e:c 11173.2118490
            e:n 4725.8835570
            e:w 4131.2245162
            c:n 4327.2077823
            c:w 3271.9829114
            n:w 12550.6072531
          b:e:c 1371.7637576
          b:e:n 618.6424437
          b:e:w 641.9638167
          b:c:n 642.9401654
          b:c:w 619.7018714
          b:n:w 1370.3060049
          e:c:n 5352.3666291
          e:c:w 4351.8947715
          e:n:w 6136.9187778
          c:n:w 4928.0470990
        b:e:c:n 1277.5577816
        b:e:c:w 1105.5388331
        b:e:n:w 1506.4003364
        b:c:n:w 1238.8300470
        e:c:n:w 46667.1355257
