########################################
# legofit: estimate population history #
#       version 2.3.4-4-g53f8760       #
########################################

# Program was compiled: Sep 21 2021 14:36:42
# Program was run: Wed Sep 22 11:06:41 2021

# cmd: legofit -1 -d 0 -t 32 --ptsPerDim 3 --stateOut b1boot11.state --tol 3e-6 -S 5000 cde2.lgo ../../chrX/boot_chrX/boot11.opf
# Stage nOptItr nSimReps
#     0    5000        0
# algorithm          : deterministic
# ignoring probs <=  : 0
# Branch length floor: 0
# DE strategy        : 2
#    F               : 0.3
#    CR              : 0.8
#    tolerance       : 3e-06
# nthreads           : 32
# lgo input file     : cde2.lgo
# site pat input file: ../../chrX/boot_chrX/boot11.opf
# free parameters    : 15
# points in DE swarm : 45
# output state file  : b1boot11.state
# Including singleton site patterns.
# cost function      : KL
Initial parameter values
Fixed:
      zero = 0
       one = 1
    Tbecnw = 75200
Free:
       pc1 = 0
       pc2 = 0
       pc3 = 0
       pc4 = 0
       pc5 = 0
       pc6 = 0
       pc7 = 0
       pc8 = 0
       pc9 = 0
      pc10 = 0
      pc11 = 0
      pc12 = 0
      pc13 = 0
      pc14 = 0
      pc15 = 0
Constrained:
     Tecnw = 36832.2
       Tnw = 6092.24
       Tec = 3097.78
     twoNb = 732349
     twoNe = 2542.79
     twoNc = 150204
     twoNn = 144937
     twoNw = 1.5948e+06
    twoNec = 159588
    twoNnw = 85968.9
  twoNecnw = 29234.6
  twoNbecnw = 52192.8
        m3 = 0.228709
        m4 = 0.00311822
        m5 = 0.123058
        Tc = 3046.12
        Td = 1523.06
        Te = 761.53
DiffEv reached_goal. cost=2.62218e-03 spread=2.93974e-06
Fitted parameter values
Free:
       pc1 = 3.98287
       pc2 = 3.91535
       pc3 = 0.446095
       pc4 = -0.780118
       pc5 = 0.207126
       pc6 = 0.282571
       pc7 = 1.62484
       pc8 = -0.202826
       pc9 = -0.266586
      pc10 = -0.531254
      pc11 = -1.54981
      pc12 = -0.100526
      pc13 = 0.615527
      pc14 = -0.15654
      pc15 = 0.0110524
Constrained:
     Tecnw = 36881.3
       Tnw = 2320.19
       Tec = 1199.62
     twoNb = 1.40583e+06
     twoNe = 3435.75
     twoNc = 375454
     twoNn = 42377.7
     twoNw = 1.5798e+06
    twoNec = 164863
    twoNnw = 99877.2
  twoNecnw = 28708.3
  twoNbecnw = 52837.5
        m3 = 0.226208
        m4 = 0.0098548
        m5 = 0.101496
        Tc = 1160.1
        Td = 580.048
        Te = 290.024
#       SitePat  BranchLen
              b 120306.1997283
              e 44536.5562644
              c 46762.4166700
              n 41980.3487419
              w 44787.3948035
            b:e 1238.9293318
            b:c 1520.2893590
            b:n 1083.8206398
            b:w 1265.0658373
            e:c 11301.7642378
            e:n 4673.3113966
            e:w 3998.1022932
            c:n 4287.8281970
            c:w 3213.1057418
            n:w 12890.1847974
          b:e:c 1385.4185669
          b:e:n 607.5562694
          b:e:w 628.3897677
          b:c:n 629.2624876
          b:c:w 608.5107517
          b:n:w 1384.0816087
          e:c:n 5340.7651414
          e:c:w 4283.6506383
          e:n:w 6063.1855815
          c:n:w 4961.7116975
        b:e:c:n 1266.0203197
        b:e:c:w 1084.6933597
        b:e:n:w 1477.3602901
        b:c:n:w 1240.2662901
        e:c:n:w 47840.1611493
