########################################
# legofit: estimate population history #
#       version 2.3.4-4-g53f8760       #
########################################

# Program was compiled: Sep 21 2021 14:36:42
# Program was run: Wed Sep 22 11:06:32 2021

# cmd: legofit -1 -d 0 -t 32 --ptsPerDim 3 --stateOut b1boot0.state --tol 3e-6 -S 5000 cde2.lgo ../../chrX/boot_chrX/boot0.opf
# Stage nOptItr nSimReps
#     0    5000        0
# algorithm          : deterministic
# ignoring probs <=  : 0
# Branch length floor: 0
# DE strategy        : 2
#    F               : 0.3
#    CR              : 0.8
#    tolerance       : 3e-06
# nthreads           : 32
# lgo input file     : cde2.lgo
# site pat input file: ../../chrX/boot_chrX/boot0.opf
# free parameters    : 15
# points in DE swarm : 45
# output state file  : b1boot0.state
# Including singleton site patterns.
# cost function      : KL
Initial parameter values
Fixed:
      zero = 0
       one = 1
    Tbecnw = 75200
Free:
       pc1 = 0
       pc2 = 0
       pc3 = 0
       pc4 = 0
       pc5 = 0
       pc6 = 0
       pc7 = 0
       pc8 = 0
       pc9 = 0
      pc10 = 0
      pc11 = 0
      pc12 = 0
      pc13 = 0
      pc14 = 0
      pc15 = 0
Constrained:
     Tecnw = 36832.2
       Tnw = 6092.24
       Tec = 3097.78
     twoNb = 732349
     twoNe = 2542.79
     twoNc = 150204
     twoNn = 144937
     twoNw = 1.5948e+06
    twoNec = 159588
    twoNnw = 85968.9
  twoNecnw = 29234.6
  twoNbecnw = 52192.8
        m3 = 0.228709
        m4 = 0.00311822
        m5 = 0.123058
        Tc = 3046.12
        Td = 1523.06
        Te = 761.53
DiffEv reached_goal. cost=2.61501e-03 spread=2.78163e-06
Fitted parameter values
Free:
       pc1 = 3.95276
       pc2 = 3.96179
       pc3 = 0.518295
       pc4 = 0.531913
       pc5 = -1.72527
       pc6 = 1.40622
       pc7 = 1.66473
       pc8 = 0.0971017
       pc9 = 1.14391
      pc10 = -1.74135
      pc11 = -0.431276
      pc12 = -0.783695
      pc13 = 0.400528
      pc14 = 0.197274
      pc15 = 0.0262528
Constrained:
     Tecnw = 36963.3
       Tnw = 3014.58
       Tec = 1521.61
     twoNb = 1.57102e+06
     twoNe = 919.221
     twoNc = 104586
     twoNn = 44793.9
     twoNw = 2.09509e+06
    twoNec = 170272
    twoNnw = 98842.8
  twoNecnw = 28962.3
  twoNbecnw = 52302.1
        m3 = 0.234305
        m4 = 0.0121675
        m5 = 0.101831
        Tc = 1507.29
        Td = 753.645
        Te = 376.823
#       SitePat  BranchLen
              b 119691.5414053
              e 44911.2166561
              c 47267.9477534
              n 42287.5293389
              w 45130.8148878
            b:e 1250.5106116
            b:c 1564.5797435
            b:n 1088.5955273
            b:w 1271.6623808
            e:c 11053.6122071
            e:n 4765.4059239
            e:w 4047.8416073
            c:n 4327.6247721
            c:w 3258.9652953
            n:w 12694.3949662
          b:e:c 1375.6709798
          b:e:n 619.0431682
          b:e:w 638.4898062
          b:c:n 639.4629336
          b:c:w 620.1084874
          b:n:w 1374.1920894
          e:c:n 5330.8437657
          e:c:w 4273.7820101
          e:n:w 6157.5572678
          c:n:w 4976.9034034
        b:e:c:n 1272.7277000
        b:e:c:w 1089.5686546
        b:e:n:w 1517.5168495
        b:c:n:w 1251.9895020
        e:c:n:w 46961.8726312
