########################################
# legofit: estimate population history #
#       version 2.3.4-4-g53f8760       #
########################################

# Program was compiled: Sep 21 2021 14:36:42
# Program was run: Wed Sep 22 11:06:45 2021

# cmd: legofit -1 -d 0 -t 32 --ptsPerDim 3 --stateOut b1boot19.state --tol 3e-6 -S 5000 cde2.lgo ../../chrX/boot_chrX/boot19.opf
# Stage nOptItr nSimReps
#     0    5000        0
# algorithm          : deterministic
# ignoring probs <=  : 0
# Branch length floor: 0
# DE strategy        : 2
#    F               : 0.3
#    CR              : 0.8
#    tolerance       : 3e-06
# nthreads           : 32
# lgo input file     : cde2.lgo
# site pat input file: ../../chrX/boot_chrX/boot19.opf
# free parameters    : 15
# points in DE swarm : 45
# output state file  : b1boot19.state
# Including singleton site patterns.
# cost function      : KL
Initial parameter values
Fixed:
      zero = 0
       one = 1
    Tbecnw = 75200
Free:
       pc1 = 0
       pc2 = 0
       pc3 = 0
       pc4 = 0
       pc5 = 0
       pc6 = 0
       pc7 = 0
       pc8 = 0
       pc9 = 0
      pc10 = 0
      pc11 = 0
      pc12 = 0
      pc13 = 0
      pc14 = 0
      pc15 = 0
Constrained:
     Tecnw = 36832.2
       Tnw = 6092.24
       Tec = 3097.78
     twoNb = 732349
     twoNe = 2542.79
     twoNc = 150204
     twoNn = 144937
     twoNw = 1.5948e+06
    twoNec = 159588
    twoNnw = 85968.9
  twoNecnw = 29234.6
  twoNbecnw = 52192.8
        m3 = 0.228709
        m4 = 0.00311822
        m5 = 0.123058
        Tc = 3046.12
        Td = 1523.06
        Te = 761.53
DiffEv reached_goal. cost=2.52971e-03 spread=2.01945e-06
Fitted parameter values
Free:
       pc1 = 3.97588
       pc2 = 3.99659
       pc3 = 1.79721
       pc4 = -1.41514
       pc5 = -1.91876
       pc6 = 0.730227
       pc7 = 1.83374
       pc8 = -0.601348
       pc9 = 0.0494754
      pc10 = -1.5356
      pc11 = -1.5663
      pc12 = -0.176176
      pc13 = -0.115435
      pc14 = -0.0938272
      pc15 = 0.0121507
Constrained:
     Tecnw = 37545.7
       Tnw = 2911.04
       Tec = 1489.84
     twoNb = 1.54396e+06
     twoNe = 2516.27
     twoNc = 319001
     twoNn = 51101.5
     twoNw = 1.80312e+06
    twoNec = 164739
    twoNnw = 94893.9
  twoNecnw = 28261.1
  twoNbecnw = 51957.4
        m3 = 0.24272
        m4 = 0.0120498
        m5 = 0.0961709
        Tc = 1455.52
        Td = 727.761
        Te = 363.88
#       SitePat  BranchLen
              b 119525.6847875
              e 44840.5056883
              c 47142.0936458
              n 42055.1930318
              w 45117.3581474
            b:e 1220.4538251
            b:c 1528.6162459
            b:n 1052.3733523
            b:w 1247.4840931
            e:c 11249.3007143
            e:n 4679.2203409
            e:w 3909.2617859
            c:n 4274.6840650
            c:w 3125.5464988
            n:w 12937.9818876
          b:e:c 1371.2018547
          b:e:n 594.6656887
          b:e:w 614.9547322
          b:c:n 615.9013489
          b:c:w 595.7115595
          b:n:w 1369.7312908
          e:c:n 5292.6914524
          e:c:w 4149.6224579
          e:n:w 6044.9483355
          c:n:w 4880.8316621
        b:e:c:n 1248.5299639
        b:e:c:w 1053.3199690
        b:e:n:w 1481.2990183
        b:c:n:w 1221.9243890
        e:c:n:w 46991.8762915
