########################################
# legofit: estimate population history #
#       version 2.3.4-4-g53f8760       #
########################################

# Program was compiled: Sep 21 2021 14:36:42
# Program was run: Wed Sep 22 11:06:41 2021

# cmd: legofit -1 -d 0 -t 32 --ptsPerDim 3 --stateOut b1boot12.state --tol 3e-6 -S 5000 cde2.lgo ../../chrX/boot_chrX/boot12.opf
# Stage nOptItr nSimReps
#     0    5000        0
# algorithm          : deterministic
# ignoring probs <=  : 0
# Branch length floor: 0
# DE strategy        : 2
#    F               : 0.3
#    CR              : 0.8
#    tolerance       : 3e-06
# nthreads           : 32
# lgo input file     : cde2.lgo
# site pat input file: ../../chrX/boot_chrX/boot12.opf
# free parameters    : 15
# points in DE swarm : 45
# output state file  : b1boot12.state
# Including singleton site patterns.
# cost function      : KL
Initial parameter values
Fixed:
      zero = 0
       one = 1
    Tbecnw = 75200
Free:
       pc1 = 0
       pc2 = 0
       pc3 = 0
       pc4 = 0
       pc5 = 0
       pc6 = 0
       pc7 = 0
       pc8 = 0
       pc9 = 0
      pc10 = 0
      pc11 = 0
      pc12 = 0
      pc13 = 0
      pc14 = 0
      pc15 = 0
Constrained:
     Tecnw = 36832.2
       Tnw = 6092.24
       Tec = 3097.78
     twoNb = 732349
     twoNe = 2542.79
     twoNc = 150204
     twoNn = 144937
     twoNw = 1.5948e+06
    twoNec = 159588
    twoNnw = 85968.9
  twoNecnw = 29234.6
  twoNbecnw = 52192.8
        m3 = 0.228709
        m4 = 0.00311822
        m5 = 0.123058
        Tc = 3046.12
        Td = 1523.06
        Te = 761.53
DiffEv reached_goal. cost=2.62418e-03 spread=2.69709e-06
Fitted parameter values
Free:
       pc1 = 3.90254
       pc2 = 3.90335
       pc3 = 1.24781
       pc4 = -0.572964
       pc5 = -0.259221
       pc6 = -1.04259
       pc7 = 1.21181
       pc8 = -0.643833
       pc9 = 0.346087
      pc10 = -1.86548
      pc11 = -1.92904
      pc12 = -0.143698
      pc13 = 0.862071
      pc14 = 0.449946
      pc15 = -0.00640251
Constrained:
     Tecnw = 36983.8
       Tnw = 2882.43
       Tec = 1484.78
     twoNb = 1.64e+06
     twoNe = 3524.18
     twoNc = 392357
     twoNn = 120870
     twoNw = 2.44297e+06
    twoNec = 158994
    twoNnw = 103032
  twoNecnw = 28561.1
  twoNbecnw = 52316.7
        m3 = 0.230415
        m4 = 0.0107225
        m5 = 0.108341
        Tc = 1441.21
        Td = 720.607
        Te = 360.304
#       SitePat  BranchLen
              b 119874.7719713
              e 44357.7682961
              c 46652.0260555
              n 42299.2126182
              w 45211.1502979
            b:e 1207.9738440
            b:c 1497.6071532
            b:n 1081.5663215
            b:w 1268.2605501
            e:c 11245.2911259
            e:n 4718.8134445
            e:w 4024.9059625
            c:n 4327.3442388
            c:w 3211.0199837
            n:w 12448.7470706
          b:e:c 1353.2722187
          b:e:n 604.7673120
          b:e:w 626.7593085
          b:c:n 627.5729685
          b:c:w 605.6594182
          b:n:w 1352.0529012
          e:c:n 5402.7335808
          e:c:w 4301.0276383
          e:n:w 5985.3604389
          c:n:w 4853.6890951
        b:e:c:n 1269.1526563
        b:e:c:w 1082.3799815
        b:e:n:w 1457.7634680
        b:c:n:w 1209.1931615
        e:c:n:w 47480.7839586
