########################################
# legofit: estimate population history #
#       version 2.3.4-4-g53f8760       #
########################################

# Program was compiled: Sep 21 2021 14:36:42
# Program was run: Wed Sep 22 11:06:54 2021

# cmd: legofit -1 -d 0 -t 32 --ptsPerDim 3 --stateOut b1boot34.state --tol 3e-6 -S 5000 cde2.lgo ../../chrX/boot_chrX/boot34.opf
# Stage nOptItr nSimReps
#     0    5000        0
# algorithm          : deterministic
# ignoring probs <=  : 0
# Branch length floor: 0
# DE strategy        : 2
#    F               : 0.3
#    CR              : 0.8
#    tolerance       : 3e-06
# nthreads           : 32
# lgo input file     : cde2.lgo
# site pat input file: ../../chrX/boot_chrX/boot34.opf
# free parameters    : 15
# points in DE swarm : 45
# output state file  : b1boot34.state
# Including singleton site patterns.
# cost function      : KL
Initial parameter values
Fixed:
      zero = 0
       one = 1
    Tbecnw = 75200
Free:
       pc1 = 0
       pc2 = 0
       pc3 = 0
       pc4 = 0
       pc5 = 0
       pc6 = 0
       pc7 = 0
       pc8 = 0
       pc9 = 0
      pc10 = 0
      pc11 = 0
      pc12 = 0
      pc13 = 0
      pc14 = 0
      pc15 = 0
Constrained:
     Tecnw = 36832.2
       Tnw = 6092.24
       Tec = 3097.78
     twoNb = 732349
     twoNe = 2542.79
     twoNc = 150204
     twoNn = 144937
     twoNw = 1.5948e+06
    twoNec = 159588
    twoNnw = 85968.9
  twoNecnw = 29234.6
  twoNbecnw = 52192.8
        m3 = 0.228709
        m4 = 0.00311822
        m5 = 0.123058
        Tc = 3046.12
        Td = 1523.06
        Te = 761.53
DiffEv reached_goal. cost=2.39754e-03 spread=2.56214e-06
Fitted parameter values
Free:
       pc1 = 3.95344
       pc2 = 3.15176
       pc3 = -1.84749
       pc4 = -1.71817
       pc5 = -0.774223
       pc6 = -1.94464
       pc7 = 0.981432
       pc8 = 0.0371836
       pc9 = -0.610483
      pc10 = -1.97717
      pc11 = -1.09878
      pc12 = -1.20144
      pc13 = 0.978891
      pc14 = 0.238286
      pc15 = -0.0179518
Constrained:
     Tecnw = 36337.9
       Tnw = 2616.63
       Tec = 1346.8
     twoNb = 1.38541e+06
     twoNe = 4865.13
     twoNc = 284229
     twoNn = 43350.6
     twoNw = 1.31104e+06
    twoNec = 159863
    twoNnw = 104613
  twoNecnw = 28483.7
  twoNbecnw = 51021.1
        m3 = 0.213941
        m4 = 0.0120084
        m5 = 0.123056
        Tc = 1308.32
        Td = 654.158
        Te = 327.079
#       SitePat  BranchLen
              b 118916.6223599
              e 43828.2864228
              c 46328.5543889
              n 41844.2346154
              w 44378.9220067
            b:e 1150.3585964
            b:c 1470.7518873
            b:n 1033.7752454
            b:w 1190.6502406
            e:c 10936.3181770
            e:n 4626.0877601
            e:w 4087.1565771
            c:n 4224.0787246
            c:w 3185.9780116
            n:w 12256.0571437
          b:e:c 1278.6648769
          b:e:n 577.2035365
          b:e:w 600.9152549
          b:c:n 601.9442337
          b:c:w 578.3163367
          b:n:w 1277.1368559
          e:c:n 5216.9168525
          e:c:w 4259.2613571
          e:n:w 6039.4856123
          c:n:w 4786.6520503
        b:e:c:n 1191.7630409
        b:e:c:w 1034.8042242
        b:e:n:w 1418.6684904
        b:c:n:w 1151.8866174
        e:c:n:w 47227.5710181
