########################################
# legofit: estimate population history #
#       version 2.3.4-4-g53f8760       #
########################################

# Program was compiled: Sep 21 2021 14:36:42
# Program was run: Wed Sep 22 11:06:37 2021

# cmd: legofit -1 -d 0 -t 32 --ptsPerDim 3 --stateOut b1boot7.state --tol 3e-6 -S 5000 cde2.lgo ../../chrX/boot_chrX/boot7.opf
# Stage nOptItr nSimReps
#     0    5000        0
# algorithm          : deterministic
# ignoring probs <=  : 0
# Branch length floor: 0
# DE strategy        : 2
#    F               : 0.3
#    CR              : 0.8
#    tolerance       : 3e-06
# nthreads           : 32
# lgo input file     : cde2.lgo
# site pat input file: ../../chrX/boot_chrX/boot7.opf
# free parameters    : 15
# points in DE swarm : 45
# output state file  : b1boot7.state
# Including singleton site patterns.
# cost function      : KL
Initial parameter values
Fixed:
      zero = 0
       one = 1
    Tbecnw = 75200
Free:
       pc1 = 0
       pc2 = 0
       pc3 = 0
       pc4 = 0
       pc5 = 0
       pc6 = 0
       pc7 = 0
       pc8 = 0
       pc9 = 0
      pc10 = 0
      pc11 = 0
      pc12 = 0
      pc13 = 0
      pc14 = 0
      pc15 = 0
Constrained:
     Tecnw = 36832.2
       Tnw = 6092.24
       Tec = 3097.78
     twoNb = 732349
     twoNe = 2542.79
     twoNc = 150204
     twoNn = 144937
     twoNw = 1.5948e+06
    twoNec = 159588
    twoNnw = 85968.9
  twoNecnw = 29234.6
  twoNbecnw = 52192.8
        m3 = 0.228709
        m4 = 0.00311822
        m5 = 0.123058
        Tc = 3046.12
        Td = 1523.06
        Te = 761.53
DiffEv reached_goal. cost=2.63392e-03 spread=2.94884e-06
Fitted parameter values
Free:
       pc1 = 3.99263
       pc2 = 3.94709
       pc3 = 0.134036
       pc4 = -0.318905
       pc5 = -1.76577
       pc6 = 0.517225
       pc7 = 1.09358
       pc8 = 0.393091
       pc9 = 1.16444
      pc10 = -0.990771
      pc11 = -0.785168
      pc12 = 0.38991
      pc13 = 0.777916
      pc14 = 0.474214
      pc15 = 0.0137744
Constrained:
     Tecnw = 37036.4
       Tnw = 2542.64
       Tec = 1319.92
     twoNb = 1.59757e+06
     twoNe = 2869.92
     twoNc = 113227
     twoNn = 87836
     twoNw = 1.72595e+06
    twoNec = 165429
    twoNnw = 104436
  twoNecnw = 29143.2
  twoNbecnw = 52030
        m3 = 0.236554
        m4 = 0.0103673
        m5 = 0.100693
        Tc = 1271.32
        Td = 635.66
        Te = 317.83
#       SitePat  BranchLen
              b 119407.5489140
              e 44758.9033546
              c 46979.4930960
              n 42517.3636284
              w 45525.4545620
            b:e 1244.2529519
            b:c 1522.9744943
            b:n 1106.4282150
            b:w 1300.3417813
            e:c 11247.7777469
            e:n 4819.6044897
            e:w 4045.3789583
            c:n 4392.4194905
            c:w 3283.3423219
            n:w 12545.5261283
          b:e:c 1378.7691755
          b:e:n 624.4970679
          b:e:w 643.4151668
          b:c:n 644.2428127
          b:c:w 625.4074837
          b:n:w 1377.5291175
          e:c:n 5459.7628022
          e:c:w 4334.9745686
          e:n:w 6005.4537297
          c:n:w 4931.7253813
        b:e:c:n 1301.2521971
        b:e:c:w 1107.2558609
        b:e:n:w 1483.5923715
        b:c:n:w 1245.4930099
        e:c:n:w 46558.1101785
