########################################
# legofit: estimate population history #
#       version 2.3.4-4-g53f8760       #
########################################

# Program was compiled: Sep 21 2021 14:36:42
# Program was run: Wed Sep 22 11:06:54 2021

# cmd: legofit -1 -d 0 -t 32 --ptsPerDim 3 --stateOut b1boot29.state --tol 3e-6 -S 5000 cde2.lgo ../../chrX/boot_chrX/boot29.opf
# Stage nOptItr nSimReps
#     0    5000        0
# algorithm          : deterministic
# ignoring probs <=  : 0
# Branch length floor: 0
# DE strategy        : 2
#    F               : 0.3
#    CR              : 0.8
#    tolerance       : 3e-06
# nthreads           : 32
# lgo input file     : cde2.lgo
# site pat input file: ../../chrX/boot_chrX/boot29.opf
# free parameters    : 15
# points in DE swarm : 45
# output state file  : b1boot29.state
# Including singleton site patterns.
# cost function      : KL
Initial parameter values
Fixed:
      zero = 0
       one = 1
    Tbecnw = 75200
Free:
       pc1 = 0
       pc2 = 0
       pc3 = 0
       pc4 = 0
       pc5 = 0
       pc6 = 0
       pc7 = 0
       pc8 = 0
       pc9 = 0
      pc10 = 0
      pc11 = 0
      pc12 = 0
      pc13 = 0
      pc14 = 0
      pc15 = 0
Constrained:
     Tecnw = 36832.2
       Tnw = 6092.24
       Tec = 3097.78
     twoNb = 732349
     twoNe = 2542.79
     twoNc = 150204
     twoNn = 144937
     twoNw = 1.5948e+06
    twoNec = 159588
    twoNnw = 85968.9
  twoNecnw = 29234.6
  twoNbecnw = 52192.8
        m3 = 0.228709
        m4 = 0.00311822
        m5 = 0.123058
        Tc = 3046.12
        Td = 1523.06
        Te = 761.53
DiffEv reached_goal. cost=2.53848e-03 spread=2.98215e-06
Fitted parameter values
Free:
       pc1 = 3.99335
       pc2 = 3.96608
       pc3 = 0.928047
       pc4 = -1.6762
       pc5 = -1.50463
       pc6 = -0.897939
       pc7 = 1.33862
       pc8 = -1.12785
       pc9 = -0.602871
      pc10 = -1.61312
      pc11 = -1.02761
      pc12 = -0.60911
      pc13 = 0.738133
      pc14 = 0.381967
      pc15 = -0.00822471
Constrained:
     Tecnw = 36898.5
       Tnw = 2916.58
       Tec = 1497.57
     twoNb = 1.47992e+06
     twoNe = 3721.67
     twoNc = 411187
     twoNn = 80854.9
     twoNw = 1.84357e+06
    twoNec = 163546
    twoNnw = 101922
  twoNecnw = 28251.6
  twoNbecnw = 51347.2
        m3 = 0.240335
        m4 = 0.0118982
        m5 = 0.10824
        Tc = 1458.29
        Td = 729.145
        Te = 364.573
#       SitePat  BranchLen
              b 119143.6402175
              e 44287.4935883
              c 46602.9837135
              n 42093.0047404
              w 45002.8286347
            b:e 1170.9107835
            b:c 1476.3830094
            b:n 1040.3241658
            b:w 1221.7419256
            e:c 10931.3389000
            e:n 4695.1972471
            e:w 4010.0454806
            c:n 4318.7074424
            c:w 3182.5882833
            n:w 12234.4825154
          b:e:c 1294.6977218
          b:e:n 587.4693448
          b:e:w 609.9653869
          b:c:n 610.9295781
          b:c:w 588.5263869
          b:n:w 1293.2580170
          e:c:n 5305.0606741
          e:c:w 4216.5077053
          e:n:w 5962.6411033
          c:n:w 4799.1909759
        b:e:c:n 1222.7989678
        b:e:c:w 1041.2883570
        b:e:n:w 1427.9369435
        b:c:n:w 1172.3504884
        e:c:n:w 47138.8690903
