########################################
# legofit: estimate population history #
#       version 2.3.4-4-g53f8760       #
########################################

# Program was compiled: Sep 21 2021 14:36:42
# Program was run: Wed Sep 22 11:06:45 2021

# cmd: legofit -1 -d 0 -t 32 --ptsPerDim 3 --stateOut b1boot22.state --tol 3e-6 -S 5000 cde2.lgo ../../chrX/boot_chrX/boot22.opf
# Stage nOptItr nSimReps
#     0    5000        0
# algorithm          : deterministic
# ignoring probs <=  : 0
# Branch length floor: 0
# DE strategy        : 2
#    F               : 0.3
#    CR              : 0.8
#    tolerance       : 3e-06
# nthreads           : 32
# lgo input file     : cde2.lgo
# site pat input file: ../../chrX/boot_chrX/boot22.opf
# free parameters    : 15
# points in DE swarm : 45
# output state file  : b1boot22.state
# Including singleton site patterns.
# cost function      : KL
Initial parameter values
Fixed:
      zero = 0
       one = 1
    Tbecnw = 75200
Free:
       pc1 = 0
       pc2 = 0
       pc3 = 0
       pc4 = 0
       pc5 = 0
       pc6 = 0
       pc7 = 0
       pc8 = 0
       pc9 = 0
      pc10 = 0
      pc11 = 0
      pc12 = 0
      pc13 = 0
      pc14 = 0
      pc15 = 0
Constrained:
     Tecnw = 36832.2
       Tnw = 6092.24
       Tec = 3097.78
     twoNb = 732349
     twoNe = 2542.79
     twoNc = 150204
     twoNn = 144937
     twoNw = 1.5948e+06
    twoNec = 159588
    twoNnw = 85968.9
  twoNecnw = 29234.6
  twoNbecnw = 52192.8
        m3 = 0.228709
        m4 = 0.00311822
        m5 = 0.123058
        Tc = 3046.12
        Td = 1523.06
        Te = 761.53
DiffEv reached_goal. cost=2.42608e-03 spread=2.91386e-06
Fitted parameter values
Free:
       pc1 = 3.98263
       pc2 = 3.97871
       pc3 = 0.544791
       pc4 = -1.40203
       pc5 = -1.95613
       pc6 = 1.50148
       pc7 = 1.97588
       pc8 = 0.379692
       pc9 = -0.53985
      pc10 = -1.18534
      pc11 = -0.425774
      pc12 = -0.18517
      pc13 = 0.489495
      pc14 = 0.00491086
      pc15 = 0.0225191
Constrained:
     Tecnw = 37210.3
       Tnw = 2590
       Tec = 1325.1
     twoNb = 1.31356e+06
     twoNe = 2093.24
     twoNc = 235530
     twoNn = 38673.5
     twoNw = 984104
    twoNec = 168048
    twoNnw = 98968.4
  twoNecnw = 28746
  twoNbecnw = 52011.7
        m3 = 0.241225
        m4 = 0.0129312
        m5 = 0.0983006
        Tc = 1295
        Td = 647.499
        Te = 323.749
#       SitePat  BranchLen
              b 119447.7871692
              e 44853.1920183
              c 47195.4090273
              n 42206.8362388
              w 45200.9914444
            b:e 1236.6635983
            b:c 1566.3721756
            b:n 1076.4249935
            b:w 1268.1659011
            e:c 11159.4489141
            e:n 4757.0067561
            e:w 4002.0184448
            c:n 4333.8480299
            c:w 3209.5140133
            n:w 12779.2067281
          b:e:c 1372.3906185
          b:e:n 610.6655431
          b:e:w 630.6331597
          b:c:n 631.8519921
          b:c:w 612.0070208
          b:n:w 1370.5290938
          e:c:n 5344.6788764
          e:c:w 4229.8459986
          e:n:w 6115.1255087
          c:n:w 4924.6143790
        b:e:c:n 1269.5073789
        b:e:c:w 1077.6438258
        b:e:n:w 1506.8367318
        b:c:n:w 1238.5251229
        e:c:n:w 46750.3469521
