########################################
# legofit: estimate population history #
#       version 2.3.4-4-g53f8760       #
########################################

# Program was compiled: Sep 21 2021 14:36:42
# Program was run: Fri Oct  8 11:22:03 2021

# cmd: legofit -1 -d 0 -t 32 --ptsPerDim 3 --stateOut b1boot19.state --tol 3e-6 -S 5000 bdeg2.lgo ../../boot/boot19.opf
# Stage nOptItr nSimReps
#     0    5000        0
# algorithm          : deterministic
# ignoring probs <=  : 0
# Branch length floor: 0
# DE strategy        : 2
#    F               : 0.3
#    CR              : 0.8
#    tolerance       : 3e-06
# nthreads           : 32
# lgo input file     : bdeg2.lgo
# site pat input file: ../../boot/boot19.opf
# free parameters    : 15
# points in DE swarm : 45
# output state file  : b1boot19.state
# Including singleton site patterns.
# cost function      : KL
Initial parameter values
Fixed:
      zero = 0
       one = 1
    Tbecnw = 75200
Free:
       pc1 = 0
       pc2 = 0
       pc3 = 0
       pc4 = 0
       pc5 = 0
       pc6 = 0
       pc7 = 0
       pc8 = 0
       pc9 = 0
      pc10 = 0
      pc11 = 0
      pc12 = 0
      pc13 = 0
      pc14 = 0
      pc15 = 0
Constrained:
     Tecnw = 39820.4
       Tnw = 4386.18
       Tec = 9630.99
     twoNb = 1.2268e+06
     twoNe = 288892
     twoNc = 123675
     twoNw = 1.57851e+06
    twoNec = 216498
    twoNnw = 162076
  twoNecnw = 31678.9
  twoNbecnw = 76356.2
        m2 = 0.00167671
        m4 = 0.000123082
        m5 = 0.227077
        m7 = 0.00193263
        Tb = 24725.7
        Td = 4815.49
        Te = 2407.75
        Tg = 1203.87
DiffEv reached_goal. cost=2.99564e-03 spread=2.79711e-06
Fitted parameter values
Free:
       pc1 = 3.99456
       pc2 = 1.21939
       pc3 = -3.82679
       pc4 = 0.908255
       pc5 = 1.83258
       pc6 = -0.353311
       pc7 = -1.73037
       pc8 = 1.14779
       pc9 = 1.28522
      pc10 = 0.689484
      pc11 = -0.43234
      pc12 = -0.194959
      pc13 = 0.1111
      pc14 = 0.179715
      pc15 = 0.0846451
Constrained:
     Tecnw = 40579.8
       Tnw = 2784.24
       Tec = 79.0264
     twoNb = 1.89658e+06
     twoNe = 624340
     twoNc = 230308
     twoNw = 2.76957e+06
    twoNec = 278892
    twoNnw = 173748
  twoNecnw = 30573.2
  twoNbecnw = 76447.8
        m2 = 0.00364353
        m4 = 0.000469923
        m5 = 0.246833
        m7 = 0.00780737
        Tb = 20329.4
        Td = 39.5132
        Te = 19.7566
        Tg = 9.8783
#       SitePat  BranchLen
              b 137568.6264492
              e 52748.4822487
              c 56273.2583201
              n 50269.7205375
              w 50256.3733231
            b:e 2483.2454248
            b:c 2743.9766325
            b:n 2081.8363538
            b:w 2081.0293275
            e:c 11034.9796169
            e:n 5759.0858814
            e:w 5772.4330959
            c:n 4678.6184516
            c:w 4676.0271055
            n:w 13621.9295487
          b:e:c 2245.2507514
          b:e:n 1221.1343288
          b:e:w 1221.9413551
          b:c:n 1221.0858740
          b:c:w 1220.2786506
          b:n:w 2242.3009816
          e:c:n 5927.1572619
          e:c:w 5929.7486079
          e:n:w 8276.1665475
          c:n:w 6958.1351348
        b:e:c:n 2082.6915706
        b:e:c:w 2083.4987940
        b:e:n:w 2734.8442997
        b:c:n:w 2445.9530128
        e:c:n:w 56157.0340215
