########################################
# legofit: estimate population history #
#       version 2.3.4-4-g53f8760       #
########################################

# Program was compiled: Sep 21 2021 14:36:42
# Program was run: Fri Oct  8 11:22:24 2021

# cmd: legofit -1 -d 0 -t 32 --ptsPerDim 3 --stateOut b1boot44.state --tol 3e-6 -S 5000 bdeg2.lgo ../../boot/boot44.opf
# Stage nOptItr nSimReps
#     0    5000        0
# algorithm          : deterministic
# ignoring probs <=  : 0
# Branch length floor: 0
# DE strategy        : 2
#    F               : 0.3
#    CR              : 0.8
#    tolerance       : 3e-06
# nthreads           : 32
# lgo input file     : bdeg2.lgo
# site pat input file: ../../boot/boot44.opf
# free parameters    : 15
# points in DE swarm : 45
# output state file  : b1boot44.state
# Including singleton site patterns.
# cost function      : KL
Initial parameter values
Fixed:
      zero = 0
       one = 1
    Tbecnw = 75200
Free:
       pc1 = 0
       pc2 = 0
       pc3 = 0
       pc4 = 0
       pc5 = 0
       pc6 = 0
       pc7 = 0
       pc8 = 0
       pc9 = 0
      pc10 = 0
      pc11 = 0
      pc12 = 0
      pc13 = 0
      pc14 = 0
      pc15 = 0
Constrained:
     Tecnw = 39820.4
       Tnw = 4386.18
       Tec = 9630.99
     twoNb = 1.2268e+06
     twoNe = 288892
     twoNc = 123675
     twoNw = 1.57851e+06
    twoNec = 216498
    twoNnw = 162076
  twoNecnw = 31678.9
  twoNbecnw = 76356.2
        m2 = 0.00167671
        m4 = 0.000123082
        m5 = 0.227077
        m7 = 0.00193263
        Tb = 24725.7
        Td = 4815.49
        Te = 2407.75
        Tg = 1203.87
DiffEv reached_goal. cost=2.99830e-03 spread=2.81532e-06
Fitted parameter values
Free:
       pc1 = 3.98046
       pc2 = 1.39593
       pc3 = -3.715
       pc4 = -0.197375
       pc5 = 1.99013
       pc6 = -0.904658
       pc7 = -1.47208
       pc8 = 0.952142
       pc9 = 1.032
      pc10 = 0.757038
      pc11 = 0.182067
      pc12 = -0.339793
      pc13 = -0.0263309
      pc14 = -0.0187891
      pc15 = -0.0363009
Constrained:
     Tecnw = 40497.2
       Tnw = 2867.58
       Tec = 55.6692
     twoNb = 2.12366e+06
     twoNe = 790550
     twoNc = 206821
     twoNw = 2.35136e+06
    twoNec = 284592
    twoNnw = 175654
  twoNecnw = 30674.4
  twoNbecnw = 76222.9
        m2 = 0.0046854
        m4 = 0.000453539
        m5 = 0.245962
        m7 = 0.00685475
        Tb = 20276.4
        Td = 27.8346
        Te = 13.9173
        Tg = 6.95865
#       SitePat  BranchLen
              b 137345.1173212
              e 52800.5551930
              c 56325.0981549
              n 50339.6503317
              w 50323.4522786
            b:e 2474.3710766
            b:c 2754.7431885
            b:n 2082.6177484
            b:w 2081.6377867
            e:c 10950.1804175
            e:n 5772.4942010
            e:w 5788.6922541
            c:n 4700.8472126
            c:w 4697.6973515
            n:w 13519.4285390
          b:e:c 2232.5878005
          b:e:n 1224.9500212
          b:e:w 1225.9299829
          b:c:n 1225.2926574
          b:c:w 1224.3124303
          b:n:w 2229.7831321
          e:c:n 5930.5668240
          e:c:w 5933.7166850
          e:n:w 8289.3297932
          c:n:w 6949.7117700
        b:e:c:n 2083.1705407
        b:e:c:w 2084.1507677
        b:e:n:w 2744.2330294
        b:c:n:w 2442.8527862
        e:c:n:w 55920.8216831
