########################################
# legofit: estimate population history #
#       version 2.3.4-4-g53f8760       #
########################################

# Program was compiled: Sep 21 2021 14:36:42
# Program was run: Fri Oct  8 11:21:45 2021

# cmd: legofit -1 -d 0 -t 32 --ptsPerDim 3 --stateOut b1boot3.state --tol 3e-6 -S 5000 bdeg2.lgo ../../boot/boot3.opf
# Stage nOptItr nSimReps
#     0    5000        0
# algorithm          : deterministic
# ignoring probs <=  : 0
# Branch length floor: 0
# DE strategy        : 2
#    F               : 0.3
#    CR              : 0.8
#    tolerance       : 3e-06
# nthreads           : 32
# lgo input file     : bdeg2.lgo
# site pat input file: ../../boot/boot3.opf
# free parameters    : 15
# points in DE swarm : 45
# output state file  : b1boot3.state
# Including singleton site patterns.
# cost function      : KL
Initial parameter values
Fixed:
      zero = 0
       one = 1
    Tbecnw = 75200
Free:
       pc1 = 0
       pc2 = 0
       pc3 = 0
       pc4 = 0
       pc5 = 0
       pc6 = 0
       pc7 = 0
       pc8 = 0
       pc9 = 0
      pc10 = 0
      pc11 = 0
      pc12 = 0
      pc13 = 0
      pc14 = 0
      pc15 = 0
Constrained:
     Tecnw = 39820.4
       Tnw = 4386.18
       Tec = 9630.99
     twoNb = 1.2268e+06
     twoNe = 288892
     twoNc = 123675
     twoNw = 1.57851e+06
    twoNec = 216498
    twoNnw = 162076
  twoNecnw = 31678.9
  twoNbecnw = 76356.2
        m2 = 0.00167671
        m4 = 0.000123082
        m5 = 0.227077
        m7 = 0.00193263
        Tb = 24725.7
        Td = 4815.49
        Te = 2407.75
        Tg = 1203.87
DiffEv reached_goal. cost=3.02074e-03 spread=2.84918e-06
Fitted parameter values
Free:
       pc1 = 3.95985
       pc2 = 1.20822
       pc3 = -2.8624
       pc4 = 0.70067
       pc5 = 1.82714
       pc6 = -0.0201413
       pc7 = 0.147859
       pc8 = -0.0495971
       pc9 = 1.05417
      pc10 = 0.224684
      pc11 = -0.594048
      pc12 = -0.147927
      pc13 = 0.0532259
      pc14 = -0.0177143
      pc15 = 0.00363118
Constrained:
     Tecnw = 40492.7
       Tnw = 2504.42
       Tec = 1.83548
     twoNb = 1.82399e+06
     twoNe = 571667
     twoNc = 205550
     twoNw = 2.67645e+06
    twoNec = 291635
    twoNnw = 178055
  twoNecnw = 30755.2
  twoNbecnw = 76523.2
        m2 = 0.00352541
        m4 = 6.55541e-05
        m5 = 0.237987
        m7 = 0.00626563
        Tb = 20247.3
        Td = 0.917741
        Te = 0.458871
        Tg = 0.229435
#       SitePat  BranchLen
              b 137589.9014233
              e 52890.6845561
              c 56296.7916432
              n 50392.9954384
              w 50380.8523024
            b:e 2477.7062078
            b:c 2741.6717798
            b:n 2099.1145409
            b:w 2098.3774446
            e:c 10976.8446558
            e:n 5768.0554963
            e:w 5780.1986324
            c:n 4726.9472965
            c:w 4724.5822730
            n:w 13572.2335972
          b:e:c 2247.2266254
          b:e:n 1233.8858363
          b:e:w 1234.6229326
          b:c:n 1233.8729161
          b:c:w 1233.1356616
          b:n:w 2244.6004680
          e:c:n 5967.2108371
          e:c:w 5969.5758606
          e:n:w 8245.7078198
          c:n:w 6962.3243367
        b:e:c:n 2099.8425973
        b:e:c:w 2100.5798517
        b:e:n:w 2733.8151542
        b:c:n:w 2445.3507286
        e:c:n:w 56087.7471048
