########################################
# legofit: estimate population history #
#       version 2.3.4-4-g53f8760       #
########################################

# Program was compiled: Sep 21 2021 14:36:42
# Program was run: Fri Oct  8 11:22:19 2021

# cmd: legofit -1 -d 0 -t 32 --ptsPerDim 3 --stateOut b1boot35.state --tol 3e-6 -S 5000 bdeg2.lgo ../../boot/boot35.opf
# Stage nOptItr nSimReps
#     0    5000        0
# algorithm          : deterministic
# ignoring probs <=  : 0
# Branch length floor: 0
# DE strategy        : 2
#    F               : 0.3
#    CR              : 0.8
#    tolerance       : 3e-06
# nthreads           : 32
# lgo input file     : bdeg2.lgo
# site pat input file: ../../boot/boot35.opf
# free parameters    : 15
# points in DE swarm : 45
# output state file  : b1boot35.state
# Including singleton site patterns.
# cost function      : KL
Initial parameter values
Fixed:
      zero = 0
       one = 1
    Tbecnw = 75200
Free:
       pc1 = 0
       pc2 = 0
       pc3 = 0
       pc4 = 0
       pc5 = 0
       pc6 = 0
       pc7 = 0
       pc8 = 0
       pc9 = 0
      pc10 = 0
      pc11 = 0
      pc12 = 0
      pc13 = 0
      pc14 = 0
      pc15 = 0
Constrained:
     Tecnw = 39820.4
       Tnw = 4386.18
       Tec = 9630.99
     twoNb = 1.2268e+06
     twoNe = 288892
     twoNc = 123675
     twoNw = 1.57851e+06
    twoNec = 216498
    twoNnw = 162076
  twoNecnw = 31678.9
  twoNbecnw = 76356.2
        m2 = 0.00167671
        m4 = 0.000123082
        m5 = 0.227077
        m7 = 0.00193263
        Tb = 24725.7
        Td = 4815.49
        Te = 2407.75
        Tg = 1203.87
DiffEv reached_goal. cost=3.00289e-03 spread=2.42310e-06
Fitted parameter values
Free:
       pc1 = 3.95806
       pc2 = 1.9038
       pc3 = -2.31982
       pc4 = 1.36928
       pc5 = 1.3018
       pc6 = 0.537811
       pc7 = -0.975358
       pc8 = 1.47528
       pc9 = 1.57357
      pc10 = 0.0333236
      pc11 = -0.708913
      pc12 = -0.181436
      pc13 = 0.0580571
      pc14 = 0.0650892
      pc15 = -0.0694377
Constrained:
     Tecnw = 40680.6
       Tnw = 2006.15
       Tec = 38.8464
     twoNb = 1.32754e+06
     twoNe = 397841
     twoNc = 188808
     twoNw = 2.48502e+06
    twoNec = 296769
    twoNnw = 179331
  twoNecnw = 30609.8
  twoNbecnw = 76347
        m2 = 0.00173701
        m4 = 0.000360648
        m5 = 0.242769
        m7 = 0.00705602
        Tb = 20359.7
        Td = 19.4232
        Te = 9.71159
        Tg = 4.8558
#       SitePat  BranchLen
              b 137466.4458590
              e 52931.7846025
              c 56424.5282533
              n 50325.1417678
              w 50314.4740997
            b:e 2477.3162710
            b:c 2725.2194566
            b:n 2088.2528407
            b:w 2087.6100843
            e:c 10881.4566863
            e:n 5788.7503786
            e:w 5799.4180467
            c:n 4713.2012916
            c:w 4711.1402176
            n:w 13618.4985849
          b:e:c 2236.8429493
          b:e:n 1232.0408644
          b:e:w 1232.6836208
          b:c:n 1231.5171890
          b:c:w 1230.8743168
          b:n:w 2233.9259796
          e:c:n 5933.7118075
          e:c:w 5935.7728815
          e:n:w 8230.0815025
          c:n:w 6941.4972737
        b:e:c:n 2089.3750483
        b:e:c:w 2090.0179205
        b:e:n:w 2719.1607633
        b:c:n:w 2433.2580515
        e:c:n:w 55996.1278717
