########################################
# legofit: estimate population history #
#       version 2.3.4-4-g53f8760       #
########################################

# Program was compiled: Sep 21 2021 14:36:42
# Program was run: Fri Oct  8 11:22:14 2021

# cmd: legofit -1 -d 0 -t 32 --ptsPerDim 3 --stateOut b1boot29.state --tol 3e-6 -S 5000 bdeg2.lgo ../../boot/boot29.opf
# Stage nOptItr nSimReps
#     0    5000        0
# algorithm          : deterministic
# ignoring probs <=  : 0
# Branch length floor: 0
# DE strategy        : 2
#    F               : 0.3
#    CR              : 0.8
#    tolerance       : 3e-06
# nthreads           : 32
# lgo input file     : bdeg2.lgo
# site pat input file: ../../boot/boot29.opf
# free parameters    : 15
# points in DE swarm : 45
# output state file  : b1boot29.state
# Including singleton site patterns.
# cost function      : KL
Initial parameter values
Fixed:
      zero = 0
       one = 1
    Tbecnw = 75200
Free:
       pc1 = 0
       pc2 = 0
       pc3 = 0
       pc4 = 0
       pc5 = 0
       pc6 = 0
       pc7 = 0
       pc8 = 0
       pc9 = 0
      pc10 = 0
      pc11 = 0
      pc12 = 0
      pc13 = 0
      pc14 = 0
      pc15 = 0
Constrained:
     Tecnw = 39820.4
       Tnw = 4386.18
       Tec = 9630.99
     twoNb = 1.2268e+06
     twoNe = 288892
     twoNc = 123675
     twoNw = 1.57851e+06
    twoNec = 216498
    twoNnw = 162076
  twoNecnw = 31678.9
  twoNbecnw = 76356.2
        m2 = 0.00167671
        m4 = 0.000123082
        m5 = 0.227077
        m7 = 0.00193263
        Tb = 24725.7
        Td = 4815.49
        Te = 2407.75
        Tg = 1203.87
DiffEv reached_goal. cost=3.00164e-03 spread=2.52683e-06
Fitted parameter values
Free:
       pc1 = 3.97929
       pc2 = 1.20203
       pc3 = -2.73887
       pc4 = 0.844409
       pc5 = 1.8932
       pc6 = -0.37954
       pc7 = -0.570545
       pc8 = 0.797678
       pc9 = 1.11883
      pc10 = 0.530382
      pc11 = -0.476106
      pc12 = -0.356305
      pc13 = 0.213782
      pc14 = 0.086143
      pc15 = 0.0325636
Constrained:
     Tecnw = 40606.6
       Tnw = 2710.9
       Tec = 46.909
     twoNb = 1.70866e+06
     twoNe = 633543
     twoNc = 210567
     twoNw = 2.49997e+06
    twoNec = 289588
    twoNnw = 175125
  twoNecnw = 30487.5
  twoNbecnw = 76541.9
        m2 = 0.00308238
        m4 = 0.000244392
        m5 = 0.241382
        m7 = 0.0065587
        Tb = 20326.8
        Td = 23.4545
        Te = 11.7272
        Tg = 5.86362
#       SitePat  BranchLen
              b 137705.9452210
              e 52813.0638895
              c 56289.3098037
              n 50299.7550559
              w 50285.6041469
            b:e 2463.1493539
            b:c 2729.1426757
            b:n 2080.2371418
            b:w 2079.3823700
            e:c 10947.5080631
            e:n 5747.1230555
            e:w 5761.2739645
            c:n 4687.1354178
            c:w 4684.3887456
            n:w 13573.1701805
          b:e:c 2236.4983267
          b:e:n 1223.0056256
          b:e:w 1223.8603974
          b:c:n 1223.0415979
          b:c:w 1222.1866416
          b:n:w 2233.7932338
          e:c:n 5927.3048500
          e:c:w 5930.0515222
          e:n:w 8242.5544419
          c:n:w 6931.7891480
        b:e:c:n 2080.9141702
        b:e:c:w 2081.7691266
        b:e:n:w 2721.2161702
        b:c:n:w 2428.2528681
        e:c:n:w 56333.1019631
