########################################
# legofit: estimate population history #
#       version 2.3.4-4-g53f8760       #
########################################

# Program was compiled: Sep 21 2021 14:36:42
# Program was run: Fri Oct  8 11:22:09 2021

# cmd: legofit -1 -d 0 -t 32 --ptsPerDim 3 --stateOut b1boot25.state --tol 3e-6 -S 5000 bdeg2.lgo ../../boot/boot25.opf
# Stage nOptItr nSimReps
#     0    5000        0
# algorithm          : deterministic
# ignoring probs <=  : 0
# Branch length floor: 0
# DE strategy        : 2
#    F               : 0.3
#    CR              : 0.8
#    tolerance       : 3e-06
# nthreads           : 32
# lgo input file     : bdeg2.lgo
# site pat input file: ../../boot/boot25.opf
# free parameters    : 15
# points in DE swarm : 45
# output state file  : b1boot25.state
# Including singleton site patterns.
# cost function      : KL
Initial parameter values
Fixed:
      zero = 0
       one = 1
    Tbecnw = 75200
Free:
       pc1 = 0
       pc2 = 0
       pc3 = 0
       pc4 = 0
       pc5 = 0
       pc6 = 0
       pc7 = 0
       pc8 = 0
       pc9 = 0
      pc10 = 0
      pc11 = 0
      pc12 = 0
      pc13 = 0
      pc14 = 0
      pc15 = 0
Constrained:
     Tecnw = 39820.4
       Tnw = 4386.18
       Tec = 9630.99
     twoNb = 1.2268e+06
     twoNe = 288892
     twoNc = 123675
     twoNw = 1.57851e+06
    twoNec = 216498
    twoNnw = 162076
  twoNecnw = 31678.9
  twoNbecnw = 76356.2
        m2 = 0.00167671
        m4 = 0.000123082
        m5 = 0.227077
        m7 = 0.00193263
        Tb = 24725.7
        Td = 4815.49
        Te = 2407.75
        Tg = 1203.87
DiffEv reached_goal. cost=3.00946e-03 spread=2.88724e-06
Fitted parameter values
Free:
       pc1 = 3.93247
       pc2 = 3.21604
       pc3 = -1.97176
       pc4 = -0.431408
       pc5 = 1.57585
       pc6 = 1.47402
       pc7 = -1.07637
       pc8 = 0.992058
       pc9 = -0.460276
      pc10 = -0.289172
      pc11 = -0.821122
      pc12 = -0.678733
      pc13 = -0.0617678
      pc14 = -0.13109
      pc15 = 0.00244299
Constrained:
     Tecnw = 40476.6
       Tnw = 1036.73
       Tec = 9.31356
     twoNb = 1.72733e+06
     twoNe = 237819
     twoNc = 313274
     twoNw = 1.51554e+06
    twoNec = 296158
    twoNnw = 186372
  twoNecnw = 30641.2
  twoNbecnw = 75732.9
        m2 = 0.00366581
        m4 = 0.000376373
        m5 = 0.229035
        m7 = 0.006225
        Tb = 20243
        Td = 4.65678
        Te = 2.32839
        Tg = 1.16419
#       SitePat  BranchLen
              b 136983.0668465
              e 52863.2473000
              c 56169.9060716
              n 50213.6459044
              w 50205.0402995
            b:e 2453.1869875
            b:c 2701.9180797
            b:n 2071.6297480
            b:w 2071.1190317
            e:c 10904.5132973
            e:n 5719.8010007
            e:w 5728.4066056
            c:n 4696.6031273
            c:w 4694.9541247
            n:w 13622.6121487
          b:e:c 2216.5951083
          b:e:n 1217.0202312
          b:e:w 1217.5309475
          b:c:n 1216.7996674
          b:c:w 1216.2888175
          b:n:w 2213.7468816
          e:c:n 5921.8015003
          e:c:w 5923.4505030
          e:n:w 8150.4468560
          c:n:w 6925.9739059
        b:e:c:n 2072.7106409
        b:e:c:w 2073.2214908
        b:e:n:w 2691.9447224
        b:c:n:w 2419.1408568
        e:c:n:w 55682.0428662
