########################################
# legofit: estimate population history #
#       version 2.3.4-4-g53f8760       #
########################################

# Program was compiled: Sep 21 2021 14:36:42
# Program was run: Fri Oct  8 11:22:30 2021

# cmd: legofit -1 -d 0 -t 32 --ptsPerDim 3 --stateOut b1boot47.state --tol 3e-6 -S 5000 bdeg2.lgo ../../boot/boot47.opf
# Stage nOptItr nSimReps
#     0    5000        0
# algorithm          : deterministic
# ignoring probs <=  : 0
# Branch length floor: 0
# DE strategy        : 2
#    F               : 0.3
#    CR              : 0.8
#    tolerance       : 3e-06
# nthreads           : 32
# lgo input file     : bdeg2.lgo
# site pat input file: ../../boot/boot47.opf
# free parameters    : 15
# points in DE swarm : 45
# output state file  : b1boot47.state
# Including singleton site patterns.
# cost function      : KL
Initial parameter values
Fixed:
      zero = 0
       one = 1
    Tbecnw = 75200
Free:
       pc1 = 0
       pc2 = 0
       pc3 = 0
       pc4 = 0
       pc5 = 0
       pc6 = 0
       pc7 = 0
       pc8 = 0
       pc9 = 0
      pc10 = 0
      pc11 = 0
      pc12 = 0
      pc13 = 0
      pc14 = 0
      pc15 = 0
Constrained:
     Tecnw = 39820.4
       Tnw = 4386.18
       Tec = 9630.99
     twoNb = 1.2268e+06
     twoNe = 288892
     twoNc = 123675
     twoNw = 1.57851e+06
    twoNec = 216498
    twoNnw = 162076
  twoNecnw = 31678.9
  twoNbecnw = 76356.2
        m2 = 0.00167671
        m4 = 0.000123082
        m5 = 0.227077
        m7 = 0.00193263
        Tb = 24725.7
        Td = 4815.49
        Te = 2407.75
        Tg = 1203.87
DiffEv reached_goal. cost=2.98732e-03 spread=2.96636e-06
Fitted parameter values
Free:
       pc1 = 3.9953
       pc2 = 2.227
       pc3 = -2.74683
       pc4 = 0.558717
       pc5 = 1.83337
       pc6 = 0.0886159
       pc7 = -1.81769
       pc8 = 0.767949
       pc9 = 1.09125
      pc10 = 0.579213
      pc11 = -0.820329
      pc12 = -0.130322
      pc13 = 0.0283166
      pc14 = -0.0174079
      pc15 = 0.04845
Constrained:
     Tecnw = 40585.2
       Tnw = 1983.71
       Tec = 33.5169
     twoNb = 1.70616e+06
     twoNe = 535189
     twoNc = 245244
     twoNw = 2.52405e+06
    twoNec = 288096
    twoNnw = 180921
  twoNecnw = 30624.1
  twoNbecnw = 76485.8
        m2 = 0.00340649
        m4 = 0.000516557
        m5 = 0.237273
        m7 = 0.00678806
        Tb = 20309.4
        Td = 16.7584
        Te = 8.37922
        Tg = 4.18961
#       SitePat  BranchLen
              b 137568.7564829
              e 52888.3998912
              c 56295.6012679
              n 50377.0280806
              w 50366.8632007
            b:e 2480.4614673
            b:c 2738.6706117
            b:n 2095.6696098
            b:w 2095.0565738
            e:c 11003.9949212
            e:n 5755.4044433
            e:w 5765.5693233
            c:n 4708.0511872
            c:w 4706.0848086
            n:w 13620.2575949
          b:e:c 2246.6125881
          b:e:n 1229.5708997
          b:e:w 1230.1839357
          b:c:n 1229.3715077
          b:c:w 1228.7583122
          b:n:w 2243.6505674
          e:c:n 5958.0135197
          e:c:w 5959.9798983
          e:n:w 8226.7362441
          c:n:w 6954.5807579
        b:e:c:n 2096.7340906
        b:e:c:w 2097.3472861
        b:e:n:w 2728.7322542
        b:c:n:w 2443.9400056
        e:c:n:w 56085.7754300
