########################################
# legofit: estimate population history #
#       version 2.3.4-4-g53f8760       #
########################################

# Program was compiled: Sep 21 2021 14:36:42
# Program was run: Fri Oct  8 11:22:31 2021

# cmd: legofit -1 -d 0 -t 32 --ptsPerDim 3 --stateOut b1boot48.state --tol 3e-6 -S 5000 bdeg2.lgo ../../boot/boot48.opf
# Stage nOptItr nSimReps
#     0    5000        0
# algorithm          : deterministic
# ignoring probs <=  : 0
# Branch length floor: 0
# DE strategy        : 2
#    F               : 0.3
#    CR              : 0.8
#    tolerance       : 3e-06
# nthreads           : 32
# lgo input file     : bdeg2.lgo
# site pat input file: ../../boot/boot48.opf
# free parameters    : 15
# points in DE swarm : 45
# output state file  : b1boot48.state
# Including singleton site patterns.
# cost function      : KL
Initial parameter values
Fixed:
      zero = 0
       one = 1
    Tbecnw = 75200
Free:
       pc1 = 0
       pc2 = 0
       pc3 = 0
       pc4 = 0
       pc5 = 0
       pc6 = 0
       pc7 = 0
       pc8 = 0
       pc9 = 0
      pc10 = 0
      pc11 = 0
      pc12 = 0
      pc13 = 0
      pc14 = 0
      pc15 = 0
Constrained:
     Tecnw = 39820.4
       Tnw = 4386.18
       Tec = 9630.99
     twoNb = 1.2268e+06
     twoNe = 288892
     twoNc = 123675
     twoNw = 1.57851e+06
    twoNec = 216498
    twoNnw = 162076
  twoNecnw = 31678.9
  twoNbecnw = 76356.2
        m2 = 0.00167671
        m4 = 0.000123082
        m5 = 0.227077
        m7 = 0.00193263
        Tb = 24725.7
        Td = 4815.49
        Te = 2407.75
        Tg = 1203.87
DiffEv reached_goal. cost=3.03683e-03 spread=2.24972e-06
Fitted parameter values
Free:
       pc1 = 3.98864
       pc2 = 2.09478
       pc3 = -2.86336
       pc4 = -0.0919347
       pc5 = 1.84366
       pc6 = -0.837338
       pc7 = -1.99678
       pc8 = 0.754691
       pc9 = 1.36371
      pc10 = 0.912566
      pc11 = -0.324482
      pc12 = -0.135546
      pc13 = 0.0328923
      pc14 = 0.016394
      pc15 = 0.0143421
Constrained:
     Tecnw = 40538.1
       Tnw = 2240.56
       Tec = 34.0692
     twoNb = 1.89168e+06
     twoNe = 745567
     twoNc = 189498
     twoNw = 2.40773e+06
    twoNec = 288139
    twoNnw = 179222
  twoNecnw = 30643.6
  twoNbecnw = 76522.6
        m2 = 0.00406615
        m4 = 0.000591917
        m5 = 0.239461
        m7 = 0.00629732
        Tb = 20286.1
        Td = 17.0346
        Te = 8.51729
        Tg = 4.25864
#       SitePat  BranchLen
              b 137602.8182854
              e 52851.5038468
              c 56325.2200816
              n 50351.1766235
              w 50339.0512114
            b:e 2474.6882621
            b:c 2753.8904176
            b:n 2093.3468125
            b:w 2092.6141279
            e:c 10982.9177410
            e:n 5766.6750936
            e:w 5778.8005057
            c:n 4708.2347066
            c:w 4705.8840177
            n:w 13596.6244219
          b:e:c 2244.2927478
          b:e:n 1229.6645632
          b:e:w 1230.3972478
          b:c:n 1229.7525904
          b:c:w 1229.0197015
          b:n:w 2241.4517111
          e:c:n 5953.0581631
          e:c:w 5955.4088519
          e:n:w 8269.6974468
          c:n:w 6949.8168887
        b:e:c:n 2094.1849360
        b:e:c:w 2094.9178249
        b:e:n:w 2742.9147113
        b:c:n:w 2442.5232731
        e:c:n:w 56127.3552707
