########################################
# legofit: estimate population history #
#       version 2.3.4-4-g53f8760       #
########################################

# Program was compiled: Sep 21 2021 14:36:42
# Program was run: Fri Oct  8 11:21:58 2021

# cmd: legofit -1 -d 0 -t 32 --ptsPerDim 3 --stateOut b1boot16.state --tol 3e-6 -S 5000 bdeg2.lgo ../../boot/boot16.opf
# Stage nOptItr nSimReps
#     0    5000        0
# algorithm          : deterministic
# ignoring probs <=  : 0
# Branch length floor: 0
# DE strategy        : 2
#    F               : 0.3
#    CR              : 0.8
#    tolerance       : 3e-06
# nthreads           : 32
# lgo input file     : bdeg2.lgo
# site pat input file: ../../boot/boot16.opf
# free parameters    : 15
# points in DE swarm : 45
# output state file  : b1boot16.state
# Including singleton site patterns.
# cost function      : KL
Initial parameter values
Fixed:
      zero = 0
       one = 1
    Tbecnw = 75200
Free:
       pc1 = 0
       pc2 = 0
       pc3 = 0
       pc4 = 0
       pc5 = 0
       pc6 = 0
       pc7 = 0
       pc8 = 0
       pc9 = 0
      pc10 = 0
      pc11 = 0
      pc12 = 0
      pc13 = 0
      pc14 = 0
      pc15 = 0
Constrained:
     Tecnw = 39820.4
       Tnw = 4386.18
       Tec = 9630.99
     twoNb = 1.2268e+06
     twoNe = 288892
     twoNc = 123675
     twoNw = 1.57851e+06
    twoNec = 216498
    twoNnw = 162076
  twoNecnw = 31678.9
  twoNbecnw = 76356.2
        m2 = 0.00167671
        m4 = 0.000123082
        m5 = 0.227077
        m7 = 0.00193263
        Tb = 24725.7
        Td = 4815.49
        Te = 2407.75
        Tg = 1203.87
DiffEv reached_goal. cost=2.96517e-03 spread=2.55961e-06
Fitted parameter values
Free:
       pc1 = 3.98444
       pc2 = 1.36253
       pc3 = -3.19188
       pc4 = 0.332928
       pc5 = 1.98456
       pc6 = -1.41403
       pc7 = -1.92472
       pc8 = 1.31116
       pc9 = 1.00451
      pc10 = 0.82726
      pc11 = -0.308623
      pc12 = -0.382264
      pc13 = 0.0847196
      pc14 = 0.0223193
      pc15 = 0.0540653
Constrained:
     Tecnw = 40686.6
       Tnw = 3082.54
       Tec = 88.5789
     twoNb = 2.09187e+06
     twoNe = 802223
     twoNc = 215677
     twoNw = 2.32261e+06
    twoNec = 283372
    twoNnw = 173628
  twoNecnw = 30469.7
  twoNbecnw = 76577.8
        m2 = 0.00347151
        m4 = 0.000555131
        m5 = 0.244072
        m7 = 0.00681575
        Tb = 20387.6
        Td = 44.2895
        Te = 22.1447
        Tg = 11.0724
#       SitePat  BranchLen
              b 137699.0406617
              e 52838.3570267
              c 56353.5697946
              n 50410.5845861
              w 50393.1545798
            b:e 2466.2693649
            b:c 2744.8863324
            b:n 2086.6043246
            b:w 2085.5475603
            e:c 11008.0193120
            e:n 5746.7566034
            e:w 5764.1866097
            c:n 4679.5196916
            c:w 4676.1324199
            n:w 13562.6888698
          b:e:c 2245.5604210
          b:e:n 1224.0638003
          b:e:w 1225.1205646
          b:c:n 1224.4627309
          b:c:w 1223.4057356
          b:n:w 2243.1036759
          e:c:n 5932.2435004
          e:c:w 5935.6307721
          e:n:w 8264.9043528
          c:n:w 6927.9452561
        b:e:c:n 2086.9293283
        b:e:c:w 2087.9863236
        b:e:n:w 2736.4848982
        b:c:n:w 2436.2212597
        e:c:n:w 56253.1741041
