########################################
# legofit: estimate population history #
#       version 2.3.4-4-g53f8760       #
########################################

# Program was compiled: Sep 21 2021 14:36:42
# Program was run: Fri Oct  8 11:22:08 2021

# cmd: legofit -1 -d 0 -t 32 --ptsPerDim 3 --stateOut b1boot23.state --tol 3e-6 -S 5000 bdeg2.lgo ../../boot/boot23.opf
# Stage nOptItr nSimReps
#     0    5000        0
# algorithm          : deterministic
# ignoring probs <=  : 0
# Branch length floor: 0
# DE strategy        : 2
#    F               : 0.3
#    CR              : 0.8
#    tolerance       : 3e-06
# nthreads           : 32
# lgo input file     : bdeg2.lgo
# site pat input file: ../../boot/boot23.opf
# free parameters    : 15
# points in DE swarm : 45
# output state file  : b1boot23.state
# Including singleton site patterns.
# cost function      : KL
Initial parameter values
Fixed:
      zero = 0
       one = 1
    Tbecnw = 75200
Free:
       pc1 = 0
       pc2 = 0
       pc3 = 0
       pc4 = 0
       pc5 = 0
       pc6 = 0
       pc7 = 0
       pc8 = 0
       pc9 = 0
      pc10 = 0
      pc11 = 0
      pc12 = 0
      pc13 = 0
      pc14 = 0
      pc15 = 0
Constrained:
     Tecnw = 39820.4
       Tnw = 4386.18
       Tec = 9630.99
     twoNb = 1.2268e+06
     twoNe = 288892
     twoNc = 123675
     twoNw = 1.57851e+06
    twoNec = 216498
    twoNnw = 162076
  twoNecnw = 31678.9
  twoNbecnw = 76356.2
        m2 = 0.00167671
        m4 = 0.000123082
        m5 = 0.227077
        m7 = 0.00193263
        Tb = 24725.7
        Td = 4815.49
        Te = 2407.75
        Tg = 1203.87
DiffEv reached_goal. cost=2.98969e-03 spread=2.82565e-06
Fitted parameter values
Free:
       pc1 = 3.9681
       pc2 = 1.58531
       pc3 = -2.66085
       pc4 = 0.267056
       pc5 = 1.93443
       pc6 = -0.356597
       pc7 = -1.49313
       pc8 = 1.62105
       pc9 = 0.00796377
      pc10 = 0.377149
      pc11 = -0.4076
      pc12 = 0.139767
      pc13 = -0.0775842
      pc14 = 0.065455
      pc15 = 0.00815255
Constrained:
     Tecnw = 40644.3
       Tnw = 2592.8
       Tec = 15.9766
     twoNb = 1.89941e+06
     twoNe = 559705
     twoNc = 290513
     twoNw = 1.79104e+06
    twoNec = 288242
    twoNnw = 175599
  twoNecnw = 30730.6
  twoNbecnw = 76616.5
        m2 = 0.00337643
        m4 = 0.000448957
        m5 = 0.243044
        m7 = 0.00681029
        Tb = 20330.1
        Td = 7.98829
        Te = 3.99415
        Tg = 1.99707
#       SitePat  BranchLen
              b 137614.8031938
              e 52944.1169973
              c 56476.8115600
              n 50411.6429756
              w 50392.5012054
            b:e 2491.7343059
            b:c 2768.4245807
            b:n 2103.0479059
            b:w 2101.8836315
            e:c 11013.7535776
            e:n 5788.1728827
            e:w 5807.3146529
            c:n 4714.6946615
            c:w 4710.9748386
            n:w 13663.3973760
          b:e:c 2262.1416548
          b:e:n 1236.2816674
          b:e:w 1237.4459418
          b:c:n 1236.7009579
          b:c:w 1235.5364191
          b:n:w 2259.4821497
          e:c:n 5954.3669596
          e:c:w 5958.0867826
          e:n:w 8308.4200213
          c:n:w 6971.3261689
        b:e:c:n 2103.3868947
        b:e:c:w 2104.5514334
        b:e:n:w 2759.8358683
        b:c:n:w 2458.8531509
        e:c:n:w 56004.5001154
