########################################
# legofit: estimate population history #
#       version 2.3.4-4-g53f8760       #
########################################

# Program was compiled: Sep 21 2021 14:36:42
# Program was run: Fri Oct  8 11:22:31 2021

# cmd: legofit -1 -d 0 -t 32 --ptsPerDim 3 --stateOut b1boot49.state --tol 3e-6 -S 5000 bdeg2.lgo ../../boot/boot49.opf
# Stage nOptItr nSimReps
#     0    5000        0
# algorithm          : deterministic
# ignoring probs <=  : 0
# Branch length floor: 0
# DE strategy        : 2
#    F               : 0.3
#    CR              : 0.8
#    tolerance       : 3e-06
# nthreads           : 32
# lgo input file     : bdeg2.lgo
# site pat input file: ../../boot/boot49.opf
# free parameters    : 15
# points in DE swarm : 45
# output state file  : b1boot49.state
# Including singleton site patterns.
# cost function      : KL
Initial parameter values
Fixed:
      zero = 0
       one = 1
    Tbecnw = 75200
Free:
       pc1 = 0
       pc2 = 0
       pc3 = 0
       pc4 = 0
       pc5 = 0
       pc6 = 0
       pc7 = 0
       pc8 = 0
       pc9 = 0
      pc10 = 0
      pc11 = 0
      pc12 = 0
      pc13 = 0
      pc14 = 0
      pc15 = 0
Constrained:
     Tecnw = 39820.4
       Tnw = 4386.18
       Tec = 9630.99
     twoNb = 1.2268e+06
     twoNe = 288892
     twoNc = 123675
     twoNw = 1.57851e+06
    twoNec = 216498
    twoNnw = 162076
  twoNecnw = 31678.9
  twoNbecnw = 76356.2
        m2 = 0.00167671
        m4 = 0.000123082
        m5 = 0.227077
        m7 = 0.00193263
        Tb = 24725.7
        Td = 4815.49
        Te = 2407.75
        Tg = 1203.87
DiffEv reached_goal. cost=3.01737e-03 spread=2.79099e-06
Fitted parameter values
Free:
       pc1 = 3.99564
       pc2 = 2.9241
       pc3 = -2.54839
       pc4 = 0.389858
       pc5 = 1.95559
       pc6 = 1.33812
       pc7 = -1.88562
       pc8 = 0.447646
       pc9 = 0.542393
      pc10 = 0.0385114
      pc11 = -0.399908
      pc12 = -0.0835911
      pc13 = 0.030983
      pc14 = -0.117405
      pc15 = -0.0211688
Constrained:
     Tecnw = 40400.1
       Tnw = 1100.53
       Tec = 21.7111
     twoNb = 1.60061e+06
     twoNe = 325247
     twoNc = 320643
     twoNw = 2.39179e+06
    twoNec = 290862
    twoNnw = 186701
  twoNecnw = 30735.1
  twoNbecnw = 76069.2
        m2 = 0.00389841
        m4 = 0.000490209
        m5 = 0.237175
        m7 = 0.00613103
        Tb = 20210.9
        Td = 10.8556
        Te = 5.42778
        Tg = 2.71389
#       SitePat  BranchLen
              b 137238.6746554
              e 52744.9236798
              c 56176.9234509
              n 50210.5276308
              w 50204.5462436
            b:e 2460.2312327
            b:c 2725.8007752
            b:n 2084.6418181
            b:w 2084.2846504
            e:c 10926.1580653
            e:n 5775.9231349
            e:w 5781.9045221
            c:n 4717.6612697
            c:w 4716.5098681
            n:w 13593.3030307
          b:e:c 2223.2827017
          b:e:n 1225.4700717
          b:e:w 1225.8272394
          b:c:n 1225.0754373
          b:c:w 1224.7181595
          b:n:w 2220.0964880
          e:c:n 5953.1474825
          e:c:w 5954.2988841
          e:n:w 8210.3487723
          c:n:w 6928.2123849
        b:e:c:n 2086.0566957
        b:e:c:w 2086.4139735
        b:e:n:w 2713.7949317
        b:c:n:w 2423.5222391
        e:c:n:w 55880.1096820
