########################################
# legofit: estimate population history #
#       version 2.3.4-4-g53f8760       #
########################################

# Program was compiled: Sep 21 2021 14:36:42
# Program was run: Fri Oct  8 11:22:19 2021

# cmd: legofit -1 -d 0 -t 32 --ptsPerDim 3 --stateOut b1boot37.state --tol 3e-6 -S 5000 bdeg2.lgo ../../boot/boot37.opf
# Stage nOptItr nSimReps
#     0    5000        0
# algorithm          : deterministic
# ignoring probs <=  : 0
# Branch length floor: 0
# DE strategy        : 2
#    F               : 0.3
#    CR              : 0.8
#    tolerance       : 3e-06
# nthreads           : 32
# lgo input file     : bdeg2.lgo
# site pat input file: ../../boot/boot37.opf
# free parameters    : 15
# points in DE swarm : 45
# output state file  : b1boot37.state
# Including singleton site patterns.
# cost function      : KL
Initial parameter values
Fixed:
      zero = 0
       one = 1
    Tbecnw = 75200
Free:
       pc1 = 0
       pc2 = 0
       pc3 = 0
       pc4 = 0
       pc5 = 0
       pc6 = 0
       pc7 = 0
       pc8 = 0
       pc9 = 0
      pc10 = 0
      pc11 = 0
      pc12 = 0
      pc13 = 0
      pc14 = 0
      pc15 = 0
Constrained:
     Tecnw = 39820.4
       Tnw = 4386.18
       Tec = 9630.99
     twoNb = 1.2268e+06
     twoNe = 288892
     twoNc = 123675
     twoNw = 1.57851e+06
    twoNec = 216498
    twoNnw = 162076
  twoNecnw = 31678.9
  twoNbecnw = 76356.2
        m2 = 0.00167671
        m4 = 0.000123082
        m5 = 0.227077
        m7 = 0.00193263
        Tb = 24725.7
        Td = 4815.49
        Te = 2407.75
        Tg = 1203.87
DiffEv reached_goal. cost=3.04143e-03 spread=2.90211e-06
Fitted parameter values
Free:
       pc1 = 3.96299
       pc2 = 2.73476
       pc3 = -1.33294
       pc4 = -1.10274
       pc5 = 1.95705
       pc6 = -1.11081
       pc7 = -1.47927
       pc8 = 0.697635
       pc9 = 1.42644
      pc10 = 0.985429
      pc11 = -0.149919
      pc12 = -0.554497
      pc13 = 0.20008
      pc14 = -0.000562483
      pc15 = 0.0649454
Constrained:
     Tecnw = 40522.3
       Tnw = 1565.29
       Tec = 67.9077
     twoNb = 1.64412e+06
     twoNe = 876938
     twoNc = 137229
     twoNw = 1.77107e+06
    twoNec = 293124
    twoNnw = 182909
  twoNecnw = 30450.1
  twoNbecnw = 76415
        m2 = 0.00390131
        m4 = 0.000557774
        m5 = 0.231395
        m7 = 0.00457333
        Tb = 20295.1
        Td = 33.9539
        Te = 16.9769
        Tg = 8.48847
#       SitePat  BranchLen
              b 137645.7558608
              e 52735.4140282
              c 56181.2912584
              n 50221.9615635
              w 50210.8599013
            b:e 2428.8676112
            b:c 2723.1097305
            b:n 2076.7215085
            b:w 2076.0582731
            e:c 10939.4185487
            e:n 5725.1273515
            e:w 5736.2290137
            c:n 4681.9508701
            c:w 4679.8137260
            n:w 13599.4315331
          b:e:c 2226.0258685
          b:e:n 1218.4122486
          b:e:w 1219.0754840
          b:c:n 1218.5829199
          b:c:w 1217.9194814
          b:n:w 2223.2490603
          e:c:n 5935.9610550
          e:c:w 5938.0981991
          e:n:w 8208.2708205
          c:n:w 6879.3806178
        b:e:c:n 2077.5592130
        b:e:c:w 2078.2226515
        b:e:n:w 2710.7253782
        b:c:n:w 2400.0733318
        e:c:n:w 56362.9511496
