########################################
# legofit: estimate population history #
#       version 2.3.4-4-g53f8760       #
########################################

# Program was compiled: Sep 21 2021 14:36:42
# Program was run: Fri Oct  8 11:22:03 2021

# cmd: legofit -1 -d 0 -t 32 --ptsPerDim 3 --stateOut b1boot22.state --tol 3e-6 -S 5000 bdeg2.lgo ../../boot/boot22.opf
# Stage nOptItr nSimReps
#     0    5000        0
# algorithm          : deterministic
# ignoring probs <=  : 0
# Branch length floor: 0
# DE strategy        : 2
#    F               : 0.3
#    CR              : 0.8
#    tolerance       : 3e-06
# nthreads           : 32
# lgo input file     : bdeg2.lgo
# site pat input file: ../../boot/boot22.opf
# free parameters    : 15
# points in DE swarm : 45
# output state file  : b1boot22.state
# Including singleton site patterns.
# cost function      : KL
Initial parameter values
Fixed:
      zero = 0
       one = 1
    Tbecnw = 75200
Free:
       pc1 = 0
       pc2 = 0
       pc3 = 0
       pc4 = 0
       pc5 = 0
       pc6 = 0
       pc7 = 0
       pc8 = 0
       pc9 = 0
      pc10 = 0
      pc11 = 0
      pc12 = 0
      pc13 = 0
      pc14 = 0
      pc15 = 0
Constrained:
     Tecnw = 39820.4
       Tnw = 4386.18
       Tec = 9630.99
     twoNb = 1.2268e+06
     twoNe = 288892
     twoNc = 123675
     twoNw = 1.57851e+06
    twoNec = 216498
    twoNnw = 162076
  twoNecnw = 31678.9
  twoNbecnw = 76356.2
        m2 = 0.00167671
        m4 = 0.000123082
        m5 = 0.227077
        m7 = 0.00193263
        Tb = 24725.7
        Td = 4815.49
        Te = 2407.75
        Tg = 1203.87
DiffEv reached_goal. cost=3.00745e-03 spread=2.62309e-06
Fitted parameter values
Free:
       pc1 = 3.98796
       pc2 = 1.53057
       pc3 = -2.7877
       pc4 = 1.31127
       pc5 = 1.80988
       pc6 = 0.0842617
       pc7 = -1.43233
       pc8 = 1.15924
       pc9 = 0.623584
      pc10 = 0.199072
      pc11 = -0.961228
      pc12 = 0.281757
      pc13 = 0.110573
      pc14 = 0.0148313
      pc15 = 0.0270096
Constrained:
     Tecnw = 40615.6
       Tnw = 2494.96
       Tec = 19.353
     twoNb = 1.74213e+06
     twoNe = 440449
     twoNc = 286519
     twoNw = 2.46394e+06
    twoNec = 288535
    twoNnw = 177156
  twoNecnw = 30687.2
  twoNbecnw = 76810.7
        m2 = 0.00244845
        m4 = 0.000395157
        m5 = 0.242147
        m7 = 0.00723033
        Tb = 20317.5
        Td = 9.67652
        Te = 4.83826
        Tg = 2.41913
#       SitePat  BranchLen
              b 137822.0308172
              e 52916.3637920
              c 56371.7871007
              n 50418.4557502
              w 50405.1114933
            b:e 2491.8837556
            b:c 2747.6257511
            b:n 2106.6762374
            b:w 2105.8641054
            e:c 11012.5582717
            e:n 5784.8218712
            e:w 5798.1661281
            c:n 4724.2742673
            c:w 4721.6766857
            n:w 13626.2247098
          b:e:c 2259.6001276
          b:e:n 1237.8016998
          b:e:w 1238.6138319
          b:c:n 1237.7108578
          b:c:w 1236.8985753
          b:n:w 2257.0076215
          e:c:n 5972.9443344
          e:c:w 5975.5419161
          e:n:w 8261.8996784
          c:n:w 6974.6686447
        b:e:c:n 2107.3864932
        b:e:c:w 2108.1987757
        b:e:n:w 2740.9996354
        b:c:n:w 2455.9085101
        e:c:n:w 56247.4264837
