########################################
# legofit: estimate population history #
#       version 2.3.4-4-g53f8760       #
########################################

# Program was compiled: Sep 21 2021 14:36:42
# Program was run: Fri Oct  8 11:22:03 2021

# cmd: legofit -1 -d 0 -t 32 --ptsPerDim 3 --stateOut b1boot18.state --tol 3e-6 -S 5000 bdeg2.lgo ../../boot/boot18.opf
# Stage nOptItr nSimReps
#     0    5000        0
# algorithm          : deterministic
# ignoring probs <=  : 0
# Branch length floor: 0
# DE strategy        : 2
#    F               : 0.3
#    CR              : 0.8
#    tolerance       : 3e-06
# nthreads           : 32
# lgo input file     : bdeg2.lgo
# site pat input file: ../../boot/boot18.opf
# free parameters    : 15
# points in DE swarm : 45
# output state file  : b1boot18.state
# Including singleton site patterns.
# cost function      : KL
Initial parameter values
Fixed:
      zero = 0
       one = 1
    Tbecnw = 75200
Free:
       pc1 = 0
       pc2 = 0
       pc3 = 0
       pc4 = 0
       pc5 = 0
       pc6 = 0
       pc7 = 0
       pc8 = 0
       pc9 = 0
      pc10 = 0
      pc11 = 0
      pc12 = 0
      pc13 = 0
      pc14 = 0
      pc15 = 0
Constrained:
     Tecnw = 39820.4
       Tnw = 4386.18
       Tec = 9630.99
     twoNb = 1.2268e+06
     twoNe = 288892
     twoNc = 123675
     twoNw = 1.57851e+06
    twoNec = 216498
    twoNnw = 162076
  twoNecnw = 31678.9
  twoNbecnw = 76356.2
        m2 = 0.00167671
        m4 = 0.000123082
        m5 = 0.227077
        m7 = 0.00193263
        Tb = 24725.7
        Td = 4815.49
        Te = 2407.75
        Tg = 1203.87
DiffEv reached_goal. cost=3.05321e-03 spread=2.11393e-06
Fitted parameter values
Free:
       pc1 = 3.99743
       pc2 = 2.08026
       pc3 = -3.57403
       pc4 = -0.610095
       pc5 = 1.85248
       pc6 = -0.453686
       pc7 = -1.96344
       pc8 = 1.6024
       pc9 = 0.776785
      pc10 = 0.536147
      pc11 = -0.404729
      pc12 = -0.392542
      pc13 = -0.0110519
      pc14 = -0.153264
      pc15 = 0.02984
Constrained:
     Tecnw = 40467.5
       Tnw = 2394.29
       Tec = 35.3952
     twoNb = 2.09272e+06
     twoNe = 694978
     twoNc = 227263
     twoNw = 1.96828e+06
    twoNec = 281367
    twoNnw = 179669
  twoNecnw = 30657.5
  twoNbecnw = 76062.9
        m2 = 0.00428803
        m4 = 0.000589255
        m5 = 0.241703
        m7 = 0.00772571
        Tb = 20251.5
        Td = 17.6976
        Te = 8.84879
        Tg = 4.42439
#       SitePat  BranchLen
              b 137221.6728232
              e 52779.9397506
              c 56173.0821195
              n 50348.9000676
              w 50332.9545763
            b:e 2477.4782669
            b:c 2728.5858185
            b:n 2082.3648485
            b:w 2081.4053458
            e:c 10996.0160691
            e:n 5743.9818084
            e:w 5759.9272998
            c:n 4698.8368836
            c:w 4695.7462742
            n:w 13516.1665124
          b:e:c 2228.2388378
          b:e:n 1220.6750042
          b:e:w 1221.6345069
          b:c:n 1220.8932240
          b:c:w 1219.9334682
          b:n:w 2225.3517803
          e:c:n 5940.4306512
          e:c:w 5943.5212606
          e:n:w 8213.1974630
          c:n:w 6955.2216696
        b:e:c:n 2083.0177775
        b:e:c:w 2083.9775333
        b:e:n:w 2718.4638969
        b:c:n:w 2442.9985389
        e:c:n:w 55846.1915449
