########################################
# legofit: estimate population history #
#       version 2.3.4-4-g53f8760       #
########################################

# Program was compiled: Sep 21 2021 14:36:42
# Program was run: Fri Oct  8 11:22:19 2021

# cmd: legofit -1 -d 0 -t 32 --ptsPerDim 3 --stateOut b1boot36.state --tol 3e-6 -S 5000 bdeg2.lgo ../../boot/boot36.opf
# Stage nOptItr nSimReps
#     0    5000        0
# algorithm          : deterministic
# ignoring probs <=  : 0
# Branch length floor: 0
# DE strategy        : 2
#    F               : 0.3
#    CR              : 0.8
#    tolerance       : 3e-06
# nthreads           : 32
# lgo input file     : bdeg2.lgo
# site pat input file: ../../boot/boot36.opf
# free parameters    : 15
# points in DE swarm : 45
# output state file  : b1boot36.state
# Including singleton site patterns.
# cost function      : KL
Initial parameter values
Fixed:
      zero = 0
       one = 1
    Tbecnw = 75200
Free:
       pc1 = 0
       pc2 = 0
       pc3 = 0
       pc4 = 0
       pc5 = 0
       pc6 = 0
       pc7 = 0
       pc8 = 0
       pc9 = 0
      pc10 = 0
      pc11 = 0
      pc12 = 0
      pc13 = 0
      pc14 = 0
      pc15 = 0
Constrained:
     Tecnw = 39820.4
       Tnw = 4386.18
       Tec = 9630.99
     twoNb = 1.2268e+06
     twoNe = 288892
     twoNc = 123675
     twoNw = 1.57851e+06
    twoNec = 216498
    twoNnw = 162076
  twoNecnw = 31678.9
  twoNbecnw = 76356.2
        m2 = 0.00167671
        m4 = 0.000123082
        m5 = 0.227077
        m7 = 0.00193263
        Tb = 24725.7
        Td = 4815.49
        Te = 2407.75
        Tg = 1203.87
DiffEv reached_goal. cost=3.04289e-03 spread=2.84448e-06
Fitted parameter values
Free:
       pc1 = 3.99779
       pc2 = 1.69565
       pc3 = -2.19424
       pc4 = 0.184958
       pc5 = 1.89197
       pc6 = 0.037683
       pc7 = -0.636279
       pc8 = 1.0582
       pc9 = 0.93802
      pc10 = 0.485568
      pc11 = -0.163009
      pc12 = -0.283291
      pc13 = -0.0285623
      pc14 = -0.109853
      pc15 = 0.00839992
Constrained:
     Tecnw = 40625.3
       Tnw = 2302.21
       Tec = 16.5349
     twoNb = 1.52052e+06
     twoNe = 604300
     twoNc = 213224
     twoNw = 2.04561e+06
    twoNec = 289623
    twoNnw = 179744
  twoNecnw = 30619.1
  twoNbecnw = 76335.6
        m2 = 0.00346765
        m4 = 0.0002894
        m5 = 0.240495
        m7 = 0.0060507
        Tb = 20320.9
        Td = 8.26747
        Te = 4.13374
        Tg = 2.06687
#       SitePat  BranchLen
              b 137445.1283421
              e 52863.8440921
              c 56343.1703321
              n 50425.9732443
              w 50411.2011482
            b:e 2465.6341715
            b:c 2738.0182932
            b:n 2093.2871613
            b:w 2092.3953173
            e:c 10967.2710144
            e:n 5766.4087331
            e:w 5781.1808292
            c:n 4706.7106945
            c:w 4703.8501583
            n:w 13558.1658684
          b:e:c 2240.0295970
          b:e:n 1229.6384128
          b:e:w 1230.5302568
          b:c:n 1229.7064965
          b:c:w 1228.8144084
          b:n:w 2236.9266176
          e:c:n 5951.3744705
          e:c:w 5954.2350067
          e:n:w 8232.3468178
          c:n:w 6918.6811626
        b:e:c:n 2094.1286936
        b:e:c:w 2095.0207816
        b:e:n:w 2727.6627365
        b:c:n:w 2428.2945041
        e:c:n:w 55975.9101768
