########################################
# legofit: estimate population history #
#       version 2.3.4-4-g53f8760       #
########################################

# Program was compiled: Sep 21 2021 14:36:42
# Program was run: Fri Oct  8 11:21:52 2021

# cmd: legofit -1 -d 0 -t 32 --ptsPerDim 3 --stateOut b1boot9.state --tol 3e-6 -S 5000 bdeg2.lgo ../../boot/boot9.opf
# Stage nOptItr nSimReps
#     0    5000        0
# algorithm          : deterministic
# ignoring probs <=  : 0
# Branch length floor: 0
# DE strategy        : 2
#    F               : 0.3
#    CR              : 0.8
#    tolerance       : 3e-06
# nthreads           : 32
# lgo input file     : bdeg2.lgo
# site pat input file: ../../boot/boot9.opf
# free parameters    : 15
# points in DE swarm : 45
# output state file  : b1boot9.state
# Including singleton site patterns.
# cost function      : KL
Initial parameter values
Fixed:
      zero = 0
       one = 1
    Tbecnw = 75200
Free:
       pc1 = 0
       pc2 = 0
       pc3 = 0
       pc4 = 0
       pc5 = 0
       pc6 = 0
       pc7 = 0
       pc8 = 0
       pc9 = 0
      pc10 = 0
      pc11 = 0
      pc12 = 0
      pc13 = 0
      pc14 = 0
      pc15 = 0
Constrained:
     Tecnw = 39820.4
       Tnw = 4386.18
       Tec = 9630.99
     twoNb = 1.2268e+06
     twoNe = 288892
     twoNc = 123675
     twoNw = 1.57851e+06
    twoNec = 216498
    twoNnw = 162076
  twoNecnw = 31678.9
  twoNbecnw = 76356.2
        m2 = 0.00167671
        m4 = 0.000123082
        m5 = 0.227077
        m7 = 0.00193263
        Tb = 24725.7
        Td = 4815.49
        Te = 2407.75
        Tg = 1203.87
DiffEv reached_goal. cost=3.03582e-03 spread=2.95992e-06
Fitted parameter values
Free:
       pc1 = 3.98913
       pc2 = 2.4331
       pc3 = -2.68979
       pc4 = -0.715203
       pc5 = 1.88003
       pc6 = -1.10438
       pc7 = -1.90048
       pc8 = 0.517743
       pc9 = 1.03227
      pc10 = 0.594515
      pc11 = -0.297566
      pc12 = -0.455233
      pc13 = -0.0409732
      pc14 = -0.0584265
      pc15 = 0.0264652
Constrained:
     Tecnw = 40524.2
       Tnw = 1997.4
       Tec = 37.0737
     twoNb = 2.17393e+06
     twoNe = 790993
     twoNc = 188601
     twoNw = 2.14541e+06
    twoNec = 289017
    twoNnw = 181206
  twoNecnw = 30648.1
  twoNbecnw = 76303
        m2 = 0.00422348
        m4 = 0.000580265
        m5 = 0.235478
        m7 = 0.00571678
        Tb = 20280.6
        Td = 18.5369
        Te = 9.26843
        Tg = 4.63422
#       SitePat  BranchLen
              b 137432.6469448
              e 52840.8827682
              c 56276.2797021
              n 50353.2687258
              w 50341.3197068
            b:e 2456.9845818
            b:c 2741.5184302
            b:n 2090.0604812
            b:w 2089.3413249
            e:c 10987.1983717
            e:n 5748.3986057
            e:w 5760.3476247
            c:n 4702.4780024
            c:w 4700.1675658
            n:w 13591.8402611
          b:e:c 2238.7596560
          b:e:n 1226.0634659
          b:e:w 1226.7826222
          b:c:n 1226.2871338
          b:c:w 1225.5677976
          b:n:w 2236.3362138
          e:c:n 5951.2472439
          e:c:w 5953.5576805
          e:n:w 8236.8847406
          c:n:w 6924.8988811
        b:e:c:n 2090.6661016
        b:e:c:w 2091.3854378
        b:e:n:w 2731.5821475
        b:c:n:w 2430.7290437
        e:c:n:w 55993.9703347
