########################################
# legofit: estimate population history #
#       version 2.3.4-4-g53f8760       #
########################################

# Program was compiled: Sep 21 2021 14:36:42
# Program was run: Fri Oct  8 11:22:30 2021

# cmd: legofit -1 -d 0 -t 32 --ptsPerDim 3 --stateOut b1boot46.state --tol 3e-6 -S 5000 bdeg2.lgo ../../boot/boot46.opf
# Stage nOptItr nSimReps
#     0    5000        0
# algorithm          : deterministic
# ignoring probs <=  : 0
# Branch length floor: 0
# DE strategy        : 2
#    F               : 0.3
#    CR              : 0.8
#    tolerance       : 3e-06
# nthreads           : 32
# lgo input file     : bdeg2.lgo
# site pat input file: ../../boot/boot46.opf
# free parameters    : 15
# points in DE swarm : 45
# output state file  : b1boot46.state
# Including singleton site patterns.
# cost function      : KL
Initial parameter values
Fixed:
      zero = 0
       one = 1
    Tbecnw = 75200
Free:
       pc1 = 0
       pc2 = 0
       pc3 = 0
       pc4 = 0
       pc5 = 0
       pc6 = 0
       pc7 = 0
       pc8 = 0
       pc9 = 0
      pc10 = 0
      pc11 = 0
      pc12 = 0
      pc13 = 0
      pc14 = 0
      pc15 = 0
Constrained:
     Tecnw = 39820.4
       Tnw = 4386.18
       Tec = 9630.99
     twoNb = 1.2268e+06
     twoNe = 288892
     twoNc = 123675
     twoNw = 1.57851e+06
    twoNec = 216498
    twoNnw = 162076
  twoNecnw = 31678.9
  twoNbecnw = 76356.2
        m2 = 0.00167671
        m4 = 0.000123082
        m5 = 0.227077
        m7 = 0.00193263
        Tb = 24725.7
        Td = 4815.49
        Te = 2407.75
        Tg = 1203.87
DiffEv reached_goal. cost=2.93183e-03 spread=2.90964e-06
Fitted parameter values
Free:
       pc1 = 3.94109
       pc2 = 1.44069
       pc3 = -3.11972
       pc4 = 1.07858
       pc5 = 1.68939
       pc6 = 0.0066439
       pc7 = -1.58238
       pc8 = 0.658806
       pc9 = 0.504955
      pc10 = 0.542856
      pc11 = -0.359066
      pc12 = 0.32121
      pc13 = 0.122836
      pc14 = 0.0918259
      pc15 = -0.0305843
Constrained:
     Tecnw = 40499.2
       Tnw = 2652.36
       Tec = 32.633
     twoNb = 1.85673e+06
     twoNe = 452300
     twoNc = 277327
     twoNw = 2.5896e+06
    twoNec = 289682
    twoNnw = 175463
  twoNecnw = 30733.1
  twoNbecnw = 76753.8
        m2 = 0.0036922
        m4 = 0.000416378
        m5 = 0.244213
        m7 = 0.00660888
        Tb = 20265.9
        Td = 16.3165
        Te = 8.15825
        Tg = 4.07912
#       SitePat  BranchLen
              b 137779.5043745
              e 52853.7610885
              c 56388.7391732
              n 50313.7499746
              w 50300.1867493
            b:e 2487.9546383
            b:c 2767.7952593
            b:n 2097.5864200
            b:w 2096.7611735
            e:c 10960.5473351
            e:n 5797.9192715
            e:w 5811.4824968
            c:n 4723.2697170
            c:w 4720.6255286
            n:w 13608.4945536
          b:e:c 2251.3670048
          b:e:n 1235.5704566
          b:e:w 1236.3957031
          b:c:n 1235.6657445
          b:c:w 1234.8402931
          b:n:w 2248.5828675
          e:c:n 5956.5625525
          e:c:w 5959.2067409
          e:n:w 8322.0766408
          c:n:w 6977.9785678
        b:e:c:n 2098.3186395
        b:e:c:w 2099.1440909
        b:e:n:w 2758.2852413
        b:c:n:w 2454.5312534
        e:c:n:w 56253.7112598
