########################################
# legofit: estimate population history #
#       version 2.3.4-4-g53f8760       #
########################################

# Program was compiled: Sep 21 2021 14:36:42
# Program was run: Fri Oct  8 11:22:24 2021

# cmd: legofit -1 -d 0 -t 32 --ptsPerDim 3 --stateOut b1boot43.state --tol 3e-6 -S 5000 bdeg2.lgo ../../boot/boot43.opf
# Stage nOptItr nSimReps
#     0    5000        0
# algorithm          : deterministic
# ignoring probs <=  : 0
# Branch length floor: 0
# DE strategy        : 2
#    F               : 0.3
#    CR              : 0.8
#    tolerance       : 3e-06
# nthreads           : 32
# lgo input file     : bdeg2.lgo
# site pat input file: ../../boot/boot43.opf
# free parameters    : 15
# points in DE swarm : 45
# output state file  : b1boot43.state
# Including singleton site patterns.
# cost function      : KL
Initial parameter values
Fixed:
      zero = 0
       one = 1
    Tbecnw = 75200
Free:
       pc1 = 0
       pc2 = 0
       pc3 = 0
       pc4 = 0
       pc5 = 0
       pc6 = 0
       pc7 = 0
       pc8 = 0
       pc9 = 0
      pc10 = 0
      pc11 = 0
      pc12 = 0
      pc13 = 0
      pc14 = 0
      pc15 = 0
Constrained:
     Tecnw = 39820.4
       Tnw = 4386.18
       Tec = 9630.99
     twoNb = 1.2268e+06
     twoNe = 288892
     twoNc = 123675
     twoNw = 1.57851e+06
    twoNec = 216498
    twoNnw = 162076
  twoNecnw = 31678.9
  twoNbecnw = 76356.2
        m2 = 0.00167671
        m4 = 0.000123082
        m5 = 0.227077
        m7 = 0.00193263
        Tb = 24725.7
        Td = 4815.49
        Te = 2407.75
        Tg = 1203.87
DiffEv reached_goal. cost=3.00612e-03 spread=2.53530e-06
Fitted parameter values
Free:
       pc1 = 3.93252
       pc2 = 1.87363
       pc3 = -2.25682
       pc4 = 0.607175
       pc5 = 1.8386
       pc6 = -0.634607
       pc7 = -1.42005
       pc8 = 0.940529
       pc9 = 0.965588
      pc10 = 0.457435
      pc11 = -0.529026
      pc12 = -0.20213
      pc13 = -0.0235242
      pc14 = -0.0862536
      pc15 = -0.00904225
Constrained:
     Tecnw = 40702.8
       Tnw = 2467.97
       Tec = 24.5147
     twoNb = 1.77201e+06
     twoNe = 629274
     twoNc = 223675
     twoNw = 2.28169e+06
    twoNec = 293004
    twoNnw = 178549
  twoNecnw = 30600.8
  twoNbecnw = 76599.4
        m2 = 0.00278285
        m4 = 0.000449971
        m5 = 0.239001
        m7 = 0.00597129
        Tb = 20363.7
        Td = 12.2574
        Te = 6.12868
        Tg = 3.06434
#       SitePat  BranchLen
              b 137660.6212334
              e 52966.7058673
              c 56435.1772424
              n 50494.6990563
              w 50480.6014407
            b:e 2466.9865450
            b:c 2744.8607560
            b:n 2102.1226810
            b:w 2101.2676080
            e:c 10969.9307300
            e:n 5769.3501180
            e:w 5783.4477335
            c:n 4714.0172891
            c:w 4711.2824149
            n:w 13582.9316694
          b:e:c 2251.0522554
          b:e:n 1235.4835488
          b:e:w 1236.3386218
          b:c:n 1235.6417833
          b:c:w 1234.7865334
          b:n:w 2248.6310187
          e:c:n 5961.0174136
          e:c:w 5963.7522879
          e:n:w 8244.1300185
          c:n:w 6927.2680642
        b:e:c:n 2102.6550940
        b:e:c:w 2103.5103439
        b:e:n:w 2737.0044532
        b:c:n:w 2436.4128226
        e:c:n:w 56106.0102678
