########################################
# legofit: estimate population history #
#       version 2.3.4-4-g53f8760       #
########################################

# Program was compiled: Sep 21 2021 14:36:42
# Program was run: Fri Oct  8 11:21:45 2021

# cmd: legofit -1 -d 0 -t 32 --ptsPerDim 3 --stateOut b1boot2.state --tol 3e-6 -S 5000 bdeg2.lgo ../../boot/boot2.opf
# Stage nOptItr nSimReps
#     0    5000        0
# algorithm          : deterministic
# ignoring probs <=  : 0
# Branch length floor: 0
# DE strategy        : 2
#    F               : 0.3
#    CR              : 0.8
#    tolerance       : 3e-06
# nthreads           : 32
# lgo input file     : bdeg2.lgo
# site pat input file: ../../boot/boot2.opf
# free parameters    : 15
# points in DE swarm : 45
# output state file  : b1boot2.state
# Including singleton site patterns.
# cost function      : KL
Initial parameter values
Fixed:
      zero = 0
       one = 1
    Tbecnw = 75200
Free:
       pc1 = 0
       pc2 = 0
       pc3 = 0
       pc4 = 0
       pc5 = 0
       pc6 = 0
       pc7 = 0
       pc8 = 0
       pc9 = 0
      pc10 = 0
      pc11 = 0
      pc12 = 0
      pc13 = 0
      pc14 = 0
      pc15 = 0
Constrained:
     Tecnw = 39820.4
       Tnw = 4386.18
       Tec = 9630.99
     twoNb = 1.2268e+06
     twoNe = 288892
     twoNc = 123675
     twoNw = 1.57851e+06
    twoNec = 216498
    twoNnw = 162076
  twoNecnw = 31678.9
  twoNbecnw = 76356.2
        m2 = 0.00167671
        m4 = 0.000123082
        m5 = 0.227077
        m7 = 0.00193263
        Tb = 24725.7
        Td = 4815.49
        Te = 2407.75
        Tg = 1203.87
DiffEv reached_goal. cost=3.02263e-03 spread=2.93618e-06
Fitted parameter values
Free:
       pc1 = 3.9819
       pc2 = 1.86767
       pc3 = -2.69424
       pc4 = -1.64926
       pc5 = 1.78003
       pc6 = 0.203602
       pc7 = 0.19125
       pc8 = 0.434106
       pc9 = 0.414154
      pc10 = 0.681562
      pc11 = -0.0421783
      pc12 = -0.216837
      pc13 = 0.022281
      pc14 = -0.099611
      pc15 = 0.0160483
Constrained:
     Tecnw = 40212.2
       Tnw = 1976.3
       Tec = 47.0456
     twoNb = 1.84072e+06
     twoNe = 674492
     twoNc = 176646
     twoNw = 1.58602e+06
    twoNec = 287444
    twoNnw = 181961
  twoNecnw = 30864.1
  twoNbecnw = 76084.3
        m2 = 0.00583864
        m4 = 0.000147733
        m5 = 0.234115
        m7 = 0.00613334
        Tb = 20129.6
        Td = 23.5228
        Te = 11.7614
        Tg = 5.8807
#       SitePat  BranchLen
              b 137217.2389973
              e 52747.2559349
              c 56099.4827559
              n 50230.5292755
              w 50214.6922649
            b:e 2479.6031310
            b:c 2744.2084661
            b:n 2083.8988320
            b:w 2082.9461968
            e:c 10964.9404604
            e:n 5746.9259598
            e:w 5762.7629704
            c:n 4724.5866219
            c:w 4721.5105054
            n:w 13541.5644479
          b:e:c 2227.2335191
          b:e:n 1223.5016687
          b:e:w 1224.4543039
          b:c:n 1223.7977840
          b:c:w 1222.8448097
          b:n:w 2223.7594971
          e:c:n 5955.2097206
          e:c:w 5958.2858372
          e:n:w 8243.7265064
          c:n:w 6978.1280791
        b:e:c:n 2084.7802203
        b:e:c:w 2085.7331946
        b:e:n:w 2730.3333610
        b:c:n:w 2444.0048141
        e:c:n:w 55863.5920073
