########################################
# legofit: estimate population history #
#       version 2.3.4-4-g53f8760       #
########################################

# Program was compiled: Sep 21 2021 14:36:42
# Program was run: Fri Oct  8 11:21:53 2021

# cmd: legofit -1 -d 0 -t 32 --ptsPerDim 3 --stateOut b1boot10.state --tol 3e-6 -S 5000 bdeg2.lgo ../../boot/boot10.opf
# Stage nOptItr nSimReps
#     0    5000        0
# algorithm          : deterministic
# ignoring probs <=  : 0
# Branch length floor: 0
# DE strategy        : 2
#    F               : 0.3
#    CR              : 0.8
#    tolerance       : 3e-06
# nthreads           : 32
# lgo input file     : bdeg2.lgo
# site pat input file: ../../boot/boot10.opf
# free parameters    : 15
# points in DE swarm : 45
# output state file  : b1boot10.state
# Including singleton site patterns.
# cost function      : KL
Initial parameter values
Fixed:
      zero = 0
       one = 1
    Tbecnw = 75200
Free:
       pc1 = 0
       pc2 = 0
       pc3 = 0
       pc4 = 0
       pc5 = 0
       pc6 = 0
       pc7 = 0
       pc8 = 0
       pc9 = 0
      pc10 = 0
      pc11 = 0
      pc12 = 0
      pc13 = 0
      pc14 = 0
      pc15 = 0
Constrained:
     Tecnw = 39820.4
       Tnw = 4386.18
       Tec = 9630.99
     twoNb = 1.2268e+06
     twoNe = 288892
     twoNc = 123675
     twoNw = 1.57851e+06
    twoNec = 216498
    twoNnw = 162076
  twoNecnw = 31678.9
  twoNbecnw = 76356.2
        m2 = 0.00167671
        m4 = 0.000123082
        m5 = 0.227077
        m7 = 0.00193263
        Tb = 24725.7
        Td = 4815.49
        Te = 2407.75
        Tg = 1203.87
DiffEv reached_goal. cost=3.00626e-03 spread=2.74693e-06
Fitted parameter values
Free:
       pc1 = 3.95395
       pc2 = 1.30299
       pc3 = -3.50294
       pc4 = 1.03853
       pc5 = 1.79531
       pc6 = 0.134475
       pc7 = -1.57682
       pc8 = 0.940529
       pc9 = 0.785715
      pc10 = 1.1231
      pc11 = -0.779845
      pc12 = 0.153217
      pc13 = 0.203263
      pc14 = 0.0576039
      pc15 = 0.0486729
Constrained:
     Tecnw = 40516.1
       Tnw = 2945.66
       Tec = 8.02792
     twoNb = 1.6807e+06
     twoNe = 501485
     twoNc = 267452
     twoNw = 2.69489e+06
    twoNec = 284575
    twoNnw = 174589
  twoNecnw = 30586.8
  twoNbecnw = 76759.3
        m2 = 0.0040638
        m4 = 0.00043812
        m5 = 0.242225
        m7 = 0.00774929
        Tb = 20262.1
        Td = 4.01396
        Te = 2.00698
        Tg = 1.00349
#       SitePat  BranchLen
              b 137812.3006874
              e 52858.3963487
              c 56279.1287278
              n 50350.4327767
              w 50336.0985540
            b:e 2505.3473353
            b:c 2754.9299841
            b:n 2090.6884258
            b:w 2089.8175879
            e:c 11002.5434581
            e:n 5752.3622799
            e:w 5766.6965026
            c:n 4705.0831440
            c:w 4702.2881891
            n:w 13569.1197990
          b:e:c 2247.9875344
          b:e:n 1228.1664905
          b:e:w 1229.0373284
          b:c:n 1228.0829939
          b:c:w 1227.2118951
          b:n:w 2244.5015710
          e:c:n 5946.7835676
          e:c:w 5949.5785224
          e:n:w 8277.4565944
          c:n:w 7001.7077859
        b:e:c:n 2091.7664046
        b:e:c:w 2092.6375034
        b:e:n:w 2743.5778771
        b:c:n:w 2462.6080370
        e:c:n:w 56356.3239085
