########################################
# legofit: estimate population history #
#       version 2.3.4-4-g53f8760       #
########################################

# Program was compiled: Sep 21 2021 14:36:42
# Program was run: Fri Oct  8 11:22:25 2021

# cmd: legofit -1 -d 0 -t 32 --ptsPerDim 3 --stateOut b1boot40.state --tol 3e-6 -S 5000 bdeg2.lgo ../../boot/boot40.opf
# Stage nOptItr nSimReps
#     0    5000        0
# algorithm          : deterministic
# ignoring probs <=  : 0
# Branch length floor: 0
# DE strategy        : 2
#    F               : 0.3
#    CR              : 0.8
#    tolerance       : 3e-06
# nthreads           : 32
# lgo input file     : bdeg2.lgo
# site pat input file: ../../boot/boot40.opf
# free parameters    : 15
# points in DE swarm : 45
# output state file  : b1boot40.state
# Including singleton site patterns.
# cost function      : KL
Initial parameter values
Fixed:
      zero = 0
       one = 1
    Tbecnw = 75200
Free:
       pc1 = 0
       pc2 = 0
       pc3 = 0
       pc4 = 0
       pc5 = 0
       pc6 = 0
       pc7 = 0
       pc8 = 0
       pc9 = 0
      pc10 = 0
      pc11 = 0
      pc12 = 0
      pc13 = 0
      pc14 = 0
      pc15 = 0
Constrained:
     Tecnw = 39820.4
       Tnw = 4386.18
       Tec = 9630.99
     twoNb = 1.2268e+06
     twoNe = 288892
     twoNc = 123675
     twoNw = 1.57851e+06
    twoNec = 216498
    twoNnw = 162076
  twoNecnw = 31678.9
  twoNbecnw = 76356.2
        m2 = 0.00167671
        m4 = 0.000123082
        m5 = 0.227077
        m7 = 0.00193263
        Tb = 24725.7
        Td = 4815.49
        Te = 2407.75
        Tg = 1203.87
DiffEv reached_goal. cost=3.00482e-03 spread=2.72465e-06
Fitted parameter values
Free:
       pc1 = 3.95311
       pc2 = 1.58255
       pc3 = -2.8812
       pc4 = 0.140204
       pc5 = 1.88
       pc6 = -0.980748
       pc7 = -1.59504
       pc8 = 1.15248
       pc9 = 0.750531
      pc10 = 0.385617
      pc11 = -0.207491
      pc12 = -0.186757
      pc13 = 0.123893
      pc14 = -0.0844632
      pc15 = 0.0422443
Constrained:
     Tecnw = 40545.2
       Tnw = 2714.86
       Tec = 2.4348
     twoNb = 2.07629e+06
     twoNe = 706834
     twoNc = 225341
     twoNw = 2.13407e+06
    twoNec = 284541
    twoNnw = 176709
  twoNecnw = 30607.9
  twoNbecnw = 76502.4
        m2 = 0.00337167
        m4 = 0.000477177
        m5 = 0.243265
        m7 = 0.0063685
        Tb = 20273.8
        Td = 1.2174
        Te = 0.608699
        Tg = 0.30435
#       SitePat  BranchLen
              b 137634.9280099
              e 52745.2438657
              c 56245.5048489
              n 50368.0309391
              w 50351.2024531
            b:e 2455.8772490
            b:c 2736.1198495
            b:n 2090.8925260
            b:w 2089.8733276
            e:c 11004.7785692
            e:n 5763.3902492
            e:w 5780.2187351
            c:n 4699.5851288
            c:w 4696.3117907
            n:w 13536.2788492
          b:e:c 2240.1399070
          b:e:n 1226.4321152
          b:e:w 1227.4513137
          b:c:n 1226.8284927
          b:c:w 1225.8090802
          b:n:w 2237.7951764
          e:c:n 5954.5962483
          e:c:w 5957.8695865
          e:n:w 8247.8631169
          c:n:w 6917.0039654
        b:e:c:n 2091.1925683
        b:e:c:w 2092.2119807
        b:e:n:w 2728.0626407
        b:c:n:w 2427.3761293
        e:c:n:w 56215.6622207
