########################################
# legofit: estimate population history #
#       version 2.3.4-4-g53f8760       #
########################################

# Program was compiled: Sep 21 2021 14:36:42
# Program was run: Fri Oct  8 11:22:30 2021

# cmd: legofit -1 -d 0 -t 32 --ptsPerDim 3 --stateOut b1boot45.state --tol 3e-6 -S 5000 bdeg2.lgo ../../boot/boot45.opf
# Stage nOptItr nSimReps
#     0    5000        0
# algorithm          : deterministic
# ignoring probs <=  : 0
# Branch length floor: 0
# DE strategy        : 2
#    F               : 0.3
#    CR              : 0.8
#    tolerance       : 3e-06
# nthreads           : 32
# lgo input file     : bdeg2.lgo
# site pat input file: ../../boot/boot45.opf
# free parameters    : 15
# points in DE swarm : 45
# output state file  : b1boot45.state
# Including singleton site patterns.
# cost function      : KL
Initial parameter values
Fixed:
      zero = 0
       one = 1
    Tbecnw = 75200
Free:
       pc1 = 0
       pc2 = 0
       pc3 = 0
       pc4 = 0
       pc5 = 0
       pc6 = 0
       pc7 = 0
       pc8 = 0
       pc9 = 0
      pc10 = 0
      pc11 = 0
      pc12 = 0
      pc13 = 0
      pc14 = 0
      pc15 = 0
Constrained:
     Tecnw = 39820.4
       Tnw = 4386.18
       Tec = 9630.99
     twoNb = 1.2268e+06
     twoNe = 288892
     twoNc = 123675
     twoNw = 1.57851e+06
    twoNec = 216498
    twoNnw = 162076
  twoNecnw = 31678.9
  twoNbecnw = 76356.2
        m2 = 0.00167671
        m4 = 0.000123082
        m5 = 0.227077
        m7 = 0.00193263
        Tb = 24725.7
        Td = 4815.49
        Te = 2407.75
        Tg = 1203.87
DiffEv reached_goal. cost=3.05678e-03 spread=2.83354e-06
Fitted parameter values
Free:
       pc1 = 3.98525
       pc2 = 1.81951
       pc3 = -2.23153
       pc4 = 1.74228
       pc5 = 1.53696
       pc6 = 0.62847
       pc7 = -1.95549
       pc8 = 1.22739
       pc9 = 0.598261
      pc10 = 0.422522
      pc11 = -0.218639
      pc12 = -0.177509
      pc13 = 0.149944
      pc14 = -0.0836899
      pc15 = -0.00489838
Constrained:
     Tecnw = 40740.4
       Tnw = 2475.73
       Tec = 68.1816
     twoNb = 1.41539e+06
     twoNe = 299746
     twoNc = 292349
     twoNw = 2.48587e+06
    twoNec = 289762
    twoNnw = 177733
  twoNecnw = 30404.6
  twoNbecnw = 76509.1
        m2 = 0.00253816
        m4 = 0.000499658
        m5 = 0.245189
        m7 = 0.00608509
        Tb = 20404.3
        Td = 34.0908
        Te = 17.0454
        Tg = 8.5227
#       SitePat  BranchLen
              b 137676.6427680
              e 52807.0340262
              c 56375.7188720
              n 50378.2357719
              w 50365.0090326
            b:e 2449.7506673
            b:c 2729.5331525
            b:n 2083.9446601
            b:w 2083.1473010
            e:c 10922.7115145
            e:n 5770.3962871
            e:w 5783.6230264
            c:n 4685.2007017
            c:w 4682.6430839
            n:w 13541.9462015
          b:e:c 2232.9324127
          b:e:n 1225.7877028
          b:e:w 1226.5850620
          b:c:n 1225.7081087
          b:c:w 1224.9105547
          b:n:w 2230.0147416
          e:c:n 5931.1330785
          e:c:w 5933.6906964
          e:n:w 8237.1700534
          c:n:w 6885.2311619
        b:e:c:n 2084.8331164
        b:e:c:w 2085.6306704
        b:e:n:w 2720.2755386
        b:c:n:w 2411.6767286
        e:c:n:w 56279.8193325
