########################################
# legofit: estimate population history #
#       version 2.3.4-4-g53f8760       #
########################################

# Program was compiled: Sep 21 2021 14:36:42
# Program was run: Fri Oct  8 11:22:19 2021

# cmd: legofit -1 -d 0 -t 32 --ptsPerDim 3 --stateOut b1boot34.state --tol 3e-6 -S 5000 bdeg2.lgo ../../boot/boot34.opf
# Stage nOptItr nSimReps
#     0    5000        0
# algorithm          : deterministic
# ignoring probs <=  : 0
# Branch length floor: 0
# DE strategy        : 2
#    F               : 0.3
#    CR              : 0.8
#    tolerance       : 3e-06
# nthreads           : 32
# lgo input file     : bdeg2.lgo
# site pat input file: ../../boot/boot34.opf
# free parameters    : 15
# points in DE swarm : 45
# output state file  : b1boot34.state
# Including singleton site patterns.
# cost function      : KL
Initial parameter values
Fixed:
      zero = 0
       one = 1
    Tbecnw = 75200
Free:
       pc1 = 0
       pc2 = 0
       pc3 = 0
       pc4 = 0
       pc5 = 0
       pc6 = 0
       pc7 = 0
       pc8 = 0
       pc9 = 0
      pc10 = 0
      pc11 = 0
      pc12 = 0
      pc13 = 0
      pc14 = 0
      pc15 = 0
Constrained:
     Tecnw = 39820.4
       Tnw = 4386.18
       Tec = 9630.99
     twoNb = 1.2268e+06
     twoNe = 288892
     twoNc = 123675
     twoNw = 1.57851e+06
    twoNec = 216498
    twoNnw = 162076
  twoNecnw = 31678.9
  twoNbecnw = 76356.2
        m2 = 0.00167671
        m4 = 0.000123082
        m5 = 0.227077
        m7 = 0.00193263
        Tb = 24725.7
        Td = 4815.49
        Te = 2407.75
        Tg = 1203.87
DiffEv reached_goal. cost=2.97967e-03 spread=2.72808e-06
Fitted parameter values
Free:
       pc1 = 3.96038
       pc2 = 1.91628
       pc3 = -3.541
       pc4 = 0.119144
       pc5 = 1.85002
       pc6 = 0.282713
       pc7 = -1.82503
       pc8 = 1.18972
       pc9 = 0.616131
      pc10 = 0.716677
      pc11 = -0.271186
      pc12 = -0.0823857
      pc13 = 0.0996877
      pc14 = -0.0230643
      pc15 = -0.0111916
Constrained:
     Tecnw = 40405.5
       Tnw = 2362.25
       Tec = 0.0361063
     twoNb = 1.82871e+06
     twoNe = 532239
     twoNc = 269972
     twoNw = 2.28596e+06
    twoNec = 285153
    twoNnw = 178438
  twoNecnw = 30673.3
  twoNbecnw = 76230.9
        m2 = 0.00454837
        m4 = 0.000515246
        m5 = 0.243238
        m7 = 0.00746619
        Tb = 20202.8
        Td = 0.0180532
        Te = 0.00902658
        Tg = 0.00451329
#       SitePat  BranchLen
              b 137372.2950413
              e 52758.1749009
              c 56208.8940885
              n 50242.1984890
              w 50228.5279480
            b:e 2485.0604286
            b:c 2742.9889562
            b:n 2078.7841701
            b:w 2077.9610144
            e:c 10945.5633402
            e:n 5763.7206584
            e:w 5777.3911995
            c:n 4704.7056872
            c:w 4702.0533157
            n:w 13541.0804267
          b:e:c 2227.1014028
          b:e:n 1222.4390374
          b:e:w 1223.2621932
          b:c:n 1222.4482137
          b:c:w 1221.6248020
          b:n:w 2223.7724278
          e:c:n 5932.4922310
          e:c:w 5935.1446025
          e:n:w 8261.0132442
          c:n:w 6973.1197748
        b:e:c:n 2079.8014475
        b:e:c:w 2080.6248592
        b:e:n:w 2730.9869133
        b:c:n:w 2446.2137374
        e:c:n:w 56012.5881862
