########################################
# legofit: estimate population history #
#       version 2.3.4-4-g53f8760       #
########################################

# Program was compiled: Sep 21 2021 14:36:42
# Program was run: Fri Oct  8 11:21:52 2021

# cmd: legofit -1 -d 0 -t 32 --ptsPerDim 3 --stateOut b1boot6.state --tol 3e-6 -S 5000 bdeg2.lgo ../../boot/boot6.opf
# Stage nOptItr nSimReps
#     0    5000        0
# algorithm          : deterministic
# ignoring probs <=  : 0
# Branch length floor: 0
# DE strategy        : 2
#    F               : 0.3
#    CR              : 0.8
#    tolerance       : 3e-06
# nthreads           : 32
# lgo input file     : bdeg2.lgo
# site pat input file: ../../boot/boot6.opf
# free parameters    : 15
# points in DE swarm : 45
# output state file  : b1boot6.state
# Including singleton site patterns.
# cost function      : KL
Initial parameter values
Fixed:
      zero = 0
       one = 1
    Tbecnw = 75200
Free:
       pc1 = 0
       pc2 = 0
       pc3 = 0
       pc4 = 0
       pc5 = 0
       pc6 = 0
       pc7 = 0
       pc8 = 0
       pc9 = 0
      pc10 = 0
      pc11 = 0
      pc12 = 0
      pc13 = 0
      pc14 = 0
      pc15 = 0
Constrained:
     Tecnw = 39820.4
       Tnw = 4386.18
       Tec = 9630.99
     twoNb = 1.2268e+06
     twoNe = 288892
     twoNc = 123675
     twoNw = 1.57851e+06
    twoNec = 216498
    twoNnw = 162076
  twoNecnw = 31678.9
  twoNbecnw = 76356.2
        m2 = 0.00167671
        m4 = 0.000123082
        m5 = 0.227077
        m7 = 0.00193263
        Tb = 24725.7
        Td = 4815.49
        Te = 2407.75
        Tg = 1203.87
DiffEv reached_goal. cost=2.99583e-03 spread=2.28869e-06
Fitted parameter values
Free:
       pc1 = 3.99866
       pc2 = 2.12172
       pc3 = -3.29289
       pc4 = -0.275793
       pc5 = 1.87662
       pc6 = -0.45898
       pc7 = -1.80747
       pc8 = 0.71015
       pc9 = 0.922432
      pc10 = 0.546816
      pc11 = -0.198473
      pc12 = -0.473284
      pc13 = 0.0619465
      pc14 = -0.188059
      pc15 = -0.00223992
Constrained:
     Tecnw = 40451.2
       Tnw = 2314.17
       Tec = 57.0848
     twoNb = 2.09079e+06
     twoNe = 677554
     twoNc = 223350
     twoNw = 2.32277e+06
    twoNec = 285589
    twoNnw = 180710
  twoNecnw = 30603.7
  twoNbecnw = 76133
        m2 = 0.00440219
        m4 = 0.000524735
        m5 = 0.239953
        m7 = 0.00654992
        Tb = 20254.2
        Td = 28.5424
        Te = 14.2712
        Tg = 7.13559
#       SitePat  BranchLen
              b 137326.7203238
              e 52754.1456296
              c 56168.7233123
              n 50333.1986074
              w 50320.2433740
            b:e 2456.9480555
            b:c 2726.2100180
            b:n 2079.8850002
            b:w 2079.1063303
            e:c 10947.3104593
            e:n 5745.0604996
            e:w 5758.0157329
            c:n 4699.8189262
            c:w 4697.3085089
            n:w 13480.5297065
          b:e:c 2221.0370375
          b:e:n 1220.7163241
          b:e:w 1221.4949940
          b:c:n 1220.8846143
          b:c:w 1220.1057377
          b:n:w 2218.3358935
          e:c:n 5941.2582396
          e:c:w 5943.7686570
          e:n:w 8212.2710887
          c:n:w 6925.0022629
        b:e:c:n 2080.5924970
        b:e:c:w 2081.3713736
        b:e:n:w 2715.8379843
        b:c:n:w 2426.4369285
        e:c:n:w 55995.8545395
