########################################
# legofit: estimate population history #
#       version 2.3.4-4-g53f8760       #
########################################

# Program was compiled: Sep 21 2021 14:36:42
# Program was run: Fri Oct  8 11:21:52 2021

# cmd: legofit -1 -d 0 -t 32 --ptsPerDim 3 --stateOut b1boot11.state --tol 3e-6 -S 5000 bdeg2.lgo ../../boot/boot11.opf
# Stage nOptItr nSimReps
#     0    5000        0
# algorithm          : deterministic
# ignoring probs <=  : 0
# Branch length floor: 0
# DE strategy        : 2
#    F               : 0.3
#    CR              : 0.8
#    tolerance       : 3e-06
# nthreads           : 32
# lgo input file     : bdeg2.lgo
# site pat input file: ../../boot/boot11.opf
# free parameters    : 15
# points in DE swarm : 45
# output state file  : b1boot11.state
# Including singleton site patterns.
# cost function      : KL
Initial parameter values
Fixed:
      zero = 0
       one = 1
    Tbecnw = 75200
Free:
       pc1 = 0
       pc2 = 0
       pc3 = 0
       pc4 = 0
       pc5 = 0
       pc6 = 0
       pc7 = 0
       pc8 = 0
       pc9 = 0
      pc10 = 0
      pc11 = 0
      pc12 = 0
      pc13 = 0
      pc14 = 0
      pc15 = 0
Constrained:
     Tecnw = 39820.4
       Tnw = 4386.18
       Tec = 9630.99
     twoNb = 1.2268e+06
     twoNe = 288892
     twoNc = 123675
     twoNw = 1.57851e+06
    twoNec = 216498
    twoNnw = 162076
  twoNecnw = 31678.9
  twoNbecnw = 76356.2
        m2 = 0.00167671
        m4 = 0.000123082
        m5 = 0.227077
        m7 = 0.00193263
        Tb = 24725.7
        Td = 4815.49
        Te = 2407.75
        Tg = 1203.87
DiffEv reached_goal. cost=3.00618e-03 spread=1.92285e-06
Fitted parameter values
Free:
       pc1 = 3.98951
       pc2 = 1.36077
       pc3 = -3.28905
       pc4 = 0.937792
       pc5 = 1.52852
       pc6 = 0.141288
       pc7 = -1.61009
       pc8 = 1.47204
       pc9 = 0.971449
      pc10 = 0.594875
      pc11 = -0.469552
      pc12 = 0.305371
      pc13 = 0.0229722
      pc14 = -0.117528
      pc15 = -0.004951
Constrained:
     Tecnw = 40558.6
       Tnw = 2840.14
       Tec = 8.62853
     twoNb = 1.66551e+06
     twoNe = 475761
     twoNc = 237102
     twoNw = 2.44447e+06
    twoNec = 283639
    twoNnw = 176961
  twoNecnw = 30746.6
  twoNbecnw = 76617
        m2 = 0.00336443
        m4 = 0.000460882
        m5 = 0.247075
        m7 = 0.00768116
        Tb = 20283.6
        Td = 4.31426
        Te = 2.15713
        Tg = 1.07857
#       SitePat  BranchLen
              b 137617.7888224
              e 52875.1858646
              c 56354.1663056
              n 50477.9668684
              w 50462.3622387
            b:e 2501.5487473
            b:c 2756.8820967
            b:n 2106.2367443
            b:w 2105.2855004
            e:c 11010.4131116
            e:n 5796.1381866
            e:w 5811.7428163
            c:n 4730.0571784
            c:w 4727.0118845
            n:w 13534.8102259
          b:e:c 2252.2627616
          b:e:n 1237.5660979
          b:e:w 1238.5173418
          b:c:n 1237.5435958
          b:c:w 1236.5921056
          b:n:w 2249.0535760
          e:c:n 5974.7284415
          e:c:w 5977.7737354
          e:n:w 8274.1477364
          c:n:w 6979.6053825
        b:e:c:n 2107.1248724
        b:e:c:w 2108.0763626
        b:e:n:w 2747.2589281
        b:c:n:w 2460.2471699
        e:c:n:w 56049.4997186
