########################################
# legofit: estimate population history #
#       version 2.3.4-4-g53f8760       #
########################################

# Program was compiled: Sep 21 2021 14:36:42
# Program was run: Fri Oct  8 11:21:45 2021

# cmd: legofit -1 -d 0 -t 32 --ptsPerDim 3 --stateOut b1boot5.state --tol 3e-6 -S 5000 bdeg2.lgo ../../boot/boot5.opf
# Stage nOptItr nSimReps
#     0    5000        0
# algorithm          : deterministic
# ignoring probs <=  : 0
# Branch length floor: 0
# DE strategy        : 2
#    F               : 0.3
#    CR              : 0.8
#    tolerance       : 3e-06
# nthreads           : 32
# lgo input file     : bdeg2.lgo
# site pat input file: ../../boot/boot5.opf
# free parameters    : 15
# points in DE swarm : 45
# output state file  : b1boot5.state
# Including singleton site patterns.
# cost function      : KL
Initial parameter values
Fixed:
      zero = 0
       one = 1
    Tbecnw = 75200
Free:
       pc1 = 0
       pc2 = 0
       pc3 = 0
       pc4 = 0
       pc5 = 0
       pc6 = 0
       pc7 = 0
       pc8 = 0
       pc9 = 0
      pc10 = 0
      pc11 = 0
      pc12 = 0
      pc13 = 0
      pc14 = 0
      pc15 = 0
Constrained:
     Tecnw = 39820.4
       Tnw = 4386.18
       Tec = 9630.99
     twoNb = 1.2268e+06
     twoNe = 288892
     twoNc = 123675
     twoNw = 1.57851e+06
    twoNec = 216498
    twoNnw = 162076
  twoNecnw = 31678.9
  twoNbecnw = 76356.2
        m2 = 0.00167671
        m4 = 0.000123082
        m5 = 0.227077
        m7 = 0.00193263
        Tb = 24725.7
        Td = 4815.49
        Te = 2407.75
        Tg = 1203.87
DiffEv reached_goal. cost=3.00305e-03 spread=2.99064e-06
Fitted parameter values
Free:
       pc1 = 3.99092
       pc2 = 1.91032
       pc3 = -3.76092
       pc4 = -0.0306342
       pc5 = 1.99281
       pc6 = 0.0974266
       pc7 = -1.93438
       pc8 = 1.17775
       pc9 = 0.405652
      pc10 = 0.678714
      pc11 = -0.50478
      pc12 = -0.174339
      pc13 = 0.11977
      pc14 = 0.0204224
      pc15 = 0.0428131
Constrained:
     Tecnw = 40407
       Tnw = 2371.45
       Tec = 15.7238
     twoNb = 2.01308e+06
     twoNe = 566232
     twoNc = 289296
     twoNw = 2.25345e+06
    twoNec = 282195
    twoNnw = 177828
  twoNecnw = 30638.4
  twoNbecnw = 76242.5
        m2 = 0.00463904
        m4 = 0.000529394
        m5 = 0.241587
        m7 = 0.00778023
        Tb = 20211.4
        Td = 7.8619
        Te = 3.93095
        Tg = 1.96547
#       SitePat  BranchLen
              b 137396.5859332
              e 52745.0562978
              c 56160.2393407
              n 50222.7381586
              w 50208.9496464
            b:e 2486.0790253
            b:c 2738.0453603
            b:n 2076.5915928
            b:w 2075.7621152
            e:c 10987.1729932
            e:n 5744.3996667
            e:w 5758.1881790
            c:n 4693.4439018
            c:w 4690.7701028
            n:w 13568.8969258
          b:e:c 2230.0160988
          b:e:n 1218.7962393
          b:e:w 1219.6257168
          b:c:n 1218.8513510
          b:c:w 1218.0216339
          b:n:w 2226.8887251
          e:c:n 5929.1513655
          e:c:w 5931.8251645
          e:n:w 8249.1630865
          c:n:w 6979.4755303
        b:e:c:n 2077.4879707
        b:e:c:w 2078.3176877
        b:e:n:w 2726.9339872
        b:c:n:w 2449.3949777
        e:c:n:w 56055.1849360
