########################################
# legofit: estimate population history #
#       version 2.3.4-4-g53f8760       #
########################################

# Program was compiled: Sep 21 2021 14:36:42
# Program was run: Fri Oct  8 11:22:03 2021

# cmd: legofit -1 -d 0 -t 32 --ptsPerDim 3 --stateOut b1boot20.state --tol 3e-6 -S 5000 bdeg2.lgo ../../boot/boot20.opf
# Stage nOptItr nSimReps
#     0    5000        0
# algorithm          : deterministic
# ignoring probs <=  : 0
# Branch length floor: 0
# DE strategy        : 2
#    F               : 0.3
#    CR              : 0.8
#    tolerance       : 3e-06
# nthreads           : 32
# lgo input file     : bdeg2.lgo
# site pat input file: ../../boot/boot20.opf
# free parameters    : 15
# points in DE swarm : 45
# output state file  : b1boot20.state
# Including singleton site patterns.
# cost function      : KL
Initial parameter values
Fixed:
      zero = 0
       one = 1
    Tbecnw = 75200
Free:
       pc1 = 0
       pc2 = 0
       pc3 = 0
       pc4 = 0
       pc5 = 0
       pc6 = 0
       pc7 = 0
       pc8 = 0
       pc9 = 0
      pc10 = 0
      pc11 = 0
      pc12 = 0
      pc13 = 0
      pc14 = 0
      pc15 = 0
Constrained:
     Tecnw = 39820.4
       Tnw = 4386.18
       Tec = 9630.99
     twoNb = 1.2268e+06
     twoNe = 288892
     twoNc = 123675
     twoNw = 1.57851e+06
    twoNec = 216498
    twoNnw = 162076
  twoNecnw = 31678.9
  twoNbecnw = 76356.2
        m2 = 0.00167671
        m4 = 0.000123082
        m5 = 0.227077
        m7 = 0.00193263
        Tb = 24725.7
        Td = 4815.49
        Te = 2407.75
        Tg = 1203.87
DiffEv reached_goal. cost=2.98588e-03 spread=2.71345e-06
Fitted parameter values
Free:
       pc1 = 3.98402
       pc2 = 1.93173
       pc3 = -3.2612
       pc4 = 1.00169
       pc5 = 1.872
       pc6 = 0.673651
       pc7 = -1.86223
       pc8 = 1.30868
       pc9 = 1.39695
      pc10 = 0.0684216
      pc11 = -0.133108
      pc12 = -0.217199
      pc13 = 0.0870964
      pc14 = -0.181109
      pc15 = 0.032935
Constrained:
     Tecnw = 40514.2
       Tnw = 2076.39
       Tec = 15.8932
     twoNb = 1.57996e+06
     twoNe = 467761
     twoNc = 261153
     twoNw = 2.65401e+06
    twoNec = 279796
    twoNnw = 181555
  twoNecnw = 30624.1
  twoNbecnw = 76048.4
        m2 = 0.00301987
        m4 = 0.000489595
        m5 = 0.248085
        m7 = 0.00727897
        Tb = 20265.1
        Td = 7.94662
        Te = 3.97331
        Tg = 1.98666
#       SitePat  BranchLen
              b 137252.1402774
              e 52624.8296158
              c 56132.7807925
              n 50307.6907002
              w 50297.1088383
            b:e 2454.6901016
            b:c 2710.6309413
            b:n 2082.7758935
            b:w 2082.1407439
            e:c 10986.6626757
            e:n 5778.7807814
            e:w 5789.3626432
            c:n 4696.3591919
            c:w 4694.3126524
            n:w 13498.9052164
          b:e:c 2222.1039858
          b:e:n 1221.2472633
          b:e:w 1221.8824130
          b:c:n 1220.9260002
          b:c:w 1220.2906906
          b:n:w 2219.0024734
          e:c:n 5949.6579817
          e:c:w 5951.7045212
          e:n:w 8193.3703174
          c:n:w 6896.1413838
        b:e:c:n 2083.9292173
        b:e:c:w 2084.5645269
        b:e:n:w 2701.2781406
        b:c:n:w 2413.9996237
        e:c:n:w 55927.5381077
