########################################
# legofit: estimate population history #
#       version 2.3.4-4-g53f8760       #
########################################

# Program was compiled: Sep 21 2021 14:36:42
# Program was run: Fri Oct  8 11:21:52 2021

# cmd: legofit -1 -d 0 -t 32 --ptsPerDim 3 --stateOut b1boot8.state --tol 3e-6 -S 5000 bdeg2.lgo ../../boot/boot8.opf
# Stage nOptItr nSimReps
#     0    5000        0
# algorithm          : deterministic
# ignoring probs <=  : 0
# Branch length floor: 0
# DE strategy        : 2
#    F               : 0.3
#    CR              : 0.8
#    tolerance       : 3e-06
# nthreads           : 32
# lgo input file     : bdeg2.lgo
# site pat input file: ../../boot/boot8.opf
# free parameters    : 15
# points in DE swarm : 45
# output state file  : b1boot8.state
# Including singleton site patterns.
# cost function      : KL
Initial parameter values
Fixed:
      zero = 0
       one = 1
    Tbecnw = 75200
Free:
       pc1 = 0
       pc2 = 0
       pc3 = 0
       pc4 = 0
       pc5 = 0
       pc6 = 0
       pc7 = 0
       pc8 = 0
       pc9 = 0
      pc10 = 0
      pc11 = 0
      pc12 = 0
      pc13 = 0
      pc14 = 0
      pc15 = 0
Constrained:
     Tecnw = 39820.4
       Tnw = 4386.18
       Tec = 9630.99
     twoNb = 1.2268e+06
     twoNe = 288892
     twoNc = 123675
     twoNw = 1.57851e+06
    twoNec = 216498
    twoNnw = 162076
  twoNecnw = 31678.9
  twoNbecnw = 76356.2
        m2 = 0.00167671
        m4 = 0.000123082
        m5 = 0.227077
        m7 = 0.00193263
        Tb = 24725.7
        Td = 4815.49
        Te = 2407.75
        Tg = 1203.87
DiffEv reached_goal. cost=3.00821e-03 spread=2.89438e-06
Fitted parameter values
Free:
       pc1 = 3.99506
       pc2 = 2.11818
       pc3 = -2.22856
       pc4 = 0.826353
       pc5 = 1.97507
       pc6 = 0.392613
       pc7 = -1.68052
       pc8 = 1.7415
       pc9 = 0.205543
      pc10 = 0.164935
      pc11 = -0.489571
      pc12 = -0.325331
      pc13 = -0.0513211
      pc14 = -0.0700946
      pc15 = -0.0171697
Constrained:
     Tecnw = 40765.7
       Tnw = 2180.71
       Tec = 6.28425
     twoNb = 1.58218e+06
     twoNe = 428519
     twoNc = 317177
     twoNw = 1.92646e+06
    twoNec = 292295
    twoNnw = 179212
  twoNecnw = 30508.4
  twoNbecnw = 76292
        m2 = 0.00258314
        m4 = 0.000482275
        m5 = 0.241602
        m7 = 0.00663694
        Tb = 20386
        Td = 3.14213
        Te = 1.57106
        Tg = 0.785532
#       SitePat  BranchLen
              b 137422.7103713
              e 52937.5142171
              c 56437.4462782
              n 50414.4910910
              w 50399.5443666
            b:e 2466.1056454
            b:c 2731.6777072
            b:n 2087.8476492
            b:w 2086.9479807
            e:c 10936.2137008
            e:n 5764.5006002
            e:w 5779.4473246
            c:n 4693.4173768
            c:w 4690.5352021
            n:w 13602.6493404
          b:e:c 2239.1322224
          b:e:n 1227.9951253
          b:e:w 1228.8947937
          b:c:n 1228.0193150
          b:c:w 1227.1194480
          b:n:w 2236.3670088
          e:c:n 5929.2047447
          e:c:w 5932.0869194
          e:n:w 8226.3279502
          c:n:w 6916.7643990
        b:e:c:n 2088.5550255
        b:e:c:w 2089.4548924
        b:e:n:w 2723.4876055
        b:c:n:w 2429.2935358
        e:c:n:w 55944.6875590
