########################################
# legofit: estimate population history #
#       version 2.3.4-4-g53f8760       #
########################################

# Program was compiled: Sep 21 2021 14:36:42
# Program was run: Thu Sep 23 19:08:42 2021

# cmd: legofit -1 -d 0 -t 32 --ptsPerDim 3 --stateOut b1boot49.state --tol 3e-6 -S 5000 acef2.lgo ../../boot/boot49.opf
# Stage nOptItr nSimReps
#     0    5000        0
# algorithm          : deterministic
# ignoring probs <=  : 0
# Branch length floor: 0
# DE strategy        : 2
#    F               : 0.3
#    CR              : 0.8
#    tolerance       : 3e-06
# nthreads           : 32
# lgo input file     : acef2.lgo
# site pat input file: ../../boot/boot49.opf
# free parameters    : 18
# points in DE swarm : 54
# output state file  : b1boot49.state
# Including singleton site patterns.
# cost function      : KL
Initial parameter values
Fixed:
      zero = 0
       one = 1
    Tbecnw = 75200
Free:
       pc1 = 0
       pc2 = 0
       pc3 = 0
       pc4 = 0
       pc5 = 0
       pc6 = 0
       pc7 = 0
       pc8 = 0
       pc9 = 0
      pc10 = 0
      pc11 = 0
      pc12 = 0
      pc13 = 0
      pc14 = 0
      pc15 = 0
      pc16 = 0
      pc17 = 0
      pc18 = 0
Constrained:
   Tgbecnw = 94812.9
     Tecnw = 28334
       Tnw = 24404.6
       Tec = 14257.7
     twoNb = 567001
     twoNe = 25033.2
     twoNc = 1.3533e+06
     twoNn = 1.62575e+06
     twoNw = 1.10763e+07
    twoNec = 83873.2
    twoNnw = 10985.6
  twoNecnw = 87688.5
  twoNbecnw = 9595.62
  twoNgbecnw = 209843
         m = 0.182906
        m3 = 0.185723
        m5 = 0.203522
        m6 = 0.0820608
        Ta = 44728.8
        Tc = 12202.3
        Te = 6101.16
        Tf = 3050.58
DiffEv reached_goal. cost=1.77987e-03 spread=2.94900e-06
Fitted parameter values
Free:
       pc1 = 3.71042
       pc2 = 2.54061
       pc3 = 1.52023
       pc4 = -0.24567
       pc5 = 1.17596
       pc6 = -0.341741
       pc7 = -0.605145
       pc8 = 1.68523
       pc9 = -0.432682
      pc10 = -1.28575
      pc11 = -0.386257
      pc12 = -0.154838
      pc13 = 0.0584318
      pc14 = 0.039303
      pc15 = -0.017129
      pc16 = -0.040233
      pc17 = 0.00764763
      pc18 = 0.00610206
Constrained:
   Tgbecnw = 77438.6
     Tecnw = 25508.5
       Tnw = 24816.5
       Tec = 14348.6
     twoNb = 204405
     twoNe = 21454
     twoNc = 2.53907e+06
     twoNn = 3.7541e+06
     twoNw = 9.86898e+06
    twoNec = 67412.9
    twoNnw = 1943.32
  twoNecnw = 87321.5
  twoNbecnw = 1083
  twoNgbecnw = 237162
         m = 0.153323
        m3 = 0.182115
        m5 = 0.203295
        m6 = 0.0819677
        Ta = 44774.3
        Tc = 12408.3
        Te = 6204.13
        Tf = 3102.07
#       SitePat  BranchLen
              b 125185.9623982
              e 48682.4307706
              c 51165.0020914
              n 45216.6413359
              w 46977.5723218
            b:e 2133.0150498
            b:c 2421.8955707
            b:n 1694.9273280
            b:w 1860.6174439
            e:c 10479.0602938
            e:n 5936.4067406
            e:w 5306.1164813
            c:n 5193.2117235
            c:w 4704.4532471
            n:w 12615.9494103
          b:e:c 2216.3455894
          b:e:n 1144.6701371
          b:e:w 1149.6644060
          b:c:n 1153.6545154
          b:c:w 1162.7283199
          b:n:w 2167.4224107
          e:c:n 4749.5059207
          e:c:w 4107.6236706
          e:n:w 6687.1418160
          c:n:w 5549.4287465
        b:e:c:n 2169.6935060
        b:e:c:w 1989.9353167
        b:e:n:w 2783.8849208
        b:c:n:w 2472.9561078
        e:c:n:w 52171.8784008
