########################################
# legofit: estimate population history #
#       version 2.3.4-4-g53f8760       #
########################################

# Program was compiled: Sep 21 2021 14:36:42
# Program was run: Thu Sep 23 19:02:58 2021

# cmd: legofit -1 -d 0 -t 32 --ptsPerDim 3 --stateOut b1boot10.state --tol 3e-6 -S 5000 acef2.lgo ../../boot/boot10.opf
# Stage nOptItr nSimReps
#     0    5000        0
# algorithm          : deterministic
# ignoring probs <=  : 0
# Branch length floor: 0
# DE strategy        : 2
#    F               : 0.3
#    CR              : 0.8
#    tolerance       : 3e-06
# nthreads           : 32
# lgo input file     : acef2.lgo
# site pat input file: ../../boot/boot10.opf
# free parameters    : 18
# points in DE swarm : 54
# output state file  : b1boot10.state
# Including singleton site patterns.
# cost function      : KL
Initial parameter values
Fixed:
      zero = 0
       one = 1
    Tbecnw = 75200
Free:
       pc1 = 0
       pc2 = 0
       pc3 = 0
       pc4 = 0
       pc5 = 0
       pc6 = 0
       pc7 = 0
       pc8 = 0
       pc9 = 0
      pc10 = 0
      pc11 = 0
      pc12 = 0
      pc13 = 0
      pc14 = 0
      pc15 = 0
      pc16 = 0
      pc17 = 0
      pc18 = 0
Constrained:
   Tgbecnw = 94812.9
     Tecnw = 28334
       Tnw = 24404.6
       Tec = 14257.7
     twoNb = 567001
     twoNe = 25033.2
     twoNc = 1.3533e+06
     twoNn = 1.62575e+06
     twoNw = 1.10763e+07
    twoNec = 83873.2
    twoNnw = 10985.6
  twoNecnw = 87688.5
  twoNbecnw = 9595.62
  twoNgbecnw = 209843
         m = 0.182906
        m3 = 0.185723
        m5 = 0.203522
        m6 = 0.0820608
        Ta = 44728.8
        Tc = 12202.3
        Te = 6101.16
        Tf = 3050.58
DiffEv reached_goal. cost=1.76319e-03 spread=2.04085e-06
Fitted parameter values
Free:
       pc1 = 3.83502
       pc2 = 1.64676
       pc3 = 1.87637
       pc4 = 1.35271
       pc5 = 1.13339
       pc6 = 0.636549
       pc7 = -1.34283
       pc8 = 1.23987
       pc9 = -1.12148
      pc10 = -0.922407
      pc11 = -0.459249
      pc12 = -0.00472357
      pc13 = -0.084898
      pc14 = 0.146793
      pc15 = 0.0174375
      pc16 = -0.0376523
      pc17 = 0.0117721
      pc18 = -0.00838106
Constrained:
   Tgbecnw = 77830.4
     Tecnw = 25757.9
       Tnw = 24928.9
       Tec = 13426.8
     twoNb = 905643
     twoNe = 11552
     twoNc = 2.51529e+06
     twoNn = 2.17051e+06
     twoNw = 1.97094e+07
    twoNec = 74016.2
    twoNnw = 2316.17
  twoNecnw = 86586.8
  twoNbecnw = 1256.28
  twoNgbecnw = 243858
         m = 0.149795
        m3 = 0.18184
        m5 = 0.207177
        m6 = 0.084407
        Ta = 44313.4
        Tc = 12464.5
        Te = 6232.23
        Tf = 3116.12
#       SitePat  BranchLen
              b 125634.7682764
              e 48709.1180544
              c 51174.8879304
              n 45282.3964170
              w 47026.0287401
            b:e 2141.8055616
            b:c 2432.1486958
            b:n 1700.0636194
            b:w 1862.2558948
            e:c 10504.2686960
            e:n 5911.2675081
            e:w 5308.7378714
            c:n 5204.8854457
            c:w 4691.6728788
            n:w 12584.2506079
          b:e:c 2221.6419052
          b:e:n 1145.8638575
          b:e:w 1154.6003894
          b:c:n 1158.6882303
          b:c:w 1163.6580682
          b:n:w 2172.5559111
          e:c:n 4738.3769807
          e:c:w 4110.4868612
          e:n:w 6703.4018333
          c:n:w 5561.0790124
        b:e:c:n 2170.3755469
        b:e:c:w 1994.4769017
        b:e:n:w 2793.4421829
        b:c:n:w 2481.2169971
        e:c:n:w 52619.6978882
