########################################
# legofit: estimate population history #
#       version 2.3.4-4-g53f8760       #
########################################

# Program was compiled: Sep 21 2021 14:36:42
# Program was run: Thu Sep 23 19:03:03 2021

# cmd: legofit -1 -d 0 -t 32 --ptsPerDim 3 --stateOut b1boot12.state --tol 3e-6 -S 5000 acef2.lgo ../../boot/boot12.opf
# Stage nOptItr nSimReps
#     0    5000        0
# algorithm          : deterministic
# ignoring probs <=  : 0
# Branch length floor: 0
# DE strategy        : 2
#    F               : 0.3
#    CR              : 0.8
#    tolerance       : 3e-06
# nthreads           : 32
# lgo input file     : acef2.lgo
# site pat input file: ../../boot/boot12.opf
# free parameters    : 18
# points in DE swarm : 54
# output state file  : b1boot12.state
# Including singleton site patterns.
# cost function      : KL
Initial parameter values
Fixed:
      zero = 0
       one = 1
    Tbecnw = 75200
Free:
       pc1 = 0
       pc2 = 0
       pc3 = 0
       pc4 = 0
       pc5 = 0
       pc6 = 0
       pc7 = 0
       pc8 = 0
       pc9 = 0
      pc10 = 0
      pc11 = 0
      pc12 = 0
      pc13 = 0
      pc14 = 0
      pc15 = 0
      pc16 = 0
      pc17 = 0
      pc18 = 0
Constrained:
   Tgbecnw = 94812.9
     Tecnw = 28334
       Tnw = 24404.6
       Tec = 14257.7
     twoNb = 567001
     twoNe = 25033.2
     twoNc = 1.3533e+06
     twoNn = 1.62575e+06
     twoNw = 1.10763e+07
    twoNec = 83873.2
    twoNnw = 10985.6
  twoNecnw = 87688.5
  twoNbecnw = 9595.62
  twoNgbecnw = 209843
         m = 0.182906
        m3 = 0.185723
        m5 = 0.203522
        m6 = 0.0820608
        Ta = 44728.8
        Tc = 12202.3
        Te = 6101.16
        Tf = 3050.58
DiffEv reached_goal. cost=1.73669e-03 spread=2.53660e-06
Fitted parameter values
Free:
       pc1 = 3.83006
       pc2 = 3.65205
       pc3 = 0.463711
       pc4 = 0.252222
       pc5 = 0.712033
       pc6 = 0.251774
       pc7 = -0.694436
       pc8 = 0.463773
       pc9 = -1.10237
      pc10 = -1.14347
      pc11 = -0.768605
      pc12 = -0.176569
      pc13 = 0.18208
      pc14 = 0.013347
      pc15 = 0.0359032
      pc16 = 0.0088886
      pc17 = 0.0239939
      pc18 = -0.0211256
Constrained:
   Tgbecnw = 77040.1
     Tecnw = 25387.9
       Tnw = 24895.8
       Tec = 15571
     twoNb = 384432
     twoNe = 36309.2
     twoNc = 2.11388e+06
     twoNn = 1.99113e+06
     twoNw = 1.80745e+07
    twoNec = 57280.6
    twoNnw = 1375.33
  twoNecnw = 89148.3
  twoNbecnw = 903.046
  twoNgbecnw = 230175
         m = 0.160358
        m3 = 0.185332
        m5 = 0.20246
        m6 = 0.0833943
        Ta = 45385.5
        Tc = 12447.9
        Te = 6223.94
        Tf = 3111.97
#       SitePat  BranchLen
              b 125289.0143010
              e 48791.4001272
              c 51222.5818553
              n 45332.3885870
              w 47136.1435073
            b:e 2131.7416322
            b:c 2415.2504033
            b:n 1699.3918524
            b:w 1872.8584061
            e:c 10549.5294595
            e:n 5921.3803379
            e:w 5298.6979695
            c:n 5208.0311940
            c:w 4697.8815499
            n:w 12674.6801214
          b:e:c 2231.0840711
          b:e:n 1144.5291107
          b:e:w 1151.6705125
          b:c:n 1155.2040285
          b:c:w 1162.9504043
          b:n:w 2182.6230963
          e:c:n 4776.7541404
          e:c:w 4105.8312328
          e:n:w 6647.3750511
          c:n:w 5530.3588864
        b:e:c:n 2188.2269816
        b:e:c:w 1999.8726502
        b:e:n:w 2782.6134695
        b:c:n:w 2477.1498889
        e:c:n:w 52163.4740624
