########################################
# legofit: estimate population history #
#       version 2.3.4-4-g53f8760       #
########################################

# Program was compiled: Sep 21 2021 14:36:42
# Program was run: Thu Sep 23 19:06:41 2021

# cmd: legofit -1 -d 0 -t 32 --ptsPerDim 3 --stateOut b1boot36.state --tol 3e-6 -S 5000 acef2.lgo ../../boot/boot36.opf
# Stage nOptItr nSimReps
#     0    5000        0
# algorithm          : deterministic
# ignoring probs <=  : 0
# Branch length floor: 0
# DE strategy        : 2
#    F               : 0.3
#    CR              : 0.8
#    tolerance       : 3e-06
# nthreads           : 32
# lgo input file     : acef2.lgo
# site pat input file: ../../boot/boot36.opf
# free parameters    : 18
# points in DE swarm : 54
# output state file  : b1boot36.state
# Including singleton site patterns.
# cost function      : KL
Initial parameter values
Fixed:
      zero = 0
       one = 1
    Tbecnw = 75200
Free:
       pc1 = 0
       pc2 = 0
       pc3 = 0
       pc4 = 0
       pc5 = 0
       pc6 = 0
       pc7 = 0
       pc8 = 0
       pc9 = 0
      pc10 = 0
      pc11 = 0
      pc12 = 0
      pc13 = 0
      pc14 = 0
      pc15 = 0
      pc16 = 0
      pc17 = 0
      pc18 = 0
Constrained:
   Tgbecnw = 94812.9
     Tecnw = 28334
       Tnw = 24404.6
       Tec = 14257.7
     twoNb = 567001
     twoNe = 25033.2
     twoNc = 1.3533e+06
     twoNn = 1.62575e+06
     twoNw = 1.10763e+07
    twoNec = 83873.2
    twoNnw = 10985.6
  twoNecnw = 87688.5
  twoNbecnw = 9595.62
  twoNgbecnw = 209843
         m = 0.182906
        m3 = 0.185723
        m5 = 0.203522
        m6 = 0.0820608
        Ta = 44728.8
        Tc = 12202.3
        Te = 6101.16
        Tf = 3050.58
DiffEv reached_goal. cost=1.76954e-03 spread=2.43523e-06
Fitted parameter values
Free:
       pc1 = 3.48992
       pc2 = 2.80881
       pc3 = 0.893232
       pc4 = 0.185878
       pc5 = 1.63036
       pc6 = -0.0158649
       pc7 = -1.93843
       pc8 = 1.4927
       pc9 = -0.367481
      pc10 = -0.864556
      pc11 = -0.543579
      pc12 = -0.206104
      pc13 = 0.111338
      pc14 = 0.136693
      pc15 = 0.0991318
      pc16 = -0.00809619
      pc17 = 0.0164813
      pc18 = -0.0299585
Constrained:
   Tgbecnw = 77936.5
     Tecnw = 25486.9
       Tnw = 25129.6
       Tec = 14434.7
     twoNb = 779246
     twoNe = 23255
     twoNc = 3.64416e+06
     twoNn = 3.99098e+06
     twoNw = 1.35009e+07
    twoNec = 65662.1
    twoNnw = 1005.54
  twoNecnw = 90000
  twoNbecnw = 1340.68
  twoNgbecnw = 228590
         m = 0.163005
        m3 = 0.18106
        m5 = 0.20486
        m6 = 0.0854821
        Ta = 44817.3
        Tc = 12564.8
        Te = 6282.4
        Tf = 3141.2
#       SitePat  BranchLen
              b 125732.5772091
              e 49045.9936057
              c 51449.0575185
              n 45594.3179236
              w 47326.0435560
            b:e 2143.8299554
            b:c 2424.9229499
            b:n 1706.1388090
            b:w 1868.8764528
            e:c 10573.0507663
            e:n 5920.4803972
            e:w 5331.1042084
            c:n 5234.7190554
            c:w 4722.9816388
            n:w 12679.3331135
          b:e:c 2230.7825811
          b:e:n 1148.8064766
          b:e:w 1157.9442518
          b:c:n 1161.7804786
          b:c:w 1166.6877664
          b:n:w 2181.4229442
          e:c:n 4742.7836269
          e:c:w 4112.1715999
          e:n:w 6663.1300892
          c:n:w 5553.9500878
        b:e:c:n 2185.4539051
        b:e:c:w 2008.6711984
        b:e:n:w 2794.6962659
        b:c:n:w 2491.8857548
        e:c:n:w 52345.5780712
