########################################
# legofit: estimate population history #
#       version 2.3.4-4-g53f8760       #
########################################

# Program was compiled: Sep 21 2021 14:36:42
# Program was run: Thu Sep 23 19:05:46 2021

# cmd: legofit -1 -d 0 -t 32 --ptsPerDim 3 --stateOut b1boot31.state --tol 3e-6 -S 5000 acef2.lgo ../../boot/boot31.opf
# Stage nOptItr nSimReps
#     0    5000        0
# algorithm          : deterministic
# ignoring probs <=  : 0
# Branch length floor: 0
# DE strategy        : 2
#    F               : 0.3
#    CR              : 0.8
#    tolerance       : 3e-06
# nthreads           : 32
# lgo input file     : acef2.lgo
# site pat input file: ../../boot/boot31.opf
# free parameters    : 18
# points in DE swarm : 54
# output state file  : b1boot31.state
# Including singleton site patterns.
# cost function      : KL
Initial parameter values
Fixed:
      zero = 0
       one = 1
    Tbecnw = 75200
Free:
       pc1 = 0
       pc2 = 0
       pc3 = 0
       pc4 = 0
       pc5 = 0
       pc6 = 0
       pc7 = 0
       pc8 = 0
       pc9 = 0
      pc10 = 0
      pc11 = 0
      pc12 = 0
      pc13 = 0
      pc14 = 0
      pc15 = 0
      pc16 = 0
      pc17 = 0
      pc18 = 0
Constrained:
   Tgbecnw = 94812.9
     Tecnw = 28334
       Tnw = 24404.6
       Tec = 14257.7
     twoNb = 567001
     twoNe = 25033.2
     twoNc = 1.3533e+06
     twoNn = 1.62575e+06
     twoNw = 1.10763e+07
    twoNec = 83873.2
    twoNnw = 10985.6
  twoNecnw = 87688.5
  twoNbecnw = 9595.62
  twoNgbecnw = 209843
         m = 0.182906
        m3 = 0.185723
        m5 = 0.203522
        m6 = 0.0820608
        Ta = 44728.8
        Tc = 12202.3
        Te = 6101.16
        Tf = 3050.58
DiffEv reached_goal. cost=1.74405e-03 spread=1.31592e-06
Fitted parameter values
Free:
       pc1 = 3.71568
       pc2 = 2.95664
       pc3 = 0.893888
       pc4 = -0.140548
       pc5 = 1.41869
       pc6 = -0.52493
       pc7 = -0.683385
       pc8 = 1.8165
       pc9 = -0.917371
      pc10 = -1.35249
      pc11 = -0.46125
      pc12 = -0.114435
      pc13 = 0.0778903
      pc14 = 0.15373
      pc15 = 0.0857379
      pc16 = -0.0411691
      pc17 = 0.00454281
      pc18 = -0.035887
Constrained:
   Tgbecnw = 76480.5
     Tecnw = 25444.1
       Tnw = 25123.9
       Tec = 14613.8
     twoNb = 67206.4
     twoNe = 24197.6
     twoNc = 2.4341e+06
     twoNn = 4.08439e+06
     twoNw = 1.23125e+07
    twoNec = 64379.4
    twoNnw = 899.856
  twoNecnw = 88827.4
  twoNbecnw = 630.032
  twoNgbecnw = 231249
         m = 0.160171
        m3 = 0.179699
        m5 = 0.205551
        m6 = 0.0862401
        Ta = 44906.9
        Tc = 12561.9
        Te = 6280.96
        Tf = 3140.48
#       SitePat  BranchLen
              b 125327.3791115
              e 48830.5450522
              c 51241.2495334
              n 45377.8772695
              w 47096.1319884
            b:e 2148.1962558
            b:c 2431.9971150
            b:n 1707.1460171
            b:w 1870.0921179
            e:c 10509.8297452
            e:n 5904.6782052
            e:w 5307.2016183
            c:n 5203.2408108
            c:w 4710.5930768
            n:w 12618.6483407
          b:e:c 2234.7811297
          b:e:n 1151.3641766
          b:e:w 1158.5792111
          b:c:n 1162.5395503
          b:c:w 1169.3974154
          b:n:w 2184.9408847
          e:c:n 4735.3542607
          e:c:w 4107.2238626
          e:n:w 6667.6924027
          c:n:w 5555.0338573
        b:e:c:n 2187.1338768
        b:e:c:w 2010.1148764
        b:e:n:w 2802.8394582
        b:c:n:w 2497.0450209
        e:c:n:w 52288.0120860
