########################################
# legofit: estimate population history #
#       version 2.3.4-4-g53f8760       #
########################################

# Program was compiled: Sep 21 2021 14:36:42
# Program was run: Thu Sep 23 19:07:34 2021

# cmd: legofit -1 -d 0 -t 32 --ptsPerDim 3 --stateOut b1boot42.state --tol 3e-6 -S 5000 acef2.lgo ../../boot/boot42.opf
# Stage nOptItr nSimReps
#     0    5000        0
# algorithm          : deterministic
# ignoring probs <=  : 0
# Branch length floor: 0
# DE strategy        : 2
#    F               : 0.3
#    CR              : 0.8
#    tolerance       : 3e-06
# nthreads           : 32
# lgo input file     : acef2.lgo
# site pat input file: ../../boot/boot42.opf
# free parameters    : 18
# points in DE swarm : 54
# output state file  : b1boot42.state
# Including singleton site patterns.
# cost function      : KL
Initial parameter values
Fixed:
      zero = 0
       one = 1
    Tbecnw = 75200
Free:
       pc1 = 0
       pc2 = 0
       pc3 = 0
       pc4 = 0
       pc5 = 0
       pc6 = 0
       pc7 = 0
       pc8 = 0
       pc9 = 0
      pc10 = 0
      pc11 = 0
      pc12 = 0
      pc13 = 0
      pc14 = 0
      pc15 = 0
      pc16 = 0
      pc17 = 0
      pc18 = 0
Constrained:
   Tgbecnw = 94812.9
     Tecnw = 28334
       Tnw = 24404.6
       Tec = 14257.7
     twoNb = 567001
     twoNe = 25033.2
     twoNc = 1.3533e+06
     twoNn = 1.62575e+06
     twoNw = 1.10763e+07
    twoNec = 83873.2
    twoNnw = 10985.6
  twoNecnw = 87688.5
  twoNbecnw = 9595.62
  twoNgbecnw = 209843
         m = 0.182906
        m3 = 0.185723
        m5 = 0.203522
        m6 = 0.0820608
        Ta = 44728.8
        Tc = 12202.3
        Te = 6101.16
        Tf = 3050.58
DiffEv reached_goal. cost=1.76194e-03 spread=2.49996e-06
Fitted parameter values
Free:
       pc1 = 3.84963
       pc2 = 2.93813
       pc3 = 1.48838
       pc4 = 0.367951
       pc5 = 1.70205
       pc6 = -0.537323
       pc7 = -0.721634
       pc8 = 0.812974
       pc9 = -0.411805
      pc10 = -1.4326
      pc11 = -0.613079
      pc12 = -0.0623427
      pc13 = 0.308858
      pc14 = 0.053826
      pc15 = 0.0516038
      pc16 = -0.00979862
      pc17 = 0.0277778
      pc18 = -0.0150292
Constrained:
   Tgbecnw = 76550.2
     Tecnw = 25472.4
       Tnw = 24834.2
       Tec = 14633.3
     twoNb = 386757
     twoNe = 25220.7
     twoNc = 2.44394e+06
     twoNn = 5.22825e+06
     twoNw = 1.51264e+07
    twoNec = 65029.6
    twoNnw = 1774.61
  twoNecnw = 87800.8
  twoNbecnw = 649.32
  twoNgbecnw = 238290
         m = 0.153858
        m3 = 0.186387
        m5 = 0.197511
        m6 = 0.0822206
        Ta = 44916.7
        Tc = 12417.1
        Te = 6208.55
        Tf = 3104.28
#       SitePat  BranchLen
              b 124982.2191651
              e 48671.8206423
              c 51056.4242047
              n 45150.0322545
              w 46961.8828093
            b:e 2108.6747421
            b:c 2382.8274080
            b:n 1669.9795770
            b:w 1839.6495032
            e:c 10471.5435485
            e:n 5895.9959548
            e:w 5243.2094909
            c:n 5169.6669941
            c:w 4671.4692740
            n:w 12614.4195776
          b:e:c 2197.6709247
          b:e:n 1128.8345537
          b:e:w 1133.0251292
          b:c:n 1136.3411392
          b:c:w 1146.7689724
          b:n:w 2148.7252440
          e:c:n 4719.4092008
          e:c:w 4058.5428301
          e:n:w 6597.5320703
          c:n:w 5510.9976857
        b:e:c:n 2149.3886020
        b:e:c:w 1965.1002671
        b:e:n:w 2744.8281975
        b:c:n:w 2449.4251028
        e:c:n:w 52097.8823740
