########################################
# legofit: estimate population history #
#       version 2.3.4-4-g53f8760       #
########################################

# Program was compiled: Sep 21 2021 14:36:42
# Program was run: Thu Sep 23 19:07:32 2021

# cmd: legofit -1 -d 0 -t 32 --ptsPerDim 3 --stateOut b1boot40.state --tol 3e-6 -S 5000 acef2.lgo ../../boot/boot40.opf
# Stage nOptItr nSimReps
#     0    5000        0
# algorithm          : deterministic
# ignoring probs <=  : 0
# Branch length floor: 0
# DE strategy        : 2
#    F               : 0.3
#    CR              : 0.8
#    tolerance       : 3e-06
# nthreads           : 32
# lgo input file     : acef2.lgo
# site pat input file: ../../boot/boot40.opf
# free parameters    : 18
# points in DE swarm : 54
# output state file  : b1boot40.state
# Including singleton site patterns.
# cost function      : KL
Initial parameter values
Fixed:
      zero = 0
       one = 1
    Tbecnw = 75200
Free:
       pc1 = 0
       pc2 = 0
       pc3 = 0
       pc4 = 0
       pc5 = 0
       pc6 = 0
       pc7 = 0
       pc8 = 0
       pc9 = 0
      pc10 = 0
      pc11 = 0
      pc12 = 0
      pc13 = 0
      pc14 = 0
      pc15 = 0
      pc16 = 0
      pc17 = 0
      pc18 = 0
Constrained:
   Tgbecnw = 94812.9
     Tecnw = 28334
       Tnw = 24404.6
       Tec = 14257.7
     twoNb = 567001
     twoNe = 25033.2
     twoNc = 1.3533e+06
     twoNn = 1.62575e+06
     twoNw = 1.10763e+07
    twoNec = 83873.2
    twoNnw = 10985.6
  twoNecnw = 87688.5
  twoNbecnw = 9595.62
  twoNgbecnw = 209843
         m = 0.182906
        m3 = 0.185723
        m5 = 0.203522
        m6 = 0.0820608
        Ta = 44728.8
        Tc = 12202.3
        Te = 6101.16
        Tf = 3050.58
DiffEv reached_goal. cost=1.76001e-03 spread=2.03572e-06
Fitted parameter values
Free:
       pc1 = 3.41679
       pc2 = 1.84843
       pc3 = 1.77507
       pc4 = 0.54846
       pc5 = 1.30943
       pc6 = -0.121503
       pc7 = -1.15006
       pc8 = 1.25996
       pc9 = -1.05323
      pc10 = -1.35063
      pc11 = -0.721921
      pc12 = -0.252949
      pc13 = -0.186678
      pc14 = 0.0856657
      pc15 = 0.0238319
      pc16 = 0.0276525
      pc17 = 0.00076637
      pc18 = -0.0293178
Constrained:
   Tgbecnw = 77200.8
     Tecnw = 25636.9
       Tnw = 24693.1
       Tec = 13427.6
     twoNb = 561632
     twoNe = 14328
     twoNc = 2.24279e+06
     twoNn = 3.41261e+06
     twoNw = 1.56212e+07
    twoNec = 73369.5
    twoNnw = 2692.35
  twoNecnw = 87571.9
  twoNbecnw = 977.189
  twoNgbecnw = 232556
         m = 0.159361
        m3 = 0.183536
        m5 = 0.206007
        m6 = 0.0795553
        Ta = 44313.8
        Tc = 12346.6
        Te = 6173.28
        Tf = 3086.64
#       SitePat  BranchLen
              b 125590.6400028
              e 48735.2677751
              c 51199.2669838
              n 45436.8391512
              w 47180.9831888
            b:e 2124.6507971
            b:c 2413.0453086
            b:n 1703.8001253
            b:w 1865.9095790
            e:c 10540.7629326
            e:n 5910.0392596
            e:w 5340.2531114
            c:n 5235.9662419
            c:w 4691.0735699
            n:w 12561.9513237
          b:e:c 2210.2584552
          b:e:n 1143.3931283
          b:e:w 1156.6069828
          b:c:n 1160.6535363
          b:c:w 1161.2455072
          b:n:w 2162.8108928
          e:c:n 4751.7516828
          e:c:w 4122.2864653
          e:n:w 6644.5602172
          c:n:w 5503.8135677
        b:e:c:n 2177.2235772
        b:e:c:w 2001.3082983
        b:e:n:w 2775.8534228
        b:c:n:w 2465.5599790
        e:c:n:w 52478.7434869
