########################################
# legofit: estimate population history #
#       version 2.3.4-4-g53f8760       #
########################################

# Program was compiled: Sep 21 2021 14:36:42
# Program was run: Thu Sep 23 19:08:31 2021

# cmd: legofit -1 -d 0 -t 32 --ptsPerDim 3 --stateOut b1boot48.state --tol 3e-6 -S 5000 acef2.lgo ../../boot/boot48.opf
# Stage nOptItr nSimReps
#     0    5000        0
# algorithm          : deterministic
# ignoring probs <=  : 0
# Branch length floor: 0
# DE strategy        : 2
#    F               : 0.3
#    CR              : 0.8
#    tolerance       : 3e-06
# nthreads           : 32
# lgo input file     : acef2.lgo
# site pat input file: ../../boot/boot48.opf
# free parameters    : 18
# points in DE swarm : 54
# output state file  : b1boot48.state
# Including singleton site patterns.
# cost function      : KL
Initial parameter values
Fixed:
      zero = 0
       one = 1
    Tbecnw = 75200
Free:
       pc1 = 0
       pc2 = 0
       pc3 = 0
       pc4 = 0
       pc5 = 0
       pc6 = 0
       pc7 = 0
       pc8 = 0
       pc9 = 0
      pc10 = 0
      pc11 = 0
      pc12 = 0
      pc13 = 0
      pc14 = 0
      pc15 = 0
      pc16 = 0
      pc17 = 0
      pc18 = 0
Constrained:
   Tgbecnw = 94812.9
     Tecnw = 28334
       Tnw = 24404.6
       Tec = 14257.7
     twoNb = 567001
     twoNe = 25033.2
     twoNc = 1.3533e+06
     twoNn = 1.62575e+06
     twoNw = 1.10763e+07
    twoNec = 83873.2
    twoNnw = 10985.6
  twoNecnw = 87688.5
  twoNbecnw = 9595.62
  twoNgbecnw = 209843
         m = 0.182906
        m3 = 0.185723
        m5 = 0.203522
        m6 = 0.0820608
        Ta = 44728.8
        Tc = 12202.3
        Te = 6101.16
        Tf = 3050.58
DiffEv reached_goal. cost=1.76875e-03 spread=2.30421e-06
Fitted parameter values
Free:
       pc1 = 3.81616
       pc2 = 3.73254
       pc3 = 0.0268275
       pc4 = 0.0313496
       pc5 = 1.7824
       pc6 = 0.109692
       pc7 = -0.967163
       pc8 = 1.25935
       pc9 = -1.16298
      pc10 = 0.0236574
      pc11 = -0.364396
      pc12 = -0.0365463
      pc13 = -0.0798881
      pc14 = -0.0914235
      pc15 = 0.054541
      pc16 = 0.0435274
      pc17 = -0.00758822
      pc18 = -0.00649829
Constrained:
   Tgbecnw = 79395.9
     Tecnw = 25378.6
       Tnw = 25081.7
       Tec = 15712.1
     twoNb = 241865
     twoNe = 34496.4
     twoNc = 3.54894e+06
     twoNn = 3.3595e+06
     twoNw = 1.90657e+07
    twoNec = 57192.8
    twoNnw = 849.174
  twoNecnw = 90399.3
  twoNbecnw = 2037.65
  twoNgbecnw = 230400
         m = 0.161989
        m3 = 0.174969
        m5 = 0.206095
        m6 = 0.0786241
        Ta = 45456
        Tc = 12540.9
        Te = 6270.43
        Tf = 3135.21
#       SitePat  BranchLen
              b 126263.0189314
              e 49102.9912370
              c 51672.1924537
              n 45712.3204454
              w 47444.9989071
            b:e 2140.3434618
            b:c 2439.9894914
            b:n 1716.9776955
            b:w 1883.1765452
            e:c 10610.7511115
            e:n 5965.2197988
            e:w 5361.4607023
            c:n 5212.6639309
            c:w 4726.2807637
            n:w 12760.6826445
          b:e:c 2243.7869457
          b:e:n 1153.2728445
          b:e:w 1159.6455313
          b:c:n 1164.0841868
          b:c:w 1171.9051491
          b:n:w 2195.4157016
          e:c:n 4786.7167414
          e:c:w 4144.1805433
          e:n:w 6715.1819836
          c:n:w 5533.7165734
        b:e:c:n 2198.9570926
        b:e:c:w 2018.5645937
        b:e:n:w 2808.5799384
        b:c:n:w 2485.8629487
        e:c:n:w 52633.9285318
