########################################
# legofit: estimate population history #
#       version 2.3.4-4-g53f8760       #
########################################

# Program was compiled: Sep 21 2021 14:36:42
# Program was run: Thu Sep 23 19:08:25 2021

# cmd: legofit -1 -d 0 -t 32 --ptsPerDim 3 --stateOut b1boot47.state --tol 3e-6 -S 5000 acef2.lgo ../../boot/boot47.opf
# Stage nOptItr nSimReps
#     0    5000        0
# algorithm          : deterministic
# ignoring probs <=  : 0
# Branch length floor: 0
# DE strategy        : 2
#    F               : 0.3
#    CR              : 0.8
#    tolerance       : 3e-06
# nthreads           : 32
# lgo input file     : acef2.lgo
# site pat input file: ../../boot/boot47.opf
# free parameters    : 18
# points in DE swarm : 54
# output state file  : b1boot47.state
# Including singleton site patterns.
# cost function      : KL
Initial parameter values
Fixed:
      zero = 0
       one = 1
    Tbecnw = 75200
Free:
       pc1 = 0
       pc2 = 0
       pc3 = 0
       pc4 = 0
       pc5 = 0
       pc6 = 0
       pc7 = 0
       pc8 = 0
       pc9 = 0
      pc10 = 0
      pc11 = 0
      pc12 = 0
      pc13 = 0
      pc14 = 0
      pc15 = 0
      pc16 = 0
      pc17 = 0
      pc18 = 0
Constrained:
   Tgbecnw = 94812.9
     Tecnw = 28334
       Tnw = 24404.6
       Tec = 14257.7
     twoNb = 567001
     twoNe = 25033.2
     twoNc = 1.3533e+06
     twoNn = 1.62575e+06
     twoNw = 1.10763e+07
    twoNec = 83873.2
    twoNnw = 10985.6
  twoNecnw = 87688.5
  twoNbecnw = 9595.62
  twoNgbecnw = 209843
         m = 0.182906
        m3 = 0.185723
        m5 = 0.203522
        m6 = 0.0820608
        Ta = 44728.8
        Tc = 12202.3
        Te = 6101.16
        Tf = 3050.58
DiffEv reached_goal. cost=1.76425e-03 spread=2.93295e-06
Fitted parameter values
Free:
       pc1 = 3.40109
       pc2 = 2.37802
       pc3 = 1.71244
       pc4 = 0.158897
       pc5 = 1.44932
       pc6 = -0.493279
       pc7 = -1.16569
       pc8 = 0.928849
       pc9 = -1.39068
      pc10 = -0.617708
      pc11 = -0.337537
      pc12 = 0.0539043
      pc13 = 0.137677
      pc14 = 0.0500099
      pc15 = 0.170385
      pc16 = -0.0560745
      pc17 = -0.00207404
      pc18 = -0.0639061
Constrained:
   Tgbecnw = 77470.7
     Tecnw = 25659.3
       Tnw = 24775.4
       Tec = 14270.8
     twoNb = 499752
     twoNe = 20377.5
     twoNc = 2.46091e+06
     twoNn = 3.81662e+06
     twoNw = 1.68362e+07
    twoNec = 72403.4
    twoNnw = 2543.58
  twoNecnw = 87121.2
  twoNbecnw = 1124.75
  twoNgbecnw = 227956
         m = 0.162049
        m3 = 0.178651
        m5 = 0.193286
        m6 = 0.0725629
        Ta = 44735.4
        Tc = 12387.7
        Te = 6193.85
        Tf = 3096.92
#       SitePat  BranchLen
              b 125630.4809140
              e 49040.5286146
              c 51504.2912864
              n 45539.1385550
              w 47286.5861359
            b:e 2155.7279967
            b:c 2441.8234094
            b:n 1715.3826664
            b:w 1879.9485547
            e:c 10472.4731734
            e:n 5948.0664137
            e:w 5295.6425319
            c:n 5181.2211264
            c:w 4714.8231353
            n:w 12662.1106692
          b:e:c 2236.3912854
          b:e:n 1158.7581604
          b:e:w 1160.3899944
          b:c:n 1164.3070011
          b:c:w 1176.7350577
          b:n:w 2187.0097368
          e:c:n 4752.5723053
          e:c:w 4123.9465973
          e:n:w 6666.2185545
          c:n:w 5550.1205666
        b:e:c:n 2191.8968829
        b:e:c:w 2013.2711040
        b:e:n:w 2807.0702929
        b:c:n:w 2499.0809762
        e:c:n:w 52395.3201255
