########################################
# legofit: estimate population history #
#       version 2.3.4-4-g53f8760       #
########################################

# Program was compiled: Sep 21 2021 14:36:42
# Program was run: Thu Sep 23 19:01:44 2021

# cmd: legofit -1 -d 0 -t 32 --ptsPerDim 3 --stateOut b1boot2.state --tol 3e-6 -S 5000 acef2.lgo ../../boot/boot2.opf
# Stage nOptItr nSimReps
#     0    5000        0
# algorithm          : deterministic
# ignoring probs <=  : 0
# Branch length floor: 0
# DE strategy        : 2
#    F               : 0.3
#    CR              : 0.8
#    tolerance       : 3e-06
# nthreads           : 32
# lgo input file     : acef2.lgo
# site pat input file: ../../boot/boot2.opf
# free parameters    : 18
# points in DE swarm : 54
# output state file  : b1boot2.state
# Including singleton site patterns.
# cost function      : KL
Initial parameter values
Fixed:
      zero = 0
       one = 1
    Tbecnw = 75200
Free:
       pc1 = 0
       pc2 = 0
       pc3 = 0
       pc4 = 0
       pc5 = 0
       pc6 = 0
       pc7 = 0
       pc8 = 0
       pc9 = 0
      pc10 = 0
      pc11 = 0
      pc12 = 0
      pc13 = 0
      pc14 = 0
      pc15 = 0
      pc16 = 0
      pc17 = 0
      pc18 = 0
Constrained:
   Tgbecnw = 94812.9
     Tecnw = 28334
       Tnw = 24404.6
       Tec = 14257.7
     twoNb = 567001
     twoNe = 25033.2
     twoNc = 1.3533e+06
     twoNn = 1.62575e+06
     twoNw = 1.10763e+07
    twoNec = 83873.2
    twoNnw = 10985.6
  twoNecnw = 87688.5
  twoNbecnw = 9595.62
  twoNgbecnw = 209843
         m = 0.182906
        m3 = 0.185723
        m5 = 0.203522
        m6 = 0.0820608
        Ta = 44728.8
        Tc = 12202.3
        Te = 6101.16
        Tf = 3050.58
DiffEv reached_goal. cost=1.76273e-03 spread=2.85097e-06
Fitted parameter values
Free:
       pc1 = 3.9693
       pc2 = 2.11656
       pc3 = 1.57776
       pc4 = 1.22359
       pc5 = 0.580913
       pc6 = -1.46404
       pc7 = -1.61153
       pc8 = 1.88439
       pc9 = -0.635332
      pc10 = -1.24769
      pc11 = -0.695844
      pc12 = -0.114977
      pc13 = 0.314463
      pc14 = 0.14
      pc15 = 0.11365
      pc16 = -0.0631125
      pc17 = 0.0307338
      pc18 = -0.0103602
Constrained:
   Tgbecnw = 76050.7
     Tecnw = 25403.9
       Tnw = 25152.2
       Tec = 13883.8
     twoNb = 1.07497e+06
     twoNe = 13529.4
     twoNc = 929801
     twoNn = 5.05868e+06
     twoNw = 1.13995e+07
    twoNec = 68493.8
    twoNnw = 703.524
  twoNecnw = 88685.1
  twoNbecnw = 411.059
  twoNgbecnw = 237885
         m = 0.153951
        m3 = 0.177756
        m5 = 0.203472
        m6 = 0.0880184
        Ta = 44541.9
        Tc = 12576.1
        Te = 6288.05
        Tf = 3144.03
#       SitePat  BranchLen
              b 124794.3560466
              e 48662.3171481
              c 51073.8895049
              n 45192.8969091
              w 46963.6398749
            b:e 2125.8509467
            b:c 2404.7540894
            b:n 1681.7353198
            b:w 1845.9451386
            e:c 10502.0702053
            e:n 5918.5354634
            e:w 5252.6720254
            c:n 5160.4927503
            c:w 4694.4209670
            n:w 12595.6452733
          b:e:c 2212.9213478
          b:e:n 1139.6995162
          b:e:w 1140.5034939
          b:c:n 1144.3468091
          b:c:w 1157.8495834
          b:n:w 2162.5685314
          e:c:n 4700.8136968
          e:c:w 4062.0059522
          e:n:w 6625.3089835
          c:n:w 5530.0303983
        b:e:c:n 2161.4086465
        b:e:c:w 1982.8920757
        b:e:n:w 2774.4137289
        b:c:n:w 2473.5172038
        e:c:n:w 51941.3492474
