########################################
# legofit: estimate population history #
#       version 2.3.4-4-g53f8760       #
########################################

# Program was compiled: Sep 21 2021 14:36:42
# Program was run: Thu Sep 23 19:04:11 2021

# cmd: legofit -1 -d 0 -t 32 --ptsPerDim 3 --stateOut b1boot20.state --tol 3e-6 -S 5000 acef2.lgo ../../boot/boot20.opf
# Stage nOptItr nSimReps
#     0    5000        0
# algorithm          : deterministic
# ignoring probs <=  : 0
# Branch length floor: 0
# DE strategy        : 2
#    F               : 0.3
#    CR              : 0.8
#    tolerance       : 3e-06
# nthreads           : 32
# lgo input file     : acef2.lgo
# site pat input file: ../../boot/boot20.opf
# free parameters    : 18
# points in DE swarm : 54
# output state file  : b1boot20.state
# Including singleton site patterns.
# cost function      : KL
Initial parameter values
Fixed:
      zero = 0
       one = 1
    Tbecnw = 75200
Free:
       pc1 = 0
       pc2 = 0
       pc3 = 0
       pc4 = 0
       pc5 = 0
       pc6 = 0
       pc7 = 0
       pc8 = 0
       pc9 = 0
      pc10 = 0
      pc11 = 0
      pc12 = 0
      pc13 = 0
      pc14 = 0
      pc15 = 0
      pc16 = 0
      pc17 = 0
      pc18 = 0
Constrained:
   Tgbecnw = 94812.9
     Tecnw = 28334
       Tnw = 24404.6
       Tec = 14257.7
     twoNb = 567001
     twoNe = 25033.2
     twoNc = 1.3533e+06
     twoNn = 1.62575e+06
     twoNw = 1.10763e+07
    twoNec = 83873.2
    twoNnw = 10985.6
  twoNecnw = 87688.5
  twoNbecnw = 9595.62
  twoNgbecnw = 209843
         m = 0.182906
        m3 = 0.185723
        m5 = 0.203522
        m6 = 0.0820608
        Ta = 44728.8
        Tc = 12202.3
        Te = 6101.16
        Tf = 3050.58
DiffEv reached_goal. cost=1.75556e-03 spread=2.96691e-06
Fitted parameter values
Free:
       pc1 = 3.93063
       pc2 = 2.905
       pc3 = 1.05316
       pc4 = -0.22408
       pc5 = 0.569761
       pc6 = 0.940179
       pc7 = -0.313506
       pc8 = 1.54774
       pc9 = -1.27154
      pc10 = -0.888648
      pc11 = -0.165691
      pc12 = 0.103504
      pc13 = 0.00536739
      pc14 = -0.0227119
      pc15 = 0.0245427
      pc16 = 0.0178366
      pc17 = 0.0200847
      pc18 = -0.0186691
Constrained:
   Tgbecnw = 77499.3
     Tecnw = 25666.7
       Tnw = 25014.5
       Tec = 14947.9
     twoNb = 55701.2
     twoNe = 25703.2
     twoNc = 2.74372e+06
     twoNn = 208257
     twoNw = 1.46915e+07
    twoNec = 62974.4
    twoNnw = 1838.88
  twoNecnw = 86822.7
  twoNbecnw = 1103.85
  twoNgbecnw = 239376
         m = 0.15191
        m3 = 0.179815
        m5 = 0.205243
        m6 = 0.0827401
        Ta = 45074
        Tc = 12507.3
        Te = 6253.63
        Tf = 3126.82
#       SitePat  BranchLen
              b 125184.4149916
              e 48637.6584410
              c 51132.5777717
              n 45276.2601582
              w 47059.5802850
            b:e 2109.9046780
            b:c 2399.3821637
            b:n 1684.4720750
            b:w 1853.1516781
            e:c 10485.5186361
            e:n 5913.9046300
            e:w 5271.1929385
            c:n 5157.9243440
            c:w 4673.9284038
            n:w 12552.9885554
          b:e:c 2204.0967746
          b:e:n 1134.8035806
          b:e:w 1138.6773509
          b:c:n 1142.6193518
          b:c:w 1152.9605697
          b:n:w 2156.7374645
          e:c:n 4754.7418084
          e:c:w 4098.1293133
          e:n:w 6647.0007813
          c:n:w 5505.3262711
        b:e:c:n 2159.4463021
        b:e:c:w 1976.5517107
        b:e:n:w 2756.9780986
        b:c:n:w 2445.4016229
        e:c:n:w 52210.9933690
