########################################
# legofit: estimate population history #
#       version 2.3.4-4-g53f8760       #
########################################

# Program was compiled: Sep 21 2021 14:36:42
# Program was run: Thu Sep 23 19:01:30 2021

# cmd: legofit -1 -d 0 -t 32 --ptsPerDim 3 --stateOut b1boot0.state --tol 3e-6 -S 5000 acef2.lgo ../../boot/boot0.opf
# Stage nOptItr nSimReps
#     0    5000        0
# algorithm          : deterministic
# ignoring probs <=  : 0
# Branch length floor: 0
# DE strategy        : 2
#    F               : 0.3
#    CR              : 0.8
#    tolerance       : 3e-06
# nthreads           : 32
# lgo input file     : acef2.lgo
# site pat input file: ../../boot/boot0.opf
# free parameters    : 18
# points in DE swarm : 54
# output state file  : b1boot0.state
# Including singleton site patterns.
# cost function      : KL
Initial parameter values
Fixed:
      zero = 0
       one = 1
    Tbecnw = 75200
Free:
       pc1 = 0
       pc2 = 0
       pc3 = 0
       pc4 = 0
       pc5 = 0
       pc6 = 0
       pc7 = 0
       pc8 = 0
       pc9 = 0
      pc10 = 0
      pc11 = 0
      pc12 = 0
      pc13 = 0
      pc14 = 0
      pc15 = 0
      pc16 = 0
      pc17 = 0
      pc18 = 0
Constrained:
   Tgbecnw = 94812.9
     Tecnw = 28334
       Tnw = 24404.6
       Tec = 14257.7
     twoNb = 567001
     twoNe = 25033.2
     twoNc = 1.3533e+06
     twoNn = 1.62575e+06
     twoNw = 1.10763e+07
    twoNec = 83873.2
    twoNnw = 10985.6
  twoNecnw = 87688.5
  twoNbecnw = 9595.62
  twoNgbecnw = 209843
         m = 0.182906
        m3 = 0.185723
        m5 = 0.203522
        m6 = 0.0820608
        Ta = 44728.8
        Tc = 12202.3
        Te = 6101.16
        Tf = 3050.58
DiffEv reached_goal. cost=1.74966e-03 spread=2.97147e-06
Fitted parameter values
Free:
       pc1 = 3.78431
       pc2 = 2.72302
       pc3 = 1.04394
       pc4 = 0.937965
       pc5 = 1.22965
       pc6 = -1.65894
       pc7 = -0.157648
       pc8 = 1.05934
       pc9 = -0.691268
      pc10 = -1.51979
      pc11 = -0.594234
      pc12 = -0.227961
      pc13 = -0.0341871
      pc14 = 0.107366
      pc15 = 0.0169502
      pc16 = -0.0497469
      pc17 = 0.00712604
      pc18 = 0.00799833
Constrained:
   Tgbecnw = 77801.8
     Tecnw = 25520.8
       Tnw = 24992.5
       Tec = 14620.5
     twoNb = 304493
     twoNe = 25985.6
     twoNc = 614981
     twoNn = 6.37331e+06
     twoNw = 1.47826e+07
    twoNec = 64828.7
    twoNnw = 1473.22
  twoNecnw = 87946.6
  twoNbecnw = 1256.24
  twoNgbecnw = 236148
         m = 0.154506
        m3 = 0.182777
        m5 = 0.20666
        m6 = 0.0828361
        Ta = 44910.3
        Tc = 12496.3
        Te = 6248.13
        Tf = 3124.06
#       SitePat  BranchLen
              b 125283.7922683
              e 48751.0465864
              c 51230.3217802
              n 45300.2932964
              w 47033.2478616
            b:e 2126.0523488
            b:c 2416.6990024
            b:n 1690.4822894
            b:w 1853.8404960
            e:c 10504.5646046
            e:n 5898.6494741
            e:w 5316.7222717
            c:n 5202.5287239
            c:w 4686.4720855
            n:w 12631.5850699
          b:e:c 2214.3865964
          b:e:n 1137.5920105
          b:e:w 1147.7878491
          b:c:n 1151.8592885
          b:c:w 1155.5363164
          b:n:w 2165.5654934
          e:c:n 4738.2948284
          e:c:w 4103.3241040
          e:n:w 6694.1547339
          c:n:w 5541.2504765
        b:e:c:n 2162.6218001
        b:e:c:w 1985.3907271
        b:e:n:w 2778.3728490
        b:c:n:w 2465.7104500
        e:c:n:w 52176.7290013
