########################################
# legofit: estimate population history #
#       version 2.3.4-4-g53f8760       #
########################################

# Program was compiled: Sep 21 2021 14:36:42
# Program was run: Thu Sep 23 19:07:32 2021

# cmd: legofit -1 -d 0 -t 32 --ptsPerDim 3 --stateOut b1boot39.state --tol 3e-6 -S 5000 acef2.lgo ../../boot/boot39.opf
# Stage nOptItr nSimReps
#     0    5000        0
# algorithm          : deterministic
# ignoring probs <=  : 0
# Branch length floor: 0
# DE strategy        : 2
#    F               : 0.3
#    CR              : 0.8
#    tolerance       : 3e-06
# nthreads           : 32
# lgo input file     : acef2.lgo
# site pat input file: ../../boot/boot39.opf
# free parameters    : 18
# points in DE swarm : 54
# output state file  : b1boot39.state
# Including singleton site patterns.
# cost function      : KL
Initial parameter values
Fixed:
      zero = 0
       one = 1
    Tbecnw = 75200
Free:
       pc1 = 0
       pc2 = 0
       pc3 = 0
       pc4 = 0
       pc5 = 0
       pc6 = 0
       pc7 = 0
       pc8 = 0
       pc9 = 0
      pc10 = 0
      pc11 = 0
      pc12 = 0
      pc13 = 0
      pc14 = 0
      pc15 = 0
      pc16 = 0
      pc17 = 0
      pc18 = 0
Constrained:
   Tgbecnw = 94812.9
     Tecnw = 28334
       Tnw = 24404.6
       Tec = 14257.7
     twoNb = 567001
     twoNe = 25033.2
     twoNc = 1.3533e+06
     twoNn = 1.62575e+06
     twoNw = 1.10763e+07
    twoNec = 83873.2
    twoNnw = 10985.6
  twoNecnw = 87688.5
  twoNbecnw = 9595.62
  twoNgbecnw = 209843
         m = 0.182906
        m3 = 0.185723
        m5 = 0.203522
        m6 = 0.0820608
        Ta = 44728.8
        Tc = 12202.3
        Te = 6101.16
        Tf = 3050.58
DiffEv reached_goal. cost=1.71894e-03 spread=2.53628e-06
Fitted parameter values
Free:
       pc1 = 3.72273
       pc2 = 2.88024
       pc3 = 1.04343
       pc4 = 0.465806
       pc5 = 1.66295
       pc6 = -0.861358
       pc7 = -0.914076
       pc8 = 1.15763
       pc9 = -0.605657
      pc10 = -0.839942
      pc11 = -0.422089
      pc12 = -0.224901
      pc13 = 0.123195
      pc14 = -0.057256
      pc15 = -0.0211325
      pc16 = 0.043027
      pc17 = 0.0104205
      pc18 = 0.0231896
Constrained:
   Tgbecnw = 78563.3
     Tecnw = 25438.2
       Tnw = 24904.6
       Tec = 14739.8
     twoNb = 469511
     twoNe = 24604.6
     twoNc = 2.37813e+06
     twoNn = 5.46313e+06
     twoNw = 1.52342e+07
    twoNec = 63278.9
    twoNnw = 1501.83
  twoNecnw = 88467
  twoNbecnw = 1635.3
  twoNgbecnw = 232753
         m = 0.156196
        m3 = 0.180412
        m5 = 0.202333
        m6 = 0.0800715
        Ta = 44969.9
        Tc = 12452.3
        Te = 6226.16
        Tf = 3113.08
#       SitePat  BranchLen
              b 125391.7063826
              e 48781.5259643
              c 51293.9736238
              n 45359.2430496
              w 47164.1188021
            b:e 2138.6687090
            b:c 2431.1848216
            b:n 1705.8709966
            b:w 1877.2257222
            e:c 10612.5549731
            e:n 5960.5198607
            e:w 5314.9435052
            c:n 5204.7752836
            c:w 4709.7856984
            n:w 12721.9742839
          b:e:c 2237.8447524
          b:e:n 1148.2566007
          b:e:w 1152.7496731
          b:c:n 1156.6690135
          b:c:w 1166.6551859
          b:n:w 2189.5534382
          e:c:n 4794.8386895
          e:c:w 4130.5288777
          e:n:w 6705.1059788
          c:n:w 5553.5607031
        b:e:c:n 2188.0488275
        b:e:c:w 2002.2148569
        b:e:n:w 2794.2185814
        b:c:n:w 2479.3845432
        e:c:n:w 52098.2322545
