########################################
# legofit: estimate population history #
#       version 2.3.4-4-g53f8760       #
########################################

# Program was compiled: Sep 21 2021 14:36:42
# Program was run: Thu Sep 23 19:06:32 2021

# cmd: legofit -1 -d 0 -t 32 --ptsPerDim 3 --stateOut b1boot35.state --tol 3e-6 -S 5000 acef2.lgo ../../boot/boot35.opf
# Stage nOptItr nSimReps
#     0    5000        0
# algorithm          : deterministic
# ignoring probs <=  : 0
# Branch length floor: 0
# DE strategy        : 2
#    F               : 0.3
#    CR              : 0.8
#    tolerance       : 3e-06
# nthreads           : 32
# lgo input file     : acef2.lgo
# site pat input file: ../../boot/boot35.opf
# free parameters    : 18
# points in DE swarm : 54
# output state file  : b1boot35.state
# Including singleton site patterns.
# cost function      : KL
Initial parameter values
Fixed:
      zero = 0
       one = 1
    Tbecnw = 75200
Free:
       pc1 = 0
       pc2 = 0
       pc3 = 0
       pc4 = 0
       pc5 = 0
       pc6 = 0
       pc7 = 0
       pc8 = 0
       pc9 = 0
      pc10 = 0
      pc11 = 0
      pc12 = 0
      pc13 = 0
      pc14 = 0
      pc15 = 0
      pc16 = 0
      pc17 = 0
      pc18 = 0
Constrained:
   Tgbecnw = 94812.9
     Tecnw = 28334
       Tnw = 24404.6
       Tec = 14257.7
     twoNb = 567001
     twoNe = 25033.2
     twoNc = 1.3533e+06
     twoNn = 1.62575e+06
     twoNw = 1.10763e+07
    twoNec = 83873.2
    twoNnw = 10985.6
  twoNecnw = 87688.5
  twoNbecnw = 9595.62
  twoNgbecnw = 209843
         m = 0.182906
        m3 = 0.185723
        m5 = 0.203522
        m6 = 0.0820608
        Ta = 44728.8
        Tc = 12202.3
        Te = 6101.16
        Tf = 3050.58
DiffEv reached_goal. cost=1.74301e-03 spread=2.53114e-06
Fitted parameter values
Free:
       pc1 = 3.57681
       pc2 = 2.58104
       pc3 = 1.71967
       pc4 = -0.0302163
       pc5 = 1.18918
       pc6 = 0.818522
       pc7 = -1.76747
       pc8 = 1.55996
       pc9 = -0.246387
      pc10 = -0.399331
      pc11 = -0.305935
      pc12 = -0.0342491
      pc13 = 0.033443
      pc14 = 0.0426893
      pc15 = 0.0792561
      pc16 = -0.0376813
      pc17 = 0.0168925
      pc18 = -0.00447429
Constrained:
   Tgbecnw = 78879.5
     Tecnw = 25519.1
       Tnw = 24981
       Tec = 14277.5
     twoNb = 819837
     twoNe = 20379.9
     twoNc = 4.13531e+06
     twoNn = 1.90933e+06
     twoNw = 1.23088e+07
    twoNec = 69784.1
    twoNnw = 1516.3
  twoNecnw = 88152
  twoNbecnw = 1759.84
  twoNgbecnw = 239231
         m = 0.152763
        m3 = 0.180965
        m5 = 0.200174
        m6 = 0.0773987
        Ta = 44738.8
        Tc = 12490.5
        Te = 6245.25
        Tf = 3122.62
#       SitePat  BranchLen
              b 125682.2183501
              e 48976.3054047
              c 51475.7605773
              n 45448.4300251
              w 47184.0700430
            b:e 2143.3499991
            b:c 2434.4224611
            b:n 1699.9131775
            b:w 1862.3115298
            e:c 10497.4405766
            e:n 5942.2166516
            e:w 5323.8898213
            c:n 5202.6755961
            c:w 4712.5599128
            n:w 12694.7483620
          b:e:c 2225.0232718
          b:e:n 1147.9295825
          b:e:w 1153.7081499
          b:c:n 1157.8504310
          b:c:w 1165.9411528
          b:n:w 2175.1035271
          e:c:n 4736.5487592
          e:c:w 4109.3512548
          e:n:w 6709.7172830
          c:n:w 5561.1330743
        b:e:c:n 2172.5492770
        b:e:c:w 1996.2816355
        b:e:n:w 2798.7222341
        b:c:n:w 2485.4959207
        e:c:n:w 52367.7867989
