########################################
# legofit: estimate population history #
#       version 2.3.4-4-g53f8760       #
########################################

# Program was compiled: Sep 21 2021 14:36:42
# Program was run: Thu Sep 23 19:01:56 2021

# cmd: legofit -1 -d 0 -t 32 --ptsPerDim 3 --stateOut b1boot3.state --tol 3e-6 -S 5000 acef2.lgo ../../boot/boot3.opf
# Stage nOptItr nSimReps
#     0    5000        0
# algorithm          : deterministic
# ignoring probs <=  : 0
# Branch length floor: 0
# DE strategy        : 2
#    F               : 0.3
#    CR              : 0.8
#    tolerance       : 3e-06
# nthreads           : 32
# lgo input file     : acef2.lgo
# site pat input file: ../../boot/boot3.opf
# free parameters    : 18
# points in DE swarm : 54
# output state file  : b1boot3.state
# Including singleton site patterns.
# cost function      : KL
Initial parameter values
Fixed:
      zero = 0
       one = 1
    Tbecnw = 75200
Free:
       pc1 = 0
       pc2 = 0
       pc3 = 0
       pc4 = 0
       pc5 = 0
       pc6 = 0
       pc7 = 0
       pc8 = 0
       pc9 = 0
      pc10 = 0
      pc11 = 0
      pc12 = 0
      pc13 = 0
      pc14 = 0
      pc15 = 0
      pc16 = 0
      pc17 = 0
      pc18 = 0
Constrained:
   Tgbecnw = 94812.9
     Tecnw = 28334
       Tnw = 24404.6
       Tec = 14257.7
     twoNb = 567001
     twoNe = 25033.2
     twoNc = 1.3533e+06
     twoNn = 1.62575e+06
     twoNw = 1.10763e+07
    twoNec = 83873.2
    twoNnw = 10985.6
  twoNecnw = 87688.5
  twoNbecnw = 9595.62
  twoNgbecnw = 209843
         m = 0.182906
        m3 = 0.185723
        m5 = 0.203522
        m6 = 0.0820608
        Ta = 44728.8
        Tc = 12202.3
        Te = 6101.16
        Tf = 3050.58
DiffEv reached_goal. cost=1.75519e-03 spread=2.37247e-06
Fitted parameter values
Free:
       pc1 = 3.86996
       pc2 = 3.07307
       pc3 = 0.600266
       pc4 = 0.99739
       pc5 = 1.37601
       pc6 = 0.200538
       pc7 = -0.875651
       pc8 = 0.894929
       pc9 = -1.09121
      pc10 = -1.15649
      pc11 = -0.910832
      pc12 = -0.204164
      pc13 = 0.118909
      pc14 = 0.150362
      pc15 = 0.0281715
      pc16 = -0.0473942
      pc17 = 0.0208479
      pc18 = 0.000163828
Constrained:
   Tgbecnw = 77434.2
     Tecnw = 25401.6
       Tnw = 24984.8
       Tec = 14767.9
     twoNb = 496020
     twoNe = 27441.9
     twoNc = 2.27563e+06
     twoNn = 3.21614e+06
     twoNw = 2.06246e+07
    twoNec = 62080.2
    twoNnw = 1162.78
  twoNecnw = 89844.4
  twoNbecnw = 1083.06
  twoNgbecnw = 235903
         m = 0.157221
        m3 = 0.183999
        m5 = 0.20779
        m6 = 0.0897179
        Ta = 44984
        Tc = 12492.4
        Te = 6246.21
        Tf = 3123.11
#       SitePat  BranchLen
              b 125646.1154508
              e 48875.4165000
              c 51279.6997815
              n 45400.7819498
              w 47166.3869785
            b:e 2152.2411349
            b:c 2434.6078862
            b:n 1711.0561356
            b:w 1878.9587155
            e:c 10547.8673195
            e:n 5939.9203337
            e:w 5334.3784719
            c:n 5245.0619707
            c:w 4733.1171237
            n:w 12658.3824846
          b:e:c 2238.7440687
          b:e:n 1155.1356048
          b:e:w 1163.4624610
          b:c:n 1167.1888247
          b:c:w 1173.3983870
          b:n:w 2189.0897649
          e:c:n 4762.0124401
          e:c:w 4113.8941202
          e:n:w 6675.4935768
          c:n:w 5567.3300065
        b:e:c:n 2198.5020353
        b:e:c:w 2016.0630368
        b:e:n:w 2807.5318735
        b:c:n:w 2503.1759762
        e:c:n:w 52454.6083788
