########################################
# legofit: estimate population history #
#       version 2.3.4-4-g53f8760       #
########################################

# Program was compiled: Sep 21 2021 14:36:42
# Program was run: Thu Sep 23 19:06:32 2021

# cmd: legofit -1 -d 0 -t 32 --ptsPerDim 3 --stateOut b1boot34.state --tol 3e-6 -S 5000 acef2.lgo ../../boot/boot34.opf
# Stage nOptItr nSimReps
#     0    5000        0
# algorithm          : deterministic
# ignoring probs <=  : 0
# Branch length floor: 0
# DE strategy        : 2
#    F               : 0.3
#    CR              : 0.8
#    tolerance       : 3e-06
# nthreads           : 32
# lgo input file     : acef2.lgo
# site pat input file: ../../boot/boot34.opf
# free parameters    : 18
# points in DE swarm : 54
# output state file  : b1boot34.state
# Including singleton site patterns.
# cost function      : KL
Initial parameter values
Fixed:
      zero = 0
       one = 1
    Tbecnw = 75200
Free:
       pc1 = 0
       pc2 = 0
       pc3 = 0
       pc4 = 0
       pc5 = 0
       pc6 = 0
       pc7 = 0
       pc8 = 0
       pc9 = 0
      pc10 = 0
      pc11 = 0
      pc12 = 0
      pc13 = 0
      pc14 = 0
      pc15 = 0
      pc16 = 0
      pc17 = 0
      pc18 = 0
Constrained:
   Tgbecnw = 94812.9
     Tecnw = 28334
       Tnw = 24404.6
       Tec = 14257.7
     twoNb = 567001
     twoNe = 25033.2
     twoNc = 1.3533e+06
     twoNn = 1.62575e+06
     twoNw = 1.10763e+07
    twoNec = 83873.2
    twoNnw = 10985.6
  twoNecnw = 87688.5
  twoNbecnw = 9595.62
  twoNgbecnw = 209843
         m = 0.182906
        m3 = 0.185723
        m5 = 0.203522
        m6 = 0.0820608
        Ta = 44728.8
        Tc = 12202.3
        Te = 6101.16
        Tf = 3050.58
DiffEv reached_goal. cost=1.75745e-03 spread=2.83255e-06
Fitted parameter values
Free:
       pc1 = 3.91953
       pc2 = 1.57554
       pc3 = 1.38268
       pc4 = 1.19536
       pc5 = 1.00385
       pc6 = -1.67416
       pc7 = -1.6047
       pc8 = 1.64195
       pc9 = -0.581197
      pc10 = -0.634582
      pc11 = -0.221224
      pc12 = -0.083135
      pc13 = -0.00211612
      pc14 = 0.146215
      pc15 = 0.0447961
      pc16 = -0.11589
      pc17 = -0.00703711
      pc18 = -0.00555201
Constrained:
   Tgbecnw = 78373.5
     Tecnw = 25728.6
       Tnw = 24971.2
       Tec = 13877
     twoNb = 1.1343e+06
     twoNe = 15447.4
     twoNc = 1.32404e+06
     twoNn = 6.06498e+06
     twoNw = 1.28549e+07
    twoNec = 71986
    twoNnw = 2138.2
  twoNecnw = 87083.1
  twoNbecnw = 1532.68
  twoNgbecnw = 235642
         m = 0.155
        m3 = 0.173887
        m5 = 0.207529
        m6 = 0.0841276
        Ta = 44538.5
        Tc = 12485.6
        Te = 6242.8
        Tf = 3121.4
#       SitePat  BranchLen
              b 125552.4425072
              e 48861.5592892
              c 51356.9138381
              n 45393.2604152
              w 47066.5478061
            b:e 2133.9687688
            b:c 2424.9623971
            b:n 1692.8387676
            b:w 1848.0686380
            e:c 10475.9394123
            e:n 5911.9612853
            e:w 5312.7152245
            c:n 5175.1934955
            c:w 4704.3387783
            n:w 12625.6047260
          b:e:c 2211.0808096
          b:e:n 1141.2557204
          b:e:w 1146.5805243
          b:c:n 1150.9954606
          b:c:w 1158.7490979
          b:n:w 2161.9165060
          e:c:n 4713.7280828
          e:c:w 4110.5414699
          e:n:w 6716.9070720
          c:n:w 5566.6967592
        b:e:c:n 2153.0217283
        b:e:c:w 1984.7134168
        b:e:n:w 2783.4947274
        b:c:n:w 2470.5927853
        e:c:n:w 52357.2143236
