########################################
# legofit: estimate population history #
#       version 2.3.4-4-g53f8760       #
########################################

# Program was compiled: Sep 21 2021 14:36:42
# Program was run: Thu Sep 23 19:08:02 2021

# cmd: legofit -1 -d 0 -t 32 --ptsPerDim 3 --stateOut b1boot44.state --tol 3e-6 -S 5000 acef2.lgo ../../boot/boot44.opf
# Stage nOptItr nSimReps
#     0    5000        0
# algorithm          : deterministic
# ignoring probs <=  : 0
# Branch length floor: 0
# DE strategy        : 2
#    F               : 0.3
#    CR              : 0.8
#    tolerance       : 3e-06
# nthreads           : 32
# lgo input file     : acef2.lgo
# site pat input file: ../../boot/boot44.opf
# free parameters    : 18
# points in DE swarm : 54
# output state file  : b1boot44.state
# Including singleton site patterns.
# cost function      : KL
Initial parameter values
Fixed:
      zero = 0
       one = 1
    Tbecnw = 75200
Free:
       pc1 = 0
       pc2 = 0
       pc3 = 0
       pc4 = 0
       pc5 = 0
       pc6 = 0
       pc7 = 0
       pc8 = 0
       pc9 = 0
      pc10 = 0
      pc11 = 0
      pc12 = 0
      pc13 = 0
      pc14 = 0
      pc15 = 0
      pc16 = 0
      pc17 = 0
      pc18 = 0
Constrained:
   Tgbecnw = 94812.9
     Tecnw = 28334
       Tnw = 24404.6
       Tec = 14257.7
     twoNb = 567001
     twoNe = 25033.2
     twoNc = 1.3533e+06
     twoNn = 1.62575e+06
     twoNw = 1.10763e+07
    twoNec = 83873.2
    twoNnw = 10985.6
  twoNecnw = 87688.5
  twoNbecnw = 9595.62
  twoNgbecnw = 209843
         m = 0.182906
        m3 = 0.185723
        m5 = 0.203522
        m6 = 0.0820608
        Ta = 44728.8
        Tc = 12202.3
        Te = 6101.16
        Tf = 3050.58
DiffEv reached_goal. cost=1.75564e-03 spread=2.83396e-06
Fitted parameter values
Free:
       pc1 = 3.38349
       pc2 = 2.86976
       pc3 = 1.40972
       pc4 = 0.564317
       pc5 = 0.911075
       pc6 = 0.347079
       pc7 = -1.05827
       pc8 = 1.34983
       pc9 = -1.52992
      pc10 = -0.627533
      pc11 = -0.656297
      pc12 = -0.256597
      pc13 = -0.167784
      pc14 = 0.114907
      pc15 = 0.0335379
      pc16 = -0.0496358
      pc17 = -0.0198543
      pc18 = 0.00666596
Constrained:
   Tgbecnw = 78599.4
     Tecnw = 25243.7
       Tnw = 25033.7
       Tec = 14261.1
     twoNb = 476194
     twoNe = 21412.6
     twoNc = 2.35488e+06
     twoNn = 1.57239e+06
     twoNw = 1.80471e+07
    twoNec = 68837.5
    twoNnw = 596.854
  twoNecnw = 88968.2
  twoNbecnw = 1649.67
  twoNgbecnw = 232164
         m = 0.158338
        m3 = 0.179925
        m5 = 0.202606
        m6 = 0.0752344
        Ta = 44730.5
        Tc = 12516.8
        Te = 6258.42
        Tf = 3129.21
#       SitePat  BranchLen
              b 125632.3433258
              e 48937.0948232
              c 51461.2167028
              n 45449.9516709
              w 47137.7180838
            b:e 2137.9990249
            b:c 2433.0710961
            b:n 1701.2108995
            b:w 1858.6354976
            e:c 10497.0166859
            e:n 5938.7450009
            e:w 5364.6567541
            c:n 5227.7759179
            c:w 4723.6701150
            n:w 12688.4310568
          b:e:c 2217.5657108
          b:e:n 1146.4930354
          b:e:w 1156.0646140
          b:c:n 1160.5069637
          b:c:w 1164.4253857
          b:n:w 2167.8427194
          e:c:n 4734.2997935
          e:c:w 4124.7274303
          e:n:w 6729.5032054
          c:n:w 5557.3370478
        b:e:c:n 2169.2415442
        b:e:c:w 1998.3269457
        b:e:n:w 2797.8424838
        b:c:n:w 2480.3957126
        e:c:n:w 52272.3879071
