########################################
# legofit: estimate population history #
#       version 2.3.4-4-g53f8760       #
########################################

# Program was compiled: Sep 21 2021 14:36:42
# Program was run: Thu Sep 23 19:08:22 2021

# cmd: legofit -1 -d 0 -t 32 --ptsPerDim 3 --stateOut b1boot46.state --tol 3e-6 -S 5000 acef2.lgo ../../boot/boot46.opf
# Stage nOptItr nSimReps
#     0    5000        0
# algorithm          : deterministic
# ignoring probs <=  : 0
# Branch length floor: 0
# DE strategy        : 2
#    F               : 0.3
#    CR              : 0.8
#    tolerance       : 3e-06
# nthreads           : 32
# lgo input file     : acef2.lgo
# site pat input file: ../../boot/boot46.opf
# free parameters    : 18
# points in DE swarm : 54
# output state file  : b1boot46.state
# Including singleton site patterns.
# cost function      : KL
Initial parameter values
Fixed:
      zero = 0
       one = 1
    Tbecnw = 75200
Free:
       pc1 = 0
       pc2 = 0
       pc3 = 0
       pc4 = 0
       pc5 = 0
       pc6 = 0
       pc7 = 0
       pc8 = 0
       pc9 = 0
      pc10 = 0
      pc11 = 0
      pc12 = 0
      pc13 = 0
      pc14 = 0
      pc15 = 0
      pc16 = 0
      pc17 = 0
      pc18 = 0
Constrained:
   Tgbecnw = 94812.9
     Tecnw = 28334
       Tnw = 24404.6
       Tec = 14257.7
     twoNb = 567001
     twoNe = 25033.2
     twoNc = 1.3533e+06
     twoNn = 1.62575e+06
     twoNw = 1.10763e+07
    twoNec = 83873.2
    twoNnw = 10985.6
  twoNecnw = 87688.5
  twoNbecnw = 9595.62
  twoNgbecnw = 209843
         m = 0.182906
        m3 = 0.185723
        m5 = 0.203522
        m6 = 0.0820608
        Ta = 44728.8
        Tc = 12202.3
        Te = 6101.16
        Tf = 3050.58
DiffEv reached_goal. cost=1.70932e-03 spread=2.83534e-06
Fitted parameter values
Free:
       pc1 = 3.62076
       pc2 = 2.93713
       pc3 = 1.07547
       pc4 = -0.209344
       pc5 = 0.8929
       pc6 = -0.0367762
       pc7 = -1.0218
       pc8 = 1.75963
       pc9 = -0.987016
      pc10 = -0.644928
      pc11 = -0.318181
      pc12 = -0.0798978
      pc13 = 0.0442264
      pc14 = 0.117647
      pc15 = 0.0152321
      pc16 = -0.0261355
      pc17 = -0.0175844
      pc18 = -0.0081259
Constrained:
   Tgbecnw = 78121.9
     Tecnw = 25399.4
       Tnw = 25059.3
       Tec = 14705.9
     twoNb = 340640
     twoNe = 25050.5
     twoNc = 2.75256e+06
     twoNn = 2.33058e+06
     twoNw = 1.227e+07
    twoNec = 65179.7
    twoNnw = 961.891
  twoNecnw = 88421.5
  twoNbecnw = 1426.22
  twoNgbecnw = 232167
         m = 0.159362
        m3 = 0.17714
        m5 = 0.202224
        m6 = 0.0803658
        Ta = 44952.9
        Tc = 12529.6
        Te = 6264.82
        Tf = 3132.41
#       SitePat  BranchLen
              b 125844.1693643
              e 48917.1607252
              c 51379.0559934
              n 45422.8530875
              w 47119.2768105
            b:e 2149.8101687
            b:c 2438.5079863
            b:n 1708.1107211
            b:w 1868.7257178
            e:c 10529.1761423
            e:n 5922.7806419
            e:w 5326.2972471
            c:n 5202.3991208
            c:w 4722.3621818
            n:w 12697.9596175
          b:e:c 2235.0595549
          b:e:n 1150.3783338
          b:e:w 1156.5228374
          b:c:n 1160.6632034
          b:c:w 1168.1838935
          b:n:w 2185.5330387
          e:c:n 4750.6992162
          e:c:w 4130.7958271
          e:n:w 6717.7967977
          c:n:w 5580.2181159
        b:e:c:n 2179.8009498
        b:e:c:w 2005.5207594
        b:e:n:w 2803.2501005
        b:c:n:w 2492.6063572
        e:c:n:w 52571.7936848
