########################################
# legofit: estimate population history #
#       version 2.3.4-4-g53f8760       #
########################################

# Program was compiled: Sep 21 2021 14:36:42
# Program was run: Thu Sep 23 19:03:01 2021

# cmd: legofit -1 -d 0 -t 32 --ptsPerDim 3 --stateOut b1boot11.state --tol 3e-6 -S 5000 acef2.lgo ../../boot/boot11.opf
# Stage nOptItr nSimReps
#     0    5000        0
# algorithm          : deterministic
# ignoring probs <=  : 0
# Branch length floor: 0
# DE strategy        : 2
#    F               : 0.3
#    CR              : 0.8
#    tolerance       : 3e-06
# nthreads           : 32
# lgo input file     : acef2.lgo
# site pat input file: ../../boot/boot11.opf
# free parameters    : 18
# points in DE swarm : 54
# output state file  : b1boot11.state
# Including singleton site patterns.
# cost function      : KL
Initial parameter values
Fixed:
      zero = 0
       one = 1
    Tbecnw = 75200
Free:
       pc1 = 0
       pc2 = 0
       pc3 = 0
       pc4 = 0
       pc5 = 0
       pc6 = 0
       pc7 = 0
       pc8 = 0
       pc9 = 0
      pc10 = 0
      pc11 = 0
      pc12 = 0
      pc13 = 0
      pc14 = 0
      pc15 = 0
      pc16 = 0
      pc17 = 0
      pc18 = 0
Constrained:
   Tgbecnw = 94812.9
     Tecnw = 28334
       Tnw = 24404.6
       Tec = 14257.7
     twoNb = 567001
     twoNe = 25033.2
     twoNc = 1.3533e+06
     twoNn = 1.62575e+06
     twoNw = 1.10763e+07
    twoNec = 83873.2
    twoNnw = 10985.6
  twoNecnw = 87688.5
  twoNbecnw = 9595.62
  twoNgbecnw = 209843
         m = 0.182906
        m3 = 0.185723
        m5 = 0.203522
        m6 = 0.0820608
        Ta = 44728.8
        Tc = 12202.3
        Te = 6101.16
        Tf = 3050.58
DiffEv reached_goal. cost=1.76787e-03 spread=2.29078e-06
Fitted parameter values
Free:
       pc1 = 3.92466
       pc2 = 2.95783
       pc3 = -0.0639229
       pc4 = 0.934388
       pc5 = 1.48665
       pc6 = -0.976534
       pc7 = -0.122722
       pc8 = 1.39139
       pc9 = -1.50789
      pc10 = -0.930045
      pc11 = -0.474192
      pc12 = -0.170157
      pc13 = -0.0759446
      pc14 = -0.0234249
      pc15 = -0.0171134
      pc16 = -0.0560497
      pc17 = 0.0044096
      pc18 = 0.0101116
Constrained:
   Tgbecnw = 78624.1
     Tecnw = 25584.6
       Tnw = 25093
       Tec = 15200.7
     twoNb = 72143.2
     twoNe = 27496.6
     twoNc = 1.25093e+06
     twoNn = 4.96648e+06
     twoNw = 1.98001e+07
    twoNec = 59470.7
    twoNnw = 1389.42
  twoNecnw = 89319.5
  twoNbecnw = 1672.93
  twoNgbecnw = 231407
         m = 0.158964
        m3 = 0.176065
        m5 = 0.214435
        m6 = 0.0894766
        Ta = 45200.4
        Tc = 12546.5
        Te = 6273.25
        Tf = 3136.63
#       SitePat  BranchLen
              b 125779.7783610
              e 48899.2227670
              c 51453.5267000
              n 45543.2749590
              w 47302.0431524
            b:e 2151.9725094
            b:c 2452.2177380
            b:n 1722.4419676
            b:w 1891.0839862
            e:c 10579.1891990
            e:n 5984.1297361
            e:w 5359.2512260
            c:n 5222.2968124
            c:w 4739.8898663
            n:w 12656.7041624
          b:e:c 2246.4579330
          b:e:n 1160.7447815
          b:e:w 1165.6713013
          b:c:n 1170.0876340
          b:c:w 1179.4376273
          b:n:w 2198.1663839
          e:c:n 4800.4937771
          e:c:w 4149.0110398
          e:n:w 6737.5079476
          c:n:w 5564.3982981
        b:e:c:n 2206.4772225
        b:e:c:w 2023.5586906
        b:e:n:w 2820.3188559
        b:c:n:w 2496.9644490
        e:c:n:w 52381.3724542
