########################################
# legofit: estimate population history #
#       version 2.3.4-4-g53f8760       #
########################################

# Program was compiled: Sep 21 2021 14:36:42
# Program was run: Thu Sep 23 19:02:20 2021

# cmd: legofit -1 -d 0 -t 32 --ptsPerDim 3 --stateOut b1boot6.state --tol 3e-6 -S 5000 acef2.lgo ../../boot/boot6.opf
# Stage nOptItr nSimReps
#     0    5000        0
# algorithm          : deterministic
# ignoring probs <=  : 0
# Branch length floor: 0
# DE strategy        : 2
#    F               : 0.3
#    CR              : 0.8
#    tolerance       : 3e-06
# nthreads           : 32
# lgo input file     : acef2.lgo
# site pat input file: ../../boot/boot6.opf
# free parameters    : 18
# points in DE swarm : 54
# output state file  : b1boot6.state
# Including singleton site patterns.
# cost function      : KL
Initial parameter values
Fixed:
      zero = 0
       one = 1
    Tbecnw = 75200
Free:
       pc1 = 0
       pc2 = 0
       pc3 = 0
       pc4 = 0
       pc5 = 0
       pc6 = 0
       pc7 = 0
       pc8 = 0
       pc9 = 0
      pc10 = 0
      pc11 = 0
      pc12 = 0
      pc13 = 0
      pc14 = 0
      pc15 = 0
      pc16 = 0
      pc17 = 0
      pc18 = 0
Constrained:
   Tgbecnw = 94812.9
     Tecnw = 28334
       Tnw = 24404.6
       Tec = 14257.7
     twoNb = 567001
     twoNe = 25033.2
     twoNc = 1.3533e+06
     twoNn = 1.62575e+06
     twoNw = 1.10763e+07
    twoNec = 83873.2
    twoNnw = 10985.6
  twoNecnw = 87688.5
  twoNbecnw = 9595.62
  twoNgbecnw = 209843
         m = 0.182906
        m3 = 0.185723
        m5 = 0.203522
        m6 = 0.0820608
        Ta = 44728.8
        Tc = 12202.3
        Te = 6101.16
        Tf = 3050.58
DiffEv reached_goal. cost=1.74334e-03 spread=2.98380e-06
Fitted parameter values
Free:
       pc1 = 3.9455
       pc2 = 2.27755
       pc3 = 0.799656
       pc4 = 1.145
       pc5 = 1.71685
       pc6 = -0.447165
       pc7 = -1.23975
       pc8 = 1.56224
       pc9 = -0.790066
      pc10 = -0.242566
      pc11 = 0.064818
      pc12 = 0.051652
      pc13 = -0.102035
      pc14 = 0.125677
      pc15 = 0.0428337
      pc16 = -0.0145982
      pc17 = 0.00380398
      pc18 = 0.00116015
Constrained:
   Tgbecnw = 79955.8
     Tecnw = 25804.3
       Tnw = 25303.3
       Tec = 14443
     twoNb = 752520
     twoNe = 20748.6
     twoNc = 2.75722e+06
     twoNn = 4.90212e+06
     twoNw = 1.83287e+07
    twoNec = 66797.8
    twoNnw = 1424.27
  twoNecnw = 87635.2
  twoNbecnw = 2268.77
  twoNgbecnw = 239071
         m = 0.152492
        m3 = 0.174089
        m5 = 0.210332
        m6 = 0.085282
        Ta = 44821.5
        Tc = 12651.7
        Te = 6325.83
        Tf = 3162.91
#       SitePat  BranchLen
              b 125987.0904017
              e 48980.5729208
              c 51463.9683053
              n 45650.5887798
              w 47344.9256898
            b:e 2138.6692083
            b:c 2431.0348481
            b:n 1709.7281867
            b:w 1869.1756188
            e:c 10572.9121122
            e:n 5917.7091746
            e:w 5335.3202388
            c:n 5207.4452091
            c:w 4715.0369183
            n:w 12614.2762403
          b:e:c 2225.8970501
          b:e:n 1146.8081805
          b:e:w 1154.8894356
          b:c:n 1159.1894023
          b:c:w 1164.4049464
          b:n:w 2178.4177123
          e:c:n 4766.9616150
          e:c:w 4147.4219317
          e:n:w 6716.7650727
          c:n:w 5563.9169743
        b:e:c:n 2175.5045853
        b:e:c:w 2002.7603540
        b:e:n:w 2789.1431192
        b:c:n:w 2474.8807467
        e:c:n:w 52536.2587971
