########################################
# legofit: estimate population history #
#       version 2.3.4-4-g53f8760       #
########################################

# Program was compiled: Sep 21 2021 14:36:42
# Program was run: Thu Sep 23 19:05:12 2021

# cmd: legofit -1 -d 0 -t 32 --ptsPerDim 3 --stateOut b1boot26.state --tol 3e-6 -S 5000 acef2.lgo ../../boot/boot26.opf
# Stage nOptItr nSimReps
#     0    5000        0
# algorithm          : deterministic
# ignoring probs <=  : 0
# Branch length floor: 0
# DE strategy        : 2
#    F               : 0.3
#    CR              : 0.8
#    tolerance       : 3e-06
# nthreads           : 32
# lgo input file     : acef2.lgo
# site pat input file: ../../boot/boot26.opf
# free parameters    : 18
# points in DE swarm : 54
# output state file  : b1boot26.state
# Including singleton site patterns.
# cost function      : KL
Initial parameter values
Fixed:
      zero = 0
       one = 1
    Tbecnw = 75200
Free:
       pc1 = 0
       pc2 = 0
       pc3 = 0
       pc4 = 0
       pc5 = 0
       pc6 = 0
       pc7 = 0
       pc8 = 0
       pc9 = 0
      pc10 = 0
      pc11 = 0
      pc12 = 0
      pc13 = 0
      pc14 = 0
      pc15 = 0
      pc16 = 0
      pc17 = 0
      pc18 = 0
Constrained:
   Tgbecnw = 94812.9
     Tecnw = 28334
       Tnw = 24404.6
       Tec = 14257.7
     twoNb = 567001
     twoNe = 25033.2
     twoNc = 1.3533e+06
     twoNn = 1.62575e+06
     twoNw = 1.10763e+07
    twoNec = 83873.2
    twoNnw = 10985.6
  twoNecnw = 87688.5
  twoNbecnw = 9595.62
  twoNgbecnw = 209843
         m = 0.182906
        m3 = 0.185723
        m5 = 0.203522
        m6 = 0.0820608
        Ta = 44728.8
        Tc = 12202.3
        Te = 6101.16
        Tf = 3050.58
DiffEv reached_goal. cost=1.75043e-03 spread=2.81513e-06
Fitted parameter values
Free:
       pc1 = 3.68761
       pc2 = 2.73178
       pc3 = 1.36735
       pc4 = 0.549585
       pc5 = 1.42549
       pc6 = 0.483669
       pc7 = -0.921997
       pc8 = 1.47413
       pc9 = -0.975927
      pc10 = -0.337912
      pc11 = -0.652394
      pc12 = 0.00223984
      pc13 = 0.134699
      pc14 = 0.0442924
      pc15 = 0.0877106
      pc16 = 0.0428838
      pc17 = 0.0192557
      pc18 = 0.017274
Constrained:
   Tgbecnw = 79129
     Tecnw = 25478.8
       Tnw = 24892.5
       Tec = 14356.9
     twoNb = 462262
     twoNe = 21030.1
     twoNc = 3.08846e+06
     twoNn = 2.47066e+06
     twoNw = 1.77749e+07
    twoNec = 67025.8
    twoNnw = 1679.2
  twoNecnw = 89232.4
  twoNbecnw = 1861.25
  twoNgbecnw = 242572
         m = 0.151425
        m3 = 0.179091
        m5 = 0.200256
        m6 = 0.079975
        Ta = 44778.5
        Tc = 12446.2
        Te = 6223.12
        Tf = 3111.56
#       SitePat  BranchLen
              b 125835.9417433
              e 48991.6545688
              c 51446.3000576
              n 45590.5217331
              w 47375.5266685
            b:e 2139.4195757
            b:c 2423.1473675
            b:n 1710.2895395
            b:w 1877.8727869
            e:c 10589.5439775
            e:n 5969.4263597
            e:w 5322.6801315
            c:n 5220.8479090
            c:w 4730.8090302
            n:w 12684.5564003
          b:e:c 2230.6655534
          b:e:n 1152.9771598
          b:e:w 1156.8435027
          b:c:n 1160.6624847
          b:c:w 1171.2215919
          b:n:w 2182.2075137
          e:c:n 4770.7456407
          e:c:w 4122.5258123
          e:n:w 6644.6743845
          c:n:w 5530.4784477
        b:e:c:n 2194.0153468
        b:e:c:w 2012.0066493
        b:e:n:w 2791.5669492
        b:c:n:w 2485.7757433
        e:c:n:w 52435.8678958
