########################################
# legofit: estimate population history #
#       version 2.3.4-4-g53f8760       #
########################################

# Program was compiled: Sep 21 2021 14:36:42
# Program was run: Thu Sep 23 19:06:32 2021

# cmd: legofit -1 -d 0 -t 32 --ptsPerDim 3 --stateOut b1boot33.state --tol 3e-6 -S 5000 acef2.lgo ../../boot/boot33.opf
# Stage nOptItr nSimReps
#     0    5000        0
# algorithm          : deterministic
# ignoring probs <=  : 0
# Branch length floor: 0
# DE strategy        : 2
#    F               : 0.3
#    CR              : 0.8
#    tolerance       : 3e-06
# nthreads           : 32
# lgo input file     : acef2.lgo
# site pat input file: ../../boot/boot33.opf
# free parameters    : 18
# points in DE swarm : 54
# output state file  : b1boot33.state
# Including singleton site patterns.
# cost function      : KL
Initial parameter values
Fixed:
      zero = 0
       one = 1
    Tbecnw = 75200
Free:
       pc1 = 0
       pc2 = 0
       pc3 = 0
       pc4 = 0
       pc5 = 0
       pc6 = 0
       pc7 = 0
       pc8 = 0
       pc9 = 0
      pc10 = 0
      pc11 = 0
      pc12 = 0
      pc13 = 0
      pc14 = 0
      pc15 = 0
      pc16 = 0
      pc17 = 0
      pc18 = 0
Constrained:
   Tgbecnw = 94812.9
     Tecnw = 28334
       Tnw = 24404.6
       Tec = 14257.7
     twoNb = 567001
     twoNe = 25033.2
     twoNc = 1.3533e+06
     twoNn = 1.62575e+06
     twoNw = 1.10763e+07
    twoNec = 83873.2
    twoNnw = 10985.6
  twoNecnw = 87688.5
  twoNbecnw = 9595.62
  twoNgbecnw = 209843
         m = 0.182906
        m3 = 0.185723
        m5 = 0.203522
        m6 = 0.0820608
        Ta = 44728.8
        Tc = 12202.3
        Te = 6101.16
        Tf = 3050.58
DiffEv reached_goal. cost=1.74295e-03 spread=2.97518e-06
Fitted parameter values
Free:
       pc1 = 3.98119
       pc2 = 2.68537
       pc3 = 0.697321
       pc4 = -0.0935131
       pc5 = 0.818191
       pc6 = 0.630968
       pc7 = -1.51968
       pc8 = 1.95233
       pc9 = -0.990385
      pc10 = -0.864732
      pc11 = -0.503969
      pc12 = -0.0377628
      pc13 = -0.0305392
      pc14 = 0.0312637
      pc15 = 0.0795846
      pc16 = -0.00182468
      pc17 = 0.0135936
      pc18 = -0.0467197
Constrained:
   Tgbecnw = 76311.6
     Tecnw = 25527.6
       Tnw = 25033
       Tec = 14599
     twoNb = 546578
     twoNe = 22547
     twoNc = 3.28465e+06
     twoNn = 1.22657e+06
     twoNw = 1.3101e+07
    twoNec = 63198
    twoNnw = 1373.53
  twoNecnw = 89145.7
  twoNbecnw = 540.882
  twoNgbecnw = 233450
         m = 0.159951
        m3 = 0.177339
        m5 = 0.211101
        m6 = 0.0884034
        Ta = 44899.5
        Tc = 12516.5
        Te = 6258.24
        Tf = 3129.12
#       SitePat  BranchLen
              b 125385.5816632
              e 48702.8770249
              c 51217.2128919
              n 45266.4599728
              w 47009.4788531
            b:e 2114.5562850
            b:c 2406.9593909
            b:n 1679.4434166
            b:w 1842.8551793
            e:c 10512.7072376
            e:n 5900.4164670
            e:w 5284.8383896
            c:n 5158.7043117
            c:w 4668.9780803
            n:w 12633.0330497
          b:e:c 2211.9248875
          b:e:n 1133.4103096
          b:e:w 1139.4955259
          b:c:n 1143.8216945
          b:c:w 1151.8601942
          b:n:w 2162.1681412
          e:c:n 4701.6827629
          e:c:w 4063.9681914
          e:n:w 6662.9569117
          c:n:w 5506.1935094
        b:e:c:n 2156.7895539
        b:e:c:w 1979.2540752
        b:e:n:w 2774.9766804
        b:c:n:w 2459.7975214
        e:c:n:w 52403.0402161
