########################################
# legofit: estimate population history #
#            version 2.3.3             #
########################################

# Program was compiled: Sep 12 2021 17:54:39
# Program was run: Thu Sep 16 06:36:13 2021

# cmd: legofit -1 -d 0 -t 32 --ptsPerDim 3 --stateOut b1boot24.state --tol 3e-6 -S 5000 abcd2.lgo ../../boot/boot24.opf
# Stage nOptItr nSimReps
#     0    5000        0
# algorithm          : deterministic
# ignoring probs <=  : 0
# Branch length floor: 0
# DE strategy        : 2
#    F               : 0.3
#    CR              : 0.8
#    tolerance       : 3e-06
# nthreads           : 32
# lgo input file     : abcd2.lgo
# site pat input file: ../../boot/boot24.opf
# free parameters    : 17
# points in DE swarm : 51
# output state file  : b1boot24.state
# Including singleton site patterns.
# cost function      : KL
Initial parameter values
Fixed:
      zero = 0
       one = 1
    Tbecnw = 75200
Free:
       pc1 = 0
       pc2 = 0
       pc3 = 0
       pc4 = 0
       pc5 = 0
       pc6 = 0
       pc7 = 0
       pc8 = 0
       pc9 = 0
      pc10 = 0
      pc11 = 0
      pc12 = 0
      pc13 = 0
      pc14 = 0
      pc15 = 0
      pc16 = 0
      pc17 = 0
Constrained:
   Tgbecnw = 82992.7
     Tecnw = 23436.3
       Tnw = 17216.8
       Tec = 16076.9
     twoNb = 532035
     twoNe = 174664
     twoNc = 414014
     twoNn = 526475
    twoNec = 60780.9
    twoNnw = 23703.4
  twoNecnw = 73870.9
  twoNbecnw = 2982.25
  twoNgbecnw = 366101
         m = 0.0886802
        m2 = 0.0197186
        m3 = 0.239668
        m4 = 0.0174733
        Tb = 19756.6
        Ta = 47478.3
        Tc = 8608.39
        Td = 4304.2
DiffEv reached_goal. cost=1.64803e-03 spread=2.84645e-06
Fitted parameter values
Free:
       pc1 = -3.19856
       pc2 = -3.67005
       pc3 = 2.30324
       pc4 = 1.9073
       pc5 = 1.74891
       pc6 = 2.7762
       pc7 = 0.678865
       pc8 = -0.140916
       pc9 = -0.628296
      pc10 = -1.65052
      pc11 = 0.263089
      pc12 = 0.0629413
      pc13 = -0.00106611
      pc14 = -0.0303551
      pc15 = 0.0193102
      pc16 = -0.0172797
      pc17 = 0.00459323
Constrained:
   Tgbecnw = 76412.9
     Tecnw = 23796.2
       Tnw = 16277.3
       Tec = 12278.5
     twoNb = 586473
     twoNe = 104534
     twoNc = 1.61249e+06
     twoNn = 810942
    twoNec = 98689.9
    twoNnw = 28565.3
  twoNecnw = 69674.3
  twoNbecnw = 468.64
  twoNgbecnw = 385630
         m = 0.0797405
        m2 = 0.0187787
        m3 = 0.244417
        m4 = 0.0176952
        Tb = 18037.3
        Ta = 46618.7
        Tc = 8138.67
        Td = 4069.34
#       SitePat  BranchLen
              b 121018.0796509
              e 47596.3730918
              c 48869.4177638
              n 43582.6586694
              w 45678.1488652
            b:e 2088.5917260
            b:c 2408.2074828
            b:n 1597.5729996
            b:w 1741.8944389
            e:c 10059.6181463
            e:n 5680.7383764
            e:w 4693.0020467
            c:n 5131.9902739
            c:w 4669.6654169
            n:w 12131.1924425
          b:e:c 1928.9646844
          b:e:n 1043.6086451
          b:e:w 1021.5675424
          b:c:n 1022.3323294
          b:c:w 1067.8084947
          b:n:w 1890.5999122
          e:c:n 4917.6973409
          e:c:w 4198.9037695
          e:n:w 5956.1917242
          c:n:w 5475.2587329
        b:e:c:n 2010.5957804
        b:e:c:w 1916.2038698
        b:e:n:w 3236.2270505
        b:c:n:w 2671.6196056
        e:c:n:w 50315.5906478
