########################################
# legofit: estimate population history #
#            version 2.3.3             #
########################################

# Program was compiled: Sep 12 2021 17:54:39
# Program was run: Wed Sep 15 10:12:29 2021

# cmd: legofit -1 -d 0 -t 32 --ptsPerDim 3 --stateOut b1boot3.state --tol 3e-6 -S 5000 abcd2.lgo ../../boot/boot3.opf
# Stage nOptItr nSimReps
#     0    5000        0
# algorithm          : deterministic
# ignoring probs <=  : 0
# Branch length floor: 0
# DE strategy        : 2
#    F               : 0.3
#    CR              : 0.8
#    tolerance       : 3e-06
# nthreads           : 32
# lgo input file     : abcd2.lgo
# site pat input file: ../../boot/boot3.opf
# free parameters    : 17
# points in DE swarm : 51
# output state file  : b1boot3.state
# Including singleton site patterns.
# cost function      : KL
Initial parameter values
Fixed:
      zero = 0
       one = 1
    Tbecnw = 75200
Free:
       pc1 = 0
       pc2 = 0
       pc3 = 0
       pc4 = 0
       pc5 = 0
       pc6 = 0
       pc7 = 0
       pc8 = 0
       pc9 = 0
      pc10 = 0
      pc11 = 0
      pc12 = 0
      pc13 = 0
      pc14 = 0
      pc15 = 0
      pc16 = 0
      pc17 = 0
Constrained:
   Tgbecnw = 82992.7
     Tecnw = 23436.3
       Tnw = 17216.8
       Tec = 16076.9
     twoNb = 532035
     twoNe = 174664
     twoNc = 414014
     twoNn = 526475
    twoNec = 60780.9
    twoNnw = 23703.4
  twoNecnw = 73870.9
  twoNbecnw = 2982.25
  twoNgbecnw = 366101
         m = 0.0886802
        m2 = 0.0197186
        m3 = 0.239668
        m4 = 0.0174733
        Tb = 19756.6
        Ta = 47478.3
        Tc = 8608.39
        Td = 4304.2
DiffEv reached_goal. cost=1.64229e-03 spread=2.99162e-06
Fitted parameter values
Free:
       pc1 = -1.38389
       pc2 = -3.63035
       pc3 = 0.60213
       pc4 = 1.60098
       pc5 = 1.98102
       pc6 = -0.309963
       pc7 = 0.0229769
       pc8 = -0.554938
       pc9 = -0.736637
      pc10 = -1.88301
      pc11 = -0.36415
      pc12 = 0.283611
      pc13 = 0.29587
      pc14 = -0.115794
      pc15 = 0.00117409
      pc16 = -0.0272117
      pc17 = -0.000916498
Constrained:
   Tgbecnw = 75787.4
     Tecnw = 23704.9
       Tnw = 16820.4
       Tec = 13640.6
     twoNb = 539198
     twoNe = 177106
     twoNc = 690365
     twoNn = 417178
    twoNec = 84449.3
    twoNnw = 25049.3
  twoNecnw = 70065.2
  twoNbecnw = 228.105
  twoNgbecnw = 382670
         m = 0.0807911
        m2 = 0.0191303
        m3 = 0.263181
        m4 = 0.0181252
        Tb = 18672.7
        Ta = 46936.4
        Tc = 8410.22
        Td = 4205.11
#       SitePat  BranchLen
              b 120980.0274849
              e 47657.1093927
              c 48856.0029410
              n 43542.2038981
              w 45689.4252688
            b:e 2102.2579770
            b:c 2434.3316737
            b:n 1598.9168340
            b:w 1747.9017947
            e:c 10043.7021842
            e:n 5631.0246957
            e:w 4683.3749191
            c:n 5162.2943276
            c:w 4638.6449624
            n:w 12156.6803580
          b:e:c 1941.9336685
          b:e:n 1040.2659591
          b:e:w 1024.6921948
          b:c:n 1025.1293098
          b:c:w 1064.9717342
          b:n:w 1901.5401437
          e:c:n 4936.2235943
          e:c:w 4182.3871202
          e:n:w 5963.4088895
          c:n:w 5487.2611592
        b:e:c:n 2021.0189988
        b:e:c:w 1925.6796558
        b:e:n:w 3253.6133597
        b:c:n:w 2687.1111720
        e:c:n:w 50342.6995924
