########################################
# legofit: estimate population history #
#            version 2.3.3             #
########################################

# Program was compiled: Sep 12 2021 17:54:39
# Program was run: Thu Sep 16 10:16:10 2021

# cmd: legofit -1 -d 0 -t 32 --ptsPerDim 3 --stateOut b1boot45.state --tol 3e-6 -S 5000 abcd2.lgo ../../boot/boot45.opf
# Stage nOptItr nSimReps
#     0    5000        0
# algorithm          : deterministic
# ignoring probs <=  : 0
# Branch length floor: 0
# DE strategy        : 2
#    F               : 0.3
#    CR              : 0.8
#    tolerance       : 3e-06
# nthreads           : 32
# lgo input file     : abcd2.lgo
# site pat input file: ../../boot/boot45.opf
# free parameters    : 17
# points in DE swarm : 51
# output state file  : b1boot45.state
# Including singleton site patterns.
# cost function      : KL
Initial parameter values
Fixed:
      zero = 0
       one = 1
    Tbecnw = 75200
Free:
       pc1 = 0
       pc2 = 0
       pc3 = 0
       pc4 = 0
       pc5 = 0
       pc6 = 0
       pc7 = 0
       pc8 = 0
       pc9 = 0
      pc10 = 0
      pc11 = 0
      pc12 = 0
      pc13 = 0
      pc14 = 0
      pc15 = 0
      pc16 = 0
      pc17 = 0
Constrained:
   Tgbecnw = 82992.7
     Tecnw = 23436.3
       Tnw = 17216.8
       Tec = 16076.9
     twoNb = 532035
     twoNe = 174664
     twoNc = 414014
     twoNn = 526475
    twoNec = 60780.9
    twoNnw = 23703.4
  twoNecnw = 73870.9
  twoNbecnw = 2982.25
  twoNgbecnw = 366101
         m = 0.0886802
        m2 = 0.0197186
        m3 = 0.239668
        m4 = 0.0174733
        Tb = 19756.6
        Ta = 47478.3
        Tc = 8608.39
        Td = 4304.2
DiffEv reached_goal. cost=1.66543e-03 spread=2.49808e-06
Fitted parameter values
Free:
       pc1 = -2.44072
       pc2 = -3.12995
       pc3 = 0.461189
       pc4 = 1.71714
       pc5 = 1.70101
       pc6 = 1.20577
       pc7 = 0.800147
       pc8 = 0.332695
       pc9 = -1.84202
      pc10 = -1.80766
      pc11 = -0.0354455
      pc12 = 0.0709192
      pc13 = 0.0240876
      pc14 = 0.0843799
      pc15 = -0.0198343
      pc16 = -0.00816182
      pc17 = -0.00977358
Constrained:
   Tgbecnw = 76839.8
     Tecnw = 23853.9
       Tnw = 16826.3
       Tec = 12988.8
     twoNb = 523841
     twoNe = 127859
     twoNc = 1.22271e+06
     twoNn = 531969
    twoNec = 91286.4
    twoNnw = 25694.7
  twoNecnw = 69747.1
  twoNbecnw = 637.341
  twoNgbecnw = 375078
         m = 0.0833033
        m2 = 0.0196908
        m3 = 0.260407
        m4 = 0.0175877
        Tb = 18421.4
        Ta = 46810.7
        Tc = 8413.13
        Td = 4206.56
#       SitePat  BranchLen
              b 121307.2268041
              e 47659.9747291
              c 48898.7525953
              n 43562.3046127
              w 45760.3127616
            b:e 2091.0908468
            b:c 2423.1669792
            b:n 1582.5364712
            b:w 1729.4493202
            e:c 10050.2861274
            e:n 5674.3787958
            e:w 4663.9647593
            c:n 5143.7599484
            c:w 4638.0303665
            n:w 12134.5794175
          b:e:c 1918.6316730
          b:e:n 1031.3958121
          b:e:w 1011.1020515
          b:c:n 1011.4011702
          b:c:w 1056.2571758
          b:n:w 1879.2735381
          e:c:n 4930.7952163
          e:c:w 4170.3528619
          e:n:w 5963.4672930
          c:n:w 5480.7617496
        b:e:c:n 1996.4780160
        b:e:c:w 1903.5807810
        b:e:n:w 3231.1228293
        b:c:n:w 2674.3670214
        e:c:n:w 50550.4589533
