########################################
# legofit: estimate population history #
#            version 2.3.3             #
########################################

# Program was compiled: Sep 12 2021 17:54:39
# Program was run: Wed Sep 15 09:22:59 2021

# cmd: legofit -1 -d 0 -t 32 --ptsPerDim 3 --stateOut b1boot1.state --tol 3e-6 -S 5000 abcd2.lgo ../../boot/boot1.opf
# Stage nOptItr nSimReps
#     0    5000        0
# algorithm          : deterministic
# ignoring probs <=  : 0
# Branch length floor: 0
# DE strategy        : 2
#    F               : 0.3
#    CR              : 0.8
#    tolerance       : 3e-06
# nthreads           : 32
# lgo input file     : abcd2.lgo
# site pat input file: ../../boot/boot1.opf
# free parameters    : 17
# points in DE swarm : 51
# output state file  : b1boot1.state
# Including singleton site patterns.
# cost function      : KL
Initial parameter values
Fixed:
      zero = 0
       one = 1
    Tbecnw = 75200
Free:
       pc1 = 0
       pc2 = 0
       pc3 = 0
       pc4 = 0
       pc5 = 0
       pc6 = 0
       pc7 = 0
       pc8 = 0
       pc9 = 0
      pc10 = 0
      pc11 = 0
      pc12 = 0
      pc13 = 0
      pc14 = 0
      pc15 = 0
      pc16 = 0
      pc17 = 0
Constrained:
   Tgbecnw = 82992.7
     Tecnw = 23436.3
       Tnw = 17216.8
       Tec = 16076.9
     twoNb = 532035
     twoNe = 174664
     twoNc = 414014
     twoNn = 526475
    twoNec = 60780.9
    twoNnw = 23703.4
  twoNecnw = 73870.9
  twoNbecnw = 2982.25
  twoNgbecnw = 366101
         m = 0.0886802
        m2 = 0.0197186
        m3 = 0.239668
        m4 = 0.0174733
        Tb = 19756.6
        Ta = 47478.3
        Tc = 8608.39
        Td = 4304.2
DiffEv reached_goal. cost=1.61130e-03 spread=2.48324e-06
Fitted parameter values
Free:
       pc1 = -3.312
       pc2 = -3.9471
       pc3 = 0.624671
       pc4 = 1.88433
       pc5 = 1.6795
       pc6 = -1.20287
       pc7 = 0.621141
       pc8 = 1.04696
       pc9 = -1.22187
      pc10 = -1.17259
      pc11 = 0.650541
      pc12 = 0.182709
      pc13 = 0.0723439
      pc14 = -0.0964671
      pc15 = -0.0166815
      pc16 = -0.0448704
      pc17 = -0.00704406
Constrained:
   Tgbecnw = 76471.3
     Tecnw = 23890.3
       Tnw = 16802.1
       Tec = 12168.4
     twoNb = 547627
     twoNe = 128300
     twoNc = 23357.8
     twoNn = 510309
    twoNec = 98492.7
    twoNnw = 25489.9
  twoNecnw = 69383.6
  twoNbecnw = 493.756
  twoNgbecnw = 380032
         m = 0.0806363
        m2 = 0.0202531
        m3 = 0.263341
        m4 = 0.018042
        Tb = 18029.4
        Ta = 46614.7
        Tc = 8401.03
        Td = 4200.52
#       SitePat  BranchLen
              b 120851.8496585
              e 47658.9347862
              c 48857.2966357
              n 43499.4119250
              w 45671.7314054
            b:e 2109.5172547
            b:c 2437.2698833
            b:n 1590.3800694
            b:w 1734.1107427
            e:c 10095.2177724
            e:n 5628.4069227
            e:w 4661.1217786
            c:n 5156.7007044
            c:w 4617.0553551
            n:w 12191.5562992
          b:e:c 1936.1644999
          b:e:n 1033.1012013
          b:e:w 1017.6555992
          b:c:n 1017.8923292
          b:c:w 1057.5864765
          b:n:w 1895.6519718
          e:c:n 4915.8510998
          e:c:w 4168.7649723
          e:n:w 5981.3883565
          c:n:w 5507.8342828
        b:e:c:n 2002.6217776
        b:e:c:w 1916.3397341
        b:e:n:w 3265.7987852
        b:c:n:w 2704.2889108
        e:c:n:w 50179.3446009
