########################################
# legofit: estimate population history #
#            version 2.3.3             #
########################################

# Program was compiled: Sep 12 2021 17:54:39
# Program was run: Thu Sep 16 07:43:51 2021

# cmd: legofit -1 -d 0 -t 32 --ptsPerDim 3 --stateOut b1boot28.state --tol 3e-6 -S 5000 abcd2.lgo ../../boot/boot28.opf
# Stage nOptItr nSimReps
#     0    5000        0
# algorithm          : deterministic
# ignoring probs <=  : 0
# Branch length floor: 0
# DE strategy        : 2
#    F               : 0.3
#    CR              : 0.8
#    tolerance       : 3e-06
# nthreads           : 32
# lgo input file     : abcd2.lgo
# site pat input file: ../../boot/boot28.opf
# free parameters    : 17
# points in DE swarm : 51
# output state file  : b1boot28.state
# Including singleton site patterns.
# cost function      : KL
Initial parameter values
Fixed:
      zero = 0
       one = 1
    Tbecnw = 75200
Free:
       pc1 = 0
       pc2 = 0
       pc3 = 0
       pc4 = 0
       pc5 = 0
       pc6 = 0
       pc7 = 0
       pc8 = 0
       pc9 = 0
      pc10 = 0
      pc11 = 0
      pc12 = 0
      pc13 = 0
      pc14 = 0
      pc15 = 0
      pc16 = 0
      pc17 = 0
Constrained:
   Tgbecnw = 82992.7
     Tecnw = 23436.3
       Tnw = 17216.8
       Tec = 16076.9
     twoNb = 532035
     twoNe = 174664
     twoNc = 414014
     twoNn = 526475
    twoNec = 60780.9
    twoNnw = 23703.4
  twoNecnw = 73870.9
  twoNbecnw = 2982.25
  twoNgbecnw = 366101
         m = 0.0886802
        m2 = 0.0197186
        m3 = 0.239668
        m4 = 0.0174733
        Tb = 19756.6
        Ta = 47478.3
        Tc = 8608.39
        Td = 4304.2
DiffEv reached_goal. cost=1.63107e-03 spread=2.54926e-06
Fitted parameter values
Free:
       pc1 = -0.632772
       pc2 = -3.83764
       pc3 = 0.52595
       pc4 = 0.85299
       pc5 = 1.75178
       pc6 = 1.53819
       pc7 = -0.352432
       pc8 = 0.562247
       pc9 = -0.50047
      pc10 = -1.66276
      pc11 = 0.026431
      pc12 = 0.406514
      pc13 = 0.0201783
      pc14 = -0.167293
      pc15 = -0.0357885
      pc16 = -0.0200559
      pc17 = 0.00637358
Constrained:
   Tgbecnw = 76170.6
     Tecnw = 23568.5
       Tnw = 16506.3
       Tec = 14316.3
     twoNb = 523927
     twoNe = 169897
     twoNc = 1.14242e+06
     twoNn = 1.15024e+06
    twoNec = 76902.8
    twoNnw = 26134.6
  twoNecnw = 69979.3
  twoNbecnw = 374.667
  twoNgbecnw = 386958
         m = 0.0784305
        m2 = 0.0194145
        m3 = 0.25329
        m4 = 0.0175994
        Tb = 18942.4
        Ta = 47071.2
        Tc = 8253.16
        Td = 4126.58
#       SitePat  BranchLen
              b 120556.9953436
              e 47540.8454461
              c 48753.9982558
              n 43436.7870936
              w 45554.9201460
            b:e 2095.6542961
            b:c 2424.5519285
            b:n 1594.8093152
            b:w 1743.0925728
            e:c 10045.4211952
            e:n 5641.9941487
            e:w 4679.2553019
            c:n 5129.4561174
            c:w 4649.9929114
            n:w 12189.4685066
          b:e:c 1937.9922549
          b:e:n 1037.5436305
          b:e:w 1017.8123856
          b:c:n 1018.5758293
          b:c:w 1062.2890139
          b:n:w 1897.6345674
          e:c:n 4947.2808484
          e:c:w 4197.1546250
          e:n:w 5966.0713202
          c:n:w 5488.2339431
        b:e:c:n 2014.0986771
        b:e:c:w 1916.0287337
        b:e:n:w 3223.1205216
        b:c:n:w 2675.1989531
        e:c:n:w 49955.1248626
