########################################
# legofit: estimate population history #
#            version 2.3.3             #
########################################

# Program was compiled: Sep 12 2021 17:54:39
# Program was run: Thu Sep 16 02:46:19 2021

# cmd: legofit -1 -d 0 -t 32 --ptsPerDim 3 --stateOut b1boot14.state --tol 3e-6 -S 5000 abcd2.lgo ../../boot/boot14.opf
# Stage nOptItr nSimReps
#     0    5000        0
# algorithm          : deterministic
# ignoring probs <=  : 0
# Branch length floor: 0
# DE strategy        : 2
#    F               : 0.3
#    CR              : 0.8
#    tolerance       : 3e-06
# nthreads           : 32
# lgo input file     : abcd2.lgo
# site pat input file: ../../boot/boot14.opf
# free parameters    : 17
# points in DE swarm : 51
# output state file  : b1boot14.state
# Including singleton site patterns.
# cost function      : KL
Initial parameter values
Fixed:
      zero = 0
       one = 1
    Tbecnw = 75200
Free:
       pc1 = 0
       pc2 = 0
       pc3 = 0
       pc4 = 0
       pc5 = 0
       pc6 = 0
       pc7 = 0
       pc8 = 0
       pc9 = 0
      pc10 = 0
      pc11 = 0
      pc12 = 0
      pc13 = 0
      pc14 = 0
      pc15 = 0
      pc16 = 0
      pc17 = 0
Constrained:
   Tgbecnw = 82992.7
     Tecnw = 23436.3
       Tnw = 17216.8
       Tec = 16076.9
     twoNb = 532035
     twoNe = 174664
     twoNc = 414014
     twoNn = 526475
    twoNec = 60780.9
    twoNnw = 23703.4
  twoNecnw = 73870.9
  twoNbecnw = 2982.25
  twoNgbecnw = 366101
         m = 0.0886802
        m2 = 0.0197186
        m3 = 0.239668
        m4 = 0.0174733
        Tb = 19756.6
        Ta = 47478.3
        Tc = 8608.39
        Td = 4304.2
DiffEv reached_goal. cost=1.60940e-03 spread=2.46787e-06
Fitted parameter values
Free:
       pc1 = -2.99142
       pc2 = -3.51836
       pc3 = 0.0184322
       pc4 = 1.63068
       pc5 = 1.51614
       pc6 = 0.318795
       pc7 = 1.76174
       pc8 = 0.21018
       pc9 = -0.860677
      pc10 = -1.41581
      pc11 = -0.0477736
      pc12 = 0.169521
      pc13 = -0.105902
      pc14 = 0.00116625
      pc15 = -0.0188051
      pc16 = -0.0275078
      pc17 = -0.0140482
Constrained:
   Tgbecnw = 76390.8
     Tecnw = 23832.5
       Tnw = 16486.4
       Tec = 12875.4
     twoNb = 571941
     twoNe = 134088
     twoNc = 720234
     twoNn = 182480
    twoNec = 92165.4
    twoNnw = 26781.7
  twoNecnw = 69352.3
  twoNbecnw = 465.726
  twoNgbecnw = 375037
         m = 0.0824282
        m2 = 0.0199947
        m3 = 0.260745
        m4 = 0.017269
        Tb = 18354
        Ta = 46777
        Tc = 8243.19
        Td = 4121.6
#       SitePat  BranchLen
              b 121165.9438116
              e 47612.4031995
              c 48832.3135397
              n 43462.1421455
              w 45643.4886063
            b:e 2105.3751186
            b:c 2421.1204634
            b:n 1594.7669308
            b:w 1743.1385090
            e:c 10059.4849708
            e:n 5666.0052121
            e:w 4668.0506378
            c:n 5150.2243287
            c:w 4641.7583487
            n:w 12173.4229714
          b:e:c 1934.4384851
          b:e:n 1039.1629787
          b:e:w 1019.8264997
          b:c:n 1019.5091837
          b:c:w 1063.7465301
          b:n:w 1896.2704868
          e:c:n 4943.5180265
          e:c:w 4186.5085641
          e:n:w 5977.8186133
          c:n:w 5507.9374992
        b:e:c:n 2010.3294107
        b:e:c:w 1919.1405562
        b:e:n:w 3248.9223253
        b:c:n:w 2700.9545844
        e:c:n:w 50491.6615280
