########################################
# legofit: estimate population history #
#            version 2.3.3             #
########################################

# Program was compiled: Sep 12 2021 17:54:39
# Program was run: Thu Sep 16 03:06:19 2021

# cmd: legofit -1 -d 0 -t 32 --ptsPerDim 3 --stateOut b1boot16.state --tol 3e-6 -S 5000 abcd2.lgo ../../boot/boot16.opf
# Stage nOptItr nSimReps
#     0    5000        0
# algorithm          : deterministic
# ignoring probs <=  : 0
# Branch length floor: 0
# DE strategy        : 2
#    F               : 0.3
#    CR              : 0.8
#    tolerance       : 3e-06
# nthreads           : 32
# lgo input file     : abcd2.lgo
# site pat input file: ../../boot/boot16.opf
# free parameters    : 17
# points in DE swarm : 51
# output state file  : b1boot16.state
# Including singleton site patterns.
# cost function      : KL
Initial parameter values
Fixed:
      zero = 0
       one = 1
    Tbecnw = 75200
Free:
       pc1 = 0
       pc2 = 0
       pc3 = 0
       pc4 = 0
       pc5 = 0
       pc6 = 0
       pc7 = 0
       pc8 = 0
       pc9 = 0
      pc10 = 0
      pc11 = 0
      pc12 = 0
      pc13 = 0
      pc14 = 0
      pc15 = 0
      pc16 = 0
      pc17 = 0
Constrained:
   Tgbecnw = 82992.7
     Tecnw = 23436.3
       Tnw = 17216.8
       Tec = 16076.9
     twoNb = 532035
     twoNe = 174664
     twoNc = 414014
     twoNn = 526475
    twoNec = 60780.9
    twoNnw = 23703.4
  twoNecnw = 73870.9
  twoNbecnw = 2982.25
  twoNgbecnw = 366101
         m = 0.0886802
        m2 = 0.0197186
        m3 = 0.239668
        m4 = 0.0174733
        Tb = 19756.6
        Ta = 47478.3
        Tc = 8608.39
        Td = 4304.2
DiffEv reached_goal. cost=1.58625e-03 spread=2.35980e-06
Fitted parameter values
Free:
       pc1 = -3.91541
       pc2 = -3.73087
       pc3 = 0.78263
       pc4 = 1.23639
       pc5 = 1.50364
       pc6 = 0.897179
       pc7 = 0.959256
       pc8 = 1.16628
       pc9 = -0.52276
      pc10 = -1.27716
      pc11 = 0.390119
      pc12 = 0.199276
      pc13 = 0.0697366
      pc14 = -0.00508176
      pc15 = -0.000194708
      pc16 = -0.0374507
      pc17 = -0.00594943
Constrained:
   Tgbecnw = 77331
     Tecnw = 24033.6
       Tnw = 16096.6
       Tec = 12326.2
     twoNb = 579829
     twoNe = 116499
     twoNc = 638624
     twoNn = 800427
    twoNec = 98996.5
    twoNnw = 29489.8
  twoNecnw = 69013.7
  twoNbecnw = 826.695
  twoNgbecnw = 378738
         m = 0.0815681
        m2 = 0.0199778
        m3 = 0.252428
        m4 = 0.0173917
        Tb = 18179.9
        Ta = 46689.9
        Tc = 8048.32
        Td = 4024.16
#       SitePat  BranchLen
              b 121305.5191727
              e 47703.2967159
              c 48946.1189890
              n 43583.8163308
              w 45725.4863523
            b:e 2097.3263228
            b:c 2413.8650072
            b:n 1591.4227790
            b:w 1735.3625727
            e:c 10066.9969202
            e:n 5662.2422642
            e:w 4665.8920068
            c:n 5131.4090163
            c:w 4641.1055074
            n:w 12177.2630679
          b:e:c 1925.1199919
          b:e:n 1036.2722965
          b:e:w 1015.9000288
          b:c:n 1015.9300773
          b:c:w 1060.5454338
          b:n:w 1887.7516271
          e:c:n 4924.7256351
          e:c:w 4189.4047414
          e:n:w 5969.0498214
          c:n:w 5495.2779446
        b:e:c:n 1999.4102132
        b:e:c:w 1911.5320026
        b:e:n:w 3246.8706101
        b:c:n:w 2692.5979851
        e:c:n:w 50521.3867966
