########################################
# legofit: estimate population history #
#            version 2.3.3             #
########################################

# Program was compiled: Sep 12 2021 17:54:39
# Program was run: Wed Sep 15 16:24:24 2021

# cmd: legofit -1 -d 0 -t 32 --ptsPerDim 3 --stateOut b1boot10.state --tol 3e-6 -S 5000 abcd2.lgo ../../boot/boot10.opf
# Stage nOptItr nSimReps
#     0    5000        0
# algorithm          : deterministic
# ignoring probs <=  : 0
# Branch length floor: 0
# DE strategy        : 2
#    F               : 0.3
#    CR              : 0.8
#    tolerance       : 3e-06
# nthreads           : 32
# lgo input file     : abcd2.lgo
# site pat input file: ../../boot/boot10.opf
# free parameters    : 17
# points in DE swarm : 51
# output state file  : b1boot10.state
# Including singleton site patterns.
# cost function      : KL
Initial parameter values
Fixed:
      zero = 0
       one = 1
    Tbecnw = 75200
Free:
       pc1 = 0
       pc2 = 0
       pc3 = 0
       pc4 = 0
       pc5 = 0
       pc6 = 0
       pc7 = 0
       pc8 = 0
       pc9 = 0
      pc10 = 0
      pc11 = 0
      pc12 = 0
      pc13 = 0
      pc14 = 0
      pc15 = 0
      pc16 = 0
      pc17 = 0
Constrained:
   Tgbecnw = 82992.7
     Tecnw = 23436.3
       Tnw = 17216.8
       Tec = 16076.9
     twoNb = 532035
     twoNe = 174664
     twoNc = 414014
     twoNn = 526475
    twoNec = 60780.9
    twoNnw = 23703.4
  twoNecnw = 73870.9
  twoNbecnw = 2982.25
  twoNgbecnw = 366101
         m = 0.0886802
        m2 = 0.0197186
        m3 = 0.239668
        m4 = 0.0174733
        Tb = 19756.6
        Ta = 47478.3
        Tc = 8608.39
        Td = 4304.2
DiffEv reached_goal. cost=1.62720e-03 spread=2.87892e-06
Fitted parameter values
Free:
       pc1 = -2.69318
       pc2 = -3.91639
       pc3 = 1.61722
       pc4 = 0.52632
       pc5 = 1.58293
       pc6 = 0.266514
       pc7 = -0.819423
       pc8 = 1.85555
       pc9 = -1.65446
      pc10 = -1.46541
      pc11 = 0.67005
      pc12 = 0.358165
      pc13 = 0.165596
      pc14 = 0.0817011
      pc15 = -0.0254043
      pc16 = -0.0288144
      pc17 = -0.0124912
Constrained:
   Tgbecnw = 76464
     Tecnw = 23841.9
       Tnw = 16219.2
       Tec = 12626
     twoNb = 498267
     twoNe = 127469
     twoNc = 438261
     twoNn = 1.44899e+06
    twoNec = 94184.4
    twoNnw = 28320.1
  twoNecnw = 69365.7
  twoNbecnw = 491.39
  twoNgbecnw = 379339
         m = 0.0821395
        m2 = 0.0199114
        m3 = 0.250594
        m4 = 0.0182465
        Tb = 18234
        Ta = 46717
        Tc = 8109.62
        Td = 4054.81
#       SitePat  BranchLen
              b 121309.8159890
              e 47611.0501933
              c 48858.6134186
              n 43508.6388370
              w 45627.2881806
            b:e 2110.1015646
            b:c 2460.7576539
            b:n 1594.3063978
            b:w 1734.2886896
            e:c 10078.4003861
            e:n 5645.2317463
            e:w 4671.5898249
            c:n 5125.7411015
            c:w 4636.3715664
            n:w 12198.1637139
          b:e:c 1933.4779449
          b:e:n 1035.4597998
          b:e:w 1015.8353093
          b:c:n 1017.3610839
          b:c:w 1060.3066021
          b:n:w 1891.5623559
          e:c:n 4919.6410164
          e:c:w 4189.9348776
          e:n:w 5994.5556774
          c:n:w 5496.9293677
        b:e:c:n 2003.3774166
        b:e:c:w 1914.1423820
        b:e:n:w 3264.0865129
        b:c:n:w 2691.8297232
        e:c:n:w 50649.8250259
