########################################
# legofit: estimate population history #
#            version 2.3.3             #
########################################

# Program was compiled: Sep 12 2021 17:54:39
# Program was run: Thu Sep 16 09:57:13 2021

# cmd: legofit -1 -d 0 -t 32 --ptsPerDim 3 --stateOut b1boot42.state --tol 3e-6 -S 5000 abcd2.lgo ../../boot/boot42.opf
# Stage nOptItr nSimReps
#     0    5000        0
# algorithm          : deterministic
# ignoring probs <=  : 0
# Branch length floor: 0
# DE strategy        : 2
#    F               : 0.3
#    CR              : 0.8
#    tolerance       : 3e-06
# nthreads           : 32
# lgo input file     : abcd2.lgo
# site pat input file: ../../boot/boot42.opf
# free parameters    : 17
# points in DE swarm : 51
# output state file  : b1boot42.state
# Including singleton site patterns.
# cost function      : KL
Initial parameter values
Fixed:
      zero = 0
       one = 1
    Tbecnw = 75200
Free:
       pc1 = 0
       pc2 = 0
       pc3 = 0
       pc4 = 0
       pc5 = 0
       pc6 = 0
       pc7 = 0
       pc8 = 0
       pc9 = 0
      pc10 = 0
      pc11 = 0
      pc12 = 0
      pc13 = 0
      pc14 = 0
      pc15 = 0
      pc16 = 0
      pc17 = 0
Constrained:
   Tgbecnw = 82992.7
     Tecnw = 23436.3
       Tnw = 17216.8
       Tec = 16076.9
     twoNb = 532035
     twoNe = 174664
     twoNc = 414014
     twoNn = 526475
    twoNec = 60780.9
    twoNnw = 23703.4
  twoNecnw = 73870.9
  twoNbecnw = 2982.25
  twoNgbecnw = 366101
         m = 0.0886802
        m2 = 0.0197186
        m3 = 0.239668
        m4 = 0.0174733
        Tb = 19756.6
        Ta = 47478.3
        Tc = 8608.39
        Td = 4304.2
DiffEv reached_goal. cost=1.62098e-03 spread=2.91113e-06
Fitted parameter values
Free:
       pc1 = -2.66893
       pc2 = -2.33984
       pc3 = 0.74084
       pc4 = 1.78693
       pc5 = 1.78445
       pc6 = 0.0703943
       pc7 = 0.626937
       pc8 = 0.910431
       pc9 = -1.60638
      pc10 = -1.55119
      pc11 = -0.0113982
      pc12 = 0.0431827
      pc13 = -0.0873708
      pc14 = -0.0153853
      pc15 = -0.0433272
      pc16 = -0.000221947
      pc17 = -0.00674114
Constrained:
   Tgbecnw = 78355.2
     Tecnw = 23891.3
       Tnw = 17358.6
       Tec = 12958.8
     twoNb = 531733
     twoNe = 122259
     twoNc = 655400
     twoNn = 605977
    twoNec = 91166.5
    twoNnw = 23576.4
  twoNecnw = 69993.1
  twoNbecnw = 1229.15
  twoNgbecnw = 366918
         m = 0.0847462
        m2 = 0.019672
        m3 = 0.26115
        m4 = 0.0177896
        Tb = 18425
        Ta = 46812.5
        Tc = 8679.28
        Td = 4339.64
#       SitePat  BranchLen
              b 121354.3716565
              e 47750.5754848
              c 48992.3523420
              n 43645.2531940
              w 45862.5057036
            b:e 2088.1055202
            b:c 2420.5392365
            b:n 1577.1859083
            b:w 1725.3682966
            e:c 10109.1706662
            e:n 5674.3061019
            e:w 4662.6195522
            c:n 5149.4159651
            c:w 4633.8151843
            n:w 12178.7500117
          b:e:c 1919.9688181
          b:e:n 1026.3773204
          b:e:w 1006.7326311
          b:c:n 1006.8118160
          b:c:w 1051.0150748
          b:n:w 1881.3133353
          e:c:n 4939.6570368
          e:c:w 4171.0971809
          e:n:w 5982.8267089
          c:n:w 5497.6822866
        b:e:c:n 1988.7204346
        b:e:c:w 1894.5741901
        b:e:n:w 3226.5203308
        b:c:n:w 2666.4316289
        e:c:n:w 50392.7844877
