########################################
# legofit: estimate population history #
#            version 2.3.3             #
########################################

# Program was compiled: Sep 12 2021 17:54:39
# Program was run: Thu Sep 16 06:01:34 2021

# cmd: legofit -1 -d 0 -t 32 --ptsPerDim 3 --stateOut b1boot23.state --tol 3e-6 -S 5000 abcd2.lgo ../../boot/boot23.opf
# Stage nOptItr nSimReps
#     0    5000        0
# algorithm          : deterministic
# ignoring probs <=  : 0
# Branch length floor: 0
# DE strategy        : 2
#    F               : 0.3
#    CR              : 0.8
#    tolerance       : 3e-06
# nthreads           : 32
# lgo input file     : abcd2.lgo
# site pat input file: ../../boot/boot23.opf
# free parameters    : 17
# points in DE swarm : 51
# output state file  : b1boot23.state
# Including singleton site patterns.
# cost function      : KL
Initial parameter values
Fixed:
      zero = 0
       one = 1
    Tbecnw = 75200
Free:
       pc1 = 0
       pc2 = 0
       pc3 = 0
       pc4 = 0
       pc5 = 0
       pc6 = 0
       pc7 = 0
       pc8 = 0
       pc9 = 0
      pc10 = 0
      pc11 = 0
      pc12 = 0
      pc13 = 0
      pc14 = 0
      pc15 = 0
      pc16 = 0
      pc17 = 0
Constrained:
   Tgbecnw = 82992.7
     Tecnw = 23436.3
       Tnw = 17216.8
       Tec = 16076.9
     twoNb = 532035
     twoNe = 174664
     twoNc = 414014
     twoNn = 526475
    twoNec = 60780.9
    twoNnw = 23703.4
  twoNecnw = 73870.9
  twoNbecnw = 2982.25
  twoNgbecnw = 366101
         m = 0.0886802
        m2 = 0.0197186
        m3 = 0.239668
        m4 = 0.0174733
        Tb = 19756.6
        Ta = 47478.3
        Tc = 8608.39
        Td = 4304.2
DiffEv reached_goal. cost=1.61222e-03 spread=2.94922e-06
Fitted parameter values
Free:
       pc1 = -2.40371
       pc2 = -3.88576
       pc3 = 0.425566
       pc4 = 1.31252
       pc5 = 1.29512
       pc6 = 0.127886
       pc7 = 0.923428
       pc8 = 1.04158
       pc9 = -0.240791
      pc10 = -0.183895
      pc11 = 0.257296
      pc12 = 0.201129
      pc13 = 0.129385
      pc14 = -0.139739
      pc15 = -0.0202186
      pc16 = -0.0467681
      pc17 = -0.00895672
Constrained:
   Tgbecnw = 76684.2
     Tecnw = 23813.5
       Tnw = 16714.4
       Tec = 13578.9
     twoNb = 578166
     twoNe = 136767
     twoNc = 366029
     twoNn = 612308
    twoNec = 85282.4
    twoNnw = 26069.3
  twoNecnw = 69549.3
  twoNbecnw = 572.968
  twoNgbecnw = 384975
         m = 0.0794436
        m2 = 0.0203912
        m3 = 0.248694
        m4 = 0.0175825
        Tb = 18696.2
        Ta = 46948.1
        Tc = 8357.18
        Td = 4178.59
#       SitePat  BranchLen
              b 120870.5484729
              e 47692.7523013
              c 48941.3726185
              n 43516.3480844
              w 45623.5945808
            b:e 2100.7457255
            b:c 2418.8086581
            b:n 1588.2619402
            b:w 1733.5292630
            e:c 10069.6705147
            e:n 5631.6569216
            e:w 4651.3494366
            c:n 5098.2819021
            c:w 4627.6793297
            n:w 12232.2514660
          b:e:c 1939.6304245
          b:e:n 1033.9936613
          b:e:w 1013.0472038
          b:c:n 1013.1263931
          b:c:w 1058.8038593
          b:n:w 1901.1059847
          e:c:n 4914.2106389
          e:c:w 4177.1727798
          e:n:w 5977.6780405
          c:n:w 5500.2635096
        b:e:c:n 2000.9576360
        b:e:c:w 1911.6607565
        b:e:n:w 3263.5030388
        b:c:n:w 2706.3899576
        e:c:n:w 50176.0841330
