########################################
# legofit: estimate population history #
#            version 2.3.3             #
########################################

# Program was compiled: Sep 12 2021 17:54:39
# Program was run: Wed Sep 15 10:55:44 2021

# cmd: legofit -1 -d 0 -t 32 --ptsPerDim 3 --stateOut b1boot4.state --tol 3e-6 -S 5000 abcd2.lgo ../../boot/boot4.opf
# Stage nOptItr nSimReps
#     0    5000        0
# algorithm          : deterministic
# ignoring probs <=  : 0
# Branch length floor: 0
# DE strategy        : 2
#    F               : 0.3
#    CR              : 0.8
#    tolerance       : 3e-06
# nthreads           : 32
# lgo input file     : abcd2.lgo
# site pat input file: ../../boot/boot4.opf
# free parameters    : 17
# points in DE swarm : 51
# output state file  : b1boot4.state
# Including singleton site patterns.
# cost function      : KL
Initial parameter values
Fixed:
      zero = 0
       one = 1
    Tbecnw = 75200
Free:
       pc1 = 0
       pc2 = 0
       pc3 = 0
       pc4 = 0
       pc5 = 0
       pc6 = 0
       pc7 = 0
       pc8 = 0
       pc9 = 0
      pc10 = 0
      pc11 = 0
      pc12 = 0
      pc13 = 0
      pc14 = 0
      pc15 = 0
      pc16 = 0
      pc17 = 0
Constrained:
   Tgbecnw = 82992.7
     Tecnw = 23436.3
       Tnw = 17216.8
       Tec = 16076.9
     twoNb = 532035
     twoNe = 174664
     twoNc = 414014
     twoNn = 526475
    twoNec = 60780.9
    twoNnw = 23703.4
  twoNecnw = 73870.9
  twoNbecnw = 2982.25
  twoNgbecnw = 366101
         m = 0.0886802
        m2 = 0.0197186
        m3 = 0.239668
        m4 = 0.0174733
        Tb = 19756.6
        Ta = 47478.3
        Tc = 8608.39
        Td = 4304.2
DiffEv reached_goal. cost=1.62913e-03 spread=2.88583e-06
Fitted parameter values
Free:
       pc1 = -2.8912
       pc2 = -3.8163
       pc3 = 0.235578
       pc4 = 1.60765
       pc5 = 1.79052
       pc6 = -0.072951
       pc7 = 0.41468
       pc8 = -0.431269
       pc9 = -0.822047
      pc10 = -0.891463
      pc11 = -0.430976
      pc12 = 0.0254124
      pc13 = 0.210122
      pc14 = 0.0137709
      pc15 = -0.0518434
      pc16 = 0.0175068
      pc17 = -0.00413973
Constrained:
   Tgbecnw = 77025.6
     Tecnw = 23987.7
       Tnw = 16378.5
       Tec = 13278.2
     twoNb = 571628
     twoNe = 152188
     twoNc = 703261
     twoNn = 199313
    twoNec = 88431.9
    twoNnw = 28087.8
  twoNecnw = 69314.6
  twoNbecnw = 705.046
  twoNgbecnw = 382022
         m = 0.0812843
        m2 = 0.0198582
        m3 = 0.259474
        m4 = 0.0181248
        Tb = 18632.9
        Ta = 46916.5
        Tc = 8189.27
        Td = 4094.63
#       SitePat  BranchLen
              b 121297.8170974
              e 47681.9362525
              c 48930.9713806
              n 43619.4740640
              w 45802.8284607
            b:e 2083.1725313
            b:c 2410.9159531
            b:n 1587.5122028
            b:w 1737.0838396
            e:c 10065.3758827
            e:n 5646.2750054
            e:w 4658.4556302
            c:n 5138.2515893
            c:w 4622.6682263
            n:w 12132.9101296
          b:e:c 1921.3234613
          b:e:n 1031.3919593
          b:e:w 1013.4374822
          b:c:n 1013.3324835
          b:c:w 1056.3984767
          b:n:w 1884.7260679
          e:c:n 4945.8251367
          e:c:w 4183.1548643
          e:n:w 5945.0929051
          c:n:w 5462.2123935
        b:e:c:n 2003.0549366
        b:e:c:w 1911.0904317
        b:e:n:w 3254.5165473
        b:c:n:w 2679.5277010
        e:c:n:w 50541.1983943
