########################################
# legofit: estimate population history #
#            version 2.3.3             #
########################################

# Program was compiled: Sep 12 2021 17:54:39
# Program was run: Wed Sep 15 15:07:55 2021

# cmd: legofit -1 -d 0 -t 32 --ptsPerDim 3 --stateOut b1boot7.state --tol 3e-6 -S 5000 abcd2.lgo ../../boot/boot7.opf
# Stage nOptItr nSimReps
#     0    5000        0
# algorithm          : deterministic
# ignoring probs <=  : 0
# Branch length floor: 0
# DE strategy        : 2
#    F               : 0.3
#    CR              : 0.8
#    tolerance       : 3e-06
# nthreads           : 32
# lgo input file     : abcd2.lgo
# site pat input file: ../../boot/boot7.opf
# free parameters    : 17
# points in DE swarm : 51
# output state file  : b1boot7.state
# Including singleton site patterns.
# cost function      : KL
Initial parameter values
Fixed:
      zero = 0
       one = 1
    Tbecnw = 75200
Free:
       pc1 = 0
       pc2 = 0
       pc3 = 0
       pc4 = 0
       pc5 = 0
       pc6 = 0
       pc7 = 0
       pc8 = 0
       pc9 = 0
      pc10 = 0
      pc11 = 0
      pc12 = 0
      pc13 = 0
      pc14 = 0
      pc15 = 0
      pc16 = 0
      pc17 = 0
Constrained:
   Tgbecnw = 82992.7
     Tecnw = 23436.3
       Tnw = 17216.8
       Tec = 16076.9
     twoNb = 532035
     twoNe = 174664
     twoNc = 414014
     twoNn = 526475
    twoNec = 60780.9
    twoNnw = 23703.4
  twoNecnw = 73870.9
  twoNbecnw = 2982.25
  twoNgbecnw = 366101
         m = 0.0886802
        m2 = 0.0197186
        m3 = 0.239668
        m4 = 0.0174733
        Tb = 19756.6
        Ta = 47478.3
        Tc = 8608.39
        Td = 4304.2
DiffEv reached_goal. cost=1.61964e-03 spread=2.53251e-06
Fitted parameter values
Free:
       pc1 = -3.54605
       pc2 = -3.82598
       pc3 = 0.633935
       pc4 = 1.61138
       pc5 = 1.24861
       pc6 = -0.666107
       pc7 = 0.546547
       pc8 = 0.283567
       pc9 = -0.274504
      pc10 = -1.18281
      pc11 = -0.154885
      pc12 = 0.208759
      pc13 = -0.0507849
      pc14 = 0.0557457
      pc15 = -0.0358439
      pc16 = 0.00789434
      pc17 = 0.00681842
Constrained:
   Tgbecnw = 77826.9
     Tecnw = 23953.1
       Tnw = 16163.7
       Tec = 12689.4
     twoNb = 574508
     twoNe = 139242
     twoNc = 166085
     twoNn = 298192
    twoNec = 94244.5
    twoNnw = 28952.8
  twoNecnw = 68979.5
  twoNbecnw = 1015.1
  twoNgbecnw = 381845
         m = 0.0808692
        m2 = 0.019695
        m3 = 0.257086
        m4 = 0.0178865
        Tb = 18321.3
        Ta = 46760.6
        Tc = 8081.87
        Td = 4040.94
#       SitePat  BranchLen
              b 121452.7417681
              e 47633.6840980
              c 48869.6147011
              n 43571.8182078
              w 45726.0982538
            b:e 2093.1890880
            b:c 2417.1916620
            b:n 1595.3155490
            b:w 1741.7867303
            e:c 10081.0943039
            e:n 5658.8156510
            e:w 4682.3056278
            c:n 5156.7741175
            c:w 4646.2495938
            n:w 12147.6391520
          b:e:c 1924.3006405
          b:e:n 1035.9398005
          b:e:w 1018.0620697
          b:c:n 1018.1800511
          b:c:w 1060.2828870
          b:n:w 1887.5392650
          e:c:n 4957.9968541
          e:c:w 4210.0499125
          e:n:w 5976.8017797
          c:n:w 5497.6950107
        b:e:c:n 2004.9022180
        b:e:c:w 1914.9074069
        b:e:n:w 3249.8219038
        b:c:n:w 2682.6318884
        e:c:n:w 50654.9218181
