########################################
# legofit: estimate population history #
#            version 2.3.3             #
########################################

# Program was compiled: Sep 12 2021 17:54:39
# Program was run: Thu Sep 16 09:51:35 2021

# cmd: legofit -1 -d 0 -t 32 --ptsPerDim 3 --stateOut b1boot40.state --tol 3e-6 -S 5000 abcd2.lgo ../../boot/boot40.opf
# Stage nOptItr nSimReps
#     0    5000        0
# algorithm          : deterministic
# ignoring probs <=  : 0
# Branch length floor: 0
# DE strategy        : 2
#    F               : 0.3
#    CR              : 0.8
#    tolerance       : 3e-06
# nthreads           : 32
# lgo input file     : abcd2.lgo
# site pat input file: ../../boot/boot40.opf
# free parameters    : 17
# points in DE swarm : 51
# output state file  : b1boot40.state
# Including singleton site patterns.
# cost function      : KL
Initial parameter values
Fixed:
      zero = 0
       one = 1
    Tbecnw = 75200
Free:
       pc1 = 0
       pc2 = 0
       pc3 = 0
       pc4 = 0
       pc5 = 0
       pc6 = 0
       pc7 = 0
       pc8 = 0
       pc9 = 0
      pc10 = 0
      pc11 = 0
      pc12 = 0
      pc13 = 0
      pc14 = 0
      pc15 = 0
      pc16 = 0
      pc17 = 0
Constrained:
   Tgbecnw = 82992.7
     Tecnw = 23436.3
       Tnw = 17216.8
       Tec = 16076.9
     twoNb = 532035
     twoNe = 174664
     twoNc = 414014
     twoNn = 526475
    twoNec = 60780.9
    twoNnw = 23703.4
  twoNecnw = 73870.9
  twoNbecnw = 2982.25
  twoNgbecnw = 366101
         m = 0.0886802
        m2 = 0.0197186
        m3 = 0.239668
        m4 = 0.0174733
        Tb = 19756.6
        Ta = 47478.3
        Tc = 8608.39
        Td = 4304.2
DiffEv reached_goal. cost=1.62987e-03 spread=2.84281e-06
Fitted parameter values
Free:
       pc1 = -2.49833
       pc2 = -2.76077
       pc3 = 0.687685
       pc4 = 1.75295
       pc5 = 1.56398
       pc6 = 0.294864
       pc7 = 1.44043
       pc8 = -0.0280561
       pc9 = -0.63364
      pc10 = -0.72955
      pc11 = -0.40358
      pc12 = -0.181281
      pc13 = 0.163095
      pc14 = -0.018117
      pc15 = 0.0114196
      pc16 = 0.00967843
      pc17 = -0.00830108
Constrained:
   Tgbecnw = 77090.3
     Tecnw = 23880.1
       Tnw = 17142.7
       Tec = 13641.5
     twoNb = 586031
     twoNe = 130210
     twoNc = 726141
     twoNn = 169756
    twoNec = 85682.4
    twoNnw = 24967.3
  twoNecnw = 70157.5
  twoNbecnw = 735.618
  twoNgbecnw = 374346
         m = 0.0836643
        m2 = 0.0196713
        m3 = 0.253574
        m4 = 0.0176457
        Tb = 18760.8
        Ta = 46980.4
        Tc = 8571.37
        Td = 4285.69
#       SitePat  BranchLen
              b 121462.7307593
              e 47809.0670974
              c 49084.2262210
              n 43743.6112795
              w 45906.2223774
            b:e 2092.7109239
            b:c 2413.4525863
            b:n 1592.8515769
            b:w 1743.1792568
            e:c 10057.9301381
            e:n 5680.3152406
            e:w 4671.0966502
            c:n 5130.0883956
            c:w 4650.6581843
            n:w 12131.7007414
          b:e:c 1932.6028811
          b:e:n 1039.8233859
          b:e:w 1017.9372430
          b:c:n 1017.6471392
          b:c:w 1064.9076804
          b:n:w 1895.8795582
          e:c:n 4936.5728499
          e:c:w 4181.4620708
          e:n:w 5957.9186052
          c:n:w 5475.2853103
        b:e:c:n 2012.1254248
        b:e:c:w 1917.5718644
        b:e:n:w 3260.7114527
        b:c:n:w 2693.3149690
        e:c:n:w 50589.6011331
