########################################
# legofit: estimate population history #
#            version 2.3.3             #
########################################

# Program was compiled: Sep 12 2021 17:54:39
# Program was run: Thu Sep 16 05:51:37 2021

# cmd: legofit -1 -d 0 -t 32 --ptsPerDim 3 --stateOut b1boot22.state --tol 3e-6 -S 5000 abcd2.lgo ../../boot/boot22.opf
# Stage nOptItr nSimReps
#     0    5000        0
# algorithm          : deterministic
# ignoring probs <=  : 0
# Branch length floor: 0
# DE strategy        : 2
#    F               : 0.3
#    CR              : 0.8
#    tolerance       : 3e-06
# nthreads           : 32
# lgo input file     : abcd2.lgo
# site pat input file: ../../boot/boot22.opf
# free parameters    : 17
# points in DE swarm : 51
# output state file  : b1boot22.state
# Including singleton site patterns.
# cost function      : KL
Initial parameter values
Fixed:
      zero = 0
       one = 1
    Tbecnw = 75200
Free:
       pc1 = 0
       pc2 = 0
       pc3 = 0
       pc4 = 0
       pc5 = 0
       pc6 = 0
       pc7 = 0
       pc8 = 0
       pc9 = 0
      pc10 = 0
      pc11 = 0
      pc12 = 0
      pc13 = 0
      pc14 = 0
      pc15 = 0
      pc16 = 0
      pc17 = 0
Constrained:
   Tgbecnw = 82992.7
     Tecnw = 23436.3
       Tnw = 17216.8
       Tec = 16076.9
     twoNb = 532035
     twoNe = 174664
     twoNc = 414014
     twoNn = 526475
    twoNec = 60780.9
    twoNnw = 23703.4
  twoNecnw = 73870.9
  twoNbecnw = 2982.25
  twoNgbecnw = 366101
         m = 0.0886802
        m2 = 0.0197186
        m3 = 0.239668
        m4 = 0.0174733
        Tb = 19756.6
        Ta = 47478.3
        Tc = 8608.39
        Td = 4304.2
DiffEv reached_goal. cost=1.62440e-03 spread=2.70911e-06
Fitted parameter values
Free:
       pc1 = -2.33615
       pc2 = -3.90276
       pc3 = 0.629431
       pc4 = 1.22492
       pc5 = 0.930412
       pc6 = 0.287925
       pc7 = 0.759716
       pc8 = 0.581719
       pc9 = -0.60955
      pc10 = -1.09181
      pc11 = 0.448467
      pc12 = 0.228031
      pc13 = 0.124609
      pc14 = 0.0104915
      pc15 = -0.0399109
      pc16 = 0.00355809
      pc17 = -0.000220797
Constrained:
   Tgbecnw = 76358
     Tecnw = 23716.2
       Tnw = 16295.4
       Tec = 13113.6
     twoNb = 547264
     twoNe = 139317
     twoNc = 507539
     twoNn = 564713
    twoNec = 88459.9
    twoNnw = 27739
  twoNecnw = 70010.7
  twoNbecnw = 447.483
  twoNgbecnw = 386539
         m = 0.0804046
        m2 = 0.0199549
        m3 = 0.251033
        m4 = 0.0175428
        Tb = 18414.9
        Ta = 46807.4
        Tc = 8147.7
        Td = 4073.85
#       SitePat  BranchLen
              b 121283.5143478
              e 47645.1369864
              c 48871.8353096
              n 43568.9894718
              w 45694.1111984
            b:e 2111.6158399
            b:c 2436.3622456
            b:n 1606.1423183
            b:w 1751.7137037
            e:c 10101.9905353
            e:n 5660.8181225
            e:w 4686.1058453
            c:n 5145.9579076
            c:w 4656.6889814
            n:w 12194.5499650
          b:e:c 1945.8043755
          b:e:n 1044.4820507
          b:e:w 1025.0337910
          b:c:n 1025.3754808
          b:c:w 1069.2953400
          b:n:w 1906.8011415
          e:c:n 4943.6213719
          e:c:w 4203.7834829
          e:n:w 5967.6486262
          c:n:w 5492.7224919
        b:e:c:n 2024.5860707
        b:e:c:w 1933.2404837
        b:e:n:w 3269.5692560
        b:c:n:w 2712.1726578
        e:c:n:w 50582.2725047
