########################################
# legofit: estimate population history #
#            version 2.3.3             #
########################################

# Program was compiled: Sep 12 2021 17:54:39
# Program was run: Thu Sep 16 09:43:26 2021

# cmd: legofit -1 -d 0 -t 32 --ptsPerDim 3 --stateOut b1boot37.state --tol 3e-6 -S 5000 abcd2.lgo ../../boot/boot37.opf
# Stage nOptItr nSimReps
#     0    5000        0
# algorithm          : deterministic
# ignoring probs <=  : 0
# Branch length floor: 0
# DE strategy        : 2
#    F               : 0.3
#    CR              : 0.8
#    tolerance       : 3e-06
# nthreads           : 32
# lgo input file     : abcd2.lgo
# site pat input file: ../../boot/boot37.opf
# free parameters    : 17
# points in DE swarm : 51
# output state file  : b1boot37.state
# Including singleton site patterns.
# cost function      : KL
Initial parameter values
Fixed:
      zero = 0
       one = 1
    Tbecnw = 75200
Free:
       pc1 = 0
       pc2 = 0
       pc3 = 0
       pc4 = 0
       pc5 = 0
       pc6 = 0
       pc7 = 0
       pc8 = 0
       pc9 = 0
      pc10 = 0
      pc11 = 0
      pc12 = 0
      pc13 = 0
      pc14 = 0
      pc15 = 0
      pc16 = 0
      pc17 = 0
Constrained:
   Tgbecnw = 82992.7
     Tecnw = 23436.3
       Tnw = 17216.8
       Tec = 16076.9
     twoNb = 532035
     twoNe = 174664
     twoNc = 414014
     twoNn = 526475
    twoNec = 60780.9
    twoNnw = 23703.4
  twoNecnw = 73870.9
  twoNbecnw = 2982.25
  twoNgbecnw = 366101
         m = 0.0886802
        m2 = 0.0197186
        m3 = 0.239668
        m4 = 0.0174733
        Tb = 19756.6
        Ta = 47478.3
        Tc = 8608.39
        Td = 4304.2
DiffEv reached_goal. cost=1.63124e-03 spread=2.95367e-06
Fitted parameter values
Free:
       pc1 = -2.03777
       pc2 = -3.86146
       pc3 = -0.571394
       pc4 = 1.2137
       pc5 = 1.84964
       pc6 = -0.441518
       pc7 = 1.62631
       pc8 = 0.889168
       pc9 = 1.49336
      pc10 = -1.673
      pc11 = 0.0849443
      pc12 = 0.185504
      pc13 = 0.23265
      pc14 = 0.0799576
      pc15 = -0.053336
      pc16 = -0.0304361
      pc17 = 0.00128973
Constrained:
   Tgbecnw = 76033.2
     Tecnw = 23806.6
       Tnw = 16523.3
       Tec = 13852.9
     twoNb = 619850
     twoNe = 172856
     twoNc = 40682.8
     twoNn = 601976
    twoNec = 82435.5
    twoNnw = 26356.9
  twoNecnw = 69474.2
  twoNbecnw = 320.494
  twoNgbecnw = 388501
         m = 0.0801328
        m2 = 0.0197346
        m3 = 0.264963
        m4 = 0.0167427
        Tb = 18829.8
        Ta = 47014.9
        Tc = 8261.63
        Td = 4130.82
#       SitePat  BranchLen
              b 121245.9851247
              e 47588.2501302
              c 48772.4054920
              n 43435.7952957
              w 45625.5956658
            b:e 2073.5054612
            b:c 2368.0193664
            b:n 1578.7979826
            b:w 1732.2050025
            e:c 10032.5621291
            e:n 5628.4083153
            e:w 4645.5719323
            c:n 5139.5738464
            c:w 4618.6508992
            n:w 12146.2743086
          b:e:c 1918.3221279
          b:e:n 1027.7835521
          b:e:w 1010.7375404
          b:c:n 1009.2112570
          b:c:w 1052.2303920
          b:n:w 1883.7250801
          e:c:n 4941.7399247
          e:c:w 4167.9275617
          e:n:w 5916.4521226
          c:n:w 5469.1812382
        b:e:c:n 1997.3649843
        b:e:c:w 1905.7561976
        b:e:n:w 3218.6376995
        b:c:n:w 2680.0741638
        e:c:n:w 50629.3364883
