########################################
# legofit: estimate population history #
#            version 2.3.3             #
########################################

# Program was compiled: Sep 12 2021 17:54:39
# Program was run: Thu Sep 16 04:41:14 2021

# cmd: legofit -1 -d 0 -t 32 --ptsPerDim 3 --stateOut b1boot19.state --tol 3e-6 -S 5000 abcd2.lgo ../../boot/boot19.opf
# Stage nOptItr nSimReps
#     0    5000        0
# algorithm          : deterministic
# ignoring probs <=  : 0
# Branch length floor: 0
# DE strategy        : 2
#    F               : 0.3
#    CR              : 0.8
#    tolerance       : 3e-06
# nthreads           : 32
# lgo input file     : abcd2.lgo
# site pat input file: ../../boot/boot19.opf
# free parameters    : 17
# points in DE swarm : 51
# output state file  : b1boot19.state
# Including singleton site patterns.
# cost function      : KL
Initial parameter values
Fixed:
      zero = 0
       one = 1
    Tbecnw = 75200
Free:
       pc1 = 0
       pc2 = 0
       pc3 = 0
       pc4 = 0
       pc5 = 0
       pc6 = 0
       pc7 = 0
       pc8 = 0
       pc9 = 0
      pc10 = 0
      pc11 = 0
      pc12 = 0
      pc13 = 0
      pc14 = 0
      pc15 = 0
      pc16 = 0
      pc17 = 0
Constrained:
   Tgbecnw = 82992.7
     Tecnw = 23436.3
       Tnw = 17216.8
       Tec = 16076.9
     twoNb = 532035
     twoNe = 174664
     twoNc = 414014
     twoNn = 526475
    twoNec = 60780.9
    twoNnw = 23703.4
  twoNecnw = 73870.9
  twoNbecnw = 2982.25
  twoNgbecnw = 366101
         m = 0.0886802
        m2 = 0.0197186
        m3 = 0.239668
        m4 = 0.0174733
        Tb = 19756.6
        Ta = 47478.3
        Tc = 8608.39
        Td = 4304.2
DiffEv reached_goal. cost=1.62622e-03 spread=2.31449e-06
Fitted parameter values
Free:
       pc1 = -2.07564
       pc2 = -3.07552
       pc3 = 1.07807
       pc4 = 1.71955
       pc5 = 1.57133
       pc6 = -0.0295066
       pc7 = 0.961058
       pc8 = 1.66709
       pc9 = 0.269002
      pc10 = -0.974211
      pc11 = 0.451938
      pc12 = 0.0150415
      pc13 = 0.119504
      pc14 = 0.0019106
      pc15 = -0.0734738
      pc16 = -0.0374149
      pc17 = -0.00588682
Constrained:
   Tgbecnw = 77155.2
     Tecnw = 23762.1
       Tnw = 17415.2
       Tec = 13460.8
     twoNb = 582224
     twoNe = 125602
     twoNc = 163435
     twoNn = 913490
    twoNec = 85418.2
    twoNnw = 22859.4
  twoNecnw = 70078.3
  twoNbecnw = 752.863
  twoNgbecnw = 383937
         m = 0.0808414
        m2 = 0.019652
        m3 = 0.252543
        m4 = 0.017368
        Tb = 18611.5
        Ta = 46905.7
        Tc = 8707.6
        Td = 4353.8
#       SitePat  BranchLen
              b 121278.1057566
              e 47687.0146814
              c 48933.4044645
              n 43523.4911368
              w 45684.3541005
            b:e 2090.1182676
            b:c 2404.0436787
            b:n 1579.5641285
            b:w 1729.6940507
            e:c 10122.9059182
            e:n 5641.0377010
            e:w 4642.7369910
            c:n 5107.5040697
            c:w 4621.4153714
            n:w 12247.1294363
          b:e:c 1939.5315240
          b:e:n 1029.1822866
          b:e:w 1008.3758273
          b:c:n 1007.9688551
          b:c:w 1053.9079434
          b:n:w 1901.6923349
          e:c:n 4920.9668847
          e:c:w 4163.9777343
          e:n:w 5973.5322258
          c:n:w 5500.2063610
        b:e:c:n 1995.7859629
        b:e:c:w 1901.0390391
        b:e:n:w 3244.5966218
        b:c:n:w 2688.1437550
        e:c:n:w 50490.9486067
