########################################
# legofit: estimate population history #
#            version 2.3.3             #
########################################

# Program was compiled: Sep 12 2021 17:54:39
# Program was run: Thu Sep 16 10:06:29 2021

# cmd: legofit -1 -d 0 -t 32 --ptsPerDim 3 --stateOut b1boot44.state --tol 3e-6 -S 5000 abcd2.lgo ../../boot/boot44.opf
# Stage nOptItr nSimReps
#     0    5000        0
# algorithm          : deterministic
# ignoring probs <=  : 0
# Branch length floor: 0
# DE strategy        : 2
#    F               : 0.3
#    CR              : 0.8
#    tolerance       : 3e-06
# nthreads           : 32
# lgo input file     : abcd2.lgo
# site pat input file: ../../boot/boot44.opf
# free parameters    : 17
# points in DE swarm : 51
# output state file  : b1boot44.state
# Including singleton site patterns.
# cost function      : KL
Initial parameter values
Fixed:
      zero = 0
       one = 1
    Tbecnw = 75200
Free:
       pc1 = 0
       pc2 = 0
       pc3 = 0
       pc4 = 0
       pc5 = 0
       pc6 = 0
       pc7 = 0
       pc8 = 0
       pc9 = 0
      pc10 = 0
      pc11 = 0
      pc12 = 0
      pc13 = 0
      pc14 = 0
      pc15 = 0
      pc16 = 0
      pc17 = 0
Constrained:
   Tgbecnw = 82992.7
     Tecnw = 23436.3
       Tnw = 17216.8
       Tec = 16076.9
     twoNb = 532035
     twoNe = 174664
     twoNc = 414014
     twoNn = 526475
    twoNec = 60780.9
    twoNnw = 23703.4
  twoNecnw = 73870.9
  twoNbecnw = 2982.25
  twoNgbecnw = 366101
         m = 0.0886802
        m2 = 0.0197186
        m3 = 0.239668
        m4 = 0.0174733
        Tb = 19756.6
        Ta = 47478.3
        Tc = 8608.39
        Td = 4304.2
DiffEv reached_goal. cost=1.62300e-03 spread=2.62808e-06
Fitted parameter values
Free:
       pc1 = -2.62504
       pc2 = -3.74251
       pc3 = 0.254797
       pc4 = 1.40328
       pc5 = 1.543
       pc6 = -0.328255
       pc7 = 1.16242
       pc8 = 0.699676
       pc9 = -1.21771
      pc10 = -0.123347
      pc11 = 0.0892112
      pc12 = 0.324556
      pc13 = -0.0522842
      pc14 = -0.0989241
      pc15 = -0.00517887
      pc16 = -1.47004e-05
      pc17 = -0.0145733
Constrained:
   Tgbecnw = 76381.3
     Tecnw = 23768.8
       Tnw = 16882.5
       Tec = 13265.9
     twoNb = 562973
     twoNe = 134747
     twoNc = 431684
     twoNn = 339578
    twoNec = 87590
    twoNnw = 25354.8
  twoNecnw = 69264
  twoNbecnw = 460.65
  twoNgbecnw = 376067
         m = 0.0815124
        m2 = 0.0206674
        m3 = 0.253449
        m4 = 0.0178539
        Tb = 18517.3
        Ta = 46858.7
        Tc = 8441.24
        Td = 4220.62
#       SitePat  BranchLen
              b 120845.6790625
              e 47590.3010406
              c 48833.0203550
              n 43479.5444991
              w 45603.5852891
            b:e 2100.0880151
            b:c 2425.7240750
            b:n 1587.0780374
            b:w 1730.4216082
            e:c 10054.0021556
            e:n 5638.1426069
            e:w 4660.9894664
            c:n 5118.6822484
            c:w 4631.0468842
            n:w 12149.9854120
          b:e:c 1928.2453216
          b:e:n 1031.7709968
          b:e:w 1012.1497722
          b:c:n 1012.3866552
          b:c:w 1056.5733237
          b:n:w 1889.5927485
          e:c:n 4925.4328772
          e:c:w 4184.6916210
          e:n:w 5984.4451277
          c:n:w 5501.7405441
        b:e:c:n 1996.5425812
        b:e:c:w 1910.1225722
        b:e:n:w 3262.8670886
        b:c:n:w 2701.5799205
        e:c:n:w 50211.0307894
