########################################
# legofit: estimate population history #
#            version 2.3.3             #
########################################

# Program was compiled: Sep 12 2021 17:54:39
# Program was run: Wed Sep 15 08:59:02 2021

# cmd: legofit -1 -d 0 -t 32 --ptsPerDim 3 --stateOut b1boot0.state --tol 3e-6 -S 5000 abcd2.lgo ../../boot/boot0.opf
# Stage nOptItr nSimReps
#     0    5000        0
# algorithm          : deterministic
# ignoring probs <=  : 0
# Branch length floor: 0
# DE strategy        : 2
#    F               : 0.3
#    CR              : 0.8
#    tolerance       : 3e-06
# nthreads           : 32
# lgo input file     : abcd2.lgo
# site pat input file: ../../boot/boot0.opf
# free parameters    : 17
# points in DE swarm : 51
# output state file  : b1boot0.state
# Including singleton site patterns.
# cost function      : KL
Initial parameter values
Fixed:
      zero = 0
       one = 1
    Tbecnw = 75200
Free:
       pc1 = 0
       pc2 = 0
       pc3 = 0
       pc4 = 0
       pc5 = 0
       pc6 = 0
       pc7 = 0
       pc8 = 0
       pc9 = 0
      pc10 = 0
      pc11 = 0
      pc12 = 0
      pc13 = 0
      pc14 = 0
      pc15 = 0
      pc16 = 0
      pc17 = 0
Constrained:
   Tgbecnw = 82992.7
     Tecnw = 23436.3
       Tnw = 17216.8
       Tec = 16076.9
     twoNb = 532035
     twoNe = 174664
     twoNc = 414014
     twoNn = 526475
    twoNec = 60780.9
    twoNnw = 23703.4
  twoNecnw = 73870.9
  twoNbecnw = 2982.25
  twoNgbecnw = 366101
         m = 0.0886802
        m2 = 0.0197186
        m3 = 0.239668
        m4 = 0.0174733
        Tb = 19756.6
        Ta = 47478.3
        Tc = 8608.39
        Td = 4304.2
DiffEv reached_goal. cost=1.62780e-03 spread=2.29541e-06
Fitted parameter values
Free:
       pc1 = -2.95811
       pc2 = -3.87503
       pc3 = 1.25254
       pc4 = 1.36246
       pc5 = 1.57077
       pc6 = -0.457025
       pc7 = -0.0319008
       pc8 = 0.711883
       pc9 = -0.313118
      pc10 = -1.734
      pc11 = 0.66679
      pc12 = 0.133508
      pc13 = 0.0994971
      pc14 = 0.0618759
      pc15 = 0.00862319
      pc16 = -0.0617499
      pc17 = 0.00483258
Constrained:
   Tgbecnw = 76872.3
     Tecnw = 23798.1
       Tnw = 16186.9
       Tec = 12497.3
     twoNb = 557192
     twoNe = 139019
     twoNc = 185954
     twoNn = 846932
    twoNec = 96154
    twoNnw = 28029.2
  twoNecnw = 69877.2
  twoNbecnw = 643.914
  twoNgbecnw = 386202
         m = 0.0804864
        m2 = 0.019429
        m3 = 0.258316
        m4 = 0.0179937
        Tb = 18147.7
        Ta = 46673.8
        Tc = 8093.44
        Td = 4046.72
#       SitePat  BranchLen
              b 121305.9550055
              e 47696.7691051
              c 48920.4982442
              n 43553.6660516
              w 45689.3335850
            b:e 2098.5627736
            b:c 2425.6465438
            b:n 1593.8807712
            b:w 1737.7452170
            e:c 10064.1615005
            e:n 5656.0387612
            e:w 4691.1297308
            c:n 5165.6156238
            c:w 4651.3030288
            n:w 12195.7491404
          b:e:c 1929.1670458
          b:e:n 1037.8930623
          b:e:w 1020.9100969
          b:c:n 1021.3040382
          b:c:w 1062.2814555
          b:n:w 1889.8979496
          e:c:n 4920.5919297
          e:c:w 4184.6249330
          e:n:w 5969.3883477
          c:n:w 5493.3311563
        b:e:c:n 2006.9732987
        b:e:c:w 1918.6355219
        b:e:n:w 3259.8043875
        b:c:n:w 2690.5160680
        e:c:n:w 50544.5229815
