########################################
# legofit: estimate population history #
#            version 2.3.3             #
########################################

# Program was compiled: Sep 12 2021 17:54:39
# Program was run: Thu Sep 16 03:32:43 2021

# cmd: legofit -1 -d 0 -t 32 --ptsPerDim 3 --stateOut b1boot17.state --tol 3e-6 -S 5000 abcd2.lgo ../../boot/boot17.opf
# Stage nOptItr nSimReps
#     0    5000        0
# algorithm          : deterministic
# ignoring probs <=  : 0
# Branch length floor: 0
# DE strategy        : 2
#    F               : 0.3
#    CR              : 0.8
#    tolerance       : 3e-06
# nthreads           : 32
# lgo input file     : abcd2.lgo
# site pat input file: ../../boot/boot17.opf
# free parameters    : 17
# points in DE swarm : 51
# output state file  : b1boot17.state
# Including singleton site patterns.
# cost function      : KL
Initial parameter values
Fixed:
      zero = 0
       one = 1
    Tbecnw = 75200
Free:
       pc1 = 0
       pc2 = 0
       pc3 = 0
       pc4 = 0
       pc5 = 0
       pc6 = 0
       pc7 = 0
       pc8 = 0
       pc9 = 0
      pc10 = 0
      pc11 = 0
      pc12 = 0
      pc13 = 0
      pc14 = 0
      pc15 = 0
      pc16 = 0
      pc17 = 0
Constrained:
   Tgbecnw = 82992.7
     Tecnw = 23436.3
       Tnw = 17216.8
       Tec = 16076.9
     twoNb = 532035
     twoNe = 174664
     twoNc = 414014
     twoNn = 526475
    twoNec = 60780.9
    twoNnw = 23703.4
  twoNecnw = 73870.9
  twoNbecnw = 2982.25
  twoNgbecnw = 366101
         m = 0.0886802
        m2 = 0.0197186
        m3 = 0.239668
        m4 = 0.0174733
        Tb = 19756.6
        Ta = 47478.3
        Tc = 8608.39
        Td = 4304.2
DiffEv reached_goal. cost=1.62000e-03 spread=2.56081e-06
Fitted parameter values
Free:
       pc1 = -2.46934
       pc2 = -3.82026
       pc3 = 0.643201
       pc4 = 1.66216
       pc5 = 1.02382
       pc6 = 0.503023
       pc7 = 0.945041
       pc8 = 1.1757
       pc9 = -0.884877
      pc10 = -0.856142
      pc11 = 0.125754
      pc12 = 0.0868884
      pc13 = -0.150365
      pc14 = -0.116691
      pc15 = -0.11551
      pc16 = 0.0371149
      pc17 = -0.00296795
Constrained:
   Tgbecnw = 76707.6
     Tecnw = 23805.5
       Tnw = 16749.4
       Tec = 13198.6
     twoNb = 544187
     twoNe = 119842
     twoNc = 559606
     twoNn = 579362
    twoNec = 86649.8
    twoNnw = 26031.2
  twoNecnw = 69304
  twoNbecnw = 584.291
  twoNgbecnw = 382352
         m = 0.079332
        m2 = 0.0200815
        m3 = 0.251176
        m4 = 0.0174752
        Tb = 18502.1
        Ta = 46851
        Tc = 8374.72
        Td = 4187.36
#       SitePat  BranchLen
              b 120707.5011849
              e 47482.4244045
              c 48742.5643194
              n 43448.0040167
              w 45645.8912871
            b:e 2097.0580440
            b:c 2422.8767110
            b:n 1592.0115172
            b:w 1743.5423079
            e:c 10132.7412805
            e:n 5669.0966135
            e:w 4645.3756110
            c:n 5110.2703173
            c:w 4627.9201157
            n:w 12180.3061043
          b:e:c 1939.9852966
          b:e:n 1035.3578359
          b:e:w 1012.5192142
          b:c:n 1012.8501929
          b:c:w 1060.5655425
          b:n:w 1901.2322204
          e:c:n 4962.4925119
          e:c:w 4193.8745937
          e:n:w 5972.0176405
          c:n:w 5486.8681688
        b:e:c:n 2010.7526015
        b:e:c:w 1911.1469662
        b:e:n:w 3233.6490700
        b:c:n:w 2683.5829658
        e:c:n:w 50066.1402204
