########################################
# legofit: estimate population history #
#            version 2.3.3             #
########################################

# Program was compiled: Sep 12 2021 17:54:39
# Program was run: Thu Sep 16 04:01:47 2021

# cmd: legofit -1 -d 0 -t 32 --ptsPerDim 3 --stateOut b1boot18.state --tol 3e-6 -S 5000 abcd2.lgo ../../boot/boot18.opf
# Stage nOptItr nSimReps
#     0    5000        0
# algorithm          : deterministic
# ignoring probs <=  : 0
# Branch length floor: 0
# DE strategy        : 2
#    F               : 0.3
#    CR              : 0.8
#    tolerance       : 3e-06
# nthreads           : 32
# lgo input file     : abcd2.lgo
# site pat input file: ../../boot/boot18.opf
# free parameters    : 17
# points in DE swarm : 51
# output state file  : b1boot18.state
# Including singleton site patterns.
# cost function      : KL
Initial parameter values
Fixed:
      zero = 0
       one = 1
    Tbecnw = 75200
Free:
       pc1 = 0
       pc2 = 0
       pc3 = 0
       pc4 = 0
       pc5 = 0
       pc6 = 0
       pc7 = 0
       pc8 = 0
       pc9 = 0
      pc10 = 0
      pc11 = 0
      pc12 = 0
      pc13 = 0
      pc14 = 0
      pc15 = 0
      pc16 = 0
      pc17 = 0
Constrained:
   Tgbecnw = 82992.7
     Tecnw = 23436.3
       Tnw = 17216.8
       Tec = 16076.9
     twoNb = 532035
     twoNe = 174664
     twoNc = 414014
     twoNn = 526475
    twoNec = 60780.9
    twoNnw = 23703.4
  twoNecnw = 73870.9
  twoNbecnw = 2982.25
  twoNgbecnw = 366101
         m = 0.0886802
        m2 = 0.0197186
        m3 = 0.239668
        m4 = 0.0174733
        Tb = 19756.6
        Ta = 47478.3
        Tc = 8608.39
        Td = 4304.2
DiffEv reached_goal. cost=1.62300e-03 spread=2.98632e-06
Fitted parameter values
Free:
       pc1 = -3.33774
       pc2 = -3.681
       pc3 = 0.902749
       pc4 = 0.308492
       pc5 = 1.75633
       pc6 = -0.363194
       pc7 = 0.269693
       pc8 = 1.76565
       pc9 = -0.286652
      pc10 = -1.46261
      pc11 = 0.555088
      pc12 = 0.0190418
      pc13 = 0.134787
      pc14 = -0.0696905
      pc15 = -0.0641673
      pc16 = -0.00663409
      pc17 = -0.0141339
Constrained:
   Tgbecnw = 76638.1
     Tecnw = 23984
       Tnw = 15934.5
       Tec = 12766
     twoNb = 564822
     twoNe = 133583
     twoNc = 22801.8
     twoNn = 1.20089e+06
    twoNec = 92757.4
    twoNnw = 29777.2
  twoNecnw = 69493.4
  twoNbecnw = 560.978
  twoNgbecnw = 374183
         m = 0.0826828
        m2 = 0.0199759
        m3 = 0.256142
        m4 = 0.0176857
        Tb = 18375
        Ta = 46787.5
        Tc = 7967.25
        Td = 3983.62
#       SitePat  BranchLen
              b 121084.1267060
              e 47666.7300990
              c 48912.6921103
              n 43573.4432300
              w 45770.4685203
            b:e 2092.5043574
            b:c 2416.5007794
            b:n 1591.7501732
            b:w 1740.9589630
            e:c 10101.7367121
            e:n 5663.4509539
            e:w 4654.2173445
            c:n 5134.4375993
            c:w 4626.6839640
            n:w 12196.9438099
          b:e:c 1929.4402763
          b:e:n 1035.2699603
          b:e:w 1015.4729400
          b:c:n 1015.3897435
          b:c:w 1060.1861902
          b:n:w 1892.0489868
          e:c:n 4941.8617184
          e:c:w 4181.5238834
          e:n:w 5944.8673672
          c:n:w 5466.1865527
        b:e:c:n 2008.9797737
        b:e:c:w 1915.0713818
        b:e:n:w 3246.0610264
        b:c:n:w 2686.4969988
        e:c:n:w 50333.0707177
