########################################
# legofit: estimate population history #
#            version 2.3.3             #
########################################

# Program was compiled: Sep 12 2021 17:54:39
# Program was run: Wed Sep 15 16:07:56 2021

# cmd: legofit -1 -d 0 -t 32 --ptsPerDim 3 --stateOut b1boot9.state --tol 3e-6 -S 5000 abcd2.lgo ../../boot/boot9.opf
# Stage nOptItr nSimReps
#     0    5000        0
# algorithm          : deterministic
# ignoring probs <=  : 0
# Branch length floor: 0
# DE strategy        : 2
#    F               : 0.3
#    CR              : 0.8
#    tolerance       : 3e-06
# nthreads           : 32
# lgo input file     : abcd2.lgo
# site pat input file: ../../boot/boot9.opf
# free parameters    : 17
# points in DE swarm : 51
# output state file  : b1boot9.state
# Including singleton site patterns.
# cost function      : KL
Initial parameter values
Fixed:
      zero = 0
       one = 1
    Tbecnw = 75200
Free:
       pc1 = 0
       pc2 = 0
       pc3 = 0
       pc4 = 0
       pc5 = 0
       pc6 = 0
       pc7 = 0
       pc8 = 0
       pc9 = 0
      pc10 = 0
      pc11 = 0
      pc12 = 0
      pc13 = 0
      pc14 = 0
      pc15 = 0
      pc16 = 0
      pc17 = 0
Constrained:
   Tgbecnw = 82992.7
     Tecnw = 23436.3
       Tnw = 17216.8
       Tec = 16076.9
     twoNb = 532035
     twoNe = 174664
     twoNc = 414014
     twoNn = 526475
    twoNec = 60780.9
    twoNnw = 23703.4
  twoNecnw = 73870.9
  twoNbecnw = 2982.25
  twoNgbecnw = 366101
         m = 0.0886802
        m2 = 0.0197186
        m3 = 0.239668
        m4 = 0.0174733
        Tb = 19756.6
        Ta = 47478.3
        Tc = 8608.39
        Td = 4304.2
DiffEv reached_goal. cost=1.62078e-03 spread=2.89160e-06
Fitted parameter values
Free:
       pc1 = -2.96777
       pc2 = -3.72705
       pc3 = 0.274411
       pc4 = 1.86598
       pc5 = 1.17757
       pc6 = -0.475116
       pc7 = 1.37963
       pc8 = 0.249862
       pc9 = -0.544537
      pc10 = -0.27471
      pc11 = 0.461825
      pc12 = 0.0127026
      pc13 = 0.0129337
      pc14 = -0.0777531
      pc15 = -0.019951
      pc16 = -0.0251839
      pc17 = -0.00403058
Constrained:
   Tgbecnw = 76990
     Tecnw = 23790.2
       Tnw = 16679.5
       Tec = 12959.6
     twoNb = 586135
     twoNe = 129698
     twoNc = 300584
     twoNn = 117038
    twoNec = 90624.4
    twoNnw = 26102.4
  twoNecnw = 70006.6
  twoNbecnw = 689.66
  twoNgbecnw = 384082
         m = 0.0802441
        m2 = 0.0204094
        m3 = 0.254857
        m4 = 0.0177049
        Tb = 18374.9
        Ta = 46787.4
        Tc = 8339.74
        Td = 4169.87
#       SitePat  BranchLen
              b 121019.9459907
              e 47724.8634183
              c 48969.9091664
              n 43579.2242956
              w 45729.9351682
            b:e 2097.7203103
            b:c 2414.5301599
            b:n 1588.8171734
            b:w 1734.8385410
            e:c 10089.3367195
            e:n 5659.0043136
            e:w 4668.2750434
            c:n 5137.4045036
            c:w 4639.6801488
            n:w 12205.4302300
          b:e:c 1932.4548083
          b:e:n 1034.9904841
          b:e:w 1015.5962095
          b:c:n 1015.3186346
          b:c:w 1059.8779228
          b:n:w 1894.7274768
          e:c:n 4921.3172523
          e:c:w 4175.2895819
          e:n:w 5964.7990948
          c:n:w 5490.7805249
        b:e:c:n 2003.6647328
        b:e:c:w 1916.2488078
        b:e:n:w 3270.3344478
        b:c:n:w 2708.0821564
        e:c:n:w 50233.2528760
