########################################
# legofit: estimate population history #
#            version 2.3.3             #
########################################

# Program was compiled: Sep 12 2021 17:54:39
# Program was run: Thu Sep 16 05:08:33 2021

# cmd: legofit -1 -d 0 -t 32 --ptsPerDim 3 --stateOut b1boot20.state --tol 3e-6 -S 5000 abcd2.lgo ../../boot/boot20.opf
# Stage nOptItr nSimReps
#     0    5000        0
# algorithm          : deterministic
# ignoring probs <=  : 0
# Branch length floor: 0
# DE strategy        : 2
#    F               : 0.3
#    CR              : 0.8
#    tolerance       : 3e-06
# nthreads           : 32
# lgo input file     : abcd2.lgo
# site pat input file: ../../boot/boot20.opf
# free parameters    : 17
# points in DE swarm : 51
# output state file  : b1boot20.state
# Including singleton site patterns.
# cost function      : KL
Initial parameter values
Fixed:
      zero = 0
       one = 1
    Tbecnw = 75200
Free:
       pc1 = 0
       pc2 = 0
       pc3 = 0
       pc4 = 0
       pc5 = 0
       pc6 = 0
       pc7 = 0
       pc8 = 0
       pc9 = 0
      pc10 = 0
      pc11 = 0
      pc12 = 0
      pc13 = 0
      pc14 = 0
      pc15 = 0
      pc16 = 0
      pc17 = 0
Constrained:
   Tgbecnw = 82992.7
     Tecnw = 23436.3
       Tnw = 17216.8
       Tec = 16076.9
     twoNb = 532035
     twoNe = 174664
     twoNc = 414014
     twoNn = 526475
    twoNec = 60780.9
    twoNnw = 23703.4
  twoNecnw = 73870.9
  twoNbecnw = 2982.25
  twoNgbecnw = 366101
         m = 0.0886802
        m2 = 0.0197186
        m3 = 0.239668
        m4 = 0.0174733
        Tb = 19756.6
        Ta = 47478.3
        Tc = 8608.39
        Td = 4304.2
DiffEv reached_goal. cost=1.62456e-03 spread=2.89974e-06
Fitted parameter values
Free:
       pc1 = -3.62827
       pc2 = -3.46448
       pc3 = 1.48894
       pc4 = 1.2133
       pc5 = 1.75929
       pc6 = 0.331709
       pc7 = 0.80534
       pc8 = 0.602036
       pc9 = 0.521263
      pc10 = -1.21261
      pc11 = -0.0479737
      pc12 = 0.0492057
      pc13 = -0.109901
      pc14 = -0.0416569
      pc15 = -0.0520288
      pc16 = 0.0107424
      pc17 = -0.000359847
Constrained:
   Tgbecnw = 77478.1
     Tecnw = 23924.9
       Tnw = 16133.3
       Tec = 12755.6
     twoNb = 618295
     twoNe = 125923
     twoNc = 377385
     twoNn = 730470
    twoNec = 93320.9
    twoNnw = 29208.8
  twoNecnw = 69191.5
  twoNbecnw = 882.818
  twoNgbecnw = 377599
         m = 0.0813612
        m2 = 0.0192418
        m3 = 0.250628
        m4 = 0.0176684
        Tb = 18340.2
        Ta = 46770.1
        Tc = 8066.63
        Td = 4033.31
#       SitePat  BranchLen
              b 121138.4550570
              e 47589.6560784
              c 48852.2182030
              n 43557.3031703
              w 45703.7125168
            b:e 2070.7503812
            b:c 2383.2441594
            b:n 1584.6822274
            b:w 1733.0830373
            e:c 10085.1770087
            e:n 5662.6563015
            e:w 4669.4910356
            c:n 5129.8915454
            c:w 4643.1401558
            n:w 12150.0244571
          b:e:c 1915.2098156
          b:e:n 1031.2434900
          b:e:w 1010.9857221
          b:c:n 1010.8162525
          b:c:w 1055.3930307
          b:n:w 1880.1994288
          e:c:n 4943.9831878
          e:c:w 4198.7551490
          e:n:w 5946.8666497
          c:n:w 5470.4427248
        b:e:c:n 1994.6099376
        b:e:c:w 1900.6254969
        b:e:n:w 3220.7874959
        b:c:n:w 2657.2909754
        e:c:n:w 50346.5790008
