########################################
# legofit: estimate population history #
#            version 2.3.3             #
########################################

# Program was compiled: Sep 12 2021 17:54:39
# Program was run: Thu Sep 16 07:26:07 2021

# cmd: legofit -1 -d 0 -t 32 --ptsPerDim 3 --stateOut b1boot27.state --tol 3e-6 -S 5000 abcd2.lgo ../../boot/boot27.opf
# Stage nOptItr nSimReps
#     0    5000        0
# algorithm          : deterministic
# ignoring probs <=  : 0
# Branch length floor: 0
# DE strategy        : 2
#    F               : 0.3
#    CR              : 0.8
#    tolerance       : 3e-06
# nthreads           : 32
# lgo input file     : abcd2.lgo
# site pat input file: ../../boot/boot27.opf
# free parameters    : 17
# points in DE swarm : 51
# output state file  : b1boot27.state
# Including singleton site patterns.
# cost function      : KL
Initial parameter values
Fixed:
      zero = 0
       one = 1
    Tbecnw = 75200
Free:
       pc1 = 0
       pc2 = 0
       pc3 = 0
       pc4 = 0
       pc5 = 0
       pc6 = 0
       pc7 = 0
       pc8 = 0
       pc9 = 0
      pc10 = 0
      pc11 = 0
      pc12 = 0
      pc13 = 0
      pc14 = 0
      pc15 = 0
      pc16 = 0
      pc17 = 0
Constrained:
   Tgbecnw = 82992.7
     Tecnw = 23436.3
       Tnw = 17216.8
       Tec = 16076.9
     twoNb = 532035
     twoNe = 174664
     twoNc = 414014
     twoNn = 526475
    twoNec = 60780.9
    twoNnw = 23703.4
  twoNecnw = 73870.9
  twoNbecnw = 2982.25
  twoNgbecnw = 366101
         m = 0.0886802
        m2 = 0.0197186
        m3 = 0.239668
        m4 = 0.0174733
        Tb = 19756.6
        Ta = 47478.3
        Tc = 8608.39
        Td = 4304.2
DiffEv reached_goal. cost=1.62618e-03 spread=2.81028e-06
Fitted parameter values
Free:
       pc1 = -3.0437
       pc2 = -3.83135
       pc3 = 0.932627
       pc4 = 1.07673
       pc5 = 1.0864
       pc6 = 1.11471
       pc7 = 0.00281138
       pc8 = 1.48275
       pc9 = -1.58559
      pc10 = -1.85338
      pc11 = 0.303711
      pc12 = 0.257966
      pc13 = 0.133108
      pc14 = 0.0462322
      pc15 = 0.00179438
      pc16 = -0.0412872
      pc17 = -0.00463446
Constrained:
   Tgbecnw = 77031.4
     Tecnw = 23981.5
       Tnw = 16134.9
       Tec = 12601.7
     twoNb = 502018
     twoNe = 120427
     twoNc = 806138
     twoNn = 1.04181e+06
    twoNec = 96252.3
    twoNnw = 29121.5
  twoNecnw = 69141.8
  twoNbecnw = 710.14
  twoNgbecnw = 380389
         m = 0.0814652
        m2 = 0.0198159
        m3 = 0.252272
        m4 = 0.0176032
        Tb = 18291.6
        Ta = 46745.8
        Tc = 8067.46
        Td = 4033.73
#       SitePat  BranchLen
              b 121302.4741365
              e 47677.7474402
              c 48920.9108412
              n 43556.6804596
              w 45702.3508643
            b:e 2109.5623260
            b:c 2449.4767644
            b:n 1594.3480188
            b:w 1736.5047360
            e:c 10052.6739479
            e:n 5667.0118747
            e:w 4667.0759625
            c:n 5126.0412483
            c:w 4642.5225573
            n:w 12184.0759300
          b:e:c 1930.4209524
          b:e:n 1037.9914020
          b:e:w 1016.4405924
          b:c:n 1017.6136267
          b:c:w 1062.6793026
          b:n:w 1889.1282780
          e:c:n 4924.2444591
          e:c:w 4187.7092620
          e:n:w 5986.8686532
          c:n:w 5498.1278450
        b:e:c:n 2003.9329730
        b:e:c:w 1912.5808180
        b:e:n:w 3242.8700311
        b:c:n:w 2688.1959909
        e:c:n:w 50577.0894984
