########################################
# legofit: estimate population history #
#            version 2.3.3             #
########################################

# Program was compiled: Sep 12 2021 17:54:39
# Program was run: Thu Sep 16 09:12:16 2021

# cmd: legofit -1 -d 0 -t 32 --ptsPerDim 3 --stateOut b1boot34.state --tol 3e-6 -S 5000 abcd2.lgo ../../boot/boot34.opf
# Stage nOptItr nSimReps
#     0    5000        0
# algorithm          : deterministic
# ignoring probs <=  : 0
# Branch length floor: 0
# DE strategy        : 2
#    F               : 0.3
#    CR              : 0.8
#    tolerance       : 3e-06
# nthreads           : 32
# lgo input file     : abcd2.lgo
# site pat input file: ../../boot/boot34.opf
# free parameters    : 17
# points in DE swarm : 51
# output state file  : b1boot34.state
# Including singleton site patterns.
# cost function      : KL
Initial parameter values
Fixed:
      zero = 0
       one = 1
    Tbecnw = 75200
Free:
       pc1 = 0
       pc2 = 0
       pc3 = 0
       pc4 = 0
       pc5 = 0
       pc6 = 0
       pc7 = 0
       pc8 = 0
       pc9 = 0
      pc10 = 0
      pc11 = 0
      pc12 = 0
      pc13 = 0
      pc14 = 0
      pc15 = 0
      pc16 = 0
      pc17 = 0
Constrained:
   Tgbecnw = 82992.7
     Tecnw = 23436.3
       Tnw = 17216.8
       Tec = 16076.9
     twoNb = 532035
     twoNe = 174664
     twoNc = 414014
     twoNn = 526475
    twoNec = 60780.9
    twoNnw = 23703.4
  twoNecnw = 73870.9
  twoNbecnw = 2982.25
  twoNgbecnw = 366101
         m = 0.0886802
        m2 = 0.0197186
        m3 = 0.239668
        m4 = 0.0174733
        Tb = 19756.6
        Ta = 47478.3
        Tc = 8608.39
        Td = 4304.2
DiffEv reached_goal. cost=1.62963e-03 spread=2.86338e-06
Fitted parameter values
Free:
       pc1 = -2.67798
       pc2 = -3.57407
       pc3 = 2.31083
       pc4 = 1.42773
       pc5 = 1.49372
       pc6 = -0.876558
       pc7 = -0.488567
       pc8 = 0.320897
       pc9 = -0.504187
      pc10 = -1.31793
      pc11 = -0.481601
      pc12 = 0.172967
      pc13 = -0.163025
      pc14 = -0.0115364
      pc15 = 0.0121535
      pc16 = -0.0227578
      pc17 = 0.0020562
Constrained:
   Tgbecnw = 77070.4
     Tecnw = 23760.8
       Tnw = 16508.2
       Tec = 13095.2
     twoNb = 549935
     twoNe = 136185
     twoNc = 103443
     twoNn = 661557
    twoNec = 90506.2
    twoNnw = 27057.6
  twoNecnw = 69202.8
  twoNbecnw = 726.338
  twoNgbecnw = 378027
         m = 0.081091
        m2 = 0.0188206
        m3 = 0.250213
        m4 = 0.018632
        Tb = 18428
        Ta = 46814
        Tc = 8254.09
        Td = 4127.05
#       SitePat  BranchLen
              b 121025.2360456
              e 47542.3627428
              c 48817.2518497
              n 43479.4861144
              w 45571.0905869
            b:e 2081.6790155
            b:c 2423.6578457
            b:n 1585.5525112
            b:w 1728.8975025
            e:c 10031.2905737
            e:n 5647.0054978
            e:w 4687.6550959
            c:n 5127.1266708
            c:w 4649.9075348
            n:w 12143.4332768
          b:e:c 1918.9427944
          b:e:n 1031.9299132
          b:e:w 1012.3690625
          b:c:n 1013.7367968
          b:c:w 1056.2520113
          b:n:w 1879.4259207
          e:c:n 4927.4400720
          e:c:w 4199.7687257
          e:n:w 5994.2952662
          c:n:w 5493.3695090
        b:e:c:n 1992.0834179
        b:e:c:w 1898.4205052
        b:e:n:w 3234.3635428
        b:c:n:w 2650.3578070
        e:c:n:w 50333.2987094
