########################################
# legofit: estimate population history #
#            version 2.3.3             #
########################################

# Program was compiled: Sep 12 2021 17:54:39
# Program was run: Thu Sep 16 09:55:41 2021

# cmd: legofit -1 -d 0 -t 32 --ptsPerDim 3 --stateOut b1boot41.state --tol 3e-6 -S 5000 abcd2.lgo ../../boot/boot41.opf
# Stage nOptItr nSimReps
#     0    5000        0
# algorithm          : deterministic
# ignoring probs <=  : 0
# Branch length floor: 0
# DE strategy        : 2
#    F               : 0.3
#    CR              : 0.8
#    tolerance       : 3e-06
# nthreads           : 32
# lgo input file     : abcd2.lgo
# site pat input file: ../../boot/boot41.opf
# free parameters    : 17
# points in DE swarm : 51
# output state file  : b1boot41.state
# Including singleton site patterns.
# cost function      : KL
Initial parameter values
Fixed:
      zero = 0
       one = 1
    Tbecnw = 75200
Free:
       pc1 = 0
       pc2 = 0
       pc3 = 0
       pc4 = 0
       pc5 = 0
       pc6 = 0
       pc7 = 0
       pc8 = 0
       pc9 = 0
      pc10 = 0
      pc11 = 0
      pc12 = 0
      pc13 = 0
      pc14 = 0
      pc15 = 0
      pc16 = 0
      pc17 = 0
Constrained:
   Tgbecnw = 82992.7
     Tecnw = 23436.3
       Tnw = 17216.8
       Tec = 16076.9
     twoNb = 532035
     twoNe = 174664
     twoNc = 414014
     twoNn = 526475
    twoNec = 60780.9
    twoNnw = 23703.4
  twoNecnw = 73870.9
  twoNbecnw = 2982.25
  twoNgbecnw = 366101
         m = 0.0886802
        m2 = 0.0197186
        m3 = 0.239668
        m4 = 0.0174733
        Tb = 19756.6
        Ta = 47478.3
        Tc = 8608.39
        Td = 4304.2
DiffEv reached_goal. cost=1.60385e-03 spread=2.91630e-06
Fitted parameter values
Free:
       pc1 = -3.20187
       pc2 = -3.28735
       pc3 = 0.320052
       pc4 = 0.704202
       pc5 = 1.72018
       pc6 = -0.0363615
       pc7 = 0.0880579
       pc8 = 1.26404
       pc9 = -0.748541
      pc10 = -1.46919
      pc11 = 0.32255
      pc12 = 0.322825
      pc13 = 0.159988
      pc14 = -0.188514
      pc15 = -0.0187423
      pc16 = 0.00816503
      pc17 = 0.00296259
Constrained:
   Tgbecnw = 78062.8
     Tecnw = 24019.3
       Tnw = 16263
       Tec = 12824.4
     twoNb = 548646
     twoNe = 145602
     twoNc = 361780
     twoNn = 976521
    twoNec = 93141
    twoNnw = 28794.5
  twoNecnw = 69566.5
  twoNbecnw = 1116.31
  twoNgbecnw = 372135
         m = 0.0826365
        m2 = 0.0200555
        m3 = 0.258155
        m4 = 0.0176996
        Tb = 18421.9
        Ta = 46810.9
        Tc = 8131.51
        Td = 4065.75
#       SitePat  BranchLen
              b 121232.6080914
              e 47805.2531120
              c 49012.7485925
              n 43741.0188418
              w 45910.1782977
            b:e 2109.4984226
            b:c 2435.2482669
            b:n 1605.3596510
            b:w 1751.9432187
            e:c 10112.2835635
            e:n 5663.2380325
            e:w 4686.2366982
            c:n 5169.5496358
            c:w 4649.7061905
            n:w 12176.3028755
          b:e:c 1937.4562535
          b:e:n 1041.6141780
          b:e:w 1024.2162947
          b:c:n 1024.3045618
          b:c:w 1066.0138055
          b:n:w 1899.5880691
          e:c:n 4961.3205787
          e:c:w 4209.3699019
          e:n:w 5970.8087888
          c:n:w 5497.4268151
        b:e:c:n 2019.7317735
        b:e:c:w 1928.4728812
        b:e:n:w 3253.3692285
        b:c:n:w 2699.2367771
        e:c:n:w 50305.7920215
