########################################
# legofit: estimate population history #
#            version 2.3.3             #
########################################

# Program was compiled: Sep 12 2021 17:54:39
# Program was run: Thu Sep 16 02:04:02 2021

# cmd: legofit -1 -d 0 -t 32 --ptsPerDim 3 --stateOut b1boot13.state --tol 3e-6 -S 5000 abcd2.lgo ../../boot/boot13.opf
# Stage nOptItr nSimReps
#     0    5000        0
# algorithm          : deterministic
# ignoring probs <=  : 0
# Branch length floor: 0
# DE strategy        : 2
#    F               : 0.3
#    CR              : 0.8
#    tolerance       : 3e-06
# nthreads           : 32
# lgo input file     : abcd2.lgo
# site pat input file: ../../boot/boot13.opf
# free parameters    : 17
# points in DE swarm : 51
# output state file  : b1boot13.state
# Including singleton site patterns.
# cost function      : KL
Initial parameter values
Fixed:
      zero = 0
       one = 1
    Tbecnw = 75200
Free:
       pc1 = 0
       pc2 = 0
       pc3 = 0
       pc4 = 0
       pc5 = 0
       pc6 = 0
       pc7 = 0
       pc8 = 0
       pc9 = 0
      pc10 = 0
      pc11 = 0
      pc12 = 0
      pc13 = 0
      pc14 = 0
      pc15 = 0
      pc16 = 0
      pc17 = 0
Constrained:
   Tgbecnw = 82992.7
     Tecnw = 23436.3
       Tnw = 17216.8
       Tec = 16076.9
     twoNb = 532035
     twoNe = 174664
     twoNc = 414014
     twoNn = 526475
    twoNec = 60780.9
    twoNnw = 23703.4
  twoNecnw = 73870.9
  twoNbecnw = 2982.25
  twoNgbecnw = 366101
         m = 0.0886802
        m2 = 0.0197186
        m3 = 0.239668
        m4 = 0.0174733
        Tb = 19756.6
        Ta = 47478.3
        Tc = 8608.39
        Td = 4304.2
DiffEv reached_goal. cost=1.63035e-03 spread=2.56417e-06
Fitted parameter values
Free:
       pc1 = -3.10297
       pc2 = -3.51248
       pc3 = 2.07912
       pc4 = 0.509353
       pc5 = 1.15539
       pc6 = -0.642863
       pc7 = -0.776107
       pc8 = 0.960091
       pc9 = -0.943073
      pc10 = -1.27604
      pc11 = -0.0325019
      pc12 = 0.225847
      pc13 = 0.0869888
      pc14 = -0.00793231
      pc15 = -0.0277603
      pc16 = -0.00811862
      pc17 = -0.00817811
Constrained:
   Tgbecnw = 77425.8
     Tecnw = 23892.1
       Tnw = 15960.8
       Tec = 12829.3
     twoNb = 525806
     twoNe = 133750
     twoNc = 63442.9
     twoNn = 988572
    twoNec = 92683.9
    twoNnw = 29852.3
  twoNecnw = 69523.1
  twoNbecnw = 866.543
  twoNgbecnw = 374561
         m = 0.0830254
        m2 = 0.0193361
        m3 = 0.246421
        m4 = 0.0185191
        Tb = 18360.7
        Ta = 46780.3
        Tc = 7980.39
        Td = 3990.2
#       SitePat  BranchLen
              b 121409.8260257
              e 47680.3030985
              c 48950.4931743
              n 43613.6795560
              w 45713.8111524
            b:e 2097.6760324
            b:c 2446.0235616
            b:n 1595.9303983
            b:w 1737.8098890
            e:c 10097.0165624
            e:n 5651.2321850
            e:w 4684.2998285
            c:n 5127.1765798
            c:w 4647.6365859
            n:w 12216.3622302
          b:e:c 1931.3158896
          b:e:n 1036.1692373
          b:e:w 1016.3913584
          b:c:n 1017.8165622
          b:c:w 1060.7476893
          b:n:w 1891.5361758
          e:c:n 4931.8102447
          e:c:w 4205.5113096
          e:n:w 5989.1008390
          c:n:w 5487.7728533
        b:e:c:n 2004.5550631
        b:e:c:w 1912.1620458
        b:e:n:w 3256.8964110
        b:c:n:w 2674.4018679
        e:c:n:w 50594.8183581
