########################################
# legofit: estimate population history #
#            version 2.3.3             #
########################################

# Program was compiled: Sep 12 2021 17:54:39
# Program was run: Thu Sep 16 09:14:49 2021

# cmd: legofit -1 -d 0 -t 32 --ptsPerDim 3 --stateOut b1boot35.state --tol 3e-6 -S 5000 abcd2.lgo ../../boot/boot35.opf
# Stage nOptItr nSimReps
#     0    5000        0
# algorithm          : deterministic
# ignoring probs <=  : 0
# Branch length floor: 0
# DE strategy        : 2
#    F               : 0.3
#    CR              : 0.8
#    tolerance       : 3e-06
# nthreads           : 32
# lgo input file     : abcd2.lgo
# site pat input file: ../../boot/boot35.opf
# free parameters    : 17
# points in DE swarm : 51
# output state file  : b1boot35.state
# Including singleton site patterns.
# cost function      : KL
Initial parameter values
Fixed:
      zero = 0
       one = 1
    Tbecnw = 75200
Free:
       pc1 = 0
       pc2 = 0
       pc3 = 0
       pc4 = 0
       pc5 = 0
       pc6 = 0
       pc7 = 0
       pc8 = 0
       pc9 = 0
      pc10 = 0
      pc11 = 0
      pc12 = 0
      pc13 = 0
      pc14 = 0
      pc15 = 0
      pc16 = 0
      pc17 = 0
Constrained:
   Tgbecnw = 82992.7
     Tecnw = 23436.3
       Tnw = 17216.8
       Tec = 16076.9
     twoNb = 532035
     twoNe = 174664
     twoNc = 414014
     twoNn = 526475
    twoNec = 60780.9
    twoNnw = 23703.4
  twoNecnw = 73870.9
  twoNbecnw = 2982.25
  twoNgbecnw = 366101
         m = 0.0886802
        m2 = 0.0197186
        m3 = 0.239668
        m4 = 0.0174733
        Tb = 19756.6
        Ta = 47478.3
        Tc = 8608.39
        Td = 4304.2
DiffEv reached_goal. cost=1.61418e-03 spread=2.98936e-06
Fitted parameter values
Free:
       pc1 = -2.71531
       pc2 = -2.25028
       pc3 = 2.43353
       pc4 = 1.44115
       pc5 = 1.71574
       pc6 = 0.225429
       pc7 = -0.126322
       pc8 = 1.05878
       pc9 = -1.38993
      pc10 = -1.75832
      pc11 = 0.86118
      pc12 = 0.0649921
      pc13 = -0.0479226
      pc14 = -0.0346652
      pc15 = 0.0241283
      pc16 = -0.0717115
      pc17 = -0.00572198
Constrained:
   Tgbecnw = 78087.5
     Tecnw = 23687.1
       Tnw = 17079.3
       Tec = 12315.6
     twoNb = 530779
     twoNe = 108527
     twoNc = 542980
     twoNn = 1.11732e+06
    twoNec = 97563.9
    twoNnw = 24215.7
  twoNecnw = 71022.8
  twoNbecnw = 1124.76
  twoNgbecnw = 370065
         m = 0.0846107
        m2 = 0.0190652
        m3 = 0.251949
        m4 = 0.0182059
        Tb = 18001.3
        Ta = 46600.7
        Tc = 8539.66
        Td = 4269.83
#       SitePat  BranchLen
              b 121522.8527156
              e 47860.7414722
              c 49112.1779286
              n 43711.0712663
              w 45834.9792657
            b:e 2113.1166129
            b:c 2452.5372281
            b:n 1597.2242561
            b:w 1739.3456748
            e:c 10134.3884677
            e:n 5686.0550629
            e:w 4710.2868765
            c:n 5169.5397739
            c:w 4674.8623074
            n:w 12268.8480244
          b:e:c 1944.4119349
          b:e:n 1041.8177982
          b:e:w 1022.5087348
          b:c:n 1023.4468865
          b:c:w 1066.1284806
          b:n:w 1903.0378030
          e:c:n 4913.3526143
          e:c:w 4186.2389235
          e:n:w 6013.3227062
          c:n:w 5523.5217377
        b:e:c:n 2010.2839306
        b:e:c:w 1918.4413596
        b:e:n:w 3267.8099317
        b:c:n:w 2693.4447342
        e:c:n:w 50493.6319184
