########################################
# legofit: estimate population history #
#            version 2.3.3             #
########################################

# Program was compiled: Sep 12 2021 17:54:39
# Program was run: Thu Sep 16 02:48:25 2021

# cmd: legofit -1 -d 0 -t 32 --ptsPerDim 3 --stateOut b1boot15.state --tol 3e-6 -S 5000 abcd2.lgo ../../boot/boot15.opf
# Stage nOptItr nSimReps
#     0    5000        0
# algorithm          : deterministic
# ignoring probs <=  : 0
# Branch length floor: 0
# DE strategy        : 2
#    F               : 0.3
#    CR              : 0.8
#    tolerance       : 3e-06
# nthreads           : 32
# lgo input file     : abcd2.lgo
# site pat input file: ../../boot/boot15.opf
# free parameters    : 17
# points in DE swarm : 51
# output state file  : b1boot15.state
# Including singleton site patterns.
# cost function      : KL
Initial parameter values
Fixed:
      zero = 0
       one = 1
    Tbecnw = 75200
Free:
       pc1 = 0
       pc2 = 0
       pc3 = 0
       pc4 = 0
       pc5 = 0
       pc6 = 0
       pc7 = 0
       pc8 = 0
       pc9 = 0
      pc10 = 0
      pc11 = 0
      pc12 = 0
      pc13 = 0
      pc14 = 0
      pc15 = 0
      pc16 = 0
      pc17 = 0
Constrained:
   Tgbecnw = 82992.7
     Tecnw = 23436.3
       Tnw = 17216.8
       Tec = 16076.9
     twoNb = 532035
     twoNe = 174664
     twoNc = 414014
     twoNn = 526475
    twoNec = 60780.9
    twoNnw = 23703.4
  twoNecnw = 73870.9
  twoNbecnw = 2982.25
  twoNgbecnw = 366101
         m = 0.0886802
        m2 = 0.0197186
        m3 = 0.239668
        m4 = 0.0174733
        Tb = 19756.6
        Ta = 47478.3
        Tc = 8608.39
        Td = 4304.2
DiffEv reached_goal. cost=1.63144e-03 spread=2.79262e-06
Fitted parameter values
Free:
       pc1 = -3.29026
       pc2 = -3.57087
       pc3 = 1.08247
       pc4 = 1.83553
       pc5 = 1.42653
       pc6 = -0.607805
       pc7 = 1.27739
       pc8 = 0.836711
       pc9 = -0.977729
      pc10 = -0.979614
      pc11 = 0.332175
      pc12 = 0.145093
      pc13 = -0.243415
      pc14 = -0.0131349
      pc15 = -0.0336663
      pc16 = -0.00687898
      pc17 = -0.0110425
Constrained:
   Tgbecnw = 76561.4
     Tecnw = 23763.1
       Tnw = 16793
       Tec = 12385.5
     twoNb = 566777
     twoNe = 114020
     twoNc = 205694
     twoNn = 369583
    twoNec = 95589.3
    twoNnw = 25523.1
  twoNecnw = 69334.3
  twoNbecnw = 528.496
  twoNgbecnw = 375599
         m = 0.0817592
        m2 = 0.0199758
        m3 = 0.256284
        m4 = 0.0178025
        Tb = 18074.3
        Ta = 46637.1
        Tc = 8396.52
        Td = 4198.26
#       SitePat  BranchLen
              b 120769.2029801
              e 47497.4257140
              c 48738.2941818
              n 43408.7423464
              w 45569.3980107
            b:e 2073.2410463
            b:c 2395.2169703
            b:n 1568.4533892
            b:w 1711.6526838
            e:c 10067.1301609
            e:n 5646.6919808
            e:w 4655.0109987
            c:n 5128.4163247
            c:w 4624.2030281
            n:w 12135.9738647
          b:e:c 1904.6947030
          b:e:n 1020.6825153
          b:e:w 1001.6226907
          b:c:n 1001.7775615
          b:c:w 1045.0201579
          b:n:w 1866.6540600
          e:c:n 4909.9549469
          e:c:w 4165.2952556
          e:n:w 5958.4413148
          c:n:w 5479.8705203
        b:e:c:n 1973.9040178
        b:e:c:w 1886.4202912
        b:e:n:w 3220.6354836
        b:c:n:w 2660.9528908
        e:c:n:w 50118.9805727
