########################################
# legofit: estimate population history #
#            version 2.3.3             #
########################################

# Program was compiled: Sep 12 2021 17:54:39
# Program was run: Thu Sep 16 10:26:21 2021

# cmd: legofit -1 -d 0 -t 32 --ptsPerDim 3 --stateOut b1boot48.state --tol 3e-6 -S 5000 abcd2.lgo ../../boot/boot48.opf
# Stage nOptItr nSimReps
#     0    5000        0
# algorithm          : deterministic
# ignoring probs <=  : 0
# Branch length floor: 0
# DE strategy        : 2
#    F               : 0.3
#    CR              : 0.8
#    tolerance       : 3e-06
# nthreads           : 32
# lgo input file     : abcd2.lgo
# site pat input file: ../../boot/boot48.opf
# free parameters    : 17
# points in DE swarm : 51
# output state file  : b1boot48.state
# Including singleton site patterns.
# cost function      : KL
Initial parameter values
Fixed:
      zero = 0
       one = 1
    Tbecnw = 75200
Free:
       pc1 = 0
       pc2 = 0
       pc3 = 0
       pc4 = 0
       pc5 = 0
       pc6 = 0
       pc7 = 0
       pc8 = 0
       pc9 = 0
      pc10 = 0
      pc11 = 0
      pc12 = 0
      pc13 = 0
      pc14 = 0
      pc15 = 0
      pc16 = 0
      pc17 = 0
Constrained:
   Tgbecnw = 82992.7
     Tecnw = 23436.3
       Tnw = 17216.8
       Tec = 16076.9
     twoNb = 532035
     twoNe = 174664
     twoNc = 414014
     twoNn = 526475
    twoNec = 60780.9
    twoNnw = 23703.4
  twoNecnw = 73870.9
  twoNbecnw = 2982.25
  twoNgbecnw = 366101
         m = 0.0886802
        m2 = 0.0197186
        m3 = 0.239668
        m4 = 0.0174733
        Tb = 19756.6
        Ta = 47478.3
        Tc = 8608.39
        Td = 4304.2
DiffEv reached_goal. cost=1.64245e-03 spread=2.96775e-06
Fitted parameter values
Free:
       pc1 = -1.94027
       pc2 = -2.7887
       pc3 = -0.766605
       pc4 = 1.0127
       pc5 = 1.88079
       pc6 = -0.53215
       pc7 = 0.238864
       pc8 = 0.0752434
       pc9 = -1.07768
      pc10 = -1.19898
      pc11 = 0.219788
      pc12 = 0.264475
      pc13 = 0.313376
      pc14 = -0.0215236
      pc15 = -0.00600998
      pc16 = -0.0313135
      pc17 = -0.00360388
Constrained:
   Tgbecnw = 78275
     Tecnw = 23841.1
       Tnw = 16762.1
       Tec = 13723.2
     twoNb = 540170
     twoNe = 176557
     twoNc = 551516
     twoNn = 475727
    twoNec = 84209.9
    twoNnw = 25614.9
  twoNecnw = 70712.7
  twoNbecnw = 1191.15
  twoNgbecnw = 374821
         m = 0.0842287
        m2 = 0.0203046
        m3 = 0.266558
        m4 = 0.0178191
        Tb = 18782.2
        Ta = 46991.1
        Tc = 8381.03
        Td = 4190.51
#       SitePat  BranchLen
              b 121819.4494763
              e 47965.4226489
              c 49170.9390882
              n 43775.8615850
              w 45970.8677645
            b:e 2115.1799895
            b:c 2444.6509237
            b:n 1600.8016467
            b:w 1749.4227085
            e:c 10096.4161427
            e:n 5669.7864299
            e:w 4692.7692034
            c:n 5188.4884622
            c:w 4653.3249087
            n:w 12233.6693783
          b:e:c 1941.4911854
          b:e:n 1040.3528073
          b:e:w 1024.2742358
          b:c:n 1023.7548766
          b:c:w 1065.4001091
          b:n:w 1903.3478660
          e:c:n 4955.9478482
          e:c:w 4187.3167061
          e:n:w 5981.5490670
          c:n:w 5507.8077791
        b:e:c:n 2020.8032856
        b:e:c:w 1932.4213436
        b:e:n:w 3286.5918460
        b:c:n:w 2721.5599650
        e:c:n:w 50779.1797948
