########################################
# legofit: estimate population history #
#            version 2.3.3             #
########################################

# Program was compiled: Sep 12 2021 17:54:39
# Program was run: Thu Sep 16 09:48:32 2021

# cmd: legofit -1 -d 0 -t 32 --ptsPerDim 3 --stateOut b1boot39.state --tol 3e-6 -S 5000 abcd2.lgo ../../boot/boot39.opf
# Stage nOptItr nSimReps
#     0    5000        0
# algorithm          : deterministic
# ignoring probs <=  : 0
# Branch length floor: 0
# DE strategy        : 2
#    F               : 0.3
#    CR              : 0.8
#    tolerance       : 3e-06
# nthreads           : 32
# lgo input file     : abcd2.lgo
# site pat input file: ../../boot/boot39.opf
# free parameters    : 17
# points in DE swarm : 51
# output state file  : b1boot39.state
# Including singleton site patterns.
# cost function      : KL
Initial parameter values
Fixed:
      zero = 0
       one = 1
    Tbecnw = 75200
Free:
       pc1 = 0
       pc2 = 0
       pc3 = 0
       pc4 = 0
       pc5 = 0
       pc6 = 0
       pc7 = 0
       pc8 = 0
       pc9 = 0
      pc10 = 0
      pc11 = 0
      pc12 = 0
      pc13 = 0
      pc14 = 0
      pc15 = 0
      pc16 = 0
      pc17 = 0
Constrained:
   Tgbecnw = 82992.7
     Tecnw = 23436.3
       Tnw = 17216.8
       Tec = 16076.9
     twoNb = 532035
     twoNe = 174664
     twoNc = 414014
     twoNn = 526475
    twoNec = 60780.9
    twoNnw = 23703.4
  twoNecnw = 73870.9
  twoNbecnw = 2982.25
  twoNgbecnw = 366101
         m = 0.0886802
        m2 = 0.0197186
        m3 = 0.239668
        m4 = 0.0174733
        Tb = 19756.6
        Ta = 47478.3
        Tc = 8608.39
        Td = 4304.2
DiffEv reached_goal. cost=1.58078e-03 spread=2.97744e-06
Fitted parameter values
Free:
       pc1 = -1.34747
       pc2 = -2.61244
       pc3 = -0.158765
       pc4 = 0.597514
       pc5 = 1.82139
       pc6 = -0.800355
       pc7 = 0.223136
       pc8 = 1.06332
       pc9 = -0.317076
      pc10 = -1.42494
      pc11 = -0.21289
      pc12 = -0.0790517
      pc13 = -0.0632503
      pc14 = -0.136778
      pc15 = -0.0262453
      pc16 = -0.0237996
      pc17 = -0.00225342
Constrained:
   Tgbecnw = 77783.4
     Tecnw = 23774.5
       Tnw = 16867.6
       Tec = 14572.7
     twoNb = 542493
     twoNe = 167339
     twoNc = 145403
     twoNn = 835834
    twoNec = 75740.5
    twoNnw = 24933.4
  twoNecnw = 70420.9
  twoNbecnw = 1010.2
  twoNgbecnw = 369213
         m = 0.0835564
        m2 = 0.0198119
        m3 = 0.263856
        m4 = 0.017616
        Tb = 19173.6
        Ta = 47186.8
        Tc = 8433.81
        Td = 4216.9
#       SitePat  BranchLen
              b 121175.0465436
              e 47798.5775418
              c 49046.7527269
              n 43621.7289510
              w 45855.8628214
            b:e 2106.1730566
            b:c 2435.5610162
            b:n 1597.7698387
            b:w 1754.8075139
            e:c 10078.8795439
            e:n 5692.7214094
            e:w 4672.5331934
            c:n 5152.7200413
            c:w 4650.4416809
            n:w 12236.2242460
          b:e:c 1946.5086400
          b:e:n 1041.8664762
          b:e:w 1020.6750348
          b:c:n 1020.3422686
          b:c:w 1067.3956398
          b:n:w 1908.0818687
          e:c:n 4981.4023289
          e:c:w 4189.0385709
          e:n:w 5988.4387245
          c:n:w 5503.2168575
        b:e:c:n 2024.7843014
        b:e:c:w 1922.5811967
        b:e:n:w 3250.3277125
        b:c:n:w 2694.8828060
        e:c:n:w 50252.2964422
