########################################
# legofit: estimate population history #
#       version 2.3.4-4-g53f8760       #
########################################

# Program was compiled: Sep 21 2021 14:36:42
# Program was run: Mon Oct 11 17:19:28 2021

# cmd: legofit -1 -d 0 -t 32 --ptsPerDim 3 --stateOut b1.state --tol 3e-6 -S 5000 abef2.lgo ../../chrX/pan_chrX.opf
# Stage nOptItr nSimReps
#     0    5000        0
# algorithm          : deterministic
# ignoring probs <=  : 0
# Branch length floor: 0
# DE strategy        : 2
#    F               : 0.3
#    CR              : 0.8
#    tolerance       : 3e-06
# nthreads           : 32
# lgo input file     : abef2.lgo
# site pat input file: ../../chrX/pan_chrX.opf
# free parameters    : 17
# points in DE swarm : 51
# output state file  : b1.state
# Including singleton site patterns.
# cost function      : KL
Initial parameter values
Fixed:
      zero = 0
       one = 1
    Tbecnw = 75200
Free:
       pc1 = 0
       pc2 = 0
       pc3 = 0
       pc4 = 0
       pc5 = 0
       pc6 = 0
       pc7 = 0
       pc8 = 0
       pc9 = 0
      pc10 = 0
      pc11 = 0
      pc12 = 0
      pc13 = 0
      pc14 = 0
      pc15 = 0
      pc16 = 0
      pc17 = 0
Constrained:
   Tgbecnw = 149506
     Tecnw = 27983.7
       Tnw = 9423.88
       Tec = 2018.27
     twoNb = 2.52806e+06
     twoNe = 1.03892e+06
     twoNc = 1.43778e+06
     twoNw = 1.09426e+06
    twoNec = 127834
    twoNnw = 90007.1
  twoNecnw = 58845.2
  twoNbecnw = 17104.4
  twoNgbecnw = 204682
         m = 0.14324
        m2 = 0.0249403
        m5 = 0.154862
        m6 = 0.0191912
        Tb = 15001
        Ta = 45100.5
        Te = 1009.14
        Tf = 504.568
DiffEv reached_goal. cost=2.23170e-03 spread=2.77623e-06
Fitted parameter values
Free:
       pc1 = 1.47999
       pc2 = 0.700251
       pc3 = -0.82161
       pc4 = -0.308931
       pc5 = 0.184524
       pc6 = 0.530962
       pc7 = -1.89837
       pc8 = 0.13596
       pc9 = -0.463797
      pc10 = -0.432003
      pc11 = 0.564878
      pc12 = -0.00971198
      pc13 = -0.174658
      pc14 = -0.259644
      pc15 = -0.0090821
      pc16 = -0.0820056
      pc17 = 0.0499271
Constrained:
   Tgbecnw = 107226
     Tecnw = 26919.7
       Tnw = 10101.9
       Tec = 296.54
     twoNb = 3.62142e+06
     twoNe = 1.59773e+06
     twoNc = 5.44002e+06
     twoNw = 1.54266e+06
    twoNec = 141515
    twoNnw = 81326.8
  twoNecnw = 57693.5
  twoNbecnw = 12189.2
  twoNgbecnw = 189153
         m = 0.142805
        m2 = 0.0231877
        m5 = 0.140717
        m6 = 0.000627832
        Tb = 13608.1
        Ta = 44404.1
        Te = 148.27
        Tf = 74.135
#       SitePat  BranchLen
              b 120848.2022729
              e 45026.0440471
              c 47030.8767564
              n 44172.2141609
              w 44132.4926835
            b:e 1286.9624464
            b:c 1430.1742332
            b:n 1063.5432255
            b:w 1062.0391216
            e:c 11849.2148150
            e:n 4643.9358282
            e:w 4683.4448674
            c:n 4096.8870244
            c:w 4089.3788191
            n:w 12414.7108634
          b:e:c 1248.3712362
          b:e:n 590.9790234
          b:e:w 592.4693668
          b:c:n 594.3617041
          b:c:w 592.8043927
          b:n:w 1275.8177952
          e:c:n 4393.1661036
          e:c:w 4400.8867471
          e:n:w 5730.9672038
          c:n:w 4924.5158805
        b:e:c:n 1133.8287499
        b:e:c:w 1135.3998216
        b:e:n:w 1884.9391974
        b:c:n:w 1680.7431044
        e:c:n:w 47820.0266612
