########################################
# legofit: estimate population history #
#       version 2.3.4-4-g53f8760       #
########################################

# Program was compiled: Sep 21 2021 14:36:42
# Program was run: Mon Oct 11 18:19:42 2021

# cmd: legofit -1 -d 0 -t 32 --ptsPerDim 3 --stateOut b1boot39.state --tol 3e-6 -S 5000 abef2.lgo ../../chrX/boot_chrX/boot39.opf
# Stage nOptItr nSimReps
#     0    5000        0
# algorithm          : deterministic
# ignoring probs <=  : 0
# Branch length floor: 0
# DE strategy        : 2
#    F               : 0.3
#    CR              : 0.8
#    tolerance       : 3e-06
# nthreads           : 32
# lgo input file     : abef2.lgo
# site pat input file: ../../chrX/boot_chrX/boot39.opf
# free parameters    : 17
# points in DE swarm : 51
# output state file  : b1boot39.state
# Including singleton site patterns.
# cost function      : KL
Initial parameter values
Fixed:
      zero = 0
       one = 1
    Tbecnw = 75200
Free:
       pc1 = 0
       pc2 = 0
       pc3 = 0
       pc4 = 0
       pc5 = 0
       pc6 = 0
       pc7 = 0
       pc8 = 0
       pc9 = 0
      pc10 = 0
      pc11 = 0
      pc12 = 0
      pc13 = 0
      pc14 = 0
      pc15 = 0
      pc16 = 0
      pc17 = 0
Constrained:
   Tgbecnw = 149506
     Tecnw = 27983.7
       Tnw = 9423.88
       Tec = 2018.27
     twoNb = 2.52806e+06
     twoNe = 1.03892e+06
     twoNc = 1.43778e+06
     twoNw = 1.09426e+06
    twoNec = 127834
    twoNnw = 90007.1
  twoNecnw = 58845.2
  twoNbecnw = 17104.4
  twoNgbecnw = 204682
         m = 0.14324
        m2 = 0.0249403
        m5 = 0.154862
        m6 = 0.0191912
        Tb = 15001
        Ta = 45100.5
        Te = 1009.14
        Tf = 504.568
DiffEv reached_goal. cost=2.22037e-03 spread=2.71897e-06
Fitted parameter values
Free:
       pc1 = 0.0524588
       pc2 = 0.0798803
       pc3 = -1.16659
       pc4 = 0.764165
       pc5 = -0.641674
       pc6 = 0.441056
       pc7 = -1.52702
       pc8 = 0.321831
       pc9 = -0.292813
      pc10 = 0.372113
      pc11 = 0.439634
      pc12 = -0.306272
      pc13 = -0.459097
      pc14 = -0.20452
      pc15 = -0.0249385
      pc16 = 0.0822429
      pc17 = -0.033569
Constrained:
   Tgbecnw = 110940
     Tecnw = 27930.8
       Tnw = 9739.69
       Tec = 15.4123
     twoNb = 4.4512e+06
     twoNe = 3.08929e+06
     twoNc = 3.33153e+06
     twoNw = 1.47889e+06
    twoNec = 133312
    twoNnw = 86877.5
  twoNecnw = 56297.6
  twoNbecnw = 13159.8
  twoNgbecnw = 197167
         m = 0.137267
        m2 = 0.0260037
        m5 = 0.166319
        m6 = 0.0388401
        Tb = 13973.1
        Ta = 44586.5
        Te = 7.70613
        Tf = 3.85307
#       SitePat  BranchLen
              b 121695.6272804
              e 45267.9921639
              c 47141.5640226
              n 44417.7300181
              w 44358.3882006
            b:e 1293.1004484
            b:c 1427.3723202
            b:n 1061.5670874
            b:w 1059.3446361
            e:c 11862.6065091
            e:n 4656.4540475
            e:w 4702.3575173
            c:n 4145.7588346
            c:w 4147.5805942
            n:w 12284.7175795
          b:e:c 1237.2226898
          b:e:n 590.0321552
          b:e:w 591.3954881
          b:c:n 593.0459985
          b:c:w 591.5910371
          b:n:w 1272.9887489
          e:c:n 4376.4350476
          e:c:w 4388.0516357
          e:n:w 5716.2032522
          c:n:w 4969.7363382
        b:e:c:n 1126.3992291
        b:e:c:w 1128.7133089
        b:e:n:w 1925.0097048
        b:c:n:w 1725.8955700
        e:c:n:w 48457.3329250
