########################################
# legofit: estimate population history #
#       version 2.3.4-4-g53f8760       #
########################################

# Program was compiled: Sep 21 2021 14:36:42
# Program was run: Mon Oct 11 17:36:48 2021

# cmd: legofit -1 -d 0 -t 32 --ptsPerDim 3 --stateOut b1boot11.state --tol 3e-6 -S 5000 abef2.lgo ../../chrX/boot_chrX/boot11.opf
# Stage nOptItr nSimReps
#     0    5000        0
# algorithm          : deterministic
# ignoring probs <=  : 0
# Branch length floor: 0
# DE strategy        : 2
#    F               : 0.3
#    CR              : 0.8
#    tolerance       : 3e-06
# nthreads           : 32
# lgo input file     : abef2.lgo
# site pat input file: ../../chrX/boot_chrX/boot11.opf
# free parameters    : 17
# points in DE swarm : 51
# output state file  : b1boot11.state
# Including singleton site patterns.
# cost function      : KL
Initial parameter values
Fixed:
      zero = 0
       one = 1
    Tbecnw = 75200
Free:
       pc1 = 0
       pc2 = 0
       pc3 = 0
       pc4 = 0
       pc5 = 0
       pc6 = 0
       pc7 = 0
       pc8 = 0
       pc9 = 0
      pc10 = 0
      pc11 = 0
      pc12 = 0
      pc13 = 0
      pc14 = 0
      pc15 = 0
      pc16 = 0
      pc17 = 0
Constrained:
   Tgbecnw = 149506
     Tecnw = 27983.7
       Tnw = 9423.88
       Tec = 2018.27
     twoNb = 2.52806e+06
     twoNe = 1.03892e+06
     twoNc = 1.43778e+06
     twoNw = 1.09426e+06
    twoNec = 127834
    twoNnw = 90007.1
  twoNecnw = 58845.2
  twoNbecnw = 17104.4
  twoNgbecnw = 204682
         m = 0.14324
        m2 = 0.0249403
        m5 = 0.154862
        m6 = 0.0191912
        Tb = 15001
        Ta = 45100.5
        Te = 1009.14
        Tf = 504.568
DiffEv reached_goal. cost=2.24702e-03 spread=2.84740e-06
Fitted parameter values
Free:
       pc1 = 2.53583
       pc2 = 0.048784
       pc3 = 0.0325138
       pc4 = 0.694271
       pc5 = -1.38425
       pc6 = -0.450651
       pc7 = -1.22734
       pc8 = -0.432687
       pc9 = -1.00032
      pc10 = 0.22781
      pc11 = 0.137893
      pc12 = -0.227812
      pc13 = -0.537387
      pc14 = 0.11619
      pc15 = 0.214704
      pc16 = 0.0949874
      pc17 = 0.110017
Constrained:
   Tgbecnw = 108141
     Tecnw = 25799.2
       Tnw = 13412.8
       Tec = 2518.1
     twoNb = 4.7808e+06
     twoNe = 4.99553e+06
     twoNc = 2.81253e+06
     twoNw = 1.56655e+06
    twoNec = 117463
    twoNnw = 55643.5
  twoNecnw = 62773
  twoNbecnw = 11910.8
  twoNgbecnw = 209216
         m = 0.138093
        m2 = 0.0233872
        m5 = 0.139268
        m6 = 0.00206537
        Tb = 14158.6
        Ta = 44679.3
        Te = 1259.05
        Tf = 629.524
#       SitePat  BranchLen
              b 122138.1920868
              e 45127.0381954
              c 47168.1779514
              n 44216.1738347
              w 44170.7814615
            b:e 1300.9484308
            b:c 1450.2645652
            b:n 1074.6649962
            b:w 1072.8431873
            e:c 12263.5794467
            e:n 4643.1438348
            e:w 4687.6914582
            c:n 4108.6720171
            c:w 4100.2368433
            n:w 12797.8648884
          b:e:c 1304.6311919
          b:e:n 592.0011458
          b:e:w 593.7656315
          b:c:n 595.9282704
          b:c:w 594.0743894
          b:n:w 1337.5237836
          e:c:n 4371.8260279
          e:c:w 4381.1059516
          e:n:w 5794.4828481
          c:n:w 4938.7106345
        b:e:c:n 1152.5291681
        b:e:c:w 1154.4403723
        b:e:n:w 1960.6558297
        b:c:n:w 1743.6626421
        e:c:n:w 48738.2865566
