########################################
# legofit: estimate population history #
#       version 2.3.4-4-g53f8760       #
########################################

# Program was compiled: Sep 21 2021 14:36:42
# Program was run: Mon Oct 11 17:19:33 2021

# cmd: legofit -1 -d 0 -t 32 --ptsPerDim 3 --stateOut b1boot0.state --tol 3e-6 -S 5000 abef2.lgo ../../chrX/boot_chrX/boot0.opf
# Stage nOptItr nSimReps
#     0    5000        0
# algorithm          : deterministic
# ignoring probs <=  : 0
# Branch length floor: 0
# DE strategy        : 2
#    F               : 0.3
#    CR              : 0.8
#    tolerance       : 3e-06
# nthreads           : 32
# lgo input file     : abef2.lgo
# site pat input file: ../../chrX/boot_chrX/boot0.opf
# free parameters    : 17
# points in DE swarm : 51
# output state file  : b1boot0.state
# Including singleton site patterns.
# cost function      : KL
Initial parameter values
Fixed:
      zero = 0
       one = 1
    Tbecnw = 75200
Free:
       pc1 = 0
       pc2 = 0
       pc3 = 0
       pc4 = 0
       pc5 = 0
       pc6 = 0
       pc7 = 0
       pc8 = 0
       pc9 = 0
      pc10 = 0
      pc11 = 0
      pc12 = 0
      pc13 = 0
      pc14 = 0
      pc15 = 0
      pc16 = 0
      pc17 = 0
Constrained:
   Tgbecnw = 149506
     Tecnw = 27983.7
       Tnw = 9423.88
       Tec = 2018.27
     twoNb = 2.52806e+06
     twoNe = 1.03892e+06
     twoNc = 1.43778e+06
     twoNw = 1.09426e+06
    twoNec = 127834
    twoNnw = 90007.1
  twoNecnw = 58845.2
  twoNbecnw = 17104.4
  twoNgbecnw = 204682
         m = 0.14324
        m2 = 0.0249403
        m5 = 0.154862
        m6 = 0.0191912
        Tb = 15001
        Ta = 45100.5
        Te = 1009.14
        Tf = 504.568
DiffEv reached_goal. cost=2.18137e-03 spread=2.89698e-06
Fitted parameter values
Free:
       pc1 = 0.530379
       pc2 = 0.614414
       pc3 = -1.54087
       pc4 = 0.939046
       pc5 = -0.857505
       pc6 = 0.823548
       pc7 = -0.552545
       pc8 = 0.817021
       pc9 = -1.45476
      pc10 = 0.77797
      pc11 = 0.993381
      pc12 = -0.0497013
      pc13 = -0.242061
      pc14 = -0.450855
      pc15 = -0.0279206
      pc16 = -0.156321
      pc17 = 0.0062571
Constrained:
   Tgbecnw = 106532
     Tecnw = 27166.3
       Tnw = 9472.9
       Tec = 30.0569
     twoNb = 7.13429e+06
     twoNe = 2.44858e+06
     twoNc = 1.8072e+06
     twoNw = 1.48715e+06
    twoNec = 139111
    twoNnw = 83947.5
  twoNecnw = 55506.1
  twoNbecnw = 11674.4
  twoNgbecnw = 208810
         m = 0.122664
        m2 = 0.0277787
        m5 = 0.150051
        m6 = 0.00892411
        Tb = 13598.2
        Ta = 44399.1
        Te = 15.0284
        Tf = 7.51422
#       SitePat  BranchLen
              b 119346.7486985
              e 44767.7270608
              c 46839.7159404
              n 43691.7653750
              w 43647.9089120
            b:e 1295.2889559
            b:c 1444.0387155
            b:n 1059.5246366
            b:w 1057.8617492
            e:c 11732.7747480
            e:n 4595.5256046
            e:w 4636.4421768
            c:n 4034.9912970
            c:w 4029.4588522
            n:w 12382.0281497
          b:e:c 1253.4319196
          b:e:n 590.3502511
          b:e:w 591.8221456
          b:c:n 593.8205634
          b:c:w 592.2746183
          b:n:w 1288.3520560
          e:c:n 4336.2688055
          e:c:w 4344.7411411
          e:n:w 5770.1376243
          c:n:w 4937.8952310
        b:e:c:n 1129.5579999
        b:e:c:w 1131.2949380
        b:e:n:w 1990.0475961
        b:c:n:w 1765.1461388
        e:c:n:w 46964.1503861
