########################################
# legofit: estimate population history #
#       version 2.3.4-4-g53f8760       #
########################################

# Program was compiled: Sep 21 2021 14:36:42
# Program was run: Mon Oct 11 17:54:52 2021

# cmd: legofit -1 -d 0 -t 32 --ptsPerDim 3 --stateOut b1boot24.state --tol 3e-6 -S 5000 abef2.lgo ../../chrX/boot_chrX/boot24.opf
# Stage nOptItr nSimReps
#     0    5000        0
# algorithm          : deterministic
# ignoring probs <=  : 0
# Branch length floor: 0
# DE strategy        : 2
#    F               : 0.3
#    CR              : 0.8
#    tolerance       : 3e-06
# nthreads           : 32
# lgo input file     : abef2.lgo
# site pat input file: ../../chrX/boot_chrX/boot24.opf
# free parameters    : 17
# points in DE swarm : 51
# output state file  : b1boot24.state
# Including singleton site patterns.
# cost function      : KL
Initial parameter values
Fixed:
      zero = 0
       one = 1
    Tbecnw = 75200
Free:
       pc1 = 0
       pc2 = 0
       pc3 = 0
       pc4 = 0
       pc5 = 0
       pc6 = 0
       pc7 = 0
       pc8 = 0
       pc9 = 0
      pc10 = 0
      pc11 = 0
      pc12 = 0
      pc13 = 0
      pc14 = 0
      pc15 = 0
      pc16 = 0
      pc17 = 0
Constrained:
   Tgbecnw = 149506
     Tecnw = 27983.7
       Tnw = 9423.88
       Tec = 2018.27
     twoNb = 2.52806e+06
     twoNe = 1.03892e+06
     twoNc = 1.43778e+06
     twoNw = 1.09426e+06
    twoNec = 127834
    twoNnw = 90007.1
  twoNecnw = 58845.2
  twoNbecnw = 17104.4
  twoNgbecnw = 204682
         m = 0.14324
        m2 = 0.0249403
        m5 = 0.154862
        m6 = 0.0191912
        Tb = 15001
        Ta = 45100.5
        Te = 1009.14
        Tf = 504.568
DiffEv reached_goal. cost=2.34486e-03 spread=2.87713e-06
Fitted parameter values
Free:
       pc1 = 2.3001
       pc2 = -0.223718
       pc3 = 0.290681
       pc4 = 1.58206
       pc5 = -1.60145
       pc6 = 1.73823
       pc7 = -0.520503
       pc8 = 0.523477
       pc9 = -1.69897
      pc10 = 0.678974
      pc11 = 0.706193
      pc12 = 0.00490042
      pc13 = -0.501978
      pc14 = -0.0122853
      pc15 = -0.0933164
      pc16 = 0.0613732
      pc17 = 0.0376363
Constrained:
   Tgbecnw = 104870
     Tecnw = 25889.3
       Tnw = 15272.3
       Tec = 2974.66
     twoNb = 9.44129e+06
     twoNe = 1.49461e+06
     twoNc = 1.98762e+06
     twoNw = 1.56362e+06
    twoNec = 115372
    twoNnw = 49641.4
  twoNecnw = 60183.5
  twoNbecnw = 11006
  twoNgbecnw = 207797
         m = 0.13068
        m2 = 0.0250838
        m5 = 0.157265
        m6 = 0.0104152
        Tb = 14432
        Ta = 44816
        Te = 1487.33
        Tf = 743.665
#       SitePat  BranchLen
              b 119960.1267067
              e 44772.9635645
              c 46825.2700454
              n 44099.3719876
              w 44039.7624328
            b:e 1280.5009019
            b:c 1434.8003632
            b:n 1067.0495103
            b:w 1064.5963683
            e:c 11799.1039450
            e:n 4652.0826173
            e:w 4706.9479521
            c:n 4128.3051455
            c:w 4120.4441648
            n:w 12109.5438384
          b:e:c 1266.2140265
          b:e:n 594.2004048
          b:e:w 596.3257073
          b:c:n 598.6163062
          b:c:w 596.3714613
          b:n:w 1299.2547784
          e:c:n 4368.4451540
          e:c:w 4381.0503547
          e:n:w 5788.9960317
          c:n:w 4917.5884660
        b:e:c:n 1143.5536151
        b:e:c:w 1146.1262995
        b:e:n:w 1958.8819217
        b:c:n:w 1729.5030863
        e:c:n:w 47280.7293422
