########################################
# legofit: estimate population history #
#       version 2.3.4-4-g53f8760       #
########################################

# Program was compiled: Sep 21 2021 14:36:42
# Program was run: Mon Oct 11 18:06:41 2021

# cmd: legofit -1 -d 0 -t 32 --ptsPerDim 3 --stateOut b1boot32.state --tol 3e-6 -S 5000 abef2.lgo ../../chrX/boot_chrX/boot32.opf
# Stage nOptItr nSimReps
#     0    5000        0
# algorithm          : deterministic
# ignoring probs <=  : 0
# Branch length floor: 0
# DE strategy        : 2
#    F               : 0.3
#    CR              : 0.8
#    tolerance       : 3e-06
# nthreads           : 32
# lgo input file     : abef2.lgo
# site pat input file: ../../chrX/boot_chrX/boot32.opf
# free parameters    : 17
# points in DE swarm : 51
# output state file  : b1boot32.state
# Including singleton site patterns.
# cost function      : KL
Initial parameter values
Fixed:
      zero = 0
       one = 1
    Tbecnw = 75200
Free:
       pc1 = 0
       pc2 = 0
       pc3 = 0
       pc4 = 0
       pc5 = 0
       pc6 = 0
       pc7 = 0
       pc8 = 0
       pc9 = 0
      pc10 = 0
      pc11 = 0
      pc12 = 0
      pc13 = 0
      pc14 = 0
      pc15 = 0
      pc16 = 0
      pc17 = 0
Constrained:
   Tgbecnw = 149506
     Tecnw = 27983.7
       Tnw = 9423.88
       Tec = 2018.27
     twoNb = 2.52806e+06
     twoNe = 1.03892e+06
     twoNc = 1.43778e+06
     twoNw = 1.09426e+06
    twoNec = 127834
    twoNnw = 90007.1
  twoNecnw = 58845.2
  twoNbecnw = 17104.4
  twoNgbecnw = 204682
         m = 0.14324
        m2 = 0.0249403
        m5 = 0.154862
        m6 = 0.0191912
        Tb = 15001
        Ta = 45100.5
        Te = 1009.14
        Tf = 504.568
DiffEv reached_goal. cost=2.10479e-03 spread=2.89664e-06
Fitted parameter values
Free:
       pc1 = 2.13178
       pc2 = 1.14992
       pc3 = -0.668336
       pc4 = 0.407442
       pc5 = -1.80283
       pc6 = 0.334506
       pc7 = -1.94826
       pc8 = -0.3125
       pc9 = -0.463435
      pc10 = -0.38201
      pc11 = 0.689396
      pc12 = -0.0411764
      pc13 = -0.215934
      pc14 = -0.379092
      pc15 = 0.108696
      pc16 = -0.0784787
      pc17 = -0.0098948
Constrained:
   Tgbecnw = 109142
     Tecnw = 26765.5
       Tnw = 14042.1
       Tec = 543.534
     twoNb = 5.67244e+06
     twoNe = 5.28985e+06
     twoNc = 4.61576e+06
     twoNw = 1.50113e+06
    twoNec = 138575
    twoNnw = 58265.2
  twoNecnw = 57401.8
  twoNbecnw = 12170.6
  twoNgbecnw = 218269
         m = 0.121672
        m2 = 0.021987
        m5 = 0.140486
        m6 = 0.00036889
        Tb = 13654.5
        Ta = 44427.2
        Te = 271.767
        Tf = 135.883
#       SitePat  BranchLen
              b 120445.9872568
              e 44828.2273661
              c 46811.4799589
              n 44091.8311600
              w 44038.4635264
            b:e 1259.8996757
            b:c 1403.9035455
            b:n 1051.5236137
            b:w 1049.4214304
            e:c 11869.8401690
            e:n 4547.4506439
            e:w 4600.6484121
            c:n 4035.6068436
            c:w 4025.0005201
            n:w 12244.7516550
          b:e:c 1256.3868624
          b:e:n 582.8515879
          b:e:w 584.9424044
          b:c:n 586.9260686
          b:c:w 584.7414751
          b:n:w 1283.9931920
          e:c:n 4340.9529608
          e:c:w 4351.7291497
          e:n:w 5749.8395780
          c:n:w 4913.5350438
        b:e:c:n 1120.3565298
        b:e:c:w 1122.5524901
        b:e:n:w 1873.3930690
        b:c:n:w 1666.0592361
        e:c:n:w 47783.8678316
