########################################
# legofit: estimate population history #
#       version 2.3.4-4-g53f8760       #
########################################

# Program was compiled: Sep 21 2021 14:36:42
# Program was run: Mon Oct 11 17:56:18 2021

# cmd: legofit -1 -d 0 -t 32 --ptsPerDim 3 --stateOut b1boot26.state --tol 3e-6 -S 5000 abef2.lgo ../../chrX/boot_chrX/boot26.opf
# Stage nOptItr nSimReps
#     0    5000        0
# algorithm          : deterministic
# ignoring probs <=  : 0
# Branch length floor: 0
# DE strategy        : 2
#    F               : 0.3
#    CR              : 0.8
#    tolerance       : 3e-06
# nthreads           : 32
# lgo input file     : abef2.lgo
# site pat input file: ../../chrX/boot_chrX/boot26.opf
# free parameters    : 17
# points in DE swarm : 51
# output state file  : b1boot26.state
# Including singleton site patterns.
# cost function      : KL
Initial parameter values
Fixed:
      zero = 0
       one = 1
    Tbecnw = 75200
Free:
       pc1 = 0
       pc2 = 0
       pc3 = 0
       pc4 = 0
       pc5 = 0
       pc6 = 0
       pc7 = 0
       pc8 = 0
       pc9 = 0
      pc10 = 0
      pc11 = 0
      pc12 = 0
      pc13 = 0
      pc14 = 0
      pc15 = 0
      pc16 = 0
      pc17 = 0
Constrained:
   Tgbecnw = 149506
     Tecnw = 27983.7
       Tnw = 9423.88
       Tec = 2018.27
     twoNb = 2.52806e+06
     twoNe = 1.03892e+06
     twoNc = 1.43778e+06
     twoNw = 1.09426e+06
    twoNec = 127834
    twoNnw = 90007.1
  twoNecnw = 58845.2
  twoNbecnw = 17104.4
  twoNgbecnw = 204682
         m = 0.14324
        m2 = 0.0249403
        m5 = 0.154862
        m6 = 0.0191912
        Tb = 15001
        Ta = 45100.5
        Te = 1009.14
        Tf = 504.568
DiffEv reached_goal. cost=2.21604e-03 spread=2.95125e-06
Fitted parameter values
Free:
       pc1 = 0.737914
       pc2 = 0.916185
       pc3 = -0.597352
       pc4 = 0.92618
       pc5 = 0.0675373
       pc6 = -0.0914646
       pc7 = -0.577214
       pc8 = 0.162179
       pc9 = -0.241591
      pc10 = 0.28291
      pc11 = 0.323698
      pc12 = -0.32615
      pc13 = -0.337946
      pc14 = -0.32986
      pc15 = -0.0781255
      pc16 = -0.0266293
      pc17 = -0.0134851
Constrained:
   Tgbecnw = 115051
     Tecnw = 27206.5
       Tnw = 10910.1
       Tec = 67.8742
     twoNb = 3.28647e+06
     twoNe = 1.90713e+06
     twoNc = 969033
     twoNw = 1.48554e+06
    twoNec = 140818
    twoNnw = 77510
  twoNecnw = 58483.7
  twoNbecnw = 14508
  twoNgbecnw = 202420
         m = 0.127154
        m2 = 0.0250176
        m5 = 0.145097
        m6 = 0.0210366
        Tb = 13637.2
        Ta = 44418.6
        Te = 33.9371
        Tf = 16.9685
#       SitePat  BranchLen
              b 121423.6646416
              e 45674.6610868
              c 47497.6726649
              n 44629.7078051
              w 44576.6031637
            b:e 1367.5785867
            b:c 1503.1370983
            b:n 1124.2307691
            b:w 1122.1082984
            e:c 11993.1679083
            e:n 4716.6421883
            e:w 4761.6654252
            c:n 4227.7925408
            c:w 4225.2522460
            n:w 12556.1189063
          b:e:c 1317.5862926
          b:e:n 626.8757183
          b:e:w 628.4487119
          b:c:n 630.1700758
          b:c:w 628.5084804
          b:n:w 1348.2859575
          e:c:n 4464.6633779
          e:c:w 4475.2850771
          e:n:w 5845.2490949
          c:n:w 5103.7237446
        b:e:c:n 1193.9153475
        b:e:c:w 1196.1264200
        b:e:n:w 1989.6261473
        b:c:n:w 1794.4900589
        e:c:n:w 47643.2615754
