########################################
# legofit: estimate population history #
#       version 2.3.4-4-g53f8760       #
########################################

# Program was compiled: Sep 21 2021 14:36:42
# Program was run: Mon Oct 11 17:53:28 2021

# cmd: legofit -1 -d 0 -t 32 --ptsPerDim 3 --stateOut b1boot22.state --tol 3e-6 -S 5000 abef2.lgo ../../chrX/boot_chrX/boot22.opf
# Stage nOptItr nSimReps
#     0    5000        0
# algorithm          : deterministic
# ignoring probs <=  : 0
# Branch length floor: 0
# DE strategy        : 2
#    F               : 0.3
#    CR              : 0.8
#    tolerance       : 3e-06
# nthreads           : 32
# lgo input file     : abef2.lgo
# site pat input file: ../../chrX/boot_chrX/boot22.opf
# free parameters    : 17
# points in DE swarm : 51
# output state file  : b1boot22.state
# Including singleton site patterns.
# cost function      : KL
Initial parameter values
Fixed:
      zero = 0
       one = 1
    Tbecnw = 75200
Free:
       pc1 = 0
       pc2 = 0
       pc3 = 0
       pc4 = 0
       pc5 = 0
       pc6 = 0
       pc7 = 0
       pc8 = 0
       pc9 = 0
      pc10 = 0
      pc11 = 0
      pc12 = 0
      pc13 = 0
      pc14 = 0
      pc15 = 0
      pc16 = 0
      pc17 = 0
Constrained:
   Tgbecnw = 149506
     Tecnw = 27983.7
       Tnw = 9423.88
       Tec = 2018.27
     twoNb = 2.52806e+06
     twoNe = 1.03892e+06
     twoNc = 1.43778e+06
     twoNw = 1.09426e+06
    twoNec = 127834
    twoNnw = 90007.1
  twoNecnw = 58845.2
  twoNbecnw = 17104.4
  twoNgbecnw = 204682
         m = 0.14324
        m2 = 0.0249403
        m5 = 0.154862
        m6 = 0.0191912
        Tb = 15001
        Ta = 45100.5
        Te = 1009.14
        Tf = 504.568
DiffEv reached_goal. cost=2.27918e-03 spread=2.64479e-06
Fitted parameter values
Free:
       pc1 = 3.7913
       pc2 = 0.059837
       pc3 = 0.875194
       pc4 = 0.720274
       pc5 = -0.903336
       pc6 = 1.42291
       pc7 = -1.32706
       pc8 = -0.540285
       pc9 = -0.404964
      pc10 = -0.547107
      pc11 = -0.241051
      pc12 = -0.036781
      pc13 = -0.0475722
      pc14 = 0.193594
      pc15 = -0.00944343
      pc16 = 0.0790111
      pc17 = 0.101084
Constrained:
   Tgbecnw = 108001
     Tecnw = 25865.5
       Tnw = 17510.6
       Tec = 3072
     twoNb = 6.48877e+06
     twoNe = 1.53801e+06
     twoNc = 4.29026e+06
     twoNw = 1.52433e+06
    twoNec = 123043
    twoNnw = 35912.5
  twoNecnw = 64302.2
  twoNbecnw = 12982.5
  twoNgbecnw = 165186
         m = 0.169741
        m2 = 0.0197283
        m5 = 0.140291
        m6 = 0.000597571
        Tb = 14468.7
        Ta = 44834.4
        Te = 1536
        Tf = 768
#       SitePat  BranchLen
              b 122098.6056533
              e 45817.3903937
              c 47863.5080254
              n 44815.9609292
              w 44757.2063440
            b:e 1327.8428985
            b:c 1485.2099425
            b:n 1082.7152207
            b:w 1080.2383581
            e:c 12123.8577480
            e:n 4688.8931522
            e:w 4747.3282841
            c:n 4178.7295758
            c:w 4166.4721646
            n:w 12723.9869415
          b:e:c 1323.5333016
          b:e:n 603.3015281
          b:e:w 605.7558641
          b:c:n 607.8940017
          b:c:w 605.3236125
          b:n:w 1344.8576433
          e:c:n 4379.7848564
          e:c:w 4392.3617211
          e:n:w 5980.2198203
          c:n:w 5072.2462285
        b:e:c:n 1157.1172050
        b:e:c:w 1159.7101209
        b:e:n:w 1880.0419743
        b:c:n:w 1671.3902853
        e:c:n:w 47846.3992552
