########################################
# legofit: estimate population history #
#       version 2.3.4-4-g53f8760       #
########################################

# Program was compiled: Sep 21 2021 14:36:42
# Program was run: Mon Oct 11 17:46:48 2021

# cmd: legofit -1 -d 0 -t 32 --ptsPerDim 3 --stateOut b1boot18.state --tol 3e-6 -S 5000 abef2.lgo ../../chrX/boot_chrX/boot18.opf
# Stage nOptItr nSimReps
#     0    5000        0
# algorithm          : deterministic
# ignoring probs <=  : 0
# Branch length floor: 0
# DE strategy        : 2
#    F               : 0.3
#    CR              : 0.8
#    tolerance       : 3e-06
# nthreads           : 32
# lgo input file     : abef2.lgo
# site pat input file: ../../chrX/boot_chrX/boot18.opf
# free parameters    : 17
# points in DE swarm : 51
# output state file  : b1boot18.state
# Including singleton site patterns.
# cost function      : KL
Initial parameter values
Fixed:
      zero = 0
       one = 1
    Tbecnw = 75200
Free:
       pc1 = 0
       pc2 = 0
       pc3 = 0
       pc4 = 0
       pc5 = 0
       pc6 = 0
       pc7 = 0
       pc8 = 0
       pc9 = 0
      pc10 = 0
      pc11 = 0
      pc12 = 0
      pc13 = 0
      pc14 = 0
      pc15 = 0
      pc16 = 0
      pc17 = 0
Constrained:
   Tgbecnw = 149506
     Tecnw = 27983.7
       Tnw = 9423.88
       Tec = 2018.27
     twoNb = 2.52806e+06
     twoNe = 1.03892e+06
     twoNc = 1.43778e+06
     twoNw = 1.09426e+06
    twoNec = 127834
    twoNnw = 90007.1
  twoNecnw = 58845.2
  twoNbecnw = 17104.4
  twoNgbecnw = 204682
         m = 0.14324
        m2 = 0.0249403
        m5 = 0.154862
        m6 = 0.0191912
        Tb = 15001
        Ta = 45100.5
        Te = 1009.14
        Tf = 504.568
DiffEv reached_goal. cost=2.35583e-03 spread=2.96381e-06
Fitted parameter values
Free:
       pc1 = -0.889578
       pc2 = 0.100983
       pc3 = -1.07012
       pc4 = 1.54167
       pc5 = -0.414588
       pc6 = 0.289296
       pc7 = -0.804797
       pc8 = 0.942631
       pc9 = -0.272316
      pc10 = 0.15882
      pc11 = 0.807752
      pc12 = 0.345357
      pc13 = -0.606221
      pc14 = -0.161697
      pc15 = -0.248527
      pc16 = -0.00619507
      pc17 = -0.0151889
Constrained:
   Tgbecnw = 111603
     Tecnw = 28206.6
       Tnw = 8237.32
       Tec = 154.511
     twoNb = 4.45778e+06
     twoNe = 1.98431e+06
     twoNc = 628371
     twoNw = 1.47417e+06
    twoNec = 134568
    twoNnw = 98663.6
  twoNecnw = 53736.5
  twoNbecnw = 13260.9
  twoNgbecnw = 211353
         m = 0.121384
        m2 = 0.026491
        m5 = 0.19337
        m6 = 0.0358426
        Tb = 14180.5
        Ta = 44690.3
        Te = 77.2557
        Tf = 38.6279
#       SitePat  BranchLen
              b 120749.8654632
              e 44837.6629848
              c 47105.1107647
              n 44058.6694585
              w 44002.2499988
            b:e 1279.8094273
            b:c 1441.4099491
            b:n 1070.9865059
            b:w 1068.8689200
            e:c 11456.9583572
            e:n 4759.3890937
            e:w 4805.2317239
            c:n 4131.8720086
            c:w 4131.5186265
            n:w 11999.9967483
          b:e:c 1222.3283056
          b:e:n 601.4377229
          b:e:w 602.8770936
          b:c:n 604.8755031
          b:c:w 603.3513345
          b:n:w 1256.3007352
          e:c:n 4390.9896980
          e:c:w 4401.9199095
          e:n:w 5804.1805822
          c:n:w 4915.2875934
        b:e:c:n 1134.4624571
        b:e:c:w 1136.6648409
        b:e:n:w 1948.3016218
        b:c:n:w 1705.4644092
        e:c:n:w 48044.7908076
