########################################
# legofit: estimate population history #
#       version 2.3.4-4-g53f8760       #
########################################

# Program was compiled: Sep 21 2021 14:36:42
# Program was run: Mon Oct 11 17:56:14 2021

# cmd: legofit -1 -d 0 -t 32 --ptsPerDim 3 --stateOut b1boot25.state --tol 3e-6 -S 5000 abef2.lgo ../../chrX/boot_chrX/boot25.opf
# Stage nOptItr nSimReps
#     0    5000        0
# algorithm          : deterministic
# ignoring probs <=  : 0
# Branch length floor: 0
# DE strategy        : 2
#    F               : 0.3
#    CR              : 0.8
#    tolerance       : 3e-06
# nthreads           : 32
# lgo input file     : abef2.lgo
# site pat input file: ../../chrX/boot_chrX/boot25.opf
# free parameters    : 17
# points in DE swarm : 51
# output state file  : b1boot25.state
# Including singleton site patterns.
# cost function      : KL
Initial parameter values
Fixed:
      zero = 0
       one = 1
    Tbecnw = 75200
Free:
       pc1 = 0
       pc2 = 0
       pc3 = 0
       pc4 = 0
       pc5 = 0
       pc6 = 0
       pc7 = 0
       pc8 = 0
       pc9 = 0
      pc10 = 0
      pc11 = 0
      pc12 = 0
      pc13 = 0
      pc14 = 0
      pc15 = 0
      pc16 = 0
      pc17 = 0
Constrained:
   Tgbecnw = 149506
     Tecnw = 27983.7
       Tnw = 9423.88
       Tec = 2018.27
     twoNb = 2.52806e+06
     twoNe = 1.03892e+06
     twoNc = 1.43778e+06
     twoNw = 1.09426e+06
    twoNec = 127834
    twoNnw = 90007.1
  twoNecnw = 58845.2
  twoNbecnw = 17104.4
  twoNgbecnw = 204682
         m = 0.14324
        m2 = 0.0249403
        m5 = 0.154862
        m6 = 0.0191912
        Tb = 15001
        Ta = 45100.5
        Te = 1009.14
        Tf = 504.568
DiffEv reached_goal. cost=2.20684e-03 spread=2.46442e-06
Fitted parameter values
Free:
       pc1 = 1.22872
       pc2 = 0.236368
       pc3 = -0.721101
       pc4 = 0.300903
       pc5 = -1.6338
       pc6 = 0.725528
       pc7 = -1.4497
       pc8 = -0.139287
       pc9 = -0.21436
      pc10 = 0.349775
      pc11 = -0.0864518
      pc12 = -0.0893526
      pc13 = -0.642746
      pc14 = 0.153788
      pc15 = 0.0977838
      pc16 = 0.0795812
      pc17 = 0.058911
Constrained:
   Tgbecnw = 113045
     Tecnw = 27230.1
       Tnw = 12069.9
       Tec = 444.963
     twoNb = 5.71452e+06
     twoNe = 4.28552e+06
     twoNc = 4.38274e+06
     twoNw = 1.27002e+06
    twoNec = 129218
    twoNnw = 67459.7
  twoNecnw = 60533.7
  twoNbecnw = 13424.6
  twoNgbecnw = 209072
         m = 0.13523
        m2 = 0.0241438
        m5 = 0.162005
        m6 = 0.0272069
        Tb = 13837.5
        Ta = 44518.8
        Te = 222.482
        Tf = 111.241
#       SitePat  BranchLen
              b 122808.7425398
              e 45529.3270061
              c 47601.0210863
              n 44590.6356393
              w 44514.8986943
            b:e 1308.5043423
            b:c 1457.8143835
            b:n 1078.3525263
            b:w 1075.4044417
            e:c 12209.0214414
            e:n 4682.1732514
            e:w 4744.7337257
            c:n 4136.9066195
            c:w 4134.9937525
            n:w 12732.4972070
          b:e:c 1293.0918825
          b:e:n 597.5935908
          b:e:w 599.6682303
          b:c:n 601.6395439
          b:c:w 599.4347961
          b:n:w 1328.5011919
          e:c:n 4347.8933743
          e:c:w 4362.9827120
          e:n:w 5831.8133685
          c:n:w 4980.3777176
        b:e:c:n 1147.9537733
        b:e:c:w 1151.0319661
        b:e:n:w 1967.8256796
        b:c:n:w 1749.4512362
        e:c:n:w 48991.3961639
