########################################
# legofit: estimate population history #
#       version 2.3.4-4-g53f8760       #
########################################

# Program was compiled: Sep 21 2021 14:36:42
# Program was run: Mon Oct 11 17:31:27 2021

# cmd: legofit -1 -d 0 -t 32 --ptsPerDim 3 --stateOut b1boot10.state --tol 3e-6 -S 5000 abef2.lgo ../../chrX/boot_chrX/boot10.opf
# Stage nOptItr nSimReps
#     0    5000        0
# algorithm          : deterministic
# ignoring probs <=  : 0
# Branch length floor: 0
# DE strategy        : 2
#    F               : 0.3
#    CR              : 0.8
#    tolerance       : 3e-06
# nthreads           : 32
# lgo input file     : abef2.lgo
# site pat input file: ../../chrX/boot_chrX/boot10.opf
# free parameters    : 17
# points in DE swarm : 51
# output state file  : b1boot10.state
# Including singleton site patterns.
# cost function      : KL
Initial parameter values
Fixed:
      zero = 0
       one = 1
    Tbecnw = 75200
Free:
       pc1 = 0
       pc2 = 0
       pc3 = 0
       pc4 = 0
       pc5 = 0
       pc6 = 0
       pc7 = 0
       pc8 = 0
       pc9 = 0
      pc10 = 0
      pc11 = 0
      pc12 = 0
      pc13 = 0
      pc14 = 0
      pc15 = 0
      pc16 = 0
      pc17 = 0
Constrained:
   Tgbecnw = 149506
     Tecnw = 27983.7
       Tnw = 9423.88
       Tec = 2018.27
     twoNb = 2.52806e+06
     twoNe = 1.03892e+06
     twoNc = 1.43778e+06
     twoNw = 1.09426e+06
    twoNec = 127834
    twoNnw = 90007.1
  twoNecnw = 58845.2
  twoNbecnw = 17104.4
  twoNgbecnw = 204682
         m = 0.14324
        m2 = 0.0249403
        m5 = 0.154862
        m6 = 0.0191912
        Tb = 15001
        Ta = 45100.5
        Te = 1009.14
        Tf = 504.568
DiffEv reached_goal. cost=2.13937e-03 spread=2.36244e-06
Fitted parameter values
Free:
       pc1 = 1.00945
       pc2 = 1.13203
       pc3 = -1.04416
       pc4 = 1.51306
       pc5 = -1.68235
       pc6 = 0.00807809
       pc7 = -0.770653
       pc8 = 0.247324
       pc9 = -0.991567
      pc10 = -0.258268
      pc11 = -0.00855546
      pc12 = -0.0163169
      pc13 = -0.32359
      pc14 = -0.360527
      pc15 = 0.0190509
      pc16 = 0.014492
      pc17 = -0.0146898
Constrained:
   Tgbecnw = 118103
     Tecnw = 27297.9
       Tnw = 10761.7
       Tec = 93.3155
     twoNb = 6.66335e+06
     twoNe = 5.11268e+06
     twoNc = 616594
     twoNw = 1.53947e+06
    twoNec = 138332
    twoNnw = 81070.4
  twoNecnw = 58131.5
  twoNbecnw = 14999.9
  twoNgbecnw = 218927
         m = 0.118531
        m2 = 0.0236013
        m5 = 0.151527
        m6 = 0.013583
        Tb = 13695.6
        Ta = 44447.8
        Te = 46.6578
        Tf = 23.3289
#       SitePat  BranchLen
              b 122043.4374380
              e 45450.9810336
              c 47427.2912131
              n 44814.6843994
              w 44764.1584588
            b:e 1329.6582928
            b:c 1472.7265151
            b:n 1133.5180881
            b:w 1131.5012502
            e:c 12080.2375822
            e:n 4742.9324817
            e:w 4788.4642458
            c:n 4209.3421174
            c:w 4204.2875806
            n:w 12414.5389094
          b:e:c 1310.9226795
          b:e:n 627.2828830
          b:e:w 628.9605143
          b:c:n 630.7379230
          b:c:w 628.9788766
          b:n:w 1344.6691045
          e:c:n 4514.0479695
          e:c:w 4524.0966828
          e:n:w 5803.9399685
          c:n:w 5009.6994924
        b:e:c:n 1201.0926699
        b:e:c:w 1203.1909229
        b:e:n:w 1970.1665494
        b:c:n:w 1759.3222053
        e:c:n:w 48240.1917302
