########################################
# legofit: estimate population history #
#       version 2.3.4-4-g53f8760       #
########################################

# Program was compiled: Sep 21 2021 14:36:42
# Program was run: Mon Oct 11 17:54:45 2021

# cmd: legofit -1 -d 0 -t 32 --ptsPerDim 3 --stateOut b1boot23.state --tol 3e-6 -S 5000 abef2.lgo ../../chrX/boot_chrX/boot23.opf
# Stage nOptItr nSimReps
#     0    5000        0
# algorithm          : deterministic
# ignoring probs <=  : 0
# Branch length floor: 0
# DE strategy        : 2
#    F               : 0.3
#    CR              : 0.8
#    tolerance       : 3e-06
# nthreads           : 32
# lgo input file     : abef2.lgo
# site pat input file: ../../chrX/boot_chrX/boot23.opf
# free parameters    : 17
# points in DE swarm : 51
# output state file  : b1boot23.state
# Including singleton site patterns.
# cost function      : KL
Initial parameter values
Fixed:
      zero = 0
       one = 1
    Tbecnw = 75200
Free:
       pc1 = 0
       pc2 = 0
       pc3 = 0
       pc4 = 0
       pc5 = 0
       pc6 = 0
       pc7 = 0
       pc8 = 0
       pc9 = 0
      pc10 = 0
      pc11 = 0
      pc12 = 0
      pc13 = 0
      pc14 = 0
      pc15 = 0
      pc16 = 0
      pc17 = 0
Constrained:
   Tgbecnw = 149506
     Tecnw = 27983.7
       Tnw = 9423.88
       Tec = 2018.27
     twoNb = 2.52806e+06
     twoNe = 1.03892e+06
     twoNc = 1.43778e+06
     twoNw = 1.09426e+06
    twoNec = 127834
    twoNnw = 90007.1
  twoNecnw = 58845.2
  twoNbecnw = 17104.4
  twoNgbecnw = 204682
         m = 0.14324
        m2 = 0.0249403
        m5 = 0.154862
        m6 = 0.0191912
        Tb = 15001
        Ta = 45100.5
        Te = 1009.14
        Tf = 504.568
DiffEv reached_goal. cost=2.25793e-03 spread=2.00142e-06
Fitted parameter values
Free:
       pc1 = 0.423871
       pc2 = -0.74288
       pc3 = -1.14266
       pc4 = 0.460438
       pc5 = -0.391655
       pc6 = 1.24561
       pc7 = -1.7651
       pc8 = 0.200874
       pc9 = -0.457869
      pc10 = 0.0418689
      pc11 = -0.160871
      pc12 = 0.0213813
      pc13 = 0.135129
      pc14 = -0.0312165
      pc15 = 0.090366
      pc16 = 0.137784
      pc17 = 0.0323172
Constrained:
   Tgbecnw = 111093
     Tecnw = 28486.9
       Tnw = 9422.32
       Tec = 972.682
     twoNb = 5.48574e+06
     twoNe = 2.01867e+06
     twoNc = 4.93427e+06
     twoNw = 1.46306e+06
    twoNec = 127732
    twoNnw = 90122.5
  twoNecnw = 57864.2
  twoNbecnw = 14896.7
  twoNgbecnw = 149350
         m = 0.180569
        m2 = 0.0252261
        m5 = 0.170869
        m6 = 0.0312963
        Tb = 14729.8
        Ta = 44964.9
        Te = 486.341
        Tf = 243.17
#       SitePat  BranchLen
              b 123010.1897172
              e 45974.0923402
              c 48082.3514172
              n 45278.9677944
              w 45223.3216008
            b:e 1366.3851869
            b:c 1524.7626623
            b:n 1120.6882914
            b:w 1118.5403538
            e:c 12241.9393208
            e:n 4768.8612486
            e:w 4813.9541071
            c:n 4188.1923624
            c:w 4187.8687614
            n:w 12699.0960227
          b:e:c 1312.3400060
          b:e:n 616.9573987
          b:e:w 618.4118586
          b:c:n 620.0845281
          b:c:w 618.5462645
          b:n:w 1344.9543959
          e:c:n 4507.9432910
          e:c:w 4518.8202271
          e:n:w 5903.0297672
          c:n:w 5056.4237538
        b:e:c:n 1185.1839421
        b:e:c:w 1187.4156834
        b:e:n:w 1941.4902292
        b:c:n:w 1724.9522728
        e:c:n:w 48354.0788942
