########################################
# legofit: estimate population history #
#       version 2.3.4-4-g53f8760       #
########################################

# Program was compiled: Sep 21 2021 14:36:42
# Program was run: Mon Oct 11 18:22:59 2021

# cmd: legofit -1 -d 0 -t 32 --ptsPerDim 3 --stateOut b1boot43.state --tol 3e-6 -S 5000 abef2.lgo ../../chrX/boot_chrX/boot43.opf
# Stage nOptItr nSimReps
#     0    5000        0
# algorithm          : deterministic
# ignoring probs <=  : 0
# Branch length floor: 0
# DE strategy        : 2
#    F               : 0.3
#    CR              : 0.8
#    tolerance       : 3e-06
# nthreads           : 32
# lgo input file     : abef2.lgo
# site pat input file: ../../chrX/boot_chrX/boot43.opf
# free parameters    : 17
# points in DE swarm : 51
# output state file  : b1boot43.state
# Including singleton site patterns.
# cost function      : KL
Initial parameter values
Fixed:
      zero = 0
       one = 1
    Tbecnw = 75200
Free:
       pc1 = 0
       pc2 = 0
       pc3 = 0
       pc4 = 0
       pc5 = 0
       pc6 = 0
       pc7 = 0
       pc8 = 0
       pc9 = 0
      pc10 = 0
      pc11 = 0
      pc12 = 0
      pc13 = 0
      pc14 = 0
      pc15 = 0
      pc16 = 0
      pc17 = 0
Constrained:
   Tgbecnw = 149506
     Tecnw = 27983.7
       Tnw = 9423.88
       Tec = 2018.27
     twoNb = 2.52806e+06
     twoNe = 1.03892e+06
     twoNc = 1.43778e+06
     twoNw = 1.09426e+06
    twoNec = 127834
    twoNnw = 90007.1
  twoNecnw = 58845.2
  twoNbecnw = 17104.4
  twoNgbecnw = 204682
         m = 0.14324
        m2 = 0.0249403
        m5 = 0.154862
        m6 = 0.0191912
        Tb = 15001
        Ta = 45100.5
        Te = 1009.14
        Tf = 504.568
DiffEv reached_goal. cost=2.28015e-03 spread=2.71986e-06
Fitted parameter values
Free:
       pc1 = -0.411069
       pc2 = 0.583709
       pc3 = -0.816273
       pc4 = 1.84544
       pc5 = -1.51505
       pc6 = 0.311819
       pc7 = -0.773424
       pc8 = 0.625927
       pc9 = -0.732558
      pc10 = 0.111136
      pc11 = -0.126906
      pc12 = 0.150521
      pc13 = -0.677391
      pc14 = -0.173113
      pc15 = 0.00798904
      pc16 = -0.0776419
      pc17 = 0.131572
Constrained:
   Tgbecnw = 125311
     Tecnw = 28456.2
       Tnw = 8694.79
       Tec = 213.725
     twoNb = 6.39913e+06
     twoNe = 3.98202e+06
     twoNc = 229942
     twoNw = 1.49389e+06
    twoNec = 132060
    twoNnw = 87105.1
  twoNecnw = 57243.4
  twoNbecnw = 16363.3
  twoNgbecnw = 232495
         m = 0.107934
        m2 = 0.0251714
        m5 = 0.182568
        m6 = 0.0380814
        Tb = 14335
        Ta = 44767.5
        Te = 106.862
        Tf = 53.4312
#       SitePat  BranchLen
              b 121833.0587448
              e 45699.5169199
              c 48007.0925403
              n 44451.3657104
              w 44394.7602990
            b:e 1299.8136807
            b:c 1458.5132892
            b:n 1085.8917764
            b:w 1083.7533863
            e:c 12051.5899184
            e:n 4768.5879640
            e:w 4813.4748862
            c:n 4134.9121520
            c:w 4135.7116356
            n:w 12925.2108390
          b:e:c 1288.0795491
          b:e:n 603.0584863
          b:e:w 604.4415538
          b:c:n 606.1810653
          b:c:w 604.7206438
          b:n:w 1325.9276197
          e:c:n 4367.0613524
          e:c:w 4377.9803580
          e:n:w 5936.0518476
          c:n:w 5013.6906393
        b:e:c:n 1143.7041841
        b:e:c:w 1145.9199282
        b:e:n:w 1973.5139048
        b:c:n:w 1737.6372355
        e:c:n:w 47721.4207668
