########################################
# legofit: estimate population history #
#       version 2.3.4-4-g53f8760       #
########################################

# Program was compiled: Sep 21 2021 14:36:42
# Program was run: Mon Oct 11 17:38:38 2021

# cmd: legofit -1 -d 0 -t 32 --ptsPerDim 3 --stateOut b1boot13.state --tol 3e-6 -S 5000 abef2.lgo ../../chrX/boot_chrX/boot13.opf
# Stage nOptItr nSimReps
#     0    5000        0
# algorithm          : deterministic
# ignoring probs <=  : 0
# Branch length floor: 0
# DE strategy        : 2
#    F               : 0.3
#    CR              : 0.8
#    tolerance       : 3e-06
# nthreads           : 32
# lgo input file     : abef2.lgo
# site pat input file: ../../chrX/boot_chrX/boot13.opf
# free parameters    : 17
# points in DE swarm : 51
# output state file  : b1boot13.state
# Including singleton site patterns.
# cost function      : KL
Initial parameter values
Fixed:
      zero = 0
       one = 1
    Tbecnw = 75200
Free:
       pc1 = 0
       pc2 = 0
       pc3 = 0
       pc4 = 0
       pc5 = 0
       pc6 = 0
       pc7 = 0
       pc8 = 0
       pc9 = 0
      pc10 = 0
      pc11 = 0
      pc12 = 0
      pc13 = 0
      pc14 = 0
      pc15 = 0
      pc16 = 0
      pc17 = 0
Constrained:
   Tgbecnw = 149506
     Tecnw = 27983.7
       Tnw = 9423.88
       Tec = 2018.27
     twoNb = 2.52806e+06
     twoNe = 1.03892e+06
     twoNc = 1.43778e+06
     twoNw = 1.09426e+06
    twoNec = 127834
    twoNnw = 90007.1
  twoNecnw = 58845.2
  twoNbecnw = 17104.4
  twoNgbecnw = 204682
         m = 0.14324
        m2 = 0.0249403
        m5 = 0.154862
        m6 = 0.0191912
        Tb = 15001
        Ta = 45100.5
        Te = 1009.14
        Tf = 504.568
DiffEv reached_goal. cost=2.31069e-03 spread=2.88505e-06
Fitted parameter values
Free:
       pc1 = 3.12235
       pc2 = 1.03834
       pc3 = -0.170014
       pc4 = 1.86308
       pc5 = -1.57936
       pc6 = 0.582532
       pc7 = -0.252173
       pc8 = -0.136121
       pc9 = -0.220183
      pc10 = 0.0843893
      pc11 = 0.265825
      pc12 = -0.0947208
      pc13 = -0.555602
      pc14 = 0.219324
      pc15 = 0.0482426
      pc16 = 0.156174
      pc17 = 0.0265318
Constrained:
   Tgbecnw = 103740
     Tecnw = 25536
       Tnw = 17147
       Tec = 266.171
     twoNb = 6.8664e+06
     twoNe = 3.69731e+06
     twoNc = 140347
     twoNw = 1.45417e+06
    twoNec = 133737
    twoNnw = 36822.6
  twoNecnw = 62330.4
  twoNbecnw = 10693.5
  twoNgbecnw = 201415
         m = 0.140452
        m2 = 0.0219317
        m5 = 0.147872
        m6 = 0.00617767
        Tb = 12901.1
        Ta = 44050.6
        Te = 133.085
        Tf = 66.5427
#       SitePat  BranchLen
              b 120678.8498032
              e 44809.8701469
              c 46841.4294905
              n 44080.0962229
              w 44008.3097864
            b:e 1285.2630539
            b:c 1439.1306457
            b:n 1053.6587603
            b:w 1050.7132882
            e:c 12030.1095007
            e:n 4621.6763277
            e:w 4689.9618491
            c:n 4120.4885616
            c:w 4108.8572623
            n:w 12326.6654353
          b:e:c 1280.0806560
          b:e:n 589.8913915
          b:e:w 592.5937065
          b:c:n 594.9756133
          b:c:w 592.1232943
          b:n:w 1305.6281661
          e:c:n 4298.9598446
          e:c:w 4314.0920589
          e:n:w 5850.7910362
          c:n:w 4960.7296872
        b:e:c:n 1132.2202876
        b:e:c:w 1135.3157635
        b:e:n:w 1912.7317664
        b:c:n:w 1695.0446623
        e:c:n:w 47794.6638573
