########################################
# legofit: estimate population history #
#       version 2.3.4-4-g53f8760       #
########################################

# Program was compiled: Sep 21 2021 14:36:42
# Program was run: Mon Oct 11 17:19:33 2021

# cmd: legofit -1 -d 0 -t 32 --ptsPerDim 3 --stateOut b1boot4.state --tol 3e-6 -S 5000 abef2.lgo ../../chrX/boot_chrX/boot4.opf
# Stage nOptItr nSimReps
#     0    5000        0
# algorithm          : deterministic
# ignoring probs <=  : 0
# Branch length floor: 0
# DE strategy        : 2
#    F               : 0.3
#    CR              : 0.8
#    tolerance       : 3e-06
# nthreads           : 32
# lgo input file     : abef2.lgo
# site pat input file: ../../chrX/boot_chrX/boot4.opf
# free parameters    : 17
# points in DE swarm : 51
# output state file  : b1boot4.state
# Including singleton site patterns.
# cost function      : KL
Initial parameter values
Fixed:
      zero = 0
       one = 1
    Tbecnw = 75200
Free:
       pc1 = 0
       pc2 = 0
       pc3 = 0
       pc4 = 0
       pc5 = 0
       pc6 = 0
       pc7 = 0
       pc8 = 0
       pc9 = 0
      pc10 = 0
      pc11 = 0
      pc12 = 0
      pc13 = 0
      pc14 = 0
      pc15 = 0
      pc16 = 0
      pc17 = 0
Constrained:
   Tgbecnw = 149506
     Tecnw = 27983.7
       Tnw = 9423.88
       Tec = 2018.27
     twoNb = 2.52806e+06
     twoNe = 1.03892e+06
     twoNc = 1.43778e+06
     twoNw = 1.09426e+06
    twoNec = 127834
    twoNnw = 90007.1
  twoNecnw = 58845.2
  twoNbecnw = 17104.4
  twoNgbecnw = 204682
         m = 0.14324
        m2 = 0.0249403
        m5 = 0.154862
        m6 = 0.0191912
        Tb = 15001
        Ta = 45100.5
        Te = 1009.14
        Tf = 504.568
DiffEv reached_goal. cost=2.34125e-03 spread=2.96674e-06
Fitted parameter values
Free:
       pc1 = 2.96259
       pc2 = 0.464664
       pc3 = -0.241942
       pc4 = 0.681994
       pc5 = -1.52224
       pc6 = 0.886771
       pc7 = -1.24481
       pc8 = -0.0185691
       pc9 = -0.27372
      pc10 = -0.668522
      pc11 = 0.766523
      pc12 = -0.0138303
      pc13 = -0.394808
      pc14 = -0.0259203
      pc15 = 0.0307576
      pc16 = 0.00981889
      pc17 = 0.0507111
Constrained:
   Tgbecnw = 96880.3
     Tecnw = 25863.5
       Tnw = 15150.7
       Tec = 1441.83
     twoNb = 6.44817e+06
     twoNe = 3.36868e+06
     twoNc = 3.62006e+06
     twoNw = 1.41599e+06
    twoNec = 130332
    twoNnw = 48808.2
  twoNecnw = 58949.2
  twoNbecnw = 8700.14
  twoNgbecnw = 193326
         m = 0.145781
        m2 = 0.0208947
        m5 = 0.145814
        m6 = 9.39389e-05
        Tb = 13652.7
        Ta = 44426.3
        Te = 720.914
        Tf = 360.457
#       SitePat  BranchLen
              b 119645.6631179
              e 44323.9471663
              c 46349.1708165
              n 43623.0104841
              w 43563.4452185
            b:e 1278.3680370
            b:c 1431.8437197
            b:n 1060.8196044
            b:w 1058.3725845
            e:c 11710.5115861
            e:n 4565.0050816
            e:w 4624.5227097
            c:n 4050.2552358
            c:w 4037.9368892
            n:w 12101.4615039
          b:e:c 1274.8538358
          b:e:n 593.2862615
          b:e:w 595.7299673
          b:c:n 598.2249212
          b:c:w 595.6524604
          b:n:w 1296.2148161
          e:c:n 4308.3524463
          e:c:w 4320.7184304
          e:n:w 5755.4208980
          c:n:w 4885.9555342
        b:e:c:n 1142.9150707
        b:e:c:w 1145.4908456
        b:e:n:w 1870.9603823
        b:c:n:w 1658.2008624
        e:c:n:w 47736.5141692
