########################################
# legofit: estimate population history #
#       version 2.3.4-4-g53f8760       #
########################################

# Program was compiled: Sep 21 2021 14:36:42
# Program was run: Mon Oct 11 18:28:03 2021

# cmd: legofit -1 -d 0 -t 32 --ptsPerDim 3 --stateOut b1boot45.state --tol 3e-6 -S 5000 abef2.lgo ../../chrX/boot_chrX/boot45.opf
# Stage nOptItr nSimReps
#     0    5000        0
# algorithm          : deterministic
# ignoring probs <=  : 0
# Branch length floor: 0
# DE strategy        : 2
#    F               : 0.3
#    CR              : 0.8
#    tolerance       : 3e-06
# nthreads           : 32
# lgo input file     : abef2.lgo
# site pat input file: ../../chrX/boot_chrX/boot45.opf
# free parameters    : 17
# points in DE swarm : 51
# output state file  : b1boot45.state
# Including singleton site patterns.
# cost function      : KL
Initial parameter values
Fixed:
      zero = 0
       one = 1
    Tbecnw = 75200
Free:
       pc1 = 0
       pc2 = 0
       pc3 = 0
       pc4 = 0
       pc5 = 0
       pc6 = 0
       pc7 = 0
       pc8 = 0
       pc9 = 0
      pc10 = 0
      pc11 = 0
      pc12 = 0
      pc13 = 0
      pc14 = 0
      pc15 = 0
      pc16 = 0
      pc17 = 0
Constrained:
   Tgbecnw = 149506
     Tecnw = 27983.7
       Tnw = 9423.88
       Tec = 2018.27
     twoNb = 2.52806e+06
     twoNe = 1.03892e+06
     twoNc = 1.43778e+06
     twoNw = 1.09426e+06
    twoNec = 127834
    twoNnw = 90007.1
  twoNecnw = 58845.2
  twoNbecnw = 17104.4
  twoNgbecnw = 204682
         m = 0.14324
        m2 = 0.0249403
        m5 = 0.154862
        m6 = 0.0191912
        Tb = 15001
        Ta = 45100.5
        Te = 1009.14
        Tf = 504.568
DiffEv reached_goal. cost=2.06646e-03 spread=2.97747e-06
Fitted parameter values
Free:
       pc1 = -0.242842
       pc2 = 0.712011
       pc3 = -0.516432
       pc4 = 1.70033
       pc5 = -0.625339
       pc6 = 1.1049
       pc7 = -0.603684
       pc8 = 0.957139
       pc9 = -0.948629
      pc10 = -0.125748
      pc11 = -0.114675
      pc12 = -0.142231
      pc13 = -0.449053
      pc14 = -0.39965
      pc15 = 0.00892395
      pc16 = -0.0139524
      pc17 = -0.0397552
Constrained:
   Tgbecnw = 126075
     Tecnw = 28543.5
       Tnw = 8979.09
       Tec = 93.5354
     twoNb = 6.88478e+06
     twoNe = 1.09951e+06
     twoNc = 503985
     twoNw = 1.56377e+06
    twoNec = 133622
    twoNnw = 92236.1
  twoNecnw = 56896.5
  twoNbecnw = 16689.7
  twoNgbecnw = 221566
         m = 0.114883
        m2 = 0.0247416
        m5 = 0.16698
        m6 = 0.0386237
        Tb = 14318.5
        Ta = 44759.3
        Te = 46.7677
        Tf = 23.3839
#       SitePat  BranchLen
              b 122478.4058593
              e 45869.4739959
              c 47810.8103739
              n 45005.3348323
              w 44952.4911023
            b:e 1285.8507952
            b:c 1418.7453757
            b:n 1086.9718191
            b:w 1084.9971542
            e:c 12127.3254928
            e:n 4716.2390351
            e:w 4757.2068338
            c:n 4179.8507382
            c:w 4181.4967737
            n:w 12604.4513617
          b:e:c 1261.9875968
          b:e:n 598.5372601
          b:e:w 599.7556572
          b:c:n 601.1234230
          b:c:w 599.8370726
          b:n:w 1301.6756433
          e:c:n 4438.6717198
          e:c:w 4448.9016157
          e:n:w 5758.6656415
          c:n:w 4994.0268558
        b:e:c:n 1142.1368934
        b:e:c:w 1144.1795116
        b:e:n:w 1921.4085374
        b:c:n:w 1721.2471018
        e:c:n:w 48176.5193949
