########################################
# legofit: estimate population history #
#       version 2.3.4-4-g53f8760       #
########################################

# Program was compiled: Sep 21 2021 14:36:42
# Program was run: Mon Oct 11 18:04:27 2021

# cmd: legofit -1 -d 0 -t 32 --ptsPerDim 3 --stateOut b1boot30.state --tol 3e-6 -S 5000 abef2.lgo ../../chrX/boot_chrX/boot30.opf
# Stage nOptItr nSimReps
#     0    5000        0
# algorithm          : deterministic
# ignoring probs <=  : 0
# Branch length floor: 0
# DE strategy        : 2
#    F               : 0.3
#    CR              : 0.8
#    tolerance       : 3e-06
# nthreads           : 32
# lgo input file     : abef2.lgo
# site pat input file: ../../chrX/boot_chrX/boot30.opf
# free parameters    : 17
# points in DE swarm : 51
# output state file  : b1boot30.state
# Including singleton site patterns.
# cost function      : KL
Initial parameter values
Fixed:
      zero = 0
       one = 1
    Tbecnw = 75200
Free:
       pc1 = 0
       pc2 = 0
       pc3 = 0
       pc4 = 0
       pc5 = 0
       pc6 = 0
       pc7 = 0
       pc8 = 0
       pc9 = 0
      pc10 = 0
      pc11 = 0
      pc12 = 0
      pc13 = 0
      pc14 = 0
      pc15 = 0
      pc16 = 0
      pc17 = 0
Constrained:
   Tgbecnw = 149506
     Tecnw = 27983.7
       Tnw = 9423.88
       Tec = 2018.27
     twoNb = 2.52806e+06
     twoNe = 1.03892e+06
     twoNc = 1.43778e+06
     twoNw = 1.09426e+06
    twoNec = 127834
    twoNnw = 90007.1
  twoNecnw = 58845.2
  twoNbecnw = 17104.4
  twoNgbecnw = 204682
         m = 0.14324
        m2 = 0.0249403
        m5 = 0.154862
        m6 = 0.0191912
        Tb = 15001
        Ta = 45100.5
        Te = 1009.14
        Tf = 504.568
DiffEv reached_goal. cost=2.29847e-03 spread=2.39056e-06
Fitted parameter values
Free:
       pc1 = 2.58855
       pc2 = 0.535883
       pc3 = -0.219968
       pc4 = -0.251365
       pc5 = -1.53869
       pc6 = 0.337452
       pc7 = -1.04797
       pc8 = -0.729271
       pc9 = 0.0553689
      pc10 = -0.0358366
      pc11 = 0.176366
      pc12 = -0.0601262
      pc13 = -0.160819
      pc14 = 0.00068146
      pc15 = 0.0555903
      pc16 = 0.110545
      pc17 = 0.0670567
Constrained:
   Tgbecnw = 112011
     Tecnw = 26101.7
       Tnw = 14977.8
       Tec = 1500.24
     twoNb = 4.66444e+06
     twoNe = 4.34944e+06
     twoNc = 4.37256e+06
     twoNw = 1.14926e+06
    twoNec = 131670
    twoNnw = 51136.7
  twoNecnw = 61355.9
  twoNbecnw = 13209.8
  twoNgbecnw = 194592
         m = 0.146915
        m2 = 0.0221645
        m5 = 0.135916
        m6 = 0.000277546
        Tb = 13801
        Ta = 44500.5
        Te = 750.118
        Tf = 375.059
#       SitePat  BranchLen
              b 122801.0834332
              e 45333.7221071
              c 47285.9728322
              n 44522.6291195
              w 44453.3994904
            b:e 1266.0351530
            b:c 1407.2376587
            b:n 1036.5218320
            b:w 1033.8227756
            e:c 12026.0176548
            e:n 4639.6825151
            e:w 4708.7368481
            c:n 4147.6913917
            c:w 4133.5831490
            n:w 12440.1595876
          b:e:c 1236.5598171
          b:e:n 574.1186032
          b:e:w 576.8061278
          b:c:n 578.5843863
          b:c:w 575.7803525
          b:n:w 1266.5588803
          e:c:n 4374.6522303
          e:c:w 4388.9357692
          e:n:w 5804.2737200
          c:n:w 4977.2054178
        b:e:c:n 1101.5777289
        b:e:c:w 1104.3932946
        b:e:n:w 1874.5367528
        b:c:n:w 1671.8565746
        e:c:n:w 49095.4254788
