########################################
# legofit: estimate population history #
#       version 2.3.4-4-g53f8760       #
########################################

# Program was compiled: Sep 21 2021 14:36:42
# Program was run: Mon Oct 11 17:19:33 2021

# cmd: legofit -1 -d 0 -t 32 --ptsPerDim 3 --stateOut b1boot1.state --tol 3e-6 -S 5000 abef2.lgo ../../chrX/boot_chrX/boot1.opf
# Stage nOptItr nSimReps
#     0    5000        0
# algorithm          : deterministic
# ignoring probs <=  : 0
# Branch length floor: 0
# DE strategy        : 2
#    F               : 0.3
#    CR              : 0.8
#    tolerance       : 3e-06
# nthreads           : 32
# lgo input file     : abef2.lgo
# site pat input file: ../../chrX/boot_chrX/boot1.opf
# free parameters    : 17
# points in DE swarm : 51
# output state file  : b1boot1.state
# Including singleton site patterns.
# cost function      : KL
Initial parameter values
Fixed:
      zero = 0
       one = 1
    Tbecnw = 75200
Free:
       pc1 = 0
       pc2 = 0
       pc3 = 0
       pc4 = 0
       pc5 = 0
       pc6 = 0
       pc7 = 0
       pc8 = 0
       pc9 = 0
      pc10 = 0
      pc11 = 0
      pc12 = 0
      pc13 = 0
      pc14 = 0
      pc15 = 0
      pc16 = 0
      pc17 = 0
Constrained:
   Tgbecnw = 149506
     Tecnw = 27983.7
       Tnw = 9423.88
       Tec = 2018.27
     twoNb = 2.52806e+06
     twoNe = 1.03892e+06
     twoNc = 1.43778e+06
     twoNw = 1.09426e+06
    twoNec = 127834
    twoNnw = 90007.1
  twoNecnw = 58845.2
  twoNbecnw = 17104.4
  twoNgbecnw = 204682
         m = 0.14324
        m2 = 0.0249403
        m5 = 0.154862
        m6 = 0.0191912
        Tb = 15001
        Ta = 45100.5
        Te = 1009.14
        Tf = 504.568
DiffEv reached_goal. cost=2.33445e-03 spread=2.75956e-06
Fitted parameter values
Free:
       pc1 = 2.14398
       pc2 = -0.290637
       pc3 = 1.03321
       pc4 = 1.36938
       pc5 = -1.18556
       pc6 = 0.431427
       pc7 = -1.66805
       pc8 = -0.0846968
       pc9 = -0.533796
      pc10 = 0.210404
      pc11 = 0.977465
      pc12 = -0.287942
      pc13 = -0.854377
      pc14 = -0.0293657
      pc15 = 0.0851375
      pc16 = 0.0813571
      pc17 = -0.0143142
Constrained:
   Tgbecnw = 102664
     Tecnw = 26242
       Tnw = 16308.3
       Tec = 3237.66
     twoNb = 4.93915e+06
     twoNe = 2.66683e+06
     twoNc = 3.07721e+06
     twoNw = 1.69073e+06
    twoNec = 109533
    twoNnw = 42208.6
  twoNecnw = 59324.7
  twoNbecnw = 10199.5
  twoNgbecnw = 221256
         m = 0.118922
        m2 = 0.0229725
        m5 = 0.161082
        m6 = 0.0239404
        Tb = 14739.8
        Ta = 44969.9
        Te = 1618.83
        Tf = 809.414
#       SitePat  BranchLen
              b 118878.8867009
              e 44529.5763683
              c 46525.5215387
              n 43713.8555073
              w 43650.5627683
            b:e 1292.0159948
            b:c 1445.9211674
            b:n 1072.5190518
            b:w 1069.8320603
            e:c 11939.7419646
            e:n 4528.0908546
            e:w 4580.8941894
            c:n 4025.9046051
            c:w 4022.8551278
            n:w 12320.4250353
          b:e:c 1318.5802239
          b:e:n 594.4776968
          b:e:w 596.4177758
          b:c:n 598.9002606
          b:c:w 596.8229873
          b:n:w 1345.6660298
          e:c:n 4294.8520971
          e:c:w 4308.3909786
          e:n:w 5815.8441384
          c:n:w 4938.8968978
        b:e:c:n 1153.1256606
        b:e:c:w 1155.9498464
        b:e:n:w 1922.9058410
        b:c:n:w 1705.4002299
        e:c:n:w 46716.5581805
