########################################
# legofit: estimate population history #
#       version 2.3.4-4-g53f8760       #
########################################

# Program was compiled: Sep 21 2021 14:36:42
# Program was run: Mon Oct 11 17:43:56 2021

# cmd: legofit -1 -d 0 -t 32 --ptsPerDim 3 --stateOut b1boot15.state --tol 3e-6 -S 5000 abef2.lgo ../../chrX/boot_chrX/boot15.opf
# Stage nOptItr nSimReps
#     0    5000        0
# algorithm          : deterministic
# ignoring probs <=  : 0
# Branch length floor: 0
# DE strategy        : 2
#    F               : 0.3
#    CR              : 0.8
#    tolerance       : 3e-06
# nthreads           : 32
# lgo input file     : abef2.lgo
# site pat input file: ../../chrX/boot_chrX/boot15.opf
# free parameters    : 17
# points in DE swarm : 51
# output state file  : b1boot15.state
# Including singleton site patterns.
# cost function      : KL
Initial parameter values
Fixed:
      zero = 0
       one = 1
    Tbecnw = 75200
Free:
       pc1 = 0
       pc2 = 0
       pc3 = 0
       pc4 = 0
       pc5 = 0
       pc6 = 0
       pc7 = 0
       pc8 = 0
       pc9 = 0
      pc10 = 0
      pc11 = 0
      pc12 = 0
      pc13 = 0
      pc14 = 0
      pc15 = 0
      pc16 = 0
      pc17 = 0
Constrained:
   Tgbecnw = 149506
     Tecnw = 27983.7
       Tnw = 9423.88
       Tec = 2018.27
     twoNb = 2.52806e+06
     twoNe = 1.03892e+06
     twoNc = 1.43778e+06
     twoNw = 1.09426e+06
    twoNec = 127834
    twoNnw = 90007.1
  twoNecnw = 58845.2
  twoNbecnw = 17104.4
  twoNgbecnw = 204682
         m = 0.14324
        m2 = 0.0249403
        m5 = 0.154862
        m6 = 0.0191912
        Tb = 15001
        Ta = 45100.5
        Te = 1009.14
        Tf = 504.568
DiffEv reached_goal. cost=2.16129e-03 spread=2.09568e-06
Fitted parameter values
Free:
       pc1 = 2.32555
       pc2 = 0.734787
       pc3 = -0.982371
       pc4 = 0.537865
       pc5 = -1.80309
       pc6 = -0.18331
       pc7 = -1.88371
       pc8 = -0.482163
       pc9 = 0.359875
      pc10 = -0.478491
      pc11 = 0.55547
      pc12 = -0.28701
      pc13 = -0.804263
      pc14 = -0.0145944
      pc15 = -0.100716
      pc16 = 0.0460785
      pc17 = 0.121791
Constrained:
   Tgbecnw = 97032.4
     Tecnw = 25969.2
       Tnw = 13698.1
       Tec = 142.022
     twoNb = 4.26816e+06
     twoNe = 6.27758e+06
     twoNc = 4.11421e+06
     twoNw = 1.40397e+06
    twoNec = 138467
    twoNnw = 55028
  twoNecnw = 58864.3
  twoNbecnw = 8969.3
  twoNgbecnw = 195278
         m = 0.134851
        m2 = 0.0213886
        m5 = 0.15116
        m6 = 0.018651
        Tb = 13055.6
        Ta = 44127.8
        Te = 71.0111
        Tf = 35.5056
#       SitePat  BranchLen
              b 118539.3000701
              e 44466.5834041
              c 46373.1333194
              n 43418.9608344
              w 43351.4880883
            b:e 1363.5161936
            b:c 1512.3414631
            b:n 1121.8711586
            b:w 1118.9889908
            e:c 11693.3849275
            e:n 4640.5235662
            e:w 4699.0198669
            c:n 4149.9693049
            c:w 4144.9050401
            n:w 12299.8708490
          b:e:c 1347.0894662
          b:e:n 634.8521747
          b:e:w 637.0828683
          b:c:n 639.6253869
          b:c:w 637.2412238
          b:n:w 1364.3117355
          e:c:n 4344.3614411
          e:c:w 4358.4021513
          e:n:w 5857.7371180
          c:n:w 5043.4848950
        b:e:c:n 1210.5378633
        b:e:c:w 1213.5735005
        b:e:n:w 1941.9440399
        b:c:n:w 1740.5585476
        e:c:n:w 46614.2264451
