########################################
# legofit: estimate population history #
#       version 2.3.4-4-g53f8760       #
########################################

# Program was compiled: Sep 21 2021 14:36:42
# Program was run: Mon Oct 11 17:39:05 2021

# cmd: legofit -1 -d 0 -t 32 --ptsPerDim 3 --stateOut b1boot14.state --tol 3e-6 -S 5000 abef2.lgo ../../chrX/boot_chrX/boot14.opf
# Stage nOptItr nSimReps
#     0    5000        0
# algorithm          : deterministic
# ignoring probs <=  : 0
# Branch length floor: 0
# DE strategy        : 2
#    F               : 0.3
#    CR              : 0.8
#    tolerance       : 3e-06
# nthreads           : 32
# lgo input file     : abef2.lgo
# site pat input file: ../../chrX/boot_chrX/boot14.opf
# free parameters    : 17
# points in DE swarm : 51
# output state file  : b1boot14.state
# Including singleton site patterns.
# cost function      : KL
Initial parameter values
Fixed:
      zero = 0
       one = 1
    Tbecnw = 75200
Free:
       pc1 = 0
       pc2 = 0
       pc3 = 0
       pc4 = 0
       pc5 = 0
       pc6 = 0
       pc7 = 0
       pc8 = 0
       pc9 = 0
      pc10 = 0
      pc11 = 0
      pc12 = 0
      pc13 = 0
      pc14 = 0
      pc15 = 0
      pc16 = 0
      pc17 = 0
Constrained:
   Tgbecnw = 149506
     Tecnw = 27983.7
       Tnw = 9423.88
       Tec = 2018.27
     twoNb = 2.52806e+06
     twoNe = 1.03892e+06
     twoNc = 1.43778e+06
     twoNw = 1.09426e+06
    twoNec = 127834
    twoNnw = 90007.1
  twoNecnw = 58845.2
  twoNbecnw = 17104.4
  twoNgbecnw = 204682
         m = 0.14324
        m2 = 0.0249403
        m5 = 0.154862
        m6 = 0.0191912
        Tb = 15001
        Ta = 45100.5
        Te = 1009.14
        Tf = 504.568
DiffEv reached_goal. cost=2.08082e-03 spread=2.36306e-06
Fitted parameter values
Free:
       pc1 = 2.94238
       pc2 = 1.61724
       pc3 = -0.123064
       pc4 = 1.31765
       pc5 = -0.623088
       pc6 = 0.972444
       pc7 = -0.767367
       pc8 = -0.195996
       pc9 = -0.829221
      pc10 = 0.568563
      pc11 = 0.476554
      pc12 = -0.533851
      pc13 = -0.0467834
      pc14 = -0.332794
      pc15 = -0.0980024
      pc16 = 0.0651353
      pc17 = 0.00430894
Constrained:
   Tgbecnw = 114015
     Tecnw = 25709
       Tnw = 17058
       Tec = 165.532
     twoNb = 6.5057e+06
     twoNe = 1.90863e+06
     twoNc = 1.88792e+06
     twoNw = 1.66273e+06
    twoNec = 143933
    twoNnw = 39559.5
  twoNecnw = 61086.1
  twoNbecnw = 13597.9
  twoNgbecnw = 205366
         m = 0.131602
        m2 = 0.0235518
        m5 = 0.12079
        m6 = 0.00281589
        Tb = 12937.3
        Ta = 44068.6
        Te = 82.766
        Tf = 41.383
#       SitePat  BranchLen
              b 121492.8339075
              e 45397.3813077
              c 47048.6975796
              n 44416.9477323
              w 44366.1545915
            b:e 1285.7327734
            b:c 1408.3498694
            b:n 1038.3785174
            b:w 1036.3469754
            e:c 11972.1070113
            e:n 4603.8110295
            e:w 4653.1978331
            c:n 4194.4833573
            c:w 4185.1220486
            n:w 12292.9803675
          b:e:c 1241.7848108
          b:e:n 579.6618720
          b:e:w 581.5986826
          b:c:n 583.1188356
          b:c:w 581.0966376
          b:n:w 1272.4649582
          e:c:n 4370.4940257
          e:c:w 4381.2616716
          e:n:w 5813.0889533
          c:n:w 5093.6399159
        b:e:c:n 1102.9025281
        b:e:c:w 1105.0194574
        b:e:n:w 1906.1060678
        b:c:n:w 1726.0702275
        e:c:n:w 47947.3184634
