########################################
# legofit: estimate population history #
#       version 2.3.4-4-g53f8760       #
########################################

# Program was compiled: Sep 21 2021 14:36:42
# Program was run: Mon Oct 11 17:29:45 2021

# cmd: legofit -1 -d 0 -t 32 --ptsPerDim 3 --stateOut b1boot7.state --tol 3e-6 -S 5000 abef2.lgo ../../chrX/boot_chrX/boot7.opf
# Stage nOptItr nSimReps
#     0    5000        0
# algorithm          : deterministic
# ignoring probs <=  : 0
# Branch length floor: 0
# DE strategy        : 2
#    F               : 0.3
#    CR              : 0.8
#    tolerance       : 3e-06
# nthreads           : 32
# lgo input file     : abef2.lgo
# site pat input file: ../../chrX/boot_chrX/boot7.opf
# free parameters    : 17
# points in DE swarm : 51
# output state file  : b1boot7.state
# Including singleton site patterns.
# cost function      : KL
Initial parameter values
Fixed:
      zero = 0
       one = 1
    Tbecnw = 75200
Free:
       pc1 = 0
       pc2 = 0
       pc3 = 0
       pc4 = 0
       pc5 = 0
       pc6 = 0
       pc7 = 0
       pc8 = 0
       pc9 = 0
      pc10 = 0
      pc11 = 0
      pc12 = 0
      pc13 = 0
      pc14 = 0
      pc15 = 0
      pc16 = 0
      pc17 = 0
Constrained:
   Tgbecnw = 149506
     Tecnw = 27983.7
       Tnw = 9423.88
       Tec = 2018.27
     twoNb = 2.52806e+06
     twoNe = 1.03892e+06
     twoNc = 1.43778e+06
     twoNw = 1.09426e+06
    twoNec = 127834
    twoNnw = 90007.1
  twoNecnw = 58845.2
  twoNbecnw = 17104.4
  twoNgbecnw = 204682
         m = 0.14324
        m2 = 0.0249403
        m5 = 0.154862
        m6 = 0.0191912
        Tb = 15001
        Ta = 45100.5
        Te = 1009.14
        Tf = 504.568
DiffEv reached_goal. cost=2.32314e-03 spread=2.97154e-06
Fitted parameter values
Free:
       pc1 = 1.74697
       pc2 = 1.13044
       pc3 = -0.85844
       pc4 = 1.20181
       pc5 = -1.09925
       pc6 = 0.391015
       pc7 = -0.899417
       pc8 = 0.573066
       pc9 = -1.83157
      pc10 = 0.0541991
      pc11 = 0.589893
      pc12 = -0.306604
      pc13 = -0.388673
      pc14 = -0.476215
      pc15 = 0.0502578
      pc16 = -0.0559723
      pc17 = -0.0338321
Constrained:
   Tgbecnw = 108502
     Tecnw = 26300.7
       Tnw = 11087.2
       Tec = 557.351
     twoNb = 7.35704e+06
     twoNe = 3.37718e+06
     twoNc = 1.62611e+06
     twoNw = 1.7285e+06
    twoNec = 135501
    twoNnw = 75766.3
  twoNecnw = 58227.4
  twoNbecnw = 11872.5
  twoNgbecnw = 226113
         m = 0.113834
        m2 = 0.024577
        m5 = 0.130813
        m6 = 0.000206166
        Tb = 13429
        Ta = 44314.5
        Te = 278.676
        Tf = 139.338
#       SitePat  BranchLen
              b 119333.3463487
              e 44755.1290263
              c 46566.3225150
              n 44093.5472451
              w 44058.4027680
            b:e 1280.9461280
            b:c 1409.9264791
            b:n 1085.1109809
            b:w 1083.7345168
            e:c 11940.3387398
            e:n 4614.4573790
            e:w 4649.5346197
            c:n 4125.3092979
            c:w 4118.3900778
            n:w 12244.4620132
          b:e:c 1266.0081128
          b:e:n 600.1929154
          b:e:w 601.5648905
          b:c:n 603.4311800
          b:c:w 601.9954241
          b:n:w 1298.6226117
          e:c:n 4427.8546600
          e:c:w 4434.8411166
          e:n:w 5633.7709600
          c:n:w 4904.7456414
        b:e:c:n 1159.9657899
        b:e:c:w 1161.4060349
        b:e:n:w 1929.0647174
        b:c:n:w 1734.5399795
        e:c:n:w 46694.7813053
