########################################
# legofit: estimate population history #
#       version 2.3.4-4-g53f8760       #
########################################

# Program was compiled: Sep 21 2021 14:36:42
# Program was run: Mon Oct 11 17:31:04 2021

# cmd: legofit -1 -d 0 -t 32 --ptsPerDim 3 --stateOut b1boot9.state --tol 3e-6 -S 5000 abef2.lgo ../../chrX/boot_chrX/boot9.opf
# Stage nOptItr nSimReps
#     0    5000        0
# algorithm          : deterministic
# ignoring probs <=  : 0
# Branch length floor: 0
# DE strategy        : 2
#    F               : 0.3
#    CR              : 0.8
#    tolerance       : 3e-06
# nthreads           : 32
# lgo input file     : abef2.lgo
# site pat input file: ../../chrX/boot_chrX/boot9.opf
# free parameters    : 17
# points in DE swarm : 51
# output state file  : b1boot9.state
# Including singleton site patterns.
# cost function      : KL
Initial parameter values
Fixed:
      zero = 0
       one = 1
    Tbecnw = 75200
Free:
       pc1 = 0
       pc2 = 0
       pc3 = 0
       pc4 = 0
       pc5 = 0
       pc6 = 0
       pc7 = 0
       pc8 = 0
       pc9 = 0
      pc10 = 0
      pc11 = 0
      pc12 = 0
      pc13 = 0
      pc14 = 0
      pc15 = 0
      pc16 = 0
      pc17 = 0
Constrained:
   Tgbecnw = 149506
     Tecnw = 27983.7
       Tnw = 9423.88
       Tec = 2018.27
     twoNb = 2.52806e+06
     twoNe = 1.03892e+06
     twoNc = 1.43778e+06
     twoNw = 1.09426e+06
    twoNec = 127834
    twoNnw = 90007.1
  twoNecnw = 58845.2
  twoNbecnw = 17104.4
  twoNgbecnw = 204682
         m = 0.14324
        m2 = 0.0249403
        m5 = 0.154862
        m6 = 0.0191912
        Tb = 15001
        Ta = 45100.5
        Te = 1009.14
        Tf = 504.568
DiffEv reached_goal. cost=2.27006e-03 spread=1.91569e-06
Fitted parameter values
Free:
       pc1 = 3.01652
       pc2 = 1.01122
       pc3 = -0.3842
       pc4 = -0.69041
       pc5 = -1.77862
       pc6 = 1.16105
       pc7 = -1.35943
       pc8 = -0.18159
       pc9 = 0.273506
      pc10 = -0.646868
      pc11 = 0.530039
      pc12 = -0.282344
      pc13 = -0.792335
      pc14 = 0.0184892
      pc15 = 0.0696757
      pc16 = 0.0333966
      pc17 = 0.00530825
Constrained:
   Tgbecnw = 98046.6
     Tecnw = 25646.4
       Tnw = 14755.6
       Tec = 195.383
     twoNb = 5.93124e+06
     twoNe = 3.48406e+06
     twoNc = 5.88855e+06
     twoNw = 1.07092e+06
    twoNec = 136503
    twoNnw = 49716.1
  twoNecnw = 60267.2
  twoNbecnw = 8544.23
  twoNgbecnw = 216791
         m = 0.129282
        m2 = 0.0202127
        m5 = 0.13195
        m6 = 0.00545162
        Tb = 12920.9
        Ta = 44060.5
        Te = 97.6916
        Tf = 48.8458
#       SitePat  BranchLen
              b 118973.5003135
              e 44318.8760235
              c 46100.8611936
              n 43630.2181222
              w 43554.1729301
            b:e 1238.1352858
            b:c 1366.0437245
            b:n 1033.4562910
            b:w 1030.4489847
            e:c 11856.1188365
            e:n 4508.2880657
            e:w 4580.6848854
            c:n 4059.9222495
            c:w 4047.9978008
            n:w 12161.3300425
          b:e:c 1243.7029108
          b:e:n 576.4147478
          b:e:w 579.1761629
          b:c:n 581.4000477
          b:c:w 578.4754531
          b:n:w 1265.9278145
          e:c:n 4254.3670151
          e:c:w 4269.9398363
          e:n:w 5591.0521565
          c:n:w 4838.9654462
        b:e:c:n 1115.7507357
        b:e:c:w 1118.9212215
        b:e:n:w 1815.3740761
        b:c:n:w 1634.3354458
        e:c:n:w 47084.2615587
