########################################
# legofit: estimate population history #
#       version 2.3.4-4-g53f8760       #
########################################

# Program was compiled: Sep 21 2021 14:36:42
# Program was run: Mon Oct 11 17:44:48 2021

# cmd: legofit -1 -d 0 -t 32 --ptsPerDim 3 --stateOut b1boot16.state --tol 3e-6 -S 5000 abef2.lgo ../../chrX/boot_chrX/boot16.opf
# Stage nOptItr nSimReps
#     0    5000        0
# algorithm          : deterministic
# ignoring probs <=  : 0
# Branch length floor: 0
# DE strategy        : 2
#    F               : 0.3
#    CR              : 0.8
#    tolerance       : 3e-06
# nthreads           : 32
# lgo input file     : abef2.lgo
# site pat input file: ../../chrX/boot_chrX/boot16.opf
# free parameters    : 17
# points in DE swarm : 51
# output state file  : b1boot16.state
# Including singleton site patterns.
# cost function      : KL
Initial parameter values
Fixed:
      zero = 0
       one = 1
    Tbecnw = 75200
Free:
       pc1 = 0
       pc2 = 0
       pc3 = 0
       pc4 = 0
       pc5 = 0
       pc6 = 0
       pc7 = 0
       pc8 = 0
       pc9 = 0
      pc10 = 0
      pc11 = 0
      pc12 = 0
      pc13 = 0
      pc14 = 0
      pc15 = 0
      pc16 = 0
      pc17 = 0
Constrained:
   Tgbecnw = 149506
     Tecnw = 27983.7
       Tnw = 9423.88
       Tec = 2018.27
     twoNb = 2.52806e+06
     twoNe = 1.03892e+06
     twoNc = 1.43778e+06
     twoNw = 1.09426e+06
    twoNec = 127834
    twoNnw = 90007.1
  twoNecnw = 58845.2
  twoNbecnw = 17104.4
  twoNgbecnw = 204682
         m = 0.14324
        m2 = 0.0249403
        m5 = 0.154862
        m6 = 0.0191912
        Tb = 15001
        Ta = 45100.5
        Te = 1009.14
        Tf = 504.568
DiffEv reached_goal. cost=2.27704e-03 spread=2.96819e-06
Fitted parameter values
Free:
       pc1 = 3.60286
       pc2 = 0.0883942
       pc3 = 1.19172
       pc4 = 1.87593
       pc5 = -1.19379
       pc6 = 0.666552
       pc7 = -1.22436
       pc8 = -0.206413
       pc9 = -1.188
      pc10 = 0.542115
      pc11 = 0.619698
      pc12 = -0.171853
      pc13 = -0.726881
      pc14 = 0.287013
      pc15 = -0.000203113
      pc16 = 0.0446079
      pc17 = 0.00520595
Constrained:
   Tgbecnw = 102058
     Tecnw = 25040.5
       Tnw = 18831.6
       Tec = 3398.54
     twoNb = 6.68526e+06
     twoNe = 2.43341e+06
     twoNc = 2.06514e+06
     twoNw = 1.84003e+06
    twoNec = 112983
    twoNnw = 26305.7
  twoNecnw = 63837.9
  twoNbecnw = 9848.21
  twoNgbecnw = 216134
         m = 0.129946
        m2 = 0.0226794
        m5 = 0.149167
        m6 = 0.00356099
        Tb = 14219.5
        Ta = 44709.8
        Te = 1699.27
        Tf = 849.635
#       SitePat  BranchLen
              b 119703.4410512
              e 44874.8502502
              c 46962.4954768
              n 43930.9927883
              w 43876.7699029
            b:e 1281.3599913
            b:c 1442.5383502
            b:n 1047.4486831
            b:w 1045.1327847
            e:c 11913.9329067
            e:n 4589.3273984
            e:w 4641.9220585
            c:n 4078.0006901
            c:w 4067.8153866
            n:w 12371.4553920
          b:e:c 1297.0507211
          b:e:n 586.8407462
          b:e:w 589.0403506
          b:c:n 591.7188783
          b:c:w 589.3924236
          b:n:w 1323.2743786
          e:c:n 4244.3408272
          e:c:w 4256.1543561
          e:n:w 5866.8776186
          c:n:w 4929.2163615
        b:e:c:n 1132.1001767
        b:e:c:w 1134.5429253
        b:e:n:w 1947.7059271
        b:c:n:w 1716.7467184
        e:c:n:w 47072.2881962
