########################################
# legofit: estimate population history #
#       version 2.3.4-4-g53f8760       #
########################################

# Program was compiled: Sep 21 2021 14:36:42
# Program was run: Mon Oct 11 18:17:42 2021

# cmd: legofit -1 -d 0 -t 32 --ptsPerDim 3 --stateOut b1boot38.state --tol 3e-6 -S 5000 abef2.lgo ../../chrX/boot_chrX/boot38.opf
# Stage nOptItr nSimReps
#     0    5000        0
# algorithm          : deterministic
# ignoring probs <=  : 0
# Branch length floor: 0
# DE strategy        : 2
#    F               : 0.3
#    CR              : 0.8
#    tolerance       : 3e-06
# nthreads           : 32
# lgo input file     : abef2.lgo
# site pat input file: ../../chrX/boot_chrX/boot38.opf
# free parameters    : 17
# points in DE swarm : 51
# output state file  : b1boot38.state
# Including singleton site patterns.
# cost function      : KL
Initial parameter values
Fixed:
      zero = 0
       one = 1
    Tbecnw = 75200
Free:
       pc1 = 0
       pc2 = 0
       pc3 = 0
       pc4 = 0
       pc5 = 0
       pc6 = 0
       pc7 = 0
       pc8 = 0
       pc9 = 0
      pc10 = 0
      pc11 = 0
      pc12 = 0
      pc13 = 0
      pc14 = 0
      pc15 = 0
      pc16 = 0
      pc17 = 0
Constrained:
   Tgbecnw = 149506
     Tecnw = 27983.7
       Tnw = 9423.88
       Tec = 2018.27
     twoNb = 2.52806e+06
     twoNe = 1.03892e+06
     twoNc = 1.43778e+06
     twoNw = 1.09426e+06
    twoNec = 127834
    twoNnw = 90007.1
  twoNecnw = 58845.2
  twoNbecnw = 17104.4
  twoNgbecnw = 204682
         m = 0.14324
        m2 = 0.0249403
        m5 = 0.154862
        m6 = 0.0191912
        Tb = 15001
        Ta = 45100.5
        Te = 1009.14
        Tf = 504.568
DiffEv reached_goal. cost=2.38295e-03 spread=1.67703e-06
Fitted parameter values
Free:
       pc1 = 0.0296489
       pc2 = -0.236199
       pc3 = -1.75967
       pc4 = 1.05923
       pc5 = -1.56929
       pc6 = 0.348181
       pc7 = -1.30671
       pc8 = 0.791287
       pc9 = -0.641346
      pc10 = 0.252437
      pc11 = 0.666745
      pc12 = 0.0857582
      pc13 = -0.870264
      pc14 = 0.142236
      pc15 = -0.136463
      pc16 = 0.0363823
      pc17 = 0.0250395
Constrained:
   Tgbecnw = 100433
     Tecnw = 27365.1
       Tnw = 8246.4
       Tec = 73.0987
     twoNb = 6.18416e+06
     twoNe = 4.66991e+06
     twoNc = 2.6202e+06
     twoNw = 1.41407e+06
    twoNec = 130308
    twoNnw = 94005.3
  twoNecnw = 55732.3
  twoNbecnw = 9464.78
  twoNgbecnw = 211877
         m = 0.134154
        m2 = 0.02635
        m5 = 0.185303
        m6 = 0.0339259
        Tb = 13719.1
        Ta = 44459.5
        Te = 36.5494
        Tf = 18.2747
#       SitePat  BranchLen
              b 120308.0555790
              e 44333.4816095
              c 46510.0554957
              n 43583.6056086
              w 43527.7174396
            b:e 1234.9523047
            b:c 1386.3736820
            b:n 1024.3396982
            b:w 1022.3085865
            e:c 11484.9258384
            e:n 4678.5063349
            e:w 4724.0642333
            c:n 4074.5834531
            c:w 4074.1825730
            n:w 11974.2698313
          b:e:c 1183.9648003
          b:e:n 575.4952279
          b:e:w 576.8813827
          b:c:n 579.1161173
          b:c:w 577.6322831
          b:n:w 1218.8980346
          e:c:n 4273.7493333
          e:c:w 4284.4804841
          e:n:w 5627.0650119
          c:n:w 4781.1062545
        b:e:c:n 1097.6994532
        b:e:c:w 1099.8282442
        b:e:n:w 1919.2641172
        b:c:n:w 1686.6602919
        e:c:n:w 48397.1118374
