########################################
# legofit: estimate population history #
#       version 2.3.4-4-g53f8760       #
########################################

# Program was compiled: Sep 21 2021 14:36:42
# Program was run: Mon Oct 11 18:10:50 2021

# cmd: legofit -1 -d 0 -t 32 --ptsPerDim 3 --stateOut b1boot33.state --tol 3e-6 -S 5000 abef2.lgo ../../chrX/boot_chrX/boot33.opf
# Stage nOptItr nSimReps
#     0    5000        0
# algorithm          : deterministic
# ignoring probs <=  : 0
# Branch length floor: 0
# DE strategy        : 2
#    F               : 0.3
#    CR              : 0.8
#    tolerance       : 3e-06
# nthreads           : 32
# lgo input file     : abef2.lgo
# site pat input file: ../../chrX/boot_chrX/boot33.opf
# free parameters    : 17
# points in DE swarm : 51
# output state file  : b1boot33.state
# Including singleton site patterns.
# cost function      : KL
Initial parameter values
Fixed:
      zero = 0
       one = 1
    Tbecnw = 75200
Free:
       pc1 = 0
       pc2 = 0
       pc3 = 0
       pc4 = 0
       pc5 = 0
       pc6 = 0
       pc7 = 0
       pc8 = 0
       pc9 = 0
      pc10 = 0
      pc11 = 0
      pc12 = 0
      pc13 = 0
      pc14 = 0
      pc15 = 0
      pc16 = 0
      pc17 = 0
Constrained:
   Tgbecnw = 149506
     Tecnw = 27983.7
       Tnw = 9423.88
       Tec = 2018.27
     twoNb = 2.52806e+06
     twoNe = 1.03892e+06
     twoNc = 1.43778e+06
     twoNw = 1.09426e+06
    twoNec = 127834
    twoNnw = 90007.1
  twoNecnw = 58845.2
  twoNbecnw = 17104.4
  twoNgbecnw = 204682
         m = 0.14324
        m2 = 0.0249403
        m5 = 0.154862
        m6 = 0.0191912
        Tb = 15001
        Ta = 45100.5
        Te = 1009.14
        Tf = 504.568
DiffEv reached_goal. cost=2.23034e-03 spread=2.00529e-06
Fitted parameter values
Free:
       pc1 = 2.92728
       pc2 = 1.8274
       pc3 = -0.179774
       pc4 = 0.668212
       pc5 = -1.57207
       pc6 = -0.0166758
       pc7 = -0.723311
       pc8 = 0.0258878
       pc9 = 0.138833
      pc10 = -0.77836
      pc11 = 0.69385
      pc12 = -0.948866
      pc13 = -0.657017
      pc14 = -0.367135
      pc15 = 0.0607929
      pc16 = -0.0816921
      pc17 = -0.0174755
Constrained:
   Tgbecnw = 99994.5
     Tecnw = 25673.5
       Tnw = 15055.8
       Tec = 42.2464
     twoNb = 5.03769e+06
     twoNe = 4.23226e+06
     twoNc = 1.66597e+06
     twoNw = 1.35935e+06
    twoNec = 142440
    twoNnw = 45828
  twoNecnw = 59046.6
  twoNbecnw = 8876.23
  twoNgbecnw = 249653
         m = 0.11383
        m2 = 0.0199881
        m5 = 0.113798
        m6 = 0.0121669
        Tb = 12857.9
        Ta = 44028.9
        Te = 21.1232
        Tf = 10.5616
#       SitePat  BranchLen
              b 120081.8016331
              e 44486.5206560
              c 45954.4094474
              n 43200.2843999
              w 43144.7928319
            b:e 1280.9605161
            b:c 1388.7958512
            b:n 1040.9527719
            b:w 1038.7025863
            e:c 11811.5353743
            e:n 4414.7474451
            e:w 4463.7616084
            c:n 4045.9368854
            c:w 4040.8935922
            n:w 12393.2529467
          b:e:c 1282.1554534
          b:e:n 583.0605556
          b:e:w 584.8642479
          b:c:n 586.7097550
          b:c:w 584.7867610
          b:n:w 1303.2104556
          e:c:n 4226.0834347
          e:c:w 4237.6041325
          e:n:w 5633.1361240
          c:n:w 4998.3899032
        b:e:c:n 1123.3089485
        b:e:c:w 1125.6784359
        b:e:n:w 1857.2146071
        b:c:n:w 1704.3435386
        e:c:n:w 48455.9148086
