########################################
# legofit: estimate population history #
#       version 2.3.4-4-g53f8760       #
########################################

# Program was compiled: Sep 21 2021 14:36:42
# Program was run: Mon Oct 11 18:20:51 2021

# cmd: legofit -1 -d 0 -t 32 --ptsPerDim 3 --stateOut b1boot42.state --tol 3e-6 -S 5000 abef2.lgo ../../chrX/boot_chrX/boot42.opf
# Stage nOptItr nSimReps
#     0    5000        0
# algorithm          : deterministic
# ignoring probs <=  : 0
# Branch length floor: 0
# DE strategy        : 2
#    F               : 0.3
#    CR              : 0.8
#    tolerance       : 3e-06
# nthreads           : 32
# lgo input file     : abef2.lgo
# site pat input file: ../../chrX/boot_chrX/boot42.opf
# free parameters    : 17
# points in DE swarm : 51
# output state file  : b1boot42.state
# Including singleton site patterns.
# cost function      : KL
Initial parameter values
Fixed:
      zero = 0
       one = 1
    Tbecnw = 75200
Free:
       pc1 = 0
       pc2 = 0
       pc3 = 0
       pc4 = 0
       pc5 = 0
       pc6 = 0
       pc7 = 0
       pc8 = 0
       pc9 = 0
      pc10 = 0
      pc11 = 0
      pc12 = 0
      pc13 = 0
      pc14 = 0
      pc15 = 0
      pc16 = 0
      pc17 = 0
Constrained:
   Tgbecnw = 149506
     Tecnw = 27983.7
       Tnw = 9423.88
       Tec = 2018.27
     twoNb = 2.52806e+06
     twoNe = 1.03892e+06
     twoNc = 1.43778e+06
     twoNw = 1.09426e+06
    twoNec = 127834
    twoNnw = 90007.1
  twoNecnw = 58845.2
  twoNbecnw = 17104.4
  twoNgbecnw = 204682
         m = 0.14324
        m2 = 0.0249403
        m5 = 0.154862
        m6 = 0.0191912
        Tb = 15001
        Ta = 45100.5
        Te = 1009.14
        Tf = 504.568
DiffEv reached_goal. cost=2.26528e-03 spread=2.96915e-06
Fitted parameter values
Free:
       pc1 = -0.120875
       pc2 = -0.150805
       pc3 = -0.749237
       pc4 = 1.83166
       pc5 = -1.68294
       pc6 = 0.89939
       pc7 = -1.92259
       pc8 = 0.671244
       pc9 = -0.884105
      pc10 = -0.728346
      pc11 = 0.435309
      pc12 = 0.0132413
      pc13 = -0.293256
      pc14 = -0.564116
      pc15 = -0.106537
      pc16 = -0.116749
      pc17 = 0.00879442
Constrained:
   Tgbecnw = 113312
     Tecnw = 28824.7
       Tnw = 9607.75
       Tec = 1768.57
     twoNb = 7.24195e+06
     twoNe = 3.9396e+06
     twoNc = 2.62193e+06
     twoNw = 1.70294e+06
    twoNec = 126817
    twoNnw = 89562.2
  twoNecnw = 53234.5
  twoNbecnw = 14061.1
  twoNgbecnw = 200558
         m = 0.125822
        m2 = 0.02353
        m5 = 0.183265
        m6 = 0.0416486
        Tb = 15296.6
        Ta = 45248.3
        Te = 884.286
        Tf = 442.143
#       SitePat  BranchLen
              b 121022.3981027
              e 45225.3400425
              c 47299.3266867
              n 44306.7918559
              w 44256.1748376
            b:e 1273.8922554
            b:c 1421.2296275
            b:n 1072.1595251
            b:w 1070.2242490
            e:c 11564.1780063
            e:n 4651.5339419
            e:w 4690.4370311
            c:n 4080.1141419
            c:w 4081.8743118
            n:w 12180.6369622
          b:e:c 1246.7879827
          b:e:n 596.3027393
          b:e:w 597.4778463
          b:c:n 599.2062890
          b:c:w 597.9575690
          b:n:w 1278.0967599
          e:c:n 4379.5594928
          e:c:w 4389.5132519
          e:n:w 5779.3366319
          c:n:w 4946.8926318
        b:e:c:n 1132.6170354
        b:e:c:w 1134.6259244
        b:e:n:w 1870.6353053
        b:c:n:w 1658.3544835
        e:c:n:w 48039.7285273
