########################################
# legofit: estimate population history #
#       version 2.3.4-4-g53f8760       #
########################################

# Program was compiled: Sep 21 2021 14:36:42
# Program was run: Mon Oct 11 17:19:33 2021

# cmd: legofit -1 -d 0 -t 32 --ptsPerDim 3 --stateOut b1boot2.state --tol 3e-6 -S 5000 abef2.lgo ../../chrX/boot_chrX/boot2.opf
# Stage nOptItr nSimReps
#     0    5000        0
# algorithm          : deterministic
# ignoring probs <=  : 0
# Branch length floor: 0
# DE strategy        : 2
#    F               : 0.3
#    CR              : 0.8
#    tolerance       : 3e-06
# nthreads           : 32
# lgo input file     : abef2.lgo
# site pat input file: ../../chrX/boot_chrX/boot2.opf
# free parameters    : 17
# points in DE swarm : 51
# output state file  : b1boot2.state
# Including singleton site patterns.
# cost function      : KL
Initial parameter values
Fixed:
      zero = 0
       one = 1
    Tbecnw = 75200
Free:
       pc1 = 0
       pc2 = 0
       pc3 = 0
       pc4 = 0
       pc5 = 0
       pc6 = 0
       pc7 = 0
       pc8 = 0
       pc9 = 0
      pc10 = 0
      pc11 = 0
      pc12 = 0
      pc13 = 0
      pc14 = 0
      pc15 = 0
      pc16 = 0
      pc17 = 0
Constrained:
   Tgbecnw = 149506
     Tecnw = 27983.7
       Tnw = 9423.88
       Tec = 2018.27
     twoNb = 2.52806e+06
     twoNe = 1.03892e+06
     twoNc = 1.43778e+06
     twoNw = 1.09426e+06
    twoNec = 127834
    twoNnw = 90007.1
  twoNecnw = 58845.2
  twoNbecnw = 17104.4
  twoNgbecnw = 204682
         m = 0.14324
        m2 = 0.0249403
        m5 = 0.154862
        m6 = 0.0191912
        Tb = 15001
        Ta = 45100.5
        Te = 1009.14
        Tf = 504.568
DiffEv reached_goal. cost=2.24907e-03 spread=2.18155e-06
Fitted parameter values
Free:
       pc1 = 2.51573
       pc2 = 0.238632
       pc3 = 0.197002
       pc4 = 1.52718
       pc5 = -1.90896
       pc6 = 0.575207
       pc7 = -0.802419
       pc8 = 0.251876
       pc9 = -1.35902
      pc10 = -0.218664
      pc11 = -0.0913719
      pc12 = -0.00415541
      pc13 = -0.842622
      pc14 = 0.178628
      pc15 = 0.00543487
      pc16 = -0.0803967
      pc17 = 0.13762
Constrained:
   Tgbecnw = 107450
     Tecnw = 25968.4
       Tnw = 13215.2
       Tec = 2585.26
     twoNb = 7.95891e+06
     twoNe = 3.91249e+06
     twoNc = 1.48305e+06
     twoNw = 1.59129e+06
    twoNec = 119294
    twoNnw = 56269.2
  twoNecnw = 62774.5
  twoNbecnw = 11362
  twoNgbecnw = 221966
         m = 0.124143
        m2 = 0.0221617
        m5 = 0.15491
        m6 = 0.00936295
        Tb = 14276.8
        Ta = 44738.4
        Te = 1292.63
        Tf = 646.316
#       SitePat  BranchLen
              b 120190.8486138
              e 45110.2585941
              c 47290.2941643
              n 44026.5198760
              w 43975.5540046
            b:e 1260.5264092
            b:c 1414.0916154
            b:n 1053.3099764
            b:w 1051.2917471
            e:c 11958.7559714
            e:n 4675.9057565
            e:w 4723.1767437
            c:n 4099.8805681
            c:w 4093.2210190
            n:w 12703.5314602
          b:e:c 1275.1491727
          b:e:n 587.5546601
          b:e:w 589.3250583
          b:c:n 591.6984368
          b:c:w 589.8263634
          b:n:w 1304.1095776
          e:c:n 4280.0166454
          e:c:w 4290.3710787
          e:n:w 5785.1540907
          c:n:w 4875.9703029
        b:e:c:n 1131.8650294
        b:e:c:w 1133.9849340
        b:e:n:w 1909.6092636
        b:c:n:w 1686.5280569
        e:c:n:w 47058.0658115
