########################################
# legofit: estimate population history #
#       version 2.3.4-4-g53f8760       #
########################################

# Program was compiled: Sep 21 2021 14:36:42
# Program was run: Mon Oct 11 18:11:27 2021

# cmd: legofit -1 -d 0 -t 32 --ptsPerDim 3 --stateOut b1boot34.state --tol 3e-6 -S 5000 abef2.lgo ../../chrX/boot_chrX/boot34.opf
# Stage nOptItr nSimReps
#     0    5000        0
# algorithm          : deterministic
# ignoring probs <=  : 0
# Branch length floor: 0
# DE strategy        : 2
#    F               : 0.3
#    CR              : 0.8
#    tolerance       : 3e-06
# nthreads           : 32
# lgo input file     : abef2.lgo
# site pat input file: ../../chrX/boot_chrX/boot34.opf
# free parameters    : 17
# points in DE swarm : 51
# output state file  : b1boot34.state
# Including singleton site patterns.
# cost function      : KL
Initial parameter values
Fixed:
      zero = 0
       one = 1
    Tbecnw = 75200
Free:
       pc1 = 0
       pc2 = 0
       pc3 = 0
       pc4 = 0
       pc5 = 0
       pc6 = 0
       pc7 = 0
       pc8 = 0
       pc9 = 0
      pc10 = 0
      pc11 = 0
      pc12 = 0
      pc13 = 0
      pc14 = 0
      pc15 = 0
      pc16 = 0
      pc17 = 0
Constrained:
   Tgbecnw = 149506
     Tecnw = 27983.7
       Tnw = 9423.88
       Tec = 2018.27
     twoNb = 2.52806e+06
     twoNe = 1.03892e+06
     twoNc = 1.43778e+06
     twoNw = 1.09426e+06
    twoNec = 127834
    twoNnw = 90007.1
  twoNecnw = 58845.2
  twoNbecnw = 17104.4
  twoNgbecnw = 204682
         m = 0.14324
        m2 = 0.0249403
        m5 = 0.154862
        m6 = 0.0191912
        Tb = 15001
        Ta = 45100.5
        Te = 1009.14
        Tf = 504.568
DiffEv reached_goal. cost=2.04325e-03 spread=2.95132e-06
Fitted parameter values
Free:
       pc1 = 0.645761
       pc2 = 0.468792
       pc3 = -1.31721
       pc4 = 1.14832
       pc5 = -1.39341
       pc6 = -0.175591
       pc7 = -1.31499
       pc8 = 0.235668
       pc9 = -1.02505
      pc10 = -0.0381356
      pc11 = 0.39759
      pc12 = 0.480574
      pc13 = -0.289327
      pc14 = -0.118065
      pc15 = 0.100887
      pc16 = 0.0666807
      pc17 = 0.0598196
Constrained:
   Tgbecnw = 114798
     Tecnw = 27359.5
       Tnw = 9524.42
       Tec = 320.464
     twoNb = 5.65174e+06
     twoNe = 5.19665e+06
     twoNc = 2.07664e+06
     twoNw = 1.57132e+06
    twoNec = 132726
    twoNnw = 87343.3
  twoNecnw = 56897.8
  twoNbecnw = 13825.6
  twoNgbecnw = 207142
         m = 0.130318
        m2 = 0.0249453
        m5 = 0.169154
        m6 = 0.00406717
        Tb = 13840
        Ta = 44520
        Te = 160.232
        Tf = 80.1159
#       SitePat  BranchLen
              b 121878.8680230
              e 44810.4627855
              c 47185.9987160
              n 44317.2459347
              w 44271.7678450
            b:e 1225.6476090
            b:c 1388.3641552
            b:n 1034.9960948
            b:w 1033.3432468
            e:c 11934.8666182
            e:n 4714.2191437
            e:w 4758.4127515
            c:n 4062.9671756
            c:w 4055.5157724
            n:w 12306.3436257
          b:e:c 1200.0919054
          b:e:n 570.5905084
          b:e:w 572.1635542
          b:c:n 574.0194182
          b:c:w 572.3813640
          b:n:w 1237.6477621
          e:c:n 4406.2032455
          e:c:w 4414.9391307
          e:n:w 5766.0299156
          c:n:w 4825.4482268
        b:e:c:n 1094.7243364
        b:e:c:w 1096.4421927
        b:e:n:w 1901.5272963
        b:c:n:w 1654.3586665
        e:c:n:w 48568.8455179
