########################################
# legofit: estimate population history #
#       version 2.3.4-4-g53f8760       #
########################################

# Program was compiled: Sep 21 2021 14:36:42
# Program was run: Mon Oct 11 17:47:38 2021

# cmd: legofit -1 -d 0 -t 32 --ptsPerDim 3 --stateOut b1boot19.state --tol 3e-6 -S 5000 abef2.lgo ../../chrX/boot_chrX/boot19.opf
# Stage nOptItr nSimReps
#     0    5000        0
# algorithm          : deterministic
# ignoring probs <=  : 0
# Branch length floor: 0
# DE strategy        : 2
#    F               : 0.3
#    CR              : 0.8
#    tolerance       : 3e-06
# nthreads           : 32
# lgo input file     : abef2.lgo
# site pat input file: ../../chrX/boot_chrX/boot19.opf
# free parameters    : 17
# points in DE swarm : 51
# output state file  : b1boot19.state
# Including singleton site patterns.
# cost function      : KL
Initial parameter values
Fixed:
      zero = 0
       one = 1
    Tbecnw = 75200
Free:
       pc1 = 0
       pc2 = 0
       pc3 = 0
       pc4 = 0
       pc5 = 0
       pc6 = 0
       pc7 = 0
       pc8 = 0
       pc9 = 0
      pc10 = 0
      pc11 = 0
      pc12 = 0
      pc13 = 0
      pc14 = 0
      pc15 = 0
      pc16 = 0
      pc17 = 0
Constrained:
   Tgbecnw = 149506
     Tecnw = 27983.7
       Tnw = 9423.88
       Tec = 2018.27
     twoNb = 2.52806e+06
     twoNe = 1.03892e+06
     twoNc = 1.43778e+06
     twoNw = 1.09426e+06
    twoNec = 127834
    twoNnw = 90007.1
  twoNecnw = 58845.2
  twoNbecnw = 17104.4
  twoNgbecnw = 204682
         m = 0.14324
        m2 = 0.0249403
        m5 = 0.154862
        m6 = 0.0191912
        Tb = 15001
        Ta = 45100.5
        Te = 1009.14
        Tf = 504.568
DiffEv reached_goal. cost=2.32866e-03 spread=2.60446e-06
Fitted parameter values
Free:
       pc1 = 1.31945
       pc2 = 0.799676
       pc3 = 0.0701345
       pc4 = 1.71556
       pc5 = 0.388767
       pc6 = 0.279223
       pc7 = -1.76613
       pc8 = 0.0284332
       pc9 = -0.191739
      pc10 = -0.0959116
      pc11 = -0.113116
      pc12 = -0.7094
      pc13 = -0.434152
      pc14 = -0.191519
      pc15 = 0.197619
      pc16 = 0.0208582
      pc17 = -0.0206345
Constrained:
   Tgbecnw = 116674
     Tecnw = 27775.6
       Tnw = 12797.7
       Tec = 0.234977
     twoNb = 3.38817e+06
     twoNe = 1.41302e+06
     twoNc = 2.02153e+06
     twoNw = 1.90888e+06
    twoNec = 133944
    twoNnw = 63661.4
  twoNecnw = 60313.8
  twoNbecnw = 14630.4
  twoNgbecnw = 196433
         m = 0.138096
        m2 = 0.0227758
        m5 = 0.14839
        m6 = 0.0374013
        Tb = 13887.9
        Ta = 44544
        Te = 0.117488
        Tf = 0.0587442
#       SitePat  BranchLen
              b 122465.5167753
              e 46009.5939942
              c 47743.1083810
              n 44820.1080901
              w 44766.8374955
            b:e 1312.1538663
            b:c 1437.0148253
            b:n 1060.5232209
            b:w 1058.4798048
            e:c 12356.7475701
            e:n 4587.7147731
            e:w 4628.1252772
            c:n 4126.6503843
            c:w 4128.8986927
            n:w 12941.6983338
          b:e:c 1293.1220086
          b:e:n 585.6287038
          b:e:w 586.8325978
          b:c:n 588.3406576
          b:c:w 587.0532758
          b:n:w 1324.3035765
          e:c:n 4316.3822055
          e:c:w 4326.9939875
          e:n:w 5793.5120521
          c:n:w 5067.8752479
        b:e:c:n 1124.8225350
        b:e:c:w 1126.9494391
        b:e:n:w 1886.3998505
        b:c:n:w 1711.0196026
        e:c:n:w 48213.1822514
