########################################
# legofit: estimate population history #
#       version 2.3.4-4-g53f8760       #
########################################

# Program was compiled: Sep 21 2021 14:36:42
# Program was run: Mon Oct 11 18:03:43 2021

# cmd: legofit -1 -d 0 -t 32 --ptsPerDim 3 --stateOut b1boot29.state --tol 3e-6 -S 5000 abef2.lgo ../../chrX/boot_chrX/boot29.opf
# Stage nOptItr nSimReps
#     0    5000        0
# algorithm          : deterministic
# ignoring probs <=  : 0
# Branch length floor: 0
# DE strategy        : 2
#    F               : 0.3
#    CR              : 0.8
#    tolerance       : 3e-06
# nthreads           : 32
# lgo input file     : abef2.lgo
# site pat input file: ../../chrX/boot_chrX/boot29.opf
# free parameters    : 17
# points in DE swarm : 51
# output state file  : b1boot29.state
# Including singleton site patterns.
# cost function      : KL
Initial parameter values
Fixed:
      zero = 0
       one = 1
    Tbecnw = 75200
Free:
       pc1 = 0
       pc2 = 0
       pc3 = 0
       pc4 = 0
       pc5 = 0
       pc6 = 0
       pc7 = 0
       pc8 = 0
       pc9 = 0
      pc10 = 0
      pc11 = 0
      pc12 = 0
      pc13 = 0
      pc14 = 0
      pc15 = 0
      pc16 = 0
      pc17 = 0
Constrained:
   Tgbecnw = 149506
     Tecnw = 27983.7
       Tnw = 9423.88
       Tec = 2018.27
     twoNb = 2.52806e+06
     twoNe = 1.03892e+06
     twoNc = 1.43778e+06
     twoNw = 1.09426e+06
    twoNec = 127834
    twoNnw = 90007.1
  twoNecnw = 58845.2
  twoNbecnw = 17104.4
  twoNgbecnw = 204682
         m = 0.14324
        m2 = 0.0249403
        m5 = 0.154862
        m6 = 0.0191912
        Tb = 15001
        Ta = 45100.5
        Te = 1009.14
        Tf = 504.568
DiffEv reached_goal. cost=2.31027e-03 spread=2.93245e-06
Fitted parameter values
Free:
       pc1 = 1.81306
       pc2 = 0.657622
       pc3 = -1.25651
       pc4 = 0.131529
       pc5 = -1.69093
       pc6 = 0.51455
       pc7 = -1.67263
       pc8 = -0.318224
       pc9 = -0.240237
      pc10 = -0.182927
      pc11 = 0.258663
      pc12 = 0.023809
      pc13 = -0.183733
      pc14 = -0.102894
      pc15 = 0.0225886
      pc16 = 0.0362788
      pc17 = 0.0105354
Constrained:
   Tgbecnw = 108600
     Tecnw = 26892.4
       Tnw = 12570.2
       Tec = 125.331
     twoNb = 5.70474e+06
     twoNe = 5.24421e+06
     twoNc = 4.82851e+06
     twoNw = 1.32253e+06
    twoNec = 139650
    twoNnw = 68874.5
  twoNecnw = 58612.5
  twoNbecnw = 12394.2
  twoNgbecnw = 190258
         m = 0.145966
        m2 = 0.0230014
        m5 = 0.148768
        m6 = 0.00780568
        Tb = 13508.9
        Ta = 44354.4
        Te = 62.6656
        Tf = 31.3328
#       SitePat  BranchLen
              b 121522.2227008
              e 45110.2754206
              c 47099.7651371
              n 44493.5284023
              w 44430.4436826
            b:e 1254.1404096
            b:c 1395.9270804
            b:n 1039.5334417
            b:w 1037.1497430
            e:c 11869.1648184
            e:n 4641.9295339
            e:w 4701.2335666
            c:n 4118.1079504
            c:w 4109.3378382
            n:w 12184.8475575
          b:e:c 1216.1047314
          b:e:n 577.6942658
          b:e:w 579.8345477
          b:c:n 581.6598854
          b:c:w 579.4158456
          b:n:w 1246.2989329
          e:c:n 4366.3807603
          e:c:w 4378.9315596
          e:n:w 5712.0138985
          c:n:w 4898.6048604
        b:e:c:n 1105.8982695
        b:e:c:w 1108.3857261
        b:e:n:w 1861.1871954
        b:c:n:w 1655.4901720
        e:c:n:w 48277.7686813
