########################################
# legofit: estimate population history #
#       version 2.3.4-4-g53f8760       #
########################################

# Program was compiled: Sep 21 2021 14:36:42
# Program was run: Mon Oct 11 18:02:21 2021

# cmd: legofit -1 -d 0 -t 32 --ptsPerDim 3 --stateOut b1boot28.state --tol 3e-6 -S 5000 abef2.lgo ../../chrX/boot_chrX/boot28.opf
# Stage nOptItr nSimReps
#     0    5000        0
# algorithm          : deterministic
# ignoring probs <=  : 0
# Branch length floor: 0
# DE strategy        : 2
#    F               : 0.3
#    CR              : 0.8
#    tolerance       : 3e-06
# nthreads           : 32
# lgo input file     : abef2.lgo
# site pat input file: ../../chrX/boot_chrX/boot28.opf
# free parameters    : 17
# points in DE swarm : 51
# output state file  : b1boot28.state
# Including singleton site patterns.
# cost function      : KL
Initial parameter values
Fixed:
      zero = 0
       one = 1
    Tbecnw = 75200
Free:
       pc1 = 0
       pc2 = 0
       pc3 = 0
       pc4 = 0
       pc5 = 0
       pc6 = 0
       pc7 = 0
       pc8 = 0
       pc9 = 0
      pc10 = 0
      pc11 = 0
      pc12 = 0
      pc13 = 0
      pc14 = 0
      pc15 = 0
      pc16 = 0
      pc17 = 0
Constrained:
   Tgbecnw = 149506
     Tecnw = 27983.7
       Tnw = 9423.88
       Tec = 2018.27
     twoNb = 2.52806e+06
     twoNe = 1.03892e+06
     twoNc = 1.43778e+06
     twoNw = 1.09426e+06
    twoNec = 127834
    twoNnw = 90007.1
  twoNecnw = 58845.2
  twoNbecnw = 17104.4
  twoNgbecnw = 204682
         m = 0.14324
        m2 = 0.0249403
        m5 = 0.154862
        m6 = 0.0191912
        Tb = 15001
        Ta = 45100.5
        Te = 1009.14
        Tf = 504.568
DiffEv reached_goal. cost=2.20805e-03 spread=2.84250e-06
Fitted parameter values
Free:
       pc1 = 2.11244
       pc2 = -0.244613
       pc3 = -0.663625
       pc4 = 0.453612
       pc5 = -0.137339
       pc6 = 0.406607
       pc7 = -1.69396
       pc8 = -0.279692
       pc9 = -0.19124
      pc10 = 0.0967662
      pc11 = 0.178299
      pc12 = 0.0890282
      pc13 = -0.0417452
      pc14 = 0.334613
      pc15 = -0.00370176
      pc16 = 0.0619737
      pc17 = 0.133382
Constrained:
   Tgbecnw = 103788
     Tecnw = 26621.4
       Tnw = 12644.9
       Tec = 1276.09
     twoNb = 3.83903e+06
     twoNe = 2.57761e+06
     twoNc = 4.44906e+06
     twoNw = 1.55373e+06
    twoNec = 131504
    twoNnw = 64357.6
  twoNecnw = 61083.1
  twoNbecnw = 11666.6
  twoNgbecnw = 159094
         m = 0.181097
        m2 = 0.0237116
        m5 = 0.157544
        m6 = 0.00653103
        Tb = 13948.8
        Ta = 44574.4
        Te = 638.043
        Tf = 319.022
#       SitePat  BranchLen
              b 121779.2229978
              e 45390.0426113
              c 47606.3578996
              n 44491.1499640
              w 44437.3419604
            b:e 1308.0595475
            b:c 1473.5817790
            b:n 1048.3718716
            b:w 1046.3053203
            e:c 11916.0663767
            e:n 4719.9403694
            e:w 4771.1053814
            c:n 4130.6842483
            c:w 4122.5746437
            n:w 12540.0054785
          b:e:c 1250.6122197
          b:e:n 586.0649059
          b:e:w 587.9588223
          b:c:n 590.1027254
          b:c:w 588.1122753
          b:n:w 1276.4222967
          e:c:n 4346.4940703
          e:c:w 4357.2466666
          e:n:w 5876.1684450
          c:n:w 4954.6393627
        b:e:c:n 1120.6834252
        b:e:c:w 1122.8465102
        b:e:n:w 1899.2758183
        b:c:n:w 1672.5628505
        e:c:n:w 48097.6188892
