########################################
# legofit: estimate population history #
#       version 2.3.4-4-g53f8760       #
########################################

# Program was compiled: Sep 21 2021 14:36:42
# Program was run: Mon Oct 11 17:29:50 2021

# cmd: legofit -1 -d 0 -t 32 --ptsPerDim 3 --stateOut b1boot8.state --tol 3e-6 -S 5000 abef2.lgo ../../chrX/boot_chrX/boot8.opf
# Stage nOptItr nSimReps
#     0    5000        0
# algorithm          : deterministic
# ignoring probs <=  : 0
# Branch length floor: 0
# DE strategy        : 2
#    F               : 0.3
#    CR              : 0.8
#    tolerance       : 3e-06
# nthreads           : 32
# lgo input file     : abef2.lgo
# site pat input file: ../../chrX/boot_chrX/boot8.opf
# free parameters    : 17
# points in DE swarm : 51
# output state file  : b1boot8.state
# Including singleton site patterns.
# cost function      : KL
Initial parameter values
Fixed:
      zero = 0
       one = 1
    Tbecnw = 75200
Free:
       pc1 = 0
       pc2 = 0
       pc3 = 0
       pc4 = 0
       pc5 = 0
       pc6 = 0
       pc7 = 0
       pc8 = 0
       pc9 = 0
      pc10 = 0
      pc11 = 0
      pc12 = 0
      pc13 = 0
      pc14 = 0
      pc15 = 0
      pc16 = 0
      pc17 = 0
Constrained:
   Tgbecnw = 149506
     Tecnw = 27983.7
       Tnw = 9423.88
       Tec = 2018.27
     twoNb = 2.52806e+06
     twoNe = 1.03892e+06
     twoNc = 1.43778e+06
     twoNw = 1.09426e+06
    twoNec = 127834
    twoNnw = 90007.1
  twoNecnw = 58845.2
  twoNbecnw = 17104.4
  twoNgbecnw = 204682
         m = 0.14324
        m2 = 0.0249403
        m5 = 0.154862
        m6 = 0.0191912
        Tb = 15001
        Ta = 45100.5
        Te = 1009.14
        Tf = 504.568
DiffEv reached_goal. cost=2.24591e-03 spread=2.62434e-06
Fitted parameter values
Free:
       pc1 = 3.53397
       pc2 = 0.46836
       pc3 = 0.0545935
       pc4 = 1.60884
       pc5 = -1.18845
       pc6 = 0.546419
       pc7 = -0.120535
       pc8 = -0.14202
       pc9 = 0.235575
      pc10 = -0.317414
      pc11 = -0.225145
      pc12 = 0.0297807
      pc13 = -0.736813
      pc14 = 0.713899
      pc15 = -0.0446971
      pc16 = 0.0806512
      pc17 = 0.0820779
Constrained:
   Tgbecnw = 97538.6
     Tecnw = 25305.8
       Tnw = 16498.7
       Tec = 966.375
     twoNb = 6.01302e+06
     twoNe = 2.92616e+06
     twoNc = 323015
     twoNw = 1.35384e+06
    twoNec = 130615
    twoNnw = 38517.7
  twoNecnw = 65331.7
  twoNbecnw = 9131.28
  twoNgbecnw = 183120
         m = 0.164116
        m2 = 0.0204926
        m5 = 0.15644
        m6 = 0.00774992
        Tb = 13136.1
        Ta = 44168.1
        Te = 483.187
        Tf = 241.594
#       SitePat  BranchLen
              b 121302.2912893
              e 45155.3416752
              c 47332.7718183
              n 44278.6793089
              w 44200.3972804
            b:e 1361.3975673
            b:c 1533.0683308
            b:n 1114.8454876
            b:w 1111.4718202
            e:c 11995.3557863
            e:n 4735.3751528
            e:w 4809.1100839
            c:n 4189.8646563
            c:w 4177.9380702
            n:w 12526.8231877
          b:e:c 1356.8735672
          b:e:n 631.1622749
          b:e:w 634.2035209
          b:c:n 637.2399906
          b:c:w 634.0025300
          b:n:w 1375.7448862
          e:c:n 4304.6747825
          e:c:w 4321.1484660
          e:n:w 5925.5936454
          c:n:w 4978.9037796
        b:e:c:n 1210.2696848
        b:e:c:w 1213.8395668
        b:e:n:w 1976.7747445
        b:c:n:w 1745.1694076
        e:c:n:w 48207.2346455
