########################################
# legofit: estimate population history #
#       version 2.3.4-4-g53f8760       #
########################################

# Program was compiled: Sep 21 2021 14:36:42
# Program was run: Mon Oct 11 17:19:35 2021

# cmd: legofit -1 -d 0 -t 32 --ptsPerDim 3 --stateOut b1boot3.state --tol 3e-6 -S 5000 abef2.lgo ../../chrX/boot_chrX/boot3.opf
# Stage nOptItr nSimReps
#     0    5000        0
# algorithm          : deterministic
# ignoring probs <=  : 0
# Branch length floor: 0
# DE strategy        : 2
#    F               : 0.3
#    CR              : 0.8
#    tolerance       : 3e-06
# nthreads           : 32
# lgo input file     : abef2.lgo
# site pat input file: ../../chrX/boot_chrX/boot3.opf
# free parameters    : 17
# points in DE swarm : 51
# output state file  : b1boot3.state
# Including singleton site patterns.
# cost function      : KL
Initial parameter values
Fixed:
      zero = 0
       one = 1
    Tbecnw = 75200
Free:
       pc1 = 0
       pc2 = 0
       pc3 = 0
       pc4 = 0
       pc5 = 0
       pc6 = 0
       pc7 = 0
       pc8 = 0
       pc9 = 0
      pc10 = 0
      pc11 = 0
      pc12 = 0
      pc13 = 0
      pc14 = 0
      pc15 = 0
      pc16 = 0
      pc17 = 0
Constrained:
   Tgbecnw = 149506
     Tecnw = 27983.7
       Tnw = 9423.88
       Tec = 2018.27
     twoNb = 2.52806e+06
     twoNe = 1.03892e+06
     twoNc = 1.43778e+06
     twoNw = 1.09426e+06
    twoNec = 127834
    twoNnw = 90007.1
  twoNecnw = 58845.2
  twoNbecnw = 17104.4
  twoNgbecnw = 204682
         m = 0.14324
        m2 = 0.0249403
        m5 = 0.154862
        m6 = 0.0191912
        Tb = 15001
        Ta = 45100.5
        Te = 1009.14
        Tf = 504.568
DiffEv reached_goal. cost=2.32860e-03 spread=2.52095e-06
Fitted parameter values
Free:
       pc1 = 2.0612
       pc2 = -1.53983
       pc3 = 0.567052
       pc4 = 0.0432885
       pc5 = -0.117376
       pc6 = 0.623025
       pc7 = -1.65747
       pc8 = -0.483539
       pc9 = -0.528143
      pc10 = 0.736165
      pc11 = -0.0630853
      pc12 = 0.0976681
      pc13 = -0.219177
      pc14 = 0.595162
      pc15 = 0.0163531
      pc16 = 0.0730282
      pc17 = 0.0423412
Constrained:
   Tgbecnw = 107530
     Tecnw = 26645.9
       Tnw = 13758.8
       Tec = 4207.11
     twoNb = 3.61387e+06
     twoNe = 1.38671e+06
     twoNc = 5.48243e+06
     twoNw = 1.47822e+06
    twoNec = 107970
    twoNnw = 60339.3
  twoNecnw = 64140.7
  twoNbecnw = 12732.7
  twoNgbecnw = 161558
         m = 0.181231
        m2 = 0.0249702
        m5 = 0.165018
        m6 = 0.0140253
        Tb = 15426.5
        Ta = 45313.3
        Te = 2103.55
        Tf = 1051.78
#       SitePat  BranchLen
              b 122856.3598132
              e 45994.5511211
              c 48208.5717713
              n 45344.8342551
              w 45285.0975440
            b:e 1325.2228125
            b:c 1493.5933212
            b:n 1078.2630030
            b:w 1075.8922462
            e:c 12139.0359168
            e:n 4776.3269160
            e:w 4829.9028909
            c:n 4188.9945249
            c:w 4182.9053676
            n:w 12580.2226377
          b:e:c 1280.1726135
          b:e:n 595.9884740
          b:e:w 597.9478654
          b:c:n 600.0903834
          b:c:w 598.0201748
          b:n:w 1312.7523940
          e:c:n 4405.4974786
          e:c:w 4417.7473722
          e:n:w 5838.1435625
          c:n:w 4921.0462747
        b:e:c:n 1152.3676913
        b:e:c:w 1154.8492652
        b:e:n:w 1948.3653754
        b:c:n:w 1713.2270770
        e:c:n:w 48326.9938756
