########################################
# legofit: estimate population history #
#       version 2.3.4-4-g53f8760       #
########################################

# Program was compiled: Sep 21 2021 14:36:42
# Program was run: Sat Oct  9 13:59:43 2021

# cmd: legofit -1 -d 0 -t 32 --ptsPerDim 3 --stateOut b1.state --tol 3e-6 -S 5000 abd2.lgo ../../pan.opf
# Stage nOptItr nSimReps
#     0    5000        0
# algorithm          : deterministic
# ignoring probs <=  : 0
# Branch length floor: 0
# DE strategy        : 2
#    F               : 0.3
#    CR              : 0.8
#    tolerance       : 3e-06
# nthreads           : 32
# lgo input file     : abd2.lgo
# site pat input file: ../../pan.opf
# free parameters    : 14
# points in DE swarm : 42
# output state file  : b1.state
# Including singleton site patterns.
# cost function      : KL
Initial parameter values
Fixed:
      zero = 0
       one = 1
    Tbecnw = 75200
Free:
       pc1 = 0
       pc2 = 0
       pc3 = 0
       pc4 = 0
       pc5 = 0
       pc6 = 0
       pc7 = 0
       pc8 = 0
       pc9 = 0
      pc10 = 0
      pc11 = 0
      pc12 = 0
      pc13 = 0
      pc14 = 0
Constrained:
   Tgbecnw = 116080
     Tecnw = 24601.4
       Tnw = 13862.5
       Tec = 10357.5
     twoNb = 978862
     twoNc = 223816
    twoNec = 149786
    twoNnw = 63157.4
  twoNecnw = 76494
  twoNbecnw = 15315
  twoNgbecnw = 325005
         m = 0.109159
        m2 = 0.0111555
        m4 = 0.0235596
        Tb = 17479.5
        Ta = 46339.7
        Td = 5178.75
DiffEv reached_goal. cost=1.91902e-03 spread=2.80671e-06
Fitted parameter values
Free:
       pc1 = -1.22241
       pc2 = -3.57762
       pc3 = 1.94863
       pc4 = 0.0814003
       pc5 = -0.592134
       pc6 = -1.05916
       pc7 = 0.618978
       pc8 = -0.198178
       pc9 = -0.0568266
      pc10 = 0.206616
      pc11 = -0.0136164
      pc12 = -0.0405347
      pc13 = -0.0498316
      pc14 = 0.0169619
Constrained:
   Tgbecnw = 95371.1
     Tecnw = 23696.5
       Tnw = 11790.2
       Tec = 5464.24
     twoNb = 806074
     twoNc = 312114
    twoNec = 197841
    twoNnw = 70331.1
  twoNecnw = 71966.1
  twoNbecnw = 7546.5
  twoNgbecnw = 371028
         m = 0.0842772
        m2 = 0.0108636
        m4 = 0.0233134
        Tb = 14580.4
        Ta = 44890.2
        Td = 2732.12
#       SitePat  BranchLen
              b 125449.2650075
              e 49342.2948867
              c 50575.6127962
              n 46175.8892519
              w 46175.8892519
            b:e 2143.8280133
            b:c 2497.8626029
            b:n 1764.7295026
            b:w 1764.7295026
            e:c 10517.3420199
            e:n 5281.3268375
            e:w 5281.3268375
            c:n 5104.8924851
            c:w 5104.8924851
            n:w 12656.4303525
          b:e:c 1988.9088601
          b:e:n 1099.9616954
          b:e:w 1099.9616954
          b:c:n 1110.0841777
          b:c:w 1110.0841777
          b:n:w 1954.5044385
          e:c:n 4727.2248411
          e:c:w 4727.2248411
          e:n:w 6239.5923592
          c:n:w 5731.7584642
        b:e:c:n 2008.5035029
        b:e:c:w 2008.5035029
        b:e:n:w 3357.9970804
        b:c:n:w 2611.1020610
        e:c:n:w 52146.0290714
