########################################
# legofit: estimate population history #
#       version 2.3.4-4-g53f8760       #
########################################

# Program was compiled: Sep 21 2021 14:36:42
# Program was run: Sat Oct  9 13:59:49 2021

# cmd: legofit -1 -d 0 -t 32 --ptsPerDim 3 --stateOut b1boot4.state --tol 3e-6 -S 5000 abd2.lgo ../../boot/boot4.opf
# Stage nOptItr nSimReps
#     0    5000        0
# algorithm          : deterministic
# ignoring probs <=  : 0
# Branch length floor: 0
# DE strategy        : 2
#    F               : 0.3
#    CR              : 0.8
#    tolerance       : 3e-06
# nthreads           : 32
# lgo input file     : abd2.lgo
# site pat input file: ../../boot/boot4.opf
# free parameters    : 14
# points in DE swarm : 42
# output state file  : b1boot4.state
# Including singleton site patterns.
# cost function      : KL
Initial parameter values
Fixed:
      zero = 0
       one = 1
    Tbecnw = 75200
Free:
       pc1 = 0
       pc2 = 0
       pc3 = 0
       pc4 = 0
       pc5 = 0
       pc6 = 0
       pc7 = 0
       pc8 = 0
       pc9 = 0
      pc10 = 0
      pc11 = 0
      pc12 = 0
      pc13 = 0
      pc14 = 0
Constrained:
   Tgbecnw = 116080
     Tecnw = 24601.4
       Tnw = 13862.5
       Tec = 10357.5
     twoNb = 978862
     twoNc = 223816
    twoNec = 149786
    twoNnw = 63157.4
  twoNecnw = 76494
  twoNbecnw = 15315
  twoNgbecnw = 325005
         m = 0.109159
        m2 = 0.0111555
        m4 = 0.0235596
        Tb = 17479.5
        Ta = 46339.7
        Td = 5178.75
DiffEv reached_goal. cost=1.92261e-03 spread=2.43158e-06
Fitted parameter values
Free:
       pc1 = -3.51163
       pc2 = -2.45493
       pc3 = 1.76925
       pc4 = -0.552481
       pc5 = -0.786836
       pc6 = -1.53903
       pc7 = 1.30307
       pc8 = 0.10296
       pc9 = 0.308413
      pc10 = 0.0285118
      pc11 = 0.1312
      pc12 = -0.0177237
      pc13 = -0.0366756
      pc14 = 0.00923321
Constrained:
   Tgbecnw = 92252.4
     Tecnw = 22862.4
       Tnw = 14097.6
       Tec = 8981.57
     twoNb = 737920
     twoNc = 266054
    twoNec = 145368
    twoNnw = 51063.1
  twoNecnw = 74000.3
  twoNbecnw = 6058.26
  twoNgbecnw = 427946
         m = 0.0735094
        m2 = 0.0116064
        m4 = 0.0229611
        Tb = 15922
        Ta = 45561
        Td = 4490.78
#       SitePat  BranchLen
              b 124508.6799152
              e 49016.2124140
              c 50224.4166923
              n 45889.7751067
              w 45889.7751067
            b:e 2111.5708561
            b:c 2452.9692409
            b:n 1734.0518063
            b:w 1734.0518063
            e:c 10457.1390212
            e:n 5247.2011702
            e:w 5247.2011702
            c:n 5073.8261029
            c:w 5073.8261029
            n:w 12545.3227946
          b:e:c 1978.0467557
          b:e:n 1079.9922081
          b:e:w 1079.9922081
          b:c:n 1090.7526405
          b:c:w 1090.7526405
          b:n:w 1941.4978868
          e:c:n 4659.7956129
          e:c:w 4659.7956129
          e:n:w 6135.5612744
          c:n:w 5651.9135649
        b:e:c:n 1989.9085967
        b:e:c:w 1989.9085967
        b:e:n:w 3353.4525940
        b:c:n:w 2612.7267944
        e:c:n:w 51742.5766266
