########################################
# legofit: estimate population history #
#       version 2.3.4-4-g53f8760       #
########################################

# Program was compiled: Sep 21 2021 14:36:42
# Program was run: Sat Oct  9 14:06:41 2021

# cmd: legofit -1 -d 0 -t 32 --ptsPerDim 3 --stateOut b1boot40.state --tol 3e-6 -S 5000 abd2.lgo ../../boot/boot40.opf
# Stage nOptItr nSimReps
#     0    5000        0
# algorithm          : deterministic
# ignoring probs <=  : 0
# Branch length floor: 0
# DE strategy        : 2
#    F               : 0.3
#    CR              : 0.8
#    tolerance       : 3e-06
# nthreads           : 32
# lgo input file     : abd2.lgo
# site pat input file: ../../boot/boot40.opf
# free parameters    : 14
# points in DE swarm : 42
# output state file  : b1boot40.state
# Including singleton site patterns.
# cost function      : KL
Initial parameter values
Fixed:
      zero = 0
       one = 1
    Tbecnw = 75200
Free:
       pc1 = 0
       pc2 = 0
       pc3 = 0
       pc4 = 0
       pc5 = 0
       pc6 = 0
       pc7 = 0
       pc8 = 0
       pc9 = 0
      pc10 = 0
      pc11 = 0
      pc12 = 0
      pc13 = 0
      pc14 = 0
Constrained:
   Tgbecnw = 116080
     Tecnw = 24601.4
       Tnw = 13862.5
       Tec = 10357.5
     twoNb = 978862
     twoNc = 223816
    twoNec = 149786
    twoNnw = 63157.4
  twoNecnw = 76494
  twoNbecnw = 15315
  twoNgbecnw = 325005
         m = 0.109159
        m2 = 0.0111555
        m4 = 0.0235596
        Tb = 17479.5
        Ta = 46339.7
        Td = 5178.75
DiffEv reached_goal. cost=1.91067e-03 spread=2.48245e-06
Fitted parameter values
Free:
       pc1 = -2.03316
       pc2 = -3.54428
       pc3 = 1.49583
       pc4 = 0.463535
       pc5 = -1.60645
       pc6 = -1.8753
       pc7 = 0.311838
       pc8 = -0.0871358
       pc9 = 0.211914
      pc10 = 0.152632
      pc11 = 0.000275856
      pc12 = -0.0127439
      pc13 = -0.0293432
      pc14 = -0.0125133
Constrained:
   Tgbecnw = 94111
     Tecnw = 23487.7
       Tnw = 12008.2
       Tec = 5812.72
     twoNb = 854918
     twoNc = 116023
    twoNec = 191314
    twoNnw = 68314.1
  twoNecnw = 72210.7
  twoNbecnw = 6881.25
  twoNgbecnw = 402805
         m = 0.0777183
        m2 = 0.0107983
        m4 = 0.0226549
        Tb = 14650.2
        Ta = 44925.1
        Td = 2906.36
#       SitePat  BranchLen
              b 125166.3240462
              e 49153.9448875
              c 50363.2027760
              n 46051.5724215
              w 46051.5724215
            b:e 2128.0258223
            b:c 2459.0637188
            b:n 1760.0037002
            b:w 1760.0037002
            e:c 10481.9218176
            e:n 5270.9711047
            e:w 5270.9711047
            c:n 5099.8957279
            c:w 5099.8957279
            n:w 12566.8680135
          b:e:c 1980.7367584
          b:e:n 1097.6491191
          b:e:w 1097.6491191
          b:c:n 1107.5827359
          b:c:w 1107.5827359
          b:n:w 1946.9126601
          e:c:n 4709.5025457
          e:c:w 4709.5025457
          e:n:w 6173.3971962
          c:n:w 5690.7101162
        b:e:c:n 2007.8423655
        b:e:c:w 2007.8423655
        b:e:n:w 3342.3744244
        b:c:n:w 2607.0491104
        e:c:n:w 52144.3113926
