########################################
# legofit: estimate population history #
#       version 2.3.4-4-g53f8760       #
########################################

# Program was compiled: Sep 21 2021 14:36:42
# Program was run: Sat Oct  9 14:02:33 2021

# cmd: legofit -1 -d 0 -t 32 --ptsPerDim 3 --stateOut b1boot18.state --tol 3e-6 -S 5000 abd2.lgo ../../boot/boot18.opf
# Stage nOptItr nSimReps
#     0    5000        0
# algorithm          : deterministic
# ignoring probs <=  : 0
# Branch length floor: 0
# DE strategy        : 2
#    F               : 0.3
#    CR              : 0.8
#    tolerance       : 3e-06
# nthreads           : 32
# lgo input file     : abd2.lgo
# site pat input file: ../../boot/boot18.opf
# free parameters    : 14
# points in DE swarm : 42
# output state file  : b1boot18.state
# Including singleton site patterns.
# cost function      : KL
Initial parameter values
Fixed:
      zero = 0
       one = 1
    Tbecnw = 75200
Free:
       pc1 = 0
       pc2 = 0
       pc3 = 0
       pc4 = 0
       pc5 = 0
       pc6 = 0
       pc7 = 0
       pc8 = 0
       pc9 = 0
      pc10 = 0
      pc11 = 0
      pc12 = 0
      pc13 = 0
      pc14 = 0
Constrained:
   Tgbecnw = 116080
     Tecnw = 24601.4
       Tnw = 13862.5
       Tec = 10357.5
     twoNb = 978862
     twoNc = 223816
    twoNec = 149786
    twoNnw = 63157.4
  twoNecnw = 76494
  twoNbecnw = 15315
  twoNgbecnw = 325005
         m = 0.109159
        m2 = 0.0111555
        m4 = 0.0235596
        Tb = 17479.5
        Ta = 46339.7
        Td = 5178.75
DiffEv reached_goal. cost=1.93154e-03 spread=1.73290e-06
Fitted parameter values
Free:
       pc1 = -1.25889
       pc2 = -3.4553
       pc3 = 1.69875
       pc4 = -0.228612
       pc5 = -1.46259
       pc6 = -0.862763
       pc7 = 0.36557
       pc8 = -0.399462
       pc9 = -0.082847
      pc10 = 0.106913
      pc11 = 0.129591
      pc12 = -0.0681305
      pc13 = -0.0124945
      pc14 = 0.00381885
Constrained:
   Tgbecnw = 94896.6
     Tecnw = 23838
       Tnw = 11400.3
       Tec = 6047.84
     twoNb = 762913
     twoNc = 133259
    twoNec = 188392
    twoNnw = 73886.4
  twoNecnw = 72331.5
  twoNbecnw = 7452.15
  twoNgbecnw = 361669
         m = 0.0875156
        m2 = 0.0112118
        m4 = 0.0232401
        Tb = 14942.9
        Ta = 45071.5
        Td = 3023.92
#       SitePat  BranchLen
              b 125673.1840205
              e 49493.4891592
              c 50715.2467444
              n 46364.2453656
              w 46364.2453656
            b:e 2154.9616627
            b:c 2516.5234048
            b:n 1776.8524407
            b:w 1776.8524407
            e:c 10567.3458230
            e:n 5272.1597732
            e:w 5272.1597732
            c:n 5096.5554336
            c:w 5096.5554336
            n:w 12691.8631974
          b:e:c 2003.3393132
          b:e:n 1104.7126863
          b:e:w 1104.7126863
          b:c:n 1114.9877446
          b:c:w 1114.9877446
          b:n:w 1969.1062972
          e:c:n 4733.6568427
          e:c:w 4733.6568427
          e:n:w 6220.2498889
          c:n:w 5711.5302884
        b:e:c:n 2025.1912192
        b:e:c:w 2025.1912192
        b:e:n:w 3373.6571279
        b:c:n:w 2629.7157972
        e:c:n:w 52279.4920297
