########################################
# legofit: estimate population history #
#       version 2.3.4-4-g53f8760       #
########################################

# Program was compiled: Sep 21 2021 14:36:42
# Program was run: Sat Oct  9 14:05:28 2021

# cmd: legofit -1 -d 0 -t 32 --ptsPerDim 3 --stateOut b1boot34.state --tol 3e-6 -S 5000 abd2.lgo ../../boot/boot34.opf
# Stage nOptItr nSimReps
#     0    5000        0
# algorithm          : deterministic
# ignoring probs <=  : 0
# Branch length floor: 0
# DE strategy        : 2
#    F               : 0.3
#    CR              : 0.8
#    tolerance       : 3e-06
# nthreads           : 32
# lgo input file     : abd2.lgo
# site pat input file: ../../boot/boot34.opf
# free parameters    : 14
# points in DE swarm : 42
# output state file  : b1boot34.state
# Including singleton site patterns.
# cost function      : KL
Initial parameter values
Fixed:
      zero = 0
       one = 1
    Tbecnw = 75200
Free:
       pc1 = 0
       pc2 = 0
       pc3 = 0
       pc4 = 0
       pc5 = 0
       pc6 = 0
       pc7 = 0
       pc8 = 0
       pc9 = 0
      pc10 = 0
      pc11 = 0
      pc12 = 0
      pc13 = 0
      pc14 = 0
Constrained:
   Tgbecnw = 116080
     Tecnw = 24601.4
       Tnw = 13862.5
       Tec = 10357.5
     twoNb = 978862
     twoNc = 223816
    twoNec = 149786
    twoNnw = 63157.4
  twoNecnw = 76494
  twoNbecnw = 15315
  twoNgbecnw = 325005
         m = 0.109159
        m2 = 0.0111555
        m4 = 0.0235596
        Tb = 17479.5
        Ta = 46339.7
        Td = 5178.75
DiffEv reached_goal. cost=1.91193e-03 spread=2.15506e-06
Fitted parameter values
Free:
       pc1 = -3.67886
       pc2 = -2.6216
       pc3 = 1.78813
       pc4 = -0.608532
       pc5 = -1.58183
       pc6 = -1.91706
       pc7 = 1.02195
       pc8 = -0.50575
       pc9 = 0.270371
      pc10 = 0.237205
      pc11 = -0.0268031
      pc12 = -0.0307842
      pc13 = -0.0600422
      pc14 = 0.0231369
Constrained:
   Tgbecnw = 90059
     Tecnw = 22635.5
       Tnw = 13435.2
       Tec = 8730.57
     twoNb = 596488
     twoNc = 133357
    twoNec = 150001
    twoNnw = 53741
  twoNecnw = 74078.2
  twoNbecnw = 5435.01
  twoNgbecnw = 401586
         m = 0.078568
        m2 = 0.0116302
        m4 = 0.0226415
        Tb = 15683
        Ta = 45441.5
        Td = 4365.28
#       SitePat  BranchLen
              b 124173.8401833
              e 48878.4156081
              c 50034.3862835
              n 45642.7366654
              w 45642.7366654
            b:e 2122.5807929
            b:c 2493.0220262
            b:n 1725.7750603
            b:w 1725.7750603
            e:c 10371.9870441
            e:n 5264.4481847
            e:w 5264.4481847
            c:n 5092.1319070
            c:w 5092.1319070
            n:w 12558.8660485
          b:e:c 1968.7377148
          b:e:n 1080.0673060
          b:e:w 1080.0673060
          b:c:n 1091.7373970
          b:c:w 1091.7373970
          b:n:w 1927.7044505
          e:c:n 4648.2632821
          e:c:w 4648.2632821
          e:n:w 6166.0153623
          c:n:w 5672.4682855
        b:e:c:n 1984.6245342
        b:e:c:w 1984.6245342
        b:e:n:w 3319.2773106
        b:c:n:w 2607.7047231
        e:c:n:w 51595.4555415
