########################################
# legofit: estimate population history #
#       version 2.3.4-4-g53f8760       #
########################################

# Program was compiled: Sep 21 2021 14:36:42
# Program was run: Sat Oct  9 14:07:57 2021

# cmd: legofit -1 -d 0 -t 32 --ptsPerDim 3 --stateOut b1boot47.state --tol 3e-6 -S 5000 abd2.lgo ../../boot/boot47.opf
# Stage nOptItr nSimReps
#     0    5000        0
# algorithm          : deterministic
# ignoring probs <=  : 0
# Branch length floor: 0
# DE strategy        : 2
#    F               : 0.3
#    CR              : 0.8
#    tolerance       : 3e-06
# nthreads           : 32
# lgo input file     : abd2.lgo
# site pat input file: ../../boot/boot47.opf
# free parameters    : 14
# points in DE swarm : 42
# output state file  : b1boot47.state
# Including singleton site patterns.
# cost function      : KL
Initial parameter values
Fixed:
      zero = 0
       one = 1
    Tbecnw = 75200
Free:
       pc1 = 0
       pc2 = 0
       pc3 = 0
       pc4 = 0
       pc5 = 0
       pc6 = 0
       pc7 = 0
       pc8 = 0
       pc9 = 0
      pc10 = 0
      pc11 = 0
      pc12 = 0
      pc13 = 0
      pc14 = 0
Constrained:
   Tgbecnw = 116080
     Tecnw = 24601.4
       Tnw = 13862.5
       Tec = 10357.5
     twoNb = 978862
     twoNc = 223816
    twoNec = 149786
    twoNnw = 63157.4
  twoNecnw = 76494
  twoNbecnw = 15315
  twoNgbecnw = 325005
         m = 0.109159
        m2 = 0.0111555
        m4 = 0.0235596
        Tb = 17479.5
        Ta = 46339.7
        Td = 5178.75
DiffEv reached_goal. cost=1.90320e-03 spread=2.98776e-06
Fitted parameter values
Free:
       pc1 = -1.22072
       pc2 = -3.28657
       pc3 = 1.82813
       pc4 = -0.698959
       pc5 = -1.25009
       pc6 = -0.2131
       pc7 = 0.708503
       pc8 = -0.295803
       pc9 = 0.116134
      pc10 = 0.175967
      pc11 = 0.129385
      pc12 = -0.0627905
      pc13 = -0.0475366
      pc14 = 0.0119082
Constrained:
   Tgbecnw = 95607.4
     Tecnw = 23674
       Tnw = 11322
       Tec = 6643.63
     twoNb = 774992
     twoNc = 169442
    twoNec = 182061
    twoNnw = 73599.1
  twoNecnw = 72825.5
  twoNbecnw = 7659.08
  twoNgbecnw = 365248
         m = 0.0869919
        m2 = 0.0115952
        m4 = 0.0236269
        Tb = 15158.8
        Ta = 45179.4
        Td = 3321.82
#       SitePat  BranchLen
              b 125801.8904990
              e 49547.9405942
              c 50797.0256539
              n 46337.9645658
              w 46337.9645658
            b:e 2153.9960910
            b:c 2517.3593240
            b:n 1771.5057291
            b:w 1771.5057291
            e:c 10525.0511799
            e:n 5295.0448114
            e:w 5295.0448114
            c:n 5116.0661661
            c:w 5116.0661661
            n:w 12711.1719150
          b:e:c 1995.4225607
          b:e:n 1103.4446233
          b:e:w 1103.4446233
          b:c:n 1113.7105661
          b:c:w 1113.7105661
          b:n:w 1961.4039467
          e:c:n 4730.8714508
          e:c:w 4730.8714508
          e:n:w 6235.3137475
          c:n:w 5720.5715746
        b:e:c:n 2019.3564581
        b:e:c:w 2019.3564581
        b:e:n:w 3399.0142754
        b:c:n:w 2638.7333930
        e:c:n:w 52329.6819524
