########################################
# legofit: estimate population history #
#       version 2.3.4-4-g53f8760       #
########################################

# Program was compiled: Sep 21 2021 14:36:42
# Program was run: Sat Oct  9 14:07:13 2021

# cmd: legofit -1 -d 0 -t 32 --ptsPerDim 3 --stateOut b1boot44.state --tol 3e-6 -S 5000 abd2.lgo ../../boot/boot44.opf
# Stage nOptItr nSimReps
#     0    5000        0
# algorithm          : deterministic
# ignoring probs <=  : 0
# Branch length floor: 0
# DE strategy        : 2
#    F               : 0.3
#    CR              : 0.8
#    tolerance       : 3e-06
# nthreads           : 32
# lgo input file     : abd2.lgo
# site pat input file: ../../boot/boot44.opf
# free parameters    : 14
# points in DE swarm : 42
# output state file  : b1boot44.state
# Including singleton site patterns.
# cost function      : KL
Initial parameter values
Fixed:
      zero = 0
       one = 1
    Tbecnw = 75200
Free:
       pc1 = 0
       pc2 = 0
       pc3 = 0
       pc4 = 0
       pc5 = 0
       pc6 = 0
       pc7 = 0
       pc8 = 0
       pc9 = 0
      pc10 = 0
      pc11 = 0
      pc12 = 0
      pc13 = 0
      pc14 = 0
Constrained:
   Tgbecnw = 116080
     Tecnw = 24601.4
       Tnw = 13862.5
       Tec = 10357.5
     twoNb = 978862
     twoNc = 223816
    twoNec = 149786
    twoNnw = 63157.4
  twoNecnw = 76494
  twoNbecnw = 15315
  twoNgbecnw = 325005
         m = 0.109159
        m2 = 0.0111555
        m4 = 0.0235596
        Tb = 17479.5
        Ta = 46339.7
        Td = 5178.75
DiffEv reached_goal. cost=1.91449e-03 spread=2.82212e-06
Fitted parameter values
Free:
       pc1 = -3.20308
       pc2 = -2.57091
       pc3 = 1.78566
       pc4 = 0.423922
       pc5 = -0.931611
       pc6 = -1.85866
       pc7 = 0.845076
       pc8 = -0.222418
       pc9 = -0.126397
      pc10 = 0.041493
      pc11 = 0.014143
      pc12 = 0.00687191
      pc13 = -0.047656
      pc14 = -0.00444483
Constrained:
   Tgbecnw = 93011.4
     Tecnw = 23111.8
       Tnw = 14232
       Tec = 7777.78
     twoNb = 664303
     twoNc = 196818
    twoNec = 165251
    twoNnw = 51539.1
  twoNecnw = 73168
  twoNbecnw = 6484.64
  twoNgbecnw = 404800
         m = 0.0767358
        m2 = 0.0108145
        m4 = 0.0227534
        Tb = 15444.8
        Ta = 45322.4
        Td = 3888.89
#       SitePat  BranchLen
              b 124598.1498596
              e 49099.6850002
              c 50276.5711501
              n 45970.8290172
              w 45970.8290172
            b:e 2142.3082977
            b:c 2502.3072621
            b:n 1754.2046976
            b:w 1754.2046976
            e:c 10455.4852113
            e:n 5267.5758606
            e:w 5267.5758606
            c:n 5094.9015066
            c:w 5094.9015066
            n:w 12544.9907695
          b:e:c 1997.5314945
          b:e:n 1094.7827569
          b:e:w 1094.7827569
          b:c:n 1105.9857373
          b:c:w 1105.9857373
          b:n:w 1958.3360377
          e:c:n 4689.1953787
          e:c:w 4689.1953787
          e:n:w 6205.9806796
          c:n:w 5711.7823497
        b:e:c:n 2008.2561837
        b:e:c:w 2008.2561837
        b:e:n:w 3333.5342926
        b:c:n:w 2613.7901306
        e:c:n:w 51718.2709709
