########################################
# legofit: estimate population history #
#       version 2.3.4-4-g53f8760       #
########################################

# Program was compiled: Sep 21 2021 14:36:42
# Program was run: Sat Oct  9 14:03:18 2021

# cmd: legofit -1 -d 0 -t 32 --ptsPerDim 3 --stateOut b1boot22.state --tol 3e-6 -S 5000 abd2.lgo ../../boot/boot22.opf
# Stage nOptItr nSimReps
#     0    5000        0
# algorithm          : deterministic
# ignoring probs <=  : 0
# Branch length floor: 0
# DE strategy        : 2
#    F               : 0.3
#    CR              : 0.8
#    tolerance       : 3e-06
# nthreads           : 32
# lgo input file     : abd2.lgo
# site pat input file: ../../boot/boot22.opf
# free parameters    : 14
# points in DE swarm : 42
# output state file  : b1boot22.state
# Including singleton site patterns.
# cost function      : KL
Initial parameter values
Fixed:
      zero = 0
       one = 1
    Tbecnw = 75200
Free:
       pc1 = 0
       pc2 = 0
       pc3 = 0
       pc4 = 0
       pc5 = 0
       pc6 = 0
       pc7 = 0
       pc8 = 0
       pc9 = 0
      pc10 = 0
      pc11 = 0
      pc12 = 0
      pc13 = 0
      pc14 = 0
Constrained:
   Tgbecnw = 116080
     Tecnw = 24601.4
       Tnw = 13862.5
       Tec = 10357.5
     twoNb = 978862
     twoNc = 223816
    twoNec = 149786
    twoNnw = 63157.4
  twoNecnw = 76494
  twoNbecnw = 15315
  twoNgbecnw = 325005
         m = 0.109159
        m2 = 0.0111555
        m4 = 0.0235596
        Tb = 17479.5
        Ta = 46339.7
        Td = 5178.75
DiffEv reached_goal. cost=1.90692e-03 spread=2.93924e-06
Fitted parameter values
Free:
       pc1 = -3.29895
       pc2 = -2.79496
       pc3 = 1.85538
       pc4 = -0.119009
       pc5 = -1.69778
       pc6 = -1.97054
       pc7 = 0.323565
       pc8 = -0.519361
       pc9 = 0.110614
      pc10 = 0.220343
      pc11 = -0.0600599
      pc12 = -0.0331269
      pc13 = -0.0136365
      pc14 = 0.0156638
Constrained:
   Tgbecnw = 90744.9
     Tecnw = 22924.7
       Tnw = 12894
       Tec = 8622.2
     twoNb = 616081
     twoNc = 82809.1
    twoNec = 152497
    twoNnw = 58807.3
  twoNecnw = 73392.5
  twoNbecnw = 5780.58
  twoNgbecnw = 389829
         m = 0.0806993
        m2 = 0.011035
        m4 = 0.0225668
        Tb = 15773.5
        Ta = 45486.7
        Td = 4311.1
#       SitePat  BranchLen
              b 124571.9291677
              e 48963.8751290
              c 50121.5696169
              n 45779.3309302
              w 45779.3309302
            b:e 2146.0305306
            b:c 2515.8477753
            b:n 1758.0960405
            b:w 1758.0960405
            e:c 10435.3819206
            e:n 5270.7574892
            e:w 5270.7574892
            c:n 5098.9627652
            c:w 5098.9627652
            n:w 12603.4541587
          b:e:c 1999.4761231
          b:e:n 1096.7325753
          b:e:w 1096.7325753
          b:c:n 1108.2708985
          b:c:w 1108.2708985
          b:n:w 1959.5147340
          e:c:n 4697.0394504
          e:c:w 4697.0394504
          e:n:w 6195.5653879
          c:n:w 5698.7742028
        b:e:c:n 2016.9328070
        b:e:c:w 2016.9328070
        b:e:n:w 3330.0302475
        b:c:n:w 2619.8223658
        e:c:n:w 51869.4318031
