########################################
# legofit: estimate population history #
#       version 2.3.4-4-g53f8760       #
########################################

# Program was compiled: Sep 21 2021 14:36:42
# Program was run: Sat Oct  9 14:03:23 2021

# cmd: legofit -1 -d 0 -t 32 --ptsPerDim 3 --stateOut b1boot23.state --tol 3e-6 -S 5000 abd2.lgo ../../boot/boot23.opf
# Stage nOptItr nSimReps
#     0    5000        0
# algorithm          : deterministic
# ignoring probs <=  : 0
# Branch length floor: 0
# DE strategy        : 2
#    F               : 0.3
#    CR              : 0.8
#    tolerance       : 3e-06
# nthreads           : 32
# lgo input file     : abd2.lgo
# site pat input file: ../../boot/boot23.opf
# free parameters    : 14
# points in DE swarm : 42
# output state file  : b1boot23.state
# Including singleton site patterns.
# cost function      : KL
Initial parameter values
Fixed:
      zero = 0
       one = 1
    Tbecnw = 75200
Free:
       pc1 = 0
       pc2 = 0
       pc3 = 0
       pc4 = 0
       pc5 = 0
       pc6 = 0
       pc7 = 0
       pc8 = 0
       pc9 = 0
      pc10 = 0
      pc11 = 0
      pc12 = 0
      pc13 = 0
      pc14 = 0
Constrained:
   Tgbecnw = 116080
     Tecnw = 24601.4
       Tnw = 13862.5
       Tec = 10357.5
     twoNb = 978862
     twoNc = 223816
    twoNec = 149786
    twoNnw = 63157.4
  twoNecnw = 76494
  twoNbecnw = 15315
  twoNgbecnw = 325005
         m = 0.109159
        m2 = 0.0111555
        m4 = 0.0235596
        Tb = 17479.5
        Ta = 46339.7
        Td = 5178.75
DiffEv reached_goal. cost=1.89821e-03 spread=2.45095e-06
Fitted parameter values
Free:
       pc1 = -2.44001
       pc2 = -2.3617
       pc3 = 1.90151
       pc4 = -0.809827
       pc5 = -0.518721
       pc6 = -0.267869
       pc7 = 0.68436
       pc8 = 0.125301
       pc9 = -0.0645472
      pc10 = 0.142333
      pc11 = 0.0766446
      pc12 = -0.0304912
      pc13 = -0.00253026
      pc14 = 0.0304658
Constrained:
   Tgbecnw = 96013.4
     Tecnw = 23349.7
       Tnw = 13059.9
       Tec = 10013.4
     twoNb = 742523
     twoNc = 256325
    twoNec = 137656
    twoNnw = 60021.5
  twoNecnw = 73091
  twoNbecnw = 7679.53
  twoNgbecnw = 384039
         m = 0.0810832
        m2 = 0.0114826
        m4 = 0.0236098
        Tb = 16681.5
        Ta = 45940.8
        Td = 5006.7
#       SitePat  BranchLen
              b 125369.3091494
              e 49406.6918091
              c 50651.5052516
              n 46194.8770069
              w 46194.8770069
            b:e 2159.0015091
            b:c 2518.4964534
            b:n 1778.6168397
            b:w 1778.6168397
            e:c 10530.2704304
            e:n 5284.4578504
            e:w 5284.4578504
            c:n 5105.1293243
            c:w 5105.1293243
            n:w 12721.3116656
          b:e:c 2021.2216905
          b:e:n 1102.0883118
          b:e:w 1102.0883118
          b:c:n 1112.7013871
          b:c:w 1112.7013871
          b:n:w 1986.2623258
          e:c:n 4752.8407052
          e:c:w 4752.8407052
          e:n:w 6255.6593709
          c:n:w 5742.8702717
        b:e:c:n 2027.8128045
        b:e:c:w 2027.8128045
        b:e:n:w 3396.7048958
        b:c:n:w 2642.6163648
        e:c:n:w 52032.1022373
