########################################
# legofit: estimate population history #
#       version 2.3.4-4-g53f8760       #
########################################

# Program was compiled: Sep 21 2021 14:36:42
# Program was run: Sat Oct  9 13:59:49 2021

# cmd: legofit -1 -d 0 -t 32 --ptsPerDim 3 --stateOut b1boot3.state --tol 3e-6 -S 5000 abd2.lgo ../../boot/boot3.opf
# Stage nOptItr nSimReps
#     0    5000        0
# algorithm          : deterministic
# ignoring probs <=  : 0
# Branch length floor: 0
# DE strategy        : 2
#    F               : 0.3
#    CR              : 0.8
#    tolerance       : 3e-06
# nthreads           : 32
# lgo input file     : abd2.lgo
# site pat input file: ../../boot/boot3.opf
# free parameters    : 14
# points in DE swarm : 42
# output state file  : b1boot3.state
# Including singleton site patterns.
# cost function      : KL
Initial parameter values
Fixed:
      zero = 0
       one = 1
    Tbecnw = 75200
Free:
       pc1 = 0
       pc2 = 0
       pc3 = 0
       pc4 = 0
       pc5 = 0
       pc6 = 0
       pc7 = 0
       pc8 = 0
       pc9 = 0
      pc10 = 0
      pc11 = 0
      pc12 = 0
      pc13 = 0
      pc14 = 0
Constrained:
   Tgbecnw = 116080
     Tecnw = 24601.4
       Tnw = 13862.5
       Tec = 10357.5
     twoNb = 978862
     twoNc = 223816
    twoNec = 149786
    twoNnw = 63157.4
  twoNecnw = 76494
  twoNbecnw = 15315
  twoNgbecnw = 325005
         m = 0.109159
        m2 = 0.0111555
        m4 = 0.0235596
        Tb = 17479.5
        Ta = 46339.7
        Td = 5178.75
DiffEv reached_goal. cost=1.92561e-03 spread=2.96119e-06
Fitted parameter values
Free:
       pc1 = -2.34739
       pc2 = -3.99191
       pc3 = 1.31526
       pc4 = -0.820742
       pc5 = -0.85631
       pc6 = -0.207674
       pc7 = 0.677228
       pc8 = 0.157689
       pc9 = 0.359887
      pc10 = -0.116644
      pc11 = 0.0189163
      pc12 = 0.0292627
      pc13 = -0.0227504
      pc14 = -0.013467
Constrained:
   Tgbecnw = 95192.9
     Tecnw = 23478.7
       Tnw = 11456.1
       Tec = 7807.42
     twoNb = 648790
     twoNc = 232377
    twoNec = 164920
    twoNnw = 72204.7
  twoNecnw = 70999.3
  twoNbecnw = 7018.94
  twoNgbecnw = 447337
         m = 0.0680412
        m2 = 0.0118074
        m4 = 0.0234569
        Tb = 15643.1
        Ta = 45421.5
        Td = 3903.71
#       SitePat  BranchLen
              b 124683.5466580
              e 48977.4787202
              c 50194.8342026
              n 45861.1171364
              w 45861.1171364
            b:e 2142.9732572
            b:c 2515.9925537
            b:n 1764.8596251
            b:w 1764.8596251
            e:c 10422.1337896
            e:n 5260.1673206
            e:w 5260.1673206
            c:n 5081.0791540
            c:w 5081.0791540
            n:w 12548.8168508
          b:e:c 1987.7957549
          b:e:n 1096.4680732
          b:e:w 1096.4680732
          b:c:n 1108.4921101
          b:c:w 1108.4921101
          b:n:w 1949.6325904
          e:c:n 4735.3641702
          e:c:w 4735.3641702
          e:n:w 6209.5562699
          c:n:w 5696.6505532
        b:e:c:n 2013.1315018
        b:e:c:w 2013.1315018
        b:e:n:w 3368.2055250
        b:c:n:w 2624.8646215
        e:c:n:w 51920.5082814
