########################################
# legofit: estimate population history #
#       version 2.3.4-4-g53f8760       #
########################################

# Program was compiled: Sep 21 2021 14:36:42
# Program was run: Sat Oct  9 14:04:34 2021

# cmd: legofit -1 -d 0 -t 32 --ptsPerDim 3 --stateOut b1boot29.state --tol 3e-6 -S 5000 abd2.lgo ../../boot/boot29.opf
# Stage nOptItr nSimReps
#     0    5000        0
# algorithm          : deterministic
# ignoring probs <=  : 0
# Branch length floor: 0
# DE strategy        : 2
#    F               : 0.3
#    CR              : 0.8
#    tolerance       : 3e-06
# nthreads           : 32
# lgo input file     : abd2.lgo
# site pat input file: ../../boot/boot29.opf
# free parameters    : 14
# points in DE swarm : 42
# output state file  : b1boot29.state
# Including singleton site patterns.
# cost function      : KL
Initial parameter values
Fixed:
      zero = 0
       one = 1
    Tbecnw = 75200
Free:
       pc1 = 0
       pc2 = 0
       pc3 = 0
       pc4 = 0
       pc5 = 0
       pc6 = 0
       pc7 = 0
       pc8 = 0
       pc9 = 0
      pc10 = 0
      pc11 = 0
      pc12 = 0
      pc13 = 0
      pc14 = 0
Constrained:
   Tgbecnw = 116080
     Tecnw = 24601.4
       Tnw = 13862.5
       Tec = 10357.5
     twoNb = 978862
     twoNc = 223816
    twoNec = 149786
    twoNnw = 63157.4
  twoNecnw = 76494
  twoNbecnw = 15315
  twoNgbecnw = 325005
         m = 0.109159
        m2 = 0.0111555
        m4 = 0.0235596
        Tb = 17479.5
        Ta = 46339.7
        Td = 5178.75
DiffEv reached_goal. cost=1.92742e-03 spread=2.85606e-06
Fitted parameter values
Free:
       pc1 = -1.11898
       pc2 = -3.78527
       pc3 = 1.85312
       pc4 = -1.02109
       pc5 = -1.9738
       pc6 = -0.723019
       pc7 = 0.541553
       pc8 = -0.657837
       pc9 = -0.156054
      pc10 = 0.255089
      pc11 = 0.0257349
      pc12 = -0.129099
      pc13 = -0.0436007
      pc14 = 0.0116162
Constrained:
   Tgbecnw = 92179.9
     Tecnw = 23682.2
       Tnw = 10539.9
       Tec = 5877.73
     twoNb = 725132
     twoNc = 93442
    twoNec = 189650
    twoNnw = 78484.8
  twoNecnw = 71998.9
  twoNbecnw = 6634.28
  twoNgbecnw = 337000
         m = 0.094958
        m2 = 0.0118191
        m4 = 0.0233123
        Tb = 14780
        Ta = 44990
        Td = 2938.86
#       SitePat  BranchLen
              b 125378.1236179
              e 49279.5088499
              c 50493.1464573
              n 46083.8390582
              w 46083.8390582
            b:e 2138.5345164
            b:c 2512.7964927
            b:n 1751.4786008
            b:w 1751.4786008
            e:c 10497.1900110
            e:n 5257.9941499
            e:w 5257.9941499
            c:n 5081.7460963
            c:w 5081.7460963
            n:w 12678.0666715
          b:e:c 1973.7718378
          b:e:n 1090.8376568
          b:e:w 1090.8376568
          b:c:n 1101.2083030
          b:c:w 1101.2083030
          b:n:w 1939.1200194
          e:c:n 4710.1358219
          e:c:w 4710.1358219
          e:n:w 6215.6077114
          c:n:w 5697.0544853
        b:e:c:n 1997.8958056
        b:e:c:w 1997.8958056
        b:e:n:w 3350.9472587
        b:c:n:w 2613.3555200
        e:c:n:w 52220.2032320
