########################################
# legofit: estimate population history #
#       version 2.3.4-4-g53f8760       #
########################################

# Program was compiled: Sep 21 2021 14:36:42
# Program was run: Sat Oct  9 14:04:54 2021

# cmd: legofit -1 -d 0 -t 32 --ptsPerDim 3 --stateOut b1boot32.state --tol 3e-6 -S 5000 abd2.lgo ../../boot/boot32.opf
# Stage nOptItr nSimReps
#     0    5000        0
# algorithm          : deterministic
# ignoring probs <=  : 0
# Branch length floor: 0
# DE strategy        : 2
#    F               : 0.3
#    CR              : 0.8
#    tolerance       : 3e-06
# nthreads           : 32
# lgo input file     : abd2.lgo
# site pat input file: ../../boot/boot32.opf
# free parameters    : 14
# points in DE swarm : 42
# output state file  : b1boot32.state
# Including singleton site patterns.
# cost function      : KL
Initial parameter values
Fixed:
      zero = 0
       one = 1
    Tbecnw = 75200
Free:
       pc1 = 0
       pc2 = 0
       pc3 = 0
       pc4 = 0
       pc5 = 0
       pc6 = 0
       pc7 = 0
       pc8 = 0
       pc9 = 0
      pc10 = 0
      pc11 = 0
      pc12 = 0
      pc13 = 0
      pc14 = 0
Constrained:
   Tgbecnw = 116080
     Tecnw = 24601.4
       Tnw = 13862.5
       Tec = 10357.5
     twoNb = 978862
     twoNc = 223816
    twoNec = 149786
    twoNnw = 63157.4
  twoNecnw = 76494
  twoNbecnw = 15315
  twoNgbecnw = 325005
         m = 0.109159
        m2 = 0.0111555
        m4 = 0.0235596
        Tb = 17479.5
        Ta = 46339.7
        Td = 5178.75
DiffEv reached_goal. cost=1.95255e-03 spread=2.55510e-06
Fitted parameter values
Free:
       pc1 = -0.468365
       pc2 = -3.13369
       pc3 = 1.9392
       pc4 = 0.165813
       pc5 = -1.17255
       pc6 = -0.631677
       pc7 = 1.14903
       pc8 = -0.348656
       pc9 = -0.292314
      pc10 = 0.277502
      pc11 = -0.026871
      pc12 = -0.0596507
      pc13 = -0.112472
      pc14 = 0.0212355
Constrained:
   Tgbecnw = 96927.3
     Tecnw = 23829.6
       Tnw = 12090.3
       Tec = 3950.28
     twoNb = 910106
     twoNc = 191140
    twoNec = 220322
    twoNnw = 69099.2
  twoNecnw = 72646.8
  twoNbecnw = 8413.02
  twoNgbecnw = 333691
         m = 0.0963775
        m2 = 0.011142
        m4 = 0.0235768
        Tb = 13890
        Ta = 44545
        Td = 1975.14
#       SitePat  BranchLen
              b 126592.8310287
              e 49693.6923254
              c 50961.0443183
              n 46473.2027359
              w 46473.2027359
            b:e 2163.3000559
            b:c 2518.7498247
            b:n 1770.9117865
            b:w 1770.9117865
            e:c 10587.5132483
            e:n 5322.3773221
            e:w 5322.3773221
            c:n 5144.0119185
            c:w 5144.0119185
            n:w 12732.4952008
          b:e:c 1992.9353488
          b:e:n 1106.4894148
          b:e:w 1106.4894148
          b:c:n 1115.5599856
          b:c:w 1115.5599856
          b:n:w 1960.9689792
          e:c:n 4744.6544631
          e:c:w 4744.6544631
          e:n:w 6308.5109158
          c:n:w 5789.4150260
        b:e:c:n 2010.4468489
        b:e:c:w 2010.4468489
        b:e:n:w 3399.9599109
        b:c:n:w 2634.8434977
        e:c:n:w 52756.5571139
