########################################
# legofit: estimate population history #
#       version 2.3.4-4-g53f8760       #
########################################

# Program was compiled: Sep 21 2021 14:36:42
# Program was run: Sat Oct  9 14:03:15 2021

# cmd: legofit -1 -d 0 -t 32 --ptsPerDim 3 --stateOut b1boot21.state --tol 3e-6 -S 5000 abd2.lgo ../../boot/boot21.opf
# Stage nOptItr nSimReps
#     0    5000        0
# algorithm          : deterministic
# ignoring probs <=  : 0
# Branch length floor: 0
# DE strategy        : 2
#    F               : 0.3
#    CR              : 0.8
#    tolerance       : 3e-06
# nthreads           : 32
# lgo input file     : abd2.lgo
# site pat input file: ../../boot/boot21.opf
# free parameters    : 14
# points in DE swarm : 42
# output state file  : b1boot21.state
# Including singleton site patterns.
# cost function      : KL
Initial parameter values
Fixed:
      zero = 0
       one = 1
    Tbecnw = 75200
Free:
       pc1 = 0
       pc2 = 0
       pc3 = 0
       pc4 = 0
       pc5 = 0
       pc6 = 0
       pc7 = 0
       pc8 = 0
       pc9 = 0
      pc10 = 0
      pc11 = 0
      pc12 = 0
      pc13 = 0
      pc14 = 0
Constrained:
   Tgbecnw = 116080
     Tecnw = 24601.4
       Tnw = 13862.5
       Tec = 10357.5
     twoNb = 978862
     twoNc = 223816
    twoNec = 149786
    twoNnw = 63157.4
  twoNecnw = 76494
  twoNbecnw = 15315
  twoNgbecnw = 325005
         m = 0.109159
        m2 = 0.0111555
        m4 = 0.0235596
        Tb = 17479.5
        Ta = 46339.7
        Td = 5178.75
DiffEv reached_goal. cost=1.90171e-03 spread=2.58404e-06
Fitted parameter values
Free:
       pc1 = -2.51591
       pc2 = -2.23531
       pc3 = 1.70846
       pc4 = 0.319905
       pc5 = -1.19715
       pc6 = 0.0962191
       pc7 = 0.893959
       pc8 = -0.16321
       pc9 = -0.399057
      pc10 = 0.00576024
      pc11 = -0.0483817
      pc12 = 0.014765
      pc13 = -0.0161579
      pc14 = 0.018304
Constrained:
   Tgbecnw = 97690.3
     Tecnw = 23403.6
       Tnw = 13942.1
       Tec = 8142.5
     twoNb = 629498
     twoNc = 32330.9
    twoNec = 162256
    twoNnw = 54554.7
  twoNecnw = 72584.7
  twoNbecnw = 8218.91
  twoNgbecnw = 388452
         m = 0.0806275
        m2 = 0.011091
        m4 = 0.0236504
        Tb = 15773
        Ta = 45486.5
        Td = 4071.25
#       SitePat  BranchLen
              b 125846.6275505
              e 49368.0309149
              c 50598.8701200
              n 46171.8376046
              w 46171.8376046
            b:e 2161.8693241
            b:c 2550.9057776
            b:n 1763.9239114
            b:w 1763.9239114
            e:c 10536.9382742
            e:n 5291.9280247
            e:w 5291.9280247
            c:n 5111.0506503
            c:w 5111.0506503
            n:w 12683.8254439
          b:e:c 2008.8398835
          b:e:n 1095.9414151
          b:e:w 1095.9414151
          b:c:n 1107.3647880
          b:c:w 1107.3647880
          b:n:w 1970.4665766
          e:c:n 4744.3168362
          e:c:w 4744.3168362
          e:n:w 6312.6199319
          c:n:w 5783.2633186
        b:e:c:n 2007.5214092
        b:e:c:w 2007.5214092
        b:e:n:w 3375.2650440
        b:c:n:w 2623.6538594
        e:c:n:w 52444.1525259
