########################################
# legofit: estimate population history #
#       version 2.3.4-4-g53f8760       #
########################################

# Program was compiled: Sep 21 2021 14:36:42
# Program was run: Sat Oct  9 14:05:56 2021

# cmd: legofit -1 -d 0 -t 32 --ptsPerDim 3 --stateOut b1boot37.state --tol 3e-6 -S 5000 abd2.lgo ../../boot/boot37.opf
# Stage nOptItr nSimReps
#     0    5000        0
# algorithm          : deterministic
# ignoring probs <=  : 0
# Branch length floor: 0
# DE strategy        : 2
#    F               : 0.3
#    CR              : 0.8
#    tolerance       : 3e-06
# nthreads           : 32
# lgo input file     : abd2.lgo
# site pat input file: ../../boot/boot37.opf
# free parameters    : 14
# points in DE swarm : 42
# output state file  : b1boot37.state
# Including singleton site patterns.
# cost function      : KL
Initial parameter values
Fixed:
      zero = 0
       one = 1
    Tbecnw = 75200
Free:
       pc1 = 0
       pc2 = 0
       pc3 = 0
       pc4 = 0
       pc5 = 0
       pc6 = 0
       pc7 = 0
       pc8 = 0
       pc9 = 0
      pc10 = 0
      pc11 = 0
      pc12 = 0
      pc13 = 0
      pc14 = 0
Constrained:
   Tgbecnw = 116080
     Tecnw = 24601.4
       Tnw = 13862.5
       Tec = 10357.5
     twoNb = 978862
     twoNc = 223816
    twoNec = 149786
    twoNnw = 63157.4
  twoNecnw = 76494
  twoNbecnw = 15315
  twoNgbecnw = 325005
         m = 0.109159
        m2 = 0.0111555
        m4 = 0.0235596
        Tb = 17479.5
        Ta = 46339.7
        Td = 5178.75
DiffEv reached_goal. cost=1.93233e-03 spread=2.83849e-06
Fitted parameter values
Free:
       pc1 = -3.42167
       pc2 = -2.73195
       pc3 = 1.89322
       pc4 = -1.71876
       pc5 = -0.710447
       pc6 = -1.6864
       pc7 = 0.556824
       pc8 = -0.0970279
       pc9 = 0.133763
      pc10 = 0.197277
      pc11 = 0.0374079
      pc12 = -0.0956096
      pc13 = -0.00804775
      pc14 = 0.0244164
Constrained:
   Tgbecnw = 90073.7
     Tecnw = 22916
       Tnw = 12698.6
       Tec = 11287.6
     twoNb = 656772
     twoNc = 343634
    twoNec = 116981
    twoNnw = 60112.3
  twoNecnw = 73282.1
  twoNbecnw = 5504.21
  twoNgbecnw = 390903
         m = 0.0817289
        m2 = 0.0119446
        m4 = 0.0228608
        Tb = 17101.8
        Ta = 46150.9
        Td = 5643.82
#       SitePat  BranchLen
              b 124703.1518376
              e 48894.3673722
              c 50085.4596604
              n 45742.4347968
              w 45742.4347968
            b:e 2108.9953053
            b:c 2468.9727974
            b:n 1736.2538657
            b:w 1736.2538657
            e:c 10429.4229356
            e:n 5220.9402360
            e:w 5220.9402360
            c:n 5047.8694760
            c:w 5047.8694760
            n:w 12593.3404566
          b:e:c 1978.7314641
          b:e:n 1074.9282840
          b:e:w 1074.9282840
          b:c:n 1086.0001227
          b:c:w 1086.0001227
          b:n:w 1942.8102259
          e:c:n 4687.6203398
          e:c:w 4687.6203398
          e:n:w 6131.2805332
          c:n:w 5634.5280185
        b:e:c:n 1991.7458467
        b:e:c:w 1991.7458467
        b:e:n:w 3333.8344652
        b:c:n:w 2603.5149002
        e:c:n:w 52090.7659573
