########################################
# legofit: estimate population history #
#       version 2.3.4-4-g53f8760       #
########################################

# Program was compiled: Sep 21 2021 14:36:42
# Program was run: Sat Oct  9 13:59:49 2021

# cmd: legofit -1 -d 0 -t 32 --ptsPerDim 3 --stateOut b1boot2.state --tol 3e-6 -S 5000 abd2.lgo ../../boot/boot2.opf
# Stage nOptItr nSimReps
#     0    5000        0
# algorithm          : deterministic
# ignoring probs <=  : 0
# Branch length floor: 0
# DE strategy        : 2
#    F               : 0.3
#    CR              : 0.8
#    tolerance       : 3e-06
# nthreads           : 32
# lgo input file     : abd2.lgo
# site pat input file: ../../boot/boot2.opf
# free parameters    : 14
# points in DE swarm : 42
# output state file  : b1boot2.state
# Including singleton site patterns.
# cost function      : KL
Initial parameter values
Fixed:
      zero = 0
       one = 1
    Tbecnw = 75200
Free:
       pc1 = 0
       pc2 = 0
       pc3 = 0
       pc4 = 0
       pc5 = 0
       pc6 = 0
       pc7 = 0
       pc8 = 0
       pc9 = 0
      pc10 = 0
      pc11 = 0
      pc12 = 0
      pc13 = 0
      pc14 = 0
Constrained:
   Tgbecnw = 116080
     Tecnw = 24601.4
       Tnw = 13862.5
       Tec = 10357.5
     twoNb = 978862
     twoNc = 223816
    twoNec = 149786
    twoNnw = 63157.4
  twoNecnw = 76494
  twoNbecnw = 15315
  twoNgbecnw = 325005
         m = 0.109159
        m2 = 0.0111555
        m4 = 0.0235596
        Tb = 17479.5
        Ta = 46339.7
        Td = 5178.75
DiffEv reached_goal. cost=1.92419e-03 spread=2.68138e-06
Fitted parameter values
Free:
       pc1 = -2.54859
       pc2 = -2.95149
       pc3 = 1.85129
       pc4 = 1.09648
       pc5 = -1.75498
       pc6 = -1.88112
       pc7 = 0.2617
       pc8 = -0.248029
       pc9 = 0.0379298
      pc10 = 0.0633884
      pc11 = 0.0580818
      pc12 = 0.00433957
      pc13 = -0.0387115
      pc14 = 0.00891783
Constrained:
   Tgbecnw = 93161.6
     Tecnw = 23367.7
       Tnw = 13090.2
       Tec = 6351.96
     twoNb = 782530
     twoNc = 23310.7
    twoNec = 185289
    twoNnw = 59994.1
  twoNecnw = 73013.3
  twoNbecnw = 6578.01
  twoNgbecnw = 399346
         m = 0.0783827
        m2 = 0.0102884
        m4 = 0.0226551
        Tb = 14859.8
        Ta = 45029.9
        Td = 3175.98
#       SitePat  BranchLen
              b 124941.4489771
              e 49223.9830459
              c 50417.4857626
              n 46079.9868280
              w 46079.9868280
            b:e 2142.1759245
            b:c 2482.7697788
            b:n 1765.0928541
            b:w 1765.0928541
            e:c 10484.9260559
            e:n 5268.7272780
            e:w 5268.7272780
            c:n 5097.9105955
            c:w 5097.9105955
            n:w 12598.0426801
          b:e:c 2001.4596230
          b:e:n 1102.6074457
          b:e:w 1102.6074457
          b:c:n 1112.9842897
          b:c:w 1112.9842897
          b:n:w 1964.7445766
          e:c:n 4691.1937734
          e:c:w 4691.1937734
          e:n:w 6186.2173012
          c:n:w 5701.6722535
        b:e:c:n 2018.8866795
        b:e:c:w 2018.8866795
        b:e:n:w 3342.1977879
        b:c:n:w 2613.5258111
        e:c:n:w 51943.6751120
