########################################
# legofit: estimate population history #
#       version 2.3.4-4-g53f8760       #
########################################

# Program was compiled: Sep 21 2021 14:36:42
# Program was run: Sat Oct  9 14:04:53 2021

# cmd: legofit -1 -d 0 -t 32 --ptsPerDim 3 --stateOut b1boot31.state --tol 3e-6 -S 5000 abd2.lgo ../../boot/boot31.opf
# Stage nOptItr nSimReps
#     0    5000        0
# algorithm          : deterministic
# ignoring probs <=  : 0
# Branch length floor: 0
# DE strategy        : 2
#    F               : 0.3
#    CR              : 0.8
#    tolerance       : 3e-06
# nthreads           : 32
# lgo input file     : abd2.lgo
# site pat input file: ../../boot/boot31.opf
# free parameters    : 14
# points in DE swarm : 42
# output state file  : b1boot31.state
# Including singleton site patterns.
# cost function      : KL
Initial parameter values
Fixed:
      zero = 0
       one = 1
    Tbecnw = 75200
Free:
       pc1 = 0
       pc2 = 0
       pc3 = 0
       pc4 = 0
       pc5 = 0
       pc6 = 0
       pc7 = 0
       pc8 = 0
       pc9 = 0
      pc10 = 0
      pc11 = 0
      pc12 = 0
      pc13 = 0
      pc14 = 0
Constrained:
   Tgbecnw = 116080
     Tecnw = 24601.4
       Tnw = 13862.5
       Tec = 10357.5
     twoNb = 978862
     twoNc = 223816
    twoNec = 149786
    twoNnw = 63157.4
  twoNecnw = 76494
  twoNbecnw = 15315
  twoNgbecnw = 325005
         m = 0.109159
        m2 = 0.0111555
        m4 = 0.0235596
        Tb = 17479.5
        Ta = 46339.7
        Td = 5178.75
DiffEv reached_goal. cost=1.89863e-03 spread=2.52559e-06
Fitted parameter values
Free:
       pc1 = -2.69008
       pc2 = -3.83225
       pc3 = 1.94498
       pc4 = -1.52906
       pc5 = -0.246804
       pc6 = -1.49335
       pc7 = 0.733202
       pc8 = 0.0979753
       pc9 = 0.353999
      pc10 = 0.214713
      pc11 = 0.015218
      pc12 = -0.0565526
      pc13 = -0.000622077
      pc14 = 0.0231241
Constrained:
   Tgbecnw = 90274.5
     Tecnw = 23091.9
       Tnw = 11569.7
       Tec = 8809.47
     twoNb = 722125
     twoNc = 471523
    twoNec = 147290
    twoNnw = 68471.8
  twoNecnw = 71911.8
  twoNbecnw = 5509.62
  twoNgbecnw = 412576
         m = 0.074224
        m2 = 0.0118352
        m4 = 0.0230665
        Tb = 15950.7
        Ta = 45575.3
        Td = 4404.74
#       SitePat  BranchLen
              b 123912.1852311
              e 48740.7266451
              c 49940.5010939
              n 45604.3479386
              w 45604.3479386
            b:e 2128.5129318
            b:c 2479.1987128
            b:n 1756.8762981
            b:w 1756.8762981
            e:c 10433.5747705
            e:n 5232.6138445
            e:w 5232.6138445
            c:n 5058.0052104
            c:w 5058.0052104
            n:w 12579.9982491
          b:e:c 1991.0122467
          b:e:n 1090.8084185
          b:e:w 1090.8084185
          b:c:n 1102.0779151
          b:c:w 1102.0779151
          b:n:w 1954.2241936
          e:c:n 4707.5793864
          e:c:w 4707.5793864
          e:n:w 6156.2199228
          c:n:w 5660.5041776
        b:e:c:n 2012.1229789
        b:e:c:w 2012.1229789
        b:e:n:w 3348.9836327
        b:c:n:w 2620.9173045
        e:c:n:w 51473.5262442
