########################################
# legofit: estimate population history #
#       version 2.3.4-4-g53f8760       #
########################################

# Program was compiled: Sep 21 2021 14:36:42
# Program was run: Sat Oct  9 14:04:21 2021

# cmd: legofit -1 -d 0 -t 32 --ptsPerDim 3 --stateOut b1boot28.state --tol 3e-6 -S 5000 abd2.lgo ../../boot/boot28.opf
# Stage nOptItr nSimReps
#     0    5000        0
# algorithm          : deterministic
# ignoring probs <=  : 0
# Branch length floor: 0
# DE strategy        : 2
#    F               : 0.3
#    CR              : 0.8
#    tolerance       : 3e-06
# nthreads           : 32
# lgo input file     : abd2.lgo
# site pat input file: ../../boot/boot28.opf
# free parameters    : 14
# points in DE swarm : 42
# output state file  : b1boot28.state
# Including singleton site patterns.
# cost function      : KL
Initial parameter values
Fixed:
      zero = 0
       one = 1
    Tbecnw = 75200
Free:
       pc1 = 0
       pc2 = 0
       pc3 = 0
       pc4 = 0
       pc5 = 0
       pc6 = 0
       pc7 = 0
       pc8 = 0
       pc9 = 0
      pc10 = 0
      pc11 = 0
      pc12 = 0
      pc13 = 0
      pc14 = 0
Constrained:
   Tgbecnw = 116080
     Tecnw = 24601.4
       Tnw = 13862.5
       Tec = 10357.5
     twoNb = 978862
     twoNc = 223816
    twoNec = 149786
    twoNnw = 63157.4
  twoNecnw = 76494
  twoNbecnw = 15315
  twoNgbecnw = 325005
         m = 0.109159
        m2 = 0.0111555
        m4 = 0.0235596
        Tb = 17479.5
        Ta = 46339.7
        Td = 5178.75
DiffEv reached_goal. cost=1.91571e-03 spread=2.49929e-06
Fitted parameter values
Free:
       pc1 = -1.14824
       pc2 = -3.65305
       pc3 = 1.99243
       pc4 = -0.483063
       pc5 = -0.86155
       pc6 = -1.54651
       pc7 = 1.35215
       pc8 = -0.634189
       pc9 = -0.113119
      pc10 = 0.323818
      pc11 = 0.0185465
      pc12 = -0.100767
      pc13 = -0.0831333
      pc14 = 0.0016019
Constrained:
   Tgbecnw = 92547.2
     Tecnw = 23502.2
       Tnw = 11901.1
       Tec = 3984.65
     twoNb = 766903
     twoNc = 347571
    twoNec = 212597
    twoNnw = 68904.4
  twoNecnw = 72714.1
  twoNbecnw = 6724.59
  twoNgbecnw = 344317
         m = 0.0915419
        m2 = 0.0115095
        m4 = 0.0231622
        Tb = 13743.4
        Ta = 44471.7
        Td = 1992.32
#       SitePat  BranchLen
              b 125012.5911885
              e 49260.5982149
              c 50465.6230830
              n 46154.7384829
              w 46154.7384829
            b:e 2153.8647135
            b:c 2517.1011749
            b:n 1763.2238330
            b:w 1763.2238330
            e:c 10561.3674607
            e:n 5287.5683998
            e:w 5287.5683998
            c:n 5112.3280475
            c:w 5112.3280475
            n:w 12630.4004510
          b:e:c 1988.7230979
          b:e:n 1101.9554966
          b:e:w 1101.9554966
          b:c:n 1112.2108876
          b:c:w 1112.2108876
          b:n:w 1953.0356627
          e:c:n 4710.8854310
          e:c:w 4710.8854310
          e:n:w 6230.7272246
          c:n:w 5722.6976899
        b:e:c:n 2013.4551402
        b:e:c:w 2013.4551402
        b:e:n:w 3360.0450491
        b:c:n:w 2629.7829955
        e:c:n:w 51813.7801680
