########################################
# legofit: estimate population history #
#       version 2.3.4-4-g53f8760       #
########################################

# Program was compiled: Sep 21 2021 14:36:42
# Program was run: Sat Oct  9 14:07:10 2021

# cmd: legofit -1 -d 0 -t 32 --ptsPerDim 3 --stateOut b1boot43.state --tol 3e-6 -S 5000 abd2.lgo ../../boot/boot43.opf
# Stage nOptItr nSimReps
#     0    5000        0
# algorithm          : deterministic
# ignoring probs <=  : 0
# Branch length floor: 0
# DE strategy        : 2
#    F               : 0.3
#    CR              : 0.8
#    tolerance       : 3e-06
# nthreads           : 32
# lgo input file     : abd2.lgo
# site pat input file: ../../boot/boot43.opf
# free parameters    : 14
# points in DE swarm : 42
# output state file  : b1boot43.state
# Including singleton site patterns.
# cost function      : KL
Initial parameter values
Fixed:
      zero = 0
       one = 1
    Tbecnw = 75200
Free:
       pc1 = 0
       pc2 = 0
       pc3 = 0
       pc4 = 0
       pc5 = 0
       pc6 = 0
       pc7 = 0
       pc8 = 0
       pc9 = 0
      pc10 = 0
      pc11 = 0
      pc12 = 0
      pc13 = 0
      pc14 = 0
Constrained:
   Tgbecnw = 116080
     Tecnw = 24601.4
       Tnw = 13862.5
       Tec = 10357.5
     twoNb = 978862
     twoNc = 223816
    twoNec = 149786
    twoNnw = 63157.4
  twoNecnw = 76494
  twoNbecnw = 15315
  twoNgbecnw = 325005
         m = 0.109159
        m2 = 0.0111555
        m4 = 0.0235596
        Tb = 17479.5
        Ta = 46339.7
        Td = 5178.75
DiffEv reached_goal. cost=1.93819e-03 spread=2.16377e-06
Fitted parameter values
Free:
       pc1 = -2.88334
       pc2 = -2.78286
       pc3 = 1.96198
       pc4 = -1.14188
       pc5 = -1.2529
       pc6 = -1.05448
       pc7 = 0.0717972
       pc8 = -0.369112
       pc9 = -0.0868964
      pc10 = 0.160485
      pc11 = 0.0628732
      pc12 = -0.0769062
      pc13 = -0.000160238
      pc14 = -0.0142033
Constrained:
   Tgbecnw = 91480.8
     Tecnw = 23233.4
       Tnw = 12217
       Tec = 10654.5
     twoNb = 596530
     twoNc = 167619
    twoNec = 128522
    twoNnw = 65701.1
  twoNecnw = 72902.2
  twoNbecnw = 6147.19
  twoNgbecnw = 370372
         m = 0.0847516
        m2 = 0.0115073
        m4 = 0.0230758
        Tb = 16943.9
        Ta = 46072
        Td = 5327.25
#       SitePat  BranchLen
              b 124577.3640279
              e 49113.6534715
              c 50290.5823377
              n 46002.0800157
              w 46002.0800157
            b:e 2133.0642350
            b:c 2514.8718808
            b:n 1759.1327225
            b:w 1759.1327225
            e:c 10430.1647990
            e:n 5251.8084088
            e:w 5251.8084088
            c:n 5076.0510620
            c:w 5076.0510620
            n:w 12587.8832737
          b:e:c 1992.1041104
          b:e:n 1090.1757177
          b:e:w 1090.1757177
          b:c:n 1101.8154507
          b:c:w 1101.8154507
          b:n:w 1954.4838968
          e:c:n 4721.2359925
          e:c:w 4721.2359925
          e:n:w 6171.8617061
          c:n:w 5660.4322578
        b:e:c:n 2014.5099888
        b:e:c:w 2014.5099888
        b:e:n:w 3323.9101146
        b:c:n:w 2604.8381255
        e:c:n:w 51711.6857238
