########################################
# legofit: estimate population history #
#       version 2.3.4-4-g53f8760       #
########################################

# Program was compiled: Sep 21 2021 14:36:42
# Program was run: Sat Oct  9 14:00:49 2021

# cmd: legofit -1 -d 0 -t 32 --ptsPerDim 3 --stateOut b1boot8.state --tol 3e-6 -S 5000 abd2.lgo ../../boot/boot8.opf
# Stage nOptItr nSimReps
#     0    5000        0
# algorithm          : deterministic
# ignoring probs <=  : 0
# Branch length floor: 0
# DE strategy        : 2
#    F               : 0.3
#    CR              : 0.8
#    tolerance       : 3e-06
# nthreads           : 32
# lgo input file     : abd2.lgo
# site pat input file: ../../boot/boot8.opf
# free parameters    : 14
# points in DE swarm : 42
# output state file  : b1boot8.state
# Including singleton site patterns.
# cost function      : KL
Initial parameter values
Fixed:
      zero = 0
       one = 1
    Tbecnw = 75200
Free:
       pc1 = 0
       pc2 = 0
       pc3 = 0
       pc4 = 0
       pc5 = 0
       pc6 = 0
       pc7 = 0
       pc8 = 0
       pc9 = 0
      pc10 = 0
      pc11 = 0
      pc12 = 0
      pc13 = 0
      pc14 = 0
Constrained:
   Tgbecnw = 116080
     Tecnw = 24601.4
       Tnw = 13862.5
       Tec = 10357.5
     twoNb = 978862
     twoNc = 223816
    twoNec = 149786
    twoNnw = 63157.4
  twoNecnw = 76494
  twoNbecnw = 15315
  twoNgbecnw = 325005
         m = 0.109159
        m2 = 0.0111555
        m4 = 0.0235596
        Tb = 17479.5
        Ta = 46339.7
        Td = 5178.75
DiffEv reached_goal. cost=1.90879e-03 spread=2.92096e-06
Fitted parameter values
Free:
       pc1 = -2.41663
       pc2 = -2.30745
       pc3 = 1.98232
       pc4 = 0.856963
       pc5 = -1.6289
       pc6 = -1.38347
       pc7 = 0.586739
       pc8 = -0.685903
       pc9 = -0.0371663
      pc10 = 0.183358
      pc11 = -0.0049286
      pc12 = -0.024436
      pc13 = -0.0405049
      pc14 = 0.0182068
Constrained:
   Tgbecnw = 94712.4
     Tecnw = 23228.3
       Tnw = 13507.6
       Tec = 6591.95
     twoNb = 664212
     twoNc = 20068.5
    twoNec = 181605
    twoNnw = 56440.2
  twoNecnw = 74248.9
  twoNbecnw = 7287.37
  twoNgbecnw = 367891
         m = 0.0864748
        m2 = 0.0105041
        m4 = 0.0229545
        Tb = 14910.1
        Ta = 45055.1
        Td = 3295.98
#       SitePat  BranchLen
              b 125393.0070698
              e 49422.0317381
              c 50610.9815307
              n 46233.2477146
              w 46233.2477146
            b:e 2143.0448894
            b:c 2513.9695964
            b:n 1752.5500640
            b:w 1752.5500640
            e:c 10529.7494712
            e:n 5299.4158372
            e:w 5299.4158372
            c:n 5124.9396810
            c:w 5124.9396810
            n:w 12676.9579225
          b:e:c 1991.7778838
          b:e:n 1095.0508644
          b:e:w 1095.0508644
          b:c:n 1105.7759097
          b:c:w 1105.7759097
          b:n:w 1953.7939238
          e:c:n 4692.6492007
          e:c:w 4692.6492007
          e:n:w 6229.8890493
          c:n:w 5726.2369382
        b:e:c:n 2003.8759841
        b:e:c:w 2003.8759841
        b:e:n:w 3332.8141184
        b:c:n:w 2604.0937925
        e:c:n:w 52015.7162243
