########################################
# legofit: estimate population history #
#       version 2.3.4-4-g53f8760       #
########################################

# Program was compiled: Sep 21 2021 14:36:42
# Program was run: Sat Oct  9 14:05:57 2021

# cmd: legofit -1 -d 0 -t 32 --ptsPerDim 3 --stateOut b1boot36.state --tol 3e-6 -S 5000 abd2.lgo ../../boot/boot36.opf
# Stage nOptItr nSimReps
#     0    5000        0
# algorithm          : deterministic
# ignoring probs <=  : 0
# Branch length floor: 0
# DE strategy        : 2
#    F               : 0.3
#    CR              : 0.8
#    tolerance       : 3e-06
# nthreads           : 32
# lgo input file     : abd2.lgo
# site pat input file: ../../boot/boot36.opf
# free parameters    : 14
# points in DE swarm : 42
# output state file  : b1boot36.state
# Including singleton site patterns.
# cost function      : KL
Initial parameter values
Fixed:
      zero = 0
       one = 1
    Tbecnw = 75200
Free:
       pc1 = 0
       pc2 = 0
       pc3 = 0
       pc4 = 0
       pc5 = 0
       pc6 = 0
       pc7 = 0
       pc8 = 0
       pc9 = 0
      pc10 = 0
      pc11 = 0
      pc12 = 0
      pc13 = 0
      pc14 = 0
Constrained:
   Tgbecnw = 116080
     Tecnw = 24601.4
       Tnw = 13862.5
       Tec = 10357.5
     twoNb = 978862
     twoNc = 223816
    twoNec = 149786
    twoNnw = 63157.4
  twoNecnw = 76494
  twoNbecnw = 15315
  twoNgbecnw = 325005
         m = 0.109159
        m2 = 0.0111555
        m4 = 0.0235596
        Tb = 17479.5
        Ta = 46339.7
        Td = 5178.75
DiffEv reached_goal. cost=1.92709e-03 spread=2.86391e-06
Fitted parameter values
Free:
       pc1 = -3.96157
       pc2 = -1.58343
       pc3 = 1.23757
       pc4 = -0.145889
       pc5 = -0.712269
       pc6 = -1.51551
       pc7 = 1.08867
       pc8 = -0.103332
       pc9 = 0.24758
      pc10 = -0.0628545
      pc11 = 0.0753065
      pc12 = 0.0209887
      pc13 = -0.0198143
      pc14 = 0.00659414
Constrained:
   Tgbecnw = 96443.9
     Tecnw = 22872.4
       Tnw = 15198.2
       Tec = 10361.6
     twoNb = 601137
     twoNc = 195462
    twoNec = 130421
    twoNnw = 44065.2
  twoNecnw = 74901.2
  twoNbecnw = 7447.64
  twoNgbecnw = 432024
         m = 0.0731477
        m2 = 0.0114178
        m4 = 0.0228011
        Tb = 16617
        Ta = 45908.5
        Td = 5180.81
#       SitePat  BranchLen
              b 125341.1053737
              e 49353.5912133
              c 50535.9016076
              n 46178.0470699
              w 46178.0470699
            b:e 2147.1054898
            b:c 2514.7499170
            b:n 1753.5261217
            b:w 1753.5261217
            e:c 10525.1725425
            e:n 5284.8961754
            e:w 5284.8961754
            c:n 5110.8936456
            c:w 5110.8936456
            n:w 12649.5819663
          b:e:c 2009.4356719
          b:e:n 1089.8001822
          b:e:w 1089.8001822
          b:c:n 1101.2793320
          b:c:w 1101.2793320
          b:n:w 1970.0772507
          e:c:n 4697.7724571
          e:c:w 4697.7724571
          e:n:w 6213.3728219
          c:n:w 5719.1164139
        b:e:c:n 2008.8811524
        b:e:c:w 2008.8811524
        b:e:n:w 3364.7849107
        b:c:n:w 2634.1331445
        e:c:n:w 52112.2029167
