########################################
# legofit: estimate population history #
#       version 2.3.4-4-g53f8760       #
########################################

# Program was compiled: Sep 21 2021 14:36:42
# Program was run: Sat Oct  9 14:01:41 2021

# cmd: legofit -1 -d 0 -t 32 --ptsPerDim 3 --stateOut b1boot13.state --tol 3e-6 -S 5000 abd2.lgo ../../boot/boot13.opf
# Stage nOptItr nSimReps
#     0    5000        0
# algorithm          : deterministic
# ignoring probs <=  : 0
# Branch length floor: 0
# DE strategy        : 2
#    F               : 0.3
#    CR              : 0.8
#    tolerance       : 3e-06
# nthreads           : 32
# lgo input file     : abd2.lgo
# site pat input file: ../../boot/boot13.opf
# free parameters    : 14
# points in DE swarm : 42
# output state file  : b1boot13.state
# Including singleton site patterns.
# cost function      : KL
Initial parameter values
Fixed:
      zero = 0
       one = 1
    Tbecnw = 75200
Free:
       pc1 = 0
       pc2 = 0
       pc3 = 0
       pc4 = 0
       pc5 = 0
       pc6 = 0
       pc7 = 0
       pc8 = 0
       pc9 = 0
      pc10 = 0
      pc11 = 0
      pc12 = 0
      pc13 = 0
      pc14 = 0
Constrained:
   Tgbecnw = 116080
     Tecnw = 24601.4
       Tnw = 13862.5
       Tec = 10357.5
     twoNb = 978862
     twoNc = 223816
    twoNec = 149786
    twoNnw = 63157.4
  twoNecnw = 76494
  twoNbecnw = 15315
  twoNgbecnw = 325005
         m = 0.109159
        m2 = 0.0111555
        m4 = 0.0235596
        Tb = 17479.5
        Ta = 46339.7
        Td = 5178.75
DiffEv reached_goal. cost=1.90854e-03 spread=2.89646e-06
Fitted parameter values
Free:
       pc1 = -2.24163
       pc2 = -2.8914
       pc3 = 1.37585
       pc4 = -0.686449
       pc5 = -1.82491
       pc6 = -1.39424
       pc7 = 1.07953
       pc8 = -0.138178
       pc9 = -0.610412
      pc10 = 0.191145
      pc11 = 0.0215578
      pc12 = -0.0724921
      pc13 = -0.0518824
      pc14 = 0.0068067
Constrained:
   Tgbecnw = 93036.2
     Tecnw = 23489.3
       Tnw = 13139.3
       Tec = 7160.4
     twoNb = 811619
     twoNc = 92891.9
    twoNec = 173306
    twoNnw = 60372.6
  twoNecnw = 71874.3
  twoNbecnw = 6824.35
  twoNgbecnw = 356015
         m = 0.0881883
        m2 = 0.011928
        m4 = 0.0229286
        Tb = 15324.9
        Ta = 45262.4
        Td = 3580.2
#       SitePat  BranchLen
              b 125150.2644896
              e 49197.2267805
              c 50407.9894084
              n 46023.1827403
              w 46023.1827403
            b:e 2145.1942275
            b:c 2492.5248416
            b:n 1753.3867612
            b:w 1753.3867612
            e:c 10491.2929681
            e:n 5250.5980944
            e:w 5250.5980944
            c:n 5077.6899304
            c:w 5077.6899304
            n:w 12597.6225565
          b:e:c 1989.8074930
          b:e:n 1090.9261233
          b:e:w 1090.9261233
          b:c:n 1100.7714835
          b:c:w 1100.7714835
          b:n:w 1955.7470969
          e:c:n 4715.3377242
          e:c:w 4715.3377242
          e:n:w 6240.9937036
          c:n:w 5739.3051805
        b:e:c:n 1997.7362742
        b:e:c:w 1997.7362742
        b:e:n:w 3360.6933070
        b:c:n:w 2630.4140282
        e:c:n:w 52075.8821058
