########################################
# legofit: estimate population history #
#       version 2.3.4-4-g53f8760       #
########################################

# Program was compiled: Sep 21 2021 14:36:42
# Program was run: Sat Oct  9 14:06:49 2021

# cmd: legofit -1 -d 0 -t 32 --ptsPerDim 3 --stateOut b1boot41.state --tol 3e-6 -S 5000 abd2.lgo ../../boot/boot41.opf
# Stage nOptItr nSimReps
#     0    5000        0
# algorithm          : deterministic
# ignoring probs <=  : 0
# Branch length floor: 0
# DE strategy        : 2
#    F               : 0.3
#    CR              : 0.8
#    tolerance       : 3e-06
# nthreads           : 32
# lgo input file     : abd2.lgo
# site pat input file: ../../boot/boot41.opf
# free parameters    : 14
# points in DE swarm : 42
# output state file  : b1boot41.state
# Including singleton site patterns.
# cost function      : KL
Initial parameter values
Fixed:
      zero = 0
       one = 1
    Tbecnw = 75200
Free:
       pc1 = 0
       pc2 = 0
       pc3 = 0
       pc4 = 0
       pc5 = 0
       pc6 = 0
       pc7 = 0
       pc8 = 0
       pc9 = 0
      pc10 = 0
      pc11 = 0
      pc12 = 0
      pc13 = 0
      pc14 = 0
Constrained:
   Tgbecnw = 116080
     Tecnw = 24601.4
       Tnw = 13862.5
       Tec = 10357.5
     twoNb = 978862
     twoNc = 223816
    twoNec = 149786
    twoNnw = 63157.4
  twoNecnw = 76494
  twoNbecnw = 15315
  twoNgbecnw = 325005
         m = 0.109159
        m2 = 0.0111555
        m4 = 0.0235596
        Tb = 17479.5
        Ta = 46339.7
        Td = 5178.75
DiffEv reached_goal. cost=1.90777e-03 spread=2.84900e-06
Fitted parameter values
Free:
       pc1 = -1.46814
       pc2 = -3.93602
       pc3 = 1.74073
       pc4 = 0.00510096
       pc5 = -1.64214
       pc6 = -1.62075
       pc7 = 1.63663
       pc8 = -0.30836
       pc9 = 0.0512717
      pc10 = 0.223063
      pc11 = 0.134484
      pc12 = -0.0435741
      pc13 = -0.137449
      pc14 = 0.00833596
Constrained:
   Tgbecnw = 91670.3
     Tecnw = 23443.3
       Tnw = 12141.1
       Tec = 2860.8
     twoNb = 879840
     twoNc = 186618
    twoNec = 228547
    twoNnw = 66836
  twoNecnw = 72344.2
  twoNbecnw = 6152.1
  twoNgbecnw = 381636
         m = 0.0814688
        m2 = 0.0115786
        m4 = 0.0230093
        Tb = 13152.1
        Ta = 44176
        Td = 1430.4
#       SitePat  BranchLen
              b 124444.1377431
              e 49101.9384316
              c 50313.9574259
              n 45975.5924084
              w 45975.5924084
            b:e 2139.4668720
            b:c 2476.4058719
            b:n 1750.9240295
            b:w 1750.9240295
            e:c 10499.7006528
            e:n 5263.3397658
            e:w 5263.3397658
            c:n 5090.5752628
            c:w 5090.5752628
            n:w 12556.2746916
          b:e:c 1977.5622222
          b:e:n 1098.1745302
          b:e:w 1098.1745302
          b:c:n 1108.2267709
          b:c:w 1108.2267709
          b:n:w 1941.7689068
          e:c:n 4667.4103409
          e:c:w 4667.4103409
          e:n:w 6183.1926052
          c:n:w 5694.5751435
        b:e:c:n 2002.7282839
        b:e:c:w 2002.7282839
        b:e:n:w 3367.3001140
        b:c:n:w 2632.3839625
        e:c:n:w 51566.6663942
