########################################
# legofit: estimate population history #
#       version 2.3.4-4-g53f8760       #
########################################

# Program was compiled: Sep 21 2021 14:36:42
# Program was run: Sat Oct  9 14:01:09 2021

# cmd: legofit -1 -d 0 -t 32 --ptsPerDim 3 --stateOut b1boot10.state --tol 3e-6 -S 5000 abd2.lgo ../../boot/boot10.opf
# Stage nOptItr nSimReps
#     0    5000        0
# algorithm          : deterministic
# ignoring probs <=  : 0
# Branch length floor: 0
# DE strategy        : 2
#    F               : 0.3
#    CR              : 0.8
#    tolerance       : 3e-06
# nthreads           : 32
# lgo input file     : abd2.lgo
# site pat input file: ../../boot/boot10.opf
# free parameters    : 14
# points in DE swarm : 42
# output state file  : b1boot10.state
# Including singleton site patterns.
# cost function      : KL
Initial parameter values
Fixed:
      zero = 0
       one = 1
    Tbecnw = 75200
Free:
       pc1 = 0
       pc2 = 0
       pc3 = 0
       pc4 = 0
       pc5 = 0
       pc6 = 0
       pc7 = 0
       pc8 = 0
       pc9 = 0
      pc10 = 0
      pc11 = 0
      pc12 = 0
      pc13 = 0
      pc14 = 0
Constrained:
   Tgbecnw = 116080
     Tecnw = 24601.4
       Tnw = 13862.5
       Tec = 10357.5
     twoNb = 978862
     twoNc = 223816
    twoNec = 149786
    twoNnw = 63157.4
  twoNecnw = 76494
  twoNbecnw = 15315
  twoNgbecnw = 325005
         m = 0.109159
        m2 = 0.0111555
        m4 = 0.0235596
        Tb = 17479.5
        Ta = 46339.7
        Td = 5178.75
DiffEv reached_goal. cost=1.91532e-03 spread=2.50402e-06
Fitted parameter values
Free:
       pc1 = -0.260633
       pc2 = -3.97614
       pc3 = 1.9192
       pc4 = -0.443946
       pc5 = -1.80185
       pc6 = -0.416123
       pc7 = 0.932695
       pc8 = -0.269353
       pc9 = -0.0124792
      pc10 = 0.24195
      pc11 = 0.124271
      pc12 = -0.0927366
      pc13 = -0.096926
      pc14 = 0.0324031
Constrained:
   Tgbecnw = 94329.3
     Tecnw = 23930.8
       Tnw = 10463.3
       Tec = 3678.39
     twoNb = 949116
     twoNc = 121563
    twoNec = 221275
    twoNnw = 80028.2
  twoNecnw = 71974.1
  twoNbecnw = 7379.33
  twoNgbecnw = 346246
         m = 0.0927836
        m2 = 0.0115938
        m4 = 0.0236047
        Tb = 13804.6
        Ta = 44502.3
        Td = 1839.19
#       SitePat  BranchLen
              b 126122.8670071
              e 49535.5850958
              c 50804.4057524
              n 46293.9545003
              w 46293.9545003
            b:e 2160.6942522
            b:c 2509.6904696
            b:n 1773.6543172
            b:w 1773.6543172
            e:c 10559.1597628
            e:n 5282.8171924
            e:w 5282.8171924
            c:n 5105.5296366
            c:w 5105.5296366
            n:w 12741.5805230
          b:e:c 1994.9604758
          b:e:n 1107.8586249
          b:e:w 1107.8586249
          b:c:n 1117.2105741
          b:c:w 1117.2105741
          b:n:w 1962.8527922
          e:c:n 4722.5351313
          e:c:w 4722.5351313
          e:n:w 6250.8495551
          c:n:w 5737.6749619
        b:e:c:n 2018.9026974
        b:e:c:w 2018.9026974
        b:e:n:w 3418.8272864
        b:c:n:w 2650.0560268
        e:c:n:w 52670.8972985
