########################################
# legofit: estimate population history #
#       version 2.3.4-4-g53f8760       #
########################################

# Program was compiled: Sep 21 2021 14:36:42
# Program was run: Sat Oct  9 13:59:49 2021

# cmd: legofit -1 -d 0 -t 32 --ptsPerDim 3 --stateOut b1boot0.state --tol 3e-6 -S 5000 abd2.lgo ../../boot/boot0.opf
# Stage nOptItr nSimReps
#     0    5000        0
# algorithm          : deterministic
# ignoring probs <=  : 0
# Branch length floor: 0
# DE strategy        : 2
#    F               : 0.3
#    CR              : 0.8
#    tolerance       : 3e-06
# nthreads           : 32
# lgo input file     : abd2.lgo
# site pat input file: ../../boot/boot0.opf
# free parameters    : 14
# points in DE swarm : 42
# output state file  : b1boot0.state
# Including singleton site patterns.
# cost function      : KL
Initial parameter values
Fixed:
      zero = 0
       one = 1
    Tbecnw = 75200
Free:
       pc1 = 0
       pc2 = 0
       pc3 = 0
       pc4 = 0
       pc5 = 0
       pc6 = 0
       pc7 = 0
       pc8 = 0
       pc9 = 0
      pc10 = 0
      pc11 = 0
      pc12 = 0
      pc13 = 0
      pc14 = 0
Constrained:
   Tgbecnw = 116080
     Tecnw = 24601.4
       Tnw = 13862.5
       Tec = 10357.5
     twoNb = 978862
     twoNc = 223816
    twoNec = 149786
    twoNnw = 63157.4
  twoNecnw = 76494
  twoNbecnw = 15315
  twoNgbecnw = 325005
         m = 0.109159
        m2 = 0.0111555
        m4 = 0.0235596
        Tb = 17479.5
        Ta = 46339.7
        Td = 5178.75
DiffEv reached_goal. cost=1.91648e-03 spread=2.80212e-06
Fitted parameter values
Free:
       pc1 = -2.94333
       pc2 = -2.12315
       pc3 = 1.7039
       pc4 = 0.477481
       pc5 = -0.427559
       pc6 = -1.96279
       pc7 = 0.303737
       pc8 = -0.497915
       pc9 = -0.0026551
      pc10 = 0.0941444
      pc11 = -0.0511029
      pc12 = -0.0111681
      pc13 = -0.00168091
      pc14 = 0.0160941
Constrained:
   Tgbecnw = 96033.8
     Tecnw = 23223.1
       Tnw = 14012.8
       Tec = 8803.47
     twoNb = 589127
     twoNc = 269449
    twoNec = 153343
    twoNnw = 53259.9
  twoNecnw = 74141.3
  twoNbecnw = 7639.92
  twoNgbecnw = 386886
         m = 0.0823009
        m2 = 0.0104575
        m4 = 0.0226929
        Tb = 16013.3
        Ta = 45606.6
        Td = 4401.74
#       SitePat  BranchLen
              b 125804.5646039
              e 49454.9878357
              c 50624.6346553
              n 46279.9721842
              w 46279.9721842
            b:e 2161.3199060
            b:c 2542.6859163
            b:n 1770.5148063
            b:w 1770.5148063
            e:c 10544.4089901
            e:n 5299.4854603
            e:w 5299.4854603
            c:n 5126.0174537
            c:w 5126.0174537
            n:w 12695.6376938
          b:e:c 2017.4436769
          b:e:n 1101.4879291
          b:e:w 1101.4879291
          b:c:n 1112.8666193
          b:c:w 1112.8666193
          b:n:w 1978.1210440
          e:c:n 4726.6195388
          e:c:w 4726.6195388
          e:n:w 6251.5896703
          c:n:w 5746.1473106
        b:e:c:n 2023.6115969
        b:e:c:w 2023.6115969
        b:e:n:w 3341.4798704
        b:c:n:w 2620.0878912
        e:c:n:w 52409.0260162
