########################################
# legofit: estimate population history #
#       version 2.3.4-4-g53f8760       #
########################################

# Program was compiled: Sep 21 2021 14:36:42
# Program was run: Sat Oct  9 14:05:28 2021

# cmd: legofit -1 -d 0 -t 32 --ptsPerDim 3 --stateOut b1boot33.state --tol 3e-6 -S 5000 abd2.lgo ../../boot/boot33.opf
# Stage nOptItr nSimReps
#     0    5000        0
# algorithm          : deterministic
# ignoring probs <=  : 0
# Branch length floor: 0
# DE strategy        : 2
#    F               : 0.3
#    CR              : 0.8
#    tolerance       : 3e-06
# nthreads           : 32
# lgo input file     : abd2.lgo
# site pat input file: ../../boot/boot33.opf
# free parameters    : 14
# points in DE swarm : 42
# output state file  : b1boot33.state
# Including singleton site patterns.
# cost function      : KL
Initial parameter values
Fixed:
      zero = 0
       one = 1
    Tbecnw = 75200
Free:
       pc1 = 0
       pc2 = 0
       pc3 = 0
       pc4 = 0
       pc5 = 0
       pc6 = 0
       pc7 = 0
       pc8 = 0
       pc9 = 0
      pc10 = 0
      pc11 = 0
      pc12 = 0
      pc13 = 0
      pc14 = 0
Constrained:
   Tgbecnw = 116080
     Tecnw = 24601.4
       Tnw = 13862.5
       Tec = 10357.5
     twoNb = 978862
     twoNc = 223816
    twoNec = 149786
    twoNnw = 63157.4
  twoNecnw = 76494
  twoNbecnw = 15315
  twoNgbecnw = 325005
         m = 0.109159
        m2 = 0.0111555
        m4 = 0.0235596
        Tb = 17479.5
        Ta = 46339.7
        Td = 5178.75
DiffEv reached_goal. cost=1.89194e-03 spread=2.63522e-06
Fitted parameter values
Free:
       pc1 = -1.22845
       pc2 = -3.68408
       pc3 = 1.8994
       pc4 = -0.676716
       pc5 = -1.04418
       pc6 = -0.749802
       pc7 = 0.869803
       pc8 = -0.108582
       pc9 = -0.0891875
      pc10 = 0.249087
      pc11 = 0.0222558
      pc12 = -0.0734563
      pc13 = -0.0677885
      pc14 = 0.0241578
Constrained:
   Tgbecnw = 93906
     Tecnw = 23636.2
       Tnw = 11391.6
       Tec = 5893.95
     twoNb = 847042
     twoNc = 260103
    twoNec = 191465
    twoNnw = 72495.4
  twoNecnw = 71743
  twoNbecnw = 7064.2
  twoNgbecnw = 364461
         m = 0.0864669
        m2 = 0.011559
        m4 = 0.0234422
        Tb = 14765.1
        Ta = 44982.5
        Td = 2946.97
#       SitePat  BranchLen
              b 125363.8652183
              e 49257.1918732
              c 50503.6693390
              n 46039.2649146
              w 46039.2649146
            b:e 2133.9102756
            b:c 2484.2774391
            b:n 1751.7431272
            b:w 1751.7431272
            e:c 10472.6790979
            e:n 5264.3398845
            e:w 5264.3398845
            c:n 5087.4949926
            c:w 5087.4949926
            n:w 12646.6705362
          b:e:c 1975.1686898
          b:e:n 1092.0961121
          b:e:w 1092.0961121
          b:c:n 1102.0025008
          b:c:w 1102.0025008
          b:n:w 1941.7573281
          e:c:n 4710.6753858
          e:c:w 4710.6753858
          e:n:w 6225.3479555
          c:n:w 5716.1655139
        b:e:c:n 1994.8362454
        b:e:c:w 1994.8362454
        b:e:n:w 3369.5840831
        b:c:n:w 2615.7987369
        e:c:n:w 52207.9407530
