########################################
# legofit: estimate population history #
#       version 2.3.4-4-g53f8760       #
########################################

# Program was compiled: Sep 21 2021 14:36:42
# Program was run: Sat Oct  9 14:06:29 2021

# cmd: legofit -1 -d 0 -t 32 --ptsPerDim 3 --stateOut b1boot39.state --tol 3e-6 -S 5000 abd2.lgo ../../boot/boot39.opf
# Stage nOptItr nSimReps
#     0    5000        0
# algorithm          : deterministic
# ignoring probs <=  : 0
# Branch length floor: 0
# DE strategy        : 2
#    F               : 0.3
#    CR              : 0.8
#    tolerance       : 3e-06
# nthreads           : 32
# lgo input file     : abd2.lgo
# site pat input file: ../../boot/boot39.opf
# free parameters    : 14
# points in DE swarm : 42
# output state file  : b1boot39.state
# Including singleton site patterns.
# cost function      : KL
Initial parameter values
Fixed:
      zero = 0
       one = 1
    Tbecnw = 75200
Free:
       pc1 = 0
       pc2 = 0
       pc3 = 0
       pc4 = 0
       pc5 = 0
       pc6 = 0
       pc7 = 0
       pc8 = 0
       pc9 = 0
      pc10 = 0
      pc11 = 0
      pc12 = 0
      pc13 = 0
      pc14 = 0
Constrained:
   Tgbecnw = 116080
     Tecnw = 24601.4
       Tnw = 13862.5
       Tec = 10357.5
     twoNb = 978862
     twoNc = 223816
    twoNec = 149786
    twoNnw = 63157.4
  twoNecnw = 76494
  twoNbecnw = 15315
  twoNgbecnw = 325005
         m = 0.109159
        m2 = 0.0111555
        m4 = 0.0235596
        Tb = 17479.5
        Ta = 46339.7
        Td = 5178.75
DiffEv reached_goal. cost=1.89029e-03 spread=2.58968e-06
Fitted parameter values
Free:
       pc1 = -2.03978
       pc2 = -3.4275
       pc3 = 1.71883
       pc4 = -1.25252
       pc5 = -1.86045
       pc6 = -1.38216
       pc7 = 0.327293
       pc8 = -0.536996
       pc9 = -0.160616
      pc10 = 0.390631
      pc11 = -0.0709742
      pc12 = -0.118567
      pc13 = 0.0142307
      pc14 = 0.000899651
Constrained:
   Tgbecnw = 91163.4
     Tecnw = 23340.7
       Tnw = 11169.9
       Tec = 7882.61
     twoNb = 701162
     twoNc = 126580
    twoNec = 160718
    twoNnw = 72633.4
  twoNecnw = 72108.4
  twoNbecnw = 6229.96
  twoNgbecnw = 343643
         m = 0.0908323
        m2 = 0.0118478
        m4 = 0.0229088
        Tb = 15611.7
        Ta = 45405.8
        Td = 3941.3
#       SitePat  BranchLen
              b 124573.9521950
              e 49024.5410653
              c 50206.7643410
              n 45882.8055225
              w 45882.8055225
            b:e 2142.5572242
            b:c 2508.0366917
            b:n 1762.0920077
            b:w 1762.0920077
            e:c 10497.9858401
            e:n 5260.2214233
            e:w 5260.2214233
            c:n 5086.2564705
            c:w 5086.2564705
            n:w 12648.4575530
          b:e:c 1989.4620542
          b:e:n 1093.8803297
          b:e:w 1093.8803297
          b:c:n 1104.4883643
          b:c:w 1104.4883643
          b:n:w 1954.1986722
          e:c:n 4737.1237790
          e:c:w 4737.1237790
          e:n:w 6210.8118754
          c:n:w 5702.9540588
        b:e:c:n 2011.8557869
        b:e:c:w 2011.8557869
        b:e:n:w 3329.5062166
        b:c:n:w 2616.3749502
        e:c:n:w 51657.6943300
