########################################
# legofit: estimate population history #
#       version 2.3.4-4-g53f8760       #
########################################

# Program was compiled: Sep 21 2021 14:36:42
# Program was run: Sat Oct  9 14:03:46 2021

# cmd: legofit -1 -d 0 -t 32 --ptsPerDim 3 --stateOut b1boot26.state --tol 3e-6 -S 5000 abd2.lgo ../../boot/boot26.opf
# Stage nOptItr nSimReps
#     0    5000        0
# algorithm          : deterministic
# ignoring probs <=  : 0
# Branch length floor: 0
# DE strategy        : 2
#    F               : 0.3
#    CR              : 0.8
#    tolerance       : 3e-06
# nthreads           : 32
# lgo input file     : abd2.lgo
# site pat input file: ../../boot/boot26.opf
# free parameters    : 14
# points in DE swarm : 42
# output state file  : b1boot26.state
# Including singleton site patterns.
# cost function      : KL
Initial parameter values
Fixed:
      zero = 0
       one = 1
    Tbecnw = 75200
Free:
       pc1 = 0
       pc2 = 0
       pc3 = 0
       pc4 = 0
       pc5 = 0
       pc6 = 0
       pc7 = 0
       pc8 = 0
       pc9 = 0
      pc10 = 0
      pc11 = 0
      pc12 = 0
      pc13 = 0
      pc14 = 0
Constrained:
   Tgbecnw = 116080
     Tecnw = 24601.4
       Tnw = 13862.5
       Tec = 10357.5
     twoNb = 978862
     twoNc = 223816
    twoNec = 149786
    twoNnw = 63157.4
  twoNecnw = 76494
  twoNbecnw = 15315
  twoNgbecnw = 325005
         m = 0.109159
        m2 = 0.0111555
        m4 = 0.0235596
        Tb = 17479.5
        Ta = 46339.7
        Td = 5178.75
DiffEv reached_goal. cost=1.89669e-03 spread=2.71524e-06
Fitted parameter values
Free:
       pc1 = -2.44118
       pc2 = -2.30361
       pc3 = 1.98963
       pc4 = 0.396
       pc5 = -1.26143
       pc6 = -0.351188
       pc7 = 0.431143
       pc8 = -0.102932
       pc9 = 0.0579024
      pc10 = 0.0479244
      pc11 = 0.0964591
      pc12 = -0.0103054
      pc13 = 0.0204943
      pc14 = -0.0173236
Constrained:
   Tgbecnw = 96317.5
     Tecnw = 23366.4
       Tnw = 13277.1
       Tec = 8402.3
     twoNb = 728486
     twoNc = 47477.1
    twoNec = 156489
    twoNnw = 59572
  twoNecnw = 73605.2
  twoNbecnw = 7692.59
  twoNgbecnw = 393743
         m = 0.0797321
        m2 = 0.0107357
        m4 = 0.0234616
        Tb = 15884.3
        Ta = 45542.2
        Td = 4201.15
#       SitePat  BranchLen
              b 125493.9100859
              e 49408.8087692
              c 50644.6274714
              n 46348.7164884
              w 46348.7164884
            b:e 2145.9304753
            b:c 2506.1412188
            b:n 1777.2527029
            b:w 1777.2527029
            e:c 10563.9212234
            e:n 5298.3699877
            e:w 5298.3699877
            c:n 5119.8958609
            c:w 5119.8958609
            n:w 12638.9920401
          b:e:c 2009.8112864
          b:e:n 1103.1573119
          b:e:w 1103.1573119
          b:c:n 1113.8728483
          b:c:w 1113.8728483
          b:n:w 1974.7018736
          e:c:n 4743.1039437
          e:c:w 4743.1039437
          e:n:w 6215.7663190
          c:n:w 5709.1231009
        b:e:c:n 2028.3874653
        b:e:c:w 2028.3874653
        b:e:n:w 3372.8048016
        b:c:n:w 2618.9356153
        e:c:n:w 52104.4959214
