########################################
# legofit: estimate population history #
#       version 2.3.4-4-g53f8760       #
########################################

# Program was compiled: Sep 21 2021 14:36:42
# Program was run: Sat Oct  9 13:59:49 2021

# cmd: legofit -1 -d 0 -t 32 --ptsPerDim 3 --stateOut b1boot1.state --tol 3e-6 -S 5000 abd2.lgo ../../boot/boot1.opf
# Stage nOptItr nSimReps
#     0    5000        0
# algorithm          : deterministic
# ignoring probs <=  : 0
# Branch length floor: 0
# DE strategy        : 2
#    F               : 0.3
#    CR              : 0.8
#    tolerance       : 3e-06
# nthreads           : 32
# lgo input file     : abd2.lgo
# site pat input file: ../../boot/boot1.opf
# free parameters    : 14
# points in DE swarm : 42
# output state file  : b1boot1.state
# Including singleton site patterns.
# cost function      : KL
Initial parameter values
Fixed:
      zero = 0
       one = 1
    Tbecnw = 75200
Free:
       pc1 = 0
       pc2 = 0
       pc3 = 0
       pc4 = 0
       pc5 = 0
       pc6 = 0
       pc7 = 0
       pc8 = 0
       pc9 = 0
      pc10 = 0
      pc11 = 0
      pc12 = 0
      pc13 = 0
      pc14 = 0
Constrained:
   Tgbecnw = 116080
     Tecnw = 24601.4
       Tnw = 13862.5
       Tec = 10357.5
     twoNb = 978862
     twoNc = 223816
    twoNec = 149786
    twoNnw = 63157.4
  twoNecnw = 76494
  twoNbecnw = 15315
  twoNgbecnw = 325005
         m = 0.109159
        m2 = 0.0111555
        m4 = 0.0235596
        Tb = 17479.5
        Ta = 46339.7
        Td = 5178.75
DiffEv reached_goal. cost=1.90224e-03 spread=2.60850e-06
Fitted parameter values
Free:
       pc1 = -1.12825
       pc2 = -3.80449
       pc3 = 1.72378
       pc4 = -1.21669
       pc5 = -1.37814
       pc6 = 0.332858
       pc7 = 1.59216
       pc8 = -0.249357
       pc9 = -0.258633
      pc10 = 0.0931535
      pc11 = 0.181083
      pc12 = -0.0753262
      pc13 = -0.0512658
      pc14 = 0.0118862
Constrained:
   Tgbecnw = 93975.9
     Tecnw = 23736.5
       Tnw = 11490.7
       Tec = 5132.7
     twoNb = 736690
     twoNc = 176445
    twoNec = 196625
    twoNnw = 72653.2
  twoNecnw = 71475
  twoNbecnw = 7093.47
  twoNgbecnw = 366465
         m = 0.0848392
        m2 = 0.0124025
        m4 = 0.0239468
        Tb = 14434.6
        Ta = 44817.3
        Td = 2566.35
#       SitePat  BranchLen
              b 125024.0395853
              e 49248.4418025
              c 50494.5942085
              n 46118.4328182
              w 46118.4328182
            b:e 2156.6500607
            b:c 2533.0412145
            b:n 1762.6752296
            b:w 1762.6752296
            e:c 10552.5950279
            e:n 5255.7250774
            e:w 5255.7250774
            c:n 5074.6161063
            c:w 5074.6161063
            n:w 12647.2371907
          b:e:c 1992.4516478
          b:e:n 1096.7254908
          b:e:w 1096.7254908
          b:c:n 1107.6733339
          b:c:w 1107.6733339
          b:n:w 1956.5289619
          e:c:n 4720.4072982
          e:c:w 4720.4072982
          e:n:w 6246.7018225
          c:n:w 5720.0687285
        b:e:c:n 2009.3056201
        b:e:c:w 2009.3056201
        b:e:n:w 3400.6581153
        b:c:n:w 2645.0697446
        e:c:n:w 51899.3734687
