########################################
# legofit: estimate population history #
#       version 2.3.4-4-g53f8760       #
########################################

# Program was compiled: Sep 21 2021 14:36:42
# Program was run: Sat Oct  9 14:01:52 2021

# cmd: legofit -1 -d 0 -t 32 --ptsPerDim 3 --stateOut b1boot14.state --tol 3e-6 -S 5000 abd2.lgo ../../boot/boot14.opf
# Stage nOptItr nSimReps
#     0    5000        0
# algorithm          : deterministic
# ignoring probs <=  : 0
# Branch length floor: 0
# DE strategy        : 2
#    F               : 0.3
#    CR              : 0.8
#    tolerance       : 3e-06
# nthreads           : 32
# lgo input file     : abd2.lgo
# site pat input file: ../../boot/boot14.opf
# free parameters    : 14
# points in DE swarm : 42
# output state file  : b1boot14.state
# Including singleton site patterns.
# cost function      : KL
Initial parameter values
Fixed:
      zero = 0
       one = 1
    Tbecnw = 75200
Free:
       pc1 = 0
       pc2 = 0
       pc3 = 0
       pc4 = 0
       pc5 = 0
       pc6 = 0
       pc7 = 0
       pc8 = 0
       pc9 = 0
      pc10 = 0
      pc11 = 0
      pc12 = 0
      pc13 = 0
      pc14 = 0
Constrained:
   Tgbecnw = 116080
     Tecnw = 24601.4
       Tnw = 13862.5
       Tec = 10357.5
     twoNb = 978862
     twoNc = 223816
    twoNec = 149786
    twoNnw = 63157.4
  twoNecnw = 76494
  twoNbecnw = 15315
  twoNgbecnw = 325005
         m = 0.109159
        m2 = 0.0111555
        m4 = 0.0235596
        Tb = 17479.5
        Ta = 46339.7
        Td = 5178.75
DiffEv reached_goal. cost=1.90364e-03 spread=2.96549e-06
Fitted parameter values
Free:
       pc1 = -2.42658
       pc2 = -1.76098
       pc3 = 1.91444
       pc4 = 0.106931
       pc5 = -0.688219
       pc6 = -0.00709559
       pc7 = 1.39348
       pc8 = -0.268006
       pc9 = -0.12898
      pc10 = 0.0583211
      pc11 = 0.0502738
      pc12 = -0.00701245
      pc13 = -0.0528759
      pc14 = -0.00110583
Constrained:
   Tgbecnw = 98111.7
     Tecnw = 23235.2
       Tnw = 14481.7
       Tec = 8013.2
     twoNb = 655623
     twoNc = 155143
    twoNec = 163401
    twoNnw = 50859.6
  twoNecnw = 74355
  twoNbecnw = 8387.34
  twoNgbecnw = 381683
         m = 0.0839361
        m2 = 0.0112375
        m4 = 0.0237672
        Tb = 15624.2
        Ta = 45412.1
        Td = 4006.6
#       SitePat  BranchLen
              b 126348.6990424
              e 49617.7535612
              c 50865.5939983
              n 46442.2506861
              w 46442.2506861
            b:e 2171.5890246
            b:c 2556.9483205
            b:n 1772.9518745
            b:w 1772.9518745
            e:c 10571.3236659
            e:n 5333.8136688
            e:w 5333.8136688
            c:n 5151.9687770
            c:w 5151.9687770
            n:w 12689.7675170
          b:e:c 2015.0449478
          b:e:n 1104.6571399
          b:e:w 1104.6571399
          b:c:n 1115.7213766
          b:c:w 1115.7213766
          b:n:w 1977.5093151
          e:c:n 4740.4227109
          e:c:w 4740.4227109
          e:n:w 6304.0176255
          c:n:w 5778.4675373
        b:e:c:n 2022.2966336
        b:e:c:w 2022.2966336
        b:e:n:w 3414.3528370
        b:c:n:w 2648.2643468
        e:c:n:w 52667.2001403
