########################################
# legofit: estimate population history #
#       version 2.3.4-4-g53f8760       #
########################################

# Program was compiled: Sep 21 2021 14:36:42
# Program was run: Sat Oct  9 14:06:55 2021

# cmd: legofit -1 -d 0 -t 32 --ptsPerDim 3 --stateOut b1boot42.state --tol 3e-6 -S 5000 abd2.lgo ../../boot/boot42.opf
# Stage nOptItr nSimReps
#     0    5000        0
# algorithm          : deterministic
# ignoring probs <=  : 0
# Branch length floor: 0
# DE strategy        : 2
#    F               : 0.3
#    CR              : 0.8
#    tolerance       : 3e-06
# nthreads           : 32
# lgo input file     : abd2.lgo
# site pat input file: ../../boot/boot42.opf
# free parameters    : 14
# points in DE swarm : 42
# output state file  : b1boot42.state
# Including singleton site patterns.
# cost function      : KL
Initial parameter values
Fixed:
      zero = 0
       one = 1
    Tbecnw = 75200
Free:
       pc1 = 0
       pc2 = 0
       pc3 = 0
       pc4 = 0
       pc5 = 0
       pc6 = 0
       pc7 = 0
       pc8 = 0
       pc9 = 0
      pc10 = 0
      pc11 = 0
      pc12 = 0
      pc13 = 0
      pc14 = 0
Constrained:
   Tgbecnw = 116080
     Tecnw = 24601.4
       Tnw = 13862.5
       Tec = 10357.5
     twoNb = 978862
     twoNc = 223816
    twoNec = 149786
    twoNnw = 63157.4
  twoNecnw = 76494
  twoNbecnw = 15315
  twoNgbecnw = 325005
         m = 0.109159
        m2 = 0.0111555
        m4 = 0.0235596
        Tb = 17479.5
        Ta = 46339.7
        Td = 5178.75
DiffEv reached_goal. cost=1.91840e-03 spread=2.01719e-06
Fitted parameter values
Free:
       pc1 = -2.39561
       pc2 = -2.11753
       pc3 = 1.24887
       pc4 = -0.740808
       pc5 = -1.97032
       pc6 = -1.32249
       pc7 = 1.01758
       pc8 = -0.467913
       pc9 = -0.272808
      pc10 = 0.197577
      pc11 = 0.0859445
      pc12 = -0.0887208
      pc13 = -0.0194704
      pc14 = 0.0143331
Constrained:
   Tgbecnw = 95020.5
     Tecnw = 23357.4
       Tnw = 13420.8
       Tec = 8049.57
     twoNb = 741147
     twoNc = 32017.8
    twoNec = 160041
    twoNnw = 57889.7
  twoNecnw = 73986.6
  twoNbecnw = 7526.74
  twoNgbecnw = 350035
         m = 0.0920973
        m2 = 0.0119822
        m4 = 0.0228979
        Tb = 15703.5
        Ta = 45451.8
        Td = 4024.79
#       SitePat  BranchLen
              b 125865.5641400
              e 49524.8078017
              c 50730.7847321
              n 46344.2860983
              w 46344.2860983
            b:e 2143.1451314
            b:c 2500.2089743
            b:n 1751.1344554
            b:w 1751.1344554
            e:c 10579.5688714
            e:n 5278.0336485
            e:w 5278.0336485
            c:n 5104.7242830
            c:w 5104.7242830
            n:w 12702.2989063
          b:e:c 1991.1800857
          b:e:n 1087.9853071
          b:e:w 1087.9853071
          b:c:n 1097.7698867
          b:c:w 1097.7698867
          b:n:w 1957.5826635
          e:c:n 4712.3536161
          e:c:w 4712.3536161
          e:n:w 6227.0102458
          c:n:w 5725.8935440
        b:e:c:n 1998.2976776
        b:e:c:w 1998.2976776
        b:e:n:w 3366.5570840
        b:c:n:w 2631.6824030
        e:c:n:w 52340.6856880
