########################################
# legofit: estimate population history #
#       version 2.3.4-4-g53f8760       #
########################################

# Program was compiled: Sep 21 2021 14:36:42
# Program was run: Sat Oct  9 14:03:40 2021

# cmd: legofit -1 -d 0 -t 32 --ptsPerDim 3 --stateOut b1boot25.state --tol 3e-6 -S 5000 abd2.lgo ../../boot/boot25.opf
# Stage nOptItr nSimReps
#     0    5000        0
# algorithm          : deterministic
# ignoring probs <=  : 0
# Branch length floor: 0
# DE strategy        : 2
#    F               : 0.3
#    CR              : 0.8
#    tolerance       : 3e-06
# nthreads           : 32
# lgo input file     : abd2.lgo
# site pat input file: ../../boot/boot25.opf
# free parameters    : 14
# points in DE swarm : 42
# output state file  : b1boot25.state
# Including singleton site patterns.
# cost function      : KL
Initial parameter values
Fixed:
      zero = 0
       one = 1
    Tbecnw = 75200
Free:
       pc1 = 0
       pc2 = 0
       pc3 = 0
       pc4 = 0
       pc5 = 0
       pc6 = 0
       pc7 = 0
       pc8 = 0
       pc9 = 0
      pc10 = 0
      pc11 = 0
      pc12 = 0
      pc13 = 0
      pc14 = 0
Constrained:
   Tgbecnw = 116080
     Tecnw = 24601.4
       Tnw = 13862.5
       Tec = 10357.5
     twoNb = 978862
     twoNc = 223816
    twoNec = 149786
    twoNnw = 63157.4
  twoNecnw = 76494
  twoNbecnw = 15315
  twoNgbecnw = 325005
         m = 0.109159
        m2 = 0.0111555
        m4 = 0.0235596
        Tb = 17479.5
        Ta = 46339.7
        Td = 5178.75
DiffEv reached_goal. cost=1.91542e-03 spread=2.88486e-06
Fitted parameter values
Free:
       pc1 = -2.18907
       pc2 = -3.05261
       pc3 = 1.91287
       pc4 = 0.0364053
       pc5 = -0.319152
       pc6 = -1.66843
       pc7 = 0.872875
       pc8 = 0.0109321
       pc9 = -0.308788
      pc10 = 0.124296
      pc11 = 0.029421
      pc12 = -0.0293603
      pc13 = -0.0865639
      pc14 = 0.0339607
Constrained:
   Tgbecnw = 93809
     Tecnw = 23484.3
       Tnw = 13345.9
       Tec = 7029.22
     twoNb = 796744
     twoNc = 367582
    twoNec = 179053
    twoNnw = 58569
  twoNecnw = 72164.3
  twoNbecnw = 6895.44
  twoNgbecnw = 382086
         m = 0.0811728
        m2 = 0.0109239
        m4 = 0.0230288
        Tb = 15256.8
        Ta = 45228.4
        Td = 3514.61
#       SitePat  BranchLen
              b 124768.4953686
              e 49238.4779509
              c 50450.3904589
              n 46001.9472438
              w 46001.9472438
            b:e 2127.9661911
            b:c 2472.2301879
            b:n 1741.1176969
            b:w 1741.1176969
            e:c 10426.9234161
            e:n 5245.9324767
            e:w 5245.9324767
            c:n 5072.5977571
            c:w 5072.5977571
            n:w 12596.8747210
          b:e:c 1979.6574274
          b:e:n 1086.6886286
          b:e:w 1086.6886286
          b:c:n 1096.8223622
          b:c:w 1096.8223622
          b:n:w 1943.7973879
          e:c:n 4678.8377266
          e:c:w 4678.8377266
          e:n:w 6214.2331286
          c:n:w 5718.0978178
        b:e:c:n 1985.7531339
        b:e:c:w 1985.7531339
        b:e:n:w 3332.6214004
        b:c:n:w 2598.9820360
        e:c:n:w 51730.2104030
