########################################
# legofit: estimate population history #
#       version 2.3.4-4-g53f8760       #
########################################

# Program was compiled: Sep 21 2021 14:36:42
# Program was run: Sat Oct  9 14:02:07 2021

# cmd: legofit -1 -d 0 -t 32 --ptsPerDim 3 --stateOut b1boot15.state --tol 3e-6 -S 5000 abd2.lgo ../../boot/boot15.opf
# Stage nOptItr nSimReps
#     0    5000        0
# algorithm          : deterministic
# ignoring probs <=  : 0
# Branch length floor: 0
# DE strategy        : 2
#    F               : 0.3
#    CR              : 0.8
#    tolerance       : 3e-06
# nthreads           : 32
# lgo input file     : abd2.lgo
# site pat input file: ../../boot/boot15.opf
# free parameters    : 14
# points in DE swarm : 42
# output state file  : b1boot15.state
# Including singleton site patterns.
# cost function      : KL
Initial parameter values
Fixed:
      zero = 0
       one = 1
    Tbecnw = 75200
Free:
       pc1 = 0
       pc2 = 0
       pc3 = 0
       pc4 = 0
       pc5 = 0
       pc6 = 0
       pc7 = 0
       pc8 = 0
       pc9 = 0
      pc10 = 0
      pc11 = 0
      pc12 = 0
      pc13 = 0
      pc14 = 0
Constrained:
   Tgbecnw = 116080
     Tecnw = 24601.4
       Tnw = 13862.5
       Tec = 10357.5
     twoNb = 978862
     twoNc = 223816
    twoNec = 149786
    twoNnw = 63157.4
  twoNecnw = 76494
  twoNbecnw = 15315
  twoNgbecnw = 325005
         m = 0.109159
        m2 = 0.0111555
        m4 = 0.0235596
        Tb = 17479.5
        Ta = 46339.7
        Td = 5178.75
DiffEv reached_goal. cost=1.91881e-03 spread=2.66905e-06
Fitted parameter values
Free:
       pc1 = -2.44283
       pc2 = -3.45861
       pc3 = 1.89586
       pc4 = 0.335199
       pc5 = -1.64489
       pc6 = -0.993719
       pc7 = 0.4912
       pc8 = -0.442874
       pc9 = 0.183418
      pc10 = 0.0660783
      pc11 = 0.00425813
      pc12 = -0.019429
      pc13 = 0.00619382
      pc14 = 0.022391
Constrained:
   Tgbecnw = 92769.7
     Tecnw = 23282
       Tnw = 12110.8
       Tec = 6264.37
     twoNb = 630151
     twoNc = 54177.1
    twoNec = 181084
    twoNnw = 65681
  twoNecnw = 72459.1
  twoNbecnw = 6363.94
  twoNgbecnw = 405746
         m = 0.0766232
        m2 = 0.010886
        m4 = 0.0230899
        Tb = 14773.2
        Ta = 44986.6
        Td = 3132.18
#       SitePat  BranchLen
              b 124404.8571960
              e 48940.7698678
              c 50124.2242670
              n 45835.9062692
              w 45835.9062692
            b:e 2108.0242163
            b:c 2482.3276711
            b:n 1729.9453397
            b:w 1729.9453397
            e:c 10481.5197647
            e:n 5237.7171584
            e:w 5237.7171584
            c:n 5062.4435928
            c:w 5062.4435928
            n:w 12590.8687401
          b:e:c 1962.8149870
          b:e:n 1077.3722709
          b:e:w 1077.3722709
          b:c:n 1088.9569054
          b:c:w 1088.9569054
          b:n:w 1924.1140927
          e:c:n 4670.3842873
          e:c:w 4670.3842873
          e:n:w 6159.2484034
          c:n:w 5655.2108203
        b:e:c:n 1979.3688322
        b:e:c:w 1979.3688322
        b:e:n:w 3296.8682213
        b:c:n:w 2570.5256873
        e:c:n:w 51621.8883915
