########################################
# legofit: estimate population history #
#       version 2.3.4-4-g53f8760       #
########################################

# Program was compiled: Sep 21 2021 14:36:42
# Program was run: Sat Oct  9 14:04:48 2021

# cmd: legofit -1 -d 0 -t 32 --ptsPerDim 3 --stateOut b1boot30.state --tol 3e-6 -S 5000 abd2.lgo ../../boot/boot30.opf
# Stage nOptItr nSimReps
#     0    5000        0
# algorithm          : deterministic
# ignoring probs <=  : 0
# Branch length floor: 0
# DE strategy        : 2
#    F               : 0.3
#    CR              : 0.8
#    tolerance       : 3e-06
# nthreads           : 32
# lgo input file     : abd2.lgo
# site pat input file: ../../boot/boot30.opf
# free parameters    : 14
# points in DE swarm : 42
# output state file  : b1boot30.state
# Including singleton site patterns.
# cost function      : KL
Initial parameter values
Fixed:
      zero = 0
       one = 1
    Tbecnw = 75200
Free:
       pc1 = 0
       pc2 = 0
       pc3 = 0
       pc4 = 0
       pc5 = 0
       pc6 = 0
       pc7 = 0
       pc8 = 0
       pc9 = 0
      pc10 = 0
      pc11 = 0
      pc12 = 0
      pc13 = 0
      pc14 = 0
Constrained:
   Tgbecnw = 116080
     Tecnw = 24601.4
       Tnw = 13862.5
       Tec = 10357.5
     twoNb = 978862
     twoNc = 223816
    twoNec = 149786
    twoNnw = 63157.4
  twoNecnw = 76494
  twoNbecnw = 15315
  twoNgbecnw = 325005
         m = 0.109159
        m2 = 0.0111555
        m4 = 0.0235596
        Tb = 17479.5
        Ta = 46339.7
        Td = 5178.75
DiffEv reached_goal. cost=1.94344e-03 spread=2.84419e-06
Fitted parameter values
Free:
       pc1 = -3.02514
       pc2 = -3.05454
       pc3 = 1.98376
       pc4 = -1.62763
       pc5 = -1.83978
       pc6 = -0.00261224
       pc7 = 1.47163
       pc8 = -0.248783
       pc9 = 0.294893
      pc10 = 0.0484322
      pc11 = 0.220726
      pc12 = -0.0636624
      pc13 = -0.04794
      pc14 = 0.0313465
Constrained:
   Tgbecnw = 89923.8
     Tecnw = 22919.6
       Tnw = 12325.9
       Tec = 8724.26
     twoNb = 619759
     twoNc = 67403.6
    twoNec = 147184
    twoNnw = 62503.6
  twoNecnw = 73413.2
  twoNbecnw = 5366.33
  twoNgbecnw = 407043
         m = 0.0779456
        m2 = 0.0125766
        m4 = 0.0236395
        Tb = 15821.9
        Ta = 45511
        Td = 4362.13
#       SitePat  BranchLen
              b 124355.8591265
              e 48915.9118849
              c 50130.7122512
              n 45729.1604364
              w 45729.1604364
            b:e 2123.0769129
            b:c 2504.3327484
            b:n 1731.2230316
            b:w 1731.2230316
            e:c 10427.7258784
            e:n 5232.7051252
            e:w 5232.7051252
            c:n 5053.6837190
            c:w 5053.6837190
            n:w 12592.6114384
          b:e:c 1974.1625551
          b:e:n 1078.4730460
          b:e:w 1078.4730460
          b:c:n 1090.4997412
          b:c:w 1090.4997412
          b:n:w 1934.5814199
          e:c:n 4653.2466656
          e:c:w 4653.2466656
          e:n:w 6147.6441320
          c:n:w 5635.0524849
        b:e:c:n 1990.9388387
        b:e:c:w 1990.9388387
        b:e:n:w 3378.9039759
        b:c:n:w 2629.4287103
        e:c:n:w 51804.4622734
