########################################
# legofit: estimate population history #
#       version 2.3.4-4-g53f8760       #
########################################

# Program was compiled: Sep 21 2021 14:36:42
# Program was run: Sun Oct 10 17:40:54 2021

# cmd: legofit -1 -d 0 -t 32 --ptsPerDim 3 --stateOut b1boot7.state --tol 3e-6 -S 5000 abf2.lgo ../../chrX/boot_chrX/boot7.opf
# Stage nOptItr nSimReps
#     0    5000        0
# algorithm          : deterministic
# ignoring probs <=  : 0
# Branch length floor: 0
# DE strategy        : 2
#    F               : 0.3
#    CR              : 0.8
#    tolerance       : 3e-06
# nthreads           : 32
# lgo input file     : abf2.lgo
# site pat input file: ../../chrX/boot_chrX/boot7.opf
# free parameters    : 15
# points in DE swarm : 45
# output state file  : b1boot7.state
# Including singleton site patterns.
# cost function      : KL
Initial parameter values
Fixed:
      zero = 0
       one = 1
    Tbecnw = 75200
Free:
       pc1 = 0
       pc2 = 0
       pc3 = 0
       pc4 = 0
       pc5 = 0
       pc6 = 0
       pc7 = 0
       pc8 = 0
       pc9 = 0
      pc10 = 0
      pc11 = 0
      pc12 = 0
      pc13 = 0
      pc14 = 0
      pc15 = 0
Constrained:
   Tgbecnw = 151822
     Tecnw = 24321.1
       Tnw = 19458.3
       Tec = 1495.2
     twoNb = 727536
     twoNc = 193811
     twoNw = 3.63889e+06
    twoNec = 161173
    twoNnw = 23580.2
  twoNecnw = 66649.9
  twoNbecnw = 15952
  twoNgbecnw = 263627
         m = 0.108954
        m2 = 0.0192472
        m6 = 1.19293e-06
        Tb = 12908.2
        Ta = 44054.1
        Tf = 747.601
DiffEv reached_goal. cost=2.51692e-03 spread=2.89840e-06
Fitted parameter values
Free:
       pc1 = -1.58824
       pc2 = 0.622291
       pc3 = 0.396518
       pc4 = 0.317359
       pc5 = -1.94414
       pc6 = 1.49486
       pc7 = 0.0612846
       pc8 = 0.919546
       pc9 = 1.55144
      pc10 = -0.074658
      pc11 = 0.814996
      pc12 = 0.253414
      pc13 = 0.0874565
      pc14 = -0.0537912
      pc15 = -0.0371124
Constrained:
   Tgbecnw = 109212
     Tecnw = 23728.9
       Tnw = 17027.9
       Tec = 820.552
     twoNb = 1.50249e+06
     twoNc = 132102
     twoNw = 2.71512e+06
    twoNec = 157393
    twoNnw = 33622.4
  twoNecnw = 64226.6
  twoNbecnw = 11115.9
  twoNgbecnw = 275481
         m = 0.0979785
        m2 = 0.0195932
        m6 = 2.82468e-06
        Tb = 12274.7
        Ta = 43737.4
        Tf = 410.276
#       SitePat  BranchLen
              b 119310.0279348
              e 45670.1141777
              c 45670.0784319
              n 44113.5023019
              w 44113.5016159
            b:e 1353.1870828
            b:c 1353.1843936
            b:n 1074.1454839
            b:w 1074.1454550
            e:c 11933.1663167
            e:n 4399.5455179
            e:w 4399.5453661
            c:n 4399.5547489
            c:w 4399.5554349
            n:w 12276.7480322
          b:e:c 1279.8475588
          b:e:n 601.2775133
          b:e:w 601.2774830
          b:c:n 601.2774383
          b:c:w 601.2774672
          b:n:w 1295.7797267
          e:c:n 4407.2039413
          e:c:w 4407.2040931
          e:n:w 5250.8890283
          c:n:w 5250.9044310
        b:e:c:n 1161.3233901
        b:e:c:w 1161.3234204
        b:e:n:w 1793.7496996
        b:c:n:w 1793.7535228
        e:c:n:w 46635.9231492
