########################################
# legofit: estimate population history #
#       version 2.3.4-4-g53f8760       #
########################################

# Program was compiled: Sep 21 2021 14:36:42
# Program was run: Sun Oct 10 17:47:30 2021

# cmd: legofit -1 -d 0 -t 32 --ptsPerDim 3 --stateOut b1boot28.state --tol 3e-6 -S 5000 abf2.lgo ../../chrX/boot_chrX/boot28.opf
# Stage nOptItr nSimReps
#     0    5000        0
# algorithm          : deterministic
# ignoring probs <=  : 0
# Branch length floor: 0
# DE strategy        : 2
#    F               : 0.3
#    CR              : 0.8
#    tolerance       : 3e-06
# nthreads           : 32
# lgo input file     : abf2.lgo
# site pat input file: ../../chrX/boot_chrX/boot28.opf
# free parameters    : 15
# points in DE swarm : 45
# output state file  : b1boot28.state
# Including singleton site patterns.
# cost function      : KL
Initial parameter values
Fixed:
      zero = 0
       one = 1
    Tbecnw = 75200
Free:
       pc1 = 0
       pc2 = 0
       pc3 = 0
       pc4 = 0
       pc5 = 0
       pc6 = 0
       pc7 = 0
       pc8 = 0
       pc9 = 0
      pc10 = 0
      pc11 = 0
      pc12 = 0
      pc13 = 0
      pc14 = 0
      pc15 = 0
Constrained:
   Tgbecnw = 151822
     Tecnw = 24321.1
       Tnw = 19458.3
       Tec = 1495.2
     twoNb = 727536
     twoNc = 193811
     twoNw = 3.63889e+06
    twoNec = 161173
    twoNnw = 23580.2
  twoNecnw = 66649.9
  twoNbecnw = 15952
  twoNgbecnw = 263627
         m = 0.108954
        m2 = 0.0192472
        m6 = 1.19293e-06
        Tb = 12908.2
        Ta = 44054.1
        Tf = 747.601
DiffEv reached_goal. cost=2.43485e-03 spread=2.98299e-06
Fitted parameter values
Free:
       pc1 = -1.98353
       pc2 = -0.820924
       pc3 = 1.07299
       pc4 = -1.95049
       pc5 = -0.616886
       pc6 = -0.341643
       pc7 = 0.245888
       pc8 = 0.555441
       pc9 = 1.78283
      pc10 = -1.27058
      pc11 = 0.875308
      pc12 = -0.172124
      pc13 = 0.0850139
      pc14 = 0.0471391
      pc15 = 0.0818935
Constrained:
   Tgbecnw = 116941
     Tecnw = 23928.2
       Tnw = 17479.5
       Tec = 305.93
     twoNb = 978763
     twoNc = 535001
     twoNw = 2.36428e+06
    twoNec = 169702
    twoNnw = 30801.6
  twoNecnw = 63370.2
  twoNbecnw = 12474.4
  twoNgbecnw = 325454
         m = 0.0837427
        m2 = 0.0191445
        m6 = 4.8543e-06
        Tb = 12117
        Ta = 43658.5
        Tf = 152.965
#       SitePat  BranchLen
              b 120215.4383446
              e 45875.8660313
              c 45875.8027844
              n 43907.1353087
              w 43907.1339096
            b:e 1349.0676043
            b:c 1349.0628526
            b:n 1035.3082884
            b:w 1035.3082310
            e:c 11775.2026805
            e:n 4369.6862240
            e:w 4369.6859154
            c:n 4369.7022580
            c:w 4369.7036570
            n:w 12400.5072886
          b:e:c 1251.4102410
          b:e:n 583.1470201
          b:e:w 583.1469600
          b:c:n 583.1468872
          b:c:w 583.1469446
          b:n:w 1263.4431495
          e:c:n 4336.1490460
          e:c:w 4336.1493546
          e:n:w 5322.4375198
          c:n:w 5322.4652577
        b:e:c:n 1112.9935192
        b:e:c:w 1112.9935793
        b:e:n:w 1771.8074271
        b:c:n:w 1771.8140604
        e:c:n:w 47451.4921058
