########################################
# legofit: estimate population history #
#       version 2.3.4-4-g53f8760       #
########################################

# Program was compiled: Sep 21 2021 14:36:42
# Program was run: Sun Oct 10 17:45:01 2021

# cmd: legofit -1 -d 0 -t 32 --ptsPerDim 3 --stateOut b1boot21.state --tol 3e-6 -S 5000 abf2.lgo ../../chrX/boot_chrX/boot21.opf
# Stage nOptItr nSimReps
#     0    5000        0
# algorithm          : deterministic
# ignoring probs <=  : 0
# Branch length floor: 0
# DE strategy        : 2
#    F               : 0.3
#    CR              : 0.8
#    tolerance       : 3e-06
# nthreads           : 32
# lgo input file     : abf2.lgo
# site pat input file: ../../chrX/boot_chrX/boot21.opf
# free parameters    : 15
# points in DE swarm : 45
# output state file  : b1boot21.state
# Including singleton site patterns.
# cost function      : KL
Initial parameter values
Fixed:
      zero = 0
       one = 1
    Tbecnw = 75200
Free:
       pc1 = 0
       pc2 = 0
       pc3 = 0
       pc4 = 0
       pc5 = 0
       pc6 = 0
       pc7 = 0
       pc8 = 0
       pc9 = 0
      pc10 = 0
      pc11 = 0
      pc12 = 0
      pc13 = 0
      pc14 = 0
      pc15 = 0
Constrained:
   Tgbecnw = 151822
     Tecnw = 24321.1
       Tnw = 19458.3
       Tec = 1495.2
     twoNb = 727536
     twoNc = 193811
     twoNw = 3.63889e+06
    twoNec = 161173
    twoNnw = 23580.2
  twoNecnw = 66649.9
  twoNbecnw = 15952
  twoNgbecnw = 263627
         m = 0.108954
        m2 = 0.0192472
        m6 = 1.19293e-06
        Tb = 12908.2
        Ta = 44054.1
        Tf = 747.601
DiffEv reached_goal. cost=2.55427e-03 spread=2.66415e-06
Fitted parameter values
Free:
       pc1 = -0.667301
       pc2 = -0.595003
       pc3 = 1.24225
       pc4 = -0.749315
       pc5 = -0.343012
       pc6 = 0.431305
       pc7 = -1.11124
       pc8 = 0.0302321
       pc9 = 0.577427
      pc10 = -0.716753
      pc11 = 0.481737
      pc12 = -0.117646
      pc13 = -0.242487
      pc14 = 0.136934
      pc15 = 0.111221
Constrained:
   Tgbecnw = 134637
     Tecnw = 24355.6
       Tnw = 18737
       Tec = 51.0631
     twoNb = 890439
     twoNc = 241959
     twoNw = 1.25369e+06
    twoNec = 173773
    twoNnw = 25923.1
  twoNecnw = 65187.9
  twoNbecnw = 16887.3
  twoNgbecnw = 297632
         m = 0.0904471
        m2 = 0.0183524
        m6 = 3.92878e-06
        Tb = 12203.3
        Ta = 43701.7
        Tf = 25.5316
#       SitePat  BranchLen
              b 122944.6055266
              e 46841.6409286
              c 46841.5868787
              n 44797.9759817
              w 44797.9736599
            b:e 1397.8867311
            b:c 1397.8826303
            b:n 1065.7841510
            b:w 1065.7840544
            e:c 12160.9220625
            e:n 4451.5367485
            e:w 4451.5362315
            c:n 4451.5496420
            c:w 4451.5519638
            n:w 12804.7714029
          b:e:c 1293.5274405
          b:e:n 594.4447624
          b:e:w 594.4446621
          b:c:n 594.4446150
          b:c:w 594.4447116
          b:n:w 1307.4748436
          e:c:n 4430.7483655
          e:c:w 4430.7488824
          e:n:w 5489.5217122
          c:n:w 5489.5457965
        b:e:c:n 1128.0753270
        b:e:c:w 1128.0754272
        b:e:n:w 1787.2305420
        b:c:n:w 1787.2360804
        e:c:n:w 48501.0018144
