########################################
# legofit: estimate population history #
#       version 2.3.4-4-g53f8760       #
########################################

# Program was compiled: Sep 21 2021 14:36:42
# Program was run: Sun Oct 10 17:53:11 2021

# cmd: legofit -1 -d 0 -t 32 --ptsPerDim 3 --stateOut b1boot46.state --tol 3e-6 -S 5000 abf2.lgo ../../chrX/boot_chrX/boot46.opf
# Stage nOptItr nSimReps
#     0    5000        0
# algorithm          : deterministic
# ignoring probs <=  : 0
# Branch length floor: 0
# DE strategy        : 2
#    F               : 0.3
#    CR              : 0.8
#    tolerance       : 3e-06
# nthreads           : 32
# lgo input file     : abf2.lgo
# site pat input file: ../../chrX/boot_chrX/boot46.opf
# free parameters    : 15
# points in DE swarm : 45
# output state file  : b1boot46.state
# Including singleton site patterns.
# cost function      : KL
Initial parameter values
Fixed:
      zero = 0
       one = 1
    Tbecnw = 75200
Free:
       pc1 = 0
       pc2 = 0
       pc3 = 0
       pc4 = 0
       pc5 = 0
       pc6 = 0
       pc7 = 0
       pc8 = 0
       pc9 = 0
      pc10 = 0
      pc11 = 0
      pc12 = 0
      pc13 = 0
      pc14 = 0
      pc15 = 0
Constrained:
   Tgbecnw = 151822
     Tecnw = 24321.1
       Tnw = 19458.3
       Tec = 1495.2
     twoNb = 727536
     twoNc = 193811
     twoNw = 3.63889e+06
    twoNec = 161173
    twoNnw = 23580.2
  twoNecnw = 66649.9
  twoNbecnw = 15952
  twoNgbecnw = 263627
         m = 0.108954
        m2 = 0.0192472
        m6 = 1.19293e-06
        Tb = 12908.2
        Ta = 44054.1
        Tf = 747.601
DiffEv reached_goal. cost=2.41554e-03 spread=2.81624e-06
Fitted parameter values
Free:
       pc1 = -1.81521
       pc2 = -0.217533
       pc3 = 0.735148
       pc4 = 0.300757
       pc5 = -0.903689
       pc6 = -0.152364
       pc7 = -0.753367
       pc8 = 0.43416
       pc9 = -0.305648
      pc10 = -0.173224
      pc11 = 0.270194
      pc12 = 0.0842741
      pc13 = -0.168613
      pc14 = -0.0937845
      pc15 = -0.0191826
Constrained:
   Tgbecnw = 124412
     Tecnw = 24553.6
       Tnw = 17570.5
       Tec = 251.444
     twoNb = 916432
     twoNc = 165626
     twoNw = 3.17252e+06
    twoNec = 170581
    twoNnw = 34411.3
  twoNecnw = 63196.1
  twoNbecnw = 14445.1
  twoNgbecnw = 321040
         m = 0.0830946
        m2 = 0.01898
        m6 = 1.05696e-06
        Tb = 12402.5
        Ta = 43801.3
        Tf = 125.722
#       SitePat  BranchLen
              b 121052.4666702
              e 46331.6077294
              c 46331.5942270
              n 44667.6373174
              w 44667.6370842
            b:e 1381.1137071
            b:c 1381.1126704
            b:n 1076.9536330
            b:w 1076.9536232
            e:c 11952.3624172
            e:n 4409.5707391
            e:w 4409.5706879
            c:n 4409.5742260
            c:w 4409.5744592
            n:w 12364.1461167
          b:e:c 1283.0626775
          b:e:n 601.6319090
          b:e:w 601.6318989
          b:c:n 601.6318841
          b:c:w 601.6318938
          b:n:w 1296.3707591
          e:c:n 4427.8041397
          e:c:w 4427.8041909
          e:n:w 5333.0880022
          c:n:w 5333.0938798
        b:e:c:n 1150.7671107
        b:e:c:w 1150.7671209
        b:e:n:w 1788.5113091
        b:c:n:w 1788.5127424
        e:c:n:w 47583.8260855
