########################################
# legofit: estimate population history #
#       version 2.3.4-4-g53f8760       #
########################################

# Program was compiled: Sep 21 2021 14:36:42
# Program was run: Sun Oct 10 17:39:21 2021

# cmd: legofit -1 -d 0 -t 32 --ptsPerDim 3 --stateOut b1boot3.state --tol 3e-6 -S 5000 abf2.lgo ../../chrX/boot_chrX/boot3.opf
# Stage nOptItr nSimReps
#     0    5000        0
# algorithm          : deterministic
# ignoring probs <=  : 0
# Branch length floor: 0
# DE strategy        : 2
#    F               : 0.3
#    CR              : 0.8
#    tolerance       : 3e-06
# nthreads           : 32
# lgo input file     : abf2.lgo
# site pat input file: ../../chrX/boot_chrX/boot3.opf
# free parameters    : 15
# points in DE swarm : 45
# output state file  : b1boot3.state
# Including singleton site patterns.
# cost function      : KL
Initial parameter values
Fixed:
      zero = 0
       one = 1
    Tbecnw = 75200
Free:
       pc1 = 0
       pc2 = 0
       pc3 = 0
       pc4 = 0
       pc5 = 0
       pc6 = 0
       pc7 = 0
       pc8 = 0
       pc9 = 0
      pc10 = 0
      pc11 = 0
      pc12 = 0
      pc13 = 0
      pc14 = 0
      pc15 = 0
Constrained:
   Tgbecnw = 151822
     Tecnw = 24321.1
       Tnw = 19458.3
       Tec = 1495.2
     twoNb = 727536
     twoNc = 193811
     twoNw = 3.63889e+06
    twoNec = 161173
    twoNnw = 23580.2
  twoNecnw = 66649.9
  twoNbecnw = 15952
  twoNgbecnw = 263627
         m = 0.108954
        m2 = 0.0192472
        m6 = 1.19293e-06
        Tb = 12908.2
        Ta = 44054.1
        Tf = 747.601
DiffEv reached_goal. cost=2.58117e-03 spread=2.26834e-06
Fitted parameter values
Free:
       pc1 = -1.44123
       pc2 = -1.25164
       pc3 = 0.53077
       pc4 = -0.693837
       pc5 = -0.0270965
       pc6 = -0.204187
       pc7 = 0.72168
       pc8 = 1.63332
       pc9 = 1.1594
      pc10 = -1.25831
      pc11 = 0.382393
      pc12 = -0.0291871
      pc13 = -0.171403
      pc14 = 0.07622
      pc15 = 0.0338492
Constrained:
   Tgbecnw = 129902
     Tecnw = 24408.2
       Tnw = 18098.5
       Tec = 1451.61
     twoNb = 970439
     twoNc = 435922
     twoNw = 6.75153e+06
    twoNec = 160177
    twoNnw = 31057.6
  twoNecnw = 63564
  twoNbecnw = 15768
  twoNgbecnw = 308089
         m = 0.0851186
        m2 = 0.0198248
        m6 = 4.55016e-06
        Tb = 12929.9
        Ta = 44065
        Tf = 725.803
#       SitePat  BranchLen
              b 121420.7977511
              e 46478.0559160
              c 46477.9981540
              n 44742.2991480
              w 44742.2986829
            b:e 1375.3071332
            b:c 1375.3027009
            b:n 1068.6692187
            b:w 1068.6691993
            e:c 11965.5191491
            e:n 4441.7535158
            e:w 4441.7534117
            c:n 4441.7685763
            c:w 4441.7690414
            n:w 12412.8167035
          b:e:c 1270.4594452
          b:e:n 594.7712632
          b:e:w 594.7712430
          b:c:n 594.7711861
          b:c:w 594.7712056
          b:n:w 1286.8586793
          e:c:n 4464.7427114
          e:c:w 4464.7428156
          e:n:w 5386.1580371
          c:n:w 5386.1834390
        b:e:c:n 1134.8627976
        b:e:c:w 1134.8628179
        b:e:n:w 1792.0989054
        b:c:n:w 1792.1051222
        e:c:n:w 47559.2196332
