########################################
# legofit: estimate population history #
#       version 2.3.4-4-g53f8760       #
########################################

# Program was compiled: Sep 21 2021 14:36:42
# Program was run: Sun Oct 10 17:44:45 2021

# cmd: legofit -1 -d 0 -t 32 --ptsPerDim 3 --stateOut b1boot20.state --tol 3e-6 -S 5000 abf2.lgo ../../chrX/boot_chrX/boot20.opf
# Stage nOptItr nSimReps
#     0    5000        0
# algorithm          : deterministic
# ignoring probs <=  : 0
# Branch length floor: 0
# DE strategy        : 2
#    F               : 0.3
#    CR              : 0.8
#    tolerance       : 3e-06
# nthreads           : 32
# lgo input file     : abf2.lgo
# site pat input file: ../../chrX/boot_chrX/boot20.opf
# free parameters    : 15
# points in DE swarm : 45
# output state file  : b1boot20.state
# Including singleton site patterns.
# cost function      : KL
Initial parameter values
Fixed:
      zero = 0
       one = 1
    Tbecnw = 75200
Free:
       pc1 = 0
       pc2 = 0
       pc3 = 0
       pc4 = 0
       pc5 = 0
       pc6 = 0
       pc7 = 0
       pc8 = 0
       pc9 = 0
      pc10 = 0
      pc11 = 0
      pc12 = 0
      pc13 = 0
      pc14 = 0
      pc15 = 0
Constrained:
   Tgbecnw = 151822
     Tecnw = 24321.1
       Tnw = 19458.3
       Tec = 1495.2
     twoNb = 727536
     twoNc = 193811
     twoNw = 3.63889e+06
    twoNec = 161173
    twoNnw = 23580.2
  twoNecnw = 66649.9
  twoNbecnw = 15952
  twoNgbecnw = 263627
         m = 0.108954
        m2 = 0.0192472
        m6 = 1.19293e-06
        Tb = 12908.2
        Ta = 44054.1
        Tf = 747.601
DiffEv reached_goal. cost=2.43447e-03 spread=2.90838e-06
Fitted parameter values
Free:
       pc1 = -1.56569
       pc2 = -0.564799
       pc3 = 0.88281
       pc4 = 0.0432103
       pc5 = -1.54127
       pc6 = 0.510783
       pc7 = 0.327026
       pc8 = 0.416695
       pc9 = 0.413968
      pc10 = -0.668457
      pc11 = 0.220803
      pc12 = -0.249248
      pc13 = -0.0814671
      pc14 = -0.00880239
      pc15 = 0.107641
Constrained:
   Tgbecnw = 124371
     Tecnw = 24253.3
       Tnw = 17755.1
       Tec = 649.82
     twoNb = 1.11229e+06
     twoNc = 219957
     twoNw = 2.40384e+06
    twoNec = 173156
    twoNnw = 30997.4
  twoNecnw = 63141.3
  twoNbecnw = 14539.7
  twoNgbecnw = 311308
         m = 0.0861545
        m2 = 0.0202871
        m6 = 2.61485e-06
        Tb = 12451.6
        Ta = 43825.8
        Tf = 324.91
#       SitePat  BranchLen
              b 121333.6807391
              e 46451.5766638
              c 46451.5422137
              n 44270.2202580
              w 44270.2195087
            b:e 1387.4962587
            b:c 1387.4936334
            b:n 1057.6775093
            b:w 1057.6774781
            e:c 11749.7214382
            e:n 4422.0325334
            e:w 4422.0323670
            c:n 4422.0412032
            c:w 4422.0419525
            n:w 12491.6537232
          b:e:c 1272.4357209
          b:e:n 596.6270955
          b:e:w 596.6270629
          b:c:n 596.6270274
          b:c:w 596.6270586
          b:n:w 1287.5399621
          e:c:n 4386.1483398
          e:c:w 4386.1485062
          e:n:w 5436.7109232
          c:n:w 5436.7261013
        b:e:c:n 1128.6131139
        b:e:c:w 1128.6131464
        b:e:n:w 1832.1618142
        b:c:n:w 1832.1655286
        e:c:n:w 47895.1182987
