########################################
# legofit: estimate population history #
#       version 2.3.4-4-g53f8760       #
########################################

# Program was compiled: Sep 21 2021 14:36:42
# Program was run: Sun Oct 10 17:51:03 2021

# cmd: legofit -1 -d 0 -t 32 --ptsPerDim 3 --stateOut b1boot39.state --tol 3e-6 -S 5000 abf2.lgo ../../chrX/boot_chrX/boot39.opf
# Stage nOptItr nSimReps
#     0    5000        0
# algorithm          : deterministic
# ignoring probs <=  : 0
# Branch length floor: 0
# DE strategy        : 2
#    F               : 0.3
#    CR              : 0.8
#    tolerance       : 3e-06
# nthreads           : 32
# lgo input file     : abf2.lgo
# site pat input file: ../../chrX/boot_chrX/boot39.opf
# free parameters    : 15
# points in DE swarm : 45
# output state file  : b1boot39.state
# Including singleton site patterns.
# cost function      : KL
Initial parameter values
Fixed:
      zero = 0
       one = 1
    Tbecnw = 75200
Free:
       pc1 = 0
       pc2 = 0
       pc3 = 0
       pc4 = 0
       pc5 = 0
       pc6 = 0
       pc7 = 0
       pc8 = 0
       pc9 = 0
      pc10 = 0
      pc11 = 0
      pc12 = 0
      pc13 = 0
      pc14 = 0
      pc15 = 0
Constrained:
   Tgbecnw = 151822
     Tecnw = 24321.1
       Tnw = 19458.3
       Tec = 1495.2
     twoNb = 727536
     twoNc = 193811
     twoNw = 3.63889e+06
    twoNec = 161173
    twoNnw = 23580.2
  twoNecnw = 66649.9
  twoNbecnw = 15952
  twoNgbecnw = 263627
         m = 0.108954
        m2 = 0.0192472
        m6 = 1.19293e-06
        Tb = 12908.2
        Ta = 44054.1
        Tf = 747.601
DiffEv reached_goal. cost=2.40122e-03 spread=2.57722e-06
Fitted parameter values
Free:
       pc1 = -0.981561
       pc2 = 0.152439
       pc3 = -0.105618
       pc4 = -1.33639
       pc5 = -0.462377
       pc6 = 0.892306
       pc7 = -0.530346
       pc8 = 0.764742
       pc9 = 0.582728
      pc10 = -0.477037
      pc11 = 0.329614
      pc12 = -0.0253917
      pc13 = 0.0546964
      pc14 = -0.103773
      pc15 = 0.03179
Constrained:
   Tgbecnw = 117057
     Tecnw = 23925.6
       Tnw = 19281.2
       Tec = 1840.36
     twoNb = 1.024e+06
     twoNc = 249208
     twoNw = 3.19917e+06
    twoNec = 157449
    twoNnw = 22206.8
  twoNecnw = 64629.9
  twoNbecnw = 12560.2
  twoNgbecnw = 321276
         m = 0.0881887
        m2 = 0.0184422
        m6 = 3.03441e-06
        Tb = 12883
        Ta = 44041.5
        Tf = 920.179
#       SitePat  BranchLen
              b 121371.2273517
              e 46185.6168824
              c 46185.5782528
              n 44342.5461862
              w 44342.5455151
            b:e 1358.2997554
            b:c 1358.2967826
            b:n 1052.1246213
            b:w 1052.1245927
            e:c 11792.7155122
            e:n 4391.4244309
            e:w 4391.4242792
            c:n 4391.4341865
            c:w 4391.4348575
            n:w 12312.4382075
          b:e:c 1271.0038805
          b:e:n 591.6213145
          b:e:w 591.6212846
          b:c:n 591.6212382
          b:c:w 591.6212668
          b:n:w 1284.0585337
          e:c:n 4348.6918950
          e:c:w 4348.6920468
          e:n:w 5311.3724529
          c:n:w 5311.3896542
        b:e:c:n 1132.3948414
        b:e:c:w 1132.3948714
        b:e:n:w 1786.1518650
        b:c:n:w 1786.1560262
        e:c:n:w 48317.2930411
