########################################
# legofit: estimate population history #
#       version 2.3.4-4-g53f8760       #
########################################

# Program was compiled: Sep 21 2021 14:36:42
# Program was run: Sun Oct 10 17:49:27 2021

# cmd: legofit -1 -d 0 -t 32 --ptsPerDim 3 --stateOut b1boot34.state --tol 3e-6 -S 5000 abf2.lgo ../../chrX/boot_chrX/boot34.opf
# Stage nOptItr nSimReps
#     0    5000        0
# algorithm          : deterministic
# ignoring probs <=  : 0
# Branch length floor: 0
# DE strategy        : 2
#    F               : 0.3
#    CR              : 0.8
#    tolerance       : 3e-06
# nthreads           : 32
# lgo input file     : abf2.lgo
# site pat input file: ../../chrX/boot_chrX/boot34.opf
# free parameters    : 15
# points in DE swarm : 45
# output state file  : b1boot34.state
# Including singleton site patterns.
# cost function      : KL
Initial parameter values
Fixed:
      zero = 0
       one = 1
    Tbecnw = 75200
Free:
       pc1 = 0
       pc2 = 0
       pc3 = 0
       pc4 = 0
       pc5 = 0
       pc6 = 0
       pc7 = 0
       pc8 = 0
       pc9 = 0
      pc10 = 0
      pc11 = 0
      pc12 = 0
      pc13 = 0
      pc14 = 0
      pc15 = 0
Constrained:
   Tgbecnw = 151822
     Tecnw = 24321.1
       Tnw = 19458.3
       Tec = 1495.2
     twoNb = 727536
     twoNc = 193811
     twoNw = 3.63889e+06
    twoNec = 161173
    twoNnw = 23580.2
  twoNecnw = 66649.9
  twoNbecnw = 15952
  twoNgbecnw = 263627
         m = 0.108954
        m2 = 0.0192472
        m6 = 1.19293e-06
        Tb = 12908.2
        Ta = 44054.1
        Tf = 747.601
DiffEv reached_goal. cost=2.37268e-03 spread=2.91614e-06
Fitted parameter values
Free:
       pc1 = -0.880899
       pc2 = 0.369665
       pc3 = 0.49998
       pc4 = -0.520712
       pc5 = -1.11863
       pc6 = 0.475977
       pc7 = -0.203584
       pc8 = 1.65641
       pc9 = 0.790627
      pc10 = -0.319036
      pc11 = 0.00656939
      pc12 = 0.308237
      pc13 = 0.00105797
      pc14 = 0.131447
      pc15 = 0.0124742
Constrained:
   Tgbecnw = 117582
     Tecnw = 24302.2
       Tnw = 18960.5
       Tec = 1179.77
     twoNb = 1.30912e+06
     twoNc = 255029
     twoNw = 4.52585e+06
    twoNec = 157374
    twoNnw = 25813.5
  twoNecnw = 62601.6
  twoNbecnw = 13079.8
  twoNgbecnw = 283115
         m = 0.0990591
        m2 = 0.0188858
        m6 = 2.32031e-06
        Tb = 12741
        Ta = 43970.5
        Tf = 589.886
#       SitePat  BranchLen
              b 121626.5831876
              e 45857.7647027
              c 45857.7355843
              n 44316.5945136
              w 44316.5941482
            b:e 1313.4013273
            b:c 1313.3991362
            b:n 1026.9286261
            b:w 1026.9286110
            e:c 11948.4099957
            e:n 4334.6719533
            e:w 4334.6718713
            c:n 4334.6793819
            c:w 4334.6797474
            n:w 12220.2415815
          b:e:c 1234.6291080
          b:e:n 570.0501481
          b:e:w 570.0501325
          b:c:n 570.0501018
          b:c:w 570.0501168
          b:n:w 1252.7885999
          e:c:n 4389.3231012
          e:c:w 4389.3231832
          e:n:w 5285.0286992
          c:n:w 5285.0416459
        b:e:c:n 1097.9962606
        b:e:c:w 1097.9962763
        b:e:n:w 1739.9192101
        b:c:n:w 1739.9223301
        e:c:n:w 48587.4573679
