########################################
# legofit: estimate population history #
#       version 2.3.4-4-g53f8760       #
########################################

# Program was compiled: Sep 21 2021 14:36:42
# Program was run: Sun Oct 10 17:53:37 2021

# cmd: legofit -1 -d 0 -t 32 --ptsPerDim 3 --stateOut b1boot47.state --tol 3e-6 -S 5000 abf2.lgo ../../chrX/boot_chrX/boot47.opf
# Stage nOptItr nSimReps
#     0    5000        0
# algorithm          : deterministic
# ignoring probs <=  : 0
# Branch length floor: 0
# DE strategy        : 2
#    F               : 0.3
#    CR              : 0.8
#    tolerance       : 3e-06
# nthreads           : 32
# lgo input file     : abf2.lgo
# site pat input file: ../../chrX/boot_chrX/boot47.opf
# free parameters    : 15
# points in DE swarm : 45
# output state file  : b1boot47.state
# Including singleton site patterns.
# cost function      : KL
Initial parameter values
Fixed:
      zero = 0
       one = 1
    Tbecnw = 75200
Free:
       pc1 = 0
       pc2 = 0
       pc3 = 0
       pc4 = 0
       pc5 = 0
       pc6 = 0
       pc7 = 0
       pc8 = 0
       pc9 = 0
      pc10 = 0
      pc11 = 0
      pc12 = 0
      pc13 = 0
      pc14 = 0
      pc15 = 0
Constrained:
   Tgbecnw = 151822
     Tecnw = 24321.1
       Tnw = 19458.3
       Tec = 1495.2
     twoNb = 727536
     twoNc = 193811
     twoNw = 3.63889e+06
    twoNec = 161173
    twoNnw = 23580.2
  twoNecnw = 66649.9
  twoNbecnw = 15952
  twoNgbecnw = 263627
         m = 0.108954
        m2 = 0.0192472
        m6 = 1.19293e-06
        Tb = 12908.2
        Ta = 44054.1
        Tf = 747.601
DiffEv reached_goal. cost=2.46886e-03 spread=2.87481e-06
Fitted parameter values
Free:
       pc1 = -1.66186
       pc2 = 0.400811
       pc3 = 0.05925
       pc4 = -1.02298
       pc5 = -1.31046
       pc6 = 0.123682
       pc7 = 0.394106
       pc8 = 0.585958
       pc9 = 0.321133
      pc10 = -0.0428995
      pc11 = 0.526046
      pc12 = -0.123391
      pc13 = 0.024944
      pc14 = -0.071031
      pc15 = 0.0246766
Constrained:
   Tgbecnw = 114324
     Tecnw = 23816.2
       Tnw = 18178.5
       Tec = 1248.11
     twoNb = 1.09333e+06
     twoNc = 306377
     twoNw = 3.01749e+06
    twoNec = 163019
    twoNnw = 27339
  twoNecnw = 63635.6
  twoNbecnw = 11668.2
  twoNgbecnw = 321198
         m = 0.0854511
        m2 = 0.0194105
        m6 = 7.84477e-07
        Tb = 12532.2
        Ta = 43866.1
        Tf = 624.055
#       SitePat  BranchLen
              b 119563.0788353
              e 45836.1772381
              c 45836.1672961
              n 43923.8075215
              w 43923.8073445
            b:e 1297.7633033
            b:c 1297.7625735
            b:n 999.1541494
            b:w 999.1541423
            e:c 11604.3770405
            e:n 4354.8158866
            e:w 4354.8158473
            c:n 4354.8184251
            c:w 4354.8186020
            n:w 12187.2631544
          b:e:c 1200.9808093
          b:e:n 563.9447282
          b:e:w 563.9447207
          b:c:n 563.9447093
          b:c:w 563.9447164
          b:n:w 1214.8212614
          e:c:n 4285.1171044
          e:c:w 4285.1171437
          e:n:w 5241.5816698
          c:n:w 5241.5860261
        b:e:c:n 1075.5747707
        b:e:c:w 1075.5747782
        b:e:n:w 1733.3547285
        b:c:n:w 1733.3557740
        e:c:n:w 46973.2143573
