########################################
# legofit: estimate population history #
#       version 2.3.4-4-g53f8760       #
########################################

# Program was compiled: Sep 21 2021 14:36:42
# Program was run: Sun Oct 10 17:54:30 2021

# cmd: legofit -1 -d 0 -t 32 --ptsPerDim 3 --stateOut b1boot49.state --tol 3e-6 -S 5000 abf2.lgo ../../chrX/boot_chrX/boot49.opf
# Stage nOptItr nSimReps
#     0    5000        0
# algorithm          : deterministic
# ignoring probs <=  : 0
# Branch length floor: 0
# DE strategy        : 2
#    F               : 0.3
#    CR              : 0.8
#    tolerance       : 3e-06
# nthreads           : 32
# lgo input file     : abf2.lgo
# site pat input file: ../../chrX/boot_chrX/boot49.opf
# free parameters    : 15
# points in DE swarm : 45
# output state file  : b1boot49.state
# Including singleton site patterns.
# cost function      : KL
Initial parameter values
Fixed:
      zero = 0
       one = 1
    Tbecnw = 75200
Free:
       pc1 = 0
       pc2 = 0
       pc3 = 0
       pc4 = 0
       pc5 = 0
       pc6 = 0
       pc7 = 0
       pc8 = 0
       pc9 = 0
      pc10 = 0
      pc11 = 0
      pc12 = 0
      pc13 = 0
      pc14 = 0
      pc15 = 0
Constrained:
   Tgbecnw = 151822
     Tecnw = 24321.1
       Tnw = 19458.3
       Tec = 1495.2
     twoNb = 727536
     twoNc = 193811
     twoNw = 3.63889e+06
    twoNec = 161173
    twoNnw = 23580.2
  twoNecnw = 66649.9
  twoNbecnw = 15952
  twoNgbecnw = 263627
         m = 0.108954
        m2 = 0.0192472
        m6 = 1.19293e-06
        Tb = 12908.2
        Ta = 44054.1
        Tf = 747.601
DiffEv reached_goal. cost=2.42290e-03 spread=2.53009e-06
Fitted parameter values
Free:
       pc1 = -1.05632
       pc2 = 0.751648
       pc3 = 0.251321
       pc4 = -1.10677
       pc5 = -0.609591
       pc6 = 0.994303
       pc7 = 0.633816
       pc8 = 1.66605
       pc9 = -0.320651
      pc10 = -0.0862958
      pc11 = -0.717559
      pc12 = -0.211642
      pc13 = -0.173859
      pc14 = 0.0782202
      pc15 = 0.00663396
Constrained:
   Tgbecnw = 113182
     Tecnw = 23970.3
       Tnw = 20608
       Tec = 1774.86
     twoNb = 1.1568e+06
     twoNc = 218246
     twoNw = 6.96314e+06
    twoNec = 165696
    twoNnw = 16732.7
  twoNecnw = 61316.6
  twoNbecnw = 12083
  twoNgbecnw = 304782
         m = 0.0857585
        m2 = 0.0193474
        m6 = 1.21093e-06
        Tb = 12872.6
        Ta = 44036.3
        Tf = 887.432
#       SitePat  BranchLen
              b 119615.7158605
              e 45779.9398745
              c 45779.9255583
              n 44062.2414014
              w 44062.2412721
            b:e 1397.7503741
            b:c 1397.7491955
            b:n 1084.9518000
            b:w 1084.9517942
            e:c 11432.1286745
            e:n 4427.8770578
            e:w 4427.8770275
            c:n 4427.8806528
            c:w 4427.8807820
            n:w 11818.4179460
          b:e:c 1287.7024865
          b:e:n 616.4612771
          b:e:w 616.4612709
          b:c:n 616.4612521
          b:c:w 616.4612579
          b:n:w 1298.0637889
          e:c:n 4419.7245715
          e:c:w 4419.7246018
          e:n:w 5400.9704807
          c:n:w 5400.9770233
        b:e:c:n 1167.4904552
        b:e:c:w 1167.4904613
        b:e:n:w 1820.0794069
        b:c:n:w 1820.0810474
        e:c:n:w 47226.1938354
