########################################
# legofit: estimate population history #
#       version 2.3.4-4-g53f8760       #
########################################

# Program was compiled: Sep 21 2021 14:36:42
# Program was run: Sun Oct 10 17:54:25 2021

# cmd: legofit -1 -d 0 -t 32 --ptsPerDim 3 --stateOut b1boot48.state --tol 3e-6 -S 5000 abf2.lgo ../../chrX/boot_chrX/boot48.opf
# Stage nOptItr nSimReps
#     0    5000        0
# algorithm          : deterministic
# ignoring probs <=  : 0
# Branch length floor: 0
# DE strategy        : 2
#    F               : 0.3
#    CR              : 0.8
#    tolerance       : 3e-06
# nthreads           : 32
# lgo input file     : abf2.lgo
# site pat input file: ../../chrX/boot_chrX/boot48.opf
# free parameters    : 15
# points in DE swarm : 45
# output state file  : b1boot48.state
# Including singleton site patterns.
# cost function      : KL
Initial parameter values
Fixed:
      zero = 0
       one = 1
    Tbecnw = 75200
Free:
       pc1 = 0
       pc2 = 0
       pc3 = 0
       pc4 = 0
       pc5 = 0
       pc6 = 0
       pc7 = 0
       pc8 = 0
       pc9 = 0
      pc10 = 0
      pc11 = 0
      pc12 = 0
      pc13 = 0
      pc14 = 0
      pc15 = 0
Constrained:
   Tgbecnw = 151822
     Tecnw = 24321.1
       Tnw = 19458.3
       Tec = 1495.2
     twoNb = 727536
     twoNc = 193811
     twoNw = 3.63889e+06
    twoNec = 161173
    twoNnw = 23580.2
  twoNecnw = 66649.9
  twoNbecnw = 15952
  twoNgbecnw = 263627
         m = 0.108954
        m2 = 0.0192472
        m6 = 1.19293e-06
        Tb = 12908.2
        Ta = 44054.1
        Tf = 747.601
DiffEv reached_goal. cost=2.34071e-03 spread=2.40348e-06
Fitted parameter values
Free:
       pc1 = -1.38457
       pc2 = 0.502108
       pc3 = 0.673013
       pc4 = -0.439283
       pc5 = -1.95626
       pc6 = 0.849431
       pc7 = 0.588212
       pc8 = 0.137418
       pc9 = 0.36221
      pc10 = -0.257936
      pc11 = -0.29418
      pc12 = -0.0036467
      pc13 = 0.0730495
      pc14 = -0.101329
      pc15 = 0.0114137
Constrained:
   Tgbecnw = 107179
     Tecnw = 23937.3
       Tnw = 18843.8
       Tec = 526.98
     twoNb = 1.19458e+06
     twoNc = 187942
     twoNw = 1.52636e+06
    twoNec = 170430
    twoNnw = 24954.1
  twoNecnw = 62440.4
  twoNbecnw = 10414.3
  twoNgbecnw = 292829
         m = 0.0927712
        m2 = 0.0202782
        m6 = 1.39983e-06
        Tb = 12232.1
        Ta = 43716.1
        Tf = 263.49
#       SitePat  BranchLen
              b 119225.4580389
              e 45740.3786449
              c 45740.3609226
              n 43927.2143892
              w 43927.2137328
            b:e 1378.1017134
            b:c 1378.1003219
            b:n 1059.7621430
            b:w 1059.7621148
            e:c 11578.1529418
            e:n 4365.0451011
            e:w 4365.0449538
            c:n 4365.0493844
            c:w 4365.0500408
            n:w 12042.8740993
          b:e:c 1273.7860514
          b:e:n 601.6118777
          b:e:w 601.6118481
          b:c:n 601.6118248
          b:c:w 601.6118529
          b:n:w 1285.4670322
          e:c:n 4329.8356676
          e:c:w 4329.8358149
          e:n:w 5306.7089461
          c:n:w 5306.7167778
        b:e:c:n 1148.0855766
        b:e:c:w 1148.0856062
        b:e:n:w 1826.3001371
        b:c:n:w 1826.3020966
        e:c:n:w 47023.0735105
