########################################
# legofit: estimate population history #
#       version 2.3.4-4-g53f8760       #
########################################

# Program was compiled: Sep 21 2021 14:36:42
# Program was run: Sun Oct 10 17:40:54 2021

# cmd: legofit -1 -d 0 -t 32 --ptsPerDim 3 --stateOut b1boot6.state --tol 3e-6 -S 5000 abf2.lgo ../../chrX/boot_chrX/boot6.opf
# Stage nOptItr nSimReps
#     0    5000        0
# algorithm          : deterministic
# ignoring probs <=  : 0
# Branch length floor: 0
# DE strategy        : 2
#    F               : 0.3
#    CR              : 0.8
#    tolerance       : 3e-06
# nthreads           : 32
# lgo input file     : abf2.lgo
# site pat input file: ../../chrX/boot_chrX/boot6.opf
# free parameters    : 15
# points in DE swarm : 45
# output state file  : b1boot6.state
# Including singleton site patterns.
# cost function      : KL
Initial parameter values
Fixed:
      zero = 0
       one = 1
    Tbecnw = 75200
Free:
       pc1 = 0
       pc2 = 0
       pc3 = 0
       pc4 = 0
       pc5 = 0
       pc6 = 0
       pc7 = 0
       pc8 = 0
       pc9 = 0
      pc10 = 0
      pc11 = 0
      pc12 = 0
      pc13 = 0
      pc14 = 0
      pc15 = 0
Constrained:
   Tgbecnw = 151822
     Tecnw = 24321.1
       Tnw = 19458.3
       Tec = 1495.2
     twoNb = 727536
     twoNc = 193811
     twoNw = 3.63889e+06
    twoNec = 161173
    twoNnw = 23580.2
  twoNecnw = 66649.9
  twoNbecnw = 15952
  twoNgbecnw = 263627
         m = 0.108954
        m2 = 0.0192472
        m6 = 1.19293e-06
        Tb = 12908.2
        Ta = 44054.1
        Tf = 747.601
DiffEv reached_goal. cost=2.34936e-03 spread=2.98688e-06
Fitted parameter values
Free:
       pc1 = -1.71826
       pc2 = -0.0811897
       pc3 = 1.00518
       pc4 = 0.510906
       pc5 = -0.484826
       pc6 = 0.189777
       pc7 = -1.70817
       pc8 = 0.195821
       pc9 = 1.12793
      pc10 = -0.344404
      pc11 = -0.681049
      pc12 = -0.327479
      pc13 = -0.067355
      pc14 = 0.157695
      pc15 = 0.0423381
Constrained:
   Tgbecnw = 115962
     Tecnw = 24520.7
       Tnw = 17342.8
       Tec = 923.293
     twoNb = 837532
     twoNc = 114035
     twoNw = 1.83034e+06
    twoNec = 174162
    twoNnw = 35529.5
  twoNecnw = 60285
  twoNbecnw = 13322
  twoNgbecnw = 259451
         m = 0.102226
        m2 = 0.018195
        m6 = 3.51188e-06
        Tb = 12722
        Ta = 43961
        Tf = 461.646
#       SitePat  BranchLen
              b 120823.1861767
              e 45874.2560235
              c 45874.2117958
              n 44007.9271632
              w 44007.9258891
            b:e 1379.9847589
            b:c 1379.9813084
            b:n 1055.9071706
            b:w 1055.9071173
            e:c 11528.8216528
            e:n 4397.4427384
            e:w 4397.4424537
            c:n 4397.4538086
            c:w 4397.4550826
            n:w 12126.4676575
          b:e:c 1252.9963002
          b:e:n 596.0027971
          b:e:w 596.0027415
          b:c:n 596.0026933
          b:c:w 596.0027466
          b:n:w 1261.4130037
          e:c:n 4434.2505229
          e:c:w 4434.2508076
          e:n:w 5408.2468136
          c:n:w 5408.2663074
        b:e:c:n 1128.8222519
        b:e:c:w 1128.8223075
        b:e:n:w 1739.1348435
        b:c:n:w 1739.1394274
        e:c:n:w 48032.8287996
