########################################
# legofit: estimate population history #
#       version 2.3.4-4-g53f8760       #
########################################

# Program was compiled: Sep 21 2021 14:36:42
# Program was run: Sun Oct 10 17:50:33 2021

# cmd: legofit -1 -d 0 -t 32 --ptsPerDim 3 --stateOut b1boot38.state --tol 3e-6 -S 5000 abf2.lgo ../../chrX/boot_chrX/boot38.opf
# Stage nOptItr nSimReps
#     0    5000        0
# algorithm          : deterministic
# ignoring probs <=  : 0
# Branch length floor: 0
# DE strategy        : 2
#    F               : 0.3
#    CR              : 0.8
#    tolerance       : 3e-06
# nthreads           : 32
# lgo input file     : abf2.lgo
# site pat input file: ../../chrX/boot_chrX/boot38.opf
# free parameters    : 15
# points in DE swarm : 45
# output state file  : b1boot38.state
# Including singleton site patterns.
# cost function      : KL
Initial parameter values
Fixed:
      zero = 0
       one = 1
    Tbecnw = 75200
Free:
       pc1 = 0
       pc2 = 0
       pc3 = 0
       pc4 = 0
       pc5 = 0
       pc6 = 0
       pc7 = 0
       pc8 = 0
       pc9 = 0
      pc10 = 0
      pc11 = 0
      pc12 = 0
      pc13 = 0
      pc14 = 0
      pc15 = 0
Constrained:
   Tgbecnw = 151822
     Tecnw = 24321.1
       Tnw = 19458.3
       Tec = 1495.2
     twoNb = 727536
     twoNc = 193811
     twoNw = 3.63889e+06
    twoNec = 161173
    twoNnw = 23580.2
  twoNecnw = 66649.9
  twoNbecnw = 15952
  twoNgbecnw = 263627
         m = 0.108954
        m2 = 0.0192472
        m6 = 1.19293e-06
        Tb = 12908.2
        Ta = 44054.1
        Tf = 747.601
DiffEv reached_goal. cost=2.58978e-03 spread=2.94420e-06
Fitted parameter values
Free:
       pc1 = -1.63334
       pc2 = -0.701511
       pc3 = 0.602121
       pc4 = -0.506078
       pc5 = -1.68223
       pc6 = 0.754985
       pc7 = 0.548872
       pc8 = 1.65542
       pc9 = 0.925662
      pc10 = -1.16432
      pc11 = 0.788402
      pc12 = -0.133322
      pc13 = 0.2445
      pc14 = -0.282535
      pc15 = 0.02083
Constrained:
   Tgbecnw = 121423
     Tecnw = 24223.7
       Tnw = 17839.7
       Tec = 1545.12
     twoNb = 1.41131e+06
     twoNc = 320880
     twoNw = 4.15477e+06
    twoNec = 164740
    twoNnw = 31793.3
  twoNecnw = 63930.5
  twoNbecnw = 13336.8
  twoNgbecnw = 345073
         m = 0.0844915
        m2 = 0.0201656
        m6 = 3.85459e-06
        Tb = 12884.4
        Ta = 44042.2
        Tf = 772.562
#       SitePat  BranchLen
              b 122661.9034211
              e 46490.8496690
              c 46490.8008277
              n 44526.4233965
              w 44526.4227700
            b:e 1347.1117194
            b:c 1347.1080870
            b:n 1050.1303380
            b:w 1050.1303120
            e:c 11652.8300090
            e:n 4424.7132505
            e:w 4424.7131117
            c:n 4424.7258930
            c:w 4424.7265196
            n:w 12235.4440630
          b:e:c 1244.8155686
          b:e:n 592.3526990
          b:e:w 592.3526719
          b:c:n 592.3526186
          b:c:w 592.3526446
          b:n:w 1264.7733769
          e:c:n 4361.5372373
          e:c:w 4361.5373761
          e:n:w 5300.8451116
          c:n:w 5300.8661969
        b:e:c:n 1125.2946622
        b:e:c:w 1125.2946893
        b:e:n:w 1844.7836296
        b:c:n:w 1844.7890752
        e:c:n:w 49386.5142372
