########################################
# legofit: estimate population history #
#       version 2.3.4-4-g53f8760       #
########################################

# Program was compiled: Sep 21 2021 14:36:42
# Program was run: Sun Oct 10 17:44:40 2021

# cmd: legofit -1 -d 0 -t 32 --ptsPerDim 3 --stateOut b1boot17.state --tol 3e-6 -S 5000 abf2.lgo ../../chrX/boot_chrX/boot17.opf
# Stage nOptItr nSimReps
#     0    5000        0
# algorithm          : deterministic
# ignoring probs <=  : 0
# Branch length floor: 0
# DE strategy        : 2
#    F               : 0.3
#    CR              : 0.8
#    tolerance       : 3e-06
# nthreads           : 32
# lgo input file     : abf2.lgo
# site pat input file: ../../chrX/boot_chrX/boot17.opf
# free parameters    : 15
# points in DE swarm : 45
# output state file  : b1boot17.state
# Including singleton site patterns.
# cost function      : KL
Initial parameter values
Fixed:
      zero = 0
       one = 1
    Tbecnw = 75200
Free:
       pc1 = 0
       pc2 = 0
       pc3 = 0
       pc4 = 0
       pc5 = 0
       pc6 = 0
       pc7 = 0
       pc8 = 0
       pc9 = 0
      pc10 = 0
      pc11 = 0
      pc12 = 0
      pc13 = 0
      pc14 = 0
      pc15 = 0
Constrained:
   Tgbecnw = 151822
     Tecnw = 24321.1
       Tnw = 19458.3
       Tec = 1495.2
     twoNb = 727536
     twoNc = 193811
     twoNw = 3.63889e+06
    twoNec = 161173
    twoNnw = 23580.2
  twoNecnw = 66649.9
  twoNbecnw = 15952
  twoNgbecnw = 263627
         m = 0.108954
        m2 = 0.0192472
        m6 = 1.19293e-06
        Tb = 12908.2
        Ta = 44054.1
        Tf = 747.601
DiffEv reached_goal. cost=2.44756e-03 spread=1.80362e-06
Fitted parameter values
Free:
       pc1 = -1.24555
       pc2 = 1.07718
       pc3 = -0.368339
       pc4 = -1.25796
       pc5 = -0.399897
       pc6 = 1.48108
       pc7 = 1.52369
       pc8 = 1.10447
       pc9 = -0.421591
      pc10 = 0.212038
      pc11 = 0.326487
      pc12 = 0.375556
      pc13 = -0.104171
      pc14 = 0.372849
      pc15 = -0.0320287
Constrained:
   Tgbecnw = 114310
     Tecnw = 23325.9
       Tnw = 20063.7
       Tec = 741.104
     twoNb = 1.12008e+06
     twoNc = 212451
     twoNw = 7.66745e+06
    twoNec = 151679
    twoNnw = 15450.6
  twoNecnw = 64490.7
  twoNbecnw = 11739.8
  twoNgbecnw = 324097
         m = 0.0849735
        m2 = 0.0198405
        m6 = 5.41923e-07
        Tb = 12033.5
        Ta = 43616.8
        Tf = 370.552
#       SitePat  BranchLen
              b 119867.5225317
              e 45337.4221851
              c 45337.4154028
              n 43857.5216641
              w 43857.5216113
            b:e 1319.5067191
            b:c 1319.5061966
            b:n 1023.7031790
            b:w 1023.7031768
            e:c 12086.1137542
            e:n 4339.2408283
            e:w 4339.2408162
            c:n 4339.2425456
            c:w 4339.2425984
            n:w 12264.7347341
          b:e:c 1248.8047777
          b:e:n 569.2544291
          b:e:w 569.2544267
          b:c:n 569.2544184
          b:c:w 569.2544206
          b:n:w 1265.1301835
          e:c:n 4355.4067130
          e:c:w 4355.4067251
          e:n:w 5273.4594367
          c:n:w 5273.4625120
        b:e:c:n 1102.9516821
        b:e:c:w 1102.9516844
        b:e:n:w 1765.6512466
        b:c:n:w 1765.6519935
        e:c:n:w 47317.4357683
