########################################
# legofit: estimate population history #
#       version 2.3.4-4-g53f8760       #
########################################

# Program was compiled: Sep 21 2021 14:36:42
# Program was run: Sun Oct 10 17:39:20 2021

# cmd: legofit -1 -d 0 -t 32 --ptsPerDim 3 --stateOut b1boot2.state --tol 3e-6 -S 5000 abf2.lgo ../../chrX/boot_chrX/boot2.opf
# Stage nOptItr nSimReps
#     0    5000        0
# algorithm          : deterministic
# ignoring probs <=  : 0
# Branch length floor: 0
# DE strategy        : 2
#    F               : 0.3
#    CR              : 0.8
#    tolerance       : 3e-06
# nthreads           : 32
# lgo input file     : abf2.lgo
# site pat input file: ../../chrX/boot_chrX/boot2.opf
# free parameters    : 15
# points in DE swarm : 45
# output state file  : b1boot2.state
# Including singleton site patterns.
# cost function      : KL
Initial parameter values
Fixed:
      zero = 0
       one = 1
    Tbecnw = 75200
Free:
       pc1 = 0
       pc2 = 0
       pc3 = 0
       pc4 = 0
       pc5 = 0
       pc6 = 0
       pc7 = 0
       pc8 = 0
       pc9 = 0
      pc10 = 0
      pc11 = 0
      pc12 = 0
      pc13 = 0
      pc14 = 0
      pc15 = 0
Constrained:
   Tgbecnw = 151822
     Tecnw = 24321.1
       Tnw = 19458.3
       Tec = 1495.2
     twoNb = 727536
     twoNc = 193811
     twoNw = 3.63889e+06
    twoNec = 161173
    twoNnw = 23580.2
  twoNecnw = 66649.9
  twoNbecnw = 15952
  twoNgbecnw = 263627
         m = 0.108954
        m2 = 0.0192472
        m6 = 1.19293e-06
        Tb = 12908.2
        Ta = 44054.1
        Tf = 747.601
DiffEv reached_goal. cost=2.51813e-03 spread=2.93706e-06
Fitted parameter values
Free:
       pc1 = -0.553211
       pc2 = -0.686849
       pc3 = 1.03523
       pc4 = -0.704162
       pc5 = -0.590027
       pc6 = 0.534994
       pc7 = 1.01171
       pc8 = 0.943277
       pc9 = 0.1225
      pc10 = -1.08926
      pc11 = -0.436213
      pc12 = 0.10956
      pc13 = -0.218009
      pc14 = 0.076403
      pc15 = 0.125043
Constrained:
   Tgbecnw = 127000
     Tecnw = 24450.3
       Tnw = 20102.2
       Tec = 502.118
     twoNb = 1.01343e+06
     twoNc = 304443
     twoNw = 5.11228e+06
    twoNec = 169627
    twoNnw = 19525.4
  twoNecnw = 63598.8
  twoNbecnw = 15319.1
  twoNgbecnw = 294867
         m = 0.0892029
        m2 = 0.0204484
        m6 = 3.36767e-06
        Tb = 12476.2
        Ta = 43838.1
        Tf = 251.059
#       SitePat  BranchLen
              b 121293.6743742
              e 46634.2628151
              c 46634.2180562
              n 44512.7159577
              w 44512.7154526
            b:e 1400.2425735
            b:c 1400.2390314
            b:n 1050.1592307
            b:w 1050.1592093
            e:c 12028.1350806
            e:n 4358.3487050
            e:w 4358.3485913
            c:n 4358.3598711
            c:w 4358.3603762
            n:w 12649.4565618
          b:e:c 1296.2247986
          b:e:n 587.3467967
          b:e:w 587.3467745
          b:c:n 587.3467290
          b:c:w 587.3467504
          b:n:w 1311.1827357
          e:c:n 4357.4434652
          e:c:w 4357.4435790
          e:n:w 5481.9329258
          c:n:w 5481.9534684
        b:e:c:n 1117.7072295
        b:e:c:w 1117.7072518
        b:e:n:w 1828.5321712
        b:c:n:w 1828.5370704
        e:c:n:w 47532.7301132
