########################################
# legofit: estimate population history #
#       version 2.3.4-4-g53f8760       #
########################################

# Program was compiled: Sep 21 2021 14:36:42
# Program was run: Sun Oct 10 17:52:07 2021

# cmd: legofit -1 -d 0 -t 32 --ptsPerDim 3 --stateOut b1boot42.state --tol 3e-6 -S 5000 abf2.lgo ../../chrX/boot_chrX/boot42.opf
# Stage nOptItr nSimReps
#     0    5000        0
# algorithm          : deterministic
# ignoring probs <=  : 0
# Branch length floor: 0
# DE strategy        : 2
#    F               : 0.3
#    CR              : 0.8
#    tolerance       : 3e-06
# nthreads           : 32
# lgo input file     : abf2.lgo
# site pat input file: ../../chrX/boot_chrX/boot42.opf
# free parameters    : 15
# points in DE swarm : 45
# output state file  : b1boot42.state
# Including singleton site patterns.
# cost function      : KL
Initial parameter values
Fixed:
      zero = 0
       one = 1
    Tbecnw = 75200
Free:
       pc1 = 0
       pc2 = 0
       pc3 = 0
       pc4 = 0
       pc5 = 0
       pc6 = 0
       pc7 = 0
       pc8 = 0
       pc9 = 0
      pc10 = 0
      pc11 = 0
      pc12 = 0
      pc13 = 0
      pc14 = 0
      pc15 = 0
Constrained:
   Tgbecnw = 151822
     Tecnw = 24321.1
       Tnw = 19458.3
       Tec = 1495.2
     twoNb = 727536
     twoNc = 193811
     twoNw = 3.63889e+06
    twoNec = 161173
    twoNnw = 23580.2
  twoNecnw = 66649.9
  twoNbecnw = 15952
  twoNgbecnw = 263627
         m = 0.108954
        m2 = 0.0192472
        m6 = 1.19293e-06
        Tb = 12908.2
        Ta = 44054.1
        Tf = 747.601
DiffEv reached_goal. cost=2.49222e-03 spread=2.89033e-06
Fitted parameter values
Free:
       pc1 = -1.29717
       pc2 = 0.205707
       pc3 = -0.0743572
       pc4 = -0.0334198
       pc5 = -1.93357
       pc6 = 0.0829381
       pc7 = 0.973558
       pc8 = 0.508319
       pc9 = 0.0407625
      pc10 = -0.228763
      pc11 = -1.07755
      pc12 = -0.0077871
      pc13 = 0.0407002
      pc14 = -0.036665
      pc15 = 0.0404455
Constrained:
   Tgbecnw = 108850
     Tecnw = 24299.3
       Tnw = 19051.4
       Tec = 1841.53
     twoNb = 1.05834e+06
     twoNc = 210558
     twoNw = 2.71139e+06
    twoNec = 161771
    twoNnw = 25485.7
  twoNecnw = 60620
  twoNbecnw = 10922.9
  twoNgbecnw = 283789
         m = 0.0954995
        m2 = 0.0208917
        m6 = 2.73763e-07
        Tb = 13070.4
        Ta = 44135.2
        Tf = 920.764
#       SitePat  BranchLen
              b 119488.0495378
              e 45736.8598853
              c 45736.8564831
              n 43848.1959991
              w 43848.1959294
            b:e 1355.3027187
            b:c 1355.3024501
            b:n 1026.6095824
            b:w 1026.6095795
            e:c 11440.6745192
            e:n 4307.0375036
            e:w 4307.0374879
            c:n 4307.0383504
            c:w 4307.0384200
            n:w 11960.3469700
          b:e:c 1237.7662102
          b:e:n 580.3989447
          b:e:w 580.3989416
          b:c:n 580.3989374
          b:c:w 580.3989403
          b:n:w 1250.3864921
          e:c:n 4313.6464668
          e:c:w 4313.6464825
          e:n:w 5310.0358098
          c:n:w 5310.0373310
        b:e:c:n 1106.7030609
        b:e:c:w 1106.7030640
        b:e:n:w 1795.3754561
        b:c:n:w 1795.3758354
        e:c:n:w 47374.1933689
