########################################
# legofit: estimate population history #
#       version 2.3.4-4-g53f8760       #
########################################

# Program was compiled: Sep 21 2021 14:36:42
# Program was run: Sun Oct 10 17:50:10 2021

# cmd: legofit -1 -d 0 -t 32 --ptsPerDim 3 --stateOut b1boot36.state --tol 3e-6 -S 5000 abf2.lgo ../../chrX/boot_chrX/boot36.opf
# Stage nOptItr nSimReps
#     0    5000        0
# algorithm          : deterministic
# ignoring probs <=  : 0
# Branch length floor: 0
# DE strategy        : 2
#    F               : 0.3
#    CR              : 0.8
#    tolerance       : 3e-06
# nthreads           : 32
# lgo input file     : abf2.lgo
# site pat input file: ../../chrX/boot_chrX/boot36.opf
# free parameters    : 15
# points in DE swarm : 45
# output state file  : b1boot36.state
# Including singleton site patterns.
# cost function      : KL
Initial parameter values
Fixed:
      zero = 0
       one = 1
    Tbecnw = 75200
Free:
       pc1 = 0
       pc2 = 0
       pc3 = 0
       pc4 = 0
       pc5 = 0
       pc6 = 0
       pc7 = 0
       pc8 = 0
       pc9 = 0
      pc10 = 0
      pc11 = 0
      pc12 = 0
      pc13 = 0
      pc14 = 0
      pc15 = 0
Constrained:
   Tgbecnw = 151822
     Tecnw = 24321.1
       Tnw = 19458.3
       Tec = 1495.2
     twoNb = 727536
     twoNc = 193811
     twoNw = 3.63889e+06
    twoNec = 161173
    twoNnw = 23580.2
  twoNecnw = 66649.9
  twoNbecnw = 15952
  twoNgbecnw = 263627
         m = 0.108954
        m2 = 0.0192472
        m6 = 1.19293e-06
        Tb = 12908.2
        Ta = 44054.1
        Tf = 747.601
DiffEv reached_goal. cost=2.48461e-03 spread=2.90048e-06
Fitted parameter values
Free:
       pc1 = -0.690799
       pc2 = -0.77824
       pc3 = 1.54035
       pc4 = -0.178285
       pc5 = -1.72885
       pc6 = -1.20307
       pc7 = -0.0996368
       pc8 = 1.21163
       pc9 = 0.350371
      pc10 = -0.681877
      pc11 = 0.253498
      pc12 = -0.0902831
      pc13 = -0.218555
      pc14 = -0.0272534
      pc15 = 0.033179
Constrained:
   Tgbecnw = 135067
     Tecnw = 25010.2
       Tnw = 18335.1
       Tec = 417.522
     twoNb = 1.19975e+06
     twoNc = 397055
     twoNw = 2.16658e+06
    twoNec = 176089
    twoNnw = 32692.5
  twoNecnw = 63087.1
  twoNbecnw = 17352.8
  twoNgbecnw = 286200
         m = 0.0943272
        m2 = 0.0195963
        m6 = 1.50243e-06
        Tb = 12713.9
        Ta = 43956.9
        Tf = 208.761
#       SitePat  BranchLen
              b 123739.3308435
              e 47069.9214133
              c 47069.9018233
              n 45223.5443640
              w 45223.5438579
            b:e 1403.0480596
            b:c 1403.0465594
            b:n 1089.2728848
            b:w 1089.2728636
            e:c 11994.3732411
            e:n 4472.9560494
            e:w 4472.9559371
            c:n 4472.9609466
            c:w 4472.9614528
            n:w 12476.2117385
          b:e:c 1289.2746956
          b:e:n 607.6240781
          b:e:w 607.6240561
          b:c:n 607.6240395
          b:c:w 607.6240607
          b:n:w 1308.6957598
          e:c:n 4496.3873526
          e:c:w 4496.3874648
          e:n:w 5471.4051875
          c:n:w 5471.4137796
        b:e:c:n 1149.9671174
        b:e:c:w 1149.9671394
        b:e:n:w 1833.8265476
        b:c:n:w 1833.8286669
        e:c:n:w 49204.3091877
