########################################
# legofit: estimate population history #
#       version 2.3.4-4-g53f8760       #
########################################

# Program was compiled: Sep 21 2021 14:36:42
# Program was run: Sun Oct 10 17:42:50 2021

# cmd: legofit -1 -d 0 -t 32 --ptsPerDim 3 --stateOut b1boot13.state --tol 3e-6 -S 5000 abf2.lgo ../../chrX/boot_chrX/boot13.opf
# Stage nOptItr nSimReps
#     0    5000        0
# algorithm          : deterministic
# ignoring probs <=  : 0
# Branch length floor: 0
# DE strategy        : 2
#    F               : 0.3
#    CR              : 0.8
#    tolerance       : 3e-06
# nthreads           : 32
# lgo input file     : abf2.lgo
# site pat input file: ../../chrX/boot_chrX/boot13.opf
# free parameters    : 15
# points in DE swarm : 45
# output state file  : b1boot13.state
# Including singleton site patterns.
# cost function      : KL
Initial parameter values
Fixed:
      zero = 0
       one = 1
    Tbecnw = 75200
Free:
       pc1 = 0
       pc2 = 0
       pc3 = 0
       pc4 = 0
       pc5 = 0
       pc6 = 0
       pc7 = 0
       pc8 = 0
       pc9 = 0
      pc10 = 0
      pc11 = 0
      pc12 = 0
      pc13 = 0
      pc14 = 0
      pc15 = 0
Constrained:
   Tgbecnw = 151822
     Tecnw = 24321.1
       Tnw = 19458.3
       Tec = 1495.2
     twoNb = 727536
     twoNc = 193811
     twoNw = 3.63889e+06
    twoNec = 161173
    twoNnw = 23580.2
  twoNecnw = 66649.9
  twoNbecnw = 15952
  twoNgbecnw = 263627
         m = 0.108954
        m2 = 0.0192472
        m6 = 1.19293e-06
        Tb = 12908.2
        Ta = 44054.1
        Tf = 747.601
DiffEv reached_goal. cost=2.61237e-03 spread=2.06273e-06
Fitted parameter values
Free:
       pc1 = -1.10116
       pc2 = -1.27635
       pc3 = 1.14846
       pc4 = -1.83137
       pc5 = -1.65341
       pc6 = -1.05147
       pc7 = 1.06778
       pc8 = 0.885717
       pc9 = 0.362535
      pc10 = -1.37961
      pc11 = -0.500126
      pc12 = 0.0801606
      pc13 = -0.188285
      pc14 = 0.313745
      pc15 = 0.0650392
Constrained:
   Tgbecnw = 125995
     Tecnw = 24653.8
       Tnw = 19724.3
       Tec = 338.234
     twoNb = 1.01334e+06
     twoNc = 552240
     twoNw = 1.86718e+06
    twoNec = 169122
    twoNnw = 23166.8
  twoNecnw = 60536
  twoNbecnw = 14959.2
  twoNgbecnw = 323362
         m = 0.080112
        m2 = 0.0206382
        m6 = 2.5893e-06
        Tb = 12496
        Ta = 43848
        Tf = 169.117
#       SitePat  BranchLen
              b 120991.9623964
              e 46022.6268517
              c 46022.5933836
              n 44265.3013132
              w 44265.3002700
            b:e 1393.0810348
            b:c 1393.0783624
            b:n 1062.5375810
            b:w 1062.5375364
            e:c 11919.8498766
            e:n 4335.6376197
            e:w 4335.6373834
            c:n 4335.6456202
            c:w 4335.6466634
            n:w 12276.7127988
          b:e:c 1289.8174898
          b:e:n 592.0829189
          b:e:w 592.0828724
          b:c:n 592.0828377
          b:c:w 592.0828823
          b:n:w 1305.0555235
          e:c:n 4424.8888360
          e:c:w 4424.8890723
          e:n:w 5447.2572530
          c:n:w 5447.2724617
        b:e:c:n 1130.5976670
        b:e:c:w 1130.5977135
        b:e:n:w 1823.9705664
        b:c:n:w 1823.9742891
        e:c:n:w 47912.5246331
