########################################
# legofit: estimate population history #
#       version 2.3.4-4-g53f8760       #
########################################

# Program was compiled: Sep 21 2021 14:36:42
# Program was run: Sun Oct 10 17:39:20 2021

# cmd: legofit -1 -d 0 -t 32 --ptsPerDim 3 --stateOut b1boot1.state --tol 3e-6 -S 5000 abf2.lgo ../../chrX/boot_chrX/boot1.opf
# Stage nOptItr nSimReps
#     0    5000        0
# algorithm          : deterministic
# ignoring probs <=  : 0
# Branch length floor: 0
# DE strategy        : 2
#    F               : 0.3
#    CR              : 0.8
#    tolerance       : 3e-06
# nthreads           : 32
# lgo input file     : abf2.lgo
# site pat input file: ../../chrX/boot_chrX/boot1.opf
# free parameters    : 15
# points in DE swarm : 45
# output state file  : b1boot1.state
# Including singleton site patterns.
# cost function      : KL
Initial parameter values
Fixed:
      zero = 0
       one = 1
    Tbecnw = 75200
Free:
       pc1 = 0
       pc2 = 0
       pc3 = 0
       pc4 = 0
       pc5 = 0
       pc6 = 0
       pc7 = 0
       pc8 = 0
       pc9 = 0
      pc10 = 0
      pc11 = 0
      pc12 = 0
      pc13 = 0
      pc14 = 0
      pc15 = 0
Constrained:
   Tgbecnw = 151822
     Tecnw = 24321.1
       Tnw = 19458.3
       Tec = 1495.2
     twoNb = 727536
     twoNc = 193811
     twoNw = 3.63889e+06
    twoNec = 161173
    twoNnw = 23580.2
  twoNecnw = 66649.9
  twoNbecnw = 15952
  twoNgbecnw = 263627
         m = 0.108954
        m2 = 0.0192472
        m6 = 1.19293e-06
        Tb = 12908.2
        Ta = 44054.1
        Tf = 747.601
DiffEv reached_goal. cost=2.59001e-03 spread=2.68083e-06
Fitted parameter values
Free:
       pc1 = -1.04551
       pc2 = -0.021323
       pc3 = -0.69985
       pc4 = -0.506478
       pc5 = -0.703316
       pc6 = 0.561356
       pc7 = -0.165612
       pc8 = 0.53066
       pc9 = -0.357655
      pc10 = -0.214193
      pc11 = -0.215956
      pc12 = 0.336978
      pc13 = -0.124601
      pc14 = -0.0864251
      pc15 = 0.0596024
Constrained:
   Tgbecnw = 118097
     Tecnw = 24238.1
       Tnw = 19283
       Tec = 1973.8
     twoNb = 875354
     twoNc = 161235
     twoNw = 3.57326e+06
    twoNec = 149876
    twoNnw = 22768.1
  twoNecnw = 63998.5
  twoNbecnw = 13019
  twoNgbecnw = 322661
         m = 0.0829647
        m2 = 0.0193337
        m6 = 1.12891e-06
        Tb = 13105.9
        Ta = 44153
        Tf = 986.899
#       SitePat  BranchLen
              b 120347.3795487
              e 46186.2056358
              c 46186.1908111
              n 44381.9793976
              w 44381.9791751
            b:e 1414.9553114
            b:c 1414.9541187
            b:n 1088.9363964
            b:w 1088.9363866
            e:c 12105.9833482
            e:n 4327.0673038
            e:w 4327.0672536
            c:n 4327.0710373
            c:w 4327.0712598
            n:w 12585.7161916
          b:e:c 1343.9388698
          b:e:n 605.3841724
          b:e:w 605.3841622
          b:c:n 605.3841433
          b:c:w 605.3841531
          b:n:w 1355.3350762
          e:c:n 4378.8004447
          e:c:w 4378.8004949
          e:n:w 5358.9646281
          c:n:w 5358.9713243
        b:e:c:n 1172.6143640
        b:e:c:w 1172.6143743
        b:e:n:w 1831.5543944
        b:c:n:w 1831.5560140
        e:c:n:w 47274.9768450
