########################################
# legofit: estimate population history #
#       version 2.3.4-4-g53f8760       #
########################################

# Program was compiled: Sep 21 2021 14:36:42
# Program was run: Sun Oct 10 17:46:52 2021

# cmd: legofit -1 -d 0 -t 32 --ptsPerDim 3 --stateOut b1boot27.state --tol 3e-6 -S 5000 abf2.lgo ../../chrX/boot_chrX/boot27.opf
# Stage nOptItr nSimReps
#     0    5000        0
# algorithm          : deterministic
# ignoring probs <=  : 0
# Branch length floor: 0
# DE strategy        : 2
#    F               : 0.3
#    CR              : 0.8
#    tolerance       : 3e-06
# nthreads           : 32
# lgo input file     : abf2.lgo
# site pat input file: ../../chrX/boot_chrX/boot27.opf
# free parameters    : 15
# points in DE swarm : 45
# output state file  : b1boot27.state
# Including singleton site patterns.
# cost function      : KL
Initial parameter values
Fixed:
      zero = 0
       one = 1
    Tbecnw = 75200
Free:
       pc1 = 0
       pc2 = 0
       pc3 = 0
       pc4 = 0
       pc5 = 0
       pc6 = 0
       pc7 = 0
       pc8 = 0
       pc9 = 0
      pc10 = 0
      pc11 = 0
      pc12 = 0
      pc13 = 0
      pc14 = 0
      pc15 = 0
Constrained:
   Tgbecnw = 151822
     Tecnw = 24321.1
       Tnw = 19458.3
       Tec = 1495.2
     twoNb = 727536
     twoNc = 193811
     twoNw = 3.63889e+06
    twoNec = 161173
    twoNnw = 23580.2
  twoNecnw = 66649.9
  twoNbecnw = 15952
  twoNgbecnw = 263627
         m = 0.108954
        m2 = 0.0192472
        m6 = 1.19293e-06
        Tb = 12908.2
        Ta = 44054.1
        Tf = 747.601
DiffEv reached_goal. cost=2.41108e-03 spread=2.70101e-06
Fitted parameter values
Free:
       pc1 = 0.383005
       pc2 = -0.216937
       pc3 = 0.333427
       pc4 = -0.609475
       pc5 = -0.510788
       pc6 = -0.0932052
       pc7 = 1.07486
       pc8 = 1.38113
       pc9 = 0.105017
      pc10 = -0.495938
      pc11 = 0.984142
      pc12 = 0.209643
      pc13 = -0.202891
      pc14 = -0.310892
      pc15 = 0.105689
Constrained:
   Tgbecnw = 133625
     Tecnw = 24397.6
       Tnw = 19700.3
       Tec = 1420.29
     twoNb = 1.1586e+06
     twoNc = 371000
     twoNw = 5.89236e+06
    twoNec = 159406
    twoNnw = 21150.7
  twoNecnw = 69023.7
  twoNbecnw = 17201.1
  twoNgbecnw = 283420
         m = 0.0979493
        m2 = 0.019828
        m6 = 1.49821e-06
        Tb = 12909
        Ta = 44054.5
        Tf = 710.145
#       SitePat  BranchLen
              b 124190.1512534
              e 47833.0859318
              c 47833.0651204
              n 45635.2725713
              w 45635.2723788
            b:e 1496.9985680
            b:c 1496.9968968
            b:n 1147.3740094
            b:w 1147.3740008
            e:c 12491.6423458
            e:n 4497.8842881
            e:w 4497.8842450
            c:n 4497.8895947
            c:w 4497.8897873
            n:w 13201.0879593
          b:e:c 1412.4864235
          b:e:n 638.2689463
          b:e:w 638.2689374
          b:c:n 638.2689162
          b:c:w 638.2689248
          b:n:w 1431.1202692
          e:c:n 4453.6628551
          e:c:w 4453.6628982
          e:n:w 5544.6340596
          c:n:w 5544.6434267
        b:e:c:n 1221.0223891
        b:e:c:w 1221.0223981
        b:e:n:w 1949.3928800
        b:c:n:w 1949.3951892
        e:c:n:w 48866.4930052
