########################################
# legofit: estimate population history #
#       version 2.3.4-4-g53f8760       #
########################################

# Program was compiled: Sep 21 2021 14:36:42
# Program was run: Sun Oct 10 17:45:55 2021

# cmd: legofit -1 -d 0 -t 32 --ptsPerDim 3 --stateOut b1boot22.state --tol 3e-6 -S 5000 abf2.lgo ../../chrX/boot_chrX/boot22.opf
# Stage nOptItr nSimReps
#     0    5000        0
# algorithm          : deterministic
# ignoring probs <=  : 0
# Branch length floor: 0
# DE strategy        : 2
#    F               : 0.3
#    CR              : 0.8
#    tolerance       : 3e-06
# nthreads           : 32
# lgo input file     : abf2.lgo
# site pat input file: ../../chrX/boot_chrX/boot22.opf
# free parameters    : 15
# points in DE swarm : 45
# output state file  : b1boot22.state
# Including singleton site patterns.
# cost function      : KL
Initial parameter values
Fixed:
      zero = 0
       one = 1
    Tbecnw = 75200
Free:
       pc1 = 0
       pc2 = 0
       pc3 = 0
       pc4 = 0
       pc5 = 0
       pc6 = 0
       pc7 = 0
       pc8 = 0
       pc9 = 0
      pc10 = 0
      pc11 = 0
      pc12 = 0
      pc13 = 0
      pc14 = 0
      pc15 = 0
Constrained:
   Tgbecnw = 151822
     Tecnw = 24321.1
       Tnw = 19458.3
       Tec = 1495.2
     twoNb = 727536
     twoNc = 193811
     twoNw = 3.63889e+06
    twoNec = 161173
    twoNnw = 23580.2
  twoNecnw = 66649.9
  twoNbecnw = 15952
  twoNgbecnw = 263627
         m = 0.108954
        m2 = 0.0192472
        m6 = 1.19293e-06
        Tb = 12908.2
        Ta = 44054.1
        Tf = 747.601
DiffEv reached_goal. cost=2.49904e-03 spread=2.51563e-06
Fitted parameter values
Free:
       pc1 = -1.34067
       pc2 = -0.0753582
       pc3 = -0.451928
       pc4 = -0.364419
       pc5 = -0.405172
       pc6 = 0.298187
       pc7 = -0.0113514
       pc8 = 0.223845
       pc9 = 0.366947
      pc10 = -0.260147
      pc11 = -0.582627
      pc12 = 0.0480225
      pc13 = -0.131109
      pc14 = 0.134005
      pc15 = 0.115173
Constrained:
   Tgbecnw = 115320
     Tecnw = 24127.9
       Tnw = 18621.1
       Tec = 1928.43
     twoNb = 747917
     twoNc = 196934
     twoNw = 3.53491e+06
    twoNec = 154610
    twoNnw = 25308
  twoNecnw = 62363.5
  twoNbecnw = 12604.8
  twoNgbecnw = 289494
         m = 0.0910842
        m2 = 0.0194707
        m6 = 1.92256e-06
        Tb = 13028.2
        Ta = 44114.1
        Tf = 964.215
#       SitePat  BranchLen
              b 119716.3898642
              e 45863.8672128
              c 45863.8421134
              n 43855.7119718
              w 43855.7116041
            b:e 1389.5973316
            b:c 1389.5953313
            b:n 1043.5207426
            b:w 1043.5207270
            e:c 11828.3653813
            e:n 4312.4043676
            e:w 4312.4042846
            c:n 4312.4107056
            c:w 4312.4110733
            n:w 12483.5909955
          b:e:c 1286.1639647
          b:e:n 584.0950121
          b:e:w 584.0949957
          b:c:n 584.0949653
          b:c:w 584.0949809
          b:n:w 1294.3024163
          e:c:n 4348.4806007
          e:c:w 4348.4806837
          e:n:w 5388.0071502
          c:n:w 5388.0185204
        b:e:c:n 1121.7002990
        b:e:c:w 1121.7003154
        b:e:n:w 1773.0213456
        b:c:n:w 1773.0240099
        e:c:n:w 47026.5334981
