########################################
# legofit: estimate population history #
#       version 2.3.4-4-g53f8760       #
########################################

# Program was compiled: Sep 21 2021 14:36:42
# Program was run: Sun Oct 10 17:46:47 2021

# cmd: legofit -1 -d 0 -t 32 --ptsPerDim 3 --stateOut b1boot26.state --tol 3e-6 -S 5000 abf2.lgo ../../chrX/boot_chrX/boot26.opf
# Stage nOptItr nSimReps
#     0    5000        0
# algorithm          : deterministic
# ignoring probs <=  : 0
# Branch length floor: 0
# DE strategy        : 2
#    F               : 0.3
#    CR              : 0.8
#    tolerance       : 3e-06
# nthreads           : 32
# lgo input file     : abf2.lgo
# site pat input file: ../../chrX/boot_chrX/boot26.opf
# free parameters    : 15
# points in DE swarm : 45
# output state file  : b1boot26.state
# Including singleton site patterns.
# cost function      : KL
Initial parameter values
Fixed:
      zero = 0
       one = 1
    Tbecnw = 75200
Free:
       pc1 = 0
       pc2 = 0
       pc3 = 0
       pc4 = 0
       pc5 = 0
       pc6 = 0
       pc7 = 0
       pc8 = 0
       pc9 = 0
      pc10 = 0
      pc11 = 0
      pc12 = 0
      pc13 = 0
      pc14 = 0
      pc15 = 0
Constrained:
   Tgbecnw = 151822
     Tecnw = 24321.1
       Tnw = 19458.3
       Tec = 1495.2
     twoNb = 727536
     twoNc = 193811
     twoNw = 3.63889e+06
    twoNec = 161173
    twoNnw = 23580.2
  twoNecnw = 66649.9
  twoNbecnw = 15952
  twoNgbecnw = 263627
         m = 0.108954
        m2 = 0.0192472
        m6 = 1.19293e-06
        Tb = 12908.2
        Ta = 44054.1
        Tf = 747.601
DiffEv reached_goal. cost=2.40441e-03 spread=2.95336e-06
Fitted parameter values
Free:
       pc1 = -1.18687
       pc2 = -0.804174
       pc3 = 1.66888
       pc4 = -0.748807
       pc5 = -1.39815
       pc6 = 0.789438
       pc7 = -0.723051
       pc8 = 1.47678
       pc9 = 1.92925
      pc10 = -1.30894
      pc11 = 0.512191
      pc12 = -0.18978
      pc13 = -0.0641924
      pc14 = -0.112728
      pc15 = 0.11333
Constrained:
   Tgbecnw = 121894
     Tecnw = 24418.7
       Tnw = 17896
       Tec = 717.891
     twoNb = 1.42211e+06
     twoNc = 331839
     twoNw = 2.05434e+06
    twoNec = 173555
    twoNnw = 31373.5
  twoNecnw = 62875.6
  twoNbecnw = 14528.6
  twoNgbecnw = 292494
         m = 0.0890925
        m2 = 0.0188786
        m6 = 6.00836e-06
        Tb = 12568.3
        Ta = 43884.2
        Tf = 358.945
#       SitePat  BranchLen
              b 121073.4564543
              e 46499.8202405
              c 46499.7416422
              n 44461.2192706
              w 44461.2172379
            b:e 1427.8687863
            b:c 1427.8626615
            b:n 1115.6960973
            b:w 1115.6960082
            e:c 11817.8409770
            e:n 4453.6169062
            e:w 4453.6164510
            c:n 4453.6365211
            c:w 4453.6385538
            n:w 12481.2560047
          b:e:c 1335.7200292
          b:e:n 629.0011367
          b:e:w 629.0010436
          b:c:n 629.0009574
          b:c:w 629.0010465
          b:n:w 1349.2927922
          e:c:n 4458.8185618
          e:c:w 4458.8190170
          e:n:w 5473.6436513
          c:n:w 5473.6783670
        b:e:c:n 1192.8711590
        b:e:c:w 1192.8712521
        b:e:n:w 1851.7694694
        b:c:n:w 1851.7779354
        e:c:n:w 47575.6082823
