########################################
# legofit: estimate population history #
#       version 2.3.4-4-g53f8760       #
########################################

# Program was compiled: Sep 21 2021 14:36:42
# Program was run: Sun Oct 10 17:43:56 2021

# cmd: legofit -1 -d 0 -t 32 --ptsPerDim 3 --stateOut b1boot16.state --tol 3e-6 -S 5000 abf2.lgo ../../chrX/boot_chrX/boot16.opf
# Stage nOptItr nSimReps
#     0    5000        0
# algorithm          : deterministic
# ignoring probs <=  : 0
# Branch length floor: 0
# DE strategy        : 2
#    F               : 0.3
#    CR              : 0.8
#    tolerance       : 3e-06
# nthreads           : 32
# lgo input file     : abf2.lgo
# site pat input file: ../../chrX/boot_chrX/boot16.opf
# free parameters    : 15
# points in DE swarm : 45
# output state file  : b1boot16.state
# Including singleton site patterns.
# cost function      : KL
Initial parameter values
Fixed:
      zero = 0
       one = 1
    Tbecnw = 75200
Free:
       pc1 = 0
       pc2 = 0
       pc3 = 0
       pc4 = 0
       pc5 = 0
       pc6 = 0
       pc7 = 0
       pc8 = 0
       pc9 = 0
      pc10 = 0
      pc11 = 0
      pc12 = 0
      pc13 = 0
      pc14 = 0
      pc15 = 0
Constrained:
   Tgbecnw = 151822
     Tecnw = 24321.1
       Tnw = 19458.3
       Tec = 1495.2
     twoNb = 727536
     twoNc = 193811
     twoNw = 3.63889e+06
    twoNec = 161173
    twoNnw = 23580.2
  twoNecnw = 66649.9
  twoNbecnw = 15952
  twoNgbecnw = 263627
         m = 0.108954
        m2 = 0.0192472
        m6 = 1.19293e-06
        Tb = 12908.2
        Ta = 44054.1
        Tf = 747.601
DiffEv reached_goal. cost=2.54621e-03 spread=2.56076e-06
Fitted parameter values
Free:
       pc1 = -1.96697
       pc2 = 0.232331
       pc3 = 0.307418
       pc4 = 0.526319
       pc5 = -0.0998527
       pc6 = -0.273608
       pc7 = 0.113249
       pc8 = 0.330225
       pc9 = -0.0516612
      pc10 = 0.0156469
      pc11 = -0.199057
      pc12 = 0.0221478
      pc13 = -0.0789045
      pc14 = -0.125147
      pc15 = 0.0920247
Constrained:
   Tgbecnw = 113725
     Tecnw = 24313.6
       Tnw = 17392.8
       Tec = 767.837
     twoNb = 720590
     twoNc = 173775
     twoNw = 5.7605e+06
    twoNec = 168064
    twoNnw = 32675.6
  twoNecnw = 62940.4
  twoNbecnw = 12220.1
  twoNgbecnw = 287894
         m = 0.0937197
        m2 = 0.0194391
        m6 = 7.32579e-07
        Tb = 12540.7
        Ta = 43870.4
        Tf = 383.918
#       SitePat  BranchLen
              b 120044.4279301
              e 46123.7818638
              c 46123.7723369
              n 44095.1479168
              w 44095.1478314
            b:e 1408.2274550
            b:c 1408.2266985
            b:n 1058.4494682
            b:w 1058.4494647
            e:c 11780.9197769
            e:n 4346.9945402
            e:w 4346.9945215
            c:n 4346.9970308
            c:w 4346.9971162
            n:w 12479.7733739
          b:e:c 1290.9796638
          b:e:n 596.5036251
          b:e:w 596.5036213
          b:c:n 596.5036093
          b:c:w 596.5036128
          b:n:w 1297.9668823
          e:c:n 4337.4891982
          e:c:w 4337.4892170
          e:n:w 5355.8009949
          c:n:w 5355.8052082
        b:e:c:n 1141.3866171
        b:e:c:w 1141.3866209
        b:e:n:w 1795.6384078
        b:c:n:w 1795.6394168
        e:c:n:w 47226.6971197
