########################################
# legofit: estimate population history #
#       version 2.3.4-4-g53f8760       #
########################################

# Program was compiled: Sep 21 2021 14:36:42
# Program was run: Sun Oct 10 17:52:43 2021

# cmd: legofit -1 -d 0 -t 32 --ptsPerDim 3 --stateOut b1boot44.state --tol 3e-6 -S 5000 abf2.lgo ../../chrX/boot_chrX/boot44.opf
# Stage nOptItr nSimReps
#     0    5000        0
# algorithm          : deterministic
# ignoring probs <=  : 0
# Branch length floor: 0
# DE strategy        : 2
#    F               : 0.3
#    CR              : 0.8
#    tolerance       : 3e-06
# nthreads           : 32
# lgo input file     : abf2.lgo
# site pat input file: ../../chrX/boot_chrX/boot44.opf
# free parameters    : 15
# points in DE swarm : 45
# output state file  : b1boot44.state
# Including singleton site patterns.
# cost function      : KL
Initial parameter values
Fixed:
      zero = 0
       one = 1
    Tbecnw = 75200
Free:
       pc1 = 0
       pc2 = 0
       pc3 = 0
       pc4 = 0
       pc5 = 0
       pc6 = 0
       pc7 = 0
       pc8 = 0
       pc9 = 0
      pc10 = 0
      pc11 = 0
      pc12 = 0
      pc13 = 0
      pc14 = 0
      pc15 = 0
Constrained:
   Tgbecnw = 151822
     Tecnw = 24321.1
       Tnw = 19458.3
       Tec = 1495.2
     twoNb = 727536
     twoNc = 193811
     twoNw = 3.63889e+06
    twoNec = 161173
    twoNnw = 23580.2
  twoNecnw = 66649.9
  twoNbecnw = 15952
  twoNgbecnw = 263627
         m = 0.108954
        m2 = 0.0192472
        m6 = 1.19293e-06
        Tb = 12908.2
        Ta = 44054.1
        Tf = 747.601
DiffEv reached_goal. cost=2.41519e-03 spread=2.98140e-06
Fitted parameter values
Free:
       pc1 = -1.81326
       pc2 = 0.735735
       pc3 = 0.763587
       pc4 = 0.418142
       pc5 = -1.72963
       pc6 = 0.0877296
       pc7 = 0.130635
       pc8 = 0.230939
       pc9 = 0.648701
      pc10 = 0.319987
      pc11 = 0.431583
      pc12 = -0.0935365
      pc13 = 0.0213382
      pc14 = 0.0994159
      pc15 = 0.0513675
Constrained:
   Tgbecnw = 112625
     Tecnw = 23964.1
       Tnw = 16807.3
       Tec = 198.758
     twoNb = 1.17457e+06
     twoNc = 183430
     twoNw = 2.31021e+06
    twoNec = 170940
    twoNnw = 34645.3
  twoNecnw = 62888.5
  twoNbecnw = 12110.3
  twoNgbecnw = 273196
         m = 0.101017
        m2 = 0.0196117
        m6 = 3.66906e-07
        Tb = 12081.4
        Ta = 43640.7
        Tf = 99.379
#       SitePat  BranchLen
              b 120745.8786273
              e 45860.9167035
              c 45860.9119203
              n 43874.0351238
              w 43874.0350185
            b:e 1373.8123147
            b:c 1373.8119515
            b:n 1054.6640947
            b:w 1054.6640904
            e:c 11771.8376690
            e:n 4390.9898717
            e:w 4390.9898485
            c:n 4390.9910894
            c:w 4390.9911947
            n:w 12409.9164068
          b:e:c 1268.6118443
          b:e:n 594.7053149
          b:e:w 594.7053103
          b:c:n 594.7053048
          b:c:w 594.7053092
          b:n:w 1282.0292798
          e:c:n 4379.8891900
          e:c:w 4379.8892132
          e:n:w 5366.8633914
          c:n:w 5366.8654780
        b:e:c:n 1134.5838616
        b:e:c:w 1134.5838662
        b:e:n:w 1802.1396831
        b:c:n:w 1802.1401903
        e:c:n:w 47961.2231389
