########################################
# legofit: estimate population history #
#       version 2.3.4-4-g53f8760       #
########################################

# Program was compiled: Sep 21 2021 14:36:42
# Program was run: Sun Oct 10 17:41:18 2021

# cmd: legofit -1 -d 0 -t 32 --ptsPerDim 3 --stateOut b1boot9.state --tol 3e-6 -S 5000 abf2.lgo ../../chrX/boot_chrX/boot9.opf
# Stage nOptItr nSimReps
#     0    5000        0
# algorithm          : deterministic
# ignoring probs <=  : 0
# Branch length floor: 0
# DE strategy        : 2
#    F               : 0.3
#    CR              : 0.8
#    tolerance       : 3e-06
# nthreads           : 32
# lgo input file     : abf2.lgo
# site pat input file: ../../chrX/boot_chrX/boot9.opf
# free parameters    : 15
# points in DE swarm : 45
# output state file  : b1boot9.state
# Including singleton site patterns.
# cost function      : KL
Initial parameter values
Fixed:
      zero = 0
       one = 1
    Tbecnw = 75200
Free:
       pc1 = 0
       pc2 = 0
       pc3 = 0
       pc4 = 0
       pc5 = 0
       pc6 = 0
       pc7 = 0
       pc8 = 0
       pc9 = 0
      pc10 = 0
      pc11 = 0
      pc12 = 0
      pc13 = 0
      pc14 = 0
      pc15 = 0
Constrained:
   Tgbecnw = 151822
     Tecnw = 24321.1
       Tnw = 19458.3
       Tec = 1495.2
     twoNb = 727536
     twoNc = 193811
     twoNw = 3.63889e+06
    twoNec = 161173
    twoNnw = 23580.2
  twoNecnw = 66649.9
  twoNbecnw = 15952
  twoNgbecnw = 263627
         m = 0.108954
        m2 = 0.0192472
        m6 = 1.19293e-06
        Tb = 12908.2
        Ta = 44054.1
        Tf = 747.601
DiffEv reached_goal. cost=2.47428e-03 spread=2.80015e-06
Fitted parameter values
Free:
       pc1 = -1.11403
       pc2 = 0.791505
       pc3 = 0.663865
       pc4 = -1.80416
       pc5 = -0.382072
       pc6 = -0.159923
       pc7 = 0.103732
       pc8 = 1.06358
       pc9 = -0.0589529
      pc10 = -0.0642104
      pc11 = 0.545473
      pc12 = 0.237845
      pc13 = -0.028646
      pc14 = -0.0417315
      pc15 = 0.00412195
Constrained:
   Tgbecnw = 114638
     Tecnw = 23982.5
       Tnw = 19563.3
       Tec = 212.227
     twoNb = 1.04847e+06
     twoNc = 378383
     twoNw = 5.01391e+06
    twoNec = 165980
    twoNnw = 20709
  twoNecnw = 64450.5
  twoNbecnw = 11938.4
  twoNgbecnw = 319511
         m = 0.0881272
        m2 = 0.0183131
        m6 = 7.51524e-07
        Tb = 12097.4
        Ta = 43648.7
        Tf = 106.114
#       SitePat  BranchLen
              b 120737.2754501
              e 45942.5813535
              c 45942.5717696
              n 44253.0833296
              w 44253.0832168
            b:e 1344.9652232
            b:c 1344.9644853
            b:n 1040.9503871
            b:w 1040.9503823
            e:c 11969.4567190
            e:n 4336.6746301
            e:w 4336.6746049
            c:n 4336.6770701
            c:w 4336.6771829
            n:w 12342.0926286
          b:e:c 1270.6114258
          b:e:n 583.2929124
          b:e:w 583.2929075
          b:c:n 583.2928956
          b:c:w 583.2929003
          b:n:w 1283.3244007
          e:c:n 4314.3316025
          e:c:w 4314.3316277
          e:n:w 5277.2229109
          c:n:w 5277.2272107
        b:e:c:n 1122.6038566
        b:e:c:w 1122.6038616
        b:e:n:w 1767.8689132
        b:c:n:w 1767.8699410
        e:c:n:w 47890.6475201
