########################################
# legofit: estimate population history #
#       version 2.3.4-4-g53f8760       #
########################################

# Program was compiled: Sep 21 2021 14:36:42
# Program was run: Sun Oct 10 17:41:24 2021

# cmd: legofit -1 -d 0 -t 32 --ptsPerDim 3 --stateOut b1boot10.state --tol 3e-6 -S 5000 abf2.lgo ../../chrX/boot_chrX/boot10.opf
# Stage nOptItr nSimReps
#     0    5000        0
# algorithm          : deterministic
# ignoring probs <=  : 0
# Branch length floor: 0
# DE strategy        : 2
#    F               : 0.3
#    CR              : 0.8
#    tolerance       : 3e-06
# nthreads           : 32
# lgo input file     : abf2.lgo
# site pat input file: ../../chrX/boot_chrX/boot10.opf
# free parameters    : 15
# points in DE swarm : 45
# output state file  : b1boot10.state
# Including singleton site patterns.
# cost function      : KL
Initial parameter values
Fixed:
      zero = 0
       one = 1
    Tbecnw = 75200
Free:
       pc1 = 0
       pc2 = 0
       pc3 = 0
       pc4 = 0
       pc5 = 0
       pc6 = 0
       pc7 = 0
       pc8 = 0
       pc9 = 0
      pc10 = 0
      pc11 = 0
      pc12 = 0
      pc13 = 0
      pc14 = 0
      pc15 = 0
Constrained:
   Tgbecnw = 151822
     Tecnw = 24321.1
       Tnw = 19458.3
       Tec = 1495.2
     twoNb = 727536
     twoNc = 193811
     twoNw = 3.63889e+06
    twoNec = 161173
    twoNnw = 23580.2
  twoNecnw = 66649.9
  twoNbecnw = 15952
  twoNgbecnw = 263627
         m = 0.108954
        m2 = 0.0192472
        m6 = 1.19293e-06
        Tb = 12908.2
        Ta = 44054.1
        Tf = 747.601
DiffEv reached_goal. cost=2.35779e-03 spread=2.28238e-06
Fitted parameter values
Free:
       pc1 = -1.95708
       pc2 = -0.687657
       pc3 = 0.0660157
       pc4 = -1.27552
       pc5 = 0.470261
       pc6 = 0.954016
       pc7 = -1.78157
       pc8 = 0.353158
       pc9 = 0.911396
      pc10 = -0.915571
      pc11 = 1.20179
      pc12 = -0.1383
      pc13 = 0.0733886
      pc14 = -0.139728
      pc15 = -0.0408983
Constrained:
   Tgbecnw = 123601
     Tecnw = 23927.3
       Tnw = 17621.7
       Tec = 1317.01
     twoNb = 776478
     twoNc = 235096
     twoNw = 2.80832e+06
    twoNec = 160200
    twoNnw = 31544.3
  twoNecnw = 65676.3
  twoNbecnw = 13880.8
  twoNgbecnw = 367210
         m = 0.0755575
        m2 = 0.0173307
        m6 = 5.26277e-06
        Tb = 12622.1
        Ta = 43911.1
        Tf = 658.504
#       SitePat  BranchLen
              b 121679.3649003
              e 46330.2655917
              c 46330.1988256
              n 44707.4664303
              w 44707.4651604
            b:e 1417.3529946
            b:c 1417.3477732
            b:n 1121.0971907
            b:w 1121.0971353
            e:c 11975.4797220
            e:n 4492.1642257
            e:w 4492.1639418
            c:n 4492.1815147
            c:w 4492.1827846
            n:w 12416.3936307
          b:e:c 1329.9424292
          b:e:n 628.6868331
          b:e:w 628.6867749
          b:c:n 628.6866912
          b:c:w 628.6867466
          b:n:w 1339.4414299
          e:c:n 4464.6801927
          e:c:w 4464.6804765
          e:n:w 5326.4981377
          c:n:w 5326.5270878
        b:e:c:n 1205.7673104
        b:e:c:w 1205.7673685
        b:e:n:w 1812.5383447
        b:c:n:w 1812.5454204
        e:c:n:w 48202.3350864
