########################################
# legofit: estimate population history #
#       version 2.3.4-4-g53f8760       #
########################################

# Program was compiled: Sep 21 2021 14:36:42
# Program was run: Sun Oct 10 17:48:22 2021

# cmd: legofit -1 -d 0 -t 32 --ptsPerDim 3 --stateOut b1boot31.state --tol 3e-6 -S 5000 abf2.lgo ../../chrX/boot_chrX/boot31.opf
# Stage nOptItr nSimReps
#     0    5000        0
# algorithm          : deterministic
# ignoring probs <=  : 0
# Branch length floor: 0
# DE strategy        : 2
#    F               : 0.3
#    CR              : 0.8
#    tolerance       : 3e-06
# nthreads           : 32
# lgo input file     : abf2.lgo
# site pat input file: ../../chrX/boot_chrX/boot31.opf
# free parameters    : 15
# points in DE swarm : 45
# output state file  : b1boot31.state
# Including singleton site patterns.
# cost function      : KL
Initial parameter values
Fixed:
      zero = 0
       one = 1
    Tbecnw = 75200
Free:
       pc1 = 0
       pc2 = 0
       pc3 = 0
       pc4 = 0
       pc5 = 0
       pc6 = 0
       pc7 = 0
       pc8 = 0
       pc9 = 0
      pc10 = 0
      pc11 = 0
      pc12 = 0
      pc13 = 0
      pc14 = 0
      pc15 = 0
Constrained:
   Tgbecnw = 151822
     Tecnw = 24321.1
       Tnw = 19458.3
       Tec = 1495.2
     twoNb = 727536
     twoNc = 193811
     twoNw = 3.63889e+06
    twoNec = 161173
    twoNnw = 23580.2
  twoNecnw = 66649.9
  twoNbecnw = 15952
  twoNgbecnw = 263627
         m = 0.108954
        m2 = 0.0192472
        m6 = 1.19293e-06
        Tb = 12908.2
        Ta = 44054.1
        Tf = 747.601
DiffEv reached_goal. cost=2.55545e-03 spread=2.29809e-06
Fitted parameter values
Free:
       pc1 = -1.81249
       pc2 = -1.36737
       pc3 = 1.02563
       pc4 = 1.25714
       pc5 = -1.54123
       pc6 = 1.25993
       pc7 = -1.33852
       pc8 = 0.52717
       pc9 = 1.64783
      pc10 = -1.30632
      pc11 = -0.515585
      pc12 = -0.0703339
      pc13 = -0.0459582
      pc14 = 0.0548473
      pc15 = -0.027889
Constrained:
   Tgbecnw = 122766
     Tecnw = 24745.8
       Tnw = 16868
       Tec = 1120.62
     twoNb = 1.1352e+06
     twoNc = 50868
     twoNw = 709875
    twoNec = 167293
    twoNnw = 40343.7
  twoNecnw = 60563.6
  twoNbecnw = 14709.1
  twoNgbecnw = 282970
         m = 0.0921639
        m2 = 0.0197244
        m6 = 6.19035e-06
        Tb = 12933.2
        Ta = 44066.6
        Tf = 560.309
#       SitePat  BranchLen
              b 121175.1640818
              e 46105.1147655
              c 46105.0339422
              n 44457.1431524
              w 44457.1375013
            b:e 1373.7498795
            b:c 1373.7438028
            b:n 1077.7097680
            b:w 1077.7095317
            e:c 11718.3545110
            e:n 4421.6586578
            e:w 4421.6574038
            c:n 4421.6772056
            c:w 4421.6828567
            n:w 12127.1037463
          b:e:c 1262.2268806
          b:e:n 602.4000454
          b:e:w 602.3997994
          b:c:n 602.3997228
          b:c:w 602.3999590
          b:n:w 1278.1602150
          e:c:n 4497.9914841
          e:c:w 4497.9927381
          e:n:w 5376.9382560
          c:n:w 5376.9728488
        b:e:c:n 1146.8134468
        b:e:c:w 1146.8136927
        b:e:n:w 1787.1347080
        b:c:n:w 1787.1431776
        e:c:n:w 47934.7225912
