########################################
# legofit: estimate population history #
#       version 2.3.4-4-g53f8760       #
########################################

# Program was compiled: Sep 21 2021 14:36:42
# Program was run: Sat Sep 25 00:30:19 2021

# cmd: legofit -1 -d 0 -t 32 --ptsPerDim 3 --stateOut b1.state --tol 3e-6 -S 5000 abef2.lgo ../../chrX/pan_chrX.opf
# Stage nOptItr nSimReps
#     0    5000        0
# algorithm          : deterministic
# ignoring probs <=  : 0
# Branch length floor: 0
# DE strategy        : 2
#    F               : 0.3
#    CR              : 0.8
#    tolerance       : 3e-06
# nthreads           : 32
# lgo input file     : abef2.lgo
# site pat input file: ../../chrX/pan_chrX.opf
# free parameters    : 17
# points in DE swarm : 51
# output state file  : b1.state
# Including singleton site patterns.
# cost function      : KL
Initial parameter values
Fixed:
      zero = 0
       one = 1
    Tbecnw = 75200
Free:
       pc1 = 0
       pc2 = 0
       pc3 = 0
       pc4 = 0
       pc5 = 0
       pc6 = 0
       pc7 = 0
       pc8 = 0
       pc9 = 0
      pc10 = 0
      pc11 = 0
      pc12 = 0
      pc13 = 0
      pc14 = 0
      pc15 = 0
      pc16 = 0
      pc17 = 0
Constrained:
   Tgbecnw = 228950
     Tecnw = 29843.5
       Tnw = 11239.2
       Tec = 5871.96
     twoNb = 1.61502e+06
     twoNe = 1.41569e+06
     twoNc = 1.45773e+06
     twoNw = 1.47234e+06
    twoNec = 96257.1
    twoNnw = 83744
  twoNecnw = 58389.9
  twoNbecnw = 25286.5
  twoNgbecnw = 232550
         m = 0.106506
        m2 = 0.0262947
        m5 = 0.187972
        m6 = 0.0537231
        Tb = 17857.7
        Ta = 46528.9
        Te = 5619.58
        Tf = 2809.79
DiffEv reached_goal. cost=2.27543e-03 spread=2.33596e-06
Fitted parameter values
Free:
       pc1 = -3.01429
       pc2 = -0.655733
       pc3 = -1.96457
       pc4 = 1.04781
       pc5 = -0.0373257
       pc6 = -0.434252
       pc7 = 1.29288
       pc8 = -0.3392
       pc9 = -0.126906
      pc10 = 0.238043
      pc11 = -0.124154
      pc12 = 0.22261
      pc13 = 0.0058236
      pc14 = -0.179108
      pc15 = 0.0417053
      pc16 = 0.0627633
      pc17 = -0.00481523
Constrained:
   Tgbecnw = 148935
     Tecnw = 26266.4
       Tnw = 20671.9
       Tec = 11190.6
     twoNb = 3.08292e+06
     twoNe = 743045
     twoNc = 97048
     twoNw = 2.14378e+06
    twoNec = 66686.6
    twoNnw = 23563
  twoNecnw = 67103.5
  twoNbecnw = 20563
  twoNgbecnw = 248821
         m = 0.107298
        m2 = 0.0230483
        m5 = 0.17566
        m6 = 0.0292541
        Tb = 18728.5
        Ta = 46964.2
        Te = 10335.9
        Tf = 5167.96
#       SitePat  BranchLen
              b 126166.2569441
              e 47006.7646385
              c 49174.1119891
              n 46106.3940710
              w 46068.5630600
            b:e 1317.3177472
            b:c 1484.8455279
            b:n 1119.0234432
            b:w 1117.2036644
            e:c 12361.9226004
            e:n 4827.8875652
            e:w 4855.8378015
            c:n 4288.4985352
            c:w 4288.9158251
            n:w 12832.8166899
          b:e:c 1350.1952722
          b:e:n 604.8829078
          b:e:w 605.9659681
          b:c:n 607.2612958
          b:c:w 606.1283729
          b:n:w 1395.7099914
          e:c:n 4559.8598146
          e:c:w 4569.3232992
          e:n:w 6116.0511229
          c:n:w 5132.1015186
        b:e:c:n 1163.6516620
        b:e:c:w 1165.5213033
        b:e:n:w 1998.1986581
        b:c:n:w 1751.0433062
        e:c:n:w 49949.8259319
