########################################
# legofit: estimate population history #
#       version 2.3.4-4-g53f8760       #
########################################

# Program was compiled: Sep 21 2021 14:36:42
# Program was run: Sat Sep 25 01:23:18 2021

# cmd: legofit -1 -d 0 -t 32 --ptsPerDim 3 --stateOut b1boot38.state --tol 3e-6 -S 5000 abef2.lgo ../../chrX/boot_chrX/boot38.opf
# Stage nOptItr nSimReps
#     0    5000        0
# algorithm          : deterministic
# ignoring probs <=  : 0
# Branch length floor: 0
# DE strategy        : 2
#    F               : 0.3
#    CR              : 0.8
#    tolerance       : 3e-06
# nthreads           : 32
# lgo input file     : abef2.lgo
# site pat input file: ../../chrX/boot_chrX/boot38.opf
# free parameters    : 17
# points in DE swarm : 51
# output state file  : b1boot38.state
# Including singleton site patterns.
# cost function      : KL
Initial parameter values
Fixed:
      zero = 0
       one = 1
    Tbecnw = 75200
Free:
       pc1 = 0
       pc2 = 0
       pc3 = 0
       pc4 = 0
       pc5 = 0
       pc6 = 0
       pc7 = 0
       pc8 = 0
       pc9 = 0
      pc10 = 0
      pc11 = 0
      pc12 = 0
      pc13 = 0
      pc14 = 0
      pc15 = 0
      pc16 = 0
      pc17 = 0
Constrained:
   Tgbecnw = 228950
     Tecnw = 29843.5
       Tnw = 11239.2
       Tec = 5871.96
     twoNb = 1.61502e+06
     twoNe = 1.41569e+06
     twoNc = 1.45773e+06
     twoNw = 1.47234e+06
    twoNec = 96257.1
    twoNnw = 83744
  twoNecnw = 58389.9
  twoNbecnw = 25286.5
  twoNgbecnw = 232550
         m = 0.106506
        m2 = 0.0262947
        m5 = 0.187972
        m6 = 0.0537231
        Tb = 17857.7
        Ta = 46528.9
        Te = 5619.58
        Tf = 2809.79
DiffEv reached_goal. cost=2.42305e-03 spread=2.30996e-06
Fitted parameter values
Free:
       pc1 = 3.81569
       pc2 = 0.374386
       pc3 = -1.47753
       pc4 = -1.03487
       pc5 = 1.76163
       pc6 = 0.373588
       pc7 = 0.831504
       pc8 = 1.51109
       pc9 = -0.315188
      pc10 = 0.591973
      pc11 = -0.248694
      pc12 = -0.0983583
      pc13 = 0.0990103
      pc14 = -0.175608
      pc15 = 0.162597
      pc16 = 0.0846201
      pc17 = -0.0058624
Constrained:
   Tgbecnw = 181916
     Tecnw = 35388.3
       Tnw = 2.53307
       Tec = 1481.85
     twoNb = 2.58758e+06
     twoNe = 7.14653e+06
     twoNc = 1.83702e+06
     twoNw = 1.59366e+06
    twoNec = 100176
    twoNnw = 160020
  twoNecnw = 39165.1
  twoNbecnw = 27860.7
  twoNgbecnw = 301777
         m = 0.0593405
        m2 = 0.0353256
        m5 = 0.276059
        m6 = 0.158588
        Tb = 18435.1
        Ta = 46817.5
        Te = 1.26654
        Tf = 0.633269
#       SitePat  BranchLen
              b 123886.1837854
              e 45824.5155395
              c 47813.4590621
              n 44828.3612592
              w 44828.3411204
            b:e 1297.8610072
            b:c 1435.8775336
            b:n 1091.5832021
            b:w 1091.5825155
            e:c 11793.0853608
            e:n 4751.8206089
            e:w 4751.8297437
            c:n 4162.6765626
            c:w 4162.6839315
            n:w 12289.3759854
          b:e:c 1237.0905749
          b:e:n 589.0308710
          b:e:w 589.0309180
          b:c:n 589.5586370
          b:c:w 589.5585814
          b:n:w 1295.8738311
          e:c:n 4464.1242434
          e:c:w 4464.1278784
          e:n:w 5839.7592037
          c:n:w 5102.2674697
        b:e:c:n 1112.2511313
        b:e:c:w 1112.2518263
        b:e:n:w 1922.3298934
        b:c:n:w 1710.0959930
        e:c:n:w 49801.0515902
