########################################
# legofit: estimate population history #
#       version 2.3.4-4-g53f8760       #
########################################

# Program was compiled: Sep 21 2021 14:36:42
# Program was run: Sat Sep 25 00:43:59 2021

# cmd: legofit -1 -d 0 -t 32 --ptsPerDim 3 --stateOut b1boot12.state --tol 3e-6 -S 5000 abef2.lgo ../../chrX/boot_chrX/boot12.opf
# Stage nOptItr nSimReps
#     0    5000        0
# algorithm          : deterministic
# ignoring probs <=  : 0
# Branch length floor: 0
# DE strategy        : 2
#    F               : 0.3
#    CR              : 0.8
#    tolerance       : 3e-06
# nthreads           : 32
# lgo input file     : abef2.lgo
# site pat input file: ../../chrX/boot_chrX/boot12.opf
# free parameters    : 17
# points in DE swarm : 51
# output state file  : b1boot12.state
# Including singleton site patterns.
# cost function      : KL
Initial parameter values
Fixed:
      zero = 0
       one = 1
    Tbecnw = 75200
Free:
       pc1 = 0
       pc2 = 0
       pc3 = 0
       pc4 = 0
       pc5 = 0
       pc6 = 0
       pc7 = 0
       pc8 = 0
       pc9 = 0
      pc10 = 0
      pc11 = 0
      pc12 = 0
      pc13 = 0
      pc14 = 0
      pc15 = 0
      pc16 = 0
      pc17 = 0
Constrained:
   Tgbecnw = 228950
     Tecnw = 29843.5
       Tnw = 11239.2
       Tec = 5871.96
     twoNb = 1.61502e+06
     twoNe = 1.41569e+06
     twoNc = 1.45773e+06
     twoNw = 1.47234e+06
    twoNec = 96257.1
    twoNnw = 83744
  twoNecnw = 58389.9
  twoNbecnw = 25286.5
  twoNgbecnw = 232550
         m = 0.106506
        m2 = 0.0262947
        m5 = 0.187972
        m6 = 0.0537231
        Tb = 17857.7
        Ta = 46528.9
        Te = 5619.58
        Tf = 2809.79
DiffEv reached_goal. cost=2.37809e-03 spread=2.89213e-06
Fitted parameter values
Free:
       pc1 = 3.34905
       pc2 = 0.16149
       pc3 = 0.231675
       pc4 = -0.99146
       pc5 = 1.7434
       pc6 = -0.916568
       pc7 = 1.17741
       pc8 = 1.03698
       pc9 = -0.146835
      pc10 = 0.628337
      pc11 = -0.258866
      pc12 = -0.228144
      pc13 = -0.113029
      pc14 = -0.394031
      pc15 = 0.0265074
      pc16 = 0.122575
      pc17 = -0.0219225
Constrained:
   Tgbecnw = 186950
     Tecnw = 34543.1
       Tnw = 0.722187
       Tec = 1748.77
     twoNb = 2.67263e+06
     twoNe = 3.11185e+06
     twoNc = 5.4065e+06
     twoNw = 968813
    twoNec = 100525
    twoNnw = 159482
  twoNecnw = 41178
  twoNbecnw = 28268
  twoNgbecnw = 310270
         m = 0.0576304
        m2 = 0.0329184
        m5 = 0.24908
        m6 = 0.131371
        Tb = 18145.9
        Ta = 46673
        Te = 0.361094
        Tf = 0.180547
#       SitePat  BranchLen
              b 123776.4257671
              e 45777.3961558
              c 47742.0837552
              n 45080.9255076
              w 45080.9172707
            b:e 1302.4890683
            b:c 1437.1348185
            b:n 1125.2087919
            b:w 1125.2085057
            e:c 12242.3855311
            e:n 4712.8846443
            e:w 4712.8885843
            c:n 4129.1487059
            c:w 4129.1515115
            n:w 12576.9293401
          b:e:c 1281.2588875
          b:e:n 595.9174150
          b:e:w 595.9174468
          b:c:n 596.4128283
          b:c:w 596.4127930
          b:n:w 1339.2197841
          e:c:n 4581.7342298
          e:c:w 4581.7357212
          e:n:w 5813.1101945
          c:n:w 5085.2105864
        b:e:c:n 1145.7889153
        b:e:c:w 1145.7892050
        b:e:n:w 1911.7566413
        b:c:n:w 1706.8051388
        e:c:n:w 49280.6934478
