########################################
# legofit: estimate population history #
#       version 2.3.4-4-g53f8760       #
########################################

# Program was compiled: Sep 21 2021 14:36:42
# Program was run: Sat Sep 25 01:38:00 2021

# cmd: legofit -1 -d 0 -t 32 --ptsPerDim 3 --stateOut b1boot46.state --tol 3e-6 -S 5000 abef2.lgo ../../chrX/boot_chrX/boot46.opf
# Stage nOptItr nSimReps
#     0    5000        0
# algorithm          : deterministic
# ignoring probs <=  : 0
# Branch length floor: 0
# DE strategy        : 2
#    F               : 0.3
#    CR              : 0.8
#    tolerance       : 3e-06
# nthreads           : 32
# lgo input file     : abef2.lgo
# site pat input file: ../../chrX/boot_chrX/boot46.opf
# free parameters    : 17
# points in DE swarm : 51
# output state file  : b1boot46.state
# Including singleton site patterns.
# cost function      : KL
Initial parameter values
Fixed:
      zero = 0
       one = 1
    Tbecnw = 75200
Free:
       pc1 = 0
       pc2 = 0
       pc3 = 0
       pc4 = 0
       pc5 = 0
       pc6 = 0
       pc7 = 0
       pc8 = 0
       pc9 = 0
      pc10 = 0
      pc11 = 0
      pc12 = 0
      pc13 = 0
      pc14 = 0
      pc15 = 0
      pc16 = 0
      pc17 = 0
Constrained:
   Tgbecnw = 228950
     Tecnw = 29843.5
       Tnw = 11239.2
       Tec = 5871.96
     twoNb = 1.61502e+06
     twoNe = 1.41569e+06
     twoNc = 1.45773e+06
     twoNw = 1.47234e+06
    twoNec = 96257.1
    twoNnw = 83744
  twoNecnw = 58389.9
  twoNbecnw = 25286.5
  twoNgbecnw = 232550
         m = 0.106506
        m2 = 0.0262947
        m5 = 0.187972
        m6 = 0.0537231
        Tb = 17857.7
        Ta = 46528.9
        Te = 5619.58
        Tf = 2809.79
DiffEv reached_goal. cost=2.19840e-03 spread=2.64951e-06
Fitted parameter values
Free:
       pc1 = -3.29112
       pc2 = -0.66839
       pc3 = -0.60649
       pc4 = 0.372568
       pc5 = 1.67731
       pc6 = 0.700025
       pc7 = 0.453333
       pc8 = 0.0382018
       pc9 = -0.852713
      pc10 = 0.75424
      pc11 = 0.575373
      pc12 = -0.0596237
      pc13 = 0.0406022
      pc14 = -0.23403
      pc15 = 0.00440826
      pc16 = -0.00129633
      pc17 = -0.0518732
Constrained:
   Tgbecnw = 116588
     Tecnw = 25317.6
       Tnw = 17338.6
       Tec = 8845.11
     twoNb = 2.27582e+06
     twoNe = 4.33518e+06
     twoNc = 4.51245e+06
     twoNw = 2.52498e+06
    twoNec = 80712.7
    twoNnw = 36333.4
  twoNecnw = 64684.5
  twoNbecnw = 13740.9
  twoNgbecnw = 231485
         m = 0.118506
        m2 = 0.0217928
        m5 = 0.149933
        m6 = 0.0114486
        Tb = 17081.3
        Ta = 46140.7
        Te = 8669.31
        Tf = 4334.66
#       SitePat  BranchLen
              b 121685.2823084
              e 45577.0800068
              c 47498.7074824
              n 44711.8594551
              w 44690.9038516
            b:e 1276.5931094
            b:c 1421.3513249
            b:n 1077.9838367
            b:w 1077.0269182
            e:c 11909.5519934
            e:n 4711.2559880
            e:w 4729.4330034
            c:n 4209.2060775
            c:w 4206.9968950
            n:w 12428.6147802
          b:e:c 1291.1492086
          b:e:n 592.7740697
          b:e:w 593.5299988
          b:c:n 595.5353109
          b:c:w 594.7359211
          b:n:w 1321.8218423
          e:c:n 4445.6538590
          e:c:w 4450.6416296
          e:n:w 5787.2222894
          c:n:w 4949.8909122
        b:e:c:n 1151.3167722
        b:e:c:w 1152.3171514
        b:e:n:w 1893.9196482
        b:c:n:w 1685.3841479
        e:c:n:w 47848.2831098
