########################################
# legofit: estimate population history #
#       version 2.3.4-4-g53f8760       #
########################################

# Program was compiled: Sep 21 2021 14:36:42
# Program was run: Sat Sep 25 00:30:18 2021

# cmd: legofit -1 -d 0 -t 32 --ptsPerDim 3 --stateOut b1boot1.state --tol 3e-6 -S 5000 abef2.lgo ../../chrX/boot_chrX/boot1.opf
# Stage nOptItr nSimReps
#     0    5000        0
# algorithm          : deterministic
# ignoring probs <=  : 0
# Branch length floor: 0
# DE strategy        : 2
#    F               : 0.3
#    CR              : 0.8
#    tolerance       : 3e-06
# nthreads           : 32
# lgo input file     : abef2.lgo
# site pat input file: ../../chrX/boot_chrX/boot1.opf
# free parameters    : 17
# points in DE swarm : 51
# output state file  : b1boot1.state
# Including singleton site patterns.
# cost function      : KL
Initial parameter values
Fixed:
      zero = 0
       one = 1
    Tbecnw = 75200
Free:
       pc1 = 0
       pc2 = 0
       pc3 = 0
       pc4 = 0
       pc5 = 0
       pc6 = 0
       pc7 = 0
       pc8 = 0
       pc9 = 0
      pc10 = 0
      pc11 = 0
      pc12 = 0
      pc13 = 0
      pc14 = 0
      pc15 = 0
      pc16 = 0
      pc17 = 0
Constrained:
   Tgbecnw = 228950
     Tecnw = 29843.5
       Tnw = 11239.2
       Tec = 5871.96
     twoNb = 1.61502e+06
     twoNe = 1.41569e+06
     twoNc = 1.45773e+06
     twoNw = 1.47234e+06
    twoNec = 96257.1
    twoNnw = 83744
  twoNecnw = 58389.9
  twoNbecnw = 25286.5
  twoNgbecnw = 232550
         m = 0.106506
        m2 = 0.0262947
        m5 = 0.187972
        m6 = 0.0537231
        Tb = 17857.7
        Ta = 46528.9
        Te = 5619.58
        Tf = 2809.79
DiffEv reached_goal. cost=2.36994e-03 spread=2.04046e-06
Fitted parameter values
Free:
       pc1 = -2.67843
       pc2 = -1.33536
       pc3 = -0.906819
       pc4 = 0.960878
       pc5 = 0.659209
       pc6 = 0.746456
       pc7 = 0.811394
       pc8 = 0.0596715
       pc9 = -0.50529
      pc10 = 0.307197
      pc11 = 0.241111
      pc12 = 0.365504
      pc13 = -0.197439
      pc14 = -0.153769
      pc15 = 0.0321248
      pc16 = 0.00239675
      pc17 = -0.0234061
Constrained:
   Tgbecnw = 135705
     Tecnw = 26255.1
       Tnw = 18016.7
       Tec = 9189.79
     twoNb = 1.63999e+06
     twoNe = 1.85517e+06
     twoNc = 2.62183e+06
     twoNw = 2.54402e+06
    twoNec = 74252.1
    twoNnw = 34504.7
  twoNecnw = 68389.2
  twoNbecnw = 17839
  twoNgbecnw = 261610
         m = 0.105407
        m2 = 0.023727
        m5 = 0.172297
        m6 = 0.0409358
        Tb = 17722.4
        Ta = 46461.2
        Te = 9008.33
        Tf = 4504.17
#       SitePat  BranchLen
              b 124603.2033960
              e 46832.3486732
              c 48847.2844737
              n 45773.9547851
              w 45742.9740500
            b:e 1361.0147742
            b:c 1517.5748946
            b:n 1137.1308684
            b:w 1135.6802611
            e:c 12485.1909638
            e:n 4801.8468701
            e:w 4822.4034554
            c:n 4279.1339713
            c:w 4282.2125921
            n:w 13057.3924790
          b:e:c 1388.8429233
          b:e:n 619.2459956
          b:e:w 619.9203897
          b:c:n 621.7144303
          b:c:w 620.9850816
          b:n:w 1428.9014214
          e:c:n 4469.7023206
          e:c:w 4477.0478496
          e:n:w 5973.6983656
          c:n:w 5088.0742236
        b:e:c:n 1201.3596663
        b:e:c:w 1202.8652282
        b:e:n:w 2029.8334743
        b:c:n:w 1803.3322968
        e:c:n:w 49006.2843737
