########################################
# legofit: estimate population history #
#       version 2.3.4-4-g53f8760       #
########################################

# Program was compiled: Sep 21 2021 14:36:42
# Program was run: Sat Sep 25 00:38:45 2021

# cmd: legofit -1 -d 0 -t 32 --ptsPerDim 3 --stateOut b1boot8.state --tol 3e-6 -S 5000 abef2.lgo ../../chrX/boot_chrX/boot8.opf
# Stage nOptItr nSimReps
#     0    5000        0
# algorithm          : deterministic
# ignoring probs <=  : 0
# Branch length floor: 0
# DE strategy        : 2
#    F               : 0.3
#    CR              : 0.8
#    tolerance       : 3e-06
# nthreads           : 32
# lgo input file     : abef2.lgo
# site pat input file: ../../chrX/boot_chrX/boot8.opf
# free parameters    : 17
# points in DE swarm : 51
# output state file  : b1boot8.state
# Including singleton site patterns.
# cost function      : KL
Initial parameter values
Fixed:
      zero = 0
       one = 1
    Tbecnw = 75200
Free:
       pc1 = 0
       pc2 = 0
       pc3 = 0
       pc4 = 0
       pc5 = 0
       pc6 = 0
       pc7 = 0
       pc8 = 0
       pc9 = 0
      pc10 = 0
      pc11 = 0
      pc12 = 0
      pc13 = 0
      pc14 = 0
      pc15 = 0
      pc16 = 0
      pc17 = 0
Constrained:
   Tgbecnw = 228950
     Tecnw = 29843.5
       Tnw = 11239.2
       Tec = 5871.96
     twoNb = 1.61502e+06
     twoNe = 1.41569e+06
     twoNc = 1.45773e+06
     twoNw = 1.47234e+06
    twoNec = 96257.1
    twoNnw = 83744
  twoNecnw = 58389.9
  twoNbecnw = 25286.5
  twoNgbecnw = 232550
         m = 0.106506
        m2 = 0.0262947
        m5 = 0.187972
        m6 = 0.0537231
        Tb = 17857.7
        Ta = 46528.9
        Te = 5619.58
        Tf = 2809.79
DiffEv reached_goal. cost=2.30552e-03 spread=2.34338e-06
Fitted parameter values
Free:
       pc1 = -1.85121
       pc2 = 0.010627
       pc3 = -0.16663
       pc4 = 0.699128
       pc5 = 1.37759
       pc6 = 0.212376
       pc7 = -0.589112
       pc8 = 0.229851
       pc9 = -0.0811
      pc10 = 0.0943271
      pc11 = 0.171324
      pc12 = 0.08104
      pc13 = 0.0680658
      pc14 = -0.052554
      pc15 = 0.100718
      pc16 = -0.0265556
      pc17 = -0.0436201
Constrained:
   Tgbecnw = 138930
     Tecnw = 27804.9
       Tnw = 13915.3
       Tec = 7139.84
     twoNb = 2.29641e+06
     twoNe = 2.27859e+06
     twoNc = 3.41606e+06
     twoNw = 2.31804e+06
    twoNec = 96396
    twoNnw = 61884.8
  twoNecnw = 64890.6
  twoNbecnw = 21086.8
  twoNgbecnw = 184572
         m = 0.145745
        m2 = 0.0233789
        m5 = 0.1671
        m6 = 0.0255937
        Tb = 17472.4
        Ta = 46336.2
        Te = 6957.63
        Tf = 3478.81
#       SitePat  BranchLen
              b 127916.9366030
              e 47744.7487450
              c 49946.6317323
              n 46598.3798605
              w 46572.9220844
            b:e 1447.6771243
            b:c 1619.3758777
            b:n 1206.3585575
            b:w 1205.2102228
            e:c 12554.3037897
            e:n 4970.2436233
            e:w 4989.7313859
            c:n 4376.0162180
            c:w 4376.3413405
            n:w 13351.6296450
          b:e:c 1431.7226731
          b:e:n 658.4705827
          b:e:w 659.1835715
          b:c:n 660.5699408
          b:c:w 659.8219475
          b:n:w 1470.7950778
          e:c:n 4674.8797138
          e:c:w 4680.5246048
          e:n:w 6194.5022809
          c:n:w 5264.5773367
        b:e:c:n 1261.1839516
        b:e:c:w 1262.3672909
        b:e:n:w 2080.7101140
        b:c:n:w 1841.9329649
        e:c:n:w 50772.0674776
