########################################
# legofit: estimate population history #
#       version 2.3.4-4-g53f8760       #
########################################

# Program was compiled: Sep 21 2021 14:36:42
# Program was run: Sat Sep 25 00:30:19 2021

# cmd: legofit -1 -d 0 -t 32 --ptsPerDim 3 --stateOut b1boot3.state --tol 3e-6 -S 5000 abef2.lgo ../../chrX/boot_chrX/boot3.opf
# Stage nOptItr nSimReps
#     0    5000        0
# algorithm          : deterministic
# ignoring probs <=  : 0
# Branch length floor: 0
# DE strategy        : 2
#    F               : 0.3
#    CR              : 0.8
#    tolerance       : 3e-06
# nthreads           : 32
# lgo input file     : abef2.lgo
# site pat input file: ../../chrX/boot_chrX/boot3.opf
# free parameters    : 17
# points in DE swarm : 51
# output state file  : b1boot3.state
# Including singleton site patterns.
# cost function      : KL
Initial parameter values
Fixed:
      zero = 0
       one = 1
    Tbecnw = 75200
Free:
       pc1 = 0
       pc2 = 0
       pc3 = 0
       pc4 = 0
       pc5 = 0
       pc6 = 0
       pc7 = 0
       pc8 = 0
       pc9 = 0
      pc10 = 0
      pc11 = 0
      pc12 = 0
      pc13 = 0
      pc14 = 0
      pc15 = 0
      pc16 = 0
      pc17 = 0
Constrained:
   Tgbecnw = 228950
     Tecnw = 29843.5
       Tnw = 11239.2
       Tec = 5871.96
     twoNb = 1.61502e+06
     twoNe = 1.41569e+06
     twoNc = 1.45773e+06
     twoNw = 1.47234e+06
    twoNec = 96257.1
    twoNnw = 83744
  twoNecnw = 58389.9
  twoNbecnw = 25286.5
  twoNgbecnw = 232550
         m = 0.106506
        m2 = 0.0262947
        m5 = 0.187972
        m6 = 0.0537231
        Tb = 17857.7
        Ta = 46528.9
        Te = 5619.58
        Tf = 2809.79
DiffEv reached_goal. cost=2.37317e-03 spread=2.95490e-06
Fitted parameter values
Free:
       pc1 = 3.87503
       pc2 = 0.802922
       pc3 = -0.639503
       pc4 = 0.379544
       pc5 = 1.91467
       pc6 = -0.762674
       pc7 = 0.0756279
       pc8 = 1.41914
       pc9 = 0.0484019
      pc10 = 0.512491
      pc11 = -0.431642
      pc12 = 0.0652332
      pc13 = 0.0944974
      pc14 = -0.0963605
      pc15 = -0.0488986
      pc16 = 0.00606817
      pc17 = 0.0234563
Constrained:
   Tgbecnw = 189409
     Tecnw = 36328.4
       Tnw = 59.3505
       Tec = 202.852
     twoNb = 3.20441e+06
     twoNe = 2.15642e+06
     twoNc = 3.04297e+06
     twoNw = 1.70216e+06
    twoNec = 107431
    twoNnw = 162209
  twoNecnw = 41406.7
  twoNbecnw = 30544.2
  twoNgbecnw = 197641
         m = 0.0853676
        m2 = 0.0338316
        m5 = 0.273254
        m6 = 0.149887
        Tb = 18265.6
        Ta = 46732.8
        Te = 29.6753
        Tf = 14.8376
#       SitePat  BranchLen
              b 125752.5961066
              e 47045.5786875
              c 49206.1109368
              n 46252.9406935
              w 46252.4993854
            b:e 1338.0383986
            b:c 1486.5982088
            b:n 1142.6293703
            b:w 1142.6141346
            e:c 12398.2437019
            e:n 4900.5762304
            e:w 4900.7825330
            c:n 4256.7344531
            c:w 4256.8901754
            n:w 12794.7261030
          b:e:c 1292.6719372
          b:e:n 611.8589474
          b:e:w 611.8603771
          b:c:n 612.0185134
          b:c:w 612.0169695
          b:n:w 1354.5845458
          e:c:n 4582.8434363
          e:c:w 4582.9227196
          e:n:w 5985.3013315
          c:n:w 5186.6038863
        b:e:c:n 1155.7387652
        b:e:c:w 1155.7541149
        b:e:n:w 1948.5917540
        b:c:n:w 1725.6150859
        e:c:n:w 49432.4244748
