########################################
# legofit: estimate population history #
#       version 2.3.4-4-g53f8760       #
########################################

# Program was compiled: Sep 21 2021 14:36:42
# Program was run: Sat Sep 25 00:50:39 2021

# cmd: legofit -1 -d 0 -t 32 --ptsPerDim 3 --stateOut b1boot15.state --tol 3e-6 -S 5000 abef2.lgo ../../chrX/boot_chrX/boot15.opf
# Stage nOptItr nSimReps
#     0    5000        0
# algorithm          : deterministic
# ignoring probs <=  : 0
# Branch length floor: 0
# DE strategy        : 2
#    F               : 0.3
#    CR              : 0.8
#    tolerance       : 3e-06
# nthreads           : 32
# lgo input file     : abef2.lgo
# site pat input file: ../../chrX/boot_chrX/boot15.opf
# free parameters    : 17
# points in DE swarm : 51
# output state file  : b1boot15.state
# Including singleton site patterns.
# cost function      : KL
Initial parameter values
Fixed:
      zero = 0
       one = 1
    Tbecnw = 75200
Free:
       pc1 = 0
       pc2 = 0
       pc3 = 0
       pc4 = 0
       pc5 = 0
       pc6 = 0
       pc7 = 0
       pc8 = 0
       pc9 = 0
      pc10 = 0
      pc11 = 0
      pc12 = 0
      pc13 = 0
      pc14 = 0
      pc15 = 0
      pc16 = 0
      pc17 = 0
Constrained:
   Tgbecnw = 228950
     Tecnw = 29843.5
       Tnw = 11239.2
       Tec = 5871.96
     twoNb = 1.61502e+06
     twoNe = 1.41569e+06
     twoNc = 1.45773e+06
     twoNw = 1.47234e+06
    twoNec = 96257.1
    twoNnw = 83744
  twoNecnw = 58389.9
  twoNbecnw = 25286.5
  twoNgbecnw = 232550
         m = 0.106506
        m2 = 0.0262947
        m5 = 0.187972
        m6 = 0.0537231
        Tb = 17857.7
        Ta = 46528.9
        Te = 5619.58
        Tf = 2809.79
DiffEv reached_goal. cost=2.23046e-03 spread=2.68109e-06
Fitted parameter values
Free:
       pc1 = -0.874436
       pc2 = -1.13974
       pc3 = 0.240363
       pc4 = 0.533507
       pc5 = 0.636547
       pc6 = 0.415338
       pc7 = 0.337656
       pc8 = 0.0422329
       pc9 = -0.449434
      pc10 = 0.309397
      pc11 = -0.367208
      pc12 = 0.0183157
      pc13 = 0.195214
      pc14 = 0.219735
      pc15 = 0.0585865
      pc16 = 0.0593587
      pc17 = -0.0432625
Constrained:
   Tgbecnw = 151649
     Tecnw = 28260.9
       Tnw = 14924.5
       Tec = 7477.94
     twoNb = 1.13895e+06
     twoNe = 600536
     twoNc = 3.70655e+06
     twoNw = 2.06946e+06
    twoNec = 90933.7
    twoNnw = 57953.7
  twoNecnw = 57275.5
  twoNbecnw = 22570.6
  twoNgbecnw = 252163
         m = 0.0893268
        m2 = 0.0267603
        m5 = 0.184159
        m6 = 0.0438198
        Tb = 17869.4
        Ta = 46534.7
        Te = 7462.27
        Tf = 3731.13
#       SitePat  BranchLen
              b 123971.8309840
              e 46553.5694904
              c 48681.6879993
              n 45420.6358189
              w 45385.2149658
            b:e 1443.5291222
            b:c 1619.1142338
            b:n 1188.7281692
            b:w 1187.0759108
            e:c 12133.3046421
            e:n 4824.6410493
            e:w 4848.2760280
            c:n 4269.6012087
            c:w 4273.2095810
            n:w 12810.4570614
          b:e:c 1418.2675012
          b:e:n 648.7290309
          b:e:w 649.5010334
          b:c:n 650.9748458
          b:c:w 650.1586157
          b:n:w 1453.4353092
          e:c:n 4668.8780366
          e:c:w 4677.0555387
          e:n:w 6261.8404763
          c:n:w 5329.5349559
        b:e:c:n 1235.5521553
        b:e:c:w 1237.2486412
        b:e:n:w 2081.5800404
        b:c:n:w 1837.3848016
        e:c:n:w 48591.1377863
