########################################
# legofit: estimate population history #
#       version 2.3.4-4-g53f8760       #
########################################

# Program was compiled: Sep 21 2021 14:36:42
# Program was run: Sat Sep 25 00:30:18 2021

# cmd: legofit -1 -d 0 -t 32 --ptsPerDim 3 --stateOut b1boot0.state --tol 3e-6 -S 5000 abef2.lgo ../../chrX/boot_chrX/boot0.opf
# Stage nOptItr nSimReps
#     0    5000        0
# algorithm          : deterministic
# ignoring probs <=  : 0
# Branch length floor: 0
# DE strategy        : 2
#    F               : 0.3
#    CR              : 0.8
#    tolerance       : 3e-06
# nthreads           : 32
# lgo input file     : abef2.lgo
# site pat input file: ../../chrX/boot_chrX/boot0.opf
# free parameters    : 17
# points in DE swarm : 51
# output state file  : b1boot0.state
# Including singleton site patterns.
# cost function      : KL
Initial parameter values
Fixed:
      zero = 0
       one = 1
    Tbecnw = 75200
Free:
       pc1 = 0
       pc2 = 0
       pc3 = 0
       pc4 = 0
       pc5 = 0
       pc6 = 0
       pc7 = 0
       pc8 = 0
       pc9 = 0
      pc10 = 0
      pc11 = 0
      pc12 = 0
      pc13 = 0
      pc14 = 0
      pc15 = 0
      pc16 = 0
      pc17 = 0
Constrained:
   Tgbecnw = 228950
     Tecnw = 29843.5
       Tnw = 11239.2
       Tec = 5871.96
     twoNb = 1.61502e+06
     twoNe = 1.41569e+06
     twoNc = 1.45773e+06
     twoNw = 1.47234e+06
    twoNec = 96257.1
    twoNnw = 83744
  twoNecnw = 58389.9
  twoNbecnw = 25286.5
  twoNgbecnw = 232550
         m = 0.106506
        m2 = 0.0262947
        m5 = 0.187972
        m6 = 0.0537231
        Tb = 17857.7
        Ta = 46528.9
        Te = 5619.58
        Tf = 2809.79
DiffEv reached_goal. cost=2.20159e-03 spread=2.21023e-06
Fitted parameter values
Free:
       pc1 = -1.55869
       pc2 = -0.867907
       pc3 = -0.762399
       pc4 = 0.583181
       pc5 = -0.661731
       pc6 = 0.437951
       pc7 = 0.667054
       pc8 = 0.960062
       pc9 = -0.640516
      pc10 = 0.839945
      pc11 = 0.403677
      pc12 = 0.326003
      pc13 = -0.0568641
      pc14 = 0.0697083
      pc15 = 0.205492
      pc16 = 0.0207766
      pc17 = -0.0685512
Constrained:
   Tgbecnw = 122754
     Tecnw = 27745.1
       Tnw = 15090.1
       Tec = 7837.75
     twoNb = 1.15161e+06
     twoNe = 763958
     twoNc = 67571
     twoNw = 1.8322e+06
    twoNec = 78604.2
    twoNnw = 51714
  twoNecnw = 60774.9
  twoNbecnw = 15644.7
  twoNgbecnw = 231792
         m = 0.112682
        m2 = 0.0250452
        m5 = 0.201568
        m6 = 0.0784156
        Tb = 17791.4
        Ta = 46495.7
        Te = 7545.06
        Tf = 3772.53
#       SitePat  BranchLen
              b 122113.8826970
              e 45860.9338008
              c 47783.7043030
              n 44694.6510315
              w 44644.0768341
            b:e 1341.4080340
            b:c 1492.1826386
            b:n 1092.2839724
            b:w 1090.0650605
            e:c 12054.2858894
            e:n 4697.6439629
            e:w 4724.7766024
            c:n 4189.0803906
            c:w 4201.0072891
            n:w 12699.2959564
          b:e:c 1336.3485166
          b:e:n 600.0817280
          b:e:w 600.6331909
          b:c:n 602.5498216
          b:c:w 601.9083324
          b:n:w 1369.2057742
          e:c:n 4389.0885180
          e:c:w 4400.6031774
          e:n:w 5938.8836601
          c:n:w 5103.1179660
        b:e:c:n 1158.1929362
        b:e:c:w 1160.5018744
        b:e:n:w 1938.4962258
        b:c:n:w 1729.3064256
        e:c:n:w 48025.1693649
