########################################
# legofit: estimate population history #
#       version 2.3.4-4-g53f8760       #
########################################

# Program was compiled: Sep 21 2021 14:36:42
# Program was run: Sat Sep 25 01:14:32 2021

# cmd: legofit -1 -d 0 -t 32 --ptsPerDim 3 --stateOut b1boot34.state --tol 3e-6 -S 5000 abef2.lgo ../../chrX/boot_chrX/boot34.opf
# Stage nOptItr nSimReps
#     0    5000        0
# algorithm          : deterministic
# ignoring probs <=  : 0
# Branch length floor: 0
# DE strategy        : 2
#    F               : 0.3
#    CR              : 0.8
#    tolerance       : 3e-06
# nthreads           : 32
# lgo input file     : abef2.lgo
# site pat input file: ../../chrX/boot_chrX/boot34.opf
# free parameters    : 17
# points in DE swarm : 51
# output state file  : b1boot34.state
# Including singleton site patterns.
# cost function      : KL
Initial parameter values
Fixed:
      zero = 0
       one = 1
    Tbecnw = 75200
Free:
       pc1 = 0
       pc2 = 0
       pc3 = 0
       pc4 = 0
       pc5 = 0
       pc6 = 0
       pc7 = 0
       pc8 = 0
       pc9 = 0
      pc10 = 0
      pc11 = 0
      pc12 = 0
      pc13 = 0
      pc14 = 0
      pc15 = 0
      pc16 = 0
      pc17 = 0
Constrained:
   Tgbecnw = 228950
     Tecnw = 29843.5
       Tnw = 11239.2
       Tec = 5871.96
     twoNb = 1.61502e+06
     twoNe = 1.41569e+06
     twoNc = 1.45773e+06
     twoNw = 1.47234e+06
    twoNec = 96257.1
    twoNnw = 83744
  twoNecnw = 58389.9
  twoNbecnw = 25286.5
  twoNgbecnw = 232550
         m = 0.106506
        m2 = 0.0262947
        m5 = 0.187972
        m6 = 0.0537231
        Tb = 17857.7
        Ta = 46528.9
        Te = 5619.58
        Tf = 2809.79
DiffEv reached_goal. cost=2.05415e-03 spread=2.92032e-06
Fitted parameter values
Free:
       pc1 = -0.790396
       pc2 = -0.201283
       pc3 = -0.956026
       pc4 = -0.543587
       pc5 = 1.05924
       pc6 = 0.696294
       pc7 = 0.280481
       pc8 = 0.689826
       pc9 = -0.564742
      pc10 = 0.982643
      pc11 = 0.512287
      pc12 = 0.260597
      pc13 = 0.267497
      pc14 = -0.354711
      pc15 = 0.109504
      pc16 = 0.000759475
      pc17 = -0.0635634
Constrained:
   Tgbecnw = 131884
     Tecnw = 28682.9
       Tnw = 11002.2
       Tec = 5751.72
     twoNb = 2.03452e+06
     twoNe = 5.68588e+06
     twoNc = 2.04356e+06
     twoNw = 1.94374e+06
    twoNec = 89820.1
    twoNnw = 79935.4
  twoNecnw = 56667
  twoNbecnw = 17086.2
  twoNgbecnw = 262024
         m = 0.099879
        m2 = 0.0247347
        m5 = 0.212998
        m6 = 0.0550137
        Tb = 17217.3
        Ta = 46208.7
        Te = 5501.08
        Tf = 2750.54
#       SitePat  BranchLen
              b 123205.3901129
              e 45305.3218047
              c 47682.7192195
              n 44834.2394044
              w 44799.5642866
            b:e 1227.8584380
            b:c 1394.7123619
            b:n 1061.9628389
            b:w 1060.5958247
            e:c 12066.7629973
            e:n 4751.4714730
            e:w 4774.2016399
            c:n 4093.3414764
            c:w 4097.9919631
            n:w 12429.7017139
          b:e:c 1245.9938859
          b:e:n 575.0675389
          b:e:w 575.6588788
          b:c:n 577.3668289
          b:c:w 576.7302981
          b:n:w 1289.5156158
          e:c:n 4449.0984480
          e:c:w 4456.3929121
          e:n:w 5805.2593760
          c:n:w 4842.9827417
        b:e:c:n 1113.9524065
        b:e:c:w 1115.3646116
        b:e:n:w 1889.4505219
        b:c:n:w 1638.4447433
        e:c:n:w 49196.2101778
