########################################
# legofit: estimate population history #
#       version 2.3.4-4-g53f8760       #
########################################

# Program was compiled: Sep 21 2021 14:36:42
# Program was run: Sat Sep 25 01:29:14 2021

# cmd: legofit -1 -d 0 -t 32 --ptsPerDim 3 --stateOut b1boot43.state --tol 3e-6 -S 5000 abef2.lgo ../../chrX/boot_chrX/boot43.opf
# Stage nOptItr nSimReps
#     0    5000        0
# algorithm          : deterministic
# ignoring probs <=  : 0
# Branch length floor: 0
# DE strategy        : 2
#    F               : 0.3
#    CR              : 0.8
#    tolerance       : 3e-06
# nthreads           : 32
# lgo input file     : abef2.lgo
# site pat input file: ../../chrX/boot_chrX/boot43.opf
# free parameters    : 17
# points in DE swarm : 51
# output state file  : b1boot43.state
# Including singleton site patterns.
# cost function      : KL
Initial parameter values
Fixed:
      zero = 0
       one = 1
    Tbecnw = 75200
Free:
       pc1 = 0
       pc2 = 0
       pc3 = 0
       pc4 = 0
       pc5 = 0
       pc6 = 0
       pc7 = 0
       pc8 = 0
       pc9 = 0
      pc10 = 0
      pc11 = 0
      pc12 = 0
      pc13 = 0
      pc14 = 0
      pc15 = 0
      pc16 = 0
      pc17 = 0
Constrained:
   Tgbecnw = 228950
     Tecnw = 29843.5
       Tnw = 11239.2
       Tec = 5871.96
     twoNb = 1.61502e+06
     twoNe = 1.41569e+06
     twoNc = 1.45773e+06
     twoNw = 1.47234e+06
    twoNec = 96257.1
    twoNnw = 83744
  twoNecnw = 58389.9
  twoNbecnw = 25286.5
  twoNgbecnw = 232550
         m = 0.106506
        m2 = 0.0262947
        m5 = 0.187972
        m6 = 0.0537231
        Tb = 17857.7
        Ta = 46528.9
        Te = 5619.58
        Tf = 2809.79
DiffEv reached_goal. cost=2.29939e-03 spread=2.87140e-06
Fitted parameter values
Free:
       pc1 = 3.87891
       pc2 = 0.473142
       pc3 = -1.34179
       pc4 = -1.41672
       pc5 = 0.942746
       pc6 = -0.815374
       pc7 = 1.3252
       pc8 = 1.96198
       pc9 = -0.882532
      pc10 = 0.510389
      pc11 = -0.16265
      pc12 = 0.249765
      pc13 = 0.128157
      pc14 = -0.08298
      pc15 = -0.0143372
      pc16 = -0.10376
      pc17 = -0.0819481
Constrained:
   Tgbecnw = 165183
     Tecnw = 35301.6
       Tnw = 68.3091
       Tec = 510.993
     twoNb = 3.04627e+06
     twoNe = 4.8584e+06
     twoNc = 1.08225e+06
     twoNw = 856599
    twoNec = 97516
    twoNnw = 145395
  twoNecnw = 40646.9
  twoNbecnw = 24478.9
  twoNgbecnw = 327622
         m = 0.0549127
        m2 = 0.037966
        m5 = 0.285463
        m6 = 0.162681
        Tb = 17906.3
        Ta = 46553.2
        Te = 34.1545
        Tf = 17.0773
#       SitePat  BranchLen
              b 121096.0281206
              e 45400.0834462
              c 47636.6490131
              n 44180.0660531
              w 44179.0400515
            b:e 1307.3126479
            b:c 1462.6528260
            b:n 1086.2722488
            b:w 1086.2368986
            e:c 12074.1374090
            e:n 4771.0031595
            e:w 4771.4712941
            c:n 4112.3858817
            c:w 4112.7593654
            n:w 12747.0014693
          b:e:c 1276.9856893
          b:e:n 587.7994281
          b:e:w 587.8019021
          b:c:n 588.7210981
          b:c:w 588.7179883
          b:n:w 1338.3988317
          e:c:n 4317.6372730
          e:c:w 4317.8216563
          e:n:w 5896.6141471
          c:n:w 5057.5416440
        b:e:c:n 1116.2828093
        b:e:c:w 1116.3187954
        b:e:n:w 1978.8875023
        b:c:n:w 1741.5456968
        e:c:n:w 47439.8054053
