########################################
# legofit: estimate population history #
#       version 2.3.4-4-g53f8760       #
########################################

# Program was compiled: Sep 21 2021 14:36:42
# Program was run: Sat Sep 25 00:50:27 2021

# cmd: legofit -1 -d 0 -t 32 --ptsPerDim 3 --stateOut b1boot14.state --tol 3e-6 -S 5000 abef2.lgo ../../chrX/boot_chrX/boot14.opf
# Stage nOptItr nSimReps
#     0    5000        0
# algorithm          : deterministic
# ignoring probs <=  : 0
# Branch length floor: 0
# DE strategy        : 2
#    F               : 0.3
#    CR              : 0.8
#    tolerance       : 3e-06
# nthreads           : 32
# lgo input file     : abef2.lgo
# site pat input file: ../../chrX/boot_chrX/boot14.opf
# free parameters    : 17
# points in DE swarm : 51
# output state file  : b1boot14.state
# Including singleton site patterns.
# cost function      : KL
Initial parameter values
Fixed:
      zero = 0
       one = 1
    Tbecnw = 75200
Free:
       pc1 = 0
       pc2 = 0
       pc3 = 0
       pc4 = 0
       pc5 = 0
       pc6 = 0
       pc7 = 0
       pc8 = 0
       pc9 = 0
      pc10 = 0
      pc11 = 0
      pc12 = 0
      pc13 = 0
      pc14 = 0
      pc15 = 0
      pc16 = 0
      pc17 = 0
Constrained:
   Tgbecnw = 228950
     Tecnw = 29843.5
       Tnw = 11239.2
       Tec = 5871.96
     twoNb = 1.61502e+06
     twoNe = 1.41569e+06
     twoNc = 1.45773e+06
     twoNw = 1.47234e+06
    twoNec = 96257.1
    twoNnw = 83744
  twoNecnw = 58389.9
  twoNbecnw = 25286.5
  twoNgbecnw = 232550
         m = 0.106506
        m2 = 0.0262947
        m5 = 0.187972
        m6 = 0.0537231
        Tb = 17857.7
        Ta = 46528.9
        Te = 5619.58
        Tf = 2809.79
DiffEv reached_goal. cost=2.13046e-03 spread=2.86185e-06
Fitted parameter values
Free:
       pc1 = 3.96837
       pc2 = 0.88289
       pc3 = -1.41528
       pc4 = -0.124908
       pc5 = 1.98406
       pc6 = -1.64902
       pc7 = 0.0997451
       pc8 = 0.547894
       pc9 = 0.400417
      pc10 = 0.604702
      pc11 = -0.276065
      pc12 = -0.0345728
      pc13 = -0.19645
      pc14 = 0.119423
      pc15 = -0.0744194
      pc16 = 0.0440732
      pc17 = -0.0508139
Constrained:
   Tgbecnw = 228063
     Tecnw = 36276.5
       Tnw = 694.552
       Tec = 453.474
     twoNb = 4.3748e+06
     twoNe = 2.33897e+06
     twoNc = 1.97514e+06
     twoNw = 1.50993e+06
    twoNec = 108622
    twoNnw = 153862
  twoNecnw = 40515.8
  twoNbecnw = 33014.6
  twoNgbecnw = 264885
         m = 0.0598602
        m2 = 0.0311513
        m5 = 0.25721
        m6 = 0.162774
        Tb = 18365
        Ta = 46782.5
        Te = 347.276
        Tf = 173.638
#       SitePat  BranchLen
              b 125838.6437399
              e 47080.8763906
              c 48745.9932206
              n 45866.7388472
              w 45860.9808769
            b:e 1327.8032434
            b:c 1439.2376411
            b:n 1131.5690968
            b:w 1131.3688607
            e:c 12302.6018042
            e:n 4794.6650124
            e:w 4797.1043239
            c:n 4301.7405965
            c:w 4304.0074675
            n:w 12850.5723750
          b:e:c 1285.4436639
          b:e:n 605.2295118
          b:e:w 605.2343735
          b:c:n 605.2579661
          b:c:w 605.2523736
          b:n:w 1344.4226930
          e:c:n 4578.7017550
          e:c:w 4579.7535426
          e:n:w 5928.4333632
          c:n:w 5304.8279654
        b:e:c:n 1137.7068412
        b:e:c:w 1137.9078082
        b:e:n:w 1878.5667170
        b:c:n:w 1711.5956945
        e:c:n:w 49745.2119544
