########################################
# legofit: estimate population history #
#       version 2.3.4-4-g53f8760       #
########################################

# Program was compiled: Sep 21 2021 14:36:42
# Program was run: Sat Sep 25 00:37:20 2021

# cmd: legofit -1 -d 0 -t 32 --ptsPerDim 3 --stateOut b1boot6.state --tol 3e-6 -S 5000 abef2.lgo ../../chrX/boot_chrX/boot6.opf
# Stage nOptItr nSimReps
#     0    5000        0
# algorithm          : deterministic
# ignoring probs <=  : 0
# Branch length floor: 0
# DE strategy        : 2
#    F               : 0.3
#    CR              : 0.8
#    tolerance       : 3e-06
# nthreads           : 32
# lgo input file     : abef2.lgo
# site pat input file: ../../chrX/boot_chrX/boot6.opf
# free parameters    : 17
# points in DE swarm : 51
# output state file  : b1boot6.state
# Including singleton site patterns.
# cost function      : KL
Initial parameter values
Fixed:
      zero = 0
       one = 1
    Tbecnw = 75200
Free:
       pc1 = 0
       pc2 = 0
       pc3 = 0
       pc4 = 0
       pc5 = 0
       pc6 = 0
       pc7 = 0
       pc8 = 0
       pc9 = 0
      pc10 = 0
      pc11 = 0
      pc12 = 0
      pc13 = 0
      pc14 = 0
      pc15 = 0
      pc16 = 0
      pc17 = 0
Constrained:
   Tgbecnw = 228950
     Tecnw = 29843.5
       Tnw = 11239.2
       Tec = 5871.96
     twoNb = 1.61502e+06
     twoNe = 1.41569e+06
     twoNc = 1.45773e+06
     twoNw = 1.47234e+06
    twoNec = 96257.1
    twoNnw = 83744
  twoNecnw = 58389.9
  twoNbecnw = 25286.5
  twoNgbecnw = 232550
         m = 0.106506
        m2 = 0.0262947
        m5 = 0.187972
        m6 = 0.0537231
        Tb = 17857.7
        Ta = 46528.9
        Te = 5619.58
        Tf = 2809.79
DiffEv reached_goal. cost=2.17162e-03 spread=2.92794e-06
Fitted parameter values
Free:
       pc1 = 2.96541
       pc2 = -0.437684
       pc3 = -0.711197
       pc4 = 0.511382
       pc5 = 1.27558
       pc6 = 1.19437
       pc7 = -0.912208
       pc8 = 1.55996
       pc9 = -0.349681
      pc10 = 0.995996
      pc11 = 0.0320694
      pc12 = -0.0369113
      pc13 = 0.149264
      pc14 = 0.0474075
      pc15 = 0.172033
      pc16 = 0.0957723
      pc17 = -0.0503468
Constrained:
   Tgbecnw = 154126
     Tecnw = 34041.2
       Tnw = 1757.26
       Tec = 1004.75
     twoNb = 1.04996e+06
     twoNe = 3.41642e+06
     twoNc = 1.08992e+06
     twoNw = 2.48644e+06
    twoNec = 108383
    twoNnw = 146932
  twoNecnw = 41952.5
  twoNbecnw = 24793.9
  twoNgbecnw = 217080
         m = 0.0853279
        m2 = 0.0307398
        m5 = 0.257911
        m6 = 0.142059
        Tb = 17523
        Ta = 46361.5
        Te = 878.631
        Tf = 439.315
#       SitePat  BranchLen
              b 122880.6935572
              e 45708.6076880
              c 47597.0627906
              n 44733.6236473
              w 44725.6327465
            b:e 1348.8652021
            b:c 1488.4773399
            b:n 1104.9942425
            b:w 1104.7099811
            e:c 11730.0495202
            e:n 4762.8879339
            e:w 4766.5799793
            c:n 4203.3730326
            c:w 4206.1803871
            n:w 12293.2265138
          b:e:c 1259.3775305
          b:e:n 603.0414269
          b:e:w 603.0660971
          b:c:n 603.9309443
          b:c:w 603.9009826
          b:n:w 1294.9659235
          e:c:n 4504.0564925
          e:c:w 4505.5479934
          e:n:w 5880.5227214
          c:n:w 5161.7532904
        b:e:c:n 1136.4255919
        b:e:c:w 1136.7151448
        b:e:n:w 1854.0494700
        b:c:n:w 1662.9417261
        e:c:n:w 48886.3625318
