########################################
# legofit: estimate population history #
#       version 2.3.4-4-g53f8760       #
########################################

# Program was compiled: Sep 21 2021 14:36:42
# Program was run: Sat Sep 25 01:25:05 2021

# cmd: legofit -1 -d 0 -t 32 --ptsPerDim 3 --stateOut b1boot39.state --tol 3e-6 -S 5000 abef2.lgo ../../chrX/boot_chrX/boot39.opf
# Stage nOptItr nSimReps
#     0    5000        0
# algorithm          : deterministic
# ignoring probs <=  : 0
# Branch length floor: 0
# DE strategy        : 2
#    F               : 0.3
#    CR              : 0.8
#    tolerance       : 3e-06
# nthreads           : 32
# lgo input file     : abef2.lgo
# site pat input file: ../../chrX/boot_chrX/boot39.opf
# free parameters    : 17
# points in DE swarm : 51
# output state file  : b1boot39.state
# Including singleton site patterns.
# cost function      : KL
Initial parameter values
Fixed:
      zero = 0
       one = 1
    Tbecnw = 75200
Free:
       pc1 = 0
       pc2 = 0
       pc3 = 0
       pc4 = 0
       pc5 = 0
       pc6 = 0
       pc7 = 0
       pc8 = 0
       pc9 = 0
      pc10 = 0
      pc11 = 0
      pc12 = 0
      pc13 = 0
      pc14 = 0
      pc15 = 0
      pc16 = 0
      pc17 = 0
Constrained:
   Tgbecnw = 228950
     Tecnw = 29843.5
       Tnw = 11239.2
       Tec = 5871.96
     twoNb = 1.61502e+06
     twoNe = 1.41569e+06
     twoNc = 1.45773e+06
     twoNw = 1.47234e+06
    twoNec = 96257.1
    twoNnw = 83744
  twoNecnw = 58389.9
  twoNbecnw = 25286.5
  twoNgbecnw = 232550
         m = 0.106506
        m2 = 0.0262947
        m5 = 0.187972
        m6 = 0.0537231
        Tb = 17857.7
        Ta = 46528.9
        Te = 5619.58
        Tf = 2809.79
DiffEv reached_goal. cost=2.25785e-03 spread=2.54756e-06
Fitted parameter values
Free:
       pc1 = 3.4801
       pc2 = 0.520155
       pc3 = -0.651024
       pc4 = -0.871754
       pc5 = 1.04381
       pc6 = -0.121436
       pc7 = -0.279282
       pc8 = 1.6063
       pc9 = -0.566017
      pc10 = 0.569605
      pc11 = -0.0661207
      pc12 = -0.0350282
      pc13 = -0.0730058
      pc14 = -0.0538809
      pc15 = 0.0507106
      pc16 = 0.0234149
      pc17 = 0.028343
Constrained:
   Tgbecnw = 165857
     Tecnw = 34492.3
       Tnw = 56.2053
       Tec = 106.285
     twoNb = 2.21414e+06
     twoNe = 4.27388e+06
     twoNc = 1.02127e+06
     twoNw = 1.35342e+06
    twoNec = 110122
    twoNnw = 158581
  twoNecnw = 42819.2
  twoNbecnw = 25542
  twoNgbecnw = 256112
         m = 0.0772719
        m2 = 0.0337894
        m5 = 0.250638
        m6 = 0.141626
        Tb = 17299.3
        Ta = 46249.6
        Te = 28.1027
        Tf = 14.0513
#       SitePat  BranchLen
              b 124179.1938547
              e 46224.0944463
              c 48062.8936652
              n 45222.0994047
              w 45221.6215248
            b:e 1328.2196390
            b:c 1455.3439268
            b:n 1111.9639371
            b:w 1111.9474655
            e:c 12091.6000456
            e:n 4768.2227298
            e:w 4768.4418112
            c:n 4220.3287625
            c:w 4220.5013448
            n:w 12554.0735755
          b:e:c 1263.1014773
          b:e:n 600.8331442
          b:e:w 600.8343830
          b:c:n 601.4285019
          b:c:w 601.4270016
          b:n:w 1320.2939046
          e:c:n 4494.7033656
          e:c:w 4494.7895818
          e:n:w 5799.8985428
          c:n:w 5123.6698010
        b:e:c:n 1139.0837971
        b:e:c:w 1139.1005302
        b:e:n:w 1951.3725090
        b:c:n:w 1756.3241798
        e:c:n:w 49496.1723977
