########################################
# legofit: estimate population history #
#       version 2.3.4-4-g53f8760       #
########################################

# Program was compiled: Sep 21 2021 14:36:42
# Program was run: Sat Sep 25 01:11:55 2021

# cmd: legofit -1 -d 0 -t 32 --ptsPerDim 3 --stateOut b1boot31.state --tol 3e-6 -S 5000 abef2.lgo ../../chrX/boot_chrX/boot31.opf
# Stage nOptItr nSimReps
#     0    5000        0
# algorithm          : deterministic
# ignoring probs <=  : 0
# Branch length floor: 0
# DE strategy        : 2
#    F               : 0.3
#    CR              : 0.8
#    tolerance       : 3e-06
# nthreads           : 32
# lgo input file     : abef2.lgo
# site pat input file: ../../chrX/boot_chrX/boot31.opf
# free parameters    : 17
# points in DE swarm : 51
# output state file  : b1boot31.state
# Including singleton site patterns.
# cost function      : KL
Initial parameter values
Fixed:
      zero = 0
       one = 1
    Tbecnw = 75200
Free:
       pc1 = 0
       pc2 = 0
       pc3 = 0
       pc4 = 0
       pc5 = 0
       pc6 = 0
       pc7 = 0
       pc8 = 0
       pc9 = 0
      pc10 = 0
      pc11 = 0
      pc12 = 0
      pc13 = 0
      pc14 = 0
      pc15 = 0
      pc16 = 0
      pc17 = 0
Constrained:
   Tgbecnw = 228950
     Tecnw = 29843.5
       Tnw = 11239.2
       Tec = 5871.96
     twoNb = 1.61502e+06
     twoNe = 1.41569e+06
     twoNc = 1.45773e+06
     twoNw = 1.47234e+06
    twoNec = 96257.1
    twoNnw = 83744
  twoNecnw = 58389.9
  twoNbecnw = 25286.5
  twoNgbecnw = 232550
         m = 0.106506
        m2 = 0.0262947
        m5 = 0.187972
        m6 = 0.0537231
        Tb = 17857.7
        Ta = 46528.9
        Te = 5619.58
        Tf = 2809.79
DiffEv reached_goal. cost=2.35032e-03 spread=2.81993e-06
Fitted parameter values
Free:
       pc1 = 3.28517
       pc2 = -0.614352
       pc3 = -0.764857
       pc4 = -0.416977
       pc5 = 1.9427
       pc6 = -0.287794
       pc7 = -1.10357
       pc8 = 0.525145
       pc9 = -0.484659
      pc10 = 0.388253
      pc11 = -0.124895
      pc12 = -0.174233
      pc13 = 0.212777
      pc14 = -0.145471
      pc15 = 0.098357
      pc16 = 0.120977
      pc17 = 0.0402188
Constrained:
   Tgbecnw = 187750
     Tecnw = 33293.1
       Tnw = 1105.3
       Tec = 577.25
     twoNb = 2.46957e+06
     twoNe = 2.67746e+06
     twoNc = 2.04344e+06
     twoNw = 2.16677e+06
    twoNec = 117105
    twoNnw = 156635
  twoNecnw = 42503.4
  twoNbecnw = 27867.2
  twoNgbecnw = 339686
         m = 0.0526577
        m2 = 0.0315043
        m5 = 0.234007
        m6 = 0.103881
        Tb = 16935.2
        Ta = 46067.6
        Te = 552.65
        Tf = 276.325
#       SitePat  BranchLen
              b 123090.9255671
              e 45789.5993613
              c 47840.6293084
              n 45016.9788961
              w 45012.1318002
            b:e 1314.2742360
            b:c 1456.1599223
            b:n 1127.7478914
            b:w 1127.5752467
            e:c 11872.8942060
            e:n 4757.7693788
            e:w 4760.3179340
            c:n 4151.4380049
            c:w 4152.8412486
            n:w 12317.4456783
          b:e:c 1261.1212374
          b:e:n 608.7201942
          b:e:w 608.7539405
          b:c:n 609.3492327
          b:c:w 609.3132707
          b:n:w 1309.9836646
          e:c:n 4610.3926453
          e:c:w 4611.2879422
          e:n:w 5886.6108315
          c:n:w 5121.8271491
        b:e:c:n 1149.7434258
        b:e:c:w 1149.9182863
        b:e:n:w 1928.9089659
        b:c:n:w 1713.3966941
        e:c:n:w 48755.5792585
