########################################
# legofit: estimate population history #
#       version 2.3.4-4-g53f8760       #
########################################

# Program was compiled: Sep 21 2021 14:36:42
# Program was run: Sat Sep 25 01:07:01 2021

# cmd: legofit -1 -d 0 -t 32 --ptsPerDim 3 --stateOut b1boot26.state --tol 3e-6 -S 5000 abef2.lgo ../../chrX/boot_chrX/boot26.opf
# Stage nOptItr nSimReps
#     0    5000        0
# algorithm          : deterministic
# ignoring probs <=  : 0
# Branch length floor: 0
# DE strategy        : 2
#    F               : 0.3
#    CR              : 0.8
#    tolerance       : 3e-06
# nthreads           : 32
# lgo input file     : abef2.lgo
# site pat input file: ../../chrX/boot_chrX/boot26.opf
# free parameters    : 17
# points in DE swarm : 51
# output state file  : b1boot26.state
# Including singleton site patterns.
# cost function      : KL
Initial parameter values
Fixed:
      zero = 0
       one = 1
    Tbecnw = 75200
Free:
       pc1 = 0
       pc2 = 0
       pc3 = 0
       pc4 = 0
       pc5 = 0
       pc6 = 0
       pc7 = 0
       pc8 = 0
       pc9 = 0
      pc10 = 0
      pc11 = 0
      pc12 = 0
      pc13 = 0
      pc14 = 0
      pc15 = 0
      pc16 = 0
      pc17 = 0
Constrained:
   Tgbecnw = 228950
     Tecnw = 29843.5
       Tnw = 11239.2
       Tec = 5871.96
     twoNb = 1.61502e+06
     twoNe = 1.41569e+06
     twoNc = 1.45773e+06
     twoNw = 1.47234e+06
    twoNec = 96257.1
    twoNnw = 83744
  twoNecnw = 58389.9
  twoNbecnw = 25286.5
  twoNgbecnw = 232550
         m = 0.106506
        m2 = 0.0262947
        m5 = 0.187972
        m6 = 0.0537231
        Tb = 17857.7
        Ta = 46528.9
        Te = 5619.58
        Tf = 2809.79
DiffEv reached_goal. cost=2.26488e-03 spread=2.91578e-06
Fitted parameter values
Free:
       pc1 = 3.9475
       pc2 = 0.458104
       pc3 = -1.04452
       pc4 = -0.509854
       pc5 = 1.49835
       pc6 = -0.23402
       pc7 = -0.207572
       pc8 = 1.02507
       pc9 = -0.0184858
      pc10 = 0.334161
      pc11 = -0.416181
      pc12 = -0.0303222
      pc13 = -0.113276
      pc14 = 0.0773269
      pc15 = -0.00826833
      pc16 = -0.00683422
      pc17 = -0.016828
Constrained:
   Tgbecnw = 199616
     Tecnw = 35721.2
       Tnw = 331.562
       Tec = 407.006
     twoNb = 2.69371e+06
     twoNe = 4.13644e+06
     twoNc = 1.25157e+06
     twoNw = 1.63024e+06
    twoNec = 110508
    twoNnw = 155648
  twoNecnw = 42181.8
  twoNbecnw = 31173.1
  twoNgbecnw = 267799
         m = 0.0635338
        m2 = 0.0336393
        m5 = 0.255121
        m6 = 0.149663
        Tb = 18064.1
        Ta = 46632
        Te = 165.781
        Tf = 82.8906
#       SitePat  BranchLen
              b 125344.7446263
              e 47214.4346564
              c 49082.0378924
              n 45973.4916303
              w 45971.0353940
            b:e 1422.3325070
            b:c 1555.7912895
            b:n 1200.8818521
            b:w 1200.7917424
            e:c 12373.2650716
            e:n 4879.2532490
            e:w 4880.3490675
            c:n 4326.9160145
            c:w 4327.8272804
            n:w 13004.8060442
          b:e:c 1370.4268582
          b:e:n 646.6663468
          b:e:w 646.6717016
          b:c:n 647.0046064
          b:c:w 646.9983965
          b:n:w 1428.0015999
          e:c:n 4623.3675230
          e:c:w 4623.8166749
          e:n:w 6040.4155130
          c:n:w 5340.7942652
        b:e:c:n 1218.3039112
        b:e:c:w 1218.3948760
        b:e:n:w 2025.0422208
        b:c:n:w 1827.7955031
        e:c:n:w 49217.1079599
