########################################
# legofit: estimate population history #
#       version 2.3.4-4-g53f8760       #
########################################

# Program was compiled: Sep 21 2021 14:36:42
# Program was run: Sat Sep 25 01:14:04 2021

# cmd: legofit -1 -d 0 -t 32 --ptsPerDim 3 --stateOut b1boot32.state --tol 3e-6 -S 5000 abef2.lgo ../../chrX/boot_chrX/boot32.opf
# Stage nOptItr nSimReps
#     0    5000        0
# algorithm          : deterministic
# ignoring probs <=  : 0
# Branch length floor: 0
# DE strategy        : 2
#    F               : 0.3
#    CR              : 0.8
#    tolerance       : 3e-06
# nthreads           : 32
# lgo input file     : abef2.lgo
# site pat input file: ../../chrX/boot_chrX/boot32.opf
# free parameters    : 17
# points in DE swarm : 51
# output state file  : b1boot32.state
# Including singleton site patterns.
# cost function      : KL
Initial parameter values
Fixed:
      zero = 0
       one = 1
    Tbecnw = 75200
Free:
       pc1 = 0
       pc2 = 0
       pc3 = 0
       pc4 = 0
       pc5 = 0
       pc6 = 0
       pc7 = 0
       pc8 = 0
       pc9 = 0
      pc10 = 0
      pc11 = 0
      pc12 = 0
      pc13 = 0
      pc14 = 0
      pc15 = 0
      pc16 = 0
      pc17 = 0
Constrained:
   Tgbecnw = 228950
     Tecnw = 29843.5
       Tnw = 11239.2
       Tec = 5871.96
     twoNb = 1.61502e+06
     twoNe = 1.41569e+06
     twoNc = 1.45773e+06
     twoNw = 1.47234e+06
    twoNec = 96257.1
    twoNnw = 83744
  twoNecnw = 58389.9
  twoNbecnw = 25286.5
  twoNgbecnw = 232550
         m = 0.106506
        m2 = 0.0262947
        m5 = 0.187972
        m6 = 0.0537231
        Tb = 17857.7
        Ta = 46528.9
        Te = 5619.58
        Tf = 2809.79
DiffEv reached_goal. cost=2.14394e-03 spread=1.71108e-06
Fitted parameter values
Free:
       pc1 = 3.94196
       pc2 = -0.0709229
       pc3 = -1.22726
       pc4 = 0.166215
       pc5 = 1.94828
       pc6 = -0.910411
       pc7 = 0.3616
       pc8 = 1.43798
       pc9 = -0.635947
      pc10 = 0.709134
      pc11 = -0.315783
      pc12 = -0.18698
      pc13 = 0.150522
      pc14 = -0.0560406
      pc15 = -0.120923
      pc16 = -0.0295423
      pc17 = -0.00686573
Constrained:
   Tgbecnw = 171215
     Tecnw = 35861.7
       Tnw = 18.0298
       Tec = 110.248
     twoNb = 3.32125e+06
     twoNe = 1.92058e+06
     twoNc = 2.47834e+06
     twoNw = 1.89046e+06
    twoNec = 102854
    twoNnw = 156355
  twoNecnw = 36897
  twoNbecnw = 27230.9
  twoNgbecnw = 283353
         m = 0.0546223
        m2 = 0.0355635
        m5 = 0.267016
        m6 = 0.154251
        Tb = 17986
        Ta = 46593
        Te = 9.01491
        Tf = 4.50745
#       SitePat  BranchLen
              b 121427.2518634
              e 45286.3902111
              c 47213.1960328
              n 44450.6869031
              w 44450.5710272
            b:e 1299.2649643
            b:c 1435.5012917
            b:n 1089.2419625
            b:w 1089.2379905
            e:c 11990.8637171
            e:n 4582.8716632
            e:w 4582.9241768
            c:n 4012.1400388
            c:w 4012.1827950
            n:w 12335.5229532
          b:e:c 1261.9611894
          b:e:n 581.7315022
          b:e:w 581.7317604
          b:c:n 582.3603509
          b:c:w 582.3600370
          b:n:w 1314.0047196
          e:c:n 4393.1492155
          e:c:w 4393.1698217
          e:n:w 5782.1127213
          c:n:w 5057.8751681
        b:e:c:n 1112.6380506
        b:e:c:w 1112.6420783
        b:e:n:w 1865.7046288
        b:c:n:w 1667.1159020
        e:c:n:w 48175.5926673
