########################################
# legofit: estimate population history #
#       version 2.3.4-4-g53f8760       #
########################################

# Program was compiled: Sep 21 2021 14:36:42
# Program was run: Sat Sep 25 00:57:48 2021

# cmd: legofit -1 -d 0 -t 32 --ptsPerDim 3 --stateOut b1boot20.state --tol 3e-6 -S 5000 abef2.lgo ../../chrX/boot_chrX/boot20.opf
# Stage nOptItr nSimReps
#     0    5000        0
# algorithm          : deterministic
# ignoring probs <=  : 0
# Branch length floor: 0
# DE strategy        : 2
#    F               : 0.3
#    CR              : 0.8
#    tolerance       : 3e-06
# nthreads           : 32
# lgo input file     : abef2.lgo
# site pat input file: ../../chrX/boot_chrX/boot20.opf
# free parameters    : 17
# points in DE swarm : 51
# output state file  : b1boot20.state
# Including singleton site patterns.
# cost function      : KL
Initial parameter values
Fixed:
      zero = 0
       one = 1
    Tbecnw = 75200
Free:
       pc1 = 0
       pc2 = 0
       pc3 = 0
       pc4 = 0
       pc5 = 0
       pc6 = 0
       pc7 = 0
       pc8 = 0
       pc9 = 0
      pc10 = 0
      pc11 = 0
      pc12 = 0
      pc13 = 0
      pc14 = 0
      pc15 = 0
      pc16 = 0
      pc17 = 0
Constrained:
   Tgbecnw = 228950
     Tecnw = 29843.5
       Tnw = 11239.2
       Tec = 5871.96
     twoNb = 1.61502e+06
     twoNe = 1.41569e+06
     twoNc = 1.45773e+06
     twoNw = 1.47234e+06
    twoNec = 96257.1
    twoNnw = 83744
  twoNecnw = 58389.9
  twoNbecnw = 25286.5
  twoNgbecnw = 232550
         m = 0.106506
        m2 = 0.0262947
        m5 = 0.187972
        m6 = 0.0537231
        Tb = 17857.7
        Ta = 46528.9
        Te = 5619.58
        Tf = 2809.79
DiffEv reached_goal. cost=2.27378e-03 spread=2.94679e-06
Fitted parameter values
Free:
       pc1 = -1.71939
       pc2 = 0.00750748
       pc3 = -1.81842
       pc4 = 0.572599
       pc5 = 1.83777
       pc6 = -0.103767
       pc7 = -0.0406608
       pc8 = -0.247576
       pc9 = -0.503662
      pc10 = -0.170764
      pc11 = -0.137837
      pc12 = 0.0926969
      pc13 = 0.00280463
      pc14 = 0.0857813
      pc15 = 0.0549065
      pc16 = 0.0285996
      pc17 = -0.0325958
Constrained:
   Tgbecnw = 157732
     Tecnw = 27351.7
       Tnw = 15600.9
       Tec = 7845.53
     twoNb = 3.67104e+06
     twoNe = 3.96209e+06
     twoNc = 1.86694e+06
     twoNw = 2.60423e+06
    twoNec = 90096.6
    twoNnw = 51700.7
  twoNecnw = 63978.6
  twoNbecnw = 22520.6
  twoNgbecnw = 233491
         m = 0.109009
        m2 = 0.0263557
        m5 = 0.16734
        m6 = 0.037646
        Tb = 17598.6
        Ta = 46399.3
        Te = 7800.43
        Tf = 3900.22
#       SitePat  BranchLen
              b 126832.1192840
              e 47502.9174714
              c 49500.3498119
              n 46118.8880370
              w 46092.3409571
            b:e 1355.1017372
            b:c 1502.1978679
            b:n 1124.8399725
            b:w 1123.6770415
            e:c 12311.3059173
            e:n 4894.0726473
            e:w 4912.1431984
            c:n 4368.7801952
            c:w 4371.1663814
            n:w 13075.5311276
          b:e:c 1327.8026194
          b:e:n 612.9431864
          b:e:w 613.5134259
          b:c:n 614.2873352
          b:c:w 613.6925724
          b:n:w 1379.9208751
          e:c:n 4592.2254663
          e:c:w 4598.3158089
          e:n:w 6118.5245359
          c:n:w 5264.7343956
        b:e:c:n 1159.9328384
        b:e:c:w 1161.1202927
        b:e:n:w 2061.2311945
        b:c:n:w 1835.2387972
        e:c:n:w 50096.4689679
