########################################
# legofit: estimate population history #
#       version 2.3.4-4-g53f8760       #
########################################

# Program was compiled: Sep 21 2021 14:36:42
# Program was run: Sat Sep 25 01:23:05 2021

# cmd: legofit -1 -d 0 -t 32 --ptsPerDim 3 --stateOut b1boot37.state --tol 3e-6 -S 5000 abef2.lgo ../../chrX/boot_chrX/boot37.opf
# Stage nOptItr nSimReps
#     0    5000        0
# algorithm          : deterministic
# ignoring probs <=  : 0
# Branch length floor: 0
# DE strategy        : 2
#    F               : 0.3
#    CR              : 0.8
#    tolerance       : 3e-06
# nthreads           : 32
# lgo input file     : abef2.lgo
# site pat input file: ../../chrX/boot_chrX/boot37.opf
# free parameters    : 17
# points in DE swarm : 51
# output state file  : b1boot37.state
# Including singleton site patterns.
# cost function      : KL
Initial parameter values
Fixed:
      zero = 0
       one = 1
    Tbecnw = 75200
Free:
       pc1 = 0
       pc2 = 0
       pc3 = 0
       pc4 = 0
       pc5 = 0
       pc6 = 0
       pc7 = 0
       pc8 = 0
       pc9 = 0
      pc10 = 0
      pc11 = 0
      pc12 = 0
      pc13 = 0
      pc14 = 0
      pc15 = 0
      pc16 = 0
      pc17 = 0
Constrained:
   Tgbecnw = 228950
     Tecnw = 29843.5
       Tnw = 11239.2
       Tec = 5871.96
     twoNb = 1.61502e+06
     twoNe = 1.41569e+06
     twoNc = 1.45773e+06
     twoNw = 1.47234e+06
    twoNec = 96257.1
    twoNnw = 83744
  twoNecnw = 58389.9
  twoNbecnw = 25286.5
  twoNgbecnw = 232550
         m = 0.106506
        m2 = 0.0262947
        m5 = 0.187972
        m6 = 0.0537231
        Tb = 17857.7
        Ta = 46528.9
        Te = 5619.58
        Tf = 2809.79
DiffEv reached_goal. cost=2.19862e-03 spread=2.39989e-06
Fitted parameter values
Free:
       pc1 = 1.571
       pc2 = -1.48412
       pc3 = -0.487152
       pc4 = -0.992616
       pc5 = 1.7658
       pc6 = 0.863438
       pc7 = -0.0573201
       pc8 = 0.244054
       pc9 = -0.113933
      pc10 = 0.519659
      pc11 = 0.362278
      pc12 = 0.113364
      pc13 = -0.0932138
      pc14 = -0.067118
      pc15 = 0.198244
      pc16 = 0.0884583
      pc17 = 0.00325712
Constrained:
   Tgbecnw = 180011
     Tecnw = 31294.2
       Tnw = 6227.8
       Tec = 3438.62
     twoNb = 1.28165e+06
     twoNe = 5.1713e+06
     twoNc = 3.60321e+06
     twoNw = 2.16087e+06
    twoNec = 103107
    twoNnw = 117105
  twoNecnw = 50951.1
  twoNbecnw = 24749.6
  twoNgbecnw = 414786
         m = 0.0537761
        m2 = 0.0273369
        m5 = 0.219038
        m6 = 0.103227
        Tb = 17366.4
        Ta = 46283.2
        Te = 3113.9
        Tf = 1556.95
#       SitePat  BranchLen
              b 124139.9970813
              e 46395.8791452
              c 48210.1494817
              n 45547.9135794
              w 45523.2545731
            b:e 1352.9884930
            b:c 1483.3171915
            b:n 1160.2315093
            b:w 1159.2689467
            e:c 12121.4085752
            e:n 4833.2939548
            e:w 4845.6014434
            c:n 4310.5127680
            c:w 4317.9386130
            n:w 12565.0370903
          b:e:c 1318.6774485
          b:e:n 627.9406217
          b:e:w 628.0985098
          b:c:n 628.9773734
          b:c:w 628.8012268
          b:n:w 1362.9085872
          e:c:n 4615.0237309
          e:c:w 4619.9494036
          e:n:w 5840.8610885
          c:n:w 5139.3253734
        b:e:c:n 1193.0307196
        b:e:c:w 1194.0115407
        b:e:n:w 1956.0671202
        b:c:n:w 1761.7083399
        e:c:n:w 49053.1929756
