########################################
# legofit: estimate population history #
#       version 2.3.4-4-g53f8760       #
########################################

# Program was compiled: Sep 21 2021 14:36:42
# Program was run: Sat Sep 25 00:38:45 2021

# cmd: legofit -1 -d 0 -t 32 --ptsPerDim 3 --stateOut b1boot9.state --tol 3e-6 -S 5000 abef2.lgo ../../chrX/boot_chrX/boot9.opf
# Stage nOptItr nSimReps
#     0    5000        0
# algorithm          : deterministic
# ignoring probs <=  : 0
# Branch length floor: 0
# DE strategy        : 2
#    F               : 0.3
#    CR              : 0.8
#    tolerance       : 3e-06
# nthreads           : 32
# lgo input file     : abef2.lgo
# site pat input file: ../../chrX/boot_chrX/boot9.opf
# free parameters    : 17
# points in DE swarm : 51
# output state file  : b1boot9.state
# Including singleton site patterns.
# cost function      : KL
Initial parameter values
Fixed:
      zero = 0
       one = 1
    Tbecnw = 75200
Free:
       pc1 = 0
       pc2 = 0
       pc3 = 0
       pc4 = 0
       pc5 = 0
       pc6 = 0
       pc7 = 0
       pc8 = 0
       pc9 = 0
      pc10 = 0
      pc11 = 0
      pc12 = 0
      pc13 = 0
      pc14 = 0
      pc15 = 0
      pc16 = 0
      pc17 = 0
Constrained:
   Tgbecnw = 228950
     Tecnw = 29843.5
       Tnw = 11239.2
       Tec = 5871.96
     twoNb = 1.61502e+06
     twoNe = 1.41569e+06
     twoNc = 1.45773e+06
     twoNw = 1.47234e+06
    twoNec = 96257.1
    twoNnw = 83744
  twoNecnw = 58389.9
  twoNbecnw = 25286.5
  twoNgbecnw = 232550
         m = 0.106506
        m2 = 0.0262947
        m5 = 0.187972
        m6 = 0.0537231
        Tb = 17857.7
        Ta = 46528.9
        Te = 5619.58
        Tf = 2809.79
DiffEv reached_goal. cost=2.32825e-03 spread=2.98358e-06
Fitted parameter values
Free:
       pc1 = 3.86268
       pc2 = 0.823532
       pc3 = -1.73175
       pc4 = -1.04558
       pc5 = 1.8988
       pc6 = -1.34907
       pc7 = 0.576686
       pc8 = 1.02929
       pc9 = 0.102276
      pc10 = 0.996227
      pc11 = -0.00855908
      pc12 = -0.00513908
      pc13 = -0.0443586
      pc14 = -0.136927
      pc15 = -0.126005
      pc16 = -0.0347874
      pc17 = -0.0244311
Constrained:
   Tgbecnw = 188028
     Tecnw = 36290
       Tnw = 61.6757
       Tec = 104.793
     twoNb = 4.23954e+06
     twoNe = 4.86861e+06
     twoNc = 1.62392e+06
     twoNw = 1.24738e+06
    twoNec = 103556
    twoNnw = 156376
  twoNecnw = 38506.7
  twoNbecnw = 28845.5
  twoNgbecnw = 312462
         m = 0.0531588
        m2 = 0.0314679
        m5 = 0.270266
        m6 = 0.160207
        Tb = 18197.4
        Ta = 46698.7
        Te = 30.8379
        Tf = 15.4189
#       SitePat  BranchLen
              b 123063.3464436
              e 45890.2695172
              c 47799.5246811
              n 45095.6455649
              w 45095.0211006
            b:e 1292.2444210
            b:c 1421.9597015
            b:n 1114.3508188
            b:w 1114.3292518
            e:c 12203.3361448
            e:n 4688.1370618
            e:w 4688.4150694
            c:n 4118.2318551
            c:w 4118.4667253
            n:w 12552.3434570
          b:e:c 1279.6833881
          b:e:n 594.0700153
          b:e:w 594.0711651
          b:c:n 594.5267103
          b:c:w 594.5253149
          b:n:w 1333.2809940
          e:c:n 4453.6717579
          e:c:w 4453.7833444
          e:n:w 5781.4126874
          c:n:w 5071.9781947
        b:e:c:n 1133.7545296
        b:e:c:w 1133.7763420
        b:e:n:w 1845.8151184
        b:c:n:w 1655.2218631
        e:c:n:w 48732.5155792
