########################################
# legofit: estimate population history #
#       version 2.3.4-4-g53f8760       #
########################################

# Program was compiled: Sep 21 2021 14:36:42
# Program was run: Sat Sep 25 00:51:26 2021

# cmd: legofit -1 -d 0 -t 32 --ptsPerDim 3 --stateOut b1boot17.state --tol 3e-6 -S 5000 abef2.lgo ../../chrX/boot_chrX/boot17.opf
# Stage nOptItr nSimReps
#     0    5000        0
# algorithm          : deterministic
# ignoring probs <=  : 0
# Branch length floor: 0
# DE strategy        : 2
#    F               : 0.3
#    CR              : 0.8
#    tolerance       : 3e-06
# nthreads           : 32
# lgo input file     : abef2.lgo
# site pat input file: ../../chrX/boot_chrX/boot17.opf
# free parameters    : 17
# points in DE swarm : 51
# output state file  : b1boot17.state
# Including singleton site patterns.
# cost function      : KL
Initial parameter values
Fixed:
      zero = 0
       one = 1
    Tbecnw = 75200
Free:
       pc1 = 0
       pc2 = 0
       pc3 = 0
       pc4 = 0
       pc5 = 0
       pc6 = 0
       pc7 = 0
       pc8 = 0
       pc9 = 0
      pc10 = 0
      pc11 = 0
      pc12 = 0
      pc13 = 0
      pc14 = 0
      pc15 = 0
      pc16 = 0
      pc17 = 0
Constrained:
   Tgbecnw = 228950
     Tecnw = 29843.5
       Tnw = 11239.2
       Tec = 5871.96
     twoNb = 1.61502e+06
     twoNe = 1.41569e+06
     twoNc = 1.45773e+06
     twoNw = 1.47234e+06
    twoNec = 96257.1
    twoNnw = 83744
  twoNecnw = 58389.9
  twoNbecnw = 25286.5
  twoNgbecnw = 232550
         m = 0.106506
        m2 = 0.0262947
        m5 = 0.187972
        m6 = 0.0537231
        Tb = 17857.7
        Ta = 46528.9
        Te = 5619.58
        Tf = 2809.79
DiffEv reached_goal. cost=2.28670e-03 spread=2.58655e-06
Fitted parameter values
Free:
       pc1 = 3.18894
       pc2 = -0.288719
       pc3 = -0.440751
       pc4 = -0.735923
       pc5 = 1.61315
       pc6 = -0.365645
       pc7 = 1.3401
       pc8 = 1.80676
       pc9 = -0.767725
      pc10 = 0.806448
      pc11 = 0.156841
      pc12 = -0.0315062
      pc13 = -0.135972
      pc14 = -0.332569
      pc15 = -0.00125105
      pc16 = -0.00454902
      pc17 = 0.00743335
Constrained:
   Tgbecnw = 157790
     Tecnw = 34531.4
       Tnw = 208.673
       Tec = 1081.69
     twoNb = 2.357e+06
     twoNe = 3.73205e+06
     twoNc = 4.19279e+06
     twoNw = 1.34525e+06
    twoNec = 93985.7
    twoNnw = 152992
  twoNecnw = 41849.5
  twoNbecnw = 22781.1
  twoNgbecnw = 324791
         m = 0.0607337
        m2 = 0.0348217
        m5 = 0.262311
        m6 = 0.15625
        Tb = 17806.5
        Ta = 46503.3
        Te = 104.336
        Tf = 52.1682
#       SitePat  BranchLen
              b 121630.6382009
              e 45199.4766578
              c 47005.5352875
              n 44571.0417273
              w 44569.1614608
            b:e 1268.3179286
            b:c 1391.4988520
            b:n 1083.4248930
            b:w 1083.3609775
            e:c 12290.5094912
            e:n 4639.7563842
            e:w 4640.5900641
            c:n 4101.6855664
            c:w 4102.3950083
            n:w 12453.7818162
          b:e:c 1253.8331493
          b:e:n 575.4712854
          b:e:w 575.4742767
          b:c:n 576.3018811
          b:c:w 576.2976093
          b:n:w 1315.3344849
          e:c:n 4396.0943845
          e:c:w 4396.4315292
          e:n:w 5601.9134215
          c:n:w 4938.5386412
        b:e:c:n 1116.5549293
        b:e:c:w 1116.6201252
        b:e:n:w 1892.3971488
        b:c:n:w 1701.1443080
        e:c:n:w 48193.2293660
