########################################
# legofit: estimate population history #
#       version 2.3.4-4-g53f8760       #
########################################

# Program was compiled: Sep 21 2021 14:36:42
# Program was run: Sat Sep 25 01:21:10 2021

# cmd: legofit -1 -d 0 -t 32 --ptsPerDim 3 --stateOut b1boot35.state --tol 3e-6 -S 5000 abef2.lgo ../../chrX/boot_chrX/boot35.opf
# Stage nOptItr nSimReps
#     0    5000        0
# algorithm          : deterministic
# ignoring probs <=  : 0
# Branch length floor: 0
# DE strategy        : 2
#    F               : 0.3
#    CR              : 0.8
#    tolerance       : 3e-06
# nthreads           : 32
# lgo input file     : abef2.lgo
# site pat input file: ../../chrX/boot_chrX/boot35.opf
# free parameters    : 17
# points in DE swarm : 51
# output state file  : b1boot35.state
# Including singleton site patterns.
# cost function      : KL
Initial parameter values
Fixed:
      zero = 0
       one = 1
    Tbecnw = 75200
Free:
       pc1 = 0
       pc2 = 0
       pc3 = 0
       pc4 = 0
       pc5 = 0
       pc6 = 0
       pc7 = 0
       pc8 = 0
       pc9 = 0
      pc10 = 0
      pc11 = 0
      pc12 = 0
      pc13 = 0
      pc14 = 0
      pc15 = 0
      pc16 = 0
      pc17 = 0
Constrained:
   Tgbecnw = 228950
     Tecnw = 29843.5
       Tnw = 11239.2
       Tec = 5871.96
     twoNb = 1.61502e+06
     twoNe = 1.41569e+06
     twoNc = 1.45773e+06
     twoNw = 1.47234e+06
    twoNec = 96257.1
    twoNnw = 83744
  twoNecnw = 58389.9
  twoNbecnw = 25286.5
  twoNgbecnw = 232550
         m = 0.106506
        m2 = 0.0262947
        m5 = 0.187972
        m6 = 0.0537231
        Tb = 17857.7
        Ta = 46528.9
        Te = 5619.58
        Tf = 2809.79
DiffEv reached_goal. cost=2.37089e-03 spread=2.93982e-06
Fitted parameter values
Free:
       pc1 = 3.59786
       pc2 = 1.26428
       pc3 = -0.98873
       pc4 = -0.917611
       pc5 = 1.60819
       pc6 = -0.674668
       pc7 = -0.0247152
       pc8 = 1.50815
       pc9 = -0.039885
      pc10 = 0.82227
      pc11 = -0.0410275
      pc12 = 0.169709
      pc13 = 0.0833418
      pc14 = -0.110852
      pc15 = 0.0894647
      pc16 = -0.0224343
      pc17 = 0.0432775
Constrained:
   Tgbecnw = 172702
     Tecnw = 35644.6
       Tnw = 145.723
       Tec = 157.404
     twoNb = 3.34174e+06
     twoNe = 5.17716e+06
     twoNc = 1.64827e+06
     twoNw = 1.21924e+06
    twoNec = 110288
    twoNnw = 161341
  twoNecnw = 42083.9
  twoNbecnw = 27253
  twoNgbecnw = 231795
         m = 0.0842702
        m2 = 0.0320616
        m5 = 0.272172
        m6 = 0.147659
        Tb = 17901
        Ta = 46550.5
        Te = 72.8614
        Tf = 36.4307
#       SitePat  BranchLen
              b 125616.2146588
              e 46707.0549211
              c 48834.0084948
              n 45826.3947556
              w 45824.9105293
            b:e 1314.9899279
            b:c 1459.4572490
            b:n 1123.1175883
            b:w 1123.0665051
            e:c 12066.9005168
            e:n 4873.5476893
            e:w 4874.2464011
            c:n 4237.0779577
            c:w 4237.5972036
            n:w 12548.6744749
          b:e:c 1263.9501347
          b:e:n 608.3368441
          b:e:w 608.3417993
          b:c:n 608.7944584
          b:c:w 608.7888574
          b:n:w 1322.4472448
          e:c:n 4502.8999671
          e:c:w 4503.1662357
          e:n:w 5875.0805294
          c:n:w 5096.9133201
        b:e:c:n 1144.9109788
        b:e:c:w 1144.9627078
        b:e:n:w 1941.2324696
        b:c:n:w 1720.1930126
        e:c:n:w 50179.1834815
