########################################
# legofit: estimate population history #
#       version 2.3.4-4-g53f8760       #
########################################

# Program was compiled: Sep 21 2021 14:36:42
# Program was run: Sat Sep 25 01:08:05 2021

# cmd: legofit -1 -d 0 -t 32 --ptsPerDim 3 --stateOut b1boot28.state --tol 3e-6 -S 5000 abef2.lgo ../../chrX/boot_chrX/boot28.opf
# Stage nOptItr nSimReps
#     0    5000        0
# algorithm          : deterministic
# ignoring probs <=  : 0
# Branch length floor: 0
# DE strategy        : 2
#    F               : 0.3
#    CR              : 0.8
#    tolerance       : 3e-06
# nthreads           : 32
# lgo input file     : abef2.lgo
# site pat input file: ../../chrX/boot_chrX/boot28.opf
# free parameters    : 17
# points in DE swarm : 51
# output state file  : b1boot28.state
# Including singleton site patterns.
# cost function      : KL
Initial parameter values
Fixed:
      zero = 0
       one = 1
    Tbecnw = 75200
Free:
       pc1 = 0
       pc2 = 0
       pc3 = 0
       pc4 = 0
       pc5 = 0
       pc6 = 0
       pc7 = 0
       pc8 = 0
       pc9 = 0
      pc10 = 0
      pc11 = 0
      pc12 = 0
      pc13 = 0
      pc14 = 0
      pc15 = 0
      pc16 = 0
      pc17 = 0
Constrained:
   Tgbecnw = 228950
     Tecnw = 29843.5
       Tnw = 11239.2
       Tec = 5871.96
     twoNb = 1.61502e+06
     twoNe = 1.41569e+06
     twoNc = 1.45773e+06
     twoNw = 1.47234e+06
    twoNec = 96257.1
    twoNnw = 83744
  twoNecnw = 58389.9
  twoNbecnw = 25286.5
  twoNgbecnw = 232550
         m = 0.106506
        m2 = 0.0262947
        m5 = 0.187972
        m6 = 0.0537231
        Tb = 17857.7
        Ta = 46528.9
        Te = 5619.58
        Tf = 2809.79
DiffEv reached_goal. cost=2.24860e-03 spread=2.98675e-06
Fitted parameter values
Free:
       pc1 = -2.07878
       pc2 = -0.281631
       pc3 = 0.0394274
       pc4 = 0.283285
       pc5 = 0.598811
       pc6 = -0.718545
       pc7 = 0.675153
       pc8 = 0.0057894
       pc9 = -0.377348
      pc10 = 0.31256
      pc11 = 0.0602145
      pc12 = 0.187989
      pc13 = -0.108718
      pc14 = -0.0135751
      pc15 = -0.00472701
      pc16 = 0.0576745
      pc17 = -0.0595646
Constrained:
   Tgbecnw = 142804
     Tecnw = 26817.2
       Tnw = 16142.2
       Tec = 8096.25
     twoNb = 2.52135e+06
     twoNe = 427084
     twoNc = 3.77752e+06
     twoNw = 1.57473e+06
    twoNec = 85375.4
    twoNnw = 46437.1
  twoNecnw = 64354
  twoNbecnw = 19732.2
  twoNgbecnw = 230878
         m = 0.113884
        m2 = 0.0240095
        m5 = 0.166213
        m6 = 0.0330295
        Tb = 17456.7
        Ta = 46328.4
        Te = 8071.11
        Tf = 4035.55
#       SitePat  BranchLen
              b 125249.6015609
              e 46749.3273914
              c 48769.0086803
              n 45621.6940761
              w 45579.0636175
            b:e 1311.9598040
            b:c 1460.4788087
            b:n 1095.3891914
            b:w 1093.5248446
            e:c 12294.0380032
            e:n 4809.1942891
            e:w 4839.3894157
            c:n 4283.2425720
            c:w 4285.8192116
            n:w 12948.0427087
          b:e:c 1308.9340047
          b:e:n 595.5062678
          b:e:w 596.5030336
          b:c:n 597.7008604
          b:c:w 596.6508799
          b:n:w 1352.1764467
          e:c:n 4526.3869048
          e:c:w 4536.2455972
          e:n:w 6008.9832708
          c:n:w 5137.3043243
        b:e:c:n 1141.1276430
        b:e:c:w 1143.0452045
        b:e:n:w 1963.2344422
        b:c:n:w 1743.8925364
        e:c:n:w 49425.8505235
