########################################
# legofit: estimate population history #
#       version 2.3.4-4-g53f8760       #
########################################

# Program was compiled: Sep 21 2021 14:36:42
# Program was run: Sat Sep 25 00:30:18 2021

# cmd: legofit -1 -d 0 -t 32 --ptsPerDim 3 --stateOut b1boot2.state --tol 3e-6 -S 5000 abef2.lgo ../../chrX/boot_chrX/boot2.opf
# Stage nOptItr nSimReps
#     0    5000        0
# algorithm          : deterministic
# ignoring probs <=  : 0
# Branch length floor: 0
# DE strategy        : 2
#    F               : 0.3
#    CR              : 0.8
#    tolerance       : 3e-06
# nthreads           : 32
# lgo input file     : abef2.lgo
# site pat input file: ../../chrX/boot_chrX/boot2.opf
# free parameters    : 17
# points in DE swarm : 51
# output state file  : b1boot2.state
# Including singleton site patterns.
# cost function      : KL
Initial parameter values
Fixed:
      zero = 0
       one = 1
    Tbecnw = 75200
Free:
       pc1 = 0
       pc2 = 0
       pc3 = 0
       pc4 = 0
       pc5 = 0
       pc6 = 0
       pc7 = 0
       pc8 = 0
       pc9 = 0
      pc10 = 0
      pc11 = 0
      pc12 = 0
      pc13 = 0
      pc14 = 0
      pc15 = 0
      pc16 = 0
      pc17 = 0
Constrained:
   Tgbecnw = 228950
     Tecnw = 29843.5
       Tnw = 11239.2
       Tec = 5871.96
     twoNb = 1.61502e+06
     twoNe = 1.41569e+06
     twoNc = 1.45773e+06
     twoNw = 1.47234e+06
    twoNec = 96257.1
    twoNnw = 83744
  twoNecnw = 58389.9
  twoNbecnw = 25286.5
  twoNgbecnw = 232550
         m = 0.106506
        m2 = 0.0262947
        m5 = 0.187972
        m6 = 0.0537231
        Tb = 17857.7
        Ta = 46528.9
        Te = 5619.58
        Tf = 2809.79
DiffEv reached_goal. cost=2.29427e-03 spread=2.07197e-06
Fitted parameter values
Free:
       pc1 = -3.095
       pc2 = 0.213961
       pc3 = -0.963103
       pc4 = -0.415332
       pc5 = 0.870322
       pc6 = 0.176855
       pc7 = 1.054
       pc8 = -0.424415
       pc9 = -0.0496993
      pc10 = 0.191503
      pc11 = 0.0839321
      pc12 = 0.375329
      pc13 = -0.221597
      pc14 = -0.185127
      pc15 = -0.0705594
      pc16 = 0.0159706
      pc17 = -0.0347106
Constrained:
   Tgbecnw = 147405
     Tecnw = 25877.5
       Tnw = 19126.5
       Tec = 9632.88
     twoNb = 2.83231e+06
     twoNe = 5.38712e+06
     twoNc = 2.85078e+06
     twoNw = 1.68579e+06
    twoNec = 77921.1
    twoNnw = 28185.2
  twoNecnw = 70650.2
  twoNbecnw = 20313.4
  twoNgbecnw = 235897
         m = 0.114621
        m2 = 0.0218688
        m5 = 0.158683
        m6 = 0.015338
        Tb = 17755.2
        Ta = 46477.6
        Te = 9563.27
        Tf = 4781.63
#       SitePat  BranchLen
              b 126232.3518157
              e 47466.5649489
              c 49675.6459538
              n 46220.9994724
              w 46182.9906719
            b:e 1339.4501457
            b:c 1504.9981027
            b:n 1122.4203524
            b:w 1120.6394173
            e:c 12506.7473925
            e:n 4880.9405200
            e:w 4912.7142996
            c:n 4320.5097957
            c:w 4317.6049227
            n:w 13301.6962608
          b:e:c 1364.6411500
          b:e:n 610.7462267
          b:e:w 612.0701569
          b:c:n 613.4090666
          b:c:w 612.0335034
          b:n:w 1405.2260129
          e:c:n 4497.2903339
          e:c:w 4506.4302278
          e:n:w 6116.9237265
          c:n:w 5134.1143146
        b:e:c:n 1169.8812745
        b:e:c:w 1171.7138424
        b:e:n:w 2000.8628081
        b:c:n:w 1761.9571321
        e:c:n:w 49485.4242061
