########################################
# legofit: estimate population history #
#       version 2.3.4-4-g53f8760       #
########################################

# Program was compiled: Sep 21 2021 14:36:42
# Program was run: Sat Sep 25 00:59:59 2021

# cmd: legofit -1 -d 0 -t 32 --ptsPerDim 3 --stateOut b1boot23.state --tol 3e-6 -S 5000 abef2.lgo ../../chrX/boot_chrX/boot23.opf
# Stage nOptItr nSimReps
#     0    5000        0
# algorithm          : deterministic
# ignoring probs <=  : 0
# Branch length floor: 0
# DE strategy        : 2
#    F               : 0.3
#    CR              : 0.8
#    tolerance       : 3e-06
# nthreads           : 32
# lgo input file     : abef2.lgo
# site pat input file: ../../chrX/boot_chrX/boot23.opf
# free parameters    : 17
# points in DE swarm : 51
# output state file  : b1boot23.state
# Including singleton site patterns.
# cost function      : KL
Initial parameter values
Fixed:
      zero = 0
       one = 1
    Tbecnw = 75200
Free:
       pc1 = 0
       pc2 = 0
       pc3 = 0
       pc4 = 0
       pc5 = 0
       pc6 = 0
       pc7 = 0
       pc8 = 0
       pc9 = 0
      pc10 = 0
      pc11 = 0
      pc12 = 0
      pc13 = 0
      pc14 = 0
      pc15 = 0
      pc16 = 0
      pc17 = 0
Constrained:
   Tgbecnw = 228950
     Tecnw = 29843.5
       Tnw = 11239.2
       Tec = 5871.96
     twoNb = 1.61502e+06
     twoNe = 1.41569e+06
     twoNc = 1.45773e+06
     twoNw = 1.47234e+06
    twoNec = 96257.1
    twoNnw = 83744
  twoNecnw = 58389.9
  twoNbecnw = 25286.5
  twoNgbecnw = 232550
         m = 0.106506
        m2 = 0.0262947
        m5 = 0.187972
        m6 = 0.0537231
        Tb = 17857.7
        Ta = 46528.9
        Te = 5619.58
        Tf = 2809.79
DiffEv reached_goal. cost=2.28672e-03 spread=2.92633e-06
Fitted parameter values
Free:
       pc1 = 0.462406
       pc2 = 0.330241
       pc3 = -1.03319
       pc4 = 1.10693
       pc5 = 1.85985
       pc6 = -0.829459
       pc7 = 0.124339
       pc8 = 1.06304
       pc9 = -0.103955
      pc10 = 0.740674
      pc11 = 0.24331
      pc12 = 0.128743
      pc13 = 0.0455774
      pc14 = -0.21993
      pc15 = 0.242474
      pc16 = 0.00324748
      pc17 = -0.0708404
Constrained:
   Tgbecnw = 143517
     Tecnw = 31658.6
       Tnw = 7028.46
       Tec = 4744.11
     twoNb = 3.62055e+06
     twoNe = 1.18897e+06
     twoNc = 3.14769e+06
     twoNw = 2.22867e+06
    twoNec = 93910.5
    twoNnw = 108140
  twoNecnw = 53275
  twoNbecnw = 22245.9
  twoNgbecnw = 188690
         m = 0.12172
        m2 = 0.0270385
        m5 = 0.230256
        m6 = 0.104783
        Tb = 18201.4
        Ta = 46700.7
        Te = 3514.23
        Tf = 1757.11
#       SitePat  BranchLen
              b 124995.5741876
              e 46798.6022771
              c 48870.9013904
              n 45915.9785004
              w 45888.1296750
            b:e 1351.4577151
            b:c 1500.0688978
            b:n 1158.0241363
            b:w 1156.9363342
            e:c 12419.0436842
            e:n 4877.2878702
            e:w 4891.4517469
            c:n 4284.1625487
            c:w 4292.2743739
            n:w 12967.0330493
          b:e:c 1346.8138741
          b:e:n 624.3641708
          b:e:w 624.5592411
          b:c:n 625.4921686
          b:c:w 625.2716301
          b:n:w 1396.3164785
          e:c:n 4597.2961299
          e:c:w 4602.8692534
          e:n:w 5968.9459009
          c:n:w 5152.8400216
        b:e:c:n 1198.4813162
        b:e:c:w 1199.5945866
        b:e:n:w 1948.8879456
        b:c:n:w 1734.5457868
        e:c:n:w 49036.7330702
