########################################
# legofit: estimate population history #
#       version 2.3.4-4-g53f8760       #
########################################

# Program was compiled: Sep 21 2021 14:36:42
# Program was run: Sat Sep 25 01:28:30 2021

# cmd: legofit -1 -d 0 -t 32 --ptsPerDim 3 --stateOut b1boot42.state --tol 3e-6 -S 5000 abef2.lgo ../../chrX/boot_chrX/boot42.opf
# Stage nOptItr nSimReps
#     0    5000        0
# algorithm          : deterministic
# ignoring probs <=  : 0
# Branch length floor: 0
# DE strategy        : 2
#    F               : 0.3
#    CR              : 0.8
#    tolerance       : 3e-06
# nthreads           : 32
# lgo input file     : abef2.lgo
# site pat input file: ../../chrX/boot_chrX/boot42.opf
# free parameters    : 17
# points in DE swarm : 51
# output state file  : b1boot42.state
# Including singleton site patterns.
# cost function      : KL
Initial parameter values
Fixed:
      zero = 0
       one = 1
    Tbecnw = 75200
Free:
       pc1 = 0
       pc2 = 0
       pc3 = 0
       pc4 = 0
       pc5 = 0
       pc6 = 0
       pc7 = 0
       pc8 = 0
       pc9 = 0
      pc10 = 0
      pc11 = 0
      pc12 = 0
      pc13 = 0
      pc14 = 0
      pc15 = 0
      pc16 = 0
      pc17 = 0
Constrained:
   Tgbecnw = 228950
     Tecnw = 29843.5
       Tnw = 11239.2
       Tec = 5871.96
     twoNb = 1.61502e+06
     twoNe = 1.41569e+06
     twoNc = 1.45773e+06
     twoNw = 1.47234e+06
    twoNec = 96257.1
    twoNnw = 83744
  twoNecnw = 58389.9
  twoNbecnw = 25286.5
  twoNgbecnw = 232550
         m = 0.106506
        m2 = 0.0262947
        m5 = 0.187972
        m6 = 0.0537231
        Tb = 17857.7
        Ta = 46528.9
        Te = 5619.58
        Tf = 2809.79
DiffEv reached_goal. cost=2.29879e-03 spread=2.83121e-06
Fitted parameter values
Free:
       pc1 = 3.87291
       pc2 = 0.0465826
       pc3 = 0.158673
       pc4 = -0.853716
       pc5 = 1.17586
       pc6 = -0.0425247
       pc7 = 0.182575
       pc8 = 1.44346
       pc9 = -0.377519
      pc10 = 0.661748
      pc11 = -0.303183
      pc12 = -0.0243977
      pc13 = 0.134369
      pc14 = -0.0911958
      pc15 = 0.113583
      pc16 = 0.0405792
      pc17 = 0.0412918
Constrained:
   Tgbecnw = 176267
     Tecnw = 35078.9
       Tnw = 17.9006
       Tec = 551.588
     twoNb = 1.62139e+06
     twoNe = 3.34701e+06
     twoNc = 3.14476e+06
     twoNw = 1.24291e+06
    twoNec = 109740
    twoNnw = 162448
  twoNecnw = 40022.4
  twoNbecnw = 27345.1
  twoNgbecnw = 278699
         m = 0.0624865
        m2 = 0.0341289
        m5 = 0.264277
        m6 = 0.137592
        Tb = 17815.2
        Ta = 46507.6
        Te = 8.95029
        Tf = 4.47515
#       SitePat  BranchLen
              b 122933.4505704
              e 45972.8668169
              c 48071.5399913
              n 45097.2958226
              w 45097.1278237
            b:e 1323.5617546
            b:c 1472.6499334
            b:n 1106.1561130
            b:w 1106.1503332
            e:c 11806.6832948
            e:n 4757.7331482
            e:w 4757.8142687
            c:n 4131.4778506
            c:w 4131.5346065
            n:w 12309.5882756
          b:e:c 1251.9916241
          b:e:n 598.8597561
          b:e:w 598.8604314
          b:c:n 599.5540773
          b:c:w 599.5533208
          b:n:w 1300.4301314
          e:c:n 4481.4445788
          e:c:w 4481.4747013
          e:n:w 5858.4369130
          c:n:w 5081.0728731
        b:e:c:n 1130.0140777
        b:e:c:w 1130.0199386
        b:e:n:w 1916.9473663
        b:c:n:w 1697.6977855
        e:c:n:w 48699.1886418
