########################################
# legofit: estimate population history #
#       version 2.3.4-4-g53f8760       #
########################################

# Program was compiled: Sep 21 2021 14:36:42
# Program was run: Sat Sep 25 00:58:42 2021

# cmd: legofit -1 -d 0 -t 32 --ptsPerDim 3 --stateOut b1boot21.state --tol 3e-6 -S 5000 abef2.lgo ../../chrX/boot_chrX/boot21.opf
# Stage nOptItr nSimReps
#     0    5000        0
# algorithm          : deterministic
# ignoring probs <=  : 0
# Branch length floor: 0
# DE strategy        : 2
#    F               : 0.3
#    CR              : 0.8
#    tolerance       : 3e-06
# nthreads           : 32
# lgo input file     : abef2.lgo
# site pat input file: ../../chrX/boot_chrX/boot21.opf
# free parameters    : 17
# points in DE swarm : 51
# output state file  : b1boot21.state
# Including singleton site patterns.
# cost function      : KL
Initial parameter values
Fixed:
      zero = 0
       one = 1
    Tbecnw = 75200
Free:
       pc1 = 0
       pc2 = 0
       pc3 = 0
       pc4 = 0
       pc5 = 0
       pc6 = 0
       pc7 = 0
       pc8 = 0
       pc9 = 0
      pc10 = 0
      pc11 = 0
      pc12 = 0
      pc13 = 0
      pc14 = 0
      pc15 = 0
      pc16 = 0
      pc17 = 0
Constrained:
   Tgbecnw = 228950
     Tecnw = 29843.5
       Tnw = 11239.2
       Tec = 5871.96
     twoNb = 1.61502e+06
     twoNe = 1.41569e+06
     twoNc = 1.45773e+06
     twoNw = 1.47234e+06
    twoNec = 96257.1
    twoNnw = 83744
  twoNecnw = 58389.9
  twoNbecnw = 25286.5
  twoNgbecnw = 232550
         m = 0.106506
        m2 = 0.0262947
        m5 = 0.187972
        m6 = 0.0537231
        Tb = 17857.7
        Ta = 46528.9
        Te = 5619.58
        Tf = 2809.79
DiffEv reached_goal. cost=2.39457e-03 spread=2.80684e-06
Fitted parameter values
Free:
       pc1 = 3.85002
       pc2 = 0.192628
       pc3 = -1.41364
       pc4 = -0.811556
       pc5 = 1.77436
       pc6 = 0.544191
       pc7 = 0.668471
       pc8 = 1.64036
       pc9 = -0.336719
      pc10 = 0.808856
      pc11 = -0.0790853
      pc12 = -0.0404942
      pc13 = -0.0786296
      pc14 = 0.0596376
      pc15 = -0.0701399
      pc16 = -0.0597241
      pc17 = -0.0688738
Constrained:
   Tgbecnw = 174244
     Tecnw = 36050.5
       Tnw = 138.532
       Tec = 328.649
     twoNb = 2.33743e+06
     twoNe = 6.79517e+06
     twoNc = 1.87715e+06
     twoNw = 1.74361e+06
    twoNec = 100431
    twoNnw = 149543
  twoNecnw = 38975.4
  twoNbecnw = 26904.3
  twoNgbecnw = 292217
         m = 0.0585504
        m2 = 0.0346304
        m5 = 0.271767
        m6 = 0.174235
        Tb = 18189.6
        Ta = 46694.8
        Te = 69.2661
        Tf = 34.633
#       SitePat  BranchLen
              b 122319.3668334
              e 45806.7127741
              c 47552.2914134
              n 44585.2084640
              w 44584.1726519
            b:e 1317.5200988
            b:c 1439.2691944
            b:n 1090.9388516
            b:w 1090.9033221
            e:c 12106.4502351
            e:n 4673.8868486
            e:w 4674.3236073
            c:n 4156.7095592
            c:w 4157.1226291
            n:w 12659.6701022
          b:e:c 1273.7002365
          b:e:n 586.4617276
          b:e:w 586.4621718
          b:c:n 587.0296771
          b:c:w 587.0287231
          b:n:w 1327.7967162
          e:c:n 4371.3107546
          e:c:w 4371.4967382
          e:n:w 5800.5370950
          c:n:w 5144.6193243
        b:e:c:n 1114.9629332
        b:e:c:w 1114.9989725
        b:e:n:w 1877.8584358
        b:c:n:w 1699.6922271
        e:c:n:w 48337.3075753
