########################################
# legofit: estimate population history #
#       version 2.3.4-4-g53f8760       #
########################################

# Program was compiled: Sep 21 2021 14:36:42
# Program was run: Sat Sep 25 01:22:51 2021

# cmd: legofit -1 -d 0 -t 32 --ptsPerDim 3 --stateOut b1boot36.state --tol 3e-6 -S 5000 abef2.lgo ../../chrX/boot_chrX/boot36.opf
# Stage nOptItr nSimReps
#     0    5000        0
# algorithm          : deterministic
# ignoring probs <=  : 0
# Branch length floor: 0
# DE strategy        : 2
#    F               : 0.3
#    CR              : 0.8
#    tolerance       : 3e-06
# nthreads           : 32
# lgo input file     : abef2.lgo
# site pat input file: ../../chrX/boot_chrX/boot36.opf
# free parameters    : 17
# points in DE swarm : 51
# output state file  : b1boot36.state
# Including singleton site patterns.
# cost function      : KL
Initial parameter values
Fixed:
      zero = 0
       one = 1
    Tbecnw = 75200
Free:
       pc1 = 0
       pc2 = 0
       pc3 = 0
       pc4 = 0
       pc5 = 0
       pc6 = 0
       pc7 = 0
       pc8 = 0
       pc9 = 0
      pc10 = 0
      pc11 = 0
      pc12 = 0
      pc13 = 0
      pc14 = 0
      pc15 = 0
      pc16 = 0
      pc17 = 0
Constrained:
   Tgbecnw = 228950
     Tecnw = 29843.5
       Tnw = 11239.2
       Tec = 5871.96
     twoNb = 1.61502e+06
     twoNe = 1.41569e+06
     twoNc = 1.45773e+06
     twoNw = 1.47234e+06
    twoNec = 96257.1
    twoNnw = 83744
  twoNecnw = 58389.9
  twoNbecnw = 25286.5
  twoNgbecnw = 232550
         m = 0.106506
        m2 = 0.0262947
        m5 = 0.187972
        m6 = 0.0537231
        Tb = 17857.7
        Ta = 46528.9
        Te = 5619.58
        Tf = 2809.79
DiffEv reached_goal. cost=2.36511e-03 spread=2.43643e-06
Fitted parameter values
Free:
       pc1 = -1.32128
       pc2 = -0.0737467
       pc3 = -0.905734
       pc4 = 0.657681
       pc5 = 1.12931
       pc6 = -0.318421
       pc7 = 1.21803
       pc8 = -0.288035
       pc9 = -0.181742
      pc10 = -0.515597
      pc11 = -0.717746
      pc12 = -0.133988
      pc13 = -0.000401123
      pc14 = -0.0379872
      pc15 = 0.061631
      pc16 = 0.0697701
      pc17 = 0.0304137
Constrained:
   Tgbecnw = 188038
     Tecnw = 28340.5
       Tnw = 15898.1
       Tec = 9507.44
     twoNb = 3.03304e+06
     twoNe = 2.09337e+06
     twoNc = 3.30864e+06
     twoNw = 1.97561e+06
    twoNec = 80826.1
    twoNnw = 57296.9
  twoNecnw = 62227.7
  twoNbecnw = 26616.5
  twoNgbecnw = 228509
         m = 0.103885
        m2 = 0.0289609
        m5 = 0.173326
        m6 = 0.03707
        Tb = 18924
        Ta = 47062
        Te = 7949.05
        Tf = 3974.52
#       SitePat  BranchLen
              b 129354.2914906
              e 48092.8560460
              c 50162.7408210
              n 47151.3646880
              w 47114.1444942
            b:e 1363.5872051
            b:c 1517.7815929
            b:n 1153.6406257
            b:w 1152.0164039
            e:c 12558.7712829
            e:n 4925.3662997
            e:w 4951.1462457
            c:n 4386.2200246
            c:w 4389.1295346
            n:w 12989.9356922
          b:e:c 1333.9132691
          b:e:n 614.0072258
          b:e:w 614.8394177
          b:c:n 614.9981386
          b:c:w 614.1510511
          b:n:w 1400.7506583
          e:c:n 4755.6734607
          e:c:w 4764.2041983
          e:n:w 6152.0661144
          c:n:w 5276.1851064
        b:e:c:n 1168.1404156
        b:e:c:w 1169.7795331
        b:e:n:w 2123.3402829
        b:c:n:w 1876.0025259
        e:c:n:w 51483.5491040
