########################################
# legofit: estimate population history #
#       version 2.3.4-4-g53f8760       #
########################################

# Program was compiled: Sep 21 2021 14:36:42
# Program was run: Sat Sep 25 01:14:16 2021

# cmd: legofit -1 -d 0 -t 32 --ptsPerDim 3 --stateOut b1boot33.state --tol 3e-6 -S 5000 abef2.lgo ../../chrX/boot_chrX/boot33.opf
# Stage nOptItr nSimReps
#     0    5000        0
# algorithm          : deterministic
# ignoring probs <=  : 0
# Branch length floor: 0
# DE strategy        : 2
#    F               : 0.3
#    CR              : 0.8
#    tolerance       : 3e-06
# nthreads           : 32
# lgo input file     : abef2.lgo
# site pat input file: ../../chrX/boot_chrX/boot33.opf
# free parameters    : 17
# points in DE swarm : 51
# output state file  : b1boot33.state
# Including singleton site patterns.
# cost function      : KL
Initial parameter values
Fixed:
      zero = 0
       one = 1
    Tbecnw = 75200
Free:
       pc1 = 0
       pc2 = 0
       pc3 = 0
       pc4 = 0
       pc5 = 0
       pc6 = 0
       pc7 = 0
       pc8 = 0
       pc9 = 0
      pc10 = 0
      pc11 = 0
      pc12 = 0
      pc13 = 0
      pc14 = 0
      pc15 = 0
      pc16 = 0
      pc17 = 0
Constrained:
   Tgbecnw = 228950
     Tecnw = 29843.5
       Tnw = 11239.2
       Tec = 5871.96
     twoNb = 1.61502e+06
     twoNe = 1.41569e+06
     twoNc = 1.45773e+06
     twoNw = 1.47234e+06
    twoNec = 96257.1
    twoNnw = 83744
  twoNecnw = 58389.9
  twoNbecnw = 25286.5
  twoNgbecnw = 232550
         m = 0.106506
        m2 = 0.0262947
        m5 = 0.187972
        m6 = 0.0537231
        Tb = 17857.7
        Ta = 46528.9
        Te = 5619.58
        Tf = 2809.79
DiffEv reached_goal. cost=2.28022e-03 spread=2.71516e-06
Fitted parameter values
Free:
       pc1 = 3.68595
       pc2 = -0.326022
       pc3 = -1.79467
       pc4 = -0.369736
       pc5 = 1.77312
       pc6 = -1.99582
       pc7 = 1.02205
       pc8 = 1.09848
       pc9 = -0.551527
      pc10 = 0.489916
      pc11 = -0.190942
      pc12 = -0.388802
      pc13 = 0.0379599
      pc14 = -0.114829
      pc15 = 0.0484323
      pc16 = -0.0592369
      pc17 = -0.0869084
Constrained:
   Tgbecnw = 180193
     Tecnw = 35461.5
       Tnw = 101.227
       Tec = 1804.53
     twoNb = 4.31784e+06
     twoNe = 1.21415e+06
     twoNc = 1.97241e+06
     twoNw = 1.51722e+06
    twoNec = 97004.2
    twoNnw = 148033
  twoNecnw = 37219.3
  twoNbecnw = 27303
  twoNgbecnw = 384649
         m = 0.0431042
        m2 = 0.0354222
        m5 = 0.25567
        m6 = 0.155725
        Tb = 18633
        Ta = 46916.5
        Te = 50.6136
        Tf = 25.3068
#       SitePat  BranchLen
              b 122314.6568252
              e 45262.8794879
              c 47023.2298964
              n 43940.0705238
              w 43939.2845823
            b:e 1316.4318726
            b:c 1440.5451882
            b:n 1094.4274548
            b:w 1094.4000763
            e:c 11958.6028847
            e:n 4531.7653595
            e:w 4532.1086519
            c:n 4015.6774907
            c:w 4015.9790412
            n:w 12602.7792379
          b:e:c 1290.2420796
          b:e:n 582.7976728
          b:e:w 582.7987197
          b:c:n 583.4101452
          b:c:w 583.4087027
          b:n:w 1347.1649043
          e:c:n 4382.8849454
          e:c:w 4383.0260440
          e:n:w 5805.2535732
          c:n:w 5136.4251348
        b:e:c:n 1118.6115338
        b:e:c:w 1118.6393079
        b:e:n:w 1909.4144747
        b:c:n:w 1724.7742065
        e:c:n:w 49326.2666042
