########################################
# legofit: estimate population history #
#       version 2.3.4-4-g53f8760       #
########################################

# Program was compiled: Sep 21 2021 14:36:42
# Program was run: Sat Sep 25 01:39:30 2021

# cmd: legofit -1 -d 0 -t 32 --ptsPerDim 3 --stateOut b1boot49.state --tol 3e-6 -S 5000 abef2.lgo ../../chrX/boot_chrX/boot49.opf
# Stage nOptItr nSimReps
#     0    5000        0
# algorithm          : deterministic
# ignoring probs <=  : 0
# Branch length floor: 0
# DE strategy        : 2
#    F               : 0.3
#    CR              : 0.8
#    tolerance       : 3e-06
# nthreads           : 32
# lgo input file     : abef2.lgo
# site pat input file: ../../chrX/boot_chrX/boot49.opf
# free parameters    : 17
# points in DE swarm : 51
# output state file  : b1boot49.state
# Including singleton site patterns.
# cost function      : KL
Initial parameter values
Fixed:
      zero = 0
       one = 1
    Tbecnw = 75200
Free:
       pc1 = 0
       pc2 = 0
       pc3 = 0
       pc4 = 0
       pc5 = 0
       pc6 = 0
       pc7 = 0
       pc8 = 0
       pc9 = 0
      pc10 = 0
      pc11 = 0
      pc12 = 0
      pc13 = 0
      pc14 = 0
      pc15 = 0
      pc16 = 0
      pc17 = 0
Constrained:
   Tgbecnw = 228950
     Tecnw = 29843.5
       Tnw = 11239.2
       Tec = 5871.96
     twoNb = 1.61502e+06
     twoNe = 1.41569e+06
     twoNc = 1.45773e+06
     twoNw = 1.47234e+06
    twoNec = 96257.1
    twoNnw = 83744
  twoNecnw = 58389.9
  twoNbecnw = 25286.5
  twoNgbecnw = 232550
         m = 0.106506
        m2 = 0.0262947
        m5 = 0.187972
        m6 = 0.0537231
        Tb = 17857.7
        Ta = 46528.9
        Te = 5619.58
        Tf = 2809.79
DiffEv reached_goal. cost=2.26554e-03 spread=2.87087e-06
Fitted parameter values
Free:
       pc1 = 3.97119
       pc2 = 0.525329
       pc3 = -1.1367
       pc4 = -0.788407
       pc5 = 1.90713
       pc6 = -0.590518
       pc7 = 0.353588
       pc8 = 0.665161
       pc9 = 0.0792796
      pc10 = 0.0934204
      pc11 = -0.578532
      pc12 = 0.0849909
      pc13 = 0.16822
      pc14 = -0.0112113
      pc15 = 0.105922
      pc16 = 0.135111
      pc17 = 0.0710815
Constrained:
   Tgbecnw = 225516
     Tecnw = 35226.7
       Tnw = 1736.23
       Tec = 1390.07
     twoNb = 3.28554e+06
     twoNe = 4.70046e+06
     twoNc = 2.35356e+06
     twoNw = 1.49491e+06
    twoNec = 108831
    twoNnw = 157146
  twoNecnw = 42093.5
  twoNbecnw = 33001
  twoNgbecnw = 305059
         m = 0.0546871
        m2 = 0.0345251
        m5 = 0.267174
        m6 = 0.137715
        Tb = 18308.4
        Ta = 46754.2
        Te = 868.114
        Tf = 434.057
#       SitePat  BranchLen
              b 126054.5993369
              e 47166.5650013
              c 49327.3224265
              n 46296.1454242
              w 46282.4599924
            b:e 1388.1522082
            b:c 1542.4788767
            b:n 1195.2950549
            b:w 1194.7888095
            e:c 12084.3470322
            e:n 4954.4443103
            e:w 4961.0327448
            c:n 4322.3362965
            c:w 4326.8750258
            n:w 12530.3474678
          b:e:c 1326.6129377
          b:e:n 645.6578980
          b:e:w 645.7214578
          b:c:n 645.8873237
          b:c:w 645.8209298
          b:n:w 1388.2461724
          e:c:n 4699.6942015
          e:c:w 4702.2524695
          e:n:w 6099.9265450
          c:n:w 5289.5004521
        b:e:c:n 1205.0722207
        b:e:c:w 1205.5813003
        b:e:n:w 2051.2282159
        b:c:n:w 1812.5070370
        e:c:n:w 49811.3613132
