########################################
# legofit: estimate population history #
#       version 2.3.4-4-g53f8760       #
########################################

# Program was compiled: Sep 21 2021 14:36:42
# Program was run: Sat Sep 25 01:38:25 2021

# cmd: legofit -1 -d 0 -t 32 --ptsPerDim 3 --stateOut b1boot48.state --tol 3e-6 -S 5000 abef2.lgo ../../chrX/boot_chrX/boot48.opf
# Stage nOptItr nSimReps
#     0    5000        0
# algorithm          : deterministic
# ignoring probs <=  : 0
# Branch length floor: 0
# DE strategy        : 2
#    F               : 0.3
#    CR              : 0.8
#    tolerance       : 3e-06
# nthreads           : 32
# lgo input file     : abef2.lgo
# site pat input file: ../../chrX/boot_chrX/boot48.opf
# free parameters    : 17
# points in DE swarm : 51
# output state file  : b1boot48.state
# Including singleton site patterns.
# cost function      : KL
Initial parameter values
Fixed:
      zero = 0
       one = 1
    Tbecnw = 75200
Free:
       pc1 = 0
       pc2 = 0
       pc3 = 0
       pc4 = 0
       pc5 = 0
       pc6 = 0
       pc7 = 0
       pc8 = 0
       pc9 = 0
      pc10 = 0
      pc11 = 0
      pc12 = 0
      pc13 = 0
      pc14 = 0
      pc15 = 0
      pc16 = 0
      pc17 = 0
Constrained:
   Tgbecnw = 228950
     Tecnw = 29843.5
       Tnw = 11239.2
       Tec = 5871.96
     twoNb = 1.61502e+06
     twoNe = 1.41569e+06
     twoNc = 1.45773e+06
     twoNw = 1.47234e+06
    twoNec = 96257.1
    twoNnw = 83744
  twoNecnw = 58389.9
  twoNbecnw = 25286.5
  twoNgbecnw = 232550
         m = 0.106506
        m2 = 0.0262947
        m5 = 0.187972
        m6 = 0.0537231
        Tb = 17857.7
        Ta = 46528.9
        Te = 5619.58
        Tf = 2809.79
DiffEv reached_goal. cost=2.20566e-03 spread=2.69887e-06
Fitted parameter values
Free:
       pc1 = -0.207387
       pc2 = 1.11211
       pc3 = -0.888216
       pc4 = -0.343989
       pc5 = 0.842532
       pc6 = -0.486463
       pc7 = 0.843845
       pc8 = 1.84634
       pc9 = -0.806754
      pc10 = 0.787076
      pc11 = 0.485954
      pc12 = 0.0942875
      pc13 = 0.0535926
      pc14 = 0.192435
      pc15 = 0.253465
      pc16 = 0.0267744
      pc17 = 0.00968978
Constrained:
   Tgbecnw = 117132
     Tecnw = 30169.8
       Tnw = 9981.68
       Tec = 5253.69
     twoNb = 3.1232e+06
     twoNe = 4.36768e+06
     twoNc = 1.92445e+06
     twoNw = 1.25968e+06
    twoNec = 89983.7
    twoNnw = 89333.5
  twoNecnw = 53375.8
  twoNbecnw = 15953.7
  twoNgbecnw = 177261
         m = 0.139701
        m2 = 0.0295382
        m5 = 0.220129
        m6 = 0.11204
        Tb = 17711.7
        Ta = 46455.9
        Te = 4990.84
        Tf = 2495.42
#       SitePat  BranchLen
              b 121945.6540493
              e 45912.5860086
              c 47595.9450218
              n 44933.5481314
              w 44868.4071701
            b:e 1349.6048257
            b:c 1478.4892280
            b:n 1108.2024401
            b:w 1105.5710120
            e:c 11902.2462197
            e:n 4691.2372972
            e:w 4721.8164856
            c:n 4223.6238795
            c:w 4244.5377282
            n:w 12330.3591134
          b:e:c 1301.2961989
          b:e:n 607.4637656
          b:e:w 607.7780990
          b:c:n 609.1157803
          b:c:w 608.7091985
          b:n:w 1345.1094672
          e:c:n 4447.2399336
          e:c:w 4460.8878579
          e:n:w 5806.6289549
          c:n:w 5121.9469644
        b:e:c:n 1165.4852604
        b:e:c:w 1168.2089368
        b:e:n:w 1937.7717363
        b:c:n:w 1752.5193104
        e:c:n:w 48010.7281742
