########################################
# legofit: estimate population history #
#       version 2.3.4-4-g53f8760       #
########################################

# Program was compiled: Sep 21 2021 14:36:42
# Program was run: Sun Oct 10 22:41:20 2021

# cmd: legofit -1 -d 0 -t 32 --ptsPerDim 3 --stateOut b1boot6.state --tol 3e-6 -S 5000 adf2.lgo ../../chrX/boot_chrX/boot6.opf
# Stage nOptItr nSimReps
#     0    5000        0
# algorithm          : deterministic
# ignoring probs <=  : 0
# Branch length floor: 0
# DE strategy        : 2
#    F               : 0.3
#    CR              : 0.8
#    tolerance       : 3e-06
# nthreads           : 32
# lgo input file     : adf2.lgo
# site pat input file: ../../chrX/boot_chrX/boot6.opf
# free parameters    : 15
# points in DE swarm : 45
# output state file  : b1boot6.state
# Including singleton site patterns.
# cost function      : KL
Initial parameter values
Fixed:
      zero = 0
       one = 1
    Tbecnw = 75200
Free:
       pc1 = 0
       pc2 = 0
       pc3 = 0
       pc4 = 0
       pc5 = 0
       pc6 = 0
       pc7 = 0
       pc8 = 0
       pc9 = 0
      pc10 = 0
      pc11 = 0
      pc12 = 0
      pc13 = 0
      pc14 = 0
      pc15 = 0
Constrained:
   Tgbecnw = 106518
     Tecnw = 24409.3
       Tnw = 21379.6
       Tec = 95.4925
     twoNb = 1.24596e+06
     twoNc = 480704
     twoNw = 6.49101e+06
    twoNec = 180840
    twoNnw = 13640.6
  twoNecnw = 66640.7
  twoNbecnw = 12337.3
  twoNgbecnw = 174877
         m = 0.169398
        m4 = 0.0213153
        m6 = 1.60871e-06
        Ta = 37600
        Td = 47.7462
        Tf = 23.8731
DiffEv reached_goal. cost=2.24261e-03 spread=2.82489e-06
Fitted parameter values
Free:
       pc1 = -3.99974
       pc2 = -1.6354
       pc3 = 0.979089
       pc4 = -2.10375
       pc5 = -0.719939
       pc6 = -0.608125
       pc7 = -0.91996
       pc8 = -0.0951487
       pc9 = 0.822407
      pc10 = -1.93399
      pc11 = 0.225444
      pc12 = -0.278639
      pc13 = 0.075093
      pc14 = -0.0361067
      pc15 = -0.0259459
Constrained:
   Tgbecnw = 85722.7
     Tecnw = 23041.5
       Tnw = 21652
       Tec = 223.734
     twoNb = 1.07681e+06
     twoNc = 1.82107e+06
     twoNw = 1.15951e+07
    twoNec = 181564
    twoNnw = 6242.2
  twoNecnw = 61696.8
  twoNbecnw = 4420.1
  twoNgbecnw = 198156
         m = 0.143325
        m4 = 0.02053
        m6 = 1.01152e-06
        Ta = 37600
        Td = 111.867
        Tf = 55.9336
#       SitePat  BranchLen
              b 116921.7314296
              e 43944.7568221
              c 44964.4829827
              n 42604.6928538
              w 42604.6927861
            b:e 1204.8657333
            b:c 1485.5657225
            b:n 1034.5366407
            b:w 1034.5366376
            e:c 11119.0261540
            e:n 4360.8331002
            e:w 4360.8330840
            c:n 4214.4551273
            c:w 4214.4551950
            n:w 11743.7039432
          b:e:c 1268.7992844
          b:e:n 596.1367162
          b:e:w 596.1367129
          b:c:n 600.1222039
          b:c:w 600.1222070
          b:n:w 1252.7768902
          e:c:n 4209.8096703
          e:c:w 4209.8096864
          e:n:w 5539.9142062
          c:n:w 5071.5738223
        b:e:c:n 1134.4093708
        b:e:c:w 1134.4093741
        b:e:n:w 1864.0766629
        b:c:n:w 1316.7753699
        e:c:n:w 46501.1847855
