########################################
# legofit: estimate population history #
#       version 2.3.4-4-g53f8760       #
########################################

# Program was compiled: Sep 21 2021 14:36:42
# Program was run: Sun Oct 10 22:41:59 2021

# cmd: legofit -1 -d 0 -t 32 --ptsPerDim 3 --stateOut b1boot32.state --tol 3e-6 -S 5000 adf2.lgo ../../chrX/boot_chrX/boot32.opf
# Stage nOptItr nSimReps
#     0    5000        0
# algorithm          : deterministic
# ignoring probs <=  : 0
# Branch length floor: 0
# DE strategy        : 2
#    F               : 0.3
#    CR              : 0.8
#    tolerance       : 3e-06
# nthreads           : 32
# lgo input file     : adf2.lgo
# site pat input file: ../../chrX/boot_chrX/boot32.opf
# free parameters    : 15
# points in DE swarm : 45
# output state file  : b1boot32.state
# Including singleton site patterns.
# cost function      : KL
Initial parameter values
Fixed:
      zero = 0
       one = 1
    Tbecnw = 75200
Free:
       pc1 = 0
       pc2 = 0
       pc3 = 0
       pc4 = 0
       pc5 = 0
       pc6 = 0
       pc7 = 0
       pc8 = 0
       pc9 = 0
      pc10 = 0
      pc11 = 0
      pc12 = 0
      pc13 = 0
      pc14 = 0
      pc15 = 0
Constrained:
   Tgbecnw = 106518
     Tecnw = 24409.3
       Tnw = 21379.6
       Tec = 95.4925
     twoNb = 1.24596e+06
     twoNc = 480704
     twoNw = 6.49101e+06
    twoNec = 180840
    twoNnw = 13640.6
  twoNecnw = 66640.7
  twoNbecnw = 12337.3
  twoNgbecnw = 174877
         m = 0.169398
        m4 = 0.0213153
        m6 = 1.60871e-06
        Ta = 37600
        Td = 47.7462
        Tf = 23.8731
DiffEv reached_goal. cost=2.23616e-03 spread=2.85163e-06
Fitted parameter values
Free:
       pc1 = -3.96811
       pc2 = -1.95634
       pc3 = 0.382358
       pc4 = -1.42026
       pc5 = -1.39858
       pc6 = 0.421417
       pc7 = 0.565316
       pc8 = 0.130463
       pc9 = 0.578678
      pc10 = -0.0618977
      pc11 = -0.531353
      pc12 = 0.32403
      pc13 = 0.266361
      pc14 = -0.0800663
      pc15 = -0.0198251
Constrained:
   Tgbecnw = 85490.6
     Tecnw = 23347.3
       Tnw = 21705
       Tec = 46.2326
     twoNb = 1.71992e+06
     twoNc = 1.10802e+06
     twoNw = 9.18765e+06
    twoNec = 170197
    twoNnw = 7106.04
  twoNecnw = 63637.7
  twoNbecnw = 4269.99
  twoNgbecnw = 199252
         m = 0.148501
        m4 = 0.0209942
        m6 = 1.08396e-06
        Ta = 37600
        Td = 23.1163
        Tf = 11.5581
#       SitePat  BranchLen
              b 117561.2526570
              e 44230.5660241
              c 45297.5706331
              n 43055.6974914
              w 43055.6973985
            b:e 1198.7511912
            b:c 1459.0418878
            b:n 1033.6387804
            b:w 1033.6387762
            e:c 11567.1240863
            e:n 4275.2488771
            e:w 4275.2488555
            c:n 4128.9821296
            c:w 4128.9822225
            n:w 12064.3181431
          b:e:c 1296.5187029
          b:e:n 587.3906654
          b:e:w 587.3906610
          b:c:n 590.6468979
          b:c:w 590.6469021
          b:n:w 1281.2171342
          e:c:n 4161.0891948
          e:c:w 4161.0892163
          e:n:w 5445.0180766
          c:n:w 4985.0304180
        b:e:c:n 1138.2134964
        b:e:c:w 1138.2135008
        b:e:n:w 1896.6584366
        b:c:n:w 1315.3712434
        e:c:n:w 46750.0704013
