########################################
# legofit: estimate population history #
#       version 2.3.4-4-g53f8760       #
########################################

# Program was compiled: Sep 21 2021 14:36:42
# Program was run: Sun Oct 10 22:42:13 2021

# cmd: legofit -1 -d 0 -t 32 --ptsPerDim 3 --stateOut b1boot39.state --tol 3e-6 -S 5000 adf2.lgo ../../chrX/boot_chrX/boot39.opf
# Stage nOptItr nSimReps
#     0    5000        0
# algorithm          : deterministic
# ignoring probs <=  : 0
# Branch length floor: 0
# DE strategy        : 2
#    F               : 0.3
#    CR              : 0.8
#    tolerance       : 3e-06
# nthreads           : 32
# lgo input file     : adf2.lgo
# site pat input file: ../../chrX/boot_chrX/boot39.opf
# free parameters    : 15
# points in DE swarm : 45
# output state file  : b1boot39.state
# Including singleton site patterns.
# cost function      : KL
Initial parameter values
Fixed:
      zero = 0
       one = 1
    Tbecnw = 75200
Free:
       pc1 = 0
       pc2 = 0
       pc3 = 0
       pc4 = 0
       pc5 = 0
       pc6 = 0
       pc7 = 0
       pc8 = 0
       pc9 = 0
      pc10 = 0
      pc11 = 0
      pc12 = 0
      pc13 = 0
      pc14 = 0
      pc15 = 0
Constrained:
   Tgbecnw = 106518
     Tecnw = 24409.3
       Tnw = 21379.6
       Tec = 95.4925
     twoNb = 1.24596e+06
     twoNc = 480704
     twoNw = 6.49101e+06
    twoNec = 180840
    twoNnw = 13640.6
  twoNecnw = 66640.7
  twoNbecnw = 12337.3
  twoNgbecnw = 174877
         m = 0.169398
        m4 = 0.0213153
        m6 = 1.60871e-06
        Ta = 37600
        Td = 47.7462
        Tf = 23.8731
DiffEv reached_goal. cost=2.35402e-03 spread=2.50807e-06
Fitted parameter values
Free:
       pc1 = -3.98876
       pc2 = -1.93344
       pc3 = 0.822253
       pc4 = -1.72924
       pc5 = -1.3593
       pc6 = 0.236132
       pc7 = 0.506231
       pc8 = 0.621341
       pc9 = 0.923073
      pc10 = -0.296736
      pc11 = 0.255556
      pc12 = 0.181904
      pc13 = 0.179815
      pc14 = -0.0718161
      pc15 = -0.0205456
Constrained:
   Tgbecnw = 85335.4
     Tecnw = 23110.8
       Tnw = 21376.6
       Tec = 45.9923
     twoNb = 1.69499e+06
     twoNc = 1.55232e+06
     twoNw = 8.82184e+06
    twoNec = 174866
    twoNnw = 7684.13
  twoNecnw = 64561.6
  twoNbecnw = 4157.84
  twoNgbecnw = 203374
         m = 0.147945
        m4 = 0.0205119
        m6 = 5.6606e-07
        Ta = 37600
        Td = 22.9962
        Tf = 11.4981
#       SitePat  BranchLen
              b 117855.7153775
              e 44347.1418228
              c 45395.8087788
              n 43084.4302113
              w 43084.4301612
            b:e 1199.7292119
            b:c 1454.3724798
            b:n 1034.9739389
            b:w 1034.9739367
            e:c 11423.2033724
            e:n 4333.9870050
            e:w 4333.9869934
            c:n 4190.0063610
            c:w 4190.0064110
            n:w 12004.2513341
          b:e:c 1283.8344736
          b:e:n 593.0759181
          b:e:w 593.0759157
          b:c:n 596.2964225
          b:c:w 596.2964247
          b:n:w 1268.4435247
          e:c:n 4159.7467913
          e:c:w 4159.7468030
          e:n:w 5431.7111243
          c:n:w 4985.3910852
        b:e:c:n 1142.0361586
        b:e:c:w 1142.0361610
        b:e:n:w 1894.4322871
        b:c:n:w 1318.9618761
        e:c:n:w 46970.5105079
