########################################
# legofit: estimate population history #
#       version 2.3.4-4-g53f8760       #
########################################

# Program was compiled: Sep 21 2021 14:36:42
# Program was run: Sun Oct 10 22:41:40 2021

# cmd: legofit -1 -d 0 -t 32 --ptsPerDim 3 --stateOut b1boot21.state --tol 3e-6 -S 5000 adf2.lgo ../../chrX/boot_chrX/boot21.opf
# Stage nOptItr nSimReps
#     0    5000        0
# algorithm          : deterministic
# ignoring probs <=  : 0
# Branch length floor: 0
# DE strategy        : 2
#    F               : 0.3
#    CR              : 0.8
#    tolerance       : 3e-06
# nthreads           : 32
# lgo input file     : adf2.lgo
# site pat input file: ../../chrX/boot_chrX/boot21.opf
# free parameters    : 15
# points in DE swarm : 45
# output state file  : b1boot21.state
# Including singleton site patterns.
# cost function      : KL
Initial parameter values
Fixed:
      zero = 0
       one = 1
    Tbecnw = 75200
Free:
       pc1 = 0
       pc2 = 0
       pc3 = 0
       pc4 = 0
       pc5 = 0
       pc6 = 0
       pc7 = 0
       pc8 = 0
       pc9 = 0
      pc10 = 0
      pc11 = 0
      pc12 = 0
      pc13 = 0
      pc14 = 0
      pc15 = 0
Constrained:
   Tgbecnw = 106518
     Tecnw = 24409.3
       Tnw = 21379.6
       Tec = 95.4925
     twoNb = 1.24596e+06
     twoNc = 480704
     twoNw = 6.49101e+06
    twoNec = 180840
    twoNnw = 13640.6
  twoNecnw = 66640.7
  twoNbecnw = 12337.3
  twoNgbecnw = 174877
         m = 0.169398
        m4 = 0.0213153
        m6 = 1.60871e-06
        Ta = 37600
        Td = 47.7462
        Tf = 23.8731
DiffEv reached_goal. cost=2.47836e-03 spread=2.81616e-06
Fitted parameter values
Free:
       pc1 = -3.94912
       pc2 = -1.96834
       pc3 = 0.625795
       pc4 = -2.34223
       pc5 = -1.81842
       pc6 = 1.39997
       pc7 = 1.01963
       pc8 = 0.612938
       pc9 = 0.944054
      pc10 = -0.079322
      pc11 = -0.016189
      pc12 = -0.328788
      pc13 = 0.140696
      pc14 = -0.151033
      pc15 = -0.0318661
Constrained:
   Tgbecnw = 83302.8
     Tecnw = 22844.9
       Tnw = 20937.3
       Tec = 8.47885
     twoNb = 1.97305e+06
     twoNc = 1.26889e+06
     twoNw = 9.29699e+06
    twoNec = 171685
    twoNnw = 8117.66
  twoNecnw = 64425
  twoNbecnw = 3513.71
  twoNgbecnw = 183846
         m = 0.16091
        m4 = 0.0199378
        m6 = 4.21145e-07
        Ta = 37600
        Td = 4.23942
        Tf = 2.11971
#       SitePat  BranchLen
              b 116847.0315659
              e 44082.3388636
              c 45084.0457050
              n 42598.1305087
              w 42598.1304743
            b:e 1200.5531111
            b:c 1449.2598398
            b:n 1023.2771290
            b:w 1023.2771275
            e:c 11497.7625627
            e:n 4292.1990602
            e:w 4292.1990523
            c:n 4153.2820532
            c:w 4153.2820876
            n:w 12226.0141276
          b:e:c 1291.6877518
          b:e:n 585.2030952
          b:e:w 585.2030936
          b:c:n 588.1384903
          b:c:w 588.1384918
          b:n:w 1275.8830456
          e:c:n 4139.5911849
          e:c:w 4139.5911929
          e:n:w 5474.5192196
          c:n:w 5034.4649822
        b:e:c:n 1128.6078893
        b:e:c:w 1128.6078910
        b:e:n:w 1857.1498432
        b:c:n:w 1318.7531826
        e:c:n:w 46195.5582425
