########################################
# legofit: estimate population history #
#       version 2.3.4-4-g53f8760       #
########################################

# Program was compiled: Sep 21 2021 14:36:42
# Program was run: Sun Oct 10 22:42:31 2021

# cmd: legofit -1 -d 0 -t 32 --ptsPerDim 3 --stateOut b1boot48.state --tol 3e-6 -S 5000 adf2.lgo ../../chrX/boot_chrX/boot48.opf
# Stage nOptItr nSimReps
#     0    5000        0
# algorithm          : deterministic
# ignoring probs <=  : 0
# Branch length floor: 0
# DE strategy        : 2
#    F               : 0.3
#    CR              : 0.8
#    tolerance       : 3e-06
# nthreads           : 32
# lgo input file     : adf2.lgo
# site pat input file: ../../chrX/boot_chrX/boot48.opf
# free parameters    : 15
# points in DE swarm : 45
# output state file  : b1boot48.state
# Including singleton site patterns.
# cost function      : KL
Initial parameter values
Fixed:
      zero = 0
       one = 1
    Tbecnw = 75200
Free:
       pc1 = 0
       pc2 = 0
       pc3 = 0
       pc4 = 0
       pc5 = 0
       pc6 = 0
       pc7 = 0
       pc8 = 0
       pc9 = 0
      pc10 = 0
      pc11 = 0
      pc12 = 0
      pc13 = 0
      pc14 = 0
      pc15 = 0
Constrained:
   Tgbecnw = 106518
     Tecnw = 24409.3
       Tnw = 21379.6
       Tec = 95.4925
     twoNb = 1.24596e+06
     twoNc = 480704
     twoNw = 6.49101e+06
    twoNec = 180840
    twoNnw = 13640.6
  twoNecnw = 66640.7
  twoNbecnw = 12337.3
  twoNgbecnw = 174877
         m = 0.169398
        m4 = 0.0213153
        m6 = 1.60871e-06
        Ta = 37600
        Td = 47.7462
        Tf = 23.8731
DiffEv reached_goal. cost=2.31000e-03 spread=2.91952e-06
Fitted parameter values
Free:
       pc1 = -3.87942
       pc2 = -1.98566
       pc3 = 1.50007
       pc4 = -1.65079
       pc5 = -1.76798
       pc6 = -0.668358
       pc7 = 1.34594
       pc8 = 0.77858
       pc9 = 1.29929
      pc10 = -1.09369
      pc11 = -0.179261
      pc12 = 0.0872222
      pc13 = 0.373361
      pc14 = -0.00189931
      pc15 = -0.0294844
Constrained:
   Tgbecnw = 85536
     Tecnw = 23282.8
       Tnw = 22460.9
       Tec = 8.40538
     twoNb = 1.92579e+06
     twoNc = 2.04382e+06
     twoNw = 8.25329e+06
    twoNec = 180580
    twoNnw = 3633.54
  twoNecnw = 62246.9
  twoNbecnw = 4328.24
  twoNgbecnw = 201936
         m = 0.138036
        m4 = 0.020509
        m6 = 3.13868e-07
        Ta = 37600
        Td = 4.20269
        Tf = 2.10135
#       SitePat  BranchLen
              b 116440.5240809
              e 44160.4684045
              c 45200.5907985
              n 42926.6531519
              w 42926.6531213
            b:e 1228.5350772
            b:c 1469.7375368
            b:n 1054.2255472
            b:w 1054.2255457
            e:c 11273.2921491
            e:n 4330.1411692
            e:w 4330.1411619
            c:n 4186.0757070
            c:w 4186.0757376
            n:w 11789.8745955
          b:e:c 1304.3669832
          b:e:n 605.4929663
          b:e:w 605.4929648
          b:c:n 608.8284547
          b:c:w 608.8284562
          b:n:w 1288.7299067
          e:c:n 4194.8283203
          e:c:w 4194.8283276
          e:n:w 5503.2998858
          c:n:w 5056.1265888
        b:e:c:n 1158.2832176
        b:e:c:w 1158.2832191
        b:e:n:w 1897.5863688
        b:c:n:w 1344.8943358
        e:c:n:w 45882.9948288
