########################################
# legofit: estimate population history #
#       version 2.3.4-4-g53f8760       #
########################################

# Program was compiled: Sep 21 2021 14:36:42
# Program was run: Sun Oct 10 22:41:31 2021

# cmd: legofit -1 -d 0 -t 32 --ptsPerDim 3 --stateOut b1boot15.state --tol 3e-6 -S 5000 adf2.lgo ../../chrX/boot_chrX/boot15.opf
# Stage nOptItr nSimReps
#     0    5000        0
# algorithm          : deterministic
# ignoring probs <=  : 0
# Branch length floor: 0
# DE strategy        : 2
#    F               : 0.3
#    CR              : 0.8
#    tolerance       : 3e-06
# nthreads           : 32
# lgo input file     : adf2.lgo
# site pat input file: ../../chrX/boot_chrX/boot15.opf
# free parameters    : 15
# points in DE swarm : 45
# output state file  : b1boot15.state
# Including singleton site patterns.
# cost function      : KL
Initial parameter values
Fixed:
      zero = 0
       one = 1
    Tbecnw = 75200
Free:
       pc1 = 0
       pc2 = 0
       pc3 = 0
       pc4 = 0
       pc5 = 0
       pc6 = 0
       pc7 = 0
       pc8 = 0
       pc9 = 0
      pc10 = 0
      pc11 = 0
      pc12 = 0
      pc13 = 0
      pc14 = 0
      pc15 = 0
Constrained:
   Tgbecnw = 106518
     Tecnw = 24409.3
       Tnw = 21379.6
       Tec = 95.4925
     twoNb = 1.24596e+06
     twoNc = 480704
     twoNw = 6.49101e+06
    twoNec = 180840
    twoNnw = 13640.6
  twoNecnw = 66640.7
  twoNbecnw = 12337.3
  twoNgbecnw = 174877
         m = 0.169398
        m4 = 0.0213153
        m6 = 1.60871e-06
        Ta = 37600
        Td = 47.7462
        Tf = 23.8731
DiffEv reached_goal. cost=2.29069e-03 spread=2.75836e-06
Fitted parameter values
Free:
       pc1 = -3.89901
       pc2 = -1.60954
       pc3 = 0.959799
       pc4 = -0.466464
       pc5 = -1.42134
       pc6 = -0.166876
       pc7 = 0.648537
       pc8 = 1.43623
       pc9 = 0.589376
      pc10 = -0.744592
      pc11 = -0.197929
      pc12 = -0.359861
      pc13 = 0.122765
      pc14 = 0.0638099
      pc15 = -0.0517463
Constrained:
   Tgbecnw = 88180.9
     Tecnw = 23052
       Tnw = 21549.4
       Tec = 26.5975
     twoNb = 1.71105e+06
     twoNc = 1.2755e+06
     twoNw = 5.02104e+06
    twoNec = 179434
    twoNnw = 6557.09
  twoNecnw = 62899.5
  twoNbecnw = 5498.81
  twoNgbecnw = 201143
         m = 0.134251
        m4 = 0.0216674
        m6 = 2.5498e-09
        Ta = 37600
        Td = 13.2988
        Tf = 6.64938
#       SitePat  BranchLen
              b 116831.4324116
              e 44304.9035743
              c 45401.3118258
              n 42843.5722007
              w 42843.5722003
            b:e 1301.9256832
            b:c 1563.3694034
            b:n 1111.1011138
            b:w 1111.1011138
            e:c 11421.8674276
            e:n 4406.2883766
            e:w 4406.2883765
            c:n 4252.3301622
            c:w 4252.3301626
            n:w 12126.4833308
          b:e:c 1381.3021383
          b:e:n 638.5133916
          b:e:w 638.5133916
          b:c:n 642.2079437
          b:c:w 642.2079437
          b:n:w 1364.3185468
          e:c:n 4282.0369195
          e:c:w 4282.0369196
          e:n:w 5673.5422536
          c:n:w 5192.7106043
        b:e:c:n 1218.8921143
        b:e:c:w 1218.8921143
        b:e:n:w 1999.4991033
        b:c:n:w 1423.0057231
        e:c:n:w 45911.7807342
