########################################
# legofit: estimate population history #
#       version 2.3.4-4-g53f8760       #
########################################

# Program was compiled: Sep 21 2021 14:36:42
# Program was run: Sun Oct 10 22:41:20 2021

# cmd: legofit -1 -d 0 -t 32 --ptsPerDim 3 --stateOut b1boot7.state --tol 3e-6 -S 5000 adf2.lgo ../../chrX/boot_chrX/boot7.opf
# Stage nOptItr nSimReps
#     0    5000        0
# algorithm          : deterministic
# ignoring probs <=  : 0
# Branch length floor: 0
# DE strategy        : 2
#    F               : 0.3
#    CR              : 0.8
#    tolerance       : 3e-06
# nthreads           : 32
# lgo input file     : adf2.lgo
# site pat input file: ../../chrX/boot_chrX/boot7.opf
# free parameters    : 15
# points in DE swarm : 45
# output state file  : b1boot7.state
# Including singleton site patterns.
# cost function      : KL
Initial parameter values
Fixed:
      zero = 0
       one = 1
    Tbecnw = 75200
Free:
       pc1 = 0
       pc2 = 0
       pc3 = 0
       pc4 = 0
       pc5 = 0
       pc6 = 0
       pc7 = 0
       pc8 = 0
       pc9 = 0
      pc10 = 0
      pc11 = 0
      pc12 = 0
      pc13 = 0
      pc14 = 0
      pc15 = 0
Constrained:
   Tgbecnw = 106518
     Tecnw = 24409.3
       Tnw = 21379.6
       Tec = 95.4925
     twoNb = 1.24596e+06
     twoNc = 480704
     twoNw = 6.49101e+06
    twoNec = 180840
    twoNnw = 13640.6
  twoNecnw = 66640.7
  twoNbecnw = 12337.3
  twoNgbecnw = 174877
         m = 0.169398
        m4 = 0.0213153
        m6 = 1.60871e-06
        Ta = 37600
        Td = 47.7462
        Tf = 23.8731
DiffEv reached_goal. cost=2.47011e-03 spread=2.98639e-06
Fitted parameter values
Free:
       pc1 = -3.94133
       pc2 = -1.98803
       pc3 = -0.576334
       pc4 = -0.564838
       pc5 = -1.22048
       pc6 = 0.94436
       pc7 = 1.78643
       pc8 = 1.28179
       pc9 = 1.19441
      pc10 = 0.943758
      pc11 = 0.0608884
      pc12 = -0.201437
      pc13 = 0.127764
      pc14 = 0.0197716
      pc15 = 0.0001234
Constrained:
   Tgbecnw = 89749.7
     Tecnw = 23105.6
       Tnw = 20533
       Tec = 54.153
     twoNb = 2.26513e+06
     twoNc = 1.17353e+06
     twoNw = 3.97502e+06
    twoNec = 165823
    twoNnw = 11828.9
  twoNecnw = 65928
  twoNbecnw = 5912.78
  twoNgbecnw = 199885
         m = 0.143298
        m4 = 0.0212533
        m6 = 7.78665e-07
        Ta = 37600
        Td = 27.0765
        Tf = 13.5382
#       SitePat  BranchLen
              b 117668.7342919
              e 44492.1234095
              c 45584.0176544
              n 43567.7096614
              w 43567.7095108
            b:e 1224.4818993
            b:c 1468.7047021
            b:n 1080.8965750
            b:w 1080.8965682
            e:c 11778.4456093
            e:n 4411.5627912
            e:w 4411.5627564
            c:n 4259.9746065
            c:w 4259.9747571
            n:w 12151.4711678
          b:e:c 1321.1914699
          b:e:n 612.3254926
          b:e:w 612.3254854
          b:c:n 615.1127307
          b:c:w 615.1127375
          b:n:w 1308.0889491
          e:c:n 4285.8728189
          e:c:w 4285.8728538
          e:n:w 5440.7819784
          c:n:w 4988.8491932
        b:e:c:n 1189.0329369
        b:e:c:w 1189.0329441
        b:e:n:w 1929.5165417
        b:c:n:w 1342.9335439
        e:c:n:w 46074.2583100
