########################################
# legofit: estimate population history #
#       version 2.3.4-4-g53f8760       #
########################################

# Program was compiled: Sep 21 2021 14:36:42
# Program was run: Sun Oct 10 22:42:12 2021

# cmd: legofit -1 -d 0 -t 32 --ptsPerDim 3 --stateOut b1boot36.state --tol 3e-6 -S 5000 adf2.lgo ../../chrX/boot_chrX/boot36.opf
# Stage nOptItr nSimReps
#     0    5000        0
# algorithm          : deterministic
# ignoring probs <=  : 0
# Branch length floor: 0
# DE strategy        : 2
#    F               : 0.3
#    CR              : 0.8
#    tolerance       : 3e-06
# nthreads           : 32
# lgo input file     : adf2.lgo
# site pat input file: ../../chrX/boot_chrX/boot36.opf
# free parameters    : 15
# points in DE swarm : 45
# output state file  : b1boot36.state
# Including singleton site patterns.
# cost function      : KL
Initial parameter values
Fixed:
      zero = 0
       one = 1
    Tbecnw = 75200
Free:
       pc1 = 0
       pc2 = 0
       pc3 = 0
       pc4 = 0
       pc5 = 0
       pc6 = 0
       pc7 = 0
       pc8 = 0
       pc9 = 0
      pc10 = 0
      pc11 = 0
      pc12 = 0
      pc13 = 0
      pc14 = 0
      pc15 = 0
Constrained:
   Tgbecnw = 106518
     Tecnw = 24409.3
       Tnw = 21379.6
       Tec = 95.4925
     twoNb = 1.24596e+06
     twoNc = 480704
     twoNw = 6.49101e+06
    twoNec = 180840
    twoNnw = 13640.6
  twoNecnw = 66640.7
  twoNbecnw = 12337.3
  twoNgbecnw = 174877
         m = 0.169398
        m4 = 0.0213153
        m6 = 1.60871e-06
        Ta = 37600
        Td = 47.7462
        Tf = 23.8731
DiffEv reached_goal. cost=2.45451e-03 spread=2.93629e-06
Fitted parameter values
Free:
       pc1 = -3.99454
       pc2 = -1.99234
       pc3 = 0.759363
       pc4 = 0.0956153
       pc5 = -1.72314
       pc6 = 1.27656
       pc7 = 1.91579
       pc8 = 0.885721
       pc9 = 0.69202
      pc10 = -0.619142
      pc11 = -0.22905
      pc12 = -0.127361
      pc13 = 0.0287669
      pc14 = -0.0372018
      pc15 = -0.0124991
Constrained:
   Tgbecnw = 87046.9
     Tecnw = 23060.8
       Tnw = 21770
       Tec = 51.6349
     twoNb = 2.23266e+06
     twoNc = 454351
     twoNw = 3.41912e+06
    twoNec = 175595
    twoNnw = 5690.1
  twoNecnw = 63038.2
  twoNbecnw = 4868.97
  twoNgbecnw = 202788
         m = 0.142449
        m4 = 0.0206493
        m6 = 5.59503e-07
        Ta = 37600
        Td = 25.8174
        Tf = 12.9087
#       SitePat  BranchLen
              b 117534.6871219
              e 44093.4736515
              c 45163.7808791
              n 42833.4685713
              w 42833.4684430
            b:e 1207.1977706
            b:c 1448.1425499
            b:n 1038.2727637
            b:w 1038.2727579
            e:c 11387.7828537
            e:n 4342.0390167
            e:w 4342.0389864
            c:n 4196.3402415
            c:w 4196.3403698
            n:w 11943.6598226
          b:e:c 1286.1185694
          b:e:n 594.1941485
          b:e:w 594.1941424
          b:c:n 597.1412996
          b:c:w 597.1413054
          b:n:w 1271.5013807
          e:c:n 4206.6173116
          e:c:w 4206.6173419
          e:n:w 5508.8702342
          c:n:w 5056.4441981
        b:e:c:n 1139.2336195
        b:e:c:w 1139.2336257
        b:e:n:w 1893.1519691
        b:c:n:w 1319.8286641
        e:c:n:w 46757.5488591
