########################################
# legofit: estimate population history #
#       version 2.3.4-4-g53f8760       #
########################################

# Program was compiled: Sep 21 2021 14:36:42
# Program was run: Sun Oct 10 22:41:40 2021

# cmd: legofit -1 -d 0 -t 32 --ptsPerDim 3 --stateOut b1boot19.state --tol 3e-6 -S 5000 adf2.lgo ../../chrX/boot_chrX/boot19.opf
# Stage nOptItr nSimReps
#     0    5000        0
# algorithm          : deterministic
# ignoring probs <=  : 0
# Branch length floor: 0
# DE strategy        : 2
#    F               : 0.3
#    CR              : 0.8
#    tolerance       : 3e-06
# nthreads           : 32
# lgo input file     : adf2.lgo
# site pat input file: ../../chrX/boot_chrX/boot19.opf
# free parameters    : 15
# points in DE swarm : 45
# output state file  : b1boot19.state
# Including singleton site patterns.
# cost function      : KL
Initial parameter values
Fixed:
      zero = 0
       one = 1
    Tbecnw = 75200
Free:
       pc1 = 0
       pc2 = 0
       pc3 = 0
       pc4 = 0
       pc5 = 0
       pc6 = 0
       pc7 = 0
       pc8 = 0
       pc9 = 0
      pc10 = 0
      pc11 = 0
      pc12 = 0
      pc13 = 0
      pc14 = 0
      pc15 = 0
Constrained:
   Tgbecnw = 106518
     Tecnw = 24409.3
       Tnw = 21379.6
       Tec = 95.4925
     twoNb = 1.24596e+06
     twoNc = 480704
     twoNw = 6.49101e+06
    twoNec = 180840
    twoNnw = 13640.6
  twoNecnw = 66640.7
  twoNbecnw = 12337.3
  twoNgbecnw = 174877
         m = 0.169398
        m4 = 0.0213153
        m6 = 1.60871e-06
        Ta = 37600
        Td = 47.7462
        Tf = 23.8731
DiffEv reached_goal. cost=2.45403e-03 spread=2.84940e-06
Fitted parameter values
Free:
       pc1 = -3.94802
       pc2 = -1.88311
       pc3 = -0.321385
       pc4 = -0.919925
       pc5 = -1.98387
       pc6 = 0.889657
       pc7 = 1.01822
       pc8 = 0.203583
       pc9 = 1.01435
      pc10 = 0.363486
      pc11 = -0.551647
      pc12 = 0.155231
      pc13 = 0.286277
      pc14 = -0.0508407
      pc15 = -0.0807767
Constrained:
   Tgbecnw = 86944.7
     Tecnw = 23379.4
       Tnw = 21306
       Tec = 79.4427
     twoNb = 2.06994e+06
     twoNc = 832906
     twoNw = 8.47355e+06
    twoNec = 166244
    twoNnw = 8531.96
  twoNecnw = 63987.7
  twoNbecnw = 4859.36
  twoNgbecnw = 196779
         m = 0.146637
        m4 = 0.0211366
        m6 = 3.83717e-08
        Ta = 37600
        Td = 39.7213
        Tf = 19.8607
#       SitePat  BranchLen
              b 117225.1007936
              e 44312.1383179
              c 45385.7111515
              n 42899.3156817
              w 42899.3156782
            b:e 1207.4721852
            b:c 1457.2624900
            b:n 1027.9592264
            b:w 1027.9592262
            e:c 11760.0269931
            e:n 4227.8054155
            e:w 4227.8054147
            c:n 4082.1125617
            c:w 4082.1125652
            n:w 12422.8038582
          b:e:c 1318.8127269
          b:e:n 581.1059295
          b:e:w 581.1059293
          b:c:n 584.0462113
          b:c:w 584.0462114
          b:n:w 1303.1169891
          e:c:n 4138.0286777
          e:c:w 4138.0286785
          e:n:w 5492.5885803
          c:n:w 5033.7673026
        b:e:c:n 1130.4668335
        b:e:c:w 1130.4668337
        b:e:n:w 1901.7724159
        b:c:n:w 1322.7352484
        e:c:n:w 46235.8047650
