########################################
# legofit: estimate population history #
#       version 2.3.4-4-g53f8760       #
########################################

# Program was compiled: Sep 21 2021 14:36:42
# Program was run: Sun Oct 10 22:42:04 2021

# cmd: legofit -1 -d 0 -t 32 --ptsPerDim 3 --stateOut b1boot34.state --tol 3e-6 -S 5000 adf2.lgo ../../chrX/boot_chrX/boot34.opf
# Stage nOptItr nSimReps
#     0    5000        0
# algorithm          : deterministic
# ignoring probs <=  : 0
# Branch length floor: 0
# DE strategy        : 2
#    F               : 0.3
#    CR              : 0.8
#    tolerance       : 3e-06
# nthreads           : 32
# lgo input file     : adf2.lgo
# site pat input file: ../../chrX/boot_chrX/boot34.opf
# free parameters    : 15
# points in DE swarm : 45
# output state file  : b1boot34.state
# Including singleton site patterns.
# cost function      : KL
Initial parameter values
Fixed:
      zero = 0
       one = 1
    Tbecnw = 75200
Free:
       pc1 = 0
       pc2 = 0
       pc3 = 0
       pc4 = 0
       pc5 = 0
       pc6 = 0
       pc7 = 0
       pc8 = 0
       pc9 = 0
      pc10 = 0
      pc11 = 0
      pc12 = 0
      pc13 = 0
      pc14 = 0
      pc15 = 0
Constrained:
   Tgbecnw = 106518
     Tecnw = 24409.3
       Tnw = 21379.6
       Tec = 95.4925
     twoNb = 1.24596e+06
     twoNc = 480704
     twoNw = 6.49101e+06
    twoNec = 180840
    twoNnw = 13640.6
  twoNecnw = 66640.7
  twoNbecnw = 12337.3
  twoNgbecnw = 174877
         m = 0.169398
        m4 = 0.0213153
        m6 = 1.60871e-06
        Ta = 37600
        Td = 47.7462
        Tf = 23.8731
DiffEv reached_goal. cost=2.22365e-03 spread=2.57327e-06
Fitted parameter values
Free:
       pc1 = -3.99325
       pc2 = -1.39481
       pc3 = -2.80569
       pc4 = -3.3484
       pc5 = -1.4775
       pc6 = -0.59718
       pc7 = 1.84062
       pc8 = 0.391952
       pc9 = -0.364628
      pc10 = 0.340848
      pc11 = -0.407391
      pc12 = -0.0283685
      pc13 = -0.0411494
      pc14 = -0.142524
      pc15 = 0.0150462
Constrained:
   Tgbecnw = 87617.3
     Tecnw = 23268.1
       Tnw = 19879.1
       Tec = 134.867
     twoNb = 2.31526e+06
     twoNc = 2.0237e+06
     twoNw = 1.48157e+07
    twoNec = 165584
    twoNnw = 15770
  twoNecnw = 64176
  twoNbecnw = 5229.51
  twoNgbecnw = 181177
         m = 0.169759
        m4 = 0.0237846
        m6 = 4.13583e-06
        Ta = 37600
        Td = 67.4336
        Tf = 33.7168
#       SitePat  BranchLen
              b 118860.9438284
              e 44186.4890754
              c 45419.2328902
              n 43299.8780950
              w 43299.8778872
            b:e 1150.9685472
            b:c 1452.8113149
            b:n 1020.4721262
            b:w 1020.4721173
            e:c 11604.6538320
            e:n 4366.5182462
            e:w 4366.5181985
            c:n 4197.0456644
            c:w 4197.0458722
            n:w 11995.6309130
          b:e:c 1239.7893646
          b:e:n 577.3200965
          b:e:w 577.3200872
          b:c:n 580.0195076
          b:c:w 580.0195164
          b:n:w 1227.9809243
          e:c:n 4246.3447088
          e:c:w 4246.3447564
          e:n:w 5445.4110864
          c:n:w 4911.4511900
        b:e:c:n 1118.5433463
        b:e:c:w 1118.5433556
        b:e:n:w 1925.2300893
        b:c:n:w 1258.1487966
        e:c:n:w 47538.5889024
