########################################
# legofit: estimate population history #
#       version 2.3.4-4-g53f8760       #
########################################

# Program was compiled: Sep 21 2021 14:36:42
# Program was run: Sun Oct 10 22:42:12 2021

# cmd: legofit -1 -d 0 -t 32 --ptsPerDim 3 --stateOut b1boot40.state --tol 3e-6 -S 5000 adf2.lgo ../../chrX/boot_chrX/boot40.opf
# Stage nOptItr nSimReps
#     0    5000        0
# algorithm          : deterministic
# ignoring probs <=  : 0
# Branch length floor: 0
# DE strategy        : 2
#    F               : 0.3
#    CR              : 0.8
#    tolerance       : 3e-06
# nthreads           : 32
# lgo input file     : adf2.lgo
# site pat input file: ../../chrX/boot_chrX/boot40.opf
# free parameters    : 15
# points in DE swarm : 45
# output state file  : b1boot40.state
# Including singleton site patterns.
# cost function      : KL
Initial parameter values
Fixed:
      zero = 0
       one = 1
    Tbecnw = 75200
Free:
       pc1 = 0
       pc2 = 0
       pc3 = 0
       pc4 = 0
       pc5 = 0
       pc6 = 0
       pc7 = 0
       pc8 = 0
       pc9 = 0
      pc10 = 0
      pc11 = 0
      pc12 = 0
      pc13 = 0
      pc14 = 0
      pc15 = 0
Constrained:
   Tgbecnw = 106518
     Tecnw = 24409.3
       Tnw = 21379.6
       Tec = 95.4925
     twoNb = 1.24596e+06
     twoNc = 480704
     twoNw = 6.49101e+06
    twoNec = 180840
    twoNnw = 13640.6
  twoNecnw = 66640.7
  twoNbecnw = 12337.3
  twoNgbecnw = 174877
         m = 0.169398
        m4 = 0.0213153
        m6 = 1.60871e-06
        Ta = 37600
        Td = 47.7462
        Tf = 23.8731
DiffEv reached_goal. cost=2.28135e-03 spread=2.89603e-06
Fitted parameter values
Free:
       pc1 = -3.83453
       pc2 = -1.89562
       pc3 = 1.25405
       pc4 = -0.749755
       pc5 = -1.36636
       pc6 = 0.327583
       pc7 = 1.75257
       pc8 = 0.660813
       pc9 = 1.06175
      pc10 = -1.36099
      pc11 = 0.372298
      pc12 = -0.194339
      pc13 = 0.115058
      pc14 = -0.0138362
      pc15 = -0.0525975
Constrained:
   Tgbecnw = 87365.1
     Tecnw = 23096.1
       Tnw = 21902
       Tec = 96.0266
     twoNb = 2.06174e+06
     twoNc = 1.28708e+06
     twoNw = 5.59012e+06
    twoNec = 182030
    twoNnw = 5029.57
  twoNecnw = 62708.6
  twoNbecnw = 4994.92
  twoNgbecnw = 204136
         m = 0.139471
        m4 = 0.0200139
        m6 = 1.0332e-06
        Ta = 37600
        Td = 48.0133
        Tf = 24.0067
#       SitePat  BranchLen
              b 117338.2095033
              e 44260.3843998
              c 45291.9498676
              n 42590.2095961
              w 42590.2094516
            b:e 1225.0676059
            b:c 1459.4780740
            b:n 1029.9390296
            b:w 1029.9390230
            e:c 11281.7228083
            e:n 4313.6417633
            e:w 4313.6417292
            c:n 4173.7553951
            c:w 4173.7555397
            n:w 12108.9169798
          b:e:c 1298.4104104
          b:e:n 593.2125045
          b:e:w 593.2124975
          b:c:n 596.1516622
          b:c:w 596.1516688
          b:n:w 1282.2578272
          e:c:n 4155.2124074
          e:c:w 4155.2124415
          e:n:w 5578.7682430
          c:n:w 5138.0794078
        b:e:c:n 1129.4742769
        b:e:c:w 1129.4742838
        b:e:n:w 1889.2095329
        b:c:n:w 1337.8162786
        e:c:n:w 46611.3596565
