########################################
# legofit: estimate population history #
#       version 2.3.4-4-g53f8760       #
########################################

# Program was compiled: Sep 21 2021 14:36:42
# Program was run: Sun Oct 10 22:42:12 2021

# cmd: legofit -1 -d 0 -t 32 --ptsPerDim 3 --stateOut b1boot35.state --tol 3e-6 -S 5000 adf2.lgo ../../chrX/boot_chrX/boot35.opf
# Stage nOptItr nSimReps
#     0    5000        0
# algorithm          : deterministic
# ignoring probs <=  : 0
# Branch length floor: 0
# DE strategy        : 2
#    F               : 0.3
#    CR              : 0.8
#    tolerance       : 3e-06
# nthreads           : 32
# lgo input file     : adf2.lgo
# site pat input file: ../../chrX/boot_chrX/boot35.opf
# free parameters    : 15
# points in DE swarm : 45
# output state file  : b1boot35.state
# Including singleton site patterns.
# cost function      : KL
Initial parameter values
Fixed:
      zero = 0
       one = 1
    Tbecnw = 75200
Free:
       pc1 = 0
       pc2 = 0
       pc3 = 0
       pc4 = 0
       pc5 = 0
       pc6 = 0
       pc7 = 0
       pc8 = 0
       pc9 = 0
      pc10 = 0
      pc11 = 0
      pc12 = 0
      pc13 = 0
      pc14 = 0
      pc15 = 0
Constrained:
   Tgbecnw = 106518
     Tecnw = 24409.3
       Tnw = 21379.6
       Tec = 95.4925
     twoNb = 1.24596e+06
     twoNc = 480704
     twoNw = 6.49101e+06
    twoNec = 180840
    twoNnw = 13640.6
  twoNecnw = 66640.7
  twoNbecnw = 12337.3
  twoNgbecnw = 174877
         m = 0.169398
        m4 = 0.0213153
        m6 = 1.60871e-06
        Ta = 37600
        Td = 47.7462
        Tf = 23.8731
DiffEv reached_goal. cost=2.47846e-03 spread=2.96675e-06
Fitted parameter values
Free:
       pc1 = -3.98831
       pc2 = -1.98231
       pc3 = 0.494804
       pc4 = -0.636848
       pc5 = -1.40676
       pc6 = 1.64554
       pc7 = 1.70913
       pc8 = 0.804354
       pc9 = -0.582083
      pc10 = -0.234347
      pc11 = 0.501834
      pc12 = 0.175818
      pc13 = 0.146273
      pc14 = -0.142854
      pc15 = 0.0239251
Constrained:
   Tgbecnw = 84838.2
     Tecnw = 22904.7
       Tnw = 21090
       Tec = 10.3234
     twoNb = 2.10724e+06
     twoNc = 177415
     twoNw = 5.80229e+06
    twoNec = 176593
    twoNnw = 8307.06
  twoNecnw = 65968.3
  twoNbecnw = 3929.7
  twoNgbecnw = 202717
         m = 0.15306
        m4 = 0.0209644
        m6 = 2.39017e-06
        Ta = 37600
        Td = 5.16171
        Tf = 2.58085
#       SitePat  BranchLen
              b 118281.9981126
              e 44471.8395939
              c 45557.4543403
              n 43263.2644632
              w 43263.2641427
            b:e 1184.4386805
            b:c 1438.3795630
            b:n 1029.1094293
            b:w 1029.1094153
            e:c 11350.3359734
            e:n 4387.0336810
            e:w 4387.0336070
            c:n 4239.1014380
            c:w 4239.1017585
            n:w 11922.8591003
          b:e:c 1259.9803275
          b:e:n 592.8413788
          b:e:w 592.8413638
          b:c:n 595.8278452
          b:c:w 595.8278592
          b:n:w 1245.2929877
          e:c:n 4152.1517727
          e:c:w 4152.1518468
          e:n:w 5385.7394816
          c:n:w 4936.1360196
        b:e:c:n 1138.7455778
        b:e:c:w 1138.7455928
        b:e:n:w 1905.8372220
        b:c:n:w 1305.7757023
        e:c:n:w 47235.0354406
