########################################
# legofit: estimate population history #
#       version 2.3.4-4-g53f8760       #
########################################

# Program was compiled: Sep 21 2021 14:36:42
# Program was run: Sun Oct 10 22:41:10 2021

# cmd: legofit -1 -d 0 -t 32 --ptsPerDim 3 --stateOut b1boot2.state --tol 3e-6 -S 5000 adf2.lgo ../../chrX/boot_chrX/boot2.opf
# Stage nOptItr nSimReps
#     0    5000        0
# algorithm          : deterministic
# ignoring probs <=  : 0
# Branch length floor: 0
# DE strategy        : 2
#    F               : 0.3
#    CR              : 0.8
#    tolerance       : 3e-06
# nthreads           : 32
# lgo input file     : adf2.lgo
# site pat input file: ../../chrX/boot_chrX/boot2.opf
# free parameters    : 15
# points in DE swarm : 45
# output state file  : b1boot2.state
# Including singleton site patterns.
# cost function      : KL
Initial parameter values
Fixed:
      zero = 0
       one = 1
    Tbecnw = 75200
Free:
       pc1 = 0
       pc2 = 0
       pc3 = 0
       pc4 = 0
       pc5 = 0
       pc6 = 0
       pc7 = 0
       pc8 = 0
       pc9 = 0
      pc10 = 0
      pc11 = 0
      pc12 = 0
      pc13 = 0
      pc14 = 0
      pc15 = 0
Constrained:
   Tgbecnw = 106518
     Tecnw = 24409.3
       Tnw = 21379.6
       Tec = 95.4925
     twoNb = 1.24596e+06
     twoNc = 480704
     twoNw = 6.49101e+06
    twoNec = 180840
    twoNnw = 13640.6
  twoNecnw = 66640.7
  twoNbecnw = 12337.3
  twoNgbecnw = 174877
         m = 0.169398
        m4 = 0.0213153
        m6 = 1.60871e-06
        Ta = 37600
        Td = 47.7462
        Tf = 23.8731
DiffEv reached_goal. cost=2.40399e-03 spread=2.44232e-06
Fitted parameter values
Free:
       pc1 = -3.99628
       pc2 = -1.99791
       pc3 = -1.57461
       pc4 = -0.839526
       pc5 = -0.665041
       pc6 = 0.963513
       pc7 = 0.331858
       pc8 = 1.91183
       pc9 = 1.09469
      pc10 = -0.700796
      pc11 = -0.000999448
      pc12 = 8.64516e-05
      pc13 = 0.352067
      pc14 = -0.0673856
      pc15 = -0.0994724
Constrained:
   Tgbecnw = 85596.9
     Tecnw = 22994.6
       Tnw = 20404.8
       Tec = 320.121
     twoNb = 1.8235e+06
     twoNc = 1.37339e+06
     twoNw = 3.45597e+06
    twoNec = 169616
    twoNnw = 11093.2
  twoNecnw = 65846.8
  twoNbecnw = 4387.6
  twoNgbecnw = 188525
         m = 0.15537
        m4 = 0.022519
        m6 = 5.06046e-07
        Ta = 37600
        Td = 160.061
        Tf = 80.0303
#       SitePat  BranchLen
              b 116983.0333275
              e 44548.8156283
              c 45676.1920541
              n 42992.6099107
              w 42992.6098011
            b:e 1211.5851963
            b:c 1488.7388474
            b:n 1035.4547714
            b:w 1035.4547666
            e:c 11551.7851735
            e:n 4329.4651963
            e:w 4329.4651711
            c:n 4172.3100152
            c:w 4172.3101248
            n:w 12388.0733860
          b:e:c 1305.5983207
          b:e:n 592.7933305
          b:e:w 592.7933254
          b:c:n 596.0426534
          b:c:w 596.0426582
          b:n:w 1289.2291103
          e:c:n 4136.5868087
          e:c:w 4136.5868339
          e:n:w 5500.6419335
          c:n:w 5013.6594949
        b:e:c:n 1143.8941820
        b:e:c:w 1143.8941871
        b:e:n:w 1942.8810934
        b:c:n:w 1333.1444944
        e:c:n:w 45823.7944163
