########################################
# legofit: estimate population history #
#       version 2.3.4-4-g53f8760       #
########################################

# Program was compiled: Sep 21 2021 14:36:42
# Program was run: Sun Oct 10 22:41:10 2021

# cmd: legofit -1 -d 0 -t 32 --ptsPerDim 3 --stateOut b1boot1.state --tol 3e-6 -S 5000 adf2.lgo ../../chrX/boot_chrX/boot1.opf
# Stage nOptItr nSimReps
#     0    5000        0
# algorithm          : deterministic
# ignoring probs <=  : 0
# Branch length floor: 0
# DE strategy        : 2
#    F               : 0.3
#    CR              : 0.8
#    tolerance       : 3e-06
# nthreads           : 32
# lgo input file     : adf2.lgo
# site pat input file: ../../chrX/boot_chrX/boot1.opf
# free parameters    : 15
# points in DE swarm : 45
# output state file  : b1boot1.state
# Including singleton site patterns.
# cost function      : KL
Initial parameter values
Fixed:
      zero = 0
       one = 1
    Tbecnw = 75200
Free:
       pc1 = 0
       pc2 = 0
       pc3 = 0
       pc4 = 0
       pc5 = 0
       pc6 = 0
       pc7 = 0
       pc8 = 0
       pc9 = 0
      pc10 = 0
      pc11 = 0
      pc12 = 0
      pc13 = 0
      pc14 = 0
      pc15 = 0
Constrained:
   Tgbecnw = 106518
     Tecnw = 24409.3
       Tnw = 21379.6
       Tec = 95.4925
     twoNb = 1.24596e+06
     twoNc = 480704
     twoNw = 6.49101e+06
    twoNec = 180840
    twoNnw = 13640.6
  twoNecnw = 66640.7
  twoNbecnw = 12337.3
  twoNgbecnw = 174877
         m = 0.169398
        m4 = 0.0213153
        m6 = 1.60871e-06
        Ta = 37600
        Td = 47.7462
        Tf = 23.8731
DiffEv reached_goal. cost=2.48250e-03 spread=2.84360e-06
Fitted parameter values
Free:
       pc1 = -3.97882
       pc2 = -1.77019
       pc3 = -0.442097
       pc4 = -2.81942
       pc5 = -1.95696
       pc6 = -0.38077
       pc7 = 0.40141
       pc8 = 0.498167
       pc9 = 0.69172
      pc10 = 0.608479
      pc11 = 0.13428
      pc12 = 0.0822641
      pc13 = 0.327741
      pc14 = -0.0574823
      pc15 = -0.076825
Constrained:
   Tgbecnw = 85840.6
     Tecnw = 23177.2
       Tnw = 20648.2
       Tec = 18.8154
     twoNb = 1.82638e+06
     twoNc = 1.99569e+06
     twoNw = 1.36806e+07
    twoNec = 168923
    twoNnw = 10855.1
  twoNecnw = 65588.7
  twoNbecnw = 4495.68
  twoNgbecnw = 194290
         m = 0.1512
        m4 = 0.021734
        m6 = 6.27764e-07
        Ta = 37600
        Td = 9.40768
        Tf = 4.70384
#       SitePat  BranchLen
              b 117506.5082296
              e 44553.1683105
              c 45648.8443100
              n 43178.4617982
              w 43178.4617632
            b:e 1248.0054878
            b:c 1516.1535781
            b:n 1073.1248212
            b:w 1073.1248196
            e:c 11718.2303340
            e:n 4324.9053233
            e:w 4324.9053152
            c:n 4173.3286375
            c:w 4173.3286725
            n:w 12398.0188768
          b:e:c 1353.5014740
          b:e:n 610.9905428
          b:e:w 610.9905411
          b:c:n 614.3035255
          b:c:w 614.3035271
          b:n:w 1337.0778280
          e:c:n 4184.3701338
          e:c:w 4184.3701419
          e:n:w 5502.3474441
          c:n:w 5030.8647891
        b:e:c:n 1185.6264351
        b:e:c:w 1185.6264368
        b:e:n:w 1969.4323267
        b:c:n:w 1373.6177650
        e:c:n:w 46315.9175779
