########################################
# legofit: estimate population history #
#       version 2.3.4-4-g53f8760       #
########################################

# Program was compiled: Sep 21 2021 14:36:42
# Program was run: Sun Oct 10 22:41:31 2021

# cmd: legofit -1 -d 0 -t 32 --ptsPerDim 3 --stateOut b1boot12.state --tol 3e-6 -S 5000 adf2.lgo ../../chrX/boot_chrX/boot12.opf
# Stage nOptItr nSimReps
#     0    5000        0
# algorithm          : deterministic
# ignoring probs <=  : 0
# Branch length floor: 0
# DE strategy        : 2
#    F               : 0.3
#    CR              : 0.8
#    tolerance       : 3e-06
# nthreads           : 32
# lgo input file     : adf2.lgo
# site pat input file: ../../chrX/boot_chrX/boot12.opf
# free parameters    : 15
# points in DE swarm : 45
# output state file  : b1boot12.state
# Including singleton site patterns.
# cost function      : KL
Initial parameter values
Fixed:
      zero = 0
       one = 1
    Tbecnw = 75200
Free:
       pc1 = 0
       pc2 = 0
       pc3 = 0
       pc4 = 0
       pc5 = 0
       pc6 = 0
       pc7 = 0
       pc8 = 0
       pc9 = 0
      pc10 = 0
      pc11 = 0
      pc12 = 0
      pc13 = 0
      pc14 = 0
      pc15 = 0
Constrained:
   Tgbecnw = 106518
     Tecnw = 24409.3
       Tnw = 21379.6
       Tec = 95.4925
     twoNb = 1.24596e+06
     twoNc = 480704
     twoNw = 6.49101e+06
    twoNec = 180840
    twoNnw = 13640.6
  twoNecnw = 66640.7
  twoNbecnw = 12337.3
  twoNgbecnw = 174877
         m = 0.169398
        m4 = 0.0213153
        m6 = 1.60871e-06
        Ta = 37600
        Td = 47.7462
        Tf = 23.8731
DiffEv reached_goal. cost=2.47824e-03 spread=2.51041e-06
Fitted parameter values
Free:
       pc1 = -3.99025
       pc2 = -1.94144
       pc3 = -0.662774
       pc4 = -2.04595
       pc5 = -1.89848
       pc6 = 0.0900739
       pc7 = 1.82492
       pc8 = 0.043873
       pc9 = 1.27997
      pc10 = 0.672711
      pc11 = -0.481822
      pc12 = -0.00640589
      pc13 = 0.050936
      pc14 = -0.0334827
      pc15 = -0.0169044
Constrained:
   Tgbecnw = 88231.8
     Tecnw = 23358.3
       Tnw = 21113.4
       Tec = 41.1351
     twoNb = 2.30479e+06
     twoNc = 1.70899e+06
     twoNw = 1.09257e+07
    twoNec = 164565
    twoNnw = 10046.7
  twoNecnw = 63491.6
  twoNbecnw = 5398.93
  twoNgbecnw = 195636
         m = 0.15071
        m4 = 0.0210904
        m6 = 1.21722e-06
        Ta = 37600
        Td = 20.5675
        Tf = 10.2838
#       SitePat  BranchLen
              b 118337.0896862
              e 44109.4174348
              c 45205.0352343
              n 43229.4487904
              w 43229.4487039
            b:e 1199.7153170
            b:c 1452.3293523
            b:n 1054.0446245
            b:w 1054.0446206
            e:c 11752.7419823
            e:n 4320.5726820
            e:w 4320.5726618
            c:n 4171.5670191
            c:w 4171.5671056
            n:w 12057.6521740
          b:e:c 1301.7674374
          b:e:n 593.5723356
          b:e:w 593.5723315
          b:c:n 596.3201897
          b:c:w 596.3201936
          b:n:w 1288.9096880
          e:c:n 4264.7896880
          e:c:w 4264.7897082
          e:n:w 5454.3503394
          c:n:w 4988.8538037
        b:e:c:n 1155.2767191
        b:e:c:w 1155.2767232
        b:e:n:w 1901.2775742
        b:c:n:w 1311.0573068
        e:c:n:w 47202.8816365
