########################################
# legofit: estimate population history #
#       version 2.3.4-4-g53f8760       #
########################################

# Program was compiled: Sep 21 2021 14:36:42
# Program was run: Sun Oct 10 22:41:40 2021

# cmd: legofit -1 -d 0 -t 32 --ptsPerDim 3 --stateOut b1boot18.state --tol 3e-6 -S 5000 adf2.lgo ../../chrX/boot_chrX/boot18.opf
# Stage nOptItr nSimReps
#     0    5000        0
# algorithm          : deterministic
# ignoring probs <=  : 0
# Branch length floor: 0
# DE strategy        : 2
#    F               : 0.3
#    CR              : 0.8
#    tolerance       : 3e-06
# nthreads           : 32
# lgo input file     : adf2.lgo
# site pat input file: ../../chrX/boot_chrX/boot18.opf
# free parameters    : 15
# points in DE swarm : 45
# output state file  : b1boot18.state
# Including singleton site patterns.
# cost function      : KL
Initial parameter values
Fixed:
      zero = 0
       one = 1
    Tbecnw = 75200
Free:
       pc1 = 0
       pc2 = 0
       pc3 = 0
       pc4 = 0
       pc5 = 0
       pc6 = 0
       pc7 = 0
       pc8 = 0
       pc9 = 0
      pc10 = 0
      pc11 = 0
      pc12 = 0
      pc13 = 0
      pc14 = 0
      pc15 = 0
Constrained:
   Tgbecnw = 106518
     Tecnw = 24409.3
       Tnw = 21379.6
       Tec = 95.4925
     twoNb = 1.24596e+06
     twoNc = 480704
     twoNw = 6.49101e+06
    twoNec = 180840
    twoNnw = 13640.6
  twoNecnw = 66640.7
  twoNbecnw = 12337.3
  twoNgbecnw = 174877
         m = 0.169398
        m4 = 0.0213153
        m6 = 1.60871e-06
        Ta = 37600
        Td = 47.7462
        Tf = 23.8731
DiffEv reached_goal. cost=2.51349e-03 spread=2.77246e-06
Fitted parameter values
Free:
       pc1 = -3.84488
       pc2 = -1.85084
       pc3 = 0.541511
       pc4 = -0.728496
       pc5 = -1.97656
       pc6 = -1.1815
       pc7 = 1.20629
       pc8 = 1.27436
       pc9 = -0.638353
      pc10 = -1.20411
      pc11 = 0.280748
      pc12 = -0.00421186
      pc13 = -0.0628343
      pc14 = -0.00630775
      pc15 = -0.0246151
Constrained:
   Tgbecnw = 89229.1
     Tecnw = 22992
       Tnw = 22000.6
       Tec = 19.1218
     twoNb = 1.92525e+06
     twoNc = 1.32085e+06
     twoNw = 8.69149e+06
    twoNec = 185133
    twoNnw = 4563.73
  twoNecnw = 63437.9
  twoNbecnw = 5593.37
  twoNgbecnw = 212609
         m = 0.136431
        m4 = 0.023022
        m6 = 1.55796e-06
        Ta = 37600
        Td = 9.56091
        Tf = 4.78045
#       SitePat  BranchLen
              b 118121.4340140
              e 44364.5819006
              c 45568.8063361
              n 43089.4965315
              w 43089.4963883
            b:e 1214.2773162
            b:c 1485.5682626
            b:n 1047.7460626
            b:w 1047.7460561
            e:c 11149.8597886
            e:n 4445.4221407
            e:w 4445.4221066
            c:n 4280.4860643
            c:w 4280.4862075
            n:w 11754.0810056
          b:e:c 1271.4695904
          b:e:n 606.4239791
          b:e:w 606.4239722
          b:c:n 609.8204036
          b:c:w 609.8204102
          b:n:w 1256.5218024
          e:c:n 4229.1080708
          e:c:w 4229.1081049
          e:n:w 5568.1437908
          c:n:w 5064.9082993
        b:e:c:n 1149.2279549
        b:e:c:w 1149.2279619
        b:e:n:w 1976.5117695
        b:c:n:w 1327.3105720
        e:c:n:w 47074.3221008
