########################################
# legofit: estimate population history #
#       version 2.3.4-4-g53f8760       #
########################################

# Program was compiled: Sep 21 2021 14:36:42
# Program was run: Sun Oct 10 22:42:12 2021

# cmd: legofit -1 -d 0 -t 32 --ptsPerDim 3 --stateOut b1boot38.state --tol 3e-6 -S 5000 adf2.lgo ../../chrX/boot_chrX/boot38.opf
# Stage nOptItr nSimReps
#     0    5000        0
# algorithm          : deterministic
# ignoring probs <=  : 0
# Branch length floor: 0
# DE strategy        : 2
#    F               : 0.3
#    CR              : 0.8
#    tolerance       : 3e-06
# nthreads           : 32
# lgo input file     : adf2.lgo
# site pat input file: ../../chrX/boot_chrX/boot38.opf
# free parameters    : 15
# points in DE swarm : 45
# output state file  : b1boot38.state
# Including singleton site patterns.
# cost function      : KL
Initial parameter values
Fixed:
      zero = 0
       one = 1
    Tbecnw = 75200
Free:
       pc1 = 0
       pc2 = 0
       pc3 = 0
       pc4 = 0
       pc5 = 0
       pc6 = 0
       pc7 = 0
       pc8 = 0
       pc9 = 0
      pc10 = 0
      pc11 = 0
      pc12 = 0
      pc13 = 0
      pc14 = 0
      pc15 = 0
Constrained:
   Tgbecnw = 106518
     Tecnw = 24409.3
       Tnw = 21379.6
       Tec = 95.4925
     twoNb = 1.24596e+06
     twoNc = 480704
     twoNw = 6.49101e+06
    twoNec = 180840
    twoNnw = 13640.6
  twoNecnw = 66640.7
  twoNbecnw = 12337.3
  twoNgbecnw = 174877
         m = 0.169398
        m4 = 0.0213153
        m6 = 1.60871e-06
        Ta = 37600
        Td = 47.7462
        Tf = 23.8731
DiffEv reached_goal. cost=2.53202e-03 spread=2.48350e-06
Fitted parameter values
Free:
       pc1 = -3.99492
       pc2 = -1.99521
       pc3 = 0.437012
       pc4 = -1.04676
       pc5 = -1.91618
       pc6 = 0.446507
       pc7 = 1.59088
       pc8 = 1.36505
       pc9 = 1.10421
      pc10 = -1.32518
      pc11 = -0.0689891
      pc12 = 0.154752
      pc13 = 0.074756
      pc14 = -0.0923868
      pc15 = -0.025835
Constrained:
   Tgbecnw = 84608.9
     Tecnw = 23053.7
       Tnw = 21837.5
       Tec = 119.994
     twoNb = 2.17986e+06
     twoNc = 1.43017e+06
     twoNw = 5.62173e+06
    twoNec = 178949
    twoNnw = 5445.2
  twoNecnw = 62988
  twoNbecnw = 3909.26
  twoNgbecnw = 199868
         m = 0.152324
        m4 = 0.021206
        m6 = 4.57704e-08
        Ta = 37600
        Td = 59.9971
        Tf = 29.9985
#       SitePat  BranchLen
              b 118165.1770560
              e 44087.8977247
              c 45193.2099077
              n 42820.7059005
              w 42820.7058941
            b:e 1183.4093581
            b:c 1441.9225569
            b:n 1018.4614287
            b:w 1018.4614284
            e:c 11205.9987486
            e:n 4340.3117659
            e:w 4340.3117644
            c:n 4191.0113440
            c:w 4191.0113504
            n:w 11783.3547322
          b:e:c 1253.7418896
          b:e:n 586.2129630
          b:e:w 586.2129627
          b:c:n 589.2782068
          b:c:w 589.2782071
          b:n:w 1238.9863088
          e:c:n 4163.3649199
          e:c:w 4163.3649214
          e:n:w 5472.3469235
          c:n:w 5002.5011823
        b:e:c:n 1120.0587914
        b:e:c:w 1120.0587917
        b:e:n:w 1898.2068343
        b:c:n:w 1296.6970578
        e:c:n:w 47584.6659656
