########################################
# legofit: estimate population history #
#       version 2.3.4-4-g53f8760       #
########################################

# Program was compiled: Sep 21 2021 14:36:42
# Program was run: Sun Oct 10 22:41:35 2021

# cmd: legofit -1 -d 0 -t 32 --ptsPerDim 3 --stateOut b1boot17.state --tol 3e-6 -S 5000 adf2.lgo ../../chrX/boot_chrX/boot17.opf
# Stage nOptItr nSimReps
#     0    5000        0
# algorithm          : deterministic
# ignoring probs <=  : 0
# Branch length floor: 0
# DE strategy        : 2
#    F               : 0.3
#    CR              : 0.8
#    tolerance       : 3e-06
# nthreads           : 32
# lgo input file     : adf2.lgo
# site pat input file: ../../chrX/boot_chrX/boot17.opf
# free parameters    : 15
# points in DE swarm : 45
# output state file  : b1boot17.state
# Including singleton site patterns.
# cost function      : KL
Initial parameter values
Fixed:
      zero = 0
       one = 1
    Tbecnw = 75200
Free:
       pc1 = 0
       pc2 = 0
       pc3 = 0
       pc4 = 0
       pc5 = 0
       pc6 = 0
       pc7 = 0
       pc8 = 0
       pc9 = 0
      pc10 = 0
      pc11 = 0
      pc12 = 0
      pc13 = 0
      pc14 = 0
      pc15 = 0
Constrained:
   Tgbecnw = 106518
     Tecnw = 24409.3
       Tnw = 21379.6
       Tec = 95.4925
     twoNb = 1.24596e+06
     twoNc = 480704
     twoNw = 6.49101e+06
    twoNec = 180840
    twoNnw = 13640.6
  twoNecnw = 66640.7
  twoNbecnw = 12337.3
  twoNgbecnw = 174877
         m = 0.169398
        m4 = 0.0213153
        m6 = 1.60871e-06
        Ta = 37600
        Td = 47.7462
        Tf = 23.8731
DiffEv reached_goal. cost=2.40267e-03 spread=2.88493e-06
Fitted parameter values
Free:
       pc1 = -3.9834
       pc2 = -1.95829
       pc3 = -0.68329
       pc4 = -1.09309
       pc5 = -1.73049
       pc6 = 1.45319
       pc7 = 0.6284
       pc8 = 0.052263
       pc9 = 0.843655
      pc10 = 0.944923
      pc11 = -0.0397381
      pc12 = -0.00178499
      pc13 = 0.0812436
      pc14 = -0.0691947
      pc15 = -0.00461666
Constrained:
   Tgbecnw = 87705.8
     Tecnw = 23136.4
       Tnw = 20589.2
       Tec = 96.2835
     twoNb = 1.97328e+06
     twoNc = 605561
     twoNw = 9.16808e+06
    twoNec = 162835
    twoNnw = 11407.3
  twoNecnw = 65716.7
  twoNbecnw = 5089.59
  twoNgbecnw = 197622
         m = 0.1518
        m4 = 0.020854
        m6 = 3.2568e-07
        Ta = 37600
        Td = 48.1418
        Tf = 24.0709
#       SitePat  BranchLen
              b 118142.8753836
              e 44326.4231486
              c 45397.0770652
              n 43360.3849763
              w 43360.3849491
            b:e 1182.6637962
            b:c 1435.3206109
            b:n 1038.9510417
            b:w 1038.9510406
            e:c 11795.7007499
            e:n 4332.6192721
            e:w 4332.6192659
            c:n 4185.5380448
            c:w 4185.5380720
            n:w 12187.5823589
          b:e:c 1286.1760738
          b:e:n 586.6036524
          b:e:w 586.6036511
          b:c:n 589.3946624
          b:c:w 589.3946636
          b:n:w 1272.8848761
          e:c:n 4214.8287017
          e:c:w 4214.8287079
          e:n:w 5385.8067458
          c:n:w 4936.0664924
        b:e:c:n 1144.3920057
        b:e:c:w 1144.3920070
        b:e:n:w 1883.5954983
        b:c:n:w 1298.6049478
        e:c:n:w 46803.5511063
