########################################
# legofit: estimate population history #
#       version 2.3.4-4-g53f8760       #
########################################

# Program was compiled: Sep 21 2021 14:36:42
# Program was run: Sun Oct 10 22:41:58 2021

# cmd: legofit -1 -d 0 -t 32 --ptsPerDim 3 --stateOut b1boot31.state --tol 3e-6 -S 5000 adf2.lgo ../../chrX/boot_chrX/boot31.opf
# Stage nOptItr nSimReps
#     0    5000        0
# algorithm          : deterministic
# ignoring probs <=  : 0
# Branch length floor: 0
# DE strategy        : 2
#    F               : 0.3
#    CR              : 0.8
#    tolerance       : 3e-06
# nthreads           : 32
# lgo input file     : adf2.lgo
# site pat input file: ../../chrX/boot_chrX/boot31.opf
# free parameters    : 15
# points in DE swarm : 45
# output state file  : b1boot31.state
# Including singleton site patterns.
# cost function      : KL
Initial parameter values
Fixed:
      zero = 0
       one = 1
    Tbecnw = 75200
Free:
       pc1 = 0
       pc2 = 0
       pc3 = 0
       pc4 = 0
       pc5 = 0
       pc6 = 0
       pc7 = 0
       pc8 = 0
       pc9 = 0
      pc10 = 0
      pc11 = 0
      pc12 = 0
      pc13 = 0
      pc14 = 0
      pc15 = 0
Constrained:
   Tgbecnw = 106518
     Tecnw = 24409.3
       Tnw = 21379.6
       Tec = 95.4925
     twoNb = 1.24596e+06
     twoNc = 480704
     twoNw = 6.49101e+06
    twoNec = 180840
    twoNnw = 13640.6
  twoNecnw = 66640.7
  twoNbecnw = 12337.3
  twoNgbecnw = 174877
         m = 0.169398
        m4 = 0.0213153
        m6 = 1.60871e-06
        Ta = 37600
        Td = 47.7462
        Tf = 23.8731
DiffEv reached_goal. cost=2.43128e-03 spread=1.90205e-06
Fitted parameter values
Free:
       pc1 = -2.93392
       pc2 = -1.59845
       pc3 = 0.893641
       pc4 = -0.93815
       pc5 = -0.840078
       pc6 = 0.585222
       pc7 = 1.81386
       pc8 = 1.89206
       pc9 = 1.4413
      pc10 = -0.68732
      pc11 = -0.716051
      pc12 = -0.0948601
      pc13 = 0.132122
      pc14 = -0.0234042
      pc15 = 0.00426359
Constrained:
   Tgbecnw = 88976
     Tecnw = 23384
       Tnw = 21841.7
       Tec = 13.5678
     twoNb = 2.01358e+06
     twoNc = 1.66859e+06
     twoNw = 1.33734e+06
    twoNec = 177400
    twoNnw = 7077.3
  twoNecnw = 63310.1
  twoNbecnw = 5878.79
  twoNgbecnw = 182832
         m = 0.159386
        m4 = 0.0207407
        m6 = 4.77477e-07
        Ta = 37600
        Td = 6.78388
        Tf = 3.39194
#       SitePat  BranchLen
              b 118330.8937252
              e 44436.3670593
              c 45501.0936758
              n 43409.6059656
              w 43409.6056812
            b:e 1217.5529986
            b:c 1478.5885947
            b:n 1062.4043971
            b:w 1062.4043842
            e:c 11451.9031569
            e:n 4404.1948831
            e:w 4404.1948159
            c:n 4256.0178515
            c:w 4256.0181359
            n:w 11853.2279789
          b:e:c 1291.8402340
          b:e:n 606.5998064
          b:e:w 606.5997928
          b:c:n 609.2569702
          b:c:w 609.2569831
          b:n:w 1278.8429986
          e:c:n 4283.6888422
          e:c:w 4283.6889094
          e:n:w 5525.0811554
          c:n:w 5057.3021454
        b:e:c:n 1162.1238447
        b:e:c:w 1162.1238583
        b:e:n:w 1894.5568800
        b:c:n:w 1327.6125178
        e:c:n:w 46970.1422658
