########################################
# legofit: estimate population history #
#       version 2.3.4-4-g53f8760       #
########################################

# Program was compiled: Sep 21 2021 14:36:42
# Program was run: Sun Oct 10 22:42:22 2021

# cmd: legofit -1 -d 0 -t 32 --ptsPerDim 3 --stateOut b1boot41.state --tol 3e-6 -S 5000 adf2.lgo ../../chrX/boot_chrX/boot41.opf
# Stage nOptItr nSimReps
#     0    5000        0
# algorithm          : deterministic
# ignoring probs <=  : 0
# Branch length floor: 0
# DE strategy        : 2
#    F               : 0.3
#    CR              : 0.8
#    tolerance       : 3e-06
# nthreads           : 32
# lgo input file     : adf2.lgo
# site pat input file: ../../chrX/boot_chrX/boot41.opf
# free parameters    : 15
# points in DE swarm : 45
# output state file  : b1boot41.state
# Including singleton site patterns.
# cost function      : KL
Initial parameter values
Fixed:
      zero = 0
       one = 1
    Tbecnw = 75200
Free:
       pc1 = 0
       pc2 = 0
       pc3 = 0
       pc4 = 0
       pc5 = 0
       pc6 = 0
       pc7 = 0
       pc8 = 0
       pc9 = 0
      pc10 = 0
      pc11 = 0
      pc12 = 0
      pc13 = 0
      pc14 = 0
      pc15 = 0
Constrained:
   Tgbecnw = 106518
     Tecnw = 24409.3
       Tnw = 21379.6
       Tec = 95.4925
     twoNb = 1.24596e+06
     twoNc = 480704
     twoNw = 6.49101e+06
    twoNec = 180840
    twoNnw = 13640.6
  twoNecnw = 66640.7
  twoNbecnw = 12337.3
  twoNgbecnw = 174877
         m = 0.169398
        m4 = 0.0213153
        m6 = 1.60871e-06
        Ta = 37600
        Td = 47.7462
        Tf = 23.8731
DiffEv reached_goal. cost=2.30915e-03 spread=2.88585e-06
Fitted parameter values
Free:
       pc1 = -3.93444
       pc2 = -1.99892
       pc3 = 0.440066
       pc4 = -1.13464
       pc5 = -1.51984
       pc6 = 0.102093
       pc7 = 0.329665
       pc8 = 1.86855
       pc9 = 0.205853
      pc10 = -0.661733
      pc11 = 0.238836
      pc12 = 0.286622
      pc13 = 0.14611
      pc14 = -0.0822114
      pc15 = -0.055498
Constrained:
   Tgbecnw = 84855.6
     Tecnw = 22917.2
       Tnw = 21355.2
       Tec = 53.8302
     twoNb = 1.68938e+06
     twoNc = 1.39231e+06
     twoNw = 6.20116e+06
    twoNec = 178657
    twoNnw = 6678.68
  twoNecnw = 65530.2
  twoNbecnw = 3997.5
  twoNgbecnw = 203902
         m = 0.150812
        m4 = 0.0222289
        m6 = 1.94517e-07
        Ta = 37600
        Td = 26.9151
        Tf = 13.4575
#       SitePat  BranchLen
              b 118460.5212385
              e 44592.8603713
              c 45733.9311046
              n 42946.3387819
              w 42946.3387576
            b:e 1238.7419824
            b:c 1520.4451273
            b:n 1048.8239768
            b:w 1048.8239757
            e:c 11382.2371473
            e:n 4352.5941162
            e:w 4352.5941105
            c:n 4197.4445362
            c:w 4197.4445606
            n:w 12249.0030076
          b:e:c 1321.9095186
          b:e:n 605.9040390
          b:e:w 605.9040378
          b:c:n 609.4510721
          b:c:w 609.4510732
          b:n:w 1304.0484835
          e:c:n 4125.7879756
          e:c:w 4125.7879813
          e:n:w 5548.3932767
          c:n:w 5060.6932847
        b:e:c:n 1160.5007907
        b:e:c:w 1160.5007919
        b:e:n:w 1996.6021174
        b:c:n:w 1364.7327984
        e:c:n:w 47486.0432608
