########################################
# legofit: estimate population history #
#       version 2.3.4-4-g53f8760       #
########################################

# Program was compiled: Sep 21 2021 14:36:42
# Program was run: Sun Oct 10 22:41:42 2021

# cmd: legofit -1 -d 0 -t 32 --ptsPerDim 3 --stateOut b1boot22.state --tol 3e-6 -S 5000 adf2.lgo ../../chrX/boot_chrX/boot22.opf
# Stage nOptItr nSimReps
#     0    5000        0
# algorithm          : deterministic
# ignoring probs <=  : 0
# Branch length floor: 0
# DE strategy        : 2
#    F               : 0.3
#    CR              : 0.8
#    tolerance       : 3e-06
# nthreads           : 32
# lgo input file     : adf2.lgo
# site pat input file: ../../chrX/boot_chrX/boot22.opf
# free parameters    : 15
# points in DE swarm : 45
# output state file  : b1boot22.state
# Including singleton site patterns.
# cost function      : KL
Initial parameter values
Fixed:
      zero = 0
       one = 1
    Tbecnw = 75200
Free:
       pc1 = 0
       pc2 = 0
       pc3 = 0
       pc4 = 0
       pc5 = 0
       pc6 = 0
       pc7 = 0
       pc8 = 0
       pc9 = 0
      pc10 = 0
      pc11 = 0
      pc12 = 0
      pc13 = 0
      pc14 = 0
      pc15 = 0
Constrained:
   Tgbecnw = 106518
     Tecnw = 24409.3
       Tnw = 21379.6
       Tec = 95.4925
     twoNb = 1.24596e+06
     twoNc = 480704
     twoNw = 6.49101e+06
    twoNec = 180840
    twoNnw = 13640.6
  twoNecnw = 66640.7
  twoNbecnw = 12337.3
  twoNgbecnw = 174877
         m = 0.169398
        m4 = 0.0213153
        m6 = 1.60871e-06
        Ta = 37600
        Td = 47.7462
        Tf = 23.8731
DiffEv reached_goal. cost=2.36261e-03 spread=2.87022e-06
Fitted parameter values
Free:
       pc1 = -3.99711
       pc2 = -1.93761
       pc3 = -0.547053
       pc4 = -1.72139
       pc5 = -0.891901
       pc6 = 0.5871
       pc7 = -0.874382
       pc8 = 0.624975
       pc9 = 0.937277
      pc10 = -0.275625
      pc11 = -0.389095
      pc12 = -0.214461
      pc13 = 0.18541
      pc14 = -0.059566
      pc15 = -0.0544952
Constrained:
   Tgbecnw = 85719.6
     Tecnw = 23010.4
       Tnw = 20809.2
       Tec = 206.254
     twoNb = 1.32154e+06
     twoNc = 1.3738e+06
     twoNw = 8.96795e+06
    twoNec = 167482
    twoNnw = 9473.17
  twoNecnw = 64341.3
  twoNbecnw = 4482.39
  twoNgbecnw = 187542
         m = 0.152918
        m4 = 0.0215616
        m6 = 1.92534e-07
        Ta = 37600
        Td = 103.127
        Tf = 51.5634
#       SitePat  BranchLen
              b 116736.0602629
              e 44181.1227866
              c 45244.6944903
              n 42827.5888072
              w 42827.5887909
            b:e 1209.9718390
            b:c 1492.8297033
            b:n 1040.0977447
            b:w 1040.0977439
            e:c 11601.7804398
            e:n 4312.8392421
            e:w 4312.8392383
            c:n 4161.2734586
            c:w 4161.2734749
            n:w 12258.9835169
          b:e:c 1307.6631799
          b:e:n 591.7538768
          b:e:w 591.7538761
          b:c:n 595.3620545
          b:c:w 595.3620552
          b:n:w 1291.5559063
          e:c:n 4184.7509246
          e:c:w 4184.7509284
          e:n:w 5511.3909598
          c:n:w 5032.6476104
        b:e:c:n 1145.3030739
        b:e:c:w 1145.3030746
        b:e:n:w 1899.4477829
        b:c:n:w 1327.6762642
        e:c:n:w 45829.5677055
