########################################
# legofit: estimate population history #
#       version 2.3.4-4-g53f8760       #
########################################

# Program was compiled: Sep 21 2021 14:36:42
# Program was run: Sun Oct 10 22:41:10 2021

# cmd: legofit -1 -d 0 -t 32 --ptsPerDim 3 --stateOut b1boot5.state --tol 3e-6 -S 5000 adf2.lgo ../../chrX/boot_chrX/boot5.opf
# Stage nOptItr nSimReps
#     0    5000        0
# algorithm          : deterministic
# ignoring probs <=  : 0
# Branch length floor: 0
# DE strategy        : 2
#    F               : 0.3
#    CR              : 0.8
#    tolerance       : 3e-06
# nthreads           : 32
# lgo input file     : adf2.lgo
# site pat input file: ../../chrX/boot_chrX/boot5.opf
# free parameters    : 15
# points in DE swarm : 45
# output state file  : b1boot5.state
# Including singleton site patterns.
# cost function      : KL
Initial parameter values
Fixed:
      zero = 0
       one = 1
    Tbecnw = 75200
Free:
       pc1 = 0
       pc2 = 0
       pc3 = 0
       pc4 = 0
       pc5 = 0
       pc6 = 0
       pc7 = 0
       pc8 = 0
       pc9 = 0
      pc10 = 0
      pc11 = 0
      pc12 = 0
      pc13 = 0
      pc14 = 0
      pc15 = 0
Constrained:
   Tgbecnw = 106518
     Tecnw = 24409.3
       Tnw = 21379.6
       Tec = 95.4925
     twoNb = 1.24596e+06
     twoNc = 480704
     twoNw = 6.49101e+06
    twoNec = 180840
    twoNnw = 13640.6
  twoNecnw = 66640.7
  twoNbecnw = 12337.3
  twoNgbecnw = 174877
         m = 0.169398
        m4 = 0.0213153
        m6 = 1.60871e-06
        Ta = 37600
        Td = 47.7462
        Tf = 23.8731
DiffEv reached_goal. cost=2.45847e-03 spread=2.88284e-06
Fitted parameter values
Free:
       pc1 = -3.88154
       pc2 = -1.81998
       pc3 = -0.334231
       pc4 = -0.776104
       pc5 = -1.52151
       pc6 = 0.432779
       pc7 = 0.800651
       pc8 = 0.920045
       pc9 = 0.627861
      pc10 = 0.560987
      pc11 = -0.390732
      pc12 = -0.53105
      pc13 = 0.139825
      pc14 = 0.0269127
      pc15 = -0.015918
Constrained:
   Tgbecnw = 89953.7
     Tecnw = 23056.7
       Tnw = 20863.1
       Tec = 38.2172
     twoNb = 1.91236e+06
     twoNc = 1.04703e+06
     twoNw = 6.90512e+06
    twoNec = 167921
    twoNnw = 9893.27
  twoNecnw = 64405.7
  twoNbecnw = 6034.85
  twoNgbecnw = 193119
         m = 0.139148
        m4 = 0.0218425
        m6 = 4.37462e-07
        Ta = 37600
        Td = 19.1086
        Tf = 9.55429
#       SitePat  BranchLen
              b 115988.4050945
              e 44213.5150949
              c 45308.7518773
              n 43168.2930408
              w 43168.2929920
            b:e 1194.9095261
            b:c 1444.6542552
            b:n 1044.9854280
            b:w 1044.9854258
            e:c 11642.9034887
            e:n 4377.6401445
            e:w 4377.6401331
            c:n 4221.8839262
            c:w 4221.8839750
            n:w 12089.6283313
          b:e:c 1284.4794259
          b:e:n 592.6652899
          b:e:w 592.6652876
          b:c:n 595.6670367
          b:c:w 595.6670389
          b:n:w 1271.0412402
          e:c:n 4256.5259606
          e:c:w 4256.5259720
          e:n:w 5477.2625837
          c:n:w 5010.7793905
        b:e:c:n 1145.4024189
        b:e:c:w 1145.4024212
        b:e:n:w 1878.7528104
        b:c:n:w 1305.7629559
        e:c:n:w 44689.1555121
