########################################
# legofit: estimate population history #
#       version 2.3.4-4-g53f8760       #
########################################

# Program was compiled: Sep 21 2021 14:36:42
# Program was run: Sun Oct 10 22:41:20 2021

# cmd: legofit -1 -d 0 -t 32 --ptsPerDim 3 --stateOut b1boot8.state --tol 3e-6 -S 5000 adf2.lgo ../../chrX/boot_chrX/boot8.opf
# Stage nOptItr nSimReps
#     0    5000        0
# algorithm          : deterministic
# ignoring probs <=  : 0
# Branch length floor: 0
# DE strategy        : 2
#    F               : 0.3
#    CR              : 0.8
#    tolerance       : 3e-06
# nthreads           : 32
# lgo input file     : adf2.lgo
# site pat input file: ../../chrX/boot_chrX/boot8.opf
# free parameters    : 15
# points in DE swarm : 45
# output state file  : b1boot8.state
# Including singleton site patterns.
# cost function      : KL
Initial parameter values
Fixed:
      zero = 0
       one = 1
    Tbecnw = 75200
Free:
       pc1 = 0
       pc2 = 0
       pc3 = 0
       pc4 = 0
       pc5 = 0
       pc6 = 0
       pc7 = 0
       pc8 = 0
       pc9 = 0
      pc10 = 0
      pc11 = 0
      pc12 = 0
      pc13 = 0
      pc14 = 0
      pc15 = 0
Constrained:
   Tgbecnw = 106518
     Tecnw = 24409.3
       Tnw = 21379.6
       Tec = 95.4925
     twoNb = 1.24596e+06
     twoNc = 480704
     twoNw = 6.49101e+06
    twoNec = 180840
    twoNnw = 13640.6
  twoNecnw = 66640.7
  twoNbecnw = 12337.3
  twoNgbecnw = 174877
         m = 0.169398
        m4 = 0.0213153
        m6 = 1.60871e-06
        Ta = 37600
        Td = 47.7462
        Tf = 23.8731
DiffEv reached_goal. cost=2.36340e-03 spread=2.79839e-06
Fitted parameter values
Free:
       pc1 = -3.94291
       pc2 = -1.99502
       pc3 = -1.80597
       pc4 = -1.15965
       pc5 = -1.15905
       pc6 = -0.866855
       pc7 = 1.89503
       pc8 = 1.84802
       pc9 = 1.32714
      pc10 = -0.00363869
      pc11 = 0.545187
      pc12 = -0.000192352
      pc13 = 0.100945
      pc14 = 0.0700586
      pc15 = -0.0993719
Constrained:
   Tgbecnw = 91112.3
     Tecnw = 23166.4
       Tnw = 20433.2
       Tec = 215.567
     twoNb = 2.36333e+06
     twoNc = 2.35247e+06
     twoNw = 5.97062e+06
    twoNec = 170843
    twoNnw = 12092.9
  twoNecnw = 65916.5
  twoNbecnw = 6478.04
  twoNgbecnw = 205860
         m = 0.142288
        m4 = 0.023022
        m6 = 1.35873e-06
        Ta = 37600
        Td = 107.783
        Tf = 53.8916
#       SitePat  BranchLen
              b 119114.2034493
              e 44859.1049810
              c 46065.0373921
              n 43491.7412257
              w 43491.7410519
            b:e 1291.4327819
            b:c 1561.0540405
            b:n 1117.0564102
            b:w 1117.0564021
            e:c 11722.1052104
            e:n 4440.4026268
            e:w 4440.4025863
            c:n 4276.8583215
            c:w 4276.8584953
            n:w 12424.5910841
          b:e:c 1385.3256766
          b:e:n 637.7079029
          b:e:w 637.7078943
          b:c:n 640.7298459
          b:c:w 640.7298541
          b:n:w 1369.9892918
          e:c:n 4290.1369337
          e:c:w 4290.1369741
          e:n:w 5618.6504990
          c:n:w 5118.5591206
        b:e:c:n 1228.2871981
        b:e:c:w 1228.2872067
        b:e:n:w 2069.3962681
        b:c:n:w 1414.9780115
        e:c:n:w 47314.8579530
