########################################
# legofit: estimate population history #
#       version 2.3.4-4-g53f8760       #
########################################

# Program was compiled: Sep 21 2021 14:36:42
# Program was run: Sun Oct 10 22:41:51 2021

# cmd: legofit -1 -d 0 -t 32 --ptsPerDim 3 --stateOut b1boot25.state --tol 3e-6 -S 5000 adf2.lgo ../../chrX/boot_chrX/boot25.opf
# Stage nOptItr nSimReps
#     0    5000        0
# algorithm          : deterministic
# ignoring probs <=  : 0
# Branch length floor: 0
# DE strategy        : 2
#    F               : 0.3
#    CR              : 0.8
#    tolerance       : 3e-06
# nthreads           : 32
# lgo input file     : adf2.lgo
# site pat input file: ../../chrX/boot_chrX/boot25.opf
# free parameters    : 15
# points in DE swarm : 45
# output state file  : b1boot25.state
# Including singleton site patterns.
# cost function      : KL
Initial parameter values
Fixed:
      zero = 0
       one = 1
    Tbecnw = 75200
Free:
       pc1 = 0
       pc2 = 0
       pc3 = 0
       pc4 = 0
       pc5 = 0
       pc6 = 0
       pc7 = 0
       pc8 = 0
       pc9 = 0
      pc10 = 0
      pc11 = 0
      pc12 = 0
      pc13 = 0
      pc14 = 0
      pc15 = 0
Constrained:
   Tgbecnw = 106518
     Tecnw = 24409.3
       Tnw = 21379.6
       Tec = 95.4925
     twoNb = 1.24596e+06
     twoNc = 480704
     twoNw = 6.49101e+06
    twoNec = 180840
    twoNnw = 13640.6
  twoNecnw = 66640.7
  twoNbecnw = 12337.3
  twoNgbecnw = 174877
         m = 0.169398
        m4 = 0.0213153
        m6 = 1.60871e-06
        Ta = 37600
        Td = 47.7462
        Tf = 23.8731
DiffEv reached_goal. cost=2.36725e-03 spread=2.80694e-06
Fitted parameter values
Free:
       pc1 = -3.99931
       pc2 = -1.95229
       pc3 = -0.342735
       pc4 = -1.77884
       pc5 = -1.66649
       pc6 = 0.076034
       pc7 = 1.57111
       pc8 = 1.54473
       pc9 = 0.700342
      pc10 = 0.404819
      pc11 = 0.24704
      pc12 = -0.0645286
      pc13 = 0.0294676
      pc14 = -0.0586313
      pc15 = -0.0783828
Constrained:
   Tgbecnw = 87238.2
     Tecnw = 22962
       Tnw = 20598.9
       Tec = 5.35095
     twoNb = 2.18246e+06
     twoNc = 1.79745e+06
     twoNw = 7.65724e+06
    twoNec = 171589
    twoNnw = 10066.3
  twoNecnw = 65677.6
  twoNbecnw = 4948.76
  twoNgbecnw = 199037
         m = 0.151653
        m4 = 0.0218966
        m6 = 9.7828e-07
        Ta = 37600
        Td = 2.67547
        Tf = 1.33774
#       SitePat  BranchLen
              b 118452.2802598
              e 44511.1001164
              c 45644.2909573
              n 42968.7048611
              w 42968.7047643
            b:e 1222.6071580
            b:c 1486.5867335
            b:n 1043.1897068
            b:w 1043.1897025
            e:c 11619.4951120
            e:n 4339.0297450
            e:w 4339.0297226
            c:n 4185.8837966
            c:w 4185.8838935
            n:w 12422.7281586
          b:e:c 1316.5790800
          b:e:n 596.3954258
          b:e:w 596.3954212
          b:c:n 599.3215185
          b:c:w 599.3215228
          b:n:w 1300.7150561
          e:c:n 4164.0430578
          e:c:w 4164.0430801
          e:n:w 5533.6410024
          c:n:w 5056.3512148
        b:e:c:n 1149.9348038
        b:e:c:w 1149.9348084
        b:e:n:w 1961.7317267
        b:c:n:w 1342.2901862
        e:c:n:w 47196.5133449
