########################################
# legofit: estimate population history #
#       version 2.3.4-4-g53f8760       #
########################################

# Program was compiled: Sep 21 2021 14:36:42
# Program was run: Sun Oct 10 22:41:58 2021

# cmd: legofit -1 -d 0 -t 32 --ptsPerDim 3 --stateOut b1boot30.state --tol 3e-6 -S 5000 adf2.lgo ../../chrX/boot_chrX/boot30.opf
# Stage nOptItr nSimReps
#     0    5000        0
# algorithm          : deterministic
# ignoring probs <=  : 0
# Branch length floor: 0
# DE strategy        : 2
#    F               : 0.3
#    CR              : 0.8
#    tolerance       : 3e-06
# nthreads           : 32
# lgo input file     : adf2.lgo
# site pat input file: ../../chrX/boot_chrX/boot30.opf
# free parameters    : 15
# points in DE swarm : 45
# output state file  : b1boot30.state
# Including singleton site patterns.
# cost function      : KL
Initial parameter values
Fixed:
      zero = 0
       one = 1
    Tbecnw = 75200
Free:
       pc1 = 0
       pc2 = 0
       pc3 = 0
       pc4 = 0
       pc5 = 0
       pc6 = 0
       pc7 = 0
       pc8 = 0
       pc9 = 0
      pc10 = 0
      pc11 = 0
      pc12 = 0
      pc13 = 0
      pc14 = 0
      pc15 = 0
Constrained:
   Tgbecnw = 106518
     Tecnw = 24409.3
       Tnw = 21379.6
       Tec = 95.4925
     twoNb = 1.24596e+06
     twoNc = 480704
     twoNw = 6.49101e+06
    twoNec = 180840
    twoNnw = 13640.6
  twoNecnw = 66640.7
  twoNbecnw = 12337.3
  twoNgbecnw = 174877
         m = 0.169398
        m4 = 0.0213153
        m6 = 1.60871e-06
        Ta = 37600
        Td = 47.7462
        Tf = 23.8731
DiffEv reached_goal. cost=2.44609e-03 spread=2.72148e-06
Fitted parameter values
Free:
       pc1 = -3.99753
       pc2 = -1.65975
       pc3 = 0.314678
       pc4 = -1.57148
       pc5 = -1.47669
       pc6 = 0.326534
       pc7 = 1.8356
       pc8 = 0.825723
       pc9 = 1.33565
      pc10 = -0.275605
      pc11 = -0.302588
      pc12 = -0.0615575
      pc13 = 0.0135587
      pc14 = -0.0718681
      pc15 = -0.0317597
Constrained:
   Tgbecnw = 86755
     Tecnw = 23243.9
       Tnw = 21200.3
       Tec = 39.7783
     twoNb = 2.17294e+06
     twoNc = 1.67709e+06
     twoNw = 6.85583e+06
    twoNec = 172921
    twoNnw = 8986.36
  twoNecnw = 62687
  twoNbecnw = 4760.98
  twoNgbecnw = 196310
         m = 0.150917
        m4 = 0.0206773
        m6 = 8.95193e-07
        Ta = 37600
        Td = 19.8892
        Tf = 9.94458
#       SitePat  BranchLen
              b 117878.6518628
              e 44025.9840054
              c 45097.5420056
              n 42815.1543995
              w 42815.1542990
            b:e 1167.0289111
            b:c 1415.4469026
            b:n 1007.7805185
            b:w 1007.7805141
            e:c 11430.5182169
            e:n 4294.9396351
            e:w 4294.9396117
            c:n 4149.7084512
            c:w 4149.7085517
            n:w 11968.0706254
          b:e:c 1250.3151366
          b:e:n 573.7324070
          b:e:w 573.7324024
          b:c:n 576.5008097
          b:c:w 576.5008141
          b:n:w 1236.6474921
          e:c:n 4179.2927048
          e:c:w 4179.2927282
          e:n:w 5455.4861925
          c:n:w 4997.8010861
        b:e:c:n 1104.4978023
        b:e:c:w 1104.4978069
        b:e:n:w 1852.0113553
        b:c:n:w 1274.6454367
        e:c:n:w 47113.5017188
