########################################
# legofit: estimate population history #
#       version 2.3.4-4-g53f8760       #
########################################

# Program was compiled: Sep 21 2021 14:36:42
# Program was run: Sun Oct 10 22:42:12 2021

# cmd: legofit -1 -d 0 -t 32 --ptsPerDim 3 --stateOut b1boot37.state --tol 3e-6 -S 5000 adf2.lgo ../../chrX/boot_chrX/boot37.opf
# Stage nOptItr nSimReps
#     0    5000        0
# algorithm          : deterministic
# ignoring probs <=  : 0
# Branch length floor: 0
# DE strategy        : 2
#    F               : 0.3
#    CR              : 0.8
#    tolerance       : 3e-06
# nthreads           : 32
# lgo input file     : adf2.lgo
# site pat input file: ../../chrX/boot_chrX/boot37.opf
# free parameters    : 15
# points in DE swarm : 45
# output state file  : b1boot37.state
# Including singleton site patterns.
# cost function      : KL
Initial parameter values
Fixed:
      zero = 0
       one = 1
    Tbecnw = 75200
Free:
       pc1 = 0
       pc2 = 0
       pc3 = 0
       pc4 = 0
       pc5 = 0
       pc6 = 0
       pc7 = 0
       pc8 = 0
       pc9 = 0
      pc10 = 0
      pc11 = 0
      pc12 = 0
      pc13 = 0
      pc14 = 0
      pc15 = 0
Constrained:
   Tgbecnw = 106518
     Tecnw = 24409.3
       Tnw = 21379.6
       Tec = 95.4925
     twoNb = 1.24596e+06
     twoNc = 480704
     twoNw = 6.49101e+06
    twoNec = 180840
    twoNnw = 13640.6
  twoNecnw = 66640.7
  twoNbecnw = 12337.3
  twoNgbecnw = 174877
         m = 0.169398
        m4 = 0.0213153
        m6 = 1.60871e-06
        Ta = 37600
        Td = 47.7462
        Tf = 23.8731
DiffEv reached_goal. cost=2.26848e-03 spread=2.88946e-06
Fitted parameter values
Free:
       pc1 = -3.97667
       pc2 = -1.97473
       pc3 = 0.725762
       pc4 = -0.465571
       pc5 = -1.5378
       pc6 = 0.391906
       pc7 = 1.5386
       pc8 = 0.430167
       pc9 = 0.161434
      pc10 = -0.527007
      pc11 = 0.0915071
      pc12 = -0.0693819
      pc13 = 0.133204
      pc14 = -0.00220463
      pc15 = 0.000267209
Constrained:
   Tgbecnw = 87881
     Tecnw = 23114
       Tnw = 21777.1
       Tec = 36.4565
     twoNb = 2.02781e+06
     twoNc = 752935
     twoNw = 6.85353e+06
    twoNec = 177049
    twoNnw = 6127.81
  twoNecnw = 63580.3
  twoNbecnw = 5191.83
  twoNgbecnw = 207041
         m = 0.136923
        m4 = 0.021005
        m6 = 1.63284e-06
        Ta = 37600
        Td = 18.2282
        Tf = 9.11412
#       SitePat  BranchLen
              b 117382.8266478
              e 44282.5643102
              c 45365.0532415
              n 43195.8434457
              w 43195.8432564
            b:e 1237.1971053
            b:c 1482.0528474
            b:n 1076.7644486
            b:w 1076.7644398
            e:c 11389.3355489
            e:n 4408.7057768
            e:w 4408.7057319
            c:n 4258.9997483
            c:w 4258.9999377
            n:w 11838.6073632
          b:e:c 1312.7659377
          b:e:n 617.2964776
          b:e:w 617.2964683
          b:c:n 620.5184262
          b:c:w 620.5184349
          b:n:w 1298.1921341
          e:c:n 4262.5899798
          e:c:w 4262.5900247
          e:n:w 5505.0018768
          c:n:w 5049.7450584
        b:e:c:n 1182.9580025
        b:e:c:w 1182.9580118
        b:e:n:w 1933.8628483
        b:c:n:w 1354.7425142
        e:c:n:w 46392.8870306
