########################################
# legofit: estimate population history #
#       version 2.3.4-4-g53f8760       #
########################################

# Program was compiled: Sep 21 2021 14:36:42
# Program was run: Sun Oct 10 22:41:40 2021

# cmd: legofit -1 -d 0 -t 32 --ptsPerDim 3 --stateOut b1boot20.state --tol 3e-6 -S 5000 adf2.lgo ../../chrX/boot_chrX/boot20.opf
# Stage nOptItr nSimReps
#     0    5000        0
# algorithm          : deterministic
# ignoring probs <=  : 0
# Branch length floor: 0
# DE strategy        : 2
#    F               : 0.3
#    CR              : 0.8
#    tolerance       : 3e-06
# nthreads           : 32
# lgo input file     : adf2.lgo
# site pat input file: ../../chrX/boot_chrX/boot20.opf
# free parameters    : 15
# points in DE swarm : 45
# output state file  : b1boot20.state
# Including singleton site patterns.
# cost function      : KL
Initial parameter values
Fixed:
      zero = 0
       one = 1
    Tbecnw = 75200
Free:
       pc1 = 0
       pc2 = 0
       pc3 = 0
       pc4 = 0
       pc5 = 0
       pc6 = 0
       pc7 = 0
       pc8 = 0
       pc9 = 0
      pc10 = 0
      pc11 = 0
      pc12 = 0
      pc13 = 0
      pc14 = 0
      pc15 = 0
Constrained:
   Tgbecnw = 106518
     Tecnw = 24409.3
       Tnw = 21379.6
       Tec = 95.4925
     twoNb = 1.24596e+06
     twoNc = 480704
     twoNw = 6.49101e+06
    twoNec = 180840
    twoNnw = 13640.6
  twoNecnw = 66640.7
  twoNbecnw = 12337.3
  twoNgbecnw = 174877
         m = 0.169398
        m4 = 0.0213153
        m6 = 1.60871e-06
        Ta = 37600
        Td = 47.7462
        Tf = 23.8731
DiffEv reached_goal. cost=2.39725e-03 spread=2.92789e-06
Fitted parameter values
Free:
       pc1 = -3.96798
       pc2 = -1.89496
       pc3 = 0.77102
       pc4 = -1.03425
       pc5 = -1.70604
       pc6 = 0.210358
       pc7 = 0.492426
       pc8 = 1.2591
       pc9 = 0.267356
      pc10 = -0.444652
      pc11 = 0.331503
      pc12 = -0.165834
      pc13 = 0.0512527
      pc14 = -0.0412789
      pc15 = -0.0435563
Constrained:
   Tgbecnw = 86706.1
     Tecnw = 22852.1
       Tnw = 21265.2
       Tec = 19.3994
     twoNb = 1.7406e+06
     twoNc = 1.16899e+06
     twoNw = 7.39177e+06
    twoNec = 178199
    twoNnw = 6861.04
  twoNecnw = 64744.7
  twoNbecnw = 4699.62
  twoNgbecnw = 203634
         m = 0.143091
        m4 = 0.021501
        m6 = 1.97503e-07
        Ta = 37600
        Td = 9.69969
        Tf = 4.84985
#       SitePat  BranchLen
              b 117390.6338268
              e 44376.3582491
              c 45473.4675473
              n 42814.6107367
              w 42814.6107161
            b:e 1216.3945931
            b:c 1476.4792960
            b:n 1034.4117211
            b:w 1034.4117201
            e:c 11368.1128688
            e:n 4360.7716669
            e:w 4360.7716621
            c:n 4209.4893375
            c:w 4209.4893581
            n:w 12167.3904824
          b:e:c 1294.1116126
          b:e:n 595.9902575
          b:e:w 595.9902565
          b:c:n 599.2941049
          b:c:w 599.2941058
          b:n:w 1277.6605798
          e:c:n 4155.3769285
          e:c:w 4155.3769334
          e:n:w 5536.1404149
          c:n:w 5069.1291567
        b:e:c:n 1139.8230794
        b:e:c:w 1139.8230804
        b:e:n:w 1929.1793739
        b:c:n:w 1334.9531369
        e:c:n:w 46434.2301987
