########################################
# legofit: estimate population history #
#       version 2.3.4-4-g53f8760       #
########################################

# Program was compiled: Sep 21 2021 14:36:42
# Program was run: Sun Oct 10 22:41:23 2021

# cmd: legofit -1 -d 0 -t 32 --ptsPerDim 3 --stateOut b1boot11.state --tol 3e-6 -S 5000 adf2.lgo ../../chrX/boot_chrX/boot11.opf
# Stage nOptItr nSimReps
#     0    5000        0
# algorithm          : deterministic
# ignoring probs <=  : 0
# Branch length floor: 0
# DE strategy        : 2
#    F               : 0.3
#    CR              : 0.8
#    tolerance       : 3e-06
# nthreads           : 32
# lgo input file     : adf2.lgo
# site pat input file: ../../chrX/boot_chrX/boot11.opf
# free parameters    : 15
# points in DE swarm : 45
# output state file  : b1boot11.state
# Including singleton site patterns.
# cost function      : KL
Initial parameter values
Fixed:
      zero = 0
       one = 1
    Tbecnw = 75200
Free:
       pc1 = 0
       pc2 = 0
       pc3 = 0
       pc4 = 0
       pc5 = 0
       pc6 = 0
       pc7 = 0
       pc8 = 0
       pc9 = 0
      pc10 = 0
      pc11 = 0
      pc12 = 0
      pc13 = 0
      pc14 = 0
      pc15 = 0
Constrained:
   Tgbecnw = 106518
     Tecnw = 24409.3
       Tnw = 21379.6
       Tec = 95.4925
     twoNb = 1.24596e+06
     twoNc = 480704
     twoNw = 6.49101e+06
    twoNec = 180840
    twoNnw = 13640.6
  twoNecnw = 66640.7
  twoNbecnw = 12337.3
  twoNgbecnw = 174877
         m = 0.169398
        m4 = 0.0213153
        m6 = 1.60871e-06
        Ta = 37600
        Td = 47.7462
        Tf = 23.8731
DiffEv reached_goal. cost=2.41385e-03 spread=2.90599e-06
Fitted parameter values
Free:
       pc1 = -3.88297
       pc2 = -1.98684
       pc3 = -0.964752
       pc4 = -1.76816
       pc5 = -1.0538
       pc6 = 1.46178
       pc7 = 0.7692
       pc8 = 0.151403
       pc9 = 1.70312
      pc10 = 0.254193
      pc11 = 0.327728
      pc12 = -0.208802
      pc13 = 0.0368903
      pc14 = -0.0675946
      pc15 = -0.084775
Constrained:
   Tgbecnw = 87300
     Tecnw = 23067.9
       Tnw = 20216.4
       Tec = 231.731
     twoNb = 1.98077e+06
     twoNc = 1.29729e+06
     twoNw = 8.50665e+06
    twoNec = 164290
    twoNnw = 12095.2
  twoNecnw = 65485.3
  twoNbecnw = 5098
  twoNgbecnw = 190375
         m = 0.159128
        m4 = 0.0200889
        m6 = 7.34706e-07
        Ta = 37600
        Td = 115.865
        Tf = 57.9327
#       SitePat  BranchLen
              b 118742.3132283
              e 44422.4066048
              c 45454.3322304
              n 42998.4848976
              w 42998.4848332
            b:e 1231.1518749
            b:c 1484.6101421
            b:n 1057.8017166
            b:w 1057.8017138
            e:c 11819.0902596
            e:n 4314.8832351
            e:w 4314.8832203
            c:n 4174.2886297
            c:w 4174.2886941
            n:w 12526.8815395
          b:e:c 1338.3697453
          b:e:n 599.0482141
          b:e:w 599.0482111
          b:c:n 601.7382783
          b:c:w 601.7382812
          b:n:w 1323.3710329
          e:c:n 4209.5010127
          e:c:w 4209.5010275
          e:n:w 5512.9686265
          c:n:w 5066.2260454
        b:e:c:n 1164.2054717
        b:e:c:w 1164.2054748
        b:e:n:w 1912.6970917
        b:c:n:w 1349.8642783
        e:c:n:w 47416.0051840
