########################################
# legofit: estimate population history #
#       version 2.3.4-4-g53f8760       #
########################################

# Program was compiled: Sep 21 2021 14:36:42
# Program was run: Sun Oct 10 22:42:25 2021

# cmd: legofit -1 -d 0 -t 32 --ptsPerDim 3 --stateOut b1boot46.state --tol 3e-6 -S 5000 adf2.lgo ../../chrX/boot_chrX/boot46.opf
# Stage nOptItr nSimReps
#     0    5000        0
# algorithm          : deterministic
# ignoring probs <=  : 0
# Branch length floor: 0
# DE strategy        : 2
#    F               : 0.3
#    CR              : 0.8
#    tolerance       : 3e-06
# nthreads           : 32
# lgo input file     : adf2.lgo
# site pat input file: ../../chrX/boot_chrX/boot46.opf
# free parameters    : 15
# points in DE swarm : 45
# output state file  : b1boot46.state
# Including singleton site patterns.
# cost function      : KL
Initial parameter values
Fixed:
      zero = 0
       one = 1
    Tbecnw = 75200
Free:
       pc1 = 0
       pc2 = 0
       pc3 = 0
       pc4 = 0
       pc5 = 0
       pc6 = 0
       pc7 = 0
       pc8 = 0
       pc9 = 0
      pc10 = 0
      pc11 = 0
      pc12 = 0
      pc13 = 0
      pc14 = 0
      pc15 = 0
Constrained:
   Tgbecnw = 106518
     Tecnw = 24409.3
       Tnw = 21379.6
       Tec = 95.4925
     twoNb = 1.24596e+06
     twoNc = 480704
     twoNw = 6.49101e+06
    twoNec = 180840
    twoNnw = 13640.6
  twoNecnw = 66640.7
  twoNbecnw = 12337.3
  twoNgbecnw = 174877
         m = 0.169398
        m4 = 0.0213153
        m6 = 1.60871e-06
        Ta = 37600
        Td = 47.7462
        Tf = 23.8731
DiffEv reached_goal. cost=2.34295e-03 spread=2.88393e-06
Fitted parameter values
Free:
       pc1 = -3.92267
       pc2 = -1.94173
       pc3 = 0.224122
       pc4 = -1.23755
       pc5 = -1.39465
       pc6 = 1.42829
       pc7 = 1.16377
       pc8 = 0.461941
       pc9 = -0.162915
      pc10 = -0.0200046
      pc11 = 0.0112022
      pc12 = -0.190656
      pc13 = 0.185964
      pc14 = -0.107721
      pc15 = 0.0166639
Constrained:
   Tgbecnw = 85414
     Tecnw = 22934.8
       Tnw = 21013.3
       Tec = 27.1518
     twoNb = 1.94622e+06
     twoNc = 503198
     twoNw = 7.79909e+06
    twoNec = 172276
    twoNnw = 8710.6
  twoNecnw = 65014.5
  twoNbecnw = 4300.85
  twoNgbecnw = 191397
         m = 0.153129
        m4 = 0.0208947
        m6 = 1.96081e-06
        Ta = 37600
        Td = 13.5759
        Tf = 6.78796
#       SitePat  BranchLen
              b 117111.4339979
              e 44265.6754352
              c 45324.0143361
              n 43124.9647796
              w 43124.9645853
            b:e 1201.6504003
            b:c 1455.9514176
            b:n 1046.1499964
            b:w 1046.1499877
            e:c 11478.6588745
            e:n 4376.2118224
            e:w 4376.2117771
            c:n 4228.2814621
            c:w 4228.2816564
            n:w 11990.0376202
          b:e:c 1285.3239654
          b:e:n 598.5604066
          b:e:w 598.5603974
          b:c:n 601.6176118
          b:c:w 601.6176205
          b:n:w 1270.8510707
          e:c:n 4205.3446140
          e:c:w 4205.3446593
          e:n:w 5435.5470646
          c:n:w 4982.6068841
        b:e:c:n 1153.6749086
        b:e:c:w 1153.6749179
        b:e:n:w 1890.5451677
        b:c:n:w 1320.5910020
        e:c:n:w 46111.3689381
