########################################
# legofit: estimate population history #
#       version 2.3.4-4-g53f8760       #
########################################

# Program was compiled: Sep 21 2021 14:36:42
# Program was run: Sun Oct 10 22:41:20 2021

# cmd: legofit -1 -d 0 -t 32 --ptsPerDim 3 --stateOut b1boot9.state --tol 3e-6 -S 5000 adf2.lgo ../../chrX/boot_chrX/boot9.opf
# Stage nOptItr nSimReps
#     0    5000        0
# algorithm          : deterministic
# ignoring probs <=  : 0
# Branch length floor: 0
# DE strategy        : 2
#    F               : 0.3
#    CR              : 0.8
#    tolerance       : 3e-06
# nthreads           : 32
# lgo input file     : adf2.lgo
# site pat input file: ../../chrX/boot_chrX/boot9.opf
# free parameters    : 15
# points in DE swarm : 45
# output state file  : b1boot9.state
# Including singleton site patterns.
# cost function      : KL
Initial parameter values
Fixed:
      zero = 0
       one = 1
    Tbecnw = 75200
Free:
       pc1 = 0
       pc2 = 0
       pc3 = 0
       pc4 = 0
       pc5 = 0
       pc6 = 0
       pc7 = 0
       pc8 = 0
       pc9 = 0
      pc10 = 0
      pc11 = 0
      pc12 = 0
      pc13 = 0
      pc14 = 0
      pc15 = 0
Constrained:
   Tgbecnw = 106518
     Tecnw = 24409.3
       Tnw = 21379.6
       Tec = 95.4925
     twoNb = 1.24596e+06
     twoNc = 480704
     twoNw = 6.49101e+06
    twoNec = 180840
    twoNnw = 13640.6
  twoNecnw = 66640.7
  twoNbecnw = 12337.3
  twoNgbecnw = 174877
         m = 0.169398
        m4 = 0.0213153
        m6 = 1.60871e-06
        Ta = 37600
        Td = 47.7462
        Tf = 23.8731
DiffEv reached_goal. cost=2.40414e-03 spread=2.57745e-06
Fitted parameter values
Free:
       pc1 = -3.93807
       pc2 = -1.92538
       pc3 = 0.111782
       pc4 = -1.89512
       pc5 = -1.22436
       pc6 = 1.59059
       pc7 = 1.72025
       pc8 = 0.781461
       pc9 = 1.71417
      pc10 = -0.132027
      pc11 = -0.310566
      pc12 = 0.100797
      pc13 = 0.3241
      pc14 = -0.146741
      pc15 = -0.0151082
Constrained:
   Tgbecnw = 83290.6
     Tecnw = 23216.1
       Tnw = 21025
       Tec = 93.6888
     twoNb = 2.18267e+06
     twoNc = 1.45165e+06
     twoNw = 5.80573e+06
    twoNec = 168624
    twoNnw = 9672.97
  twoNecnw = 64163.4
  twoNbecnw = 3482.57
  twoNgbecnw = 185019
         m = 0.162449
        m4 = 0.0197835
        m6 = 7.69512e-07
        Ta = 37600
        Td = 46.8444
        Tf = 23.4222
#       SitePat  BranchLen
              b 117174.8577489
              e 44140.6910144
              c 45140.8315983
              n 43022.6110927
              w 43022.6109909
            b:e 1180.6456979
            b:c 1425.0915377
            b:n 1025.5682546
            b:w 1025.5682501
            e:c 11548.4323363
            e:n 4281.2878747
            e:w 4281.2878513
            c:n 4143.3975200
            c:w 4143.3976218
            n:w 12023.4427428
          b:e:c 1276.0317566
          b:e:n 582.9257069
          b:e:w 582.9257021
          b:c:n 585.7255149
          b:c:w 585.7255193
          b:n:w 1261.8669361
          e:c:n 4158.5659674
          e:c:w 4158.5659909
          e:n:w 5372.6018144
          c:n:w 4939.5258375
        b:e:c:n 1131.1906058
        b:e:c:w 1131.1906106
        b:e:n:w 1838.9630624
        b:c:n:w 1297.6330616
        e:c:n:w 46440.6044870
