########################################
# legofit: estimate population history #
#       version 2.3.4-4-g53f8760       #
########################################

# Program was compiled: Sep 21 2021 14:36:42
# Program was run: Sun Oct 10 22:42:22 2021

# cmd: legofit -1 -d 0 -t 32 --ptsPerDim 3 --stateOut b1boot44.state --tol 3e-6 -S 5000 adf2.lgo ../../chrX/boot_chrX/boot44.opf
# Stage nOptItr nSimReps
#     0    5000        0
# algorithm          : deterministic
# ignoring probs <=  : 0
# Branch length floor: 0
# DE strategy        : 2
#    F               : 0.3
#    CR              : 0.8
#    tolerance       : 3e-06
# nthreads           : 32
# lgo input file     : adf2.lgo
# site pat input file: ../../chrX/boot_chrX/boot44.opf
# free parameters    : 15
# points in DE swarm : 45
# output state file  : b1boot44.state
# Including singleton site patterns.
# cost function      : KL
Initial parameter values
Fixed:
      zero = 0
       one = 1
    Tbecnw = 75200
Free:
       pc1 = 0
       pc2 = 0
       pc3 = 0
       pc4 = 0
       pc5 = 0
       pc6 = 0
       pc7 = 0
       pc8 = 0
       pc9 = 0
      pc10 = 0
      pc11 = 0
      pc12 = 0
      pc13 = 0
      pc14 = 0
      pc15 = 0
Constrained:
   Tgbecnw = 106518
     Tecnw = 24409.3
       Tnw = 21379.6
       Tec = 95.4925
     twoNb = 1.24596e+06
     twoNc = 480704
     twoNw = 6.49101e+06
    twoNec = 180840
    twoNnw = 13640.6
  twoNecnw = 66640.7
  twoNbecnw = 12337.3
  twoNgbecnw = 174877
         m = 0.169398
        m4 = 0.0213153
        m6 = 1.60871e-06
        Ta = 37600
        Td = 47.7462
        Tf = 23.8731
DiffEv reached_goal. cost=2.35107e-03 spread=2.97388e-06
Fitted parameter values
Free:
       pc1 = -3.97177
       pc2 = -1.89776
       pc3 = 0.0707324
       pc4 = -0.0458008
       pc5 = -1.72176
       pc6 = 0.371135
       pc7 = 1.77454
       pc8 = 1.83093
       pc9 = 0.123509
      pc10 = -0.432816
      pc11 = -0.681889
      pc12 = -0.0584715
      pc13 = -0.000810306
      pc14 = -0.0271072
      pc15 = -0.0342578
Constrained:
   Tgbecnw = 87714.1
     Tecnw = 23069.5
       Tnw = 21624.5
       Tec = 11.1009
     twoNb = 2.18679e+06
     twoNc = 868087
     twoNw = 3.06219e+06
    twoNec = 175322
    twoNnw = 6291.82
  twoNecnw = 63214.4
  twoNbecnw = 5170.94
  twoNgbecnw = 200203
         m = 0.144232
        m4 = 0.0226651
        m6 = 7.79732e-07
        Ta = 37600
        Td = 5.55043
        Tf = 2.77521
#       SitePat  BranchLen
              b 117745.8068092
              e 44184.2742737
              c 45358.4411479
              n 42837.0520198
              w 42837.0518211
            b:e 1219.7285203
            b:c 1487.4398381
            b:n 1045.0023297
            b:w 1045.0023207
            e:c 11431.7125684
            e:n 4350.2146796
            e:w 4350.2146327
            c:n 4190.3682144
            c:w 4190.3684132
            n:w 12067.4244831
          b:e:c 1301.9289764
          b:e:n 598.1034690
          b:e:w 598.1034594
          b:c:n 601.2839630
          b:c:w 601.2839721
          b:n:w 1286.6498768
          e:c:n 4208.3968294
          e:c:w 4208.3968764
          e:n:w 5579.8143663
          c:n:w 5079.7536338
        b:e:c:n 1146.2427590
        b:e:c:w 1146.2427686
        b:e:n:w 1961.5538003
        b:c:n:w 1333.0675552
        e:c:n:w 46832.5129018
