########################################
# legofit: estimate population history #
#       version 2.3.4-4-g53f8760       #
########################################

# Program was compiled: Sep 21 2021 14:36:42
# Program was run: Sun Oct 10 22:41:50 2021

# cmd: legofit -1 -d 0 -t 32 --ptsPerDim 3 --stateOut b1boot24.state --tol 3e-6 -S 5000 adf2.lgo ../../chrX/boot_chrX/boot24.opf
# Stage nOptItr nSimReps
#     0    5000        0
# algorithm          : deterministic
# ignoring probs <=  : 0
# Branch length floor: 0
# DE strategy        : 2
#    F               : 0.3
#    CR              : 0.8
#    tolerance       : 3e-06
# nthreads           : 32
# lgo input file     : adf2.lgo
# site pat input file: ../../chrX/boot_chrX/boot24.opf
# free parameters    : 15
# points in DE swarm : 45
# output state file  : b1boot24.state
# Including singleton site patterns.
# cost function      : KL
Initial parameter values
Fixed:
      zero = 0
       one = 1
    Tbecnw = 75200
Free:
       pc1 = 0
       pc2 = 0
       pc3 = 0
       pc4 = 0
       pc5 = 0
       pc6 = 0
       pc7 = 0
       pc8 = 0
       pc9 = 0
      pc10 = 0
      pc11 = 0
      pc12 = 0
      pc13 = 0
      pc14 = 0
      pc15 = 0
Constrained:
   Tgbecnw = 106518
     Tecnw = 24409.3
       Tnw = 21379.6
       Tec = 95.4925
     twoNb = 1.24596e+06
     twoNc = 480704
     twoNw = 6.49101e+06
    twoNec = 180840
    twoNnw = 13640.6
  twoNecnw = 66640.7
  twoNbecnw = 12337.3
  twoNgbecnw = 174877
         m = 0.169398
        m4 = 0.0213153
        m6 = 1.60871e-06
        Ta = 37600
        Td = 47.7462
        Tf = 23.8731
DiffEv reached_goal. cost=2.50390e-03 spread=2.67401e-06
Fitted parameter values
Free:
       pc1 = -3.99724
       pc2 = -1.96163
       pc3 = -0.043137
       pc4 = -1.77026
       pc5 = -1.85414
       pc6 = -0.051248
       pc7 = 1.50043
       pc8 = 1.20545
       pc9 = 0.927254
      pc10 = -0.189753
      pc11 = -0.217064
      pc12 = -0.0777709
      pc13 = 0.204968
      pc14 = -0.0370415
      pc15 = -0.0210374
Constrained:
   Tgbecnw = 86061.8
     Tecnw = 23090.4
       Tnw = 21320.1
       Tec = 33.5306
     twoNb = 2.1469e+06
     twoNc = 1.80268e+06
     twoNw = 8.18113e+06
    twoNec = 172985
    twoNnw = 8024.8
  twoNecnw = 63935.2
  twoNbecnw = 4576.92
  twoNgbecnw = 194496
         m = 0.148553
        m4 = 0.0216624
        m6 = 6.38732e-07
        Ta = 37600
        Td = 16.7653
        Tf = 8.38265
#       SitePat  BranchLen
              b 117225.5948781
              e 44212.2888965
              c 45319.3614388
              n 43119.8682520
              w 43119.8681910
            b:e 1219.1560638
            b:c 1477.3280919
            b:n 1061.7797296
            b:w 1061.7797268
            e:c 11466.6121731
            e:n 4375.1318885
            e:w 4375.1318742
            c:n 4221.6869098
            c:w 4221.6869708
            n:w 11935.8301533
          b:e:c 1303.2460699
          b:e:n 606.7380946
          b:e:w 606.7380916
          b:c:n 609.8990647
          b:c:w 609.8990675
          b:n:w 1288.7530130
          e:c:n 4234.1776079
          e:c:w 4234.1776222
          e:n:w 5483.0352184
          c:n:w 5010.8252508
        b:e:c:n 1168.2249461
        b:e:c:w 1168.2249490
        b:e:n:w 1929.4005035
        b:c:n:w 1336.9333669
        e:c:n:w 46291.4121277
