########################################
# legofit: estimate population history #
#       version 2.3.4-4-g53f8760       #
########################################

# Program was compiled: Sep 21 2021 14:36:42
# Program was run: Sun Oct 10 22:41:31 2021

# cmd: legofit -1 -d 0 -t 32 --ptsPerDim 3 --stateOut b1boot16.state --tol 3e-6 -S 5000 adf2.lgo ../../chrX/boot_chrX/boot16.opf
# Stage nOptItr nSimReps
#     0    5000        0
# algorithm          : deterministic
# ignoring probs <=  : 0
# Branch length floor: 0
# DE strategy        : 2
#    F               : 0.3
#    CR              : 0.8
#    tolerance       : 3e-06
# nthreads           : 32
# lgo input file     : adf2.lgo
# site pat input file: ../../chrX/boot_chrX/boot16.opf
# free parameters    : 15
# points in DE swarm : 45
# output state file  : b1boot16.state
# Including singleton site patterns.
# cost function      : KL
Initial parameter values
Fixed:
      zero = 0
       one = 1
    Tbecnw = 75200
Free:
       pc1 = 0
       pc2 = 0
       pc3 = 0
       pc4 = 0
       pc5 = 0
       pc6 = 0
       pc7 = 0
       pc8 = 0
       pc9 = 0
      pc10 = 0
      pc11 = 0
      pc12 = 0
      pc13 = 0
      pc14 = 0
      pc15 = 0
Constrained:
   Tgbecnw = 106518
     Tecnw = 24409.3
       Tnw = 21379.6
       Tec = 95.4925
     twoNb = 1.24596e+06
     twoNc = 480704
     twoNw = 6.49101e+06
    twoNec = 180840
    twoNnw = 13640.6
  twoNecnw = 66640.7
  twoNbecnw = 12337.3
  twoNgbecnw = 174877
         m = 0.169398
        m4 = 0.0213153
        m6 = 1.60871e-06
        Ta = 37600
        Td = 47.7462
        Tf = 23.8731
DiffEv reached_goal. cost=2.46198e-03 spread=2.57880e-06
Fitted parameter values
Free:
       pc1 = -3.93145
       pc2 = -1.97522
       pc3 = 0.482573
       pc4 = -1.5301
       pc5 = -1.9497
       pc6 = 0.576526
       pc7 = 1.65738
       pc8 = 0.925623
       pc9 = 0.921613
      pc10 = -0.736011
      pc11 = -0.589016
      pc12 = 0.165671
      pc13 = 0.487603
      pc14 = -0.100963
      pc15 = -0.0476707
Constrained:
   Tgbecnw = 83304.4
     Tecnw = 23261.1
       Tnw = 21935.2
       Tec = 40.4272
     twoNb = 2.16655e+06
     twoNc = 1.37677e+06
     twoNw = 7.23709e+06
    twoNec = 174829
    twoNnw = 5551.11
  twoNecnw = 63066
  twoNbecnw = 3503.82
  twoNgbecnw = 189467
         m = 0.151062
        m4 = 0.0210333
        m6 = 5.51738e-07
        Ta = 37600
        Td = 20.2136
        Tf = 10.1068
#       SitePat  BranchLen
              b 116276.1003971
              e 44190.8717677
              c 45246.5753896
              n 42719.3876343
              w 42719.3875744
            b:e 1220.8310109
            b:c 1471.7284110
            b:n 1034.0914153
            b:w 1034.0914126
            e:c 11435.9798443
            e:n 4251.0093406
            e:w 4251.0093266
            c:n 4106.0059739
            c:w 4106.0060337
            n:w 12127.5163402
          b:e:c 1314.5248185
          b:e:n 591.5725767
          b:e:w 591.5725738
          b:c:n 594.7787792
          b:c:w 594.7787819
          b:n:w 1297.8059611
          e:c:n 4119.4975544
          e:c:w 4119.4975684
          e:n:w 5503.7838399
          c:n:w 5044.4485586
        b:e:c:n 1139.6004133
        b:e:c:w 1139.6004162
        b:e:n:w 1903.5246274
        b:c:n:w 1339.8526639
        e:c:n:w 45771.5790518
