########################################
# legofit: estimate population history #
#       version 2.3.4-4-g53f8760       #
########################################

# Program was compiled: Sep 21 2021 14:36:42
# Program was run: Sun Oct 10 22:42:22 2021

# cmd: legofit -1 -d 0 -t 32 --ptsPerDim 3 --stateOut b1boot42.state --tol 3e-6 -S 5000 adf2.lgo ../../chrX/boot_chrX/boot42.opf
# Stage nOptItr nSimReps
#     0    5000        0
# algorithm          : deterministic
# ignoring probs <=  : 0
# Branch length floor: 0
# DE strategy        : 2
#    F               : 0.3
#    CR              : 0.8
#    tolerance       : 3e-06
# nthreads           : 32
# lgo input file     : adf2.lgo
# site pat input file: ../../chrX/boot_chrX/boot42.opf
# free parameters    : 15
# points in DE swarm : 45
# output state file  : b1boot42.state
# Including singleton site patterns.
# cost function      : KL
Initial parameter values
Fixed:
      zero = 0
       one = 1
    Tbecnw = 75200
Free:
       pc1 = 0
       pc2 = 0
       pc3 = 0
       pc4 = 0
       pc5 = 0
       pc6 = 0
       pc7 = 0
       pc8 = 0
       pc9 = 0
      pc10 = 0
      pc11 = 0
      pc12 = 0
      pc13 = 0
      pc14 = 0
      pc15 = 0
Constrained:
   Tgbecnw = 106518
     Tecnw = 24409.3
       Tnw = 21379.6
       Tec = 95.4925
     twoNb = 1.24596e+06
     twoNc = 480704
     twoNw = 6.49101e+06
    twoNec = 180840
    twoNnw = 13640.6
  twoNecnw = 66640.7
  twoNbecnw = 12337.3
  twoNgbecnw = 174877
         m = 0.169398
        m4 = 0.0213153
        m6 = 1.60871e-06
        Ta = 37600
        Td = 47.7462
        Tf = 23.8731
DiffEv reached_goal. cost=2.39591e-03 spread=2.80731e-06
Fitted parameter values
Free:
       pc1 = -3.99921
       pc2 = -1.50698
       pc3 = 0.346316
       pc4 = 0.217775
       pc5 = -1.33699
       pc6 = 0.652203
       pc7 = 1.08489
       pc8 = 1.34121
       pc9 = 0.582311
      pc10 = -1.32758
      pc11 = -0.0227173
      pc12 = 0.280267
      pc13 = 0.265463
      pc14 = -0.0448054
      pc15 = -0.034883
Constrained:
   Tgbecnw = 86153
     Tecnw = 23270.4
       Tnw = 21547.6
       Tec = 162.786
     twoNb = 1.93109e+06
     twoNc = 705897
     twoNw = 3.05223e+06
    twoNec = 180133
    twoNnw = 7742.69
  twoNecnw = 63268.1
  twoNbecnw = 4472.07
  twoNgbecnw = 205911
         m = 0.141524
        m4 = 0.0216898
        m6 = 3.18406e-07
        Ta = 37600
        Td = 81.3932
        Tf = 40.6966
#       SitePat  BranchLen
              b 117361.1872517
              e 44356.0455660
              c 45470.3033049
              n 43062.9363036
              w 43062.9362221
            b:e 1201.5484820
            b:c 1458.7893928
            b:n 1035.5138759
            b:w 1035.5138722
            e:c 11231.1830575
            e:n 4352.2853603
            e:w 4352.2853412
            c:n 4199.5963755
            c:w 4199.5964571
            n:w 11845.3334566
          b:e:c 1273.3382282
          b:e:n 596.1372502
          b:e:w 596.1372464
          b:c:n 599.4583164
          b:c:w 599.4583200
          b:n:w 1258.0913778
          e:c:n 4169.2931483
          e:c:w 4169.2931674
          e:n:w 5470.7783492
          c:n:w 5000.9409964
        b:e:c:n 1139.4700298
        b:e:c:w 1139.4700337
        b:e:n:w 1920.3564140
        b:c:n:w 1317.4304201
        e:c:n:w 46564.2792631
