########################################
# legofit: estimate population history #
#       version 2.3.4-4-g53f8760       #
########################################

# Program was compiled: Sep 21 2021 14:36:42
# Program was run: Sun Oct 10 22:41:56 2021

# cmd: legofit -1 -d 0 -t 32 --ptsPerDim 3 --stateOut b1boot29.state --tol 3e-6 -S 5000 adf2.lgo ../../chrX/boot_chrX/boot29.opf
# Stage nOptItr nSimReps
#     0    5000        0
# algorithm          : deterministic
# ignoring probs <=  : 0
# Branch length floor: 0
# DE strategy        : 2
#    F               : 0.3
#    CR              : 0.8
#    tolerance       : 3e-06
# nthreads           : 32
# lgo input file     : adf2.lgo
# site pat input file: ../../chrX/boot_chrX/boot29.opf
# free parameters    : 15
# points in DE swarm : 45
# output state file  : b1boot29.state
# Including singleton site patterns.
# cost function      : KL
Initial parameter values
Fixed:
      zero = 0
       one = 1
    Tbecnw = 75200
Free:
       pc1 = 0
       pc2 = 0
       pc3 = 0
       pc4 = 0
       pc5 = 0
       pc6 = 0
       pc7 = 0
       pc8 = 0
       pc9 = 0
      pc10 = 0
      pc11 = 0
      pc12 = 0
      pc13 = 0
      pc14 = 0
      pc15 = 0
Constrained:
   Tgbecnw = 106518
     Tecnw = 24409.3
       Tnw = 21379.6
       Tec = 95.4925
     twoNb = 1.24596e+06
     twoNc = 480704
     twoNw = 6.49101e+06
    twoNec = 180840
    twoNnw = 13640.6
  twoNecnw = 66640.7
  twoNbecnw = 12337.3
  twoNgbecnw = 174877
         m = 0.169398
        m4 = 0.0213153
        m6 = 1.60871e-06
        Ta = 37600
        Td = 47.7462
        Tf = 23.8731
DiffEv reached_goal. cost=2.44268e-03 spread=2.91168e-06
Fitted parameter values
Free:
       pc1 = -3.98506
       pc2 = -1.9865
       pc3 = -0.579308
       pc4 = -0.413998
       pc5 = -1.40231
       pc6 = 0.617432
       pc7 = 1.77746
       pc8 = 1.00859
       pc9 = 0.634739
      pc10 = -0.404117
      pc11 = -0.707964
      pc12 = 0.103161
      pc13 = 0.114154
      pc14 = -0.055247
      pc15 = -0.0049643
Constrained:
   Tgbecnw = 87553.6
     Tecnw = 23269.5
       Tnw = 21558
       Tec = 124.405
     twoNb = 2.21697e+06
     twoNc = 950729
     twoNw = 4.64162e+06
    twoNec = 170473
    twoNnw = 7783.8
  twoNecnw = 63133.2
  twoNbecnw = 5041.87
  twoNgbecnw = 197438
         m = 0.148097
        m4 = 0.0220535
        m6 = 1.36193e-06
        Ta = 37600
        Td = 62.2027
        Tf = 31.1014
#       SitePat  BranchLen
              b 117591.7136797
              e 44083.2201119
              c 45223.5667939
              n 43129.9503302
              w 43129.9501000
            b:e 1161.0042121
            b:c 1420.4939887
            b:n 1016.0517728
            b:w 1016.0517627
            e:c 11453.4311842
            e:n 4332.6252760
            e:w 4332.6252222
            c:n 4176.5629999
            c:w 4176.5632300
            n:w 11821.8299782
          b:e:c 1244.1828181
          b:e:n 577.5836927
          b:e:w 577.5836820
          b:c:n 580.4917393
          b:c:w 580.4917493
          b:n:w 1231.1737900
          e:c:n 4208.7856868
          e:c:w 4208.7857406
          e:n:w 5430.8183968
          c:n:w 4949.7189506
        b:e:c:n 1113.9914631
        b:e:c:w 1113.9914737
        b:e:n:w 1881.4742174
        b:c:n:w 1269.0448839
        e:c:n:w 46655.2222235
