########################################
# legofit: estimate population history #
#       version 2.3.4-4-g53f8760       #
########################################

# Program was compiled: Sep 21 2021 14:36:42
# Program was run: Sun Oct 10 22:41:51 2021

# cmd: legofit -1 -d 0 -t 32 --ptsPerDim 3 --stateOut b1boot27.state --tol 3e-6 -S 5000 adf2.lgo ../../chrX/boot_chrX/boot27.opf
# Stage nOptItr nSimReps
#     0    5000        0
# algorithm          : deterministic
# ignoring probs <=  : 0
# Branch length floor: 0
# DE strategy        : 2
#    F               : 0.3
#    CR              : 0.8
#    tolerance       : 3e-06
# nthreads           : 32
# lgo input file     : adf2.lgo
# site pat input file: ../../chrX/boot_chrX/boot27.opf
# free parameters    : 15
# points in DE swarm : 45
# output state file  : b1boot27.state
# Including singleton site patterns.
# cost function      : KL
Initial parameter values
Fixed:
      zero = 0
       one = 1
    Tbecnw = 75200
Free:
       pc1 = 0
       pc2 = 0
       pc3 = 0
       pc4 = 0
       pc5 = 0
       pc6 = 0
       pc7 = 0
       pc8 = 0
       pc9 = 0
      pc10 = 0
      pc11 = 0
      pc12 = 0
      pc13 = 0
      pc14 = 0
      pc15 = 0
Constrained:
   Tgbecnw = 106518
     Tecnw = 24409.3
       Tnw = 21379.6
       Tec = 95.4925
     twoNb = 1.24596e+06
     twoNc = 480704
     twoNw = 6.49101e+06
    twoNec = 180840
    twoNnw = 13640.6
  twoNecnw = 66640.7
  twoNbecnw = 12337.3
  twoNgbecnw = 174877
         m = 0.169398
        m4 = 0.0213153
        m6 = 1.60871e-06
        Ta = 37600
        Td = 47.7462
        Tf = 23.8731
DiffEv reached_goal. cost=2.33172e-03 spread=1.97673e-06
Fitted parameter values
Free:
       pc1 = -3.98937
       pc2 = -1.99158
       pc3 = -1.00672
       pc4 = -1.08588
       pc5 = -1.83184
       pc6 = 0.656454
       pc7 = 1.0612
       pc8 = 1.0615
       pc9 = -0.058601
      pc10 = 0.900829
      pc11 = 0.306758
      pc12 = 0.124151
      pc13 = 0.303919
      pc14 = -0.0352845
      pc15 = -0.093368
Constrained:
   Tgbecnw = 87380.5
     Tecnw = 23049.6
       Tnw = 20409.4
       Tec = 42.7004
     twoNb = 2.10946e+06
     twoNc = 880015
     twoNw = 8.59794e+06
    twoNec = 167673
    twoNnw = 11161.7
  twoNecnw = 67332.3
  twoNbecnw = 5062.99
  twoNgbecnw = 200555
         m = 0.147349
        m4 = 0.0224915
        m6 = 1.14916e-06
        Ta = 37600
        Td = 21.3502
        Tf = 10.6751
#       SitePat  BranchLen
              b 118085.6275495
              e 44874.6832567
              c 46021.4679352
              n 43339.8905577
              w 43339.8904561
            b:e 1285.7345276
            b:c 1553.9213183
            b:n 1099.6222911
            b:w 1099.6222864
            e:c 11852.8301827
            e:n 4359.5088326
            e:w 4359.5088093
            c:n 4202.8397198
            c:w 4202.8398215
            n:w 12661.7366952
          b:e:c 1397.9673311
          b:e:n 626.9833371
          b:e:w 626.9833321
          b:c:n 630.2164802
          b:c:w 630.2164849
          b:n:w 1380.6181215
          e:c:n 4192.4421085
          e:c:w 4192.4421318
          e:n:w 5555.3417694
          c:n:w 5074.9974077
        b:e:c:n 1217.4881088
        b:e:c:w 1217.4881138
        b:e:n:w 2045.4721943
        b:c:n:w 1417.7164119
        e:c:n:w 46510.8043325
