########################################
# legofit: estimate population history #
#       version 2.3.4-4-g53f8760       #
########################################

# Program was compiled: Sep 21 2021 14:36:42
# Program was run: Thu Sep 23 14:24:13 2021

# cmd: legofit -1 -d 0 -t 32 --ptsPerDim 3 --stateOut b1.state --tol 3e-6 -S 5000 bdef2.lgo ../../pan.opf
# Stage nOptItr nSimReps
#     0    5000        0
# algorithm          : deterministic
# ignoring probs <=  : 0
# Branch length floor: 0
# DE strategy        : 2
#    F               : 0.3
#    CR              : 0.8
#    tolerance       : 3e-06
# nthreads           : 32
# lgo input file     : bdef2.lgo
# site pat input file: ../../pan.opf
# free parameters    : 15
# points in DE swarm : 45
# output state file  : b1.state
# Including singleton site patterns.
# cost function      : KL
Initial parameter values
Fixed:
      zero = 0
       one = 1
    Tbecnw = 75200
Free:
       pc1 = 0
       pc2 = 0
       pc3 = 0
       pc4 = 0
       pc5 = 0
       pc6 = 0
       pc7 = 0
       pc8 = 0
       pc9 = 0
      pc10 = 0
      pc11 = 0
      pc12 = 0
      pc13 = 0
      pc14 = 0
      pc15 = 0
Constrained:
     Tecnw = 58472.1
       Tnw = 3398.08
       Tec = 12133.9
     twoNb = 1.33791e+06
     twoNe = 231653
     twoNc = 226412
     twoNw = 1.49609e+06
    twoNec = 75238.3
    twoNnw = 159651
  twoNecnw = 15651.8
  twoNbecnw = 86165.4
        m2 = 0.0173659
        m4 = 0.00351935
        m5 = 0.472203
        m6 = 0.362849
        Tb = 35303
        Td = 6066.94
        Te = 3033.47
        Tf = 1516.73
DiffEv reached_goal. cost=2.30318e-03 spread=2.91338e-06
Fitted parameter values
Free:
       pc1 = -3.94337
       pc2 = -1.95601
       pc3 = 2.85282
       pc4 = -1.96556
       pc5 = 3.92213
       pc6 = -1.98266
       pc7 = -1.08029
       pc8 = 0.372819
       pc9 = 0.914955
      pc10 = 0.160435
      pc11 = -0.360248
      pc12 = -0.0378848
      pc13 = 0.0557673
      pc14 = 0.193059
      pc15 = -0.0311837
Constrained:
     Tecnw = 59385.7
       Tnw = 152.689
       Tec = 557.198
     twoNb = 3.16104e+06
     twoNe = 481035
     twoNc = 1.0649e+06
     twoNw = 2.23096e+06
    twoNec = 109485
    twoNnw = 181655
  twoNecnw = 14481.9
  twoNbecnw = 87268.1
        m2 = 0.0195412
        m4 = 0.00886058
        m5 = 0.45765
        m6 = 0.357722
        Tb = 29971.4
        Td = 278.599
        Te = 139.3
        Tf = 69.6498
#       SitePat  BranchLen
              b 147063.6469051
              e 57137.4560863
              c 59912.6959387
              n 54300.0561219
              w 54299.0927335
            b:e 2716.4669619
            b:c 3147.7379416
            b:n 2223.0513426
            b:w 2222.9947781
            e:c 12402.0285121
            e:n 6441.1272232
            e:w 6441.1369955
            c:n 5666.5666556
            c:w 5667.3334185
            n:w 14378.7621311
          b:e:c 2495.3929959
          b:e:n 1298.3097672
          b:e:w 1298.2725324
          b:c:n 1298.8342221
          b:c:w 1298.8714367
          b:n:w 2490.9079762
          e:c:n 5324.8779651
          e:c:w 5325.0648183
          e:n:w 8223.2511013
          c:n:w 6976.8535216
        b:e:c:n 2224.6171155
        b:e:c:w 2224.6737002
        b:e:n:w 3118.3330985
        b:c:n:w 2705.4606315
        e:c:n:w 61156.5625322
