########################################
# legofit: estimate population history #
#       version 2.3.4-4-g53f8760       #
########################################

# Program was compiled: Sep 21 2021 14:36:42
# Program was run: Thu Sep 23 14:24:55 2021

# cmd: legofit -1 -d 0 -t 32 --ptsPerDim 3 --stateOut b1boot37.state --tol 3e-6 -S 5000 bdef2.lgo ../../boot/boot37.opf
# Stage nOptItr nSimReps
#     0    5000        0
# algorithm          : deterministic
# ignoring probs <=  : 0
# Branch length floor: 0
# DE strategy        : 2
#    F               : 0.3
#    CR              : 0.8
#    tolerance       : 3e-06
# nthreads           : 32
# lgo input file     : bdef2.lgo
# site pat input file: ../../boot/boot37.opf
# free parameters    : 15
# points in DE swarm : 45
# output state file  : b1boot37.state
# Including singleton site patterns.
# cost function      : KL
Initial parameter values
Fixed:
      zero = 0
       one = 1
    Tbecnw = 75200
Free:
       pc1 = 0
       pc2 = 0
       pc3 = 0
       pc4 = 0
       pc5 = 0
       pc6 = 0
       pc7 = 0
       pc8 = 0
       pc9 = 0
      pc10 = 0
      pc11 = 0
      pc12 = 0
      pc13 = 0
      pc14 = 0
      pc15 = 0
Constrained:
     Tecnw = 58472.1
       Tnw = 3398.08
       Tec = 12133.9
     twoNb = 1.33791e+06
     twoNe = 231653
     twoNc = 226412
     twoNw = 1.49609e+06
    twoNec = 75238.3
    twoNnw = 159651
  twoNecnw = 15651.8
  twoNbecnw = 86165.4
        m2 = 0.0173659
        m4 = 0.00351935
        m5 = 0.472203
        m6 = 0.362849
        Tb = 35303
        Td = 6066.94
        Te = 3033.47
        Tf = 1516.73
DiffEv reached_goal. cost=2.33050e-03 spread=1.96752e-06
Fitted parameter values
Free:
       pc1 = -3.98189
       pc2 = -1.92884
       pc3 = 3.38898
       pc4 = -1.88769
       pc5 = 3.68262
       pc6 = -1.97474
       pc7 = -1.21508
       pc8 = 1.13336
       pc9 = 0.844448
      pc10 = 0.461195
      pc11 = -0.443911
      pc12 = 0.100145
      pc13 = -0.0375332
      pc14 = 0.117442
      pc15 = 0.0350662
Constrained:
     Tecnw = 59279.5
       Tnw = 248.997
       Tec = 932.151
     twoNb = 3.54825e+06
     twoNe = 515314
     twoNc = 980398
     twoNw = 2.16117e+06
    twoNec = 108866
    twoNnw = 181232
  twoNecnw = 14521.5
  twoNbecnw = 87523.5
        m2 = 0.0172655
        m4 = 0.00844948
        m5 = 0.459644
        m6 = 0.354649
        Tb = 30105.8
        Td = 466.075
        Te = 233.038
        Tf = 116.519
#       SitePat  BranchLen
              b 147392.0407323
              e 57001.1644183
              c 59877.6532505
              n 54262.7677297
              w 54261.2642393
            b:e 2684.9219219
            b:c 3120.8483663
            b:n 2221.7813587
            b:w 2221.6929347
            e:c 12367.1906377
            e:n 6447.4634048
            e:w 6447.4124756
            c:n 5639.8907374
            c:w 5641.1517271
            n:w 14341.6050295
          b:e:c 2488.2538954
          b:e:n 1296.0973652
          b:e:w 1296.0328035
          b:c:n 1296.5090800
          b:c:w 1296.5736176
          b:n:w 2484.6923306
          e:c:n 5336.3724106
          e:c:w 5336.6658405
          e:n:w 8200.3976271
          c:n:w 6921.1436684
        b:e:c:n 2222.9983098
        b:e:c:w 2223.0867578
        b:e:n:w 3096.6192474
        b:c:n:w 2676.3388164
        e:c:n:w 61573.8104219
