########################################
# legofit: estimate population history #
#       version 2.3.4-4-g53f8760       #
########################################

# Program was compiled: Sep 21 2021 14:36:42
# Program was run: Thu Sep 23 14:24:36 2021

# cmd: legofit -1 -d 0 -t 32 --ptsPerDim 3 --stateOut b1boot22.state --tol 3e-6 -S 5000 bdef2.lgo ../../boot/boot22.opf
# Stage nOptItr nSimReps
#     0    5000        0
# algorithm          : deterministic
# ignoring probs <=  : 0
# Branch length floor: 0
# DE strategy        : 2
#    F               : 0.3
#    CR              : 0.8
#    tolerance       : 3e-06
# nthreads           : 32
# lgo input file     : bdef2.lgo
# site pat input file: ../../boot/boot22.opf
# free parameters    : 15
# points in DE swarm : 45
# output state file  : b1boot22.state
# Including singleton site patterns.
# cost function      : KL
Initial parameter values
Fixed:
      zero = 0
       one = 1
    Tbecnw = 75200
Free:
       pc1 = 0
       pc2 = 0
       pc3 = 0
       pc4 = 0
       pc5 = 0
       pc6 = 0
       pc7 = 0
       pc8 = 0
       pc9 = 0
      pc10 = 0
      pc11 = 0
      pc12 = 0
      pc13 = 0
      pc14 = 0
      pc15 = 0
Constrained:
     Tecnw = 58472.1
       Tnw = 3398.08
       Tec = 12133.9
     twoNb = 1.33791e+06
     twoNe = 231653
     twoNc = 226412
     twoNw = 1.49609e+06
    twoNec = 75238.3
    twoNnw = 159651
  twoNecnw = 15651.8
  twoNbecnw = 86165.4
        m2 = 0.0173659
        m4 = 0.00351935
        m5 = 0.472203
        m6 = 0.362849
        Tb = 35303
        Td = 6066.94
        Te = 3033.47
        Tf = 1516.73
DiffEv reached_goal. cost=2.29946e-03 spread=2.76635e-06
Fitted parameter values
Free:
       pc1 = -3.95509
       pc2 = -1.9749
       pc3 = 3.3169
       pc4 = -1.90797
       pc5 = 3.6806
       pc6 = -1.44278
       pc7 = -1.17841
       pc8 = 1.17551
       pc9 = 0.781006
      pc10 = 0.524416
      pc11 = -0.401279
      pc12 = -0.0651071
      pc13 = 0.175824
      pc14 = 0.156567
      pc15 = 0.00690358
Constrained:
     Tecnw = 59307.6
       Tnw = 381.558
       Tec = 1437.67
     twoNb = 3.47423e+06
     twoNe = 471780
     twoNc = 1.07073e+06
     twoNw = 2.1944e+06
    twoNec = 109095
    twoNnw = 180117
  twoNecnw = 14628
  twoNbecnw = 87608.3
        m2 = 0.0158493
        m4 = 0.00815447
        m5 = 0.457088
        m6 = 0.357862
        Tb = 30372.6
        Td = 718.834
        Te = 359.417
        Tf = 179.708
#       SitePat  BranchLen
              b 147358.6545215
              e 57206.9514583
              c 59933.8908477
              n 54315.9321911
              w 54313.6876362
            b:e 2711.2375178
            b:c 3125.8121508
            b:n 2241.8111019
            b:w 2241.6778174
            e:c 12338.2574835
            e:n 6457.4060344
            e:w 6457.2952981
            c:n 5692.3593228
            c:w 5694.2742902
            n:w 14391.5537745
          b:e:c 2508.5152117
          b:e:n 1309.5124518
          b:e:w 1309.4118970
          b:c:n 1309.8742483
          b:c:w 1309.9747693
          b:n:w 2505.1722664
          e:c:n 5369.5616566
          e:c:w 5370.0019805
          e:n:w 8199.6575701
          c:n:w 6984.8030894
        b:e:c:n 2242.9238106
        b:e:c:w 2243.0571288
        b:e:n:w 3102.7384721
        b:c:n:w 2703.2219814
        e:c:n:w 61397.0673754
