########################################
# legofit: estimate population history #
#       version 2.3.4-4-g53f8760       #
########################################

# Program was compiled: Sep 21 2021 14:36:42
# Program was run: Thu Sep 23 14:24:37 2021

# cmd: legofit -1 -d 0 -t 32 --ptsPerDim 3 --stateOut b1boot21.state --tol 3e-6 -S 5000 bdef2.lgo ../../boot/boot21.opf
# Stage nOptItr nSimReps
#     0    5000        0
# algorithm          : deterministic
# ignoring probs <=  : 0
# Branch length floor: 0
# DE strategy        : 2
#    F               : 0.3
#    CR              : 0.8
#    tolerance       : 3e-06
# nthreads           : 32
# lgo input file     : bdef2.lgo
# site pat input file: ../../boot/boot21.opf
# free parameters    : 15
# points in DE swarm : 45
# output state file  : b1boot21.state
# Including singleton site patterns.
# cost function      : KL
Initial parameter values
Fixed:
      zero = 0
       one = 1
    Tbecnw = 75200
Free:
       pc1 = 0
       pc2 = 0
       pc3 = 0
       pc4 = 0
       pc5 = 0
       pc6 = 0
       pc7 = 0
       pc8 = 0
       pc9 = 0
      pc10 = 0
      pc11 = 0
      pc12 = 0
      pc13 = 0
      pc14 = 0
      pc15 = 0
Constrained:
     Tecnw = 58472.1
       Tnw = 3398.08
       Tec = 12133.9
     twoNb = 1.33791e+06
     twoNe = 231653
     twoNc = 226412
     twoNw = 1.49609e+06
    twoNec = 75238.3
    twoNnw = 159651
  twoNecnw = 15651.8
  twoNbecnw = 86165.4
        m2 = 0.0173659
        m4 = 0.00351935
        m5 = 0.472203
        m6 = 0.362849
        Tb = 35303
        Td = 6066.94
        Te = 3033.47
        Tf = 1516.73
DiffEv reached_goal. cost=2.28296e-03 spread=2.97749e-06
Fitted parameter values
Free:
       pc1 = -3.98057
       pc2 = -1.83378
       pc3 = 3.7271
       pc4 = -1.93101
       pc5 = 3.83269
       pc6 = -1.90049
       pc7 = -0.439245
       pc8 = 0.302351
       pc9 = 0.465784
      pc10 = 0.182317
      pc11 = -0.415306
      pc12 = -0.0233336
      pc13 = 0.060474
      pc14 = 0.197201
      pc15 = -0.026882
Constrained:
     Tecnw = 59162.7
       Tnw = 370.282
       Tec = 1325.56
     twoNb = 3.38826e+06
     twoNe = 444028
     twoNc = 1.12485e+06
     twoNw = 1.80851e+06
    twoNec = 107517
    twoNnw = 180859
  twoNecnw = 14695.4
  twoNbecnw = 87694
        m2 = 0.0193408
        m4 = 0.0101759
        m5 = 0.455244
        m6 = 0.356625
        Tb = 30244.1
        Td = 662.779
        Te = 331.39
        Tf = 165.695
#       SitePat  BranchLen
              b 147382.7967528
              e 57180.9597293
              c 59956.2510231
              n 54330.8516212
              w 54327.8505245
            b:e 2730.0604817
            b:c 3175.2470724
            b:n 2239.0836368
            b:w 2238.9059241
            e:c 12411.3482387
            e:n 6434.9272583
            e:w 6435.0427907
            c:n 5670.0319790
            c:w 5672.3336160
            n:w 14397.4269293
          b:e:c 2514.7218952
          b:e:n 1305.5764913
          b:e:w 1305.4681400
          b:c:n 1306.0564628
          b:c:w 1306.1647532
          b:n:w 2510.4639683
          e:c:n 5361.9631043
          e:c:w 5362.5470316
          e:n:w 8274.9880705
          c:n:w 7006.8937133
        b:e:c:n 2240.4789385
        b:e:c:w 2240.6567121
        b:e:n:w 3145.9523665
        b:c:n:w 2719.9967085
        e:c:n:w 61416.9390556
