########################################
# legofit: estimate population history #
#       version 2.3.4-4-g53f8760       #
########################################

# Program was compiled: Sep 21 2021 14:36:42
# Program was run: Thu Sep 23 14:24:21 2021

# cmd: legofit -1 -d 0 -t 32 --ptsPerDim 3 --stateOut b1boot10.state --tol 3e-6 -S 5000 bdef2.lgo ../../boot/boot10.opf
# Stage nOptItr nSimReps
#     0    5000        0
# algorithm          : deterministic
# ignoring probs <=  : 0
# Branch length floor: 0
# DE strategy        : 2
#    F               : 0.3
#    CR              : 0.8
#    tolerance       : 3e-06
# nthreads           : 32
# lgo input file     : bdef2.lgo
# site pat input file: ../../boot/boot10.opf
# free parameters    : 15
# points in DE swarm : 45
# output state file  : b1boot10.state
# Including singleton site patterns.
# cost function      : KL
Initial parameter values
Fixed:
      zero = 0
       one = 1
    Tbecnw = 75200
Free:
       pc1 = 0
       pc2 = 0
       pc3 = 0
       pc4 = 0
       pc5 = 0
       pc6 = 0
       pc7 = 0
       pc8 = 0
       pc9 = 0
      pc10 = 0
      pc11 = 0
      pc12 = 0
      pc13 = 0
      pc14 = 0
      pc15 = 0
Constrained:
     Tecnw = 58472.1
       Tnw = 3398.08
       Tec = 12133.9
     twoNb = 1.33791e+06
     twoNe = 231653
     twoNc = 226412
     twoNw = 1.49609e+06
    twoNec = 75238.3
    twoNnw = 159651
  twoNecnw = 15651.8
  twoNbecnw = 86165.4
        m2 = 0.0173659
        m4 = 0.00351935
        m5 = 0.472203
        m6 = 0.362849
        Tb = 35303
        Td = 6066.94
        Te = 3033.47
        Tf = 1516.73
DiffEv reached_goal. cost=2.29525e-03 spread=2.95895e-06
Fitted parameter values
Free:
       pc1 = -3.97999
       pc2 = -1.90398
       pc3 = 3.07914
       pc4 = -1.91946
       pc5 = 3.48711
       pc6 = -1.91501
       pc7 = -0.932833
       pc8 = 0.62463
       pc9 = 0.734605
      pc10 = 0.134562
      pc11 = -0.40713
      pc12 = 0.0302656
      pc13 = 0.0892751
      pc14 = 0.0527874
      pc15 = -0.00897184
Constrained:
     Tecnw = 59264.8
       Tnw = 183.074
       Tec = 722.962
     twoNb = 3.24717e+06
     twoNe = 456540
     twoNc = 967002
     twoNw = 2.0509e+06
    twoNec = 110118
    twoNnw = 179988
  twoNecnw = 14593.3
  twoNbecnw = 87493.3
        m2 = 0.0184971
        m4 = 0.00872682
        m5 = 0.457679
        m6 = 0.355566
        Tb = 29993.9
        Td = 361.481
        Te = 180.741
        Tf = 90.3703
#       SitePat  BranchLen
              b 147279.4155037
              e 57069.9722860
              c 59906.5053103
              n 54171.1202061
              w 54170.1292697
            b:e 2714.7639504
            b:c 3151.6488151
            b:n 2223.2569062
            b:w 2223.1984436
            e:c 12375.6287861
            e:n 6457.1162150
            e:w 6456.9581949
            c:n 5665.0194016
            c:w 5665.9731433
            n:w 14426.0212965
          b:e:c 2499.4710307
          b:e:n 1299.7678013
          b:e:w 1299.7129911
          b:c:n 1300.2514911
          b:c:w 1300.3062845
          b:n:w 2495.3134554
          e:c:n 5333.1207793
          e:c:w 5333.3159942
          e:n:w 8261.1832617
          c:n:w 6988.9904473
        b:e:c:n 2224.7143841
        b:e:c:w 2224.7728636
        b:e:n:w 3123.8430855
        b:c:n:w 2704.6228926
        e:c:n:w 61390.7182751
