########################################
# legofit: estimate population history #
#       version 2.3.4-4-g53f8760       #
########################################

# Program was compiled: Sep 21 2021 14:36:42
# Program was run: Thu Sep 23 14:24:45 2021

# cmd: legofit -1 -d 0 -t 32 --ptsPerDim 3 --stateOut b1boot27.state --tol 3e-6 -S 5000 bdef2.lgo ../../boot/boot27.opf
# Stage nOptItr nSimReps
#     0    5000        0
# algorithm          : deterministic
# ignoring probs <=  : 0
# Branch length floor: 0
# DE strategy        : 2
#    F               : 0.3
#    CR              : 0.8
#    tolerance       : 3e-06
# nthreads           : 32
# lgo input file     : bdef2.lgo
# site pat input file: ../../boot/boot27.opf
# free parameters    : 15
# points in DE swarm : 45
# output state file  : b1boot27.state
# Including singleton site patterns.
# cost function      : KL
Initial parameter values
Fixed:
      zero = 0
       one = 1
    Tbecnw = 75200
Free:
       pc1 = 0
       pc2 = 0
       pc3 = 0
       pc4 = 0
       pc5 = 0
       pc6 = 0
       pc7 = 0
       pc8 = 0
       pc9 = 0
      pc10 = 0
      pc11 = 0
      pc12 = 0
      pc13 = 0
      pc14 = 0
      pc15 = 0
Constrained:
     Tecnw = 58472.1
       Tnw = 3398.08
       Tec = 12133.9
     twoNb = 1.33791e+06
     twoNe = 231653
     twoNc = 226412
     twoNw = 1.49609e+06
    twoNec = 75238.3
    twoNnw = 159651
  twoNecnw = 15651.8
  twoNbecnw = 86165.4
        m2 = 0.0173659
        m4 = 0.00351935
        m5 = 0.472203
        m6 = 0.362849
        Tb = 35303
        Td = 6066.94
        Te = 3033.47
        Tf = 1516.73
DiffEv reached_goal. cost=2.27735e-03 spread=2.91263e-06
Fitted parameter values
Free:
       pc1 = -3.95498
       pc2 = -1.91752
       pc3 = 3.53319
       pc4 = -1.87711
       pc5 = 3.60053
       pc6 = -1.98649
       pc7 = -0.155785
       pc8 = -0.25396
       pc9 = 0.626945
      pc10 = 0.18249
      pc11 = -0.690977
      pc12 = -0.0861875
      pc13 = -0.073321
      pc14 = 0.193313
      pc15 = -0.0159366
Constrained:
     Tecnw = 59079.2
       Tnw = 272.032
       Tec = 1083.8
     twoNb = 3.12848e+06
     twoNe = 407856
     twoNc = 1.09818e+06
     twoNw = 1.64892e+06
    twoNec = 107723
    twoNnw = 182578
  twoNecnw = 14720.5
  twoNbecnw = 87507.7
        m2 = 0.0199575
        m4 = 0.0107037
        m5 = 0.459344
        m6 = 0.358598
        Tb = 30081.5
        Td = 541.9
        Te = 270.95
        Tf = 135.475
#       SitePat  BranchLen
              b 147252.7070112
              e 57101.1942897
              c 59927.3726041
              n 54308.1529841
              w 54306.3595722
            b:e 2718.3609269
            b:c 3175.6012410
            b:n 2230.2223839
            b:w 2230.1163556
            e:c 12331.0758308
            e:n 6452.3413716
            e:w 6452.0089992
            c:n 5673.5238060
            c:w 5675.2956716
            n:w 14293.3312180
          b:e:c 2490.7861076
          b:e:n 1303.7735656
          b:e:w 1303.6696342
          b:c:n 1304.3368077
          b:c:w 1304.4407059
          b:n:w 2486.0500748
          e:c:n 5353.6702149
          e:c:w 5354.0241337
          e:n:w 8274.1449168
          c:n:w 6980.3086304
        b:e:c:n 2231.8758218
        b:e:c:w 2231.9818833
        b:e:n:w 3142.5616632
        b:c:n:w 2707.1759006
        e:c:n:w 61372.1907238
