########################################
# legofit: estimate population history #
#       version 2.3.4-4-g53f8760       #
########################################

# Program was compiled: Sep 21 2021 14:36:42
# Program was run: Thu Sep 23 14:24:36 2021

# cmd: legofit -1 -d 0 -t 32 --ptsPerDim 3 --stateOut b1boot19.state --tol 3e-6 -S 5000 bdef2.lgo ../../boot/boot19.opf
# Stage nOptItr nSimReps
#     0    5000        0
# algorithm          : deterministic
# ignoring probs <=  : 0
# Branch length floor: 0
# DE strategy        : 2
#    F               : 0.3
#    CR              : 0.8
#    tolerance       : 3e-06
# nthreads           : 32
# lgo input file     : bdef2.lgo
# site pat input file: ../../boot/boot19.opf
# free parameters    : 15
# points in DE swarm : 45
# output state file  : b1boot19.state
# Including singleton site patterns.
# cost function      : KL
Initial parameter values
Fixed:
      zero = 0
       one = 1
    Tbecnw = 75200
Free:
       pc1 = 0
       pc2 = 0
       pc3 = 0
       pc4 = 0
       pc5 = 0
       pc6 = 0
       pc7 = 0
       pc8 = 0
       pc9 = 0
      pc10 = 0
      pc11 = 0
      pc12 = 0
      pc13 = 0
      pc14 = 0
      pc15 = 0
Constrained:
     Tecnw = 58472.1
       Tnw = 3398.08
       Tec = 12133.9
     twoNb = 1.33791e+06
     twoNe = 231653
     twoNc = 226412
     twoNw = 1.49609e+06
    twoNec = 75238.3
    twoNnw = 159651
  twoNecnw = 15651.8
  twoNbecnw = 86165.4
        m2 = 0.0173659
        m4 = 0.00351935
        m5 = 0.472203
        m6 = 0.362849
        Tb = 35303
        Td = 6066.94
        Te = 3033.47
        Tf = 1516.73
DiffEv reached_goal. cost=2.29982e-03 spread=2.85358e-06
Fitted parameter values
Free:
       pc1 = -3.84261
       pc2 = -1.81812
       pc3 = 2.64208
       pc4 = -1.96671
       pc5 = 3.37879
       pc6 = -1.93897
       pc7 = -1.58863
       pc8 = 0.552892
       pc9 = 0.764349
      pc10 = 0.229184
      pc11 = -0.315159
      pc12 = 0.0281668
      pc13 = 0.0956628
      pc14 = 0.122716
      pc15 = -0.0105188
Constrained:
     Tecnw = 59243.7
       Tnw = 239.655
       Tec = 915.33
     twoNb = 3.07717e+06
     twoNe = 498000
     twoNc = 847363
     twoNw = 2.38039e+06
    twoNec = 108830
    twoNnw = 180377
  twoNecnw = 14623.6
  twoNbecnw = 87343.9
        m2 = 0.0181764
        m4 = 0.00832638
        m5 = 0.456986
        m6 = 0.355553
        Tb = 30079.5
        Td = 457.665
        Te = 228.832
        Tf = 114.416
#       SitePat  BranchLen
              b 147151.1244817
              e 57051.5548883
              c 59847.5363344
              n 54227.3565914
              w 54226.1141247
            b:e 2706.8601707
            b:c 3134.8730121
            b:n 2225.7945289
            b:w 2225.7212805
            e:c 12412.2534675
            e:n 6441.4421629
            e:w 6441.3473322
            c:n 5657.9458421
            c:w 5659.0398987
            n:w 14406.5790707
          b:e:c 2501.3078728
          b:e:n 1298.0995295
          b:e:w 1298.0409044
          b:c:n 1298.5843841
          b:c:w 1298.6429858
          b:n:w 2497.0153604
          e:c:n 5340.1695071
          e:c:w 5340.4127480
          e:n:w 8218.5353460
          c:n:w 6969.4845642
        b:e:c:n 2227.2775611
        b:e:c:w 2227.3508329
        b:e:n:w 3106.5945623
        b:c:n:w 2696.3678750
        e:c:n:w 61282.4084565
