########################################
# legofit: estimate population history #
#       version 2.3.4-4-g53f8760       #
########################################

# Program was compiled: Sep 21 2021 14:36:42
# Program was run: Thu Sep 23 14:25:12 2021

# cmd: legofit -1 -d 0 -t 32 --ptsPerDim 3 --stateOut b1boot49.state --tol 3e-6 -S 5000 bdef2.lgo ../../boot/boot49.opf
# Stage nOptItr nSimReps
#     0    5000        0
# algorithm          : deterministic
# ignoring probs <=  : 0
# Branch length floor: 0
# DE strategy        : 2
#    F               : 0.3
#    CR              : 0.8
#    tolerance       : 3e-06
# nthreads           : 32
# lgo input file     : bdef2.lgo
# site pat input file: ../../boot/boot49.opf
# free parameters    : 15
# points in DE swarm : 45
# output state file  : b1boot49.state
# Including singleton site patterns.
# cost function      : KL
Initial parameter values
Fixed:
      zero = 0
       one = 1
    Tbecnw = 75200
Free:
       pc1 = 0
       pc2 = 0
       pc3 = 0
       pc4 = 0
       pc5 = 0
       pc6 = 0
       pc7 = 0
       pc8 = 0
       pc9 = 0
      pc10 = 0
      pc11 = 0
      pc12 = 0
      pc13 = 0
      pc14 = 0
      pc15 = 0
Constrained:
     Tecnw = 58472.1
       Tnw = 3398.08
       Tec = 12133.9
     twoNb = 1.33791e+06
     twoNe = 231653
     twoNc = 226412
     twoNw = 1.49609e+06
    twoNec = 75238.3
    twoNnw = 159651
  twoNecnw = 15651.8
  twoNbecnw = 86165.4
        m2 = 0.0173659
        m4 = 0.00351935
        m5 = 0.472203
        m6 = 0.362849
        Tb = 35303
        Td = 6066.94
        Te = 3033.47
        Tf = 1516.73
DiffEv reached_goal. cost=2.31668e-03 spread=1.79273e-06
Fitted parameter values
Free:
       pc1 = -3.98439
       pc2 = -1.80801
       pc3 = 3.66445
       pc4 = -1.94739
       pc5 = 3.94397
       pc6 = -1.99605
       pc7 = -1.25859
       pc8 = 0.639601
       pc9 = 0.824229
      pc10 = 0.428074
      pc11 = -0.427646
      pc12 = -0.0536302
      pc13 = -0.0024811
      pc14 = 0.189531
      pc15 = -0.023023
Constrained:
     Tecnw = 59227.7
       Tnw = 287.778
       Tec = 1149.88
     twoNb = 3.5123e+06
     twoNe = 532596
     twoNc = 1.04784e+06
     twoNw = 2.17947e+06
    twoNec = 109065
    twoNnw = 181980
  twoNecnw = 14649.3
  twoNbecnw = 87388.7
        m2 = 0.0179786
        m4 = 0.00975491
        m5 = 0.457085
        m6 = 0.357176
        Tb = 30188.8
        Td = 574.939
        Te = 287.47
        Tf = 143.735
#       SitePat  BranchLen
              b 147146.4565199
              e 57194.0105857
              c 59975.8731040
              n 54362.2937700
              w 54360.8777900
            b:e 2712.0751361
            b:c 3150.2493887
            b:n 2234.6600200
            b:w 2234.5762140
            e:c 12336.6458116
            e:n 6444.7755352
            e:w 6444.5009398
            c:n 5672.7691474
            c:w 5674.1804918
            n:w 14338.4578701
          b:e:c 2497.9299607
          b:e:n 1305.4527277
          b:e:w 1305.3693596
          b:c:n 1305.9120765
          b:c:w 1305.9954236
          b:n:w 2494.1272941
          e:c:n 5354.0663577
          e:c:w 5354.3455887
          e:n:w 8227.9957172
          c:n:w 6969.6468959
        b:e:c:n 2235.9991357
        b:e:c:w 2236.0829626
        b:e:n:w 3123.5397974
        b:c:n:w 2703.0932707
        e:c:n:w 61218.7296716
