########################################
# legofit: estimate population history #
#       version 2.3.4-4-g53f8760       #
########################################

# Program was compiled: Sep 21 2021 14:36:42
# Program was run: Thu Sep 23 14:25:01 2021

# cmd: legofit -1 -d 0 -t 32 --ptsPerDim 3 --stateOut b1boot42.state --tol 3e-6 -S 5000 bdef2.lgo ../../boot/boot42.opf
# Stage nOptItr nSimReps
#     0    5000        0
# algorithm          : deterministic
# ignoring probs <=  : 0
# Branch length floor: 0
# DE strategy        : 2
#    F               : 0.3
#    CR              : 0.8
#    tolerance       : 3e-06
# nthreads           : 32
# lgo input file     : bdef2.lgo
# site pat input file: ../../boot/boot42.opf
# free parameters    : 15
# points in DE swarm : 45
# output state file  : b1boot42.state
# Including singleton site patterns.
# cost function      : KL
Initial parameter values
Fixed:
      zero = 0
       one = 1
    Tbecnw = 75200
Free:
       pc1 = 0
       pc2 = 0
       pc3 = 0
       pc4 = 0
       pc5 = 0
       pc6 = 0
       pc7 = 0
       pc8 = 0
       pc9 = 0
      pc10 = 0
      pc11 = 0
      pc12 = 0
      pc13 = 0
      pc14 = 0
      pc15 = 0
Constrained:
     Tecnw = 58472.1
       Tnw = 3398.08
       Tec = 12133.9
     twoNb = 1.33791e+06
     twoNe = 231653
     twoNc = 226412
     twoNw = 1.49609e+06
    twoNec = 75238.3
    twoNnw = 159651
  twoNecnw = 15651.8
  twoNbecnw = 86165.4
        m2 = 0.0173659
        m4 = 0.00351935
        m5 = 0.472203
        m6 = 0.362849
        Tb = 35303
        Td = 6066.94
        Te = 3033.47
        Tf = 1516.73
DiffEv reached_goal. cost=2.29846e-03 spread=2.56992e-06
Fitted parameter values
Free:
       pc1 = -3.99343
       pc2 = -1.87728
       pc3 = 3.67572
       pc4 = -1.93152
       pc5 = 3.7647
       pc6 = -1.88331
       pc7 = -0.748796
       pc8 = -0.48487
       pc9 = 1.13276
      pc10 = 0.146883
      pc11 = -0.45759
      pc12 = -0.137143
      pc13 = 0.108899
      pc14 = 0.30317
      pc15 = -0.0155992
Constrained:
     Tecnw = 59282.2
       Tnw = 118.322
       Tec = 444.677
     twoNb = 3.1209e+06
     twoNe = 458696
     twoNc = 1.10026e+06
     twoNw = 1.90903e+06
    twoNec = 107909
    twoNnw = 182364
  twoNecnw = 14527.5
  twoNbecnw = 86893.3
        m2 = 0.0189876
        m4 = 0.0114084
        m5 = 0.456027
        m6 = 0.362171
        Tb = 29863.4
        Td = 222.339
        Te = 111.169
        Tf = 55.5847
#       SitePat  BranchLen
              b 146787.2386037
              e 57035.8294929
              c 59716.2374086
              n 54245.8650220
              w 54245.0494826
            b:e 2694.2804658
            b:c 3135.7706214
            b:n 2209.9894066
            b:w 2209.9417766
            e:c 12408.4693555
            e:n 6406.5143931
            e:w 6406.4783621
            c:n 5672.5062326
            c:w 5673.1995754
            n:w 14311.4760115
          b:e:c 2475.8229854
          b:e:n 1288.9595121
          b:e:w 1288.9238258
          b:c:n 1289.6114011
          b:c:w 1289.6470709
          b:n:w 2471.2004525
          e:c:n 5310.9418304
          e:c:w 5311.1000581
          e:n:w 8185.5889750
          c:n:w 6948.3583632
        b:e:c:n 2211.6720827
        b:e:c:w 2211.7197293
        b:e:n:w 3102.3730318
        b:c:n:w 2683.6173853
        e:c:n:w 61012.0942509
