########################################
# legofit: estimate population history #
#       version 2.3.4-4-g53f8760       #
########################################

# Program was compiled: Sep 21 2021 14:36:42
# Program was run: Thu Sep 23 14:24:44 2021

# cmd: legofit -1 -d 0 -t 32 --ptsPerDim 3 --stateOut b1boot26.state --tol 3e-6 -S 5000 bdef2.lgo ../../boot/boot26.opf
# Stage nOptItr nSimReps
#     0    5000        0
# algorithm          : deterministic
# ignoring probs <=  : 0
# Branch length floor: 0
# DE strategy        : 2
#    F               : 0.3
#    CR              : 0.8
#    tolerance       : 3e-06
# nthreads           : 32
# lgo input file     : bdef2.lgo
# site pat input file: ../../boot/boot26.opf
# free parameters    : 15
# points in DE swarm : 45
# output state file  : b1boot26.state
# Including singleton site patterns.
# cost function      : KL
Initial parameter values
Fixed:
      zero = 0
       one = 1
    Tbecnw = 75200
Free:
       pc1 = 0
       pc2 = 0
       pc3 = 0
       pc4 = 0
       pc5 = 0
       pc6 = 0
       pc7 = 0
       pc8 = 0
       pc9 = 0
      pc10 = 0
      pc11 = 0
      pc12 = 0
      pc13 = 0
      pc14 = 0
      pc15 = 0
Constrained:
     Tecnw = 58472.1
       Tnw = 3398.08
       Tec = 12133.9
     twoNb = 1.33791e+06
     twoNe = 231653
     twoNc = 226412
     twoNw = 1.49609e+06
    twoNec = 75238.3
    twoNnw = 159651
  twoNecnw = 15651.8
  twoNbecnw = 86165.4
        m2 = 0.0173659
        m4 = 0.00351935
        m5 = 0.472203
        m6 = 0.362849
        Tb = 35303
        Td = 6066.94
        Te = 3033.47
        Tf = 1516.73
DiffEv reached_goal. cost=2.30685e-03 spread=2.45175e-06
Fitted parameter values
Free:
       pc1 = -3.92679
       pc2 = -1.9603
       pc3 = 3.80965
       pc4 = -1.68281
       pc5 = 3.72616
       pc6 = -1.9729
       pc7 = -1.09162
       pc8 = 0.179287
       pc9 = 1.02406
      pc10 = 0.452729
      pc11 = -0.545998
      pc12 = -0.0608183
      pc13 = -0.043731
      pc14 = 0.270571
      pc15 = -0.0425521
Constrained:
     Tecnw = 59354.3
       Tnw = 261.557
       Tec = 998.135
     twoNb = 3.34623e+06
     twoNe = 542862
     twoNc = 1.03884e+06
     twoNw = 1.97318e+06
    twoNec = 107288
    twoNnw = 182745
  twoNecnw = 14566.3
  twoNbecnw = 87187.6
        m2 = 0.0175323
        m4 = 0.0105322
        m5 = 0.459239
        m6 = 0.359959
        Tb = 30176.2
        Td = 499.068
        Te = 249.534
        Tf = 124.767
#       SitePat  BranchLen
              b 146955.1630727
              e 57142.2760261
              c 59924.8981050
              n 54425.8560954
              w 54424.1914026
            b:e 2701.3673031
            b:c 3146.4333102
            b:n 2237.6480371
            b:w 2237.5497138
            e:c 12399.8211566
            e:n 6451.5408703
            e:w 6451.4158550
            c:n 5681.6105609
            c:w 5683.0747240
            n:w 14316.1421622
          b:e:c 2497.6401660
          b:e:n 1304.8753876
          b:e:w 1304.7968678
          b:c:n 1305.4010568
          b:c:w 1305.4795483
          b:n:w 2493.6738614
          e:c:n 5356.5846320
          e:c:w 5356.9101770
          e:n:w 8206.0056456
          c:n:w 6940.7208891
        b:e:c:n 2239.0518703
        b:e:c:w 2239.1502220
        b:e:n:w 3117.6653495
        b:c:n:w 2692.3251106
        e:c:n:w 61009.1193484
