########################################
# legofit: estimate population history #
#       version 2.3.4-4-g53f8760       #
########################################

# Program was compiled: Sep 21 2021 14:36:42
# Program was run: Thu Sep 23 14:25:01 2021

# cmd: legofit -1 -d 0 -t 32 --ptsPerDim 3 --stateOut b1boot40.state --tol 3e-6 -S 5000 bdef2.lgo ../../boot/boot40.opf
# Stage nOptItr nSimReps
#     0    5000        0
# algorithm          : deterministic
# ignoring probs <=  : 0
# Branch length floor: 0
# DE strategy        : 2
#    F               : 0.3
#    CR              : 0.8
#    tolerance       : 3e-06
# nthreads           : 32
# lgo input file     : bdef2.lgo
# site pat input file: ../../boot/boot40.opf
# free parameters    : 15
# points in DE swarm : 45
# output state file  : b1boot40.state
# Including singleton site patterns.
# cost function      : KL
Initial parameter values
Fixed:
      zero = 0
       one = 1
    Tbecnw = 75200
Free:
       pc1 = 0
       pc2 = 0
       pc3 = 0
       pc4 = 0
       pc5 = 0
       pc6 = 0
       pc7 = 0
       pc8 = 0
       pc9 = 0
      pc10 = 0
      pc11 = 0
      pc12 = 0
      pc13 = 0
      pc14 = 0
      pc15 = 0
Constrained:
     Tecnw = 58472.1
       Tnw = 3398.08
       Tec = 12133.9
     twoNb = 1.33791e+06
     twoNe = 231653
     twoNc = 226412
     twoNw = 1.49609e+06
    twoNec = 75238.3
    twoNnw = 159651
  twoNecnw = 15651.8
  twoNbecnw = 86165.4
        m2 = 0.0173659
        m4 = 0.00351935
        m5 = 0.472203
        m6 = 0.362849
        Tb = 35303
        Td = 6066.94
        Te = 3033.47
        Tf = 1516.73
DiffEv reached_goal. cost=2.30194e-03 spread=2.98978e-06
Fitted parameter values
Free:
       pc1 = -3.95234
       pc2 = -1.94478
       pc3 = 3.6123
       pc4 = -1.81827
       pc5 = 3.87518
       pc6 = -1.87072
       pc7 = -0.248111
       pc8 = 1.05719
       pc9 = 0.793972
      pc10 = 0.535834
      pc11 = -0.439342
      pc12 = -0.0514931
      pc13 = 0.0515032
      pc14 = 0.316365
      pc15 = 0.0107604
Constrained:
     Tecnw = 59308.6
       Tnw = 397.957
       Tec = 1530.03
     twoNb = 3.62781e+06
     twoNe = 437458
     twoNc = 1.16381e+06
     twoNw = 1.77028e+06
    twoNec = 106225
    twoNnw = 182169
  twoNecnw = 14544.3
  twoNbecnw = 87547.3
        m2 = 0.0182392
        m4 = 0.00849913
        m5 = 0.458579
        m6 = 0.358378
        Tb = 30419.3
        Td = 765.014
        Te = 382.507
        Tf = 191.254
#       SitePat  BranchLen
              b 147332.8495016
              e 57158.1292325
              c 59904.0814031
              n 54431.5311476
              w 54428.7868106
            b:e 2704.5536426
            b:c 3126.4926236
            b:n 2237.4099896
            b:w 2237.2476721
            e:c 12390.9616423
            e:n 6434.2935282
            e:w 6434.0420097
            c:n 5665.4948934
            c:w 5667.9530621
            n:w 14310.6357695
          b:e:c 2501.3095865
          b:e:n 1302.8656335
          b:e:w 1302.7316171
          b:c:n 1303.1988737
          b:c:w 1303.3328471
          b:n:w 2497.6672717
          e:c:n 5360.8617328
          e:c:w 5361.3994196
          e:n:w 8177.4225080
          c:n:w 6950.1945851
        b:e:c:n 2238.5728482
        b:e:c:w 2238.7352088
        b:e:n:w 3102.4399451
        b:c:n:w 2695.7298285
        e:c:n:w 61416.8185349
