########################################
# legofit: estimate population history #
#       version 2.3.4-4-g53f8760       #
########################################

# Program was compiled: Sep 21 2021 14:36:42
# Program was run: Thu Sep 23 14:24:55 2021

# cmd: legofit -1 -d 0 -t 32 --ptsPerDim 3 --stateOut b1boot36.state --tol 3e-6 -S 5000 bdef2.lgo ../../boot/boot36.opf
# Stage nOptItr nSimReps
#     0    5000        0
# algorithm          : deterministic
# ignoring probs <=  : 0
# Branch length floor: 0
# DE strategy        : 2
#    F               : 0.3
#    CR              : 0.8
#    tolerance       : 3e-06
# nthreads           : 32
# lgo input file     : bdef2.lgo
# site pat input file: ../../boot/boot36.opf
# free parameters    : 15
# points in DE swarm : 45
# output state file  : b1boot36.state
# Including singleton site patterns.
# cost function      : KL
Initial parameter values
Fixed:
      zero = 0
       one = 1
    Tbecnw = 75200
Free:
       pc1 = 0
       pc2 = 0
       pc3 = 0
       pc4 = 0
       pc5 = 0
       pc6 = 0
       pc7 = 0
       pc8 = 0
       pc9 = 0
      pc10 = 0
      pc11 = 0
      pc12 = 0
      pc13 = 0
      pc14 = 0
      pc15 = 0
Constrained:
     Tecnw = 58472.1
       Tnw = 3398.08
       Tec = 12133.9
     twoNb = 1.33791e+06
     twoNe = 231653
     twoNc = 226412
     twoNw = 1.49609e+06
    twoNec = 75238.3
    twoNnw = 159651
  twoNecnw = 15651.8
  twoNbecnw = 86165.4
        m2 = 0.0173659
        m4 = 0.00351935
        m5 = 0.472203
        m6 = 0.362849
        Tb = 35303
        Td = 6066.94
        Te = 3033.47
        Tf = 1516.73
DiffEv reached_goal. cost=2.32002e-03 spread=2.26979e-06
Fitted parameter values
Free:
       pc1 = -3.94948
       pc2 = -1.9937
       pc3 = 3.27456
       pc4 = -1.97055
       pc5 = 3.3666
       pc6 = -1.99033
       pc7 = -0.128061
       pc8 = 0.571519
       pc9 = 0.970994
      pc10 = 0.318806
      pc11 = -0.465103
      pc12 = -0.00688363
      pc13 = -0.100891
      pc14 = 0.216621
      pc15 = -0.0468392
Constrained:
     Tecnw = 59420.8
       Tnw = 252.062
       Tec = 1003.98
     twoNb = 3.33694e+06
     twoNe = 369798
     twoNc = 1.01696e+06
     twoNw = 1.7012e+06
    twoNec = 107800
    twoNnw = 182416
  twoNecnw = 14483.2
  twoNbecnw = 87278.7
        m2 = 0.0189323
        m4 = 0.0088613
        m5 = 0.460753
        m6 = 0.356653
        Tb = 30212.4
        Td = 501.989
        Te = 250.995
        Tf = 125.497
#       SitePat  BranchLen
              b 147046.7568846
              e 57145.4854097
              c 60011.8545976
              n 54421.0367857
              w 54419.4301992
            b:e 2707.3792692
            b:c 3149.0842345
            b:n 2233.7438436
            b:w 2233.6489665
            e:c 12396.8657521
            e:n 6460.8963412
            e:w 6460.6006642
            c:n 5658.0221448
            c:w 5659.6080279
            n:w 14340.9590929
          b:e:c 2499.9472043
          b:e:n 1303.1176102
          b:e:w 1303.0247518
          b:c:n 1303.5594831
          b:c:w 1303.6523152
          b:n:w 2495.8279287
          e:c:n 5343.3223478
          e:c:w 5343.6387283
          e:n:w 8222.5742604
          c:n:w 6941.5868103
        b:e:c:n 2235.1509964
        b:e:c:w 2235.2458998
        b:e:n:w 3121.7408971
        b:c:n:w 2697.4515905
        e:c:n:w 61090.3417428
