########################################
# legofit: estimate population history #
#       version 2.3.4-4-g53f8760       #
########################################

# Program was compiled: Sep 21 2021 14:36:42
# Program was run: Thu Sep 23 14:24:44 2021

# cmd: legofit -1 -d 0 -t 32 --ptsPerDim 3 --stateOut b1boot25.state --tol 3e-6 -S 5000 bdef2.lgo ../../boot/boot25.opf
# Stage nOptItr nSimReps
#     0    5000        0
# algorithm          : deterministic
# ignoring probs <=  : 0
# Branch length floor: 0
# DE strategy        : 2
#    F               : 0.3
#    CR              : 0.8
#    tolerance       : 3e-06
# nthreads           : 32
# lgo input file     : bdef2.lgo
# site pat input file: ../../boot/boot25.opf
# free parameters    : 15
# points in DE swarm : 45
# output state file  : b1boot25.state
# Including singleton site patterns.
# cost function      : KL
Initial parameter values
Fixed:
      zero = 0
       one = 1
    Tbecnw = 75200
Free:
       pc1 = 0
       pc2 = 0
       pc3 = 0
       pc4 = 0
       pc5 = 0
       pc6 = 0
       pc7 = 0
       pc8 = 0
       pc9 = 0
      pc10 = 0
      pc11 = 0
      pc12 = 0
      pc13 = 0
      pc14 = 0
      pc15 = 0
Constrained:
     Tecnw = 58472.1
       Tnw = 3398.08
       Tec = 12133.9
     twoNb = 1.33791e+06
     twoNe = 231653
     twoNc = 226412
     twoNw = 1.49609e+06
    twoNec = 75238.3
    twoNnw = 159651
  twoNecnw = 15651.8
  twoNbecnw = 86165.4
        m2 = 0.0173659
        m4 = 0.00351935
        m5 = 0.472203
        m6 = 0.362849
        Tb = 35303
        Td = 6066.94
        Te = 3033.47
        Tf = 1516.73
DiffEv reached_goal. cost=2.30505e-03 spread=2.77992e-06
Fitted parameter values
Free:
       pc1 = -3.92169
       pc2 = -1.74807
       pc3 = 3.64461
       pc4 = -1.916
       pc5 = 3.45301
       pc6 = -1.91176
       pc7 = 0.158996
       pc8 = 0.776271
       pc9 = 1.33659
      pc10 = 0.154046
      pc11 = -0.325718
      pc12 = -0.0427792
      pc13 = 0.0741162
      pc14 = 0.167434
      pc15 = -0.0431139
Constrained:
     Tecnw = 59458.3
       Tnw = 230.638
       Tec = 882.531
     twoNb = 3.55497e+06
     twoNe = 354123
     twoNc = 1.07645e+06
     twoNw = 1.55695e+06
    twoNec = 108343
    twoNnw = 180017
  twoNecnw = 14449.7
  twoNbecnw = 86784.9
        m2 = 0.0188559
        m4 = 0.0089486
        m5 = 0.459496
        m6 = 0.358911
        Tb = 30170.4
        Td = 441.266
        Te = 220.633
        Tf = 110.316
#       SitePat  BranchLen
              b 146670.1092706
              e 57081.3038769
              c 59884.5728079
              n 54202.4982411
              w 54200.6641997
            b:e 2697.9587834
            b:c 3129.4741673
            b:n 2209.6607914
            b:w 2209.5533453
            e:c 12362.1456163
            e:n 6444.5229380
            e:w 6444.3756068
            c:n 5661.6423491
            c:w 5663.2656201
            n:w 14384.0935064
          b:e:c 2484.0015616
          b:e:n 1291.1929090
          b:e:w 1291.1061112
          b:c:n 1291.6029942
          b:c:w 1291.6897615
          b:n:w 2480.1638267
          e:c:n 5299.5903638
          e:c:w 5299.9484654
          e:n:w 8210.1450964
          c:n:w 6953.5665736
        b:e:c:n 2210.9485969
        b:e:c:w 2211.0560736
        b:e:n:w 3103.8767647
        b:c:n:w 2688.6678127
        e:c:n:w 60828.8900061
