########################################
# legofit: estimate population history #
#       version 2.3.4-4-g53f8760       #
########################################

# Program was compiled: Sep 21 2021 14:36:42
# Program was run: Thu Sep 23 14:24:44 2021

# cmd: legofit -1 -d 0 -t 32 --ptsPerDim 3 --stateOut b1boot28.state --tol 3e-6 -S 5000 bdef2.lgo ../../boot/boot28.opf
# Stage nOptItr nSimReps
#     0    5000        0
# algorithm          : deterministic
# ignoring probs <=  : 0
# Branch length floor: 0
# DE strategy        : 2
#    F               : 0.3
#    CR              : 0.8
#    tolerance       : 3e-06
# nthreads           : 32
# lgo input file     : bdef2.lgo
# site pat input file: ../../boot/boot28.opf
# free parameters    : 15
# points in DE swarm : 45
# output state file  : b1boot28.state
# Including singleton site patterns.
# cost function      : KL
Initial parameter values
Fixed:
      zero = 0
       one = 1
    Tbecnw = 75200
Free:
       pc1 = 0
       pc2 = 0
       pc3 = 0
       pc4 = 0
       pc5 = 0
       pc6 = 0
       pc7 = 0
       pc8 = 0
       pc9 = 0
      pc10 = 0
      pc11 = 0
      pc12 = 0
      pc13 = 0
      pc14 = 0
      pc15 = 0
Constrained:
     Tecnw = 58472.1
       Tnw = 3398.08
       Tec = 12133.9
     twoNb = 1.33791e+06
     twoNe = 231653
     twoNc = 226412
     twoNw = 1.49609e+06
    twoNec = 75238.3
    twoNnw = 159651
  twoNecnw = 15651.8
  twoNbecnw = 86165.4
        m2 = 0.0173659
        m4 = 0.00351935
        m5 = 0.472203
        m6 = 0.362849
        Tb = 35303
        Td = 6066.94
        Te = 3033.47
        Tf = 1516.73
DiffEv reached_goal. cost=2.28779e-03 spread=2.91271e-06
Fitted parameter values
Free:
       pc1 = -3.91667
       pc2 = -1.99424
       pc3 = 3.92541
       pc4 = -1.98031
       pc5 = 3.67028
       pc6 = -1.84654
       pc7 = -0.248236
       pc8 = 0.570935
       pc9 = 1.02689
      pc10 = 0.411052
      pc11 = -0.530971
      pc12 = 0.00715092
      pc13 = -0.183924
      pc14 = 0.179045
      pc15 = -0.0621081
Constrained:
     Tecnw = 59449.3
       Tnw = 333.955
       Tec = 1281.29
     twoNb = 3.55551e+06
     twoNe = 405889
     twoNc = 1.11616e+06
     twoNw = 1.71837e+06
    twoNec = 107644
    twoNnw = 182147
  twoNecnw = 14493.5
  twoNbecnw = 87295.1
        m2 = 0.0179926
        m4 = 0.0100388
        m5 = 0.461468
        m6 = 0.357273
        Tb = 30365.3
        Td = 640.646
        Te = 320.323
        Tf = 160.162
#       SitePat  BranchLen
              b 147028.8353576
              e 57207.9597598
              c 60108.7855910
              n 54456.8101797
              w 54454.4248493
            b:e 2706.8931819
            b:c 3162.5701743
            b:n 2238.9680507
            b:w 2238.8269037
            e:c 12352.2116332
            e:n 6473.8017761
            e:w 6473.5963903
            c:n 5667.0463335
            c:w 5669.1694743
            n:w 14334.7529083
          b:e:c 2501.7552510
          b:e:n 1307.6857577
          b:e:w 1307.5705458
          b:c:n 1308.1237336
          b:c:w 1308.2389072
          b:n:w 2497.9906045
          e:c:n 5350.3555670
          e:c:w 5350.8231425
          e:n:w 8248.0678076
          c:n:w 6939.3082401
        b:e:c:n 2240.2415131
        b:e:c:w 2240.3826985
        b:e:n:w 3135.8597872
        b:c:n:w 2698.1925525
        e:c:n:w 61024.9302077
