########################################
# legofit: estimate population history #
#       version 2.3.4-4-g53f8760       #
########################################

# Program was compiled: Sep 21 2021 14:36:42
# Program was run: Thu Sep 23 14:24:55 2021

# cmd: legofit -1 -d 0 -t 32 --ptsPerDim 3 --stateOut b1boot35.state --tol 3e-6 -S 5000 bdef2.lgo ../../boot/boot35.opf
# Stage nOptItr nSimReps
#     0    5000        0
# algorithm          : deterministic
# ignoring probs <=  : 0
# Branch length floor: 0
# DE strategy        : 2
#    F               : 0.3
#    CR              : 0.8
#    tolerance       : 3e-06
# nthreads           : 32
# lgo input file     : bdef2.lgo
# site pat input file: ../../boot/boot35.opf
# free parameters    : 15
# points in DE swarm : 45
# output state file  : b1boot35.state
# Including singleton site patterns.
# cost function      : KL
Initial parameter values
Fixed:
      zero = 0
       one = 1
    Tbecnw = 75200
Free:
       pc1 = 0
       pc2 = 0
       pc3 = 0
       pc4 = 0
       pc5 = 0
       pc6 = 0
       pc7 = 0
       pc8 = 0
       pc9 = 0
      pc10 = 0
      pc11 = 0
      pc12 = 0
      pc13 = 0
      pc14 = 0
      pc15 = 0
Constrained:
     Tecnw = 58472.1
       Tnw = 3398.08
       Tec = 12133.9
     twoNb = 1.33791e+06
     twoNe = 231653
     twoNc = 226412
     twoNw = 1.49609e+06
    twoNec = 75238.3
    twoNnw = 159651
  twoNecnw = 15651.8
  twoNbecnw = 86165.4
        m2 = 0.0173659
        m4 = 0.00351935
        m5 = 0.472203
        m6 = 0.362849
        Tb = 35303
        Td = 6066.94
        Te = 3033.47
        Tf = 1516.73
DiffEv reached_goal. cost=2.28167e-03 spread=2.70789e-06
Fitted parameter values
Free:
       pc1 = -3.99619
       pc2 = -1.95747
       pc3 = 3.8171
       pc4 = -1.46576
       pc5 = 3.73722
       pc6 = -1.87676
       pc7 = -0.820759
       pc8 = 0.323228
       pc9 = 0.73417
      pc10 = 0.243105
      pc11 = -0.384882
      pc12 = -0.0440974
      pc13 = -0.0493207
      pc14 = 0.141546
      pc15 = -0.0328684
Constrained:
     Tecnw = 59372.3
       Tnw = 355.541
       Tec = 1399.75
     twoNb = 3.34044e+06
     twoNe = 545503
     twoNc = 1.09195e+06
     twoNw = 1.80979e+06
    twoNec = 109027
    twoNnw = 180687
  twoNecnw = 14529.5
  twoNbecnw = 87438.1
        m2 = 0.0178944
        m4 = 0.0101592
        m5 = 0.457229
        m6 = 0.356811
        Tb = 30386
        Td = 699.876
        Te = 349.938
        Tf = 174.969
#       SitePat  BranchLen
              b 147182.9158340
              e 57261.4147735
              c 60081.8115753
              n 54349.0656943
              w 54346.8530096
            b:e 2716.0098605
            b:c 3164.1373244
            b:n 2231.1745559
            b:w 2231.0436630
            e:c 12310.7187582
            e:n 6449.1001093
            e:w 6448.7660461
            c:n 5668.2696562
            c:w 5670.3811960
            n:w 14380.3976753
          b:e:c 2501.5682601
          b:e:n 1304.6235600
          b:e:w 1304.5026445
          b:c:n 1305.0915423
          b:c:w 1305.2124223
          b:n:w 2497.5714893
          e:c:n 5338.3626916
          e:c:w 5338.7978996
          e:n:w 8257.8195140
          c:n:w 6976.1880870
        b:e:c:n 2232.5480343
        b:e:c:w 2232.6789628
        b:e:n:w 3135.5538005
        b:c:n:w 2706.6985048
        e:c:n:w 61218.8655438
