########################################
# legofit: estimate population history #
#       version 2.3.4-4-g53f8760       #
########################################

# Program was compiled: Sep 21 2021 14:36:42
# Program was run: Thu Sep 23 14:24:50 2021

# cmd: legofit -1 -d 0 -t 32 --ptsPerDim 3 --stateOut b1boot32.state --tol 3e-6 -S 5000 bdef2.lgo ../../boot/boot32.opf
# Stage nOptItr nSimReps
#     0    5000        0
# algorithm          : deterministic
# ignoring probs <=  : 0
# Branch length floor: 0
# DE strategy        : 2
#    F               : 0.3
#    CR              : 0.8
#    tolerance       : 3e-06
# nthreads           : 32
# lgo input file     : bdef2.lgo
# site pat input file: ../../boot/boot32.opf
# free parameters    : 15
# points in DE swarm : 45
# output state file  : b1boot32.state
# Including singleton site patterns.
# cost function      : KL
Initial parameter values
Fixed:
      zero = 0
       one = 1
    Tbecnw = 75200
Free:
       pc1 = 0
       pc2 = 0
       pc3 = 0
       pc4 = 0
       pc5 = 0
       pc6 = 0
       pc7 = 0
       pc8 = 0
       pc9 = 0
      pc10 = 0
      pc11 = 0
      pc12 = 0
      pc13 = 0
      pc14 = 0
      pc15 = 0
Constrained:
     Tecnw = 58472.1
       Tnw = 3398.08
       Tec = 12133.9
     twoNb = 1.33791e+06
     twoNe = 231653
     twoNc = 226412
     twoNw = 1.49609e+06
    twoNec = 75238.3
    twoNnw = 159651
  twoNecnw = 15651.8
  twoNbecnw = 86165.4
        m2 = 0.0173659
        m4 = 0.00351935
        m5 = 0.472203
        m6 = 0.362849
        Tb = 35303
        Td = 6066.94
        Te = 3033.47
        Tf = 1516.73
DiffEv reached_goal. cost=2.34481e-03 spread=2.96602e-06
Fitted parameter values
Free:
       pc1 = -3.83407
       pc2 = -1.86754
       pc3 = 3.9886
       pc4 = -1.87747
       pc5 = 3.09898
       pc6 = -1.8548
       pc7 = -0.0484545
       pc8 = 0.376069
       pc9 = 0.551695
      pc10 = 0.194595
      pc11 = -0.228531
      pc12 = 0.0123018
      pc13 = -0.00960464
      pc14 = 0.176434
      pc15 = 0.0231884
Constrained:
     Tecnw = 59301.8
       Tnw = 510.167
       Tec = 2034.68
     twoNb = 3.41678e+06
     twoNe = 377737
     twoNc = 962076
     twoNw = 1.48875e+06
    twoNec = 105883
    twoNnw = 179751
  twoNecnw = 14481.8
  twoNbecnw = 87566
        m2 = 0.0182212
        m4 = 0.0102387
        m5 = 0.455626
        m6 = 0.355625
        Tb = 30668.2
        Td = 1017.34
        Te = 508.669
        Tf = 254.335
#       SitePat  BranchLen
              b 147409.6355336
              e 57154.1700686
              c 59962.4320122
              n 54299.8195185
              w 54296.1532515
            b:e 2695.6554001
            b:c 3143.2708452
            b:n 2218.0265050
            b:w 2217.8104092
            e:c 12341.8220283
            e:n 6404.5817393
            e:w 6403.8927291
            c:n 5628.5775343
            c:w 5632.2111882
            n:w 14365.1572437
          b:e:c 2496.4350072
          b:e:n 1291.6484268
          b:e:w 1291.4354933
          b:c:n 1292.0103121
          b:c:w 1292.2231896
          b:n:w 2492.4566453
          e:c:n 5322.4454031
          e:c:w 5323.1670264
          e:n:w 8224.2910073
          c:n:w 6943.6106308
        b:e:c:n 2219.2869494
        b:e:c:w 2219.5031013
        b:e:n:w 3115.0833125
        b:c:n:w 2686.4224646
        e:c:n:w 61577.4859026
