########################################
# legofit: estimate population history #
#       version 2.3.4-4-g53f8760       #
########################################

# Program was compiled: Sep 21 2021 14:36:42
# Program was run: Thu Sep 23 14:24:20 2021

# cmd: legofit -1 -d 0 -t 32 --ptsPerDim 3 --stateOut b1boot5.state --tol 3e-6 -S 5000 bdef2.lgo ../../boot/boot5.opf
# Stage nOptItr nSimReps
#     0    5000        0
# algorithm          : deterministic
# ignoring probs <=  : 0
# Branch length floor: 0
# DE strategy        : 2
#    F               : 0.3
#    CR              : 0.8
#    tolerance       : 3e-06
# nthreads           : 32
# lgo input file     : bdef2.lgo
# site pat input file: ../../boot/boot5.opf
# free parameters    : 15
# points in DE swarm : 45
# output state file  : b1boot5.state
# Including singleton site patterns.
# cost function      : KL
Initial parameter values
Fixed:
      zero = 0
       one = 1
    Tbecnw = 75200
Free:
       pc1 = 0
       pc2 = 0
       pc3 = 0
       pc4 = 0
       pc5 = 0
       pc6 = 0
       pc7 = 0
       pc8 = 0
       pc9 = 0
      pc10 = 0
      pc11 = 0
      pc12 = 0
      pc13 = 0
      pc14 = 0
      pc15 = 0
Constrained:
     Tecnw = 58472.1
       Tnw = 3398.08
       Tec = 12133.9
     twoNb = 1.33791e+06
     twoNe = 231653
     twoNc = 226412
     twoNw = 1.49609e+06
    twoNec = 75238.3
    twoNnw = 159651
  twoNecnw = 15651.8
  twoNbecnw = 86165.4
        m2 = 0.0173659
        m4 = 0.00351935
        m5 = 0.472203
        m6 = 0.362849
        Tb = 35303
        Td = 6066.94
        Te = 3033.47
        Tf = 1516.73
DiffEv reached_goal. cost=2.28995e-03 spread=2.85743e-06
Fitted parameter values
Free:
       pc1 = -3.78059
       pc2 = -1.92509
       pc3 = 3.26096
       pc4 = -1.92381
       pc5 = 3.55433
       pc6 = -1.95988
       pc7 = -1.09121
       pc8 = 0.370359
       pc9 = 0.940737
      pc10 = 0.230948
      pc11 = -0.324389
      pc12 = 0.0124206
      pc13 = 0.0693807
      pc14 = 0.200856
      pc15 = -0.0210977
Constrained:
     Tecnw = 59419
       Tnw = 261.674
       Tec = 1000.79
     twoNb = 3.24367e+06
     twoNe = 479231
     twoNc = 957164
     twoNw = 2.11026e+06
    twoNec = 107093
    twoNnw = 180768
  twoNecnw = 14458.7
  twoNbecnw = 87231.6
        m2 = 0.0184221
        m4 = 0.00946055
        m5 = 0.457805
        m6 = 0.358433
        Tb = 30209.9
        Td = 500.395
        Te = 250.198
        Tf = 125.099
#       SitePat  BranchLen
              b 147057.7380075
              e 57080.8069727
              c 59858.4830540
              n 54292.7067828
              w 54291.1700027
            b:e 2701.1842235
            b:c 3136.8513647
            b:n 2222.8354187
            b:w 2222.7450485
            e:c 12436.2958344
            e:n 6432.8496186
            e:w 6432.7273694
            c:n 5660.4324972
            c:w 5661.7913760
            n:w 14387.0461275
          b:e:c 2498.3599719
          b:e:n 1294.9345745
          b:e:w 1294.8616973
          b:c:n 1295.4312430
          b:c:w 1295.5040925
          b:n:w 2494.1631907
          e:c:n 5327.0120848
          e:c:w 5327.3122353
          e:n:w 8206.2173527
          c:n:w 6952.0607105
        b:e:c:n 2224.2828065
        b:e:c:w 2224.3732044
        b:e:n:w 3108.2180677
        b:c:n:w 2691.2455387
        e:c:n:w 61173.2924363
