########################################
# legofit: estimate population history #
#       version 2.3.4-4-g53f8760       #
########################################

# Program was compiled: Sep 21 2021 14:36:42
# Program was run: Thu Sep 23 14:25:01 2021

# cmd: legofit -1 -d 0 -t 32 --ptsPerDim 3 --stateOut b1boot45.state --tol 3e-6 -S 5000 bdef2.lgo ../../boot/boot45.opf
# Stage nOptItr nSimReps
#     0    5000        0
# algorithm          : deterministic
# ignoring probs <=  : 0
# Branch length floor: 0
# DE strategy        : 2
#    F               : 0.3
#    CR              : 0.8
#    tolerance       : 3e-06
# nthreads           : 32
# lgo input file     : bdef2.lgo
# site pat input file: ../../boot/boot45.opf
# free parameters    : 15
# points in DE swarm : 45
# output state file  : b1boot45.state
# Including singleton site patterns.
# cost function      : KL
Initial parameter values
Fixed:
      zero = 0
       one = 1
    Tbecnw = 75200
Free:
       pc1 = 0
       pc2 = 0
       pc3 = 0
       pc4 = 0
       pc5 = 0
       pc6 = 0
       pc7 = 0
       pc8 = 0
       pc9 = 0
      pc10 = 0
      pc11 = 0
      pc12 = 0
      pc13 = 0
      pc14 = 0
      pc15 = 0
Constrained:
     Tecnw = 58472.1
       Tnw = 3398.08
       Tec = 12133.9
     twoNb = 1.33791e+06
     twoNe = 231653
     twoNc = 226412
     twoNw = 1.49609e+06
    twoNec = 75238.3
    twoNnw = 159651
  twoNecnw = 15651.8
  twoNbecnw = 86165.4
        m2 = 0.0173659
        m4 = 0.00351935
        m5 = 0.472203
        m6 = 0.362849
        Tb = 35303
        Td = 6066.94
        Te = 3033.47
        Tf = 1516.73
DiffEv reached_goal. cost=2.33457e-03 spread=2.88870e-06
Fitted parameter values
Free:
       pc1 = -3.99952
       pc2 = -1.96339
       pc3 = 3.17859
       pc4 = -1.64655
       pc5 = 3.96363
       pc6 = -1.99572
       pc7 = -1.67138
       pc8 = 0.675884
       pc9 = 0.854042
      pc10 = 0.402683
      pc11 = -0.350795
      pc12 = -0.00440609
      pc13 = -0.0133761
      pc14 = 0.192629
      pc15 = 0.0131314
Constrained:
     Tecnw = 59347.2
       Tnw = 233.236
       Tec = 920.314
     twoNb = 3.31239e+06
     twoNe = 605175
     twoNc = 1.0259e+06
     twoNw = 2.34092e+06
    twoNec = 109442
    twoNnw = 181883
  twoNecnw = 14479.1
  twoNbecnw = 87382.4
        m2 = 0.017724
        m4 = 0.00887726
        m5 = 0.457528
        m6 = 0.356298
        Tb = 30133.7
        Td = 460.157
        Te = 230.078
        Tf = 115.039
#       SitePat  BranchLen
              b 147230.6484997
              e 57130.1111705
              c 59922.0988265
              n 54332.6943628
              w 54331.5810536
            b:e 2695.7395472
            b:c 3126.5191881
            b:n 2222.4724622
            b:w 2222.4069633
            e:c 12349.4318716
            e:n 6431.9429997
            e:w 6431.7687580
            c:n 5651.0989454
            c:w 5652.1681212
            n:w 14334.5140559
          b:e:c 2488.2442641
          b:e:n 1297.2481219
          b:e:w 1297.1869506
          b:c:n 1297.7163557
          b:c:w 1297.7775093
          b:n:w 2484.3219520
          e:c:n 5330.2542926
          e:c:w 5330.4726679
          e:n:w 8187.7462484
          c:n:w 6937.7647092
        b:e:c:n 2223.8512021
        b:e:c:w 2223.9167187
        b:e:n:w 3099.6889643
        b:c:n:w 2686.2891051
        e:c:n:w 61376.4240268
