########################################
# legofit: estimate population history #
#       version 2.3.4-4-g53f8760       #
########################################

# Program was compiled: Sep 21 2021 14:36:42
# Program was run: Thu Sep 23 14:24:36 2021

# cmd: legofit -1 -d 0 -t 32 --ptsPerDim 3 --stateOut b1boot18.state --tol 3e-6 -S 5000 bdef2.lgo ../../boot/boot18.opf
# Stage nOptItr nSimReps
#     0    5000        0
# algorithm          : deterministic
# ignoring probs <=  : 0
# Branch length floor: 0
# DE strategy        : 2
#    F               : 0.3
#    CR              : 0.8
#    tolerance       : 3e-06
# nthreads           : 32
# lgo input file     : bdef2.lgo
# site pat input file: ../../boot/boot18.opf
# free parameters    : 15
# points in DE swarm : 45
# output state file  : b1boot18.state
# Including singleton site patterns.
# cost function      : KL
Initial parameter values
Fixed:
      zero = 0
       one = 1
    Tbecnw = 75200
Free:
       pc1 = 0
       pc2 = 0
       pc3 = 0
       pc4 = 0
       pc5 = 0
       pc6 = 0
       pc7 = 0
       pc8 = 0
       pc9 = 0
      pc10 = 0
      pc11 = 0
      pc12 = 0
      pc13 = 0
      pc14 = 0
      pc15 = 0
Constrained:
     Tecnw = 58472.1
       Tnw = 3398.08
       Tec = 12133.9
     twoNb = 1.33791e+06
     twoNe = 231653
     twoNc = 226412
     twoNw = 1.49609e+06
    twoNec = 75238.3
    twoNnw = 159651
  twoNecnw = 15651.8
  twoNbecnw = 86165.4
        m2 = 0.0173659
        m4 = 0.00351935
        m5 = 0.472203
        m6 = 0.362849
        Tb = 35303
        Td = 6066.94
        Te = 3033.47
        Tf = 1516.73
DiffEv reached_goal. cost=2.33320e-03 spread=2.13009e-06
Fitted parameter values
Free:
       pc1 = -3.96339
       pc2 = -1.99921
       pc3 = 3.48818
       pc4 = -1.98053
       pc5 = 3.95019
       pc6 = -1.97983
       pc7 = -0.799299
       pc8 = 1.00212
       pc9 = 1.07953
      pc10 = 0.413147
      pc11 = -0.377895
      pc12 = -0.0831575
      pc13 = 0.0709577
      pc14 = 0.242082
      pc15 = -0.0349403
Constrained:
     Tecnw = 59503
       Tnw = 223.591
       Tec = 842.226
     twoNb = 3.60017e+06
     twoNe = 471402
     twoNc = 1.09925e+06
     twoNw = 2.05488e+06
    twoNec = 109188
    twoNnw = 182045
  twoNecnw = 14428.5
  twoNbecnw = 87293.8
        m2 = 0.0182072
        m4 = 0.00868465
        m5 = 0.458684
        m6 = 0.359277
        Tb = 30172.6
        Td = 421.113
        Te = 210.556
        Tf = 105.278
#       SitePat  BranchLen
              b 147062.9806998
              e 57237.5874491
              c 59987.4676516
              n 54407.9330381
              w 54406.5169881
            b:e 2714.6918719
            b:c 3137.9942803
            b:n 2233.7099891
            b:w 2233.6264885
            e:c 12374.7524709
            e:n 6453.0831955
            e:w 6453.0156843
            c:n 5683.7827798
            c:w 5684.9903149
            n:w 14358.3880895
          b:e:c 2499.2799649
          b:e:n 1304.8926253
          b:e:w 1304.8296971
          b:c:n 1305.3097393
          b:c:w 1305.3726442
          b:n:w 2495.6056762
          e:c:n 5340.2132412
          e:c:w 5340.4892673
          e:n:w 8198.3623238
          c:n:w 6969.1980689
        b:e:c:n 2234.9736666
        b:e:c:w 2235.0571905
        b:e:n:w 3113.4288472
        b:c:n:w 2705.7762150
        e:c:n:w 61082.8721005
