########################################
# legofit: estimate population history #
#       version 2.3.4-4-g53f8760       #
########################################

# Program was compiled: Sep 21 2021 14:36:42
# Program was run: Thu Sep 23 14:25:12 2021

# cmd: legofit -1 -d 0 -t 32 --ptsPerDim 3 --stateOut b1boot47.state --tol 3e-6 -S 5000 bdef2.lgo ../../boot/boot47.opf
# Stage nOptItr nSimReps
#     0    5000        0
# algorithm          : deterministic
# ignoring probs <=  : 0
# Branch length floor: 0
# DE strategy        : 2
#    F               : 0.3
#    CR              : 0.8
#    tolerance       : 3e-06
# nthreads           : 32
# lgo input file     : bdef2.lgo
# site pat input file: ../../boot/boot47.opf
# free parameters    : 15
# points in DE swarm : 45
# output state file  : b1boot47.state
# Including singleton site patterns.
# cost function      : KL
Initial parameter values
Fixed:
      zero = 0
       one = 1
    Tbecnw = 75200
Free:
       pc1 = 0
       pc2 = 0
       pc3 = 0
       pc4 = 0
       pc5 = 0
       pc6 = 0
       pc7 = 0
       pc8 = 0
       pc9 = 0
      pc10 = 0
      pc11 = 0
      pc12 = 0
      pc13 = 0
      pc14 = 0
      pc15 = 0
Constrained:
     Tecnw = 58472.1
       Tnw = 3398.08
       Tec = 12133.9
     twoNb = 1.33791e+06
     twoNe = 231653
     twoNc = 226412
     twoNw = 1.49609e+06
    twoNec = 75238.3
    twoNnw = 159651
  twoNecnw = 15651.8
  twoNbecnw = 86165.4
        m2 = 0.0173659
        m4 = 0.00351935
        m5 = 0.472203
        m6 = 0.362849
        Tb = 35303
        Td = 6066.94
        Te = 3033.47
        Tf = 1516.73
DiffEv reached_goal. cost=2.29101e-03 spread=2.88404e-06
Fitted parameter values
Free:
       pc1 = -3.98914
       pc2 = -1.99127
       pc3 = 3.49532
       pc4 = -1.93221
       pc5 = 3.5993
       pc6 = -1.95285
       pc7 = -1.63477
       pc8 = 1.00234
       pc9 = 0.678147
      pc10 = 0.40026
      pc11 = -0.180763
      pc12 = -0.0188868
      pc13 = 0.0262819
      pc14 = 0.132991
      pc15 = -0.026739
Constrained:
     Tecnw = 59467.8
       Tnw = 329.217
       Tec = 1307.7
     twoNb = 3.50058e+06
     twoNe = 549251
     twoNc = 907716
     twoNw = 2.2953e+06
    twoNec = 110445
    twoNnw = 180854
  twoNecnw = 14466.4
  twoNbecnw = 87643.3
        m2 = 0.0167933
        m4 = 0.00894208
        m5 = 0.455096
        m6 = 0.354646
        Tb = 30387.7
        Td = 653.848
        Te = 326.924
        Tf = 163.462
#       SitePat  BranchLen
              b 147359.4325009
              e 57340.0836511
              c 60127.5159658
              n 54427.9404011
              w 54426.3802019
            b:e 2719.2103180
            b:c 3150.3500550
            b:n 2240.7019235
            b:w 2240.6093994
            e:c 12344.1137829
            e:n 6444.1476811
            e:w 6443.8731487
            c:n 5665.9316143
            c:w 5667.4592832
            n:w 14420.4404183
          b:e:c 2513.8314702
          b:e:n 1308.7340778
          b:e:w 1308.6447595
          b:c:n 1309.1482565
          b:c:w 1309.2375527
          b:n:w 2510.2774331
          e:c:n 5350.3672582
          e:c:w 5350.6743209
          e:n:w 8227.4812702
          c:n:w 6977.2472910
        b:e:c:n 2241.9393429
        b:e:c:w 2242.0318889
        b:e:n:w 3125.4911147
        b:c:n:w 2710.7760027
        e:c:n:w 61329.7920106
