########################################
# legofit: estimate population history #
#       version 2.3.4-4-g53f8760       #
########################################

# Program was compiled: Sep 21 2021 14:36:42
# Program was run: Thu Sep 23 14:24:50 2021

# cmd: legofit -1 -d 0 -t 32 --ptsPerDim 3 --stateOut b1boot29.state --tol 3e-6 -S 5000 bdef2.lgo ../../boot/boot29.opf
# Stage nOptItr nSimReps
#     0    5000        0
# algorithm          : deterministic
# ignoring probs <=  : 0
# Branch length floor: 0
# DE strategy        : 2
#    F               : 0.3
#    CR              : 0.8
#    tolerance       : 3e-06
# nthreads           : 32
# lgo input file     : bdef2.lgo
# site pat input file: ../../boot/boot29.opf
# free parameters    : 15
# points in DE swarm : 45
# output state file  : b1boot29.state
# Including singleton site patterns.
# cost function      : KL
Initial parameter values
Fixed:
      zero = 0
       one = 1
    Tbecnw = 75200
Free:
       pc1 = 0
       pc2 = 0
       pc3 = 0
       pc4 = 0
       pc5 = 0
       pc6 = 0
       pc7 = 0
       pc8 = 0
       pc9 = 0
      pc10 = 0
      pc11 = 0
      pc12 = 0
      pc13 = 0
      pc14 = 0
      pc15 = 0
Constrained:
     Tecnw = 58472.1
       Tnw = 3398.08
       Tec = 12133.9
     twoNb = 1.33791e+06
     twoNe = 231653
     twoNc = 226412
     twoNw = 1.49609e+06
    twoNec = 75238.3
    twoNnw = 159651
  twoNecnw = 15651.8
  twoNbecnw = 86165.4
        m2 = 0.0173659
        m4 = 0.00351935
        m5 = 0.472203
        m6 = 0.362849
        Tb = 35303
        Td = 6066.94
        Te = 3033.47
        Tf = 1516.73
DiffEv reached_goal. cost=2.29853e-03 spread=2.88468e-06
Fitted parameter values
Free:
       pc1 = -3.927
       pc2 = -1.9636
       pc3 = 3.9974
       pc4 = -1.78631
       pc5 = 3.91838
       pc6 = -1.81377
       pc7 = -1.64445
       pc8 = 0.079341
       pc9 = 0.769253
      pc10 = 0.246915
      pc11 = -0.347972
      pc12 = 0.0159405
      pc13 = 0.0105007
      pc14 = 0.125082
      pc15 = 0.0163925
Constrained:
     Tecnw = 59332.2
       Tnw = 281.6
       Tec = 1085.9
     twoNb = 3.34266e+06
     twoNe = 589987
     twoNc = 1.04624e+06
     twoNw = 2.2226e+06
    twoNec = 108765
    twoNnw = 180446
  twoNecnw = 14472.7
  twoNbecnw = 87439.3
        m2 = 0.0171377
        m4 = 0.0113222
        m5 = 0.455437
        m6 = 0.357671
        Tb = 30209
        Td = 542.948
        Te = 271.474
        Tf = 135.737
#       SitePat  BranchLen
              b 147293.3210317
              e 57117.7552880
              c 59905.0250778
              n 54240.1481418
              w 54238.6219072
            b:e 2692.8050487
            b:c 3146.0941414
            b:n 2215.4321297
            b:w 2215.3424783
            e:c 12342.5691730
            e:n 6418.2572433
            e:w 6418.1070587
            c:n 5653.7241966
            c:w 5655.1023734
            n:w 14369.5697383
          b:e:c 2487.5812599
          b:e:n 1293.3030883
          b:e:w 1293.2279772
          b:c:n 1293.8645285
          b:c:w 1293.9396145
          b:n:w 2483.6241777
          e:c:n 5317.8563080
          e:c:w 5318.1545506
          e:n:w 8228.9432065
          c:n:w 6946.8669260
        b:e:c:n 2216.8548270
        b:e:c:w 2216.9445033
        b:e:n:w 3116.1329682
        b:c:n:w 2683.9150207
        e:c:n:w 61463.8902945
