########################################
# legofit: estimate population history #
#       version 2.3.4-4-g53f8760       #
########################################

# Program was compiled: Sep 21 2021 14:36:42
# Program was run: Thu Sep 23 14:24:55 2021

# cmd: legofit -1 -d 0 -t 32 --ptsPerDim 3 --stateOut b1boot39.state --tol 3e-6 -S 5000 bdef2.lgo ../../boot/boot39.opf
# Stage nOptItr nSimReps
#     0    5000        0
# algorithm          : deterministic
# ignoring probs <=  : 0
# Branch length floor: 0
# DE strategy        : 2
#    F               : 0.3
#    CR              : 0.8
#    tolerance       : 3e-06
# nthreads           : 32
# lgo input file     : bdef2.lgo
# site pat input file: ../../boot/boot39.opf
# free parameters    : 15
# points in DE swarm : 45
# output state file  : b1boot39.state
# Including singleton site patterns.
# cost function      : KL
Initial parameter values
Fixed:
      zero = 0
       one = 1
    Tbecnw = 75200
Free:
       pc1 = 0
       pc2 = 0
       pc3 = 0
       pc4 = 0
       pc5 = 0
       pc6 = 0
       pc7 = 0
       pc8 = 0
       pc9 = 0
      pc10 = 0
      pc11 = 0
      pc12 = 0
      pc13 = 0
      pc14 = 0
      pc15 = 0
Constrained:
     Tecnw = 58472.1
       Tnw = 3398.08
       Tec = 12133.9
     twoNb = 1.33791e+06
     twoNe = 231653
     twoNc = 226412
     twoNw = 1.49609e+06
    twoNec = 75238.3
    twoNnw = 159651
  twoNecnw = 15651.8
  twoNbecnw = 86165.4
        m2 = 0.0173659
        m4 = 0.00351935
        m5 = 0.472203
        m6 = 0.362849
        Tb = 35303
        Td = 6066.94
        Te = 3033.47
        Tf = 1516.73
DiffEv reached_goal. cost=2.27408e-03 spread=2.76331e-06
Fitted parameter values
Free:
       pc1 = -3.97277
       pc2 = -1.99836
       pc3 = 2.77875
       pc4 = -1.77543
       pc5 = 3.17667
       pc6 = -1.67428
       pc7 = -0.829344
       pc8 = 0.317636
       pc9 = 0.804443
      pc10 = 0.301856
      pc11 = -0.483858
      pc12 = -0.0225653
      pc13 = -0.0125971
      pc14 = 0.171465
      pc15 = -0.0628666
Constrained:
     Tecnw = 59324.6
       Tnw = 273.136
       Tec = 1008.58
     twoNb = 2.97567e+06
     twoNe = 426608
     twoNc = 954034
     twoNw = 1.96929e+06
    twoNec = 108645
    twoNnw = 181445
  twoNecnw = 14653.9
  twoNbecnw = 87358.3
        m2 = 0.0175931
        m4 = 0.00857156
        m5 = 0.459121
        m6 = 0.356121
        Tb = 30166.6
        Td = 504.289
        Te = 252.145
        Tf = 126.072
#       SitePat  BranchLen
              b 147051.9789713
              e 57157.6209955
              c 59991.0472277
              n 54388.7628812
              w 54386.8741750
            b:e 2718.5311745
            b:c 3154.4161420
            b:n 2246.9066566
            b:w 2246.7946141
            e:c 12419.7147951
            e:n 6474.8284715
            e:w 6474.8100052
            c:n 5680.0584650
            c:w 5681.5965086
            n:w 14398.2284103
          b:e:c 2515.5875696
          b:e:n 1311.0097552
          b:e:w 1310.9325092
          b:c:n 1311.5111166
          b:c:w 1311.5883249
          b:n:w 2511.2598187
          e:c:n 5371.4036283
          e:c:w 5371.7727572
          e:n:w 8237.9384456
          c:n:w 6972.5808417
        b:e:c:n 2248.3905004
        b:e:c:w 2248.5025806
        b:e:n:w 3125.2914666
        b:c:n:w 2708.1641967
        e:c:n:w 61034.5307424
