########################################
# legofit: estimate population history #
#       version 2.3.4-4-g53f8760       #
########################################

# Program was compiled: Sep 21 2021 14:36:42
# Program was run: Thu Sep 23 14:24:28 2021

# cmd: legofit -1 -d 0 -t 32 --ptsPerDim 3 --stateOut b1boot13.state --tol 3e-6 -S 5000 bdef2.lgo ../../boot/boot13.opf
# Stage nOptItr nSimReps
#     0    5000        0
# algorithm          : deterministic
# ignoring probs <=  : 0
# Branch length floor: 0
# DE strategy        : 2
#    F               : 0.3
#    CR              : 0.8
#    tolerance       : 3e-06
# nthreads           : 32
# lgo input file     : bdef2.lgo
# site pat input file: ../../boot/boot13.opf
# free parameters    : 15
# points in DE swarm : 45
# output state file  : b1boot13.state
# Including singleton site patterns.
# cost function      : KL
Initial parameter values
Fixed:
      zero = 0
       one = 1
    Tbecnw = 75200
Free:
       pc1 = 0
       pc2 = 0
       pc3 = 0
       pc4 = 0
       pc5 = 0
       pc6 = 0
       pc7 = 0
       pc8 = 0
       pc9 = 0
      pc10 = 0
      pc11 = 0
      pc12 = 0
      pc13 = 0
      pc14 = 0
      pc15 = 0
Constrained:
     Tecnw = 58472.1
       Tnw = 3398.08
       Tec = 12133.9
     twoNb = 1.33791e+06
     twoNe = 231653
     twoNc = 226412
     twoNw = 1.49609e+06
    twoNec = 75238.3
    twoNnw = 159651
  twoNecnw = 15651.8
  twoNbecnw = 86165.4
        m2 = 0.0173659
        m4 = 0.00351935
        m5 = 0.472203
        m6 = 0.362849
        Tb = 35303
        Td = 6066.94
        Te = 3033.47
        Tf = 1516.73
DiffEv reached_goal. cost=2.28396e-03 spread=2.87878e-06
Fitted parameter values
Free:
       pc1 = -3.90917
       pc2 = -1.96361
       pc3 = 3.1841
       pc4 = -1.81116
       pc5 = 3.85984
       pc6 = -1.98291
       pc7 = -0.753084
       pc8 = 0.955577
       pc9 = 0.777762
      pc10 = 0.242339
      pc11 = -0.30516
      pc12 = 0.0243318
      pc13 = 0.0450196
      pc14 = 0.190123
      pc15 = -0.00570416
Constrained:
     Tecnw = 59423.8
       Tnw = 316.947
       Tec = 1035.23
     twoNb = 3.43851e+06
     twoNe = 481098
     twoNc = 1.07736e+06
     twoNw = 2.02094e+06
    twoNec = 108323
    twoNnw = 180643
  twoNecnw = 14436.5
  twoNbecnw = 87510.8
        m2 = 0.0189495
        m4 = 0.00822961
        m5 = 0.457995
        m6 = 0.35624
        Tb = 30229.5
        Td = 517.616
        Te = 258.808
        Tf = 129.404
#       SitePat  BranchLen
              b 147305.9125416
              e 57146.7499512
              c 59951.6333712
              n 54325.3641427
              w 54322.5920117
            b:e 2711.7657844
            b:c 3139.9238032
            b:n 2226.1888125
            b:w 2226.0258490
            e:c 12404.9585070
            e:n 6438.8607965
            e:w 6439.2685077
            c:n 5652.9159533
            c:w 5654.7465592
            n:w 14391.0642430
          b:e:c 2502.3680836
          b:e:n 1298.4062497
          b:e:w 1298.3361292
          b:c:n 1298.8211730
          b:c:w 1298.8912372
          b:n:w 2498.3992057
          e:c:n 5330.5373934
          e:c:w 5331.0712073
          e:n:w 8218.6464716
          c:n:w 6967.3894530
        b:e:c:n 2227.4517813
        b:e:c:w 2227.6148011
        b:e:n:w 3114.2776480
        b:c:n:w 2701.9899884
        e:c:n:w 61386.0597760
