########################################
# legofit: estimate population history #
#       version 2.3.4-4-g53f8760       #
########################################

# Program was compiled: Sep 21 2021 14:36:42
# Program was run: Thu Sep 23 14:24:29 2021

# cmd: legofit -1 -d 0 -t 32 --ptsPerDim 3 --stateOut b1boot16.state --tol 3e-6 -S 5000 bdef2.lgo ../../boot/boot16.opf
# Stage nOptItr nSimReps
#     0    5000        0
# algorithm          : deterministic
# ignoring probs <=  : 0
# Branch length floor: 0
# DE strategy        : 2
#    F               : 0.3
#    CR              : 0.8
#    tolerance       : 3e-06
# nthreads           : 32
# lgo input file     : bdef2.lgo
# site pat input file: ../../boot/boot16.opf
# free parameters    : 15
# points in DE swarm : 45
# output state file  : b1boot16.state
# Including singleton site patterns.
# cost function      : KL
Initial parameter values
Fixed:
      zero = 0
       one = 1
    Tbecnw = 75200
Free:
       pc1 = 0
       pc2 = 0
       pc3 = 0
       pc4 = 0
       pc5 = 0
       pc6 = 0
       pc7 = 0
       pc8 = 0
       pc9 = 0
      pc10 = 0
      pc11 = 0
      pc12 = 0
      pc13 = 0
      pc14 = 0
      pc15 = 0
Constrained:
     Tecnw = 58472.1
       Tnw = 3398.08
       Tec = 12133.9
     twoNb = 1.33791e+06
     twoNe = 231653
     twoNc = 226412
     twoNw = 1.49609e+06
    twoNec = 75238.3
    twoNnw = 159651
  twoNecnw = 15651.8
  twoNbecnw = 86165.4
        m2 = 0.0173659
        m4 = 0.00351935
        m5 = 0.472203
        m6 = 0.362849
        Tb = 35303
        Td = 6066.94
        Te = 3033.47
        Tf = 1516.73
DiffEv reached_goal. cost=2.24969e-03 spread=1.90295e-06
Fitted parameter values
Free:
       pc1 = -3.97882
       pc2 = -1.99131
       pc3 = 3.99095
       pc4 = -1.69549
       pc5 = 3.81928
       pc6 = -1.98704
       pc7 = -0.282167
       pc8 = 0.543739
       pc9 = 0.679178
      pc10 = 0.244331
      pc11 = -0.282124
      pc12 = 0.0163663
      pc13 = -0.0284855
      pc14 = 0.225086
      pc15 = -0.0116187
Constrained:
     Tecnw = 59440.3
       Tnw = 372.092
       Tec = 1452.58
     twoNb = 3.53892e+06
     twoNe = 473984
     twoNc = 1.13727e+06
     twoNw = 1.65077e+06
    twoNec = 107067
    twoNnw = 181030
  twoNecnw = 14402.6
  twoNbecnw = 87566.1
        m2 = 0.0188321
        m4 = 0.0100035
        m5 = 0.456466
        m6 = 0.356416
        Tb = 30446.5
        Td = 726.288
        Te = 363.144
        Tf = 181.572
#       SitePat  BranchLen
              b 147346.4686595
              e 57212.9275343
              c 60020.4519384
              n 54391.5943170
              w 54388.9866887
            b:e 2709.3162927
            b:c 3154.6919905
            b:n 2227.3006351
            b:w 2227.1469055
            e:c 12392.9632456
            e:n 6422.2449273
            e:w 6421.9111047
            c:n 5645.0516624
            c:w 5647.4825790
            n:w 14379.0133535
          b:e:c 2503.9700452
          b:e:n 1297.6797792
          b:e:w 1297.5434549
          b:c:n 1298.0942910
          b:c:w 1298.2305731
          b:n:w 2500.0168047
          e:c:n 5329.3471779
          e:c:w 5329.8577122
          e:n:w 8231.2371623
          c:n:w 6956.1481808
        b:e:c:n 2228.6047502
        b:e:c:w 2228.7585221
        b:e:n:w 3127.3196270
        b:c:n:w 2700.0286671
        e:c:n:w 61411.4896622
