########################################
# legofit: estimate population history #
#       version 2.3.4-4-g53f8760       #
########################################

# Program was compiled: Sep 21 2021 14:36:42
# Program was run: Thu Sep 23 14:25:01 2021

# cmd: legofit -1 -d 0 -t 32 --ptsPerDim 3 --stateOut b1boot41.state --tol 3e-6 -S 5000 bdef2.lgo ../../boot/boot41.opf
# Stage nOptItr nSimReps
#     0    5000        0
# algorithm          : deterministic
# ignoring probs <=  : 0
# Branch length floor: 0
# DE strategy        : 2
#    F               : 0.3
#    CR              : 0.8
#    tolerance       : 3e-06
# nthreads           : 32
# lgo input file     : bdef2.lgo
# site pat input file: ../../boot/boot41.opf
# free parameters    : 15
# points in DE swarm : 45
# output state file  : b1boot41.state
# Including singleton site patterns.
# cost function      : KL
Initial parameter values
Fixed:
      zero = 0
       one = 1
    Tbecnw = 75200
Free:
       pc1 = 0
       pc2 = 0
       pc3 = 0
       pc4 = 0
       pc5 = 0
       pc6 = 0
       pc7 = 0
       pc8 = 0
       pc9 = 0
      pc10 = 0
      pc11 = 0
      pc12 = 0
      pc13 = 0
      pc14 = 0
      pc15 = 0
Constrained:
     Tecnw = 58472.1
       Tnw = 3398.08
       Tec = 12133.9
     twoNb = 1.33791e+06
     twoNe = 231653
     twoNc = 226412
     twoNw = 1.49609e+06
    twoNec = 75238.3
    twoNnw = 159651
  twoNecnw = 15651.8
  twoNbecnw = 86165.4
        m2 = 0.0173659
        m4 = 0.00351935
        m5 = 0.472203
        m6 = 0.362849
        Tb = 35303
        Td = 6066.94
        Te = 3033.47
        Tf = 1516.73
DiffEv reached_goal. cost=2.31017e-03 spread=2.78096e-06
Fitted parameter values
Free:
       pc1 = -3.92747
       pc2 = -1.92833
       pc3 = 2.48174
       pc4 = -1.94104
       pc5 = 3.91583
       pc6 = -1.86319
       pc7 = -0.987543
       pc8 = 0.212706
       pc9 = 0.750277
      pc10 = 0.240203
      pc11 = -0.318479
      pc12 = 0.0530929
      pc13 = -0.20267
      pc14 = 0.2137
      pc15 = -0.0715443
Constrained:
     Tecnw = 59369.3
       Tnw = 292.163
       Tec = 1162.3
     twoNb = 2.97495e+06
     twoNe = 458969
     twoNc = 1.09767e+06
     twoNw = 2.25295e+06
    twoNec = 107938
    twoNnw = 182562
  twoNecnw = 14532.7
  twoNbecnw = 87306.9
        m2 = 0.0199324
        m4 = 0.00855818
        m5 = 0.458716
        m6 = 0.353332
        Tb = 30265.8
        Td = 581.152
        Te = 290.576
        Tf = 145.288
#       SitePat  BranchLen
              b 147030.4153499
              e 57199.4954005
              c 60088.3327756
              n 54478.0368230
              w 54476.6375830
            b:e 2718.2691699
            b:c 3163.6944172
            b:n 2237.4201852
            b:w 2237.3374634
            e:c 12418.2962318
            e:n 6448.0165791
            e:w 6447.7645093
            c:n 5637.6073564
            c:w 5638.9834585
            n:w 14364.6993076
          b:e:c 2510.0262045
          b:e:n 1303.7337050
          b:e:w 1303.6532448
          b:c:n 1304.2445357
          b:c:w 1304.3249687
          b:n:w 2505.2030480
          e:c:n 5345.9215295
          e:c:w 5346.1967372
          e:n:w 8239.2014461
          c:n:w 6949.1728914
        b:e:c:n 2239.0745382
        b:e:c:w 2239.1572871
        b:e:n:w 3132.7009865
        b:c:n:w 2706.4746379
        e:c:n:w 61044.2221724
