########################################
# legofit: estimate population history #
#       version 2.3.4-4-g53f8760       #
########################################

# Program was compiled: Sep 21 2021 14:36:42
# Program was run: Thu Sep 23 14:24:36 2021

# cmd: legofit -1 -d 0 -t 32 --ptsPerDim 3 --stateOut b1boot17.state --tol 3e-6 -S 5000 bdef2.lgo ../../boot/boot17.opf
# Stage nOptItr nSimReps
#     0    5000        0
# algorithm          : deterministic
# ignoring probs <=  : 0
# Branch length floor: 0
# DE strategy        : 2
#    F               : 0.3
#    CR              : 0.8
#    tolerance       : 3e-06
# nthreads           : 32
# lgo input file     : bdef2.lgo
# site pat input file: ../../boot/boot17.opf
# free parameters    : 15
# points in DE swarm : 45
# output state file  : b1boot17.state
# Including singleton site patterns.
# cost function      : KL
Initial parameter values
Fixed:
      zero = 0
       one = 1
    Tbecnw = 75200
Free:
       pc1 = 0
       pc2 = 0
       pc3 = 0
       pc4 = 0
       pc5 = 0
       pc6 = 0
       pc7 = 0
       pc8 = 0
       pc9 = 0
      pc10 = 0
      pc11 = 0
      pc12 = 0
      pc13 = 0
      pc14 = 0
      pc15 = 0
Constrained:
     Tecnw = 58472.1
       Tnw = 3398.08
       Tec = 12133.9
     twoNb = 1.33791e+06
     twoNe = 231653
     twoNc = 226412
     twoNw = 1.49609e+06
    twoNec = 75238.3
    twoNnw = 159651
  twoNecnw = 15651.8
  twoNbecnw = 86165.4
        m2 = 0.0173659
        m4 = 0.00351935
        m5 = 0.472203
        m6 = 0.362849
        Tb = 35303
        Td = 6066.94
        Te = 3033.47
        Tf = 1516.73
DiffEv reached_goal. cost=2.31970e-03 spread=2.74626e-06
Fitted parameter values
Free:
       pc1 = -3.85347
       pc2 = -1.9604
       pc3 = 3.09038
       pc4 = -1.85107
       pc5 = 1.94987
       pc6 = -1.9968
       pc7 = -0.803418
       pc8 = 0.0396636
       pc9 = 0.776805
      pc10 = 0.148678
      pc11 = -0.275552
      pc12 = -0.125994
      pc13 = 0.155255
      pc14 = 0.217518
      pc15 = -0.0778492
Constrained:
     Tecnw = 59428.8
       Tnw = 317.291
       Tec = 1058.33
     twoNb = 2.8868e+06
     twoNe = 377763
     twoNc = 541819
     twoNw = 1.67893e+06
    twoNec = 108337
    twoNnw = 180537
  twoNecnw = 14599.5
  twoNbecnw = 87255.4
        m2 = 0.0168506
        m4 = 0.00935592
        m5 = 0.455506
        m6 = 0.357853
        Tb = 30243.6
        Td = 529.163
        Te = 264.582
        Tf = 132.291
#       SitePat  BranchLen
              b 146937.9066421
              e 57231.4501367
              c 59960.6257655
              n 54404.2499211
              w 54401.0232432
            b:e 2722.6732696
            b:c 3152.8842508
            b:n 2248.0193939
            b:w 2247.8282206
            e:c 12466.5713505
            e:n 6450.5869542
            e:w 6450.9870467
            c:n 5690.6606293
            c:w 5692.8631084
            n:w 14448.9112289
          b:e:c 2524.4837630
          b:e:n 1309.7182101
          b:e:w 1309.6287460
          b:c:n 1310.2596440
          b:c:w 1310.3490359
          b:n:w 2520.1055357
          e:c:n 5366.5375619
          e:c:w 5367.1616682
          e:n:w 8220.7976871
          c:n:w 6987.9143683
        b:e:c:n 2249.4681373
        b:e:c:w 2249.6593829
        b:e:n:w 3122.2093940
        b:c:n:w 2712.4946424
        e:c:n:w 60885.7549601
