########################################
# legofit: estimate population history #
#       version 2.3.4-4-g53f8760       #
########################################

# Program was compiled: Sep 21 2021 14:36:42
# Program was run: Thu Sep 23 14:24:28 2021

# cmd: legofit -1 -d 0 -t 32 --ptsPerDim 3 --stateOut b1boot14.state --tol 3e-6 -S 5000 bdef2.lgo ../../boot/boot14.opf
# Stage nOptItr nSimReps
#     0    5000        0
# algorithm          : deterministic
# ignoring probs <=  : 0
# Branch length floor: 0
# DE strategy        : 2
#    F               : 0.3
#    CR              : 0.8
#    tolerance       : 3e-06
# nthreads           : 32
# lgo input file     : bdef2.lgo
# site pat input file: ../../boot/boot14.opf
# free parameters    : 15
# points in DE swarm : 45
# output state file  : b1boot14.state
# Including singleton site patterns.
# cost function      : KL
Initial parameter values
Fixed:
      zero = 0
       one = 1
    Tbecnw = 75200
Free:
       pc1 = 0
       pc2 = 0
       pc3 = 0
       pc4 = 0
       pc5 = 0
       pc6 = 0
       pc7 = 0
       pc8 = 0
       pc9 = 0
      pc10 = 0
      pc11 = 0
      pc12 = 0
      pc13 = 0
      pc14 = 0
      pc15 = 0
Constrained:
     Tecnw = 58472.1
       Tnw = 3398.08
       Tec = 12133.9
     twoNb = 1.33791e+06
     twoNe = 231653
     twoNc = 226412
     twoNw = 1.49609e+06
    twoNec = 75238.3
    twoNnw = 159651
  twoNecnw = 15651.8
  twoNbecnw = 86165.4
        m2 = 0.0173659
        m4 = 0.00351935
        m5 = 0.472203
        m6 = 0.362849
        Tb = 35303
        Td = 6066.94
        Te = 3033.47
        Tf = 1516.73
DiffEv reached_goal. cost=2.27993e-03 spread=2.64421e-06
Fitted parameter values
Free:
       pc1 = -3.9736
       pc2 = -1.99852
       pc3 = 3.42017
       pc4 = -1.93774
       pc5 = 3.40978
       pc6 = -1.73846
       pc7 = -0.0529922
       pc8 = 0.77449
       pc9 = 0.580993
      pc10 = 0.179327
      pc11 = -0.376219
      pc12 = -0.0391045
      pc13 = 0.152375
      pc14 = 0.134611
      pc15 = -0.0233151
Constrained:
     Tecnw = 59339.7
       Tnw = 333.186
       Tec = 1305.96
     twoNb = 3.39334e+06
     twoNe = 361223
     twoNc = 1.06987e+06
     twoNw = 1.65575e+06
    twoNec = 108560
    twoNnw = 179837
  twoNecnw = 14575.2
  twoNbecnw = 87731.7
        m2 = 0.0185023
        m4 = 0.00869159
        m5 = 0.456727
        m6 = 0.356926
        Tb = 30322.8
        Td = 652.982
        Te = 326.491
        Tf = 163.246
#       SitePat  BranchLen
              b 147424.8571316
              e 57220.2703319
              c 59996.6015470
              n 54293.6359425
              w 54291.3364264
            b:e 2732.2713046
            b:c 3162.3211726
            b:n 2238.9949038
            b:w 2238.8584209
            e:c 12388.0014583
            e:n 6456.7413874
            e:w 6456.4202546
            c:n 5682.6149100
            c:w 5684.7824584
            n:w 14442.3550786
          b:e:c 2517.2454307
          b:e:n 1307.6425944
          b:e:w 1307.5191764
          b:c:n 1308.0312845
          b:c:w 1308.1546646
          b:n:w 2513.2750348
          e:c:n 5355.7215107
          e:c:w 5356.1746112
          e:n:w 8265.1061466
          c:n:w 7016.8164133
        b:e:c:n 2240.3074583
        b:e:c:w 2240.4439791
        b:e:n:w 3135.9742338
        b:c:n:w 2722.6229791
        e:c:n:w 61418.6798915
