########################################
# legofit: estimate population history #
#       version 2.3.4-4-g53f8760       #
########################################

# Program was compiled: Sep 21 2021 14:36:42
# Program was run: Thu Sep 23 14:24:52 2021

# cmd: legofit -1 -d 0 -t 32 --ptsPerDim 3 --stateOut b1boot34.state --tol 3e-6 -S 5000 bdef2.lgo ../../boot/boot34.opf
# Stage nOptItr nSimReps
#     0    5000        0
# algorithm          : deterministic
# ignoring probs <=  : 0
# Branch length floor: 0
# DE strategy        : 2
#    F               : 0.3
#    CR              : 0.8
#    tolerance       : 3e-06
# nthreads           : 32
# lgo input file     : bdef2.lgo
# site pat input file: ../../boot/boot34.opf
# free parameters    : 15
# points in DE swarm : 45
# output state file  : b1boot34.state
# Including singleton site patterns.
# cost function      : KL
Initial parameter values
Fixed:
      zero = 0
       one = 1
    Tbecnw = 75200
Free:
       pc1 = 0
       pc2 = 0
       pc3 = 0
       pc4 = 0
       pc5 = 0
       pc6 = 0
       pc7 = 0
       pc8 = 0
       pc9 = 0
      pc10 = 0
      pc11 = 0
      pc12 = 0
      pc13 = 0
      pc14 = 0
      pc15 = 0
Constrained:
     Tecnw = 58472.1
       Tnw = 3398.08
       Tec = 12133.9
     twoNb = 1.33791e+06
     twoNe = 231653
     twoNc = 226412
     twoNw = 1.49609e+06
    twoNec = 75238.3
    twoNnw = 159651
  twoNecnw = 15651.8
  twoNbecnw = 86165.4
        m2 = 0.0173659
        m4 = 0.00351935
        m5 = 0.472203
        m6 = 0.362849
        Tb = 35303
        Td = 6066.94
        Te = 3033.47
        Tf = 1516.73
DiffEv reached_goal. cost=2.28175e-03 spread=2.82346e-06
Fitted parameter values
Free:
       pc1 = -3.96588
       pc2 = -1.98392
       pc3 = 3.57254
       pc4 = -1.92767
       pc5 = 3.5914
       pc6 = -1.88612
       pc7 = -0.475716
       pc8 = -0.264501
       pc9 = 0.821426
      pc10 = 0.0885226
      pc11 = -0.500459
      pc12 = -0.0442044
      pc13 = -0.101274
      pc14 = 0.142952
      pc15 = -0.0238372
Constrained:
     Tecnw = 59297.8
       Tnw = 227.028
       Tec = 884.596
     twoNb = 3.12142e+06
     twoNe = 423740
     twoNc = 1.07568e+06
     twoNw = 1.78904e+06
    twoNec = 108981
    twoNnw = 181712
  twoNecnw = 14517.8
  twoNbecnw = 87309.3
        m2 = 0.019265
        m4 = 0.0109272
        m5 = 0.458392
        m6 = 0.357627
        Tb = 30091.2
        Td = 442.298
        Te = 221.149
        Tf = 110.575
#       SitePat  BranchLen
              b 147117.6581938
              e 57132.3129901
              c 59979.3874560
              n 54285.0223616
              w 54283.5398197
            b:e 2707.2689393
            b:c 3167.6425122
            b:n 2217.7435496
            b:w 2217.6564262
            e:c 12324.4021499
            e:n 6441.0384445
            e:w 6440.8558283
            c:n 5656.5919146
            c:w 5657.9667815
            n:w 14333.3363520
          b:e:c 2485.1421403
          b:e:n 1296.9236264
          b:e:w 1296.8470674
          b:c:n 1297.5222079
          b:c:w 1297.5987388
          b:n:w 2480.5210862
          e:c:n 5319.0952293
          e:c:w 5319.3855205
          e:n:w 8261.7853177
          c:n:w 6958.4608581
        b:e:c:n 2219.3841826
        b:e:c:w 2219.4713341
        b:e:n:w 3134.6258955
        b:c:n:w 2696.4876400
        e:c:n:w 61253.9548743
