########################################
# legofit: estimate population history #
#       version 2.3.4-4-g53f8760       #
########################################

# Program was compiled: Sep 21 2021 14:36:42
# Program was run: Thu Sep 23 14:24:20 2021

# cmd: legofit -1 -d 0 -t 32 --ptsPerDim 3 --stateOut b1boot7.state --tol 3e-6 -S 5000 bdef2.lgo ../../boot/boot7.opf
# Stage nOptItr nSimReps
#     0    5000        0
# algorithm          : deterministic
# ignoring probs <=  : 0
# Branch length floor: 0
# DE strategy        : 2
#    F               : 0.3
#    CR              : 0.8
#    tolerance       : 3e-06
# nthreads           : 32
# lgo input file     : bdef2.lgo
# site pat input file: ../../boot/boot7.opf
# free parameters    : 15
# points in DE swarm : 45
# output state file  : b1boot7.state
# Including singleton site patterns.
# cost function      : KL
Initial parameter values
Fixed:
      zero = 0
       one = 1
    Tbecnw = 75200
Free:
       pc1 = 0
       pc2 = 0
       pc3 = 0
       pc4 = 0
       pc5 = 0
       pc6 = 0
       pc7 = 0
       pc8 = 0
       pc9 = 0
      pc10 = 0
      pc11 = 0
      pc12 = 0
      pc13 = 0
      pc14 = 0
      pc15 = 0
Constrained:
     Tecnw = 58472.1
       Tnw = 3398.08
       Tec = 12133.9
     twoNb = 1.33791e+06
     twoNe = 231653
     twoNc = 226412
     twoNw = 1.49609e+06
    twoNec = 75238.3
    twoNnw = 159651
  twoNecnw = 15651.8
  twoNbecnw = 86165.4
        m2 = 0.0173659
        m4 = 0.00351935
        m5 = 0.472203
        m6 = 0.362849
        Tb = 35303
        Td = 6066.94
        Te = 3033.47
        Tf = 1516.73
DiffEv reached_goal. cost=2.32028e-03 spread=2.56345e-06
Fitted parameter values
Free:
       pc1 = -3.9809
       pc2 = -1.95351
       pc3 = 2.69413
       pc4 = -1.92441
       pc5 = 3.88414
       pc6 = -1.96391
       pc7 = -0.856934
       pc8 = 1.15692
       pc9 = 0.835509
      pc10 = 0.355173
      pc11 = -0.507781
      pc12 = -0.0515588
      pc13 = 0.135706
      pc14 = 0.164481
      pc15 = 0.00865739
Constrained:
     Tecnw = 59256.2
       Tnw = 178.376
       Tec = 679.662
     twoNb = 3.37453e+06
     twoNe = 460866
     twoNc = 1.07343e+06
     twoNw = 2.17336e+06
    twoNec = 109918
    twoNnw = 181562
  twoNecnw = 14599.7
  twoNbecnw = 87531.4
        m2 = 0.0189367
        m4 = 0.00715623
        m5 = 0.459723
        m6 = 0.357639
        Tb = 29967.9
        Td = 339.831
        Te = 169.915
        Tf = 84.9577
#       SitePat  BranchLen
              b 147315.8272198
              e 57096.8913524
              c 59870.7004418
              n 54259.0484967
              w 54258.0207361
            b:e 2718.1130761
            b:c 3131.7746326
            b:n 2230.1830678
            b:w 2230.1224048
            e:c 12359.8074547
            e:n 6464.9547122
            e:w 6464.8814576
            c:n 5681.6525704
            c:w 5682.5522238
            n:w 14355.7334229
          b:e:c 2495.1337577
          b:e:n 1304.2245516
          b:e:w 1304.1765244
          b:c:n 1304.6199761
          b:c:w 1304.6679852
          b:n:w 2491.1803822
          e:c:n 5349.6745777
          e:c:w 5349.8759393
          e:n:w 8213.5362267
          c:n:w 6990.0330692
        b:e:c:n 2231.5290018
        b:e:c:w 2231.5896829
        b:e:n:w 3107.2412580
        b:c:n:w 2708.0182599
        e:c:n:w 61416.7722078
