########################################
# legofit: estimate population history #
#       version 2.3.4-4-g53f8760       #
########################################

# Program was compiled: Sep 21 2021 14:36:42
# Program was run: Thu Sep 23 14:24:29 2021

# cmd: legofit -1 -d 0 -t 32 --ptsPerDim 3 --stateOut b1boot15.state --tol 3e-6 -S 5000 bdef2.lgo ../../boot/boot15.opf
# Stage nOptItr nSimReps
#     0    5000        0
# algorithm          : deterministic
# ignoring probs <=  : 0
# Branch length floor: 0
# DE strategy        : 2
#    F               : 0.3
#    CR              : 0.8
#    tolerance       : 3e-06
# nthreads           : 32
# lgo input file     : bdef2.lgo
# site pat input file: ../../boot/boot15.opf
# free parameters    : 15
# points in DE swarm : 45
# output state file  : b1boot15.state
# Including singleton site patterns.
# cost function      : KL
Initial parameter values
Fixed:
      zero = 0
       one = 1
    Tbecnw = 75200
Free:
       pc1 = 0
       pc2 = 0
       pc3 = 0
       pc4 = 0
       pc5 = 0
       pc6 = 0
       pc7 = 0
       pc8 = 0
       pc9 = 0
      pc10 = 0
      pc11 = 0
      pc12 = 0
      pc13 = 0
      pc14 = 0
      pc15 = 0
Constrained:
     Tecnw = 58472.1
       Tnw = 3398.08
       Tec = 12133.9
     twoNb = 1.33791e+06
     twoNe = 231653
     twoNc = 226412
     twoNw = 1.49609e+06
    twoNec = 75238.3
    twoNnw = 159651
  twoNecnw = 15651.8
  twoNbecnw = 86165.4
        m2 = 0.0173659
        m4 = 0.00351935
        m5 = 0.472203
        m6 = 0.362849
        Tb = 35303
        Td = 6066.94
        Te = 3033.47
        Tf = 1516.73
DiffEv reached_goal. cost=2.29013e-03 spread=2.96368e-06
Fitted parameter values
Free:
       pc1 = -3.99595
       pc2 = -1.90127
       pc3 = 3.02197
       pc4 = -1.95905
       pc5 = 3.62065
       pc6 = -1.99109
       pc7 = -1.95235
       pc8 = 0.719557
       pc9 = 1.30774
      pc10 = 0.43742
      pc11 = -0.394157
      pc12 = -0.0468228
      pc13 = -0.00460526
      pc14 = 0.172499
      pc15 = -0.00921705
Constrained:
     Tecnw = 59403.2
       Tnw = 98.1298
       Tec = 284.378
     twoNb = 3.30127e+06
     twoNe = 559324
     twoNc = 886128
     twoNw = 2.5053e+06
    twoNec = 111183
    twoNnw = 182308
  twoNecnw = 14472.7
  twoNbecnw = 86918
        m2 = 0.0168079
        m4 = 0.00874541
        m5 = 0.459199
        m6 = 0.35766
        Tb = 29843.8
        Td = 142.189
        Te = 71.0945
        Tf = 35.5472
#       SitePat  BranchLen
              b 146825.0126858
              e 57069.4463373
              c 59863.6184118
              n 54292.6751077
              w 54291.8394990
            b:e 2682.7053101
            b:c 3109.4163567
            b:n 2216.1935980
            b:w 2216.1448155
            e:c 12339.8750588
            e:n 6446.1115084
            e:w 6446.3069591
            c:n 5661.7186059
            c:w 5662.1992454
            n:w 14316.8747946
          b:e:c 2475.2558886
          b:e:n 1295.6676504
          b:e:w 1295.6536645
          b:c:n 1296.1745430
          b:c:w 1296.1885116
          b:n:w 2471.5112947
          e:c:n 5318.2339450
          e:c:w 5318.3934636
          e:n:w 8160.1695607
          c:n:w 6916.3529421
        b:e:c:n 2217.5370577
        b:e:c:w 2217.5858575
        b:e:n:w 3083.3292793
        b:c:n:w 2673.7216536
        e:c:n:w 61005.8266259
