########################################
# legofit: estimate population history #
#       version 2.3.4-4-g53f8760       #
########################################

# Program was compiled: Sep 21 2021 14:36:42
# Program was run: Thu Sep 23 14:24:50 2021

# cmd: legofit -1 -d 0 -t 32 --ptsPerDim 3 --stateOut b1boot30.state --tol 3e-6 -S 5000 bdef2.lgo ../../boot/boot30.opf
# Stage nOptItr nSimReps
#     0    5000        0
# algorithm          : deterministic
# ignoring probs <=  : 0
# Branch length floor: 0
# DE strategy        : 2
#    F               : 0.3
#    CR              : 0.8
#    tolerance       : 3e-06
# nthreads           : 32
# lgo input file     : bdef2.lgo
# site pat input file: ../../boot/boot30.opf
# free parameters    : 15
# points in DE swarm : 45
# output state file  : b1boot30.state
# Including singleton site patterns.
# cost function      : KL
Initial parameter values
Fixed:
      zero = 0
       one = 1
    Tbecnw = 75200
Free:
       pc1 = 0
       pc2 = 0
       pc3 = 0
       pc4 = 0
       pc5 = 0
       pc6 = 0
       pc7 = 0
       pc8 = 0
       pc9 = 0
      pc10 = 0
      pc11 = 0
      pc12 = 0
      pc13 = 0
      pc14 = 0
      pc15 = 0
Constrained:
     Tecnw = 58472.1
       Tnw = 3398.08
       Tec = 12133.9
     twoNb = 1.33791e+06
     twoNe = 231653
     twoNc = 226412
     twoNw = 1.49609e+06
    twoNec = 75238.3
    twoNnw = 159651
  twoNecnw = 15651.8
  twoNbecnw = 86165.4
        m2 = 0.0173659
        m4 = 0.00351935
        m5 = 0.472203
        m6 = 0.362849
        Tb = 35303
        Td = 6066.94
        Te = 3033.47
        Tf = 1516.73
DiffEv reached_goal. cost=2.32314e-03 spread=2.69400e-06
Fitted parameter values
Free:
       pc1 = -3.9929
       pc2 = -1.93408
       pc3 = 3.80379
       pc4 = -1.95125
       pc5 = 3.42105
       pc6 = -1.92301
       pc7 = -1.73558
       pc8 = 0.0747573
       pc9 = 0.6091
      pc10 = 0.185864
      pc11 = -0.190922
      pc12 = 0.00854567
      pc13 = 0.0115424
      pc14 = 0.108053
      pc15 = -0.00983017
Constrained:
     Tecnw = 59348.6
       Tnw = 279.533
       Tec = 1111.78
     twoNb = 3.24921e+06
     twoNe = 552763
     twoNc = 865818
     twoNw = 2.22481e+06
    twoNec = 109879
    twoNnw = 180444
  twoNecnw = 14495.7
  twoNbecnw = 87525.4
        m2 = 0.0170558
        m4 = 0.0110648
        m5 = 0.452982
        m6 = 0.354967
        Tb = 30230.2
        Td = 555.888
        Te = 277.944
        Tf = 138.972
#       SitePat  BranchLen
              b 147315.5288952
              e 57212.3461149
              c 60001.7765148
              n 54304.2450447
              w 54302.8857064
            b:e 2704.9838697
            b:c 3157.5111795
            b:n 2224.1282742
            b:w 2224.0481412
            e:c 12363.0403415
            e:n 6414.6312825
            e:w 6414.3875196
            c:n 5648.2451195
            c:w 5649.5813551
            n:w 14417.0222197
          b:e:c 2501.5452917
          b:e:n 1297.7591662
          b:e:w 1297.6812916
          b:c:n 1298.3273968
          b:c:w 1298.4052505
          b:n:w 2497.4902446
          e:c:n 5326.9932902
          e:c:w 5327.2601559
          e:n:w 8242.4789160
          c:n:w 6961.6358737
        b:e:c:n 2225.5977648
        b:e:c:w 2225.6779187
        b:e:n:w 3127.0428597
        b:c:n:w 2695.8283302
        e:c:n:w 61410.1300917
