########################################
# legofit: estimate population history #
#       version 2.3.4-4-g53f8760       #
########################################

# Program was compiled: Sep 21 2021 14:36:42
# Program was run: Sun Oct 10 13:57:30 2021

# cmd: legofit -1 -d 0 -t 32 --ptsPerDim 3 --stateOut b1.state --tol 3e-6 -S 5000 af2.lgo ../../chrX/pan_chrX.opf
# Stage nOptItr nSimReps
#     0    5000        0
# algorithm          : deterministic
# ignoring probs <=  : 0
# Branch length floor: 0
# DE strategy        : 2
#    F               : 0.3
#    CR              : 0.8
#    tolerance       : 3e-06
# nthreads           : 32
# lgo input file     : af2.lgo
# site pat input file: ../../chrX/pan_chrX.opf
# free parameters    : 14
# points in DE swarm : 42
# output state file  : b1.state
# Including singleton site patterns.
# cost function      : KL
Initial parameter values
Fixed:
      zero = 0
       one = 1
    Tbecnw = 75200
Free:
       pc1 = 0
       pc2 = 0
       pc3 = 0
       pc4 = 0
       pc5 = 0
       pc6 = 0
       pc7 = 0
       pc8 = 0
       pc9 = 0
      pc10 = 0
      pc11 = 0
      pc12 = 0
      pc13 = 0
      pc14 = 0
Constrained:
   Tgbecnw = 142628
     Tecnw = 26311.4
       Tnw = 25439.1
       Tec = 59.1977
     twoNb = 259740
     twoNc = 305559
     twoNw = 2.37604e+06
    twoNec = 219143
    twoNnw = 3569.63
  twoNecnw = 70243.5
  twoNbecnw = 23037.1
  twoNgbecnw = 167503
         m = 0.168983
        m6 = 1.9963e-06
        Ta = 37600
        Tf = 29.5989
DiffEv reached_goal. cost=2.72381e-03 spread=2.74170e-06
Fitted parameter values
Free:
       pc1 = 3.99035
       pc2 = 1.69482
       pc3 = -1.18401
       pc4 = 1.2868
       pc5 = -1.17076
       pc6 = 0.607082
       pc7 = 1.4399
       pc8 = -1.97173
       pc9 = -0.815123
      pc10 = -0.607548
      pc11 = 0.0388012
      pc12 = 0.0886786
      pc13 = -0.11559
      pc14 = 0.0163544
Constrained:
   Tgbecnw = 115424
     Tecnw = 24539.3
       Tnw = 24113.6
       Tec = 39.8313
     twoNb = 345333
     twoNc = 461298
     twoNw = 3.40045e+06
    twoNec = 207254
    twoNnw = 1730.85
  twoNecnw = 68993.3
  twoNbecnw = 14684.6
  twoNgbecnw = 198934
         m = 0.143388
        m6 = 7.06401e-06
        Ta = 37600
        Tf = 19.9156
#       SitePat  BranchLen
              b 124305.7994239
              e 47509.3357252
              c 47509.2431332
              n 45391.1798576
              w 45391.1779696
            b:e 1400.5850859
            b:c 1400.5777987
            b:n 1153.5210786
            b:w 1153.5209882
            e:c 12017.4166120
            e:n 4517.3003316
            e:w 4517.2998872
            c:n 4517.3226478
            c:w 4517.3245358
            n:w 12921.9574741
          b:e:c 1448.7421175
          b:e:n 660.1358198
          b:e:w 660.1357249
          b:c:n 660.1356057
          b:c:w 660.1356962
          b:n:w 1436.8215828
          e:c:n 4391.4107315
          e:c:w 4391.4111758
          e:n:w 5604.9577935
          c:n:w 5605.0034207
        b:e:c:n 1241.0292441
        b:e:c:w 1241.0293389
        b:e:n:w 1500.0064700
        b:c:n:w 1500.0140000
        e:c:n:w 49321.3939173
