########################################
# legofit: estimate population history #
#       version 2.3.4-4-g53f8760       #
########################################

# Program was compiled: Sep 21 2021 14:36:42
# Program was run: Sun Oct 10 13:57:54 2021

# cmd: legofit -1 -d 0 -t 32 --ptsPerDim 3 --stateOut b1boot14.state --tol 3e-6 -S 5000 af2.lgo ../../chrX/boot_chrX/boot14.opf
# Stage nOptItr nSimReps
#     0    5000        0
# algorithm          : deterministic
# ignoring probs <=  : 0
# Branch length floor: 0
# DE strategy        : 2
#    F               : 0.3
#    CR              : 0.8
#    tolerance       : 3e-06
# nthreads           : 32
# lgo input file     : af2.lgo
# site pat input file: ../../chrX/boot_chrX/boot14.opf
# free parameters    : 14
# points in DE swarm : 42
# output state file  : b1boot14.state
# Including singleton site patterns.
# cost function      : KL
Initial parameter values
Fixed:
      zero = 0
       one = 1
    Tbecnw = 75200
Free:
       pc1 = 0
       pc2 = 0
       pc3 = 0
       pc4 = 0
       pc5 = 0
       pc6 = 0
       pc7 = 0
       pc8 = 0
       pc9 = 0
      pc10 = 0
      pc11 = 0
      pc12 = 0
      pc13 = 0
      pc14 = 0
Constrained:
   Tgbecnw = 142628
     Tecnw = 26311.4
       Tnw = 25439.1
       Tec = 59.1977
     twoNb = 259740
     twoNc = 305559
     twoNw = 2.37604e+06
    twoNec = 219143
    twoNnw = 3569.63
  twoNecnw = 70243.5
  twoNbecnw = 23037.1
  twoNgbecnw = 167503
         m = 0.168983
        m6 = 1.9963e-06
        Ta = 37600
        Tf = 29.5989
DiffEv reached_goal. cost=2.47975e-03 spread=2.91362e-06
Fitted parameter values
Free:
       pc1 = 3.92691
       pc2 = 1.95033
       pc3 = -1.65611
       pc4 = 1.4634
       pc5 = -1.46467
       pc6 = 1.63962
       pc7 = 0.614194
       pc8 = -1.5329
       pc9 = 0.335325
      pc10 = -0.545026
      pc11 = 0.341306
      pc12 = 0.110463
      pc13 = -0.113318
      pc14 = 0.01155
Constrained:
   Tgbecnw = 114957
     Tecnw = 24519
       Tnw = 24115.3
       Tec = 50.5615
     twoNb = 728098
     twoNc = 201918
     twoNw = 3.05149e+06
    twoNec = 208849
    twoNnw = 1629.31
  twoNecnw = 67918.6
  twoNbecnw = 14433
  twoNgbecnw = 198231
         m = 0.141963
        m6 = 5.28147e-06
        Ta = 37600
        Tf = 25.2807
#       SitePat  BranchLen
              b 123663.6479147
              e 47270.1506913
              c 47270.0816418
              n 45100.5718686
              w 45100.5703101
            b:e 1364.7781293
            b:c 1364.7727909
            b:n 1119.2357471
            b:w 1119.2356740
            e:c 11899.8205122
            e:n 4480.6116704
            e:w 4480.6113034
            c:n 4480.6281515
            c:w 4480.6297100
            n:w 12836.8090253
          b:e:c 1408.5009511
          b:e:n 641.0186893
          b:e:w 641.0186127
          b:c:n 641.0185278
          b:c:w 641.0186009
          b:n:w 1396.9305773
          e:c:n 4355.4585949
          e:c:w 4355.4589619
          e:n:w 5587.9982616
          c:n:w 5588.0324233
        b:e:c:n 1202.1829247
        b:e:c:w 1202.1830013
        b:e:n:w 1459.2903305
        b:c:n:w 1459.2958422
        e:c:n:w 48975.0456793
