########################################
# legofit: estimate population history #
#       version 2.3.4-4-g53f8760       #
########################################

# Program was compiled: Sep 21 2021 14:36:42
# Program was run: Sun Oct 10 13:58:11 2021

# cmd: legofit -1 -d 0 -t 32 --ptsPerDim 3 --stateOut b1boot29.state --tol 3e-6 -S 5000 af2.lgo ../../chrX/boot_chrX/boot29.opf
# Stage nOptItr nSimReps
#     0    5000        0
# algorithm          : deterministic
# ignoring probs <=  : 0
# Branch length floor: 0
# DE strategy        : 2
#    F               : 0.3
#    CR              : 0.8
#    tolerance       : 3e-06
# nthreads           : 32
# lgo input file     : af2.lgo
# site pat input file: ../../chrX/boot_chrX/boot29.opf
# free parameters    : 14
# points in DE swarm : 42
# output state file  : b1boot29.state
# Including singleton site patterns.
# cost function      : KL
Initial parameter values
Fixed:
      zero = 0
       one = 1
    Tbecnw = 75200
Free:
       pc1 = 0
       pc2 = 0
       pc3 = 0
       pc4 = 0
       pc5 = 0
       pc6 = 0
       pc7 = 0
       pc8 = 0
       pc9 = 0
      pc10 = 0
      pc11 = 0
      pc12 = 0
      pc13 = 0
      pc14 = 0
Constrained:
   Tgbecnw = 142628
     Tecnw = 26311.4
       Tnw = 25439.1
       Tec = 59.1977
     twoNb = 259740
     twoNc = 305559
     twoNw = 2.37604e+06
    twoNec = 219143
    twoNnw = 3569.63
  twoNecnw = 70243.5
  twoNbecnw = 23037.1
  twoNgbecnw = 167503
         m = 0.168983
        m6 = 1.9963e-06
        Ta = 37600
        Tf = 29.5989
DiffEv reached_goal. cost=2.80488e-03 spread=2.07595e-06
Fitted parameter values
Free:
       pc1 = 3.97908
       pc2 = 1.92516
       pc3 = -1.978
       pc4 = 1.91752
       pc5 = -1.38804
       pc6 = 1.99667
       pc7 = 0.476725
       pc8 = -1.80277
       pc9 = 1.05819
      pc10 = -1.37528
      pc11 = 0.0526926
      pc12 = 0.034093
      pc13 = -0.179317
      pc14 = 0.0387485
Constrained:
   Tgbecnw = 112585
     Tecnw = 24821.2
       Tnw = 24523.2
       Tec = 80.1517
     twoNb = 907289
     twoNc = 157902
     twoNw = 3.42716e+06
    twoNec = 205751
    twoNnw = 1238.76
  twoNecnw = 66176.9
  twoNbecnw = 13574.3
  twoNgbecnw = 206283
         m = 0.137533
        m6 = 5.30461e-06
        Ta = 37600
        Tf = 40.0759
#       SitePat  BranchLen
              b 123332.7092203
              e 46950.9146887
              c 46950.8483298
              n 45172.1723548
              w 45172.1709447
            b:e 1342.0790677
            b:c 1342.0738995
            b:n 1117.5774776
            b:w 1117.5774113
            e:c 11837.8795782
            e:n 4437.2716442
            e:w 4437.2713120
            c:n 4437.2875681
            c:w 4437.2889781
            n:w 12490.9953226
          b:e:c 1390.6370614
          b:e:n 637.3850798
          b:e:w 637.3850104
          b:c:n 637.3849257
          b:c:w 637.3849920
          b:n:w 1379.8671392
          e:c:n 4361.7385603
          e:c:w 4361.7388926
          e:n:w 5487.3164570
          c:n:w 5487.3492260
        b:e:c:n 1201.7686621
        b:e:c:w 1201.7687316
        b:e:n:w 1437.0349878
        b:c:n:w 1437.0403286
        e:c:n:w 49127.4842611
