########################################
# legofit: estimate population history #
#       version 2.3.4-4-g53f8760       #
########################################

# Program was compiled: Sep 21 2021 14:36:42
# Program was run: Sun Oct 10 13:58:06 2021

# cmd: legofit -1 -d 0 -t 32 --ptsPerDim 3 --stateOut b1boot27.state --tol 3e-6 -S 5000 af2.lgo ../../chrX/boot_chrX/boot27.opf
# Stage nOptItr nSimReps
#     0    5000        0
# algorithm          : deterministic
# ignoring probs <=  : 0
# Branch length floor: 0
# DE strategy        : 2
#    F               : 0.3
#    CR              : 0.8
#    tolerance       : 3e-06
# nthreads           : 32
# lgo input file     : af2.lgo
# site pat input file: ../../chrX/boot_chrX/boot27.opf
# free parameters    : 14
# points in DE swarm : 42
# output state file  : b1boot27.state
# Including singleton site patterns.
# cost function      : KL
Initial parameter values
Fixed:
      zero = 0
       one = 1
    Tbecnw = 75200
Free:
       pc1 = 0
       pc2 = 0
       pc3 = 0
       pc4 = 0
       pc5 = 0
       pc6 = 0
       pc7 = 0
       pc8 = 0
       pc9 = 0
      pc10 = 0
      pc11 = 0
      pc12 = 0
      pc13 = 0
      pc14 = 0
Constrained:
   Tgbecnw = 142628
     Tecnw = 26311.4
       Tnw = 25439.1
       Tec = 59.1977
     twoNb = 259740
     twoNc = 305559
     twoNw = 2.37604e+06
    twoNec = 219143
    twoNnw = 3569.63
  twoNecnw = 70243.5
  twoNbecnw = 23037.1
  twoNgbecnw = 167503
         m = 0.168983
        m6 = 1.9963e-06
        Ta = 37600
        Tf = 29.5989
DiffEv reached_goal. cost=2.66907e-03 spread=2.73926e-06
Fitted parameter values
Free:
       pc1 = 3.97655
       pc2 = 1.5611
       pc3 = -1.95837
       pc4 = 0.227891
       pc5 = -1.84402
       pc6 = 1.86551
       pc7 = 1.89895
       pc8 = -1.81498
       pc9 = -0.887045
      pc10 = -0.837919
      pc11 = -0.106348
      pc12 = -0.126928
      pc13 = 0.0182893
      pc14 = 0.0133595
Constrained:
   Tgbecnw = 116160
     Tecnw = 24457.3
       Tnw = 24063.4
       Tec = 70.3604
     twoNb = 694514
     twoNc = 587695
     twoNw = 2.97878e+06
    twoNec = 199923
    twoNnw = 1534.94
  twoNecnw = 71748.4
  twoNbecnw = 14886.4
  twoNgbecnw = 208994
         m = 0.136306
        m6 = 7.82648e-06
        Ta = 37600
        Tf = 35.1802
#       SitePat  BranchLen
              b 124394.3115768
              e 47969.5860860
              c 47969.4774712
              n 45641.3586282
              w 45641.3562311
            b:e 1485.8072979
            b:c 1485.7983930
            b:n 1211.5751183
            b:w 1211.5749987
            e:c 12366.8081271
            e:n 4513.6909337
            e:w 4513.6903742
            c:n 4513.7169081
            c:w 4513.7193051
            n:w 13412.5074032
          b:e:c 1559.0200019
          b:e:n 691.1337280
          b:e:w 691.1336022
          b:c:n 691.1334487
          b:c:w 691.1335683
          b:n:w 1544.8187505
          e:c:n 4384.6226086
          e:c:w 4384.6231681
          e:n:w 5667.0711065
          c:n:w 5667.1248160
        b:e:c:n 1310.1096505
        b:e:c:w 1310.1097763
        b:e:n:w 1598.5341426
        b:c:n:w 1598.5433608
        e:c:n:w 49028.7968110
