########################################
# legofit: estimate population history #
#       version 2.3.4-4-g53f8760       #
########################################

# Program was compiled: Sep 21 2021 14:36:42
# Program was run: Sun Oct 10 13:58:12 2021

# cmd: legofit -1 -d 0 -t 32 --ptsPerDim 3 --stateOut b1boot34.state --tol 3e-6 -S 5000 af2.lgo ../../chrX/boot_chrX/boot34.opf
# Stage nOptItr nSimReps
#     0    5000        0
# algorithm          : deterministic
# ignoring probs <=  : 0
# Branch length floor: 0
# DE strategy        : 2
#    F               : 0.3
#    CR              : 0.8
#    tolerance       : 3e-06
# nthreads           : 32
# lgo input file     : af2.lgo
# site pat input file: ../../chrX/boot_chrX/boot34.opf
# free parameters    : 14
# points in DE swarm : 42
# output state file  : b1boot34.state
# Including singleton site patterns.
# cost function      : KL
Initial parameter values
Fixed:
      zero = 0
       one = 1
    Tbecnw = 75200
Free:
       pc1 = 0
       pc2 = 0
       pc3 = 0
       pc4 = 0
       pc5 = 0
       pc6 = 0
       pc7 = 0
       pc8 = 0
       pc9 = 0
      pc10 = 0
      pc11 = 0
      pc12 = 0
      pc13 = 0
      pc14 = 0
Constrained:
   Tgbecnw = 142628
     Tecnw = 26311.4
       Tnw = 25439.1
       Tec = 59.1977
     twoNb = 259740
     twoNc = 305559
     twoNw = 2.37604e+06
    twoNec = 219143
    twoNnw = 3569.63
  twoNecnw = 70243.5
  twoNbecnw = 23037.1
  twoNgbecnw = 167503
         m = 0.168983
        m6 = 1.9963e-06
        Ta = 37600
        Tf = 29.5989
DiffEv reached_goal. cost=2.64319e-03 spread=2.58669e-06
Fitted parameter values
Free:
       pc1 = 3.99267
       pc2 = 1.73883
       pc3 = -1.95988
       pc4 = -0.160009
       pc5 = -0.69766
       pc6 = -0.143594
       pc7 = -0.681942
       pc8 = -1.77371
       pc9 = -1.42015
      pc10 = -0.622989
      pc11 = 0.0951849
      pc12 = 0.0604908
      pc13 = -0.338482
      pc14 = 0.0276195
Constrained:
   Tgbecnw = 113052
     Tecnw = 24714.7
       Tnw = 24555.9
       Tec = 151.853
     twoNb = 150898
     twoNc = 488498
     twoNw = 1.53582e+06
    twoNec = 200762
    twoNnw = 658.093
  twoNecnw = 68670.3
  twoNbecnw = 14303.3
  twoNgbecnw = 180236
         m = 0.165163
        m6 = 3.70122e-06
        Ta = 37600
        Tf = 75.9264
#       SitePat  BranchLen
              b 125277.2146256
              e 47382.8779489
              c 47382.8294721
              n 45599.5378384
              w 45599.5356256
            b:e 1346.9900888
            b:c 1346.9863967
            b:n 1124.2035629
            b:w 1124.2034598
            e:c 12086.5052841
            e:n 4492.5682464
            e:w 4492.5677257
            c:n 4492.5792824
            c:w 4492.5814952
            n:w 12745.8014922
          b:e:c 1401.7130404
          b:e:n 638.9798680
          b:e:w 638.9797598
          b:c:n 638.9797010
          b:c:w 638.9798042
          b:n:w 1391.0594329
          e:c:n 4403.2396112
          e:c:w 4403.2401319
          e:n:w 5527.2488063
          c:n:w 5527.2724777
        b:e:c:n 1208.5193635
        b:e:c:w 1208.5194716
        b:e:n:w 1441.9558492
        b:c:n:w 1441.9596637
        e:c:n:w 50195.3388924
