########################################
# legofit: estimate population history #
#       version 2.3.4-4-g53f8760       #
########################################

# Program was compiled: Sep 21 2021 14:36:42
# Program was run: Sun Oct 10 13:57:54 2021

# cmd: legofit -1 -d 0 -t 32 --ptsPerDim 3 --stateOut b1boot16.state --tol 3e-6 -S 5000 af2.lgo ../../chrX/boot_chrX/boot16.opf
# Stage nOptItr nSimReps
#     0    5000        0
# algorithm          : deterministic
# ignoring probs <=  : 0
# Branch length floor: 0
# DE strategy        : 2
#    F               : 0.3
#    CR              : 0.8
#    tolerance       : 3e-06
# nthreads           : 32
# lgo input file     : af2.lgo
# site pat input file: ../../chrX/boot_chrX/boot16.opf
# free parameters    : 14
# points in DE swarm : 42
# output state file  : b1boot16.state
# Including singleton site patterns.
# cost function      : KL
Initial parameter values
Fixed:
      zero = 0
       one = 1
    Tbecnw = 75200
Free:
       pc1 = 0
       pc2 = 0
       pc3 = 0
       pc4 = 0
       pc5 = 0
       pc6 = 0
       pc7 = 0
       pc8 = 0
       pc9 = 0
      pc10 = 0
      pc11 = 0
      pc12 = 0
      pc13 = 0
      pc14 = 0
Constrained:
   Tgbecnw = 142628
     Tecnw = 26311.4
       Tnw = 25439.1
       Tec = 59.1977
     twoNb = 259740
     twoNc = 305559
     twoNw = 2.37604e+06
    twoNec = 219143
    twoNnw = 3569.63
  twoNecnw = 70243.5
  twoNbecnw = 23037.1
  twoNgbecnw = 167503
         m = 0.168983
        m6 = 1.9963e-06
        Ta = 37600
        Tf = 29.5989
DiffEv reached_goal. cost=2.80060e-03 spread=2.88777e-06
Fitted parameter values
Free:
       pc1 = 3.90086
       pc2 = 1.62565
       pc3 = -0.492702
       pc4 = 1.66804
       pc5 = -1.86139
       pc6 = 1.88908
       pc7 = 0.634355
       pc8 = -1.99633
       pc9 = 0.531666
      pc10 = -0.887054
      pc11 = -0.145634
      pc12 = -0.0962689
      pc13 = -0.0302797
      pc14 = -0.00162776
Constrained:
   Tgbecnw = 116247
     Tecnw = 24950.8
       Tnw = 24262.4
       Tec = 38.8055
     twoNb = 721325
     twoNc = 148596
     twoNw = 3.04539e+06
    twoNec = 212120
    twoNnw = 2674.31
  twoNecnw = 66941.2
  twoNbecnw = 14603
  twoNgbecnw = 216581
         m = 0.126466
        m6 = 8.39848e-06
        Ta = 37600
        Tf = 19.4028
#       SitePat  BranchLen
              b 123166.4492502
              e 47486.5598157
              c 47486.4470921
              n 45108.4239525
              w 45108.4214618
            b:e 1415.1242382
            b:c 1415.1151741
            b:n 1144.6999725
            b:w 1144.6998526
            e:c 11925.7758112
            e:n 4418.7690811
            e:w 4418.7684991
            c:n 4418.7957121
            c:w 4418.7982027
            n:w 12991.0698760
          b:e:c 1467.2577469
          b:e:n 655.5765912
          b:e:w 655.5764656
          b:c:n 655.5763218
          b:c:w 655.5764416
          b:n:w 1454.3717145
          e:c:n 4320.8559366
          e:c:w 4320.8565186
          e:n:w 5633.6147150
          c:n:w 5633.6711040
        b:e:c:n 1230.4868534
        b:e:c:w 1230.4869789
        b:e:n:w 1513.7880635
        b:c:n:w 1513.7974209
        e:c:n:w 48625.0857708
