########################################
# legofit: estimate population history #
#       version 2.3.4-4-g53f8760       #
########################################

# Program was compiled: Sep 21 2021 14:36:42
# Program was run: Sun Oct 10 13:57:36 2021

# cmd: legofit -1 -d 0 -t 32 --ptsPerDim 3 --stateOut b1boot1.state --tol 3e-6 -S 5000 af2.lgo ../../chrX/boot_chrX/boot1.opf
# Stage nOptItr nSimReps
#     0    5000        0
# algorithm          : deterministic
# ignoring probs <=  : 0
# Branch length floor: 0
# DE strategy        : 2
#    F               : 0.3
#    CR              : 0.8
#    tolerance       : 3e-06
# nthreads           : 32
# lgo input file     : af2.lgo
# site pat input file: ../../chrX/boot_chrX/boot1.opf
# free parameters    : 14
# points in DE swarm : 42
# output state file  : b1boot1.state
# Including singleton site patterns.
# cost function      : KL
Initial parameter values
Fixed:
      zero = 0
       one = 1
    Tbecnw = 75200
Free:
       pc1 = 0
       pc2 = 0
       pc3 = 0
       pc4 = 0
       pc5 = 0
       pc6 = 0
       pc7 = 0
       pc8 = 0
       pc9 = 0
      pc10 = 0
      pc11 = 0
      pc12 = 0
      pc13 = 0
      pc14 = 0
Constrained:
   Tgbecnw = 142628
     Tecnw = 26311.4
       Tnw = 25439.1
       Tec = 59.1977
     twoNb = 259740
     twoNc = 305559
     twoNw = 2.37604e+06
    twoNec = 219143
    twoNnw = 3569.63
  twoNecnw = 70243.5
  twoNbecnw = 23037.1
  twoNgbecnw = 167503
         m = 0.168983
        m6 = 1.9963e-06
        Ta = 37600
        Tf = 29.5989
DiffEv reached_goal. cost=2.82904e-03 spread=2.50051e-06
Fitted parameter values
Free:
       pc1 = 3.96467
       pc2 = 1.96364
       pc3 = -1.10311
       pc4 = -0.141366
       pc5 = -1.7173
       pc6 = 1.21294
       pc7 = 1.35422
       pc8 = -1.85617
       pc9 = -1.29219
      pc10 = -0.956018
      pc11 = 0.0292526
      pc12 = -0.0503899
      pc13 = -0.0596258
      pc14 = 0.00868008
Constrained:
   Tgbecnw = 115304
     Tecnw = 24642.2
       Tnw = 23956.4
       Tec = 48.1828
     twoNb = 470736
     twoNc = 573609
     twoNw = 2.44228e+06
    twoNec = 200179
    twoNnw = 2744.16
  twoNecnw = 70817.8
  twoNbecnw = 14975
  twoNgbecnw = 192078
         m = 0.148951
        m6 = 8.58947e-06
        Ta = 37600
        Tf = 24.0914
#       SitePat  BranchLen
              b 124627.2754373
              e 47871.5120627
              c 47871.3950682
              n 45759.5308770
              w 45759.5276681
            b:e 1448.2474600
            b:c 1448.2380919
            b:n 1194.4001227
            b:w 1194.3999658
            e:c 12327.4835674
            e:n 4521.6578018
            e:w 4521.6570531
            c:n 4521.6856503
            c:w 4521.6888591
            n:w 13228.5483912
          b:e:c 1516.3698882
          b:e:n 679.5449246
          b:e:w 679.5447598
          b:c:n 679.5446026
          b:c:w 679.5447595
          b:n:w 1503.6405434
          e:c:n 4417.2306369
          e:c:w 4417.2313856
          e:n:w 5628.0618104
          c:n:w 5628.1191504
        b:e:c:n 1288.3722638
        b:e:c:w 1288.3724286
        b:e:n:w 1554.9395775
        b:c:n:w 1554.9492679
        e:c:n:w 49177.1584733
