########################################
# legofit: estimate population history #
#       version 2.3.4-4-g53f8760       #
########################################

# Program was compiled: Sep 21 2021 14:36:42
# Program was run: Sun Oct 10 13:57:36 2021

# cmd: legofit -1 -d 0 -t 32 --ptsPerDim 3 --stateOut b1boot3.state --tol 3e-6 -S 5000 af2.lgo ../../chrX/boot_chrX/boot3.opf
# Stage nOptItr nSimReps
#     0    5000        0
# algorithm          : deterministic
# ignoring probs <=  : 0
# Branch length floor: 0
# DE strategy        : 2
#    F               : 0.3
#    CR              : 0.8
#    tolerance       : 3e-06
# nthreads           : 32
# lgo input file     : af2.lgo
# site pat input file: ../../chrX/boot_chrX/boot3.opf
# free parameters    : 14
# points in DE swarm : 42
# output state file  : b1boot3.state
# Including singleton site patterns.
# cost function      : KL
Initial parameter values
Fixed:
      zero = 0
       one = 1
    Tbecnw = 75200
Free:
       pc1 = 0
       pc2 = 0
       pc3 = 0
       pc4 = 0
       pc5 = 0
       pc6 = 0
       pc7 = 0
       pc8 = 0
       pc9 = 0
      pc10 = 0
      pc11 = 0
      pc12 = 0
      pc13 = 0
      pc14 = 0
Constrained:
   Tgbecnw = 142628
     Tecnw = 26311.4
       Tnw = 25439.1
       Tec = 59.1977
     twoNb = 259740
     twoNc = 305559
     twoNw = 2.37604e+06
    twoNec = 219143
    twoNnw = 3569.63
  twoNecnw = 70243.5
  twoNbecnw = 23037.1
  twoNgbecnw = 167503
         m = 0.168983
        m6 = 1.9963e-06
        Ta = 37600
        Tf = 29.5989
DiffEv reached_goal. cost=2.83654e-03 spread=2.65029e-06
Fitted parameter values
Free:
       pc1 = 2.91646
       pc2 = 1.9952
       pc3 = -1.98802
       pc4 = 1.95631
       pc5 = -1.32973
       pc6 = 0.849602
       pc7 = -0.094598
       pc8 = -1.37683
       pc9 = -0.290247
      pc10 = -0.901003
      pc11 = 0.105047
      pc12 = -0.152011
      pc13 = -0.243928
      pc14 = 0.0338428
Constrained:
   Tgbecnw = 113291
     Tecnw = 25004.1
       Tnw = 24954.9
       Tec = 35.6126
     twoNb = 528615
     twoNc = 57723.9
     twoNw = 3.08888e+06
    twoNec = 208502
    twoNnw = 202.367
  twoNecnw = 68509.9
  twoNbecnw = 14733.7
  twoNgbecnw = 175881
         m = 0.161284
        m6 = 4.50729e-06
        Ta = 37600
        Tf = 17.8063
#       SitePat  BranchLen
              b 124263.3166184
              e 47753.1777629
              c 47753.1196368
              n 45852.1212205
              w 45852.1198472
            b:e 1401.1845349
            b:c 1401.1799073
            b:n 1161.4724917
            b:w 1161.4724256
            e:c 12057.7449309
            e:n 4511.5568796
            e:w 4511.5565560
            c:n 4511.5707274
            c:w 4511.5721008
            n:w 12785.6295994
          b:e:c 1452.1186771
          b:e:n 663.0255075
          b:e:w 663.0254382
          b:c:n 663.0253626
          b:c:w 663.0254287
          b:n:w 1440.5777672
          e:c:n 4417.5422959
          e:c:w 4417.5426195
          e:n:w 5590.6715883
          c:n:w 5590.7003219
        b:e:c:n 1249.3136903
        b:e:c:w 1249.3137596
        b:e:n:w 1500.5620061
        b:c:n:w 1500.5667882
        e:c:n:w 48994.8441565
