########################################
# legofit: estimate population history #
#       version 2.3.4-4-g53f8760       #
########################################

# Program was compiled: Sep 21 2021 14:36:42
# Program was run: Sun Oct 10 13:58:18 2021

# cmd: legofit -1 -d 0 -t 32 --ptsPerDim 3 --stateOut b1boot35.state --tol 3e-6 -S 5000 af2.lgo ../../chrX/boot_chrX/boot35.opf
# Stage nOptItr nSimReps
#     0    5000        0
# algorithm          : deterministic
# ignoring probs <=  : 0
# Branch length floor: 0
# DE strategy        : 2
#    F               : 0.3
#    CR              : 0.8
#    tolerance       : 3e-06
# nthreads           : 32
# lgo input file     : af2.lgo
# site pat input file: ../../chrX/boot_chrX/boot35.opf
# free parameters    : 14
# points in DE swarm : 42
# output state file  : b1boot35.state
# Including singleton site patterns.
# cost function      : KL
Initial parameter values
Fixed:
      zero = 0
       one = 1
    Tbecnw = 75200
Free:
       pc1 = 0
       pc2 = 0
       pc3 = 0
       pc4 = 0
       pc5 = 0
       pc6 = 0
       pc7 = 0
       pc8 = 0
       pc9 = 0
      pc10 = 0
      pc11 = 0
      pc12 = 0
      pc13 = 0
      pc14 = 0
Constrained:
   Tgbecnw = 142628
     Tecnw = 26311.4
       Tnw = 25439.1
       Tec = 59.1977
     twoNb = 259740
     twoNc = 305559
     twoNw = 2.37604e+06
    twoNec = 219143
    twoNnw = 3569.63
  twoNecnw = 70243.5
  twoNbecnw = 23037.1
  twoNgbecnw = 167503
         m = 0.168983
        m6 = 1.9963e-06
        Ta = 37600
        Tf = 29.5989
DiffEv reached_goal. cost=2.82852e-03 spread=2.66212e-06
Fitted parameter values
Free:
       pc1 = 2.81225
       pc2 = 1.71092
       pc3 = -1.8056
       pc4 = 0.502288
       pc5 = -0.589291
       pc6 = 0.665133
       pc7 = 0.549669
       pc8 = -1.78639
       pc9 = -1.14646
      pc10 = 0.304017
      pc11 = -0.0706646
      pc12 = -0.212126
      pc13 = -0.283193
      pc14 = 0.0210161
Constrained:
   Tgbecnw = 116920
     Tecnw = 24859.5
       Tnw = 24632.1
       Tec = 40.2703
     twoNb = 344799
     twoNc = 556982
     twoNw = 2.48579e+06
    twoNec = 213606
    twoNnw = 960.045
  twoNecnw = 71154.3
  twoNbecnw = 15397.8
  twoNgbecnw = 184337
         m = 0.16431
        m6 = 3.86689e-06
        Ta = 37600
        Tf = 20.1351
#       SitePat  BranchLen
              b 126618.5472385
              e 48281.3109747
              c 48281.2607638
              n 46301.6226504
              w 46301.6211800
            b:e 1399.7878222
            b:c 1399.7839360
            b:n 1164.7117249
            b:w 1164.7116551
            e:c 12019.7625406
            e:n 4599.2249104
            e:w 4599.2245669
            c:n 4599.2369579
            c:w 4599.2384283
            n:w 12843.3060109
          b:e:c 1436.8882063
          b:e:n 668.5730079
          b:e:w 668.5729347
          b:c:n 668.5728710
          b:c:w 668.5729409
          b:n:w 1425.5854596
          e:c:n 4417.0483152
          e:c:w 4417.0486587
          e:n:w 5573.1568198
          c:n:w 5573.1811219
        b:e:c:n 1252.8590916
        b:e:c:w 1252.8591648
        b:e:n:w 1499.2340556
        b:c:n:w 1499.2380725
        e:c:n:w 50702.9471120
