########################################
# legofit: estimate population history #
#       version 2.3.4-4-g53f8760       #
########################################

# Program was compiled: Sep 21 2021 14:36:42
# Program was run: Sun Oct 10 13:58:34 2021

# cmd: legofit -1 -d 0 -t 32 --ptsPerDim 3 --stateOut b1boot49.state --tol 3e-6 -S 5000 af2.lgo ../../chrX/boot_chrX/boot49.opf
# Stage nOptItr nSimReps
#     0    5000        0
# algorithm          : deterministic
# ignoring probs <=  : 0
# Branch length floor: 0
# DE strategy        : 2
#    F               : 0.3
#    CR              : 0.8
#    tolerance       : 3e-06
# nthreads           : 32
# lgo input file     : af2.lgo
# site pat input file: ../../chrX/boot_chrX/boot49.opf
# free parameters    : 14
# points in DE swarm : 42
# output state file  : b1boot49.state
# Including singleton site patterns.
# cost function      : KL
Initial parameter values
Fixed:
      zero = 0
       one = 1
    Tbecnw = 75200
Free:
       pc1 = 0
       pc2 = 0
       pc3 = 0
       pc4 = 0
       pc5 = 0
       pc6 = 0
       pc7 = 0
       pc8 = 0
       pc9 = 0
      pc10 = 0
      pc11 = 0
      pc12 = 0
      pc13 = 0
      pc14 = 0
Constrained:
   Tgbecnw = 142628
     Tecnw = 26311.4
       Tnw = 25439.1
       Tec = 59.1977
     twoNb = 259740
     twoNc = 305559
     twoNw = 2.37604e+06
    twoNec = 219143
    twoNnw = 3569.63
  twoNecnw = 70243.5
  twoNbecnw = 23037.1
  twoNgbecnw = 167503
         m = 0.168983
        m6 = 1.9963e-06
        Ta = 37600
        Tf = 29.5989
DiffEv reached_goal. cost=2.72351e-03 spread=2.76317e-06
Fitted parameter values
Free:
       pc1 = 3.90346
       pc2 = 1.1354
       pc3 = -1.68943
       pc4 = 0.978006
       pc5 = -1.69347
       pc6 = 1.71934
       pc7 = -0.992789
       pc8 = -1.98538
       pc9 = 1.22144
      pc10 = 0.397261
      pc11 = 0.16344
      pc12 = -0.0945403
      pc13 = 0.0187296
      pc14 = 0.0255489
Constrained:
   Tgbecnw = 116449
     Tecnw = 24632.7
       Tnw = 24418.6
       Tec = 260.884
     twoNb = 791501
     twoNc = 85653.9
     twoNw = 1.80708e+06
    twoNec = 218484
    twoNnw = 918.6
  twoNecnw = 66711
  twoNbecnw = 14795.7
  twoNgbecnw = 219151
         m = 0.124627
        m6 = 3.74089e-06
        Ta = 37600
        Tf = 130.442
#       SitePat  BranchLen
              b 123436.8421015
              e 47348.8997079
              c 47348.8527110
              n 45363.1211452
              w 45363.1192621
            b:e 1435.1353456
            b:c 1435.1315324
            b:n 1192.1955154
            b:w 1192.1954215
            e:c 11650.9448635
            e:n 4589.6998237
            e:w 4589.6993718
            c:n 4589.7106417
            c:w 4589.7125249
            n:w 12468.2071636
          b:e:c 1456.6857546
          b:e:n 689.0148314
          b:e:w 689.0147330
          b:c:n 689.0146717
          b:c:w 689.0147656
          b:n:w 1445.1687886
          e:c:n 4458.6093026
          e:c:w 4458.6097545
          e:n:w 5627.0917213
          c:n:w 5627.1147472
        b:e:c:n 1281.3781387
        b:e:c:w 1281.3782371
        b:e:n:w 1535.8311543
        b:c:n:w 1535.8350946
        e:c:n:w 48891.8433460
