########################################
# legofit: estimate population history #
#       version 2.3.4-4-g53f8760       #
########################################

# Program was compiled: Sep 21 2021 14:36:42
# Program was run: Sun Oct 10 13:58:33 2021

# cmd: legofit -1 -d 0 -t 32 --ptsPerDim 3 --stateOut b1boot48.state --tol 3e-6 -S 5000 af2.lgo ../../chrX/boot_chrX/boot48.opf
# Stage nOptItr nSimReps
#     0    5000        0
# algorithm          : deterministic
# ignoring probs <=  : 0
# Branch length floor: 0
# DE strategy        : 2
#    F               : 0.3
#    CR              : 0.8
#    tolerance       : 3e-06
# nthreads           : 32
# lgo input file     : af2.lgo
# site pat input file: ../../chrX/boot_chrX/boot48.opf
# free parameters    : 14
# points in DE swarm : 42
# output state file  : b1boot48.state
# Including singleton site patterns.
# cost function      : KL
Initial parameter values
Fixed:
      zero = 0
       one = 1
    Tbecnw = 75200
Free:
       pc1 = 0
       pc2 = 0
       pc3 = 0
       pc4 = 0
       pc5 = 0
       pc6 = 0
       pc7 = 0
       pc8 = 0
       pc9 = 0
      pc10 = 0
      pc11 = 0
      pc12 = 0
      pc13 = 0
      pc14 = 0
Constrained:
   Tgbecnw = 142628
     Tecnw = 26311.4
       Tnw = 25439.1
       Tec = 59.1977
     twoNb = 259740
     twoNc = 305559
     twoNw = 2.37604e+06
    twoNec = 219143
    twoNnw = 3569.63
  twoNecnw = 70243.5
  twoNbecnw = 23037.1
  twoNgbecnw = 167503
         m = 0.168983
        m6 = 1.9963e-06
        Ta = 37600
        Tf = 29.5989
DiffEv reached_goal. cost=2.62703e-03 spread=2.89105e-06
Fitted parameter values
Free:
       pc1 = 3.98069
       pc2 = 1.77776
       pc3 = -1.2737
       pc4 = 1.02137
       pc5 = -1.42061
       pc6 = 0.838166
       pc7 = -0.409882
       pc8 = -1.93975
       pc9 = 0.636826
      pc10 = -0.39451
      pc11 = 0.0509927
      pc12 = -0.146123
      pc13 = -0.111466
      pc14 = 0.0286626
Constrained:
   Tgbecnw = 113222
     Tecnw = 24861.4
       Tnw = 24349.2
       Tec = 210.129
     twoNb = 552850
     twoNc = 168736
     twoNw = 2.3363e+06
    twoNec = 212074
    twoNnw = 2123.46
  twoNecnw = 66603.8
  twoNbecnw = 14209.3
  twoNgbecnw = 199979
         m = 0.137318
        m6 = 4.84618e-06
        Ta = 37600
        Tf = 105.064
#       SitePat  BranchLen
              b 123114.5664557
              e 47337.9569085
              c 47337.8948762
              n 45328.4756980
              w 45328.4738155
            b:e 1415.1775542
            b:c 1415.1725569
            b:n 1170.0416801
            b:w 1170.0415880
            e:c 11810.1737528
            e:n 4503.9130058
            e:w 4503.9125598
            c:n 4503.9275639
            c:w 4503.9294463
            n:w 12633.0124651
          b:e:c 1455.6410138
          b:e:n 671.7304418
          b:e:w 671.7303452
          b:c:n 671.7302634
          b:c:w 671.7303556
          b:n:w 1443.7840829
          e:c:n 4411.4913679
          e:c:w 4411.4918139
          e:n:w 5598.0887205
          c:n:w 5598.1193081
        b:e:c:n 1259.1269904
        b:e:c:w 1259.1270870
        b:e:n:w 1516.1148085
        b:c:n:w 1516.1199738
        e:c:n:w 48596.1588272
