########################################
# legofit: estimate population history #
#       version 2.3.4-4-g53f8760       #
########################################

# Program was compiled: Sep 21 2021 14:36:42
# Program was run: Sun Oct 10 13:57:54 2021

# cmd: legofit -1 -d 0 -t 32 --ptsPerDim 3 --stateOut b1boot13.state --tol 3e-6 -S 5000 af2.lgo ../../chrX/boot_chrX/boot13.opf
# Stage nOptItr nSimReps
#     0    5000        0
# algorithm          : deterministic
# ignoring probs <=  : 0
# Branch length floor: 0
# DE strategy        : 2
#    F               : 0.3
#    CR              : 0.8
#    tolerance       : 3e-06
# nthreads           : 32
# lgo input file     : af2.lgo
# site pat input file: ../../chrX/boot_chrX/boot13.opf
# free parameters    : 14
# points in DE swarm : 42
# output state file  : b1boot13.state
# Including singleton site patterns.
# cost function      : KL
Initial parameter values
Fixed:
      zero = 0
       one = 1
    Tbecnw = 75200
Free:
       pc1 = 0
       pc2 = 0
       pc3 = 0
       pc4 = 0
       pc5 = 0
       pc6 = 0
       pc7 = 0
       pc8 = 0
       pc9 = 0
      pc10 = 0
      pc11 = 0
      pc12 = 0
      pc13 = 0
      pc14 = 0
Constrained:
   Tgbecnw = 142628
     Tecnw = 26311.4
       Tnw = 25439.1
       Tec = 59.1977
     twoNb = 259740
     twoNc = 305559
     twoNw = 2.37604e+06
    twoNec = 219143
    twoNnw = 3569.63
  twoNecnw = 70243.5
  twoNbecnw = 23037.1
  twoNgbecnw = 167503
         m = 0.168983
        m6 = 1.9963e-06
        Ta = 37600
        Tf = 29.5989
DiffEv reached_goal. cost=2.87828e-03 spread=2.79205e-06
Fitted parameter values
Free:
       pc1 = 3.91355
       pc2 = 1.90431
       pc3 = -1.67677
       pc4 = 1.47226
       pc5 = -1.33025
       pc6 = 0.329653
       pc7 = -0.222337
       pc8 = -1.72749
       pc9 = -0.653949
      pc10 = -1.04471
      pc11 = 0.0201348
      pc12 = -0.0382577
      pc13 = -0.242074
      pc14 = 0.0328184
Constrained:
   Tgbecnw = 111221
     Tecnw = 24790.4
       Tnw = 24641.4
       Tec = 93.0274
     twoNb = 334452
     twoNc = 165737
     twoNw = 2.68616e+06
    twoNec = 204131
    twoNnw = 601.692
  twoNecnw = 67567.8
  twoNbecnw = 13863.8
  twoNgbecnw = 186574
         m = 0.152966
        m6 = 5.45332e-06
        Ta = 37600
        Tf = 46.5137
#       SitePat  BranchLen
              b 123891.2135466
              e 47314.4829560
              c 47314.4118810
              n 45349.5105580
              w 45349.5086948
            b:e 1401.9134650
            b:c 1401.9077637
            b:n 1156.5105211
            b:w 1156.5104308
            e:c 12044.1575228
            e:n 4463.1715791
            e:w 4463.1711388
            c:n 4463.1882935
            c:w 4463.1901567
            n:w 12812.2217639
          b:e:c 1460.4567646
          b:e:n 659.5646564
          b:e:w 659.5645616
          b:c:n 659.5644669
          b:c:w 659.5645571
          b:n:w 1448.3250162
          e:c:n 4394.2206408
          e:c:w 4394.2210810
          e:n:w 5591.0767406
          c:n:w 5591.1120833
        b:e:c:n 1246.2912286
        b:e:c:w 1246.2913234
        b:e:n:w 1503.8202151
        b:c:n:w 1503.8261104
        e:c:n:w 49212.9207536
