########################################
# legofit: estimate population history #
#       version 2.3.4-4-g53f8760       #
########################################

# Program was compiled: Sep 21 2021 14:36:42
# Program was run: Sun Oct 10 13:58:28 2021

# cmd: legofit -1 -d 0 -t 32 --ptsPerDim 3 --stateOut b1boot44.state --tol 3e-6 -S 5000 af2.lgo ../../chrX/boot_chrX/boot44.opf
# Stage nOptItr nSimReps
#     0    5000        0
# algorithm          : deterministic
# ignoring probs <=  : 0
# Branch length floor: 0
# DE strategy        : 2
#    F               : 0.3
#    CR              : 0.8
#    tolerance       : 3e-06
# nthreads           : 32
# lgo input file     : af2.lgo
# site pat input file: ../../chrX/boot_chrX/boot44.opf
# free parameters    : 14
# points in DE swarm : 42
# output state file  : b1boot44.state
# Including singleton site patterns.
# cost function      : KL
Initial parameter values
Fixed:
      zero = 0
       one = 1
    Tbecnw = 75200
Free:
       pc1 = 0
       pc2 = 0
       pc3 = 0
       pc4 = 0
       pc5 = 0
       pc6 = 0
       pc7 = 0
       pc8 = 0
       pc9 = 0
      pc10 = 0
      pc11 = 0
      pc12 = 0
      pc13 = 0
      pc14 = 0
Constrained:
   Tgbecnw = 142628
     Tecnw = 26311.4
       Tnw = 25439.1
       Tec = 59.1977
     twoNb = 259740
     twoNc = 305559
     twoNw = 2.37604e+06
    twoNec = 219143
    twoNnw = 3569.63
  twoNecnw = 70243.5
  twoNbecnw = 23037.1
  twoNgbecnw = 167503
         m = 0.168983
        m6 = 1.9963e-06
        Ta = 37600
        Tf = 29.5989
DiffEv reached_goal. cost=2.72583e-03 spread=2.91354e-06
Fitted parameter values
Free:
       pc1 = 3.96952
       pc2 = 1.99308
       pc3 = -1.47336
       pc4 = 1.70219
       pc5 = -1.86095
       pc6 = 0.285781
       pc7 = 0.92209
       pc8 = -1.67064
       pc9 = -0.312242
      pc10 = -0.156834
      pc11 = 0.172983
      pc12 = 0.12366
      pc13 = -0.149994
      pc14 = 0.00443632
Constrained:
   Tgbecnw = 113373
     Tecnw = 24363.3
       Tnw = 23985.7
       Tec = 150.013
     twoNb = 373509
     twoNc = 153708
     twoNw = 3.37873e+06
    twoNec = 210601
    twoNnw = 1522.98
  twoNecnw = 69074.2
  twoNbecnw = 14303.3
  twoNgbecnw = 192941
         m = 0.150212
        m6 = 6.18214e-06
        Ta = 37600
        Tf = 75.0065
#       SitePat  BranchLen
              b 124583.5815655
              e 47515.2880360
              c 47515.2064132
              n 45199.1694708
              w 45199.1678265
            b:e 1413.7880851
            b:c 1413.7816269
            b:n 1155.0471896
            b:w 1155.0471103
            e:c 11920.1963726
            e:n 4534.2963965
            e:w 4534.2960077
            c:n 4534.3160070
            c:w 4534.3176513
            n:w 12968.2555102
          b:e:c 1455.3510050
          b:e:n 664.8809281
          b:e:w 664.8808448
          b:c:n 664.8807374
          b:c:w 664.8808167
          b:n:w 1442.6164363
          e:c:n 4384.7594672
          e:c:w 4384.7598560
          e:n:w 5652.7589155
          c:n:w 5652.7992843
        b:e:c:n 1244.6206746
        b:e:c:w 1244.6207579
        b:e:n:w 1516.0896525
        b:c:n:w 1516.0963296
        e:c:n:w 49669.5767608
