########################################
# legofit: estimate population history #
#       version 2.3.4-4-g53f8760       #
########################################

# Program was compiled: Sep 21 2021 14:36:42
# Program was run: Sun Oct 10 13:58:12 2021

# cmd: legofit -1 -d 0 -t 32 --ptsPerDim 3 --stateOut b1boot33.state --tol 3e-6 -S 5000 af2.lgo ../../chrX/boot_chrX/boot33.opf
# Stage nOptItr nSimReps
#     0    5000        0
# algorithm          : deterministic
# ignoring probs <=  : 0
# Branch length floor: 0
# DE strategy        : 2
#    F               : 0.3
#    CR              : 0.8
#    tolerance       : 3e-06
# nthreads           : 32
# lgo input file     : af2.lgo
# site pat input file: ../../chrX/boot_chrX/boot33.opf
# free parameters    : 14
# points in DE swarm : 42
# output state file  : b1boot33.state
# Including singleton site patterns.
# cost function      : KL
Initial parameter values
Fixed:
      zero = 0
       one = 1
    Tbecnw = 75200
Free:
       pc1 = 0
       pc2 = 0
       pc3 = 0
       pc4 = 0
       pc5 = 0
       pc6 = 0
       pc7 = 0
       pc8 = 0
       pc9 = 0
      pc10 = 0
      pc11 = 0
      pc12 = 0
      pc13 = 0
      pc14 = 0
Constrained:
   Tgbecnw = 142628
     Tecnw = 26311.4
       Tnw = 25439.1
       Tec = 59.1977
     twoNb = 259740
     twoNc = 305559
     twoNw = 2.37604e+06
    twoNec = 219143
    twoNnw = 3569.63
  twoNecnw = 70243.5
  twoNbecnw = 23037.1
  twoNgbecnw = 167503
         m = 0.168983
        m6 = 1.9963e-06
        Ta = 37600
        Tf = 29.5989
DiffEv reached_goal. cost=2.69700e-03 spread=2.88073e-06
Fitted parameter values
Free:
       pc1 = 3.53262
       pc2 = 1.49104
       pc3 = -1.11658
       pc4 = 1.04942
       pc5 = -1.51668
       pc6 = 1.07795
       pc7 = 0.296105
       pc8 = -1.94595
       pc9 = -0.495556
      pc10 = -1.17226
      pc11 = -0.0891296
      pc12 = 0.0960482
      pc13 = -0.120349
      pc14 = 0.0118608
Constrained:
   Tgbecnw = 116452
     Tecnw = 24974.4
       Tnw = 24627.5
       Tec = 69.1063
     twoNb = 492789
     twoNc = 293784
     twoNw = 2.65033e+06
    twoNec = 205540
    twoNnw = 1327.85
  twoNecnw = 67924.7
  twoNbecnw = 15212.1
  twoNgbecnw = 198528
         m = 0.149525
        m6 = 7.44792e-06
        Ta = 37600
        Tf = 34.5531
#       SitePat  BranchLen
              b 126250.4062354
              e 47691.9771899
              c 47691.8750588
              n 45359.9056985
              w 45359.9031199
            b:e 1434.1407665
            b:c 1434.1324803
            b:n 1160.2559287
            b:w 1160.2558034
            e:c 12202.2207984
            e:n 4436.2613794
            e:w 4436.2607731
            c:n 4436.2851164
            c:w 4436.2876950
            n:w 13208.5621258
          b:e:c 1499.6459610
          b:e:n 660.4279138
          b:e:w 660.4277826
          b:c:n 660.4276533
          b:c:w 660.4277785
          b:n:w 1486.6917976
          e:c:n 4376.4576849
          e:c:w 4376.4582911
          e:n:w 5702.1126396
          c:n:w 5702.1641117
        b:e:c:n 1246.3717895
        b:e:c:w 1246.3719207
        b:e:n:w 1533.2025005
        b:c:n:w 1533.2110513
        e:c:n:w 51124.0599721
