########################################
# legofit: estimate population history #
#       version 2.3.4-4-g53f8760       #
########################################

# Program was compiled: Sep 21 2021 14:36:42
# Program was run: Sun Oct 10 13:57:45 2021

# cmd: legofit -1 -d 0 -t 32 --ptsPerDim 3 --stateOut b1boot9.state --tol 3e-6 -S 5000 af2.lgo ../../chrX/boot_chrX/boot9.opf
# Stage nOptItr nSimReps
#     0    5000        0
# algorithm          : deterministic
# ignoring probs <=  : 0
# Branch length floor: 0
# DE strategy        : 2
#    F               : 0.3
#    CR              : 0.8
#    tolerance       : 3e-06
# nthreads           : 32
# lgo input file     : af2.lgo
# site pat input file: ../../chrX/boot_chrX/boot9.opf
# free parameters    : 14
# points in DE swarm : 42
# output state file  : b1boot9.state
# Including singleton site patterns.
# cost function      : KL
Initial parameter values
Fixed:
      zero = 0
       one = 1
    Tbecnw = 75200
Free:
       pc1 = 0
       pc2 = 0
       pc3 = 0
       pc4 = 0
       pc5 = 0
       pc6 = 0
       pc7 = 0
       pc8 = 0
       pc9 = 0
      pc10 = 0
      pc11 = 0
      pc12 = 0
      pc13 = 0
      pc14 = 0
Constrained:
   Tgbecnw = 142628
     Tecnw = 26311.4
       Tnw = 25439.1
       Tec = 59.1977
     twoNb = 259740
     twoNc = 305559
     twoNw = 2.37604e+06
    twoNec = 219143
    twoNnw = 3569.63
  twoNecnw = 70243.5
  twoNbecnw = 23037.1
  twoNgbecnw = 167503
         m = 0.168983
        m6 = 1.9963e-06
        Ta = 37600
        Tf = 29.5989
DiffEv reached_goal. cost=2.69286e-03 spread=2.74424e-06
Fitted parameter values
Free:
       pc1 = 3.96403
       pc2 = 1.63156
       pc3 = -1.06771
       pc4 = 0.437583
       pc5 = -1.88424
       pc6 = 0.929972
       pc7 = 0.829209
       pc8 = -1.86009
       pc9 = -0.687506
      pc10 = -1.14858
      pc11 = -0.030704
      pc12 = 0.0341528
      pc13 = -0.125508
      pc14 = 0.0192155
Constrained:
   Tgbecnw = 116556
     Tecnw = 24762.3
       Tnw = 24203.5
       Tec = 125.622
     twoNb = 465482
     twoNc = 374875
     twoNw = 2.5857e+06
    twoNec = 201553
    twoNnw = 2262.87
  twoNecnw = 69095.6
  twoNbecnw = 14924.8
  twoNgbecnw = 197775
         m = 0.144888
        m6 = 8.2768e-06
        Ta = 37600
        Tf = 62.8109
#       SitePat  BranchLen
              b 124533.1973525
              e 47566.3352232
              c 47566.2256522
              n 45580.1337203
              w 45580.1308016
            b:e 1379.7309772
            b:c 1379.7224744
            b:n 1141.8643013
            b:w 1141.8641636
            e:c 12145.1445363
            e:n 4480.8825323
            e:w 4480.8818506
            c:n 4480.9086283
            c:w 4480.9115469
            n:w 12954.1127800
          b:e:c 1438.1676655
          b:e:n 648.9629237
          b:e:w 648.9627794
          b:c:n 648.9626435
          b:c:w 648.9627813
          b:n:w 1426.8748559
          e:c:n 4381.8643338
          e:c:w 4381.8650154
          e:n:w 5559.0177183
          c:n:w 5559.0714971
        b:e:c:n 1226.8861687
        b:e:c:w 1226.8863130
        b:e:n:w 1476.0371533
        b:c:n:w 1476.0459343
        e:c:n:w 49401.5032969
