########################################
# legofit: estimate population history #
#       version 2.3.4-4-g53f8760       #
########################################

# Program was compiled: Sep 21 2021 14:36:42
# Program was run: Sun Oct 10 13:57:54 2021

# cmd: legofit -1 -d 0 -t 32 --ptsPerDim 3 --stateOut b1boot15.state --tol 3e-6 -S 5000 af2.lgo ../../chrX/boot_chrX/boot15.opf
# Stage nOptItr nSimReps
#     0    5000        0
# algorithm          : deterministic
# ignoring probs <=  : 0
# Branch length floor: 0
# DE strategy        : 2
#    F               : 0.3
#    CR              : 0.8
#    tolerance       : 3e-06
# nthreads           : 32
# lgo input file     : af2.lgo
# site pat input file: ../../chrX/boot_chrX/boot15.opf
# free parameters    : 14
# points in DE swarm : 42
# output state file  : b1boot15.state
# Including singleton site patterns.
# cost function      : KL
Initial parameter values
Fixed:
      zero = 0
       one = 1
    Tbecnw = 75200
Free:
       pc1 = 0
       pc2 = 0
       pc3 = 0
       pc4 = 0
       pc5 = 0
       pc6 = 0
       pc7 = 0
       pc8 = 0
       pc9 = 0
      pc10 = 0
      pc11 = 0
      pc12 = 0
      pc13 = 0
      pc14 = 0
Constrained:
   Tgbecnw = 142628
     Tecnw = 26311.4
       Tnw = 25439.1
       Tec = 59.1977
     twoNb = 259740
     twoNc = 305559
     twoNw = 2.37604e+06
    twoNec = 219143
    twoNnw = 3569.63
  twoNecnw = 70243.5
  twoNbecnw = 23037.1
  twoNgbecnw = 167503
         m = 0.168983
        m6 = 1.9963e-06
        Ta = 37600
        Tf = 29.5989
DiffEv reached_goal. cost=2.59003e-03 spread=2.43919e-06
Fitted parameter values
Free:
       pc1 = 3.98693
       pc2 = 1.91638
       pc3 = -1.416
       pc4 = 0.717946
       pc5 = -1.52362
       pc6 = 0.959529
       pc7 = -0.132411
       pc8 = -1.86571
       pc9 = -0.0655456
      pc10 = 0.139434
      pc11 = 0.514808
      pc12 = 0.0273724
      pc13 = 0.0489289
      pc14 = 0.00717861
Constrained:
   Tgbecnw = 113251
     Tecnw = 24414.4
       Tnw = 24001.7
       Tec = 152.683
     twoNb = 520168
     twoNc = 255941
     twoNw = 2.11542e+06
    twoNec = 212925
    twoNnw = 1673.14
  twoNecnw = 68170.5
  twoNbecnw = 14848.2
  twoNgbecnw = 189540
         m = 0.142946
        m6 = 5.05523e-06
        Ta = 37600
        Tf = 76.3417
#       SitePat  BranchLen
              b 123483.0777255
              e 47546.3541203
              c 47546.2868088
              n 45219.7135704
              w 45219.7114218
            b:e 1503.1505749
            b:c 1503.1449454
            b:n 1228.2983006
            b:w 1228.2981905
            e:c 11965.3364736
            e:n 4589.4586894
            e:w 4589.4581735
            c:n 4589.4742880
            c:w 4589.4764367
            n:w 13004.1335198
          b:e:c 1543.6262664
          b:e:n 708.2608729
          b:e:w 708.2607574
          b:c:n 708.2606644
          b:c:w 708.2607745
          b:n:w 1530.0647472
          e:c:n 4484.2882361
          e:c:w 4484.2887520
          e:n:w 5772.0826914
          c:n:w 5772.1161412
        b:e:c:n 1323.8513450
        b:e:c:w 1323.8514606
        b:e:n:w 1612.2595262
        b:c:n:w 1612.2653471
        e:c:n:w 48570.4035586
