########################################
# legofit: estimate population history #
#       version 2.3.4-4-g53f8760       #
########################################

# Program was compiled: Sep 21 2021 14:36:42
# Program was run: Sun Oct 10 13:58:28 2021

# cmd: legofit -1 -d 0 -t 32 --ptsPerDim 3 --stateOut b1boot45.state --tol 3e-6 -S 5000 af2.lgo ../../chrX/boot_chrX/boot45.opf
# Stage nOptItr nSimReps
#     0    5000        0
# algorithm          : deterministic
# ignoring probs <=  : 0
# Branch length floor: 0
# DE strategy        : 2
#    F               : 0.3
#    CR              : 0.8
#    tolerance       : 3e-06
# nthreads           : 32
# lgo input file     : af2.lgo
# site pat input file: ../../chrX/boot_chrX/boot45.opf
# free parameters    : 14
# points in DE swarm : 42
# output state file  : b1boot45.state
# Including singleton site patterns.
# cost function      : KL
Initial parameter values
Fixed:
      zero = 0
       one = 1
    Tbecnw = 75200
Free:
       pc1 = 0
       pc2 = 0
       pc3 = 0
       pc4 = 0
       pc5 = 0
       pc6 = 0
       pc7 = 0
       pc8 = 0
       pc9 = 0
      pc10 = 0
      pc11 = 0
      pc12 = 0
      pc13 = 0
      pc14 = 0
Constrained:
   Tgbecnw = 142628
     Tecnw = 26311.4
       Tnw = 25439.1
       Tec = 59.1977
     twoNb = 259740
     twoNc = 305559
     twoNw = 2.37604e+06
    twoNec = 219143
    twoNnw = 3569.63
  twoNecnw = 70243.5
  twoNbecnw = 23037.1
  twoNgbecnw = 167503
         m = 0.168983
        m6 = 1.9963e-06
        Ta = 37600
        Tf = 29.5989
DiffEv reached_goal. cost=2.60032e-03 spread=2.92815e-06
Fitted parameter values
Free:
       pc1 = 0.596013
       pc2 = 1.70159
       pc3 = -1.81666
       pc4 = 0.685158
       pc5 = -1.34098
       pc6 = 0.0717981
       pc7 = 1.32915
       pc8 = -1.77097
       pc9 = -1.04385
      pc10 = -0.707279
      pc11 = 0.174076
      pc12 = 0.154537
      pc13 = -0.144182
      pc14 = 0.013276
Constrained:
   Tgbecnw = 122227
     Tecnw = 25462.5
       Tnw = 25293.6
       Tec = 156.183
     twoNb = 408394
     twoNc = 483975
     twoNw = 3.46018e+06
    twoNec = 212364
    twoNnw = 697.756
  twoNecnw = 72430.1
  twoNbecnw = 18785.5
  twoNgbecnw = 141399
         m = 0.205743
        m6 = 6.25184e-06
        Ta = 37600
        Tf = 78.0916
#       SitePat  BranchLen
              b 128619.9488733
              e 49302.5775132
              c 49302.4937128
              n 47265.7542967
              w 47265.7525134
            b:e 1448.0168720
            b:c 1448.0102907
            b:n 1201.5117489
            b:w 1201.5116633
            e:c 12472.0837687
            e:n 4689.9756291
            e:w 4689.9752084
            c:n 4689.9958391
            c:w 4689.9976224
            n:w 13296.7370474
          b:e:c 1490.7031034
          b:e:n 683.1892511
          b:e:w 683.1891620
          b:c:n 683.1890681
          b:c:w 683.1891537
          b:n:w 1480.3949854
          e:c:n 4577.6702046
          e:c:w 4577.6706253
          e:n:w 5789.7787561
          c:n:w 5789.8199323
        b:e:c:n 1280.3255605
        b:e:c:w 1280.3256496
        b:e:n:w 1537.1322120
        b:c:n:w 1537.1389845
        e:c:n:w 50755.1630626
