########################################
# legofit: estimate population history #
#       version 2.3.4-4-g53f8760       #
########################################

# Program was compiled: Sep 21 2021 14:36:42
# Program was run: Sun Oct 10 13:58:33 2021

# cmd: legofit -1 -d 0 -t 32 --ptsPerDim 3 --stateOut b1boot46.state --tol 3e-6 -S 5000 af2.lgo ../../chrX/boot_chrX/boot46.opf
# Stage nOptItr nSimReps
#     0    5000        0
# algorithm          : deterministic
# ignoring probs <=  : 0
# Branch length floor: 0
# DE strategy        : 2
#    F               : 0.3
#    CR              : 0.8
#    tolerance       : 3e-06
# nthreads           : 32
# lgo input file     : af2.lgo
# site pat input file: ../../chrX/boot_chrX/boot46.opf
# free parameters    : 14
# points in DE swarm : 42
# output state file  : b1boot46.state
# Including singleton site patterns.
# cost function      : KL
Initial parameter values
Fixed:
      zero = 0
       one = 1
    Tbecnw = 75200
Free:
       pc1 = 0
       pc2 = 0
       pc3 = 0
       pc4 = 0
       pc5 = 0
       pc6 = 0
       pc7 = 0
       pc8 = 0
       pc9 = 0
      pc10 = 0
      pc11 = 0
      pc12 = 0
      pc13 = 0
      pc14 = 0
Constrained:
   Tgbecnw = 142628
     Tecnw = 26311.4
       Tnw = 25439.1
       Tec = 59.1977
     twoNb = 259740
     twoNc = 305559
     twoNw = 2.37604e+06
    twoNec = 219143
    twoNnw = 3569.63
  twoNecnw = 70243.5
  twoNbecnw = 23037.1
  twoNgbecnw = 167503
         m = 0.168983
        m6 = 1.9963e-06
        Ta = 37600
        Tf = 29.5989
DiffEv reached_goal. cost=2.65787e-03 spread=2.85598e-06
Fitted parameter values
Free:
       pc1 = 3.98049
       pc2 = 0.991157
       pc3 = -1.62225
       pc4 = 0.165014
       pc5 = -1.78001
       pc6 = 0.30038
       pc7 = 0.235715
       pc8 = -1.78292
       pc9 = 0.163502
      pc10 = -0.460395
      pc11 = 0.0894829
      pc12 = 0.0583908
      pc13 = -0.036461
      pc14 = 0.0263024
Constrained:
   Tgbecnw = 119422
     Tecnw = 24645.3
       Tnw = 24242
       Tec = 348.951
     twoNb = 441288
     twoNc = 325820
     twoNw = 2.31306e+06
    twoNec = 205351
    twoNnw = 1690.53
  twoNecnw = 68447.3
  twoNbecnw = 15644.2
  twoNgbecnw = 203685
         m = 0.135214
        m6 = 5.38276e-06
        Ta = 37600
        Tf = 174.475
#       SitePat  BranchLen
              b 123963.7871702
              e 47507.7839237
              c 47507.7145968
              n 45583.3621161
              w 45583.3600017
            b:e 1387.0496651
            b:c 1387.0442648
            b:n 1155.2121818
            b:w 1155.2120807
            e:c 11973.4903076
            e:n 4552.3999180
            e:w 4552.3994170
            c:n 4552.4163250
            c:w 4552.4184394
            n:w 12749.3452806
          b:e:c 1427.5805027
          b:e:n 659.5049460
          b:e:w 659.5048403
          b:c:n 659.5047572
          b:c:w 659.5048583
          b:n:w 1417.0743915
          e:c:n 4437.8634898
          e:c:w 4437.8639908
          e:n:w 5586.3800199
          c:n:w 5586.4139174
        b:e:c:n 1237.4502169
        b:e:c:w 1237.4503226
        b:e:n:w 1479.7884291
        b:c:n:w 1479.7940002
        e:c:n:w 48828.9526379
