########################################
# legofit: estimate population history #
#       version 2.3.4-4-g53f8760       #
########################################

# Program was compiled: Sep 21 2021 14:36:42
# Program was run: Sun Oct 10 13:58:18 2021

# cmd: legofit -1 -d 0 -t 32 --ptsPerDim 3 --stateOut b1boot39.state --tol 3e-6 -S 5000 af2.lgo ../../chrX/boot_chrX/boot39.opf
# Stage nOptItr nSimReps
#     0    5000        0
# algorithm          : deterministic
# ignoring probs <=  : 0
# Branch length floor: 0
# DE strategy        : 2
#    F               : 0.3
#    CR              : 0.8
#    tolerance       : 3e-06
# nthreads           : 32
# lgo input file     : af2.lgo
# site pat input file: ../../chrX/boot_chrX/boot39.opf
# free parameters    : 14
# points in DE swarm : 42
# output state file  : b1boot39.state
# Including singleton site patterns.
# cost function      : KL
Initial parameter values
Fixed:
      zero = 0
       one = 1
    Tbecnw = 75200
Free:
       pc1 = 0
       pc2 = 0
       pc3 = 0
       pc4 = 0
       pc5 = 0
       pc6 = 0
       pc7 = 0
       pc8 = 0
       pc9 = 0
      pc10 = 0
      pc11 = 0
      pc12 = 0
      pc13 = 0
      pc14 = 0
Constrained:
   Tgbecnw = 142628
     Tecnw = 26311.4
       Tnw = 25439.1
       Tec = 59.1977
     twoNb = 259740
     twoNc = 305559
     twoNw = 2.37604e+06
    twoNec = 219143
    twoNnw = 3569.63
  twoNecnw = 70243.5
  twoNbecnw = 23037.1
  twoNgbecnw = 167503
         m = 0.168983
        m6 = 1.9963e-06
        Ta = 37600
        Tf = 29.5989
DiffEv reached_goal. cost=2.65224e-03 spread=2.30503e-06
Fitted parameter values
Free:
       pc1 = 3.9798
       pc2 = 1.90577
       pc3 = -1.98828
       pc4 = 1.81716
       pc5 = -1.95295
       pc6 = 1.39444
       pc7 = 0.538963
       pc8 = -1.89746
       pc9 = -0.297475
      pc10 = -0.863896
      pc11 = 0.0654806
      pc12 = 0.0230583
      pc13 = -0.216974
      pc14 = 0.0286631
Constrained:
   Tgbecnw = 111616
     Tecnw = 24485.7
       Tnw = 24435.3
       Tec = 74.7966
     twoNb = 635871
     twoNc = 149564
     twoNw = 3.14746e+06
    twoNec = 206179
    twoNnw = 206.819
  twoNecnw = 68603.5
  twoNbecnw = 13482.8
  twoNgbecnw = 199880
         m = 0.146699
        m6 = 6.78402e-06
        Ta = 37600
        Tf = 37.3983
#       SitePat  BranchLen
              b 124186.6071148
              e 47279.6167967
              c 47279.5294903
              n 45287.7726967
              w 45287.7707293
            b:e 1378.8868486
            b:c 1378.8799916
            b:n 1139.6518625
            b:w 1139.6517686
            e:c 11925.6656383
            e:n 4490.0959586
            e:w 4490.0954950
            c:n 4490.1168783
            c:w 4490.1188457
            n:w 12736.4129290
          b:e:c 1428.0811816
          b:e:n 653.1047557
          b:e:w 653.1046571
          b:c:n 653.1045397
          b:c:w 653.1046336
          b:n:w 1416.0141853
          e:c:n 4360.4659965
          e:c:w 4360.4664601
          e:n:w 5541.4988502
          c:n:w 5541.5418861
        b:e:c:n 1230.0798334
        b:e:c:w 1230.0799321
        b:e:n:w 1481.3749354
        b:c:n:w 1481.3820319
        e:c:n:w 49600.4909326
