########################################
# legofit: estimate population history #
#       version 2.3.4-4-g53f8760       #
########################################

# Program was compiled: Sep 21 2021 14:36:42
# Program was run: Sun Oct 10 13:58:18 2021

# cmd: legofit -1 -d 0 -t 32 --ptsPerDim 3 --stateOut b1boot36.state --tol 3e-6 -S 5000 af2.lgo ../../chrX/boot_chrX/boot36.opf
# Stage nOptItr nSimReps
#     0    5000        0
# algorithm          : deterministic
# ignoring probs <=  : 0
# Branch length floor: 0
# DE strategy        : 2
#    F               : 0.3
#    CR              : 0.8
#    tolerance       : 3e-06
# nthreads           : 32
# lgo input file     : af2.lgo
# site pat input file: ../../chrX/boot_chrX/boot36.opf
# free parameters    : 14
# points in DE swarm : 42
# output state file  : b1boot36.state
# Including singleton site patterns.
# cost function      : KL
Initial parameter values
Fixed:
      zero = 0
       one = 1
    Tbecnw = 75200
Free:
       pc1 = 0
       pc2 = 0
       pc3 = 0
       pc4 = 0
       pc5 = 0
       pc6 = 0
       pc7 = 0
       pc8 = 0
       pc9 = 0
      pc10 = 0
      pc11 = 0
      pc12 = 0
      pc13 = 0
      pc14 = 0
Constrained:
   Tgbecnw = 142628
     Tecnw = 26311.4
       Tnw = 25439.1
       Tec = 59.1977
     twoNb = 259740
     twoNc = 305559
     twoNw = 2.37604e+06
    twoNec = 219143
    twoNnw = 3569.63
  twoNecnw = 70243.5
  twoNbecnw = 23037.1
  twoNgbecnw = 167503
         m = 0.168983
        m6 = 1.9963e-06
        Ta = 37600
        Tf = 29.5989
DiffEv reached_goal. cost=2.77946e-03 spread=2.98474e-06
Fitted parameter values
Free:
       pc1 = 3.99208
       pc2 = 1.81967
       pc3 = -1.82939
       pc4 = 1.52666
       pc5 = -1.28023
       pc6 = 0.123104
       pc7 = -0.1797
       pc8 = -1.90855
       pc9 = -0.182635
      pc10 = -0.387296
      pc11 = 0.141756
      pc12 = 0.0424682
      pc13 = -0.234205
      pc14 = 0.023349
Constrained:
   Tgbecnw = 111610
     Tecnw = 24585
       Tnw = 24448.9
       Tec = 183.49
     twoNb = 341456
     twoNc = 179950
     twoNw = 2.77612e+06
    twoNec = 209658
    twoNnw = 559.03
  twoNecnw = 67356
  twoNbecnw = 13826.7
  twoNgbecnw = 190454
         m = 0.150763
        m6 = 4.40913e-06
        Ta = 37600
        Tf = 91.745
#       SitePat  BranchLen
              b 124023.5594060
              e 47235.9042786
              c 47235.8477235
              n 45184.9869768
              w 45184.9855350
            b:e 1388.2595437
            b:c 1388.2550640
            b:n 1144.2774293
            b:w 1144.2773599
            e:c 11839.7451419
            e:n 4501.8990969
            e:w 4501.8987543
            c:n 4501.9124714
            c:w 4501.9139133
            n:w 12685.9211806
          b:e:c 1430.0927529
          b:e:n 656.9997970
          b:e:w 656.9997243
          b:c:n 656.9996502
          b:c:w 656.9997196
          b:n:w 1418.1884514
          e:c:n 4392.3491153
          e:c:w 4392.3494579
          e:n:w 5597.0489821
          c:n:w 5597.0770037
        b:e:c:n 1232.1656911
        b:e:c:w 1232.1657639
        b:e:n:w 1488.0476227
        b:c:n:w 1488.0522539
        e:c:n:w 49459.4145074
