########################################
# legofit: estimate population history #
#       version 2.3.4-4-g53f8760       #
########################################

# Program was compiled: Sep 21 2021 14:36:42
# Program was run: Sun Oct 10 13:58:06 2021

# cmd: legofit -1 -d 0 -t 32 --ptsPerDim 3 --stateOut b1boot25.state --tol 3e-6 -S 5000 af2.lgo ../../chrX/boot_chrX/boot25.opf
# Stage nOptItr nSimReps
#     0    5000        0
# algorithm          : deterministic
# ignoring probs <=  : 0
# Branch length floor: 0
# DE strategy        : 2
#    F               : 0.3
#    CR              : 0.8
#    tolerance       : 3e-06
# nthreads           : 32
# lgo input file     : af2.lgo
# site pat input file: ../../chrX/boot_chrX/boot25.opf
# free parameters    : 14
# points in DE swarm : 42
# output state file  : b1boot25.state
# Including singleton site patterns.
# cost function      : KL
Initial parameter values
Fixed:
      zero = 0
       one = 1
    Tbecnw = 75200
Free:
       pc1 = 0
       pc2 = 0
       pc3 = 0
       pc4 = 0
       pc5 = 0
       pc6 = 0
       pc7 = 0
       pc8 = 0
       pc9 = 0
      pc10 = 0
      pc11 = 0
      pc12 = 0
      pc13 = 0
      pc14 = 0
Constrained:
   Tgbecnw = 142628
     Tecnw = 26311.4
       Tnw = 25439.1
       Tec = 59.1977
     twoNb = 259740
     twoNc = 305559
     twoNw = 2.37604e+06
    twoNec = 219143
    twoNnw = 3569.63
  twoNecnw = 70243.5
  twoNbecnw = 23037.1
  twoNgbecnw = 167503
         m = 0.168983
        m6 = 1.9963e-06
        Ta = 37600
        Tf = 29.5989
DiffEv reached_goal. cost=2.73975e-03 spread=2.72884e-06
Fitted parameter values
Free:
       pc1 = 3.99901
       pc2 = 1.99305
       pc3 = -1.37658
       pc4 = 0.11292
       pc5 = -1.83722
       pc6 = 0.391279
       pc7 = -0.23399
       pc8 = -0.547825
       pc9 = -1.47751
      pc10 = 0.218844
      pc11 = -0.00788592
      pc12 = -0.0937776
      pc13 = -0.186226
      pc14 = -0.0131337
Constrained:
   Tgbecnw = 115974
     Tecnw = 24477.5
       Tnw = 23903.9
       Tec = 60.7698
     twoNb = 227851
     twoNc = 121781
     twoNw = 1.61134e+06
    twoNec = 203894
    twoNnw = 2247.07
  twoNecnw = 71634.8
  twoNbecnw = 15042.8
  twoNgbecnw = 191115
         m = 0.156963
        m6 = 4.53733e-06
        Ta = 37600
        Tf = 30.3849
#       SitePat  BranchLen
              b 126055.9477987
              e 48018.8386506
              c 48018.7748282
              n 45622.8133334
              w 45622.8107839
            b:e 1428.8737858
            b:c 1428.8688002
            b:n 1163.5460805
            b:w 1163.5459585
            e:c 12258.6472945
            e:n 4520.1486016
            e:w 4520.1480084
            c:n 4520.1632978
            c:w 4520.1658472
            n:w 13364.9095698
          b:e:c 1489.4064666
          b:e:n 664.9606256
          b:e:w 664.9604975
          b:c:n 664.9604164
          b:c:w 664.9605384
          b:n:w 1476.2405451
          e:c:n 4368.1024260
          e:c:w 4368.1030191
          e:n:w 5657.8194843
          c:n:w 5657.8507716
        b:e:c:n 1254.2799543
        b:e:c:w 1254.2800824
        b:e:n:w 1532.7686364
        b:c:n:w 1532.7737902
        e:c:n:w 50439.0364437
