########################################
# legofit: estimate population history #
#       version 2.3.4-4-g53f8760       #
########################################

# Program was compiled: Sep 21 2021 14:36:42
# Program was run: Sun Oct 10 13:57:37 2021

# cmd: legofit -1 -d 0 -t 32 --ptsPerDim 3 --stateOut b1boot4.state --tol 3e-6 -S 5000 af2.lgo ../../chrX/boot_chrX/boot4.opf
# Stage nOptItr nSimReps
#     0    5000        0
# algorithm          : deterministic
# ignoring probs <=  : 0
# Branch length floor: 0
# DE strategy        : 2
#    F               : 0.3
#    CR              : 0.8
#    tolerance       : 3e-06
# nthreads           : 32
# lgo input file     : af2.lgo
# site pat input file: ../../chrX/boot_chrX/boot4.opf
# free parameters    : 14
# points in DE swarm : 42
# output state file  : b1boot4.state
# Including singleton site patterns.
# cost function      : KL
Initial parameter values
Fixed:
      zero = 0
       one = 1
    Tbecnw = 75200
Free:
       pc1 = 0
       pc2 = 0
       pc3 = 0
       pc4 = 0
       pc5 = 0
       pc6 = 0
       pc7 = 0
       pc8 = 0
       pc9 = 0
      pc10 = 0
      pc11 = 0
      pc12 = 0
      pc13 = 0
      pc14 = 0
Constrained:
   Tgbecnw = 142628
     Tecnw = 26311.4
       Tnw = 25439.1
       Tec = 59.1977
     twoNb = 259740
     twoNc = 305559
     twoNw = 2.37604e+06
    twoNec = 219143
    twoNnw = 3569.63
  twoNecnw = 70243.5
  twoNbecnw = 23037.1
  twoNgbecnw = 167503
         m = 0.168983
        m6 = 1.9963e-06
        Ta = 37600
        Tf = 29.5989
DiffEv reached_goal. cost=2.80872e-03 spread=2.85527e-06
Fitted parameter values
Free:
       pc1 = 3.98733
       pc2 = 1.65852
       pc3 = -1.64349
       pc4 = 0.602334
       pc5 = -1.08829
       pc6 = 1.40209
       pc7 = 0.40024
       pc8 = -1.5668
       pc9 = -0.299789
      pc10 = -0.3486
      pc11 = 0.0709286
      pc12 = 0.0235941
      pc13 = -0.10037
      pc14 = 0.0163413
Constrained:
   Tgbecnw = 115975
     Tecnw = 24602.3
       Tnw = 24191
       Tec = 54.8973
     twoNb = 576491
     twoNc = 391870
     twoNw = 2.40872e+06
    twoNec = 206797
    twoNnw = 1670.46
  twoNecnw = 68862.8
  twoNbecnw = 14775.5
  twoNgbecnw = 204763
         m = 0.142105
        m6 = 4.74836e-06
        Ta = 37600
        Tf = 27.4487
#       SitePat  BranchLen
              b 125053.5823441
              e 47537.2772794
              c 47537.2145302
              n 45436.6635599
              w 45436.6617653
            b:e 1412.4045612
            b:c 1412.3995884
            b:n 1163.6036252
            b:w 1163.6035385
            e:c 12044.4172257
            e:n 4516.8257202
            e:w 4516.8252974
            c:n 4516.8405340
            c:w 4516.8423286
            n:w 12931.7808786
          b:e:c 1462.6730117
          b:e:n 665.4335226
          b:e:w 665.4334318
          b:c:n 665.4333509
          b:c:w 665.4334376
          b:n:w 1450.6467552
          e:c:n 4402.1085394
          e:c:w 4402.1089622
          e:n:w 5615.3128879
          c:n:w 5615.3437922
        b:e:c:n 1252.0145039
        b:e:c:w 1252.0145948
        b:e:n:w 1512.8367295
        b:c:n:w 1512.8418682
        e:c:n:w 50052.6685958
