########################################
# legofit: estimate population history #
#       version 2.3.4-4-g53f8760       #
########################################

# Program was compiled: Sep 21 2021 14:36:42
# Program was run: Sun Oct 10 13:58:03 2021

# cmd: legofit -1 -d 0 -t 32 --ptsPerDim 3 --stateOut b1boot23.state --tol 3e-6 -S 5000 af2.lgo ../../chrX/boot_chrX/boot23.opf
# Stage nOptItr nSimReps
#     0    5000        0
# algorithm          : deterministic
# ignoring probs <=  : 0
# Branch length floor: 0
# DE strategy        : 2
#    F               : 0.3
#    CR              : 0.8
#    tolerance       : 3e-06
# nthreads           : 32
# lgo input file     : af2.lgo
# site pat input file: ../../chrX/boot_chrX/boot23.opf
# free parameters    : 14
# points in DE swarm : 42
# output state file  : b1boot23.state
# Including singleton site patterns.
# cost function      : KL
Initial parameter values
Fixed:
      zero = 0
       one = 1
    Tbecnw = 75200
Free:
       pc1 = 0
       pc2 = 0
       pc3 = 0
       pc4 = 0
       pc5 = 0
       pc6 = 0
       pc7 = 0
       pc8 = 0
       pc9 = 0
      pc10 = 0
      pc11 = 0
      pc12 = 0
      pc13 = 0
      pc14 = 0
Constrained:
   Tgbecnw = 142628
     Tecnw = 26311.4
       Tnw = 25439.1
       Tec = 59.1977
     twoNb = 259740
     twoNc = 305559
     twoNw = 2.37604e+06
    twoNec = 219143
    twoNnw = 3569.63
  twoNecnw = 70243.5
  twoNbecnw = 23037.1
  twoNgbecnw = 167503
         m = 0.168983
        m6 = 1.9963e-06
        Ta = 37600
        Tf = 29.5989
DiffEv reached_goal. cost=2.71273e-03 spread=2.91582e-06
Fitted parameter values
Free:
       pc1 = 3.9854
       pc2 = 1.7556
       pc3 = -0.720102
       pc4 = 1.01059
       pc5 = -1.89866
       pc6 = 0.79996
       pc7 = 1.11436
       pc8 = -1.75309
       pc9 = -1.26337
      pc10 = -1.13744
      pc11 = 0.163185
      pc12 = 0.121872
      pc13 = -0.0295148
      pc14 = 0.0237202
Constrained:
   Tgbecnw = 116032
     Tecnw = 24595.5
       Tnw = 24098.4
       Tec = 7.39123
     twoNb = 346601
     twoNc = 321637
     twoNw = 2.91442e+06
    twoNec = 202363
    twoNnw = 2049.96
  twoNecnw = 69263.7
  twoNbecnw = 15187.6
  twoNgbecnw = 191456
         m = 0.145282
        m6 = 9.29786e-06
        Ta = 37600
        Tf = 3.69562
#       SitePat  BranchLen
              b 124038.7735054
              e 47542.6583448
              c 47542.5366580
              n 45624.9709736
              w 45624.9680542
            b:e 1423.2828735
            b:c 1423.2731779
            b:n 1184.2385666
            b:w 1184.2384243
            e:c 12189.3664040
            e:n 4545.8149203
            e:w 4545.8142310
            c:n 4545.8440995
            c:w 4545.8470190
            n:w 12948.7298368
          b:e:c 1479.4654331
          b:e:n 674.0572411
          b:e:w 674.0570920
          b:c:n 674.0569341
          b:c:w 674.0570764
          b:n:w 1468.0058482
          e:c:n 4458.4948326
          e:c:w 4458.4955219
          e:n:w 5616.7298722
          c:n:w 5616.7895917
        b:e:c:n 1273.3257306
        b:e:c:w 1273.3258797
        b:e:n:w 1523.8199112
        b:c:n:w 1523.8299294
        e:c:n:w 48813.0993356
