########################################
# legofit: estimate population history #
#       version 2.3.4-4-g53f8760       #
########################################

# Program was compiled: Sep 21 2021 14:36:42
# Program was run: Sun Oct 10 13:58:00 2021

# cmd: legofit -1 -d 0 -t 32 --ptsPerDim 3 --stateOut b1boot19.state --tol 3e-6 -S 5000 af2.lgo ../../chrX/boot_chrX/boot19.opf
# Stage nOptItr nSimReps
#     0    5000        0
# algorithm          : deterministic
# ignoring probs <=  : 0
# Branch length floor: 0
# DE strategy        : 2
#    F               : 0.3
#    CR              : 0.8
#    tolerance       : 3e-06
# nthreads           : 32
# lgo input file     : af2.lgo
# site pat input file: ../../chrX/boot_chrX/boot19.opf
# free parameters    : 14
# points in DE swarm : 42
# output state file  : b1boot19.state
# Including singleton site patterns.
# cost function      : KL
Initial parameter values
Fixed:
      zero = 0
       one = 1
    Tbecnw = 75200
Free:
       pc1 = 0
       pc2 = 0
       pc3 = 0
       pc4 = 0
       pc5 = 0
       pc6 = 0
       pc7 = 0
       pc8 = 0
       pc9 = 0
      pc10 = 0
      pc11 = 0
      pc12 = 0
      pc13 = 0
      pc14 = 0
Constrained:
   Tgbecnw = 142628
     Tecnw = 26311.4
       Tnw = 25439.1
       Tec = 59.1977
     twoNb = 259740
     twoNc = 305559
     twoNw = 2.37604e+06
    twoNec = 219143
    twoNnw = 3569.63
  twoNecnw = 70243.5
  twoNbecnw = 23037.1
  twoNgbecnw = 167503
         m = 0.168983
        m6 = 1.9963e-06
        Ta = 37600
        Tf = 29.5989
DiffEv reached_goal. cost=2.79431e-03 spread=2.94442e-06
Fitted parameter values
Free:
       pc1 = 3.95961
       pc2 = 1.71826
       pc3 = -0.479848
       pc4 = 0.555958
       pc5 = -1.39774
       pc6 = -0.279991
       pc7 = -0.176896
       pc8 = -1.39002
       pc9 = -1.42497
      pc10 = -1.28603
      pc11 = -0.133904
      pc12 = -0.0578187
      pc13 = -0.174436
      pc14 = -0.00808267
Constrained:
   Tgbecnw = 115585
     Tecnw = 25065.1
       Tnw = 24405.2
       Tec = 63.8626
     twoNb = 54352
     twoNc = 231272
     twoNw = 2.12186e+06
    twoNec = 199891
    twoNnw = 2498.45
  twoNecnw = 68147.9
  twoNbecnw = 15147.3
  twoNgbecnw = 184356
         m = 0.151601
        m6 = 7.25805e-06
        Ta = 37600
        Tf = 31.9313
#       SitePat  BranchLen
              b 124165.6321339
              e 47643.4302831
              c 47643.3290128
              n 45367.8111702
              w 45367.8080566
            b:e 1404.0680937
            b:c 1404.0600658
            b:n 1138.1992597
            b:w 1138.1991120
            e:c 12323.0394669
            e:n 4388.9403590
            e:w 4388.9396348
            c:n 4388.9636890
            c:w 4388.9668027
            n:w 13295.1728231
          b:e:c 1480.5526596
          b:e:n 643.7413961
          b:e:w 643.7412414
          b:c:n 643.7411183
          b:c:w 643.7412660
          b:n:w 1468.0742646
          e:c:n 4347.2122120
          e:c:w 4347.2129362
          e:n:w 5650.6238663
          c:n:w 5650.6746387
        b:e:c:n 1221.8349436
        b:e:c:w 1221.8350983
        b:e:n:w 1500.1741694
        b:c:n:w 1500.1824505
        e:c:n:w 49012.4309125
