########################################
# legofit: estimate population history #
#       version 2.3.4-4-g53f8760       #
########################################

# Program was compiled: Sep 21 2021 14:36:42
# Program was run: Sun Oct 10 13:57:36 2021

# cmd: legofit -1 -d 0 -t 32 --ptsPerDim 3 --stateOut b1boot5.state --tol 3e-6 -S 5000 af2.lgo ../../chrX/boot_chrX/boot5.opf
# Stage nOptItr nSimReps
#     0    5000        0
# algorithm          : deterministic
# ignoring probs <=  : 0
# Branch length floor: 0
# DE strategy        : 2
#    F               : 0.3
#    CR              : 0.8
#    tolerance       : 3e-06
# nthreads           : 32
# lgo input file     : af2.lgo
# site pat input file: ../../chrX/boot_chrX/boot5.opf
# free parameters    : 14
# points in DE swarm : 42
# output state file  : b1boot5.state
# Including singleton site patterns.
# cost function      : KL
Initial parameter values
Fixed:
      zero = 0
       one = 1
    Tbecnw = 75200
Free:
       pc1 = 0
       pc2 = 0
       pc3 = 0
       pc4 = 0
       pc5 = 0
       pc6 = 0
       pc7 = 0
       pc8 = 0
       pc9 = 0
      pc10 = 0
      pc11 = 0
      pc12 = 0
      pc13 = 0
      pc14 = 0
Constrained:
   Tgbecnw = 142628
     Tecnw = 26311.4
       Tnw = 25439.1
       Tec = 59.1977
     twoNb = 259740
     twoNc = 305559
     twoNw = 2.37604e+06
    twoNec = 219143
    twoNnw = 3569.63
  twoNecnw = 70243.5
  twoNbecnw = 23037.1
  twoNgbecnw = 167503
         m = 0.168983
        m6 = 1.9963e-06
        Ta = 37600
        Tf = 29.5989
DiffEv reached_goal. cost=2.80559e-03 spread=2.82429e-06
Fitted parameter values
Free:
       pc1 = 3.97893
       pc2 = 1.96659
       pc3 = -1.36917
       pc4 = 1.42037
       pc5 = -1.84152
       pc6 = 1.56806
       pc7 = 1.08023
       pc8 = -1.45081
       pc9 = 0.0254236
      pc10 = -1.32912
      pc11 = 0.427315
      pc12 = 0.0937237
      pc13 = -0.00554053
      pc14 = 0.0259033
Constrained:
   Tgbecnw = 115384
     Tecnw = 24583.7
       Tnw = 24086.5
       Tec = 30.8804
     twoNb = 706683
     twoNc = 197017
     twoNw = 3.30949e+06
    twoNec = 202325
    twoNnw = 2043.9
  twoNecnw = 68076.1
  twoNbecnw = 14844.3
  twoNgbecnw = 190295
         m = 0.138262
        m6 = 7.36726e-06
        Ta = 37600
        Tf = 15.4402
#       SitePat  BranchLen
              b 122066.1541423
              e 47230.8349784
              c 47230.7397347
              n 45326.7030324
              w 45326.7010149
            b:e 1381.1310856
            b:c 1381.1236309
            b:n 1147.7042664
            b:w 1147.7041703
            e:c 12072.2805229
            e:n 4498.8744721
            e:w 4498.8739962
            c:n 4498.8973990
            c:w 4498.8994166
            n:w 12820.6753147
          b:e:c 1434.4051197
          b:e:n 652.8793250
          b:e:w 652.8792244
          b:c:n 652.8791055
          b:c:w 652.8792017
          b:n:w 1423.4651980
          e:c:n 4415.8722829
          e:c:w 4415.8727589
          e:n:w 5571.5396138
          c:n:w 5571.5865102
        b:e:c:n 1232.0930129
        b:e:c:w 1232.0931135
        b:e:n:w 1476.4522763
        b:c:n:w 1476.4599732
        e:c:n:w 47244.2210631
