########################################
# legofit: estimate population history #
#       version 2.3.4-4-g53f8760       #
########################################

# Program was compiled: Sep 21 2021 14:36:42
# Program was run: Sun Oct 10 13:58:00 2021

# cmd: legofit -1 -d 0 -t 32 --ptsPerDim 3 --stateOut b1boot22.state --tol 3e-6 -S 5000 af2.lgo ../../chrX/boot_chrX/boot22.opf
# Stage nOptItr nSimReps
#     0    5000        0
# algorithm          : deterministic
# ignoring probs <=  : 0
# Branch length floor: 0
# DE strategy        : 2
#    F               : 0.3
#    CR              : 0.8
#    tolerance       : 3e-06
# nthreads           : 32
# lgo input file     : af2.lgo
# site pat input file: ../../chrX/boot_chrX/boot22.opf
# free parameters    : 14
# points in DE swarm : 42
# output state file  : b1boot22.state
# Including singleton site patterns.
# cost function      : KL
Initial parameter values
Fixed:
      zero = 0
       one = 1
    Tbecnw = 75200
Free:
       pc1 = 0
       pc2 = 0
       pc3 = 0
       pc4 = 0
       pc5 = 0
       pc6 = 0
       pc7 = 0
       pc8 = 0
       pc9 = 0
      pc10 = 0
      pc11 = 0
      pc12 = 0
      pc13 = 0
      pc14 = 0
Constrained:
   Tgbecnw = 142628
     Tecnw = 26311.4
       Tnw = 25439.1
       Tec = 59.1977
     twoNb = 259740
     twoNc = 305559
     twoNw = 2.37604e+06
    twoNec = 219143
    twoNnw = 3569.63
  twoNecnw = 70243.5
  twoNbecnw = 23037.1
  twoNgbecnw = 167503
         m = 0.168983
        m6 = 1.9963e-06
        Ta = 37600
        Tf = 29.5989
DiffEv reached_goal. cost=2.69815e-03 spread=2.95782e-06
Fitted parameter values
Free:
       pc1 = 3.98346
       pc2 = 1.88028
       pc3 = -1.57068
       pc4 = 0.494105
       pc5 = -1.04693
       pc6 = -0.013823
       pc7 = 0.237248
       pc8 = -1.04577
       pc9 = -0.903754
      pc10 = -0.175136
      pc11 = 0.135636
      pc12 = -0.0481772
      pc13 = -0.142366
      pc14 = 0.00251554
Constrained:
   Tgbecnw = 115241
     Tecnw = 24582.4
       Tnw = 24063.6
       Tec = 106.584
     twoNb = 218548
     twoNc = 304439
     twoNw = 2.38443e+06
    twoNec = 204404
    twoNnw = 2058.32
  twoNecnw = 69678.6
  twoNbecnw = 15015.7
  twoNgbecnw = 185625
         m = 0.151437
        m6 = 3.68812e-06
        Ta = 37600
        Tf = 53.2918
#       SitePat  BranchLen
              b 124141.2162474
              e 47702.6175672
              c 47702.5675153
              n 45452.6255635
              w 45452.6241623
            b:e 1416.4771893
            b:c 1416.4732432
            b:n 1158.9399169
            b:w 1158.9398497
            e:c 12159.6329566
            e:n 4506.7731562
            e:w 4506.7728274
            c:n 4506.7849552
            c:w 4506.7863564
            n:w 13150.8542013
          b:e:c 1472.9824020
          b:e:n 661.6111487
          b:e:w 661.6110781
          b:c:n 661.6110147
          b:c:w 661.6110820
          b:n:w 1460.5718048
          e:c:n 4391.4507010
          e:c:w 4391.4510298
          e:n:w 5650.1849372
          c:n:w 5650.2096611
        b:e:c:n 1246.6721289
        b:e:c:w 1246.6721994
        b:e:n:w 1516.6160561
        b:c:n:w 1516.6201323
        e:c:n:w 48867.1001157
