########################################
# legofit: estimate population history #
#       version 2.3.4-4-g53f8760       #
########################################

# Program was compiled: Sep 21 2021 14:36:42
# Program was run: Sun Oct 10 13:58:11 2021

# cmd: legofit -1 -d 0 -t 32 --ptsPerDim 3 --stateOut b1boot31.state --tol 3e-6 -S 5000 af2.lgo ../../chrX/boot_chrX/boot31.opf
# Stage nOptItr nSimReps
#     0    5000        0
# algorithm          : deterministic
# ignoring probs <=  : 0
# Branch length floor: 0
# DE strategy        : 2
#    F               : 0.3
#    CR              : 0.8
#    tolerance       : 3e-06
# nthreads           : 32
# lgo input file     : af2.lgo
# site pat input file: ../../chrX/boot_chrX/boot31.opf
# free parameters    : 14
# points in DE swarm : 42
# output state file  : b1boot31.state
# Including singleton site patterns.
# cost function      : KL
Initial parameter values
Fixed:
      zero = 0
       one = 1
    Tbecnw = 75200
Free:
       pc1 = 0
       pc2 = 0
       pc3 = 0
       pc4 = 0
       pc5 = 0
       pc6 = 0
       pc7 = 0
       pc8 = 0
       pc9 = 0
      pc10 = 0
      pc11 = 0
      pc12 = 0
      pc13 = 0
      pc14 = 0
Constrained:
   Tgbecnw = 142628
     Tecnw = 26311.4
       Tnw = 25439.1
       Tec = 59.1977
     twoNb = 259740
     twoNc = 305559
     twoNw = 2.37604e+06
    twoNec = 219143
    twoNnw = 3569.63
  twoNecnw = 70243.5
  twoNbecnw = 23037.1
  twoNgbecnw = 167503
         m = 0.168983
        m6 = 1.9963e-06
        Ta = 37600
        Tf = 29.5989
DiffEv reached_goal. cost=2.76547e-03 spread=2.88871e-06
Fitted parameter values
Free:
       pc1 = 3.94261
       pc2 = 1.823
       pc3 = -1.39134
       pc4 = 1.03516
       pc5 = -1.4875
       pc6 = 1.91134
       pc7 = -0.744124
       pc8 = -1.97016
       pc9 = 0.395136
      pc10 = -0.885519
      pc11 = 0.340236
      pc12 = 0.0376755
      pc13 = -0.0888408
      pc14 = 0.0364685
Constrained:
   Tgbecnw = 113257
     Tecnw = 24798.1
       Tnw = 24504
       Tec = 73.5083
     twoNb = 763028
     twoNc = 159853
     twoNw = 1.96977e+06
    twoNec = 208897
    twoNnw = 1249.26
  twoNecnw = 66100.3
  twoNbecnw = 14251.2
  twoNgbecnw = 197436
         m = 0.140723
        m6 = 5.76487e-06
        Ta = 37600
        Tf = 36.7542
#       SitePat  BranchLen
              b 123519.2768696
              e 47071.9986677
              c 47071.9263297
              n 45331.9479624
              w 45331.9452864
            b:e 1391.4213526
            b:c 1391.4155822
            b:n 1164.1611722
            b:w 1164.1610420
            e:c 11845.8395889
            e:n 4515.4384713
            e:w 4515.4378331
            c:n 4515.4552053
            c:w 4515.4578812
            n:w 12472.0429659
          b:e:c 1432.8227378
          b:e:n 665.6306165
          b:e:w 665.6304801
          b:c:n 665.6303874
          b:c:w 665.6305177
          b:n:w 1422.0528610
          e:c:n 4452.5353223
          e:c:w 4452.5359605
          e:n:w 5566.3303608
          c:n:w 5566.3659168
        b:e:c:n 1250.8763069
        b:e:c:w 1250.8764433
        b:e:n:w 1488.9006312
        b:c:n:w 1488.9065932
        e:c:n:w 49061.1188206
