########################################
# legofit: estimate population history #
#       version 2.3.4-4-g53f8760       #
########################################

# Program was compiled: Sep 21 2021 14:36:42
# Program was run: Sun Oct 10 13:58:18 2021

# cmd: legofit -1 -d 0 -t 32 --ptsPerDim 3 --stateOut b1boot38.state --tol 3e-6 -S 5000 af2.lgo ../../chrX/boot_chrX/boot38.opf
# Stage nOptItr nSimReps
#     0    5000        0
# algorithm          : deterministic
# ignoring probs <=  : 0
# Branch length floor: 0
# DE strategy        : 2
#    F               : 0.3
#    CR              : 0.8
#    tolerance       : 3e-06
# nthreads           : 32
# lgo input file     : af2.lgo
# site pat input file: ../../chrX/boot_chrX/boot38.opf
# free parameters    : 14
# points in DE swarm : 42
# output state file  : b1boot38.state
# Including singleton site patterns.
# cost function      : KL
Initial parameter values
Fixed:
      zero = 0
       one = 1
    Tbecnw = 75200
Free:
       pc1 = 0
       pc2 = 0
       pc3 = 0
       pc4 = 0
       pc5 = 0
       pc6 = 0
       pc7 = 0
       pc8 = 0
       pc9 = 0
      pc10 = 0
      pc11 = 0
      pc12 = 0
      pc13 = 0
      pc14 = 0
Constrained:
   Tgbecnw = 142628
     Tecnw = 26311.4
       Tnw = 25439.1
       Tec = 59.1977
     twoNb = 259740
     twoNc = 305559
     twoNw = 2.37604e+06
    twoNec = 219143
    twoNnw = 3569.63
  twoNecnw = 70243.5
  twoNbecnw = 23037.1
  twoNgbecnw = 167503
         m = 0.168983
        m6 = 1.9963e-06
        Ta = 37600
        Tf = 29.5989
DiffEv reached_goal. cost=2.89909e-03 spread=2.90032e-06
Fitted parameter values
Free:
       pc1 = 3.95515
       pc2 = 1.44997
       pc3 = -1.66042
       pc4 = 1.65827
       pc5 = -0.528654
       pc6 = 1.33061
       pc7 = -0.0515958
       pc8 = -1.7222
       pc9 = 0.125752
      pc10 = 0.24813
      pc11 = 0.0542396
      pc12 = 0.0476464
      pc13 = -0.153269
      pc14 = 0.0185754
Constrained:
   Tgbecnw = 115607
     Tecnw = 24562.9
       Tnw = 24396.7
       Tec = 8.31828
     twoNb = 537074
     twoNc = 284731
     twoNw = 2.70981e+06
    twoNec = 215889
    twoNnw = 688.315
  twoNecnw = 67241.4
  twoNbecnw = 14373.3
  twoNgbecnw = 214408
         m = 0.136176
        m6 = 3.00265e-06
        Ta = 37600
        Tf = 4.15914
#       SitePat  BranchLen
              b 124866.0037174
              e 47269.3832039
              c 47269.3449215
              n 45170.4053528
              w 45170.4043436
            b:e 1380.4751366
            b:c 1380.4721300
            b:n 1136.4965331
            b:w 1136.4964849
            e:c 11735.5302819
            e:n 4518.9329866
            e:w 4518.9327472
            c:n 4518.9420490
            c:w 4518.9430582
            n:w 12622.2541875
          b:e:c 1411.8775840
          b:e:n 654.5088984
          b:e:w 654.5088479
          b:c:n 654.5087997
          b:c:w 654.5088479
          b:n:w 1400.3368691
          e:c:n 4379.9191217
          e:c:w 4379.9193611
          e:n:w 5592.1450958
          c:n:w 5592.1640048
        b:e:c:n 1221.2155279
        b:e:c:w 1221.2155783
        b:e:n:w 1476.7318396
        b:c:n:w 1476.7349451
        e:c:n:w 50310.7955288
