########################################
# legofit: estimate population history #
#       version 2.3.4-4-g53f8760       #
########################################

# Program was compiled: Sep 21 2021 14:36:42
# Program was run: Sun Oct 10 13:57:46 2021

# cmd: legofit -1 -d 0 -t 32 --ptsPerDim 3 --stateOut b1boot10.state --tol 3e-6 -S 5000 af2.lgo ../../chrX/boot_chrX/boot10.opf
# Stage nOptItr nSimReps
#     0    5000        0
# algorithm          : deterministic
# ignoring probs <=  : 0
# Branch length floor: 0
# DE strategy        : 2
#    F               : 0.3
#    CR              : 0.8
#    tolerance       : 3e-06
# nthreads           : 32
# lgo input file     : af2.lgo
# site pat input file: ../../chrX/boot_chrX/boot10.opf
# free parameters    : 14
# points in DE swarm : 42
# output state file  : b1boot10.state
# Including singleton site patterns.
# cost function      : KL
Initial parameter values
Fixed:
      zero = 0
       one = 1
    Tbecnw = 75200
Free:
       pc1 = 0
       pc2 = 0
       pc3 = 0
       pc4 = 0
       pc5 = 0
       pc6 = 0
       pc7 = 0
       pc8 = 0
       pc9 = 0
      pc10 = 0
      pc11 = 0
      pc12 = 0
      pc13 = 0
      pc14 = 0
Constrained:
   Tgbecnw = 142628
     Tecnw = 26311.4
       Tnw = 25439.1
       Tec = 59.1977
     twoNb = 259740
     twoNc = 305559
     twoNw = 2.37604e+06
    twoNec = 219143
    twoNnw = 3569.63
  twoNecnw = 70243.5
  twoNbecnw = 23037.1
  twoNgbecnw = 167503
         m = 0.168983
        m6 = 1.9963e-06
        Ta = 37600
        Tf = 29.5989
DiffEv reached_goal. cost=2.57474e-03 spread=2.97314e-06
Fitted parameter values
Free:
       pc1 = 3.94109
       pc2 = 1.57773
       pc3 = -1.92962
       pc4 = -0.085053
       pc5 = -1.32768
       pc6 = 0.959421
       pc7 = -0.863515
       pc8 = -1.24767
       pc9 = -1.36783
      pc10 = -0.465319
      pc11 = 0.493175
      pc12 = 0.103705
      pc13 = -0.0456897
      pc14 = 0.0246755
Constrained:
   Tgbecnw = 115530
     Tecnw = 24463.6
       Tnw = 24385.8
       Tec = 58.042
     twoNb = 394090
     twoNc = 300920
     twoNw = 1.19316e+06
    twoNec = 200932
    twoNnw = 331.697
  twoNecnw = 69403.7
  twoNbecnw = 15393.6
  twoNgbecnw = 182926
         m = 0.153623
        m6 = 4.33697e-06
        Ta = 37600
        Tf = 29.021
#       SitePat  BranchLen
              b 124625.4985627
              e 47485.2330301
              c 47485.1759686
              n 45787.7273969
              w 45787.7240464
            b:e 1432.8467384
            b:c 1432.8421978
            b:n 1205.8134755
            b:w 1205.8133097
            e:c 12207.5110859
            e:n 4610.7698584
            e:w 4610.7690569
            c:n 4610.7824591
            c:w 4610.7858096
            n:w 12807.5570436
          b:e:c 1484.5302105
          b:e:n 686.2640968
          b:e:w 686.2639231
          b:c:n 686.2638512
          b:c:w 686.2640170
          b:n:w 1473.6977925
          e:c:n 4535.2129251
          e:c:w 4535.2137266
          e:n:w 5632.6322918
          c:n:w 5632.6599999
        b:e:c:n 1296.0908887
        b:e:c:w 1296.0910625
        b:e:n:w 1533.9521229
        b:c:n:w 1533.9568152
        e:c:n:w 49232.8080468
