########################################
# legofit: estimate population history #
#       version 2.3.4-4-g53f8760       #
########################################

# Program was compiled: Sep 21 2021 14:36:42
# Program was run: Sun Oct 10 13:57:45 2021

# cmd: legofit -1 -d 0 -t 32 --ptsPerDim 3 --stateOut b1boot8.state --tol 3e-6 -S 5000 af2.lgo ../../chrX/boot_chrX/boot8.opf
# Stage nOptItr nSimReps
#     0    5000        0
# algorithm          : deterministic
# ignoring probs <=  : 0
# Branch length floor: 0
# DE strategy        : 2
#    F               : 0.3
#    CR              : 0.8
#    tolerance       : 3e-06
# nthreads           : 32
# lgo input file     : af2.lgo
# site pat input file: ../../chrX/boot_chrX/boot8.opf
# free parameters    : 14
# points in DE swarm : 42
# output state file  : b1boot8.state
# Including singleton site patterns.
# cost function      : KL
Initial parameter values
Fixed:
      zero = 0
       one = 1
    Tbecnw = 75200
Free:
       pc1 = 0
       pc2 = 0
       pc3 = 0
       pc4 = 0
       pc5 = 0
       pc6 = 0
       pc7 = 0
       pc8 = 0
       pc9 = 0
      pc10 = 0
      pc11 = 0
      pc12 = 0
      pc13 = 0
      pc14 = 0
Constrained:
   Tgbecnw = 142628
     Tecnw = 26311.4
       Tnw = 25439.1
       Tec = 59.1977
     twoNb = 259740
     twoNc = 305559
     twoNw = 2.37604e+06
    twoNec = 219143
    twoNnw = 3569.63
  twoNecnw = 70243.5
  twoNbecnw = 23037.1
  twoNgbecnw = 167503
         m = 0.168983
        m6 = 1.9963e-06
        Ta = 37600
        Tf = 29.5989
DiffEv reached_goal. cost=2.74452e-03 spread=2.90174e-06
Fitted parameter values
Free:
       pc1 = 3.55992
       pc2 = 1.25178
       pc3 = -1.57025
       pc4 = 0.0225732
       pc5 = -1.26093
       pc6 = 1.56832
       pc7 = 1.15179
       pc8 = -1.95036
       pc9 = -1.02345
      pc10 = 0.279883
      pc11 = 0.0991071
      pc12 = -0.049588
      pc13 = 0.0503007
      pc14 = 0.00870216
Constrained:
   Tgbecnw = 119262
     Tecnw = 24438.1
       Tnw = 24112.8
       Tec = 57.2912
     twoNb = 538946
     twoNc = 636560
     twoNw = 2.30742e+06
    twoNec = 210641
    twoNnw = 1315.57
  twoNecnw = 71463.1
  twoNbecnw = 15937.4
  twoNgbecnw = 206719
         m = 0.139994
        m6 = 6.18957e-06
        Ta = 37600
        Tf = 28.6456
#       SitePat  BranchLen
              b 125831.2106387
              e 48184.2282098
              c 48184.1440338
              n 45842.8359873
              w 45842.8335184
            b:e 1501.5978517
            b:c 1501.5909528
            b:n 1229.5037302
            b:w 1229.5036057
            e:c 12173.6540189
            e:n 4621.4770397
            e:w 4621.4764561
            c:n 4621.4969265
            c:w 4621.4993954
            n:w 13239.1921955
          b:e:c 1547.6300335
          b:e:n 706.8485771
          b:e:w 706.8484466
          b:c:n 706.8483328
          b:c:w 706.8484573
          b:n:w 1534.2529731
          e:c:n 4457.9015681
          e:c:w 4457.9021516
          e:n:w 5733.6943773
          c:n:w 5733.7357272
        b:e:c:n 1324.7026141
        b:e:c:w 1324.7027447
        b:e:n:w 1610.1669078
        b:c:n:w 1610.1740403
        e:c:n:w 50099.5989094
