########################################
# legofit: estimate population history #
#       version 2.3.4-4-g53f8760       #
########################################

# Program was compiled: Sep 21 2021 14:36:42
# Program was run: Sun Oct 10 13:57:54 2021

# cmd: legofit -1 -d 0 -t 32 --ptsPerDim 3 --stateOut b1boot17.state --tol 3e-6 -S 5000 af2.lgo ../../chrX/boot_chrX/boot17.opf
# Stage nOptItr nSimReps
#     0    5000        0
# algorithm          : deterministic
# ignoring probs <=  : 0
# Branch length floor: 0
# DE strategy        : 2
#    F               : 0.3
#    CR              : 0.8
#    tolerance       : 3e-06
# nthreads           : 32
# lgo input file     : af2.lgo
# site pat input file: ../../chrX/boot_chrX/boot17.opf
# free parameters    : 14
# points in DE swarm : 42
# output state file  : b1boot17.state
# Including singleton site patterns.
# cost function      : KL
Initial parameter values
Fixed:
      zero = 0
       one = 1
    Tbecnw = 75200
Free:
       pc1 = 0
       pc2 = 0
       pc3 = 0
       pc4 = 0
       pc5 = 0
       pc6 = 0
       pc7 = 0
       pc8 = 0
       pc9 = 0
      pc10 = 0
      pc11 = 0
      pc12 = 0
      pc13 = 0
      pc14 = 0
Constrained:
   Tgbecnw = 142628
     Tecnw = 26311.4
       Tnw = 25439.1
       Tec = 59.1977
     twoNb = 259740
     twoNc = 305559
     twoNw = 2.37604e+06
    twoNec = 219143
    twoNnw = 3569.63
  twoNecnw = 70243.5
  twoNbecnw = 23037.1
  twoNgbecnw = 167503
         m = 0.168983
        m6 = 1.9963e-06
        Ta = 37600
        Tf = 29.5989
DiffEv reached_goal. cost=2.73932e-03 spread=2.87672e-06
Fitted parameter values
Free:
       pc1 = 3.99045
       pc2 = 1.94824
       pc3 = -1.94946
       pc4 = -0.198401
       pc5 = -1.53153
       pc6 = 1.06369
       pc7 = 0.868177
       pc8 = -1.86513
       pc9 = -1.94668
      pc10 = -1.55263
      pc11 = 0.0670492
      pc12 = 0.0509521
      pc13 = -0.236196
      pc14 = 0.0341494
Constrained:
   Tgbecnw = 113142
     Tecnw = 24600.3
       Tnw = 24379
       Tec = 30.1938
     twoNb = 420555
     twoNc = 605923
     twoNw = 2.21118e+06
    twoNec = 192487
    twoNnw = 907.924
  twoNecnw = 70831.4
  twoNbecnw = 14301.7
  twoNgbecnw = 182617
         m = 0.162198
        m6 = 7.85827e-06
        Ta = 37600
        Tf = 15.0969
#       SitePat  BranchLen
              b 124985.7258875
              e 47543.7682328
              c 47543.6641139
              n 45850.4725148
              w 45850.4692281
            b:e 1375.9925627
            b:c 1375.9845156
            b:n 1153.7688044
            b:w 1153.7686489
            e:c 12393.6855005
            e:n 4492.6236428
            e:w 4492.6228761
            c:n 4492.6483134
            c:w 4492.6516001
            n:w 12990.9110475
          b:e:c 1450.8290504
          b:e:n 651.5303060
          b:e:w 651.5301428
          b:c:n 651.5300070
          b:c:w 651.5301624
          b:n:w 1439.6828160
          e:c:n 4411.3223076
          e:c:w 4411.3230743
          e:n:w 5507.3170838
          c:n:w 5507.3678080
        b:e:c:n 1244.3202689
        b:e:c:w 1244.3204321
        b:e:n:w 1477.6822342
        b:c:n:w 1477.6905607
        e:c:n:w 49637.0186846
