########################################
# legofit: estimate population history #
#       version 2.3.4-4-g53f8760       #
########################################

# Program was compiled: Sep 21 2021 14:36:42
# Program was run: Sun Oct 10 13:58:06 2021

# cmd: legofit -1 -d 0 -t 32 --ptsPerDim 3 --stateOut b1boot26.state --tol 3e-6 -S 5000 af2.lgo ../../chrX/boot_chrX/boot26.opf
# Stage nOptItr nSimReps
#     0    5000        0
# algorithm          : deterministic
# ignoring probs <=  : 0
# Branch length floor: 0
# DE strategy        : 2
#    F               : 0.3
#    CR              : 0.8
#    tolerance       : 3e-06
# nthreads           : 32
# lgo input file     : af2.lgo
# site pat input file: ../../chrX/boot_chrX/boot26.opf
# free parameters    : 14
# points in DE swarm : 42
# output state file  : b1boot26.state
# Including singleton site patterns.
# cost function      : KL
Initial parameter values
Fixed:
      zero = 0
       one = 1
    Tbecnw = 75200
Free:
       pc1 = 0
       pc2 = 0
       pc3 = 0
       pc4 = 0
       pc5 = 0
       pc6 = 0
       pc7 = 0
       pc8 = 0
       pc9 = 0
      pc10 = 0
      pc11 = 0
      pc12 = 0
      pc13 = 0
      pc14 = 0
Constrained:
   Tgbecnw = 142628
     Tecnw = 26311.4
       Tnw = 25439.1
       Tec = 59.1977
     twoNb = 259740
     twoNc = 305559
     twoNw = 2.37604e+06
    twoNec = 219143
    twoNnw = 3569.63
  twoNecnw = 70243.5
  twoNbecnw = 23037.1
  twoNgbecnw = 167503
         m = 0.168983
        m6 = 1.9963e-06
        Ta = 37600
        Tf = 29.5989
DiffEv reached_goal. cost=2.67305e-03 spread=2.65005e-06
Fitted parameter values
Free:
       pc1 = 3.96413
       pc2 = 1.98916
       pc3 = -1.0872
       pc4 = 1.69548
       pc5 = -1.87605
       pc6 = 1.26485
       pc7 = 0.997613
       pc8 = -1.80025
       pc9 = -0.45315
      pc10 = -0.448766
      pc11 = 0.371953
      pc12 = 0.0933535
      pc13 = 0.00925159
      pc14 = 0.0105389
Constrained:
   Tgbecnw = 113891
     Tecnw = 24380.7
       Tnw = 23979.7
       Tec = 11.3794
     twoNb = 538460
     twoNc = 199621
     twoNw = 3.19742e+06
    twoNec = 210421
    twoNnw = 1624.8
  twoNecnw = 68750.4
  twoNbecnw = 14647.8
  twoNgbecnw = 194267
         m = 0.141075
        m6 = 7.74846e-06
        Ta = 37600
        Tf = 5.68971
#       SitePat  BranchLen
              b 123367.3704108
              e 47486.7164800
              c 47486.6142719
              n 45236.2072039
              w 45236.2050151
            b:e 1457.6087424
            b:c 1457.6004117
            b:n 1194.3491886
            b:w 1194.3490797
            e:c 11995.6056792
            e:n 4556.8470850
            e:w 4556.8465645
            c:n 4556.8715072
            c:w 4556.8736959
            n:w 12987.4777817
          b:e:c 1502.4015222
          b:e:n 686.6372728
          b:e:w 686.6371586
          b:c:n 686.6370197
          b:c:w 686.6371286
          b:n:w 1489.4240712
          e:c:n 4435.8441537
          e:c:w 4435.8446742
          e:n:w 5694.4062506
          c:n:w 5694.4569051
        b:e:c:n 1287.0745637
        b:e:c:w 1287.0746779
        b:e:n:w 1563.3032078
        b:c:n:w 1563.3118217
        e:c:n:w 48477.5682449
