########################################
# legofit: estimate population history #
#       version 2.3.4-4-g53f8760       #
########################################

# Program was compiled: Sep 21 2021 14:36:42
# Program was run: Sun Oct 10 13:58:34 2021

# cmd: legofit -1 -d 0 -t 32 --ptsPerDim 3 --stateOut b1boot47.state --tol 3e-6 -S 5000 af2.lgo ../../chrX/boot_chrX/boot47.opf
# Stage nOptItr nSimReps
#     0    5000        0
# algorithm          : deterministic
# ignoring probs <=  : 0
# Branch length floor: 0
# DE strategy        : 2
#    F               : 0.3
#    CR              : 0.8
#    tolerance       : 3e-06
# nthreads           : 32
# lgo input file     : af2.lgo
# site pat input file: ../../chrX/boot_chrX/boot47.opf
# free parameters    : 14
# points in DE swarm : 42
# output state file  : b1boot47.state
# Including singleton site patterns.
# cost function      : KL
Initial parameter values
Fixed:
      zero = 0
       one = 1
    Tbecnw = 75200
Free:
       pc1 = 0
       pc2 = 0
       pc3 = 0
       pc4 = 0
       pc5 = 0
       pc6 = 0
       pc7 = 0
       pc8 = 0
       pc9 = 0
      pc10 = 0
      pc11 = 0
      pc12 = 0
      pc13 = 0
      pc14 = 0
Constrained:
   Tgbecnw = 142628
     Tecnw = 26311.4
       Tnw = 25439.1
       Tec = 59.1977
     twoNb = 259740
     twoNc = 305559
     twoNw = 2.37604e+06
    twoNec = 219143
    twoNnw = 3569.63
  twoNecnw = 70243.5
  twoNbecnw = 23037.1
  twoNgbecnw = 167503
         m = 0.168983
        m6 = 1.9963e-06
        Ta = 37600
        Tf = 29.5989
DiffEv reached_goal. cost=2.78601e-03 spread=2.88301e-06
Fitted parameter values
Free:
       pc1 = 3.96358
       pc2 = 1.89563
       pc3 = -1.73853
       pc4 = 1.60992
       pc5 = -1.93416
       pc6 = 1.08069
       pc7 = 0.435966
       pc8 = -1.77378
       pc9 = -0.308413
      pc10 = -0.73186
      pc11 = 0.22676
      pc12 = 0.00703336
      pc13 = -0.220858
      pc14 = 0.0232299
Constrained:
   Tgbecnw = 113093
     Tecnw = 24489.3
       Tnw = 24316.2
       Tec = 97.8765
     twoNb = 558563
     twoNc = 138809
     twoNw = 2.98625e+06
    twoNec = 206823
    twoNnw = 707.524
  twoNecnw = 68521.5
  twoNbecnw = 13827.5
  twoNgbecnw = 193070
         m = 0.145815
        m6 = 6.60715e-06
        Ta = 37600
        Tf = 48.9383
#       SitePat  BranchLen
              b 122989.1291404
              e 47252.2572371
              c 47252.1719230
              n 45211.0795583
              w 45211.0775522
            b:e 1332.5245761
            b:c 1332.5181072
            b:n 1099.0900003
            b:w 1099.0899079
            e:c 11871.2280360
            e:n 4469.5245647
            e:w 4469.5240946
            c:n 4469.5450122
            c:w 4469.5470182
            n:w 12724.9235330
          b:e:c 1376.9324032
          b:e:n 629.2708518
          b:e:w 629.2707549
          b:c:n 629.2706491
          b:c:w 629.2707416
          b:n:w 1365.6634771
          e:c:n 4322.4279406
          e:c:w 4322.4284107
          e:n:w 5509.8477320
          c:n:w 5509.8896750
        b:e:c:n 1182.5269559
        b:e:c:w 1182.5270528
        b:e:n:w 1427.2239756
        b:c:n:w 1427.2306605
        e:c:n:w 48354.0246683
