########################################
# legofit: estimate population history #
#       version 2.3.4-4-g53f8760       #
########################################

# Program was compiled: Sep 21 2021 14:36:42
# Program was run: Sun Oct 10 13:57:45 2021

# cmd: legofit -1 -d 0 -t 32 --ptsPerDim 3 --stateOut b1boot6.state --tol 3e-6 -S 5000 af2.lgo ../../chrX/boot_chrX/boot6.opf
# Stage nOptItr nSimReps
#     0    5000        0
# algorithm          : deterministic
# ignoring probs <=  : 0
# Branch length floor: 0
# DE strategy        : 2
#    F               : 0.3
#    CR              : 0.8
#    tolerance       : 3e-06
# nthreads           : 32
# lgo input file     : af2.lgo
# site pat input file: ../../chrX/boot_chrX/boot6.opf
# free parameters    : 14
# points in DE swarm : 42
# output state file  : b1boot6.state
# Including singleton site patterns.
# cost function      : KL
Initial parameter values
Fixed:
      zero = 0
       one = 1
    Tbecnw = 75200
Free:
       pc1 = 0
       pc2 = 0
       pc3 = 0
       pc4 = 0
       pc5 = 0
       pc6 = 0
       pc7 = 0
       pc8 = 0
       pc9 = 0
      pc10 = 0
      pc11 = 0
      pc12 = 0
      pc13 = 0
      pc14 = 0
Constrained:
   Tgbecnw = 142628
     Tecnw = 26311.4
       Tnw = 25439.1
       Tec = 59.1977
     twoNb = 259740
     twoNc = 305559
     twoNw = 2.37604e+06
    twoNec = 219143
    twoNnw = 3569.63
  twoNecnw = 70243.5
  twoNbecnw = 23037.1
  twoNgbecnw = 167503
         m = 0.168983
        m6 = 1.9963e-06
        Ta = 37600
        Tf = 29.5989
DiffEv reached_goal. cost=2.55027e-03 spread=2.74226e-06
Fitted parameter values
Free:
       pc1 = 3.95782
       pc2 = 1.80538
       pc3 = -1.03019
       pc4 = 1.80294
       pc5 = -0.00509067
       pc6 = 0.360093
       pc7 = 0.691624
       pc8 = -1.93016
       pc9 = 0.461131
      pc10 = 0.0097756
      pc11 = 0.199736
      pc12 = 0.135857
      pc13 = -0.105042
      pc14 = 0.0215058
Constrained:
   Tgbecnw = 114947
     Tecnw = 24706.1
       Tnw = 24133.8
       Tec = 47.7172
     twoNb = 359732
     twoNc = 411550
     twoNw = 3.47606e+06
    twoNec = 217024
    twoNnw = 2397.59
  twoNecnw = 65863.4
  twoNbecnw = 14680.8
  twoNgbecnw = 199597
         m = 0.13915
        m6 = 3.22955e-06
        Ta = 37600
        Tf = 23.8586
#       SitePat  BranchLen
              b 123851.0001421
              e 47149.0301570
              c 47148.9896327
              n 45105.4233090
              w 45105.4224703
            b:e 1391.6883172
            b:c 1391.6850995
            b:n 1150.2641720
            b:w 1150.2641316
            e:c 11703.6406079
            e:n 4530.2307667
            e:w 4530.2305666
            c:n 4530.2404854
            c:w 4530.2413241
            n:w 12553.1519850
          b:e:c 1419.9187258
          b:e:n 661.8635380
          b:e:w 661.8634957
          b:c:n 661.8634450
          b:c:w 661.8634855
          b:n:w 1408.8287197
          e:c:n 4432.5343860
          e:c:w 4432.5345861
          e:n:w 5626.6000902
          c:n:w 5626.6201382
        b:e:c:n 1233.5062875
        b:e:c:w 1233.5063298
        b:e:n:w 1486.0172110
        b:c:n:w 1486.0205318
        e:c:n:w 49356.9885665
