########################################
# legofit: estimate population history #
#       version 2.3.4-4-g53f8760       #
########################################

# Program was compiled: Sep 21 2021 14:36:42
# Program was run: Wed Oct 13 18:34:55 2021

# cmd: legofit -1 -d 0 -t 32 --ptsPerDim 3 --stateOut b1.state --tol 3e-6 -S 5000 bdeh2.lgo ../../pan.opf
# Stage nOptItr nSimReps
#     0    5000        0
# algorithm          : deterministic
# ignoring probs <=  : 0
# Branch length floor: 0
# DE strategy        : 2
#    F               : 0.3
#    CR              : 0.8
#    tolerance       : 3e-06
# nthreads           : 32
# lgo input file     : bdeh2.lgo
# site pat input file: ../../pan.opf
# free parameters    : 15
# points in DE swarm : 45
# output state file  : b1.state
# Including singleton site patterns.
# cost function      : KL
Initial parameter values
Fixed:
      zero = 0
       one = 1
    Tbecnw = 75200
Free:
       pc1 = 0
       pc2 = 0
       pc3 = 0
       pc4 = 0
       pc5 = 0
       pc6 = 0
       pc7 = 0
       pc8 = 0
       pc9 = 0
      pc10 = 0
      pc11 = 0
      pc12 = 0
      pc13 = 0
      pc14 = 0
      pc15 = 0
Constrained:
     Tecnw = 61987.3
       Tnw = 2986.79
       Tec = 2900.45
     twoNb = 1.45506e+06
     twoNe = 357045
     twoNc = 393614
     twoNw = 1.06018e+06
    twoNec = 100944
    twoNnw = 162490
  twoNecnw = 12565.6
  twoNbecnw = 89125.7
        m2 = 0.00180928
        m4 = 0.00654985
        m5 = 0.149811
        m8 = 0.383532
        Th = 2943.62
        Tb = 32465.5
        Td = 1450.23
        Te = 725.113
DiffEv reached_goal. cost=2.30664e-03 spread=2.84119e-06
Fitted parameter values
Free:
       pc1 = 3.10648
       pc2 = -0.96389
       pc3 = 1.97014
       pc4 = -1.60103
       pc5 = 0.966697
       pc6 = 1.97332
       pc7 = -1.82246
       pc8 = 1.79722
       pc9 = 0.115445
      pc10 = -0.314651
      pc11 = 0.14717
      pc12 = 0.00138354
      pc13 = -0.0353946
      pc14 = 0.0258978
      pc15 = 0.0113886
Constrained:
     Tecnw = 61897.3
       Tnw = 9.44621
       Tec = 3.00473
     twoNb = 2.95954e+06
     twoNe = 260999
     twoNc = 54407.4
     twoNw = 940491
    twoNec = 109987
    twoNnw = 181727
  twoNecnw = 12347.4
  twoNbecnw = 89418.4
        m2 = 0.00843166
        m4 = 0.00864377
        m5 = 0.147573
        m8 = 0.37596
        Th = 6.22547
        Tb = 30951.8
        Td = 1.50236
        Te = 0.751182
#       SitePat  BranchLen
              b 148942.0397585
              e 57866.6299614
              c 60726.8615994
              n 55008.5772261
              w 55008.3480513
            b:e 2710.7441750
            b:c 3195.4817888
            b:n 2276.4481461
            b:w 2276.4346551
            e:c 12512.1860302
            e:n 6572.6046002
            e:w 6572.7410038
            c:n 5789.7531691
            c:w 5789.8034043
            n:w 14576.2449911
          b:e:c 2550.5488901
          b:e:n 1332.2639764
          b:e:w 1332.2682528
          b:c:n 1333.0902331
          b:c:w 1333.0859509
          b:n:w 2547.7015772
          e:c:n 5321.2570923
          e:c:w 5321.2996283
          e:n:w 8228.9420682
          c:n:w 6905.7091423
        b:e:c:n 2277.7371601
        b:e:c:w 2277.7506570
        b:e:n:w 3164.2353638
        b:c:n:w 2706.6441136
        e:c:n:w 62215.2658389
