########################################
# legofit: estimate population history #
#       version 2.3.4-4-g53f8760       #
########################################

# Program was compiled: Sep 21 2021 14:36:42
# Program was run: Wed Oct 13 18:35:57 2021

# cmd: legofit -1 -d 0 -t 32 --ptsPerDim 3 --stateOut b1boot23.state --tol 3e-6 -S 5000 bdeh2.lgo ../../boot/boot23.opf
# Stage nOptItr nSimReps
#     0    5000        0
# algorithm          : deterministic
# ignoring probs <=  : 0
# Branch length floor: 0
# DE strategy        : 2
#    F               : 0.3
#    CR              : 0.8
#    tolerance       : 3e-06
# nthreads           : 32
# lgo input file     : bdeh2.lgo
# site pat input file: ../../boot/boot23.opf
# free parameters    : 15
# points in DE swarm : 45
# output state file  : b1boot23.state
# Including singleton site patterns.
# cost function      : KL
Initial parameter values
Fixed:
      zero = 0
       one = 1
    Tbecnw = 75200
Free:
       pc1 = 0
       pc2 = 0
       pc3 = 0
       pc4 = 0
       pc5 = 0
       pc6 = 0
       pc7 = 0
       pc8 = 0
       pc9 = 0
      pc10 = 0
      pc11 = 0
      pc12 = 0
      pc13 = 0
      pc14 = 0
      pc15 = 0
Constrained:
     Tecnw = 61987.3
       Tnw = 2986.79
       Tec = 2900.45
     twoNb = 1.45506e+06
     twoNe = 357045
     twoNc = 393614
     twoNw = 1.06018e+06
    twoNec = 100944
    twoNnw = 162490
  twoNecnw = 12565.6
  twoNbecnw = 89125.7
        m2 = 0.00180928
        m4 = 0.00654985
        m5 = 0.149811
        m8 = 0.383532
        Th = 2943.62
        Tb = 32465.5
        Td = 1450.23
        Te = 725.113
DiffEv reached_goal. cost=2.29068e-03 spread=2.97228e-06
Fitted parameter values
Free:
       pc1 = 3.28598
       pc2 = -1.08482
       pc3 = 1.98151
       pc4 = -1.79973
       pc5 = 0.399785
       pc6 = 1.8806
       pc7 = -1.76196
       pc8 = 1.9252
       pc9 = -0.238981
      pc10 = -0.128553
      pc11 = -0.100774
      pc12 = -0.0306724
      pc13 = -0.119179
      pc14 = -0.0732514
      pc15 = -0.000709413
Constrained:
     Tecnw = 61913.8
       Tnw = 72.2223
       Tec = 0.9142
     twoNb = 3.02641e+06
     twoNe = 329300
     twoNc = 254526
     twoNw = 816436
    twoNec = 111886
    twoNnw = 180918
  twoNecnw = 12427.2
  twoNbecnw = 89524.6
        m2 = 0.00808937
        m4 = 0.00885871
        m5 = 0.14465
        m8 = 0.372073
        Th = 36.5682
        Tb = 30975.2
        Td = 0.4571
        Te = 0.22855
#       SitePat  BranchLen
              b 148897.3103248
              e 58037.4613014
              c 60886.9072374
              n 55109.9980593
              w 55107.3758762
            b:e 2738.6529501
            b:c 3226.1752400
            b:n 2296.1827279
            b:w 2296.0271518
            e:c 12583.7502252
            e:n 6565.0110054
            e:w 6566.4615454
            c:n 5788.8419964
            c:w 5789.5248721
            n:w 14691.2322803
          b:e:c 2583.7882368
          b:e:n 1342.1781015
          b:e:w 1342.2164590
          b:c:n 1343.0441278
          b:c:w 1343.0057065
          b:n:w 2581.0153709
          e:c:n 5344.0595841
          e:c:w 5344.5483516
          e:n:w 8274.3181780
          c:n:w 6949.1887802
        b:e:c:n 2297.3135224
        b:e:c:w 2297.4691622
        b:e:n:w 3195.2333086
        b:c:n:w 2734.8448889
        e:c:n:w 62001.9953475
