########################################
# legofit: estimate population history #
#       version 2.3.4-4-g53f8760       #
########################################

# Program was compiled: Sep 21 2021 14:36:42
# Program was run: Wed Oct 13 18:35:46 2021

# cmd: legofit -1 -d 0 -t 32 --ptsPerDim 3 --stateOut b1boot14.state --tol 3e-6 -S 5000 bdeh2.lgo ../../boot/boot14.opf
# Stage nOptItr nSimReps
#     0    5000        0
# algorithm          : deterministic
# ignoring probs <=  : 0
# Branch length floor: 0
# DE strategy        : 2
#    F               : 0.3
#    CR              : 0.8
#    tolerance       : 3e-06
# nthreads           : 32
# lgo input file     : bdeh2.lgo
# site pat input file: ../../boot/boot14.opf
# free parameters    : 15
# points in DE swarm : 45
# output state file  : b1boot14.state
# Including singleton site patterns.
# cost function      : KL
Initial parameter values
Fixed:
      zero = 0
       one = 1
    Tbecnw = 75200
Free:
       pc1 = 0
       pc2 = 0
       pc3 = 0
       pc4 = 0
       pc5 = 0
       pc6 = 0
       pc7 = 0
       pc8 = 0
       pc9 = 0
      pc10 = 0
      pc11 = 0
      pc12 = 0
      pc13 = 0
      pc14 = 0
      pc15 = 0
Constrained:
     Tecnw = 61987.3
       Tnw = 2986.79
       Tec = 2900.45
     twoNb = 1.45506e+06
     twoNe = 357045
     twoNc = 393614
     twoNw = 1.06018e+06
    twoNec = 100944
    twoNnw = 162490
  twoNecnw = 12565.6
  twoNbecnw = 89125.7
        m2 = 0.00180928
        m4 = 0.00654985
        m5 = 0.149811
        m8 = 0.383532
        Th = 2943.62
        Tb = 32465.5
        Td = 1450.23
        Te = 725.113
DiffEv reached_goal. cost=2.28137e-03 spread=1.39342e-06
Fitted parameter values
Free:
       pc1 = 3.13106
       pc2 = -1.56587
       pc3 = 1.94684
       pc4 = -1.88002
       pc5 = 0.203656
       pc6 = 1.98842
       pc7 = -1.88949
       pc8 = 1.70608
       pc9 = -0.212782
      pc10 = -0.019421
      pc11 = 0.0776651
      pc12 = 0.0351868
      pc13 = -0.00458909
      pc14 = -0.0428405
      pc15 = 0.0165223
Constrained:
     Tecnw = 61961.4
       Tnw = 29.5186
       Tec = 13.2689
     twoNb = 3.04149e+06
     twoNe = 327606
     twoNc = 352687
     twoNw = 773115
    twoNec = 110391
    twoNnw = 180542
  twoNecnw = 12325.1
  twoNbecnw = 89653.9
        m2 = 0.00810292
        m4 = 0.00902537
        m5 = 0.141523
        m8 = 0.376584
        Th = 21.3937
        Tb = 30991.4
        Td = 6.63445
        Te = 3.31722
#       SitePat  BranchLen
              b 149097.4944944
              e 57955.6256731
              c 60753.8588870
              n 54998.4257782
              w 54997.6831355
            b:e 2729.6364065
            b:c 3213.4734889
            b:n 2284.5281099
            b:w 2284.4842361
            e:c 12559.0354118
            e:n 6566.8534237
            e:w 6567.3110348
            c:n 5807.8920384
            c:w 5808.0391392
            n:w 14661.9535497
          b:e:c 2569.1332464
          b:e:n 1336.4862106
          b:e:w 1336.5016739
          b:c:n 1337.3349470
          b:c:w 1337.3194645
          b:n:w 2566.3611364
          e:c:n 5329.7431616
          e:c:w 5329.8810923
          e:n:w 8259.7379590
          c:n:w 6950.5787066
        b:e:c:n 2285.7708065
        b:e:c:w 2285.8146995
        b:e:n:w 3182.2092622
        b:c:n:w 2725.8649722
        e:c:n:w 62278.6730928
