########################################
# legofit: estimate population history #
#       version 2.3.4-4-g53f8760       #
########################################

# Program was compiled: Sep 21 2021 14:36:42
# Program was run: Wed Oct 13 18:35:44 2021

# cmd: legofit -1 -d 0 -t 32 --ptsPerDim 3 --stateOut b1boot15.state --tol 3e-6 -S 5000 bdeh2.lgo ../../boot/boot15.opf
# Stage nOptItr nSimReps
#     0    5000        0
# algorithm          : deterministic
# ignoring probs <=  : 0
# Branch length floor: 0
# DE strategy        : 2
#    F               : 0.3
#    CR              : 0.8
#    tolerance       : 3e-06
# nthreads           : 32
# lgo input file     : bdeh2.lgo
# site pat input file: ../../boot/boot15.opf
# free parameters    : 15
# points in DE swarm : 45
# output state file  : b1boot15.state
# Including singleton site patterns.
# cost function      : KL
Initial parameter values
Fixed:
      zero = 0
       one = 1
    Tbecnw = 75200
Free:
       pc1 = 0
       pc2 = 0
       pc3 = 0
       pc4 = 0
       pc5 = 0
       pc6 = 0
       pc7 = 0
       pc8 = 0
       pc9 = 0
      pc10 = 0
      pc11 = 0
      pc12 = 0
      pc13 = 0
      pc14 = 0
      pc15 = 0
Constrained:
     Tecnw = 61987.3
       Tnw = 2986.79
       Tec = 2900.45
     twoNb = 1.45506e+06
     twoNe = 357045
     twoNc = 393614
     twoNw = 1.06018e+06
    twoNec = 100944
    twoNnw = 162490
  twoNecnw = 12565.6
  twoNbecnw = 89125.7
        m2 = 0.00180928
        m4 = 0.00654985
        m5 = 0.149811
        m8 = 0.383532
        Th = 2943.62
        Tb = 32465.5
        Td = 1450.23
        Te = 725.113
DiffEv reached_goal. cost=2.29654e-03 spread=2.92827e-06
Fitted parameter values
Free:
       pc1 = 3.11281
       pc2 = 0.784171
       pc3 = 1.98466
       pc4 = -1.68554
       pc5 = -0.669664
       pc6 = 1.73761
       pc7 = -1.79604
       pc8 = 1.8216
       pc9 = 0.619537
      pc10 = -0.335689
      pc11 = -0.180503
      pc12 = -0.0710919
      pc13 = -0.0405118
      pc14 = 0.0572042
      pc15 = -0.00915736
Constrained:
     Tecnw = 61426
       Tnw = 63.5833
       Tec = 51.0488
     twoNb = 2.51092e+06
     twoNe = 293405
     twoNc = 636342
     twoNw = 612985
    twoNec = 112290
    twoNnw = 180668
  twoNecnw = 12775.7
  twoNbecnw = 88625.8
        m2 = 0.00824059
        m4 = 0.00780783
        m5 = 0.149748
        m8 = 0.368808
        Th = 57.3161
        Tb = 30741.6
        Td = 25.5244
        Te = 12.7622
#       SitePat  BranchLen
              b 148285.1052412
              e 57723.1419668
              c 60579.2574279
              n 54839.2345303
              w 54838.0502221
            b:e 2689.2657192
            b:c 3160.2852001
            b:n 2257.1100082
            b:w 2257.0407444
            e:c 12460.1527814
            e:n 6526.8211079
            e:w 6527.7347514
            c:n 5736.4634111
            c:w 5736.5173450
            n:w 14567.8888401
          b:e:c 2534.5499179
          b:e:n 1320.0344280
          b:e:w 1320.0769172
          b:c:n 1320.9473559
          b:c:w 1320.9048287
          b:n:w 2531.3823534
          e:c:n 5303.7084007
          e:c:w 5303.9251315
          e:n:w 8185.0638291
          c:n:w 6879.9769969
        b:e:c:n 2258.4666046
        b:e:c:w 2258.5359063
        b:e:n:w 3126.5934418
        b:c:n:w 2684.3795959
        e:c:n:w 61786.6073590
