########################################
# legofit: estimate population history #
#       version 2.3.4-4-g53f8760       #
########################################

# Program was compiled: Sep 21 2021 14:36:42
# Program was run: Wed Oct 13 18:36:16 2021

# cmd: legofit -1 -d 0 -t 32 --ptsPerDim 3 --stateOut b1boot42.state --tol 3e-6 -S 5000 bdeh2.lgo ../../boot/boot42.opf
# Stage nOptItr nSimReps
#     0    5000        0
# algorithm          : deterministic
# ignoring probs <=  : 0
# Branch length floor: 0
# DE strategy        : 2
#    F               : 0.3
#    CR              : 0.8
#    tolerance       : 3e-06
# nthreads           : 32
# lgo input file     : bdeh2.lgo
# site pat input file: ../../boot/boot42.opf
# free parameters    : 15
# points in DE swarm : 45
# output state file  : b1boot42.state
# Including singleton site patterns.
# cost function      : KL
Initial parameter values
Fixed:
      zero = 0
       one = 1
    Tbecnw = 75200
Free:
       pc1 = 0
       pc2 = 0
       pc3 = 0
       pc4 = 0
       pc5 = 0
       pc6 = 0
       pc7 = 0
       pc8 = 0
       pc9 = 0
      pc10 = 0
      pc11 = 0
      pc12 = 0
      pc13 = 0
      pc14 = 0
      pc15 = 0
Constrained:
     Tecnw = 61987.3
       Tnw = 2986.79
       Tec = 2900.45
     twoNb = 1.45506e+06
     twoNe = 357045
     twoNc = 393614
     twoNw = 1.06018e+06
    twoNec = 100944
    twoNnw = 162490
  twoNecnw = 12565.6
  twoNbecnw = 89125.7
        m2 = 0.00180928
        m4 = 0.00654985
        m5 = 0.149811
        m8 = 0.383532
        Th = 2943.62
        Tb = 32465.5
        Td = 1450.23
        Te = 725.113
DiffEv reached_goal. cost=2.30620e-03 spread=1.50669e-06
Fitted parameter values
Free:
       pc1 = 3.03305
       pc2 = -0.782759
       pc3 = 1.961
       pc4 = -1.97689
       pc5 = -1.19678
       pc6 = 1.92475
       pc7 = -1.35827
       pc8 = 1.86537
       pc9 = 0.549305
      pc10 = -0.231107
      pc11 = 9.59251e-05
      pc12 = -0.0840464
      pc13 = -0.00285947
      pc14 = 0.0246144
      pc15 = -0.0278105
Constrained:
     Tecnw = 61768.8
       Tnw = 19.7821
       Tec = 15.3765
     twoNb = 2.8387e+06
     twoNe = 509862
     twoNc = 931252
     twoNw = 554934
    twoNec = 109955
    twoNnw = 180797
  twoNecnw = 12446.8
  twoNbecnw = 88920.7
        m2 = 0.00749519
        m4 = 0.00891853
        m5 = 0.143016
        m8 = 0.374844
        Th = 17.5793
        Tb = 30893.2
        Td = 7.68824
        Te = 3.84412
#       SitePat  BranchLen
              b 148569.6088850
              e 57762.8416554
              c 60563.4060495
              n 54898.1129442
              w 54897.6929602
            b:e 2686.3241846
            b:c 3166.0318524
            b:n 2259.4101213
            b:w 2259.3855786
            e:c 12526.5843417
            e:n 6527.8148879
            e:w 6528.1280045
            c:n 5764.2587198
            c:w 5764.2886074
            n:w 14583.9623447
          b:e:c 2538.7188662
          b:e:n 1319.4963085
          b:e:w 1319.5102925
          b:c:n 1320.3797566
          b:c:w 1320.3657602
          b:n:w 2535.9166775
          e:c:n 5297.3216565
          e:c:w 5297.3986362
          e:n:w 8179.3141495
          c:n:w 6875.5297303
        b:e:c:n 2260.7002983
        b:e:c:w 2260.7248533
        b:e:n:w 3133.4915334
        b:c:n:w 2682.6605401
        e:c:n:w 61994.3558399
