########################################
# legofit: estimate population history #
#       version 2.3.4-4-g53f8760       #
########################################

# Program was compiled: Sep 21 2021 14:36:42
# Program was run: Wed Oct 13 18:36:03 2021

# cmd: legofit -1 -d 0 -t 32 --ptsPerDim 3 --stateOut b1boot29.state --tol 3e-6 -S 5000 bdeh2.lgo ../../boot/boot29.opf
# Stage nOptItr nSimReps
#     0    5000        0
# algorithm          : deterministic
# ignoring probs <=  : 0
# Branch length floor: 0
# DE strategy        : 2
#    F               : 0.3
#    CR              : 0.8
#    tolerance       : 3e-06
# nthreads           : 32
# lgo input file     : bdeh2.lgo
# site pat input file: ../../boot/boot29.opf
# free parameters    : 15
# points in DE swarm : 45
# output state file  : b1boot29.state
# Including singleton site patterns.
# cost function      : KL
Initial parameter values
Fixed:
      zero = 0
       one = 1
    Tbecnw = 75200
Free:
       pc1 = 0
       pc2 = 0
       pc3 = 0
       pc4 = 0
       pc5 = 0
       pc6 = 0
       pc7 = 0
       pc8 = 0
       pc9 = 0
      pc10 = 0
      pc11 = 0
      pc12 = 0
      pc13 = 0
      pc14 = 0
      pc15 = 0
Constrained:
     Tecnw = 61987.3
       Tnw = 2986.79
       Tec = 2900.45
     twoNb = 1.45506e+06
     twoNe = 357045
     twoNc = 393614
     twoNw = 1.06018e+06
    twoNec = 100944
    twoNnw = 162490
  twoNecnw = 12565.6
  twoNbecnw = 89125.7
        m2 = 0.00180928
        m4 = 0.00654985
        m5 = 0.149811
        m8 = 0.383532
        Th = 2943.62
        Tb = 32465.5
        Td = 1450.23
        Te = 725.113
DiffEv reached_goal. cost=2.30577e-03 spread=2.74546e-06
Fitted parameter values
Free:
       pc1 = 3.17287
       pc2 = -2.42295
       pc3 = 1.81262
       pc4 = -1.64286
       pc5 = -0.937288
       pc6 = 1.9638
       pc7 = -1.53065
       pc8 = 1.89491
       pc9 = -0.264128
      pc10 = -0.285099
      pc11 = 0.0501745
      pc12 = -0.10505
      pc13 = -0.0379943
      pc14 = 0.0244515
      pc15 = -0.0270688
Constrained:
     Tecnw = 62150.4
       Tnw = 26.4933
       Tec = 10.9821
     twoNb = 3.14285e+06
     twoNe = 442048
     twoNc = 1.01394e+06
     twoNw = 651114
    twoNec = 109492
    twoNnw = 181494
  twoNecnw = 12081.7
  twoNbecnw = 89715.8
        m2 = 0.00676249
        m4 = 0.0102072
        m5 = 0.139322
        m8 = 0.377149
        Th = 18.7377
        Tb = 31084.6
        Td = 5.49104
        Te = 2.74552
#       SitePat  BranchLen
              b 149243.0706537
              e 57953.9252380
              c 60770.2245075
              n 55097.6572002
              w 55096.8353034
            b:e 2700.2424390
            b:c 3202.6128320
            b:n 2276.1795091
            b:w 2276.1312260
            e:c 12578.2259454
            e:n 6536.1284662
            e:w 6536.6271057
            c:n 5780.7107453
            c:w 5780.8820983
            n:w 14621.6363968
          b:e:c 2558.7075890
          b:e:n 1328.3177597
          b:e:w 1328.3339790
          b:c:n 1329.2313961
          b:c:w 1329.2151559
          b:n:w 2556.1410035
          e:c:n 5308.3066097
          e:c:w 5308.4585141
          e:n:w 8219.6259469
          c:n:w 6882.8830405
        b:e:c:n 2277.3930039
        b:e:c:w 2277.4413079
        b:e:n:w 3170.0816677
        b:c:n:w 2697.5228266
        e:c:n:w 62468.8067770
