########################################
# legofit: estimate population history #
#       version 2.3.4-4-g53f8760       #
########################################

# Program was compiled: Sep 21 2021 14:36:42
# Program was run: Wed Oct 13 18:35:13 2021

# cmd: legofit -1 -d 0 -t 32 --ptsPerDim 3 --stateOut b1boot1.state --tol 3e-6 -S 5000 bdeh2.lgo ../../boot/boot1.opf
# Stage nOptItr nSimReps
#     0    5000        0
# algorithm          : deterministic
# ignoring probs <=  : 0
# Branch length floor: 0
# DE strategy        : 2
#    F               : 0.3
#    CR              : 0.8
#    tolerance       : 3e-06
# nthreads           : 32
# lgo input file     : bdeh2.lgo
# site pat input file: ../../boot/boot1.opf
# free parameters    : 15
# points in DE swarm : 45
# output state file  : b1boot1.state
# Including singleton site patterns.
# cost function      : KL
Initial parameter values
Fixed:
      zero = 0
       one = 1
    Tbecnw = 75200
Free:
       pc1 = 0
       pc2 = 0
       pc3 = 0
       pc4 = 0
       pc5 = 0
       pc6 = 0
       pc7 = 0
       pc8 = 0
       pc9 = 0
      pc10 = 0
      pc11 = 0
      pc12 = 0
      pc13 = 0
      pc14 = 0
      pc15 = 0
Constrained:
     Tecnw = 61987.3
       Tnw = 2986.79
       Tec = 2900.45
     twoNb = 1.45506e+06
     twoNe = 357045
     twoNc = 393614
     twoNw = 1.06018e+06
    twoNec = 100944
    twoNnw = 162490
  twoNecnw = 12565.6
  twoNbecnw = 89125.7
        m2 = 0.00180928
        m4 = 0.00654985
        m5 = 0.149811
        m8 = 0.383532
        Th = 2943.62
        Tb = 32465.5
        Td = 1450.23
        Te = 725.113
DiffEv reached_goal. cost=2.28864e-03 spread=2.94957e-06
Fitted parameter values
Free:
       pc1 = 3.1969
       pc2 = -1.2112
       pc3 = 1.9637
       pc4 = -1.65455
       pc5 = 0.252946
       pc6 = 1.99746
       pc7 = -1.72725
       pc8 = 0.968276
       pc9 = -0.146932
      pc10 = -0.293422
      pc11 = -0.00403604
      pc12 = 0.0213997
      pc13 = -0.0991681
      pc14 = -0.0459809
      pc15 = 0.0181502
Constrained:
     Tecnw = 61904.2
       Tnw = 123.666
       Tec = 122.143
     twoNb = 2.63561e+06
     twoNe = 335008
     twoNc = 402986
     twoNw = 894912
    twoNec = 110208
    twoNnw = 180941
  twoNecnw = 12418.3
  twoNbecnw = 89577.2
        m2 = 0.00843564
        m4 = 0.00939471
        m5 = 0.141523
        m8 = 0.376266
        Th = 122.905
        Tb = 31013.6
        Td = 61.0717
        Te = 30.5358
#       SitePat  BranchLen
              b 148950.0018702
              e 58021.7209427
              c 60830.8313724
              n 55087.2517523
              w 55086.3086893
            b:e 2740.0296400
            b:c 3235.5706088
            b:n 2294.0172938
            b:w 2293.9615937
            e:c 12559.8035981
            e:n 6569.9010368
            e:w 6570.8210549
            c:n 5810.2388822
            c:w 5810.0908125
            n:w 14649.0398570
          b:e:c 2577.0188892
          b:e:n 1342.0225575
          b:e:w 1342.0759512
          b:c:n 1343.0784540
          b:c:w 1343.0250219
          b:n:w 2573.6891894
          e:c:n 5344.2534768
          e:c:w 5344.4245913
          e:n:w 8282.2603877
          c:n:w 6958.6303575
        b:e:c:n 2295.5103550
        b:e:c:w 2295.5660935
        b:e:n:w 3198.1489132
        b:c:n:w 2735.5149748
        e:c:n:w 62075.6739183
