########################################
# legofit: estimate population history #
#       version 2.3.4-4-g53f8760       #
########################################

# Program was compiled: Sep 21 2021 14:36:42
# Program was run: Wed Oct 13 18:36:16 2021

# cmd: legofit -1 -d 0 -t 32 --ptsPerDim 3 --stateOut b1boot41.state --tol 3e-6 -S 5000 bdeh2.lgo ../../boot/boot41.opf
# Stage nOptItr nSimReps
#     0    5000        0
# algorithm          : deterministic
# ignoring probs <=  : 0
# Branch length floor: 0
# DE strategy        : 2
#    F               : 0.3
#    CR              : 0.8
#    tolerance       : 3e-06
# nthreads           : 32
# lgo input file     : bdeh2.lgo
# site pat input file: ../../boot/boot41.opf
# free parameters    : 15
# points in DE swarm : 45
# output state file  : b1boot41.state
# Including singleton site patterns.
# cost function      : KL
Initial parameter values
Fixed:
      zero = 0
       one = 1
    Tbecnw = 75200
Free:
       pc1 = 0
       pc2 = 0
       pc3 = 0
       pc4 = 0
       pc5 = 0
       pc6 = 0
       pc7 = 0
       pc8 = 0
       pc9 = 0
      pc10 = 0
      pc11 = 0
      pc12 = 0
      pc13 = 0
      pc14 = 0
      pc15 = 0
Constrained:
     Tecnw = 61987.3
       Tnw = 2986.79
       Tec = 2900.45
     twoNb = 1.45506e+06
     twoNe = 357045
     twoNc = 393614
     twoNw = 1.06018e+06
    twoNec = 100944
    twoNnw = 162490
  twoNecnw = 12565.6
  twoNbecnw = 89125.7
        m2 = 0.00180928
        m4 = 0.00654985
        m5 = 0.149811
        m8 = 0.383532
        Th = 2943.62
        Tb = 32465.5
        Td = 1450.23
        Te = 725.113
DiffEv reached_goal. cost=2.31253e-03 spread=2.94281e-06
Fitted parameter values
Free:
       pc1 = 3.4113
       pc2 = 0.154401
       pc3 = 1.94255
       pc4 = -1.86934
       pc5 = 0.334212
       pc6 = 1.96984
       pc7 = -1.24473
       pc8 = 1.7051
       pc9 = -0.240877
      pc10 = -0.0906764
      pc11 = 0.0840398
      pc12 = 0.0110871
      pc13 = -0.154997
      pc14 = 0.00370428
      pc15 = -0.00138737
Constrained:
     Tecnw = 61504.4
       Tnw = 114.624
       Tec = 102.504
     twoNb = 2.74081e+06
     twoNe = 481977
     twoNc = 288000
     twoNw = 879423
    twoNec = 112920
    twoNnw = 181414
  twoNecnw = 12789.5
  twoNbecnw = 89271.1
        m2 = 0.00836333
        m4 = 0.00778751
        m5 = 0.14816
        m8 = 0.369109
        Th = 108.564
        Tb = 30806.5
        Td = 51.2522
        Te = 25.6261
#       SitePat  BranchLen
              b 148697.0072326
              e 57945.8643846
              c 60779.4292549
              n 55037.9222407
              w 55036.7133804
            b:e 2731.8606611
            b:c 3201.4490357
            b:n 2292.7105164
            b:w 2292.6389816
            e:c 12507.1595181
            e:n 6558.1550954
            e:w 6559.1806935
            c:n 5776.4109796
            c:w 5776.3731029
            n:w 14619.0813243
          b:e:c 2570.3279957
          b:e:n 1341.4749393
          b:e:w 1341.5281261
          b:c:n 1342.3370645
          b:c:w 1342.2838396
          b:n:w 2567.3734087
          e:c:n 5357.7157034
          e:c:w 5357.9368422
          e:n:w 8241.8736004
          c:n:w 6944.7807476
        b:e:c:n 2293.9729124
        b:e:c:w 2294.0444853
        b:e:n:w 3170.4129492
        b:c:n:w 2727.2864248
        e:c:n:w 61935.2006665
