########################################
# legofit: estimate population history #
#       version 2.3.4-4-g53f8760       #
########################################

# Program was compiled: Sep 21 2021 14:36:42
# Program was run: Wed Oct 13 18:36:10 2021

# cmd: legofit -1 -d 0 -t 32 --ptsPerDim 3 --stateOut b1boot34.state --tol 3e-6 -S 5000 bdeh2.lgo ../../boot/boot34.opf
# Stage nOptItr nSimReps
#     0    5000        0
# algorithm          : deterministic
# ignoring probs <=  : 0
# Branch length floor: 0
# DE strategy        : 2
#    F               : 0.3
#    CR              : 0.8
#    tolerance       : 3e-06
# nthreads           : 32
# lgo input file     : bdeh2.lgo
# site pat input file: ../../boot/boot34.opf
# free parameters    : 15
# points in DE swarm : 45
# output state file  : b1boot34.state
# Including singleton site patterns.
# cost function      : KL
Initial parameter values
Fixed:
      zero = 0
       one = 1
    Tbecnw = 75200
Free:
       pc1 = 0
       pc2 = 0
       pc3 = 0
       pc4 = 0
       pc5 = 0
       pc6 = 0
       pc7 = 0
       pc8 = 0
       pc9 = 0
      pc10 = 0
      pc11 = 0
      pc12 = 0
      pc13 = 0
      pc14 = 0
      pc15 = 0
Constrained:
     Tecnw = 61987.3
       Tnw = 2986.79
       Tec = 2900.45
     twoNb = 1.45506e+06
     twoNe = 357045
     twoNc = 393614
     twoNw = 1.06018e+06
    twoNec = 100944
    twoNnw = 162490
  twoNecnw = 12565.6
  twoNbecnw = 89125.7
        m2 = 0.00180928
        m4 = 0.00654985
        m5 = 0.149811
        m8 = 0.383532
        Th = 2943.62
        Tb = 32465.5
        Td = 1450.23
        Te = 725.113
DiffEv reached_goal. cost=2.28830e-03 spread=2.98829e-06
Fitted parameter values
Free:
       pc1 = 3.25198
       pc2 = -1.31786
       pc3 = 1.94647
       pc4 = -1.79883
       pc5 = 0.234548
       pc6 = 1.94336
       pc7 = -1.35281
       pc8 = 1.35483
       pc9 = -0.0229664
      pc10 = -0.381656
      pc11 = 0.076428
      pc12 = 0.0973789
      pc13 = -0.0536918
      pc14 = 0.049551
      pc15 = 0.0336338
Constrained:
     Tecnw = 61905.9
       Tnw = 28.925
       Tec = 22.4558
     twoNb = 2.7989e+06
     twoNe = 463020
     twoNc = 383750
     twoNw = 882452
    twoNec = 110920
    twoNnw = 181291
  twoNecnw = 12344.2
  twoNbecnw = 89491.7
        m2 = 0.00800986
        m4 = 0.00949717
        m5 = 0.143421
        m8 = 0.376929
        Th = 25.6904
        Tb = 30965.8
        Td = 11.2279
        Te = 5.61394
#       SitePat  BranchLen
              b 148984.8151161
              e 57944.4764578
              c 60784.1245066
              n 54998.1935541
              w 54997.8043778
            b:e 2717.4059340
            b:c 3214.8905279
            b:n 2276.2519209
            b:w 2276.2290281
            e:c 12475.5876071
            e:n 6568.0356200
            e:w 6568.3253655
            c:n 5799.1746878
            c:w 5799.2025743
            n:w 14593.0951344
          b:e:c 2551.5969100
          b:e:n 1334.0681632
          b:e:w 1334.0811712
          b:c:n 1335.0281596
          b:c:w 1335.0151391
          b:n:w 2548.5612399
          e:c:n 5318.0505352
          e:c:w 5318.1220794
          e:n:w 8258.4019452
          c:n:w 6923.5332551
        b:e:c:n 2277.6601672
        b:e:c:w 2277.6830725
        b:e:n:w 3179.6148394
        b:c:n:w 2713.4406459
        e:c:n:w 62233.2321674
