########################################
# legofit: estimate population history #
#       version 2.3.4-4-g53f8760       #
########################################

# Program was compiled: Sep 21 2021 14:36:42
# Program was run: Wed Oct 13 18:35:15 2021

# cmd: legofit -1 -d 0 -t 32 --ptsPerDim 3 --stateOut b1boot2.state --tol 3e-6 -S 5000 bdeh2.lgo ../../boot/boot2.opf
# Stage nOptItr nSimReps
#     0    5000        0
# algorithm          : deterministic
# ignoring probs <=  : 0
# Branch length floor: 0
# DE strategy        : 2
#    F               : 0.3
#    CR              : 0.8
#    tolerance       : 3e-06
# nthreads           : 32
# lgo input file     : bdeh2.lgo
# site pat input file: ../../boot/boot2.opf
# free parameters    : 15
# points in DE swarm : 45
# output state file  : b1boot2.state
# Including singleton site patterns.
# cost function      : KL
Initial parameter values
Fixed:
      zero = 0
       one = 1
    Tbecnw = 75200
Free:
       pc1 = 0
       pc2 = 0
       pc3 = 0
       pc4 = 0
       pc5 = 0
       pc6 = 0
       pc7 = 0
       pc8 = 0
       pc9 = 0
      pc10 = 0
      pc11 = 0
      pc12 = 0
      pc13 = 0
      pc14 = 0
      pc15 = 0
Constrained:
     Tecnw = 61987.3
       Tnw = 2986.79
       Tec = 2900.45
     twoNb = 1.45506e+06
     twoNe = 357045
     twoNc = 393614
     twoNw = 1.06018e+06
    twoNec = 100944
    twoNnw = 162490
  twoNecnw = 12565.6
  twoNbecnw = 89125.7
        m2 = 0.00180928
        m4 = 0.00654985
        m5 = 0.149811
        m8 = 0.383532
        Th = 2943.62
        Tb = 32465.5
        Td = 1450.23
        Te = 725.113
DiffEv reached_goal. cost=2.32353e-03 spread=2.25586e-06
Fitted parameter values
Free:
       pc1 = 3.35621
       pc2 = -0.0174775
       pc3 = 1.94003
       pc4 = -1.8564
       pc5 = 0.394192
       pc6 = 1.96412
       pc7 = -1.92961
       pc8 = 1.69784
       pc9 = -0.0243079
      pc10 = 0.165727
      pc11 = 0.0936974
      pc12 = 0.0419148
      pc13 = -0.139656
      pc14 = 0.0395411
      pc15 = -0.00539747
Constrained:
     Tecnw = 61588.6
       Tnw = 18.4363
       Tec = 17.5168
     twoNb = 2.77334e+06
     twoNe = 293794
     twoNc = 204312
     twoNw = 794861
    twoNec = 113057
    twoNnw = 182273
  twoNecnw = 12696.4
  twoNbecnw = 89288.9
        m2 = 0.0087793
        m4 = 0.00740372
        m5 = 0.146124
        m8 = 0.371398
        Th = 17.9766
        Tb = 30803.3
        Td = 8.7584
        Te = 4.3792
#       SitePat  BranchLen
              b 148731.0715317
              e 57988.5197789
              c 60759.3353905
              n 55054.3362754
              w 55054.1528122
            b:e 2735.4038057
            b:c 3191.1066401
            b:n 2290.9848118
            b:w 2290.9739831
            e:c 12483.9734219
            e:n 6559.8413769
            e:w 6560.0093289
            c:n 5792.5372605
            c:w 5792.5193850
            n:w 14594.5417214
          b:e:c 2563.9169772
          b:e:n 1341.6988604
          b:e:w 1341.7081395
          b:c:n 1342.4719213
          b:c:w 1342.4626364
          b:n:w 2560.9672138
          e:c:n 5352.8745501
          e:c:w 5352.9079368
          e:n:w 8214.8816746
          c:n:w 6952.3428275
        b:e:c:n 2292.2816200
        b:e:c:w 2292.2924545
        b:e:n:w 3161.2629081
        b:c:n:w 2730.5498119
        e:c:n:w 61967.5804818
