########################################
# legofit: estimate population history #
#       version 2.3.4-4-g53f8760       #
########################################

# Program was compiled: Sep 21 2021 14:36:42
# Program was run: Wed Oct 13 18:35:50 2021

# cmd: legofit -1 -d 0 -t 32 --ptsPerDim 3 --stateOut b1boot19.state --tol 3e-6 -S 5000 bdeh2.lgo ../../boot/boot19.opf
# Stage nOptItr nSimReps
#     0    5000        0
# algorithm          : deterministic
# ignoring probs <=  : 0
# Branch length floor: 0
# DE strategy        : 2
#    F               : 0.3
#    CR              : 0.8
#    tolerance       : 3e-06
# nthreads           : 32
# lgo input file     : bdeh2.lgo
# site pat input file: ../../boot/boot19.opf
# free parameters    : 15
# points in DE swarm : 45
# output state file  : b1boot19.state
# Including singleton site patterns.
# cost function      : KL
Initial parameter values
Fixed:
      zero = 0
       one = 1
    Tbecnw = 75200
Free:
       pc1 = 0
       pc2 = 0
       pc3 = 0
       pc4 = 0
       pc5 = 0
       pc6 = 0
       pc7 = 0
       pc8 = 0
       pc9 = 0
      pc10 = 0
      pc11 = 0
      pc12 = 0
      pc13 = 0
      pc14 = 0
      pc15 = 0
Constrained:
     Tecnw = 61987.3
       Tnw = 2986.79
       Tec = 2900.45
     twoNb = 1.45506e+06
     twoNe = 357045
     twoNc = 393614
     twoNw = 1.06018e+06
    twoNec = 100944
    twoNnw = 162490
  twoNecnw = 12565.6
  twoNbecnw = 89125.7
        m2 = 0.00180928
        m4 = 0.00654985
        m5 = 0.149811
        m8 = 0.383532
        Th = 2943.62
        Tb = 32465.5
        Td = 1450.23
        Te = 725.113
DiffEv reached_goal. cost=2.30446e-03 spread=2.85827e-06
Fitted parameter values
Free:
       pc1 = 3.14693
       pc2 = -0.51975
       pc3 = 1.9626
       pc4 = -1.58092
       pc5 = -0.600653
       pc6 = 1.91942
       pc7 = -1.94541
       pc8 = 1.69473
       pc9 = -0.515701
      pc10 = -0.23461
      pc11 = 0.155935
      pc12 = -0.02093
      pc13 = 0.0538134
      pc14 = -0.0336816
      pc15 = -0.00937257
Constrained:
     Tecnw = 61528.5
       Tnw = 54.0647
       Tec = 45.8038
     twoNb = 2.79074e+06
     twoNe = 273859
     twoNc = 771005
     twoNw = 675387
    twoNec = 110520
    twoNnw = 180237
  twoNecnw = 12679.9
  twoNbecnw = 89509.3
        m2 = 0.00775885
        m4 = 0.00876217
        m5 = 0.145021
        m8 = 0.371619
        Th = 49.9342
        Tb = 30789.2
        Td = 22.9019
        Te = 11.4509
#       SitePat  BranchLen
              b 149026.0495313
              e 57742.3244835
              c 60582.5434052
              n 54870.8920759
              w 54870.0747144
            b:e 2709.2899383
            b:c 3194.4348311
            b:n 2277.7490320
            b:w 2277.7008861
            e:c 12572.6338229
            e:n 6544.0074451
            e:w 6544.6615422
            c:n 5769.9509547
            c:w 5769.9642085
            n:w 14642.7827753
          b:e:c 2562.4295083
          b:e:n 1329.6847110
          b:e:w 1329.7165983
          b:c:n 1330.5948339
          b:c:w 1330.5629208
          b:n:w 2559.5153877
          e:c:n 5339.2912114
          e:c:w 5339.4412220
          e:n:w 8245.0670148
          c:n:w 6922.7911167
        b:e:c:n 2279.0540543
        b:e:c:w 2279.1022259
        b:e:n:w 3161.4137030
        b:c:n:w 2705.3231652
        e:c:n:w 62374.5038460
