########################################
# legofit: estimate population history #
#       version 2.3.4-4-g53f8760       #
########################################

# Program was compiled: Sep 21 2021 14:36:42
# Program was run: Wed Oct 13 18:36:03 2021

# cmd: legofit -1 -d 0 -t 32 --ptsPerDim 3 --stateOut b1boot28.state --tol 3e-6 -S 5000 bdeh2.lgo ../../boot/boot28.opf
# Stage nOptItr nSimReps
#     0    5000        0
# algorithm          : deterministic
# ignoring probs <=  : 0
# Branch length floor: 0
# DE strategy        : 2
#    F               : 0.3
#    CR              : 0.8
#    tolerance       : 3e-06
# nthreads           : 32
# lgo input file     : bdeh2.lgo
# site pat input file: ../../boot/boot28.opf
# free parameters    : 15
# points in DE swarm : 45
# output state file  : b1boot28.state
# Including singleton site patterns.
# cost function      : KL
Initial parameter values
Fixed:
      zero = 0
       one = 1
    Tbecnw = 75200
Free:
       pc1 = 0
       pc2 = 0
       pc3 = 0
       pc4 = 0
       pc5 = 0
       pc6 = 0
       pc7 = 0
       pc8 = 0
       pc9 = 0
      pc10 = 0
      pc11 = 0
      pc12 = 0
      pc13 = 0
      pc14 = 0
      pc15 = 0
Constrained:
     Tecnw = 61987.3
       Tnw = 2986.79
       Tec = 2900.45
     twoNb = 1.45506e+06
     twoNe = 357045
     twoNc = 393614
     twoNw = 1.06018e+06
    twoNec = 100944
    twoNnw = 162490
  twoNecnw = 12565.6
  twoNbecnw = 89125.7
        m2 = 0.00180928
        m4 = 0.00654985
        m5 = 0.149811
        m8 = 0.383532
        Th = 2943.62
        Tb = 32465.5
        Td = 1450.23
        Te = 725.113
DiffEv reached_goal. cost=2.29217e-03 spread=2.63342e-06
Fitted parameter values
Free:
       pc1 = 3.03566
       pc2 = -0.466472
       pc3 = 1.99688
       pc4 = -1.91775
       pc5 = -0.643712
       pc6 = 1.77994
       pc7 = -1.36507
       pc8 = 1.79729
       pc9 = 0.277656
      pc10 = -0.533036
      pc11 = 0.232001
      pc12 = 0.0929772
      pc13 = -0.101334
      pc14 = -0.0423041
      pc15 = -0.00264382
Constrained:
     Tecnw = 61677.9
       Tnw = 26.1817
       Tec = 23.6731
     twoNb = 2.76516e+06
     twoNe = 478592
     twoNc = 660895
     twoNw = 654885
    twoNec = 109965
    twoNnw = 181561
  twoNecnw = 12656.8
  twoNbecnw = 89051.3
        m2 = 0.00755261
        m4 = 0.00912709
        m5 = 0.147046
        m8 = 0.375072
        Th = 24.9274
        Tb = 30851.4
        Td = 11.8365
        Te = 5.91827
#       SitePat  BranchLen
              b 148499.2169724
              e 57831.0980363
              c 60703.6736874
              n 55000.4929061
              w 55000.1317884
            b:e 2716.1191753
            b:c 3210.2449189
            b:n 2290.3632129
            b:w 2290.3418887
            e:c 12548.0757214
            e:n 6586.1633112
            e:w 6586.4726680
            c:n 5802.8465637
            c:w 5802.8322372
            n:w 14603.7846624
          b:e:c 2563.5587830
          b:e:n 1339.5602828
          b:e:w 1339.5764376
          b:c:n 1340.5030609
          b:c:w 1340.4868938
          b:n:w 2560.6272385
          e:c:n 5352.2461358
          e:c:w 5352.3122231
          e:n:w 8255.7823616
          c:n:w 6917.9625645
        b:e:c:n 2291.7336576
        b:e:c:w 2291.7549941
        b:e:n:w 3176.1654835
        b:c:n:w 2712.3878300
        e:c:n:w 61732.0215585
