########################################
# legofit: estimate population history #
#       version 2.3.4-4-g53f8760       #
########################################

# Program was compiled: Sep 21 2021 14:36:42
# Program was run: Wed Oct 13 18:35:57 2021

# cmd: legofit -1 -d 0 -t 32 --ptsPerDim 3 --stateOut b1boot25.state --tol 3e-6 -S 5000 bdeh2.lgo ../../boot/boot25.opf
# Stage nOptItr nSimReps
#     0    5000        0
# algorithm          : deterministic
# ignoring probs <=  : 0
# Branch length floor: 0
# DE strategy        : 2
#    F               : 0.3
#    CR              : 0.8
#    tolerance       : 3e-06
# nthreads           : 32
# lgo input file     : bdeh2.lgo
# site pat input file: ../../boot/boot25.opf
# free parameters    : 15
# points in DE swarm : 45
# output state file  : b1boot25.state
# Including singleton site patterns.
# cost function      : KL
Initial parameter values
Fixed:
      zero = 0
       one = 1
    Tbecnw = 75200
Free:
       pc1 = 0
       pc2 = 0
       pc3 = 0
       pc4 = 0
       pc5 = 0
       pc6 = 0
       pc7 = 0
       pc8 = 0
       pc9 = 0
      pc10 = 0
      pc11 = 0
      pc12 = 0
      pc13 = 0
      pc14 = 0
      pc15 = 0
Constrained:
     Tecnw = 61987.3
       Tnw = 2986.79
       Tec = 2900.45
     twoNb = 1.45506e+06
     twoNe = 357045
     twoNc = 393614
     twoNw = 1.06018e+06
    twoNec = 100944
    twoNnw = 162490
  twoNecnw = 12565.6
  twoNbecnw = 89125.7
        m2 = 0.00180928
        m4 = 0.00654985
        m5 = 0.149811
        m8 = 0.383532
        Th = 2943.62
        Tb = 32465.5
        Td = 1450.23
        Te = 725.113
DiffEv reached_goal. cost=2.31029e-03 spread=2.73356e-06
Fitted parameter values
Free:
       pc1 = 3.21635
       pc2 = -0.393453
       pc3 = 1.99478
       pc4 = -1.84351
       pc5 = -0.975647
       pc6 = 1.92647
       pc7 = -1.81327
       pc8 = 1.77105
       pc9 = 0.437236
      pc10 = 0.00406916
      pc11 = -0.224042
      pc12 = -0.0569218
      pc13 = -0.0788627
      pc14 = 0.0245392
      pc15 = -0.00343686
Constrained:
     Tecnw = 61717.5
       Tnw = 8.61671
       Tec = 5.32022
     twoNb = 2.75163e+06
     twoNe = 353221
     twoNc = 827495
     twoNw = 566970
    twoNec = 112508
    twoNnw = 180918
  twoNecnw = 12539.5
  twoNbecnw = 88949.5
        m2 = 0.00808412
        m4 = 0.00834713
        m5 = 0.142699
        m8 = 0.37185
        Th = 6.96846
        Tb = 30862.2
        Td = 2.66011
        Te = 1.33006
#       SitePat  BranchLen
              b 148514.0052947
              e 57921.8036312
              c 60697.6905181
              n 54951.8502655
              w 54951.6154740
            b:e 2710.8711741
            b:c 3180.2959239
            b:n 2268.5980433
            b:w 2268.5842615
            e:c 12493.3253803
            e:n 6528.1086224
            e:w 6528.2656449
            c:n 5767.1288074
            c:w 5767.1633139
            n:w 14623.8161761
          b:e:c 2550.8799022
          b:e:n 1327.0182055
          b:e:w 1327.0242760
          b:c:n 1327.8728494
          b:c:w 1327.8667722
          b:n:w 2547.9335717
          e:c:n 5307.5876544
          e:c:w 5307.6309169
          e:n:w 8199.4987991
          c:n:w 6915.9667060
        b:e:c:n 2269.9333870
        b:e:c:w 2269.9471753
        b:e:n:w 3147.9762192
        b:c:n:w 2706.5816816
        e:c:n:w 61855.5177490
