########################################
# legofit: estimate population history #
#       version 2.3.4-4-g53f8760       #
########################################

# Program was compiled: Sep 21 2021 14:36:42
# Program was run: Wed Oct 13 18:36:34 2021

# cmd: legofit -1 -d 0 -t 32 --ptsPerDim 3 --stateOut b1boot49.state --tol 3e-6 -S 5000 bdeh2.lgo ../../boot/boot49.opf
# Stage nOptItr nSimReps
#     0    5000        0
# algorithm          : deterministic
# ignoring probs <=  : 0
# Branch length floor: 0
# DE strategy        : 2
#    F               : 0.3
#    CR              : 0.8
#    tolerance       : 3e-06
# nthreads           : 32
# lgo input file     : bdeh2.lgo
# site pat input file: ../../boot/boot49.opf
# free parameters    : 15
# points in DE swarm : 45
# output state file  : b1boot49.state
# Including singleton site patterns.
# cost function      : KL
Initial parameter values
Fixed:
      zero = 0
       one = 1
    Tbecnw = 75200
Free:
       pc1 = 0
       pc2 = 0
       pc3 = 0
       pc4 = 0
       pc5 = 0
       pc6 = 0
       pc7 = 0
       pc8 = 0
       pc9 = 0
      pc10 = 0
      pc11 = 0
      pc12 = 0
      pc13 = 0
      pc14 = 0
      pc15 = 0
Constrained:
     Tecnw = 61987.3
       Tnw = 2986.79
       Tec = 2900.45
     twoNb = 1.45506e+06
     twoNe = 357045
     twoNc = 393614
     twoNw = 1.06018e+06
    twoNec = 100944
    twoNnw = 162490
  twoNecnw = 12565.6
  twoNbecnw = 89125.7
        m2 = 0.00180928
        m4 = 0.00654985
        m5 = 0.149811
        m8 = 0.383532
        Th = 2943.62
        Tb = 32465.5
        Td = 1450.23
        Te = 725.113
DiffEv reached_goal. cost=2.32145e-03 spread=2.53224e-06
Fitted parameter values
Free:
       pc1 = 3.03539
       pc2 = -1.29387
       pc3 = 1.91567
       pc4 = -1.9179
       pc5 = 0.361515
       pc6 = 1.94923
       pc7 = -1.95687
       pc8 = 1.49485
       pc9 = 0.182688
      pc10 = 0.0981118
      pc11 = 0.169213
      pc12 = 0.0519039
      pc13 = -0.0564112
      pc14 = -0.00493814
      pc15 = -0.00863992
Constrained:
     Tecnw = 61956.7
       Tnw = 57.6572
       Tec = 40.6808
     twoNb = 2.90032e+06
     twoNe = 305351
     twoNc = 219601
     twoNw = 783952
    twoNec = 109943
    twoNnw = 181493
  twoNecnw = 12349.4
  twoNbecnw = 89462.1
        m2 = 0.00836569
        m4 = 0.0084768
        m5 = 0.14143
        m8 = 0.378581
        Th = 49.169
        Tb = 31002.9
        Td = 20.3404
        Te = 10.1702
#       SitePat  BranchLen
              b 148912.7466662
              e 57978.8408731
              c 60726.0628283
              n 55061.7724810
              w 55060.7808431
            b:e 2730.4004504
            b:c 3200.0570451
            b:n 2287.7658536
            b:w 2287.7072782
            e:c 12537.8006333
            e:n 6571.6213221
            e:w 6572.3173268
            c:n 5821.7065796
            c:w 5821.8189244
            n:w 14603.0926200
          b:e:c 2563.4423934
          b:e:n 1338.9293867
          b:e:w 1338.9584736
          b:c:n 1339.7832855
          b:c:w 1339.7541708
          b:n:w 2560.5667266
          e:c:n 5337.3882136
          e:c:w 5337.5715019
          e:n:w 8223.0617875
          c:n:w 6947.4928094
        b:e:c:n 2289.0218098
        b:e:c:w 2289.0804131
        b:e:n:w 3168.7777330
        b:c:n:w 2726.2317100
        e:c:n:w 62096.0110776
