########################################
# legofit: estimate population history #
#       version 2.3.4-4-g53f8760       #
########################################

# Program was compiled: Sep 21 2021 14:36:42
# Program was run: Wed Oct 13 18:35:38 2021

# cmd: legofit -1 -d 0 -t 32 --ptsPerDim 3 --stateOut b1boot6.state --tol 3e-6 -S 5000 bdeh2.lgo ../../boot/boot6.opf
# Stage nOptItr nSimReps
#     0    5000        0
# algorithm          : deterministic
# ignoring probs <=  : 0
# Branch length floor: 0
# DE strategy        : 2
#    F               : 0.3
#    CR              : 0.8
#    tolerance       : 3e-06
# nthreads           : 32
# lgo input file     : bdeh2.lgo
# site pat input file: ../../boot/boot6.opf
# free parameters    : 15
# points in DE swarm : 45
# output state file  : b1boot6.state
# Including singleton site patterns.
# cost function      : KL
Initial parameter values
Fixed:
      zero = 0
       one = 1
    Tbecnw = 75200
Free:
       pc1 = 0
       pc2 = 0
       pc3 = 0
       pc4 = 0
       pc5 = 0
       pc6 = 0
       pc7 = 0
       pc8 = 0
       pc9 = 0
      pc10 = 0
      pc11 = 0
      pc12 = 0
      pc13 = 0
      pc14 = 0
      pc15 = 0
Constrained:
     Tecnw = 61987.3
       Tnw = 2986.79
       Tec = 2900.45
     twoNb = 1.45506e+06
     twoNe = 357045
     twoNc = 393614
     twoNw = 1.06018e+06
    twoNec = 100944
    twoNnw = 162490
  twoNecnw = 12565.6
  twoNbecnw = 89125.7
        m2 = 0.00180928
        m4 = 0.00654985
        m5 = 0.149811
        m8 = 0.383532
        Th = 2943.62
        Tb = 32465.5
        Td = 1450.23
        Te = 725.113
DiffEv reached_goal. cost=2.28066e-03 spread=2.80836e-06
Fitted parameter values
Free:
       pc1 = 3.25898
       pc2 = -1.697
       pc3 = 1.74201
       pc4 = -1.44249
       pc5 = 0.277123
       pc6 = 1.97108
       pc7 = -1.88281
       pc8 = 1.69617
       pc9 = -0.110976
      pc10 = -0.182195
      pc11 = -0.0304055
      pc12 = -0.0287551
      pc13 = -0.0911356
      pc14 = 0.0602504
      pc15 = 0.0129917
Constrained:
     Tecnw = 62107.5
       Tnw = 28.5785
       Tec = 27.227
     twoNb = 2.96626e+06
     twoNe = 269178
     twoNc = 461420
     twoNw = 846032
    twoNec = 111179
    twoNnw = 181825
  twoNecnw = 12150.3
  twoNbecnw = 89665.6
        m2 = 0.0078245
        m4 = 0.00909916
        m5 = 0.143285
        m8 = 0.376004
        Th = 27.9027
        Tb = 31067.7
        Td = 13.6135
        Te = 6.80675
#       SitePat  BranchLen
              b 149150.9149563
              e 58044.8955746
              c 60865.6241191
              n 55116.7888135
              w 55116.5274928
            b:e 2718.5357278
            b:c 3206.1885306
            b:n 2280.1559910
            b:w 2280.1406560
            e:c 12501.3589307
            e:n 6557.8575998
            e:w 6558.0972707
            c:n 5790.8498536
            c:w 5790.8241664
            n:w 14605.1774936
          b:e:c 2558.0262524
          b:e:n 1334.7428518
          b:e:w 1334.7560347
          b:c:n 1335.6145269
          b:c:w 1335.6013354
          b:n:w 2555.2456143
          e:c:n 5314.1482536
          e:c:w 5314.1955905
          e:n:w 8229.1838614
          c:n:w 6912.6365439
        b:e:c:n 2281.4458761
        b:e:c:w 2281.4612198
        b:e:n:w 3174.1279196
        b:c:n:w 2714.8577644
        e:c:n:w 62338.9822936
