########################################
# legofit: estimate population history #
#       version 2.3.4-4-g53f8760       #
########################################

# Program was compiled: Sep 21 2021 14:36:42
# Program was run: Wed Oct 13 18:36:25 2021

# cmd: legofit -1 -d 0 -t 32 --ptsPerDim 3 --stateOut b1boot47.state --tol 3e-6 -S 5000 bdeh2.lgo ../../boot/boot47.opf
# Stage nOptItr nSimReps
#     0    5000        0
# algorithm          : deterministic
# ignoring probs <=  : 0
# Branch length floor: 0
# DE strategy        : 2
#    F               : 0.3
#    CR              : 0.8
#    tolerance       : 3e-06
# nthreads           : 32
# lgo input file     : bdeh2.lgo
# site pat input file: ../../boot/boot47.opf
# free parameters    : 15
# points in DE swarm : 45
# output state file  : b1boot47.state
# Including singleton site patterns.
# cost function      : KL
Initial parameter values
Fixed:
      zero = 0
       one = 1
    Tbecnw = 75200
Free:
       pc1 = 0
       pc2 = 0
       pc3 = 0
       pc4 = 0
       pc5 = 0
       pc6 = 0
       pc7 = 0
       pc8 = 0
       pc9 = 0
      pc10 = 0
      pc11 = 0
      pc12 = 0
      pc13 = 0
      pc14 = 0
      pc15 = 0
Constrained:
     Tecnw = 61987.3
       Tnw = 2986.79
       Tec = 2900.45
     twoNb = 1.45506e+06
     twoNe = 357045
     twoNc = 393614
     twoNw = 1.06018e+06
    twoNec = 100944
    twoNnw = 162490
  twoNecnw = 12565.6
  twoNbecnw = 89125.7
        m2 = 0.00180928
        m4 = 0.00654985
        m5 = 0.149811
        m8 = 0.383532
        Th = 2943.62
        Tb = 32465.5
        Td = 1450.23
        Te = 725.113
DiffEv reached_goal. cost=2.29545e-03 spread=2.89100e-06
Fitted parameter values
Free:
       pc1 = 3.14498
       pc2 = -0.260459
       pc3 = 1.88205
       pc4 = -1.69752
       pc5 = 0.130788
       pc6 = 1.93556
       pc7 = -1.80967
       pc8 = 1.99933
       pc9 = 0.0793211
      pc10 = -0.153796
      pc11 = 0.111971
      pc12 = 0.0416593
      pc13 = -0.0486034
      pc14 = 0.0191237
      pc15 = 0.00297164
Constrained:
     Tecnw = 61668.2
       Tnw = 42.1287
       Tec = 18.3535
     twoNb = 2.87645e+06
     twoNe = 301418
     twoNc = 381469
     twoNw = 757603
    twoNec = 111558
    twoNnw = 181155
  twoNecnw = 12593.3
  twoNbecnw = 89221.8
        m2 = 0.00819473
        m4 = 0.00795503
        m5 = 0.148412
        m8 = 0.37264
        Th = 30.2411
        Tb = 30849.2
        Td = 9.17677
        Te = 4.58838
#       SitePat  BranchLen
              b 148740.1338225
              e 57848.5669352
              c 60691.4360481
              n 54955.2255911
              w 54954.1151299
            b:e 2714.5544862
            b:c 3185.9379283
            b:n 2278.6567274
            b:w 2278.5912165
            e:c 12498.8770302
            e:n 6565.5261670
            e:w 6566.2155109
            c:n 5781.9698561
            c:w 5782.1848420
            n:w 14596.4133446
          b:e:c 2554.2924175
          b:e:n 1333.7688407
          b:e:w 1333.7924318
          b:c:n 1334.5740285
          b:c:w 1334.5504094
          b:n:w 2551.5028653
          e:c:n 5332.8932426
          e:c:w 5333.0993741
          e:n:w 8223.1923836
          c:n:w 6920.6158734
        b:e:c:n 2279.8568800
        b:e:c:w 2279.9224190
        b:e:n:w 3156.0145490
        b:c:n:w 2710.3623185
        e:c:n:w 62045.9386728
