########################################
# legofit: estimate population history #
#       version 2.3.4-4-g53f8760       #
########################################

# Program was compiled: Sep 21 2021 14:36:42
# Program was run: Wed Oct 13 18:36:10 2021

# cmd: legofit -1 -d 0 -t 32 --ptsPerDim 3 --stateOut b1boot33.state --tol 3e-6 -S 5000 bdeh2.lgo ../../boot/boot33.opf
# Stage nOptItr nSimReps
#     0    5000        0
# algorithm          : deterministic
# ignoring probs <=  : 0
# Branch length floor: 0
# DE strategy        : 2
#    F               : 0.3
#    CR              : 0.8
#    tolerance       : 3e-06
# nthreads           : 32
# lgo input file     : bdeh2.lgo
# site pat input file: ../../boot/boot33.opf
# free parameters    : 15
# points in DE swarm : 45
# output state file  : b1boot33.state
# Including singleton site patterns.
# cost function      : KL
Initial parameter values
Fixed:
      zero = 0
       one = 1
    Tbecnw = 75200
Free:
       pc1 = 0
       pc2 = 0
       pc3 = 0
       pc4 = 0
       pc5 = 0
       pc6 = 0
       pc7 = 0
       pc8 = 0
       pc9 = 0
      pc10 = 0
      pc11 = 0
      pc12 = 0
      pc13 = 0
      pc14 = 0
      pc15 = 0
Constrained:
     Tecnw = 61987.3
       Tnw = 2986.79
       Tec = 2900.45
     twoNb = 1.45506e+06
     twoNe = 357045
     twoNc = 393614
     twoNw = 1.06018e+06
    twoNec = 100944
    twoNnw = 162490
  twoNecnw = 12565.6
  twoNbecnw = 89125.7
        m2 = 0.00180928
        m4 = 0.00654985
        m5 = 0.149811
        m8 = 0.383532
        Th = 2943.62
        Tb = 32465.5
        Td = 1450.23
        Te = 725.113
DiffEv reached_goal. cost=2.27259e-03 spread=2.88625e-06
Fitted parameter values
Free:
       pc1 = 3.23452
       pc2 = 0.156039
       pc3 = 1.97344
       pc4 = -1.98655
       pc5 = -0.0297259
       pc6 = 1.80493
       pc7 = -1.74407
       pc8 = 1.99813
       pc9 = -0.118722
      pc10 = -0.284705
      pc11 = 0.108639
      pc12 = 0.0405015
      pc13 = 0.0262825
      pc14 = 0.106436
      pc15 = 0.00721009
Constrained:
     Tecnw = 61409.9
       Tnw = 35.666
       Tec = 30.9834
     twoNb = 2.80475e+06
     twoNe = 365223
     twoNc = 335446
     twoNw = 688346
    twoNec = 112249
    twoNnw = 180991
  twoNecnw = 12727
  twoNbecnw = 89194.6
        m2 = 0.00827528
        m4 = 0.00813602
        m5 = 0.149445
        m8 = 0.370164
        Th = 33.3247
        Tb = 30721.6
        Td = 15.4917
        Te = 7.74586
#       SitePat  BranchLen
              b 148830.4641736
              e 57716.5396524
              c 60583.8334251
              n 54822.1803428
              w 54821.6672769
            b:e 2693.2326596
            b:c 3169.9016919
            b:n 2259.7724352
            b:w 2259.7424062
            e:c 12437.4960158
            e:n 6537.0361663
            e:w 6537.4588363
            c:n 5747.9722277
            c:w 5747.9689271
            n:w 14550.2165834
          b:e:c 2533.2995649
          b:e:n 1323.0031099
          b:e:w 1323.0241879
          b:c:n 1323.8369587
          b:c:w 1323.8158649
          b:n:w 2530.4051589
          e:c:n 5313.5796698
          e:c:w 5313.6733662
          e:n:w 8209.9273420
          c:n:w 6892.5750387
        b:e:c:n 2261.0550879
        b:e:c:w 2261.0851327
        b:e:n:w 3138.5328502
        b:c:n:w 2688.8506704
        e:c:n:w 62321.0783112
