########################################
# legofit: estimate population history #
#       version 2.3.4-4-g53f8760       #
########################################

# Program was compiled: Sep 21 2021 14:36:42
# Program was run: Wed Oct 13 18:36:25 2021

# cmd: legofit -1 -d 0 -t 32 --ptsPerDim 3 --stateOut b1boot45.state --tol 3e-6 -S 5000 bdeh2.lgo ../../boot/boot45.opf
# Stage nOptItr nSimReps
#     0    5000        0
# algorithm          : deterministic
# ignoring probs <=  : 0
# Branch length floor: 0
# DE strategy        : 2
#    F               : 0.3
#    CR              : 0.8
#    tolerance       : 3e-06
# nthreads           : 32
# lgo input file     : bdeh2.lgo
# site pat input file: ../../boot/boot45.opf
# free parameters    : 15
# points in DE swarm : 45
# output state file  : b1boot45.state
# Including singleton site patterns.
# cost function      : KL
Initial parameter values
Fixed:
      zero = 0
       one = 1
    Tbecnw = 75200
Free:
       pc1 = 0
       pc2 = 0
       pc3 = 0
       pc4 = 0
       pc5 = 0
       pc6 = 0
       pc7 = 0
       pc8 = 0
       pc9 = 0
      pc10 = 0
      pc11 = 0
      pc12 = 0
      pc13 = 0
      pc14 = 0
      pc15 = 0
Constrained:
     Tecnw = 61987.3
       Tnw = 2986.79
       Tec = 2900.45
     twoNb = 1.45506e+06
     twoNe = 357045
     twoNc = 393614
     twoNw = 1.06018e+06
    twoNec = 100944
    twoNnw = 162490
  twoNecnw = 12565.6
  twoNbecnw = 89125.7
        m2 = 0.00180928
        m4 = 0.00654985
        m5 = 0.149811
        m8 = 0.383532
        Th = 2943.62
        Tb = 32465.5
        Td = 1450.23
        Te = 725.113
DiffEv reached_goal. cost=2.33782e-03 spread=2.47437e-06
Fitted parameter values
Free:
       pc1 = 3.05735
       pc2 = -1.09322
       pc3 = 1.80091
       pc4 = -1.95815
       pc5 = -0.041717
       pc6 = 1.95597
       pc7 = -1.8956
       pc8 = 1.68393
       pc9 = 0.347726
      pc10 = -0.505079
      pc11 = 0.0405755
      pc12 = -0.000871789
      pc13 = 0.0124696
      pc14 = 0.0460809
      pc15 = -0.00135167
Constrained:
     Tecnw = 61922.8
       Tnw = 24.5899
       Tec = 1.32675
     twoNb = 2.82733e+06
     twoNe = 349722
     twoNc = 417341
     twoNw = 686630
    twoNec = 109361
    twoNnw = 181296
  twoNecnw = 12286
  twoNbecnw = 89293.7
        m2 = 0.00840728
        m4 = 0.00921355
        m5 = 0.145708
        m8 = 0.376967
        Th = 12.9583
        Tb = 30967.9
        Td = 0.663377
        Te = 0.331688
#       SitePat  BranchLen
              b 148884.0949503
              e 57812.8556603
              c 60671.6137150
              n 54957.1720603
              w 54956.1358914
            b:e 2697.8658592
            b:c 3192.0136977
            b:n 2264.1544816
            b:w 2264.0937217
            e:c 12509.7348080
            e:n 6555.5165738
            e:w 6556.0935845
            c:n 5778.0107717
            c:w 5778.2774296
            n:w 14564.7634523
          b:e:c 2540.2705153
          b:e:n 1324.4265463
          b:e:w 1324.4418823
          b:c:n 1325.3498211
          b:c:w 1325.3344574
          b:n:w 2537.2243307
          e:c:n 5299.7495227
          e:c:w 5299.9420230
          e:n:w 8221.8220165
          c:n:w 6886.4224491
        b:e:c:n 2265.5003245
        b:e:c:w 2265.5611122
        b:e:n:w 3157.6682967
        b:c:n:w 2693.6680780
        e:c:n:w 62230.2193497
