########################################
# legofit: estimate population history #
#       version 2.3.4-4-g53f8760       #
########################################

# Program was compiled: Sep 21 2021 14:36:42
# Program was run: Wed Oct 13 18:36:03 2021

# cmd: legofit -1 -d 0 -t 32 --ptsPerDim 3 --stateOut b1boot30.state --tol 3e-6 -S 5000 bdeh2.lgo ../../boot/boot30.opf
# Stage nOptItr nSimReps
#     0    5000        0
# algorithm          : deterministic
# ignoring probs <=  : 0
# Branch length floor: 0
# DE strategy        : 2
#    F               : 0.3
#    CR              : 0.8
#    tolerance       : 3e-06
# nthreads           : 32
# lgo input file     : bdeh2.lgo
# site pat input file: ../../boot/boot30.opf
# free parameters    : 15
# points in DE swarm : 45
# output state file  : b1boot30.state
# Including singleton site patterns.
# cost function      : KL
Initial parameter values
Fixed:
      zero = 0
       one = 1
    Tbecnw = 75200
Free:
       pc1 = 0
       pc2 = 0
       pc3 = 0
       pc4 = 0
       pc5 = 0
       pc6 = 0
       pc7 = 0
       pc8 = 0
       pc9 = 0
      pc10 = 0
      pc11 = 0
      pc12 = 0
      pc13 = 0
      pc14 = 0
      pc15 = 0
Constrained:
     Tecnw = 61987.3
       Tnw = 2986.79
       Tec = 2900.45
     twoNb = 1.45506e+06
     twoNe = 357045
     twoNc = 393614
     twoNw = 1.06018e+06
    twoNec = 100944
    twoNnw = 162490
  twoNecnw = 12565.6
  twoNbecnw = 89125.7
        m2 = 0.00180928
        m4 = 0.00654985
        m5 = 0.149811
        m8 = 0.383532
        Th = 2943.62
        Tb = 32465.5
        Td = 1450.23
        Te = 725.113
DiffEv reached_goal. cost=2.32465e-03 spread=2.81184e-06
Fitted parameter values
Free:
       pc1 = 3.27048
       pc2 = -0.904613
       pc3 = 1.98464
       pc4 = -1.85998
       pc5 = 0.202931
       pc6 = 1.9128
       pc7 = -1.52576
       pc8 = 1.93807
       pc9 = -0.256759
      pc10 = -0.330011
      pc11 = 0.0180283
      pc12 = 0.0269634
      pc13 = -0.00982247
      pc14 = 0.0214805
      pc15 = 0.0334
Constrained:
     Tecnw = 61755.8
       Tnw = 17.2225
       Tec = 13.6316
     twoNb = 2.98791e+06
     twoNe = 412186
     twoNc = 354611
     twoNw = 803350
    twoNec = 111645
    twoNnw = 180602
  twoNecnw = 12464.4
  twoNbecnw = 89468.8
        m2 = 0.00797698
        m4 = 0.00905223
        m5 = 0.146375
        m8 = 0.372586
        Th = 15.427
        Tb = 30885.6
        Td = 6.81579
        Te = 3.4079
#       SitePat  BranchLen
              b 148995.0200618
              e 57862.9159002
              c 60744.0745511
              n 54921.7893098
              w 54921.5408378
            b:e 2710.8579974
            b:c 3204.0300620
            b:n 2271.7410483
            b:w 2271.7264501
            e:c 12495.5183271
            e:n 6555.5517026
            e:w 6555.7403106
            c:n 5771.3405004
            c:w 5771.3547811
            n:w 14627.7744897
          b:e:c 2553.5230391
          b:e:n 1329.8512322
          b:e:w 1329.8598847
          b:c:n 1330.7068092
          b:c:w 1330.6981494
          b:n:w 2550.7338280
          e:c:n 5315.4597783
          e:c:w 5315.5053616
          e:n:w 8258.1123100
          c:n:w 6915.7998123
        b:e:c:n 2273.0265498
        b:e:c:w 2273.0411553
        b:e:n:w 3172.1915061
        b:c:n:w 2707.0761783
        e:c:n:w 62302.9288967
