########################################
# legofit: estimate population history #
#       version 2.3.4-4-g53f8760       #
########################################

# Program was compiled: Sep 21 2021 14:36:42
# Program was run: Wed Oct 13 18:35:44 2021

# cmd: legofit -1 -d 0 -t 32 --ptsPerDim 3 --stateOut b1boot10.state --tol 3e-6 -S 5000 bdeh2.lgo ../../boot/boot10.opf
# Stage nOptItr nSimReps
#     0    5000        0
# algorithm          : deterministic
# ignoring probs <=  : 0
# Branch length floor: 0
# DE strategy        : 2
#    F               : 0.3
#    CR              : 0.8
#    tolerance       : 3e-06
# nthreads           : 32
# lgo input file     : bdeh2.lgo
# site pat input file: ../../boot/boot10.opf
# free parameters    : 15
# points in DE swarm : 45
# output state file  : b1boot10.state
# Including singleton site patterns.
# cost function      : KL
Initial parameter values
Fixed:
      zero = 0
       one = 1
    Tbecnw = 75200
Free:
       pc1 = 0
       pc2 = 0
       pc3 = 0
       pc4 = 0
       pc5 = 0
       pc6 = 0
       pc7 = 0
       pc8 = 0
       pc9 = 0
      pc10 = 0
      pc11 = 0
      pc12 = 0
      pc13 = 0
      pc14 = 0
      pc15 = 0
Constrained:
     Tecnw = 61987.3
       Tnw = 2986.79
       Tec = 2900.45
     twoNb = 1.45506e+06
     twoNe = 357045
     twoNc = 393614
     twoNw = 1.06018e+06
    twoNec = 100944
    twoNnw = 162490
  twoNecnw = 12565.6
  twoNbecnw = 89125.7
        m2 = 0.00180928
        m4 = 0.00654985
        m5 = 0.149811
        m8 = 0.383532
        Th = 2943.62
        Tb = 32465.5
        Td = 1450.23
        Te = 725.113
DiffEv reached_goal. cost=2.29976e-03 spread=2.94345e-06
Fitted parameter values
Free:
       pc1 = 3.01454
       pc2 = -2.27504
       pc3 = 1.98917
       pc4 = -1.4022
       pc5 = 0.785241
       pc6 = 1.76999
       pc7 = -1.88478
       pc8 = 1.6219
       pc9 = -0.238679
      pc10 = -0.266655
      pc11 = 0.0636169
      pc12 = 0.046073
      pc13 = 0.0365765
      pc14 = 0.0044406
      pc15 = 0.0421812
Constrained:
     Tecnw = 62186.4
       Tnw = 29.3791
       Tec = 11.1023
     twoNb = 3.09323e+06
     twoNe = 219716
     twoNc = 181115
     twoNw = 946627
    twoNec = 109624
    twoNnw = 180402
  twoNecnw = 12065.6
  twoNbecnw = 89827.2
        m2 = 0.00743128
        m4 = 0.00990526
        m5 = 0.14184
        m8 = 0.379426
        Th = 20.2407
        Tb = 31103.3
        Td = 5.55113
        Te = 2.77557
#       SitePat  BranchLen
              b 149324.2904015
              e 57944.0358429
              c 60791.9584465
              n 54992.3201306
              w 54991.6609489
            b:e 2714.1128796
            b:c 3217.3095928
            b:n 2274.4975700
            b:w 2274.4587763
            e:c 12524.7613239
            e:n 6574.0046116
            e:w 6574.4003026
            c:n 5807.7965520
            c:w 5807.9377019
            n:w 14635.4742249
          b:e:c 2556.5047636
          b:e:n 1331.9173014
          b:e:w 1331.9299296
          b:c:n 1332.8191833
          b:c:w 1332.8065381
          b:n:w 2553.8128093
          e:c:n 5306.6345087
          e:c:w 5306.7568495
          e:n:w 8267.1981546
          c:n:w 6920.6333766
        b:e:c:n 2275.7521813
        b:e:c:w 2275.7909921
        b:e:n:w 3184.6014058
        b:c:n:w 2710.9390369
        e:c:n:w 62523.1423146
