########################################
# legofit: estimate population history #
#       version 2.3.4-4-g53f8760       #
########################################

# Program was compiled: Sep 21 2021 14:36:42
# Program was run: Wed Oct 13 18:35:26 2021

# cmd: legofit -1 -d 0 -t 32 --ptsPerDim 3 --stateOut b1boot4.state --tol 3e-6 -S 5000 bdeh2.lgo ../../boot/boot4.opf
# Stage nOptItr nSimReps
#     0    5000        0
# algorithm          : deterministic
# ignoring probs <=  : 0
# Branch length floor: 0
# DE strategy        : 2
#    F               : 0.3
#    CR              : 0.8
#    tolerance       : 3e-06
# nthreads           : 32
# lgo input file     : bdeh2.lgo
# site pat input file: ../../boot/boot4.opf
# free parameters    : 15
# points in DE swarm : 45
# output state file  : b1boot4.state
# Including singleton site patterns.
# cost function      : KL
Initial parameter values
Fixed:
      zero = 0
       one = 1
    Tbecnw = 75200
Free:
       pc1 = 0
       pc2 = 0
       pc3 = 0
       pc4 = 0
       pc5 = 0
       pc6 = 0
       pc7 = 0
       pc8 = 0
       pc9 = 0
      pc10 = 0
      pc11 = 0
      pc12 = 0
      pc13 = 0
      pc14 = 0
      pc15 = 0
Constrained:
     Tecnw = 61987.3
       Tnw = 2986.79
       Tec = 2900.45
     twoNb = 1.45506e+06
     twoNe = 357045
     twoNc = 393614
     twoNw = 1.06018e+06
    twoNec = 100944
    twoNnw = 162490
  twoNecnw = 12565.6
  twoNbecnw = 89125.7
        m2 = 0.00180928
        m4 = 0.00654985
        m5 = 0.149811
        m8 = 0.383532
        Th = 2943.62
        Tb = 32465.5
        Td = 1450.23
        Te = 725.113
DiffEv reached_goal. cost=2.32669e-03 spread=2.77098e-06
Fitted parameter values
Free:
       pc1 = 3.25749
       pc2 = -1.03968
       pc3 = 1.74503
       pc4 = -1.60481
       pc5 = 0.408978
       pc6 = 1.84619
       pc7 = -1.81446
       pc8 = 1.44483
       pc9 = 0.0457061
      pc10 = -0.493509
      pc11 = 0.00826053
      pc12 = -0.0717014
      pc13 = -0.0599735
      pc14 = 0.0709744
      pc15 = -0.00587996
Constrained:
     Tecnw = 61922.9
       Tnw = 26.4301
       Tec = 23.0244
     twoNb = 2.70838e+06
     twoNe = 303719
     twoNc = 302061
     twoNw = 849818
    twoNec = 110346
    twoNnw = 182123
  twoNecnw = 12285.5
  twoNbecnw = 89479.4
        m2 = 0.00820465
        m4 = 0.00912787
        m5 = 0.146214
        m8 = 0.374723
        Th = 24.7273
        Tb = 30973.8
        Td = 11.5122
        Te = 5.7561
#       SitePat  BranchLen
              b 149024.4854006
              e 57902.5505402
              c 60764.1989918
              n 55059.3664475
              w 55059.0626433
            b:e 2703.5229719
            b:c 3198.1964373
            b:n 2272.6147868
            b:w 2272.5969874
            e:c 12507.6192789
            e:n 6549.7594019
            e:w 6550.0091423
            c:n 5769.8223539
            c:w 5769.8210735
            n:w 14565.2051200
          b:e:c 2547.9026957
          b:e:n 1328.8560565
          b:e:w 1328.8684951
          b:c:n 1329.8099085
          b:c:w 1329.7974595
          b:n:w 2544.7735838
          e:c:n 5311.1184476
          e:c:w 5311.1737917
          e:n:w 8219.4764626
          c:n:w 6884.8798377
        b:e:c:n 2274.0495599
        b:e:c:w 2274.0673698
        b:e:n:w 3162.7252391
        b:c:n:w 2699.2422474
        e:c:n:w 62319.8097461
