########################################
# legofit: estimate population history #
#       version 2.3.4-4-g53f8760       #
########################################

# Program was compiled: Sep 21 2021 14:36:42
# Program was run: Wed Oct 13 18:36:10 2021

# cmd: legofit -1 -d 0 -t 32 --ptsPerDim 3 --stateOut b1boot37.state --tol 3e-6 -S 5000 bdeh2.lgo ../../boot/boot37.opf
# Stage nOptItr nSimReps
#     0    5000        0
# algorithm          : deterministic
# ignoring probs <=  : 0
# Branch length floor: 0
# DE strategy        : 2
#    F               : 0.3
#    CR              : 0.8
#    tolerance       : 3e-06
# nthreads           : 32
# lgo input file     : bdeh2.lgo
# site pat input file: ../../boot/boot37.opf
# free parameters    : 15
# points in DE swarm : 45
# output state file  : b1boot37.state
# Including singleton site patterns.
# cost function      : KL
Initial parameter values
Fixed:
      zero = 0
       one = 1
    Tbecnw = 75200
Free:
       pc1 = 0
       pc2 = 0
       pc3 = 0
       pc4 = 0
       pc5 = 0
       pc6 = 0
       pc7 = 0
       pc8 = 0
       pc9 = 0
      pc10 = 0
      pc11 = 0
      pc12 = 0
      pc13 = 0
      pc14 = 0
      pc15 = 0
Constrained:
     Tecnw = 61987.3
       Tnw = 2986.79
       Tec = 2900.45
     twoNb = 1.45506e+06
     twoNe = 357045
     twoNc = 393614
     twoNw = 1.06018e+06
    twoNec = 100944
    twoNnw = 162490
  twoNecnw = 12565.6
  twoNbecnw = 89125.7
        m2 = 0.00180928
        m4 = 0.00654985
        m5 = 0.149811
        m8 = 0.383532
        Th = 2943.62
        Tb = 32465.5
        Td = 1450.23
        Te = 725.113
DiffEv reached_goal. cost=2.33335e-03 spread=2.48024e-06
Fitted parameter values
Free:
       pc1 = 3.23123
       pc2 = -2.37158
       pc3 = 1.90199
       pc4 = -1.89438
       pc5 = -0.254694
       pc6 = 1.85727
       pc7 = -1.6005
       pc8 = 1.97069
       pc9 = -0.478125
      pc10 = 0.0794221
      pc11 = 0.185889
      pc12 = -0.0459909
      pc13 = -0.0104831
      pc14 = 0.0973704
      pc15 = -0.0248564
Constrained:
     Tecnw = 62051.2
       Tnw = 9.87909
       Tec = 3.37959
     twoNb = 3.26724e+06
     twoNe = 436505
     twoNc = 580592
     twoNw = 713737
    twoNec = 110545
    twoNnw = 181880
  twoNecnw = 12127.8
  twoNbecnw = 89873.7
        m2 = 0.00696552
        m4 = 0.00957697
        m5 = 0.138571
        m8 = 0.37725
        Th = 6.62934
        Tb = 31028.9
        Td = 1.6898
        Te = 0.844898
#       SitePat  BranchLen
              b 149433.9413663
              e 57965.3939613
              c 60729.3438878
              n 55066.6307601
              w 55066.3280989
            b:e 2701.1290329
            b:c 3186.4534603
            b:n 2272.4581552
            b:w 2272.4403859
            e:c 12517.2993254
            e:n 6529.4752121
            e:w 6529.6542263
            c:n 5784.5172291
            c:w 5784.5848615
            n:w 14583.1615607
          b:e:c 2549.1770700
          b:e:n 1328.0628850
          b:e:w 1328.0684004
          b:c:n 1328.8802504
          b:c:w 1328.8747280
          b:n:w 2546.7510176
          e:c:n 5308.9646706
          e:c:w 5309.0206851
          e:n:w 8195.2515625
          c:n:w 6892.6790012
        b:e:c:n 2273.6136595
        b:e:c:w 2273.6314359
        b:e:n:w 3156.5943008
        b:c:n:w 2698.2961630
        e:c:n:w 62713.0358833
