########################################
# legofit: estimate population history #
#       version 2.3.4-4-g53f8760       #
########################################

# Program was compiled: Sep 21 2021 14:36:42
# Program was run: Wed Oct 13 18:35:57 2021

# cmd: legofit -1 -d 0 -t 32 --ptsPerDim 3 --stateOut b1boot22.state --tol 3e-6 -S 5000 bdeh2.lgo ../../boot/boot22.opf
# Stage nOptItr nSimReps
#     0    5000        0
# algorithm          : deterministic
# ignoring probs <=  : 0
# Branch length floor: 0
# DE strategy        : 2
#    F               : 0.3
#    CR              : 0.8
#    tolerance       : 3e-06
# nthreads           : 32
# lgo input file     : bdeh2.lgo
# site pat input file: ../../boot/boot22.opf
# free parameters    : 15
# points in DE swarm : 45
# output state file  : b1boot22.state
# Including singleton site patterns.
# cost function      : KL
Initial parameter values
Fixed:
      zero = 0
       one = 1
    Tbecnw = 75200
Free:
       pc1 = 0
       pc2 = 0
       pc3 = 0
       pc4 = 0
       pc5 = 0
       pc6 = 0
       pc7 = 0
       pc8 = 0
       pc9 = 0
      pc10 = 0
      pc11 = 0
      pc12 = 0
      pc13 = 0
      pc14 = 0
      pc15 = 0
Constrained:
     Tecnw = 61987.3
       Tnw = 2986.79
       Tec = 2900.45
     twoNb = 1.45506e+06
     twoNe = 357045
     twoNc = 393614
     twoNw = 1.06018e+06
    twoNec = 100944
    twoNnw = 162490
  twoNecnw = 12565.6
  twoNbecnw = 89125.7
        m2 = 0.00180928
        m4 = 0.00654985
        m5 = 0.149811
        m8 = 0.383532
        Th = 2943.62
        Tb = 32465.5
        Td = 1450.23
        Te = 725.113
DiffEv reached_goal. cost=2.29889e-03 spread=1.99947e-06
Fitted parameter values
Free:
       pc1 = 3.32287
       pc2 = -1.66845
       pc3 = 1.98964
       pc4 = -1.97971
       pc5 = 0.375901
       pc6 = 1.8011
       pc7 = -0.842161
       pc8 = 1.72154
       pc9 = -0.588968
      pc10 = -0.00732264
      pc11 = 0.345324
      pc12 = 0.0934605
      pc13 = -0.0899625
      pc14 = -0.00785484
      pc15 = -0.0106545
Constrained:
     Tecnw = 61870.7
       Tnw = 59.7897
       Tec = 5.92332
     twoNb = 3.10276e+06
     twoNe = 625569
     twoNc = 278385
     twoNw = 929114
    twoNec = 111197
    twoNnw = 181506
  twoNecnw = 12433.2
  twoNbecnw = 89782.5
        m2 = 0.00701631
        m4 = 0.00922922
        m5 = 0.141774
        m8 = 0.375904
        Th = 32.8565
        Tb = 30951.8
        Td = 2.96166
        Te = 1.48083
#       SitePat  BranchLen
              b 149172.6457351
              e 57995.4809653
              c 60796.6885146
              n 55092.1560064
              w 55090.3744802
            b:e 2730.5175672
            b:c 3216.9013215
            b:n 2298.3016809
            b:w 2298.1958700
            e:c 12552.1305412
            e:n 6573.0646648
            e:w 6574.0603353
            c:n 5814.2451093
            c:w 5814.6981389
            n:w 14634.6537307
          b:e:c 2574.9179168
          b:e:n 1344.4520650
          b:e:w 1344.4792003
          b:c:n 1345.3143839
          b:c:w 1345.2872068
          b:n:w 2572.3836283
          e:c:n 5358.2784138
          e:c:w 5358.6112400
          e:n:w 8257.3148210
          c:n:w 6945.1858973
        b:e:c:n 2299.4187994
        b:e:c:w 2299.5246521
        b:e:n:w 3186.4329348
        b:c:n:w 2727.4819814
        e:c:n:w 62307.5708266
