########################################
# legofit: estimate population history #
#       version 2.3.4-4-g53f8760       #
########################################

# Program was compiled: Sep 21 2021 14:36:42
# Program was run: Wed Oct 13 18:36:25 2021

# cmd: legofit -1 -d 0 -t 32 --ptsPerDim 3 --stateOut b1boot48.state --tol 3e-6 -S 5000 bdeh2.lgo ../../boot/boot48.opf
# Stage nOptItr nSimReps
#     0    5000        0
# algorithm          : deterministic
# ignoring probs <=  : 0
# Branch length floor: 0
# DE strategy        : 2
#    F               : 0.3
#    CR              : 0.8
#    tolerance       : 3e-06
# nthreads           : 32
# lgo input file     : bdeh2.lgo
# site pat input file: ../../boot/boot48.opf
# free parameters    : 15
# points in DE swarm : 45
# output state file  : b1boot48.state
# Including singleton site patterns.
# cost function      : KL
Initial parameter values
Fixed:
      zero = 0
       one = 1
    Tbecnw = 75200
Free:
       pc1 = 0
       pc2 = 0
       pc3 = 0
       pc4 = 0
       pc5 = 0
       pc6 = 0
       pc7 = 0
       pc8 = 0
       pc9 = 0
      pc10 = 0
      pc11 = 0
      pc12 = 0
      pc13 = 0
      pc14 = 0
      pc15 = 0
Constrained:
     Tecnw = 61987.3
       Tnw = 2986.79
       Tec = 2900.45
     twoNb = 1.45506e+06
     twoNe = 357045
     twoNc = 393614
     twoNw = 1.06018e+06
    twoNec = 100944
    twoNnw = 162490
  twoNecnw = 12565.6
  twoNbecnw = 89125.7
        m2 = 0.00180928
        m4 = 0.00654985
        m5 = 0.149811
        m8 = 0.383532
        Th = 2943.62
        Tb = 32465.5
        Td = 1450.23
        Te = 725.113
DiffEv reached_goal. cost=2.32386e-03 spread=2.52636e-06
Fitted parameter values
Free:
       pc1 = 3.20257
       pc2 = -1.24397
       pc3 = 1.91767
       pc4 = -1.92222
       pc5 = 0.436912
       pc6 = 1.83381
       pc7 = -1.76057
       pc8 = 1.92313
       pc9 = -0.294532
      pc10 = -0.308376
      pc11 = 0.188614
      pc12 = 0.128382
      pc13 = -0.0653702
      pc14 = 0.0456359
      pc15 = 0.0238309
Constrained:
     Tecnw = 61855.5
       Tnw = 37.6519
       Tec = 18.7818
     twoNb = 3.04209e+06
     twoNe = 361414
     twoNc = 204315
     twoNw = 791295
    twoNec = 111248
    twoNnw = 181653
  twoNecnw = 12409.2
  twoNbecnw = 89634.1
        m2 = 0.00795202
        m4 = 0.00914764
        m5 = 0.145935
        m8 = 0.375566
        Th = 28.2169
        Tb = 30941.8
        Td = 9.3909
        Te = 4.69545
#       SitePat  BranchLen
              b 149081.2391395
              e 57954.7157929
              c 60818.6099567
              n 55040.8776813
              w 55039.9979451
            b:e 2723.5271998
            b:c 3216.7592618
            b:n 2285.9833077
            b:w 2285.9313155
            e:c 12488.2555574
            e:n 6579.7107935
            e:w 6580.2678371
            c:n 5801.1903346
            c:w 5801.3498352
            n:w 14595.4438107
          b:e:c 2559.3956154
          b:e:n 1339.5634864
          b:e:w 1339.5832954
          b:c:n 1340.4288062
          b:c:w 1340.4089741
          b:n:w 2556.6503731
          e:c:n 5337.0758416
          e:c:w 5337.2390335
          e:n:w 8265.8165497
          c:n:w 6929.8153970
        b:e:c:n 2287.2210759
        b:e:c:w 2287.2730912
        b:e:n:w 3185.2453227
        b:c:n:w 2719.8677119
        e:c:n:w 62284.1874842
