########################################
# legofit: estimate population history #
#       version 2.3.4-4-g53f8760       #
########################################

# Program was compiled: Sep 21 2021 14:36:42
# Program was run: Wed Oct 13 18:36:16 2021

# cmd: legofit -1 -d 0 -t 32 --ptsPerDim 3 --stateOut b1boot40.state --tol 3e-6 -S 5000 bdeh2.lgo ../../boot/boot40.opf
# Stage nOptItr nSimReps
#     0    5000        0
# algorithm          : deterministic
# ignoring probs <=  : 0
# Branch length floor: 0
# DE strategy        : 2
#    F               : 0.3
#    CR              : 0.8
#    tolerance       : 3e-06
# nthreads           : 32
# lgo input file     : bdeh2.lgo
# site pat input file: ../../boot/boot40.opf
# free parameters    : 15
# points in DE swarm : 45
# output state file  : b1boot40.state
# Including singleton site patterns.
# cost function      : KL
Initial parameter values
Fixed:
      zero = 0
       one = 1
    Tbecnw = 75200
Free:
       pc1 = 0
       pc2 = 0
       pc3 = 0
       pc4 = 0
       pc5 = 0
       pc6 = 0
       pc7 = 0
       pc8 = 0
       pc9 = 0
      pc10 = 0
      pc11 = 0
      pc12 = 0
      pc13 = 0
      pc14 = 0
      pc15 = 0
Constrained:
     Tecnw = 61987.3
       Tnw = 2986.79
       Tec = 2900.45
     twoNb = 1.45506e+06
     twoNe = 357045
     twoNc = 393614
     twoNw = 1.06018e+06
    twoNec = 100944
    twoNnw = 162490
  twoNecnw = 12565.6
  twoNbecnw = 89125.7
        m2 = 0.00180928
        m4 = 0.00654985
        m5 = 0.149811
        m8 = 0.383532
        Th = 2943.62
        Tb = 32465.5
        Td = 1450.23
        Te = 725.113
DiffEv reached_goal. cost=2.30562e-03 spread=2.99623e-06
Fitted parameter values
Free:
       pc1 = 3.09614
       pc2 = -1.70333
       pc3 = 1.87219
       pc4 = -1.63356
       pc5 = -0.645241
       pc6 = 1.9948
       pc7 = -1.36189
       pc8 = 1.41786
       pc9 = -0.104232
      pc10 = -0.723348
      pc11 = 0.230371
      pc12 = -0.006577
      pc13 = -0.0630029
      pc14 = 0.0287314
      pc15 = -0.0187013
Constrained:
     Tecnw = 61946.3
       Tnw = 80.8506
       Tec = 79.5849
     twoNb = 2.81247e+06
     twoNe = 473142
     twoNc = 880893
     twoNw = 754441
    twoNec = 108278
    twoNnw = 181976
  twoNecnw = 12296.7
  twoNbecnw = 89540.2
        m2 = 0.00734195
        m4 = 0.0103522
        m5 = 0.143158
        m8 = 0.378212
        Th = 80.2178
        Tb = 31013.3
        Td = 39.7924
        Te = 19.8962
#       SitePat  BranchLen
              b 149037.5279186
              e 57861.8816636
              c 60730.3307342
              n 55080.8274698
              w 55080.0792854
            b:e 2701.4402393
            b:c 3215.6501027
            b:n 2281.4695419
            b:w 2281.4256262
            e:c 12561.4994057
            e:n 6561.4591363
            e:w 6562.1845007
            c:n 5791.0175886
            c:w 5790.9050458
            n:w 14566.0038649
          b:e:c 2555.2032756
          b:e:n 1332.4663728
          b:e:w 1332.5080183
          b:c:n 1333.5291003
          b:c:w 1333.4874252
          b:n:w 2552.1991923
          e:c:n 5328.4965235
          e:c:w 5328.6318864
          e:n:w 8245.6905976
          c:n:w 6883.1589122
        b:e:c:n 2282.8875492
        b:e:c:w 2282.9314944
        b:e:n:w 3178.5231944
        b:c:n:w 2698.0748139
        e:c:n:w 62283.5200073
