########################################
# legofit: estimate population history #
#       version 2.3.4-4-g53f8760       #
########################################

# Program was compiled: Sep 21 2021 14:36:42
# Program was run: Sun Sep 26 02:07:31 2021

# cmd: legofit -1 -d 0 -t 32 --ptsPerDim 3 --stateOut b1boot42.state --tol 3e-6 -S 5000 abdf2.lgo ../../chrX/boot_chrX/boot42.opf
# Stage nOptItr nSimReps
#     0    5000        0
# algorithm          : deterministic
# ignoring probs <=  : 0
# Branch length floor: 0
# DE strategy        : 2
#    F               : 0.3
#    CR              : 0.8
#    tolerance       : 3e-06
# nthreads           : 32
# lgo input file     : abdf2.lgo
# site pat input file: ../../chrX/boot_chrX/boot42.opf
# free parameters    : 16
# points in DE swarm : 48
# output state file  : b1boot42.state
# Including singleton site patterns.
# cost function      : KL
Initial parameter values
Fixed:
      zero = 0
       one = 1
    Tbecnw = 75200
Free:
       pc1 = 0
       pc2 = 0
       pc3 = 0
       pc4 = 0
       pc5 = 0
       pc6 = 0
       pc7 = 0
       pc8 = 0
       pc9 = 0
      pc10 = 0
      pc11 = 0
      pc12 = 0
      pc13 = 0
      pc14 = 0
      pc15 = 0
      pc16 = 0
Constrained:
   Tgbecnw = 120307
     Tecnw = 24726.9
       Tnw = 9689.9
       Tec = 9735.46
     twoNb = 646085
     twoNc = 803723
     twoNw = 2.70827e+06
    twoNec = 91377.9
    twoNnw = 82497.5
  twoNecnw = 62974.7
  twoNbecnw = 14603.5
  twoNgbecnw = 226898
         m = 0.130363
        m2 = 0.0154406
        m4 = 0.0158249
        m6 = 7.76044e-07
        Tb = 17231.2
        Ta = 46215.6
        Td = 4867.73
        Tf = 4844.95
DiffEv reached_goal. cost=2.41295e-03 spread=2.98317e-06
Fitted parameter values
Free:
       pc1 = 1.71909
       pc2 = 1.90366
       pc3 = -0.34263
       pc4 = 2.11332
       pc5 = 1.43998
       pc6 = 1.01398
       pc7 = 1.34311
       pc8 = -1.92631
       pc9 = 0.454737
      pc10 = -1.82958
      pc11 = -0.0120101
      pc12 = 0.255362
      pc13 = -0.029542
      pc14 = 0.201498
      pc15 = 0.21942
      pc16 = -0.00573937
Constrained:
   Tgbecnw = 100867
     Tecnw = 24503.9
       Tnw = 6759.79
       Tec = 6762.52
     twoNb = 662867
     twoNc = 1.27892e+06
     twoNw = 2.06211e+06
    twoNec = 113993
    twoNnw = 101908
  twoNecnw = 57684.2
  twoNbecnw = 8626.18
  twoNgbecnw = 285160
         m = 0.0936063
        m2 = 0.0147857
        m4 = 0.0167647
        m6 = 2.95773e-06
        Tb = 15633.2
        Ta = 45416.6
        Td = 3381.26
        Tf = 3379.9
#       SitePat  BranchLen
              b 117714.0994012
              e 44579.9353218
              c 45410.0234521
              n 43065.2034555
              w 43065.2032511
            b:e 1236.5971107
            b:c 1471.4854734
            b:n 1031.6980627
            b:w 1031.6980549
            e:c 11078.1619860
            e:n 4326.3242208
            e:w 4326.3241784
            c:n 4202.5817507
            c:w 4202.5819551
            n:w 12040.7088823
          b:e:c 1184.0140623
          b:e:n 571.2899795
          b:e:w 571.2899713
          b:c:n 575.2399784
          b:c:w 575.2399861
          b:n:w 1186.1475248
          e:c:n 4426.7892766
          e:c:w 4426.7893190
          e:n:w 5253.9154652
          c:n:w 4880.0212187
        b:e:c:n 1118.5613357
        b:e:c:w 1118.5613439
        b:e:n:w 1991.5702501
        b:c:n:w 1540.0725476
        e:c:n:w 46707.4415080
