########################################
# legofit: estimate population history #
#       version 2.3.4-4-g53f8760       #
########################################

# Program was compiled: Sep 21 2021 14:36:42
# Program was run: Sun Sep 26 02:05:37 2021

# cmd: legofit -1 -d 0 -t 32 --ptsPerDim 3 --stateOut b1boot38.state --tol 3e-6 -S 5000 abdf2.lgo ../../chrX/boot_chrX/boot38.opf
# Stage nOptItr nSimReps
#     0    5000        0
# algorithm          : deterministic
# ignoring probs <=  : 0
# Branch length floor: 0
# DE strategy        : 2
#    F               : 0.3
#    CR              : 0.8
#    tolerance       : 3e-06
# nthreads           : 32
# lgo input file     : abdf2.lgo
# site pat input file: ../../chrX/boot_chrX/boot38.opf
# free parameters    : 16
# points in DE swarm : 48
# output state file  : b1boot38.state
# Including singleton site patterns.
# cost function      : KL
Initial parameter values
Fixed:
      zero = 0
       one = 1
    Tbecnw = 75200
Free:
       pc1 = 0
       pc2 = 0
       pc3 = 0
       pc4 = 0
       pc5 = 0
       pc6 = 0
       pc7 = 0
       pc8 = 0
       pc9 = 0
      pc10 = 0
      pc11 = 0
      pc12 = 0
      pc13 = 0
      pc14 = 0
      pc15 = 0
      pc16 = 0
Constrained:
   Tgbecnw = 120307
     Tecnw = 24726.9
       Tnw = 9689.9
       Tec = 9735.46
     twoNb = 646085
     twoNc = 803723
     twoNw = 2.70827e+06
    twoNec = 91377.9
    twoNnw = 82497.5
  twoNecnw = 62974.7
  twoNbecnw = 14603.5
  twoNgbecnw = 226898
         m = 0.130363
        m2 = 0.0154406
        m4 = 0.0158249
        m6 = 7.76044e-07
        Tb = 17231.2
        Ta = 46215.6
        Td = 4867.73
        Tf = 4844.95
DiffEv reached_goal. cost=2.50542e-03 spread=2.78262e-06
Fitted parameter values
Free:
       pc1 = 0.351308
       pc2 = 1.87627
       pc3 = -1.29142
       pc4 = 3.84319
       pc5 = 0.350158
       pc6 = -0.426956
       pc7 = 1.95255
       pc8 = -1.99739
       pc9 = 0.456331
      pc10 = -1.71369
      pc11 = -0.294092
      pc12 = 0.137506
      pc13 = 0.0595392
      pc14 = -0.0151731
      pc15 = 0.11083
      pc16 = 0.108954
Constrained:
   Tgbecnw = 97213
     Tecnw = 23935
       Tnw = 7681.56
       Tec = 8081.63
     twoNb = 869975
     twoNc = 1.97845e+06
     twoNw = 5.10335e+06
    twoNec = 98724.8
    twoNnw = 93420.3
  twoNecnw = 58487.5
  twoNbecnw = 7536.13
  twoNgbecnw = 275524
         m = 0.102671
        m2 = 0.0159346
        m4 = 0.0160929
        m6 = 4.39281e-06
        Tb = 16008.3
        Ta = 45604.2
        Td = 4040.82
        Tf = 3840.78
#       SitePat  BranchLen
              b 118446.8651137
              e 44272.5664153
              c 45104.3398039
              n 42814.7308285
              w 42814.7306922
            b:e 1209.9607477
            b:c 1415.7966207
            b:n 1012.1397105
            b:w 1012.1397053
            e:c 11110.1454059
            e:n 4312.1989135
            e:w 4312.1988846
            c:n 4193.7009962
            c:w 4193.7011325
            n:w 11986.5417739
          b:e:c 1165.0144506
          b:e:n 557.5997766
          b:e:w 557.5997712
          b:c:n 560.7991318
          b:c:w 560.7991370
          b:n:w 1173.7110090
          e:c:n 4426.2820206
          e:c:w 4426.2820495
          e:n:w 5207.5905819
          c:n:w 4854.1075327
        b:e:c:n 1099.2947717
        b:e:c:w 1099.2947772
        b:e:n:w 2010.8611094
        b:c:n:w 1557.3316861
        e:c:n:w 47672.3181473
