########################################
# legofit: estimate population history #
#       version 2.3.4-4-g53f8760       #
########################################

# Program was compiled: Sep 21 2021 14:36:42
# Program was run: Sun Sep 26 02:03:20 2021

# cmd: legofit -1 -d 0 -t 32 --ptsPerDim 3 --stateOut b1boot33.state --tol 3e-6 -S 5000 abdf2.lgo ../../chrX/boot_chrX/boot33.opf
# Stage nOptItr nSimReps
#     0    5000        0
# algorithm          : deterministic
# ignoring probs <=  : 0
# Branch length floor: 0
# DE strategy        : 2
#    F               : 0.3
#    CR              : 0.8
#    tolerance       : 3e-06
# nthreads           : 32
# lgo input file     : abdf2.lgo
# site pat input file: ../../chrX/boot_chrX/boot33.opf
# free parameters    : 16
# points in DE swarm : 48
# output state file  : b1boot33.state
# Including singleton site patterns.
# cost function      : KL
Initial parameter values
Fixed:
      zero = 0
       one = 1
    Tbecnw = 75200
Free:
       pc1 = 0
       pc2 = 0
       pc3 = 0
       pc4 = 0
       pc5 = 0
       pc6 = 0
       pc7 = 0
       pc8 = 0
       pc9 = 0
      pc10 = 0
      pc11 = 0
      pc12 = 0
      pc13 = 0
      pc14 = 0
      pc15 = 0
      pc16 = 0
Constrained:
   Tgbecnw = 120307
     Tecnw = 24726.9
       Tnw = 9689.9
       Tec = 9735.46
     twoNb = 646085
     twoNc = 803723
     twoNw = 2.70827e+06
    twoNec = 91377.9
    twoNnw = 82497.5
  twoNecnw = 62974.7
  twoNbecnw = 14603.5
  twoNgbecnw = 226898
         m = 0.130363
        m2 = 0.0154406
        m4 = 0.0158249
        m6 = 7.76044e-07
        Tb = 17231.2
        Ta = 46215.6
        Td = 4867.73
        Tf = 4844.95
DiffEv reached_goal. cost=2.39705e-03 spread=2.93083e-06
Fitted parameter values
Free:
       pc1 = 0.796228
       pc2 = 1.26221
       pc3 = -1.21322
       pc4 = 3.97566
       pc5 = -0.0116669
       pc6 = -0.939576
       pc7 = 1.98186
       pc8 = -1.83914
       pc9 = 1.46615
      pc10 = -1.97349
      pc11 = -0.0515928
      pc12 = 0.142412
      pc13 = -0.273788
      pc14 = -0.0546069
      pc15 = 0.00500976
      pc16 = 0.119683
Constrained:
   Tgbecnw = 99998.3
     Tecnw = 24101.9
       Tnw = 7844.2
       Tec = 8226.35
     twoNb = 1.00857e+06
     twoNc = 1.89084e+06
     twoNw = 5.19793e+06
    twoNec = 93549.8
    twoNnw = 86004.8
  twoNecnw = 57259.1
  twoNbecnw = 8193.33
  twoNgbecnw = 310065
         m = 0.0870366
        m2 = 0.016412
        m4 = 0.0148268
        m6 = 4.16365e-06
        Tb = 16164.1
        Ta = 45682.1
        Td = 4113.18
        Tf = 3922.1
#       SitePat  BranchLen
              b 118080.1986540
              e 44053.8758106
              c 44827.8720197
              n 42387.0209727
              w 42387.0208452
            b:e 1227.4817490
            b:c 1402.8049880
            b:n 1027.2692760
            b:w 1027.2692710
            e:c 11397.8689321
            e:n 4202.9244317
            e:w 4202.9244046
            c:n 4095.4663400
            c:w 4095.4664675
            n:w 12396.7989980
          b:e:c 1218.5942735
          b:e:n 557.4093899
          b:e:w 557.4093847
          b:c:n 560.3340132
          b:c:w 560.3340182
          b:n:w 1229.3975293
          e:c:n 4436.0303549
          e:c:w 4436.0303820
          e:n:w 5242.2108584
          c:n:w 4919.2993330
        b:e:c:n 1111.9592919
        b:e:c:w 1111.9592971
        b:e:n:w 2007.8991522
        b:c:n:w 1590.5578954
        e:c:n:w 47506.3006844
