########################################
# legofit: estimate population history #
#       version 2.3.4-4-g53f8760       #
########################################

# Program was compiled: Sep 21 2021 14:36:42
# Program was run: Sun Sep 26 01:13:30 2021

# cmd: legofit -1 -d 0 -t 32 --ptsPerDim 3 --stateOut b1boot7.state --tol 3e-6 -S 5000 abdf2.lgo ../../chrX/boot_chrX/boot7.opf
# Stage nOptItr nSimReps
#     0    5000        0
# algorithm          : deterministic
# ignoring probs <=  : 0
# Branch length floor: 0
# DE strategy        : 2
#    F               : 0.3
#    CR              : 0.8
#    tolerance       : 3e-06
# nthreads           : 32
# lgo input file     : abdf2.lgo
# site pat input file: ../../chrX/boot_chrX/boot7.opf
# free parameters    : 16
# points in DE swarm : 48
# output state file  : b1boot7.state
# Including singleton site patterns.
# cost function      : KL
Initial parameter values
Fixed:
      zero = 0
       one = 1
    Tbecnw = 75200
Free:
       pc1 = 0
       pc2 = 0
       pc3 = 0
       pc4 = 0
       pc5 = 0
       pc6 = 0
       pc7 = 0
       pc8 = 0
       pc9 = 0
      pc10 = 0
      pc11 = 0
      pc12 = 0
      pc13 = 0
      pc14 = 0
      pc15 = 0
      pc16 = 0
Constrained:
   Tgbecnw = 120307
     Tecnw = 24726.9
       Tnw = 9689.9
       Tec = 9735.46
     twoNb = 646085
     twoNc = 803723
     twoNw = 2.70827e+06
    twoNec = 91377.9
    twoNnw = 82497.5
  twoNecnw = 62974.7
  twoNbecnw = 14603.5
  twoNgbecnw = 226898
         m = 0.130363
        m2 = 0.0154406
        m4 = 0.0158249
        m6 = 7.76044e-07
        Tb = 17231.2
        Ta = 46215.6
        Td = 4867.73
        Tf = 4844.95
DiffEv reached_goal. cost=2.43486e-03 spread=2.10109e-06
Fitted parameter values
Free:
       pc1 = -0.17348
       pc2 = 1.95826
       pc3 = -1.82951
       pc4 = 3.70519
       pc5 = -1.30626
       pc6 = -1.33695
       pc7 = 1.99971
       pc8 = -1.96736
       pc9 = 0.107142
      pc10 = -1.91031
      pc11 = -0.351556
      pc12 = 0.328321
      pc13 = 0.0214726
      pc14 = -0.0813449
      pc15 = 0.0731046
      pc16 = 0.000684951
Constrained:
   Tgbecnw = 97522.4
     Tecnw = 23537.5
       Tnw = 7873.92
       Tec = 7921.36
     twoNb = 1.03456e+06
     twoNc = 1.96978e+06
     twoNw = 7.28727e+06
    twoNec = 92203.1
    twoNnw = 90221.9
  twoNecnw = 60992.6
  twoNbecnw = 7641.35
  twoNgbecnw = 278555
         m = 0.0957449
        m2 = 0.0164086
        m4 = 0.0159081
        m6 = 3.83493e-06
        Tb = 15729.4
        Ta = 45464.7
        Td = 3960.68
        Tf = 3936.96
#       SitePat  BranchLen
              b 116854.1777023
              e 44268.6786425
              c 45077.8962965
              n 43109.7983470
              w 43109.7982612
            b:e 1235.3382590
            b:c 1419.9011062
            b:n 1060.9781471
            b:w 1060.9781437
            e:c 11532.0134543
            e:n 4347.7870789
            e:w 4347.7870606
            c:n 4230.2070406
            c:w 4230.2071264
            n:w 12187.2235402
          b:e:c 1225.6348870
          b:e:n 578.4316455
          b:e:w 578.4316419
          b:c:n 581.5274231
          b:c:w 581.5274265
          b:n:w 1236.6314358
          e:c:n 4492.1934089
          e:c:w 4492.1934272
          e:n:w 5165.9399547
          c:n:w 4834.3742688
        b:e:c:n 1156.9805739
        b:e:c:w 1156.9805775
        b:e:n:w 2029.5644404
        b:c:n:w 1596.3178976
        e:c:n:w 45745.4465231
