########################################
# legofit: estimate population history #
#       version 2.3.4-4-g53f8760       #
########################################

# Program was compiled: Sep 21 2021 14:36:42
# Program was run: Sun Sep 26 02:05:39 2021

# cmd: legofit -1 -d 0 -t 32 --ptsPerDim 3 --stateOut b1boot39.state --tol 3e-6 -S 5000 abdf2.lgo ../../chrX/boot_chrX/boot39.opf
# Stage nOptItr nSimReps
#     0    5000        0
# algorithm          : deterministic
# ignoring probs <=  : 0
# Branch length floor: 0
# DE strategy        : 2
#    F               : 0.3
#    CR              : 0.8
#    tolerance       : 3e-06
# nthreads           : 32
# lgo input file     : abdf2.lgo
# site pat input file: ../../chrX/boot_chrX/boot39.opf
# free parameters    : 16
# points in DE swarm : 48
# output state file  : b1boot39.state
# Including singleton site patterns.
# cost function      : KL
Initial parameter values
Fixed:
      zero = 0
       one = 1
    Tbecnw = 75200
Free:
       pc1 = 0
       pc2 = 0
       pc3 = 0
       pc4 = 0
       pc5 = 0
       pc6 = 0
       pc7 = 0
       pc8 = 0
       pc9 = 0
      pc10 = 0
      pc11 = 0
      pc12 = 0
      pc13 = 0
      pc14 = 0
      pc15 = 0
      pc16 = 0
Constrained:
   Tgbecnw = 120307
     Tecnw = 24726.9
       Tnw = 9689.9
       Tec = 9735.46
     twoNb = 646085
     twoNc = 803723
     twoNw = 2.70827e+06
    twoNec = 91377.9
    twoNnw = 82497.5
  twoNecnw = 62974.7
  twoNbecnw = 14603.5
  twoNgbecnw = 226898
         m = 0.130363
        m2 = 0.0154406
        m4 = 0.0158249
        m6 = 7.76044e-07
        Tb = 17231.2
        Ta = 46215.6
        Td = 4867.73
        Tf = 4844.95
DiffEv reached_goal. cost=2.35427e-03 spread=2.23380e-06
Fitted parameter values
Free:
       pc1 = 0.0849383
       pc2 = 1.92196
       pc3 = -0.442757
       pc4 = 3.91981
       pc5 = -0.750069
       pc6 = 0.175446
       pc7 = 1.97051
       pc8 = -1.37017
       pc9 = -0.262397
      pc10 = -1.88937
      pc11 = -0.234904
      pc12 = 0.0678932
      pc13 = 0.0579176
      pc14 = -0.0148991
      pc15 = 0.210218
      pc16 = 0.0427785
Constrained:
   Tgbecnw = 95462.1
     Tecnw = 23840.6
       Tnw = 7131.6
       Tec = 7334.78
     twoNb = 738579
     twoNc = 2.60175e+06
     twoNw = 5.57824e+06
    twoNec = 103411
    twoNnw = 95121
  twoNecnw = 60769
  twoNbecnw = 7121.1
  twoNgbecnw = 259267
         m = 0.110412
        m2 = 0.0159116
        m4 = 0.014463
        m6 = 3.59471e-06
        Tb = 15587.7
        Ta = 45393.8
        Td = 3667.39
        Tf = 3565.8
#       SitePat  BranchLen
              b 118240.8925108
              e 44606.7549605
              c 45330.6482174
              n 43098.2742521
              w 43098.2741557
            b:e 1245.7318244
            b:c 1444.4664886
            b:n 1032.8137326
            b:w 1032.8137289
            e:c 11282.7508633
            e:n 4339.5252175
            e:w 4339.5251974
            c:n 4233.1300978
            c:w 4233.1301942
            n:w 12197.2436814
          b:e:c 1196.0629690
          b:e:n 570.9511234
          b:e:w 570.9511195
          b:c:n 574.0912658
          b:c:w 574.0912695
          b:n:w 1202.2057860
          e:c:n 4407.5632411
          e:c:w 4407.5632612
          e:n:w 5172.3792438
          c:n:w 4856.0817777
        b:e:c:n 1128.3894514
        b:e:c:w 1128.3894553
        b:e:n:w 1983.7100366
        b:c:n:w 1583.8892482
        e:c:n:w 47129.2023763
