########################################
# legofit: estimate population history #
#       version 2.3.4-4-g53f8760       #
########################################

# Program was compiled: Sep 21 2021 14:36:42
# Program was run: Sun Sep 26 01:29:10 2021

# cmd: legofit -1 -d 0 -t 32 --ptsPerDim 3 --stateOut b1boot13.state --tol 3e-6 -S 5000 abdf2.lgo ../../chrX/boot_chrX/boot13.opf
# Stage nOptItr nSimReps
#     0    5000        0
# algorithm          : deterministic
# ignoring probs <=  : 0
# Branch length floor: 0
# DE strategy        : 2
#    F               : 0.3
#    CR              : 0.8
#    tolerance       : 3e-06
# nthreads           : 32
# lgo input file     : abdf2.lgo
# site pat input file: ../../chrX/boot_chrX/boot13.opf
# free parameters    : 16
# points in DE swarm : 48
# output state file  : b1boot13.state
# Including singleton site patterns.
# cost function      : KL
Initial parameter values
Fixed:
      zero = 0
       one = 1
    Tbecnw = 75200
Free:
       pc1 = 0
       pc2 = 0
       pc3 = 0
       pc4 = 0
       pc5 = 0
       pc6 = 0
       pc7 = 0
       pc8 = 0
       pc9 = 0
      pc10 = 0
      pc11 = 0
      pc12 = 0
      pc13 = 0
      pc14 = 0
      pc15 = 0
      pc16 = 0
Constrained:
   Tgbecnw = 120307
     Tecnw = 24726.9
       Tnw = 9689.9
       Tec = 9735.46
     twoNb = 646085
     twoNc = 803723
     twoNw = 2.70827e+06
    twoNec = 91377.9
    twoNnw = 82497.5
  twoNecnw = 62974.7
  twoNbecnw = 14603.5
  twoNgbecnw = 226898
         m = 0.130363
        m2 = 0.0154406
        m4 = 0.0158249
        m6 = 7.76044e-07
        Tb = 17231.2
        Ta = 46215.6
        Td = 4867.73
        Tf = 4844.95
DiffEv reached_goal. cost=2.49363e-03 spread=2.19441e-06
Fitted parameter values
Free:
       pc1 = -0.938167
       pc2 = 1.89938
       pc3 = -1.89337
       pc4 = 3.35853
       pc5 = 0.834374
       pc6 = -0.9868
       pc7 = 1.85583
       pc8 = -1.99824
       pc9 = -0.0302195
      pc10 = -0.551656
      pc11 = -0.0882254
      pc12 = 0.100888
      pc13 = -0.0926662
      pc14 = -0.206737
      pc15 = 0.15416
      pc16 = -0.00379486
Constrained:
   Tgbecnw = 97019.4
     Tecnw = 24037.9
       Tnw = 9209.92
       Tec = 9214.3
     twoNb = 840067
     twoNc = 1.43796e+06
     twoNw = 5.60443e+06
    twoNec = 86965.6
    twoNnw = 81689.3
  twoNecnw = 59870.7
  twoNbecnw = 8118.34
  twoNgbecnw = 222765
         m = 0.124845
        m2 = 0.0162095
        m4 = 0.0179144
        m6 = 4.73355e-06
        Tb = 16626.1
        Ta = 45913.1
        Td = 4607.15
        Tf = 4604.96
#       SitePat  BranchLen
              b 118307.4739567
              e 44601.4013150
              c 45500.8235624
              n 43239.2115083
              w 43239.2113508
            b:e 1256.5081889
            b:c 1498.9898886
            b:n 1047.7657256
            b:w 1047.7657193
            e:c 11459.1366178
            e:n 4303.4704748
            e:w 4303.4704407
            c:n 4171.9245563
            c:w 4171.9247137
            n:w 12287.6389383
          b:e:c 1229.7246933
          b:e:n 569.7108059
          b:e:w 569.7107993
          b:c:n 573.0040203
          b:c:w 573.0040266
          b:n:w 1237.9487277
          e:c:n 4477.4535164
          e:c:w 4477.4535505
          e:n:w 5301.1529452
          c:n:w 4897.8784983
        b:e:c:n 1137.9054379
        b:e:c:w 1137.9054446
        b:e:n:w 2062.0638843
        b:c:n:w 1579.9393264
        e:c:n:w 46942.3530088
