########################################
# legofit: estimate population history #
#       version 2.3.4-4-g53f8760       #
########################################

# Program was compiled: Sep 21 2021 14:36:42
# Program was run: Sun Sep 26 02:07:44 2021

# cmd: legofit -1 -d 0 -t 32 --ptsPerDim 3 --stateOut b1boot44.state --tol 3e-6 -S 5000 abdf2.lgo ../../chrX/boot_chrX/boot44.opf
# Stage nOptItr nSimReps
#     0    5000        0
# algorithm          : deterministic
# ignoring probs <=  : 0
# Branch length floor: 0
# DE strategy        : 2
#    F               : 0.3
#    CR              : 0.8
#    tolerance       : 3e-06
# nthreads           : 32
# lgo input file     : abdf2.lgo
# site pat input file: ../../chrX/boot_chrX/boot44.opf
# free parameters    : 16
# points in DE swarm : 48
# output state file  : b1boot44.state
# Including singleton site patterns.
# cost function      : KL
Initial parameter values
Fixed:
      zero = 0
       one = 1
    Tbecnw = 75200
Free:
       pc1 = 0
       pc2 = 0
       pc3 = 0
       pc4 = 0
       pc5 = 0
       pc6 = 0
       pc7 = 0
       pc8 = 0
       pc9 = 0
      pc10 = 0
      pc11 = 0
      pc12 = 0
      pc13 = 0
      pc14 = 0
      pc15 = 0
      pc16 = 0
Constrained:
   Tgbecnw = 120307
     Tecnw = 24726.9
       Tnw = 9689.9
       Tec = 9735.46
     twoNb = 646085
     twoNc = 803723
     twoNw = 2.70827e+06
    twoNec = 91377.9
    twoNnw = 82497.5
  twoNecnw = 62974.7
  twoNbecnw = 14603.5
  twoNgbecnw = 226898
         m = 0.130363
        m2 = 0.0154406
        m4 = 0.0158249
        m6 = 7.76044e-07
        Tb = 17231.2
        Ta = 46215.6
        Td = 4867.73
        Tf = 4844.95
DiffEv reached_goal. cost=2.33982e-03 spread=2.82226e-06
Fitted parameter values
Free:
       pc1 = -0.889912
       pc2 = 1.96722
       pc3 = -1.27443
       pc4 = 2.63826
       pc5 = -0.896099
       pc6 = -1.34001
       pc7 = 1.96923
       pc8 = -1.96698
       pc9 = 0.950277
      pc10 = -1.44819
      pc11 = -0.384157
      pc12 = 0.177208
      pc13 = -0.209122
      pc14 = 0.0290725
      pc15 = 0.228411
      pc16 = -0.00216517
Constrained:
   Tgbecnw = 96528.4
     Tecnw = 23554.8
       Tnw = 8966.49
       Tec = 8978.11
     twoNb = 1.02166e+06
     twoNc = 878144
     twoNw = 6.18976e+06
    twoNec = 89404.7
    twoNnw = 79513.4
  twoNecnw = 60141.2
  twoNbecnw = 7602.75
  twoNgbecnw = 250649
         m = 0.109993
        m2 = 0.0165338
        m4 = 0.0159068
        m6 = 2.94286e-06
        Tb = 16266.5
        Ta = 45733.2
        Td = 4489.05
        Tf = 4483.24
#       SitePat  BranchLen
              b 117775.9633892
              e 44424.4589880
              c 45240.8052799
              n 42753.3259102
              w 42753.3258245
            b:e 1243.7524538
            b:c 1437.5467830
            b:n 1033.1691209
            b:w 1033.1691175
            e:c 11282.6399878
            e:n 4321.6398701
            e:w 4321.6398514
            c:n 4205.0222124
            c:w 4205.0222982
            n:w 12295.9094441
          b:e:c 1212.7060922
          b:e:n 567.9883211
          b:e:w 567.9883175
          b:c:n 570.8483513
          b:c:w 570.8483547
          b:n:w 1222.1741306
          e:c:n 4434.5743577
          e:c:w 4434.5743763
          e:n:w 5278.1617124
          c:n:w 4932.6420676
        b:e:c:n 1123.8514226
        b:e:c:w 1123.8514262
        b:e:n:w 2035.6264704
        b:c:n:w 1598.5204558
        e:c:n:w 46744.5509146
