########################################
# legofit: estimate population history #
#       version 2.3.4-4-g53f8760       #
########################################

# Program was compiled: Sep 21 2021 14:36:42
# Program was run: Sun Sep 26 02:00:29 2021

# cmd: legofit -1 -d 0 -t 32 --ptsPerDim 3 --stateOut b1boot28.state --tol 3e-6 -S 5000 abdf2.lgo ../../chrX/boot_chrX/boot28.opf
# Stage nOptItr nSimReps
#     0    5000        0
# algorithm          : deterministic
# ignoring probs <=  : 0
# Branch length floor: 0
# DE strategy        : 2
#    F               : 0.3
#    CR              : 0.8
#    tolerance       : 3e-06
# nthreads           : 32
# lgo input file     : abdf2.lgo
# site pat input file: ../../chrX/boot_chrX/boot28.opf
# free parameters    : 16
# points in DE swarm : 48
# output state file  : b1boot28.state
# Including singleton site patterns.
# cost function      : KL
Initial parameter values
Fixed:
      zero = 0
       one = 1
    Tbecnw = 75200
Free:
       pc1 = 0
       pc2 = 0
       pc3 = 0
       pc4 = 0
       pc5 = 0
       pc6 = 0
       pc7 = 0
       pc8 = 0
       pc9 = 0
      pc10 = 0
      pc11 = 0
      pc12 = 0
      pc13 = 0
      pc14 = 0
      pc15 = 0
      pc16 = 0
Constrained:
   Tgbecnw = 120307
     Tecnw = 24726.9
       Tnw = 9689.9
       Tec = 9735.46
     twoNb = 646085
     twoNc = 803723
     twoNw = 2.70827e+06
    twoNec = 91377.9
    twoNnw = 82497.5
  twoNecnw = 62974.7
  twoNbecnw = 14603.5
  twoNgbecnw = 226898
         m = 0.130363
        m2 = 0.0154406
        m4 = 0.0158249
        m6 = 7.76044e-07
        Tb = 17231.2
        Ta = 46215.6
        Td = 4867.73
        Tf = 4844.95
DiffEv reached_goal. cost=2.37110e-03 spread=2.81047e-06
Fitted parameter values
Free:
       pc1 = 1.22418
       pc2 = 1.84112
       pc3 = -0.98074
       pc4 = 3.79231
       pc5 = 1.84934
       pc6 = -0.518848
       pc7 = 1.9993
       pc8 = -1.98578
       pc9 = -0.300518
      pc10 = -1.97843
      pc11 = -0.524631
      pc12 = 0.254103
      pc13 = -0.159622
      pc14 = 0.0207118
      pc15 = 0.0784695
      pc16 = 0.0113633
Constrained:
   Tgbecnw = 101016
     Tecnw = 24105.8
       Tnw = 6591.03
       Tec = 6630.7
     twoNb = 769625
     twoNc = 1.47199e+06
     twoNw = 3.47028e+06
    twoNec = 108321
    twoNnw = 98210
  twoNecnw = 58301.4
  twoNbecnw = 8728.78
  twoNgbecnw = 274359
         m = 0.0959436
        m2 = 0.0157988
        m4 = 0.0166971
        m6 = 5.60934e-06
        Tb = 15368.2
        Ta = 45284.1
        Td = 3315.35
        Tf = 3295.51
#       SitePat  BranchLen
              b 117273.6819818
              e 44302.9670923
              c 45137.9537310
              n 42769.9129456
              w 42769.9127219
            b:e 1223.2879020
            b:c 1442.1450787
            b:n 1018.8928478
            b:w 1018.8928393
            e:c 11292.5324175
            e:n 4309.6903418
            e:w 4309.6902952
            c:n 4186.5454754
            c:w 4186.5456991
            n:w 12247.0824193
          b:e:c 1181.5589307
          b:e:n 559.8334191
          b:e:w 559.8334102
          b:c:n 563.3236207
          b:c:w 563.3236291
          b:n:w 1187.1886690
          e:c:n 4439.9994939
          e:c:w 4439.9995405
          e:n:w 5263.7759119
          c:n:w 4896.3498557
        b:e:c:n 1103.3546185
        b:e:c:w 1103.3546274
        b:e:n:w 1991.0373866
        b:c:n:w 1543.9285263
        e:c:n:w 46252.7223676
