########################################
# legofit: estimate population history #
#       version 2.3.4-4-g53f8760       #
########################################

# Program was compiled: Sep 21 2021 14:36:42
# Program was run: Sun Sep 26 01:02:18 2021

# cmd: legofit -1 -d 0 -t 32 --ptsPerDim 3 --stateOut b1boot4.state --tol 3e-6 -S 5000 abdf2.lgo ../../chrX/boot_chrX/boot4.opf
# Stage nOptItr nSimReps
#     0    5000        0
# algorithm          : deterministic
# ignoring probs <=  : 0
# Branch length floor: 0
# DE strategy        : 2
#    F               : 0.3
#    CR              : 0.8
#    tolerance       : 3e-06
# nthreads           : 32
# lgo input file     : abdf2.lgo
# site pat input file: ../../chrX/boot_chrX/boot4.opf
# free parameters    : 16
# points in DE swarm : 48
# output state file  : b1boot4.state
# Including singleton site patterns.
# cost function      : KL
Initial parameter values
Fixed:
      zero = 0
       one = 1
    Tbecnw = 75200
Free:
       pc1 = 0
       pc2 = 0
       pc3 = 0
       pc4 = 0
       pc5 = 0
       pc6 = 0
       pc7 = 0
       pc8 = 0
       pc9 = 0
      pc10 = 0
      pc11 = 0
      pc12 = 0
      pc13 = 0
      pc14 = 0
      pc15 = 0
      pc16 = 0
Constrained:
   Tgbecnw = 120307
     Tecnw = 24726.9
       Tnw = 9689.9
       Tec = 9735.46
     twoNb = 646085
     twoNc = 803723
     twoNw = 2.70827e+06
    twoNec = 91377.9
    twoNnw = 82497.5
  twoNecnw = 62974.7
  twoNbecnw = 14603.5
  twoNgbecnw = 226898
         m = 0.130363
        m2 = 0.0154406
        m4 = 0.0158249
        m6 = 7.76044e-07
        Tb = 17231.2
        Ta = 46215.6
        Td = 4867.73
        Tf = 4844.95
DiffEv reached_goal. cost=2.53282e-03 spread=2.87464e-06
Fitted parameter values
Free:
       pc1 = -0.154661
       pc2 = 1.36177
       pc3 = -1.47797
       pc4 = 2.43952
       pc5 = 0.427377
       pc6 = 0.918601
       pc7 = 1.10763
       pc8 = -1.38951
       pc9 = 0.201243
      pc10 = -1.65577
      pc11 = -0.351228
      pc12 = 0.255312
      pc13 = -0.166226
      pc14 = -9.6296e-05
      pc15 = 0.09217
      pc16 = 0.00121388
Constrained:
   Tgbecnw = 101286
     Tecnw = 23991
       Tnw = 8424.45
       Tec = 8452.22
     twoNb = 711986
     twoNc = 2.1492e+06
     twoNw = 3.91236e+06
    twoNec = 94529.1
    twoNnw = 86007.5
  twoNecnw = 59860.4
  twoNbecnw = 9094.5
  twoNgbecnw = 257414
         m = 0.106495
        m2 = 0.0139328
        m4 = 0.0166845
        m6 = 2.99225e-06
        Tb = 16221.6
        Ta = 45710.8
        Td = 4226.11
        Tf = 4212.23
#       SitePat  BranchLen
              b 118759.4973063
              e 44564.6995281
              c 45403.7344562
              n 43149.7204089
              w 43149.7202767
            b:e 1256.0697872
            b:c 1489.0769269
            b:n 1062.0476896
            b:w 1062.0476843
            e:c 11427.6327076
            e:n 4349.8367178
            e:w 4349.8366893
            c:n 4225.9832976
            c:w 4225.9834298
            n:w 12328.4591479
          b:e:c 1236.8386209
          b:e:n 580.2635286
          b:e:w 580.2635230
          b:c:n 583.8264073
          b:c:w 583.8264126
          b:n:w 1240.8587744
          e:c:n 4506.4072883
          e:c:w 4506.4073168
          e:n:w 5307.0965343
          c:n:w 4931.0879107
        b:e:c:n 1151.2925543
        b:e:c:w 1151.2925599
        b:e:n:w 2006.5099608
        b:c:n:w 1551.0572520
        e:c:n:w 47320.3219826
