########################################
# legofit: estimate population history #
#       version 2.3.4-4-g53f8760       #
########################################

# Program was compiled: Sep 21 2021 14:36:42
# Program was run: Sun Sep 26 00:57:30 2021

# cmd: legofit -1 -d 0 -t 32 --ptsPerDim 3 --stateOut b1boot1.state --tol 3e-6 -S 5000 abdf2.lgo ../../chrX/boot_chrX/boot1.opf
# Stage nOptItr nSimReps
#     0    5000        0
# algorithm          : deterministic
# ignoring probs <=  : 0
# Branch length floor: 0
# DE strategy        : 2
#    F               : 0.3
#    CR              : 0.8
#    tolerance       : 3e-06
# nthreads           : 32
# lgo input file     : abdf2.lgo
# site pat input file: ../../chrX/boot_chrX/boot1.opf
# free parameters    : 16
# points in DE swarm : 48
# output state file  : b1boot1.state
# Including singleton site patterns.
# cost function      : KL
Initial parameter values
Fixed:
      zero = 0
       one = 1
    Tbecnw = 75200
Free:
       pc1 = 0
       pc2 = 0
       pc3 = 0
       pc4 = 0
       pc5 = 0
       pc6 = 0
       pc7 = 0
       pc8 = 0
       pc9 = 0
      pc10 = 0
      pc11 = 0
      pc12 = 0
      pc13 = 0
      pc14 = 0
      pc15 = 0
      pc16 = 0
Constrained:
   Tgbecnw = 120307
     Tecnw = 24726.9
       Tnw = 9689.9
       Tec = 9735.46
     twoNb = 646085
     twoNc = 803723
     twoNw = 2.70827e+06
    twoNec = 91377.9
    twoNnw = 82497.5
  twoNecnw = 62974.7
  twoNbecnw = 14603.5
  twoNgbecnw = 226898
         m = 0.130363
        m2 = 0.0154406
        m4 = 0.0158249
        m6 = 7.76044e-07
        Tb = 17231.2
        Ta = 46215.6
        Td = 4867.73
        Tf = 4844.95
DiffEv reached_goal. cost=2.49293e-03 spread=2.34516e-06
Fitted parameter values
Free:
       pc1 = -1.6761
       pc2 = 1.71374
       pc3 = -1.54164
       pc4 = 3.93726
       pc5 = -0.120851
       pc6 = -0.663021
       pc7 = 1.61517
       pc8 = -1.9291
       pc9 = 0.0305419
      pc10 = -1.60068
      pc11 = -0.0364735
      pc12 = 0.214305
      pc13 = -0.122144
      pc14 = -0.184381
      pc15 = 0.281454
      pc16 = 0.10655
Constrained:
   Tgbecnw = 92469.3
     Tecnw = 23600.5
       Tnw = 9106.83
       Tec = 9500.14
     twoNb = 881481
     twoNc = 2.39508e+06
     twoNw = 5.56035e+06
    twoNec = 83072.3
    twoNnw = 76801.8
  twoNecnw = 61376.5
  twoNbecnw = 6444.24
  twoNgbecnw = 235981
         m = 0.116429
        m2 = 0.0160001
        m4 = 0.0163359
        m6 = 4.38491e-06
        Tb = 16550.3
        Ta = 45875.2
        Td = 4750.07
        Tf = 4553.41
#       SitePat  BranchLen
              b 116887.4648903
              e 44510.6817046
              c 45319.3261808
              n 42901.2779893
              w 42901.2778449
            b:e 1271.1317086
            b:c 1481.2914977
            b:n 1060.1708921
            b:w 1060.1708862
            e:c 11488.3353955
            e:n 4277.5606675
            e:w 4277.5606363
            c:n 4159.0505134
            c:w 4159.0506578
            n:w 12499.8493529
          b:e:c 1265.2112018
          b:e:n 578.8805049
          b:e:w 578.8804986
          b:c:n 582.2197356
          b:c:w 582.2197415
          b:n:w 1271.4074889
          e:c:n 4415.9959548
          e:c:w 4415.9959860
          e:n:w 5240.4377082
          c:n:w 4887.1656612
        b:e:c:n 1161.2668782
        b:e:c:w 1161.2668845
        b:e:n:w 2043.1133652
        b:c:n:w 1607.9225980
        e:c:n:w 45906.3000717
