########################################
# legofit: estimate population history #
#       version 2.3.4-4-g53f8760       #
########################################

# Program was compiled: Sep 21 2021 14:36:42
# Program was run: Sun Sep 26 02:02:00 2021

# cmd: legofit -1 -d 0 -t 32 --ptsPerDim 3 --stateOut b1boot30.state --tol 3e-6 -S 5000 abdf2.lgo ../../chrX/boot_chrX/boot30.opf
# Stage nOptItr nSimReps
#     0    5000        0
# algorithm          : deterministic
# ignoring probs <=  : 0
# Branch length floor: 0
# DE strategy        : 2
#    F               : 0.3
#    CR              : 0.8
#    tolerance       : 3e-06
# nthreads           : 32
# lgo input file     : abdf2.lgo
# site pat input file: ../../chrX/boot_chrX/boot30.opf
# free parameters    : 16
# points in DE swarm : 48
# output state file  : b1boot30.state
# Including singleton site patterns.
# cost function      : KL
Initial parameter values
Fixed:
      zero = 0
       one = 1
    Tbecnw = 75200
Free:
       pc1 = 0
       pc2 = 0
       pc3 = 0
       pc4 = 0
       pc5 = 0
       pc6 = 0
       pc7 = 0
       pc8 = 0
       pc9 = 0
      pc10 = 0
      pc11 = 0
      pc12 = 0
      pc13 = 0
      pc14 = 0
      pc15 = 0
      pc16 = 0
Constrained:
   Tgbecnw = 120307
     Tecnw = 24726.9
       Tnw = 9689.9
       Tec = 9735.46
     twoNb = 646085
     twoNc = 803723
     twoNw = 2.70827e+06
    twoNec = 91377.9
    twoNnw = 82497.5
  twoNecnw = 62974.7
  twoNbecnw = 14603.5
  twoNgbecnw = 226898
         m = 0.130363
        m2 = 0.0154406
        m4 = 0.0158249
        m6 = 7.76044e-07
        Tb = 17231.2
        Ta = 46215.6
        Td = 4867.73
        Tf = 4844.95
DiffEv reached_goal. cost=2.42991e-03 spread=2.55573e-06
Fitted parameter values
Free:
       pc1 = 1.7711
       pc2 = 1.94839
       pc3 = -1.62905
       pc4 = 3.79177
       pc5 = -1.09102
       pc6 = -0.0339153
       pc7 = 1.42833
       pc8 = -1.45598
       pc9 = 1.02056
      pc10 = -0.863331
      pc11 = -0.162688
      pc12 = 0.131088
      pc13 = -0.206011
      pc14 = -0.138163
      pc15 = 0.0416254
      pc16 = 0.0398808
Constrained:
   Tgbecnw = 103651
     Tecnw = 24460.7
       Tnw = 6944.74
       Tec = 7077.69
     twoNb = 971835
     twoNc = 2.92569e+06
     twoNw = 6.7834e+06
    twoNec = 103805
    twoNnw = 98217.7
  twoNecnw = 57037.7
  twoNbecnw = 9447.84
  twoNgbecnw = 278370
         m = 0.0961052
        m2 = 0.0159319
        m4 = 0.0157234
        m6 = 2.80739e-06
        Tb = 15769.2
        Ta = 45484.6
        Td = 3538.84
        Tf = 3472.37
#       SitePat  BranchLen
              b 118271.0163741
              e 44226.5241268
              c 45042.7746923
              n 42862.4063146
              w 42862.4062546
            b:e 1191.1689735
            b:c 1381.9466579
            b:n 1005.9894705
            b:w 1005.9894682
            e:c 11377.4314734
            e:n 4252.0718051
            e:w 4252.0717926
            c:n 4136.7152635
            c:w 4136.7153236
            n:w 12177.4666240
          b:e:c 1164.3475655
          b:e:n 546.2360696
          b:e:w 546.2360673
          b:c:n 548.9768483
          b:c:w 548.9768505
          b:n:w 1175.7961678
          e:c:n 4465.8628420
          e:c:w 4465.8628546
          e:n:w 5217.5089910
          c:n:w 4871.6445615
        b:e:c:n 1082.9467531
        b:e:c:w 1082.9467554
        b:e:n:w 1963.5270140
        b:c:n:w 1527.5945055
        e:c:n:w 47208.9527214
