########################################
# legofit: estimate population history #
#       version 2.3.4-4-g53f8760       #
########################################

# Program was compiled: Sep 21 2021 14:36:42
# Program was run: Sun Sep 26 01:28:59 2021

# cmd: legofit -1 -d 0 -t 32 --ptsPerDim 3 --stateOut b1boot12.state --tol 3e-6 -S 5000 abdf2.lgo ../../chrX/boot_chrX/boot12.opf
# Stage nOptItr nSimReps
#     0    5000        0
# algorithm          : deterministic
# ignoring probs <=  : 0
# Branch length floor: 0
# DE strategy        : 2
#    F               : 0.3
#    CR              : 0.8
#    tolerance       : 3e-06
# nthreads           : 32
# lgo input file     : abdf2.lgo
# site pat input file: ../../chrX/boot_chrX/boot12.opf
# free parameters    : 16
# points in DE swarm : 48
# output state file  : b1boot12.state
# Including singleton site patterns.
# cost function      : KL
Initial parameter values
Fixed:
      zero = 0
       one = 1
    Tbecnw = 75200
Free:
       pc1 = 0
       pc2 = 0
       pc3 = 0
       pc4 = 0
       pc5 = 0
       pc6 = 0
       pc7 = 0
       pc8 = 0
       pc9 = 0
      pc10 = 0
      pc11 = 0
      pc12 = 0
      pc13 = 0
      pc14 = 0
      pc15 = 0
      pc16 = 0
Constrained:
   Tgbecnw = 120307
     Tecnw = 24726.9
       Tnw = 9689.9
       Tec = 9735.46
     twoNb = 646085
     twoNc = 803723
     twoNw = 2.70827e+06
    twoNec = 91377.9
    twoNnw = 82497.5
  twoNecnw = 62974.7
  twoNbecnw = 14603.5
  twoNgbecnw = 226898
         m = 0.130363
        m2 = 0.0154406
        m4 = 0.0158249
        m6 = 7.76044e-07
        Tb = 17231.2
        Ta = 46215.6
        Td = 4867.73
        Tf = 4844.95
DiffEv reached_goal. cost=2.46177e-03 spread=2.42750e-06
Fitted parameter values
Free:
       pc1 = -0.153187
       pc2 = 1.86517
       pc3 = -1.55666
       pc4 = 3.86708
       pc5 = -1.36352
       pc6 = 0.0541894
       pc7 = 1.92505
       pc8 = -1.95862
       pc9 = 1.30279
      pc10 = -1.98292
      pc11 = 0.00449498
      pc12 = 0.236404
      pc13 = -0.0590417
      pc14 = -0.138571
      pc15 = 0.152293
      pc16 = 0.000385206
Constrained:
   Tgbecnw = 92843.1
     Tecnw = 23766.5
       Tnw = 8332.02
       Tec = 8362.74
     twoNb = 963304
     twoNc = 2.66664e+06
     twoNw = 6.56618e+06
    twoNec = 89599.5
    twoNnw = 87010.7
  twoNecnw = 58504.5
  twoNbecnw = 6093.83
  twoNgbecnw = 289401
         m = 0.0940995
        m2 = 0.0155601
        m4 = 0.0150178
        m6 = 2.89307e-06
        Tb = 16064.6
        Ta = 45632.3
        Td = 4181.37
        Tf = 4166.01
#       SitePat  BranchLen
              b 116738.3957662
              e 43763.4115017
              c 44529.3126052
              n 42624.5443159
              w 42624.5442416
            b:e 1202.0965229
            b:c 1381.9696935
            b:n 1031.0200809
            b:w 1031.0200780
            e:c 11377.3147580
            e:n 4230.6385175
            e:w 4230.6385016
            c:n 4121.1526812
            c:w 4121.1527555
            n:w 12019.7561723
          b:e:c 1201.4630221
          b:e:n 559.4484786
          b:e:w 559.4484755
          b:c:n 562.6699689
          b:c:w 562.6699718
          b:n:w 1210.8284461
          e:c:n 4439.6469052
          e:c:w 4439.6469211
          e:n:w 5100.6798949
          c:n:w 4781.0259646
        b:e:c:n 1125.0645791
        b:e:c:w 1125.0645822
        b:e:n:w 1961.6786657
        b:c:n:w 1548.0867922
        e:c:n:w 46484.6840420
