########################################
# legofit: estimate population history #
#       version 2.3.4-4-g53f8760       #
########################################

# Program was compiled: Sep 21 2021 14:36:42
# Program was run: Sun Sep 26 01:28:22 2021

# cmd: legofit -1 -d 0 -t 32 --ptsPerDim 3 --stateOut b1boot10.state --tol 3e-6 -S 5000 abdf2.lgo ../../chrX/boot_chrX/boot10.opf
# Stage nOptItr nSimReps
#     0    5000        0
# algorithm          : deterministic
# ignoring probs <=  : 0
# Branch length floor: 0
# DE strategy        : 2
#    F               : 0.3
#    CR              : 0.8
#    tolerance       : 3e-06
# nthreads           : 32
# lgo input file     : abdf2.lgo
# site pat input file: ../../chrX/boot_chrX/boot10.opf
# free parameters    : 16
# points in DE swarm : 48
# output state file  : b1boot10.state
# Including singleton site patterns.
# cost function      : KL
Initial parameter values
Fixed:
      zero = 0
       one = 1
    Tbecnw = 75200
Free:
       pc1 = 0
       pc2 = 0
       pc3 = 0
       pc4 = 0
       pc5 = 0
       pc6 = 0
       pc7 = 0
       pc8 = 0
       pc9 = 0
      pc10 = 0
      pc11 = 0
      pc12 = 0
      pc13 = 0
      pc14 = 0
      pc15 = 0
      pc16 = 0
Constrained:
   Tgbecnw = 120307
     Tecnw = 24726.9
       Tnw = 9689.9
       Tec = 9735.46
     twoNb = 646085
     twoNc = 803723
     twoNw = 2.70827e+06
    twoNec = 91377.9
    twoNnw = 82497.5
  twoNecnw = 62974.7
  twoNbecnw = 14603.5
  twoNgbecnw = 226898
         m = 0.130363
        m2 = 0.0154406
        m4 = 0.0158249
        m6 = 7.76044e-07
        Tb = 17231.2
        Ta = 46215.6
        Td = 4867.73
        Tf = 4844.95
DiffEv reached_goal. cost=2.24105e-03 spread=1.86567e-06
Fitted parameter values
Free:
       pc1 = 2.22906
       pc2 = 1.98132
       pc3 = -1.2024
       pc4 = 3.95987
       pc5 = -0.130576
       pc6 = 1.02558
       pc7 = 1.88113
       pc8 = -1.84684
       pc9 = 0.17482
      pc10 = -1.99073
      pc11 = -0.403962
      pc12 = 0.273961
      pc13 = -0.0508934
      pc14 = -0.0333382
      pc15 = -0.0411212
      pc16 = 0.00394976
Constrained:
   Tgbecnw = 99943.2
     Tecnw = 24215.2
       Tnw = 5707.53
       Tec = 5737.11
     twoNb = 727960
     twoNc = 2.96493e+06
     twoNw = 5.24657e+06
    twoNec = 112697
    twoNnw = 108229
  twoNecnw = 57106.2
  twoNbecnw = 8309.97
  twoNgbecnw = 306084
         m = 0.0827359
        m2 = 0.0149196
        m4 = 0.0157308
        m6 = 3.61362e-06
        Tb = 14976.2
        Ta = 45088.1
        Td = 2868.55
        Tf = 2853.76
#       SitePat  BranchLen
              b 116723.0011055
              e 43921.5133953
              c 44700.6006218
              n 42770.0706851
              w 42770.0706012
            b:e 1257.1433669
            b:c 1467.2710335
            b:n 1075.8018156
            b:w 1075.8018123
            e:c 11381.6637075
            e:n 4318.8622900
            e:w 4318.8622726
            c:n 4202.0190112
            c:w 4202.0190950
            n:w 12072.4193990
          b:e:c 1230.7776365
          b:e:n 588.3596683
          b:e:w 588.3596648
          b:c:n 592.3076865
          b:c:w 592.3076898
          b:n:w 1233.9440926
          e:c:n 4526.7896526
          e:c:w 4526.7896700
          e:n:w 5229.3832276
          c:n:w 4881.5720784
        b:e:c:n 1166.7793188
        b:e:c:w 1166.7793223
        b:e:n:w 1979.3677991
        b:c:n:w 1563.7543681
        e:c:n:w 46100.3255759
