########################################
# legofit: estimate population history #
#       version 2.3.4-4-g53f8760       #
########################################

# Program was compiled: Sep 21 2021 14:36:42
# Program was run: Sun Sep 26 02:05:35 2021

# cmd: legofit -1 -d 0 -t 32 --ptsPerDim 3 --stateOut b1boot37.state --tol 3e-6 -S 5000 abdf2.lgo ../../chrX/boot_chrX/boot37.opf
# Stage nOptItr nSimReps
#     0    5000        0
# algorithm          : deterministic
# ignoring probs <=  : 0
# Branch length floor: 0
# DE strategy        : 2
#    F               : 0.3
#    CR              : 0.8
#    tolerance       : 3e-06
# nthreads           : 32
# lgo input file     : abdf2.lgo
# site pat input file: ../../chrX/boot_chrX/boot37.opf
# free parameters    : 16
# points in DE swarm : 48
# output state file  : b1boot37.state
# Including singleton site patterns.
# cost function      : KL
Initial parameter values
Fixed:
      zero = 0
       one = 1
    Tbecnw = 75200
Free:
       pc1 = 0
       pc2 = 0
       pc3 = 0
       pc4 = 0
       pc5 = 0
       pc6 = 0
       pc7 = 0
       pc8 = 0
       pc9 = 0
      pc10 = 0
      pc11 = 0
      pc12 = 0
      pc13 = 0
      pc14 = 0
      pc15 = 0
      pc16 = 0
Constrained:
   Tgbecnw = 120307
     Tecnw = 24726.9
       Tnw = 9689.9
       Tec = 9735.46
     twoNb = 646085
     twoNc = 803723
     twoNw = 2.70827e+06
    twoNec = 91377.9
    twoNnw = 82497.5
  twoNecnw = 62974.7
  twoNbecnw = 14603.5
  twoNgbecnw = 226898
         m = 0.130363
        m2 = 0.0154406
        m4 = 0.0158249
        m6 = 7.76044e-07
        Tb = 17231.2
        Ta = 46215.6
        Td = 4867.73
        Tf = 4844.95
DiffEv reached_goal. cost=2.25764e-03 spread=2.94474e-06
Fitted parameter values
Free:
       pc1 = 0.0614191
       pc2 = 1.89642
       pc3 = -1.12434
       pc4 = 3.68141
       pc5 = -0.161689
       pc6 = -0.260811
       pc7 = 0.192619
       pc8 = -1.7463
       pc9 = 0.414353
      pc10 = -1.30356
      pc11 = -0.376313
      pc12 = 0.377066
      pc13 = 0.122309
      pc14 = -0.130048
      pc15 = 0.0827823
      pc16 = 0.160568
Constrained:
   Tgbecnw = 100075
     Tecnw = 23947.8
       Tnw = 7900.3
       Tec = 8483.2
     twoNb = 997201
     twoNc = 3.22452e+06
     twoNw = 4.20848e+06
    twoNec = 94548.4
    twoNnw = 94578.3
  twoNecnw = 59828.1
  twoNbecnw = 8962.81
  twoNgbecnw = 239312
         m = 0.112283
        m2 = 0.0160621
        m4 = 0.0165803
        m6 = 3.28593e-06
        Tb = 16215.5
        Ta = 45707.8
        Td = 4241.6
        Tf = 3950.15
#       SitePat  BranchLen
              b 118169.6632320
              e 44644.0106620
              c 45492.6311255
              n 43397.3886308
              w 43397.3885021
            b:e 1264.8134286
            b:c 1471.5944820
            b:n 1078.0439628
            b:w 1078.0439577
            e:c 11340.4536516
            e:n 4406.7136471
            e:w 4406.7136195
            c:n 4282.9886985
            c:w 4282.9888272
            n:w 12081.8330172
          b:e:c 1228.6067598
          b:e:n 590.9813011
          b:e:w 590.9812957
          b:c:n 593.8992566
          b:c:w 593.8992618
          b:n:w 1238.5074246
          e:c:n 4552.1301070
          e:c:w 4552.1301346
          e:n:w 5286.8734811
          c:n:w 4922.4206150
        b:e:c:n 1167.9106871
        b:e:c:w 1167.9106925
        b:e:n:w 2049.8738696
        b:c:n:w 1600.5388408
        e:c:n:w 46635.1654881
