########################################
# legofit: estimate population history #
#       version 2.3.4-4-g53f8760       #
########################################

# Program was compiled: Sep 21 2021 14:36:42
# Program was run: Sun Sep 26 01:01:08 2021

# cmd: legofit -1 -d 0 -t 32 --ptsPerDim 3 --stateOut b1boot3.state --tol 3e-6 -S 5000 abdf2.lgo ../../chrX/boot_chrX/boot3.opf
# Stage nOptItr nSimReps
#     0    5000        0
# algorithm          : deterministic
# ignoring probs <=  : 0
# Branch length floor: 0
# DE strategy        : 2
#    F               : 0.3
#    CR              : 0.8
#    tolerance       : 3e-06
# nthreads           : 32
# lgo input file     : abdf2.lgo
# site pat input file: ../../chrX/boot_chrX/boot3.opf
# free parameters    : 16
# points in DE swarm : 48
# output state file  : b1boot3.state
# Including singleton site patterns.
# cost function      : KL
Initial parameter values
Fixed:
      zero = 0
       one = 1
    Tbecnw = 75200
Free:
       pc1 = 0
       pc2 = 0
       pc3 = 0
       pc4 = 0
       pc5 = 0
       pc6 = 0
       pc7 = 0
       pc8 = 0
       pc9 = 0
      pc10 = 0
      pc11 = 0
      pc12 = 0
      pc13 = 0
      pc14 = 0
      pc15 = 0
      pc16 = 0
Constrained:
   Tgbecnw = 120307
     Tecnw = 24726.9
       Tnw = 9689.9
       Tec = 9735.46
     twoNb = 646085
     twoNc = 803723
     twoNw = 2.70827e+06
    twoNec = 91377.9
    twoNnw = 82497.5
  twoNecnw = 62974.7
  twoNbecnw = 14603.5
  twoNgbecnw = 226898
         m = 0.130363
        m2 = 0.0154406
        m4 = 0.0158249
        m6 = 7.76044e-07
        Tb = 17231.2
        Ta = 46215.6
        Td = 4867.73
        Tf = 4844.95
DiffEv reached_goal. cost=2.45241e-03 spread=2.93234e-06
Fitted parameter values
Free:
       pc1 = -0.0819666
       pc2 = 1.93485
       pc3 = -1.66661
       pc4 = 3.44668
       pc5 = 0.345957
       pc6 = -0.0313264
       pc7 = 1.25731
       pc8 = -1.99499
       pc9 = 0.254862
      pc10 = -1.78988
      pc11 = -0.245037
      pc12 = 0.297067
      pc13 = -0.0919116
      pc14 = -0.00413348
      pc15 = 0.218889
      pc16 = 0.0120473
Constrained:
   Tgbecnw = 97061.2
     Tecnw = 23874.1
       Tnw = 8093.69
       Tec = 8161.06
     twoNb = 887667
     twoNc = 2.35567e+06
     twoNw = 4.63186e+06
    twoNec = 96410.1
    twoNnw = 88763.8
  twoNecnw = 59507.5
  twoNbecnw = 7629.5
  twoNgbecnw = 260974
         m = 0.102345
        m2 = 0.0151449
        m4 = 0.0170136
        m6 = 3.93516e-06
        Tb = 16017.6
        Ta = 45608.8
        Td = 4080.53
        Tf = 4046.84
#       SitePat  BranchLen
              b 116849.3572285
              e 44348.7741222
              c 45203.4828396
              n 42928.3422411
              w 42928.3421000
            b:e 1213.4601833
            b:c 1424.9648773
            b:n 1025.9234614
            b:w 1025.9234560
            e:c 11253.9158372
            e:n 4315.2643019
            e:w 4315.2642718
            c:n 4190.2472174
            c:w 4190.2473585
            n:w 12138.4921957
          b:e:c 1189.8958933
          b:e:n 563.4534216
          b:e:w 563.4534158
          b:c:n 566.8215662
          b:c:w 566.8215717
          b:n:w 1196.3847763
          e:c:n 4428.4369530
          e:c:w 4428.4369831
          e:n:w 5212.8883951
          c:n:w 4846.8906737
        b:e:c:n 1115.9144351
        b:e:c:w 1115.9144409
        b:e:n:w 1992.9313335
        b:c:n:w 1536.0131734
        e:c:n:w 45889.2295508
