########################################
# legofit: estimate population history #
#       version 2.3.4-4-g53f8760       #
########################################

# Program was compiled: Sep 21 2021 14:36:42
# Program was run: Sun Sep 26 01:16:41 2021

# cmd: legofit -1 -d 0 -t 32 --ptsPerDim 3 --stateOut b1boot9.state --tol 3e-6 -S 5000 abdf2.lgo ../../chrX/boot_chrX/boot9.opf
# Stage nOptItr nSimReps
#     0    5000        0
# algorithm          : deterministic
# ignoring probs <=  : 0
# Branch length floor: 0
# DE strategy        : 2
#    F               : 0.3
#    CR              : 0.8
#    tolerance       : 3e-06
# nthreads           : 32
# lgo input file     : abdf2.lgo
# site pat input file: ../../chrX/boot_chrX/boot9.opf
# free parameters    : 16
# points in DE swarm : 48
# output state file  : b1boot9.state
# Including singleton site patterns.
# cost function      : KL
Initial parameter values
Fixed:
      zero = 0
       one = 1
    Tbecnw = 75200
Free:
       pc1 = 0
       pc2 = 0
       pc3 = 0
       pc4 = 0
       pc5 = 0
       pc6 = 0
       pc7 = 0
       pc8 = 0
       pc9 = 0
      pc10 = 0
      pc11 = 0
      pc12 = 0
      pc13 = 0
      pc14 = 0
      pc15 = 0
      pc16 = 0
Constrained:
   Tgbecnw = 120307
     Tecnw = 24726.9
       Tnw = 9689.9
       Tec = 9735.46
     twoNb = 646085
     twoNc = 803723
     twoNw = 2.70827e+06
    twoNec = 91377.9
    twoNnw = 82497.5
  twoNecnw = 62974.7
  twoNbecnw = 14603.5
  twoNgbecnw = 226898
         m = 0.130363
        m2 = 0.0154406
        m4 = 0.0158249
        m6 = 7.76044e-07
        Tb = 17231.2
        Ta = 46215.6
        Td = 4867.73
        Tf = 4844.95
DiffEv reached_goal. cost=2.41123e-03 spread=2.99095e-06
Fitted parameter values
Free:
       pc1 = -1.3787
       pc2 = 1.93852
       pc3 = -0.909478
       pc4 = 1.9194
       pc5 = -1.17528
       pc6 = 0.641296
       pc7 = 1.96337
       pc8 = -1.17857
       pc9 = 1.43728
      pc10 = -1.97791
      pc11 = 0.0821273
      pc12 = 0.233238
      pc13 = -0.0968939
      pc14 = -0.0599204
      pc15 = 0.354961
      pc16 = -0.0114052
Constrained:
   Tgbecnw = 91627.6
     Tecnw = 23751.3
       Tnw = 9327.29
       Tec = 9348.61
     twoNb = 840543
     twoNc = 1.18024e+06
     twoNw = 5.30857e+06
    twoNec = 86022.9
    twoNnw = 78209
  twoNecnw = 60317.4
  twoNbecnw = 5979.82
  twoNgbecnw = 247520
         m = 0.11282
        m2 = 0.0142592
        m4 = 0.0145602
        m6 = 1.43651e-06
        Tb = 16550
        Ta = 45875
        Td = 4674.3
        Tf = 4663.64
#       SitePat  BranchLen
              b 116931.5562526
              e 44252.5307475
              c 44977.5904967
              n 42846.2607195
              w 42846.2606690
            b:e 1212.0657960
            b:c 1400.6465742
            b:n 1024.9981004
            b:w 1024.9980984
            e:c 11328.8994182
            e:n 4245.5383104
            e:w 4245.5382995
            c:n 4139.8951733
            c:w 4139.8952237
            n:w 12197.2384396
          b:e:c 1208.4636374
          b:e:n 559.8071295
          b:e:w 559.8071274
          b:c:n 562.8572345
          b:c:w 562.8572365
          b:n:w 1214.0075892
          e:c:n 4388.8278786
          e:c:w 4388.8278895
          e:n:w 5123.2124407
          c:n:w 4808.4644118
        b:e:c:n 1121.3472839
        b:e:c:w 1121.3472860
        b:e:n:w 1917.4653865
        b:c:n:w 1523.7587128
        e:c:n:w 46272.3051448
