########################################
# legofit: estimate population history #
#       version 2.3.4-4-g53f8760       #
########################################

# Program was compiled: Sep 21 2021 14:36:42
# Program was run: Sun Sep 26 01:13:43 2021

# cmd: legofit -1 -d 0 -t 32 --ptsPerDim 3 --stateOut b1boot8.state --tol 3e-6 -S 5000 abdf2.lgo ../../chrX/boot_chrX/boot8.opf
# Stage nOptItr nSimReps
#     0    5000        0
# algorithm          : deterministic
# ignoring probs <=  : 0
# Branch length floor: 0
# DE strategy        : 2
#    F               : 0.3
#    CR              : 0.8
#    tolerance       : 3e-06
# nthreads           : 32
# lgo input file     : abdf2.lgo
# site pat input file: ../../chrX/boot_chrX/boot8.opf
# free parameters    : 16
# points in DE swarm : 48
# output state file  : b1boot8.state
# Including singleton site patterns.
# cost function      : KL
Initial parameter values
Fixed:
      zero = 0
       one = 1
    Tbecnw = 75200
Free:
       pc1 = 0
       pc2 = 0
       pc3 = 0
       pc4 = 0
       pc5 = 0
       pc6 = 0
       pc7 = 0
       pc8 = 0
       pc9 = 0
      pc10 = 0
      pc11 = 0
      pc12 = 0
      pc13 = 0
      pc14 = 0
      pc15 = 0
      pc16 = 0
Constrained:
   Tgbecnw = 120307
     Tecnw = 24726.9
       Tnw = 9689.9
       Tec = 9735.46
     twoNb = 646085
     twoNc = 803723
     twoNw = 2.70827e+06
    twoNec = 91377.9
    twoNnw = 82497.5
  twoNecnw = 62974.7
  twoNbecnw = 14603.5
  twoNgbecnw = 226898
         m = 0.130363
        m2 = 0.0154406
        m4 = 0.0158249
        m6 = 7.76044e-07
        Tb = 17231.2
        Ta = 46215.6
        Td = 4867.73
        Tf = 4844.95
DiffEv reached_goal. cost=2.40250e-03 spread=2.80461e-06
Fitted parameter values
Free:
       pc1 = 0.0494618
       pc2 = 1.99108
       pc3 = -1.92985
       pc4 = 1.81853
       pc5 = 0.743656
       pc6 = 0.523213
       pc7 = 0.914043
       pc8 = -1.98901
       pc9 = -0.0616977
      pc10 = -1.92405
      pc11 = -0.154463
      pc12 = 0.306878
      pc13 = -0.209643
      pc14 = 0.116148
      pc15 = 0.178578
      pc16 = -0.00361387
Constrained:
   Tgbecnw = 99552.3
     Tecnw = 23972.1
       Tnw = 7927.35
       Tec = 7933.93
     twoNb = 811874
     twoNc = 1.4966e+06
     twoNw = 3.63929e+06
    twoNec = 99322.9
    twoNnw = 87339.4
  twoNecnw = 60464.1
  twoNbecnw = 8554.14
  twoNgbecnw = 268859
         m = 0.101079
        m2 = 0.013846
        m4 = 0.0184372
        m6 = 2.97943e-06
        Tb = 15953
        Ta = 45576.5
        Td = 3966.96
        Tf = 3963.68
#       SitePat  BranchLen
              b 118448.6897192
              e 44756.8006604
              c 45688.9826841
              n 43147.1485843
              w 43147.1484499
            b:e 1300.2900958
            b:c 1544.3947889
            b:n 1102.4262962
            b:w 1102.4262906
            e:c 11434.1435597
            e:n 4375.4404460
            e:w 4375.4404173
            c:n 4239.5069912
            c:w 4239.5071256
            n:w 12491.3080120
          b:e:c 1291.2716857
          b:e:n 606.7212361
          b:e:w 606.7212302
          b:c:n 610.7631134
          b:c:w 610.7631189
          b:n:w 1293.8962872
          e:c:n 4491.9334414
          e:c:w 4491.9334702
          e:n:w 5365.8834003
          c:n:w 4959.6684555
        b:e:c:n 1200.4602793
        b:e:c:w 1200.4602852
        b:e:n:w 2118.6327729
        b:c:n:w 1612.3438047
        e:c:n:w 47034.1283222
