########################################
# legofit: estimate population history #
#       version 2.3.4-4-g53f8760       #
########################################

# Program was compiled: Sep 21 2021 14:36:42
# Program was run: Sun Sep 26 01:44:01 2021

# cmd: legofit -1 -d 0 -t 32 --ptsPerDim 3 --stateOut b1boot18.state --tol 3e-6 -S 5000 abdf2.lgo ../../chrX/boot_chrX/boot18.opf
# Stage nOptItr nSimReps
#     0    5000        0
# algorithm          : deterministic
# ignoring probs <=  : 0
# Branch length floor: 0
# DE strategy        : 2
#    F               : 0.3
#    CR              : 0.8
#    tolerance       : 3e-06
# nthreads           : 32
# lgo input file     : abdf2.lgo
# site pat input file: ../../chrX/boot_chrX/boot18.opf
# free parameters    : 16
# points in DE swarm : 48
# output state file  : b1boot18.state
# Including singleton site patterns.
# cost function      : KL
Initial parameter values
Fixed:
      zero = 0
       one = 1
    Tbecnw = 75200
Free:
       pc1 = 0
       pc2 = 0
       pc3 = 0
       pc4 = 0
       pc5 = 0
       pc6 = 0
       pc7 = 0
       pc8 = 0
       pc9 = 0
      pc10 = 0
      pc11 = 0
      pc12 = 0
      pc13 = 0
      pc14 = 0
      pc15 = 0
      pc16 = 0
Constrained:
   Tgbecnw = 120307
     Tecnw = 24726.9
       Tnw = 9689.9
       Tec = 9735.46
     twoNb = 646085
     twoNc = 803723
     twoNw = 2.70827e+06
    twoNec = 91377.9
    twoNnw = 82497.5
  twoNecnw = 62974.7
  twoNbecnw = 14603.5
  twoNgbecnw = 226898
         m = 0.130363
        m2 = 0.0154406
        m4 = 0.0158249
        m6 = 7.76044e-07
        Tb = 17231.2
        Ta = 46215.6
        Td = 4867.73
        Tf = 4844.95
DiffEv reached_goal. cost=2.52027e-03 spread=2.85718e-06
Fitted parameter values
Free:
       pc1 = -3.69384
       pc2 = 1.37359
       pc3 = -0.8047
       pc4 = 2.84146
       pc5 = 0.248472
       pc6 = -1.08357
       pc7 = -0.786705
       pc8 = -1.69907
       pc9 = 0.110817
      pc10 = -0.646336
      pc11 = -0.373873
      pc12 = -0.287175
      pc13 = 0.209546
      pc14 = -0.0984069
      pc15 = 0.116652
      pc16 = -0.00887209
Constrained:
   Tgbecnw = 96860.9
     Tecnw = 23332
       Tnw = 11817.1
       Tec = 11837.9
     twoNb = 996167
     twoNc = 2.77017e+06
     twoNw = 2.86795e+06
    twoNec = 71666.9
    twoNnw = 65833.6
  twoNecnw = 63994.8
  twoNbecnw = 8664.79
  twoNgbecnw = 177754
         m = 0.169668
        m2 = 0.0167118
        m4 = 0.0174272
        m6 = 3.16176e-06
        Tb = 17585
        Ta = 46392.5
        Td = 5918.96
        Tf = 5908.56
#       SitePat  BranchLen
              b 120370.6437990
              e 45411.6719464
              c 46298.7660781
              n 43917.9680686
              w 43917.9678121
            b:e 1287.1226636
            b:c 1537.1308301
            b:n 1049.3659971
            b:w 1049.3659865
            e:c 11245.0272025
            e:n 4489.9666780
            e:w 4489.9666194
            c:n 4359.2888505
            c:w 4359.2891070
            n:w 12150.2437078
          b:e:c 1210.5920462
          b:e:n 579.5412905
          b:e:w 579.5412793
          b:c:n 581.6728211
          b:c:w 581.6728317
          b:n:w 1221.3410533
          e:c:n 4517.8701703
          e:c:w 4517.8702289
          e:n:w 5402.2966519
          c:n:w 4996.6181248
        b:e:c:n 1139.1570508
        b:e:c:w 1139.1570620
        b:e:n:w 2078.7828934
        b:c:n:w 1604.4509054
        e:c:n:w 47920.9756173
