########################################
# legofit: estimate population history #
#       version 2.3.4-4-g53f8760       #
########################################

# Program was compiled: Sep 21 2021 14:36:42
# Program was run: Sun Sep 26 01:46:07 2021

# cmd: legofit -1 -d 0 -t 32 --ptsPerDim 3 --stateOut b1boot19.state --tol 3e-6 -S 5000 abdf2.lgo ../../chrX/boot_chrX/boot19.opf
# Stage nOptItr nSimReps
#     0    5000        0
# algorithm          : deterministic
# ignoring probs <=  : 0
# Branch length floor: 0
# DE strategy        : 2
#    F               : 0.3
#    CR              : 0.8
#    tolerance       : 3e-06
# nthreads           : 32
# lgo input file     : abdf2.lgo
# site pat input file: ../../chrX/boot_chrX/boot19.opf
# free parameters    : 16
# points in DE swarm : 48
# output state file  : b1boot19.state
# Including singleton site patterns.
# cost function      : KL
Initial parameter values
Fixed:
      zero = 0
       one = 1
    Tbecnw = 75200
Free:
       pc1 = 0
       pc2 = 0
       pc3 = 0
       pc4 = 0
       pc5 = 0
       pc6 = 0
       pc7 = 0
       pc8 = 0
       pc9 = 0
      pc10 = 0
      pc11 = 0
      pc12 = 0
      pc13 = 0
      pc14 = 0
      pc15 = 0
      pc16 = 0
Constrained:
   Tgbecnw = 120307
     Tecnw = 24726.9
       Tnw = 9689.9
       Tec = 9735.46
     twoNb = 646085
     twoNc = 803723
     twoNw = 2.70827e+06
    twoNec = 91377.9
    twoNnw = 82497.5
  twoNecnw = 62974.7
  twoNbecnw = 14603.5
  twoNgbecnw = 226898
         m = 0.130363
        m2 = 0.0154406
        m4 = 0.0158249
        m6 = 7.76044e-07
        Tb = 17231.2
        Ta = 46215.6
        Td = 4867.73
        Tf = 4844.95
DiffEv reached_goal. cost=2.45590e-03 spread=2.62596e-06
Fitted parameter values
Free:
       pc1 = -1.38635
       pc2 = 1.60766
       pc3 = -1.35078
       pc4 = 1.63773
       pc5 = -0.281786
       pc6 = -0.855064
       pc7 = 1.73817
       pc8 = -1.98049
       pc9 = 1.67756
      pc10 = -1.7518
      pc11 = 0.222681
      pc12 = 0.330737
      pc13 = -0.336553
      pc14 = -0.0472254
      pc15 = 0.309913
      pc16 = 0.0145971
Constrained:
   Tgbecnw = 95061.5
     Tecnw = 23785.1
       Tnw = 9923.93
       Tec = 9979.31
     twoNb = 1.00557e+06
     twoNc = 249483
     twoNw = 4.69555e+06
    twoNec = 79591.3
    twoNnw = 69889.6
  twoNecnw = 59941.3
  twoNbecnw = 6985.46
  twoNgbecnw = 261867
         m = 0.103082
        m2 = 0.0155338
        m4 = 0.01625
        m6 = 2.2772e-06
        Tb = 16882.2
        Ta = 46041.1
        Td = 4989.65
        Tf = 4961.97
#       SitePat  BranchLen
              b 116746.1787587
              e 44303.9638445
              c 45124.9354788
              n 42569.2951152
              w 42569.2950210
            b:e 1214.9419808
            b:c 1407.3102295
            b:n 1014.2644314
            b:w 1014.2644277
            e:c 11488.0985630
            e:n 4179.9655560
            e:w 4179.9655355
            c:n 4063.5348821
            c:w 4063.5349764
            n:w 12575.4451348
          b:e:c 1229.8190632
          b:e:n 549.2285693
          b:e:w 549.2285653
          b:c:n 552.2736080
          b:c:w 552.2736118
          b:n:w 1238.2225216
          e:c:n 4364.6755881
          e:c:w 4364.6756086
          e:n:w 5215.4465834
          c:n:w 4869.3714676
        b:e:c:n 1105.5246089
        b:e:c:w 1105.5246129
        b:e:n:w 1994.3045603
        b:c:n:w 1553.8107778
        e:c:n:w 45981.8073929
