########################################
# legofit: estimate population history #
#       version 2.3.4-4-g53f8760       #
########################################

# Program was compiled: Sep 21 2021 14:36:42
# Program was run: Sun Sep 26 01:13:20 2021

# cmd: legofit -1 -d 0 -t 32 --ptsPerDim 3 --stateOut b1boot6.state --tol 3e-6 -S 5000 abdf2.lgo ../../chrX/boot_chrX/boot6.opf
# Stage nOptItr nSimReps
#     0    5000        0
# algorithm          : deterministic
# ignoring probs <=  : 0
# Branch length floor: 0
# DE strategy        : 2
#    F               : 0.3
#    CR              : 0.8
#    tolerance       : 3e-06
# nthreads           : 32
# lgo input file     : abdf2.lgo
# site pat input file: ../../chrX/boot_chrX/boot6.opf
# free parameters    : 16
# points in DE swarm : 48
# output state file  : b1boot6.state
# Including singleton site patterns.
# cost function      : KL
Initial parameter values
Fixed:
      zero = 0
       one = 1
    Tbecnw = 75200
Free:
       pc1 = 0
       pc2 = 0
       pc3 = 0
       pc4 = 0
       pc5 = 0
       pc6 = 0
       pc7 = 0
       pc8 = 0
       pc9 = 0
      pc10 = 0
      pc11 = 0
      pc12 = 0
      pc13 = 0
      pc14 = 0
      pc15 = 0
      pc16 = 0
Constrained:
   Tgbecnw = 120307
     Tecnw = 24726.9
       Tnw = 9689.9
       Tec = 9735.46
     twoNb = 646085
     twoNc = 803723
     twoNw = 2.70827e+06
    twoNec = 91377.9
    twoNnw = 82497.5
  twoNecnw = 62974.7
  twoNbecnw = 14603.5
  twoNgbecnw = 226898
         m = 0.130363
        m2 = 0.0154406
        m4 = 0.0158249
        m6 = 7.76044e-07
        Tb = 17231.2
        Ta = 46215.6
        Td = 4867.73
        Tf = 4844.95
DiffEv reached_goal. cost=2.26186e-03 spread=2.58643e-06
Fitted parameter values
Free:
       pc1 = 0.623581
       pc2 = 1.84269
       pc3 = -1.12423
       pc4 = 3.86437
       pc5 = 0.665267
       pc6 = 1.65051
       pc7 = 1.92938
       pc8 = -1.96794
       pc9 = 0.25751
      pc10 = -1.25067
      pc11 = -0.533753
      pc12 = 0.16524
      pc13 = -0.11909
      pc14 = -0.00531845
      pc15 = 0.204754
      pc16 = 0.0493223
Constrained:
   Tgbecnw = 95705.7
     Tecnw = 24065.3
       Tnw = 7410.63
       Tec = 7595.33
     twoNb = 550915
     twoNc = 2.94414e+06
     twoNw = 4.516e+06
    twoNec = 105010
    twoNnw = 95988.9
  twoNecnw = 56806.1
  twoNbecnw = 7379.1
  twoNgbecnw = 251449
         m = 0.105196
        m2 = 0.0145962
        m4 = 0.0164004
        m6 = 3.77631e-06
        Tb = 15830.3
        Ta = 45515.2
        Td = 3797.67
        Tf = 3705.32
#       SitePat  BranchLen
              b 116831.1050111
              e 43976.2719682
              c 44762.1963160
              n 42552.0794431
              w 42552.0793156
            b:e 1233.0139668
            b:c 1486.3234431
            b:n 1018.3006862
            b:w 1018.3006812
            e:c 10971.4886442
            e:n 4308.9685500
            e:w 4308.9685229
            c:n 4187.1274190
            c:w 4187.1275465
            n:w 11886.6544704
          b:e:c 1170.8811780
          b:e:n 562.9529036
          b:e:w 562.9528984
          b:c:n 567.2512819
          b:c:w 567.2512868
          b:n:w 1169.2227477
          e:c:n 4444.4888360
          e:c:w 4444.4888631
          e:n:w 5272.2802527
          c:n:w 4890.1473798
        b:e:c:n 1105.6053207
        b:e:c:w 1105.6053259
        b:e:n:w 1924.9038728
        b:c:n:w 1502.8880963
        e:c:n:w 46433.6879005
