########################################
# legofit: estimate population history #
#       version 2.3.4-4-g53f8760       #
########################################

# Program was compiled: Sep 21 2021 14:36:42
# Program was run: Sun Sep 26 02:09:39 2021

# cmd: legofit -1 -d 0 -t 32 --ptsPerDim 3 --stateOut b1boot47.state --tol 3e-6 -S 5000 abdf2.lgo ../../chrX/boot_chrX/boot47.opf
# Stage nOptItr nSimReps
#     0    5000        0
# algorithm          : deterministic
# ignoring probs <=  : 0
# Branch length floor: 0
# DE strategy        : 2
#    F               : 0.3
#    CR              : 0.8
#    tolerance       : 3e-06
# nthreads           : 32
# lgo input file     : abdf2.lgo
# site pat input file: ../../chrX/boot_chrX/boot47.opf
# free parameters    : 16
# points in DE swarm : 48
# output state file  : b1boot47.state
# Including singleton site patterns.
# cost function      : KL
Initial parameter values
Fixed:
      zero = 0
       one = 1
    Tbecnw = 75200
Free:
       pc1 = 0
       pc2 = 0
       pc3 = 0
       pc4 = 0
       pc5 = 0
       pc6 = 0
       pc7 = 0
       pc8 = 0
       pc9 = 0
      pc10 = 0
      pc11 = 0
      pc12 = 0
      pc13 = 0
      pc14 = 0
      pc15 = 0
      pc16 = 0
Constrained:
   Tgbecnw = 120307
     Tecnw = 24726.9
       Tnw = 9689.9
       Tec = 9735.46
     twoNb = 646085
     twoNc = 803723
     twoNw = 2.70827e+06
    twoNec = 91377.9
    twoNnw = 82497.5
  twoNecnw = 62974.7
  twoNbecnw = 14603.5
  twoNgbecnw = 226898
         m = 0.130363
        m2 = 0.0154406
        m4 = 0.0158249
        m6 = 7.76044e-07
        Tb = 17231.2
        Ta = 46215.6
        Td = 4867.73
        Tf = 4844.95
DiffEv reached_goal. cost=2.37075e-03 spread=2.91616e-06
Fitted parameter values
Free:
       pc1 = -1.17451
       pc2 = 1.95866
       pc3 = -1.13986
       pc4 = 3.54429
       pc5 = 1.73021
       pc6 = -1.17588
       pc7 = 0.698626
       pc8 = -1.94332
       pc9 = -0.394258
      pc10 = -1.64962
      pc11 = -0.432505
      pc12 = 0.20713
      pc13 = 0.0218052
      pc14 = -0.162479
      pc15 = 0.161591
      pc16 = -0.0027266
Constrained:
   Tgbecnw = 97837.5
     Tecnw = 23720.5
       Tnw = 8730.64
       Tec = 8753.45
     twoNb = 937934
     twoNc = 1.84421e+06
     twoNw = 2.80847e+06
    twoNec = 89965.5
    twoNnw = 84510.3
  twoNecnw = 61389.4
  twoNbecnw = 8170.44
  twoNgbecnw = 218677
         m = 0.128106
        m2 = 0.0161024
        m4 = 0.0176497
        m6 = 5.32939e-06
        Tb = 16237
        Ta = 45718.5
        Td = 4376.72
        Tf = 4365.32
#       SitePat  BranchLen
              b 117831.3459019
              e 44630.8250930
              c 45520.8885582
              n 43272.0501129
              w 43272.0497741
            b:e 1187.5448783
            b:c 1413.4804646
            b:n 989.8653873
            b:w 989.8653746
            e:c 11379.2242555
            e:n 4335.6760199
            e:w 4335.6759475
            c:n 4205.5337652
            c:w 4205.5341040
            n:w 12206.0088494
          b:e:c 1149.2246135
          b:e:n 541.2690270
          b:e:w 541.2690137
          b:c:n 543.9750178
          b:c:w 543.9750305
          b:n:w 1159.9014539
          e:c:n 4419.5807635
          e:c:w 4419.5808359
          e:n:w 5212.4556098
          c:n:w 4827.7162228
        b:e:c:n 1074.2843399
        b:e:c:w 1074.2843533
        b:e:n:w 1988.9662915
        b:c:n:w 1512.5784449
        e:c:n:w 46251.9690508
