########################################
# legofit: estimate population history #
#       version 2.3.4-4-g53f8760       #
########################################

# Program was compiled: Sep 21 2021 14:36:42
# Program was run: Sun Sep 26 02:06:05 2021

# cmd: legofit -1 -d 0 -t 32 --ptsPerDim 3 --stateOut b1boot41.state --tol 3e-6 -S 5000 abdf2.lgo ../../chrX/boot_chrX/boot41.opf
# Stage nOptItr nSimReps
#     0    5000        0
# algorithm          : deterministic
# ignoring probs <=  : 0
# Branch length floor: 0
# DE strategy        : 2
#    F               : 0.3
#    CR              : 0.8
#    tolerance       : 3e-06
# nthreads           : 32
# lgo input file     : abdf2.lgo
# site pat input file: ../../chrX/boot_chrX/boot41.opf
# free parameters    : 16
# points in DE swarm : 48
# output state file  : b1boot41.state
# Including singleton site patterns.
# cost function      : KL
Initial parameter values
Fixed:
      zero = 0
       one = 1
    Tbecnw = 75200
Free:
       pc1 = 0
       pc2 = 0
       pc3 = 0
       pc4 = 0
       pc5 = 0
       pc6 = 0
       pc7 = 0
       pc8 = 0
       pc9 = 0
      pc10 = 0
      pc11 = 0
      pc12 = 0
      pc13 = 0
      pc14 = 0
      pc15 = 0
      pc16 = 0
Constrained:
   Tgbecnw = 120307
     Tecnw = 24726.9
       Tnw = 9689.9
       Tec = 9735.46
     twoNb = 646085
     twoNc = 803723
     twoNw = 2.70827e+06
    twoNec = 91377.9
    twoNnw = 82497.5
  twoNecnw = 62974.7
  twoNbecnw = 14603.5
  twoNgbecnw = 226898
         m = 0.130363
        m2 = 0.0154406
        m4 = 0.0158249
        m6 = 7.76044e-07
        Tb = 17231.2
        Ta = 46215.6
        Td = 4867.73
        Tf = 4844.95
DiffEv reached_goal. cost=2.32866e-03 spread=2.21571e-06
Fitted parameter values
Free:
       pc1 = 0.724217
       pc2 = 1.91469
       pc3 = -1.97259
       pc4 = 3.04553
       pc5 = 0.984239
       pc6 = 0.218906
       pc7 = 1.77524
       pc8 = -1.98494
       pc9 = -0.964462
      pc10 = -1.09895
      pc11 = -0.134761
      pc12 = -0.00190924
      pc13 = -0.235084
      pc14 = 0.0977403
      pc15 = 0.179239
      pc16 = 0.00736401
Constrained:
   Tgbecnw = 101378
     Tecnw = 24255.9
       Tnw = 7222.91
       Tec = 7255.22
     twoNb = 656346
     twoNc = 1.89001e+06
     twoNw = 5.14332e+06
    twoNec = 107532
    twoNnw = 92042.3
  twoNecnw = 59896.8
  twoNbecnw = 9009.08
  twoNgbecnw = 264278
         m = 0.106789
        m2 = 0.0149646
        m4 = 0.0184524
        m6 = 4.47971e-06
        Tb = 15755.6
        Ta = 45477.8
        Td = 3627.61
        Tf = 3611.45
#       SitePat  BranchLen
              b 119338.8600131
              e 44953.2665787
              c 45876.8159917
              n 43123.9845765
              w 43123.9844447
            b:e 1276.7785475
            b:c 1545.5162277
            b:n 1047.2687044
            b:w 1047.2686992
            e:c 11313.3042885
            e:n 4344.6208868
            e:w 4344.6208593
            c:n 4208.9261099
            c:w 4208.9262417
            n:w 12513.3672545
          b:e:c 1230.8909335
          b:e:n 579.0083497
          b:e:w 579.0083443
          b:c:n 583.1149693
          b:c:w 583.1149744
          b:n:w 1233.0913351
          e:c:n 4417.9238872
          e:c:w 4417.9239148
          e:n:w 5370.9358259
          c:n:w 4953.0919348
        b:e:c:n 1137.7560213
        b:e:c:w 1137.7560267
        b:e:n:w 2101.9720284
        b:c:n:w 1590.7047766
        e:c:n:w 47806.3437988
