########################################
# legofit: estimate population history #
#       version 2.3.4-4-g53f8760       #
########################################

# Program was compiled: Sep 21 2021 14:36:42
# Program was run: Sun Sep 26 02:03:43 2021

# cmd: legofit -1 -d 0 -t 32 --ptsPerDim 3 --stateOut b1boot35.state --tol 3e-6 -S 5000 abdf2.lgo ../../chrX/boot_chrX/boot35.opf
# Stage nOptItr nSimReps
#     0    5000        0
# algorithm          : deterministic
# ignoring probs <=  : 0
# Branch length floor: 0
# DE strategy        : 2
#    F               : 0.3
#    CR              : 0.8
#    tolerance       : 3e-06
# nthreads           : 32
# lgo input file     : abdf2.lgo
# site pat input file: ../../chrX/boot_chrX/boot35.opf
# free parameters    : 16
# points in DE swarm : 48
# output state file  : b1boot35.state
# Including singleton site patterns.
# cost function      : KL
Initial parameter values
Fixed:
      zero = 0
       one = 1
    Tbecnw = 75200
Free:
       pc1 = 0
       pc2 = 0
       pc3 = 0
       pc4 = 0
       pc5 = 0
       pc6 = 0
       pc7 = 0
       pc8 = 0
       pc9 = 0
      pc10 = 0
      pc11 = 0
      pc12 = 0
      pc13 = 0
      pc14 = 0
      pc15 = 0
      pc16 = 0
Constrained:
   Tgbecnw = 120307
     Tecnw = 24726.9
       Tnw = 9689.9
       Tec = 9735.46
     twoNb = 646085
     twoNc = 803723
     twoNw = 2.70827e+06
    twoNec = 91377.9
    twoNnw = 82497.5
  twoNecnw = 62974.7
  twoNbecnw = 14603.5
  twoNgbecnw = 226898
         m = 0.130363
        m2 = 0.0154406
        m4 = 0.0158249
        m6 = 7.76044e-07
        Tb = 17231.2
        Ta = 46215.6
        Td = 4867.73
        Tf = 4844.95
DiffEv reached_goal. cost=2.47407e-03 spread=2.69642e-06
Fitted parameter values
Free:
       pc1 = 1.50575
       pc2 = 1.89693
       pc3 = -0.702844
       pc4 = 3.8563
       pc5 = -0.852561
       pc6 = 0.158839
       pc7 = 1.70916
       pc8 = -1.39353
       pc9 = 0.0669379
      pc10 = -1.81491
      pc11 = -0.0310459
      pc12 = 0.0715591
      pc13 = 0.097253
      pc14 = 0.10595
      pc15 = 0.155814
      pc16 = 0.00413172
Constrained:
   Tgbecnw = 100120
     Tecnw = 24243.6
       Tnw = 6506.93
       Tec = 6570.24
     twoNb = 823332
     twoNc = 2.76863e+06
     twoNw = 5.70634e+06
    twoNec = 111646
    twoNnw = 103030
  twoNecnw = 59441.1
  twoNbecnw = 8241.18
  twoNgbecnw = 292898
         m = 0.0955445
        m2 = 0.0159478
        m4 = 0.0147409
        m6 = 3.27944e-06
        Tb = 15406.9
        Ta = 45303.5
        Td = 3285.12
        Tf = 3253.46
#       SitePat  BranchLen
              b 118435.5033022
              e 44675.8725301
              c 45429.4044081
              n 43229.3010777
              w 43229.3009981
            b:e 1225.5334880
            b:c 1414.4959406
            b:n 1027.6933348
            b:w 1027.6933318
            e:c 11233.5346940
            e:n 4336.4063660
            e:w 4336.4063496
            c:n 4227.8877983
            c:w 4227.8878778
            n:w 12090.0906908
          b:e:c 1177.0977223
          b:e:n 567.8295643
          b:e:w 567.8295612
          b:c:n 570.8696516
          b:c:w 570.8696546
          b:n:w 1185.5065791
          e:c:n 4418.4942859
          e:c:w 4418.4943023
          e:n:w 5160.2036618
          c:n:w 4843.6441391
        b:e:c:n 1116.9341752
        b:e:c:w 1116.9341784
        b:e:n:w 1991.6877734
        b:c:n:w 1576.7096986
        e:c:n:w 47229.9295551
