########################################
# legofit: estimate population history #
#       version 2.3.4-4-g53f8760       #
########################################

# Program was compiled: Sep 21 2021 14:36:42
# Program was run: Sun Sep 26 01:10:33 2021

# cmd: legofit -1 -d 0 -t 32 --ptsPerDim 3 --stateOut b1boot5.state --tol 3e-6 -S 5000 abdf2.lgo ../../chrX/boot_chrX/boot5.opf
# Stage nOptItr nSimReps
#     0    5000        0
# algorithm          : deterministic
# ignoring probs <=  : 0
# Branch length floor: 0
# DE strategy        : 2
#    F               : 0.3
#    CR              : 0.8
#    tolerance       : 3e-06
# nthreads           : 32
# lgo input file     : abdf2.lgo
# site pat input file: ../../chrX/boot_chrX/boot5.opf
# free parameters    : 16
# points in DE swarm : 48
# output state file  : b1boot5.state
# Including singleton site patterns.
# cost function      : KL
Initial parameter values
Fixed:
      zero = 0
       one = 1
    Tbecnw = 75200
Free:
       pc1 = 0
       pc2 = 0
       pc3 = 0
       pc4 = 0
       pc5 = 0
       pc6 = 0
       pc7 = 0
       pc8 = 0
       pc9 = 0
      pc10 = 0
      pc11 = 0
      pc12 = 0
      pc13 = 0
      pc14 = 0
      pc15 = 0
      pc16 = 0
Constrained:
   Tgbecnw = 120307
     Tecnw = 24726.9
       Tnw = 9689.9
       Tec = 9735.46
     twoNb = 646085
     twoNc = 803723
     twoNw = 2.70827e+06
    twoNec = 91377.9
    twoNnw = 82497.5
  twoNecnw = 62974.7
  twoNbecnw = 14603.5
  twoNgbecnw = 226898
         m = 0.130363
        m2 = 0.0154406
        m4 = 0.0158249
        m6 = 7.76044e-07
        Tb = 17231.2
        Ta = 46215.6
        Td = 4867.73
        Tf = 4844.95
DiffEv reached_goal. cost=2.45611e-03 spread=2.92562e-06
Fitted parameter values
Free:
       pc1 = -1.32453
       pc2 = 1.9455
       pc3 = -1.81367
       pc4 = 3.61048
       pc5 = -0.986486
       pc6 = -0.469954
       pc7 = 1.74478
       pc8 = -1.95927
       pc9 = -0.0818328
      pc10 = -1.3045
      pc11 = -0.542841
      pc12 = 0.300619
      pc13 = -0.162483
      pc14 = -0.190196
      pc15 = 0.208331
      pc16 = 0.00437792
Constrained:
   Tgbecnw = 94812.4
     Tecnw = 23401.8
       Tnw = 8745.27
       Tec = 8795.04
     twoNb = 872603
     twoNc = 2.42275e+06
     twoNw = 6.83372e+06
    twoNec = 86237.3
    twoNnw = 81546.6
  twoNecnw = 61120.9
  twoNbecnw = 7211.4
  twoNgbecnw = 228196
         m = 0.114066
        m2 = 0.0158378
        m4 = 0.0165585
        m6 = 3.59944e-06
        Tb = 16098.4
        Ta = 45649.2
        Td = 4397.52
        Tf = 4372.63
#       SitePat  BranchLen
              b 115637.7076624
              e 44192.8096924
              c 45001.6755843
              n 42898.2512811
              w 42898.2511878
            b:e 1217.7139510
            b:c 1425.5134793
            b:n 1028.1357979
            b:w 1028.1357942
            e:c 11468.7983375
            e:n 4318.7625453
            e:w 4318.7625251
            c:n 4196.7093125
            c:w 4196.7094058
            n:w 12262.4528907
          b:e:c 1202.7259099
          b:e:n 560.3917973
          b:e:w 560.3917934
          b:c:n 563.5683692
          b:c:w 563.5683729
          b:n:w 1209.5910898
          e:c:n 4452.9485754
          e:c:w 4452.9485956
          e:n:w 5199.3887586
          c:n:w 4844.5947609
        b:e:c:n 1121.0708077
        b:e:c:w 1121.0708116
        b:e:n:w 1956.0367433
        b:c:n:w 1531.9183192
        e:c:n:w 44583.7202343
