########################################
# legofit: estimate population history #
#       version 2.3.4-4-g53f8760       #
########################################

# Program was compiled: Sep 21 2021 14:36:42
# Program was run: Sun Sep 26 01:42:59 2021

# cmd: legofit -1 -d 0 -t 32 --ptsPerDim 3 --stateOut b1boot17.state --tol 3e-6 -S 5000 abdf2.lgo ../../chrX/boot_chrX/boot17.opf
# Stage nOptItr nSimReps
#     0    5000        0
# algorithm          : deterministic
# ignoring probs <=  : 0
# Branch length floor: 0
# DE strategy        : 2
#    F               : 0.3
#    CR              : 0.8
#    tolerance       : 3e-06
# nthreads           : 32
# lgo input file     : abdf2.lgo
# site pat input file: ../../chrX/boot_chrX/boot17.opf
# free parameters    : 16
# points in DE swarm : 48
# output state file  : b1boot17.state
# Including singleton site patterns.
# cost function      : KL
Initial parameter values
Fixed:
      zero = 0
       one = 1
    Tbecnw = 75200
Free:
       pc1 = 0
       pc2 = 0
       pc3 = 0
       pc4 = 0
       pc5 = 0
       pc6 = 0
       pc7 = 0
       pc8 = 0
       pc9 = 0
      pc10 = 0
      pc11 = 0
      pc12 = 0
      pc13 = 0
      pc14 = 0
      pc15 = 0
      pc16 = 0
Constrained:
   Tgbecnw = 120307
     Tecnw = 24726.9
       Tnw = 9689.9
       Tec = 9735.46
     twoNb = 646085
     twoNc = 803723
     twoNw = 2.70827e+06
    twoNec = 91377.9
    twoNnw = 82497.5
  twoNecnw = 62974.7
  twoNbecnw = 14603.5
  twoNgbecnw = 226898
         m = 0.130363
        m2 = 0.0154406
        m4 = 0.0158249
        m6 = 7.76044e-07
        Tb = 17231.2
        Ta = 46215.6
        Td = 4867.73
        Tf = 4844.95
DiffEv reached_goal. cost=2.37496e-03 spread=2.37705e-06
Fitted parameter values
Free:
       pc1 = 1.18403
       pc2 = 1.9881
       pc3 = -1.27556
       pc4 = 3.8793
       pc5 = -1.8247
       pc6 = 0.0446062
       pc7 = 1.78342
       pc8 = -1.96999
       pc9 = 0.808171
      pc10 = -1.2431
      pc11 = 0.246426
      pc12 = 0.190299
      pc13 = -0.097357
      pc14 = -0.264028
      pc15 = 0.0719679
      pc16 = 0.0106599
Constrained:
   Tgbecnw = 97414.8
     Tecnw = 24229
       Tnw = 6984.42
       Tec = 7035.48
     twoNb = 912467
     twoNc = 2.99965e+06
     twoNw = 7.24651e+06
    twoNec = 98245.5
    twoNnw = 96949.2
  twoNecnw = 58340.6
  twoNbecnw = 7432.68
  twoNgbecnw = 293635
         m = 0.0913654
        m2 = 0.0165098
        m4 = 0.0153416
        m6 = 2.43154e-06
        Tb = 15632.3
        Ta = 45416.1
        Td = 3517.74
        Tf = 3492.21
#       SitePat  BranchLen
              b 116909.7404704
              e 44012.9457032
              c 44789.6276608
              n 42895.9408023
              w 42895.9407534
            b:e 1195.3780397
            b:c 1380.6678462
            b:n 1018.8159196
            b:w 1018.8159178
            e:c 11571.8393314
            e:n 4208.5749439
            e:w 4208.5749337
            c:n 4096.9756633
            c:w 4096.9757122
            n:w 12186.8539409
          b:e:c 1189.2816405
          b:e:n 549.8545434
          b:e:w 549.8545415
          b:c:n 552.9974527
          b:c:w 552.9974545
          b:n:w 1200.5734615
          e:c:n 4433.2483617
          e:c:w 4433.2483719
          e:n:w 5093.3335872
          c:n:w 4768.0662940
        b:e:c:n 1107.5926325
        b:e:c:w 1107.5926345
        b:e:n:w 1968.2837104
        b:c:n:w 1548.4917991
        e:c:n:w 46221.3353274
