########################################
# legofit: estimate population history #
#       version 2.3.4-4-g53f8760       #
########################################

# Program was compiled: Sep 21 2021 14:36:42
# Program was run: Sun Sep 26 01:58:01 2021

# cmd: legofit -1 -d 0 -t 32 --ptsPerDim 3 --stateOut b1boot24.state --tol 3e-6 -S 5000 abdf2.lgo ../../chrX/boot_chrX/boot24.opf
# Stage nOptItr nSimReps
#     0    5000        0
# algorithm          : deterministic
# ignoring probs <=  : 0
# Branch length floor: 0
# DE strategy        : 2
#    F               : 0.3
#    CR              : 0.8
#    tolerance       : 3e-06
# nthreads           : 32
# lgo input file     : abdf2.lgo
# site pat input file: ../../chrX/boot_chrX/boot24.opf
# free parameters    : 16
# points in DE swarm : 48
# output state file  : b1boot24.state
# Including singleton site patterns.
# cost function      : KL
Initial parameter values
Fixed:
      zero = 0
       one = 1
    Tbecnw = 75200
Free:
       pc1 = 0
       pc2 = 0
       pc3 = 0
       pc4 = 0
       pc5 = 0
       pc6 = 0
       pc7 = 0
       pc8 = 0
       pc9 = 0
      pc10 = 0
      pc11 = 0
      pc12 = 0
      pc13 = 0
      pc14 = 0
      pc15 = 0
      pc16 = 0
Constrained:
   Tgbecnw = 120307
     Tecnw = 24726.9
       Tnw = 9689.9
       Tec = 9735.46
     twoNb = 646085
     twoNc = 803723
     twoNw = 2.70827e+06
    twoNec = 91377.9
    twoNnw = 82497.5
  twoNecnw = 62974.7
  twoNbecnw = 14603.5
  twoNgbecnw = 226898
         m = 0.130363
        m2 = 0.0154406
        m4 = 0.0158249
        m6 = 7.76044e-07
        Tb = 17231.2
        Ta = 46215.6
        Td = 4867.73
        Tf = 4844.95
DiffEv reached_goal. cost=2.51702e-03 spread=2.46128e-06
Fitted parameter values
Free:
       pc1 = 0.400193
       pc2 = 1.83022
       pc3 = -1.79645
       pc4 = 3.88465
       pc5 = 0.22308
       pc6 = -0.570648
       pc7 = 1.67272
       pc8 = -1.99889
       pc9 = 0.0715
      pc10 = -1.89326
      pc11 = -0.252233
      pc12 = 0.273616
      pc13 = -0.0281809
      pc14 = 0.0433519
      pc15 = 0.134495
      pc16 = 0.00165113
Constrained:
   Tgbecnw = 98475.7
     Tecnw = 23901.2
       Tnw = 7724.93
       Tec = 7758.28
     twoNb = 920298
     twoNc = 2.26393e+06
     twoNw = 5.40654e+06
    twoNec = 99092.3
    twoNnw = 92350.8
  twoNecnw = 59454.8
  twoNbecnw = 7966.85
  twoNgbecnw = 280633
         m = 0.0948368
        m2 = 0.0156472
        m4 = 0.0166811
        m6 = 4.57306e-06
        Tb = 15829.7
        Ta = 45514.9
        Td = 3879.14
        Tf = 3862.46
#       SitePat  BranchLen
              b 117239.7927028
              e 44398.8807898
              c 45245.5065290
              n 43025.7449498
              w 43025.7448144
            b:e 1244.0128569
            b:c 1447.9355806
            b:n 1057.0235321
            b:w 1057.0235268
            e:c 11306.6872223
            e:n 4343.2473726
            e:w 4343.2473438
            c:n 4220.2074859
            c:w 4220.2076213
            n:w 12138.3155488
          b:e:c 1219.9149745
          b:e:n 580.7576522
          b:e:w 580.7576466
          b:c:n 584.1900665
          b:c:w 584.1900719
          b:n:w 1227.2683457
          e:c:n 4469.2026512
          e:c:w 4469.2026800
          e:n:w 5231.9875034
          c:n:w 4874.8677869
        b:e:c:n 1149.8095120
        b:e:c:w 1149.8095177
        b:e:n:w 2039.1095737
        b:c:n:w 1584.8954559
        e:c:n:w 46219.8639819
