########################################
# legofit: estimate population history #
#       version 2.3.4-4-g53f8760       #
########################################

# Program was compiled: Sep 21 2021 14:36:42
# Program was run: Sun Sep 26 02:08:36 2021

# cmd: legofit -1 -d 0 -t 32 --ptsPerDim 3 --stateOut b1boot46.state --tol 3e-6 -S 5000 abdf2.lgo ../../chrX/boot_chrX/boot46.opf
# Stage nOptItr nSimReps
#     0    5000        0
# algorithm          : deterministic
# ignoring probs <=  : 0
# Branch length floor: 0
# DE strategy        : 2
#    F               : 0.3
#    CR              : 0.8
#    tolerance       : 3e-06
# nthreads           : 32
# lgo input file     : abdf2.lgo
# site pat input file: ../../chrX/boot_chrX/boot46.opf
# free parameters    : 16
# points in DE swarm : 48
# output state file  : b1boot46.state
# Including singleton site patterns.
# cost function      : KL
Initial parameter values
Fixed:
      zero = 0
       one = 1
    Tbecnw = 75200
Free:
       pc1 = 0
       pc2 = 0
       pc3 = 0
       pc4 = 0
       pc5 = 0
       pc6 = 0
       pc7 = 0
       pc8 = 0
       pc9 = 0
      pc10 = 0
      pc11 = 0
      pc12 = 0
      pc13 = 0
      pc14 = 0
      pc15 = 0
      pc16 = 0
Constrained:
   Tgbecnw = 120307
     Tecnw = 24726.9
       Tnw = 9689.9
       Tec = 9735.46
     twoNb = 646085
     twoNc = 803723
     twoNw = 2.70827e+06
    twoNec = 91377.9
    twoNnw = 82497.5
  twoNecnw = 62974.7
  twoNbecnw = 14603.5
  twoNgbecnw = 226898
         m = 0.130363
        m2 = 0.0154406
        m4 = 0.0158249
        m6 = 7.76044e-07
        Tb = 17231.2
        Ta = 46215.6
        Td = 4867.73
        Tf = 4844.95
DiffEv reached_goal. cost=2.33070e-03 spread=2.93540e-06
Fitted parameter values
Free:
       pc1 = -0.733645
       pc2 = 1.85688
       pc3 = -0.275546
       pc4 = 2.82834
       pc5 = -0.41043
       pc6 = 0.204022
       pc7 = 1.60365
       pc8 = -1.52806
       pc9 = 0.208665
      pc10 = -1.88564
      pc11 = -0.342262
      pc12 = 0.231745
      pc13 = 0.000677113
      pc14 = -0.045891
      pc15 = 0.238544
      pc16 = -0.00996907
Constrained:
   Tgbecnw = 94969
     Tecnw = 23662.1
       Tnw = 8150.32
       Tec = 8171.17
     twoNb = 757109
     twoNc = 1.81197e+06
     twoNw = 4.34181e+06
    twoNec = 95365.5
    twoNnw = 88231.5
  twoNecnw = 60992
  twoNbecnw = 7159.53
  twoNgbecnw = 240367
         m = 0.115094
        m2 = 0.0155839
        m4 = 0.0150102
        m6 = 2.8154e-06
        Tb = 15916.6
        Ta = 45558.3
        Td = 4085.59
        Tf = 4075.16
#       SitePat  BranchLen
              b 117312.9489729
              e 44482.9887861
              c 45224.1443872
              n 43106.4880667
              w 43106.4879578
            b:e 1241.7379484
            b:c 1445.4473975
            b:n 1038.3353734
            b:w 1038.3353691
            e:c 11324.6778495
            e:n 4347.8758295
            e:w 4347.8758063
            c:n 4237.0279072
            c:w 4237.0280161
            n:w 12159.0784906
          b:e:c 1203.0445258
          b:e:n 571.4462089
          b:e:w 571.4462044
          b:c:n 574.6061010
          b:c:w 574.6061053
          b:n:w 1208.6513796
          e:c:n 4440.0641661
          e:c:w 4440.0641893
          e:n:w 5188.0672899
          c:n:w 4859.6929584
        b:e:c:n 1133.6156122
        b:e:c:w 1133.6156167
        b:e:n:w 1962.6858379
        b:c:n:w 1561.5708535
        e:c:n:w 46182.8879981
