########################################
# legofit: estimate population history #
#       version 2.3.4-4-g53f8760       #
########################################

# Program was compiled: Sep 21 2021 14:36:42
# Program was run: Sun Sep 26 01:59:14 2021

# cmd: legofit -1 -d 0 -t 32 --ptsPerDim 3 --stateOut b1boot25.state --tol 3e-6 -S 5000 abdf2.lgo ../../chrX/boot_chrX/boot25.opf
# Stage nOptItr nSimReps
#     0    5000        0
# algorithm          : deterministic
# ignoring probs <=  : 0
# Branch length floor: 0
# DE strategy        : 2
#    F               : 0.3
#    CR              : 0.8
#    tolerance       : 3e-06
# nthreads           : 32
# lgo input file     : abdf2.lgo
# site pat input file: ../../chrX/boot_chrX/boot25.opf
# free parameters    : 16
# points in DE swarm : 48
# output state file  : b1boot25.state
# Including singleton site patterns.
# cost function      : KL
Initial parameter values
Fixed:
      zero = 0
       one = 1
    Tbecnw = 75200
Free:
       pc1 = 0
       pc2 = 0
       pc3 = 0
       pc4 = 0
       pc5 = 0
       pc6 = 0
       pc7 = 0
       pc8 = 0
       pc9 = 0
      pc10 = 0
      pc11 = 0
      pc12 = 0
      pc13 = 0
      pc14 = 0
      pc15 = 0
      pc16 = 0
Constrained:
   Tgbecnw = 120307
     Tecnw = 24726.9
       Tnw = 9689.9
       Tec = 9735.46
     twoNb = 646085
     twoNc = 803723
     twoNw = 2.70827e+06
    twoNec = 91377.9
    twoNnw = 82497.5
  twoNecnw = 62974.7
  twoNbecnw = 14603.5
  twoNgbecnw = 226898
         m = 0.130363
        m2 = 0.0154406
        m4 = 0.0158249
        m6 = 7.76044e-07
        Tb = 17231.2
        Ta = 46215.6
        Td = 4867.73
        Tf = 4844.95
DiffEv reached_goal. cost=2.37123e-03 spread=2.35158e-06
Fitted parameter values
Free:
       pc1 = 0.398007
       pc2 = 1.97184
       pc3 = -1.06842
       pc4 = 3.73893
       pc5 = 0.0410739
       pc6 = -1.23925
       pc7 = 1.90862
       pc8 = -1.90211
       pc9 = -0.178644
      pc10 = -1.87247
      pc11 = -0.203052
      pc12 = 0.107486
      pc13 = -0.219468
      pc14 = -0.0392271
      pc15 = 0.131285
      pc16 = 0.0178808
Constrained:
   Tgbecnw = 98727.7
     Tecnw = 23892.6
       Tnw = 7084.16
       Tec = 7151.23
     twoNb = 930595
     twoNc = 1.6717e+06
     twoNw = 5.41094e+06
    twoNec = 101257
    twoNnw = 90280.6
  twoNecnw = 60384.9
  twoNbecnw = 8027.09
  twoNgbecnw = 274172
         m = 0.102226
        m2 = 0.0166876
        m4 = 0.0159937
        m6 = 4.56932e-06
        Tb = 15521.9
        Ta = 45360.9
        Td = 3575.61
        Tf = 3542.08
#       SitePat  BranchLen
              b 118384.7305319
              e 44573.2221491
              c 45394.1125796
              n 42848.2397534
              w 42848.2396287
            b:e 1246.1374250
            b:c 1444.8506659
            b:n 1031.9379541
            b:w 1031.9379493
            e:c 11501.7618151
            e:n 4288.8322389
            e:w 4288.8322129
            c:n 4172.3687064
            c:w 4172.3688311
            n:w 12556.4852493
          b:e:c 1219.7679874
          b:e:n 565.5318870
          b:e:w 565.5318820
          b:c:n 568.5687569
          b:c:w 568.5687617
          b:n:w 1229.6438932
          e:c:n 4404.7455715
          e:c:w 4404.7455975
          e:n:w 5247.5507102
          c:n:w 4903.6437658
        b:e:c:n 1123.1027676
        b:e:c:w 1123.1027726
        b:e:n:w 2061.0576554
        b:c:n:w 1612.2139361
        e:c:n:w 47162.7624612
