########################################
# legofit: estimate population history #
#       version 2.3.4-4-g53f8760       #
########################################

# Program was compiled: Sep 21 2021 14:36:42
# Program was run: Sun Sep 26 01:41:23 2021

# cmd: legofit -1 -d 0 -t 32 --ptsPerDim 3 --stateOut b1boot14.state --tol 3e-6 -S 5000 abdf2.lgo ../../chrX/boot_chrX/boot14.opf
# Stage nOptItr nSimReps
#     0    5000        0
# algorithm          : deterministic
# ignoring probs <=  : 0
# Branch length floor: 0
# DE strategy        : 2
#    F               : 0.3
#    CR              : 0.8
#    tolerance       : 3e-06
# nthreads           : 32
# lgo input file     : abdf2.lgo
# site pat input file: ../../chrX/boot_chrX/boot14.opf
# free parameters    : 16
# points in DE swarm : 48
# output state file  : b1boot14.state
# Including singleton site patterns.
# cost function      : KL
Initial parameter values
Fixed:
      zero = 0
       one = 1
    Tbecnw = 75200
Free:
       pc1 = 0
       pc2 = 0
       pc3 = 0
       pc4 = 0
       pc5 = 0
       pc6 = 0
       pc7 = 0
       pc8 = 0
       pc9 = 0
      pc10 = 0
      pc11 = 0
      pc12 = 0
      pc13 = 0
      pc14 = 0
      pc15 = 0
      pc16 = 0
Constrained:
   Tgbecnw = 120307
     Tecnw = 24726.9
       Tnw = 9689.9
       Tec = 9735.46
     twoNb = 646085
     twoNc = 803723
     twoNw = 2.70827e+06
    twoNec = 91377.9
    twoNnw = 82497.5
  twoNecnw = 62974.7
  twoNbecnw = 14603.5
  twoNgbecnw = 226898
         m = 0.130363
        m2 = 0.0154406
        m4 = 0.0158249
        m6 = 7.76044e-07
        Tb = 17231.2
        Ta = 46215.6
        Td = 4867.73
        Tf = 4844.95
DiffEv reached_goal. cost=2.19091e-03 spread=2.50506e-06
Fitted parameter values
Free:
       pc1 = 1.04224
       pc2 = 1.941
       pc3 = 0.354424
       pc4 = 3.80852
       pc5 = -1.02736
       pc6 = -0.487665
       pc7 = 1.9489
       pc8 = -1.73801
       pc9 = 1.04172
      pc10 = -1.9608
      pc11 = -0.428875
      pc12 = 0.205045
      pc13 = -0.165618
      pc14 = -0.0101555
      pc15 = 0.168132
      pc16 = -7.90826e-05
Constrained:
   Tgbecnw = 97237.2
     Tecnw = 23866.9
       Tnw = 6673.09
       Tec = 6684.07
     twoNb = 909949
     twoNc = 2.06246e+06
     twoNw = 5.02667e+06
    twoNec = 106055
    twoNnw = 97202.4
  twoNecnw = 58213.3
  twoNbecnw = 7519.58
  twoNgbecnw = 276382
         m = 0.0959786
        m2 = 0.0172831
        m4 = 0.0134057
        m6 = 2.90057e-06
        Tb = 15275.5
        Ta = 45237.7
        Td = 3342.03
        Tf = 3336.54
#       SitePat  BranchLen
              b 116668.6882300
              e 44054.8302226
              c 44732.1182204
              n 42533.8897956
              w 42533.8897153
            b:e 1208.9371687
            b:c 1372.5974869
            b:n 1003.1260443
            b:w 1003.1260413
            e:c 11252.7191345
            e:n 4275.3082252
            e:w 4275.3082084
            c:n 4177.0254075
            c:w 4177.0254878
            n:w 12130.5130439
          b:e:c 1162.3382180
          b:e:n 551.3218935
          b:e:w 551.3218903
          b:c:n 553.9890698
          b:c:w 553.9890728
          b:n:w 1171.9187626
          e:c:n 4415.0756166
          e:c:w 4415.0756333
          e:n:w 5163.0220026
          c:n:w 4874.4657797
        b:e:c:n 1088.9262674
        b:e:c:w 1088.9262705
        b:e:n:w 1925.6900306
        b:c:n:w 1564.5290010
        e:c:n:w 46040.6249193
