########################################
# legofit: estimate population history #
#       version 2.3.4-4-g53f8760       #
########################################

# Program was compiled: Sep 21 2021 14:36:42
# Program was run: Thu Sep 23 17:46:26 2021

# cmd: legofit -1 -d 0 -t 32 --ptsPerDim 3 --stateOut b1.state --tol 3e-6 -S 5000 adef2.lgo ../../pan.opf
# Stage nOptItr nSimReps
#     0    5000        0
# algorithm          : deterministic
# ignoring probs <=  : 0
# Branch length floor: 0
# DE strategy        : 2
#    F               : 0.3
#    CR              : 0.8
#    tolerance       : 3e-06
# nthreads           : 32
# lgo input file     : adef2.lgo
# site pat input file: ../../pan.opf
# free parameters    : 18
# points in DE swarm : 54
# output state file  : b1.state
# Including singleton site patterns.
# cost function      : KL
Initial parameter values
Fixed:
      zero = 0
       one = 1
    Tbecnw = 75200
Free:
       pc1 = 0
       pc2 = 0
       pc3 = 0
       pc4 = 0
       pc5 = 0
       pc6 = 0
       pc7 = 0
       pc8 = 0
       pc9 = 0
      pc10 = 0
      pc11 = 0
      pc12 = 0
      pc13 = 0
      pc14 = 0
      pc15 = 0
      pc16 = 0
      pc17 = 0
      pc18 = 0
Constrained:
   Tgbecnw = 109477
     Tecnw = 25374.9
       Tnw = 19462.2
       Tec = 11361.5
     twoNb = 1.31641e+06
     twoNe = 4.22388e+06
     twoNc = 4.21006e+06
     twoNn = 1.5933e+06
     twoNw = 2.30691e+06
    twoNec = 127548
    twoNnw = 28323.2
  twoNecnw = 83298
  twoNbecnw = 14248.2
  twoNgbecnw = 254898
         m = 0.139683
        m4 = 0.0188017
        m5 = 0.125592
        m6 = 0.0181607
        Ta = 43280.8
        Td = 5680.77
        Te = 9731.11
        Tf = 4865.56
DiffEv reached_goal. cost=1.88446e-03 spread=2.70788e-06
Fitted parameter values
Free:
       pc1 = 0.583186
       pc2 = -1.89114
       pc3 = 1.83042
       pc4 = 1.54191
       pc5 = 0.167384
       pc6 = 1.04941
       pc7 = 1.38422
       pc8 = -1.90183
       pc9 = 1.98803
      pc10 = -1.42999
      pc11 = 0.302911
      pc12 = 0.0994834
      pc13 = 0.297992
      pc14 = 0.115351
      pc15 = -0.0947643
      pc16 = -0.0598033
      pc17 = 0.0106768
      pc18 = -0.00276328
Constrained:
   Tgbecnw = 90733.9
     Tecnw = 24090
       Tnw = 19660.8
       Tec = 9844.3
     twoNb = 2.02495e+06
     twoNe = 7.165e+06
     twoNc = 8.44912e+06
     twoNn = -1.06391e+06
     twoNw = 3.39372e+06
    twoNec = 126498
    twoNnw = 20677.7
  twoNecnw = 80960.5
  twoNbecnw = 6745.02
  twoNgbecnw = 269341
         m = 0.128783
        m4 = 0.0181067
        m5 = 0.138742
        m6 = 0.0212887
        Ta = 42522.1
        Td = 4922.15
        Te = 9830.38
        Tf = 4915.19
#       SitePat  BranchLen
              b 127609.8970593
              e 49534.3879781
              c 52078.9978663
              n 46893.8681369
              w 46875.0627737
            b:e 2122.4794925
            b:c 2525.8218954
            b:n 1823.7345147
            b:w 1822.2651191
            e:c 10689.8541179
            e:n 5594.6587188
            e:w 5608.8592643
            c:n 5042.4157838
            c:w 5042.1872478
            n:w 12919.9406198
          b:e:c 2142.9922146
          b:e:n 1151.5611736
          b:e:w 1152.4555619
          b:c:n 1162.5237478
          b:c:w 1161.4930636
          b:n:w 2104.3266998
          e:c:n 4642.3736346
          e:c:w 4647.2069883
          e:n:w 6698.3642747
          c:n:w 5624.0838081
        b:e:c:n 2092.0705501
        b:e:c:w 2093.6762416
        b:e:n:w 3195.7757855
        b:c:n:w 2421.0185483
        e:c:n:w 53215.3759598
