########################################
# legofit: estimate population history #
#       version 2.3.4-4-g53f8760       #
########################################

# Program was compiled: Sep 21 2021 14:36:42
# Program was run: Thu Sep 23 17:48:19 2021

# cmd: legofit -1 -d 0 -t 32 --ptsPerDim 3 --stateOut b1boot17.state --tol 3e-6 -S 5000 adef2.lgo ../../boot/boot17.opf
# Stage nOptItr nSimReps
#     0    5000        0
# algorithm          : deterministic
# ignoring probs <=  : 0
# Branch length floor: 0
# DE strategy        : 2
#    F               : 0.3
#    CR              : 0.8
#    tolerance       : 3e-06
# nthreads           : 32
# lgo input file     : adef2.lgo
# site pat input file: ../../boot/boot17.opf
# free parameters    : 18
# points in DE swarm : 54
# output state file  : b1boot17.state
# Including singleton site patterns.
# cost function      : KL
Initial parameter values
Fixed:
      zero = 0
       one = 1
    Tbecnw = 75200
Free:
       pc1 = 0
       pc2 = 0
       pc3 = 0
       pc4 = 0
       pc5 = 0
       pc6 = 0
       pc7 = 0
       pc8 = 0
       pc9 = 0
      pc10 = 0
      pc11 = 0
      pc12 = 0
      pc13 = 0
      pc14 = 0
      pc15 = 0
      pc16 = 0
      pc17 = 0
      pc18 = 0
Constrained:
   Tgbecnw = 109477
     Tecnw = 25374.9
       Tnw = 19462.2
       Tec = 11361.5
     twoNb = 1.31641e+06
     twoNe = 4.22388e+06
     twoNc = 4.21006e+06
     twoNn = 1.5933e+06
     twoNw = 2.30691e+06
    twoNec = 127548
    twoNnw = 28323.2
  twoNecnw = 83298
  twoNbecnw = 14248.2
  twoNgbecnw = 254898
         m = 0.139683
        m4 = 0.0188017
        m5 = 0.125592
        m6 = 0.0181607
        Ta = 43280.8
        Td = 5680.77
        Te = 9731.11
        Tf = 4865.56
DiffEv reached_goal. cost=1.90287e-03 spread=2.73339e-06
Fitted parameter values
Free:
       pc1 = 1.06517
       pc2 = -1.96566
       pc3 = 1.87137
       pc4 = 1.27452
       pc5 = -0.616948
       pc6 = 1.0464
       pc7 = 1.416
       pc8 = -1.99496
       pc9 = 1.8866
      pc10 = -1.18778
      pc11 = 0.0867914
      pc12 = -0.272495
      pc13 = -0.0798108
      pc14 = 0.14826
      pc15 = 0.057761
      pc16 = -0.0704076
      pc17 = 0.00479064
      pc18 = -0.0107455
Constrained:
   Tgbecnw = 90222.6
     Tecnw = 24242.5
       Tnw = 19166.8
       Tec = 9720.12
     twoNb = 1.98176e+06
     twoNe = 9.05069e+06
     twoNc = 7.7494e+06
     twoNn = -793503
     twoNw = 2.92977e+06
    twoNec = 126541
    twoNnw = 23504.3
  twoNecnw = 81142.2
  twoNbecnw = 6449.12
  twoNgbecnw = 277412
         m = 0.123889
        m4 = 0.0184011
        m5 = 0.138246
        m6 = 0.0305242
        Ta = 42460.1
        Td = 4860.06
        Te = 9583.4
        Tf = 4791.7
#       SitePat  BranchLen
              b 127142.2911304
              e 49622.0714779
              c 52056.6763656
              n 46878.1185756
              w 46854.9668993
            b:e 2132.9967370
            b:c 2521.5873696
            b:n 1825.5903727
            b:w 1823.7988910
            e:c 10683.6339402
            e:n 5564.2718055
            e:w 5579.9349958
            c:n 5040.2733806
            c:w 5041.8791983
            n:w 12959.2761920
          b:e:c 2151.2081623
          b:e:n 1153.8811588
          b:e:w 1154.7399556
          b:c:n 1164.7247405
          b:c:w 1163.6978005
          b:n:w 2111.5257725
          e:c:n 4613.7131504
          e:c:w 4619.5958187
          e:n:w 6644.1826839
          c:n:w 5627.5680843
        b:e:c:n 2098.5834884
        b:e:c:w 2100.5431134
        b:e:n:w 3201.9754762
        b:c:n:w 2437.6470827
        e:c:n:w 52863.4595561
