########################################
# legofit: estimate population history #
#       version 2.3.4-4-g53f8760       #
########################################

# Program was compiled: Sep 21 2021 14:36:42
# Program was run: Thu Sep 23 17:48:59 2021

# cmd: legofit -1 -d 0 -t 32 --ptsPerDim 3 --stateOut b1boot23.state --tol 3e-6 -S 5000 adef2.lgo ../../boot/boot23.opf
# Stage nOptItr nSimReps
#     0    5000        0
# algorithm          : deterministic
# ignoring probs <=  : 0
# Branch length floor: 0
# DE strategy        : 2
#    F               : 0.3
#    CR              : 0.8
#    tolerance       : 3e-06
# nthreads           : 32
# lgo input file     : adef2.lgo
# site pat input file: ../../boot/boot23.opf
# free parameters    : 18
# points in DE swarm : 54
# output state file  : b1boot23.state
# Including singleton site patterns.
# cost function      : KL
Initial parameter values
Fixed:
      zero = 0
       one = 1
    Tbecnw = 75200
Free:
       pc1 = 0
       pc2 = 0
       pc3 = 0
       pc4 = 0
       pc5 = 0
       pc6 = 0
       pc7 = 0
       pc8 = 0
       pc9 = 0
      pc10 = 0
      pc11 = 0
      pc12 = 0
      pc13 = 0
      pc14 = 0
      pc15 = 0
      pc16 = 0
      pc17 = 0
      pc18 = 0
Constrained:
   Tgbecnw = 109477
     Tecnw = 25374.9
       Tnw = 19462.2
       Tec = 11361.5
     twoNb = 1.31641e+06
     twoNe = 4.22388e+06
     twoNc = 4.21006e+06
     twoNn = 1.5933e+06
     twoNw = 2.30691e+06
    twoNec = 127548
    twoNnw = 28323.2
  twoNecnw = 83298
  twoNbecnw = 14248.2
  twoNgbecnw = 254898
         m = 0.139683
        m4 = 0.0188017
        m5 = 0.125592
        m6 = 0.0181607
        Ta = 43280.8
        Td = 5680.77
        Te = 9731.11
        Tf = 4865.56
DiffEv reached_goal. cost=1.86443e-03 spread=2.90244e-06
Fitted parameter values
Free:
       pc1 = 1.10623
       pc2 = -1.90076
       pc3 = 1.93293
       pc4 = 1.23158
       pc5 = -0.850928
       pc6 = 1.5738
       pc7 = 1.77528
       pc8 = -1.84079
       pc9 = 1.89244
      pc10 = -1.67563
      pc11 = 0.428905
      pc12 = -0.281816
      pc13 = -0.0817386
      pc14 = 0.140525
      pc15 = 0.00625361
      pc16 = -0.0409537
      pc17 = -0.0037406
      pc18 = 0.00102677
Constrained:
   Tgbecnw = 90509.1
     Tecnw = 24273.5
       Tnw = 19034.6
       Tec = 9971.17
     twoNb = 1.93774e+06
     twoNe = 9.67334e+06
     twoNc = 6.1283e+06
     twoNn = -1.96839e+06
     twoNw = 3.08866e+06
    twoNec = 123896
    twoNnw = 24214.2
  twoNecnw = 81053.5
  twoNbecnw = 6532.61
  twoNgbecnw = 281066
         m = 0.122016
        m4 = 0.0180893
        m5 = 0.142212
        m6 = 0.0334728
        Ta = 42585.6
        Td = 4985.59
        Te = 9517.3
        Tf = 4758.65
#       SitePat  BranchLen
              b 127180.3082829
              e 49611.0701141
              c 52044.9932405
              n 46840.9523627
              w 46818.0925080
            b:e 2135.3824081
            b:c 2520.9040597
            b:n 1826.8834753
            b:w 1825.1168033
            e:c 10654.6893039
            e:n 5576.7259279
            e:w 5591.8383297
            c:n 5049.5136283
            c:w 5051.4551900
            n:w 12953.0439120
          b:e:c 2150.1252678
          b:e:n 1155.8086837
          b:e:w 1156.6107981
          b:c:n 1166.6252108
          b:c:w 1165.6577815
          b:n:w 2110.4460654
          e:c:n 4616.0294250
          e:c:w 4621.8353164
          e:n:w 6652.2160500
          c:n:w 5635.9231610
        b:e:c:n 2099.5969225
        b:e:c:w 2101.5289093
        b:e:n:w 3195.1128474
        b:c:n:w 2439.6926319
        e:c:n:w 52911.2300990
