########################################
# legofit: estimate population history #
#       version 2.3.4-4-g53f8760       #
########################################

# Program was compiled: Sep 21 2021 14:36:42
# Program was run: Thu Sep 23 17:48:23 2021

# cmd: legofit -1 -d 0 -t 32 --ptsPerDim 3 --stateOut b1boot19.state --tol 3e-6 -S 5000 adef2.lgo ../../boot/boot19.opf
# Stage nOptItr nSimReps
#     0    5000        0
# algorithm          : deterministic
# ignoring probs <=  : 0
# Branch length floor: 0
# DE strategy        : 2
#    F               : 0.3
#    CR              : 0.8
#    tolerance       : 3e-06
# nthreads           : 32
# lgo input file     : adef2.lgo
# site pat input file: ../../boot/boot19.opf
# free parameters    : 18
# points in DE swarm : 54
# output state file  : b1boot19.state
# Including singleton site patterns.
# cost function      : KL
Initial parameter values
Fixed:
      zero = 0
       one = 1
    Tbecnw = 75200
Free:
       pc1 = 0
       pc2 = 0
       pc3 = 0
       pc4 = 0
       pc5 = 0
       pc6 = 0
       pc7 = 0
       pc8 = 0
       pc9 = 0
      pc10 = 0
      pc11 = 0
      pc12 = 0
      pc13 = 0
      pc14 = 0
      pc15 = 0
      pc16 = 0
      pc17 = 0
      pc18 = 0
Constrained:
   Tgbecnw = 109477
     Tecnw = 25374.9
       Tnw = 19462.2
       Tec = 11361.5
     twoNb = 1.31641e+06
     twoNe = 4.22388e+06
     twoNc = 4.21006e+06
     twoNn = 1.5933e+06
     twoNw = 2.30691e+06
    twoNec = 127548
    twoNnw = 28323.2
  twoNecnw = 83298
  twoNbecnw = 14248.2
  twoNgbecnw = 254898
         m = 0.139683
        m4 = 0.0188017
        m5 = 0.125592
        m6 = 0.0181607
        Ta = 43280.8
        Td = 5680.77
        Te = 9731.11
        Tf = 4865.56
DiffEv reached_goal. cost=1.88884e-03 spread=2.46545e-06
Fitted parameter values
Free:
       pc1 = 1.29669
       pc2 = -1.92313
       pc3 = 1.99497
       pc4 = 0.948632
       pc5 = -0.787901
       pc6 = 1.02292
       pc7 = 1.22241
       pc8 = -1.96355
       pc9 = 1.94888
      pc10 = -0.962437
      pc11 = 0.0270247
      pc12 = -0.125504
      pc13 = -0.0718139
      pc14 = 0.117707
      pc15 = -0.0490778
      pc16 = -0.0544175
      pc17 = 0.000314312
      pc18 = -0.00192896
Constrained:
   Tgbecnw = 91088.4
     Tecnw = 24367.6
       Tnw = 19181.5
       Tec = 9635.13
     twoNb = 1.93972e+06
     twoNe = 9.32264e+06
     twoNc = 7.81087e+06
     twoNn = -341731
     twoNw = 2.97556e+06
    twoNec = 127030
    twoNnw = 23920.3
  twoNecnw = 80180.2
  twoNbecnw = 6772.55
  twoNgbecnw = 280555
         m = 0.122513
        m4 = 0.0186387
        m5 = 0.140044
        m6 = 0.0325573
        Ta = 42417.6
        Td = 4817.56
        Te = 9590.75
        Tf = 4795.37
#       SitePat  BranchLen
              b 127466.4757933
              e 49542.4400200
              c 51989.5428552
              n 46814.2421423
              w 46790.8664248
            b:e 2125.9214468
            b:c 2517.8995361
            b:n 1819.1238199
            b:w 1817.3194861
            e:c 10684.2354339
            e:n 5557.1140902
            e:w 5572.6311759
            c:n 5033.4190534
            c:w 5035.3227876
            n:w 12939.7744609
          b:e:c 2142.4289274
          b:e:n 1147.9970576
          b:e:w 1148.8259895
          b:c:n 1158.7523526
          b:c:w 1157.7573200
          b:n:w 2103.4145055
          e:c:n 4624.3760001
          e:c:w 4630.3308975
          e:n:w 6666.5416710
          c:n:w 5642.2018709
        b:e:c:n 2085.8264276
        b:e:c:w 2087.7968620
        b:e:n:w 3197.1071378
        b:c:n:w 2423.6825477
        e:c:n:w 53186.7563380
