########################################
# legofit: estimate population history #
#       version 2.3.4-4-g53f8760       #
########################################

# Program was compiled: Sep 21 2021 14:36:42
# Program was run: Thu Sep 23 17:48:30 2021

# cmd: legofit -1 -d 0 -t 32 --ptsPerDim 3 --stateOut b1boot20.state --tol 3e-6 -S 5000 adef2.lgo ../../boot/boot20.opf
# Stage nOptItr nSimReps
#     0    5000        0
# algorithm          : deterministic
# ignoring probs <=  : 0
# Branch length floor: 0
# DE strategy        : 2
#    F               : 0.3
#    CR              : 0.8
#    tolerance       : 3e-06
# nthreads           : 32
# lgo input file     : adef2.lgo
# site pat input file: ../../boot/boot20.opf
# free parameters    : 18
# points in DE swarm : 54
# output state file  : b1boot20.state
# Including singleton site patterns.
# cost function      : KL
Initial parameter values
Fixed:
      zero = 0
       one = 1
    Tbecnw = 75200
Free:
       pc1 = 0
       pc2 = 0
       pc3 = 0
       pc4 = 0
       pc5 = 0
       pc6 = 0
       pc7 = 0
       pc8 = 0
       pc9 = 0
      pc10 = 0
      pc11 = 0
      pc12 = 0
      pc13 = 0
      pc14 = 0
      pc15 = 0
      pc16 = 0
      pc17 = 0
      pc18 = 0
Constrained:
   Tgbecnw = 109477
     Tecnw = 25374.9
       Tnw = 19462.2
       Tec = 11361.5
     twoNb = 1.31641e+06
     twoNe = 4.22388e+06
     twoNc = 4.21006e+06
     twoNn = 1.5933e+06
     twoNw = 2.30691e+06
    twoNec = 127548
    twoNnw = 28323.2
  twoNecnw = 83298
  twoNbecnw = 14248.2
  twoNgbecnw = 254898
         m = 0.139683
        m4 = 0.0188017
        m5 = 0.125592
        m6 = 0.0181607
        Ta = 43280.8
        Td = 5680.77
        Te = 9731.11
        Tf = 4865.56
DiffEv reached_goal. cost=1.88185e-03 spread=2.78104e-06
Fitted parameter values
Free:
       pc1 = 1.42701
       pc2 = -1.94577
       pc3 = 1.90431
       pc4 = 1.04669
       pc5 = -0.304167
       pc6 = 1.77923
       pc7 = 1.74622
       pc8 = -1.89644
       pc9 = 1.98635
      pc10 = -1.44598
      pc11 = 0.382123
      pc12 = -0.320887
      pc13 = 0.0611217
      pc14 = 0.0861915
      pc15 = -0.0734839
      pc16 = -0.0619169
      pc17 = -0.0188456
      pc18 = -0.0130399
Constrained:
   Tgbecnw = 91050.4
     Tecnw = 24282.5
       Tnw = 18764.8
       Tec = 9612.67
     twoNb = 2.00342e+06
     twoNe = 8.3076e+06
     twoNc = 7.80817e+06
     twoNn = -2.28007e+06
     twoNw = 3.33455e+06
    twoNec = 126905
    twoNnw = 25992.9
  twoNecnw = 80421.8
  twoNbecnw = 6721.56
  twoNgbecnw = 282256
         m = 0.121429
        m4 = 0.0184063
        m5 = 0.14058
        m6 = 0.0293872
        Ta = 42406.3
        Td = 4806.34
        Te = 9382.41
        Tf = 4691.2
#       SitePat  BranchLen
              b 127257.6486540
              e 49477.9669407
              c 51948.4012413
              n 46855.8133979
              w 46835.6899687
            b:e 2110.0829527
            b:c 2498.4013911
            b:n 1818.7699138
            b:w 1817.2301851
            e:c 10671.6550344
            e:n 5579.4396471
            e:w 5593.3265623
            c:n 5043.6370423
            c:w 5044.7848895
            n:w 12882.7661380
          b:e:c 2126.6206277
          b:e:n 1147.3348482
          b:e:w 1148.1058665
          b:c:n 1158.0533736
          b:c:w 1157.1398454
          b:n:w 2088.8551996
          e:c:n 4632.7336627
          e:c:w 4637.8223294
          e:n:w 6623.4696584
          c:n:w 5598.5542886
        b:e:c:n 2086.7179378
        b:e:c:w 2088.4001764
        b:e:n:w 3176.7769909
        b:c:n:w 2407.5311363
        e:c:n:w 52987.2161225
