########################################
# legofit: estimate population history #
#       version 2.3.4-4-g53f8760       #
########################################

# Program was compiled: Sep 21 2021 14:36:42
# Program was run: Thu Sep 23 17:48:19 2021

# cmd: legofit -1 -d 0 -t 32 --ptsPerDim 3 --stateOut b1boot16.state --tol 3e-6 -S 5000 adef2.lgo ../../boot/boot16.opf
# Stage nOptItr nSimReps
#     0    5000        0
# algorithm          : deterministic
# ignoring probs <=  : 0
# Branch length floor: 0
# DE strategy        : 2
#    F               : 0.3
#    CR              : 0.8
#    tolerance       : 3e-06
# nthreads           : 32
# lgo input file     : adef2.lgo
# site pat input file: ../../boot/boot16.opf
# free parameters    : 18
# points in DE swarm : 54
# output state file  : b1boot16.state
# Including singleton site patterns.
# cost function      : KL
Initial parameter values
Fixed:
      zero = 0
       one = 1
    Tbecnw = 75200
Free:
       pc1 = 0
       pc2 = 0
       pc3 = 0
       pc4 = 0
       pc5 = 0
       pc6 = 0
       pc7 = 0
       pc8 = 0
       pc9 = 0
      pc10 = 0
      pc11 = 0
      pc12 = 0
      pc13 = 0
      pc14 = 0
      pc15 = 0
      pc16 = 0
      pc17 = 0
      pc18 = 0
Constrained:
   Tgbecnw = 109477
     Tecnw = 25374.9
       Tnw = 19462.2
       Tec = 11361.5
     twoNb = 1.31641e+06
     twoNe = 4.22388e+06
     twoNc = 4.21006e+06
     twoNn = 1.5933e+06
     twoNw = 2.30691e+06
    twoNec = 127548
    twoNnw = 28323.2
  twoNecnw = 83298
  twoNbecnw = 14248.2
  twoNgbecnw = 254898
         m = 0.139683
        m4 = 0.0188017
        m5 = 0.125592
        m6 = 0.0181607
        Ta = 43280.8
        Td = 5680.77
        Te = 9731.11
        Tf = 4865.56
DiffEv reached_goal. cost=1.83589e-03 spread=2.98196e-06
Fitted parameter values
Free:
       pc1 = 0.909725
       pc2 = -1.95577
       pc3 = 1.92893
       pc4 = 1.72284
       pc5 = -0.125883
       pc6 = -0.240188
       pc7 = 1.43088
       pc8 = -1.99883
       pc9 = 1.87126
      pc10 = -1.93789
      pc11 = 0.748713
      pc12 = 0.00728247
      pc13 = 0.14169
      pc14 = 0.0310528
      pc15 = -0.0286371
      pc16 = -0.00839205
      pc17 = 0.0747805
      pc18 = 0.013698
Constrained:
   Tgbecnw = 88442.2
     Tecnw = 24118.9
       Tnw = 18981.8
       Tec = 9504.58
     twoNb = 2.38917e+06
     twoNe = 7.26224e+06
     twoNc = 3.8837e+06
     twoNn = 487486
     twoNw = 3.24586e+06
    twoNec = 132321
    twoNnw = 24057.7
  twoNecnw = 81273.4
  twoNbecnw = 5795.07
  twoNgbecnw = 269128
         m = 0.130896
        m4 = 0.0176468
        m5 = 0.139322
        m6 = 0.0222974
        Ta = 42352.3
        Td = 4752.29
        Te = 9490.92
        Tf = 4745.46
#       SitePat  BranchLen
              b 127471.8537005
              e 49557.2896435
              c 52081.1098556
              n 46821.2958738
              w 46801.8662459
            b:e 2124.0594770
            b:c 2516.1473539
            b:n 1820.6916184
            b:w 1819.1898453
            e:c 10593.9278502
            e:n 5587.0648261
            e:w 5601.5972688
            c:n 5034.5757376
            c:w 5034.5572730
            n:w 12909.0224759
          b:e:c 2138.2236567
          b:e:n 1155.2323174
          b:e:w 1156.1253732
          b:c:n 1166.1164612
          b:c:w 1165.0807290
          b:n:w 2098.5985573
          e:c:n 4600.5311211
          e:c:w 4605.4467709
          e:n:w 6646.8939421
          c:n:w 5593.3674460
        b:e:c:n 2095.9292546
        b:e:c:w 2097.5737041
        b:e:n:w 3193.2678733
        b:c:n:w 2430.5755741
        e:c:n:w 53295.5027080
