########################################
# legofit: estimate population history #
#       version 2.3.4-4-g53f8760       #
########################################

# Program was compiled: Sep 21 2021 14:36:42
# Program was run: Thu Sep 23 17:50:40 2021

# cmd: legofit -1 -d 0 -t 32 --ptsPerDim 3 --stateOut b1boot43.state --tol 3e-6 -S 5000 adef2.lgo ../../boot/boot43.opf
# Stage nOptItr nSimReps
#     0    5000        0
# algorithm          : deterministic
# ignoring probs <=  : 0
# Branch length floor: 0
# DE strategy        : 2
#    F               : 0.3
#    CR              : 0.8
#    tolerance       : 3e-06
# nthreads           : 32
# lgo input file     : adef2.lgo
# site pat input file: ../../boot/boot43.opf
# free parameters    : 18
# points in DE swarm : 54
# output state file  : b1boot43.state
# Including singleton site patterns.
# cost function      : KL
Initial parameter values
Fixed:
      zero = 0
       one = 1
    Tbecnw = 75200
Free:
       pc1 = 0
       pc2 = 0
       pc3 = 0
       pc4 = 0
       pc5 = 0
       pc6 = 0
       pc7 = 0
       pc8 = 0
       pc9 = 0
      pc10 = 0
      pc11 = 0
      pc12 = 0
      pc13 = 0
      pc14 = 0
      pc15 = 0
      pc16 = 0
      pc17 = 0
      pc18 = 0
Constrained:
   Tgbecnw = 109477
     Tecnw = 25374.9
       Tnw = 19462.2
       Tec = 11361.5
     twoNb = 1.31641e+06
     twoNe = 4.22388e+06
     twoNc = 4.21006e+06
     twoNn = 1.5933e+06
     twoNw = 2.30691e+06
    twoNec = 127548
    twoNnw = 28323.2
  twoNecnw = 83298
  twoNbecnw = 14248.2
  twoNgbecnw = 254898
         m = 0.139683
        m4 = 0.0188017
        m5 = 0.125592
        m6 = 0.0181607
        Ta = 43280.8
        Td = 5680.77
        Te = 9731.11
        Tf = 4865.56
DiffEv reached_goal. cost=1.89828e-03 spread=2.81854e-06
Fitted parameter values
Free:
       pc1 = 0.724673
       pc2 = -1.97094
       pc3 = 1.97378
       pc4 = 1.27836
       pc5 = -1.49715
       pc6 = 0.665602
       pc7 = 1.09262
       pc8 = -1.91974
       pc9 = 1.92684
      pc10 = -1.80591
      pc11 = 0.725506
      pc12 = -0.125879
      pc13 = 0.112776
      pc14 = 0.0539223
      pc15 = 0.00562034
      pc16 = -0.0374328
      pc17 = 0.00653589
      pc18 = -0.0140261
Constrained:
   Tgbecnw = 90255.3
     Tecnw = 24264.3
       Tnw = 19342.3
       Tec = 10122.8
     twoNb = 1.84516e+06
     twoNe = 1.07267e+07
     twoNc = 4.44698e+06
     twoNn = 225021
     twoNw = 2.91969e+06
    twoNec = 120967
    twoNnw = 22899.1
  twoNecnw = 81398.1
  twoNbecnw = 6417.7
  twoNgbecnw = 281992
         m = 0.122183
        m4 = 0.0176534
        m5 = 0.146928
        m6 = 0.0314406
        Ta = 42661.4
        Td = 5061.42
        Te = 9671.14
        Tf = 4835.57
#       SitePat  BranchLen
              b 127226.1105896
              e 49576.4251612
              c 52067.9164151
              n 46944.1932013
              w 46919.5013386
            b:e 2129.0400211
            b:c 2520.5091787
            b:n 1831.8485565
            b:w 1829.9287393
            e:c 10669.1345015
            e:n 5589.3240011
            e:w 5606.2066807
            c:n 5043.5597641
            c:w 5045.0786194
            n:w 12890.5065290
          b:e:c 2150.7443305
          b:e:n 1157.8868368
          b:e:w 1158.8302347
          b:c:n 1169.2058642
          b:c:w 1168.0811637
          b:n:w 2111.4932328
          e:c:n 4620.2028210
          e:c:w 4626.4931488
          e:n:w 6643.4856545
          c:n:w 5599.9999977
        b:e:c:n 2107.0958697
        b:e:c:w 2109.1969894
        b:e:n:w 3188.4165853
        b:c:n:w 2435.2639222
        e:c:n:w 52961.1695283
