########################################
# legofit: estimate population history #
#       version 2.3.4-4-g53f8760       #
########################################

# Program was compiled: Sep 21 2021 14:36:42
# Program was run: Thu Sep 23 17:46:59 2021

# cmd: legofit -1 -d 0 -t 32 --ptsPerDim 3 --stateOut b1boot3.state --tol 3e-6 -S 5000 adef2.lgo ../../boot/boot3.opf
# Stage nOptItr nSimReps
#     0    5000        0
# algorithm          : deterministic
# ignoring probs <=  : 0
# Branch length floor: 0
# DE strategy        : 2
#    F               : 0.3
#    CR              : 0.8
#    tolerance       : 3e-06
# nthreads           : 32
# lgo input file     : adef2.lgo
# site pat input file: ../../boot/boot3.opf
# free parameters    : 18
# points in DE swarm : 54
# output state file  : b1boot3.state
# Including singleton site patterns.
# cost function      : KL
Initial parameter values
Fixed:
      zero = 0
       one = 1
    Tbecnw = 75200
Free:
       pc1 = 0
       pc2 = 0
       pc3 = 0
       pc4 = 0
       pc5 = 0
       pc6 = 0
       pc7 = 0
       pc8 = 0
       pc9 = 0
      pc10 = 0
      pc11 = 0
      pc12 = 0
      pc13 = 0
      pc14 = 0
      pc15 = 0
      pc16 = 0
      pc17 = 0
      pc18 = 0
Constrained:
   Tgbecnw = 109477
     Tecnw = 25374.9
       Tnw = 19462.2
       Tec = 11361.5
     twoNb = 1.31641e+06
     twoNe = 4.22388e+06
     twoNc = 4.21006e+06
     twoNn = 1.5933e+06
     twoNw = 2.30691e+06
    twoNec = 127548
    twoNnw = 28323.2
  twoNecnw = 83298
  twoNbecnw = 14248.2
  twoNgbecnw = 254898
         m = 0.139683
        m4 = 0.0188017
        m5 = 0.125592
        m6 = 0.0181607
        Ta = 43280.8
        Td = 5680.77
        Te = 9731.11
        Tf = 4865.56
DiffEv reached_goal. cost=1.88681e-03 spread=1.91206e-06
Fitted parameter values
Free:
       pc1 = 0.545192
       pc2 = -1.94577
       pc3 = 1.38853
       pc4 = 1.81415
       pc5 = -0.589014
       pc6 = 1.01232
       pc7 = 1.64527
       pc8 = -1.9278
       pc9 = 1.91509
      pc10 = -1.69925
      pc11 = 0.4788
      pc12 = -0.0168302
      pc13 = -0.0680691
      pc14 = 0.168334
      pc15 = 0.0389576
      pc16 = -0.0566644
      pc17 = 0.00975336
      pc18 = -0.0252607
Constrained:
   Tgbecnw = 90170.6
     Tecnw = 24134.3
       Tnw = 19553.2
       Tec = 9908.14
     twoNb = 1.98053e+06
     twoNe = 1.02065e+07
     twoNc = 6.51914e+06
     twoNn = -1.30742e+06
     twoNw = 2.90751e+06
    twoNec = 126886
    twoNnw = 21453.5
  twoNecnw = 81487.8
  twoNbecnw = 6504.24
  twoNgbecnw = 272455
         m = 0.127121
        m4 = 0.0176411
        m5 = 0.135872
        m6 = 0.0251855
        Ta = 42554.1
        Td = 4954.07
        Te = 9776.61
        Tf = 4888.3
#       SitePat  BranchLen
              b 127477.6457872
              e 49705.5162829
              c 52130.8879974
              n 47006.0385971
              w 46983.6882414
            b:e 2152.0460166
            b:c 2539.8635993
            b:n 1845.6671917
            b:w 1843.9100821
            e:c 10686.5976098
            e:n 5592.2785133
            e:w 5608.2813229
            c:n 5067.1713732
            c:w 5067.7895246
            n:w 12931.7925938
          b:e:c 2167.7562712
          b:e:n 1167.4411979
          b:e:w 1168.3983383
          b:c:n 1178.3432205
          b:c:w 1177.2207694
          b:n:w 2128.1403167
          e:c:n 4643.9452298
          e:c:w 4649.6746244
          e:n:w 6664.2121505
          c:n:w 5645.0672758
        b:e:c:n 2121.9066180
        b:e:c:w 2123.8290383
        b:e:n:w 3208.0491462
        b:c:n:w 2459.8789356
        e:c:n:w 53100.1644416
