########################################
# legofit: estimate population history #
#       version 2.3.4-4-g53f8760       #
########################################

# Program was compiled: Sep 21 2021 14:36:42
# Program was run: Thu Sep 23 17:47:29 2021

# cmd: legofit -1 -d 0 -t 32 --ptsPerDim 3 --stateOut b1boot8.state --tol 3e-6 -S 5000 adef2.lgo ../../boot/boot8.opf
# Stage nOptItr nSimReps
#     0    5000        0
# algorithm          : deterministic
# ignoring probs <=  : 0
# Branch length floor: 0
# DE strategy        : 2
#    F               : 0.3
#    CR              : 0.8
#    tolerance       : 3e-06
# nthreads           : 32
# lgo input file     : adef2.lgo
# site pat input file: ../../boot/boot8.opf
# free parameters    : 18
# points in DE swarm : 54
# output state file  : b1boot8.state
# Including singleton site patterns.
# cost function      : KL
Initial parameter values
Fixed:
      zero = 0
       one = 1
    Tbecnw = 75200
Free:
       pc1 = 0
       pc2 = 0
       pc3 = 0
       pc4 = 0
       pc5 = 0
       pc6 = 0
       pc7 = 0
       pc8 = 0
       pc9 = 0
      pc10 = 0
      pc11 = 0
      pc12 = 0
      pc13 = 0
      pc14 = 0
      pc15 = 0
      pc16 = 0
      pc17 = 0
      pc18 = 0
Constrained:
   Tgbecnw = 109477
     Tecnw = 25374.9
       Tnw = 19462.2
       Tec = 11361.5
     twoNb = 1.31641e+06
     twoNe = 4.22388e+06
     twoNc = 4.21006e+06
     twoNn = 1.5933e+06
     twoNw = 2.30691e+06
    twoNec = 127548
    twoNnw = 28323.2
  twoNecnw = 83298
  twoNbecnw = 14248.2
  twoNgbecnw = 254898
         m = 0.139683
        m4 = 0.0188017
        m5 = 0.125592
        m6 = 0.0181607
        Ta = 43280.8
        Td = 5680.77
        Te = 9731.11
        Tf = 4865.56
DiffEv reached_goal. cost=1.86764e-03 spread=2.04436e-06
Fitted parameter values
Free:
       pc1 = 0.971939
       pc2 = -1.99846
       pc3 = 1.96613
       pc4 = 1.93974
       pc5 = -0.57383
       pc6 = 1.94634
       pc7 = 1.50285
       pc8 = -1.98075
       pc9 = 1.96941
      pc10 = -1.65597
      pc11 = 0.311831
      pc12 = -0.453519
      pc13 = -0.197799
      pc14 = 0.22751
      pc15 = 0.0312449
      pc16 = -0.0548626
      pc17 = 0.0186813
      pc18 = -0.0128936
Constrained:
   Tgbecnw = 88187.6
     Tecnw = 24042.5
       Tnw = 18934.1
       Tec = 9640.35
     twoNb = 1.7023e+06
     twoNe = 8.91744e+06
     twoNc = 9.18496e+06
     twoNn = -2.35227e+06
     twoNw = 3.1168e+06
    twoNec = 126122
    twoNnw = 23712.8
  twoNecnw = 81515.7
  twoNbecnw = 5584.88
  twoNgbecnw = 277591
         m = 0.124464
        m4 = 0.0179314
        m5 = 0.139034
        m6 = 0.033247
        Ta = 42420.2
        Td = 4820.17
        Te = 9467.05
        Tf = 4733.52
#       SitePat  BranchLen
              b 126627.7424476
              e 49450.2506707
              c 51816.5954757
              n 46675.1836804
              w 46653.1262952
            b:e 2109.5685397
            b:c 2491.6414297
            b:n 1803.3305077
            b:w 1801.6415640
            e:c 10606.4228268
            e:n 5547.4855902
            e:w 5561.9862294
            c:n 5033.3676429
            c:w 5035.3408664
            n:w 12897.3177673
          b:e:c 2124.0088553
          b:e:n 1143.0702854
          b:e:w 1143.8253443
          b:c:n 1153.9511383
          b:c:w 1153.0345333
          b:n:w 2083.7302378
          e:c:n 4572.9075735
          e:c:w 4578.4910960
          e:n:w 6580.2883009
          c:n:w 5591.2817322
        b:e:c:n 2078.8604325
        b:e:c:w 2080.7109224
        b:e:n:w 3155.8398984
        b:c:n:w 2417.1017778
        e:c:n:w 52634.3416113
