########################################
# legofit: estimate population history #
#       version 2.3.4-4-g53f8760       #
########################################

# Program was compiled: Sep 21 2021 14:36:42
# Program was run: Thu Sep 23 17:49:00 2021

# cmd: legofit -1 -d 0 -t 32 --ptsPerDim 3 --stateOut b1boot24.state --tol 3e-6 -S 5000 adef2.lgo ../../boot/boot24.opf
# Stage nOptItr nSimReps
#     0    5000        0
# algorithm          : deterministic
# ignoring probs <=  : 0
# Branch length floor: 0
# DE strategy        : 2
#    F               : 0.3
#    CR              : 0.8
#    tolerance       : 3e-06
# nthreads           : 32
# lgo input file     : adef2.lgo
# site pat input file: ../../boot/boot24.opf
# free parameters    : 18
# points in DE swarm : 54
# output state file  : b1boot24.state
# Including singleton site patterns.
# cost function      : KL
Initial parameter values
Fixed:
      zero = 0
       one = 1
    Tbecnw = 75200
Free:
       pc1 = 0
       pc2 = 0
       pc3 = 0
       pc4 = 0
       pc5 = 0
       pc6 = 0
       pc7 = 0
       pc8 = 0
       pc9 = 0
      pc10 = 0
      pc11 = 0
      pc12 = 0
      pc13 = 0
      pc14 = 0
      pc15 = 0
      pc16 = 0
      pc17 = 0
      pc18 = 0
Constrained:
   Tgbecnw = 109477
     Tecnw = 25374.9
       Tnw = 19462.2
       Tec = 11361.5
     twoNb = 1.31641e+06
     twoNe = 4.22388e+06
     twoNc = 4.21006e+06
     twoNn = 1.5933e+06
     twoNw = 2.30691e+06
    twoNec = 127548
    twoNnw = 28323.2
  twoNecnw = 83298
  twoNbecnw = 14248.2
  twoNgbecnw = 254898
         m = 0.139683
        m4 = 0.0188017
        m5 = 0.125592
        m6 = 0.0181607
        Ta = 43280.8
        Td = 5680.77
        Te = 9731.11
        Tf = 4865.56
DiffEv reached_goal. cost=1.88408e-03 spread=2.99968e-06
Fitted parameter values
Free:
       pc1 = 1.25431
       pc2 = -1.99423
       pc3 = 1.99306
       pc4 = 1.89206
       pc5 = -0.419883
       pc6 = 1.82792
       pc7 = 1.80869
       pc8 = -1.99374
       pc9 = 1.99126
      pc10 = -1.65794
      pc11 = 0.501699
      pc12 = -0.322361
      pc13 = 0.274215
      pc14 = 0.0206582
      pc15 = -0.00792452
      pc16 = -0.0550297
      pc17 = 0.0299579
      pc18 = -0.0105774
Constrained:
   Tgbecnw = 87694.6
     Tecnw = 24125.1
       Tnw = 18700.8
       Tec = 9649.18
     twoNb = 1.87956e+06
     twoNe = 9.06368e+06
     twoNc = 8.17116e+06
     twoNn = -2.57433e+06
     twoNw = 3.21969e+06
    twoNec = 126994
    twoNnw = 25648
  twoNecnw = 80748.3
  twoNbecnw = 5410.88
  twoNgbecnw = 276972
         m = 0.125014
        m4 = 0.0180257
        m5 = 0.143586
        m6 = 0.026628
        Ta = 42424.6
        Td = 4824.59
        Te = 9350.38
        Tf = 4675.19
#       SitePat  BranchLen
              b 126755.3570289
              e 49329.9970823
              c 51842.8953692
              n 46717.4495504
              w 46696.8793294
            b:e 2108.9267446
            b:c 2505.8047961
            b:n 1818.9521481
            b:w 1817.3702021
            e:c 10582.9911500
            e:n 5578.1770110
            e:w 5592.9323258
            c:n 5025.3539605
            c:w 5025.9797723
            n:w 12814.9639675
          b:e:c 2127.4456552
          b:e:n 1151.9645257
          b:e:w 1152.8253985
          b:c:n 1163.4224527
          b:c:w 1162.4103619
          b:n:w 2088.2058186
          e:c:n 4601.1014376
          e:c:w 4606.2905320
          e:n:w 6602.0379706
          c:n:w 5554.4436117
        b:e:c:n 2095.5356166
        b:e:c:w 2097.2687806
        b:e:n:w 3179.3356944
        b:c:n:w 2415.8861595
        e:c:n:w 52833.8817275
