########################################
# legofit: estimate population history #
#       version 2.3.4-4-g53f8760       #
########################################

# Program was compiled: Sep 21 2021 14:36:42
# Program was run: Thu Sep 23 17:48:59 2021

# cmd: legofit -1 -d 0 -t 32 --ptsPerDim 3 --stateOut b1boot21.state --tol 3e-6 -S 5000 adef2.lgo ../../boot/boot21.opf
# Stage nOptItr nSimReps
#     0    5000        0
# algorithm          : deterministic
# ignoring probs <=  : 0
# Branch length floor: 0
# DE strategy        : 2
#    F               : 0.3
#    CR              : 0.8
#    tolerance       : 3e-06
# nthreads           : 32
# lgo input file     : adef2.lgo
# site pat input file: ../../boot/boot21.opf
# free parameters    : 18
# points in DE swarm : 54
# output state file  : b1boot21.state
# Including singleton site patterns.
# cost function      : KL
Initial parameter values
Fixed:
      zero = 0
       one = 1
    Tbecnw = 75200
Free:
       pc1 = 0
       pc2 = 0
       pc3 = 0
       pc4 = 0
       pc5 = 0
       pc6 = 0
       pc7 = 0
       pc8 = 0
       pc9 = 0
      pc10 = 0
      pc11 = 0
      pc12 = 0
      pc13 = 0
      pc14 = 0
      pc15 = 0
      pc16 = 0
      pc17 = 0
      pc18 = 0
Constrained:
   Tgbecnw = 109477
     Tecnw = 25374.9
       Tnw = 19462.2
       Tec = 11361.5
     twoNb = 1.31641e+06
     twoNe = 4.22388e+06
     twoNc = 4.21006e+06
     twoNn = 1.5933e+06
     twoNw = 2.30691e+06
    twoNec = 127548
    twoNnw = 28323.2
  twoNecnw = 83298
  twoNbecnw = 14248.2
  twoNgbecnw = 254898
         m = 0.139683
        m4 = 0.0188017
        m5 = 0.125592
        m6 = 0.0181607
        Ta = 43280.8
        Td = 5680.77
        Te = 9731.11
        Tf = 4865.56
DiffEv reached_goal. cost=1.87448e-03 spread=2.69457e-06
Fitted parameter values
Free:
       pc1 = 1.54998
       pc2 = -1.98279
       pc3 = 1.94113
       pc4 = 1.04108
       pc5 = -0.687461
       pc6 = 0.826396
       pc7 = 1.65282
       pc8 = -1.9649
       pc9 = 1.96442
      pc10 = -0.686615
      pc11 = -0.21437
      pc12 = -0.0251966
      pc13 = 0.0861727
      pc14 = 0.134831
      pc15 = -0.0398423
      pc16 = -0.0115324
      pc17 = 0.0303614
      pc18 = 0.0209908
Constrained:
   Tgbecnw = 90145.7
     Tecnw = 24342.9
       Tnw = 19099.4
       Tec = 9599.07
     twoNb = 2.12204e+06
     twoNe = 1.0312e+07
     twoNc = 7.26552e+06
     twoNn = -548134
     twoNw = 2.82382e+06
    twoNec = 130845
    twoNnw = 24254
  twoNecnw = 79504.4
  twoNbecnw = 6465.35
  twoNgbecnw = 276425
         m = 0.123604
        m4 = 0.0189706
        m5 = 0.139232
        m6 = 0.0299693
        Ta = 42399.5
        Td = 4799.54
        Te = 9549.7
        Tf = 4774.85
#       SitePat  BranchLen
              b 127249.6484301
              e 49496.3247194
              c 51982.5363570
              n 46706.5824335
              w 46682.7073787
            b:e 2140.9974485
            b:c 2539.4049697
            b:n 1827.4956057
            b:w 1825.6389933
            e:c 10603.5641489
            e:n 5569.9322413
            e:w 5586.2227683
            c:n 5039.6376005
            c:w 5041.1256575
            n:w 12913.1020475
          b:e:c 2149.1207154
          b:e:n 1156.8449521
          b:e:w 1157.7542657
          b:c:n 1167.8330603
          b:c:w 1166.7531980
          b:n:w 2109.3542079
          e:c:n 4630.9565330
          e:c:w 4637.0530037
          e:n:w 6706.9512200
          c:n:w 5663.8425588
        b:e:c:n 2094.7717255
        b:e:c:w 2096.7988865
        b:e:n:w 3226.0945049
        b:c:n:w 2439.9884422
        e:c:n:w 53095.1125491
