########################################
# legofit: estimate population history #
#       version 2.3.4-4-g53f8760       #
########################################

# Program was compiled: Sep 21 2021 14:36:42
# Program was run: Thu Sep 23 17:46:43 2021

# cmd: legofit -1 -d 0 -t 32 --ptsPerDim 3 --stateOut b1boot1.state --tol 3e-6 -S 5000 adef2.lgo ../../boot/boot1.opf
# Stage nOptItr nSimReps
#     0    5000        0
# algorithm          : deterministic
# ignoring probs <=  : 0
# Branch length floor: 0
# DE strategy        : 2
#    F               : 0.3
#    CR              : 0.8
#    tolerance       : 3e-06
# nthreads           : 32
# lgo input file     : adef2.lgo
# site pat input file: ../../boot/boot1.opf
# free parameters    : 18
# points in DE swarm : 54
# output state file  : b1boot1.state
# Including singleton site patterns.
# cost function      : KL
Initial parameter values
Fixed:
      zero = 0
       one = 1
    Tbecnw = 75200
Free:
       pc1 = 0
       pc2 = 0
       pc3 = 0
       pc4 = 0
       pc5 = 0
       pc6 = 0
       pc7 = 0
       pc8 = 0
       pc9 = 0
      pc10 = 0
      pc11 = 0
      pc12 = 0
      pc13 = 0
      pc14 = 0
      pc15 = 0
      pc16 = 0
      pc17 = 0
      pc18 = 0
Constrained:
   Tgbecnw = 109477
     Tecnw = 25374.9
       Tnw = 19462.2
       Tec = 11361.5
     twoNb = 1.31641e+06
     twoNe = 4.22388e+06
     twoNc = 4.21006e+06
     twoNn = 1.5933e+06
     twoNw = 2.30691e+06
    twoNec = 127548
    twoNnw = 28323.2
  twoNecnw = 83298
  twoNbecnw = 14248.2
  twoNgbecnw = 254898
         m = 0.139683
        m4 = 0.0188017
        m5 = 0.125592
        m6 = 0.0181607
        Ta = 43280.8
        Td = 5680.77
        Te = 9731.11
        Tf = 4865.56
DiffEv reached_goal. cost=1.86956e-03 spread=2.65316e-06
Fitted parameter values
Free:
       pc1 = 0.848349
       pc2 = -1.96096
       pc3 = 1.77267
       pc4 = 1.68814
       pc5 = -0.579008
       pc6 = 1.31897
       pc7 = 1.72897
       pc8 = -1.98314
       pc9 = 1.97416
      pc10 = -1.17741
      pc11 = -0.0249566
      pc12 = -0.0696304
      pc13 = 0.0737931
      pc14 = 0.147056
      pc15 = 0.0717937
      pc16 = -0.0908862
      pc17 = 0.0181881
      pc18 = -0.0139666
Constrained:
   Tgbecnw = 89174.7
     Tecnw = 24169.4
       Tnw = 19543.5
       Tec = 9824.81
     twoNb = 1.93776e+06
     twoNe = 1.03075e+07
     twoNc = 8.35807e+06
     twoNn = -1.57812e+06
     twoNw = 2.87385e+06
    twoNec = 125811
    twoNnw = 21322.7
  twoNecnw = 80955.2
  twoNbecnw = 6073.04
  twoNgbecnw = 272442
         m = 0.126083
        m4 = 0.018327
        m5 = 0.138579
        m6 = 0.02774
        Ta = 42512.4
        Td = 4912.4
        Te = 9771.74
        Tf = 4885.87
#       SitePat  BranchLen
              b 126898.3388590
              e 49530.3356761
              c 51996.7128678
              n 46799.1965257
              w 46775.8763617
            b:e 2129.5268106
            b:c 2525.3050882
            b:n 1820.7978256
            b:w 1818.9791210
            e:c 10660.7299977
            e:n 5554.0684798
            e:w 5570.3646327
            c:n 5022.5824125
            c:w 5023.6406029
            n:w 12929.7834873
          b:e:c 2150.7748696
          b:e:n 1151.3598551
          b:e:w 1152.2995735
          b:c:n 1162.5160478
          b:c:w 1161.4048756
          b:n:w 2110.5582995
          e:c:n 4604.7548839
          e:c:w 4610.7207047
          e:n:w 6659.7253451
          c:n:w 5620.5885857
        b:e:c:n 2093.8237343
        b:e:c:w 2095.8138927
        b:e:n:w 3199.6133589
        b:c:n:w 2434.5429735
        e:c:n:w 52741.7436481
