########################################
# legofit: estimate population history #
#       version 2.3.4-4-g53f8760       #
########################################

# Program was compiled: Sep 21 2021 14:36:42
# Program was run: Thu Sep 23 17:47:52 2021

# cmd: legofit -1 -d 0 -t 32 --ptsPerDim 3 --stateOut b1boot12.state --tol 3e-6 -S 5000 adef2.lgo ../../boot/boot12.opf
# Stage nOptItr nSimReps
#     0    5000        0
# algorithm          : deterministic
# ignoring probs <=  : 0
# Branch length floor: 0
# DE strategy        : 2
#    F               : 0.3
#    CR              : 0.8
#    tolerance       : 3e-06
# nthreads           : 32
# lgo input file     : adef2.lgo
# site pat input file: ../../boot/boot12.opf
# free parameters    : 18
# points in DE swarm : 54
# output state file  : b1boot12.state
# Including singleton site patterns.
# cost function      : KL
Initial parameter values
Fixed:
      zero = 0
       one = 1
    Tbecnw = 75200
Free:
       pc1 = 0
       pc2 = 0
       pc3 = 0
       pc4 = 0
       pc5 = 0
       pc6 = 0
       pc7 = 0
       pc8 = 0
       pc9 = 0
      pc10 = 0
      pc11 = 0
      pc12 = 0
      pc13 = 0
      pc14 = 0
      pc15 = 0
      pc16 = 0
      pc17 = 0
      pc18 = 0
Constrained:
   Tgbecnw = 109477
     Tecnw = 25374.9
       Tnw = 19462.2
       Tec = 11361.5
     twoNb = 1.31641e+06
     twoNe = 4.22388e+06
     twoNc = 4.21006e+06
     twoNn = 1.5933e+06
     twoNw = 2.30691e+06
    twoNec = 127548
    twoNnw = 28323.2
  twoNecnw = 83298
  twoNbecnw = 14248.2
  twoNgbecnw = 254898
         m = 0.139683
        m4 = 0.0188017
        m5 = 0.125592
        m6 = 0.0181607
        Ta = 43280.8
        Td = 5680.77
        Te = 9731.11
        Tf = 4865.56
DiffEv reached_goal. cost=1.85927e-03 spread=2.93858e-06
Fitted parameter values
Free:
       pc1 = 0.817748
       pc2 = -1.96741
       pc3 = 1.92279
       pc4 = 1.69408
       pc5 = -0.361096
       pc6 = 0.547718
       pc7 = 1.62141
       pc8 = -1.89671
       pc9 = 1.97155
      pc10 = -1.33832
      pc11 = 0.578161
      pc12 = -0.261399
      pc13 = 0.187433
      pc14 = 0.119977
      pc15 = 0.00714291
      pc16 = -0.0722707
      pc17 = 0.0280862
      pc18 = -0.0150235
Constrained:
   Tgbecnw = 88940
     Tecnw = 24079.1
       Tnw = 18899.2
       Tec = 10193.9
     twoNb = 2.13672e+06
     twoNe = 9.43866e+06
     twoNc = 6.31021e+06
     twoNn = -477599
     twoNw = 3.15007e+06
    twoNec = 122165
    twoNnw = 24553
  twoNecnw = 81414.6
  twoNbecnw = 5992.66
  twoNgbecnw = 270489
         m = 0.128238
        m4 = 0.0180529
        m5 = 0.138994
        m6 = 0.0240485
        Ta = 42696.9
        Td = 5096.95
        Te = 9449.59
        Tf = 4724.8
#       SitePat  BranchLen
              b 127099.7788697
              e 49523.2336391
              c 52020.4913410
              n 46899.3027848
              w 46879.0168601
            b:e 2123.9340775
            b:c 2516.9362229
            b:n 1833.3737137
            b:w 1831.8040597
            e:c 10650.2837710
            e:n 5594.2069659
            e:w 5609.0548882
            c:n 5048.3450901
            c:w 5048.6465342
            n:w 12888.3751615
          b:e:c 2144.8898349
          b:e:n 1158.7079631
          b:e:w 1159.6004616
          b:c:n 1169.7346298
          b:c:w 1168.6931337
          b:n:w 2106.3099556
          e:c:n 4631.6832767
          e:c:w 4636.8198349
          e:n:w 6623.2252838
          c:n:w 5583.3690968
        b:e:c:n 2110.0083398
        b:e:c:w 2111.7269914
        b:e:n:w 3194.9861202
        b:c:n:w 2430.7330662
        e:c:n:w 52888.8562764
