########################################
# legofit: estimate population history #
#       version 2.3.4-4-g53f8760       #
########################################

# Program was compiled: Sep 21 2021 14:36:42
# Program was run: Thu Sep 23 17:48:08 2021

# cmd: legofit -1 -d 0 -t 32 --ptsPerDim 3 --stateOut b1boot14.state --tol 3e-6 -S 5000 adef2.lgo ../../boot/boot14.opf
# Stage nOptItr nSimReps
#     0    5000        0
# algorithm          : deterministic
# ignoring probs <=  : 0
# Branch length floor: 0
# DE strategy        : 2
#    F               : 0.3
#    CR              : 0.8
#    tolerance       : 3e-06
# nthreads           : 32
# lgo input file     : adef2.lgo
# site pat input file: ../../boot/boot14.opf
# free parameters    : 18
# points in DE swarm : 54
# output state file  : b1boot14.state
# Including singleton site patterns.
# cost function      : KL
Initial parameter values
Fixed:
      zero = 0
       one = 1
    Tbecnw = 75200
Free:
       pc1 = 0
       pc2 = 0
       pc3 = 0
       pc4 = 0
       pc5 = 0
       pc6 = 0
       pc7 = 0
       pc8 = 0
       pc9 = 0
      pc10 = 0
      pc11 = 0
      pc12 = 0
      pc13 = 0
      pc14 = 0
      pc15 = 0
      pc16 = 0
      pc17 = 0
      pc18 = 0
Constrained:
   Tgbecnw = 109477
     Tecnw = 25374.9
       Tnw = 19462.2
       Tec = 11361.5
     twoNb = 1.31641e+06
     twoNe = 4.22388e+06
     twoNc = 4.21006e+06
     twoNn = 1.5933e+06
     twoNw = 2.30691e+06
    twoNec = 127548
    twoNnw = 28323.2
  twoNecnw = 83298
  twoNbecnw = 14248.2
  twoNgbecnw = 254898
         m = 0.139683
        m4 = 0.0188017
        m5 = 0.125592
        m6 = 0.0181607
        Ta = 43280.8
        Td = 5680.77
        Te = 9731.11
        Tf = 4865.56
DiffEv reached_goal. cost=1.86788e-03 spread=2.96838e-06
Fitted parameter values
Free:
       pc1 = 0.894991
       pc2 = -1.89292
       pc3 = 1.97473
       pc4 = 1.37806
       pc5 = -0.310459
       pc6 = 1.23601
       pc7 = 1.56805
       pc8 = -1.95589
       pc9 = 1.9202
      pc10 = -1.91782
      pc11 = 0.399919
      pc12 = -0.327565
      pc13 = -0.0252542
      pc14 = 0.171622
      pc15 = -0.115551
      pc16 = 0.00186737
      pc17 = 0.0123763
      pc18 = 0.0224981
Constrained:
   Tgbecnw = 90471.2
     Tecnw = 24058.2
       Tnw = 19087.2
       Tec = 9576.12
     twoNb = 2.06287e+06
     twoNe = 7.47698e+06
     twoNc = 6.76794e+06
     twoNn = -1.53139e+06
     twoNw = 3.2834e+06
    twoNec = 128076
    twoNnw = 22942.1
  twoNecnw = 81622.7
  twoNbecnw = 6537.8
  twoNgbecnw = 277658
         m = 0.125529
        m4 = 0.0179317
        m5 = 0.141203
        m6 = 0.0304639
        Ta = 42388.1
        Td = 4788.06
        Te = 9543.61
        Tf = 4771.81
#       SitePat  BranchLen
              b 127610.8291766
              e 49578.0730232
              c 52043.6471724
              n 46767.0514551
              w 46746.1729357
            b:e 2129.8258110
            b:c 2517.3049650
            b:n 1817.8064188
            b:w 1816.1944750
            e:c 10653.8405257
            e:n 5594.0319999
            e:w 5608.2697993
            c:n 5059.4806578
            c:w 5060.8030700
            n:w 12985.6384365
          b:e:c 2141.2938134
          b:e:n 1152.3074290
          b:e:w 1153.0946841
          b:c:n 1162.9543871
          b:c:w 1162.0161458
          b:n:w 2101.4320002
          e:c:n 4610.4669352
          e:c:w 4615.7852429
          e:n:w 6674.3451864
          c:n:w 5643.7980418
        b:e:c:n 2089.5165810
        b:e:c:w 2091.2795111
        b:e:n:w 3193.3577896
        b:c:n:w 2433.3010135
        e:c:n:w 53287.0261384
