########################################
# legofit: estimate population history #
#       version 2.3.4-4-g53f8760       #
########################################

# Program was compiled: Sep 21 2021 14:36:42
# Program was run: Thu Sep 23 17:50:59 2021

# cmd: legofit -1 -d 0 -t 32 --ptsPerDim 3 --stateOut b1boot46.state --tol 3e-6 -S 5000 adef2.lgo ../../boot/boot46.opf
# Stage nOptItr nSimReps
#     0    5000        0
# algorithm          : deterministic
# ignoring probs <=  : 0
# Branch length floor: 0
# DE strategy        : 2
#    F               : 0.3
#    CR              : 0.8
#    tolerance       : 3e-06
# nthreads           : 32
# lgo input file     : adef2.lgo
# site pat input file: ../../boot/boot46.opf
# free parameters    : 18
# points in DE swarm : 54
# output state file  : b1boot46.state
# Including singleton site patterns.
# cost function      : KL
Initial parameter values
Fixed:
      zero = 0
       one = 1
    Tbecnw = 75200
Free:
       pc1 = 0
       pc2 = 0
       pc3 = 0
       pc4 = 0
       pc5 = 0
       pc6 = 0
       pc7 = 0
       pc8 = 0
       pc9 = 0
      pc10 = 0
      pc11 = 0
      pc12 = 0
      pc13 = 0
      pc14 = 0
      pc15 = 0
      pc16 = 0
      pc17 = 0
      pc18 = 0
Constrained:
   Tgbecnw = 109477
     Tecnw = 25374.9
       Tnw = 19462.2
       Tec = 11361.5
     twoNb = 1.31641e+06
     twoNe = 4.22388e+06
     twoNc = 4.21006e+06
     twoNn = 1.5933e+06
     twoNw = 2.30691e+06
    twoNec = 127548
    twoNnw = 28323.2
  twoNecnw = 83298
  twoNbecnw = 14248.2
  twoNgbecnw = 254898
         m = 0.139683
        m4 = 0.0188017
        m5 = 0.125592
        m6 = 0.0181607
        Ta = 43280.8
        Td = 5680.77
        Te = 9731.11
        Tf = 4865.56
DiffEv reached_goal. cost=1.82065e-03 spread=2.82651e-06
Fitted parameter values
Free:
       pc1 = 0.503372
       pc2 = -1.99381
       pc3 = 1.93331
       pc4 = 1.82967
       pc5 = 0.0123233
       pc6 = 0.257205
       pc7 = 1.29203
       pc8 = -1.90864
       pc9 = 1.92508
      pc10 = -1.81807
      pc11 = 0.667229
      pc12 = 0.185015
      pc13 = -0.0240465
      pc14 = 0.18755
      pc15 = -0.0369066
      pc16 = -0.0342503
      pc17 = 0.0506051
      pc18 = 0.00133318
Constrained:
   Tgbecnw = 88927.1
     Tecnw = 24046.1
       Tnw = 19530.4
       Tec = 9898.31
     twoNb = 2.16648e+06
     twoNe = 6.97685e+06
     twoNc = 5.70176e+06
     twoNn = 19053
     twoNw = 3.37894e+06
    twoNec = 127561
    twoNnw = 20912.5
  twoNecnw = 81172.5
  twoNbecnw = 6029.77
  twoNgbecnw = 266847
         m = 0.130727
        m4 = 0.0176012
        m5 = 0.136243
        m6 = 0.023697
        Ta = 42549.2
        Td = 4949.15
        Te = 9765.22
        Tf = 4882.61
#       SitePat  BranchLen
              b 127347.3033955
              e 49561.9809667
              c 52019.3941398
              n 46782.9717261
              w 46764.0859575
            b:e 2133.7545929
            b:c 2523.3185199
            b:n 1822.1049313
            b:w 1820.6287179
            e:c 10631.3269700
            e:n 5572.1689875
            e:w 5585.9493500
            c:n 5039.2018192
            c:w 5039.4659529
            n:w 12939.4891766
          b:e:c 2149.2496175
          b:e:n 1154.3390918
          b:e:w 1155.1760233
          b:c:n 1165.0193815
          b:c:w 1164.0435204
          b:n:w 2109.2474678
          e:c:n 4613.2138191
          e:c:w 4618.0550915
          e:n:w 6672.3819475
          c:n:w 5635.6496563
        b:e:c:n 2095.1175944
        b:e:c:w 2096.7327374
        b:e:n:w 3188.8835095
        b:c:n:w 2438.5411905
        e:c:n:w 53135.1302812
