########################################
# legofit: estimate population history #
#       version 2.3.4-4-g53f8760       #
########################################

# Program was compiled: Sep 21 2021 14:36:42
# Program was run: Thu Sep 23 17:49:46 2021

# cmd: legofit -1 -d 0 -t 32 --ptsPerDim 3 --stateOut b1boot32.state --tol 3e-6 -S 5000 adef2.lgo ../../boot/boot32.opf
# Stage nOptItr nSimReps
#     0    5000        0
# algorithm          : deterministic
# ignoring probs <=  : 0
# Branch length floor: 0
# DE strategy        : 2
#    F               : 0.3
#    CR              : 0.8
#    tolerance       : 3e-06
# nthreads           : 32
# lgo input file     : adef2.lgo
# site pat input file: ../../boot/boot32.opf
# free parameters    : 18
# points in DE swarm : 54
# output state file  : b1boot32.state
# Including singleton site patterns.
# cost function      : KL
Initial parameter values
Fixed:
      zero = 0
       one = 1
    Tbecnw = 75200
Free:
       pc1 = 0
       pc2 = 0
       pc3 = 0
       pc4 = 0
       pc5 = 0
       pc6 = 0
       pc7 = 0
       pc8 = 0
       pc9 = 0
      pc10 = 0
      pc11 = 0
      pc12 = 0
      pc13 = 0
      pc14 = 0
      pc15 = 0
      pc16 = 0
      pc17 = 0
      pc18 = 0
Constrained:
   Tgbecnw = 109477
     Tecnw = 25374.9
       Tnw = 19462.2
       Tec = 11361.5
     twoNb = 1.31641e+06
     twoNe = 4.22388e+06
     twoNc = 4.21006e+06
     twoNn = 1.5933e+06
     twoNw = 2.30691e+06
    twoNec = 127548
    twoNnw = 28323.2
  twoNecnw = 83298
  twoNbecnw = 14248.2
  twoNgbecnw = 254898
         m = 0.139683
        m4 = 0.0188017
        m5 = 0.125592
        m6 = 0.0181607
        Ta = 43280.8
        Td = 5680.77
        Te = 9731.11
        Tf = 4865.56
DiffEv reached_goal. cost=1.91350e-03 spread=2.55625e-06
Fitted parameter values
Free:
       pc1 = 1.10738
       pc2 = -1.9904
       pc3 = 1.99089
       pc4 = 1.60387
       pc5 = -0.0071936
       pc6 = 1.18224
       pc7 = 1.81505
       pc8 = -1.99865
       pc9 = 1.97722
      pc10 = -1.46623
      pc11 = 0.122933
      pc12 = -0.477793
      pc13 = -0.0399409
      pc14 = 0.0385311
      pc15 = -0.019788
      pc16 = -0.013908
      pc17 = 0.0500712
      pc18 = 0.00366033
Constrained:
   Tgbecnw = 88717.7
     Tecnw = 24040.1
       Tnw = 18870.9
       Tec = 9568.3
     twoNb = 2.1551e+06
     twoNe = 7.81797e+06
     twoNc = 7.9534e+06
     twoNn = -1.73655e+06
     twoNw = 3.21349e+06
    twoNec = 129815
    twoNnw = 24252.8
  twoNecnw = 81670
  twoNbecnw = 5832
  twoNgbecnw = 275346
         m = 0.128273
        m4 = 0.0183532
        m5 = 0.137349
        m6 = 0.0279841
        Ta = 42384.2
        Td = 4784.15
        Te = 9435.46
        Tf = 4717.73
#       SitePat  BranchLen
              b 127511.5608165
              e 49566.5012440
              c 52019.6337238
              n 46798.3222646
              w 46778.0053613
            b:e 2117.3071404
            b:c 2505.8072472
            b:n 1812.8921312
            b:w 1811.3333037
            e:c 10591.9218958
            e:n 5578.3687940
            e:w 5592.5088698
            c:n 5048.6788511
            c:w 5049.7209874
            n:w 12904.1150047
          b:e:c 2127.6456638
          b:e:n 1150.5835404
          b:e:w 1151.3782613
          b:c:n 1161.2875199
          b:c:w 1160.3443047
          b:n:w 2087.9082668
          e:c:n 4590.2452369
          e:c:w 4595.3799282
          e:n:w 6611.7578489
          c:n:w 5595.1958174
        b:e:c:n 2088.5219109
        b:e:c:w 2090.2292327
        b:e:n:w 3196.7354213
        b:c:n:w 2424.4723803
        e:c:n:w 53348.9224410
