########################################
# legofit: estimate population history #
#       version 2.3.4-4-g53f8760       #
########################################

# Program was compiled: Sep 21 2021 14:36:42
# Program was run: Thu Sep 23 17:51:01 2021

# cmd: legofit -1 -d 0 -t 32 --ptsPerDim 3 --stateOut b1boot47.state --tol 3e-6 -S 5000 adef2.lgo ../../boot/boot47.opf
# Stage nOptItr nSimReps
#     0    5000        0
# algorithm          : deterministic
# ignoring probs <=  : 0
# Branch length floor: 0
# DE strategy        : 2
#    F               : 0.3
#    CR              : 0.8
#    tolerance       : 3e-06
# nthreads           : 32
# lgo input file     : adef2.lgo
# site pat input file: ../../boot/boot47.opf
# free parameters    : 18
# points in DE swarm : 54
# output state file  : b1boot47.state
# Including singleton site patterns.
# cost function      : KL
Initial parameter values
Fixed:
      zero = 0
       one = 1
    Tbecnw = 75200
Free:
       pc1 = 0
       pc2 = 0
       pc3 = 0
       pc4 = 0
       pc5 = 0
       pc6 = 0
       pc7 = 0
       pc8 = 0
       pc9 = 0
      pc10 = 0
      pc11 = 0
      pc12 = 0
      pc13 = 0
      pc14 = 0
      pc15 = 0
      pc16 = 0
      pc17 = 0
      pc18 = 0
Constrained:
   Tgbecnw = 109477
     Tecnw = 25374.9
       Tnw = 19462.2
       Tec = 11361.5
     twoNb = 1.31641e+06
     twoNe = 4.22388e+06
     twoNc = 4.21006e+06
     twoNn = 1.5933e+06
     twoNw = 2.30691e+06
    twoNec = 127548
    twoNnw = 28323.2
  twoNecnw = 83298
  twoNbecnw = 14248.2
  twoNgbecnw = 254898
         m = 0.139683
        m4 = 0.0188017
        m5 = 0.125592
        m6 = 0.0181607
        Ta = 43280.8
        Td = 5680.77
        Te = 9731.11
        Tf = 4865.56
DiffEv reached_goal. cost=1.87040e-03 spread=2.57591e-06
Fitted parameter values
Free:
       pc1 = 0.697282
       pc2 = -1.89842
       pc3 = 1.84593
       pc4 = 1.86736
       pc5 = -1.51258
       pc6 = 1.39269
       pc7 = 0.817215
       pc8 = -1.86639
       pc9 = 1.89017
      pc10 = -1.64089
      pc11 = 0.591669
      pc12 = -0.0701863
      pc13 = -0.204742
      pc14 = 0.244517
      pc15 = -0.0220663
      pc16 = -0.0205438
      pc17 = 0.0184294
      pc18 = -0.0123688
Constrained:
   Tgbecnw = 89475.1
     Tecnw = 24221.2
       Tnw = 19332.7
       Tec = 9971.97
     twoNb = 1.42945e+06
     twoNe = 1.09014e+07
     twoNc = 7.32584e+06
     twoNn = -547507
     twoNw = 2.82794e+06
    twoNec = 123587
    twoNnw = 22544.9
  twoNecnw = 80898
  twoNbecnw = 6124.72
  twoNgbecnw = 278875
         m = 0.123485
        m4 = 0.0175219
        m5 = 0.142568
        m6 = 0.0352541
        Ta = 42586
        Td = 4985.99
        Te = 9666.33
        Tf = 4833.17
#       SitePat  BranchLen
              b 127022.8222176
              e 49519.5311208
              c 51881.5399830
              n 46756.9504477
              w 46731.3957167
            b:e 2124.7152507
            b:c 2514.0963838
            b:n 1815.1309516
            b:w 1813.1529180
            e:c 10616.9724206
            e:n 5557.0183237
            e:w 5573.5801302
            c:n 5042.3943599
            c:w 5044.8605899
            n:w 12887.4854935
          b:e:c 2137.5215989
          b:e:n 1149.1887316
          b:e:w 1150.0467700
          b:c:n 1160.3913935
          b:c:w 1159.3473182
          b:n:w 2097.1796487
          e:c:n 4599.8744917
          e:c:w 4606.4011862
          e:n:w 6630.8736368
          c:n:w 5629.6545568
        b:e:c:n 2087.3752438
        b:e:c:w 2089.5393144
        b:e:n:w 3156.4518125
        b:c:n:w 2429.1209401
        e:c:n:w 52906.9907126
