########################################
# legofit: estimate population history #
#       version 2.3.4-4-g53f8760       #
########################################

# Program was compiled: Sep 21 2021 14:36:42
# Program was run: Thu Sep 23 17:47:47 2021

# cmd: legofit -1 -d 0 -t 32 --ptsPerDim 3 --stateOut b1boot9.state --tol 3e-6 -S 5000 adef2.lgo ../../boot/boot9.opf
# Stage nOptItr nSimReps
#     0    5000        0
# algorithm          : deterministic
# ignoring probs <=  : 0
# Branch length floor: 0
# DE strategy        : 2
#    F               : 0.3
#    CR              : 0.8
#    tolerance       : 3e-06
# nthreads           : 32
# lgo input file     : adef2.lgo
# site pat input file: ../../boot/boot9.opf
# free parameters    : 18
# points in DE swarm : 54
# output state file  : b1boot9.state
# Including singleton site patterns.
# cost function      : KL
Initial parameter values
Fixed:
      zero = 0
       one = 1
    Tbecnw = 75200
Free:
       pc1 = 0
       pc2 = 0
       pc3 = 0
       pc4 = 0
       pc5 = 0
       pc6 = 0
       pc7 = 0
       pc8 = 0
       pc9 = 0
      pc10 = 0
      pc11 = 0
      pc12 = 0
      pc13 = 0
      pc14 = 0
      pc15 = 0
      pc16 = 0
      pc17 = 0
      pc18 = 0
Constrained:
   Tgbecnw = 109477
     Tecnw = 25374.9
       Tnw = 19462.2
       Tec = 11361.5
     twoNb = 1.31641e+06
     twoNe = 4.22388e+06
     twoNc = 4.21006e+06
     twoNn = 1.5933e+06
     twoNw = 2.30691e+06
    twoNec = 127548
    twoNnw = 28323.2
  twoNecnw = 83298
  twoNbecnw = 14248.2
  twoNgbecnw = 254898
         m = 0.139683
        m4 = 0.0188017
        m5 = 0.125592
        m6 = 0.0181607
        Ta = 43280.8
        Td = 5680.77
        Te = 9731.11
        Tf = 4865.56
DiffEv reached_goal. cost=1.88297e-03 spread=2.47520e-06
Fitted parameter values
Free:
       pc1 = 0.32208
       pc2 = -1.9415
       pc3 = 1.79754
       pc4 = 1.53043
       pc5 = -0.345668
       pc6 = 1.18569
       pc7 = 1.61389
       pc8 = -1.87095
       pc9 = 1.99579
      pc10 = -1.90896
      pc11 = 0.277883
      pc12 = -0.263107
      pc13 = -0.0345185
      pc14 = 0.0970073
      pc15 = 0.086829
      pc16 = -0.0694675
      pc17 = 0.00400454
      pc18 = -0.0292921
Constrained:
   Tgbecnw = 90415.9
     Tecnw = 24037.4
       Tnw = 19804.6
       Tec = 9933.82
     twoNb = 2.00673e+06
     twoNe = 8.48627e+06
     twoNc = 6.8126e+06
     twoNn = -1.51519e+06
     twoNw = 3.21263e+06
    twoNec = 123964
    twoNnw = 19654.8
  twoNecnw = 82814.1
  twoNbecnw = 6541.57
  twoNgbecnw = 274841
         m = 0.126951
        m4 = 0.0178251
        m5 = 0.138892
        m6 = 0.0277955
        Ta = 42566.9
        Td = 4966.91
        Te = 9902.3
        Tf = 4951.15
#       SitePat  BranchLen
              b 127506.2929809
              e 49779.5148367
              c 52228.5381224
              n 47072.4263915
              w 47051.1674549
            b:e 2140.5741809
            b:c 2528.7645379
            b:n 1833.6292120
            b:w 1831.9642785
            e:c 10714.6743474
            e:n 5592.8756065
            e:w 5607.7277151
            c:n 5062.1994355
            c:w 5063.1585062
            n:w 12965.3004141
          b:e:c 2161.1684785
          b:e:n 1160.7844099
          b:e:w 1161.6443605
          b:c:n 1171.6233145
          b:c:w 1170.6045553
          b:n:w 2121.1152168
          e:c:n 4614.2227233
          e:c:w 4619.6704806
          e:n:w 6646.7268692
          c:n:w 5621.6611386
        b:e:c:n 2112.3661095
        b:e:c:w 2114.1898516
        b:e:n:w 3207.9110337
        b:c:n:w 2451.2091281
        e:c:n:w 53039.7909194
