########################################
# legofit: estimate population history #
#       version 2.3.4-4-g53f8760       #
########################################

# Program was compiled: Sep 21 2021 14:36:42
# Program was run: Thu Sep 23 17:46:43 2021

# cmd: legofit -1 -d 0 -t 32 --ptsPerDim 3 --stateOut b1boot2.state --tol 3e-6 -S 5000 adef2.lgo ../../boot/boot2.opf
# Stage nOptItr nSimReps
#     0    5000        0
# algorithm          : deterministic
# ignoring probs <=  : 0
# Branch length floor: 0
# DE strategy        : 2
#    F               : 0.3
#    CR              : 0.8
#    tolerance       : 3e-06
# nthreads           : 32
# lgo input file     : adef2.lgo
# site pat input file: ../../boot/boot2.opf
# free parameters    : 18
# points in DE swarm : 54
# output state file  : b1boot2.state
# Including singleton site patterns.
# cost function      : KL
Initial parameter values
Fixed:
      zero = 0
       one = 1
    Tbecnw = 75200
Free:
       pc1 = 0
       pc2 = 0
       pc3 = 0
       pc4 = 0
       pc5 = 0
       pc6 = 0
       pc7 = 0
       pc8 = 0
       pc9 = 0
      pc10 = 0
      pc11 = 0
      pc12 = 0
      pc13 = 0
      pc14 = 0
      pc15 = 0
      pc16 = 0
      pc17 = 0
      pc18 = 0
Constrained:
   Tgbecnw = 109477
     Tecnw = 25374.9
       Tnw = 19462.2
       Tec = 11361.5
     twoNb = 1.31641e+06
     twoNe = 4.22388e+06
     twoNc = 4.21006e+06
     twoNn = 1.5933e+06
     twoNw = 2.30691e+06
    twoNec = 127548
    twoNnw = 28323.2
  twoNecnw = 83298
  twoNbecnw = 14248.2
  twoNgbecnw = 254898
         m = 0.139683
        m4 = 0.0188017
        m5 = 0.125592
        m6 = 0.0181607
        Ta = 43280.8
        Td = 5680.77
        Te = 9731.11
        Tf = 4865.56
DiffEv reached_goal. cost=1.89371e-03 spread=1.92184e-06
Fitted parameter values
Free:
       pc1 = 2.02926
       pc2 = -1.98228
       pc3 = 1.99883
       pc4 = 1.64657
       pc5 = -1.94898
       pc6 = 1.65754
       pc7 = 1.89478
       pc8 = -1.97982
       pc9 = 1.99905
      pc10 = -1.75829
      pc11 = 0.548858
      pc12 = -0.370935
      pc13 = -0.0428109
      pc14 = 0.131309
      pc15 = -0.0239461
      pc16 = -0.0258089
      pc17 = 0.0204506
      pc18 = -0.00271442
Constrained:
   Tgbecnw = 87173.9
     Tecnw = 24368.2
       Tnw = 18120.7
       Tec = 9102.65
     twoNb = 1.79511e+06
     twoNe = 1.35376e+07
     twoNc = 4.57793e+06
     twoNn = -2.04955e+06
     twoNw = 2.64958e+06
    twoNec = 130387
    twoNnw = 29184.1
  twoNecnw = 79574.5
  twoNbecnw = 5120.68
  twoNgbecnw = 286967
         m = 0.118273
        m4 = 0.0179829
        m5 = 0.148581
        m6 = 0.0392674
        Ta = 42151.3
        Td = 4551.33
        Te = 9060.34
        Tf = 4530.17
#       SitePat  BranchLen
              b 126134.3498012
              e 49188.5295346
              c 51596.3714998
              n 46499.2656665
              w 46471.6893645
            b:e 2107.9182014
            b:c 2488.9791126
            b:n 1810.0689396
            b:w 1807.9730286
            e:c 10538.0125964
            e:n 5545.9687326
            e:w 5563.4352129
            c:n 5018.3375810
            c:w 5021.5400182
            n:w 12787.2762651
          b:e:c 2118.0045730
          b:e:n 1147.4542033
          b:e:w 1148.3044599
          b:c:n 1158.8025363
          b:c:w 1157.7535294
          b:n:w 2078.4352674
          e:c:n 4578.9023039
          e:c:w 4585.8096883
          e:n:w 6570.5598431
          c:n:w 5570.9075196
        b:e:c:n 2084.0692984
        b:e:c:w 2086.3639597
        b:e:n:w 3153.8062963
        b:c:n:w 2413.2844507
        e:c:n:w 52478.4289907
