########################################
# legofit: estimate population history #
#       version 2.3.4-4-g53f8760       #
########################################

# Program was compiled: Sep 21 2021 14:36:42
# Program was run: Thu Sep 23 17:49:35 2021

# cmd: legofit -1 -d 0 -t 32 --ptsPerDim 3 --stateOut b1boot31.state --tol 3e-6 -S 5000 adef2.lgo ../../boot/boot31.opf
# Stage nOptItr nSimReps
#     0    5000        0
# algorithm          : deterministic
# ignoring probs <=  : 0
# Branch length floor: 0
# DE strategy        : 2
#    F               : 0.3
#    CR              : 0.8
#    tolerance       : 3e-06
# nthreads           : 32
# lgo input file     : adef2.lgo
# site pat input file: ../../boot/boot31.opf
# free parameters    : 18
# points in DE swarm : 54
# output state file  : b1boot31.state
# Including singleton site patterns.
# cost function      : KL
Initial parameter values
Fixed:
      zero = 0
       one = 1
    Tbecnw = 75200
Free:
       pc1 = 0
       pc2 = 0
       pc3 = 0
       pc4 = 0
       pc5 = 0
       pc6 = 0
       pc7 = 0
       pc8 = 0
       pc9 = 0
      pc10 = 0
      pc11 = 0
      pc12 = 0
      pc13 = 0
      pc14 = 0
      pc15 = 0
      pc16 = 0
      pc17 = 0
      pc18 = 0
Constrained:
   Tgbecnw = 109477
     Tecnw = 25374.9
       Tnw = 19462.2
       Tec = 11361.5
     twoNb = 1.31641e+06
     twoNe = 4.22388e+06
     twoNc = 4.21006e+06
     twoNn = 1.5933e+06
     twoNw = 2.30691e+06
    twoNec = 127548
    twoNnw = 28323.2
  twoNecnw = 83298
  twoNbecnw = 14248.2
  twoNgbecnw = 254898
         m = 0.139683
        m4 = 0.0188017
        m5 = 0.125592
        m6 = 0.0181607
        Ta = 43280.8
        Td = 5680.77
        Te = 9731.11
        Tf = 4865.56
DiffEv reached_goal. cost=1.86595e-03 spread=2.96829e-06
Fitted parameter values
Free:
       pc1 = 1.70353
       pc2 = -1.99276
       pc3 = 1.9518
       pc4 = 1.5122
       pc5 = -1.28764
       pc6 = 0.0360179
       pc7 = 1.85955
       pc8 = -1.88578
       pc9 = 1.94944
      pc10 = -1.58815
      pc11 = 0.844025
      pc12 = -0.382134
      pc13 = -0.0430346
      pc14 = 0.116259
      pc15 = -0.0210396
      pc16 = -0.0187507
      pc17 = 0.0464376
      pc18 = 0.00104492
Constrained:
   Tgbecnw = 87831.8
     Tecnw = 24273.7
       Tnw = 17962.2
       Tec = 9604.59
     twoNb = 2.297e+06
     twoNe = 1.2098e+07
     twoNc = 2.0023e+06
     twoNn = 91584.9
     twoNw = 2.83042e+06
    twoNec = 128429
    twoNnw = 29879
  twoNecnw = 80427.2
  twoNbecnw = 5479.74
  twoNgbecnw = 278149
         m = 0.124418
        m4 = 0.0179598
        m5 = 0.142087
        m6 = 0.0316024
        Ta = 42402.3
        Td = 4802.3
        Te = 8981.08
        Tf = 4490.54
#       SitePat  BranchLen
              b 126922.9151816
              e 49421.7764485
              c 51862.3697081
              n 46712.7616188
              w 46689.2054834
            b:e 2130.7146097
            b:c 2511.0482754
            b:n 1834.4521819
            b:w 1832.6523268
            e:c 10580.4957090
            e:n 5581.6362781
            e:w 5597.5789319
            c:n 5047.9724763
            c:w 5049.7020085
            n:w 12871.2619250
          b:e:c 2141.8016010
          b:e:n 1162.3247601
          b:e:w 1163.1819216
          b:c:n 1173.2322854
          b:c:w 1172.2042865
          b:n:w 2102.8406002
          e:c:n 4615.9689927
          e:c:w 4621.8529422
          e:n:w 6595.3904797
          c:n:w 5589.7080115
        b:e:c:n 2112.2370926
        b:e:c:w 2114.2077852
        b:e:n:w 3193.0147370
        b:c:n:w 2439.3808499
        e:c:n:w 52974.0264704
