########################################
# legofit: estimate population history #
#       version 2.3.4-4-g53f8760       #
########################################

# Program was compiled: Sep 21 2021 14:36:42
# Program was run: Thu Sep 23 17:50:04 2021

# cmd: legofit -1 -d 0 -t 32 --ptsPerDim 3 --stateOut b1boot36.state --tol 3e-6 -S 5000 adef2.lgo ../../boot/boot36.opf
# Stage nOptItr nSimReps
#     0    5000        0
# algorithm          : deterministic
# ignoring probs <=  : 0
# Branch length floor: 0
# DE strategy        : 2
#    F               : 0.3
#    CR              : 0.8
#    tolerance       : 3e-06
# nthreads           : 32
# lgo input file     : adef2.lgo
# site pat input file: ../../boot/boot36.opf
# free parameters    : 18
# points in DE swarm : 54
# output state file  : b1boot36.state
# Including singleton site patterns.
# cost function      : KL
Initial parameter values
Fixed:
      zero = 0
       one = 1
    Tbecnw = 75200
Free:
       pc1 = 0
       pc2 = 0
       pc3 = 0
       pc4 = 0
       pc5 = 0
       pc6 = 0
       pc7 = 0
       pc8 = 0
       pc9 = 0
      pc10 = 0
      pc11 = 0
      pc12 = 0
      pc13 = 0
      pc14 = 0
      pc15 = 0
      pc16 = 0
      pc17 = 0
      pc18 = 0
Constrained:
   Tgbecnw = 109477
     Tecnw = 25374.9
       Tnw = 19462.2
       Tec = 11361.5
     twoNb = 1.31641e+06
     twoNe = 4.22388e+06
     twoNc = 4.21006e+06
     twoNn = 1.5933e+06
     twoNw = 2.30691e+06
    twoNec = 127548
    twoNnw = 28323.2
  twoNecnw = 83298
  twoNbecnw = 14248.2
  twoNgbecnw = 254898
         m = 0.139683
        m4 = 0.0188017
        m5 = 0.125592
        m6 = 0.0181607
        Ta = 43280.8
        Td = 5680.77
        Te = 9731.11
        Tf = 4865.56
DiffEv reached_goal. cost=1.88945e-03 spread=1.83939e-06
Fitted parameter values
Free:
       pc1 = 0.625334
       pc2 = -1.99648
       pc3 = 1.94804
       pc4 = 1.90382
       pc5 = -0.865064
       pc6 = 1.88771
       pc7 = 1.95366
       pc8 = -1.96561
       pc9 = 1.95397
      pc10 = -1.79813
      pc11 = 0.227388
      pc12 = -0.283208
      pc13 = 0.0124993
      pc14 = 0.104845
      pc15 = 0.0423066
      pc16 = -0.0870156
      pc17 = 0.01191
      pc18 = -0.0298199
Constrained:
   Tgbecnw = 88236.2
     Tecnw = 24038.9
       Tnw = 19535.5
       Tec = 10036
     twoNb = 1.81676e+06
     twoNe = 1.04533e+07
     twoNc = 7.57462e+06
     twoNn = -2.69564e+06
     twoNw = 2.94855e+06
    twoNec = 120394
    twoNnw = 20855.1
  twoNecnw = 81821
  twoNbecnw = 5628.1
  twoNgbecnw = 276865
         m = 0.125419
        m4 = 0.0178747
        m5 = 0.142949
        m6 = 0.0318106
        Ta = 42618
        Td = 5018.01
        Te = 9767.75
        Tf = 4883.88
#       SitePat  BranchLen
              b 126878.6002004
              e 49458.4505759
              c 51895.4164018
              n 46790.8700699
              w 46766.8034951
            b:e 2120.1327173
            b:c 2509.8627623
            b:n 1818.6215761
            b:w 1816.7482590
            e:c 10657.1377793
            e:n 5558.9682300
            e:w 5575.1875951
            c:n 5029.5225612
            c:w 5031.2167734
            n:w 12880.1925495
          b:e:c 2144.0553578
          b:e:n 1150.7069031
          b:e:w 1151.5981862
          b:c:n 1161.9588558
          b:c:w 1160.8877228
          b:n:w 2103.9060122
          e:c:n 4591.5935946
          e:c:w 4597.7465922
          e:n:w 6611.0395534
          c:n:w 5587.9373617
        b:e:c:n 2096.8134613
        b:e:c:w 2098.8666283
        b:e:n:w 3180.8853903
        b:c:n:w 2430.1664456
        e:c:n:w 52830.6281804
