########################################
# legofit: estimate population history #
#       version 2.3.4-4-g53f8760       #
########################################

# Program was compiled: Sep 21 2021 14:36:42
# Program was run: Thu Sep 23 17:50:26 2021

# cmd: legofit -1 -d 0 -t 32 --ptsPerDim 3 --stateOut b1boot40.state --tol 3e-6 -S 5000 adef2.lgo ../../boot/boot40.opf
# Stage nOptItr nSimReps
#     0    5000        0
# algorithm          : deterministic
# ignoring probs <=  : 0
# Branch length floor: 0
# DE strategy        : 2
#    F               : 0.3
#    CR              : 0.8
#    tolerance       : 3e-06
# nthreads           : 32
# lgo input file     : adef2.lgo
# site pat input file: ../../boot/boot40.opf
# free parameters    : 18
# points in DE swarm : 54
# output state file  : b1boot40.state
# Including singleton site patterns.
# cost function      : KL
Initial parameter values
Fixed:
      zero = 0
       one = 1
    Tbecnw = 75200
Free:
       pc1 = 0
       pc2 = 0
       pc3 = 0
       pc4 = 0
       pc5 = 0
       pc6 = 0
       pc7 = 0
       pc8 = 0
       pc9 = 0
      pc10 = 0
      pc11 = 0
      pc12 = 0
      pc13 = 0
      pc14 = 0
      pc15 = 0
      pc16 = 0
      pc17 = 0
      pc18 = 0
Constrained:
   Tgbecnw = 109477
     Tecnw = 25374.9
       Tnw = 19462.2
       Tec = 11361.5
     twoNb = 1.31641e+06
     twoNe = 4.22388e+06
     twoNc = 4.21006e+06
     twoNn = 1.5933e+06
     twoNw = 2.30691e+06
    twoNec = 127548
    twoNnw = 28323.2
  twoNecnw = 83298
  twoNbecnw = 14248.2
  twoNgbecnw = 254898
         m = 0.139683
        m4 = 0.0188017
        m5 = 0.125592
        m6 = 0.0181607
        Ta = 43280.8
        Td = 5680.77
        Te = 9731.11
        Tf = 4865.56
DiffEv reached_goal. cost=1.87441e-03 spread=1.56683e-06
Fitted parameter values
Free:
       pc1 = 1.89354
       pc2 = -1.9977
       pc3 = 1.90161
       pc4 = 1.68218
       pc5 = -0.862566
       pc6 = 1.20305
       pc7 = 1.54187
       pc8 = -1.98169
       pc9 = 1.97903
      pc10 = -1.99562
      pc11 = 1.1279
      pc12 = -0.0202008
      pc13 = 0.215582
      pc14 = -0.050964
      pc15 = -0.0319709
      pc16 = -0.0614389
      pc17 = 0.0284603
      pc18 = -0.00489813
Constrained:
   Tgbecnw = 87608.6
     Tecnw = 24440.4
       Tnw = 18131.7
       Tec = 9089.78
     twoNb = 1.97387e+06
     twoNe = 9.59963e+06
     twoNc = 4.73267e+06
     twoNn = -1.42257e+06
     twoNw = 3.25304e+06
    twoNec = 133392
    twoNnw = 29738.6
  twoNecnw = 79184.4
  twoNbecnw = 5342.2
  twoNgbecnw = 281868
         m = 0.121844
        m4 = 0.0176243
        m5 = 0.145514
        m6 = 0.0269273
        Ta = 42144.9
        Td = 4544.89
        Te = 9065.83
        Tf = 4532.92
#       SitePat  BranchLen
              b 126639.8640689
              e 49212.7240699
              c 51734.2301763
              n 46616.9626950
              w 46596.8209630
            b:e 2099.0726881
            b:c 2489.9969411
            b:n 1811.9244047
            b:w 1810.3935494
            e:c 10569.2942175
            e:n 5549.7632295
            e:w 5564.2408093
            c:n 4990.7503746
            c:w 4991.3909219
            n:w 12798.8514781
          b:e:c 2118.7299253
          b:e:n 1145.5017012
          b:e:w 1146.3363516
          b:c:n 1156.8483917
          b:c:w 1155.8693278
          b:n:w 2080.2211803
          e:c:n 4594.4396393
          e:c:w 4599.4632443
          e:n:w 6587.3552135
          c:n:w 5539.1577933
        b:e:c:n 2083.5970721
        b:e:c:w 2085.2723410
        b:e:n:w 3153.6674425
        b:c:n:w 2400.4173291
        e:c:n:w 52868.2550195
