########################################
# legofit: estimate population history #
#       version 2.3.4-4-g53f8760       #
########################################

# Program was compiled: Sep 21 2021 14:36:42
# Program was run: Thu Sep 23 17:50:35 2021

# cmd: legofit -1 -d 0 -t 32 --ptsPerDim 3 --stateOut b1boot42.state --tol 3e-6 -S 5000 adef2.lgo ../../boot/boot42.opf
# Stage nOptItr nSimReps
#     0    5000        0
# algorithm          : deterministic
# ignoring probs <=  : 0
# Branch length floor: 0
# DE strategy        : 2
#    F               : 0.3
#    CR              : 0.8
#    tolerance       : 3e-06
# nthreads           : 32
# lgo input file     : adef2.lgo
# site pat input file: ../../boot/boot42.opf
# free parameters    : 18
# points in DE swarm : 54
# output state file  : b1boot42.state
# Including singleton site patterns.
# cost function      : KL
Initial parameter values
Fixed:
      zero = 0
       one = 1
    Tbecnw = 75200
Free:
       pc1 = 0
       pc2 = 0
       pc3 = 0
       pc4 = 0
       pc5 = 0
       pc6 = 0
       pc7 = 0
       pc8 = 0
       pc9 = 0
      pc10 = 0
      pc11 = 0
      pc12 = 0
      pc13 = 0
      pc14 = 0
      pc15 = 0
      pc16 = 0
      pc17 = 0
      pc18 = 0
Constrained:
   Tgbecnw = 109477
     Tecnw = 25374.9
       Tnw = 19462.2
       Tec = 11361.5
     twoNb = 1.31641e+06
     twoNe = 4.22388e+06
     twoNc = 4.21006e+06
     twoNn = 1.5933e+06
     twoNw = 2.30691e+06
    twoNec = 127548
    twoNnw = 28323.2
  twoNecnw = 83298
  twoNbecnw = 14248.2
  twoNgbecnw = 254898
         m = 0.139683
        m4 = 0.0188017
        m5 = 0.125592
        m6 = 0.0181607
        Ta = 43280.8
        Td = 5680.77
        Te = 9731.11
        Tf = 4865.56
DiffEv reached_goal. cost=1.89162e-03 spread=2.80527e-06
Fitted parameter values
Free:
       pc1 = 1.91405
       pc2 = -1.95389
       pc3 = 1.86325
       pc4 = 1.38742
       pc5 = -0.0897785
       pc6 = 1.86514
       pc7 = 1.96429
       pc8 = -1.92085
       pc9 = 1.95034
      pc10 = -1.18357
      pc11 = 0.222267
      pc12 = -0.355157
      pc13 = -0.0809011
      pc14 = 0.124062
      pc15 = -0.0266576
      pc16 = -0.0964747
      pc17 = 0.000206364
      pc18 = -0.00845376
Constrained:
   Tgbecnw = 89258.1
     Tecnw = 24329.6
       Tnw = 18261.2
       Tec = 9151.06
     twoNb = 2.03855e+06
     twoNe = 8.43402e+06
     twoNc = 8.57405e+06
     twoNn = -2.75452e+06
     twoNw = 3.23488e+06
    twoNec = 132162
    twoNnw = 28451.3
  twoNecnw = 79691.9
  twoNbecnw = 6021.17
  twoNgbecnw = 278855
         m = 0.122911
        m4 = 0.0186376
        m5 = 0.136475
        m6 = 0.0297535
        Ta = 42175.5
        Td = 4575.53
        Te = 9130.59
        Tf = 4565.3
#       SitePat  BranchLen
              b 126814.8523924
              e 49348.1153113
              c 51772.2975901
              n 46652.5331751
              w 46632.6689308
            b:e 2096.0204066
            b:c 2480.4162095
            b:n 1800.7814574
            b:w 1799.2813811
            e:c 10633.2055769
            e:n 5533.7468819
            e:w 5547.2772039
            c:n 5010.4457704
            c:w 5011.8068875
            n:w 12888.9342381
          b:e:c 2112.3118002
          b:e:n 1136.3993552
          b:e:w 1137.1261327
          b:c:n 1146.9720500
          b:c:w 1146.1057819
          b:n:w 2074.1196890
          e:c:n 4599.1553494
          e:c:w 4604.1281547
          e:n:w 6584.3428346
          c:n:w 5580.8130631
        b:e:c:n 2067.5763713
        b:e:c:w 2069.2159382
        b:e:n:w 3158.6305760
        b:c:n:w 2392.8010814
        e:c:n:w 52805.3589983
