########################################
# legofit: estimate population history #
#       version 2.3.4-4-g53f8760       #
########################################

# Program was compiled: Sep 21 2021 14:36:42
# Program was run: Thu Sep 23 17:50:59 2021

# cmd: legofit -1 -d 0 -t 32 --ptsPerDim 3 --stateOut b1boot45.state --tol 3e-6 -S 5000 adef2.lgo ../../boot/boot45.opf
# Stage nOptItr nSimReps
#     0    5000        0
# algorithm          : deterministic
# ignoring probs <=  : 0
# Branch length floor: 0
# DE strategy        : 2
#    F               : 0.3
#    CR              : 0.8
#    tolerance       : 3e-06
# nthreads           : 32
# lgo input file     : adef2.lgo
# site pat input file: ../../boot/boot45.opf
# free parameters    : 18
# points in DE swarm : 54
# output state file  : b1boot45.state
# Including singleton site patterns.
# cost function      : KL
Initial parameter values
Fixed:
      zero = 0
       one = 1
    Tbecnw = 75200
Free:
       pc1 = 0
       pc2 = 0
       pc3 = 0
       pc4 = 0
       pc5 = 0
       pc6 = 0
       pc7 = 0
       pc8 = 0
       pc9 = 0
      pc10 = 0
      pc11 = 0
      pc12 = 0
      pc13 = 0
      pc14 = 0
      pc15 = 0
      pc16 = 0
      pc17 = 0
      pc18 = 0
Constrained:
   Tgbecnw = 109477
     Tecnw = 25374.9
       Tnw = 19462.2
       Tec = 11361.5
     twoNb = 1.31641e+06
     twoNe = 4.22388e+06
     twoNc = 4.21006e+06
     twoNn = 1.5933e+06
     twoNw = 2.30691e+06
    twoNec = 127548
    twoNnw = 28323.2
  twoNecnw = 83298
  twoNbecnw = 14248.2
  twoNgbecnw = 254898
         m = 0.139683
        m4 = 0.0188017
        m5 = 0.125592
        m6 = 0.0181607
        Ta = 43280.8
        Td = 5680.77
        Te = 9731.11
        Tf = 4865.56
DiffEv reached_goal. cost=1.91545e-03 spread=2.80031e-06
Fitted parameter values
Free:
       pc1 = 0.568925
       pc2 = -1.95919
       pc3 = 1.97386
       pc4 = 1.31152
       pc5 = -1.13816
       pc6 = 0.812698
       pc7 = 1.67856
       pc8 = -1.9767
       pc9 = 1.98731
      pc10 = -1.36862
      pc11 = 0.0530585
      pc12 = -0.103003
      pc13 = 0.192178
      pc14 = 0.0413811
      pc15 = -0.066298
      pc16 = 0.00793071
      pc17 = 0.0433408
      pc18 = -0.0016599
Constrained:
   Tgbecnw = 90226.7
     Tecnw = 24109.2
       Tnw = 19827.1
       Tec = 10306.5
     twoNb = 2.03309e+06
     twoNe = 1.132e+07
     twoNc = 5.95775e+06
     twoNn = -587473
     twoNw = 2.77803e+06
    twoNec = 121208
    twoNnw = 19919.1
  twoNecnw = 81443.3
  twoNbecnw = 6427.7
  twoNgbecnw = 277266
         m = 0.125985
        m4 = 0.0182341
        m5 = 0.144913
        m6 = 0.0301894
        Ta = 42753.3
        Td = 5153.27
        Te = 9913.57
        Tf = 4956.79
#       SitePat  BranchLen
              b 127553.5852507
              e 49566.9740833
              c 52077.2417950
              n 46881.5710642
              w 46855.7906778
            b:e 2112.2382608
            b:c 2507.6434116
            b:n 1810.4578549
            b:w 1808.4529832
            e:c 10589.0232198
            e:n 5589.6875754
            e:w 5607.4518151
            c:n 5048.3232024
            c:w 5049.7096110
            n:w 12837.3454198
          b:e:c 2124.3863110
          b:e:n 1147.4119072
          b:e:w 1148.4180225
          b:c:n 1158.5204536
          b:c:w 1157.3263668
          b:n:w 2085.1956404
          e:c:n 4603.8044549
          e:c:w 4610.4341929
          e:n:w 6658.8644477
          c:n:w 5606.6436248
        b:e:c:n 2080.6271626
        b:e:c:w 2082.8200059
        b:e:n:w 3188.0512800
        b:c:n:w 2413.6886514
        e:c:n:w 53268.6310990
