########################################
# legofit: estimate population history #
#       version 2.3.4-4-g53f8760       #
########################################

# Program was compiled: Sep 21 2021 14:36:42
# Program was run: Thu Sep 23 17:47:10 2021

# cmd: legofit -1 -d 0 -t 32 --ptsPerDim 3 --stateOut b1boot4.state --tol 3e-6 -S 5000 adef2.lgo ../../boot/boot4.opf
# Stage nOptItr nSimReps
#     0    5000        0
# algorithm          : deterministic
# ignoring probs <=  : 0
# Branch length floor: 0
# DE strategy        : 2
#    F               : 0.3
#    CR              : 0.8
#    tolerance       : 3e-06
# nthreads           : 32
# lgo input file     : adef2.lgo
# site pat input file: ../../boot/boot4.opf
# free parameters    : 18
# points in DE swarm : 54
# output state file  : b1boot4.state
# Including singleton site patterns.
# cost function      : KL
Initial parameter values
Fixed:
      zero = 0
       one = 1
    Tbecnw = 75200
Free:
       pc1 = 0
       pc2 = 0
       pc3 = 0
       pc4 = 0
       pc5 = 0
       pc6 = 0
       pc7 = 0
       pc8 = 0
       pc9 = 0
      pc10 = 0
      pc11 = 0
      pc12 = 0
      pc13 = 0
      pc14 = 0
      pc15 = 0
      pc16 = 0
      pc17 = 0
      pc18 = 0
Constrained:
   Tgbecnw = 109477
     Tecnw = 25374.9
       Tnw = 19462.2
       Tec = 11361.5
     twoNb = 1.31641e+06
     twoNe = 4.22388e+06
     twoNc = 4.21006e+06
     twoNn = 1.5933e+06
     twoNw = 2.30691e+06
    twoNec = 127548
    twoNnw = 28323.2
  twoNecnw = 83298
  twoNbecnw = 14248.2
  twoNgbecnw = 254898
         m = 0.139683
        m4 = 0.0188017
        m5 = 0.125592
        m6 = 0.0181607
        Ta = 43280.8
        Td = 5680.77
        Te = 9731.11
        Tf = 4865.56
DiffEv reached_goal. cost=1.89204e-03 spread=2.10579e-06
Fitted parameter values
Free:
       pc1 = 1.38569
       pc2 = -1.99898
       pc3 = 1.98795
       pc4 = 1.79033
       pc5 = -1.05367
       pc6 = 1.86352
       pc7 = 1.85486
       pc8 = -1.99922
       pc9 = 1.99677
      pc10 = -1.48579
      pc11 = 0.251997
      pc12 = -0.273904
      pc13 = 0.18245
      pc14 = -0.00809831
      pc15 = -0.0286481
      pc16 = -0.0635629
      pc17 = 0.0285325
      pc18 = -0.0136291
Constrained:
   Tgbecnw = 87668.5
     Tecnw = 24215.8
       Tnw = 18854.6
       Tec = 9548.25
     twoNb = 1.79305e+06
     twoNe = 1.11875e+07
     twoNc = 7.59998e+06
     twoNn = -2.4347e+06
     twoNw = 2.88796e+06
    twoNec = 126318
    twoNnw = 25091.8
  twoNecnw = 80334.2
  twoNbecnw = 5358.48
  twoNgbecnw = 280628
         m = 0.123556
        m4 = 0.0181955
        m5 = 0.145487
        m6 = 0.0312183
        Ta = 42374.1
        Td = 4774.13
        Te = 9427.28
        Tf = 4713.64
#       SitePat  BranchLen
              b 126774.5421722
              e 49260.0949738
              c 51747.8934729
              n 46646.2963562
              w 46622.1748417
            b:e 2096.4670700
            b:c 2492.0960286
            b:n 1804.7209226
            b:w 1802.8731772
            e:c 10582.8250789
            e:n 5549.8790160
            e:w 5566.3749731
            c:n 5006.7094864
            c:w 5008.2389893
            n:w 12794.5744407
          b:e:c 2116.1856587
          b:e:n 1141.8778612
          b:e:w 1142.7835622
          b:c:n 1153.3585029
          b:c:w 1152.2770434
          b:n:w 2076.9525403
          e:c:n 4583.2562982
          e:c:w 4589.3523528
          e:n:w 6590.0081612
          c:n:w 5551.0670952
        b:e:c:n 2077.8966793
        b:e:c:w 2079.9201832
        b:e:n:w 3164.4797731
        b:c:n:w 2400.3245083
        e:c:n:w 52935.3543051
