########################################
# legofit: estimate population history #
#       version 2.3.4-4-g53f8760       #
########################################

# Program was compiled: Sep 21 2021 14:36:42
# Program was run: Thu Sep 23 17:50:07 2021

# cmd: legofit -1 -d 0 -t 32 --ptsPerDim 3 --stateOut b1boot37.state --tol 3e-6 -S 5000 adef2.lgo ../../boot/boot37.opf
# Stage nOptItr nSimReps
#     0    5000        0
# algorithm          : deterministic
# ignoring probs <=  : 0
# Branch length floor: 0
# DE strategy        : 2
#    F               : 0.3
#    CR              : 0.8
#    tolerance       : 3e-06
# nthreads           : 32
# lgo input file     : adef2.lgo
# site pat input file: ../../boot/boot37.opf
# free parameters    : 18
# points in DE swarm : 54
# output state file  : b1boot37.state
# Including singleton site patterns.
# cost function      : KL
Initial parameter values
Fixed:
      zero = 0
       one = 1
    Tbecnw = 75200
Free:
       pc1 = 0
       pc2 = 0
       pc3 = 0
       pc4 = 0
       pc5 = 0
       pc6 = 0
       pc7 = 0
       pc8 = 0
       pc9 = 0
      pc10 = 0
      pc11 = 0
      pc12 = 0
      pc13 = 0
      pc14 = 0
      pc15 = 0
      pc16 = 0
      pc17 = 0
      pc18 = 0
Constrained:
   Tgbecnw = 109477
     Tecnw = 25374.9
       Tnw = 19462.2
       Tec = 11361.5
     twoNb = 1.31641e+06
     twoNe = 4.22388e+06
     twoNc = 4.21006e+06
     twoNn = 1.5933e+06
     twoNw = 2.30691e+06
    twoNec = 127548
    twoNnw = 28323.2
  twoNecnw = 83298
  twoNbecnw = 14248.2
  twoNgbecnw = 254898
         m = 0.139683
        m4 = 0.0188017
        m5 = 0.125592
        m6 = 0.0181607
        Ta = 43280.8
        Td = 5680.77
        Te = 9731.11
        Tf = 4865.56
DiffEv reached_goal. cost=1.90075e-03 spread=1.71973e-06
Fitted parameter values
Free:
       pc1 = 1.57846
       pc2 = -1.98846
       pc3 = 1.93836
       pc4 = 1.04636
       pc5 = -0.545957
       pc6 = 0.782399
       pc7 = 1.26704
       pc8 = -1.99157
       pc9 = 1.97592
      pc10 = -1.21541
      pc11 = 0.432202
      pc12 = -0.288214
      pc13 = -0.0429703
      pc14 = -0.0401741
      pc15 = -0.0295898
      pc16 = -0.0458715
      pc17 = 0.0205146
      pc18 = 0.00323264
Constrained:
   Tgbecnw = 90179.6
     Tecnw = 24389.3
       Tnw = 18551
       Tec = 9433.34
     twoNb = 2.08189e+06
     twoNe = 8.60897e+06
     twoNc = 6.77187e+06
     twoNn = -264144
     twoNw = 3.15461e+06
    twoNec = 130561
    twoNnw = 27279.7
  twoNecnw = 80306.8
  twoNbecnw = 6368.93
  twoNgbecnw = 282576
         m = 0.123318
        m4 = 0.0184187
        m5 = 0.139203
        m6 = 0.0289275
        Ta = 42316.7
        Td = 4716.67
        Te = 9275.49
        Tf = 4637.74
#       SitePat  BranchLen
              b 127583.8293969
              e 49534.4164465
              c 52011.2475016
              n 46824.4922811
              w 46803.6471486
            b:e 2112.1177580
            b:c 2501.4864110
            b:n 1813.5861020
            b:w 1811.9988440
            e:c 10641.7965315
            e:n 5557.7818351
            e:w 5572.2082931
            c:n 5022.0755075
            c:w 5023.2627595
            n:w 12920.2687300
          b:e:c 2128.8572266
          b:e:n 1145.7712408
          b:e:w 1146.5693657
          b:c:n 1156.5092909
          b:c:w 1155.5630861
          b:n:w 2090.2126520
          e:c:n 4605.6341660
          e:c:w 4610.8655886
          e:n:w 6617.7201156
          c:n:w 5592.4503410
        b:e:c:n 2083.0261385
        b:e:c:w 2084.7614764
        b:e:n:w 3188.0078919
        b:c:n:w 2411.9977818
        e:c:n:w 53384.7608556
