########################################
# legofit: estimate population history #
#       version 2.3.4-4-g53f8760       #
########################################

# Program was compiled: Sep 21 2021 14:36:42
# Program was run: Thu Sep 23 17:47:15 2021

# cmd: legofit -1 -d 0 -t 32 --ptsPerDim 3 --stateOut b1boot5.state --tol 3e-6 -S 5000 adef2.lgo ../../boot/boot5.opf
# Stage nOptItr nSimReps
#     0    5000        0
# algorithm          : deterministic
# ignoring probs <=  : 0
# Branch length floor: 0
# DE strategy        : 2
#    F               : 0.3
#    CR              : 0.8
#    tolerance       : 3e-06
# nthreads           : 32
# lgo input file     : adef2.lgo
# site pat input file: ../../boot/boot5.opf
# free parameters    : 18
# points in DE swarm : 54
# output state file  : b1boot5.state
# Including singleton site patterns.
# cost function      : KL
Initial parameter values
Fixed:
      zero = 0
       one = 1
    Tbecnw = 75200
Free:
       pc1 = 0
       pc2 = 0
       pc3 = 0
       pc4 = 0
       pc5 = 0
       pc6 = 0
       pc7 = 0
       pc8 = 0
       pc9 = 0
      pc10 = 0
      pc11 = 0
      pc12 = 0
      pc13 = 0
      pc14 = 0
      pc15 = 0
      pc16 = 0
      pc17 = 0
      pc18 = 0
Constrained:
   Tgbecnw = 109477
     Tecnw = 25374.9
       Tnw = 19462.2
       Tec = 11361.5
     twoNb = 1.31641e+06
     twoNe = 4.22388e+06
     twoNc = 4.21006e+06
     twoNn = 1.5933e+06
     twoNw = 2.30691e+06
    twoNec = 127548
    twoNnw = 28323.2
  twoNecnw = 83298
  twoNbecnw = 14248.2
  twoNgbecnw = 254898
         m = 0.139683
        m4 = 0.0188017
        m5 = 0.125592
        m6 = 0.0181607
        Ta = 43280.8
        Td = 5680.77
        Te = 9731.11
        Tf = 4865.56
DiffEv reached_goal. cost=1.88246e-03 spread=2.79330e-06
Fitted parameter values
Free:
       pc1 = 0.475083
       pc2 = -1.99495
       pc3 = 1.97506
       pc4 = 1.532
       pc5 = -1.4492
       pc6 = 1.39031
       pc7 = 1.4957
       pc8 = -1.99285
       pc9 = 1.95405
      pc10 = -1.9004
      pc11 = 0.205807
      pc12 = -0.116293
      pc13 = -0.0501599
      pc14 = 0.160713
      pc15 = -0.0606454
      pc16 = -0.0250917
      pc17 = 0.00952272
      pc18 = -0.00885031
Constrained:
   Tgbecnw = 89744.5
     Tecnw = 24071.6
       Tnw = 19913.3
       Tec = 9973.96
     twoNb = 1.77137e+06
     twoNe = 1.10692e+07
     twoNc = 6.10181e+06
     twoNn = -1.28356e+06
     twoNw = 2.785e+06
    twoNec = 120965
    twoNnw = 18892.8
  twoNecnw = 81656
  twoNbecnw = 6203.84
  twoNgbecnw = 280923
         m = 0.123359
        m4 = 0.0177469
        m5 = 0.145988
        m6 = 0.0355671
        Ta = 42587
        Td = 4986.98
        Te = 9956.64
        Tf = 4978.32
#       SitePat  BranchLen
              b 127214.8976834
              e 49489.1057892
              c 51927.4018204
              n 46728.5909501
              w 46701.6534720
            b:e 2122.7397467
            b:c 2511.6370966
            b:n 1808.8665951
            b:w 1806.7638776
            e:c 10657.6902208
            e:n 5560.1644152
            e:w 5577.6914423
            c:n 5033.6427843
            c:w 5036.1053562
            n:w 12923.3970725
          b:e:c 2141.5367604
          b:e:n 1145.5346891
          b:e:w 1146.4595154
          b:c:n 1156.6724711
          b:c:w 1155.5491402
          b:n:w 2100.9173935
          e:c:n 4587.3430441
          e:c:w 4594.2909233
          e:n:w 6663.9278103
          c:n:w 5633.1475686
        b:e:c:n 2081.0850604
        b:e:c:w 2083.3862826
        b:e:n:w 3176.1989296
        b:c:n:w 2427.6658454
        e:c:n:w 53052.7567129
