########################################
# legofit: estimate population history #
#       version 2.3.4-4-g53f8760       #
########################################

# Program was compiled: Sep 21 2021 14:36:42
# Program was run: Thu Sep 23 17:49:25 2021

# cmd: legofit -1 -d 0 -t 32 --ptsPerDim 3 --stateOut b1boot28.state --tol 3e-6 -S 5000 adef2.lgo ../../boot/boot28.opf
# Stage nOptItr nSimReps
#     0    5000        0
# algorithm          : deterministic
# ignoring probs <=  : 0
# Branch length floor: 0
# DE strategy        : 2
#    F               : 0.3
#    CR              : 0.8
#    tolerance       : 3e-06
# nthreads           : 32
# lgo input file     : adef2.lgo
# site pat input file: ../../boot/boot28.opf
# free parameters    : 18
# points in DE swarm : 54
# output state file  : b1boot28.state
# Including singleton site patterns.
# cost function      : KL
Initial parameter values
Fixed:
      zero = 0
       one = 1
    Tbecnw = 75200
Free:
       pc1 = 0
       pc2 = 0
       pc3 = 0
       pc4 = 0
       pc5 = 0
       pc6 = 0
       pc7 = 0
       pc8 = 0
       pc9 = 0
      pc10 = 0
      pc11 = 0
      pc12 = 0
      pc13 = 0
      pc14 = 0
      pc15 = 0
      pc16 = 0
      pc17 = 0
      pc18 = 0
Constrained:
   Tgbecnw = 109477
     Tecnw = 25374.9
       Tnw = 19462.2
       Tec = 11361.5
     twoNb = 1.31641e+06
     twoNe = 4.22388e+06
     twoNc = 4.21006e+06
     twoNn = 1.5933e+06
     twoNw = 2.30691e+06
    twoNec = 127548
    twoNnw = 28323.2
  twoNecnw = 83298
  twoNbecnw = 14248.2
  twoNgbecnw = 254898
         m = 0.139683
        m4 = 0.0188017
        m5 = 0.125592
        m6 = 0.0181607
        Ta = 43280.8
        Td = 5680.77
        Te = 9731.11
        Tf = 4865.56
DiffEv reached_goal. cost=1.87778e-03 spread=2.80853e-06
Fitted parameter values
Free:
       pc1 = 1.26783
       pc2 = -1.93807
       pc3 = 1.92294
       pc4 = 1.1413
       pc5 = -0.442672
       pc6 = 1.99696
       pc7 = 1.79767
       pc8 = -1.99347
       pc9 = 1.92932
      pc10 = -1.3347
      pc11 = 0.0999743
      pc12 = 0.0172268
      pc13 = 0.0574902
      pc14 = 0.125769
      pc15 = 0.0044132
      pc16 = -0.0393104
      pc17 = -0.000413991
      pc18 = -0.00787012
Constrained:
   Tgbecnw = 90579.3
     Tecnw = 24347.6
       Tnw = 19413.4
       Tec = 9805.03
     twoNb = 1.93123e+06
     twoNe = 8.6572e+06
     twoNc = 8.67218e+06
     twoNn = -2.54387e+06
     twoNw = 3.15668e+06
    twoNec = 127476
    twoNnw = 22891.6
  twoNecnw = 79879.8
  twoNbecnw = 6589.26
  twoNgbecnw = 279769
         m = 0.12118
        m4 = 0.0184652
        m5 = 0.141276
        m6 = 0.0306753
        Ta = 42502.5
        Td = 4902.51
        Te = 9706.68
        Tf = 4853.34
#       SitePat  BranchLen
              b 126986.5115595
              e 49519.2942833
              c 51981.1297011
              n 46805.7115241
              w 46783.7052258
            b:e 2131.6550037
            b:c 2524.8170716
            b:n 1824.5667901
            b:w 1822.8532524
            e:c 10617.9209651
            e:n 5568.4727836
            e:w 5583.4333690
            c:n 5038.5695978
            c:w 5039.9803113
            n:w 12868.2063539
          b:e:c 2143.1856739
          b:e:n 1153.9043521
          b:e:w 1154.7376013
          b:c:n 1164.8847219
          b:c:w 1163.8933790
          b:n:w 2103.8243891
          e:c:n 4627.1602280
          e:c:w 4632.7952273
          e:n:w 6675.4233558
          c:n:w 5640.9563690
        b:e:c:n 2092.6494590
        b:e:c:w 2094.5210905
        b:e:n:w 3198.1341289
        b:c:n:w 2430.8234682
        e:c:n:w 52797.6746774
