########################################
# legofit: estimate population history #
#       version 2.3.4-4-g53f8760       #
########################################

# Program was compiled: Sep 21 2021 14:36:42
# Program was run: Thu Sep 23 17:51:06 2021

# cmd: legofit -1 -d 0 -t 32 --ptsPerDim 3 --stateOut b1boot48.state --tol 3e-6 -S 5000 adef2.lgo ../../boot/boot48.opf
# Stage nOptItr nSimReps
#     0    5000        0
# algorithm          : deterministic
# ignoring probs <=  : 0
# Branch length floor: 0
# DE strategy        : 2
#    F               : 0.3
#    CR              : 0.8
#    tolerance       : 3e-06
# nthreads           : 32
# lgo input file     : adef2.lgo
# site pat input file: ../../boot/boot48.opf
# free parameters    : 18
# points in DE swarm : 54
# output state file  : b1boot48.state
# Including singleton site patterns.
# cost function      : KL
Initial parameter values
Fixed:
      zero = 0
       one = 1
    Tbecnw = 75200
Free:
       pc1 = 0
       pc2 = 0
       pc3 = 0
       pc4 = 0
       pc5 = 0
       pc6 = 0
       pc7 = 0
       pc8 = 0
       pc9 = 0
      pc10 = 0
      pc11 = 0
      pc12 = 0
      pc13 = 0
      pc14 = 0
      pc15 = 0
      pc16 = 0
      pc17 = 0
      pc18 = 0
Constrained:
   Tgbecnw = 109477
     Tecnw = 25374.9
       Tnw = 19462.2
       Tec = 11361.5
     twoNb = 1.31641e+06
     twoNe = 4.22388e+06
     twoNc = 4.21006e+06
     twoNn = 1.5933e+06
     twoNw = 2.30691e+06
    twoNec = 127548
    twoNnw = 28323.2
  twoNecnw = 83298
  twoNbecnw = 14248.2
  twoNgbecnw = 254898
         m = 0.139683
        m4 = 0.0188017
        m5 = 0.125592
        m6 = 0.0181607
        Ta = 43280.8
        Td = 5680.77
        Te = 9731.11
        Tf = 4865.56
DiffEv reached_goal. cost=1.89495e-03 spread=2.79385e-06
Fitted parameter values
Free:
       pc1 = 0.739399
       pc2 = -1.99123
       pc3 = 1.96219
       pc4 = 1.86435
       pc5 = -0.272487
       pc6 = 1.51533
       pc7 = 1.9746
       pc8 = -1.98972
       pc9 = 1.99131
      pc10 = -1.71917
      pc11 = 0.198826
      pc12 = 0.0440516
      pc13 = 0.204583
      pc14 = 0.0305076
      pc15 = 0.0331491
      pc16 = -0.0599939
      pc17 = 0.0448453
      pc18 = -0.0126713
Constrained:
   Tgbecnw = 88089.7
     Tecnw = 24093.9
       Tnw = 19694.8
       Tec = 9852.95
     twoNb = 2.02905e+06
     twoNe = 8.91027e+06
     twoNc = 7.53887e+06
     twoNn = -2.35407e+06
     twoNw = 3.17377e+06
    twoNec = 126249
    twoNnw = 20388.9
  twoNecnw = 81047.6
  twoNbecnw = 5624.37
  twoNgbecnw = 271958
         m = 0.127855
        m4 = 0.0180134
        m5 = 0.14167
        m6 = 0.0258831
        Ta = 42526.5
        Td = 4926.47
        Te = 9847.4
        Tf = 4923.7
#       SitePat  BranchLen
              b 126998.1128904
              e 49458.1070937
              c 51967.0469753
              n 46764.3765561
              w 46743.1499350
            b:e 2122.1503433
            b:c 2520.3295863
            b:n 1816.8742833
            b:w 1815.2136507
            e:c 10598.5139906
            e:n 5564.0285247
            e:w 5579.2895499
            c:n 5019.4038608
            c:w 5019.9271382
            n:w 12855.2413624
          b:e:c 2141.2171802
          b:e:n 1151.6296675
          b:e:w 1152.5423530
          b:c:n 1162.9182140
          b:c:w 1161.8474872
          b:n:w 2100.9069535
          e:c:n 4593.1748088
          e:c:w 4598.6171273
          e:n:w 6652.9873449
          c:n:w 5595.5059822
        b:e:c:n 2091.9623670
        b:e:c:w 2093.7810409
        b:e:n:w 3195.2361151
        b:c:n:w 2428.9914665
        e:c:n:w 52960.4763735
