########################################
# legofit: estimate population history #
#       version 2.3.4-4-g53f8760       #
########################################

# Program was compiled: Sep 21 2021 14:36:42
# Program was run: Thu Sep 23 17:47:24 2021

# cmd: legofit -1 -d 0 -t 32 --ptsPerDim 3 --stateOut b1boot7.state --tol 3e-6 -S 5000 adef2.lgo ../../boot/boot7.opf
# Stage nOptItr nSimReps
#     0    5000        0
# algorithm          : deterministic
# ignoring probs <=  : 0
# Branch length floor: 0
# DE strategy        : 2
#    F               : 0.3
#    CR              : 0.8
#    tolerance       : 3e-06
# nthreads           : 32
# lgo input file     : adef2.lgo
# site pat input file: ../../boot/boot7.opf
# free parameters    : 18
# points in DE swarm : 54
# output state file  : b1boot7.state
# Including singleton site patterns.
# cost function      : KL
Initial parameter values
Fixed:
      zero = 0
       one = 1
    Tbecnw = 75200
Free:
       pc1 = 0
       pc2 = 0
       pc3 = 0
       pc4 = 0
       pc5 = 0
       pc6 = 0
       pc7 = 0
       pc8 = 0
       pc9 = 0
      pc10 = 0
      pc11 = 0
      pc12 = 0
      pc13 = 0
      pc14 = 0
      pc15 = 0
      pc16 = 0
      pc17 = 0
      pc18 = 0
Constrained:
   Tgbecnw = 109477
     Tecnw = 25374.9
       Tnw = 19462.2
       Tec = 11361.5
     twoNb = 1.31641e+06
     twoNe = 4.22388e+06
     twoNc = 4.21006e+06
     twoNn = 1.5933e+06
     twoNw = 2.30691e+06
    twoNec = 127548
    twoNnw = 28323.2
  twoNecnw = 83298
  twoNbecnw = 14248.2
  twoNgbecnw = 254898
         m = 0.139683
        m4 = 0.0188017
        m5 = 0.125592
        m6 = 0.0181607
        Ta = 43280.8
        Td = 5680.77
        Te = 9731.11
        Tf = 4865.56
DiffEv reached_goal. cost=1.89932e-03 spread=2.75543e-06
Fitted parameter values
Free:
       pc1 = 0.722229
       pc2 = -1.94891
       pc3 = 1.95034
       pc4 = 1.8951
       pc5 = -1.08502
       pc6 = 1.03944
       pc7 = 1.54594
       pc8 = -1.95858
       pc9 = 1.99012
      pc10 = -1.48765
      pc11 = 0.254488
      pc12 = 0.0590697
      pc13 = 0.0257432
      pc14 = 0.10829
      pc15 = -0.0537916
      pc16 = -0.0147167
      pc17 = 0.0565795
      pc18 = -0.0180354
Constrained:
   Tgbecnw = 88275
     Tecnw = 24128.6
       Tnw = 19616.6
       Tec = 9988.76
     twoNb = 1.85286e+06
     twoNe = 1.12499e+07
     twoNc = 6.63547e+06
     twoNn = -922166
     twoNw = 2.83406e+06
    twoNec = 124504
    twoNnw = 21059.1
  twoNecnw = 80714.7
  twoNbecnw = 5684.28
  twoNgbecnw = 273824
         m = 0.127602
        m4 = 0.0179092
        m5 = 0.142618
        m6 = 0.0308333
        Ta = 42594.4
        Td = 4994.38
        Te = 9808.3
        Tf = 4904.15
#       SitePat  BranchLen
              b 127237.1306925
              e 49431.5535488
              c 51869.1769320
              n 46755.1391433
              w 46730.2982816
            b:e 2118.8645823
            b:c 2511.3875342
            b:n 1816.0441192
            b:w 1814.1071245
            e:c 10569.5007511
            e:n 5566.3169232
            e:w 5583.2214635
            c:n 5039.3904963
            c:w 5040.9474841
            n:w 12793.5403671
          b:e:c 2130.2906321
          b:e:n 1151.1041288
          b:e:w 1152.0483515
          b:c:n 1162.2622093
          b:c:w 1161.1352177
          b:n:w 2090.6598923
          e:c:n 4603.9413511
          e:c:w 4610.3206848
          e:n:w 6633.5392116
          c:n:w 5606.5264415
        b:e:c:n 2089.0208553
        b:e:c:w 2091.1406190
        b:e:n:w 3177.5563464
        b:c:n:w 2423.3779641
        e:c:n:w 53217.7110965
