########################################
# legofit: estimate population history #
#       version 2.3.4-4-g53f8760       #
########################################

# Program was compiled: Sep 21 2021 14:36:42
# Program was run: Thu Sep 23 17:50:17 2021

# cmd: legofit -1 -d 0 -t 32 --ptsPerDim 3 --stateOut b1boot38.state --tol 3e-6 -S 5000 adef2.lgo ../../boot/boot38.opf
# Stage nOptItr nSimReps
#     0    5000        0
# algorithm          : deterministic
# ignoring probs <=  : 0
# Branch length floor: 0
# DE strategy        : 2
#    F               : 0.3
#    CR              : 0.8
#    tolerance       : 3e-06
# nthreads           : 32
# lgo input file     : adef2.lgo
# site pat input file: ../../boot/boot38.opf
# free parameters    : 18
# points in DE swarm : 54
# output state file  : b1boot38.state
# Including singleton site patterns.
# cost function      : KL
Initial parameter values
Fixed:
      zero = 0
       one = 1
    Tbecnw = 75200
Free:
       pc1 = 0
       pc2 = 0
       pc3 = 0
       pc4 = 0
       pc5 = 0
       pc6 = 0
       pc7 = 0
       pc8 = 0
       pc9 = 0
      pc10 = 0
      pc11 = 0
      pc12 = 0
      pc13 = 0
      pc14 = 0
      pc15 = 0
      pc16 = 0
      pc17 = 0
      pc18 = 0
Constrained:
   Tgbecnw = 109477
     Tecnw = 25374.9
       Tnw = 19462.2
       Tec = 11361.5
     twoNb = 1.31641e+06
     twoNe = 4.22388e+06
     twoNc = 4.21006e+06
     twoNn = 1.5933e+06
     twoNw = 2.30691e+06
    twoNec = 127548
    twoNnw = 28323.2
  twoNecnw = 83298
  twoNbecnw = 14248.2
  twoNgbecnw = 254898
         m = 0.139683
        m4 = 0.0188017
        m5 = 0.125592
        m6 = 0.0181607
        Ta = 43280.8
        Td = 5680.77
        Te = 9731.11
        Tf = 4865.56
DiffEv reached_goal. cost=1.86615e-03 spread=2.07418e-06
Fitted parameter values
Free:
       pc1 = 2.22258
       pc2 = -1.93247
       pc3 = 1.92088
       pc4 = 0.778207
       pc5 = -0.650501
       pc6 = 1.58725
       pc7 = 1.89001
       pc8 = -1.97373
       pc9 = 1.97265
      pc10 = -0.696001
      pc11 = -0.181504
      pc12 = -0.603683
      pc13 = -0.0879066
      pc14 = 0.0782044
      pc15 = -0.0462066
      pc16 = -0.037231
      pc17 = -0.0011592
      pc18 = -0.0098632
Constrained:
   Tgbecnw = 90650.3
     Tecnw = 24426.6
       Tnw = 18127.5
       Tec = 9125.97
     twoNb = 2.08958e+06
     twoNe = 1.01289e+07
     twoNc = 8.2876e+06
     twoNn = -1.89495e+06
     twoNw = 2.8991e+06
    twoNec = 132723
    twoNnw = 29824.6
  twoNecnw = 79714.2
  twoNbecnw = 6530.44
  twoNgbecnw = 285617
         m = 0.119756
        m4 = 0.0192372
        m5 = 0.138846
        m6 = 0.0343542
        Ta = 42163
        Td = 4562.98
        Te = 9063.73
        Tf = 4531.86
#       SitePat  BranchLen
              b 127141.7440870
              e 49464.9364040
              c 51887.8732774
              n 46786.3840000
              w 46763.0783202
            b:e 2109.2683875
            b:c 2493.8933142
            b:n 1815.2384504
            b:w 1813.4773783
            e:c 10621.4989522
            e:n 5565.6136382
            e:w 5580.7707426
            c:n 5047.2604190
            c:w 5049.5768635
            n:w 12860.0292916
          b:e:c 2116.4402042
          b:e:n 1146.6931243
          b:e:w 1147.4574394
          b:c:n 1157.2812684
          b:c:w 1156.3545908
          b:n:w 2078.6555466
          e:c:n 4622.2806621
          e:c:w 4628.1127930
          e:n:w 6595.9681016
          c:n:w 5601.6451813
        b:e:c:n 2082.2125629
        b:e:c:w 2084.1359975
        b:e:n:w 3189.3041017
        b:c:n:w 2406.1267632
        e:c:n:w 52983.5903667
