########################################
# legofit: estimate population history #
#       version 2.3.4-4-g53f8760       #
########################################

# Program was compiled: Sep 21 2021 14:36:42
# Program was run: Thu Sep 23 17:49:25 2021

# cmd: legofit -1 -d 0 -t 32 --ptsPerDim 3 --stateOut b1boot29.state --tol 3e-6 -S 5000 adef2.lgo ../../boot/boot29.opf
# Stage nOptItr nSimReps
#     0    5000        0
# algorithm          : deterministic
# ignoring probs <=  : 0
# Branch length floor: 0
# DE strategy        : 2
#    F               : 0.3
#    CR              : 0.8
#    tolerance       : 3e-06
# nthreads           : 32
# lgo input file     : adef2.lgo
# site pat input file: ../../boot/boot29.opf
# free parameters    : 18
# points in DE swarm : 54
# output state file  : b1boot29.state
# Including singleton site patterns.
# cost function      : KL
Initial parameter values
Fixed:
      zero = 0
       one = 1
    Tbecnw = 75200
Free:
       pc1 = 0
       pc2 = 0
       pc3 = 0
       pc4 = 0
       pc5 = 0
       pc6 = 0
       pc7 = 0
       pc8 = 0
       pc9 = 0
      pc10 = 0
      pc11 = 0
      pc12 = 0
      pc13 = 0
      pc14 = 0
      pc15 = 0
      pc16 = 0
      pc17 = 0
      pc18 = 0
Constrained:
   Tgbecnw = 109477
     Tecnw = 25374.9
       Tnw = 19462.2
       Tec = 11361.5
     twoNb = 1.31641e+06
     twoNe = 4.22388e+06
     twoNc = 4.21006e+06
     twoNn = 1.5933e+06
     twoNw = 2.30691e+06
    twoNec = 127548
    twoNnw = 28323.2
  twoNecnw = 83298
  twoNbecnw = 14248.2
  twoNgbecnw = 254898
         m = 0.139683
        m4 = 0.0188017
        m5 = 0.125592
        m6 = 0.0181607
        Ta = 43280.8
        Td = 5680.77
        Te = 9731.11
        Tf = 4865.56
DiffEv reached_goal. cost=1.88885e-03 spread=2.87768e-06
Fitted parameter values
Free:
       pc1 = 1.09273
       pc2 = -1.98534
       pc3 = 1.98955
       pc4 = 1.72284
       pc5 = -0.996358
       pc6 = 1.86759
       pc7 = 1.88618
       pc8 = -1.97848
       pc9 = 1.95459
      pc10 = -1.60214
      pc11 = 0.289257
      pc12 = -0.0283568
      pc13 = 0.0514558
      pc14 = 0.0831875
      pc15 = -0.0453227
      pc16 = -0.0691004
      pc17 = 0.0213003
      pc18 = -0.00381545
Constrained:
   Tgbecnw = 88354.9
     Tecnw = 24221.1
       Tnw = 19314.4
       Tec = 9847.8
     twoNb = 1.81862e+06
     twoNe = 1.07417e+07
     twoNc = 7.2849e+06
     twoNn = -2.46772e+06
     twoNw = 2.94835e+06
    twoNec = 123631
    twoNnw = 22503.7
  twoNecnw = 80182
  twoNbecnw = 5658
  twoNgbecnw = 278820
         m = 0.123753
        m4 = 0.0180388
        m5 = 0.144208
        m6 = 0.0323493
        Ta = 42523.9
        Td = 4923.9
        Te = 9657.19
        Tf = 4828.59
#       SitePat  BranchLen
              b 126827.0070677
              e 49298.0274317
              c 51760.2704865
              n 46583.2889658
              w 46559.2822625
            b:e 2102.0464196
            b:c 2494.4103922
            b:n 1797.7416102
            b:w 1795.8911964
            e:c 10602.3446884
            e:n 5530.4832122
            e:w 5546.6221411
            c:n 4996.9791153
            c:w 4998.7245546
            n:w 12860.1201783
          b:e:c 2122.9034126
          b:e:n 1136.7590161
          b:e:w 1137.6344611
          b:c:n 1147.9495531
          b:c:w 1146.9000903
          b:n:w 2083.1024115
          e:c:n 4578.6636579
          e:c:w 4584.7859930
          e:n:w 6628.7569425
          c:n:w 5591.3919948
        b:e:c:n 2066.9021958
        b:e:c:w 2068.9266275
        b:e:n:w 3159.0141702
        b:c:n:w 2402.7173460
        e:c:n:w 52926.0358624
