########################################
# legofit: estimate population history #
#       version 2.3.4-4-g53f8760       #
########################################

# Program was compiled: Sep 21 2021 14:36:42
# Program was run: Thu Sep 23 19:50:01 2021

# cmd: legofit -1 -d 0 -t 32 --ptsPerDim 3 --stateOut b1.state --tol 3e-6 -S 5000 ace2.lgo ../../pan.opf
# Stage nOptItr nSimReps
#     0    5000        0
# algorithm          : deterministic
# ignoring probs <=  : 0
# Branch length floor: 0
# DE strategy        : 2
#    F               : 0.3
#    CR              : 0.8
#    tolerance       : 3e-06
# nthreads           : 32
# lgo input file     : ace2.lgo
# site pat input file: ../../pan.opf
# free parameters    : 16
# points in DE swarm : 48
# output state file  : b1.state
# Including singleton site patterns.
# cost function      : KL
Initial parameter values
Fixed:
      zero = 0
       one = 1
    Tbecnw = 75200
Free:
       pc1 = 0
       pc2 = 0
       pc3 = 0
       pc4 = 0
       pc5 = 0
       pc6 = 0
       pc7 = 0
       pc8 = 0
       pc9 = 0
      pc10 = 0
      pc11 = 0
      pc12 = 0
      pc13 = 0
      pc14 = 0
      pc15 = 0
      pc16 = 0
Constrained:
   Tgbecnw = 121995
     Tecnw = 30084.4
       Tnw = 25628.4
       Tec = 14066.2
     twoNb = 337650
     twoNe = 17997.8
     twoNn = 293090
     twoNw = 2.84107e+06
    twoNec = 135873
    twoNnw = 13848.2
  twoNecnw = 96120.5
  twoNbecnw = 23683.6
  twoNgbecnw = 175006
         m = 0.25802
        m3 = 0.20357
        m5 = 0.130512
        Ta = 37600
        Tc = 12814.2
        Te = 6407.11
DiffEv reached_goal. cost=1.79265e-03 spread=2.88425e-06
Fitted parameter values
Free:
       pc1 = 3.82034
       pc2 = -0.0701487
       pc3 = 1.45619
       pc4 = -1.77957
       pc5 = 0.912532
       pc6 = -0.101116
       pc7 = -0.815389
       pc8 = -1.81293
       pc9 = 1.85966
      pc10 = 0.206184
      pc11 = -0.272218
      pc12 = 0.0724643
      pc13 = -0.0653158
      pc14 = -0.0769977
      pc15 = 0.0268636
      pc16 = 0.0057588
Constrained:
   Tgbecnw = 94013.8
     Tecnw = 25915.1
       Tnw = 24998.3
       Tec = 13406.7
     twoNb = 445659
     twoNe = 14960.1
     twoNn = 42631.1
     twoNw = 2.28748e+06
    twoNec = 105467
    twoNnw = 2789.46
  twoNecnw = 88106
  twoNbecnw = 9278.25
  twoNgbecnw = 205390
         m = 0.185802
        m3 = 0.202355
        m5 = 0.128462
        Ta = 37600
        Tc = 12499.1
        Te = 6249.57
#       SitePat  BranchLen
              b 131792.4925819
              e 51282.9720433
              c 53820.2009652
              n 47524.5529331
              w 49401.4960048
            b:e 2258.5868364
            b:c 2549.3620566
            b:n 1811.9014230
            b:w 1987.3588226
            e:c 11008.5712126
            e:n 6150.4592256
            e:w 5536.6497956
            c:n 5457.5416380
            c:w 4853.0247268
            n:w 13472.2241391
          b:e:c 2331.2706535
          b:e:n 1199.0209385
          b:e:w 1212.9427666
          b:c:n 1215.6823252
          b:c:w 1215.1840787
          b:n:w 2285.9011297
          e:c:n 5066.3129780
          e:c:w 4407.6962475
          e:n:w 6942.2568543
          c:n:w 5781.5705888
        b:e:c:n 2271.9702988
        b:e:c:w 2083.0893176
        b:e:n:w 2882.0826152
        b:c:n:w 2572.4046962
        e:c:n:w 55035.3687571
