########################################
# legofit: estimate population history #
#       version 2.3.4-4-g53f8760       #
########################################

# Program was compiled: Sep 21 2021 14:36:42
# Program was run: Thu Sep 23 19:50:26 2021

# cmd: legofit -1 -d 0 -t 32 --ptsPerDim 3 --stateOut b1boot4.state --tol 3e-6 -S 5000 ace2.lgo ../../boot/boot4.opf
# Stage nOptItr nSimReps
#     0    5000        0
# algorithm          : deterministic
# ignoring probs <=  : 0
# Branch length floor: 0
# DE strategy        : 2
#    F               : 0.3
#    CR              : 0.8
#    tolerance       : 3e-06
# nthreads           : 32
# lgo input file     : ace2.lgo
# site pat input file: ../../boot/boot4.opf
# free parameters    : 16
# points in DE swarm : 48
# output state file  : b1boot4.state
# Including singleton site patterns.
# cost function      : KL
Initial parameter values
Fixed:
      zero = 0
       one = 1
    Tbecnw = 75200
Free:
       pc1 = 0
       pc2 = 0
       pc3 = 0
       pc4 = 0
       pc5 = 0
       pc6 = 0
       pc7 = 0
       pc8 = 0
       pc9 = 0
      pc10 = 0
      pc11 = 0
      pc12 = 0
      pc13 = 0
      pc14 = 0
      pc15 = 0
      pc16 = 0
Constrained:
   Tgbecnw = 121995
     Tecnw = 30084.4
       Tnw = 25628.4
       Tec = 14066.2
     twoNb = 337650
     twoNe = 17997.8
     twoNn = 293090
     twoNw = 2.84107e+06
    twoNec = 135873
    twoNnw = 13848.2
  twoNecnw = 96120.5
  twoNbecnw = 23683.6
  twoNgbecnw = 175006
         m = 0.25802
        m3 = 0.20357
        m5 = 0.130512
        Ta = 37600
        Tc = 12814.2
        Te = 6407.11
DiffEv reached_goal. cost=1.80335e-03 spread=2.68905e-06
Fitted parameter values
Free:
       pc1 = 3.98908
       pc2 = 0.145833
       pc3 = 1.75068
       pc4 = -1.94867
       pc5 = 1.47924
       pc6 = 0.178606
       pc7 = 0.507152
       pc8 = -1.17141
       pc9 = 1.74794
      pc10 = -0.0531481
      pc11 = -0.0163332
      pc12 = 0.0169785
      pc13 = -0.110507
      pc14 = -0.0269816
      pc15 = 0.0693601
      pc16 = -0.0169051
Constrained:
   Tgbecnw = 93656
     Tecnw = 25967.4
       Tnw = 24941.8
       Tec = 13811
     twoNb = 95439.2
     twoNe = 16967.6
     twoNn = 216796
     twoNw = 2.39167e+06
    twoNec = 104260
    twoNnw = 3191.22
  twoNecnw = 88118
  twoNbecnw = 9051.32
  twoNgbecnw = 206769
         m = 0.185051
        m3 = 0.191576
        m5 = 0.125462
        Ta = 37600
        Tc = 12470.9
        Te = 6235.45
#       SitePat  BranchLen
              b 131657.1460741
              e 51347.4406861
              c 53922.4465067
              n 47575.3680838
              w 49452.9073400
            b:e 2246.5714861
            b:c 2535.3728627
            b:n 1802.6629602
            b:w 1977.0018969
            e:c 10921.2875778
            e:n 6194.7779127
            e:w 5487.2309186
            c:n 5383.2747538
            c:w 4867.5577825
            n:w 13430.2783467
          b:e:c 2316.5304413
          b:e:n 1200.6916154
          b:e:w 1201.7558213
          b:c:n 1204.6698922
          b:c:w 1217.0699027
          b:n:w 2270.9694160
          e:c:n 5035.6946899
          e:c:w 4381.4193991
          e:n:w 6892.2869228
          c:n:w 5748.4573972
        b:e:c:n 2262.6245815
        b:e:c:w 2074.8214285
        b:e:n:w 2869.4706435
        b:c:n:w 2561.3769089
        e:c:n:w 54966.1318066
