########################################
# legofit: estimate population history #
#       version 2.3.4-4-g53f8760       #
########################################

# Program was compiled: Sep 21 2021 14:36:42
# Program was run: Thu Sep 23 19:51:38 2021

# cmd: legofit -1 -d 0 -t 32 --ptsPerDim 3 --stateOut b1boot34.state --tol 3e-6 -S 5000 ace2.lgo ../../boot/boot34.opf
# Stage nOptItr nSimReps
#     0    5000        0
# algorithm          : deterministic
# ignoring probs <=  : 0
# Branch length floor: 0
# DE strategy        : 2
#    F               : 0.3
#    CR              : 0.8
#    tolerance       : 3e-06
# nthreads           : 32
# lgo input file     : ace2.lgo
# site pat input file: ../../boot/boot34.opf
# free parameters    : 16
# points in DE swarm : 48
# output state file  : b1boot34.state
# Including singleton site patterns.
# cost function      : KL
Initial parameter values
Fixed:
      zero = 0
       one = 1
    Tbecnw = 75200
Free:
       pc1 = 0
       pc2 = 0
       pc3 = 0
       pc4 = 0
       pc5 = 0
       pc6 = 0
       pc7 = 0
       pc8 = 0
       pc9 = 0
      pc10 = 0
      pc11 = 0
      pc12 = 0
      pc13 = 0
      pc14 = 0
      pc15 = 0
      pc16 = 0
Constrained:
   Tgbecnw = 121995
     Tecnw = 30084.4
       Tnw = 25628.4
       Tec = 14066.2
     twoNb = 337650
     twoNe = 17997.8
     twoNn = 293090
     twoNw = 2.84107e+06
    twoNec = 135873
    twoNnw = 13848.2
  twoNecnw = 96120.5
  twoNbecnw = 23683.6
  twoNgbecnw = 175006
         m = 0.25802
        m3 = 0.20357
        m5 = 0.130512
        Ta = 37600
        Tc = 12814.2
        Te = 6407.11
DiffEv reached_goal. cost=1.78927e-03 spread=2.64608e-06
Fitted parameter values
Free:
       pc1 = 3.99819
       pc2 = 0.224179
       pc3 = 0.6138
       pc4 = -1.94633
       pc5 = 1.92142
       pc6 = 0.83537
       pc7 = 0.0595686
       pc8 = -1.94708
       pc9 = 1.03274
      pc10 = -0.312619
      pc11 = -0.345786
      pc12 = 0.135043
      pc13 = -0.133693
      pc14 = 0.0282444
      pc15 = 0.0697789
      pc16 = 0.0102219
Constrained:
   Tgbecnw = 92275.1
     Tecnw = 25972.4
       Tnw = 25333.1
       Tec = 13572.6
     twoNb = 262888
     twoNe = 11932.6
     twoNn = 401519
     twoNw = 2.06075e+06
    twoNec = 107482
    twoNnw = 1986.84
  twoNecnw = 86176.1
  twoNbecnw = 8733.66
  twoNgbecnw = 195004
         m = 0.194776
        m3 = 0.189668
        m5 = 0.131521
        Ta = 37600
        Tc = 12666.6
        Te = 6333.28
#       SitePat  BranchLen
              b 131240.0589887
              e 51097.8325380
              c 53720.2186817
              n 47400.4045778
              w 49190.0849980
            b:e 2243.3549443
            b:c 2542.1948915
            b:n 1799.9742314
            b:w 1966.2484424
            e:c 10855.2827585
            e:n 6167.2776904
            e:w 5521.5691514
            c:n 5386.5665878
            c:w 4869.3394827
            n:w 13313.2079218
          b:e:c 2302.7756849
          b:e:n 1196.1932814
          b:e:w 1201.2888075
          b:c:n 1204.6791481
          b:c:w 1212.0622441
          b:n:w 2257.9921394
          e:c:n 5045.6945395
          e:c:w 4418.9497633
          e:n:w 6982.9004963
          c:n:w 5793.4551238
        b:e:c:n 2242.5747708
        b:e:c:w 2063.8219377
        b:e:n:w 2866.6951060
        b:c:n:w 2548.5958555
        e:c:n:w 54682.2990037
