########################################
# legofit: estimate population history #
#       version 2.3.4-4-g53f8760       #
########################################

# Program was compiled: Sep 21 2021 14:36:42
# Program was run: Thu Sep 23 19:51:30 2021

# cmd: legofit -1 -d 0 -t 32 --ptsPerDim 3 --stateOut b1boot30.state --tol 3e-6 -S 5000 ace2.lgo ../../boot/boot30.opf
# Stage nOptItr nSimReps
#     0    5000        0
# algorithm          : deterministic
# ignoring probs <=  : 0
# Branch length floor: 0
# DE strategy        : 2
#    F               : 0.3
#    CR              : 0.8
#    tolerance       : 3e-06
# nthreads           : 32
# lgo input file     : ace2.lgo
# site pat input file: ../../boot/boot30.opf
# free parameters    : 16
# points in DE swarm : 48
# output state file  : b1boot30.state
# Including singleton site patterns.
# cost function      : KL
Initial parameter values
Fixed:
      zero = 0
       one = 1
    Tbecnw = 75200
Free:
       pc1 = 0
       pc2 = 0
       pc3 = 0
       pc4 = 0
       pc5 = 0
       pc6 = 0
       pc7 = 0
       pc8 = 0
       pc9 = 0
      pc10 = 0
      pc11 = 0
      pc12 = 0
      pc13 = 0
      pc14 = 0
      pc15 = 0
      pc16 = 0
Constrained:
   Tgbecnw = 121995
     Tecnw = 30084.4
       Tnw = 25628.4
       Tec = 14066.2
     twoNb = 337650
     twoNe = 17997.8
     twoNn = 293090
     twoNw = 2.84107e+06
    twoNec = 135873
    twoNnw = 13848.2
  twoNecnw = 96120.5
  twoNbecnw = 23683.6
  twoNgbecnw = 175006
         m = 0.25802
        m3 = 0.20357
        m5 = 0.130512
        Ta = 37600
        Tc = 12814.2
        Te = 6407.11
DiffEv reached_goal. cost=1.80034e-03 spread=2.91947e-06
Fitted parameter values
Free:
       pc1 = 3.86793
       pc2 = -0.34145
       pc3 = 0.7193
       pc4 = -1.81135
       pc5 = 0.850886
       pc6 = 1.11968
       pc7 = 0.61331
       pc8 = -1.68076
       pc9 = 1.78936
      pc10 = -0.0420035
      pc11 = -0.0399477
      pc12 = 0.058329
      pc13 = -0.100033
      pc14 = 0.00101939
      pc15 = 0.0948274
      pc16 = -0.0115681
Constrained:
   Tgbecnw = 92905.8
     Tecnw = 26215.5
       Tnw = 24592.2
       Tec = 13024.6
     twoNb = 78208.7
     twoNe = 9749.07
     twoNn = 300619
     twoNw = 3.96105e+06
    twoNec = 113396
    twoNnw = 5006.87
  twoNecnw = 87399.8
  twoNbecnw = 8933.65
  twoNgbecnw = 199203
         m = 0.194315
        m3 = 0.194255
        m5 = 0.129335
        Ta = 37600
        Tc = 12296.1
        Te = 6148.04
#       SitePat  BranchLen
              b 132009.5225799
              e 51392.9363696
              c 54018.1900739
              n 47580.0913410
              w 49471.4781497
            b:e 2263.3928409
            b:c 2560.1896608
            b:n 1813.2301741
            b:w 1988.1243446
            e:c 10935.7521520
            e:n 6207.3358973
            e:w 5508.7547917
            c:n 5402.2440253
            c:w 4862.8465375
            n:w 13475.0255867
          b:e:c 2329.8934539
          b:e:n 1207.7241549
          b:e:w 1211.5376470
          b:c:n 1214.5932303
          b:c:w 1224.1850565
          b:n:w 2283.9718278
          e:c:n 5052.0266713
          e:c:w 4398.6184561
          e:n:w 6952.9543945
          c:n:w 5778.7008163
        b:e:c:n 2272.7344585
        b:e:c:w 2084.4349697
        b:e:n:w 2893.7769841
        b:c:n:w 2577.4636793
        e:c:n:w 55222.9018208
