########################################
# legofit: estimate population history #
#       version 2.3.4-4-g53f8760       #
########################################

# Program was compiled: Sep 21 2021 14:36:42
# Program was run: Thu Sep 23 19:52:13 2021

# cmd: legofit -1 -d 0 -t 32 --ptsPerDim 3 --stateOut b1boot49.state --tol 3e-6 -S 5000 ace2.lgo ../../boot/boot49.opf
# Stage nOptItr nSimReps
#     0    5000        0
# algorithm          : deterministic
# ignoring probs <=  : 0
# Branch length floor: 0
# DE strategy        : 2
#    F               : 0.3
#    CR              : 0.8
#    tolerance       : 3e-06
# nthreads           : 32
# lgo input file     : ace2.lgo
# site pat input file: ../../boot/boot49.opf
# free parameters    : 16
# points in DE swarm : 48
# output state file  : b1boot49.state
# Including singleton site patterns.
# cost function      : KL
Initial parameter values
Fixed:
      zero = 0
       one = 1
    Tbecnw = 75200
Free:
       pc1 = 0
       pc2 = 0
       pc3 = 0
       pc4 = 0
       pc5 = 0
       pc6 = 0
       pc7 = 0
       pc8 = 0
       pc9 = 0
      pc10 = 0
      pc11 = 0
      pc12 = 0
      pc13 = 0
      pc14 = 0
      pc15 = 0
      pc16 = 0
Constrained:
   Tgbecnw = 121995
     Tecnw = 30084.4
       Tnw = 25628.4
       Tec = 14066.2
     twoNb = 337650
     twoNe = 17997.8
     twoNn = 293090
     twoNw = 2.84107e+06
    twoNec = 135873
    twoNnw = 13848.2
  twoNecnw = 96120.5
  twoNbecnw = 23683.6
  twoNgbecnw = 175006
         m = 0.25802
        m3 = 0.20357
        m5 = 0.130512
        Ta = 37600
        Tc = 12814.2
        Te = 6407.11
DiffEv reached_goal. cost=1.81281e-03 spread=2.58602e-06
Fitted parameter values
Free:
       pc1 = 3.8123
       pc2 = -0.422142
       pc3 = 1.03362
       pc4 = -1.83555
       pc5 = 1.97505
       pc6 = 0.417871
       pc7 = -1.17623
       pc8 = -1.81883
       pc9 = 1.8985
      pc10 = 0.236283
      pc11 = -0.375146
      pc12 = 0.0865123
      pc13 = -0.0701927
      pc14 = -0.0180637
      pc15 = 0.0410644
      pc16 = -0.00398378
Constrained:
   Tgbecnw = 92456.8
     Tecnw = 25603
       Tnw = 24818.8
       Tec = 12918.1
     twoNb = 532022
     twoNe = 7227.23
     twoNn = 84021.1
     twoNw = 1.34897e+06
    twoNec = 108806
    twoNnw = 2453.51
  twoNecnw = 89785.3
  twoNbecnw = 8702.39
  twoNgbecnw = 198162
         m = 0.196345
        m3 = 0.192062
        m5 = 0.130184
        Ta = 37600
        Tc = 12409.4
        Te = 6204.71
#       SitePat  BranchLen
              b 131810.5997013
              e 51253.0562312
              c 53876.1179219
              n 47571.2701850
              w 49379.6933682
            b:e 2253.6078388
            b:c 2549.1326485
            b:n 1816.7762933
            b:w 1983.7639461
            e:c 10992.4225988
            e:n 6206.5872522
            e:w 5586.6031654
            c:n 5452.9167712
            c:w 4894.3261045
            n:w 13462.1920522
          b:e:c 2321.6064883
          b:e:n 1205.4757949
          b:e:w 1215.2440134
          b:c:n 1218.6387173
          b:c:w 1221.8512073
          b:n:w 2275.8174718
          e:c:n 5045.8702247
          e:c:w 4416.0217950
          e:n:w 6938.8389308
          c:n:w 5761.7247819
        b:e:c:n 2273.6775011
        b:e:c:w 2093.7091396
        b:e:n:w 2888.2299238
        b:c:n:w 2572.9349979
        e:c:n:w 55010.1147855
