########################################
# legofit: estimate population history #
#       version 2.3.4-4-g53f8760       #
########################################

# Program was compiled: Sep 21 2021 14:36:42
# Program was run: Thu Sep 23 19:52:00 2021

# cmd: legofit -1 -d 0 -t 32 --ptsPerDim 3 --stateOut b1boot44.state --tol 3e-6 -S 5000 ace2.lgo ../../boot/boot44.opf
# Stage nOptItr nSimReps
#     0    5000        0
# algorithm          : deterministic
# ignoring probs <=  : 0
# Branch length floor: 0
# DE strategy        : 2
#    F               : 0.3
#    CR              : 0.8
#    tolerance       : 3e-06
# nthreads           : 32
# lgo input file     : ace2.lgo
# site pat input file: ../../boot/boot44.opf
# free parameters    : 16
# points in DE swarm : 48
# output state file  : b1boot44.state
# Including singleton site patterns.
# cost function      : KL
Initial parameter values
Fixed:
      zero = 0
       one = 1
    Tbecnw = 75200
Free:
       pc1 = 0
       pc2 = 0
       pc3 = 0
       pc4 = 0
       pc5 = 0
       pc6 = 0
       pc7 = 0
       pc8 = 0
       pc9 = 0
      pc10 = 0
      pc11 = 0
      pc12 = 0
      pc13 = 0
      pc14 = 0
      pc15 = 0
      pc16 = 0
Constrained:
   Tgbecnw = 121995
     Tecnw = 30084.4
       Tnw = 25628.4
       Tec = 14066.2
     twoNb = 337650
     twoNe = 17997.8
     twoNn = 293090
     twoNw = 2.84107e+06
    twoNec = 135873
    twoNnw = 13848.2
  twoNecnw = 96120.5
  twoNbecnw = 23683.6
  twoNgbecnw = 175006
         m = 0.25802
        m3 = 0.20357
        m5 = 0.130512
        Ta = 37600
        Tc = 12814.2
        Te = 6407.11
DiffEv reached_goal. cost=1.79432e-03 spread=2.66018e-06
Fitted parameter values
Free:
       pc1 = 3.81436
       pc2 = -0.729526
       pc3 = 0.787991
       pc4 = -1.99862
       pc5 = 1.69945
       pc6 = 0.469486
       pc7 = 1.12295
       pc8 = -1.77729
       pc9 = 0.429678
      pc10 = -0.005741
      pc11 = -0.434282
      pc12 = 0.0438813
      pc13 = -0.0739136
      pc14 = -0.0391125
      pc15 = 0.0875313
      pc16 = -0.0297363
Constrained:
   Tgbecnw = 92661.9
     Tecnw = 26436.2
       Tnw = 23923.2
       Tec = 13145.5
     twoNb = 15855.4
     twoNe = 16716.3
     twoNn = 538615
     twoNw = 1.57978e+06
    twoNec = 112424
    twoNnw = 7813.28
  twoNecnw = 85725
  twoNbecnw = 8994.32
  twoNgbecnw = 192953
         m = 0.1973
        m3 = 0.195638
        m5 = 0.129351
        Ta = 37600
        Tc = 11961.6
        Te = 5980.8
#       SitePat  BranchLen
              b 131499.6382906
              e 51244.7588077
              c 53867.8262982
              n 47523.0945408
              w 49383.2107103
            b:e 2253.4140851
            b:c 2547.8353101
            b:n 1817.2180823
            b:w 1990.8524901
            e:c 10943.2074043
            e:n 6182.3149979
            e:w 5536.1739327
            c:n 5413.2013365
            c:w 4851.3285603
            n:w 13446.4186723
          b:e:c 2319.7009305
          b:e:n 1202.8712703
          b:e:w 1211.3989154
          b:c:n 1214.3864574
          b:c:w 1218.7977048
          b:n:w 2276.1089747
          e:c:n 5088.3993561
          e:c:w 4436.2970281
          e:n:w 6946.8310799
          c:n:w 5777.7226230
        b:e:c:n 2268.9976423
        b:e:c:w 2082.4243421
        b:e:n:w 2872.5599600
        b:c:n:w 2559.2247585
        e:c:n:w 54746.0794619
