########################################
# legofit: estimate population history #
#       version 2.3.4-4-g53f8760       #
########################################

# Program was compiled: Sep 21 2021 14:36:42
# Program was run: Thu Sep 23 19:51:49 2021

# cmd: legofit -1 -d 0 -t 32 --ptsPerDim 3 --stateOut b1boot35.state --tol 3e-6 -S 5000 ace2.lgo ../../boot/boot35.opf
# Stage nOptItr nSimReps
#     0    5000        0
# algorithm          : deterministic
# ignoring probs <=  : 0
# Branch length floor: 0
# DE strategy        : 2
#    F               : 0.3
#    CR              : 0.8
#    tolerance       : 3e-06
# nthreads           : 32
# lgo input file     : ace2.lgo
# site pat input file: ../../boot/boot35.opf
# free parameters    : 16
# points in DE swarm : 48
# output state file  : b1boot35.state
# Including singleton site patterns.
# cost function      : KL
Initial parameter values
Fixed:
      zero = 0
       one = 1
    Tbecnw = 75200
Free:
       pc1 = 0
       pc2 = 0
       pc3 = 0
       pc4 = 0
       pc5 = 0
       pc6 = 0
       pc7 = 0
       pc8 = 0
       pc9 = 0
      pc10 = 0
      pc11 = 0
      pc12 = 0
      pc13 = 0
      pc14 = 0
      pc15 = 0
      pc16 = 0
Constrained:
   Tgbecnw = 121995
     Tecnw = 30084.4
       Tnw = 25628.4
       Tec = 14066.2
     twoNb = 337650
     twoNe = 17997.8
     twoNn = 293090
     twoNw = 2.84107e+06
    twoNec = 135873
    twoNnw = 13848.2
  twoNecnw = 96120.5
  twoNbecnw = 23683.6
  twoNgbecnw = 175006
         m = 0.25802
        m3 = 0.20357
        m5 = 0.130512
        Ta = 37600
        Tc = 12814.2
        Te = 6407.11
DiffEv reached_goal. cost=1.77581e-03 spread=2.77797e-06
Fitted parameter values
Free:
       pc1 = 3.75601
       pc2 = -1.2071
       pc3 = 1.51987
       pc4 = -1.88509
       pc5 = 0.697857
       pc6 = 0.718496
       pc7 = -0.472265
       pc8 = -1.85307
       pc9 = 1.67098
      pc10 = 0.102959
      pc11 = -0.0897557
      pc12 = 0.000203825
      pc13 = -0.123487
      pc14 = -0.0110472
      pc15 = 0.0725111
      pc16 = 0.00408413
Constrained:
   Tgbecnw = 92497.5
     Tecnw = 26336.1
       Tnw = 24356.1
       Tec = 12602.8
     twoNb = 163564
     twoNe = 6218.54
     twoNn = 64958
     twoNw = 2.36211e+06
    twoNec = 117315
    twoNnw = 6055.38
  twoNecnw = 85517.9
  twoNbecnw = 8556.36
  twoNgbecnw = 207928
         m = 0.180583
        m3 = 0.20317
        m5 = 0.129026
        Ta = 37600
        Tc = 12178.1
        Te = 6089.03
#       SitePat  BranchLen
              b 130939.5002910
              e 51069.2954927
              c 53662.7311947
              n 47326.7424359
              w 49248.6836231
            b:e 2247.7844566
            b:c 2541.6872268
            b:n 1803.4339344
            b:w 1981.3837347
            e:c 10867.2754945
            e:n 6162.2856820
            e:w 5489.0898990
            c:n 5402.2740920
            c:w 4818.5205836
            n:w 13336.1847970
          b:e:c 2312.5604418
          b:e:n 1199.5714569
          b:e:w 1208.5823438
          b:c:n 1211.3989962
          b:c:w 1215.9886025
          b:n:w 2267.4600236
          e:c:n 5040.7159294
          e:c:w 4375.7240335
          e:n:w 6899.0383914
          c:n:w 5736.1835948
        b:e:c:n 2264.3288192
        b:e:c:w 2072.7785256
        b:e:n:w 2872.5493819
        b:c:n:w 2559.4128137
        e:c:n:w 54616.8407004
