########################################
# legofit: estimate population history #
#       version 2.3.4-4-g53f8760       #
########################################

# Program was compiled: Sep 21 2021 14:36:42
# Program was run: Thu Sep 23 19:50:57 2021

# cmd: legofit -1 -d 0 -t 32 --ptsPerDim 3 --stateOut b1boot15.state --tol 3e-6 -S 5000 ace2.lgo ../../boot/boot15.opf
# Stage nOptItr nSimReps
#     0    5000        0
# algorithm          : deterministic
# ignoring probs <=  : 0
# Branch length floor: 0
# DE strategy        : 2
#    F               : 0.3
#    CR              : 0.8
#    tolerance       : 3e-06
# nthreads           : 32
# lgo input file     : ace2.lgo
# site pat input file: ../../boot/boot15.opf
# free parameters    : 16
# points in DE swarm : 48
# output state file  : b1boot15.state
# Including singleton site patterns.
# cost function      : KL
Initial parameter values
Fixed:
      zero = 0
       one = 1
    Tbecnw = 75200
Free:
       pc1 = 0
       pc2 = 0
       pc3 = 0
       pc4 = 0
       pc5 = 0
       pc6 = 0
       pc7 = 0
       pc8 = 0
       pc9 = 0
      pc10 = 0
      pc11 = 0
      pc12 = 0
      pc13 = 0
      pc14 = 0
      pc15 = 0
      pc16 = 0
Constrained:
   Tgbecnw = 121995
     Tecnw = 30084.4
       Tnw = 25628.4
       Tec = 14066.2
     twoNb = 337650
     twoNe = 17997.8
     twoNn = 293090
     twoNw = 2.84107e+06
    twoNec = 135873
    twoNnw = 13848.2
  twoNecnw = 96120.5
  twoNbecnw = 23683.6
  twoNgbecnw = 175006
         m = 0.25802
        m3 = 0.20357
        m5 = 0.130512
        Ta = 37600
        Tc = 12814.2
        Te = 6407.11
DiffEv reached_goal. cost=1.78469e-03 spread=2.95375e-06
Fitted parameter values
Free:
       pc1 = 3.93361
       pc2 = -0.799405
       pc3 = 1.54053
       pc4 = -1.81226
       pc5 = 0.617393
       pc6 = 0.678455
       pc7 = -0.0367263
       pc8 = -1.96164
       pc9 = 1.58485
      pc10 = -0.00384965
      pc11 = -0.139495
      pc12 = 0.0132305
      pc13 = -0.110326
      pc14 = -0.0323571
      pc15 = 0.0871763
      pc16 = -0.000158811
Constrained:
   Tgbecnw = 91813.1
     Tecnw = 26273.9
       Tnw = 24509.4
       Tec = 12965
     twoNb = 81125.8
     twoNe = 10588.6
     twoNn = 126088
     twoNw = 2.7646e+06
    twoNec = 112855
    twoNnw = 5387.87
  twoNecnw = 85063.4
  twoNbecnw = 8261.34
  twoNgbecnw = 205319
         m = 0.182545
        m3 = 0.203117
        m5 = 0.129061
        Ta = 37600
        Tc = 12254.7
        Te = 6127.34
#       SitePat  BranchLen
              b 130601.2913213
              e 50925.5024914
              c 53488.9555067
              n 47211.1716524
              w 49123.4252035
            b:e 2222.4187302
            b:c 2512.2679475
            b:n 1783.5882583
            b:w 1960.2954552
            e:c 10837.3980577
            e:n 6123.9787258
            e:w 5459.9386200
            c:n 5379.6556700
            c:w 4796.4491854
            n:w 13278.2238090
          b:e:c 2289.1062023
          b:e:n 1184.6685648
          b:e:w 1194.0753650
          b:c:n 1196.7830801
          b:c:w 1200.8139947
          b:n:w 2244.8230941
          e:c:n 5025.6032324
          e:c:w 4360.5962716
          e:n:w 6870.0248343
          c:n:w 5714.3843093
        b:e:c:n 2238.8044098
        b:e:c:w 2048.6594981
        b:e:n:w 2837.7677254
        b:c:n:w 2529.0653630
        e:c:n:w 54425.8862812
