########################################
# legofit: estimate population history #
#       version 2.3.4-4-g53f8760       #
########################################

# Program was compiled: Sep 21 2021 14:36:42
# Program was run: Thu Sep 23 19:51:04 2021

# cmd: legofit -1 -d 0 -t 32 --ptsPerDim 3 --stateOut b1boot18.state --tol 3e-6 -S 5000 ace2.lgo ../../boot/boot18.opf
# Stage nOptItr nSimReps
#     0    5000        0
# algorithm          : deterministic
# ignoring probs <=  : 0
# Branch length floor: 0
# DE strategy        : 2
#    F               : 0.3
#    CR              : 0.8
#    tolerance       : 3e-06
# nthreads           : 32
# lgo input file     : ace2.lgo
# site pat input file: ../../boot/boot18.opf
# free parameters    : 16
# points in DE swarm : 48
# output state file  : b1boot18.state
# Including singleton site patterns.
# cost function      : KL
Initial parameter values
Fixed:
      zero = 0
       one = 1
    Tbecnw = 75200
Free:
       pc1 = 0
       pc2 = 0
       pc3 = 0
       pc4 = 0
       pc5 = 0
       pc6 = 0
       pc7 = 0
       pc8 = 0
       pc9 = 0
      pc10 = 0
      pc11 = 0
      pc12 = 0
      pc13 = 0
      pc14 = 0
      pc15 = 0
      pc16 = 0
Constrained:
   Tgbecnw = 121995
     Tecnw = 30084.4
       Tnw = 25628.4
       Tec = 14066.2
     twoNb = 337650
     twoNe = 17997.8
     twoNn = 293090
     twoNw = 2.84107e+06
    twoNec = 135873
    twoNnw = 13848.2
  twoNecnw = 96120.5
  twoNbecnw = 23683.6
  twoNgbecnw = 175006
         m = 0.25802
        m3 = 0.20357
        m5 = 0.130512
        Ta = 37600
        Tc = 12814.2
        Te = 6407.11
DiffEv reached_goal. cost=1.79985e-03 spread=2.74904e-06
Fitted parameter values
Free:
       pc1 = 3.9395
       pc2 = -0.646099
       pc3 = 1.07499
       pc4 = -1.93376
       pc5 = 0.90304
       pc6 = 0.371376
       pc7 = -0.771323
       pc8 = -1.96178
       pc9 = 1.85238
      pc10 = 0.140336
      pc11 = -0.186345
      pc12 = 0.0224721
      pc13 = -0.109185
      pc14 = -0.0206693
      pc15 = 0.0562273
      pc16 = 0.00888327
Constrained:
   Tgbecnw = 91963.1
     Tecnw = 25983.7
       Tnw = 24588.5
       Tec = 12893.9
     twoNb = 417183
     twoNe = 8804.21
     twoNn = 91349.4
     twoNw = 2.53546e+06
    twoNec = 111680
    twoNnw = 4291.33
  twoNecnw = 86669.2
  twoNbecnw = 8313.68
  twoNgbecnw = 206967
         m = 0.181827
        m3 = 0.201236
        m5 = 0.129601
        Ta = 37600
        Tc = 12294.3
        Te = 6147.13
#       SitePat  BranchLen
              b 130746.6242568
              e 50991.7744962
              c 53573.1418167
              n 47279.6984666
              w 49179.5932802
            b:e 2244.8263009
            b:c 2538.0456406
            b:n 1803.7109701
            b:w 1979.9700964
            e:c 10882.2459688
            e:n 6166.0329427
            e:w 5503.5602585
            c:n 5413.9883995
            c:w 4836.4160359
            n:w 13330.3815595
          b:e:c 2311.5479879
          b:e:n 1199.7010823
          b:e:w 1208.7826016
          b:c:n 1211.6783802
          b:c:w 1216.2192722
          b:n:w 2266.2030130
          e:c:n 5039.0625338
          e:c:w 4379.2127679
          e:n:w 6894.9036206
          c:n:w 5732.7250658
        b:e:c:n 2266.0972081
        b:e:c:w 2076.2156704
        b:e:n:w 2872.4135058
        b:c:n:w 2559.7801975
        e:c:n:w 54465.4392385
