########################################
# legofit: estimate population history #
#       version 2.3.4-4-g53f8760       #
########################################

# Program was compiled: Sep 21 2021 14:36:42
# Program was run: Thu Sep 23 19:51:33 2021

# cmd: legofit -1 -d 0 -t 32 --ptsPerDim 3 --stateOut b1boot31.state --tol 3e-6 -S 5000 ace2.lgo ../../boot/boot31.opf
# Stage nOptItr nSimReps
#     0    5000        0
# algorithm          : deterministic
# ignoring probs <=  : 0
# Branch length floor: 0
# DE strategy        : 2
#    F               : 0.3
#    CR              : 0.8
#    tolerance       : 3e-06
# nthreads           : 32
# lgo input file     : ace2.lgo
# site pat input file: ../../boot/boot31.opf
# free parameters    : 16
# points in DE swarm : 48
# output state file  : b1boot31.state
# Including singleton site patterns.
# cost function      : KL
Initial parameter values
Fixed:
      zero = 0
       one = 1
    Tbecnw = 75200
Free:
       pc1 = 0
       pc2 = 0
       pc3 = 0
       pc4 = 0
       pc5 = 0
       pc6 = 0
       pc7 = 0
       pc8 = 0
       pc9 = 0
      pc10 = 0
      pc11 = 0
      pc12 = 0
      pc13 = 0
      pc14 = 0
      pc15 = 0
      pc16 = 0
Constrained:
   Tgbecnw = 121995
     Tecnw = 30084.4
       Tnw = 25628.4
       Tec = 14066.2
     twoNb = 337650
     twoNe = 17997.8
     twoNn = 293090
     twoNw = 2.84107e+06
    twoNec = 135873
    twoNnw = 13848.2
  twoNecnw = 96120.5
  twoNbecnw = 23683.6
  twoNgbecnw = 175006
         m = 0.25802
        m3 = 0.20357
        m5 = 0.130512
        Ta = 37600
        Tc = 12814.2
        Te = 6407.11
DiffEv reached_goal. cost=1.77512e-03 spread=2.07327e-06
Fitted parameter values
Free:
       pc1 = 3.98178
       pc2 = -0.887039
       pc3 = 1.28599
       pc4 = -1.63734
       pc5 = 1.62197
       pc6 = 1.46178
       pc7 = -0.759407
       pc8 = -1.63408
       pc9 = 1.64668
      pc10 = -0.07499
      pc11 = -0.116179
      pc12 = 0.090602
      pc13 = -0.110981
      pc14 = -0.00746553
      pc15 = 0.0332148
      pc16 = 0.0058524
Constrained:
   Tgbecnw = 92877.2
     Tecnw = 25969.9
       Tnw = 24787.5
       Tec = 12573.2
     twoNb = 144586
     twoNe = 2469.68
     twoNn = 80477.3
     twoNw = 1.92748e+06
    twoNec = 115288
    twoNnw = 3711.48
  twoNecnw = 86208
  twoNbecnw = 8782
  twoNgbecnw = 206260
         m = 0.181742
        m3 = 0.189347
        m5 = 0.131417
        Ta = 37600
        Tc = 12393.7
        Te = 6196.87
#       SitePat  BranchLen
              b 131033.7912851
              e 51009.5233671
              c 53613.5522024
              n 47377.7531264
              w 49175.6740315
            b:e 2256.8351384
            b:c 2553.7246635
            b:n 1818.4083623
            b:w 1984.9594679
            e:c 10915.0724788
            e:n 6172.8528688
            e:w 5534.9161742
            c:n 5406.4736278
            c:w 4870.8779925
            n:w 13327.8534134
          b:e:c 2319.5072389
          b:e:n 1206.3559906
          b:e:w 1213.4173475
          b:c:n 1216.7916418
          b:c:w 1222.3893969
          b:n:w 2274.6374712
          e:c:n 5049.6212626
          e:c:w 4425.2326874
          e:n:w 6946.2759526
          c:n:w 5772.6645399
        b:e:c:n 2267.8679358
        b:e:c:w 2088.6577181
        b:e:n:w 2884.8771933
        b:c:n:w 2568.5799675
        e:c:n:w 54619.7874649
