########################################
# legofit: estimate population history #
#       version 2.3.4-4-g53f8760       #
########################################

# Program was compiled: Sep 21 2021 14:36:42
# Program was run: Thu Sep 23 19:51:18 2021

# cmd: legofit -1 -d 0 -t 32 --ptsPerDim 3 --stateOut b1boot24.state --tol 3e-6 -S 5000 ace2.lgo ../../boot/boot24.opf
# Stage nOptItr nSimReps
#     0    5000        0
# algorithm          : deterministic
# ignoring probs <=  : 0
# Branch length floor: 0
# DE strategy        : 2
#    F               : 0.3
#    CR              : 0.8
#    tolerance       : 3e-06
# nthreads           : 32
# lgo input file     : ace2.lgo
# site pat input file: ../../boot/boot24.opf
# free parameters    : 16
# points in DE swarm : 48
# output state file  : b1boot24.state
# Including singleton site patterns.
# cost function      : KL
Initial parameter values
Fixed:
      zero = 0
       one = 1
    Tbecnw = 75200
Free:
       pc1 = 0
       pc2 = 0
       pc3 = 0
       pc4 = 0
       pc5 = 0
       pc6 = 0
       pc7 = 0
       pc8 = 0
       pc9 = 0
      pc10 = 0
      pc11 = 0
      pc12 = 0
      pc13 = 0
      pc14 = 0
      pc15 = 0
      pc16 = 0
Constrained:
   Tgbecnw = 121995
     Tecnw = 30084.4
       Tnw = 25628.4
       Tec = 14066.2
     twoNb = 337650
     twoNe = 17997.8
     twoNn = 293090
     twoNw = 2.84107e+06
    twoNec = 135873
    twoNnw = 13848.2
  twoNecnw = 96120.5
  twoNbecnw = 23683.6
  twoNgbecnw = 175006
         m = 0.25802
        m3 = 0.20357
        m5 = 0.130512
        Ta = 37600
        Tc = 12814.2
        Te = 6407.11
DiffEv reached_goal. cost=1.79588e-03 spread=2.37889e-06
Fitted parameter values
Free:
       pc1 = 3.96536
       pc2 = -0.859887
       pc3 = 1.28491
       pc4 = -1.98108
       pc5 = 1.53449
       pc6 = 1.17208
       pc7 = -1.02867
       pc8 = -1.9126
       pc9 = 1.35781
      pc10 = 0.0725927
      pc11 = -0.053286
      pc12 = 0.0048459
      pc13 = -0.0957769
      pc14 = -0.0446567
      pc15 = 0.0474641
      pc16 = 0.00344184
Constrained:
   Tgbecnw = 92430.5
     Tecnw = 25992.6
       Tnw = 24948.2
       Tec = 12595.6
     twoNb = 246872
     twoNe = 1600.06
     twoNn = 115304
     twoNw = 1.46075e+06
    twoNec = 113007
    twoNnw = 3237.67
  twoNecnw = 86242
  twoNbecnw = 8374.47
  twoNgbecnw = 214007
         m = 0.175101
        m3 = 0.195373
        m5 = 0.131522
        Ta = 37600
        Tc = 12474.1
        Te = 6237.06
#       SitePat  BranchLen
              b 130753.5621580
              e 50821.8361825
              c 53474.3868185
              n 47253.9696874
              w 49137.5110596
            b:e 2229.9653029
            b:c 2530.2258213
            b:n 1798.1249878
            b:w 1971.9974688
            e:c 10893.4294856
            e:n 6168.5579050
            e:w 5499.7656033
            c:n 5381.4346363
            c:w 4822.0318261
            n:w 13252.7141971
          b:e:c 2302.9644707
          b:e:n 1194.7775628
          b:e:w 1202.0828518
          b:c:n 1205.3830934
          b:c:w 1211.4326373
          b:n:w 2258.1210859
          e:c:n 5029.5854093
          e:c:w 4374.2391490
          e:n:w 6888.8454897
          c:n:w 5701.1518995
        b:e:c:n 2256.6151792
        b:e:c:w 2069.3878653
        b:e:n:w 2862.9871580
        b:c:n:w 2542.7713235
        e:c:n:w 54595.3593516
