########################################
# legofit: estimate population history #
#       version 2.3.4-4-g53f8760       #
########################################

# Program was compiled: Sep 21 2021 14:36:42
# Program was run: Thu Sep 23 19:52:03 2021

# cmd: legofit -1 -d 0 -t 32 --ptsPerDim 3 --stateOut b1boot45.state --tol 3e-6 -S 5000 ace2.lgo ../../boot/boot45.opf
# Stage nOptItr nSimReps
#     0    5000        0
# algorithm          : deterministic
# ignoring probs <=  : 0
# Branch length floor: 0
# DE strategy        : 2
#    F               : 0.3
#    CR              : 0.8
#    tolerance       : 3e-06
# nthreads           : 32
# lgo input file     : ace2.lgo
# site pat input file: ../../boot/boot45.opf
# free parameters    : 16
# points in DE swarm : 48
# output state file  : b1boot45.state
# Including singleton site patterns.
# cost function      : KL
Initial parameter values
Fixed:
      zero = 0
       one = 1
    Tbecnw = 75200
Free:
       pc1 = 0
       pc2 = 0
       pc3 = 0
       pc4 = 0
       pc5 = 0
       pc6 = 0
       pc7 = 0
       pc8 = 0
       pc9 = 0
      pc10 = 0
      pc11 = 0
      pc12 = 0
      pc13 = 0
      pc14 = 0
      pc15 = 0
      pc16 = 0
Constrained:
   Tgbecnw = 121995
     Tecnw = 30084.4
       Tnw = 25628.4
       Tec = 14066.2
     twoNb = 337650
     twoNe = 17997.8
     twoNn = 293090
     twoNw = 2.84107e+06
    twoNec = 135873
    twoNnw = 13848.2
  twoNecnw = 96120.5
  twoNbecnw = 23683.6
  twoNgbecnw = 175006
         m = 0.25802
        m3 = 0.20357
        m5 = 0.130512
        Ta = 37600
        Tc = 12814.2
        Te = 6407.11
DiffEv reached_goal. cost=1.82631e-03 spread=2.72473e-06
Fitted parameter values
Free:
       pc1 = 3.87333
       pc2 = -1.60776
       pc3 = 0.540603
       pc4 = -1.90882
       pc5 = 1.35804
       pc6 = 0.346712
       pc7 = -1.38034
       pc8 = -1.58035
       pc9 = 1.7251
      pc10 = 0.122449
      pc11 = -0.221767
      pc12 = 0.0397396
      pc13 = -0.0842715
      pc14 = -0.00617886
      pc15 = 0.0314246
      pc16 = 0.00387137
Constrained:
   Tgbecnw = 93012.1
     Tecnw = 26225.5
       Tnw = 23762.9
       Tec = 12149.1
     twoNb = 625593
     twoNe = 3896.78
     twoNn = 71307.8
     twoNw = 1.61064e+06
    twoNec = 120967
    twoNnw = 7695.01
  twoNecnw = 85088.2
  twoNbecnw = 8712.77
  twoNgbecnw = 210611
         m = 0.178062
        m3 = 0.195831
        m5 = 0.130414
        Ta = 37600
        Tc = 11881.4
        Te = 5940.72
#       SitePat  BranchLen
              b 131038.1335209
              e 50910.2440995
              c 53514.5630287
              n 47232.7772243
              w 49066.3763537
            b:e 2230.0513587
            b:c 2521.0062522
            b:n 1798.2857111
            b:w 1966.4035299
            e:c 10858.0093984
            e:n 6155.9731015
            e:w 5521.6800121
            c:n 5399.3815447
            c:w 4833.9793421
            n:w 13325.3554611
          b:e:c 2288.8852675
          b:e:n 1192.4478550
          b:e:w 1202.0192383
          b:c:n 1205.1174721
          b:c:w 1208.2564340
          b:n:w 2245.1240142
          e:c:n 5029.2624174
          e:c:w 4395.3585801
          e:n:w 6887.8045624
          c:n:w 5727.7778600
        b:e:c:n 2244.9679475
        b:e:c:w 2064.1397835
        b:e:n:w 2846.4301569
        b:c:n:w 2536.5684505
        e:c:n:w 54760.5632136
