########################################
# legofit: estimate population history #
#       version 2.3.4-4-g53f8760       #
########################################

# Program was compiled: Sep 21 2021 14:36:42
# Program was run: Thu Sep 23 19:52:00 2021

# cmd: legofit -1 -d 0 -t 32 --ptsPerDim 3 --stateOut b1boot42.state --tol 3e-6 -S 5000 ace2.lgo ../../boot/boot42.opf
# Stage nOptItr nSimReps
#     0    5000        0
# algorithm          : deterministic
# ignoring probs <=  : 0
# Branch length floor: 0
# DE strategy        : 2
#    F               : 0.3
#    CR              : 0.8
#    tolerance       : 3e-06
# nthreads           : 32
# lgo input file     : ace2.lgo
# site pat input file: ../../boot/boot42.opf
# free parameters    : 16
# points in DE swarm : 48
# output state file  : b1boot42.state
# Including singleton site patterns.
# cost function      : KL
Initial parameter values
Fixed:
      zero = 0
       one = 1
    Tbecnw = 75200
Free:
       pc1 = 0
       pc2 = 0
       pc3 = 0
       pc4 = 0
       pc5 = 0
       pc6 = 0
       pc7 = 0
       pc8 = 0
       pc9 = 0
      pc10 = 0
      pc11 = 0
      pc12 = 0
      pc13 = 0
      pc14 = 0
      pc15 = 0
      pc16 = 0
Constrained:
   Tgbecnw = 121995
     Tecnw = 30084.4
       Tnw = 25628.4
       Tec = 14066.2
     twoNb = 337650
     twoNe = 17997.8
     twoNn = 293090
     twoNw = 2.84107e+06
    twoNec = 135873
    twoNnw = 13848.2
  twoNecnw = 96120.5
  twoNbecnw = 23683.6
  twoNgbecnw = 175006
         m = 0.25802
        m3 = 0.20357
        m5 = 0.130512
        Ta = 37600
        Tc = 12814.2
        Te = 6407.11
DiffEv reached_goal. cost=1.79561e-03 spread=2.88239e-06
Fitted parameter values
Free:
       pc1 = 3.98391
       pc2 = -0.672592
       pc3 = 0.805613
       pc4 = -1.98603
       pc5 = 0.9154
       pc6 = 0.0797609
       pc7 = -1.01028
       pc8 = -1.85776
       pc9 = 1.45287
      pc10 = 0.0680318
      pc11 = -0.167546
      pc12 = 0.0291114
      pc13 = -0.101304
      pc14 = -0.06
      pc15 = 0.033512
      pc16 = 0.0037233
Constrained:
   Tgbecnw = 93318.4
     Tecnw = 26220.6
       Tnw = 24546.7
       Tec = 12937.1
     twoNb = 546764
     twoNe = 10616.1
     twoNn = 136858
     twoNw = 2.1297e+06
    twoNec = 112073
    twoNnw = 5087.24
  twoNecnw = 85054.3
  twoNbecnw = 8763.46
  twoNgbecnw = 214396
         m = 0.172431
        m3 = 0.201917
        m5 = 0.130186
        Ta = 37600
        Tc = 12273.3
        Te = 6136.67
#       SitePat  BranchLen
              b 130619.2721725
              e 50910.1853293
              c 53471.4006941
              n 47194.5143231
              w 49057.8022378
            b:e 2228.0421472
            b:c 2519.7841899
            b:n 1787.3505816
            b:w 1960.2552641
            e:c 10875.1698290
            e:n 6094.1972706
            e:w 5479.0631472
            c:n 5387.8340576
            c:w 4790.6912929
            n:w 13323.3563258
          b:e:c 2297.8259647
          b:e:n 1183.0095793
          b:e:w 1196.4061548
          b:c:n 1199.2527606
          b:c:w 1198.9431437
          b:n:w 2253.3418960
          e:c:n 5018.3546489
          e:c:w 4367.3436223
          e:n:w 6892.5375188
          c:n:w 5726.0572213
        b:e:c:n 2238.0545119
        b:e:c:w 2052.0628709
        b:e:n:w 2844.9141123
        b:c:n:w 2534.3918993
        e:c:n:w 54435.7405416
