########################################
# legofit: estimate population history #
#       version 2.3.4-4-g53f8760       #
########################################

# Program was compiled: Sep 21 2021 14:36:42
# Program was run: Thu Sep 23 19:52:00 2021

# cmd: legofit -1 -d 0 -t 32 --ptsPerDim 3 --stateOut b1boot43.state --tol 3e-6 -S 5000 ace2.lgo ../../boot/boot43.opf
# Stage nOptItr nSimReps
#     0    5000        0
# algorithm          : deterministic
# ignoring probs <=  : 0
# Branch length floor: 0
# DE strategy        : 2
#    F               : 0.3
#    CR              : 0.8
#    tolerance       : 3e-06
# nthreads           : 32
# lgo input file     : ace2.lgo
# site pat input file: ../../boot/boot43.opf
# free parameters    : 16
# points in DE swarm : 48
# output state file  : b1boot43.state
# Including singleton site patterns.
# cost function      : KL
Initial parameter values
Fixed:
      zero = 0
       one = 1
    Tbecnw = 75200
Free:
       pc1 = 0
       pc2 = 0
       pc3 = 0
       pc4 = 0
       pc5 = 0
       pc6 = 0
       pc7 = 0
       pc8 = 0
       pc9 = 0
      pc10 = 0
      pc11 = 0
      pc12 = 0
      pc13 = 0
      pc14 = 0
      pc15 = 0
      pc16 = 0
Constrained:
   Tgbecnw = 121995
     Tecnw = 30084.4
       Tnw = 25628.4
       Tec = 14066.2
     twoNb = 337650
     twoNe = 17997.8
     twoNn = 293090
     twoNw = 2.84107e+06
    twoNec = 135873
    twoNnw = 13848.2
  twoNecnw = 96120.5
  twoNbecnw = 23683.6
  twoNgbecnw = 175006
         m = 0.25802
        m3 = 0.20357
        m5 = 0.130512
        Ta = 37600
        Tc = 12814.2
        Te = 6407.11
DiffEv reached_goal. cost=1.81368e-03 spread=2.48476e-06
Fitted parameter values
Free:
       pc1 = 3.53742
       pc2 = -0.0205577
       pc3 = 0.770543
       pc4 = -1.90435
       pc5 = 1.21626
       pc6 = 0.623775
       pc7 = 0.0768295
       pc8 = -1.64812
       pc9 = 1.82511
      pc10 = 0.0181526
      pc11 = -0.239878
      pc12 = -0.0185078
      pc13 = -0.00784295
      pc14 = -0.0888518
      pc15 = 0.0743625
      pc16 = -0.02555
Constrained:
   Tgbecnw = 94475.7
     Tecnw = 26215.5
       Tnw = 25016.6
       Tec = 13245.5
     twoNb = 299224
     twoNe = 9988.31
     twoNn = 261413
     twoNw = 3.12141e+06
    twoNec = 108011
    twoNnw = 3751.04
  twoNecnw = 89033.7
  twoNbecnw = 9845.59
  twoNgbecnw = 192055
         m = 0.203243
        m3 = 0.194634
        m5 = 0.128761
        Ta = 37600
        Tc = 12508.3
        Te = 6254.15
#       SitePat  BranchLen
              b 132726.2984665
              e 51637.6761296
              c 54239.5313802
              n 47998.0807676
              w 49944.6704160
            b:e 2271.4404782
            b:c 2565.7164101
            b:n 1836.3163108
            b:w 2017.2362721
            e:c 11119.3643872
            e:n 6260.1010183
            e:w 5554.8796410
            c:n 5468.9372095
            c:w 4906.8057483
            n:w 13509.8390788
          b:e:c 2346.8518796
          b:e:n 1216.7893175
          b:e:w 1221.7359644
          b:c:n 1224.5322181
          b:c:w 1233.2552211
          b:n:w 2302.9875566
          e:c:n 5140.0759219
          e:c:w 4460.8391119
          e:n:w 6958.5197628
          c:n:w 5795.9022138
        b:e:c:n 2302.5994985
        b:e:c:w 2108.0098872
        b:e:n:w 2897.7402133
        b:c:n:w 2584.2021240
        e:c:n:w 55359.0886065
