########################################
# legofit: estimate population history #
#       version 2.3.4-4-g53f8760       #
########################################

# Program was compiled: Sep 21 2021 14:36:42
# Program was run: Thu Sep 23 19:50:29 2021

# cmd: legofit -1 -d 0 -t 32 --ptsPerDim 3 --stateOut b1boot5.state --tol 3e-6 -S 5000 ace2.lgo ../../boot/boot5.opf
# Stage nOptItr nSimReps
#     0    5000        0
# algorithm          : deterministic
# ignoring probs <=  : 0
# Branch length floor: 0
# DE strategy        : 2
#    F               : 0.3
#    CR              : 0.8
#    tolerance       : 3e-06
# nthreads           : 32
# lgo input file     : ace2.lgo
# site pat input file: ../../boot/boot5.opf
# free parameters    : 16
# points in DE swarm : 48
# output state file  : b1boot5.state
# Including singleton site patterns.
# cost function      : KL
Initial parameter values
Fixed:
      zero = 0
       one = 1
    Tbecnw = 75200
Free:
       pc1 = 0
       pc2 = 0
       pc3 = 0
       pc4 = 0
       pc5 = 0
       pc6 = 0
       pc7 = 0
       pc8 = 0
       pc9 = 0
      pc10 = 0
      pc11 = 0
      pc12 = 0
      pc13 = 0
      pc14 = 0
      pc15 = 0
      pc16 = 0
Constrained:
   Tgbecnw = 121995
     Tecnw = 30084.4
       Tnw = 25628.4
       Tec = 14066.2
     twoNb = 337650
     twoNe = 17997.8
     twoNn = 293090
     twoNw = 2.84107e+06
    twoNec = 135873
    twoNnw = 13848.2
  twoNecnw = 96120.5
  twoNbecnw = 23683.6
  twoNgbecnw = 175006
         m = 0.25802
        m3 = 0.20357
        m5 = 0.130512
        Ta = 37600
        Tc = 12814.2
        Te = 6407.11
DiffEv reached_goal. cost=1.80022e-03 spread=2.56216e-06
Fitted parameter values
Free:
       pc1 = 3.88439
       pc2 = -0.434288
       pc3 = 0.693028
       pc4 = -1.90976
       pc5 = 1.83268
       pc6 = 0.733494
       pc7 = -1.25994
       pc8 = -1.45482
       pc9 = 1.68848
      pc10 = 0.00829754
      pc11 = -0.133461
      pc12 = 0.137521
      pc13 = -0.131725
      pc14 = 0.0180888
      pc15 = 0.00425378
      pc16 = 0.0147551
Constrained:
   Tgbecnw = 94632.6
     Tecnw = 25862.2
       Tnw = 25011.3
       Tec = 12851.5
     twoNb = 541276
     twoNe = 4835.64
     twoNn = 130650
     twoNw = 1.71642e+06
    twoNec = 113530
    twoNnw = 2637.7
  twoNecnw = 87497.6
  twoNbecnw = 9441.18
  twoNgbecnw = 209975
         m = 0.179499
        m3 = 0.188687
        m5 = 0.130858
        Ta = 37600
        Tc = 12505.6
        Te = 6252.82
#       SitePat  BranchLen
              b 131547.3997748
              e 51228.8738784
              c 53849.5747915
              n 47464.3351442
              w 49225.3673913
            b:e 2254.3724208
            b:c 2551.9399114
            b:n 1805.5876529
            b:w 1967.7775559
            e:c 10916.3652566
            e:n 6167.2900127
            e:w 5549.4611960
            c:n 5407.6795779
            c:w 4875.2041911
            n:w 13436.6875998
          b:e:c 2314.9764895
          b:e:n 1198.8179382
          b:e:w 1206.7342168
          b:c:n 1210.2360101
          b:c:w 1214.6746345
          b:n:w 2268.9659346
          e:c:n 5014.1368211
          e:c:w 4403.4087774
          e:n:w 6976.2402599
          c:n:w 5789.4067866
        b:e:c:n 2248.8521788
        b:e:c:w 2074.3073728
        b:e:n:w 2882.5268825
        b:c:n:w 2565.6009023
        e:c:n:w 54876.4061745
