########################################
# legofit: estimate population history #
#       version 2.3.4-4-g53f8760       #
########################################

# Program was compiled: Sep 21 2021 14:36:42
# Program was run: Thu Sep 23 19:51:11 2021

# cmd: legofit -1 -d 0 -t 32 --ptsPerDim 3 --stateOut b1boot22.state --tol 3e-6 -S 5000 ace2.lgo ../../boot/boot22.opf
# Stage nOptItr nSimReps
#     0    5000        0
# algorithm          : deterministic
# ignoring probs <=  : 0
# Branch length floor: 0
# DE strategy        : 2
#    F               : 0.3
#    CR              : 0.8
#    tolerance       : 3e-06
# nthreads           : 32
# lgo input file     : ace2.lgo
# site pat input file: ../../boot/boot22.opf
# free parameters    : 16
# points in DE swarm : 48
# output state file  : b1boot22.state
# Including singleton site patterns.
# cost function      : KL
Initial parameter values
Fixed:
      zero = 0
       one = 1
    Tbecnw = 75200
Free:
       pc1 = 0
       pc2 = 0
       pc3 = 0
       pc4 = 0
       pc5 = 0
       pc6 = 0
       pc7 = 0
       pc8 = 0
       pc9 = 0
      pc10 = 0
      pc11 = 0
      pc12 = 0
      pc13 = 0
      pc14 = 0
      pc15 = 0
      pc16 = 0
Constrained:
   Tgbecnw = 121995
     Tecnw = 30084.4
       Tnw = 25628.4
       Tec = 14066.2
     twoNb = 337650
     twoNe = 17997.8
     twoNn = 293090
     twoNw = 2.84107e+06
    twoNec = 135873
    twoNnw = 13848.2
  twoNecnw = 96120.5
  twoNbecnw = 23683.6
  twoNgbecnw = 175006
         m = 0.25802
        m3 = 0.20357
        m5 = 0.130512
        Ta = 37600
        Tc = 12814.2
        Te = 6407.11
DiffEv reached_goal. cost=1.77524e-03 spread=1.71171e-06
Fitted parameter values
Free:
       pc1 = 3.99088
       pc2 = -0.679956
       pc3 = 1.74754
       pc4 = -1.92602
       pc5 = 1.23138
       pc6 = 0.847776
       pc7 = -0.832605
       pc8 = -1.99719
       pc9 = 1.85192
      pc10 = 0.068898
      pc11 = -0.0969177
      pc12 = 0.0131284
      pc13 = -0.109438
      pc14 = -0.0353669
      pc15 = 0.0690201
      pc16 = 0.00784474
Constrained:
   Tgbecnw = 90916.2
     Tecnw = 25851
       Tnw = 25008.5
       Tec = 12868.9
     twoNb = 204849
     twoNe = 5103.73
     twoNn = 20297.6
     twoNw = 1.92958e+06
    twoNec = 110176
    twoNnw = 2598.47
  twoNecnw = 86756
  twoNbecnw = 7814.97
  twoNgbecnw = 208675
         m = 0.181333
        m3 = 0.198567
        m5 = 0.129588
        Ta = 37600
        Tc = 12504.3
        Te = 6252.13
#       SitePat  BranchLen
              b 130678.5753265
              e 50858.3468573
              c 53447.3625819
              n 47224.5364604
              w 49116.2127442
            b:e 2249.1808130
            b:c 2545.4455966
            b:n 1809.0723471
            b:w 1985.4011027
            e:c 10892.5216250
            e:n 6159.5131081
            e:w 5493.7687632
            c:n 5399.0333977
            c:w 4831.9840183
            n:w 13275.4660137
          b:e:c 2321.6119216
          b:e:n 1203.4300294
          b:e:w 1211.5525475
          b:c:n 1214.6139198
          b:c:w 1220.2309405
          b:n:w 2275.7437939
          e:c:n 5037.4174245
          e:c:w 4378.5348649
          e:n:w 6890.8875079
          c:n:w 5724.1362386
        b:e:c:n 2275.3480730
        b:e:c:w 2085.2797787
        b:e:n:w 2884.3220669
        b:c:n:w 2568.1949999
        e:c:n:w 54586.2878761
