########################################
# legofit: estimate population history #
#       version 2.3.4-4-g53f8760       #
########################################

# Program was compiled: Sep 21 2021 14:36:42
# Program was run: Thu Sep 23 19:51:23 2021

# cmd: legofit -1 -d 0 -t 32 --ptsPerDim 3 --stateOut b1boot27.state --tol 3e-6 -S 5000 ace2.lgo ../../boot/boot27.opf
# Stage nOptItr nSimReps
#     0    5000        0
# algorithm          : deterministic
# ignoring probs <=  : 0
# Branch length floor: 0
# DE strategy        : 2
#    F               : 0.3
#    CR              : 0.8
#    tolerance       : 3e-06
# nthreads           : 32
# lgo input file     : ace2.lgo
# site pat input file: ../../boot/boot27.opf
# free parameters    : 16
# points in DE swarm : 48
# output state file  : b1boot27.state
# Including singleton site patterns.
# cost function      : KL
Initial parameter values
Fixed:
      zero = 0
       one = 1
    Tbecnw = 75200
Free:
       pc1 = 0
       pc2 = 0
       pc3 = 0
       pc4 = 0
       pc5 = 0
       pc6 = 0
       pc7 = 0
       pc8 = 0
       pc9 = 0
      pc10 = 0
      pc11 = 0
      pc12 = 0
      pc13 = 0
      pc14 = 0
      pc15 = 0
      pc16 = 0
Constrained:
   Tgbecnw = 121995
     Tecnw = 30084.4
       Tnw = 25628.4
       Tec = 14066.2
     twoNb = 337650
     twoNe = 17997.8
     twoNn = 293090
     twoNw = 2.84107e+06
    twoNec = 135873
    twoNnw = 13848.2
  twoNecnw = 96120.5
  twoNbecnw = 23683.6
  twoNgbecnw = 175006
         m = 0.25802
        m3 = 0.20357
        m5 = 0.130512
        Ta = 37600
        Tc = 12814.2
        Te = 6407.11
DiffEv reached_goal. cost=1.78484e-03 spread=2.78616e-06
Fitted parameter values
Free:
       pc1 = 3.82556
       pc2 = -0.0343634
       pc3 = 1.36572
       pc4 = -1.81443
       pc5 = 1.39778
       pc6 = 0.843763
       pc7 = 0.189798
       pc8 = -1.7009
       pc9 = 1.53718
      pc10 = -0.109068
      pc11 = -0.225557
      pc12 = 0.0825606
      pc13 = -0.0831073
      pc14 = 0.0239365
      pc15 = 0.0604444
      pc16 = 0.00822816
Constrained:
   Tgbecnw = 93282.5
     Tecnw = 25976.8
       Tnw = 25119
       Tec = 13438.2
     twoNb = 86232.8
     twoNe = 11451.1
     twoNn = 233738
     twoNw = 2.50821e+06
    twoNec = 108307
    twoNnw = 2684.48
  twoNecnw = 87299.1
  twoNbecnw = 9180.84
  twoNgbecnw = 196907
         m = 0.195467
        m3 = 0.193534
        m5 = 0.129069
        Ta = 37600
        Tc = 12559.5
        Te = 6279.74
#       SitePat  BranchLen
              b 132009.2432555
              e 51289.2595951
              c 53892.4483728
              n 47593.8475008
              w 49464.1469588
            b:e 2262.9983524
            b:c 2558.3850705
            b:n 1820.8424001
            b:w 1994.9165318
            e:c 10928.7301254
            e:n 6235.3225582
            e:w 5544.8613239
            c:n 5435.7784478
            c:w 4908.6402291
            n:w 13369.8846378
          b:e:c 2322.1424701
          b:e:n 1212.0544914
          b:e:w 1215.1789278
          b:c:n 1218.2427415
          b:c:w 1228.2740308
          b:n:w 2277.5565174
          e:c:n 5095.6720665
          e:c:w 4442.9720615
          e:n:w 6973.7360921
          c:n:w 5806.3125195
        b:e:c:n 2276.6670820
        b:e:c:w 2089.4372246
        b:e:n:w 2887.7853870
        b:c:n:w 2573.1153158
        e:c:n:w 55170.0220408
