########################################
# legofit: estimate population history #
#       version 2.3.4-4-g53f8760       #
########################################

# Program was compiled: Sep 21 2021 14:36:42
# Program was run: Thu Sep 23 19:50:57 2021

# cmd: legofit -1 -d 0 -t 32 --ptsPerDim 3 --stateOut b1boot16.state --tol 3e-6 -S 5000 ace2.lgo ../../boot/boot16.opf
# Stage nOptItr nSimReps
#     0    5000        0
# algorithm          : deterministic
# ignoring probs <=  : 0
# Branch length floor: 0
# DE strategy        : 2
#    F               : 0.3
#    CR              : 0.8
#    tolerance       : 3e-06
# nthreads           : 32
# lgo input file     : ace2.lgo
# site pat input file: ../../boot/boot16.opf
# free parameters    : 16
# points in DE swarm : 48
# output state file  : b1boot16.state
# Including singleton site patterns.
# cost function      : KL
Initial parameter values
Fixed:
      zero = 0
       one = 1
    Tbecnw = 75200
Free:
       pc1 = 0
       pc2 = 0
       pc3 = 0
       pc4 = 0
       pc5 = 0
       pc6 = 0
       pc7 = 0
       pc8 = 0
       pc9 = 0
      pc10 = 0
      pc11 = 0
      pc12 = 0
      pc13 = 0
      pc14 = 0
      pc15 = 0
      pc16 = 0
Constrained:
   Tgbecnw = 121995
     Tecnw = 30084.4
       Tnw = 25628.4
       Tec = 14066.2
     twoNb = 337650
     twoNe = 17997.8
     twoNn = 293090
     twoNw = 2.84107e+06
    twoNec = 135873
    twoNnw = 13848.2
  twoNecnw = 96120.5
  twoNbecnw = 23683.6
  twoNgbecnw = 175006
         m = 0.25802
        m3 = 0.20357
        m5 = 0.130512
        Ta = 37600
        Tc = 12814.2
        Te = 6407.11
DiffEv reached_goal. cost=1.74175e-03 spread=2.87370e-06
Fitted parameter values
Free:
       pc1 = 3.94199
       pc2 = -0.857492
       pc3 = 1.10445
       pc4 = -1.49984
       pc5 = 1.3885
       pc6 = 0.90087
       pc7 = -1.26735
       pc8 = -1.68807
       pc9 = 1.66097
      pc10 = -0.0123214
      pc11 = -0.125352
      pc12 = 0.0583451
      pc13 = -0.12472
      pc14 = -0.00728132
      pc15 = 0.0346942
      pc16 = 0.00654584
Constrained:
   Tgbecnw = 93766.1
     Tecnw = 26128.9
       Tnw = 24678.2
       Tec = 12720
     twoNb = 372669
     twoNe = 5233.16
     twoNn = 14368.2
     twoNw = 1.83779e+06
    twoNec = 114993
    twoNnw = 4475.55
  twoNecnw = 86357.6
  twoNbecnw = 9067.76
  twoNgbecnw = 210372
         m = 0.178769
        m3 = 0.193229
        m5 = 0.131767
        Ta = 37600
        Tc = 12339.1
        Te = 6169.54
#       SitePat  BranchLen
              b 131322.2885615
              e 51109.1886612
              c 53761.3201344
              n 47387.6757826
              w 49221.5454044
            b:e 2249.5526579
            b:c 2550.3446456
            b:n 1805.4971635
            b:w 1974.9265202
            e:c 10902.4342361
            e:n 6170.3799386
            e:w 5523.0518033
            c:n 5392.7201720
            c:w 4842.4646890
            n:w 13389.4919229
          b:e:c 2315.6706590
          b:e:n 1199.2718673
          b:e:w 1207.0633887
          b:c:n 1210.4265611
          b:c:w 1215.5186330
          b:n:w 2270.2018681
          e:c:n 5028.8588964
          e:c:w 4392.5728929
          e:n:w 6951.2443083
          c:n:w 5757.3597160
        b:e:c:n 2256.4774181
        b:e:c:w 2074.1644682
        b:e:n:w 2880.7275068
        b:c:n:w 2560.3255811
        e:c:n:w 54831.7987973
