########################################
# legofit: estimate population history #
#       version 2.3.4-4-g53f8760       #
########################################

# Program was compiled: Sep 21 2021 14:36:42
# Program was run: Thu Sep 23 19:50:45 2021

# cmd: legofit -1 -d 0 -t 32 --ptsPerDim 3 --stateOut b1boot11.state --tol 3e-6 -S 5000 ace2.lgo ../../boot/boot11.opf
# Stage nOptItr nSimReps
#     0    5000        0
# algorithm          : deterministic
# ignoring probs <=  : 0
# Branch length floor: 0
# DE strategy        : 2
#    F               : 0.3
#    CR              : 0.8
#    tolerance       : 3e-06
# nthreads           : 32
# lgo input file     : ace2.lgo
# site pat input file: ../../boot/boot11.opf
# free parameters    : 16
# points in DE swarm : 48
# output state file  : b1boot11.state
# Including singleton site patterns.
# cost function      : KL
Initial parameter values
Fixed:
      zero = 0
       one = 1
    Tbecnw = 75200
Free:
       pc1 = 0
       pc2 = 0
       pc3 = 0
       pc4 = 0
       pc5 = 0
       pc6 = 0
       pc7 = 0
       pc8 = 0
       pc9 = 0
      pc10 = 0
      pc11 = 0
      pc12 = 0
      pc13 = 0
      pc14 = 0
      pc15 = 0
      pc16 = 0
Constrained:
   Tgbecnw = 121995
     Tecnw = 30084.4
       Tnw = 25628.4
       Tec = 14066.2
     twoNb = 337650
     twoNe = 17997.8
     twoNn = 293090
     twoNw = 2.84107e+06
    twoNec = 135873
    twoNnw = 13848.2
  twoNecnw = 96120.5
  twoNbecnw = 23683.6
  twoNgbecnw = 175006
         m = 0.25802
        m3 = 0.20357
        m5 = 0.130512
        Ta = 37600
        Tc = 12814.2
        Te = 6407.11
DiffEv reached_goal. cost=1.80436e-03 spread=2.96466e-06
Fitted parameter values
Free:
       pc1 = 3.95942
       pc2 = -1.06174
       pc3 = 1.34091
       pc4 = -1.96093
       pc5 = 1.07242
       pc6 = -0.358469
       pc7 = -0.983249
       pc8 = -1.16212
       pc9 = 1.9255
      pc10 = 0.128923
      pc11 = -0.165794
      pc12 = 0.00502047
      pc13 = -0.0644199
      pc14 = -0.00409579
      pc15 = -0.00980341
      pc16 = 0.0104763
Constrained:
   Tgbecnw = 94349.5
     Tecnw = 26083
       Tnw = 23937.6
       Tec = 12871.8
     twoNb = 539677
     twoNe = 12032.8
     twoNn = 7926.59
     twoNw = 1.7268e+06
    twoNec = 113772
    twoNnw = 6708.28
  twoNecnw = 85066
  twoNbecnw = 9240.14
  twoNgbecnw = 215740
         m = 0.169957
        m3 = 0.198338
        m5 = 0.126546
        Ta = 37600
        Tc = 11968.8
        Te = 5984.4
#       SitePat  BranchLen
              b 130779.3916714
              e 50899.8891748
              c 53484.5367917
              n 47192.2017156
              w 49092.9540777
            b:e 2248.2986092
            b:c 2537.4944112
            b:n 1811.6653224
            b:w 1988.4100511
            e:c 10869.7819469
            e:n 6212.6267295
            e:w 5518.7429572
            c:n 5416.9399257
            c:w 4872.8114373
            n:w 13334.4498631
          b:e:c 2305.6009974
          b:e:n 1205.1434709
          b:e:w 1209.3717899
          b:c:n 1212.1471235
          b:c:w 1221.1993847
          b:n:w 2262.0131536
          e:c:n 5081.6448285
          e:c:w 4418.9047270
          e:n:w 6906.7565948
          c:n:w 5763.7273016
        b:e:c:n 2267.6185783
        b:e:c:w 2077.5932694
        b:e:n:w 2863.0661158
        b:c:n:w 2555.0390665
        e:c:n:w 54459.0132257
