########################################
# legofit: estimate population history #
#       version 2.3.4-4-g53f8760       #
########################################

# Program was compiled: Sep 21 2021 14:36:42
# Program was run: Thu Sep 23 19:50:57 2021

# cmd: legofit -1 -d 0 -t 32 --ptsPerDim 3 --stateOut b1boot13.state --tol 3e-6 -S 5000 ace2.lgo ../../boot/boot13.opf
# Stage nOptItr nSimReps
#     0    5000        0
# algorithm          : deterministic
# ignoring probs <=  : 0
# Branch length floor: 0
# DE strategy        : 2
#    F               : 0.3
#    CR              : 0.8
#    tolerance       : 3e-06
# nthreads           : 32
# lgo input file     : ace2.lgo
# site pat input file: ../../boot/boot13.opf
# free parameters    : 16
# points in DE swarm : 48
# output state file  : b1boot13.state
# Including singleton site patterns.
# cost function      : KL
Initial parameter values
Fixed:
      zero = 0
       one = 1
    Tbecnw = 75200
Free:
       pc1 = 0
       pc2 = 0
       pc3 = 0
       pc4 = 0
       pc5 = 0
       pc6 = 0
       pc7 = 0
       pc8 = 0
       pc9 = 0
      pc10 = 0
      pc11 = 0
      pc12 = 0
      pc13 = 0
      pc14 = 0
      pc15 = 0
      pc16 = 0
Constrained:
   Tgbecnw = 121995
     Tecnw = 30084.4
       Tnw = 25628.4
       Tec = 14066.2
     twoNb = 337650
     twoNe = 17997.8
     twoNn = 293090
     twoNw = 2.84107e+06
    twoNec = 135873
    twoNnw = 13848.2
  twoNecnw = 96120.5
  twoNbecnw = 23683.6
  twoNgbecnw = 175006
         m = 0.25802
        m3 = 0.20357
        m5 = 0.130512
        Ta = 37600
        Tc = 12814.2
        Te = 6407.11
DiffEv reached_goal. cost=1.79264e-03 spread=2.66301e-06
Fitted parameter values
Free:
       pc1 = 3.96142
       pc2 = -0.256906
       pc3 = 1.23157
       pc4 = -1.89529
       pc5 = 1.91872
       pc6 = -0.429418
       pc7 = -1.18844
       pc8 = -1.18067
       pc9 = 1.90826
      pc10 = -0.0771887
      pc11 = -0.184968
      pc12 = 0.0448158
      pc13 = -0.104008
      pc14 = -0.0700217
      pc15 = 0.0271195
      pc16 = -0.0113511
Constrained:
   Tgbecnw = 94011.6
     Tecnw = 25989.1
       Tnw = 24848.7
       Tec = 13439.3
     twoNb = 657536
     twoNe = 13626.8
     twoNn = 50122.9
     twoNw = 1.12809e+06
    twoNec = 106896
    twoNnw = 3555.87
  twoNecnw = 87245.1
  twoNbecnw = 9166.5
  twoNgbecnw = 210306
         m = 0.180037
        m3 = 0.190141
        m5 = 0.127274
        Ta = 37600
        Tc = 12424.4
        Te = 6212.18
#       SitePat  BranchLen
              b 131547.5188460
              e 51190.5684064
              c 53789.7920423
              n 47514.3419904
              w 49315.1532261
            b:e 2250.4807635
            b:c 2543.6849550
            b:n 1812.0110684
            b:w 1980.2643186
            e:c 10946.8914133
            e:n 6160.3423167
            e:w 5530.2142834
            c:n 5395.5256310
            c:w 4857.9937368
            n:w 13409.0501673
          b:e:c 2321.8027714
          b:e:n 1200.2501636
          b:e:w 1207.6671819
          b:c:n 1210.9128116
          b:c:w 1216.3111857
          b:n:w 2276.7716483
          e:c:n 5041.0347875
          e:c:w 4407.8834793
          e:n:w 6918.8261974
          c:n:w 5756.6397937
        b:e:c:n 2264.0825916
        b:e:c:w 2083.0139490
        b:e:n:w 2875.7799808
        b:c:n:w 2563.2691374
        e:c:n:w 54954.9830871
