########################################
# legofit: estimate population history #
#       version 2.3.4-4-g53f8760       #
########################################

# Program was compiled: Sep 21 2021 14:36:42
# Program was run: Thu Sep 23 19:51:49 2021

# cmd: legofit -1 -d 0 -t 32 --ptsPerDim 3 --stateOut b1boot39.state --tol 3e-6 -S 5000 ace2.lgo ../../boot/boot39.opf
# Stage nOptItr nSimReps
#     0    5000        0
# algorithm          : deterministic
# ignoring probs <=  : 0
# Branch length floor: 0
# DE strategy        : 2
#    F               : 0.3
#    CR              : 0.8
#    tolerance       : 3e-06
# nthreads           : 32
# lgo input file     : ace2.lgo
# site pat input file: ../../boot/boot39.opf
# free parameters    : 16
# points in DE swarm : 48
# output state file  : b1boot39.state
# Including singleton site patterns.
# cost function      : KL
Initial parameter values
Fixed:
      zero = 0
       one = 1
    Tbecnw = 75200
Free:
       pc1 = 0
       pc2 = 0
       pc3 = 0
       pc4 = 0
       pc5 = 0
       pc6 = 0
       pc7 = 0
       pc8 = 0
       pc9 = 0
      pc10 = 0
      pc11 = 0
      pc12 = 0
      pc13 = 0
      pc14 = 0
      pc15 = 0
      pc16 = 0
Constrained:
   Tgbecnw = 121995
     Tecnw = 30084.4
       Tnw = 25628.4
       Tec = 14066.2
     twoNb = 337650
     twoNe = 17997.8
     twoNn = 293090
     twoNw = 2.84107e+06
    twoNec = 135873
    twoNnw = 13848.2
  twoNecnw = 96120.5
  twoNbecnw = 23683.6
  twoNgbecnw = 175006
         m = 0.25802
        m3 = 0.20357
        m5 = 0.130512
        Ta = 37600
        Tc = 12814.2
        Te = 6407.11
DiffEv reached_goal. cost=1.74953e-03 spread=2.45665e-06
Fitted parameter values
Free:
       pc1 = 3.98896
       pc2 = -0.333265
       pc3 = 0.384281
       pc4 = -1.92378
       pc5 = 1.50425
       pc6 = -0.489042
       pc7 = -0.591161
       pc8 = -1.59427
       pc9 = 1.39395
      pc10 = 0.071672
      pc11 = -0.430354
      pc12 = 0.0129405
      pc13 = -0.0572088
      pc14 = -0.0575324
      pc15 = 0.018368
      pc16 = -0.0113833
Constrained:
   Tgbecnw = 93730.1
     Tecnw = 26078.5
       Tnw = 24169.9
       Tec = 13311.6
     twoNb = 682925
     twoNe = 17094.9
     twoNn = 264387
     twoNw = 1.83859e+06
    twoNec = 107777
    twoNnw = 5957.55
  twoNecnw = 86495.1
  twoNbecnw = 9246.72
  twoNgbecnw = 202997
         m = 0.18432
        m3 = 0.195967
        m5 = 0.129166
        Ta = 37600
        Tc = 12084.9
        Te = 6042.47
#       SitePat  BranchLen
              b 131211.0477086
              e 51113.1412870
              c 53719.0115856
              n 47426.8480709
              w 49304.7823157
            b:e 2258.0041595
            b:c 2551.9801043
            b:n 1823.1771825
            b:w 1999.1542056
            e:c 10966.1199035
            e:n 6205.7763597
            e:w 5546.1263750
            c:n 5434.2448897
            c:w 4875.9088328
            n:w 13427.9103109
          b:e:c 2325.8044118
          b:e:n 1208.1863706
          b:e:w 1215.6045779
          b:c:n 1218.5400276
          b:c:w 1224.3676146
          b:n:w 2282.0025377
          e:c:n 5100.5419218
          e:c:w 4440.5937187
          e:n:w 6941.0992990
          c:n:w 5776.9780125
        b:e:c:n 2281.1159588
        b:e:c:w 2091.8931413
        b:e:n:w 2880.6791812
        b:c:n:w 2567.5865428
        e:c:n:w 54564.4570590
