########################################
# legofit: estimate population history #
#       version 2.3.4-4-g53f8760       #
########################################

# Program was compiled: Sep 21 2021 14:36:42
# Program was run: Thu Sep 23 19:50:45 2021

# cmd: legofit -1 -d 0 -t 32 --ptsPerDim 3 --stateOut b1boot7.state --tol 3e-6 -S 5000 ace2.lgo ../../boot/boot7.opf
# Stage nOptItr nSimReps
#     0    5000        0
# algorithm          : deterministic
# ignoring probs <=  : 0
# Branch length floor: 0
# DE strategy        : 2
#    F               : 0.3
#    CR              : 0.8
#    tolerance       : 3e-06
# nthreads           : 32
# lgo input file     : ace2.lgo
# site pat input file: ../../boot/boot7.opf
# free parameters    : 16
# points in DE swarm : 48
# output state file  : b1boot7.state
# Including singleton site patterns.
# cost function      : KL
Initial parameter values
Fixed:
      zero = 0
       one = 1
    Tbecnw = 75200
Free:
       pc1 = 0
       pc2 = 0
       pc3 = 0
       pc4 = 0
       pc5 = 0
       pc6 = 0
       pc7 = 0
       pc8 = 0
       pc9 = 0
      pc10 = 0
      pc11 = 0
      pc12 = 0
      pc13 = 0
      pc14 = 0
      pc15 = 0
      pc16 = 0
Constrained:
   Tgbecnw = 121995
     Tecnw = 30084.4
       Tnw = 25628.4
       Tec = 14066.2
     twoNb = 337650
     twoNe = 17997.8
     twoNn = 293090
     twoNw = 2.84107e+06
    twoNec = 135873
    twoNnw = 13848.2
  twoNecnw = 96120.5
  twoNbecnw = 23683.6
  twoNgbecnw = 175006
         m = 0.25802
        m3 = 0.20357
        m5 = 0.130512
        Ta = 37600
        Tc = 12814.2
        Te = 6407.11
DiffEv reached_goal. cost=1.79966e-03 spread=2.46933e-06
Fitted parameter values
Free:
       pc1 = 3.9876
       pc2 = 0.10742
       pc3 = 1.87127
       pc4 = -1.98306
       pc5 = 1.34882
       pc6 = 0.116062
       pc7 = 0.120606
       pc8 = -1.15102
       pc9 = 1.72484
      pc10 = -0.208739
      pc11 = 0.0213236
      pc12 = -0.0149674
      pc13 = -0.0993063
      pc14 = 0.0300695
      pc15 = 0.0545021
      pc16 = 0.00816441
Constrained:
   Tgbecnw = 94162.3
     Tecnw = 26052.3
       Tnw = 25132.9
       Tec = 13896
     twoNb = 152834
     twoNe = 15328.3
     twoNn = 153423
     twoNw = 2.21076e+06
    twoNec = 105141
    twoNnw = 2898.64
  twoNecnw = 86271.6
  twoNbecnw = 9217.96
  twoNgbecnw = 211406
         m = 0.179348
        m3 = 0.193077
        m5 = 0.125632
        Ta = 37600
        Tc = 12566.5
        Te = 6283.24
#       SitePat  BranchLen
              b 131727.7900328
              e 51149.2569911
              c 53744.4152719
              n 47488.7789099
              w 49406.8676595
            b:e 2242.5563392
            b:c 2533.2917804
            b:n 1806.2248832
            b:w 1984.8594933
            e:c 10838.8856289
            e:n 6243.1796535
            e:w 5488.5888035
            c:n 5386.4603430
            c:w 4893.1603140
            n:w 13254.5749461
          b:e:c 2301.5559839
          b:e:n 1206.8663580
          b:e:w 1203.3497975
          b:c:n 1206.2173031
          b:c:w 1223.2707402
          b:n:w 2257.6012037
          e:c:n 5078.1879467
          e:c:w 4407.9900761
          e:n:w 6897.9177813
          c:n:w 5754.9073006
        b:e:c:n 2265.7205740
        b:e:c:w 2073.5490874
        b:e:n:w 2860.9751470
        b:c:n:w 2550.9678179
        e:c:n:w 55186.2163735
