########################################
# legofit: estimate population history #
#       version 2.3.4-4-g53f8760       #
########################################

# Program was compiled: Sep 21 2021 14:36:42
# Program was run: Thu Sep 23 19:51:36 2021

# cmd: legofit -1 -d 0 -t 32 --ptsPerDim 3 --stateOut b1boot32.state --tol 3e-6 -S 5000 ace2.lgo ../../boot/boot32.opf
# Stage nOptItr nSimReps
#     0    5000        0
# algorithm          : deterministic
# ignoring probs <=  : 0
# Branch length floor: 0
# DE strategy        : 2
#    F               : 0.3
#    CR              : 0.8
#    tolerance       : 3e-06
# nthreads           : 32
# lgo input file     : ace2.lgo
# site pat input file: ../../boot/boot32.opf
# free parameters    : 16
# points in DE swarm : 48
# output state file  : b1boot32.state
# Including singleton site patterns.
# cost function      : KL
Initial parameter values
Fixed:
      zero = 0
       one = 1
    Tbecnw = 75200
Free:
       pc1 = 0
       pc2 = 0
       pc3 = 0
       pc4 = 0
       pc5 = 0
       pc6 = 0
       pc7 = 0
       pc8 = 0
       pc9 = 0
      pc10 = 0
      pc11 = 0
      pc12 = 0
      pc13 = 0
      pc14 = 0
      pc15 = 0
      pc16 = 0
Constrained:
   Tgbecnw = 121995
     Tecnw = 30084.4
       Tnw = 25628.4
       Tec = 14066.2
     twoNb = 337650
     twoNe = 17997.8
     twoNn = 293090
     twoNw = 2.84107e+06
    twoNec = 135873
    twoNnw = 13848.2
  twoNecnw = 96120.5
  twoNbecnw = 23683.6
  twoNgbecnw = 175006
         m = 0.25802
        m3 = 0.20357
        m5 = 0.130512
        Ta = 37600
        Tc = 12814.2
        Te = 6407.11
DiffEv reached_goal. cost=1.82303e-03 spread=2.54314e-06
Fitted parameter values
Free:
       pc1 = 3.87569
       pc2 = -1.25366
       pc3 = 1.14673
       pc4 = -1.89501
       pc5 = 1.09566
       pc6 = 0.651603
       pc7 = -0.314897
       pc8 = -1.51378
       pc9 = 1.38183
      pc10 = 0.0578653
      pc11 = -0.100861
      pc12 = 0.0505753
      pc13 = -0.0937497
      pc14 = -0.0091811
      pc15 = 0.0454347
      pc16 = -0.00394071
Constrained:
   Tgbecnw = 93612.4
     Tecnw = 26343.6
       Tnw = 24039.9
       Tec = 12563.1
     twoNb = 211178
     twoNe = 7977.46
     twoNn = 166983
     twoNw = 2.02568e+06
    twoNec = 118184
    twoNnw = 7100.33
  twoNecnw = 84877
  twoNbecnw = 8978.21
  twoNgbecnw = 211119
         m = 0.177665
        m3 = 0.197413
        m5 = 0.129135
        Ta = 37600
        Tc = 12020
        Te = 6009.98
#       SitePat  BranchLen
              b 131257.3346751
              e 51026.8215931
              c 53612.9319702
              n 47272.9504286
              w 49124.9476222
            b:e 2235.5443101
            b:c 2526.2516591
            b:n 1794.6541386
            b:w 1965.2790326
            e:c 10865.4698393
            e:n 6139.1798444
            e:w 5494.6541377
            c:n 5386.3562749
            c:w 4820.8478166
            n:w 13367.6777842
          b:e:c 2297.2199963
          b:e:n 1190.2980093
          b:e:w 1199.3061612
          b:c:n 1202.2442987
          b:c:w 1206.0738576
          b:n:w 2252.9941626
          e:c:n 5028.4394300
          e:c:w 4386.4764014
          e:n:w 6905.9179703
          c:n:w 5746.4374838
        b:e:c:n 2241.8703675
        b:e:c:w 2058.4077627
        b:e:n:w 2850.0069651
        b:c:n:w 2540.5856303
        e:c:n:w 54898.4582384
