########################################
# legofit: estimate population history #
#       version 2.3.4-4-g53f8760       #
########################################

# Program was compiled: Sep 21 2021 14:36:42
# Program was run: Thu Sep 23 19:50:18 2021

# cmd: legofit -1 -d 0 -t 32 --ptsPerDim 3 --stateOut b1boot2.state --tol 3e-6 -S 5000 ace2.lgo ../../boot/boot2.opf
# Stage nOptItr nSimReps
#     0    5000        0
# algorithm          : deterministic
# ignoring probs <=  : 0
# Branch length floor: 0
# DE strategy        : 2
#    F               : 0.3
#    CR              : 0.8
#    tolerance       : 3e-06
# nthreads           : 32
# lgo input file     : ace2.lgo
# site pat input file: ../../boot/boot2.opf
# free parameters    : 16
# points in DE swarm : 48
# output state file  : b1boot2.state
# Including singleton site patterns.
# cost function      : KL
Initial parameter values
Fixed:
      zero = 0
       one = 1
    Tbecnw = 75200
Free:
       pc1 = 0
       pc2 = 0
       pc3 = 0
       pc4 = 0
       pc5 = 0
       pc6 = 0
       pc7 = 0
       pc8 = 0
       pc9 = 0
      pc10 = 0
      pc11 = 0
      pc12 = 0
      pc13 = 0
      pc14 = 0
      pc15 = 0
      pc16 = 0
Constrained:
   Tgbecnw = 121995
     Tecnw = 30084.4
       Tnw = 25628.4
       Tec = 14066.2
     twoNb = 337650
     twoNe = 17997.8
     twoNn = 293090
     twoNw = 2.84107e+06
    twoNec = 135873
    twoNnw = 13848.2
  twoNecnw = 96120.5
  twoNbecnw = 23683.6
  twoNgbecnw = 175006
         m = 0.25802
        m3 = 0.20357
        m5 = 0.130512
        Ta = 37600
        Tc = 12814.2
        Te = 6407.11
DiffEv reached_goal. cost=1.80034e-03 spread=2.97995e-06
Fitted parameter values
Free:
       pc1 = 3.98836
       pc2 = -0.315024
       pc3 = 0.633951
       pc4 = -1.98334
       pc5 = 1.89502
       pc6 = 0.949897
       pc7 = -0.0630975
       pc8 = -1.99104
       pc9 = 0.763846
      pc10 = 0.0793384
      pc11 = -0.249622
      pc12 = 0.0144701
      pc13 = -0.111557
      pc14 = -0.0223765
      pc15 = 0.0632401
      pc16 = -0.0122666
Constrained:
   Tgbecnw = 92604.9
     Tecnw = 25996.7
       Tnw = 24746.9
       Tec = 13086.4
     twoNb = 221895
     twoNe = 9048.94
     twoNn = 402973
     twoNw = 1.58608e+06
    twoNec = 109257
    twoNnw = 3875.12
  twoNecnw = 87540
  twoNbecnw = 8679.05
  twoNgbecnw = 203629
         m = 0.185931
        m3 = 0.192631
        m5 = 0.132081
        Ta = 37600
        Tc = 12373.5
        Te = 6186.73
#       SitePat  BranchLen
              b 131096.9814226
              e 51103.4591498
              c 53803.4672090
              n 47435.3723435
              w 49309.9596949
            b:e 2249.1991107
            b:c 2554.0843089
            b:n 1811.2246758
            b:w 1985.2951488
            e:c 10933.8338360
            e:n 6208.9567462
            e:w 5531.5704946
            c:n 5394.3680256
            c:w 4850.9694724
            n:w 13396.5651051
          b:e:c 2323.0846056
          b:e:n 1204.6844164
          b:e:w 1210.1504190
          b:c:n 1213.5989018
          b:c:w 1221.5111541
          b:n:w 2277.5078670
          e:c:n 5047.7400264
          e:c:w 4393.9374798
          e:n:w 6941.3138024
          c:n:w 5736.4954860
        b:e:c:n 2271.9434834
        b:e:c:w 2084.4947555
        b:e:n:w 2889.7578650
        b:c:n:w 2564.5974462
        e:c:n:w 54563.9893900
