########################################
# legofit: estimate population history #
#       version 2.3.4-4-g53f8760       #
########################################

# Program was compiled: Sep 21 2021 14:36:42
# Program was run: Thu Sep 23 19:51:11 2021

# cmd: legofit -1 -d 0 -t 32 --ptsPerDim 3 --stateOut b1boot23.state --tol 3e-6 -S 5000 ace2.lgo ../../boot/boot23.opf
# Stage nOptItr nSimReps
#     0    5000        0
# algorithm          : deterministic
# ignoring probs <=  : 0
# Branch length floor: 0
# DE strategy        : 2
#    F               : 0.3
#    CR              : 0.8
#    tolerance       : 3e-06
# nthreads           : 32
# lgo input file     : ace2.lgo
# site pat input file: ../../boot/boot23.opf
# free parameters    : 16
# points in DE swarm : 48
# output state file  : b1boot23.state
# Including singleton site patterns.
# cost function      : KL
Initial parameter values
Fixed:
      zero = 0
       one = 1
    Tbecnw = 75200
Free:
       pc1 = 0
       pc2 = 0
       pc3 = 0
       pc4 = 0
       pc5 = 0
       pc6 = 0
       pc7 = 0
       pc8 = 0
       pc9 = 0
      pc10 = 0
      pc11 = 0
      pc12 = 0
      pc13 = 0
      pc14 = 0
      pc15 = 0
      pc16 = 0
Constrained:
   Tgbecnw = 121995
     Tecnw = 30084.4
       Tnw = 25628.4
       Tec = 14066.2
     twoNb = 337650
     twoNe = 17997.8
     twoNn = 293090
     twoNw = 2.84107e+06
    twoNec = 135873
    twoNnw = 13848.2
  twoNecnw = 96120.5
  twoNbecnw = 23683.6
  twoNgbecnw = 175006
         m = 0.25802
        m3 = 0.20357
        m5 = 0.130512
        Ta = 37600
        Tc = 12814.2
        Te = 6407.11
DiffEv reached_goal. cost=1.77314e-03 spread=1.74066e-06
Fitted parameter values
Free:
       pc1 = 3.98845
       pc2 = -0.350866
       pc3 = 0.900808
       pc4 = -1.94273
       pc5 = 1.14057
       pc6 = -0.109094
       pc7 = -1.27866
       pc8 = -1.78558
       pc9 = 1.64735
      pc10 = 0.147033
      pc11 = -0.143541
      pc12 = 0.0357273
      pc13 = -0.132166
      pc14 = -0.041863
      pc15 = 0.0189043
      pc16 = 0.0117415
Constrained:
   Tgbecnw = 93575.1
     Tecnw = 26002.7
       Tnw = 24802.2
       Tec = 13173.3
     twoNb = 640283
     twoNe = 11529.5
     twoNn = 87167.3
     twoNw = 1.92831e+06
    twoNec = 109212
    twoNnw = 3658.42
  twoNecnw = 86915.7
  twoNbecnw = 8897.09
  twoNgbecnw = 215434
         m = 0.172788
        m3 = 0.19997
        m5 = 0.129833
        Ta = 37600
        Tc = 12401.1
        Te = 6200.55
#       SitePat  BranchLen
              b 130928.9283687
              e 51109.6076855
              c 53710.1887910
              n 47350.8188116
              w 49218.6159365
            b:e 2266.3196994
            b:c 2564.9367857
            b:n 1816.1807632
            b:w 1991.3824804
            e:c 10921.5276527
            e:n 6154.1224999
            e:w 5519.1588620
            c:n 5416.2034738
            c:w 4835.9670610
            n:w 13409.7773371
          b:e:c 2337.8468354
          b:e:n 1206.1478951
          b:e:w 1217.1714922
          b:c:n 1220.2438130
          b:c:w 1222.7393231
          b:n:w 2291.4427826
          e:c:n 5038.5650427
          e:c:w 4385.9679684
          e:n:w 6938.9328245
          c:n:w 5759.4625461
        b:e:c:n 2279.2486340
        b:e:c:w 2090.5278095
        b:e:n:w 2902.2793128
        b:c:n:w 2583.9984778
        e:c:n:w 54551.9702586
