########################################
# legofit: estimate population history #
#       version 2.3.4-4-g53f8760       #
########################################

# Program was compiled: Sep 21 2021 14:36:42
# Program was run: Thu Sep 23 19:51:51 2021

# cmd: legofit -1 -d 0 -t 32 --ptsPerDim 3 --stateOut b1boot40.state --tol 3e-6 -S 5000 ace2.lgo ../../boot/boot40.opf
# Stage nOptItr nSimReps
#     0    5000        0
# algorithm          : deterministic
# ignoring probs <=  : 0
# Branch length floor: 0
# DE strategy        : 2
#    F               : 0.3
#    CR              : 0.8
#    tolerance       : 3e-06
# nthreads           : 32
# lgo input file     : ace2.lgo
# site pat input file: ../../boot/boot40.opf
# free parameters    : 16
# points in DE swarm : 48
# output state file  : b1boot40.state
# Including singleton site patterns.
# cost function      : KL
Initial parameter values
Fixed:
      zero = 0
       one = 1
    Tbecnw = 75200
Free:
       pc1 = 0
       pc2 = 0
       pc3 = 0
       pc4 = 0
       pc5 = 0
       pc6 = 0
       pc7 = 0
       pc8 = 0
       pc9 = 0
      pc10 = 0
      pc11 = 0
      pc12 = 0
      pc13 = 0
      pc14 = 0
      pc15 = 0
      pc16 = 0
Constrained:
   Tgbecnw = 121995
     Tecnw = 30084.4
       Tnw = 25628.4
       Tec = 14066.2
     twoNb = 337650
     twoNe = 17997.8
     twoNn = 293090
     twoNw = 2.84107e+06
    twoNec = 135873
    twoNnw = 13848.2
  twoNecnw = 96120.5
  twoNbecnw = 23683.6
  twoNgbecnw = 175006
         m = 0.25802
        m3 = 0.20357
        m5 = 0.130512
        Ta = 37600
        Tc = 12814.2
        Te = 6407.11
DiffEv reached_goal. cost=1.79953e-03 spread=2.63646e-06
Fitted parameter values
Free:
       pc1 = 3.86106
       pc2 = -0.631607
       pc3 = 1.76098
       pc4 = -1.94964
       pc5 = 1.25714
       pc6 = -0.0528908
       pc7 = 0.704249
       pc8 = -0.636715
       pc9 = 1.85258
      pc10 = -0.0583196
      pc11 = -0.0733547
      pc12 = 0.0209963
      pc13 = -0.0349149
      pc14 = -0.0466399
      pc15 = 0.0304687
      pc16 = -0.0143021
Constrained:
   Tgbecnw = 95263.9
     Tecnw = 26249.5
       Tnw = 24057.4
       Tec = 13333.9
     twoNb = 81650.4
     twoNe = 17322.1
     twoNn = 185439
     twoNw = 2.38864e+06
    twoNec = 110785
    twoNnw = 7004.7
  twoNecnw = 85957.5
  twoNbecnw = 9841.95
  twoNgbecnw = 206454
         m = 0.182527
        m3 = 0.191481
        m5 = 0.123361
        Ta = 37600
        Tc = 12028.7
        Te = 6014.35
#       SitePat  BranchLen
              b 131903.4922330
              e 51307.5855696
              c 53805.4741021
              n 47631.8114824
              w 49504.2270042
            b:e 2253.3361038
            b:c 2531.1756455
            b:n 1823.2697305
            b:w 1997.3764538
            e:c 10950.4953829
            e:n 6218.3168494
            e:w 5518.0504373
            c:n 5427.8288302
            c:w 4909.2642437
            n:w 13388.0207150
          b:e:c 2310.7602472
          b:e:n 1208.8730566
          b:e:w 1210.2935843
          b:c:n 1212.8201482
          b:c:w 1224.3787048
          b:n:w 2268.4334005
          e:c:n 5110.5764613
          e:c:w 4456.9919380
          e:n:w 6884.0766199
          c:n:w 5785.4623002
        b:e:c:n 2275.4580648
        b:e:c:w 2088.3722573
        b:e:n:w 2854.1106672
        b:c:n:w 2558.2389133
        e:c:n:w 55073.0919712
