########################################
# legofit: estimate population history #
#       version 2.3.4-4-g53f8760       #
########################################

# Program was compiled: Sep 21 2021 14:36:42
# Program was run: Thu Sep 23 19:52:00 2021

# cmd: legofit -1 -d 0 -t 32 --ptsPerDim 3 --stateOut b1boot41.state --tol 3e-6 -S 5000 ace2.lgo ../../boot/boot41.opf
# Stage nOptItr nSimReps
#     0    5000        0
# algorithm          : deterministic
# ignoring probs <=  : 0
# Branch length floor: 0
# DE strategy        : 2
#    F               : 0.3
#    CR              : 0.8
#    tolerance       : 3e-06
# nthreads           : 32
# lgo input file     : ace2.lgo
# site pat input file: ../../boot/boot41.opf
# free parameters    : 16
# points in DE swarm : 48
# output state file  : b1boot41.state
# Including singleton site patterns.
# cost function      : KL
Initial parameter values
Fixed:
      zero = 0
       one = 1
    Tbecnw = 75200
Free:
       pc1 = 0
       pc2 = 0
       pc3 = 0
       pc4 = 0
       pc5 = 0
       pc6 = 0
       pc7 = 0
       pc8 = 0
       pc9 = 0
      pc10 = 0
      pc11 = 0
      pc12 = 0
      pc13 = 0
      pc14 = 0
      pc15 = 0
      pc16 = 0
Constrained:
   Tgbecnw = 121995
     Tecnw = 30084.4
       Tnw = 25628.4
       Tec = 14066.2
     twoNb = 337650
     twoNe = 17997.8
     twoNn = 293090
     twoNw = 2.84107e+06
    twoNec = 135873
    twoNnw = 13848.2
  twoNecnw = 96120.5
  twoNbecnw = 23683.6
  twoNgbecnw = 175006
         m = 0.25802
        m3 = 0.20357
        m5 = 0.130512
        Ta = 37600
        Tc = 12814.2
        Te = 6407.11
DiffEv reached_goal. cost=1.77535e-03 spread=2.43728e-06
Fitted parameter values
Free:
       pc1 = 3.66302
       pc2 = -0.894915
       pc3 = 1.64055
       pc4 = -1.96258
       pc5 = 0.944846
       pc6 = 0.405981
       pc7 = -1.18158
       pc8 = -1.95033
       pc9 = 1.61871
      pc10 = 0.259332
      pc11 = -0.203156
      pc12 = 0.00206244
      pc13 = -0.114964
      pc14 = 0.00543491
      pc15 = 0.0333949
      pc16 = 0.0212181
Constrained:
   Tgbecnw = 93532.8
     Tecnw = 26053.4
       Tnw = 24759.5
       Tec = 12789.9
     twoNb = 352571
     twoNe = 5997.33
     twoNn = 1694
     twoNw = 1.55364e+06
    twoNec = 113560
    twoNnw = 3935.66
  twoNecnw = 86878.2
  twoNbecnw = 8963.18
  twoNgbecnw = 209244
         m = 0.178548
        m3 = 0.204787
        m5 = 0.129466
        Ta = 37600
        Tc = 12379.7
        Te = 6189.87
#       SitePat  BranchLen
              b 130918.0981579
              e 51085.1635262
              c 53711.2699706
              n 47345.3960472
              w 49259.9731471
            b:e 2243.4259855
            b:c 2540.5862369
            b:n 1798.6842735
            b:w 1975.6402111
            e:c 10891.3404906
            e:n 6182.8975222
            e:w 5527.5403068
            c:n 5430.0396045
            c:w 4836.1826767
            n:w 13360.9383289
          b:e:c 2308.0625178
          b:e:n 1196.6520159
          b:e:w 1207.4656345
          b:c:n 1210.4319190
          b:c:w 1213.1607676
          b:n:w 2262.6322611
          e:c:n 5040.4426811
          e:c:w 4375.0797244
          e:n:w 6924.6409640
          c:n:w 5742.7500675
        b:e:c:n 2258.6688614
        b:e:c:w 2068.1704565
        b:e:n:w 2872.0114283
        b:c:n:w 2555.3761407
        e:c:n:w 54447.5047524
