########################################
# legofit: estimate population history #
#       version 2.3.4-4-g53f8760       #
########################################

# Program was compiled: Sep 21 2021 14:36:42
# Program was run: Thu Sep 23 19:51:49 2021

# cmd: legofit -1 -d 0 -t 32 --ptsPerDim 3 --stateOut b1boot37.state --tol 3e-6 -S 5000 ace2.lgo ../../boot/boot37.opf
# Stage nOptItr nSimReps
#     0    5000        0
# algorithm          : deterministic
# ignoring probs <=  : 0
# Branch length floor: 0
# DE strategy        : 2
#    F               : 0.3
#    CR              : 0.8
#    tolerance       : 3e-06
# nthreads           : 32
# lgo input file     : ace2.lgo
# site pat input file: ../../boot/boot37.opf
# free parameters    : 16
# points in DE swarm : 48
# output state file  : b1boot37.state
# Including singleton site patterns.
# cost function      : KL
Initial parameter values
Fixed:
      zero = 0
       one = 1
    Tbecnw = 75200
Free:
       pc1 = 0
       pc2 = 0
       pc3 = 0
       pc4 = 0
       pc5 = 0
       pc6 = 0
       pc7 = 0
       pc8 = 0
       pc9 = 0
      pc10 = 0
      pc11 = 0
      pc12 = 0
      pc13 = 0
      pc14 = 0
      pc15 = 0
      pc16 = 0
Constrained:
   Tgbecnw = 121995
     Tecnw = 30084.4
       Tnw = 25628.4
       Tec = 14066.2
     twoNb = 337650
     twoNe = 17997.8
     twoNn = 293090
     twoNw = 2.84107e+06
    twoNec = 135873
    twoNnw = 13848.2
  twoNecnw = 96120.5
  twoNbecnw = 23683.6
  twoNgbecnw = 175006
         m = 0.25802
        m3 = 0.20357
        m5 = 0.130512
        Ta = 37600
        Tc = 12814.2
        Te = 6407.11
DiffEv reached_goal. cost=1.79295e-03 spread=2.00229e-06
Fitted parameter values
Free:
       pc1 = 3.94744
       pc2 = -1.47695
       pc3 = 1.35135
       pc4 = -1.82414
       pc5 = 1.56982
       pc6 = 0.657066
       pc7 = -0.448783
       pc8 = -1.3762
       pc9 = 1.92323
      pc10 = 0.0129805
      pc11 = -0.174785
      pc12 = 0.0699975
      pc13 = -0.0920696
      pc14 = 0.00242049
      pc15 = 0.0684318
      pc16 = -0.0105175
Constrained:
   Tgbecnw = 91625.2
     Tecnw = 26082.6
       Tnw = 23851.1
       Tec = 12401.6
     twoNb = 236836
     twoNe = 6172.76
     twoNn = 71215.2
     twoNw = 1.72477e+06
    twoNec = 118511
    twoNnw = 6988.09
  twoNecnw = 85705.4
  twoNbecnw = 8194.08
  twoNgbecnw = 204127
         m = 0.18667
        m3 = 0.19149
        m5 = 0.128044
        Ta = 37600
        Tc = 11925.6
        Te = 5962.78
#       SitePat  BranchLen
              b 131068.1914690
              e 50906.4364330
              c 53520.4505731
              n 47173.1876699
              w 49016.7845992
            b:e 2224.4098984
            b:c 2513.8327816
            b:n 1788.7484913
            b:w 1957.1057537
            e:c 10839.6357511
            e:n 6173.5945604
            e:w 5491.3654272
            c:n 5364.8366556
            c:w 4839.2421853
            n:w 13351.5706374
          b:e:c 2284.8231556
          b:e:n 1190.4017285
          b:e:w 1193.9188456
          b:c:n 1197.0386888
          b:c:w 1206.3735212
          b:n:w 2240.3411859
          e:c:n 5013.3808684
          e:c:w 4377.6075425
          e:n:w 6878.5831843
          c:n:w 5725.4501909
        b:e:c:n 2236.8293901
        b:e:c:w 2055.6201781
        b:e:n:w 2841.1582309
        b:c:n:w 2532.6437118
        e:c:n:w 54823.6718364
