########################################
# legofit: estimate population history #
#       version 2.3.4-4-g53f8760       #
########################################

# Program was compiled: Sep 21 2021 14:36:42
# Program was run: Thu Sep 23 19:50:57 2021

# cmd: legofit -1 -d 0 -t 32 --ptsPerDim 3 --stateOut b1boot17.state --tol 3e-6 -S 5000 ace2.lgo ../../boot/boot17.opf
# Stage nOptItr nSimReps
#     0    5000        0
# algorithm          : deterministic
# ignoring probs <=  : 0
# Branch length floor: 0
# DE strategy        : 2
#    F               : 0.3
#    CR              : 0.8
#    tolerance       : 3e-06
# nthreads           : 32
# lgo input file     : ace2.lgo
# site pat input file: ../../boot/boot17.opf
# free parameters    : 16
# points in DE swarm : 48
# output state file  : b1boot17.state
# Including singleton site patterns.
# cost function      : KL
Initial parameter values
Fixed:
      zero = 0
       one = 1
    Tbecnw = 75200
Free:
       pc1 = 0
       pc2 = 0
       pc3 = 0
       pc4 = 0
       pc5 = 0
       pc6 = 0
       pc7 = 0
       pc8 = 0
       pc9 = 0
      pc10 = 0
      pc11 = 0
      pc12 = 0
      pc13 = 0
      pc14 = 0
      pc15 = 0
      pc16 = 0
Constrained:
   Tgbecnw = 121995
     Tecnw = 30084.4
       Tnw = 25628.4
       Tec = 14066.2
     twoNb = 337650
     twoNe = 17997.8
     twoNn = 293090
     twoNw = 2.84107e+06
    twoNec = 135873
    twoNnw = 13848.2
  twoNecnw = 96120.5
  twoNbecnw = 23683.6
  twoNgbecnw = 175006
         m = 0.25802
        m3 = 0.20357
        m5 = 0.130512
        Ta = 37600
        Tc = 12814.2
        Te = 6407.11
DiffEv reached_goal. cost=1.79954e-03 spread=2.49367e-06
Fitted parameter values
Free:
       pc1 = 3.87775
       pc2 = -0.450656
       pc3 = 1.6391
       pc4 = -1.68353
       pc5 = 1.48802
       pc6 = 0.191543
       pc7 = -0.120253
       pc8 = -1.77252
       pc9 = 1.34905
      pc10 = -0.124772
      pc11 = -0.370969
      pc12 = -0.014543
      pc13 = -0.0912848
      pc14 = -0.0433579
      pc15 = 0.076788
      pc16 = -0.0157769
Constrained:
   Tgbecnw = 92297.5
     Tecnw = 26218
       Tnw = 24641.2
       Tec = 13463.9
     twoNb = 181619
     twoNe = 14988.6
     twoNn = 157801
     twoNw = 1.48264e+06
    twoNec = 107528
    twoNnw = 4849.9
  twoNecnw = 86033
  twoNbecnw = 8728.71
  twoNgbecnw = 196827
         m = 0.19177
        m3 = 0.196913
        m5 = 0.128621
        Ta = 37600
        Tc = 12320.6
        Te = 6160.29
#       SitePat  BranchLen
              b 131089.8305222
              e 51098.3804523
              c 53742.4673560
              n 47393.2863311
              w 49293.1121344
            b:e 2253.5909108
            b:c 2552.7336961
            b:n 1811.9225937
            b:w 1990.1207859
            e:c 10933.9136877
            e:n 6189.5014527
            e:w 5510.7109305
            c:n 5395.3713770
            c:w 4842.9968847
            n:w 13398.0888169
          b:e:c 2325.8964678
          b:e:n 1202.9354005
          b:e:w 1208.8889764
          b:c:n 1211.9152126
          b:c:w 1219.3601729
          b:n:w 2281.3129826
          e:c:n 5083.5770463
          e:c:w 4414.9162576
          e:n:w 6953.4175853
          c:n:w 5771.1748030
        b:e:c:n 2270.7671603
        b:e:c:w 2079.1704318
        b:e:n:w 2880.9897919
        b:c:n:w 2562.3959980
        e:c:n:w 54535.1745516
