########################################
# legofit: estimate population history #
#       version 2.3.4-4-g53f8760       #
########################################

# Program was compiled: Sep 21 2021 14:36:42
# Program was run: Thu Sep 23 19:50:45 2021

# cmd: legofit -1 -d 0 -t 32 --ptsPerDim 3 --stateOut b1boot8.state --tol 3e-6 -S 5000 ace2.lgo ../../boot/boot8.opf
# Stage nOptItr nSimReps
#     0    5000        0
# algorithm          : deterministic
# ignoring probs <=  : 0
# Branch length floor: 0
# DE strategy        : 2
#    F               : 0.3
#    CR              : 0.8
#    tolerance       : 3e-06
# nthreads           : 32
# lgo input file     : ace2.lgo
# site pat input file: ../../boot/boot8.opf
# free parameters    : 16
# points in DE swarm : 48
# output state file  : b1boot8.state
# Including singleton site patterns.
# cost function      : KL
Initial parameter values
Fixed:
      zero = 0
       one = 1
    Tbecnw = 75200
Free:
       pc1 = 0
       pc2 = 0
       pc3 = 0
       pc4 = 0
       pc5 = 0
       pc6 = 0
       pc7 = 0
       pc8 = 0
       pc9 = 0
      pc10 = 0
      pc11 = 0
      pc12 = 0
      pc13 = 0
      pc14 = 0
      pc15 = 0
      pc16 = 0
Constrained:
   Tgbecnw = 121995
     Tecnw = 30084.4
       Tnw = 25628.4
       Tec = 14066.2
     twoNb = 337650
     twoNe = 17997.8
     twoNn = 293090
     twoNw = 2.84107e+06
    twoNec = 135873
    twoNnw = 13848.2
  twoNecnw = 96120.5
  twoNbecnw = 23683.6
  twoNgbecnw = 175006
         m = 0.25802
        m3 = 0.20357
        m5 = 0.130512
        Ta = 37600
        Tc = 12814.2
        Te = 6407.11
DiffEv reached_goal. cost=1.77745e-03 spread=2.90379e-06
Fitted parameter values
Free:
       pc1 = 3.96252
       pc2 = -0.429361
       pc3 = 1.31825
       pc4 = -1.71982
       pc5 = 1.92991
       pc6 = 1.05407
       pc7 = -0.20465
       pc8 = -1.977
       pc9 = 1.81156
      pc10 = 0.0148792
      pc11 = -0.416918
      pc12 = 0.111558
      pc13 = -0.071238
      pc14 = 0.00172581
      pc15 = 0.0918313
      pc16 = -0.0118147
Constrained:
   Tgbecnw = 90354.6
     Tecnw = 25607.6
       Tnw = 24791.2
       Tec = 12972.4
     twoNb = 151188
     twoNe = 7808.24
     twoNn = 166159
     twoNw = 1.92099e+06
    twoNec = 108755
    twoNnw = 2553.8
  twoNecnw = 88469.7
  twoNbecnw = 7884.11
  twoNgbecnw = 189018
         m = 0.204626
        m3 = 0.18999
        m5 = 0.130289
        Ta = 37600
        Tc = 12395.6
        Te = 6197.81
#       SitePat  BranchLen
              b 130879.3827515
              e 51015.9684839
              c 53624.2505894
              n 47325.5875733
              w 49136.4276412
            b:e 2224.2327483
            b:c 2516.2204332
            b:n 1789.6295337
            b:w 1955.3230491
            e:c 10911.0706068
            e:n 6177.2241478
            e:w 5528.9635409
            c:n 5401.0597064
            c:w 4867.3617792
            n:w 13378.6699100
          b:e:c 2289.6990304
          b:e:n 1189.3408578
          b:e:w 1195.4270066
          b:c:n 1198.7306124
          b:c:w 1205.4403871
          b:n:w 2244.6011430
          e:c:n 5019.7392145
          e:c:w 4390.8576807
          e:n:w 6912.0590249
          c:n:w 5741.5431226
        b:e:c:n 2238.4966783
        b:e:c:w 2060.0072393
        b:e:n:w 2847.7955554
        b:c:n:w 2536.4047355
        e:c:n:w 54369.8499459
