########################################
# legofit: estimate population history #
#       version 2.3.4-4-g53f8760       #
########################################

# Program was compiled: Sep 21 2021 14:36:42
# Program was run: Thu Sep 23 19:51:21 2021

# cmd: legofit -1 -d 0 -t 32 --ptsPerDim 3 --stateOut b1boot25.state --tol 3e-6 -S 5000 ace2.lgo ../../boot/boot25.opf
# Stage nOptItr nSimReps
#     0    5000        0
# algorithm          : deterministic
# ignoring probs <=  : 0
# Branch length floor: 0
# DE strategy        : 2
#    F               : 0.3
#    CR              : 0.8
#    tolerance       : 3e-06
# nthreads           : 32
# lgo input file     : ace2.lgo
# site pat input file: ../../boot/boot25.opf
# free parameters    : 16
# points in DE swarm : 48
# output state file  : b1boot25.state
# Including singleton site patterns.
# cost function      : KL
Initial parameter values
Fixed:
      zero = 0
       one = 1
    Tbecnw = 75200
Free:
       pc1 = 0
       pc2 = 0
       pc3 = 0
       pc4 = 0
       pc5 = 0
       pc6 = 0
       pc7 = 0
       pc8 = 0
       pc9 = 0
      pc10 = 0
      pc11 = 0
      pc12 = 0
      pc13 = 0
      pc14 = 0
      pc15 = 0
      pc16 = 0
Constrained:
   Tgbecnw = 121995
     Tecnw = 30084.4
       Tnw = 25628.4
       Tec = 14066.2
     twoNb = 337650
     twoNe = 17997.8
     twoNn = 293090
     twoNw = 2.84107e+06
    twoNec = 135873
    twoNnw = 13848.2
  twoNecnw = 96120.5
  twoNbecnw = 23683.6
  twoNgbecnw = 175006
         m = 0.25802
        m3 = 0.20357
        m5 = 0.130512
        Ta = 37600
        Tc = 12814.2
        Te = 6407.11
DiffEv reached_goal. cost=1.80462e-03 spread=2.51731e-06
Fitted parameter values
Free:
       pc1 = 3.63775
       pc2 = -0.922169
       pc3 = 1.89412
       pc4 = -1.96908
       pc5 = 1.31275
       pc6 = 0.800702
       pc7 = -0.501248
       pc8 = -1.43862
       pc9 = 1.65499
      pc10 = 0.204309
      pc11 = -0.121854
      pc12 = 0.0714141
      pc13 = -0.102025
      pc14 = 0.00308255
      pc15 = 0.0247482
      pc16 = 0.00794774
Constrained:
   Tgbecnw = 94510.3
     Tecnw = 26002.2
       Tnw = 24692.2
       Tec = 12729.2
     twoNb = 106280
     twoNe = 5778.63
     twoNn = 60575.6
     twoNw = 1.56825e+06
    twoNec = 114818
    twoNnw = 4040.42
  twoNecnw = 87416
  twoNbecnw = 9421.17
  twoNgbecnw = 207172
         m = 0.181578
        m3 = 0.197089
        m5 = 0.127795
        Ta = 37600
        Tc = 12346.1
        Te = 6173.04
#       SitePat  BranchLen
              b 131356.0238543
              e 51258.5204002
              c 53824.9032367
              n 47496.7797331
              w 49324.4896601
            b:e 2242.2639218
            b:c 2531.0400982
            b:n 1798.5288262
            b:w 1966.3571825
            e:c 10928.2097066
            e:n 6161.9899962
            e:w 5538.5870083
            c:n 5430.4182258
            c:w 4859.8182444
            n:w 13425.5925815
          b:e:c 2302.8634570
          b:e:n 1192.8902803
          b:e:w 1203.3622372
          b:c:n 1206.3629749
          b:c:w 1208.6615505
          b:n:w 2257.8519508
          e:c:n 5026.7115382
          e:c:w 4393.0045805
          e:n:w 6921.5734574
          c:n:w 5765.5311553
        b:e:c:n 2246.5700492
        b:e:c:w 2065.9711604
        b:e:n:w 2859.2652087
        b:c:n:w 2551.7170245
        e:c:n:w 54647.9467744
