########################################
# legofit: estimate population history #
#       version 2.3.4-4-g53f8760       #
########################################

# Program was compiled: Sep 21 2021 14:36:42
# Program was run: Thu Sep 23 19:51:49 2021

# cmd: legofit -1 -d 0 -t 32 --ptsPerDim 3 --stateOut b1boot38.state --tol 3e-6 -S 5000 ace2.lgo ../../boot/boot38.opf
# Stage nOptItr nSimReps
#     0    5000        0
# algorithm          : deterministic
# ignoring probs <=  : 0
# Branch length floor: 0
# DE strategy        : 2
#    F               : 0.3
#    CR              : 0.8
#    tolerance       : 3e-06
# nthreads           : 32
# lgo input file     : ace2.lgo
# site pat input file: ../../boot/boot38.opf
# free parameters    : 16
# points in DE swarm : 48
# output state file  : b1boot38.state
# Including singleton site patterns.
# cost function      : KL
Initial parameter values
Fixed:
      zero = 0
       one = 1
    Tbecnw = 75200
Free:
       pc1 = 0
       pc2 = 0
       pc3 = 0
       pc4 = 0
       pc5 = 0
       pc6 = 0
       pc7 = 0
       pc8 = 0
       pc9 = 0
      pc10 = 0
      pc11 = 0
      pc12 = 0
      pc13 = 0
      pc14 = 0
      pc15 = 0
      pc16 = 0
Constrained:
   Tgbecnw = 121995
     Tecnw = 30084.4
       Tnw = 25628.4
       Tec = 14066.2
     twoNb = 337650
     twoNe = 17997.8
     twoNn = 293090
     twoNw = 2.84107e+06
    twoNec = 135873
    twoNnw = 13848.2
  twoNecnw = 96120.5
  twoNbecnw = 23683.6
  twoNgbecnw = 175006
         m = 0.25802
        m3 = 0.20357
        m5 = 0.130512
        Ta = 37600
        Tc = 12814.2
        Te = 6407.11
DiffEv reached_goal. cost=1.77951e-03 spread=2.25733e-06
Fitted parameter values
Free:
       pc1 = 3.99966
       pc2 = -1.19959
       pc3 = 1.12058
       pc4 = -1.65381
       pc5 = 1.49317
       pc6 = 1.46344
       pc7 = -0.239673
       pc8 = -1.47522
       pc9 = 1.41829
      pc10 = -0.170759
      pc11 = -0.0456812
      pc12 = 0.110123
      pc13 = -0.147891
      pc14 = 0.00972065
      pc15 = 0.0563052
      pc16 = 0.00429563
Constrained:
   Tgbecnw = 92960.8
     Tecnw = 26272.6
       Tnw = 24359.9
       Tec = 12473.4
     twoNb = 48828.1
     twoNe = 4096.99
     twoNn = 169108
     twoNw = 2.14253e+06
    twoNec = 119768
    twoNnw = 6006.53
  twoNecnw = 84777.3
  twoNbecnw = 8764.18
  twoNgbecnw = 207714
         m = 0.179643
        m3 = 0.189063
        m5 = 0.130897
        Ta = 37600
        Tc = 12179.9
        Te = 6089.97
#       SitePat  BranchLen
              b 130901.3381092
              e 51016.0417484
              c 53602.2006087
              n 47338.7600694
              w 49117.2754772
            b:e 2237.8152486
            b:c 2529.7625231
            b:n 1800.7448905
            b:w 1964.2154007
            e:c 10832.3335741
            e:n 6136.3202950
            e:w 5501.3704387
            c:n 5370.4093140
            c:w 4841.2291251
            n:w 13291.9316363
          b:e:c 2294.5898057
          b:e:n 1194.5831202
          b:e:w 1201.2737677
          b:c:n 1204.5523488
          b:c:w 1210.1804876
          b:n:w 2250.3950954
          e:c:n 5015.6804567
          e:c:w 4401.2950939
          e:n:w 6910.0464012
          c:n:w 5749.9398354
        b:e:c:n 2241.3429955
        b:e:c:w 2065.5536990
        b:e:n:w 2854.3634094
        b:c:n:w 2543.5401863
        e:c:n:w 54591.6410337
