########################################
# legofit: estimate population history #
#       version 2.3.4-4-g53f8760       #
########################################

# Program was compiled: Sep 21 2021 14:36:42
# Program was run: Thu Sep 23 19:51:36 2021

# cmd: legofit -1 -d 0 -t 32 --ptsPerDim 3 --stateOut b1boot33.state --tol 3e-6 -S 5000 ace2.lgo ../../boot/boot33.opf
# Stage nOptItr nSimReps
#     0    5000        0
# algorithm          : deterministic
# ignoring probs <=  : 0
# Branch length floor: 0
# DE strategy        : 2
#    F               : 0.3
#    CR              : 0.8
#    tolerance       : 3e-06
# nthreads           : 32
# lgo input file     : ace2.lgo
# site pat input file: ../../boot/boot33.opf
# free parameters    : 16
# points in DE swarm : 48
# output state file  : b1boot33.state
# Including singleton site patterns.
# cost function      : KL
Initial parameter values
Fixed:
      zero = 0
       one = 1
    Tbecnw = 75200
Free:
       pc1 = 0
       pc2 = 0
       pc3 = 0
       pc4 = 0
       pc5 = 0
       pc6 = 0
       pc7 = 0
       pc8 = 0
       pc9 = 0
      pc10 = 0
      pc11 = 0
      pc12 = 0
      pc13 = 0
      pc14 = 0
      pc15 = 0
      pc16 = 0
Constrained:
   Tgbecnw = 121995
     Tecnw = 30084.4
       Tnw = 25628.4
       Tec = 14066.2
     twoNb = 337650
     twoNe = 17997.8
     twoNn = 293090
     twoNw = 2.84107e+06
    twoNec = 135873
    twoNnw = 13848.2
  twoNecnw = 96120.5
  twoNbecnw = 23683.6
  twoNgbecnw = 175006
         m = 0.25802
        m3 = 0.20357
        m5 = 0.130512
        Ta = 37600
        Tc = 12814.2
        Te = 6407.11
DiffEv reached_goal. cost=1.78037e-03 spread=2.81176e-06
Fitted parameter values
Free:
       pc1 = 3.95622
       pc2 = 0.108728
       pc3 = 0.80571
       pc4 = -1.66
       pc5 = 1.75512
       pc6 = -0.182592
       pc7 = 0.511935
       pc8 = -1.58024
       pc9 = 1.44043
      pc10 = -0.148304
      pc11 = -0.404633
      pc12 = 0.0673076
      pc13 = -0.0593868
      pc14 = -0.0398294
      pc15 = 0.105879
      pc16 = -0.0302161
Constrained:
   Tgbecnw = 92515.7
     Tecnw = 26148.4
       Tnw = 24468.1
       Tec = 13826.1
     twoNb = 332124
     twoNe = 21480.4
     twoNn = 341834
     twoNw = 2.25651e+06
    twoNec = 104692
    twoNnw = 5257.54
  twoNecnw = 87845.3
  twoNbecnw = 8914.85
  twoNgbecnw = 191039
         m = 0.206192
        m3 = 0.190916
        m5 = 0.128091
        Ta = 37600
        Tc = 12234
        Te = 6117.02
#       SitePat  BranchLen
              b 132397.4460576
              e 51432.1173041
              c 54024.5474348
              n 47682.2072727
              w 49526.9830745
            b:e 2244.6263217
            b:c 2534.4966982
            b:n 1808.2177911
            b:w 1979.7077057
            e:c 10958.6253038
            e:n 6191.2589041
            e:w 5524.9645847
            c:n 5405.8549809
            c:w 4873.7191268
            n:w 13478.5004939
          b:e:c 2313.2204040
          b:e:n 1199.0788965
          b:e:w 1203.8613967
          b:c:n 1206.8424560
          b:c:w 1215.0549084
          b:n:w 2269.0310028
          e:c:n 5069.5978861
          e:c:w 4423.2522578
          e:n:w 6928.1774526
          c:n:w 5772.3967029
        b:e:c:n 2260.6938500
        b:e:c:w 2076.2089828
        b:e:n:w 2862.6533030
        b:c:n:w 2553.8258553
        e:c:n:w 55436.6287820
