########################################
# legofit: estimate population history #
#       version 2.3.4-4-g53f8760       #
########################################

# Program was compiled: Sep 21 2021 14:36:42
# Program was run: Sat Sep 25 21:47:20 2021

# cmd: legofit -1 -d 0 -t 32 --ptsPerDim 3 --stateOut b1.state --tol 3e-6 -S 5000 abe2.lgo ../../chrX/pan_chrX.opf
# Stage nOptItr nSimReps
#     0    5000        0
# algorithm          : deterministic
# ignoring probs <=  : 0
# Branch length floor: 0
# DE strategy        : 2
#    F               : 0.3
#    CR              : 0.8
#    tolerance       : 3e-06
# nthreads           : 32
# lgo input file     : abe2.lgo
# site pat input file: ../../chrX/pan_chrX.opf
# free parameters    : 15
# points in DE swarm : 45
# output state file  : b1.state
# Including singleton site patterns.
# cost function      : KL
Initial parameter values
Fixed:
      zero = 0
       one = 1
    Tbecnw = 75200
Free:
       pc1 = 0
       pc2 = 0
       pc3 = 0
       pc4 = 0
       pc5 = 0
       pc6 = 0
       pc7 = 0
       pc8 = 0
       pc9 = 0
      pc10 = 0
      pc11 = 0
      pc12 = 0
      pc13 = 0
      pc14 = 0
      pc15 = 0
Constrained:
   Tgbecnw = 234798
     Tecnw = 26559.5
       Tnw = 17239
       Tec = 8770.82
     twoNb = 712008
     twoNe = 204240
     twoNw = 758514
    twoNec = 89922.5
    twoNnw = 43047.9
  twoNecnw = 65974.9
  twoNbecnw = 23618.1
  twoNgbecnw = 300687
         m = 0.0882872
        m2 = 0.0222479
        m5 = 0.138665
        Tb = 17665.1
        Ta = 46432.6
        Te = 8619.48
DiffEv reached_goal. cost=2.28602e-03 spread=2.96603e-06
Fitted parameter values
Free:
       pc1 = -1.97636
       pc2 = 1.40663
       pc3 = 1.88203
       pc4 = 0.24924
       pc5 = -1.26464
       pc6 = 0.664909
       pc7 = 0.0107236
       pc8 = 0.682946
       pc9 = 0.476845
      pc10 = 0.108646
      pc11 = 0.500903
      pc12 = -0.366525
      pc13 = -0.209305
      pc14 = 0.179719
      pc15 = -0.0740217
Constrained:
   Tgbecnw = 138492
     Tecnw = 26044.4
       Tnw = 17909.9
       Tec = 10186.6
     twoNb = 929787
     twoNe = 469796
     twoNw = 1.13644e+06
    twoNec = 78792.9
    twoNnw = 36960.5
  twoNecnw = 69131.9
  twoNbecnw = 19645.9
  twoNgbecnw = 194787
         m = 0.14418
        m2 = 0.0226541
        m5 = 0.144922
        Tb = 18115.5
        Ta = 46657.7
        Te = 8954.95
#       SitePat  BranchLen
              b 127383.1459842
              e 47520.8465849
              c 49653.5119384
              n 46571.8403237
              w 46528.5732823
            b:e 1384.9106827
            b:c 1553.8677334
            b:n 1126.9069223
            b:w 1124.9294536
            e:c 12394.9359518
            e:n 4892.6339978
            e:w 4935.9010393
            c:n 4347.2572683
            c:w 4337.0896277
            n:w 13067.4867241
          b:e:c 1346.7516281
          b:e:n 611.5717049
          b:e:w 613.5491736
          b:c:n 615.0540287
          b:c:w 613.0122474
          b:n:w 1378.8451768
          e:c:n 4591.5571803
          e:c:w 4601.7248209
          e:n:w 6049.1840097
          c:n:w 5119.5622546
        b:e:c:n 1179.9645690
        b:e:c:w 1182.0063503
        b:e:n:w 1984.4319023
        b:c:n:w 1753.6739304
        e:c:n:w 50562.6523034
