########################################
# legofit: estimate population history #
#       version 2.3.4-4-g53f8760       #
########################################

# Program was compiled: Sep 21 2021 14:36:42
# Program was run: Sat Sep 25 21:55:21 2021

# cmd: legofit -1 -d 0 -t 32 --ptsPerDim 3 --stateOut b1boot13.state --tol 3e-6 -S 5000 abe2.lgo ../../chrX/boot_chrX/boot13.opf
# Stage nOptItr nSimReps
#     0    5000        0
# algorithm          : deterministic
# ignoring probs <=  : 0
# Branch length floor: 0
# DE strategy        : 2
#    F               : 0.3
#    CR              : 0.8
#    tolerance       : 3e-06
# nthreads           : 32
# lgo input file     : abe2.lgo
# site pat input file: ../../chrX/boot_chrX/boot13.opf
# free parameters    : 15
# points in DE swarm : 45
# output state file  : b1boot13.state
# Including singleton site patterns.
# cost function      : KL
Initial parameter values
Fixed:
      zero = 0
       one = 1
    Tbecnw = 75200
Free:
       pc1 = 0
       pc2 = 0
       pc3 = 0
       pc4 = 0
       pc5 = 0
       pc6 = 0
       pc7 = 0
       pc8 = 0
       pc9 = 0
      pc10 = 0
      pc11 = 0
      pc12 = 0
      pc13 = 0
      pc14 = 0
      pc15 = 0
Constrained:
   Tgbecnw = 234798
     Tecnw = 26559.5
       Tnw = 17239
       Tec = 8770.82
     twoNb = 712008
     twoNe = 204240
     twoNw = 758514
    twoNec = 89922.5
    twoNnw = 43047.9
  twoNecnw = 65974.9
  twoNbecnw = 23618.1
  twoNgbecnw = 300687
         m = 0.0882872
        m2 = 0.0222479
        m5 = 0.138665
        Tb = 17665.1
        Ta = 46432.6
        Te = 8619.48
DiffEv reached_goal. cost=2.36441e-03 spread=2.03016e-06
Fitted parameter values
Free:
       pc1 = -1.91666
       pc2 = 0.455846
       pc3 = 1.99853
       pc4 = -0.78813
       pc5 = -1.36293
       pc6 = -0.040167
       pc7 = -0.0527622
       pc8 = 0.782106
       pc9 = 0.588426
      pc10 = 0.324743
      pc11 = 0.62306
      pc12 = -0.517156
      pc13 = -0.167886
      pc14 = 0.12055
      pc15 = -0.0771967
Constrained:
   Tgbecnw = 142771
     Tecnw = 25868.2
       Tnw = 18283
       Tec = 10330.7
     twoNb = 929849
     twoNe = 542088
     twoNw = 1.0212e+06
    twoNec = 75010.8
    twoNnw = 33535.2
  twoNecnw = 65830.1
  twoNbecnw = 19027.9
  twoNgbecnw = 273608
         m = 0.098958
        m2 = 0.0225266
        m5 = 0.147875
        Tb = 18099.4
        Ta = 46649.7
        Te = 9141.48
#       SitePat  BranchLen
              b 125000.7403398
              e 46537.2254443
              c 48696.4907316
              n 45647.6827326
              w 45599.3022432
            b:e 1339.5813513
            b:c 1508.6163148
            b:n 1115.0288703
            b:w 1112.7660351
            e:c 12269.8362619
            e:n 4770.3188767
            e:w 4818.6993661
            c:n 4230.8272522
            c:w 4219.2627593
            n:w 12880.5642234
          b:e:c 1347.5943250
          b:e:n 602.0796271
          b:e:w 604.3424623
          b:c:n 606.0910021
          b:c:w 603.7516950
          b:n:w 1380.1057802
          e:c:n 4544.6634126
          e:c:w 4556.2279055
          e:n:w 5999.2664616
          c:n:w 5044.5835341
        b:e:c:n 1169.0467191
        b:e:c:w 1171.3860262
        b:e:n:w 1978.1196645
        b:c:n:w 1740.0099332
        e:c:n:w 49570.8724341
