########################################
# legofit: estimate population history #
#       version 2.3.4-4-g53f8760       #
########################################

# Program was compiled: Sep 21 2021 14:36:42
# Program was run: Sat Sep 25 21:58:07 2021

# cmd: legofit -1 -d 0 -t 32 --ptsPerDim 3 --stateOut b1boot23.state --tol 3e-6 -S 5000 abe2.lgo ../../chrX/boot_chrX/boot23.opf
# Stage nOptItr nSimReps
#     0    5000        0
# algorithm          : deterministic
# ignoring probs <=  : 0
# Branch length floor: 0
# DE strategy        : 2
#    F               : 0.3
#    CR              : 0.8
#    tolerance       : 3e-06
# nthreads           : 32
# lgo input file     : abe2.lgo
# site pat input file: ../../chrX/boot_chrX/boot23.opf
# free parameters    : 15
# points in DE swarm : 45
# output state file  : b1boot23.state
# Including singleton site patterns.
# cost function      : KL
Initial parameter values
Fixed:
      zero = 0
       one = 1
    Tbecnw = 75200
Free:
       pc1 = 0
       pc2 = 0
       pc3 = 0
       pc4 = 0
       pc5 = 0
       pc6 = 0
       pc7 = 0
       pc8 = 0
       pc9 = 0
      pc10 = 0
      pc11 = 0
      pc12 = 0
      pc13 = 0
      pc14 = 0
      pc15 = 0
Constrained:
   Tgbecnw = 234798
     Tecnw = 26559.5
       Tnw = 17239
       Tec = 8770.82
     twoNb = 712008
     twoNe = 204240
     twoNw = 758514
    twoNec = 89922.5
    twoNnw = 43047.9
  twoNecnw = 65974.9
  twoNbecnw = 23618.1
  twoNgbecnw = 300687
         m = 0.0882872
        m2 = 0.0222479
        m5 = 0.138665
        Tb = 17665.1
        Ta = 46432.6
        Te = 8619.48
DiffEv reached_goal. cost=2.29225e-03 spread=2.27640e-06
Fitted parameter values
Free:
       pc1 = -1.00804
       pc2 = 0.0275863
       pc3 = 1.20913
       pc4 = -1.14879
       pc5 = -1.27981
       pc6 = 1.13342
       pc7 = -0.490843
       pc8 = -1.91342
       pc9 = 1.55775
      pc10 = 0.191274
      pc11 = 0.6041
      pc12 = -0.264351
      pc13 = -0.31692
      pc14 = -0.0164038
      pc15 = -0.0938228
Constrained:
   Tgbecnw = 140103
     Tecnw = 25997.7
       Tnw = 16109.5
       Tec = 8954.33
     twoNb = 559442
     twoNe = 949051
     twoNw = 916148
    twoNec = 84122.6
    twoNnw = 45862.9
  twoNecnw = 64932
  twoNbecnw = 19001.6
  twoNgbecnw = 250525
         m = 0.103944
        m2 = 0.0221451
        m5 = 0.141389
        Tb = 17476
        Ta = 46338
        Te = 8054.73
#       SitePat  BranchLen
              b 124018.0181234
              e 46405.3899381
              c 48437.2276524
              n 45639.8380453
              w 45592.3513972
            b:e 1381.2340985
            b:c 1544.5389447
            b:n 1127.9225871
            b:w 1125.7707183
            e:c 12261.7916234
            e:n 4805.1526456
            e:w 4852.6392937
            c:n 4281.5997600
            c:w 4270.6098430
            n:w 12845.5336542
          b:e:c 1346.3704481
          b:e:n 610.7688262
          b:e:w 612.9206950
          b:c:n 614.7552882
          b:c:w 612.5269558
          b:n:w 1367.0617702
          e:c:n 4598.1582961
          e:c:w 4609.1482131
          e:n:w 5947.0819330
          c:n:w 5069.0644366
        b:e:c:n 1185.7180378
        b:e:c:w 1187.9463701
        b:e:n:w 1926.8008197
        b:c:n:w 1711.6653369
        e:c:n:w 48642.8979861
