########################################
# legofit: estimate population history #
#       version 2.3.4-4-g53f8760       #
########################################

# Program was compiled: Sep 21 2021 14:36:42
# Program was run: Sat Sep 25 21:49:41 2021

# cmd: legofit -1 -d 0 -t 32 --ptsPerDim 3 --stateOut b1boot2.state --tol 3e-6 -S 5000 abe2.lgo ../../chrX/boot_chrX/boot2.opf
# Stage nOptItr nSimReps
#     0    5000        0
# algorithm          : deterministic
# ignoring probs <=  : 0
# Branch length floor: 0
# DE strategy        : 2
#    F               : 0.3
#    CR              : 0.8
#    tolerance       : 3e-06
# nthreads           : 32
# lgo input file     : abe2.lgo
# site pat input file: ../../chrX/boot_chrX/boot2.opf
# free parameters    : 15
# points in DE swarm : 45
# output state file  : b1boot2.state
# Including singleton site patterns.
# cost function      : KL
Initial parameter values
Fixed:
      zero = 0
       one = 1
    Tbecnw = 75200
Free:
       pc1 = 0
       pc2 = 0
       pc3 = 0
       pc4 = 0
       pc5 = 0
       pc6 = 0
       pc7 = 0
       pc8 = 0
       pc9 = 0
      pc10 = 0
      pc11 = 0
      pc12 = 0
      pc13 = 0
      pc14 = 0
      pc15 = 0
Constrained:
   Tgbecnw = 234798
     Tecnw = 26559.5
       Tnw = 17239
       Tec = 8770.82
     twoNb = 712008
     twoNe = 204240
     twoNw = 758514
    twoNec = 89922.5
    twoNnw = 43047.9
  twoNecnw = 65974.9
  twoNbecnw = 23618.1
  twoNgbecnw = 300687
         m = 0.0882872
        m2 = 0.0222479
        m5 = 0.138665
        Tb = 17665.1
        Ta = 46432.6
        Te = 8619.48
DiffEv reached_goal. cost=2.31355e-03 spread=2.89225e-06
Fitted parameter values
Free:
       pc1 = 0.965607
       pc2 = 0.0971285
       pc3 = 1.32195
       pc4 = 0.508945
       pc5 = -0.639613
       pc6 = 0.566419
       pc7 = -0.795632
       pc8 = -0.903725
       pc9 = 1.66881
      pc10 = 0.334667
      pc11 = 0.214106
      pc12 = 0.000308611
      pc13 = 0.0378867
      pc14 = 0.0494479
      pc15 = -0.201836
Constrained:
   Tgbecnw = 140778
     Tecnw = 26815.9
       Tnw = 14449.6
       Tec = 7511.46
     twoNb = 648259
     twoNe = 438200
     twoNw = 966114
    twoNec = 96068.7
    twoNnw = 54746.2
  twoNecnw = 62633.6
  twoNbecnw = 19394.4
  twoNgbecnw = 234725
         m = 0.108397
        m2 = 0.0229819
        m5 = 0.145074
        Tb = 17163.7
        Ta = 46181.8
        Te = 7224.81
#       SitePat  BranchLen
              b 123919.6248794
              e 46515.1937130
              c 48704.5738381
              n 45368.4603758
              w 45325.9918352
            b:e 1363.0279175
            b:c 1532.7717829
            b:n 1094.0374377
            b:w 1092.2122910
            e:c 12207.4717198
            e:n 4756.0184475
            e:w 4798.4869880
            c:n 4183.5059571
            c:w 4174.1059203
            n:w 13094.7123368
          b:e:c 1324.5588368
          b:e:n 594.5827305
          b:e:w 596.4078772
          b:c:n 598.0987711
          b:c:w 596.2139020
          b:n:w 1347.8468163
          e:c:n 4513.3794367
          e:c:w 4522.7794735
          e:n:w 6025.9285581
          c:n:w 5086.2216639
        b:e:c:n 1145.7762971
        b:e:c:w 1147.6611661
        b:e:n:w 1928.5501992
        b:c:n:w 1702.7045582
        e:c:n:w 48544.2523344
