########################################
# legofit: estimate population history #
#       version 2.3.4-4-g53f8760       #
########################################

# Program was compiled: Sep 21 2021 14:36:42
# Program was run: Sat Sep 25 22:02:47 2021

# cmd: legofit -1 -d 0 -t 32 --ptsPerDim 3 --stateOut b1boot34.state --tol 3e-6 -S 5000 abe2.lgo ../../chrX/boot_chrX/boot34.opf
# Stage nOptItr nSimReps
#     0    5000        0
# algorithm          : deterministic
# ignoring probs <=  : 0
# Branch length floor: 0
# DE strategy        : 2
#    F               : 0.3
#    CR              : 0.8
#    tolerance       : 3e-06
# nthreads           : 32
# lgo input file     : abe2.lgo
# site pat input file: ../../chrX/boot_chrX/boot34.opf
# free parameters    : 15
# points in DE swarm : 45
# output state file  : b1boot34.state
# Including singleton site patterns.
# cost function      : KL
Initial parameter values
Fixed:
      zero = 0
       one = 1
    Tbecnw = 75200
Free:
       pc1 = 0
       pc2 = 0
       pc3 = 0
       pc4 = 0
       pc5 = 0
       pc6 = 0
       pc7 = 0
       pc8 = 0
       pc9 = 0
      pc10 = 0
      pc11 = 0
      pc12 = 0
      pc13 = 0
      pc14 = 0
      pc15 = 0
Constrained:
   Tgbecnw = 234798
     Tecnw = 26559.5
       Tnw = 17239
       Tec = 8770.82
     twoNb = 712008
     twoNe = 204240
     twoNw = 758514
    twoNec = 89922.5
    twoNnw = 43047.9
  twoNecnw = 65974.9
  twoNbecnw = 23618.1
  twoNgbecnw = 300687
         m = 0.0882872
        m2 = 0.0222479
        m5 = 0.138665
        Tb = 17665.1
        Ta = 46432.6
        Te = 8619.48
DiffEv reached_goal. cost=2.13227e-03 spread=2.14834e-06
Fitted parameter values
Free:
       pc1 = 3.82247
       pc2 = 1.36019
       pc3 = 1.88387
       pc4 = -0.920746
       pc5 = -1.5514
       pc6 = -0.640533
       pc7 = 0.707103
       pc8 = 0.6407
       pc9 = -0.680168
      pc10 = -0.3055
      pc11 = 0.389782
      pc12 = 0.0676728
      pc13 = 0.00476057
      pc14 = -0.0846747
      pc15 = -0.00617125
Constrained:
   Tgbecnw = 482620
     Tecnw = 27785.9
       Tnw = 14164.2
       Tec = 7254.08
     twoNb = 1.01649e+06
     twoNe = 430045
     twoNw = 1.21748e+06
    twoNec = 97878.6
    twoNnw = 64234.8
  twoNecnw = 61731.3
  twoNbecnw = 28553.3
  twoNgbecnw = 335250
         m = 0.0449174
        m2 = 0.0234506
        m5 = 0.158479
        Tb = 17520
        Ta = 46360
        Te = 7082.12
#       SitePat  BranchLen
              b 128393.9799258
              e 47294.3645872
              c 49644.7601417
              n 46613.4637713
              w 46575.8619335
            b:e 1291.2444744
            b:c 1455.6639525
            b:n 1115.4883947
            b:w 1113.9209524
            e:c 12503.0878734
            e:n 4913.1702030
            e:w 4950.7720407
            c:n 4291.8779563
            c:w 4283.6182795
            n:w 13004.7484608
          b:e:c 1277.5515808
          b:e:n 589.7256243
          b:e:w 591.2930666
          b:c:n 591.3586739
          b:c:w 589.7904741
          b:n:w 1325.0239665
          e:c:n 4693.7905174
          e:c:w 4702.0501942
          e:n:w 6032.5229891
          c:n:w 5060.8449640
        b:e:c:n 1114.6795039
        b:e:c:w 1116.2477037
        b:e:n:w 1978.6268370
        b:c:n:w 1723.8053732
        e:c:n:w 51219.2733493
