########################################
# legofit: estimate population history #
#       version 2.3.4-4-g53f8760       #
########################################

# Program was compiled: Sep 21 2021 14:36:42
# Program was run: Sat Sep 25 21:51:23 2021

# cmd: legofit -1 -d 0 -t 32 --ptsPerDim 3 --stateOut b1boot5.state --tol 3e-6 -S 5000 abe2.lgo ../../chrX/boot_chrX/boot5.opf
# Stage nOptItr nSimReps
#     0    5000        0
# algorithm          : deterministic
# ignoring probs <=  : 0
# Branch length floor: 0
# DE strategy        : 2
#    F               : 0.3
#    CR              : 0.8
#    tolerance       : 3e-06
# nthreads           : 32
# lgo input file     : abe2.lgo
# site pat input file: ../../chrX/boot_chrX/boot5.opf
# free parameters    : 15
# points in DE swarm : 45
# output state file  : b1boot5.state
# Including singleton site patterns.
# cost function      : KL
Initial parameter values
Fixed:
      zero = 0
       one = 1
    Tbecnw = 75200
Free:
       pc1 = 0
       pc2 = 0
       pc3 = 0
       pc4 = 0
       pc5 = 0
       pc6 = 0
       pc7 = 0
       pc8 = 0
       pc9 = 0
      pc10 = 0
      pc11 = 0
      pc12 = 0
      pc13 = 0
      pc14 = 0
      pc15 = 0
Constrained:
   Tgbecnw = 234798
     Tecnw = 26559.5
       Tnw = 17239
       Tec = 8770.82
     twoNb = 712008
     twoNe = 204240
     twoNw = 758514
    twoNec = 89922.5
    twoNnw = 43047.9
  twoNecnw = 65974.9
  twoNbecnw = 23618.1
  twoNgbecnw = 300687
         m = 0.0882872
        m2 = 0.0222479
        m5 = 0.138665
        Tb = 17665.1
        Ta = 46432.6
        Te = 8619.48
DiffEv reached_goal. cost=2.35131e-03 spread=2.32400e-06
Fitted parameter values
Free:
       pc1 = -0.303563
       pc2 = -0.298404
       pc3 = 1.24079
       pc4 = 0.616839
       pc5 = -0.815761
       pc6 = 0.198311
       pc7 = -0.53003
       pc8 = -0.741656
       pc9 = 1.79933
      pc10 = -0.945459
      pc11 = 0.13046
      pc12 = -0.0215658
      pc13 = 0.0374492
      pc14 = 0.107228
      pc15 = -0.0190334
Constrained:
   Tgbecnw = 138378
     Tecnw = 25740.3
       Tnw = 15088.6
       Tec = 7573
     twoNb = 639235
     twoNe = 360215
     twoNw = 980393
    twoNec = 90776.5
    twoNnw = 49654.8
  twoNecnw = 67151.3
  twoNbecnw = 17939.8
  twoNgbecnw = 269732
         m = 0.0968576
        m2 = 0.0221606
        m5 = 0.146436
        Tb = 16656.7
        Ta = 45928.3
        Te = 7544.31
#       SitePat  BranchLen
              b 122723.6490077
              e 46394.5321574
              c 48523.6566587
              n 45611.7433613
              w 45567.8030978
            b:e 1341.1656121
            b:c 1503.6108618
            b:n 1106.4049081
            b:w 1104.4858192
            e:c 12265.2190382
            e:n 4843.7639388
            e:w 4887.7042023
            c:n 4281.6237946
            c:w 4271.7619746
            n:w 12894.5907969
          b:e:c 1314.9466928
          b:e:n 603.2020996
          b:e:w 605.1211884
          b:c:n 607.0581023
          b:c:w 605.0667725
          b:n:w 1337.5738111
          e:c:n 4503.7100217
          e:c:w 4513.5718417
          e:n:w 5855.9601807
          c:n:w 4958.8288292
        b:e:c:n 1166.9041271
        b:e:c:w 1168.8954568
        b:e:n:w 1913.4904022
        b:c:n:w 1693.3327589
        e:c:n:w 47416.7208397
