########################################
# legofit: estimate population history #
#       version 2.3.4-4-g53f8760       #
########################################

# Program was compiled: Sep 21 2021 14:36:42
# Program was run: Sat Sep 25 21:56:16 2021

# cmd: legofit -1 -d 0 -t 32 --ptsPerDim 3 --stateOut b1boot18.state --tol 3e-6 -S 5000 abe2.lgo ../../chrX/boot_chrX/boot18.opf
# Stage nOptItr nSimReps
#     0    5000        0
# algorithm          : deterministic
# ignoring probs <=  : 0
# Branch length floor: 0
# DE strategy        : 2
#    F               : 0.3
#    CR              : 0.8
#    tolerance       : 3e-06
# nthreads           : 32
# lgo input file     : abe2.lgo
# site pat input file: ../../chrX/boot_chrX/boot18.opf
# free parameters    : 15
# points in DE swarm : 45
# output state file  : b1boot18.state
# Including singleton site patterns.
# cost function      : KL
Initial parameter values
Fixed:
      zero = 0
       one = 1
    Tbecnw = 75200
Free:
       pc1 = 0
       pc2 = 0
       pc3 = 0
       pc4 = 0
       pc5 = 0
       pc6 = 0
       pc7 = 0
       pc8 = 0
       pc9 = 0
      pc10 = 0
      pc11 = 0
      pc12 = 0
      pc13 = 0
      pc14 = 0
      pc15 = 0
Constrained:
   Tgbecnw = 234798
     Tecnw = 26559.5
       Tnw = 17239
       Tec = 8770.82
     twoNb = 712008
     twoNe = 204240
     twoNw = 758514
    twoNec = 89922.5
    twoNnw = 43047.9
  twoNecnw = 65974.9
  twoNbecnw = 23618.1
  twoNgbecnw = 300687
         m = 0.0882872
        m2 = 0.0222479
        m5 = 0.138665
        Tb = 17665.1
        Ta = 46432.6
        Te = 8619.48
DiffEv reached_goal. cost=2.41834e-03 spread=2.61601e-06
Fitted parameter values
Free:
       pc1 = -0.855782
       pc2 = 1.11778
       pc3 = 1.22378
       pc4 = -1.44621
       pc5 = -1.65706
       pc6 = 0.542117
       pc7 = -1.08979
       pc8 = 0.632074
       pc9 = 0.040755
      pc10 = 0.523577
      pc11 = -0.187285
      pc12 = 0.00431494
      pc13 = -0.402377
      pc14 = -0.0167148
      pc15 = -0.00160006
Constrained:
   Tgbecnw = 166704
     Tecnw = 26206.6
       Tnw = 19398.1
       Tec = 9985.19
     twoNb = 822868
     twoNe = 664254
     twoNw = 1.02979e+06
    twoNec = 84865.5
    twoNnw = 31970.7
  twoNecnw = 65361.9
  twoNbecnw = 23192.2
  twoNgbecnw = 265590
         m = 0.0974837
        m2 = 0.0246301
        m5 = 0.147959
        Tb = 18095.9
        Ta = 46647.9
        Te = 9699.07
#       SitePat  BranchLen
              b 127367.8314706
              e 47516.1157099
              c 49601.9875061
              n 46490.4115037
              w 46439.2521005
            b:e 1391.0687041
            b:c 1559.4888352
            b:n 1131.4296817
            b:w 1129.0031642
            e:c 12020.9293817
            e:n 4935.2156874
            e:w 4986.3750905
            c:n 4421.8765799
            c:w 4409.2851103
            n:w 12631.5355410
          b:e:c 1318.7653398
          b:e:n 618.0279139
          b:e:w 620.4544313
          b:c:n 621.5285651
          b:c:w 619.0500273
          b:n:w 1354.4404904
          e:c:n 4656.2541552
          e:c:w 4668.8456248
          e:n:w 6156.3369871
          c:n:w 5233.0314286
        b:e:c:n 1165.4344227
        b:e:c:w 1167.9129605
        b:e:n:w 2048.8672105
        b:c:n:w 1806.2136487
        e:c:n:w 50648.9134509
