########################################
# legofit: estimate population history #
#       version 2.3.4-4-g53f8760       #
########################################

# Program was compiled: Sep 21 2021 14:36:42
# Program was run: Sat Sep 25 21:55:46 2021

# cmd: legofit -1 -d 0 -t 32 --ptsPerDim 3 --stateOut b1boot16.state --tol 3e-6 -S 5000 abe2.lgo ../../chrX/boot_chrX/boot16.opf
# Stage nOptItr nSimReps
#     0    5000        0
# algorithm          : deterministic
# ignoring probs <=  : 0
# Branch length floor: 0
# DE strategy        : 2
#    F               : 0.3
#    CR              : 0.8
#    tolerance       : 3e-06
# nthreads           : 32
# lgo input file     : abe2.lgo
# site pat input file: ../../chrX/boot_chrX/boot16.opf
# free parameters    : 15
# points in DE swarm : 45
# output state file  : b1boot16.state
# Including singleton site patterns.
# cost function      : KL
Initial parameter values
Fixed:
      zero = 0
       one = 1
    Tbecnw = 75200
Free:
       pc1 = 0
       pc2 = 0
       pc3 = 0
       pc4 = 0
       pc5 = 0
       pc6 = 0
       pc7 = 0
       pc8 = 0
       pc9 = 0
      pc10 = 0
      pc11 = 0
      pc12 = 0
      pc13 = 0
      pc14 = 0
      pc15 = 0
Constrained:
   Tgbecnw = 234798
     Tecnw = 26559.5
       Tnw = 17239
       Tec = 8770.82
     twoNb = 712008
     twoNe = 204240
     twoNw = 758514
    twoNec = 89922.5
    twoNnw = 43047.9
  twoNecnw = 65974.9
  twoNbecnw = 23618.1
  twoNgbecnw = 300687
         m = 0.0882872
        m2 = 0.0222479
        m5 = 0.138665
        Tb = 17665.1
        Ta = 46432.6
        Te = 8619.48
DiffEv reached_goal. cost=2.35592e-03 spread=2.69522e-06
Fitted parameter values
Free:
       pc1 = -3.71121
       pc2 = 1.16307
       pc3 = 1.80301
       pc4 = -1.82463
       pc5 = -0.958605
       pc6 = 0.682581
       pc7 = 0.476273
       pc8 = -0.212716
       pc9 = -0.0395748
      pc10 = 0.508701
      pc11 = 0.450024
      pc12 = -0.462191
      pc13 = -0.237066
      pc14 = 0.30933
      pc15 = -0.079437
Constrained:
   Tgbecnw = 142294
     Tecnw = 25775.1
       Tnw = 20444.6
       Tec = 11617
     twoNb = 908041
     twoNe = 924546
     twoNw = 812159
    twoNec = 70734
    twoNnw = 22588.8
  twoNecnw = 70205.6
  twoNbecnw = 19813.1
  twoNgbecnw = 224941
         m = 0.12246
        m2 = 0.0214943
        m5 = 0.141822
        Tb = 18696.1
        Ta = 46948
        Te = 10222.3
#       SitePat  BranchLen
              b 126501.4671569
              e 47635.7312903
              c 49778.5520998
              n 46446.3022466
              w 46382.5432125
            b:e 1396.9237200
            b:c 1569.9421370
            b:n 1139.5556066
            b:w 1136.4377637
            e:c 12389.3378931
            e:n 4820.0144809
            e:w 4883.7735149
            c:n 4302.6920719
            c:w 4287.0356958
            n:w 13202.4739565
          b:e:c 1396.9674160
          b:e:n 618.1023339
          b:e:w 621.2201768
          b:c:n 622.9228439
          b:c:w 619.7002493
          b:n:w 1426.5581113
          e:c:n 4523.4594377
          e:c:w 4539.1158138
          e:n:w 6118.4251950
          c:n:w 5147.3614403
        b:e:c:n 1193.7880125
        b:e:c:w 1197.0106071
        b:e:n:w 2006.2302982
        b:c:n:w 1772.2144276
        e:c:n:w 49878.9409523
