########################################
# legofit: estimate population history #
#       version 2.3.4-4-g53f8760       #
########################################

# Program was compiled: Sep 21 2021 14:36:42
# Program was run: Sat Sep 25 21:58:31 2021

# cmd: legofit -1 -d 0 -t 32 --ptsPerDim 3 --stateOut b1boot24.state --tol 3e-6 -S 5000 abe2.lgo ../../chrX/boot_chrX/boot24.opf
# Stage nOptItr nSimReps
#     0    5000        0
# algorithm          : deterministic
# ignoring probs <=  : 0
# Branch length floor: 0
# DE strategy        : 2
#    F               : 0.3
#    CR              : 0.8
#    tolerance       : 3e-06
# nthreads           : 32
# lgo input file     : abe2.lgo
# site pat input file: ../../chrX/boot_chrX/boot24.opf
# free parameters    : 15
# points in DE swarm : 45
# output state file  : b1boot24.state
# Including singleton site patterns.
# cost function      : KL
Initial parameter values
Fixed:
      zero = 0
       one = 1
    Tbecnw = 75200
Free:
       pc1 = 0
       pc2 = 0
       pc3 = 0
       pc4 = 0
       pc5 = 0
       pc6 = 0
       pc7 = 0
       pc8 = 0
       pc9 = 0
      pc10 = 0
      pc11 = 0
      pc12 = 0
      pc13 = 0
      pc14 = 0
      pc15 = 0
Constrained:
   Tgbecnw = 234798
     Tecnw = 26559.5
       Tnw = 17239
       Tec = 8770.82
     twoNb = 712008
     twoNe = 204240
     twoNw = 758514
    twoNec = 89922.5
    twoNnw = 43047.9
  twoNecnw = 65974.9
  twoNbecnw = 23618.1
  twoNgbecnw = 300687
         m = 0.0882872
        m2 = 0.0222479
        m5 = 0.138665
        Tb = 17665.1
        Ta = 46432.6
        Te = 8619.48
DiffEv reached_goal. cost=2.40448e-03 spread=2.77477e-06
Fitted parameter values
Free:
       pc1 = -0.162633
       pc2 = -0.101035
       pc3 = 1.92527
       pc4 = 0.382343
       pc5 = -0.710042
       pc6 = -0.838549
       pc7 = -0.815938
       pc8 = 1.83911
       pc9 = 0.783666
      pc10 = -0.591276
      pc11 = 0.844747
      pc12 = -0.727985
      pc13 = -0.261887
      pc14 = 0.316159
      pc15 = -0.074404
Constrained:
   Tgbecnw = 148138
     Tecnw = 25888
       Tnw = 15330.9
       Tec = 9327.05
     twoNb = 964194
     twoNe = 35026.9
     twoNw = 989413
    twoNec = 81153.7
    twoNnw = 50284.6
  twoNecnw = 65131.4
  twoNbecnw = 19050.5
  twoNgbecnw = 343347
         m = 0.0779896
        m2 = 0.0237781
        m5 = 0.153173
        Tb = 17607.5
        Ta = 46403.8
        Te = 7665.47
#       SitePat  BranchLen
              b 124055.5150232
              e 46367.5512296
              c 48562.2556722
              n 45566.7803472
              w 45520.7590533
            b:e 1327.1223002
            b:c 1491.9995297
            b:n 1126.5944982
            b:w 1124.5393793
            e:c 12093.1620847
            e:n 4857.5508404
            e:w 4903.5721343
            c:n 4286.4587054
            c:w 4275.9950396
            n:w 12702.0478333
          b:e:c 1320.6801949
          b:e:n 611.9049445
          b:e:w 613.9600633
          b:c:n 615.7423347
          b:c:w 613.6183682
          b:n:w 1355.6896145
          e:c:n 4565.1350636
          e:c:w 4575.5987295
          e:n:w 5888.8375983
          c:n:w 4968.1321410
        b:e:c:n 1180.9978270
        b:e:c:w 1183.1217936
        b:e:n:w 2007.0258788
        b:c:n:w 1763.3231769
        e:c:n:w 48895.6143706
