########################################
# legofit: estimate population history #
#       version 2.3.4-4-g53f8760       #
########################################

# Program was compiled: Sep 21 2021 14:36:42
# Program was run: Sat Sep 25 21:53:02 2021

# cmd: legofit -1 -d 0 -t 32 --ptsPerDim 3 --stateOut b1boot6.state --tol 3e-6 -S 5000 abe2.lgo ../../chrX/boot_chrX/boot6.opf
# Stage nOptItr nSimReps
#     0    5000        0
# algorithm          : deterministic
# ignoring probs <=  : 0
# Branch length floor: 0
# DE strategy        : 2
#    F               : 0.3
#    CR              : 0.8
#    tolerance       : 3e-06
# nthreads           : 32
# lgo input file     : abe2.lgo
# site pat input file: ../../chrX/boot_chrX/boot6.opf
# free parameters    : 15
# points in DE swarm : 45
# output state file  : b1boot6.state
# Including singleton site patterns.
# cost function      : KL
Initial parameter values
Fixed:
      zero = 0
       one = 1
    Tbecnw = 75200
Free:
       pc1 = 0
       pc2 = 0
       pc3 = 0
       pc4 = 0
       pc5 = 0
       pc6 = 0
       pc7 = 0
       pc8 = 0
       pc9 = 0
      pc10 = 0
      pc11 = 0
      pc12 = 0
      pc13 = 0
      pc14 = 0
      pc15 = 0
Constrained:
   Tgbecnw = 234798
     Tecnw = 26559.5
       Tnw = 17239
       Tec = 8770.82
     twoNb = 712008
     twoNe = 204240
     twoNw = 758514
    twoNec = 89922.5
    twoNnw = 43047.9
  twoNecnw = 65974.9
  twoNbecnw = 23618.1
  twoNgbecnw = 300687
         m = 0.0882872
        m2 = 0.0222479
        m5 = 0.138665
        Tb = 17665.1
        Ta = 46432.6
        Te = 8619.48
DiffEv reached_goal. cost=2.17369e-03 spread=2.75636e-06
Fitted parameter values
Free:
       pc1 = -1.67792
       pc2 = 0.277802
       pc3 = 0.858559
       pc4 = 0.757922
       pc5 = -0.946376
       pc6 = 0.244149
       pc7 = -0.0627235
       pc8 = -1.44797
       pc9 = 1.34911
      pc10 = 0.392374
      pc11 = 0.153191
      pc12 = 0.410201
      pc13 = -0.329374
      pc14 = -0.0373786
      pc15 = -0.0645435
Constrained:
   Tgbecnw = 131548
     Tecnw = 25949.5
       Tnw = 17640.7
       Tec = 9184.66
     twoNb = 572469
     twoNe = 469182
     twoNw = 965944
    twoNec = 88935.3
    twoNnw = 38648.2
  twoNecnw = 66063.4
  twoNbecnw = 18480.8
  twoNgbecnw = 190878
         m = 0.145341
        m2 = 0.0208003
        m5 = 0.14363
        Tb = 17567.1
        Ta = 46383.5
        Te = 8820.37
#       SitePat  BranchLen
              b 126110.0522002
              e 46936.6586945
              c 48963.6965820
              n 45955.2878826
              w 45906.1760170
            b:e 1398.4063235
            b:c 1565.1875368
            b:n 1113.6083652
            b:w 1111.3528722
            e:c 11975.3408506
            e:n 4885.9778245
            e:w 4935.0896901
            c:n 4370.0876487
            c:w 4358.3913597
            n:w 12702.8885515
          b:e:c 1319.8163469
          b:e:n 613.9954883
          b:e:w 616.2509814
          b:c:n 618.0445573
          b:c:w 615.7067452
          b:n:w 1336.6139367
          e:c:n 4588.7314509
          e:c:w 4600.4277399
          e:n:w 6060.5309167
          c:n:w 5168.1896395
        b:e:c:n 1172.6118628
        b:e:c:w 1174.9496749
        b:e:n:w 1904.6142941
        b:c:n:w 1692.2200839
        e:c:n:w 50180.0295092
