########################################
# legofit: estimate population history #
#       version 2.3.4-4-g53f8760       #
########################################

# Program was compiled: Sep 21 2021 14:36:42
# Program was run: Sat Sep 25 21:58:59 2021

# cmd: legofit -1 -d 0 -t 32 --ptsPerDim 3 --stateOut b1boot25.state --tol 3e-6 -S 5000 abe2.lgo ../../chrX/boot_chrX/boot25.opf
# Stage nOptItr nSimReps
#     0    5000        0
# algorithm          : deterministic
# ignoring probs <=  : 0
# Branch length floor: 0
# DE strategy        : 2
#    F               : 0.3
#    CR              : 0.8
#    tolerance       : 3e-06
# nthreads           : 32
# lgo input file     : abe2.lgo
# site pat input file: ../../chrX/boot_chrX/boot25.opf
# free parameters    : 15
# points in DE swarm : 45
# output state file  : b1boot25.state
# Including singleton site patterns.
# cost function      : KL
Initial parameter values
Fixed:
      zero = 0
       one = 1
    Tbecnw = 75200
Free:
       pc1 = 0
       pc2 = 0
       pc3 = 0
       pc4 = 0
       pc5 = 0
       pc6 = 0
       pc7 = 0
       pc8 = 0
       pc9 = 0
      pc10 = 0
      pc11 = 0
      pc12 = 0
      pc13 = 0
      pc14 = 0
      pc15 = 0
Constrained:
   Tgbecnw = 234798
     Tecnw = 26559.5
       Tnw = 17239
       Tec = 8770.82
     twoNb = 712008
     twoNe = 204240
     twoNw = 758514
    twoNec = 89922.5
    twoNnw = 43047.9
  twoNecnw = 65974.9
  twoNbecnw = 23618.1
  twoNgbecnw = 300687
         m = 0.0882872
        m2 = 0.0222479
        m5 = 0.138665
        Tb = 17665.1
        Ta = 46432.6
        Te = 8619.48
DiffEv reached_goal. cost=2.26392e-03 spread=2.96985e-06
Fitted parameter values
Free:
       pc1 = -1.86403
       pc2 = 0.193017
       pc3 = 1.51844
       pc4 = -0.610519
       pc5 = -0.550546
       pc6 = -0.0937804
       pc7 = 0.222902
       pc8 = -0.0249558
       pc9 = 0.321131
      pc10 = -0.0684153
      pc11 = 0.417224
      pc12 = -0.441722
      pc13 = -0.0682854
      pc14 = 0.170701
      pc15 = -0.113458
Constrained:
   Tgbecnw = 149101
     Tecnw = 25968.3
       Tnw = 17788.5
       Tec = 9933.74
     twoNb = 846338
     twoNe = 504090
     twoNw = 817589
    twoNec = 78510.1
    twoNnw = 35430.1
  twoNecnw = 67847.6
  twoNbecnw = 19964.1
  twoNgbecnw = 286584
         m = 0.0981581
        m2 = 0.0214832
        m5 = 0.145018
        Tb = 17951
        Ta = 46575.5
        Te = 8894.23
#       SitePat  BranchLen
              b 126717.8884068
              e 47016.6785045
              c 49215.4084801
              n 45953.9009048
              w 45895.1748608
            b:e 1363.9558126
            b:c 1534.3805838
            b:n 1129.6008440
            b:w 1126.8715101
            e:c 12424.0940501
            e:n 4807.4025792
            e:w 4866.1286233
            c:n 4258.7152615
            c:w 4244.9287475
            n:w 13189.8863894
          b:e:c 1372.4766863
          b:e:n 609.8923082
          b:e:w 612.6216421
          b:c:n 614.3021390
          b:c:w 611.4851901
          b:n:w 1404.1873414
          e:c:n 4527.8780289
          e:c:w 4541.6645429
          e:n:w 6034.9288072
          c:n:w 5069.8904455
        b:e:c:n 1181.0309215
        b:e:c:w 1183.8478704
        b:e:n:w 1998.4871800
        b:c:n:w 1760.9845805
        e:c:n:w 50680.9256398
