########################################
# legofit: estimate population history #
#       version 2.3.4-4-g53f8760       #
########################################

# Program was compiled: Sep 21 2021 14:36:42
# Program was run: Sat Sep 25 22:09:35 2021

# cmd: legofit -1 -d 0 -t 32 --ptsPerDim 3 --stateOut b1boot48.state --tol 3e-6 -S 5000 abe2.lgo ../../chrX/boot_chrX/boot48.opf
# Stage nOptItr nSimReps
#     0    5000        0
# algorithm          : deterministic
# ignoring probs <=  : 0
# Branch length floor: 0
# DE strategy        : 2
#    F               : 0.3
#    CR              : 0.8
#    tolerance       : 3e-06
# nthreads           : 32
# lgo input file     : abe2.lgo
# site pat input file: ../../chrX/boot_chrX/boot48.opf
# free parameters    : 15
# points in DE swarm : 45
# output state file  : b1boot48.state
# Including singleton site patterns.
# cost function      : KL
Initial parameter values
Fixed:
      zero = 0
       one = 1
    Tbecnw = 75200
Free:
       pc1 = 0
       pc2 = 0
       pc3 = 0
       pc4 = 0
       pc5 = 0
       pc6 = 0
       pc7 = 0
       pc8 = 0
       pc9 = 0
      pc10 = 0
      pc11 = 0
      pc12 = 0
      pc13 = 0
      pc14 = 0
      pc15 = 0
Constrained:
   Tgbecnw = 234798
     Tecnw = 26559.5
       Tnw = 17239
       Tec = 8770.82
     twoNb = 712008
     twoNe = 204240
     twoNw = 758514
    twoNec = 89922.5
    twoNnw = 43047.9
  twoNecnw = 65974.9
  twoNbecnw = 23618.1
  twoNgbecnw = 300687
         m = 0.0882872
        m2 = 0.0222479
        m5 = 0.138665
        Tb = 17665.1
        Ta = 46432.6
        Te = 8619.48
DiffEv reached_goal. cost=2.25826e-03 spread=1.25857e-06
Fitted parameter values
Free:
       pc1 = 0.278935
       pc2 = -0.0577479
       pc3 = 0.848591
       pc4 = -1.18364
       pc5 = -1.58152
       pc6 = 1.52232
       pc7 = -0.196186
       pc8 = -0.640023
       pc9 = 0.23763
      pc10 = 0.972536
      pc11 = 0.0654038
      pc12 = -0.0744629
      pc13 = -0.21913
      pc14 = 0.195264
      pc15 = -0.059068
Constrained:
   Tgbecnw = 167158
     Tecnw = 26930.9
       Tnw = 17465.1
       Tec = 9167.06
     twoNb = 694915
     twoNe = 792565
     twoNw = 1.09765e+06
    twoNec = 91425
    twoNnw = 44075.7
  twoNecnw = 62808.5
  twoNbecnw = 22969
  twoNgbecnw = 311070
         m = 0.0807918
        m2 = 0.0230983
        m5 = 0.135364
        Tb = 18049
        Ta = 46624.5
        Te = 8732.54
#       SitePat  BranchLen
              b 125797.5830662
              e 47334.9598552
              c 49259.6124925
              n 46343.5408803
              w 46302.7134023
            b:e 1402.6604267
            b:c 1557.4696299
            b:n 1151.6124667
            b:w 1149.7079208
            e:c 12130.7575637
            e:n 4811.9296974
            e:w 4852.7571754
            c:n 4323.1632566
            c:w 4313.5443674
            n:w 12748.1758912
          b:e:c 1356.2936104
          b:e:n 623.9483481
          b:e:w 625.8528940
          b:c:n 627.0659627
          b:c:w 625.1156460
          b:n:w 1385.2260561
          e:c:n 4644.2882018
          e:c:w 4653.9070910
          e:n:w 6026.1758077
          c:n:w 5187.4382295
        b:e:c:n 1191.1658610
        b:e:c:w 1193.1161777
        b:e:n:w 1999.2075782
        b:c:n:w 1784.0821785
        e:c:n:w 49623.0876651
