########################################
# legofit: estimate population history #
#       version 2.3.4-4-g53f8760       #
########################################

# Program was compiled: Sep 21 2021 14:36:42
# Program was run: Sat Sep 25 21:55:21 2021

# cmd: legofit -1 -d 0 -t 32 --ptsPerDim 3 --stateOut b1boot14.state --tol 3e-6 -S 5000 abe2.lgo ../../chrX/boot_chrX/boot14.opf
# Stage nOptItr nSimReps
#     0    5000        0
# algorithm          : deterministic
# ignoring probs <=  : 0
# Branch length floor: 0
# DE strategy        : 2
#    F               : 0.3
#    CR              : 0.8
#    tolerance       : 3e-06
# nthreads           : 32
# lgo input file     : abe2.lgo
# site pat input file: ../../chrX/boot_chrX/boot14.opf
# free parameters    : 15
# points in DE swarm : 45
# output state file  : b1boot14.state
# Including singleton site patterns.
# cost function      : KL
Initial parameter values
Fixed:
      zero = 0
       one = 1
    Tbecnw = 75200
Free:
       pc1 = 0
       pc2 = 0
       pc3 = 0
       pc4 = 0
       pc5 = 0
       pc6 = 0
       pc7 = 0
       pc8 = 0
       pc9 = 0
      pc10 = 0
      pc11 = 0
      pc12 = 0
      pc13 = 0
      pc14 = 0
      pc15 = 0
Constrained:
   Tgbecnw = 234798
     Tecnw = 26559.5
       Tnw = 17239
       Tec = 8770.82
     twoNb = 712008
     twoNe = 204240
     twoNw = 758514
    twoNec = 89922.5
    twoNnw = 43047.9
  twoNecnw = 65974.9
  twoNbecnw = 23618.1
  twoNgbecnw = 300687
         m = 0.0882872
        m2 = 0.0222479
        m5 = 0.138665
        Tb = 17665.1
        Ta = 46432.6
        Te = 8619.48
DiffEv reached_goal. cost=2.10611e-03 spread=2.65648e-06
Fitted parameter values
Free:
       pc1 = -2.72882
       pc2 = -1.05263
       pc3 = 0.60529
       pc4 = 1.56702
       pc5 = -1.89544
       pc6 = 0.752227
       pc7 = 1.03414
       pc8 = 1.36049
       pc9 = 1.85487
      pc10 = -0.618142
      pc11 = 0.258
      pc12 = 0.0226418
      pc13 = -0.161914
      pc14 = 0.0491277
      pc15 = 0.0368611
Constrained:
   Tgbecnw = 126696
     Tecnw = 24571.8
       Tnw = 18128.3
       Tec = 9302.18
     twoNb = 790802
     twoNe = 50229.9
     twoNw = 1.41395e+06
    twoNec = 79790.7
    twoNnw = 29059.6
  twoNecnw = 67920
  twoNbecnw = 15368.4
  twoNgbecnw = 267113
         m = 0.1055
        m2 = 0.0209284
        m5 = 0.129604
        Tb = 16937
        Ta = 46068.5
        Te = 9064.13
#       SitePat  BranchLen
              b 123050.5242025
              e 45972.8771510
              c 47797.4657417
              n 44887.1585488
              w 44857.3172287
            b:e 1305.2213667
            b:c 1445.2353527
            b:n 1063.5428559
            b:w 1062.1781472
            e:c 12016.8752540
            e:n 4737.0680412
            e:w 4766.9093613
            c:n 4270.2056343
            c:w 4262.9961193
            n:w 12702.9033237
          b:e:c 1286.4546456
          b:e:n 584.3191546
          b:e:w 585.6838633
          b:c:n 587.5618196
          b:c:w 586.1378690
          b:n:w 1309.4613346
          e:c:n 4435.1584556
          e:c:w 4442.3679706
          e:n:w 5807.8536062
          c:n:w 5003.9019586
        b:e:c:n 1131.8337741
        b:e:c:w 1133.2577246
        b:e:n:w 1878.4840405
        b:c:n:w 1684.9120607
        e:c:n:w 48610.4440049
