########################################
# legofit: estimate population history #
#       version 2.3.4-4-g53f8760       #
########################################

# Program was compiled: Sep 21 2021 14:36:42
# Program was run: Sat Sep 25 22:04:10 2021

# cmd: legofit -1 -d 0 -t 32 --ptsPerDim 3 --stateOut b1boot39.state --tol 3e-6 -S 5000 abe2.lgo ../../chrX/boot_chrX/boot39.opf
# Stage nOptItr nSimReps
#     0    5000        0
# algorithm          : deterministic
# ignoring probs <=  : 0
# Branch length floor: 0
# DE strategy        : 2
#    F               : 0.3
#    CR              : 0.8
#    tolerance       : 3e-06
# nthreads           : 32
# lgo input file     : abe2.lgo
# site pat input file: ../../chrX/boot_chrX/boot39.opf
# free parameters    : 15
# points in DE swarm : 45
# output state file  : b1boot39.state
# Including singleton site patterns.
# cost function      : KL
Initial parameter values
Fixed:
      zero = 0
       one = 1
    Tbecnw = 75200
Free:
       pc1 = 0
       pc2 = 0
       pc3 = 0
       pc4 = 0
       pc5 = 0
       pc6 = 0
       pc7 = 0
       pc8 = 0
       pc9 = 0
      pc10 = 0
      pc11 = 0
      pc12 = 0
      pc13 = 0
      pc14 = 0
      pc15 = 0
Constrained:
   Tgbecnw = 234798
     Tecnw = 26559.5
       Tnw = 17239
       Tec = 8770.82
     twoNb = 712008
     twoNe = 204240
     twoNw = 758514
    twoNec = 89922.5
    twoNnw = 43047.9
  twoNecnw = 65974.9
  twoNbecnw = 23618.1
  twoNgbecnw = 300687
         m = 0.0882872
        m2 = 0.0222479
        m5 = 0.138665
        Tb = 17665.1
        Ta = 46432.6
        Te = 8619.48
DiffEv reached_goal. cost=2.25426e-03 spread=2.86595e-06
Fitted parameter values
Free:
       pc1 = -2.43208
       pc2 = -0.0876586
       pc3 = 1.92645
       pc4 = -0.223741
       pc5 = -1.34285
       pc6 = 1.11719
       pc7 = 0.811227
       pc8 = 0.485483
       pc9 = 1.4307
      pc10 = 0.979375
      pc11 = 0.997352
      pc12 = -0.362968
      pc13 = -0.257466
      pc14 = 0.41733
      pc15 = -0.0939461
Constrained:
   Tgbecnw = 124438
     Tecnw = 25826.7
       Tnw = 17925.3
       Tec = 10583.7
     twoNb = 909446
     twoNe = 619672
     twoNw = 1.14162e+06
    twoNec = 76979.4
    twoNnw = 36103.5
  twoNecnw = 64486.8
  twoNbecnw = 15654.1
  twoNgbecnw = 237643
         m = 0.119941
        m2 = 0.0214357
        m5 = 0.133862
        Tb = 18205.2
        Ta = 46702.6
        Te = 8962.66
#       SitePat  BranchLen
              b 124247.9642663
              e 46320.0111337
              c 48190.7787037
              n 45359.6330609
              w 45321.3206295
            b:e 1325.0371165
            b:c 1472.2330609
            b:n 1089.6436046
            b:w 1087.8808639
            e:c 11917.4566593
            e:n 4677.6250364
            e:w 4715.9374678
            c:n 4202.3799649
            c:w 4193.2912974
            n:w 12544.1797433
          b:e:c 1311.6280119
          b:e:n 594.2689677
          b:e:w 596.0317084
          b:c:n 597.9141179
          b:c:w 596.0770964
          b:n:w 1337.9989622
          e:c:n 4479.8510900
          e:c:w 4488.9397575
          e:n:w 5814.8403672
          c:n:w 4994.7308712
        b:e:c:n 1156.9575160
        b:e:c:w 1158.7945374
        b:e:n:w 1911.0096856
        b:c:n:w 1707.3563309
        e:c:n:w 49722.4070606
