########################################
# legofit: estimate population history #
#       version 2.3.4-4-g53f8760       #
########################################

# Program was compiled: Sep 21 2021 14:36:42
# Program was run: Sat Sep 25 22:00:24 2021

# cmd: legofit -1 -d 0 -t 32 --ptsPerDim 3 --stateOut b1boot29.state --tol 3e-6 -S 5000 abe2.lgo ../../chrX/boot_chrX/boot29.opf
# Stage nOptItr nSimReps
#     0    5000        0
# algorithm          : deterministic
# ignoring probs <=  : 0
# Branch length floor: 0
# DE strategy        : 2
#    F               : 0.3
#    CR              : 0.8
#    tolerance       : 3e-06
# nthreads           : 32
# lgo input file     : abe2.lgo
# site pat input file: ../../chrX/boot_chrX/boot29.opf
# free parameters    : 15
# points in DE swarm : 45
# output state file  : b1boot29.state
# Including singleton site patterns.
# cost function      : KL
Initial parameter values
Fixed:
      zero = 0
       one = 1
    Tbecnw = 75200
Free:
       pc1 = 0
       pc2 = 0
       pc3 = 0
       pc4 = 0
       pc5 = 0
       pc6 = 0
       pc7 = 0
       pc8 = 0
       pc9 = 0
      pc10 = 0
      pc11 = 0
      pc12 = 0
      pc13 = 0
      pc14 = 0
      pc15 = 0
Constrained:
   Tgbecnw = 234798
     Tecnw = 26559.5
       Tnw = 17239
       Tec = 8770.82
     twoNb = 712008
     twoNe = 204240
     twoNw = 758514
    twoNec = 89922.5
    twoNnw = 43047.9
  twoNecnw = 65974.9
  twoNbecnw = 23618.1
  twoNgbecnw = 300687
         m = 0.0882872
        m2 = 0.0222479
        m5 = 0.138665
        Tb = 17665.1
        Ta = 46432.6
        Te = 8619.48
DiffEv reached_goal. cost=2.37746e-03 spread=2.50041e-06
Fitted parameter values
Free:
       pc1 = 1.75024
       pc2 = -1.2823
       pc3 = 0.839857
       pc4 = -0.871531
       pc5 = -0.12177
       pc6 = 1.59088
       pc7 = -0.431702
       pc8 = -0.602569
       pc9 = 0.797752
      pc10 = 0.435309
      pc11 = 0.47006
      pc12 = -0.0526395
      pc13 = -0.0712333
      pc14 = 0.244422
      pc15 = -0.00393593
Constrained:
   Tgbecnw = 169754
     Tecnw = 27006.6
       Tnw = 14477.7
       Tec = 7663.96
     twoNb = 690686
     twoNe = 602097
     twoNw = 823314
    twoNec = 98214.3
    twoNnw = 60892.7
  twoNecnw = 60833.1
  twoNbecnw = 21664.8
  twoNgbecnw = 408862
         m = 0.0639986
        m2 = 0.0233292
        m5 = 0.13054
        Tb = 17335.3
        Ta = 46267.6
        Te = 7238.86
#       SitePat  BranchLen
              b 124901.4030035
              e 46618.8133014
              c 48458.2406017
              n 45792.3247772
              w 45747.0084049
            b:e 1311.2957911
            b:c 1447.9732924
            b:n 1086.3853871
            b:w 1084.4755000
            e:c 12044.0068031
            e:n 4717.2353021
            e:w 4762.5516743
            c:n 4237.6331025
            c:w 4227.5686566
            n:w 12560.4398832
          b:e:c 1263.9880767
          b:e:n 584.9659127
          b:e:w 586.8757999
          b:c:n 587.9946528
          b:c:w 586.0394203
          b:n:w 1295.6272679
          e:c:n 4569.8109885
          e:c:w 4579.8754343
          e:n:w 5778.8343052
          c:n:w 5014.1524733
        b:e:c:n 1123.0385309
        b:e:c:w 1124.9937634
        b:e:n:w 1916.8733062
        b:c:n:w 1717.8431814
        e:c:n:w 49636.6139790
