########################################
# legofit: estimate population history #
#       version 2.3.4-4-g53f8760       #
########################################

# Program was compiled: Sep 21 2021 14:36:42
# Program was run: Sat Sep 25 22:03:21 2021

# cmd: legofit -1 -d 0 -t 32 --ptsPerDim 3 --stateOut b1boot36.state --tol 3e-6 -S 5000 abe2.lgo ../../chrX/boot_chrX/boot36.opf
# Stage nOptItr nSimReps
#     0    5000        0
# algorithm          : deterministic
# ignoring probs <=  : 0
# Branch length floor: 0
# DE strategy        : 2
#    F               : 0.3
#    CR              : 0.8
#    tolerance       : 3e-06
# nthreads           : 32
# lgo input file     : abe2.lgo
# site pat input file: ../../chrX/boot_chrX/boot36.opf
# free parameters    : 15
# points in DE swarm : 45
# output state file  : b1boot36.state
# Including singleton site patterns.
# cost function      : KL
Initial parameter values
Fixed:
      zero = 0
       one = 1
    Tbecnw = 75200
Free:
       pc1 = 0
       pc2 = 0
       pc3 = 0
       pc4 = 0
       pc5 = 0
       pc6 = 0
       pc7 = 0
       pc8 = 0
       pc9 = 0
      pc10 = 0
      pc11 = 0
      pc12 = 0
      pc13 = 0
      pc14 = 0
      pc15 = 0
Constrained:
   Tgbecnw = 234798
     Tecnw = 26559.5
       Tnw = 17239
       Tec = 8770.82
     twoNb = 712008
     twoNe = 204240
     twoNw = 758514
    twoNec = 89922.5
    twoNnw = 43047.9
  twoNecnw = 65974.9
  twoNbecnw = 23618.1
  twoNgbecnw = 300687
         m = 0.0882872
        m2 = 0.0222479
        m5 = 0.138665
        Tb = 17665.1
        Ta = 46432.6
        Te = 8619.48
DiffEv reached_goal. cost=2.32712e-03 spread=2.96840e-06
Fitted parameter values
Free:
       pc1 = 0.786478
       pc2 = 0.406726
       pc3 = 1.99562
       pc4 = -0.377227
       pc5 = -1.6616
       pc6 = 1.15472
       pc7 = -1.31517
       pc8 = -0.0742016
       pc9 = 1.70878
      pc10 = -0.633537
      pc11 = 0.299798
      pc12 = -0.0702781
      pc13 = -0.233234
      pc14 = 0.0489952
      pc15 = -0.0229533
Constrained:
   Tgbecnw = 146893
     Tecnw = 26023.6
       Tnw = 14548.6
       Tec = 7565.16
     twoNb = 750952
     twoNe = 652838
     twoNw = 1.19039e+06
    twoNec = 92600.5
    twoNnw = 55082.5
  twoNecnw = 64918.6
  twoNbecnw = 19421.1
  twoNgbecnw = 283920
         m = 0.0962632
        m2 = 0.0247434
        m5 = 0.148533
        Tb = 16794.4
        Ta = 45997.2
        Te = 7274.32
#       SitePat  BranchLen
              b 125359.0629109
              e 46496.6420856
              c 48633.8150587
              n 45622.3313593
              w 45586.5101457
            b:e 1343.5492321
            b:c 1506.4765899
            b:n 1098.3340809
            b:w 1096.7983896
            e:c 12148.0762831
            e:n 4871.1141528
            e:w 4906.9353665
            c:n 4305.9642758
            c:w 4297.9400383
            n:w 12764.1453217
          b:e:c 1287.5061136
          b:e:n 598.7431996
          b:e:w 600.2788909
          b:c:n 601.8628392
          b:c:w 600.2786042
          b:n:w 1320.5589062
          e:c:n 4561.5410831
          e:c:w 4569.5653206
          e:n:w 5920.3584236
          c:n:w 5027.3563390
        b:e:c:n 1148.8595562
        b:e:c:w 1150.4437912
        b:e:n:w 1998.5165797
        b:c:n:w 1762.4441529
        e:c:n:w 49871.5839572
