########################################
# legofit: estimate population history #
#       version 2.3.4-4-g53f8760       #
########################################

# Program was compiled: Sep 21 2021 14:36:42
# Program was run: Sat Sep 25 22:05:04 2021

# cmd: legofit -1 -d 0 -t 32 --ptsPerDim 3 --stateOut b1boot41.state --tol 3e-6 -S 5000 abe2.lgo ../../chrX/boot_chrX/boot41.opf
# Stage nOptItr nSimReps
#     0    5000        0
# algorithm          : deterministic
# ignoring probs <=  : 0
# Branch length floor: 0
# DE strategy        : 2
#    F               : 0.3
#    CR              : 0.8
#    tolerance       : 3e-06
# nthreads           : 32
# lgo input file     : abe2.lgo
# site pat input file: ../../chrX/boot_chrX/boot41.opf
# free parameters    : 15
# points in DE swarm : 45
# output state file  : b1boot41.state
# Including singleton site patterns.
# cost function      : KL
Initial parameter values
Fixed:
      zero = 0
       one = 1
    Tbecnw = 75200
Free:
       pc1 = 0
       pc2 = 0
       pc3 = 0
       pc4 = 0
       pc5 = 0
       pc6 = 0
       pc7 = 0
       pc8 = 0
       pc9 = 0
      pc10 = 0
      pc11 = 0
      pc12 = 0
      pc13 = 0
      pc14 = 0
      pc15 = 0
Constrained:
   Tgbecnw = 234798
     Tecnw = 26559.5
       Tnw = 17239
       Tec = 8770.82
     twoNb = 712008
     twoNe = 204240
     twoNw = 758514
    twoNec = 89922.5
    twoNnw = 43047.9
  twoNecnw = 65974.9
  twoNbecnw = 23618.1
  twoNgbecnw = 300687
         m = 0.0882872
        m2 = 0.0222479
        m5 = 0.138665
        Tb = 17665.1
        Ta = 46432.6
        Te = 8619.48
DiffEv reached_goal. cost=2.24226e-03 spread=2.89119e-06
Fitted parameter values
Free:
       pc1 = -0.076222
       pc2 = -0.795653
       pc3 = 1.70911
       pc4 = 0.412101
       pc5 = -1.18555
       pc6 = 0.358819
       pc7 = 0.558052
       pc8 = 1.80332
       pc9 = 0.251042
      pc10 = -0.235703
      pc11 = -0.095113
      pc12 = 0.147397
      pc13 = 5.67642e-05
      pc14 = 0.2964
      pc15 = -0.0899897
Constrained:
   Tgbecnw = 157526
     Tecnw = 26085.5
       Tnw = 17162.1
       Tec = 8674.02
     twoNb = 1.00818e+06
     twoNe = 146711
     twoNw = 1.22508e+06
    twoNec = 91607.3
    twoNnw = 39088.8
  twoNecnw = 65072.6
  twoNbecnw = 20346.3
  twoNgbecnw = 387175
         m = 0.0715167
        m2 = 0.0224144
        m5 = 0.139521
        Tb = 17379.7
        Ta = 46289.9
        Te = 8581.05
#       SitePat  BranchLen
              b 125853.4193670
              e 46951.0205488
              c 49026.0072717
              n 45507.7435733
              w 45471.2834196
            b:e 1364.5674649
            b:c 1523.3778082
            b:n 1123.1850302
            b:w 1121.4914459
            e:c 12049.1111833
            e:n 4797.9494748
            e:w 4834.4096284
            c:n 4270.5104375
            c:w 4261.9794728
            n:w 12997.1126775
          b:e:c 1352.4489475
          b:e:n 615.8728928
          b:e:w 617.5664771
          b:c:n 619.1036329
          b:c:w 617.3587900
          b:n:w 1385.0509875
          e:c:n 4489.5150397
          e:c:w 4498.0460044
          e:n:w 6033.9846524
          c:n:w 5128.3977037
        b:e:c:n 1172.5891677
        b:e:c:w 1174.3340106
        b:e:n:w 2041.7643132
        b:c:n:w 1810.4003202
        e:c:n:w 50399.3509507
