########################################
# legofit: estimate population history #
#       version 2.3.4-4-g53f8760       #
########################################

# Program was compiled: Sep 21 2021 14:36:42
# Program was run: Sat Sep 25 22:08:21 2021

# cmd: legofit -1 -d 0 -t 32 --ptsPerDim 3 --stateOut b1boot47.state --tol 3e-6 -S 5000 abe2.lgo ../../chrX/boot_chrX/boot47.opf
# Stage nOptItr nSimReps
#     0    5000        0
# algorithm          : deterministic
# ignoring probs <=  : 0
# Branch length floor: 0
# DE strategy        : 2
#    F               : 0.3
#    CR              : 0.8
#    tolerance       : 3e-06
# nthreads           : 32
# lgo input file     : abe2.lgo
# site pat input file: ../../chrX/boot_chrX/boot47.opf
# free parameters    : 15
# points in DE swarm : 45
# output state file  : b1boot47.state
# Including singleton site patterns.
# cost function      : KL
Initial parameter values
Fixed:
      zero = 0
       one = 1
    Tbecnw = 75200
Free:
       pc1 = 0
       pc2 = 0
       pc3 = 0
       pc4 = 0
       pc5 = 0
       pc6 = 0
       pc7 = 0
       pc8 = 0
       pc9 = 0
      pc10 = 0
      pc11 = 0
      pc12 = 0
      pc13 = 0
      pc14 = 0
      pc15 = 0
Constrained:
   Tgbecnw = 234798
     Tecnw = 26559.5
       Tnw = 17239
       Tec = 8770.82
     twoNb = 712008
     twoNe = 204240
     twoNw = 758514
    twoNec = 89922.5
    twoNnw = 43047.9
  twoNecnw = 65974.9
  twoNbecnw = 23618.1
  twoNgbecnw = 300687
         m = 0.0882872
        m2 = 0.0222479
        m5 = 0.138665
        Tb = 17665.1
        Ta = 46432.6
        Te = 8619.48
DiffEv reached_goal. cost=2.27050e-03 spread=2.83996e-06
Fitted parameter values
Free:
       pc1 = -1.63565
       pc2 = -1.04412
       pc3 = 0.841207
       pc4 = -0.298448
       pc5 = 0.526451
       pc6 = -0.985735
       pc7 = 0.274353
       pc8 = 0.527013
       pc9 = 0.659719
      pc10 = 0.473359
      pc11 = 0.328659
      pc12 = -0.183904
      pc13 = 0.0331986
      pc14 = -0.000614133
      pc15 = -0.00674011
Constrained:
   Tgbecnw = 148547
     Tecnw = 25875.1
       Tnw = 18362.6
       Tec = 9634.56
     twoNb = 825432
     twoNe = 151124
     twoNw = 545812
    twoNec = 80738.7
    twoNnw = 33465.3
  twoNecnw = 63509.6
  twoNbecnw = 18857.5
  twoNgbecnw = 333217
         m = 0.077792
        m2 = 0.0209912
        m5 = 0.141159
        Tb = 17754.8
        Ta = 46477.4
        Te = 9181.28
#       SitePat  BranchLen
              b 122935.4472942
              e 46001.0875603
              c 48030.1319376
              n 45183.7441151
              w 45098.7629073
            b:e 1258.2522878
            b:c 1409.2094439
            b:n 1050.7316441
            b:w 1046.9233768
            e:c 12011.3152911
            e:n 4666.5814464
            e:w 4751.5626543
            c:n 4181.4559126
            c:w 4161.0855854
            n:w 12567.6969772
          b:e:c 1260.5573150
          b:e:n 566.6283819
          b:e:w 570.4366492
          b:c:n 571.9613036
          b:c:w 568.0360476
          b:n:w 1288.2475002
          e:c:n 4469.7625714
          e:c:w 4490.1328987
          e:n:w 5867.3738264
          c:n:w 4971.4217365
        b:e:c:n 1095.0834855
        b:e:c:w 1099.0087416
        b:e:n:w 1838.4734940
        b:c:n:w 1627.0943157
        e:c:n:w 48239.8347882
