########################################
# legofit: estimate population history #
#       version 2.3.4-4-g53f8760       #
########################################

# Program was compiled: Sep 21 2021 14:36:42
# Program was run: Sat Sep 25 22:08:12 2021

# cmd: legofit -1 -d 0 -t 32 --ptsPerDim 3 --stateOut b1boot46.state --tol 3e-6 -S 5000 abe2.lgo ../../chrX/boot_chrX/boot46.opf
# Stage nOptItr nSimReps
#     0    5000        0
# algorithm          : deterministic
# ignoring probs <=  : 0
# Branch length floor: 0
# DE strategy        : 2
#    F               : 0.3
#    CR              : 0.8
#    tolerance       : 3e-06
# nthreads           : 32
# lgo input file     : abe2.lgo
# site pat input file: ../../chrX/boot_chrX/boot46.opf
# free parameters    : 15
# points in DE swarm : 45
# output state file  : b1boot46.state
# Including singleton site patterns.
# cost function      : KL
Initial parameter values
Fixed:
      zero = 0
       one = 1
    Tbecnw = 75200
Free:
       pc1 = 0
       pc2 = 0
       pc3 = 0
       pc4 = 0
       pc5 = 0
       pc6 = 0
       pc7 = 0
       pc8 = 0
       pc9 = 0
      pc10 = 0
      pc11 = 0
      pc12 = 0
      pc13 = 0
      pc14 = 0
      pc15 = 0
Constrained:
   Tgbecnw = 234798
     Tecnw = 26559.5
       Tnw = 17239
       Tec = 8770.82
     twoNb = 712008
     twoNe = 204240
     twoNw = 758514
    twoNec = 89922.5
    twoNnw = 43047.9
  twoNecnw = 65974.9
  twoNbecnw = 23618.1
  twoNgbecnw = 300687
         m = 0.0882872
        m2 = 0.0222479
        m5 = 0.138665
        Tb = 17665.1
        Ta = 46432.6
        Te = 8619.48
DiffEv reached_goal. cost=2.24189e-03 spread=2.65280e-06
Fitted parameter values
Free:
       pc1 = -1.80346
       pc2 = -1.80072
       pc3 = 0.266037
       pc4 = 0.172316
       pc5 = 0.0215938
       pc6 = -0.557787
       pc7 = 0.663904
       pc8 = 0.911727
       pc9 = 0.667479
      pc10 = 0.43245
      pc11 = 0.387009
      pc12 = -0.109611
      pc13 = -0.0788949
      pc14 = 0.126128
      pc15 = -0.00256734
Constrained:
   Tgbecnw = 146117
     Tecnw = 25617.6
       Tnw = 18579.4
       Tec = 9881.25
     twoNb = 787029
     twoNe = 28650.9
     twoNw = 743074
    twoNec = 81202.6
    twoNnw = 31856
  twoNecnw = 63308.3
  twoNbecnw = 18395
  twoNgbecnw = 375811
         m = 0.0685446
        m2 = 0.0206542
        m5 = 0.132977
        Tb = 17749.4
        Ta = 46474.7
        Te = 9289.71
#       SitePat  BranchLen
              b 122463.8572076
              e 46031.9523653
              c 47890.5092805
              n 45083.0351032
              w 45023.8111939
            b:e 1315.1328533
            b:c 1459.6914671
            b:n 1097.9585972
            b:w 1095.1575466
            e:c 11895.0962799
            e:n 4689.6254475
            e:w 4748.8493569
            c:n 4236.2362718
            c:w 4221.7843424
            n:w 12496.8682030
          b:e:c 1313.7688989
          b:e:n 597.4956652
          b:e:w 600.2967158
          b:c:n 601.9865039
          b:c:w 599.0881747
          b:n:w 1337.2196046
          e:c:n 4511.4047971
          e:c:w 4525.8567265
          e:n:w 5870.7796664
          c:n:w 5044.9287059
        b:e:c:n 1152.3497361
        b:e:c:w 1155.2480653
        b:e:n:w 1888.0610431
        b:c:n:w 1687.9683547
        e:c:n:w 48069.3629013
