########################################
# legofit: estimate population history #
#       version 2.3.4-4-g53f8760       #
########################################

# Program was compiled: Sep 21 2021 14:36:42
# Program was run: Sat Sep 25 22:05:35 2021

# cmd: legofit -1 -d 0 -t 32 --ptsPerDim 3 --stateOut b1boot43.state --tol 3e-6 -S 5000 abe2.lgo ../../chrX/boot_chrX/boot43.opf
# Stage nOptItr nSimReps
#     0    5000        0
# algorithm          : deterministic
# ignoring probs <=  : 0
# Branch length floor: 0
# DE strategy        : 2
#    F               : 0.3
#    CR              : 0.8
#    tolerance       : 3e-06
# nthreads           : 32
# lgo input file     : abe2.lgo
# site pat input file: ../../chrX/boot_chrX/boot43.opf
# free parameters    : 15
# points in DE swarm : 45
# output state file  : b1boot43.state
# Including singleton site patterns.
# cost function      : KL
Initial parameter values
Fixed:
      zero = 0
       one = 1
    Tbecnw = 75200
Free:
       pc1 = 0
       pc2 = 0
       pc3 = 0
       pc4 = 0
       pc5 = 0
       pc6 = 0
       pc7 = 0
       pc8 = 0
       pc9 = 0
      pc10 = 0
      pc11 = 0
      pc12 = 0
      pc13 = 0
      pc14 = 0
      pc15 = 0
Constrained:
   Tgbecnw = 234798
     Tecnw = 26559.5
       Tnw = 17239
       Tec = 8770.82
     twoNb = 712008
     twoNe = 204240
     twoNw = 758514
    twoNec = 89922.5
    twoNnw = 43047.9
  twoNecnw = 65974.9
  twoNbecnw = 23618.1
  twoNgbecnw = 300687
         m = 0.0882872
        m2 = 0.0222479
        m5 = 0.138665
        Tb = 17665.1
        Ta = 46432.6
        Te = 8619.48
DiffEv reached_goal. cost=2.32812e-03 spread=2.80656e-06
Fitted parameter values
Free:
       pc1 = 1.94676
       pc2 = 0.182549
       pc3 = 1.95612
       pc4 = -0.347394
       pc5 = 0.324142
       pc6 = 1.42691
       pc7 = -1.41701
       pc8 = 0.12176
       pc9 = 1.99356
      pc10 = -0.939586
      pc11 = 0.151611
      pc12 = -0.155717
      pc13 = -0.14568
      pc14 = 0.11016
      pc15 = -0.200881
Constrained:
   Tgbecnw = 148486
     Tecnw = 26279.1
       Tnw = 12123.6
       Tec = 6445.07
     twoNb = 826353
     twoNe = 519956
     twoNw = 788969
    twoNec = 100854
    twoNnw = 64465.6
  twoNecnw = 64704.2
  twoNbecnw = 19703
  twoNgbecnw = 289355
         m = 0.0900952
        m2 = 0.025307
        m5 = 0.142639
        Tb = 16362.1
        Ta = 45781
        Te = 6061.79
#       SitePat  BranchLen
              b 124099.9610338
              e 46613.5991398
              c 48823.9454016
              n 45232.1898297
              w 45187.4439489
            b:e 1359.6639638
            b:c 1522.0889958
            b:n 1099.6657034
            b:w 1097.8098560
            e:c 12246.1981806
            e:n 4843.2593619
            e:w 4888.0052427
            c:n 4255.4839978
            c:w 4245.9274755
            n:w 13286.8564123
          b:e:c 1314.1180649
          b:e:n 600.2666511
          b:e:w 602.1224985
          b:c:n 603.6880214
          b:c:w 601.7741700
          b:n:w 1346.8066701
          e:c:n 4498.1674482
          e:c:w 4507.7239705
          e:n:w 5983.9257550
          c:n:w 5071.5516678
        b:e:c:n 1149.3752663
        b:e:c:w 1151.2891177
        b:e:n:w 2020.0951948
        b:c:n:w 1786.4780495
        e:c:n:w 48577.3935795
