########################################
# legofit: estimate population history #
#       version 2.3.4-4-g53f8760       #
########################################

# Program was compiled: Sep 21 2021 14:36:42
# Program was run: Sat Sep 25 22:03:23 2021

# cmd: legofit -1 -d 0 -t 32 --ptsPerDim 3 --stateOut b1boot37.state --tol 3e-6 -S 5000 abe2.lgo ../../chrX/boot_chrX/boot37.opf
# Stage nOptItr nSimReps
#     0    5000        0
# algorithm          : deterministic
# ignoring probs <=  : 0
# Branch length floor: 0
# DE strategy        : 2
#    F               : 0.3
#    CR              : 0.8
#    tolerance       : 3e-06
# nthreads           : 32
# lgo input file     : abe2.lgo
# site pat input file: ../../chrX/boot_chrX/boot37.opf
# free parameters    : 15
# points in DE swarm : 45
# output state file  : b1boot37.state
# Including singleton site patterns.
# cost function      : KL
Initial parameter values
Fixed:
      zero = 0
       one = 1
    Tbecnw = 75200
Free:
       pc1 = 0
       pc2 = 0
       pc3 = 0
       pc4 = 0
       pc5 = 0
       pc6 = 0
       pc7 = 0
       pc8 = 0
       pc9 = 0
      pc10 = 0
      pc11 = 0
      pc12 = 0
      pc13 = 0
      pc14 = 0
      pc15 = 0
Constrained:
   Tgbecnw = 234798
     Tecnw = 26559.5
       Tnw = 17239
       Tec = 8770.82
     twoNb = 712008
     twoNe = 204240
     twoNw = 758514
    twoNec = 89922.5
    twoNnw = 43047.9
  twoNecnw = 65974.9
  twoNbecnw = 23618.1
  twoNgbecnw = 300687
         m = 0.0882872
        m2 = 0.0222479
        m5 = 0.138665
        Tb = 17665.1
        Ta = 46432.6
        Te = 8619.48
DiffEv reached_goal. cost=2.19870e-03 spread=2.96243e-06
Fitted parameter values
Free:
       pc1 = -2.95621
       pc2 = -1.39849
       pc3 = -0.131424
       pc4 = -0.895554
       pc5 = -0.969231
       pc6 = 1.2008
       pc7 = 0.90628
       pc8 = 1.70495
       pc9 = 0.464487
      pc10 = 0.358934
      pc11 = 0.335634
      pc12 = -0.283838
      pc13 = -0.301471
      pc14 = -0.100066
      pc15 = 0.112628
Constrained:
   Tgbecnw = 151610
     Tecnw = 24930.2
       Tnw = 20385.4
       Tec = 10713.2
     twoNb = 849744
     twoNe = 337732
     twoNw = 988277
    twoNec = 73649.9
    twoNnw = 21151.5
  twoNecnw = 65567.7
  twoNbecnw = 19559.4
  twoNgbecnw = 364699
         m = 0.0719208
        m2 = 0.0219185
        m5 = 0.119601
        Tb = 17821.7
        Ta = 46510.9
        Te = 10192.7
#       SitePat  BranchLen
              b 123799.6714643
              e 46328.1802827
              c 47950.6532599
              n 45471.7468080
              w 45428.8751416
            b:e 1353.3090567
            b:c 1483.7820905
            b:n 1130.0242567
            b:w 1127.8867467
            e:c 12101.0381754
            e:n 4743.5878034
            e:w 4786.4594698
            c:n 4351.4352820
            c:w 4340.4275069
            n:w 12492.2676203
          b:e:c 1342.2203414
          b:e:n 611.7785495
          b:e:w 613.9160594
          b:c:n 615.3214853
          b:c:w 613.1147049
          b:n:w 1371.0096330
          e:c:n 4618.5222711
          e:c:w 4629.5300461
          e:n:w 5876.2510300
          c:n:w 5144.3234731
        b:e:c:n 1182.9280949
        b:e:c:w 1185.1348754
        b:e:n:w 1949.2354110
        b:c:n:w 1763.6598467
        e:c:n:w 48820.9012484
