########################################
# legofit: estimate population history #
#       version 2.3.4-4-g53f8760       #
########################################

# Program was compiled: Sep 21 2021 14:36:42
# Program was run: Sat Sep 25 21:53:20 2021

# cmd: legofit -1 -d 0 -t 32 --ptsPerDim 3 --stateOut b1boot9.state --tol 3e-6 -S 5000 abe2.lgo ../../chrX/boot_chrX/boot9.opf
# Stage nOptItr nSimReps
#     0    5000        0
# algorithm          : deterministic
# ignoring probs <=  : 0
# Branch length floor: 0
# DE strategy        : 2
#    F               : 0.3
#    CR              : 0.8
#    tolerance       : 3e-06
# nthreads           : 32
# lgo input file     : abe2.lgo
# site pat input file: ../../chrX/boot_chrX/boot9.opf
# free parameters    : 15
# points in DE swarm : 45
# output state file  : b1boot9.state
# Including singleton site patterns.
# cost function      : KL
Initial parameter values
Fixed:
      zero = 0
       one = 1
    Tbecnw = 75200
Free:
       pc1 = 0
       pc2 = 0
       pc3 = 0
       pc4 = 0
       pc5 = 0
       pc6 = 0
       pc7 = 0
       pc8 = 0
       pc9 = 0
      pc10 = 0
      pc11 = 0
      pc12 = 0
      pc13 = 0
      pc14 = 0
      pc15 = 0
Constrained:
   Tgbecnw = 234798
     Tecnw = 26559.5
       Tnw = 17239
       Tec = 8770.82
     twoNb = 712008
     twoNe = 204240
     twoNw = 758514
    twoNec = 89922.5
    twoNnw = 43047.9
  twoNecnw = 65974.9
  twoNbecnw = 23618.1
  twoNgbecnw = 300687
         m = 0.0882872
        m2 = 0.0222479
        m5 = 0.138665
        Tb = 17665.1
        Ta = 46432.6
        Te = 8619.48
DiffEv reached_goal. cost=2.31456e-03 spread=2.35362e-06
Fitted parameter values
Free:
       pc1 = -2.65941
       pc2 = -1.00524
       pc3 = 0.693614
       pc4 = 0.0122206
       pc5 = -0.950127
       pc6 = 0.585033
       pc7 = 0.651168
       pc8 = -0.278429
       pc9 = 1.62427
      pc10 = 0.184584
      pc11 = 0.637904
      pc12 = -0.200448
      pc13 = -0.0607158
      pc14 = 0.115742
      pc15 = -0.00746681
Constrained:
   Tgbecnw = 129477
     Tecnw = 25287.2
       Tnw = 18057.8
       Tec = 9730.82
     twoNb = 684820
     twoNe = 450173
     twoNw = 962395
    twoNec = 77388.3
    twoNnw = 32611.7
  twoNecnw = 65895
  twoNbecnw = 16005.8
  twoNgbecnw = 277395
         m = 0.100043
        m2 = 0.0205772
        m5 = 0.131954
        Tb = 17509
        Ta = 46354.5
        Te = 9028.91
#       SitePat  BranchLen
              b 123219.0063506
              e 45940.5207047
              c 47801.0875788
              n 45137.5972209
              w 45092.8989485
            b:e 1311.9459554
            b:c 1457.2285292
            b:n 1082.0840955
            b:w 1080.0278308
            e:c 12138.4942855
            e:n 4674.9117857
            e:w 4719.6100581
            c:n 4206.0467398
            c:w 4195.3503429
            n:w 12659.2532131
          b:e:c 1310.9921107
          b:e:n 586.7381713
          b:e:w 588.7944360
          b:c:n 590.7244614
          b:c:w 588.5818085
          b:n:w 1333.4003984
          e:c:n 4474.9296345
          e:c:w 4485.6260314
          e:n:w 5784.7585609
          c:n:w 4965.3526249
        b:e:c:n 1148.2086559
        b:e:c:w 1150.3513088
        b:e:n:w 1868.9687504
        b:c:n:w 1671.8763108
        e:c:n:w 48804.0789024
