########################################
# legofit: estimate population history #
#       version 2.3.4-4-g53f8760       #
########################################

# Program was compiled: Sep 21 2021 14:36:42
# Program was run: Sat Sep 25 21:55:47 2021

# cmd: legofit -1 -d 0 -t 32 --ptsPerDim 3 --stateOut b1boot15.state --tol 3e-6 -S 5000 abe2.lgo ../../chrX/boot_chrX/boot15.opf
# Stage nOptItr nSimReps
#     0    5000        0
# algorithm          : deterministic
# ignoring probs <=  : 0
# Branch length floor: 0
# DE strategy        : 2
#    F               : 0.3
#    CR              : 0.8
#    tolerance       : 3e-06
# nthreads           : 32
# lgo input file     : abe2.lgo
# site pat input file: ../../chrX/boot_chrX/boot15.opf
# free parameters    : 15
# points in DE swarm : 45
# output state file  : b1boot15.state
# Including singleton site patterns.
# cost function      : KL
Initial parameter values
Fixed:
      zero = 0
       one = 1
    Tbecnw = 75200
Free:
       pc1 = 0
       pc2 = 0
       pc3 = 0
       pc4 = 0
       pc5 = 0
       pc6 = 0
       pc7 = 0
       pc8 = 0
       pc9 = 0
      pc10 = 0
      pc11 = 0
      pc12 = 0
      pc13 = 0
      pc14 = 0
      pc15 = 0
Constrained:
   Tgbecnw = 234798
     Tecnw = 26559.5
       Tnw = 17239
       Tec = 8770.82
     twoNb = 712008
     twoNe = 204240
     twoNw = 758514
    twoNec = 89922.5
    twoNnw = 43047.9
  twoNecnw = 65974.9
  twoNbecnw = 23618.1
  twoNgbecnw = 300687
         m = 0.0882872
        m2 = 0.0222479
        m5 = 0.138665
        Tb = 17665.1
        Ta = 46432.6
        Te = 8619.48
DiffEv reached_goal. cost=2.22570e-03 spread=2.52670e-06
Fitted parameter values
Free:
       pc1 = 0.00446334
       pc2 = 0.557717
       pc3 = 1.04453
       pc4 = 1.04191
       pc5 = -0.496862
       pc6 = 0.18273
       pc7 = -0.463709
       pc8 = 1.30172
       pc9 = 0.858618
      pc10 = 0.200856
      pc11 = -0.154191
      pc12 = -0.0685284
      pc13 = -0.163898
      pc14 = -0.0629256
      pc15 = -0.0518673
Constrained:
   Tgbecnw = 142801
     Tecnw = 26293.8
       Tnw = 16744.5
       Tec = 8576.72
     twoNb = 873692
     twoNe = 40588
     twoNw = 1.03387e+06
    twoNec = 91313.4
    twoNnw = 43526
  twoNecnw = 64832
  twoNbecnw = 20966
  twoNgbecnw = 220325
         m = 0.11501
        m2 = 0.0235603
        m5 = 0.142833
        Tb = 17435.3
        Ta = 46317.6
        Te = 8372.27
#       SitePat  BranchLen
              b 125543.7752971
              e 47161.4312956
              c 49264.1389264
              n 46021.5615755
              w 45977.3397159
            b:e 1473.8229781
            b:c 1648.5370888
            b:n 1204.0743512
            b:w 1201.9278973
            e:c 12279.4010454
            e:n 4918.8768816
            e:w 4963.0987412
            c:n 4385.3188010
            c:w 4374.8587337
            n:w 13061.4811308
          b:e:c 1434.4004999
          b:e:n 659.1987946
          b:e:w 661.3452485
          b:c:n 663.0554374
          b:c:w 660.8388738
          b:n:w 1461.6099210
          e:c:n 4694.7562435
          e:c:w 4705.2163107
          e:n:w 6219.6717100
          c:n:w 5296.1842255
        b:e:c:n 1261.0778858
        b:e:c:w 1263.2944494
        b:e:n:w 2084.2118700
        b:c:n:w 1848.7253899
        e:c:n:w 49290.0923006
