########################################
# legofit: estimate population history #
#       version 2.3.4-4-g53f8760       #
########################################

# Program was compiled: Sep 21 2021 14:36:42
# Program was run: Sat Sep 25 21:50:10 2021

# cmd: legofit -1 -d 0 -t 32 --ptsPerDim 3 --stateOut b1boot3.state --tol 3e-6 -S 5000 abe2.lgo ../../chrX/boot_chrX/boot3.opf
# Stage nOptItr nSimReps
#     0    5000        0
# algorithm          : deterministic
# ignoring probs <=  : 0
# Branch length floor: 0
# DE strategy        : 2
#    F               : 0.3
#    CR              : 0.8
#    tolerance       : 3e-06
# nthreads           : 32
# lgo input file     : abe2.lgo
# site pat input file: ../../chrX/boot_chrX/boot3.opf
# free parameters    : 15
# points in DE swarm : 45
# output state file  : b1boot3.state
# Including singleton site patterns.
# cost function      : KL
Initial parameter values
Fixed:
      zero = 0
       one = 1
    Tbecnw = 75200
Free:
       pc1 = 0
       pc2 = 0
       pc3 = 0
       pc4 = 0
       pc5 = 0
       pc6 = 0
       pc7 = 0
       pc8 = 0
       pc9 = 0
      pc10 = 0
      pc11 = 0
      pc12 = 0
      pc13 = 0
      pc14 = 0
      pc15 = 0
Constrained:
   Tgbecnw = 234798
     Tecnw = 26559.5
       Tnw = 17239
       Tec = 8770.82
     twoNb = 712008
     twoNe = 204240
     twoNw = 758514
    twoNec = 89922.5
    twoNnw = 43047.9
  twoNecnw = 65974.9
  twoNbecnw = 23618.1
  twoNgbecnw = 300687
         m = 0.0882872
        m2 = 0.0222479
        m5 = 0.138665
        Tb = 17665.1
        Ta = 46432.6
        Te = 8619.48
DiffEv reached_goal. cost=2.36937e-03 spread=1.97750e-06
Fitted parameter values
Free:
       pc1 = -0.208311
       pc2 = 1.11421
       pc3 = 1.18337
       pc4 = 1.46637
       pc5 = -0.665635
       pc6 = 1.57643
       pc7 = -0.347382
       pc8 = 1.49204
       pc9 = 1.04588
      pc10 = 0.643976
      pc11 = 0.112123
      pc12 = 0.0694879
      pc13 = 0.20928
      pc14 = 0.146021
      pc15 = 0.0301907
Constrained:
   Tgbecnw = 134771
     Tecnw = 26725.3
       Tnw = 17026.7
       Tec = 8524.26
     twoNb = 918050
     twoNe = 139836
     twoNw = 1.20588e+06
    twoNec = 91325.5
    twoNnw = 45108.7
  twoNecnw = 66000.5
  twoNbecnw = 19517.4
  twoNgbecnw = 174752
         m = 0.154201
        m2 = 0.024169
        m5 = 0.133591
        Tb = 17624.8
        Ta = 46412.4
        Te = 8513.35
#       SitePat  BranchLen
              b 126278.9841501
              e 47511.0660833
              c 49445.7482157
              n 46628.4380801
              w 46592.0938723
            b:e 1394.9094581
            b:c 1550.1327461
            b:n 1115.0011476
            b:w 1113.3855178
            e:c 12391.0040225
            e:n 4808.1694006
            e:w 4844.5136084
            c:n 4307.5703183
            c:w 4299.1986388
            n:w 12933.6361247
          b:e:c 1328.2098097
          b:e:n 604.0893984
          b:e:w 605.7050282
          b:c:n 607.0146491
          b:c:w 605.3475343
          b:n:w 1359.7049464
          e:c:n 4600.2095210
          e:c:w 4608.5812005
          e:n:w 5984.5844614
          c:n:w 5147.8773837
        b:e:c:n 1166.8578836
        b:e:c:w 1168.5249984
        b:e:n:w 1963.1241731
        b:c:n:w 1753.2720509
        e:c:n:w 49634.7149454
