########################################
# legofit: estimate population history #
#       version 2.3.4-4-g53f8760       #
########################################

# Program was compiled: Sep 21 2021 14:36:42
# Program was run: Sat Sep 25 21:48:00 2021

# cmd: legofit -1 -d 0 -t 32 --ptsPerDim 3 --stateOut b1boot0.state --tol 3e-6 -S 5000 abe2.lgo ../../chrX/boot_chrX/boot0.opf
# Stage nOptItr nSimReps
#     0    5000        0
# algorithm          : deterministic
# ignoring probs <=  : 0
# Branch length floor: 0
# DE strategy        : 2
#    F               : 0.3
#    CR              : 0.8
#    tolerance       : 3e-06
# nthreads           : 32
# lgo input file     : abe2.lgo
# site pat input file: ../../chrX/boot_chrX/boot0.opf
# free parameters    : 15
# points in DE swarm : 45
# output state file  : b1boot0.state
# Including singleton site patterns.
# cost function      : KL
Initial parameter values
Fixed:
      zero = 0
       one = 1
    Tbecnw = 75200
Free:
       pc1 = 0
       pc2 = 0
       pc3 = 0
       pc4 = 0
       pc5 = 0
       pc6 = 0
       pc7 = 0
       pc8 = 0
       pc9 = 0
      pc10 = 0
      pc11 = 0
      pc12 = 0
      pc13 = 0
      pc14 = 0
      pc15 = 0
Constrained:
   Tgbecnw = 234798
     Tecnw = 26559.5
       Tnw = 17239
       Tec = 8770.82
     twoNb = 712008
     twoNe = 204240
     twoNw = 758514
    twoNec = 89922.5
    twoNnw = 43047.9
  twoNecnw = 65974.9
  twoNbecnw = 23618.1
  twoNgbecnw = 300687
         m = 0.0882872
        m2 = 0.0222479
        m5 = 0.138665
        Tb = 17665.1
        Ta = 46432.6
        Te = 8619.48
DiffEv reached_goal. cost=2.25562e-03 spread=1.74467e-06
Fitted parameter values
Free:
       pc1 = -0.969469
       pc2 = -0.1498
       pc3 = 0.626269
       pc4 = -1.90769
       pc5 = -0.441997
       pc6 = 1.61795
       pc7 = -1.16373
       pc8 = 1.60494
       pc9 = 0.647923
      pc10 = -0.477089
      pc11 = 0.802333
      pc12 = -0.822612
      pc13 = -0.511982
      pc14 = 0.0985943
      pc15 = -0.136866
Constrained:
   Tgbecnw = 163993
     Tecnw = 25390.7
       Tnw = 16466.4
       Tec = 9967.97
     twoNb = 866962
     twoNe = 576106
     twoNw = 796330
    twoNec = 77367.9
    twoNnw = 40609.4
  twoNecnw = 66552.3
  twoNbecnw = 21247.1
  twoNgbecnw = 368577
         m = 0.07098
        m2 = 0.0256945
        m5 = 0.130895
        Tb = 17679.3
        Ta = 46439.7
        Te = 8233.19
#       SitePat  BranchLen
              b 124644.3905587
              e 46785.4801487
              c 48740.1517975
              n 45512.7925940
              w 45461.6529982
            b:e 1363.6489551
            b:c 1512.3519025
            b:n 1118.0173789
            b:w 1115.7004152
            e:c 12293.3339250
            e:n 4813.8790603
            e:w 4865.0186561
            c:n 4323.8035031
            c:w 4311.8205988
            n:w 13098.9014315
          b:e:c 1336.1981590
          b:e:n 602.9094464
          b:e:w 605.2264101
          b:c:n 606.5028869
          b:c:w 604.1242501
          b:n:w 1374.7725366
          e:c:n 4576.5091729
          e:c:w 4588.4920772
          e:n:w 5975.8516623
          c:n:w 5134.1389341
        b:e:c:n 1160.2317297
        b:e:c:w 1162.6103666
        b:e:n:w 2051.9590943
        b:c:n:w 1831.0795440
        e:c:n:w 48908.3748828
