########################################
# legofit: estimate population history #
#       version 2.3.4-4-g53f8760       #
########################################

# Program was compiled: Sep 21 2021 14:36:42
# Program was run: Sat Sep 25 22:05:57 2021

# cmd: legofit -1 -d 0 -t 32 --ptsPerDim 3 --stateOut b1boot45.state --tol 3e-6 -S 5000 abe2.lgo ../../chrX/boot_chrX/boot45.opf
# Stage nOptItr nSimReps
#     0    5000        0
# algorithm          : deterministic
# ignoring probs <=  : 0
# Branch length floor: 0
# DE strategy        : 2
#    F               : 0.3
#    CR              : 0.8
#    tolerance       : 3e-06
# nthreads           : 32
# lgo input file     : abe2.lgo
# site pat input file: ../../chrX/boot_chrX/boot45.opf
# free parameters    : 15
# points in DE swarm : 45
# output state file  : b1boot45.state
# Including singleton site patterns.
# cost function      : KL
Initial parameter values
Fixed:
      zero = 0
       one = 1
    Tbecnw = 75200
Free:
       pc1 = 0
       pc2 = 0
       pc3 = 0
       pc4 = 0
       pc5 = 0
       pc6 = 0
       pc7 = 0
       pc8 = 0
       pc9 = 0
      pc10 = 0
      pc11 = 0
      pc12 = 0
      pc13 = 0
      pc14 = 0
      pc15 = 0
Constrained:
   Tgbecnw = 234798
     Tecnw = 26559.5
       Tnw = 17239
       Tec = 8770.82
     twoNb = 712008
     twoNe = 204240
     twoNw = 758514
    twoNec = 89922.5
    twoNnw = 43047.9
  twoNecnw = 65974.9
  twoNbecnw = 23618.1
  twoNgbecnw = 300687
         m = 0.0882872
        m2 = 0.0222479
        m5 = 0.138665
        Tb = 17665.1
        Ta = 46432.6
        Te = 8619.48
DiffEv reached_goal. cost=2.10324e-03 spread=2.98052e-06
Fitted parameter values
Free:
       pc1 = 0.999524
       pc2 = -0.794718
       pc3 = 1.79284
       pc4 = 0.554557
       pc5 = -1.02909
       pc6 = 0.893616
       pc7 = 0.999332
       pc8 = 1.84116
       pc9 = 0.180124
      pc10 = -0.111027
      pc11 = 0.128863
      pc12 = -0.275201
      pc13 = -0.0566676
      pc14 = 0.043915
      pc15 = 0.00858596
Constrained:
   Tgbecnw = 169090
     Tecnw = 26466.1
       Tnw = 15542.8
       Tec = 8059.7
     twoNb = 1.06315e+06
     twoNe = 158455
     twoNw = 1.28649e+06
    twoNec = 92411.1
    twoNnw = 50860
  twoNecnw = 63454.2
  twoNbecnw = 21981.1
  twoNgbecnw = 379903
         m = 0.0676902
        m2 = 0.0224218
        m5 = 0.134602
        Tb = 17262.9
        Ta = 46231.4
        Te = 7771.42
#       SitePat  BranchLen
              b 124863.4003522
              e 46709.0814325
              c 48650.2966306
              n 45780.7842409
              w 45749.2408512
            b:e 1316.2901573
            b:c 1458.5010068
            b:n 1116.1305146
            b:w 1114.7389306
            e:c 12279.3969763
            e:n 4783.6759584
            e:w 4815.2193481
            c:n 4276.3801264
            c:w 4269.1867438
            n:w 12867.7966316
          b:e:c 1312.0651968
          b:e:n 600.4972988
          b:e:w 601.8888828
          b:c:n 602.9644145
          b:c:w 601.5403956
          b:n:w 1348.0727194
          e:c:n 4597.2204328
          e:c:w 4604.4138154
          e:n:w 5887.9408491
          c:n:w 5065.0799081
        b:e:c:n 1153.6744390
        b:e:c:w 1155.0984580
        b:e:n:w 1945.6011122
        b:c:n:w 1736.2457998
        e:c:n:w 49164.6454110
