########################################
# legofit: estimate population history #
#       version 2.3.4-4-g53f8760       #
########################################

# Program was compiled: Sep 21 2021 14:36:42
# Program was run: Sat Sep 25 22:10:15 2021

# cmd: legofit -1 -d 0 -t 32 --ptsPerDim 3 --stateOut b1boot49.state --tol 3e-6 -S 5000 abe2.lgo ../../chrX/boot_chrX/boot49.opf
# Stage nOptItr nSimReps
#     0    5000        0
# algorithm          : deterministic
# ignoring probs <=  : 0
# Branch length floor: 0
# DE strategy        : 2
#    F               : 0.3
#    CR              : 0.8
#    tolerance       : 3e-06
# nthreads           : 32
# lgo input file     : abe2.lgo
# site pat input file: ../../chrX/boot_chrX/boot49.opf
# free parameters    : 15
# points in DE swarm : 45
# output state file  : b1boot49.state
# Including singleton site patterns.
# cost function      : KL
Initial parameter values
Fixed:
      zero = 0
       one = 1
    Tbecnw = 75200
Free:
       pc1 = 0
       pc2 = 0
       pc3 = 0
       pc4 = 0
       pc5 = 0
       pc6 = 0
       pc7 = 0
       pc8 = 0
       pc9 = 0
      pc10 = 0
      pc11 = 0
      pc12 = 0
      pc13 = 0
      pc14 = 0
      pc15 = 0
Constrained:
   Tgbecnw = 234798
     Tecnw = 26559.5
       Tnw = 17239
       Tec = 8770.82
     twoNb = 712008
     twoNe = 204240
     twoNw = 758514
    twoNec = 89922.5
    twoNnw = 43047.9
  twoNecnw = 65974.9
  twoNbecnw = 23618.1
  twoNgbecnw = 300687
         m = 0.0882872
        m2 = 0.0222479
        m5 = 0.138665
        Tb = 17665.1
        Ta = 46432.6
        Te = 8619.48
DiffEv reached_goal. cost=2.22286e-03 spread=2.96691e-06
Fitted parameter values
Free:
       pc1 = -3.2381
       pc2 = -0.0438791
       pc3 = 1.88724
       pc4 = -0.0503667
       pc5 = -1.14076
       pc6 = -0.735725
       pc7 = 0.605233
       pc8 = 1.58383
       pc9 = 0.881813
      pc10 = 0.931455
      pc11 = 0.7885
      pc12 = -0.39
      pc13 = -0.330311
      pc14 = 0.324501
      pc15 = -0.0303773
Constrained:
   Tgbecnw = 125992
     Tecnw = 25452.6
       Tnw = 19892.2
       Tec = 11519
     twoNb = 997870
     twoNe = 263166
     twoNw = 1.00969e+06
    twoNec = 71164.6
    twoNnw = 25552.7
  twoNecnw = 64524.6
  twoNbecnw = 16092.7
  twoNgbecnw = 252532
         m = 0.107273
        m2 = 0.021246
        m5 = 0.145091
        Tb = 18485.8
        Ta = 46842.9
        Te = 9946.08
#       SitePat  BranchLen
              b 123263.0624765
              e 46208.0779374
              c 48182.4491361
              n 45349.5989342
              w 45299.5438611
            b:e 1357.8970869
            b:c 1520.2292029
            b:n 1136.4853528
            b:w 1133.9812545
            e:c 11769.9055455
            e:n 4756.5144893
            e:w 4806.5695624
            c:n 4273.3391049
            c:w 4260.7977306
            n:w 12328.8279755
          b:e:c 1356.3384014
          b:e:n 624.2181595
          b:e:w 626.7222578
          b:c:n 628.9026160
          b:c:w 626.2917948
          b:n:w 1380.8157377
          e:c:n 4544.8615617
          e:c:w 4557.4029360
          e:n:w 5943.5758080
          c:n:w 5055.0329672
        b:e:c:n 1206.8408569
        b:e:c:w 1209.4516782
        b:e:n:w 1962.8302097
        b:c:n:w 1739.3629239
        e:c:n:w 48842.2237336
