########################################
# legofit: estimate population history #
#       version 2.3.4-4-g53f8760       #
########################################

# Program was compiled: Sep 21 2021 14:36:42
# Program was run: Sat Sep 25 21:53:51 2021

# cmd: legofit -1 -d 0 -t 32 --ptsPerDim 3 --stateOut b1boot11.state --tol 3e-6 -S 5000 abe2.lgo ../../chrX/boot_chrX/boot11.opf
# Stage nOptItr nSimReps
#     0    5000        0
# algorithm          : deterministic
# ignoring probs <=  : 0
# Branch length floor: 0
# DE strategy        : 2
#    F               : 0.3
#    CR              : 0.8
#    tolerance       : 3e-06
# nthreads           : 32
# lgo input file     : abe2.lgo
# site pat input file: ../../chrX/boot_chrX/boot11.opf
# free parameters    : 15
# points in DE swarm : 45
# output state file  : b1boot11.state
# Including singleton site patterns.
# cost function      : KL
Initial parameter values
Fixed:
      zero = 0
       one = 1
    Tbecnw = 75200
Free:
       pc1 = 0
       pc2 = 0
       pc3 = 0
       pc4 = 0
       pc5 = 0
       pc6 = 0
       pc7 = 0
       pc8 = 0
       pc9 = 0
      pc10 = 0
      pc11 = 0
      pc12 = 0
      pc13 = 0
      pc14 = 0
      pc15 = 0
Constrained:
   Tgbecnw = 234798
     Tecnw = 26559.5
       Tnw = 17239
       Tec = 8770.82
     twoNb = 712008
     twoNe = 204240
     twoNw = 758514
    twoNec = 89922.5
    twoNnw = 43047.9
  twoNecnw = 65974.9
  twoNbecnw = 23618.1
  twoNgbecnw = 300687
         m = 0.0882872
        m2 = 0.0222479
        m5 = 0.138665
        Tb = 17665.1
        Ta = 46432.6
        Te = 8619.48
DiffEv reached_goal. cost=2.28632e-03 spread=1.90456e-06
Fitted parameter values
Free:
       pc1 = -1.37496
       pc2 = -0.481449
       pc3 = 0.689
       pc4 = 0.266136
       pc5 = -0.127902
       pc6 = 1.20481
       pc7 = -0.379627
       pc8 = 1.4439
       pc9 = 1.98891
      pc10 = -0.282847
      pc11 = 0.69727
      pc12 = -0.478608
      pc13 = -0.00841192
      pc14 = -0.0461006
      pc15 = -0.0634925
Constrained:
   Tgbecnw = 131013
     Tecnw = 25283.1
       Tnw = 16044.1
       Tec = 8782.31
     twoNb = 832606
     twoNe = 205430
     twoNw = 900159
    twoNec = 80002.9
    twoNnw = 40872
  twoNecnw = 65776.8
  twoNbecnw = 16649.2
  twoNgbecnw = 266675
         m = 0.104966
        m2 = 0.0237154
        m5 = 0.128752
        Tb = 17032.7
        Ta = 46116.4
        Te = 8022.05
#       SitePat  BranchLen
              b 124156.9787306
              e 45941.1763104
              c 47861.1039533
              n 44888.1377057
              w 44845.2545410
            b:e 1348.3548797
            b:c 1497.2089589
            b:n 1095.1592066
            b:w 1093.2338812
            e:c 12419.0997071
            e:n 4679.6005751
            e:w 4722.4837398
            c:n 4191.7374546
            c:w 4181.8035682
            n:w 13086.6881688
          b:e:c 1343.0543456
          b:e:n 590.3018957
          b:e:w 592.2272211
          b:c:n 594.0590575
          b:c:w 592.0558177
          b:n:w 1374.2310298
          e:c:n 4504.5478954
          e:c:w 4514.4817817
          e:n:w 5878.4378709
          c:n:w 5044.1709264
        b:e:c:n 1159.6095592
        b:e:c:w 1161.6127990
        b:e:n:w 1977.8647356
        b:c:n:w 1768.3074592
        e:c:n:w 49511.4064871
