########################################
# legofit: estimate population history #
#       version 2.3.4-4-g53f8760       #
########################################

# Program was compiled: Sep 21 2021 14:36:42
# Program was run: Sat Sep 25 22:01:45 2021

# cmd: legofit -1 -d 0 -t 32 --ptsPerDim 3 --stateOut b1boot32.state --tol 3e-6 -S 5000 abe2.lgo ../../chrX/boot_chrX/boot32.opf
# Stage nOptItr nSimReps
#     0    5000        0
# algorithm          : deterministic
# ignoring probs <=  : 0
# Branch length floor: 0
# DE strategy        : 2
#    F               : 0.3
#    CR              : 0.8
#    tolerance       : 3e-06
# nthreads           : 32
# lgo input file     : abe2.lgo
# site pat input file: ../../chrX/boot_chrX/boot32.opf
# free parameters    : 15
# points in DE swarm : 45
# output state file  : b1boot32.state
# Including singleton site patterns.
# cost function      : KL
Initial parameter values
Fixed:
      zero = 0
       one = 1
    Tbecnw = 75200
Free:
       pc1 = 0
       pc2 = 0
       pc3 = 0
       pc4 = 0
       pc5 = 0
       pc6 = 0
       pc7 = 0
       pc8 = 0
       pc9 = 0
      pc10 = 0
      pc11 = 0
      pc12 = 0
      pc13 = 0
      pc14 = 0
      pc15 = 0
Constrained:
   Tgbecnw = 234798
     Tecnw = 26559.5
       Tnw = 17239
       Tec = 8770.82
     twoNb = 712008
     twoNe = 204240
     twoNw = 758514
    twoNec = 89922.5
    twoNnw = 43047.9
  twoNecnw = 65974.9
  twoNbecnw = 23618.1
  twoNgbecnw = 300687
         m = 0.0882872
        m2 = 0.0222479
        m5 = 0.138665
        Tb = 17665.1
        Ta = 46432.6
        Te = 8619.48
DiffEv reached_goal. cost=2.17005e-03 spread=2.75789e-06
Fitted parameter values
Free:
       pc1 = -0.865688
       pc2 = -1.59172
       pc3 = 1.02955
       pc4 = -0.359711
       pc5 = -0.935896
       pc6 = -0.204066
       pc7 = 0.85073
       pc8 = 0.126612
       pc9 = -0.218478
      pc10 = 0.642789
      pc11 = 0.605931
      pc12 = -0.169605
      pc13 = 0.107617
      pc14 = 0.320986
      pc15 = -0.0897059
Constrained:
   Tgbecnw = 161369
     Tecnw = 26542.8
       Tnw = 17982.3
       Tec = 9826.68
     twoNb = 801672
     twoNe = 341165
     twoNw = 960345
    twoNec = 82822.8
    twoNnw = 37726.8
  twoNecnw = 63012.3
  twoNbecnw = 20438.3
  twoNgbecnw = 435454
         m = 0.0615088
        m2 = 0.0204126
        m5 = 0.137809
        Tb = 18184.7
        Ta = 46692.4
        Te = 8991.15
#       SitePat  BranchLen
              b 124629.0832280
              e 46561.7910078
              c 48550.1386584
              n 45618.1226169
              w 45570.8470907
            b:e 1317.3964264
            b:c 1469.7703804
            b:n 1108.8491102
            b:w 1106.6586797
            e:c 12132.1177644
            e:n 4674.7341891
            e:w 4722.0097153
            c:n 4176.5676104
            c:w 4165.4123491
            n:w 12759.9085380
          b:e:c 1336.0128184
          b:e:n 596.8252184
          b:e:w 599.0156489
          b:c:n 600.5003351
          b:c:w 598.2463348
          b:n:w 1364.4801075
          e:c:n 4509.9633469
          e:c:w 4521.1186082
          e:n:w 5890.0626679
          c:n:w 5015.1798950
        b:e:c:n 1154.6753412
        b:e:c:w 1156.9293415
        b:e:n:w 1916.7638828
        b:c:n:w 1702.7831831
        e:c:n:w 49568.5741265
