########################################
# legofit: estimate population history #
#       version 2.3.4-4-g53f8760       #
########################################

# Program was compiled: Sep 21 2021 14:36:42
# Program was run: Sat Sep 25 22:02:16 2021

# cmd: legofit -1 -d 0 -t 32 --ptsPerDim 3 --stateOut b1boot33.state --tol 3e-6 -S 5000 abe2.lgo ../../chrX/boot_chrX/boot33.opf
# Stage nOptItr nSimReps
#     0    5000        0
# algorithm          : deterministic
# ignoring probs <=  : 0
# Branch length floor: 0
# DE strategy        : 2
#    F               : 0.3
#    CR              : 0.8
#    tolerance       : 3e-06
# nthreads           : 32
# lgo input file     : abe2.lgo
# site pat input file: ../../chrX/boot_chrX/boot33.opf
# free parameters    : 15
# points in DE swarm : 45
# output state file  : b1boot33.state
# Including singleton site patterns.
# cost function      : KL
Initial parameter values
Fixed:
      zero = 0
       one = 1
    Tbecnw = 75200
Free:
       pc1 = 0
       pc2 = 0
       pc3 = 0
       pc4 = 0
       pc5 = 0
       pc6 = 0
       pc7 = 0
       pc8 = 0
       pc9 = 0
      pc10 = 0
      pc11 = 0
      pc12 = 0
      pc13 = 0
      pc14 = 0
      pc15 = 0
Constrained:
   Tgbecnw = 234798
     Tecnw = 26559.5
       Tnw = 17239
       Tec = 8770.82
     twoNb = 712008
     twoNe = 204240
     twoNw = 758514
    twoNec = 89922.5
    twoNnw = 43047.9
  twoNecnw = 65974.9
  twoNbecnw = 23618.1
  twoNgbecnw = 300687
         m = 0.0882872
        m2 = 0.0222479
        m5 = 0.138665
        Tb = 17665.1
        Ta = 46432.6
        Te = 8619.48
DiffEv reached_goal. cost=2.31002e-03 spread=2.16248e-06
Fitted parameter values
Free:
       pc1 = -0.713271
       pc2 = -0.20471
       pc3 = 0.802634
       pc4 = -0.0915054
       pc5 = -0.869461
       pc6 = 1.48083
       pc7 = 1.41049
       pc8 = 1.10065
       pc9 = -0.327613
      pc10 = 0.910866
      pc11 = 0.018131
      pc12 = -0.356404
      pc13 = -0.0565821
      pc14 = 0.0295397
      pc15 = -0.0712267
Constrained:
   Tgbecnw = 167345
     Tecnw = 26654.8
       Tnw = 18257.8
       Tec = 9660.49
     twoNb = 964107
     twoNe = 379755
     twoNw = 1.14065e+06
    twoNec = 85658.5
    twoNnw = 36026.4
  twoNecnw = 64847.4
  twoNbecnw = 23068.3
  twoNgbecnw = 296078
         m = 0.091623
        m2 = 0.0216315
        m5 = 0.124922
        Tb = 18157.6
        Ta = 46678.8
        Te = 9128.9
#       SitePat  BranchLen
              b 128452.7024698
              e 47502.1567898
              c 49385.7556666
              n 46194.3266112
              w 46157.2381914
            b:e 1387.0262432
            b:c 1533.9477153
            b:n 1137.8932042
            b:w 1136.1527214
            e:c 12496.6757287
            e:n 4738.1842283
            e:w 4775.2726481
            c:n 4268.3990439
            c:w 4259.5607052
            n:w 13275.1660526
          b:e:c 1383.6996947
          b:e:n 609.9493971
          b:e:w 611.6898799
          b:c:n 612.6825822
          b:c:w 610.9028664
          b:n:w 1419.8672984
          e:c:n 4607.3133398
          e:c:w 4616.1516785
          e:n:w 6081.4577158
          c:n:w 5241.9455713
        b:e:c:n 1174.5588943
        b:e:c:w 1176.3386101
        b:e:n:w 2006.1883369
        b:c:n:w 1798.7310661
        e:c:n:w 51885.6679536
