########################################
# legofit: estimate population history #
#       version 2.3.4-4-g53f8760       #
########################################

# Program was compiled: Sep 21 2021 14:36:42
# Program was run: Sat Sep 25 12:24:56 2021

# cmd: legofit -1 -d 0 -t 32 --ptsPerDim 3 --stateOut b1.state --tol 3e-6 -S 5000 ac2.lgo ../../pan.opf
# Stage nOptItr nSimReps
#     0    5000        0
# algorithm          : deterministic
# ignoring probs <=  : 0
# Branch length floor: 0
# DE strategy        : 2
#    F               : 0.3
#    CR              : 0.8
#    tolerance       : 3e-06
# nthreads           : 32
# lgo input file     : ac2.lgo
# site pat input file: ../../pan.opf
# free parameters    : 14
# points in DE swarm : 42
# output state file  : b1.state
# Including singleton site patterns.
# cost function      : KL
Initial parameter values
Fixed:
      zero = 0
       one = 1
    Tbecnw = 75200
Free:
       pc1 = 0
       pc2 = 0
       pc3 = 0
       pc4 = 0
       pc5 = 0
       pc6 = 0
       pc7 = 0
       pc8 = 0
       pc9 = 0
      pc10 = 0
      pc11 = 0
      pc12 = 0
      pc13 = 0
      pc14 = 0
Constrained:
   Tgbecnw = 155416
     Tecnw = 29865.1
       Tnw = 24367.6
       Tec = 14392.8
     twoNb = 141791
     twoNe = 18275.3
     twoNn = 146696
    twoNec = 179207
    twoNnw = 19549
  twoNecnw = 85552
  twoNbecnw = 31008.5
  twoNgbecnw = 222844
         m = 0.161765
        m3 = 0.175136
        Ta = 37600
        Tc = 12183.8
DiffEv reached_goal. cost=2.04040e-03 spread=2.88642e-06
Fitted parameter values
Free:
       pc1 = 3.99843
       pc2 = 3.96581
       pc3 = -1.99617
       pc4 = 1.97998
       pc5 = 0.824536
       pc6 = -1.87103
       pc7 = 1.31281
       pc8 = 0.650054
       pc9 = 0.0343074
      pc10 = -0.0435223
      pc11 = 0.00760746
      pc12 = -0.0993099
      pc13 = -0.108458
      pc14 = -0.0526393
Constrained:
   Tgbecnw = 115842
     Tecnw = 26499.6
       Tnw = 24530.7
       Tec = 13585.4
     twoNb = 41442.5
     twoNe = 11952.5
     twoNn = 166896
    twoNec = 150609
    twoNnw = 6769.26
  twoNecnw = 81487.5
  twoNbecnw = 16444.2
  twoNgbecnw = 273764
         m = 0.125639
        m3 = 0.186788
        Ta = 37600
        Tc = 12265.4
#       SitePat  BranchLen
              b 134123.0718675
              e 53148.0590054
              c 54058.5808349
              n 48311.3998449
              w 50450.3240809
            b:e 2430.1422060
            b:c 2502.4806031
            b:n 1871.6159013
            b:w 2068.8467904
            e:c 10962.3684116
            e:n 6384.1868399
            e:w 5102.1563872
            c:n 5473.6650104
            c:w 5329.8562891
            n:w 13669.4431565
          b:e:c 2363.2560432
          b:e:n 1273.6055024
          b:e:w 1205.0479993
          b:c:n 1201.2671053
          b:c:w 1282.9895342
          b:n:w 2323.7749917
          e:c:n 5283.4565054
          e:c:w 4570.3714434
          e:n:w 6556.1471377
          c:n:w 6328.4472357
        b:e:c:n 2316.2480765
        b:e:c:w 2105.8522615
        b:e:n:w 2785.5820467
        b:c:n:w 2707.6405118
        e:c:n:w 56074.9415747
