########################################
# legofit: estimate population history #
#       version 2.3.4-4-g53f8760       #
########################################

# Program was compiled: Sep 21 2021 14:36:42
# Program was run: Sat Sep 25 12:31:07 2021

# cmd: legofit -1 -d 0 -t 32 --ptsPerDim 3 --stateOut b1boot38.state --tol 3e-6 -S 5000 ac2.lgo ../../boot/boot38.opf
# Stage nOptItr nSimReps
#     0    5000        0
# algorithm          : deterministic
# ignoring probs <=  : 0
# Branch length floor: 0
# DE strategy        : 2
#    F               : 0.3
#    CR              : 0.8
#    tolerance       : 3e-06
# nthreads           : 32
# lgo input file     : ac2.lgo
# site pat input file: ../../boot/boot38.opf
# free parameters    : 14
# points in DE swarm : 42
# output state file  : b1boot38.state
# Including singleton site patterns.
# cost function      : KL
Initial parameter values
Fixed:
      zero = 0
       one = 1
    Tbecnw = 75200
Free:
       pc1 = 0
       pc2 = 0
       pc3 = 0
       pc4 = 0
       pc5 = 0
       pc6 = 0
       pc7 = 0
       pc8 = 0
       pc9 = 0
      pc10 = 0
      pc11 = 0
      pc12 = 0
      pc13 = 0
      pc14 = 0
Constrained:
   Tgbecnw = 155416
     Tecnw = 29865.1
       Tnw = 24367.6
       Tec = 14392.8
     twoNb = 141791
     twoNe = 18275.3
     twoNn = 146696
    twoNec = 179207
    twoNnw = 19549
  twoNecnw = 85552
  twoNbecnw = 31008.5
  twoNgbecnw = 222844
         m = 0.161765
        m3 = 0.175136
        Ta = 37600
        Tc = 12183.8
DiffEv reached_goal. cost=2.03029e-03 spread=2.48495e-06
Fitted parameter values
Free:
       pc1 = 3.86737
       pc2 = 3.96369
       pc3 = -1.94543
       pc4 = 1.93293
       pc5 = 0.796025
       pc6 = -1.96431
       pc7 = 1.07164
       pc8 = 0.822281
       pc9 = -0.020751
      pc10 = -0.0365456
      pc11 = 0.0566593
      pc12 = -0.0587053
      pc13 = -0.114309
      pc14 = -0.0407693
Constrained:
   Tgbecnw = 117067
     Tecnw = 26491.5
       Tnw = 24654.9
       Tec = 13593.1
     twoNb = 74044.9
     twoNe = 11487.7
     twoNn = 141359
    twoNec = 149884
    twoNnw = 6349.28
  twoNecnw = 81167.6
  twoNbecnw = 16802.9
  twoNgbecnw = 273063
         m = 0.124842
        m3 = 0.184015
        Ta = 37600
        Tc = 12327.4
#       SitePat  BranchLen
              b 133978.8387420
              e 53092.6789690
              c 53985.3918942
              n 48308.8111293
              w 50413.7758931
            b:e 2404.6242499
            b:c 2474.9419751
            b:n 1854.9818541
            b:w 2047.4248162
            e:c 10963.8885090
            e:n 6359.1814479
            e:w 5099.9896186
            c:n 5466.4685227
            c:w 5323.4855633
            n:w 13634.3090091
          b:e:c 2337.0669182
          b:e:n 1258.3681069
          b:e:w 1191.6759408
          b:c:n 1188.0503816
          b:c:w 1267.3350656
          b:n:w 2298.9411318
          e:c:n 5274.6912175
          e:c:w 4571.9012423
          e:n:w 6542.3656226
          c:n:w 6318.8696779
        b:e:c:n 2287.5433227
        b:e:c:w 2082.5078427
        b:e:n:w 2749.5607089
        b:c:n:w 2673.9015841
        e:c:n:w 55879.7189236
