########################################
# legofit: estimate population history #
#       version 2.3.4-4-g53f8760       #
########################################

# Program was compiled: Sep 21 2021 14:36:42
# Program was run: Sat Sep 25 12:25:30 2021

# cmd: legofit -1 -d 0 -t 32 --ptsPerDim 3 --stateOut b1boot30.state --tol 3e-6 -S 5000 ac2.lgo ../../boot/boot30.opf
# Stage nOptItr nSimReps
#     0    5000        0
# algorithm          : deterministic
# ignoring probs <=  : 0
# Branch length floor: 0
# DE strategy        : 2
#    F               : 0.3
#    CR              : 0.8
#    tolerance       : 3e-06
# nthreads           : 32
# lgo input file     : ac2.lgo
# site pat input file: ../../boot/boot30.opf
# free parameters    : 14
# points in DE swarm : 42
# output state file  : b1boot30.state
# Including singleton site patterns.
# cost function      : KL
Initial parameter values
Fixed:
      zero = 0
       one = 1
    Tbecnw = 75200
Free:
       pc1 = 0
       pc2 = 0
       pc3 = 0
       pc4 = 0
       pc5 = 0
       pc6 = 0
       pc7 = 0
       pc8 = 0
       pc9 = 0
      pc10 = 0
      pc11 = 0
      pc12 = 0
      pc13 = 0
      pc14 = 0
Constrained:
   Tgbecnw = 155416
     Tecnw = 29865.1
       Tnw = 24367.6
       Tec = 14392.8
     twoNb = 141791
     twoNe = 18275.3
     twoNn = 146696
    twoNec = 179207
    twoNnw = 19549
  twoNecnw = 85552
  twoNbecnw = 31008.5
  twoNgbecnw = 222844
         m = 0.161765
        m3 = 0.175136
        Ta = 37600
        Tc = 12183.8
DiffEv reached_goal. cost=2.06879e-03 spread=2.80938e-06
Fitted parameter values
Free:
       pc1 = 3.74484
       pc2 = 3.02277
       pc3 = -1.81518
       pc4 = 1.67765
       pc5 = 0.730985
       pc6 = -1.96883
       pc7 = 0.536553
       pc8 = 0.820628
       pc9 = 0.0476015
      pc10 = -0.0536849
      pc11 = -0.0104246
      pc12 = -0.042516
      pc13 = -0.0936777
      pc14 = 0.00292695
Constrained:
   Tgbecnw = 121302
     Tecnw = 26988.1
       Tnw = 24118.2
       Tec = 13046.7
     twoNb = 119724
     twoNe = 8094.44
     twoNn = 116703
    twoNec = 161927
    twoNnw = 9858.26
  twoNecnw = 81485.9
  twoNbecnw = 18384.9
  twoNgbecnw = 272609
         m = 0.126281
        m3 = 0.17898
        Ta = 37600
        Tc = 12059.1
#       SitePat  BranchLen
              b 135486.7073454
              e 53647.0804498
              c 54624.8262759
              n 48685.1929176
              w 50858.6870202
            b:e 2463.4008289
            b:c 2540.4797603
            b:n 1892.7653706
            b:w 2091.5101051
            e:c 11104.3209391
            e:n 6456.8375254
            e:w 5119.3475780
            c:n 5479.0916992
            c:w 5361.1744274
            n:w 13916.1570301
          b:e:c 2396.0041500
          b:e:n 1285.9961882
          b:e:w 1212.4039920
          b:c:n 1208.9172569
          b:c:w 1295.2035325
          b:n:w 2357.1397215
          e:c:n 5329.9346440
          e:c:w 4611.8477606
          e:n:w 6643.9819300
          c:n:w 6402.1550806
        b:e:c:n 2330.9167237
        b:e:c:w 2119.4779099
        b:e:n:w 2815.2640724
        b:c:n:w 2732.4645318
        e:c:n:w 56691.8367972
