########################################
# legofit: estimate population history #
#       version 2.3.4-4-g53f8760       #
########################################

# Program was compiled: Sep 21 2021 14:36:42
# Program was run: Sat Sep 25 12:25:30 2021

# cmd: legofit -1 -d 0 -t 32 --ptsPerDim 3 --stateOut b1boot32.state --tol 3e-6 -S 5000 ac2.lgo ../../boot/boot32.opf
# Stage nOptItr nSimReps
#     0    5000        0
# algorithm          : deterministic
# ignoring probs <=  : 0
# Branch length floor: 0
# DE strategy        : 2
#    F               : 0.3
#    CR              : 0.8
#    tolerance       : 3e-06
# nthreads           : 32
# lgo input file     : ac2.lgo
# site pat input file: ../../boot/boot32.opf
# free parameters    : 14
# points in DE swarm : 42
# output state file  : b1boot32.state
# Including singleton site patterns.
# cost function      : KL
Initial parameter values
Fixed:
      zero = 0
       one = 1
    Tbecnw = 75200
Free:
       pc1 = 0
       pc2 = 0
       pc3 = 0
       pc4 = 0
       pc5 = 0
       pc6 = 0
       pc7 = 0
       pc8 = 0
       pc9 = 0
      pc10 = 0
      pc11 = 0
      pc12 = 0
      pc13 = 0
      pc14 = 0
Constrained:
   Tgbecnw = 155416
     Tecnw = 29865.1
       Tnw = 24367.6
       Tec = 14392.8
     twoNb = 141791
     twoNe = 18275.3
     twoNn = 146696
    twoNec = 179207
    twoNnw = 19549
  twoNecnw = 85552
  twoNbecnw = 31008.5
  twoNgbecnw = 222844
         m = 0.161765
        m3 = 0.175136
        Ta = 37600
        Tc = 12183.8
DiffEv reached_goal. cost=2.07076e-03 spread=2.93123e-06
Fitted parameter values
Free:
       pc1 = 3.99202
       pc2 = 3.92699
       pc3 = -1.97212
       pc4 = 1.80701
       pc5 = 1.31578
       pc6 = -1.98288
       pc7 = 1.09796
       pc8 = 0.895884
       pc9 = 0.101715
      pc10 = -0.0855645
      pc11 = -0.000399392
      pc12 = -0.0951559
      pc13 = -0.127419
      pc14 = -0.0391865
Constrained:
   Tgbecnw = 115868
     Tecnw = 26519.8
       Tnw = 24500.4
       Tec = 13527.7
     twoNb = 13048.3
     twoNe = 10530.7
     twoNn = 82679.1
    twoNec = 151120
    twoNnw = 6920.23
  twoNecnw = 81480.5
  twoNbecnw = 16390.5
  twoNgbecnw = 275504
         m = 0.126
        m3 = 0.182873
        Ta = 37600
        Tc = 12250.2
#       SitePat  BranchLen
              b 134393.5397732
              e 53104.4480014
              c 54078.8219935
              n 48230.4774921
              w 50406.8109071
            b:e 2422.1993012
            b:c 2499.3327177
            b:n 1860.9272724
            b:w 2060.3291044
            e:c 10963.9343965
            e:n 6411.3335484
            e:w 5075.9740113
            c:n 5436.9595563
            c:w 5319.1190533
            n:w 13707.6406602
          b:e:c 2360.2269080
          b:e:n 1269.8988706
          b:e:w 1196.4267246
          b:c:n 1192.7654541
          b:c:w 1279.5384393
          b:n:w 2320.3862603
          e:c:n 5273.2109429
          e:c:w 4550.0775680
          e:n:w 6562.5013106
          c:n:w 6319.3562686
        b:e:c:n 2306.6480087
        b:e:c:w 2093.9453375
        b:e:n:w 2781.8309992
        b:c:n:w 2698.7192844
        e:c:n:w 56364.0585268
