########################################
# legofit: estimate population history #
#       version 2.3.4-4-g53f8760       #
########################################

# Program was compiled: Sep 21 2021 14:36:42
# Program was run: Sat Sep 25 12:25:36 2021

# cmd: legofit -1 -d 0 -t 32 --ptsPerDim 3 --stateOut b1boot37.state --tol 3e-6 -S 5000 ac2.lgo ../../boot/boot37.opf
# Stage nOptItr nSimReps
#     0    5000        0
# algorithm          : deterministic
# ignoring probs <=  : 0
# Branch length floor: 0
# DE strategy        : 2
#    F               : 0.3
#    CR              : 0.8
#    tolerance       : 3e-06
# nthreads           : 32
# lgo input file     : ac2.lgo
# site pat input file: ../../boot/boot37.opf
# free parameters    : 14
# points in DE swarm : 42
# output state file  : b1boot37.state
# Including singleton site patterns.
# cost function      : KL
Initial parameter values
Fixed:
      zero = 0
       one = 1
    Tbecnw = 75200
Free:
       pc1 = 0
       pc2 = 0
       pc3 = 0
       pc4 = 0
       pc5 = 0
       pc6 = 0
       pc7 = 0
       pc8 = 0
       pc9 = 0
      pc10 = 0
      pc11 = 0
      pc12 = 0
      pc13 = 0
      pc14 = 0
Constrained:
   Tgbecnw = 155416
     Tecnw = 29865.1
       Tnw = 24367.6
       Tec = 14392.8
     twoNb = 141791
     twoNe = 18275.3
     twoNn = 146696
    twoNec = 179207
    twoNnw = 19549
  twoNecnw = 85552
  twoNbecnw = 31008.5
  twoNgbecnw = 222844
         m = 0.161765
        m3 = 0.175136
        Ta = 37600
        Tc = 12183.8
DiffEv reached_goal. cost=2.04005e-03 spread=2.76159e-06
Fitted parameter values
Free:
       pc1 = 3.98503
       pc2 = 3.95489
       pc3 = -1.9448
       pc4 = 1.9952
       pc5 = 1.34223
       pc6 = -1.92309
       pc7 = 1.23398
       pc8 = 0.638298
       pc9 = 0.087614
      pc10 = -0.0925137
      pc11 = -0.0480957
      pc12 = -0.120527
      pc13 = -0.149854
      pc14 = -0.0525976
Constrained:
   Tgbecnw = 114950
     Tecnw = 26488.7
       Tnw = 24321.2
       Tec = 13564.9
     twoNb = 8937.88
     twoNe = 12014.6
     twoNn = 101702
    twoNec = 149798
    twoNnw = 7423.46
  twoNecnw = 82373.4
  twoNbecnw = 16105.6
  twoNgbecnw = 273064
         m = 0.128754
        m3 = 0.18576
        Ta = 37600
        Tc = 12160.6
#       SitePat  BranchLen
              b 134541.0573592
              e 53204.7461523
              c 54163.0146506
              n 48314.8872303
              w 50502.8142309
            b:e 2424.2175175
            b:c 2499.9685956
            b:n 1864.5830672
            b:w 2065.1521840
            e:c 10974.0458052
            e:n 6409.9928217
            e:w 5080.7025756
            c:n 5451.7243233
            c:w 5318.7541690
            n:w 13734.2034220
          b:e:c 2364.5088422
          b:e:n 1272.6061128
          b:e:w 1200.6754786
          b:c:n 1196.8550347
          b:c:w 1282.4041586
          b:n:w 2324.1679091
          e:c:n 5265.6880579
          e:c:w 4540.0214577
          e:n:w 6536.7526085
          c:n:w 6298.7010152
        b:e:c:n 2316.5317157
        b:e:c:w 2102.3441092
        b:e:n:w 2787.8686165
        b:c:n:w 2706.1399365
        e:c:n:w 56468.3787659
