########################################
# legofit: estimate population history #
#       version 2.3.4-4-g53f8760       #
########################################

# Program was compiled: Sep 21 2021 14:36:42
# Program was run: Sat Sep 25 12:25:36 2021

# cmd: legofit -1 -d 0 -t 32 --ptsPerDim 3 --stateOut b1boot33.state --tol 3e-6 -S 5000 ac2.lgo ../../boot/boot33.opf
# Stage nOptItr nSimReps
#     0    5000        0
# algorithm          : deterministic
# ignoring probs <=  : 0
# Branch length floor: 0
# DE strategy        : 2
#    F               : 0.3
#    CR              : 0.8
#    tolerance       : 3e-06
# nthreads           : 32
# lgo input file     : ac2.lgo
# site pat input file: ../../boot/boot33.opf
# free parameters    : 14
# points in DE swarm : 42
# output state file  : b1boot33.state
# Including singleton site patterns.
# cost function      : KL
Initial parameter values
Fixed:
      zero = 0
       one = 1
    Tbecnw = 75200
Free:
       pc1 = 0
       pc2 = 0
       pc3 = 0
       pc4 = 0
       pc5 = 0
       pc6 = 0
       pc7 = 0
       pc8 = 0
       pc9 = 0
      pc10 = 0
      pc11 = 0
      pc12 = 0
      pc13 = 0
      pc14 = 0
Constrained:
   Tgbecnw = 155416
     Tecnw = 29865.1
       Tnw = 24367.6
       Tec = 14392.8
     twoNb = 141791
     twoNe = 18275.3
     twoNn = 146696
    twoNec = 179207
    twoNnw = 19549
  twoNecnw = 85552
  twoNbecnw = 31008.5
  twoNgbecnw = 222844
         m = 0.161765
        m3 = 0.175136
        Ta = 37600
        Tc = 12183.8
DiffEv reached_goal. cost=2.03072e-03 spread=2.40577e-06
Fitted parameter values
Free:
       pc1 = 3.96582
       pc2 = 3.95442
       pc3 = -1.97218
       pc4 = 1.97527
       pc5 = 1.04555
       pc6 = -1.96147
       pc7 = -0.153148
       pc8 = 0.973286
       pc9 = 0.0197942
      pc10 = 0.0314996
      pc11 = 0.0245844
      pc12 = -0.088167
      pc13 = -0.125383
      pc14 = -0.00357906
Constrained:
   Tgbecnw = 116884
     Tecnw = 26427.8
       Tnw = 24018
       Tec = 13621.6
     twoNb = 160334
     twoNe = 12739
     twoNn = 65136.1
    twoNec = 151131
    twoNnw = 8482.72
  twoNecnw = 81402.6
  twoNbecnw = 16629.2
  twoNgbecnw = 278665
         m = 0.123323
        m3 = 0.16857
        Ta = 37600
        Tc = 12009
#       SitePat  BranchLen
              b 134160.5182642
              e 53125.6458552
              c 54061.4807407
              n 48257.6300593
              w 50282.7985037
            b:e 2414.7231877
            b:c 2488.4612480
            b:n 1861.9045026
            b:w 2046.2595789
            e:c 10943.1674423
            e:n 6362.3389712
            e:w 5100.5310061
            c:n 5426.5040858
            c:w 5334.1650247
            n:w 13733.6418297
          b:e:c 2347.2975146
          b:e:n 1264.1373802
          b:e:w 1193.6644900
          b:c:n 1190.3993199
          b:c:w 1273.0557741
          b:n:w 2308.1801242
          e:c:n 5241.5070570
          e:c:w 4570.4856390
          e:n:w 6555.6879863
          c:n:w 6322.0539677
        b:e:c:n 2289.1867980
        b:e:c:w 2092.6481579
        b:e:n:w 2767.2406875
        b:c:n:w 2687.8494034
        e:c:n:w 56117.2642581
