########################################
# legofit: estimate population history #
#       version 2.3.4-4-g53f8760       #
########################################

# Program was compiled: Sep 21 2021 14:36:42
# Program was run: Sat Sep 25 12:25:36 2021

# cmd: legofit -1 -d 0 -t 32 --ptsPerDim 3 --stateOut b1boot35.state --tol 3e-6 -S 5000 ac2.lgo ../../boot/boot35.opf
# Stage nOptItr nSimReps
#     0    5000        0
# algorithm          : deterministic
# ignoring probs <=  : 0
# Branch length floor: 0
# DE strategy        : 2
#    F               : 0.3
#    CR              : 0.8
#    tolerance       : 3e-06
# nthreads           : 32
# lgo input file     : ac2.lgo
# site pat input file: ../../boot/boot35.opf
# free parameters    : 14
# points in DE swarm : 42
# output state file  : b1boot35.state
# Including singleton site patterns.
# cost function      : KL
Initial parameter values
Fixed:
      zero = 0
       one = 1
    Tbecnw = 75200
Free:
       pc1 = 0
       pc2 = 0
       pc3 = 0
       pc4 = 0
       pc5 = 0
       pc6 = 0
       pc7 = 0
       pc8 = 0
       pc9 = 0
      pc10 = 0
      pc11 = 0
      pc12 = 0
      pc13 = 0
      pc14 = 0
Constrained:
   Tgbecnw = 155416
     Tecnw = 29865.1
       Tnw = 24367.6
       Tec = 14392.8
     twoNb = 141791
     twoNe = 18275.3
     twoNn = 146696
    twoNec = 179207
    twoNnw = 19549
  twoNecnw = 85552
  twoNbecnw = 31008.5
  twoNgbecnw = 222844
         m = 0.161765
        m3 = 0.175136
        Ta = 37600
        Tc = 12183.8
DiffEv reached_goal. cost=2.02485e-03 spread=2.97025e-06
Fitted parameter values
Free:
       pc1 = 3.95558
       pc2 = 3.90202
       pc3 = -1.99956
       pc4 = 1.81588
       pc5 = 1.5128
       pc6 = -1.98645
       pc7 = 0.811508
       pc8 = 0.739435
       pc9 = -0.014489
      pc10 = 0.0184579
      pc11 = -0.0259764
      pc12 = -0.102627
      pc13 = -0.107224
      pc14 = -0.0307469
Constrained:
   Tgbecnw = 116186
     Tecnw = 26388.2
       Tnw = 24175.6
       Tec = 13447.3
     twoNb = 19684.7
     twoNe = 11907.2
     twoNn = 61644.6
    twoNec = 152486
    twoNnw = 7661.35
  twoNecnw = 82451.6
  twoNbecnw = 16540.8
  twoNgbecnw = 273288
         m = 0.125986
        m3 = 0.179313
        Ta = 37600
        Tc = 12087.8
#       SitePat  BranchLen
              b 134100.7970186
              e 53280.8929480
              c 54188.4091955
              n 48362.0503556
              w 50442.5294075
            b:e 2436.7093904
            b:c 2508.5177110
            b:n 1874.7818801
            b:w 2065.4647633
            e:c 10984.4002508
            e:n 6379.4058361
            e:w 5117.0473746
            c:n 5471.8895886
            c:w 5342.9932205
            n:w 13780.2881658
          b:e:c 2369.3125883
          b:e:n 1274.7578690
          b:e:w 1206.5637817
          b:c:n 1202.9495484
          b:c:w 1283.9724979
          b:n:w 2329.1015885
          e:c:n 5256.3001520
          e:c:w 4567.0759297
          e:n:w 6561.1342390
          c:n:w 6335.1883930
        b:e:c:n 2314.7144409
        b:e:c:w 2111.2026954
        b:e:n:w 2794.3641551
        b:c:n:w 2716.9554388
        e:c:n:w 55936.2837165
