########################################
# legofit: estimate population history #
#       version 2.3.4-4-g53f8760       #
########################################

# Program was compiled: Sep 21 2021 14:36:42
# Program was run: Sat Sep 25 12:25:25 2021

# cmd: legofit -1 -d 0 -t 32 --ptsPerDim 3 --stateOut b1boot25.state --tol 3e-6 -S 5000 ac2.lgo ../../boot/boot25.opf
# Stage nOptItr nSimReps
#     0    5000        0
# algorithm          : deterministic
# ignoring probs <=  : 0
# Branch length floor: 0
# DE strategy        : 2
#    F               : 0.3
#    CR              : 0.8
#    tolerance       : 3e-06
# nthreads           : 32
# lgo input file     : ac2.lgo
# site pat input file: ../../boot/boot25.opf
# free parameters    : 14
# points in DE swarm : 42
# output state file  : b1boot25.state
# Including singleton site patterns.
# cost function      : KL
Initial parameter values
Fixed:
      zero = 0
       one = 1
    Tbecnw = 75200
Free:
       pc1 = 0
       pc2 = 0
       pc3 = 0
       pc4 = 0
       pc5 = 0
       pc6 = 0
       pc7 = 0
       pc8 = 0
       pc9 = 0
      pc10 = 0
      pc11 = 0
      pc12 = 0
      pc13 = 0
      pc14 = 0
Constrained:
   Tgbecnw = 155416
     Tecnw = 29865.1
       Tnw = 24367.6
       Tec = 14392.8
     twoNb = 141791
     twoNe = 18275.3
     twoNn = 146696
    twoNec = 179207
    twoNnw = 19549
  twoNecnw = 85552
  twoNbecnw = 31008.5
  twoNgbecnw = 222844
         m = 0.161765
        m3 = 0.175136
        Ta = 37600
        Tc = 12183.8
DiffEv reached_goal. cost=2.05799e-03 spread=2.83586e-06
Fitted parameter values
Free:
       pc1 = 3.96152
       pc2 = 3.93368
       pc3 = -1.99764
       pc4 = 1.93984
       pc5 = 0.251572
       pc6 = -1.82537
       pc7 = 0.562644
       pc8 = 0.725117
       pc9 = 0.0887338
      pc10 = 0.00106253
      pc11 = -0.0291077
      pc12 = -0.100177
      pc13 = -0.104488
      pc14 = -0.0285833
Constrained:
   Tgbecnw = 117900
     Tecnw = 26624.5
       Tnw = 24456.3
       Tec = 13707.4
     twoNb = 152581
     twoNe = 12631
     twoNn = 199670
    twoNec = 151191
    twoNnw = 7495.4
  twoNecnw = 81018.7
  twoNbecnw = 16927.6
  twoNgbecnw = 280260
         m = 0.120611
        m3 = 0.178215
        Ta = 37600
        Tc = 12228.1
#       SitePat  BranchLen
              b 133778.4055893
              e 53203.3153070
              c 54121.1802957
              n 48338.0494338
              w 50418.3462697
            b:e 2414.7307907
            b:c 2487.1357823
            b:n 1857.6560456
            b:w 2047.8886154
            e:c 10942.6693048
            e:n 6351.4462737
            e:w 5083.5971675
            c:n 5433.5812850
            c:w 5312.7047595
            n:w 13695.2265489
          b:e:c 2347.7593860
          b:e:n 1261.3817551
          b:e:w 1192.4551595
          b:c:n 1188.9767635
          b:c:w 1270.3633738
          b:n:w 2308.8966903
          e:c:n 5248.2860007
          e:c:w 4556.7147965
          e:n:w 6548.5469001
          c:n:w 6319.4393080
        b:e:c:n 2288.4329825
        b:e:c:w 2085.7403980
        b:e:n:w 2763.0644491
        b:c:n:w 2685.1562348
        e:c:n:w 55689.9033446
