########################################
# legofit: estimate population history #
#       version 2.3.4-4-g53f8760       #
########################################

# Program was compiled: Sep 21 2021 14:36:42
# Program was run: Sat Sep 25 12:25:25 2021

# cmd: legofit -1 -d 0 -t 32 --ptsPerDim 3 --stateOut b1boot23.state --tol 3e-6 -S 5000 ac2.lgo ../../boot/boot23.opf
# Stage nOptItr nSimReps
#     0    5000        0
# algorithm          : deterministic
# ignoring probs <=  : 0
# Branch length floor: 0
# DE strategy        : 2
#    F               : 0.3
#    CR              : 0.8
#    tolerance       : 3e-06
# nthreads           : 32
# lgo input file     : ac2.lgo
# site pat input file: ../../boot/boot23.opf
# free parameters    : 14
# points in DE swarm : 42
# output state file  : b1boot23.state
# Including singleton site patterns.
# cost function      : KL
Initial parameter values
Fixed:
      zero = 0
       one = 1
    Tbecnw = 75200
Free:
       pc1 = 0
       pc2 = 0
       pc3 = 0
       pc4 = 0
       pc5 = 0
       pc6 = 0
       pc7 = 0
       pc8 = 0
       pc9 = 0
      pc10 = 0
      pc11 = 0
      pc12 = 0
      pc13 = 0
      pc14 = 0
Constrained:
   Tgbecnw = 155416
     Tecnw = 29865.1
       Tnw = 24367.6
       Tec = 14392.8
     twoNb = 141791
     twoNe = 18275.3
     twoNn = 146696
    twoNec = 179207
    twoNnw = 19549
  twoNecnw = 85552
  twoNbecnw = 31008.5
  twoNgbecnw = 222844
         m = 0.161765
        m3 = 0.175136
        Ta = 37600
        Tc = 12183.8
DiffEv reached_goal. cost=2.02769e-03 spread=2.74058e-06
Fitted parameter values
Free:
       pc1 = 3.98307
       pc2 = 3.95162
       pc3 = -1.91548
       pc4 = 1.31675
       pc5 = 0.947192
       pc6 = -1.98836
       pc7 = 0.558822
       pc8 = 0.96386
       pc9 = 0.16306
      pc10 = -0.0271375
      pc11 = -0.00464291
      pc12 = -0.0654441
      pc13 = -0.0374663
      pc14 = -0.00390989
Constrained:
   Tgbecnw = 119727
     Tecnw = 26586.5
       Tnw = 24510.2
       Tec = 13673.3
     twoNb = 53996.9
     twoNe = 10896.7
     twoNn = 92130.9
    twoNec = 152044
    twoNnw = 7152.53
  twoNecnw = 80912.3
  twoNbecnw = 17491.4
  twoNgbecnw = 286644
         m = 0.116378
        m3 = 0.175802
        Ta = 37600
        Tc = 12255.1
#       SitePat  BranchLen
              b 133846.2622177
              e 53191.6386777
              c 54193.0852527
              n 48267.9393183
              w 50408.0728911
            b:e 2443.1912487
            b:c 2523.0280443
            b:n 1873.7983819
            b:w 2070.6007108
            e:c 10974.3165160
            e:n 6435.1647305
            e:w 5094.5064343
            c:n 5433.7181555
            c:w 5345.8371606
            n:w 13766.3233600
          b:e:c 2374.5487404
          b:e:n 1278.0454458
          b:e:w 1201.5795883
          b:c:n 1198.2086503
          b:c:w 1287.4151739
          b:n:w 2335.1365453
          e:c:n 5287.9389000
          e:c:w 4576.3446183
          e:n:w 6620.1561388
          c:n:w 6368.8254125
        b:e:c:n 2310.7953989
        b:e:c:w 2101.2524039
        b:e:n:w 2799.2639894
        b:c:n:w 2713.4284038
        e:c:n:w 55667.8121123
