########################################
# legofit: estimate population history #
#       version 2.3.4-4-g53f8760       #
########################################

# Program was compiled: Sep 21 2021 14:36:42
# Program was run: Sat Sep 25 12:25:02 2021

# cmd: legofit -1 -d 0 -t 32 --ptsPerDim 3 --stateOut b1boot6.state --tol 3e-6 -S 5000 ac2.lgo ../../boot/boot6.opf
# Stage nOptItr nSimReps
#     0    5000        0
# algorithm          : deterministic
# ignoring probs <=  : 0
# Branch length floor: 0
# DE strategy        : 2
#    F               : 0.3
#    CR              : 0.8
#    tolerance       : 3e-06
# nthreads           : 32
# lgo input file     : ac2.lgo
# site pat input file: ../../boot/boot6.opf
# free parameters    : 14
# points in DE swarm : 42
# output state file  : b1boot6.state
# Including singleton site patterns.
# cost function      : KL
Initial parameter values
Fixed:
      zero = 0
       one = 1
    Tbecnw = 75200
Free:
       pc1 = 0
       pc2 = 0
       pc3 = 0
       pc4 = 0
       pc5 = 0
       pc6 = 0
       pc7 = 0
       pc8 = 0
       pc9 = 0
      pc10 = 0
      pc11 = 0
      pc12 = 0
      pc13 = 0
      pc14 = 0
Constrained:
   Tgbecnw = 155416
     Tecnw = 29865.1
       Tnw = 24367.6
       Tec = 14392.8
     twoNb = 141791
     twoNe = 18275.3
     twoNn = 146696
    twoNec = 179207
    twoNnw = 19549
  twoNecnw = 85552
  twoNbecnw = 31008.5
  twoNgbecnw = 222844
         m = 0.161765
        m3 = 0.175136
        Ta = 37600
        Tc = 12183.8
DiffEv reached_goal. cost=2.02275e-03 spread=2.08991e-06
Fitted parameter values
Free:
       pc1 = 3.9102
       pc2 = 3.99059
       pc3 = -1.99166
       pc4 = 1.90781
       pc5 = 1.57453
       pc6 = -1.99249
       pc7 = 0.785362
       pc8 = 1.02142
       pc9 = -0.0262953
      pc10 = -0.0230383
      pc11 = 0.00619253
      pc12 = -0.0843294
      pc13 = -0.130178
      pc14 = -0.0337422
Constrained:
   Tgbecnw = 115224
     Tecnw = 26404.2
       Tnw = 24416.3
       Tec = 13544.9
     twoNb = 29288.6
     twoNe = 11327.2
     twoNn = 37157.7
    twoNec = 150430
    twoNnw = 6926.35
  twoNecnw = 81645.3
  twoNbecnw = 16292
  twoNgbecnw = 270697
         m = 0.126914
        m3 = 0.178258
        Ta = 37600
        Tc = 12208.1
#       SitePat  BranchLen
              b 133955.4668216
              e 53102.3708836
              c 54027.4824232
              n 48286.3105800
              w 50378.0025337
            b:e 2426.6911258
            b:c 2500.1011171
            b:n 1871.8312422
            b:w 2063.9424441
            e:c 10965.8819858
            e:n 6382.2360692
            e:w 5106.0819823
            c:n 5457.1245296
            c:w 5337.5136800
            n:w 13681.6533179
          b:e:c 2361.0697447
          b:e:n 1272.8241637
          b:e:w 1202.9918347
          b:c:n 1199.4141724
          b:c:w 1282.1051531
          b:n:w 2321.5395497
          e:c:n 5272.2265128
          e:c:w 4576.2994955
          e:n:w 6556.9776176
          c:n:w 6325.5459199
        b:e:c:n 2311.8328785
        b:e:c:w 2106.8630248
        b:e:n:w 2783.9440841
        b:c:n:w 2704.8307656
        e:c:n:w 55937.1567190
