########################################
# legofit: estimate population history #
#       version 2.3.4-4-g53f8760       #
########################################

# Program was compiled: Sep 21 2021 14:36:42
# Program was run: Sat Sep 25 12:25:04 2021

# cmd: legofit -1 -d 0 -t 32 --ptsPerDim 3 --stateOut b1boot7.state --tol 3e-6 -S 5000 ac2.lgo ../../boot/boot7.opf
# Stage nOptItr nSimReps
#     0    5000        0
# algorithm          : deterministic
# ignoring probs <=  : 0
# Branch length floor: 0
# DE strategy        : 2
#    F               : 0.3
#    CR              : 0.8
#    tolerance       : 3e-06
# nthreads           : 32
# lgo input file     : ac2.lgo
# site pat input file: ../../boot/boot7.opf
# free parameters    : 14
# points in DE swarm : 42
# output state file  : b1boot7.state
# Including singleton site patterns.
# cost function      : KL
Initial parameter values
Fixed:
      zero = 0
       one = 1
    Tbecnw = 75200
Free:
       pc1 = 0
       pc2 = 0
       pc3 = 0
       pc4 = 0
       pc5 = 0
       pc6 = 0
       pc7 = 0
       pc8 = 0
       pc9 = 0
      pc10 = 0
      pc11 = 0
      pc12 = 0
      pc13 = 0
      pc14 = 0
Constrained:
   Tgbecnw = 155416
     Tecnw = 29865.1
       Tnw = 24367.6
       Tec = 14392.8
     twoNb = 141791
     twoNe = 18275.3
     twoNn = 146696
    twoNec = 179207
    twoNnw = 19549
  twoNecnw = 85552
  twoNbecnw = 31008.5
  twoNgbecnw = 222844
         m = 0.161765
        m3 = 0.175136
        Ta = 37600
        Tc = 12183.8
DiffEv reached_goal. cost=2.03441e-03 spread=2.89448e-06
Fitted parameter values
Free:
       pc1 = 3.81125
       pc2 = 3.75569
       pc3 = -1.96846
       pc4 = 1.8774
       pc5 = 1.37862
       pc6 = -1.90748
       pc7 = 0.94521
       pc8 = 0.912423
       pc9 = -0.0405387
      pc10 = -0.0918073
      pc11 = 0.0350507
      pc12 = -0.0465979
      pc13 = -0.129712
      pc14 = -0.037292
Constrained:
   Tgbecnw = 116627
     Tecnw = 26551.4
       Tnw = 24403.3
       Tec = 13464.8
     twoNb = 28738.7
     twoNe = 10386.3
     twoNn = 71713.3
    twoNec = 151219
    twoNnw = 7568.5
  twoNecnw = 81627.8
  twoNbecnw = 16864.9
  twoNgbecnw = 268080
         m = 0.129136
        m3 = 0.180782
        Ta = 37600
        Tc = 12201.7
#       SitePat  BranchLen
              b 134623.2684092
              e 53171.5912276
              c 54140.5666923
              n 48462.8027974
              w 50631.7125601
            b:e 2427.3733029
            b:c 2504.1544922
            b:n 1883.3816608
            b:w 2082.4121350
            e:c 11006.9660977
            e:n 6454.5080390
            e:w 5125.6326372
            c:n 5485.5325743
            c:w 5367.6666981
            n:w 13641.0529914
          b:e:c 2360.7577878
          b:e:n 1281.4868348
          b:e:w 1208.3220411
          b:c:n 1204.7056455
          b:c:w 1290.9886187
          b:n:w 2322.6764441
          e:c:n 5330.9814572
          e:c:w 4608.8129724
          e:n:w 6565.6486327
          c:n:w 6323.6145718
        b:e:c:n 2328.6202387
        b:e:c:w 2116.4715851
        b:e:n:w 2784.8275442
        b:c:n:w 2702.1609666
        e:c:n:w 56349.6073083
