########################################
# legofit: estimate population history #
#       version 2.3.4-4-g53f8760       #
########################################

# Program was compiled: Sep 21 2021 14:36:42
# Program was run: Sat Sep 25 12:25:08 2021

# cmd: legofit -1 -d 0 -t 32 --ptsPerDim 3 --stateOut b1boot9.state --tol 3e-6 -S 5000 ac2.lgo ../../boot/boot9.opf
# Stage nOptItr nSimReps
#     0    5000        0
# algorithm          : deterministic
# ignoring probs <=  : 0
# Branch length floor: 0
# DE strategy        : 2
#    F               : 0.3
#    CR              : 0.8
#    tolerance       : 3e-06
# nthreads           : 32
# lgo input file     : ac2.lgo
# site pat input file: ../../boot/boot9.opf
# free parameters    : 14
# points in DE swarm : 42
# output state file  : b1boot9.state
# Including singleton site patterns.
# cost function      : KL
Initial parameter values
Fixed:
      zero = 0
       one = 1
    Tbecnw = 75200
Free:
       pc1 = 0
       pc2 = 0
       pc3 = 0
       pc4 = 0
       pc5 = 0
       pc6 = 0
       pc7 = 0
       pc8 = 0
       pc9 = 0
      pc10 = 0
      pc11 = 0
      pc12 = 0
      pc13 = 0
      pc14 = 0
Constrained:
   Tgbecnw = 155416
     Tecnw = 29865.1
       Tnw = 24367.6
       Tec = 14392.8
     twoNb = 141791
     twoNe = 18275.3
     twoNn = 146696
    twoNec = 179207
    twoNnw = 19549
  twoNecnw = 85552
  twoNbecnw = 31008.5
  twoNgbecnw = 222844
         m = 0.161765
        m3 = 0.175136
        Ta = 37600
        Tc = 12183.8
DiffEv reached_goal. cost=2.03980e-03 spread=2.06926e-06
Fitted parameter values
Free:
       pc1 = 3.98967
       pc2 = 3.97595
       pc3 = -1.98563
       pc4 = 1.88076
       pc5 = 1.05065
       pc6 = -1.30954
       pc7 = 0.858235
       pc8 = 0.174732
       pc9 = -0.0938048
      pc10 = 0.013097
      pc11 = -0.0219043
      pc12 = -0.102892
      pc13 = -0.104049
      pc14 = -0.0309134
Constrained:
   Tgbecnw = 116979
     Tecnw = 26467.5
       Tnw = 23649.2
       Tec = 13858.3
     twoNb = 14561.7
     twoNe = 17385
     twoNn = 181963
    twoNec = 147562
    twoNnw = 9810.46
  twoNecnw = 82576.3
  twoNbecnw = 16865.1
  twoNgbecnw = 270563
         m = 0.127372
        m3 = 0.179492
        Ta = 37600
        Tc = 11824.6
#       SitePat  BranchLen
              b 134311.3590116
              e 53362.3872384
              c 54292.6670681
              n 48417.0586562
              w 50524.6447435
            b:e 2433.0417191
            b:c 2506.5409211
            b:n 1876.8033834
            b:w 2070.0865053
            e:c 10990.6008712
            e:n 6407.8405619
            e:w 5122.9776465
            c:n 5477.5607322
            c:w 5354.4975959
            n:w 13829.2148110
          b:e:c 2366.0916719
          b:e:n 1276.2567086
          b:e:w 1206.3592921
          b:c:n 1202.7575065
          b:c:w 1285.5487575
          b:n:w 2326.6298250
          e:c:n 5277.1928905
          e:c:w 4577.5328549
          e:n:w 6561.1843610
          c:n:w 6329.6644116
        b:e:c:n 2317.7962788
        b:e:c:w 2111.6193224
        b:e:n:w 2790.1107559
        b:c:n:w 2710.9212905
        e:c:n:w 55990.9307766
