########################################
# legofit: estimate population history #
#       version 2.3.4-4-g53f8760       #
########################################

# Program was compiled: Sep 21 2021 14:36:42
# Program was run: Sat Sep 25 12:25:19 2021

# cmd: legofit -1 -d 0 -t 32 --ptsPerDim 3 --stateOut b1boot21.state --tol 3e-6 -S 5000 ac2.lgo ../../boot/boot21.opf
# Stage nOptItr nSimReps
#     0    5000        0
# algorithm          : deterministic
# ignoring probs <=  : 0
# Branch length floor: 0
# DE strategy        : 2
#    F               : 0.3
#    CR              : 0.8
#    tolerance       : 3e-06
# nthreads           : 32
# lgo input file     : ac2.lgo
# site pat input file: ../../boot/boot21.opf
# free parameters    : 14
# points in DE swarm : 42
# output state file  : b1boot21.state
# Including singleton site patterns.
# cost function      : KL
Initial parameter values
Fixed:
      zero = 0
       one = 1
    Tbecnw = 75200
Free:
       pc1 = 0
       pc2 = 0
       pc3 = 0
       pc4 = 0
       pc5 = 0
       pc6 = 0
       pc7 = 0
       pc8 = 0
       pc9 = 0
      pc10 = 0
      pc11 = 0
      pc12 = 0
      pc13 = 0
      pc14 = 0
Constrained:
   Tgbecnw = 155416
     Tecnw = 29865.1
       Tnw = 24367.6
       Tec = 14392.8
     twoNb = 141791
     twoNe = 18275.3
     twoNn = 146696
    twoNec = 179207
    twoNnw = 19549
  twoNecnw = 85552
  twoNbecnw = 31008.5
  twoNgbecnw = 222844
         m = 0.161765
        m3 = 0.175136
        Ta = 37600
        Tc = 12183.8
DiffEv reached_goal. cost=2.04815e-03 spread=2.51369e-06
Fitted parameter values
Free:
       pc1 = 3.95482
       pc2 = 3.96092
       pc3 = -1.99133
       pc4 = 1.88989
       pc5 = 0.707432
       pc6 = -1.87684
       pc7 = 0.326859
       pc8 = 0.804726
       pc9 = -0.0640319
      pc10 = 0.0289564
      pc11 = 0.1101
      pc12 = -0.0411646
      pc13 = -0.0715077
      pc14 = 0.00689882
Constrained:
   Tgbecnw = 117886
     Tecnw = 26401.9
       Tnw = 24171.9
       Tec = 13629
     twoNb = 134090
     twoNe = 12734.3
     twoNn = 134160
    twoNec = 150445
    twoNnw = 7702.23
  twoNecnw = 80973
  twoNbecnw = 17120.3
  twoNgbecnw = 277186
         m = 0.122336
        m3 = 0.17459
        Ta = 37600
        Tc = 12086
#       SitePat  BranchLen
              b 134220.7380678
              e 53109.7930403
              c 54039.2866929
              n 48167.5181596
              w 50230.0171170
            b:e 2444.6269610
            b:c 2518.7260466
            b:n 1876.5824677
            b:w 2066.7060113
            e:c 11001.5300832
            e:n 6384.4070674
            e:w 5115.7279381
            c:n 5454.9134148
            c:w 5349.7045079
            n:w 13810.9522517
          b:e:c 2375.9056759
          b:e:n 1274.4872192
          b:e:w 1203.7806073
          b:c:n 1200.3881336
          b:c:w 1283.4764102
          b:n:w 2336.3936464
          e:c:n 5288.7792161
          e:c:w 4600.1682949
          e:n:w 6627.8121002
          c:n:w 6393.8355304
        b:e:c:n 2308.0993475
        b:e:c:w 2105.5941392
        b:e:n:w 2796.2389386
        b:c:n:w 2716.5431356
        e:c:n:w 56091.3361792
