########################################
# legofit: estimate population history #
#       version 2.3.4-4-g53f8760       #
########################################

# Program was compiled: Sep 21 2021 14:36:42
# Program was run: Sat Sep 25 12:24:56 2021

# cmd: legofit -1 -d 0 -t 32 --ptsPerDim 3 --stateOut b1boot1.state --tol 3e-6 -S 5000 ac2.lgo ../../boot/boot1.opf
# Stage nOptItr nSimReps
#     0    5000        0
# algorithm          : deterministic
# ignoring probs <=  : 0
# Branch length floor: 0
# DE strategy        : 2
#    F               : 0.3
#    CR              : 0.8
#    tolerance       : 3e-06
# nthreads           : 32
# lgo input file     : ac2.lgo
# site pat input file: ../../boot/boot1.opf
# free parameters    : 14
# points in DE swarm : 42
# output state file  : b1boot1.state
# Including singleton site patterns.
# cost function      : KL
Initial parameter values
Fixed:
      zero = 0
       one = 1
    Tbecnw = 75200
Free:
       pc1 = 0
       pc2 = 0
       pc3 = 0
       pc4 = 0
       pc5 = 0
       pc6 = 0
       pc7 = 0
       pc8 = 0
       pc9 = 0
      pc10 = 0
      pc11 = 0
      pc12 = 0
      pc13 = 0
      pc14 = 0
Constrained:
   Tgbecnw = 155416
     Tecnw = 29865.1
       Tnw = 24367.6
       Tec = 14392.8
     twoNb = 141791
     twoNe = 18275.3
     twoNn = 146696
    twoNec = 179207
    twoNnw = 19549
  twoNecnw = 85552
  twoNbecnw = 31008.5
  twoNgbecnw = 222844
         m = 0.161765
        m3 = 0.175136
        Ta = 37600
        Tc = 12183.8
DiffEv reached_goal. cost=2.04253e-03 spread=2.92869e-06
Fitted parameter values
Free:
       pc1 = 3.98543
       pc2 = 3.82455
       pc3 = -1.95984
       pc4 = 1.89994
       pc5 = 0.933477
       pc6 = -1.97141
       pc7 = 1.03857
       pc8 = 0.557492
       pc9 = -0.0665607
      pc10 = -0.0394323
      pc11 = 0.0155714
      pc12 = -0.0723814
      pc13 = -0.0692325
      pc14 = -0.0239545
Constrained:
   Tgbecnw = 117103
     Tecnw = 26431.5
       Tnw = 24198
       Tec = 13433.9
     twoNb = 56971.2
     twoNe = 11433.4
     twoNn = 142236
    twoNec = 152107
    twoNnw = 7686.22
  twoNecnw = 82043.2
  twoNbecnw = 16901.4
  twoNgbecnw = 273565
         m = 0.124285
        m3 = 0.184428
        Ta = 37600
        Tc = 12099
#       SitePat  BranchLen
              b 134004.2350294
              e 53216.5188986
              c 54169.7232962
              n 48309.0986063
              w 50475.7093478
            b:e 2444.9170251
            b:c 2520.6685500
            b:n 1881.1416111
            b:w 2080.5615507
            e:c 11005.3464607
            e:n 6438.3787184
            e:w 5119.4908778
            c:n 5485.1743207
            c:w 5357.5033874
            n:w 13775.6918911
          b:e:c 2377.0921908
          b:e:n 1282.3558322
          b:e:w 1210.3073608
          b:c:n 1206.6043074
          b:c:w 1291.8974750
          b:n:w 2337.3419527
          e:c:n 5302.3084320
          e:c:w 4582.2564644
          e:n:w 6591.6603930
          c:n:w 6353.6478834
        b:e:c:n 2328.0928610
        b:e:c:w 2115.4282253
        b:e:n:w 2804.2470449
        b:c:n:w 2722.6569307
        e:c:n:w 55789.1471622
