########################################
# legofit: estimate population history #
#       version 2.3.4-4-g53f8760       #
########################################

# Program was compiled: Sep 21 2021 14:36:42
# Program was run: Sat Sep 25 12:25:14 2021

# cmd: legofit -1 -d 0 -t 32 --ptsPerDim 3 --stateOut b1boot14.state --tol 3e-6 -S 5000 ac2.lgo ../../boot/boot14.opf
# Stage nOptItr nSimReps
#     0    5000        0
# algorithm          : deterministic
# ignoring probs <=  : 0
# Branch length floor: 0
# DE strategy        : 2
#    F               : 0.3
#    CR              : 0.8
#    tolerance       : 3e-06
# nthreads           : 32
# lgo input file     : ac2.lgo
# site pat input file: ../../boot/boot14.opf
# free parameters    : 14
# points in DE swarm : 42
# output state file  : b1boot14.state
# Including singleton site patterns.
# cost function      : KL
Initial parameter values
Fixed:
      zero = 0
       one = 1
    Tbecnw = 75200
Free:
       pc1 = 0
       pc2 = 0
       pc3 = 0
       pc4 = 0
       pc5 = 0
       pc6 = 0
       pc7 = 0
       pc8 = 0
       pc9 = 0
      pc10 = 0
      pc11 = 0
      pc12 = 0
      pc13 = 0
      pc14 = 0
Constrained:
   Tgbecnw = 155416
     Tecnw = 29865.1
       Tnw = 24367.6
       Tec = 14392.8
     twoNb = 141791
     twoNe = 18275.3
     twoNn = 146696
    twoNec = 179207
    twoNnw = 19549
  twoNecnw = 85552
  twoNbecnw = 31008.5
  twoNgbecnw = 222844
         m = 0.161765
        m3 = 0.175136
        Ta = 37600
        Tc = 12183.8
DiffEv reached_goal. cost=2.01437e-03 spread=2.86460e-06
Fitted parameter values
Free:
       pc1 = 3.97897
       pc2 = 3.91194
       pc3 = -1.98067
       pc4 = 1.76274
       pc5 = 1.66164
       pc6 = -1.96422
       pc7 = 0.689596
       pc8 = 0.950593
       pc9 = -0.0196622
      pc10 = -0.00499052
      pc11 = 0.0273684
      pc12 = -0.0528104
      pc13 = -0.121506
      pc14 = -0.0199452
Constrained:
   Tgbecnw = 116026
     Tecnw = 26398.4
       Tnw = 24196.9
       Tec = 13430.8
     twoNb = 14640.2
     twoNe = 11496.4
     twoNn = 29016.9
    twoNec = 151416
    twoNnw = 7654.08
  twoNecnw = 81693.4
  twoNbecnw = 16551.2
  twoNgbecnw = 273048
         m = 0.126079
        m3 = 0.17686
        Ta = 37600
        Tc = 12098.4
#       SitePat  BranchLen
              b 134254.1146120
              e 53152.1047058
              c 54057.3500369
              n 48290.6831926
              w 50359.2392038
            b:e 2440.1585059
            b:c 2512.0855605
            b:n 1880.6584311
            b:w 2071.1098618
            e:c 11010.6160689
            e:n 6372.2286642
            e:w 5116.4761392
            c:n 5466.9833331
            c:w 5342.8219384
            n:w 13760.8508729
          b:e:c 2375.2676260
          b:e:n 1276.1968539
          b:e:w 1207.8333377
          b:c:n 1204.2697993
          b:c:w 1285.3237396
          b:n:w 2335.5554696
          e:c:n 5280.0644608
          e:c:w 4591.4223693
          e:n:w 6578.4476837
          c:n:w 6352.1018845
        b:e:c:n 2318.8469253
        b:e:c:w 2115.7050707
        b:e:n:w 2795.9712421
        b:c:n:w 2718.4808402
        e:c:n:w 56160.2382222
