########################################
# legofit: estimate population history #
#       version 2.3.4-4-g53f8760       #
########################################

# Program was compiled: Sep 21 2021 14:36:42
# Program was run: Sat Sep 25 12:25:02 2021

# cmd: legofit -1 -d 0 -t 32 --ptsPerDim 3 --stateOut b1boot4.state --tol 3e-6 -S 5000 ac2.lgo ../../boot/boot4.opf
# Stage nOptItr nSimReps
#     0    5000        0
# algorithm          : deterministic
# ignoring probs <=  : 0
# Branch length floor: 0
# DE strategy        : 2
#    F               : 0.3
#    CR              : 0.8
#    tolerance       : 3e-06
# nthreads           : 32
# lgo input file     : ac2.lgo
# site pat input file: ../../boot/boot4.opf
# free parameters    : 14
# points in DE swarm : 42
# output state file  : b1boot4.state
# Including singleton site patterns.
# cost function      : KL
Initial parameter values
Fixed:
      zero = 0
       one = 1
    Tbecnw = 75200
Free:
       pc1 = 0
       pc2 = 0
       pc3 = 0
       pc4 = 0
       pc5 = 0
       pc6 = 0
       pc7 = 0
       pc8 = 0
       pc9 = 0
      pc10 = 0
      pc11 = 0
      pc12 = 0
      pc13 = 0
      pc14 = 0
Constrained:
   Tgbecnw = 155416
     Tecnw = 29865.1
       Tnw = 24367.6
       Tec = 14392.8
     twoNb = 141791
     twoNe = 18275.3
     twoNn = 146696
    twoNec = 179207
    twoNnw = 19549
  twoNecnw = 85552
  twoNbecnw = 31008.5
  twoNgbecnw = 222844
         m = 0.161765
        m3 = 0.175136
        Ta = 37600
        Tc = 12183.8
DiffEv reached_goal. cost=2.05875e-03 spread=2.84718e-06
Fitted parameter values
Free:
       pc1 = 3.96336
       pc2 = 3.99769
       pc3 = -1.94608
       pc4 = 1.95467
       pc5 = 0.730848
       pc6 = -1.91922
       pc7 = 0.905393
       pc8 = 0.913068
       pc9 = 0.0608964
      pc10 = -0.109202
      pc11 = 0.0023575
      pc12 = -0.0694337
      pc13 = -0.125086
      pc14 = -0.0326969
Constrained:
   Tgbecnw = 116391
     Tecnw = 26572.7
       Tnw = 24602.6
       Tec = 13685.7
     twoNb = 91845.5
     twoNe = 11177.8
     twoNn = 140707
    twoNec = 148607
    twoNnw = 6782.03
  twoNecnw = 80787.1
  twoNbecnw = 16535.5
  twoNgbecnw = 276149
         m = 0.123212
        m3 = 0.181873
        Ta = 37600
        Tc = 12301.3
#       SitePat  BranchLen
              b 133812.8864118
              e 52991.6857511
              c 53975.1425647
              n 48190.2261777
              w 50371.9404430
            b:e 2407.3827918
            b:c 2485.1585715
            b:n 1853.7135315
            b:w 2053.4872050
            e:c 10952.0886479
            e:n 6405.7159125
            e:w 5063.8742883
            c:n 5422.2590988
            c:w 5309.9545714
            n:w 13643.3701300
          b:e:c 2346.7622845
          b:e:n 1263.5566480
          b:e:w 1189.3739279
          b:c:n 1185.7808683
          b:c:w 1273.1002731
          b:n:w 2307.9945321
          e:c:n 5280.5648505
          e:c:w 4552.9967368
          e:n:w 6550.8703007
          c:n:w 6304.7900176
        b:e:c:n 2295.5802244
        b:e:c:w 2082.6698660
        b:e:n:w 2762.4262835
        b:c:n:w 2678.6999383
        e:c:n:w 55853.0248439
