########################################
# legofit: estimate population history #
#       version 2.3.4-4-g53f8760       #
########################################

# Program was compiled: Sep 21 2021 14:36:42
# Program was run: Sat Sep 25 12:33:45 2021

# cmd: legofit -1 -d 0 -t 32 --ptsPerDim 3 --stateOut b1boot43.state --tol 3e-6 -S 5000 ac2.lgo ../../boot/boot43.opf
# Stage nOptItr nSimReps
#     0    5000        0
# algorithm          : deterministic
# ignoring probs <=  : 0
# Branch length floor: 0
# DE strategy        : 2
#    F               : 0.3
#    CR              : 0.8
#    tolerance       : 3e-06
# nthreads           : 32
# lgo input file     : ac2.lgo
# site pat input file: ../../boot/boot43.opf
# free parameters    : 14
# points in DE swarm : 42
# output state file  : b1boot43.state
# Including singleton site patterns.
# cost function      : KL
Initial parameter values
Fixed:
      zero = 0
       one = 1
    Tbecnw = 75200
Free:
       pc1 = 0
       pc2 = 0
       pc3 = 0
       pc4 = 0
       pc5 = 0
       pc6 = 0
       pc7 = 0
       pc8 = 0
       pc9 = 0
      pc10 = 0
      pc11 = 0
      pc12 = 0
      pc13 = 0
      pc14 = 0
Constrained:
   Tgbecnw = 155416
     Tecnw = 29865.1
       Tnw = 24367.6
       Tec = 14392.8
     twoNb = 141791
     twoNe = 18275.3
     twoNn = 146696
    twoNec = 179207
    twoNnw = 19549
  twoNecnw = 85552
  twoNbecnw = 31008.5
  twoNgbecnw = 222844
         m = 0.161765
        m3 = 0.175136
        Ta = 37600
        Tc = 12183.8
DiffEv reached_goal. cost=2.07074e-03 spread=2.81705e-06
Fitted parameter values
Free:
       pc1 = 3.85887
       pc2 = 3.96409
       pc3 = -1.95172
       pc4 = 1.76944
       pc5 = 1.4185
       pc6 = -1.98576
       pc7 = 0.734258
       pc8 = 0.964955
       pc9 = 0.0142403
      pc10 = -0.0404374
      pc11 = -0.027034
      pc12 = -0.0478763
      pc13 = -0.118794
      pc14 = -0.0277436
Constrained:
   Tgbecnw = 116575
     Tecnw = 26481.5
       Tnw = 24455.2
       Tec = 13563.6
     twoNb = 37249.4
     twoNe = 11397.7
     twoNn = 51330.5
    twoNec = 149661
    twoNnw = 7070.66
  twoNecnw = 81765.7
  twoNbecnw = 16732.3
  twoNgbecnw = 273600
         m = 0.124795
        m3 = 0.17794
        Ta = 37600
        Tc = 12227.6
#       SitePat  BranchLen
              b 134071.6703951
              e 53205.4498660
              c 54124.8270700
              n 48412.2524471
              w 50509.8063730
            b:e 2442.6976521
            b:c 2515.9801950
            b:n 1887.1981514
            b:w 2080.9459589
            e:c 11021.9265794
            e:n 6391.6229254
            e:w 5117.8771306
            c:n 5472.2457213
            c:w 5347.9213479
            n:w 13716.9642845
          b:e:c 2379.2126091
          b:e:n 1280.8653066
          b:e:w 1211.1922485
          b:c:n 1207.5827637
          b:c:w 1290.1369634
          b:n:w 2339.9014533
          e:c:n 5296.5595334
          e:c:w 4597.0757755
          e:n:w 6570.9111160
          c:n:w 6340.8668987
        b:e:c:n 2329.3357057
        b:e:c:w 2122.7067565
        b:e:n:w 2800.0716126
        b:c:n:w 2721.1268978
        e:c:n:w 55913.1198524
