########################################
# legofit: estimate population history #
#       version 2.3.4-4-g53f8760       #
########################################

# Program was compiled: Sep 21 2021 14:36:42
# Program was run: Sat Sep 25 12:33:54 2021

# cmd: legofit -1 -d 0 -t 32 --ptsPerDim 3 --stateOut b1boot45.state --tol 3e-6 -S 5000 ac2.lgo ../../boot/boot45.opf
# Stage nOptItr nSimReps
#     0    5000        0
# algorithm          : deterministic
# ignoring probs <=  : 0
# Branch length floor: 0
# DE strategy        : 2
#    F               : 0.3
#    CR              : 0.8
#    tolerance       : 3e-06
# nthreads           : 32
# lgo input file     : ac2.lgo
# site pat input file: ../../boot/boot45.opf
# free parameters    : 14
# points in DE swarm : 42
# output state file  : b1boot45.state
# Including singleton site patterns.
# cost function      : KL
Initial parameter values
Fixed:
      zero = 0
       one = 1
    Tbecnw = 75200
Free:
       pc1 = 0
       pc2 = 0
       pc3 = 0
       pc4 = 0
       pc5 = 0
       pc6 = 0
       pc7 = 0
       pc8 = 0
       pc9 = 0
      pc10 = 0
      pc11 = 0
      pc12 = 0
      pc13 = 0
      pc14 = 0
Constrained:
   Tgbecnw = 155416
     Tecnw = 29865.1
       Tnw = 24367.6
       Tec = 14392.8
     twoNb = 141791
     twoNe = 18275.3
     twoNn = 146696
    twoNec = 179207
    twoNnw = 19549
  twoNecnw = 85552
  twoNbecnw = 31008.5
  twoNgbecnw = 222844
         m = 0.161765
        m3 = 0.175136
        Ta = 37600
        Tc = 12183.8
DiffEv reached_goal. cost=2.07585e-03 spread=2.95945e-06
Fitted parameter values
Free:
       pc1 = 3.98427
       pc2 = 3.99982
       pc3 = -1.99897
       pc4 = 1.87482
       pc5 = 0.493857
       pc6 = -1.9756
       pc7 = 1.53267
       pc8 = 0.460792
       pc9 = 0.104419
      pc10 = -0.0390068
      pc11 = 0.0109046
      pc12 = -0.122884
      pc13 = -0.0766196
      pc14 = -0.0584511
Constrained:
   Tgbecnw = 117152
     Tecnw = 26489.5
       Tnw = 24694.9
       Tec = 13613
     twoNb = 45590.4
     twoNe = 11608.5
     twoNn = 214943
    twoNec = 151244
    twoNnw = 6087.48
  twoNecnw = 81850.9
  twoNbecnw = 16714.3
  twoNgbecnw = 278934
         m = 0.12349
        m3 = 0.19072
        Ta = 37600
        Tc = 12347.5
#       SitePat  BranchLen
              b 134259.2452124
              e 53220.6248306
              c 54139.4492363
              n 48305.8845407
              w 50472.6314911
            b:e 2423.4166803
            b:c 2496.1194222
            b:n 1858.4975145
            b:w 2057.3180521
            e:c 10945.9422218
            e:n 6391.6288062
            e:w 5094.4131584
            c:n 5472.8044005
            c:w 5323.9386142
            n:w 13698.8189326
          b:e:c 2354.3857269
          b:e:n 1267.2889107
          b:e:w 1198.3962168
          b:c:n 1194.5861688
          b:c:w 1276.7049578
          b:n:w 2314.6357079
          e:c:n 5264.9593119
          e:c:w 4544.2937956
          e:n:w 6557.2915885
          c:n:w 6327.7661327
        b:e:c:n 2302.1527893
        b:e:c:w 2090.1061565
        b:e:n:w 2776.8941303
        b:c:n:w 2698.5853894
        e:c:n:w 56136.5387119
