########################################
# legofit: estimate population history #
#       version 2.3.4-4-g53f8760       #
########################################

# Program was compiled: Sep 21 2021 14:36:42
# Program was run: Sat Sep 25 12:34:09 2021

# cmd: legofit -1 -d 0 -t 32 --ptsPerDim 3 --stateOut b1boot49.state --tol 3e-6 -S 5000 ac2.lgo ../../boot/boot49.opf
# Stage nOptItr nSimReps
#     0    5000        0
# algorithm          : deterministic
# ignoring probs <=  : 0
# Branch length floor: 0
# DE strategy        : 2
#    F               : 0.3
#    CR              : 0.8
#    tolerance       : 3e-06
# nthreads           : 32
# lgo input file     : ac2.lgo
# site pat input file: ../../boot/boot49.opf
# free parameters    : 14
# points in DE swarm : 42
# output state file  : b1boot49.state
# Including singleton site patterns.
# cost function      : KL
Initial parameter values
Fixed:
      zero = 0
       one = 1
    Tbecnw = 75200
Free:
       pc1 = 0
       pc2 = 0
       pc3 = 0
       pc4 = 0
       pc5 = 0
       pc6 = 0
       pc7 = 0
       pc8 = 0
       pc9 = 0
      pc10 = 0
      pc11 = 0
      pc12 = 0
      pc13 = 0
      pc14 = 0
Constrained:
   Tgbecnw = 155416
     Tecnw = 29865.1
       Tnw = 24367.6
       Tec = 14392.8
     twoNb = 141791
     twoNe = 18275.3
     twoNn = 146696
    twoNec = 179207
    twoNnw = 19549
  twoNecnw = 85552
  twoNbecnw = 31008.5
  twoNgbecnw = 222844
         m = 0.161765
        m3 = 0.175136
        Ta = 37600
        Tc = 12183.8
DiffEv reached_goal. cost=2.05919e-03 spread=2.69528e-06
Fitted parameter values
Free:
       pc1 = 3.95969
       pc2 = 3.95602
       pc3 = -1.9577
       pc4 = 1.93814
       pc5 = 1.07461
       pc6 = -1.76575
       pc7 = 0.823562
       pc8 = 0.62431
       pc9 = -0.0873045
      pc10 = 0.00849417
      pc11 = 0.0578023
      pc12 = -0.0736182
      pc13 = -0.097979
      pc14 = -0.0286197
Constrained:
   Tgbecnw = 116627
     Tecnw = 26400.9
       Tnw = 24113.9
       Tec = 13626.5
     twoNb = 55146.7
     twoNe = 13693.2
     twoNn = 126398
    twoNec = 149900
    twoNnw = 7976.12
  twoNecnw = 81707.9
  twoNbecnw = 16746.9
  twoNgbecnw = 271718
         m = 0.126131
        m3 = 0.180282
        Ta = 37600
        Tc = 12056.9
#       SitePat  BranchLen
              b 134165.2037308
              e 53161.4838741
              c 54073.7913501
              n 48311.4496859
              w 50402.0643523
            b:e 2427.5321447
            b:c 2499.7832507
            b:n 1873.9100891
            b:w 2065.8352582
            e:c 10973.0715135
            e:n 6393.2287519
            e:w 5125.7420469
            c:n 5480.9212759
            c:w 5354.0616811
            n:w 13718.4337345
          b:e:c 2357.4027473
          b:e:n 1273.1378178
          b:e:w 1204.4639110
          b:c:n 1200.8867118
          b:c:w 1282.2597374
          b:n:w 2318.4936828
          e:c:n 5287.1454821
          e:c:w 4590.8771157
          e:n:w 6568.6894881
          c:n:w 6340.3698539
        b:e:c:n 2310.9243437
        b:e:c:w 2106.3000559
        b:e:n:w 2780.2042016
        b:c:n:w 2702.4083751
        e:c:n:w 56008.5425635
