########################################
# legofit: estimate population history #
#       version 2.3.4-4-g53f8760       #
########################################

# Program was compiled: Sep 21 2021 14:36:42
# Program was run: Sat Sep 25 12:34:04 2021

# cmd: legofit -1 -d 0 -t 32 --ptsPerDim 3 --stateOut b1boot47.state --tol 3e-6 -S 5000 ac2.lgo ../../boot/boot47.opf
# Stage nOptItr nSimReps
#     0    5000        0
# algorithm          : deterministic
# ignoring probs <=  : 0
# Branch length floor: 0
# DE strategy        : 2
#    F               : 0.3
#    CR              : 0.8
#    tolerance       : 3e-06
# nthreads           : 32
# lgo input file     : ac2.lgo
# site pat input file: ../../boot/boot47.opf
# free parameters    : 14
# points in DE swarm : 42
# output state file  : b1boot47.state
# Including singleton site patterns.
# cost function      : KL
Initial parameter values
Fixed:
      zero = 0
       one = 1
    Tbecnw = 75200
Free:
       pc1 = 0
       pc2 = 0
       pc3 = 0
       pc4 = 0
       pc5 = 0
       pc6 = 0
       pc7 = 0
       pc8 = 0
       pc9 = 0
      pc10 = 0
      pc11 = 0
      pc12 = 0
      pc13 = 0
      pc14 = 0
Constrained:
   Tgbecnw = 155416
     Tecnw = 29865.1
       Tnw = 24367.6
       Tec = 14392.8
     twoNb = 141791
     twoNe = 18275.3
     twoNn = 146696
    twoNec = 179207
    twoNnw = 19549
  twoNecnw = 85552
  twoNbecnw = 31008.5
  twoNgbecnw = 222844
         m = 0.161765
        m3 = 0.175136
        Ta = 37600
        Tc = 12183.8
DiffEv reached_goal. cost=2.04371e-03 spread=2.63003e-06
Fitted parameter values
Free:
       pc1 = 3.92539
       pc2 = 3.95854
       pc3 = -1.97838
       pc4 = 1.86741
       pc5 = 1.566
       pc6 = -1.94795
       pc7 = 0.0682567
       pc8 = 0.730693
       pc9 = -0.0315627
      pc10 = 0.0535216
      pc11 = -0.0335746
      pc12 = -0.0887183
      pc13 = -0.116398
      pc14 = -0.0140745
Constrained:
   Tgbecnw = 116635
     Tecnw = 26323.1
       Tnw = 23806
       Tec = 13549
     twoNb = 82634.6
     twoNe = 13661
     twoNn = 30260.7
    twoNec = 150799
    twoNnw = 8911.06
  twoNecnw = 82842.3
  twoNbecnw = 16641.2
  twoNgbecnw = 275637
         m = 0.125437
        m3 = 0.170499
        Ta = 37600
        Tc = 11903
#       SitePat  BranchLen
              b 134290.1639340
              e 53323.9110034
              c 54233.5374920
              n 48444.0158080
              w 50465.5083043
            b:e 2439.6099162
            b:c 2511.5972901
            b:n 1886.0096041
            b:w 2071.0741200
            e:c 10995.5484090
            e:n 6383.9575859
            e:w 5139.5380690
            c:n 5474.3310973
            c:w 5365.8838265
            n:w 13799.9969705
          b:e:c 2371.4635951
          b:e:n 1279.8175420
          b:e:w 1211.2523487
          b:c:n 1207.8301681
          b:c:w 1288.8635211
          b:n:w 2331.6374064
          e:c:n 5256.8700062
          e:c:w 4588.2442975
          e:n:w 6555.2436606
          c:n:w 6328.8979031
        b:e:c:n 2321.8170816
        b:e:c:w 2124.2844060
        b:e:n:w 2798.7442597
        b:c:n:w 2721.1330874
        e:c:n:w 56064.9960995
