########################################
# legofit: estimate population history #
#       version 2.3.4-4-g53f8760       #
########################################

# Program was compiled: Sep 21 2021 14:36:42
# Program was run: Sat Sep 25 12:31:12 2021

# cmd: legofit -1 -d 0 -t 32 --ptsPerDim 3 --stateOut b1boot40.state --tol 3e-6 -S 5000 ac2.lgo ../../boot/boot40.opf
# Stage nOptItr nSimReps
#     0    5000        0
# algorithm          : deterministic
# ignoring probs <=  : 0
# Branch length floor: 0
# DE strategy        : 2
#    F               : 0.3
#    CR              : 0.8
#    tolerance       : 3e-06
# nthreads           : 32
# lgo input file     : ac2.lgo
# site pat input file: ../../boot/boot40.opf
# free parameters    : 14
# points in DE swarm : 42
# output state file  : b1boot40.state
# Including singleton site patterns.
# cost function      : KL
Initial parameter values
Fixed:
      zero = 0
       one = 1
    Tbecnw = 75200
Free:
       pc1 = 0
       pc2 = 0
       pc3 = 0
       pc4 = 0
       pc5 = 0
       pc6 = 0
       pc7 = 0
       pc8 = 0
       pc9 = 0
      pc10 = 0
      pc11 = 0
      pc12 = 0
      pc13 = 0
      pc14 = 0
Constrained:
   Tgbecnw = 155416
     Tecnw = 29865.1
       Tnw = 24367.6
       Tec = 14392.8
     twoNb = 141791
     twoNe = 18275.3
     twoNn = 146696
    twoNec = 179207
    twoNnw = 19549
  twoNecnw = 85552
  twoNbecnw = 31008.5
  twoNgbecnw = 222844
         m = 0.161765
        m3 = 0.175136
        Ta = 37600
        Tc = 12183.8
DiffEv reached_goal. cost=2.04958e-03 spread=2.42640e-06
Fitted parameter values
Free:
       pc1 = 3.9402
       pc2 = 3.93197
       pc3 = -1.97712
       pc4 = 1.8286
       pc5 = 0.894921
       pc6 = -1.92215
       pc7 = 0.849993
       pc8 = 0.717707
       pc9 = 0.0948832
      pc10 = -0.071942
      pc11 = -0.0346676
      pc12 = -0.0740007
      pc13 = -0.118733
      pc14 = -0.0355653
Constrained:
   Tgbecnw = 117146
     Tecnw = 26552.2
       Tnw = 24414.2
       Tec = 13599.6
     twoNb = 68310.6
     twoNe = 11618.9
     twoNn = 132611
    twoNec = 149899
    twoNnw = 7423.26
  twoNecnw = 81782.7
  twoNbecnw = 16765.2
  twoNgbecnw = 277985
         m = 0.12382
        m3 = 0.180894
        Ta = 37600
        Tc = 12207.1
#       SitePat  BranchLen
              b 134300.8577260
              e 53204.5432392
              c 54159.2523617
              n 48394.2812342
              w 50545.9910364
            b:e 2426.0422560
            b:c 2501.6467056
            b:n 1872.6542936
            b:w 2070.1090207
            e:c 10990.6235448
            e:n 6412.2401238
            e:w 5097.7672880
            c:n 5457.5310013
            c:w 5335.7629069
            n:w 13699.1091481
          b:e:c 2363.0313183
          b:e:n 1274.3435659
          b:e:w 1202.3743955
          b:c:n 1198.7391163
          b:c:w 1283.8118835
          b:n:w 2323.9715812
          e:c:n 5286.1560038
          e:c:w 4570.6871319
          e:n:w 6550.6954392
          c:n:w 6312.6998203
        b:e:c:n 2316.5416397
        b:e:c:w 2105.9833156
        b:e:n:w 2783.5037824
        b:c:n:w 2702.0662944
        e:c:n:w 56141.1438506
