########################################
# legofit: estimate population history #
#       version 2.3.4-4-g53f8760       #
########################################

# Program was compiled: Sep 21 2021 14:36:42
# Program was run: Sat Sep 25 12:25:08 2021

# cmd: legofit -1 -d 0 -t 32 --ptsPerDim 3 --stateOut b1boot8.state --tol 3e-6 -S 5000 ac2.lgo ../../boot/boot8.opf
# Stage nOptItr nSimReps
#     0    5000        0
# algorithm          : deterministic
# ignoring probs <=  : 0
# Branch length floor: 0
# DE strategy        : 2
#    F               : 0.3
#    CR              : 0.8
#    tolerance       : 3e-06
# nthreads           : 32
# lgo input file     : ac2.lgo
# site pat input file: ../../boot/boot8.opf
# free parameters    : 14
# points in DE swarm : 42
# output state file  : b1boot8.state
# Including singleton site patterns.
# cost function      : KL
Initial parameter values
Fixed:
      zero = 0
       one = 1
    Tbecnw = 75200
Free:
       pc1 = 0
       pc2 = 0
       pc3 = 0
       pc4 = 0
       pc5 = 0
       pc6 = 0
       pc7 = 0
       pc8 = 0
       pc9 = 0
      pc10 = 0
      pc11 = 0
      pc12 = 0
      pc13 = 0
      pc14 = 0
Constrained:
   Tgbecnw = 155416
     Tecnw = 29865.1
       Tnw = 24367.6
       Tec = 14392.8
     twoNb = 141791
     twoNe = 18275.3
     twoNn = 146696
    twoNec = 179207
    twoNnw = 19549
  twoNecnw = 85552
  twoNbecnw = 31008.5
  twoNgbecnw = 222844
         m = 0.161765
        m3 = 0.175136
        Ta = 37600
        Tc = 12183.8
DiffEv reached_goal. cost=2.03228e-03 spread=2.06245e-06
Fitted parameter values
Free:
       pc1 = 3.99028
       pc2 = 3.97365
       pc3 = -1.99505
       pc4 = 1.74582
       pc5 = 0.570056
       pc6 = -1.98883
       pc7 = 0.639547
       pc8 = 0.337318
       pc9 = 0.0760965
      pc10 = 0.00599382
      pc11 = -0.0361081
      pc12 = -0.0788646
      pc13 = -0.0776156
      pc14 = -0.0249796
Constrained:
   Tgbecnw = 118920
     Tecnw = 26413.3
       Tnw = 24128.2
       Tec = 13563.5
     twoNb = 104787
     twoNe = 13006.4
     twoNn = 179845
    twoNec = 150463
    twoNnw = 7943.92
  twoNecnw = 82736.3
  twoNbecnw = 17144.7
  twoNgbecnw = 284377
         m = 0.120157
        m3 = 0.180116
        Ta = 37600
        Tc = 12064.1
#       SitePat  BranchLen
              b 134138.6669869
              e 53333.3656709
              c 54253.8401822
              n 48442.9496264
              w 50548.6934881
            b:e 2425.0697159
            b:c 2497.5564600
            b:n 1870.1905225
            b:w 2062.3605666
            e:c 10994.2080519
            e:n 6399.3193764
            e:w 5120.5455444
            c:n 5478.8448651
            c:w 5349.2880634
            n:w 13775.3223552
          b:e:c 2357.1073637
          b:e:n 1270.8942629
          b:e:w 1201.9919135
          b:c:n 1198.4075188
          b:c:w 1280.0577100
          b:n:w 2317.9846382
          e:c:n 5260.2774466
          e:c:w 4562.8642186
          e:n:w 6542.6091581
          c:n:w 6313.8666392
        b:e:c:n 2307.7033246
        b:e:c:w 2102.7854386
        b:e:n:w 2778.4375487
        b:c:n:w 2700.3717522
        e:c:n:w 55852.4066883
