########################################
# legofit: estimate population history #
#       version 2.3.4-4-g53f8760       #
########################################

# Program was compiled: Sep 21 2021 14:36:42
# Program was run: Sat Sep 25 12:25:14 2021

# cmd: legofit -1 -d 0 -t 32 --ptsPerDim 3 --stateOut b1boot16.state --tol 3e-6 -S 5000 ac2.lgo ../../boot/boot16.opf
# Stage nOptItr nSimReps
#     0    5000        0
# algorithm          : deterministic
# ignoring probs <=  : 0
# Branch length floor: 0
# DE strategy        : 2
#    F               : 0.3
#    CR              : 0.8
#    tolerance       : 3e-06
# nthreads           : 32
# lgo input file     : ac2.lgo
# site pat input file: ../../boot/boot16.opf
# free parameters    : 14
# points in DE swarm : 42
# output state file  : b1boot16.state
# Including singleton site patterns.
# cost function      : KL
Initial parameter values
Fixed:
      zero = 0
       one = 1
    Tbecnw = 75200
Free:
       pc1 = 0
       pc2 = 0
       pc3 = 0
       pc4 = 0
       pc5 = 0
       pc6 = 0
       pc7 = 0
       pc8 = 0
       pc9 = 0
      pc10 = 0
      pc11 = 0
      pc12 = 0
      pc13 = 0
      pc14 = 0
Constrained:
   Tgbecnw = 155416
     Tecnw = 29865.1
       Tnw = 24367.6
       Tec = 14392.8
     twoNb = 141791
     twoNe = 18275.3
     twoNn = 146696
    twoNec = 179207
    twoNnw = 19549
  twoNecnw = 85552
  twoNbecnw = 31008.5
  twoNgbecnw = 222844
         m = 0.161765
        m3 = 0.175136
        Ta = 37600
        Tc = 12183.8
DiffEv reached_goal. cost=2.00386e-03 spread=2.74723e-06
Fitted parameter values
Free:
       pc1 = 3.82645
       pc2 = 3.96158
       pc3 = -1.96109
       pc4 = 1.68591
       pc5 = 0.743546
       pc6 = -1.69395
       pc7 = 0.597679
       pc8 = 0.766945
       pc9 = -0.0197098
      pc10 = -0.0182823
      pc11 = 0.0952261
      pc12 = -0.0361078
      pc13 = -0.0794139
      pc14 = -0.00800419
Constrained:
   Tgbecnw = 119080
     Tecnw = 26537.8
       Tnw = 24355.5
       Tec = 13805.9
     twoNb = 82620.7
     twoNe = 13247.6
     twoNn = 146580
    twoNec = 148688
    twoNnw = 7579.45
  twoNecnw = 80966.2
  twoNbecnw = 17494.9
  twoNgbecnw = 276081
         m = 0.123236
        m3 = 0.176413
        Ta = 37600
        Tc = 12177.8
#       SitePat  BranchLen
              b 134502.3060497
              e 53177.9924919
              c 54128.9425996
              n 48313.8634809
              w 50417.1082976
            b:e 2427.9862516
            b:c 2503.4345932
            b:n 1870.1689057
            b:w 2063.2358430
            e:c 10998.6622934
            e:n 6409.4030149
            e:w 5114.1266885
            c:n 5458.4529072
            c:w 5353.2873178
            n:w 13750.2625677
          b:e:c 2359.1828921
          b:e:n 1270.2282488
          b:e:w 1198.1704637
          b:c:n 1194.7799072
          b:c:w 1279.2527082
          b:n:w 2320.9199314
          e:c:n 5304.1327997
          e:c:w 4601.3298989
          e:n:w 6608.6930462
          c:n:w 6369.5324168
        b:e:c:n 2301.1271509
        b:e:c:w 2095.6451977
        b:e:n:w 2776.1983053
        b:c:n:w 2695.1160608
        e:c:n:w 56214.8737658
