########################################
# legofit: estimate population history #
#       version 2.3.4-4-g53f8760       #
########################################

# Program was compiled: Sep 21 2021 14:36:42
# Program was run: Sat Sep 25 12:25:25 2021

# cmd: legofit -1 -d 0 -t 32 --ptsPerDim 3 --stateOut b1boot24.state --tol 3e-6 -S 5000 ac2.lgo ../../boot/boot24.opf
# Stage nOptItr nSimReps
#     0    5000        0
# algorithm          : deterministic
# ignoring probs <=  : 0
# Branch length floor: 0
# DE strategy        : 2
#    F               : 0.3
#    CR              : 0.8
#    tolerance       : 3e-06
# nthreads           : 32
# lgo input file     : ac2.lgo
# site pat input file: ../../boot/boot24.opf
# free parameters    : 14
# points in DE swarm : 42
# output state file  : b1boot24.state
# Including singleton site patterns.
# cost function      : KL
Initial parameter values
Fixed:
      zero = 0
       one = 1
    Tbecnw = 75200
Free:
       pc1 = 0
       pc2 = 0
       pc3 = 0
       pc4 = 0
       pc5 = 0
       pc6 = 0
       pc7 = 0
       pc8 = 0
       pc9 = 0
      pc10 = 0
      pc11 = 0
      pc12 = 0
      pc13 = 0
      pc14 = 0
Constrained:
   Tgbecnw = 155416
     Tecnw = 29865.1
       Tnw = 24367.6
       Tec = 14392.8
     twoNb = 141791
     twoNe = 18275.3
     twoNn = 146696
    twoNec = 179207
    twoNnw = 19549
  twoNecnw = 85552
  twoNbecnw = 31008.5
  twoNgbecnw = 222844
         m = 0.161765
        m3 = 0.175136
        Ta = 37600
        Tc = 12183.8
DiffEv reached_goal. cost=2.05362e-03 spread=2.82287e-06
Fitted parameter values
Free:
       pc1 = 3.92658
       pc2 = 3.96694
       pc3 = -1.96996
       pc4 = 1.92167
       pc5 = 1.28819
       pc6 = -1.78676
       pc7 = 0.12446
       pc8 = 0.878933
       pc9 = -0.0205817
      pc10 = -0.00960486
      pc11 = -0.0109341
      pc12 = -0.10907
      pc13 = -0.102708
      pc14 = -0.0206371
Constrained:
   Tgbecnw = 116431
     Tecnw = 26449.7
       Tnw = 23980.1
       Tec = 13759.9
     twoNb = 99807.6
     twoNe = 13446.4
     twoNn = 62461.4
    twoNec = 149943
    twoNnw = 8817.98
  twoNecnw = 81739.7
  twoNbecnw = 16633.5
  twoNgbecnw = 274280
         m = 0.125031
        m3 = 0.170723
        Ta = 37600
        Tc = 11990.1
#       SitePat  BranchLen
              b 134114.9577880
              e 53175.3695758
              c 54159.8896855
              n 48387.3476675
              w 50473.4134524
            b:e 2429.5265322
            b:c 2507.6923410
            b:n 1883.0054593
            b:w 2074.1030848
            e:c 10932.7801168
            e:n 6440.0903900
            e:w 5127.3437504
            c:n 5455.5702803
            c:w 5373.4688744
            n:w 13671.7135357
          b:e:c 2358.3315644
          b:e:n 1282.9668445
          b:e:w 1208.1428125
          b:c:n 1204.8010357
          b:c:w 1292.3468186
          b:n:w 2319.4553677
          e:c:n 5286.6257714
          e:c:w 4595.4080321
          e:n:w 6562.3951156
          c:n:w 6316.2699915
        b:e:c:n 2322.0117072
        b:e:c:w 2118.1923308
        b:e:n:w 2791.1353832
        b:c:n:w 2706.9313771
        e:c:n:w 55983.2805202
