########################################
# legofit: estimate population history #
#       version 2.3.4-4-g53f8760       #
########################################

# Program was compiled: Sep 21 2021 14:36:42
# Program was run: Sat Sep 25 12:31:18 2021

# cmd: legofit -1 -d 0 -t 32 --ptsPerDim 3 --stateOut b1boot42.state --tol 3e-6 -S 5000 ac2.lgo ../../boot/boot42.opf
# Stage nOptItr nSimReps
#     0    5000        0
# algorithm          : deterministic
# ignoring probs <=  : 0
# Branch length floor: 0
# DE strategy        : 2
#    F               : 0.3
#    CR              : 0.8
#    tolerance       : 3e-06
# nthreads           : 32
# lgo input file     : ac2.lgo
# site pat input file: ../../boot/boot42.opf
# free parameters    : 14
# points in DE swarm : 42
# output state file  : b1boot42.state
# Including singleton site patterns.
# cost function      : KL
Initial parameter values
Fixed:
      zero = 0
       one = 1
    Tbecnw = 75200
Free:
       pc1 = 0
       pc2 = 0
       pc3 = 0
       pc4 = 0
       pc5 = 0
       pc6 = 0
       pc7 = 0
       pc8 = 0
       pc9 = 0
      pc10 = 0
      pc11 = 0
      pc12 = 0
      pc13 = 0
      pc14 = 0
Constrained:
   Tgbecnw = 155416
     Tecnw = 29865.1
       Tnw = 24367.6
       Tec = 14392.8
     twoNb = 141791
     twoNe = 18275.3
     twoNn = 146696
    twoNec = 179207
    twoNnw = 19549
  twoNecnw = 85552
  twoNbecnw = 31008.5
  twoNgbecnw = 222844
         m = 0.161765
        m3 = 0.175136
        Ta = 37600
        Tc = 12183.8
DiffEv reached_goal. cost=2.05142e-03 spread=2.30541e-06
Fitted parameter values
Free:
       pc1 = 3.93092
       pc2 = 3.98923
       pc3 = -1.96029
       pc4 = 1.87273
       pc5 = 0.705906
       pc6 = -0.22089
       pc7 = 0.231646
       pc8 = 0.535803
       pc9 = -0.122267
      pc10 = -0.125284
      pc11 = -0.0220066
      pc12 = -0.0233737
      pc13 = -0.178797
      pc14 = -0.0167146
Constrained:
   Tgbecnw = 117188
     Tecnw = 26967.5
       Tnw = 23444.6
       Tec = 14577.6
     twoNb = 42739.1
     twoNe = 21814
     twoNn = 232129
    twoNec = 139123
    twoNnw = 12548.2
  twoNecnw = 79585.8
  twoNbecnw = 17220.6
  twoNgbecnw = 262867
         m = 0.128555
        m3 = 0.166288
        Ta = 37600
        Tc = 11722.3
#       SitePat  BranchLen
              b 134176.4139272
              e 53183.7251651
              c 54130.7165456
              n 48439.5333231
              w 50495.6972324
            b:e 2415.0188677
            b:c 2490.1457799
            b:n 1879.4744561
            b:w 2069.6573024
            e:c 11020.9896838
            e:n 6353.4113767
            e:w 5079.4010004
            c:n 5406.4199963
            c:w 5316.9127043
            n:w 13745.0533388
          b:e:c 2360.9248574
          b:e:n 1267.4500009
          b:e:w 1195.5844081
          b:c:n 1192.3230886
          b:c:w 1276.3020348
          b:n:w 2324.3326041
          e:c:n 5324.6502038
          e:c:w 4632.0039628
          e:n:w 6562.6248578
          c:n:w 6325.1131539
        b:e:c:n 2307.1030895
        b:e:c:w 2104.8068897
        b:e:n:w 2760.9225007
        b:c:n:w 2680.2048740
        e:c:n:w 55932.0478168
