########################################
# legofit: estimate population history #
#       version 2.3.4-4-g53f8760       #
########################################

# Program was compiled: Sep 21 2021 14:36:42
# Program was run: Sat Sep 25 12:33:50 2021

# cmd: legofit -1 -d 0 -t 32 --ptsPerDim 3 --stateOut b1boot44.state --tol 3e-6 -S 5000 ac2.lgo ../../boot/boot44.opf
# Stage nOptItr nSimReps
#     0    5000        0
# algorithm          : deterministic
# ignoring probs <=  : 0
# Branch length floor: 0
# DE strategy        : 2
#    F               : 0.3
#    CR              : 0.8
#    tolerance       : 3e-06
# nthreads           : 32
# lgo input file     : ac2.lgo
# site pat input file: ../../boot/boot44.opf
# free parameters    : 14
# points in DE swarm : 42
# output state file  : b1boot44.state
# Including singleton site patterns.
# cost function      : KL
Initial parameter values
Fixed:
      zero = 0
       one = 1
    Tbecnw = 75200
Free:
       pc1 = 0
       pc2 = 0
       pc3 = 0
       pc4 = 0
       pc5 = 0
       pc6 = 0
       pc7 = 0
       pc8 = 0
       pc9 = 0
      pc10 = 0
      pc11 = 0
      pc12 = 0
      pc13 = 0
      pc14 = 0
Constrained:
   Tgbecnw = 155416
     Tecnw = 29865.1
       Tnw = 24367.6
       Tec = 14392.8
     twoNb = 141791
     twoNe = 18275.3
     twoNn = 146696
    twoNec = 179207
    twoNnw = 19549
  twoNecnw = 85552
  twoNbecnw = 31008.5
  twoNgbecnw = 222844
         m = 0.161765
        m3 = 0.175136
        Ta = 37600
        Tc = 12183.8
DiffEv reached_goal. cost=2.04677e-03 spread=2.76639e-06
Fitted parameter values
Free:
       pc1 = 3.93541
       pc2 = 3.9671
       pc3 = -1.95068
       pc4 = 1.99541
       pc5 = 1.16259
       pc6 = -1.98677
       pc7 = 1.10623
       pc8 = 1.0428
       pc9 = -0.0682423
      pc10 = -0.035041
      pc11 = 0.0431382
      pc12 = -0.112801
      pc13 = -0.0846184
      pc14 = -0.0381229
Constrained:
   Tgbecnw = 115262
     Tecnw = 26454.4
       Tnw = 24644.5
       Tec = 13610.4
     twoNb = 46931.5
     twoNe = 10747.5
     twoNn = 91009.6
    twoNec = 151704
    twoNnw = 6225.44
  twoNecnw = 80813.3
  twoNbecnw = 16365.6
  twoNgbecnw = 269161
         m = 0.125369
        m3 = 0.183432
        Ta = 37600
        Tc = 12322.3
#       SitePat  BranchLen
              b 133479.1519134
              e 53003.4330687
              c 53966.0173896
              n 48147.7144306
              w 50294.8020533
            b:e 2425.7294603
            b:c 2502.3479401
            b:n 1863.4222315
            b:w 2060.9117040
            e:c 10913.7191654
            e:n 6410.6144266
            e:w 5092.4803975
            c:n 5448.0301057
            c:w 5334.4060957
            n:w 13638.3821163
          b:e:c 2355.3482581
          b:e:n 1272.3781803
          b:e:w 1199.3591210
          b:c:n 1195.7597005
          b:c:w 1281.8621249
          b:n:w 2315.7608327
          e:c:n 5282.3298628
          e:c:w 4567.0002793
          e:n:w 6584.4319566
          c:n:w 6342.5062584
        b:e:c:n 2305.3498009
        b:e:c:w 2094.7769634
        b:e:n:w 2782.7740419
        b:c:n:w 2700.2710380
        e:c:n:w 55545.4783282
