########################################
# legofit: estimate population history #
#       version 2.3.4-4-g53f8760       #
########################################

# Program was compiled: Sep 21 2021 14:36:42
# Program was run: Sat Sep 25 12:25:14 2021

# cmd: legofit -1 -d 0 -t 32 --ptsPerDim 3 --stateOut b1boot13.state --tol 3e-6 -S 5000 ac2.lgo ../../boot/boot13.opf
# Stage nOptItr nSimReps
#     0    5000        0
# algorithm          : deterministic
# ignoring probs <=  : 0
# Branch length floor: 0
# DE strategy        : 2
#    F               : 0.3
#    CR              : 0.8
#    tolerance       : 3e-06
# nthreads           : 32
# lgo input file     : ac2.lgo
# site pat input file: ../../boot/boot13.opf
# free parameters    : 14
# points in DE swarm : 42
# output state file  : b1boot13.state
# Including singleton site patterns.
# cost function      : KL
Initial parameter values
Fixed:
      zero = 0
       one = 1
    Tbecnw = 75200
Free:
       pc1 = 0
       pc2 = 0
       pc3 = 0
       pc4 = 0
       pc5 = 0
       pc6 = 0
       pc7 = 0
       pc8 = 0
       pc9 = 0
      pc10 = 0
      pc11 = 0
      pc12 = 0
      pc13 = 0
      pc14 = 0
Constrained:
   Tgbecnw = 155416
     Tecnw = 29865.1
       Tnw = 24367.6
       Tec = 14392.8
     twoNb = 141791
     twoNe = 18275.3
     twoNn = 146696
    twoNec = 179207
    twoNnw = 19549
  twoNecnw = 85552
  twoNbecnw = 31008.5
  twoNgbecnw = 222844
         m = 0.161765
        m3 = 0.175136
        Ta = 37600
        Tc = 12183.8
DiffEv reached_goal. cost=2.04725e-03 spread=1.93976e-06
Fitted parameter values
Free:
       pc1 = 3.94989
       pc2 = 3.98771
       pc3 = -1.99499
       pc4 = 1.99961
       pc5 = 1.3768
       pc6 = -1.827
       pc7 = 1.07017
       pc8 = 0.666419
       pc9 = -0.085365
      pc10 = -0.0128849
      pc11 = 0.0259497
      pc12 = -0.0851564
      pc13 = -0.129161
      pc14 = -0.0416211
Constrained:
   Tgbecnw = 115264
     Tecnw = 26366.8
       Tnw = 24217.4
       Tec = 13561.7
     twoNb = 14750.9
     twoNe = 13033.5
     twoNn = 99409.4
    twoNec = 149509
    twoNnw = 7451.27
  twoNecnw = 82072.6
  twoNbecnw = 16322.6
  twoNgbecnw = 268663
         m = 0.128533
        m3 = 0.182642
        Ta = 37600
        Tc = 12108.7
#       SitePat  BranchLen
              b 134079.0402539
              e 53148.9677011
              c 54048.8231288
              n 48298.7995595
              w 50400.0511309
            b:e 2422.4295455
            b:c 2493.5672068
            b:n 1868.4517728
            b:w 2061.1887383
            e:c 10976.0473273
            e:n 6376.1105923
            e:w 5112.8954877
            c:n 5476.2551646
            c:w 5337.5430679
            n:w 13713.4341235
          b:e:c 2356.3646953
          b:e:n 1269.6846546
          b:e:w 1202.2427676
          b:c:n 1198.5469933
          b:c:w 1278.9176951
          b:n:w 2316.9395352
          e:c:n 5271.7887703
          e:c:w 4572.4644002
          e:n:w 6546.5336490
          c:n:w 6321.8860688
        b:e:c:n 2309.1531123
        b:e:c:w 2103.4873320
        b:e:n:w 2777.2609666
        b:c:n:w 2700.5860391
        e:c:n:w 55992.4303067
