########################################
# legofit: estimate population history #
#       version 2.3.4-4-g53f8760       #
########################################

# Program was compiled: Sep 21 2021 14:36:42
# Program was run: Sat Sep 25 12:25:30 2021

# cmd: legofit -1 -d 0 -t 32 --ptsPerDim 3 --stateOut b1boot28.state --tol 3e-6 -S 5000 ac2.lgo ../../boot/boot28.opf
# Stage nOptItr nSimReps
#     0    5000        0
# algorithm          : deterministic
# ignoring probs <=  : 0
# Branch length floor: 0
# DE strategy        : 2
#    F               : 0.3
#    CR              : 0.8
#    tolerance       : 3e-06
# nthreads           : 32
# lgo input file     : ac2.lgo
# site pat input file: ../../boot/boot28.opf
# free parameters    : 14
# points in DE swarm : 42
# output state file  : b1boot28.state
# Including singleton site patterns.
# cost function      : KL
Initial parameter values
Fixed:
      zero = 0
       one = 1
    Tbecnw = 75200
Free:
       pc1 = 0
       pc2 = 0
       pc3 = 0
       pc4 = 0
       pc5 = 0
       pc6 = 0
       pc7 = 0
       pc8 = 0
       pc9 = 0
      pc10 = 0
      pc11 = 0
      pc12 = 0
      pc13 = 0
      pc14 = 0
Constrained:
   Tgbecnw = 155416
     Tecnw = 29865.1
       Tnw = 24367.6
       Tec = 14392.8
     twoNb = 141791
     twoNe = 18275.3
     twoNn = 146696
    twoNec = 179207
    twoNnw = 19549
  twoNecnw = 85552
  twoNbecnw = 31008.5
  twoNgbecnw = 222844
         m = 0.161765
        m3 = 0.175136
        Ta = 37600
        Tc = 12183.8
DiffEv reached_goal. cost=2.04712e-03 spread=2.99252e-06
Fitted parameter values
Free:
       pc1 = 3.97179
       pc2 = 3.92687
       pc3 = -1.99522
       pc4 = 1.45237
       pc5 = 0.667904
       pc6 = -1.67127
       pc7 = 0.797893
       pc8 = 0.775153
       pc9 = 0.0945649
      pc10 = -0.020822
      pc11 = -0.00245999
      pc12 = -0.0686916
      pc13 = -0.0535733
      pc14 = -0.0201516
Constrained:
   Tgbecnw = 119334
     Tecnw = 26655
       Tnw = 24469
       Tec = 13769
     twoNb = 45779.8
     twoNe = 12439.1
     twoNn = 165105
    twoNec = 151024
    twoNnw = 7582.27
  twoNecnw = 80726
  twoNbecnw = 17473
  twoNgbecnw = 281330
         m = 0.118703
        m3 = 0.177889
        Ta = 37600
        Tc = 12234.5
#       SitePat  BranchLen
              b 133858.4791468
              e 53215.9411242
              c 54178.8997025
              n 48358.6805698
              w 50479.2920047
            b:e 2435.9033521
            b:c 2512.5312715
            b:n 1875.3376219
            b:w 2070.5619886
            e:c 10967.9769847
            e:n 6413.4222680
            e:w 5104.2461627
            c:n 5450.4636897
            c:w 5345.8577622
            n:w 13711.5286885
          b:e:c 2365.6648501
          b:e:n 1275.7687847
          b:e:w 1202.5719652
          b:c:n 1199.1408653
          b:c:w 1284.9428074
          b:n:w 2327.0840341
          e:c:n 5296.5651532
          e:c:w 4589.7357512
          e:n:w 6598.8386741
          c:n:w 6357.2270746
        b:e:c:n 2310.1545416
        b:e:c:w 2102.3250523
        b:e:n:w 2787.2735406
        b:c:n:w 2704.9026984
        e:c:n:w 55646.2543159
