########################################
# legofit: estimate population history #
#       version 2.3.4-4-g53f8760       #
########################################

# Program was compiled: Sep 21 2021 14:36:42
# Program was run: Sat Sep 25 12:25:20 2021

# cmd: legofit -1 -d 0 -t 32 --ptsPerDim 3 --stateOut b1boot19.state --tol 3e-6 -S 5000 ac2.lgo ../../boot/boot19.opf
# Stage nOptItr nSimReps
#     0    5000        0
# algorithm          : deterministic
# ignoring probs <=  : 0
# Branch length floor: 0
# DE strategy        : 2
#    F               : 0.3
#    CR              : 0.8
#    tolerance       : 3e-06
# nthreads           : 32
# lgo input file     : ac2.lgo
# site pat input file: ../../boot/boot19.opf
# free parameters    : 14
# points in DE swarm : 42
# output state file  : b1boot19.state
# Including singleton site patterns.
# cost function      : KL
Initial parameter values
Fixed:
      zero = 0
       one = 1
    Tbecnw = 75200
Free:
       pc1 = 0
       pc2 = 0
       pc3 = 0
       pc4 = 0
       pc5 = 0
       pc6 = 0
       pc7 = 0
       pc8 = 0
       pc9 = 0
      pc10 = 0
      pc11 = 0
      pc12 = 0
      pc13 = 0
      pc14 = 0
Constrained:
   Tgbecnw = 155416
     Tecnw = 29865.1
       Tnw = 24367.6
       Tec = 14392.8
     twoNb = 141791
     twoNe = 18275.3
     twoNn = 146696
    twoNec = 179207
    twoNnw = 19549
  twoNecnw = 85552
  twoNbecnw = 31008.5
  twoNgbecnw = 222844
         m = 0.161765
        m3 = 0.175136
        Ta = 37600
        Tc = 12183.8
DiffEv reached_goal. cost=2.04129e-03 spread=2.59519e-06
Fitted parameter values
Free:
       pc1 = 3.96987
       pc2 = 3.95115
       pc3 = -1.9905
       pc4 = 1.97393
       pc5 = 0.993544
       pc6 = -1.9475
       pc7 = 0.661761
       pc8 = 1.05862
       pc9 = 0.0181473
      pc10 = -0.0765028
      pc11 = 0.0184629
      pc12 = -0.0279033
      pc13 = -0.153719
      pc14 = -0.020126
Constrained:
   Tgbecnw = 115877
     Tecnw = 26531.9
       Tnw = 24492.4
       Tec = 13528.5
     twoNb = 93699.7
     twoNe = 10825.7
     twoNn = 97020
    twoNec = 149106
    twoNnw = 7035.32
  twoNecnw = 80698
  twoNbecnw = 16447.5
  twoNgbecnw = 274206
         m = 0.124369
        m3 = 0.177859
        Ta = 37600
        Tc = 12246.2
#       SitePat  BranchLen
              b 133903.6377892
              e 52990.5182096
              c 53913.6727276
              n 48190.3411427
              w 50295.2678241
            b:e 2418.9885799
            b:c 2492.1546963
            b:n 1863.4926538
            b:w 2057.0410656
            e:c 11005.4910923
            e:n 6350.5550651
            e:w 5072.8090333
            c:n 5427.4005472
            c:w 5303.8996113
            n:w 13696.5776926
          b:e:c 2361.6431375
          b:e:n 1263.7809598
          b:e:w 1194.1837055
          b:c:n 1190.6148433
          b:c:w 1272.9576117
          b:n:w 2322.6362205
          e:c:n 5277.0771669
          e:c:w 4573.3974533
          e:n:w 6558.9869840
          c:n:w 6327.8964060
        b:e:c:n 2300.2986534
        b:e:c:w 2094.0047275
        b:e:n:w 2770.8503390
        b:c:n:w 2692.0764327
        e:c:n:w 55965.7763086
