########################################
# legofit: estimate population history #
#       version 2.3.4-4-g53f8760       #
########################################

# Program was compiled: Sep 21 2021 14:36:42
# Program was run: Sat Sep 25 12:24:56 2021

# cmd: legofit -1 -d 0 -t 32 --ptsPerDim 3 --stateOut b1boot2.state --tol 3e-6 -S 5000 ac2.lgo ../../boot/boot2.opf
# Stage nOptItr nSimReps
#     0    5000        0
# algorithm          : deterministic
# ignoring probs <=  : 0
# Branch length floor: 0
# DE strategy        : 2
#    F               : 0.3
#    CR              : 0.8
#    tolerance       : 3e-06
# nthreads           : 32
# lgo input file     : ac2.lgo
# site pat input file: ../../boot/boot2.opf
# free parameters    : 14
# points in DE swarm : 42
# output state file  : b1boot2.state
# Including singleton site patterns.
# cost function      : KL
Initial parameter values
Fixed:
      zero = 0
       one = 1
    Tbecnw = 75200
Free:
       pc1 = 0
       pc2 = 0
       pc3 = 0
       pc4 = 0
       pc5 = 0
       pc6 = 0
       pc7 = 0
       pc8 = 0
       pc9 = 0
      pc10 = 0
      pc11 = 0
      pc12 = 0
      pc13 = 0
      pc14 = 0
Constrained:
   Tgbecnw = 155416
     Tecnw = 29865.1
       Tnw = 24367.6
       Tec = 14392.8
     twoNb = 141791
     twoNe = 18275.3
     twoNn = 146696
    twoNec = 179207
    twoNnw = 19549
  twoNecnw = 85552
  twoNbecnw = 31008.5
  twoNgbecnw = 222844
         m = 0.161765
        m3 = 0.175136
        Ta = 37600
        Tc = 12183.8
DiffEv reached_goal. cost=2.03924e-03 spread=2.72508e-06
Fitted parameter values
Free:
       pc1 = 3.99254
       pc2 = 3.98502
       pc3 = -1.92622
       pc4 = 1.70851
       pc5 = 0.988616
       pc6 = -1.99768
       pc7 = 0.865657
       pc8 = 0.387497
       pc9 = 0.0476209
      pc10 = -0.00428441
      pc11 = -0.0158271
      pc12 = -0.0868078
      pc13 = -0.0652847
      pc14 = -0.0304059
Constrained:
   Tgbecnw = 118150
     Tecnw = 26368.4
       Tnw = 24110.9
       Tec = 13564.5
     twoNb = 49301.7
     twoNe = 13064
     twoNn = 134451
    twoNec = 150509
    twoNnw = 7849.44
  twoNecnw = 82819.7
  twoNbecnw = 17011.6
  twoNgbecnw = 281225
         m = 0.122158
        m3 = 0.182429
        Ta = 37600
        Tc = 12055.5
#       SitePat  BranchLen
              b 134302.4247974
              e 53317.7775459
              c 54252.1958874
              n 48426.3967508
              w 50557.6735496
            b:e 2437.0550797
            b:c 2511.0320873
            b:n 1879.8872413
            b:w 2075.2916394
            e:c 10991.2876504
            e:n 6429.4628806
            e:w 5133.4753120
            c:n 5495.0445390
            c:w 5366.2046952
            n:w 13768.2663909
          b:e:c 2366.9836794
          b:e:n 1280.0714847
          b:e:w 1209.7534670
          b:c:n 1206.0944771
          b:c:w 1289.4579859
          b:n:w 2327.5051433
          e:c:n 5281.3773394
          e:c:w 4574.9279529
          e:n:w 6560.4901637
          c:n:w 6327.7607805
        b:e:c:n 2323.6036623
        b:e:c:w 2115.1537732
        b:e:n:w 2795.1636564
        b:c:n:w 2715.4591376
        e:c:n:w 56018.3536643
