########################################
# legofit: estimate population history #
#       version 2.3.4-4-g53f8760       #
########################################

# Program was compiled: Sep 21 2021 14:36:42
# Program was run: Sat Sep 25 12:25:08 2021

# cmd: legofit -1 -d 0 -t 32 --ptsPerDim 3 --stateOut b1boot11.state --tol 3e-6 -S 5000 ac2.lgo ../../boot/boot11.opf
# Stage nOptItr nSimReps
#     0    5000        0
# algorithm          : deterministic
# ignoring probs <=  : 0
# Branch length floor: 0
# DE strategy        : 2
#    F               : 0.3
#    CR              : 0.8
#    tolerance       : 3e-06
# nthreads           : 32
# lgo input file     : ac2.lgo
# site pat input file: ../../boot/boot11.opf
# free parameters    : 14
# points in DE swarm : 42
# output state file  : b1boot11.state
# Including singleton site patterns.
# cost function      : KL
Initial parameter values
Fixed:
      zero = 0
       one = 1
    Tbecnw = 75200
Free:
       pc1 = 0
       pc2 = 0
       pc3 = 0
       pc4 = 0
       pc5 = 0
       pc6 = 0
       pc7 = 0
       pc8 = 0
       pc9 = 0
      pc10 = 0
      pc11 = 0
      pc12 = 0
      pc13 = 0
      pc14 = 0
Constrained:
   Tgbecnw = 155416
     Tecnw = 29865.1
       Tnw = 24367.6
       Tec = 14392.8
     twoNb = 141791
     twoNe = 18275.3
     twoNn = 146696
    twoNec = 179207
    twoNnw = 19549
  twoNecnw = 85552
  twoNbecnw = 31008.5
  twoNgbecnw = 222844
         m = 0.161765
        m3 = 0.175136
        Ta = 37600
        Tc = 12183.8
DiffEv reached_goal. cost=2.06416e-03 spread=2.44527e-06
Fitted parameter values
Free:
       pc1 = 3.92044
       pc2 = 3.96062
       pc3 = -1.89876
       pc4 = 1.73833
       pc5 = 0.443136
       pc6 = -1.46309
       pc7 = 1.2148
       pc8 = 0.25084
       pc9 = -0.0926792
      pc10 = -0.0077131
      pc11 = 0.089261
      pc12 = -0.0558642
      pc13 = -0.0350454
      pc14 = -0.0272873
Constrained:
   Tgbecnw = 119197
     Tecnw = 26520.2
       Tnw = 24155.8
       Tec = 13873.7
     twoNb = 40619
     twoNe = 15674.1
     twoNn = 240730
    twoNec = 148162
    twoNnw = 8178.18
  twoNecnw = 81447.6
  twoNbecnw = 17617.1
  twoNgbecnw = 273859
         m = 0.123435
        m3 = 0.185623
        Ta = 37600
        Tc = 12077.9
#       SitePat  BranchLen
              b 134341.4709716
              e 53266.6904044
              c 54206.1476241
              n 48379.0895748
              w 50533.1200053
            b:e 2442.0764792
            b:c 2516.8934411
            b:n 1883.1211757
            b:w 2082.0978705
            e:c 10996.8834947
            e:n 6445.0851610
            e:w 5140.5164734
            c:n 5505.6279413
            c:w 5376.6911592
            n:w 13754.9187820
          b:e:c 2367.9822006
          b:e:n 1281.2729583
          b:e:w 1210.0841388
          b:c:n 1206.4559964
          b:c:w 1290.5139562
          b:n:w 2329.6768656
          e:c:n 5332.8760159
          e:c:w 4612.3510550
          e:n:w 6612.9798153
          c:n:w 6376.8051295
        b:e:c:n 2323.1225433
        b:e:c:w 2111.2767082
        b:e:n:w 2792.5953065
        b:c:n:w 2712.1654891
        e:c:n:w 55955.0133465
