########################################
# legofit: estimate population history #
#       version 2.3.4-4-g53f8760       #
########################################

# Program was compiled: Sep 21 2021 14:36:42
# Program was run: Sat Sep 25 12:25:30 2021

# cmd: legofit -1 -d 0 -t 32 --ptsPerDim 3 --stateOut b1boot31.state --tol 3e-6 -S 5000 ac2.lgo ../../boot/boot31.opf
# Stage nOptItr nSimReps
#     0    5000        0
# algorithm          : deterministic
# ignoring probs <=  : 0
# Branch length floor: 0
# DE strategy        : 2
#    F               : 0.3
#    CR              : 0.8
#    tolerance       : 3e-06
# nthreads           : 32
# lgo input file     : ac2.lgo
# site pat input file: ../../boot/boot31.opf
# free parameters    : 14
# points in DE swarm : 42
# output state file  : b1boot31.state
# Including singleton site patterns.
# cost function      : KL
Initial parameter values
Fixed:
      zero = 0
       one = 1
    Tbecnw = 75200
Free:
       pc1 = 0
       pc2 = 0
       pc3 = 0
       pc4 = 0
       pc5 = 0
       pc6 = 0
       pc7 = 0
       pc8 = 0
       pc9 = 0
      pc10 = 0
      pc11 = 0
      pc12 = 0
      pc13 = 0
      pc14 = 0
Constrained:
   Tgbecnw = 155416
     Tecnw = 29865.1
       Tnw = 24367.6
       Tec = 14392.8
     twoNb = 141791
     twoNe = 18275.3
     twoNn = 146696
    twoNec = 179207
    twoNnw = 19549
  twoNecnw = 85552
  twoNbecnw = 31008.5
  twoNgbecnw = 222844
         m = 0.161765
        m3 = 0.175136
        Ta = 37600
        Tc = 12183.8
DiffEv reached_goal. cost=2.02608e-03 spread=2.68617e-06
Fitted parameter values
Free:
       pc1 = 3.90231
       pc2 = 3.96715
       pc3 = -1.97697
       pc4 = 1.99715
       pc5 = 1.75752
       pc6 = -1.93353
       pc7 = 0.55883
       pc8 = 0.933832
       pc9 = -0.117355
      pc10 = -0.0468206
      pc11 = -0.00399392
      pc12 = -0.0893061
      pc13 = -0.114971
      pc14 = -0.0218771
Constrained:
   Tgbecnw = 114849
     Tecnw = 26339.8
       Tnw = 24077.6
       Tec = 13587.6
     twoNb = 37262
     twoNe = 12036.6
     twoNn = 16926.6
    twoNec = 149530
    twoNnw = 7959.4
  twoNecnw = 82140.7
  twoNbecnw = 16275.4
  twoNgbecnw = 267608
         m = 0.128168
        m3 = 0.17578
        Ta = 37600
        Tc = 12038.8
#       SitePat  BranchLen
              b 133893.6913718
              e 53111.3754770
              c 54103.9951595
              n 48286.5410618
              w 50425.8113852
            b:e 2440.0368709
            b:c 2519.1405740
            b:n 1885.8564177
            b:w 2082.6440378
            e:c 10973.9487779
            e:n 6456.1979929
            e:w 5121.1620669
            c:n 5463.5783105
            c:w 5369.4397528
            n:w 13716.9965382
          b:e:c 2374.0832290
          b:e:n 1287.2307532
          b:e:w 1211.6629953
          b:c:n 1208.1270502
          b:c:w 1296.9593417
          b:n:w 2334.2350872
          e:c:n 5299.8199401
          e:c:w 4589.7241004
          e:n:w 6577.3721976
          c:n:w 6329.0945118
        b:e:c:n 2334.5855132
        b:e:c:w 2124.5333596
        b:e:n:w 2807.3942461
        b:c:n:w 2722.0978996
        e:c:n:w 55813.1512273
