########################################
# legofit: estimate population history #
#       version 2.3.4-4-g53f8760       #
########################################

# Program was compiled: Sep 21 2021 14:36:42
# Program was run: Sat Sep 25 12:25:01 2021

# cmd: legofit -1 -d 0 -t 32 --ptsPerDim 3 --stateOut b1boot3.state --tol 3e-6 -S 5000 ac2.lgo ../../boot/boot3.opf
# Stage nOptItr nSimReps
#     0    5000        0
# algorithm          : deterministic
# ignoring probs <=  : 0
# Branch length floor: 0
# DE strategy        : 2
#    F               : 0.3
#    CR              : 0.8
#    tolerance       : 3e-06
# nthreads           : 32
# lgo input file     : ac2.lgo
# site pat input file: ../../boot/boot3.opf
# free parameters    : 14
# points in DE swarm : 42
# output state file  : b1boot3.state
# Including singleton site patterns.
# cost function      : KL
Initial parameter values
Fixed:
      zero = 0
       one = 1
    Tbecnw = 75200
Free:
       pc1 = 0
       pc2 = 0
       pc3 = 0
       pc4 = 0
       pc5 = 0
       pc6 = 0
       pc7 = 0
       pc8 = 0
       pc9 = 0
      pc10 = 0
      pc11 = 0
      pc12 = 0
      pc13 = 0
      pc14 = 0
Constrained:
   Tgbecnw = 155416
     Tecnw = 29865.1
       Tnw = 24367.6
       Tec = 14392.8
     twoNb = 141791
     twoNe = 18275.3
     twoNn = 146696
    twoNec = 179207
    twoNnw = 19549
  twoNecnw = 85552
  twoNbecnw = 31008.5
  twoNgbecnw = 222844
         m = 0.161765
        m3 = 0.175136
        Ta = 37600
        Tc = 12183.8
DiffEv reached_goal. cost=2.04463e-03 spread=2.99612e-06
Fitted parameter values
Free:
       pc1 = 3.92568
       pc2 = 3.60149
       pc3 = -1.9679
       pc4 = 1.99092
       pc5 = 0.520011
       pc6 = -1.57862
       pc7 = 1.65581
       pc8 = 0.217236
       pc9 = -0.00687503
      pc10 = -0.0178024
      pc11 = -0.0202211
      pc12 = -0.115389
      pc13 = -0.0844427
      pc14 = -0.0623699
Constrained:
   Tgbecnw = 117367
     Tecnw = 26708.4
       Tnw = 24263
       Tec = 13484.2
     twoNb = 22230.1
     twoNe = 13080.1
     twoNn = 249903
    twoNec = 154554
    twoNnw = 8404.69
  twoNecnw = 82115.5
  twoNbecnw = 17164
  twoNgbecnw = 268580
         m = 0.128992
        m3 = 0.191866
        Ta = 37600
        Tc = 12131.5
#       SitePat  BranchLen
              b 134853.0337809
              e 53515.0939503
              c 54403.7133006
              n 48629.8396155
              w 50791.3681405
            b:e 2463.3757172
            b:c 2534.1637897
            b:n 1899.9225229
            b:w 2100.4546582
            e:c 11021.3221163
            e:n 6419.8930915
            e:w 5143.8697830
            c:n 5531.2737412
            c:w 5365.0247101
            n:w 13758.8413288
          b:e:c 2390.8979924
          b:e:n 1291.7344162
          b:e:w 1224.8847555
          b:c:n 1220.9463437
          b:c:w 1301.1293665
          b:n:w 2351.4038890
          e:c:n 5325.5533743
          e:c:w 4606.2971889
          e:n:w 6587.7832802
          c:n:w 6366.6283531
        b:e:c:n 2350.4147272
        b:e:c:w 2136.5492298
        b:e:n:w 2819.6795503
        b:c:n:w 2743.4349393
        e:c:n:w 56384.6765057
