########################################
# legofit: estimate population history #
#       version 2.3.4-4-g53f8760       #
########################################

# Program was compiled: Sep 21 2021 14:36:42
# Program was run: Wed Sep 22 10:02:57 2021

# cmd: legofit -1 -d 0 -t 32 --ptsPerDim 3 --stateOut b1.state --tol 3e-6 -S 5000 def2.lgo ../../chrX/pan_chrX.opf
# Stage nOptItr nSimReps
#     0    5000        0
# algorithm          : deterministic
# ignoring probs <=  : 0
# Branch length floor: 0
# DE strategy        : 2
#    F               : 0.3
#    CR              : 0.8
#    tolerance       : 3e-06
# nthreads           : 32
# lgo input file     : def2.lgo
# site pat input file: ../../chrX/pan_chrX.opf
# free parameters    : 14
# points in DE swarm : 42
# output state file  : b1.state
# Including singleton site patterns.
# cost function      : KL
Initial parameter values
Fixed:
      zero = 0
       one = 1
    Tbecnw = 75200
Free:
       pc1 = 0
       pc2 = 0
       pc3 = 0
       pc4 = 0
       pc5 = 0
       pc6 = 0
       pc7 = 0
       pc8 = 0
       pc9 = 0
      pc10 = 0
      pc11 = 0
      pc12 = 0
      pc13 = 0
      pc14 = 0
Constrained:
     Tecnw = 44594.5
       Tnw = 1567.73
       Tec = 2618.81
     twoNb = 1.16512e+06
     twoNe = 256038
     twoNc = 253624
     twoNw = 847693
    twoNec = 76744.5
    twoNnw = 135332
  twoNecnw = 23356.2
  twoNbecnw = 55374.1
        m4 = 0.0222906
        m5 = 0.351399
        m6 = 0.294879
        Td = 1309.41
        Te = 654.703
        Tf = 327.351
DiffEv reached_goal. cost=2.60522e-03 spread=2.76983e-06
Fitted parameter values
Free:
       pc1 = -1.24637
       pc2 = -2.27299
       pc3 = -1.94097
       pc4 = -1.95988
       pc5 = 1.19608
       pc6 = -0.490304
       pc7 = -1.84891
       pc8 = -1.00554
       pc9 = -0.49029
      pc10 = -0.232814
      pc11 = 0.0940102
      pc12 = -0.0475244
      pc13 = -0.0325586
      pc14 = 0.114016
Constrained:
     Tecnw = 44692.6
       Tnw = 18.6197
       Tec = 61.9297
     twoNb = 2.30609e+06
     twoNe = 602096
     twoNc = 338557
     twoNw = 648046
    twoNec = 83238.5
    twoNnw = 145449
  twoNecnw = 22937.3
  twoNbecnw = 55508.7
        m4 = 0.0302685
        m5 = 0.338625
        m6 = 0.297454
        Td = 30.9648
        Te = 15.4824
        Tf = 7.74121
#       SitePat  BranchLen
              b 122789.0990175
              e 45917.3919087
              c 47636.4661462
              n 44875.3125611
              w 44874.9860572
            b:e 1272.2979353
            b:c 1664.7585674
            b:n 1174.8950160
            b:w 1174.8830817
            e:c 12006.0403283
            e:n 4634.6502542
            e:w 4634.6867624
            c:n 4279.0544443
            c:w 4279.2857462
            n:w 12597.5724978
          b:e:c 1383.2560691
          b:e:n 623.5553636
          b:e:w 623.5493257
          b:c:n 624.7766567
          b:c:w 624.7826906
          b:n:w 1381.4450478
          e:c:n 4302.6087877
          e:c:w 4302.6674814
          e:n:w 6180.5509099
          c:n:w 5108.8469777
        b:e:c:n 1176.1104087
        b:e:c:w 1176.1223470
        b:e:n:w 1605.3977259
        b:c:n:w 1274.1089566
        e:c:n:w 48730.1526018
