########################################
# legofit: estimate population history #
#       version 2.3.4-4-g53f8760       #
########################################

# Program was compiled: Sep 21 2021 14:36:42
# Program was run: Wed Sep 22 10:03:26 2021

# cmd: legofit -1 -d 0 -t 32 --ptsPerDim 3 --stateOut b1boot25.state --tol 3e-6 -S 5000 def2.lgo ../../chrX/boot_chrX/boot25.opf
# Stage nOptItr nSimReps
#     0    5000        0
# algorithm          : deterministic
# ignoring probs <=  : 0
# Branch length floor: 0
# DE strategy        : 2
#    F               : 0.3
#    CR              : 0.8
#    tolerance       : 3e-06
# nthreads           : 32
# lgo input file     : def2.lgo
# site pat input file: ../../chrX/boot_chrX/boot25.opf
# free parameters    : 14
# points in DE swarm : 42
# output state file  : b1boot25.state
# Including singleton site patterns.
# cost function      : KL
Initial parameter values
Fixed:
      zero = 0
       one = 1
    Tbecnw = 75200
Free:
       pc1 = 0
       pc2 = 0
       pc3 = 0
       pc4 = 0
       pc5 = 0
       pc6 = 0
       pc7 = 0
       pc8 = 0
       pc9 = 0
      pc10 = 0
      pc11 = 0
      pc12 = 0
      pc13 = 0
      pc14 = 0
Constrained:
     Tecnw = 44594.5
       Tnw = 1567.73
       Tec = 2618.81
     twoNb = 1.16512e+06
     twoNe = 256038
     twoNc = 253624
     twoNw = 847693
    twoNec = 76744.5
    twoNnw = 135332
  twoNecnw = 23356.2
  twoNbecnw = 55374.1
        m4 = 0.0222906
        m5 = 0.351399
        m6 = 0.294879
        Td = 1309.41
        Te = 654.703
        Tf = 327.351
DiffEv reached_goal. cost=2.61524e-03 spread=2.73057e-06
Fitted parameter values
Free:
       pc1 = -0.232846
       pc2 = -3.27859
       pc3 = -1.45324
       pc4 = -1.94327
       pc5 = 0.779579
       pc6 = 0.172604
       pc7 = -1.95434
       pc8 = -0.888471
       pc9 = -0.865898
      pc10 = 0.0553031
      pc11 = -0.00242053
      pc12 = -0.182481
      pc13 = 0.279126
      pc14 = 0.223558
Constrained:
     Tecnw = 45407.8
       Tnw = 18.2558
       Tec = 27.8547
     twoNb = 2.46465e+06
     twoNe = 568428
     twoNc = 431996
     twoNw = 727301
    twoNec = 81380.2
    twoNnw = 141170
  twoNecnw = 22473.3
  twoNbecnw = 56265.2
        m4 = 0.0293206
        m5 = 0.345816
        m6 = 0.299907
        Td = 13.9274
        Te = 6.96368
        Tf = 3.48184
#       SitePat  BranchLen
              b 123471.4162591
              e 45961.4142319
              c 47776.0926721
              n 44802.1595603
              w 44801.5950250
            b:e 1288.7031521
            b:c 1679.6366317
            b:n 1179.9008544
            b:w 1179.8801614
            e:c 12186.5162384
            e:n 4671.8374019
            e:w 4672.0485184
            c:n 4284.8089255
            c:w 4285.0619917
            n:w 12853.4359835
          b:e:c 1413.3865758
          b:e:n 625.0094200
          b:e:w 625.0081084
          b:c:n 626.1219590
          b:c:w 626.1232587
          b:n:w 1411.7200828
          e:c:n 4265.1483363
          e:c:w 4265.2486888
          e:n:w 6243.4908475
          c:n:w 5144.8232083
        b:e:c:n 1180.9940001
        b:e:c:w 1181.0147051
        b:e:n:w 1625.5266118
        b:c:n:w 1290.3696451
        e:c:n:w 49199.4645890
