########################################
# legofit: estimate population history #
#       version 2.3.4-4-g53f8760       #
########################################

# Program was compiled: Sep 21 2021 14:36:42
# Program was run: Wed Sep 22 10:03:13 2021

# cmd: legofit -1 -d 0 -t 32 --ptsPerDim 3 --stateOut b1boot16.state --tol 3e-6 -S 5000 def2.lgo ../../chrX/boot_chrX/boot16.opf
# Stage nOptItr nSimReps
#     0    5000        0
# algorithm          : deterministic
# ignoring probs <=  : 0
# Branch length floor: 0
# DE strategy        : 2
#    F               : 0.3
#    CR              : 0.8
#    tolerance       : 3e-06
# nthreads           : 32
# lgo input file     : def2.lgo
# site pat input file: ../../chrX/boot_chrX/boot16.opf
# free parameters    : 14
# points in DE swarm : 42
# output state file  : b1boot16.state
# Including singleton site patterns.
# cost function      : KL
Initial parameter values
Fixed:
      zero = 0
       one = 1
    Tbecnw = 75200
Free:
       pc1 = 0
       pc2 = 0
       pc3 = 0
       pc4 = 0
       pc5 = 0
       pc6 = 0
       pc7 = 0
       pc8 = 0
       pc9 = 0
      pc10 = 0
      pc11 = 0
      pc12 = 0
      pc13 = 0
      pc14 = 0
Constrained:
     Tecnw = 44594.5
       Tnw = 1567.73
       Tec = 2618.81
     twoNb = 1.16512e+06
     twoNe = 256038
     twoNc = 253624
     twoNw = 847693
    twoNec = 76744.5
    twoNnw = 135332
  twoNecnw = 23356.2
  twoNbecnw = 55374.1
        m4 = 0.0222906
        m5 = 0.351399
        m6 = 0.294879
        Td = 1309.41
        Te = 654.703
        Tf = 327.351
DiffEv reached_goal. cost=2.64932e-03 spread=2.43722e-06
Fitted parameter values
Free:
       pc1 = -0.143096
       pc2 = -3.21816
       pc3 = -1.95231
       pc4 = -1.9177
       pc5 = -0.0850839
       pc6 = -0.0902885
       pc7 = -1.82626
       pc8 = -1.59282
       pc9 = -0.188064
      pc10 = 0.315154
      pc11 = -0.239211
      pc12 = -0.276652
      pc13 = -0.118427
      pc14 = -0.0443495
Constrained:
     Tecnw = 45702.1
       Tnw = 100.383
       Tec = 69.3244
     twoNb = 2.17869e+06
     twoNe = 493244
     twoNc = 552562
     twoNw = 881788
    twoNec = 83191.8
    twoNnw = 142894
  twoNecnw = 22392.7
  twoNbecnw = 55823.1
        m4 = 0.0329749
        m5 = 0.339542
        m6 = 0.301078
        Td = 34.6622
        Te = 17.3311
        Tf = 8.66555
#       SitePat  BranchLen
              b 122969.5104683
              e 46396.6060567
              c 48150.5968945
              n 45131.4230842
              w 45128.2875412
            b:e 1297.0779719
            b:c 1720.6505151
            b:n 1182.0849103
            b:w 1181.9703183
            e:c 12111.0998838
            e:n 4641.3418733
            e:w 4642.6534325
            c:n 4288.0980805
            c:w 4289.3710947
            n:w 12831.2999965
          b:e:c 1413.4757528
          b:e:n 627.7722819
          b:e:w 627.7734395
          b:c:n 629.1890667
          b:c:w 629.1878185
          b:n:w 1411.3572807
          e:c:n 4241.0454643
          e:c:w 4241.5964338
          e:n:w 6261.7709011
          c:n:w 5141.1346457
        b:e:c:n 1183.3858549
        b:e:c:w 1183.5005374
        b:e:n:w 1652.4286026
        b:c:n:w 1299.1964440
        e:c:n:w 48487.0327763
