########################################
# legofit: estimate population history #
#       version 2.3.4-4-g53f8760       #
########################################

# Program was compiled: Sep 21 2021 14:36:42
# Program was run: Wed Sep 22 10:03:33 2021

# cmd: legofit -1 -d 0 -t 32 --ptsPerDim 3 --stateOut b1boot33.state --tol 3e-6 -S 5000 def2.lgo ../../chrX/boot_chrX/boot33.opf
# Stage nOptItr nSimReps
#     0    5000        0
# algorithm          : deterministic
# ignoring probs <=  : 0
# Branch length floor: 0
# DE strategy        : 2
#    F               : 0.3
#    CR              : 0.8
#    tolerance       : 3e-06
# nthreads           : 32
# lgo input file     : def2.lgo
# site pat input file: ../../chrX/boot_chrX/boot33.opf
# free parameters    : 14
# points in DE swarm : 42
# output state file  : b1boot33.state
# Including singleton site patterns.
# cost function      : KL
Initial parameter values
Fixed:
      zero = 0
       one = 1
    Tbecnw = 75200
Free:
       pc1 = 0
       pc2 = 0
       pc3 = 0
       pc4 = 0
       pc5 = 0
       pc6 = 0
       pc7 = 0
       pc8 = 0
       pc9 = 0
      pc10 = 0
      pc11 = 0
      pc12 = 0
      pc13 = 0
      pc14 = 0
Constrained:
     Tecnw = 44594.5
       Tnw = 1567.73
       Tec = 2618.81
     twoNb = 1.16512e+06
     twoNe = 256038
     twoNc = 253624
     twoNw = 847693
    twoNec = 76744.5
    twoNnw = 135332
  twoNecnw = 23356.2
  twoNbecnw = 55374.1
        m4 = 0.0222906
        m5 = 0.351399
        m6 = 0.294879
        Td = 1309.41
        Te = 654.703
        Tf = 327.351
DiffEv reached_goal. cost=2.64116e-03 spread=2.74399e-06
Fitted parameter values
Free:
       pc1 = -2.65344
       pc2 = -1.67537
       pc3 = -1.0662
       pc4 = -1.96319
       pc5 = 1.58924
       pc6 = 0.942757
       pc7 = -1.87849
       pc8 = -1.23807
       pc9 = 0.0591925
      pc10 = 1.26355
      pc11 = 0.22772
      pc12 = 0.16932
      pc13 = 0.150319
      pc14 = 0.124361
Constrained:
     Tecnw = 44044.4
       Tnw = 38.2178
       Tec = 148.142
     twoNb = 2.22536e+06
     twoNe = 603170
     twoNc = 335670
     twoNw = 767916
    twoNec = 88123.8
    twoNnw = 140764
  twoNecnw = 23198.9
  twoNbecnw = 56537.8
        m4 = 0.0271665
        m5 = 0.314743
        m6 = 0.278569
        Td = 74.071
        Te = 37.0355
        Tf = 18.5177
#       SitePat  BranchLen
              b 123773.8673692
              e 45860.4004626
              c 47436.7089255
              n 44514.6631550
              w 44514.2914352
            b:e 1291.4008734
            b:c 1660.0282139
            b:n 1177.2089430
            b:w 1177.1952113
            e:c 12083.8112800
            e:n 4525.3346088
            e:w 4525.2951329
            c:n 4206.9032656
            c:w 4207.2471077
            n:w 12876.7594927
          b:e:c 1413.3378676
          b:e:n 621.2079964
          b:e:w 621.1960076
          b:c:n 622.3667934
          b:c:w 622.3787811
          b:n:w 1411.5781918
          e:c:n 4321.3529721
          e:c:w 4321.4203257
          e:n:w 6193.7888793
          c:n:w 5192.6012880
        b:e:c:n 1178.3659960
        b:e:c:w 1178.3797288
        b:e:n:w 1602.7709633
        b:c:n:w 1293.1605491
        e:c:n:w 49906.3803913
