########################################
# legofit: estimate population history #
#       version 2.3.4-4-g53f8760       #
########################################

# Program was compiled: Sep 21 2021 14:36:42
# Program was run: Wed Sep 22 10:03:13 2021

# cmd: legofit -1 -d 0 -t 32 --ptsPerDim 3 --stateOut b1boot14.state --tol 3e-6 -S 5000 def2.lgo ../../chrX/boot_chrX/boot14.opf
# Stage nOptItr nSimReps
#     0    5000        0
# algorithm          : deterministic
# ignoring probs <=  : 0
# Branch length floor: 0
# DE strategy        : 2
#    F               : 0.3
#    CR              : 0.8
#    tolerance       : 3e-06
# nthreads           : 32
# lgo input file     : def2.lgo
# site pat input file: ../../chrX/boot_chrX/boot14.opf
# free parameters    : 14
# points in DE swarm : 42
# output state file  : b1boot14.state
# Including singleton site patterns.
# cost function      : KL
Initial parameter values
Fixed:
      zero = 0
       one = 1
    Tbecnw = 75200
Free:
       pc1 = 0
       pc2 = 0
       pc3 = 0
       pc4 = 0
       pc5 = 0
       pc6 = 0
       pc7 = 0
       pc8 = 0
       pc9 = 0
      pc10 = 0
      pc11 = 0
      pc12 = 0
      pc13 = 0
      pc14 = 0
Constrained:
     Tecnw = 44594.5
       Tnw = 1567.73
       Tec = 2618.81
     twoNb = 1.16512e+06
     twoNe = 256038
     twoNc = 253624
     twoNw = 847693
    twoNec = 76744.5
    twoNnw = 135332
  twoNecnw = 23356.2
  twoNbecnw = 55374.1
        m4 = 0.0222906
        m5 = 0.351399
        m6 = 0.294879
        Td = 1309.41
        Te = 654.703
        Tf = 327.351
DiffEv reached_goal. cost=2.43912e-03 spread=2.65897e-06
Fitted parameter values
Free:
       pc1 = -1.61171
       pc2 = -1.32732
       pc3 = -1.72007
       pc4 = -1.9863
       pc5 = -0.249638
       pc6 = -0.713529
       pc7 = -1.93844
       pc8 = -0.941004
       pc9 = -0.794893
      pc10 = -0.0224236
      pc11 = 0.131897
      pc12 = 0.85231
      pc13 = 0.0918622
      pc14 = 0.0475241
Constrained:
     Tecnw = 44382.8
       Tnw = 38.3554
       Tec = 55.347
     twoNb = 2.30274e+06
     twoNe = 368825
     twoNc = 478388
     twoNw = 849357
    twoNec = 84330.4
    twoNnw = 143838
  twoNecnw = 23139.1
  twoNbecnw = 54558.5
        m4 = 0.0265466
        m5 = 0.332517
        m6 = 0.303
        Td = 27.6735
        Te = 13.8367
        Tf = 6.91837
#       SitePat  BranchLen
              b 122029.3427027
              e 45853.5878453
              c 47222.3229648
              n 44598.2160603
              w 44597.1960321
            b:e 1259.6710246
            b:c 1587.9546535
            b:n 1150.5054890
            b:w 1150.4687912
            e:c 11897.5225002
            e:n 4580.8655816
            e:w 4581.2380422
            c:n 4309.4870947
            c:w 4309.9528956
            n:w 12549.5534427
          b:e:c 1354.1664046
          b:e:n 612.1319642
          b:e:w 612.1291042
          b:c:n 613.1772117
          b:c:w 613.1800516
          b:n:w 1352.6130738
          e:c:n 4277.0909396
          e:c:w 4277.2727064
          e:n:w 6033.3164955
          c:n:w 5152.3644964
        b:e:c:n 1151.5168786
        b:e:c:w 1151.5535966
        b:e:n:w 1536.7236661
        b:c:n:w 1261.2243554
        e:c:n:w 48257.5722182
