########################################
# legofit: estimate population history #
#       version 2.3.4-4-g53f8760       #
########################################

# Program was compiled: Sep 21 2021 14:36:42
# Program was run: Wed Sep 22 10:03:26 2021

# cmd: legofit -1 -d 0 -t 32 --ptsPerDim 3 --stateOut b1boot28.state --tol 3e-6 -S 5000 def2.lgo ../../chrX/boot_chrX/boot28.opf
# Stage nOptItr nSimReps
#     0    5000        0
# algorithm          : deterministic
# ignoring probs <=  : 0
# Branch length floor: 0
# DE strategy        : 2
#    F               : 0.3
#    CR              : 0.8
#    tolerance       : 3e-06
# nthreads           : 32
# lgo input file     : def2.lgo
# site pat input file: ../../chrX/boot_chrX/boot28.opf
# free parameters    : 14
# points in DE swarm : 42
# output state file  : b1boot28.state
# Including singleton site patterns.
# cost function      : KL
Initial parameter values
Fixed:
      zero = 0
       one = 1
    Tbecnw = 75200
Free:
       pc1 = 0
       pc2 = 0
       pc3 = 0
       pc4 = 0
       pc5 = 0
       pc6 = 0
       pc7 = 0
       pc8 = 0
       pc9 = 0
      pc10 = 0
      pc11 = 0
      pc12 = 0
      pc13 = 0
      pc14 = 0
Constrained:
     Tecnw = 44594.5
       Tnw = 1567.73
       Tec = 2618.81
     twoNb = 1.16512e+06
     twoNe = 256038
     twoNc = 253624
     twoNw = 847693
    twoNec = 76744.5
    twoNnw = 135332
  twoNecnw = 23356.2
  twoNbecnw = 55374.1
        m4 = 0.0222906
        m5 = 0.351399
        m6 = 0.294879
        Td = 1309.41
        Te = 654.703
        Tf = 327.351
DiffEv reached_goal. cost=2.55629e-03 spread=2.51444e-06
Fitted parameter values
Free:
       pc1 = -1.37183
       pc2 = -1.5109
       pc3 = -1.90652
       pc4 = -1.96106
       pc5 = 0.305425
       pc6 = -0.820695
       pc7 = -1.976
       pc8 = -1.42208
       pc9 = -0.577596
      pc10 = -0.104645
      pc11 = -0.0238619
      pc12 = -0.0268735
      pc13 = 0.138962
      pc14 = 0.0276966
Constrained:
     Tecnw = 44472.7
       Tnw = 30.3289
       Tec = 24.6566
     twoNb = 2.22681e+06
     twoNe = 505034
     twoNc = 445199
     twoNw = 790823
    twoNec = 84292.7
    twoNnw = 143397
  twoNecnw = 23031.9
  twoNbecnw = 54643.9
        m4 = 0.0305609
        m5 = 0.336913
        m6 = 0.296129
        Td = 12.3283
        Te = 6.16416
        Tf = 3.08208
#       SitePat  BranchLen
              b 122073.4025963
              e 45788.9325192
              c 47506.3002857
              n 44603.0209673
              w 44602.0161750
            b:e 1251.6808241
            b:c 1644.1989595
            b:n 1147.3760864
            b:w 1147.3400342
            e:c 11893.7839528
            e:n 4611.9192286
            e:w 4612.3352191
            c:n 4257.4503310
            c:w 4257.8610211
            n:w 12592.0128649
          b:e:c 1355.5932120
          b:e:n 610.8921031
          b:e:w 610.8922523
          b:c:n 612.1488786
          b:c:w 612.1487036
          b:n:w 1353.7311361
          e:c:n 4255.2487339
          e:c:w 4255.4268455
          e:n:w 6172.4449307
          c:n:w 5097.9943735
        b:e:c:n 1148.5966346
        b:e:c:w 1148.6327127
        b:e:n:w 1582.5483759
        b:c:n:w 1253.5429000
        e:c:n:w 48253.7978648
