########################################
# legofit: estimate population history #
#       version 2.3.4-4-g53f8760       #
########################################

# Program was compiled: Sep 21 2021 14:36:42
# Program was run: Wed Sep 22 10:02:57 2021

# cmd: legofit -1 -d 0 -t 32 --ptsPerDim 3 --stateOut b1boot1.state --tol 3e-6 -S 5000 def2.lgo ../../chrX/boot_chrX/boot1.opf
# Stage nOptItr nSimReps
#     0    5000        0
# algorithm          : deterministic
# ignoring probs <=  : 0
# Branch length floor: 0
# DE strategy        : 2
#    F               : 0.3
#    CR              : 0.8
#    tolerance       : 3e-06
# nthreads           : 32
# lgo input file     : def2.lgo
# site pat input file: ../../chrX/boot_chrX/boot1.opf
# free parameters    : 14
# points in DE swarm : 42
# output state file  : b1boot1.state
# Including singleton site patterns.
# cost function      : KL
Initial parameter values
Fixed:
      zero = 0
       one = 1
    Tbecnw = 75200
Free:
       pc1 = 0
       pc2 = 0
       pc3 = 0
       pc4 = 0
       pc5 = 0
       pc6 = 0
       pc7 = 0
       pc8 = 0
       pc9 = 0
      pc10 = 0
      pc11 = 0
      pc12 = 0
      pc13 = 0
      pc14 = 0
Constrained:
     Tecnw = 44594.5
       Tnw = 1567.73
       Tec = 2618.81
     twoNb = 1.16512e+06
     twoNe = 256038
     twoNc = 253624
     twoNw = 847693
    twoNec = 76744.5
    twoNnw = 135332
  twoNecnw = 23356.2
  twoNbecnw = 55374.1
        m4 = 0.0222906
        m5 = 0.351399
        m6 = 0.294879
        Td = 1309.41
        Te = 654.703
        Tf = 327.351
DiffEv reached_goal. cost=2.71375e-03 spread=2.96922e-06
Fitted parameter values
Free:
       pc1 = -0.981134
       pc2 = -3.04876
       pc3 = -0.829709
       pc4 = -1.98874
       pc5 = 0.818879
       pc6 = -0.0423926
       pc7 = -1.89357
       pc8 = -0.828137
       pc9 = -0.0302881
      pc10 = 0.611248
      pc11 = -0.542163
      pc12 = -0.0644265
      pc13 = -0.170733
      pc14 = 0.0756206
Constrained:
     Tecnw = 45453
       Tnw = 78.6891
       Tec = 129.096
     twoNb = 2.27566e+06
     twoNe = 606622
     twoNc = 365561
     twoNw = 983326
    twoNec = 83802.6
    twoNnw = 143742
  twoNecnw = 22859.5
  twoNbecnw = 56398.8
        m4 = 0.0282649
        m5 = 0.337583
        m6 = 0.29069
        Td = 64.5478
        Te = 32.2739
        Tf = 16.137
#       SitePat  BranchLen
              b 123372.1289571
              e 46371.6150004
              c 48168.4736539
              n 45297.5798909
              w 45295.8686713
            b:e 1324.4431296
            b:c 1711.5736894
            b:n 1220.6367543
            b:w 1220.5725407
            e:c 12306.8689982
            e:n 4672.0821575
            e:w 4672.7109315
            c:n 4281.6713149
            c:w 4282.4498849
            n:w 12936.9870203
          b:e:c 1458.9080540
          b:e:n 644.0468321
          b:e:w 644.0420423
          b:c:n 645.2569894
          b:c:w 645.2617405
          b:n:w 1457.0957191
          e:c:n 4335.1249830
          e:c:w 4335.4288586
          e:n:w 6247.8917341
          c:n:w 5170.3855626
        b:e:c:n 1221.7874492
        b:e:c:w 1221.8517014
        b:e:n:w 1654.4964727
        b:c:n:w 1326.2554646
        e:c:n:w 48657.0591919
