########################################
# legofit: estimate population history #
#       version 2.3.4-4-g53f8760       #
########################################

# Program was compiled: Sep 21 2021 14:36:42
# Program was run: Wed Sep 22 10:03:05 2021

# cmd: legofit -1 -d 0 -t 32 --ptsPerDim 3 --stateOut b1boot6.state --tol 3e-6 -S 5000 def2.lgo ../../chrX/boot_chrX/boot6.opf
# Stage nOptItr nSimReps
#     0    5000        0
# algorithm          : deterministic
# ignoring probs <=  : 0
# Branch length floor: 0
# DE strategy        : 2
#    F               : 0.3
#    CR              : 0.8
#    tolerance       : 3e-06
# nthreads           : 32
# lgo input file     : def2.lgo
# site pat input file: ../../chrX/boot_chrX/boot6.opf
# free parameters    : 14
# points in DE swarm : 42
# output state file  : b1boot6.state
# Including singleton site patterns.
# cost function      : KL
Initial parameter values
Fixed:
      zero = 0
       one = 1
    Tbecnw = 75200
Free:
       pc1 = 0
       pc2 = 0
       pc3 = 0
       pc4 = 0
       pc5 = 0
       pc6 = 0
       pc7 = 0
       pc8 = 0
       pc9 = 0
      pc10 = 0
      pc11 = 0
      pc12 = 0
      pc13 = 0
      pc14 = 0
Constrained:
     Tecnw = 44594.5
       Tnw = 1567.73
       Tec = 2618.81
     twoNb = 1.16512e+06
     twoNe = 256038
     twoNc = 253624
     twoNw = 847693
    twoNec = 76744.5
    twoNnw = 135332
  twoNecnw = 23356.2
  twoNbecnw = 55374.1
        m4 = 0.0222906
        m5 = 0.351399
        m6 = 0.294879
        Td = 1309.41
        Te = 654.703
        Tf = 327.351
DiffEv reached_goal. cost=2.40057e-03 spread=2.94018e-06
Fitted parameter values
Free:
       pc1 = -1.87922
       pc2 = -1.32469
       pc3 = -1.32798
       pc4 = -1.97222
       pc5 = 0.843505
       pc6 = -1.26573
       pc7 = -1.74184
       pc8 = -0.633485
       pc9 = 1.05982
      pc10 = -0.101701
      pc11 = 0.258308
      pc12 = 0.0615635
      pc13 = 0.115145
      pc14 = -0.040609
Constrained:
     Tecnw = 43794.2
       Tnw = 75.6149
       Tec = 231.445
     twoNb = 1.85509e+06
     twoNe = 583577
     twoNc = 305265
     twoNw = 999950
    twoNec = 86402
    twoNnw = 148509
  twoNecnw = 23480.4
  twoNbecnw = 55456
        m4 = 0.0297566
        m5 = 0.338355
        m6 = 0.297126
        Td = 115.723
        Te = 57.8613
        Tf = 28.9307
#       SitePat  BranchLen
              b 122746.1771010
              e 45846.5571517
              c 47523.0127898
              n 44738.5937569
              w 44737.6176474
            b:e 1272.0992794
            b:c 1668.7675494
            b:n 1174.9809993
            b:w 1174.9450785
            e:c 11636.0252657
            e:n 4664.9928166
            e:w 4665.1640310
            c:n 4316.1852637
            c:w 4316.8128877
            n:w 12314.9143422
          b:e:c 1354.0402683
          b:e:n 630.9918944
          b:e:w 630.9776713
          b:c:n 632.4771936
          b:c:w 632.4913988
          b:n:w 1351.8615429
          e:c:n 4357.7851560
          e:c:w 4357.9624271
          e:n:w 6192.6766239
          c:n:w 5136.0155126
        b:e:c:n 1176.4445829
        b:e:c:w 1176.4805216
        b:e:n:w 1596.5811322
        b:c:n:w 1274.2780048
        e:c:n:w 48934.8153965
