########################################
# legofit: estimate population history #
#       version 2.3.4-4-g53f8760       #
########################################

# Program was compiled: Sep 21 2021 14:36:42
# Program was run: Wed Sep 22 10:03:06 2021

# cmd: legofit -1 -d 0 -t 32 --ptsPerDim 3 --stateOut b1boot9.state --tol 3e-6 -S 5000 def2.lgo ../../chrX/boot_chrX/boot9.opf
# Stage nOptItr nSimReps
#     0    5000        0
# algorithm          : deterministic
# ignoring probs <=  : 0
# Branch length floor: 0
# DE strategy        : 2
#    F               : 0.3
#    CR              : 0.8
#    tolerance       : 3e-06
# nthreads           : 32
# lgo input file     : def2.lgo
# site pat input file: ../../chrX/boot_chrX/boot9.opf
# free parameters    : 14
# points in DE swarm : 42
# output state file  : b1boot9.state
# Including singleton site patterns.
# cost function      : KL
Initial parameter values
Fixed:
      zero = 0
       one = 1
    Tbecnw = 75200
Free:
       pc1 = 0
       pc2 = 0
       pc3 = 0
       pc4 = 0
       pc5 = 0
       pc6 = 0
       pc7 = 0
       pc8 = 0
       pc9 = 0
      pc10 = 0
      pc11 = 0
      pc12 = 0
      pc13 = 0
      pc14 = 0
Constrained:
     Tecnw = 44594.5
       Tnw = 1567.73
       Tec = 2618.81
     twoNb = 1.16512e+06
     twoNe = 256038
     twoNc = 253624
     twoNw = 847693
    twoNec = 76744.5
    twoNnw = 135332
  twoNecnw = 23356.2
  twoNbecnw = 55374.1
        m4 = 0.0222906
        m5 = 0.351399
        m6 = 0.294879
        Td = 1309.41
        Te = 654.703
        Tf = 327.351
DiffEv reached_goal. cost=2.60960e-03 spread=2.81678e-06
Fitted parameter values
Free:
       pc1 = -1.19215
       pc2 = -2.54376
       pc3 = -1.11476
       pc4 = -1.92875
       pc5 = -0.780064
       pc6 = -0.661688
       pc7 = -1.98616
       pc8 = -0.479416
       pc9 = -0.488747
      pc10 = 0.665096
      pc11 = 0.053897
      pc12 = 0.300202
      pc13 = -0.283252
      pc14 = 0.0653306
Constrained:
     Tecnw = 45033.8
       Tnw = 26.676
       Tec = 18.8953
     twoNb = 2.26677e+06
     twoNe = 334450
     twoNc = 538712
     twoNw = 1.09423e+06
    twoNec = 83088.7
    twoNnw = 146205
  twoNecnw = 22664.8
  twoNbecnw = 55405.3
        m4 = 0.0256307
        m5 = 0.33859
        m6 = 0.295844
        Td = 9.44765
        Te = 4.72383
        Tf = 2.36191
#       SitePat  BranchLen
              b 122762.4718245
              e 45967.6556921
              c 47573.5914007
              n 45049.2640597
              w 45048.6028892
            b:e 1264.0340467
            b:c 1607.5075964
            b:n 1173.3434487
            b:w 1173.3194851
            e:c 12114.5684822
            e:n 4603.3735831
            e:w 4603.6522850
            c:n 4254.7613551
            c:w 4255.0273238
            n:w 12599.1393616
          b:e:c 1384.5083411
          b:e:n 618.9990878
          b:e:w 618.9994734
          b:c:n 620.0555126
          b:c:w 620.0551127
          b:n:w 1382.9487525
          e:c:n 4289.5478321
          e:c:w 4289.6643320
          e:n:w 6035.9601129
          c:n:w 5072.3760149
        b:e:c:n 1174.3755100
        b:e:c:w 1174.3994880
        b:e:n:w 1556.2936705
        b:c:n:w 1265.5936353
        e:c:n:w 48700.8730484
