########################################
# legofit: estimate population history #
#       version 2.3.4-4-g53f8760       #
########################################

# Program was compiled: Sep 21 2021 14:36:42
# Program was run: Wed Sep 22 10:03:13 2021

# cmd: legofit -1 -d 0 -t 32 --ptsPerDim 3 --stateOut b1boot11.state --tol 3e-6 -S 5000 def2.lgo ../../chrX/boot_chrX/boot11.opf
# Stage nOptItr nSimReps
#     0    5000        0
# algorithm          : deterministic
# ignoring probs <=  : 0
# Branch length floor: 0
# DE strategy        : 2
#    F               : 0.3
#    CR              : 0.8
#    tolerance       : 3e-06
# nthreads           : 32
# lgo input file     : def2.lgo
# site pat input file: ../../chrX/boot_chrX/boot11.opf
# free parameters    : 14
# points in DE swarm : 42
# output state file  : b1boot11.state
# Including singleton site patterns.
# cost function      : KL
Initial parameter values
Fixed:
      zero = 0
       one = 1
    Tbecnw = 75200
Free:
       pc1 = 0
       pc2 = 0
       pc3 = 0
       pc4 = 0
       pc5 = 0
       pc6 = 0
       pc7 = 0
       pc8 = 0
       pc9 = 0
      pc10 = 0
      pc11 = 0
      pc12 = 0
      pc13 = 0
      pc14 = 0
Constrained:
     Tecnw = 44594.5
       Tnw = 1567.73
       Tec = 2618.81
     twoNb = 1.16512e+06
     twoNe = 256038
     twoNc = 253624
     twoNw = 847693
    twoNec = 76744.5
    twoNnw = 135332
  twoNecnw = 23356.2
  twoNbecnw = 55374.1
        m4 = 0.0222906
        m5 = 0.351399
        m6 = 0.294879
        Td = 1309.41
        Te = 654.703
        Tf = 327.351
DiffEv reached_goal. cost=2.65212e-03 spread=2.60721e-06
Fitted parameter values
Free:
       pc1 = -1.31871
       pc2 = -2.29001
       pc3 = -1.69109
       pc4 = -1.98601
       pc5 = 0.761991
       pc6 = 0.888744
       pc7 = -1.92913
       pc8 = -0.69428
       pc9 = -0.910388
      pc10 = 0.367822
      pc11 = 0.0693886
      pc12 = 0.325881
      pc13 = 0.245991
      pc14 = 0.351143
Constrained:
     Tecnw = 44812.4
       Tnw = 18.7808
       Tec = 37.2255
     twoNb = 2.48848e+06
     twoNe = 440957
     twoNc = 462970
     twoNw = 617534
    twoNec = 81969.3
    twoNnw = 140431
  twoNecnw = 22940.4
  twoNbecnw = 56242.5
        m4 = 0.0271642
        m5 = 0.330999
        m6 = 0.294649
        Td = 18.6128
        Te = 9.30638
        Tf = 4.65319
#       SitePat  BranchLen
              b 123446.5237901
              e 45821.8426785
              c 47386.4100478
              n 44673.6254742
              w 44673.0454744
            b:e 1294.7918913
            b:c 1649.8608328
            b:n 1187.0589011
            b:w 1187.0374931
            e:c 12334.6101724
            e:n 4595.7547421
            e:w 4595.9448071
            c:n 4275.4288196
            c:w 4275.7150668
            n:w 12928.5905416
          b:e:c 1427.7642748
          b:e:n 623.6963870
          b:e:w 623.6933698
          b:c:n 624.7264680
          b:c:w 624.7294748
          b:n:w 1426.2118458
          e:c:n 4314.6900704
          e:c:w 4314.7937580
          e:n:w 6167.1708438
          c:n:w 5189.5465807
        b:e:c:n 1188.0705808
        b:e:c:w 1188.0919994
        b:e:n:w 1599.8668911
        b:c:n:w 1296.3443202
        e:c:n:w 49297.6860537
