########################################
# legofit: estimate population history #
#       version 2.3.4-4-g53f8760       #
########################################

# Program was compiled: Sep 21 2021 14:36:42
# Program was run: Wed Sep 22 10:03:13 2021

# cmd: legofit -1 -d 0 -t 32 --ptsPerDim 3 --stateOut b1boot13.state --tol 3e-6 -S 5000 def2.lgo ../../chrX/boot_chrX/boot13.opf
# Stage nOptItr nSimReps
#     0    5000        0
# algorithm          : deterministic
# ignoring probs <=  : 0
# Branch length floor: 0
# DE strategy        : 2
#    F               : 0.3
#    CR              : 0.8
#    tolerance       : 3e-06
# nthreads           : 32
# lgo input file     : def2.lgo
# site pat input file: ../../chrX/boot_chrX/boot13.opf
# free parameters    : 14
# points in DE swarm : 42
# output state file  : b1boot13.state
# Including singleton site patterns.
# cost function      : KL
Initial parameter values
Fixed:
      zero = 0
       one = 1
    Tbecnw = 75200
Free:
       pc1 = 0
       pc2 = 0
       pc3 = 0
       pc4 = 0
       pc5 = 0
       pc6 = 0
       pc7 = 0
       pc8 = 0
       pc9 = 0
      pc10 = 0
      pc11 = 0
      pc12 = 0
      pc13 = 0
      pc14 = 0
Constrained:
     Tecnw = 44594.5
       Tnw = 1567.73
       Tec = 2618.81
     twoNb = 1.16512e+06
     twoNe = 256038
     twoNc = 253624
     twoNw = 847693
    twoNec = 76744.5
    twoNnw = 135332
  twoNecnw = 23356.2
  twoNbecnw = 55374.1
        m4 = 0.0222906
        m5 = 0.351399
        m6 = 0.294879
        Td = 1309.41
        Te = 654.703
        Tf = 327.351
DiffEv reached_goal. cost=2.68824e-03 spread=2.69656e-06
Fitted parameter values
Free:
       pc1 = -1.1196
       pc2 = -2.64615
       pc3 = -1.81494
       pc4 = -1.97167
       pc5 = 1.17465
       pc6 = -0.389889
       pc7 = -1.96312
       pc8 = -1.08384
       pc9 = 0.0992876
      pc10 = 0.149073
      pc11 = -0.012412
      pc12 = -0.673877
      pc13 = -0.198294
      pc14 = 0.122349
Constrained:
     Tecnw = 44849.8
       Tnw = 55.3793
       Tec = 70.9705
     twoNb = 2.18549e+06
     twoNe = 645561
     twoNc = 384688
     twoNw = 763457
    twoNec = 82943.5
    twoNnw = 146436
  twoNecnw = 22820.1
  twoNbecnw = 56004.7
        m4 = 0.0323036
        m5 = 0.33979
        m6 = 0.29011
        Td = 35.4852
        Te = 17.7426
        Tf = 8.87131
#       SitePat  BranchLen
              b 123179.7644446
              e 45944.7292890
              c 47899.1736315
              n 45084.0229693
              w 45082.3196035
            b:e 1275.1852661
            b:c 1711.5418565
            b:n 1188.5061801
            b:w 1188.4436193
            e:c 12104.9489601
            e:n 4647.5900613
            e:w 4648.2640461
            c:n 4232.8751518
            c:w 4233.6029074
            n:w 12635.1234867
          b:e:c 1401.9672125
          b:e:n 628.2326470
          b:e:w 628.2309474
          b:c:n 629.6405206
          b:c:w 629.6421731
          b:n:w 1399.8916690
          e:c:n 4315.9993123
          e:c:w 4316.3009376
          e:n:w 6260.0130447
          c:n:w 5062.2216251
        b:e:c:n 1189.8531453
        b:e:c:w 1189.9157534
        b:e:n:w 1643.7133739
        b:c:n:w 1277.2608096
        e:c:n:w 48966.8456216
