########################################
# legofit: estimate population history #
#       version 2.3.4-4-g53f8760       #
########################################

# Program was compiled: Sep 21 2021 14:36:42
# Program was run: Wed Sep 22 10:03:33 2021

# cmd: legofit -1 -d 0 -t 32 --ptsPerDim 3 --stateOut b1boot31.state --tol 3e-6 -S 5000 def2.lgo ../../chrX/boot_chrX/boot31.opf
# Stage nOptItr nSimReps
#     0    5000        0
# algorithm          : deterministic
# ignoring probs <=  : 0
# Branch length floor: 0
# DE strategy        : 2
#    F               : 0.3
#    CR              : 0.8
#    tolerance       : 3e-06
# nthreads           : 32
# lgo input file     : def2.lgo
# site pat input file: ../../chrX/boot_chrX/boot31.opf
# free parameters    : 14
# points in DE swarm : 42
# output state file  : b1boot31.state
# Including singleton site patterns.
# cost function      : KL
Initial parameter values
Fixed:
      zero = 0
       one = 1
    Tbecnw = 75200
Free:
       pc1 = 0
       pc2 = 0
       pc3 = 0
       pc4 = 0
       pc5 = 0
       pc6 = 0
       pc7 = 0
       pc8 = 0
       pc9 = 0
      pc10 = 0
      pc11 = 0
      pc12 = 0
      pc13 = 0
      pc14 = 0
Constrained:
     Tecnw = 44594.5
       Tnw = 1567.73
       Tec = 2618.81
     twoNb = 1.16512e+06
     twoNe = 256038
     twoNc = 253624
     twoNw = 847693
    twoNec = 76744.5
    twoNnw = 135332
  twoNecnw = 23356.2
  twoNbecnw = 55374.1
        m4 = 0.0222906
        m5 = 0.351399
        m6 = 0.294879
        Td = 1309.41
        Te = 654.703
        Tf = 327.351
DiffEv reached_goal. cost=2.61513e-03 spread=2.44301e-06
Fitted parameter values
Free:
       pc1 = -1.71976
       pc2 = -1.88113
       pc3 = -1.52387
       pc4 = -1.93874
       pc5 = 0.455776
       pc6 = -1.12498
       pc7 = -1.89504
       pc8 = 0.241868
       pc9 = 0.384218
      pc10 = -0.395188
      pc11 = 0.239035
      pc12 = -0.195282
      pc13 = -0.189476
      pc14 = 0.046326
Constrained:
     Tecnw = 44178.1
       Tnw = 45.3751
       Tec = 174.196
     twoNb = 2.08469e+06
     twoNe = 458464
     twoNc = 377042
     twoNw = 883302
    twoNec = 84153
    twoNnw = 151387
  twoNecnw = 23336.7
  twoNbecnw = 55616
        m4 = 0.0278382
        m5 = 0.34758
        m6 = 0.295518
        Td = 87.0978
        Te = 43.5489
        Tf = 21.7745
#       SitePat  BranchLen
              b 122853.4911221
              e 45847.6313344
              c 47665.3969054
              n 45083.0641671
              w 45082.6387492
            b:e 1271.8866995
            b:c 1654.5000382
            b:n 1194.1904657
            b:w 1194.1746779
            e:c 11805.1963506
            e:n 4706.5145539
            e:w 4706.4784968
            c:n 4302.6290962
            c:w 4303.0125222
            n:w 12286.1809373
          b:e:c 1370.4060341
          b:e:n 637.3921876
          b:e:w 637.3790322
          b:c:n 638.6510959
          b:c:w 638.6642496
          b:n:w 1368.5721796
          e:c:n 4387.4991429
          e:c:w 4387.5771920
          e:n:w 6150.2451370
          c:n:w 5075.0091731
        b:e:c:n 1195.4467399
        b:e:c:w 1195.4625295
        b:e:n:w 1594.0561932
        b:c:n:w 1273.7205541
        e:c:n:w 48824.8221756
