########################################
# legofit: estimate population history #
#       version 2.3.4-4-g53f8760       #
########################################

# Program was compiled: Sep 21 2021 14:36:42
# Program was run: Wed Sep 22 10:03:40 2021

# cmd: legofit -1 -d 0 -t 32 --ptsPerDim 3 --stateOut b1boot37.state --tol 3e-6 -S 5000 def2.lgo ../../chrX/boot_chrX/boot37.opf
# Stage nOptItr nSimReps
#     0    5000        0
# algorithm          : deterministic
# ignoring probs <=  : 0
# Branch length floor: 0
# DE strategy        : 2
#    F               : 0.3
#    CR              : 0.8
#    tolerance       : 3e-06
# nthreads           : 32
# lgo input file     : def2.lgo
# site pat input file: ../../chrX/boot_chrX/boot37.opf
# free parameters    : 14
# points in DE swarm : 42
# output state file  : b1boot37.state
# Including singleton site patterns.
# cost function      : KL
Initial parameter values
Fixed:
      zero = 0
       one = 1
    Tbecnw = 75200
Free:
       pc1 = 0
       pc2 = 0
       pc3 = 0
       pc4 = 0
       pc5 = 0
       pc6 = 0
       pc7 = 0
       pc8 = 0
       pc9 = 0
      pc10 = 0
      pc11 = 0
      pc12 = 0
      pc13 = 0
      pc14 = 0
Constrained:
     Tecnw = 44594.5
       Tnw = 1567.73
       Tec = 2618.81
     twoNb = 1.16512e+06
     twoNe = 256038
     twoNc = 253624
     twoNw = 847693
    twoNec = 76744.5
    twoNnw = 135332
  twoNecnw = 23356.2
  twoNbecnw = 55374.1
        m4 = 0.0222906
        m5 = 0.351399
        m6 = 0.294879
        Td = 1309.41
        Te = 654.703
        Tf = 327.351
DiffEv reached_goal. cost=2.50837e-03 spread=2.93768e-06
Fitted parameter values
Free:
       pc1 = -1.91073
       pc2 = -1.91187
       pc3 = -1.45402
       pc4 = -1.83198
       pc5 = 0.31254
       pc6 = -0.49652
       pc7 = -1.88436
       pc8 = 0.499173
       pc9 = 0.767207
      pc10 = -0.188985
      pc11 = 0.0289351
      pc12 = 0.244126
      pc13 = -0.330708
      pc14 = 0.0204142
Constrained:
     Tecnw = 44360.9
       Tnw = 95.5506
       Tec = 314.119
     twoNb = 2.01537e+06
     twoNe = 404142
     twoNc = 431639
     twoNw = 903630
    twoNec = 84969.3
    twoNnw = 151401
  twoNecnw = 23561.7
  twoNbecnw = 56127.6
        m4 = 0.0263588
        m5 = 0.340962
        m6 = 0.296625
        Td = 157.059
        Te = 78.5297
        Tf = 39.2648
#       SitePat  BranchLen
              b 123149.1302797
              e 46218.0170337
              c 47849.5719631
              n 45351.4456822
              w 45350.2076058
            b:e 1315.5748732
            b:c 1675.1906337
            b:n 1229.8174250
            b:w 1229.7704673
            e:c 11927.7325720
            e:n 4711.3268940
            e:w 4711.4787365
            c:n 4355.1609656
            c:w 4356.0215818
            n:w 12426.5876181
          b:e:c 1415.0918799
          b:e:n 655.2643314
          b:e:w 655.2415866
          b:c:n 656.5198638
          b:c:w 656.5425922
          b:n:w 1413.2414426
          e:c:n 4441.8778375
          e:c:w 4442.1034552
          e:n:w 6149.6885210
          c:n:w 5166.1375314
        b:e:c:n 1231.0487280
        b:e:c:w 1231.0957022
        b:e:n:w 1615.9784658
        b:c:n:w 1317.4253106
        e:c:n:w 48725.4129650
