########################################
# legofit: estimate population history #
#       version 2.3.4-4-g53f8760       #
########################################

# Program was compiled: Sep 21 2021 14:36:42
# Program was run: Wed Sep 22 10:03:05 2021

# cmd: legofit -1 -d 0 -t 32 --ptsPerDim 3 --stateOut b1boot7.state --tol 3e-6 -S 5000 def2.lgo ../../chrX/boot_chrX/boot7.opf
# Stage nOptItr nSimReps
#     0    5000        0
# algorithm          : deterministic
# ignoring probs <=  : 0
# Branch length floor: 0
# DE strategy        : 2
#    F               : 0.3
#    CR              : 0.8
#    tolerance       : 3e-06
# nthreads           : 32
# lgo input file     : def2.lgo
# site pat input file: ../../chrX/boot_chrX/boot7.opf
# free parameters    : 14
# points in DE swarm : 42
# output state file  : b1boot7.state
# Including singleton site patterns.
# cost function      : KL
Initial parameter values
Fixed:
      zero = 0
       one = 1
    Tbecnw = 75200
Free:
       pc1 = 0
       pc2 = 0
       pc3 = 0
       pc4 = 0
       pc5 = 0
       pc6 = 0
       pc7 = 0
       pc8 = 0
       pc9 = 0
      pc10 = 0
      pc11 = 0
      pc12 = 0
      pc13 = 0
      pc14 = 0
Constrained:
     Tecnw = 44594.5
       Tnw = 1567.73
       Tec = 2618.81
     twoNb = 1.16512e+06
     twoNe = 256038
     twoNc = 253624
     twoNw = 847693
    twoNec = 76744.5
    twoNnw = 135332
  twoNecnw = 23356.2
  twoNbecnw = 55374.1
        m4 = 0.0222906
        m5 = 0.351399
        m6 = 0.294879
        Td = 1309.41
        Te = 654.703
        Tf = 327.351
DiffEv reached_goal. cost=2.72952e-03 spread=2.94573e-06
Fitted parameter values
Free:
       pc1 = -1.1679
       pc2 = -2.29199
       pc3 = -0.947142
       pc4 = -1.99036
       pc5 = 0.10824
       pc6 = -1.25273
       pc7 = -1.84934
       pc8 = -0.0242746
       pc9 = 0.220267
      pc10 = -0.000971413
      pc11 = -0.430156
      pc12 = 0.439339
      pc13 = -0.341282
      pc14 = 0.167899
Constrained:
     Tecnw = 44984.2
       Tnw = 70.8765
       Tec = 125.813
     twoNb = 2.1457e+06
     twoNe = 480526
     twoNc = 362016
     twoNw = 1.1057e+06
    twoNec = 81095.6
    twoNnw = 149136
  twoNecnw = 23254.1
  twoNbecnw = 55507.1
        m4 = 0.0261838
        m5 = 0.344845
        m6 = 0.300428
        Td = 62.9067
        Te = 31.4533
        Tf = 15.7267
#       SitePat  BranchLen
              b 122594.7391477
              e 46123.1024625
              c 47756.5596096
              n 45408.3944046
              w 45407.0342984
            b:e 1301.6506936
            b:c 1652.3837246
            b:n 1221.4286174
            b:w 1221.3777069
            e:c 12237.7079423
            e:n 4694.8499539
            e:w 4695.3291221
            c:n 4335.0294140
            c:w 4335.6667822
            n:w 12585.2681857
          b:e:c 1424.7148462
          b:e:n 644.2103273
          b:e:w 644.2052925
          b:c:n 645.3820018
          b:c:w 645.3870076
          b:n:w 1422.9963325
          e:c:n 4395.5386264
          e:c:w 4395.7821961
          e:n:w 6096.0106653
          c:n:w 5123.2297187
        b:e:c:n 1222.5543873
        b:e:c:w 1222.6053267
        b:e:n:w 1597.6489487
        b:c:n:w 1303.3692073
        e:c:n:w 48068.7427775
