########################################
# legofit: estimate population history #
#       version 2.3.4-4-g53f8760       #
########################################

# Program was compiled: Sep 21 2021 14:36:42
# Program was run: Wed Sep 22 10:03:26 2021

# cmd: legofit -1 -d 0 -t 32 --ptsPerDim 3 --stateOut b1boot26.state --tol 3e-6 -S 5000 def2.lgo ../../chrX/boot_chrX/boot26.opf
# Stage nOptItr nSimReps
#     0    5000        0
# algorithm          : deterministic
# ignoring probs <=  : 0
# Branch length floor: 0
# DE strategy        : 2
#    F               : 0.3
#    CR              : 0.8
#    tolerance       : 3e-06
# nthreads           : 32
# lgo input file     : def2.lgo
# site pat input file: ../../chrX/boot_chrX/boot26.opf
# free parameters    : 14
# points in DE swarm : 42
# output state file  : b1boot26.state
# Including singleton site patterns.
# cost function      : KL
Initial parameter values
Fixed:
      zero = 0
       one = 1
    Tbecnw = 75200
Free:
       pc1 = 0
       pc2 = 0
       pc3 = 0
       pc4 = 0
       pc5 = 0
       pc6 = 0
       pc7 = 0
       pc8 = 0
       pc9 = 0
      pc10 = 0
      pc11 = 0
      pc12 = 0
      pc13 = 0
      pc14 = 0
Constrained:
     Tecnw = 44594.5
       Tnw = 1567.73
       Tec = 2618.81
     twoNb = 1.16512e+06
     twoNe = 256038
     twoNc = 253624
     twoNw = 847693
    twoNec = 76744.5
    twoNnw = 135332
  twoNecnw = 23356.2
  twoNbecnw = 55374.1
        m4 = 0.0222906
        m5 = 0.351399
        m6 = 0.294879
        Td = 1309.41
        Te = 654.703
        Tf = 327.351
DiffEv reached_goal. cost=2.59351e-03 spread=2.65925e-06
Fitted parameter values
Free:
       pc1 = -0.791749
       pc2 = -2.84692
       pc3 = -1.9668
       pc4 = -1.89612
       pc5 = 0.520797
       pc6 = 0.37698
       pc7 = -1.92713
       pc8 = -0.386797
       pc9 = 0.545705
      pc10 = -0.393688
      pc11 = -0.355129
      pc12 = 0.260568
      pc13 = 0.0385401
      pc14 = 0.0411996
Constrained:
     Tecnw = 45273
       Tnw = 16.9348
       Tec = 27.2517
     twoNb = 2.14508e+06
     twoNe = 487598
     twoNc = 511746
     twoNw = 750697
    twoNec = 84680.3
    twoNnw = 145995
  twoNecnw = 23230
  twoNbecnw = 56612.7
        m4 = 0.0304341
        m5 = 0.340733
        m6 = 0.30618
        Td = 13.6258
        Te = 6.81292
        Tf = 3.40646
#       SitePat  BranchLen
              b 123421.6036701
              e 46642.6571769
              c 48231.6464185
              n 45349.9078217
              w 45349.4031776
            b:e 1361.8230223
            b:c 1751.9055416
            b:n 1242.6167772
            b:w 1242.5974875
            e:c 12095.5376516
            e:n 4742.2494542
            e:w 4742.4291443
            c:n 4422.0650441
            c:w 4422.2991275
            n:w 12809.9479629
          b:e:c 1460.8079983
          b:e:n 664.2803498
          b:e:w 664.2785812
          b:c:n 665.6664755
          b:c:w 665.6682314
          b:n:w 1458.7550988
          e:c:n 4389.6039026
          e:c:w 4389.6947731
          e:n:w 6305.7483824
          c:n:w 5288.3979173
        b:e:c:n 1243.9853691
        b:e:c:w 1244.0046716
        b:e:n:w 1688.0585665
        b:c:n:w 1363.8759218
        e:c:n:w 48504.7687189
