########################################
# legofit: estimate population history #
#       version 2.3.4-4-g53f8760       #
########################################

# Program was compiled: Sep 21 2021 14:36:42
# Program was run: Wed Sep 22 10:02:58 2021

# cmd: legofit -1 -d 0 -t 32 --ptsPerDim 3 --stateOut b1boot3.state --tol 3e-6 -S 5000 def2.lgo ../../chrX/boot_chrX/boot3.opf
# Stage nOptItr nSimReps
#     0    5000        0
# algorithm          : deterministic
# ignoring probs <=  : 0
# Branch length floor: 0
# DE strategy        : 2
#    F               : 0.3
#    CR              : 0.8
#    tolerance       : 3e-06
# nthreads           : 32
# lgo input file     : def2.lgo
# site pat input file: ../../chrX/boot_chrX/boot3.opf
# free parameters    : 14
# points in DE swarm : 42
# output state file  : b1boot3.state
# Including singleton site patterns.
# cost function      : KL
Initial parameter values
Fixed:
      zero = 0
       one = 1
    Tbecnw = 75200
Free:
       pc1 = 0
       pc2 = 0
       pc3 = 0
       pc4 = 0
       pc5 = 0
       pc6 = 0
       pc7 = 0
       pc8 = 0
       pc9 = 0
      pc10 = 0
      pc11 = 0
      pc12 = 0
      pc13 = 0
      pc14 = 0
Constrained:
     Tecnw = 44594.5
       Tnw = 1567.73
       Tec = 2618.81
     twoNb = 1.16512e+06
     twoNe = 256038
     twoNc = 253624
     twoNw = 847693
    twoNec = 76744.5
    twoNnw = 135332
  twoNecnw = 23356.2
  twoNbecnw = 55374.1
        m4 = 0.0222906
        m5 = 0.351399
        m6 = 0.294879
        Td = 1309.41
        Te = 654.703
        Tf = 327.351
DiffEv reached_goal. cost=2.67378e-03 spread=2.63846e-06
Fitted parameter values
Free:
       pc1 = -1.00476
       pc2 = -2.2377
       pc3 = -1.44056
       pc4 = -1.95871
       pc5 = 0.654978
       pc6 = -1.52567
       pc7 = -1.97871
       pc8 = -0.908368
       pc9 = 0.0266495
      pc10 = -0.155405
      pc11 = -0.15308
      pc12 = -0.236558
      pc13 = -0.267975
      pc14 = 0.0646808
Constrained:
     Tecnw = 44788.5
       Tnw = 84.2229
       Tec = 149.517
     twoNb = 2.13504e+06
     twoNe = 629368
     twoNc = 347480
     twoNw = 959243
    twoNec = 81986
    twoNnw = 148243
  twoNecnw = 22963.8
  twoNbecnw = 55078.8
        m4 = 0.0303168
        m5 = 0.345834
        m6 = 0.296909
        Td = 74.7585
        Te = 37.3793
        Tf = 18.6896
#       SitePat  BranchLen
              b 122365.0086243
              e 45914.7856622
              c 47760.8461150
              n 45120.5637550
              w 45118.7233057
            b:e 1261.1765679
            b:c 1664.1980701
            b:n 1179.4408890
            b:w 1179.3737796
            e:c 12002.9704122
            e:n 4666.2335273
            e:w 4666.8910944
            c:n 4266.5904768
            c:w 4267.4462159
            n:w 12470.1344717
          b:e:c 1376.4453611
          b:e:n 625.2696840
          b:e:w 625.2635293
          b:c:n 626.5945464
          b:c:w 626.6006561
          b:n:w 1374.5014790
          e:c:n 4315.6016061
          e:c:w 4315.9287492
          e:n:w 6158.6972467
          c:n:w 5043.2872145
        b:e:c:n 1180.7047517
        b:e:c:w 1180.7719061
        b:e:n:w 1600.3664331
        b:c:n:w 1263.1204500
        e:c:n:w 48237.7301964
