########################################
# legofit: estimate population history #
#       version 2.3.4-4-g53f8760       #
########################################

# Program was compiled: Sep 21 2021 14:36:42
# Program was run: Wed Sep 22 10:03:26 2021

# cmd: legofit -1 -d 0 -t 32 --ptsPerDim 3 --stateOut b1boot24.state --tol 3e-6 -S 5000 def2.lgo ../../chrX/boot_chrX/boot24.opf
# Stage nOptItr nSimReps
#     0    5000        0
# algorithm          : deterministic
# ignoring probs <=  : 0
# Branch length floor: 0
# DE strategy        : 2
#    F               : 0.3
#    CR              : 0.8
#    tolerance       : 3e-06
# nthreads           : 32
# lgo input file     : def2.lgo
# site pat input file: ../../chrX/boot_chrX/boot24.opf
# free parameters    : 14
# points in DE swarm : 42
# output state file  : b1boot24.state
# Including singleton site patterns.
# cost function      : KL
Initial parameter values
Fixed:
      zero = 0
       one = 1
    Tbecnw = 75200
Free:
       pc1 = 0
       pc2 = 0
       pc3 = 0
       pc4 = 0
       pc5 = 0
       pc6 = 0
       pc7 = 0
       pc8 = 0
       pc9 = 0
      pc10 = 0
      pc11 = 0
      pc12 = 0
      pc13 = 0
      pc14 = 0
Constrained:
     Tecnw = 44594.5
       Tnw = 1567.73
       Tec = 2618.81
     twoNb = 1.16512e+06
     twoNe = 256038
     twoNc = 253624
     twoNw = 847693
    twoNec = 76744.5
    twoNnw = 135332
  twoNecnw = 23356.2
  twoNbecnw = 55374.1
        m4 = 0.0222906
        m5 = 0.351399
        m6 = 0.294879
        Td = 1309.41
        Te = 654.703
        Tf = 327.351
DiffEv reached_goal. cost=2.72839e-03 spread=2.95836e-06
Fitted parameter values
Free:
       pc1 = -0.88684
       pc2 = -2.93942
       pc3 = -1.27661
       pc4 = -1.94615
       pc5 = 1.46684
       pc6 = -0.930558
       pc7 = -1.97152
       pc8 = -0.341367
       pc9 = -0.1403
      pc10 = -0.548991
      pc11 = -0.0696397
      pc12 = -0.287222
      pc13 = -0.148411
      pc14 = 0.0813856
Constrained:
     Tecnw = 44980.9
       Tnw = 73.0216
       Tec = 35.2846
     twoNb = 2.30708e+06
     twoNe = 704157
     twoNc = 268142
     twoNw = 774840
    twoNec = 83214.2
    twoNnw = 148396
  twoNecnw = 22958.1
  twoNbecnw = 55999.4
        m4 = 0.0290182
        m5 = 0.351324
        m6 = 0.298188
        Td = 17.6423
        Te = 8.82115
        Tf = 4.41057
#       SitePat  BranchLen
              b 123115.1764480
              e 46101.3322398
              c 48002.9619452
              n 45235.6053390
              w 45232.8448824
            b:e 1293.7379151
            b:c 1689.2548566
            b:n 1205.4457255
            b:w 1205.3431165
            e:c 11981.1780334
            e:n 4733.7742265
            e:w 4734.9876063
            c:n 4312.1766463
            c:w 4313.2315778
            n:w 12518.8809390
          b:e:c 1403.0582393
          b:e:n 642.4686862
          b:e:w 642.4736532
          b:c:n 643.6810616
          b:c:w 643.6760243
          b:n:w 1401.2973355
          e:c:n 4351.9756082
          e:c:w 4352.4677535
          e:n:w 6222.8231324
          c:n:w 5103.3027087
        b:e:c:n 1206.5504546
        b:e:c:w 1206.6531339
        b:e:n:w 1632.1861797
        b:c:n:w 1295.4988188
        e:c:n:w 48720.8347869
