########################################
# legofit: estimate population history #
#       version 2.3.4-4-g53f8760       #
########################################

# Program was compiled: Sep 21 2021 14:36:42
# Program was run: Wed Sep 22 10:03:19 2021

# cmd: legofit -1 -d 0 -t 32 --ptsPerDim 3 --stateOut b1boot20.state --tol 3e-6 -S 5000 def2.lgo ../../chrX/boot_chrX/boot20.opf
# Stage nOptItr nSimReps
#     0    5000        0
# algorithm          : deterministic
# ignoring probs <=  : 0
# Branch length floor: 0
# DE strategy        : 2
#    F               : 0.3
#    CR              : 0.8
#    tolerance       : 3e-06
# nthreads           : 32
# lgo input file     : def2.lgo
# site pat input file: ../../chrX/boot_chrX/boot20.opf
# free parameters    : 14
# points in DE swarm : 42
# output state file  : b1boot20.state
# Including singleton site patterns.
# cost function      : KL
Initial parameter values
Fixed:
      zero = 0
       one = 1
    Tbecnw = 75200
Free:
       pc1 = 0
       pc2 = 0
       pc3 = 0
       pc4 = 0
       pc5 = 0
       pc6 = 0
       pc7 = 0
       pc8 = 0
       pc9 = 0
      pc10 = 0
      pc11 = 0
      pc12 = 0
      pc13 = 0
      pc14 = 0
Constrained:
     Tecnw = 44594.5
       Tnw = 1567.73
       Tec = 2618.81
     twoNb = 1.16512e+06
     twoNe = 256038
     twoNc = 253624
     twoNw = 847693
    twoNec = 76744.5
    twoNnw = 135332
  twoNecnw = 23356.2
  twoNbecnw = 55374.1
        m4 = 0.0222906
        m5 = 0.351399
        m6 = 0.294879
        Td = 1309.41
        Te = 654.703
        Tf = 327.351
DiffEv reached_goal. cost=2.65376e-03 spread=2.30309e-06
Fitted parameter values
Free:
       pc1 = -0.753481
       pc2 = -2.74611
       pc3 = -1.96236
       pc4 = -1.93098
       pc5 = 0.608292
       pc6 = 0.019009
       pc7 = -1.70922
       pc8 = -1.04082
       pc9 = -0.747057
      pc10 = -0.246144
      pc11 = 0.0210792
      pc12 = 0.127119
      pc13 = 0.174934
      pc14 = -0.0110907
Constrained:
     Tecnw = 45168
       Tnw = 3.88135
       Tec = 3.01622
     twoNb = 2.35806e+06
     twoNe = 491323
     twoNc = 420524
     twoNw = 647682
    twoNec = 84774.3
    twoNnw = 142832
  twoNecnw = 22716.5
  twoNbecnw = 55744.8
        m4 = 0.0300114
        m5 = 0.340171
        m6 = 0.303154
        Td = 1.50811
        Te = 0.754054
        Tf = 0.377027
#       SitePat  BranchLen
              b 122963.2269823
              e 46229.4071509
              c 47867.5417666
              n 44840.4711940
              w 44840.3092549
            b:e 1296.5495303
            b:c 1679.2850562
            b:n 1175.7484073
            b:w 1175.7424826
            e:c 11941.2679828
            e:n 4658.7355840
            e:w 4658.8022461
            c:n 4326.1900590
            c:w 4326.2565898
            n:w 12739.6694149
          b:e:c 1394.9501853
          b:e:n 628.4847492
          b:e:w 628.4847514
          b:c:n 629.6698329
          b:c:w 629.6698269
          b:n:w 1393.1834775
          e:c:n 4264.4406329
          e:c:w 4264.4693792
          e:n:w 6222.0620152
          c:n:w 5187.6160910
        b:e:c:n 1176.9275602
        b:e:c:w 1176.9334888
        b:e:n:w 1622.0194334
        b:c:n:w 1298.3162381
        e:c:n:w 48705.6573126
