########################################
# legofit: estimate population history #
#       version 2.3.4-4-g53f8760       #
########################################

# Program was compiled: Sep 21 2021 14:36:42
# Program was run: Wed Sep 22 10:03:19 2021

# cmd: legofit -1 -d 0 -t 32 --ptsPerDim 3 --stateOut b1boot17.state --tol 3e-6 -S 5000 def2.lgo ../../chrX/boot_chrX/boot17.opf
# Stage nOptItr nSimReps
#     0    5000        0
# algorithm          : deterministic
# ignoring probs <=  : 0
# Branch length floor: 0
# DE strategy        : 2
#    F               : 0.3
#    CR              : 0.8
#    tolerance       : 3e-06
# nthreads           : 32
# lgo input file     : def2.lgo
# site pat input file: ../../chrX/boot_chrX/boot17.opf
# free parameters    : 14
# points in DE swarm : 42
# output state file  : b1boot17.state
# Including singleton site patterns.
# cost function      : KL
Initial parameter values
Fixed:
      zero = 0
       one = 1
    Tbecnw = 75200
Free:
       pc1 = 0
       pc2 = 0
       pc3 = 0
       pc4 = 0
       pc5 = 0
       pc6 = 0
       pc7 = 0
       pc8 = 0
       pc9 = 0
      pc10 = 0
      pc11 = 0
      pc12 = 0
      pc13 = 0
      pc14 = 0
Constrained:
     Tecnw = 44594.5
       Tnw = 1567.73
       Tec = 2618.81
     twoNb = 1.16512e+06
     twoNe = 256038
     twoNc = 253624
     twoNw = 847693
    twoNec = 76744.5
    twoNnw = 135332
  twoNecnw = 23356.2
  twoNbecnw = 55374.1
        m4 = 0.0222906
        m5 = 0.351399
        m6 = 0.294879
        Td = 1309.41
        Te = 654.703
        Tf = 327.351
DiffEv reached_goal. cost=2.66427e-03 spread=2.92998e-06
Fitted parameter values
Free:
       pc1 = -1.34223
       pc2 = -2.24214
       pc3 = -1.75178
       pc4 = -1.98539
       pc5 = 0.334525
       pc6 = -0.813568
       pc7 = -1.98395
       pc8 = -0.889521
       pc9 = -0.592599
      pc10 = 0.29124
      pc11 = 0.0751133
      pc12 = 0.179554
      pc13 = -0.389513
      pc14 = 0.188644
Constrained:
     Tecnw = 44797.8
       Tnw = 28.1238
       Tec = 88.0366
     twoNb = 2.31148e+06
     twoNe = 496121
     twoNc = 426426
     twoNw = 846688
    twoNec = 81062.1
    twoNnw = 147040
  twoNecnw = 22803.8
  twoNbecnw = 55154.3
        m4 = 0.0283583
        m5 = 0.335488
        m6 = 0.29571
        Td = 44.0183
        Te = 22.0092
        Tf = 11.0046
#       SitePat  BranchLen
              b 122527.8186015
              e 45794.1010664
              c 47420.1234560
              n 45038.0701863
              w 45037.6555361
            b:e 1251.7637443
            b:c 1619.2424476
            b:n 1171.5262672
            b:w 1171.5112537
            e:c 12204.0539544
            e:n 4577.2619567
            e:w 4577.3290028
            c:n 4238.1064983
            c:w 4238.3803022
            n:w 12563.9410749
          b:e:c 1380.9129480
          b:e:n 614.6184680
          b:e:w 614.6121095
          b:c:n 615.7540854
          b:c:w 615.7604383
          b:n:w 1379.2308094
          e:c:n 4304.3100645
          e:c:w 4304.3838646
          e:n:w 6047.0494013
          c:n:w 5039.7501287
        b:e:c:n 1172.6532240
        b:e:c:w 1172.6682430
        b:e:n:w 1563.8274903
        b:c:n:w 1253.4458828
        e:c:n:w 48545.8004754
