########################################
# legofit: estimate population history #
#       version 2.3.4-4-g53f8760       #
########################################

# Program was compiled: Sep 21 2021 14:36:42
# Program was run: Wed Sep 22 10:03:05 2021

# cmd: legofit -1 -d 0 -t 32 --ptsPerDim 3 --stateOut b1boot5.state --tol 3e-6 -S 5000 def2.lgo ../../chrX/boot_chrX/boot5.opf
# Stage nOptItr nSimReps
#     0    5000        0
# algorithm          : deterministic
# ignoring probs <=  : 0
# Branch length floor: 0
# DE strategy        : 2
#    F               : 0.3
#    CR              : 0.8
#    tolerance       : 3e-06
# nthreads           : 32
# lgo input file     : def2.lgo
# site pat input file: ../../chrX/boot_chrX/boot5.opf
# free parameters    : 14
# points in DE swarm : 42
# output state file  : b1boot5.state
# Including singleton site patterns.
# cost function      : KL
Initial parameter values
Fixed:
      zero = 0
       one = 1
    Tbecnw = 75200
Free:
       pc1 = 0
       pc2 = 0
       pc3 = 0
       pc4 = 0
       pc5 = 0
       pc6 = 0
       pc7 = 0
       pc8 = 0
       pc9 = 0
      pc10 = 0
      pc11 = 0
      pc12 = 0
      pc13 = 0
      pc14 = 0
Constrained:
     Tecnw = 44594.5
       Tnw = 1567.73
       Tec = 2618.81
     twoNb = 1.16512e+06
     twoNe = 256038
     twoNc = 253624
     twoNw = 847693
    twoNec = 76744.5
    twoNnw = 135332
  twoNecnw = 23356.2
  twoNbecnw = 55374.1
        m4 = 0.0222906
        m5 = 0.351399
        m6 = 0.294879
        Td = 1309.41
        Te = 654.703
        Tf = 327.351
DiffEv reached_goal. cost=2.66610e-03 spread=2.80553e-06
Fitted parameter values
Free:
       pc1 = -1.60153
       pc2 = -0.411275
       pc3 = -1.8896
       pc4 = -1.98647
       pc5 = -0.832466
       pc6 = -1.66154
       pc7 = -1.96481
       pc8 = -0.450017
       pc9 = -0.932821
      pc10 = -0.672501
      pc11 = -0.767184
      pc12 = 0.0276019
      pc13 = -0.0607858
      pc14 = 0.126438
Constrained:
     Tecnw = 44457.4
       Tnw = 66.4827
       Tec = 205.432
     twoNb = 2.23399e+06
     twoNe = 259345
     twoNc = 493386
     twoNw = 899249
    twoNec = 80461.7
    twoNnw = 146041
  twoNecnw = 23683.1
  twoNbecnw = 53475.9
        m4 = 0.0281491
        m5 = 0.347272
        m6 = 0.294815
        Td = 102.716
        Te = 51.358
        Tf = 25.679
#       SitePat  BranchLen
              b 120832.1890563
              e 45684.0699484
              c 47524.8562438
              n 44939.7480453
              w 44938.8008076
            b:e 1252.5444940
            b:c 1623.6687126
            b:n 1174.2575455
            b:w 1174.2230418
            e:c 12129.5933279
            e:n 4689.1234058
            e:w 4689.2922879
            c:n 4273.8596436
            c:w 4274.4671017
            n:w 12567.3754499
          b:e:c 1375.9380054
          b:e:n 620.3492445
          b:e:w 620.3357044
          b:c:n 621.5140816
          b:c:w 621.5276079
          b:n:w 1374.2132071
          e:c:n 4329.4897634
          e:c:w 4329.6606609
          e:n:w 6122.1983421
          c:n:w 5051.6330864
        b:e:c:n 1175.4014052
        b:e:c:w 1175.4359227
        b:e:n:w 1567.8823428
        b:c:n:w 1254.2692923
        e:c:n:w 46702.4348089
