########################################
# legofit: estimate population history #
#       version 2.3.4-4-g53f8760       #
########################################

# Program was compiled: Sep 21 2021 14:36:42
# Program was run: Wed Sep 22 10:03:40 2021

# cmd: legofit -1 -d 0 -t 32 --ptsPerDim 3 --stateOut b1boot40.state --tol 3e-6 -S 5000 def2.lgo ../../chrX/boot_chrX/boot40.opf
# Stage nOptItr nSimReps
#     0    5000        0
# algorithm          : deterministic
# ignoring probs <=  : 0
# Branch length floor: 0
# DE strategy        : 2
#    F               : 0.3
#    CR              : 0.8
#    tolerance       : 3e-06
# nthreads           : 32
# lgo input file     : def2.lgo
# site pat input file: ../../chrX/boot_chrX/boot40.opf
# free parameters    : 14
# points in DE swarm : 42
# output state file  : b1boot40.state
# Including singleton site patterns.
# cost function      : KL
Initial parameter values
Fixed:
      zero = 0
       one = 1
    Tbecnw = 75200
Free:
       pc1 = 0
       pc2 = 0
       pc3 = 0
       pc4 = 0
       pc5 = 0
       pc6 = 0
       pc7 = 0
       pc8 = 0
       pc9 = 0
      pc10 = 0
      pc11 = 0
      pc12 = 0
      pc13 = 0
      pc14 = 0
Constrained:
     Tecnw = 44594.5
       Tnw = 1567.73
       Tec = 2618.81
     twoNb = 1.16512e+06
     twoNe = 256038
     twoNc = 253624
     twoNw = 847693
    twoNec = 76744.5
    twoNnw = 135332
  twoNecnw = 23356.2
  twoNbecnw = 55374.1
        m4 = 0.0222906
        m5 = 0.351399
        m6 = 0.294879
        Td = 1309.41
        Te = 654.703
        Tf = 327.351
DiffEv reached_goal. cost=2.47732e-03 spread=2.91316e-06
Fitted parameter values
Free:
       pc1 = -1.6366
       pc2 = -1.72649
       pc3 = -1.87669
       pc4 = -1.62906
       pc5 = 1.06377
       pc6 = 0.341529
       pc7 = -1.98094
       pc8 = -1.08267
       pc9 = -0.620089
      pc10 = -0.314948
      pc11 = 0.206739
      pc12 = 0.398246
      pc13 = 0.345638
      pc14 = 0.012747
Constrained:
     Tecnw = 44419.3
       Tnw = 49.095
       Tec = 10.9645
     twoNb = 2.27077e+06
     twoNe = 551919
     twoNc = 432064
     twoNw = 529490
    twoNec = 87247.9
    twoNnw = 141512
  twoNecnw = 23183.8
  twoNbecnw = 55589.2
        m4 = 0.0280138
        m5 = 0.332254
        m6 = 0.29842
        Td = 5.48226
        Te = 2.74113
        Tf = 1.37056
#       SitePat  BranchLen
              b 122867.6991739
              e 46046.3724159
              c 47566.4900322
              n 44528.8167641
              w 44526.0745468
            b:e 1294.6220935
            b:c 1653.7744666
            b:n 1167.9567786
            b:w 1167.8563246
            e:c 11826.8583554
            e:n 4628.5372195
            e:w 4629.7263518
            c:n 4323.1851890
            c:w 4324.2479122
            n:w 12708.2180682
          b:e:c 1383.1337296
          b:e:n 625.9407531
          b:e:w 625.9446498
          b:c:n 627.0937778
          b:c:w 627.0898142
          b:n:w 1381.4195249
          e:c:n 4288.3846311
          e:c:w 4288.8749929
          e:n:w 6200.6867684
          c:n:w 5231.6120947
        b:e:c:n 1169.0053857
        b:e:c:w 1169.1059065
        b:e:n:w 1597.9993329
        b:c:n:w 1296.3362982
        e:c:n:w 48879.7854238
