########################################
# legofit: estimate population history #
#       version 2.3.4-4-g53f8760       #
########################################

# Program was compiled: Sep 21 2021 14:36:42
# Program was run: Wed Sep 22 10:03:05 2021

# cmd: legofit -1 -d 0 -t 32 --ptsPerDim 3 --stateOut b1boot8.state --tol 3e-6 -S 5000 def2.lgo ../../chrX/boot_chrX/boot8.opf
# Stage nOptItr nSimReps
#     0    5000        0
# algorithm          : deterministic
# ignoring probs <=  : 0
# Branch length floor: 0
# DE strategy        : 2
#    F               : 0.3
#    CR              : 0.8
#    tolerance       : 3e-06
# nthreads           : 32
# lgo input file     : def2.lgo
# site pat input file: ../../chrX/boot_chrX/boot8.opf
# free parameters    : 14
# points in DE swarm : 42
# output state file  : b1boot8.state
# Including singleton site patterns.
# cost function      : KL
Initial parameter values
Fixed:
      zero = 0
       one = 1
    Tbecnw = 75200
Free:
       pc1 = 0
       pc2 = 0
       pc3 = 0
       pc4 = 0
       pc5 = 0
       pc6 = 0
       pc7 = 0
       pc8 = 0
       pc9 = 0
      pc10 = 0
      pc11 = 0
      pc12 = 0
      pc13 = 0
      pc14 = 0
Constrained:
     Tecnw = 44594.5
       Tnw = 1567.73
       Tec = 2618.81
     twoNb = 1.16512e+06
     twoNe = 256038
     twoNc = 253624
     twoNw = 847693
    twoNec = 76744.5
    twoNnw = 135332
  twoNecnw = 23356.2
  twoNbecnw = 55374.1
        m4 = 0.0222906
        m5 = 0.351399
        m6 = 0.294879
        Td = 1309.41
        Te = 654.703
        Tf = 327.351
DiffEv reached_goal. cost=2.57821e-03 spread=2.98997e-06
Fitted parameter values
Free:
       pc1 = -0.662238
       pc2 = -3.71543
       pc3 = -0.998731
       pc4 = -1.9887
       pc5 = 1.20381
       pc6 = 0.600269
       pc7 = -1.94392
       pc8 = -0.200073
       pc9 = 0.797577
      pc10 = 0.251116
      pc11 = -0.300619
      pc12 = -0.320309
      pc13 = 0.0825481
      pc14 = 0.0987343
Constrained:
     Tecnw = 45439.2
       Tnw = 22.4547
       Tec = 54.3282
     twoNb = 2.1961e+06
     twoNe = 633646
     twoNc = 401969
     twoNw = 898632
    twoNec = 84902.8
    twoNnw = 145285
  twoNecnw = 22926.2
  twoNbecnw = 57684
        m4 = 0.0296272
        m5 = 0.344157
        m6 = 0.295624
        Td = 27.1641
        Te = 13.5821
        Tf = 6.79103
#       SitePat  BranchLen
              b 124422.9951243
              e 46550.2472775
              c 48423.3690164
              n 45385.1091117
              w 45384.6825330
            b:e 1363.2908279
            b:c 1775.5949956
            b:n 1252.0511785
            b:w 1252.0347625
            e:c 12181.4563751
            e:n 4762.3131099
            e:w 4762.4362655
            c:n 4357.4215390
            c:w 4357.6480389
            n:w 12898.2664567
          b:e:c 1481.4393663
          b:e:n 666.9601928
          b:e:w 666.9568183
          b:c:n 668.3053885
          b:c:w 668.3087538
          b:n:w 1479.4416548
          e:c:n 4394.4160715
          e:c:w 4394.4929946
          e:n:w 6378.3319847
          c:n:w 5247.8358054
        b:e:c:n 1253.3833235
        b:e:c:w 1253.3997487
        b:e:n:w 1713.2356004
        b:c:n:w 1365.2885395
        e:c:n:w 49460.3263185
