########################################
# legofit: estimate population history #
#       version 2.3.4-4-g53f8760       #
########################################

# Program was compiled: Sep 21 2021 14:36:42
# Program was run: Wed Sep 22 10:02:57 2021

# cmd: legofit -1 -d 0 -t 32 --ptsPerDim 3 --stateOut b1boot4.state --tol 3e-6 -S 5000 def2.lgo ../../chrX/boot_chrX/boot4.opf
# Stage nOptItr nSimReps
#     0    5000        0
# algorithm          : deterministic
# ignoring probs <=  : 0
# Branch length floor: 0
# DE strategy        : 2
#    F               : 0.3
#    CR              : 0.8
#    tolerance       : 3e-06
# nthreads           : 32
# lgo input file     : def2.lgo
# site pat input file: ../../chrX/boot_chrX/boot4.opf
# free parameters    : 14
# points in DE swarm : 42
# output state file  : b1boot4.state
# Including singleton site patterns.
# cost function      : KL
Initial parameter values
Fixed:
      zero = 0
       one = 1
    Tbecnw = 75200
Free:
       pc1 = 0
       pc2 = 0
       pc3 = 0
       pc4 = 0
       pc5 = 0
       pc6 = 0
       pc7 = 0
       pc8 = 0
       pc9 = 0
      pc10 = 0
      pc11 = 0
      pc12 = 0
      pc13 = 0
      pc14 = 0
Constrained:
     Tecnw = 44594.5
       Tnw = 1567.73
       Tec = 2618.81
     twoNb = 1.16512e+06
     twoNe = 256038
     twoNc = 253624
     twoNw = 847693
    twoNec = 76744.5
    twoNnw = 135332
  twoNecnw = 23356.2
  twoNbecnw = 55374.1
        m4 = 0.0222906
        m5 = 0.351399
        m6 = 0.294879
        Td = 1309.41
        Te = 654.703
        Tf = 327.351
DiffEv reached_goal. cost=2.61278e-03 spread=2.48190e-06
Fitted parameter values
Free:
       pc1 = -0.552611
       pc2 = -3.06195
       pc3 = -1.98941
       pc4 = -1.99581
       pc5 = 0.439912
       pc6 = -0.0878386
       pc7 = -1.97552
       pc8 = -0.306829
       pc9 = 0.112941
      pc10 = -0.118753
      pc11 = 0.249464
      pc12 = -0.528336
      pc13 = -0.0417809
      pc14 = 0.225804
Constrained:
     Tecnw = 44989.3
       Tnw = 39.9942
       Tec = 64.3739
     twoNb = 2.23051e+06
     twoNe = 477281
     twoNc = 507610
     twoNw = 763047
    twoNec = 80954.8
    twoNnw = 147250
  twoNecnw = 22707.2
  twoNbecnw = 56469.3
        m4 = 0.0312233
        m5 = 0.347963
        m6 = 0.299476
        Td = 32.1869
        Te = 16.0935
        Tf = 8.04673
#       SitePat  BranchLen
              b 123612.4236833
              e 45912.6864327
              c 47802.5978240
              n 45102.1877714
              w 45101.0264041
            b:e 1283.1033056
            b:c 1702.7959068
            b:n 1197.7556998
            b:w 1197.7127416
            e:c 12101.2259941
            e:n 4691.3903204
            e:w 4691.8194930
            c:n 4289.1133095
            c:w 4289.6382545
            n:w 12566.5473637
          b:e:c 1403.9291068
          b:e:n 634.4509172
          b:e:w 634.4478971
          b:c:n 635.7768859
          b:c:w 635.7798771
          b:n:w 1401.9814807
          e:c:n 4337.9935713
          e:c:w 4338.2008210
          e:n:w 6239.8624675
          c:n:w 5086.0842962
        b:e:c:n 1199.0417015
        b:e:c:w 1199.0846886
        b:e:n:w 1639.0764521
        b:c:n:w 1285.0509317
        e:c:n:w 49356.0981068
