########################################
# legofit: estimate population history #
#       version 2.3.4-4-g53f8760       #
########################################

# Program was compiled: Sep 21 2021 14:36:42
# Program was run: Wed Sep 22 10:03:40 2021

# cmd: legofit -1 -d 0 -t 32 --ptsPerDim 3 --stateOut b1boot39.state --tol 3e-6 -S 5000 def2.lgo ../../chrX/boot_chrX/boot39.opf
# Stage nOptItr nSimReps
#     0    5000        0
# algorithm          : deterministic
# ignoring probs <=  : 0
# Branch length floor: 0
# DE strategy        : 2
#    F               : 0.3
#    CR              : 0.8
#    tolerance       : 3e-06
# nthreads           : 32
# lgo input file     : def2.lgo
# site pat input file: ../../chrX/boot_chrX/boot39.opf
# free parameters    : 14
# points in DE swarm : 42
# output state file  : b1boot39.state
# Including singleton site patterns.
# cost function      : KL
Initial parameter values
Fixed:
      zero = 0
       one = 1
    Tbecnw = 75200
Free:
       pc1 = 0
       pc2 = 0
       pc3 = 0
       pc4 = 0
       pc5 = 0
       pc6 = 0
       pc7 = 0
       pc8 = 0
       pc9 = 0
      pc10 = 0
      pc11 = 0
      pc12 = 0
      pc13 = 0
      pc14 = 0
Constrained:
     Tecnw = 44594.5
       Tnw = 1567.73
       Tec = 2618.81
     twoNb = 1.16512e+06
     twoNe = 256038
     twoNc = 253624
     twoNw = 847693
    twoNec = 76744.5
    twoNnw = 135332
  twoNecnw = 23356.2
  twoNbecnw = 55374.1
        m4 = 0.0222906
        m5 = 0.351399
        m6 = 0.294879
        Td = 1309.41
        Te = 654.703
        Tf = 327.351
DiffEv reached_goal. cost=2.58647e-03 spread=2.29682e-06
Fitted parameter values
Free:
       pc1 = -0.586968
       pc2 = -3.17989
       pc3 = -1.85138
       pc4 = -1.93357
       pc5 = 0.118791
       pc6 = -0.32074
       pc7 = -1.90863
       pc8 = -0.796849
       pc9 = -0.149553
      pc10 = 0.0985714
      pc11 = 0.461077
      pc12 = 0.189097
      pc13 = -0.0946622
      pc14 = 0.0171154
Constrained:
     Tecnw = 45086.4
       Tnw = 18.5353
       Tec = 23.8856
     twoNb = 2.23986e+06
     twoNe = 478533
     twoNc = 505750
     twoNw = 842647
    twoNec = 83694.4
    twoNnw = 146506
  twoNecnw = 22456.4
  twoNbecnw = 56032.2
        m4 = 0.0295767
        m5 = 0.340913
        m6 = 0.30642
        Td = 11.9428
        Te = 5.97139
        Tf = 2.98569
#       SitePat  BranchLen
              b 123338.1363104
              e 46132.3043166
              c 47693.3340980
              n 44972.1423132
              w 44971.6116342
            b:e 1276.1310788
            b:c 1653.3553330
            b:n 1170.6032092
            b:w 1170.5839309
            e:c 11888.6304826
            e:n 4626.9313796
            e:w 4627.1330957
            c:n 4315.4639053
            c:w 4315.6988723
            n:w 12511.2770318
          b:e:c 1372.5774375
          b:e:n 624.1954554
          b:e:w 624.1944230
          b:c:n 625.4106537
          b:c:w 625.4116738
          b:n:w 1370.7837761
          e:c:n 4274.3790618
          e:c:w 4274.4730577
          e:n:w 6125.3303476
          c:n:w 5123.6577023
        b:e:c:n 1171.8001493
        b:e:c:w 1171.8194399
        b:e:n:w 1594.0368820
        b:c:n:w 1277.9247403
        e:c:n:w 49283.0278857
