########################################
# legofit: estimate population history #
#       version 2.3.4-4-g53f8760       #
########################################

# Program was compiled: Sep 21 2021 14:36:42
# Program was run: Wed Sep 22 10:03:40 2021

# cmd: legofit -1 -d 0 -t 32 --ptsPerDim 3 --stateOut b1boot38.state --tol 3e-6 -S 5000 def2.lgo ../../chrX/boot_chrX/boot38.opf
# Stage nOptItr nSimReps
#     0    5000        0
# algorithm          : deterministic
# ignoring probs <=  : 0
# Branch length floor: 0
# DE strategy        : 2
#    F               : 0.3
#    CR              : 0.8
#    tolerance       : 3e-06
# nthreads           : 32
# lgo input file     : def2.lgo
# site pat input file: ../../chrX/boot_chrX/boot38.opf
# free parameters    : 14
# points in DE swarm : 42
# output state file  : b1boot38.state
# Including singleton site patterns.
# cost function      : KL
Initial parameter values
Fixed:
      zero = 0
       one = 1
    Tbecnw = 75200
Free:
       pc1 = 0
       pc2 = 0
       pc3 = 0
       pc4 = 0
       pc5 = 0
       pc6 = 0
       pc7 = 0
       pc8 = 0
       pc9 = 0
      pc10 = 0
      pc11 = 0
      pc12 = 0
      pc13 = 0
      pc14 = 0
Constrained:
     Tecnw = 44594.5
       Tnw = 1567.73
       Tec = 2618.81
     twoNb = 1.16512e+06
     twoNe = 256038
     twoNc = 253624
     twoNw = 847693
    twoNec = 76744.5
    twoNnw = 135332
  twoNecnw = 23356.2
  twoNbecnw = 55374.1
        m4 = 0.0222906
        m5 = 0.351399
        m6 = 0.294879
        Td = 1309.41
        Te = 654.703
        Tf = 327.351
DiffEv reached_goal. cost=2.80305e-03 spread=2.10236e-06
Fitted parameter values
Free:
       pc1 = -1.1023
       pc2 = -2.87243
       pc3 = -1.19653
       pc4 = -1.96398
       pc5 = 1.83917
       pc6 = -0.971747
       pc7 = -1.96479
       pc8 = -0.742619
       pc9 = -0.455291
      pc10 = -0.275584
      pc11 = 0.727432
      pc12 = 0.179766
      pc13 = 0.0536938
      pc14 = 0.0413027
Constrained:
     Tecnw = 44454
       Tnw = 42.8393
       Tec = 85.767
     twoNb = 2.37845e+06
     twoNe = 773901
     twoNc = 210441
     twoNw = 729290
    twoNec = 84871
    twoNnw = 147021
  twoNecnw = 22640.9
  twoNbecnw = 55891.7
        m4 = 0.0276007
        m5 = 0.344017
        m6 = 0.30219
        Td = 42.8835
        Te = 21.4418
        Tf = 10.7209
#       SitePat  BranchLen
              b 123344.5657545
              e 45799.2489093
              c 47442.6050205
              n 44687.2324344
              w 44686.0835116
            b:e 1251.7601827
            b:c 1614.4396856
            b:n 1152.6322470
            b:w 1152.5908111
            e:c 11680.3640453
            e:n 4634.0246274
            e:w 4634.4034677
            c:n 4289.0842305
            c:w 4289.6491587
            n:w 12330.0007803
          b:e:c 1338.7642130
          b:e:n 617.4224450
          b:e:w 617.4167403
          b:c:n 618.4777872
          b:c:w 618.4834705
          b:n:w 1337.2122666
          e:c:n 4280.9850052
          e:c:w 4281.1901596
          e:n:w 6098.6658175
          c:n:w 5088.8891367
        b:e:c:n 1153.6518365
        b:e:c:w 1153.6932939
        b:e:n:w 1561.9984289
        b:c:n:w 1253.3121290
        e:c:n:w 49682.8321195
