########################################
# legofit: estimate population history #
#       version 2.3.4-4-g53f8760       #
########################################

# Program was compiled: Sep 21 2021 14:36:42
# Program was run: Wed Sep 22 10:03:47 2021

# cmd: legofit -1 -d 0 -t 32 --ptsPerDim 3 --stateOut b1boot44.state --tol 3e-6 -S 5000 def2.lgo ../../chrX/boot_chrX/boot44.opf
# Stage nOptItr nSimReps
#     0    5000        0
# algorithm          : deterministic
# ignoring probs <=  : 0
# Branch length floor: 0
# DE strategy        : 2
#    F               : 0.3
#    CR              : 0.8
#    tolerance       : 3e-06
# nthreads           : 32
# lgo input file     : def2.lgo
# site pat input file: ../../chrX/boot_chrX/boot44.opf
# free parameters    : 14
# points in DE swarm : 42
# output state file  : b1boot44.state
# Including singleton site patterns.
# cost function      : KL
Initial parameter values
Fixed:
      zero = 0
       one = 1
    Tbecnw = 75200
Free:
       pc1 = 0
       pc2 = 0
       pc3 = 0
       pc4 = 0
       pc5 = 0
       pc6 = 0
       pc7 = 0
       pc8 = 0
       pc9 = 0
      pc10 = 0
      pc11 = 0
      pc12 = 0
      pc13 = 0
      pc14 = 0
Constrained:
     Tecnw = 44594.5
       Tnw = 1567.73
       Tec = 2618.81
     twoNb = 1.16512e+06
     twoNe = 256038
     twoNc = 253624
     twoNw = 847693
    twoNec = 76744.5
    twoNnw = 135332
  twoNecnw = 23356.2
  twoNbecnw = 55374.1
        m4 = 0.0222906
        m5 = 0.351399
        m6 = 0.294879
        Td = 1309.41
        Te = 654.703
        Tf = 327.351
DiffEv reached_goal. cost=2.59706e-03 spread=2.66372e-06
Fitted parameter values
Free:
       pc1 = -0.750855
       pc2 = -2.67899
       pc3 = -1.47877
       pc4 = -1.93522
       pc5 = 1.25253
       pc6 = -0.423269
       pc7 = -1.86478
       pc8 = -0.928756
       pc9 = -0.17061
      pc10 = -0.217977
      pc11 = 0.0407883
      pc12 = -0.155379
      pc13 = 0.252575
      pc14 = 0.131184
Constrained:
     Tecnw = 44870.2
       Tnw = 19.8563
       Tec = 36.3383
     twoNb = 2.2549e+06
     twoNe = 659006
     twoNc = 330905
     twoNw = 756696
    twoNec = 83305.3
    twoNnw = 143856
  twoNecnw = 22853.5
  twoNbecnw = 55997.6
        m4 = 0.0303129
        m5 = 0.344451
        m6 = 0.299904
        Td = 18.1692
        Te = 9.08458
        Tf = 4.54229
#       SitePat  BranchLen
              b 123202.6241351
              e 45966.2337297
              c 47761.2225679
              n 44805.3111446
              w 44804.7705552
            b:e 1287.4544740
            b:c 1688.6080145
            b:n 1181.2538210
            b:w 1181.2339407
            e:c 11973.9640340
            e:n 4684.0872950
            e:w 4684.2753541
            c:n 4306.1270830
            c:w 4306.3828846
            n:w 12664.3723814
          b:e:c 1394.2179882
          b:e:n 629.8622949
          b:e:w 629.8601753
          b:c:n 631.1214151
          b:c:w 631.1235223
          b:n:w 1392.3518007
          e:c:n 4300.0677480
          e:c:w 4300.1644769
          e:n:w 6253.2371847
          c:n:w 5148.8269857
        b:e:c:n 1182.4951681
        b:e:c:w 1182.5150608
        b:e:n:w 1627.7226267
        b:c:n:w 1289.3206614
        e:c:n:w 49035.6074885
