########################################
# legofit: estimate population history #
#       version 2.3.4-4-g53f8760       #
########################################

# Program was compiled: Sep 21 2021 14:36:42
# Program was run: Wed Sep 22 10:03:13 2021

# cmd: legofit -1 -d 0 -t 32 --ptsPerDim 3 --stateOut b1boot12.state --tol 3e-6 -S 5000 def2.lgo ../../chrX/boot_chrX/boot12.opf
# Stage nOptItr nSimReps
#     0    5000        0
# algorithm          : deterministic
# ignoring probs <=  : 0
# Branch length floor: 0
# DE strategy        : 2
#    F               : 0.3
#    CR              : 0.8
#    tolerance       : 3e-06
# nthreads           : 32
# lgo input file     : def2.lgo
# site pat input file: ../../chrX/boot_chrX/boot12.opf
# free parameters    : 14
# points in DE swarm : 42
# output state file  : b1boot12.state
# Including singleton site patterns.
# cost function      : KL
Initial parameter values
Fixed:
      zero = 0
       one = 1
    Tbecnw = 75200
Free:
       pc1 = 0
       pc2 = 0
       pc3 = 0
       pc4 = 0
       pc5 = 0
       pc6 = 0
       pc7 = 0
       pc8 = 0
       pc9 = 0
      pc10 = 0
      pc11 = 0
      pc12 = 0
      pc13 = 0
      pc14 = 0
Constrained:
     Tecnw = 44594.5
       Tnw = 1567.73
       Tec = 2618.81
     twoNb = 1.16512e+06
     twoNe = 256038
     twoNc = 253624
     twoNw = 847693
    twoNec = 76744.5
    twoNnw = 135332
  twoNecnw = 23356.2
  twoNbecnw = 55374.1
        m4 = 0.0222906
        m5 = 0.351399
        m6 = 0.294879
        Td = 1309.41
        Te = 654.703
        Tf = 327.351
DiffEv reached_goal. cost=2.72035e-03 spread=2.65107e-06
Fitted parameter values
Free:
       pc1 = -1.4741
       pc2 = -1.72322
       pc3 = -1.70079
       pc4 = -1.99299
       pc5 = 0.0414399
       pc6 = -0.456627
       pc7 = -1.93825
       pc8 = -0.310611
       pc9 = -0.0551115
      pc10 = 0.301003
      pc11 = 0.210432
      pc12 = 0.0233562
      pc13 = -0.066035
      pc14 = 0.34953
Constrained:
     Tecnw = 44320.6
       Tnw = 49.4632
       Tec = 171.034
     twoNb = 2.17464e+06
     twoNe = 379601
     twoNc = 486604
     twoNw = 884566
    twoNec = 79966.7
    twoNnw = 146467
  twoNecnw = 23113.1
  twoNbecnw = 55574.4
        m4 = 0.0280836
        m5 = 0.337805
        m6 = 0.294413
        Td = 85.5168
        Te = 42.7584
        Tf = 21.3792
#       SitePat  BranchLen
              b 122904.0255068
              e 45516.6980862
              c 47206.4427411
              n 44839.2695838
              w 44838.6846025
            b:e 1254.8297115
            b:c 1629.6443607
            b:n 1179.8042905
            b:w 1179.7828621
            e:c 12212.0040017
            e:n 4607.0540914
            e:w 4607.0968225
            c:n 4248.2747732
            c:w 4248.7112433
            n:w 12541.7287300
          b:e:c 1386.2212088
          b:e:n 618.8266040
          b:e:w 618.8143861
          b:c:n 620.0252403
          b:c:w 620.0374520
          b:n:w 1384.4444142
          e:c:n 4353.4005226
          e:c:w 4353.5063027
          e:n:w 6095.4126059
          c:n:w 5060.0321259
        b:e:c:n 1180.9937100
        b:e:c:w 1181.0151446
        b:e:n:w 1571.0421350
        b:c:n:w 1256.6065062
        e:c:n:w 49029.1981997
