########################################
# legofit: estimate population history #
#       version 2.3.4-4-g53f8760       #
########################################

# Program was compiled: Sep 21 2021 14:36:42
# Program was run: Wed Sep 22 10:02:57 2021

# cmd: legofit -1 -d 0 -t 32 --ptsPerDim 3 --stateOut b1boot0.state --tol 3e-6 -S 5000 def2.lgo ../../chrX/boot_chrX/boot0.opf
# Stage nOptItr nSimReps
#     0    5000        0
# algorithm          : deterministic
# ignoring probs <=  : 0
# Branch length floor: 0
# DE strategy        : 2
#    F               : 0.3
#    CR              : 0.8
#    tolerance       : 3e-06
# nthreads           : 32
# lgo input file     : def2.lgo
# site pat input file: ../../chrX/boot_chrX/boot0.opf
# free parameters    : 14
# points in DE swarm : 42
# output state file  : b1boot0.state
# Including singleton site patterns.
# cost function      : KL
Initial parameter values
Fixed:
      zero = 0
       one = 1
    Tbecnw = 75200
Free:
       pc1 = 0
       pc2 = 0
       pc3 = 0
       pc4 = 0
       pc5 = 0
       pc6 = 0
       pc7 = 0
       pc8 = 0
       pc9 = 0
      pc10 = 0
      pc11 = 0
      pc12 = 0
      pc13 = 0
      pc14 = 0
Constrained:
     Tecnw = 44594.5
       Tnw = 1567.73
       Tec = 2618.81
     twoNb = 1.16512e+06
     twoNe = 256038
     twoNc = 253624
     twoNw = 847693
    twoNec = 76744.5
    twoNnw = 135332
  twoNecnw = 23356.2
  twoNbecnw = 55374.1
        m4 = 0.0222906
        m5 = 0.351399
        m6 = 0.294879
        Td = 1309.41
        Te = 654.703
        Tf = 327.351
DiffEv reached_goal. cost=2.58854e-03 spread=2.98046e-06
Fitted parameter values
Free:
       pc1 = 0.428631
       pc2 = -3.92968
       pc3 = -1.77499
       pc4 = -1.93068
       pc5 = 1.1626
       pc6 = -0.321634
       pc7 = -1.92405
       pc8 = -1.36946
       pc9 = -0.264644
      pc10 = -0.284814
      pc11 = -0.194037
      pc12 = -0.0684103
      pc13 = 0.0483951
      pc14 = 0.0844721
Constrained:
     Tecnw = 45901
       Tnw = 26.4922
       Tec = 76.43
     twoNb = 2.32826e+06
     twoNe = 734170
     twoNc = 391822
     twoNw = 755475
    twoNec = 81250.3
    twoNnw = 143566
  twoNecnw = 22346.4
  twoNbecnw = 56308.3
        m4 = 0.0326637
        m5 = 0.347905
        m6 = 0.310246
        Td = 38.215
        Te = 19.1075
        Tf = 9.55375
#       SitePat  BranchLen
              b 123365.3762889
              e 46425.1784438
              c 48149.2808714
              n 45172.1470969
              w 45171.6331663
            b:e 1314.4903822
            b:c 1728.0841524
            b:n 1198.1262717
            b:w 1198.1072456
            e:c 12128.0126736
            e:n 4703.7048170
            e:w 4703.8119305
            c:n 4356.7872947
            c:w 4357.1023501
            n:w 12815.3583429
          b:e:c 1425.2730842
          b:e:n 638.0945510
          b:e:w 638.0880137
          b:c:n 639.4031421
          b:c:w 639.4096704
          b:n:w 1423.3122227
          e:c:n 4270.2163869
          e:c:w 4270.3081487
          e:n:w 6280.8354108
          c:n:w 5183.0184621
        b:e:c:n 1199.4223650
        b:e:c:w 1199.4414001
        b:e:n:w 1665.3336377
        b:c:n:w 1316.4512437
        e:c:n:w 48726.2024261
