########################################
# legofit: estimate population history #
#       version 2.3.4-4-g53f8760       #
########################################

# Program was compiled: Sep 21 2021 14:36:42
# Program was run: Wed Sep 22 10:02:57 2021

# cmd: legofit -1 -d 0 -t 32 --ptsPerDim 3 --stateOut b1boot2.state --tol 3e-6 -S 5000 def2.lgo ../../chrX/boot_chrX/boot2.opf
# Stage nOptItr nSimReps
#     0    5000        0
# algorithm          : deterministic
# ignoring probs <=  : 0
# Branch length floor: 0
# DE strategy        : 2
#    F               : 0.3
#    CR              : 0.8
#    tolerance       : 3e-06
# nthreads           : 32
# lgo input file     : def2.lgo
# site pat input file: ../../chrX/boot_chrX/boot2.opf
# free parameters    : 14
# points in DE swarm : 42
# output state file  : b1boot2.state
# Including singleton site patterns.
# cost function      : KL
Initial parameter values
Fixed:
      zero = 0
       one = 1
    Tbecnw = 75200
Free:
       pc1 = 0
       pc2 = 0
       pc3 = 0
       pc4 = 0
       pc5 = 0
       pc6 = 0
       pc7 = 0
       pc8 = 0
       pc9 = 0
      pc10 = 0
      pc11 = 0
      pc12 = 0
      pc13 = 0
      pc14 = 0
Constrained:
     Tecnw = 44594.5
       Tnw = 1567.73
       Tec = 2618.81
     twoNb = 1.16512e+06
     twoNe = 256038
     twoNc = 253624
     twoNw = 847693
    twoNec = 76744.5
    twoNnw = 135332
  twoNecnw = 23356.2
  twoNbecnw = 55374.1
        m4 = 0.0222906
        m5 = 0.351399
        m6 = 0.294879
        Td = 1309.41
        Te = 654.703
        Tf = 327.351
DiffEv reached_goal. cost=2.62419e-03 spread=2.81302e-06
Fitted parameter values
Free:
       pc1 = -0.659311
       pc2 = -3.01868
       pc3 = -1.25921
       pc4 = -1.80987
       pc5 = 1.90335
       pc6 = -0.756433
       pc7 = -1.99695
       pc8 = -1.9658
       pc9 = -1.09942
      pc10 = -0.0694098
      pc11 = -0.431263
      pc12 = 0.0191062
      pc13 = -0.0263243
      pc14 = -0.0104887
Constrained:
     Tecnw = 45508.7
       Tnw = 6.55265
       Tec = 24.5278
     twoNb = 2.45113e+06
     twoNe = 873932
     twoNc = 225136
     twoNw = 701372
    twoNec = 84137.8
    twoNnw = 141507
  twoNecnw = 22572.5
  twoNbecnw = 55287
        m4 = 0.0301381
        m5 = 0.339169
        m6 = 0.296529
        Td = 12.2639
        Te = 6.13194
        Tf = 3.06597
#       SitePat  BranchLen
              b 122531.9543016
              e 46246.7854509
              c 48011.2028246
              n 44926.6335939
              w 44926.5509992
            b:e 1287.0121315
            b:c 1677.5186084
            b:n 1170.2851452
            b:w 1170.2821377
            e:c 12102.1886796
            e:n 4639.1347748
            e:w 4639.1317852
            c:n 4268.5586454
            c:w 4268.6294287
            n:w 12882.4872836
          b:e:c 1404.6423668
          b:e:n 621.4916325
          b:e:w 621.4893541
          b:c:n 622.6376669
          b:c:w 622.6399449
          b:n:w 1402.9184436
          e:c:n 4228.7522457
          e:c:w 4228.7670467
          e:n:w 6222.1427895
          c:n:w 5139.1934395
        b:e:c:n 1171.4304501
        b:e:c:w 1171.4334580
        b:e:n:w 1621.9286946
        b:c:n:w 1288.7360548
        e:c:n:w 48180.0695308
