########################################
# legofit: estimate population history #
#       version 2.3.4-4-g53f8760       #
########################################

# Program was compiled: Sep 21 2021 14:36:42
# Program was run: Wed Sep 22 10:03:40 2021

# cmd: legofit -1 -d 0 -t 32 --ptsPerDim 3 --stateOut b1boot35.state --tol 3e-6 -S 5000 def2.lgo ../../chrX/boot_chrX/boot35.opf
# Stage nOptItr nSimReps
#     0    5000        0
# algorithm          : deterministic
# ignoring probs <=  : 0
# Branch length floor: 0
# DE strategy        : 2
#    F               : 0.3
#    CR              : 0.8
#    tolerance       : 3e-06
# nthreads           : 32
# lgo input file     : def2.lgo
# site pat input file: ../../chrX/boot_chrX/boot35.opf
# free parameters    : 14
# points in DE swarm : 42
# output state file  : b1boot35.state
# Including singleton site patterns.
# cost function      : KL
Initial parameter values
Fixed:
      zero = 0
       one = 1
    Tbecnw = 75200
Free:
       pc1 = 0
       pc2 = 0
       pc3 = 0
       pc4 = 0
       pc5 = 0
       pc6 = 0
       pc7 = 0
       pc8 = 0
       pc9 = 0
      pc10 = 0
      pc11 = 0
      pc12 = 0
      pc13 = 0
      pc14 = 0
Constrained:
     Tecnw = 44594.5
       Tnw = 1567.73
       Tec = 2618.81
     twoNb = 1.16512e+06
     twoNe = 256038
     twoNc = 253624
     twoNw = 847693
    twoNec = 76744.5
    twoNnw = 135332
  twoNecnw = 23356.2
  twoNbecnw = 55374.1
        m4 = 0.0222906
        m5 = 0.351399
        m6 = 0.294879
        Td = 1309.41
        Te = 654.703
        Tf = 327.351
DiffEv reached_goal. cost=2.71841e-03 spread=2.54927e-06
Fitted parameter values
Free:
       pc1 = -0.615978
       pc2 = -3.07733
       pc3 = -1.56169
       pc4 = -1.96913
       pc5 = 0.15324
       pc6 = -0.909195
       pc7 = -1.92975
       pc8 = -0.119087
       pc9 = -0.611216
      pc10 = -0.295571
      pc11 = 0.502102
      pc12 = -0.0939429
      pc13 = -0.152648
      pc14 = 0.0227554
Constrained:
     Tecnw = 44950.2
       Tnw = 55.4996
       Tec = 159.328
     twoNb = 2.36345e+06
     twoNe = 457053
     twoNc = 432884
     twoNw = 834775
    twoNec = 82558.2
    twoNnw = 148661
  twoNecnw = 22511.3
  twoNbecnw = 55721.6
        m4 = 0.0276534
        m5 = 0.352214
        m6 = 0.303777
        Td = 79.664
        Te = 39.832
        Tf = 19.916
#       SitePat  BranchLen
              b 123105.2220108
              e 45922.7201159
              c 47683.1201370
              n 45014.4785938
              w 45013.5124647
            b:e 1255.3323718
            b:c 1624.8490163
            b:n 1167.1273352
            b:w 1167.0923088
            e:c 11809.5908349
            e:n 4676.9273280
            e:w 4677.1394037
            c:n 4291.7914813
            c:w 4292.3727202
            n:w 12342.9056826
          b:e:c 1353.9235202
          b:e:n 622.9668041
          b:e:w 622.9554443
          b:c:n 624.0342886
          b:c:w 624.0456341
          b:n:w 1352.3519251
          e:c:n 4288.4059402
          e:c:w 4288.5787547
          e:n:w 6095.6557473
          c:n:w 5048.8533516
        b:e:c:n 1168.1711388
        b:e:c:w 1168.2061795
        b:e:n:w 1572.2733807
        b:c:n:w 1256.9039669
        e:c:n:w 49162.6083609
