########################################
# legofit: estimate population history #
#       version 2.3.4-4-g53f8760       #
########################################

# Program was compiled: Sep 21 2021 14:36:42
# Program was run: Wed Sep 22 10:03:54 2021

# cmd: legofit -1 -d 0 -t 32 --ptsPerDim 3 --stateOut b1boot47.state --tol 3e-6 -S 5000 def2.lgo ../../chrX/boot_chrX/boot47.opf
# Stage nOptItr nSimReps
#     0    5000        0
# algorithm          : deterministic
# ignoring probs <=  : 0
# Branch length floor: 0
# DE strategy        : 2
#    F               : 0.3
#    CR              : 0.8
#    tolerance       : 3e-06
# nthreads           : 32
# lgo input file     : def2.lgo
# site pat input file: ../../chrX/boot_chrX/boot47.opf
# free parameters    : 14
# points in DE swarm : 42
# output state file  : b1boot47.state
# Including singleton site patterns.
# cost function      : KL
Initial parameter values
Fixed:
      zero = 0
       one = 1
    Tbecnw = 75200
Free:
       pc1 = 0
       pc2 = 0
       pc3 = 0
       pc4 = 0
       pc5 = 0
       pc6 = 0
       pc7 = 0
       pc8 = 0
       pc9 = 0
      pc10 = 0
      pc11 = 0
      pc12 = 0
      pc13 = 0
      pc14 = 0
Constrained:
     Tecnw = 44594.5
       Tnw = 1567.73
       Tec = 2618.81
     twoNb = 1.16512e+06
     twoNe = 256038
     twoNc = 253624
     twoNw = 847693
    twoNec = 76744.5
    twoNnw = 135332
  twoNecnw = 23356.2
  twoNbecnw = 55374.1
        m4 = 0.0222906
        m5 = 0.351399
        m6 = 0.294879
        Td = 1309.41
        Te = 654.703
        Tf = 327.351
DiffEv reached_goal. cost=2.61155e-03 spread=2.04474e-06
Fitted parameter values
Free:
       pc1 = -0.888541
       pc2 = -1.50739
       pc3 = -1.97069
       pc4 = -1.91876
       pc5 = -0.390648
       pc6 = -1.98487
       pc7 = -1.96809
       pc8 = -1.28164
       pc9 = -1.05228
      pc10 = -0.483397
      pc11 = 0.000511273
      pc12 = -0.297165
      pc13 = -0.0238646
      pc14 = 0.0341434
Constrained:
     Tecnw = 44601.3
       Tnw = 33.4124
       Tec = 2.93532
     twoNb = 2.23549e+06
     twoNe = 444785
     twoNc = 456513
     twoNw = 881116
    twoNec = 81354.6
    twoNnw = 145864
  twoNecnw = 22797.3
  twoNbecnw = 53667.1
        m4 = 0.0306396
        m5 = 0.349518
        m6 = 0.299434
        Td = 1.46766
        Te = 0.733829
        Tf = 0.366915
#       SitePat  BranchLen
              b 121298.0174626
              e 45523.2795546
              c 47394.2599927
              n 44655.2563124
              w 44654.0689406
            b:e 1207.3685995
            b:c 1603.6933261
            b:n 1123.2768098
            b:w 1123.2351745
            e:c 11851.3426444
            e:n 4631.1715341
            e:w 4631.7107983
            c:n 4224.7732452
            c:w 4225.2125085
            n:w 12373.1792384
          b:e:c 1314.6968491
          b:e:n 597.1796634
          b:e:w 597.1826308
          b:c:n 598.4050976
          b:c:w 598.4020985
          b:n:w 1312.9060761
          e:c:n 4218.7787907
          e:c:w 4218.9876350
          e:n:w 6095.1483381
          c:n:w 4972.1118363
        b:e:c:n 1124.4576097
        b:e:c:w 1124.4992766
        b:e:n:w 1542.9763586
        b:c:n:w 1209.1593725
        e:c:n:w 47696.6761224
