########################################
# legofit: estimate population history #
#       version 2.3.4-4-g53f8760       #
########################################

# Program was compiled: Sep 21 2021 14:36:42
# Program was run: Wed Sep 22 10:03:54 2021

# cmd: legofit -1 -d 0 -t 32 --ptsPerDim 3 --stateOut b1boot49.state --tol 3e-6 -S 5000 def2.lgo ../../chrX/boot_chrX/boot49.opf
# Stage nOptItr nSimReps
#     0    5000        0
# algorithm          : deterministic
# ignoring probs <=  : 0
# Branch length floor: 0
# DE strategy        : 2
#    F               : 0.3
#    CR              : 0.8
#    tolerance       : 3e-06
# nthreads           : 32
# lgo input file     : def2.lgo
# site pat input file: ../../chrX/boot_chrX/boot49.opf
# free parameters    : 14
# points in DE swarm : 42
# output state file  : b1boot49.state
# Including singleton site patterns.
# cost function      : KL
Initial parameter values
Fixed:
      zero = 0
       one = 1
    Tbecnw = 75200
Free:
       pc1 = 0
       pc2 = 0
       pc3 = 0
       pc4 = 0
       pc5 = 0
       pc6 = 0
       pc7 = 0
       pc8 = 0
       pc9 = 0
      pc10 = 0
      pc11 = 0
      pc12 = 0
      pc13 = 0
      pc14 = 0
Constrained:
     Tecnw = 44594.5
       Tnw = 1567.73
       Tec = 2618.81
     twoNb = 1.16512e+06
     twoNe = 256038
     twoNc = 253624
     twoNw = 847693
    twoNec = 76744.5
    twoNnw = 135332
  twoNecnw = 23356.2
  twoNbecnw = 55374.1
        m4 = 0.0222906
        m5 = 0.351399
        m6 = 0.294879
        Td = 1309.41
        Te = 654.703
        Tf = 327.351
DiffEv reached_goal. cost=2.60206e-03 spread=2.86542e-06
Fitted parameter values
Free:
       pc1 = -0.970414
       pc2 = -3.01139
       pc3 = -1.80831
       pc4 = -1.95024
       pc5 = 0.314824
       pc6 = -0.363114
       pc7 = -1.84682
       pc8 = 0.73628
       pc9 = 0.893575
      pc10 = -0.797837
      pc11 = 0.142097
      pc12 = -0.287333
      pc13 = -0.0908634
      pc14 = -0.0200383
Constrained:
     Tecnw = 44828.5
       Tnw = 5.8175
       Tec = 4.15158
     twoNb = 2.07493e+06
     twoNe = 410888
     twoNc = 467697
     twoNw = 818074
    twoNec = 85226.5
    twoNnw = 152304
  twoNecnw = 23229.4
  twoNbecnw = 56788.3
        m4 = 0.0293769
        m5 = 0.355017
        m6 = 0.304589
        Td = 2.07579
        Te = 1.0379
        Tf = 0.518948
#       SitePat  BranchLen
              b 123690.0119269
              e 46389.0772873
              c 48227.9613573
              n 45447.4398587
              w 45447.2372809
            b:e 1332.0589016
            b:c 1733.6379499
            b:n 1239.0204858
            b:w 1239.0127690
            e:c 11800.3155204
            e:n 4809.5335763
            e:w 4809.6195880
            c:n 4405.8724549
            c:w 4405.9524751
            n:w 12391.9881849
          b:e:c 1417.4714748
          b:e:n 667.1320935
          b:e:w 667.1322841
          b:c:n 668.5192877
          b:c:w 668.5190914
          b:n:w 1415.4722459
          e:c:n 4427.7376161
          e:c:w 4427.7741620
          e:n:w 6281.8375231
          c:n:w 5181.4860592
        b:e:c:n 1240.3997669
        b:e:c:w 1240.4074895
        b:e:n:w 1669.6155521
        b:c:n:w 1334.0581304
        e:c:n:w 49042.3566140
