########################################
# legofit: estimate population history #
#       version 2.3.4-4-g53f8760       #
########################################

# Program was compiled: Sep 21 2021 14:36:42
# Program was run: Wed Sep 29 17:16:59 2021

# cmd: legofit -1 -d 0 -t 56 --ptsPerDim 3 --stateOut b1.state --tol 3e-6 -S 5000 bcdef2.lgo ../../chrX/pan_chrX.opf
# Stage nOptItr nSimReps
#     0    5000        0
# algorithm          : deterministic
# ignoring probs <=  : 0
# Branch length floor: 0
# DE strategy        : 2
#    F               : 0.3
#    CR              : 0.8
#    tolerance       : 3e-06
# nthreads           : 51
# lgo input file     : bcdef2.lgo
# site pat input file: ../../chrX/pan_chrX.opf
# free parameters    : 17
# points in DE swarm : 51
# output state file  : b1.state
# Including singleton site patterns.
# cost function      : KL
Initial parameter values
Fixed:
      zero = 0
       one = 1
    Tbecnw = 75200
Free:
       pc1 = 0
       pc2 = 0
       pc3 = 0
       pc4 = 0
       pc5 = 0
       pc6 = 0
       pc7 = 0
       pc8 = 0
       pc9 = 0
      pc10 = 0
      pc11 = 0
      pc12 = 0
      pc13 = 0
      pc14 = 0
      pc15 = 0
      pc16 = 0
      pc17 = 0
Constrained:
     Tecnw = 44576.4
       Tnw = 609.137
       Tec = 1667.75
     twoNb = 1.19668e+06
     twoNe = 46767.7
     twoNc = 524380
     twoNn = 240975
     twoNw = 1.57583e+06
    twoNec = 94436.3
    twoNnw = 121576
  twoNecnw = 21595.5
  twoNbecnw = 54960.4
        m2 = 0.0420196
        m3 = 0.181941
        m4 = 0.00499877
        m5 = 0.248027
        m6 = 0.168348
        Tb = 23122.1
        Tc = 304.569
        Td = 152.284
        Te = 76.1421
        Tf = 38.0711
DiffEv reached_goal. cost=2.08901e-03 spread=2.73678e-06
Fitted parameter values
Free:
       pc1 = -2.8
       pc2 = 1.16514
       pc3 = 1.9966
       pc4 = 1.02645
       pc5 = 0.558452
       pc6 = -0.805553
       pc7 = -1.69424
       pc8 = -1.74429
       pc9 = 0.143253
      pc10 = -1.91329
      pc11 = 1.61064
      pc12 = -0.0856352
      pc13 = 0.0459249
      pc14 = -0.132167
      pc15 = 0.347941
      pc16 = -0.10079
      pc17 = -0.0255257
Constrained:
     Tecnw = 45162.6
       Tnw = 24.8589
       Tec = 1361
     twoNb = 3.01258e+06
     twoNe = 87080.8
     twoNc = 734695
     twoNn = 369080
     twoNw = 2.803e+06
    twoNec = 90435.8
    twoNnw = 124771
  twoNecnw = 20781.8
  twoNbecnw = 55169.1
        m2 = 0.0503541
        m3 = 0.187559
        m4 = 0.00680482
        m5 = 0.253616
        m6 = 0.17586
        Tb = 23261.8
        Tc = 12.4295
        Td = 6.21473
        Te = 3.10736
        Tf = 1.55368
#       SitePat  BranchLen
              b 122423.8353575
              e 45702.0469637
              c 47532.6773072
              n 43690.5697842
              w 46395.6722760
            b:e 1484.7537625
            b:c 1711.8363255
            b:n 1074.7172038
            b:w 1168.9007598
            e:c 12042.9522996
            e:n 4981.8935457
            e:w 4307.2137122
            c:n 4671.9071115
            c:w 3641.3457118
            n:w 12368.5330965
          b:e:c 1340.8743894
          b:e:n 570.7322364
          b:e:w 587.8109287
          b:c:n 590.0381242
          b:c:w 569.2996428
          b:n:w 1329.3642242
          e:c:n 4803.3427024
          e:c:w 3816.5915716
          e:n:w 6049.5209278
          c:n:w 5176.8557890
        b:e:c:n 1172.3327814
        b:e:c:w 1068.6988867
        b:e:n:w 1658.9451159
        b:c:n:w 1448.9571809
        e:c:n:w 48613.3870956
