########################################
# legofit: estimate population history #
#       version 2.3.4-4-g53f8760       #
########################################

# Program was compiled: Sep 21 2021 14:36:42
# Program was run: Thu Sep 30 00:01:51 2021

# cmd: legofit -1 -d 0 -t 56 --ptsPerDim 3 --stateOut b1boot27.state --tol 3e-6 -S 5000 bcdef2.lgo ../../chrX/boot_chrX/boot27.opf
# Stage nOptItr nSimReps
#     0    5000        0
# algorithm          : deterministic
# ignoring probs <=  : 0
# Branch length floor: 0
# DE strategy        : 2
#    F               : 0.3
#    CR              : 0.8
#    tolerance       : 3e-06
# nthreads           : 51
# lgo input file     : bcdef2.lgo
# site pat input file: ../../chrX/boot_chrX/boot27.opf
# free parameters    : 17
# points in DE swarm : 51
# output state file  : b1boot27.state
# Including singleton site patterns.
# cost function      : KL
Initial parameter values
Fixed:
      zero = 0
       one = 1
    Tbecnw = 75200
Free:
       pc1 = 0
       pc2 = 0
       pc3 = 0
       pc4 = 0
       pc5 = 0
       pc6 = 0
       pc7 = 0
       pc8 = 0
       pc9 = 0
      pc10 = 0
      pc11 = 0
      pc12 = 0
      pc13 = 0
      pc14 = 0
      pc15 = 0
      pc16 = 0
      pc17 = 0
Constrained:
     Tecnw = 44576.4
       Tnw = 609.137
       Tec = 1667.75
     twoNb = 1.19668e+06
     twoNe = 46767.7
     twoNc = 524380
     twoNn = 240975
     twoNw = 1.57583e+06
    twoNec = 94436.3
    twoNnw = 121576
  twoNecnw = 21595.5
  twoNbecnw = 54960.4
        m2 = 0.0420196
        m3 = 0.181941
        m4 = 0.00499877
        m5 = 0.248027
        m6 = 0.168348
        Tb = 23122.1
        Tc = 304.569
        Td = 152.284
        Te = 76.1421
        Tf = 38.0711
DiffEv reached_goal. cost=2.21737e-03 spread=2.95207e-06
Fitted parameter values
Free:
       pc1 = -3.50976
       pc2 = 0.0364523
       pc3 = 1.96861
       pc4 = 1.63999
       pc5 = -0.0949743
       pc6 = 1.84716
       pc7 = -1.82206
       pc8 = -0.789427
       pc9 = 1.45985
      pc10 = -1.97142
      pc11 = 1.94045
      pc12 = 0.0830482
      pc13 = -0.888062
      pc14 = -0.920913
      pc15 = 0.797941
      pc16 = 0.45376
      pc17 = 0.0908612
Constrained:
     Tecnw = 46089.3
       Tnw = 7.49819
       Tec = 65.7491
     twoNb = 2.93109e+06
     twoNe = 108964
     twoNc = 1.23152e+06
     twoNn = 21279
     twoNw = 1.74747e+06
    twoNec = 94962.8
    twoNnw = 123617
  twoNecnw = 20797.5
  twoNbecnw = 56799.4
        m2 = 0.0497689
        m3 = 0.174857
        m4 = 0.00801607
        m5 = 0.250794
        m6 = 0.180739
        Tb = 23077.5
        Tc = 3.7491
        Td = 1.87455
        Te = 0.937274
        Tf = 0.468637
#       SitePat  BranchLen
              b 123535.5507276
              e 46495.3627306
              c 48192.5844468
              n 44278.0956147
              w 46807.2172895
            b:e 1584.9142799
            b:c 1820.5115139
            b:n 1139.2638641
            b:w 1234.0552179
            e:c 12514.2212198
            e:n 4947.7372529
            e:w 4353.3430964
            c:n 4721.2040894
            c:w 3723.1588351
            n:w 12925.7135900
          b:e:c 1453.5130657
          b:e:n 603.4374116
          b:e:w 622.2933632
          b:c:n 624.5291808
          b:c:w 602.1859571
          b:n:w 1441.2470458
          e:c:n 4801.2342462
          e:c:w 3877.2733681
          e:n:w 6217.8251997
          c:n:w 5356.9728039
        b:e:c:n 1237.7014290
        b:e:c:w 1133.6759612
        b:e:n:w 1763.8043890
        b:c:n:w 1547.5708963
        e:c:n:w 48737.9172898
