########################################
# legofit: estimate population history #
#       version 2.3.4-4-g53f8760       #
########################################

# Program was compiled: Sep 21 2021 14:36:42
# Program was run: Thu Sep 30 02:22:25 2021

# cmd: legofit -1 -d 0 -t 56 --ptsPerDim 3 --stateOut b1boot45.state --tol 3e-6 -S 5000 bcdef2.lgo ../../chrX/boot_chrX/boot45.opf
# Stage nOptItr nSimReps
#     0    5000        0
# algorithm          : deterministic
# ignoring probs <=  : 0
# Branch length floor: 0
# DE strategy        : 2
#    F               : 0.3
#    CR              : 0.8
#    tolerance       : 3e-06
# nthreads           : 51
# lgo input file     : bcdef2.lgo
# site pat input file: ../../chrX/boot_chrX/boot45.opf
# free parameters    : 17
# points in DE swarm : 51
# output state file  : b1boot45.state
# Including singleton site patterns.
# cost function      : KL
Initial parameter values
Fixed:
      zero = 0
       one = 1
    Tbecnw = 75200
Free:
       pc1 = 0
       pc2 = 0
       pc3 = 0
       pc4 = 0
       pc5 = 0
       pc6 = 0
       pc7 = 0
       pc8 = 0
       pc9 = 0
      pc10 = 0
      pc11 = 0
      pc12 = 0
      pc13 = 0
      pc14 = 0
      pc15 = 0
      pc16 = 0
      pc17 = 0
Constrained:
     Tecnw = 44576.4
       Tnw = 609.137
       Tec = 1667.75
     twoNb = 1.19668e+06
     twoNe = 46767.7
     twoNc = 524380
     twoNn = 240975
     twoNw = 1.57583e+06
    twoNec = 94436.3
    twoNnw = 121576
  twoNecnw = 21595.5
  twoNbecnw = 54960.4
        m2 = 0.0420196
        m3 = 0.181941
        m4 = 0.00499877
        m5 = 0.248027
        m6 = 0.168348
        Tb = 23122.1
        Tc = 304.569
        Td = 152.284
        Te = 76.1421
        Tf = 38.0711
DiffEv reached_goal. cost=1.92288e-03 spread=2.22639e-06
Fitted parameter values
Free:
       pc1 = -2.30865
       pc2 = 1.6977
       pc3 = 1.99798
       pc4 = 0.571271
       pc5 = 0.976785
       pc6 = -1.27884
       pc7 = -1.90815
       pc8 = -1.40579
       pc9 = -0.0811187
      pc10 = -1.9903
      pc11 = 1.14852
      pc12 = -0.563223
      pc13 = 0.00195996
      pc14 = 0.370938
      pc15 = 0.424621
      pc16 = -0.156437
      pc17 = -0.22699
Constrained:
     Tecnw = 45028.6
       Tnw = 17.8523
       Tec = 2117.26
     twoNb = 3.06691e+06
     twoNe = 70866.7
     twoNc = 448274
     twoNn = 439160
     twoNw = 2.75382e+06
    twoNec = 88387.7
    twoNnw = 125611
  twoNecnw = 21006.4
  twoNbecnw = 54516.1
        m2 = 0.0481405
        m3 = 0.186495
        m4 = 0.00718325
        m5 = 0.24943
        m6 = 0.175985
        Tb = 23572.9
        Tc = 8.92616
        Td = 4.46308
        Te = 2.23154
        Tf = 1.11577
#       SitePat  BranchLen
              b 121851.3955995
              e 45638.7135019
              c 47477.0873913
              n 43671.1372256
              w 46452.3061439
            b:e 1455.9781073
            b:c 1678.6378955
            b:n 1067.1541717
            b:w 1171.6764904
            e:c 12007.3433135
            e:n 5023.0661207
            e:w 4261.8298367
            c:n 4627.3528094
            c:w 3648.3407698
            n:w 12339.1137629
          b:e:c 1333.7281893
          b:e:n 570.1896061
          b:e:w 582.0778975
          b:c:n 584.1237327
          b:c:w 568.8194705
          b:n:w 1323.0094737
          e:c:n 4844.9757761
          e:c:w 3816.1047147
          e:n:w 5969.5948213
          c:n:w 5122.8327515
        b:e:c:n 1174.9164357
        b:e:c:w 1061.7605547
        b:e:n:w 1628.5571172
        b:c:n:w 1422.8121880
        e:c:n:w 48106.0009371
