########################################
# legofit: estimate population history #
#       version 2.3.4-4-g53f8760       #
########################################

# Program was compiled: Sep 21 2021 14:36:42
# Program was run: Wed Sep 29 21:48:07 2021

# cmd: legofit -1 -d 0 -t 56 --ptsPerDim 3 --stateOut b1boot12.state --tol 3e-6 -S 5000 bcdef2.lgo ../../chrX/boot_chrX/boot12.opf
# Stage nOptItr nSimReps
#     0    5000        0
# algorithm          : deterministic
# ignoring probs <=  : 0
# Branch length floor: 0
# DE strategy        : 2
#    F               : 0.3
#    CR              : 0.8
#    tolerance       : 3e-06
# nthreads           : 51
# lgo input file     : bcdef2.lgo
# site pat input file: ../../chrX/boot_chrX/boot12.opf
# free parameters    : 17
# points in DE swarm : 51
# output state file  : b1boot12.state
# Including singleton site patterns.
# cost function      : KL
Initial parameter values
Fixed:
      zero = 0
       one = 1
    Tbecnw = 75200
Free:
       pc1 = 0
       pc2 = 0
       pc3 = 0
       pc4 = 0
       pc5 = 0
       pc6 = 0
       pc7 = 0
       pc8 = 0
       pc9 = 0
      pc10 = 0
      pc11 = 0
      pc12 = 0
      pc13 = 0
      pc14 = 0
      pc15 = 0
      pc16 = 0
      pc17 = 0
Constrained:
     Tecnw = 44576.4
       Tnw = 609.137
       Tec = 1667.75
     twoNb = 1.19668e+06
     twoNe = 46767.7
     twoNc = 524380
     twoNn = 240975
     twoNw = 1.57583e+06
    twoNec = 94436.3
    twoNnw = 121576
  twoNecnw = 21595.5
  twoNbecnw = 54960.4
        m2 = 0.0420196
        m3 = 0.181941
        m4 = 0.00499877
        m5 = 0.248027
        m6 = 0.168348
        Tb = 23122.1
        Tc = 304.569
        Td = 152.284
        Te = 76.1421
        Tf = 38.0711
DiffEv reached_goal. cost=2.15320e-03 spread=2.92868e-06
Fitted parameter values
Free:
       pc1 = -2.06516
       pc2 = 1.58812
       pc3 = 1.96383
       pc4 = 0.493165
       pc5 = 1.55096
       pc6 = -1.19554
       pc7 = -1.65456
       pc8 = -1.50196
       pc9 = 0.836969
      pc10 = -1.96248
      pc11 = 1.61764
      pc12 = -0.55724
      pc13 = 0.288435
      pc14 = 0.0151012
      pc15 = 0.219266
      pc16 = 0.0087324
      pc17 = 0.173555
Constrained:
     Tecnw = 44729.2
       Tnw = 26.3385
       Tec = 1720.31
     twoNb = 2.98223e+06
     twoNe = 84751.5
     twoNc = 497917
     twoNn = 485091
     twoNw = 2.90826e+06
    twoNec = 87218.8
    twoNnw = 126615
  twoNecnw = 21070.5
  twoNbecnw = 55356
        m2 = 0.0467401
        m3 = 0.186916
        m4 = 0.00828116
        m5 = 0.247297
        m6 = 0.172009
        Tb = 23224.8
        Tc = 13.1692
        Td = 6.58461
        Te = 3.29231
        Tf = 1.64615
#       SitePat  BranchLen
              b 122641.4646415
              e 45307.3703286
              c 47140.5047854
              n 43624.3074750
              w 46459.6263406
            b:e 1450.9656767
            b:c 1689.2334783
            b:n 1078.0653293
            b:w 1188.0865858
            e:c 12211.6599596
            e:n 4977.1511147
            e:w 4247.6957420
            c:n 4641.2824902
            c:w 3612.3593269
            n:w 12305.3819816
          b:e:c 1347.4454146
          b:e:n 570.1282735
          b:e:w 585.0898935
          b:c:n 587.2456596
          b:c:w 568.8173513
          b:n:w 1336.3227353
          e:c:n 4926.3857733
          e:c:w 3861.7350421
          e:n:w 5977.0140552
          c:n:w 5094.6892290
        b:e:c:n 1191.4384492
        b:e:c:w 1072.5942825
        b:e:n:w 1635.9786760
        b:c:n:w 1417.2614395
        e:c:n:w 48997.4852052
