########################################
# legofit: estimate population history #
#       version 2.3.4-4-g53f8760       #
########################################

# Program was compiled: Sep 21 2021 14:36:42
# Program was run: Wed Sep 29 23:31:29 2021

# cmd: legofit -1 -d 0 -t 56 --ptsPerDim 3 --stateOut b1boot24.state --tol 3e-6 -S 5000 bcdef2.lgo ../../chrX/boot_chrX/boot24.opf
# Stage nOptItr nSimReps
#     0    5000        0
# algorithm          : deterministic
# ignoring probs <=  : 0
# Branch length floor: 0
# DE strategy        : 2
#    F               : 0.3
#    CR              : 0.8
#    tolerance       : 3e-06
# nthreads           : 51
# lgo input file     : bcdef2.lgo
# site pat input file: ../../chrX/boot_chrX/boot24.opf
# free parameters    : 17
# points in DE swarm : 51
# output state file  : b1boot24.state
# Including singleton site patterns.
# cost function      : KL
Initial parameter values
Fixed:
      zero = 0
       one = 1
    Tbecnw = 75200
Free:
       pc1 = 0
       pc2 = 0
       pc3 = 0
       pc4 = 0
       pc5 = 0
       pc6 = 0
       pc7 = 0
       pc8 = 0
       pc9 = 0
      pc10 = 0
      pc11 = 0
      pc12 = 0
      pc13 = 0
      pc14 = 0
      pc15 = 0
      pc16 = 0
      pc17 = 0
Constrained:
     Tecnw = 44576.4
       Tnw = 609.137
       Tec = 1667.75
     twoNb = 1.19668e+06
     twoNe = 46767.7
     twoNc = 524380
     twoNn = 240975
     twoNw = 1.57583e+06
    twoNec = 94436.3
    twoNnw = 121576
  twoNecnw = 21595.5
  twoNbecnw = 54960.4
        m2 = 0.0420196
        m3 = 0.181941
        m4 = 0.00499877
        m5 = 0.248027
        m6 = 0.168348
        Tb = 23122.1
        Tc = 304.569
        Td = 152.284
        Te = 76.1421
        Tf = 38.0711
DiffEv reached_goal. cost=2.16133e-03 spread=2.75545e-06
Fitted parameter values
Free:
       pc1 = -1.7431
       pc2 = 0.457375
       pc3 = 1.97384
       pc4 = 1.36581
       pc5 = 0.776185
       pc6 = -1.69551
       pc7 = -1.20232
       pc8 = -1.92481
       pc9 = 0.350023
      pc10 = -1.97958
      pc11 = 1.91053
      pc12 = 0.0517423
      pc13 = 0.147492
      pc14 = 0.606659
      pc15 = 0.0891588
      pc16 = -0.125004
      pc17 = -0.147221
Constrained:
     Tecnw = 44963.7
       Tnw = 26.1014
       Tec = 1217.18
     twoNb = 2.92092e+06
     twoNe = 57892.5
     twoNc = 574324
     twoNn = 405089
     twoNw = 3.37781e+06
    twoNec = 93664.3
    twoNnw = 127285
  twoNecnw = 21195.9
  twoNbecnw = 55338.8
        m2 = 0.0486928
        m3 = 0.193396
        m4 = 0.00602541
        m5 = 0.254427
        m6 = 0.165402
        Tb = 23090.5
        Tc = 13.0507
        Td = 6.52536
        Te = 3.26268
        Tf = 1.63134
#       SitePat  BranchLen
              b 122452.0686259
              e 45778.8337161
              c 47798.9056688
              n 43931.7902543
              w 46741.8659518
            b:e 1492.5386343
            b:c 1730.0486582
            b:n 1103.0910698
            b:w 1204.9822790
            e:c 11977.6064374
            e:n 5072.0015972
            e:w 4376.7699625
            c:n 4713.3911584
            c:w 3629.3412440
            n:w 12262.2284552
          b:e:c 1354.7218967
          b:e:n 588.0595229
          b:e:w 607.4888246
          b:c:n 609.7693088
          b:c:w 586.5851409
          b:n:w 1343.3369043
          e:c:n 4901.1161037
          e:c:w 3883.8877347
          e:n:w 6080.2433412
          c:n:w 5148.4203990
        b:e:c:n 1208.5111394
        b:e:c:w 1096.8090171
        b:e:n:w 1677.1546527
        b:c:n:w 1456.6286735
        e:c:n:w 48416.0517675
