########################################
# legofit: estimate population history #
#       version 2.3.4-4-g53f8760       #
########################################

# Program was compiled: Sep 21 2021 14:36:42
# Program was run: Wed Sep 29 23:11:34 2021

# cmd: legofit -1 -d 0 -t 56 --ptsPerDim 3 --stateOut b1boot21.state --tol 3e-6 -S 5000 bcdef2.lgo ../../chrX/boot_chrX/boot21.opf
# Stage nOptItr nSimReps
#     0    5000        0
# algorithm          : deterministic
# ignoring probs <=  : 0
# Branch length floor: 0
# DE strategy        : 2
#    F               : 0.3
#    CR              : 0.8
#    tolerance       : 3e-06
# nthreads           : 51
# lgo input file     : bcdef2.lgo
# site pat input file: ../../chrX/boot_chrX/boot21.opf
# free parameters    : 17
# points in DE swarm : 51
# output state file  : b1boot21.state
# Including singleton site patterns.
# cost function      : KL
Initial parameter values
Fixed:
      zero = 0
       one = 1
    Tbecnw = 75200
Free:
       pc1 = 0
       pc2 = 0
       pc3 = 0
       pc4 = 0
       pc5 = 0
       pc6 = 0
       pc7 = 0
       pc8 = 0
       pc9 = 0
      pc10 = 0
      pc11 = 0
      pc12 = 0
      pc13 = 0
      pc14 = 0
      pc15 = 0
      pc16 = 0
      pc17 = 0
Constrained:
     Tecnw = 44576.4
       Tnw = 609.137
       Tec = 1667.75
     twoNb = 1.19668e+06
     twoNe = 46767.7
     twoNc = 524380
     twoNn = 240975
     twoNw = 1.57583e+06
    twoNec = 94436.3
    twoNnw = 121576
  twoNecnw = 21595.5
  twoNbecnw = 54960.4
        m2 = 0.0420196
        m3 = 0.181941
        m4 = 0.00499877
        m5 = 0.248027
        m6 = 0.168348
        Tb = 23122.1
        Tc = 304.569
        Td = 152.284
        Te = 76.1421
        Tf = 38.0711
DiffEv reached_goal. cost=2.11004e-03 spread=2.35831e-06
Fitted parameter values
Free:
       pc1 = -1.98807
       pc2 = 1.77025
       pc3 = 1.99232
       pc4 = 1.83509
       pc5 = 0.193828
       pc6 = -1.53068
       pc7 = -1.92163
       pc8 = -1.64178
       pc9 = 0.0999328
      pc10 = -1.98774
      pc11 = 0.951271
      pc12 = -0.727367
      pc13 = -0.105159
      pc14 = -0.0302743
      pc15 = 0.519227
      pc16 = -0.30904
      pc17 = -0.134992
Constrained:
     Tecnw = 45087.1
       Tnw = 128.176
       Tec = 1757.42
     twoNb = 3.08071e+06
     twoNe = 63820.5
     twoNc = 388882
     twoNn = 268090
     twoNw = 3.22706e+06
    twoNec = 90149
    twoNnw = 120512
  twoNecnw = 20839.2
  twoNbecnw = 54600.3
        m2 = 0.0497048
        m3 = 0.19278
        m4 = 0.00652004
        m5 = 0.242338
        m6 = 0.175532
        Tb = 23422.2
        Tc = 64.0882
        Td = 32.0441
        Te = 16.022
        Tf = 8.01102
#       SitePat  BranchLen
              b 121958.9989840
              e 45643.4649071
              c 47353.0579064
              n 43368.8655680
              w 46202.3929795
            b:e 1473.3513210
            b:c 1679.4018983
            b:n 1054.7671238
            b:w 1155.6759959
            e:c 12029.8514080
            e:n 5006.4922027
            e:w 4219.8069213
            c:n 4644.7132224
            c:w 3647.7878791
            n:w 12493.1860400
          b:e:c 1333.2077015
          b:e:n 564.1840637
          b:e:w 575.2910284
          b:c:n 577.4132778
          b:c:w 562.6720698
          b:n:w 1322.1649518
          e:c:n 4806.3434303
          e:c:w 3769.2924133
          e:n:w 5985.2093116
          c:n:w 5193.3500945
        b:e:c:n 1158.9857207
        b:e:c:w 1048.8453221
        b:e:n:w 1629.2473369
        b:c:n:w 1438.6507444
        e:c:n:w 48289.2844514
