########################################
# legofit: estimate population history #
#       version 2.3.4-4-g53f8760       #
########################################

# Program was compiled: Sep 21 2021 14:36:42
# Program was run: Wed Sep 29 23:59:07 2021

# cmd: legofit -1 -d 0 -t 56 --ptsPerDim 3 --stateOut b1boot26.state --tol 3e-6 -S 5000 bcdef2.lgo ../../chrX/boot_chrX/boot26.opf
# Stage nOptItr nSimReps
#     0    5000        0
# algorithm          : deterministic
# ignoring probs <=  : 0
# Branch length floor: 0
# DE strategy        : 2
#    F               : 0.3
#    CR              : 0.8
#    tolerance       : 3e-06
# nthreads           : 51
# lgo input file     : bcdef2.lgo
# site pat input file: ../../chrX/boot_chrX/boot26.opf
# free parameters    : 17
# points in DE swarm : 51
# output state file  : b1boot26.state
# Including singleton site patterns.
# cost function      : KL
Initial parameter values
Fixed:
      zero = 0
       one = 1
    Tbecnw = 75200
Free:
       pc1 = 0
       pc2 = 0
       pc3 = 0
       pc4 = 0
       pc5 = 0
       pc6 = 0
       pc7 = 0
       pc8 = 0
       pc9 = 0
      pc10 = 0
      pc11 = 0
      pc12 = 0
      pc13 = 0
      pc14 = 0
      pc15 = 0
      pc16 = 0
      pc17 = 0
Constrained:
     Tecnw = 44576.4
       Tnw = 609.137
       Tec = 1667.75
     twoNb = 1.19668e+06
     twoNe = 46767.7
     twoNc = 524380
     twoNn = 240975
     twoNw = 1.57583e+06
    twoNec = 94436.3
    twoNnw = 121576
  twoNecnw = 21595.5
  twoNbecnw = 54960.4
        m2 = 0.0420196
        m3 = 0.181941
        m4 = 0.00499877
        m5 = 0.248027
        m6 = 0.168348
        Tb = 23122.1
        Tc = 304.569
        Td = 152.284
        Te = 76.1421
        Tf = 38.0711
DiffEv reached_goal. cost=2.10896e-03 spread=2.98622e-06
Fitted parameter values
Free:
       pc1 = -2.32469
       pc2 = 0.481893
       pc3 = 1.9258
       pc4 = 1.14105
       pc5 = -0.134957
       pc6 = -1.16081
       pc7 = -1.95384
       pc8 = -1.18216
       pc9 = 1.95809
      pc10 = -1.99373
      pc11 = 1.19082
      pc12 = 0.0777564
      pc13 = -0.256512
      pc14 = 0.00768347
      pc15 = 0.578683
      pc16 = -0.0553175
      pc17 = -0.231518
Constrained:
     Tecnw = 44986.9
       Tnw = 28.7217
       Tec = 1472.41
     twoNb = 2.8663e+06
     twoNe = 66951.7
     twoNc = 914318
     twoNn = 120476
     twoNw = 3.33585e+06
    twoNec = 92608.6
    twoNnw = 125941
  twoNecnw = 21520.4
  twoNbecnw = 55797.4
        m2 = 0.0497649
        m3 = 0.182712
        m4 = 0.00758144
        m5 = 0.247948
        m6 = 0.179036
        Tb = 23229.7
        Tc = 14.3608
        Td = 7.18042
        Te = 3.59021
        Tf = 1.7951
#       SitePat  BranchLen
              b 122669.7725811
              e 46196.0511132
              c 47936.6006908
              n 44001.8048412
              w 46640.5839246
            b:e 1556.0974406
            b:c 1782.5880980
            b:n 1128.7199393
            b:w 1227.2817165
            e:c 12084.8485808
            e:n 5059.2376801
            e:w 4346.9910230
            c:n 4713.4476262
            c:w 3762.0645013
            n:w 12544.6609993
          b:e:c 1403.4813658
          b:e:n 605.5143752
          b:e:w 617.9993430
          b:c:n 620.2644258
          b:c:w 604.0682393
          b:n:w 1391.4185678
          e:c:n 4887.7136294
          e:c:w 3925.9386454
          e:n:w 6165.0899775
          c:n:w 5335.5908223
        b:e:c:n 1231.0052282
        b:e:c:w 1122.7803524
        b:e:n:w 1725.9240935
        b:c:n:w 1518.2806423
        e:c:n:w 48276.5235607
