########################################
# legofit: estimate population history #
#       version 2.3.4-4-g53f8760       #
########################################

# Program was compiled: Sep 21 2021 14:36:42
# Program was run: Wed Sep 29 22:31:53 2021

# cmd: legofit -1 -d 0 -t 56 --ptsPerDim 3 --stateOut b1boot17.state --tol 3e-6 -S 5000 bcdef2.lgo ../../chrX/boot_chrX/boot17.opf
# Stage nOptItr nSimReps
#     0    5000        0
# algorithm          : deterministic
# ignoring probs <=  : 0
# Branch length floor: 0
# DE strategy        : 2
#    F               : 0.3
#    CR              : 0.8
#    tolerance       : 3e-06
# nthreads           : 51
# lgo input file     : bcdef2.lgo
# site pat input file: ../../chrX/boot_chrX/boot17.opf
# free parameters    : 17
# points in DE swarm : 51
# output state file  : b1boot17.state
# Including singleton site patterns.
# cost function      : KL
Initial parameter values
Fixed:
      zero = 0
       one = 1
    Tbecnw = 75200
Free:
       pc1 = 0
       pc2 = 0
       pc3 = 0
       pc4 = 0
       pc5 = 0
       pc6 = 0
       pc7 = 0
       pc8 = 0
       pc9 = 0
      pc10 = 0
      pc11 = 0
      pc12 = 0
      pc13 = 0
      pc14 = 0
      pc15 = 0
      pc16 = 0
      pc17 = 0
Constrained:
     Tecnw = 44576.4
       Tnw = 609.137
       Tec = 1667.75
     twoNb = 1.19668e+06
     twoNe = 46767.7
     twoNc = 524380
     twoNn = 240975
     twoNw = 1.57583e+06
    twoNec = 94436.3
    twoNnw = 121576
  twoNecnw = 21595.5
  twoNbecnw = 54960.4
        m2 = 0.0420196
        m3 = 0.181941
        m4 = 0.00499877
        m5 = 0.248027
        m6 = 0.168348
        Tb = 23122.1
        Tc = 304.569
        Td = 152.284
        Te = 76.1421
        Tf = 38.0711
DiffEv reached_goal. cost=2.15405e-03 spread=2.82188e-06
Fitted parameter values
Free:
       pc1 = -2.89971
       pc2 = 1.88174
       pc3 = 1.99642
       pc4 = 0.0219169
       pc5 = 1.18607
       pc6 = -1.25794
       pc7 = -1.79843
       pc8 = -0.74338
       pc9 = -0.0912188
      pc10 = -1.99219
      pc11 = 1.39596
      pc12 = -0.76512
      pc13 = -0.050035
      pc14 = -0.294147
      pc15 = 0.716373
      pc16 = 0.237567
      pc17 = 0.0198707
Constrained:
     Tecnw = 44937.5
       Tnw = 10.8322
       Tec = 1938.83
     twoNb = 3.10821e+06
     twoNe = 113595
     twoNc = 349175
     twoNn = 449806
     twoNw = 2.53534e+06
    twoNec = 85952.4
    twoNnw = 126420
  twoNecnw = 21001
  twoNbecnw = 54578.4
        m2 = 0.046924
        m3 = 0.176887
        m4 = 0.00728163
        m5 = 0.249605
        m6 = 0.179928
        Tb = 23438.2
        Tc = 5.4161
        Td = 2.70805
        Te = 1.35403
        Tf = 0.677013
#       SitePat  BranchLen
              b 121976.4392953
              e 45449.1436746
              c 47128.6659103
              n 43670.5395832
              w 46322.3678082
            b:e 1440.1164899
            b:c 1652.4706721
            b:n 1062.9820235
            b:w 1165.7420446
            e:c 12225.7422169
            e:n 4901.2670342
            e:w 4220.7077518
            c:n 4593.8471190
            c:w 3635.1687887
            n:w 12390.7490357
          b:e:c 1339.6292005
          b:e:n 561.2484862
          b:e:w 574.8115572
          b:c:n 576.7282884
          b:c:w 560.0491534
          b:n:w 1329.0993249
          e:c:n 4830.7388078
          e:c:w 3829.1875207
          e:n:w 5909.1550935
          c:n:w 5105.4374121
        b:e:c:n 1168.8168156
        b:e:c:w 1058.1335333
        b:e:n:w 1604.0064148
        b:c:n:w 1408.0891581
        e:c:n:w 48365.6578608
