########################################
# legofit: estimate population history #
#       version 2.3.4-4-g53f8760       #
########################################

# Program was compiled: Sep 21 2021 14:36:42
# Program was run: Thu Sep 30 00:24:17 2021

# cmd: legofit -1 -d 0 -t 56 --ptsPerDim 3 --stateOut b1boot29.state --tol 3e-6 -S 5000 bcdef2.lgo ../../chrX/boot_chrX/boot29.opf
# Stage nOptItr nSimReps
#     0    5000        0
# algorithm          : deterministic
# ignoring probs <=  : 0
# Branch length floor: 0
# DE strategy        : 2
#    F               : 0.3
#    CR              : 0.8
#    tolerance       : 3e-06
# nthreads           : 51
# lgo input file     : bcdef2.lgo
# site pat input file: ../../chrX/boot_chrX/boot29.opf
# free parameters    : 17
# points in DE swarm : 51
# output state file  : b1boot29.state
# Including singleton site patterns.
# cost function      : KL
Initial parameter values
Fixed:
      zero = 0
       one = 1
    Tbecnw = 75200
Free:
       pc1 = 0
       pc2 = 0
       pc3 = 0
       pc4 = 0
       pc5 = 0
       pc6 = 0
       pc7 = 0
       pc8 = 0
       pc9 = 0
      pc10 = 0
      pc11 = 0
      pc12 = 0
      pc13 = 0
      pc14 = 0
      pc15 = 0
      pc16 = 0
      pc17 = 0
Constrained:
     Tecnw = 44576.4
       Tnw = 609.137
       Tec = 1667.75
     twoNb = 1.19668e+06
     twoNe = 46767.7
     twoNc = 524380
     twoNn = 240975
     twoNw = 1.57583e+06
    twoNec = 94436.3
    twoNnw = 121576
  twoNecnw = 21595.5
  twoNbecnw = 54960.4
        m2 = 0.0420196
        m3 = 0.181941
        m4 = 0.00499877
        m5 = 0.248027
        m6 = 0.168348
        Tb = 23122.1
        Tc = 304.569
        Td = 152.284
        Te = 76.1421
        Tf = 38.0711
DiffEv reached_goal. cost=2.05307e-03 spread=1.45801e-06
Fitted parameter values
Free:
       pc1 = -0.836996
       pc2 = 2.04849
       pc3 = 1.99657
       pc4 = 1.45738
       pc5 = 1.2977
       pc6 = -1.86243
       pc7 = -1.96893
       pc8 = -1.9814
       pc9 = -0.211102
      pc10 = -1.94209
      pc11 = 1.45653
      pc12 = -0.459402
      pc13 = 0.543928
      pc14 = 0.194261
      pc15 = 0.106619
      pc16 = -0.0862275
      pc17 = -0.167473
Constrained:
     Tecnw = 44618.7
       Tnw = 663.456
       Tec = 1578.72
     twoNb = 3.04233e+06
     twoNe = 55256.1
     twoNc = 206204
     twoNn = 502972
     twoNw = 3.28593e+06
    twoNec = 91627.1
    twoNnw = 122847
  twoNecnw = 20864.1
  twoNbecnw = 54353.7
        m2 = 0.0469152
        m3 = 0.199894
        m4 = 0.00764714
        m5 = 0.243965
        m6 = 0.166926
        Tb = 23098.7
        Tc = 331.728
        Td = 165.864
        Te = 82.9321
        Tf = 41.466
#       SitePat  BranchLen
              b 121881.6321443
              e 45337.5602130
              c 47185.4172499
              n 43478.4676257
              w 46392.9893988
            b:e 1419.5657979
            b:c 1649.4605824
            b:n 1041.6885604
            b:w 1144.1761551
            e:c 11832.8971213
            e:n 4982.5890959
            e:w 4211.3504948
            c:n 4636.4046092
            c:w 3565.2819255
            n:w 12038.6123121
          b:e:c 1285.6629042
          b:e:n 555.6057997
          b:e:w 570.4798950
          b:c:n 572.6378132
          b:c:w 554.2024064
          b:n:w 1275.1568173
          e:c:n 4843.0738384
          e:c:w 3783.7284784
          e:n:w 5922.1225152
          c:n:w 5047.7057725
        b:e:c:n 1147.3992405
        b:e:c:w 1035.6578291
        b:e:n:w 1598.0657707
        b:c:n:w 1386.2292232
        e:c:n:w 48591.8619453
