########################################
# legofit: estimate population history #
#       version 2.3.4-4-g53f8760       #
########################################

# Program was compiled: Sep 21 2021 14:36:42
# Program was run: Wed Sep 29 17:17:34 2021

# cmd: legofit -1 -d 0 -t 56 --ptsPerDim 3 --stateOut b1boot0.state --tol 3e-6 -S 5000 bcdef2.lgo ../../chrX/boot_chrX/boot0.opf
# Stage nOptItr nSimReps
#     0    5000        0
# algorithm          : deterministic
# ignoring probs <=  : 0
# Branch length floor: 0
# DE strategy        : 2
#    F               : 0.3
#    CR              : 0.8
#    tolerance       : 3e-06
# nthreads           : 51
# lgo input file     : bcdef2.lgo
# site pat input file: ../../chrX/boot_chrX/boot0.opf
# free parameters    : 17
# points in DE swarm : 51
# output state file  : b1boot0.state
# Including singleton site patterns.
# cost function      : KL
Initial parameter values
Fixed:
      zero = 0
       one = 1
    Tbecnw = 75200
Free:
       pc1 = 0
       pc2 = 0
       pc3 = 0
       pc4 = 0
       pc5 = 0
       pc6 = 0
       pc7 = 0
       pc8 = 0
       pc9 = 0
      pc10 = 0
      pc11 = 0
      pc12 = 0
      pc13 = 0
      pc14 = 0
      pc15 = 0
      pc16 = 0
      pc17 = 0
Constrained:
     Tecnw = 44576.4
       Tnw = 609.137
       Tec = 1667.75
     twoNb = 1.19668e+06
     twoNe = 46767.7
     twoNc = 524380
     twoNn = 240975
     twoNw = 1.57583e+06
    twoNec = 94436.3
    twoNnw = 121576
  twoNecnw = 21595.5
  twoNbecnw = 54960.4
        m2 = 0.0420196
        m3 = 0.181941
        m4 = 0.00499877
        m5 = 0.248027
        m6 = 0.168348
        Tb = 23122.1
        Tc = 304.569
        Td = 152.284
        Te = 76.1421
        Tf = 38.0711
DiffEv reached_goal. cost=2.03378e-03 spread=2.86276e-06
Fitted parameter values
Free:
       pc1 = -3.35298
       pc2 = 2.01122
       pc3 = 1.98309
       pc4 = 1.7466
       pc5 = 0.552876
       pc6 = -0.618122
       pc7 = -1.82853
       pc8 = -1.92518
       pc9 = 0.787383
      pc10 = -1.94515
      pc11 = 1.51685
      pc12 = -0.138536
      pc13 = -0.316404
      pc14 = -0.0951589
      pc15 = 0.540118
      pc16 = -0.229102
      pc17 = -0.19622
Constrained:
     Tecnw = 45576.9
       Tnw = 0.476237
       Tec = 2078.23
     twoNb = 3.17279e+06
     twoNe = 99375
     twoNc = 682577
     twoNn = 280589
     twoNw = 2.97738e+06
    twoNec = 88720
    twoNnw = 122231
  twoNecnw = 20686.8
  twoNbecnw = 55510.5
        m2 = 0.0526295
        m3 = 0.192721
        m4 = 0.00784772
        m5 = 0.249869
        m6 = 0.178377
        Tb = 23827.6
        Tc = 0.238119
        Td = 0.119059
        Te = 0.0595297
        Tf = 0.0297648
#       SitePat  BranchLen
              b 122591.9958610
              e 46039.1240492
              c 47866.3141624
              n 43738.1937972
              w 46530.6899652
            b:e 1524.0404152
            b:c 1759.1889920
            b:n 1089.2992583
            b:w 1188.9589104
            e:c 12072.6413479
            e:n 5047.0729150
            e:w 4314.1603691
            c:n 4705.7451901
            c:w 3684.7214701
            n:w 12572.0798340
          b:e:c 1373.3039612
          b:e:n 581.6281529
          b:e:w 596.3234398
          b:c:n 598.5841888
          b:c:w 580.1418993
          b:n:w 1361.8164678
          e:c:n 4828.6857639
          e:c:w 3803.3645337
          e:n:w 6126.5383013
          c:n:w 5251.5620171
        b:e:c:n 1192.4453010
        b:e:c:w 1083.2939795
        b:e:n:w 1706.3416198
        b:c:n:w 1488.9713425
        e:c:n:w 48427.3696399
