########################################
# legofit: estimate population history #
#       version 2.3.4-4-g53f8760       #
########################################

# Program was compiled: Sep 21 2021 14:36:42
# Program was run: Thu Sep 30 01:36:39 2021

# cmd: legofit -1 -d 0 -t 56 --ptsPerDim 3 --stateOut b1boot38.state --tol 3e-6 -S 5000 bcdef2.lgo ../../chrX/boot_chrX/boot38.opf
# Stage nOptItr nSimReps
#     0    5000        0
# algorithm          : deterministic
# ignoring probs <=  : 0
# Branch length floor: 0
# DE strategy        : 2
#    F               : 0.3
#    CR              : 0.8
#    tolerance       : 3e-06
# nthreads           : 51
# lgo input file     : bcdef2.lgo
# site pat input file: ../../chrX/boot_chrX/boot38.opf
# free parameters    : 17
# points in DE swarm : 51
# output state file  : b1boot38.state
# Including singleton site patterns.
# cost function      : KL
Initial parameter values
Fixed:
      zero = 0
       one = 1
    Tbecnw = 75200
Free:
       pc1 = 0
       pc2 = 0
       pc3 = 0
       pc4 = 0
       pc5 = 0
       pc6 = 0
       pc7 = 0
       pc8 = 0
       pc9 = 0
      pc10 = 0
      pc11 = 0
      pc12 = 0
      pc13 = 0
      pc14 = 0
      pc15 = 0
      pc16 = 0
      pc17 = 0
Constrained:
     Tecnw = 44576.4
       Tnw = 609.137
       Tec = 1667.75
     twoNb = 1.19668e+06
     twoNe = 46767.7
     twoNc = 524380
     twoNn = 240975
     twoNw = 1.57583e+06
    twoNec = 94436.3
    twoNnw = 121576
  twoNecnw = 21595.5
  twoNbecnw = 54960.4
        m2 = 0.0420196
        m3 = 0.181941
        m4 = 0.00499877
        m5 = 0.248027
        m6 = 0.168348
        Tb = 23122.1
        Tc = 304.569
        Td = 152.284
        Te = 76.1421
        Tf = 38.0711
DiffEv reached_goal. cost=2.22498e-03 spread=1.79340e-06
Fitted parameter values
Free:
       pc1 = -2.87851
       pc2 = 2.12743
       pc3 = 1.99643
       pc4 = 1.98082
       pc5 = 1.43178
       pc6 = -1.99362
       pc7 = -1.99105
       pc8 = -1.99717
       pc9 = 1.23639
      pc10 = -1.97723
      pc11 = 1.67294
      pc12 = -0.634044
      pc13 = 0.863875
      pc14 = -0.249199
      pc15 = 0.823143
      pc16 = -0.281522
      pc17 = -0.365615
Constrained:
     Tecnw = 44842.9
       Tnw = 2.82736
       Tec = 2407.17
     twoNb = 3.30402e+06
     twoNe = 98940.9
     twoNc = 305724
     twoNn = 364350
     twoNw = 3.92269e+06
    twoNec = 89123.2
    twoNnw = 124976
  twoNecnw = 20558.7
  twoNbecnw = 55645
        m2 = 0.0478596
        m3 = 0.197896
        m4 = 0.00830656
        m5 = 0.246671
        m6 = 0.178955
        Tb = 23625
        Tc = 1.41368
        Td = 0.70684
        Te = 0.35342
        Tf = 0.17671
#       SitePat  BranchLen
              b 123059.0060575
              e 45589.6416422
              c 47327.1704252
              n 43445.7308542
              w 46254.8605219
            b:e 1452.6628862
            b:c 1678.9676717
            b:n 1054.4958426
            b:w 1153.7020569
            e:c 11692.4958614
            e:n 5013.0085374
            e:w 4240.8486206
            c:n 4662.7305050
            c:w 3665.6467444
            n:w 12101.9218953
          b:e:c 1297.4048067
          b:e:n 565.9429305
          b:e:w 577.7620432
          b:c:n 579.7750164
          b:c:w 564.6151682
          b:n:w 1287.5438362
          e:c:n 4826.7407407
          e:c:w 3798.8103681
          e:n:w 5975.0290352
          c:n:w 5144.9689495
        b:e:c:n 1156.7256251
        b:e:c:w 1048.9045285
        b:e:n:w 1630.3426429
        b:c:n:w 1421.3638576
        e:c:n:w 49662.8947016
