########################################
# legofit: estimate population history #
#       version 2.3.4-4-g53f8760       #
########################################

# Program was compiled: Sep 21 2021 14:36:42
# Program was run: Wed Sep 29 20:27:59 2021

# cmd: legofit -1 -d 0 -t 56 --ptsPerDim 3 --stateOut b1boot8.state --tol 3e-6 -S 5000 bcdef2.lgo ../../chrX/boot_chrX/boot8.opf
# Stage nOptItr nSimReps
#     0    5000        0
# algorithm          : deterministic
# ignoring probs <=  : 0
# Branch length floor: 0
# DE strategy        : 2
#    F               : 0.3
#    CR              : 0.8
#    tolerance       : 3e-06
# nthreads           : 51
# lgo input file     : bcdef2.lgo
# site pat input file: ../../chrX/boot_chrX/boot8.opf
# free parameters    : 17
# points in DE swarm : 51
# output state file  : b1boot8.state
# Including singleton site patterns.
# cost function      : KL
Initial parameter values
Fixed:
      zero = 0
       one = 1
    Tbecnw = 75200
Free:
       pc1 = 0
       pc2 = 0
       pc3 = 0
       pc4 = 0
       pc5 = 0
       pc6 = 0
       pc7 = 0
       pc8 = 0
       pc9 = 0
      pc10 = 0
      pc11 = 0
      pc12 = 0
      pc13 = 0
      pc14 = 0
      pc15 = 0
      pc16 = 0
      pc17 = 0
Constrained:
     Tecnw = 44576.4
       Tnw = 609.137
       Tec = 1667.75
     twoNb = 1.19668e+06
     twoNe = 46767.7
     twoNc = 524380
     twoNn = 240975
     twoNw = 1.57583e+06
    twoNec = 94436.3
    twoNnw = 121576
  twoNecnw = 21595.5
  twoNbecnw = 54960.4
        m2 = 0.0420196
        m3 = 0.181941
        m4 = 0.00499877
        m5 = 0.248027
        m6 = 0.168348
        Tb = 23122.1
        Tc = 304.569
        Td = 152.284
        Te = 76.1421
        Tf = 38.0711
DiffEv reached_goal. cost=2.08330e-03 spread=2.54070e-06
Fitted parameter values
Free:
       pc1 = -2.24292
       pc2 = 0.570791
       pc3 = 1.79428
       pc4 = 1.89618
       pc5 = 1.6537
       pc6 = 1.72877
       pc7 = -1.34437
       pc8 = -0.705705
       pc9 = 1.88661
      pc10 = -1.94246
      pc11 = 1.95594
      pc12 = 0.322538
      pc13 = -0.169321
      pc14 = -0.163329
      pc15 = 0.61483
      pc16 = -0.147898
      pc17 = 0.0327856
Constrained:
     Tecnw = 45676.3
       Tnw = 37.9359
       Tec = 743.306
     twoNb = 2.82895e+06
     twoNe = 81388.9
     twoNc = 664586
     twoNn = 205715
     twoNw = 1.66453e+06
    twoNec = 95562.5
    twoNnw = 124005
  twoNecnw = 21029.7
  twoNbecnw = 57400.3
        m2 = 0.0457203
        m3 = 0.190424
        m4 = 0.00969136
        m5 = 0.251653
        m6 = 0.173529
        Tb = 23209.8
        Tc = 18.968
        Td = 9.48398
        Te = 4.74199
        Tf = 2.37099
#       SitePat  BranchLen
              b 124113.9623177
              e 46301.2332668
              c 48237.2504998
              n 44172.0544296
              w 46908.7012981
            b:e 1557.7521342
            b:c 1829.7596404
            b:n 1149.2483178
            b:w 1258.3695931
            e:c 12213.6324553
            e:n 5076.6499084
            e:w 4424.2401259
            c:n 4788.1617174
            c:w 3723.8015708
            n:w 12660.6614643
          b:e:c 1434.6914822
          b:e:n 615.1057398
          b:e:w 635.3931541
          b:c:n 637.7632539
          b:c:w 613.8713051
          b:n:w 1423.0885936
          e:c:n 4929.2631459
          e:c:w 3922.6204783
          e:n:w 6251.5790436
          c:n:w 5279.6236989
        b:e:c:n 1262.0505849
        b:e:c:w 1143.2995723
        b:e:n:w 1770.5395072
        b:c:n:w 1522.2611936
        e:c:n:w 49429.1057910
