########################################
# legofit: estimate population history #
#       version 2.3.4-4-g53f8760       #
########################################

# Program was compiled: Sep 21 2021 14:36:42
# Program was run: Thu Sep 30 00:45:34 2021

# cmd: legofit -1 -d 0 -t 56 --ptsPerDim 3 --stateOut b1boot31.state --tol 3e-6 -S 5000 bcdef2.lgo ../../chrX/boot_chrX/boot31.opf
# Stage nOptItr nSimReps
#     0    5000        0
# algorithm          : deterministic
# ignoring probs <=  : 0
# Branch length floor: 0
# DE strategy        : 2
#    F               : 0.3
#    CR              : 0.8
#    tolerance       : 3e-06
# nthreads           : 51
# lgo input file     : bcdef2.lgo
# site pat input file: ../../chrX/boot_chrX/boot31.opf
# free parameters    : 17
# points in DE swarm : 51
# output state file  : b1boot31.state
# Including singleton site patterns.
# cost function      : KL
Initial parameter values
Fixed:
      zero = 0
       one = 1
    Tbecnw = 75200
Free:
       pc1 = 0
       pc2 = 0
       pc3 = 0
       pc4 = 0
       pc5 = 0
       pc6 = 0
       pc7 = 0
       pc8 = 0
       pc9 = 0
      pc10 = 0
      pc11 = 0
      pc12 = 0
      pc13 = 0
      pc14 = 0
      pc15 = 0
      pc16 = 0
      pc17 = 0
Constrained:
     Tecnw = 44576.4
       Tnw = 609.137
       Tec = 1667.75
     twoNb = 1.19668e+06
     twoNe = 46767.7
     twoNc = 524380
     twoNn = 240975
     twoNw = 1.57583e+06
    twoNec = 94436.3
    twoNnw = 121576
  twoNecnw = 21595.5
  twoNbecnw = 54960.4
        m2 = 0.0420196
        m3 = 0.181941
        m4 = 0.00499877
        m5 = 0.248027
        m6 = 0.168348
        Tb = 23122.1
        Tc = 304.569
        Td = 152.284
        Te = 76.1421
        Tf = 38.0711
DiffEv reached_goal. cost=2.06551e-03 spread=2.90118e-06
Fitted parameter values
Free:
       pc1 = -1.04674
       pc2 = 1.74166
       pc3 = 1.98601
       pc4 = 0.145539
       pc5 = 1.55015
       pc6 = -1.06089
       pc7 = -1.73506
       pc8 = -1.48139
       pc9 = 0.954832
      pc10 = -1.90331
      pc11 = 1.67128
      pc12 = -0.162046
      pc13 = 0.488873
      pc14 = 0.355863
      pc15 = 0.726257
      pc16 = -0.318411
      pc17 = -0.141838
Constrained:
     Tecnw = 44458.7
       Tnw = 219.53
       Tec = 2017.05
     twoNb = 2.97084e+06
     twoNe = 73580.8
     twoNc = 603153
     twoNn = 505319
     twoNw = 2.69263e+06
    twoNec = 91052.3
    twoNnw = 125610
  twoNecnw = 21472.4
  twoNbecnw = 55108.5
        m2 = 0.0439383
        m3 = 0.195061
        m4 = 0.00878865
        m5 = 0.247416
        m6 = 0.171652
        Tb = 23237.9
        Tc = 109.765
        Td = 54.8825
        Te = 27.4413
        Tf = 13.7206
#       SitePat  BranchLen
              b 122365.8967295
              e 45528.9294760
              c 47418.8715075
              n 43630.0072221
              w 46469.8660723
            b:e 1449.5194788
            b:c 1693.1284080
            b:n 1085.3019344
            b:w 1197.1486590
            e:c 11835.6781695
            e:n 5070.8488037
            e:w 4311.5350750
            c:n 4691.7989064
            c:w 3676.3591831
            n:w 12159.3052664
          b:e:c 1330.8479944
          b:e:n 583.8433447
          b:e:w 597.5368175
          b:c:n 599.6225848
          b:c:w 582.5942896
          b:n:w 1320.6985787
          e:c:n 4941.9960046
          e:c:w 3888.9520452
          e:n:w 6015.2897116
          c:n:w 5118.4573904
        b:e:c:n 1200.3755068
        b:e:c:w 1079.8021659
        b:e:n:w 1640.9389015
        b:c:n:w 1417.6093390
        e:c:n:w 48668.7712375
