########################################
# legofit: estimate population history #
#       version 2.3.4-4-g53f8760       #
########################################

# Program was compiled: Sep 21 2021 14:36:42
# Program was run: Thu Sep 30 02:06:18 2021

# cmd: legofit -1 -d 0 -t 56 --ptsPerDim 3 --stateOut b1boot43.state --tol 3e-6 -S 5000 bcdef2.lgo ../../chrX/boot_chrX/boot43.opf
# Stage nOptItr nSimReps
#     0    5000        0
# algorithm          : deterministic
# ignoring probs <=  : 0
# Branch length floor: 0
# DE strategy        : 2
#    F               : 0.3
#    CR              : 0.8
#    tolerance       : 3e-06
# nthreads           : 51
# lgo input file     : bcdef2.lgo
# site pat input file: ../../chrX/boot_chrX/boot43.opf
# free parameters    : 17
# points in DE swarm : 51
# output state file  : b1boot43.state
# Including singleton site patterns.
# cost function      : KL
Initial parameter values
Fixed:
      zero = 0
       one = 1
    Tbecnw = 75200
Free:
       pc1 = 0
       pc2 = 0
       pc3 = 0
       pc4 = 0
       pc5 = 0
       pc6 = 0
       pc7 = 0
       pc8 = 0
       pc9 = 0
      pc10 = 0
      pc11 = 0
      pc12 = 0
      pc13 = 0
      pc14 = 0
      pc15 = 0
      pc16 = 0
      pc17 = 0
Constrained:
     Tecnw = 44576.4
       Tnw = 609.137
       Tec = 1667.75
     twoNb = 1.19668e+06
     twoNe = 46767.7
     twoNc = 524380
     twoNn = 240975
     twoNw = 1.57583e+06
    twoNec = 94436.3
    twoNnw = 121576
  twoNecnw = 21595.5
  twoNbecnw = 54960.4
        m2 = 0.0420196
        m3 = 0.181941
        m4 = 0.00499877
        m5 = 0.248027
        m6 = 0.168348
        Tb = 23122.1
        Tc = 304.569
        Td = 152.284
        Te = 76.1421
        Tf = 38.0711
DiffEv reached_goal. cost=2.19221e-03 spread=1.86665e-06
Fitted parameter values
Free:
       pc1 = -2.22932
       pc2 = 0.403936
       pc3 = 1.98279
       pc4 = 1.81077
       pc5 = -0.530608
       pc6 = -1.04165
       pc7 = -1.92775
       pc8 = -0.994024
       pc9 = -0.413124
      pc10 = -1.99177
      pc11 = 1.8589
      pc12 = 0.0037685
      pc13 = -0.45133
      pc14 = 0.155142
      pc15 = 0.0284452
      pc16 = -0.527612
      pc17 = -0.161428
Constrained:
     Tecnw = 45337.1
       Tnw = 46.3333
       Tec = 676.708
     twoNb = 3.04844e+06
     twoNe = 54170.8
     twoNc = 623543
     twoNn = 160583
     twoNw = 2.94732e+06
    twoNec = 94724.4
    twoNnw = 119964
  twoNecnw = 20983.7
  twoNbecnw = 54724.2
        m2 = 0.0502455
        m3 = 0.182942
        m4 = 0.00549241
        m5 = 0.25942
        m6 = 0.170366
        Tb = 23006.9
        Tc = 23.1667
        Td = 11.5833
        Te = 5.79167
        Tf = 2.89583
#       SitePat  BranchLen
              b 121932.8913731
              e 45821.0800391
              c 47865.1634838
              n 43541.8957347
              w 46104.2705291
            b:e 1497.5124172
            b:c 1731.7099716
            b:n 1073.4214446
            b:w 1160.6749721
            e:c 12069.9134851
            e:n 4982.4908989
            e:w 4394.7374232
            c:n 4658.2675250
            c:w 3619.1295788
            n:w 12693.3680499
          b:e:c 1358.9935228
          b:e:n 571.0985395
          b:e:w 592.4954532
          b:c:n 594.6216043
          b:c:w 569.7516763
          b:n:w 1347.7970524
          e:c:n 4711.4389685
          e:c:w 3788.5784063
          e:n:w 6179.6028957
          c:n:w 5219.2545995
        b:e:c:n 1163.9795302
        b:e:c:w 1067.5762065
        b:e:n:w 1681.1417156
        b:c:n:w 1462.2609432
        e:c:n:w 47925.2869209
