########################################
# legofit: estimate population history #
#       version 2.3.4-4-g53f8760       #
########################################

# Program was compiled: Sep 21 2021 14:36:42
# Program was run: Wed Sep 29 22:53:55 2021

# cmd: legofit -1 -d 0 -t 56 --ptsPerDim 3 --stateOut b1boot18.state --tol 3e-6 -S 5000 bcdef2.lgo ../../chrX/boot_chrX/boot18.opf
# Stage nOptItr nSimReps
#     0    5000        0
# algorithm          : deterministic
# ignoring probs <=  : 0
# Branch length floor: 0
# DE strategy        : 2
#    F               : 0.3
#    CR              : 0.8
#    tolerance       : 3e-06
# nthreads           : 51
# lgo input file     : bcdef2.lgo
# site pat input file: ../../chrX/boot_chrX/boot18.opf
# free parameters    : 17
# points in DE swarm : 51
# output state file  : b1boot18.state
# Including singleton site patterns.
# cost function      : KL
Initial parameter values
Fixed:
      zero = 0
       one = 1
    Tbecnw = 75200
Free:
       pc1 = 0
       pc2 = 0
       pc3 = 0
       pc4 = 0
       pc5 = 0
       pc6 = 0
       pc7 = 0
       pc8 = 0
       pc9 = 0
      pc10 = 0
      pc11 = 0
      pc12 = 0
      pc13 = 0
      pc14 = 0
      pc15 = 0
      pc16 = 0
      pc17 = 0
Constrained:
     Tecnw = 44576.4
       Tnw = 609.137
       Tec = 1667.75
     twoNb = 1.19668e+06
     twoNe = 46767.7
     twoNc = 524380
     twoNn = 240975
     twoNw = 1.57583e+06
    twoNec = 94436.3
    twoNnw = 121576
  twoNecnw = 21595.5
  twoNbecnw = 54960.4
        m2 = 0.0420196
        m3 = 0.181941
        m4 = 0.00499877
        m5 = 0.248027
        m6 = 0.168348
        Tb = 23122.1
        Tc = 304.569
        Td = 152.284
        Te = 76.1421
        Tf = 38.0711
DiffEv reached_goal. cost=2.07500e-03 spread=2.78382e-06
Fitted parameter values
Free:
       pc1 = -3.64686
       pc2 = 1.75637
       pc3 = 1.96687
       pc4 = 1.7312
       pc5 = 1.70727
       pc6 = 0.579052
       pc7 = -1.91813
       pc8 = -1.90491
       pc9 = 0.434991
      pc10 = -1.93073
      pc11 = 0.169682
      pc12 = 0.676724
      pc13 = 0.723331
      pc14 = 0.481731
      pc15 = 0.0881752
      pc16 = -0.567136
      pc17 = -0.136061
Constrained:
     Tecnw = 45492.3
       Tnw = 51.8522
       Tec = 2193.37
     twoNb = 2.89483e+06
     twoNe = 47135.5
     twoNc = 438243
     twoNn = 390266
     twoNw = 2.0387e+06
    twoNec = 88151.6
    twoNnw = 127321
  twoNecnw = 20285.4
  twoNbecnw = 56036.2
        m2 = 0.0541498
        m3 = 0.200947
        m4 = 0.00880313
        m5 = 0.257561
        m6 = 0.187434
        Tb = 23842.8
        Tc = 25.9261
        Td = 12.9631
        Te = 6.48153
        Tf = 3.24077
#       SitePat  BranchLen
              b 123185.3592089
              e 45872.9308222
              c 47824.4817593
              n 43747.0705572
              w 46727.5470573
            b:e 1514.1765584
            b:c 1764.9305281
            b:n 1082.2014433
            b:w 1179.8788372
            e:c 11688.6405945
            e:n 5240.8230924
            e:w 4331.4702019
            c:n 4740.9246683
            c:w 3747.7337630
            n:w 12039.1058982
          b:e:c 1320.7137484
          b:e:n 587.8080953
          b:e:w 594.5770947
          b:c:n 597.2070990
          b:c:w 585.8942209
          b:n:w 1308.0432761
          e:c:n 4865.3340452
          e:c:w 3803.0513535
          e:n:w 6101.1855467
          c:n:w 5211.1638967
        b:e:c:n 1183.8469316
        b:e:c:w 1075.0634037
        b:e:n:w 1704.2714623
        b:c:n:w 1474.9069385
        e:c:n:w 49274.9858958
