########################################
# legofit: estimate population history #
#       version 2.3.4-4-g53f8760       #
########################################

# Program was compiled: Sep 21 2021 14:36:42
# Program was run: Thu Sep 30 01:56:46 2021

# cmd: legofit -1 -d 0 -t 56 --ptsPerDim 3 --stateOut b1boot41.state --tol 3e-6 -S 5000 bcdef2.lgo ../../chrX/boot_chrX/boot41.opf
# Stage nOptItr nSimReps
#     0    5000        0
# algorithm          : deterministic
# ignoring probs <=  : 0
# Branch length floor: 0
# DE strategy        : 2
#    F               : 0.3
#    CR              : 0.8
#    tolerance       : 3e-06
# nthreads           : 51
# lgo input file     : bcdef2.lgo
# site pat input file: ../../chrX/boot_chrX/boot41.opf
# free parameters    : 17
# points in DE swarm : 51
# output state file  : b1boot41.state
# Including singleton site patterns.
# cost function      : KL
Initial parameter values
Fixed:
      zero = 0
       one = 1
    Tbecnw = 75200
Free:
       pc1 = 0
       pc2 = 0
       pc3 = 0
       pc4 = 0
       pc5 = 0
       pc6 = 0
       pc7 = 0
       pc8 = 0
       pc9 = 0
      pc10 = 0
      pc11 = 0
      pc12 = 0
      pc13 = 0
      pc14 = 0
      pc15 = 0
      pc16 = 0
      pc17 = 0
Constrained:
     Tecnw = 44576.4
       Tnw = 609.137
       Tec = 1667.75
     twoNb = 1.19668e+06
     twoNe = 46767.7
     twoNc = 524380
     twoNn = 240975
     twoNw = 1.57583e+06
    twoNec = 94436.3
    twoNnw = 121576
  twoNecnw = 21595.5
  twoNbecnw = 54960.4
        m2 = 0.0420196
        m3 = 0.181941
        m4 = 0.00499877
        m5 = 0.248027
        m6 = 0.168348
        Tb = 23122.1
        Tc = 304.569
        Td = 152.284
        Te = 76.1421
        Tf = 38.0711
DiffEv reached_goal. cost=2.05285e-03 spread=2.74694e-06
Fitted parameter values
Free:
       pc1 = -3.30073
       pc2 = 1.11055
       pc3 = 1.9045
       pc4 = 1.9571
       pc5 = 0.972019
       pc6 = 1.76463
       pc7 = -1.85879
       pc8 = -1.28508
       pc9 = 1.51528
      pc10 = -1.85841
      pc11 = 1.99119
      pc12 = -0.0660701
      pc13 = 0.106625
      pc14 = -0.595052
      pc15 = 0.394429
      pc16 = -0.110251
      pc17 = -0.393692
Constrained:
     Tecnw = 45755.2
       Tnw = 139.317
       Tec = 1327.68
     twoNb = 3.04369e+06
     twoNe = 95413.7
     twoNc = 953519
     twoNn = 167712
     twoNw = 1.87226e+06
    twoNec = 94162.5
    twoNnw = 122794
  twoNecnw = 20324.4
  twoNbecnw = 56961.7
        m2 = 0.0486862
        m3 = 0.186776
        m4 = 0.00954762
        m5 = 0.252257
        m6 = 0.177531
        Tb = 23541.4
        Tc = 69.6583
        Td = 34.8292
        Te = 17.4146
        Tf = 8.70729
#       SitePat  BranchLen
              b 123990.5532908
              e 46265.8234052
              c 48169.4708991
              n 43919.6769069
              w 46523.7218051
            b:e 1528.9540701
            b:c 1792.5886342
            b:n 1095.1582038
            b:w 1186.6341359
            e:c 11940.1203459
            e:n 4984.5288592
            e:w 4331.1579884
            c:n 4669.0679861
            c:w 3669.9231248
            n:w 12538.2004697
          b:e:c 1373.5095097
          b:e:n 585.8481283
          b:e:w 602.7810639
          b:c:n 605.0070900
          b:c:w 584.5885401
          b:n:w 1362.2973696
          e:c:n 4747.1936584
          e:c:w 3808.3455280
          e:n:w 6206.2198144
          c:n:w 5256.5883469
        b:e:c:n 1190.0421398
        b:e:c:w 1089.3707863
        b:e:n:w 1735.9876161
        b:c:n:w 1494.0663244
        e:c:n:w 49827.5039894
