########################################
# legofit: estimate population history #
#       version 2.3.4-4-g53f8760       #
########################################

# Program was compiled: Sep 21 2021 14:36:42
# Program was run: Wed Sep 29 22:31:54 2021

# cmd: legofit -1 -d 0 -t 56 --ptsPerDim 3 --stateOut b1boot16.state --tol 3e-6 -S 5000 bcdef2.lgo ../../chrX/boot_chrX/boot16.opf
# Stage nOptItr nSimReps
#     0    5000        0
# algorithm          : deterministic
# ignoring probs <=  : 0
# Branch length floor: 0
# DE strategy        : 2
#    F               : 0.3
#    CR              : 0.8
#    tolerance       : 3e-06
# nthreads           : 51
# lgo input file     : bcdef2.lgo
# site pat input file: ../../chrX/boot_chrX/boot16.opf
# free parameters    : 17
# points in DE swarm : 51
# output state file  : b1boot16.state
# Including singleton site patterns.
# cost function      : KL
Initial parameter values
Fixed:
      zero = 0
       one = 1
    Tbecnw = 75200
Free:
       pc1 = 0
       pc2 = 0
       pc3 = 0
       pc4 = 0
       pc5 = 0
       pc6 = 0
       pc7 = 0
       pc8 = 0
       pc9 = 0
      pc10 = 0
      pc11 = 0
      pc12 = 0
      pc13 = 0
      pc14 = 0
      pc15 = 0
      pc16 = 0
      pc17 = 0
Constrained:
     Tecnw = 44576.4
       Tnw = 609.137
       Tec = 1667.75
     twoNb = 1.19668e+06
     twoNe = 46767.7
     twoNc = 524380
     twoNn = 240975
     twoNw = 1.57583e+06
    twoNec = 94436.3
    twoNnw = 121576
  twoNecnw = 21595.5
  twoNbecnw = 54960.4
        m2 = 0.0420196
        m3 = 0.181941
        m4 = 0.00499877
        m5 = 0.248027
        m6 = 0.168348
        Tb = 23122.1
        Tc = 304.569
        Td = 152.284
        Te = 76.1421
        Tf = 38.0711
DiffEv reached_goal. cost=2.02083e-03 spread=2.67910e-06
Fitted parameter values
Free:
       pc1 = -2.58164
       pc2 = 1.32868
       pc3 = 1.99679
       pc4 = 1.95577
       pc5 = 0.449737
       pc6 = 0.407271
       pc7 = -1.72135
       pc8 = -1.98513
       pc9 = -0.0413912
      pc10 = -1.93075
      pc11 = 1.35714
      pc12 = -0.0892069
      pc13 = -0.350126
      pc14 = 0.136535
      pc15 = -0.133064
      pc16 = -0.112218
      pc17 = -0.168447
Constrained:
     Tecnw = 45746.8
       Tnw = 255.484
       Tec = 1261.83
     twoNb = 2.97859e+06
     twoNe = 60013
     twoNc = 739398
     twoNn = 294574
     twoNw = 2.26905e+06
    twoNec = 92056.8
    twoNnw = 121974
  twoNecnw = 20466.7
  twoNbecnw = 55400
        m2 = 0.0525742
        m3 = 0.192524
        m4 = 0.00728654
        m5 = 0.250233
        m6 = 0.171241
        Tb = 23504.3
        Tc = 127.742
        Td = 63.871
        Te = 31.9355
        Tf = 15.9678
#       SitePat  BranchLen
              b 122530.0689026
              e 46029.6383243
              c 47963.3542180
              n 43856.0157890
              w 46663.8616706
            b:e 1515.2192814
            b:c 1757.7274266
            b:n 1081.5685692
            b:w 1177.1738443
            e:c 12118.3553444
            e:n 5016.3417658
            e:w 4300.8955940
            c:n 4675.8120532
            c:w 3609.5246437
            n:w 12533.8621073
          b:e:c 1364.9941009
          b:e:n 574.9476946
          b:e:w 592.2178312
          b:c:n 594.6306049
          b:c:w 573.3775746
          b:n:w 1352.7456387
          e:c:n 4786.0552007
          e:c:w 3774.1057189
          e:n:w 6119.4883656
          c:n:w 5198.2978923
        b:e:c:n 1180.8575387
        b:e:c:w 1075.0723388
        b:e:n:w 1701.5414355
        b:c:n:w 1477.5658791
        e:c:n:w 48399.9781263
