########################################
# legofit: estimate population history #
#       version 2.3.4-4-g53f8760       #
########################################

# Program was compiled: Sep 21 2021 14:36:42
# Program was run: Thu Sep 30 02:48:48 2021

# cmd: legofit -1 -d 0 -t 56 --ptsPerDim 3 --stateOut b1boot49.state --tol 3e-6 -S 5000 bcdef2.lgo ../../chrX/boot_chrX/boot49.opf
# Stage nOptItr nSimReps
#     0    5000        0
# algorithm          : deterministic
# ignoring probs <=  : 0
# Branch length floor: 0
# DE strategy        : 2
#    F               : 0.3
#    CR              : 0.8
#    tolerance       : 3e-06
# nthreads           : 51
# lgo input file     : bcdef2.lgo
# site pat input file: ../../chrX/boot_chrX/boot49.opf
# free parameters    : 17
# points in DE swarm : 51
# output state file  : b1boot49.state
# Including singleton site patterns.
# cost function      : KL
Initial parameter values
Fixed:
      zero = 0
       one = 1
    Tbecnw = 75200
Free:
       pc1 = 0
       pc2 = 0
       pc3 = 0
       pc4 = 0
       pc5 = 0
       pc6 = 0
       pc7 = 0
       pc8 = 0
       pc9 = 0
      pc10 = 0
      pc11 = 0
      pc12 = 0
      pc13 = 0
      pc14 = 0
      pc15 = 0
      pc16 = 0
      pc17 = 0
Constrained:
     Tecnw = 44576.4
       Tnw = 609.137
       Tec = 1667.75
     twoNb = 1.19668e+06
     twoNe = 46767.7
     twoNc = 524380
     twoNn = 240975
     twoNw = 1.57583e+06
    twoNec = 94436.3
    twoNnw = 121576
  twoNecnw = 21595.5
  twoNbecnw = 54960.4
        m2 = 0.0420196
        m3 = 0.181941
        m4 = 0.00499877
        m5 = 0.248027
        m6 = 0.168348
        Tb = 23122.1
        Tc = 304.569
        Td = 152.284
        Te = 76.1421
        Tf = 38.0711
DiffEv reached_goal. cost=2.04028e-03 spread=2.76988e-06
Fitted parameter values
Free:
       pc1 = -2.59324
       pc2 = 1.00215
       pc3 = 1.98172
       pc4 = 1.62047
       pc5 = 1.0607
       pc6 = -1.71649
       pc7 = -1.38663
       pc8 = -1.9408
       pc9 = 1.4049
      pc10 = -1.99033
      pc11 = 1.58769
      pc12 = 0.658114
      pc13 = 0.446561
      pc14 = 0.490641
      pc15 = 0.41271
      pc16 = -0.240762
      pc17 = -0.219882
Constrained:
     Tecnw = 44938.2
       Tnw = 69.035
       Tec = 1841.27
     twoNb = 2.97136e+06
     twoNe = 74412.2
     twoNc = 542290
     twoNn = 344220
     twoNw = 3.61887e+06
    twoNec = 91909.7
    twoNnw = 128533
  twoNecnw = 21214.2
  twoNbecnw = 56022.4
        m2 = 0.0511661
        m3 = 0.198783
        m4 = 0.00746679
        m5 = 0.256392
        m6 = 0.174944
        Tb = 23389.7
        Tc = 34.5175
        Td = 17.2587
        Te = 8.62937
        Tf = 4.31469
#       SitePat  BranchLen
              b 122966.7261689
              e 46022.9540023
              c 47973.7883089
              n 44034.9381642
              w 46861.9601710
            b:e 1533.5489424
            b:c 1780.0312185
            b:n 1124.6376931
            b:w 1224.4181297
            e:c 11792.3020065
            e:n 5156.0427561
            e:w 4417.8361933
            c:n 4787.0741742
            c:w 3731.3478510
            n:w 12131.3887507
          b:e:c 1360.8602912
          b:e:n 604.7413747
          b:e:w 621.3123236
          b:c:n 623.7445076
          b:c:w 603.1627759
          b:n:w 1349.1485486
          e:c:n 4942.7682089
          e:c:w 3924.0959596
          e:n:w 6158.5719000
          c:n:w 5243.3007849
        b:e:c:n 1228.1494446
        b:e:c:w 1117.9629193
        b:e:n:w 1724.0821434
        b:c:n:w 1496.6400148
        e:c:n:w 48753.9380303
