########################################
# legofit: estimate population history #
#       version 2.3.4-4-g53f8760       #
########################################

# Program was compiled: Sep 21 2021 14:36:42
# Program was run: Thu Sep 30 02:18:06 2021

# cmd: legofit -1 -d 0 -t 56 --ptsPerDim 3 --stateOut b1boot44.state --tol 3e-6 -S 5000 bcdef2.lgo ../../chrX/boot_chrX/boot44.opf
# Stage nOptItr nSimReps
#     0    5000        0
# algorithm          : deterministic
# ignoring probs <=  : 0
# Branch length floor: 0
# DE strategy        : 2
#    F               : 0.3
#    CR              : 0.8
#    tolerance       : 3e-06
# nthreads           : 51
# lgo input file     : bcdef2.lgo
# site pat input file: ../../chrX/boot_chrX/boot44.opf
# free parameters    : 17
# points in DE swarm : 51
# output state file  : b1boot44.state
# Including singleton site patterns.
# cost function      : KL
Initial parameter values
Fixed:
      zero = 0
       one = 1
    Tbecnw = 75200
Free:
       pc1 = 0
       pc2 = 0
       pc3 = 0
       pc4 = 0
       pc5 = 0
       pc6 = 0
       pc7 = 0
       pc8 = 0
       pc9 = 0
      pc10 = 0
      pc11 = 0
      pc12 = 0
      pc13 = 0
      pc14 = 0
      pc15 = 0
      pc16 = 0
      pc17 = 0
Constrained:
     Tecnw = 44576.4
       Tnw = 609.137
       Tec = 1667.75
     twoNb = 1.19668e+06
     twoNe = 46767.7
     twoNc = 524380
     twoNn = 240975
     twoNw = 1.57583e+06
    twoNec = 94436.3
    twoNnw = 121576
  twoNecnw = 21595.5
  twoNbecnw = 54960.4
        m2 = 0.0420196
        m3 = 0.181941
        m4 = 0.00499877
        m5 = 0.248027
        m6 = 0.168348
        Tb = 23122.1
        Tc = 304.569
        Td = 152.284
        Te = 76.1421
        Tf = 38.0711
DiffEv reached_goal. cost=2.05625e-03 spread=2.56573e-06
Fitted parameter values
Free:
       pc1 = -2.58668
       pc2 = 0.946242
       pc3 = 1.99584
       pc4 = 1.68502
       pc5 = 1.03035
       pc6 = -1.1161
       pc7 = -1.78043
       pc8 = -1.41207
       pc9 = 0.229154
      pc10 = -1.98291
      pc11 = 1.9736
      pc12 = 0.423769
      pc13 = 0.025479
      pc14 = -0.660672
      pc15 = 0.408145
      pc16 = -0.215629
      pc17 = 0.187935
Constrained:
     Tecnw = 45095.9
       Tnw = 62.4466
       Tec = 475.325
     twoNb = 3.01594e+06
     twoNe = 97498
     twoNc = 410236
     twoNn = 365144
     twoNw = 3.09221e+06
    twoNec = 93508.1
    twoNnw = 122790
  twoNecnw = 20838.2
  twoNbecnw = 55511
        m2 = 0.0502066
        m3 = 0.189613
        m4 = 0.00732355
        m5 = 0.256729
        m6 = 0.176019
        Tb = 22785.6
        Tc = 31.2233
        Td = 15.6117
        Te = 7.80583
        Tf = 3.90291
#       SitePat  BranchLen
              b 122708.6845384
              e 45670.3014249
              c 47518.9955428
              n 43581.4420232
              w 46229.2275248
            b:e 1498.6997889
            b:c 1736.8733015
            b:n 1080.4082947
            b:w 1168.5406899
            e:c 12039.6101629
            e:n 4973.1680575
            e:w 4364.8261665
            c:n 4727.5897776
            c:w 3656.3826152
            n:w 12409.2834887
          b:e:c 1343.8202573
          b:e:n 573.5226721
          b:e:w 594.7204730
          b:c:n 597.0182598
          b:c:w 572.1494794
          b:n:w 1332.2796947
          e:c:n 4781.5706613
          e:c:w 3826.7498681
          e:n:w 6136.1567357
          c:n:w 5222.3450288
        b:e:c:n 1171.9971207
        b:e:c:w 1074.1200502
        b:e:n:w 1682.4403106
        b:c:n:w 1462.4816241
        e:c:n:w 48866.0528055
