########################################
# legofit: estimate population history #
#       version 2.3.4-4-g53f8760       #
########################################

# Program was compiled: Sep 21 2021 14:36:42
# Program was run: Wed Sep 29 22:11:44 2021

# cmd: legofit -1 -d 0 -t 56 --ptsPerDim 3 --stateOut b1boot14.state --tol 3e-6 -S 5000 bcdef2.lgo ../../chrX/boot_chrX/boot14.opf
# Stage nOptItr nSimReps
#     0    5000        0
# algorithm          : deterministic
# ignoring probs <=  : 0
# Branch length floor: 0
# DE strategy        : 2
#    F               : 0.3
#    CR              : 0.8
#    tolerance       : 3e-06
# nthreads           : 51
# lgo input file     : bcdef2.lgo
# site pat input file: ../../chrX/boot_chrX/boot14.opf
# free parameters    : 17
# points in DE swarm : 51
# output state file  : b1boot14.state
# Including singleton site patterns.
# cost function      : KL
Initial parameter values
Fixed:
      zero = 0
       one = 1
    Tbecnw = 75200
Free:
       pc1 = 0
       pc2 = 0
       pc3 = 0
       pc4 = 0
       pc5 = 0
       pc6 = 0
       pc7 = 0
       pc8 = 0
       pc9 = 0
      pc10 = 0
      pc11 = 0
      pc12 = 0
      pc13 = 0
      pc14 = 0
      pc15 = 0
      pc16 = 0
      pc17 = 0
Constrained:
     Tecnw = 44576.4
       Tnw = 609.137
       Tec = 1667.75
     twoNb = 1.19668e+06
     twoNe = 46767.7
     twoNc = 524380
     twoNn = 240975
     twoNw = 1.57583e+06
    twoNec = 94436.3
    twoNnw = 121576
  twoNecnw = 21595.5
  twoNbecnw = 54960.4
        m2 = 0.0420196
        m3 = 0.181941
        m4 = 0.00499877
        m5 = 0.248027
        m6 = 0.168348
        Tb = 23122.1
        Tc = 304.569
        Td = 152.284
        Te = 76.1421
        Tf = 38.0711
DiffEv reached_goal. cost=1.97079e-03 spread=2.69354e-06
Fitted parameter values
Free:
       pc1 = -1.21917
       pc2 = 0.080103
       pc3 = 1.98296
       pc4 = 0.142269
       pc5 = -0.208435
       pc6 = -1.62379
       pc7 = -1.80833
       pc8 = -0.830497
       pc9 = -0.450201
      pc10 = -1.98099
      pc11 = 0.665371
      pc12 = -0.337021
      pc13 = 0.162452
      pc14 = -0.433262
      pc15 = 0.77417
      pc16 = -0.0429732
      pc17 = -0.0254173
Constrained:
     Tecnw = 44369.6
       Tnw = 109.932
       Tec = 614.066
     twoNb = 2.71276e+06
     twoNe = 53662.7
     twoNc = 635008
     twoNn = 319755
     twoNw = 2.72369e+06
    twoNec = 95008.3
    twoNnw = 125086
  twoNecnw = 21393.2
  twoNbecnw = 54131
        m2 = 0.0460888
        m3 = 0.177971
        m4 = 0.00491545
        m5 = 0.246761
        m6 = 0.180005
        Tb = 22491.8
        Tc = 54.9658
        Td = 27.4829
        Te = 13.7414
        Tf = 6.87072
#       SitePat  BranchLen
              b 121584.6630820
              e 45558.4184409
              c 47050.7363928
              n 43492.8766129
              w 45978.2232863
            b:e 1457.1153561
            b:c 1633.4328827
            b:n 1057.4834811
            b:w 1143.0792708
            e:c 11924.3307151
            e:n 4878.5130334
            e:w 4240.9512069
            c:n 4626.6430654
            c:w 3689.1504562
            n:w 12280.5290150
          b:e:c 1308.8037707
          b:e:n 563.7341466
          b:e:w 577.2712706
          b:c:n 579.3196305
          b:c:w 562.3436122
          b:n:w 1297.4091488
          e:c:n 4744.3776849
          e:c:w 3846.8021080
          e:n:w 5914.8105931
          c:n:w 5211.5588653
        b:e:c:n 1146.4217808
        b:e:c:w 1051.5482244
        b:e:n:w 1581.7921312
        b:c:n:w 1419.4212737
        e:c:n:w 48168.9485995
