########################################
# legofit: estimate population history #
#       version 2.3.4-4-g53f8760       #
########################################

# Program was compiled: Sep 21 2021 14:36:42
# Program was run: Thu Sep 30 00:37:58 2021

# cmd: legofit -1 -d 0 -t 56 --ptsPerDim 3 --stateOut b1boot30.state --tol 3e-6 -S 5000 bcdef2.lgo ../../chrX/boot_chrX/boot30.opf
# Stage nOptItr nSimReps
#     0    5000        0
# algorithm          : deterministic
# ignoring probs <=  : 0
# Branch length floor: 0
# DE strategy        : 2
#    F               : 0.3
#    CR              : 0.8
#    tolerance       : 3e-06
# nthreads           : 51
# lgo input file     : bcdef2.lgo
# site pat input file: ../../chrX/boot_chrX/boot30.opf
# free parameters    : 17
# points in DE swarm : 51
# output state file  : b1boot30.state
# Including singleton site patterns.
# cost function      : KL
Initial parameter values
Fixed:
      zero = 0
       one = 1
    Tbecnw = 75200
Free:
       pc1 = 0
       pc2 = 0
       pc3 = 0
       pc4 = 0
       pc5 = 0
       pc6 = 0
       pc7 = 0
       pc8 = 0
       pc9 = 0
      pc10 = 0
      pc11 = 0
      pc12 = 0
      pc13 = 0
      pc14 = 0
      pc15 = 0
      pc16 = 0
      pc17 = 0
Constrained:
     Tecnw = 44576.4
       Tnw = 609.137
       Tec = 1667.75
     twoNb = 1.19668e+06
     twoNe = 46767.7
     twoNc = 524380
     twoNn = 240975
     twoNw = 1.57583e+06
    twoNec = 94436.3
    twoNnw = 121576
  twoNecnw = 21595.5
  twoNbecnw = 54960.4
        m2 = 0.0420196
        m3 = 0.181941
        m4 = 0.00499877
        m5 = 0.248027
        m6 = 0.168348
        Tb = 23122.1
        Tc = 304.569
        Td = 152.284
        Te = 76.1421
        Tf = 38.0711
DiffEv reached_goal. cost=2.15643e-03 spread=2.27528e-06
Fitted parameter values
Free:
       pc1 = -1.37622
       pc2 = 2.02826
       pc3 = 1.99705
       pc4 = 0.767071
       pc5 = 0.878428
       pc6 = -1.70802
       pc7 = -1.96438
       pc8 = -1.05296
       pc9 = 0.268534
      pc10 = -1.92897
      pc11 = 1.8418
      pc12 = -0.845546
      pc13 = 0.487075
      pc14 = -0.499386
      pc15 = 0.730907
      pc16 = -0.213468
      pc17 = -0.0732265
Constrained:
     Tecnw = 44390.1
       Tnw = 340.695
       Tec = 1665.28
     twoNb = 3.14874e+06
     twoNe = 95151.3
     twoNc = 352185
     twoNn = 393652
     twoNw = 3.08062e+06
    twoNec = 90315.2
    twoNnw = 121027
  twoNecnw = 21041.8
  twoNbecnw = 54550.1
        m2 = 0.0439887
        m3 = 0.187913
        m4 = 0.0076581
        m5 = 0.244652
        m6 = 0.172819
        Tb = 23027.7
        Tc = 170.347
        Td = 85.1737
        Te = 42.5868
        Tf = 21.2934
#       SitePat  BranchLen
              b 122133.3306215
              e 45181.2421751
              c 46913.1075935
              n 43165.5407028
              w 45855.9630772
            b:e 1408.0537031
            b:c 1626.5566539
            b:n 1033.7363186
            b:w 1133.6457408
            e:c 11911.8248560
            e:n 4893.9485396
            e:w 4207.3661861
            c:n 4591.5751492
            c:w 3598.1956485
            n:w 12277.1379054
          b:e:c 1294.8954957
          b:e:n 550.2565696
          b:e:w 564.8995871
          b:c:n 566.7681149
          b:c:w 549.1077130
          b:n:w 1285.2965851
          e:c:n 4790.1856993
          e:c:w 3790.6881169
          e:n:w 5927.8911397
          c:n:w 5089.9719344
        b:e:c:n 1136.5074759
        b:e:c:w 1028.6525005
        b:e:n:w 1579.2208172
        b:c:n:w 1377.5959102
        e:c:n:w 49002.8909453
