########################################
# legofit: estimate population history #
#       version 2.3.4-4-g53f8760       #
########################################

# Program was compiled: Sep 21 2021 14:36:42
# Program was run: Wed Sep 29 17:56:23 2021

# cmd: legofit -1 -d 0 -t 56 --ptsPerDim 3 --stateOut b1boot1.state --tol 3e-6 -S 5000 bcdef2.lgo ../../chrX/boot_chrX/boot1.opf
# Stage nOptItr nSimReps
#     0    5000        0
# algorithm          : deterministic
# ignoring probs <=  : 0
# Branch length floor: 0
# DE strategy        : 2
#    F               : 0.3
#    CR              : 0.8
#    tolerance       : 3e-06
# nthreads           : 51
# lgo input file     : bcdef2.lgo
# site pat input file: ../../chrX/boot_chrX/boot1.opf
# free parameters    : 17
# points in DE swarm : 51
# output state file  : b1boot1.state
# Including singleton site patterns.
# cost function      : KL
Initial parameter values
Fixed:
      zero = 0
       one = 1
    Tbecnw = 75200
Free:
       pc1 = 0
       pc2 = 0
       pc3 = 0
       pc4 = 0
       pc5 = 0
       pc6 = 0
       pc7 = 0
       pc8 = 0
       pc9 = 0
      pc10 = 0
      pc11 = 0
      pc12 = 0
      pc13 = 0
      pc14 = 0
      pc15 = 0
      pc16 = 0
      pc17 = 0
Constrained:
     Tecnw = 44576.4
       Tnw = 609.137
       Tec = 1667.75
     twoNb = 1.19668e+06
     twoNe = 46767.7
     twoNc = 524380
     twoNn = 240975
     twoNw = 1.57583e+06
    twoNec = 94436.3
    twoNnw = 121576
  twoNecnw = 21595.5
  twoNbecnw = 54960.4
        m2 = 0.0420196
        m3 = 0.181941
        m4 = 0.00499877
        m5 = 0.248027
        m6 = 0.168348
        Tb = 23122.1
        Tc = 304.569
        Td = 152.284
        Te = 76.1421
        Tf = 38.0711
DiffEv reached_goal. cost=2.16742e-03 spread=2.77659e-06
Fitted parameter values
Free:
       pc1 = -1.56692
       pc2 = 1.27844
       pc3 = 1.88104
       pc4 = 1.77233
       pc5 = 1.17786
       pc6 = 1.29676
       pc7 = -1.99307
       pc8 = -1.25883
       pc9 = 1.27463
      pc10 = -1.93897
      pc11 = 1.92819
      pc12 = -0.508352
      pc13 = -0.606901
      pc14 = 0.125351
      pc15 = 0.426035
      pc16 = -0.0408427
      pc17 = -0.155353
Constrained:
     Tecnw = 45797.6
       Tnw = 220.865
       Tec = 1096.46
     twoNb = 3.00392e+06
     twoNe = 64932.1
     twoNc = 777917
     twoNn = 244908
     twoNw = 1.91494e+06
    twoNec = 94010.9
    twoNnw = 121160
  twoNecnw = 20949.2
  twoNbecnw = 56148.2
        m2 = 0.0453098
        m3 = 0.190457
        m4 = 0.00973115
        m5 = 0.242916
        m6 = 0.168068
        Tb = 23447.1
        Tc = 110.433
        Td = 55.2163
        Te = 27.6081
        Tf = 13.8041
#       SitePat  BranchLen
              b 123065.4523620
              e 46184.2557491
              c 48114.0054980
              n 44033.0370796
              w 46870.4405921
            b:e 1517.2235596
            b:c 1780.9020973
            b:n 1116.4150899
            b:w 1232.3679242
            e:c 12336.4743972
            e:n 5027.9285773
            e:w 4313.9301934
            c:n 4700.2652336
            c:w 3642.1845659
            n:w 12785.6791866
          b:e:c 1421.5729060
          b:e:n 595.6562088
          b:e:w 613.0437333
          b:c:n 615.2104675
          b:c:w 594.4789008
          b:n:w 1410.7351132
          e:c:n 4897.1835123
          e:c:w 3843.9605537
          e:n:w 6149.0005498
          c:n:w 5195.6424201
        b:e:c:n 1235.7602881
        b:e:c:w 1111.0499936
        b:e:n:w 1726.1771074
        b:c:n:w 1484.5264955
        e:c:n:w 48547.3549176
