########################################
# legofit: estimate population history #
#       version 2.3.4-4-g53f8760       #
########################################

# Program was compiled: Sep 21 2021 14:36:42
# Program was run: Wed Sep 29 21:30:13 2021

# cmd: legofit -1 -d 0 -t 56 --ptsPerDim 3 --stateOut b1boot10.state --tol 3e-6 -S 5000 bcdef2.lgo ../../chrX/boot_chrX/boot10.opf
# Stage nOptItr nSimReps
#     0    5000        0
# algorithm          : deterministic
# ignoring probs <=  : 0
# Branch length floor: 0
# DE strategy        : 2
#    F               : 0.3
#    CR              : 0.8
#    tolerance       : 3e-06
# nthreads           : 51
# lgo input file     : bcdef2.lgo
# site pat input file: ../../chrX/boot_chrX/boot10.opf
# free parameters    : 17
# points in DE swarm : 51
# output state file  : b1boot10.state
# Including singleton site patterns.
# cost function      : KL
Initial parameter values
Fixed:
      zero = 0
       one = 1
    Tbecnw = 75200
Free:
       pc1 = 0
       pc2 = 0
       pc3 = 0
       pc4 = 0
       pc5 = 0
       pc6 = 0
       pc7 = 0
       pc8 = 0
       pc9 = 0
      pc10 = 0
      pc11 = 0
      pc12 = 0
      pc13 = 0
      pc14 = 0
      pc15 = 0
      pc16 = 0
      pc17 = 0
Constrained:
     Tecnw = 44576.4
       Tnw = 609.137
       Tec = 1667.75
     twoNb = 1.19668e+06
     twoNe = 46767.7
     twoNc = 524380
     twoNn = 240975
     twoNw = 1.57583e+06
    twoNec = 94436.3
    twoNnw = 121576
  twoNecnw = 21595.5
  twoNbecnw = 54960.4
        m2 = 0.0420196
        m3 = 0.181941
        m4 = 0.00499877
        m5 = 0.248027
        m6 = 0.168348
        Tb = 23122.1
        Tc = 304.569
        Td = 152.284
        Te = 76.1421
        Tf = 38.0711
DiffEv reached_goal. cost=2.00058e-03 spread=2.76242e-06
Fitted parameter values
Free:
       pc1 = -0.644031
       pc2 = -0.15518
       pc3 = 1.96091
       pc4 = 0.57638
       pc5 = 1.41877
       pc6 = -1.17965
       pc7 = -0.805372
       pc8 = -0.0944924
       pc9 = 1.03646
      pc10 = -1.9624
      pc11 = 1.98092
      pc12 = 0.134445
      pc13 = 0.0932465
      pc14 = 0.0271817
      pc15 = 0.857787
      pc16 = 0.101732
      pc17 = 0.186695
Constrained:
     Tecnw = 44462.5
       Tnw = 3.06548
       Tec = 395.954
     twoNb = 2.68811e+06
     twoNe = 78745.7
     twoNc = 269040
     twoNn = 346266
     twoNw = 2.58783e+06
    twoNec = 96754.6
    twoNnw = 128191
  twoNecnw = 21981.6
  twoNbecnw = 55897.5
        m2 = 0.0414831
        m3 = 0.184154
        m4 = 0.0068408
        m5 = 0.251084
        m6 = 0.167487
        Tb = 22429.3
        Tc = 1.53274
        Td = 0.76637
        Te = 0.383185
        Tf = 0.191592
#       SitePat  BranchLen
              b 122870.9902320
              e 45725.4085224
              c 47549.2455530
              n 44017.8088987
              w 46657.7221161
            b:e 1492.8869391
            b:c 1723.3114389
            b:n 1136.4347718
            b:w 1244.9234717
            e:c 12157.9237853
            e:n 5005.5746678
            e:w 4405.8240137
            c:n 4750.1326072
            c:w 3700.6612946
            n:w 12370.2204071
          b:e:c 1391.6632840
          b:e:n 605.2552364
          b:e:w 626.5108218
          b:c:n 628.6242616
          b:c:w 604.1103104
          b:n:w 1380.8642504
          e:c:n 4978.9519074
          e:c:w 4000.4929277
          e:n:w 6072.1249147
          c:n:w 5189.0012171
        b:e:c:n 1248.3227251
        b:e:c:w 1130.8601199
        b:e:n:w 1669.9855668
        b:c:n:w 1458.4840000
        e:c:n:w 48701.4419978
