########################################
# legofit: estimate population history #
#       version 2.3.4-4-g53f8760       #
########################################

# Program was compiled: Sep 21 2021 14:36:42
# Program was run: Wed Sep 29 19:00:12 2021

# cmd: legofit -1 -d 0 -t 56 --ptsPerDim 3 --stateOut b1boot4.state --tol 3e-6 -S 5000 bcdef2.lgo ../../chrX/boot_chrX/boot4.opf
# Stage nOptItr nSimReps
#     0    5000        0
# algorithm          : deterministic
# ignoring probs <=  : 0
# Branch length floor: 0
# DE strategy        : 2
#    F               : 0.3
#    CR              : 0.8
#    tolerance       : 3e-06
# nthreads           : 51
# lgo input file     : bcdef2.lgo
# site pat input file: ../../chrX/boot_chrX/boot4.opf
# free parameters    : 17
# points in DE swarm : 51
# output state file  : b1boot4.state
# Including singleton site patterns.
# cost function      : KL
Initial parameter values
Fixed:
      zero = 0
       one = 1
    Tbecnw = 75200
Free:
       pc1 = 0
       pc2 = 0
       pc3 = 0
       pc4 = 0
       pc5 = 0
       pc6 = 0
       pc7 = 0
       pc8 = 0
       pc9 = 0
      pc10 = 0
      pc11 = 0
      pc12 = 0
      pc13 = 0
      pc14 = 0
      pc15 = 0
      pc16 = 0
      pc17 = 0
Constrained:
     Tecnw = 44576.4
       Tnw = 609.137
       Tec = 1667.75
     twoNb = 1.19668e+06
     twoNe = 46767.7
     twoNc = 524380
     twoNn = 240975
     twoNw = 1.57583e+06
    twoNec = 94436.3
    twoNnw = 121576
  twoNecnw = 21595.5
  twoNbecnw = 54960.4
        m2 = 0.0420196
        m3 = 0.181941
        m4 = 0.00499877
        m5 = 0.248027
        m6 = 0.168348
        Tb = 23122.1
        Tc = 304.569
        Td = 152.284
        Te = 76.1421
        Tf = 38.0711
DiffEv reached_goal. cost=2.06974e-03 spread=2.46768e-06
Fitted parameter values
Free:
       pc1 = -0.743627
       pc2 = 0.712477
       pc3 = 1.99139
       pc4 = 1.80352
       pc5 = 1.40686
       pc6 = 0.0226917
       pc7 = -1.99779
       pc8 = -1.40968
       pc9 = 1.26301
      pc10 = -1.92876
      pc11 = 1.285
      pc12 = -0.419621
      pc13 = 0.187836
      pc14 = 0.252963
      pc15 = -0.0993934
      pc16 = -0.313479
      pc17 = -0.0984702
Constrained:
     Tecnw = 44991.5
       Tnw = 143.542
       Tec = 906.344
     twoNb = 2.80712e+06
     twoNe = 22793.4
     twoNc = 508372
     twoNn = 305258
     twoNw = 2.57485e+06
    twoNec = 95035.3
    twoNnw = 123685
  twoNecnw = 21026.2
  twoNbecnw = 55942.1
        m2 = 0.0453197
        m3 = 0.193413
        m4 = 0.00919185
        m5 = 0.242494
        m6 = 0.166949
        Tb = 22948.9
        Tc = 71.7709
        Td = 35.8855
        Te = 17.9427
        Tf = 8.97137
#       SitePat  BranchLen
              b 123076.5473266
              e 45644.7110279
              c 47666.3213980
              n 43623.8373058
              w 46566.4965246
            b:e 1482.5894347
            b:c 1742.9185631
            b:n 1088.9745538
            b:w 1200.8985993
            e:c 12043.8554360
            e:n 5120.9018380
            e:w 4274.6275531
            c:n 4656.2623429
            c:w 3638.0479713
            n:w 12411.1659542
          b:e:c 1359.9267070
          b:e:n 586.8936622
          b:e:w 597.4917657
          b:c:n 599.7820080
          b:c:w 585.4578521
          b:n:w 1348.5299791
          e:c:n 4907.9085001
          e:c:w 3843.0171523
          e:n:w 6097.6820131
          c:n:w 5153.6747099
        b:e:c:n 1204.4826073
        b:e:c:w 1083.0053997
        b:e:n:w 1684.5651734
        b:c:n:w 1446.9976226
        e:c:n:w 49157.4029842
