########################################
# legofit: estimate population history #
#       version 2.3.4-4-g53f8760       #
########################################

# Program was compiled: Sep 21 2021 14:36:42
# Program was run: Wed Sep 29 20:09:35 2021

# cmd: legofit -1 -d 0 -t 56 --ptsPerDim 3 --stateOut b1boot7.state --tol 3e-6 -S 5000 bcdef2.lgo ../../chrX/boot_chrX/boot7.opf
# Stage nOptItr nSimReps
#     0    5000        0
# algorithm          : deterministic
# ignoring probs <=  : 0
# Branch length floor: 0
# DE strategy        : 2
#    F               : 0.3
#    CR              : 0.8
#    tolerance       : 3e-06
# nthreads           : 51
# lgo input file     : bcdef2.lgo
# site pat input file: ../../chrX/boot_chrX/boot7.opf
# free parameters    : 17
# points in DE swarm : 51
# output state file  : b1boot7.state
# Including singleton site patterns.
# cost function      : KL
Initial parameter values
Fixed:
      zero = 0
       one = 1
    Tbecnw = 75200
Free:
       pc1 = 0
       pc2 = 0
       pc3 = 0
       pc4 = 0
       pc5 = 0
       pc6 = 0
       pc7 = 0
       pc8 = 0
       pc9 = 0
      pc10 = 0
      pc11 = 0
      pc12 = 0
      pc13 = 0
      pc14 = 0
      pc15 = 0
      pc16 = 0
      pc17 = 0
Constrained:
     Tecnw = 44576.4
       Tnw = 609.137
       Tec = 1667.75
     twoNb = 1.19668e+06
     twoNe = 46767.7
     twoNc = 524380
     twoNn = 240975
     twoNw = 1.57583e+06
    twoNec = 94436.3
    twoNnw = 121576
  twoNecnw = 21595.5
  twoNbecnw = 54960.4
        m2 = 0.0420196
        m3 = 0.181941
        m4 = 0.00499877
        m5 = 0.248027
        m6 = 0.168348
        Tb = 23122.1
        Tc = 304.569
        Td = 152.284
        Te = 76.1421
        Tf = 38.0711
DiffEv reached_goal. cost=2.14578e-03 spread=2.94529e-06
Fitted parameter values
Free:
       pc1 = -3.63825
       pc2 = 1.97005
       pc3 = 1.99627
       pc4 = 1.41174
       pc5 = 0.472157
       pc6 = -1.64749
       pc7 = -1.79345
       pc8 = -1.26476
       pc9 = 0.84017
      pc10 = -1.85555
      pc11 = 1.36336
      pc12 = -0.324407
      pc13 = -0.0775248
      pc14 = 0.717175
      pc15 = 0.862355
      pc16 = 0.1293
      pc17 = -0.0661512
Constrained:
     Tecnw = 45458.3
       Tnw = 8.85926
       Tec = 2552.73
     twoNb = 3.22254e+06
     twoNe = 100499
     twoNc = 452112
     twoNn = 218765
     twoNw = 3.33448e+06
    twoNec = 84214.1
    twoNnw = 127703
  twoNecnw = 21036.5
  twoNbecnw = 55127
        m2 = 0.0504268
        m3 = 0.190505
        m4 = 0.0070455
        m5 = 0.253348
        m6 = 0.180214
        Tb = 24005.5
        Tc = 4.42963
        Td = 2.21481
        Te = 1.10741
        Tf = 0.553703
#       SitePat  BranchLen
              b 122208.7556361
              e 45825.8456482
              c 47621.0696709
              n 44051.5267658
              w 46967.8980010
            b:e 1492.6196042
            b:c 1714.8954013
            b:n 1107.3485551
            b:w 1224.0893786
            e:c 12245.0157569
            e:n 5085.7438904
            e:w 4319.7713636
            c:n 4730.7082616
            c:w 3697.4062230
            n:w 12371.9069602
          b:e:c 1381.8906546
          b:e:n 588.8380516
          b:e:w 603.1529308
          b:c:n 605.2627595
          b:c:w 587.4280638
          b:n:w 1371.0241377
          e:c:n 4978.6762266
          e:c:w 3873.8120687
          e:n:w 5980.5343019
          c:n:w 5146.0136706
        b:e:c:n 1227.4217036
        b:e:c:w 1101.9681848
        b:e:n:w 1666.5633613
        b:c:n:w 1460.2851015
        e:c:n:w 47969.6897771
