########################################
# legofit: estimate population history #
#       version 2.3.4-4-g53f8760       #
########################################

# Program was compiled: Sep 21 2021 14:36:42
# Program was run: Mon Oct 11 13:03:57 2021

# cmd: legofit -1 -d 0 -t 32 --ptsPerDim 3 --stateOut b1.state --tol 3e-6 -S 5000 abef2.lgo ../../pan.opf
# Stage nOptItr nSimReps
#     0    5000        0
# algorithm          : deterministic
# ignoring probs <=  : 0
# Branch length floor: 0
# DE strategy        : 2
#    F               : 0.3
#    CR              : 0.8
#    tolerance       : 3e-06
# nthreads           : 32
# lgo input file     : abef2.lgo
# site pat input file: ../../pan.opf
# free parameters    : 17
# points in DE swarm : 51
# output state file  : b1.state
# Including singleton site patterns.
# cost function      : KL
Initial parameter values
Fixed:
      zero = 0
       one = 1
    Tbecnw = 75200
Free:
       pc1 = 0
       pc2 = 0
       pc3 = 0
       pc4 = 0
       pc5 = 0
       pc6 = 0
       pc7 = 0
       pc8 = 0
       pc9 = 0
      pc10 = 0
      pc11 = 0
      pc12 = 0
      pc13 = 0
      pc14 = 0
      pc15 = 0
      pc16 = 0
      pc17 = 0
Constrained:
   Tgbecnw = 121172
     Tecnw = 27725.5
       Tnw = 10755.9
       Tec = 19739.5
     twoNb = 1.25688e+06
     twoNe = 890239
     twoNc = 1.02402e+06
     twoNw = 1.14702e+06
    twoNec = 47602
    twoNnw = 89642.3
  twoNecnw = 80198.5
  twoNbecnw = 18870.7
  twoNgbecnw = 244697
         m = 0.160418
        m2 = 0.0279712
        m5 = 0.209667
        m6 = 0.0348864
        Tb = 23732.5
        Ta = 49466.2
        Te = 9869.73
        Tf = 4934.86
DiffEv reached_goal. cost=1.81031e-03 spread=2.82347e-06
Fitted parameter values
Free:
       pc1 = 1.05021
       pc2 = 3.17497
       pc3 = -3.93101
       pc4 = 1.96519
       pc5 = 1.93194
       pc6 = -0.586163
       pc7 = -1.82377
       pc8 = 0.301192
       pc9 = 0.637445
      pc10 = 0.479603
      pc11 = 0.572206
      pc12 = -0.255358
      pc13 = -0.292477
      pc14 = -0.00197646
      pc15 = 0.0118636
      pc16 = -0.00343303
      pc17 = -0.0548756
Constrained:
   Tgbecnw = 105678
     Tecnw = 27076.8
       Tnw = 11093.9
       Tec = 18978.9
     twoNb = 458620
     twoNe = 1.70401e+06
     twoNc = 2.17235e+06
     twoNw = 1.89145e+06
    twoNec = 41188.9
    twoNnw = 80107.2
  twoNecnw = 74491
  twoNbecnw = 11748.1
  twoNgbecnw = 311105
         m = 0.106905
        m2 = 0.0290351
        m5 = 0.245992
        m6 = 0.0751499
        Tb = 23027.9
        Ta = 49113.9
        Te = 9489.47
        Tf = 4744.73
#       SitePat  BranchLen
              b 129167.1691352
              e 50085.8162699
              c 52734.8189504
              n 47519.3593997
              w 47499.1574466
            b:e 2238.7630608
            b:c 2543.1563257
            b:n 1831.2831396
            b:w 1829.9258192
            e:c 10807.5153627
            e:n 5771.1285769
            e:w 5777.4264653
            c:n 5015.5696044
            c:w 5024.7512224
            n:w 13019.9326290
          b:e:c 2094.2732856
          b:e:n 1112.8548532
          b:e:w 1112.6669274
          b:c:n 1121.2726750
          b:c:w 1121.3502056
          b:n:w 2090.0709327
          e:c:n 4821.7386526
          e:c:w 4826.4610992
          e:n:w 6655.6155180
          c:n:w 5593.8183789
        b:e:c:n 2070.4523207
        b:e:c:w 2071.9200362
        b:e:n:w 3224.0017337
        b:c:n:w 2823.5359893
        e:c:n:w 53782.0625414
