########################################
# legofit: estimate population history #
#       version 2.3.4-4-g53f8760       #
########################################

# Program was compiled: Sep 21 2021 14:36:42
# Program was run: Mon Oct 11 13:21:04 2021

# cmd: legofit -1 -d 0 -t 32 --ptsPerDim 3 --stateOut b1boot31.state --tol 3e-6 -S 5000 abef2.lgo ../../boot/boot31.opf
# Stage nOptItr nSimReps
#     0    5000        0
# algorithm          : deterministic
# ignoring probs <=  : 0
# Branch length floor: 0
# DE strategy        : 2
#    F               : 0.3
#    CR              : 0.8
#    tolerance       : 3e-06
# nthreads           : 32
# lgo input file     : abef2.lgo
# site pat input file: ../../boot/boot31.opf
# free parameters    : 17
# points in DE swarm : 51
# output state file  : b1boot31.state
# Including singleton site patterns.
# cost function      : KL
Initial parameter values
Fixed:
      zero = 0
       one = 1
    Tbecnw = 75200
Free:
       pc1 = 0
       pc2 = 0
       pc3 = 0
       pc4 = 0
       pc5 = 0
       pc6 = 0
       pc7 = 0
       pc8 = 0
       pc9 = 0
      pc10 = 0
      pc11 = 0
      pc12 = 0
      pc13 = 0
      pc14 = 0
      pc15 = 0
      pc16 = 0
      pc17 = 0
Constrained:
   Tgbecnw = 121172
     Tecnw = 27725.5
       Tnw = 10755.9
       Tec = 19739.5
     twoNb = 1.25688e+06
     twoNe = 890239
     twoNc = 1.02402e+06
     twoNw = 1.14702e+06
    twoNec = 47602
    twoNnw = 89642.3
  twoNecnw = 80198.5
  twoNbecnw = 18870.7
  twoNgbecnw = 244697
         m = 0.160418
        m2 = 0.0279712
        m5 = 0.209667
        m6 = 0.0348864
        Tb = 23732.5
        Ta = 49466.2
        Te = 9869.73
        Tf = 4934.86
DiffEv reached_goal. cost=1.79512e-03 spread=2.12118e-06
Fitted parameter values
Free:
       pc1 = 1.28886
       pc2 = 2.95439
       pc3 = -3.72873
       pc4 = 1.95375
       pc5 = 1.84634
       pc6 = 0.696382
       pc7 = -1.82097
       pc8 = 0.250965
       pc9 = 0.428561
      pc10 = -0.166307
      pc11 = 0.191592
      pc12 = -0.26606
      pc13 = -0.110562
      pc14 = -0.0578138
      pc15 = -0.0176281
      pc16 = 0.0706691
      pc17 = -0.00285667
Constrained:
   Tgbecnw = 106012
     Tecnw = 27207.6
       Tnw = 10672.7
       Tec = 19781
     twoNb = 491211
     twoNe = 1.41447e+06
     twoNc = 493058
     twoNw = 1.93285e+06
    twoNec = 38368.8
    twoNnw = 83377.5
  twoNecnw = 73277.7
  twoNbecnw = 11906.6
  twoNgbecnw = 313707
         m = 0.104027
        m2 = 0.0286696
        m5 = 0.241917
        m6 = 0.0742762
        Tb = 23494.3
        Ta = 49347.2
        Te = 9890.52
        Tf = 4945.26
#       SitePat  BranchLen
              b 128954.7269436
              e 50140.6892903
              c 52727.5909766
              n 47460.0644275
              w 47446.0429628
            b:e 2247.9236841
            b:c 2543.5827638
            b:n 1847.4969399
            b:w 1846.5518317
            e:c 10721.5300686
            e:n 5766.5455363
            e:w 5768.4147638
            c:n 5026.0731964
            c:w 5034.9243939
            n:w 13016.1970854
          b:e:c 2105.5173410
          b:e:n 1122.7607933
          b:e:w 1122.3464217
          b:c:n 1130.6181288
          b:c:w 1130.9577443
          b:n:w 2102.1409400
          e:c:n 4849.8712517
          e:c:w 4853.1722913
          e:n:w 6661.2264061
          c:n:w 5626.7334537
        b:e:c:n 2085.0134359
        b:e:c:w 2086.0333001
        b:e:n:w 3226.8770284
        b:c:n:w 2836.3032172
        e:c:n:w 53630.9291492
