########################################
# legofit: estimate population history #
#       version 2.3.4-4-g53f8760       #
########################################

# Program was compiled: Sep 21 2021 14:36:42
# Program was run: Mon Oct 11 13:07:24 2021

# cmd: legofit -1 -d 0 -t 32 --ptsPerDim 3 --stateOut b1boot7.state --tol 3e-6 -S 5000 abef2.lgo ../../boot/boot7.opf
# Stage nOptItr nSimReps
#     0    5000        0
# algorithm          : deterministic
# ignoring probs <=  : 0
# Branch length floor: 0
# DE strategy        : 2
#    F               : 0.3
#    CR              : 0.8
#    tolerance       : 3e-06
# nthreads           : 32
# lgo input file     : abef2.lgo
# site pat input file: ../../boot/boot7.opf
# free parameters    : 17
# points in DE swarm : 51
# output state file  : b1boot7.state
# Including singleton site patterns.
# cost function      : KL
Initial parameter values
Fixed:
      zero = 0
       one = 1
    Tbecnw = 75200
Free:
       pc1 = 0
       pc2 = 0
       pc3 = 0
       pc4 = 0
       pc5 = 0
       pc6 = 0
       pc7 = 0
       pc8 = 0
       pc9 = 0
      pc10 = 0
      pc11 = 0
      pc12 = 0
      pc13 = 0
      pc14 = 0
      pc15 = 0
      pc16 = 0
      pc17 = 0
Constrained:
   Tgbecnw = 121172
     Tecnw = 27725.5
       Tnw = 10755.9
       Tec = 19739.5
     twoNb = 1.25688e+06
     twoNe = 890239
     twoNc = 1.02402e+06
     twoNw = 1.14702e+06
    twoNec = 47602
    twoNnw = 89642.3
  twoNecnw = 80198.5
  twoNbecnw = 18870.7
  twoNgbecnw = 244697
         m = 0.160418
        m2 = 0.0279712
        m5 = 0.209667
        m6 = 0.0348864
        Tb = 23732.5
        Ta = 49466.2
        Te = 9869.73
        Tf = 4934.86
DiffEv reached_goal. cost=1.82500e-03 spread=2.21145e-06
Fitted parameter values
Free:
       pc1 = 0.782845
       pc2 = 3.14179
       pc3 = -3.84494
       pc4 = 1.9677
       pc5 = 1.8654
       pc6 = 0.224569
       pc7 = -1.20669
       pc8 = 0.209801
       pc9 = 0.630283
      pc10 = 0.747528
      pc11 = 0.406751
      pc12 = -0.341949
      pc13 = -0.083342
      pc14 = -0.0492879
      pc15 = -0.00289182
      pc16 = 0.0608612
      pc17 = -0.0833161
Constrained:
   Tgbecnw = 106015
     Tecnw = 26993
       Tnw = 11164.8
       Tec = 19428.8
     twoNb = 497639
     twoNe = 1.94873e+06
     twoNc = 1.07592e+06
     twoNw = 1.78075e+06
    twoNec = 39305.3
    twoNnw = 80185.6
  twoNecnw = 74693.3
  twoNbecnw = 12005.1
  twoNgbecnw = 302471
         m = 0.111417
        m2 = 0.0294811
        m5 = 0.238411
        m6 = 0.0728248
        Tb = 23210.9
        Ta = 49205.5
        Te = 9714.4
        Tf = 4857.2
#       SitePat  BranchLen
              b 129761.4447541
              e 50301.5323847
              c 52857.7327624
              n 47638.2616811
              w 47618.4208420
            b:e 2252.9870880
            b:c 2546.2793509
            b:n 1839.1319622
            b:w 1837.7949113
            e:c 10796.6633829
            e:n 5770.4024462
            e:w 5776.0070971
            c:n 5042.5741210
            c:w 5052.1550125
            n:w 13034.5605552
          b:e:c 2097.5972888
          b:e:n 1117.6887164
          b:e:w 1117.4397782
          b:c:n 1125.5839867
          b:c:w 1125.7254669
          b:n:w 2096.4207635
          e:c:n 4844.5372037
          e:c:w 4849.1925003
          e:n:w 6658.2145983
          c:n:w 5634.8297610
        b:e:c:n 2076.8258829
        b:e:c:w 2078.2703918
        b:e:n:w 3248.9357614
        b:c:n:w 2858.3273516
        e:c:n:w 54194.1592268
