########################################
# legofit: estimate population history #
#       version 2.3.4-4-g53f8760       #
########################################

# Program was compiled: Sep 21 2021 14:36:42
# Program was run: Mon Oct 11 13:07:43 2021

# cmd: legofit -1 -d 0 -t 32 --ptsPerDim 3 --stateOut b1boot9.state --tol 3e-6 -S 5000 abef2.lgo ../../boot/boot9.opf
# Stage nOptItr nSimReps
#     0    5000        0
# algorithm          : deterministic
# ignoring probs <=  : 0
# Branch length floor: 0
# DE strategy        : 2
#    F               : 0.3
#    CR              : 0.8
#    tolerance       : 3e-06
# nthreads           : 32
# lgo input file     : abef2.lgo
# site pat input file: ../../boot/boot9.opf
# free parameters    : 17
# points in DE swarm : 51
# output state file  : b1boot9.state
# Including singleton site patterns.
# cost function      : KL
Initial parameter values
Fixed:
      zero = 0
       one = 1
    Tbecnw = 75200
Free:
       pc1 = 0
       pc2 = 0
       pc3 = 0
       pc4 = 0
       pc5 = 0
       pc6 = 0
       pc7 = 0
       pc8 = 0
       pc9 = 0
      pc10 = 0
      pc11 = 0
      pc12 = 0
      pc13 = 0
      pc14 = 0
      pc15 = 0
      pc16 = 0
      pc17 = 0
Constrained:
   Tgbecnw = 121172
     Tecnw = 27725.5
       Tnw = 10755.9
       Tec = 19739.5
     twoNb = 1.25688e+06
     twoNe = 890239
     twoNc = 1.02402e+06
     twoNw = 1.14702e+06
    twoNec = 47602
    twoNnw = 89642.3
  twoNecnw = 80198.5
  twoNbecnw = 18870.7
  twoNgbecnw = 244697
         m = 0.160418
        m2 = 0.0279712
        m5 = 0.209667
        m6 = 0.0348864
        Tb = 23732.5
        Ta = 49466.2
        Te = 9869.73
        Tf = 4934.86
DiffEv reached_goal. cost=1.80606e-03 spread=2.96850e-06
Fitted parameter values
Free:
       pc1 = 0.505833
       pc2 = 3.58012
       pc3 = -3.9268
       pc4 = 1.96919
       pc5 = 1.89873
       pc6 = 0.288141
       pc7 = -1.97023
       pc8 = 0.56261
       pc9 = 0.744476
      pc10 = 1.22521
      pc11 = 0.24522
      pc12 = -0.413924
      pc13 = -0.087186
      pc14 = -0.0128589
      pc15 = -0.072866
      pc16 = 0.0175158
      pc17 = -0.112161
Constrained:
   Tgbecnw = 104104
     Tecnw = 27084.6
       Tnw = 11666.6
       Tec = 19175
     twoNb = 551788
     twoNe = 1.188e+06
     twoNc = 993097
     twoNw = 1.89473e+06
    twoNec = 40275.2
    twoNnw = 76425.1
  twoNecnw = 74821.2
  twoNbecnw = 11496.7
  twoNgbecnw = 291091
         m = 0.11493
        m2 = 0.0296396
        m5 = 0.242547
        m6 = 0.0780727
        Tb = 23129.8
        Ta = 49164.9
        Te = 9587.5
        Tf = 4793.75
#       SitePat  BranchLen
              b 129162.6431629
              e 50255.4929559
              c 52823.9415247
              n 47575.9438479
              w 47552.0489996
            b:e 2242.6662386
            b:c 2536.5639931
            b:n 1832.0676763
            b:w 1830.4495195
            e:c 10816.2965297
            e:n 5746.8446844
            e:w 5755.2117438
            c:n 5020.2777113
            c:w 5030.1993146
            n:w 13044.4144994
          b:e:c 2100.7380165
          b:e:n 1113.8016243
          b:e:w 1113.6846585
          b:c:n 1121.8680059
          b:c:w 1121.8534504
          b:n:w 2101.2814309
          e:c:n 4815.3108367
          e:c:w 4820.9170222
          e:n:w 6663.4385414
          c:n:w 5628.7620135
        b:e:c:n 2070.3424933
        b:e:c:w 2072.0921714
        b:e:n:w 3244.8100684
        b:c:n:w 2852.4844405
        e:c:n:w 53685.6996783
