########################################
# legofit: estimate population history #
#       version 2.3.4-4-g53f8760       #
########################################

# Program was compiled: Sep 21 2021 14:36:42
# Program was run: Mon Oct 11 13:21:01 2021

# cmd: legofit -1 -d 0 -t 32 --ptsPerDim 3 --stateOut b1boot30.state --tol 3e-6 -S 5000 abef2.lgo ../../boot/boot30.opf
# Stage nOptItr nSimReps
#     0    5000        0
# algorithm          : deterministic
# ignoring probs <=  : 0
# Branch length floor: 0
# DE strategy        : 2
#    F               : 0.3
#    CR              : 0.8
#    tolerance       : 3e-06
# nthreads           : 32
# lgo input file     : abef2.lgo
# site pat input file: ../../boot/boot30.opf
# free parameters    : 17
# points in DE swarm : 51
# output state file  : b1boot30.state
# Including singleton site patterns.
# cost function      : KL
Initial parameter values
Fixed:
      zero = 0
       one = 1
    Tbecnw = 75200
Free:
       pc1 = 0
       pc2 = 0
       pc3 = 0
       pc4 = 0
       pc5 = 0
       pc6 = 0
       pc7 = 0
       pc8 = 0
       pc9 = 0
      pc10 = 0
      pc11 = 0
      pc12 = 0
      pc13 = 0
      pc14 = 0
      pc15 = 0
      pc16 = 0
      pc17 = 0
Constrained:
   Tgbecnw = 121172
     Tecnw = 27725.5
       Tnw = 10755.9
       Tec = 19739.5
     twoNb = 1.25688e+06
     twoNe = 890239
     twoNc = 1.02402e+06
     twoNw = 1.14702e+06
    twoNec = 47602
    twoNnw = 89642.3
  twoNecnw = 80198.5
  twoNbecnw = 18870.7
  twoNgbecnw = 244697
         m = 0.160418
        m2 = 0.0279712
        m5 = 0.209667
        m6 = 0.0348864
        Tb = 23732.5
        Ta = 49466.2
        Te = 9869.73
        Tf = 4934.86
DiffEv reached_goal. cost=1.83500e-03 spread=2.48534e-06
Fitted parameter values
Free:
       pc1 = 0.170527
       pc2 = 2.8306
       pc3 = -3.92906
       pc4 = 1.94762
       pc5 = 0.827462
       pc6 = -0.869976
       pc7 = -1.98379
       pc8 = 0.123522
       pc9 = 0.473257
      pc10 = 0.859833
      pc11 = 0.219347
      pc12 = -0.253277
      pc13 = -0.0919938
      pc14 = -0.0066488
      pc15 = -0.116994
      pc16 = 0.0155489
      pc17 = -0.103814
Constrained:
   Tgbecnw = 105096
     Tecnw = 26971.6
       Tnw = 11498.1
       Tec = 19633
     twoNb = 432195
     twoNe = 659642
     twoNc = 2.78572e+06
     twoNw = 1.64596e+06
    twoNec = 38750
    twoNnw = 77886.9
  twoNecnw = 75656.7
  twoNbecnw = 11940.5
  twoNgbecnw = 284340
         m = 0.120502
        m2 = 0.0289893
        m5 = 0.233935
        m6 = 0.0648965
        Tb = 23302.3
        Ta = 49251.1
        Te = 9816.49
        Tf = 4908.24
#       SitePat  BranchLen
              b 130043.0392711
              e 50474.5945388
              c 53090.6975011
              n 47818.2619759
              w 47796.4358621
            b:e 2272.0025395
            b:c 2576.9877356
            b:n 1837.8270927
            b:w 1836.3535151
            e:c 10840.1188957
            e:n 5765.7953497
            e:w 5773.2978470
            c:n 5020.9454640
            c:w 5030.1626291
            n:w 13122.0704767
          b:e:c 2109.7790139
          b:e:n 1116.4364903
          b:e:w 1116.3133139
          b:c:n 1124.7979338
          b:c:w 1124.8004946
          b:n:w 2103.3700057
          e:c:n 4834.3958480
          e:c:w 4839.5022994
          e:n:w 6686.3527708
          c:n:w 5631.9890054
        b:e:c:n 2078.7502765
        b:e:c:w 2080.3444696
        b:e:n:w 3242.2792544
        b:c:n:w 2846.6912739
        e:c:n:w 54279.8101105
