########################################
# legofit: estimate population history #
#       version 2.3.4-4-g53f8760       #
########################################

# Program was compiled: Sep 21 2021 14:36:42
# Program was run: Mon Oct 11 13:29:26 2021

# cmd: legofit -1 -d 0 -t 32 --ptsPerDim 3 --stateOut b1boot44.state --tol 3e-6 -S 5000 abef2.lgo ../../boot/boot44.opf
# Stage nOptItr nSimReps
#     0    5000        0
# algorithm          : deterministic
# ignoring probs <=  : 0
# Branch length floor: 0
# DE strategy        : 2
#    F               : 0.3
#    CR              : 0.8
#    tolerance       : 3e-06
# nthreads           : 32
# lgo input file     : abef2.lgo
# site pat input file: ../../boot/boot44.opf
# free parameters    : 17
# points in DE swarm : 51
# output state file  : b1boot44.state
# Including singleton site patterns.
# cost function      : KL
Initial parameter values
Fixed:
      zero = 0
       one = 1
    Tbecnw = 75200
Free:
       pc1 = 0
       pc2 = 0
       pc3 = 0
       pc4 = 0
       pc5 = 0
       pc6 = 0
       pc7 = 0
       pc8 = 0
       pc9 = 0
      pc10 = 0
      pc11 = 0
      pc12 = 0
      pc13 = 0
      pc14 = 0
      pc15 = 0
      pc16 = 0
      pc17 = 0
Constrained:
   Tgbecnw = 121172
     Tecnw = 27725.5
       Tnw = 10755.9
       Tec = 19739.5
     twoNb = 1.25688e+06
     twoNe = 890239
     twoNc = 1.02402e+06
     twoNw = 1.14702e+06
    twoNec = 47602
    twoNnw = 89642.3
  twoNecnw = 80198.5
  twoNbecnw = 18870.7
  twoNgbecnw = 244697
         m = 0.160418
        m2 = 0.0279712
        m5 = 0.209667
        m6 = 0.0348864
        Tb = 23732.5
        Ta = 49466.2
        Te = 9869.73
        Tf = 4934.86
DiffEv reached_goal. cost=1.80390e-03 spread=2.93058e-06
Fitted parameter values
Free:
       pc1 = 0.993807
       pc2 = 3.98148
       pc3 = -3.91394
       pc4 = 1.9879
       pc5 = 1.66358
       pc6 = -0.226336
       pc7 = -0.936378
       pc8 = -0.271857
       pc9 = 0.810637
      pc10 = 0.873839
      pc11 = 0.610542
      pc12 = -0.230572
      pc13 = -0.440346
      pc14 = -0.0427242
      pc15 = -0.0589804
      pc16 = -0.0153128
      pc17 = 0.0119975
Constrained:
   Tgbecnw = 105849
     Tecnw = 27035.9
       Tnw = 10932.8
       Tec = 19779.4
     twoNb = 401382
     twoNe = 2.05489e+06
     twoNc = 1.92347e+06
     twoNw = 1.71664e+06
    twoNec = 36455.7
    twoNnw = 80944.1
  twoNecnw = 74821.7
  twoNbecnw = 11833.1
  twoNgbecnw = 308664
         m = 0.107715
        m2 = 0.0302594
        m5 = 0.249086
        m6 = 0.0741557
        Tb = 23407.6
        Ta = 49303.8
        Te = 9889.7
        Tf = 4944.85
#       SitePat  BranchLen
              b 129094.6989229
              e 50129.4283799
              c 52849.0320377
              n 47552.1480121
              w 47534.1297480
            b:e 2259.3889608
            b:c 2577.7431909
            b:n 1832.3682909
            b:w 1831.1599119
            e:c 10788.4740538
            e:n 5791.9513224
            e:w 5795.7040493
            c:n 5013.6172420
            c:w 5023.6503676
            n:w 13049.2881058
          b:e:c 2100.7215562
          b:e:n 1113.3573163
          b:e:w 1112.9796266
          b:c:n 1122.0329393
          b:c:w 1122.3118927
          b:n:w 2093.2101482
          e:c:n 4825.0634265
          e:c:w 4829.2958381
          e:n:w 6684.9949004
          c:n:w 5593.6362377
        b:e:c:n 2074.5571580
        b:e:c:w 2075.8642733
        b:e:n:w 3249.7754246
        b:c:n:w 2835.5560147
        e:c:n:w 53664.1696180
