########################################
# legofit: estimate population history #
#       version 2.3.4-4-g53f8760       #
########################################

# Program was compiled: Sep 21 2021 14:36:42
# Program was run: Mon Oct 11 13:07:29 2021

# cmd: legofit -1 -d 0 -t 32 --ptsPerDim 3 --stateOut b1boot8.state --tol 3e-6 -S 5000 abef2.lgo ../../boot/boot8.opf
# Stage nOptItr nSimReps
#     0    5000        0
# algorithm          : deterministic
# ignoring probs <=  : 0
# Branch length floor: 0
# DE strategy        : 2
#    F               : 0.3
#    CR              : 0.8
#    tolerance       : 3e-06
# nthreads           : 32
# lgo input file     : abef2.lgo
# site pat input file: ../../boot/boot8.opf
# free parameters    : 17
# points in DE swarm : 51
# output state file  : b1boot8.state
# Including singleton site patterns.
# cost function      : KL
Initial parameter values
Fixed:
      zero = 0
       one = 1
    Tbecnw = 75200
Free:
       pc1 = 0
       pc2 = 0
       pc3 = 0
       pc4 = 0
       pc5 = 0
       pc6 = 0
       pc7 = 0
       pc8 = 0
       pc9 = 0
      pc10 = 0
      pc11 = 0
      pc12 = 0
      pc13 = 0
      pc14 = 0
      pc15 = 0
      pc16 = 0
      pc17 = 0
Constrained:
   Tgbecnw = 121172
     Tecnw = 27725.5
       Tnw = 10755.9
       Tec = 19739.5
     twoNb = 1.25688e+06
     twoNe = 890239
     twoNc = 1.02402e+06
     twoNw = 1.14702e+06
    twoNec = 47602
    twoNnw = 89642.3
  twoNecnw = 80198.5
  twoNbecnw = 18870.7
  twoNgbecnw = 244697
         m = 0.160418
        m2 = 0.0279712
        m5 = 0.209667
        m6 = 0.0348864
        Tb = 23732.5
        Ta = 49466.2
        Te = 9869.73
        Tf = 4934.86
DiffEv reached_goal. cost=1.80508e-03 spread=2.97672e-06
Fitted parameter values
Free:
       pc1 = 1.29601
       pc2 = 3.79832
       pc3 = -3.46967
       pc4 = 1.97142
       pc5 = 1.81104
       pc6 = -0.582885
       pc7 = -1.99475
       pc8 = 0.786459
       pc9 = 0.349561
      pc10 = 0.949207
      pc11 = 0.368384
      pc12 = -0.311049
      pc13 = -0.195481
      pc14 = 0.013568
      pc15 = -0.026096
      pc16 = -0.000273337
      pc17 = -0.13923
Constrained:
   Tgbecnw = 104954
     Tecnw = 27495.8
       Tnw = 11362.9
       Tec = 18563
     twoNb = 428515
     twoNe = 1.29737e+06
     twoNc = 1.91305e+06
     twoNw = 1.73961e+06
    twoNec = 44222.8
    twoNnw = 79289.7
  twoNecnw = 74337.2
  twoNbecnw = 11717.2
  twoNgbecnw = 295431
         m = 0.112982
        m2 = 0.0292957
        m5 = 0.25222
        m6 = 0.0862036
        Tb = 23029.4
        Ta = 49114.7
        Te = 9281.49
        Tf = 4640.75
#       SitePat  BranchLen
              b 129166.7654164
              e 50231.7142730
              c 52839.3404120
              n 47641.7064898
              w 47613.8732947
            b:e 2253.1008378
            b:c 2556.6407928
            b:n 1825.8643403
            b:w 1823.9999876
            e:c 10818.4431672
            e:n 5758.5718198
            e:w 5768.0486769
            c:n 5015.4378039
            c:w 5027.3195002
            n:w 13022.6521827
          b:e:c 2096.2122562
          b:e:n 1111.0868315
          b:e:w 1110.9162432
          b:c:n 1119.4690797
          b:c:w 1119.4874424
          b:n:w 2089.6756430
          e:c:n 4797.4983621
          e:c:w 4803.9730038
          e:n:w 6667.6268760
          c:n:w 5616.2659740
        b:e:c:n 2064.4283403
        b:e:c:w 2066.4449187
        b:e:n:w 3210.6776373
        b:c:n:w 2817.7821322
        e:c:n:w 53673.8089476
