########################################
# legofit: estimate population history #
#       version 2.3.4-4-g53f8760       #
########################################

# Program was compiled: Sep 21 2021 14:36:42
# Program was run: Mon Oct 11 13:04:06 2021

# cmd: legofit -1 -d 0 -t 32 --ptsPerDim 3 --stateOut b1boot1.state --tol 3e-6 -S 5000 abef2.lgo ../../boot/boot1.opf
# Stage nOptItr nSimReps
#     0    5000        0
# algorithm          : deterministic
# ignoring probs <=  : 0
# Branch length floor: 0
# DE strategy        : 2
#    F               : 0.3
#    CR              : 0.8
#    tolerance       : 3e-06
# nthreads           : 32
# lgo input file     : abef2.lgo
# site pat input file: ../../boot/boot1.opf
# free parameters    : 17
# points in DE swarm : 51
# output state file  : b1boot1.state
# Including singleton site patterns.
# cost function      : KL
Initial parameter values
Fixed:
      zero = 0
       one = 1
    Tbecnw = 75200
Free:
       pc1 = 0
       pc2 = 0
       pc3 = 0
       pc4 = 0
       pc5 = 0
       pc6 = 0
       pc7 = 0
       pc8 = 0
       pc9 = 0
      pc10 = 0
      pc11 = 0
      pc12 = 0
      pc13 = 0
      pc14 = 0
      pc15 = 0
      pc16 = 0
      pc17 = 0
Constrained:
   Tgbecnw = 121172
     Tecnw = 27725.5
       Tnw = 10755.9
       Tec = 19739.5
     twoNb = 1.25688e+06
     twoNe = 890239
     twoNc = 1.02402e+06
     twoNw = 1.14702e+06
    twoNec = 47602
    twoNnw = 89642.3
  twoNecnw = 80198.5
  twoNbecnw = 18870.7
  twoNgbecnw = 244697
         m = 0.160418
        m2 = 0.0279712
        m5 = 0.209667
        m6 = 0.0348864
        Tb = 23732.5
        Ta = 49466.2
        Te = 9869.73
        Tf = 4934.86
DiffEv reached_goal. cost=1.79413e-03 spread=2.20278e-06
Fitted parameter values
Free:
       pc1 = 0.56571
       pc2 = 3.67205
       pc3 = -3.96668
       pc4 = 1.94471
       pc5 = 1.96134
       pc6 = -0.867383
       pc7 = -1.91084
       pc8 = -0.24856
       pc9 = 0.725186
      pc10 = 0.454225
      pc11 = 0.354244
      pc12 = -0.274554
      pc13 = -0.116214
      pc14 = -0.0335047
      pc15 = -0.12123
      pc16 = 0.00175602
      pc17 = -0.0591467
Constrained:
   Tgbecnw = 104420
     Tecnw = 27203.4
       Tnw = 11171.2
       Tec = 19803.4
     twoNb = 435826
     twoNe = 1.65606e+06
     twoNc = 2.8045e+06
     twoNw = 2.01204e+06
    twoNec = 37500.8
    twoNnw = 79646.3
  twoNecnw = 74740.8
  twoNbecnw = 11643.5
  twoNgbecnw = 291298
         m = 0.114726
        m2 = 0.0294491
        m5 = 0.243452
        m6 = 0.0762345
        Tb = 23503.4
        Ta = 49351.7
        Te = 9901.71
        Tf = 4950.85
#       SitePat  BranchLen
              b 129242.0361435
              e 50313.6821149
              c 52928.3053833
              n 47636.9422094
              w 47619.8668073
            b:e 2275.0699828
            b:c 2580.5320475
            b:n 1846.4183527
            b:w 1845.2623093
            e:c 10811.1005190
            e:n 5765.9754359
            e:w 5770.0621677
            c:n 5019.8903779
            c:w 5028.8702496
            n:w 13105.0455999
          b:e:c 2122.4502681
          b:e:n 1121.8512217
          b:e:w 1121.5510414
          b:c:n 1130.1593196
          b:c:w 1130.3650885
          b:n:w 2116.0086220
          e:c:n 4831.9899301
          e:c:w 4835.9987288
          e:n:w 6689.2368378
          c:n:w 5635.5780084
        b:e:c:n 2089.7933079
        b:e:c:w 2091.0437626
        b:e:n:w 3247.1881114
        b:c:n:w 2850.9163777
        e:c:n:w 53723.6528332
