########################################
# legofit: estimate population history #
#       version 2.3.4-4-g53f8760       #
########################################

# Program was compiled: Sep 21 2021 14:36:42
# Program was run: Mon Oct 11 13:10:58 2021

# cmd: legofit -1 -d 0 -t 32 --ptsPerDim 3 --stateOut b1boot13.state --tol 3e-6 -S 5000 abef2.lgo ../../boot/boot13.opf
# Stage nOptItr nSimReps
#     0    5000        0
# algorithm          : deterministic
# ignoring probs <=  : 0
# Branch length floor: 0
# DE strategy        : 2
#    F               : 0.3
#    CR              : 0.8
#    tolerance       : 3e-06
# nthreads           : 32
# lgo input file     : abef2.lgo
# site pat input file: ../../boot/boot13.opf
# free parameters    : 17
# points in DE swarm : 51
# output state file  : b1boot13.state
# Including singleton site patterns.
# cost function      : KL
Initial parameter values
Fixed:
      zero = 0
       one = 1
    Tbecnw = 75200
Free:
       pc1 = 0
       pc2 = 0
       pc3 = 0
       pc4 = 0
       pc5 = 0
       pc6 = 0
       pc7 = 0
       pc8 = 0
       pc9 = 0
      pc10 = 0
      pc11 = 0
      pc12 = 0
      pc13 = 0
      pc14 = 0
      pc15 = 0
      pc16 = 0
      pc17 = 0
Constrained:
   Tgbecnw = 121172
     Tecnw = 27725.5
       Tnw = 10755.9
       Tec = 19739.5
     twoNb = 1.25688e+06
     twoNe = 890239
     twoNc = 1.02402e+06
     twoNw = 1.14702e+06
    twoNec = 47602
    twoNnw = 89642.3
  twoNecnw = 80198.5
  twoNbecnw = 18870.7
  twoNgbecnw = 244697
         m = 0.160418
        m2 = 0.0279712
        m5 = 0.209667
        m6 = 0.0348864
        Tb = 23732.5
        Ta = 49466.2
        Te = 9869.73
        Tf = 4934.86
DiffEv reached_goal. cost=1.79981e-03 spread=2.95737e-06
Fitted parameter values
Free:
       pc1 = 0.981959
       pc2 = 2.85533
       pc3 = -3.94391
       pc4 = 1.9777
       pc5 = 1.49598
       pc6 = -0.0653516
       pc7 = -1.99317
       pc8 = -0.401535
       pc9 = 0.943215
      pc10 = 0.8987
      pc11 = 0.43961
      pc12 = -0.265714
      pc13 = -0.185073
      pc14 = -0.0156065
      pc15 = -0.021313
      pc16 = -0.0326609
      pc17 = -0.0638257
Constrained:
   Tgbecnw = 106075
     Tecnw = 26873.4
       Tnw = 10930.8
       Tec = 19137.5
     twoNb = 372911
     twoNe = 874729
     twoNc = 1.84938e+06
     twoNw = 1.93881e+06
    twoNec = 40429
    twoNnw = 81068.2
  twoNecnw = 74347.6
  twoNbecnw = 11832.7
  twoNgbecnw = 314706
         m = 0.106217
        m2 = 0.0295623
        m5 = 0.235944
        m6 = 0.0657835
        Tb = 23005.5
        Ta = 49102.7
        Te = 9568.76
        Tf = 4784.38
#       SitePat  BranchLen
              b 129331.5839403
              e 50079.3745297
              c 52690.0161179
              n 47507.7906443
              w 47491.3668079
            b:e 2269.5313202
            b:c 2577.1426544
            b:n 1828.4698619
            b:w 1827.3694908
            e:c 10809.8107228
            e:n 5753.0858714
            e:w 5758.0068425
            c:n 5006.7394523
            c:w 5014.4059113
            n:w 13041.6715554
          b:e:c 2097.5018693
          b:e:n 1110.1192754
          b:e:w 1109.9438640
          b:c:n 1118.6888475
          b:c:w 1118.7739462
          b:n:w 2086.2011477
          e:c:n 4832.4928934
          e:c:w 4836.3292998
          e:n:w 6659.1809697
          c:n:w 5609.3096541
        b:e:c:n 2069.8462280
        b:e:c:w 2071.0369118
        b:e:n:w 3228.4984035
        b:c:n:w 2832.6644399
        e:c:n:w 53992.6134637
