########################################
# legofit: estimate population history #
#       version 2.3.4-4-g53f8760       #
########################################

# Program was compiled: Sep 21 2021 14:36:42
# Program was run: Mon Oct 11 13:04:06 2021

# cmd: legofit -1 -d 0 -t 32 --ptsPerDim 3 --stateOut b1boot0.state --tol 3e-6 -S 5000 abef2.lgo ../../boot/boot0.opf
# Stage nOptItr nSimReps
#     0    5000        0
# algorithm          : deterministic
# ignoring probs <=  : 0
# Branch length floor: 0
# DE strategy        : 2
#    F               : 0.3
#    CR              : 0.8
#    tolerance       : 3e-06
# nthreads           : 32
# lgo input file     : abef2.lgo
# site pat input file: ../../boot/boot0.opf
# free parameters    : 17
# points in DE swarm : 51
# output state file  : b1boot0.state
# Including singleton site patterns.
# cost function      : KL
Initial parameter values
Fixed:
      zero = 0
       one = 1
    Tbecnw = 75200
Free:
       pc1 = 0
       pc2 = 0
       pc3 = 0
       pc4 = 0
       pc5 = 0
       pc6 = 0
       pc7 = 0
       pc8 = 0
       pc9 = 0
      pc10 = 0
      pc11 = 0
      pc12 = 0
      pc13 = 0
      pc14 = 0
      pc15 = 0
      pc16 = 0
      pc17 = 0
Constrained:
   Tgbecnw = 121172
     Tecnw = 27725.5
       Tnw = 10755.9
       Tec = 19739.5
     twoNb = 1.25688e+06
     twoNe = 890239
     twoNc = 1.02402e+06
     twoNw = 1.14702e+06
    twoNec = 47602
    twoNnw = 89642.3
  twoNecnw = 80198.5
  twoNbecnw = 18870.7
  twoNgbecnw = 244697
         m = 0.160418
        m2 = 0.0279712
        m5 = 0.209667
        m6 = 0.0348864
        Tb = 23732.5
        Ta = 49466.2
        Te = 9869.73
        Tf = 4934.86
DiffEv reached_goal. cost=1.80758e-03 spread=2.74197e-06
Fitted parameter values
Free:
       pc1 = 0.552375
       pc2 = 3.05409
       pc3 = -3.94474
       pc4 = 1.89564
       pc5 = 1.5938
       pc6 = 0.232135
       pc7 = -1.32874
       pc8 = -0.0967956
       pc9 = 0.350293
      pc10 = 0.161464
      pc11 = 0.117536
      pc12 = -0.215294
      pc13 = -0.0839578
      pc14 = -0.0436897
      pc15 = -0.114477
      pc16 = 0.0517573
      pc17 = -0.0281127
Constrained:
   Tgbecnw = 105715
     Tecnw = 27096.5
       Tnw = 10989.4
       Tec = 20378.4
     twoNb = 383894
     twoNe = 1.74074e+06
     twoNc = 1.23398e+06
     twoNw = 1.80476e+06
    twoNec = 34887
    twoNnw = 81262
  twoNecnw = 74505.4
  twoNbecnw = 12032
  twoNgbecnw = 294146
         m = 0.113928
        m2 = 0.0290657
        m5 = 0.23651
        m6 = 0.0672847
        Tb = 23737.5
        Ta = 49468.7
        Te = 10189.2
        Tf = 5094.6
#       SitePat  BranchLen
              b 129517.5944233
              e 50336.0326112
              c 52947.5677559
              n 47675.6543805
              w 47661.3677870
            b:e 2274.8257502
            b:c 2581.6187748
            b:n 1838.2983009
            b:w 1837.3390669
            e:c 10779.8859365
            e:n 5760.0819939
            e:w 5762.2456702
            c:n 5011.4038105
            c:w 5020.1650745
            n:w 13100.8147347
          b:e:c 2110.2444257
          b:e:n 1114.9332284
          b:e:w 1114.5419695
          b:c:n 1123.1248307
          b:c:w 1123.4387748
          b:n:w 2100.2760274
          e:c:n 4845.6828696
          e:c:w 4849.0445228
          e:n:w 6680.2163721
          c:n:w 5628.3655662
        b:e:c:n 2078.7648867
        b:e:c:w 2079.8014355
        b:e:n:w 3221.4919975
        b:c:n:w 2828.6849457
        e:c:n:w 53937.1854678
