########################################
# legofit: estimate population history #
#       version 2.3.4-4-g53f8760       #
########################################

# Program was compiled: Sep 21 2021 14:36:42
# Program was run: Mon Oct 11 13:31:20 2021

# cmd: legofit -1 -d 0 -t 32 --ptsPerDim 3 --stateOut b1boot47.state --tol 3e-6 -S 5000 abef2.lgo ../../boot/boot47.opf
# Stage nOptItr nSimReps
#     0    5000        0
# algorithm          : deterministic
# ignoring probs <=  : 0
# Branch length floor: 0
# DE strategy        : 2
#    F               : 0.3
#    CR              : 0.8
#    tolerance       : 3e-06
# nthreads           : 32
# lgo input file     : abef2.lgo
# site pat input file: ../../boot/boot47.opf
# free parameters    : 17
# points in DE swarm : 51
# output state file  : b1boot47.state
# Including singleton site patterns.
# cost function      : KL
Initial parameter values
Fixed:
      zero = 0
       one = 1
    Tbecnw = 75200
Free:
       pc1 = 0
       pc2 = 0
       pc3 = 0
       pc4 = 0
       pc5 = 0
       pc6 = 0
       pc7 = 0
       pc8 = 0
       pc9 = 0
      pc10 = 0
      pc11 = 0
      pc12 = 0
      pc13 = 0
      pc14 = 0
      pc15 = 0
      pc16 = 0
      pc17 = 0
Constrained:
   Tgbecnw = 121172
     Tecnw = 27725.5
       Tnw = 10755.9
       Tec = 19739.5
     twoNb = 1.25688e+06
     twoNe = 890239
     twoNc = 1.02402e+06
     twoNw = 1.14702e+06
    twoNec = 47602
    twoNnw = 89642.3
  twoNecnw = 80198.5
  twoNbecnw = 18870.7
  twoNgbecnw = 244697
         m = 0.160418
        m2 = 0.0279712
        m5 = 0.209667
        m6 = 0.0348864
        Tb = 23732.5
        Ta = 49466.2
        Te = 9869.73
        Tf = 4934.86
DiffEv reached_goal. cost=1.79395e-03 spread=1.89489e-06
Fitted parameter values
Free:
       pc1 = 1.00337
       pc2 = 3.17294
       pc3 = -3.82726
       pc4 = 1.94467
       pc5 = 1.83059
       pc6 = 0.502875
       pc7 = -1.76115
       pc8 = 0.948896
       pc9 = 0.535887
      pc10 = 1.20631
      pc11 = 0.075547
      pc12 = -0.408041
      pc13 = 0.108883
      pc14 = -0.0428143
      pc15 = -0.025251
      pc16 = 0.00988113
      pc17 = -0.146989
Constrained:
   Tgbecnw = 105062
     Tecnw = 27221.1
       Tnw = 11599.5
       Tec = 18746.1
     twoNb = 496921
     twoNe = 1.28328e+06
     twoNc = 431866
     twoNw = 1.74597e+06
    twoNec = 43446.2
    twoNnw = 77276.9
  twoNecnw = 73571.8
  twoNbecnw = 11668.7
  twoNgbecnw = 304794
         m = 0.108382
        m2 = 0.0292986
        m5 = 0.23894
        m6 = 0.0788485
        Tb = 22983.6
        Ta = 49091.8
        Te = 9373.06
        Tf = 4686.53
#       SitePat  BranchLen
              b 129067.3448953
              e 50168.5434659
              c 52659.4166378
              n 47478.4033266
              w 47451.5864092
            b:e 2252.7754702
            b:c 2540.3116282
            b:n 1831.5514574
            b:w 1829.7355695
            e:c 10803.6255673
            e:n 5715.6563216
            e:w 5725.3733090
            c:n 5011.3527040
            c:w 5022.1723236
            n:w 13020.0368451
          b:e:c 2102.6010589
          b:e:n 1112.9322082
          b:e:w 1112.8372681
          b:c:n 1120.8636115
          b:c:w 1120.8120843
          b:n:w 2099.4771921
          e:c:n 4817.9904419
          e:c:w 4824.2707521
          e:n:w 6656.9517454
          c:n:w 5649.7814488
        b:e:c:n 2067.5073939
        b:e:c:w 2069.4697492
        b:e:n:w 3227.6710112
        b:c:n:w 2848.0303092
        e:c:n:w 53745.7154178
