########################################
# legofit: estimate population history #
#       version 2.3.4-4-g53f8760       #
########################################

# Program was compiled: Sep 21 2021 14:36:42
# Program was run: Mon Oct 11 13:26:20 2021

# cmd: legofit -1 -d 0 -t 32 --ptsPerDim 3 --stateOut b1boot39.state --tol 3e-6 -S 5000 abef2.lgo ../../boot/boot39.opf
# Stage nOptItr nSimReps
#     0    5000        0
# algorithm          : deterministic
# ignoring probs <=  : 0
# Branch length floor: 0
# DE strategy        : 2
#    F               : 0.3
#    CR              : 0.8
#    tolerance       : 3e-06
# nthreads           : 32
# lgo input file     : abef2.lgo
# site pat input file: ../../boot/boot39.opf
# free parameters    : 17
# points in DE swarm : 51
# output state file  : b1boot39.state
# Including singleton site patterns.
# cost function      : KL
Initial parameter values
Fixed:
      zero = 0
       one = 1
    Tbecnw = 75200
Free:
       pc1 = 0
       pc2 = 0
       pc3 = 0
       pc4 = 0
       pc5 = 0
       pc6 = 0
       pc7 = 0
       pc8 = 0
       pc9 = 0
      pc10 = 0
      pc11 = 0
      pc12 = 0
      pc13 = 0
      pc14 = 0
      pc15 = 0
      pc16 = 0
      pc17 = 0
Constrained:
   Tgbecnw = 121172
     Tecnw = 27725.5
       Tnw = 10755.9
       Tec = 19739.5
     twoNb = 1.25688e+06
     twoNe = 890239
     twoNc = 1.02402e+06
     twoNw = 1.14702e+06
    twoNec = 47602
    twoNnw = 89642.3
  twoNecnw = 80198.5
  twoNbecnw = 18870.7
  twoNgbecnw = 244697
         m = 0.160418
        m2 = 0.0279712
        m5 = 0.209667
        m6 = 0.0348864
        Tb = 23732.5
        Ta = 49466.2
        Te = 9869.73
        Tf = 4934.86
DiffEv reached_goal. cost=1.78407e-03 spread=2.16393e-06
Fitted parameter values
Free:
       pc1 = 0.518165
       pc2 = 2.32448
       pc3 = -3.88201
       pc4 = 1.96271
       pc5 = 1.74052
       pc6 = 0.153987
       pc7 = -1.54907
       pc8 = -0.666895
       pc9 = 0.862827
      pc10 = 0.537927
      pc11 = 0.214383
      pc12 = -0.303673
      pc13 = 0.0422811
      pc14 = -0.0486288
      pc15 = -0.0878151
      pc16 = -0.0349215
      pc17 = -0.0999335
Constrained:
   Tgbecnw = 106474
     Tecnw = 26846.5
       Tnw = 10856.7
       Tec = 19691.5
     twoNb = 450738
     twoNe = 1.4856e+06
     twoNc = 1.53663e+06
     twoNw = 1.99387e+06
    twoNec = 38529.2
    twoNnw = 81986.2
  twoNecnw = 74678.2
  twoNbecnw = 12250.8
  twoNgbecnw = 298542
         m = 0.111246
        m2 = 0.0293241
        m5 = 0.224667
        m6 = 0.058027
        Tb = 23269
        Ta = 49234.5
        Te = 9845.74
        Tf = 4922.87
#       SitePat  BranchLen
              b 129435.3095552
              e 50385.3275280
              c 52939.3747515
              n 47710.6936067
              w 47698.0518556
            b:e 2275.5329559
            b:c 2571.1198412
            b:n 1850.4933598
            b:w 1849.6412579
            e:c 10847.3416320
            e:n 5752.8722097
            e:w 5755.9495463
            c:n 5023.2059726
            c:w 5029.8112643
            n:w 13133.1420039
          b:e:c 2117.5360517
          b:e:n 1121.1602412
          b:e:w 1120.9447675
          b:c:n 1129.1460244
          b:c:w 1129.2930316
          b:n:w 2112.1456634
          e:c:n 4868.5729223
          e:c:w 4871.5320452
          e:n:w 6664.4655835
          c:n:w 5641.7411990
        b:e:c:n 2090.4040786
        b:e:c:w 2091.3246469
        b:e:n:w 3252.3609249
        b:c:n:w 2864.9216153
        e:c:n:w 53796.0091756
