########################################
# legofit: estimate population history #
#       version 2.3.4-4-g53f8760       #
########################################

# Program was compiled: Sep 21 2021 14:36:42
# Program was run: Mon Oct 11 13:04:06 2021

# cmd: legofit -1 -d 0 -t 32 --ptsPerDim 3 --stateOut b1boot3.state --tol 3e-6 -S 5000 abef2.lgo ../../boot/boot3.opf
# Stage nOptItr nSimReps
#     0    5000        0
# algorithm          : deterministic
# ignoring probs <=  : 0
# Branch length floor: 0
# DE strategy        : 2
#    F               : 0.3
#    CR              : 0.8
#    tolerance       : 3e-06
# nthreads           : 32
# lgo input file     : abef2.lgo
# site pat input file: ../../boot/boot3.opf
# free parameters    : 17
# points in DE swarm : 51
# output state file  : b1boot3.state
# Including singleton site patterns.
# cost function      : KL
Initial parameter values
Fixed:
      zero = 0
       one = 1
    Tbecnw = 75200
Free:
       pc1 = 0
       pc2 = 0
       pc3 = 0
       pc4 = 0
       pc5 = 0
       pc6 = 0
       pc7 = 0
       pc8 = 0
       pc9 = 0
      pc10 = 0
      pc11 = 0
      pc12 = 0
      pc13 = 0
      pc14 = 0
      pc15 = 0
      pc16 = 0
      pc17 = 0
Constrained:
   Tgbecnw = 121172
     Tecnw = 27725.5
       Tnw = 10755.9
       Tec = 19739.5
     twoNb = 1.25688e+06
     twoNe = 890239
     twoNc = 1.02402e+06
     twoNw = 1.14702e+06
    twoNec = 47602
    twoNnw = 89642.3
  twoNecnw = 80198.5
  twoNbecnw = 18870.7
  twoNgbecnw = 244697
         m = 0.160418
        m2 = 0.0279712
        m5 = 0.209667
        m6 = 0.0348864
        Tb = 23732.5
        Ta = 49466.2
        Te = 9869.73
        Tf = 4934.86
DiffEv reached_goal. cost=1.81976e-03 spread=2.70597e-06
Fitted parameter values
Free:
       pc1 = 0.622234
       pc2 = 3.86957
       pc3 = -3.99755
       pc4 = 1.89803
       pc5 = 1.88692
       pc6 = 0.555707
       pc7 = -1.8471
       pc8 = -0.304945
       pc9 = 0.493381
      pc10 = -0.396229
      pc11 = 0.275018
      pc12 = -0.239181
      pc13 = 0.00989456
      pc14 = -0.14773
      pc15 = -0.137856
      pc16 = 0.14452
      pc17 = -0.0528127
Constrained:
   Tgbecnw = 104396
     Tecnw = 27211.7
       Tnw = 10785.8
       Tec = 21093.9
     twoNb = 456215
     twoNe = 1.53017e+06
     twoNc = 1.06429e+06
     twoNw = 2.07624e+06
    twoNec = 30459.9
    twoNnw = 82791.6
  twoNecnw = 74721.1
  twoNbecnw = 11523.4
  twoNgbecnw = 300570
         m = 0.111749
        m2 = 0.0291581
        m5 = 0.244049
        m6 = 0.080658
        Tb = 24152.8
        Ta = 49676.4
        Te = 10547
        Tf = 5273.48
#       SitePat  BranchLen
              b 129455.8771331
              e 50356.4309592
              c 52890.5792705
              n 47676.8428521
              w 47666.0845839
            b:e 2271.2377384
            b:c 2564.9523282
            b:n 1863.6881153
            b:w 1862.9622197
            e:c 10764.2687715
            e:n 5771.2547877
            e:w 5770.1822309
            c:n 5042.8623479
            c:w 5052.1417239
            n:w 13059.2066888
          b:e:c 2130.2325558
          b:e:n 1130.0392062
          b:e:w 1129.4301960
          b:c:n 1137.7954674
          b:c:w 1138.3461399
          b:n:w 2127.2264550
          e:c:n 4858.1425897
          e:c:w 4860.6940387
          e:n:w 6635.7820002
          c:n:w 5623.5286575
        b:e:c:n 2110.4684795
        b:e:c:w 2111.2527127
        b:e:n:w 3248.4277579
        b:c:n:w 2862.5788851
        e:c:n:w 53996.6716530
