########################################
# legofit: estimate population history #
#       version 2.3.4-4-g53f8760       #
########################################

# Program was compiled: Sep 21 2021 14:36:42
# Program was run: Mon Oct 11 13:28:03 2021

# cmd: legofit -1 -d 0 -t 32 --ptsPerDim 3 --stateOut b1boot42.state --tol 3e-6 -S 5000 abef2.lgo ../../boot/boot42.opf
# Stage nOptItr nSimReps
#     0    5000        0
# algorithm          : deterministic
# ignoring probs <=  : 0
# Branch length floor: 0
# DE strategy        : 2
#    F               : 0.3
#    CR              : 0.8
#    tolerance       : 3e-06
# nthreads           : 32
# lgo input file     : abef2.lgo
# site pat input file: ../../boot/boot42.opf
# free parameters    : 17
# points in DE swarm : 51
# output state file  : b1boot42.state
# Including singleton site patterns.
# cost function      : KL
Initial parameter values
Fixed:
      zero = 0
       one = 1
    Tbecnw = 75200
Free:
       pc1 = 0
       pc2 = 0
       pc3 = 0
       pc4 = 0
       pc5 = 0
       pc6 = 0
       pc7 = 0
       pc8 = 0
       pc9 = 0
      pc10 = 0
      pc11 = 0
      pc12 = 0
      pc13 = 0
      pc14 = 0
      pc15 = 0
      pc16 = 0
      pc17 = 0
Constrained:
   Tgbecnw = 121172
     Tecnw = 27725.5
       Tnw = 10755.9
       Tec = 19739.5
     twoNb = 1.25688e+06
     twoNe = 890239
     twoNc = 1.02402e+06
     twoNw = 1.14702e+06
    twoNec = 47602
    twoNnw = 89642.3
  twoNecnw = 80198.5
  twoNbecnw = 18870.7
  twoNgbecnw = 244697
         m = 0.160418
        m2 = 0.0279712
        m5 = 0.209667
        m6 = 0.0348864
        Tb = 23732.5
        Ta = 49466.2
        Te = 9869.73
        Tf = 4934.86
DiffEv reached_goal. cost=1.81716e-03 spread=2.46643e-06
Fitted parameter values
Free:
       pc1 = 1.15678
       pc2 = 3.47909
       pc3 = -3.97606
       pc4 = 1.99304
       pc5 = 1.56823
       pc6 = -0.526356
       pc7 = -1.85012
       pc8 = 0.446254
       pc9 = 0.499978
      pc10 = 0.516683
      pc11 = 0.240531
      pc12 = -0.225993
      pc13 = -0.0212622
      pc14 = -0.0397084
      pc15 = -0.0917287
      pc16 = -0.0197393
      pc17 = -0.105347
Constrained:
   Tgbecnw = 104926
     Tecnw = 27323.9
       Tnw = 11179.6
       Tec = 19327.3
     twoNb = 405548
     twoNe = 1.36799e+06
     twoNc = 2.07879e+06
     twoNw = 1.75639e+06
    twoNec = 39859
    twoNnw = 79585.9
  twoNecnw = 73565.7
  twoNbecnw = 11432.8
  twoNgbecnw = 313039
         m = 0.105577
        m2 = 0.0290831
        m5 = 0.24448
        m6 = 0.07934
        Tb = 23325.6
        Ta = 49262.8
        Te = 9663.64
        Tf = 4831.82
#       SitePat  BranchLen
              b 128741.8219550
              e 50025.6926148
              c 52599.3699430
              n 47414.1643680
              w 47392.4596312
            b:e 2232.4868689
            b:c 2530.8558776
            b:n 1809.3918870
            b:w 1807.9450162
            e:c 10779.7754882
            e:n 5703.6538082
            e:w 5709.6539127
            c:n 4968.7363302
            c:w 4979.3781391
            n:w 13016.8811886
          b:e:c 2085.3692658
          b:e:n 1096.9662036
          b:e:w 1096.6790776
          b:c:n 1105.1525983
          b:c:w 1105.3216719
          b:n:w 2077.6159528
          e:c:n 4785.1484014
          e:c:w 4790.2112248
          e:n:w 6617.9613557
          c:n:w 5580.5214853
        b:e:c:n 2046.6238828
        b:e:c:w 2048.1888060
        b:e:n:w 3181.8359373
        b:c:n:w 2795.5936831
        e:c:n:w 53561.6020904
