########################################
# legofit: estimate population history #
#       version 2.3.4-4-g53f8760       #
########################################

# Program was compiled: Sep 21 2021 14:36:42
# Program was run: Mon Oct 11 13:14:44 2021

# cmd: legofit -1 -d 0 -t 32 --ptsPerDim 3 --stateOut b1boot20.state --tol 3e-6 -S 5000 abef2.lgo ../../boot/boot20.opf
# Stage nOptItr nSimReps
#     0    5000        0
# algorithm          : deterministic
# ignoring probs <=  : 0
# Branch length floor: 0
# DE strategy        : 2
#    F               : 0.3
#    CR              : 0.8
#    tolerance       : 3e-06
# nthreads           : 32
# lgo input file     : abef2.lgo
# site pat input file: ../../boot/boot20.opf
# free parameters    : 17
# points in DE swarm : 51
# output state file  : b1boot20.state
# Including singleton site patterns.
# cost function      : KL
Initial parameter values
Fixed:
      zero = 0
       one = 1
    Tbecnw = 75200
Free:
       pc1 = 0
       pc2 = 0
       pc3 = 0
       pc4 = 0
       pc5 = 0
       pc6 = 0
       pc7 = 0
       pc8 = 0
       pc9 = 0
      pc10 = 0
      pc11 = 0
      pc12 = 0
      pc13 = 0
      pc14 = 0
      pc15 = 0
      pc16 = 0
      pc17 = 0
Constrained:
   Tgbecnw = 121172
     Tecnw = 27725.5
       Tnw = 10755.9
       Tec = 19739.5
     twoNb = 1.25688e+06
     twoNe = 890239
     twoNc = 1.02402e+06
     twoNw = 1.14702e+06
    twoNec = 47602
    twoNnw = 89642.3
  twoNecnw = 80198.5
  twoNbecnw = 18870.7
  twoNgbecnw = 244697
         m = 0.160418
        m2 = 0.0279712
        m5 = 0.209667
        m6 = 0.0348864
        Tb = 23732.5
        Ta = 49466.2
        Te = 9869.73
        Tf = 4934.86
DiffEv reached_goal. cost=1.80824e-03 spread=2.71258e-06
Fitted parameter values
Free:
       pc1 = 0.937097
       pc2 = 2.31422
       pc3 = -3.85998
       pc4 = 1.93159
       pc5 = 1.89011
       pc6 = -0.846985
       pc7 = -1.79018
       pc8 = 0.00733739
       pc9 = 1.01167
      pc10 = 0.83277
      pc11 = 0.524802
      pc12 = -0.301425
      pc13 = -0.178453
      pc14 = 0.0205838
      pc15 = -0.0129709
      pc16 = -0.0906398
      pc17 = -0.068677
Constrained:
   Tgbecnw = 107053
     Tecnw = 26894.8
       Tnw = 11098.1
       Tec = 18412.4
     twoNb = 549141
     twoNe = 1.60017e+06
     twoNc = 2.57343e+06
     twoNw = 1.93036e+06
    twoNec = 45259.6
    twoNnw = 79756.2
  twoNecnw = 74401.7
  twoNbecnw = 12156.9
  twoNgbecnw = 313490
         m = 0.10547
        m2 = 0.0290871
        m5 = 0.23379
        m6 = 0.0633572
        Tb = 22653.6
        Ta = 48926.8
        Te = 9206.19
        Tf = 4603.1
#       SitePat  BranchLen
              b 129207.7639771
              e 50163.1089096
              c 52797.0700252
              n 47517.4975623
              w 47498.1183922
            b:e 2220.3723378
            b:c 2516.3963635
            b:n 1820.7427713
            b:w 1819.4481733
            e:c 10825.2907204
            e:n 5751.4070087
            e:w 5759.0294256
            c:n 5003.8852492
            c:w 5011.1399439
            n:w 13063.7716843
          b:e:c 2080.1989778
          b:e:n 1106.0016152
          b:e:w 1105.9992195
          b:c:n 1114.1612489
          b:c:w 1114.0600943
          b:n:w 2080.3209078
          e:c:n 4819.1398097
          e:c:w 4823.6418681
          e:n:w 6650.5901258
          c:n:w 5598.2675609
        b:e:c:n 2053.4645520
        b:e:c:w 2054.8627003
        b:e:n:w 3232.3293123
        b:c:n:w 2833.8574161
        e:c:n:w 53714.5433476
