########################################
# legofit: estimate population history #
#       version 2.3.4-4-g53f8760       #
########################################

# Program was compiled: Sep 21 2021 14:36:42
# Program was run: Mon Oct 11 13:11:25 2021

# cmd: legofit -1 -d 0 -t 32 --ptsPerDim 3 --stateOut b1boot15.state --tol 3e-6 -S 5000 abef2.lgo ../../boot/boot15.opf
# Stage nOptItr nSimReps
#     0    5000        0
# algorithm          : deterministic
# ignoring probs <=  : 0
# Branch length floor: 0
# DE strategy        : 2
#    F               : 0.3
#    CR              : 0.8
#    tolerance       : 3e-06
# nthreads           : 32
# lgo input file     : abef2.lgo
# site pat input file: ../../boot/boot15.opf
# free parameters    : 17
# points in DE swarm : 51
# output state file  : b1boot15.state
# Including singleton site patterns.
# cost function      : KL
Initial parameter values
Fixed:
      zero = 0
       one = 1
    Tbecnw = 75200
Free:
       pc1 = 0
       pc2 = 0
       pc3 = 0
       pc4 = 0
       pc5 = 0
       pc6 = 0
       pc7 = 0
       pc8 = 0
       pc9 = 0
      pc10 = 0
      pc11 = 0
      pc12 = 0
      pc13 = 0
      pc14 = 0
      pc15 = 0
      pc16 = 0
      pc17 = 0
Constrained:
   Tgbecnw = 121172
     Tecnw = 27725.5
       Tnw = 10755.9
       Tec = 19739.5
     twoNb = 1.25688e+06
     twoNe = 890239
     twoNc = 1.02402e+06
     twoNw = 1.14702e+06
    twoNec = 47602
    twoNnw = 89642.3
  twoNecnw = 80198.5
  twoNbecnw = 18870.7
  twoNgbecnw = 244697
         m = 0.160418
        m2 = 0.0279712
        m5 = 0.209667
        m6 = 0.0348864
        Tb = 23732.5
        Ta = 49466.2
        Te = 9869.73
        Tf = 4934.86
DiffEv reached_goal. cost=1.81480e-03 spread=2.56250e-06
Fitted parameter values
Free:
       pc1 = 0.271522
       pc2 = 0.924637
       pc3 = -3.93958
       pc4 = 1.90857
       pc5 = 1.68783
       pc6 = -0.445835
       pc7 = -1.93414
       pc8 = 0.509827
       pc9 = 0.192821
      pc10 = 0.30605
      pc11 = 0.184231
      pc12 = -0.248787
      pc13 = -0.159093
      pc14 = 0.0877748
      pc15 = -0.00471254
      pc16 = -0.0244849
      pc17 = -0.0486339
Constrained:
   Tgbecnw = 107113
     Tecnw = 26727.4
       Tnw = 11306.2
       Tec = 18648.1
     twoNb = 436812
     twoNe = 1.49909e+06
     twoNc = 1.7572e+06
     twoNw = 1.84641e+06
    twoNec = 45448.4
    twoNnw = 78908.7
  twoNecnw = 75201.8
  twoNbecnw = 12583.5
  twoNgbecnw = 288147
         m = 0.116523
        m2 = 0.0275602
        m5 = 0.222542
        m6 = 0.048649
        Tb = 22687.8
        Ta = 48943.9
        Te = 9324.05
        Tf = 4662.03
#       SitePat  BranchLen
              b 129841.7213319
              e 50378.5070545
              c 53028.1606976
              n 47768.4265127
              w 47750.2776881
            b:e 2255.6526476
            b:c 2560.1444275
            b:n 1832.5539816
            b:w 1831.3346243
            e:c 10857.4799237
            e:n 5773.4022413
            e:w 5781.8639498
            c:n 5019.2123946
            c:w 5024.6815577
            n:w 13137.8255924
          b:e:c 2094.5129413
          b:e:n 1113.1873764
          b:e:w 1113.3347977
          b:c:n 1121.6496702
          b:c:w 1121.4043106
          b:n:w 2086.1913585
          e:c:n 4856.3931219
          e:c:w 4860.6110748
          e:n:w 6698.8693577
          c:n:w 5632.3147970
        b:e:c:n 2066.8487897
        b:e:c:w 2068.1660852
        b:e:n:w 3204.7049388
        b:c:n:w 2811.9544474
        e:c:n:w 53999.8277348
