########################################
# legofit: estimate population history #
#       version 2.3.4-4-g53f8760       #
########################################

# Program was compiled: Sep 21 2021 14:36:42
# Program was run: Mon Oct 11 13:32:59 2021

# cmd: legofit -1 -d 0 -t 32 --ptsPerDim 3 --stateOut b1boot49.state --tol 3e-6 -S 5000 abef2.lgo ../../boot/boot49.opf
# Stage nOptItr nSimReps
#     0    5000        0
# algorithm          : deterministic
# ignoring probs <=  : 0
# Branch length floor: 0
# DE strategy        : 2
#    F               : 0.3
#    CR              : 0.8
#    tolerance       : 3e-06
# nthreads           : 32
# lgo input file     : abef2.lgo
# site pat input file: ../../boot/boot49.opf
# free parameters    : 17
# points in DE swarm : 51
# output state file  : b1boot49.state
# Including singleton site patterns.
# cost function      : KL
Initial parameter values
Fixed:
      zero = 0
       one = 1
    Tbecnw = 75200
Free:
       pc1 = 0
       pc2 = 0
       pc3 = 0
       pc4 = 0
       pc5 = 0
       pc6 = 0
       pc7 = 0
       pc8 = 0
       pc9 = 0
      pc10 = 0
      pc11 = 0
      pc12 = 0
      pc13 = 0
      pc14 = 0
      pc15 = 0
      pc16 = 0
      pc17 = 0
Constrained:
   Tgbecnw = 121172
     Tecnw = 27725.5
       Tnw = 10755.9
       Tec = 19739.5
     twoNb = 1.25688e+06
     twoNe = 890239
     twoNc = 1.02402e+06
     twoNw = 1.14702e+06
    twoNec = 47602
    twoNnw = 89642.3
  twoNecnw = 80198.5
  twoNbecnw = 18870.7
  twoNgbecnw = 244697
         m = 0.160418
        m2 = 0.0279712
        m5 = 0.209667
        m6 = 0.0348864
        Tb = 23732.5
        Ta = 49466.2
        Te = 9869.73
        Tf = 4934.86
DiffEv reached_goal. cost=1.84336e-03 spread=2.97540e-06
Fitted parameter values
Free:
       pc1 = 0.274917
       pc2 = 2.24794
       pc3 = -3.8542
       pc4 = 1.95725
       pc5 = 1.95705
       pc6 = 0.578764
       pc7 = -1.46673
       pc8 = 0.593683
       pc9 = -0.156808
      pc10 = -0.110612
      pc11 = 0.146054
      pc12 = -0.279457
      pc13 = -0.161626
      pc14 = 0.0541499
      pc15 = 0.00744519
      pc16 = 0.109887
      pc17 = -0.00726253
Constrained:
   Tgbecnw = 105619
     Tecnw = 26967.4
       Tnw = 11152.4
       Tec = 19871.9
     twoNb = 414022
     twoNe = 2.02655e+06
     twoNc = 378713
     twoNw = 1.82583e+06
    twoNec = 37729.5
    twoNnw = 80323.4
  twoNecnw = 75286.3
  twoNbecnw = 12297.2
  twoNgbecnw = 276506
         m = 0.122344
        m2 = 0.0280335
        m5 = 0.234618
        m6 = 0.0640915
        Tb = 23419.6
        Ta = 49309.8
        Te = 9935.95
        Tf = 4967.97
#       SitePat  BranchLen
              b 129932.9767324
              e 50430.8698752
              c 53050.4129275
              n 47808.2244136
              w 47791.7885262
            b:e 2274.8941311
            b:c 2580.1596128
            b:n 1847.8656220
            b:w 1846.7562867
            e:c 10825.5632698
            e:n 5798.1430544
            e:w 5802.5572949
            c:n 5048.2194439
            c:w 5056.3758477
            n:w 13121.2804753
          b:e:c 2110.7830884
          b:e:n 1122.1579644
          b:e:w 1121.9264530
          b:c:n 1130.3223167
          b:c:w 1130.4648690
          b:n:w 2102.2862441
          e:c:n 4874.0025680
          e:c:w 4877.8678112
          e:n:w 6709.3435402
          c:n:w 5653.9095185
        b:e:c:n 2086.5743029
        b:e:c:w 2087.7725975
        b:e:n:w 3210.0990850
        b:c:n:w 2820.1267950
        e:c:n:w 54072.6114013
