########################################
# legofit: estimate population history #
#       version 2.3.4-4-g53f8760       #
########################################

# Program was compiled: Sep 21 2021 14:36:42
# Program was run: Mon Oct 11 13:17:00 2021

# cmd: legofit -1 -d 0 -t 32 --ptsPerDim 3 --stateOut b1boot22.state --tol 3e-6 -S 5000 abef2.lgo ../../boot/boot22.opf
# Stage nOptItr nSimReps
#     0    5000        0
# algorithm          : deterministic
# ignoring probs <=  : 0
# Branch length floor: 0
# DE strategy        : 2
#    F               : 0.3
#    CR              : 0.8
#    tolerance       : 3e-06
# nthreads           : 32
# lgo input file     : abef2.lgo
# site pat input file: ../../boot/boot22.opf
# free parameters    : 17
# points in DE swarm : 51
# output state file  : b1boot22.state
# Including singleton site patterns.
# cost function      : KL
Initial parameter values
Fixed:
      zero = 0
       one = 1
    Tbecnw = 75200
Free:
       pc1 = 0
       pc2 = 0
       pc3 = 0
       pc4 = 0
       pc5 = 0
       pc6 = 0
       pc7 = 0
       pc8 = 0
       pc9 = 0
      pc10 = 0
      pc11 = 0
      pc12 = 0
      pc13 = 0
      pc14 = 0
      pc15 = 0
      pc16 = 0
      pc17 = 0
Constrained:
   Tgbecnw = 121172
     Tecnw = 27725.5
       Tnw = 10755.9
       Tec = 19739.5
     twoNb = 1.25688e+06
     twoNe = 890239
     twoNc = 1.02402e+06
     twoNw = 1.14702e+06
    twoNec = 47602
    twoNnw = 89642.3
  twoNecnw = 80198.5
  twoNbecnw = 18870.7
  twoNgbecnw = 244697
         m = 0.160418
        m2 = 0.0279712
        m5 = 0.209667
        m6 = 0.0348864
        Tb = 23732.5
        Ta = 49466.2
        Te = 9869.73
        Tf = 4934.86
DiffEv reached_goal. cost=1.80603e-03 spread=2.66611e-06
Fitted parameter values
Free:
       pc1 = 2.13803
       pc2 = 3.73906
       pc3 = -3.37821
       pc4 = 1.87702
       pc5 = 1.90421
       pc6 = -0.0473883
       pc7 = -1.98277
       pc8 = 0.0244099
       pc9 = 0.870461
      pc10 = 0.812448
      pc11 = 0.592248
      pc12 = -0.261867
      pc13 = -0.0854317
      pc14 = -0.0552105
      pc15 = 0.0172568
      pc16 = -0.0848
      pc17 = -0.0827109
Constrained:
   Tgbecnw = 106885
     Tecnw = 27452.9
       Tnw = 10604.1
       Tec = 18473.6
     twoNb = 389774
     twoNe = 1.10587e+06
     twoNc = 1.52567e+06
     twoNw = 1.9198e+06
    twoNec = 44346.3
    twoNnw = 83409.4
  twoNecnw = 73212.7
  twoNbecnw = 11884
  twoNgbecnw = 335437
         m = 0.0978318
        m2 = 0.0298233
        m5 = 0.249912
        m6 = 0.0863679
        Tb = 22963.2
        Ta = 49081.6
        Te = 9236.82
        Tf = 4618.41
#       SitePat  BranchLen
              b 129018.3049623
              e 50035.1905651
              c 52600.8350513
              n 47414.5856379
              w 47394.8428312
            b:e 2272.0348377
            b:c 2573.0001257
            b:n 1836.7214924
            b:w 1835.4000010
            e:c 10809.2115516
            e:n 5751.2642473
            e:w 5756.1157657
            c:n 5016.5961040
            c:w 5026.8954706
            n:w 13031.5516822
          b:e:c 2109.5611509
          b:e:n 1116.6713163
          b:e:w 1116.3376048
          b:c:n 1124.9716254
          b:c:w 1125.1977572
          b:n:w 2099.9901180
          e:c:n 4812.8504042
          e:c:w 4817.4423260
          e:n:w 6656.1354458
          c:n:w 5626.1329343
        b:e:c:n 2077.8788909
        b:e:c:w 2079.3079621
        b:e:n:w 3234.5317036
        b:c:n:w 2844.6523742
        e:c:n:w 53820.0283718
