########################################
# legofit: estimate population history #
#       version 2.3.4-4-g53f8760       #
########################################

# Program was compiled: Sep 21 2021 14:36:42
# Program was run: Mon Oct 11 13:31:25 2021

# cmd: legofit -1 -d 0 -t 32 --ptsPerDim 3 --stateOut b1boot48.state --tol 3e-6 -S 5000 abef2.lgo ../../boot/boot48.opf
# Stage nOptItr nSimReps
#     0    5000        0
# algorithm          : deterministic
# ignoring probs <=  : 0
# Branch length floor: 0
# DE strategy        : 2
#    F               : 0.3
#    CR              : 0.8
#    tolerance       : 3e-06
# nthreads           : 32
# lgo input file     : abef2.lgo
# site pat input file: ../../boot/boot48.opf
# free parameters    : 17
# points in DE swarm : 51
# output state file  : b1boot48.state
# Including singleton site patterns.
# cost function      : KL
Initial parameter values
Fixed:
      zero = 0
       one = 1
    Tbecnw = 75200
Free:
       pc1 = 0
       pc2 = 0
       pc3 = 0
       pc4 = 0
       pc5 = 0
       pc6 = 0
       pc7 = 0
       pc8 = 0
       pc9 = 0
      pc10 = 0
      pc11 = 0
      pc12 = 0
      pc13 = 0
      pc14 = 0
      pc15 = 0
      pc16 = 0
      pc17 = 0
Constrained:
   Tgbecnw = 121172
     Tecnw = 27725.5
       Tnw = 10755.9
       Tec = 19739.5
     twoNb = 1.25688e+06
     twoNe = 890239
     twoNc = 1.02402e+06
     twoNw = 1.14702e+06
    twoNec = 47602
    twoNnw = 89642.3
  twoNecnw = 80198.5
  twoNbecnw = 18870.7
  twoNgbecnw = 244697
         m = 0.160418
        m2 = 0.0279712
        m5 = 0.209667
        m6 = 0.0348864
        Tb = 23732.5
        Ta = 49466.2
        Te = 9869.73
        Tf = 4934.86
DiffEv reached_goal. cost=1.82263e-03 spread=2.91861e-06
Fitted parameter values
Free:
       pc1 = -0.78248
       pc2 = 2.18898
       pc3 = -3.95257
       pc4 = 1.92613
       pc5 = 1.38375
       pc6 = 0.265039
       pc7 = -1.2331
       pc8 = 0.314543
       pc9 = 0.482039
      pc10 = 1.19264
      pc11 = 0.190317
      pc12 = -0.320411
      pc13 = -0.287026
      pc14 = 0.0844033
      pc15 = -0.0657927
      pc16 = 0.0176613
      pc17 = -0.0232841
Constrained:
   Tgbecnw = 105431
     Tecnw = 26550.5
       Tnw = 11856.3
       Tec = 19749.4
     twoNb = 611799
     twoNe = 1.54285e+06
     twoNc = 1.06635e+06
     twoNw = 1.68575e+06
    twoNec = 37607.4
    twoNnw = 75235.8
  twoNecnw = 77315.9
  twoNbecnw = 12522.2
  twoNgbecnw = 259488
         m = 0.133915
        m2 = 0.029114
        m5 = 0.226331
        m6 = 0.0506448
        Tb = 23149.9
        Ta = 49175
        Te = 9874.72
        Tf = 4937.36
#       SitePat  BranchLen
              b 130776.8616946
              e 50747.3247624
              c 53455.5424289
              n 48069.7715336
              w 48049.0507441
            b:e 2272.4537297
            b:c 2581.9111157
            b:n 1858.8530708
            b:w 1857.4374135
            e:c 10921.9004791
            e:n 5830.4563905
            e:w 5839.6719192
            c:n 5065.8470379
            c:w 5072.4773824
            n:w 13215.5730356
          b:e:c 2119.9913184
          b:e:n 1129.0243960
          b:e:w 1129.1494422
          b:c:n 1137.3638250
          b:c:w 1137.1251780
          b:n:w 2122.6840777
          e:c:n 4891.5575194
          e:c:w 4896.4324358
          e:n:w 6760.4841283
          c:n:w 5671.0601985
        b:e:c:n 2096.3787297
        b:e:c:w 2097.9079877
        b:e:n:w 3296.4421769
        b:c:n:w 2883.6796909
        e:c:n:w 54468.0888650
