########################################
# legofit: estimate population history #
#       version 2.3.4-4-g53f8760       #
########################################

# Program was compiled: Sep 21 2021 14:36:42
# Program was run: Mon Oct 11 13:30:46 2021

# cmd: legofit -1 -d 0 -t 32 --ptsPerDim 3 --stateOut b1boot46.state --tol 3e-6 -S 5000 abef2.lgo ../../boot/boot46.opf
# Stage nOptItr nSimReps
#     0    5000        0
# algorithm          : deterministic
# ignoring probs <=  : 0
# Branch length floor: 0
# DE strategy        : 2
#    F               : 0.3
#    CR              : 0.8
#    tolerance       : 3e-06
# nthreads           : 32
# lgo input file     : abef2.lgo
# site pat input file: ../../boot/boot46.opf
# free parameters    : 17
# points in DE swarm : 51
# output state file  : b1boot46.state
# Including singleton site patterns.
# cost function      : KL
Initial parameter values
Fixed:
      zero = 0
       one = 1
    Tbecnw = 75200
Free:
       pc1 = 0
       pc2 = 0
       pc3 = 0
       pc4 = 0
       pc5 = 0
       pc6 = 0
       pc7 = 0
       pc8 = 0
       pc9 = 0
      pc10 = 0
      pc11 = 0
      pc12 = 0
      pc13 = 0
      pc14 = 0
      pc15 = 0
      pc16 = 0
      pc17 = 0
Constrained:
   Tgbecnw = 121172
     Tecnw = 27725.5
       Tnw = 10755.9
       Tec = 19739.5
     twoNb = 1.25688e+06
     twoNe = 890239
     twoNc = 1.02402e+06
     twoNw = 1.14702e+06
    twoNec = 47602
    twoNnw = 89642.3
  twoNecnw = 80198.5
  twoNbecnw = 18870.7
  twoNgbecnw = 244697
         m = 0.160418
        m2 = 0.0279712
        m5 = 0.209667
        m6 = 0.0348864
        Tb = 23732.5
        Ta = 49466.2
        Te = 9869.73
        Tf = 4934.86
DiffEv reached_goal. cost=1.74714e-03 spread=1.84878e-06
Fitted parameter values
Free:
       pc1 = 1.25035
       pc2 = 3.7598
       pc3 = -3.57469
       pc4 = 1.99912
       pc5 = 1.97775
       pc6 = -0.294048
       pc7 = -1.88893
       pc8 = -0.273725
       pc9 = 0.911325
      pc10 = 0.503037
      pc11 = 0.133633
      pc12 = -0.304242
      pc13 = -0.123457
      pc14 = 0.000846217
      pc15 = -0.0730681
      pc16 = 0.000800057
      pc17 = -0.00774834
Constrained:
   Tgbecnw = 105142
     Tecnw = 27404.1
       Tnw = 10833.9
       Tec = 19497.9
     twoNb = 523262
     twoNe = 1.38921e+06
     twoNc = 1.98893e+06
     twoNw = 2.00848e+06
    twoNec = 39905.5
    twoNnw = 82265.6
  twoNecnw = 72819.3
  twoNbecnw = 11785.1
  twoNgbecnw = 301472
         m = 0.109365
        m2 = 0.0297352
        m5 = 0.245519
        m6 = 0.0779374
        Tb = 23451
        Ta = 49325.5
        Te = 9748.97
        Tf = 4874.49
#       SitePat  BranchLen
              b 129217.0789988
              e 50138.4398800
              c 52759.7031380
              n 47430.0713368
              w 47414.0929685
            b:e 2248.7952271
            b:c 2549.4695497
            b:n 1839.3567963
            b:w 1838.2807693
            e:c 10757.8275797
            e:n 5748.9118366
            e:w 5752.1516610
            c:n 5003.2147448
            c:w 5012.2021573
            n:w 13045.3613615
          b:e:c 2106.1101833
          b:e:n 1116.4153601
          b:e:w 1116.0703750
          b:c:n 1124.3289050
          b:c:w 1124.5890083
          b:n:w 2105.5769533
          e:c:n 4838.2762774
          e:c:w 4842.0274088
          e:n:w 6692.3444951
          c:n:w 5639.4356055
        b:e:c:n 2073.9834494
        b:e:c:w 2075.1443583
        b:e:n:w 3249.0355613
        b:c:n:w 2849.2212310
        e:c:n:w 53877.9233567
