########################################
# legofit: estimate population history #
#       version 2.3.4-4-g53f8760       #
########################################

# Program was compiled: Sep 21 2021 14:36:42
# Program was run: Mon Oct 11 13:27:27 2021

# cmd: legofit -1 -d 0 -t 32 --ptsPerDim 3 --stateOut b1boot40.state --tol 3e-6 -S 5000 abef2.lgo ../../boot/boot40.opf
# Stage nOptItr nSimReps
#     0    5000        0
# algorithm          : deterministic
# ignoring probs <=  : 0
# Branch length floor: 0
# DE strategy        : 2
#    F               : 0.3
#    CR              : 0.8
#    tolerance       : 3e-06
# nthreads           : 32
# lgo input file     : abef2.lgo
# site pat input file: ../../boot/boot40.opf
# free parameters    : 17
# points in DE swarm : 51
# output state file  : b1boot40.state
# Including singleton site patterns.
# cost function      : KL
Initial parameter values
Fixed:
      zero = 0
       one = 1
    Tbecnw = 75200
Free:
       pc1 = 0
       pc2 = 0
       pc3 = 0
       pc4 = 0
       pc5 = 0
       pc6 = 0
       pc7 = 0
       pc8 = 0
       pc9 = 0
      pc10 = 0
      pc11 = 0
      pc12 = 0
      pc13 = 0
      pc14 = 0
      pc15 = 0
      pc16 = 0
      pc17 = 0
Constrained:
   Tgbecnw = 121172
     Tecnw = 27725.5
       Tnw = 10755.9
       Tec = 19739.5
     twoNb = 1.25688e+06
     twoNe = 890239
     twoNc = 1.02402e+06
     twoNw = 1.14702e+06
    twoNec = 47602
    twoNnw = 89642.3
  twoNecnw = 80198.5
  twoNbecnw = 18870.7
  twoNgbecnw = 244697
         m = 0.160418
        m2 = 0.0279712
        m5 = 0.209667
        m6 = 0.0348864
        Tb = 23732.5
        Ta = 49466.2
        Te = 9869.73
        Tf = 4934.86
DiffEv reached_goal. cost=1.80046e-03 spread=2.99355e-06
Fitted parameter values
Free:
       pc1 = 1.20751
       pc2 = 3.08927
       pc3 = -3.93255
       pc4 = 1.92509
       pc5 = 1.91359
       pc6 = -0.39621
       pc7 = -1.93898
       pc8 = 0.164698
       pc9 = 0.407196
      pc10 = -0.62074
      pc11 = 0.43662
      pc12 = -0.0821129
      pc13 = -0.227474
      pc14 = -0.053641
      pc15 = -0.0762344
      pc16 = 0.0229999
      pc17 = -0.0227177
Constrained:
   Tgbecnw = 105857
     Tecnw = 27269.5
       Tnw = 10636.6
       Tec = 19903.3
     twoNb = 471226
     twoNe = 1.77209e+06
     twoNc = 2.01842e+06
     twoNw = 1.98138e+06
    twoNec = 37032.9
    twoNnw = 83312.9
  twoNecnw = 74027.7
  twoNbecnw = 11689.3
  twoNgbecnw = 320697
         m = 0.103719
        m2 = 0.0283086
        m5 = 0.24694
        m6 = 0.0751733
        Tb = 23586.4
        Ta = 49393.2
        Te = 9951.66
        Tf = 4975.83
#       SitePat  BranchLen
              b 129235.2764322
              e 50109.5938387
              c 52776.2193420
              n 47519.1021017
              w 47505.8455795
            b:e 2224.0475739
            b:c 2526.7298492
            b:n 1835.5007687
            b:w 1834.6151592
            e:c 10765.9684866
            e:n 5761.2647094
            e:w 5762.6632249
            c:n 4995.4071873
            c:w 5004.1569490
            n:w 13033.0834473
          b:e:c 2098.2218734
          b:e:n 1112.8968252
          b:e:w 1112.4646385
          b:c:n 1121.0505341
          b:c:w 1121.4116903
          b:n:w 2095.7146201
          e:c:n 4820.6633823
          e:c:w 4823.7716273
          e:n:w 6624.0385151
          c:n:w 5562.1282698
        b:e:c:n 2075.1775573
        b:e:c:w 2076.1341974
        b:e:n:w 3211.0132988
        b:c:n:w 2810.8787533
        e:c:n:w 53913.2142651
