########################################
# legofit: estimate population history #
#       version 2.3.4-4-g53f8760       #
########################################

# Program was compiled: Sep 21 2021 14:36:42
# Program was run: Mon Oct 11 13:13:40 2021

# cmd: legofit -1 -d 0 -t 32 --ptsPerDim 3 --stateOut b1boot18.state --tol 3e-6 -S 5000 abef2.lgo ../../boot/boot18.opf
# Stage nOptItr nSimReps
#     0    5000        0
# algorithm          : deterministic
# ignoring probs <=  : 0
# Branch length floor: 0
# DE strategy        : 2
#    F               : 0.3
#    CR              : 0.8
#    tolerance       : 3e-06
# nthreads           : 32
# lgo input file     : abef2.lgo
# site pat input file: ../../boot/boot18.opf
# free parameters    : 17
# points in DE swarm : 51
# output state file  : b1boot18.state
# Including singleton site patterns.
# cost function      : KL
Initial parameter values
Fixed:
      zero = 0
       one = 1
    Tbecnw = 75200
Free:
       pc1 = 0
       pc2 = 0
       pc3 = 0
       pc4 = 0
       pc5 = 0
       pc6 = 0
       pc7 = 0
       pc8 = 0
       pc9 = 0
      pc10 = 0
      pc11 = 0
      pc12 = 0
      pc13 = 0
      pc14 = 0
      pc15 = 0
      pc16 = 0
      pc17 = 0
Constrained:
   Tgbecnw = 121172
     Tecnw = 27725.5
       Tnw = 10755.9
       Tec = 19739.5
     twoNb = 1.25688e+06
     twoNe = 890239
     twoNc = 1.02402e+06
     twoNw = 1.14702e+06
    twoNec = 47602
    twoNnw = 89642.3
  twoNecnw = 80198.5
  twoNbecnw = 18870.7
  twoNgbecnw = 244697
         m = 0.160418
        m2 = 0.0279712
        m5 = 0.209667
        m6 = 0.0348864
        Tb = 23732.5
        Ta = 49466.2
        Te = 9869.73
        Tf = 4934.86
DiffEv reached_goal. cost=1.82069e-03 spread=2.96930e-06
Fitted parameter values
Free:
       pc1 = 0.402139
       pc2 = 3.78102
       pc3 = -3.99939
       pc4 = 1.98878
       pc5 = 1.81649
       pc6 = 0.564623
       pc7 = -1.98371
       pc8 = 0.243101
       pc9 = 1.03837
      pc10 = 1.43335
      pc11 = 0.40341
      pc12 = -0.508511
      pc13 = 0.0161015
      pc14 = -0.0722419
      pc15 = -0.0288272
      pc16 = 0.0726703
      pc17 = -0.170907
Constrained:
   Tgbecnw = 104010
     Tecnw = 26904
       Tnw = 11652.5
       Tec = 19343.7
     twoNb = 592179
     twoNe = 971245
     twoNc = 858467
     twoNw = 1.95165e+06
    twoNec = 38371.8
    twoNnw = 76755.1
  twoNecnw = 75243.9
  twoNbecnw = 11393.9
  twoNgbecnw = 295287
         m = 0.113861
        m2 = 0.0301241
        m5 = 0.240017
        m6 = 0.080373
        Tb = 23123.8
        Ta = 49161.9
        Te = 9671.85
        Tf = 4835.92
#       SitePat  BranchLen
              b 129245.3246716
              e 50265.5171265
              c 52737.6917243
              n 47608.3005347
              w 47585.4645154
            b:e 2241.8298295
            b:c 2523.5772315
            b:n 1838.3066993
            b:w 1836.7573819
            e:c 10827.2235852
            e:n 5747.0778912
            e:w 5754.5038559
            c:n 5047.3038193
            c:w 5057.3411935
            n:w 12995.4396669
          b:e:c 2098.6212023
          b:e:n 1116.8610905
          b:e:w 1116.6846722
          b:c:n 1124.5769819
          b:c:w 1124.6270367
          b:n:w 2102.4211480
          e:c:n 4830.3368780
          e:c:w 4835.7095584
          e:n:w 6620.4366839
          c:n:w 5629.6900510
        b:e:c:n 2078.5472189
        b:e:c:w 2080.2228998
        b:e:n:w 3256.1710671
        b:c:n:w 2874.2741190
        e:c:n:w 53789.0600028
