########################################
# legofit: estimate population history #
#       version 2.3.4-4-g53f8760       #
########################################

# Program was compiled: Sep 21 2021 14:36:42
# Program was run: Mon Oct 11 13:29:40 2021

# cmd: legofit -1 -d 0 -t 32 --ptsPerDim 3 --stateOut b1boot45.state --tol 3e-6 -S 5000 abef2.lgo ../../boot/boot45.opf
# Stage nOptItr nSimReps
#     0    5000        0
# algorithm          : deterministic
# ignoring probs <=  : 0
# Branch length floor: 0
# DE strategy        : 2
#    F               : 0.3
#    CR              : 0.8
#    tolerance       : 3e-06
# nthreads           : 32
# lgo input file     : abef2.lgo
# site pat input file: ../../boot/boot45.opf
# free parameters    : 17
# points in DE swarm : 51
# output state file  : b1boot45.state
# Including singleton site patterns.
# cost function      : KL
Initial parameter values
Fixed:
      zero = 0
       one = 1
    Tbecnw = 75200
Free:
       pc1 = 0
       pc2 = 0
       pc3 = 0
       pc4 = 0
       pc5 = 0
       pc6 = 0
       pc7 = 0
       pc8 = 0
       pc9 = 0
      pc10 = 0
      pc11 = 0
      pc12 = 0
      pc13 = 0
      pc14 = 0
      pc15 = 0
      pc16 = 0
      pc17 = 0
Constrained:
   Tgbecnw = 121172
     Tecnw = 27725.5
       Tnw = 10755.9
       Tec = 19739.5
     twoNb = 1.25688e+06
     twoNe = 890239
     twoNc = 1.02402e+06
     twoNw = 1.14702e+06
    twoNec = 47602
    twoNnw = 89642.3
  twoNecnw = 80198.5
  twoNbecnw = 18870.7
  twoNgbecnw = 244697
         m = 0.160418
        m2 = 0.0279712
        m5 = 0.209667
        m6 = 0.0348864
        Tb = 23732.5
        Ta = 49466.2
        Te = 9869.73
        Tf = 4934.86
DiffEv reached_goal. cost=1.84920e-03 spread=2.36175e-06
Fitted parameter values
Free:
       pc1 = 0.636318
       pc2 = 2.83342
       pc3 = -3.87795
       pc4 = 1.90094
       pc5 = 1.90007
       pc6 = 0.546538
       pc7 = -1.75895
       pc8 = 0.128688
       pc9 = 0.49417
      pc10 = 0.638541
      pc11 = 0.342641
      pc12 = -0.217721
      pc13 = -0.145318
      pc14 = -0.04341
      pc15 = -0.0914353
      pc16 = 0.026717
      pc17 = -0.118237
Constrained:
   Tgbecnw = 105771
     Tecnw = 26988.1
       Tnw = 11186.4
       Tec = 19479.1
     twoNb = 395494
     twoNe = 1.43304e+06
     twoNc = 729431
     twoNw = 1.93844e+06
    twoNec = 39323.3
    twoNnw = 80166.4
  twoNecnw = 75429.8
  twoNbecnw = 11903.5
  twoNgbecnw = 300719
         m = 0.113539
        m2 = 0.0291343
        m5 = 0.236877
        m6 = 0.0678681
        Tb = 23233.6
        Ta = 49216.8
        Te = 9739.54
        Tf = 4869.77
#       SitePat  BranchLen
              b 129906.4209398
              e 50377.1175722
              c 52980.2938937
              n 47767.6614916
              w 47750.1671331
            b:e 2269.1067705
            b:c 2573.5703029
            b:n 1833.2900438
            b:w 1832.1165516
            e:c 10809.2647343
            e:n 5768.6352670
            e:w 5773.9067739
            c:n 5023.8715575
            c:w 5032.0127030
            n:w 13062.6627145
          b:e:c 2100.1216393
          b:e:n 1114.5858063
          b:e:w 1114.4020734
          b:c:n 1123.0131834
          b:c:w 1123.1002791
          b:n:w 2091.5151338
          e:c:n 4824.6620132
          e:c:w 4828.7437192
          e:n:w 6652.2642342
          c:n:w 5608.1067809
        b:e:c:n 2076.1147801
        b:e:c:w 2077.3849096
        b:e:n:w 3233.8778235
        b:c:n:w 2839.9275609
        e:c:n:w 54288.3599798
