########################################
# legofit: estimate population history #
#       version 2.3.4-4-g53f8760       #
########################################

# Program was compiled: Sep 21 2021 14:36:42
# Program was run: Mon Oct 11 13:10:26 2021

# cmd: legofit -1 -d 0 -t 32 --ptsPerDim 3 --stateOut b1boot11.state --tol 3e-6 -S 5000 abef2.lgo ../../boot/boot11.opf
# Stage nOptItr nSimReps
#     0    5000        0
# algorithm          : deterministic
# ignoring probs <=  : 0
# Branch length floor: 0
# DE strategy        : 2
#    F               : 0.3
#    CR              : 0.8
#    tolerance       : 3e-06
# nthreads           : 32
# lgo input file     : abef2.lgo
# site pat input file: ../../boot/boot11.opf
# free parameters    : 17
# points in DE swarm : 51
# output state file  : b1boot11.state
# Including singleton site patterns.
# cost function      : KL
Initial parameter values
Fixed:
      zero = 0
       one = 1
    Tbecnw = 75200
Free:
       pc1 = 0
       pc2 = 0
       pc3 = 0
       pc4 = 0
       pc5 = 0
       pc6 = 0
       pc7 = 0
       pc8 = 0
       pc9 = 0
      pc10 = 0
      pc11 = 0
      pc12 = 0
      pc13 = 0
      pc14 = 0
      pc15 = 0
      pc16 = 0
      pc17 = 0
Constrained:
   Tgbecnw = 121172
     Tecnw = 27725.5
       Tnw = 10755.9
       Tec = 19739.5
     twoNb = 1.25688e+06
     twoNe = 890239
     twoNc = 1.02402e+06
     twoNw = 1.14702e+06
    twoNec = 47602
    twoNnw = 89642.3
  twoNecnw = 80198.5
  twoNbecnw = 18870.7
  twoNgbecnw = 244697
         m = 0.160418
        m2 = 0.0279712
        m5 = 0.209667
        m6 = 0.0348864
        Tb = 23732.5
        Ta = 49466.2
        Te = 9869.73
        Tf = 4934.86
DiffEv reached_goal. cost=1.83645e-03 spread=2.80218e-06
Fitted parameter values
Free:
       pc1 = 0.533501
       pc2 = 2.91677
       pc3 = -3.54863
       pc4 = 1.93658
       pc5 = 1.61137
       pc6 = 0.14492
       pc7 = -1.72078
       pc8 = 1.09964
       pc9 = -0.294763
      pc10 = 0.133467
      pc11 = 0.409773
      pc12 = -0.349736
      pc13 = -0.297916
      pc14 = 0.0847683
      pc15 = 0.0779141
      pc16 = 0.101008
      pc17 = 0.00330704
Constrained:
   Tgbecnw = 105378
     Tecnw = 27139.7
       Tnw = 11273.3
       Tec = 19408.2
     twoNb = 460711
     twoNe = 1.56751e+06
     twoNc = 844929
     twoNw = 1.6491e+06
    twoNec = 39327.2
    twoNnw = 79303.4
  twoNecnw = 75924
  twoNbecnw = 12289.5
  twoNgbecnw = 273529
         m = 0.124321
        m2 = 0.028135
        m5 = 0.246639
        m6 = 0.0767551
        Tb = 23274
        Ta = 49237
        Te = 9704.12
        Tf = 4852.06
#       SitePat  BranchLen
              b 130122.8245829
              e 50446.0799106
              c 53097.8174106
              n 47866.9027586
              w 47843.3829897
            b:e 2276.7547668
            b:c 2584.3467280
            b:n 1862.9458750
            b:w 1861.3480639
            e:c 10900.9267612
            e:n 5833.0868785
            e:w 5840.0238645
            c:n 5075.3315864
            c:w 5086.3802581
            n:w 13144.4468946
          b:e:c 2127.1001230
          b:e:n 1131.8392240
          b:e:w 1131.5761422
          b:c:n 1140.0699014
          b:c:w 1140.2043140
          b:n:w 2122.4695838
          e:c:n 4878.8596913
          e:c:w 4884.3938026
          e:n:w 6733.1083864
          c:n:w 5664.8956052
        b:e:c:n 2103.7674223
        b:e:c:w 2105.4939027
        b:e:n:w 3231.8640850
        b:c:n:w 2835.2873846
        e:c:n:w 54153.0174838
