########################################
# legofit: estimate population history #
#       version 2.3.4-4-g53f8760       #
########################################

# Program was compiled: Sep 21 2021 14:36:42
# Program was run: Mon Oct 11 13:17:44 2021

# cmd: legofit -1 -d 0 -t 32 --ptsPerDim 3 --stateOut b1boot25.state --tol 3e-6 -S 5000 abef2.lgo ../../boot/boot25.opf
# Stage nOptItr nSimReps
#     0    5000        0
# algorithm          : deterministic
# ignoring probs <=  : 0
# Branch length floor: 0
# DE strategy        : 2
#    F               : 0.3
#    CR              : 0.8
#    tolerance       : 3e-06
# nthreads           : 32
# lgo input file     : abef2.lgo
# site pat input file: ../../boot/boot25.opf
# free parameters    : 17
# points in DE swarm : 51
# output state file  : b1boot25.state
# Including singleton site patterns.
# cost function      : KL
Initial parameter values
Fixed:
      zero = 0
       one = 1
    Tbecnw = 75200
Free:
       pc1 = 0
       pc2 = 0
       pc3 = 0
       pc4 = 0
       pc5 = 0
       pc6 = 0
       pc7 = 0
       pc8 = 0
       pc9 = 0
      pc10 = 0
      pc11 = 0
      pc12 = 0
      pc13 = 0
      pc14 = 0
      pc15 = 0
      pc16 = 0
      pc17 = 0
Constrained:
   Tgbecnw = 121172
     Tecnw = 27725.5
       Tnw = 10755.9
       Tec = 19739.5
     twoNb = 1.25688e+06
     twoNe = 890239
     twoNc = 1.02402e+06
     twoNw = 1.14702e+06
    twoNec = 47602
    twoNnw = 89642.3
  twoNecnw = 80198.5
  twoNbecnw = 18870.7
  twoNgbecnw = 244697
         m = 0.160418
        m2 = 0.0279712
        m5 = 0.209667
        m6 = 0.0348864
        Tb = 23732.5
        Ta = 49466.2
        Te = 9869.73
        Tf = 4934.86
DiffEv reached_goal. cost=1.81074e-03 spread=2.28671e-06
Fitted parameter values
Free:
       pc1 = 1.68215
       pc2 = 3.31381
       pc3 = -3.93078
       pc4 = 1.97112
       pc5 = 1.65339
       pc6 = 0.0290509
       pc7 = -1.91067
       pc8 = 0.713523
       pc9 = 0.382286
      pc10 = -0.0564616
      pc11 = 0.295888
      pc12 = -0.0290986
      pc13 = -0.257935
      pc14 = -0.0698206
      pc15 = -0.140126
      pc16 = -0.0731062
      pc17 = 0.00629165
Constrained:
   Tgbecnw = 105625
     Tecnw = 27415.7
       Tnw = 10789.4
       Tec = 19400.5
     twoNb = 430519
     twoNe = 1.39145e+06
     twoNc = 1.24479e+06
     twoNw = 1.78221e+06
    twoNec = 40243.3
    twoNnw = 81559.9
  twoNecnw = 73145.4
  twoNbecnw = 11382.8
  twoNgbecnw = 337047
         m = 0.0964326
        m2 = 0.0285829
        m5 = 0.251162
        m6 = 0.0779447
        Tb = 23408.1
        Ta = 49304.1
        Te = 9700.26
        Tf = 4850.13
#       SitePat  BranchLen
              b 128334.3423504
              e 49942.9785830
              c 52655.5418235
              n 47289.2925969
              w 47271.2099558
            b:e 2217.0747150
            b:c 2526.9972608
            b:n 1812.4846197
            b:w 1811.2793748
            e:c 10688.2267246
            e:n 5732.1986359
            e:w 5736.0382258
            c:n 4955.2653778
            c:w 4965.2923280
            n:w 13009.0948300
          b:e:c 2085.1753206
          b:e:n 1102.6163915
          b:e:w 1102.2457079
          b:c:n 1111.1581369
          b:c:w 1111.4308555
          b:n:w 2077.8817326
          e:c:n 4765.4780290
          e:c:w 4769.6941301
          e:n:w 6634.6858589
          c:n:w 5547.4786522
        b:e:c:n 2050.8409673
        b:e:c:w 2052.1441772
        b:e:n:w 3196.2481895
        b:c:n:w 2790.9218294
        e:c:n:w 53307.1961827
