########################################
# legofit: estimate population history #
#       version 2.3.4-4-g53f8760       #
########################################

# Program was compiled: Sep 21 2021 14:36:42
# Program was run: Mon Oct 11 13:29:05 2021

# cmd: legofit -1 -d 0 -t 32 --ptsPerDim 3 --stateOut b1boot43.state --tol 3e-6 -S 5000 abef2.lgo ../../boot/boot43.opf
# Stage nOptItr nSimReps
#     0    5000        0
# algorithm          : deterministic
# ignoring probs <=  : 0
# Branch length floor: 0
# DE strategy        : 2
#    F               : 0.3
#    CR              : 0.8
#    tolerance       : 3e-06
# nthreads           : 32
# lgo input file     : abef2.lgo
# site pat input file: ../../boot/boot43.opf
# free parameters    : 17
# points in DE swarm : 51
# output state file  : b1boot43.state
# Including singleton site patterns.
# cost function      : KL
Initial parameter values
Fixed:
      zero = 0
       one = 1
    Tbecnw = 75200
Free:
       pc1 = 0
       pc2 = 0
       pc3 = 0
       pc4 = 0
       pc5 = 0
       pc6 = 0
       pc7 = 0
       pc8 = 0
       pc9 = 0
      pc10 = 0
      pc11 = 0
      pc12 = 0
      pc13 = 0
      pc14 = 0
      pc15 = 0
      pc16 = 0
      pc17 = 0
Constrained:
   Tgbecnw = 121172
     Tecnw = 27725.5
       Tnw = 10755.9
       Tec = 19739.5
     twoNb = 1.25688e+06
     twoNe = 890239
     twoNc = 1.02402e+06
     twoNw = 1.14702e+06
    twoNec = 47602
    twoNnw = 89642.3
  twoNecnw = 80198.5
  twoNbecnw = 18870.7
  twoNgbecnw = 244697
         m = 0.160418
        m2 = 0.0279712
        m5 = 0.209667
        m6 = 0.0348864
        Tb = 23732.5
        Ta = 49466.2
        Te = 9869.73
        Tf = 4934.86
DiffEv reached_goal. cost=1.83094e-03 spread=2.92567e-06
Fitted parameter values
Free:
       pc1 = 1.63933
       pc2 = 1.59231
       pc3 = -3.77621
       pc4 = 1.99246
       pc5 = 1.87532
       pc6 = -0.264454
       pc7 = -1.96375
       pc8 = 0.555186
       pc9 = 0.369441
      pc10 = -0.250988
      pc11 = 0.321623
      pc12 = -0.12617
      pc13 = -0.0876233
      pc14 = -0.0529173
      pc15 = 0.0196302
      pc16 = -0.0282461
      pc17 = -0.0738
Constrained:
   Tgbecnw = 107583
     Tecnw = 27118.9
       Tnw = 10638.8
       Tec = 18484.9
     twoNb = 456914
     twoNe = 1.60467e+06
     twoNc = 1.49628e+06
     twoNw = 1.88073e+06
    twoNec = 46484.5
    twoNnw = 83710.2
  twoNecnw = 73072.8
  twoNbecnw = 12140
  twoNgbecnw = 334195
         m = 0.0966402
        m2 = 0.0276767
        m5 = 0.233764
        m6 = 0.063687
        Tb = 22801.9
        Ta = 49000.9
        Te = 9242.43
        Tf = 4621.22
#       SitePat  BranchLen
              b 128755.4276083
              e 50066.6158761
              c 52666.4412639
              n 47457.6244402
              w 47440.9988273
            b:e 2240.6313186
            b:c 2536.7796206
            b:n 1839.8536320
            b:w 1838.7369643
            e:c 10754.8066429
            e:n 5747.7821816
            e:w 5753.1335775
            c:n 5003.6016561
            c:w 5011.0138327
            n:w 13012.3089920
          b:e:c 2097.1506188
          b:e:n 1118.6776940
          b:e:w 1118.5408075
          b:c:n 1126.9006037
          b:c:w 1126.9482474
          b:n:w 2089.8314189
          e:c:n 4835.0659060
          e:c:w 4838.9279463
          e:n:w 6640.0359406
          c:n:w 5601.6098437
        b:e:c:n 2076.1073780
        b:e:c:w 2077.3132885
        b:e:n:w 3203.2673943
        b:c:n:w 2815.3896807
        e:c:n:w 53493.4999134
