########################################
# legofit: estimate population history #
#       version 2.3.4-4-g53f8760       #
########################################

# Program was compiled: Sep 21 2021 14:36:42
# Program was run: Mon Oct 11 13:20:28 2021

# cmd: legofit -1 -d 0 -t 32 --ptsPerDim 3 --stateOut b1boot28.state --tol 3e-6 -S 5000 abef2.lgo ../../boot/boot28.opf
# Stage nOptItr nSimReps
#     0    5000        0
# algorithm          : deterministic
# ignoring probs <=  : 0
# Branch length floor: 0
# DE strategy        : 2
#    F               : 0.3
#    CR              : 0.8
#    tolerance       : 3e-06
# nthreads           : 32
# lgo input file     : abef2.lgo
# site pat input file: ../../boot/boot28.opf
# free parameters    : 17
# points in DE swarm : 51
# output state file  : b1boot28.state
# Including singleton site patterns.
# cost function      : KL
Initial parameter values
Fixed:
      zero = 0
       one = 1
    Tbecnw = 75200
Free:
       pc1 = 0
       pc2 = 0
       pc3 = 0
       pc4 = 0
       pc5 = 0
       pc6 = 0
       pc7 = 0
       pc8 = 0
       pc9 = 0
      pc10 = 0
      pc11 = 0
      pc12 = 0
      pc13 = 0
      pc14 = 0
      pc15 = 0
      pc16 = 0
      pc17 = 0
Constrained:
   Tgbecnw = 121172
     Tecnw = 27725.5
       Tnw = 10755.9
       Tec = 19739.5
     twoNb = 1.25688e+06
     twoNe = 890239
     twoNc = 1.02402e+06
     twoNw = 1.14702e+06
    twoNec = 47602
    twoNnw = 89642.3
  twoNecnw = 80198.5
  twoNbecnw = 18870.7
  twoNgbecnw = 244697
         m = 0.160418
        m2 = 0.0279712
        m5 = 0.209667
        m6 = 0.0348864
        Tb = 23732.5
        Ta = 49466.2
        Te = 9869.73
        Tf = 4934.86
DiffEv reached_goal. cost=1.81085e-03 spread=2.88450e-06
Fitted parameter values
Free:
       pc1 = 1.04864
       pc2 = 2.59486
       pc3 = -3.89196
       pc4 = 1.83962
       pc5 = 1.94554
       pc6 = -1.09667
       pc7 = -1.79584
       pc8 = 0.204615
       pc9 = 0.576298
      pc10 = 0.0672218
      pc11 = 0.341872
      pc12 = -0.264434
      pc13 = -0.160679
      pc14 = -0.0305022
      pc15 = 0.0100887
      pc16 = 0.0282061
      pc17 = -0.0177053
Constrained:
   Tgbecnw = 106609
     Tecnw = 27147.1
       Tnw = 11022.3
       Tec = 19095.6
     twoNb = 471727
     twoNe = 1.90425e+06
     twoNc = 2.79489e+06
     twoNw = 1.91252e+06
    twoNec = 42683.5
    twoNnw = 81121.3
  twoNecnw = 73499.9
  twoNbecnw = 12172.2
  twoNgbecnw = 308970
         m = 0.105107
        m2 = 0.0284785
        m5 = 0.239596
        m6 = 0.0699909
        Tb = 23121.3
        Ta = 49160.7
        Te = 9547.78
        Tf = 4773.89
#       SitePat  BranchLen
              b 128893.4458095
              e 50190.3207289
              c 52805.0020548
              n 47507.8909386
              w 47489.7625575
            b:e 2256.0962447
            b:c 2556.6587153
            b:n 1843.6845618
            b:w 1842.4578733
            e:c 10732.1686302
            e:n 5774.8684529
            e:w 5780.3812347
            c:n 5029.7239028
            c:w 5038.0895843
            n:w 13029.1777876
          b:e:c 2103.0992941
          b:e:n 1123.0374827
          b:e:w 1122.8538587
          b:c:n 1131.2202316
          b:c:w 1131.3062322
          b:n:w 2096.8917704
          e:c:n 4844.4741700
          e:c:w 4848.7240879
          e:n:w 6695.0169222
          c:n:w 5643.8252797
        b:e:c:n 2079.7022539
        b:e:c:w 2081.0265658
        b:e:n:w 3225.5075301
        b:c:n:w 2832.2564037
        e:c:n:w 53461.9676234
