########################################
# legofit: estimate population history #
#       version 2.3.4-4-g53f8760       #
########################################

# Program was compiled: Sep 21 2021 14:36:42
# Program was run: Mon Oct 11 13:17:21 2021

# cmd: legofit -1 -d 0 -t 32 --ptsPerDim 3 --stateOut b1boot23.state --tol 3e-6 -S 5000 abef2.lgo ../../boot/boot23.opf
# Stage nOptItr nSimReps
#     0    5000        0
# algorithm          : deterministic
# ignoring probs <=  : 0
# Branch length floor: 0
# DE strategy        : 2
#    F               : 0.3
#    CR              : 0.8
#    tolerance       : 3e-06
# nthreads           : 32
# lgo input file     : abef2.lgo
# site pat input file: ../../boot/boot23.opf
# free parameters    : 17
# points in DE swarm : 51
# output state file  : b1boot23.state
# Including singleton site patterns.
# cost function      : KL
Initial parameter values
Fixed:
      zero = 0
       one = 1
    Tbecnw = 75200
Free:
       pc1 = 0
       pc2 = 0
       pc3 = 0
       pc4 = 0
       pc5 = 0
       pc6 = 0
       pc7 = 0
       pc8 = 0
       pc9 = 0
      pc10 = 0
      pc11 = 0
      pc12 = 0
      pc13 = 0
      pc14 = 0
      pc15 = 0
      pc16 = 0
      pc17 = 0
Constrained:
   Tgbecnw = 121172
     Tecnw = 27725.5
       Tnw = 10755.9
       Tec = 19739.5
     twoNb = 1.25688e+06
     twoNe = 890239
     twoNc = 1.02402e+06
     twoNw = 1.14702e+06
    twoNec = 47602
    twoNnw = 89642.3
  twoNecnw = 80198.5
  twoNbecnw = 18870.7
  twoNgbecnw = 244697
         m = 0.160418
        m2 = 0.0279712
        m5 = 0.209667
        m6 = 0.0348864
        Tb = 23732.5
        Ta = 49466.2
        Te = 9869.73
        Tf = 4934.86
DiffEv reached_goal. cost=1.79078e-03 spread=2.80552e-06
Fitted parameter values
Free:
       pc1 = 0.436323
       pc2 = 3.1511
       pc3 = -3.88174
       pc4 = 1.95726
       pc5 = 1.77513
       pc6 = -0.328623
       pc7 = -1.72744
       pc8 = -0.188197
       pc9 = 0.856871
      pc10 = 0.597815
      pc11 = 0.217424
      pc12 = -0.36509
      pc13 = -0.0934963
      pc14 = 0.0068999
      pc15 = -0.0790756
      pc16 = -0.0197598
      pc17 = -0.0389651
Constrained:
   Tgbecnw = 105175
     Tecnw = 27034.4
       Tnw = 11169.8
       Tec = 19707.1
     twoNb = 569173
     twoNe = 1.49054e+06
     twoNc = 2.06786e+06
     twoNw = 1.94822e+06
    twoNec = 37848.7
    twoNnw = 79486.7
  twoNecnw = 74467.4
  twoNbecnw = 11950.7
  twoNgbecnw = 288973
         m = 0.114439
        m2 = 0.0294259
        m5 = 0.236513
        m6 = 0.0687211
        Tb = 23370.7
        Ta = 49285.4
        Te = 9853.53
        Tf = 4926.77
#       SitePat  BranchLen
              b 129178.9404268
              e 50285.2260214
              c 52896.4273417
              n 47602.8285411
              w 47586.1862480
            b:e 2246.4233268
            b:c 2543.5098898
            b:n 1845.8621372
            b:w 1844.7354822
            e:c 10848.7172710
            e:n 5756.9380428
            e:w 5761.4475131
            c:n 5015.3779728
            c:w 5023.5990035
            n:w 13120.7887449
          b:e:c 2113.9355188
          b:e:n 1118.1067009
          b:e:w 1117.8762894
          b:c:n 1126.0126398
          b:c:w 1126.1533276
          b:n:w 2115.4510141
          e:c:n 4854.9464509
          e:c:w 4858.8582430
          e:n:w 6683.3022029
          c:n:w 5635.0637631
        b:e:c:n 2082.3369602
        b:e:c:w 2083.5533389
        b:e:n:w 3251.4768993
        b:c:n:w 2854.6529967
        e:c:n:w 53585.8824808
