########################################
# legofit: estimate population history #
#       version 2.3.4-4-g53f8760       #
########################################

# Program was compiled: Sep 21 2021 14:36:42
# Program was run: Mon Oct 11 13:14:51 2021

# cmd: legofit -1 -d 0 -t 32 --ptsPerDim 3 --stateOut b1boot21.state --tol 3e-6 -S 5000 abef2.lgo ../../boot/boot21.opf
# Stage nOptItr nSimReps
#     0    5000        0
# algorithm          : deterministic
# ignoring probs <=  : 0
# Branch length floor: 0
# DE strategy        : 2
#    F               : 0.3
#    CR              : 0.8
#    tolerance       : 3e-06
# nthreads           : 32
# lgo input file     : abef2.lgo
# site pat input file: ../../boot/boot21.opf
# free parameters    : 17
# points in DE swarm : 51
# output state file  : b1boot21.state
# Including singleton site patterns.
# cost function      : KL
Initial parameter values
Fixed:
      zero = 0
       one = 1
    Tbecnw = 75200
Free:
       pc1 = 0
       pc2 = 0
       pc3 = 0
       pc4 = 0
       pc5 = 0
       pc6 = 0
       pc7 = 0
       pc8 = 0
       pc9 = 0
      pc10 = 0
      pc11 = 0
      pc12 = 0
      pc13 = 0
      pc14 = 0
      pc15 = 0
      pc16 = 0
      pc17 = 0
Constrained:
   Tgbecnw = 121172
     Tecnw = 27725.5
       Tnw = 10755.9
       Tec = 19739.5
     twoNb = 1.25688e+06
     twoNe = 890239
     twoNc = 1.02402e+06
     twoNw = 1.14702e+06
    twoNec = 47602
    twoNnw = 89642.3
  twoNecnw = 80198.5
  twoNbecnw = 18870.7
  twoNgbecnw = 244697
         m = 0.160418
        m2 = 0.0279712
        m5 = 0.209667
        m6 = 0.0348864
        Tb = 23732.5
        Ta = 49466.2
        Te = 9869.73
        Tf = 4934.86
DiffEv reached_goal. cost=1.79664e-03 spread=2.91370e-06
Fitted parameter values
Free:
       pc1 = 0.939662
       pc2 = 3.90853
       pc3 = -3.95007
       pc4 = 1.80536
       pc5 = 1.54078
       pc6 = -0.258156
       pc7 = -1.96697
       pc8 = 0.527977
       pc9 = 0.533368
      pc10 = 0.768927
      pc11 = 0.13302
      pc12 = -0.324043
      pc13 = -0.132099
      pc14 = 0.0225459
      pc15 = -0.0523898
      pc16 = -0.00633458
      pc17 = 0.0248909
Constrained:
   Tgbecnw = 104674
     Tecnw = 27332.9
       Tnw = 11400.3
       Tec = 19571.4
     twoNb = 415937
     twoNe = 1.09499e+06
     twoNc = 1.75322e+06
     twoNw = 1.78028e+06
    twoNec = 38301.3
    twoNnw = 77515.1
  twoNecnw = 73365.1
  twoNbecnw = 11605.8
  twoNgbecnw = 301503
         m = 0.109849
        m2 = 0.029399
        m5 = 0.24915
        m6 = 0.082129
        Tb = 23452.2
        Ta = 49326.1
        Te = 9785.71
        Tf = 4892.86
#       SitePat  BranchLen
              b 129152.5588948
              e 50026.8227402
              c 52657.4819462
              n 47355.8630390
              w 47333.0212573
            b:e 2265.9570107
            b:c 2575.3953410
            b:n 1833.0347895
            b:w 1831.4849343
            e:c 10802.1555900
            e:n 5738.8379182
            e:w 5745.2685614
            c:n 4992.6285633
            c:w 5003.6538067
            n:w 13082.5917756
          b:e:c 2117.0596704
          b:e:n 1112.1670064
          b:e:w 1111.8779207
          b:c:n 1120.5497714
          b:c:w 1120.7135682
          b:n:w 2109.1640916
          e:c:n 4823.4869258
          e:c:w 4828.8728209
          e:n:w 6719.0163661
          c:n:w 5648.2131333
        b:e:c:n 2071.0464395
        b:e:c:w 2072.7215838
        b:e:n:w 3227.3796519
        b:c:n:w 2828.6909899
        e:c:n:w 53887.1317359
