########################################
# legofit: estimate population history #
#       version 2.3.4-4-g53f8760       #
########################################

# Program was compiled: Sep 21 2021 14:36:42
# Program was run: Thu Sep 23 10:25:25 2021

# cmd: legofit -1 -d 0 -t 32 --ptsPerDim 3 --stateOut b1.state --tol 3e-6 -S 5000 adf2.lgo ../../chrX/pan_chrX.opf
# Stage nOptItr nSimReps
#     0    5000        0
# algorithm          : deterministic
# ignoring probs <=  : 0
# Branch length floor: 0
# DE strategy        : 2
#    F               : 0.3
#    CR              : 0.8
#    tolerance       : 3e-06
# nthreads           : 32
# lgo input file     : adf2.lgo
# site pat input file: ../../chrX/pan_chrX.opf
# free parameters    : 15
# points in DE swarm : 45
# output state file  : b1.state
# Including singleton site patterns.
# cost function      : KL
Initial parameter values
Fixed:
      zero = 0
       one = 1
    Tbecnw = 75200
Free:
       pc1 = 0
       pc2 = 0
       pc3 = 0
       pc4 = 0
       pc5 = 0
       pc6 = 0
       pc7 = 0
       pc8 = 0
       pc9 = 0
      pc10 = 0
      pc11 = 0
      pc12 = 0
      pc13 = 0
      pc14 = 0
      pc15 = 0
Constrained:
   Tgbecnw = 142076
     Tecnw = 25405.6
       Tnw = 22675.5
       Tec = 180.11
     twoNb = 783206
     twoNc = 321446
     twoNw = 1.80649e+06
    twoNec = 188026
    twoNnw = 12162.9
  twoNecnw = 67987.9
  twoNbecnw = 20477.6
  twoNgbecnw = 218722
         m = 0.132063
        m4 = 0.0205667
        m6 = 6.49023e-06
        Ta = 37600
        Td = 90.0548
        Tf = 45.0274
DiffEv reached_goal. cost=2.43604e-03 spread=2.86375e-06
Fitted parameter values
Free:
       pc1 = 1.88627
       pc2 = -0.106045
       pc3 = 1.99851
       pc4 = -1.82028
       pc5 = 0.791064
       pc6 = -0.32825
       pc7 = -0.613771
       pc8 = 1.20176
       pc9 = -1.19928
      pc10 = 1.43868
      pc11 = -0.120842
      pc12 = -0.163594
      pc13 = -0.186671
      pc14 = -0.140354
      pc15 = 0.00444005
Constrained:
   Tgbecnw = 121645
     Tecnw = 24852.1
       Tnw = 22643.4
       Tec = 27.1227
     twoNb = 1.54897e+06
     twoNc = 347458
     twoNw = 1.23872e+06
    twoNec = 186723
    twoNnw = 9565.42
  twoNecnw = 66342.4
  twoNbecnw = 15991.3
  twoNgbecnw = 205929
         m = 0.135195
        m4 = 0.0208297
        m6 = 1.16017e-06
        Ta = 37600
        Td = 13.5614
        Tf = 6.78068
#       SitePat  BranchLen
              b 124332.3294342
              e 46882.7764113
              c 48015.9153643
              n 45472.2380993
              w 45472.2372888
            b:e 1304.3960134
            b:c 1564.6838939
            b:n 1118.8645991
            b:w 1118.8645623
            e:c 12117.2293764
            e:n 4548.5063629
            e:w 4548.5061740
            c:n 4396.6837145
            c:w 4396.6845250
            n:w 12764.2979121
          b:e:c 1373.3227334
          b:e:n 629.9752214
          b:e:w 629.9751831
          b:c:n 630.9463953
          b:c:w 630.9464321
          b:n:w 1364.1033865
          e:c:n 4443.6081368
          e:c:w 4443.6083257
          e:n:w 5832.1478444
          c:n:w 5358.9005615
        b:e:c:n 1192.7694626
        b:e:c:w 1192.7695009
        b:e:n:w 2005.0270974
        b:c:n:w 1386.5490498
        e:c:n:w 49330.9054933
