########################################
# legofit: estimate population history #
#       version 2.3.4-4-g53f8760       #
########################################

# Program was compiled: Sep 21 2021 14:36:42
# Program was run: Thu Sep 23 10:25:52 2021

# cmd: legofit -1 -d 0 -t 32 --ptsPerDim 3 --stateOut b1boot16.state --tol 3e-6 -S 5000 adf2.lgo ../../chrX/boot_chrX/boot16.opf
# Stage nOptItr nSimReps
#     0    5000        0
# algorithm          : deterministic
# ignoring probs <=  : 0
# Branch length floor: 0
# DE strategy        : 2
#    F               : 0.3
#    CR              : 0.8
#    tolerance       : 3e-06
# nthreads           : 32
# lgo input file     : adf2.lgo
# site pat input file: ../../chrX/boot_chrX/boot16.opf
# free parameters    : 15
# points in DE swarm : 45
# output state file  : b1boot16.state
# Including singleton site patterns.
# cost function      : KL
Initial parameter values
Fixed:
      zero = 0
       one = 1
    Tbecnw = 75200
Free:
       pc1 = 0
       pc2 = 0
       pc3 = 0
       pc4 = 0
       pc5 = 0
       pc6 = 0
       pc7 = 0
       pc8 = 0
       pc9 = 0
      pc10 = 0
      pc11 = 0
      pc12 = 0
      pc13 = 0
      pc14 = 0
      pc15 = 0
Constrained:
   Tgbecnw = 142076
     Tecnw = 25405.6
       Tnw = 22675.5
       Tec = 180.11
     twoNb = 783206
     twoNc = 321446
     twoNw = 1.80649e+06
    twoNec = 188026
    twoNnw = 12162.9
  twoNecnw = 67987.9
  twoNbecnw = 20477.6
  twoNgbecnw = 218722
         m = 0.132063
        m4 = 0.0205667
        m6 = 6.49023e-06
        Ta = 37600
        Td = 90.0548
        Tf = 45.0274
DiffEv reached_goal. cost=2.51611e-03 spread=2.83837e-06
Fitted parameter values
Free:
       pc1 = 1.93925
       pc2 = -1.15662
       pc3 = 1.99667
       pc4 = -0.959069
       pc5 = 1.35018
       pc6 = -0.403458
       pc7 = -1.29841
       pc8 = 1.72197
       pc9 = -0.90988
      pc10 = 1.90079
      pc11 = 0.00250202
      pc12 = -0.0596234
      pc13 = -0.376191
      pc14 = -0.156559
      pc15 = 0.0389445
Constrained:
   Tgbecnw = 119969
     Tecnw = 24617.4
       Tnw = 23621.8
       Tec = 2.13269
     twoNb = 1.35039e+06
     twoNc = 288518
     twoNw = 837401
    twoNec = 186992
    twoNnw = 4142.86
  twoNecnw = 65365.1
  twoNbecnw = 14909
  twoNgbecnw = 237938
         m = 0.112566
        m4 = 0.0206223
        m6 = 1.23441e-06
        Ta = 37600
        Td = 1.06635
        Tf = 0.533174
#       SitePat  BranchLen
              b 122288.4530341
              e 46480.8609797
              c 47582.5184797
              n 44928.5144477
              w 44928.5131603
            b:e 1310.1475044
            b:c 1556.3868479
            b:n 1106.1367023
            b:w 1106.1366428
            e:c 12001.9224676
            e:n 4470.9157665
            e:w 4470.9154633
            c:n 4322.5992373
            c:w 4322.6005247
            n:w 12700.3560072
          b:e:c 1384.5071708
          b:e:n 624.6810063
          b:e:w 624.6809442
          b:c:n 626.5994881
          b:c:w 626.5995476
          b:n:w 1372.6330027
          e:c:n 4361.0063638
          e:c:w 4361.0066670
          e:n:w 5817.8387270
          c:n:w 5363.2358855
        b:e:c:n 1183.5658881
        b:e:c:w 1183.5659502
        b:e:n:w 1998.0322500
        b:c:n:w 1397.5323764
        e:c:n:w 48116.0114612
