########################################
# legofit: estimate population history #
#       version 2.3.4-4-g53f8760       #
########################################

# Program was compiled: Sep 21 2021 14:36:42
# Program was run: Thu Sep 23 10:25:58 2021

# cmd: legofit -1 -d 0 -t 32 --ptsPerDim 3 --stateOut b1boot18.state --tol 3e-6 -S 5000 adf2.lgo ../../chrX/boot_chrX/boot18.opf
# Stage nOptItr nSimReps
#     0    5000        0
# algorithm          : deterministic
# ignoring probs <=  : 0
# Branch length floor: 0
# DE strategy        : 2
#    F               : 0.3
#    CR              : 0.8
#    tolerance       : 3e-06
# nthreads           : 32
# lgo input file     : adf2.lgo
# site pat input file: ../../chrX/boot_chrX/boot18.opf
# free parameters    : 15
# points in DE swarm : 45
# output state file  : b1boot18.state
# Including singleton site patterns.
# cost function      : KL
Initial parameter values
Fixed:
      zero = 0
       one = 1
    Tbecnw = 75200
Free:
       pc1 = 0
       pc2 = 0
       pc3 = 0
       pc4 = 0
       pc5 = 0
       pc6 = 0
       pc7 = 0
       pc8 = 0
       pc9 = 0
      pc10 = 0
      pc11 = 0
      pc12 = 0
      pc13 = 0
      pc14 = 0
      pc15 = 0
Constrained:
   Tgbecnw = 142076
     Tecnw = 25405.6
       Tnw = 22675.5
       Tec = 180.11
     twoNb = 783206
     twoNc = 321446
     twoNw = 1.80649e+06
    twoNec = 188026
    twoNnw = 12162.9
  twoNecnw = 67987.9
  twoNbecnw = 20477.6
  twoNgbecnw = 218722
         m = 0.132063
        m4 = 0.0205667
        m6 = 6.49023e-06
        Ta = 37600
        Td = 90.0548
        Tf = 45.0274
DiffEv reached_goal. cost=2.56144e-03 spread=2.73384e-06
Fitted parameter values
Free:
       pc1 = 1.8822
       pc2 = -0.736368
       pc3 = 1.989
       pc4 = -0.977928
       pc5 = 1.82582
       pc6 = -0.161613
       pc7 = -1.39632
       pc8 = 1.99547
       pc9 = 0.786288
      pc10 = 1.99015
      pc11 = -1.16924
      pc12 = -0.201103
      pc13 = -0.239233
      pc14 = -0.267441
      pc15 = 0.0315771
Constrained:
   Tgbecnw = 116907
     Tecnw = 24314.5
       Tnw = 22680.2
       Tec = 7.0728
     twoNb = 1.0592e+06
     twoNc = 134199
     twoNw = 1.12347e+06
    twoNec = 195546
    twoNnw = 7547.87
  twoNecnw = 65398.6
  twoNbecnw = 13979.4
  twoNgbecnw = 241695
         m = 0.116394
        m4 = 0.0215004
        m6 = 1.96039e-06
        Ta = 37600
        Td = 3.5364
        Tf = 1.7682
#       SitePat  BranchLen
              b 122959.5593053
              e 46327.7614439
              c 47478.1815044
              n 45019.1939885
              w 45019.1924934
            b:e 1285.9572449
            b:c 1567.3994765
            b:n 1112.0188894
            b:w 1112.0188208
            e:c 11600.7445066
            e:n 4604.0700518
            e:w 4604.0696985
            c:n 4445.2483254
            c:w 4445.2498204
            n:w 12207.4453103
          b:e:c 1330.2796402
          b:e:n 636.0588063
          b:e:w 636.0587346
          b:c:n 638.6677046
          b:c:w 638.6677732
          b:n:w 1318.5190974
          e:c:n 4412.4676708
          e:c:w 4412.4680240
          e:n:w 5754.8913747
          c:n:w 5273.1560488
        b:e:c:n 1193.7555725
        b:e:c:w 1193.7556441
        b:e:n:w 2014.5491522
        b:c:n:w 1376.8455726
        e:c:n:w 49007.2241505
