########################################
# legofit: estimate population history #
#       version 2.3.4-4-g53f8760       #
########################################

# Program was compiled: Sep 21 2021 14:36:42
# Program was run: Thu Sep 23 10:26:29 2021

# cmd: legofit -1 -d 0 -t 32 --ptsPerDim 3 --stateOut b1boot40.state --tol 3e-6 -S 5000 adf2.lgo ../../chrX/boot_chrX/boot40.opf
# Stage nOptItr nSimReps
#     0    5000        0
# algorithm          : deterministic
# ignoring probs <=  : 0
# Branch length floor: 0
# DE strategy        : 2
#    F               : 0.3
#    CR              : 0.8
#    tolerance       : 3e-06
# nthreads           : 32
# lgo input file     : adf2.lgo
# site pat input file: ../../chrX/boot_chrX/boot40.opf
# free parameters    : 15
# points in DE swarm : 45
# output state file  : b1boot40.state
# Including singleton site patterns.
# cost function      : KL
Initial parameter values
Fixed:
      zero = 0
       one = 1
    Tbecnw = 75200
Free:
       pc1 = 0
       pc2 = 0
       pc3 = 0
       pc4 = 0
       pc5 = 0
       pc6 = 0
       pc7 = 0
       pc8 = 0
       pc9 = 0
      pc10 = 0
      pc11 = 0
      pc12 = 0
      pc13 = 0
      pc14 = 0
      pc15 = 0
Constrained:
   Tgbecnw = 142076
     Tecnw = 25405.6
       Tnw = 22675.5
       Tec = 180.11
     twoNb = 783206
     twoNc = 321446
     twoNw = 1.80649e+06
    twoNec = 188026
    twoNnw = 12162.9
  twoNecnw = 67987.9
  twoNbecnw = 20477.6
  twoNgbecnw = 218722
         m = 0.132063
        m4 = 0.0205667
        m6 = 6.49023e-06
        Ta = 37600
        Td = 90.0548
        Tf = 45.0274
DiffEv reached_goal. cost=2.32684e-03 spread=2.70515e-06
Fitted parameter values
Free:
       pc1 = 1.90218
       pc2 = 0.191132
       pc3 = 1.95101
       pc4 = -0.800178
       pc5 = 1.67317
       pc6 = -0.364619
       pc7 = -1.96539
       pc8 = 1.97419
       pc9 = -1.32932
      pc10 = 1.88746
      pc11 = -1.48803
      pc12 = -0.44545
      pc13 = -0.157609
      pc14 = -0.2083
      pc15 = -0.0266144
Constrained:
   Tgbecnw = 116402
     Tecnw = 24438.8
       Tnw = 22172.2
       Tec = 11.0937
     twoNb = 1.33309e+06
     twoNc = 242142
     twoNw = 591650
    twoNec = 192819
    twoNnw = 9574.32
  twoNecnw = 64539.5
  twoNbecnw = 14247.2
  twoNgbecnw = 223860
         m = 0.122558
        m4 = 0.0186858
        m6 = 7.06302e-08
        Ta = 37600
        Td = 5.54686
        Tf = 2.77343
#       SitePat  BranchLen
              b 122690.1605061
              e 46268.1732641
              c 47271.5957103
              n 44501.1021507
              w 44501.1020524
            b:e 1298.3544971
            b:c 1531.2291402
            b:n 1094.1095309
            b:w 1094.1095265
            e:c 11790.9318819
            e:n 4489.8617235
            e:w 4489.8617005
            c:n 4354.6807608
            c:w 4354.6808591
            n:w 12673.5590496
          b:e:c 1357.6560375
          b:e:n 622.1791086
          b:e:w 622.1791040
          b:c:n 623.8990348
          b:c:w 623.8990393
          b:n:w 1346.0011355
          e:c:n 4370.5159848
          e:c:w 4370.5160078
          e:n:w 5813.9593312
          c:n:w 5390.1408932
        b:e:c:n 1171.4987284
        b:e:c:w 1171.4987330
        b:e:n:w 1931.2356518
        b:c:n:w 1385.6786703
        e:c:n:w 48795.2669627
