########################################
# legofit: estimate population history #
#       version 2.3.4-4-g53f8760       #
########################################

# Program was compiled: Sep 21 2021 14:36:42
# Program was run: Thu Sep 23 10:25:49 2021

# cmd: legofit -1 -d 0 -t 32 --ptsPerDim 3 --stateOut b1boot12.state --tol 3e-6 -S 5000 adf2.lgo ../../chrX/boot_chrX/boot12.opf
# Stage nOptItr nSimReps
#     0    5000        0
# algorithm          : deterministic
# ignoring probs <=  : 0
# Branch length floor: 0
# DE strategy        : 2
#    F               : 0.3
#    CR              : 0.8
#    tolerance       : 3e-06
# nthreads           : 32
# lgo input file     : adf2.lgo
# site pat input file: ../../chrX/boot_chrX/boot12.opf
# free parameters    : 15
# points in DE swarm : 45
# output state file  : b1boot12.state
# Including singleton site patterns.
# cost function      : KL
Initial parameter values
Fixed:
      zero = 0
       one = 1
    Tbecnw = 75200
Free:
       pc1 = 0
       pc2 = 0
       pc3 = 0
       pc4 = 0
       pc5 = 0
       pc6 = 0
       pc7 = 0
       pc8 = 0
       pc9 = 0
      pc10 = 0
      pc11 = 0
      pc12 = 0
      pc13 = 0
      pc14 = 0
      pc15 = 0
Constrained:
   Tgbecnw = 142076
     Tecnw = 25405.6
       Tnw = 22675.5
       Tec = 180.11
     twoNb = 783206
     twoNc = 321446
     twoNw = 1.80649e+06
    twoNec = 188026
    twoNnw = 12162.9
  twoNecnw = 67987.9
  twoNbecnw = 20477.6
  twoNgbecnw = 218722
         m = 0.132063
        m4 = 0.0205667
        m6 = 6.49023e-06
        Ta = 37600
        Td = 90.0548
        Tf = 45.0274
DiffEv reached_goal. cost=2.54330e-03 spread=2.64168e-06
Fitted parameter values
Free:
       pc1 = 0.642545
       pc2 = 0.44831
       pc3 = 1.99812
       pc4 = -0.823572
       pc5 = 1.47188
       pc6 = 0.646466
       pc7 = -0.530383
       pc8 = 1.87513
       pc9 = -1.46893
      pc10 = 1.19576
      pc11 = 0.673915
      pc12 = -0.284551
      pc13 = -0.0257247
      pc14 = -0.0504273
      pc15 = 0.0407797
Constrained:
   Tgbecnw = 124096
     Tecnw = 25094.5
       Tnw = 22409.5
       Tec = 13.9609
     twoNb = 1.3467e+06
     twoNc = 16469.5
     twoNw = 1.26548e+06
    twoNec = 179385
    twoNnw = 11895.2
  twoNecnw = 64140.9
  twoNbecnw = 16371.4
  twoNgbecnw = 220759
         m = 0.123376
        m4 = 0.0199448
        m6 = 1.02168e-05
        Ta = 37600
        Td = 6.98044
        Tf = 3.49022
#       SitePat  BranchLen
              b 124109.5250632
              e 46371.6297032
              c 47458.1300527
              n 45377.1906693
              w 45377.1837555
            b:e 1284.8096024
            b:c 1535.2106513
            b:n 1122.6295470
            b:w 1122.6292336
            e:c 12235.3726253
            e:n 4502.3440220
            e:w 4502.3424064
            c:n 4356.1720226
            c:w 4356.1789365
            n:w 12575.2917161
          b:e:c 1366.0722781
          b:e:n 624.0975147
          b:e:w 624.0971889
          b:c:n 625.4600917
          b:c:w 625.4604052
          b:n:w 1357.6090308
          e:c:n 4507.7978196
          e:c:w 4507.7994352
          e:n:w 5764.5058037
          c:n:w 5308.4897621
        b:e:c:n 1192.9383003
        b:e:c:w 1192.9386261
        b:e:n:w 1953.4950018
        b:c:n:w 1362.2190259
        e:c:n:w 49468.9515285
