########################################
# legofit: estimate population history #
#       version 2.3.4-4-g53f8760       #
########################################

# Program was compiled: Sep 21 2021 14:36:42
# Program was run: Thu Sep 23 10:25:40 2021

# cmd: legofit -1 -d 0 -t 32 --ptsPerDim 3 --stateOut b1boot9.state --tol 3e-6 -S 5000 adf2.lgo ../../chrX/boot_chrX/boot9.opf
# Stage nOptItr nSimReps
#     0    5000        0
# algorithm          : deterministic
# ignoring probs <=  : 0
# Branch length floor: 0
# DE strategy        : 2
#    F               : 0.3
#    CR              : 0.8
#    tolerance       : 3e-06
# nthreads           : 32
# lgo input file     : adf2.lgo
# site pat input file: ../../chrX/boot_chrX/boot9.opf
# free parameters    : 15
# points in DE swarm : 45
# output state file  : b1boot9.state
# Including singleton site patterns.
# cost function      : KL
Initial parameter values
Fixed:
      zero = 0
       one = 1
    Tbecnw = 75200
Free:
       pc1 = 0
       pc2 = 0
       pc3 = 0
       pc4 = 0
       pc5 = 0
       pc6 = 0
       pc7 = 0
       pc8 = 0
       pc9 = 0
      pc10 = 0
      pc11 = 0
      pc12 = 0
      pc13 = 0
      pc14 = 0
      pc15 = 0
Constrained:
   Tgbecnw = 142076
     Tecnw = 25405.6
       Tnw = 22675.5
       Tec = 180.11
     twoNb = 783206
     twoNc = 321446
     twoNw = 1.80649e+06
    twoNec = 188026
    twoNnw = 12162.9
  twoNecnw = 67987.9
  twoNbecnw = 20477.6
  twoNgbecnw = 218722
         m = 0.132063
        m4 = 0.0205667
        m6 = 6.49023e-06
        Ta = 37600
        Td = 90.0548
        Tf = 45.0274
DiffEv reached_goal. cost=2.46421e-03 spread=2.97669e-06
Fitted parameter values
Free:
       pc1 = 1.67554
       pc2 = 0.937872
       pc3 = 1.98281
       pc4 = -0.128907
       pc5 = 0.85173
       pc6 = 0.622667
       pc7 = -1.46133
       pc8 = 1.8705
       pc9 = -1.74196
      pc10 = 1.07501
      pc11 = -0.255489
      pc12 = -0.0254442
      pc13 = -0.193809
      pc14 = -0.234386
      pc15 = 0.0339624
Constrained:
   Tgbecnw = 118380
     Tecnw = 24916.2
       Tnw = 22153
       Tec = 87.2884
     twoNb = 1.21504e+06
     twoNc = 160545
     twoNw = 455821
    twoNec = 181525
    twoNnw = 12144.5
  twoNecnw = 66396.3
  twoNbecnw = 15089.3
  twoNgbecnw = 202985
         m = 0.138687
        m4 = 0.0184324
        m6 = 5.7142e-06
        Ta = 37600
        Td = 43.6442
        Tf = 21.8221
#       SitePat  BranchLen
              b 123878.3669884
              e 46702.2997646
              c 47682.3744798
              n 45496.6075592
              w 45496.5970324
            b:e 1280.7479793
            b:c 1526.4918580
            b:n 1111.1799253
            b:w 1111.1794556
            e:c 12194.0868721
            e:n 4506.9091842
            e:w 4506.9067619
            c:n 4372.7291946
            c:w 4372.7397214
            n:w 12692.0513552
          b:e:c 1359.2904037
          b:e:n 621.9761573
          b:e:w 621.9756671
          b:c:n 623.2686135
          b:c:w 623.2690832
          b:n:w 1349.9338719
          e:c:n 4437.8192154
          e:c:w 4437.8216377
          e:n:w 5700.0226278
          c:n:w 5279.7269273
        b:e:c:n 1188.0470603
        b:e:c:w 1188.0475505
        b:e:n:w 1905.4412694
        b:c:n:w 1365.6791898
        e:c:n:w 49103.5032658
