########################################
# legofit: estimate population history #
#       version 2.3.4-4-g53f8760       #
########################################

# Program was compiled: Sep 21 2021 14:36:42
# Program was run: Thu Sep 23 10:26:22 2021

# cmd: legofit -1 -d 0 -t 32 --ptsPerDim 3 --stateOut b1boot34.state --tol 3e-6 -S 5000 adf2.lgo ../../chrX/boot_chrX/boot34.opf
# Stage nOptItr nSimReps
#     0    5000        0
# algorithm          : deterministic
# ignoring probs <=  : 0
# Branch length floor: 0
# DE strategy        : 2
#    F               : 0.3
#    CR              : 0.8
#    tolerance       : 3e-06
# nthreads           : 32
# lgo input file     : adf2.lgo
# site pat input file: ../../chrX/boot_chrX/boot34.opf
# free parameters    : 15
# points in DE swarm : 45
# output state file  : b1boot34.state
# Including singleton site patterns.
# cost function      : KL
Initial parameter values
Fixed:
      zero = 0
       one = 1
    Tbecnw = 75200
Free:
       pc1 = 0
       pc2 = 0
       pc3 = 0
       pc4 = 0
       pc5 = 0
       pc6 = 0
       pc7 = 0
       pc8 = 0
       pc9 = 0
      pc10 = 0
      pc11 = 0
      pc12 = 0
      pc13 = 0
      pc14 = 0
      pc15 = 0
Constrained:
   Tgbecnw = 142076
     Tecnw = 25405.6
       Tnw = 22675.5
       Tec = 180.11
     twoNb = 783206
     twoNc = 321446
     twoNw = 1.80649e+06
    twoNec = 188026
    twoNnw = 12162.9
  twoNecnw = 67987.9
  twoNbecnw = 20477.6
  twoNgbecnw = 218722
         m = 0.132063
        m4 = 0.0205667
        m6 = 6.49023e-06
        Ta = 37600
        Td = 90.0548
        Tf = 45.0274
DiffEv reached_goal. cost=2.28840e-03 spread=2.43553e-06
Fitted parameter values
Free:
       pc1 = 1.12422
       pc2 = -0.259052
       pc3 = 1.97879
       pc4 = -1.51668
       pc5 = 1.67542
       pc6 = 0.657492
       pc7 = 0.148546
       pc8 = 0.577063
       pc9 = -0.976666
      pc10 = 1.37795
      pc11 = 0.78351
      pc12 = -0.255401
      pc13 = -0.0345168
      pc14 = -0.143781
      pc15 = 0.0343469
Constrained:
   Tgbecnw = 125598
     Tecnw = 25093.9
       Tnw = 23009.9
       Tec = 25.1156
     twoNb = 1.45514e+06
     twoNc = 220646
     twoNw = 2.22343e+06
    twoNec = 183084
    twoNnw = 9265.44
  twoNecnw = 64981.3
  twoNbecnw = 16612.3
  twoNgbecnw = 213509
         m = 0.131531
        m4 = 0.0213733
        m6 = 1.74605e-05
        Ta = 37600
        Td = 12.5578
        Tf = 6.2789
#       SitePat  BranchLen
              b 125017.2325931
              e 46631.4179930
              c 47810.9908266
              n 45586.8915628
              w 45586.8846499
            b:e 1251.0935742
            b:c 1519.8013738
            b:n 1089.2736334
            b:w 1089.2733282
            e:c 12132.6254869
            e:n 4523.7845817
            e:w 4523.7829663
            c:n 4367.1195145
            c:w 4367.1264274
            n:w 12515.6808989
          b:e:c 1320.3578414
          b:e:n 608.2065619
          b:e:w 608.2062450
          b:c:n 609.1058979
          b:c:w 609.1062032
          b:n:w 1312.8234902
          e:c:n 4464.9690491
          e:c:w 4464.9706645
          e:n:w 5772.2537204
          c:n:w 5283.1051345
        b:e:c:n 1154.9541248
        b:e:c:w 1154.9544416
        b:e:n:w 1971.0191767
        b:c:n:w 1323.4090807
        e:c:n:w 50056.2214990
