########################################
# legofit: estimate population history #
#       version 2.3.4-4-g53f8760       #
########################################

# Program was compiled: Sep 21 2021 14:36:42
# Program was run: Thu Sep 23 10:26:26 2021

# cmd: legofit -1 -d 0 -t 32 --ptsPerDim 3 --stateOut b1boot39.state --tol 3e-6 -S 5000 adf2.lgo ../../chrX/boot_chrX/boot39.opf
# Stage nOptItr nSimReps
#     0    5000        0
# algorithm          : deterministic
# ignoring probs <=  : 0
# Branch length floor: 0
# DE strategy        : 2
#    F               : 0.3
#    CR              : 0.8
#    tolerance       : 3e-06
# nthreads           : 32
# lgo input file     : adf2.lgo
# site pat input file: ../../chrX/boot_chrX/boot39.opf
# free parameters    : 15
# points in DE swarm : 45
# output state file  : b1boot39.state
# Including singleton site patterns.
# cost function      : KL
Initial parameter values
Fixed:
      zero = 0
       one = 1
    Tbecnw = 75200
Free:
       pc1 = 0
       pc2 = 0
       pc3 = 0
       pc4 = 0
       pc5 = 0
       pc6 = 0
       pc7 = 0
       pc8 = 0
       pc9 = 0
      pc10 = 0
      pc11 = 0
      pc12 = 0
      pc13 = 0
      pc14 = 0
      pc15 = 0
Constrained:
   Tgbecnw = 142076
     Tecnw = 25405.6
       Tnw = 22675.5
       Tec = 180.11
     twoNb = 783206
     twoNc = 321446
     twoNw = 1.80649e+06
    twoNec = 188026
    twoNnw = 12162.9
  twoNecnw = 67987.9
  twoNbecnw = 20477.6
  twoNgbecnw = 218722
         m = 0.132063
        m4 = 0.0205667
        m6 = 6.49023e-06
        Ta = 37600
        Td = 90.0548
        Tf = 45.0274
DiffEv reached_goal. cost=2.41492e-03 spread=2.95441e-06
Fitted parameter values
Free:
       pc1 = 1.66776
       pc2 = 0.753599
       pc3 = 1.97531
       pc4 = -1.8453
       pc5 = 1.19917
       pc6 = 0.187422
       pc7 = -0.61377
       pc8 = 1.4628
       pc9 = -1.57545
      pc10 = 1.38157
      pc11 = -0.639948
      pc12 = -0.145632
      pc13 = -0.144672
      pc14 = -0.182573
      pc15 = 0.0248008
Constrained:
   Tgbecnw = 119840
     Tecnw = 24919.3
       Tnw = 21909.8
       Tec = 6.62559
     twoNb = 1.59343e+06
     twoNc = 203306
     twoNw = 1.25717e+06
    twoNec = 188067
    twoNnw = 13409.2
  twoNecnw = 66159.7
  twoNbecnw = 15589.8
  twoNgbecnw = 202221
         m = 0.141092
        m4 = 0.0198658
        m6 = 5.27535e-06
        Ta = 37600
        Td = 3.31279
        Tf = 1.6564
#       SitePat  BranchLen
              b 124792.2660418
              e 46851.3777857
              c 47937.9174957
              n 45529.7741674
              w 45529.7706110
            b:e 1293.8397066
            b:c 1546.7898831
            b:n 1119.8952898
            b:w 1119.8951302
            e:c 12056.6675563
            e:n 4562.7902559
            e:w 4562.7894335
            c:n 4417.4750540
            c:w 4417.4786104
            n:w 12662.9912758
          b:e:c 1358.2710371
          b:e:n 631.0709711
          b:e:w 631.0708046
          b:c:n 631.9314707
          b:c:w 631.9316303
          b:n:w 1349.5842727
          e:c:n 4461.3920215
          e:c:w 4461.3928439
          e:n:w 5776.8299190
          c:n:w 5321.9871222
        b:e:c:n 1195.1195772
        b:e:c:w 1195.1197436
        b:e:n:w 1972.6330350
        b:c:n:w 1376.8902587
        e:c:n:w 49835.9445478
