########################################
# legofit: estimate population history #
#       version 2.3.4-4-g53f8760       #
########################################

# Program was compiled: Sep 21 2021 14:36:42
# Program was run: Thu Sep 23 10:25:35 2021

# cmd: legofit -1 -d 0 -t 32 --ptsPerDim 3 --stateOut b1boot4.state --tol 3e-6 -S 5000 adf2.lgo ../../chrX/boot_chrX/boot4.opf
# Stage nOptItr nSimReps
#     0    5000        0
# algorithm          : deterministic
# ignoring probs <=  : 0
# Branch length floor: 0
# DE strategy        : 2
#    F               : 0.3
#    CR              : 0.8
#    tolerance       : 3e-06
# nthreads           : 32
# lgo input file     : adf2.lgo
# site pat input file: ../../chrX/boot_chrX/boot4.opf
# free parameters    : 15
# points in DE swarm : 45
# output state file  : b1boot4.state
# Including singleton site patterns.
# cost function      : KL
Initial parameter values
Fixed:
      zero = 0
       one = 1
    Tbecnw = 75200
Free:
       pc1 = 0
       pc2 = 0
       pc3 = 0
       pc4 = 0
       pc5 = 0
       pc6 = 0
       pc7 = 0
       pc8 = 0
       pc9 = 0
      pc10 = 0
      pc11 = 0
      pc12 = 0
      pc13 = 0
      pc14 = 0
      pc15 = 0
Constrained:
   Tgbecnw = 142076
     Tecnw = 25405.6
       Tnw = 22675.5
       Tec = 180.11
     twoNb = 783206
     twoNc = 321446
     twoNw = 1.80649e+06
    twoNec = 188026
    twoNnw = 12162.9
  twoNecnw = 67987.9
  twoNbecnw = 20477.6
  twoNgbecnw = 218722
         m = 0.132063
        m4 = 0.0205667
        m6 = 6.49023e-06
        Ta = 37600
        Td = 90.0548
        Tf = 45.0274
DiffEv reached_goal. cost=2.52302e-03 spread=2.39479e-06
Fitted parameter values
Free:
       pc1 = 1.90562
       pc2 = -0.100255
       pc3 = 1.97308
       pc4 = -1.71116
       pc5 = 0.661494
       pc6 = 1.02713
       pc7 = -1.00427
       pc8 = 1.61801
       pc9 = -1.20418
      pc10 = 1.8269
      pc11 = 0.157909
      pc12 = -0.155803
      pc13 = 0.000884249
      pc14 = -0.161625
      pc15 = 0.0194872
Constrained:
   Tgbecnw = 118842
     Tecnw = 24812.6
       Tnw = 22767.1
       Tec = 12.0526
     twoNb = 1.49957e+06
     twoNc = 171287
     twoNw = 206305
    twoNec = 184556
    twoNnw = 9050.37
  twoNecnw = 66250.7
  twoNbecnw = 15645.8
  twoNgbecnw = 195203
         m = 0.145718
        m4 = 0.0208928
        m6 = 1.15611e-05
        Ta = 37600
        Td = 6.0263
        Tf = 3.01315
#       SitePat  BranchLen
              b 124874.1684495
              e 46779.2843929
              c 47914.7279715
              n 45566.0976294
              w 45566.0507510
            b:e 1314.1610520
            b:c 1589.2065847
            b:n 1137.8395331
            b:w 1137.8373847
            e:c 12163.0168753
            e:n 4575.4932777
            e:w 4575.4823218
            c:n 4422.1797184
            c:w 4422.2265968
            n:w 12667.9343295
          b:e:c 1386.1014070
          b:e:n 639.9141845
          b:e:w 639.9119439
          b:c:n 640.8971034
          b:c:w 640.8992518
          b:n:w 1377.0414566
          e:c:n 4495.3192732
          e:c:w 4495.3302291
          e:n:w 5843.0292618
          c:n:w 5356.9021417
        b:e:c:n 1215.1332462
        b:e:c:w 1215.1354867
        b:e:n:w 2019.2951629
        b:c:n:w 1399.5317966
        e:c:n:w 49870.4663611
