########################################
# legofit: estimate population history #
#       version 2.3.4-4-g53f8760       #
########################################

# Program was compiled: Sep 21 2021 14:36:42
# Program was run: Thu Sep 23 10:26:44 2021

# cmd: legofit -1 -d 0 -t 32 --ptsPerDim 3 --stateOut b1boot48.state --tol 3e-6 -S 5000 adf2.lgo ../../chrX/boot_chrX/boot48.opf
# Stage nOptItr nSimReps
#     0    5000        0
# algorithm          : deterministic
# ignoring probs <=  : 0
# Branch length floor: 0
# DE strategy        : 2
#    F               : 0.3
#    CR              : 0.8
#    tolerance       : 3e-06
# nthreads           : 32
# lgo input file     : adf2.lgo
# site pat input file: ../../chrX/boot_chrX/boot48.opf
# free parameters    : 15
# points in DE swarm : 45
# output state file  : b1boot48.state
# Including singleton site patterns.
# cost function      : KL
Initial parameter values
Fixed:
      zero = 0
       one = 1
    Tbecnw = 75200
Free:
       pc1 = 0
       pc2 = 0
       pc3 = 0
       pc4 = 0
       pc5 = 0
       pc6 = 0
       pc7 = 0
       pc8 = 0
       pc9 = 0
      pc10 = 0
      pc11 = 0
      pc12 = 0
      pc13 = 0
      pc14 = 0
      pc15 = 0
Constrained:
   Tgbecnw = 142076
     Tecnw = 25405.6
       Tnw = 22675.5
       Tec = 180.11
     twoNb = 783206
     twoNc = 321446
     twoNw = 1.80649e+06
    twoNec = 188026
    twoNnw = 12162.9
  twoNecnw = 67987.9
  twoNbecnw = 20477.6
  twoNgbecnw = 218722
         m = 0.132063
        m4 = 0.0205667
        m6 = 6.49023e-06
        Ta = 37600
        Td = 90.0548
        Tf = 45.0274
DiffEv reached_goal. cost=2.36430e-03 spread=2.88775e-06
Fitted parameter values
Free:
       pc1 = 1.94429
       pc2 = -0.238046
       pc3 = 1.95498
       pc4 = -1.09276
       pc5 = 1.37092
       pc6 = -0.27318
       pc7 = -1.92202
       pc8 = 1.60957
       pc9 = -0.546554
      pc10 = 1.98477
      pc11 = -0.33775
      pc12 = -0.062777
      pc13 = -0.366413
      pc14 = -0.235596
      pc15 = 0.0422352
Constrained:
   Tgbecnw = 115556
     Tecnw = 24719.4
       Tnw = 22980.7
       Tec = 30.494
     twoNb = 1.24882e+06
     twoNc = 301406
     twoNw = 504364
    twoNec = 190368
    twoNnw = 7689.84
  twoNecnw = 64599.7
  twoNbecnw = 14186.9
  twoNgbecnw = 219205
         m = 0.123563
        m4 = 0.0204373
        m6 = 1.16461e-06
        Ta = 37600
        Td = 15.247
        Tf = 7.62351
#       SitePat  BranchLen
              b 122295.5913992
              e 46393.7811030
              c 47475.7713337
              n 45076.5201785
              w 45076.5182055
            b:e 1309.0714190
            b:c 1568.4970308
            b:n 1125.4001418
            b:w 1125.4000503
            e:c 11833.8644003
            e:n 4526.2000063
            e:w 4526.1995424
            c:n 4377.3712232
            c:w 4377.3731962
            n:w 12404.3532741
          b:e:c 1372.5232424
          b:e:n 638.0967514
          b:e:w 638.0966557
          b:c:n 640.1709775
          b:c:w 640.1710691
          b:n:w 1361.1025615
          e:c:n 4420.2240907
          e:c:w 4420.2245547
          e:n:w 5776.6268649
          c:n:w 5315.8249246
        b:e:c:n 1206.9726238
        b:e:c:w 1206.9727195
        b:e:n:w 1987.0980707
        b:c:n:w 1399.9903558
        e:c:n:w 48259.2033264
