########################################
# legofit: estimate population history #
#       version 2.3.4-4-g53f8760       #
########################################

# Program was compiled: Sep 21 2021 14:36:42
# Program was run: Thu Sep 23 10:25:45 2021

# cmd: legofit -1 -d 0 -t 32 --ptsPerDim 3 --stateOut b1boot10.state --tol 3e-6 -S 5000 adf2.lgo ../../chrX/boot_chrX/boot10.opf
# Stage nOptItr nSimReps
#     0    5000        0
# algorithm          : deterministic
# ignoring probs <=  : 0
# Branch length floor: 0
# DE strategy        : 2
#    F               : 0.3
#    CR              : 0.8
#    tolerance       : 3e-06
# nthreads           : 32
# lgo input file     : adf2.lgo
# site pat input file: ../../chrX/boot_chrX/boot10.opf
# free parameters    : 15
# points in DE swarm : 45
# output state file  : b1boot10.state
# Including singleton site patterns.
# cost function      : KL
Initial parameter values
Fixed:
      zero = 0
       one = 1
    Tbecnw = 75200
Free:
       pc1 = 0
       pc2 = 0
       pc3 = 0
       pc4 = 0
       pc5 = 0
       pc6 = 0
       pc7 = 0
       pc8 = 0
       pc9 = 0
      pc10 = 0
      pc11 = 0
      pc12 = 0
      pc13 = 0
      pc14 = 0
      pc15 = 0
Constrained:
   Tgbecnw = 142076
     Tecnw = 25405.6
       Tnw = 22675.5
       Tec = 180.11
     twoNb = 783206
     twoNc = 321446
     twoNw = 1.80649e+06
    twoNec = 188026
    twoNnw = 12162.9
  twoNecnw = 67987.9
  twoNbecnw = 20477.6
  twoNgbecnw = 218722
         m = 0.132063
        m4 = 0.0205667
        m6 = 6.49023e-06
        Ta = 37600
        Td = 90.0548
        Tf = 45.0274
DiffEv reached_goal. cost=2.30532e-03 spread=2.34038e-06
Fitted parameter values
Free:
       pc1 = 0.62465
       pc2 = 0.483001
       pc3 = 1.99545
       pc4 = -1.55875
       pc5 = 0.857539
       pc6 = 0.34517
       pc7 = -0.894133
       pc8 = 1.96189
       pc9 = -1.56169
      pc10 = 1.47739
      pc11 = -0.171666
      pc12 = -0.239266
      pc13 = -0.160894
      pc14 = 0.0106252
      pc15 = 0.0667696
Constrained:
   Tgbecnw = 123709
     Tecnw = 24989.8
       Tnw = 21912
       Tec = 20.0567
     twoNb = 1.50316e+06
     twoNc = 107084
     twoNw = 464543
    twoNec = 184413
    twoNnw = 13995.3
  twoNecnw = 64823.1
  twoNbecnw = 16495.9
  twoNgbecnw = 221507
         m = 0.120655
        m4 = 0.0200885
        m6 = 5.55181e-06
        Ta = 37600
        Td = 10.0284
        Tf = 5.01418
#       SitePat  BranchLen
              b 123767.8010452
              e 46607.0274810
              c 47700.7526714
              n 45529.0705223
              w 45529.0605244
            b:e 1334.4745475
            b:c 1578.4418072
            b:n 1168.1667808
            b:w 1168.1663144
            e:c 12144.6993509
            e:n 4586.4674670
            e:w 4586.4651293
            c:n 4438.1114444
            c:w 4438.1214423
            n:w 12572.3775618
          b:e:c 1405.2609905
          b:e:n 654.5162849
          b:e:w 654.5157993
          b:c:n 655.9035789
          b:c:w 655.9040453
          b:n:w 1396.3846964
          e:c:n 4554.4033390
          e:c:w 4554.4056766
          e:n:w 5806.7231834
          c:n:w 5353.0381094
        b:e:c:n 1244.0478247
        b:e:c:w 1244.0483103
        b:e:n:w 2007.9280831
        b:c:n:w 1417.8445915
        e:c:n:w 48968.4215176
