########################################
# legofit: estimate population history #
#       version 2.3.4-4-g53f8760       #
########################################

# Program was compiled: Sep 21 2021 14:36:42
# Program was run: Thu Sep 23 10:26:17 2021

# cmd: legofit -1 -d 0 -t 32 --ptsPerDim 3 --stateOut b1boot33.state --tol 3e-6 -S 5000 adf2.lgo ../../chrX/boot_chrX/boot33.opf
# Stage nOptItr nSimReps
#     0    5000        0
# algorithm          : deterministic
# ignoring probs <=  : 0
# Branch length floor: 0
# DE strategy        : 2
#    F               : 0.3
#    CR              : 0.8
#    tolerance       : 3e-06
# nthreads           : 32
# lgo input file     : adf2.lgo
# site pat input file: ../../chrX/boot_chrX/boot33.opf
# free parameters    : 15
# points in DE swarm : 45
# output state file  : b1boot33.state
# Including singleton site patterns.
# cost function      : KL
Initial parameter values
Fixed:
      zero = 0
       one = 1
    Tbecnw = 75200
Free:
       pc1 = 0
       pc2 = 0
       pc3 = 0
       pc4 = 0
       pc5 = 0
       pc6 = 0
       pc7 = 0
       pc8 = 0
       pc9 = 0
      pc10 = 0
      pc11 = 0
      pc12 = 0
      pc13 = 0
      pc14 = 0
      pc15 = 0
Constrained:
   Tgbecnw = 142076
     Tecnw = 25405.6
       Tnw = 22675.5
       Tec = 180.11
     twoNb = 783206
     twoNc = 321446
     twoNw = 1.80649e+06
    twoNec = 188026
    twoNnw = 12162.9
  twoNecnw = 67987.9
  twoNbecnw = 20477.6
  twoNgbecnw = 218722
         m = 0.132063
        m4 = 0.0205667
        m6 = 6.49023e-06
        Ta = 37600
        Td = 90.0548
        Tf = 45.0274
DiffEv reached_goal. cost=2.46116e-03 spread=2.72823e-06
Fitted parameter values
Free:
       pc1 = 0.32711
       pc2 = -0.24534
       pc3 = 1.97376
       pc4 = -0.302859
       pc5 = 1.75658
       pc6 = 0.604219
       pc7 = -1.41152
       pc8 = 1.25236
       pc9 = -1.51586
      pc10 = 1.56506
      pc11 = -0.093456
      pc12 = 0.165469
      pc13 = -0.237484
      pc14 = -0.0326831
      pc15 = -0.0256859
Constrained:
   Tgbecnw = 124710
     Tecnw = 25031.7
       Tnw = 22643.8
       Tec = 49.6207
     twoNb = 1.22005e+06
     twoNc = 205572
     twoNw = 771696
    twoNec = 184617
    twoNnw = 9807.67
  twoNecnw = 63951.9
  twoNbecnw = 15766.3
  twoNgbecnw = 265298
         m = 0.106324
        m4 = 0.0192513
        m6 = 1.57358e-05
        Ta = 37600
        Td = 24.8103
        Tf = 12.4052
#       SitePat  BranchLen
              b 124585.3812635
              e 46459.5798147
              c 47520.2790862
              n 44875.9023840
              w 44875.8851540
            b:e 1317.2977483
            b:c 1556.9779264
            b:n 1113.7308808
            b:w 1113.7300897
            e:c 12122.1562372
            e:n 4421.3852734
            e:w 4421.3812668
            c:n 4283.3465609
            c:w 4283.3637909
            n:w 12848.1838578
          b:e:c 1401.0715267
          b:e:n 623.8261273
          b:e:w 623.8253036
          b:c:n 625.7964347
          b:c:w 625.7972258
          b:n:w 1389.6040238
          e:c:n 4388.5509270
          e:c:w 4388.5549336
          e:n:w 5818.9309898
          c:n:w 5384.2394495
        b:e:c:n 1187.3725774
        b:e:c:w 1187.3734011
        b:e:n:w 1994.0108020
        b:c:n:w 1400.4366404
        e:c:n:w 50390.9152537
