########################################
# legofit: estimate population history #
#       version 2.3.4-4-g53f8760       #
########################################

# Program was compiled: Sep 21 2021 14:36:42
# Program was run: Thu Sep 23 10:25:28 2021

# cmd: legofit -1 -d 0 -t 32 --ptsPerDim 3 --stateOut b1boot1.state --tol 3e-6 -S 5000 adf2.lgo ../../chrX/boot_chrX/boot1.opf
# Stage nOptItr nSimReps
#     0    5000        0
# algorithm          : deterministic
# ignoring probs <=  : 0
# Branch length floor: 0
# DE strategy        : 2
#    F               : 0.3
#    CR              : 0.8
#    tolerance       : 3e-06
# nthreads           : 32
# lgo input file     : adf2.lgo
# site pat input file: ../../chrX/boot_chrX/boot1.opf
# free parameters    : 15
# points in DE swarm : 45
# output state file  : b1boot1.state
# Including singleton site patterns.
# cost function      : KL
Initial parameter values
Fixed:
      zero = 0
       one = 1
    Tbecnw = 75200
Free:
       pc1 = 0
       pc2 = 0
       pc3 = 0
       pc4 = 0
       pc5 = 0
       pc6 = 0
       pc7 = 0
       pc8 = 0
       pc9 = 0
      pc10 = 0
      pc11 = 0
      pc12 = 0
      pc13 = 0
      pc14 = 0
      pc15 = 0
Constrained:
   Tgbecnw = 142076
     Tecnw = 25405.6
       Tnw = 22675.5
       Tec = 180.11
     twoNb = 783206
     twoNc = 321446
     twoNw = 1.80649e+06
    twoNec = 188026
    twoNnw = 12162.9
  twoNecnw = 67987.9
  twoNbecnw = 20477.6
  twoNgbecnw = 218722
         m = 0.132063
        m4 = 0.0205667
        m6 = 6.49023e-06
        Ta = 37600
        Td = 90.0548
        Tf = 45.0274
DiffEv reached_goal. cost=2.54685e-03 spread=2.31862e-06
Fitted parameter values
Free:
       pc1 = 1.97285
       pc2 = -0.157502
       pc3 = 1.98777
       pc4 = -0.993974
       pc5 = 0.945328
       pc6 = 0.708214
       pc7 = -0.357524
       pc8 = 1.99388
       pc9 = -0.913157
      pc10 = 1.18623
      pc11 = 0.0919383
      pc12 = 0.0154582
      pc13 = -0.328454
      pc14 = -0.159936
      pc15 = 0.0075811
Constrained:
   Tgbecnw = 119724
     Tecnw = 24791.3
       Tnw = 22758.5
       Tec = 6.31597
     twoNb = 1.34425e+06
     twoNc = 66087.9
     twoNw = 1.12711e+06
    twoNec = 182562
    twoNnw = 8603.36
  twoNecnw = 67865.9
  twoNbecnw = 15545.9
  twoNgbecnw = 208911
         m = 0.133254
        m4 = 0.0206433
        m6 = 6.75693e-06
        Ta = 37600
        Td = 3.15799
        Tf = 1.57899
#       SitePat  BranchLen
              b 123933.4477349
              e 47069.1016863
              c 48170.0576705
              n 45609.4090549
              w 45609.4038344
            b:e 1347.1047617
            b:c 1611.8223611
            b:n 1151.2181612
            b:w 1151.2179181
            e:c 12315.3293576
            e:n 4535.3317509
            e:w 4535.3305399
            c:n 4385.9955516
            c:w 4386.0007721
            n:w 12986.2282362
          b:e:c 1433.1462770
          b:e:n 646.8439825
          b:e:w 646.8437285
          b:c:n 648.2534746
          b:c:w 648.2537176
          b:n:w 1422.1662098
          e:c:n 4430.9976728
          e:c:w 4430.9988837
          e:n:w 5832.6006385
          c:n:w 5369.1276248
        b:e:c:n 1233.4853411
        b:e:c:w 1233.4855951
        b:e:n:w 2045.2969573
        b:c:n:w 1438.9425168
        e:c:n:w 48855.6319210
