########################################
# legofit: estimate population history #
#       version 2.3.4-4-g53f8760       #
########################################

# Program was compiled: Sep 21 2021 14:36:42
# Program was run: Thu Sep 23 10:26:44 2021

# cmd: legofit -1 -d 0 -t 32 --ptsPerDim 3 --stateOut b1boot49.state --tol 3e-6 -S 5000 adf2.lgo ../../chrX/boot_chrX/boot49.opf
# Stage nOptItr nSimReps
#     0    5000        0
# algorithm          : deterministic
# ignoring probs <=  : 0
# Branch length floor: 0
# DE strategy        : 2
#    F               : 0.3
#    CR              : 0.8
#    tolerance       : 3e-06
# nthreads           : 32
# lgo input file     : adf2.lgo
# site pat input file: ../../chrX/boot_chrX/boot49.opf
# free parameters    : 15
# points in DE swarm : 45
# output state file  : b1boot49.state
# Including singleton site patterns.
# cost function      : KL
Initial parameter values
Fixed:
      zero = 0
       one = 1
    Tbecnw = 75200
Free:
       pc1 = 0
       pc2 = 0
       pc3 = 0
       pc4 = 0
       pc5 = 0
       pc6 = 0
       pc7 = 0
       pc8 = 0
       pc9 = 0
      pc10 = 0
      pc11 = 0
      pc12 = 0
      pc13 = 0
      pc14 = 0
      pc15 = 0
Constrained:
   Tgbecnw = 142076
     Tecnw = 25405.6
       Tnw = 22675.5
       Tec = 180.11
     twoNb = 783206
     twoNc = 321446
     twoNw = 1.80649e+06
    twoNec = 188026
    twoNnw = 12162.9
  twoNecnw = 67987.9
  twoNbecnw = 20477.6
  twoNgbecnw = 218722
         m = 0.132063
        m4 = 0.0205667
        m6 = 6.49023e-06
        Ta = 37600
        Td = 90.0548
        Tf = 45.0274
DiffEv reached_goal. cost=2.40910e-03 spread=2.84681e-06
Fitted parameter values
Free:
       pc1 = 0.897282
       pc2 = 0.0143155
       pc3 = 1.94682
       pc4 = -1.96701
       pc5 = 0.433439
       pc6 = 0.0870949
       pc7 = -0.869293
       pc8 = 1.75749
       pc9 = 0.273465
      pc10 = 1.93751
      pc11 = -0.394628
      pc12 = -0.0796592
      pc13 = -0.232381
      pc14 = -0.0890043
      pc15 = 0.0610071
Constrained:
   Tgbecnw = 122506
     Tecnw = 24826.3
       Tnw = 22060.1
       Tec = 107.441
     twoNb = 1.31688e+06
     twoNc = 148043
     twoNw = 380636
    twoNec = 190675
    twoNnw = 12986.5
  twoNecnw = 65594.5
  twoNbecnw = 16103.4
  twoNgbecnw = 221772
         m = 0.123131
        m4 = 0.0223984
        m6 = 2.04332e-06
        Ta = 37600
        Td = 53.7206
        Tf = 26.8603
#       SitePat  BranchLen
              b 123942.5603005
              e 46796.7391772
              c 48011.1035122
              n 45670.2541409
              w 45670.2496332
            b:e 1331.5985084
            b:c 1614.7224587
            b:n 1166.7974740
            b:w 1166.7972638
            e:c 11902.1531242
            e:n 4658.2426683
            e:w 4658.2416117
            c:n 4491.5079569
            c:w 4491.5124645
            n:w 12404.5981785
          b:e:c 1384.6750555
          b:e:n 660.8651125
          b:e:w 660.8648934
          b:c:n 662.6485366
          b:c:w 662.6487469
          b:n:w 1375.1109225
          e:c:n 4535.8446975
          e:c:w 4535.8457540
          e:n:w 5832.7057260
          c:n:w 5326.6193909
        b:e:c:n 1245.3536112
        b:e:c:w 1245.3538302
        b:e:n:w 2079.4410536
        b:c:n:w 1417.9353544
        e:c:n:w 49089.4486284
