########################################
# legofit: estimate population history #
#       version 2.3.4-4-g53f8760       #
########################################

# Program was compiled: Sep 21 2021 14:36:42
# Program was run: Thu Sep 23 10:26:36 2021

# cmd: legofit -1 -d 0 -t 32 --ptsPerDim 3 --stateOut b1boot45.state --tol 3e-6 -S 5000 adf2.lgo ../../chrX/boot_chrX/boot45.opf
# Stage nOptItr nSimReps
#     0    5000        0
# algorithm          : deterministic
# ignoring probs <=  : 0
# Branch length floor: 0
# DE strategy        : 2
#    F               : 0.3
#    CR              : 0.8
#    tolerance       : 3e-06
# nthreads           : 32
# lgo input file     : adf2.lgo
# site pat input file: ../../chrX/boot_chrX/boot45.opf
# free parameters    : 15
# points in DE swarm : 45
# output state file  : b1boot45.state
# Including singleton site patterns.
# cost function      : KL
Initial parameter values
Fixed:
      zero = 0
       one = 1
    Tbecnw = 75200
Free:
       pc1 = 0
       pc2 = 0
       pc3 = 0
       pc4 = 0
       pc5 = 0
       pc6 = 0
       pc7 = 0
       pc8 = 0
       pc9 = 0
      pc10 = 0
      pc11 = 0
      pc12 = 0
      pc13 = 0
      pc14 = 0
      pc15 = 0
Constrained:
   Tgbecnw = 142076
     Tecnw = 25405.6
       Tnw = 22675.5
       Tec = 180.11
     twoNb = 783206
     twoNc = 321446
     twoNw = 1.80649e+06
    twoNec = 188026
    twoNnw = 12162.9
  twoNecnw = 67987.9
  twoNbecnw = 20477.6
  twoNgbecnw = 218722
         m = 0.132063
        m4 = 0.0205667
        m6 = 6.49023e-06
        Ta = 37600
        Td = 90.0548
        Tf = 45.0274
DiffEv reached_goal. cost=2.25440e-03 spread=1.40695e-06
Fitted parameter values
Free:
       pc1 = 1.0824
       pc2 = -0.315176
       pc3 = 1.98412
       pc4 = -1.88202
       pc5 = 0.71499
       pc6 = 1.38899
       pc7 = -0.617082
       pc8 = 1.99225
       pc9 = -1.15317
      pc10 = 1.96103
      pc11 = -0.107005
      pc12 = -0.1918
      pc13 = -0.153076
      pc14 = -0.144634
      pc15 = 0.0246374
Constrained:
   Tgbecnw = 123583
     Tecnw = 24794.8
       Tnw = 22421.1
       Tec = 3.68248
     twoNb = 1.55074e+06
     twoNc = 15079.2
     twoNw = 65446.1
    twoNec = 185248
    twoNnw = 10544.4
  twoNecnw = 66281.5
  twoNbecnw = 16183.9
  twoNgbecnw = 214175
         m = 0.127151
        m4 = 0.0212191
        m6 = 1.54079e-05
        Ta = 37600
        Td = 1.84124
        Tf = 0.920619
#       SitePat  BranchLen
              b 123680.4696732
              e 46751.9848944
              c 47904.3218643
              n 45508.5558173
              w 45508.3799740
            b:e 1284.5465359
            b:c 1540.1773645
            b:n 1112.7855386
            b:w 1112.7777660
            e:c 12096.4338034
            e:n 4564.5907446
            e:w 4564.5504268
            c:n 4409.0175169
            c:w 4409.1933602
            n:w 12642.3151785
          b:e:c 1350.5585411
          b:e:n 625.3205451
          b:e:w 625.3124569
          b:c:n 626.3638689
          b:c:w 626.3716415
          b:n:w 1341.9927839
          e:c:n 4456.5970794
          e:c:w 4456.6373971
          e:n:w 5782.5151411
          c:n:w 5309.7180090
        b:e:c:n 1184.4322188
        b:e:c:w 1184.4403070
        b:e:n:w 1990.0588648
        b:c:n:w 1363.7156495
        e:c:n:w 48731.3451342
