########################################
# legofit: estimate population history #
#       version 2.3.4-4-g53f8760       #
########################################

# Program was compiled: Sep 21 2021 14:36:42
# Program was run: Thu Sep 23 10:25:52 2021

# cmd: legofit -1 -d 0 -t 32 --ptsPerDim 3 --stateOut b1boot17.state --tol 3e-6 -S 5000 adf2.lgo ../../chrX/boot_chrX/boot17.opf
# Stage nOptItr nSimReps
#     0    5000        0
# algorithm          : deterministic
# ignoring probs <=  : 0
# Branch length floor: 0
# DE strategy        : 2
#    F               : 0.3
#    CR              : 0.8
#    tolerance       : 3e-06
# nthreads           : 32
# lgo input file     : adf2.lgo
# site pat input file: ../../chrX/boot_chrX/boot17.opf
# free parameters    : 15
# points in DE swarm : 45
# output state file  : b1boot17.state
# Including singleton site patterns.
# cost function      : KL
Initial parameter values
Fixed:
      zero = 0
       one = 1
    Tbecnw = 75200
Free:
       pc1 = 0
       pc2 = 0
       pc3 = 0
       pc4 = 0
       pc5 = 0
       pc6 = 0
       pc7 = 0
       pc8 = 0
       pc9 = 0
      pc10 = 0
      pc11 = 0
      pc12 = 0
      pc13 = 0
      pc14 = 0
      pc15 = 0
Constrained:
   Tgbecnw = 142076
     Tecnw = 25405.6
       Tnw = 22675.5
       Tec = 180.11
     twoNb = 783206
     twoNc = 321446
     twoNw = 1.80649e+06
    twoNec = 188026
    twoNnw = 12162.9
  twoNecnw = 67987.9
  twoNbecnw = 20477.6
  twoNgbecnw = 218722
         m = 0.132063
        m4 = 0.0205667
        m6 = 6.49023e-06
        Ta = 37600
        Td = 90.0548
        Tf = 45.0274
DiffEv reached_goal. cost=2.47881e-03 spread=2.74508e-06
Fitted parameter values
Free:
       pc1 = 0.460039
       pc2 = 0.275393
       pc3 = 1.99571
       pc4 = -0.76758
       pc5 = 0.280684
       pc6 = 1.64942
       pc7 = -0.837733
       pc8 = 1.703
       pc9 = -1.48755
      pc10 = 0.890938
      pc11 = 0.911503
      pc12 = 0.0150688
      pc13 = -0.0979497
      pc14 = -0.0901618
      pc15 = 0.0350205
Constrained:
   Tgbecnw = 126917
     Tecnw = 25218.2
       Tnw = 22307.5
       Tec = 31.761
     twoNb = 1.2575e+06
     twoNc = 73549.4
     twoNw = 32279.3
    twoNec = 175564
    twoNnw = 12800
  twoNecnw = 66284.3
  twoNbecnw = 17057
  twoNgbecnw = 211986
         m = 0.130152
        m4 = 0.0203347
        m6 = 1.67746e-05
        Ta = 37600
        Td = 15.8805
        Tf = 7.94024
#       SitePat  BranchLen
              b 124794.0579061
              e 46825.6852277
              c 47925.5006651
              n 45865.2700117
              w 45864.9324221
            b:e 1279.0264524
            b:c 1541.8096769
            b:n 1120.8547121
            b:w 1120.8401398
            e:c 12473.5745024
            e:n 4511.2198992
            e:w 4511.1445147
            c:n 4362.3271011
            c:w 4362.6646907
            n:w 12801.1100615
          b:e:c 1368.9836811
          b:e:n 619.5490375
          b:e:w 619.5339000
          b:c:n 620.6016834
          b:c:w 620.6162556
          b:n:w 1361.2247800
          e:c:n 4497.5788295
          e:c:w 4497.6542140
          e:n:w 5740.5370309
          c:n:w 5279.3512845
        b:e:c:n 1189.4595731
        b:e:c:w 1189.4747106
        b:e:n:w 1960.5131978
        b:c:n:w 1354.3375686
        e:c:n:w 49476.9488384
