########################################
# legofit: estimate population history #
#       version 2.3.4-4-g53f8760       #
########################################

# Program was compiled: Sep 21 2021 14:36:42
# Program was run: Thu Sep 23 10:25:30 2021

# cmd: legofit -1 -d 0 -t 32 --ptsPerDim 3 --stateOut b1boot2.state --tol 3e-6 -S 5000 adf2.lgo ../../chrX/boot_chrX/boot2.opf
# Stage nOptItr nSimReps
#     0    5000        0
# algorithm          : deterministic
# ignoring probs <=  : 0
# Branch length floor: 0
# DE strategy        : 2
#    F               : 0.3
#    CR              : 0.8
#    tolerance       : 3e-06
# nthreads           : 32
# lgo input file     : adf2.lgo
# site pat input file: ../../chrX/boot_chrX/boot2.opf
# free parameters    : 15
# points in DE swarm : 45
# output state file  : b1boot2.state
# Including singleton site patterns.
# cost function      : KL
Initial parameter values
Fixed:
      zero = 0
       one = 1
    Tbecnw = 75200
Free:
       pc1 = 0
       pc2 = 0
       pc3 = 0
       pc4 = 0
       pc5 = 0
       pc6 = 0
       pc7 = 0
       pc8 = 0
       pc9 = 0
      pc10 = 0
      pc11 = 0
      pc12 = 0
      pc13 = 0
      pc14 = 0
      pc15 = 0
Constrained:
   Tgbecnw = 142076
     Tecnw = 25405.6
       Tnw = 22675.5
       Tec = 180.11
     twoNb = 783206
     twoNc = 321446
     twoNw = 1.80649e+06
    twoNec = 188026
    twoNnw = 12162.9
  twoNecnw = 67987.9
  twoNbecnw = 20477.6
  twoNgbecnw = 218722
         m = 0.132063
        m4 = 0.0205667
        m6 = 6.49023e-06
        Ta = 37600
        Td = 90.0548
        Tf = 45.0274
DiffEv reached_goal. cost=2.46695e-03 spread=2.52512e-06
Fitted parameter values
Free:
       pc1 = 1.95733
       pc2 = -0.124346
       pc3 = 1.97806
       pc4 = -1.27726
       pc5 = 0.740379
       pc6 = 0.43887
       pc7 = -0.493251
       pc8 = 1.98101
       pc9 = -0.144768
      pc10 = 1.14953
      pc11 = -0.165127
      pc12 = -0.244838
      pc13 = -0.159706
      pc14 = -0.201298
      pc15 = -0.0402253
Constrained:
   Tgbecnw = 120373
     Tecnw = 24659.6
       Tnw = 22393
       Tec = 0.811447
     twoNb = 1.24964e+06
     twoNc = 100148
     twoNw = 1.09467e+06
    twoNec = 185470
    twoNnw = 9553.66
  twoNecnw = 67529.1
  twoNbecnw = 15673.9
  twoNgbecnw = 200683
         m = 0.136771
        m4 = 0.0214588
        m6 = 3.02203e-06
        Ta = 37600
        Td = 0.405723
        Tf = 0.202862
#       SitePat  BranchLen
              b 123494.2785885
              e 46971.1496880
              c 48106.0041852
              n 45347.3826271
              w 45347.3802672
            b:e 1304.0631213
            b:c 1584.0847374
            b:n 1107.9468708
            b:w 1107.9467647
            e:c 12170.3662146
            e:n 4532.7779952
            e:w 4532.7774490
            c:n 4377.0966708
            c:w 4377.0990307
            n:w 12979.9177220
          b:e:c 1378.1477202
          b:e:n 624.5305369
          b:e:w 624.5304262
          b:c:n 625.8682830
          b:c:w 625.8683891
          b:n:w 1367.6691588
          e:c:n 4394.0416781
          e:c:w 4394.0422244
          e:n:w 5849.7188506
          c:n:w 5363.9385561
        b:e:c:n 1183.6257333
        b:e:c:w 1183.6258440
        b:e:n:w 2009.2949738
        b:c:n:w 1388.8827992
        e:c:n:w 48457.6718809
