########################################
# legofit: estimate population history #
#       version 2.3.4-4-g53f8760       #
########################################

# Program was compiled: Sep 21 2021 14:36:42
# Program was run: Thu Sep 23 10:25:59 2021

# cmd: legofit -1 -d 0 -t 32 --ptsPerDim 3 --stateOut b1boot22.state --tol 3e-6 -S 5000 adf2.lgo ../../chrX/boot_chrX/boot22.opf
# Stage nOptItr nSimReps
#     0    5000        0
# algorithm          : deterministic
# ignoring probs <=  : 0
# Branch length floor: 0
# DE strategy        : 2
#    F               : 0.3
#    CR              : 0.8
#    tolerance       : 3e-06
# nthreads           : 32
# lgo input file     : adf2.lgo
# site pat input file: ../../chrX/boot_chrX/boot22.opf
# free parameters    : 15
# points in DE swarm : 45
# output state file  : b1boot22.state
# Including singleton site patterns.
# cost function      : KL
Initial parameter values
Fixed:
      zero = 0
       one = 1
    Tbecnw = 75200
Free:
       pc1 = 0
       pc2 = 0
       pc3 = 0
       pc4 = 0
       pc5 = 0
       pc6 = 0
       pc7 = 0
       pc8 = 0
       pc9 = 0
      pc10 = 0
      pc11 = 0
      pc12 = 0
      pc13 = 0
      pc14 = 0
      pc15 = 0
Constrained:
   Tgbecnw = 142076
     Tecnw = 25405.6
       Tnw = 22675.5
       Tec = 180.11
     twoNb = 783206
     twoNc = 321446
     twoNw = 1.80649e+06
    twoNec = 188026
    twoNnw = 12162.9
  twoNecnw = 67987.9
  twoNbecnw = 20477.6
  twoNgbecnw = 218722
         m = 0.132063
        m4 = 0.0205667
        m6 = 6.49023e-06
        Ta = 37600
        Td = 90.0548
        Tf = 45.0274
DiffEv reached_goal. cost=2.42703e-03 spread=2.84196e-06
Fitted parameter values
Free:
       pc1 = 1.45629
       pc2 = 0.432442
       pc3 = 1.51566
       pc4 = -1.84093
       pc5 = -0.139451
       pc6 = 1.64627
       pc7 = -1.45622
       pc8 = -0.412458
       pc9 = -0.798488
      pc10 = 0.810952
      pc11 = 0.0253379
      pc12 = -0.342488
      pc13 = 0.220682
      pc14 = 0.00971169
      pc15 = -0.060696
Constrained:
   Tgbecnw = 122829
     Tecnw = 25163.4
       Tnw = 22030.7
       Tec = 17.8132
     twoNb = 1.2339e+06
     twoNc = 559858
     twoNw = 155440
    twoNec = 186637
    twoNnw = 13401
  twoNecnw = 67067.9
  twoNbecnw = 17770.4
  twoNgbecnw = 161547
         m = 0.167199
        m4 = 0.0210873
        m6 = 2.26398e-05
        Ta = 37600
        Td = 8.90659
        Tf = 4.4533
#       SitePat  BranchLen
              b 125193.5619642
              e 47432.1392514
              c 48538.2327754
              n 45895.3898536
              w 45895.2714447
            b:e 1328.9201824
            b:c 1635.6102181
            b:n 1138.1057220
            b:w 1138.1004086
            e:c 12378.4597055
            e:n 4603.8143394
            e:w 4603.7869976
            c:n 4448.1739557
            c:w 4448.2923646
            n:w 13129.3668546
          b:e:c 1401.1676882
          b:e:n 637.8809671
          b:e:w 637.8754481
          b:c:n 638.2608249
          b:c:w 638.2661383
          b:n:w 1393.1909713
          e:c:n 4537.0002879
          e:c:w 4537.0276297
          e:n:w 5989.7142781
          c:n:w 5478.4829203
        b:e:c:n 1207.2318933
        b:e:c:w 1207.2374124
        b:e:n:w 1996.8315179
        b:c:n:w 1405.6432128
        e:c:n:w 49098.7975423
