########################################
# legofit: estimate population history #
#       version 2.3.4-4-g53f8760       #
########################################

# Program was compiled: Sep 21 2021 14:36:42
# Program was run: Thu Sep 23 10:25:58 2021

# cmd: legofit -1 -d 0 -t 32 --ptsPerDim 3 --stateOut b1boot20.state --tol 3e-6 -S 5000 adf2.lgo ../../chrX/boot_chrX/boot20.opf
# Stage nOptItr nSimReps
#     0    5000        0
# algorithm          : deterministic
# ignoring probs <=  : 0
# Branch length floor: 0
# DE strategy        : 2
#    F               : 0.3
#    CR              : 0.8
#    tolerance       : 3e-06
# nthreads           : 32
# lgo input file     : adf2.lgo
# site pat input file: ../../chrX/boot_chrX/boot20.opf
# free parameters    : 15
# points in DE swarm : 45
# output state file  : b1boot20.state
# Including singleton site patterns.
# cost function      : KL
Initial parameter values
Fixed:
      zero = 0
       one = 1
    Tbecnw = 75200
Free:
       pc1 = 0
       pc2 = 0
       pc3 = 0
       pc4 = 0
       pc5 = 0
       pc6 = 0
       pc7 = 0
       pc8 = 0
       pc9 = 0
      pc10 = 0
      pc11 = 0
      pc12 = 0
      pc13 = 0
      pc14 = 0
      pc15 = 0
Constrained:
   Tgbecnw = 142076
     Tecnw = 25405.6
       Tnw = 22675.5
       Tec = 180.11
     twoNb = 783206
     twoNc = 321446
     twoNw = 1.80649e+06
    twoNec = 188026
    twoNnw = 12162.9
  twoNecnw = 67987.9
  twoNbecnw = 20477.6
  twoNgbecnw = 218722
         m = 0.132063
        m4 = 0.0205667
        m6 = 6.49023e-06
        Ta = 37600
        Td = 90.0548
        Tf = 45.0274
DiffEv reached_goal. cost=2.45765e-03 spread=2.31731e-06
Fitted parameter values
Free:
       pc1 = 1.17885
       pc2 = -0.523658
       pc3 = 1.99911
       pc4 = -1.58991
       pc5 = 0.972258
       pc6 = 0.486931
       pc7 = -1.04205
       pc8 = 1.93474
       pc9 = -0.520052
      pc10 = 1.95509
      pc11 = -0.733454
      pc12 = -0.285942
      pc13 = -0.163872
      pc14 = -0.128044
      pc15 = -0.0266637
Constrained:
   Tgbecnw = 122653
     Tecnw = 24577.8
       Tnw = 22305.4
       Tec = 12.9671
     twoNb = 1.38319e+06
     twoNc = 123995
     twoNw = 343402
    twoNec = 190037
    twoNnw = 9751.88
  twoNecnw = 65673.9
  twoNbecnw = 15707.7
  twoNgbecnw = 230595
         m = 0.118052
        m4 = 0.0211969
        m6 = 7.80199e-06
        Ta = 37600
        Td = 6.48357
        Tf = 3.24179
#       SitePat  BranchLen
              b 123343.1850114
              e 46618.8050747
              c 47767.9160292
              n 45001.4961360
              w 45001.4773192
            b:e 1303.1556854
            b:c 1560.2565409
            b:n 1108.0426328
            b:w 1108.0417807
            e:c 11938.0486557
            e:n 4541.6162290
            e:w 4541.6118387
            c:n 4387.1632133
            c:w 4387.1820301
            n:w 12742.9539425
          b:e:c 1364.3292974
          b:e:n 627.3321017
          b:e:w 627.3312142
          b:c:n 628.9367984
          b:c:w 628.9376506
          b:n:w 1353.7549501
          e:c:n 4407.1346917
          e:c:w 4407.1390819
          e:n:w 5847.3004379
          c:n:w 5373.9913593
        b:e:c:n 1181.8343805
        b:e:c:w 1181.8352681
        b:e:n:w 2013.1484113
        b:c:n:w 1385.9170837
        e:c:n:w 48815.4167264
