########################################
# legofit: estimate population history #
#       version 2.3.4-4-g53f8760       #
########################################

# Program was compiled: Sep 21 2021 14:36:42
# Program was run: Thu Sep 23 10:25:36 2021

# cmd: legofit -1 -d 0 -t 32 --ptsPerDim 3 --stateOut b1boot5.state --tol 3e-6 -S 5000 adf2.lgo ../../chrX/boot_chrX/boot5.opf
# Stage nOptItr nSimReps
#     0    5000        0
# algorithm          : deterministic
# ignoring probs <=  : 0
# Branch length floor: 0
# DE strategy        : 2
#    F               : 0.3
#    CR              : 0.8
#    tolerance       : 3e-06
# nthreads           : 32
# lgo input file     : adf2.lgo
# site pat input file: ../../chrX/boot_chrX/boot5.opf
# free parameters    : 15
# points in DE swarm : 45
# output state file  : b1boot5.state
# Including singleton site patterns.
# cost function      : KL
Initial parameter values
Fixed:
      zero = 0
       one = 1
    Tbecnw = 75200
Free:
       pc1 = 0
       pc2 = 0
       pc3 = 0
       pc4 = 0
       pc5 = 0
       pc6 = 0
       pc7 = 0
       pc8 = 0
       pc9 = 0
      pc10 = 0
      pc11 = 0
      pc12 = 0
      pc13 = 0
      pc14 = 0
      pc15 = 0
Constrained:
   Tgbecnw = 142076
     Tecnw = 25405.6
       Tnw = 22675.5
       Tec = 180.11
     twoNb = 783206
     twoNc = 321446
     twoNw = 1.80649e+06
    twoNec = 188026
    twoNnw = 12162.9
  twoNecnw = 67987.9
  twoNbecnw = 20477.6
  twoNgbecnw = 218722
         m = 0.132063
        m4 = 0.0205667
        m6 = 6.49023e-06
        Ta = 37600
        Td = 90.0548
        Tf = 45.0274
DiffEv reached_goal. cost=2.51840e-03 spread=2.45356e-06
Fitted parameter values
Free:
       pc1 = 1.97361
       pc2 = -0.429297
       pc3 = 1.99693
       pc4 = -1.41462
       pc5 = 1.047
       pc6 = 1.26134
       pc7 = -0.26258
       pc8 = 1.75456
       pc9 = -1.52294
      pc10 = 1.81809
      pc11 = 0.161995
      pc12 = -0.531087
      pc13 = -0.0980943
      pc14 = -0.143486
      pc15 = 0.0413206
Constrained:
   Tgbecnw = 120756
     Tecnw = 24644.7
       Tnw = 22993.1
       Tec = 7.50403
     twoNb = 1.57179e+06
     twoNc = 59173.7
     twoNw = 879035
    twoNec = 182730
    twoNnw = 7297.01
  twoNecnw = 66700.7
  twoNbecnw = 16014.6
  twoNgbecnw = 191427
         m = 0.135488
        m4 = 0.0205794
        m6 = 1.55165e-05
        Ta = 37600
        Td = 3.75201
        Tf = 1.87601
#       SitePat  BranchLen
              b 122228.8343462
              e 46690.5810660
              c 47776.8398458
              n 45512.0479024
              w 45512.0324870
            b:e 1288.5552623
            b:c 1537.6399362
            b:n 1116.0532744
            b:w 1116.0525761
            e:c 12176.9646365
            e:n 4569.6294144
            e:w 4569.6257921
            c:n 4418.5568233
            c:w 4418.5722386
            n:w 12648.9273425
          b:e:c 1358.5744199
          b:e:n 626.3373263
          b:e:w 626.3365991
          b:c:n 627.2318769
          b:c:w 627.2325752
          b:n:w 1350.0933650
          e:c:n 4473.3423641
          e:c:w 4473.3459865
          e:n:w 5790.4743070
          c:n:w 5330.9854128
        b:e:c:n 1188.9186266
        b:e:c:w 1188.9193537
        b:e:n:w 1944.5264292
        b:c:n:w 1369.0071187
        e:c:n:w 47228.1818709
