########################################
# legofit: estimate population history #
#       version 2.3.4-4-g53f8760       #
########################################

# Program was compiled: Sep 21 2021 14:36:42
# Program was run: Thu Sep 23 10:26:08 2021

# cmd: legofit -1 -d 0 -t 32 --ptsPerDim 3 --stateOut b1boot24.state --tol 3e-6 -S 5000 adf2.lgo ../../chrX/boot_chrX/boot24.opf
# Stage nOptItr nSimReps
#     0    5000        0
# algorithm          : deterministic
# ignoring probs <=  : 0
# Branch length floor: 0
# DE strategy        : 2
#    F               : 0.3
#    CR              : 0.8
#    tolerance       : 3e-06
# nthreads           : 32
# lgo input file     : adf2.lgo
# site pat input file: ../../chrX/boot_chrX/boot24.opf
# free parameters    : 15
# points in DE swarm : 45
# output state file  : b1boot24.state
# Including singleton site patterns.
# cost function      : KL
Initial parameter values
Fixed:
      zero = 0
       one = 1
    Tbecnw = 75200
Free:
       pc1 = 0
       pc2 = 0
       pc3 = 0
       pc4 = 0
       pc5 = 0
       pc6 = 0
       pc7 = 0
       pc8 = 0
       pc9 = 0
      pc10 = 0
      pc11 = 0
      pc12 = 0
      pc13 = 0
      pc14 = 0
      pc15 = 0
Constrained:
   Tgbecnw = 142076
     Tecnw = 25405.6
       Tnw = 22675.5
       Tec = 180.11
     twoNb = 783206
     twoNc = 321446
     twoNw = 1.80649e+06
    twoNec = 188026
    twoNnw = 12162.9
  twoNecnw = 67987.9
  twoNbecnw = 20477.6
  twoNgbecnw = 218722
         m = 0.132063
        m4 = 0.0205667
        m6 = 6.49023e-06
        Ta = 37600
        Td = 90.0548
        Tf = 45.0274
DiffEv reached_goal. cost=2.56344e-03 spread=2.70260e-06
Fitted parameter values
Free:
       pc1 = 1.32824
       pc2 = -0.609188
       pc3 = 1.97987
       pc4 = -1.59958
       pc5 = 1.38519
       pc6 = -0.325003
       pc7 = -0.824778
       pc8 = 1.88392
       pc9 = -1.28708
      pc10 = 1.97768
      pc11 = -0.177136
      pc12 = -0.0126168
      pc13 = -0.356916
      pc14 = -0.0994657
      pc15 = 0.0567652
Constrained:
   Tgbecnw = 122256
     Tecnw = 24792.2
       Tnw = 23001.2
       Tec = 2.8004
     twoNb = 1.55765e+06
     twoNc = 181979
     twoNw = 925424
    twoNec = 187799
    twoNnw = 7976.29
  twoNecnw = 64987.1
  twoNbecnw = 15478
  twoNgbecnw = 242018
         m = 0.111532
        m4 = 0.0206212
        m6 = 1.99357e-06
        Ta = 37600
        Td = 1.4002
        Tf = 0.700099
#       SitePat  BranchLen
              b 122981.2019032
              e 46502.2863361
              c 47626.1547141
              n 45299.1409838
              w 45299.1391125
            b:e 1306.9882759
            b:c 1545.5006424
            b:n 1130.2119886
            b:w 1130.2119020
            e:c 11956.0979210
            e:n 4543.6011430
            e:w 4543.6007029
            c:n 4393.0093976
            c:w 4393.0112689
            n:w 12447.1377969
          b:e:c 1371.8336620
          b:e:n 637.3469530
          b:e:w 637.3468628
          b:c:n 638.9947316
          b:c:w 638.9948182
          b:n:w 1361.8684446
          e:c:n 4448.7229028
          e:c:w 4448.7233428
          e:n:w 5764.0347828
          c:n:w 5311.4201246
        b:e:c:n 1206.6220510
        b:e:c:w 1206.6221412
        b:e:n:w 2003.5966683
        b:c:n:w 1391.7157770
        e:c:n:w 48611.6333267
