########################################
# legofit: estimate population history #
#       version 2.3.4-4-g53f8760       #
########################################

# Program was compiled: Sep 21 2021 14:36:42
# Program was run: Thu Sep 23 10:26:44 2021

# cmd: legofit -1 -d 0 -t 32 --ptsPerDim 3 --stateOut b1boot47.state --tol 3e-6 -S 5000 adf2.lgo ../../chrX/boot_chrX/boot47.opf
# Stage nOptItr nSimReps
#     0    5000        0
# algorithm          : deterministic
# ignoring probs <=  : 0
# Branch length floor: 0
# DE strategy        : 2
#    F               : 0.3
#    CR              : 0.8
#    tolerance       : 3e-06
# nthreads           : 32
# lgo input file     : adf2.lgo
# site pat input file: ../../chrX/boot_chrX/boot47.opf
# free parameters    : 15
# points in DE swarm : 45
# output state file  : b1boot47.state
# Including singleton site patterns.
# cost function      : KL
Initial parameter values
Fixed:
      zero = 0
       one = 1
    Tbecnw = 75200
Free:
       pc1 = 0
       pc2 = 0
       pc3 = 0
       pc4 = 0
       pc5 = 0
       pc6 = 0
       pc7 = 0
       pc8 = 0
       pc9 = 0
      pc10 = 0
      pc11 = 0
      pc12 = 0
      pc13 = 0
      pc14 = 0
      pc15 = 0
Constrained:
   Tgbecnw = 142076
     Tecnw = 25405.6
       Tnw = 22675.5
       Tec = 180.11
     twoNb = 783206
     twoNc = 321446
     twoNw = 1.80649e+06
    twoNec = 188026
    twoNnw = 12162.9
  twoNecnw = 67987.9
  twoNbecnw = 20477.6
  twoNgbecnw = 218722
         m = 0.132063
        m4 = 0.0205667
        m6 = 6.49023e-06
        Ta = 37600
        Td = 90.0548
        Tf = 45.0274
DiffEv reached_goal. cost=2.45603e-03 spread=2.65514e-06
Fitted parameter values
Free:
       pc1 = 1.57106
       pc2 = -0.125497
       pc3 = 1.99598
       pc4 = -1.68423
       pc5 = 0.96888
       pc6 = 0.134034
       pc7 = -0.153394
       pc8 = 1.78588
       pc9 = 0.0191754
      pc10 = 1.48141
      pc11 = 0.600904
      pc12 = -0.256683
      pc13 = -0.087028
      pc14 = -0.237964
      pc15 = 0.002925
Constrained:
   Tgbecnw = 122359
     Tecnw = 24869.7
       Tnw = 22734.2
       Tec = 34.6531
     twoNb = 1.33893e+06
     twoNc = 84677.2
     twoNw = 1.48879e+06
    twoNec = 184417
    twoNnw = 9445.68
  twoNecnw = 65741.9
  twoNbecnw = 15892.7
  twoNgbecnw = 202069
         m = 0.134402
        m4 = 0.0223508
        m6 = 2.64586e-06
        Ta = 37600
        Td = 17.3266
        Tf = 8.66329
#       SitePat  BranchLen
              b 123277.8613148
              e 46633.1631175
              c 47828.7436919
              n 45435.1015596
              w 45435.1000183
            b:e 1235.8885978
            b:c 1518.2653808
            b:n 1070.2323780
            b:w 1070.2323110
            e:c 12035.8521976
            e:n 4525.5653919
            e:w 4525.5650336
            c:n 4362.0599682
            c:w 4362.0615095
            n:w 12551.7885313
          b:e:c 1301.0739275
          b:e:n 600.5817417
          b:e:w 600.5816720
          b:c:n 601.6887943
          b:c:w 601.6888613
          b:n:w 1292.8329095
          e:c:n 4412.5893022
          e:c:w 4412.5896605
          e:n:w 5762.9709443
          c:n:w 5258.2199501
        b:e:c:n 1137.5586288
        b:e:c:w 1137.5586985
        b:e:n:w 1958.7608638
        b:c:n:w 1310.3488139
        e:c:n:w 48434.8555086
