########################################
# legofit: estimate population history #
#       version 2.3.4-4-g53f8760       #
########################################

# Program was compiled: Sep 21 2021 14:36:42
# Program was run: Thu Sep 23 10:26:05 2021

# cmd: legofit -1 -d 0 -t 32 --ptsPerDim 3 --stateOut b1boot23.state --tol 3e-6 -S 5000 adf2.lgo ../../chrX/boot_chrX/boot23.opf
# Stage nOptItr nSimReps
#     0    5000        0
# algorithm          : deterministic
# ignoring probs <=  : 0
# Branch length floor: 0
# DE strategy        : 2
#    F               : 0.3
#    CR              : 0.8
#    tolerance       : 3e-06
# nthreads           : 32
# lgo input file     : adf2.lgo
# site pat input file: ../../chrX/boot_chrX/boot23.opf
# free parameters    : 15
# points in DE swarm : 45
# output state file  : b1boot23.state
# Including singleton site patterns.
# cost function      : KL
Initial parameter values
Fixed:
      zero = 0
       one = 1
    Tbecnw = 75200
Free:
       pc1 = 0
       pc2 = 0
       pc3 = 0
       pc4 = 0
       pc5 = 0
       pc6 = 0
       pc7 = 0
       pc8 = 0
       pc9 = 0
      pc10 = 0
      pc11 = 0
      pc12 = 0
      pc13 = 0
      pc14 = 0
      pc15 = 0
Constrained:
   Tgbecnw = 142076
     Tecnw = 25405.6
       Tnw = 22675.5
       Tec = 180.11
     twoNb = 783206
     twoNc = 321446
     twoNw = 1.80649e+06
    twoNec = 188026
    twoNnw = 12162.9
  twoNecnw = 67987.9
  twoNbecnw = 20477.6
  twoNgbecnw = 218722
         m = 0.132063
        m4 = 0.0205667
        m6 = 6.49023e-06
        Ta = 37600
        Td = 90.0548
        Tf = 45.0274
DiffEv reached_goal. cost=2.39526e-03 spread=1.86741e-06
Fitted parameter values
Free:
       pc1 = 1.96283
       pc2 = -0.574644
       pc3 = 1.9821
       pc4 = -1.89126
       pc5 = -0.0539573
       pc6 = 0.641671
       pc7 = -0.572561
       pc8 = 1.96335
       pc9 = -0.885239
      pc10 = 1.57123
      pc11 = 0.252997
      pc12 = -0.268242
      pc13 = -0.0364406
      pc14 = -0.100404
      pc15 = 0.0181694
Constrained:
   Tgbecnw = 122331
     Tecnw = 24679.5
       Tnw = 22822.1
       Tec = 7.90395
     twoNb = 1.51345e+06
     twoNc = 169853
     twoNw = 134856
    twoNec = 182917
    twoNnw = 8234.66
  twoNecnw = 67613.2
  twoNbecnw = 16520.7
  twoNgbecnw = 193910
         m = 0.140619
        m4 = 0.0217723
        m6 = 4.35055e-06
        Ta = 37600
        Td = 3.95198
        Tf = 1.97599
#       SitePat  BranchLen
              b 124133.0054071
              e 46981.0280373
              c 48152.1227308
              n 45770.8970119
              w 45770.8705060
            b:e 1319.0656451
            b:c 1595.4330123
            b:n 1143.5526188
            b:w 1143.5514087
            e:c 12261.5674752
            e:n 4616.2391195
            e:w 4616.2329399
            c:n 4455.6515982
            c:w 4455.6781040
            n:w 12775.4991754
          b:e:c 1390.4687314
          b:e:n 642.2842599
          b:e:w 642.2829996
          b:c:n 643.1187803
          b:c:w 643.1199904
          b:n:w 1381.9147409
          e:c:n 4508.0899697
          e:c:w 4508.0961494
          e:n:w 5859.9898518
          c:n:w 5364.8768164
        b:e:c:n 1218.5620631
        b:e:c:w 1218.5633234
        b:e:n:w 2034.6731588
        b:c:n:w 1401.7945596
        e:c:n:w 48734.2473952
