########################################
# legofit: estimate population history #
#       version 2.3.4-4-g53f8760       #
########################################

# Program was compiled: Sep 21 2021 14:36:42
# Program was run: Thu Sep 23 10:25:30 2021

# cmd: legofit -1 -d 0 -t 32 --ptsPerDim 3 --stateOut b1boot3.state --tol 3e-6 -S 5000 adf2.lgo ../../chrX/boot_chrX/boot3.opf
# Stage nOptItr nSimReps
#     0    5000        0
# algorithm          : deterministic
# ignoring probs <=  : 0
# Branch length floor: 0
# DE strategy        : 2
#    F               : 0.3
#    CR              : 0.8
#    tolerance       : 3e-06
# nthreads           : 32
# lgo input file     : adf2.lgo
# site pat input file: ../../chrX/boot_chrX/boot3.opf
# free parameters    : 15
# points in DE swarm : 45
# output state file  : b1boot3.state
# Including singleton site patterns.
# cost function      : KL
Initial parameter values
Fixed:
      zero = 0
       one = 1
    Tbecnw = 75200
Free:
       pc1 = 0
       pc2 = 0
       pc3 = 0
       pc4 = 0
       pc5 = 0
       pc6 = 0
       pc7 = 0
       pc8 = 0
       pc9 = 0
      pc10 = 0
      pc11 = 0
      pc12 = 0
      pc13 = 0
      pc14 = 0
      pc15 = 0
Constrained:
   Tgbecnw = 142076
     Tecnw = 25405.6
       Tnw = 22675.5
       Tec = 180.11
     twoNb = 783206
     twoNc = 321446
     twoNw = 1.80649e+06
    twoNec = 188026
    twoNnw = 12162.9
  twoNecnw = 67987.9
  twoNbecnw = 20477.6
  twoNgbecnw = 218722
         m = 0.132063
        m4 = 0.0205667
        m6 = 6.49023e-06
        Ta = 37600
        Td = 90.0548
        Tf = 45.0274
DiffEv reached_goal. cost=2.50479e-03 spread=2.87820e-06
Fitted parameter values
Free:
       pc1 = 1.48298
       pc2 = -0.435984
       pc3 = 1.9482
       pc4 = -1.55936
       pc5 = 1.00998
       pc6 = 0.41968
       pc7 = -0.746657
       pc8 = 1.82918
       pc9 = -0.532564
      pc10 = 1.80829
      pc11 = 0.413668
      pc12 = -0.167202
      pc13 = -0.195917
      pc14 = -0.165992
      pc15 = 0.0264349
Constrained:
   Tgbecnw = 121267
     Tecnw = 24836.1
       Tnw = 22983.4
       Tec = 14.859
     twoNb = 1.38518e+06
     twoNc = 114774
     twoNw = 755074
    twoNec = 185103
    twoNnw = 8164.15
  twoNecnw = 65401.9
  twoNbecnw = 15672.5
  twoNgbecnw = 213161
         m = 0.126553
        m4 = 0.021632
        m6 = 6.52646e-06
        Ta = 37600
        Td = 7.4295
        Tf = 3.71475
#       SitePat  BranchLen
              b 123091.0713028
              e 46583.1723338
              c 47743.4808658
              n 45377.0008789
              w 45376.9933827
            b:e 1283.8150084
            b:c 1551.3485529
            b:n 1109.5202652
            b:w 1109.5199258
            e:c 12048.6562772
            e:n 4534.0979471
            e:w 4534.0961911
            c:n 4376.0321616
            c:w 4376.0396578
            n:w 12549.3703564
          b:e:c 1352.9280467
          b:e:n 623.7052752
          b:e:w 623.7049218
          b:c:n 625.1448520
          b:c:w 625.1451913
          b:n:w 1343.5214072
          e:c:n 4441.8978599
          e:c:w 4441.8996159
          e:n:w 5791.5048379
          c:n:w 5305.4210212
        b:e:c:n 1182.7961893
        b:e:c:w 1182.7965427
        b:e:n:w 1993.5741196
        b:c:n:w 1365.0579951
        e:c:n:w 48445.0047666
