########################################
# legofit: estimate population history #
#       version 2.3.4-4-g53f8760       #
########################################

# Program was compiled: Sep 21 2021 14:36:42
# Program was run: Thu Sep 23 10:25:45 2021

# cmd: legofit -1 -d 0 -t 32 --ptsPerDim 3 --stateOut b1boot11.state --tol 3e-6 -S 5000 adf2.lgo ../../chrX/boot_chrX/boot11.opf
# Stage nOptItr nSimReps
#     0    5000        0
# algorithm          : deterministic
# ignoring probs <=  : 0
# Branch length floor: 0
# DE strategy        : 2
#    F               : 0.3
#    CR              : 0.8
#    tolerance       : 3e-06
# nthreads           : 32
# lgo input file     : adf2.lgo
# site pat input file: ../../chrX/boot_chrX/boot11.opf
# free parameters    : 15
# points in DE swarm : 45
# output state file  : b1boot11.state
# Including singleton site patterns.
# cost function      : KL
Initial parameter values
Fixed:
      zero = 0
       one = 1
    Tbecnw = 75200
Free:
       pc1 = 0
       pc2 = 0
       pc3 = 0
       pc4 = 0
       pc5 = 0
       pc6 = 0
       pc7 = 0
       pc8 = 0
       pc9 = 0
      pc10 = 0
      pc11 = 0
      pc12 = 0
      pc13 = 0
      pc14 = 0
      pc15 = 0
Constrained:
   Tgbecnw = 142076
     Tecnw = 25405.6
       Tnw = 22675.5
       Tec = 180.11
     twoNb = 783206
     twoNc = 321446
     twoNw = 1.80649e+06
    twoNec = 188026
    twoNnw = 12162.9
  twoNecnw = 67987.9
  twoNbecnw = 20477.6
  twoNgbecnw = 218722
         m = 0.132063
        m4 = 0.0205667
        m6 = 6.49023e-06
        Ta = 37600
        Td = 90.0548
        Tf = 45.0274
DiffEv reached_goal. cost=2.48036e-03 spread=2.38543e-06
Fitted parameter values
Free:
       pc1 = 1.85898
       pc2 = 0.298225
       pc3 = 1.96371
       pc4 = -0.505637
       pc5 = 0.0448201
       pc6 = 0.640347
       pc7 = -0.929275
       pc8 = 1.28927
       pc9 = -1.29471
      pc10 = 0.327099
      pc11 = 0.151483
      pc12 = -0.198589
      pc13 = 0.0831524
      pc14 = -0.0745293
      pc15 = -0.043319
Constrained:
   Tgbecnw = 122898
     Tecnw = 24874.5
       Tnw = 22254.2
       Tec = 26.6262
     twoNb = 1.17676e+06
     twoNc = 324952
     twoNw = 726087
    twoNec = 178688
    twoNnw = 10968.6
  twoNecnw = 68159
  twoNbecnw = 16789.8
  twoNgbecnw = 191578
         m = 0.150055
        m4 = 0.0197777
        m6 = 5.66228e-06
        Ta = 37600
        Td = 13.3131
        Tf = 6.65655
#       SitePat  BranchLen
              b 126044.3838416
              e 47182.8155013
              c 48245.8453306
              n 45709.0887913
              w 45709.0821217
            b:e 1333.4060273
            b:c 1613.9158998
            b:n 1141.1568900
            b:w 1141.1565862
            e:c 12538.5610322
            e:n 4543.6513273
            e:w 4543.6497847
            c:n 4399.3487331
            c:w 4399.3554027
            n:w 13218.1999246
          b:e:c 1424.5875230
          b:e:n 636.2011560
          b:e:w 636.2008395
          b:c:n 637.1314938
          b:c:w 637.1317977
          b:n:w 1415.1317313
          e:c:n 4484.7177147
          e:c:w 4484.7192573
          e:n:w 5890.0155404
          c:n:w 5423.1081266
        b:e:c:n 1216.2016864
        b:e:c:w 1216.2020029
        b:e:n:w 2006.8733166
        b:c:n:w 1416.9762776
        e:c:n:w 50378.8547914
