########################################
# legofit: estimate population history #
#       version 2.3.4-4-g53f8760       #
########################################

# Program was compiled: Sep 21 2021 14:36:42
# Program was run: Thu Sep 23 10:26:24 2021

# cmd: legofit -1 -d 0 -t 32 --ptsPerDim 3 --stateOut b1boot37.state --tol 3e-6 -S 5000 adf2.lgo ../../chrX/boot_chrX/boot37.opf
# Stage nOptItr nSimReps
#     0    5000        0
# algorithm          : deterministic
# ignoring probs <=  : 0
# Branch length floor: 0
# DE strategy        : 2
#    F               : 0.3
#    CR              : 0.8
#    tolerance       : 3e-06
# nthreads           : 32
# lgo input file     : adf2.lgo
# site pat input file: ../../chrX/boot_chrX/boot37.opf
# free parameters    : 15
# points in DE swarm : 45
# output state file  : b1boot37.state
# Including singleton site patterns.
# cost function      : KL
Initial parameter values
Fixed:
      zero = 0
       one = 1
    Tbecnw = 75200
Free:
       pc1 = 0
       pc2 = 0
       pc3 = 0
       pc4 = 0
       pc5 = 0
       pc6 = 0
       pc7 = 0
       pc8 = 0
       pc9 = 0
      pc10 = 0
      pc11 = 0
      pc12 = 0
      pc13 = 0
      pc14 = 0
      pc15 = 0
Constrained:
   Tgbecnw = 142076
     Tecnw = 25405.6
       Tnw = 22675.5
       Tec = 180.11
     twoNb = 783206
     twoNc = 321446
     twoNw = 1.80649e+06
    twoNec = 188026
    twoNnw = 12162.9
  twoNecnw = 67987.9
  twoNbecnw = 20477.6
  twoNgbecnw = 218722
         m = 0.132063
        m4 = 0.0205667
        m6 = 6.49023e-06
        Ta = 37600
        Td = 90.0548
        Tf = 45.0274
DiffEv reached_goal. cost=2.31324e-03 spread=1.32969e-06
Fitted parameter values
Free:
       pc1 = 1.94362
       pc2 = 0.420712
       pc3 = 1.99797
       pc4 = -1.64752
       pc5 = 1.09572
       pc6 = 0.23872
       pc7 = -1.56182
       pc8 = 1.98899
       pc9 = -1.2337
      pc10 = 1.92881
      pc11 = -0.498633
      pc12 = -0.211699
      pc13 = -0.168892
      pc14 = -0.20677
      pc15 = 0.0627646
Constrained:
   Tgbecnw = 115340
     Tecnw = 24746.8
       Tnw = 22359.3
       Tec = 2.17979
     twoNb = 1.48081e+06
     twoNc = 177499
     twoNw = 246847
    twoNec = 188751
    twoNnw = 10930
  twoNecnw = 65113.6
  twoNbecnw = 14624.1
  twoNgbecnw = 199711
         m = 0.137441
        m4 = 0.0200397
        m6 = 2.95231e-06
        Ta = 37600
        Td = 1.0899
        Tf = 0.544948
#       SitePat  BranchLen
              b 123103.2945047
              e 46495.1729078
              c 47567.3049484
              n 45353.2511773
              w 45353.2412629
            b:e 1315.3483804
            b:c 1570.7814206
            b:n 1146.2743012
            b:w 1146.2738420
            e:c 11929.4482103
            e:n 4585.2076679
            e:w 4585.2053457
            c:n 4437.7404967
            c:w 4437.7504111
            n:w 12397.9776013
          b:e:c 1377.1900734
          b:e:n 648.3277594
          b:e:w 648.3272797
          b:c:n 649.7657829
          b:c:w 649.7662421
          b:n:w 1367.4917396
          e:c:n 4498.1342888
          e:c:w 4498.1366111
          e:n:w 5777.4630755
          c:n:w 5318.9937997
        b:e:c:n 1227.8275534
        b:e:c:w 1227.8280331
        b:e:n:w 1982.2129969
        b:c:n:w 1405.1619428
        e:c:n:w 48670.0420378
