########################################
# legofit: estimate population history #
#       version 2.3.4-4-g53f8760       #
########################################

# Program was compiled: Sep 21 2021 14:36:42
# Program was run: Thu Sep 23 10:25:52 2021

# cmd: legofit -1 -d 0 -t 32 --ptsPerDim 3 --stateOut b1boot15.state --tol 3e-6 -S 5000 adf2.lgo ../../chrX/boot_chrX/boot15.opf
# Stage nOptItr nSimReps
#     0    5000        0
# algorithm          : deterministic
# ignoring probs <=  : 0
# Branch length floor: 0
# DE strategy        : 2
#    F               : 0.3
#    CR              : 0.8
#    tolerance       : 3e-06
# nthreads           : 32
# lgo input file     : adf2.lgo
# site pat input file: ../../chrX/boot_chrX/boot15.opf
# free parameters    : 15
# points in DE swarm : 45
# output state file  : b1boot15.state
# Including singleton site patterns.
# cost function      : KL
Initial parameter values
Fixed:
      zero = 0
       one = 1
    Tbecnw = 75200
Free:
       pc1 = 0
       pc2 = 0
       pc3 = 0
       pc4 = 0
       pc5 = 0
       pc6 = 0
       pc7 = 0
       pc8 = 0
       pc9 = 0
      pc10 = 0
      pc11 = 0
      pc12 = 0
      pc13 = 0
      pc14 = 0
      pc15 = 0
Constrained:
   Tgbecnw = 142076
     Tecnw = 25405.6
       Tnw = 22675.5
       Tec = 180.11
     twoNb = 783206
     twoNc = 321446
     twoNw = 1.80649e+06
    twoNec = 188026
    twoNnw = 12162.9
  twoNecnw = 67987.9
  twoNbecnw = 20477.6
  twoNgbecnw = 218722
         m = 0.132063
        m4 = 0.0205667
        m6 = 6.49023e-06
        Ta = 37600
        Td = 90.0548
        Tf = 45.0274
DiffEv reached_goal. cost=2.34475e-03 spread=2.83180e-06
Fitted parameter values
Free:
       pc1 = 1.94021
       pc2 = -0.952498
       pc3 = 1.72233
       pc4 = -1.14226
       pc5 = 0.56233
       pc6 = 0.820271
       pc7 = -1.75482
       pc8 = -0.701958
       pc9 = -0.819205
      pc10 = 1.90668
      pc11 = -0.406769
      pc12 = -0.56424
      pc13 = -0.0990629
      pc14 = 0.0610732
      pc15 = 0.0126386
Constrained:
   Tgbecnw = 120386
     Tecnw = 24686.8
       Tnw = 23261.2
       Tec = 120.916
     twoNb = 1.24957e+06
     twoNc = 706478
     twoNw = 458283
    twoNec = 191082
    twoNnw = 6143.65
  twoNecnw = 65948.4
  twoNbecnw = 16737.8
  twoNgbecnw = 191635
         m = 0.137059
        m4 = 0.0207504
        m6 = 2.19907e-05
        Ta = 37600
        Td = 60.4581
        Tf = 30.2291
#       SitePat  BranchLen
              b 123797.4671128
              e 47019.1046627
              c 48116.4259038
              n 45456.3333900
              w 45456.2916490
            b:e 1416.2489617
            b:c 1695.2779129
            b:n 1204.6821323
            b:w 1204.6800787
            e:c 12127.2200322
            e:n 4646.4422343
            e:w 4646.4322227
            c:n 4493.0026830
            c:w 4493.0444240
            n:w 12850.0937158
          b:e:c 1481.0302982
          b:e:n 683.1343526
          b:e:w 683.1322118
          b:c:n 684.7106208
          b:c:w 684.7126745
          b:n:w 1469.6265430
          e:c:n 4564.2395109
          e:c:w 4564.2495225
          e:n:w 6046.5071919
          c:n:w 5557.5766512
        b:e:c:n 1286.4852658
        b:e:c:w 1286.4874067
        b:e:n:w 2091.6289932
        b:c:n:w 1507.8795822
        e:c:n:w 48634.8416584
