########################################
# legofit: estimate population history #
#       version 2.3.4-4-g53f8760       #
########################################

# Program was compiled: Sep 21 2021 14:36:42
# Program was run: Thu Sep 23 10:25:49 2021

# cmd: legofit -1 -d 0 -t 32 --ptsPerDim 3 --stateOut b1boot14.state --tol 3e-6 -S 5000 adf2.lgo ../../chrX/boot_chrX/boot14.opf
# Stage nOptItr nSimReps
#     0    5000        0
# algorithm          : deterministic
# ignoring probs <=  : 0
# Branch length floor: 0
# DE strategy        : 2
#    F               : 0.3
#    CR              : 0.8
#    tolerance       : 3e-06
# nthreads           : 32
# lgo input file     : adf2.lgo
# site pat input file: ../../chrX/boot_chrX/boot14.opf
# free parameters    : 15
# points in DE swarm : 45
# output state file  : b1boot14.state
# Including singleton site patterns.
# cost function      : KL
Initial parameter values
Fixed:
      zero = 0
       one = 1
    Tbecnw = 75200
Free:
       pc1 = 0
       pc2 = 0
       pc3 = 0
       pc4 = 0
       pc5 = 0
       pc6 = 0
       pc7 = 0
       pc8 = 0
       pc9 = 0
      pc10 = 0
      pc11 = 0
      pc12 = 0
      pc13 = 0
      pc14 = 0
      pc15 = 0
Constrained:
   Tgbecnw = 142076
     Tecnw = 25405.6
       Tnw = 22675.5
       Tec = 180.11
     twoNb = 783206
     twoNc = 321446
     twoNw = 1.80649e+06
    twoNec = 188026
    twoNnw = 12162.9
  twoNecnw = 67987.9
  twoNbecnw = 20477.6
  twoNgbecnw = 218722
         m = 0.132063
        m4 = 0.0205667
        m6 = 6.49023e-06
        Ta = 37600
        Td = 90.0548
        Tf = 45.0274
DiffEv reached_goal. cost=2.25695e-03 spread=1.56964e-06
Fitted parameter values
Free:
       pc1 = 1.3015
       pc2 = -0.505394
       pc3 = 1.99535
       pc4 = -0.708268
       pc5 = 1.37081
       pc6 = 0.219916
       pc7 = -1.68315
       pc8 = 1.90126
       pc9 = -1.97258
      pc10 = 1.92592
      pc11 = -0.807369
      pc12 = -0.430459
      pc13 = -0.0985468
      pc14 = -0.120554
      pc15 = 0.0209641
Constrained:
   Tgbecnw = 122451
     Tecnw = 24527.7
       Tnw = 22679.1
       Tec = 2.65314
     twoNb = 1.43087e+06
     twoNc = 221752
     twoNw = 195342
    twoNec = 187183
    twoNnw = 7952.01
  twoNecnw = 64513.1
  twoNbecnw = 15390.7
  twoNgbecnw = 238221
         m = 0.112467
        m4 = 0.0187978
        m6 = 7.77462e-06
        Ta = 37600
        Td = 1.32657
        Tf = 0.663284
#       SitePat  BranchLen
              b 122610.8635982
              e 46192.1432498
              c 47211.7465060
              n 44749.4384455
              w 44749.4060774
            b:e 1266.3406519
            b:c 1486.9574533
            b:n 1081.1486358
            b:w 1081.1471941
            e:c 11921.2673036
            e:n 4490.6536539
            e:w 4490.6460767
            c:n 4353.8523534
            c:w 4353.8847215
            n:w 12561.2452928
          b:e:c 1329.0366914
          b:e:n 609.2119544
          b:e:w 609.2104542
          b:c:n 610.6888698
          b:c:w 610.6903115
          b:n:w 1319.2489734
          e:c:n 4400.8433304
          e:c:w 4400.8509076
          e:n:w 5757.5265642
          c:n:w 5340.3714461
        b:e:c:n 1151.3233260
        b:e:c:w 1151.3248262
        b:e:n:w 1897.2854327
        b:c:n:w 1344.8261446
        e:c:n:w 48491.6403260
