########################################
# legofit: estimate population history #
#       version 2.3.4-4-g53f8760       #
########################################

# Program was compiled: Sep 21 2021 14:36:42
# Program was run: Thu Sep 23 10:26:36 2021

# cmd: legofit -1 -d 0 -t 32 --ptsPerDim 3 --stateOut b1boot42.state --tol 3e-6 -S 5000 adf2.lgo ../../chrX/boot_chrX/boot42.opf
# Stage nOptItr nSimReps
#     0    5000        0
# algorithm          : deterministic
# ignoring probs <=  : 0
# Branch length floor: 0
# DE strategy        : 2
#    F               : 0.3
#    CR              : 0.8
#    tolerance       : 3e-06
# nthreads           : 32
# lgo input file     : adf2.lgo
# site pat input file: ../../chrX/boot_chrX/boot42.opf
# free parameters    : 15
# points in DE swarm : 45
# output state file  : b1boot42.state
# Including singleton site patterns.
# cost function      : KL
Initial parameter values
Fixed:
      zero = 0
       one = 1
    Tbecnw = 75200
Free:
       pc1 = 0
       pc2 = 0
       pc3 = 0
       pc4 = 0
       pc5 = 0
       pc6 = 0
       pc7 = 0
       pc8 = 0
       pc9 = 0
      pc10 = 0
      pc11 = 0
      pc12 = 0
      pc13 = 0
      pc14 = 0
      pc15 = 0
Constrained:
   Tgbecnw = 142076
     Tecnw = 25405.6
       Tnw = 22675.5
       Tec = 180.11
     twoNb = 783206
     twoNc = 321446
     twoNw = 1.80649e+06
    twoNec = 188026
    twoNnw = 12162.9
  twoNecnw = 67987.9
  twoNbecnw = 20477.6
  twoNgbecnw = 218722
         m = 0.132063
        m4 = 0.0205667
        m6 = 6.49023e-06
        Ta = 37600
        Td = 90.0548
        Tf = 45.0274
DiffEv reached_goal. cost=2.44561e-03 spread=2.96642e-06
Fitted parameter values
Free:
       pc1 = 1.7482
       pc2 = -0.506113
       pc3 = 1.99796
       pc4 = -1.45805
       pc5 = 1.14581
       pc6 = -0.162481
       pc7 = -1.69449
       pc8 = 1.62817
       pc9 = -0.154236
      pc10 = 1.98245
      pc11 = -0.330109
      pc12 = -0.0984518
      pc13 = -0.255834
      pc14 = -0.238274
      pc15 = 0.0251467
Constrained:
   Tgbecnw = 118060
     Tecnw = 24669.8
       Tnw = 22871.8
       Tec = 13.1325
     twoNb = 1.26066e+06
     twoNc = 284679
     twoNw = 435206
    twoNec = 190851
    twoNnw = 7995.3
  twoNecnw = 64853.3
  twoNbecnw = 14616.8
  twoNgbecnw = 223075
         m = 0.123623
        m4 = 0.0213333
        m6 = 1.9129e-06
        Ta = 37600
        Td = 6.56627
        Tf = 3.28314
#       SitePat  BranchLen
              b 122931.0119673
              e 46414.6529549
              c 47558.6582308
              n 45090.9163484
              w 45090.9126143
            b:e 1278.1809149
            b:c 1547.7662560
            b:n 1099.8148513
            b:w 1099.8146824
            e:c 11800.4007552
            e:n 4535.7166925
            e:w 4535.7158170
            c:n 4379.8926669
            c:w 4379.8964009
            n:w 12392.4577712
          b:e:c 1336.1372707
          b:e:n 623.5833327
          b:e:w 623.5831564
          b:c:n 625.4842008
          b:c:w 625.4843697
          b:n:w 1325.5329408
          e:c:n 4404.9775300
          e:c:w 4404.9784055
          e:n:w 5773.0079167
          c:n:w 5292.4811462
        b:e:c:n 1176.4256931
        b:e:c:w 1176.4258694
        b:e:n:w 1988.7180213
        b:c:n:w 1363.4952185
        e:c:n:w 48748.9547316
