########################################
# legofit: estimate population history #
#       version 2.3.4-4-g53f8760       #
########################################

# Program was compiled: Sep 21 2021 14:36:42
# Program was run: Thu Sep 23 10:26:17 2021

# cmd: legofit -1 -d 0 -t 32 --ptsPerDim 3 --stateOut b1boot31.state --tol 3e-6 -S 5000 adf2.lgo ../../chrX/boot_chrX/boot31.opf
# Stage nOptItr nSimReps
#     0    5000        0
# algorithm          : deterministic
# ignoring probs <=  : 0
# Branch length floor: 0
# DE strategy        : 2
#    F               : 0.3
#    CR              : 0.8
#    tolerance       : 3e-06
# nthreads           : 32
# lgo input file     : adf2.lgo
# site pat input file: ../../chrX/boot_chrX/boot31.opf
# free parameters    : 15
# points in DE swarm : 45
# output state file  : b1boot31.state
# Including singleton site patterns.
# cost function      : KL
Initial parameter values
Fixed:
      zero = 0
       one = 1
    Tbecnw = 75200
Free:
       pc1 = 0
       pc2 = 0
       pc3 = 0
       pc4 = 0
       pc5 = 0
       pc6 = 0
       pc7 = 0
       pc8 = 0
       pc9 = 0
      pc10 = 0
      pc11 = 0
      pc12 = 0
      pc13 = 0
      pc14 = 0
      pc15 = 0
Constrained:
   Tgbecnw = 142076
     Tecnw = 25405.6
       Tnw = 22675.5
       Tec = 180.11
     twoNb = 783206
     twoNc = 321446
     twoNw = 1.80649e+06
    twoNec = 188026
    twoNnw = 12162.9
  twoNecnw = 67987.9
  twoNbecnw = 20477.6
  twoNgbecnw = 218722
         m = 0.132063
        m4 = 0.0205667
        m6 = 6.49023e-06
        Ta = 37600
        Td = 90.0548
        Tf = 45.0274
DiffEv reached_goal. cost=2.48038e-03 spread=2.91225e-06
Fitted parameter values
Free:
       pc1 = 1.32384
       pc2 = -0.986274
       pc3 = 1.90353
       pc4 = -1.05205
       pc5 = 1.31562
       pc6 = -0.469896
       pc7 = -1.67304
       pc8 = 1.43893
       pc9 = -0.899554
      pc10 = 1.96916
      pc11 = -0.0215041
      pc12 = -0.213986
      pc13 = -0.17023
      pc14 = -0.0879143
      pc15 = 0.0590813
Constrained:
   Tgbecnw = 122373
     Tecnw = 24701
       Tnw = 23369.3
       Tec = 11.9086
     twoNb = 1.31127e+06
     twoNc = 348903
     twoNw = 567754
    twoNec = 188171
    twoNnw = 6019.6
  twoNecnw = 63785.9
  twoNbecnw = 15485.7
  twoNgbecnw = 242583
         m = 0.110735
        m4 = 0.0205752
        m6 = 2.65587e-06
        Ta = 37600
        Td = 5.95428
        Tf = 2.97714
#       SitePat  BranchLen
              b 122931.1264739
              e 46180.3805667
              c 47297.7305336
              n 45098.1688127
              w 45098.1647556
            b:e 1284.7346393
            b:c 1534.1822408
            b:n 1115.2266960
            b:w 1115.2265091
            e:c 11853.6370633
            e:n 4545.8248746
            e:w 4545.8239093
            c:n 4394.3478239
            c:w 4394.3518810
            n:w 12247.2247426
          b:e:c 1343.6715823
          b:e:n 628.9216446
          b:e:w 628.9214500
          b:c:n 630.8527439
          b:c:w 630.8529309
          b:n:w 1333.8428263
          e:c:n 4468.8384787
          e:c:w 4468.8394440
          e:n:w 5770.1469755
          c:n:w 5308.9396040
        b:e:c:n 1188.4558481
        b:e:c:w 1188.4560427
        b:e:n:w 1972.3653914
        b:c:n:w 1365.8614479
        e:c:n:w 48823.6808021
