########################################
# legofit: estimate population history #
#       version 2.3.4-4-g53f8760       #
########################################

# Program was compiled: Sep 21 2021 14:36:42
# Program was run: Thu Sep 23 10:26:36 2021

# cmd: legofit -1 -d 0 -t 32 --ptsPerDim 3 --stateOut b1boot41.state --tol 3e-6 -S 5000 adf2.lgo ../../chrX/boot_chrX/boot41.opf
# Stage nOptItr nSimReps
#     0    5000        0
# algorithm          : deterministic
# ignoring probs <=  : 0
# Branch length floor: 0
# DE strategy        : 2
#    F               : 0.3
#    CR              : 0.8
#    tolerance       : 3e-06
# nthreads           : 32
# lgo input file     : adf2.lgo
# site pat input file: ../../chrX/boot_chrX/boot41.opf
# free parameters    : 15
# points in DE swarm : 45
# output state file  : b1boot41.state
# Including singleton site patterns.
# cost function      : KL
Initial parameter values
Fixed:
      zero = 0
       one = 1
    Tbecnw = 75200
Free:
       pc1 = 0
       pc2 = 0
       pc3 = 0
       pc4 = 0
       pc5 = 0
       pc6 = 0
       pc7 = 0
       pc8 = 0
       pc9 = 0
      pc10 = 0
      pc11 = 0
      pc12 = 0
      pc13 = 0
      pc14 = 0
      pc15 = 0
Constrained:
   Tgbecnw = 142076
     Tecnw = 25405.6
       Tnw = 22675.5
       Tec = 180.11
     twoNb = 783206
     twoNc = 321446
     twoNw = 1.80649e+06
    twoNec = 188026
    twoNnw = 12162.9
  twoNecnw = 67987.9
  twoNbecnw = 20477.6
  twoNgbecnw = 218722
         m = 0.132063
        m4 = 0.0205667
        m6 = 6.49023e-06
        Ta = 37600
        Td = 90.0548
        Tf = 45.0274
DiffEv reached_goal. cost=2.36949e-03 spread=2.96021e-06
Fitted parameter values
Free:
       pc1 = 1.78681
       pc2 = -0.864096
       pc3 = 1.99257
       pc4 = -1.75965
       pc5 = 1.17573
       pc6 = -0.479269
       pc7 = -1.16334
       pc8 = 0.710677
       pc9 = -0.0499082
      pc10 = 1.67529
      pc11 = -0.860758
      pc12 = 0.0940036
      pc13 = -0.37633
      pc14 = -0.168256
      pc15 = -0.0121928
Constrained:
   Tgbecnw = 120887
     Tecnw = 24678.9
       Tnw = 22775
       Tec = 15.7402
     twoNb = 1.31994e+06
     twoNc = 475104
     twoNw = 1.23132e+06
    twoNec = 194416
    twoNnw = 8136.13
  twoNecnw = 66376.6
  twoNbecnw = 15231.3
  twoNgbecnw = 237467
         m = 0.121582
        m4 = 0.0216648
        m6 = 3.80405e-06
        Ta = 37600
        Td = 7.87009
        Tf = 3.93504
#       SitePat  BranchLen
              b 124773.4503574
              e 46933.5567637
              c 48123.1492002
              n 45226.9076307
              w 45226.9049632
            b:e 1333.4289254
            b:c 1607.4986374
            b:n 1127.7502754
            b:w 1127.7501519
            e:c 11885.2093825
            e:n 4554.6198052
            e:w 4554.6191821
            c:n 4397.5286316
            c:w 4397.5312992
            n:w 12750.2287550
          b:e:c 1393.1819615
          b:e:n 642.1987407
          b:e:w 642.1986118
          b:c:n 644.0227392
          b:c:w 644.0228627
          b:n:w 1381.3067461
          e:c:n 4384.4880752
          e:c:w 4384.4886983
          e:n:w 5870.8208467
          c:n:w 5383.2090093
        b:e:c:n 1207.6890163
        b:e:c:w 1207.6891453
        b:e:n:w 2088.9386986
        b:c:n:w 1423.4188833
        e:c:n:w 50161.4182109
