########################################
# legofit: estimate population history #
#       version 2.3.4-4-g53f8760       #
########################################

# Program was compiled: Sep 21 2021 14:36:42
# Program was run: Thu Sep 23 10:25:59 2021

# cmd: legofit -1 -d 0 -t 32 --ptsPerDim 3 --stateOut b1boot21.state --tol 3e-6 -S 5000 adf2.lgo ../../chrX/boot_chrX/boot21.opf
# Stage nOptItr nSimReps
#     0    5000        0
# algorithm          : deterministic
# ignoring probs <=  : 0
# Branch length floor: 0
# DE strategy        : 2
#    F               : 0.3
#    CR              : 0.8
#    tolerance       : 3e-06
# nthreads           : 32
# lgo input file     : adf2.lgo
# site pat input file: ../../chrX/boot_chrX/boot21.opf
# free parameters    : 15
# points in DE swarm : 45
# output state file  : b1boot21.state
# Including singleton site patterns.
# cost function      : KL
Initial parameter values
Fixed:
      zero = 0
       one = 1
    Tbecnw = 75200
Free:
       pc1 = 0
       pc2 = 0
       pc3 = 0
       pc4 = 0
       pc5 = 0
       pc6 = 0
       pc7 = 0
       pc8 = 0
       pc9 = 0
      pc10 = 0
      pc11 = 0
      pc12 = 0
      pc13 = 0
      pc14 = 0
      pc15 = 0
Constrained:
   Tgbecnw = 142076
     Tecnw = 25405.6
       Tnw = 22675.5
       Tec = 180.11
     twoNb = 783206
     twoNc = 321446
     twoNw = 1.80649e+06
    twoNec = 188026
    twoNnw = 12162.9
  twoNecnw = 67987.9
  twoNbecnw = 20477.6
  twoNgbecnw = 218722
         m = 0.132063
        m4 = 0.0205667
        m6 = 6.49023e-06
        Ta = 37600
        Td = 90.0548
        Tf = 45.0274
DiffEv reached_goal. cost=2.53763e-03 spread=2.95506e-06
Fitted parameter values
Free:
       pc1 = 1.50499
       pc2 = 0.386819
       pc3 = 1.99661
       pc4 = -0.768931
       pc5 = 1.50556
       pc6 = 0.937131
       pc7 = -1.28577
       pc8 = 1.99131
       pc9 = -1.29422
      pc10 = 1.74274
      pc11 = -0.500392
      pc12 = -0.30919
      pc13 = -0.156687
      pc14 = -0.212022
      pc15 = -0.0233511
Constrained:
   Tgbecnw = 117919
     Tecnw = 24722.6
       Tnw = 22240.7
       Tec = 28.6687
     twoNb = 1.31923e+06
     twoNc = 49320.4
     twoNw = 575305
    twoNec = 186229
    twoNnw = 10481.8
  twoNecnw = 65175.3
  twoNbecnw = 14851.8
  twoNgbecnw = 210952
         m = 0.129342
        m4 = 0.0193903
        m6 = 1.17297e-05
        Ta = 37600
        Td = 14.3343
        Tf = 7.16717
#       SitePat  BranchLen
              b 122875.2281720
              e 46470.8195600
              c 47503.3661068
              n 44901.1111351
              w 44901.0941568
            b:e 1288.4217458
            b:c 1533.7652865
            b:n 1095.3769102
            b:w 1095.3761480
            e:c 12024.8588732
            e:n 4473.8141296
            e:w 4473.8101894
            c:n 4333.7715584
            c:w 4333.7885368
            n:w 12771.9544858
          b:e:c 1361.2236408
          b:e:n 617.1644166
          b:e:w 617.1636216
          b:c:n 618.6552106
          b:c:w 618.6559727
          b:n:w 1350.5890250
          e:c:n 4387.3405726
          e:c:w 4387.3445128
          e:n:w 5789.8179978
          c:n:w 5349.9959560
        b:e:c:n 1170.8194580
        b:e:c:w 1170.8202530
        b:e:n:w 1933.9953977
        b:c:n:w 1373.0081154
        e:c:n:w 48552.8493204
