########################################
# legofit: estimate population history #
#       version 2.3.4-4-g53f8760       #
########################################

# Program was compiled: Sep 21 2021 14:36:42
# Program was run: Thu Sep 23 10:26:36 2021

# cmd: legofit -1 -d 0 -t 32 --ptsPerDim 3 --stateOut b1boot44.state --tol 3e-6 -S 5000 adf2.lgo ../../chrX/boot_chrX/boot44.opf
# Stage nOptItr nSimReps
#     0    5000        0
# algorithm          : deterministic
# ignoring probs <=  : 0
# Branch length floor: 0
# DE strategy        : 2
#    F               : 0.3
#    CR              : 0.8
#    tolerance       : 3e-06
# nthreads           : 32
# lgo input file     : adf2.lgo
# site pat input file: ../../chrX/boot_chrX/boot44.opf
# free parameters    : 15
# points in DE swarm : 45
# output state file  : b1boot44.state
# Including singleton site patterns.
# cost function      : KL
Initial parameter values
Fixed:
      zero = 0
       one = 1
    Tbecnw = 75200
Free:
       pc1 = 0
       pc2 = 0
       pc3 = 0
       pc4 = 0
       pc5 = 0
       pc6 = 0
       pc7 = 0
       pc8 = 0
       pc9 = 0
      pc10 = 0
      pc11 = 0
      pc12 = 0
      pc13 = 0
      pc14 = 0
      pc15 = 0
Constrained:
   Tgbecnw = 142076
     Tecnw = 25405.6
       Tnw = 22675.5
       Tec = 180.11
     twoNb = 783206
     twoNc = 321446
     twoNw = 1.80649e+06
    twoNec = 188026
    twoNnw = 12162.9
  twoNecnw = 67987.9
  twoNbecnw = 20477.6
  twoNgbecnw = 218722
         m = 0.132063
        m4 = 0.0205667
        m6 = 6.49023e-06
        Ta = 37600
        Td = 90.0548
        Tf = 45.0274
DiffEv reached_goal. cost=2.41532e-03 spread=2.98590e-06
Fitted parameter values
Free:
       pc1 = 1.42311
       pc2 = -0.615928
       pc3 = 1.98969
       pc4 = -1.82808
       pc5 = 0.896169
       pc6 = 0.0787495
       pc7 = -0.58177
       pc8 = 1.88612
       pc9 = -0.577718
      pc10 = 1.90746
      pc11 = -0.167504
      pc12 = -0.402259
      pc13 = -0.0309876
      pc14 = -0.0793264
      pc15 = -0.0210774
Constrained:
   Tgbecnw = 123196
     Tecnw = 24621.4
       Tnw = 22660.4
       Tec = 14.7699
     twoNb = 1.48012e+06
     twoNc = 142499
     twoNw = 808345
    twoNec = 187719
    twoNnw = 8442.37
  twoNecnw = 65449.4
  twoNbecnw = 16162.5
  twoNgbecnw = 220786
         m = 0.124021
        m4 = 0.021674
        m6 = 3.72153e-06
        Ta = 37600
        Td = 7.38494
        Tf = 3.69247
#       SitePat  BranchLen
              b 124041.2667140
              e 46605.2215143
              c 47791.2288124
              n 45106.9607323
              w 45106.9568003
            b:e 1313.1784318
            b:c 1578.9589352
            b:n 1120.7740701
            b:w 1120.7738896
            e:c 12029.5110138
            e:n 4557.6004152
            e:w 4557.5994884
            c:n 4398.9823974
            c:w 4398.9863294
            n:w 12738.0145880
          b:e:c 1377.8862336
          b:e:n 632.6255342
          b:e:w 632.6253463
          b:c:n 633.9843618
          b:c:w 633.9845423
          b:n:w 1367.9655318
          e:c:n 4453.3047583
          e:c:w 4453.3056852
          e:n:w 5894.2632964
          c:n:w 5401.6799840
        b:e:c:n 1193.6035678
        b:e:c:w 1193.6037557
        b:e:n:w 2039.2614646
        b:c:n:w 1394.5698038
        e:c:n:w 49341.4720019
