########################################
# legofit: estimate population history #
#       version 2.3.4-4-g53f8760       #
########################################

# Program was compiled: Sep 21 2021 14:36:42
# Program was run: Thu Sep 23 10:25:49 2021

# cmd: legofit -1 -d 0 -t 32 --ptsPerDim 3 --stateOut b1boot13.state --tol 3e-6 -S 5000 adf2.lgo ../../chrX/boot_chrX/boot13.opf
# Stage nOptItr nSimReps
#     0    5000        0
# algorithm          : deterministic
# ignoring probs <=  : 0
# Branch length floor: 0
# DE strategy        : 2
#    F               : 0.3
#    CR              : 0.8
#    tolerance       : 3e-06
# nthreads           : 32
# lgo input file     : adf2.lgo
# site pat input file: ../../chrX/boot_chrX/boot13.opf
# free parameters    : 15
# points in DE swarm : 45
# output state file  : b1boot13.state
# Including singleton site patterns.
# cost function      : KL
Initial parameter values
Fixed:
      zero = 0
       one = 1
    Tbecnw = 75200
Free:
       pc1 = 0
       pc2 = 0
       pc3 = 0
       pc4 = 0
       pc5 = 0
       pc6 = 0
       pc7 = 0
       pc8 = 0
       pc9 = 0
      pc10 = 0
      pc11 = 0
      pc12 = 0
      pc13 = 0
      pc14 = 0
      pc15 = 0
Constrained:
   Tgbecnw = 142076
     Tecnw = 25405.6
       Tnw = 22675.5
       Tec = 180.11
     twoNb = 783206
     twoNc = 321446
     twoNw = 1.80649e+06
    twoNec = 188026
    twoNnw = 12162.9
  twoNecnw = 67987.9
  twoNbecnw = 20477.6
  twoNgbecnw = 218722
         m = 0.132063
        m4 = 0.0205667
        m6 = 6.49023e-06
        Ta = 37600
        Td = 90.0548
        Tf = 45.0274
DiffEv reached_goal. cost=2.53974e-03 spread=2.35561e-06
Fitted parameter values
Free:
       pc1 = 1.50736
       pc2 = -0.790341
       pc3 = 1.99124
       pc4 = -1.83379
       pc5 = 0.379154
       pc6 = 0.493733
       pc7 = -0.754092
       pc8 = 1.66286
       pc9 = -0.313732
      pc10 = 1.96595
      pc11 = 1.24752
      pc12 = -0.0744319
      pc13 = -0.0799952
      pc14 = -0.120761
      pc15 = 0.00922434
Constrained:
   Tgbecnw = 122129
     Tecnw = 24946.7
       Tnw = 23453.6
       Tec = 47.0041
     twoNb = 1.40293e+06
     twoNc = 177389
     twoNw = 307721
    twoNec = 181835
    twoNnw = 6458.66
  twoNecnw = 65314.5
  twoNbecnw = 16186
  twoNgbecnw = 206249
         m = 0.132944
        m4 = 0.0227421
        m6 = 6.39971e-06
        Ta = 37600
        Td = 23.502
        Tf = 11.751
#       SitePat  BranchLen
              b 124126.0182188
              e 46656.2346691
              c 47886.9929094
              n 45477.8495776
              w 45477.8316201
            b:e 1300.1351617
            b:c 1589.8464487
            b:n 1121.1032807
            b:w 1121.1024592
            e:c 12197.6412269
            e:n 4527.0781573
            e:w 4527.0739351
            c:n 4361.0467974
            c:w 4361.0647549
            n:w 12663.3287390
          b:e:c 1378.7028774
          b:e:n 627.6250151
          b:e:w 627.6241602
          b:c:n 628.9130001
          b:c:w 628.9138215
          b:n:w 1369.4419553
          e:c:n 4467.5567407
          e:c:w 4467.5609629
          e:n:w 5868.7578160
          c:n:w 5346.2856800
        b:e:c:n 1193.6313305
        b:e:c:w 1193.6321855
        b:e:n:w 2049.1710374
        b:c:n:w 1380.6361487
        e:c:n:w 49254.0722163
