########################################
# legofit: estimate population history #
#       version 2.3.4-4-g53f8760       #
########################################

# Program was compiled: Sep 21 2021 14:36:42
# Program was run: Thu Sep 23 10:25:58 2021

# cmd: legofit -1 -d 0 -t 32 --ptsPerDim 3 --stateOut b1boot19.state --tol 3e-6 -S 5000 adf2.lgo ../../chrX/boot_chrX/boot19.opf
# Stage nOptItr nSimReps
#     0    5000        0
# algorithm          : deterministic
# ignoring probs <=  : 0
# Branch length floor: 0
# DE strategy        : 2
#    F               : 0.3
#    CR              : 0.8
#    tolerance       : 3e-06
# nthreads           : 32
# lgo input file     : adf2.lgo
# site pat input file: ../../chrX/boot_chrX/boot19.opf
# free parameters    : 15
# points in DE swarm : 45
# output state file  : b1boot19.state
# Including singleton site patterns.
# cost function      : KL
Initial parameter values
Fixed:
      zero = 0
       one = 1
    Tbecnw = 75200
Free:
       pc1 = 0
       pc2 = 0
       pc3 = 0
       pc4 = 0
       pc5 = 0
       pc6 = 0
       pc7 = 0
       pc8 = 0
       pc9 = 0
      pc10 = 0
      pc11 = 0
      pc12 = 0
      pc13 = 0
      pc14 = 0
      pc15 = 0
Constrained:
   Tgbecnw = 142076
     Tecnw = 25405.6
       Tnw = 22675.5
       Tec = 180.11
     twoNb = 783206
     twoNc = 321446
     twoNw = 1.80649e+06
    twoNec = 188026
    twoNnw = 12162.9
  twoNecnw = 67987.9
  twoNbecnw = 20477.6
  twoNgbecnw = 218722
         m = 0.132063
        m4 = 0.0205667
        m6 = 6.49023e-06
        Ta = 37600
        Td = 90.0548
        Tf = 45.0274
DiffEv reached_goal. cost=2.51566e-03 spread=2.77469e-06
Fitted parameter values
Free:
       pc1 = 1.84207
       pc2 = 0.630751
       pc3 = 1.94065
       pc4 = -1.2009
       pc5 = 0.689015
       pc6 = 1.68119
       pc7 = -0.624526
       pc8 = 0.601162
       pc9 = -1.6169
      pc10 = 1.68208
      pc11 = 0.718699
      pc12 = 0.0973385
      pc13 = -0.135881
      pc14 = -0.213401
      pc15 = -0.0573492
Constrained:
   Tgbecnw = 118385
     Tecnw = 25221.1
       Tnw = 22751
       Tec = 150.224
     twoNb = 1.46072e+06
     twoNc = 233661
     twoNw = 736803
    twoNec = 180898
    twoNnw = 10075
  twoNecnw = 66725.8
  twoNbecnw = 15850.8
  twoNgbecnw = 177025
         m = 0.15777
        m4 = 0.020291
        m6 = 2.19882e-05
        Ta = 37600
        Td = 75.1121
        Tf = 37.556
#       SitePat  BranchLen
              b 124400.3286708
              e 47146.3191090
              c 48219.7258365
              n 45564.6045159
              w 45564.5787923
            b:e 1303.8508077
            b:c 1578.1779752
            b:n 1104.5547381
            b:w 1104.5535886
            e:c 12394.0942171
            e:n 4454.3141074
            e:w 4454.3081970
            c:n 4309.0409471
            c:w 4309.0666706
            n:w 13135.7786156
          b:e:c 1395.4149938
          b:e:n 616.8800658
          b:e:w 616.8788676
          b:c:n 617.4920784
          b:c:w 617.4932279
          b:n:w 1385.9918723
          e:c:n 4400.3536686
          e:c:w 4400.3595790
          e:n:w 5860.7431426
          c:n:w 5385.6570235
        b:e:c:n 1178.2843530
        b:e:c:w 1178.2855513
        b:e:n:w 1969.7514861
        b:c:n:w 1386.3915317
        e:c:n:w 49084.4921546
