########################################
# legofit: estimate population history #
#       version 2.3.4-4-g53f8760       #
########################################

# Program was compiled: Sep 21 2021 14:36:42
# Program was run: Thu Sep 23 10:26:24 2021

# cmd: legofit -1 -d 0 -t 32 --ptsPerDim 3 --stateOut b1boot38.state --tol 3e-6 -S 5000 adf2.lgo ../../chrX/boot_chrX/boot38.opf
# Stage nOptItr nSimReps
#     0    5000        0
# algorithm          : deterministic
# ignoring probs <=  : 0
# Branch length floor: 0
# DE strategy        : 2
#    F               : 0.3
#    CR              : 0.8
#    tolerance       : 3e-06
# nthreads           : 32
# lgo input file     : adf2.lgo
# site pat input file: ../../chrX/boot_chrX/boot38.opf
# free parameters    : 15
# points in DE swarm : 45
# output state file  : b1boot38.state
# Including singleton site patterns.
# cost function      : KL
Initial parameter values
Fixed:
      zero = 0
       one = 1
    Tbecnw = 75200
Free:
       pc1 = 0
       pc2 = 0
       pc3 = 0
       pc4 = 0
       pc5 = 0
       pc6 = 0
       pc7 = 0
       pc8 = 0
       pc9 = 0
      pc10 = 0
      pc11 = 0
      pc12 = 0
      pc13 = 0
      pc14 = 0
      pc15 = 0
Constrained:
   Tgbecnw = 142076
     Tecnw = 25405.6
       Tnw = 22675.5
       Tec = 180.11
     twoNb = 783206
     twoNc = 321446
     twoNw = 1.80649e+06
    twoNec = 188026
    twoNnw = 12162.9
  twoNecnw = 67987.9
  twoNbecnw = 20477.6
  twoNgbecnw = 218722
         m = 0.132063
        m4 = 0.0205667
        m6 = 6.49023e-06
        Ta = 37600
        Td = 90.0548
        Tf = 45.0274
DiffEv reached_goal. cost=2.59033e-03 spread=2.93113e-06
Fitted parameter values
Free:
       pc1 = 0.971807
       pc2 = -0.0623714
       pc3 = 1.99905
       pc4 = -1.35357
       pc5 = 1.93512
       pc6 = -0.621509
       pc7 = -1.35038
       pc8 = 1.81908
       pc9 = -0.847499
      pc10 = 1.96805
      pc11 = -1.00474
      pc12 = -0.0313022
      pc13 = -0.224232
      pc14 = -0.151269
      pc15 = 0.0274532
Constrained:
   Tgbecnw = 121077
     Tecnw = 24728.6
       Tnw = 22273.9
       Tec = 11.9032
     twoNb = 1.38888e+06
     twoNc = 192894
     twoNw = 1.0989e+06
    twoNec = 193090
    twoNnw = 10978.5
  twoNecnw = 63660.3
  twoNbecnw = 14786
  twoNgbecnw = 257846
         m = 0.10968
        m4 = 0.0200641
        m6 = 6.90047e-07
        Ta = 37600
        Td = 5.95158
        Tf = 2.97579
#       SitePat  BranchLen
              b 123799.3591189
              e 46219.3145707
              c 47330.9502636
              n 44856.1582396
              w 44856.1577118
            b:e 1269.0329949
            b:c 1509.5368552
            b:n 1092.4318396
            b:w 1092.4318159
            e:c 11698.0004394
            e:n 4515.7140276
            e:w 4515.7139042
            c:n 4369.2807463
            c:w 4369.2812741
            n:w 12322.7510183
          b:e:c 1321.4850221
          b:e:n 619.4099853
          b:e:w 619.4099606
          b:c:n 621.2838869
          b:c:w 621.2839107
          b:n:w 1311.2512841
          e:c:n 4402.9872657
          e:c:w 4402.9873892
          e:n:w 5735.4296907
          c:n:w 5287.8262991
        b:e:c:n 1166.1245406
        b:e:c:w 1166.1245653
        b:e:n:w 1966.5038691
        b:c:n:w 1351.0855322
        e:c:n:w 49908.5171910
