########################################
# legofit: estimate population history #
#       version 2.3.4-4-g53f8760       #
########################################

# Program was compiled: Sep 21 2021 14:36:42
# Program was run: Thu Sep 23 10:25:25 2021

# cmd: legofit -1 -d 0 -t 32 --ptsPerDim 3 --stateOut b1boot0.state --tol 3e-6 -S 5000 adf2.lgo ../../chrX/boot_chrX/boot0.opf
# Stage nOptItr nSimReps
#     0    5000        0
# algorithm          : deterministic
# ignoring probs <=  : 0
# Branch length floor: 0
# DE strategy        : 2
#    F               : 0.3
#    CR              : 0.8
#    tolerance       : 3e-06
# nthreads           : 32
# lgo input file     : adf2.lgo
# site pat input file: ../../chrX/boot_chrX/boot0.opf
# free parameters    : 15
# points in DE swarm : 45
# output state file  : b1boot0.state
# Including singleton site patterns.
# cost function      : KL
Initial parameter values
Fixed:
      zero = 0
       one = 1
    Tbecnw = 75200
Free:
       pc1 = 0
       pc2 = 0
       pc3 = 0
       pc4 = 0
       pc5 = 0
       pc6 = 0
       pc7 = 0
       pc8 = 0
       pc9 = 0
      pc10 = 0
      pc11 = 0
      pc12 = 0
      pc13 = 0
      pc14 = 0
      pc15 = 0
Constrained:
   Tgbecnw = 142076
     Tecnw = 25405.6
       Tnw = 22675.5
       Tec = 180.11
     twoNb = 783206
     twoNc = 321446
     twoNw = 1.80649e+06
    twoNec = 188026
    twoNnw = 12162.9
  twoNecnw = 67987.9
  twoNbecnw = 20477.6
  twoNgbecnw = 218722
         m = 0.132063
        m4 = 0.0205667
        m6 = 6.49023e-06
        Ta = 37600
        Td = 90.0548
        Tf = 45.0274
DiffEv reached_goal. cost=2.39623e-03 spread=2.85286e-06
Fitted parameter values
Free:
       pc1 = 1.89695
       pc2 = -0.729038
       pc3 = 1.99041
       pc4 = -1.52848
       pc5 = 1.50185
       pc6 = 0.0956984
       pc7 = -0.351257
       pc8 = 1.95431
       pc9 = -0.926139
      pc10 = 1.99403
      pc11 = -0.34147
      pc12 = -0.12374
      pc13 = -0.353438
      pc14 = -0.162111
      pc15 = 0.00687637
Constrained:
   Tgbecnw = 120273
     Tecnw = 24608.4
       Tnw = 23059.8
       Tec = 6.98716
     twoNb = 1.53481e+06
     twoNc = 95052.2
     twoNw = 1.31588e+06
    twoNec = 188391
    twoNnw = 6509.95
  twoNecnw = 66326.4
  twoNbecnw = 15190.6
  twoNgbecnw = 228707
         m = 0.119396
        m4 = 0.0209637
        m6 = 5.13951e-06
        Ta = 37600
        Td = 3.49358
        Tf = 1.74679
#       SitePat  BranchLen
              b 123059.1539138
              e 46735.9278590
              c 47868.4823206
              n 45113.4059598
              w 45113.4025692
            b:e 1324.2465646
            b:c 1572.4933678
            b:n 1120.0873896
            b:w 1120.0872329
            e:c 12025.7629207
            e:n 4514.9932237
            e:w 4514.9924294
            c:n 4363.7643377
            c:w 4363.7677284
            n:w 12803.4370343
          b:e:c 1394.9609868
          b:e:n 633.9091951
          b:e:w 633.9090315
          b:c:n 635.4577651
          b:c:w 635.4579218
          b:n:w 1383.6059907
          e:c:n 4381.2693111
          e:c:w 4381.2701053
          e:n:w 5839.9242708
          c:n:w 5377.3459826
        b:e:c:n 1198.6490383
        b:e:c:w 1198.6492019
        b:e:n:w 2031.4817808
        b:c:n:w 1412.6146394
        e:c:n:w 48544.8183928
