########################################
# legofit: estimate population history #
#       version 2.3.4-4-g53f8760       #
########################################

# Program was compiled: Sep 21 2021 14:36:42
# Program was run: Thu Sep 23 15:59:02 2021

# cmd: legofit -1 -d 0 -t 32 --ptsPerDim 3 --stateOut b1.state --tol 3e-6 -S 5000 bcdf2.lgo ../../pan.opf
# Stage nOptItr nSimReps
#     0    5000        0
# algorithm          : deterministic
# ignoring probs <=  : 0
# Branch length floor: 0
# DE strategy        : 2
#    F               : 0.3
#    CR              : 0.8
#    tolerance       : 3e-06
# nthreads           : 32
# lgo input file     : bcdf2.lgo
# site pat input file: ../../pan.opf
# free parameters    : 16
# points in DE swarm : 48
# output state file  : b1.state
# Including singleton site patterns.
# cost function      : KL
Initial parameter values
Fixed:
      zero = 0
       one = 1
    Tbecnw = 75200
Free:
       pc1 = 0
       pc2 = 0
       pc3 = 0
       pc4 = 0
       pc5 = 0
       pc6 = 0
       pc7 = 0
       pc8 = 0
       pc9 = 0
      pc10 = 0
      pc11 = 0
      pc12 = 0
      pc13 = 0
      pc14 = 0
      pc15 = 0
      pc16 = 0
Constrained:
     Tecnw = 40512.6
       Tnw = 3178.61
       Tec = 4991.61
     twoNb = 1.04402e+06
     twoNe = 73378.7
     twoNc = 418830
     twoNn = 368492
     twoNw = 794551
    twoNec = 318037
    twoNnw = 125640
  twoNecnw = 30308.5
  twoNbecnw = 77148.7
        m2 = 0.00053485
        m3 = 0.283861
        m4 = 0.0193877
        m6 = 0.000306095
        Tb = 22752.1
        Tc = 1589.31
        Td = 794.653
        Tf = 397.326
DiffEv reached_goal. cost=2.81410e-03 spread=2.80855e-06
Fitted parameter values
Free:
       pc1 = -3.72336
       pc2 = -1.94793
       pc3 = -3.89037
       pc4 = 1.85578
       pc5 = 1.04654
       pc6 = 0.764172
       pc7 = -1.77336
       pc8 = -1.91556
       pc9 = -1.90464
      pc10 = 1.88282
      pc11 = 0.325817
      pc12 = 0.221498
      pc13 = 0.324446
      pc14 = 0.0312047
      pc15 = 0.0847104
      pc16 = -0.028564
Constrained:
     Tecnw = 41171.2
       Tnw = 84.8052
       Tec = 74.3166
     twoNb = 2.79968e+06
     twoNe = 1036.82
     twoNc = 853950
     twoNn = 1.02523e+06
     twoNw = 602943
    twoNec = 361205
    twoNnw = 141670
  twoNecnw = 29425.7
  twoNbecnw = 77564.7
        m2 = 0.00264348
        m3 = 0.293016
        m4 = 0.0233233
        m6 = 0.000941073
        Tb = 20622.8
        Tc = 42.4026
        Td = 21.2013
        Tf = 10.6007
#       SitePat  BranchLen
              b 138444.9795723
              e 54204.2765970
              c 56017.4889711
              n 49345.8700294
              w 52458.0134126
            b:e 2439.3454239
            b:c 2938.1783795
            b:n 1982.7995530
            b:w 2254.6032345
            e:c 10889.0715781
            e:n 6076.8592235
            e:w 4689.2272305
            c:n 5340.4160209
            c:w 4635.9974783
            n:w 13708.5171876
          b:e:c 2240.8966571
          b:e:n 1247.5895837
          b:e:w 1211.6668044
          b:c:n 1213.7485843
          b:c:w 1249.6030352
          b:n:w 2237.3429903
          e:c:n 6563.7469880
          e:c:w 5545.2234007
          e:n:w 8031.3888983
          c:n:w 6936.7818471
        b:e:c:n 2257.1921790
        b:e:c:w 1983.8875658
        b:e:n:w 2869.9795999
        b:c:n:w 2438.1190449
        e:c:n:w 56759.5804778
