########################################
# legofit: estimate population history #
#       version 2.3.4-4-g53f8760       #
########################################

# Program was compiled: Sep 21 2021 14:36:42
# Program was run: Thu Sep 23 16:00:40 2021

# cmd: legofit -1 -d 0 -t 32 --ptsPerDim 3 --stateOut b1boot27.state --tol 3e-6 -S 5000 bcdf2.lgo ../../boot/boot27.opf
# Stage nOptItr nSimReps
#     0    5000        0
# algorithm          : deterministic
# ignoring probs <=  : 0
# Branch length floor: 0
# DE strategy        : 2
#    F               : 0.3
#    CR              : 0.8
#    tolerance       : 3e-06
# nthreads           : 32
# lgo input file     : bcdf2.lgo
# site pat input file: ../../boot/boot27.opf
# free parameters    : 16
# points in DE swarm : 48
# output state file  : b1boot27.state
# Including singleton site patterns.
# cost function      : KL
Initial parameter values
Fixed:
      zero = 0
       one = 1
    Tbecnw = 75200
Free:
       pc1 = 0
       pc2 = 0
       pc3 = 0
       pc4 = 0
       pc5 = 0
       pc6 = 0
       pc7 = 0
       pc8 = 0
       pc9 = 0
      pc10 = 0
      pc11 = 0
      pc12 = 0
      pc13 = 0
      pc14 = 0
      pc15 = 0
      pc16 = 0
Constrained:
     Tecnw = 40512.6
       Tnw = 3178.61
       Tec = 4991.61
     twoNb = 1.04402e+06
     twoNe = 73378.7
     twoNc = 418830
     twoNn = 368492
     twoNw = 794551
    twoNec = 318037
    twoNnw = 125640
  twoNecnw = 30308.5
  twoNbecnw = 77148.7
        m2 = 0.00053485
        m3 = 0.283861
        m4 = 0.0193877
        m6 = 0.000306095
        Tb = 22752.1
        Tc = 1589.31
        Td = 794.653
        Tf = 397.326
DiffEv reached_goal. cost=2.79377e-03 spread=2.85052e-06
Fitted parameter values
Free:
       pc1 = -3.92137
       pc2 = -1.85506
       pc3 = -3.6772
       pc4 = 1.60325
       pc5 = 0.849627
       pc6 = 1.80184
       pc7 = -1.94376
       pc8 = -1.75038
       pc9 = -1.59325
      pc10 = 1.87997
      pc11 = -0.180062
      pc12 = -0.132223
      pc13 = 0.228013
      pc14 = -0.095139
      pc15 = 0.120327
      pc16 = -0.0387696
Constrained:
     Tecnw = 41068.6
       Tnw = 81.3105
       Tec = 221.666
     twoNb = 2.57228e+06
     twoNe = 4976.7
     twoNc = 856467
     twoNn = 1.45283e+06
     twoNw = 573981
    twoNec = 364357
    twoNnw = 141275
  twoNecnw = 29415.5
  twoNbecnw = 77859.8
        m2 = 0.00298434
        m3 = 0.292409
        m4 = 0.0234744
        m6 = 0.00109982
        Tb = 20645.2
        Tc = 40.6553
        Td = 20.3276
        Tf = 10.1638
#       SitePat  BranchLen
              b 138713.6996406
              e 54140.3353122
              c 56052.7507435
              n 49211.0425940
              w 52358.6803233
            b:e 2446.7708335
            b:c 2961.0511418
            b:n 1980.4106711
            b:w 2252.0201602
            e:c 10820.1006226
            e:n 6152.6381211
            e:w 4692.4482625
            c:n 5322.5234698
            c:w 4657.6079386
            n:w 13705.1550728
          b:e:c 2237.2004889
          b:e:n 1252.6541255
          b:e:w 1210.8250099
          b:c:n 1213.1135077
          b:c:w 1254.8315511
          b:n:w 2233.2242960
          e:c:n 6562.4067204
          e:c:w 5541.8015128
          e:n:w 8086.0260578
          c:n:w 6960.6279697
        b:e:c:n 2254.9108179
        b:e:c:w 1981.4852691
        b:e:n:w 2885.6783302
        b:c:n:w 2444.8697307
        e:c:n:w 57057.4640896
