########################################
# legofit: estimate population history #
#       version 2.3.4-4-g53f8760       #
########################################

# Program was compiled: Sep 21 2021 14:36:42
# Program was run: Thu Sep 23 16:01:13 2021

# cmd: legofit -1 -d 0 -t 32 --ptsPerDim 3 --stateOut b1boot35.state --tol 3e-6 -S 5000 bcdf2.lgo ../../boot/boot35.opf
# Stage nOptItr nSimReps
#     0    5000        0
# algorithm          : deterministic
# ignoring probs <=  : 0
# Branch length floor: 0
# DE strategy        : 2
#    F               : 0.3
#    CR              : 0.8
#    tolerance       : 3e-06
# nthreads           : 32
# lgo input file     : bcdf2.lgo
# site pat input file: ../../boot/boot35.opf
# free parameters    : 16
# points in DE swarm : 48
# output state file  : b1boot35.state
# Including singleton site patterns.
# cost function      : KL
Initial parameter values
Fixed:
      zero = 0
       one = 1
    Tbecnw = 75200
Free:
       pc1 = 0
       pc2 = 0
       pc3 = 0
       pc4 = 0
       pc5 = 0
       pc6 = 0
       pc7 = 0
       pc8 = 0
       pc9 = 0
      pc10 = 0
      pc11 = 0
      pc12 = 0
      pc13 = 0
      pc14 = 0
      pc15 = 0
      pc16 = 0
Constrained:
     Tecnw = 40512.6
       Tnw = 3178.61
       Tec = 4991.61
     twoNb = 1.04402e+06
     twoNe = 73378.7
     twoNc = 418830
     twoNn = 368492
     twoNw = 794551
    twoNec = 318037
    twoNnw = 125640
  twoNecnw = 30308.5
  twoNbecnw = 77148.7
        m2 = 0.00053485
        m3 = 0.283861
        m4 = 0.0193877
        m6 = 0.000306095
        Tb = 22752.1
        Tc = 1589.31
        Td = 794.653
        Tf = 397.326
DiffEv reached_goal. cost=2.81512e-03 spread=2.83248e-06
Fitted parameter values
Free:
       pc1 = -2.98811
       pc2 = -1.68127
       pc3 = -2.93821
       pc4 = 1.97925
       pc5 = 0.0865714
       pc6 = -1.33661
       pc7 = -1.80233
       pc8 = -1.9619
       pc9 = -1.65844
      pc10 = 1.85745
      pc11 = 0.259244
      pc12 = 0.0576735
      pc13 = 0.22229
      pc14 = 0.0702951
      pc15 = 0.219581
      pc16 = -0.0616296
Constrained:
     Tecnw = 40947.6
       Tnw = 12.669
       Tec = 52.3625
     twoNb = 2.54912e+06
     twoNe = 1258.65
     twoNc = 631061
     twoNn = 157906
     twoNw = 1.28854e+06
    twoNec = 371164
    twoNnw = 141834
  twoNecnw = 29658.6
  twoNbecnw = 77323.1
        m2 = 0.00263359
        m3 = 0.28783
        m4 = 0.0229618
        m6 = 0.000445592
        Tb = 20500
        Tc = 6.33452
        Td = 3.16726
        Tf = 1.58363
#       SitePat  BranchLen
              b 138217.7869218
              e 54151.4672799
              c 56033.5366273
              n 49195.6551566
              w 52273.3661724
            b:e 2442.1956748
            b:c 2943.5632665
            b:n 1977.5501366
            b:w 2242.9335974
            e:c 10804.3069306
            e:n 6135.3455182
            e:w 4703.7415150
            c:n 5314.5193747
            c:w 4665.7260313
            n:w 13732.4697842
          b:e:c 2233.5643028
          b:e:n 1250.6985406
          b:e:w 1209.7545314
          b:c:n 1211.9967672
          b:c:w 1252.8643421
          b:n:w 2229.7242499
          e:c:n 6537.6693868
          e:c:w 5542.0417676
          e:n:w 8062.9700653
          c:n:w 6963.0849230
        b:e:c:n 2245.7292871
        b:e:c:w 1978.7362105
        b:e:n:w 2869.9260273
        b:c:n:w 2440.8078205
        e:c:n:w 56579.6846385
