########################################
# legofit: estimate population history #
#       version 2.3.4-4-g53f8760       #
########################################

# Program was compiled: Sep 21 2021 14:36:42
# Program was run: Thu Sep 23 16:01:43 2021

# cmd: legofit -1 -d 0 -t 32 --ptsPerDim 3 --stateOut b1boot45.state --tol 3e-6 -S 5000 bcdf2.lgo ../../boot/boot45.opf
# Stage nOptItr nSimReps
#     0    5000        0
# algorithm          : deterministic
# ignoring probs <=  : 0
# Branch length floor: 0
# DE strategy        : 2
#    F               : 0.3
#    CR              : 0.8
#    tolerance       : 3e-06
# nthreads           : 32
# lgo input file     : bcdf2.lgo
# site pat input file: ../../boot/boot45.opf
# free parameters    : 16
# points in DE swarm : 48
# output state file  : b1boot45.state
# Including singleton site patterns.
# cost function      : KL
Initial parameter values
Fixed:
      zero = 0
       one = 1
    Tbecnw = 75200
Free:
       pc1 = 0
       pc2 = 0
       pc3 = 0
       pc4 = 0
       pc5 = 0
       pc6 = 0
       pc7 = 0
       pc8 = 0
       pc9 = 0
      pc10 = 0
      pc11 = 0
      pc12 = 0
      pc13 = 0
      pc14 = 0
      pc15 = 0
      pc16 = 0
Constrained:
     Tecnw = 40512.6
       Tnw = 3178.61
       Tec = 4991.61
     twoNb = 1.04402e+06
     twoNe = 73378.7
     twoNc = 418830
     twoNn = 368492
     twoNw = 794551
    twoNec = 318037
    twoNnw = 125640
  twoNecnw = 30308.5
  twoNbecnw = 77148.7
        m2 = 0.00053485
        m3 = 0.283861
        m4 = 0.0193877
        m6 = 0.000306095
        Tb = 22752.1
        Tc = 1589.31
        Td = 794.653
        Tf = 397.326
DiffEv reached_goal. cost=2.85925e-03 spread=2.11459e-06
Fitted parameter values
Free:
       pc1 = -3.56052
       pc2 = -1.94206
       pc3 = -3.39509
       pc4 = 1.75156
       pc5 = 0.0365072
       pc6 = 1.36503
       pc7 = -1.91045
       pc8 = -1.85933
       pc9 = -1.95357
      pc10 = 1.87934
      pc11 = 0.270454
      pc12 = 0.345911
      pc13 = 0.245486
      pc14 = -0.0927305
      pc15 = 0.0727115
      pc16 = -0.0419445
Constrained:
     Tecnw = 41036
       Tnw = 21.3383
       Tec = 84.0982
     twoNb = 2.56793e+06
     twoNe = 1971.12
     twoNc = 703936
     twoNn = 1.202e+06
     twoNw = 604320
    twoNec = 359955
    twoNnw = 142237
  twoNecnw = 29378.4
  twoNbecnw = 77243.6
        m2 = 0.00330839
        m3 = 0.289428
        m4 = 0.022532
        m6 = 0.00100476
        Tb = 20560
        Tc = 10.6691
        Td = 5.33456
        Tf = 2.66728
#       SitePat  BranchLen
              b 138254.8976648
              e 53983.5966510
              c 55847.3826994
              n 49127.3244778
              w 52284.1741840
            b:e 2422.4504959
            b:c 2914.8778505
            b:n 1962.9440755
            b:w 2231.7331052
            e:c 10837.9264111
            e:n 6125.3767579
            e:w 4657.4772445
            c:n 5296.5829439
            c:w 4629.8893261
            n:w 13660.2797078
          b:e:c 2217.1654835
          b:e:n 1238.1252691
          b:e:w 1196.3655723
          b:c:n 1198.5638382
          b:c:w 1240.1693320
          b:n:w 2213.2500010
          e:c:n 6538.7178425
          e:c:w 5518.5711386
          e:n:w 8000.5132758
          c:n:w 6918.5642398
        b:e:c:n 2234.5628424
        b:e:c:w 1963.8181447
        b:e:n:w 2841.9868208
        b:c:n:w 2419.8618575
        e:c:n:w 56774.1184034
