########################################
# legofit: estimate population history #
#       version 2.3.4-4-g53f8760       #
########################################

# Program was compiled: Sep 21 2021 14:36:42
# Program was run: Thu Sep 23 16:00:27 2021

# cmd: legofit -1 -d 0 -t 32 --ptsPerDim 3 --stateOut b1boot24.state --tol 3e-6 -S 5000 bcdf2.lgo ../../boot/boot24.opf
# Stage nOptItr nSimReps
#     0    5000        0
# algorithm          : deterministic
# ignoring probs <=  : 0
# Branch length floor: 0
# DE strategy        : 2
#    F               : 0.3
#    CR              : 0.8
#    tolerance       : 3e-06
# nthreads           : 32
# lgo input file     : bcdf2.lgo
# site pat input file: ../../boot/boot24.opf
# free parameters    : 16
# points in DE swarm : 48
# output state file  : b1boot24.state
# Including singleton site patterns.
# cost function      : KL
Initial parameter values
Fixed:
      zero = 0
       one = 1
    Tbecnw = 75200
Free:
       pc1 = 0
       pc2 = 0
       pc3 = 0
       pc4 = 0
       pc5 = 0
       pc6 = 0
       pc7 = 0
       pc8 = 0
       pc9 = 0
      pc10 = 0
      pc11 = 0
      pc12 = 0
      pc13 = 0
      pc14 = 0
      pc15 = 0
      pc16 = 0
Constrained:
     Tecnw = 40512.6
       Tnw = 3178.61
       Tec = 4991.61
     twoNb = 1.04402e+06
     twoNe = 73378.7
     twoNc = 418830
     twoNn = 368492
     twoNw = 794551
    twoNec = 318037
    twoNnw = 125640
  twoNecnw = 30308.5
  twoNbecnw = 77148.7
        m2 = 0.00053485
        m3 = 0.283861
        m4 = 0.0193877
        m6 = 0.000306095
        Tb = 22752.1
        Tc = 1589.31
        Td = 794.653
        Tf = 397.326
DiffEv reached_goal. cost=2.84346e-03 spread=2.70416e-06
Fitted parameter values
Free:
       pc1 = -3.29662
       pc2 = -1.93871
       pc3 = -3.68289
       pc4 = 1.67547
       pc5 = 0.395099
       pc6 = -0.680033
       pc7 = -1.97281
       pc8 = -1.78851
       pc9 = -1.29561
      pc10 = 1.96433
      pc11 = 0.313148
      pc12 = 0.391267
      pc13 = 0.362651
      pc14 = 0.072172
      pc15 = 0.194807
      pc16 = -0.023136
Constrained:
     Tecnw = 41099.1
       Tnw = 64.1986
       Tec = 53.2684
     twoNb = 2.60353e+06
     twoNe = 602.818
     twoNc = 862783
     twoNn = 434821
     twoNw = 1.22912e+06
    twoNec = 362241
    twoNnw = 141885
  twoNecnw = 29482.9
  twoNbecnw = 77261.7
        m2 = 0.00271128
        m3 = 0.293566
        m4 = 0.0237248
        m6 = 0.000873917
        Tb = 20576.2
        Tc = 32.0993
        Td = 16.0496
        Tf = 8.02482
#       SitePat  BranchLen
              b 138184.9054714
              e 54093.0835935
              c 55997.7645613
              n 49244.9379940
              w 52420.3579043
            b:e 2428.1681443
            b:c 2941.9189520
            b:n 1973.3171206
            b:w 2247.6092701
            e:c 10844.6741045
            e:n 6141.0112769
            e:w 4683.8228625
            c:n 5326.3961796
            c:w 4641.5105417
            n:w 13666.7161753
          b:e:c 2227.8152897
          b:e:n 1246.6198450
          b:e:w 1206.2307617
          b:c:n 1208.4962923
          b:c:w 1248.8085791
          b:n:w 2223.9452634
          e:c:n 6560.0195641
          e:c:w 5528.4034014
          e:n:w 8041.3216836
          c:n:w 6916.0959414
        b:e:c:n 2250.4366681
        b:e:c:w 1974.4916195
        b:e:n:w 2867.5176906
        b:c:n:w 2426.7848106
        e:c:n:w 56563.4492729
