########################################
# legofit: estimate population history #
#       version 2.3.4-4-g53f8760       #
########################################

# Program was compiled: Sep 21 2021 14:36:42
# Program was run: Thu Sep 23 15:59:02 2021

# cmd: legofit -1 -d 0 -t 32 --ptsPerDim 3 --stateOut b1boot0.state --tol 3e-6 -S 5000 bcdf2.lgo ../../boot/boot0.opf
# Stage nOptItr nSimReps
#     0    5000        0
# algorithm          : deterministic
# ignoring probs <=  : 0
# Branch length floor: 0
# DE strategy        : 2
#    F               : 0.3
#    CR              : 0.8
#    tolerance       : 3e-06
# nthreads           : 32
# lgo input file     : bcdf2.lgo
# site pat input file: ../../boot/boot0.opf
# free parameters    : 16
# points in DE swarm : 48
# output state file  : b1boot0.state
# Including singleton site patterns.
# cost function      : KL
Initial parameter values
Fixed:
      zero = 0
       one = 1
    Tbecnw = 75200
Free:
       pc1 = 0
       pc2 = 0
       pc3 = 0
       pc4 = 0
       pc5 = 0
       pc6 = 0
       pc7 = 0
       pc8 = 0
       pc9 = 0
      pc10 = 0
      pc11 = 0
      pc12 = 0
      pc13 = 0
      pc14 = 0
      pc15 = 0
      pc16 = 0
Constrained:
     Tecnw = 40512.6
       Tnw = 3178.61
       Tec = 4991.61
     twoNb = 1.04402e+06
     twoNe = 73378.7
     twoNc = 418830
     twoNn = 368492
     twoNw = 794551
    twoNec = 318037
    twoNnw = 125640
  twoNecnw = 30308.5
  twoNbecnw = 77148.7
        m2 = 0.00053485
        m3 = 0.283861
        m4 = 0.0193877
        m6 = 0.000306095
        Tb = 22752.1
        Tc = 1589.31
        Td = 794.653
        Tf = 397.326
DiffEv reached_goal. cost=2.79399e-03 spread=2.91758e-06
Fitted parameter values
Free:
       pc1 = -3.70572
       pc2 = -1.79716
       pc3 = -3.79497
       pc4 = 1.42428
       pc5 = 0.575143
       pc6 = 0.17573
       pc7 = -1.93054
       pc8 = -1.91654
       pc9 = -0.882295
      pc10 = 1.88552
      pc11 = 0.289479
      pc12 = 0.304444
      pc13 = 0.363006
      pc14 = -0.00271943
      pc15 = 0.174472
      pc16 = -0.0518626
Constrained:
     Tecnw = 41173.8
       Tnw = 32.5272
       Tec = 181.862
     twoNb = 2.52994e+06
     twoNe = 5467.31
     twoNc = 902000
     twoNn = 769711
     twoNw = 1.06028e+06
    twoNec = 360427
    twoNnw = 139866
  twoNecnw = 29365.2
  twoNbecnw = 77492.5
        m2 = 0.00283562
        m3 = 0.302024
        m4 = 0.0240189
        m6 = 0.00101222
        Tb = 20677.8
        Tc = 16.2636
        Td = 8.13181
        Tf = 4.0659
#       SitePat  BranchLen
              b 138392.7316946
              e 54166.9911924
              c 56019.9298755
              n 49253.8201467
              w 52441.7440263
            b:e 2434.0451183
            b:c 2952.8423359
            b:n 1972.8780451
            b:w 2250.2259890
            e:c 10839.5394285
            e:n 6103.1465182
            e:w 4683.7720631
            c:n 5352.5481029
            c:w 4627.9436400
            n:w 13684.0554793
          b:e:c 2230.4654049
          b:e:n 1245.2509394
          b:e:w 1208.7173223
          b:c:n 1211.0868766
          b:c:w 1247.5263242
          b:n:w 2226.4054194
          e:c:n 6562.8860484
          e:c:w 5520.8555866
          e:n:w 8052.5092690
          c:n:w 6925.1589406
        b:e:c:n 2253.1892329
        b:e:c:w 1974.0209585
        b:e:n:w 2875.0577371
        b:c:n:w 2432.4540641
        e:c:n:w 56756.4506428
