########################################
# legofit: estimate population history #
#       version 2.3.4-4-g53f8760       #
########################################

# Program was compiled: Sep 21 2021 14:36:42
# Program was run: Thu Sep 23 15:59:03 2021

# cmd: legofit -1 -d 0 -t 32 --ptsPerDim 3 --stateOut b1boot3.state --tol 3e-6 -S 5000 bcdf2.lgo ../../boot/boot3.opf
# Stage nOptItr nSimReps
#     0    5000        0
# algorithm          : deterministic
# ignoring probs <=  : 0
# Branch length floor: 0
# DE strategy        : 2
#    F               : 0.3
#    CR              : 0.8
#    tolerance       : 3e-06
# nthreads           : 32
# lgo input file     : bcdf2.lgo
# site pat input file: ../../boot/boot3.opf
# free parameters    : 16
# points in DE swarm : 48
# output state file  : b1boot3.state
# Including singleton site patterns.
# cost function      : KL
Initial parameter values
Fixed:
      zero = 0
       one = 1
    Tbecnw = 75200
Free:
       pc1 = 0
       pc2 = 0
       pc3 = 0
       pc4 = 0
       pc5 = 0
       pc6 = 0
       pc7 = 0
       pc8 = 0
       pc9 = 0
      pc10 = 0
      pc11 = 0
      pc12 = 0
      pc13 = 0
      pc14 = 0
      pc15 = 0
      pc16 = 0
Constrained:
     Tecnw = 40512.6
       Tnw = 3178.61
       Tec = 4991.61
     twoNb = 1.04402e+06
     twoNe = 73378.7
     twoNc = 418830
     twoNn = 368492
     twoNw = 794551
    twoNec = 318037
    twoNnw = 125640
  twoNecnw = 30308.5
  twoNbecnw = 77148.7
        m2 = 0.00053485
        m3 = 0.283861
        m4 = 0.0193877
        m6 = 0.000306095
        Tb = 22752.1
        Tc = 1589.31
        Td = 794.653
        Tf = 397.326
DiffEv reached_goal. cost=2.82169e-03 spread=2.82784e-06
Fitted parameter values
Free:
       pc1 = -3.79296
       pc2 = -1.91167
       pc3 = -3.64605
       pc4 = 1.52081
       pc5 = 0.87203
       pc6 = 0.412143
       pc7 = -1.80864
       pc8 = -1.98393
       pc9 = -1.49523
      pc10 = 1.77391
      pc11 = -0.036297
      pc12 = -0.0962634
      pc13 = 0.44613
      pc14 = 0.161106
      pc15 = 0.0942597
      pc16 = -0.0326851
Constrained:
     Tecnw = 41203.5
       Tnw = 74.4136
       Tec = 76.8607
     twoNb = 2.62264e+06
     twoNe = 1208.17
     twoNc = 845709
     twoNn = 868099
     twoNw = 814341
    twoNec = 360091
    twoNnw = 141493
  twoNecnw = 29524.3
  twoNbecnw = 77890.4
        m2 = 0.00280241
        m3 = 0.294631
        m4 = 0.0235713
        m6 = 0.000986993
        Tb = 20640.2
        Tc = 37.2068
        Td = 18.6034
        Tf = 9.3017
#       SitePat  BranchLen
              b 138631.3137300
              e 54263.1138005
              c 56125.5076386
              n 49389.2566181
              w 52566.7344457
            b:e 2461.6035327
            b:c 2972.4175958
            b:n 1999.5034725
            b:w 2277.5541624
            e:c 10933.4950693
            e:n 6142.2966987
            e:w 4708.2239621
            c:n 5363.7451234
            c:w 4661.0475412
            n:w 13755.9462531
          b:e:c 2260.7923231
          b:e:n 1260.4170254
          b:e:w 1221.7318985
          b:c:n 1224.0006733
          b:c:w 1262.5987973
          b:n:w 2256.8936902
          e:c:n 6605.5965326
          e:c:w 5566.6784688
          e:n:w 8080.3307666
          c:n:w 6966.8473828
        b:e:c:n 2280.3963404
        b:e:c:w 2000.6432083
        b:e:n:w 2898.5361179
        b:c:n:w 2460.0890501
        e:c:n:w 56784.6358729
