########################################
# legofit: estimate population history #
#       version 2.3.4-4-g53f8760       #
########################################

# Program was compiled: Sep 21 2021 14:36:42
# Program was run: Thu Sep 23 16:02:00 2021

# cmd: legofit -1 -d 0 -t 32 --ptsPerDim 3 --stateOut b1boot48.state --tol 3e-6 -S 5000 bcdf2.lgo ../../boot/boot48.opf
# Stage nOptItr nSimReps
#     0    5000        0
# algorithm          : deterministic
# ignoring probs <=  : 0
# Branch length floor: 0
# DE strategy        : 2
#    F               : 0.3
#    CR              : 0.8
#    tolerance       : 3e-06
# nthreads           : 32
# lgo input file     : bcdf2.lgo
# site pat input file: ../../boot/boot48.opf
# free parameters    : 16
# points in DE swarm : 48
# output state file  : b1boot48.state
# Including singleton site patterns.
# cost function      : KL
Initial parameter values
Fixed:
      zero = 0
       one = 1
    Tbecnw = 75200
Free:
       pc1 = 0
       pc2 = 0
       pc3 = 0
       pc4 = 0
       pc5 = 0
       pc6 = 0
       pc7 = 0
       pc8 = 0
       pc9 = 0
      pc10 = 0
      pc11 = 0
      pc12 = 0
      pc13 = 0
      pc14 = 0
      pc15 = 0
      pc16 = 0
Constrained:
     Tecnw = 40512.6
       Tnw = 3178.61
       Tec = 4991.61
     twoNb = 1.04402e+06
     twoNe = 73378.7
     twoNc = 418830
     twoNn = 368492
     twoNw = 794551
    twoNec = 318037
    twoNnw = 125640
  twoNecnw = 30308.5
  twoNbecnw = 77148.7
        m2 = 0.00053485
        m3 = 0.283861
        m4 = 0.0193877
        m6 = 0.000306095
        Tb = 22752.1
        Tc = 1589.31
        Td = 794.653
        Tf = 397.326
DiffEv reached_goal. cost=2.84426e-03 spread=2.98178e-06
Fitted parameter values
Free:
       pc1 = -3.57799
       pc2 = -1.6906
       pc3 = -3.97775
       pc4 = 1.72282
       pc5 = 1.73488
       pc6 = -0.106327
       pc7 = -1.55004
       pc8 = -1.51145
       pc9 = -1.89832
      pc10 = 1.77326
      pc11 = 0.516999
      pc12 = 0.187225
      pc13 = 0.299963
      pc14 = 0.0108232
      pc15 = 0.0436939
      pc16 = -0.113829
Constrained:
     Tecnw = 41182
       Tnw = 39.8067
       Tec = 38.7777
     twoNb = 2.83479e+06
     twoNe = 513.479
     twoNc = 975848
     twoNn = 717466
     twoNw = 622602
    twoNec = 364418
    twoNnw = 139811
  twoNecnw = 29487.5
  twoNbecnw = 77648.7
        m2 = 0.00171561
        m3 = 0.293758
        m4 = 0.0231228
        m6 = 0.000863949
        Tb = 20610.4
        Tc = 19.9033
        Td = 9.95167
        Tf = 4.97584
#       SitePat  BranchLen
              b 138524.7307248
              e 54142.2573794
              c 56049.9652266
              n 49191.7461410
              w 52410.3784681
            b:e 2434.2670498
            b:c 2935.3429232
            b:n 1977.3156441
            b:w 2260.0512813
            e:c 10892.9788584
            e:n 6164.7336550
            e:w 4678.4552915
            c:n 5326.3525997
            c:w 4646.5949618
            n:w 13793.8402404
          b:e:c 2249.1171835
          b:e:n 1252.8397153
          b:e:w 1210.6340617
          b:c:n 1212.6319673
          b:c:w 1254.8650072
          b:n:w 2245.8601700
          e:c:n 6579.9346349
          e:c:w 5528.3478849
          e:n:w 8039.7029734
          c:n:w 6932.5276206
        b:e:c:n 2262.4505799
        b:e:c:w 1978.6779806
        b:e:n:w 2869.8514869
        b:c:n:w 2434.4613067
        e:c:n:w 56818.8483470
