########################################
# legofit: estimate population history #
#       version 2.3.4-4-g53f8760       #
########################################

# Program was compiled: Sep 21 2021 14:36:42
# Program was run: Thu Sep 23 15:59:02 2021

# cmd: legofit -1 -d 0 -t 32 --ptsPerDim 3 --stateOut b1boot2.state --tol 3e-6 -S 5000 bcdf2.lgo ../../boot/boot2.opf
# Stage nOptItr nSimReps
#     0    5000        0
# algorithm          : deterministic
# ignoring probs <=  : 0
# Branch length floor: 0
# DE strategy        : 2
#    F               : 0.3
#    CR              : 0.8
#    tolerance       : 3e-06
# nthreads           : 32
# lgo input file     : bcdf2.lgo
# site pat input file: ../../boot/boot2.opf
# free parameters    : 16
# points in DE swarm : 48
# output state file  : b1boot2.state
# Including singleton site patterns.
# cost function      : KL
Initial parameter values
Fixed:
      zero = 0
       one = 1
    Tbecnw = 75200
Free:
       pc1 = 0
       pc2 = 0
       pc3 = 0
       pc4 = 0
       pc5 = 0
       pc6 = 0
       pc7 = 0
       pc8 = 0
       pc9 = 0
      pc10 = 0
      pc11 = 0
      pc12 = 0
      pc13 = 0
      pc14 = 0
      pc15 = 0
      pc16 = 0
Constrained:
     Tecnw = 40512.6
       Tnw = 3178.61
       Tec = 4991.61
     twoNb = 1.04402e+06
     twoNe = 73378.7
     twoNc = 418830
     twoNn = 368492
     twoNw = 794551
    twoNec = 318037
    twoNnw = 125640
  twoNecnw = 30308.5
  twoNbecnw = 77148.7
        m2 = 0.00053485
        m3 = 0.283861
        m4 = 0.0193877
        m6 = 0.000306095
        Tb = 22752.1
        Tc = 1589.31
        Td = 794.653
        Tf = 397.326
DiffEv reached_goal. cost=2.81869e-03 spread=2.79007e-06
Fitted parameter values
Free:
       pc1 = -3.86549
       pc2 = -1.77751
       pc3 = -3.77696
       pc4 = 1.23821
       pc5 = 1.13963
       pc6 = 0.358785
       pc7 = -1.80004
       pc8 = -1.88281
       pc9 = -1.95979
      pc10 = 1.82846
      pc11 = 0.534835
      pc12 = 0.0849907
      pc13 = 0.257719
      pc14 = 0.0364714
      pc15 = 0.137783
      pc16 = -0.00570607
Constrained:
     Tecnw = 41270
       Tnw = 35.7041
       Tec = 70.7601
     twoNb = 2.7403e+06
     twoNe = 1513.56
     twoNc = 924683
     twoNn = 850300
     twoNw = 657096
    twoNec = 368521
    twoNnw = 141160
  twoNecnw = 29426
  twoNbecnw = 77716.3
        m2 = 0.00253037
        m3 = 0.29711
        m4 = 0.0221135
        m6 = 0.00103067
        Tb = 20670.4
        Tc = 17.852
        Td = 8.92601
        Tf = 4.46301
#       SitePat  BranchLen
              b 138548.3542343
              e 54297.4811314
              c 56121.0094156
              n 49358.3429327
              w 52549.8069542
            b:e 2452.4693208
            b:c 2933.3165781
            b:n 1988.4669220
            b:w 2266.5116030
            e:c 10844.5506936
            e:n 6159.0786230
            e:w 4693.0284916
            c:n 5351.9628026
            c:w 4665.0242354
            n:w 13714.0801261
          b:e:c 2246.1208880
          b:e:n 1258.7199231
          b:e:w 1217.7656097
          b:c:n 1219.7901532
          b:c:w 1260.6764419
          b:n:w 2242.6663830
          e:c:n 6581.8108831
          e:c:w 5544.8919102
          e:n:w 8016.5839924
          c:n:w 6959.2483081
        b:e:c:n 2269.0397341
        b:e:c:w 1989.5067276
        b:e:n:w 2867.1579883
        b:c:n:w 2451.2571453
        e:c:n:w 56773.6137357
