########################################
# legofit: estimate population history #
#       version 2.3.4-4-g53f8760       #
########################################

# Program was compiled: Sep 21 2021 14:36:42
# Program was run: Thu Sep 23 16:00:49 2021

# cmd: legofit -1 -d 0 -t 32 --ptsPerDim 3 --stateOut b1boot29.state --tol 3e-6 -S 5000 bcdf2.lgo ../../boot/boot29.opf
# Stage nOptItr nSimReps
#     0    5000        0
# algorithm          : deterministic
# ignoring probs <=  : 0
# Branch length floor: 0
# DE strategy        : 2
#    F               : 0.3
#    CR              : 0.8
#    tolerance       : 3e-06
# nthreads           : 32
# lgo input file     : bcdf2.lgo
# site pat input file: ../../boot/boot29.opf
# free parameters    : 16
# points in DE swarm : 48
# output state file  : b1boot29.state
# Including singleton site patterns.
# cost function      : KL
Initial parameter values
Fixed:
      zero = 0
       one = 1
    Tbecnw = 75200
Free:
       pc1 = 0
       pc2 = 0
       pc3 = 0
       pc4 = 0
       pc5 = 0
       pc6 = 0
       pc7 = 0
       pc8 = 0
       pc9 = 0
      pc10 = 0
      pc11 = 0
      pc12 = 0
      pc13 = 0
      pc14 = 0
      pc15 = 0
      pc16 = 0
Constrained:
     Tecnw = 40512.6
       Tnw = 3178.61
       Tec = 4991.61
     twoNb = 1.04402e+06
     twoNe = 73378.7
     twoNc = 418830
     twoNn = 368492
     twoNw = 794551
    twoNec = 318037
    twoNnw = 125640
  twoNecnw = 30308.5
  twoNbecnw = 77148.7
        m2 = 0.00053485
        m3 = 0.283861
        m4 = 0.0193877
        m6 = 0.000306095
        Tb = 22752.1
        Tc = 1589.31
        Td = 794.653
        Tf = 397.326
DiffEv reached_goal. cost=2.81763e-03 spread=2.37200e-06
Fitted parameter values
Free:
       pc1 = -3.69045
       pc2 = -1.94967
       pc3 = -3.66207
       pc4 = 1.88858
       pc5 = 0.369085
       pc6 = 0.839299
       pc7 = -1.97839
       pc8 = -1.98973
       pc9 = -1.69279
      pc10 = 1.44627
      pc11 = 0.339194
      pc12 = 0.39993
      pc13 = 0.219126
      pc14 = -0.112423
      pc15 = 0.0816882
      pc16 = -0.107023
Constrained:
     Tecnw = 41127.2
       Tnw = 47.3283
       Tec = 118.724
     twoNb = 2.65976e+06
     twoNe = 2790.16
     twoNc = 676855
     twoNn = 1.01516e+06
     twoNw = 746941
    twoNec = 361120
    twoNnw = 140231
  twoNecnw = 29283.9
  twoNbecnw = 77355.1
        m2 = 0.00291868
        m3 = 0.293431
        m4 = 0.0233359
        m6 = 0.00122194
        Tb = 20622.9
        Tc = 23.6641
        Td = 11.8321
        Tf = 5.91603
#       SitePat  BranchLen
              b 138360.1257042
              e 54068.2518454
              c 55930.5726785
              n 49131.4563236
              w 52279.9079624
            b:e 2421.6698208
            b:c 2926.0977227
            b:n 1958.7685968
            b:w 2229.5642845
            e:c 10829.8079318
            e:n 6090.0849825
            e:w 4652.6805819
            c:n 5299.6880141
            c:w 4612.9656966
            n:w 13709.6191456
          b:e:c 2221.1709526
          b:e:n 1236.0155003
          b:e:w 1196.8146658
          b:c:n 1198.9911752
          b:c:w 1238.0900873
          b:n:w 2217.3879467
          e:c:n 6524.1751882
          e:c:w 5501.6721184
          e:n:w 8022.8840487
          c:n:w 6916.0359375
        b:e:c:n 2232.3063796
        b:e:c:w 1959.7907635
        b:e:n:w 2853.9514070
        b:c:n:w 2419.9115405
        e:c:n:w 56859.3803612
