########################################
# legofit: estimate population history #
#       version 2.3.4-4-g53f8760       #
########################################

# Program was compiled: Sep 21 2021 14:36:42
# Program was run: Thu Sep 23 16:00:22 2021

# cmd: legofit -1 -d 0 -t 32 --ptsPerDim 3 --stateOut b1boot21.state --tol 3e-6 -S 5000 bcdf2.lgo ../../boot/boot21.opf
# Stage nOptItr nSimReps
#     0    5000        0
# algorithm          : deterministic
# ignoring probs <=  : 0
# Branch length floor: 0
# DE strategy        : 2
#    F               : 0.3
#    CR              : 0.8
#    tolerance       : 3e-06
# nthreads           : 32
# lgo input file     : bcdf2.lgo
# site pat input file: ../../boot/boot21.opf
# free parameters    : 16
# points in DE swarm : 48
# output state file  : b1boot21.state
# Including singleton site patterns.
# cost function      : KL
Initial parameter values
Fixed:
      zero = 0
       one = 1
    Tbecnw = 75200
Free:
       pc1 = 0
       pc2 = 0
       pc3 = 0
       pc4 = 0
       pc5 = 0
       pc6 = 0
       pc7 = 0
       pc8 = 0
       pc9 = 0
      pc10 = 0
      pc11 = 0
      pc12 = 0
      pc13 = 0
      pc14 = 0
      pc15 = 0
      pc16 = 0
Constrained:
     Tecnw = 40512.6
       Tnw = 3178.61
       Tec = 4991.61
     twoNb = 1.04402e+06
     twoNe = 73378.7
     twoNc = 418830
     twoNn = 368492
     twoNw = 794551
    twoNec = 318037
    twoNnw = 125640
  twoNecnw = 30308.5
  twoNbecnw = 77148.7
        m2 = 0.00053485
        m3 = 0.283861
        m4 = 0.0193877
        m6 = 0.000306095
        Tb = 22752.1
        Tc = 1589.31
        Td = 794.653
        Tf = 397.326
DiffEv reached_goal. cost=2.79874e-03 spread=2.93405e-06
Fitted parameter values
Free:
       pc1 = -3.43419
       pc2 = -1.93278
       pc3 = -3.52731
       pc4 = 1.8561
       pc5 = 1.22876
       pc6 = -0.314937
       pc7 = -1.92725
       pc8 = -1.75137
       pc9 = -1.64087
      pc10 = 1.74998
      pc11 = -0.205998
      pc12 = -0.0503759
      pc13 = 0.187311
      pc14 = 0.0299723
      pc15 = 0.137405
      pc16 = -0.101855
Constrained:
     Tecnw = 41099.2
       Tnw = 95.5402
       Tec = 228.28
     twoNb = 2.69361e+06
     twoNe = 5197.71
     twoNc = 842898
     twoNn = 649724
     twoNw = 1.06692e+06
    twoNec = 366736
    twoNnw = 141211
  twoNecnw = 29507.1
  twoNbecnw = 77874.3
        m2 = 0.0022384
        m3 = 0.286148
        m4 = 0.0238245
        m6 = 0.000811199
        Tb = 20663.7
        Tc = 47.7701
        Td = 23.885
        Tf = 11.9425
#       SitePat  BranchLen
              b 138686.9203027
              e 54259.5683001
              c 56156.5197666
              n 49286.5446580
              w 52344.6093863
            b:e 2451.1930364
            b:c 2967.6496365
            b:n 1986.5671641
            b:w 2254.5030087
            e:c 10857.9169754
            e:n 6103.2168624
            e:w 4701.1032894
            c:n 5310.2719470
            c:w 4653.6153777
            n:w 13805.2347173
          b:e:c 2253.6401531
          b:e:n 1254.0793687
          b:e:w 1214.8336941
          b:c:n 1217.0246631
          b:c:w 1256.2474432
          b:n:w 2249.9734130
          e:c:n 6548.0611463
          e:c:w 5550.1175355
          e:n:w 8102.1921914
          c:n:w 6970.0250526
        b:e:c:n 2257.1763568
        b:e:c:w 1987.9124317
        b:e:n:w 2895.8109447
        b:c:n:w 2450.6438006
        e:c:n:w 56947.3531314
