########################################
# legofit: estimate population history #
#       version 2.3.4-4-g53f8760       #
########################################

# Program was compiled: Sep 21 2021 14:36:42
# Program was run: Thu Sep 23 15:59:49 2021

# cmd: legofit -1 -d 0 -t 32 --ptsPerDim 3 --stateOut b1boot13.state --tol 3e-6 -S 5000 bcdf2.lgo ../../boot/boot13.opf
# Stage nOptItr nSimReps
#     0    5000        0
# algorithm          : deterministic
# ignoring probs <=  : 0
# Branch length floor: 0
# DE strategy        : 2
#    F               : 0.3
#    CR              : 0.8
#    tolerance       : 3e-06
# nthreads           : 32
# lgo input file     : bcdf2.lgo
# site pat input file: ../../boot/boot13.opf
# free parameters    : 16
# points in DE swarm : 48
# output state file  : b1boot13.state
# Including singleton site patterns.
# cost function      : KL
Initial parameter values
Fixed:
      zero = 0
       one = 1
    Tbecnw = 75200
Free:
       pc1 = 0
       pc2 = 0
       pc3 = 0
       pc4 = 0
       pc5 = 0
       pc6 = 0
       pc7 = 0
       pc8 = 0
       pc9 = 0
      pc10 = 0
      pc11 = 0
      pc12 = 0
      pc13 = 0
      pc14 = 0
      pc15 = 0
      pc16 = 0
Constrained:
     Tecnw = 40512.6
       Tnw = 3178.61
       Tec = 4991.61
     twoNb = 1.04402e+06
     twoNe = 73378.7
     twoNc = 418830
     twoNn = 368492
     twoNw = 794551
    twoNec = 318037
    twoNnw = 125640
  twoNecnw = 30308.5
  twoNbecnw = 77148.7
        m2 = 0.00053485
        m3 = 0.283861
        m4 = 0.0193877
        m6 = 0.000306095
        Tb = 22752.1
        Tc = 1589.31
        Td = 794.653
        Tf = 397.326
DiffEv reached_goal. cost=2.80828e-03 spread=2.55779e-06
Fitted parameter values
Free:
       pc1 = -3.90106
       pc2 = -1.89907
       pc3 = -3.88215
       pc4 = 1.93986
       pc5 = 0.353773
       pc6 = 2.66225
       pc7 = -1.94753
       pc8 = -1.79912
       pc9 = -1.51983
      pc10 = 1.73528
      pc11 = 0.169584
      pc12 = 0.138008
      pc13 = 0.203998
      pc14 = -0.0623006
      pc15 = 0.138223
      pc16 = -0.0903046
Constrained:
     Tecnw = 41049.5
       Tnw = 33.956
       Tec = 235.498
     twoNb = 2.58281e+06
     twoNe = 7284.28
     twoNc = 748485
     twoNn = 1.75157e+06
     twoNw = 365974
    twoNec = 360458
    twoNnw = 140019
  twoNecnw = 29393.1
  twoNbecnw = 77404.1
        m2 = 0.00332797
        m3 = 0.295586
        m4 = 0.0238589
        m6 = 0.00131742
        Tb = 20642.5
        Tc = 16.978
        Td = 8.48901
        Tf = 4.2445
#       SitePat  BranchLen
              b 138344.3807530
              e 54143.9455696
              c 55966.7232298
              n 49184.7462479
              w 52273.5631912
            b:e 2436.4426409
            b:c 2948.8093538
            b:n 1967.5815860
            b:w 2233.8624860
            e:c 10825.9618637
            e:n 6055.5444456
            e:w 4678.3532609
            c:n 5325.6357977
            c:w 4622.8079654
            n:w 13716.5647694
          b:e:c 2226.0456620
          b:e:n 1238.5741931
          b:e:w 1203.0871145
          b:c:n 1205.4050914
          b:c:w 1240.7449219
          b:n:w 2221.9572736
          e:c:n 6525.5907558
          e:c:w 5518.9471923
          e:n:w 8061.2825271
          c:n:w 6945.3951592
        b:e:c:n 2236.8138583
        b:e:c:w 1968.5258439
        b:e:n:w 2872.3149900
        b:c:n:w 2434.0232226
        e:c:n:w 56787.1390731
