########################################
# legofit: estimate population history #
#       version 2.3.4-4-g53f8760       #
########################################

# Program was compiled: Sep 21 2021 14:36:42
# Program was run: Thu Sep 23 15:59:22 2021

# cmd: legofit -1 -d 0 -t 32 --ptsPerDim 3 --stateOut b1boot6.state --tol 3e-6 -S 5000 bcdf2.lgo ../../boot/boot6.opf
# Stage nOptItr nSimReps
#     0    5000        0
# algorithm          : deterministic
# ignoring probs <=  : 0
# Branch length floor: 0
# DE strategy        : 2
#    F               : 0.3
#    CR              : 0.8
#    tolerance       : 3e-06
# nthreads           : 32
# lgo input file     : bcdf2.lgo
# site pat input file: ../../boot/boot6.opf
# free parameters    : 16
# points in DE swarm : 48
# output state file  : b1boot6.state
# Including singleton site patterns.
# cost function      : KL
Initial parameter values
Fixed:
      zero = 0
       one = 1
    Tbecnw = 75200
Free:
       pc1 = 0
       pc2 = 0
       pc3 = 0
       pc4 = 0
       pc5 = 0
       pc6 = 0
       pc7 = 0
       pc8 = 0
       pc9 = 0
      pc10 = 0
      pc11 = 0
      pc12 = 0
      pc13 = 0
      pc14 = 0
      pc15 = 0
      pc16 = 0
Constrained:
     Tecnw = 40512.6
       Tnw = 3178.61
       Tec = 4991.61
     twoNb = 1.04402e+06
     twoNe = 73378.7
     twoNc = 418830
     twoNn = 368492
     twoNw = 794551
    twoNec = 318037
    twoNnw = 125640
  twoNecnw = 30308.5
  twoNbecnw = 77148.7
        m2 = 0.00053485
        m3 = 0.283861
        m4 = 0.0193877
        m6 = 0.000306095
        Tb = 22752.1
        Tc = 1589.31
        Td = 794.653
        Tf = 397.326
DiffEv reached_goal. cost=2.81483e-03 spread=2.73777e-06
Fitted parameter values
Free:
       pc1 = -3.95644
       pc2 = -1.52373
       pc3 = -3.05623
       pc4 = 1.77249
       pc5 = 0.293036
       pc6 = 1.90852
       pc7 = -1.83611
       pc8 = -1.88684
       pc9 = -1.93423
      pc10 = 1.65935
      pc11 = 0.252764
      pc12 = 0.282564
      pc13 = 0.142324
      pc14 = 0.009856
      pc15 = 0.16433
      pc16 = -0.0632871
Constrained:
     Tecnw = 41231.4
       Tnw = 9.37042
       Tec = 75.4919
     twoNb = 2.49206e+06
     twoNe = 1906.11
     twoNc = 613183
     twoNn = 1.44953e+06
     twoNw = 423827
    twoNec = 367451
    twoNnw = 141100
  twoNecnw = 29341.1
  twoNbecnw = 77455.6
        m2 = 0.00307363
        m3 = 0.292991
        m4 = 0.0223051
        m6 = 0.000886598
        Tb = 20653.5
        Tc = 4.68521
        Td = 2.34261
        Tf = 1.1713
#       SitePat  BranchLen
              b 138369.0440008
              e 54221.3723859
              c 56079.2664874
              n 49245.7541695
              w 52417.5755735
            b:e 2442.8686020
            b:c 2933.6479210
            b:n 1972.9162576
            b:w 2244.7453863
            e:c 10818.2896586
            e:n 6144.8691138
            e:w 4665.9242799
            c:n 5309.0843836
            c:w 4640.8971288
            n:w 13726.5885669
          b:e:c 2233.3039013
          b:e:n 1248.1842411
          b:e:w 1205.7780416
          b:c:n 1208.0246178
          b:c:w 1250.2958747
          b:n:w 2229.3460953
          e:c:n 6539.6398793
          e:c:w 5516.9944149
          e:n:w 8019.3448838
          c:n:w 6946.0855914
        b:e:c:n 2247.6139881
        b:e:c:w 1973.8759510
        b:e:n:w 2859.5680096
        b:c:n:w 2440.6075531
        e:c:n:w 56722.1930904
