########################################
# legofit: estimate population history #
#       version 2.3.4-4-g53f8760       #
########################################

# Program was compiled: Sep 21 2021 14:36:42
# Program was run: Thu Sep 23 15:59:40 2021

# cmd: legofit -1 -d 0 -t 32 --ptsPerDim 3 --stateOut b1boot10.state --tol 3e-6 -S 5000 bcdf2.lgo ../../boot/boot10.opf
# Stage nOptItr nSimReps
#     0    5000        0
# algorithm          : deterministic
# ignoring probs <=  : 0
# Branch length floor: 0
# DE strategy        : 2
#    F               : 0.3
#    CR              : 0.8
#    tolerance       : 3e-06
# nthreads           : 32
# lgo input file     : bcdf2.lgo
# site pat input file: ../../boot/boot10.opf
# free parameters    : 16
# points in DE swarm : 48
# output state file  : b1boot10.state
# Including singleton site patterns.
# cost function      : KL
Initial parameter values
Fixed:
      zero = 0
       one = 1
    Tbecnw = 75200
Free:
       pc1 = 0
       pc2 = 0
       pc3 = 0
       pc4 = 0
       pc5 = 0
       pc6 = 0
       pc7 = 0
       pc8 = 0
       pc9 = 0
      pc10 = 0
      pc11 = 0
      pc12 = 0
      pc13 = 0
      pc14 = 0
      pc15 = 0
      pc16 = 0
Constrained:
     Tecnw = 40512.6
       Tnw = 3178.61
       Tec = 4991.61
     twoNb = 1.04402e+06
     twoNe = 73378.7
     twoNc = 418830
     twoNn = 368492
     twoNw = 794551
    twoNec = 318037
    twoNnw = 125640
  twoNecnw = 30308.5
  twoNbecnw = 77148.7
        m2 = 0.00053485
        m3 = 0.283861
        m4 = 0.0193877
        m6 = 0.000306095
        Tb = 22752.1
        Tc = 1589.31
        Td = 794.653
        Tf = 397.326
DiffEv reached_goal. cost=2.81661e-03 spread=2.93996e-06
Fitted parameter values
Free:
       pc1 = -3.68989
       pc2 = -1.96798
       pc3 = -3.49504
       pc4 = 1.50729
       pc5 = 0.768172
       pc6 = 0.757275
       pc7 = -1.92301
       pc8 = -1.78564
       pc9 = -1.72796
      pc10 = 1.63697
      pc11 = -0.158467
      pc12 = 0.0437742
      pc13 = 0.312374
      pc14 = 0.0176602
      pc15 = 0.0149169
      pc16 = -0.12641
Constrained:
     Tecnw = 41153.4
       Tnw = 35.7721
       Tec = 105.267
     twoNb = 2.57991e+06
     twoNe = 2442.39
     twoNc = 807213
     twoNn = 1.0085e+06
     twoNw = 773473
    twoNec = 358771
    twoNnw = 140884
  twoNecnw = 29420.3
  twoNbecnw = 77812.5
        m2 = 0.00278457
        m3 = 0.288592
        m4 = 0.0231043
        m6 = 0.0011137
        Tb = 20629.3
        Tc = 17.886
        Td = 8.94301
        Tf = 4.47151
#       SitePat  BranchLen
              b 138660.2912408
              e 54145.7167315
              c 56016.8030836
              n 49215.5828298
              w 52370.6863308
            b:e 2447.0803799
            b:c 2951.7691427
            b:n 1982.0300646
            b:w 2255.9554711
            e:c 10928.6487511
            e:n 6122.3838286
            e:w 4672.9968156
            c:n 5313.3480268
            c:w 4637.6389072
            n:w 13807.8888823
          b:e:c 2252.4903962
          b:e:n 1249.2452801
          b:e:w 1208.5720023
          b:c:n 1210.8102931
          b:c:w 1251.3947085
          b:n:w 2248.6113750
          e:c:n 6568.6183722
          e:c:w 5540.3803121
          e:n:w 8058.4552395
          c:n:w 6955.2843821
        b:e:c:n 2258.7659814
        b:e:c:w 1983.1601292
        b:e:n:w 2878.0879305
        b:c:n:w 2445.4896641
        e:c:n:w 56969.1519092
