########################################
# legofit: estimate population history #
#       version 2.3.4-4-g53f8760       #
########################################

# Program was compiled: Sep 21 2021 14:36:42
# Program was run: Thu Sep 23 16:01:34 2021

# cmd: legofit -1 -d 0 -t 32 --ptsPerDim 3 --stateOut b1boot42.state --tol 3e-6 -S 5000 bcdf2.lgo ../../boot/boot42.opf
# Stage nOptItr nSimReps
#     0    5000        0
# algorithm          : deterministic
# ignoring probs <=  : 0
# Branch length floor: 0
# DE strategy        : 2
#    F               : 0.3
#    CR              : 0.8
#    tolerance       : 3e-06
# nthreads           : 32
# lgo input file     : bcdf2.lgo
# site pat input file: ../../boot/boot42.opf
# free parameters    : 16
# points in DE swarm : 48
# output state file  : b1boot42.state
# Including singleton site patterns.
# cost function      : KL
Initial parameter values
Fixed:
      zero = 0
       one = 1
    Tbecnw = 75200
Free:
       pc1 = 0
       pc2 = 0
       pc3 = 0
       pc4 = 0
       pc5 = 0
       pc6 = 0
       pc7 = 0
       pc8 = 0
       pc9 = 0
      pc10 = 0
      pc11 = 0
      pc12 = 0
      pc13 = 0
      pc14 = 0
      pc15 = 0
      pc16 = 0
Constrained:
     Tecnw = 40512.6
       Tnw = 3178.61
       Tec = 4991.61
     twoNb = 1.04402e+06
     twoNe = 73378.7
     twoNc = 418830
     twoNn = 368492
     twoNw = 794551
    twoNec = 318037
    twoNnw = 125640
  twoNecnw = 30308.5
  twoNbecnw = 77148.7
        m2 = 0.00053485
        m3 = 0.283861
        m4 = 0.0193877
        m6 = 0.000306095
        Tb = 22752.1
        Tc = 1589.31
        Td = 794.653
        Tf = 397.326
DiffEv reached_goal. cost=2.78897e-03 spread=2.95090e-06
Fitted parameter values
Free:
       pc1 = -3.23389
       pc2 = -1.85962
       pc3 = -3.57812
       pc4 = 1.96242
       pc5 = 0.185927
       pc6 = 0.260436
       pc7 = -1.88863
       pc8 = -1.66492
       pc9 = -1.63922
      pc10 = 1.63896
      pc11 = 0.499088
      pc12 = 0.666574
      pc13 = 0.293837
      pc14 = 0.0472736
      pc15 = 0.096588
      pc16 = -0.13685
Constrained:
     Tecnw = 41103.3
       Tnw = 85.7936
       Tec = 69.4819
     twoNb = 2.6019e+06
     twoNe = 729.067
     twoNc = 715812
     twoNn = 780959
     twoNw = 884892
    twoNec = 357204
    twoNnw = 140186
  twoNecnw = 29423.7
  twoNbecnw = 76964.8
        m2 = 0.0027004
        m3 = 0.290583
        m4 = 0.0233063
        m6 = 0.00102311
        Tb = 20586.4
        Tc = 42.8968
        Td = 21.4484
        Tf = 10.7242
#       SitePat  BranchLen
              b 137992.3064351
              e 53993.6283330
              c 55884.6182696
              n 49095.2357667
              w 52286.3705886
            b:e 2413.1615424
            b:c 2917.6217903
            b:n 1955.8093957
            b:w 2230.2338595
            e:c 10883.9218035
            e:n 6114.2326850
            e:w 4642.9165672
            c:n 5289.5388416
            c:w 4608.3661052
            n:w 13740.0198488
          b:e:c 2223.7156728
          b:e:n 1234.0715432
          b:e:w 1192.9597863
          b:c:n 1195.1661562
          b:c:w 1236.2004219
          b:n:w 2219.9136308
          e:c:n 6532.5987213
          e:c:w 5495.6538197
          e:n:w 8003.1620208
          c:n:w 6895.4789818
        b:e:c:n 2232.9947406
        b:e:c:w 1956.9467019
        b:e:n:w 2844.5996937
        b:c:n:w 2411.7416053
        e:c:n:w 56492.8793441
