########################################
# legofit: estimate population history #
#       version 2.3.4-4-g53f8760       #
########################################

# Program was compiled: Sep 21 2021 14:36:42
# Program was run: Thu Sep 23 16:01:13 2021

# cmd: legofit -1 -d 0 -t 32 --ptsPerDim 3 --stateOut b1boot36.state --tol 3e-6 -S 5000 bcdf2.lgo ../../boot/boot36.opf
# Stage nOptItr nSimReps
#     0    5000        0
# algorithm          : deterministic
# ignoring probs <=  : 0
# Branch length floor: 0
# DE strategy        : 2
#    F               : 0.3
#    CR              : 0.8
#    tolerance       : 3e-06
# nthreads           : 32
# lgo input file     : bcdf2.lgo
# site pat input file: ../../boot/boot36.opf
# free parameters    : 16
# points in DE swarm : 48
# output state file  : b1boot36.state
# Including singleton site patterns.
# cost function      : KL
Initial parameter values
Fixed:
      zero = 0
       one = 1
    Tbecnw = 75200
Free:
       pc1 = 0
       pc2 = 0
       pc3 = 0
       pc4 = 0
       pc5 = 0
       pc6 = 0
       pc7 = 0
       pc8 = 0
       pc9 = 0
      pc10 = 0
      pc11 = 0
      pc12 = 0
      pc13 = 0
      pc14 = 0
      pc15 = 0
      pc16 = 0
Constrained:
     Tecnw = 40512.6
       Tnw = 3178.61
       Tec = 4991.61
     twoNb = 1.04402e+06
     twoNe = 73378.7
     twoNc = 418830
     twoNn = 368492
     twoNw = 794551
    twoNec = 318037
    twoNnw = 125640
  twoNecnw = 30308.5
  twoNbecnw = 77148.7
        m2 = 0.00053485
        m3 = 0.283861
        m4 = 0.0193877
        m6 = 0.000306095
        Tb = 22752.1
        Tc = 1589.31
        Td = 794.653
        Tf = 397.326
DiffEv reached_goal. cost=2.85463e-03 spread=2.32511e-06
Fitted parameter values
Free:
       pc1 = -2.80863
       pc2 = -1.92167
       pc3 = -3.54647
       pc4 = 1.79857
       pc5 = 0.406316
       pc6 = -1.04592
       pc7 = -1.8451
       pc8 = -1.57733
       pc9 = -1.9528
      pc10 = 1.80719
      pc11 = 0.609381
      pc12 = 0.22447
      pc13 = 0.324324
      pc14 = 0.0944548
      pc15 = 0.0931925
      pc16 = -0.0789863
Constrained:
     Tecnw = 40942.4
       Tnw = 36.4512
       Tec = 39.9004
     twoNb = 2.69544e+06
     twoNe = 557.957
     twoNc = 795721
     twoNn = 267917
     twoNw = 1.10869e+06
    twoNec = 362802
    twoNnw = 141634
  twoNecnw = 29704.1
  twoNbecnw = 77099.3
        m2 = 0.00236943
        m3 = 0.28683
        m4 = 0.022536
        m6 = 0.000872992
        Tb = 20491.1
        Tc = 18.2256
        Td = 9.11281
        Tf = 4.5564
#       SitePat  BranchLen
              b 138047.8617324
              e 54004.8172540
              c 55890.7437302
              n 49119.8688617
              w 52277.3788978
            b:e 2427.6667311
            b:c 2917.1344676
            b:n 1972.3299568
            b:w 2245.1857643
            e:c 10878.9849952
            e:n 6160.6963170
            e:w 4682.3044752
            c:n 5309.8913708
            c:w 4657.6469618
            n:w 13742.1934970
          b:e:c 2233.8615789
          b:e:n 1246.8497636
          b:e:w 1203.7523915
          b:c:n 1205.8182176
          b:c:w 1248.8700736
          b:n:w 2230.3578022
          e:c:n 6561.4799103
          e:c:w 5536.0337223
          e:n:w 8015.2371006
          c:n:w 6933.7362756
        b:e:c:n 2247.7444937
        b:e:c:w 1973.5066051
        b:e:n:w 2849.2488358
        b:c:n:w 2426.7317715
        e:c:n:w 56454.7360115
