########################################
# legofit: estimate population history #
#       version 2.3.4-4-g53f8760       #
########################################

# Program was compiled: Sep 21 2021 14:36:42
# Program was run: Thu Sep 23 16:01:51 2021

# cmd: legofit -1 -d 0 -t 32 --ptsPerDim 3 --stateOut b1boot47.state --tol 3e-6 -S 5000 bcdf2.lgo ../../boot/boot47.opf
# Stage nOptItr nSimReps
#     0    5000        0
# algorithm          : deterministic
# ignoring probs <=  : 0
# Branch length floor: 0
# DE strategy        : 2
#    F               : 0.3
#    CR              : 0.8
#    tolerance       : 3e-06
# nthreads           : 32
# lgo input file     : bcdf2.lgo
# site pat input file: ../../boot/boot47.opf
# free parameters    : 16
# points in DE swarm : 48
# output state file  : b1boot47.state
# Including singleton site patterns.
# cost function      : KL
Initial parameter values
Fixed:
      zero = 0
       one = 1
    Tbecnw = 75200
Free:
       pc1 = 0
       pc2 = 0
       pc3 = 0
       pc4 = 0
       pc5 = 0
       pc6 = 0
       pc7 = 0
       pc8 = 0
       pc9 = 0
      pc10 = 0
      pc11 = 0
      pc12 = 0
      pc13 = 0
      pc14 = 0
      pc15 = 0
      pc16 = 0
Constrained:
     Tecnw = 40512.6
       Tnw = 3178.61
       Tec = 4991.61
     twoNb = 1.04402e+06
     twoNe = 73378.7
     twoNc = 418830
     twoNn = 368492
     twoNw = 794551
    twoNec = 318037
    twoNnw = 125640
  twoNecnw = 30308.5
  twoNbecnw = 77148.7
        m2 = 0.00053485
        m3 = 0.283861
        m4 = 0.0193877
        m6 = 0.000306095
        Tb = 22752.1
        Tc = 1589.31
        Td = 794.653
        Tf = 397.326
DiffEv reached_goal. cost=2.82154e-03 spread=2.26275e-06
Fitted parameter values
Free:
       pc1 = -3.58801
       pc2 = -1.86198
       pc3 = -3.23894
       pc4 = 1.54805
       pc5 = -0.472877
       pc6 = -0.427976
       pc7 = -1.26602
       pc8 = -1.76247
       pc9 = -1.43209
      pc10 = 0.850949
      pc11 = 0.595936
      pc12 = 0.188139
      pc13 = 0.323992
      pc14 = 0.0582455
      pc15 = 0.147769
      pc16 = -0.0767522
Constrained:
     Tecnw = 41107.1
       Tnw = 32.0963
       Tec = 91.152
     twoNb = 2.37061e+06
     twoNe = 2182.92
     twoNc = 534686
     twoNn = 340633
     twoNw = 565766
    twoNec = 364353
    twoNnw = 140145
  twoNecnw = 29489.2
  twoNbecnw = 77222.8
        m2 = 0.00287242
        m3 = 0.296815
        m4 = 0.0230783
        m6 = 0.00141511
        Tb = 20599.1
        Tc = 16.0481
        Td = 8.02406
        Tf = 4.01203
#       SitePat  BranchLen
              b 138148.7117300
              e 54143.7858451
              c 55991.1728421
              n 49190.0749914
              w 52368.4378057
            b:e 2435.3402613
            b:c 2939.6906345
            b:n 1969.8174815
            b:w 2243.7711189
            e:c 10826.4036990
            e:n 6135.0692852
            e:w 4678.1930028
            c:n 5332.3073975
            c:w 4644.0752330
            n:w 13710.2944899
          b:e:c 2228.7476548
          b:e:n 1245.7460584
          b:e:w 1205.4545658
          b:c:n 1207.8800309
          b:c:w 1248.0596722
          b:n:w 2224.5482129
          e:c:n 6548.3250911
          e:c:w 5517.1018190
          e:n:w 8030.7147334
          c:n:w 6937.6193624
        b:e:c:n 2246.8278624
        b:e:c:w 1970.9549812
        b:e:n:w 2859.9412830
        b:c:n:w 2433.4398625
        e:c:n:w 56536.3252677
