########################################
# legofit: estimate population history #
#       version 2.3.4-4-g53f8760       #
########################################

# Program was compiled: Sep 21 2021 14:36:42
# Program was run: Thu Sep 23 16:00:00 2021

# cmd: legofit -1 -d 0 -t 32 --ptsPerDim 3 --stateOut b1boot16.state --tol 3e-6 -S 5000 bcdf2.lgo ../../boot/boot16.opf
# Stage nOptItr nSimReps
#     0    5000        0
# algorithm          : deterministic
# ignoring probs <=  : 0
# Branch length floor: 0
# DE strategy        : 2
#    F               : 0.3
#    CR              : 0.8
#    tolerance       : 3e-06
# nthreads           : 32
# lgo input file     : bcdf2.lgo
# site pat input file: ../../boot/boot16.opf
# free parameters    : 16
# points in DE swarm : 48
# output state file  : b1boot16.state
# Including singleton site patterns.
# cost function      : KL
Initial parameter values
Fixed:
      zero = 0
       one = 1
    Tbecnw = 75200
Free:
       pc1 = 0
       pc2 = 0
       pc3 = 0
       pc4 = 0
       pc5 = 0
       pc6 = 0
       pc7 = 0
       pc8 = 0
       pc9 = 0
      pc10 = 0
      pc11 = 0
      pc12 = 0
      pc13 = 0
      pc14 = 0
      pc15 = 0
      pc16 = 0
Constrained:
     Tecnw = 40512.6
       Tnw = 3178.61
       Tec = 4991.61
     twoNb = 1.04402e+06
     twoNe = 73378.7
     twoNc = 418830
     twoNn = 368492
     twoNw = 794551
    twoNec = 318037
    twoNnw = 125640
  twoNecnw = 30308.5
  twoNbecnw = 77148.7
        m2 = 0.00053485
        m3 = 0.283861
        m4 = 0.0193877
        m6 = 0.000306095
        Tb = 22752.1
        Tc = 1589.31
        Td = 794.653
        Tf = 397.326
DiffEv reached_goal. cost=2.77168e-03 spread=2.95481e-06
Fitted parameter values
Free:
       pc1 = -3.88211
       pc2 = -1.8474
       pc3 = -3.88453
       pc4 = 1.59132
       pc5 = 1.60149
       pc6 = 0.633594
       pc7 = -1.92219
       pc8 = -1.74469
       pc9 = -1.85328
      pc10 = 1.86953
      pc11 = 0.260493
      pc12 = 0.325912
      pc13 = 0.188455
      pc14 = -0.0563625
      pc15 = 0.0894728
      pc16 = -0.0840301
Constrained:
     Tecnw = 41294.1
       Tnw = 2.73586
       Tec = 121.88
     twoNb = 2.80421e+06
     twoNe = 3383.1
     twoNc = 962171
     twoNn = 1.03396e+06
     twoNw = 713267
    twoNec = 364868
    twoNnw = 140836
  twoNecnw = 29275.2
  twoNbecnw = 77753.6
        m2 = 0.00221062
        m3 = 0.293171
        m4 = 0.0230559
        m6 = 0.00094945
        Tb = 20708
        Tc = 1.36793
        Td = 0.683965
        Tf = 0.341983
#       SitePat  BranchLen
              b 138649.9299331
              e 54219.5769891
              c 56102.3489730
              n 49268.0601367
              w 52446.8234071
            b:e 2435.5662727
            b:c 2935.5894741
            b:n 1975.2288804
            b:w 2252.6348341
            e:c 10855.8216266
            e:n 6128.7448480
            e:w 4666.5996029
            c:n 5312.2747744
            c:w 4631.9975728
            n:w 13756.8490223
          b:e:c 2242.3103206
          b:e:n 1249.3484144
          b:e:w 1208.4220183
          b:c:n 1210.4532171
          b:c:w 1251.3548316
          b:n:w 2238.9069901
          e:c:n 6556.1737624
          e:c:w 5521.1436175
          e:n:w 8031.1191644
          c:n:w 6929.1179230
        b:e:c:n 2255.1251796
        b:e:c:w 1976.4333288
        b:e:n:w 2868.7422887
        b:c:n:w 2434.9828324
        e:c:n:w 56969.9013819
