########################################
# legofit: estimate population history #
#       version 2.3.4-4-g53f8760       #
########################################

# Program was compiled: Sep 21 2021 14:36:42
# Program was run: Thu Sep 23 15:59:02 2021

# cmd: legofit -1 -d 0 -t 32 --ptsPerDim 3 --stateOut b1boot4.state --tol 3e-6 -S 5000 bcdf2.lgo ../../boot/boot4.opf
# Stage nOptItr nSimReps
#     0    5000        0
# algorithm          : deterministic
# ignoring probs <=  : 0
# Branch length floor: 0
# DE strategy        : 2
#    F               : 0.3
#    CR              : 0.8
#    tolerance       : 3e-06
# nthreads           : 32
# lgo input file     : bcdf2.lgo
# site pat input file: ../../boot/boot4.opf
# free parameters    : 16
# points in DE swarm : 48
# output state file  : b1boot4.state
# Including singleton site patterns.
# cost function      : KL
Initial parameter values
Fixed:
      zero = 0
       one = 1
    Tbecnw = 75200
Free:
       pc1 = 0
       pc2 = 0
       pc3 = 0
       pc4 = 0
       pc5 = 0
       pc6 = 0
       pc7 = 0
       pc8 = 0
       pc9 = 0
      pc10 = 0
      pc11 = 0
      pc12 = 0
      pc13 = 0
      pc14 = 0
      pc15 = 0
      pc16 = 0
Constrained:
     Tecnw = 40512.6
       Tnw = 3178.61
       Tec = 4991.61
     twoNb = 1.04402e+06
     twoNe = 73378.7
     twoNc = 418830
     twoNn = 368492
     twoNw = 794551
    twoNec = 318037
    twoNnw = 125640
  twoNecnw = 30308.5
  twoNbecnw = 77148.7
        m2 = 0.00053485
        m3 = 0.283861
        m4 = 0.0193877
        m6 = 0.000306095
        Tb = 22752.1
        Tc = 1589.31
        Td = 794.653
        Tf = 397.326
DiffEv reached_goal. cost=2.82794e-03 spread=2.67734e-06
Fitted parameter values
Free:
       pc1 = -3.75996
       pc2 = -1.93905
       pc3 = -3.73455
       pc4 = 1.21935
       pc5 = 0.907239
       pc6 = -0.820668
       pc7 = -1.92045
       pc8 = -1.87736
       pc9 = -1.10506
      pc10 = 1.95522
      pc11 = 0.246297
      pc12 = 0.665728
      pc13 = 0.37475
      pc14 = -0.0196171
      pc15 = 0.154276
      pc16 = 0.0159689
Constrained:
     Tecnw = 41352
       Tnw = 103.459
       Tec = 83.9412
     twoNb = 2.5993e+06
     twoNe = 962.887
     twoNc = 989812
     twoNn = 390849
     twoNw = 1.21489e+06
    twoNec = 359971
    twoNnw = 141945
  twoNecnw = 29182.6
  twoNbecnw = 77536.8
        m2 = 0.0025125
        m3 = 0.298339
        m4 = 0.0236279
        m6 = 0.00088132
        Tb = 20718
        Tc = 51.7294
        Td = 25.8647
        Tf = 12.9323
#       SitePat  BranchLen
              b 138468.1068153
              e 54160.0822625
              c 56043.4782934
              n 49358.5253451
              w 52588.7201991
            b:e 2421.9931127
            b:c 2935.0424861
            b:n 1972.8741474
            b:w 2253.7248136
            e:c 10852.5477672
            e:n 6127.3432277
            e:w 4664.2353421
            c:n 5331.7690684
            c:w 4619.3612588
            n:w 13621.7942570
          b:e:c 2227.6883679
          b:e:n 1245.7932021
          b:e:w 1206.5439189
          b:c:n 1208.7975735
          b:c:w 1247.9907056
          b:n:w 2223.8834377
          e:c:n 6571.4174738
          e:c:w 5518.3688647
          e:n:w 8007.3901868
          c:n:w 6886.9804378
        b:e:c:n 2256.5168248
        b:e:c:w 1974.0917599
        b:e:n:w 2860.9657000
        b:c:n:w 2420.9271289
        e:c:n:w 56829.9619834
