########################################
# legofit: estimate population history #
#       version 2.3.4-4-g53f8760       #
########################################

# Program was compiled: Sep 21 2021 14:36:42
# Program was run: Thu Sep 23 15:59:02 2021

# cmd: legofit -1 -d 0 -t 32 --ptsPerDim 3 --stateOut b1boot1.state --tol 3e-6 -S 5000 bcdf2.lgo ../../boot/boot1.opf
# Stage nOptItr nSimReps
#     0    5000        0
# algorithm          : deterministic
# ignoring probs <=  : 0
# Branch length floor: 0
# DE strategy        : 2
#    F               : 0.3
#    CR              : 0.8
#    tolerance       : 3e-06
# nthreads           : 32
# lgo input file     : bcdf2.lgo
# site pat input file: ../../boot/boot1.opf
# free parameters    : 16
# points in DE swarm : 48
# output state file  : b1boot1.state
# Including singleton site patterns.
# cost function      : KL
Initial parameter values
Fixed:
      zero = 0
       one = 1
    Tbecnw = 75200
Free:
       pc1 = 0
       pc2 = 0
       pc3 = 0
       pc4 = 0
       pc5 = 0
       pc6 = 0
       pc7 = 0
       pc8 = 0
       pc9 = 0
      pc10 = 0
      pc11 = 0
      pc12 = 0
      pc13 = 0
      pc14 = 0
      pc15 = 0
      pc16 = 0
Constrained:
     Tecnw = 40512.6
       Tnw = 3178.61
       Tec = 4991.61
     twoNb = 1.04402e+06
     twoNe = 73378.7
     twoNc = 418830
     twoNn = 368492
     twoNw = 794551
    twoNec = 318037
    twoNnw = 125640
  twoNecnw = 30308.5
  twoNbecnw = 77148.7
        m2 = 0.00053485
        m3 = 0.283861
        m4 = 0.0193877
        m6 = 0.000306095
        Tb = 22752.1
        Tc = 1589.31
        Td = 794.653
        Tf = 397.326
DiffEv reached_goal. cost=2.80263e-03 spread=2.91793e-06
Fitted parameter values
Free:
       pc1 = -2.86823
       pc2 = -1.9793
       pc3 = -3.21553
       pc4 = 1.9524
       pc5 = -0.177001
       pc6 = -0.909926
       pc7 = -1.87828
       pc8 = -1.76744
       pc9 = -1.5663
      pc10 = 1.76239
      pc11 = 0.244616
      pc12 = 0.243925
      pc13 = 0.261666
      pc14 = 0.143372
      pc15 = 0.20644
      pc16 = -0.0810331
Constrained:
     Tecnw = 40949.5
       Tnw = 67.1591
       Tec = 166.312
     twoNb = 2.52523e+06
     twoNe = 3579.22
     twoNc = 665464
     twoNn = 294350
     twoNw = 1.23478e+06
    twoNec = 363667
    twoNnw = 141880
  twoNecnw = 29661.4
  twoNbecnw = 77092.8
        m2 = 0.00286041
        m3 = 0.285772
        m4 = 0.023363
        m6 = 0.000799395
        Tb = 20557.9
        Tc = 33.5796
        Td = 16.7898
        Tf = 8.39489
#       SitePat  BranchLen
              b 138016.9812320
              e 54092.2963594
              c 55989.4778694
              n 49177.0129111
              w 52269.9861426
            b:e 2434.9744197
            b:c 2942.8849466
            b:n 1972.8302584
            b:w 2238.7545459
            e:c 10841.3992188
            e:n 6127.1991957
            e:w 4688.2669029
            c:n 5301.1011269
            c:w 4650.9344409
            n:w 13737.4802008
          b:e:c 2231.7208349
          b:e:n 1245.3571105
          b:e:w 1204.0942868
          b:c:n 1206.3960794
          b:c:w 1247.5621606
          b:n:w 2227.7326172
          e:c:n 6535.1084660
          e:c:w 5533.0629606
          e:n:w 8056.2598244
          c:n:w 6944.0017682
        b:e:c:n 2241.6476376
        b:e:c:w 1973.9913452
        b:e:n:w 2867.1616591
        b:c:n:w 2433.2513663
        e:c:n:w 56412.8002788
