########################################
# legofit: estimate population history #
#       version 2.3.4-4-g53f8760       #
########################################

# Program was compiled: Sep 21 2021 14:36:42
# Program was run: Thu Sep 23 16:01:28 2021

# cmd: legofit -1 -d 0 -t 32 --ptsPerDim 3 --stateOut b1boot40.state --tol 3e-6 -S 5000 bcdf2.lgo ../../boot/boot40.opf
# Stage nOptItr nSimReps
#     0    5000        0
# algorithm          : deterministic
# ignoring probs <=  : 0
# Branch length floor: 0
# DE strategy        : 2
#    F               : 0.3
#    CR              : 0.8
#    tolerance       : 3e-06
# nthreads           : 32
# lgo input file     : bcdf2.lgo
# site pat input file: ../../boot/boot40.opf
# free parameters    : 16
# points in DE swarm : 48
# output state file  : b1boot40.state
# Including singleton site patterns.
# cost function      : KL
Initial parameter values
Fixed:
      zero = 0
       one = 1
    Tbecnw = 75200
Free:
       pc1 = 0
       pc2 = 0
       pc3 = 0
       pc4 = 0
       pc5 = 0
       pc6 = 0
       pc7 = 0
       pc8 = 0
       pc9 = 0
      pc10 = 0
      pc11 = 0
      pc12 = 0
      pc13 = 0
      pc14 = 0
      pc15 = 0
      pc16 = 0
Constrained:
     Tecnw = 40512.6
       Tnw = 3178.61
       Tec = 4991.61
     twoNb = 1.04402e+06
     twoNe = 73378.7
     twoNc = 418830
     twoNn = 368492
     twoNw = 794551
    twoNec = 318037
    twoNnw = 125640
  twoNecnw = 30308.5
  twoNbecnw = 77148.7
        m2 = 0.00053485
        m3 = 0.283861
        m4 = 0.0193877
        m6 = 0.000306095
        Tb = 22752.1
        Tc = 1589.31
        Td = 794.653
        Tf = 397.326
DiffEv reached_goal. cost=2.81905e-03 spread=2.80939e-06
Fitted parameter values
Free:
       pc1 = -3.07857
       pc2 = -1.87284
       pc3 = -3.58327
       pc4 = 1.59565
       pc5 = 0.751219
       pc6 = -1.15372
       pc7 = -1.89634
       pc8 = -1.12646
       pc9 = -1.13844
      pc10 = 1.35852
      pc11 = 0.363174
      pc12 = 0.257887
      pc13 = 0.315563
      pc14 = -0.0586476
      pc15 = 0.103571
      pc16 = -0.0465717
Constrained:
     Tecnw = 41001.9
       Tnw = 16.609
       Tec = 207.683
     twoNb = 2.50339e+06
     twoNe = 6085.94
     twoNc = 866774
     twoNn = 259452
     twoNw = 1.24857e+06
    twoNec = 362159
    twoNnw = 141552
  twoNecnw = 29531.1
  twoNbecnw = 77323.3
        m2 = 0.00181181
        m3 = 0.291456
        m4 = 0.0237277
        m6 = 0.00122561
        Tb = 20604.8
        Tc = 8.30448
        Td = 4.15224
        Tf = 2.07612
#       SitePat  BranchLen
              b 138285.9012501
              e 54052.3440239
              c 55906.3419250
              n 49189.2662627
              w 52294.7255666
            b:e 2416.2249338
            b:c 2929.8041111
            b:n 1969.1053893
            b:w 2241.7387743
            e:c 10839.3573482
            e:n 6091.4311585
            e:w 4689.1075947
            c:n 5323.1262454
            c:w 4640.5543479
            n:w 13692.5990722
          b:e:c 2227.3424321
          b:e:n 1242.8658168
          b:e:w 1205.2126720
          b:c:n 1207.5217993
          b:c:w 1245.1959398
          b:n:w 2223.5816079
          e:c:n 6552.0006591
          e:c:w 5532.6297435
          e:n:w 8029.1068787
          c:n:w 6911.3471979
        b:e:c:n 2244.5078305
        b:e:c:w 1970.6605227
        b:e:n:w 2853.9301842
        b:c:n:w 2416.3316963
        e:c:n:w 56733.2031614
