########################################
# legofit: estimate population history #
#       version 2.3.4-4-g53f8760       #
########################################

# Program was compiled: Sep 21 2021 14:36:42
# Program was run: Thu Sep 23 16:01:15 2021

# cmd: legofit -1 -d 0 -t 32 --ptsPerDim 3 --stateOut b1boot37.state --tol 3e-6 -S 5000 bcdf2.lgo ../../boot/boot37.opf
# Stage nOptItr nSimReps
#     0    5000        0
# algorithm          : deterministic
# ignoring probs <=  : 0
# Branch length floor: 0
# DE strategy        : 2
#    F               : 0.3
#    CR              : 0.8
#    tolerance       : 3e-06
# nthreads           : 32
# lgo input file     : bcdf2.lgo
# site pat input file: ../../boot/boot37.opf
# free parameters    : 16
# points in DE swarm : 48
# output state file  : b1boot37.state
# Including singleton site patterns.
# cost function      : KL
Initial parameter values
Fixed:
      zero = 0
       one = 1
    Tbecnw = 75200
Free:
       pc1 = 0
       pc2 = 0
       pc3 = 0
       pc4 = 0
       pc5 = 0
       pc6 = 0
       pc7 = 0
       pc8 = 0
       pc9 = 0
      pc10 = 0
      pc11 = 0
      pc12 = 0
      pc13 = 0
      pc14 = 0
      pc15 = 0
      pc16 = 0
Constrained:
     Tecnw = 40512.6
       Tnw = 3178.61
       Tec = 4991.61
     twoNb = 1.04402e+06
     twoNe = 73378.7
     twoNc = 418830
     twoNn = 368492
     twoNw = 794551
    twoNec = 318037
    twoNnw = 125640
  twoNecnw = 30308.5
  twoNbecnw = 77148.7
        m2 = 0.00053485
        m3 = 0.283861
        m4 = 0.0193877
        m6 = 0.000306095
        Tb = 22752.1
        Tc = 1589.31
        Td = 794.653
        Tf = 397.326
DiffEv reached_goal. cost=2.82192e-03 spread=2.26162e-06
Fitted parameter values
Free:
       pc1 = -3.89251
       pc2 = -1.78024
       pc3 = -3.9537
       pc4 = 1.9399
       pc5 = 1.26278
       pc6 = 0.283076
       pc7 = -1.96035
       pc8 = -1.7895
       pc9 = -1.42271
      pc10 = 0.717266
      pc11 = 0.599395
      pc12 = 0.447583
      pc13 = 0.321979
      pc14 = -0.154979
      pc15 = -0.0391778
      pc16 = -0.158001
Constrained:
     Tecnw = 41274.6
       Tnw = 6.88329
       Tec = 93.6648
     twoNb = 2.76172e+06
     twoNe = 2638.34
     twoNc = 691874
     twoNn = 844962
     twoNw = 777367
    twoNec = 358336
    twoNnw = 138295
  twoNecnw = 29193
  twoNbecnw = 77574.5
        m2 = 0.0018301
        m3 = 0.300133
        m4 = 0.0238963
        m6 = 0.00157005
        Tb = 20684.1
        Tc = 3.44165
        Td = 1.72082
        Tf = 0.860412
#       SitePat  BranchLen
              b 138568.1501158
              e 54042.6810682
              c 55949.9938466
              n 49086.9950315
              w 52358.3039139
            b:e 2410.6359776
            b:c 2926.0852252
            b:n 1955.6523940
            b:w 2242.2546369
            e:c 10874.4595405
            e:n 6126.2580481
            e:w 4639.7927545
            c:n 5314.6065534
            c:w 4602.6812217
            n:w 13757.4710779
          b:e:c 2230.5487837
          b:e:n 1238.5092202
          b:e:w 1198.0824068
          b:c:n 1200.1823511
          b:c:w 1240.6309457
          b:n:w 2227.1107482
          e:c:n 6557.7198088
          e:c:w 5485.9280217
          e:n:w 8018.7917196
          c:n:w 6886.4154831
        b:e:c:n 2244.7844292
        b:e:c:w 1957.0339351
        b:e:n:w 2856.5732806
        b:c:n:w 2410.7288491
        e:c:n:w 57025.1643044
