########################################
# legofit: estimate population history #
#       version 2.3.4-4-g53f8760       #
########################################

# Program was compiled: Sep 21 2021 14:36:42
# Program was run: Thu Sep 23 15:59:49 2021

# cmd: legofit -1 -d 0 -t 32 --ptsPerDim 3 --stateOut b1boot14.state --tol 3e-6 -S 5000 bcdf2.lgo ../../boot/boot14.opf
# Stage nOptItr nSimReps
#     0    5000        0
# algorithm          : deterministic
# ignoring probs <=  : 0
# Branch length floor: 0
# DE strategy        : 2
#    F               : 0.3
#    CR              : 0.8
#    tolerance       : 3e-06
# nthreads           : 32
# lgo input file     : bcdf2.lgo
# site pat input file: ../../boot/boot14.opf
# free parameters    : 16
# points in DE swarm : 48
# output state file  : b1boot14.state
# Including singleton site patterns.
# cost function      : KL
Initial parameter values
Fixed:
      zero = 0
       one = 1
    Tbecnw = 75200
Free:
       pc1 = 0
       pc2 = 0
       pc3 = 0
       pc4 = 0
       pc5 = 0
       pc6 = 0
       pc7 = 0
       pc8 = 0
       pc9 = 0
      pc10 = 0
      pc11 = 0
      pc12 = 0
      pc13 = 0
      pc14 = 0
      pc15 = 0
      pc16 = 0
Constrained:
     Tecnw = 40512.6
       Tnw = 3178.61
       Tec = 4991.61
     twoNb = 1.04402e+06
     twoNe = 73378.7
     twoNc = 418830
     twoNn = 368492
     twoNw = 794551
    twoNec = 318037
    twoNnw = 125640
  twoNecnw = 30308.5
  twoNbecnw = 77148.7
        m2 = 0.00053485
        m3 = 0.283861
        m4 = 0.0193877
        m6 = 0.000306095
        Tb = 22752.1
        Tc = 1589.31
        Td = 794.653
        Tf = 397.326
DiffEv reached_goal. cost=2.79653e-03 spread=2.53863e-06
Fitted parameter values
Free:
       pc1 = -3.82256
       pc2 = -1.88818
       pc3 = -3.8584
       pc4 = 1.28709
       pc5 = 0.954811
       pc6 = 0.431348
       pc7 = -1.81227
       pc8 = -1.89972
       pc9 = -1.58116
      pc10 = 1.40994
      pc11 = 0.398355
      pc12 = 0.00448285
      pc13 = 0.307968
      pc14 = -0.0184883
      pc15 = 0.0430819
      pc16 = -0.11436
Constrained:
     Tecnw = 41199.4
       Tnw = 1.0568
       Tec = 172.964
     twoNb = 2.66734e+06
     twoNe = 5292.75
     twoNc = 853403
     twoNn = 847381
     twoNw = 703803
    twoNec = 361916
    twoNnw = 139087
  twoNecnw = 29409.9
  twoNbecnw = 77771.2
        m2 = 0.00256672
        m3 = 0.298535
        m4 = 0.0228891
        m6 = 0.00135118
        Tb = 20686.2
        Tc = 0.528402
        Td = 0.264201
        Tf = 0.1321
#       SitePat  BranchLen
              b 138625.6595799
              e 54215.6911452
              c 56037.9515771
              n 49219.9835060
              w 52410.3627784
            b:e 2447.7425626
            b:c 2943.3548315
            b:n 1979.7425898
            b:w 2258.7448484
            e:c 10883.0707929
            e:n 6120.7578465
            e:w 4680.2513229
            c:n 5347.1199980
            c:w 4642.1601523
            n:w 13787.6215409
          b:e:c 2248.2564586
          b:e:n 1250.8403937
          b:e:w 1212.0868778
          b:c:n 1214.2285292
          b:c:w 1252.9142693
          b:n:w 2244.5974682
          e:c:n 6573.7861964
          e:c:w 5530.5028198
          e:n:w 8042.4423661
          c:n:w 6958.6199213
        b:e:c:n 2261.4115336
        b:e:c:w 1980.8475245
        b:e:n:w 2873.0727147
        b:c:n:w 2446.5359508
        e:c:n:w 56919.2755771
