########################################
# legofit: estimate population history #
#       version 2.3.4-4-g53f8760       #
########################################

# Program was compiled: Sep 21 2021 14:36:42
# Program was run: Thu Sep 23 16:01:23 2021

# cmd: legofit -1 -d 0 -t 32 --ptsPerDim 3 --stateOut b1boot38.state --tol 3e-6 -S 5000 bcdf2.lgo ../../boot/boot38.opf
# Stage nOptItr nSimReps
#     0    5000        0
# algorithm          : deterministic
# ignoring probs <=  : 0
# Branch length floor: 0
# DE strategy        : 2
#    F               : 0.3
#    CR              : 0.8
#    tolerance       : 3e-06
# nthreads           : 32
# lgo input file     : bcdf2.lgo
# site pat input file: ../../boot/boot38.opf
# free parameters    : 16
# points in DE swarm : 48
# output state file  : b1boot38.state
# Including singleton site patterns.
# cost function      : KL
Initial parameter values
Fixed:
      zero = 0
       one = 1
    Tbecnw = 75200
Free:
       pc1 = 0
       pc2 = 0
       pc3 = 0
       pc4 = 0
       pc5 = 0
       pc6 = 0
       pc7 = 0
       pc8 = 0
       pc9 = 0
      pc10 = 0
      pc11 = 0
      pc12 = 0
      pc13 = 0
      pc14 = 0
      pc15 = 0
      pc16 = 0
Constrained:
     Tecnw = 40512.6
       Tnw = 3178.61
       Tec = 4991.61
     twoNb = 1.04402e+06
     twoNe = 73378.7
     twoNc = 418830
     twoNn = 368492
     twoNw = 794551
    twoNec = 318037
    twoNnw = 125640
  twoNecnw = 30308.5
  twoNbecnw = 77148.7
        m2 = 0.00053485
        m3 = 0.283861
        m4 = 0.0193877
        m6 = 0.000306095
        Tb = 22752.1
        Tc = 1589.31
        Td = 794.653
        Tf = 397.326
DiffEv reached_goal. cost=2.79709e-03 spread=2.96541e-06
Fitted parameter values
Free:
       pc1 = -3.58553
       pc2 = -1.94098
       pc3 = -3.90848
       pc4 = 1.99767
       pc5 = 0.334917
       pc6 = 1.64168
       pc7 = -1.86605
       pc8 = -1.88768
       pc9 = -1.97021
      pc10 = 1.7319
      pc11 = 0.57802
      pc12 = 0.332263
      pc13 = 0.215125
      pc14 = -0.0630606
      pc15 = 0.124185
      pc16 = -0.0400481
Constrained:
     Tecnw = 41035.6
       Tnw = 158.505
       Tec = 192.385
     twoNb = 2.73391e+06
     twoNe = 3317.94
     twoNc = 728199
     twoNn = 1.32306e+06
     twoNw = 446689
    twoNec = 361513
    twoNnw = 140674
  twoNecnw = 29425.5
  twoNbecnw = 77148.1
        m2 = 0.00310333
        m3 = 0.293571
        m4 = 0.0230336
        m6 = 0.00120061
        Tb = 20614
        Tc = 79.2524
        Td = 39.6262
        Tf = 19.8131
#       SitePat  BranchLen
              b 138152.6883131
              e 54057.9558836
              c 55903.1558377
              n 49164.5580555
              w 52298.2996167
            b:e 2423.6833553
            b:c 2918.9141586
            b:n 1962.4592764
            b:w 2231.3748464
            e:c 10810.6287277
            e:n 6101.0504878
            e:w 4668.4830597
            c:n 5312.8391484
            c:w 4630.5564166
            n:w 13655.5311615
          b:e:c 2216.7482581
          b:e:n 1238.3596327
          b:e:w 1199.1304743
          b:c:n 1201.2332971
          b:c:w 1240.3415171
          b:n:w 2213.0622952
          e:c:n 6531.1296911
          e:c:w 5514.1208882
          e:n:w 8013.3789985
          c:n:w 6922.7903558
        b:e:c:n 2234.0475900
        b:e:c:w 1963.3703599
        b:e:n:w 2849.4362564
        b:c:n:w 2421.6474171
        e:c:n:w 56644.9733842
