########################################
# legofit: estimate population history #
#       version 2.3.4-4-g53f8760       #
########################################

# Program was compiled: Sep 21 2021 14:36:42
# Program was run: Thu Sep 23 16:00:27 2021

# cmd: legofit -1 -d 0 -t 32 --ptsPerDim 3 --stateOut b1boot26.state --tol 3e-6 -S 5000 bcdf2.lgo ../../boot/boot26.opf
# Stage nOptItr nSimReps
#     0    5000        0
# algorithm          : deterministic
# ignoring probs <=  : 0
# Branch length floor: 0
# DE strategy        : 2
#    F               : 0.3
#    CR              : 0.8
#    tolerance       : 3e-06
# nthreads           : 32
# lgo input file     : bcdf2.lgo
# site pat input file: ../../boot/boot26.opf
# free parameters    : 16
# points in DE swarm : 48
# output state file  : b1boot26.state
# Including singleton site patterns.
# cost function      : KL
Initial parameter values
Fixed:
      zero = 0
       one = 1
    Tbecnw = 75200
Free:
       pc1 = 0
       pc2 = 0
       pc3 = 0
       pc4 = 0
       pc5 = 0
       pc6 = 0
       pc7 = 0
       pc8 = 0
       pc9 = 0
      pc10 = 0
      pc11 = 0
      pc12 = 0
      pc13 = 0
      pc14 = 0
      pc15 = 0
      pc16 = 0
Constrained:
     Tecnw = 40512.6
       Tnw = 3178.61
       Tec = 4991.61
     twoNb = 1.04402e+06
     twoNe = 73378.7
     twoNc = 418830
     twoNn = 368492
     twoNw = 794551
    twoNec = 318037
    twoNnw = 125640
  twoNecnw = 30308.5
  twoNbecnw = 77148.7
        m2 = 0.00053485
        m3 = 0.283861
        m4 = 0.0193877
        m6 = 0.000306095
        Tb = 22752.1
        Tc = 1589.31
        Td = 794.653
        Tf = 397.326
DiffEv reached_goal. cost=2.81968e-03 spread=2.10698e-06
Fitted parameter values
Free:
       pc1 = -3.82191
       pc2 = -1.75745
       pc3 = -3.92481
       pc4 = 1.90776
       pc5 = 1.88103
       pc6 = 1.06372
       pc7 = -1.8654
       pc8 = -1.21481
       pc9 = -1.92522
      pc10 = 1.76503
      pc11 = 0.404265
      pc12 = 0.301937
      pc13 = 0.265798
      pc14 = 0.103889
      pc15 = 0.13829
      pc16 = 0.0372823
Constrained:
     Tecnw = 41306.3
       Tnw = 11.7474
       Tec = 101.651
     twoNb = 2.80694e+06
     twoNe = 2753.22
     twoNc = 970585
     twoNn = 1.24598e+06
     twoNw = 523548
    twoNec = 365238
    twoNnw = 143355
  twoNecnw = 29444.8
  twoNbecnw = 77607.7
        m2 = 0.001716
        m3 = 0.291651
        m4 = 0.0233491
        m6 = 0.00102451
        Tb = 20704
        Tc = 5.8737
        Td = 2.93685
        Tf = 1.46843
#       SitePat  BranchLen
              b 138441.9086575
              e 54279.1572610
              c 56156.4088901
              n 49451.3698977
              w 52614.3230007
            b:e 2436.8834791
            b:c 2939.7085461
            b:n 1990.7225938
            b:w 2269.7079864
            e:c 10875.5796543
            e:n 6142.4526162
            e:w 4697.2801082
            c:n 5339.2246908
            c:w 4657.1287705
            n:w 13697.1462522
          b:e:c 2247.9542636
          b:e:n 1258.1576296
          b:e:w 1218.1227648
          b:c:n 1220.1715342
          b:c:w 1260.2351119
          b:n:w 2244.6372798
          e:c:n 6586.8842445
          e:c:w 5552.2094245
          e:n:w 8023.8635181
          c:n:w 6918.9383011
        b:e:c:n 2272.1611552
        b:e:c:w 1992.1371951
        b:e:n:w 2873.0120687
        b:c:n:w 2437.1136009
        e:c:n:w 56646.7784838
