########################################
# legofit: estimate population history #
#       version 2.3.4-4-g53f8760       #
########################################

# Program was compiled: Sep 21 2021 14:36:42
# Program was run: Thu Sep 23 15:59:22 2021

# cmd: legofit -1 -d 0 -t 32 --ptsPerDim 3 --stateOut b1boot8.state --tol 3e-6 -S 5000 bcdf2.lgo ../../boot/boot8.opf
# Stage nOptItr nSimReps
#     0    5000        0
# algorithm          : deterministic
# ignoring probs <=  : 0
# Branch length floor: 0
# DE strategy        : 2
#    F               : 0.3
#    CR              : 0.8
#    tolerance       : 3e-06
# nthreads           : 32
# lgo input file     : bcdf2.lgo
# site pat input file: ../../boot/boot8.opf
# free parameters    : 16
# points in DE swarm : 48
# output state file  : b1boot8.state
# Including singleton site patterns.
# cost function      : KL
Initial parameter values
Fixed:
      zero = 0
       one = 1
    Tbecnw = 75200
Free:
       pc1 = 0
       pc2 = 0
       pc3 = 0
       pc4 = 0
       pc5 = 0
       pc6 = 0
       pc7 = 0
       pc8 = 0
       pc9 = 0
      pc10 = 0
      pc11 = 0
      pc12 = 0
      pc13 = 0
      pc14 = 0
      pc15 = 0
      pc16 = 0
Constrained:
     Tecnw = 40512.6
       Tnw = 3178.61
       Tec = 4991.61
     twoNb = 1.04402e+06
     twoNe = 73378.7
     twoNc = 418830
     twoNn = 368492
     twoNw = 794551
    twoNec = 318037
    twoNnw = 125640
  twoNecnw = 30308.5
  twoNbecnw = 77148.7
        m2 = 0.00053485
        m3 = 0.283861
        m4 = 0.0193877
        m6 = 0.000306095
        Tb = 22752.1
        Tc = 1589.31
        Td = 794.653
        Tf = 397.326
DiffEv reached_goal. cost=2.82233e-03 spread=2.91882e-06
Fitted parameter values
Free:
       pc1 = -3.90332
       pc2 = -1.75725
       pc3 = -3.80892
       pc4 = 1.72076
       pc5 = 0.347956
       pc6 = 1.96091
       pc7 = -1.97115
       pc8 = -1.53871
       pc9 = -1.57967
      pc10 = 1.20629
      pc11 = 0.654407
      pc12 = 0.415816
      pc13 = 0.296874
      pc14 = 0.12201
      pc15 = 0.156843
      pc16 = -0.0641846
Constrained:
     Tecnw = 41270
       Tnw = 12.3609
       Tec = 112.718
     twoNb = 2.55263e+06
     twoNe = 2966.45
     twoNc = 702920
     twoNn = 1.45218e+06
     twoNw = 423715
    twoNec = 360598
    twoNnw = 140218
  twoNecnw = 29404.1
  twoNbecnw = 77180.2
        m2 = 0.00281145
        m3 = 0.298801
        m4 = 0.0231182
        m6 = 0.00161461
        Tb = 20691.4
        Tc = 6.18043
        Td = 3.09022
        Tf = 1.54511
#       SitePat  BranchLen
              b 138099.2936385
              e 54170.3016788
              c 56048.3954751
              n 49238.1525550
              w 52498.6780225
            b:e 2433.1113368
            b:c 2934.7645190
            b:n 1970.4655002
            b:w 2251.9646792
            e:c 10860.0130365
            e:n 6166.0471468
            e:w 4662.1415775
            c:n 5332.5443974
            c:w 4635.7492398
            n:w 13716.5749655
          b:e:c 2233.0267768
          b:e:n 1247.4020249
          b:e:w 1205.1175537
          b:c:n 1207.3743051
          b:c:w 1249.5638274
          b:n:w 2229.1316181
          e:c:n 6565.1981765
          e:c:w 5507.2287120
          e:n:w 8011.8391939
          c:n:w 6916.7668824
        b:e:c:n 2254.8071433
        b:e:c:w 1971.5476371
        b:e:n:w 2860.6762192
        b:c:n:w 2431.4780853
        e:c:n:w 56431.2666509
