########################################
# legofit: estimate population history #
#       version 2.3.4-4-g53f8760       #
########################################

# Program was compiled: Sep 21 2021 14:36:42
# Program was run: Thu Sep 23 15:59:49 2021

# cmd: legofit -1 -d 0 -t 32 --ptsPerDim 3 --stateOut b1boot15.state --tol 3e-6 -S 5000 bcdf2.lgo ../../boot/boot15.opf
# Stage nOptItr nSimReps
#     0    5000        0
# algorithm          : deterministic
# ignoring probs <=  : 0
# Branch length floor: 0
# DE strategy        : 2
#    F               : 0.3
#    CR              : 0.8
#    tolerance       : 3e-06
# nthreads           : 32
# lgo input file     : bcdf2.lgo
# site pat input file: ../../boot/boot15.opf
# free parameters    : 16
# points in DE swarm : 48
# output state file  : b1boot15.state
# Including singleton site patterns.
# cost function      : KL
Initial parameter values
Fixed:
      zero = 0
       one = 1
    Tbecnw = 75200
Free:
       pc1 = 0
       pc2 = 0
       pc3 = 0
       pc4 = 0
       pc5 = 0
       pc6 = 0
       pc7 = 0
       pc8 = 0
       pc9 = 0
      pc10 = 0
      pc11 = 0
      pc12 = 0
      pc13 = 0
      pc14 = 0
      pc15 = 0
      pc16 = 0
Constrained:
     Tecnw = 40512.6
       Tnw = 3178.61
       Tec = 4991.61
     twoNb = 1.04402e+06
     twoNe = 73378.7
     twoNc = 418830
     twoNn = 368492
     twoNw = 794551
    twoNec = 318037
    twoNnw = 125640
  twoNecnw = 30308.5
  twoNbecnw = 77148.7
        m2 = 0.00053485
        m3 = 0.283861
        m4 = 0.0193877
        m6 = 0.000306095
        Tb = 22752.1
        Tc = 1589.31
        Td = 794.653
        Tf = 397.326
DiffEv reached_goal. cost=2.80183e-03 spread=2.93975e-06
Fitted parameter values
Free:
       pc1 = -2.45984
       pc2 = -1.98356
       pc3 = -3.39584
       pc4 = 1.98977
       pc5 = -0.992504
       pc6 = -0.765009
       pc7 = -1.99213
       pc8 = -1.98947
       pc9 = -1.57385
      pc10 = 1.82629
      pc11 = 0.840817
      pc12 = 0.366525
      pc13 = 0.333868
      pc14 = 0.0253462
      pc15 = 0.14031
      pc16 = -0.0964271
Constrained:
     Tecnw = 40717.7
       Tnw = 71.4879
       Tec = 168.49
     twoNb = 2.5451e+06
     twoNe = 3994.27
     twoNc = 584093
     twoNn = 278046
     twoNw = 1.28883e+06
    twoNec = 358246
    twoNnw = 140334
  twoNecnw = 29736.2
  twoNbecnw = 76531.1
        m2 = 0.00339417
        m3 = 0.290777
        m4 = 0.0227474
        m6 = 0.000938557
        Tb = 20443.1
        Tc = 35.7439
        Td = 17.872
        Tf = 8.93598
#       SitePat  BranchLen
              b 137618.0864462
              e 53871.2745266
              c 55675.4137209
              n 48980.2890309
              w 52067.0679335
            b:e 2413.2965895
            b:c 2901.9392931
            b:n 1952.2706529
            b:w 2215.0612434
            e:c 10827.0602889
            e:n 6075.5086330
            e:w 4673.5745845
            c:n 5310.8569691
            c:w 4630.9829048
            n:w 13674.0149722
          b:e:c 2205.3680301
          b:e:n 1228.8027013
          b:e:w 1191.1736695
          b:c:n 1193.4047470
          b:c:w 1230.8699056
          b:n:w 2201.3841928
          e:c:n 6516.0755254
          e:c:w 5513.2896224
          e:n:w 7997.7001399
          c:n:w 6925.3671335
        b:e:c:n 2217.9326103
        b:e:c:w 1953.1210061
        b:e:n:w 2828.0744489
        b:c:n:w 2410.5706192
        e:c:n:w 56249.1037796
