########################################
# legofit: estimate population history #
#       version 2.3.4-4-g53f8760       #
########################################

# Program was compiled: Sep 21 2021 14:36:42
# Program was run: Thu Sep 23 16:00:27 2021

# cmd: legofit -1 -d 0 -t 32 --ptsPerDim 3 --stateOut b1boot23.state --tol 3e-6 -S 5000 bcdf2.lgo ../../boot/boot23.opf
# Stage nOptItr nSimReps
#     0    5000        0
# algorithm          : deterministic
# ignoring probs <=  : 0
# Branch length floor: 0
# DE strategy        : 2
#    F               : 0.3
#    CR              : 0.8
#    tolerance       : 3e-06
# nthreads           : 32
# lgo input file     : bcdf2.lgo
# site pat input file: ../../boot/boot23.opf
# free parameters    : 16
# points in DE swarm : 48
# output state file  : b1boot23.state
# Including singleton site patterns.
# cost function      : KL
Initial parameter values
Fixed:
      zero = 0
       one = 1
    Tbecnw = 75200
Free:
       pc1 = 0
       pc2 = 0
       pc3 = 0
       pc4 = 0
       pc5 = 0
       pc6 = 0
       pc7 = 0
       pc8 = 0
       pc9 = 0
      pc10 = 0
      pc11 = 0
      pc12 = 0
      pc13 = 0
      pc14 = 0
      pc15 = 0
      pc16 = 0
Constrained:
     Tecnw = 40512.6
       Tnw = 3178.61
       Tec = 4991.61
     twoNb = 1.04402e+06
     twoNe = 73378.7
     twoNc = 418830
     twoNn = 368492
     twoNw = 794551
    twoNec = 318037
    twoNnw = 125640
  twoNecnw = 30308.5
  twoNbecnw = 77148.7
        m2 = 0.00053485
        m3 = 0.283861
        m4 = 0.0193877
        m6 = 0.000306095
        Tb = 22752.1
        Tc = 1589.31
        Td = 794.653
        Tf = 397.326
DiffEv reached_goal. cost=2.79833e-03 spread=2.54692e-06
Fitted parameter values
Free:
       pc1 = -3.69679
       pc2 = -1.92462
       pc3 = -3.79369
       pc4 = 1.97397
       pc5 = 1.03087
       pc6 = 1.16764
       pc7 = -1.95533
       pc8 = -1.51489
       pc9 = -1.79459
      pc10 = 1.82401
      pc11 = 0.00157096
      pc12 = 0.117092
      pc13 = 0.248786
      pc14 = 0.194541
      pc15 = 0.193136
      pc16 = -0.0700897
Constrained:
     Tecnw = 41195.2
       Tnw = 16.3638
       Tec = 60.7849
     twoNb = 2.6896e+06
     twoNe = 1548.41
     twoNc = 854455
     twoNn = 1.23327e+06
     twoNw = 660175
    twoNec = 365065
    twoNnw = 142162
  twoNecnw = 29538.4
  twoNbecnw = 77587.4
        m2 = 0.00254675
        m3 = 0.287918
        m4 = 0.0238242
        m6 = 0.00105276
        Tb = 20628
        Tc = 8.18192
        Td = 4.09096
        Tf = 2.04548
#       SitePat  BranchLen
              b 138382.5140166
              e 54309.2916298
              c 56187.9313712
              n 49378.8084471
              w 52472.8834353
            b:e 2454.2093343
            b:c 2967.0638794
            b:n 1990.9683499
            b:w 2260.9692453
            e:c 10892.6762169
            e:n 6111.3298956
            e:w 4699.7923404
            c:n 5325.8765941
            c:w 4652.5674309
            n:w 13791.5429963
          b:e:c 2255.0133929
          b:e:n 1255.2798894
          b:e:w 1216.4013089
          b:c:n 1218.6132679
          b:c:w 1257.4374586
          b:n:w 2251.2560416
          e:c:n 6558.0600834
          e:c:w 5550.3777321
          e:n:w 8081.2564823
          c:n:w 6959.7332585
        b:e:c:n 2263.7046852
        b:e:c:w 1992.2122612
        b:e:n:w 2894.8376409
        b:c:n:w 2453.1752610
        e:c:n:w 56579.2131399
