########################################
# legofit: estimate population history #
#       version 2.3.4-4-g53f8760       #
########################################

# Program was compiled: Sep 21 2021 14:36:42
# Program was run: Thu Sep 23 16:01:03 2021

# cmd: legofit -1 -d 0 -t 32 --ptsPerDim 3 --stateOut b1boot32.state --tol 3e-6 -S 5000 bcdf2.lgo ../../boot/boot32.opf
# Stage nOptItr nSimReps
#     0    5000        0
# algorithm          : deterministic
# ignoring probs <=  : 0
# Branch length floor: 0
# DE strategy        : 2
#    F               : 0.3
#    CR              : 0.8
#    tolerance       : 3e-06
# nthreads           : 32
# lgo input file     : bcdf2.lgo
# site pat input file: ../../boot/boot32.opf
# free parameters    : 16
# points in DE swarm : 48
# output state file  : b1boot32.state
# Including singleton site patterns.
# cost function      : KL
Initial parameter values
Fixed:
      zero = 0
       one = 1
    Tbecnw = 75200
Free:
       pc1 = 0
       pc2 = 0
       pc3 = 0
       pc4 = 0
       pc5 = 0
       pc6 = 0
       pc7 = 0
       pc8 = 0
       pc9 = 0
      pc10 = 0
      pc11 = 0
      pc12 = 0
      pc13 = 0
      pc14 = 0
      pc15 = 0
      pc16 = 0
Constrained:
     Tecnw = 40512.6
       Tnw = 3178.61
       Tec = 4991.61
     twoNb = 1.04402e+06
     twoNe = 73378.7
     twoNc = 418830
     twoNn = 368492
     twoNw = 794551
    twoNec = 318037
    twoNnw = 125640
  twoNecnw = 30308.5
  twoNbecnw = 77148.7
        m2 = 0.00053485
        m3 = 0.283861
        m4 = 0.0193877
        m6 = 0.000306095
        Tb = 22752.1
        Tc = 1589.31
        Td = 794.653
        Tf = 397.326
DiffEv reached_goal. cost=2.83879e-03 spread=2.78016e-06
Fitted parameter values
Free:
       pc1 = -3.81071
       pc2 = -1.52265
       pc3 = -3.9489
       pc4 = 1.59109
       pc5 = 1.56954
       pc6 = 0.0809109
       pc7 = -1.9807
       pc8 = -1.92691
       pc9 = -1.20804
      pc10 = 1.96463
      pc11 = 0.451897
      pc12 = 0.305951
      pc13 = 0.231275
      pc14 = -0.154699
      pc15 = 0.151004
      pc16 = -0.0697884
Constrained:
     Tecnw = 41217.1
       Tnw = 71.6676
       Tec = 180.42
     twoNb = 2.75241e+06
     twoNe = 4433.15
     twoNc = 979368
     twoNn = 835093
     twoNw = 1.03094e+06
    twoNec = 367120
    twoNnw = 138767
  twoNecnw = 29276.8
  twoNbecnw = 77700.1
        m2 = 0.00209683
        m3 = 0.302912
        m4 = 0.0236598
        m6 = 0.000770385
        Tb = 20698.8
        Tc = 35.8338
        Td = 17.9169
        Tf = 8.95845
#       SitePat  BranchLen
              b 138629.8087385
              e 54177.2197795
              c 56065.2758683
              n 49198.9779234
              w 52405.8777772
            b:e 2427.5890637
            b:c 2939.3570991
            b:n 1966.7977923
            b:w 2247.5277315
            e:c 10789.7582101
            e:n 6127.9734549
            e:w 4677.0692923
            c:n 5338.0499705
            c:w 4630.5036297
            n:w 13696.3736697
          b:e:c 2228.9983705
          b:e:n 1247.1380256
          b:e:w 1208.2235825
          b:c:n 1210.3369143
          b:c:w 1249.2398455
          b:n:w 2225.5031481
          e:c:n 6554.9299624
          e:c:w 5507.7886998
          e:n:w 8046.4592010
          c:n:w 6921.4447080
        b:e:c:n 2250.0990377
        b:e:c:w 1968.0725226
        b:e:n:w 2869.7710303
        b:c:n:w 2427.2353948
        e:c:n:w 57014.6080640
