########################################
# legofit: estimate population history #
#       version 2.3.4-4-g53f8760       #
########################################

# Program was compiled: Sep 21 2021 14:36:42
# Program was run: Thu Sep 23 16:00:49 2021

# cmd: legofit -1 -d 0 -t 32 --ptsPerDim 3 --stateOut b1boot30.state --tol 3e-6 -S 5000 bcdf2.lgo ../../boot/boot30.opf
# Stage nOptItr nSimReps
#     0    5000        0
# algorithm          : deterministic
# ignoring probs <=  : 0
# Branch length floor: 0
# DE strategy        : 2
#    F               : 0.3
#    CR              : 0.8
#    tolerance       : 3e-06
# nthreads           : 32
# lgo input file     : bcdf2.lgo
# site pat input file: ../../boot/boot30.opf
# free parameters    : 16
# points in DE swarm : 48
# output state file  : b1boot30.state
# Including singleton site patterns.
# cost function      : KL
Initial parameter values
Fixed:
      zero = 0
       one = 1
    Tbecnw = 75200
Free:
       pc1 = 0
       pc2 = 0
       pc3 = 0
       pc4 = 0
       pc5 = 0
       pc6 = 0
       pc7 = 0
       pc8 = 0
       pc9 = 0
      pc10 = 0
      pc11 = 0
      pc12 = 0
      pc13 = 0
      pc14 = 0
      pc15 = 0
      pc16 = 0
Constrained:
     Tecnw = 40512.6
       Tnw = 3178.61
       Tec = 4991.61
     twoNb = 1.04402e+06
     twoNe = 73378.7
     twoNc = 418830
     twoNn = 368492
     twoNw = 794551
    twoNec = 318037
    twoNnw = 125640
  twoNecnw = 30308.5
  twoNbecnw = 77148.7
        m2 = 0.00053485
        m3 = 0.283861
        m4 = 0.0193877
        m6 = 0.000306095
        Tb = 22752.1
        Tc = 1589.31
        Td = 794.653
        Tf = 397.326
DiffEv reached_goal. cost=2.83168e-03 spread=1.87782e-06
Fitted parameter values
Free:
       pc1 = -3.80848
       pc2 = -1.66896
       pc3 = -3.89354
       pc4 = 1.59508
       pc5 = 1.05678
       pc6 = 0.440388
       pc7 = -1.96863
       pc8 = -1.93251
       pc9 = -1.14293
      pc10 = 1.76041
      pc11 = 0.312156
      pc12 = 0.350094
      pc13 = 0.32378
      pc14 = -0.0184208
      pc15 = 0.105765
      pc16 = -0.157442
Constrained:
     Tecnw = 41242.6
       Tnw = 2.50562
       Tec = 97.8338
     twoNb = 2.65239e+06
     twoNe = 2973.09
     twoNc = 892554
     twoNn = 923381
     twoNw = 954148
    twoNec = 360631
    twoNnw = 138200
  twoNecnw = 29312.5
  twoNbecnw = 77602.1
        m2 = 0.00248806
        m3 = 0.301055
        m4 = 0.023897
        m6 = 0.000996613
        Tb = 20670.2
        Tc = 1.25281
        Td = 0.626406
        Tf = 0.313203
#       SitePat  BranchLen
              b 138507.0830864
              e 54160.9336829
              c 56047.3622252
              n 49160.6138220
              w 52392.7531095
            b:e 2433.5423228
            b:c 2950.1618703
            b:n 1967.4834572
            b:w 2249.4031646
            e:c 10874.5787691
            e:n 6119.5455740
            e:w 4662.7920811
            c:n 5333.4117123
            c:w 4615.5686299
            n:w 13784.9352698
          b:e:c 2239.8230846
          b:e:n 1244.1875875
          b:e:w 1205.4363277
          b:c:n 1207.6655808
          b:c:w 1246.3656636
          b:n:w 2236.0470550
          e:c:n 6558.7045311
          e:c:w 5502.7616464
          e:n:w 8055.7556873
          c:n:w 6925.8196139
        b:e:c:n 2252.1591530
        b:e:c:w 1968.6907950
        b:e:n:w 2876.7442313
        b:c:n:w 2432.5821986
        e:c:n:w 56861.7201047
