########################################
# legofit: estimate population history #
#       version 2.3.4-4-g53f8760       #
########################################

# Program was compiled: Sep 21 2021 14:36:42
# Program was run: Sun Oct 10 22:52:37 2021

# cmd: legofit -1 -d 0 -t 32 --ptsPerDim 3 --stateOut b1boot45.state --tol 3e-6 -S 5000 bdf2.lgo ../../chrX/boot_chrX/boot45.opf
# Stage nOptItr nSimReps
#     0    5000        0
# algorithm          : deterministic
# ignoring probs <=  : 0
# Branch length floor: 0
# DE strategy        : 2
#    F               : 0.3
#    CR              : 0.8
#    tolerance       : 3e-06
# nthreads           : 32
# lgo input file     : bdf2.lgo
# site pat input file: ../../chrX/boot_chrX/boot45.opf
# free parameters    : 13
# points in DE swarm : 39
# output state file  : b1boot45.state
# Including singleton site patterns.
# cost function      : KL
Initial parameter values
Fixed:
      zero = 0
       one = 1
    Tbecnw = 75200
Free:
       pc1 = 0
       pc2 = 0
       pc3 = 0
       pc4 = 0
       pc5 = 0
       pc6 = 0
       pc7 = 0
       pc8 = 0
       pc9 = 0
      pc10 = 0
      pc11 = 0
      pc12 = 0
      pc13 = 0
Constrained:
     Tecnw = 30651.8
       Tnw = 8357.44
       Tec = 79.5307
     twoNb = 592335
     twoNc = 76588.4
     twoNw = 490604
    twoNec = 213789
    twoNnw = 105540
  twoNecnw = 33058.6
  twoNbecnw = 48759.6
        m2 = 0.000129631
        m4 = 0.0155114
        m6 = 7.11376e-05
        Tb = 15365.7
        Td = 39.7654
        Tf = 19.8827
DiffEv reached_goal. cost=3.15972e-03 spread=2.57664e-06
Fitted parameter values
Free:
       pc1 = -3.76409
       pc2 = -1.98602
       pc3 = -0.350417
       pc4 = 0.383358
       pc5 = 0.787518
       pc6 = 0.373775
       pc7 = 0.179479
       pc8 = 0.871781
       pc9 = -1.68415
      pc10 = 1.8857
      pc11 = 0.513959
      pc12 = 0.564929
      pc13 = -0.0836934
Constrained:
     Tecnw = 31292.1
       Tnw = 2666.98
       Tec = 11.4199
     twoNb = 1.20645e+06
     twoNc = 122693
     twoNw = 508221
    twoNec = 214409
    twoNnw = 145976
  twoNecnw = 32338
  twoNbecnw = 48701.7
        m2 = 0.000215151
        m4 = 0.0191537
        m6 = 1.29062e-05
        Tb = 15651.7
        Td = 5.70997
        Tf = 2.85498
#       SitePat  BranchLen
              b 116482.7560987
              e 44168.7806110
              c 45068.0654339
              n 42657.8900536
              w 42657.8870104
            b:e 1213.2963092
            b:c 1523.7324897
            b:n 1116.9124650
            b:w 1116.9123492
            e:c 10669.6029309
            e:n 3913.8972838
            e:w 3913.8966877
            c:n 3775.6267347
            c:w 3775.6297779
            n:w 11859.4740171
          b:e:c 1249.6523389
          b:e:n 597.2300932
          b:e:w 597.2299774
          b:c:n 599.2157889
          b:c:w 599.2159047
          b:n:w 1246.6987472
          e:c:n 4920.0362237
          e:c:w 4920.0368198
          e:n:w 6103.2021528
          c:n:w 5380.1419211
        b:e:c:n 1118.9337250
        b:e:c:w 1118.9338408
        b:e:n:w 1429.5647239
        b:c:n:w 1215.4697880
        e:c:n:w 45291.4609217
