########################################
# legofit: estimate population history #
#       version 2.3.4-4-g53f8760       #
########################################

# Program was compiled: Sep 21 2021 14:36:42
# Program was run: Sun Oct 10 22:52:05 2021

# cmd: legofit -1 -d 0 -t 32 --ptsPerDim 3 --stateOut b1boot4.state --tol 3e-6 -S 5000 bdf2.lgo ../../chrX/boot_chrX/boot4.opf
# Stage nOptItr nSimReps
#     0    5000        0
# algorithm          : deterministic
# ignoring probs <=  : 0
# Branch length floor: 0
# DE strategy        : 2
#    F               : 0.3
#    CR              : 0.8
#    tolerance       : 3e-06
# nthreads           : 32
# lgo input file     : bdf2.lgo
# site pat input file: ../../chrX/boot_chrX/boot4.opf
# free parameters    : 13
# points in DE swarm : 39
# output state file  : b1boot4.state
# Including singleton site patterns.
# cost function      : KL
Initial parameter values
Fixed:
      zero = 0
       one = 1
    Tbecnw = 75200
Free:
       pc1 = 0
       pc2 = 0
       pc3 = 0
       pc4 = 0
       pc5 = 0
       pc6 = 0
       pc7 = 0
       pc8 = 0
       pc9 = 0
      pc10 = 0
      pc11 = 0
      pc12 = 0
      pc13 = 0
Constrained:
     Tecnw = 30651.8
       Tnw = 8357.44
       Tec = 79.5307
     twoNb = 592335
     twoNc = 76588.4
     twoNw = 490604
    twoNec = 213789
    twoNnw = 105540
  twoNecnw = 33058.6
  twoNbecnw = 48759.6
        m2 = 0.000129631
        m4 = 0.0155114
        m6 = 7.11376e-05
        Tb = 15365.7
        Td = 39.7654
        Tf = 19.8827
DiffEv reached_goal. cost=3.36110e-03 spread=2.86310e-06
Fitted parameter values
Free:
       pc1 = -3.71569
       pc2 = -1.99201
       pc3 = 0.398543
       pc4 = 0.253302
       pc5 = 1.44828
       pc6 = 0.0710818
       pc7 = 1.40302
       pc8 = 1.77287
       pc9 = -1.86593
      pc10 = 1.28069
      pc11 = 0.390684
      pc12 = -0.29494
      pc13 = -0.0763702
Constrained:
     Tecnw = 31230.7
       Tnw = 3279.34
       Tec = 10.0243
     twoNb = 1.20888e+06
     twoNc = 80555.5
     twoNw = 594580
    twoNec = 212104
    twoNnw = 142239
  twoNecnw = 32255.7
  twoNbecnw = 50148.5
        m2 = 0.000162195
        m4 = 0.0209606
        m6 = 8.30117e-06
        Tb = 15620.4
        Td = 5.01217
        Tf = 2.50608
#       SitePat  BranchLen
              b 117722.9594873
              e 44134.2694303
              c 45135.9769973
              n 42697.2601931
              w 42697.2581469
            b:e 1240.5074702
            b:c 1589.2400327
            b:n 1143.6934992
            b:w 1143.6934190
            e:c 10744.8132537
            e:n 3943.9603036
            e:w 3943.9598968
            c:n 3791.7291332
            c:w 3791.7311794
            n:w 11880.3139770
          b:e:c 1281.9568123
          b:e:n 611.0089254
          b:e:w 611.0088452
          b:c:n 613.2294466
          b:c:w 613.2295268
          b:n:w 1278.6885553
          e:c:n 4971.1883849
          e:c:w 4971.1887917
          e:n:w 6234.1977518
          c:n:w 5425.5534979
        b:e:c:n 1145.9414287
        b:e:c:w 1145.9415088
        b:e:n:w 1484.9548974
        b:c:n:w 1243.1777068
        e:c:n:w 46404.3338608
