########################################
# legofit: estimate population history #
#       version 2.3.4-4-g53f8760       #
########################################

# Program was compiled: Sep 21 2021 14:36:42
# Program was run: Sun Oct 10 22:52:14 2021

# cmd: legofit -1 -d 0 -t 32 --ptsPerDim 3 --stateOut b1boot16.state --tol 3e-6 -S 5000 bdf2.lgo ../../chrX/boot_chrX/boot16.opf
# Stage nOptItr nSimReps
#     0    5000        0
# algorithm          : deterministic
# ignoring probs <=  : 0
# Branch length floor: 0
# DE strategy        : 2
#    F               : 0.3
#    CR              : 0.8
#    tolerance       : 3e-06
# nthreads           : 32
# lgo input file     : bdf2.lgo
# site pat input file: ../../chrX/boot_chrX/boot16.opf
# free parameters    : 13
# points in DE swarm : 39
# output state file  : b1boot16.state
# Including singleton site patterns.
# cost function      : KL
Initial parameter values
Fixed:
      zero = 0
       one = 1
    Tbecnw = 75200
Free:
       pc1 = 0
       pc2 = 0
       pc3 = 0
       pc4 = 0
       pc5 = 0
       pc6 = 0
       pc7 = 0
       pc8 = 0
       pc9 = 0
      pc10 = 0
      pc11 = 0
      pc12 = 0
      pc13 = 0
Constrained:
     Tecnw = 30651.8
       Tnw = 8357.44
       Tec = 79.5307
     twoNb = 592335
     twoNc = 76588.4
     twoNw = 490604
    twoNec = 213789
    twoNnw = 105540
  twoNecnw = 33058.6
  twoNbecnw = 48759.6
        m2 = 0.000129631
        m4 = 0.0155114
        m6 = 7.11376e-05
        Tb = 15365.7
        Td = 39.7654
        Tf = 19.8827
DiffEv reached_goal. cost=3.38759e-03 spread=2.81097e-06
Fitted parameter values
Free:
       pc1 = -1.75342
       pc2 = -1.97229
       pc3 = 0.272352
       pc4 = 0.0953332
       pc5 = 1.56821
       pc6 = 1.95613
       pc7 = 1.00682
       pc8 = 1.66314
       pc9 = -1.94945
      pc10 = 1.16123
      pc11 = -0.221895
      pc12 = 0.979135
      pc13 = 0.0623632
Constrained:
     Tecnw = 31234.3
       Tnw = 7646.98
       Tec = 4.3233
     twoNb = 1.25456e+06
     twoNc = 139218
     twoNw = 791612
    twoNec = 217369
    twoNnw = 109638
  twoNecnw = 32582.6
  twoNbecnw = 49294.6
        m2 = 0.00032175
        m4 = 0.0208791
        m6 = 3.72757e-06
        Tb = 15619.3
        Td = 2.16165
        Tf = 1.08083
#       SitePat  BranchLen
              b 116916.6273504
              e 44401.9232604
              c 45386.6673751
              n 42716.3664038
              w 42716.3648761
            b:e 1254.0458069
            b:c 1591.9798504
            b:n 1116.7380399
            b:w 1116.7379783
            e:c 10754.6776906
            e:n 3889.9528025
            e:w 3889.9524892
            c:n 3741.1463733
            c:w 3741.1479011
            n:w 11936.7889256
          b:e:c 1294.5439397
          b:e:n 599.8282526
          b:e:w 599.8281910
          b:c:n 601.9153561
          b:c:w 601.9154176
          b:n:w 1291.2975528
          e:c:n 4856.4119963
          e:c:w 4856.4123097
          e:n:w 6302.9629452
          c:n:w 5509.8477611
        b:e:c:n 1118.8764395
        b:e:c:w 1118.8765011
        b:e:n:w 1492.2860627
        b:c:n:w 1256.1597759
        e:c:n:w 45541.0778274
