########################################
# legofit: estimate population history #
#       version 2.3.4-4-g53f8760       #
########################################

# Program was compiled: Sep 21 2021 14:36:42
# Program was run: Sun Oct 10 22:52:28 2021

# cmd: legofit -1 -d 0 -t 32 --ptsPerDim 3 --stateOut b1boot32.state --tol 3e-6 -S 5000 bdf2.lgo ../../chrX/boot_chrX/boot32.opf
# Stage nOptItr nSimReps
#     0    5000        0
# algorithm          : deterministic
# ignoring probs <=  : 0
# Branch length floor: 0
# DE strategy        : 2
#    F               : 0.3
#    CR              : 0.8
#    tolerance       : 3e-06
# nthreads           : 32
# lgo input file     : bdf2.lgo
# site pat input file: ../../chrX/boot_chrX/boot32.opf
# free parameters    : 13
# points in DE swarm : 39
# output state file  : b1boot32.state
# Including singleton site patterns.
# cost function      : KL
Initial parameter values
Fixed:
      zero = 0
       one = 1
    Tbecnw = 75200
Free:
       pc1 = 0
       pc2 = 0
       pc3 = 0
       pc4 = 0
       pc5 = 0
       pc6 = 0
       pc7 = 0
       pc8 = 0
       pc9 = 0
      pc10 = 0
      pc11 = 0
      pc12 = 0
      pc13 = 0
Constrained:
     Tecnw = 30651.8
       Tnw = 8357.44
       Tec = 79.5307
     twoNb = 592335
     twoNc = 76588.4
     twoNw = 490604
    twoNec = 213789
    twoNnw = 105540
  twoNecnw = 33058.6
  twoNbecnw = 48759.6
        m2 = 0.000129631
        m4 = 0.0155114
        m6 = 7.11376e-05
        Tb = 15365.7
        Td = 39.7654
        Tf = 19.8827
DiffEv reached_goal. cost=3.15451e-03 spread=2.82411e-06
Fitted parameter values
Free:
       pc1 = -3.59986
       pc2 = -1.95346
       pc3 = -0.121831
       pc4 = -0.061982
       pc5 = 1.19148
       pc6 = 1.32042
       pc7 = 1.4311
       pc8 = 1.31774
       pc9 = -1.02384
      pc10 = 0.704043
      pc11 = 0.720836
      pc12 = 0.984268
      pc13 = -0.0421301
Constrained:
     Tecnw = 31348.1
       Tnw = 4957.68
       Tec = 54.6119
     twoNb = 1.22397e+06
     twoNc = 49906.3
     twoNw = 710324
    twoNec = 211288
    twoNnw = 129740
  twoNecnw = 32094.2
  twoNbecnw = 49313.7
        m2 = 0.000408943
        m4 = 0.0189193
        m6 = 2.38084e-05
        Tb = 15701.4
        Td = 27.306
        Tf = 13.653
#       SitePat  BranchLen
              b 117073.0142020
              e 44135.5557717
              c 45031.2040315
              n 42682.6583247
              w 42682.6510694
            b:e 1222.4884822
            b:c 1531.9410184
            b:n 1114.3985997
            b:w 1114.3983172
            e:c 10754.4285401
            e:n 3871.0109133
            e:w 3871.0094653
            c:n 3735.6317409
            c:w 3735.6389962
            n:w 11834.1733034
          b:e:c 1265.6380693
          b:e:n 593.9647565
          b:e:w 593.9644740
          b:c:n 595.8913369
          b:c:w 595.8916194
          b:n:w 1262.6377444
          e:c:n 4897.5672149
          e:c:w 4897.5686629
          e:n:w 6130.8751221
          c:n:w 5407.6378671
        b:e:c:n 1116.3915535
        b:e:c:w 1116.3918359
        b:e:n:w 1438.9840097
        b:c:n:w 1224.0163844
        e:c:n:w 45954.1735320
