########################################
# legofit: estimate population history #
#       version 2.3.4-4-g53f8760       #
########################################

# Program was compiled: Sep 21 2021 14:36:42
# Program was run: Sun Oct 10 22:52:23 2021

# cmd: legofit -1 -d 0 -t 32 --ptsPerDim 3 --stateOut b1boot27.state --tol 3e-6 -S 5000 bdf2.lgo ../../chrX/boot_chrX/boot27.opf
# Stage nOptItr nSimReps
#     0    5000        0
# algorithm          : deterministic
# ignoring probs <=  : 0
# Branch length floor: 0
# DE strategy        : 2
#    F               : 0.3
#    CR              : 0.8
#    tolerance       : 3e-06
# nthreads           : 32
# lgo input file     : bdf2.lgo
# site pat input file: ../../chrX/boot_chrX/boot27.opf
# free parameters    : 13
# points in DE swarm : 39
# output state file  : b1boot27.state
# Including singleton site patterns.
# cost function      : KL
Initial parameter values
Fixed:
      zero = 0
       one = 1
    Tbecnw = 75200
Free:
       pc1 = 0
       pc2 = 0
       pc3 = 0
       pc4 = 0
       pc5 = 0
       pc6 = 0
       pc7 = 0
       pc8 = 0
       pc9 = 0
      pc10 = 0
      pc11 = 0
      pc12 = 0
      pc13 = 0
Constrained:
     Tecnw = 30651.8
       Tnw = 8357.44
       Tec = 79.5307
     twoNb = 592335
     twoNc = 76588.4
     twoNw = 490604
    twoNec = 213789
    twoNnw = 105540
  twoNecnw = 33058.6
  twoNbecnw = 48759.6
        m2 = 0.000129631
        m4 = 0.0155114
        m6 = 7.11376e-05
        Tb = 15365.7
        Td = 39.7654
        Tf = 19.8827
DiffEv reached_goal. cost=3.44739e-03 spread=2.00650e-06
Fitted parameter values
Free:
       pc1 = -2.62628
       pc2 = -1.9891
       pc3 = 2.67152
       pc4 = 0.453121
       pc5 = 1.97478
       pc6 = 1.2184
       pc7 = 0.329911
       pc8 = 1.94548
       pc9 = -0.399088
      pc10 = 0.659441
      pc11 = 0.934813
      pc12 = 0.968912
      pc13 = 0.17466
Constrained:
     Tecnw = 31502.4
       Tnw = 5668.86
       Tec = 5.22508
     twoNb = 1.32336e+06
     twoNc = 102677
     twoNw = 678716
    twoNec = 212560
    twoNnw = 119298
  twoNecnw = 33059.4
  twoNbecnw = 50507.4
        m2 = 0.000369706
        m4 = 0.018334
        m6 = 0.000150128
        Tb = 15753.8
        Td = 2.61254
        Tf = 1.30627
#       SitePat  BranchLen
              b 117791.3988769
              e 44759.2317912
              c 45625.4246255
              n 42963.2125106
              w 42963.1576722
            b:e 1316.6004663
            b:c 1613.3869108
            b:n 1178.1356682
            b:w 1178.1334116
            e:c 11088.2326933
            e:n 3925.8708414
            e:w 3925.8597395
            c:n 3794.6983154
            c:w 3794.7531539
            n:w 12378.2523059
          b:e:c 1370.7142683
          b:e:n 627.6480483
          b:e:w 627.6457916
          b:c:n 629.4756612
          b:c:w 629.4779179
          b:n:w 1367.8217674
          e:c:n 4966.9933988
          e:c:w 4967.0045007
          e:n:w 6298.9382506
          c:n:w 5605.4721508
        b:e:c:n 1180.0219934
        b:e:c:w 1180.0242501
        b:e:n:w 1529.1389279
        b:c:n:w 1318.2451213
        e:c:n:w 45773.9441199
