########################################
# legofit: estimate population history #
#       version 2.3.4-4-g53f8760       #
########################################

# Program was compiled: Sep 21 2021 14:36:42
# Program was run: Sun Oct 10 22:52:28 2021

# cmd: legofit -1 -d 0 -t 32 --ptsPerDim 3 --stateOut b1boot31.state --tol 3e-6 -S 5000 bdf2.lgo ../../chrX/boot_chrX/boot31.opf
# Stage nOptItr nSimReps
#     0    5000        0
# algorithm          : deterministic
# ignoring probs <=  : 0
# Branch length floor: 0
# DE strategy        : 2
#    F               : 0.3
#    CR              : 0.8
#    tolerance       : 3e-06
# nthreads           : 32
# lgo input file     : bdf2.lgo
# site pat input file: ../../chrX/boot_chrX/boot31.opf
# free parameters    : 13
# points in DE swarm : 39
# output state file  : b1boot31.state
# Including singleton site patterns.
# cost function      : KL
Initial parameter values
Fixed:
      zero = 0
       one = 1
    Tbecnw = 75200
Free:
       pc1 = 0
       pc2 = 0
       pc3 = 0
       pc4 = 0
       pc5 = 0
       pc6 = 0
       pc7 = 0
       pc8 = 0
       pc9 = 0
      pc10 = 0
      pc11 = 0
      pc12 = 0
      pc13 = 0
Constrained:
     Tecnw = 30651.8
       Tnw = 8357.44
       Tec = 79.5307
     twoNb = 592335
     twoNc = 76588.4
     twoNw = 490604
    twoNec = 213789
    twoNnw = 105540
  twoNecnw = 33058.6
  twoNbecnw = 48759.6
        m2 = 0.000129631
        m4 = 0.0155114
        m6 = 7.11376e-05
        Tb = 15365.7
        Td = 39.7654
        Tf = 19.8827
DiffEv reached_goal. cost=3.26500e-03 spread=2.80504e-06
Fitted parameter values
Free:
       pc1 = -3.90421
       pc2 = -1.8855
       pc3 = 0.932448
       pc4 = 0.0243966
       pc5 = 1.04393
       pc6 = 0.609695
       pc7 = 0.988482
       pc8 = 0.555569
       pc9 = -1.65172
      pc10 = 1.13396
      pc11 = 0.451027
      pc12 = 0.132007
      pc13 = -0.292147
Constrained:
     Tecnw = 31218.4
       Tnw = 3771.89
       Tec = 7.526
     twoNb = 1.18503e+06
     twoNc = 61142
     twoNw = 518665
    twoNec = 217851
    twoNnw = 145361
  twoNecnw = 32252.6
  twoNbecnw = 49592.3
        m2 = 0.000290289
        m4 = 0.0202308
        m6 = 7.13077e-05
        Tb = 15613
        Td = 3.763
        Tf = 1.8815
#       SitePat  BranchLen
              b 117247.6746201
              e 44174.2676446
              c 45134.4219716
              n 42888.0656556
              w 42888.0425048
            b:e 1227.9911186
            b:c 1562.9427351
            b:n 1136.9671295
            b:w 1136.9662258
            e:c 10571.0998208
            e:n 3972.1872732
            e:w 3972.1826539
            c:n 3824.7080061
            c:w 3824.7311568
            n:w 11580.3417145
          b:e:c 1253.7804378
          b:e:n 610.8025456
          b:e:w 610.8016419
          b:c:n 612.9777165
          b:c:w 612.9786202
          b:n:w 1250.5517222
          e:c:n 4972.3661145
          e:c:w 4972.3707338
          e:n:w 6172.0801163
          c:n:w 5397.9391498
        b:e:c:n 1139.1921247
        b:e:c:w 1139.1930285
        b:e:n:w 1460.5223477
        b:c:n:w 1230.1359858
        e:c:n:w 45984.6403980
