########################################
# legofit: estimate population history #
#       version 2.3.4-4-g53f8760       #
########################################

# Program was compiled: Sep 21 2021 14:36:42
# Program was run: Sun Oct 10 22:52:09 2021

# cmd: legofit -1 -d 0 -t 32 --ptsPerDim 3 --stateOut b1boot7.state --tol 3e-6 -S 5000 bdf2.lgo ../../chrX/boot_chrX/boot7.opf
# Stage nOptItr nSimReps
#     0    5000        0
# algorithm          : deterministic
# ignoring probs <=  : 0
# Branch length floor: 0
# DE strategy        : 2
#    F               : 0.3
#    CR              : 0.8
#    tolerance       : 3e-06
# nthreads           : 32
# lgo input file     : bdf2.lgo
# site pat input file: ../../chrX/boot_chrX/boot7.opf
# free parameters    : 13
# points in DE swarm : 39
# output state file  : b1boot7.state
# Including singleton site patterns.
# cost function      : KL
Initial parameter values
Fixed:
      zero = 0
       one = 1
    Tbecnw = 75200
Free:
       pc1 = 0
       pc2 = 0
       pc3 = 0
       pc4 = 0
       pc5 = 0
       pc6 = 0
       pc7 = 0
       pc8 = 0
       pc9 = 0
      pc10 = 0
      pc11 = 0
      pc12 = 0
      pc13 = 0
Constrained:
     Tecnw = 30651.8
       Tnw = 8357.44
       Tec = 79.5307
     twoNb = 592335
     twoNc = 76588.4
     twoNw = 490604
    twoNec = 213789
    twoNnw = 105540
  twoNecnw = 33058.6
  twoNbecnw = 48759.6
        m2 = 0.000129631
        m4 = 0.0155114
        m6 = 7.11376e-05
        Tb = 15365.7
        Td = 39.7654
        Tf = 19.8827
DiffEv reached_goal. cost=3.44154e-03 spread=2.68483e-06
Fitted parameter values
Free:
       pc1 = -3.90934
       pc2 = -1.99885
       pc3 = 0.126889
       pc4 = 1.01067
       pc5 = 0.728009
       pc6 = -0.178561
       pc7 = -0.378189
       pc8 = 1.81434
       pc9 = -1.10165
      pc10 = 1.87929
      pc11 = 0.562333
      pc12 = 0.246148
      pc13 = -0.264123
Constrained:
     Tecnw = 31415.1
       Tnw = 2094.93
       Tec = 0.232663
     twoNb = 1.17095e+06
     twoNc = 152937
     twoNw = 418929
    twoNec = 208478
    twoNnw = 153491
  twoNecnw = 32739
  twoNbecnw = 49269.4
        m2 = 0.000195655
        m4 = 0.0186014
        m6 = 1.75792e-05
        Tb = 15707.7
        Td = 0.116332
        Tf = 0.0581658
#       SitePat  BranchLen
              b 116825.4769437
              e 44304.8718469
              c 45174.5067254
              n 43045.0448632
              w 43045.0408452
            b:e 1243.3819438
            b:c 1548.5154700
            b:n 1162.1178243
            b:w 1162.1176681
            e:c 10900.9400711
            e:n 3960.7475869
            e:w 3960.7467991
            c:n 3824.7572146
            c:w 3824.7612326
            n:w 11921.4186776
          b:e:c 1290.2124210
          b:e:n 616.7200037
          b:e:w 616.7198475
          b:c:n 618.7800982
          b:c:w 618.7802543
          b:n:w 1287.1814785
          e:c:n 5023.6523571
          e:c:w 5023.6531449
          e:n:w 6098.3800835
          c:n:w 5399.7593900
        b:e:c:n 1164.2124411
        b:e:c:w 1164.2125973
        b:e:n:w 1453.9713989
        b:c:n:w 1245.6791252
        e:c:n:w 45195.6569728
