########################################
# legofit: estimate population history #
#       version 2.3.4-4-g53f8760       #
########################################

# Program was compiled: Sep 21 2021 14:36:42
# Program was run: Sun Oct 10 22:52:32 2021

# cmd: legofit -1 -d 0 -t 32 --ptsPerDim 3 --stateOut b1boot37.state --tol 3e-6 -S 5000 bdf2.lgo ../../chrX/boot_chrX/boot37.opf
# Stage nOptItr nSimReps
#     0    5000        0
# algorithm          : deterministic
# ignoring probs <=  : 0
# Branch length floor: 0
# DE strategy        : 2
#    F               : 0.3
#    CR              : 0.8
#    tolerance       : 3e-06
# nthreads           : 32
# lgo input file     : bdf2.lgo
# site pat input file: ../../chrX/boot_chrX/boot37.opf
# free parameters    : 13
# points in DE swarm : 39
# output state file  : b1boot37.state
# Including singleton site patterns.
# cost function      : KL
Initial parameter values
Fixed:
      zero = 0
       one = 1
    Tbecnw = 75200
Free:
       pc1 = 0
       pc2 = 0
       pc3 = 0
       pc4 = 0
       pc5 = 0
       pc6 = 0
       pc7 = 0
       pc8 = 0
       pc9 = 0
      pc10 = 0
      pc11 = 0
      pc12 = 0
      pc13 = 0
Constrained:
     Tecnw = 30651.8
       Tnw = 8357.44
       Tec = 79.5307
     twoNb = 592335
     twoNc = 76588.4
     twoNw = 490604
    twoNec = 213789
    twoNnw = 105540
  twoNecnw = 33058.6
  twoNbecnw = 48759.6
        m2 = 0.000129631
        m4 = 0.0155114
        m6 = 7.11376e-05
        Tb = 15365.7
        Td = 39.7654
        Tf = 19.8827
DiffEv reached_goal. cost=3.13164e-03 spread=2.02225e-06
Fitted parameter values
Free:
       pc1 = -3.96973
       pc2 = -1.97974
       pc3 = 1.43017
       pc4 = 0.559542
       pc5 = 1.55181
       pc6 = 0.901745
       pc7 = 0.829213
       pc8 = 1.54866
       pc9 = -1.69187
      pc10 = 1.89366
      pc11 = 0.894626
      pc12 = 0.187689
      pc13 = -0.329718
Constrained:
     Tecnw = 31394.1
       Tnw = 3470.51
       Tec = 16.1164
     twoNb = 1.38365e+06
     twoNc = 113379
     twoNw = 575088
    twoNec = 217652
    twoNnw = 148059
  twoNecnw = 32506.2
  twoNbecnw = 50194
        m2 = 0.000283982
        m4 = 0.019561
        m6 = 5.36796e-05
        Tb = 15705.1
        Td = 8.05818
        Tf = 4.02909
#       SitePat  BranchLen
              b 117665.9105560
              e 44437.2091113
              c 45376.4572791
              n 43152.5288126
              w 43152.5142064
            b:e 1261.7056419
            b:c 1575.8093679
            b:n 1170.5632259
            b:w 1170.5626452
            e:c 10692.5138507
            e:n 4003.3966640
            e:w 4003.3937506
            c:n 3860.2837416
            c:w 3860.2983478
            n:w 11702.1400470
          b:e:c 1290.0873939
          b:e:n 627.7964080
          b:e:w 627.7958273
          b:c:n 629.6579071
          b:c:w 629.6584878
          b:n:w 1287.3259483
          e:c:n 5027.6092362
          e:c:w 5027.6121495
          e:n:w 6190.9336709
          c:n:w 5446.7342687
        b:e:c:n 1172.4677580
        b:e:c:w 1172.4683388
        b:e:n:w 1490.2204386
        b:c:n:w 1263.5521126
        e:c:n:w 46010.3718177
