########################################
# legofit: estimate population history #
#       version 2.3.4-4-g53f8760       #
########################################

# Program was compiled: Sep 21 2021 14:36:42
# Program was run: Sun Oct 10 22:52:14 2021

# cmd: legofit -1 -d 0 -t 32 --ptsPerDim 3 --stateOut b1boot14.state --tol 3e-6 -S 5000 bdf2.lgo ../../chrX/boot_chrX/boot14.opf
# Stage nOptItr nSimReps
#     0    5000        0
# algorithm          : deterministic
# ignoring probs <=  : 0
# Branch length floor: 0
# DE strategy        : 2
#    F               : 0.3
#    CR              : 0.8
#    tolerance       : 3e-06
# nthreads           : 32
# lgo input file     : bdf2.lgo
# site pat input file: ../../chrX/boot_chrX/boot14.opf
# free parameters    : 13
# points in DE swarm : 39
# output state file  : b1boot14.state
# Including singleton site patterns.
# cost function      : KL
Initial parameter values
Fixed:
      zero = 0
       one = 1
    Tbecnw = 75200
Free:
       pc1 = 0
       pc2 = 0
       pc3 = 0
       pc4 = 0
       pc5 = 0
       pc6 = 0
       pc7 = 0
       pc8 = 0
       pc9 = 0
      pc10 = 0
      pc11 = 0
      pc12 = 0
      pc13 = 0
Constrained:
     Tecnw = 30651.8
       Tnw = 8357.44
       Tec = 79.5307
     twoNb = 592335
     twoNc = 76588.4
     twoNw = 490604
    twoNec = 213789
    twoNnw = 105540
  twoNecnw = 33058.6
  twoNbecnw = 48759.6
        m2 = 0.000129631
        m4 = 0.0155114
        m6 = 7.11376e-05
        Tb = 15365.7
        Td = 39.7654
        Tf = 19.8827
DiffEv reached_goal. cost=3.09293e-03 spread=2.36909e-06
Fitted parameter values
Free:
       pc1 = -3.02878
       pc2 = -1.99141
       pc3 = -0.238191
       pc4 = 0.133939
       pc5 = 0.152139
       pc6 = 1.72859
       pc7 = 0.498637
       pc8 = 0.98533
       pc9 = -1.23446
      pc10 = 1.62947
      pc11 = 1.65426
      pc12 = 0.865488
      pc13 = 0.0546055
Constrained:
     Tecnw = 31095.5
       Tnw = 4556.11
       Tec = 19.811
     twoNb = 1.3848e+06
     twoNc = 110838
     twoNw = 502751
    twoNec = 214033
    twoNnw = 130425
  twoNecnw = 32316.6
  twoNbecnw = 48707.1
        m2 = 0.000431189
        m4 = 0.0165298
        m6 = 1.36155e-05
        Tb = 15557.6
        Td = 9.90551
        Tf = 4.95275
#       SitePat  BranchLen
              b 116588.6224859
              e 44013.2491631
              c 44800.6035779
              n 42446.7601396
              w 42446.7547499
            b:e 1213.2884558
            b:c 1473.0173496
            b:n 1101.4926673
            b:w 1101.4924598
            e:c 10691.5435380
            e:n 3875.1666299
            e:w 3875.1655545
            c:n 3756.8231905
            c:w 3756.8285802
            n:w 11839.7169570
          b:e:c 1248.4504055
          b:e:n 588.8400617
          b:e:w 588.8398541
          b:c:n 590.3172879
          b:c:w 590.3174955
          b:n:w 1246.1195103
          e:c:n 4889.5899847
          e:c:w 4889.5910601
          e:n:w 6054.0188132
          c:n:w 5427.6803076
        b:e:c:n 1103.0313979
        b:e:c:w 1103.0316055
        b:e:n:w 1401.2688333
        b:c:n:w 1214.2495764
        e:c:n:w 45617.3040889
