########################################
# legofit: estimate population history #
#       version 2.3.4-4-g53f8760       #
########################################

# Program was compiled: Sep 21 2021 14:36:42
# Program was run: Sun Oct 10 22:52:09 2021

# cmd: legofit -1 -d 0 -t 32 --ptsPerDim 3 --stateOut b1boot6.state --tol 3e-6 -S 5000 bdf2.lgo ../../chrX/boot_chrX/boot6.opf
# Stage nOptItr nSimReps
#     0    5000        0
# algorithm          : deterministic
# ignoring probs <=  : 0
# Branch length floor: 0
# DE strategy        : 2
#    F               : 0.3
#    CR              : 0.8
#    tolerance       : 3e-06
# nthreads           : 32
# lgo input file     : bdf2.lgo
# site pat input file: ../../chrX/boot_chrX/boot6.opf
# free parameters    : 13
# points in DE swarm : 39
# output state file  : b1boot6.state
# Including singleton site patterns.
# cost function      : KL
Initial parameter values
Fixed:
      zero = 0
       one = 1
    Tbecnw = 75200
Free:
       pc1 = 0
       pc2 = 0
       pc3 = 0
       pc4 = 0
       pc5 = 0
       pc6 = 0
       pc7 = 0
       pc8 = 0
       pc9 = 0
      pc10 = 0
      pc11 = 0
      pc12 = 0
      pc13 = 0
Constrained:
     Tecnw = 30651.8
       Tnw = 8357.44
       Tec = 79.5307
     twoNb = 592335
     twoNc = 76588.4
     twoNw = 490604
    twoNec = 213789
    twoNnw = 105540
  twoNecnw = 33058.6
  twoNbecnw = 48759.6
        m2 = 0.000129631
        m4 = 0.0155114
        m6 = 7.11376e-05
        Tb = 15365.7
        Td = 39.7654
        Tf = 19.8827
DiffEv reached_goal. cost=3.00498e-03 spread=2.85238e-06
Fitted parameter values
Free:
       pc1 = -3.93424
       pc2 = -1.90986
       pc3 = 0.255605
       pc4 = -0.455948
       pc5 = 0.781085
       pc6 = 1.74085
       pc7 = 1.73213
       pc8 = 0.520176
       pc9 = -1.47464
      pc10 = 1.68526
      pc11 = 0.283546
      pc12 = -0.481128
      pc13 = -0.111359
Constrained:
     Tecnw = 30976
       Tnw = 3301.3
       Tec = 28.688
     twoNb = 1.24516e+06
     twoNc = 25429.4
     twoNw = 661365
    twoNec = 221200
    twoNnw = 144392
  twoNecnw = 32215.5
  twoNbecnw = 49488.8
        m2 = 0.000449768
        m4 = 0.0204295
        m6 = 7.9711e-08
        Tb = 15502.3
        Td = 14.344
        Tf = 7.17201
#       SitePat  BranchLen
              b 117219.4757727
              e 44045.7613745
              c 45024.4893991
              n 42519.8422618
              w 42519.8422441
            b:e 1222.2924047
            b:c 1556.6454332
            b:n 1119.0757965
            b:w 1119.0757958
            e:c 10456.5501193
            e:n 3968.6580736
            e:w 3968.6580701
            c:n 3819.9234678
            c:w 3819.9234855
            n:w 11646.9912208
          b:e:c 1239.2276998
          b:e:n 604.4068817
          b:e:w 604.4068810
          b:c:n 606.4717862
          b:c:w 606.4717868
          b:n:w 1236.0742271
          e:c:n 4936.2108369
          e:c:w 4936.2108404
          e:n:w 6208.0193119
          c:n:w 5422.0989075
        b:e:c:n 1121.2133643
        b:e:c:w 1121.2133650
        b:e:n:w 1457.6643557
        b:c:n:w 1223.8430872
        e:c:n:w 46167.0650587
