########################################
# legofit: estimate population history #
#       version 2.3.4-4-g53f8760       #
########################################

# Program was compiled: Sep 21 2021 14:36:42
# Program was run: Sun Oct 10 22:52:14 2021

# cmd: legofit -1 -d 0 -t 32 --ptsPerDim 3 --stateOut b1boot13.state --tol 3e-6 -S 5000 bdf2.lgo ../../chrX/boot_chrX/boot13.opf
# Stage nOptItr nSimReps
#     0    5000        0
# algorithm          : deterministic
# ignoring probs <=  : 0
# Branch length floor: 0
# DE strategy        : 2
#    F               : 0.3
#    CR              : 0.8
#    tolerance       : 3e-06
# nthreads           : 32
# lgo input file     : bdf2.lgo
# site pat input file: ../../chrX/boot_chrX/boot13.opf
# free parameters    : 13
# points in DE swarm : 39
# output state file  : b1boot13.state
# Including singleton site patterns.
# cost function      : KL
Initial parameter values
Fixed:
      zero = 0
       one = 1
    Tbecnw = 75200
Free:
       pc1 = 0
       pc2 = 0
       pc3 = 0
       pc4 = 0
       pc5 = 0
       pc6 = 0
       pc7 = 0
       pc8 = 0
       pc9 = 0
      pc10 = 0
      pc11 = 0
      pc12 = 0
      pc13 = 0
Constrained:
     Tecnw = 30651.8
       Tnw = 8357.44
       Tec = 79.5307
     twoNb = 592335
     twoNc = 76588.4
     twoNw = 490604
    twoNec = 213789
    twoNnw = 105540
  twoNecnw = 33058.6
  twoNbecnw = 48759.6
        m2 = 0.000129631
        m4 = 0.0155114
        m6 = 7.11376e-05
        Tb = 15365.7
        Td = 39.7654
        Tf = 19.8827
DiffEv reached_goal. cost=3.41669e-03 spread=2.96604e-06
Fitted parameter values
Free:
       pc1 = -3.87062
       pc2 = -1.99039
       pc3 = 0.997669
       pc4 = 0.230937
       pc5 = 1.13465
       pc6 = 1.0626
       pc7 = 1.60192
       pc8 = 1.84553
       pc9 = -1.5496
      pc10 = 0.314003
      pc11 = 0.130678
      pc12 = 0.899418
      pc13 = -0.102351
Constrained:
     Tecnw = 31515.7
       Tnw = 5415.71
       Tec = 3.09315
     twoNb = 1.19962e+06
     twoNc = 54681.3
     twoNw = 552608
    twoNec = 212253
    twoNnw = 128752
  twoNecnw = 32180.2
  twoNbecnw = 50088.7
        m2 = 0.000404601
        m4 = 0.021063
        m6 = 4.34864e-05
        Tb = 15759.4
        Td = 1.54657
        Tf = 0.773287
#       SitePat  BranchLen
              b 117630.7786573
              e 44371.4286031
              c 45369.7524806
              n 42972.7151252
              w 42972.6964569
            b:e 1251.6629723
            b:c 1601.7811250
            b:n 1142.3007540
            b:w 1142.3000103
            e:c 10811.7854143
            e:n 3907.7519747
            e:w 3907.7482256
            c:n 3756.3764063
            c:w 3756.3950746
            n:w 11859.1099042
          b:e:c 1296.7145662
          b:e:n 609.3020118
          b:e:w 609.3012681
          b:c:n 611.5450804
          b:c:w 611.5458241
          b:n:w 1293.2518982
          e:c:n 4933.6627930
          e:c:w 4933.6665421
          e:n:w 6246.2769743
          c:n:w 5437.9931513
        b:e:c:n 1144.6124316
        b:e:c:w 1144.6131753
        b:e:n:w 1495.5455598
        b:c:n:w 1253.6284473
        e:c:n:w 46174.8112695
