########################################
# legofit: estimate population history #
#       version 2.3.4-4-g53f8760       #
########################################

# Program was compiled: Sep 21 2021 14:36:42
# Program was run: Sun Oct 10 22:52:33 2021

# cmd: legofit -1 -d 0 -t 32 --ptsPerDim 3 --stateOut b1boot40.state --tol 3e-6 -S 5000 bdf2.lgo ../../chrX/boot_chrX/boot40.opf
# Stage nOptItr nSimReps
#     0    5000        0
# algorithm          : deterministic
# ignoring probs <=  : 0
# Branch length floor: 0
# DE strategy        : 2
#    F               : 0.3
#    CR              : 0.8
#    tolerance       : 3e-06
# nthreads           : 32
# lgo input file     : bdf2.lgo
# site pat input file: ../../chrX/boot_chrX/boot40.opf
# free parameters    : 13
# points in DE swarm : 39
# output state file  : b1boot40.state
# Including singleton site patterns.
# cost function      : KL
Initial parameter values
Fixed:
      zero = 0
       one = 1
    Tbecnw = 75200
Free:
       pc1 = 0
       pc2 = 0
       pc3 = 0
       pc4 = 0
       pc5 = 0
       pc6 = 0
       pc7 = 0
       pc8 = 0
       pc9 = 0
      pc10 = 0
      pc11 = 0
      pc12 = 0
      pc13 = 0
Constrained:
     Tecnw = 30651.8
       Tnw = 8357.44
       Tec = 79.5307
     twoNb = 592335
     twoNc = 76588.4
     twoNw = 490604
    twoNec = 213789
    twoNnw = 105540
  twoNecnw = 33058.6
  twoNbecnw = 48759.6
        m2 = 0.000129631
        m4 = 0.0155114
        m6 = 7.11376e-05
        Tb = 15365.7
        Td = 39.7654
        Tf = 19.8827
DiffEv reached_goal. cost=3.15573e-03 spread=2.94368e-06
Fitted parameter values
Free:
       pc1 = -3.21386
       pc2 = -1.90021
       pc3 = 1.49166
       pc4 = -0.348253
       pc5 = -0.794485
       pc6 = 1.78496
       pc7 = 1.8442
       pc8 = 1.07129
       pc9 = -1.7265
      pc10 = 1.37098
      pc11 = 0.876687
      pc12 = 0.503171
      pc13 = 0.174713
Constrained:
     Tecnw = 31061
       Tnw = 5474.87
       Tec = 9.8416
     twoNb = 1.39995e+06
     twoNc = 11201.6
     twoNw = 207612
    twoNec = 220646
    twoNnw = 123184
  twoNecnw = 32389.1
  twoNbecnw = 49699.6
        m2 = 0.000506417
        m4 = 0.019294
        m6 = 2.03393e-05
        Tb = 15535.4
        Td = 4.9208
        Tf = 2.4604
#       SitePat  BranchLen
              b 117372.3854818
              e 44236.3291557
              c 45164.6283430
              n 42462.7920431
              w 42462.7690186
            b:e 1249.3562343
            b:c 1556.9800994
            b:n 1117.9692179
            b:w 1117.9683066
            e:c 10619.6372094
            e:n 3917.3868572
            e:w 3917.3821978
            c:n 3779.0494015
            c:w 3779.0724260
            n:w 11910.2163876
          b:e:c 1275.9258274
          b:e:n 602.7297347
          b:e:w 602.7288233
          b:c:n 604.4660536
          b:c:w 604.4669649
          b:n:w 1273.1670712
          e:c:n 4888.5083011
          e:c:w 4888.5129605
          e:n:w 6251.5283890
          c:n:w 5511.4886474
        b:e:c:n 1119.7783272
        b:e:c:w 1119.7792386
        b:e:n:w 1473.2133687
        b:c:n:w 1250.5028247
        e:c:n:w 46178.6209494
