########################################
# legofit: estimate population history #
#       version 2.3.4-4-g53f8760       #
########################################

# Program was compiled: Sep 21 2021 14:36:42
# Program was run: Sun Oct 10 22:52:23 2021

# cmd: legofit -1 -d 0 -t 32 --ptsPerDim 3 --stateOut b1boot29.state --tol 3e-6 -S 5000 bdf2.lgo ../../chrX/boot_chrX/boot29.opf
# Stage nOptItr nSimReps
#     0    5000        0
# algorithm          : deterministic
# ignoring probs <=  : 0
# Branch length floor: 0
# DE strategy        : 2
#    F               : 0.3
#    CR              : 0.8
#    tolerance       : 3e-06
# nthreads           : 32
# lgo input file     : bdf2.lgo
# site pat input file: ../../chrX/boot_chrX/boot29.opf
# free parameters    : 13
# points in DE swarm : 39
# output state file  : b1boot29.state
# Including singleton site patterns.
# cost function      : KL
Initial parameter values
Fixed:
      zero = 0
       one = 1
    Tbecnw = 75200
Free:
       pc1 = 0
       pc2 = 0
       pc3 = 0
       pc4 = 0
       pc5 = 0
       pc6 = 0
       pc7 = 0
       pc8 = 0
       pc9 = 0
      pc10 = 0
      pc11 = 0
      pc12 = 0
      pc13 = 0
Constrained:
     Tecnw = 30651.8
       Tnw = 8357.44
       Tec = 79.5307
     twoNb = 592335
     twoNc = 76588.4
     twoNw = 490604
    twoNec = 213789
    twoNnw = 105540
  twoNecnw = 33058.6
  twoNbecnw = 48759.6
        m2 = 0.000129631
        m4 = 0.0155114
        m6 = 7.11376e-05
        Tb = 15365.7
        Td = 39.7654
        Tf = 19.8827
DiffEv reached_goal. cost=3.33104e-03 spread=2.24024e-06
Fitted parameter values
Free:
       pc1 = -3.95719
       pc2 = -1.99987
       pc3 = -0.441309
       pc4 = 0.322128
       pc5 = 0.706289
       pc6 = 0.681341
       pc7 = 0.813239
       pc8 = 0.697485
       pc9 = -1.9184
      pc10 = 0.510085
      pc11 = 0.867236
      pc12 = 0.874652
      pc13 = -0.226532
Constrained:
     Tecnw = 31289
       Tnw = 4317.48
       Tec = 7.40714
     twoNb = 1.1569e+06
     twoNc = 100075
     twoNw = 489689
    twoNec = 211666
    twoNnw = 139239
  twoNecnw = 31779.5
  twoNbecnw = 48898.3
        m2 = 0.000323073
        m4 = 0.0193142
        m6 = 4.08754e-05
        Tb = 15648.2
        Td = 3.70357
        Tf = 1.85178
#       SitePat  BranchLen
              b 116806.8902694
              e 43902.7379886
              c 44815.0167334
              n 42681.2923246
              w 42681.2764504
            b:e 1187.2952663
            b:c 1506.6721548
            b:n 1098.4189575
            b:w 1098.4183527
            e:c 10612.0587979
            e:n 3874.7833076
            e:w 3874.7801612
            c:n 3736.0034926
            c:w 3736.0193668
            n:w 11551.5038344
          b:e:c 1224.8031782
          b:e:n 585.8079243
          b:e:w 585.8073195
          b:c:n 587.8563423
          b:c:w 587.8569471
          b:n:w 1221.7103258
          e:c:n 4898.1364248
          e:c:w 4898.1395712
          e:n:w 6060.5334083
          c:n:w 5320.1962811
        b:e:c:n 1100.5220439
        b:e:c:w 1100.5226487
        b:e:n:w 1407.0393157
        b:c:n:w 1189.1633735
        e:c:n:w 45975.8170634
