########################################
# legofit: estimate population history #
#       version 2.3.4-4-g53f8760       #
########################################

# Program was compiled: Sep 21 2021 14:36:42
# Program was run: Sun Oct 10 22:52:18 2021

# cmd: legofit -1 -d 0 -t 32 --ptsPerDim 3 --stateOut b1boot18.state --tol 3e-6 -S 5000 bdf2.lgo ../../chrX/boot_chrX/boot18.opf
# Stage nOptItr nSimReps
#     0    5000        0
# algorithm          : deterministic
# ignoring probs <=  : 0
# Branch length floor: 0
# DE strategy        : 2
#    F               : 0.3
#    CR              : 0.8
#    tolerance       : 3e-06
# nthreads           : 32
# lgo input file     : bdf2.lgo
# site pat input file: ../../chrX/boot_chrX/boot18.opf
# free parameters    : 13
# points in DE swarm : 39
# output state file  : b1boot18.state
# Including singleton site patterns.
# cost function      : KL
Initial parameter values
Fixed:
      zero = 0
       one = 1
    Tbecnw = 75200
Free:
       pc1 = 0
       pc2 = 0
       pc3 = 0
       pc4 = 0
       pc5 = 0
       pc6 = 0
       pc7 = 0
       pc8 = 0
       pc9 = 0
      pc10 = 0
      pc11 = 0
      pc12 = 0
      pc13 = 0
Constrained:
     Tecnw = 30651.8
       Tnw = 8357.44
       Tec = 79.5307
     twoNb = 592335
     twoNc = 76588.4
     twoNw = 490604
    twoNec = 213789
    twoNnw = 105540
  twoNecnw = 33058.6
  twoNbecnw = 48759.6
        m2 = 0.000129631
        m4 = 0.0155114
        m6 = 7.11376e-05
        Tb = 15365.7
        Td = 39.7654
        Tf = 19.8827
DiffEv reached_goal. cost=3.47789e-03 spread=2.46452e-06
Fitted parameter values
Free:
       pc1 = -3.35471
       pc2 = -1.98568
       pc3 = 1.21961
       pc4 = -0.39514
       pc5 = 1.14081
       pc6 = 1.94739
       pc7 = 1.68794
       pc8 = 0.393337
       pc9 = -1.94731
      pc10 = 1.20845
      pc11 = -0.0949365
      pc12 = -0.33562
      pc13 = -0.21093
Constrained:
     Tecnw = 30998.3
       Tnw = 5134.15
       Tec = 1.83268
     twoNb = 1.23843e+06
     twoNc = 46884.4
     twoNw = 659840
    twoNec = 224465
    twoNnw = 135534
  twoNecnw = 32311.4
  twoNbecnw = 49822.4
        m2 = 0.000440729
        m4 = 0.0218982
        m6 = 5.00105e-05
        Tb = 15500.1
        Td = 0.916342
        Tf = 0.458171
#       SitePat  BranchLen
              b 117441.7814918
              e 44182.3801256
              c 45232.1927972
              n 42775.0768203
              w 42775.0597462
            b:e 1237.8667917
            b:c 1598.3352544
            b:n 1131.4049966
            b:w 1131.4043196
            e:c 10424.4241275
            e:n 4001.6677362
            e:w 4001.6642668
            c:n 3841.8219945
            c:w 3841.8390686
            n:w 11496.0746572
          b:e:c 1250.4475463
          b:e:n 613.2704895
          b:e:w 613.2698124
          b:c:n 615.5226940
          b:c:w 615.5233711
          b:n:w 1247.0333490
          e:c:n 4949.6808447
          e:c:w 4949.6843140
          e:n:w 6290.2120188
          c:n:w 5446.8368858
        b:e:c:n 1133.7296716
        b:e:c:w 1133.7303487
        b:e:n:w 1491.4367602
        b:c:n:w 1239.6959357
        e:c:n:w 46220.9879787
