########################################
# legofit: estimate population history #
#       version 2.3.4-4-g53f8760       #
########################################

# Program was compiled: Sep 21 2021 14:36:42
# Program was run: Sun Oct 10 22:52:18 2021

# cmd: legofit -1 -d 0 -t 32 --ptsPerDim 3 --stateOut b1boot23.state --tol 3e-6 -S 5000 bdf2.lgo ../../chrX/boot_chrX/boot23.opf
# Stage nOptItr nSimReps
#     0    5000        0
# algorithm          : deterministic
# ignoring probs <=  : 0
# Branch length floor: 0
# DE strategy        : 2
#    F               : 0.3
#    CR              : 0.8
#    tolerance       : 3e-06
# nthreads           : 32
# lgo input file     : bdf2.lgo
# site pat input file: ../../chrX/boot_chrX/boot23.opf
# free parameters    : 13
# points in DE swarm : 39
# output state file  : b1boot23.state
# Including singleton site patterns.
# cost function      : KL
Initial parameter values
Fixed:
      zero = 0
       one = 1
    Tbecnw = 75200
Free:
       pc1 = 0
       pc2 = 0
       pc3 = 0
       pc4 = 0
       pc5 = 0
       pc6 = 0
       pc7 = 0
       pc8 = 0
       pc9 = 0
      pc10 = 0
      pc11 = 0
      pc12 = 0
      pc13 = 0
Constrained:
     Tecnw = 30651.8
       Tnw = 8357.44
       Tec = 79.5307
     twoNb = 592335
     twoNc = 76588.4
     twoNw = 490604
    twoNec = 213789
    twoNnw = 105540
  twoNecnw = 33058.6
  twoNbecnw = 48759.6
        m2 = 0.000129631
        m4 = 0.0155114
        m6 = 7.11376e-05
        Tb = 15365.7
        Td = 39.7654
        Tf = 19.8827
DiffEv reached_goal. cost=3.27230e-03 spread=2.72013e-06
Fitted parameter values
Free:
       pc1 = -3.60183
       pc2 = -1.99501
       pc3 = 1.11512
       pc4 = -0.0249491
       pc5 = -0.556764
       pc6 = -0.477151
       pc7 = 0.869883
       pc8 = 1.38956
       pc9 = -1.24547
      pc10 = 1.3735
      pc11 = -0.000181739
      pc12 = 0.494342
      pc13 = -0.090515
Constrained:
     Tecnw = 31306.3
       Tnw = 3765.32
       Tec = 3.75574
     twoNb = 1.1487e+06
     twoNc = 15624.2
     twoNw = 124420
    twoNec = 212099
    twoNnw = 139297
  twoNecnw = 32710.5
  twoNbecnw = 49391.3
        m2 = 0.000215854
        m4 = 0.0202932
        m6 = 3.13508e-05
        Tb = 15655
        Td = 1.87787
        Tf = 0.938936
#       SitePat  BranchLen
              b 116935.0797898
              e 44332.2313721
              c 45282.0133618
              n 42908.5078696
              w 42908.4659730
            b:e 1248.9725942
            b:c 1584.6014742
            b:n 1149.6170797
            b:w 1149.6154302
            e:c 10821.6386715
            e:n 3954.0900552
            e:w 3954.0817131
            c:n 3806.5655307
            c:w 3806.6074273
            n:w 11929.3187505
          b:e:c 1291.6990522
          b:e:n 613.5660021
          b:e:w 613.5643526
          b:c:n 615.8341436
          b:c:w 615.8357931
          b:n:w 1288.3208419
          e:c:n 4974.3628316
          e:c:w 4974.3711737
          e:n:w 6205.9489582
          c:n:w 5438.7968009
        b:e:c:n 1151.9237231
        b:e:c:w 1151.9253727
        b:e:n:w 1479.3227692
        b:c:n:w 1251.5232852
        e:c:n:w 45373.7030622
