########################################
# legofit: estimate population history #
#       version 2.3.4-4-g53f8760       #
########################################

# Program was compiled: Sep 21 2021 14:36:42
# Program was run: Sun Oct 10 22:52:04 2021

# cmd: legofit -1 -d 0 -t 32 --ptsPerDim 3 --stateOut b1boot0.state --tol 3e-6 -S 5000 bdf2.lgo ../../chrX/boot_chrX/boot0.opf
# Stage nOptItr nSimReps
#     0    5000        0
# algorithm          : deterministic
# ignoring probs <=  : 0
# Branch length floor: 0
# DE strategy        : 2
#    F               : 0.3
#    CR              : 0.8
#    tolerance       : 3e-06
# nthreads           : 32
# lgo input file     : bdf2.lgo
# site pat input file: ../../chrX/boot_chrX/boot0.opf
# free parameters    : 13
# points in DE swarm : 39
# output state file  : b1boot0.state
# Including singleton site patterns.
# cost function      : KL
Initial parameter values
Fixed:
      zero = 0
       one = 1
    Tbecnw = 75200
Free:
       pc1 = 0
       pc2 = 0
       pc3 = 0
       pc4 = 0
       pc5 = 0
       pc6 = 0
       pc7 = 0
       pc8 = 0
       pc9 = 0
      pc10 = 0
      pc11 = 0
      pc12 = 0
      pc13 = 0
Constrained:
     Tecnw = 30651.8
       Tnw = 8357.44
       Tec = 79.5307
     twoNb = 592335
     twoNc = 76588.4
     twoNw = 490604
    twoNec = 213789
    twoNnw = 105540
  twoNecnw = 33058.6
  twoNbecnw = 48759.6
        m2 = 0.000129631
        m4 = 0.0155114
        m6 = 7.11376e-05
        Tb = 15365.7
        Td = 39.7654
        Tf = 19.8827
DiffEv reached_goal. cost=3.34797e-03 spread=2.60759e-06
Fitted parameter values
Free:
       pc1 = -3.1243
       pc2 = -1.98132
       pc3 = 1.27355
       pc4 = 0.153909
       pc5 = 0.443746
       pc6 = 1.79519
       pc7 = 1.03071
       pc8 = 1.51444
       pc9 = -1.27845
      pc10 = 1.31916
      pc11 = 0.0615496
      pc12 = 0.537252
      pc13 = 0.101889
Constrained:
     Tecnw = 31275.7
       Tnw = 5160.27
       Tec = 5.64949
     twoNb = 1.27424e+06
     twoNc = 75996.3
     twoNw = 488494
    twoNec = 217808
    twoNnw = 125681
  twoNecnw = 32718.7
  twoNbecnw = 49691.9
        m2 = 0.000480339
        m4 = 0.0202007
        m6 = 2.91931e-05
        Tb = 15640.7
        Td = 2.82474
        Tf = 1.41237
#       SitePat  BranchLen
              b 117202.8822201
              e 44492.4158241
              c 45448.2166248
              n 42756.7208418
              w 42756.7073565
            b:e 1270.6940868
            b:c 1597.9892018
            b:n 1141.9525378
            b:w 1141.9519988
            e:c 10769.6838611
            e:n 3937.3617064
            e:w 3937.3589895
            c:n 3791.9746488
            c:w 3791.9881342
            n:w 12052.6179360
          b:e:c 1305.6170314
          b:e:n 613.3233940
          b:e:w 613.3228551
          b:c:n 615.3563556
          b:c:w 615.3568945
          b:n:w 1302.4119376
          e:c:n 4921.6184287
          e:c:w 4921.6211456
          e:n:w 6287.9964582
          c:n:w 5521.5146868
        b:e:c:n 1144.0625940
        b:e:c:w 1144.0631330
        b:e:n:w 1502.1512146
        b:c:n:w 1272.2279821
        e:c:n:w 45622.0727148
