########################################
# legofit: estimate population history #
#       version 2.3.4-4-g53f8760       #
########################################

# Program was compiled: Sep 21 2021 14:36:42
# Program was run: Sun Oct 10 22:52:28 2021

# cmd: legofit -1 -d 0 -t 32 --ptsPerDim 3 --stateOut b1boot34.state --tol 3e-6 -S 5000 bdf2.lgo ../../chrX/boot_chrX/boot34.opf
# Stage nOptItr nSimReps
#     0    5000        0
# algorithm          : deterministic
# ignoring probs <=  : 0
# Branch length floor: 0
# DE strategy        : 2
#    F               : 0.3
#    CR              : 0.8
#    tolerance       : 3e-06
# nthreads           : 32
# lgo input file     : bdf2.lgo
# site pat input file: ../../chrX/boot_chrX/boot34.opf
# free parameters    : 13
# points in DE swarm : 39
# output state file  : b1boot34.state
# Including singleton site patterns.
# cost function      : KL
Initial parameter values
Fixed:
      zero = 0
       one = 1
    Tbecnw = 75200
Free:
       pc1 = 0
       pc2 = 0
       pc3 = 0
       pc4 = 0
       pc5 = 0
       pc6 = 0
       pc7 = 0
       pc8 = 0
       pc9 = 0
      pc10 = 0
      pc11 = 0
      pc12 = 0
      pc13 = 0
Constrained:
     Tecnw = 30651.8
       Tnw = 8357.44
       Tec = 79.5307
     twoNb = 592335
     twoNc = 76588.4
     twoNw = 490604
    twoNec = 213789
    twoNnw = 105540
  twoNecnw = 33058.6
  twoNbecnw = 48759.6
        m2 = 0.000129631
        m4 = 0.0155114
        m6 = 7.11376e-05
        Tb = 15365.7
        Td = 39.7654
        Tf = 19.8827
DiffEv reached_goal. cost=3.11306e-03 spread=2.31906e-06
Fitted parameter values
Free:
       pc1 = -3.97235
       pc2 = -1.98179
       pc3 = -1.30869
       pc4 = -0.297875
       pc5 = 1.62759
       pc6 = -0.705019
       pc7 = 1.25856
       pc8 = 0.787953
       pc9 = -1.94659
      pc10 = 0.791564
      pc11 = 0.894346
      pc12 = 0.478043
      pc13 = -0.109142
Constrained:
     Tecnw = 31226
       Tnw = 2940.3
       Tec = 5.5785
     twoNb = 1.11531e+06
     twoNc = 54329.7
     twoNw = 688499
    twoNec = 207926
    twoNnw = 144436
  twoNecnw = 31598.3
  twoNbecnw = 48899.1
        m2 = 2.90645e-05
        m4 = 0.019691
        m6 = 1.52662e-05
        Tb = 15615.8
        Td = 2.78925
        Tf = 1.39462
#       SitePat  BranchLen
              b 116879.7477412
              e 43700.7377173
              c 44631.6937258
              n 42383.7886539
              w 42383.7857526
            b:e 1170.0024007
            b:c 1499.6527646
            b:n 1086.5926460
            b:w 1086.5925376
            e:c 10648.4877402
            e:n 3843.8346366
            e:w 3843.8340692
            c:n 3702.7517888
            c:w 3702.7546900
            n:w 11699.1267680
          b:e:c 1217.4355588
          b:e:n 577.3988091
          b:e:w 577.3987007
          b:c:n 579.5376972
          b:c:w 579.5378055
          b:n:w 1214.3553820
          e:c:n 4881.3271417
          e:c:w 4881.3277090
          e:n:w 6049.2223392
          c:n:w 5288.8394070
        b:e:c:n 1088.7365725
        b:e:c:w 1088.7366808
        b:e:n:w 1395.3074402
        b:c:n:w 1172.9682339
        e:c:n:w 46250.2134549
