########################################
# legofit: estimate population history #
#       version 2.3.4-4-g53f8760       #
########################################

# Program was compiled: Sep 21 2021 14:36:42
# Program was run: Sun Oct 10 22:52:04 2021

# cmd: legofit -1 -d 0 -t 32 --ptsPerDim 3 --stateOut b1boot3.state --tol 3e-6 -S 5000 bdf2.lgo ../../chrX/boot_chrX/boot3.opf
# Stage nOptItr nSimReps
#     0    5000        0
# algorithm          : deterministic
# ignoring probs <=  : 0
# Branch length floor: 0
# DE strategy        : 2
#    F               : 0.3
#    CR              : 0.8
#    tolerance       : 3e-06
# nthreads           : 32
# lgo input file     : bdf2.lgo
# site pat input file: ../../chrX/boot_chrX/boot3.opf
# free parameters    : 13
# points in DE swarm : 39
# output state file  : b1boot3.state
# Including singleton site patterns.
# cost function      : KL
Initial parameter values
Fixed:
      zero = 0
       one = 1
    Tbecnw = 75200
Free:
       pc1 = 0
       pc2 = 0
       pc3 = 0
       pc4 = 0
       pc5 = 0
       pc6 = 0
       pc7 = 0
       pc8 = 0
       pc9 = 0
      pc10 = 0
      pc11 = 0
      pc12 = 0
      pc13 = 0
Constrained:
     Tecnw = 30651.8
       Tnw = 8357.44
       Tec = 79.5307
     twoNb = 592335
     twoNc = 76588.4
     twoNw = 490604
    twoNec = 213789
    twoNnw = 105540
  twoNecnw = 33058.6
  twoNbecnw = 48759.6
        m2 = 0.000129631
        m4 = 0.0155114
        m6 = 7.11376e-05
        Tb = 15365.7
        Td = 39.7654
        Tf = 19.8827
DiffEv reached_goal. cost=3.38994e-03 spread=2.77329e-06
Fitted parameter values
Free:
       pc1 = -3.53055
       pc2 = -1.97385
       pc3 = 0.0914648
       pc4 = 0.782124
       pc5 = 0.725572
       pc6 = 1.13294
       pc7 = 0.199785
       pc8 = 1.04791
       pc9 = -1.70491
      pc10 = 1.05588
      pc11 = 0.225841
      pc12 = 0.827355
      pc13 = -0.135626
Constrained:
     Tecnw = 31364.2
       Tnw = 4371.59
       Tec = 16.8902
     twoNb = 1.15053e+06
     twoNc = 149864
     twoNw = 494161
    twoNec = 214307
    twoNnw = 136288
  twoNecnw = 32333.1
  twoNbecnw = 48968.7
        m2 = 0.000372842
        m4 = 0.0197553
        m6 = 3.4626e-05
        Tb = 15690.5
        Td = 8.44508
        Tf = 4.22254
#       SitePat  BranchLen
              b 116679.5013169
              e 44260.6951185
              c 45184.7712363
              n 42845.1369896
              w 42845.1234524
            b:e 1225.2428377
            b:c 1550.5844836
            b:n 1123.0174990
            b:w 1123.0169733
            e:c 10699.8282310
            e:n 3913.6640138
            e:w 3913.6613228
            c:n 3771.2298970
            c:w 3771.2434342
            n:w 11779.3886840
          b:e:c 1262.0247142
          b:e:n 600.4564591
          b:e:w 600.4559333
          b:c:n 602.6119609
          b:c:w 602.6124866
          b:n:w 1258.7277110
          e:c:n 4918.9761810
          e:c:w 4918.9788721
          e:n:w 6146.7839518
          c:n:w 5398.8923623
        b:e:c:n 1125.2378668
        b:e:c:w 1125.2383925
        b:e:n:w 1448.1065423
        b:c:n:w 1227.1203184
        e:c:n:w 45394.6050587
