########################################
# legofit: estimate population history #
#       version 2.3.4-4-g53f8760       #
########################################

# Program was compiled: Sep 21 2021 14:36:42
# Program was run: Sun Oct 10 22:52:32 2021

# cmd: legofit -1 -d 0 -t 32 --ptsPerDim 3 --stateOut b1boot38.state --tol 3e-6 -S 5000 bdf2.lgo ../../chrX/boot_chrX/boot38.opf
# Stage nOptItr nSimReps
#     0    5000        0
# algorithm          : deterministic
# ignoring probs <=  : 0
# Branch length floor: 0
# DE strategy        : 2
#    F               : 0.3
#    CR              : 0.8
#    tolerance       : 3e-06
# nthreads           : 32
# lgo input file     : bdf2.lgo
# site pat input file: ../../chrX/boot_chrX/boot38.opf
# free parameters    : 13
# points in DE swarm : 39
# output state file  : b1boot38.state
# Including singleton site patterns.
# cost function      : KL
Initial parameter values
Fixed:
      zero = 0
       one = 1
    Tbecnw = 75200
Free:
       pc1 = 0
       pc2 = 0
       pc3 = 0
       pc4 = 0
       pc5 = 0
       pc6 = 0
       pc7 = 0
       pc8 = 0
       pc9 = 0
      pc10 = 0
      pc11 = 0
      pc12 = 0
      pc13 = 0
Constrained:
     Tecnw = 30651.8
       Tnw = 8357.44
       Tec = 79.5307
     twoNb = 592335
     twoNc = 76588.4
     twoNw = 490604
    twoNec = 213789
    twoNnw = 105540
  twoNecnw = 33058.6
  twoNbecnw = 48759.6
        m2 = 0.000129631
        m4 = 0.0155114
        m6 = 7.11376e-05
        Tb = 15365.7
        Td = 39.7654
        Tf = 19.8827
DiffEv reached_goal. cost=3.48385e-03 spread=2.54090e-06
Fitted parameter values
Free:
       pc1 = -3.79613
       pc2 = -1.98837
       pc3 = 0.954962
       pc4 = -0.321096
       pc5 = 0.878915
       pc6 = 1.79602
       pc7 = 1.75897
       pc8 = 0.215985
       pc9 = -1.94219
      pc10 = 0.860806
      pc11 = 1.5916
      pc12 = 0.204162
      pc13 = -0.0267912
Constrained:
     Tecnw = 31013.1
       Tnw = 4511.95
       Tec = 19.3295
     twoNb = 1.38641e+06
     twoNc = 42719.5
     twoNw = 560570
    twoNec = 220581
    twoNnw = 134911
  twoNecnw = 31810.8
  twoNbecnw = 49732.9
        m2 = 0.000451577
        m4 = 0.0189434
        m6 = 7.81806e-05
        Tb = 15516.2
        Td = 9.66474
        Tf = 4.83237
#       SitePat  BranchLen
              b 117579.3332603
              e 43920.7242624
              c 44840.8336752
              n 42400.2869382
              w 42400.2594405
            b:e 1210.8832552
            b:c 1515.8079183
            b:n 1102.0268523
            b:w 1102.0257893
            e:c 10448.7192414
            e:n 3912.4845419
            e:w 3912.4790269
            c:n 3776.3530433
            c:w 3776.3805411
            n:w 11587.0315140
          b:e:c 1230.9589656
          b:e:n 594.1949070
          b:e:w 594.1938439
          b:c:n 595.8910613
          b:c:w 595.8921243
          b:n:w 1228.3304062
          e:c:n 4896.4475739
          e:c:w 4896.4530889
          e:n:w 6151.7345972
          c:n:w 5416.2223045
        b:e:c:n 1103.7876219
        b:e:c:w 1103.7886850
        b:e:n:w 1432.7444829
        b:c:n:w 1212.0582496
        e:c:n:w 46792.3233288
