########################################
# legofit: estimate population history #
#       version 2.3.4-4-g53f8760       #
########################################

# Program was compiled: Sep 21 2021 14:36:42
# Program was run: Sun Oct 10 22:52:05 2021

# cmd: legofit -1 -d 0 -t 32 --ptsPerDim 3 --stateOut b1boot1.state --tol 3e-6 -S 5000 bdf2.lgo ../../chrX/boot_chrX/boot1.opf
# Stage nOptItr nSimReps
#     0    5000        0
# algorithm          : deterministic
# ignoring probs <=  : 0
# Branch length floor: 0
# DE strategy        : 2
#    F               : 0.3
#    CR              : 0.8
#    tolerance       : 3e-06
# nthreads           : 32
# lgo input file     : bdf2.lgo
# site pat input file: ../../chrX/boot_chrX/boot1.opf
# free parameters    : 13
# points in DE swarm : 39
# output state file  : b1boot1.state
# Including singleton site patterns.
# cost function      : KL
Initial parameter values
Fixed:
      zero = 0
       one = 1
    Tbecnw = 75200
Free:
       pc1 = 0
       pc2 = 0
       pc3 = 0
       pc4 = 0
       pc5 = 0
       pc6 = 0
       pc7 = 0
       pc8 = 0
       pc9 = 0
      pc10 = 0
      pc11 = 0
      pc12 = 0
      pc13 = 0
Constrained:
     Tecnw = 30651.8
       Tnw = 8357.44
       Tec = 79.5307
     twoNb = 592335
     twoNc = 76588.4
     twoNw = 490604
    twoNec = 213789
    twoNnw = 105540
  twoNecnw = 33058.6
  twoNbecnw = 48759.6
        m2 = 0.000129631
        m4 = 0.0155114
        m6 = 7.11376e-05
        Tb = 15365.7
        Td = 39.7654
        Tf = 19.8827
DiffEv reached_goal. cost=3.45081e-03 spread=2.60587e-06
Fitted parameter values
Free:
       pc1 = -3.99495
       pc2 = -1.9624
       pc3 = 1.32107
       pc4 = 0.31844
       pc5 = 1.71504
       pc6 = -0.888578
       pc7 = 0.872136
       pc8 = 1.90152
       pc9 = -1.68481
      pc10 = 1.5432
      pc11 = 0.0997967
      pc12 = 0.863058
      pc13 = 0.0139381
Constrained:
     Tecnw = 31677.2
       Tnw = 2902.97
       Tec = 9.01455
     twoNb = 1.22891e+06
     twoNc = 66417.4
     twoNw = 492678
    twoNec = 212232
    twoNnw = 141480
  twoNecnw = 32538.6
  twoNbecnw = 50035.1
        m2 = 2.36465e-05
        m4 = 0.020999
        m6 = 5.92575e-05
        Tb = 15843.1
        Td = 4.50728
        Tf = 2.25364
#       SitePat  BranchLen
              b 117456.3802604
              e 44619.0157169
              c 45607.3715239
              n 42991.7240114
              w 42991.7082464
            b:e 1269.6027777
            b:c 1614.5152146
            b:n 1163.9438311
            b:w 1163.9432098
            e:c 10917.9679901
            e:n 3930.4922031
            e:w 3930.4891090
            c:n 3779.2207942
            c:w 3779.2365592
            n:w 12202.9187233
          b:e:c 1322.4634641
          b:e:n 619.8848172
          b:e:w 619.8841959
          b:c:n 622.1101290
          b:c:w 622.1107503
          b:n:w 1319.2213705
          e:c:n 4964.0609299
          e:c:w 4964.0640240
          e:n:w 6253.2877127
          c:n:w 5457.7624570
        b:e:c:n 1166.1731258
        b:e:c:w 1166.1737471
        b:e:n:w 1512.4306040
        b:c:n:w 1272.7597081
        e:c:n:w 45655.6067883
