########################################
# legofit: estimate population history #
#       version 2.3.4-4-g53f8760       #
########################################

# Program was compiled: Sep 21 2021 14:36:42
# Program was run: Sun Oct 10 22:52:04 2021

# cmd: legofit -1 -d 0 -t 32 --ptsPerDim 3 --stateOut b1boot2.state --tol 3e-6 -S 5000 bdf2.lgo ../../chrX/boot_chrX/boot2.opf
# Stage nOptItr nSimReps
#     0    5000        0
# algorithm          : deterministic
# ignoring probs <=  : 0
# Branch length floor: 0
# DE strategy        : 2
#    F               : 0.3
#    CR              : 0.8
#    tolerance       : 3e-06
# nthreads           : 32
# lgo input file     : bdf2.lgo
# site pat input file: ../../chrX/boot_chrX/boot2.opf
# free parameters    : 13
# points in DE swarm : 39
# output state file  : b1boot2.state
# Including singleton site patterns.
# cost function      : KL
Initial parameter values
Fixed:
      zero = 0
       one = 1
    Tbecnw = 75200
Free:
       pc1 = 0
       pc2 = 0
       pc3 = 0
       pc4 = 0
       pc5 = 0
       pc6 = 0
       pc7 = 0
       pc8 = 0
       pc9 = 0
      pc10 = 0
      pc11 = 0
      pc12 = 0
      pc13 = 0
Constrained:
     Tecnw = 30651.8
       Tnw = 8357.44
       Tec = 79.5307
     twoNb = 592335
     twoNc = 76588.4
     twoNw = 490604
    twoNec = 213789
    twoNnw = 105540
  twoNecnw = 33058.6
  twoNbecnw = 48759.6
        m2 = 0.000129631
        m4 = 0.0155114
        m6 = 7.11376e-05
        Tb = 15365.7
        Td = 39.7654
        Tf = 19.8827
DiffEv reached_goal. cost=3.40223e-03 spread=2.53180e-06
Fitted parameter values
Free:
       pc1 = -3.97231
       pc2 = -1.98909
       pc3 = 0.934441
       pc4 = 0.490027
       pc5 = -0.312461
       pc6 = -0.0311324
       pc7 = 0.307075
       pc8 = 0.912972
       pc9 = -1.7797
      pc10 = 1.45021
      pc11 = 0.0520677
      pc12 = 0.93917
      pc13 = 0.210348
Constrained:
     Tecnw = 31436.1
       Tnw = 2764.95
       Tec = 8.41975
     twoNb = 1.16497e+06
     twoNc = 82095
     twoNw = 135498
    twoNec = 215547
    twoNnw = 138293
  twoNecnw = 32501.7
  twoNbecnw = 48997.7
        m2 = 0.000262562
        m4 = 0.0202709
        m6 = 4.83423e-05
        Tb = 15722.2
        Td = 4.20987
        Tf = 2.10494
#       SitePat  BranchLen
              b 116644.0837667
              e 44442.8911391
              c 45387.2132453
              n 42577.4188753
              w 42577.3750167
            b:e 1241.9369722
            b:c 1574.1028640
            b:n 1123.2907119
            b:w 1123.2890271
            e:c 10766.7056391
            e:n 3895.9421229
            e:w 3895.9335546
            c:n 3750.9254469
            c:w 3750.9693055
            n:w 12215.7218210
          b:e:c 1284.2404596
          b:e:n 601.1457848
          b:e:w 601.1441000
          b:c:n 603.3313700
          b:c:w 603.3330547
          b:n:w 1280.9078420
          e:c:n 4885.4596881
          e:c:w 4885.4682564
          e:n:w 6212.5174490
          c:n:w 5447.9647368
        b:e:c:n 1125.5214271
        b:e:c:w 1125.5231119
        b:e:n:w 1470.6113295
        b:c:n:w 1244.2824289
        e:c:n:w 45211.7032162
