########################################
# legofit: estimate population history #
#       version 2.3.4-4-g53f8760       #
########################################

# Program was compiled: Sep 21 2021 14:36:42
# Program was run: Sun Oct 10 22:52:19 2021

# cmd: legofit -1 -d 0 -t 32 --ptsPerDim 3 --stateOut b1boot22.state --tol 3e-6 -S 5000 bdf2.lgo ../../chrX/boot_chrX/boot22.opf
# Stage nOptItr nSimReps
#     0    5000        0
# algorithm          : deterministic
# ignoring probs <=  : 0
# Branch length floor: 0
# DE strategy        : 2
#    F               : 0.3
#    CR              : 0.8
#    tolerance       : 3e-06
# nthreads           : 32
# lgo input file     : bdf2.lgo
# site pat input file: ../../chrX/boot_chrX/boot22.opf
# free parameters    : 13
# points in DE swarm : 39
# output state file  : b1boot22.state
# Including singleton site patterns.
# cost function      : KL
Initial parameter values
Fixed:
      zero = 0
       one = 1
    Tbecnw = 75200
Free:
       pc1 = 0
       pc2 = 0
       pc3 = 0
       pc4 = 0
       pc5 = 0
       pc6 = 0
       pc7 = 0
       pc8 = 0
       pc9 = 0
      pc10 = 0
      pc11 = 0
      pc12 = 0
      pc13 = 0
Constrained:
     Tecnw = 30651.8
       Tnw = 8357.44
       Tec = 79.5307
     twoNb = 592335
     twoNc = 76588.4
     twoNw = 490604
    twoNec = 213789
    twoNnw = 105540
  twoNecnw = 33058.6
  twoNbecnw = 48759.6
        m2 = 0.000129631
        m4 = 0.0155114
        m6 = 7.11376e-05
        Tb = 15365.7
        Td = 39.7654
        Tf = 19.8827
DiffEv reached_goal. cost=3.23008e-03 spread=2.35404e-06
Fitted parameter values
Free:
       pc1 = -3.14517
       pc2 = -1.9752
       pc3 = 0.396105
       pc4 = 0.903763
       pc5 = -0.260705
       pc6 = -0.0768019
       pc7 = -0.0344769
       pc8 = 1.12163
       pc9 = -1.91991
      pc10 = 1.2311
      pc11 = -0.182562
      pc12 = 0.411199
      pc13 = 0.125641
Constrained:
     Tecnw = 31244.3
       Tnw = 3595.54
       Tec = 17.2004
     twoNb = 1.05776e+06
     twoNc = 142292
     twoNw = 175372
    twoNec = 212938
    twoNnw = 134723
  twoNecnw = 32612.6
  twoNbecnw = 48970.5
        m2 = 0.000215519
        m4 = 0.020565
        m6 = 2.68745e-05
        Tb = 15630.8
        Td = 8.6002
        Tf = 4.3001
#       SitePat  BranchLen
              b 116616.8360799
              e 44273.6766221
              c 45226.0808660
              n 42581.0584106
              w 42581.0341428
            b:e 1236.5852435
            b:c 1582.2747764
            b:n 1123.8727113
            b:w 1123.8717706
            e:c 10783.8361130
            e:n 3910.7434912
            e:w 3910.7386883
            c:n 3762.5965972
            c:w 3762.6208650
            n:w 12089.6226324
          b:e:c 1280.6511775
          b:e:n 600.7262860
          b:e:w 600.7253452
          b:c:n 603.1619488
          b:c:w 603.1628895
          b:n:w 1276.9799075
          e:c:n 4906.3177260
          e:c:w 4906.3225289
          e:n:w 6221.1301528
          c:n:w 5442.2290671
        b:e:c:n 1126.3491390
        b:e:c:w 1126.3500798
        b:e:n:w 1467.1657044
        b:c:n:w 1239.3645234
        e:c:n:w 45256.7592851
