########################################
# legofit: estimate population history #
#       version 2.3.4-4-g53f8760       #
########################################

# Program was compiled: Sep 21 2021 14:36:42
# Program was run: Sun Oct 10 22:52:37 2021

# cmd: legofit -1 -d 0 -t 32 --ptsPerDim 3 --stateOut b1boot42.state --tol 3e-6 -S 5000 bdf2.lgo ../../chrX/boot_chrX/boot42.opf
# Stage nOptItr nSimReps
#     0    5000        0
# algorithm          : deterministic
# ignoring probs <=  : 0
# Branch length floor: 0
# DE strategy        : 2
#    F               : 0.3
#    CR              : 0.8
#    tolerance       : 3e-06
# nthreads           : 32
# lgo input file     : bdf2.lgo
# site pat input file: ../../chrX/boot_chrX/boot42.opf
# free parameters    : 13
# points in DE swarm : 39
# output state file  : b1boot42.state
# Including singleton site patterns.
# cost function      : KL
Initial parameter values
Fixed:
      zero = 0
       one = 1
    Tbecnw = 75200
Free:
       pc1 = 0
       pc2 = 0
       pc3 = 0
       pc4 = 0
       pc5 = 0
       pc6 = 0
       pc7 = 0
       pc8 = 0
       pc9 = 0
      pc10 = 0
      pc11 = 0
      pc12 = 0
      pc13 = 0
Constrained:
     Tecnw = 30651.8
       Tnw = 8357.44
       Tec = 79.5307
     twoNb = 592335
     twoNc = 76588.4
     twoNw = 490604
    twoNec = 213789
    twoNnw = 105540
  twoNecnw = 33058.6
  twoNbecnw = 48759.6
        m2 = 0.000129631
        m4 = 0.0155114
        m6 = 7.11376e-05
        Tb = 15365.7
        Td = 39.7654
        Tf = 19.8827
DiffEv reached_goal. cost=3.28955e-03 spread=2.44611e-06
Fitted parameter values
Free:
       pc1 = -3.99497
       pc2 = -1.96293
       pc3 = 0.555192
       pc4 = -0.189087
       pc5 = 1.15159
       pc6 = 1.75392
       pc7 = 1.57867
       pc8 = 0.948687
       pc9 = -1.96655
      pc10 = 1.45598
      pc11 = 0.33572
      pc12 = 0.703639
      pc13 = -0.147722
Constrained:
     Tecnw = 31337.8
       Tnw = 4549
       Tec = 1.56176
     twoNb = 1.32935e+06
     twoNc = 57737.6
     twoNw = 643869
    twoNec = 220723
    twoNnw = 136645
  twoNecnw = 32087.1
  twoNbecnw = 49471.1
        m2 = 0.000420785
        m4 = 0.0206336
        m6 = 1.8412e-05
        Tb = 15669.7
        Td = 0.78088
        Tf = 0.39044
#       SitePat  BranchLen
              b 117173.8213493
              e 44291.0220717
              c 45277.4726779
              n 42810.2749232
              w 42810.2691784
            b:e 1228.6967593
            b:c 1560.6163289
            b:n 1121.4766687
            b:w 1121.4764448
            e:c 10536.5082966
            e:n 3933.0803552
            e:w 3933.0792091
            c:n 3784.3701494
            c:w 3784.3758942
            n:w 11664.4588161
          b:e:c 1253.2365445
          b:e:n 603.9188565
          b:e:w 603.9186326
          b:c:n 605.8781945
          b:c:w 605.8784184
          b:n:w 1250.2372274
          e:c:n 4909.6495912
          e:c:w 4909.6507373
          e:n:w 6200.8366856
          c:n:w 5412.6206629
        b:e:c:n 1123.4996702
        b:e:c:w 1123.4998941
        b:e:n:w 1466.9552592
        b:c:n:w 1230.2955030
        e:c:n:w 45955.8531883
