########################################
# legofit: estimate population history #
#       version 2.3.4-4-g53f8760       #
########################################

# Program was compiled: Sep 21 2021 14:36:42
# Program was run: Sun Oct 10 22:52:37 2021

# cmd: legofit -1 -d 0 -t 32 --ptsPerDim 3 --stateOut b1boot47.state --tol 3e-6 -S 5000 bdf2.lgo ../../chrX/boot_chrX/boot47.opf
# Stage nOptItr nSimReps
#     0    5000        0
# algorithm          : deterministic
# ignoring probs <=  : 0
# Branch length floor: 0
# DE strategy        : 2
#    F               : 0.3
#    CR              : 0.8
#    tolerance       : 3e-06
# nthreads           : 32
# lgo input file     : bdf2.lgo
# site pat input file: ../../chrX/boot_chrX/boot47.opf
# free parameters    : 13
# points in DE swarm : 39
# output state file  : b1boot47.state
# Including singleton site patterns.
# cost function      : KL
Initial parameter values
Fixed:
      zero = 0
       one = 1
    Tbecnw = 75200
Free:
       pc1 = 0
       pc2 = 0
       pc3 = 0
       pc4 = 0
       pc5 = 0
       pc6 = 0
       pc7 = 0
       pc8 = 0
       pc9 = 0
      pc10 = 0
      pc11 = 0
      pc12 = 0
      pc13 = 0
Constrained:
     Tecnw = 30651.8
       Tnw = 8357.44
       Tec = 79.5307
     twoNb = 592335
     twoNc = 76588.4
     twoNw = 490604
    twoNec = 213789
    twoNnw = 105540
  twoNecnw = 33058.6
  twoNbecnw = 48759.6
        m2 = 0.000129631
        m4 = 0.0155114
        m6 = 7.11376e-05
        Tb = 15365.7
        Td = 39.7654
        Tf = 19.8827
DiffEv reached_goal. cost=3.36270e-03 spread=2.87557e-06
Fitted parameter values
Free:
       pc1 = -3.95536
       pc2 = -1.97234
       pc3 = -1.44877
       pc4 = -0.684838
       pc5 = 0.78844
       pc6 = -0.807723
       pc7 = 0.635172
       pc8 = -0.153994
       pc9 = -1.96372
      pc10 = 1.82872
      pc11 = -0.0418776
      pc12 = 0.924235
      pc13 = -0.0902061
Constrained:
     Tecnw = 31248.2
       Tnw = 2247.1
       Tec = 5.37774
     twoNb = 1.06945e+06
     twoNc = 33697.8
     twoNw = 543282
    twoNec = 214834
    twoNnw = 148658
  twoNecnw = 31931.1
  twoNbecnw = 47710.1
        m2 = 5.88022e-06
        m4 = 0.0203324
        m6 = 1.93999e-06
        Tb = 15626.8
        Td = 2.68887
        Tf = 1.34443
#       SitePat  BranchLen
              b 115743.7185394
              e 43925.8623894
              c 44866.9438399
              n 42410.6737542
              w 42410.6733940
            b:e 1163.5682093
            b:c 1499.4261376
            b:n 1074.3564962
            b:w 1074.3564830
            e:c 10512.7406312
            e:n 3866.1732181
            e:w 3866.1731484
            c:n 3720.3998863
            c:w 3720.4002465
            n:w 11732.3792917
          b:e:c 1199.9005967
          b:e:n 575.1165028
          b:e:w 575.1164896
          b:c:n 577.3967995
          b:c:w 577.3968127
          b:n:w 1196.6346309
          e:c:n 4843.2942429
          e:c:w 4843.2943126
          e:n:w 6052.5578979
          c:n:w 5284.6423278
        b:e:c:n 1076.6378454
        b:e:c:w 1076.6378586
        b:e:n:w 1388.8486442
        b:c:n:w 1166.8104492
        e:c:n:w 45000.0005079
