########################################
# legofit: estimate population history #
#       version 2.3.4-4-g53f8760       #
########################################

# Program was compiled: Sep 21 2021 14:36:42
# Program was run: Sun Oct 10 22:52:32 2021

# cmd: legofit -1 -d 0 -t 32 --ptsPerDim 3 --stateOut b1boot36.state --tol 3e-6 -S 5000 bdf2.lgo ../../chrX/boot_chrX/boot36.opf
# Stage nOptItr nSimReps
#     0    5000        0
# algorithm          : deterministic
# ignoring probs <=  : 0
# Branch length floor: 0
# DE strategy        : 2
#    F               : 0.3
#    CR              : 0.8
#    tolerance       : 3e-06
# nthreads           : 32
# lgo input file     : bdf2.lgo
# site pat input file: ../../chrX/boot_chrX/boot36.opf
# free parameters    : 13
# points in DE swarm : 39
# output state file  : b1boot36.state
# Including singleton site patterns.
# cost function      : KL
Initial parameter values
Fixed:
      zero = 0
       one = 1
    Tbecnw = 75200
Free:
       pc1 = 0
       pc2 = 0
       pc3 = 0
       pc4 = 0
       pc5 = 0
       pc6 = 0
       pc7 = 0
       pc8 = 0
       pc9 = 0
      pc10 = 0
      pc11 = 0
      pc12 = 0
      pc13 = 0
Constrained:
     Tecnw = 30651.8
       Tnw = 8357.44
       Tec = 79.5307
     twoNb = 592335
     twoNc = 76588.4
     twoNw = 490604
    twoNec = 213789
    twoNnw = 105540
  twoNecnw = 33058.6
  twoNbecnw = 48759.6
        m2 = 0.000129631
        m4 = 0.0155114
        m6 = 7.11376e-05
        Tb = 15365.7
        Td = 39.7654
        Tf = 19.8827
DiffEv reached_goal. cost=3.37903e-03 spread=2.17022e-06
Fitted parameter values
Free:
       pc1 = -2.86627
       pc2 = -1.9642
       pc3 = 0.843266
       pc4 = -0.581597
       pc5 = 0.297598
       pc6 = 1.64467
       pc7 = 1.50398
       pc8 = 0.634316
       pc9 = -1.34383
      pc10 = 1.528
      pc11 = 1.21969
      pc12 = 0.379939
      pc13 = 0.017023
Constrained:
     Tecnw = 30962.9
       Tnw = 5303.59
       Tec = 32.3926
     twoNb = 1.39145e+06
     twoNc = 25820.7
     twoNw = 512286
    twoNec = 219365
    twoNnw = 127759
  twoNecnw = 32372.7
  twoNbecnw = 49346.4
        m2 = 0.000404579
        m4 = 0.0183066
        m6 = 4.03525e-05
        Tb = 15497.7
        Td = 16.1963
        Tf = 8.09815
#       SitePat  BranchLen
              b 117109.4599650
              e 44070.6019090
              c 44950.6425097
              n 42504.1404074
              w 42504.1222938
            b:e 1230.1477040
            b:c 1520.8789964
            b:n 1114.0032319
            b:w 1114.0025200
            e:c 10574.9744589
            e:n 3929.0452980
            e:w 3929.0416293
            c:n 3797.0940180
            c:w 3797.1121316
            n:w 11718.8480020
          b:e:c 1254.6702866
          b:e:n 599.9277242
          b:e:w 599.9270122
          b:c:n 601.5783834
          b:c:w 601.5790953
          b:n:w 1252.1097878
          e:c:n 4911.8200159
          e:c:w 4911.8236847
          e:n:w 6167.8796684
          c:n:w 5467.7086032
        b:e:c:n 1115.7121943
        b:e:c:w 1115.7129063
        b:e:n:w 1441.4399497
        b:c:n:w 1231.4171572
        e:c:n:w 46049.8424729
