########################################
# legofit: estimate population history #
#       version 2.3.4-4-g53f8760       #
########################################

# Program was compiled: Sep 21 2021 14:36:42
# Program was run: Sun Oct 10 22:52:05 2021

# cmd: legofit -1 -d 0 -t 32 --ptsPerDim 3 --stateOut b1boot5.state --tol 3e-6 -S 5000 bdf2.lgo ../../chrX/boot_chrX/boot5.opf
# Stage nOptItr nSimReps
#     0    5000        0
# algorithm          : deterministic
# ignoring probs <=  : 0
# Branch length floor: 0
# DE strategy        : 2
#    F               : 0.3
#    CR              : 0.8
#    tolerance       : 3e-06
# nthreads           : 32
# lgo input file     : bdf2.lgo
# site pat input file: ../../chrX/boot_chrX/boot5.opf
# free parameters    : 13
# points in DE swarm : 39
# output state file  : b1boot5.state
# Including singleton site patterns.
# cost function      : KL
Initial parameter values
Fixed:
      zero = 0
       one = 1
    Tbecnw = 75200
Free:
       pc1 = 0
       pc2 = 0
       pc3 = 0
       pc4 = 0
       pc5 = 0
       pc6 = 0
       pc7 = 0
       pc8 = 0
       pc9 = 0
      pc10 = 0
      pc11 = 0
      pc12 = 0
      pc13 = 0
Constrained:
     Tecnw = 30651.8
       Tnw = 8357.44
       Tec = 79.5307
     twoNb = 592335
     twoNc = 76588.4
     twoNw = 490604
    twoNec = 213789
    twoNnw = 105540
  twoNecnw = 33058.6
  twoNbecnw = 48759.6
        m2 = 0.000129631
        m4 = 0.0155114
        m6 = 7.11376e-05
        Tb = 15365.7
        Td = 39.7654
        Tf = 19.8827
DiffEv reached_goal. cost=3.38414e-03 spread=2.76530e-06
Fitted parameter values
Free:
       pc1 = -2.92988
       pc2 = -1.97986
       pc3 = -0.414182
       pc4 = -0.0147536
       pc5 = 0.0682904
       pc6 = 0.292941
       pc7 = -0.640719
       pc8 = 0.623144
       pc9 = -0.165252
      pc10 = 1.79932
      pc11 = -0.408555
      pc12 = 0.454128
      pc13 = -0.119746
Constrained:
     Tecnw = 31158.7
       Tnw = 3179.02
       Tec = 8.63338
     twoNb = 988134
     twoNc = 83342.7
     twoNw = 497370
    twoNec = 211343
    twoNnw = 142341
  twoNecnw = 33087.8
  twoNbecnw = 47981.1
        m2 = 0.000285436
        m4 = 0.0186739
        m6 = 2.42115e-05
        Tb = 15583.7
        Td = 4.31669
        Tf = 2.15835
#       SitePat  BranchLen
              b 115675.3490002
              e 44253.0052204
              c 45100.1047537
              n 42811.1967772
              w 42811.1898350
            b:e 1226.9498198
            b:c 1540.0920555
            b:n 1130.4570358
            b:w 1130.4567683
            e:c 10812.1446590
            e:n 3947.6534679
            e:w 3947.6520956
            c:n 3811.5469208
            c:w 3811.5538630
            n:w 11934.9370615
          b:e:c 1267.2327415
          b:e:n 602.8819750
          b:e:w 602.8817075
          b:c:n 605.2561797
          b:c:w 605.2564473
          b:n:w 1263.6527859
          e:c:n 4954.2736550
          e:c:w 4954.2750273
          e:n:w 6103.3216292
          c:n:w 5410.7012496
        b:e:c:n 1132.8892552
        b:e:c:w 1132.8895228
        b:e:n:w 1429.4483376
        b:c:n:w 1229.2827834
        e:c:n:w 44207.4773019
