########################################
# legofit: estimate population history #
#       version 2.3.4-4-g53f8760       #
########################################

# Program was compiled: Sep 21 2021 14:36:42
# Program was run: Sun Oct 10 22:52:14 2021

# cmd: legofit -1 -d 0 -t 32 --ptsPerDim 3 --stateOut b1boot15.state --tol 3e-6 -S 5000 bdf2.lgo ../../chrX/boot_chrX/boot15.opf
# Stage nOptItr nSimReps
#     0    5000        0
# algorithm          : deterministic
# ignoring probs <=  : 0
# Branch length floor: 0
# DE strategy        : 2
#    F               : 0.3
#    CR              : 0.8
#    tolerance       : 3e-06
# nthreads           : 32
# lgo input file     : bdf2.lgo
# site pat input file: ../../chrX/boot_chrX/boot15.opf
# free parameters    : 13
# points in DE swarm : 39
# output state file  : b1boot15.state
# Including singleton site patterns.
# cost function      : KL
Initial parameter values
Fixed:
      zero = 0
       one = 1
    Tbecnw = 75200
Free:
       pc1 = 0
       pc2 = 0
       pc3 = 0
       pc4 = 0
       pc5 = 0
       pc6 = 0
       pc7 = 0
       pc8 = 0
       pc9 = 0
      pc10 = 0
      pc11 = 0
      pc12 = 0
      pc13 = 0
Constrained:
     Tecnw = 30651.8
       Tnw = 8357.44
       Tec = 79.5307
     twoNb = 592335
     twoNc = 76588.4
     twoNw = 490604
    twoNec = 213789
    twoNnw = 105540
  twoNecnw = 33058.6
  twoNbecnw = 48759.6
        m2 = 0.000129631
        m4 = 0.0155114
        m6 = 7.11376e-05
        Tb = 15365.7
        Td = 39.7654
        Tf = 19.8827
DiffEv reached_goal. cost=3.10162e-03 spread=2.64991e-06
Fitted parameter values
Free:
       pc1 = -2.07974
       pc2 = -1.98877
       pc3 = 3.47629
       pc4 = -0.216513
       pc5 = 1.83637
       pc6 = 0.645769
       pc7 = 1.14194
       pc8 = 1.9302
       pc9 = -0.88282
      pc10 = 1.85725
      pc11 = 0.0423937
      pc12 = -0.402587
      pc13 = 0.022459
Constrained:
     Tecnw = 31182.4
       Tnw = 5490.89
       Tec = 8.00929
     twoNb = 1.35955e+06
     twoNc = 43326.8
     twoNw = 627707
    twoNec = 220173
    twoNnw = 125852
  twoNecnw = 33499.7
  twoNbecnw = 51121.3
        m2 = 0.000187768
        m4 = 0.0209715
        m6 = 0.000109287
        Tb = 15595.2
        Td = 4.00464
        Tf = 2.00232
#       SitePat  BranchLen
              b 118190.5024295
              e 44822.1926286
              c 45825.5164762
              n 43141.2860060
              w 43141.2438476
            b:e 1341.0411492
            b:c 1681.3399229
            b:n 1211.9176895
            b:w 1211.9159131
            e:c 10903.5211195
            e:n 4063.1056996
            e:w 4063.0970217
            c:n 3909.2768887
            c:w 3909.3190471
            n:w 12147.2734847
          b:e:c 1374.4421029
          b:e:n 652.9605985
          b:e:w 652.9588221
          b:c:n 655.0650421
          b:c:w 655.0668185
          b:n:w 1371.2941327
          e:c:n 5057.3363948
          e:c:w 5057.3450727
          e:n:w 6445.1694762
          c:n:w 5648.9729899
        b:e:c:n 1214.0522072
        b:e:c:w 1214.0539837
        b:e:n:w 1587.5974562
        b:c:n:w 1343.5656668
        e:c:n:w 45908.9002020
