########################################
# legofit: estimate population history #
#       version 2.3.4-4-g53f8760       #
########################################

# Program was compiled: Sep 21 2021 14:36:42
# Program was run: Sun Oct 10 22:52:18 2021

# cmd: legofit -1 -d 0 -t 32 --ptsPerDim 3 --stateOut b1boot20.state --tol 3e-6 -S 5000 bdf2.lgo ../../chrX/boot_chrX/boot20.opf
# Stage nOptItr nSimReps
#     0    5000        0
# algorithm          : deterministic
# ignoring probs <=  : 0
# Branch length floor: 0
# DE strategy        : 2
#    F               : 0.3
#    CR              : 0.8
#    tolerance       : 3e-06
# nthreads           : 32
# lgo input file     : bdf2.lgo
# site pat input file: ../../chrX/boot_chrX/boot20.opf
# free parameters    : 13
# points in DE swarm : 39
# output state file  : b1boot20.state
# Including singleton site patterns.
# cost function      : KL
Initial parameter values
Fixed:
      zero = 0
       one = 1
    Tbecnw = 75200
Free:
       pc1 = 0
       pc2 = 0
       pc3 = 0
       pc4 = 0
       pc5 = 0
       pc6 = 0
       pc7 = 0
       pc8 = 0
       pc9 = 0
      pc10 = 0
      pc11 = 0
      pc12 = 0
      pc13 = 0
Constrained:
     Tecnw = 30651.8
       Tnw = 8357.44
       Tec = 79.5307
     twoNb = 592335
     twoNc = 76588.4
     twoNw = 490604
    twoNec = 213789
    twoNnw = 105540
  twoNecnw = 33058.6
  twoNbecnw = 48759.6
        m2 = 0.000129631
        m4 = 0.0155114
        m6 = 7.11376e-05
        Tb = 15365.7
        Td = 39.7654
        Tf = 19.8827
DiffEv reached_goal. cost=3.37204e-03 spread=2.88818e-06
Fitted parameter values
Free:
       pc1 = -2.55786
       pc2 = -1.99012
       pc3 = 0.708154
       pc4 = 0.210149
       pc5 = 0.601833
       pc6 = 1.50387
       pc7 = 0.612203
       pc8 = 1.01266
       pc9 = -1.92328
      pc10 = 1.94902
      pc11 = 0.731753
      pc12 = 0.569094
      pc13 = 0.121988
Constrained:
     Tecnw = 31112.4
       Tnw = 5032.74
       Tec = 17.4687
     twoNb = 1.36953e+06
     twoNc = 127704
     twoNw = 497966
    twoNec = 219942
    twoNnw = 126268
  twoNecnw = 32589.6
  twoNbecnw = 49173.1
        m2 = 0.00031537
        m4 = 0.0190936
        m6 = 2.54466e-05
        Tb = 15564.9
        Td = 8.73436
        Tf = 4.36718
#       SitePat  BranchLen
              b 116861.2136786
              e 44299.4008836
              c 45208.3520568
              n 42543.6255807
              w 42543.6143790
            b:e 1244.3639860
            b:c 1546.6864762
            b:n 1119.0084157
            b:w 1119.0079751
            e:c 10650.2574326
            e:n 3922.2318081
            e:w 3922.2295544
            c:n 3785.1555136
            c:w 3785.1667153
            n:w 11943.9934001
          b:e:c 1274.2837674
          b:e:n 602.4977471
          b:e:w 602.4973065
          b:c:n 604.2546309
          b:c:w 604.2550715
          b:n:w 1271.5810734
          e:c:n 4892.9473260
          e:c:w 4892.9495797
          e:n:w 6216.7747937
          c:n:w 5493.1273252
        b:e:c:n 1120.8116139
        b:e:c:w 1120.8120545
        b:e:n:w 1463.0503351
        b:c:n:w 1246.0486250
        e:c:n:w 45575.2645681
