########################################
# legofit: estimate population history #
#       version 2.3.4-4-g53f8760       #
########################################

# Program was compiled: Sep 21 2021 14:36:42
# Program was run: Sun Oct 10 22:52:09 2021

# cmd: legofit -1 -d 0 -t 32 --ptsPerDim 3 --stateOut b1boot8.state --tol 3e-6 -S 5000 bdf2.lgo ../../chrX/boot_chrX/boot8.opf
# Stage nOptItr nSimReps
#     0    5000        0
# algorithm          : deterministic
# ignoring probs <=  : 0
# Branch length floor: 0
# DE strategy        : 2
#    F               : 0.3
#    CR              : 0.8
#    tolerance       : 3e-06
# nthreads           : 32
# lgo input file     : bdf2.lgo
# site pat input file: ../../chrX/boot_chrX/boot8.opf
# free parameters    : 13
# points in DE swarm : 39
# output state file  : b1boot8.state
# Including singleton site patterns.
# cost function      : KL
Initial parameter values
Fixed:
      zero = 0
       one = 1
    Tbecnw = 75200
Free:
       pc1 = 0
       pc2 = 0
       pc3 = 0
       pc4 = 0
       pc5 = 0
       pc6 = 0
       pc7 = 0
       pc8 = 0
       pc9 = 0
      pc10 = 0
      pc11 = 0
      pc12 = 0
      pc13 = 0
Constrained:
     Tecnw = 30651.8
       Tnw = 8357.44
       Tec = 79.5307
     twoNb = 592335
     twoNc = 76588.4
     twoNw = 490604
    twoNec = 213789
    twoNnw = 105540
  twoNecnw = 33058.6
  twoNbecnw = 48759.6
        m2 = 0.000129631
        m4 = 0.0155114
        m6 = 7.11376e-05
        Tb = 15365.7
        Td = 39.7654
        Tf = 19.8827
DiffEv reached_goal. cost=3.33092e-03 spread=2.96677e-06
Fitted parameter values
Free:
       pc1 = -3.86168
       pc2 = -1.96177
       pc3 = 3.45998
       pc4 = 0.592269
       pc5 = 1.40305
       pc6 = -0.395566
       pc7 = 1.37382
       pc8 = 1.94094
       pc9 = -1.75957
      pc10 = 0.784067
      pc11 = 0.390121
      pc12 = 0.0666431
      pc13 = 0.0192985
Constrained:
     Tecnw = 31521.7
       Tnw = 3882.07
       Tec = 13.4226
     twoNb = 1.27665e+06
     twoNc = 51834.5
     twoNw = 302887
    twoNec = 215744
    twoNnw = 136775
  twoNecnw = 32696.1
  twoNbecnw = 51444.8
        m2 = 0.000170066
        m4 = 0.0217172
        m6 = 0.000134288
        Tb = 15767.5
        Td = 6.71132
        Tf = 3.35566
#       SitePat  BranchLen
              b 118616.8989544
              e 44713.5024730
              c 45754.2762682
              n 43095.0831932
              w 43095.0063053
            b:e 1312.9330011
            b:c 1674.6833755
            b:n 1198.0726954
            b:w 1198.0695483
            e:c 10903.3887641
            e:n 3999.3912762
            e:w 3999.3758487
            c:n 3841.5123894
            c:w 3841.5892773
            n:w 12156.3174254
          b:e:c 1356.5310575
          b:e:n 641.4988022
          b:e:w 641.4956550
          b:c:n 643.7829663
          b:c:w 643.7861135
          b:n:w 1353.1341122
          e:c:n 5029.4222109
          e:c:w 5029.4376384
          e:n:w 6389.5647068
          c:n:w 5553.4213375
        b:e:c:n 1200.3853558
        b:e:c:w 1200.3885031
        b:e:n:w 1571.0187861
        b:c:n:w 1315.7288215
        e:c:n:w 46580.0736689
