########################################
# legofit: estimate population history #
#       version 2.3.4-4-g53f8760       #
########################################

# Program was compiled: Sep 21 2021 14:36:42
# Program was run: Sun Oct 10 22:52:28 2021

# cmd: legofit -1 -d 0 -t 32 --ptsPerDim 3 --stateOut b1boot33.state --tol 3e-6 -S 5000 bdf2.lgo ../../chrX/boot_chrX/boot33.opf
# Stage nOptItr nSimReps
#     0    5000        0
# algorithm          : deterministic
# ignoring probs <=  : 0
# Branch length floor: 0
# DE strategy        : 2
#    F               : 0.3
#    CR              : 0.8
#    tolerance       : 3e-06
# nthreads           : 32
# lgo input file     : bdf2.lgo
# site pat input file: ../../chrX/boot_chrX/boot33.opf
# free parameters    : 13
# points in DE swarm : 39
# output state file  : b1boot33.state
# Including singleton site patterns.
# cost function      : KL
Initial parameter values
Fixed:
      zero = 0
       one = 1
    Tbecnw = 75200
Free:
       pc1 = 0
       pc2 = 0
       pc3 = 0
       pc4 = 0
       pc5 = 0
       pc6 = 0
       pc7 = 0
       pc8 = 0
       pc9 = 0
      pc10 = 0
      pc11 = 0
      pc12 = 0
      pc13 = 0
Constrained:
     Tecnw = 30651.8
       Tnw = 8357.44
       Tec = 79.5307
     twoNb = 592335
     twoNc = 76588.4
     twoNw = 490604
    twoNec = 213789
    twoNnw = 105540
  twoNecnw = 33058.6
  twoNbecnw = 48759.6
        m2 = 0.000129631
        m4 = 0.0155114
        m6 = 7.11376e-05
        Tb = 15365.7
        Td = 39.7654
        Tf = 19.8827
DiffEv reached_goal. cost=3.30526e-03 spread=2.92376e-06
Fitted parameter values
Free:
       pc1 = -2.10809
       pc2 = -1.98369
       pc3 = 1.29409
       pc4 = -0.0846696
       pc5 = 1.82792
       pc6 = 0.674879
       pc7 = 1.66883
       pc8 = 1.48433
       pc9 = -1.9441
      pc10 = 0.217684
      pc11 = 1.96835
      pc12 = 0.809307
      pc13 = 0.24116
Constrained:
     Tecnw = 31131.8
       Tnw = 6934.19
       Tec = 26.0085
     twoNb = 1.40672e+06
     twoNc = 81928.8
     twoNw = 648253
    twoNec = 211867
    twoNnw = 110448
  twoNecnw = 32051.9
  twoNbecnw = 50337.6
        m2 = 0.000164894
        m4 = 0.0183563
        m6 = 0.0001038
        Tb = 15578.9
        Td = 13.0042
        Tf = 6.50212
#       SitePat  BranchLen
              b 118046.5731896
              e 44045.8381846
              c 44935.5242272
              n 42317.8147611
              w 42317.7678039
            b:e 1244.9899801
            b:c 1541.6130429
            b:n 1109.9538120
            b:w 1109.9519318
            e:c 10831.6702375
            e:n 3833.9018817
            e:w 3833.8922888
            c:n 3704.3277272
            c:w 3704.3746844
            n:w 12036.7041884
          b:e:c 1296.3233447
          b:e:n 592.4569492
          b:e:w 592.4550690
          b:c:n 594.0826599
          b:c:w 594.0845401
          b:n:w 1293.8255993
          e:c:n 4860.2763104
          e:c:w 4860.2859033
          e:n:w 6228.2907321
          c:n:w 5513.3898066
        b:e:c:n 1111.6028432
        b:e:c:w 1111.6047234
        b:e:n:w 1462.5327794
        b:c:n:w 1246.9611768
        e:c:n:w 47042.8904140
