########################################
# legofit: estimate population history #
#       version 2.3.4-4-g53f8760       #
########################################

# Program was compiled: Sep 21 2021 14:36:42
# Program was run: Sun Oct 10 22:52:41 2021

# cmd: legofit -1 -d 0 -t 32 --ptsPerDim 3 --stateOut b1boot48.state --tol 3e-6 -S 5000 bdf2.lgo ../../chrX/boot_chrX/boot48.opf
# Stage nOptItr nSimReps
#     0    5000        0
# algorithm          : deterministic
# ignoring probs <=  : 0
# Branch length floor: 0
# DE strategy        : 2
#    F               : 0.3
#    CR              : 0.8
#    tolerance       : 3e-06
# nthreads           : 32
# lgo input file     : bdf2.lgo
# site pat input file: ../../chrX/boot_chrX/boot48.opf
# free parameters    : 13
# points in DE swarm : 39
# output state file  : b1boot48.state
# Including singleton site patterns.
# cost function      : KL
Initial parameter values
Fixed:
      zero = 0
       one = 1
    Tbecnw = 75200
Free:
       pc1 = 0
       pc2 = 0
       pc3 = 0
       pc4 = 0
       pc5 = 0
       pc6 = 0
       pc7 = 0
       pc8 = 0
       pc9 = 0
      pc10 = 0
      pc11 = 0
      pc12 = 0
      pc13 = 0
Constrained:
     Tecnw = 30651.8
       Tnw = 8357.44
       Tec = 79.5307
     twoNb = 592335
     twoNc = 76588.4
     twoNw = 490604
    twoNec = 213789
    twoNnw = 105540
  twoNecnw = 33058.6
  twoNbecnw = 48759.6
        m2 = 0.000129631
        m4 = 0.0155114
        m6 = 7.11376e-05
        Tb = 15365.7
        Td = 39.7654
        Tf = 19.8827
DiffEv reached_goal. cost=3.22436e-03 spread=2.83798e-06
Fitted parameter values
Free:
       pc1 = -1.83178
       pc2 = -1.97317
       pc3 = 1.88419
       pc4 = -0.607514
       pc5 = 0.03272
       pc6 = 1.95995
       pc7 = 1.89624
       pc8 = 1.63569
       pc9 = -1.68135
      pc10 = 1.5205
      pc11 = 0.313432
      pc12 = 0.974888
      pc13 = -0.10878
Constrained:
     Tecnw = 31131.3
       Tnw = 8573.68
       Tec = 9.68912
     twoNb = 1.44466e+06
     twoNc = 22791.9
     twoNw = 414346
    twoNec = 221334
    twoNnw = 109528
  twoNecnw = 32812.6
  twoNbecnw = 49816.5
        m2 = 0.000406545
        m4 = 0.0201475
        m6 = 2.09711e-05
        Tb = 15570.5
        Td = 4.84456
        Tf = 2.42228
#       SitePat  BranchLen
              b 117318.9304899
              e 44473.8085322
              c 45439.8794812
              n 43028.9190804
              w 43028.9007999
            b:e 1274.7707264
            b:c 1592.7359052
            b:n 1144.6849224
            b:w 1144.6841651
            e:c 10690.9688855
            e:n 3966.3306591
            e:w 3966.3268378
            c:n 3820.8206367
            c:w 3820.8389172
            n:w 11672.1861640
          b:e:c 1302.0850079
          b:e:n 617.4978486
          b:e:w 617.4970912
          b:c:n 619.2990509
          b:c:w 619.2998083
          b:n:w 1299.2862900
          e:c:n 4933.7708671
          e:c:w 4933.7746884
          e:n:w 6308.9688217
          c:n:w 5544.2654868
        b:e:c:n 1146.5441217
        b:e:c:w 1146.5448791
        b:e:n:w 1508.2537866
        b:c:n:w 1276.3150172
        e:c:n:w 45741.2863573
