########################################
# legofit: estimate population history #
#       version 2.3.4-4-g53f8760       #
########################################

# Program was compiled: Sep 21 2021 14:36:42
# Program was run: Thu Sep 23 17:57:28 2021

# cmd: legofit -1 -d 0 -t 56 --ptsPerDim 3 --stateOut b1.state --tol 3e-6 -S 5000 abdef2.lgo ../../pan.opf
# Stage nOptItr nSimReps
#     0    5000        0
# algorithm          : deterministic
# ignoring probs <=  : 0
# Branch length floor: 0
# DE strategy        : 2
#    F               : 0.3
#    CR              : 0.8
#    tolerance       : 3e-06
# nthreads           : 54
# lgo input file     : abdef2.lgo
# site pat input file: ../../pan.opf
# free parameters    : 18
# points in DE swarm : 54
# output state file  : b1.state
# Including singleton site patterns.
# cost function      : KL
Initial parameter values
Fixed:
      zero = 0
       one = 1
    Tbecnw = 75200
Free:
       pc1 = 0
       pc2 = 0
       pc3 = 0
       pc4 = 0
       pc5 = 0
       pc6 = 0
       pc7 = 0
       pc8 = 0
       pc9 = 0
      pc10 = 0
      pc11 = 0
      pc12 = 0
      pc13 = 0
      pc14 = 0
      pc15 = 0
      pc16 = 0
      pc17 = 0
      pc18 = 0
Constrained:
   Tgbecnw = 89338.1
     Tecnw = 24232.1
       Tnw = 13432
       Tec = 17534.5
     twoNb = 468597
     twoNe = 945313
     twoNc = 954866
     twoNw = 1.86444e+06
    twoNec = 45983.5
    twoNnw = 57200.9
  twoNecnw = 75299
  twoNbecnw = 5620.77
  twoNgbecnw = 326681
         m = 0.101595
        m2 = 0.0250526
        m4 = 0.0011635
        m5 = 0.179925
        m6 = 0.00720345
        Tb = 20883.3
        Ta = 48041.6
        Td = 8767.26
        Te = 6716.01
        Tf = 3358
DiffEv reached_goal. cost=1.77351e-03 spread=2.70377e-06
Fitted parameter values
Free:
       pc1 = 3.3053
       pc2 = 3.37041
       pc3 = 1.5695
       pc4 = 1.28604
       pc5 = -0.388498
       pc6 = -0.510217
       pc7 = -1.69178
       pc8 = -1.63085
       pc9 = 0.502476
      pc10 = -0.414148
      pc11 = -0.716162
      pc12 = 0.72944
      pc13 = 0.5183
      pc14 = -0.0695382
      pc15 = 0.0183819
      pc16 = -0.0212463
      pc17 = -0.0155798
      pc18 = 0.00236885
Constrained:
   Tgbecnw = 78511.1
     Tecnw = 23487.3
       Tnw = 14731.2
       Tec = 15354.4
     twoNb = 464662
     twoNe = 970443
     twoNc = 493018
     twoNw = 3.82521e+06
    twoNec = 55552.8
    twoNnw = 45093.6
  twoNecnw = 74352
  twoNbecnw = 1293.61
  twoNgbecnw = 367752
         m = 0.0870782
        m2 = 0.0245212
        m4 = 0.00102122
        m5 = 0.185898
        m6 = 0.0126291
        Tb = 19420.8
        Ta = 47310.4
        Td = 7677.18
        Te = 7365.61
        Tf = 3682.81
#       SitePat  BranchLen
              b 122263.3250291
              e 47470.9745116
              c 49879.1912121
              n 45017.6648911
              w 45002.0969330
            b:e 2107.9601378
            b:c 2399.8589860
            b:n 1699.7389743
            b:w 1698.6518118
            e:c 10280.6062435
            e:n 5430.8042655
            e:w 5444.5312947
            c:n 4775.6222250
            c:w 4773.7751600
            n:w 12317.3944505
          b:e:c 1989.2508510
          b:e:n 1058.4823974
          b:e:w 1059.3581493
          b:c:n 1069.6061967
          b:c:w 1068.6177520
          b:n:w 1961.1874647
          e:c:n 4521.5849352
          e:c:w 4525.2729291
          e:n:w 6323.2687122
          c:n:w 5315.0610369
        b:e:c:n 1976.2894847
        b:e:c:w 1977.4893399
        b:e:n:w 3085.5215006
        b:c:n:w 2699.1683632
        e:c:n:w 50863.1118525
