########################################
# legofit: estimate population history #
#       version 2.3.4-4-g53f8760       #
########################################

# Program was compiled: Sep 21 2021 14:36:42
# Program was run: Thu Sep 23 19:59:27 2021

# cmd: legofit -1 -d 0 -t 56 --ptsPerDim 3 --stateOut b1boot13.state --tol 3e-6 -S 5000 abdef2.lgo ../../boot/boot13.opf
# Stage nOptItr nSimReps
#     0    5000        0
# algorithm          : deterministic
# ignoring probs <=  : 0
# Branch length floor: 0
# DE strategy        : 2
#    F               : 0.3
#    CR              : 0.8
#    tolerance       : 3e-06
# nthreads           : 54
# lgo input file     : abdef2.lgo
# site pat input file: ../../boot/boot13.opf
# free parameters    : 18
# points in DE swarm : 54
# output state file  : b1boot13.state
# Including singleton site patterns.
# cost function      : KL
Initial parameter values
Fixed:
      zero = 0
       one = 1
    Tbecnw = 75200
Free:
       pc1 = 0
       pc2 = 0
       pc3 = 0
       pc4 = 0
       pc5 = 0
       pc6 = 0
       pc7 = 0
       pc8 = 0
       pc9 = 0
      pc10 = 0
      pc11 = 0
      pc12 = 0
      pc13 = 0
      pc14 = 0
      pc15 = 0
      pc16 = 0
      pc17 = 0
      pc18 = 0
Constrained:
   Tgbecnw = 89338.1
     Tecnw = 24232.1
       Tnw = 13432
       Tec = 17534.5
     twoNb = 468597
     twoNe = 945313
     twoNc = 954866
     twoNw = 1.86444e+06
    twoNec = 45983.5
    twoNnw = 57200.9
  twoNecnw = 75299
  twoNbecnw = 5620.77
  twoNgbecnw = 326681
         m = 0.101595
        m2 = 0.0250526
        m4 = 0.0011635
        m5 = 0.179925
        m6 = 0.00720345
        Tb = 20883.3
        Ta = 48041.6
        Td = 8767.26
        Te = 6716.01
        Tf = 3358
DiffEv reached_goal. cost=1.76174e-03 spread=2.69562e-06
Fitted parameter values
Free:
       pc1 = 3.84331
       pc2 = 3.5841
       pc3 = 1.56056
       pc4 = 0.0170858
       pc5 = -0.388153
       pc6 = 1.13715
       pc7 = -1.88173
       pc8 = -1.73079
       pc9 = 0.600599
      pc10 = -0.43748
      pc11 = 0.0377966
      pc12 = 0.166048
      pc13 = 0.183572
      pc14 = -0.0912265
      pc15 = 0.00155252
      pc16 = 0.000619168
      pc17 = -0.00584905
      pc18 = -0.0113579
Constrained:
   Tgbecnw = 76394.4
     Tecnw = 23410.6
       Tnw = 14424.9
       Tec = 16904.4
     twoNb = 375418
     twoNe = 276039
     twoNc = 998328
     twoNw = 3.45338e+06
    twoNec = 44710.4
    twoNnw = 46487.2
  twoNecnw = 73487.3
  twoNbecnw = 465.947
  twoNgbecnw = 375223
         m = 0.0850635
        m2 = 0.0242753
        m4 = 0.000900648
        m5 = 0.181537
        m6 = 0.00663611
        Tb = 20157.5
        Ta = 47678.7
        Td = 8452.18
        Te = 7212.44
        Tf = 3606.22
#       SitePat  BranchLen
              b 121803.8907898
              e 47271.3061438
              c 49672.6784488
              n 44793.5073354
              w 44777.7575254
            b:e 2109.1259771
            b:c 2404.8389516
            b:n 1687.0802911
            b:w 1685.9870563
            e:c 10162.0945522
            e:n 5388.8294113
            e:w 5403.5329301
            c:n 4732.4448013
            c:w 4729.7866888
            n:w 12279.0370770
          b:e:c 1981.8451755
          b:e:n 1048.9229777
          b:e:w 1049.8966196
          b:c:n 1060.4042989
          b:c:w 1059.3153512
          b:n:w 1948.0325759
          e:c:n 4504.9030019
          e:c:w 4508.6074056
          e:n:w 6292.6760900
          c:n:w 5283.9089456
        b:e:c:n 1965.1906315
        b:e:c:w 1966.3991719
        b:e:n:w 3047.4801580
        b:c:n:w 2668.3927871
        e:c:n:w 50785.9927225
