########################################
# legofit: estimate population history #
#       version 2.3.4-4-g53f8760       #
########################################

# Program was compiled: Sep 21 2021 14:36:42
# Program was run: Thu Sep 23 18:53:07 2021

# cmd: legofit -1 -d 0 -t 56 --ptsPerDim 3 --stateOut b1boot2.state --tol 3e-6 -S 5000 abdef2.lgo ../../boot/boot2.opf
# Stage nOptItr nSimReps
#     0    5000        0
# algorithm          : deterministic
# ignoring probs <=  : 0
# Branch length floor: 0
# DE strategy        : 2
#    F               : 0.3
#    CR              : 0.8
#    tolerance       : 3e-06
# nthreads           : 54
# lgo input file     : abdef2.lgo
# site pat input file: ../../boot/boot2.opf
# free parameters    : 18
# points in DE swarm : 54
# output state file  : b1boot2.state
# Including singleton site patterns.
# cost function      : KL
Initial parameter values
Fixed:
      zero = 0
       one = 1
    Tbecnw = 75200
Free:
       pc1 = 0
       pc2 = 0
       pc3 = 0
       pc4 = 0
       pc5 = 0
       pc6 = 0
       pc7 = 0
       pc8 = 0
       pc9 = 0
      pc10 = 0
      pc11 = 0
      pc12 = 0
      pc13 = 0
      pc14 = 0
      pc15 = 0
      pc16 = 0
      pc17 = 0
      pc18 = 0
Constrained:
   Tgbecnw = 89338.1
     Tecnw = 24232.1
       Tnw = 13432
       Tec = 17534.5
     twoNb = 468597
     twoNe = 945313
     twoNc = 954866
     twoNw = 1.86444e+06
    twoNec = 45983.5
    twoNnw = 57200.9
  twoNecnw = 75299
  twoNbecnw = 5620.77
  twoNgbecnw = 326681
         m = 0.101595
        m2 = 0.0250526
        m4 = 0.0011635
        m5 = 0.179925
        m6 = 0.00720345
        Tb = 20883.3
        Ta = 48041.6
        Td = 8767.26
        Te = 6716.01
        Tf = 3358
DiffEv reached_goal. cost=1.78447e-03 spread=2.80020e-06
Fitted parameter values
Free:
       pc1 = 3.00791
       pc2 = 3.29922
       pc3 = 0.866636
       pc4 = 1.0709
       pc5 = 0.0767234
       pc6 = -0.227931
       pc7 = -1.96953
       pc8 = -1.4363
       pc9 = 0.474238
      pc10 = -0.147383
      pc11 = -0.702575
      pc12 = 0.242082
      pc13 = 0.50271
      pc14 = -0.0230142
      pc15 = 0.104216
      pc16 = 0.00528304
      pc17 = 0.0186889
      pc18 = 0.0170273
Constrained:
   Tgbecnw = 78139.7
     Tecnw = 23548.6
       Tnw = 13880.6
       Tec = 15854.5
     twoNb = 440663
     twoNe = 1.03815e+06
     twoNc = 727237
     twoNw = 3.6715e+06
    twoNec = 52899
    twoNnw = 50394.7
  twoNecnw = 74532.5
  twoNbecnw = 1162.48
  twoNgbecnw = 357276
         m = 0.090008
        m2 = 0.02462
        m4 = 0.000871386
        m5 = 0.186832
        m6 = 0.0121441
        Tb = 19701.5
        Ta = 47450.8
        Td = 7927.25
        Te = 6940.32
        Tf = 3470.16
#       SitePat  BranchLen
              b 122197.9638191
              e 47556.5998555
              c 49981.0289616
              n 45058.7785222
              w 45043.2139737
            b:e 2114.6251025
            b:c 2406.0038566
            b:n 1703.1980132
            b:w 1702.1268161
            e:c 10219.9106141
            e:n 5452.6453637
            e:w 5466.4513070
            c:n 4785.3410685
            c:w 4783.4728977
            n:w 12333.5165929
          b:e:c 1985.9950956
          b:e:n 1062.3424249
          b:e:w 1063.2134492
          b:c:n 1073.5034397
          b:c:w 1072.5206230
          b:n:w 1956.8472281
          e:c:n 4519.7444850
          e:c:w 4523.3712610
          e:n:w 6307.6116547
          c:n:w 5303.6029474
        b:e:c:n 1982.3607053
        b:e:c:w 1983.5436949
        b:e:n:w 3080.9073991
        b:c:n:w 2698.9227231
        e:c:n:w 50764.7521553
