########################################
# legofit: estimate population history #
#       version 2.3.4-4-g53f8760       #
########################################

# Program was compiled: Sep 21 2021 14:36:42
# Program was run: Thu Sep 23 19:41:15 2021

# cmd: legofit -1 -d 0 -t 56 --ptsPerDim 3 --stateOut b1boot5.state --tol 3e-6 -S 5000 abdef2.lgo ../../boot/boot5.opf
# Stage nOptItr nSimReps
#     0    5000        0
# algorithm          : deterministic
# ignoring probs <=  : 0
# Branch length floor: 0
# DE strategy        : 2
#    F               : 0.3
#    CR              : 0.8
#    tolerance       : 3e-06
# nthreads           : 54
# lgo input file     : abdef2.lgo
# site pat input file: ../../boot/boot5.opf
# free parameters    : 18
# points in DE swarm : 54
# output state file  : b1boot5.state
# Including singleton site patterns.
# cost function      : KL
Initial parameter values
Fixed:
      zero = 0
       one = 1
    Tbecnw = 75200
Free:
       pc1 = 0
       pc2 = 0
       pc3 = 0
       pc4 = 0
       pc5 = 0
       pc6 = 0
       pc7 = 0
       pc8 = 0
       pc9 = 0
      pc10 = 0
      pc11 = 0
      pc12 = 0
      pc13 = 0
      pc14 = 0
      pc15 = 0
      pc16 = 0
      pc17 = 0
      pc18 = 0
Constrained:
   Tgbecnw = 89338.1
     Tecnw = 24232.1
       Tnw = 13432
       Tec = 17534.5
     twoNb = 468597
     twoNe = 945313
     twoNc = 954866
     twoNw = 1.86444e+06
    twoNec = 45983.5
    twoNnw = 57200.9
  twoNecnw = 75299
  twoNbecnw = 5620.77
  twoNgbecnw = 326681
         m = 0.101595
        m2 = 0.0250526
        m4 = 0.0011635
        m5 = 0.179925
        m6 = 0.00720345
        Tb = 20883.3
        Ta = 48041.6
        Td = 8767.26
        Te = 6716.01
        Tf = 3358
DiffEv reached_goal. cost=1.77054e-03 spread=2.87623e-06
Fitted parameter values
Free:
       pc1 = 3.63321
       pc2 = 2.99739
       pc3 = 0.903658
       pc4 = 1.00265
       pc5 = -1.29048
       pc6 = 0.383984
       pc7 = -1.83438
       pc8 = -1.58153
       pc9 = 0.693914
      pc10 = 0.0293642
      pc11 = -0.146618
      pc12 = -0.58742
      pc13 = -0.497853
      pc14 = 0.102877
      pc15 = 0.0571921
      pc16 = 0.00019169
      pc17 = 0.0309854
      pc18 = -0.000833691
Constrained:
   Tgbecnw = 78587.5
     Tecnw = 23582
       Tnw = 14987.2
       Tec = 16596
     twoNb = 395577
     twoNe = 443725
     twoNc = 1.40517e+06
     twoNw = 3.44091e+06
    twoNec = 48391.3
    twoNnw = 43673
  twoNecnw = 74371.2
  twoNbecnw = 1332.21
  twoNgbecnw = 361497
         m = 0.0892883
        m2 = 0.0240749
        m4 = 0.000178258
        m5 = 0.183636
        m6 = 0.0135428
        Tb = 20089
        Ta = 47644.5
        Td = 8298.01
        Te = 7493.58
        Tf = 3746.79
#       SitePat  BranchLen
              b 122466.5007763
              e 47640.3618740
              c 49978.5656330
              n 45040.5513181
              w 45023.0998148
            b:e 2128.7746963
            b:c 2407.0405977
            b:n 1695.8105510
            b:w 1694.5884708
            e:c 10193.0309100
            e:n 5413.4715900
            e:w 5428.6983403
            c:n 4773.9814394
            c:w 4772.0597664
            n:w 12349.8821862
          b:e:c 1994.2715816
          b:e:n 1057.9286738
          b:e:w 1058.8948108
          b:c:n 1068.6669652
          b:c:w 1067.5741130
          b:n:w 1961.8249860
          e:c:n 4506.2612318
          e:c:w 4510.4076578
          e:n:w 6329.4671076
          c:n:w 5344.0237570
        b:e:c:n 1972.3715368
        b:e:c:w 1973.7203323
        b:e:n:w 3047.7343598
        b:c:n:w 2693.4191493
        e:c:n:w 51033.7270622
