########################################
# legofit: estimate population history #
#       version 2.3.4-4-g53f8760       #
########################################

# Program was compiled: Sep 21 2021 14:36:42
# Program was run: Thu Sep 23 20:59:42 2021

# cmd: legofit -1 -d 0 -t 56 --ptsPerDim 3 --stateOut b1boot40.state --tol 3e-6 -S 5000 abdef2.lgo ../../boot/boot40.opf
# Stage nOptItr nSimReps
#     0    5000        0
# algorithm          : deterministic
# ignoring probs <=  : 0
# Branch length floor: 0
# DE strategy        : 2
#    F               : 0.3
#    CR              : 0.8
#    tolerance       : 3e-06
# nthreads           : 54
# lgo input file     : abdef2.lgo
# site pat input file: ../../boot/boot40.opf
# free parameters    : 18
# points in DE swarm : 54
# output state file  : b1boot40.state
# Including singleton site patterns.
# cost function      : KL
Initial parameter values
Fixed:
      zero = 0
       one = 1
    Tbecnw = 75200
Free:
       pc1 = 0
       pc2 = 0
       pc3 = 0
       pc4 = 0
       pc5 = 0
       pc6 = 0
       pc7 = 0
       pc8 = 0
       pc9 = 0
      pc10 = 0
      pc11 = 0
      pc12 = 0
      pc13 = 0
      pc14 = 0
      pc15 = 0
      pc16 = 0
      pc17 = 0
      pc18 = 0
Constrained:
   Tgbecnw = 89338.1
     Tecnw = 24232.1
       Tnw = 13432
       Tec = 17534.5
     twoNb = 468597
     twoNe = 945313
     twoNc = 954866
     twoNw = 1.86444e+06
    twoNec = 45983.5
    twoNnw = 57200.9
  twoNecnw = 75299
  twoNbecnw = 5620.77
  twoNgbecnw = 326681
         m = 0.101595
        m2 = 0.0250526
        m4 = 0.0011635
        m5 = 0.179925
        m6 = 0.00720345
        Tb = 20883.3
        Ta = 48041.6
        Td = 8767.26
        Te = 6716.01
        Tf = 3358
DiffEv reached_goal. cost=1.76405e-03 spread=2.54004e-06
Fitted parameter values
Free:
       pc1 = 3.96335
       pc2 = 3.58707
       pc3 = 1.03791
       pc4 = 0.618445
       pc5 = -0.0237501
       pc6 = 1.04738
       pc7 = -1.97322
       pc8 = -0.401941
       pc9 = 0.107133
      pc10 = -1.24236
      pc11 = -0.972438
      pc12 = 0.421691
      pc13 = 0.538686
      pc14 = -0.155695
      pc15 = -0.0497418
      pc16 = -0.00411612
      pc17 = -0.0153364
      pc18 = -0.0078587
Constrained:
   Tgbecnw = 76849.6
     Tecnw = 23337
       Tnw = 13780
       Tec = 18176.7
     twoNb = 480226
     twoNe = 678752
     twoNc = 1.23054e+06
     twoNw = 3.6678e+06
    twoNec = 33840
    twoNnw = 50291.5
  twoNecnw = 73818.5
  twoNbecnw = 640.492
  twoNgbecnw = 377466
         m = 0.0842738
        m2 = 0.0245525
        m4 = 0.00128777
        m5 = 0.186767
        m6 = 0.0108434
        Tb = 20756.8
        Ta = 47978.4
        Td = 9088.33
        Te = 6890
        Tf = 3445
#       SitePat  BranchLen
              b 121815.0787147
              e 47218.6843618
              c 49653.1975351
              n 44816.5859495
              w 44801.3525201
            b:e 2069.5583546
            b:c 2361.4899898
            b:n 1697.0548883
            b:w 1696.0083684
            e:c 10195.2659168
            e:n 5414.2671437
            e:w 5427.9471674
            c:n 4748.2323013
            c:w 4746.2242883
            n:w 12271.9256236
          b:e:c 1976.4393700
          b:e:n 1048.7914885
          b:e:w 1049.6616737
          b:c:n 1060.0482409
          b:c:w 1059.0690119
          b:n:w 1952.7698167
          e:c:n 4543.7988288
          e:c:w 4547.3602475
          e:n:w 6250.1994366
          c:n:w 5244.9928742
        b:e:c:n 1973.4646823
        b:e:c:w 1974.6202459
        b:e:n:w 3062.0724324
        b:c:n:w 2667.9277801
        e:c:n:w 50711.9238666
