########################################
# legofit: estimate population history #
#       version 2.3.4-4-g53f8760       #
########################################

# Program was compiled: Sep 21 2021 14:36:42
# Program was run: Thu Sep 23 21:29:08 2021

# cmd: legofit -1 -d 0 -t 56 --ptsPerDim 3 --stateOut b1boot45.state --tol 3e-6 -S 5000 abdef2.lgo ../../boot/boot45.opf
# Stage nOptItr nSimReps
#     0    5000        0
# algorithm          : deterministic
# ignoring probs <=  : 0
# Branch length floor: 0
# DE strategy        : 2
#    F               : 0.3
#    CR              : 0.8
#    tolerance       : 3e-06
# nthreads           : 54
# lgo input file     : abdef2.lgo
# site pat input file: ../../boot/boot45.opf
# free parameters    : 18
# points in DE swarm : 54
# output state file  : b1boot45.state
# Including singleton site patterns.
# cost function      : KL
Initial parameter values
Fixed:
      zero = 0
       one = 1
    Tbecnw = 75200
Free:
       pc1 = 0
       pc2 = 0
       pc3 = 0
       pc4 = 0
       pc5 = 0
       pc6 = 0
       pc7 = 0
       pc8 = 0
       pc9 = 0
      pc10 = 0
      pc11 = 0
      pc12 = 0
      pc13 = 0
      pc14 = 0
      pc15 = 0
      pc16 = 0
      pc17 = 0
      pc18 = 0
Constrained:
   Tgbecnw = 89338.1
     Tecnw = 24232.1
       Tnw = 13432
       Tec = 17534.5
     twoNb = 468597
     twoNe = 945313
     twoNc = 954866
     twoNw = 1.86444e+06
    twoNec = 45983.5
    twoNnw = 57200.9
  twoNecnw = 75299
  twoNbecnw = 5620.77
  twoNgbecnw = 326681
         m = 0.101595
        m2 = 0.0250526
        m4 = 0.0011635
        m5 = 0.179925
        m6 = 0.00720345
        Tb = 20883.3
        Ta = 48041.6
        Td = 8767.26
        Te = 6716.01
        Tf = 3358
DiffEv reached_goal. cost=1.81019e-03 spread=2.77986e-06
Fitted parameter values
Free:
       pc1 = 3.79172
       pc2 = 3.11587
       pc3 = 1.24559
       pc4 = 0.473402
       pc5 = 0.184033
       pc6 = -0.252248
       pc7 = -1.99597
       pc8 = -1.32842
       pc9 = -0.0197317
      pc10 = 0.109233
      pc11 = 0.479315
      pc12 = 0.333669
      pc13 = 0.250493
      pc14 = 0.0158939
      pc15 = -0.0155356
      pc16 = -0.0316522
      pc17 = -0.0196843
      pc18 = 0.0104256
Constrained:
   Tgbecnw = 77457.3
     Tecnw = 23560.6
       Tnw = 14735.9
       Tec = 16684.4
     twoNb = 349986
     twoNe = 1.2911e+06
     twoNc = 688122
     twoNw = 3.45122e+06
    twoNec = 46513.7
    twoNnw = 45580.9
  twoNecnw = 73813.9
  twoNbecnw = 893.13
  twoNgbecnw = 357749
         m = 0.090757
        m2 = 0.0242812
        m4 = 0.00119875
        m5 = 0.185084
        m6 = 0.0112032
        Tb = 20122.5
        Ta = 47661.3
        Td = 8342.19
        Te = 7367.96
        Tf = 3683.98
#       SitePat  BranchLen
              b 122320.8270330
              e 47403.4511632
              c 49804.2482313
              n 44984.5093713
              w 44967.5332977
            b:e 2118.1730459
            b:c 2421.9960383
            b:n 1686.3216277
            b:w 1685.1441005
            e:c 10200.9613607
            e:n 5399.5556413
            e:w 5414.7252774
            c:n 4744.7849261
            c:w 4742.5823314
            n:w 12269.0233943
          b:e:c 1980.0719376
          b:e:n 1047.9550209
          b:e:w 1048.9263384
          b:c:n 1059.5854227
          b:c:w 1058.4905846
          b:n:w 1945.1651552
          e:c:n 4510.7667479
          e:c:w 4514.7757801
          e:n:w 6309.4930264
          c:n:w 5295.6365076
        b:e:c:n 1963.1551100
        b:e:c:w 1964.4561578
        b:e:n:w 3045.5593792
        b:c:n:w 2660.5148101
        e:c:n:w 51084.3159522
