########################################
# legofit: estimate population history #
#       version 2.3.4-4-g53f8760       #
########################################

# Program was compiled: Sep 21 2021 14:36:42
# Program was run: Thu Sep 23 19:57:52 2021

# cmd: legofit -1 -d 0 -t 56 --ptsPerDim 3 --stateOut b1boot11.state --tol 3e-6 -S 5000 abdef2.lgo ../../boot/boot11.opf
# Stage nOptItr nSimReps
#     0    5000        0
# algorithm          : deterministic
# ignoring probs <=  : 0
# Branch length floor: 0
# DE strategy        : 2
#    F               : 0.3
#    CR              : 0.8
#    tolerance       : 3e-06
# nthreads           : 54
# lgo input file     : abdef2.lgo
# site pat input file: ../../boot/boot11.opf
# free parameters    : 18
# points in DE swarm : 54
# output state file  : b1boot11.state
# Including singleton site patterns.
# cost function      : KL
Initial parameter values
Fixed:
      zero = 0
       one = 1
    Tbecnw = 75200
Free:
       pc1 = 0
       pc2 = 0
       pc3 = 0
       pc4 = 0
       pc5 = 0
       pc6 = 0
       pc7 = 0
       pc8 = 0
       pc9 = 0
      pc10 = 0
      pc11 = 0
      pc12 = 0
      pc13 = 0
      pc14 = 0
      pc15 = 0
      pc16 = 0
      pc17 = 0
      pc18 = 0
Constrained:
   Tgbecnw = 89338.1
     Tecnw = 24232.1
       Tnw = 13432
       Tec = 17534.5
     twoNb = 468597
     twoNe = 945313
     twoNc = 954866
     twoNw = 1.86444e+06
    twoNec = 45983.5
    twoNnw = 57200.9
  twoNecnw = 75299
  twoNbecnw = 5620.77
  twoNgbecnw = 326681
         m = 0.101595
        m2 = 0.0250526
        m4 = 0.0011635
        m5 = 0.179925
        m6 = 0.00720345
        Tb = 20883.3
        Ta = 48041.6
        Td = 8767.26
        Te = 6716.01
        Tf = 3358
DiffEv reached_goal. cost=1.79452e-03 spread=2.93239e-06
Fitted parameter values
Free:
       pc1 = 3.66732
       pc2 = 3.69316
       pc3 = 1.56922
       pc4 = 1.20816
       pc5 = -1.08229
       pc6 = 0.804882
       pc7 = -1.81129
       pc8 = -1.7665
       pc9 = 0.959105
      pc10 = 0.108309
      pc11 = 0.0290735
      pc12 = 0.232113
      pc13 = 0.670133
      pc14 = 0.0615283
      pc15 = 0.0443448
      pc16 = -0.0225092
      pc17 = -0.00293514
      pc18 = -0.00227916
Constrained:
   Tgbecnw = 77075
     Tecnw = 23434.9
       Tnw = 15088.5
       Tec = 15347.4
     twoNb = 403562
     twoNe = 70589.8
     twoNc = 1.19144e+06
     twoNw = 3.60886e+06
    twoNec = 55418.8
    twoNnw = 42802.7
  twoNecnw = 73438.5
  twoNbecnw = 739.545
  twoNgbecnw = 367645
         m = 0.0856531
        m2 = 0.0244102
        m4 = 0.000741691
        m5 = 0.187774
        m6 = 0.00904313
        Tb = 19391.1
        Ta = 47295.6
        Td = 7673.68
        Te = 7544.23
        Tf = 3772.11
#       SitePat  BranchLen
              b 121728.4506070
              e 47221.5579329
              c 49669.8870957
              n 44835.5258984
              w 44819.1201157
            b:e 2127.0863611
            b:c 2429.1998741
            b:n 1704.9247046
            b:w 1703.7611934
            e:c 10248.4278680
            e:n 5419.1074219
            e:w 5434.0944897
            c:n 4754.4813629
            c:w 4751.9780037
            n:w 12263.5558983
          b:e:c 2001.1261405
          b:e:n 1061.8104508
          b:e:w 1062.8091014
          b:c:n 1073.4561275
          b:c:w 1072.3363003
          b:n:w 1967.7249834
          e:c:n 4527.8313704
          e:c:w 4531.7534445
          e:n:w 6361.0357900
          c:n:w 5323.0533189
        b:e:c:n 1982.7569912
        b:e:c:w 1984.0416790
        b:e:n:w 3075.0654315
        b:c:n:w 2688.1748618
        e:c:n:w 50624.2204922
