########################################
# legofit: estimate population history #
#       version 2.3.4-4-g53f8760       #
########################################

# Program was compiled: Sep 21 2021 14:36:42
# Program was run: Thu Sep 23 20:44:32 2021

# cmd: legofit -1 -d 0 -t 56 --ptsPerDim 3 --stateOut b1boot34.state --tol 3e-6 -S 5000 abdef2.lgo ../../boot/boot34.opf
# Stage nOptItr nSimReps
#     0    5000        0
# algorithm          : deterministic
# ignoring probs <=  : 0
# Branch length floor: 0
# DE strategy        : 2
#    F               : 0.3
#    CR              : 0.8
#    tolerance       : 3e-06
# nthreads           : 54
# lgo input file     : abdef2.lgo
# site pat input file: ../../boot/boot34.opf
# free parameters    : 18
# points in DE swarm : 54
# output state file  : b1boot34.state
# Including singleton site patterns.
# cost function      : KL
Initial parameter values
Fixed:
      zero = 0
       one = 1
    Tbecnw = 75200
Free:
       pc1 = 0
       pc2 = 0
       pc3 = 0
       pc4 = 0
       pc5 = 0
       pc6 = 0
       pc7 = 0
       pc8 = 0
       pc9 = 0
      pc10 = 0
      pc11 = 0
      pc12 = 0
      pc13 = 0
      pc14 = 0
      pc15 = 0
      pc16 = 0
      pc17 = 0
      pc18 = 0
Constrained:
   Tgbecnw = 89338.1
     Tecnw = 24232.1
       Tnw = 13432
       Tec = 17534.5
     twoNb = 468597
     twoNe = 945313
     twoNc = 954866
     twoNw = 1.86444e+06
    twoNec = 45983.5
    twoNnw = 57200.9
  twoNecnw = 75299
  twoNbecnw = 5620.77
  twoNgbecnw = 326681
         m = 0.101595
        m2 = 0.0250526
        m4 = 0.0011635
        m5 = 0.179925
        m6 = 0.00720345
        Tb = 20883.3
        Ta = 48041.6
        Td = 8767.26
        Te = 6716.01
        Tf = 3358
DiffEv reached_goal. cost=1.77630e-03 spread=2.91058e-06
Fitted parameter values
Free:
       pc1 = 3.89848
       pc2 = 2.90056
       pc3 = 0.876948
       pc4 = 1.50959
       pc5 = -0.391207
       pc6 = 0.700271
       pc7 = -1.66539
       pc8 = -1.18428
       pc9 = 0.137163
      pc10 = -0.185584
      pc11 = 0.15834
      pc12 = 0.528147
      pc13 = 0.205799
      pc14 = 0.23445
      pc15 = -0.0313362
      pc16 = -0.00903732
      pc17 = 0.0102714
      pc18 = 0.00866558
Constrained:
   Tgbecnw = 78757.8
     Tecnw = 23537.1
       Tnw = 14928.3
       Tec = 17173.2
     twoNb = 396490
     twoNe = 342050
     twoNc = 1.1109e+06
     twoNw = 3.7925e+06
    twoNec = 43018
    twoNnw = 44079.9
  twoNecnw = 73530.6
  twoNbecnw = 1410.21
  twoNgbecnw = 354514
         m = 0.0898057
        m2 = 0.0245634
        m4 = 0.0011098
        m5 = 0.187747
        m6 = 0.013776
        Tb = 20355.1
        Ta = 47777.6
        Td = 8586.6
        Te = 7464.17
        Tf = 3732.09
#       SitePat  BranchLen
              b 122154.1481698
              e 47427.4568369
              c 49841.4513010
              n 44914.3196795
              w 44898.2338196
            b:e 2113.3898742
            b:c 2413.3215787
            b:n 1689.6859558
            b:w 1688.5628095
            e:c 10176.9278894
            e:n 5419.5291589
            e:w 5433.5722644
            c:n 4764.6610481
            c:w 4762.8673396
            n:w 12294.9149573
          b:e:c 1981.4439331
          b:e:n 1050.4100537
          b:e:w 1051.2991868
          b:c:n 1061.6462613
          b:c:w 1060.6421885
          b:n:w 1949.9098376
          e:c:n 4531.1966848
          e:c:w 4535.0331477
          e:n:w 6358.5861248
          c:n:w 5336.2611248
        b:e:c:n 1960.7658062
        b:e:c:w 1962.0038922
        b:e:n:w 3056.3356959
        b:c:n:w 2669.7283137
        e:c:n:w 50805.3431840
