########################################
# legofit: estimate population history #
#       version 2.3.4-4-g53f8760       #
########################################

# Program was compiled: Sep 21 2021 14:36:42
# Program was run: Thu Sep 23 21:10:35 2021

# cmd: legofit -1 -d 0 -t 56 --ptsPerDim 3 --stateOut b1boot42.state --tol 3e-6 -S 5000 abdef2.lgo ../../boot/boot42.opf
# Stage nOptItr nSimReps
#     0    5000        0
# algorithm          : deterministic
# ignoring probs <=  : 0
# Branch length floor: 0
# DE strategy        : 2
#    F               : 0.3
#    CR              : 0.8
#    tolerance       : 3e-06
# nthreads           : 54
# lgo input file     : abdef2.lgo
# site pat input file: ../../boot/boot42.opf
# free parameters    : 18
# points in DE swarm : 54
# output state file  : b1boot42.state
# Including singleton site patterns.
# cost function      : KL
Initial parameter values
Fixed:
      zero = 0
       one = 1
    Tbecnw = 75200
Free:
       pc1 = 0
       pc2 = 0
       pc3 = 0
       pc4 = 0
       pc5 = 0
       pc6 = 0
       pc7 = 0
       pc8 = 0
       pc9 = 0
      pc10 = 0
      pc11 = 0
      pc12 = 0
      pc13 = 0
      pc14 = 0
      pc15 = 0
      pc16 = 0
      pc17 = 0
      pc18 = 0
Constrained:
   Tgbecnw = 89338.1
     Tecnw = 24232.1
       Tnw = 13432
       Tec = 17534.5
     twoNb = 468597
     twoNe = 945313
     twoNc = 954866
     twoNw = 1.86444e+06
    twoNec = 45983.5
    twoNnw = 57200.9
  twoNecnw = 75299
  twoNbecnw = 5620.77
  twoNgbecnw = 326681
         m = 0.101595
        m2 = 0.0250526
        m4 = 0.0011635
        m5 = 0.179925
        m6 = 0.00720345
        Tb = 20883.3
        Ta = 48041.6
        Td = 8767.26
        Te = 6716.01
        Tf = 3358
DiffEv reached_goal. cost=1.78236e-03 spread=2.70624e-06
Fitted parameter values
Free:
       pc1 = 3.43407
       pc2 = 3.28022
       pc3 = 1.27664
       pc4 = 0.314331
       pc5 = -0.723063
       pc6 = -1.18929
       pc7 = -1.93809
       pc8 = -0.392334
       pc9 = 0.307733
      pc10 = 0.0945298
      pc11 = 0.0890669
      pc12 = 0.290065
      pc13 = 0.411494
      pc14 = -0.131562
      pc15 = 0.0441714
      pc16 = -0.0144606
      pc17 = -0.0434439
      pc18 = -0.00718396
Constrained:
   Tgbecnw = 78445.8
     Tecnw = 23564.4
       Tnw = 15134
       Tec = 16063.4
     twoNb = 418548
     twoNe = 2.06012e+06
     twoNc = 1.02135e+06
     twoNw = 2.96707e+06
    twoNec = 50328.1
    twoNnw = 42973.2
  twoNecnw = 74176.3
  twoNbecnw = 1267.88
  twoNgbecnw = 365382
         m = 0.0877641
        m2 = 0.0244974
        m4 = 0.000976393
        m5 = 0.186944
        m6 = 0.0119134
        Tb = 19813.9
        Ta = 47506.9
        Td = 8031.68
        Te = 7567.01
        Tf = 3783.51
#       SitePat  BranchLen
              b 122165.4974673
              e 47440.5574765
              c 49874.4354421
              n 45023.6062944
              w 45003.1686342
            b:e 2097.7484936
            b:c 2395.2349409
            b:n 1684.4752206
            b:w 1683.0505387
            e:c 10275.9144297
            e:n 5398.7012440
            e:w 5416.8548884
            c:n 4739.9703770
            c:w 4737.4008613
            n:w 12310.1682033
          b:e:c 1981.6670378
          b:e:n 1045.8539872
          b:e:w 1047.0172845
          b:c:n 1057.4406830
          b:c:w 1056.1292096
          b:n:w 1951.9085104
          e:c:n 4504.5054699
          e:c:w 4509.3590013
          e:n:w 6317.7325297
          c:n:w 5291.3217145
        b:e:c:n 1958.4892122
        b:e:c:w 1960.0620701
        b:e:n:w 3057.7571875
        b:c:n:w 2670.2898254
        e:c:n:w 50800.4015238
