########################################
# legofit: estimate population history #
#       version 2.3.4-4-g53f8760       #
########################################

# Program was compiled: Sep 21 2021 14:36:42
# Program was run: Thu Sep 23 20:08:21 2021

# cmd: legofit -1 -d 0 -t 56 --ptsPerDim 3 --stateOut b1boot16.state --tol 3e-6 -S 5000 abdef2.lgo ../../boot/boot16.opf
# Stage nOptItr nSimReps
#     0    5000        0
# algorithm          : deterministic
# ignoring probs <=  : 0
# Branch length floor: 0
# DE strategy        : 2
#    F               : 0.3
#    CR              : 0.8
#    tolerance       : 3e-06
# nthreads           : 54
# lgo input file     : abdef2.lgo
# site pat input file: ../../boot/boot16.opf
# free parameters    : 18
# points in DE swarm : 54
# output state file  : b1boot16.state
# Including singleton site patterns.
# cost function      : KL
Initial parameter values
Fixed:
      zero = 0
       one = 1
    Tbecnw = 75200
Free:
       pc1 = 0
       pc2 = 0
       pc3 = 0
       pc4 = 0
       pc5 = 0
       pc6 = 0
       pc7 = 0
       pc8 = 0
       pc9 = 0
      pc10 = 0
      pc11 = 0
      pc12 = 0
      pc13 = 0
      pc14 = 0
      pc15 = 0
      pc16 = 0
      pc17 = 0
      pc18 = 0
Constrained:
   Tgbecnw = 89338.1
     Tecnw = 24232.1
       Tnw = 13432
       Tec = 17534.5
     twoNb = 468597
     twoNe = 945313
     twoNc = 954866
     twoNw = 1.86444e+06
    twoNec = 45983.5
    twoNnw = 57200.9
  twoNecnw = 75299
  twoNbecnw = 5620.77
  twoNgbecnw = 326681
         m = 0.101595
        m2 = 0.0250526
        m4 = 0.0011635
        m5 = 0.179925
        m6 = 0.00720345
        Tb = 20883.3
        Ta = 48041.6
        Td = 8767.26
        Te = 6716.01
        Tf = 3358
DiffEv reached_goal. cost=1.72562e-03 spread=2.75629e-06
Fitted parameter values
Free:
       pc1 = 3.79813
       pc2 = 3.51134
       pc3 = 1.38033
       pc4 = 0.740919
       pc5 = 0.14644
       pc6 = -0.395418
       pc7 = -1.52035
       pc8 = -1.87265
       pc9 = 0.911264
      pc10 = -0.794395
      pc11 = -0.363606
      pc12 = 0.98236
      pc13 = 0.732629
      pc14 = -0.296883
      pc15 = 0.0511102
      pc16 = -0.000288501
      pc17 = -0.0292749
      pc18 = 0.0105963
Constrained:
   Tgbecnw = 76947.5
     Tecnw = 23440.9
       Tnw = 14747.7
       Tec = 16145.7
     twoNb = 444773
     twoNe = 936123
     twoNc = 6036.29
     twoNw = 3.81421e+06
    twoNec = 49385.3
    twoNnw = 44665.8
  twoNecnw = 74042.8
  twoNbecnw = 683.955
  twoNgbecnw = 370487
         m = 0.0867109
        m2 = 0.0249307
        m4 = 0.00102591
        m5 = 0.185423
        m6 = 0.00879255
        Tb = 19793.3
        Ta = 47496.6
        Td = 8072.83
        Te = 7373.86
        Tf = 3686.93
#       SitePat  BranchLen
              b 122060.0679177
              e 47356.6624408
              c 49809.0153423
              n 44906.7393252
              w 44891.6540157
            b:e 2104.1392053
            b:c 2403.4409159
            b:n 1693.5404689
            b:w 1692.4867800
            e:c 10247.0284171
            e:n 5403.0453598
            e:w 5416.8490407
            c:n 4736.6422356
            c:w 4734.3609969
            n:w 12307.3202529
          b:e:c 1990.6005866
          b:e:n 1052.7788672
          b:e:w 1053.6853240
          b:c:n 1064.2788921
          b:c:w 1063.2616268
          b:n:w 1961.5418910
          e:c:n 4506.1493951
          e:c:w 4509.7122624
          e:n:w 6312.8612769
          c:n:w 5284.2738431
        b:e:c:n 1972.1709042
        b:e:c:w 1973.3354017
        b:e:n:w 3092.9282922
        b:c:n:w 2697.6759161
        e:c:n:w 50883.9863836
