########################################
# legofit: estimate population history #
#       version 2.3.4-4-g53f8760       #
########################################

# Program was compiled: Sep 21 2021 14:36:42
# Program was run: Thu Sep 23 20:33:42 2021

# cmd: legofit -1 -d 0 -t 56 --ptsPerDim 3 --stateOut b1boot29.state --tol 3e-6 -S 5000 abdef2.lgo ../../boot/boot29.opf
# Stage nOptItr nSimReps
#     0    5000        0
# algorithm          : deterministic
# ignoring probs <=  : 0
# Branch length floor: 0
# DE strategy        : 2
#    F               : 0.3
#    CR              : 0.8
#    tolerance       : 3e-06
# nthreads           : 54
# lgo input file     : abdef2.lgo
# site pat input file: ../../boot/boot29.opf
# free parameters    : 18
# points in DE swarm : 54
# output state file  : b1boot29.state
# Including singleton site patterns.
# cost function      : KL
Initial parameter values
Fixed:
      zero = 0
       one = 1
    Tbecnw = 75200
Free:
       pc1 = 0
       pc2 = 0
       pc3 = 0
       pc4 = 0
       pc5 = 0
       pc6 = 0
       pc7 = 0
       pc8 = 0
       pc9 = 0
      pc10 = 0
      pc11 = 0
      pc12 = 0
      pc13 = 0
      pc14 = 0
      pc15 = 0
      pc16 = 0
      pc17 = 0
      pc18 = 0
Constrained:
   Tgbecnw = 89338.1
     Tecnw = 24232.1
       Tnw = 13432
       Tec = 17534.5
     twoNb = 468597
     twoNe = 945313
     twoNc = 954866
     twoNw = 1.86444e+06
    twoNec = 45983.5
    twoNnw = 57200.9
  twoNecnw = 75299
  twoNbecnw = 5620.77
  twoNgbecnw = 326681
         m = 0.101595
        m2 = 0.0250526
        m4 = 0.0011635
        m5 = 0.179925
        m6 = 0.00720345
        Tb = 20883.3
        Ta = 48041.6
        Td = 8767.26
        Te = 6716.01
        Tf = 3358
DiffEv reached_goal. cost=1.78222e-03 spread=2.89914e-06
Fitted parameter values
Free:
       pc1 = 3.6504
       pc2 = 2.99241
       pc3 = 1.10123
       pc4 = 0.276591
       pc5 = 0.121379
       pc6 = 0.480504
       pc7 = -1.9117
       pc8 = -1.69433
       pc9 = 0.773261
      pc10 = -0.0433614
      pc11 = 0.643958
      pc12 = 0.674854
      pc13 = 0.398342
      pc14 = 0.0051539
      pc15 = 0.0213895
      pc16 = -0.00435118
      pc17 = -0.045562
      pc18 = 0.0183509
Constrained:
   Tgbecnw = 77202.3
     Tecnw = 23487.6
       Tnw = 14729.4
       Tec = 16640.3
     twoNb = 352969
     twoNe = 668960
     twoNc = 683998
     twoNw = 3.46085e+06
    twoNec = 46177.2
    twoNnw = 45021.3
  twoNecnw = 73490.5
  twoNbecnw = 796.252
  twoNgbecnw = 354425
         m = 0.0908878
        m2 = 0.0248349
        m4 = 0.0010731
        m5 = 0.183141
        m6 = 0.00647226
        Tb = 20064
        Ta = 47632
        Td = 8320.15
        Te = 7364.71
        Tf = 3682.36
#       SitePat  BranchLen
              b 122061.6395111
              e 47289.5055123
              c 49730.7354143
              n 44876.8550621
              w 44860.7553809
            b:e 2117.6508088
            b:c 2425.3685835
            b:n 1682.0382052
            b:w 1680.9209871
            e:c 10237.0954196
            e:n 5384.1577696
            e:w 5399.2201409
            c:n 4719.6581558
            c:w 4716.8967868
            n:w 12308.3492863
          b:e:c 1983.2097461
          b:e:n 1042.8177258
          b:e:w 1043.8166169
          b:c:n 1054.5510960
          b:c:w 1053.4349781
          b:n:w 1948.1850520
          e:c:n 4512.3097206
          e:c:w 4516.1083994
          e:n:w 6327.4037521
          c:n:w 5293.5367883
        b:e:c:n 1957.2257428
        b:e:c:w 1958.4601877
        b:e:n:w 3051.5028617
        b:c:n:w 2661.8933443
        e:c:n:w 50902.2312243
