########################################
# legofit: estimate population history #
#       version 2.3.4-4-g53f8760       #
########################################

# Program was compiled: Sep 21 2021 14:36:42
# Program was run: Thu Sep 23 21:00:47 2021

# cmd: legofit -1 -d 0 -t 56 --ptsPerDim 3 --stateOut b1boot41.state --tol 3e-6 -S 5000 abdef2.lgo ../../boot/boot41.opf
# Stage nOptItr nSimReps
#     0    5000        0
# algorithm          : deterministic
# ignoring probs <=  : 0
# Branch length floor: 0
# DE strategy        : 2
#    F               : 0.3
#    CR              : 0.8
#    tolerance       : 3e-06
# nthreads           : 54
# lgo input file     : abdef2.lgo
# site pat input file: ../../boot/boot41.opf
# free parameters    : 18
# points in DE swarm : 54
# output state file  : b1boot41.state
# Including singleton site patterns.
# cost function      : KL
Initial parameter values
Fixed:
      zero = 0
       one = 1
    Tbecnw = 75200
Free:
       pc1 = 0
       pc2 = 0
       pc3 = 0
       pc4 = 0
       pc5 = 0
       pc6 = 0
       pc7 = 0
       pc8 = 0
       pc9 = 0
      pc10 = 0
      pc11 = 0
      pc12 = 0
      pc13 = 0
      pc14 = 0
      pc15 = 0
      pc16 = 0
      pc17 = 0
      pc18 = 0
Constrained:
   Tgbecnw = 89338.1
     Tecnw = 24232.1
       Tnw = 13432
       Tec = 17534.5
     twoNb = 468597
     twoNe = 945313
     twoNc = 954866
     twoNw = 1.86444e+06
    twoNec = 45983.5
    twoNnw = 57200.9
  twoNecnw = 75299
  twoNbecnw = 5620.77
  twoNgbecnw = 326681
         m = 0.101595
        m2 = 0.0250526
        m4 = 0.0011635
        m5 = 0.179925
        m6 = 0.00720345
        Tb = 20883.3
        Ta = 48041.6
        Td = 8767.26
        Te = 6716.01
        Tf = 3358
DiffEv reached_goal. cost=1.76430e-03 spread=2.95740e-06
Fitted parameter values
Free:
       pc1 = 3.78632
       pc2 = 2.90078
       pc3 = 0.453846
       pc4 = 0.377459
       pc5 = -0.954864
       pc6 = 0.942765
       pc7 = -1.8326
       pc8 = -1.14246
       pc9 = 1.98244
      pc10 = -0.351321
      pc11 = -0.383259
      pc12 = 0.465806
      pc13 = 0.39579
      pc14 = -0.136753
      pc15 = 0.11761
      pc16 = -0.018865
      pc17 = 0.00901805
      pc18 = 0.0212252
Constrained:
   Tgbecnw = 77356.3
     Tecnw = 23259.2
       Tnw = 14841.5
       Tec = 17016.5
     twoNb = 443590
     twoNe = 232222
     twoNc = 1.29447e+06
     twoNw = 3.24934e+06
    twoNec = 42400
    twoNnw = 43838.2
  twoNecnw = 74510.1
  twoNbecnw = 851.643
  twoNgbecnw = 360147
         m = 0.0885664
        m2 = 0.0255204
        m4 = 0.000361766
        m5 = 0.184614
        m6 = 0.00612175
        Tb = 20137.9
        Ta = 47668.9
        Td = 8508.27
        Te = 7420.73
        Tf = 3710.37
#       SitePat  BranchLen
              b 121817.0544574
              e 47392.2657997
              c 49822.7591037
              n 44956.9034379
              w 44939.5277924
            b:e 2106.8499504
            b:c 2396.3034566
            b:n 1697.2306618
            b:w 1696.0140663
            e:c 10227.7107877
            e:n 5422.5442292
            e:w 5438.8648831
            c:n 4760.0090449
            c:w 4756.9443250
            n:w 12285.6498351
          b:e:c 1987.5395219
          b:e:n 1054.3908806
          b:e:w 1055.4861910
          b:c:n 1065.7608227
          b:c:w 1064.5376271
          b:n:w 1959.4473502
          e:c:n 4526.6707243
          e:c:w 4530.7904359
          e:n:w 6306.4673816
          c:n:w 5289.3640314
        b:e:c:n 1975.9965018
        b:e:c:w 1977.3409826
        b:e:n:w 3081.2926567
        b:c:n:w 2702.4835248
        e:c:n:w 50553.5179003
