########################################
# legofit: estimate population history #
#       version 2.3.4-4-g53f8760       #
########################################

# Program was compiled: Sep 21 2021 14:36:42
# Program was run: Thu Sep 23 20:44:33 2021

# cmd: legofit -1 -d 0 -t 56 --ptsPerDim 3 --stateOut b1boot36.state --tol 3e-6 -S 5000 abdef2.lgo ../../boot/boot36.opf
# Stage nOptItr nSimReps
#     0    5000        0
# algorithm          : deterministic
# ignoring probs <=  : 0
# Branch length floor: 0
# DE strategy        : 2
#    F               : 0.3
#    CR              : 0.8
#    tolerance       : 3e-06
# nthreads           : 54
# lgo input file     : abdef2.lgo
# site pat input file: ../../boot/boot36.opf
# free parameters    : 18
# points in DE swarm : 54
# output state file  : b1boot36.state
# Including singleton site patterns.
# cost function      : KL
Initial parameter values
Fixed:
      zero = 0
       one = 1
    Tbecnw = 75200
Free:
       pc1 = 0
       pc2 = 0
       pc3 = 0
       pc4 = 0
       pc5 = 0
       pc6 = 0
       pc7 = 0
       pc8 = 0
       pc9 = 0
      pc10 = 0
      pc11 = 0
      pc12 = 0
      pc13 = 0
      pc14 = 0
      pc15 = 0
      pc16 = 0
      pc17 = 0
      pc18 = 0
Constrained:
   Tgbecnw = 89338.1
     Tecnw = 24232.1
       Tnw = 13432
       Tec = 17534.5
     twoNb = 468597
     twoNe = 945313
     twoNc = 954866
     twoNw = 1.86444e+06
    twoNec = 45983.5
    twoNnw = 57200.9
  twoNecnw = 75299
  twoNbecnw = 5620.77
  twoNgbecnw = 326681
         m = 0.101595
        m2 = 0.0250526
        m4 = 0.0011635
        m5 = 0.179925
        m6 = 0.00720345
        Tb = 20883.3
        Ta = 48041.6
        Td = 8767.26
        Te = 6716.01
        Tf = 3358
DiffEv reached_goal. cost=1.78265e-03 spread=2.84661e-06
Fitted parameter values
Free:
       pc1 = 3.81339
       pc2 = 3.41115
       pc3 = 0.70959
       pc4 = 1.09434
       pc5 = 0.53648
       pc6 = -0.706409
       pc7 = -1.42386
       pc8 = -1.14264
       pc9 = 0.86083
      pc10 = 0.452608
      pc11 = -0.60669
      pc12 = 0.607484
      pc13 = 0.381129
      pc14 = -0.248343
      pc15 = 0.134169
      pc16 = -0.0267871
      pc17 = 0.00931844
      pc18 = 0.0285566
Constrained:
   Tgbecnw = 76662.1
     Tecnw = 23488.9
       Tnw = 14385.9
       Tec = 16015
     twoNb = 414372
     twoNe = 1.13946e+06
     twoNc = 267773
     twoNw = 3.30371e+06
    twoNec = 50247.1
    twoNnw = 47228.8
  twoNecnw = 75010
  twoNbecnw = 579.545
  twoNgbecnw = 356998
         m = 0.0909917
        m2 = 0.0252246
        m4 = 0.000958961
        m5 = 0.189064
        m6 = 0.0162561
        Tb = 19751.9
        Ta = 47476
        Td = 8007.48
        Te = 7192.94
        Tf = 3596.47
#       SitePat  BranchLen
              b 122028.8040020
              e 47514.8909824
              c 49915.1002998
              n 45063.6427288
              w 45045.1534707
            b:e 2115.8713788
            b:c 2409.5681840
            b:n 1695.1562993
            b:w 1693.8781029
            e:c 10224.8163281
            e:n 5427.6238425
            e:w 5443.4222905
            c:n 4770.1843983
            c:w 4768.5389442
            n:w 12285.0090964
          b:e:c 1984.7906370
          b:e:n 1057.3889397
          b:e:w 1058.3596856
          b:c:n 1068.9016461
          b:c:w 1067.7946994
          b:n:w 1954.2231644
          e:c:n 4493.6644954
          e:c:w 4498.0007597
          e:n:w 6278.7557629
          c:n:w 5280.1397746
        b:e:c:n 1979.1482399
        b:e:c:w 1980.5626370
        b:e:n:w 3087.3728576
        b:c:n:w 2703.4577529
        e:c:n:w 50740.6095735
