########################################
# legofit: estimate population history #
#       version 2.3.4-4-g53f8760       #
########################################

# Program was compiled: Sep 21 2021 14:36:42
# Program was run: Thu Sep 23 22:58:52 2021

# cmd: legofit -1 -d 0 -t 56 --ptsPerDim 3 --stateOut b1boot48.state --tol 3e-6 -S 5000 abdef2.lgo ../../boot/boot48.opf
# Stage nOptItr nSimReps
#     0    5000        0
# algorithm          : deterministic
# ignoring probs <=  : 0
# Branch length floor: 0
# DE strategy        : 2
#    F               : 0.3
#    CR              : 0.8
#    tolerance       : 3e-06
# nthreads           : 54
# lgo input file     : abdef2.lgo
# site pat input file: ../../boot/boot48.opf
# free parameters    : 18
# points in DE swarm : 54
# output state file  : b1boot48.state
# Including singleton site patterns.
# cost function      : KL
Initial parameter values
Fixed:
      zero = 0
       one = 1
    Tbecnw = 75200
Free:
       pc1 = 0
       pc2 = 0
       pc3 = 0
       pc4 = 0
       pc5 = 0
       pc6 = 0
       pc7 = 0
       pc8 = 0
       pc9 = 0
      pc10 = 0
      pc11 = 0
      pc12 = 0
      pc13 = 0
      pc14 = 0
      pc15 = 0
      pc16 = 0
      pc17 = 0
      pc18 = 0
Constrained:
   Tgbecnw = 89338.1
     Tecnw = 24232.1
       Tnw = 13432
       Tec = 17534.5
     twoNb = 468597
     twoNe = 945313
     twoNc = 954866
     twoNw = 1.86444e+06
    twoNec = 45983.5
    twoNnw = 57200.9
  twoNecnw = 75299
  twoNbecnw = 5620.77
  twoNgbecnw = 326681
         m = 0.101595
        m2 = 0.0250526
        m4 = 0.0011635
        m5 = 0.179925
        m6 = 0.00720345
        Tb = 20883.3
        Ta = 48041.6
        Td = 8767.26
        Te = 6716.01
        Tf = 3358
DiffEv reached_goal. cost=1.78260e-03 spread=2.85605e-06
Fitted parameter values
Free:
       pc1 = 3.85869
       pc2 = 3.61695
       pc3 = 0.892649
       pc4 = 1.39636
       pc5 = -0.631808
       pc6 = 0.208418
       pc7 = -1.8032
       pc8 = -0.485052
       pc9 = 0.346548
      pc10 = 0.166426
      pc11 = -0.459282
      pc12 = -0.141104
      pc13 = 0.624573
      pc14 = -0.128828
      pc15 = 0.0726226
      pc16 = -0.00303227
      pc17 = -0.00901699
      pc18 = 0.00142046
Constrained:
   Tgbecnw = 77181.9
     Tecnw = 23522
       Tnw = 14571.7
       Tec = 16497.8
     twoNb = 433856
     twoNe = 827335
     twoNc = 1.38106e+06
     twoNw = 3.32968e+06
    twoNec = 46606.1
    twoNnw = 46084.9
  twoNecnw = 74239.2
  twoNbecnw = 780.536
  twoNgbecnw = 365648
         m = 0.0875979
        m2 = 0.0244476
        m4 = 0.000884045
        m5 = 0.1927
        m6 = 0.0149442
        Tb = 20009.9
        Ta = 47605
        Td = 8248.91
        Te = 7285.87
        Tf = 3642.93
#       SitePat  BranchLen
              b 122054.6428050
              e 47363.4713096
              c 49826.6218421
              n 44962.8367816
              w 44944.2247709
            b:e 2108.1097472
            b:c 2407.2443615
            b:n 1706.3495639
            b:w 1705.0480852
            e:c 10238.6907798
            e:n 5433.1046617
            e:w 5449.2398913
            c:n 4761.1649637
            c:w 4759.2418702
            n:w 12288.3280224
          b:e:c 1996.9739247
          b:e:n 1060.8094339
          b:e:w 1061.8256142
          b:c:n 1072.4646073
          b:c:w 1071.3122112
          b:n:w 1968.0779860
          e:c:n 4524.5419189
          e:c:w 4528.9417935
          e:n:w 6318.2041249
          c:n:w 5287.6571130
        b:e:c:n 1986.3341577
        b:e:c:w 1987.7718522
        b:e:n:w 3079.0882432
        b:c:n:w 2688.1460197
        e:c:n:w 50817.0913259
