########################################
# legofit: estimate population history #
#       version 2.3.4-4-g53f8760       #
########################################

# Program was compiled: Sep 21 2021 14:36:42
# Program was run: Thu Sep 23 21:11:05 2021

# cmd: legofit -1 -d 0 -t 56 --ptsPerDim 3 --stateOut b1boot43.state --tol 3e-6 -S 5000 abdef2.lgo ../../boot/boot43.opf
# Stage nOptItr nSimReps
#     0    5000        0
# algorithm          : deterministic
# ignoring probs <=  : 0
# Branch length floor: 0
# DE strategy        : 2
#    F               : 0.3
#    CR              : 0.8
#    tolerance       : 3e-06
# nthreads           : 54
# lgo input file     : abdef2.lgo
# site pat input file: ../../boot/boot43.opf
# free parameters    : 18
# points in DE swarm : 54
# output state file  : b1boot43.state
# Including singleton site patterns.
# cost function      : KL
Initial parameter values
Fixed:
      zero = 0
       one = 1
    Tbecnw = 75200
Free:
       pc1 = 0
       pc2 = 0
       pc3 = 0
       pc4 = 0
       pc5 = 0
       pc6 = 0
       pc7 = 0
       pc8 = 0
       pc9 = 0
      pc10 = 0
      pc11 = 0
      pc12 = 0
      pc13 = 0
      pc14 = 0
      pc15 = 0
      pc16 = 0
      pc17 = 0
      pc18 = 0
Constrained:
   Tgbecnw = 89338.1
     Tecnw = 24232.1
       Tnw = 13432
       Tec = 17534.5
     twoNb = 468597
     twoNe = 945313
     twoNc = 954866
     twoNw = 1.86444e+06
    twoNec = 45983.5
    twoNnw = 57200.9
  twoNecnw = 75299
  twoNbecnw = 5620.77
  twoNgbecnw = 326681
         m = 0.101595
        m2 = 0.0250526
        m4 = 0.0011635
        m5 = 0.179925
        m6 = 0.00720345
        Tb = 20883.3
        Ta = 48041.6
        Td = 8767.26
        Te = 6716.01
        Tf = 3358
DiffEv reached_goal. cost=1.79548e-03 spread=2.77103e-06
Fitted parameter values
Free:
       pc1 = 2.84076
       pc2 = 3.75248
       pc3 = -0.707822
       pc4 = 1.22725
       pc5 = -0.998573
       pc6 = 1.16069
       pc7 = -1.78346
       pc8 = -0.932806
       pc9 = 1.13085
      pc10 = -0.429112
      pc11 = -0.0352245
      pc12 = -0.159197
      pc13 = 0.64477
      pc14 = -0.252281
      pc15 = 0.15107
      pc16 = 0.0180114
      pc17 = 0.000409904
      pc18 = 0.0147713
Constrained:
   Tgbecnw = 78315.2
     Tecnw = 23808.5
       Tnw = 13894.7
       Tec = 17090.8
     twoNb = 437410
     twoNe = 306879
     twoNc = 1.75792e+06
     twoNw = 3.57359e+06
    twoNec = 44411.5
    twoNnw = 51707.5
  twoNecnw = 73045.8
  twoNbecnw = 1233.91
  twoNgbecnw = 358920
         m = 0.0885031
        m2 = 0.0255333
        m4 = 0.000147414
        m5 = 0.191896
        m6 = 0.00834802
        Tb = 20449.6
        Ta = 47824.8
        Td = 8545.39
        Te = 6947.36
        Tf = 3473.68
#       SitePat  BranchLen
              b 122143.3910927
              e 47443.7999013
              c 49951.8656913
              n 45050.2747845
              w 45034.3461427
            b:e 2110.8671032
            b:c 2406.1013474
            b:n 1709.3554218
            b:w 1708.2563787
            e:c 10221.7403789
            e:n 5428.5533833
            e:w 5443.2403117
            c:n 4736.9600434
            c:w 4734.4984161
            n:w 12298.8054707
          b:e:c 1994.5919024
          b:e:n 1058.4020636
          b:e:w 1059.3596070
          b:c:n 1069.6585918
          b:c:w 1068.5881433
          b:n:w 1967.8448918
          e:c:n 4547.5456351
          e:c:w 4551.2489757
          e:n:w 6322.2270728
          c:n:w 5282.2485031
        b:e:c:n 1983.6042592
        b:e:c:w 1984.8162074
        b:e:n:w 3077.9881647
        b:c:n:w 2694.5168356
        e:c:n:w 50809.3572171
