########################################
# legofit: estimate population history #
#       version 2.3.4-4-g53f8760       #
########################################

# Program was compiled: Sep 21 2021 14:36:42
# Program was run: Thu Sep 23 19:49:42 2021

# cmd: legofit -1 -d 0 -t 56 --ptsPerDim 3 --stateOut b1boot7.state --tol 3e-6 -S 5000 abdef2.lgo ../../boot/boot7.opf
# Stage nOptItr nSimReps
#     0    5000        0
# algorithm          : deterministic
# ignoring probs <=  : 0
# Branch length floor: 0
# DE strategy        : 2
#    F               : 0.3
#    CR              : 0.8
#    tolerance       : 3e-06
# nthreads           : 54
# lgo input file     : abdef2.lgo
# site pat input file: ../../boot/boot7.opf
# free parameters    : 18
# points in DE swarm : 54
# output state file  : b1boot7.state
# Including singleton site patterns.
# cost function      : KL
Initial parameter values
Fixed:
      zero = 0
       one = 1
    Tbecnw = 75200
Free:
       pc1 = 0
       pc2 = 0
       pc3 = 0
       pc4 = 0
       pc5 = 0
       pc6 = 0
       pc7 = 0
       pc8 = 0
       pc9 = 0
      pc10 = 0
      pc11 = 0
      pc12 = 0
      pc13 = 0
      pc14 = 0
      pc15 = 0
      pc16 = 0
      pc17 = 0
      pc18 = 0
Constrained:
   Tgbecnw = 89338.1
     Tecnw = 24232.1
       Tnw = 13432
       Tec = 17534.5
     twoNb = 468597
     twoNe = 945313
     twoNc = 954866
     twoNw = 1.86444e+06
    twoNec = 45983.5
    twoNnw = 57200.9
  twoNecnw = 75299
  twoNbecnw = 5620.77
  twoNgbecnw = 326681
         m = 0.101595
        m2 = 0.0250526
        m4 = 0.0011635
        m5 = 0.179925
        m6 = 0.00720345
        Tb = 20883.3
        Ta = 48041.6
        Td = 8767.26
        Te = 6716.01
        Tf = 3358
DiffEv reached_goal. cost=1.78881e-03 spread=2.45178e-06
Fitted parameter values
Free:
       pc1 = 3.88245
       pc2 = 3.37271
       pc3 = 0.088659
       pc4 = 1.74497
       pc5 = -1.19491
       pc6 = 0.837103
       pc7 = -1.58067
       pc8 = -1.38727
       pc9 = 1.21411
      pc10 = -0.784351
      pc11 = -0.317397
      pc12 = 0.126463
      pc13 = 0.191034
      pc14 = 0.0765832
      pc15 = -0.0568751
      pc16 = -0.0475976
      pc17 = 0.0196655
      pc18 = 0.018588
Constrained:
   Tgbecnw = 78276.5
     Tecnw = 23515
       Tnw = 14969.1
       Tec = 17230.4
     twoNb = 458611
     twoNe = 43993.5
     twoNc = 1.29131e+06
     twoNw = 3.94545e+06
    twoNec = 42187.8
    twoNnw = 44420.1
  twoNecnw = 73350.6
  twoNbecnw = 1213.07
  twoNgbecnw = 362232
         m = 0.0880428
        m2 = 0.0250732
        m4 = 0.000179457
        m5 = 0.189427
        m6 = 0.0125227
        Tb = 20372.7
        Ta = 47786.4
        Td = 8615.2
        Te = 7484.56
        Tf = 3742.28
#       SitePat  BranchLen
              b 122264.9668439
              e 47383.9737052
              c 49773.9865967
              n 44952.6192056
              w 44937.1281231
            b:e 2103.9772670
            b:c 2386.5473636
            b:n 1701.2034389
            b:w 1700.1151315
            e:c 10182.6539494
            e:n 5423.8302016
            e:w 5437.5298587
            c:n 4771.7928111
            c:w 4769.8820461
            n:w 12216.3040912
          b:e:c 1982.5795460
          b:e:n 1056.1169361
          b:e:w 1056.9989641
          b:c:n 1066.8261600
          b:c:w 1065.8332654
          b:n:w 1956.5540452
          e:c:n 4550.1082644
          e:c:w 4553.8104548
          e:n:w 6321.9914792
          c:n:w 5318.7447019
        b:e:c:n 1973.0237529
        b:e:c:w 1974.2229269
        b:e:n:w 3060.8969362
        b:c:n:w 2691.7023697
        e:c:n:w 50979.8508730
