########################################
# legofit: estimate population history #
#       version 2.3.4-4-g53f8760       #
########################################

# Program was compiled: Sep 21 2021 14:36:42
# Program was run: Thu Sep 23 20:59:11 2021

# cmd: legofit -1 -d 0 -t 56 --ptsPerDim 3 --stateOut b1boot39.state --tol 3e-6 -S 5000 abdef2.lgo ../../boot/boot39.opf
# Stage nOptItr nSimReps
#     0    5000        0
# algorithm          : deterministic
# ignoring probs <=  : 0
# Branch length floor: 0
# DE strategy        : 2
#    F               : 0.3
#    CR              : 0.8
#    tolerance       : 3e-06
# nthreads           : 54
# lgo input file     : abdef2.lgo
# site pat input file: ../../boot/boot39.opf
# free parameters    : 18
# points in DE swarm : 54
# output state file  : b1boot39.state
# Including singleton site patterns.
# cost function      : KL
Initial parameter values
Fixed:
      zero = 0
       one = 1
    Tbecnw = 75200
Free:
       pc1 = 0
       pc2 = 0
       pc3 = 0
       pc4 = 0
       pc5 = 0
       pc6 = 0
       pc7 = 0
       pc8 = 0
       pc9 = 0
      pc10 = 0
      pc11 = 0
      pc12 = 0
      pc13 = 0
      pc14 = 0
      pc15 = 0
      pc16 = 0
      pc17 = 0
      pc18 = 0
Constrained:
   Tgbecnw = 89338.1
     Tecnw = 24232.1
       Tnw = 13432
       Tec = 17534.5
     twoNb = 468597
     twoNe = 945313
     twoNc = 954866
     twoNw = 1.86444e+06
    twoNec = 45983.5
    twoNnw = 57200.9
  twoNecnw = 75299
  twoNbecnw = 5620.77
  twoNgbecnw = 326681
         m = 0.101595
        m2 = 0.0250526
        m4 = 0.0011635
        m5 = 0.179925
        m6 = 0.00720345
        Tb = 20883.3
        Ta = 48041.6
        Td = 8767.26
        Te = 6716.01
        Tf = 3358
DiffEv reached_goal. cost=1.74816e-03 spread=2.56827e-06
Fitted parameter values
Free:
       pc1 = 3.87295
       pc2 = 3.82523
       pc3 = 0.458449
       pc4 = 1.33064
       pc5 = 0.530274
       pc6 = 0.321912
       pc7 = -1.72334
       pc8 = -0.942794
       pc9 = 0.917098
      pc10 = -0.353848
      pc11 = -0.530437
      pc12 = 0.647361
      pc13 = 0.11384
      pc14 = 0.132096
      pc15 = 0.0568288
      pc16 = 0.0171087
      pc17 = -0.0259374
      pc18 = 0.0255973
Constrained:
   Tgbecnw = 75821.3
     Tecnw = 23446.6
       Tnw = 13963.9
       Tec = 16987.4
     twoNb = 442096
     twoNe = 668764
     twoNc = 690272
     twoNw = 3.66744e+06
    twoNec = 42534.8
    twoNnw = 48819.8
  twoNecnw = 73377.6
  twoNbecnw = 248.853
  twoNgbecnw = 355567
         m = 0.0886093
        m2 = 0.025275
        m4 = 0.000920538
        m5 = 0.187688
        m6 = 0.0158802
        Tb = 20217
        Ta = 47708.5
        Td = 8493.71
        Te = 6981.97
        Tf = 3490.99
#       SitePat  BranchLen
              b 121364.2648064
              e 47193.9995932
              c 49585.8979740
              n 44701.1088515
              w 44685.1197540
            b:e 2108.3737582
            b:c 2398.9403051
            b:n 1699.0916067
            b:w 1697.9838004
            e:c 10212.6479856
            e:n 5398.3314513
            e:w 5412.0271875
            c:n 4744.2811600
            c:w 4742.8151084
            n:w 12316.2619931
          b:e:c 1993.4423854
          b:e:n 1053.8583116
          b:e:w 1054.7037136
          b:c:n 1064.9771059
          b:c:w 1064.0163605
          b:n:w 1964.6930085
          e:c:n 4525.6471097
          e:c:w 4529.4065226
          e:n:w 6300.2508013
          c:n:w 5301.0811214
        b:e:c:n 1976.7548108
        b:e:c:w 1977.9779602
        b:e:n:w 3071.5487711
        b:c:n:w 2691.0844140
        e:c:n:w 50372.7409316
