########################################
# legofit: estimate population history #
#       version 2.3.4-4-g53f8760       #
########################################

# Program was compiled: Sep 21 2021 14:36:42
# Program was run: Thu Sep 23 20:08:52 2021

# cmd: legofit -1 -d 0 -t 56 --ptsPerDim 3 --stateOut b1boot18.state --tol 3e-6 -S 5000 abdef2.lgo ../../boot/boot18.opf
# Stage nOptItr nSimReps
#     0    5000        0
# algorithm          : deterministic
# ignoring probs <=  : 0
# Branch length floor: 0
# DE strategy        : 2
#    F               : 0.3
#    CR              : 0.8
#    tolerance       : 3e-06
# nthreads           : 54
# lgo input file     : abdef2.lgo
# site pat input file: ../../boot/boot18.opf
# free parameters    : 18
# points in DE swarm : 54
# output state file  : b1boot18.state
# Including singleton site patterns.
# cost function      : KL
Initial parameter values
Fixed:
      zero = 0
       one = 1
    Tbecnw = 75200
Free:
       pc1 = 0
       pc2 = 0
       pc3 = 0
       pc4 = 0
       pc5 = 0
       pc6 = 0
       pc7 = 0
       pc8 = 0
       pc9 = 0
      pc10 = 0
      pc11 = 0
      pc12 = 0
      pc13 = 0
      pc14 = 0
      pc15 = 0
      pc16 = 0
      pc17 = 0
      pc18 = 0
Constrained:
   Tgbecnw = 89338.1
     Tecnw = 24232.1
       Tnw = 13432
       Tec = 17534.5
     twoNb = 468597
     twoNe = 945313
     twoNc = 954866
     twoNw = 1.86444e+06
    twoNec = 45983.5
    twoNnw = 57200.9
  twoNecnw = 75299
  twoNbecnw = 5620.77
  twoNgbecnw = 326681
         m = 0.101595
        m2 = 0.0250526
        m4 = 0.0011635
        m5 = 0.179925
        m6 = 0.00720345
        Tb = 20883.3
        Ta = 48041.6
        Td = 8767.26
        Te = 6716.01
        Tf = 3358
DiffEv reached_goal. cost=1.78548e-03 spread=2.73276e-06
Fitted parameter values
Free:
       pc1 = 3.62256
       pc2 = 3.18553
       pc3 = 1.2301
       pc4 = 1.6764
       pc5 = 0.822081
       pc6 = -0.880499
       pc7 = -1.43572
       pc8 = -0.69099
       pc9 = -0.0408173
      pc10 = -0.157332
      pc11 = -0.822068
      pc12 = 0.756548
      pc13 = -0.176396
      pc14 = 0.0250297
      pc15 = 0.0553532
      pc16 = -0.0375574
      pc17 = -0.00888838
      pc18 = 0.0155203
Constrained:
   Tgbecnw = 77856.8
     Tecnw = 23593.6
       Tnw = 14331.4
       Tec = 16542.1
     twoNb = 463601
     twoNe = 1.32743e+06
     twoNc = 264481
     twoNw = 3.57417e+06
    twoNec = 46874.5
    twoNnw = 47772.9
  twoNecnw = 74514.3
  twoNbecnw = 1056.25
  twoNgbecnw = 354522
         m = 0.0907967
        m2 = 0.024614
        m4 = 0.00143614
        m5 = 0.186494
        m6 = 0.0214629
        Tb = 20067.9
        Ta = 47633.9
        Td = 8271.06
        Te = 7165.71
        Tf = 3582.85
#       SitePat  BranchLen
              b 122225.2276257
              e 47580.7035833
              c 49906.5039515
              n 45063.7271992
              w 45046.2493216
            b:e 2115.4723079
            b:c 2402.0420428
            b:n 1708.2413566
            b:w 1707.0274118
            e:c 10250.3551299
            e:n 5422.8711274
            e:w 5437.0718234
            c:n 4789.7257904
            c:w 4788.8799770
            n:w 12329.3228274
          b:e:c 1997.0123048
          b:e:n 1062.2403714
          b:e:w 1063.0785129
          b:c:n 1073.1735772
          b:c:w 1072.2094996
          b:n:w 1969.8653741
          e:c:n 4527.9981572
          e:c:w 4532.1211523
          e:n:w 6292.2514456
          c:n:w 5322.9320929
        b:e:c:n 1987.4385390
        b:e:c:w 1988.7784199
        b:e:n:w 3089.3829767
        b:c:n:w 2707.6051752
        e:c:n:w 50822.0198268
