########################################
# legofit: estimate population history #
#       version 2.3.4-4-g53f8760       #
########################################

# Program was compiled: Sep 21 2021 14:36:42
# Program was run: Thu Sep 23 20:18:03 2021

# cmd: legofit -1 -d 0 -t 56 --ptsPerDim 3 --stateOut b1boot21.state --tol 3e-6 -S 5000 abdef2.lgo ../../boot/boot21.opf
# Stage nOptItr nSimReps
#     0    5000        0
# algorithm          : deterministic
# ignoring probs <=  : 0
# Branch length floor: 0
# DE strategy        : 2
#    F               : 0.3
#    CR              : 0.8
#    tolerance       : 3e-06
# nthreads           : 54
# lgo input file     : abdef2.lgo
# site pat input file: ../../boot/boot21.opf
# free parameters    : 18
# points in DE swarm : 54
# output state file  : b1boot21.state
# Including singleton site patterns.
# cost function      : KL
Initial parameter values
Fixed:
      zero = 0
       one = 1
    Tbecnw = 75200
Free:
       pc1 = 0
       pc2 = 0
       pc3 = 0
       pc4 = 0
       pc5 = 0
       pc6 = 0
       pc7 = 0
       pc8 = 0
       pc9 = 0
      pc10 = 0
      pc11 = 0
      pc12 = 0
      pc13 = 0
      pc14 = 0
      pc15 = 0
      pc16 = 0
      pc17 = 0
      pc18 = 0
Constrained:
   Tgbecnw = 89338.1
     Tecnw = 24232.1
       Tnw = 13432
       Tec = 17534.5
     twoNb = 468597
     twoNe = 945313
     twoNc = 954866
     twoNw = 1.86444e+06
    twoNec = 45983.5
    twoNnw = 57200.9
  twoNecnw = 75299
  twoNbecnw = 5620.77
  twoNgbecnw = 326681
         m = 0.101595
        m2 = 0.0250526
        m4 = 0.0011635
        m5 = 0.179925
        m6 = 0.00720345
        Tb = 20883.3
        Ta = 48041.6
        Td = 8767.26
        Te = 6716.01
        Tf = 3358
DiffEv reached_goal. cost=1.75790e-03 spread=2.91164e-06
Fitted parameter values
Free:
       pc1 = 3.85395
       pc2 = 3.3127
       pc3 = 1.6896
       pc4 = 1.31264
       pc5 = -0.607131
       pc6 = 0.404326
       pc7 = -1.61466
       pc8 = -1.5223
       pc9 = 1.30903
      pc10 = -0.223073
      pc11 = -0.246456
      pc12 = 0.705625
      pc13 = 0.27752
      pc14 = 0.0386462
      pc15 = 0.00108151
      pc16 = -0.00168842
      pc17 = -0.0133757
      pc18 = 0.0152802
Constrained:
   Tgbecnw = 76943.3
     Tecnw = 23358.8
       Tnw = 15276.2
       Tec = 15782.7
     twoNb = 448440
     twoNe = 201007
     twoNc = 777647
     twoNw = 3.56781e+06
    twoNec = 51856.5
    twoNnw = 40876.1
  twoNecnw = 73755.5
  twoNbecnw = 689.71
  twoNgbecnw = 362951
         m = 0.0876841
        m2 = 0.024733
        m4 = 0.00089212
        m5 = 0.184886
        m6 = 0.0114641
        Tb = 19570.7
        Ta = 47385.4
        Td = 7891.33
        Te = 7638.1
        Tf = 3819.05
#       SitePat  BranchLen
              b 121896.8954116
              e 47286.8699093
              c 49697.5858347
              n 44765.3274471
              w 44748.5547839
            b:e 2115.4093502
            b:c 2410.6626217
            b:n 1692.3462819
            b:w 1691.1591096
            e:c 10240.3971972
            e:n 5397.7393936
            e:w 5412.6789248
            c:n 4747.8505750
            c:w 4745.6592098
            n:w 12317.2920572
          b:e:c 1995.5520055
          b:e:n 1054.0570630
          b:e:w 1055.0318047
          b:c:n 1065.3700364
          b:c:w 1064.2720108
          b:n:w 1964.9432447
          e:c:n 4507.9357012
          e:c:w 4511.9601984
          e:n:w 6357.9950176
          c:n:w 5334.4382139
        b:e:c:n 1967.8576194
        b:e:c:w 1969.1680756
        b:e:n:w 3085.5568343
        b:c:n:w 2699.4997583
        e:c:n:w 50769.5723019
