########################################
# legofit: estimate population history #
#       version 2.3.4-4-g53f8760       #
########################################

# Program was compiled: Sep 21 2021 14:36:42
# Program was run: Thu Sep 23 20:07:14 2021

# cmd: legofit -1 -d 0 -t 56 --ptsPerDim 3 --stateOut b1boot15.state --tol 3e-6 -S 5000 abdef2.lgo ../../boot/boot15.opf
# Stage nOptItr nSimReps
#     0    5000        0
# algorithm          : deterministic
# ignoring probs <=  : 0
# Branch length floor: 0
# DE strategy        : 2
#    F               : 0.3
#    CR              : 0.8
#    tolerance       : 3e-06
# nthreads           : 54
# lgo input file     : abdef2.lgo
# site pat input file: ../../boot/boot15.opf
# free parameters    : 18
# points in DE swarm : 54
# output state file  : b1boot15.state
# Including singleton site patterns.
# cost function      : KL
Initial parameter values
Fixed:
      zero = 0
       one = 1
    Tbecnw = 75200
Free:
       pc1 = 0
       pc2 = 0
       pc3 = 0
       pc4 = 0
       pc5 = 0
       pc6 = 0
       pc7 = 0
       pc8 = 0
       pc9 = 0
      pc10 = 0
      pc11 = 0
      pc12 = 0
      pc13 = 0
      pc14 = 0
      pc15 = 0
      pc16 = 0
      pc17 = 0
      pc18 = 0
Constrained:
   Tgbecnw = 89338.1
     Tecnw = 24232.1
       Tnw = 13432
       Tec = 17534.5
     twoNb = 468597
     twoNe = 945313
     twoNc = 954866
     twoNw = 1.86444e+06
    twoNec = 45983.5
    twoNnw = 57200.9
  twoNecnw = 75299
  twoNbecnw = 5620.77
  twoNgbecnw = 326681
         m = 0.101595
        m2 = 0.0250526
        m4 = 0.0011635
        m5 = 0.179925
        m6 = 0.00720345
        Tb = 20883.3
        Ta = 48041.6
        Td = 8767.26
        Te = 6716.01
        Tf = 3358
DiffEv reached_goal. cost=1.77532e-03 spread=2.67538e-06
Fitted parameter values
Free:
       pc1 = 3.83098
       pc2 = 3.02778
       pc3 = 1.3718
       pc4 = 1.16483
       pc5 = 0.221115
       pc6 = 0.671973
       pc7 = -1.95734
       pc8 = -1.03623
       pc9 = -0.454265
      pc10 = -0.147304
      pc11 = -0.233935
      pc12 = 0.153834
      pc13 = 0.135535
      pc14 = 0.182064
      pc15 = 0.024744
      pc16 = -0.00159867
      pc17 = -0.019588
      pc18 = -0.00130184
Constrained:
   Tgbecnw = 77830.1
     Tecnw = 23514
       Tnw = 14196
       Tec = 17206.3
     twoNb = 393609
     twoNe = 601418
     twoNc = 1.06031e+06
     twoNw = 3.6907e+06
    twoNec = 42058.7
    twoNnw = 48071
  twoNecnw = 74053.9
  twoNbecnw = 1038.09
  twoNgbecnw = 358228
         m = 0.0894243
        m2 = 0.0239183
        m4 = 0.00141761
        m5 = 0.186183
        m6 = 0.0146624
        Tb = 20360.2
        Ta = 47780.1
        Td = 8603.15
        Te = 7098
        Tf = 3549
#       SitePat  BranchLen
              b 122006.6924960
              e 47383.6729866
              c 49781.3562766
              n 44917.4187580
              w 44901.5005775
            b:e 2095.9424454
            b:c 2393.4602852
            b:n 1687.9577868
            b:w 1686.8634489
            e:c 10211.1014708
            e:n 5411.4258516
            e:w 5425.2010840
            c:n 4755.7912139
            c:w 4754.1952466
            n:w 12323.9706034
          b:e:c 1977.5636350
          b:e:n 1047.1677630
          b:e:w 1048.0189548
          b:c:n 1058.4535006
          b:c:w 1057.4885421
          b:n:w 1946.8783082
          e:c:n 4521.0460018
          e:c:w 4524.7849171
          e:n:w 6293.0909231
          c:n:w 5289.1476782
        b:e:c:n 1963.0688170
        b:e:c:w 1964.2769217
        b:e:n:w 3036.3174896
        b:c:n:w 2650.9447144
        e:c:n:w 50718.4160191
