########################################
# legofit: estimate population history #
#       version 2.3.4-4-g53f8760       #
########################################

# Program was compiled: Sep 21 2021 14:36:42
# Program was run: Thu Sep 23 20:18:34 2021

# cmd: legofit -1 -d 0 -t 56 --ptsPerDim 3 --stateOut b1boot23.state --tol 3e-6 -S 5000 abdef2.lgo ../../boot/boot23.opf
# Stage nOptItr nSimReps
#     0    5000        0
# algorithm          : deterministic
# ignoring probs <=  : 0
# Branch length floor: 0
# DE strategy        : 2
#    F               : 0.3
#    CR              : 0.8
#    tolerance       : 3e-06
# nthreads           : 54
# lgo input file     : abdef2.lgo
# site pat input file: ../../boot/boot23.opf
# free parameters    : 18
# points in DE swarm : 54
# output state file  : b1boot23.state
# Including singleton site patterns.
# cost function      : KL
Initial parameter values
Fixed:
      zero = 0
       one = 1
    Tbecnw = 75200
Free:
       pc1 = 0
       pc2 = 0
       pc3 = 0
       pc4 = 0
       pc5 = 0
       pc6 = 0
       pc7 = 0
       pc8 = 0
       pc9 = 0
      pc10 = 0
      pc11 = 0
      pc12 = 0
      pc13 = 0
      pc14 = 0
      pc15 = 0
      pc16 = 0
      pc17 = 0
      pc18 = 0
Constrained:
   Tgbecnw = 89338.1
     Tecnw = 24232.1
       Tnw = 13432
       Tec = 17534.5
     twoNb = 468597
     twoNe = 945313
     twoNc = 954866
     twoNw = 1.86444e+06
    twoNec = 45983.5
    twoNnw = 57200.9
  twoNecnw = 75299
  twoNbecnw = 5620.77
  twoNgbecnw = 326681
         m = 0.101595
        m2 = 0.0250526
        m4 = 0.0011635
        m5 = 0.179925
        m6 = 0.00720345
        Tb = 20883.3
        Ta = 48041.6
        Td = 8767.26
        Te = 6716.01
        Tf = 3358
DiffEv reached_goal. cost=1.75382e-03 spread=2.95165e-06
Fitted parameter values
Free:
       pc1 = 3.94084
       pc2 = 3.4024
       pc3 = 1.03055
       pc4 = 1.54264
       pc5 = 0.146938
       pc6 = 0.282677
       pc7 = -1.71021
       pc8 = -1.00044
       pc9 = -0.345981
      pc10 = -0.51541
      pc11 = -0.908853
      pc12 = 0.692925
      pc13 = 0.254314
      pc14 = -0.0435705
      pc15 = 0.0862506
      pc16 = 0.0286156
      pc17 = -0.0130871
      pc18 = -0.011262
Constrained:
   Tgbecnw = 77921.9
     Tecnw = 23505.9
       Tnw = 14123.7
       Tec = 17115.5
     twoNb = 444671
     twoNe = 734184
     twoNc = 819480
     twoNw = 4.00702e+06
    twoNec = 42267.9
    twoNnw = 48055.1
  twoNecnw = 74423
  twoNbecnw = 1067.26
  twoNgbecnw = 367146
         m = 0.0864553
        m2 = 0.0245041
        m4 = 0.0013706
        m5 = 0.188188
        m6 = 0.0172457
        Tb = 20310.7
        Ta = 47755.3
        Td = 8557.73
        Te = 7061.85
        Tf = 3530.92
#       SitePat  BranchLen
              b 121914.7503750
              e 47459.9658201
              c 49875.9896177
              n 44930.4805905
              w 44915.4432490
            b:e 2109.6864979
            b:c 2405.9080514
            b:n 1706.2174857
            b:w 1705.1746723
            e:c 10246.9652541
            e:n 5427.7412257
            e:w 5440.4643151
            c:n 4768.1254592
            c:w 4766.9051494
            n:w 12386.1495224
          b:e:c 2001.9514741
          b:e:n 1059.5105526
          b:e:w 1060.2882815
          b:c:n 1070.7708525
          b:c:w 1069.8843847
          b:n:w 1973.4889622
          e:c:n 4528.0893352
          e:c:w 4531.6238970
          e:n:w 6315.5981430
          c:n:w 5307.3878873
        b:e:c:n 1985.7291744
        b:e:c:w 1986.8807266
        b:e:n:w 3086.9222542
        b:c:n:w 2695.2056495
        e:c:n:w 50590.9526078
