########################################
# legofit: estimate population history #
#       version 2.3.4-4-g53f8760       #
########################################

# Program was compiled: Sep 21 2021 14:36:42
# Program was run: Thu Sep 23 20:19:37 2021

# cmd: legofit -1 -d 0 -t 56 --ptsPerDim 3 --stateOut b1boot24.state --tol 3e-6 -S 5000 abdef2.lgo ../../boot/boot24.opf
# Stage nOptItr nSimReps
#     0    5000        0
# algorithm          : deterministic
# ignoring probs <=  : 0
# Branch length floor: 0
# DE strategy        : 2
#    F               : 0.3
#    CR              : 0.8
#    tolerance       : 3e-06
# nthreads           : 54
# lgo input file     : abdef2.lgo
# site pat input file: ../../boot/boot24.opf
# free parameters    : 18
# points in DE swarm : 54
# output state file  : b1boot24.state
# Including singleton site patterns.
# cost function      : KL
Initial parameter values
Fixed:
      zero = 0
       one = 1
    Tbecnw = 75200
Free:
       pc1 = 0
       pc2 = 0
       pc3 = 0
       pc4 = 0
       pc5 = 0
       pc6 = 0
       pc7 = 0
       pc8 = 0
       pc9 = 0
      pc10 = 0
      pc11 = 0
      pc12 = 0
      pc13 = 0
      pc14 = 0
      pc15 = 0
      pc16 = 0
      pc17 = 0
      pc18 = 0
Constrained:
   Tgbecnw = 89338.1
     Tecnw = 24232.1
       Tnw = 13432
       Tec = 17534.5
     twoNb = 468597
     twoNe = 945313
     twoNc = 954866
     twoNw = 1.86444e+06
    twoNec = 45983.5
    twoNnw = 57200.9
  twoNecnw = 75299
  twoNbecnw = 5620.77
  twoNgbecnw = 326681
         m = 0.101595
        m2 = 0.0250526
        m4 = 0.0011635
        m5 = 0.179925
        m6 = 0.00720345
        Tb = 20883.3
        Ta = 48041.6
        Td = 8767.26
        Te = 6716.01
        Tf = 3358
DiffEv reached_goal. cost=1.78161e-03 spread=2.69005e-06
Fitted parameter values
Free:
       pc1 = 3.45501
       pc2 = 3.53347
       pc3 = 1.2089
       pc4 = 1.78988
       pc5 = -0.414241
       pc6 = 0.714358
       pc7 = -1.94821
       pc8 = -1.82596
       pc9 = 0.176123
      pc10 = 0.412481
      pc11 = -0.384093
      pc12 = -0.0645395
      pc13 = 0.392668
      pc14 = 0.0147908
      pc15 = 0.0938521
      pc16 = -0.0167072
      pc17 = 0.0158932
      pc18 = 0.00744249
Constrained:
   Tgbecnw = 77456.1
     Tecnw = 23595.3
       Tnw = 14322
       Tec = 15483.3
     twoNb = 391924
     twoNe = 128982
     twoNc = 1.16312e+06
     twoNw = 3.88936e+06
    twoNec = 55360.9
    twoNnw = 47946.1
  twoNecnw = 74239.4
  twoNbecnw = 891.801
  twoNgbecnw = 360336
         m = 0.0892871
        m2 = 0.0241294
        m4 = 0.000889122
        m5 = 0.189085
        m6 = 0.0143562
        Tb = 19539.3
        Ta = 47369.6
        Td = 7741.66
        Te = 7160.99
        Tf = 3580.49
#       SitePat  BranchLen
              b 122125.6339784
              e 47447.6956860
              c 49862.2149100
              n 45015.4222418
              w 44999.9936529
            b:e 2121.5733579
            b:c 2417.7159370
            b:n 1700.4873423
            b:w 1699.4171592
            e:c 10225.2109710
            e:n 5436.3902264
            e:w 5449.8079745
            c:n 4772.8223276
            c:w 4771.2094469
            n:w 12290.4219614
          b:e:c 1988.5877018
          b:e:n 1060.9480460
          b:e:w 1061.7880128
          b:c:n 1072.2854506
          b:c:w 1071.3332528
          b:n:w 1955.7841423
          e:c:n 4511.0516208
          e:c:w 4514.6753424
          e:n:w 6312.2290698
          c:n:w 5302.7408671
        b:e:c:n 1980.7523236
        b:e:c:w 1981.9347377
        b:e:n:w 3061.1994551
        b:c:n:w 2681.3095991
        e:c:n:w 50826.9061401
