########################################
# legofit: estimate population history #
#       version 2.3.4-4-g53f8760       #
########################################

# Program was compiled: Sep 21 2021 14:36:42
# Program was run: Thu Sep 23 20:34:46 2021

# cmd: legofit -1 -d 0 -t 56 --ptsPerDim 3 --stateOut b1boot31.state --tol 3e-6 -S 5000 abdef2.lgo ../../boot/boot31.opf
# Stage nOptItr nSimReps
#     0    5000        0
# algorithm          : deterministic
# ignoring probs <=  : 0
# Branch length floor: 0
# DE strategy        : 2
#    F               : 0.3
#    CR              : 0.8
#    tolerance       : 3e-06
# nthreads           : 54
# lgo input file     : abdef2.lgo
# site pat input file: ../../boot/boot31.opf
# free parameters    : 18
# points in DE swarm : 54
# output state file  : b1boot31.state
# Including singleton site patterns.
# cost function      : KL
Initial parameter values
Fixed:
      zero = 0
       one = 1
    Tbecnw = 75200
Free:
       pc1 = 0
       pc2 = 0
       pc3 = 0
       pc4 = 0
       pc5 = 0
       pc6 = 0
       pc7 = 0
       pc8 = 0
       pc9 = 0
      pc10 = 0
      pc11 = 0
      pc12 = 0
      pc13 = 0
      pc14 = 0
      pc15 = 0
      pc16 = 0
      pc17 = 0
      pc18 = 0
Constrained:
   Tgbecnw = 89338.1
     Tecnw = 24232.1
       Tnw = 13432
       Tec = 17534.5
     twoNb = 468597
     twoNe = 945313
     twoNc = 954866
     twoNw = 1.86444e+06
    twoNec = 45983.5
    twoNnw = 57200.9
  twoNecnw = 75299
  twoNbecnw = 5620.77
  twoNgbecnw = 326681
         m = 0.101595
        m2 = 0.0250526
        m4 = 0.0011635
        m5 = 0.179925
        m6 = 0.00720345
        Tb = 20883.3
        Ta = 48041.6
        Td = 8767.26
        Te = 6716.01
        Tf = 3358
DiffEv reached_goal. cost=1.75836e-03 spread=2.53989e-06
Fitted parameter values
Free:
       pc1 = 3.61577
       pc2 = 3.95526
       pc3 = 1.45671
       pc4 = 1.36945
       pc5 = 0.0488791
       pc6 = -0.249926
       pc7 = -1.59575
       pc8 = -1.51931
       pc9 = 0.0518654
      pc10 = -0.225661
      pc11 = -0.797455
      pc12 = -0.121157
      pc13 = 0.599249
      pc14 = 0.0493984
      pc15 = 0.0279182
      pc16 = 0.00718142
      pc17 = -0.0079116
      pc18 = -0.00712539
Constrained:
   Tgbecnw = 77087
     Tecnw = 23521.8
       Tnw = 14035.9
       Tec = 15773.5
     twoNb = 436290
     twoNe = 867644
     twoNc = 498232
     twoNw = 3.70976e+06
    twoNec = 52515.4
    twoNnw = 48991.1
  twoNecnw = 74037.2
  twoNbecnw = 741.749
  twoNgbecnw = 370690
         m = 0.0859009
        m2 = 0.0239603
        m4 = 0.000948548
        m5 = 0.189801
        m6 = 0.015242
        Tb = 19647.6
        Ta = 47423.8
        Td = 7886.74
        Te = 7017.97
        Tf = 3508.99
#       SitePat  BranchLen
              b 122031.8364076
              e 47356.9353259
              c 49782.6533593
              n 44898.7565860
              w 44882.7064448
            b:e 2123.1068394
            b:c 2417.8267898
            b:n 1717.5093922
            b:w 1716.3884968
            e:c 10235.5621728
            e:n 5446.8205385
            e:w 5460.6727503
            c:n 4781.4789618
            c:w 4779.9038161
            n:w 12321.2132875
          b:e:c 2006.0457617
          b:e:n 1070.4216734
          b:e:w 1071.2890876
          b:c:n 1081.7896942
          b:c:w 1080.8052729
          b:n:w 1975.7362081
          e:c:n 4532.7638945
          e:c:w 4536.5369695
          e:n:w 6324.9408793
          c:n:w 5313.9632925
        b:e:c:n 1999.2652813
        b:e:c:w 2000.5031838
        b:e:n:w 3084.4389331
        b:c:n:w 2700.2048059
        e:c:n:w 50827.8646938
