########################################
# legofit: estimate population history #
#       version 2.3.4-4-g53f8760       #
########################################

# Program was compiled: Sep 21 2021 14:36:42
# Program was run: Thu Sep 23 19:12:49 2021

# cmd: legofit -1 -d 0 -t 56 --ptsPerDim 3 --stateOut b1boot3.state --tol 3e-6 -S 5000 abdef2.lgo ../../boot/boot3.opf
# Stage nOptItr nSimReps
#     0    5000        0
# algorithm          : deterministic
# ignoring probs <=  : 0
# Branch length floor: 0
# DE strategy        : 2
#    F               : 0.3
#    CR              : 0.8
#    tolerance       : 3e-06
# nthreads           : 54
# lgo input file     : abdef2.lgo
# site pat input file: ../../boot/boot3.opf
# free parameters    : 18
# points in DE swarm : 54
# output state file  : b1boot3.state
# Including singleton site patterns.
# cost function      : KL
Initial parameter values
Fixed:
      zero = 0
       one = 1
    Tbecnw = 75200
Free:
       pc1 = 0
       pc2 = 0
       pc3 = 0
       pc4 = 0
       pc5 = 0
       pc6 = 0
       pc7 = 0
       pc8 = 0
       pc9 = 0
      pc10 = 0
      pc11 = 0
      pc12 = 0
      pc13 = 0
      pc14 = 0
      pc15 = 0
      pc16 = 0
      pc17 = 0
      pc18 = 0
Constrained:
   Tgbecnw = 89338.1
     Tecnw = 24232.1
       Tnw = 13432
       Tec = 17534.5
     twoNb = 468597
     twoNe = 945313
     twoNc = 954866
     twoNw = 1.86444e+06
    twoNec = 45983.5
    twoNnw = 57200.9
  twoNecnw = 75299
  twoNbecnw = 5620.77
  twoNgbecnw = 326681
         m = 0.101595
        m2 = 0.0250526
        m4 = 0.0011635
        m5 = 0.179925
        m6 = 0.00720345
        Tb = 20883.3
        Ta = 48041.6
        Td = 8767.26
        Te = 6716.01
        Tf = 3358
DiffEv reached_goal. cost=1.78079e-03 spread=2.73205e-06
Fitted parameter values
Free:
       pc1 = 3.81303
       pc2 = 3.72133
       pc3 = 1.94451
       pc4 = 0.787519
       pc5 = 0.0815277
       pc6 = 0.697254
       pc7 = -1.79853
       pc8 = -1.58645
       pc9 = 0.373989
      pc10 = -0.814722
      pc11 = -0.57976
      pc12 = 0.369241
      pc13 = 0.424675
      pc14 = -0.176964
      pc15 = 0.046621
      pc16 = -0.014208
      pc17 = -0.0134827
      pc18 = -0.00563854
Constrained:
   Tgbecnw = 76109.9
     Tecnw = 23423.7
       Tnw = 14270
       Tec = 16556.9
     twoNb = 444298
     twoNe = 384170
     twoNc = 622537
     twoNw = 3.75357e+06
    twoNec = 46581.2
    twoNnw = 47514.5
  twoNecnw = 73777.7
  twoNbecnw = 356.473
  twoNgbecnw = 375953
         m = 0.0847689
        m2 = 0.0240962
        m4 = 0.00122427
        m5 = 0.183911
        m6 = 0.00994477
        Tb = 19990.3
        Ta = 47595.2
        Td = 8278.46
        Te = 7135.01
        Tf = 3567.51
#       SitePat  BranchLen
              b 121879.2641713
              e 47294.6746897
              c 49704.6121879
              n 44853.1971120
              w 44838.2283036
            b:e 2111.0456188
            b:c 2406.9513610
            b:n 1711.7489273
            b:w 1710.7007264
            e:c 10218.3895794
            e:n 5409.9215670
            e:w 5423.4568702
            c:n 4752.5069070
            c:w 4750.4173289
            n:w 12290.7195300
          b:e:c 2003.3725702
          b:e:n 1063.7005178
          b:e:w 1064.5832330
          b:c:n 1075.1688874
          b:c:w 1074.1758690
          b:n:w 1973.9261574
          e:c:n 4527.6237237
          e:c:w 4531.1468071
          e:n:w 6292.8627909
          c:n:w 5286.8634061
        b:e:c:n 1993.8355685
        b:e:c:w 1994.9940727
        b:e:n:w 3087.9833452
        b:c:n:w 2697.5326492
        e:c:n:w 50831.3928776
