########################################
# legofit: estimate population history #
#       version 2.3.4-4-g53f8760       #
########################################

# Program was compiled: Sep 21 2021 14:36:42
# Program was run: Thu Sep 23 21:21:00 2021

# cmd: legofit -1 -d 0 -t 56 --ptsPerDim 3 --stateOut b1boot44.state --tol 3e-6 -S 5000 abdef2.lgo ../../boot/boot44.opf
# Stage nOptItr nSimReps
#     0    5000        0
# algorithm          : deterministic
# ignoring probs <=  : 0
# Branch length floor: 0
# DE strategy        : 2
#    F               : 0.3
#    CR              : 0.8
#    tolerance       : 3e-06
# nthreads           : 54
# lgo input file     : abdef2.lgo
# site pat input file: ../../boot/boot44.opf
# free parameters    : 18
# points in DE swarm : 54
# output state file  : b1boot44.state
# Including singleton site patterns.
# cost function      : KL
Initial parameter values
Fixed:
      zero = 0
       one = 1
    Tbecnw = 75200
Free:
       pc1 = 0
       pc2 = 0
       pc3 = 0
       pc4 = 0
       pc5 = 0
       pc6 = 0
       pc7 = 0
       pc8 = 0
       pc9 = 0
      pc10 = 0
      pc11 = 0
      pc12 = 0
      pc13 = 0
      pc14 = 0
      pc15 = 0
      pc16 = 0
      pc17 = 0
      pc18 = 0
Constrained:
   Tgbecnw = 89338.1
     Tecnw = 24232.1
       Tnw = 13432
       Tec = 17534.5
     twoNb = 468597
     twoNe = 945313
     twoNc = 954866
     twoNw = 1.86444e+06
    twoNec = 45983.5
    twoNnw = 57200.9
  twoNecnw = 75299
  twoNbecnw = 5620.77
  twoNgbecnw = 326681
         m = 0.101595
        m2 = 0.0250526
        m4 = 0.0011635
        m5 = 0.179925
        m6 = 0.00720345
        Tb = 20883.3
        Ta = 48041.6
        Td = 8767.26
        Te = 6716.01
        Tf = 3358
DiffEv reached_goal. cost=1.76631e-03 spread=2.75724e-06
Fitted parameter values
Free:
       pc1 = 3.7843
       pc2 = 3.43282
       pc3 = 0.800029
       pc4 = 1.09673
       pc5 = 0.529016
       pc6 = -0.633023
       pc7 = -1.86408
       pc8 = -1.30273
       pc9 = -0.480147
      pc10 = -0.86866
      pc11 = -0.327378
      pc12 = 0.902987
      pc13 = 0.608607
      pc14 = -0.0284849
      pc15 = 0.0608375
      pc16 = 0.0119419
      pc17 = -0.0132323
      pc18 = -0.00107871
Constrained:
   Tgbecnw = 78180.2
     Tecnw = 23587
       Tnw = 14194.5
       Tec = 17144.2
     twoNb = 422945
     twoNe = 1.55261e+06
     twoNc = 292819
     twoNw = 4.16687e+06
    twoNec = 42957.6
    twoNnw = 48471.1
  twoNecnw = 73853.2
  twoNbecnw = 1171.76
  twoNgbecnw = 363492
         m = 0.0873646
        m2 = 0.0246135
        m4 = 0.00137773
        m5 = 0.188267
        m6 = 0.0136712
        Tb = 20365.6
        Ta = 47782.8
        Td = 8572.1
        Te = 7097.27
        Tf = 3548.63
#       SitePat  BranchLen
              b 121972.6983571
              e 47445.9680355
              c 49891.4601601
              n 44961.4032976
              w 44947.2458854
            b:e 2106.7466514
            b:c 2408.8514893
            b:n 1699.9972940
            b:w 1699.0180306
            e:c 10210.9929956
            e:n 5425.2859443
            e:w 5437.6710938
            c:n 4757.2720723
            c:w 4755.7208670
            n:w 12332.0863286
          b:e:c 1990.5739506
          b:e:n 1055.3948935
          b:e:w 1056.1718820
          b:c:n 1066.7652187
          b:c:w 1065.8866710
          b:n:w 1961.1660734
          e:c:n 4529.9413086
          e:c:w 4533.2647766
          e:n:w 6321.2381275
          c:n:w 5298.9900105
        b:e:c:n 1976.3564645
        b:e:c:w 1977.4372869
        b:e:n:w 3077.6164244
        b:c:n:w 2681.1465234
        e:c:n:w 50651.1675449
