########################################
# legofit: estimate population history #
#       version 2.3.4-4-g53f8760       #
########################################

# Program was compiled: Sep 21 2021 14:36:42
# Program was run: Thu Sep 23 23:46:44 2021

# cmd: legofit -1 -d 0 -t 56 --ptsPerDim 3 --stateOut b1boot49.state --tol 3e-6 -S 5000 abdef2.lgo ../../boot/boot49.opf
# Stage nOptItr nSimReps
#     0    5000        0
# algorithm          : deterministic
# ignoring probs <=  : 0
# Branch length floor: 0
# DE strategy        : 2
#    F               : 0.3
#    CR              : 0.8
#    tolerance       : 3e-06
# nthreads           : 54
# lgo input file     : abdef2.lgo
# site pat input file: ../../boot/boot49.opf
# free parameters    : 18
# points in DE swarm : 54
# output state file  : b1boot49.state
# Including singleton site patterns.
# cost function      : KL
Initial parameter values
Fixed:
      zero = 0
       one = 1
    Tbecnw = 75200
Free:
       pc1 = 0
       pc2 = 0
       pc3 = 0
       pc4 = 0
       pc5 = 0
       pc6 = 0
       pc7 = 0
       pc8 = 0
       pc9 = 0
      pc10 = 0
      pc11 = 0
      pc12 = 0
      pc13 = 0
      pc14 = 0
      pc15 = 0
      pc16 = 0
      pc17 = 0
      pc18 = 0
Constrained:
   Tgbecnw = 89338.1
     Tecnw = 24232.1
       Tnw = 13432
       Tec = 17534.5
     twoNb = 468597
     twoNe = 945313
     twoNc = 954866
     twoNw = 1.86444e+06
    twoNec = 45983.5
    twoNnw = 57200.9
  twoNecnw = 75299
  twoNbecnw = 5620.77
  twoNgbecnw = 326681
         m = 0.101595
        m2 = 0.0250526
        m4 = 0.0011635
        m5 = 0.179925
        m6 = 0.00720345
        Tb = 20883.3
        Ta = 48041.6
        Td = 8767.26
        Te = 6716.01
        Tf = 3358
DiffEv reached_goal. cost=1.80436e-03 spread=2.77059e-06
Fitted parameter values
Free:
       pc1 = 3.93207
       pc2 = 3.35127
       pc3 = 1.68049
       pc4 = 1.49543
       pc5 = -0.46809
       pc6 = 0.120389
       pc7 = -1.79764
       pc8 = -1.94087
       pc9 = -0.403358
      pc10 = -0.491528
      pc11 = -0.314234
      pc12 = 0.570127
      pc13 = 0.349031
      pc14 = 0.0406225
      pc15 = -0.0213346
      pc16 = -0.0389578
      pc17 = 0.0181494
      pc18 = -0.0107429
Constrained:
   Tgbecnw = 78503.5
     Tecnw = 23525.3
       Tnw = 14942.9
       Tec = 16230.3
     twoNb = 406656
     twoNe = 617133
     twoNc = 683462
     twoNw = 4.24272e+06
    twoNec = 50066.7
    twoNnw = 44219.3
  twoNecnw = 74002.5
  twoNbecnw = 1287.36
  twoNgbecnw = 371528
         m = 0.0859466
        m2 = 0.023919
        m4 = 0.00121941
        m5 = 0.186403
        m6 = 0.0138311
        Tb = 19877.8
        Ta = 47538.9
        Td = 8115.15
        Te = 7471.43
        Tf = 3735.72
#       SitePat  BranchLen
              b 122259.7576382
              e 47478.8309314
              c 49866.5855871
              n 45006.6310630
              w 44992.2894063
            b:e 2118.2106181
            b:c 2415.2205437
            b:n 1701.3455762
            b:w 1700.3386767
            e:c 10202.0920485
            e:n 5430.2899450
            e:w 5442.7924212
            c:n 4780.7530170
            c:w 4779.1758755
            n:w 12273.6163980
          b:e:c 1990.2203429
          b:e:n 1060.4881225
          b:e:w 1061.2829709
          b:c:n 1071.7129643
          b:c:w 1070.8137997
          b:n:w 1958.4018222
          e:c:n 4526.2533873
          e:c:w 4529.6697092
          e:n:w 6333.3043787
          c:n:w 5326.5258723
        b:e:c:n 1978.2174334
        b:e:c:w 1979.3286491
        b:e:n:w 3069.0294236
        b:c:n:w 2683.4411154
        e:c:n:w 50917.7994735
