########################################
# legofit: estimate population history #
#       version 2.3.4-4-g53f8760       #
########################################

# Program was compiled: Sep 21 2021 14:36:42
# Program was run: Thu Sep 23 10:18:12 2021

# cmd: legofit -1 -d 0 -t 32 --ptsPerDim 3 --stateOut b1.state --tol 3e-6 -S 5000 adf2.lgo ../../pan.opf
# Stage nOptItr nSimReps
#     0    5000        0
# algorithm          : deterministic
# ignoring probs <=  : 0
# Branch length floor: 0
# DE strategy        : 2
#    F               : 0.3
#    CR              : 0.8
#    tolerance       : 3e-06
# nthreads           : 32
# lgo input file     : adf2.lgo
# site pat input file: ../../pan.opf
# free parameters    : 15
# points in DE swarm : 45
# output state file  : b1.state
# Including singleton site patterns.
# cost function      : KL
Initial parameter values
Fixed:
      zero = 0
       one = 1
    Tbecnw = 75200
Free:
       pc1 = 0
       pc2 = 0
       pc3 = 0
       pc4 = 0
       pc5 = 0
       pc6 = 0
       pc7 = 0
       pc8 = 0
       pc9 = 0
      pc10 = 0
      pc11 = 0
      pc12 = 0
      pc13 = 0
      pc14 = 0
      pc15 = 0
Constrained:
   Tgbecnw = 104730
     Tecnw = 24139.4
       Tnw = 19933.5
       Tec = 12157.2
     twoNb = 1.20097e+06
     twoNc = 217078
     twoNw = 4.26995e+06
    twoNec = 139000
    twoNnw = 22526.8
  twoNecnw = 84323.1
  twoNbecnw = 13656
  twoNgbecnw = 208308
         m = 0.184299
        m4 = 0.0278485
        m6 = 4.26666e-06
        Ta = 37600
        Td = 6078.58
        Tf = 3039.29
DiffEv reached_goal. cost=1.95599e-03 spread=1.86854e-06
Fitted parameter values
Free:
       pc1 = 0.798465
       pc2 = -0.43598
       pc3 = -1.99372
       pc4 = -1.33453
       pc5 = -0.0905753
       pc6 = -0.0069569
       pc7 = 1.27124
       pc8 = -1.95295
       pc9 = 1.32748
      pc10 = -0.565498
      pc11 = -0.127035
      pc12 = 0.0131633
      pc13 = 0.111401
      pc14 = 0.0212976
      pc15 = 0.00498327
Constrained:
   Tgbecnw = 93957.4
     Tecnw = 23298.4
       Tnw = 19528.4
       Tec = 8577.07
     twoNb = 1.33089e+06
     twoNc = 290897
     twoNw = 5.68406e+06
    twoNec = 173135
    twoNnw = 19890.8
  twoNecnw = 82169.7
  twoNbecnw = 8673.55
  twoNgbecnw = 227009
         m = 0.160192
        m4 = 0.0273841
        m6 = 9.46488e-06
        Ta = 37600
        Td = 4288.54
        Tf = 2144.27
#       SitePat  BranchLen
              b 129682.6464806
              e 51019.6061550
              c 52514.3148981
              n 47831.1058411
              w 47831.1046193
            b:e 2191.5403060
            b:c 2625.5625401
            b:n 1851.7964018
            b:w 1851.7963145
            e:c 10850.7730694
            e:n 5477.2153513
            e:w 5477.2150549
            c:n 5272.8018817
            c:w 5272.8031034
            n:w 13128.6574894
          b:e:c 2145.0646694
          b:e:n 1163.7107249
          b:e:w 1163.7106302
          b:c:n 1170.0246725
          b:c:w 1170.0247598
          b:n:w 2107.1607003
          e:c:n 4779.9234304
          e:c:w 4779.9237269
          e:n:w 6523.6887033
          c:n:w 5894.9527941
        b:e:c:n 2114.6500209
        b:e:c:w 2114.6501157
        b:e:n:w 3389.7823559
        b:c:n:w 2485.9839466
        e:c:n:w 54036.6510102
