########################################
# legofit: estimate population history #
#       version 2.3.4-4-g53f8760       #
########################################

# Program was compiled: Sep 21 2021 14:36:42
# Program was run: Thu Sep 23 10:18:22 2021

# cmd: legofit -1 -d 0 -t 32 --ptsPerDim 3 --stateOut b1boot6.state --tol 3e-6 -S 5000 adf2.lgo ../../boot/boot6.opf
# Stage nOptItr nSimReps
#     0    5000        0
# algorithm          : deterministic
# ignoring probs <=  : 0
# Branch length floor: 0
# DE strategy        : 2
#    F               : 0.3
#    CR              : 0.8
#    tolerance       : 3e-06
# nthreads           : 32
# lgo input file     : adf2.lgo
# site pat input file: ../../boot/boot6.opf
# free parameters    : 15
# points in DE swarm : 45
# output state file  : b1boot6.state
# Including singleton site patterns.
# cost function      : KL
Initial parameter values
Fixed:
      zero = 0
       one = 1
    Tbecnw = 75200
Free:
       pc1 = 0
       pc2 = 0
       pc3 = 0
       pc4 = 0
       pc5 = 0
       pc6 = 0
       pc7 = 0
       pc8 = 0
       pc9 = 0
      pc10 = 0
      pc11 = 0
      pc12 = 0
      pc13 = 0
      pc14 = 0
      pc15 = 0
Constrained:
   Tgbecnw = 104730
     Tecnw = 24139.4
       Tnw = 19933.5
       Tec = 12157.2
     twoNb = 1.20097e+06
     twoNc = 217078
     twoNw = 4.26995e+06
    twoNec = 139000
    twoNnw = 22526.8
  twoNecnw = 84323.1
  twoNbecnw = 13656
  twoNgbecnw = 208308
         m = 0.184299
        m4 = 0.0278485
        m6 = 4.26666e-06
        Ta = 37600
        Td = 6078.58
        Tf = 3039.29
DiffEv reached_goal. cost=1.93165e-03 spread=2.92973e-06
Fitted parameter values
Free:
       pc1 = 2.01972
       pc2 = 0.597959
       pc3 = -1.98497
       pc4 = -0.382443
       pc5 = -1.82966
       pc6 = -0.0207985
       pc7 = 1.93583
       pc8 = -1.88391
       pc9 = 1.89002
      pc10 = -1.01019
      pc11 = -0.339572
      pc12 = -0.0461803
      pc13 = 0.052084
      pc14 = 0.0693515
      pc15 = 0.000336532
Constrained:
   Tgbecnw = 93338.9
     Tecnw = 23526
       Tnw = 18507.6
       Tec = 5756.72
     twoNb = 1.55473e+06
     twoNc = 58670.6
     twoNw = 2.68691e+06
    twoNec = 216667
    twoNnw = 26829.1
  twoNecnw = 80166.1
  twoNbecnw = 8323.39
  twoNgbecnw = 232603
         m = 0.153969
        m4 = 0.0265495
        m6 = 5.42749e-06
        Ta = 37600
        Td = 2878.36
        Tf = 1439.18
#       SitePat  BranchLen
              b 129175.2561128
              e 50765.4209439
              c 52225.1861030
              n 47600.6960142
              w 47600.6945399
            b:e 2178.2502622
            b:c 2582.9335790
            b:n 1839.0988071
            b:w 1839.0987038
            e:c 10764.1899353
            e:n 5458.1882952
            e:w 5458.1879440
            c:n 5260.5644782
            c:w 5260.5659525
            n:w 13009.4443637
          b:e:c 2114.8564447
          b:e:n 1159.8967505
          b:e:w 1159.8966386
          b:c:n 1165.9714911
          b:c:w 1165.9715944
          b:n:w 2077.7425544
          e:c:n 4762.3831425
          e:c:w 4762.3834937
          e:n:w 6482.3742465
          c:n:w 5879.4774608
        b:e:c:n 2097.1259382
        b:e:c:w 2097.1260502
        b:e:n:w 3345.7727366
        b:c:n:w 2467.3165431
        e:c:n:w 53860.2620000
