########################################
# legofit: estimate population history #
#       version 2.3.4-4-g53f8760       #
########################################

# Program was compiled: Sep 21 2021 14:36:42
# Program was run: Thu Sep 23 10:18:23 2021

# cmd: legofit -1 -d 0 -t 32 --ptsPerDim 3 --stateOut b1boot5.state --tol 3e-6 -S 5000 adf2.lgo ../../boot/boot5.opf
# Stage nOptItr nSimReps
#     0    5000        0
# algorithm          : deterministic
# ignoring probs <=  : 0
# Branch length floor: 0
# DE strategy        : 2
#    F               : 0.3
#    CR              : 0.8
#    tolerance       : 3e-06
# nthreads           : 32
# lgo input file     : adf2.lgo
# site pat input file: ../../boot/boot5.opf
# free parameters    : 15
# points in DE swarm : 45
# output state file  : b1boot5.state
# Including singleton site patterns.
# cost function      : KL
Initial parameter values
Fixed:
      zero = 0
       one = 1
    Tbecnw = 75200
Free:
       pc1 = 0
       pc2 = 0
       pc3 = 0
       pc4 = 0
       pc5 = 0
       pc6 = 0
       pc7 = 0
       pc8 = 0
       pc9 = 0
      pc10 = 0
      pc11 = 0
      pc12 = 0
      pc13 = 0
      pc14 = 0
      pc15 = 0
Constrained:
   Tgbecnw = 104730
     Tecnw = 24139.4
       Tnw = 19933.5
       Tec = 12157.2
     twoNb = 1.20097e+06
     twoNc = 217078
     twoNw = 4.26995e+06
    twoNec = 139000
    twoNnw = 22526.8
  twoNecnw = 84323.1
  twoNbecnw = 13656
  twoNgbecnw = 208308
         m = 0.184299
        m4 = 0.0278485
        m6 = 4.26666e-06
        Ta = 37600
        Td = 6078.58
        Tf = 3039.29
DiffEv reached_goal. cost=1.95549e-03 spread=2.54820e-06
Fitted parameter values
Free:
       pc1 = 0.641336
       pc2 = -0.797914
       pc3 = -1.98078
       pc4 = 0.00408422
       pc5 = 1.06249
       pc6 = -0.34741
       pc7 = 1.98507
       pc8 = -1.91879
       pc9 = 0.883789
      pc10 = 0.00873419
      pc11 = -0.0594198
      pc12 = 0.0811101
      pc13 = 0.127147
      pc14 = 0.0125814
      pc15 = 0.00635646
Constrained:
   Tgbecnw = 95676.1
     Tecnw = 23307.8
       Tnw = 19896
       Tec = 8159.3
     twoNb = 1.54017e+06
     twoNc = 434941
     twoNw = 2.71138e+06
    twoNec = 177298
    twoNnw = 17901.5
  twoNecnw = 83295.8
  twoNbecnw = 9437.73
  twoNgbecnw = 224541
         m = 0.16396
        m4 = 0.0280547
        m6 = 1.35197e-05
        Ta = 37600
        Td = 4079.65
        Tf = 2039.83
#       SitePat  BranchLen
              b 130484.0591524
              e 51273.9511100
              c 52823.4044240
              n 48083.6630043
              w 48083.6592398
            b:e 2202.2753688
            b:c 2641.7520972
            b:n 1858.8496227
            b:w 1858.8493537
            e:c 10949.4172688
            e:n 5503.9012817
            e:w 5503.9003678
            c:n 5294.5348187
            c:w 5294.5385832
            n:w 13222.6125000
          b:e:c 2156.6107942
          b:e:n 1167.5138272
          b:e:w 1167.5135354
          b:c:n 1173.0829094
          b:c:w 1173.0831784
          b:n:w 2119.5805570
          e:c:n 4794.0055856
          e:c:w 4794.0064994
          e:n:w 6564.5311991
          c:n:w 5920.4649231
        b:e:c:n 2120.6526682
        b:e:c:w 2120.6529600
        b:e:n:w 3432.8145512
        b:c:n:w 2495.5395693
        e:c:n:w 54421.0838657
