########################################
# legofit: estimate population history #
#       version 2.3.4-4-g53f8760       #
########################################

# Program was compiled: Sep 21 2021 14:36:42
# Program was run: Thu Sep 23 10:18:49 2021

# cmd: legofit -1 -d 0 -t 32 --ptsPerDim 3 --stateOut b1boot23.state --tol 3e-6 -S 5000 adf2.lgo ../../boot/boot23.opf
# Stage nOptItr nSimReps
#     0    5000        0
# algorithm          : deterministic
# ignoring probs <=  : 0
# Branch length floor: 0
# DE strategy        : 2
#    F               : 0.3
#    CR              : 0.8
#    tolerance       : 3e-06
# nthreads           : 32
# lgo input file     : adf2.lgo
# site pat input file: ../../boot/boot23.opf
# free parameters    : 15
# points in DE swarm : 45
# output state file  : b1boot23.state
# Including singleton site patterns.
# cost function      : KL
Initial parameter values
Fixed:
      zero = 0
       one = 1
    Tbecnw = 75200
Free:
       pc1 = 0
       pc2 = 0
       pc3 = 0
       pc4 = 0
       pc5 = 0
       pc6 = 0
       pc7 = 0
       pc8 = 0
       pc9 = 0
      pc10 = 0
      pc11 = 0
      pc12 = 0
      pc13 = 0
      pc14 = 0
      pc15 = 0
Constrained:
   Tgbecnw = 104730
     Tecnw = 24139.4
       Tnw = 19933.5
       Tec = 12157.2
     twoNb = 1.20097e+06
     twoNc = 217078
     twoNw = 4.26995e+06
    twoNec = 139000
    twoNnw = 22526.8
  twoNecnw = 84323.1
  twoNbecnw = 13656
  twoNgbecnw = 208308
         m = 0.184299
        m4 = 0.0278485
        m6 = 4.26666e-06
        Ta = 37600
        Td = 6078.58
        Tf = 3039.29
DiffEv reached_goal. cost=1.93656e-03 spread=2.98976e-06
Fitted parameter values
Free:
       pc1 = 0.845862
       pc2 = -0.653962
       pc3 = -1.96874
       pc4 = -1.22249
       pc5 = 0.227897
       pc6 = -0.443671
       pc7 = 1.9018
       pc8 = -1.56614
       pc9 = 1.73963
      pc10 = -0.490054
      pc11 = -0.385232
      pc12 = -0.0371176
      pc13 = 0.0660874
      pc14 = 0.0356455
      pc15 = 0.014014
Constrained:
   Tgbecnw = 93773.7
     Tecnw = 23219.3
       Tnw = 19314
       Tec = 9844.56
     twoNb = 1.40285e+06
     twoNc = 262545
     twoNw = 4.49167e+06
    twoNec = 157602
    twoNnw = 20487.1
  twoNecnw = 81890.1
  twoNbecnw = 8726.42
  twoNgbecnw = 221571
         m = 0.162297
        m4 = 0.0273219
        m6 = 1.3786e-05
        Ta = 37600
        Td = 4922.28
        Tf = 2461.14
#       SitePat  BranchLen
              b 129395.8770041
              e 50999.2385206
              c 52487.5300174
              n 47702.5839692
              w 47702.5817955
            b:e 2203.4321689
            b:c 2633.1333169
            b:n 1858.3210397
            b:w 1858.3208832
            e:c 10822.0389589
            e:n 5487.9208662
            e:w 5487.9203350
            c:n 5283.6069591
            c:w 5283.6091329
            n:w 13190.3586048
          b:e:c 2155.3748479
          b:e:n 1167.4489661
          b:e:w 1167.4487964
          b:c:n 1173.5234565
          b:c:w 1173.5236131
          b:n:w 2117.6110930
          e:c:n 4801.3996122
          e:c:w 4801.4001434
          e:n:w 6563.7721133
          c:n:w 5934.0484247
        b:e:c:n 2119.4321670
        b:e:c:w 2119.4323367
        b:e:n:w 3388.0264181
        b:c:n:w 2496.2325606
        e:c:n:w 53742.8531206
