########################################
# legofit: estimate population history #
#       version 2.3.4-4-g53f8760       #
########################################

# Program was compiled: Sep 21 2021 14:36:42
# Program was run: Thu Sep 23 10:19:09 2021

# cmd: legofit -1 -d 0 -t 32 --ptsPerDim 3 --stateOut b1boot33.state --tol 3e-6 -S 5000 adf2.lgo ../../boot/boot33.opf
# Stage nOptItr nSimReps
#     0    5000        0
# algorithm          : deterministic
# ignoring probs <=  : 0
# Branch length floor: 0
# DE strategy        : 2
#    F               : 0.3
#    CR              : 0.8
#    tolerance       : 3e-06
# nthreads           : 32
# lgo input file     : adf2.lgo
# site pat input file: ../../boot/boot33.opf
# free parameters    : 15
# points in DE swarm : 45
# output state file  : b1boot33.state
# Including singleton site patterns.
# cost function      : KL
Initial parameter values
Fixed:
      zero = 0
       one = 1
    Tbecnw = 75200
Free:
       pc1 = 0
       pc2 = 0
       pc3 = 0
       pc4 = 0
       pc5 = 0
       pc6 = 0
       pc7 = 0
       pc8 = 0
       pc9 = 0
      pc10 = 0
      pc11 = 0
      pc12 = 0
      pc13 = 0
      pc14 = 0
      pc15 = 0
Constrained:
   Tgbecnw = 104730
     Tecnw = 24139.4
       Tnw = 19933.5
       Tec = 12157.2
     twoNb = 1.20097e+06
     twoNc = 217078
     twoNw = 4.26995e+06
    twoNec = 139000
    twoNnw = 22526.8
  twoNecnw = 84323.1
  twoNbecnw = 13656
  twoNgbecnw = 208308
         m = 0.184299
        m4 = 0.0278485
        m6 = 4.26666e-06
        Ta = 37600
        Td = 6078.58
        Tf = 3039.29
DiffEv reached_goal. cost=1.93186e-03 spread=2.82307e-06
Fitted parameter values
Free:
       pc1 = 0.0925147
       pc2 = -0.364976
       pc3 = -1.91153
       pc4 = -0.649413
       pc5 = -0.04606
       pc6 = -1.49635
       pc7 = 0.176618
       pc8 = -1.96816
       pc9 = 0.956739
      pc10 = -0.103723
      pc11 = -0.052395
      pc12 = -0.0121317
      pc13 = 0.0735747
      pc14 = -0.0122914
      pc15 = 0.0100949
Constrained:
   Tgbecnw = 97909.1
     Tecnw = 23465.1
       Tnw = 19818.8
       Tec = 10111.7
     twoNb = 1.69859e+06
     twoNc = 65251.7
     twoNw = 7.03066e+06
    twoNec = 153707
    twoNnw = 19247.6
  twoNecnw = 82357.3
  twoNbecnw = 10240.4
  twoNgbecnw = 229620
         m = 0.15885
        m4 = 0.0280811
        m6 = 8.55549e-06
        Ta = 37600
        Td = 5055.85
        Tf = 2527.92
#       SitePat  BranchLen
              b 130792.2082143
              e 51293.8965476
              c 52868.3545049
              n 48118.6096096
              w 48118.6087219
            b:e 2181.6539675
            b:c 2606.5117736
            b:n 1849.0095737
            b:w 1849.0095104
            e:c 10902.2412373
            e:n 5498.9802765
            e:w 5498.9800597
            c:n 5288.8238691
            c:w 5288.8247568
            n:w 13188.3330228
          b:e:c 2136.7612321
          b:e:n 1156.7208661
          b:e:w 1156.7207976
          b:c:n 1161.8212803
          b:c:w 1161.8213436
          b:n:w 2102.0992849
          e:c:n 4815.1966933
          e:c:w 4815.1969100
          e:n:w 6555.0535696
          c:n:w 5914.5482532
        b:e:c:n 2101.6280727
        b:e:c:w 2101.6281412
        b:e:n:w 3412.5343916
        b:c:n:w 2463.8339996
        e:c:n:w 54606.7703815
