########################################
# legofit: estimate population history #
#       version 2.3.4-4-g53f8760       #
########################################

# Program was compiled: Sep 21 2021 14:36:42
# Program was run: Thu Sep 23 10:19:19 2021

# cmd: legofit -1 -d 0 -t 32 --ptsPerDim 3 --stateOut b1boot37.state --tol 3e-6 -S 5000 adf2.lgo ../../boot/boot37.opf
# Stage nOptItr nSimReps
#     0    5000        0
# algorithm          : deterministic
# ignoring probs <=  : 0
# Branch length floor: 0
# DE strategy        : 2
#    F               : 0.3
#    CR              : 0.8
#    tolerance       : 3e-06
# nthreads           : 32
# lgo input file     : adf2.lgo
# site pat input file: ../../boot/boot37.opf
# free parameters    : 15
# points in DE swarm : 45
# output state file  : b1boot37.state
# Including singleton site patterns.
# cost function      : KL
Initial parameter values
Fixed:
      zero = 0
       one = 1
    Tbecnw = 75200
Free:
       pc1 = 0
       pc2 = 0
       pc3 = 0
       pc4 = 0
       pc5 = 0
       pc6 = 0
       pc7 = 0
       pc8 = 0
       pc9 = 0
      pc10 = 0
      pc11 = 0
      pc12 = 0
      pc13 = 0
      pc14 = 0
      pc15 = 0
Constrained:
   Tgbecnw = 104730
     Tecnw = 24139.4
       Tnw = 19933.5
       Tec = 12157.2
     twoNb = 1.20097e+06
     twoNc = 217078
     twoNw = 4.26995e+06
    twoNec = 139000
    twoNnw = 22526.8
  twoNecnw = 84323.1
  twoNbecnw = 13656
  twoNgbecnw = 208308
         m = 0.184299
        m4 = 0.0278485
        m6 = 4.26666e-06
        Ta = 37600
        Td = 6078.58
        Tf = 3039.29
DiffEv reached_goal. cost=1.97590e-03 spread=2.82738e-06
Fitted parameter values
Free:
       pc1 = -0.134793
       pc2 = -0.816882
       pc3 = -1.87091
       pc4 = -0.793354
       pc5 = -0.724998
       pc6 = 0.951696
       pc7 = 1.56712
       pc8 = -1.94921
       pc9 = 1.80055
      pc10 = -1.13004
      pc11 = -0.197145
      pc12 = -0.0318412
      pc13 = 0.0811141
      pc14 = -0.00483303
      pc15 = 0.00298758
Constrained:
   Tgbecnw = 94358.7
     Tecnw = 23028.9
       Tnw = 20030.7
       Tec = 10738.6
     twoNb = 1.40743e+06
     twoNc = 452743
     twoNw = 4.34062e+06
    twoNec = 142221
    twoNnw = 15710.9
  twoNecnw = 83221.4
  twoNbecnw = 8708.51
  twoNgbecnw = 232293
         m = 0.158808
        m4 = 0.0268786
        m6 = 4.79187e-06
        Ta = 37600
        Td = 5369.29
        Tf = 2684.64
#       SitePat  BranchLen
              b 130123.9583929
              e 51017.7075982
              c 52504.4682957
              n 47792.0679831
              w 47792.0671859
            b:e 2178.0570132
            b:c 2595.8768644
            b:n 1840.8575650
            b:w 1840.8575076
            e:c 10840.6677975
            e:n 5472.8918201
            e:w 5472.8916244
            c:n 5272.3929920
            c:w 5272.3937892
            n:w 13154.0563490
          b:e:c 2139.7075398
          b:e:n 1154.7716375
          b:e:w 1154.7715752
          b:c:n 1160.6582250
          b:c:w 1160.6582824
          b:n:w 2102.3449647
          e:c:n 4769.6668017
          e:c:w 4769.6669974
          e:n:w 6494.5820813
          c:n:w 5882.4166934
        b:e:c:n 2103.9430855
        b:e:c:w 2103.9431478
        b:e:n:w 3375.8109760
        b:c:n:w 2472.6185213
        e:c:n:w 54459.7562653
