########################################
# legofit: estimate population history #
#       version 2.3.4-4-g53f8760       #
########################################

# Program was compiled: Sep 21 2021 14:36:42
# Program was run: Thu Sep 23 10:18:31 2021

# cmd: legofit -1 -d 0 -t 32 --ptsPerDim 3 --stateOut b1boot7.state --tol 3e-6 -S 5000 adf2.lgo ../../boot/boot7.opf
# Stage nOptItr nSimReps
#     0    5000        0
# algorithm          : deterministic
# ignoring probs <=  : 0
# Branch length floor: 0
# DE strategy        : 2
#    F               : 0.3
#    CR              : 0.8
#    tolerance       : 3e-06
# nthreads           : 32
# lgo input file     : adf2.lgo
# site pat input file: ../../boot/boot7.opf
# free parameters    : 15
# points in DE swarm : 45
# output state file  : b1boot7.state
# Including singleton site patterns.
# cost function      : KL
Initial parameter values
Fixed:
      zero = 0
       one = 1
    Tbecnw = 75200
Free:
       pc1 = 0
       pc2 = 0
       pc3 = 0
       pc4 = 0
       pc5 = 0
       pc6 = 0
       pc7 = 0
       pc8 = 0
       pc9 = 0
      pc10 = 0
      pc11 = 0
      pc12 = 0
      pc13 = 0
      pc14 = 0
      pc15 = 0
Constrained:
   Tgbecnw = 104730
     Tecnw = 24139.4
       Tnw = 19933.5
       Tec = 12157.2
     twoNb = 1.20097e+06
     twoNc = 217078
     twoNw = 4.26995e+06
    twoNec = 139000
    twoNnw = 22526.8
  twoNecnw = 84323.1
  twoNbecnw = 13656
  twoNgbecnw = 208308
         m = 0.184299
        m4 = 0.0278485
        m6 = 4.26666e-06
        Ta = 37600
        Td = 6078.58
        Tf = 3039.29
DiffEv reached_goal. cost=1.96825e-03 spread=2.88586e-06
Fitted parameter values
Free:
       pc1 = 1.55135
       pc2 = 0.418697
       pc3 = -1.99338
       pc4 = -0.854406
       pc5 = -0.381712
       pc6 = 0.626932
       pc7 = 1.75392
       pc8 = -1.86228
       pc9 = 1.78427
      pc10 = -0.781034
      pc11 = -0.255673
      pc12 = -0.0211462
      pc13 = 0.0344216
      pc14 = 0.0240033
      pc15 = -0.0108489
Constrained:
   Tgbecnw = 94623.1
     Tecnw = 23436.3
       Tnw = 18796.4
       Tec = 6429.25
     twoNb = 1.30926e+06
     twoNc = 365643
     twoNw = 3.80981e+06
    twoNec = 202706
    twoNnw = 24901.7
  twoNecnw = 80965.3
  twoNbecnw = 8809.35
  twoNgbecnw = 236260
         m = 0.152644
        m4 = 0.02689
        m6 = 8.80707e-06
        Ta = 37600
        Td = 3214.62
        Tf = 1607.31
#       SitePat  BranchLen
              b 129714.8508931
              e 50843.8488317
              c 52320.5212485
              n 47756.4304115
              w 47756.4287131
            b:e 2186.3102236
            b:c 2608.7539423
            b:n 1853.4293648
            b:w 1853.4292449
            e:c 10849.4138413
            e:n 5481.6355579
            e:w 5481.6351506
            c:n 5280.2119592
            c:w 5280.2136577
            n:w 13044.6934197
          b:e:c 2130.6635815
          b:e:n 1165.5889733
          b:e:w 1165.5888433
          b:c:n 1172.1629379
          b:c:w 1172.1630578
          b:n:w 2093.3516298
          e:c:n 4791.2641456
          e:c:w 4791.2645529
          e:n:w 6499.8006072
          c:n:w 5884.8265860
        b:e:c:n 2113.8803997
        b:e:c:w 2113.8805297
        b:e:n:w 3371.9450577
        b:c:n:w 2477.4992456
        e:c:n:w 54206.7782394
