########################################
# legofit: estimate population history #
#       version 2.3.4-4-g53f8760       #
########################################

# Program was compiled: Sep 21 2021 14:36:42
# Program was run: Thu Sep 23 10:18:59 2021

# cmd: legofit -1 -d 0 -t 32 --ptsPerDim 3 --stateOut b1boot26.state --tol 3e-6 -S 5000 adf2.lgo ../../boot/boot26.opf
# Stage nOptItr nSimReps
#     0    5000        0
# algorithm          : deterministic
# ignoring probs <=  : 0
# Branch length floor: 0
# DE strategy        : 2
#    F               : 0.3
#    CR              : 0.8
#    tolerance       : 3e-06
# nthreads           : 32
# lgo input file     : adf2.lgo
# site pat input file: ../../boot/boot26.opf
# free parameters    : 15
# points in DE swarm : 45
# output state file  : b1boot26.state
# Including singleton site patterns.
# cost function      : KL
Initial parameter values
Fixed:
      zero = 0
       one = 1
    Tbecnw = 75200
Free:
       pc1 = 0
       pc2 = 0
       pc3 = 0
       pc4 = 0
       pc5 = 0
       pc6 = 0
       pc7 = 0
       pc8 = 0
       pc9 = 0
      pc10 = 0
      pc11 = 0
      pc12 = 0
      pc13 = 0
      pc14 = 0
      pc15 = 0
Constrained:
   Tgbecnw = 104730
     Tecnw = 24139.4
       Tnw = 19933.5
       Tec = 12157.2
     twoNb = 1.20097e+06
     twoNc = 217078
     twoNw = 4.26995e+06
    twoNec = 139000
    twoNnw = 22526.8
  twoNecnw = 84323.1
  twoNbecnw = 13656
  twoNgbecnw = 208308
         m = 0.184299
        m4 = 0.0278485
        m6 = 4.26666e-06
        Ta = 37600
        Td = 6078.58
        Tf = 3039.29
DiffEv reached_goal. cost=1.93800e-03 spread=1.50756e-06
Fitted parameter values
Free:
       pc1 = 1.6857
       pc2 = -1.06292
       pc3 = -1.96791
       pc4 = -1.39393
       pc5 = 0.46297
       pc6 = -0.774479
       pc7 = 1.47987
       pc8 = -1.91688
       pc9 = 1.2077
      pc10 = -1.20051
      pc11 = -0.034205
      pc12 = -0.00109847
      pc13 = 0.226446
      pc14 = -0.0104472
      pc15 = -0.0175031
Constrained:
   Tgbecnw = 91242.9
     Tecnw = 23198.5
       Tnw = 18149.7
       Tec = 7788.72
     twoNb = 1.39824e+06
     twoNc = 213965
     twoNw = 5.63669e+06
    twoNec = 178461
    twoNnw = 27382.2
  twoNecnw = 83526.8
  twoNbecnw = 7674.18
  twoNgbecnw = 215218
         m = 0.173291
        m4 = 0.0275942
        m6 = 1.31025e-05
        Ta = 37600
        Td = 3894.36
        Tf = 1947.18
#       SitePat  BranchLen
              b 129543.7776195
              e 51006.0618343
              c 52495.0970923
              n 47934.1817931
              w 47934.1801694
            b:e 2180.4204840
            b:c 2630.2780457
            b:n 1860.6028738
            b:w 1860.6027596
            e:c 10896.1899209
            e:n 5489.5134842
            e:w 5489.5130980
            c:n 5283.8351250
            c:w 5283.8367487
            n:w 13129.4330874
          b:e:c 2138.8799593
          b:e:n 1169.3478272
          b:e:w 1169.3477030
          b:c:n 1175.4784193
          b:c:w 1175.4785335
          b:n:w 2102.1848657
          e:c:n 4779.7756681
          e:c:w 4779.7760543
          e:n:w 6461.2336947
          c:n:w 5824.0909020
        b:e:c:n 2132.2887911
        b:e:c:w 2132.2889152
        b:e:n:w 3385.3284528
        b:c:n:w 2482.6709028
        e:c:n:w 53929.0110742
