########################################
# legofit: estimate population history #
#       version 2.3.4-4-g53f8760       #
########################################

# Program was compiled: Sep 21 2021 14:36:42
# Program was run: Thu Sep 23 10:18:31 2021

# cmd: legofit -1 -d 0 -t 32 --ptsPerDim 3 --stateOut b1boot8.state --tol 3e-6 -S 5000 adf2.lgo ../../boot/boot8.opf
# Stage nOptItr nSimReps
#     0    5000        0
# algorithm          : deterministic
# ignoring probs <=  : 0
# Branch length floor: 0
# DE strategy        : 2
#    F               : 0.3
#    CR              : 0.8
#    tolerance       : 3e-06
# nthreads           : 32
# lgo input file     : adf2.lgo
# site pat input file: ../../boot/boot8.opf
# free parameters    : 15
# points in DE swarm : 45
# output state file  : b1boot8.state
# Including singleton site patterns.
# cost function      : KL
Initial parameter values
Fixed:
      zero = 0
       one = 1
    Tbecnw = 75200
Free:
       pc1 = 0
       pc2 = 0
       pc3 = 0
       pc4 = 0
       pc5 = 0
       pc6 = 0
       pc7 = 0
       pc8 = 0
       pc9 = 0
      pc10 = 0
      pc11 = 0
      pc12 = 0
      pc13 = 0
      pc14 = 0
      pc15 = 0
Constrained:
   Tgbecnw = 104730
     Tecnw = 24139.4
       Tnw = 19933.5
       Tec = 12157.2
     twoNb = 1.20097e+06
     twoNc = 217078
     twoNw = 4.26995e+06
    twoNec = 139000
    twoNnw = 22526.8
  twoNecnw = 84323.1
  twoNbecnw = 13656
  twoNgbecnw = 208308
         m = 0.184299
        m4 = 0.0278485
        m6 = 4.26666e-06
        Ta = 37600
        Td = 6078.58
        Tf = 3039.29
DiffEv reached_goal. cost=1.94461e-03 spread=2.64789e-06
Fitted parameter values
Free:
       pc1 = 1.6536
       pc2 = -0.0805924
       pc3 = -1.94562
       pc4 = -1.58973
       pc5 = 1.46537
       pc6 = -0.00705596
       pc7 = 1.95366
       pc8 = -1.92961
       pc9 = 1.80871
      pc10 = -0.499592
      pc11 = -0.123075
      pc12 = 0.0818233
      pc13 = 0.117675
      pc14 = 0.0584667
      pc15 = 0.00488984
Constrained:
   Tgbecnw = 93941.6
     Tecnw = 23360
       Tnw = 18586.6
       Tec = 6824.01
     twoNb = 1.21813e+06
     twoNc = 483931
     twoNw = 5.26938e+06
    twoNec = 197353
    twoNnw = 25359.9
  twoNecnw = 82163.3
  twoNbecnw = 8568.2
  twoNgbecnw = 231001
         m = 0.156709
        m4 = 0.0274137
        m6 = 1.82232e-05
        Ta = 37600
        Td = 3412.01
        Tf = 1706
#       SitePat  BranchLen
              b 129402.8150900
              e 50999.2368376
              c 52484.6871909
              n 47793.3989162
              w 47793.3964146
            b:e 2180.9563657
            b:c 2619.1590839
            b:n 1842.9242745
            b:w 1842.9240991
            e:c 10841.1490271
            e:n 5472.4511385
            e:w 5472.4505424
            c:n 5267.9231494
            c:w 5267.9256510
            n:w 13140.8512241
          b:e:c 2129.7933600
          b:e:n 1160.7889845
          b:e:w 1160.7887941
          b:c:n 1167.5730985
          b:c:w 1167.5732740
          b:n:w 2091.2020204
          e:c:n 4753.7448722
          e:c:w 4753.7454682
          e:n:w 6490.1993120
          c:n:w 5864.4085857
        b:e:c:n 2106.8858311
        b:e:c:w 2106.8860216
        b:e:n:w 3379.1038611
        b:c:n:w 2476.7251480
        e:c:n:w 53827.9195449
