########################################
# legofit: estimate population history #
#       version 2.3.4-4-g53f8760       #
########################################

# Program was compiled: Sep 21 2021 14:36:42
# Program was run: Thu Sep 23 10:19:27 2021

# cmd: legofit -1 -d 0 -t 32 --ptsPerDim 3 --stateOut b1boot45.state --tol 3e-6 -S 5000 adf2.lgo ../../boot/boot45.opf
# Stage nOptItr nSimReps
#     0    5000        0
# algorithm          : deterministic
# ignoring probs <=  : 0
# Branch length floor: 0
# DE strategy        : 2
#    F               : 0.3
#    CR              : 0.8
#    tolerance       : 3e-06
# nthreads           : 32
# lgo input file     : adf2.lgo
# site pat input file: ../../boot/boot45.opf
# free parameters    : 15
# points in DE swarm : 45
# output state file  : b1boot45.state
# Including singleton site patterns.
# cost function      : KL
Initial parameter values
Fixed:
      zero = 0
       one = 1
    Tbecnw = 75200
Free:
       pc1 = 0
       pc2 = 0
       pc3 = 0
       pc4 = 0
       pc5 = 0
       pc6 = 0
       pc7 = 0
       pc8 = 0
       pc9 = 0
      pc10 = 0
      pc11 = 0
      pc12 = 0
      pc13 = 0
      pc14 = 0
      pc15 = 0
Constrained:
   Tgbecnw = 104730
     Tecnw = 24139.4
       Tnw = 19933.5
       Tec = 12157.2
     twoNb = 1.20097e+06
     twoNc = 217078
     twoNw = 4.26995e+06
    twoNec = 139000
    twoNnw = 22526.8
  twoNecnw = 84323.1
  twoNbecnw = 13656
  twoNgbecnw = 208308
         m = 0.184299
        m4 = 0.0278485
        m6 = 4.26666e-06
        Ta = 37600
        Td = 6078.58
        Tf = 3039.29
DiffEv reached_goal. cost=1.98926e-03 spread=2.42905e-06
Fitted parameter values
Free:
       pc1 = 2.56611
       pc2 = 0.196779
       pc3 = -1.99289
       pc4 = -0.482902
       pc5 = -0.294973
       pc6 = 1.09106
       pc7 = 1.76435
       pc8 = -1.91969
       pc9 = 1.89201
      pc10 = -0.927742
      pc11 = -0.246701
      pc12 = -0.0361932
      pc13 = 0.0947443
      pc14 = 0.0464539
      pc15 = -0.000156328
Constrained:
   Tgbecnw = 92583.7
     Tecnw = 23572.7
       Tnw = 17898.1
       Tec = 4859.9
     twoNb = 1.33351e+06
     twoNc = 507714
     twoNw = 2.99658e+06
    twoNec = 225222
    twoNnw = 30416.5
  twoNecnw = 80629.3
  twoNbecnw = 8080.84
  twoNgbecnw = 227250
         m = 0.160627
        m4 = 0.0268245
        m6 = 8.18105e-06
        Ta = 37600
        Td = 2429.95
        Tf = 1214.98
#       SitePat  BranchLen
              b 129513.6699160
              e 50799.4747210
              c 52259.0220865
              n 47665.9142542
              w 47665.9122842
            b:e 2174.9323907
            b:c 2606.0210577
            b:n 1840.6950855
            b:w 1840.6949489
            e:c 10833.8423974
            e:n 5453.3143699
            e:w 5453.3139060
            c:n 5253.5388930
            c:w 5253.5408629
            n:w 13068.3167859
          b:e:c 2117.5103475
          b:e:n 1159.6836408
          b:e:w 1159.6834927
          b:c:n 1166.1736879
          b:c:w 1166.1738244
          b:n:w 2079.9809781
          e:c:n 4760.1787791
          e:c:w 4760.1792430
          e:n:w 6478.4072392
          c:n:w 5859.0403343
        b:e:c:n 2101.4575841
        b:e:c:w 2101.4577322
        b:e:n:w 3351.4358721
        b:c:n:w 2466.7342117
        e:c:n:w 54141.4337287
