########################################
# legofit: estimate population history #
#       version 2.3.4-4-g53f8760       #
########################################

# Program was compiled: Sep 21 2021 14:36:42
# Program was run: Thu Sep 23 10:18:49 2021

# cmd: legofit -1 -d 0 -t 32 --ptsPerDim 3 --stateOut b1boot19.state --tol 3e-6 -S 5000 adf2.lgo ../../boot/boot19.opf
# Stage nOptItr nSimReps
#     0    5000        0
# algorithm          : deterministic
# ignoring probs <=  : 0
# Branch length floor: 0
# DE strategy        : 2
#    F               : 0.3
#    CR              : 0.8
#    tolerance       : 3e-06
# nthreads           : 32
# lgo input file     : adf2.lgo
# site pat input file: ../../boot/boot19.opf
# free parameters    : 15
# points in DE swarm : 45
# output state file  : b1boot19.state
# Including singleton site patterns.
# cost function      : KL
Initial parameter values
Fixed:
      zero = 0
       one = 1
    Tbecnw = 75200
Free:
       pc1 = 0
       pc2 = 0
       pc3 = 0
       pc4 = 0
       pc5 = 0
       pc6 = 0
       pc7 = 0
       pc8 = 0
       pc9 = 0
      pc10 = 0
      pc11 = 0
      pc12 = 0
      pc13 = 0
      pc14 = 0
      pc15 = 0
Constrained:
   Tgbecnw = 104730
     Tecnw = 24139.4
       Tnw = 19933.5
       Tec = 12157.2
     twoNb = 1.20097e+06
     twoNc = 217078
     twoNw = 4.26995e+06
    twoNec = 139000
    twoNnw = 22526.8
  twoNecnw = 84323.1
  twoNbecnw = 13656
  twoNgbecnw = 208308
         m = 0.184299
        m4 = 0.0278485
        m6 = 4.26666e-06
        Ta = 37600
        Td = 6078.58
        Tf = 3039.29
DiffEv reached_goal. cost=1.96430e-03 spread=2.58779e-06
Fitted parameter values
Free:
       pc1 = 1.41338
       pc2 = 0.26644
       pc3 = -1.98157
       pc4 = -0.339587
       pc5 = 0.241113
       pc6 = 0.261062
       pc7 = 0.111604
       pc8 = -1.95834
       pc9 = 1.97477
      pc10 = -0.209623
      pc11 = -0.189353
      pc12 = 0.000951175
      pc13 = 0.0153388
      pc14 = -0.00972123
      pc15 = 0.0296118
Constrained:
   Tgbecnw = 97067.8
     Tecnw = 23768
       Tnw = 18509.4
       Tec = 7795.4
     twoNb = 1.57206e+06
     twoNc = 505482
     twoNw = 6.17864e+06
    twoNec = 185602
    twoNnw = 27715.3
  twoNecnw = 80270
  twoNbecnw = 9884.4
  twoNgbecnw = 234342
         m = 0.152531
        m4 = 0.0274793
        m6 = 7.62708e-06
        Ta = 37600
        Td = 3897.7
        Tf = 1948.85
#       SitePat  BranchLen
              b 130211.2980885
              e 51078.6217893
              c 52608.1578088
              n 47875.2607150
              w 47875.2598390
            b:e 2197.1572291
            b:c 2614.0461797
            b:n 1859.2119594
            b:w 1859.2118975
            e:c 10910.0118213
            e:n 5466.8186074
            e:w 5466.8183974
            c:n 5261.6697961
            c:w 5261.6706721
            n:w 13209.5748208
          b:e:c 2148.4651201
          b:e:n 1163.5606915
          b:e:w 1163.5606246
          b:c:n 1169.3232470
          b:c:w 1169.3233089
          b:n:w 2112.6479593
          e:c:n 4818.5776970
          e:c:w 4818.5779070
          e:n:w 6555.5221062
          c:n:w 5927.5245831
        b:e:c:n 2111.8534611
        b:e:c:w 2111.8535280
        b:e:n:w 3399.5101120
        b:c:n:w 2479.8533360
        e:c:n:w 54359.9682766
