########################################
# legofit: estimate population history #
#       version 2.3.4-4-g53f8760       #
########################################

# Program was compiled: Sep 21 2021 14:36:42
# Program was run: Thu Sep 23 10:18:40 2021

# cmd: legofit -1 -d 0 -t 32 --ptsPerDim 3 --stateOut b1boot16.state --tol 3e-6 -S 5000 adf2.lgo ../../boot/boot16.opf
# Stage nOptItr nSimReps
#     0    5000        0
# algorithm          : deterministic
# ignoring probs <=  : 0
# Branch length floor: 0
# DE strategy        : 2
#    F               : 0.3
#    CR              : 0.8
#    tolerance       : 3e-06
# nthreads           : 32
# lgo input file     : adf2.lgo
# site pat input file: ../../boot/boot16.opf
# free parameters    : 15
# points in DE swarm : 45
# output state file  : b1boot16.state
# Including singleton site patterns.
# cost function      : KL
Initial parameter values
Fixed:
      zero = 0
       one = 1
    Tbecnw = 75200
Free:
       pc1 = 0
       pc2 = 0
       pc3 = 0
       pc4 = 0
       pc5 = 0
       pc6 = 0
       pc7 = 0
       pc8 = 0
       pc9 = 0
      pc10 = 0
      pc11 = 0
      pc12 = 0
      pc13 = 0
      pc14 = 0
      pc15 = 0
Constrained:
   Tgbecnw = 104730
     Tecnw = 24139.4
       Tnw = 19933.5
       Tec = 12157.2
     twoNb = 1.20097e+06
     twoNc = 217078
     twoNw = 4.26995e+06
    twoNec = 139000
    twoNnw = 22526.8
  twoNecnw = 84323.1
  twoNbecnw = 13656
  twoNgbecnw = 208308
         m = 0.184299
        m4 = 0.0278485
        m6 = 4.26666e-06
        Ta = 37600
        Td = 6078.58
        Tf = 3039.29
DiffEv reached_goal. cost=1.90972e-03 spread=2.49499e-06
Fitted parameter values
Free:
       pc1 = 0.488526
       pc2 = -0.340426
       pc3 = -1.97456
       pc4 = -1.58049
       pc5 = -0.93711
       pc6 = 0.174438
       pc7 = 1.97927
       pc8 = -1.99355
       pc9 = 1.56212
      pc10 = -1.08053
      pc11 = -0.176751
      pc12 = -0.000166147
      pc13 = 0.107167
      pc14 = 0.0304407
      pc15 = 0.00182193
Constrained:
   Tgbecnw = 92887.6
     Tecnw = 23065
       Tnw = 19822.3
       Tec = 8836.91
     twoNb = 1.28962e+06
     twoNc = 174452
     twoNw = 4.84552e+06
    twoNec = 168839
    twoNnw = 17022.7
  twoNecnw = 82573.6
  twoNbecnw = 8111.98
  twoNgbecnw = 232445
         m = 0.156571
        m4 = 0.0268297
        m6 = 8.03864e-06
        Ta = 37600
        Td = 4418.45
        Tf = 2209.23
#       SitePat  BranchLen
              b 129358.8977622
              e 50888.0599376
              c 52351.3027431
              n 47664.4075393
              w 47664.4063166
            b:e 2188.3556748
            b:c 2610.4398114
            b:n 1844.2454260
            b:w 1844.2453382
            e:c 10806.5645188
            e:n 5467.0819631
            e:w 5467.0816651
            c:n 5267.1937866
            c:w 5267.1950093
            n:w 13099.9169619
          b:e:c 2142.5554361
          b:e:n 1161.3284299
          b:e:w 1161.3283345
          b:c:n 1167.8786974
          b:c:w 1167.8787853
          b:n:w 2103.4107544
          e:c:n 4752.1936102
          e:c:w 4752.1939083
          e:n:w 6492.9993391
          c:n:w 5882.3817420
        b:e:c:n 2111.0025574
        b:e:c:w 2111.0026529
        b:e:n:w 3375.7430924
        b:c:n:w 2487.7072203
        e:c:n:w 53958.5294940
