########################################
# legofit: estimate population history #
#       version 2.3.4-4-g53f8760       #
########################################

# Program was compiled: Sep 21 2021 14:36:42
# Program was run: Thu Sep 23 10:18:22 2021

# cmd: legofit -1 -d 0 -t 32 --ptsPerDim 3 --stateOut b1boot2.state --tol 3e-6 -S 5000 adf2.lgo ../../boot/boot2.opf
# Stage nOptItr nSimReps
#     0    5000        0
# algorithm          : deterministic
# ignoring probs <=  : 0
# Branch length floor: 0
# DE strategy        : 2
#    F               : 0.3
#    CR              : 0.8
#    tolerance       : 3e-06
# nthreads           : 32
# lgo input file     : adf2.lgo
# site pat input file: ../../boot/boot2.opf
# free parameters    : 15
# points in DE swarm : 45
# output state file  : b1boot2.state
# Including singleton site patterns.
# cost function      : KL
Initial parameter values
Fixed:
      zero = 0
       one = 1
    Tbecnw = 75200
Free:
       pc1 = 0
       pc2 = 0
       pc3 = 0
       pc4 = 0
       pc5 = 0
       pc6 = 0
       pc7 = 0
       pc8 = 0
       pc9 = 0
      pc10 = 0
      pc11 = 0
      pc12 = 0
      pc13 = 0
      pc14 = 0
      pc15 = 0
Constrained:
   Tgbecnw = 104730
     Tecnw = 24139.4
       Tnw = 19933.5
       Tec = 12157.2
     twoNb = 1.20097e+06
     twoNc = 217078
     twoNw = 4.26995e+06
    twoNec = 139000
    twoNnw = 22526.8
  twoNecnw = 84323.1
  twoNbecnw = 13656
  twoNgbecnw = 208308
         m = 0.184299
        m4 = 0.0278485
        m6 = 4.26666e-06
        Ta = 37600
        Td = 6078.58
        Tf = 3039.29
DiffEv reached_goal. cost=1.96688e-03 spread=2.66915e-06
Fitted parameter values
Free:
       pc1 = 2.48061
       pc2 = -0.272277
       pc3 = -1.9995
       pc4 = -1.3235
       pc5 = 0.33892
       pc6 = -0.0344221
       pc7 = 1.51906
       pc8 = -1.99315
       pc9 = 1.28664
      pc10 = -0.464719
      pc11 = -0.0377817
      pc12 = 0.01048
      pc13 = 0.189429
      pc14 = 0.0714917
      pc15 = -0.00448096
Constrained:
   Tgbecnw = 91511
     Tecnw = 23579.7
       Tnw = 18333.7
       Tec = 5275.9
     twoNb = 1.27816e+06
     twoNc = 329465
     twoNw = 5.04416e+06
    twoNec = 220637
    twoNnw = 28111.3
  twoNecnw = 81293.3
  twoNbecnw = 7777.57
  twoNgbecnw = 218318
         m = 0.16847
        m4 = 0.0274355
        m6 = 1.26841e-05
        Ta = 37600
        Td = 2637.95
        Tf = 1318.98
#       SitePat  BranchLen
              b 129415.9854837
              e 50952.7176338
              c 52427.0170110
              n 47817.8221400
              w 47817.8202924
            b:e 2189.3627288
            b:c 2642.9428289
            b:n 1852.1312963
            b:w 1852.1311670
            e:c 10829.5578145
            e:n 5463.9694600
            e:w 5463.9690232
            c:n 5259.8722299
            c:w 5259.8740775
            n:w 13066.7015020
          b:e:c 2132.9635661
          b:e:n 1168.3181804
          b:e:w 1168.3180401
          b:c:n 1174.9836026
          b:c:w 1174.9837319
          b:n:w 2094.6117952
          e:c:n 4761.0012811
          e:c:w 4761.0017178
          e:n:w 6502.4640604
          c:n:w 5862.8503174
        b:e:c:n 2117.6244774
        b:e:c:w 2117.6246177
        b:e:n:w 3379.9476889
        b:c:n:w 2486.5422586
        e:c:n:w 53959.6319311
