########################################
# legofit: estimate population history #
#       version 2.3.4-4-g53f8760       #
########################################

# Program was compiled: Sep 21 2021 14:36:42
# Program was run: Thu Sep 23 10:18:14 2021

# cmd: legofit -1 -d 0 -t 32 --ptsPerDim 3 --stateOut b1boot0.state --tol 3e-6 -S 5000 adf2.lgo ../../boot/boot0.opf
# Stage nOptItr nSimReps
#     0    5000        0
# algorithm          : deterministic
# ignoring probs <=  : 0
# Branch length floor: 0
# DE strategy        : 2
#    F               : 0.3
#    CR              : 0.8
#    tolerance       : 3e-06
# nthreads           : 32
# lgo input file     : adf2.lgo
# site pat input file: ../../boot/boot0.opf
# free parameters    : 15
# points in DE swarm : 45
# output state file  : b1boot0.state
# Including singleton site patterns.
# cost function      : KL
Initial parameter values
Fixed:
      zero = 0
       one = 1
    Tbecnw = 75200
Free:
       pc1 = 0
       pc2 = 0
       pc3 = 0
       pc4 = 0
       pc5 = 0
       pc6 = 0
       pc7 = 0
       pc8 = 0
       pc9 = 0
      pc10 = 0
      pc11 = 0
      pc12 = 0
      pc13 = 0
      pc14 = 0
      pc15 = 0
Constrained:
   Tgbecnw = 104730
     Tecnw = 24139.4
       Tnw = 19933.5
       Tec = 12157.2
     twoNb = 1.20097e+06
     twoNc = 217078
     twoNw = 4.26995e+06
    twoNec = 139000
    twoNnw = 22526.8
  twoNecnw = 84323.1
  twoNbecnw = 13656
  twoNgbecnw = 208308
         m = 0.184299
        m4 = 0.0278485
        m6 = 4.26666e-06
        Ta = 37600
        Td = 6078.58
        Tf = 3039.29
DiffEv reached_goal. cost=1.95209e-03 spread=2.85576e-06
Fitted parameter values
Free:
       pc1 = 2.34074
       pc2 = -0.0258069
       pc3 = -1.99483
       pc4 = 0.561655
       pc5 = 0.279115
       pc6 = 0.00181893
       pc7 = 1.96503
       pc8 = -1.97606
       pc9 = 0.434704
      pc10 = -0.402987
      pc11 = -0.181116
      pc12 = -0.00448981
      pc13 = 0.0973293
      pc14 = 0.0650599
      pc15 = 0.000756186
Constrained:
   Tgbecnw = 94720.5
     Tecnw = 23559.9
       Tnw = 18406.4
       Tec = 3655.63
     twoNb = 1.49944e+06
     twoNc = 347113
     twoNw = 1.16679e+06
    twoNec = 242877
    twoNnw = 27628.7
  twoNecnw = 82009.3
  twoNbecnw = 9161.61
  twoNgbecnw = 219457
         m = 0.167377
        m4 = 0.027834
        m6 = 9.28108e-06
        Ta = 37600
        Td = 1827.81
        Tf = 913.907
#       SitePat  BranchLen
              b 130282.1600108
              e 51157.8005877
              c 52680.8190712
              n 48022.4932847
              w 48022.4872500
            b:e 2204.7571802
            b:c 2653.1694584
            b:n 1862.3826940
            b:w 1862.3822737
            e:c 10943.9131319
            e:n 5520.8026032
            e:w 5520.8011780
            c:n 5312.4925029
            c:w 5312.4985376
            n:w 13165.2838165
          b:e:c 2139.2471820
          b:e:n 1175.3437538
          b:e:w 1175.3432983
          b:c:n 1181.1531120
          b:c:w 1181.1535324
          b:n:w 2102.2921787
          e:c:n 4799.1700989
          e:c:w 4799.1715241
          e:n:w 6568.6497567
          c:n:w 5921.4168175
        b:e:c:n 2122.9900190
        b:e:c:w 2122.9904745
        b:e:n:w 3415.7155859
        b:c:n:w 2496.5101502
        e:c:n:w 54310.8952913
