########################################
# legofit: estimate population history #
#       version 2.3.4-4-g53f8760       #
########################################

# Program was compiled: Sep 21 2021 14:36:42
# Program was run: Thu Sep 23 10:19:27 2021

# cmd: legofit -1 -d 0 -t 32 --ptsPerDim 3 --stateOut b1boot46.state --tol 3e-6 -S 5000 adf2.lgo ../../boot/boot46.opf
# Stage nOptItr nSimReps
#     0    5000        0
# algorithm          : deterministic
# ignoring probs <=  : 0
# Branch length floor: 0
# DE strategy        : 2
#    F               : 0.3
#    CR              : 0.8
#    tolerance       : 3e-06
# nthreads           : 32
# lgo input file     : adf2.lgo
# site pat input file: ../../boot/boot46.opf
# free parameters    : 15
# points in DE swarm : 45
# output state file  : b1boot46.state
# Including singleton site patterns.
# cost function      : KL
Initial parameter values
Fixed:
      zero = 0
       one = 1
    Tbecnw = 75200
Free:
       pc1 = 0
       pc2 = 0
       pc3 = 0
       pc4 = 0
       pc5 = 0
       pc6 = 0
       pc7 = 0
       pc8 = 0
       pc9 = 0
      pc10 = 0
      pc11 = 0
      pc12 = 0
      pc13 = 0
      pc14 = 0
      pc15 = 0
Constrained:
   Tgbecnw = 104730
     Tecnw = 24139.4
       Tnw = 19933.5
       Tec = 12157.2
     twoNb = 1.20097e+06
     twoNc = 217078
     twoNw = 4.26995e+06
    twoNec = 139000
    twoNnw = 22526.8
  twoNecnw = 84323.1
  twoNbecnw = 13656
  twoNgbecnw = 208308
         m = 0.184299
        m4 = 0.0278485
        m6 = 4.26666e-06
        Ta = 37600
        Td = 6078.58
        Tf = 3039.29
DiffEv reached_goal. cost=1.88993e-03 spread=2.28581e-06
Fitted parameter values
Free:
       pc1 = 1.20279
       pc2 = -0.503156
       pc3 = -1.97678
       pc4 = -0.122416
       pc5 = -1.14923
       pc6 = -0.253523
       pc7 = 1.17844
       pc8 = -1.95113
       pc9 = 1.4798
      pc10 = -0.969827
      pc11 = -0.431781
      pc12 = -0.157625
      pc13 = 0.029911
      pc14 = 0.020845
      pc15 = 0.0150878
Constrained:
   Tgbecnw = 93977.2
     Tecnw = 23300.9
       Tnw = 18765.5
       Tec = 8255.72
     twoNb = 1.67997e+06
     twoNc = 178659
     twoNw = 3.8813e+06
    twoNec = 179871
    twoNnw = 24057.2
  twoNecnw = 81541.9
  twoNbecnw = 8842.49
  twoNgbecnw = 220486
         m = 0.165061
        m4 = 0.0271824
        m6 = 4.53565e-06
        Ta = 37600
        Td = 4127.86
        Tf = 2063.93
#       SitePat  BranchLen
              b 129916.7264596
              e 50980.3271490
              c 52480.4385123
              n 47721.3107717
              w 47721.3099418
            b:e 2202.2438239
            b:c 2624.5843292
            b:n 1859.7521920
            b:w 1859.7521329
            e:c 10834.3296130
            e:n 5504.5391196
            e:w 5504.5389186
            c:n 5301.1209428
            c:w 5301.1217727
            n:w 13170.7725674
          b:e:c 2144.8979413
          b:e:n 1170.0021347
          b:e:w 1170.0020707
          b:c:n 1175.4562025
          b:c:w 1175.4562616
          b:n:w 2108.5177646
          e:c:n 4814.0509227
          e:c:w 4814.0511236
          e:n:w 6568.5495037
          c:n:w 5940.0425224
        b:e:c:n 2118.3852023
        b:e:c:w 2118.3852664
        b:e:n:w 3389.8214922
        b:c:n:w 2491.8029433
        e:c:n:w 54191.6626613
