########################################
# legofit: estimate population history #
#       version 2.3.4-4-g53f8760       #
########################################

# Program was compiled: Sep 21 2021 14:36:42
# Program was run: Thu Sep 23 10:18:45 2021

# cmd: legofit -1 -d 0 -t 32 --ptsPerDim 3 --stateOut b1boot18.state --tol 3e-6 -S 5000 adf2.lgo ../../boot/boot18.opf
# Stage nOptItr nSimReps
#     0    5000        0
# algorithm          : deterministic
# ignoring probs <=  : 0
# Branch length floor: 0
# DE strategy        : 2
#    F               : 0.3
#    CR              : 0.8
#    tolerance       : 3e-06
# nthreads           : 32
# lgo input file     : adf2.lgo
# site pat input file: ../../boot/boot18.opf
# free parameters    : 15
# points in DE swarm : 45
# output state file  : b1boot18.state
# Including singleton site patterns.
# cost function      : KL
Initial parameter values
Fixed:
      zero = 0
       one = 1
    Tbecnw = 75200
Free:
       pc1 = 0
       pc2 = 0
       pc3 = 0
       pc4 = 0
       pc5 = 0
       pc6 = 0
       pc7 = 0
       pc8 = 0
       pc9 = 0
      pc10 = 0
      pc11 = 0
      pc12 = 0
      pc13 = 0
      pc14 = 0
      pc15 = 0
Constrained:
   Tgbecnw = 104730
     Tecnw = 24139.4
       Tnw = 19933.5
       Tec = 12157.2
     twoNb = 1.20097e+06
     twoNc = 217078
     twoNw = 4.26995e+06
    twoNec = 139000
    twoNnw = 22526.8
  twoNecnw = 84323.1
  twoNbecnw = 13656
  twoNgbecnw = 208308
         m = 0.184299
        m4 = 0.0278485
        m6 = 4.26666e-06
        Ta = 37600
        Td = 6078.58
        Tf = 3039.29
DiffEv reached_goal. cost=1.97424e-03 spread=2.55890e-06
Fitted parameter values
Free:
       pc1 = 1.07731
       pc2 = -0.214811
       pc3 = -1.95566
       pc4 = -0.708177
       pc5 = -1.20765
       pc6 = -0.149522
       pc7 = 1.83195
       pc8 = -1.8622
       pc9 = 1.45972
      pc10 = -0.750971
      pc11 = -0.393414
      pc12 = -0.064037
      pc13 = 0.0616918
      pc14 = 0.0378022
      pc15 = 0.0070157
Constrained:
   Tgbecnw = 93592.9
     Tecnw = 23284.4
       Tnw = 19417.1
       Tec = 7901.63
     twoNb = 1.49225e+06
     twoNc = 119197
     twoNw = 3.54537e+06
    twoNec = 184319
    twoNnw = 20403.2
  twoNecnw = 81379
  twoNbecnw = 8595.34
  twoNgbecnw = 223917
         m = 0.16024
        m4 = 0.0269837
        m6 = 6.84733e-06
        Ta = 37600
        Td = 3950.81
        Tf = 1975.41
#       SitePat  BranchLen
              b 129276.9595819
              e 50896.2714272
              c 52370.6981424
              n 47679.0495807
              w 47679.0481602
            b:e 2195.2341891
            b:c 2614.3631925
            b:n 1850.4513525
            b:w 1850.4512510
            e:c 10816.9163572
            e:n 5482.6138305
            e:w 5482.6134854
            c:n 5281.0657776
            c:w 5281.0671980
            n:w 13101.4341088
          b:e:c 2139.9406762
          b:e:n 1164.7765397
          b:e:w 1164.7764296
          b:c:n 1170.7358823
          b:c:w 1170.7359838
          b:n:w 2102.4390774
          e:c:n 4787.8690006
          e:c:w 4787.8693458
          e:n:w 6541.0552015
          c:n:w 5922.1211485
        b:e:c:n 2110.0900554
        b:e:c:w 2110.0901654
        b:e:n:w 3369.8620476
        b:c:n:w 2486.4151482
        e:c:n:w 53727.3434988
