########################################
# legofit: estimate population history #
#       version 2.3.4-4-g53f8760       #
########################################

# Program was compiled: Sep 21 2021 14:36:42
# Program was run: Thu Sep 23 10:19:19 2021

# cmd: legofit -1 -d 0 -t 32 --ptsPerDim 3 --stateOut b1boot38.state --tol 3e-6 -S 5000 adf2.lgo ../../boot/boot38.opf
# Stage nOptItr nSimReps
#     0    5000        0
# algorithm          : deterministic
# ignoring probs <=  : 0
# Branch length floor: 0
# DE strategy        : 2
#    F               : 0.3
#    CR              : 0.8
#    tolerance       : 3e-06
# nthreads           : 32
# lgo input file     : adf2.lgo
# site pat input file: ../../boot/boot38.opf
# free parameters    : 15
# points in DE swarm : 45
# output state file  : b1boot38.state
# Including singleton site patterns.
# cost function      : KL
Initial parameter values
Fixed:
      zero = 0
       one = 1
    Tbecnw = 75200
Free:
       pc1 = 0
       pc2 = 0
       pc3 = 0
       pc4 = 0
       pc5 = 0
       pc6 = 0
       pc7 = 0
       pc8 = 0
       pc9 = 0
      pc10 = 0
      pc11 = 0
      pc12 = 0
      pc13 = 0
      pc14 = 0
      pc15 = 0
Constrained:
   Tgbecnw = 104730
     Tecnw = 24139.4
       Tnw = 19933.5
       Tec = 12157.2
     twoNb = 1.20097e+06
     twoNc = 217078
     twoNw = 4.26995e+06
    twoNec = 139000
    twoNnw = 22526.8
  twoNecnw = 84323.1
  twoNbecnw = 13656
  twoNgbecnw = 208308
         m = 0.184299
        m4 = 0.0278485
        m6 = 4.26666e-06
        Ta = 37600
        Td = 6078.58
        Tf = 3039.29
DiffEv reached_goal. cost=1.93536e-03 spread=2.86378e-06
Fitted parameter values
Free:
       pc1 = 0.650914
       pc2 = -0.614899
       pc3 = -1.9518
       pc4 = -0.396823
       pc5 = -0.585122
       pc6 = 1.72351
       pc7 = 1.58281
       pc8 = -1.92808
       pc9 = 1.99102
      pc10 = -0.919435
      pc11 = -0.265936
      pc12 = -0.012663
      pc13 = 0.0778094
      pc14 = 0.0030822
      pc15 = -0.00374779
Constrained:
   Tgbecnw = 93753.8
     Tecnw = 23238.6
       Tnw = 19573
       Tec = 9131.44
     twoNb = 1.36907e+06
     twoNc = 652087
     twoNw = 3.32885e+06
    twoNec = 164684
    twoNnw = 19439.8
  twoNecnw = 82027.4
  twoNbecnw = 8527.27
  twoNgbecnw = 229598
         m = 0.15867
        m4 = 0.0267815
        m6 = 4.10676e-06
        Ta = 37600
        Td = 4565.72
        Tf = 2282.86
#       SitePat  BranchLen
              b 129672.6215561
              e 50913.2037157
              c 52382.1195962
              n 47773.1476761
              w 47773.1467799
            b:e 2178.9274149
            b:c 2598.7195435
            b:n 1845.9150455
            b:w 1845.9149814
            e:c 10832.7565626
            e:n 5469.1767681
            e:w 5469.1765500
            c:n 5269.1890659
            c:w 5269.1899621
            n:w 13076.2781040
          b:e:c 2134.3009752
          b:e:n 1158.6098609
          b:e:w 1158.6097914
          b:c:n 1164.7512805
          b:c:w 1164.7513446
          b:n:w 2097.2075785
          e:c:n 4780.0994868
          e:c:w 4780.0997049
          e:n:w 6489.0656340
          c:n:w 5876.6216872
        b:e:c:n 2107.8617355
        b:e:c:w 2107.8618050
        b:e:n:w 3360.3994852
        b:c:n:w 2471.8260820
        e:c:n:w 54128.1296482
