########################################
# legofit: estimate population history #
#       version 2.3.4-4-g53f8760       #
########################################

# Program was compiled: Sep 21 2021 14:36:42
# Program was run: Thu Sep 23 10:18:31 2021

# cmd: legofit -1 -d 0 -t 32 --ptsPerDim 3 --stateOut b1boot11.state --tol 3e-6 -S 5000 adf2.lgo ../../boot/boot11.opf
# Stage nOptItr nSimReps
#     0    5000        0
# algorithm          : deterministic
# ignoring probs <=  : 0
# Branch length floor: 0
# DE strategy        : 2
#    F               : 0.3
#    CR              : 0.8
#    tolerance       : 3e-06
# nthreads           : 32
# lgo input file     : adf2.lgo
# site pat input file: ../../boot/boot11.opf
# free parameters    : 15
# points in DE swarm : 45
# output state file  : b1boot11.state
# Including singleton site patterns.
# cost function      : KL
Initial parameter values
Fixed:
      zero = 0
       one = 1
    Tbecnw = 75200
Free:
       pc1 = 0
       pc2 = 0
       pc3 = 0
       pc4 = 0
       pc5 = 0
       pc6 = 0
       pc7 = 0
       pc8 = 0
       pc9 = 0
      pc10 = 0
      pc11 = 0
      pc12 = 0
      pc13 = 0
      pc14 = 0
      pc15 = 0
Constrained:
   Tgbecnw = 104730
     Tecnw = 24139.4
       Tnw = 19933.5
       Tec = 12157.2
     twoNb = 1.20097e+06
     twoNc = 217078
     twoNw = 4.26995e+06
    twoNec = 139000
    twoNnw = 22526.8
  twoNecnw = 84323.1
  twoNbecnw = 13656
  twoNgbecnw = 208308
         m = 0.184299
        m4 = 0.0278485
        m6 = 4.26666e-06
        Ta = 37600
        Td = 6078.58
        Tf = 3039.29
DiffEv reached_goal. cost=1.97489e-03 spread=1.83815e-06
Fitted parameter values
Free:
       pc1 = 2.47421
       pc2 = -1.12171
       pc3 = -1.99546
       pc4 = -1.78849
       pc5 = 1.78805
       pc6 = -1.16153
       pc7 = 1.35034
       pc8 = -1.88627
       pc9 = 1.66776
      pc10 = -0.392855
      pc11 = -0.314386
      pc12 = -0.213438
      pc13 = 0.13213
      pc14 = 0.0216083
      pc15 = -0.0226924
Constrained:
   Tgbecnw = 91135.9
     Tecnw = 23356
       Tnw = 17672.7
       Tec = 7265.62
     twoNb = 1.40087e+06
     twoNc = 359582
     twoNw = 6.79545e+06
    twoNec = 189431
    twoNnw = 30886.5
  twoNecnw = 81636.5
  twoNbecnw = 7849.23
  twoNgbecnw = 206299
         m = 0.179571
        m4 = 0.0279018
        m6 = 2.08181e-05
        Ta = 37600
        Td = 3632.81
        Tf = 1816.41
#       SitePat  BranchLen
              b 129595.0038210
              e 50882.4420773
              c 52382.5448603
              n 47766.2888066
              w 47766.2867046
            b:e 2189.9049654
            b:c 2656.8166185
            b:n 1865.7534086
            b:w 1865.7532609
            e:c 10860.0339930
            e:n 5505.6542698
            e:w 5505.6537687
            c:n 5296.3529382
            c:w 5296.3550401
            n:w 13123.8183642
          b:e:c 2136.7203499
          b:e:n 1172.6869902
          b:e:w 1172.6868300
          b:c:n 1178.8055698
          b:c:w 1178.8057175
          b:n:w 2100.6588095
          e:c:n 4823.6545483
          e:c:w 4823.6550494
          e:n:w 6546.8313406
          c:n:w 5885.3247795
        b:e:c:n 2128.9078772
        b:e:c:w 2128.9080373
        b:e:n:w 3382.1485549
        b:c:n:w 2483.0023948
        e:c:n:w 53976.6754316
