########################################
# legofit: estimate population history #
#       version 2.3.4-4-g53f8760       #
########################################

# Program was compiled: Sep 21 2021 14:36:42
# Program was run: Thu Sep 23 10:18:31 2021

# cmd: legofit -1 -d 0 -t 32 --ptsPerDim 3 --stateOut b1boot9.state --tol 3e-6 -S 5000 adf2.lgo ../../boot/boot9.opf
# Stage nOptItr nSimReps
#     0    5000        0
# algorithm          : deterministic
# ignoring probs <=  : 0
# Branch length floor: 0
# DE strategy        : 2
#    F               : 0.3
#    CR              : 0.8
#    tolerance       : 3e-06
# nthreads           : 32
# lgo input file     : adf2.lgo
# site pat input file: ../../boot/boot9.opf
# free parameters    : 15
# points in DE swarm : 45
# output state file  : b1boot9.state
# Including singleton site patterns.
# cost function      : KL
Initial parameter values
Fixed:
      zero = 0
       one = 1
    Tbecnw = 75200
Free:
       pc1 = 0
       pc2 = 0
       pc3 = 0
       pc4 = 0
       pc5 = 0
       pc6 = 0
       pc7 = 0
       pc8 = 0
       pc9 = 0
      pc10 = 0
      pc11 = 0
      pc12 = 0
      pc13 = 0
      pc14 = 0
      pc15 = 0
Constrained:
   Tgbecnw = 104730
     Tecnw = 24139.4
       Tnw = 19933.5
       Tec = 12157.2
     twoNb = 1.20097e+06
     twoNc = 217078
     twoNw = 4.26995e+06
    twoNec = 139000
    twoNnw = 22526.8
  twoNecnw = 84323.1
  twoNbecnw = 13656
  twoNgbecnw = 208308
         m = 0.184299
        m4 = 0.0278485
        m6 = 4.26666e-06
        Ta = 37600
        Td = 6078.58
        Tf = 3039.29
DiffEv reached_goal. cost=1.95555e-03 spread=2.91482e-06
Fitted parameter values
Free:
       pc1 = 1.45727
       pc2 = -1.61131
       pc3 = -1.95586
       pc4 = -0.353006
       pc5 = 1.45007
       pc6 = -1.19446
       pc7 = 1.81899
       pc8 = -1.93227
       pc9 = 1.85507
      pc10 = -0.272551
      pc11 = -0.160667
      pc12 = -0.0377685
      pc13 = 0.179281
      pc14 = 0.0184405
      pc15 = 0.000518522
Constrained:
   Tgbecnw = 92232.9
     Tecnw = 23289.3
       Tnw = 18643.6
       Tec = 9351.07
     twoNb = 1.76953e+06
     twoNc = 419713
     twoNw = 4.14877e+06
    twoNec = 161564
    twoNnw = 24818.3
  twoNecnw = 82973.6
  twoNbecnw = 8219.92
  twoNgbecnw = 211156
         m = 0.176202
        m4 = 0.027957
        m6 = 1.84875e-05
        Ta = 37600
        Td = 4675.54
        Tf = 2337.77
#       SitePat  BranchLen
              b 129909.7871014
              e 51132.5266042
              c 52661.1070930
              n 47941.5255790
              w 47941.5224794
            b:e 2193.8267873
            b:c 2637.1254352
            b:n 1863.7134571
            b:w 1863.7132367
            e:c 10871.3263353
            e:n 5494.6376266
            e:w 5494.6368798
            c:n 5286.5408634
            c:w 5286.5439630
            n:w 13191.1076314
          b:e:c 2150.0549315
          b:e:n 1170.1373506
          b:e:w 1170.1371113
          b:c:n 1175.3907163
          b:c:w 1175.3909367
          b:n:w 2114.2883793
          e:c:n 4802.3861574
          e:c:w 4802.3869042
          e:n:w 6529.6919714
          c:n:w 5881.7026498
        b:e:c:n 2129.1132320
        b:e:c:w 2129.1134712
        b:e:n:w 3407.9479267
        b:c:n:w 2489.7397486
        e:c:n:w 54101.5573842
