########################################
# legofit: estimate population history #
#       version 2.3.4-4-g53f8760       #
########################################

# Program was compiled: Sep 21 2021 14:36:42
# Program was run: Thu Sep 23 10:18:59 2021

# cmd: legofit -1 -d 0 -t 32 --ptsPerDim 3 --stateOut b1boot28.state --tol 3e-6 -S 5000 adf2.lgo ../../boot/boot28.opf
# Stage nOptItr nSimReps
#     0    5000        0
# algorithm          : deterministic
# ignoring probs <=  : 0
# Branch length floor: 0
# DE strategy        : 2
#    F               : 0.3
#    CR              : 0.8
#    tolerance       : 3e-06
# nthreads           : 32
# lgo input file     : adf2.lgo
# site pat input file: ../../boot/boot28.opf
# free parameters    : 15
# points in DE swarm : 45
# output state file  : b1boot28.state
# Including singleton site patterns.
# cost function      : KL
Initial parameter values
Fixed:
      zero = 0
       one = 1
    Tbecnw = 75200
Free:
       pc1 = 0
       pc2 = 0
       pc3 = 0
       pc4 = 0
       pc5 = 0
       pc6 = 0
       pc7 = 0
       pc8 = 0
       pc9 = 0
      pc10 = 0
      pc11 = 0
      pc12 = 0
      pc13 = 0
      pc14 = 0
      pc15 = 0
Constrained:
   Tgbecnw = 104730
     Tecnw = 24139.4
       Tnw = 19933.5
       Tec = 12157.2
     twoNb = 1.20097e+06
     twoNc = 217078
     twoNw = 4.26995e+06
    twoNec = 139000
    twoNnw = 22526.8
  twoNecnw = 84323.1
  twoNbecnw = 13656
  twoNgbecnw = 208308
         m = 0.184299
        m4 = 0.0278485
        m6 = 4.26666e-06
        Ta = 37600
        Td = 6078.58
        Tf = 3039.29
DiffEv reached_goal. cost=1.95124e-03 spread=2.32715e-06
Fitted parameter values
Free:
       pc1 = 1.01565
       pc2 = -0.0107008
       pc3 = -1.985
       pc4 = -0.620119
       pc5 = -0.666644
       pc6 = -0.0432899
       pc7 = 1.84442
       pc8 = -1.81981
       pc9 = 1.79501
      pc10 = -0.615733
      pc11 = -0.327718
      pc12 = -0.00673982
      pc13 = 0.0418756
      pc14 = 0.0459837
      pc15 = 0.0016029
Constrained:
   Tgbecnw = 94585.6
     Tecnw = 23348.5
       Tnw = 19336.4
       Tec = 8197.24
     twoNb = 1.50072e+06
     twoNc = 233860
     twoNw = 3.55424e+06
    twoNec = 181372
    twoNnw = 21273
  twoNecnw = 81268.4
  twoNbecnw = 8893.39
  twoNgbecnw = 231312
         m = 0.154593
        m4 = 0.0270122
        m6 = 9.00242e-06
        Ta = 37600
        Td = 4098.62
        Tf = 2049.31
#       SitePat  BranchLen
              b 129462.7729878
              e 50947.9830660
              c 52434.7212509
              n 47743.2094532
              w 47743.2076036
            b:e 2199.4866365
            b:c 2612.1295373
            b:n 1856.9597994
            b:w 1856.9596670
            e:c 10806.1156007
            e:n 5488.3701087
            e:w 5488.3696595
            c:n 5286.4907868
            c:w 5286.4926364
            n:w 13088.6024089
          b:e:c 2143.2987081
          b:e:n 1168.5705950
          b:e:w 1168.5704515
          b:c:n 1174.6109284
          b:c:w 1174.6110608
          b:n:w 2105.9336701
          e:c:n 4794.3720846
          e:c:w 4794.3725337
          e:n:w 6532.9899902
          c:n:w 5918.5382112
        b:e:c:n 2117.1190007
        b:e:c:w 2117.1191442
        b:e:n:w 3384.2250780
        b:c:n:w 2490.9705424
        e:c:n:w 53882.3757811
