########################################
# legofit: estimate population history #
#       version 2.3.4-4-g53f8760       #
########################################

# Program was compiled: Sep 21 2021 14:36:42
# Program was run: Thu Sep 23 10:18:59 2021

# cmd: legofit -1 -d 0 -t 32 --ptsPerDim 3 --stateOut b1boot25.state --tol 3e-6 -S 5000 adf2.lgo ../../boot/boot25.opf
# Stage nOptItr nSimReps
#     0    5000        0
# algorithm          : deterministic
# ignoring probs <=  : 0
# Branch length floor: 0
# DE strategy        : 2
#    F               : 0.3
#    CR              : 0.8
#    tolerance       : 3e-06
# nthreads           : 32
# lgo input file     : adf2.lgo
# site pat input file: ../../boot/boot25.opf
# free parameters    : 15
# points in DE swarm : 45
# output state file  : b1boot25.state
# Including singleton site patterns.
# cost function      : KL
Initial parameter values
Fixed:
      zero = 0
       one = 1
    Tbecnw = 75200
Free:
       pc1 = 0
       pc2 = 0
       pc3 = 0
       pc4 = 0
       pc5 = 0
       pc6 = 0
       pc7 = 0
       pc8 = 0
       pc9 = 0
      pc10 = 0
      pc11 = 0
      pc12 = 0
      pc13 = 0
      pc14 = 0
      pc15 = 0
Constrained:
   Tgbecnw = 104730
     Tecnw = 24139.4
       Tnw = 19933.5
       Tec = 12157.2
     twoNb = 1.20097e+06
     twoNc = 217078
     twoNw = 4.26995e+06
    twoNec = 139000
    twoNnw = 22526.8
  twoNecnw = 84323.1
  twoNbecnw = 13656
  twoNgbecnw = 208308
         m = 0.184299
        m4 = 0.0278485
        m6 = 4.26666e-06
        Ta = 37600
        Td = 6078.58
        Tf = 3039.29
DiffEv reached_goal. cost=1.95763e-03 spread=2.99679e-06
Fitted parameter values
Free:
       pc1 = 1.62337
       pc2 = 0.473818
       pc3 = -1.9735
       pc4 = -0.111174
       pc5 = -0.286329
       pc6 = -0.426167
       pc7 = 1.68159
       pc8 = -1.85527
       pc9 = 1.75005
      pc10 = -0.407768
      pc11 = -0.22517
      pc12 = 0.0791284
      pc13 = 0.0632796
      pc14 = 0.0442712
      pc15 = 0.0186871
Constrained:
   Tgbecnw = 95869.9
     Tecnw = 23609.7
       Tnw = 18714.5
       Tec = 6484.18
     twoNb = 1.61286e+06
     twoNc = 224305
     twoNw = 3.16297e+06
    twoNec = 204727
    twoNnw = 25859.6
  twoNecnw = 80877.3
  twoNbecnw = 9327.32
  twoNgbecnw = 234828
         m = 0.15103
        m4 = 0.0272427
        m6 = 1.05323e-05
        Ta = 37600
        Td = 3242.09
        Tf = 1621.04
#       SitePat  BranchLen
              b 129413.9970978
              e 51017.6006537
              c 52521.6491828
              n 47807.4345407
              w 47807.4321050
            b:e 2184.2828495
            b:c 2590.8007060
            b:n 1842.4719105
            b:w 1842.4717398
            e:c 10849.8367225
            e:n 5464.1808064
            e:w 5464.1802254
            c:n 5261.4879695
            c:w 5261.4904052
            n:w 13137.3516978
          b:e:c 2128.0930453
          b:e:n 1158.7082225
          b:e:w 1158.7080376
          b:c:n 1164.5219556
          b:c:w 1164.5221263
          b:n:w 2091.3576378
          e:c:n 4771.0304715
          e:c:w 4771.0310525
          e:n:w 6509.2126728
          c:n:w 5896.3744461
        b:e:c:n 2098.1069590
        b:e:c:w 2098.1071439
        b:e:n:w 3374.8135044
        b:c:n:w 2470.8395725
        e:c:n:w 53733.9107498
