########################################
# legofit: estimate population history #
#       version 2.3.4-4-g53f8760       #
########################################

# Program was compiled: Sep 21 2021 14:36:42
# Program was run: Thu Sep 23 10:18:54 2021

# cmd: legofit -1 -d 0 -t 32 --ptsPerDim 3 --stateOut b1boot24.state --tol 3e-6 -S 5000 adf2.lgo ../../boot/boot24.opf
# Stage nOptItr nSimReps
#     0    5000        0
# algorithm          : deterministic
# ignoring probs <=  : 0
# Branch length floor: 0
# DE strategy        : 2
#    F               : 0.3
#    CR              : 0.8
#    tolerance       : 3e-06
# nthreads           : 32
# lgo input file     : adf2.lgo
# site pat input file: ../../boot/boot24.opf
# free parameters    : 15
# points in DE swarm : 45
# output state file  : b1boot24.state
# Including singleton site patterns.
# cost function      : KL
Initial parameter values
Fixed:
      zero = 0
       one = 1
    Tbecnw = 75200
Free:
       pc1 = 0
       pc2 = 0
       pc3 = 0
       pc4 = 0
       pc5 = 0
       pc6 = 0
       pc7 = 0
       pc8 = 0
       pc9 = 0
      pc10 = 0
      pc11 = 0
      pc12 = 0
      pc13 = 0
      pc14 = 0
      pc15 = 0
Constrained:
   Tgbecnw = 104730
     Tecnw = 24139.4
       Tnw = 19933.5
       Tec = 12157.2
     twoNb = 1.20097e+06
     twoNc = 217078
     twoNw = 4.26995e+06
    twoNec = 139000
    twoNnw = 22526.8
  twoNecnw = 84323.1
  twoNbecnw = 13656
  twoNgbecnw = 208308
         m = 0.184299
        m4 = 0.0278485
        m6 = 4.26666e-06
        Ta = 37600
        Td = 6078.58
        Tf = 3039.29
DiffEv reached_goal. cost=1.96163e-03 spread=2.52572e-06
Fitted parameter values
Free:
       pc1 = 0.444942
       pc2 = -0.276854
       pc3 = -1.97573
       pc4 = -1.73617
       pc5 = -0.548367
       pc6 = 1.44563
       pc7 = 1.92418
       pc8 = -1.90698
       pc9 = 1.7965
      pc10 = -0.826766
      pc11 = -0.3796
      pc12 = -0.0742964
      pc13 = 0.0384537
      pc14 = 0.0184614
      pc15 = -0.0120171
Constrained:
   Tgbecnw = 93448.8
     Tecnw = 23076.4
       Tnw = 20077.1
       Tec = 8881.25
     twoNb = 1.07712e+06
     twoNc = 483231
     twoNw = 4.79405e+06
    twoNec = 167633
    twoNnw = 15839.7
  twoNecnw = 81666.3
  twoNbecnw = 8370.15
  twoNgbecnw = 231644
         m = 0.155207
        m4 = 0.0266581
        m6 = 7.39997e-06
        Ta = 37600
        Td = 4440.63
        Tf = 2220.31
#       SitePat  BranchLen
              b 129191.3240692
              e 50735.7267569
              c 52174.4650908
              n 47600.0138826
              w 47600.0127346
            b:e 2177.7995909
            b:c 2612.0002009
            b:n 1840.0109464
            b:w 1840.0108637
            e:c 10805.4800776
            e:n 5471.4045443
            e:w 5471.4042623
            c:n 5271.1570428
            c:w 5271.1581908
            n:w 13025.5559181
          b:e:c 2130.8584636
          b:e:n 1156.2263619
          b:e:w 1156.2262723
          b:c:n 1163.3828993
          b:c:w 1163.3829819
          b:n:w 2091.9749020
          e:c:n 4776.1877790
          e:c:w 4776.1880609
          e:n:w 6507.6354918
          c:n:w 5892.0723143
        b:e:c:n 2101.6088709
        b:e:c:w 2101.6089606
        b:e:n:w 3342.3206028
        b:c:n:w 2471.1245397
        e:c:n:w 53829.1850530
