########################################
# legofit: estimate population history #
#       version 2.3.4-4-g53f8760       #
########################################

# Program was compiled: Sep 21 2021 14:36:42
# Program was run: Thu Sep 23 10:18:49 2021

# cmd: legofit -1 -d 0 -t 32 --ptsPerDim 3 --stateOut b1boot20.state --tol 3e-6 -S 5000 adf2.lgo ../../boot/boot20.opf
# Stage nOptItr nSimReps
#     0    5000        0
# algorithm          : deterministic
# ignoring probs <=  : 0
# Branch length floor: 0
# DE strategy        : 2
#    F               : 0.3
#    CR              : 0.8
#    tolerance       : 3e-06
# nthreads           : 32
# lgo input file     : adf2.lgo
# site pat input file: ../../boot/boot20.opf
# free parameters    : 15
# points in DE swarm : 45
# output state file  : b1boot20.state
# Including singleton site patterns.
# cost function      : KL
Initial parameter values
Fixed:
      zero = 0
       one = 1
    Tbecnw = 75200
Free:
       pc1 = 0
       pc2 = 0
       pc3 = 0
       pc4 = 0
       pc5 = 0
       pc6 = 0
       pc7 = 0
       pc8 = 0
       pc9 = 0
      pc10 = 0
      pc11 = 0
      pc12 = 0
      pc13 = 0
      pc14 = 0
      pc15 = 0
Constrained:
   Tgbecnw = 104730
     Tecnw = 24139.4
       Tnw = 19933.5
       Tec = 12157.2
     twoNb = 1.20097e+06
     twoNc = 217078
     twoNw = 4.26995e+06
    twoNec = 139000
    twoNnw = 22526.8
  twoNecnw = 84323.1
  twoNbecnw = 13656
  twoNgbecnw = 208308
         m = 0.184299
        m4 = 0.0278485
        m6 = 4.26666e-06
        Ta = 37600
        Td = 6078.58
        Tf = 3039.29
DiffEv reached_goal. cost=1.95033e-03 spread=1.29380e-06
Fitted parameter values
Free:
       pc1 = 0.699155
       pc2 = -1.36512
       pc3 = -1.98581
       pc4 = -1.18509
       pc5 = 0.27363
       pc6 = -0.730121
       pc7 = 1.77784
       pc8 = -1.97424
       pc9 = 1.91535
      pc10 = -0.505828
      pc11 = -0.322562
      pc12 = -0.134925
      pc13 = 0.125827
      pc14 = -0.0010187
      pc15 = -0.00959586
Constrained:
   Tgbecnw = 92186.4
     Tecnw = 23083.8
       Tnw = 19531.3
       Tec = 10347.8
     twoNb = 1.58893e+06
     twoNc = 289934
     twoNw = 5.23366e+06
    twoNec = 146469
    twoNnw = 18927.6
  twoNecnw = 82429.4
  twoNbecnw = 8067.3
  twoNgbecnw = 216426
         m = 0.170284
        m4 = 0.0274231
        m6 = 1.41281e-05
        Ta = 37600
        Td = 5173.92
        Tf = 2586.96
#       SitePat  BranchLen
              b 129548.3685056
              e 50846.9980005
              c 52347.6707461
              n 47727.6065555
              w 47727.6046401
            b:e 2165.6899663
            b:c 2597.4681254
            b:n 1840.6350624
            b:w 1840.6349254
            e:c 10823.0072082
            e:n 5474.1172847
            e:w 5474.1168160
            c:n 5269.3727681
            c:w 5269.3746835
            n:w 13073.2665189
          b:e:c 2125.5324301
          b:e:n 1153.6139739
          b:e:w 1153.6138252
          b:c:n 1159.1979085
          b:c:w 1159.1980455
          b:n:w 2089.8730946
          e:c:n 4790.0134625
          e:c:w 4790.0139312
          e:n:w 6496.9429525
          c:n:w 5863.8901134
        b:e:c:n 2101.5909924
        b:e:c:w 2101.5911410
        b:e:n:w 3357.8016477
        b:c:n:w 2456.7212971
        e:c:n:w 53996.8880881
