########################################
# legofit: estimate population history #
#       version 2.3.4-4-g53f8760       #
########################################

# Program was compiled: Sep 21 2021 14:36:42
# Program was run: Thu Sep 23 10:19:35 2021

# cmd: legofit -1 -d 0 -t 32 --ptsPerDim 3 --stateOut b1boot48.state --tol 3e-6 -S 5000 adf2.lgo ../../boot/boot48.opf
# Stage nOptItr nSimReps
#     0    5000        0
# algorithm          : deterministic
# ignoring probs <=  : 0
# Branch length floor: 0
# DE strategy        : 2
#    F               : 0.3
#    CR              : 0.8
#    tolerance       : 3e-06
# nthreads           : 32
# lgo input file     : adf2.lgo
# site pat input file: ../../boot/boot48.opf
# free parameters    : 15
# points in DE swarm : 45
# output state file  : b1boot48.state
# Including singleton site patterns.
# cost function      : KL
Initial parameter values
Fixed:
      zero = 0
       one = 1
    Tbecnw = 75200
Free:
       pc1 = 0
       pc2 = 0
       pc3 = 0
       pc4 = 0
       pc5 = 0
       pc6 = 0
       pc7 = 0
       pc8 = 0
       pc9 = 0
      pc10 = 0
      pc11 = 0
      pc12 = 0
      pc13 = 0
      pc14 = 0
      pc15 = 0
Constrained:
   Tgbecnw = 104730
     Tecnw = 24139.4
       Tnw = 19933.5
       Tec = 12157.2
     twoNb = 1.20097e+06
     twoNc = 217078
     twoNw = 4.26995e+06
    twoNec = 139000
    twoNnw = 22526.8
  twoNecnw = 84323.1
  twoNbecnw = 13656
  twoNgbecnw = 208308
         m = 0.184299
        m4 = 0.0278485
        m6 = 4.26666e-06
        Ta = 37600
        Td = 6078.58
        Tf = 3039.29
DiffEv reached_goal. cost=1.97380e-03 spread=2.99460e-06
Fitted parameter values
Free:
       pc1 = -0.0571406
       pc2 = -1.20773
       pc3 = -1.97389
       pc4 = -1.38737
       pc5 = 0.589033
       pc6 = -0.399991
       pc7 = 1.89388
       pc8 = -1.93807
       pc9 = 1.4067
      pc10 = -0.339048
      pc11 = -0.196318
      pc12 = -0.0327412
      pc13 = 0.104228
      pc14 = 0.0206768
      pc15 = -0.014112
Constrained:
   Tgbecnw = 93803.6
     Tecnw = 22996.3
       Tnw = 20400.7
       Tec = 10808.2
     twoNb = 1.40141e+06
     twoNc = 336069
     twoNw = 5.22127e+06
    twoNec = 141730
    twoNnw = 13729.1
  twoNecnw = 83321.3
  twoNbecnw = 8683.95
  twoNgbecnw = 223327
         m = 0.164698
        m4 = 0.0276086
        m6 = 1.39212e-05
        Ta = 37600
        Td = 5404.1
        Tf = 2702.05
#       SitePat  BranchLen
              b 130006.9455561
              e 51066.8303060
              c 52581.7662644
              n 47900.0911403
              w 47900.0891779
            b:e 2201.0509292
            b:c 2638.6305097
            b:n 1863.8766093
            b:w 1863.8764661
            e:c 10849.7193462
            e:n 5510.6559327
            e:w 5510.6554466
            c:n 5303.7737738
            c:w 5303.7757362
            n:w 13117.7976520
          b:e:c 2158.5220320
          b:e:n 1170.2272101
          b:e:w 1170.2270547
          b:c:n 1176.2251379
          b:c:w 1176.2252811
          b:n:w 2121.1041338
          e:c:n 4807.3316719
          e:c:w 4807.3321580
          e:n:w 6549.1084154
          c:n:w 5912.8746908
        b:e:c:n 2129.6972954
        b:e:c:w 2129.6974509
        b:e:n:w 3412.8084168
        b:c:n:w 2498.2915858
        e:c:n:w 54243.5427348
