########################################
# legofit: estimate population history #
#       version 2.3.4-4-g53f8760       #
########################################

# Program was compiled: Sep 21 2021 14:36:42
# Program was run: Thu Sep 23 10:18:40 2021

# cmd: legofit -1 -d 0 -t 32 --ptsPerDim 3 --stateOut b1boot13.state --tol 3e-6 -S 5000 adf2.lgo ../../boot/boot13.opf
# Stage nOptItr nSimReps
#     0    5000        0
# algorithm          : deterministic
# ignoring probs <=  : 0
# Branch length floor: 0
# DE strategy        : 2
#    F               : 0.3
#    CR              : 0.8
#    tolerance       : 3e-06
# nthreads           : 32
# lgo input file     : adf2.lgo
# site pat input file: ../../boot/boot13.opf
# free parameters    : 15
# points in DE swarm : 45
# output state file  : b1boot13.state
# Including singleton site patterns.
# cost function      : KL
Initial parameter values
Fixed:
      zero = 0
       one = 1
    Tbecnw = 75200
Free:
       pc1 = 0
       pc2 = 0
       pc3 = 0
       pc4 = 0
       pc5 = 0
       pc6 = 0
       pc7 = 0
       pc8 = 0
       pc9 = 0
      pc10 = 0
      pc11 = 0
      pc12 = 0
      pc13 = 0
      pc14 = 0
      pc15 = 0
Constrained:
   Tgbecnw = 104730
     Tecnw = 24139.4
       Tnw = 19933.5
       Tec = 12157.2
     twoNb = 1.20097e+06
     twoNc = 217078
     twoNw = 4.26995e+06
    twoNec = 139000
    twoNnw = 22526.8
  twoNecnw = 84323.1
  twoNbecnw = 13656
  twoNgbecnw = 208308
         m = 0.184299
        m4 = 0.0278485
        m6 = 4.26666e-06
        Ta = 37600
        Td = 6078.58
        Tf = 3039.29
DiffEv reached_goal. cost=1.94890e-03 spread=2.68378e-06
Fitted parameter values
Free:
       pc1 = 1.16013
       pc2 = -0.663056
       pc3 = -1.95446
       pc4 = -0.805993
       pc5 = -0.108323
       pc6 = 0.432282
       pc7 = 0.794892
       pc8 = -1.88965
       pc9 = 0.960539
      pc10 = -0.543858
      pc11 = -0.1425
      pc12 = -0.0591334
      pc13 = 0.113911
      pc14 = -0.0159521
      pc15 = 0.00850492
Constrained:
   Tgbecnw = 94021.7
     Tecnw = 23421.4
       Tnw = 19162.8
       Tec = 7935.13
     twoNb = 1.34186e+06
     twoNc = 401733
     twoNw = 5.27822e+06
    twoNec = 180099
    twoNnw = 22558.2
  twoNecnw = 82060.6
  twoNbecnw = 8857.04
  twoNgbecnw = 218665
         m = 0.168518
        m4 = 0.0275847
        m6 = 6.11964e-06
        Ta = 37600
        Td = 3967.56
        Tf = 1983.78
#       SitePat  BranchLen
              b 130159.1709329
              e 51062.7841026
              c 52566.3143761
              n 47923.7908922
              w 47923.7900445
            b:e 2186.7778926
            b:c 2636.6047720
            b:n 1852.7093839
            b:w 1852.7093239
            e:c 10916.3161584
            e:n 5481.6958899
            e:w 5481.6956855
            c:n 5275.3749399
            c:w 5275.3757876
            n:w 13163.0411750
          b:e:c 2141.7965459
          b:e:n 1161.8932934
          b:e:w 1161.8932283
          b:c:n 1167.9216976
          b:c:w 1167.9217577
          b:n:w 2105.1041151
          e:c:n 4800.7360911
          e:c:w 4800.7362955
          e:n:w 6543.9274114
          c:n:w 5899.3252349
        b:e:c:n 2112.3977324
        b:e:c:w 2112.3977975
        b:e:n:w 3385.3020937
        b:c:n:w 2477.1302676
        e:c:n:w 54331.3813803
