########################################
# legofit: estimate population history #
#       version 2.3.4-4-g53f8760       #
########################################

# Program was compiled: Sep 21 2021 14:36:42
# Program was run: Thu Sep 23 10:18:22 2021

# cmd: legofit -1 -d 0 -t 32 --ptsPerDim 3 --stateOut b1boot1.state --tol 3e-6 -S 5000 adf2.lgo ../../boot/boot1.opf
# Stage nOptItr nSimReps
#     0    5000        0
# algorithm          : deterministic
# ignoring probs <=  : 0
# Branch length floor: 0
# DE strategy        : 2
#    F               : 0.3
#    CR              : 0.8
#    tolerance       : 3e-06
# nthreads           : 32
# lgo input file     : adf2.lgo
# site pat input file: ../../boot/boot1.opf
# free parameters    : 15
# points in DE swarm : 45
# output state file  : b1boot1.state
# Including singleton site patterns.
# cost function      : KL
Initial parameter values
Fixed:
      zero = 0
       one = 1
    Tbecnw = 75200
Free:
       pc1 = 0
       pc2 = 0
       pc3 = 0
       pc4 = 0
       pc5 = 0
       pc6 = 0
       pc7 = 0
       pc8 = 0
       pc9 = 0
      pc10 = 0
      pc11 = 0
      pc12 = 0
      pc13 = 0
      pc14 = 0
      pc15 = 0
Constrained:
   Tgbecnw = 104730
     Tecnw = 24139.4
       Tnw = 19933.5
       Tec = 12157.2
     twoNb = 1.20097e+06
     twoNc = 217078
     twoNw = 4.26995e+06
    twoNec = 139000
    twoNnw = 22526.8
  twoNecnw = 84323.1
  twoNbecnw = 13656
  twoNgbecnw = 208308
         m = 0.184299
        m4 = 0.0278485
        m6 = 4.26666e-06
        Ta = 37600
        Td = 6078.58
        Tf = 3039.29
DiffEv reached_goal. cost=1.94214e-03 spread=2.72038e-06
Fitted parameter values
Free:
       pc1 = 2.03666
       pc2 = 0.458815
       pc3 = -1.96498
       pc4 = -1.30075
       pc5 = 0.52354
       pc6 = -1.47825
       pc7 = 1.85002
       pc8 = -1.88446
       pc9 = 1.36692
      pc10 = -0.0312486
      pc11 = -0.228362
      pc12 = 0.0251258
      pc13 = 0.0753776
      pc14 = 0.0566868
      pc15 = 0.0132124
Constrained:
   Tgbecnw = 94737.7
     Tecnw = 23587.4
       Tnw = 18676.2
       Tec = 5491.88
     twoNb = 1.44242e+06
     twoNc = 39582.7
     twoNw = 4.99686e+06
    twoNec = 217311
    twoNnw = 25983
  twoNecnw = 80731.9
  twoNbecnw = 9031.6
  twoNgbecnw = 227680
         m = 0.156621
        m4 = 0.02761
        m6 = 1.77334e-05
        Ta = 37600
        Td = 2745.94
        Tf = 1372.97
#       SitePat  BranchLen
              b 129442.0890479
              e 50964.4436608
              c 52472.6654746
              n 47782.7276492
              w 47782.7250110
            b:e 2201.3951091
            b:c 2631.7731138
            b:n 1856.5072562
            b:w 1856.5070704
            e:c 10885.7427708
            e:n 5478.8419674
            e:w 5478.8413379
            c:n 5272.7897531
            c:w 5272.7923912
            n:w 13143.5429941
          b:e:c 2143.6857747
          b:e:n 1168.4920245
          b:e:w 1168.4918232
          b:c:n 1174.7640988
          b:c:w 1174.7642846
          b:n:w 2106.0117064
          e:c:n 4790.4961536
          e:c:w 4790.4967831
          e:n:w 6553.4280746
          c:n:w 5920.4641563
        b:e:c:n 2114.8824504
        b:e:c:w 2114.8826516
        b:e:n:w 3397.2522332
        b:c:n:w 2491.1722972
        e:c:n:w 53791.2987881
