########################################
# legofit: estimate population history #
#       version 2.3.4-4-g53f8760       #
########################################

# Program was compiled: Sep 21 2021 14:36:42
# Program was run: Thu Sep 23 10:19:35 2021

# cmd: legofit -1 -d 0 -t 32 --ptsPerDim 3 --stateOut b1boot49.state --tol 3e-6 -S 5000 adf2.lgo ../../boot/boot49.opf
# Stage nOptItr nSimReps
#     0    5000        0
# algorithm          : deterministic
# ignoring probs <=  : 0
# Branch length floor: 0
# DE strategy        : 2
#    F               : 0.3
#    CR              : 0.8
#    tolerance       : 3e-06
# nthreads           : 32
# lgo input file     : adf2.lgo
# site pat input file: ../../boot/boot49.opf
# free parameters    : 15
# points in DE swarm : 45
# output state file  : b1boot49.state
# Including singleton site patterns.
# cost function      : KL
Initial parameter values
Fixed:
      zero = 0
       one = 1
    Tbecnw = 75200
Free:
       pc1 = 0
       pc2 = 0
       pc3 = 0
       pc4 = 0
       pc5 = 0
       pc6 = 0
       pc7 = 0
       pc8 = 0
       pc9 = 0
      pc10 = 0
      pc11 = 0
      pc12 = 0
      pc13 = 0
      pc14 = 0
      pc15 = 0
Constrained:
   Tgbecnw = 104730
     Tecnw = 24139.4
       Tnw = 19933.5
       Tec = 12157.2
     twoNb = 1.20097e+06
     twoNc = 217078
     twoNw = 4.26995e+06
    twoNec = 139000
    twoNnw = 22526.8
  twoNecnw = 84323.1
  twoNbecnw = 13656
  twoNgbecnw = 208308
         m = 0.184299
        m4 = 0.0278485
        m6 = 4.26666e-06
        Ta = 37600
        Td = 6078.58
        Tf = 3039.29
DiffEv reached_goal. cost=1.98007e-03 spread=2.32827e-06
Fitted parameter values
Free:
       pc1 = 0.252621
       pc2 = -1.49785
       pc3 = -1.94093
       pc4 = -1.0947
       pc5 = 1.03775
       pc6 = -0.630351
       pc7 = 1.96272
       pc8 = -1.95398
       pc9 = 1.54279
      pc10 = -0.48365
      pc11 = -0.415941
      pc12 = -0.143478
      pc13 = 0.0707218
      pc14 = -0.00224014
      pc15 = -0.0119315
Constrained:
   Tgbecnw = 93674.2
     Tecnw = 22906.8
       Tnw = 19760.6
       Tec = 10631.9
     twoNb = 1.51117e+06
     twoNc = 391315
     twoNw = 4.87437e+06
    twoNec = 141766
    twoNnw = 16778.6
  twoNecnw = 83428.4
  twoNbecnw = 8747.75
  twoNgbecnw = 216041
         m = 0.17016
        m4 = 0.0277158
        m6 = 1.5888e-05
        Ta = 37600
        Td = 5315.95
        Tf = 2657.97
#       SitePat  BranchLen
              b 129904.1122167
              e 50987.2308769
              c 52505.6362070
              n 47842.1535570
              w 47842.1512223
            b:e 2187.7408938
            b:c 2627.6178957
            b:n 1858.7349514
            b:w 1858.7347828
            e:c 10879.8478905
            e:n 5524.8851557
            e:w 5524.8845797
            c:n 5316.4725742
            c:w 5316.4749089
            n:w 13148.4527361
          b:e:c 2144.7062272
          b:e:n 1165.4360955
          b:e:w 1165.4359126
          b:c:n 1171.0157350
          b:c:w 1171.0159036
          b:n:w 2108.8413333
          e:c:n 4825.1753065
          e:c:w 4825.1758825
          e:n:w 6552.1504334
          c:n:w 5910.0603622
        b:e:c:n 2121.1119984
        b:e:c:w 2121.1121813
        b:e:n:w 3390.9336197
        b:c:n:w 2480.4031952
        e:c:n:w 54061.1266741
