########################################
# legofit: estimate population history #
#       version 2.3.4-4-g53f8760       #
########################################

# Program was compiled: Sep 21 2021 14:36:42
# Program was run: Thu Sep 23 10:18:42 2021

# cmd: legofit -1 -d 0 -t 32 --ptsPerDim 3 --stateOut b1boot17.state --tol 3e-6 -S 5000 adf2.lgo ../../boot/boot17.opf
# Stage nOptItr nSimReps
#     0    5000        0
# algorithm          : deterministic
# ignoring probs <=  : 0
# Branch length floor: 0
# DE strategy        : 2
#    F               : 0.3
#    CR              : 0.8
#    tolerance       : 3e-06
# nthreads           : 32
# lgo input file     : adf2.lgo
# site pat input file: ../../boot/boot17.opf
# free parameters    : 15
# points in DE swarm : 45
# output state file  : b1boot17.state
# Including singleton site patterns.
# cost function      : KL
Initial parameter values
Fixed:
      zero = 0
       one = 1
    Tbecnw = 75200
Free:
       pc1 = 0
       pc2 = 0
       pc3 = 0
       pc4 = 0
       pc5 = 0
       pc6 = 0
       pc7 = 0
       pc8 = 0
       pc9 = 0
      pc10 = 0
      pc11 = 0
      pc12 = 0
      pc13 = 0
      pc14 = 0
      pc15 = 0
Constrained:
   Tgbecnw = 104730
     Tecnw = 24139.4
       Tnw = 19933.5
       Tec = 12157.2
     twoNb = 1.20097e+06
     twoNc = 217078
     twoNw = 4.26995e+06
    twoNec = 139000
    twoNnw = 22526.8
  twoNecnw = 84323.1
  twoNbecnw = 13656
  twoNgbecnw = 208308
         m = 0.184299
        m4 = 0.0278485
        m6 = 4.26666e-06
        Ta = 37600
        Td = 6078.58
        Tf = 3039.29
DiffEv reached_goal. cost=1.97002e-03 spread=2.23980e-06
Fitted parameter values
Free:
       pc1 = 0.617047
       pc2 = 0.178427
       pc3 = -1.98848
       pc4 = -1.19267
       pc5 = -0.0904428
       pc6 = 0.439691
       pc7 = 1.86674
       pc8 = -1.98852
       pc9 = 1.84532
      pc10 = -0.64137
      pc11 = -0.293766
      pc12 = 0.0231962
      pc13 = 0.0193054
      pc14 = 0.00269388
      pc15 = 0.00554809
Constrained:
   Tgbecnw = 95383.2
     Tecnw = 23223.9
       Tnw = 19647
       Tec = 8041.89
     twoNb = 1.30912e+06
     twoNc = 372734
     twoNw = 4.57316e+06
    twoNec = 177998
    twoNnw = 18771.9
  twoNecnw = 81697.1
  twoNbecnw = 9088.19
  twoNgbecnw = 239250
         m = 0.148292
        m4 = 0.0269759
        m6 = 1.05572e-05
        Ta = 37600
        Td = 4020.95
        Tf = 2010.47
#       SitePat  BranchLen
              b 129379.2421036
              e 50879.9356872
              c 52359.2011898
              n 47710.3945041
              w 47710.3927907
            b:e 2203.9760586
            b:c 2618.7146050
            b:n 1860.4301514
            b:w 1860.4300281
            e:c 10901.0393337
            e:n 5480.3133618
            e:w 5480.3129443
            c:n 5278.4034817
            c:w 5278.4051951
            n:w 13146.9026318
          b:e:c 2158.4783642
          b:e:n 1167.7210995
          b:e:w 1167.7209658
          b:c:n 1174.3317581
          b:c:w 1174.3318815
          b:n:w 2120.0395287
          e:c:n 4795.5736466
          e:c:w 4795.5740642
          e:n:w 6531.8554634
          c:n:w 5921.1614118
        b:e:c:n 2122.6507741
        b:e:c:w 2122.6509078
        b:e:n:w 3390.7393789
        b:c:n:w 2498.0248582
        e:c:n:w 53820.9409915
