########################################
# legofit: estimate population history #
#       version 2.3.4-4-g53f8760       #
########################################

# Program was compiled: Sep 21 2021 14:36:42
# Program was run: Thu Sep 23 10:19:10 2021

# cmd: legofit -1 -d 0 -t 32 --ptsPerDim 3 --stateOut b1boot35.state --tol 3e-6 -S 5000 adf2.lgo ../../boot/boot35.opf
# Stage nOptItr nSimReps
#     0    5000        0
# algorithm          : deterministic
# ignoring probs <=  : 0
# Branch length floor: 0
# DE strategy        : 2
#    F               : 0.3
#    CR              : 0.8
#    tolerance       : 3e-06
# nthreads           : 32
# lgo input file     : adf2.lgo
# site pat input file: ../../boot/boot35.opf
# free parameters    : 15
# points in DE swarm : 45
# output state file  : b1boot35.state
# Including singleton site patterns.
# cost function      : KL
Initial parameter values
Fixed:
      zero = 0
       one = 1
    Tbecnw = 75200
Free:
       pc1 = 0
       pc2 = 0
       pc3 = 0
       pc4 = 0
       pc5 = 0
       pc6 = 0
       pc7 = 0
       pc8 = 0
       pc9 = 0
      pc10 = 0
      pc11 = 0
      pc12 = 0
      pc13 = 0
      pc14 = 0
      pc15 = 0
Constrained:
   Tgbecnw = 104730
     Tecnw = 24139.4
       Tnw = 19933.5
       Tec = 12157.2
     twoNb = 1.20097e+06
     twoNc = 217078
     twoNw = 4.26995e+06
    twoNec = 139000
    twoNnw = 22526.8
  twoNecnw = 84323.1
  twoNbecnw = 13656
  twoNgbecnw = 208308
         m = 0.184299
        m4 = 0.0278485
        m6 = 4.26666e-06
        Ta = 37600
        Td = 6078.58
        Tf = 3039.29
DiffEv reached_goal. cost=1.93034e-03 spread=2.71002e-06
Fitted parameter values
Free:
       pc1 = 0.628791
       pc2 = -0.659585
       pc3 = -1.99072
       pc4 = -1.22288
       pc5 = -1.02804
       pc6 = 0.510422
       pc7 = 1.59345
       pc8 = -1.83062
       pc9 = 1.33259
      pc10 = -1.13018
      pc11 = -0.216387
      pc12 = -0.0408389
      pc13 = 0.115083
      pc14 = 0.0225343
      pc15 = 0.00631508
Constrained:
   Tgbecnw = 92671.1
     Tecnw = 23119.9
       Tnw = 19557.4
       Tec = 9208.48
     twoNb = 1.29332e+06
     twoNc = 251170
     twoNw = 4.55616e+06
    twoNec = 164538
    twoNnw = 18757.2
  twoNecnw = 82548.5
  twoNbecnw = 8155.82
  twoNgbecnw = 224677
         m = 0.162983
        m4 = 0.026964
        m6 = 5.14568e-06
        Ta = 37600
        Td = 4604.24
        Tf = 2302.12
#       SitePat  BranchLen
              b 129523.1316360
              e 50948.8423774
              c 52414.5003966
              n 47711.1382394
              w 47711.1374213
            b:e 2189.4581641
            b:c 2621.6187687
            b:n 1847.5717891
            b:w 1847.5717304
            e:c 10809.6200505
            e:n 5474.9924940
            e:w 5474.9922947
            c:n 5273.7964700
            c:w 5273.7972881
            n:w 13125.1849436
          b:e:c 2143.1435209
          b:e:n 1162.5825973
          b:e:w 1162.5825336
          b:c:n 1168.9476183
          b:c:w 1168.9476770
          b:n:w 2104.6441328
          e:c:n 4767.7805496
          e:c:w 4767.7807488
          e:n:w 6512.1870595
          c:n:w 5891.1158185
        b:e:c:n 2112.9612663
        b:e:c:w 2112.9613301
        b:e:n:w 3374.0692231
        b:c:n:w 2486.9820084
        e:c:n:w 54013.2204845
