########################################
# legofit: estimate population history #
#       version 2.3.4-4-g53f8760       #
########################################

# Program was compiled: Sep 21 2021 14:36:42
# Program was run: Thu Sep 23 10:19:27 2021

# cmd: legofit -1 -d 0 -t 32 --ptsPerDim 3 --stateOut b1boot47.state --tol 3e-6 -S 5000 adf2.lgo ../../boot/boot47.opf
# Stage nOptItr nSimReps
#     0    5000        0
# algorithm          : deterministic
# ignoring probs <=  : 0
# Branch length floor: 0
# DE strategy        : 2
#    F               : 0.3
#    CR              : 0.8
#    tolerance       : 3e-06
# nthreads           : 32
# lgo input file     : adf2.lgo
# site pat input file: ../../boot/boot47.opf
# free parameters    : 15
# points in DE swarm : 45
# output state file  : b1boot47.state
# Including singleton site patterns.
# cost function      : KL
Initial parameter values
Fixed:
      zero = 0
       one = 1
    Tbecnw = 75200
Free:
       pc1 = 0
       pc2 = 0
       pc3 = 0
       pc4 = 0
       pc5 = 0
       pc6 = 0
       pc7 = 0
       pc8 = 0
       pc9 = 0
      pc10 = 0
      pc11 = 0
      pc12 = 0
      pc13 = 0
      pc14 = 0
      pc15 = 0
Constrained:
   Tgbecnw = 104730
     Tecnw = 24139.4
       Tnw = 19933.5
       Tec = 12157.2
     twoNb = 1.20097e+06
     twoNc = 217078
     twoNw = 4.26995e+06
    twoNec = 139000
    twoNnw = 22526.8
  twoNecnw = 84323.1
  twoNbecnw = 13656
  twoNgbecnw = 208308
         m = 0.184299
        m4 = 0.0278485
        m6 = 4.26666e-06
        Ta = 37600
        Td = 6078.58
        Tf = 3039.29
DiffEv reached_goal. cost=1.94407e-03 spread=2.83010e-06
Fitted parameter values
Free:
       pc1 = 2.09263
       pc2 = 1.36456
       pc3 = -1.95059
       pc4 = -1.33065
       pc5 = -0.686869
       pc6 = -0.505489
       pc7 = 1.99834
       pc8 = -1.82102
       pc9 = 1.69582
      pc10 = -0.488088
      pc11 = -0.203681
      pc12 = 0.0452571
      pc13 = 0.0293303
      pc14 = 0.083452
      pc15 = 0.0107757
Constrained:
   Tgbecnw = 95276.3
     Tecnw = 23660.2
       Tnw = 18640.2
       Tec = 4638.13
     twoNb = 1.30442e+06
     twoNc = 17764.2
     twoNw = 4.24658e+06
    twoNec = 232125
    twoNnw = 26587.7
  twoNecnw = 79891.3
  twoNbecnw = 8982.07
  twoNgbecnw = 242386
         m = 0.145239
        m4 = 0.0268477
        m6 = 1.2294e-05
        Ta = 37600
        Td = 2319.07
        Tf = 1159.53
#       SitePat  BranchLen
              b 129146.7299978
              e 50835.6763678
              c 52303.5030008
              n 47661.1843843
              w 47661.1822115
            b:e 2189.0956354
            b:c 2602.9103404
            b:n 1843.1426123
            b:w 1843.1424602
            e:c 10821.1969906
            e:n 5455.1182342
            e:w 5455.1177182
            c:n 5254.9087310
            c:w 5254.9109038
            n:w 13059.1781005
          b:e:c 2126.5234952
          b:e:n 1161.8675593
          b:e:w 1161.8673945
          b:c:n 1168.6921353
          b:c:w 1168.6922874
          b:n:w 2088.0009134
          e:c:n 4761.3526684
          e:c:w 4761.3531843
          e:n:w 6505.9826959
          c:n:w 5898.0730451
        b:e:c:n 2100.2064498
        b:e:c:w 2100.2066145
        b:e:n:w 3364.8228683
        b:c:n:w 2477.8574787
        e:c:n:w 53743.3709174
