########################################
# legofit: estimate population history #
#       version 2.3.4-4-g53f8760       #
########################################

# Program was compiled: Sep 21 2021 14:36:42
# Program was run: Thu Sep 23 10:19:19 2021

# cmd: legofit -1 -d 0 -t 32 --ptsPerDim 3 --stateOut b1boot40.state --tol 3e-6 -S 5000 adf2.lgo ../../boot/boot40.opf
# Stage nOptItr nSimReps
#     0    5000        0
# algorithm          : deterministic
# ignoring probs <=  : 0
# Branch length floor: 0
# DE strategy        : 2
#    F               : 0.3
#    CR              : 0.8
#    tolerance       : 3e-06
# nthreads           : 32
# lgo input file     : adf2.lgo
# site pat input file: ../../boot/boot40.opf
# free parameters    : 15
# points in DE swarm : 45
# output state file  : b1boot40.state
# Including singleton site patterns.
# cost function      : KL
Initial parameter values
Fixed:
      zero = 0
       one = 1
    Tbecnw = 75200
Free:
       pc1 = 0
       pc2 = 0
       pc3 = 0
       pc4 = 0
       pc5 = 0
       pc6 = 0
       pc7 = 0
       pc8 = 0
       pc9 = 0
      pc10 = 0
      pc11 = 0
      pc12 = 0
      pc13 = 0
      pc14 = 0
      pc15 = 0
Constrained:
   Tgbecnw = 104730
     Tecnw = 24139.4
       Tnw = 19933.5
       Tec = 12157.2
     twoNb = 1.20097e+06
     twoNc = 217078
     twoNw = 4.26995e+06
    twoNec = 139000
    twoNnw = 22526.8
  twoNecnw = 84323.1
  twoNbecnw = 13656
  twoNgbecnw = 208308
         m = 0.184299
        m4 = 0.0278485
        m6 = 4.26666e-06
        Ta = 37600
        Td = 6078.58
        Tf = 3039.29
DiffEv reached_goal. cost=1.95100e-03 spread=2.08498e-06
Fitted parameter values
Free:
       pc1 = 1.92001
       pc2 = -0.706354
       pc3 = -1.97775
       pc4 = 0.859439
       pc5 = 0.897754
       pc6 = 0.656056
       pc7 = 1.84093
       pc8 = -1.85997
       pc9 = 1.94204
      pc10 = -0.315145
      pc11 = -0.220058
      pc12 = 0.0301951
      pc13 = 0.105657
      pc14 = 0.0265467
      pc15 = -0.0101897
Constrained:
   Tgbecnw = 94207.8
     Tecnw = 23561.5
       Tnw = 18391.7
       Tec = 7056.54
     twoNb = 1.69309e+06
     twoNc = 726083
     twoNw = 1.37212e+06
    twoNec = 194937
    twoNnw = 27850.9
  twoNecnw = 81751.9
  twoNbecnw = 8896.57
  twoNgbecnw = 221408
         m = 0.165872
        m4 = 0.0275327
        m6 = 1.14671e-05
        Ta = 37600
        Td = 3528.27
        Tf = 1764.14
#       SitePat  BranchLen
              b 130146.9579993
              e 51112.4858121
              c 52631.8407760
              n 47993.1827452
              w 47993.1767752
            b:e 2191.7385852
            b:c 2620.8589129
            b:n 1861.9765253
            b:w 1861.9761057
            e:c 10879.0974853
            e:n 5496.3561694
            e:w 5496.3547464
            c:n 5290.9371869
            c:w 5290.9431569
            n:w 13123.5372026
          b:e:c 2137.1760918
          b:e:n 1170.2512674
          b:e:w 1170.2508126
          b:c:n 1175.6898451
          b:c:w 1175.6902647
          b:n:w 2101.7167787
          e:c:n 4806.1199455
          e:c:w 4806.1213685
          e:n:w 6519.8594442
          c:n:w 5886.4022776
        b:e:c:n 2122.6561609
        b:e:c:w 2122.6566158
        b:e:n:w 3397.5052814
        b:c:n:w 2482.4389563
        e:c:n:w 54310.9111591
