########################################
# legofit: estimate population history #
#       version 2.3.4-4-g53f8760       #
########################################

# Program was compiled: Sep 21 2021 14:36:42
# Program was run: Thu Sep 23 10:19:19 2021

# cmd: legofit -1 -d 0 -t 32 --ptsPerDim 3 --stateOut b1boot39.state --tol 3e-6 -S 5000 adf2.lgo ../../boot/boot39.opf
# Stage nOptItr nSimReps
#     0    5000        0
# algorithm          : deterministic
# ignoring probs <=  : 0
# Branch length floor: 0
# DE strategy        : 2
#    F               : 0.3
#    CR              : 0.8
#    tolerance       : 3e-06
# nthreads           : 32
# lgo input file     : adf2.lgo
# site pat input file: ../../boot/boot39.opf
# free parameters    : 15
# points in DE swarm : 45
# output state file  : b1boot39.state
# Including singleton site patterns.
# cost function      : KL
Initial parameter values
Fixed:
      zero = 0
       one = 1
    Tbecnw = 75200
Free:
       pc1 = 0
       pc2 = 0
       pc3 = 0
       pc4 = 0
       pc5 = 0
       pc6 = 0
       pc7 = 0
       pc8 = 0
       pc9 = 0
      pc10 = 0
      pc11 = 0
      pc12 = 0
      pc13 = 0
      pc14 = 0
      pc15 = 0
Constrained:
   Tgbecnw = 104730
     Tecnw = 24139.4
       Tnw = 19933.5
       Tec = 12157.2
     twoNb = 1.20097e+06
     twoNc = 217078
     twoNw = 4.26995e+06
    twoNec = 139000
    twoNnw = 22526.8
  twoNecnw = 84323.1
  twoNbecnw = 13656
  twoNgbecnw = 208308
         m = 0.184299
        m4 = 0.0278485
        m6 = 4.26666e-06
        Ta = 37600
        Td = 6078.58
        Tf = 3039.29
DiffEv reached_goal. cost=1.93630e-03 spread=1.90250e-06
Fitted parameter values
Free:
       pc1 = 1.19658
       pc2 = -0.885893
       pc3 = -1.99551
       pc4 = -0.0659617
       pc5 = 0.322488
       pc6 = 1.02801
       pc7 = 0.607649
       pc8 = -1.96376
       pc9 = 1.6919
      pc10 = -0.688138
      pc11 = -0.422188
      pc12 = -0.107419
      pc13 = 0.030792
      pc14 = -0.0227454
      pc15 = 0.00844909
Constrained:
   Tgbecnw = 94641.1
     Tecnw = 23369.1
       Tnw = 18588.4
       Tec = 8708.16
     twoNb = 1.52058e+06
     twoNc = 693272
     twoNw = 4.68362e+06
    twoNec = 169842
    twoNnw = 25494.5
  twoNecnw = 81684.4
  twoNbecnw = 9178.88
  twoNgbecnw = 217735
         m = 0.166246
        m4 = 0.0274686
        m6 = 5.72721e-06
        Ta = 37600
        Td = 4354.08
        Tf = 2177.04
#       SitePat  BranchLen
              b 129885.2243819
              e 51011.0047089
              c 52516.1008025
              n 47846.4012987
              w 47846.4004420
            b:e 2196.9747438
            b:c 2630.7434456
            b:n 1866.0177570
            b:w 1866.0176961
            e:c 10916.9828791
            e:n 5504.6561963
            e:w 5504.6559891
            c:n 5298.4360096
            c:w 5298.4368663
            n:w 13200.4294063
          b:e:c 2149.5385363
          b:e:n 1168.6980780
          b:e:w 1168.6980120
          b:c:n 1174.3269765
          b:c:w 1174.3270374
          b:n:w 2114.0427018
          e:c:n 4838.9902444
          e:c:w 4838.9904516
          e:n:w 6564.1407947
          c:n:w 5926.3673140
        b:e:c:n 2123.8044141
        b:e:c:w 2123.8044800
        b:e:n:w 3384.5390087
        b:c:n:w 2484.6283368
        e:c:n:w 54015.9078117
