########################################
# legofit: estimate population history #
#       version 2.3.4-4-g53f8760       #
########################################

# Program was compiled: Sep 21 2021 14:36:42
# Program was run: Thu Sep 23 10:18:40 2021

# cmd: legofit -1 -d 0 -t 32 --ptsPerDim 3 --stateOut b1boot15.state --tol 3e-6 -S 5000 adf2.lgo ../../boot/boot15.opf
# Stage nOptItr nSimReps
#     0    5000        0
# algorithm          : deterministic
# ignoring probs <=  : 0
# Branch length floor: 0
# DE strategy        : 2
#    F               : 0.3
#    CR              : 0.8
#    tolerance       : 3e-06
# nthreads           : 32
# lgo input file     : adf2.lgo
# site pat input file: ../../boot/boot15.opf
# free parameters    : 15
# points in DE swarm : 45
# output state file  : b1boot15.state
# Including singleton site patterns.
# cost function      : KL
Initial parameter values
Fixed:
      zero = 0
       one = 1
    Tbecnw = 75200
Free:
       pc1 = 0
       pc2 = 0
       pc3 = 0
       pc4 = 0
       pc5 = 0
       pc6 = 0
       pc7 = 0
       pc8 = 0
       pc9 = 0
      pc10 = 0
      pc11 = 0
      pc12 = 0
      pc13 = 0
      pc14 = 0
      pc15 = 0
Constrained:
   Tgbecnw = 104730
     Tecnw = 24139.4
       Tnw = 19933.5
       Tec = 12157.2
     twoNb = 1.20097e+06
     twoNc = 217078
     twoNw = 4.26995e+06
    twoNec = 139000
    twoNnw = 22526.8
  twoNecnw = 84323.1
  twoNbecnw = 13656
  twoNgbecnw = 208308
         m = 0.184299
        m4 = 0.0278485
        m6 = 4.26666e-06
        Ta = 37600
        Td = 6078.58
        Tf = 3039.29
DiffEv reached_goal. cost=1.95750e-03 spread=2.62602e-06
Fitted parameter values
Free:
       pc1 = 1.77294
       pc2 = 0.301323
       pc3 = -1.98595
       pc4 = -0.89405
       pc5 = -0.781165
       pc6 = -0.740679
       pc7 = 1.5697
       pc8 = -1.87582
       pc9 = 1.66667
      pc10 = -0.519523
      pc11 = -0.486844
      pc12 = -0.125505
      pc13 = 0.0193817
      pc14 = 0.0324297
      pc15 = 0.00686894
Constrained:
   Tgbecnw = 94357.4
     Tecnw = 23469.9
       Tnw = 18679.9
       Tec = 6528.62
     twoNb = 1.53057e+06
     twoNc = 56329
     twoNw = 4.47425e+06
    twoNec = 203000
    twoNnw = 25473.7
  twoNecnw = 80149.2
  twoNbecnw = 8875.06
  twoNgbecnw = 225383
         m = 0.157692
        m4 = 0.0270984
        m6 = 1.0296e-05
        Ta = 37600
        Td = 3264.31
        Tf = 1632.16
#       SitePat  BranchLen
              b 129195.0139860
              e 50755.9010164
              c 52241.1612257
              n 47594.4260702
              w 47594.4243979
            b:e 2171.0622436
            b:c 2588.2085350
            b:n 1834.4027350
            b:w 1834.4026178
            e:c 10817.8528410
            e:n 5468.6639367
            e:w 5468.6635351
            c:n 5265.9595511
            c:w 5265.9612234
            n:w 13066.2183709
          b:e:c 2111.9591114
          b:e:n 1153.1933392
          b:e:w 1153.1932124
          b:c:n 1159.0993526
          b:c:w 1159.0994698
          b:n:w 2075.8283457
          e:c:n 4788.5265841
          e:c:w 4788.5269857
          e:n:w 6526.0450274
          c:n:w 5904.3403859
        b:e:c:n 2086.4378112
        b:e:c:w 2086.4379381
        b:e:n:w 3340.4301637
        b:c:n:w 2453.3220721
        e:c:n:w 53685.1978467
