########################################
# legofit: estimate population history #
#       version 2.3.4-4-g53f8760       #
########################################

# Program was compiled: Sep 21 2021 14:36:42
# Program was run: Fri Sep 24 06:02:09 2021

# cmd: legofit -1 -d 0 -t 32 --ptsPerDim 3 --stateOut b1boot24.state --tol 3e-6 -S 5000 ace2.lgo ../../chrX/boot_chrX/boot24.opf
# Stage nOptItr nSimReps
#     0    5000        0
# algorithm          : deterministic
# ignoring probs <=  : 0
# Branch length floor: 0
# DE strategy        : 2
#    F               : 0.3
#    CR              : 0.8
#    tolerance       : 3e-06
# nthreads           : 32
# lgo input file     : ace2.lgo
# site pat input file: ../../chrX/boot_chrX/boot24.opf
# free parameters    : 16
# points in DE swarm : 48
# output state file  : b1boot24.state
# Including singleton site patterns.
# cost function      : KL
Initial parameter values
Fixed:
      zero = 0
       one = 1
    Tbecnw = 75200
Free:
       pc1 = 0
       pc2 = 0
       pc3 = 0
       pc4 = 0
       pc5 = 0
       pc6 = 0
       pc7 = 0
       pc8 = 0
       pc9 = 0
      pc10 = 0
      pc11 = 0
      pc12 = 0
      pc13 = 0
      pc14 = 0
      pc15 = 0
      pc16 = 0
Constrained:
   Tgbecnw = 105067
     Tecnw = 28356.6
       Tnw = 24333.6
       Tec = 12294.2
     twoNb = 199997
     twoNe = 3081.61
     twoNn = 292830
     twoNw = 5.16759e+06
    twoNec = 80926.7
    twoNnw = 10546.7
  twoNecnw = 66063.5
  twoNbecnw = 13530
  twoNgbecnw = 141215
         m = 0.213115
        m3 = 0.199066
        m5 = 0.119598
        Ta = 37600
        Tc = 12166.8
        Te = 6083.41
DiffEv reached_goal. cost=2.17665e-03 spread=2.46254e-06
Fitted parameter values
Free:
       pc1 = -1.32259
       pc2 = 3.99653
       pc3 = 1.66221
       pc4 = 0.71704
       pc5 = -1.43013
       pc6 = -0.139213
       pc7 = -1.91278
       pc8 = 1.49014
       pc9 = 0.572101
      pc10 = 0.41386
      pc11 = 0.27864
      pc12 = 0.0551294
      pc13 = 0.174394
      pc14 = 0.0418305
      pc15 = 0.053687
      pc16 = -0.00803539
Constrained:
   Tgbecnw = 86965.4
     Tecnw = 26843.2
       Tnw = 24147.5
       Tec = 12222.9
     twoNb = 383970
     twoNe = 3602.35
     twoNn = 202212
     twoNw = 7.01704e+06
    twoNec = 72018
    twoNnw = 7021.94
  twoNecnw = 64861.3
  twoNbecnw = 5715.22
  twoNgbecnw = 151207
         m = 0.198944
        m3 = 0.20458
        m5 = 0.126692
        Ta = 37600
        Tc = 12073.7
        Te = 6036.87
#       SitePat  BranchLen
              b 119321.9677695
              e 44791.6430844
              c 46907.9104249
              n 42694.8700173
              w 45119.3287837
            b:e 1251.6150654
            b:c 1426.8950098
            b:n 1040.4756227
            b:w 1200.9144483
            e:c 11412.5924657
            e:n 4924.1306550
            e:w 4316.0665752
            c:n 4525.1239977
            c:w 3663.0765760
            n:w 12350.2587416
          b:e:c 1461.7008190
          b:e:n 620.5017811
          b:e:w 642.0269197
          b:c:n 641.8300460
          b:c:w 627.8615435
          b:n:w 1447.9689809
          e:c:n 4765.0544309
          e:c:w 3810.7071660
          e:n:w 5825.0272187
          c:n:w 4760.7565346
        b:e:c:n 1310.6847642
        b:e:c:w 1142.6893026
        b:e:n:w 1550.2002901
        b:c:n:w 1367.7574570
        e:c:n:w 47230.4492817
