########################################
# legofit: estimate population history #
#       version 2.3.4-4-g53f8760       #
########################################

# Program was compiled: Sep 21 2021 14:36:42
# Program was run: Fri Sep 24 06:01:44 2021

# cmd: legofit -1 -d 0 -t 32 --ptsPerDim 3 --stateOut b1boot15.state --tol 3e-6 -S 5000 ace2.lgo ../../chrX/boot_chrX/boot15.opf
# Stage nOptItr nSimReps
#     0    5000        0
# algorithm          : deterministic
# ignoring probs <=  : 0
# Branch length floor: 0
# DE strategy        : 2
#    F               : 0.3
#    CR              : 0.8
#    tolerance       : 3e-06
# nthreads           : 32
# lgo input file     : ace2.lgo
# site pat input file: ../../chrX/boot_chrX/boot15.opf
# free parameters    : 16
# points in DE swarm : 48
# output state file  : b1boot15.state
# Including singleton site patterns.
# cost function      : KL
Initial parameter values
Fixed:
      zero = 0
       one = 1
    Tbecnw = 75200
Free:
       pc1 = 0
       pc2 = 0
       pc3 = 0
       pc4 = 0
       pc5 = 0
       pc6 = 0
       pc7 = 0
       pc8 = 0
       pc9 = 0
      pc10 = 0
      pc11 = 0
      pc12 = 0
      pc13 = 0
      pc14 = 0
      pc15 = 0
      pc16 = 0
Constrained:
   Tgbecnw = 105067
     Tecnw = 28356.6
       Tnw = 24333.6
       Tec = 12294.2
     twoNb = 199997
     twoNe = 3081.61
     twoNn = 292830
     twoNw = 5.16759e+06
    twoNec = 80926.7
    twoNnw = 10546.7
  twoNecnw = 66063.5
  twoNbecnw = 13530
  twoNgbecnw = 141215
         m = 0.213115
        m3 = 0.199066
        m5 = 0.119598
        Ta = 37600
        Tc = 12166.8
        Te = 6083.41
DiffEv reached_goal. cost=2.08596e-03 spread=2.73779e-06
Fitted parameter values
Free:
       pc1 = -2.2298
       pc2 = 3.99912
       pc3 = 1.1214
       pc4 = -0.911532
       pc5 = -1.4008
       pc6 = 1.59801
       pc7 = -1.19541
       pc8 = 1.15514
       pc9 = -0.65993
      pc10 = -1.24583
      pc11 = 0.571237
      pc12 = 0.397276
      pc13 = 0.342917
      pc14 = -0.102339
      pc15 = 0.0167385
      pc16 = -0.0300092
Constrained:
   Tgbecnw = 90548
     Tecnw = 26286.2
       Tnw = 24049.8
       Tec = 12050.8
     twoNb = 430153
     twoNe = 496.828
     twoNn = 392080
     twoNw = 6.71196e+06
    twoNec = 75913.5
    twoNnw = 6036.84
  twoNecnw = 65820.9
  twoNbecnw = 7410.94
  twoNgbecnw = 154811
         m = 0.186084
        m3 = 0.178015
        m5 = 0.117303
        Ta = 37600
        Tc = 12024.9
        Te = 6012.45
#       SitePat  BranchLen
              b 119791.0930733
              e 45246.6893744
              c 47291.1415341
              n 42865.1733837
              w 44955.1696184
            b:e 1348.4695920
            b:c 1522.3484918
            b:n 1107.2222107
            b:w 1250.1445989
            e:c 11490.5236342
            e:n 4985.4191192
            e:w 4390.2037013
            c:n 4513.4098763
            c:w 3833.2717092
            n:w 12688.8802376
          b:e:c 1548.1636767
          b:e:n 663.0254762
          b:e:w 675.6311803
          b:c:n 675.8134198
          b:c:w 669.8898706
          b:n:w 1532.5438693
          e:c:n 4759.1951486
          e:c:w 3944.5524988
          e:n:w 6020.0166359
          c:n:w 5004.5057112
        b:e:c:n 1363.2415955
        b:e:c:w 1213.6370524
        b:e:n:w 1651.2475353
        b:c:n:w 1470.3220017
        e:c:n:w 47182.7774235
