########################################
# legofit: estimate population history #
#       version 2.3.4-4-g53f8760       #
########################################

# Program was compiled: Sep 21 2021 14:36:42
# Program was run: Fri Sep 24 06:02:36 2021

# cmd: legofit -1 -d 0 -t 32 --ptsPerDim 3 --stateOut b1boot44.state --tol 3e-6 -S 5000 ace2.lgo ../../chrX/boot_chrX/boot44.opf
# Stage nOptItr nSimReps
#     0    5000        0
# algorithm          : deterministic
# ignoring probs <=  : 0
# Branch length floor: 0
# DE strategy        : 2
#    F               : 0.3
#    CR              : 0.8
#    tolerance       : 3e-06
# nthreads           : 32
# lgo input file     : ace2.lgo
# site pat input file: ../../chrX/boot_chrX/boot44.opf
# free parameters    : 16
# points in DE swarm : 48
# output state file  : b1boot44.state
# Including singleton site patterns.
# cost function      : KL
Initial parameter values
Fixed:
      zero = 0
       one = 1
    Tbecnw = 75200
Free:
       pc1 = 0
       pc2 = 0
       pc3 = 0
       pc4 = 0
       pc5 = 0
       pc6 = 0
       pc7 = 0
       pc8 = 0
       pc9 = 0
      pc10 = 0
      pc11 = 0
      pc12 = 0
      pc13 = 0
      pc14 = 0
      pc15 = 0
      pc16 = 0
Constrained:
   Tgbecnw = 105067
     Tecnw = 28356.6
       Tnw = 24333.6
       Tec = 12294.2
     twoNb = 199997
     twoNe = 3081.61
     twoNn = 292830
     twoNw = 5.16759e+06
    twoNec = 80926.7
    twoNnw = 10546.7
  twoNecnw = 66063.5
  twoNbecnw = 13530
  twoNgbecnw = 141215
         m = 0.213115
        m3 = 0.199066
        m5 = 0.119598
        Ta = 37600
        Tc = 12166.8
        Te = 6083.41
DiffEv reached_goal. cost=2.10358e-03 spread=2.94853e-06
Fitted parameter values
Free:
       pc1 = -1.2409
       pc2 = 3.96716
       pc3 = 1.61474
       pc4 = 0.549593
       pc5 = -1.98778
       pc6 = 0.689193
       pc7 = -1.92052
       pc8 = 1.86645
       pc9 = 0.57024
      pc10 = 0.376675
      pc11 = 0.553286
      pc12 = 0.457751
      pc13 = 0.145971
      pc14 = 0.000252133
      pc15 = -0.00141893
      pc16 = 0.00297083
Constrained:
   Tgbecnw = 88371.3
     Tecnw = 26463.6
       Tnw = 23986.4
       Tec = 12104
     twoNb = 456162
     twoNe = 3712.31
     twoNn = 218815
     twoNw = 8.1506e+06
    twoNec = 72355.1
    twoNnw = 6366.51
  twoNecnw = 66436.3
  twoNbecnw = 6270.43
  twoNgbecnw = 152693
         m = 0.202361
        m3 = 0.200032
        m5 = 0.128232
        Ta = 37600
        Tc = 11993.2
        Te = 5996.59
#       SitePat  BranchLen
              b 120336.3907156
              e 44968.6423461
              c 47079.9189586
              n 42652.8719338
              w 44924.7629609
            b:e 1255.5085650
            b:c 1430.7938699
            b:n 1032.8848972
            b:w 1181.5473560
            e:c 11458.9988317
            e:n 4888.6510247
            e:w 4372.0085542
            c:n 4551.2571685
            c:w 3686.8495085
            n:w 12582.1508980
          b:e:c 1459.7871026
          b:e:n 614.6430812
          b:e:w 639.5590877
          b:c:n 639.5379925
          b:c:w 621.6946789
          b:n:w 1445.0836955
          e:c:n 4703.4410269
          e:c:w 3812.6001304
          e:n:w 5914.6935726
          c:n:w 4825.9698621
        b:e:c:n 1290.5372309
        b:e:c:w 1134.8020792
        b:e:n:w 1554.4660568
        b:c:n:w 1372.1502493
        e:c:n:w 47941.0479683
