########################################
# legofit: estimate population history #
#       version 2.3.4-4-g53f8760       #
########################################

# Program was compiled: Sep 21 2021 14:36:42
# Program was run: Fri Sep 24 06:02:36 2021

# cmd: legofit -1 -d 0 -t 32 --ptsPerDim 3 --stateOut b1boot41.state --tol 3e-6 -S 5000 ace2.lgo ../../chrX/boot_chrX/boot41.opf
# Stage nOptItr nSimReps
#     0    5000        0
# algorithm          : deterministic
# ignoring probs <=  : 0
# Branch length floor: 0
# DE strategy        : 2
#    F               : 0.3
#    CR              : 0.8
#    tolerance       : 3e-06
# nthreads           : 32
# lgo input file     : ace2.lgo
# site pat input file: ../../chrX/boot_chrX/boot41.opf
# free parameters    : 16
# points in DE swarm : 48
# output state file  : b1boot41.state
# Including singleton site patterns.
# cost function      : KL
Initial parameter values
Fixed:
      zero = 0
       one = 1
    Tbecnw = 75200
Free:
       pc1 = 0
       pc2 = 0
       pc3 = 0
       pc4 = 0
       pc5 = 0
       pc6 = 0
       pc7 = 0
       pc8 = 0
       pc9 = 0
      pc10 = 0
      pc11 = 0
      pc12 = 0
      pc13 = 0
      pc14 = 0
      pc15 = 0
      pc16 = 0
Constrained:
   Tgbecnw = 105067
     Tecnw = 28356.6
       Tnw = 24333.6
       Tec = 12294.2
     twoNb = 199997
     twoNe = 3081.61
     twoNn = 292830
     twoNw = 5.16759e+06
    twoNec = 80926.7
    twoNnw = 10546.7
  twoNecnw = 66063.5
  twoNbecnw = 13530
  twoNgbecnw = 141215
         m = 0.213115
        m3 = 0.199066
        m5 = 0.119598
        Ta = 37600
        Tc = 12166.8
        Te = 6083.41
DiffEv reached_goal. cost=2.11745e-03 spread=2.69019e-06
Fitted parameter values
Free:
       pc1 = -2.20259
       pc2 = 3.97525
       pc3 = 2.00085
       pc4 = -0.130957
       pc5 = -1.94382
       pc6 = 0.566098
       pc7 = -1.34237
       pc8 = 1.81558
       pc9 = 0.589647
      pc10 = 0.490178
      pc11 = 0.972154
      pc12 = -0.0103883
      pc13 = 0.133028
      pc14 = 0.0782762
      pc15 = -0.0193789
      pc16 = -0.011754
Constrained:
   Tgbecnw = 85832.8
     Tecnw = 26476.5
       Tnw = 23688.1
       Tec = 11924.6
     twoNb = 347531
     twoNe = 2915.09
     twoNn = 191414
     twoNw = 7.0377e+06
    twoNec = 75508.3
    twoNnw = 7138.47
  twoNecnw = 66650.7
  twoNbecnw = 5056.3
  twoNgbecnw = 158473
         m = 0.201869
        m3 = 0.190926
        m5 = 0.130221
        Ta = 37600
        Tc = 11844
        Te = 5922.01
#       SitePat  BranchLen
              b 120543.6942208
              e 45102.8679917
              c 47255.1134222
              n 42601.9184470
              w 44695.2833465
            b:e 1270.9353619
            b:c 1451.1385219
            b:n 1035.5897240
            b:w 1173.0570575
            e:c 11330.3353316
            e:n 4826.1817552
            e:w 4361.6720360
            c:n 4482.5432977
            c:w 3663.9689760
            n:w 12654.1354718
          b:e:c 1473.1289283
          b:e:n 618.3715292
          b:e:w 643.3991652
          b:c:n 643.7041709
          b:c:w 625.5802801
          b:n:w 1456.5075681
          e:c:n 4569.6197328
          e:c:w 3759.3388741
          e:n:w 5926.5209298
          c:n:w 4815.6170169
        b:e:c:n 1287.4200710
        b:e:c:w 1143.0489924
        b:e:n:w 1582.4279014
        b:c:n:w 1394.7109847
        e:c:n:w 48447.4458769
