########################################
# legofit: estimate population history #
#       version 2.3.4-4-g53f8760       #
########################################

# Program was compiled: Sep 21 2021 14:36:42
# Program was run: Fri Sep 24 06:02:17 2021

# cmd: legofit -1 -d 0 -t 32 --ptsPerDim 3 --stateOut b1boot28.state --tol 3e-6 -S 5000 ace2.lgo ../../chrX/boot_chrX/boot28.opf
# Stage nOptItr nSimReps
#     0    5000        0
# algorithm          : deterministic
# ignoring probs <=  : 0
# Branch length floor: 0
# DE strategy        : 2
#    F               : 0.3
#    CR              : 0.8
#    tolerance       : 3e-06
# nthreads           : 32
# lgo input file     : ace2.lgo
# site pat input file: ../../chrX/boot_chrX/boot28.opf
# free parameters    : 16
# points in DE swarm : 48
# output state file  : b1boot28.state
# Including singleton site patterns.
# cost function      : KL
Initial parameter values
Fixed:
      zero = 0
       one = 1
    Tbecnw = 75200
Free:
       pc1 = 0
       pc2 = 0
       pc3 = 0
       pc4 = 0
       pc5 = 0
       pc6 = 0
       pc7 = 0
       pc8 = 0
       pc9 = 0
      pc10 = 0
      pc11 = 0
      pc12 = 0
      pc13 = 0
      pc14 = 0
      pc15 = 0
      pc16 = 0
Constrained:
   Tgbecnw = 105067
     Tecnw = 28356.6
       Tnw = 24333.6
       Tec = 12294.2
     twoNb = 199997
     twoNe = 3081.61
     twoNn = 292830
     twoNw = 5.16759e+06
    twoNec = 80926.7
    twoNnw = 10546.7
  twoNecnw = 66063.5
  twoNbecnw = 13530
  twoNgbecnw = 141215
         m = 0.213115
        m3 = 0.199066
        m5 = 0.119598
        Ta = 37600
        Tc = 12166.8
        Te = 6083.41
DiffEv reached_goal. cost=2.16390e-03 spread=2.33090e-06
Fitted parameter values
Free:
       pc1 = -0.880064
       pc2 = 3.97837
       pc3 = 2.12366
       pc4 = -0.434957
       pc5 = -1.99813
       pc6 = 1.37726
       pc7 = -0.649906
       pc8 = 1.59183
       pc9 = 0.33564
      pc10 = -0.941144
      pc11 = 0.289465
      pc12 = 0.38653
      pc13 = 0.077335
      pc14 = 0.0882907
      pc15 = 0.0188303
      pc16 = -0.037156
Constrained:
   Tgbecnw = 90202.4
     Tecnw = 26415.1
       Tnw = 24515.5
       Tec = 12330
     twoNb = 337755
     twoNe = 1849.33
     twoNn = 273643
     twoNw = 9.55823e+06
    twoNec = 72331.7
    twoNnw = 5021.26
  twoNecnw = 66978.4
  twoNbecnw = 7215.8
  twoNgbecnw = 142754
         m = 0.215652
        m3 = 0.18125
        m5 = 0.124123
        Ta = 37600
        Tc = 12257.8
        Te = 6128.88
#       SitePat  BranchLen
              b 120588.7102726
              e 45274.7560363
              c 47348.9247172
              n 42990.9072027
              w 45087.3626024
            b:e 1238.6070674
            b:c 1405.9941348
            b:n 1019.6050225
            b:w 1153.2607190
            e:c 11510.1284406
            e:n 4882.2165749
            e:w 4352.7783320
            c:n 4482.8930807
            c:w 3734.0545911
            n:w 12642.1100039
          b:e:c 1436.2072724
          b:e:n 604.9655976
          b:e:w 622.7343452
          b:c:n 622.9441370
          b:c:w 611.3306015
          b:n:w 1422.0599022
          e:c:n 4663.5470371
          e:c:w 3845.3683700
          e:n:w 5923.2423373
          c:n:w 4867.1208915
        b:e:c:n 1256.4407397
        b:e:c:w 1116.6298311
        b:e:n:w 1523.5313175
        b:c:n:w 1349.5694544
        e:c:n:w 47721.4371157
