########################################
# legofit: estimate population history #
#       version 2.3.4-4-g53f8760       #
########################################

# Program was compiled: Sep 21 2021 14:36:42
# Program was run: Fri Sep 24 06:02:36 2021

# cmd: legofit -1 -d 0 -t 32 --ptsPerDim 3 --stateOut b1boot40.state --tol 3e-6 -S 5000 ace2.lgo ../../chrX/boot_chrX/boot40.opf
# Stage nOptItr nSimReps
#     0    5000        0
# algorithm          : deterministic
# ignoring probs <=  : 0
# Branch length floor: 0
# DE strategy        : 2
#    F               : 0.3
#    CR              : 0.8
#    tolerance       : 3e-06
# nthreads           : 32
# lgo input file     : ace2.lgo
# site pat input file: ../../chrX/boot_chrX/boot40.opf
# free parameters    : 16
# points in DE swarm : 48
# output state file  : b1boot40.state
# Including singleton site patterns.
# cost function      : KL
Initial parameter values
Fixed:
      zero = 0
       one = 1
    Tbecnw = 75200
Free:
       pc1 = 0
       pc2 = 0
       pc3 = 0
       pc4 = 0
       pc5 = 0
       pc6 = 0
       pc7 = 0
       pc8 = 0
       pc9 = 0
      pc10 = 0
      pc11 = 0
      pc12 = 0
      pc13 = 0
      pc14 = 0
      pc15 = 0
      pc16 = 0
Constrained:
   Tgbecnw = 105067
     Tecnw = 28356.6
       Tnw = 24333.6
       Tec = 12294.2
     twoNb = 199997
     twoNe = 3081.61
     twoNn = 292830
     twoNw = 5.16759e+06
    twoNec = 80926.7
    twoNnw = 10546.7
  twoNecnw = 66063.5
  twoNbecnw = 13530
  twoNgbecnw = 141215
         m = 0.213115
        m3 = 0.199066
        m5 = 0.119598
        Ta = 37600
        Tc = 12166.8
        Te = 6083.41
DiffEv reached_goal. cost=2.06537e-03 spread=2.76624e-06
Fitted parameter values
Free:
       pc1 = -1.04079
       pc2 = 3.9818
       pc3 = 1.26649
       pc4 = -0.607977
       pc5 = 0.597768
       pc6 = 0.4998
       pc7 = -0.830616
       pc8 = 1.78501
       pc9 = 0.121647
      pc10 = -0.444528
      pc11 = 0.778706
      pc12 = 0.556728
      pc13 = 0.183388
      pc14 = 0.0442908
      pc15 = -0.0132127
      pc16 = -0.0120982
Constrained:
   Tgbecnw = 91249.7
     Tecnw = 26413.2
       Tnw = 24576.6
       Tec = 12419.8
     twoNb = 160770
     twoNe = 3770.61
     twoNn = 348583
     twoNw = 4.55953e+06
    twoNec = 75558.6
    twoNnw = 4752.7
  twoNecnw = 65455.1
  twoNbecnw = 7604.35
  twoNgbecnw = 149673
         m = 0.202358
        m3 = 0.191904
        m5 = 0.112507
        Ta = 37600
        Tc = 12288.3
        Te = 6144.16
#       SitePat  BranchLen
              b 120833.7429506
              e 45357.0701412
              c 47259.5053657
              n 42772.9807808
              w 44889.6180371
            b:e 1272.0567827
            b:c 1428.5799370
            b:n 1028.4240003
            b:w 1166.0350657
            e:c 11355.5200221
            e:n 4869.3374982
            e:w 4329.4743523
            c:n 4512.2141295
            c:w 3759.7171276
            n:w 12628.8454701
          b:e:c 1453.4800409
          b:e:n 615.0524307
          b:e:w 632.5905869
          b:c:n 632.4453296
          b:c:w 621.1456097
          b:n:w 1438.5876991
          e:c:n 4673.8852187
          e:c:w 3849.6081103
          e:n:w 5953.1868765
          c:n:w 4977.6322454
        b:e:c:n 1267.6196264
        b:e:c:w 1123.7701247
        b:e:n:w 1544.9115822
        b:c:n:w 1382.4405062
        e:c:n:w 48143.3188789
