########################################
# legofit: estimate population history #
#       version 2.3.4-4-g53f8760       #
########################################

# Program was compiled: Sep 21 2021 14:36:42
# Program was run: Fri Sep 24 06:02:17 2021

# cmd: legofit -1 -d 0 -t 32 --ptsPerDim 3 --stateOut b1boot30.state --tol 3e-6 -S 5000 ace2.lgo ../../chrX/boot_chrX/boot30.opf
# Stage nOptItr nSimReps
#     0    5000        0
# algorithm          : deterministic
# ignoring probs <=  : 0
# Branch length floor: 0
# DE strategy        : 2
#    F               : 0.3
#    CR              : 0.8
#    tolerance       : 3e-06
# nthreads           : 32
# lgo input file     : ace2.lgo
# site pat input file: ../../chrX/boot_chrX/boot30.opf
# free parameters    : 16
# points in DE swarm : 48
# output state file  : b1boot30.state
# Including singleton site patterns.
# cost function      : KL
Initial parameter values
Fixed:
      zero = 0
       one = 1
    Tbecnw = 75200
Free:
       pc1 = 0
       pc2 = 0
       pc3 = 0
       pc4 = 0
       pc5 = 0
       pc6 = 0
       pc7 = 0
       pc8 = 0
       pc9 = 0
      pc10 = 0
      pc11 = 0
      pc12 = 0
      pc13 = 0
      pc14 = 0
      pc15 = 0
      pc16 = 0
Constrained:
   Tgbecnw = 105067
     Tecnw = 28356.6
       Tnw = 24333.6
       Tec = 12294.2
     twoNb = 199997
     twoNe = 3081.61
     twoNn = 292830
     twoNw = 5.16759e+06
    twoNec = 80926.7
    twoNnw = 10546.7
  twoNecnw = 66063.5
  twoNbecnw = 13530
  twoNgbecnw = 141215
         m = 0.213115
        m3 = 0.199066
        m5 = 0.119598
        Ta = 37600
        Tc = 12166.8
        Te = 6083.41
DiffEv reached_goal. cost=2.16453e-03 spread=2.71449e-06
Fitted parameter values
Free:
       pc1 = -0.899597
       pc2 = 3.98727
       pc3 = 1.76731
       pc4 = 0.142489
       pc5 = -1.00651
       pc6 = 0.0675167
       pc7 = -1.58495
       pc8 = 1.96151
       pc9 = -0.838908
      pc10 = -0.604093
      pc11 = 0.162081
      pc12 = 0.36073
      pc13 = -0.131293
      pc14 = 0.10159
      pc15 = 0.0312875
      pc16 = -0.0228709
Constrained:
   Tgbecnw = 88203.1
     Tecnw = 26670.4
       Tnw = 24400.9
       Tec = 12295.8
     twoNb = 404001
     twoNe = 2537.41
     twoNn = 423166
     twoNw = 5.55815e+06
    twoNec = 71124.6
    twoNnw = 5893.85
  twoNecnw = 65266.7
  twoNbecnw = 6356.75
  twoNgbecnw = 141482
         m = 0.223876
        m3 = 0.196983
        m5 = 0.119213
        Ta = 37600
        Tc = 12200.5
        Te = 6100.23
#       SitePat  BranchLen
              b 120846.1743591
              e 44872.6326550
              c 46861.8353501
              n 42714.6843251
              w 45041.5653536
            b:e 1207.9915068
            b:c 1366.9294850
            b:n 998.6686626
            b:w 1146.5977283
            e:c 11521.7937771
            e:n 4855.0661271
            e:w 4271.3394323
            c:n 4486.4963602
            c:w 3661.0218801
            n:w 12480.4624534
          b:e:c 1412.6305978
          b:e:n 590.9984135
          b:e:w 610.1979092
          b:c:n 609.9443904
          b:c:w 597.4238590
          b:n:w 1399.6897617
          e:c:n 4730.4122207
          e:c:w 3812.7323671
          e:n:w 5807.1704688
          c:n:w 4796.8550927
        b:e:c:n 1247.0535534
        b:e:c:w 1092.4455233
        b:e:n:w 1480.0726274
        b:c:n:w 1314.9627225
        e:c:n:w 48409.2439205
