########################################
# legofit: estimate population history #
#       version 2.3.4-4-g53f8760       #
########################################

# Program was compiled: Sep 21 2021 14:36:42
# Program was run: Fri Sep 24 06:00:50 2021

# cmd: legofit -1 -d 0 -t 32 --ptsPerDim 3 --stateOut b1boot0.state --tol 3e-6 -S 5000 ace2.lgo ../../chrX/boot_chrX/boot0.opf
# Stage nOptItr nSimReps
#     0    5000        0
# algorithm          : deterministic
# ignoring probs <=  : 0
# Branch length floor: 0
# DE strategy        : 2
#    F               : 0.3
#    CR              : 0.8
#    tolerance       : 3e-06
# nthreads           : 32
# lgo input file     : ace2.lgo
# site pat input file: ../../chrX/boot_chrX/boot0.opf
# free parameters    : 16
# points in DE swarm : 48
# output state file  : b1boot0.state
# Including singleton site patterns.
# cost function      : KL
Initial parameter values
Fixed:
      zero = 0
       one = 1
    Tbecnw = 75200
Free:
       pc1 = 0
       pc2 = 0
       pc3 = 0
       pc4 = 0
       pc5 = 0
       pc6 = 0
       pc7 = 0
       pc8 = 0
       pc9 = 0
      pc10 = 0
      pc11 = 0
      pc12 = 0
      pc13 = 0
      pc14 = 0
      pc15 = 0
      pc16 = 0
Constrained:
   Tgbecnw = 105067
     Tecnw = 28356.6
       Tnw = 24333.6
       Tec = 12294.2
     twoNb = 199997
     twoNe = 3081.61
     twoNn = 292830
     twoNw = 5.16759e+06
    twoNec = 80926.7
    twoNnw = 10546.7
  twoNecnw = 66063.5
  twoNbecnw = 13530
  twoNgbecnw = 141215
         m = 0.213115
        m3 = 0.199066
        m5 = 0.119598
        Ta = 37600
        Tc = 12166.8
        Te = 6083.41
DiffEv reached_goal. cost=2.09849e-03 spread=2.38163e-06
Fitted parameter values
Free:
       pc1 = 0.102417
       pc2 = 3.9911
       pc3 = 0.607155
       pc4 = 0.954979
       pc5 = -1.22433
       pc6 = 1.57113
       pc7 = -1.6768
       pc8 = 1.84534
       pc9 = -1.23301
      pc10 = -0.528807
      pc11 = 0.651431
      pc12 = 0.252487
      pc13 = 0.425174
      pc14 = -0.0537867
      pc15 = 0.0701942
      pc16 = -0.0253806
Constrained:
   Tgbecnw = 92383.9
     Tecnw = 26658.3
       Tnw = 25003.8
       Tec = 12621.2
     twoNb = 547187
     twoNe = 2805.3
     twoNn = 557957
     twoNw = 8.19043e+06
    twoNec = 72640.1
    twoNnw = 4132.6
  twoNecnw = 68533.1
  twoNbecnw = 8042.44
  twoNgbecnw = 150395
         m = 0.203571
        m3 = 0.203863
        m5 = 0.115609
        Ta = 37600
        Tc = 12501.9
        Te = 6250.96
#       SitePat  BranchLen
              b 121210.7594194
              e 45789.1917296
              c 47851.2273755
              n 43176.3436986
              w 45583.1971965
            b:e 1294.5282764
            b:c 1465.2789910
            b:n 1044.7341328
            b:w 1202.8689873
            e:c 11594.5380436
            e:n 4981.5638159
            e:w 4342.1017147
            c:n 4568.9679356
            c:w 3737.4774255
            n:w 12854.7888295
          b:e:c 1501.1022373
          b:e:n 628.0301255
          b:e:w 646.3240862
          b:c:n 646.0017479
          b:c:w 635.2082175
          b:n:w 1485.0662246
          e:c:n 4736.9613738
          e:c:w 3801.0604874
          e:n:w 5971.6069879
          c:n:w 4926.7915115
        b:e:c:n 1312.7361868
        b:e:c:w 1147.1009020
        b:e:n:w 1590.8598648
        b:c:n:w 1413.2533965
        e:c:n:w 47886.1469641
