########################################
# legofit: estimate population history #
#       version 2.3.4-4-g53f8760       #
########################################

# Program was compiled: Sep 21 2021 14:36:42
# Program was run: Fri Sep 24 06:02:25 2021

# cmd: legofit -1 -d 0 -t 32 --ptsPerDim 3 --stateOut b1boot34.state --tol 3e-6 -S 5000 ace2.lgo ../../chrX/boot_chrX/boot34.opf
# Stage nOptItr nSimReps
#     0    5000        0
# algorithm          : deterministic
# ignoring probs <=  : 0
# Branch length floor: 0
# DE strategy        : 2
#    F               : 0.3
#    CR              : 0.8
#    tolerance       : 3e-06
# nthreads           : 32
# lgo input file     : ace2.lgo
# site pat input file: ../../chrX/boot_chrX/boot34.opf
# free parameters    : 16
# points in DE swarm : 48
# output state file  : b1boot34.state
# Including singleton site patterns.
# cost function      : KL
Initial parameter values
Fixed:
      zero = 0
       one = 1
    Tbecnw = 75200
Free:
       pc1 = 0
       pc2 = 0
       pc3 = 0
       pc4 = 0
       pc5 = 0
       pc6 = 0
       pc7 = 0
       pc8 = 0
       pc9 = 0
      pc10 = 0
      pc11 = 0
      pc12 = 0
      pc13 = 0
      pc14 = 0
      pc15 = 0
      pc16 = 0
Constrained:
   Tgbecnw = 105067
     Tecnw = 28356.6
       Tnw = 24333.6
       Tec = 12294.2
     twoNb = 199997
     twoNe = 3081.61
     twoNn = 292830
     twoNw = 5.16759e+06
    twoNec = 80926.7
    twoNnw = 10546.7
  twoNecnw = 66063.5
  twoNbecnw = 13530
  twoNgbecnw = 141215
         m = 0.213115
        m3 = 0.199066
        m5 = 0.119598
        Ta = 37600
        Tc = 12166.8
        Te = 6083.41
DiffEv reached_goal. cost=1.99782e-03 spread=2.71789e-06
Fitted parameter values
Free:
       pc1 = -2.89844
       pc2 = 3.97061
       pc3 = 2.45584
       pc4 = -1.95218
       pc5 = -1.99785
       pc6 = -0.484599
       pc7 = -0.21907
       pc8 = 1.9887
       pc9 = 1.68182
      pc10 = 0.599807
      pc11 = -0.0455929
      pc12 = 0.131089
      pc13 = -0.235645
      pc14 = 0.10441
      pc15 = 0.022873
      pc16 = -0.0230936
Constrained:
   Tgbecnw = 86214.6
     Tecnw = 26441.8
       Tnw = 23249
       Tec = 11754.5
     twoNb = 68667.2
     twoNe = 2737.09
     twoNn = 37558.7
     twoNw = 4.70655e+06
    twoNec = 70868.2
    twoNnw = 8824.86
  twoNecnw = 64780.8
  twoNbecnw = 5197.51
  twoNgbecnw = 153025
         m = 0.204266
        m3 = 0.172282
        m5 = 0.138236
        Ta = 37600
        Tc = 11624.5
        Te = 5812.24
#       SitePat  BranchLen
              b 119672.9930830
              e 44265.4717116
              c 46514.4212108
              n 42492.7970201
              w 44561.0019046
            b:e 1170.5031707
            b:c 1344.8936184
            b:n 994.4301796
            b:w 1123.5536213
            e:c 11429.4250210
            e:n 4842.7828742
            e:w 4326.4173627
            c:n 4385.7568009
            c:w 3648.1676820
            n:w 12309.6351622
          b:e:c 1377.7493310
          b:e:n 584.4836291
          b:e:w 602.1422136
          b:c:n 602.7257352
          b:c:w 591.0543425
          b:n:w 1365.6446238
          e:c:n 4637.0338839
          e:c:w 3822.7836298
          e:n:w 5769.5824871
          c:n:w 4655.9087419
        b:e:c:n 1226.2849755
        b:e:c:w 1091.1743420
        b:e:n:w 1460.3132014
        b:c:n:w 1278.7685188
        e:c:n:w 47880.5667522
