########################################
# legofit: estimate population history #
#       version 2.3.4-4-g53f8760       #
########################################

# Program was compiled: Sep 21 2021 14:36:42
# Program was run: Fri Sep 24 06:02:36 2021

# cmd: legofit -1 -d 0 -t 32 --ptsPerDim 3 --stateOut b1boot42.state --tol 3e-6 -S 5000 ace2.lgo ../../chrX/boot_chrX/boot42.opf
# Stage nOptItr nSimReps
#     0    5000        0
# algorithm          : deterministic
# ignoring probs <=  : 0
# Branch length floor: 0
# DE strategy        : 2
#    F               : 0.3
#    CR              : 0.8
#    tolerance       : 3e-06
# nthreads           : 32
# lgo input file     : ace2.lgo
# site pat input file: ../../chrX/boot_chrX/boot42.opf
# free parameters    : 16
# points in DE swarm : 48
# output state file  : b1boot42.state
# Including singleton site patterns.
# cost function      : KL
Initial parameter values
Fixed:
      zero = 0
       one = 1
    Tbecnw = 75200
Free:
       pc1 = 0
       pc2 = 0
       pc3 = 0
       pc4 = 0
       pc5 = 0
       pc6 = 0
       pc7 = 0
       pc8 = 0
       pc9 = 0
      pc10 = 0
      pc11 = 0
      pc12 = 0
      pc13 = 0
      pc14 = 0
      pc15 = 0
      pc16 = 0
Constrained:
   Tgbecnw = 105067
     Tecnw = 28356.6
       Tnw = 24333.6
       Tec = 12294.2
     twoNb = 199997
     twoNe = 3081.61
     twoNn = 292830
     twoNw = 5.16759e+06
    twoNec = 80926.7
    twoNnw = 10546.7
  twoNecnw = 66063.5
  twoNbecnw = 13530
  twoNgbecnw = 141215
         m = 0.213115
        m3 = 0.199066
        m5 = 0.119598
        Ta = 37600
        Tc = 12166.8
        Te = 6083.41
DiffEv reached_goal. cost=2.11464e-03 spread=2.03149e-06
Fitted parameter values
Free:
       pc1 = -1.43917
       pc2 = 3.9948
       pc3 = 1.78606
       pc4 = 0.843027
       pc5 = -1.91095
       pc6 = 0.320785
       pc7 = -1.37295
       pc8 = 0.396359
       pc9 = 0.06011
      pc10 = -0.33333
      pc11 = 0.559024
      pc12 = -0.272818
      pc13 = 0.109556
      pc14 = 0.0886647
      pc15 = 0.0744394
      pc16 = -0.0295551
Constrained:
   Tgbecnw = 87585.6
     Tecnw = 27029.6
       Tnw = 24581.8
       Tec = 12344.8
     twoNb = 406656
     twoNe = 1052.5
     twoNn = 238844
     twoNw = 8.92107e+06
    twoNec = 75345.4
    twoNnw = 6356.39
  twoNecnw = 64627.2
  twoNbecnw = 5907.54
  twoNgbecnw = 152801
         m = 0.200725
        m3 = 0.200742
        m5 = 0.126052
        Ta = 37600
        Tc = 12290.9
        Te = 6145.44
#       SitePat  BranchLen
              b 119888.6423209
              e 45082.1624061
              c 47247.7186026
              n 42826.3214064
              w 45182.7540626
            b:e 1237.5399011
            b:c 1412.9854273
            b:n 1017.3154438
            b:w 1169.4115442
            e:c 11214.7314006
            e:n 4937.7498616
            e:w 4293.2439453
            c:n 4469.5613138
            c:w 3670.3102225
            n:w 12290.1809011
          b:e:c 1430.4279822
          b:e:n 612.9342980
          b:e:w 629.6568675
          b:c:n 629.6591896
          b:c:w 620.1071626
          b:n:w 1416.0294900
          e:c:n 4675.1983314
          e:c:w 3762.5226828
          e:n:w 5841.0307394
          c:n:w 4766.5968135
        b:e:c:n 1275.9793688
        b:e:c:w 1116.7127259
        b:e:n:w 1533.9540663
        b:c:n:w 1351.3333533
        e:c:n:w 47698.8445646
