########################################
# legofit: estimate population history #
#       version 2.3.4-4-g53f8760       #
########################################

# Program was compiled: Sep 21 2021 14:36:42
# Program was run: Fri Sep 24 06:02:27 2021

# cmd: legofit -1 -d 0 -t 32 --ptsPerDim 3 --stateOut b1boot38.state --tol 3e-6 -S 5000 ace2.lgo ../../chrX/boot_chrX/boot38.opf
# Stage nOptItr nSimReps
#     0    5000        0
# algorithm          : deterministic
# ignoring probs <=  : 0
# Branch length floor: 0
# DE strategy        : 2
#    F               : 0.3
#    CR              : 0.8
#    tolerance       : 3e-06
# nthreads           : 32
# lgo input file     : ace2.lgo
# site pat input file: ../../chrX/boot_chrX/boot38.opf
# free parameters    : 16
# points in DE swarm : 48
# output state file  : b1boot38.state
# Including singleton site patterns.
# cost function      : KL
Initial parameter values
Fixed:
      zero = 0
       one = 1
    Tbecnw = 75200
Free:
       pc1 = 0
       pc2 = 0
       pc3 = 0
       pc4 = 0
       pc5 = 0
       pc6 = 0
       pc7 = 0
       pc8 = 0
       pc9 = 0
      pc10 = 0
      pc11 = 0
      pc12 = 0
      pc13 = 0
      pc14 = 0
      pc15 = 0
      pc16 = 0
Constrained:
   Tgbecnw = 105067
     Tecnw = 28356.6
       Tnw = 24333.6
       Tec = 12294.2
     twoNb = 199997
     twoNe = 3081.61
     twoNn = 292830
     twoNw = 5.16759e+06
    twoNec = 80926.7
    twoNnw = 10546.7
  twoNecnw = 66063.5
  twoNbecnw = 13530
  twoNgbecnw = 141215
         m = 0.213115
        m3 = 0.199066
        m5 = 0.119598
        Ta = 37600
        Tc = 12166.8
        Te = 6083.41
DiffEv reached_goal. cost=2.28262e-03 spread=2.46810e-06
Fitted parameter values
Free:
       pc1 = -0.605135
       pc2 = 3.98287
       pc3 = 1.438
       pc4 = 0.908507
       pc5 = 0.311861
       pc6 = 0.205536
       pc7 = -1.79333
       pc8 = 1.11243
       pc9 = -0.473705
      pc10 = 0.658453
      pc11 = 0.878884
      pc12 = 0.470026
      pc13 = 0.0245209
      pc14 = 0.0115987
      pc15 = 0.0750538
      pc16 = -0.00902361
Constrained:
   Tgbecnw = 89955.7
     Tecnw = 26689.1
       Tnw = 24571.5
       Tec = 12409.4
     twoNb = 300978
     twoNe = 3315.78
     twoNn = 300456
     twoNw = 5.12319e+06
    twoNec = 75366.7
    twoNnw = 5442.13
  twoNecnw = 65929.1
  twoNbecnw = 6902.91
  twoNgbecnw = 152961
         m = 0.209301
        m3 = 0.21764
        m5 = 0.114013
        Ta = 37600
        Tc = 12285.8
        Te = 6142.88
#       SitePat  BranchLen
              b 121792.5108152
              e 45308.4021406
              c 47247.2841636
              n 42868.3958071
              w 45331.3839804
            b:e 1241.6644752
            b:c 1397.5633711
            b:n 1013.3119685
            b:w 1171.1645122
            e:c 11264.6513381
            e:n 4974.3288767
            e:w 4334.9178265
            c:n 4606.1809877
            c:w 3737.2891631
            n:w 12374.9136880
          b:e:c 1418.4716243
          b:e:n 611.7735116
          b:e:w 631.3207872
          b:c:n 630.7410734
          b:c:w 618.5582689
          b:n:w 1404.4471443
          e:c:n 4750.1438157
          e:c:w 3795.4585172
          e:n:w 5827.0448103
          c:n:w 4853.9393396
        b:e:c:n 1275.6759225
        b:e:c:w 1110.4589076
        b:e:n:w 1515.5195475
        b:c:n:w 1353.4156082
        e:c:n:w 49126.7654366
