########################################
# legofit: estimate population history #
#       version 2.3.4-4-g53f8760       #
########################################

# Program was compiled: Sep 21 2021 14:36:42
# Program was run: Fri Sep 24 06:01:44 2021

# cmd: legofit -1 -d 0 -t 32 --ptsPerDim 3 --stateOut b1boot12.state --tol 3e-6 -S 5000 ace2.lgo ../../chrX/boot_chrX/boot12.opf
# Stage nOptItr nSimReps
#     0    5000        0
# algorithm          : deterministic
# ignoring probs <=  : 0
# Branch length floor: 0
# DE strategy        : 2
#    F               : 0.3
#    CR              : 0.8
#    tolerance       : 3e-06
# nthreads           : 32
# lgo input file     : ace2.lgo
# site pat input file: ../../chrX/boot_chrX/boot12.opf
# free parameters    : 16
# points in DE swarm : 48
# output state file  : b1boot12.state
# Including singleton site patterns.
# cost function      : KL
Initial parameter values
Fixed:
      zero = 0
       one = 1
    Tbecnw = 75200
Free:
       pc1 = 0
       pc2 = 0
       pc3 = 0
       pc4 = 0
       pc5 = 0
       pc6 = 0
       pc7 = 0
       pc8 = 0
       pc9 = 0
      pc10 = 0
      pc11 = 0
      pc12 = 0
      pc13 = 0
      pc14 = 0
      pc15 = 0
      pc16 = 0
Constrained:
   Tgbecnw = 105067
     Tecnw = 28356.6
       Tnw = 24333.6
       Tec = 12294.2
     twoNb = 199997
     twoNe = 3081.61
     twoNn = 292830
     twoNw = 5.16759e+06
    twoNec = 80926.7
    twoNnw = 10546.7
  twoNecnw = 66063.5
  twoNbecnw = 13530
  twoNgbecnw = 141215
         m = 0.213115
        m3 = 0.199066
        m5 = 0.119598
        Ta = 37600
        Tc = 12166.8
        Te = 6083.41
DiffEv reached_goal. cost=2.17040e-03 spread=2.89835e-06
Fitted parameter values
Free:
       pc1 = -0.797069
       pc2 = 3.9831
       pc3 = 1.64238
       pc4 = -0.382305
       pc5 = -1.28228
       pc6 = 0.598967
       pc7 = -1.86198
       pc8 = 1.82366
       pc9 = 0.0768037
      pc10 = 0.207372
      pc11 = -0.148633
      pc12 = 0.189283
      pc13 = -0.0384033
      pc14 = -0.0234251
      pc15 = 0.0351722
      pc16 = -0.0213837
Constrained:
   Tgbecnw = 89640.3
     Tecnw = 26633.3
       Tnw = 24221.4
       Tec = 12260.5
     twoNb = 394602
     twoNe = 3099.95
     twoNn = 218788
     twoNw = 5.93163e+06
    twoNec = 68450.5
    twoNnw = 6358.16
  twoNecnw = 66761.4
  twoNbecnw = 6863.13
  twoNgbecnw = 149555
         m = 0.209187
        m3 = 0.194759
        m5 = 0.121557
        Ta = 37600
        Tc = 12110.7
        Te = 6055.36
#       SitePat  BranchLen
              b 121017.4350015
              e 44874.2070418
              c 46966.6933542
              n 42913.4444360
              w 45367.7510212
            b:e 1235.1572888
            b:c 1403.4118092
            b:n 1035.2147068
            b:w 1194.8660279
            e:c 11758.3572324
            e:n 4953.3043473
            e:w 4301.6901596
            c:n 4514.6255898
            c:w 3686.2334994
            n:w 12590.6463030
          b:e:c 1462.4371182
          b:e:n 611.3424075
          b:e:w 628.6206252
          b:c:n 628.3694561
          b:c:w 618.4488028
          b:n:w 1449.6588339
          e:c:n 4827.6602501
          e:c:w 3853.3599430
          e:n:w 5807.2489426
          c:n:w 4768.8980480
        b:e:c:n 1302.4166977
        b:e:c:w 1135.4078122
        b:e:n:w 1523.4895942
        b:c:n:w 1348.3798476
        e:c:n:w 48319.9565691
