########################################
# legofit: estimate population history #
#       version 2.3.4-4-g53f8760       #
########################################

# Program was compiled: Sep 21 2021 14:36:42
# Program was run: Fri Sep 24 06:02:09 2021

# cmd: legofit -1 -d 0 -t 32 --ptsPerDim 3 --stateOut b1boot23.state --tol 3e-6 -S 5000 ace2.lgo ../../chrX/boot_chrX/boot23.opf
# Stage nOptItr nSimReps
#     0    5000        0
# algorithm          : deterministic
# ignoring probs <=  : 0
# Branch length floor: 0
# DE strategy        : 2
#    F               : 0.3
#    CR              : 0.8
#    tolerance       : 3e-06
# nthreads           : 32
# lgo input file     : ace2.lgo
# site pat input file: ../../chrX/boot_chrX/boot23.opf
# free parameters    : 16
# points in DE swarm : 48
# output state file  : b1boot23.state
# Including singleton site patterns.
# cost function      : KL
Initial parameter values
Fixed:
      zero = 0
       one = 1
    Tbecnw = 75200
Free:
       pc1 = 0
       pc2 = 0
       pc3 = 0
       pc4 = 0
       pc5 = 0
       pc6 = 0
       pc7 = 0
       pc8 = 0
       pc9 = 0
      pc10 = 0
      pc11 = 0
      pc12 = 0
      pc13 = 0
      pc14 = 0
      pc15 = 0
      pc16 = 0
Constrained:
   Tgbecnw = 105067
     Tecnw = 28356.6
       Tnw = 24333.6
       Tec = 12294.2
     twoNb = 199997
     twoNe = 3081.61
     twoNn = 292830
     twoNw = 5.16759e+06
    twoNec = 80926.7
    twoNnw = 10546.7
  twoNecnw = 66063.5
  twoNbecnw = 13530
  twoNgbecnw = 141215
         m = 0.213115
        m3 = 0.199066
        m5 = 0.119598
        Ta = 37600
        Tc = 12166.8
        Te = 6083.41
DiffEv reached_goal. cost=2.11832e-03 spread=2.45603e-06
Fitted parameter values
Free:
       pc1 = -2.63453
       pc2 = 3.99222
       pc3 = 2.15556
       pc4 = -0.462922
       pc5 = -1.90915
       pc6 = 0.992558
       pc7 = -1.50579
       pc8 = 1.88238
       pc9 = 0.632653
      pc10 = 0.156708
      pc11 = 0.151152
      pc12 = 0.289758
      pc13 = 0.162463
      pc14 = 0.0230198
      pc15 = 0.0380733
      pc16 = -0.00957777
Constrained:
   Tgbecnw = 86286.5
     Tecnw = 26290.6
       Tnw = 23170.8
       Tec = 11676.1
     twoNb = 358579
     twoNe = 2457.09
     twoNn = 169249
     twoNw = 7.4652e+06
    twoNec = 72517.8
    twoNnw = 8439.87
  twoNecnw = 66149
  twoNbecnw = 5307.58
  twoNgbecnw = 153964
         m = 0.194464
        m3 = 0.184724
        m5 = 0.126669
        Ta = 37600
        Tc = 11585.4
        Te = 5792.69
#       SitePat  BranchLen
              b 118711.6775907
              e 44624.3545413
              c 46701.6133639
              n 42569.1504379
              w 44743.9018369
            b:e 1241.7105546
            b:c 1410.1209501
            b:n 1040.3105557
            b:w 1181.8432380
            e:c 11515.5466650
            e:n 4876.3302360
            e:w 4341.9181857
            c:n 4484.3499402
            c:w 3695.3781403
            n:w 12511.9334393
          b:e:c 1452.6297497
          b:e:n 615.1280453
          b:e:w 635.1645437
          b:c:n 635.2718774
          b:c:w 622.1188702
          b:n:w 1438.8576159
          e:c:n 4688.3631034
          e:c:w 3836.9955546
          e:n:w 5792.1196106
          c:n:w 4753.3811293
        b:e:c:n 1294.0558539
        b:e:c:w 1145.6396804
        b:e:n:w 1536.2130334
        b:c:n:w 1360.7044794
        e:c:n:w 46725.2772808
