########################################
# legofit: estimate population history #
#       version 2.3.4-4-g53f8760       #
########################################

# Program was compiled: Sep 21 2021 14:36:42
# Program was run: Fri Sep 24 06:01:21 2021

# cmd: legofit -1 -d 0 -t 32 --ptsPerDim 3 --stateOut b1boot4.state --tol 3e-6 -S 5000 ace2.lgo ../../chrX/boot_chrX/boot4.opf
# Stage nOptItr nSimReps
#     0    5000        0
# algorithm          : deterministic
# ignoring probs <=  : 0
# Branch length floor: 0
# DE strategy        : 2
#    F               : 0.3
#    CR              : 0.8
#    tolerance       : 3e-06
# nthreads           : 32
# lgo input file     : ace2.lgo
# site pat input file: ../../chrX/boot_chrX/boot4.opf
# free parameters    : 16
# points in DE swarm : 48
# output state file  : b1boot4.state
# Including singleton site patterns.
# cost function      : KL
Initial parameter values
Fixed:
      zero = 0
       one = 1
    Tbecnw = 75200
Free:
       pc1 = 0
       pc2 = 0
       pc3 = 0
       pc4 = 0
       pc5 = 0
       pc6 = 0
       pc7 = 0
       pc8 = 0
       pc9 = 0
      pc10 = 0
      pc11 = 0
      pc12 = 0
      pc13 = 0
      pc14 = 0
      pc15 = 0
      pc16 = 0
Constrained:
   Tgbecnw = 105067
     Tecnw = 28356.6
       Tnw = 24333.6
       Tec = 12294.2
     twoNb = 199997
     twoNe = 3081.61
     twoNn = 292830
     twoNw = 5.16759e+06
    twoNec = 80926.7
    twoNnw = 10546.7
  twoNecnw = 66063.5
  twoNbecnw = 13530
  twoNgbecnw = 141215
         m = 0.213115
        m3 = 0.199066
        m5 = 0.119598
        Ta = 37600
        Tc = 12166.8
        Te = 6083.41
DiffEv reached_goal. cost=2.10421e-03 spread=2.42642e-06
Fitted parameter values
Free:
       pc1 = 0.191651
       pc2 = 3.99527
       pc3 = 2.24254
       pc4 = 1.09392
       pc5 = -1.45919
       pc6 = 0.750759
       pc7 = -0.957612
       pc8 = 1.52727
       pc9 = 1.02771
      pc10 = 0.0295306
      pc11 = 0.0374979
      pc12 = 0.204927
      pc13 = -0.0602511
      pc14 = 0.0666146
      pc15 = 0.0628424
      pc16 = -0.0605952
Constrained:
   Tgbecnw = 89621.1
     Tecnw = 26813.1
       Tnw = 24800.2
       Tec = 12610.8
     twoNb = 279959
     twoNe = 3836.22
     twoNn = 192374
     twoNw = 1.09638e+07
    twoNec = 70011.2
    twoNnw = 5143.72
  twoNecnw = 66726.6
  twoNbecnw = 7095.34
  twoNgbecnw = 142049
         m = 0.222475
        m3 = 0.203858
        m5 = 0.124456
        Ta = 37600
        Tc = 12400.1
        Te = 6200.04
#       SitePat  BranchLen
              b 121483.3901102
              e 45197.8851462
              c 47409.7766609
              n 42971.1758832
              w 45496.4891689
            b:e 1260.8437929
            b:c 1441.3957582
            b:n 1039.0349168
            b:w 1204.7214685
            e:c 11578.0029423
            e:n 5029.1777761
            e:w 4333.5887109
            c:n 4543.1280260
            c:w 3708.5525577
            n:w 12589.0045065
          b:e:c 1475.7667917
          b:e:n 622.9629379
          b:e:w 639.4919857
          b:c:n 639.3181666
          b:c:w 630.3842233
          b:n:w 1461.6778819
          e:c:n 4825.7430701
          e:c:w 3830.5943179
          e:n:w 5937.5683130
          c:n:w 4836.7627015
        b:e:c:n 1311.7648834
        b:e:c:w 1138.4832272
        b:e:n:w 1562.3542638
        b:c:n:w 1374.5548322
        e:c:n:w 48541.9170812
