########################################
# legofit: estimate population history #
#       version 2.3.4-4-g53f8760       #
########################################

# Program was compiled: Sep 21 2021 14:36:42
# Program was run: Fri Sep 24 06:01:44 2021

# cmd: legofit -1 -d 0 -t 32 --ptsPerDim 3 --stateOut b1boot13.state --tol 3e-6 -S 5000 ace2.lgo ../../chrX/boot_chrX/boot13.opf
# Stage nOptItr nSimReps
#     0    5000        0
# algorithm          : deterministic
# ignoring probs <=  : 0
# Branch length floor: 0
# DE strategy        : 2
#    F               : 0.3
#    CR              : 0.8
#    tolerance       : 3e-06
# nthreads           : 32
# lgo input file     : ace2.lgo
# site pat input file: ../../chrX/boot_chrX/boot13.opf
# free parameters    : 16
# points in DE swarm : 48
# output state file  : b1boot13.state
# Including singleton site patterns.
# cost function      : KL
Initial parameter values
Fixed:
      zero = 0
       one = 1
    Tbecnw = 75200
Free:
       pc1 = 0
       pc2 = 0
       pc3 = 0
       pc4 = 0
       pc5 = 0
       pc6 = 0
       pc7 = 0
       pc8 = 0
       pc9 = 0
      pc10 = 0
      pc11 = 0
      pc12 = 0
      pc13 = 0
      pc14 = 0
      pc15 = 0
      pc16 = 0
Constrained:
   Tgbecnw = 105067
     Tecnw = 28356.6
       Tnw = 24333.6
       Tec = 12294.2
     twoNb = 199997
     twoNe = 3081.61
     twoNn = 292830
     twoNw = 5.16759e+06
    twoNec = 80926.7
    twoNnw = 10546.7
  twoNecnw = 66063.5
  twoNbecnw = 13530
  twoNgbecnw = 141215
         m = 0.213115
        m3 = 0.199066
        m5 = 0.119598
        Ta = 37600
        Tc = 12166.8
        Te = 6083.41
DiffEv reached_goal. cost=2.08222e-03 spread=2.43041e-06
Fitted parameter values
Free:
       pc1 = 1.72762
       pc2 = 3.98814
       pc3 = 1.00332
       pc4 = 1.0484
       pc5 = -1.5008
       pc6 = -0.312888
       pc7 = -1.03474
       pc8 = 1.68635
       pc9 = 0.522453
      pc10 = 0.567129
      pc11 = -0.0218069
      pc12 = -0.0720774
      pc13 = 0.149064
      pc14 = -0.00459367
      pc15 = 0.0930302
      pc16 = -0.0355863
Constrained:
   Tgbecnw = 92828.4
     Tecnw = 27299.4
       Tnw = 25895.3
       Tec = 13210.1
     twoNb = 320268
     twoNe = 4817.92
     twoNn = 309285
     twoNw = 8.10042e+06
    twoNec = 66522
    twoNnw = 3412.67
  twoNecnw = 67543.3
  twoNbecnw = 8481.14
  twoNgbecnw = 141815
         m = 0.219244
        m3 = 0.213534
        m5 = 0.129248
        Ta = 37600
        Tc = 12947.6
        Te = 6473.81
#       SitePat  BranchLen
              b 121977.2926715
              e 45548.4224739
              c 47885.2235952
              n 43317.9453686
              w 46029.7605367
            b:e 1262.1700417
            b:c 1456.8266301
            b:n 1033.5718205
            b:w 1213.0468317
            e:c 11750.7015478
            e:n 5035.7187089
            e:w 4323.9547794
            c:n 4564.9792217
            c:w 3646.5918400
            n:w 12710.2362953
          b:e:c 1497.9685717
          b:e:n 618.2298369
          b:e:w 638.9426345
          b:c:n 638.7149339
          b:c:w 625.9999461
          b:n:w 1483.6835687
          e:c:n 4877.0377105
          e:c:w 3795.3738536
          e:n:w 6013.9904637
          c:n:w 4825.2917690
        b:e:c:n 1318.1402123
        b:e:c:w 1130.6673913
        b:e:n:w 1575.9773132
        b:c:n:w 1373.7783161
        e:c:n:w 48457.7151810
