########################################
# legofit: estimate population history #
#       version 2.3.4-4-g53f8760       #
########################################

# Program was compiled: Sep 21 2021 14:36:42
# Program was run: Fri Sep 24 06:02:09 2021

# cmd: legofit -1 -d 0 -t 32 --ptsPerDim 3 --stateOut b1boot26.state --tol 3e-6 -S 5000 ace2.lgo ../../chrX/boot_chrX/boot26.opf
# Stage nOptItr nSimReps
#     0    5000        0
# algorithm          : deterministic
# ignoring probs <=  : 0
# Branch length floor: 0
# DE strategy        : 2
#    F               : 0.3
#    CR              : 0.8
#    tolerance       : 3e-06
# nthreads           : 32
# lgo input file     : ace2.lgo
# site pat input file: ../../chrX/boot_chrX/boot26.opf
# free parameters    : 16
# points in DE swarm : 48
# output state file  : b1boot26.state
# Including singleton site patterns.
# cost function      : KL
Initial parameter values
Fixed:
      zero = 0
       one = 1
    Tbecnw = 75200
Free:
       pc1 = 0
       pc2 = 0
       pc3 = 0
       pc4 = 0
       pc5 = 0
       pc6 = 0
       pc7 = 0
       pc8 = 0
       pc9 = 0
      pc10 = 0
      pc11 = 0
      pc12 = 0
      pc13 = 0
      pc14 = 0
      pc15 = 0
      pc16 = 0
Constrained:
   Tgbecnw = 105067
     Tecnw = 28356.6
       Tnw = 24333.6
       Tec = 12294.2
     twoNb = 199997
     twoNe = 3081.61
     twoNn = 292830
     twoNw = 5.16759e+06
    twoNec = 80926.7
    twoNnw = 10546.7
  twoNecnw = 66063.5
  twoNbecnw = 13530
  twoNgbecnw = 141215
         m = 0.213115
        m3 = 0.199066
        m5 = 0.119598
        Ta = 37600
        Tc = 12166.8
        Te = 6083.41
DiffEv reached_goal. cost=2.16444e-03 spread=1.60239e-06
Fitted parameter values
Free:
       pc1 = -1.82814
       pc2 = 3.97726
       pc3 = 2.0743
       pc4 = -0.00369713
       pc5 = -0.496771
       pc6 = 1.35387
       pc7 = -1.7247
       pc8 = 1.91676
       pc9 = 0.84912
      pc10 = -0.210224
      pc11 = 0.510545
      pc12 = 0.437341
      pc13 = 0.314423
      pc14 = 0.0326991
      pc15 = 0.0134608
      pc16 = -0.0008874
Constrained:
   Tgbecnw = 87561.5
     Tecnw = 26235.3
       Tnw = 23701.1
       Tec = 11980.4
     twoNb = 315126
     twoNe = 3928.13
     twoNn = 175020
     twoNw = 7.95443e+06
    twoNec = 74611.9
    twoNnw = 6772.78
  twoNecnw = 66064.3
  twoNbecnw = 6043.33
  twoNgbecnw = 151253
         m = 0.195654
        m3 = 0.190898
        m5 = 0.115346
        Ta = 37600
        Tc = 11850.5
        Te = 5925.26
#       SitePat  BranchLen
              b 119199.6763199
              e 45049.9251067
              c 46956.1237989
              n 42706.1449754
              w 44870.5902465
            b:e 1303.9518632
            b:c 1464.3563396
            b:n 1074.2047754
            b:w 1219.6059774
            e:c 11458.5467087
            e:n 4899.7943136
            e:w 4355.6506375
            c:n 4544.6631357
            c:w 3768.9963266
            n:w 12587.8866471
          b:e:c 1502.3331667
          b:e:n 640.0246601
          b:e:w 659.2618127
          b:c:n 659.0491729
          b:c:w 646.8331884
          b:n:w 1487.3331197
          e:c:n 4726.7401775
          e:c:w 3882.1053917
          e:n:w 5871.9462897
          c:n:w 4907.5330864
        b:e:c:n 1333.3261946
        b:e:c:w 1180.9038245
        b:e:n:w 1592.8639640
        b:c:n:w 1425.8635990
        e:c:n:w 46932.2138670
