########################################
# legofit: estimate population history #
#       version 2.3.4-4-g53f8760       #
########################################

# Program was compiled: Sep 21 2021 14:36:42
# Program was run: Fri Sep 24 06:01:57 2021

# cmd: legofit -1 -d 0 -t 32 --ptsPerDim 3 --stateOut b1boot18.state --tol 3e-6 -S 5000 ace2.lgo ../../chrX/boot_chrX/boot18.opf
# Stage nOptItr nSimReps
#     0    5000        0
# algorithm          : deterministic
# ignoring probs <=  : 0
# Branch length floor: 0
# DE strategy        : 2
#    F               : 0.3
#    CR              : 0.8
#    tolerance       : 3e-06
# nthreads           : 32
# lgo input file     : ace2.lgo
# site pat input file: ../../chrX/boot_chrX/boot18.opf
# free parameters    : 16
# points in DE swarm : 48
# output state file  : b1boot18.state
# Including singleton site patterns.
# cost function      : KL
Initial parameter values
Fixed:
      zero = 0
       one = 1
    Tbecnw = 75200
Free:
       pc1 = 0
       pc2 = 0
       pc3 = 0
       pc4 = 0
       pc5 = 0
       pc6 = 0
       pc7 = 0
       pc8 = 0
       pc9 = 0
      pc10 = 0
      pc11 = 0
      pc12 = 0
      pc13 = 0
      pc14 = 0
      pc15 = 0
      pc16 = 0
Constrained:
   Tgbecnw = 105067
     Tecnw = 28356.6
       Tnw = 24333.6
       Tec = 12294.2
     twoNb = 199997
     twoNe = 3081.61
     twoNn = 292830
     twoNw = 5.16759e+06
    twoNec = 80926.7
    twoNnw = 10546.7
  twoNecnw = 66063.5
  twoNbecnw = 13530
  twoNgbecnw = 141215
         m = 0.213115
        m3 = 0.199066
        m5 = 0.119598
        Ta = 37600
        Tc = 12166.8
        Te = 6083.41
DiffEv reached_goal. cost=2.17109e-03 spread=2.82668e-06
Fitted parameter values
Free:
       pc1 = 1.66662
       pc2 = 3.91181
       pc3 = 1.71653
       pc4 = 1.21229
       pc5 = -0.489321
       pc6 = -0.458062
       pc7 = -0.419757
       pc8 = 1.42807
       pc9 = 0.321021
      pc10 = 0.423065
      pc11 = 0.76093
      pc12 = 0.364467
      pc13 = 0.0874642
      pc14 = 0.0611732
      pc15 = 0.169987
      pc16 = -0.0806567
Constrained:
   Tgbecnw = 91964
     Tecnw = 27071.8
       Tnw = 25977.6
       Tec = 13264.5
     twoNb = 170437
     twoNe = 4514.53
     twoNn = 321003
     twoNw = 7.72382e+06
    twoNec = 72187.4
    twoNnw = 2780.04
  twoNecnw = 67153.9
  twoNbecnw = 8324.26
  twoNgbecnw = 135602
         m = 0.235061
        m3 = 0.217842
        m5 = 0.124533
        Ta = 37600
        Tc = 12988.8
        Te = 6494.39
#       SitePat  BranchLen
              b 122543.0966552
              e 45846.6288276
              c 48107.6776396
              n 43458.3248679
              w 46070.2930464
            b:e 1275.4604380
            b:c 1459.9304552
            b:n 1040.3348010
            b:w 1210.8891108
            e:c 11309.9485781
            e:n 5163.5626302
            e:w 4408.3722883
            c:n 4633.5768746
            c:w 3794.4388094
            n:w 12401.9382120
          b:e:c 1458.6269775
          b:e:n 635.3911496
          b:e:w 650.0372201
          b:c:n 649.8348241
          b:c:w 642.8433196
          b:n:w 1444.2478630
          e:c:n 4856.9341827
          e:c:w 3839.2944113
          e:n:w 6027.5337283
          c:n:w 4910.4041508
        b:e:c:n 1315.0130348
        b:e:c:w 1136.8041590
        b:e:n:w 1578.2310977
        b:c:n:w 1386.5113065
        e:c:n:w 48925.4136888
