########################################
# legofit: estimate population history #
#       version 2.3.4-4-g53f8760       #
########################################

# Program was compiled: Sep 21 2021 14:36:42
# Program was run: Fri Sep 24 06:02:09 2021

# cmd: legofit -1 -d 0 -t 32 --ptsPerDim 3 --stateOut b1boot25.state --tol 3e-6 -S 5000 ace2.lgo ../../chrX/boot_chrX/boot25.opf
# Stage nOptItr nSimReps
#     0    5000        0
# algorithm          : deterministic
# ignoring probs <=  : 0
# Branch length floor: 0
# DE strategy        : 2
#    F               : 0.3
#    CR              : 0.8
#    tolerance       : 3e-06
# nthreads           : 32
# lgo input file     : ace2.lgo
# site pat input file: ../../chrX/boot_chrX/boot25.opf
# free parameters    : 16
# points in DE swarm : 48
# output state file  : b1boot25.state
# Including singleton site patterns.
# cost function      : KL
Initial parameter values
Fixed:
      zero = 0
       one = 1
    Tbecnw = 75200
Free:
       pc1 = 0
       pc2 = 0
       pc3 = 0
       pc4 = 0
       pc5 = 0
       pc6 = 0
       pc7 = 0
       pc8 = 0
       pc9 = 0
      pc10 = 0
      pc11 = 0
      pc12 = 0
      pc13 = 0
      pc14 = 0
      pc15 = 0
      pc16 = 0
Constrained:
   Tgbecnw = 105067
     Tecnw = 28356.6
       Tnw = 24333.6
       Tec = 12294.2
     twoNb = 199997
     twoNe = 3081.61
     twoNn = 292830
     twoNw = 5.16759e+06
    twoNec = 80926.7
    twoNnw = 10546.7
  twoNecnw = 66063.5
  twoNbecnw = 13530
  twoNgbecnw = 141215
         m = 0.213115
        m3 = 0.199066
        m5 = 0.119598
        Ta = 37600
        Tc = 12166.8
        Te = 6083.41
DiffEv reached_goal. cost=2.15170e-03 spread=2.45717e-06
Fitted parameter values
Free:
       pc1 = -1.66152
       pc2 = 3.9788
       pc3 = 1.17704
       pc4 = -0.876035
       pc5 = -1.64861
       pc6 = 1.38056
       pc7 = -1.65843
       pc8 = 1.98969
       pc9 = -0.0356491
      pc10 = 0.594123
      pc11 = 0.606098
      pc12 = 0.302
      pc13 = 0.152572
      pc14 = -0.0881391
      pc15 = -0.0230671
      pc16 = -0.00133442
Constrained:
   Tgbecnw = 90361.5
     Tecnw = 26258.7
       Tnw = 23762.8
       Tec = 11965.1
     twoNb = 418139
     twoNe = 2751.4
     twoNn = 251099
     twoNw = 5.53574e+06
    twoNec = 72236.6
    twoNnw = 6466.22
  twoNecnw = 68505.5
  twoNbecnw = 6874.68
  twoNgbecnw = 162387
         m = 0.193974
        m3 = 0.188346
        m5 = 0.124412
        Ta = 37600
        Tc = 11881.4
        Te = 5940.69
#       SitePat  BranchLen
              b 121241.8986478
              e 45236.2484038
              c 47328.3216827
              n 42846.7884899
              w 45018.4975476
            b:e 1262.9573687
            b:c 1434.3025746
            b:n 1037.3806303
            b:w 1178.3371539
            e:c 11633.3375627
            e:n 4882.0275495
            e:w 4376.3468459
            c:n 4527.5294600
            c:w 3708.6920703
            n:w 12844.8502746
          b:e:c 1475.3313691
          b:e:n 614.9027979
          b:e:w 637.5189700
          b:c:n 637.6020434
          b:c:w 621.8716948
          b:n:w 1459.9436147
          e:c:n 4659.2482625
          e:c:w 3812.0572980
          e:n:w 5908.7422998
          c:n:w 4838.8218859
        b:e:c:n 1290.3563786
        b:e:c:w 1142.5140316
        b:e:n:w 1561.7926273
        b:c:n:w 1383.3954510
        e:c:n:w 48486.7235881
