########################################
# legofit: estimate population history #
#       version 2.3.4-4-g53f8760       #
########################################

# Program was compiled: Sep 21 2021 14:36:42
# Program was run: Fri Sep 24 06:01:24 2021

# cmd: legofit -1 -d 0 -t 32 --ptsPerDim 3 --stateOut b1boot5.state --tol 3e-6 -S 5000 ace2.lgo ../../chrX/boot_chrX/boot5.opf
# Stage nOptItr nSimReps
#     0    5000        0
# algorithm          : deterministic
# ignoring probs <=  : 0
# Branch length floor: 0
# DE strategy        : 2
#    F               : 0.3
#    CR              : 0.8
#    tolerance       : 3e-06
# nthreads           : 32
# lgo input file     : ace2.lgo
# site pat input file: ../../chrX/boot_chrX/boot5.opf
# free parameters    : 16
# points in DE swarm : 48
# output state file  : b1boot5.state
# Including singleton site patterns.
# cost function      : KL
Initial parameter values
Fixed:
      zero = 0
       one = 1
    Tbecnw = 75200
Free:
       pc1 = 0
       pc2 = 0
       pc3 = 0
       pc4 = 0
       pc5 = 0
       pc6 = 0
       pc7 = 0
       pc8 = 0
       pc9 = 0
      pc10 = 0
      pc11 = 0
      pc12 = 0
      pc13 = 0
      pc14 = 0
      pc15 = 0
      pc16 = 0
Constrained:
   Tgbecnw = 105067
     Tecnw = 28356.6
       Tnw = 24333.6
       Tec = 12294.2
     twoNb = 199997
     twoNe = 3081.61
     twoNn = 292830
     twoNw = 5.16759e+06
    twoNec = 80926.7
    twoNnw = 10546.7
  twoNecnw = 66063.5
  twoNbecnw = 13530
  twoNgbecnw = 141215
         m = 0.213115
        m3 = 0.199066
        m5 = 0.119598
        Ta = 37600
        Tc = 12166.8
        Te = 6083.41
DiffEv reached_goal. cost=2.09811e-03 spread=2.94790e-06
Fitted parameter values
Free:
       pc1 = -0.227334
       pc2 = 3.89692
       pc3 = 1.68108
       pc4 = 0.261573
       pc5 = -1.71461
       pc6 = 1.2165
       pc7 = -1.50948
       pc8 = 1.64108
       pc9 = 0.259326
      pc10 = -0.0454437
      pc11 = -0.221514
      pc12 = 0.494192
      pc13 = 0.347695
      pc14 = -0.0253079
      pc15 = 0.0916287
      pc16 = -0.0468644
Constrained:
   Tgbecnw = 91348.4
     Tecnw = 26590.2
       Tnw = 24430.6
       Tec = 12389.3
     twoNb = 415889
     twoNe = 2984.1
     twoNn = 244277
     twoNw = 8.95529e+06
    twoNec = 68846.5
    twoNnw = 5660.16
  twoNecnw = 67703.2
  twoNbecnw = 7729.73
  twoNgbecnw = 141977
         m = 0.204275
        m3 = 0.197294
        m5 = 0.122509
        Ta = 37600
        Tc = 12215.3
        Te = 6107.65
#       SitePat  BranchLen
              b 119202.2198776
              e 45085.7290983
              c 47271.0412042
              n 43011.1241150
              w 45529.9110980
            b:e 1236.7573215
            b:c 1409.8201636
            b:n 1030.6071727
            b:w 1192.6646844
            e:c 11711.6342870
            e:n 5044.9318670
            e:w 4332.0653493
            c:n 4537.1297750
            c:w 3723.9888528
            n:w 12632.8064257
          b:e:c 1455.2632934
          b:e:n 614.3071498
          b:e:w 628.4719963
          b:c:n 628.2863151
          b:c:w 621.5318931
          b:n:w 1442.1707086
          e:c:n 4836.0168331
          e:c:w 3843.2372901
          e:n:w 5861.0392264
          c:n:w 4791.6057090
        b:e:c:n 1298.8003732
        b:e:c:w 1129.3324370
        b:e:n:w 1528.8627559
        b:c:n:w 1348.7608517
        e:c:n:w 46161.4077156
