########################################
# legofit: estimate population history #
#       version 2.3.4-4-g53f8760       #
########################################

# Program was compiled: Sep 21 2021 14:36:42
# Program was run: Fri Sep 24 06:02:25 2021

# cmd: legofit -1 -d 0 -t 32 --ptsPerDim 3 --stateOut b1boot33.state --tol 3e-6 -S 5000 ace2.lgo ../../chrX/boot_chrX/boot33.opf
# Stage nOptItr nSimReps
#     0    5000        0
# algorithm          : deterministic
# ignoring probs <=  : 0
# Branch length floor: 0
# DE strategy        : 2
#    F               : 0.3
#    CR              : 0.8
#    tolerance       : 3e-06
# nthreads           : 32
# lgo input file     : ace2.lgo
# site pat input file: ../../chrX/boot_chrX/boot33.opf
# free parameters    : 16
# points in DE swarm : 48
# output state file  : b1boot33.state
# Including singleton site patterns.
# cost function      : KL
Initial parameter values
Fixed:
      zero = 0
       one = 1
    Tbecnw = 75200
Free:
       pc1 = 0
       pc2 = 0
       pc3 = 0
       pc4 = 0
       pc5 = 0
       pc6 = 0
       pc7 = 0
       pc8 = 0
       pc9 = 0
      pc10 = 0
      pc11 = 0
      pc12 = 0
      pc13 = 0
      pc14 = 0
      pc15 = 0
      pc16 = 0
Constrained:
   Tgbecnw = 105067
     Tecnw = 28356.6
       Tnw = 24333.6
       Tec = 12294.2
     twoNb = 199997
     twoNe = 3081.61
     twoNn = 292830
     twoNw = 5.16759e+06
    twoNec = 80926.7
    twoNnw = 10546.7
  twoNecnw = 66063.5
  twoNbecnw = 13530
  twoNgbecnw = 141215
         m = 0.213115
        m3 = 0.199066
        m5 = 0.119598
        Ta = 37600
        Tc = 12166.8
        Te = 6083.41
DiffEv reached_goal. cost=2.17046e-03 spread=2.90372e-06
Fitted parameter values
Free:
       pc1 = -1.70686
       pc2 = 3.95889
       pc3 = 1.20287
       pc4 = -1.50182
       pc5 = -0.127638
       pc6 = 1.12162
       pc7 = -1.91772
       pc8 = 0.874542
       pc9 = 0.290377
      pc10 = -0.23985
      pc11 = 0.322642
      pc12 = -0.236675
      pc13 = -0.103928
      pc14 = -0.0569571
      pc15 = -0.0779471
      pc16 = -0.0110085
Constrained:
   Tgbecnw = 91199.6
     Tecnw = 26623.3
       Tnw = 24276
       Tec = 12217.9
     twoNb = 319448
     twoNe = 2101.41
     twoNn = 111848
     twoNw = 4.20277e+06
    twoNec = 73081.8
    twoNnw = 6030.4
  twoNecnw = 65591.4
  twoNbecnw = 7261.58
  twoNgbecnw = 165164
         m = 0.189344
        m3 = 0.183553
        m5 = 0.111716
        Ta = 37600
        Tc = 12138
        Te = 6068.99
#       SitePat  BranchLen
              b 121758.5418412
              e 45194.1593109
              c 47119.8898382
              n 42769.9553443
              w 44927.2626454
            b:e 1274.3621234
            b:c 1433.6315556
            b:n 1037.8756382
            b:w 1179.9880390
            e:c 11646.2416343
            e:n 4807.6172809
            e:w 4249.2243286
            c:n 4431.6764187
            c:w 3680.7741539
            n:w 12812.2844961
          b:e:c 1491.8458781
          b:e:n 613.1564327
          b:e:w 630.0184887
          b:c:n 629.8560256
          b:c:w 619.5576790
          b:n:w 1476.8699574
          e:c:n 4677.3080293
          e:c:w 3829.2959453
          e:n:w 5886.3444503
          c:n:w 4905.0049598
        b:e:c:n 1285.8392360
        b:e:c:w 1137.1631258
        b:e:n:w 1554.2962102
        b:c:n:w 1388.7879949
        e:c:n:w 49234.9177513
