########################################
# legofit: estimate population history #
#       version 2.3.4-4-g53f8760       #
########################################

# Program was compiled: Sep 21 2021 14:36:42
# Program was run: Fri Sep 24 06:02:47 2021

# cmd: legofit -1 -d 0 -t 32 --ptsPerDim 3 --stateOut b1boot48.state --tol 3e-6 -S 5000 ace2.lgo ../../chrX/boot_chrX/boot48.opf
# Stage nOptItr nSimReps
#     0    5000        0
# algorithm          : deterministic
# ignoring probs <=  : 0
# Branch length floor: 0
# DE strategy        : 2
#    F               : 0.3
#    CR              : 0.8
#    tolerance       : 3e-06
# nthreads           : 32
# lgo input file     : ace2.lgo
# site pat input file: ../../chrX/boot_chrX/boot48.opf
# free parameters    : 16
# points in DE swarm : 48
# output state file  : b1boot48.state
# Including singleton site patterns.
# cost function      : KL
Initial parameter values
Fixed:
      zero = 0
       one = 1
    Tbecnw = 75200
Free:
       pc1 = 0
       pc2 = 0
       pc3 = 0
       pc4 = 0
       pc5 = 0
       pc6 = 0
       pc7 = 0
       pc8 = 0
       pc9 = 0
      pc10 = 0
      pc11 = 0
      pc12 = 0
      pc13 = 0
      pc14 = 0
      pc15 = 0
      pc16 = 0
Constrained:
   Tgbecnw = 105067
     Tecnw = 28356.6
       Tnw = 24333.6
       Tec = 12294.2
     twoNb = 199997
     twoNe = 3081.61
     twoNn = 292830
     twoNw = 5.16759e+06
    twoNec = 80926.7
    twoNnw = 10546.7
  twoNecnw = 66063.5
  twoNbecnw = 13530
  twoNgbecnw = 141215
         m = 0.213115
        m3 = 0.199066
        m5 = 0.119598
        Ta = 37600
        Tc = 12166.8
        Te = 6083.41
DiffEv reached_goal. cost=2.14346e-03 spread=2.83916e-06
Fitted parameter values
Free:
       pc1 = -0.243151
       pc2 = 3.99475
       pc3 = 1.61191
       pc4 = -0.620894
       pc5 = -0.842449
       pc6 = 1.25228
       pc7 = -1.18206
       pc8 = 0.649509
       pc9 = 0.0417839
      pc10 = -1.61322
      pc11 = 0.463619
      pc12 = 0.0301097
      pc13 = 0.228942
      pc14 = 0.0398574
      pc15 = 0.0469581
      pc16 = -0.0327252
Constrained:
   Tgbecnw = 92051.2
     Tecnw = 26725.1
       Tnw = 25471
       Tec = 12808.8
     twoNb = 364954
     twoNe = 1429.53
     twoNn = 247449
     twoNw = 8.11196e+06
    twoNec = 73993.7
    twoNnw = 3406.44
  twoNecnw = 65615.7
  twoNbecnw = 8167.01
  twoNgbecnw = 144087
         m = 0.206465
        m3 = 0.18392
        m5 = 0.113132
        Ta = 37600
        Tc = 12735.5
        Te = 6367.74
#       SitePat  BranchLen
              b 120729.2309868
              e 45630.5356620
              c 47560.7612453
              n 43409.2816347
              w 45568.3922833
            b:e 1291.4254807
            b:c 1451.2207996
            b:n 1064.1936811
            b:w 1206.8211798
            e:c 11418.3826517
            e:n 4963.1492404
            e:w 4339.9252883
            c:n 4513.7810968
            c:w 3820.0706717
            n:w 12431.4035631
          b:e:c 1478.3137746
          b:e:n 636.5304142
          b:e:w 648.0543729
          b:c:n 647.9828799
          b:c:w 642.8510469
          b:n:w 1464.4595957
          e:c:n 4763.9375652
          e:c:w 3921.7612939
          e:n:w 5917.1414244
          c:n:w 4956.1386013
        b:e:c:n 1311.1198350
        b:e:c:w 1162.1002107
        b:e:n:w 1569.3021407
        b:c:n:w 1403.2576822
        e:c:n:w 47655.1847259
