########################################
# legofit: estimate population history #
#       version 2.3.4-4-g53f8760       #
########################################

# Program was compiled: Sep 21 2021 14:36:42
# Program was run: Fri Sep 24 06:02:36 2021

# cmd: legofit -1 -d 0 -t 32 --ptsPerDim 3 --stateOut b1boot43.state --tol 3e-6 -S 5000 ace2.lgo ../../chrX/boot_chrX/boot43.opf
# Stage nOptItr nSimReps
#     0    5000        0
# algorithm          : deterministic
# ignoring probs <=  : 0
# Branch length floor: 0
# DE strategy        : 2
#    F               : 0.3
#    CR              : 0.8
#    tolerance       : 3e-06
# nthreads           : 32
# lgo input file     : ace2.lgo
# site pat input file: ../../chrX/boot_chrX/boot43.opf
# free parameters    : 16
# points in DE swarm : 48
# output state file  : b1boot43.state
# Including singleton site patterns.
# cost function      : KL
Initial parameter values
Fixed:
      zero = 0
       one = 1
    Tbecnw = 75200
Free:
       pc1 = 0
       pc2 = 0
       pc3 = 0
       pc4 = 0
       pc5 = 0
       pc6 = 0
       pc7 = 0
       pc8 = 0
       pc9 = 0
      pc10 = 0
      pc11 = 0
      pc12 = 0
      pc13 = 0
      pc14 = 0
      pc15 = 0
      pc16 = 0
Constrained:
   Tgbecnw = 105067
     Tecnw = 28356.6
       Tnw = 24333.6
       Tec = 12294.2
     twoNb = 199997
     twoNe = 3081.61
     twoNn = 292830
     twoNw = 5.16759e+06
    twoNec = 80926.7
    twoNnw = 10546.7
  twoNecnw = 66063.5
  twoNbecnw = 13530
  twoNgbecnw = 141215
         m = 0.213115
        m3 = 0.199066
        m5 = 0.119598
        Ta = 37600
        Tc = 12166.8
        Te = 6083.41
DiffEv reached_goal. cost=2.21299e-03 spread=2.10041e-06
Fitted parameter values
Free:
       pc1 = -0.373739
       pc2 = 3.97603
       pc3 = 2.91078
       pc4 = -1.48988
       pc5 = -1.98418
       pc6 = 1.00388
       pc7 = -0.517003
       pc8 = 1.85945
       pc9 = 0.661681
      pc10 = 0.823127
      pc11 = 0.376689
      pc12 = 0.677475
      pc13 = 0.234398
      pc14 = 0.0726543
      pc15 = 0.0181822
      pc16 = -0.0227018
Constrained:
   Tgbecnw = 89709.3
     Tecnw = 26192.9
       Tnw = 24345.5
       Tec = 12259.1
     twoNb = 203480
     twoNe = 2398.7
     twoNn = 48624.6
     twoNw = 6.61523e+06
    twoNec = 70166.7
    twoNnw = 4708.18
  twoNecnw = 70131
  twoNbecnw = 7107.12
  twoNgbecnw = 138799
         m = 0.225003
        m3 = 0.185578
        m5 = 0.130504
        Ta = 37600
        Tc = 12172.7
        Te = 6086.37
#       SitePat  BranchLen
              b 120674.7899517
              e 45476.8308906
              c 47725.5382504
              n 43024.7234371
              w 45193.9864685
            b:e 1267.4021670
            b:c 1451.7717411
            b:n 1035.7119532
            b:w 1175.8500997
            e:c 11706.0502884
            e:n 4929.5857845
            e:w 4419.2928658
            c:n 4534.1599228
            c:w 3722.6869859
            n:w 12985.2870193
          b:e:c 1483.9507632
          b:e:n 615.2966021
          b:e:w 637.6097158
          b:c:n 637.9723123
          b:c:w 622.4282368
          b:n:w 1467.9897982
          e:c:n 4664.0716652
          e:c:w 3816.5744895
          e:n:w 6031.2537732
          c:n:w 4874.5781549
        b:e:c:n 1286.6404054
        b:e:c:w 1139.7332208
        b:e:n:w 1578.8856084
        b:c:n:w 1387.0218030
        e:c:n:w 47409.8761390
