########################################
# legofit: estimate population history #
#       version 2.3.4-4-g53f8760       #
########################################

# Program was compiled: Sep 21 2021 14:36:42
# Program was run: Fri Sep 24 06:01:18 2021

# cmd: legofit -1 -d 0 -t 32 --ptsPerDim 3 --stateOut b1boot3.state --tol 3e-6 -S 5000 ace2.lgo ../../chrX/boot_chrX/boot3.opf
# Stage nOptItr nSimReps
#     0    5000        0
# algorithm          : deterministic
# ignoring probs <=  : 0
# Branch length floor: 0
# DE strategy        : 2
#    F               : 0.3
#    CR              : 0.8
#    tolerance       : 3e-06
# nthreads           : 32
# lgo input file     : ace2.lgo
# site pat input file: ../../chrX/boot_chrX/boot3.opf
# free parameters    : 16
# points in DE swarm : 48
# output state file  : b1boot3.state
# Including singleton site patterns.
# cost function      : KL
Initial parameter values
Fixed:
      zero = 0
       one = 1
    Tbecnw = 75200
Free:
       pc1 = 0
       pc2 = 0
       pc3 = 0
       pc4 = 0
       pc5 = 0
       pc6 = 0
       pc7 = 0
       pc8 = 0
       pc9 = 0
      pc10 = 0
      pc11 = 0
      pc12 = 0
      pc13 = 0
      pc14 = 0
      pc15 = 0
      pc16 = 0
Constrained:
   Tgbecnw = 105067
     Tecnw = 28356.6
       Tnw = 24333.6
       Tec = 12294.2
     twoNb = 199997
     twoNe = 3081.61
     twoNn = 292830
     twoNw = 5.16759e+06
    twoNec = 80926.7
    twoNnw = 10546.7
  twoNecnw = 66063.5
  twoNbecnw = 13530
  twoNgbecnw = 141215
         m = 0.213115
        m3 = 0.199066
        m5 = 0.119598
        Ta = 37600
        Tc = 12166.8
        Te = 6083.41
DiffEv reached_goal. cost=2.13514e-03 spread=2.99526e-06
Fitted parameter values
Free:
       pc1 = -0.818337
       pc2 = 3.9956
       pc3 = 1.24849
       pc4 = 0.795016
       pc5 = -1.88769
       pc6 = -0.336101
       pc7 = -1.77419
       pc8 = 1.79789
       pc9 = 0.296125
      pc10 = 0.516979
      pc11 = 0.202924
      pc12 = 0.158003
      pc13 = 0.224624
      pc14 = 0.026759
      pc15 = 0.0503022
      pc16 = -0.0129558
Constrained:
   Tgbecnw = 88303.8
     Tecnw = 26896.9
       Tnw = 24371.1
       Tec = 12349.9
     twoNb = 423951
     twoNe = 3840.71
     twoNn = 294019
     twoNw = 6.77912e+06
    twoNec = 70277.2
    twoNnw = 6436.58
  twoNecnw = 65528.5
  twoNbecnw = 6263.65
  twoNgbecnw = 149176
         m = 0.200955
        m3 = 0.206255
        m5 = 0.130909
        Ta = 37600
        Tc = 12185.6
        Te = 6092.78
#       SitePat  BranchLen
              b 119329.5243706
              e 44813.8361508
              c 47028.7423841
              n 42699.7105719
              w 45175.8119156
            b:e 1221.8539296
            b:c 1402.0675058
            b:n 1012.9463745
            b:w 1173.3094325
            e:c 11469.9517349
            e:n 4923.5363581
            e:w 4313.6782846
            c:n 4515.9606320
            c:w 3626.8975265
            n:w 12425.3123931
          b:e:c 1436.3148228
          b:e:n 603.3611569
          b:e:w 625.9312862
          b:c:n 625.8285230
          b:c:w 610.7057013
          b:n:w 1422.7275522
          e:c:n 4750.5415039
          e:c:w 3773.3613392
          e:n:w 5850.3936616
          c:n:w 4729.8439125
        b:e:c:n 1279.3313161
        b:e:c:w 1111.5209507
        b:e:n:w 1521.5738969
        b:c:n:w 1334.1185395
        e:c:n:w 47015.9289664
