########################################
# legofit: estimate population history #
#       version 2.3.4-4-g53f8760       #
########################################

# Program was compiled: Sep 21 2021 14:36:42
# Program was run: Fri Sep 24 06:02:25 2021

# cmd: legofit -1 -d 0 -t 32 --ptsPerDim 3 --stateOut b1boot35.state --tol 3e-6 -S 5000 ace2.lgo ../../chrX/boot_chrX/boot35.opf
# Stage nOptItr nSimReps
#     0    5000        0
# algorithm          : deterministic
# ignoring probs <=  : 0
# Branch length floor: 0
# DE strategy        : 2
#    F               : 0.3
#    CR              : 0.8
#    tolerance       : 3e-06
# nthreads           : 32
# lgo input file     : ace2.lgo
# site pat input file: ../../chrX/boot_chrX/boot35.opf
# free parameters    : 16
# points in DE swarm : 48
# output state file  : b1boot35.state
# Including singleton site patterns.
# cost function      : KL
Initial parameter values
Fixed:
      zero = 0
       one = 1
    Tbecnw = 75200
Free:
       pc1 = 0
       pc2 = 0
       pc3 = 0
       pc4 = 0
       pc5 = 0
       pc6 = 0
       pc7 = 0
       pc8 = 0
       pc9 = 0
      pc10 = 0
      pc11 = 0
      pc12 = 0
      pc13 = 0
      pc14 = 0
      pc15 = 0
      pc16 = 0
Constrained:
   Tgbecnw = 105067
     Tecnw = 28356.6
       Tnw = 24333.6
       Tec = 12294.2
     twoNb = 199997
     twoNe = 3081.61
     twoNn = 292830
     twoNw = 5.16759e+06
    twoNec = 80926.7
    twoNnw = 10546.7
  twoNecnw = 66063.5
  twoNbecnw = 13530
  twoNgbecnw = 141215
         m = 0.213115
        m3 = 0.199066
        m5 = 0.119598
        Ta = 37600
        Tc = 12166.8
        Te = 6083.41
DiffEv reached_goal. cost=2.20896e-03 spread=2.72490e-06
Fitted parameter values
Free:
       pc1 = -1.21381
       pc2 = 3.96689
       pc3 = 1.62304
       pc4 = 1.48972
       pc5 = -1.36425
       pc6 = 1.16724
       pc7 = -1.10957
       pc8 = 1.88985
       pc9 = 1.21079
      pc10 = 0.680217
      pc11 = 0.634619
      pc12 = -0.100685
      pc13 = 0.113574
      pc14 = 0.041162
      pc15 = 0.0666802
      pc16 = -0.00351135
Constrained:
   Tgbecnw = 88102.2
     Tecnw = 26691.5
       Tnw = 23993.9
       Tec = 12175.6
     twoNb = 293748
     twoNe = 4625.7
     twoNn = 244879
     twoNw = 1.09238e+07
    twoNec = 74026
    twoNnw = 7165.15
  twoNecnw = 67179.4
  twoNbecnw = 5920.85
  twoNgbecnw = 160543
         m = 0.198441
        m3 = 0.204942
        m5 = 0.125622
        Ta = 37600
        Tc = 11996.9
        Te = 5998.47
#       SitePat  BranchLen
              b 120775.5651406
              e 45205.8536757
              c 47291.1176676
              n 43016.7692955
              w 45395.2389042
            b:e 1231.1155016
            b:c 1398.0298467
            b:n 1023.1828690
            b:w 1175.3790185
            e:c 11318.9453090
            e:n 4964.4227436
            e:w 4362.1555730
            c:n 4566.7301156
            c:w 3708.9252569
            n:w 12353.1362642
          b:e:c 1422.4519164
          b:e:n 614.1553389
          b:e:w 635.0519713
          b:c:n 634.8552802
          b:c:w 621.4956624
          b:n:w 1408.3854562
          e:c:n 4692.6335555
          e:c:w 3774.2359762
          e:n:w 5758.8959063
          c:n:w 4724.5548586
        b:e:c:n 1287.8890207
        b:e:c:w 1128.1558567
        b:e:n:w 1524.4096181
        b:c:n:w 1350.3516406
        e:c:n:w 48310.1021747
