########################################
# legofit: estimate population history #
#       version 2.3.4-4-g53f8760       #
########################################

# Program was compiled: Sep 21 2021 14:36:42
# Program was run: Fri Sep 24 06:01:57 2021

# cmd: legofit -1 -d 0 -t 32 --ptsPerDim 3 --stateOut b1boot19.state --tol 3e-6 -S 5000 ace2.lgo ../../chrX/boot_chrX/boot19.opf
# Stage nOptItr nSimReps
#     0    5000        0
# algorithm          : deterministic
# ignoring probs <=  : 0
# Branch length floor: 0
# DE strategy        : 2
#    F               : 0.3
#    CR              : 0.8
#    tolerance       : 3e-06
# nthreads           : 32
# lgo input file     : ace2.lgo
# site pat input file: ../../chrX/boot_chrX/boot19.opf
# free parameters    : 16
# points in DE swarm : 48
# output state file  : b1boot19.state
# Including singleton site patterns.
# cost function      : KL
Initial parameter values
Fixed:
      zero = 0
       one = 1
    Tbecnw = 75200
Free:
       pc1 = 0
       pc2 = 0
       pc3 = 0
       pc4 = 0
       pc5 = 0
       pc6 = 0
       pc7 = 0
       pc8 = 0
       pc9 = 0
      pc10 = 0
      pc11 = 0
      pc12 = 0
      pc13 = 0
      pc14 = 0
      pc15 = 0
      pc16 = 0
Constrained:
   Tgbecnw = 105067
     Tecnw = 28356.6
       Tnw = 24333.6
       Tec = 12294.2
     twoNb = 199997
     twoNe = 3081.61
     twoNn = 292830
     twoNw = 5.16759e+06
    twoNec = 80926.7
    twoNnw = 10546.7
  twoNecnw = 66063.5
  twoNbecnw = 13530
  twoNgbecnw = 141215
         m = 0.213115
        m3 = 0.199066
        m5 = 0.119598
        Ta = 37600
        Tc = 12166.8
        Te = 6083.41
DiffEv reached_goal. cost=2.06925e-03 spread=2.84366e-06
Fitted parameter values
Free:
       pc1 = -0.215504
       pc2 = 3.98452
       pc3 = 1.65417
       pc4 = 1.4588
       pc5 = 0.884313
       pc6 = 0.807303
       pc7 = -1.8692
       pc8 = 1.84348
       pc9 = 0.460719
      pc10 = 0.487981
      pc11 = -0.1254
      pc12 = -0.0441591
      pc13 = 0.195538
      pc14 = 0.0909258
      pc15 = -0.0482997
      pc16 = -0.0152387
Constrained:
   Tgbecnw = 89094.9
     Tecnw = 26930.9
       Tnw = 24345.4
       Tec = 12394.5
     twoNb = 241684
     twoNe = 5377.27
     twoNn = 267624
     twoNw = 7.88097e+06
    twoNec = 70597.1
    twoNnw = 6071.09
  twoNecnw = 66431
  twoNbecnw = 6587.95
  twoNgbecnw = 149758
         m = 0.203283
        m3 = 0.215528
        m5 = 0.107254
        Ta = 37600
        Tc = 12172.7
        Te = 6086.35
#       SitePat  BranchLen
              b 119952.2492318
              e 45135.2329626
              c 47114.5278102
              n 42436.3042515
              w 45094.6158740
            b:e 1245.6204246
            b:c 1406.0149735
            b:n 994.6494604
            b:w 1167.2850044
            e:c 11741.4481044
            e:n 4855.2776167
            e:w 4147.8398921
            c:n 4466.5354414
            c:w 3562.8715947
            n:w 12976.6650350
          b:e:c 1480.5706245
          b:e:n 593.8357704
          b:e:w 612.5729397
          b:c:n 611.6924426
          b:c:w 601.0730703
          b:n:w 1464.8615561
          e:c:n 4731.5567900
          e:c:w 3684.3467388
          e:n:w 5834.9473449
          c:n:w 4829.3629700
        b:e:c:n 1273.1668113
        b:e:c:w 1092.4134703
        b:e:n:w 1526.7253517
        b:c:n:w 1359.9740000
        e:c:n:w 47427.1502895
