########################################
# legofit: estimate population history #
#       version 2.3.4-4-g53f8760       #
########################################

# Program was compiled: Sep 21 2021 14:36:42
# Program was run: Fri Sep 24 06:01:31 2021

# cmd: legofit -1 -d 0 -t 32 --ptsPerDim 3 --stateOut b1boot7.state --tol 3e-6 -S 5000 ace2.lgo ../../chrX/boot_chrX/boot7.opf
# Stage nOptItr nSimReps
#     0    5000        0
# algorithm          : deterministic
# ignoring probs <=  : 0
# Branch length floor: 0
# DE strategy        : 2
#    F               : 0.3
#    CR              : 0.8
#    tolerance       : 3e-06
# nthreads           : 32
# lgo input file     : ace2.lgo
# site pat input file: ../../chrX/boot_chrX/boot7.opf
# free parameters    : 16
# points in DE swarm : 48
# output state file  : b1boot7.state
# Including singleton site patterns.
# cost function      : KL
Initial parameter values
Fixed:
      zero = 0
       one = 1
    Tbecnw = 75200
Free:
       pc1 = 0
       pc2 = 0
       pc3 = 0
       pc4 = 0
       pc5 = 0
       pc6 = 0
       pc7 = 0
       pc8 = 0
       pc9 = 0
      pc10 = 0
      pc11 = 0
      pc12 = 0
      pc13 = 0
      pc14 = 0
      pc15 = 0
      pc16 = 0
Constrained:
   Tgbecnw = 105067
     Tecnw = 28356.6
       Tnw = 24333.6
       Tec = 12294.2
     twoNb = 199997
     twoNe = 3081.61
     twoNn = 292830
     twoNw = 5.16759e+06
    twoNec = 80926.7
    twoNnw = 10546.7
  twoNecnw = 66063.5
  twoNbecnw = 13530
  twoNgbecnw = 141215
         m = 0.213115
        m3 = 0.199066
        m5 = 0.119598
        Ta = 37600
        Tc = 12166.8
        Te = 6083.41
DiffEv reached_goal. cost=2.15391e-03 spread=2.99694e-06
Fitted parameter values
Free:
       pc1 = -1.23044
       pc2 = 3.98776
       pc3 = 2.3016
       pc4 = 1.11046
       pc5 = 0.226432
       pc6 = 1.88007
       pc7 = -1.26157
       pc8 = 1.97688
       pc9 = 0.869286
      pc10 = 0.311507
      pc11 = -0.213163
      pc12 = 0.162896
      pc13 = 0.19342
      pc14 = 0.0411998
      pc15 = 0.0806901
      pc16 = -0.0163599
Constrained:
   Tgbecnw = 88066.9
     Tecnw = 26493.3
       Tnw = 23583.4
       Tec = 11997.3
     twoNb = 196092
     twoNe = 4417.73
     twoNn = 219749
     twoNw = 1.03919e+07
    twoNec = 71704.7
    twoNnw = 7797.5
  twoNecnw = 67445
  twoNbecnw = 6161.15
  twoNgbecnw = 150890
         m = 0.200377
        m3 = 0.202826
        m5 = 0.109414
        Ta = 37600
        Tc = 11791.7
        Te = 5895.84
#       SitePat  BranchLen
              b 119465.2178447
              e 45034.6396053
              c 46944.8531138
              n 42922.2373273
              w 45454.6721542
            b:e 1261.5109343
            b:c 1414.0400231
            b:n 1053.9024528
            b:w 1219.8899549
            e:c 11671.3192997
            e:n 5001.3614521
            e:w 4288.4864774
            c:n 4566.1463759
            c:w 3736.4225757
            n:w 12570.8181225
          b:e:c 1476.7355721
          b:e:n 628.2118439
          b:e:w 642.9471584
          b:c:n 642.1980576
          b:c:w 635.5590741
          b:n:w 1463.3670362
          e:c:n 4831.0738241
          e:c:w 3841.2377721
          e:n:w 5699.4158594
          c:n:w 4776.4813288
        b:e:c:n 1335.0249348
        b:e:c:w 1160.9411016
        b:e:n:w 1541.7944381
        b:c:n:w 1382.6672199
        e:c:n:w 46909.3073732
