########################################
# legofit: estimate population history #
#       version 2.3.4-4-g53f8760       #
########################################

# Program was compiled: Sep 21 2021 14:36:42
# Program was run: Fri Sep 24 06:01:44 2021

# cmd: legofit -1 -d 0 -t 32 --ptsPerDim 3 --stateOut b1boot10.state --tol 3e-6 -S 5000 ace2.lgo ../../chrX/boot_chrX/boot10.opf
# Stage nOptItr nSimReps
#     0    5000        0
# algorithm          : deterministic
# ignoring probs <=  : 0
# Branch length floor: 0
# DE strategy        : 2
#    F               : 0.3
#    CR              : 0.8
#    tolerance       : 3e-06
# nthreads           : 32
# lgo input file     : ace2.lgo
# site pat input file: ../../chrX/boot_chrX/boot10.opf
# free parameters    : 16
# points in DE swarm : 48
# output state file  : b1boot10.state
# Including singleton site patterns.
# cost function      : KL
Initial parameter values
Fixed:
      zero = 0
       one = 1
    Tbecnw = 75200
Free:
       pc1 = 0
       pc2 = 0
       pc3 = 0
       pc4 = 0
       pc5 = 0
       pc6 = 0
       pc7 = 0
       pc8 = 0
       pc9 = 0
      pc10 = 0
      pc11 = 0
      pc12 = 0
      pc13 = 0
      pc14 = 0
      pc15 = 0
      pc16 = 0
Constrained:
   Tgbecnw = 105067
     Tecnw = 28356.6
       Tnw = 24333.6
       Tec = 12294.2
     twoNb = 199997
     twoNe = 3081.61
     twoNn = 292830
     twoNw = 5.16759e+06
    twoNec = 80926.7
    twoNnw = 10546.7
  twoNecnw = 66063.5
  twoNbecnw = 13530
  twoNgbecnw = 141215
         m = 0.213115
        m3 = 0.199066
        m5 = 0.119598
        Ta = 37600
        Tc = 12166.8
        Te = 6083.41
DiffEv reached_goal. cost=2.00687e-03 spread=2.71209e-06
Fitted parameter values
Free:
       pc1 = -1.81297
       pc2 = 3.91499
       pc3 = 1.72812
       pc4 = -0.38674
       pc5 = -1.64975
       pc6 = 0.519529
       pc7 = -1.75628
       pc8 = 1.99102
       pc9 = 0.843443
      pc10 = 0.625119
      pc11 = 0.194909
      pc12 = 0.474136
      pc13 = 0.123163
      pc14 = -0.0449113
      pc15 = 0.0173087
      pc16 = 0.0566042
Constrained:
   Tgbecnw = 88205.2
     Tecnw = 26373.8
       Tnw = 23608.5
       Tec = 11888.7
     twoNb = 357270
     twoNe = 3702.47
     twoNn = 142604
     twoNw = 6.29351e+06
    twoNec = 71070.6
    twoNnw = 7598.74
  twoNecnw = 66234.4
  twoNbecnw = 6249.55
  twoNgbecnw = 153748
         m = 0.19644
        m3 = 0.192443
        m5 = 0.127995
        Ta = 37600
        Tc = 11804.2
        Te = 5902.12
#       SitePat  BranchLen
              b 119865.4769320
              e 44801.7532002
              c 46782.8966544
              n 42927.2558874
              w 45140.2795994
            b:e 1272.5474420
            b:c 1439.8758190
            b:n 1077.7828702
            b:w 1226.2450091
            e:c 11603.6010252
            e:n 4894.5271591
            e:w 4416.9183882
            c:n 4602.2298265
            c:w 3743.5669940
            n:w 12419.5684231
          b:e:c 1483.7790117
          b:e:n 633.1922051
          b:e:w 659.4032684
          b:c:n 659.3002440
          b:c:w 640.1365371
          b:n:w 1470.9794363
          e:c:n 4804.2673606
          e:c:w 3927.5152521
          e:n:w 5816.2284561
          c:n:w 4800.7337287
        b:e:c:n 1339.6952729
        b:e:c:w 1184.1857776
        b:e:n:w 1566.0226337
        b:c:n:w 1391.8529491
        e:c:n:w 47506.8389551
