########################################
# legofit: estimate population history #
#       version 2.3.4-4-g53f8760       #
########################################

# Program was compiled: Sep 21 2021 14:36:42
# Program was run: Fri Sep 24 06:02:17 2021

# cmd: legofit -1 -d 0 -t 32 --ptsPerDim 3 --stateOut b1boot29.state --tol 3e-6 -S 5000 ace2.lgo ../../chrX/boot_chrX/boot29.opf
# Stage nOptItr nSimReps
#     0    5000        0
# algorithm          : deterministic
# ignoring probs <=  : 0
# Branch length floor: 0
# DE strategy        : 2
#    F               : 0.3
#    CR              : 0.8
#    tolerance       : 3e-06
# nthreads           : 32
# lgo input file     : ace2.lgo
# site pat input file: ../../chrX/boot_chrX/boot29.opf
# free parameters    : 16
# points in DE swarm : 48
# output state file  : b1boot29.state
# Including singleton site patterns.
# cost function      : KL
Initial parameter values
Fixed:
      zero = 0
       one = 1
    Tbecnw = 75200
Free:
       pc1 = 0
       pc2 = 0
       pc3 = 0
       pc4 = 0
       pc5 = 0
       pc6 = 0
       pc7 = 0
       pc8 = 0
       pc9 = 0
      pc10 = 0
      pc11 = 0
      pc12 = 0
      pc13 = 0
      pc14 = 0
      pc15 = 0
      pc16 = 0
Constrained:
   Tgbecnw = 105067
     Tecnw = 28356.6
       Tnw = 24333.6
       Tec = 12294.2
     twoNb = 199997
     twoNe = 3081.61
     twoNn = 292830
     twoNw = 5.16759e+06
    twoNec = 80926.7
    twoNnw = 10546.7
  twoNecnw = 66063.5
  twoNbecnw = 13530
  twoNgbecnw = 141215
         m = 0.213115
        m3 = 0.199066
        m5 = 0.119598
        Ta = 37600
        Tc = 12166.8
        Te = 6083.41
DiffEv reached_goal. cost=2.14297e-03 spread=2.90340e-06
Fitted parameter values
Free:
       pc1 = -0.594963
       pc2 = 3.9947
       pc3 = 1.00652
       pc4 = 0.732373
       pc5 = -1.13841
       pc6 = 0.247076
       pc7 = -1.9483
       pc8 = 0.798431
       pc9 = -0.5627
      pc10 = -0.251335
      pc11 = 0.147026
      pc12 = 0.0881318
      pc13 = 0.00409061
      pc14 = -0.00580297
      pc15 = 0.0611637
      pc16 = -0.00960777
Constrained:
   Tgbecnw = 90890.8
     Tecnw = 26994.4
       Tnw = 24821.6
       Tec = 12497.4
     twoNb = 464860
     twoNe = 1976.55
     twoNn = 339228
     twoNw = 6.72308e+06
    twoNec = 71599.5
    twoNnw = 5626.11
  twoNecnw = 64866.5
  twoNbecnw = 7285.14
  twoNgbecnw = 151544
         m = 0.201909
        m3 = 0.207004
        m5 = 0.119501
        Ta = 37600
        Tc = 12410.8
        Te = 6205.4
#       SitePat  BranchLen
              b 120690.0682254
              e 45017.0201892
              c 47039.7681179
              n 42910.3358662
              w 45395.7756183
            b:e 1207.3619978
            b:c 1368.5624584
            b:n 999.8266450
            b:w 1157.9968333
            e:c 11451.3913701
            e:n 4923.3334513
            e:w 4270.0105160
            c:n 4519.4542740
            c:w 3665.2720463
            n:w 12337.5608072
          b:e:c 1407.6291799
          b:e:n 595.6679902
          b:e:w 613.8338671
          b:c:n 613.4368345
          b:c:w 602.3262495
          b:n:w 1395.0857210
          e:c:n 4778.0835151
          e:c:w 3800.1489260
          e:n:w 5785.3503355
          c:n:w 4771.2200539
        b:e:c:n 1257.8780479
        b:e:c:w 1092.6525678
        b:e:n:w 1480.5900995
        b:c:n:w 1313.1284121
        e:c:n:w 48115.0930759
