########################################
# legofit: estimate population history #
#       version 2.3.4-4-g53f8760       #
########################################

# Program was compiled: Sep 21 2021 14:36:42
# Program was run: Wed Sep 22 23:44:20 2021

# cmd: legofit -1 -d 0 -t 32 --ptsPerDim 3 --stateOut b1.state --tol 3e-6 -S 5000 bef2.lgo ../../chrX/pan_chrX.opf
# Stage nOptItr nSimReps
#     0    5000        0
# algorithm          : deterministic
# ignoring probs <=  : 0
# Branch length floor: 0
# DE strategy        : 2
#    F               : 0.3
#    CR              : 0.8
#    tolerance       : 3e-06
# nthreads           : 32
# lgo input file     : bef2.lgo
# site pat input file: ../../chrX/pan_chrX.opf
# free parameters    : 14
# points in DE swarm : 42
# output state file  : b1.state
# Including singleton site patterns.
# cost function      : KL
Initial parameter values
Fixed:
      zero = 0
       one = 1
    Tbecnw = 75200
Free:
       pc1 = 0
       pc2 = 0
       pc3 = 0
       pc4 = 0
       pc5 = 0
       pc6 = 0
       pc7 = 0
       pc8 = 0
       pc9 = 0
      pc10 = 0
      pc11 = 0
      pc12 = 0
      pc13 = 0
      pc14 = 0
Constrained:
     Tecnw = 44052.6
       Tnw = 106.758
       Tec = 840.276
     twoNb = 998510
     twoNe = 347152
     twoNc = 170205
     twoNw = 1.33738e+06
    twoNec = 79594.8
    twoNnw = 149402
  twoNecnw = 23071.8
  twoNbecnw = 55100.1
        m2 = 0.0274239
        m5 = 0.370841
        m6 = 0.270448
        Tb = 22446.4
        Te = 53.3789
        Tf = 26.6894
DiffEv reached_goal. cost=2.54770e-03 spread=2.89213e-06
Fitted parameter values
Free:
       pc1 = 3.40962
       pc2 = 1.94894
       pc3 = -1.49903
       pc4 = -0.35969
       pc5 = -1.75855
       pc6 = -1.53495
       pc7 = -1.67023
       pc8 = -0.462843
       pc9 = 1.1613
      pc10 = 0.320489
      pc11 = 0.158649
      pc12 = 0.363079
      pc13 = -0.354799
      pc14 = -0.0403951
Constrained:
     Tecnw = 43904.8
       Tnw = 139.534
       Tec = 1196.14
     twoNb = 2.31205e+06
     twoNe = 569695
     twoNc = 131167
     twoNw = 2.11378e+06
    twoNec = 73916.6
    twoNnw = 152153
  twoNecnw = 22786.7
  twoNbecnw = 54881.7
        m2 = 0.0378659
        m5 = 0.37698
        m6 = 0.277993
        Tb = 22550.5
        Te = 69.7671
        Tf = 34.8836
#       SitePat  BranchLen
              b 122182.2045903
              e 45509.6603246
              c 47455.0507406
              n 44822.3092024
              w 44821.0219657
            b:e 1439.9856681
            b:c 1610.9921599
            b:n 1134.9010967
            b:w 1134.8555941
            e:c 12045.0359654
            e:n 4698.2795459
            e:w 4698.7713216
            c:n 4121.1061096
            c:w 4121.6744199
            n:w 12252.2013823
          b:e:c 1373.7107865
          b:e:n 601.4470993
          b:e:w 601.4447792
          b:c:n 601.5914226
          b:c:w 601.5936907
          b:n:w 1363.5881733
          e:c:n 4243.4885671
          e:c:w 4243.7157178
          e:n:w 6142.7334223
          c:n:w 5344.7519641
        b:e:c:n 1136.8477958
        b:e:c:w 1136.8933505
        b:e:n:w 1573.2069089
        b:c:n:w 1408.7685627
        e:c:n:w 48456.8104255
