########################################
# legofit: estimate population history #
#       version 2.3.4-4-g53f8760       #
########################################

# Program was compiled: Sep 21 2021 14:36:42
# Program was run: Wed Sep 22 23:44:45 2021

# cmd: legofit -1 -d 0 -t 32 --ptsPerDim 3 --stateOut b1boot12.state --tol 3e-6 -S 5000 bef2.lgo ../../chrX/boot_chrX/boot12.opf
# Stage nOptItr nSimReps
#     0    5000        0
# algorithm          : deterministic
# ignoring probs <=  : 0
# Branch length floor: 0
# DE strategy        : 2
#    F               : 0.3
#    CR              : 0.8
#    tolerance       : 3e-06
# nthreads           : 32
# lgo input file     : bef2.lgo
# site pat input file: ../../chrX/boot_chrX/boot12.opf
# free parameters    : 14
# points in DE swarm : 42
# output state file  : b1boot12.state
# Including singleton site patterns.
# cost function      : KL
Initial parameter values
Fixed:
      zero = 0
       one = 1
    Tbecnw = 75200
Free:
       pc1 = 0
       pc2 = 0
       pc3 = 0
       pc4 = 0
       pc5 = 0
       pc6 = 0
       pc7 = 0
       pc8 = 0
       pc9 = 0
      pc10 = 0
      pc11 = 0
      pc12 = 0
      pc13 = 0
      pc14 = 0
Constrained:
     Tecnw = 44052.6
       Tnw = 106.758
       Tec = 840.276
     twoNb = 998510
     twoNe = 347152
     twoNc = 170205
     twoNw = 1.33738e+06
    twoNec = 79594.8
    twoNnw = 149402
  twoNecnw = 23071.8
  twoNbecnw = 55100.1
        m2 = 0.0274239
        m5 = 0.370841
        m6 = 0.270448
        Tb = 22446.4
        Te = 53.3789
        Tf = 26.6894
DiffEv reached_goal. cost=2.66498e-03 spread=2.65583e-06
Fitted parameter values
Free:
       pc1 = 3.20943
       pc2 = 1.98912
       pc3 = -1.52241
       pc4 = 0.259975
       pc5 = -1.9413
       pc6 = -1.77479
       pc7 = -1.98133
       pc8 = 0.413484
       pc9 = 0.0979692
      pc10 = 0.691362
      pc11 = 0.119714
      pc12 = 0.671068
      pc13 = -0.4694
      pc14 = -0.518892
Constrained:
     Tecnw = 43795.6
       Tnw = 93.3156
       Tec = 1306.02
     twoNb = 2.44233e+06
     twoNe = 474855
     twoNc = 291515
     twoNw = 2.16646e+06
    twoNec = 71934.6
    twoNnw = 154039
  twoNecnw = 22834.9
  twoNbecnw = 55409.3
        m2 = 0.0347297
        m5 = 0.374783
        m6 = 0.274246
        Tb = 22550.8
        Te = 46.6578
        Tf = 23.3289
#       SitePat  BranchLen
              b 122700.5420829
              e 45273.7425628
              c 47218.9929440
              n 44938.2410888
              w 44937.4072653
            b:e 1417.7761731
            b:c 1586.4896747
            b:n 1152.9813174
            b:w 1152.9515735
            e:c 12255.6016586
            e:n 4678.6471540
            e:w 4678.9674619
            c:n 4098.9823606
            c:w 4099.3484312
            n:w 12240.2606877
          b:e:c 1389.0995178
          b:e:n 603.7751484
          b:e:w 603.7737487
          b:c:n 603.9046459
          b:c:w 603.9060159
          b:n:w 1380.0859851
          e:c:n 4306.1766502
          e:c:w 4306.3240952
          e:n:w 6067.1036775
          c:n:w 5275.0439363
        b:e:c:n 1154.7103036
        b:e:c:w 1154.7400771
        b:e:n:w 1553.4073556
        b:c:n:w 1390.5252735
        e:c:n:w 49004.8233087
