########################################
# legofit: estimate population history #
#       version 2.3.4-4-g53f8760       #
########################################

# Program was compiled: Sep 21 2021 14:36:42
# Program was run: Wed Sep 22 23:44:45 2021

# cmd: legofit -1 -d 0 -t 32 --ptsPerDim 3 --stateOut b1boot11.state --tol 3e-6 -S 5000 bef2.lgo ../../chrX/boot_chrX/boot11.opf
# Stage nOptItr nSimReps
#     0    5000        0
# algorithm          : deterministic
# ignoring probs <=  : 0
# Branch length floor: 0
# DE strategy        : 2
#    F               : 0.3
#    CR              : 0.8
#    tolerance       : 3e-06
# nthreads           : 32
# lgo input file     : bef2.lgo
# site pat input file: ../../chrX/boot_chrX/boot11.opf
# free parameters    : 14
# points in DE swarm : 42
# output state file  : b1boot11.state
# Including singleton site patterns.
# cost function      : KL
Initial parameter values
Fixed:
      zero = 0
       one = 1
    Tbecnw = 75200
Free:
       pc1 = 0
       pc2 = 0
       pc3 = 0
       pc4 = 0
       pc5 = 0
       pc6 = 0
       pc7 = 0
       pc8 = 0
       pc9 = 0
      pc10 = 0
      pc11 = 0
      pc12 = 0
      pc13 = 0
      pc14 = 0
Constrained:
     Tecnw = 44052.6
       Tnw = 106.758
       Tec = 840.276
     twoNb = 998510
     twoNe = 347152
     twoNc = 170205
     twoNw = 1.33738e+06
    twoNec = 79594.8
    twoNnw = 149402
  twoNecnw = 23071.8
  twoNbecnw = 55100.1
        m2 = 0.0274239
        m5 = 0.370841
        m6 = 0.270448
        Tb = 22446.4
        Te = 53.3789
        Tf = 26.6894
DiffEv reached_goal. cost=2.60360e-03 spread=2.85164e-06
Fitted parameter values
Free:
       pc1 = 1.74923
       pc2 = 1.01915
       pc3 = 0.29901
       pc4 = -0.380839
       pc5 = -1.88595
       pc6 = -1.90477
       pc7 = -1.88582
       pc8 = -0.494458
       pc9 = 0.993852
      pc10 = -0.677846
      pc11 = 0.0102716
      pc12 = 0.486248
      pc13 = 0.158105
      pc14 = -0.707703
Constrained:
     Tecnw = 43708.6
       Tnw = 54.5564
       Tec = 1151.06
     twoNb = 2.0929e+06
     twoNe = 773119
     twoNc = 101861
     twoNw = 1.36769e+06
    twoNec = 73342.4
    twoNnw = 146686
  twoNecnw = 23052
  twoNbecnw = 55392.3
        m2 = 0.0344802
        m5 = 0.363568
        m6 = 0.274113
        Tb = 22429.9
        Te = 27.2782
        Tf = 13.6391
#       SitePat  BranchLen
              b 122638.5943578
              e 45259.7430954
              c 47054.3832669
              n 44509.4907765
              w 44508.7361053
            b:e 1444.3344930
            b:c 1599.9505832
            b:n 1146.9542758
            b:w 1146.9272682
            e:c 12361.1645074
            e:n 4650.2831449
            e:w 4650.5660810
            c:n 4119.5284095
            c:w 4119.8660054
            n:w 12573.5029464
          b:e:c 1411.6811829
          b:e:n 600.8556057
          b:e:w 600.8539297
          b:c:n 600.9882579
          b:c:w 600.9899024
          b:n:w 1401.1407065
          e:c:n 4279.7036103
          e:c:w 4279.8377495
          e:n:w 6133.0061939
          c:n:w 5393.5319044
        b:e:c:n 1148.9726976
        b:e:c:w 1148.9997367
        b:e:n:w 1561.6392846
        b:c:n:w 1412.0434985
        e:c:n:w 48933.2844678
