########################################
# legofit: estimate population history #
#       version 2.3.4-4-g53f8760       #
########################################

# Program was compiled: Sep 21 2021 14:36:42
# Program was run: Wed Sep 22 23:45:27 2021

# cmd: legofit -1 -d 0 -t 32 --ptsPerDim 3 --stateOut b1boot44.state --tol 3e-6 -S 5000 bef2.lgo ../../chrX/boot_chrX/boot44.opf
# Stage nOptItr nSimReps
#     0    5000        0
# algorithm          : deterministic
# ignoring probs <=  : 0
# Branch length floor: 0
# DE strategy        : 2
#    F               : 0.3
#    CR              : 0.8
#    tolerance       : 3e-06
# nthreads           : 32
# lgo input file     : bef2.lgo
# site pat input file: ../../chrX/boot_chrX/boot44.opf
# free parameters    : 14
# points in DE swarm : 42
# output state file  : b1boot44.state
# Including singleton site patterns.
# cost function      : KL
Initial parameter values
Fixed:
      zero = 0
       one = 1
    Tbecnw = 75200
Free:
       pc1 = 0
       pc2 = 0
       pc3 = 0
       pc4 = 0
       pc5 = 0
       pc6 = 0
       pc7 = 0
       pc8 = 0
       pc9 = 0
      pc10 = 0
      pc11 = 0
      pc12 = 0
      pc13 = 0
      pc14 = 0
Constrained:
     Tecnw = 44052.6
       Tnw = 106.758
       Tec = 840.276
     twoNb = 998510
     twoNe = 347152
     twoNc = 170205
     twoNw = 1.33738e+06
    twoNec = 79594.8
    twoNnw = 149402
  twoNecnw = 23071.8
  twoNbecnw = 55100.1
        m2 = 0.0274239
        m5 = 0.370841
        m6 = 0.270448
        Tb = 22446.4
        Te = 53.3789
        Tf = 26.6894
DiffEv reached_goal. cost=2.52756e-03 spread=2.76639e-06
Fitted parameter values
Free:
       pc1 = 3.32421
       pc2 = 1.88186
       pc3 = -1.14603
       pc4 = -0.721422
       pc5 = -1.64241
       pc6 = -1.31615
       pc7 = -1.94568
       pc8 = -0.756361
       pc9 = 1.26191
      pc10 = -0.00148417
      pc11 = -0.319334
      pc12 = 0.0328755
      pc13 = 0.155005
      pc14 = -0.275792
Constrained:
     Tecnw = 43753.2
       Tnw = 165.893
       Tec = 1088.98
     twoNb = 2.26037e+06
     twoNe = 641019
     twoNc = 97969.4
     twoNw = 1.79181e+06
    twoNec = 73413.9
    twoNnw = 150087
  twoNecnw = 22917.5
  twoNbecnw = 55100.4
        m2 = 0.0386582
        m5 = 0.38111
        m6 = 0.277239
        Tb = 22421.1
        Te = 82.9465
        Tf = 41.4733
#       SitePat  BranchLen
              b 122355.8005853
              e 45349.7766369
              c 47409.7902100
              n 44641.9430425
              w 44640.1373309
            b:e 1448.7314612
            b:c 1631.3994596
            b:n 1136.9102535
            b:w 1136.8460399
            e:c 12067.4404800
            e:n 4735.3258640
            e:w 4736.0217491
            c:n 4126.8861224
            c:w 4127.6750970
            n:w 12309.5359127
          b:e:c 1381.2492496
          b:e:n 603.6120519
          b:e:w 603.6092125
          b:c:n 603.7706527
          b:c:w 603.7734154
          b:n:w 1370.6231069
          e:c:n 4252.0010883
          e:c:w 4252.3219401
          e:n:w 6223.0377367
          c:n:w 5372.2490620
        b:e:c:n 1138.9307511
        b:e:c:w 1138.9950414
        b:e:n:w 1591.6569250
        b:c:n:w 1416.2276182
        e:c:n:w 48639.4256364
