########################################
# legofit: estimate population history #
#       version 2.3.4-4-g53f8760       #
########################################

# Program was compiled: Sep 21 2021 14:36:42
# Program was run: Wed Sep 22 23:44:45 2021

# cmd: legofit -1 -d 0 -t 32 --ptsPerDim 3 --stateOut b1boot10.state --tol 3e-6 -S 5000 bef2.lgo ../../chrX/boot_chrX/boot10.opf
# Stage nOptItr nSimReps
#     0    5000        0
# algorithm          : deterministic
# ignoring probs <=  : 0
# Branch length floor: 0
# DE strategy        : 2
#    F               : 0.3
#    CR              : 0.8
#    tolerance       : 3e-06
# nthreads           : 32
# lgo input file     : bef2.lgo
# site pat input file: ../../chrX/boot_chrX/boot10.opf
# free parameters    : 14
# points in DE swarm : 42
# output state file  : b1boot10.state
# Including singleton site patterns.
# cost function      : KL
Initial parameter values
Fixed:
      zero = 0
       one = 1
    Tbecnw = 75200
Free:
       pc1 = 0
       pc2 = 0
       pc3 = 0
       pc4 = 0
       pc5 = 0
       pc6 = 0
       pc7 = 0
       pc8 = 0
       pc9 = 0
      pc10 = 0
      pc11 = 0
      pc12 = 0
      pc13 = 0
      pc14 = 0
Constrained:
     Tecnw = 44052.6
       Tnw = 106.758
       Tec = 840.276
     twoNb = 998510
     twoNe = 347152
     twoNc = 170205
     twoNw = 1.33738e+06
    twoNec = 79594.8
    twoNnw = 149402
  twoNecnw = 23071.8
  twoNbecnw = 55100.1
        m2 = 0.0274239
        m5 = 0.370841
        m6 = 0.270448
        Tb = 22446.4
        Te = 53.3789
        Tf = 26.6894
DiffEv reached_goal. cost=2.43447e-03 spread=1.89537e-06
Fitted parameter values
Free:
       pc1 = 3.67858
       pc2 = 1.9764
       pc3 = 0.212223
       pc4 = -1.17477
       pc5 = -1.8932
       pc6 = -0.652067
       pc7 = -1.86078
       pc8 = 1.06442
       pc9 = -0.512417
      pc10 = 0.0923525
      pc11 = 0.353416
      pc12 = 0.109488
      pc13 = -0.330165
      pc14 = -0.304439
Constrained:
     Tecnw = 43874.3
       Tnw = 100.168
       Tec = 1957.15
     twoNb = 2.30504e+06
     twoNe = 1.13607e+06
     twoNc = 84656.7
     twoNw = 1.35141e+06
    twoNec = 71775.4
    twoNnw = 155800
  twoNecnw = 23366.6
  twoNbecnw = 55941.7
        m2 = 0.0325976
        m5 = 0.380397
        m6 = 0.279085
        Tb = 22915.7
        Te = 50.084
        Tf = 25.042
#       SitePat  BranchLen
              b 122939.6519531
              e 45671.3012631
              c 47626.7088327
              n 45249.9550870
              w 45248.4843966
            b:e 1457.7211684
            b:c 1628.8500278
            b:n 1205.6017075
            b:w 1205.5471834
            e:c 12173.2797126
            e:n 4791.1999892
            e:w 4791.7616338
            c:n 4207.2806370
            c:w 4207.9254656
            n:w 12278.6450825
          b:e:c 1431.0596970
          b:e:n 635.6675810
          b:e:w 635.6649446
          b:c:n 635.8014191
          b:c:w 635.8040022
          b:n:w 1422.2561150
          e:c:n 4409.0590296
          e:c:w 4409.3232467
          e:n:w 6140.7509934
          c:n:w 5347.0118881
        b:e:c:n 1207.3525627
        b:e:c:w 1207.4071400
        b:e:n:w 1596.2815691
        b:c:n:w 1430.9668700
        e:c:n:w 48717.8034098
