########################################
# legofit: estimate population history #
#       version 2.3.4-4-g53f8760       #
########################################

# Program was compiled: Sep 21 2021 14:36:42
# Program was run: Wed Sep 22 23:45:06 2021

# cmd: legofit -1 -d 0 -t 32 --ptsPerDim 3 --stateOut b1boot27.state --tol 3e-6 -S 5000 bef2.lgo ../../chrX/boot_chrX/boot27.opf
# Stage nOptItr nSimReps
#     0    5000        0
# algorithm          : deterministic
# ignoring probs <=  : 0
# Branch length floor: 0
# DE strategy        : 2
#    F               : 0.3
#    CR              : 0.8
#    tolerance       : 3e-06
# nthreads           : 32
# lgo input file     : bef2.lgo
# site pat input file: ../../chrX/boot_chrX/boot27.opf
# free parameters    : 14
# points in DE swarm : 42
# output state file  : b1boot27.state
# Including singleton site patterns.
# cost function      : KL
Initial parameter values
Fixed:
      zero = 0
       one = 1
    Tbecnw = 75200
Free:
       pc1 = 0
       pc2 = 0
       pc3 = 0
       pc4 = 0
       pc5 = 0
       pc6 = 0
       pc7 = 0
       pc8 = 0
       pc9 = 0
      pc10 = 0
      pc11 = 0
      pc12 = 0
      pc13 = 0
      pc14 = 0
Constrained:
     Tecnw = 44052.6
       Tnw = 106.758
       Tec = 840.276
     twoNb = 998510
     twoNe = 347152
     twoNc = 170205
     twoNw = 1.33738e+06
    twoNec = 79594.8
    twoNnw = 149402
  twoNecnw = 23071.8
  twoNbecnw = 55100.1
        m2 = 0.0274239
        m5 = 0.370841
        m6 = 0.270448
        Tb = 22446.4
        Te = 53.3789
        Tf = 26.6894
DiffEv reached_goal. cost=2.58261e-03 spread=2.70244e-06
Fitted parameter values
Free:
       pc1 = 3.65603
       pc2 = -1.05487
       pc3 = -1.76142
       pc4 = -0.837773
       pc5 = -1.94947
       pc6 = -1.38036
       pc7 = -1.95621
       pc8 = -1.13021
       pc9 = 1.21258
      pc10 = -1.24039
      pc11 = 0.042843
      pc12 = -0.029931
      pc13 = -0.744936
      pc14 = -0.287559
Constrained:
     Tecnw = 45229.4
       Tnw = 183.7
       Tec = 1133.59
     twoNb = 2.1077e+06
     twoNe = 139458
     twoNc = 87676.1
     twoNw = 1.65424e+06
    twoNec = 73409.4
    twoNnw = 146742
  twoNecnw = 22541.9
  twoNbecnw = 56324.4
        m2 = 0.0384613
        m5 = 0.372078
        m6 = 0.286609
        Tb = 23181.5
        Te = 91.8501
        Tf = 45.925
#       SitePat  BranchLen
              b 123148.6237854
              e 46251.6432374
              c 48042.7913639
              n 45245.4647097
              w 45243.2568495
            b:e 1536.8767985
            b:c 1699.4445578
            b:n 1195.2925271
            b:w 1195.2112110
            e:c 12494.5931657
            e:n 4747.1329941
            e:w 4747.9477853
            c:n 4219.2995698
            c:w 4220.3022260
            n:w 12816.1531777
          b:e:c 1484.7926140
          b:e:n 630.8430672
          b:e:w 630.8371491
          b:c:n 630.9836359
          b:c:w 630.9894522
          b:n:w 1473.1449085
          e:c:n 4264.7546379
          e:c:w 4265.1450507
          e:n:w 6269.2244385
          c:n:w 5526.9487355
        b:e:c:n 1197.5092608
        b:e:c:w 1197.5906788
        b:e:n:w 1658.3932863
        b:c:n:w 1502.1392153
        e:c:n:w 48435.3879835
