########################################
# legofit: estimate population history #
#       version 2.3.4-4-g53f8760       #
########################################

# Program was compiled: Sep 21 2021 14:36:42
# Program was run: Wed Sep 22 23:45:27 2021

# cmd: legofit -1 -d 0 -t 32 --ptsPerDim 3 --stateOut b1boot46.state --tol 3e-6 -S 5000 bef2.lgo ../../chrX/boot_chrX/boot46.opf
# Stage nOptItr nSimReps
#     0    5000        0
# algorithm          : deterministic
# ignoring probs <=  : 0
# Branch length floor: 0
# DE strategy        : 2
#    F               : 0.3
#    CR              : 0.8
#    tolerance       : 3e-06
# nthreads           : 32
# lgo input file     : bef2.lgo
# site pat input file: ../../chrX/boot_chrX/boot46.opf
# free parameters    : 14
# points in DE swarm : 42
# output state file  : b1boot46.state
# Including singleton site patterns.
# cost function      : KL
Initial parameter values
Fixed:
      zero = 0
       one = 1
    Tbecnw = 75200
Free:
       pc1 = 0
       pc2 = 0
       pc3 = 0
       pc4 = 0
       pc5 = 0
       pc6 = 0
       pc7 = 0
       pc8 = 0
       pc9 = 0
      pc10 = 0
      pc11 = 0
      pc12 = 0
      pc13 = 0
      pc14 = 0
Constrained:
     Tecnw = 44052.6
       Tnw = 106.758
       Tec = 840.276
     twoNb = 998510
     twoNe = 347152
     twoNc = 170205
     twoNw = 1.33738e+06
    twoNec = 79594.8
    twoNnw = 149402
  twoNecnw = 23071.8
  twoNbecnw = 55100.1
        m2 = 0.0274239
        m5 = 0.370841
        m6 = 0.270448
        Tb = 22446.4
        Te = 53.3789
        Tf = 26.6894
DiffEv reached_goal. cost=2.49655e-03 spread=2.85335e-06
Fitted parameter values
Free:
       pc1 = 3.42373
       pc2 = 1.94489
       pc3 = -1.63267
       pc4 = 0.599447
       pc5 = -1.70767
       pc6 = -1.16037
       pc7 = -1.66229
       pc8 = 0.159548
       pc9 = 0.555576
      pc10 = 0.461895
      pc11 = 1.073
      pc12 = 0.299478
      pc13 = -0.428451
      pc14 = 0.00840351
Constrained:
     Tecnw = 44090.4
       Tnw = 62.6919
       Tec = 1184.66
     twoNb = 2.33455e+06
     twoNe = 458906
     twoNc = 277716
     twoNw = 2.17927e+06
    twoNec = 74436.2
    twoNnw = 154219
  twoNecnw = 22862
  twoNbecnw = 54602
        m2 = 0.0348005
        m5 = 0.378275
        m6 = 0.281855
        Tb = 22637.5
        Te = 31.346
        Tf = 15.673
#       SitePat  BranchLen
              b 121908.8539161
              e 45642.2845598
              c 47519.7152563
              n 45015.5841770
              w 45015.0150493
            b:e 1425.6245221
            b:c 1587.3688584
            b:n 1145.6762153
            b:w 1145.6560127
            e:c 12017.6945871
            e:n 4718.3890619
            e:w 4718.6047660
            c:n 4157.2016141
            c:w 4157.4545655
            n:w 12201.6638189
          b:e:c 1371.6115513
          b:e:n 607.6529230
          b:e:w 607.6517895
          b:c:n 607.7828530
          b:c:w 607.7839656
          b:n:w 1362.5275261
          e:c:n 4266.4104348
          e:c:w 4266.5109069
          e:n:w 6070.7969076
          c:n:w 5309.6541763
        b:e:c:n 1147.4771422
        b:e:c:w 1147.4973657
        b:e:n:w 1553.3464272
        b:c:n:w 1397.3896677
        e:c:n:w 48062.3477911
