########################################
# legofit: estimate population history #
#       version 2.3.4-4-g53f8760       #
########################################

# Program was compiled: Sep 21 2021 14:36:42
# Program was run: Wed Sep 22 23:45:13 2021

# cmd: legofit -1 -d 0 -t 32 --ptsPerDim 3 --stateOut b1boot31.state --tol 3e-6 -S 5000 bef2.lgo ../../chrX/boot_chrX/boot31.opf
# Stage nOptItr nSimReps
#     0    5000        0
# algorithm          : deterministic
# ignoring probs <=  : 0
# Branch length floor: 0
# DE strategy        : 2
#    F               : 0.3
#    CR              : 0.8
#    tolerance       : 3e-06
# nthreads           : 32
# lgo input file     : bef2.lgo
# site pat input file: ../../chrX/boot_chrX/boot31.opf
# free parameters    : 14
# points in DE swarm : 42
# output state file  : b1boot31.state
# Including singleton site patterns.
# cost function      : KL
Initial parameter values
Fixed:
      zero = 0
       one = 1
    Tbecnw = 75200
Free:
       pc1 = 0
       pc2 = 0
       pc3 = 0
       pc4 = 0
       pc5 = 0
       pc6 = 0
       pc7 = 0
       pc8 = 0
       pc9 = 0
      pc10 = 0
      pc11 = 0
      pc12 = 0
      pc13 = 0
      pc14 = 0
Constrained:
     Tecnw = 44052.6
       Tnw = 106.758
       Tec = 840.276
     twoNb = 998510
     twoNe = 347152
     twoNc = 170205
     twoNw = 1.33738e+06
    twoNec = 79594.8
    twoNnw = 149402
  twoNecnw = 23071.8
  twoNbecnw = 55100.1
        m2 = 0.0274239
        m5 = 0.370841
        m6 = 0.270448
        Tb = 22446.4
        Te = 53.3789
        Tf = 26.6894
DiffEv reached_goal. cost=2.57933e-03 spread=2.12181e-06
Fitted parameter values
Free:
       pc1 = 3.85977
       pc2 = 1.99538
       pc3 = -1.35124
       pc4 = -0.607501
       pc5 = -1.84496
       pc6 = -0.768404
       pc7 = -1.68229
       pc8 = 0.822626
       pc9 = -0.0245773
      pc10 = 1.1386
      pc11 = 0.810758
      pc12 = 0.112284
      pc13 = -0.111601
      pc14 = -0.167241
Constrained:
     Tecnw = 43955
       Tnw = 109.825
       Tec = 1295.99
     twoNb = 2.44468e+06
     twoNe = 745168
     twoNc = 148230
     twoNw = 2.04952e+06
    twoNec = 74216.2
    twoNnw = 156431
  twoNecnw = 22960.6
  twoNbecnw = 55418.9
        m2 = 0.032789
        m5 = 0.387117
        m6 = 0.27967
        Tb = 22625.5
        Te = 54.9124
        Tf = 27.4562
#       SitePat  BranchLen
              b 122637.6782615
              e 45565.4819176
              c 47623.6866650
              n 45118.9007971
              w 45117.8308295
            b:e 1422.5882240
            b:c 1600.0130445
            b:n 1167.8713788
            b:w 1167.8327182
            e:c 11947.5239540
            e:n 4786.9926622
            e:w 4787.4069640
            c:n 4170.5528479
            c:w 4171.0179081
            n:w 12095.1572601
          b:e:c 1379.1722058
          b:e:n 620.9833475
          b:e:w 620.9817767
          b:c:n 621.1159488
          b:c:w 621.1174837
          b:n:w 1371.0135381
          e:c:n 4328.2155850
          e:c:w 4328.4061908
          e:n:w 6110.6901514
          c:n:w 5279.1827137
        b:e:c:n 1169.4972927
        b:e:c:w 1169.5359890
        b:e:n:w 1568.8643057
        b:c:n:w 1397.3027373
        e:c:n:w 48729.2276859
