########################################
# legofit: estimate population history #
#       version 2.3.4-4-g53f8760       #
########################################

# Program was compiled: Sep 21 2021 14:36:42
# Program was run: Wed Sep 22 23:45:06 2021

# cmd: legofit -1 -d 0 -t 32 --ptsPerDim 3 --stateOut b1boot30.state --tol 3e-6 -S 5000 bef2.lgo ../../chrX/boot_chrX/boot30.opf
# Stage nOptItr nSimReps
#     0    5000        0
# algorithm          : deterministic
# ignoring probs <=  : 0
# Branch length floor: 0
# DE strategy        : 2
#    F               : 0.3
#    CR              : 0.8
#    tolerance       : 3e-06
# nthreads           : 32
# lgo input file     : bef2.lgo
# site pat input file: ../../chrX/boot_chrX/boot30.opf
# free parameters    : 14
# points in DE swarm : 42
# output state file  : b1boot30.state
# Including singleton site patterns.
# cost function      : KL
Initial parameter values
Fixed:
      zero = 0
       one = 1
    Tbecnw = 75200
Free:
       pc1 = 0
       pc2 = 0
       pc3 = 0
       pc4 = 0
       pc5 = 0
       pc6 = 0
       pc7 = 0
       pc8 = 0
       pc9 = 0
      pc10 = 0
      pc11 = 0
      pc12 = 0
      pc13 = 0
      pc14 = 0
Constrained:
     Tecnw = 44052.6
       Tnw = 106.758
       Tec = 840.276
     twoNb = 998510
     twoNe = 347152
     twoNc = 170205
     twoNw = 1.33738e+06
    twoNec = 79594.8
    twoNnw = 149402
  twoNecnw = 23071.8
  twoNbecnw = 55100.1
        m2 = 0.0274239
        m5 = 0.370841
        m6 = 0.270448
        Tb = 22446.4
        Te = 53.3789
        Tf = 26.6894
DiffEv reached_goal. cost=2.63274e-03 spread=2.74473e-06
Fitted parameter values
Free:
       pc1 = 1.85321
       pc2 = 1.95225
       pc3 = -0.313151
       pc4 = 0.586854
       pc5 = -1.91098
       pc6 = -1.91535
       pc7 = -1.95482
       pc8 = 0.0154806
       pc9 = 0.786465
      pc10 = 1.06783
      pc11 = 0.433821
      pc12 = 0.720131
      pc13 = 0.309833
      pc14 = -0.249918
Constrained:
     Tecnw = 43418.3
       Tnw = 4.94214
       Tec = 1129.32
     twoNb = 2.35308e+06
     twoNe = 701390
     twoNc = 227738
     twoNw = 1.8397e+06
    twoNec = 75591
    twoNnw = 150559
  twoNecnw = 22801.3
  twoNbecnw = 54550.7
        m2 = 0.0325195
        m5 = 0.371073
        m6 = 0.268913
        Tb = 22273.8
        Te = 2.47107
        Tf = 1.23554
#       SitePat  BranchLen
              b 122120.4636442
              e 45045.4295182
              c 47021.9872707
              n 44408.2763942
              w 44408.2256918
            b:e 1374.3558061
            b:c 1539.7590374
            b:n 1105.8023868
            b:w 1105.8006289
            e:c 11953.5911040
            e:n 4644.2769603
            e:w 4644.2966017
            c:n 4054.3359057
            c:w 4054.3580343
            n:w 12203.1043592
          b:e:c 1334.6617130
          b:e:n 584.0513108
          b:e:w 584.0512366
          b:c:n 584.1761661
          b:c:w 584.1762385
          b:n:w 1326.1637210
          e:c:n 4225.3382567
          e:c:w 4225.3471890
          e:n:w 6042.5164921
          c:n:w 5239.8449522
        b:e:c:n 1107.4637515
        b:e:c:w 1107.4655111
        b:e:n:w 1507.1544736
        b:c:n:w 1347.4947947
        e:c:n:w 48933.0404955
