########################################
# legofit: estimate population history #
#       version 2.3.4-4-g53f8760       #
########################################

# Program was compiled: Sep 21 2021 14:36:42
# Program was run: Wed Sep 22 23:44:24 2021

# cmd: legofit -1 -d 0 -t 32 --ptsPerDim 3 --stateOut b1boot0.state --tol 3e-6 -S 5000 bef2.lgo ../../chrX/boot_chrX/boot0.opf
# Stage nOptItr nSimReps
#     0    5000        0
# algorithm          : deterministic
# ignoring probs <=  : 0
# Branch length floor: 0
# DE strategy        : 2
#    F               : 0.3
#    CR              : 0.8
#    tolerance       : 3e-06
# nthreads           : 32
# lgo input file     : bef2.lgo
# site pat input file: ../../chrX/boot_chrX/boot0.opf
# free parameters    : 14
# points in DE swarm : 42
# output state file  : b1boot0.state
# Including singleton site patterns.
# cost function      : KL
Initial parameter values
Fixed:
      zero = 0
       one = 1
    Tbecnw = 75200
Free:
       pc1 = 0
       pc2 = 0
       pc3 = 0
       pc4 = 0
       pc5 = 0
       pc6 = 0
       pc7 = 0
       pc8 = 0
       pc9 = 0
      pc10 = 0
      pc11 = 0
      pc12 = 0
      pc13 = 0
      pc14 = 0
Constrained:
     Tecnw = 44052.6
       Tnw = 106.758
       Tec = 840.276
     twoNb = 998510
     twoNe = 347152
     twoNc = 170205
     twoNw = 1.33738e+06
    twoNec = 79594.8
    twoNnw = 149402
  twoNecnw = 23071.8
  twoNbecnw = 55100.1
        m2 = 0.0274239
        m5 = 0.370841
        m6 = 0.270448
        Tb = 22446.4
        Te = 53.3789
        Tf = 26.6894
DiffEv reached_goal. cost=2.52221e-03 spread=2.80406e-06
Fitted parameter values
Free:
       pc1 = 3.24355
       pc2 = 1.63938
       pc3 = -1.76662
       pc4 = 0.443755
       pc5 = -1.98641
       pc6 = -1.56698
       pc7 = -1.93072
       pc8 = -0.400383
       pc9 = 1.36153
      pc10 = -0.282325
      pc11 = -0.333596
      pc12 = 0.0896733
      pc13 = -0.443455
      pc14 = 0.185657
Constrained:
     Tecnw = 44156.4
       Tnw = 87.3361
       Tec = 1258.18
     twoNb = 2.25809e+06
     twoNe = 186139
     twoNc = 239424
     twoNw = 2.0375e+06
    twoNec = 74438.7
    twoNnw = 150943
  twoNecnw = 22867.3
  twoNbecnw = 54987.4
        m2 = 0.0401743
        m5 = 0.375793
        m6 = 0.276662
        Tb = 22707.3
        Te = 43.6681
        Tf = 21.834
#       SitePat  BranchLen
              b 122125.5763414
              e 45778.1926248
              c 47767.5495959
              n 44928.1689600
              w 44927.3336709
            b:e 1478.9254582
            b:c 1657.1127497
            b:n 1149.5163729
            b:w 1149.4865473
            e:c 12113.1635582
            e:n 4725.6564341
            e:w 4725.9760569
            c:n 4137.8809419
            c:w 4138.2493600
            n:w 12425.6144229
          b:e:c 1403.9930514
          b:e:n 610.2386599
          b:e:w 610.2371621
          b:c:n 610.3983253
          b:c:w 610.3997861
          b:n:w 1392.9469909
          e:c:n 4241.5892559
          e:c:w 4241.7365041
          e:n:w 6235.5704301
          c:n:w 5414.2724820
        b:e:c:n 1151.6770630
        b:e:c:w 1151.7069256
        b:e:n:w 1616.1992602
        b:c:n:w 1445.1328453
        e:c:n:w 48078.6850949
