########################################
# legofit: estimate population history #
#       version 2.3.4-4-g53f8760       #
########################################

# Program was compiled: Sep 21 2021 14:36:42
# Program was run: Wed Sep 22 23:45:20 2021

# cmd: legofit -1 -d 0 -t 32 --ptsPerDim 3 --stateOut b1boot40.state --tol 3e-6 -S 5000 bef2.lgo ../../chrX/boot_chrX/boot40.opf
# Stage nOptItr nSimReps
#     0    5000        0
# algorithm          : deterministic
# ignoring probs <=  : 0
# Branch length floor: 0
# DE strategy        : 2
#    F               : 0.3
#    CR              : 0.8
#    tolerance       : 3e-06
# nthreads           : 32
# lgo input file     : bef2.lgo
# site pat input file: ../../chrX/boot_chrX/boot40.opf
# free parameters    : 14
# points in DE swarm : 42
# output state file  : b1boot40.state
# Including singleton site patterns.
# cost function      : KL
Initial parameter values
Fixed:
      zero = 0
       one = 1
    Tbecnw = 75200
Free:
       pc1 = 0
       pc2 = 0
       pc3 = 0
       pc4 = 0
       pc5 = 0
       pc6 = 0
       pc7 = 0
       pc8 = 0
       pc9 = 0
      pc10 = 0
      pc11 = 0
      pc12 = 0
      pc13 = 0
      pc14 = 0
Constrained:
     Tecnw = 44052.6
       Tnw = 106.758
       Tec = 840.276
     twoNb = 998510
     twoNe = 347152
     twoNc = 170205
     twoNw = 1.33738e+06
    twoNec = 79594.8
    twoNnw = 149402
  twoNecnw = 23071.8
  twoNbecnw = 55100.1
        m2 = 0.0274239
        m5 = 0.370841
        m6 = 0.270448
        Tb = 22446.4
        Te = 53.3789
        Tf = 26.6894
DiffEv reached_goal. cost=2.39157e-03 spread=2.92290e-06
Fitted parameter values
Free:
       pc1 = 2.54012
       pc2 = 1.91071
       pc3 = -1.55411
       pc4 = -0.0152631
       pc5 = -1.95981
       pc6 = -1.78686
       pc7 = -1.91095
       pc8 = -0.440842
       pc9 = 1.44242
      pc10 = -0.539684
      pc11 = 0.557817
      pc12 = 0.812955
      pc13 = 0.137446
      pc14 = 0.0373889
Constrained:
     Tecnw = 43606.5
       Tnw = 86.6773
       Tec = 1007.61
     twoNb = 2.32336e+06
     twoNe = 351466
     twoNc = 189219
     twoNw = 2.05297e+06
    twoNec = 76762.1
    twoNnw = 149751
  twoNecnw = 22917.5
  twoNbecnw = 54879
        m2 = 0.0378438
        m5 = 0.367868
        m6 = 0.281246
        Tb = 22307.1
        Te = 43.3387
        Tf = 21.6693
#       SitePat  BranchLen
              b 122208.3953730
              e 45587.0103290
              c 47300.1597115
              n 44519.9714434
              w 44519.1569848
            b:e 1455.7709413
            b:c 1605.8382129
            b:n 1122.9012299
            b:w 1122.8725184
            e:c 11895.6375959
            e:n 4663.9963838
            e:w 4664.2986615
            c:n 4157.4343157
            c:w 4157.8022370
            n:w 12295.3750121
          b:e:c 1362.5585602
          b:e:n 599.2544839
          b:e:w 599.2525032
          b:c:n 599.3796660
          b:c:w 599.3816138
          b:n:w 1352.5875070
          e:c:n 4224.8367447
          e:c:w 4224.9810042
          e:n:w 6149.0899337
          c:n:w 5442.9910253
        b:e:c:n 1124.8553786
        b:e:c:w 1124.8841230
        b:e:n:w 1568.0670647
        b:c:n:w 1423.7535189
        e:c:n:w 48625.2589873
