########################################
# legofit: estimate population history #
#       version 2.3.4-4-g53f8760       #
########################################

# Program was compiled: Sep 21 2021 14:36:42
# Program was run: Wed Sep 22 23:44:59 2021

# cmd: legofit -1 -d 0 -t 32 --ptsPerDim 3 --stateOut b1boot24.state --tol 3e-6 -S 5000 bef2.lgo ../../chrX/boot_chrX/boot24.opf
# Stage nOptItr nSimReps
#     0    5000        0
# algorithm          : deterministic
# ignoring probs <=  : 0
# Branch length floor: 0
# DE strategy        : 2
#    F               : 0.3
#    CR              : 0.8
#    tolerance       : 3e-06
# nthreads           : 32
# lgo input file     : bef2.lgo
# site pat input file: ../../chrX/boot_chrX/boot24.opf
# free parameters    : 14
# points in DE swarm : 42
# output state file  : b1boot24.state
# Including singleton site patterns.
# cost function      : KL
Initial parameter values
Fixed:
      zero = 0
       one = 1
    Tbecnw = 75200
Free:
       pc1 = 0
       pc2 = 0
       pc3 = 0
       pc4 = 0
       pc5 = 0
       pc6 = 0
       pc7 = 0
       pc8 = 0
       pc9 = 0
      pc10 = 0
      pc11 = 0
      pc12 = 0
      pc13 = 0
      pc14 = 0
Constrained:
     Tecnw = 44052.6
       Tnw = 106.758
       Tec = 840.276
     twoNb = 998510
     twoNe = 347152
     twoNc = 170205
     twoNw = 1.33738e+06
    twoNec = 79594.8
    twoNnw = 149402
  twoNecnw = 23071.8
  twoNbecnw = 55100.1
        m2 = 0.0274239
        m5 = 0.370841
        m6 = 0.270448
        Tb = 22446.4
        Te = 53.3789
        Tf = 26.6894
DiffEv reached_goal. cost=2.67458e-03 spread=2.67986e-06
Fitted parameter values
Free:
       pc1 = 3.81757
       pc2 = 1.86391
       pc3 = -1.09212
       pc4 = -0.670682
       pc5 = -1.96557
       pc6 = -0.591002
       pc7 = -1.84574
       pc8 = 0.744255
       pc9 = 1.17668
      pc10 = 0.848453
      pc11 = 0.174561
      pc12 = 0.00357563
      pc13 = -0.365245
      pc14 = -0.117462
Constrained:
     Tecnw = 44050.3
       Tnw = 91.859
       Tec = 1151.28
     twoNb = 2.41552e+06
     twoNe = 380057
     twoNc = 29222.6
     twoNw = 1.75829e+06
    twoNec = 73972.4
    twoNnw = 155477
  twoNecnw = 22969.1
  twoNbecnw = 55177.9
        m2 = 0.0360401
        m5 = 0.385619
        m6 = 0.276925
        Tb = 22600.8
        Te = 45.9295
        Tf = 22.9647
#       SitePat  BranchLen
              b 122343.5296855
              e 45614.8939997
              c 47727.8057723
              n 45140.6728942
              w 45139.6365389
            b:e 1442.5597874
            b:c 1628.0796430
            b:n 1166.0280136
            b:w 1165.9906663
            e:c 12058.6096352
            e:n 4780.3986320
            e:w 4780.8021849
            c:n 4150.5110205
            c:w 4150.9600349
            n:w 12199.8236942
          b:e:c 1391.9521583
          b:e:n 618.8780030
          b:e:w 618.8765951
          b:c:n 619.0273079
          b:c:w 619.0286772
          b:n:w 1382.7697685
          e:c:n 4306.3586295
          e:c:w 4306.5424174
          e:n:w 6168.8120114
          c:n:w 5308.7468676
        b:e:c:n 1167.8449011
        b:e:c:w 1167.8822872
        b:e:n:w 1593.4776085
        b:c:n:w 1414.5394986
        e:c:n:w 48322.5757505
