########################################
# legofit: estimate population history #
#       version 2.3.4-4-g53f8760       #
########################################

# Program was compiled: Sep 21 2021 14:36:42
# Program was run: Wed Sep 22 23:45:13 2021

# cmd: legofit -1 -d 0 -t 32 --ptsPerDim 3 --stateOut b1boot33.state --tol 3e-6 -S 5000 bef2.lgo ../../chrX/boot_chrX/boot33.opf
# Stage nOptItr nSimReps
#     0    5000        0
# algorithm          : deterministic
# ignoring probs <=  : 0
# Branch length floor: 0
# DE strategy        : 2
#    F               : 0.3
#    CR              : 0.8
#    tolerance       : 3e-06
# nthreads           : 32
# lgo input file     : bef2.lgo
# site pat input file: ../../chrX/boot_chrX/boot33.opf
# free parameters    : 14
# points in DE swarm : 42
# output state file  : b1boot33.state
# Including singleton site patterns.
# cost function      : KL
Initial parameter values
Fixed:
      zero = 0
       one = 1
    Tbecnw = 75200
Free:
       pc1 = 0
       pc2 = 0
       pc3 = 0
       pc4 = 0
       pc5 = 0
       pc6 = 0
       pc7 = 0
       pc8 = 0
       pc9 = 0
      pc10 = 0
      pc11 = 0
      pc12 = 0
      pc13 = 0
      pc14 = 0
Constrained:
     Tecnw = 44052.6
       Tnw = 106.758
       Tec = 840.276
     twoNb = 998510
     twoNe = 347152
     twoNc = 170205
     twoNw = 1.33738e+06
    twoNec = 79594.8
    twoNnw = 149402
  twoNecnw = 23071.8
  twoNbecnw = 55100.1
        m2 = 0.0274239
        m5 = 0.370841
        m6 = 0.270448
        Tb = 22446.4
        Te = 53.3789
        Tf = 26.6894
DiffEv reached_goal. cost=2.57125e-03 spread=2.68869e-06
Fitted parameter values
Free:
       pc1 = 1.15847
       pc2 = 0.646927
       pc3 = -1.28181
       pc4 = -1.05419
       pc5 = -1.93374
       pc6 = -1.95236
       pc7 = -1.85357
       pc8 = -0.906055
       pc9 = 0.0824978
      pc10 = -0.112107
      pc11 = -1.1683
      pc12 = 1.45802
      pc13 = -0.674169
      pc14 = -0.195398
Constrained:
     Tecnw = 43786.8
       Tnw = 243.019
       Tec = 1075.37
     twoNb = 1.98277e+06
     twoNe = 596996
     twoNc = 213727
     twoNw = 1.68855e+06
    twoNec = 76987.2
    twoNnw = 149023
  twoNecnw = 22598.1
  twoNbecnw = 56418.8
        m2 = 0.0357722
        m5 = 0.356885
        m6 = 0.266716
        Tb = 22431.1
        Te = 121.51
        Tf = 60.7548
#       SitePat  BranchLen
              b 123622.7065895
              e 45577.3157543
              c 47359.4195655
              n 44747.5617740
              w 44744.8984549
            b:e 1466.9808193
            b:c 1624.8203737
            b:n 1145.2274202
            b:w 1145.1322416
            e:c 12191.4603492
            e:n 4594.0849621
            e:w 4595.0925521
            c:n 4067.3921504
            c:w 4068.5792338
            n:w 12452.6308637
          b:e:c 1407.2970373
          b:e:n 602.1369807
          b:e:w 602.1314862
          b:c:n 602.2796676
          b:c:w 602.2850394
          b:n:w 1395.7341433
          e:c:n 4257.2271018
          e:c:w 4257.6957476
          e:n:w 6140.0014891
          c:n:w 5404.0794837
        b:e:c:n 1147.3931848
        b:e:c:w 1147.4884861
        b:e:n:w 1581.6681996
        b:c:n:w 1430.5567293
        e:c:n:w 49955.8642482
