########################################
# legofit: estimate population history #
#       version 2.3.4-4-g53f8760       #
########################################

# Program was compiled: Sep 21 2021 14:36:42
# Program was run: Wed Sep 22 23:44:38 2021

# cmd: legofit -1 -d 0 -t 32 --ptsPerDim 3 --stateOut b1boot7.state --tol 3e-6 -S 5000 bef2.lgo ../../chrX/boot_chrX/boot7.opf
# Stage nOptItr nSimReps
#     0    5000        0
# algorithm          : deterministic
# ignoring probs <=  : 0
# Branch length floor: 0
# DE strategy        : 2
#    F               : 0.3
#    CR              : 0.8
#    tolerance       : 3e-06
# nthreads           : 32
# lgo input file     : bef2.lgo
# site pat input file: ../../chrX/boot_chrX/boot7.opf
# free parameters    : 14
# points in DE swarm : 42
# output state file  : b1boot7.state
# Including singleton site patterns.
# cost function      : KL
Initial parameter values
Fixed:
      zero = 0
       one = 1
    Tbecnw = 75200
Free:
       pc1 = 0
       pc2 = 0
       pc3 = 0
       pc4 = 0
       pc5 = 0
       pc6 = 0
       pc7 = 0
       pc8 = 0
       pc9 = 0
      pc10 = 0
      pc11 = 0
      pc12 = 0
      pc13 = 0
      pc14 = 0
Constrained:
     Tecnw = 44052.6
       Tnw = 106.758
       Tec = 840.276
     twoNb = 998510
     twoNe = 347152
     twoNc = 170205
     twoNw = 1.33738e+06
    twoNec = 79594.8
    twoNnw = 149402
  twoNecnw = 23071.8
  twoNbecnw = 55100.1
        m2 = 0.0274239
        m5 = 0.370841
        m6 = 0.270448
        Tb = 22446.4
        Te = 53.3789
        Tf = 26.6894
DiffEv reached_goal. cost=2.68624e-03 spread=2.88633e-06
Fitted parameter values
Free:
       pc1 = 3.84373
       pc2 = 1.84551
       pc3 = -1.0739
       pc4 = 0.407794
       pc5 = -1.92626
       pc6 = -0.991427
       pc7 = -1.83573
       pc8 = 0.856507
       pc9 = 0.40738
      pc10 = 0.061037
      pc11 = 1.26969
      pc12 = 0.00737657
      pc13 = -0.512806
      pc14 = -0.389593
Constrained:
     Tecnw = 44230.4
       Tnw = 15.6908
       Tec = 1321.12
     twoNb = 2.42331e+06
     twoNe = 477241
     twoNc = 224426
     twoNw = 1.93753e+06
    twoNec = 71913.7
    twoNnw = 154959
  twoNecnw = 23140.9
  twoNbecnw = 54976.1
        m2 = 0.033905
        m5 = 0.379149
        m6 = 0.284506
        Tb = 22775.8
        Te = 7.84538
        Tf = 3.92269
#       SitePat  BranchLen
              b 122098.2725252
              e 45677.4295240
              c 47529.1502485
              n 45242.8364400
              w 45242.6742753
            b:e 1444.3095235
            b:c 1604.8118370
            b:n 1183.0320778
            b:w 1183.0261849
            e:c 12281.8804261
            e:n 4755.5394374
            e:w 4755.6004573
            c:n 4201.8030608
            c:w 4201.8753676
            n:w 12319.3456473
          b:e:c 1415.2690158
          b:e:n 622.7281854
          b:e:w 622.7278343
          b:c:n 622.8519084
          b:c:w 622.8522538
          b:n:w 1406.5606009
          e:c:n 4342.1625580
          e:c:w 4342.1913960
          e:n:w 6079.5749111
          c:n:w 5329.7337230
        b:e:c:n 1184.7780510
        b:e:c:w 1184.7839495
        b:e:n:w 1573.1971945
        b:c:n:w 1418.0286682
        e:c:n:w 47905.0573463
