########################################
# legofit: estimate population history #
#       version 2.3.4-4-g53f8760       #
########################################

# Program was compiled: Sep 21 2021 14:36:42
# Program was run: Wed Sep 22 23:44:59 2021

# cmd: legofit -1 -d 0 -t 32 --ptsPerDim 3 --stateOut b1boot22.state --tol 3e-6 -S 5000 bef2.lgo ../../chrX/boot_chrX/boot22.opf
# Stage nOptItr nSimReps
#     0    5000        0
# algorithm          : deterministic
# ignoring probs <=  : 0
# Branch length floor: 0
# DE strategy        : 2
#    F               : 0.3
#    CR              : 0.8
#    tolerance       : 3e-06
# nthreads           : 32
# lgo input file     : bef2.lgo
# site pat input file: ../../chrX/boot_chrX/boot22.opf
# free parameters    : 14
# points in DE swarm : 42
# output state file  : b1boot22.state
# Including singleton site patterns.
# cost function      : KL
Initial parameter values
Fixed:
      zero = 0
       one = 1
    Tbecnw = 75200
Free:
       pc1 = 0
       pc2 = 0
       pc3 = 0
       pc4 = 0
       pc5 = 0
       pc6 = 0
       pc7 = 0
       pc8 = 0
       pc9 = 0
      pc10 = 0
      pc11 = 0
      pc12 = 0
      pc13 = 0
      pc14 = 0
Constrained:
     Tecnw = 44052.6
       Tnw = 106.758
       Tec = 840.276
     twoNb = 998510
     twoNe = 347152
     twoNc = 170205
     twoNw = 1.33738e+06
    twoNec = 79594.8
    twoNnw = 149402
  twoNecnw = 23071.8
  twoNbecnw = 55100.1
        m2 = 0.0274239
        m5 = 0.370841
        m6 = 0.270448
        Tb = 22446.4
        Te = 53.3789
        Tf = 26.6894
DiffEv reached_goal. cost=2.51357e-03 spread=2.45674e-06
Fitted parameter values
Free:
       pc1 = 2.61514
       pc2 = 1.97926
       pc3 = -1.01434
       pc4 = 1.03345
       pc5 = -1.89678
       pc6 = -1.92609
       pc7 = -1.98046
       pc8 = -0.666536
       pc9 = 1.1957
      pc10 = -0.133926
      pc11 = 0.293801
      pc12 = -0.177966
      pc13 = -0.141195
      pc14 = 0.0151794
Constrained:
     Tecnw = 43997.1
       Tnw = 24.7907
       Tec = 1177.35
     twoNb = 2.26946e+06
     twoNe = 566313
     twoNc = 302259
     twoNw = 2.00481e+06
    twoNec = 74137
    twoNnw = 149122
  twoNecnw = 23003.7
  twoNbecnw = 54281.2
        m2 = 0.0377742
        m5 = 0.373509
        m6 = 0.27514
        Tb = 22587.2
        Te = 12.3953
        Tf = 6.19767
#       SitePat  BranchLen
              b 121563.4730219
              e 45519.8419581
              c 47494.4191991
              n 44713.9056069
              w 44713.6669625
            b:e 1443.4747834
            b:c 1615.6497313
            b:n 1134.2276390
            b:w 1134.2192091
            e:c 12162.5429075
            e:n 4703.6772762
            e:w 4703.7685624
            c:n 4118.6693674
            c:w 4118.7746573
            n:w 12461.1593324
          b:e:c 1388.2543810
          b:e:n 599.8750434
          b:e:w 599.8746179
          b:c:n 600.0223788
          b:c:w 600.0227944
          b:n:w 1377.9393513
          e:c:n 4228.3826070
          e:c:w 4228.4246754
          e:n:w 6176.0494220
          c:n:w 5364.6030835
        b:e:c:n 1136.2490085
        b:e:c:w 1136.2574482
        b:e:n:w 1577.5121231
        b:c:n:w 1411.9125747
        e:c:n:w 47714.7792919
