########################################
# legofit: estimate population history #
#       version 2.3.4-4-g53f8760       #
########################################

# Program was compiled: Sep 21 2021 14:36:42
# Program was run: Wed Sep 22 23:45:21 2021

# cmd: legofit -1 -d 0 -t 32 --ptsPerDim 3 --stateOut b1boot41.state --tol 3e-6 -S 5000 bef2.lgo ../../chrX/boot_chrX/boot41.opf
# Stage nOptItr nSimReps
#     0    5000        0
# algorithm          : deterministic
# ignoring probs <=  : 0
# Branch length floor: 0
# DE strategy        : 2
#    F               : 0.3
#    CR              : 0.8
#    tolerance       : 3e-06
# nthreads           : 32
# lgo input file     : bef2.lgo
# site pat input file: ../../chrX/boot_chrX/boot41.opf
# free parameters    : 14
# points in DE swarm : 42
# output state file  : b1boot41.state
# Including singleton site patterns.
# cost function      : KL
Initial parameter values
Fixed:
      zero = 0
       one = 1
    Tbecnw = 75200
Free:
       pc1 = 0
       pc2 = 0
       pc3 = 0
       pc4 = 0
       pc5 = 0
       pc6 = 0
       pc7 = 0
       pc8 = 0
       pc9 = 0
      pc10 = 0
      pc11 = 0
      pc12 = 0
      pc13 = 0
      pc14 = 0
Constrained:
     Tecnw = 44052.6
       Tnw = 106.758
       Tec = 840.276
     twoNb = 998510
     twoNe = 347152
     twoNc = 170205
     twoNw = 1.33738e+06
    twoNec = 79594.8
    twoNnw = 149402
  twoNecnw = 23071.8
  twoNbecnw = 55100.1
        m2 = 0.0274239
        m5 = 0.370841
        m6 = 0.270448
        Tb = 22446.4
        Te = 53.3789
        Tf = 26.6894
DiffEv reached_goal. cost=2.50074e-03 spread=2.73256e-06
Fitted parameter values
Free:
       pc1 = 3.60431
       pc2 = 0.0212329
       pc3 = -1.91097
       pc4 = -1.06359
       pc5 = -1.98912
       pc6 = -1.6849
       pc7 = -1.94031
       pc8 = -0.559483
       pc9 = 0.965318
      pc10 = 0.428075
      pc11 = -0.655326
      pc12 = 0.474379
      pc13 = -0.130747
      pc14 = 0.178937
Constrained:
     Tecnw = 44430.2
       Tnw = 195.419
       Tec = 1495.6
     twoNb = 2.30645e+06
     twoNe = 254031
     twoNc = 71822.7
     twoNw = 1.975e+06
    twoNec = 75669.9
    twoNnw = 149689
  twoNecnw = 22356.6
  twoNbecnw = 56296.1
        m2 = 0.037656
        m5 = 0.379689
        m6 = 0.275975
        Tb = 22962.9
        Te = 97.7097
        Tf = 48.8548
#       SitePat  BranchLen
              b 123434.5613592
              e 45860.7708405
              c 47946.7179561
              n 44890.8146352
              w 44888.8837992
            b:e 1474.4505609
            b:c 1660.3835070
            b:n 1148.9615415
            b:w 1148.8923580
            e:c 11943.6055158
            e:n 4741.8252150
            e:w 4742.5711378
            c:n 4125.3264975
            c:w 4126.1709685
            n:w 12396.7668903
          b:e:c 1400.6275674
          b:e:n 613.0314726
          b:e:w 613.0284446
          b:c:n 613.1826751
          b:c:w 613.1856249
          b:n:w 1390.5641032
          e:c:n 4223.1862673
          e:c:w 4223.5267095
          e:n:w 6260.9922011
          c:n:w 5400.7275302
        b:e:c:n 1150.8909392
        b:e:c:w 1150.9602008
        b:e:n:w 1622.2219912
        b:c:n:w 1443.1971044
        e:c:n:w 49456.4503861
