########################################
# legofit: estimate population history #
#       version 2.3.4-4-g53f8760       #
########################################

# Program was compiled: Sep 21 2021 14:36:42
# Program was run: Wed Sep 22 23:45:06 2021

# cmd: legofit -1 -d 0 -t 32 --ptsPerDim 3 --stateOut b1boot29.state --tol 3e-6 -S 5000 bef2.lgo ../../chrX/boot_chrX/boot29.opf
# Stage nOptItr nSimReps
#     0    5000        0
# algorithm          : deterministic
# ignoring probs <=  : 0
# Branch length floor: 0
# DE strategy        : 2
#    F               : 0.3
#    CR              : 0.8
#    tolerance       : 3e-06
# nthreads           : 32
# lgo input file     : bef2.lgo
# site pat input file: ../../chrX/boot_chrX/boot29.opf
# free parameters    : 14
# points in DE swarm : 42
# output state file  : b1boot29.state
# Including singleton site patterns.
# cost function      : KL
Initial parameter values
Fixed:
      zero = 0
       one = 1
    Tbecnw = 75200
Free:
       pc1 = 0
       pc2 = 0
       pc3 = 0
       pc4 = 0
       pc5 = 0
       pc6 = 0
       pc7 = 0
       pc8 = 0
       pc9 = 0
      pc10 = 0
      pc11 = 0
      pc12 = 0
      pc13 = 0
      pc14 = 0
Constrained:
     Tecnw = 44052.6
       Tnw = 106.758
       Tec = 840.276
     twoNb = 998510
     twoNe = 347152
     twoNc = 170205
     twoNw = 1.33738e+06
    twoNec = 79594.8
    twoNnw = 149402
  twoNecnw = 23071.8
  twoNbecnw = 55100.1
        m2 = 0.0274239
        m5 = 0.370841
        m6 = 0.270448
        Tb = 22446.4
        Te = 53.3789
        Tf = 26.6894
DiffEv reached_goal. cost=2.61054e-03 spread=2.48403e-06
Fitted parameter values
Free:
       pc1 = 3.96539
       pc2 = 1.95935
       pc3 = -1.95148
       pc4 = 0.672303
       pc5 = -1.66952
       pc6 = -0.956532
       pc7 = -1.86401
       pc8 = 0.211635
       pc9 = 1.07188
      pc10 = 1.31324
      pc11 = 0.410746
      pc12 = 0.822331
      pc13 = -0.522681
      pc14 = -0.158375
Constrained:
     Tecnw = 43933.4
       Tnw = 83.241
       Tec = 1086.83
     twoNb = 2.45431e+06
     twoNe = 92011.3
     twoNc = 239000
     twoNw = 2.14245e+06
    twoNec = 73052.6
    twoNnw = 155880
  twoNecnw = 22457
  twoNbecnw = 54554.9
        m2 = 0.0361543
        m5 = 0.382839
        m6 = 0.278012
        Tb = 22510.1
        Te = 41.6205
        Tf = 20.8103
#       SitePat  BranchLen
              b 122059.5246779
              e 45284.0850269
              c 47294.2634106
              n 44889.6745766
              w 44888.9101405
            b:e 1388.2298732
            b:c 1561.0974661
            b:n 1115.1651383
            b:w 1115.1386513
            e:c 11977.9785881
            e:n 4677.8124001
            e:w 4678.1084793
            c:n 4076.7076341
            c:w 4077.0421764
            n:w 12020.7151663
          b:e:c 1335.0120842
          b:e:n 589.3975741
          b:e:w 589.3964282
          b:c:n 589.5337274
          b:c:w 589.5348462
          b:n:w 1325.9794773
          e:c:n 4221.5390564
          e:c:w 4221.6728710
          e:n:w 6027.6592209
          c:n:w 5213.1321987
        b:e:c:n 1116.8924555
        b:e:c:w 1116.9189696
        b:e:n:w 1527.1168587
        b:c:n:w 1360.4944019
        e:c:n:w 48627.6127436
