########################################
# legofit: estimate population history #
#       version 2.3.4-4-g53f8760       #
########################################

# Program was compiled: Sep 21 2021 14:36:42
# Program was run: Wed Sep 22 23:44:59 2021

# cmd: legofit -1 -d 0 -t 32 --ptsPerDim 3 --stateOut b1boot20.state --tol 3e-6 -S 5000 bef2.lgo ../../chrX/boot_chrX/boot20.opf
# Stage nOptItr nSimReps
#     0    5000        0
# algorithm          : deterministic
# ignoring probs <=  : 0
# Branch length floor: 0
# DE strategy        : 2
#    F               : 0.3
#    CR              : 0.8
#    tolerance       : 3e-06
# nthreads           : 32
# lgo input file     : bef2.lgo
# site pat input file: ../../chrX/boot_chrX/boot20.opf
# free parameters    : 14
# points in DE swarm : 42
# output state file  : b1boot20.state
# Including singleton site patterns.
# cost function      : KL
Initial parameter values
Fixed:
      zero = 0
       one = 1
    Tbecnw = 75200
Free:
       pc1 = 0
       pc2 = 0
       pc3 = 0
       pc4 = 0
       pc5 = 0
       pc6 = 0
       pc7 = 0
       pc8 = 0
       pc9 = 0
      pc10 = 0
      pc11 = 0
      pc12 = 0
      pc13 = 0
      pc14 = 0
Constrained:
     Tecnw = 44052.6
       Tnw = 106.758
       Tec = 840.276
     twoNb = 998510
     twoNe = 347152
     twoNc = 170205
     twoNw = 1.33738e+06
    twoNec = 79594.8
    twoNnw = 149402
  twoNecnw = 23071.8
  twoNbecnw = 55100.1
        m2 = 0.0274239
        m5 = 0.370841
        m6 = 0.270448
        Tb = 22446.4
        Te = 53.3789
        Tf = 26.6894
DiffEv reached_goal. cost=2.57264e-03 spread=2.72079e-06
Fitted parameter values
Free:
       pc1 = 3.33438
       pc2 = 1.9765
       pc3 = -1.89802
       pc4 = 0.265753
       pc5 = -1.89672
       pc6 = -1.41512
       pc7 = -1.92741
       pc8 = -0.605723
       pc9 = 1.86734
      pc10 = -0.361418
      pc11 = 0.444222
      pc12 = 0.276202
      pc13 = 0.143428
      pc14 = -0.00571143
Constrained:
     Tecnw = 43836
       Tnw = 82.1432
       Tec = 842.072
     twoNb = 2.35507e+06
     twoNe = 205935
     twoNc = 184479
     twoNw = 2.09958e+06
    twoNec = 75366.5
    twoNnw = 150252
  twoNecnw = 22858.2
  twoNbecnw = 54570.2
        m2 = 0.0398285
        m5 = 0.377267
        m6 = 0.282979
        Tb = 22339
        Te = 41.0716
        Tf = 20.5358
#       SitePat  BranchLen
              b 121881.3413539
              e 45556.7241108
              c 47434.5115781
              n 44607.1855963
              w 44606.4176111
            b:e 1456.0210904
            b:c 1621.9790678
            b:n 1122.7603802
            b:w 1122.7333646
            e:c 11944.6512209
            e:n 4711.6698255
            e:w 4711.9592457
            c:n 4156.8130759
            c:w 4157.1557876
            n:w 12286.9359154
          b:e:c 1363.6655335
          b:e:n 599.7614639
          b:e:w 599.7598566
          b:c:n 599.9035373
          b:c:w 599.9051127
          b:n:w 1353.3287916
          e:c:n 4211.4992153
          e:c:w 4211.6350686
          e:n:w 6193.5678150
          c:n:w 5418.6807801
        b:e:c:n 1124.7747144
        b:e:c:w 1124.8017619
        b:e:n:w 1583.0953433
        b:c:n:w 1423.6098115
        e:c:n:w 48183.8549179
