########################################
# legofit: estimate population history #
#       version 2.3.4-4-g53f8760       #
########################################

# Program was compiled: Sep 21 2021 14:36:42
# Program was run: Wed Sep 22 23:44:52 2021

# cmd: legofit -1 -d 0 -t 32 --ptsPerDim 3 --stateOut b1boot14.state --tol 3e-6 -S 5000 bef2.lgo ../../chrX/boot_chrX/boot14.opf
# Stage nOptItr nSimReps
#     0    5000        0
# algorithm          : deterministic
# ignoring probs <=  : 0
# Branch length floor: 0
# DE strategy        : 2
#    F               : 0.3
#    CR              : 0.8
#    tolerance       : 3e-06
# nthreads           : 32
# lgo input file     : bef2.lgo
# site pat input file: ../../chrX/boot_chrX/boot14.opf
# free parameters    : 14
# points in DE swarm : 42
# output state file  : b1boot14.state
# Including singleton site patterns.
# cost function      : KL
Initial parameter values
Fixed:
      zero = 0
       one = 1
    Tbecnw = 75200
Free:
       pc1 = 0
       pc2 = 0
       pc3 = 0
       pc4 = 0
       pc5 = 0
       pc6 = 0
       pc7 = 0
       pc8 = 0
       pc9 = 0
      pc10 = 0
      pc11 = 0
      pc12 = 0
      pc13 = 0
      pc14 = 0
Constrained:
     Tecnw = 44052.6
       Tnw = 106.758
       Tec = 840.276
     twoNb = 998510
     twoNe = 347152
     twoNc = 170205
     twoNw = 1.33738e+06
    twoNec = 79594.8
    twoNnw = 149402
  twoNecnw = 23071.8
  twoNbecnw = 55100.1
        m2 = 0.0274239
        m5 = 0.370841
        m6 = 0.270448
        Tb = 22446.4
        Te = 53.3789
        Tf = 26.6894
DiffEv reached_goal. cost=2.37069e-03 spread=2.31835e-06
Fitted parameter values
Free:
       pc1 = 3.59574
       pc2 = 1.92968
       pc3 = -0.49574
       pc4 = 0.486851
       pc5 = -1.93297
       pc6 = -1.63046
       pc7 = -1.86281
       pc8 = -0.791019
       pc9 = 1.12947
      pc10 = -0.483238
      pc11 = 1.38554
      pc12 = 0.995877
      pc13 = -0.304135
      pc14 = -0.0841162
Constrained:
     Tecnw = 43850
       Tnw = 32.883
       Tec = 1530.41
     twoNb = 2.38564e+06
     twoNe = 870291
     twoNc = 201530
     twoNw = 1.77653e+06
    twoNec = 72598.1
    twoNnw = 151020
  twoNecnw = 22730.6
  twoNbecnw = 54258.7
        m2 = 0.0367091
        m5 = 0.36773
        m6 = 0.28745
        Tb = 22690.2
        Te = 16.4415
        Tf = 8.22074
#       SitePat  BranchLen
              b 121721.6248147
              e 45483.7129176
              c 47063.9694913
              n 44620.8610318
              w 44620.4990025
            b:e 1420.8931980
            b:c 1556.7423155
            b:n 1114.0550681
            b:w 1114.0424800
            e:c 12031.6929881
            e:n 4619.8495170
            e:w 4619.9817626
            c:n 4149.9046125
            c:w 4150.0706829
            n:w 12255.4716960
          b:e:c 1352.4888208
          b:e:n 588.4439504
          b:e:w 588.4429434
          b:c:n 588.5522398
          b:c:w 588.5532333
          b:n:w 1343.0446320
          e:c:n 4213.5701098
          e:c:w 4213.6338231
          e:n:w 6009.0877572
          c:n:w 5363.5154509
        b:e:c:n 1115.8732450
        b:e:c:w 1115.8858466
        b:e:n:w 1522.2235491
        b:c:n:w 1391.3275690
        e:c:n:w 48226.4134770
