########################################
# legofit: estimate population history #
#       version 2.3.4-4-g53f8760       #
########################################

# Program was compiled: Sep 21 2021 14:36:42
# Program was run: Wed Sep 22 23:44:52 2021

# cmd: legofit -1 -d 0 -t 32 --ptsPerDim 3 --stateOut b1boot17.state --tol 3e-6 -S 5000 bef2.lgo ../../chrX/boot_chrX/boot17.opf
# Stage nOptItr nSimReps
#     0    5000        0
# algorithm          : deterministic
# ignoring probs <=  : 0
# Branch length floor: 0
# DE strategy        : 2
#    F               : 0.3
#    CR              : 0.8
#    tolerance       : 3e-06
# nthreads           : 32
# lgo input file     : bef2.lgo
# site pat input file: ../../chrX/boot_chrX/boot17.opf
# free parameters    : 14
# points in DE swarm : 42
# output state file  : b1boot17.state
# Including singleton site patterns.
# cost function      : KL
Initial parameter values
Fixed:
      zero = 0
       one = 1
    Tbecnw = 75200
Free:
       pc1 = 0
       pc2 = 0
       pc3 = 0
       pc4 = 0
       pc5 = 0
       pc6 = 0
       pc7 = 0
       pc8 = 0
       pc9 = 0
      pc10 = 0
      pc11 = 0
      pc12 = 0
      pc13 = 0
      pc14 = 0
Constrained:
     Tecnw = 44052.6
       Tnw = 106.758
       Tec = 840.276
     twoNb = 998510
     twoNe = 347152
     twoNc = 170205
     twoNw = 1.33738e+06
    twoNec = 79594.8
    twoNnw = 149402
  twoNecnw = 23071.8
  twoNbecnw = 55100.1
        m2 = 0.0274239
        m5 = 0.370841
        m6 = 0.270448
        Tb = 22446.4
        Te = 53.3789
        Tf = 26.6894
DiffEv reached_goal. cost=2.62404e-03 spread=2.54732e-06
Fitted parameter values
Free:
       pc1 = 2.94433
       pc2 = 1.98119
       pc3 = 0.0249049
       pc4 = -0.19274
       pc5 = -1.87847
       pc6 = -1.88344
       pc7 = -1.95664
       pc8 = 0.129158
       pc9 = 1.34824
      pc10 = 1.00145
      pc11 = 0.807105
      pc12 = 0.592041
      pc13 = -0.688966
      pc14 = -0.413725
Constrained:
     Tecnw = 43846.2
       Tnw = 45.8324
       Tec = 1361.7
     twoNb = 2.50443e+06
     twoNe = 773891
     twoNc = 36154.2
     twoNw = 1.78287e+06
    twoNec = 71915.2
    twoNnw = 152535
  twoNecnw = 22832.7
  twoNbecnw = 54306.8
        m2 = 0.0336693
        m5 = 0.369766
        m6 = 0.27311
        Tb = 22604
        Te = 22.9162
        Tf = 11.4581
#       SitePat  BranchLen
              b 121765.6551100
              e 45203.3273641
              c 47081.1227361
              n 44836.2403795
              w 44835.7480844
            b:e 1386.2867355
            b:c 1545.0114612
            b:n 1130.0185833
            b:w 1130.0013561
            e:c 12284.8453319
            e:n 4629.7543288
            e:w 4629.9424555
            c:n 4068.3790873
            c:w 4068.5968652
            n:w 12282.8050908
          b:e:c 1369.0492468
          b:e:n 589.4992979
          b:e:w 589.4984075
          b:c:n 589.6147683
          b:c:w 589.6156425
          b:n:w 1360.5919839
          e:c:n 4259.6283748
          e:c:w 4259.7147653
          e:n:w 5986.5240095
          c:n:w 5225.9917930
        b:e:c:n 1131.6350422
        b:e:c:w 1131.6522857
        b:e:n:w 1514.1746610
        b:c:n:w 1360.6749061
        e:c:n:w 48217.4471815
