########################################
# legofit: estimate population history #
#       version 2.3.4-4-g53f8760       #
########################################

# Program was compiled: Sep 21 2021 14:36:42
# Program was run: Wed Sep 22 23:45:20 2021

# cmd: legofit -1 -d 0 -t 32 --ptsPerDim 3 --stateOut b1boot38.state --tol 3e-6 -S 5000 bef2.lgo ../../chrX/boot_chrX/boot38.opf
# Stage nOptItr nSimReps
#     0    5000        0
# algorithm          : deterministic
# ignoring probs <=  : 0
# Branch length floor: 0
# DE strategy        : 2
#    F               : 0.3
#    CR              : 0.8
#    tolerance       : 3e-06
# nthreads           : 32
# lgo input file     : bef2.lgo
# site pat input file: ../../chrX/boot_chrX/boot38.opf
# free parameters    : 14
# points in DE swarm : 42
# output state file  : b1boot38.state
# Including singleton site patterns.
# cost function      : KL
Initial parameter values
Fixed:
      zero = 0
       one = 1
    Tbecnw = 75200
Free:
       pc1 = 0
       pc2 = 0
       pc3 = 0
       pc4 = 0
       pc5 = 0
       pc6 = 0
       pc7 = 0
       pc8 = 0
       pc9 = 0
      pc10 = 0
      pc11 = 0
      pc12 = 0
      pc13 = 0
      pc14 = 0
Constrained:
     Tecnw = 44052.6
       Tnw = 106.758
       Tec = 840.276
     twoNb = 998510
     twoNe = 347152
     twoNc = 170205
     twoNw = 1.33738e+06
    twoNec = 79594.8
    twoNnw = 149402
  twoNecnw = 23071.8
  twoNbecnw = 55100.1
        m2 = 0.0274239
        m5 = 0.370841
        m6 = 0.270448
        Tb = 22446.4
        Te = 53.3789
        Tf = 26.6894
DiffEv reached_goal. cost=2.73417e-03 spread=2.47381e-06
Fitted parameter values
Free:
       pc1 = 3.7938
       pc2 = 1.9408
       pc3 = -0.776018
       pc4 = -1.12519
       pc5 = -1.93996
       pc6 = -0.981319
       pc7 = -1.93008
       pc8 = 0.195517
       pc9 = 0.834193
      pc10 = 0.797173
      pc11 = 0.385593
      pc12 = 1.20712
      pc13 = 0.124919
      pc14 = -0.00312961
Constrained:
     Tecnw = 43483.2
       Tnw = 132.591
       Tec = 1545.68
     twoNb = 2.48638e+06
     twoNe = 739405
     twoNc = 21866.7
     twoNw = 1.68074e+06
    twoNec = 74849.2
    twoNnw = 154525
  twoNecnw = 22653.6
  twoNbecnw = 55371.5
        m2 = 0.0352414
        m5 = 0.379248
        m6 = 0.280082
        Tb = 22514.4
        Te = 66.2957
        Tf = 33.1478
#       SitePat  BranchLen
              b 122817.7254059
              e 45371.0328713
              c 47263.5845073
              n 44636.1529382
              w 44634.6099253
            b:e 1410.0513604
            b:c 1573.5667154
            b:n 1120.2444071
            b:w 1120.1902370
            e:c 11708.9526984
            e:n 4689.4651608
            e:w 4690.0533782
            c:n 4125.7821010
            c:w 4126.4634516
            n:w 11986.4929650
          b:e:c 1332.4006869
          b:e:n 597.7717583
          b:e:w 597.7689606
          b:c:n 597.8949377
          b:c:w 597.8976820
          b:n:w 1323.8424586
          e:c:n 4249.9872758
          e:c:w 4250.2607206
          e:n:w 6080.6674189
          c:n:w 5309.3944366
        b:e:c:n 1121.8929861
        b:e:c:w 1121.9472097
        b:e:n:w 1540.4365651
        b:c:n:w 1382.6636420
        e:c:n:w 49493.6059616
