########################################
# legofit: estimate population history #
#       version 2.3.4-4-g53f8760       #
########################################

# Program was compiled: Sep 21 2021 14:36:42
# Program was run: Wed Sep 22 23:45:13 2021

# cmd: legofit -1 -d 0 -t 32 --ptsPerDim 3 --stateOut b1boot34.state --tol 3e-6 -S 5000 bef2.lgo ../../chrX/boot_chrX/boot34.opf
# Stage nOptItr nSimReps
#     0    5000        0
# algorithm          : deterministic
# ignoring probs <=  : 0
# Branch length floor: 0
# DE strategy        : 2
#    F               : 0.3
#    CR              : 0.8
#    tolerance       : 3e-06
# nthreads           : 32
# lgo input file     : bef2.lgo
# site pat input file: ../../chrX/boot_chrX/boot34.opf
# free parameters    : 14
# points in DE swarm : 42
# output state file  : b1boot34.state
# Including singleton site patterns.
# cost function      : KL
Initial parameter values
Fixed:
      zero = 0
       one = 1
    Tbecnw = 75200
Free:
       pc1 = 0
       pc2 = 0
       pc3 = 0
       pc4 = 0
       pc5 = 0
       pc6 = 0
       pc7 = 0
       pc8 = 0
       pc9 = 0
      pc10 = 0
      pc11 = 0
      pc12 = 0
      pc13 = 0
      pc14 = 0
Constrained:
     Tecnw = 44052.6
       Tnw = 106.758
       Tec = 840.276
     twoNb = 998510
     twoNe = 347152
     twoNc = 170205
     twoNw = 1.33738e+06
    twoNec = 79594.8
    twoNnw = 149402
  twoNecnw = 23071.8
  twoNbecnw = 55100.1
        m2 = 0.0274239
        m5 = 0.370841
        m6 = 0.270448
        Tb = 22446.4
        Te = 53.3789
        Tf = 26.6894
DiffEv reached_goal. cost=2.39126e-03 spread=2.92950e-06
Fitted parameter values
Free:
       pc1 = 2.91831
       pc2 = 1.94919
       pc3 = -0.20745
       pc4 = 1.08029
       pc5 = -1.37186
       pc6 = -1.14679
       pc7 = -1.94543
       pc8 = 0.297882
       pc9 = 0.312189
      pc10 = 1.70779
      pc11 = -0.207055
      pc12 = 0.220067
      pc13 = 0.447048
      pc14 = -0.328522
Constrained:
     Tecnw = 43531.8
       Tnw = 5.37147
       Tec = 1504.71
     twoNb = 2.25684e+06
     twoNe = 587836
     twoNc = 290980
     twoNw = 1.65266e+06
    twoNec = 72410.5
    twoNnw = 152811
  twoNecnw = 22708.9
  twoNbecnw = 54540.7
        m2 = 0.0322943
        m5 = 0.387366
        m6 = 0.267328
        Tb = 22518.2
        Te = 2.68573
        Tf = 1.34287
#       SitePat  BranchLen
              b 122129.4465490
              e 44838.1960482
              c 47138.5895051
              n 44518.1017638
              w 44518.0391360
            b:e 1350.0642103
            b:c 1542.6536855
            b:n 1109.0676058
            b:w 1109.0654351
            e:c 11935.4074385
            e:n 4719.6246124
            e:w 4719.6497674
            c:n 4030.7809610
            c:w 4030.8073896
            n:w 12082.3933954
          b:e:c 1328.0678920
          b:e:n 585.2359912
          b:e:w 585.2359526
          b:c:n 585.3875811
          b:c:w 585.3876175
          b:n:w 1319.3273019
          e:c:n 4239.2515384
          e:c:w 4239.2625826
          e:n:w 6068.1588353
          c:n:w 5138.2078973
        b:e:c:n 1110.7647611
        b:e:c:w 1110.7669341
        b:e:n:w 1509.0335391
        b:c:n:w 1323.3843193
        e:c:n:w 48944.1692723
