########################################
# legofit: estimate population history #
#       version 2.3.4-4-g53f8760       #
########################################

# Program was compiled: Sep 21 2021 14:36:42
# Program was run: Wed Sep 22 23:44:31 2021

# cmd: legofit -1 -d 0 -t 32 --ptsPerDim 3 --stateOut b1boot4.state --tol 3e-6 -S 5000 bef2.lgo ../../chrX/boot_chrX/boot4.opf
# Stage nOptItr nSimReps
#     0    5000        0
# algorithm          : deterministic
# ignoring probs <=  : 0
# Branch length floor: 0
# DE strategy        : 2
#    F               : 0.3
#    CR              : 0.8
#    tolerance       : 3e-06
# nthreads           : 32
# lgo input file     : bef2.lgo
# site pat input file: ../../chrX/boot_chrX/boot4.opf
# free parameters    : 14
# points in DE swarm : 42
# output state file  : b1boot4.state
# Including singleton site patterns.
# cost function      : KL
Initial parameter values
Fixed:
      zero = 0
       one = 1
    Tbecnw = 75200
Free:
       pc1 = 0
       pc2 = 0
       pc3 = 0
       pc4 = 0
       pc5 = 0
       pc6 = 0
       pc7 = 0
       pc8 = 0
       pc9 = 0
      pc10 = 0
      pc11 = 0
      pc12 = 0
      pc13 = 0
      pc14 = 0
Constrained:
     Tecnw = 44052.6
       Tnw = 106.758
       Tec = 840.276
     twoNb = 998510
     twoNe = 347152
     twoNc = 170205
     twoNw = 1.33738e+06
    twoNec = 79594.8
    twoNnw = 149402
  twoNecnw = 23071.8
  twoNbecnw = 55100.1
        m2 = 0.0274239
        m5 = 0.370841
        m6 = 0.270448
        Tb = 22446.4
        Te = 53.3789
        Tf = 26.6894
DiffEv reached_goal. cost=2.58124e-03 spread=2.62980e-06
Fitted parameter values
Free:
       pc1 = 3.70641
       pc2 = 1.7791
       pc3 = -1.45169
       pc4 = 0.267345
       pc5 = -1.87745
       pc6 = -1.60194
       pc7 = -1.66547
       pc8 = 0.426928
       pc9 = 0.496176
      pc10 = 0.490502
      pc11 = -0.203209
      pc12 = -0.00973371
      pc13 = 0.148457
      pc14 = -0.378131
Constrained:
     Tecnw = 43868.3
       Tnw = 54.5913
       Tec = 1433.57
     twoNb = 2.32776e+06
     twoNe = 406201
     twoNc = 226811
     twoNw = 2.17194e+06
    twoNec = 71836.2
    twoNnw = 152679
  twoNecnw = 22907.9
  twoNbecnw = 55497.8
        m2 = 0.0362486
        m5 = 0.38467
        m6 = 0.27562
        Tb = 22650.9
        Te = 27.2956
        Tf = 13.6478
#       SitePat  BranchLen
              b 122708.4907075
              e 45322.1482830
              c 47462.6739597
              n 44841.8458280
              w 44841.3519827
            b:e 1435.5528827
            b:c 1623.6618474
            b:n 1156.2863770
            b:w 1156.2686527
            e:c 12138.0072538
            e:n 4761.9748221
            e:w 4762.1673439
            c:n 4126.4328099
            c:w 4126.6463248
            n:w 12281.8441455
          b:e:c 1393.9507351
          b:e:n 610.7691606
          b:e:w 610.7685120
          b:c:n 610.9245326
          b:c:w 610.9251620
          b:n:w 1384.2241572
          e:c:n 4298.7962450
          e:c:w 4298.8840535
          e:n:w 6188.5337153
          c:n:w 5311.8469659
        b:e:c:n 1158.1852736
        b:e:c:w 1158.2030170
        b:e:n:w 1587.4741480
        b:c:n:w 1406.2772651
        e:c:n:w 48886.5469849
