########################################
# legofit: estimate population history #
#       version 2.3.4-4-g53f8760       #
########################################

# Program was compiled: Sep 21 2021 14:36:42
# Program was run: Wed Sep 22 23:45:28 2021

# cmd: legofit -1 -d 0 -t 32 --ptsPerDim 3 --stateOut b1boot47.state --tol 3e-6 -S 5000 bef2.lgo ../../chrX/boot_chrX/boot47.opf
# Stage nOptItr nSimReps
#     0    5000        0
# algorithm          : deterministic
# ignoring probs <=  : 0
# Branch length floor: 0
# DE strategy        : 2
#    F               : 0.3
#    CR              : 0.8
#    tolerance       : 3e-06
# nthreads           : 32
# lgo input file     : bef2.lgo
# site pat input file: ../../chrX/boot_chrX/boot47.opf
# free parameters    : 14
# points in DE swarm : 42
# output state file  : b1boot47.state
# Including singleton site patterns.
# cost function      : KL
Initial parameter values
Fixed:
      zero = 0
       one = 1
    Tbecnw = 75200
Free:
       pc1 = 0
       pc2 = 0
       pc3 = 0
       pc4 = 0
       pc5 = 0
       pc6 = 0
       pc7 = 0
       pc8 = 0
       pc9 = 0
      pc10 = 0
      pc11 = 0
      pc12 = 0
      pc13 = 0
      pc14 = 0
Constrained:
     Tecnw = 44052.6
       Tnw = 106.758
       Tec = 840.276
     twoNb = 998510
     twoNe = 347152
     twoNc = 170205
     twoNw = 1.33738e+06
    twoNec = 79594.8
    twoNnw = 149402
  twoNecnw = 23071.8
  twoNbecnw = 55100.1
        m2 = 0.0274239
        m5 = 0.370841
        m6 = 0.270448
        Tb = 22446.4
        Te = 53.3789
        Tf = 26.6894
DiffEv reached_goal. cost=2.56677e-03 spread=2.35306e-06
Fitted parameter values
Free:
       pc1 = 3.92113
       pc2 = 1.96982
       pc3 = -1.24721
       pc4 = 1.17863
       pc5 = -1.8321
       pc6 = -0.976572
       pc7 = -1.48287
       pc8 = -0.995852
       pc9 = 1.96663
      pc10 = 1.39987
      pc11 = 1.09898
      pc12 = -0.0599238
      pc13 = -0.0986578
      pc14 = 0.00484135
Constrained:
     Tecnw = 44168.7
       Tnw = 4.10662
       Tec = 691.572
     twoNb = 2.3715e+06
     twoNe = 625804
     twoNc = 179547
     twoNw = 2.10697e+06
    twoNec = 73761.9
    twoNnw = 152375
  twoNecnw = 22388.1
  twoNbecnw = 53351.3
        m2 = 0.0372306
        m5 = 0.387183
        m6 = 0.27993
        Tb = 22430.1
        Te = 2.05331
        Tf = 1.02665
#       SitePat  BranchLen
              b 120989.0853797
              e 45216.6885816
              c 47321.4483822
              n 44660.4189181
              w 44660.3803573
            b:e 1371.2994557
            b:c 1549.8701520
            b:n 1086.1221260
            b:w 1086.1208179
            e:c 11943.2798093
            e:n 4696.6665417
            e:w 4696.6815476
            c:n 4067.6254065
            c:w 4067.6422478
            n:w 12110.6445154
          b:e:c 1313.0388197
          b:e:n 576.9213663
          b:e:w 576.9213125
          b:c:n 577.0675336
          b:c:w 577.0675859
          b:n:w 1303.5870009
          e:c:n 4140.9324654
          e:c:w 4140.9391791
          e:n:w 6052.6778016
          c:n:w 5198.9832908
        b:e:c:n 1087.9379801
        b:e:c:w 1087.9392897
        b:e:n:w 1514.1871956
        b:c:n:w 1342.3392038
        e:c:n:w 47623.3938735
