########################################
# legofit: estimate population history #
#       version 2.3.4-4-g53f8760       #
########################################

# Program was compiled: Sep 21 2021 14:36:42
# Program was run: Wed Sep 22 23:44:59 2021

# cmd: legofit -1 -d 0 -t 32 --ptsPerDim 3 --stateOut b1boot19.state --tol 3e-6 -S 5000 bef2.lgo ../../chrX/boot_chrX/boot19.opf
# Stage nOptItr nSimReps
#     0    5000        0
# algorithm          : deterministic
# ignoring probs <=  : 0
# Branch length floor: 0
# DE strategy        : 2
#    F               : 0.3
#    CR              : 0.8
#    tolerance       : 3e-06
# nthreads           : 32
# lgo input file     : bef2.lgo
# site pat input file: ../../chrX/boot_chrX/boot19.opf
# free parameters    : 14
# points in DE swarm : 42
# output state file  : b1boot19.state
# Including singleton site patterns.
# cost function      : KL
Initial parameter values
Fixed:
      zero = 0
       one = 1
    Tbecnw = 75200
Free:
       pc1 = 0
       pc2 = 0
       pc3 = 0
       pc4 = 0
       pc5 = 0
       pc6 = 0
       pc7 = 0
       pc8 = 0
       pc9 = 0
      pc10 = 0
      pc11 = 0
      pc12 = 0
      pc13 = 0
      pc14 = 0
Constrained:
     Tecnw = 44052.6
       Tnw = 106.758
       Tec = 840.276
     twoNb = 998510
     twoNe = 347152
     twoNc = 170205
     twoNw = 1.33738e+06
    twoNec = 79594.8
    twoNnw = 149402
  twoNecnw = 23071.8
  twoNbecnw = 55100.1
        m2 = 0.0274239
        m5 = 0.370841
        m6 = 0.270448
        Tb = 22446.4
        Te = 53.3789
        Tf = 26.6894
DiffEv reached_goal. cost=2.63414e-03 spread=2.54168e-06
Fitted parameter values
Free:
       pc1 = 0.584836
       pc2 = 1.30396
       pc3 = -0.0571456
       pc4 = 1.07888
       pc5 = -1.99713
       pc6 = -1.6589
       pc7 = -1.92835
       pc8 = -1.54773
       pc9 = 1.13259
      pc10 = 0.102896
      pc11 = -0.163837
      pc12 = 0.231801
      pc13 = -0.416441
      pc14 = -0.0665355
Constrained:
     Tecnw = 43984.6
       Tnw = 35.8572
       Tec = 564.566
     twoNb = 1.94198e+06
     twoNe = 853977
     twoNc = 319334
     twoNw = 1.41333e+06
    twoNec = 77109.6
    twoNnw = 146523
  twoNecnw = 22806.2
  twoNbecnw = 54148.2
        m2 = 0.0357131
        m5 = 0.360933
        m6 = 0.265166
        Tb = 22274.6
        Te = 17.9286
        Tf = 8.96431
#       SitePat  BranchLen
              b 121550.0447333
              e 45385.7873679
              c 47315.6816070
              n 44574.6006658
              w 44574.1304229
            b:e 1424.0977863
            b:c 1589.6984777
            b:n 1114.4007485
            b:w 1114.3843873
            e:c 12285.2389780
            e:n 4611.3148483
            e:w 4611.4955508
            c:n 4038.7690568
            c:w 4038.9765787
            n:w 12577.7551583
          b:e:c 1382.1146463
          b:e:n 585.5502789
          b:e:w 585.5494737
          b:c:n 585.7059074
          b:c:w 585.7066911
          b:n:w 1370.5367743
          e:c:n 4183.1067867
          e:c:w 4183.1888051
          e:n:w 6116.3756334
          c:n:w 5324.1227910
        b:e:c:n 1116.6284563
        b:e:c:w 1116.6448390
        b:e:n:w 1546.7165156
        b:c:n:w 1388.2263451
        e:c:n:w 47922.1960946
