########################################
# legofit: estimate population history #
#       version 2.3.4-4-g53f8760       #
########################################

# Program was compiled: Sep 21 2021 14:36:42
# Program was run: Wed Sep 22 23:44:59 2021

# cmd: legofit -1 -d 0 -t 32 --ptsPerDim 3 --stateOut b1boot23.state --tol 3e-6 -S 5000 bef2.lgo ../../chrX/boot_chrX/boot23.opf
# Stage nOptItr nSimReps
#     0    5000        0
# algorithm          : deterministic
# ignoring probs <=  : 0
# Branch length floor: 0
# DE strategy        : 2
#    F               : 0.3
#    CR              : 0.8
#    tolerance       : 3e-06
# nthreads           : 32
# lgo input file     : bef2.lgo
# site pat input file: ../../chrX/boot_chrX/boot23.opf
# free parameters    : 14
# points in DE swarm : 42
# output state file  : b1boot23.state
# Including singleton site patterns.
# cost function      : KL
Initial parameter values
Fixed:
      zero = 0
       one = 1
    Tbecnw = 75200
Free:
       pc1 = 0
       pc2 = 0
       pc3 = 0
       pc4 = 0
       pc5 = 0
       pc6 = 0
       pc7 = 0
       pc8 = 0
       pc9 = 0
      pc10 = 0
      pc11 = 0
      pc12 = 0
      pc13 = 0
      pc14 = 0
Constrained:
     Tecnw = 44052.6
       Tnw = 106.758
       Tec = 840.276
     twoNb = 998510
     twoNe = 347152
     twoNc = 170205
     twoNw = 1.33738e+06
    twoNec = 79594.8
    twoNnw = 149402
  twoNecnw = 23071.8
  twoNbecnw = 55100.1
        m2 = 0.0274239
        m5 = 0.370841
        m6 = 0.270448
        Tb = 22446.4
        Te = 53.3789
        Tf = 26.6894
DiffEv reached_goal. cost=2.51082e-03 spread=2.46136e-06
Fitted parameter values
Free:
       pc1 = 3.21292
       pc2 = 1.9339
       pc3 = -1.47755
       pc4 = 0.0130604
       pc5 = -1.9653
       pc6 = -0.879552
       pc7 = -1.77711
       pc8 = 0.442473
       pc9 = 1.41962
      pc10 = 0.611948
      pc11 = 0.521893
      pc12 = -0.322092
      pc13 = -0.232019
      pc14 = -0.336554
Constrained:
     Tecnw = 44090.7
       Tnw = 54.9268
       Tec = 615.316
     twoNb = 2.37078e+06
     twoNe = 266571
     twoNc = 119544
     twoNw = 1.99892e+06
    twoNec = 74487.3
    twoNnw = 153487
  twoNecnw = 23057.8
  twoNbecnw = 54753.7
        m2 = 0.0360859
        m5 = 0.383048
        m6 = 0.277202
        Tb = 22353
        Te = 27.4634
        Tf = 13.7317
#       SitePat  BranchLen
              b 121940.0618661
              e 45523.8679588
              c 47605.1460232
              n 45049.6287461
              w 45049.0859103
            b:e 1440.8729797
            b:c 1622.6627856
            b:n 1161.1366409
            b:w 1161.1171466
            e:c 12193.6853890
            e:n 4770.1692314
            e:w 4770.3794301
            c:n 4150.2265714
            c:w 4150.4630094
            n:w 12301.8208330
          b:e:c 1395.8615668
          b:e:n 614.9720724
          b:e:w 614.9712623
          b:c:n 615.1209045
          b:c:w 615.1216938
          b:n:w 1386.4129127
          e:c:n 4291.8725427
          e:c:w 4291.9687418
          e:n:w 6166.3760104
          c:n:w 5318.1137210
        b:e:c:n 1163.0111196
        b:e:c:w 1163.0306345
        b:e:n:w 1587.4233973
        b:c:n:w 1412.1776335
        e:c:n:w 47905.4922795
