########################################
# legofit: estimate population history #
#       version 2.3.4-4-g53f8760       #
########################################

# Program was compiled: Sep 21 2021 14:36:42
# Program was run: Wed Sep 22 23:44:52 2021

# cmd: legofit -1 -d 0 -t 32 --ptsPerDim 3 --stateOut b1boot15.state --tol 3e-6 -S 5000 bef2.lgo ../../chrX/boot_chrX/boot15.opf
# Stage nOptItr nSimReps
#     0    5000        0
# algorithm          : deterministic
# ignoring probs <=  : 0
# Branch length floor: 0
# DE strategy        : 2
#    F               : 0.3
#    CR              : 0.8
#    tolerance       : 3e-06
# nthreads           : 32
# lgo input file     : bef2.lgo
# site pat input file: ../../chrX/boot_chrX/boot15.opf
# free parameters    : 14
# points in DE swarm : 42
# output state file  : b1boot15.state
# Including singleton site patterns.
# cost function      : KL
Initial parameter values
Fixed:
      zero = 0
       one = 1
    Tbecnw = 75200
Free:
       pc1 = 0
       pc2 = 0
       pc3 = 0
       pc4 = 0
       pc5 = 0
       pc6 = 0
       pc7 = 0
       pc8 = 0
       pc9 = 0
      pc10 = 0
      pc11 = 0
      pc12 = 0
      pc13 = 0
      pc14 = 0
Constrained:
     Tecnw = 44052.6
       Tnw = 106.758
       Tec = 840.276
     twoNb = 998510
     twoNe = 347152
     twoNc = 170205
     twoNw = 1.33738e+06
    twoNec = 79594.8
    twoNnw = 149402
  twoNecnw = 23071.8
  twoNbecnw = 55100.1
        m2 = 0.0274239
        m5 = 0.370841
        m6 = 0.270448
        Tb = 22446.4
        Te = 53.3789
        Tf = 26.6894
DiffEv reached_goal. cost=2.43341e-03 spread=2.17302e-06
Fitted parameter values
Free:
       pc1 = 3.64476
       pc2 = 1.95389
       pc3 = -1.49624
       pc4 = -0.946576
       pc5 = -1.8618
       pc6 = -1.92065
       pc7 = -1.81244
       pc8 = 0.522691
       pc9 = -0.585603
      pc10 = -1.37129
      pc11 = -0.539611
      pc12 = -0.445567
      pc13 = -0.25072
      pc14 = 0.147263
Constrained:
     Tecnw = 44049.3
       Tnw = 169.221
       Tec = 2264.81
     twoNb = 2.20379e+06
     twoNe = 761758
     twoNc = 248057
     twoNw = 2.12891e+06
    twoNec = 72590.4
    twoNnw = 151993
  twoNecnw = 23602.8
  twoNbecnw = 56586.5
        m2 = 0.0383034
        m5 = 0.377389
        m6 = 0.280261
        Tb = 23157.1
        Te = 84.6107
        Tf = 42.3053
#       SitePat  BranchLen
              b 123239.8535264
              e 46167.2786451
              c 48117.1671713
              n 45272.6645421
              w 45271.0889141
            b:e 1552.1421422
            b:c 1731.6920178
            b:n 1232.0708167
            b:w 1232.0109912
            e:c 12189.8761727
            e:n 4841.3923236
            e:w 4841.9874177
            c:n 4267.0628664
            c:w 4267.7585706
            n:w 12566.7392393
          b:e:c 1486.8246372
          b:e:n 654.7627601
          b:e:w 654.7594978
          b:c:n 654.9234644
          b:c:w 654.9266550
          b:n:w 1475.9372666
          e:c:n 4413.2379734
          e:c:w 4413.5228032
          e:n:w 6360.7452064
          c:n:w 5552.2334895
        b:e:c:n 1234.2765567
        b:e:c:w 1234.3364538
        b:e:n:w 1691.7923268
        b:c:n:w 1519.0960846
        e:c:n:w 48512.4702807
