########################################
# legofit: estimate population history #
#       version 2.3.4-4-g53f8760       #
########################################

# Program was compiled: Sep 21 2021 14:36:42
# Program was run: Wed Sep 22 23:44:38 2021

# cmd: legofit -1 -d 0 -t 32 --ptsPerDim 3 --stateOut b1boot5.state --tol 3e-6 -S 5000 bef2.lgo ../../chrX/boot_chrX/boot5.opf
# Stage nOptItr nSimReps
#     0    5000        0
# algorithm          : deterministic
# ignoring probs <=  : 0
# Branch length floor: 0
# DE strategy        : 2
#    F               : 0.3
#    CR              : 0.8
#    tolerance       : 3e-06
# nthreads           : 32
# lgo input file     : bef2.lgo
# site pat input file: ../../chrX/boot_chrX/boot5.opf
# free parameters    : 14
# points in DE swarm : 42
# output state file  : b1boot5.state
# Including singleton site patterns.
# cost function      : KL
Initial parameter values
Fixed:
      zero = 0
       one = 1
    Tbecnw = 75200
Free:
       pc1 = 0
       pc2 = 0
       pc3 = 0
       pc4 = 0
       pc5 = 0
       pc6 = 0
       pc7 = 0
       pc8 = 0
       pc9 = 0
      pc10 = 0
      pc11 = 0
      pc12 = 0
      pc13 = 0
      pc14 = 0
Constrained:
     Tecnw = 44052.6
       Tnw = 106.758
       Tec = 840.276
     twoNb = 998510
     twoNe = 347152
     twoNc = 170205
     twoNw = 1.33738e+06
    twoNec = 79594.8
    twoNnw = 149402
  twoNecnw = 23071.8
  twoNbecnw = 55100.1
        m2 = 0.0274239
        m5 = 0.370841
        m6 = 0.270448
        Tb = 22446.4
        Te = 53.3789
        Tf = 26.6894
DiffEv reached_goal. cost=2.61499e-03 spread=2.83528e-06
Fitted parameter values
Free:
       pc1 = 3.54074
       pc2 = 1.97251
       pc3 = -1.17408
       pc4 = 1.16782
       pc5 = -1.2329
       pc6 = -0.564682
       pc7 = -1.90345
       pc8 = 0.197304
       pc9 = 1.75477
      pc10 = 0.244638
      pc11 = 1.30573
      pc12 = -0.710362
      pc13 = -0.355996
      pc14 = -0.28917
Constrained:
     Tecnw = 44338.5
       Tnw = 3.65656
       Tec = 764.081
     twoNb = 2.28577e+06
     twoNe = 58059.7
     twoNc = 211244
     twoNw = 1.85728e+06
    twoNec = 72710.5
    twoNnw = 152740
  twoNecnw = 23127.4
  twoNbecnw = 53571.8
        m2 = 0.0355721
        m5 = 0.385506
        m6 = 0.283287
        Tb = 22551.3
        Te = 1.82828
        Tf = 0.914139
#       SitePat  BranchLen
              b 120856.5807830
              e 45522.4105730
              c 47548.3555616
              n 45059.8227440
              w 45059.7832430
            b:e 1419.5524517
            b:c 1593.4754262
            b:n 1149.7807823
            b:w 1149.7793799
            e:c 12242.8823816
            e:n 4773.8799845
            e:w 4773.8951148
            c:n 4168.1063728
            c:w 4168.1237643
            n:w 12331.0945302
          b:e:c 1384.7108778
          b:e:n 607.9231165
          b:e:w 607.9230475
          b:c:n 608.0686629
          b:c:w 608.0687304
          b:n:w 1375.1904537
          e:c:n 4262.4010390
          e:c:w 4262.4080181
          e:n:w 6103.4125875
          c:n:w 5282.3891477
        b:e:c:n 1151.6757204
        b:e:c:w 1151.6771242
        b:e:n:w 1558.5976856
        b:c:n:w 1391.0068955
        e:c:n:w 46790.6614151
