########################################
# legofit: estimate population history #
#       version 2.3.4-4-g53f8760       #
########################################

# Program was compiled: Sep 21 2021 14:36:42
# Program was run: Wed Sep 22 23:44:31 2021

# cmd: legofit -1 -d 0 -t 32 --ptsPerDim 3 --stateOut b1boot2.state --tol 3e-6 -S 5000 bef2.lgo ../../chrX/boot_chrX/boot2.opf
# Stage nOptItr nSimReps
#     0    5000        0
# algorithm          : deterministic
# ignoring probs <=  : 0
# Branch length floor: 0
# DE strategy        : 2
#    F               : 0.3
#    CR              : 0.8
#    tolerance       : 3e-06
# nthreads           : 32
# lgo input file     : bef2.lgo
# site pat input file: ../../chrX/boot_chrX/boot2.opf
# free parameters    : 14
# points in DE swarm : 42
# output state file  : b1boot2.state
# Including singleton site patterns.
# cost function      : KL
Initial parameter values
Fixed:
      zero = 0
       one = 1
    Tbecnw = 75200
Free:
       pc1 = 0
       pc2 = 0
       pc3 = 0
       pc4 = 0
       pc5 = 0
       pc6 = 0
       pc7 = 0
       pc8 = 0
       pc9 = 0
      pc10 = 0
      pc11 = 0
      pc12 = 0
      pc13 = 0
      pc14 = 0
Constrained:
     Tecnw = 44052.6
       Tnw = 106.758
       Tec = 840.276
     twoNb = 998510
     twoNe = 347152
     twoNc = 170205
     twoNw = 1.33738e+06
    twoNec = 79594.8
    twoNnw = 149402
  twoNecnw = 23071.8
  twoNbecnw = 55100.1
        m2 = 0.0274239
        m5 = 0.370841
        m6 = 0.270448
        Tb = 22446.4
        Te = 53.3789
        Tf = 26.6894
DiffEv reached_goal. cost=2.59214e-03 spread=2.78130e-06
Fitted parameter values
Free:
       pc1 = 2.2818
       pc2 = 0.596336
       pc3 = -0.888447
       pc4 = 1.16799
       pc5 = -1.61744
       pc6 = -1.58675
       pc7 = -1.84257
       pc8 = -1.36648
       pc9 = 1.35312
      pc10 = -0.0487037
      pc11 = 0.640173
      pc12 = -0.382005
      pc13 = 0.0370169
      pc14 = 0.0524311
Constrained:
     Tecnw = 44492
       Tnw = 28.7818
       Tec = 897.836
     twoNb = 2.06782e+06
     twoNe = 507637
     twoNc = 287391
     twoNw = 1.7835e+06
    twoNec = 75811.7
    twoNnw = 146169
  twoNecnw = 22683.2
  twoNbecnw = 54200.2
        m2 = 0.0357968
        m5 = 0.374892
        m6 = 0.277244
        Tb = 22694.9
        Te = 14.3909
        Tf = 7.19545
#       SitePat  BranchLen
              b 121531.0187914
              e 45635.4061185
              c 47633.2215865
              n 44656.9011595
              w 44656.5882730
            b:e 1435.2994664
            b:c 1606.9685999
            b:n 1123.5322283
            b:w 1123.5212536
            e:c 12134.0939624
            e:n 4712.4965738
            e:w 4712.6160310
            c:n 4119.5092623
            c:w 4119.6477876
            n:w 12569.2435683
          b:e:c 1384.7384699
          b:e:n 596.4402401
          b:e:w 596.4396645
          b:c:n 596.5905051
          b:c:w 596.5910674
          b:n:w 1374.1403976
          e:c:n 4173.4609034
          e:c:w 4173.5158074
          e:n:w 6174.0970332
          c:n:w 5355.1765898
        b:e:c:n 1125.6032363
        b:e:c:w 1125.6142244
        b:e:n:w 1567.5403047
        b:c:n:w 1402.6300337
        e:c:n:w 47639.3064475
