########################################
# legofit: estimate population history #
#       version 2.3.4-4-g53f8760       #
########################################

# Program was compiled: Sep 21 2021 14:36:42
# Program was run: Wed Sep 22 23:45:20 2021

# cmd: legofit -1 -d 0 -t 32 --ptsPerDim 3 --stateOut b1boot37.state --tol 3e-6 -S 5000 bef2.lgo ../../chrX/boot_chrX/boot37.opf
# Stage nOptItr nSimReps
#     0    5000        0
# algorithm          : deterministic
# ignoring probs <=  : 0
# Branch length floor: 0
# DE strategy        : 2
#    F               : 0.3
#    CR              : 0.8
#    tolerance       : 3e-06
# nthreads           : 32
# lgo input file     : bef2.lgo
# site pat input file: ../../chrX/boot_chrX/boot37.opf
# free parameters    : 14
# points in DE swarm : 42
# output state file  : b1boot37.state
# Including singleton site patterns.
# cost function      : KL
Initial parameter values
Fixed:
      zero = 0
       one = 1
    Tbecnw = 75200
Free:
       pc1 = 0
       pc2 = 0
       pc3 = 0
       pc4 = 0
       pc5 = 0
       pc6 = 0
       pc7 = 0
       pc8 = 0
       pc9 = 0
      pc10 = 0
      pc11 = 0
      pc12 = 0
      pc13 = 0
      pc14 = 0
Constrained:
     Tecnw = 44052.6
       Tnw = 106.758
       Tec = 840.276
     twoNb = 998510
     twoNe = 347152
     twoNc = 170205
     twoNw = 1.33738e+06
    twoNec = 79594.8
    twoNnw = 149402
  twoNecnw = 23071.8
  twoNbecnw = 55100.1
        m2 = 0.0274239
        m5 = 0.370841
        m6 = 0.270448
        Tb = 22446.4
        Te = 53.3789
        Tf = 26.6894
DiffEv reached_goal. cost=2.46207e-03 spread=2.90251e-06
Fitted parameter values
Free:
       pc1 = 3.42245
       pc2 = 1.97039
       pc3 = -1.53802
       pc4 = -1.32633
       pc5 = -1.71931
       pc6 = -0.765596
       pc7 = -1.95556
       pc8 = 1.44809
       pc9 = 0.174271
      pc10 = 0.458105
      pc11 = 0.873174
      pc12 = 0.495232
      pc13 = -0.64625
      pc14 = -0.0276143
Constrained:
     Tecnw = 43956.9
       Tnw = 164.018
       Tec = 1398.88
     twoNb = 2.47447e+06
     twoNe = 362792
     twoNc = 74835
     twoNw = 1.96071e+06
    twoNec = 75654.7
    twoNnw = 157300
  twoNecnw = 23231
  twoNbecnw = 55743
        m2 = 0.0328117
        m5 = 0.377579
        m6 = 0.281231
        Tb = 22677.9
        Te = 82.009
        Tf = 41.0045
#       SitePat  BranchLen
              b 122783.0751259
              e 45929.6012159
              c 47773.7325423
              n 45353.1879696
              w 45351.5254849
            b:e 1462.0554424
            b:c 1622.9405592
            b:n 1195.8482992
            b:w 1195.7870546
            e:c 11992.5453563
            e:n 4772.2280732
            e:w 4772.8562809
            c:n 4220.4339755
            c:w 4221.1710339
            n:w 12167.1364860
          b:e:c 1409.8268904
          b:e:n 635.8169413
          b:e:w 635.8135204
          b:c:n 635.9352177
          b:c:w 635.9385822
          b:n:w 1401.7159882
          e:c:n 4377.0081996
          e:c:w 4377.3054183
          e:n:w 6112.8652160
          c:n:w 5366.7625176
        b:e:c:n 1197.4807071
        b:e:c:w 1197.5420081
        b:e:n:w 1592.2034173
        b:c:n:w 1436.5256790
        e:c:n:w 48573.3567457
