########################################
# legofit: estimate population history #
#       version 2.3.4-4-g53f8760       #
########################################

# Program was compiled: Sep 21 2021 14:36:42
# Program was run: Wed Sep 22 23:45:27 2021

# cmd: legofit -1 -d 0 -t 32 --ptsPerDim 3 --stateOut b1boot48.state --tol 3e-6 -S 5000 bef2.lgo ../../chrX/boot_chrX/boot48.opf
# Stage nOptItr nSimReps
#     0    5000        0
# algorithm          : deterministic
# ignoring probs <=  : 0
# Branch length floor: 0
# DE strategy        : 2
#    F               : 0.3
#    CR              : 0.8
#    tolerance       : 3e-06
# nthreads           : 32
# lgo input file     : bef2.lgo
# site pat input file: ../../chrX/boot_chrX/boot48.opf
# free parameters    : 14
# points in DE swarm : 42
# output state file  : b1boot48.state
# Including singleton site patterns.
# cost function      : KL
Initial parameter values
Fixed:
      zero = 0
       one = 1
    Tbecnw = 75200
Free:
       pc1 = 0
       pc2 = 0
       pc3 = 0
       pc4 = 0
       pc5 = 0
       pc6 = 0
       pc7 = 0
       pc8 = 0
       pc9 = 0
      pc10 = 0
      pc11 = 0
      pc12 = 0
      pc13 = 0
      pc14 = 0
Constrained:
     Tecnw = 44052.6
       Tnw = 106.758
       Tec = 840.276
     twoNb = 998510
     twoNe = 347152
     twoNc = 170205
     twoNw = 1.33738e+06
    twoNec = 79594.8
    twoNnw = 149402
  twoNecnw = 23071.8
  twoNbecnw = 55100.1
        m2 = 0.0274239
        m5 = 0.370841
        m6 = 0.270448
        Tb = 22446.4
        Te = 53.3789
        Tf = 26.6894
DiffEv reached_goal. cost=2.47137e-03 spread=1.65241e-06
Fitted parameter values
Free:
       pc1 = 3.77339
       pc2 = 1.99181
       pc3 = -1.91778
       pc4 = -0.35854
       pc5 = -1.99208
       pc6 = -0.0708784
       pc7 = -1.89691
       pc8 = 0.317951
       pc9 = 1.21886
      pc10 = -0.36133
      pc11 = -0.0841129
      pc12 = 0.776077
      pc13 = -0.910923
      pc14 = 0.239168
Constrained:
     Tecnw = 44048.1
       Tnw = 141.808
       Tec = 1070.21
     twoNb = 2.24636e+06
     twoNe = 44652.3
     twoNc = 155505
     twoNw = 1.64429e+06
    twoNec = 75487.8
    twoNnw = 156506
  twoNecnw = 22917.6
  twoNbecnw = 55293.8
        m2 = 0.0399906
        m5 = 0.376847
        m6 = 0.283157
        Tb = 22559.2
        Te = 70.9042
        Tf = 35.4521
#       SitePat  BranchLen
              b 122375.8908467
              e 45979.5682137
              c 47805.1837262
              n 45234.2527831
              w 45232.5390580
            b:e 1490.5583668
            b:c 1655.7066900
            b:n 1165.3925691
            b:w 1165.3308083
            e:c 11983.2209717
            e:n 4730.8568805
            e:w 4731.5018491
            c:n 4189.1388738
            c:w 4189.9046230
            n:w 12181.8129002
          b:e:c 1395.8162056
          b:e:n 621.3869049
          b:e:w 621.3831750
          b:c:n 621.5383679
          b:c:w 621.5420215
          b:n:w 1384.8767024
          e:c:n 4289.6592930
          e:c:w 4289.9623004
          e:n:w 6175.6065201
          c:n:w 5426.2149340
        b:e:c:n 1167.5498752
        b:e:c:w 1167.6117125
        b:e:n:w 1614.7629906
        b:c:n:w 1456.3956643
        e:c:n:w 48266.2976417
