########################################
# legofit: estimate population history #
#       version 2.3.4-4-g53f8760       #
########################################

# Program was compiled: Sep 21 2021 14:36:42
# Program was run: Wed Sep 22 23:45:13 2021

# cmd: legofit -1 -d 0 -t 32 --ptsPerDim 3 --stateOut b1boot32.state --tol 3e-6 -S 5000 bef2.lgo ../../chrX/boot_chrX/boot32.opf
# Stage nOptItr nSimReps
#     0    5000        0
# algorithm          : deterministic
# ignoring probs <=  : 0
# Branch length floor: 0
# DE strategy        : 2
#    F               : 0.3
#    CR              : 0.8
#    tolerance       : 3e-06
# nthreads           : 32
# lgo input file     : bef2.lgo
# site pat input file: ../../chrX/boot_chrX/boot32.opf
# free parameters    : 14
# points in DE swarm : 42
# output state file  : b1boot32.state
# Including singleton site patterns.
# cost function      : KL
Initial parameter values
Fixed:
      zero = 0
       one = 1
    Tbecnw = 75200
Free:
       pc1 = 0
       pc2 = 0
       pc3 = 0
       pc4 = 0
       pc5 = 0
       pc6 = 0
       pc7 = 0
       pc8 = 0
       pc9 = 0
      pc10 = 0
      pc11 = 0
      pc12 = 0
      pc13 = 0
      pc14 = 0
Constrained:
     Tecnw = 44052.6
       Tnw = 106.758
       Tec = 840.276
     twoNb = 998510
     twoNe = 347152
     twoNc = 170205
     twoNw = 1.33738e+06
    twoNec = 79594.8
    twoNnw = 149402
  twoNecnw = 23071.8
  twoNbecnw = 55100.1
        m2 = 0.0274239
        m5 = 0.370841
        m6 = 0.270448
        Tb = 22446.4
        Te = 53.3789
        Tf = 26.6894
DiffEv reached_goal. cost=2.36670e-03 spread=2.24042e-06
Fitted parameter values
Free:
       pc1 = 3.55836
       pc2 = 1.95123
       pc3 = -1.92263
       pc4 = 1.80338
       pc5 = -1.94492
       pc6 = -1.26916
       pc7 = -1.82747
       pc8 = 0.0356706
       pc9 = 0.408269
      pc10 = 0.314443
      pc11 = -0.456561
      pc12 = 0.970188
      pc13 = -0.793943
      pc14 = 0.0182775
Constrained:
     Tecnw = 43962.5
       Tnw = 28.4173
       Tec = 1495.16
     twoNb = 2.22757e+06
     twoNe = 60330.9
     twoNc = 469321
     twoNw = 2.06192e+06
    twoNec = 72068.8
    twoNnw = 154952
  twoNecnw = 22550.3
  twoNbecnw = 54929
        m2 = 0.0386564
        m5 = 0.37529
        m6 = 0.275204
        Tb = 22728.8
        Te = 14.2086
        Tf = 7.10432
#       SitePat  BranchLen
              b 122279.9154947
              e 45442.2704949
              c 47390.2463807
              n 44949.1725716
              w 44948.9049390
            b:e 1428.0880296
            b:c 1599.9390655
            b:n 1130.1133237
            b:w 1130.1039587
            e:c 12125.0330467
            e:n 4655.1560876
            e:w 4655.2590163
            c:n 4075.7797111
            c:w 4075.8976169
            n:w 12194.5290196
          b:e:c 1370.0490562
          b:e:n 594.2597618
          b:e:w 594.2593101
          b:c:n 594.4147308
          b:c:w 594.4151712
          b:n:w 1359.1973002
          e:c:n 4237.9603905
          e:c:w 4238.0071887
          e:n:w 6083.3341823
          c:n:w 5286.7763102
        b:e:c:n 1132.1994810
        b:e:c:w 1132.2088573
        b:e:n:w 1560.0341364
        b:c:n:w 1395.1920325
        e:c:n:w 48646.2706704
