########################################
# legofit: estimate population history #
#       version 2.3.4-4-g53f8760       #
########################################

# Program was compiled: Sep 21 2021 14:36:42
# Program was run: Wed Sep 22 23:45:06 2021

# cmd: legofit -1 -d 0 -t 32 --ptsPerDim 3 --stateOut b1boot28.state --tol 3e-6 -S 5000 bef2.lgo ../../chrX/boot_chrX/boot28.opf
# Stage nOptItr nSimReps
#     0    5000        0
# algorithm          : deterministic
# ignoring probs <=  : 0
# Branch length floor: 0
# DE strategy        : 2
#    F               : 0.3
#    CR              : 0.8
#    tolerance       : 3e-06
# nthreads           : 32
# lgo input file     : bef2.lgo
# site pat input file: ../../chrX/boot_chrX/boot28.opf
# free parameters    : 14
# points in DE swarm : 42
# output state file  : b1boot28.state
# Including singleton site patterns.
# cost function      : KL
Initial parameter values
Fixed:
      zero = 0
       one = 1
    Tbecnw = 75200
Free:
       pc1 = 0
       pc2 = 0
       pc3 = 0
       pc4 = 0
       pc5 = 0
       pc6 = 0
       pc7 = 0
       pc8 = 0
       pc9 = 0
      pc10 = 0
      pc11 = 0
      pc12 = 0
      pc13 = 0
      pc14 = 0
Constrained:
     Tecnw = 44052.6
       Tnw = 106.758
       Tec = 840.276
     twoNb = 998510
     twoNe = 347152
     twoNc = 170205
     twoNw = 1.33738e+06
    twoNec = 79594.8
    twoNnw = 149402
  twoNecnw = 23071.8
  twoNbecnw = 55100.1
        m2 = 0.0274239
        m5 = 0.370841
        m6 = 0.270448
        Tb = 22446.4
        Te = 53.3789
        Tf = 26.6894
DiffEv reached_goal. cost=2.48891e-03 spread=2.23892e-06
Fitted parameter values
Free:
       pc1 = 2.76915
       pc2 = 1.93125
       pc3 = -1.05157
       pc4 = -0.435034
       pc5 = -1.85727
       pc6 = -1.62544
       pc7 = -1.93748
       pc8 = -1.36055
       pc9 = 1.10967
      pc10 = 0.518589
      pc11 = 0.527106
      pc12 = 0.00884886
      pc13 = -0.00430939
      pc14 = -0.00381677
Constrained:
     Tecnw = 43912.3
       Tnw = 154.069
       Tec = 862.398
     twoNb = 2.34122e+06
     twoNe = 1.07309e+06
     twoNc = 149393
     twoNw = 1.95539e+06
    twoNec = 75729.3
    twoNnw = 149381
  twoNecnw = 22780.8
  twoNbecnw = 54451.7
        m2 = 0.0368777
        m5 = 0.376659
        m6 = 0.276415
        Tb = 22387.4
        Te = 77.0343
        Tf = 38.5171
#       SitePat  BranchLen
              b 121839.8263748
              e 45440.8446981
              c 47429.5710599
              n 44624.8475391
              w 44623.3229558
            b:e 1425.4184250
            b:c 1597.5599612
            b:n 1118.6652382
            b:w 1118.6118185
            e:c 11990.4194655
            e:n 4698.4183456
            e:w 4699.0030756
            c:n 4108.5186989
            c:w 4109.1897598
            n:w 12305.5795347
          b:e:c 1359.6202870
          b:e:n 594.9761988
          b:e:w 594.9736052
          b:c:n 595.1150194
          b:c:w 595.1175540
          b:n:w 1349.9757383
          e:c:n 4204.6299402
          e:c:w 4204.8987326
          e:n:w 6153.4191891
          c:n:w 5337.7302412
        b:e:c:n 1120.5114967
        b:e:c:w 1120.5649754
        b:e:n:w 1561.0600116
        b:c:n:w 1395.3112547
        e:c:n:w 48218.5495123
