########################################
# legofit: estimate population history #
#       version 2.3.4-4-g53f8760       #
########################################

# Program was compiled: Sep 21 2021 14:36:42
# Program was run: Thu Sep 23 12:03:03 2021

# cmd: legofit -1 -d 0 -t 32 --ptsPerDim 3 --stateOut b1boot44.state --tol 3e-6 -S 5000 acf2.lgo ../../boot/boot44.opf
# Stage nOptItr nSimReps
#     0    5000        0
# algorithm          : deterministic
# ignoring probs <=  : 0
# Branch length floor: 0
# DE strategy        : 2
#    F               : 0.3
#    CR              : 0.8
#    tolerance       : 3e-06
# nthreads           : 32
# lgo input file     : acf2.lgo
# site pat input file: ../../boot/boot44.opf
# free parameters    : 17
# points in DE swarm : 51
# output state file  : b1boot44.state
# Including singleton site patterns.
# cost function      : KL
Initial parameter values
Fixed:
      zero = 0
       one = 1
    Tbecnw = 75200
Free:
       pc1 = 0
       pc2 = 0
       pc3 = 0
       pc4 = 0
       pc5 = 0
       pc6 = 0
       pc7 = 0
       pc8 = 0
       pc9 = 0
      pc10 = 0
      pc11 = 0
      pc12 = 0
      pc13 = 0
      pc14 = 0
      pc15 = 0
      pc16 = 0
      pc17 = 0
Constrained:
   Tgbecnw = 106967
     Tecnw = 26641.3
       Tnw = 24550.7
       Tec = 13888
     twoNb = 666796
     twoNe = 11016.3
     twoNc = 1.28247e+06
     twoNn = 1.30872e+06
     twoNw = 3.09045e+06
    twoNec = 148743
    twoNnw = 7547.62
  twoNecnw = 82655.2
  twoNbecnw = 14923.3
  twoNgbecnw = 214809
         m = 0.174287
        m3 = 0.156995
        m6 = 1.07363e-06
        Ta = 37600
        Tc = 12275.4
        Tf = 6137.68
DiffEv reached_goal. cost=1.99657e-03 spread=2.97490e-06
Fitted parameter values
Free:
       pc1 = -3.99049
       pc2 = -3.19517
       pc3 = 1.98953
       pc4 = 0.0949549
       pc5 = 1.43399
       pc6 = 1.02639
       pc7 = -1.1781
       pc8 = -1.94595
       pc9 = 0.0179682
      pc10 = -0.378683
      pc11 = -0.330212
      pc12 = 0.0567868
      pc13 = 0.0431146
      pc14 = 0.0636808
      pc15 = -0.0339351
      pc16 = 0.0110503
      pc17 = -0.00313812
Constrained:
   Tgbecnw = 84753.4
     Tecnw = 24052
       Tnw = 23917.6
       Tec = 13240.9
     twoNb = 734932
     twoNe = 7598.7
     twoNc = 1.25382e+06
     twoNn = 1.48234e+06
     twoNw = 3.54726e+06
    twoNec = 128340
    twoNnw = 493.998
  twoNecnw = 79940.2
  twoNbecnw = 4406.23
  twoNgbecnw = 254830
         m = 0.134023
        m3 = 0.143871
        m6 = 3.14405e-06
        Ta = 37600
        Tc = 11958.8
        Tf = 5979.4
#       SitePat  BranchLen
              b 126186.2544454
              e 50003.0896431
              c 50974.8982008
              n 45607.3397728
              w 47444.7079795
            b:e 2251.6015648
            b:c 2328.7419103
            b:n 1745.4111851
            b:w 1910.9488685
            e:c 10385.5610146
            e:n 6086.2946731
            e:w 4862.8792107
            c:n 5114.4498986
            c:w 5109.4329230
            n:w 12912.0711688
          b:e:c 2223.3590880
          b:e:n 1202.0271884
          b:e:w 1127.9636059
          b:c:n 1124.8808547
          b:c:w 1212.4180153
          b:n:w 2178.4878795
          e:c:n 4918.8285514
          e:c:w 4309.8927826
          e:n:w 6174.0793063
          c:n:w 5927.5618108
        b:e:c:n 2193.2577917
        b:e:c:w 2014.2465301
        b:e:n:w 2652.8392908
        b:c:n:w 2568.3908695
        e:c:n:w 52514.9088467
