########################################
# legofit: estimate population history #
#       version 2.3.4-4-g53f8760       #
########################################

# Program was compiled: Sep 21 2021 14:36:42
# Program was run: Thu Sep 23 12:03:03 2021

# cmd: legofit -1 -d 0 -t 32 --ptsPerDim 3 --stateOut b1boot45.state --tol 3e-6 -S 5000 acf2.lgo ../../boot/boot45.opf
# Stage nOptItr nSimReps
#     0    5000        0
# algorithm          : deterministic
# ignoring probs <=  : 0
# Branch length floor: 0
# DE strategy        : 2
#    F               : 0.3
#    CR              : 0.8
#    tolerance       : 3e-06
# nthreads           : 32
# lgo input file     : acf2.lgo
# site pat input file: ../../boot/boot45.opf
# free parameters    : 17
# points in DE swarm : 51
# output state file  : b1boot45.state
# Including singleton site patterns.
# cost function      : KL
Initial parameter values
Fixed:
      zero = 0
       one = 1
    Tbecnw = 75200
Free:
       pc1 = 0
       pc2 = 0
       pc3 = 0
       pc4 = 0
       pc5 = 0
       pc6 = 0
       pc7 = 0
       pc8 = 0
       pc9 = 0
      pc10 = 0
      pc11 = 0
      pc12 = 0
      pc13 = 0
      pc14 = 0
      pc15 = 0
      pc16 = 0
      pc17 = 0
Constrained:
   Tgbecnw = 106967
     Tecnw = 26641.3
       Tnw = 24550.7
       Tec = 13888
     twoNb = 666796
     twoNe = 11016.3
     twoNc = 1.28247e+06
     twoNn = 1.30872e+06
     twoNw = 3.09045e+06
    twoNec = 148743
    twoNnw = 7547.62
  twoNecnw = 82655.2
  twoNbecnw = 14923.3
  twoNgbecnw = 214809
         m = 0.174287
        m3 = 0.156995
        m6 = 1.07363e-06
        Ta = 37600
        Tc = 12275.4
        Tf = 6137.68
DiffEv reached_goal. cost=2.02056e-03 spread=2.93021e-06
Fitted parameter values
Free:
       pc1 = -3.99689
       pc2 = -3.32958
       pc3 = 1.55819
       pc4 = -0.0828462
       pc5 = 1.55603
       pc6 = 1.99644
       pc7 = -1.66173
       pc8 = -1.95459
       pc9 = -0.524987
      pc10 = 0.857459
      pc11 = -0.849698
      pc12 = -0.100799
      pc13 = 0.0147569
      pc14 = 0.0995445
      pc15 = 0.000600528
      pc16 = -0.0283406
      pc17 = 0.00166746
Constrained:
   Tgbecnw = 83303.4
     Tecnw = 23898.8
       Tnw = 23713.2
       Tec = 12691.4
     twoNb = 1.48384e+06
     twoNe = 5472.62
     twoNc = 2.59653e+06
     twoNn = 2.45022e+06
     twoNw = 3.57521e+06
    twoNec = 133024
    twoNnw = 679.656
  twoNecnw = 80958.8
  twoNbecnw = 3804.41
  twoNgbecnw = 246103
         m = 0.142458
        m3 = 0.147903
        m6 = 3.28125e-06
        Ta = 37600
        Tc = 11856.6
        Tf = 5928.31
#       SitePat  BranchLen
              b 126361.2704979
              e 50013.9747537
              c 50930.4682962
              n 45602.9050095
              w 47421.0829324
            b:e 2240.8369658
            b:c 2312.7110978
            b:n 1737.2799076
            b:w 1899.5240393
            e:c 10406.2474067
            e:n 6051.0790985
            e:w 4867.9977486
            c:n 5134.5475340
            c:w 5098.2286726
            n:w 12937.9738433
          b:e:c 2213.9152948
          b:e:n 1194.3087419
          b:e:w 1125.6888359
          b:c:n 1122.4283707
          b:c:w 1204.4981960
          b:n:w 2168.6319456
          e:c:n 4889.8308169
          e:c:w 4291.0531053
          e:n:w 6134.0395294
          c:n:w 5903.8466274
        b:e:c:n 2185.3955167
        b:e:c:w 2009.7014655
        b:e:n:w 2640.6054590
        b:c:n:w 2561.8023382
        e:c:n:w 52713.9239340
