########################################
# legofit: estimate population history #
#       version 2.3.4-4-g53f8760       #
########################################

# Program was compiled: Sep 21 2021 14:36:42
# Program was run: Thu Sep 23 12:03:02 2021

# cmd: legofit -1 -d 0 -t 32 --ptsPerDim 3 --stateOut b1boot42.state --tol 3e-6 -S 5000 acf2.lgo ../../boot/boot42.opf
# Stage nOptItr nSimReps
#     0    5000        0
# algorithm          : deterministic
# ignoring probs <=  : 0
# Branch length floor: 0
# DE strategy        : 2
#    F               : 0.3
#    CR              : 0.8
#    tolerance       : 3e-06
# nthreads           : 32
# lgo input file     : acf2.lgo
# site pat input file: ../../boot/boot42.opf
# free parameters    : 17
# points in DE swarm : 51
# output state file  : b1boot42.state
# Including singleton site patterns.
# cost function      : KL
Initial parameter values
Fixed:
      zero = 0
       one = 1
    Tbecnw = 75200
Free:
       pc1 = 0
       pc2 = 0
       pc3 = 0
       pc4 = 0
       pc5 = 0
       pc6 = 0
       pc7 = 0
       pc8 = 0
       pc9 = 0
      pc10 = 0
      pc11 = 0
      pc12 = 0
      pc13 = 0
      pc14 = 0
      pc15 = 0
      pc16 = 0
      pc17 = 0
Constrained:
   Tgbecnw = 106967
     Tecnw = 26641.3
       Tnw = 24550.7
       Tec = 13888
     twoNb = 666796
     twoNe = 11016.3
     twoNc = 1.28247e+06
     twoNn = 1.30872e+06
     twoNw = 3.09045e+06
    twoNec = 148743
    twoNnw = 7547.62
  twoNecnw = 82655.2
  twoNbecnw = 14923.3
  twoNgbecnw = 214809
         m = 0.174287
        m3 = 0.156995
        m6 = 1.07363e-06
        Ta = 37600
        Tc = 12275.4
        Tf = 6137.68
DiffEv reached_goal. cost=1.98740e-03 spread=2.76230e-06
Fitted parameter values
Free:
       pc1 = -3.80461
       pc2 = -3.3767
       pc3 = 1.32614
       pc4 = 0.278086
       pc5 = 1.61635
       pc6 = 1.62858
       pc7 = -1.80001
       pc8 = -1.99349
       pc9 = 0.200866
      pc10 = 0.471521
      pc11 = -0.425863
      pc12 = -0.209603
      pc13 = 0.129005
      pc14 = -0.0116372
      pc15 = 0.104874
      pc16 = -0.0200534
      pc17 = 0.013559
Constrained:
   Tgbecnw = 82744.2
     Tecnw = 24101.3
       Tnw = 23887.5
       Tec = 12979.3
     twoNb = 1.1009e+06
     twoNe = 7074.33
     twoNc = 2.47634e+06
     twoNn = 1.92202e+06
     twoNw = 3.21451e+06
    twoNec = 127735
    twoNnw = 768.48
  twoNecnw = 79604.2
  twoNbecnw = 3599.51
  twoNgbecnw = 240195
         m = 0.144489
        m3 = 0.154406
        m6 = 3.48088e-06
        Ta = 37600
        Tc = 11943.8
        Tf = 5971.88
#       SitePat  BranchLen
              b 126015.1386731
              e 49843.3304921
              c 50756.0264679
              n 45477.7765241
              w 47354.1258504
            b:e 2230.2715565
            b:c 2302.0647881
            b:n 1728.0090983
            b:w 1896.8453695
            e:c 10435.7762528
            e:n 6018.4412345
            e:w 4821.2827354
            c:n 5105.7044796
            c:w 5051.5246308
            n:w 12906.3881925
          b:e:c 2213.1871885
          b:e:n 1184.7106518
          b:e:w 1116.3660300
          b:c:n 1112.9107091
          b:c:w 1194.9811218
          b:n:w 2168.9654434
          e:c:n 4913.1961557
          e:c:w 4288.1851771
          e:n:w 6128.9065775
          c:n:w 5898.7054613
        b:e:c:n 2176.7900468
        b:e:c:w 1994.2279847
        b:e:n:w 2622.7758896
        b:c:n:w 2544.1675089
        e:c:n:w 52513.9640870
