########################################
# legofit: estimate population history #
#       version 2.3.4-4-g53f8760       #
########################################

# Program was compiled: Sep 21 2021 14:36:42
# Program was run: Thu Sep 23 12:02:18 2021

# cmd: legofit -1 -d 0 -t 32 --ptsPerDim 3 --stateOut b1boot27.state --tol 3e-6 -S 5000 acf2.lgo ../../boot/boot27.opf
# Stage nOptItr nSimReps
#     0    5000        0
# algorithm          : deterministic
# ignoring probs <=  : 0
# Branch length floor: 0
# DE strategy        : 2
#    F               : 0.3
#    CR              : 0.8
#    tolerance       : 3e-06
# nthreads           : 32
# lgo input file     : acf2.lgo
# site pat input file: ../../boot/boot27.opf
# free parameters    : 17
# points in DE swarm : 51
# output state file  : b1boot27.state
# Including singleton site patterns.
# cost function      : KL
Initial parameter values
Fixed:
      zero = 0
       one = 1
    Tbecnw = 75200
Free:
       pc1 = 0
       pc2 = 0
       pc3 = 0
       pc4 = 0
       pc5 = 0
       pc6 = 0
       pc7 = 0
       pc8 = 0
       pc9 = 0
      pc10 = 0
      pc11 = 0
      pc12 = 0
      pc13 = 0
      pc14 = 0
      pc15 = 0
      pc16 = 0
      pc17 = 0
Constrained:
   Tgbecnw = 106967
     Tecnw = 26641.3
       Tnw = 24550.7
       Tec = 13888
     twoNb = 666796
     twoNe = 11016.3
     twoNc = 1.28247e+06
     twoNn = 1.30872e+06
     twoNw = 3.09045e+06
    twoNec = 148743
    twoNnw = 7547.62
  twoNecnw = 82655.2
  twoNbecnw = 14923.3
  twoNgbecnw = 214809
         m = 0.174287
        m3 = 0.156995
        m6 = 1.07363e-06
        Ta = 37600
        Tc = 12275.4
        Tf = 6137.68
DiffEv reached_goal. cost=1.98925e-03 spread=2.88947e-06
Fitted parameter values
Free:
       pc1 = -3.33286
       pc2 = -3.26462
       pc3 = 1.33222
       pc4 = -0.0638624
       pc5 = 1.57531
       pc6 = 1.48919
       pc7 = -1.4688
       pc8 = -1.93294
       pc9 = -0.105209
      pc10 = -0.983172
      pc11 = -0.0326708
      pc12 = 0.0740968
      pc13 = 0.0298792
      pc14 = 0.0150806
      pc15 = -0.0150392
      pc16 = 0.00671925
      pc17 = 0.00492136
Constrained:
   Tgbecnw = 86708.9
     Tecnw = 24361.2
       Tnw = 24299.9
       Tec = 13613.6
     twoNb = 746449
     twoNe = 9357.68
     twoNc = 1.0666e+06
     twoNn = 2.36418e+06
     twoNw = 3.30096e+06
    twoNec = 126929
    twoNnw = 222.114
  twoNecnw = 79319.6
  twoNbecnw = 5347.36
  twoNgbecnw = 249790
         m = 0.138295
        m3 = 0.147816
        m6 = 4.46617e-06
        Ta = 37600
        Tc = 12149.9
        Tf = 6074.96
#       SitePat  BranchLen
              b 127247.8827157
              e 50279.8369843
              c 51210.4802730
              n 45836.0271268
              w 47662.1490063
            b:e 2276.7406090
            b:c 2351.2987779
            b:n 1759.5321657
            b:w 1926.1376041
            e:c 10441.0223423
            e:n 6067.2227403
            e:w 4875.1371910
            c:n 5136.5272525
            c:w 5112.9173988
            n:w 12974.2737465
          b:e:c 2246.3457584
          b:e:n 1207.1179651
          b:e:w 1135.7163643
          b:c:n 1132.5511004
          b:c:w 1217.1625766
          b:n:w 2201.7909287
          e:c:n 4956.9340893
          e:c:w 4346.5076129
          e:n:w 6233.4040134
          c:n:w 5995.6760046
        b:e:c:n 2203.0207408
        b:e:c:w 2023.2054271
        b:e:n:w 2669.5714805
        b:c:n:w 2588.1339641
        e:c:n:w 53224.4248595
