########################################
# legofit: estimate population history #
#       version 2.3.4-4-g53f8760       #
########################################

# Program was compiled: Sep 21 2021 14:36:42
# Program was run: Thu Sep 23 12:01:52 2021

# cmd: legofit -1 -d 0 -t 32 --ptsPerDim 3 --stateOut b1boot15.state --tol 3e-6 -S 5000 acf2.lgo ../../boot/boot15.opf
# Stage nOptItr nSimReps
#     0    5000        0
# algorithm          : deterministic
# ignoring probs <=  : 0
# Branch length floor: 0
# DE strategy        : 2
#    F               : 0.3
#    CR              : 0.8
#    tolerance       : 3e-06
# nthreads           : 32
# lgo input file     : acf2.lgo
# site pat input file: ../../boot/boot15.opf
# free parameters    : 17
# points in DE swarm : 51
# output state file  : b1boot15.state
# Including singleton site patterns.
# cost function      : KL
Initial parameter values
Fixed:
      zero = 0
       one = 1
    Tbecnw = 75200
Free:
       pc1 = 0
       pc2 = 0
       pc3 = 0
       pc4 = 0
       pc5 = 0
       pc6 = 0
       pc7 = 0
       pc8 = 0
       pc9 = 0
      pc10 = 0
      pc11 = 0
      pc12 = 0
      pc13 = 0
      pc14 = 0
      pc15 = 0
      pc16 = 0
      pc17 = 0
Constrained:
   Tgbecnw = 106967
     Tecnw = 26641.3
       Tnw = 24550.7
       Tec = 13888
     twoNb = 666796
     twoNe = 11016.3
     twoNc = 1.28247e+06
     twoNn = 1.30872e+06
     twoNw = 3.09045e+06
    twoNec = 148743
    twoNnw = 7547.62
  twoNecnw = 82655.2
  twoNbecnw = 14923.3
  twoNgbecnw = 214809
         m = 0.174287
        m3 = 0.156995
        m6 = 1.07363e-06
        Ta = 37600
        Tc = 12275.4
        Tf = 6137.68
DiffEv reached_goal. cost=1.98731e-03 spread=2.75793e-06
Fitted parameter values
Free:
       pc1 = -3.78718
       pc2 = -3.74071
       pc3 = 1.44167
       pc4 = 1.30974
       pc5 = 1.39474
       pc6 = 1.30441
       pc7 = -1.12003
       pc8 = -1.90652
       pc9 = -0.14263
      pc10 = 0.378543
      pc11 = -0.472934
      pc12 = -0.0643836
      pc13 = 0.106005
      pc14 = 0.0470284
      pc15 = -0.00224658
      pc16 = -0.0262004
      pc17 = 0.0175215
Constrained:
   Tgbecnw = 83507.1
     Tecnw = 24025.9
       Tnw = 23894.3
       Tec = 13406.2
     twoNb = 805233
     twoNe = 9433.04
     twoNc = 3.11838e+06
     twoNn = 1.71407e+06
     twoNw = 4.59857e+06
    twoNec = 124052
    twoNnw = 470.121
  twoNecnw = 80461.5
  twoNbecnw = 3890.99
  twoNgbecnw = 246408
         m = 0.140895
        m3 = 0.155155
        m6 = 2.86844e-06
        Ta = 37600
        Tc = 11947.1
        Tf = 5973.57
#       SitePat  BranchLen
              b 126123.0220343
              e 49972.6044759
              c 50937.1362494
              n 45488.4182572
              w 47402.3895176
            b:e 2231.3116775
            b:c 2307.3201085
            b:n 1721.1434052
            b:w 1893.0893575
            e:c 10390.4599872
            e:n 6066.6564395
            e:w 4823.3648014
            c:n 5102.0909857
            c:w 5067.1941696
            n:w 12959.5298527
          b:e:c 2211.4633637
          b:e:n 1187.3672067
          b:e:w 1114.7809446
          b:c:n 1111.3532426
          b:c:w 1198.0819413
          b:n:w 2165.9816905
          e:c:n 4897.7673664
          e:c:w 4261.9845602
          e:n:w 6142.1704170
          c:n:w 5898.3747291
        b:e:c:n 2175.3538413
        b:e:c:w 1989.2654525
        b:e:n:w 2631.6385635
        b:c:n:w 2548.3430999
        e:c:n:w 52513.3268320
