########################################
# legofit: estimate population history #
#       version 2.3.4-4-g53f8760       #
########################################

# Program was compiled: Sep 21 2021 14:36:42
# Program was run: Thu Sep 23 12:03:19 2021

# cmd: legofit -1 -d 0 -t 32 --ptsPerDim 3 --stateOut b1boot48.state --tol 3e-6 -S 5000 acf2.lgo ../../boot/boot48.opf
# Stage nOptItr nSimReps
#     0    5000        0
# algorithm          : deterministic
# ignoring probs <=  : 0
# Branch length floor: 0
# DE strategy        : 2
#    F               : 0.3
#    CR              : 0.8
#    tolerance       : 3e-06
# nthreads           : 32
# lgo input file     : acf2.lgo
# site pat input file: ../../boot/boot48.opf
# free parameters    : 17
# points in DE swarm : 51
# output state file  : b1boot48.state
# Including singleton site patterns.
# cost function      : KL
Initial parameter values
Fixed:
      zero = 0
       one = 1
    Tbecnw = 75200
Free:
       pc1 = 0
       pc2 = 0
       pc3 = 0
       pc4 = 0
       pc5 = 0
       pc6 = 0
       pc7 = 0
       pc8 = 0
       pc9 = 0
      pc10 = 0
      pc11 = 0
      pc12 = 0
      pc13 = 0
      pc14 = 0
      pc15 = 0
      pc16 = 0
      pc17 = 0
Constrained:
   Tgbecnw = 106967
     Tecnw = 26641.3
       Tnw = 24550.7
       Tec = 13888
     twoNb = 666796
     twoNe = 11016.3
     twoNc = 1.28247e+06
     twoNn = 1.30872e+06
     twoNw = 3.09045e+06
    twoNec = 148743
    twoNnw = 7547.62
  twoNecnw = 82655.2
  twoNbecnw = 14923.3
  twoNgbecnw = 214809
         m = 0.174287
        m3 = 0.156995
        m6 = 1.07363e-06
        Ta = 37600
        Tc = 12275.4
        Tf = 6137.68
DiffEv reached_goal. cost=2.00596e-03 spread=2.64448e-06
Fitted parameter values
Free:
       pc1 = -3.95407
       pc2 = -3.94046
       pc3 = 1.97796
       pc4 = 0.352606
       pc5 = 1.85657
       pc6 = 0.588876
       pc7 = -1.76632
       pc8 = -1.76045
       pc9 = 0.867038
      pc10 = 0.359484
      pc11 = -0.469615
      pc12 = -0.23328
      pc13 = 0.00691045
      pc14 = 0.0702718
      pc15 = -0.0856727
      pc16 = -0.0914504
      pc17 = 0.0283282
Constrained:
   Tgbecnw = 79979.5
     Tecnw = 23758.7
       Tnw = 23675.8
       Tec = 13564.1
     twoNb = 746668
     twoNe = 11193.6
     twoNc = 1.89119e+06
     twoNn = 972668
     twoNw = 2.79296e+06
    twoNec = 122559
    twoNnw = 299.639
  twoNecnw = 80384.6
  twoNbecnw = 2324.62
  twoNgbecnw = 237773
         m = 0.148163
        m3 = 0.151203
        m6 = 2.47662e-06
        Ta = 37600
        Tc = 11837.9
        Tf = 5918.96
#       SitePat  BranchLen
              b 125721.8931000
              e 49796.7012281
              c 50729.1414717
              n 45291.4032750
              w 47119.1422756
            b:e 2252.2981350
            b:c 2326.8993361
            b:n 1737.2105580
            b:w 1903.4520595
            e:c 10292.2414019
            e:n 6035.9581208
            e:w 4840.6778176
            c:n 5103.4888889
            c:w 5077.9918405
            n:w 12896.3522514
          b:e:c 2224.2712199
          b:e:n 1200.3511463
          b:e:w 1129.0904806
          b:c:n 1125.7451434
          b:c:w 1210.9749085
          b:n:w 2177.3633620
          e:c:n 4872.6713799
          e:c:w 4265.7097309
          e:n:w 6141.3707979
          c:n:w 5904.0857632
        b:e:c:n 2193.3934648
        b:e:c:w 2013.1828639
        b:e:n:w 2660.4032620
        b:c:n:w 2578.5236360
        e:c:n:w 52536.7316264
