########################################
# legofit: estimate population history #
#       version 2.3.4-4-g53f8760       #
########################################

# Program was compiled: Sep 21 2021 14:36:42
# Program was run: Thu Sep 23 12:01:17 2021

# cmd: legofit -1 -d 0 -t 32 --ptsPerDim 3 --stateOut b1boot3.state --tol 3e-6 -S 5000 acf2.lgo ../../boot/boot3.opf
# Stage nOptItr nSimReps
#     0    5000        0
# algorithm          : deterministic
# ignoring probs <=  : 0
# Branch length floor: 0
# DE strategy        : 2
#    F               : 0.3
#    CR              : 0.8
#    tolerance       : 3e-06
# nthreads           : 32
# lgo input file     : acf2.lgo
# site pat input file: ../../boot/boot3.opf
# free parameters    : 17
# points in DE swarm : 51
# output state file  : b1boot3.state
# Including singleton site patterns.
# cost function      : KL
Initial parameter values
Fixed:
      zero = 0
       one = 1
    Tbecnw = 75200
Free:
       pc1 = 0
       pc2 = 0
       pc3 = 0
       pc4 = 0
       pc5 = 0
       pc6 = 0
       pc7 = 0
       pc8 = 0
       pc9 = 0
      pc10 = 0
      pc11 = 0
      pc12 = 0
      pc13 = 0
      pc14 = 0
      pc15 = 0
      pc16 = 0
      pc17 = 0
Constrained:
   Tgbecnw = 106967
     Tecnw = 26641.3
       Tnw = 24550.7
       Tec = 13888
     twoNb = 666796
     twoNe = 11016.3
     twoNc = 1.28247e+06
     twoNn = 1.30872e+06
     twoNw = 3.09045e+06
    twoNec = 148743
    twoNnw = 7547.62
  twoNecnw = 82655.2
  twoNbecnw = 14923.3
  twoNgbecnw = 214809
         m = 0.174287
        m3 = 0.156995
        m6 = 1.07363e-06
        Ta = 37600
        Tc = 12275.4
        Tf = 6137.68
DiffEv reached_goal. cost=1.98699e-03 spread=2.55923e-06
Fitted parameter values
Free:
       pc1 = -3.92547
       pc2 = -3.60731
       pc3 = 1.22936
       pc4 = 0.308008
       pc5 = 1.72116
       pc6 = 1.85512
       pc7 = -0.839982
       pc8 = -1.87898
       pc9 = 1.39943
      pc10 = 1.64085
      pc11 = -0.230276
      pc12 = -0.126195
      pc13 = -0.020205
      pc14 = 0.0817752
      pc15 = -0.0982085
      pc16 = -0.0323161
      pc17 = 0.0465491
Constrained:
   Tgbecnw = 82275.5
     Tecnw = 24012.2
       Tnw = 23953.3
       Tec = 13019.7
     twoNb = 971121
     twoNe = 7367.9
     twoNc = 4.82722e+06
     twoNn = 1.39773e+06
     twoNw = 2.01134e+06
    twoNec = 132566
    twoNnw = 213.175
  twoNecnw = 79939.3
  twoNbecnw = 3336.72
  twoNgbecnw = 250244
         m = 0.138581
        m3 = 0.157696
        m6 = 2.04677e-06
        Ta = 37600
        Tc = 11976.6
        Tf = 5988.32
#       SitePat  BranchLen
              b 126085.8773329
              e 49976.8067978
              c 50883.2342503
              n 45538.4817209
              w 47387.8956424
            b:e 2270.2665967
            b:c 2342.7285047
            b:n 1754.9347164
            b:w 1923.3885684
            e:c 10320.2569757
            e:n 6054.5795008
            e:w 4867.9669404
            c:n 5148.1278781
            c:w 5097.4530693
            n:w 12846.5168210
          b:e:c 2234.9455588
          b:e:n 1210.9218299
          b:e:w 1141.9674758
          b:c:n 1138.4558957
          b:c:w 1221.4220397
          b:n:w 2188.7565382
          e:c:n 4906.6580061
          e:c:w 4294.5314538
          e:n:w 6155.8977065
          c:n:w 5926.4357476
        b:e:c:n 2212.9391700
        b:e:c:w 2030.4735282
        b:e:n:w 2674.9565469
        b:c:n:w 2595.5060091
        e:c:n:w 52674.3722241
