########################################
# legofit: estimate population history #
#       version 2.3.4-4-g53f8760       #
########################################

# Program was compiled: Sep 21 2021 14:36:42
# Program was run: Thu Sep 23 12:01:59 2021

# cmd: legofit -1 -d 0 -t 32 --ptsPerDim 3 --stateOut b1boot19.state --tol 3e-6 -S 5000 acf2.lgo ../../boot/boot19.opf
# Stage nOptItr nSimReps
#     0    5000        0
# algorithm          : deterministic
# ignoring probs <=  : 0
# Branch length floor: 0
# DE strategy        : 2
#    F               : 0.3
#    CR              : 0.8
#    tolerance       : 3e-06
# nthreads           : 32
# lgo input file     : acf2.lgo
# site pat input file: ../../boot/boot19.opf
# free parameters    : 17
# points in DE swarm : 51
# output state file  : b1boot19.state
# Including singleton site patterns.
# cost function      : KL
Initial parameter values
Fixed:
      zero = 0
       one = 1
    Tbecnw = 75200
Free:
       pc1 = 0
       pc2 = 0
       pc3 = 0
       pc4 = 0
       pc5 = 0
       pc6 = 0
       pc7 = 0
       pc8 = 0
       pc9 = 0
      pc10 = 0
      pc11 = 0
      pc12 = 0
      pc13 = 0
      pc14 = 0
      pc15 = 0
      pc16 = 0
      pc17 = 0
Constrained:
   Tgbecnw = 106967
     Tecnw = 26641.3
       Tnw = 24550.7
       Tec = 13888
     twoNb = 666796
     twoNe = 11016.3
     twoNc = 1.28247e+06
     twoNn = 1.30872e+06
     twoNw = 3.09045e+06
    twoNec = 148743
    twoNnw = 7547.62
  twoNecnw = 82655.2
  twoNbecnw = 14923.3
  twoNgbecnw = 214809
         m = 0.174287
        m3 = 0.156995
        m6 = 1.07363e-06
        Ta = 37600
        Tc = 12275.4
        Tf = 6137.68
DiffEv reached_goal. cost=1.99005e-03 spread=2.54102e-06
Fitted parameter values
Free:
       pc1 = -3.93674
       pc2 = -3.58325
       pc3 = 1.68362
       pc4 = 0.992445
       pc5 = 0.884531
       pc6 = 1.43921
       pc7 = -1.63855
       pc8 = -1.52055
       pc9 = 0.215893
      pc10 = 0.879927
      pc11 = -0.561763
      pc12 = -0.133855
      pc13 = 0.0390552
      pc14 = 0.0617597
      pc15 = -0.00947773
      pc16 = -0.0394837
      pc17 = 0.0328904
Constrained:
   Tgbecnw = 82431.7
     Tecnw = 24068.3
       Tnw = 23956.6
       Tec = 13243.8
     twoNb = 1.21841e+06
     twoNe = 8898.09
     twoNc = 2.70416e+06
     twoNn = 1.34906e+06
     twoNw = 4.08558e+06
    twoNec = 126746
    twoNnw = 395.938
  twoNecnw = 79681.7
  twoNbecnw = 3428.55
  twoNgbecnw = 246303
         m = 0.14127
        m3 = 0.159233
        m6 = 1.952e-06
        Ta = 37600
        Tc = 11978.3
        Tf = 5989.14
#       SitePat  BranchLen
              b 126187.5552457
              e 49908.7692330
              c 50823.7161988
              n 45422.0800867
              w 47311.7942323
            b:e 2257.2593360
            b:c 2330.1778239
            b:n 1738.6375867
            b:w 1910.7471214
            e:c 10388.9825331
            e:n 6030.2237889
            e:w 4826.8749729
            c:n 5115.2537799
            c:w 5058.8367342
            n:w 12937.6389918
          b:e:c 2235.0719494
          b:e:n 1197.0969649
          b:e:w 1127.7593173
          b:c:n 1124.1746428
          b:c:w 1207.6597836
          b:n:w 2189.0264693
          e:c:n 4909.2100763
          e:c:w 4279.2617925
          e:n:w 6160.8543912
          c:n:w 5928.9156731
        b:e:c:n 2195.2708976
        b:e:c:w 2009.0138698
        b:e:n:w 2657.1624057
        b:c:n:w 2577.2657736
        e:c:n:w 52761.0676592
