########################################
# legofit: estimate population history #
#       version 2.3.4-4-g53f8760       #
########################################

# Program was compiled: Sep 21 2021 14:36:42
# Program was run: Thu Sep 23 12:02:50 2021

# cmd: legofit -1 -d 0 -t 32 --ptsPerDim 3 --stateOut b1boot39.state --tol 3e-6 -S 5000 acf2.lgo ../../boot/boot39.opf
# Stage nOptItr nSimReps
#     0    5000        0
# algorithm          : deterministic
# ignoring probs <=  : 0
# Branch length floor: 0
# DE strategy        : 2
#    F               : 0.3
#    CR              : 0.8
#    tolerance       : 3e-06
# nthreads           : 32
# lgo input file     : acf2.lgo
# site pat input file: ../../boot/boot39.opf
# free parameters    : 17
# points in DE swarm : 51
# output state file  : b1boot39.state
# Including singleton site patterns.
# cost function      : KL
Initial parameter values
Fixed:
      zero = 0
       one = 1
    Tbecnw = 75200
Free:
       pc1 = 0
       pc2 = 0
       pc3 = 0
       pc4 = 0
       pc5 = 0
       pc6 = 0
       pc7 = 0
       pc8 = 0
       pc9 = 0
      pc10 = 0
      pc11 = 0
      pc12 = 0
      pc13 = 0
      pc14 = 0
      pc15 = 0
      pc16 = 0
      pc17 = 0
Constrained:
   Tgbecnw = 106967
     Tecnw = 26641.3
       Tnw = 24550.7
       Tec = 13888
     twoNb = 666796
     twoNe = 11016.3
     twoNc = 1.28247e+06
     twoNn = 1.30872e+06
     twoNw = 3.09045e+06
    twoNec = 148743
    twoNnw = 7547.62
  twoNecnw = 82655.2
  twoNbecnw = 14923.3
  twoNgbecnw = 214809
         m = 0.174287
        m3 = 0.156995
        m6 = 1.07363e-06
        Ta = 37600
        Tc = 12275.4
        Tf = 6137.68
DiffEv reached_goal. cost=1.93661e-03 spread=2.73620e-06
Fitted parameter values
Free:
       pc1 = -3.9356
       pc2 = -3.7693
       pc3 = 1.55726
       pc4 = 1.3756
       pc5 = 1.77033
       pc6 = 1.34923
       pc7 = -1.3104
       pc8 = -1.98474
       pc9 = -0.214764
      pc10 = -0.221145
      pc11 = -0.552131
      pc12 = -0.066162
      pc13 = 0.142927
      pc14 = 0.0352967
      pc15 = 0.029116
      pc16 = -0.00751317
      pc17 = 0.011329
Constrained:
   Tgbecnw = 82551.5
     Tecnw = 23877.4
       Tnw = 23851.4
       Tec = 13344.4
     twoNb = 604964
     twoNe = 9210.1
     twoNc = 2.38725e+06
     twoNn = 2.12631e+06
     twoNw = 4.69003e+06
    twoNec = 122245
    twoNnw = 93.98
  twoNecnw = 80492.9
  twoNbecnw = 3471.14
  twoNgbecnw = 247007
         m = 0.139611
        m3 = 0.15522
        m6 = 3.43588e-06
        Ta = 37600
        Tc = 11925.7
        Tf = 5962.84
#       SitePat  BranchLen
              b 125822.1435742
              e 49831.9916892
              c 50791.4354151
              n 45439.4076256
              w 47354.7092924
            b:e 2249.0683182
            b:c 2325.5308961
            b:n 1743.0892825
            b:w 1917.0976695
            e:c 10412.5298303
            e:n 6083.8397251
            e:w 4844.1217690
            c:n 5124.3560385
            c:w 5087.6573935
            n:w 12913.5455028
          b:e:c 2230.0449940
          b:e:n 1201.7223933
          b:e:w 1128.7626342
          b:c:n 1125.2531859
          b:c:w 1212.6155804
          b:n:w 2184.6950839
          e:c:n 4929.2188730
          e:c:w 4290.3338073
          e:n:w 6145.1635927
          c:n:w 5901.6679289
        b:e:c:n 2204.9704895
        b:e:c:w 2016.5594671
        b:e:n:w 2655.2441779
        b:c:n:w 2571.3978612
        e:c:n:w 52364.6238471
