########################################
# legofit: estimate population history #
#       version 2.3.4-4-g53f8760       #
########################################

# Program was compiled: Sep 21 2021 14:36:42
# Program was run: Thu Sep 23 12:02:00 2021

# cmd: legofit -1 -d 0 -t 32 --ptsPerDim 3 --stateOut b1boot20.state --tol 3e-6 -S 5000 acf2.lgo ../../boot/boot20.opf
# Stage nOptItr nSimReps
#     0    5000        0
# algorithm          : deterministic
# ignoring probs <=  : 0
# Branch length floor: 0
# DE strategy        : 2
#    F               : 0.3
#    CR              : 0.8
#    tolerance       : 3e-06
# nthreads           : 32
# lgo input file     : acf2.lgo
# site pat input file: ../../boot/boot20.opf
# free parameters    : 17
# points in DE swarm : 51
# output state file  : b1boot20.state
# Including singleton site patterns.
# cost function      : KL
Initial parameter values
Fixed:
      zero = 0
       one = 1
    Tbecnw = 75200
Free:
       pc1 = 0
       pc2 = 0
       pc3 = 0
       pc4 = 0
       pc5 = 0
       pc6 = 0
       pc7 = 0
       pc8 = 0
       pc9 = 0
      pc10 = 0
      pc11 = 0
      pc12 = 0
      pc13 = 0
      pc14 = 0
      pc15 = 0
      pc16 = 0
      pc17 = 0
Constrained:
   Tgbecnw = 106967
     Tecnw = 26641.3
       Tnw = 24550.7
       Tec = 13888
     twoNb = 666796
     twoNe = 11016.3
     twoNc = 1.28247e+06
     twoNn = 1.30872e+06
     twoNw = 3.09045e+06
    twoNec = 148743
    twoNnw = 7547.62
  twoNecnw = 82655.2
  twoNbecnw = 14923.3
  twoNgbecnw = 214809
         m = 0.174287
        m3 = 0.156995
        m6 = 1.07363e-06
        Ta = 37600
        Tc = 12275.4
        Tf = 6137.68
DiffEv reached_goal. cost=1.98500e-03 spread=2.77687e-06
Fitted parameter values
Free:
       pc1 = -3.8024
       pc2 = -3.96838
       pc3 = 1.26722
       pc4 = 0.848477
       pc5 = 1.82976
       pc6 = 1.22768
       pc7 = -0.477777
       pc8 = -1.8515
       pc9 = 1.19238
      pc10 = 1.17669
      pc11 = -0.144498
      pc12 = -0.179158
      pc13 = 0.0956504
      pc14 = -0.0254774
      pc15 = 0.0562909
      pc16 = 0.00648801
      pc17 = 0.0221369
Constrained:
   Tgbecnw = 82964.9
     Tecnw = 23966.3
       Tnw = 23840.8
       Tec = 13390.5
     twoNb = 585779
     twoNe = 9954.62
     twoNc = 4.75903e+06
     twoNn = 1.20252e+06
     twoNw = 2.7362e+06
    twoNec = 122526
    twoNnw = 454.976
  twoNecnw = 80142.2
  twoNbecnw = 3646.62
  twoNgbecnw = 247375
         m = 0.139669
        m3 = 0.155442
        m6 = 2.03628e-06
        Ta = 37600
        Tc = 11920.4
        Tf = 5960.19
#       SitePat  BranchLen
              b 125928.8319875
              e 49854.5763889
              c 50777.8551196
              n 45491.5019416
              w 47373.4004134
            b:e 2232.4847857
            b:c 2305.5462225
            b:n 1732.9437951
            b:w 1903.0691860
            e:c 10397.5290616
            e:n 6046.6598345
            e:w 4841.0581583
            c:n 5123.3572721
            c:w 5075.0421243
            n:w 12878.6307128
          b:e:c 2211.8146707
          b:e:n 1191.1530264
          b:e:w 1121.5762275
          b:c:n 1118.0876694
          b:c:w 1201.6443733
          b:n:w 2167.4240719
          e:c:n 4916.7270937
          e:c:w 4288.7454459
          e:n:w 6122.3792625
          c:n:w 5888.4191282
        b:e:c:n 2186.8219558
        b:e:c:w 2002.7166598
        b:e:n:w 2630.2010330
        b:c:n:w 2550.1368074
        e:c:n:w 52440.0088677
