########################################
# legofit: estimate population history #
#       version 2.3.4-4-g53f8760       #
########################################

# Program was compiled: Sep 21 2021 14:36:42
# Program was run: Thu Sep 23 12:01:14 2021

# cmd: legofit -1 -d 0 -t 32 --ptsPerDim 3 --stateOut b1boot2.state --tol 3e-6 -S 5000 acf2.lgo ../../boot/boot2.opf
# Stage nOptItr nSimReps
#     0    5000        0
# algorithm          : deterministic
# ignoring probs <=  : 0
# Branch length floor: 0
# DE strategy        : 2
#    F               : 0.3
#    CR              : 0.8
#    tolerance       : 3e-06
# nthreads           : 32
# lgo input file     : acf2.lgo
# site pat input file: ../../boot/boot2.opf
# free parameters    : 17
# points in DE swarm : 51
# output state file  : b1boot2.state
# Including singleton site patterns.
# cost function      : KL
Initial parameter values
Fixed:
      zero = 0
       one = 1
    Tbecnw = 75200
Free:
       pc1 = 0
       pc2 = 0
       pc3 = 0
       pc4 = 0
       pc5 = 0
       pc6 = 0
       pc7 = 0
       pc8 = 0
       pc9 = 0
      pc10 = 0
      pc11 = 0
      pc12 = 0
      pc13 = 0
      pc14 = 0
      pc15 = 0
      pc16 = 0
      pc17 = 0
Constrained:
   Tgbecnw = 106967
     Tecnw = 26641.3
       Tnw = 24550.7
       Tec = 13888
     twoNb = 666796
     twoNe = 11016.3
     twoNc = 1.28247e+06
     twoNn = 1.30872e+06
     twoNw = 3.09045e+06
    twoNec = 148743
    twoNnw = 7547.62
  twoNecnw = 82655.2
  twoNbecnw = 14923.3
  twoNgbecnw = 214809
         m = 0.174287
        m3 = 0.156995
        m6 = 1.07363e-06
        Ta = 37600
        Tc = 12275.4
        Tf = 6137.68
DiffEv reached_goal. cost=1.98413e-03 spread=2.86344e-06
Fitted parameter values
Free:
       pc1 = -3.99069
       pc2 = -3.54729
       pc3 = 1.48898
       pc4 = 1.33568
       pc5 = 0.540293
       pc6 = 1.77094
       pc7 = -0.457626
       pc8 = -1.85754
       pc9 = 0.332979
      pc10 = 1.96263
      pc11 = -0.752644
      pc12 = -0.131472
      pc13 = -0.130716
      pc14 = 0.0893991
      pc15 = -0.123465
      pc16 = 0.000794086
      pc17 = 0.0312263
Constrained:
   Tgbecnw = 85053.4
     Tecnw = 23939.3
       Tnw = 23880
       Tec = 12936.1
     twoNb = 1.2823e+06
     twoNe = 7427.77
     twoNc = 5.11877e+06
     twoNn = 808491
     twoNw = 4.34803e+06
    twoNec = 133665
    twoNnw = 213.273
  twoNecnw = 80688.2
  twoNbecnw = 4514.91
  twoNgbecnw = 256568
         m = 0.133863
        m3 = 0.159699
        m6 = 1.16557e-06
        Ta = 37600
        Tc = 11940
        Tf = 5969.99
#       SitePat  BranchLen
              b 126325.7736354
              e 50146.8185671
              c 51024.1976289
              n 45617.8395923
              w 47451.4782385
            b:e 2258.6335058
            b:c 2327.9448233
            b:n 1741.2338344
            b:w 1906.3441793
            e:c 10359.7188185
            e:n 6055.7983349
            e:w 4892.2716706
            c:n 5178.4055887
            c:w 5114.0312480
            n:w 12947.2453608
          b:e:c 2219.5262856
          b:e:n 1199.5992505
          b:e:w 1133.7836489
          b:c:n 1130.2856759
          b:c:w 1209.7112021
          b:n:w 2173.6523072
          e:c:n 4900.3180489
          e:c:w 4294.5804078
          e:n:w 6171.6448150
          c:n:w 5949.8989222
        b:e:c:n 2190.4661521
        b:e:c:w 2011.7458825
        b:e:n:w 2654.4428015
        b:c:n:w 2578.5175053
        e:c:n:w 52572.3125001
