########################################
# legofit: estimate population history #
#       version 2.3.4-4-g53f8760       #
########################################

# Program was compiled: Sep 21 2021 14:36:42
# Program was run: Thu Sep 23 12:03:19 2021

# cmd: legofit -1 -d 0 -t 32 --ptsPerDim 3 --stateOut b1boot49.state --tol 3e-6 -S 5000 acf2.lgo ../../boot/boot49.opf
# Stage nOptItr nSimReps
#     0    5000        0
# algorithm          : deterministic
# ignoring probs <=  : 0
# Branch length floor: 0
# DE strategy        : 2
#    F               : 0.3
#    CR              : 0.8
#    tolerance       : 3e-06
# nthreads           : 32
# lgo input file     : acf2.lgo
# site pat input file: ../../boot/boot49.opf
# free parameters    : 17
# points in DE swarm : 51
# output state file  : b1boot49.state
# Including singleton site patterns.
# cost function      : KL
Initial parameter values
Fixed:
      zero = 0
       one = 1
    Tbecnw = 75200
Free:
       pc1 = 0
       pc2 = 0
       pc3 = 0
       pc4 = 0
       pc5 = 0
       pc6 = 0
       pc7 = 0
       pc8 = 0
       pc9 = 0
      pc10 = 0
      pc11 = 0
      pc12 = 0
      pc13 = 0
      pc14 = 0
      pc15 = 0
      pc16 = 0
      pc17 = 0
Constrained:
   Tgbecnw = 106967
     Tecnw = 26641.3
       Tnw = 24550.7
       Tec = 13888
     twoNb = 666796
     twoNe = 11016.3
     twoNc = 1.28247e+06
     twoNn = 1.30872e+06
     twoNw = 3.09045e+06
    twoNec = 148743
    twoNnw = 7547.62
  twoNecnw = 82655.2
  twoNbecnw = 14923.3
  twoNgbecnw = 214809
         m = 0.174287
        m3 = 0.156995
        m6 = 1.07363e-06
        Ta = 37600
        Tc = 12275.4
        Tf = 6137.68
DiffEv reached_goal. cost=2.00459e-03 spread=2.59232e-06
Fitted parameter values
Free:
       pc1 = -3.95081
       pc2 = -3.61754
       pc3 = 1.76405
       pc4 = -0.323452
       pc5 = 1.50543
       pc6 = 1.61127
       pc7 = -1.51225
       pc8 = -0.687224
       pc9 = 1.40357
      pc10 = 0.809378
      pc11 = -0.512942
      pc12 = -0.0459669
      pc13 = 0.0674345
      pc14 = 0.0719931
      pc15 = -0.0487063
      pc16 = -0.00919926
      pc17 = 0.0319181
Constrained:
   Tgbecnw = 82444.1
     Tecnw = 24030.4
       Tnw = 23875
       Tec = 13391.1
     twoNb = 1.14679e+06
     twoNe = 9995.17
     twoNc = 2.20343e+06
     twoNn = 2.01299e+06
     twoNw = 1.53996e+06
    twoNec = 125515
    twoNnw = 556.646
  twoNecnw = 79928
  twoNbecnw = 3375.37
  twoNgbecnw = 253950
         m = 0.136304
        m3 = 0.157637
        m6 = 1.18366e-06
        Ta = 37600
        Tc = 11937.5
        Tf = 5968.74
#       SitePat  BranchLen
              b 125977.8664656
              e 49912.6961798
              c 50836.6188022
              n 45448.0824040
              w 47327.5528863
            b:e 2248.8793063
            b:c 2322.4025688
            b:n 1735.8592476
            b:w 1906.5935506
            e:c 10342.2071995
            e:n 6036.4265250
            e:w 4830.1674544
            c:n 5112.4896677
            c:w 5064.1086873
            n:w 12892.2217897
          b:e:c 2224.4580940
          b:e:n 1197.0428596
          b:e:w 1127.0551051
          b:c:n 1123.5172478
          b:c:w 1207.6836615
          b:n:w 2178.4345509
          e:c:n 4892.3367139
          e:c:w 4267.5062827
          e:n:w 6133.7102531
          c:n:w 5899.7832550
        b:e:c:n 2193.4708902
        b:e:c:w 2008.5579280
        b:e:n:w 2651.7655941
        b:c:n:w 2571.1393871
        e:c:n:w 52608.4460713
