########################################
# legofit: estimate population history #
#       version 2.3.4-4-g53f8760       #
########################################

# Program was compiled: Sep 21 2021 14:36:42
# Program was run: Thu Sep 23 12:01:43 2021

# cmd: legofit -1 -d 0 -t 32 --ptsPerDim 3 --stateOut b1boot13.state --tol 3e-6 -S 5000 acf2.lgo ../../boot/boot13.opf
# Stage nOptItr nSimReps
#     0    5000        0
# algorithm          : deterministic
# ignoring probs <=  : 0
# Branch length floor: 0
# DE strategy        : 2
#    F               : 0.3
#    CR              : 0.8
#    tolerance       : 3e-06
# nthreads           : 32
# lgo input file     : acf2.lgo
# site pat input file: ../../boot/boot13.opf
# free parameters    : 17
# points in DE swarm : 51
# output state file  : b1boot13.state
# Including singleton site patterns.
# cost function      : KL
Initial parameter values
Fixed:
      zero = 0
       one = 1
    Tbecnw = 75200
Free:
       pc1 = 0
       pc2 = 0
       pc3 = 0
       pc4 = 0
       pc5 = 0
       pc6 = 0
       pc7 = 0
       pc8 = 0
       pc9 = 0
      pc10 = 0
      pc11 = 0
      pc12 = 0
      pc13 = 0
      pc14 = 0
      pc15 = 0
      pc16 = 0
      pc17 = 0
Constrained:
   Tgbecnw = 106967
     Tecnw = 26641.3
       Tnw = 24550.7
       Tec = 13888
     twoNb = 666796
     twoNe = 11016.3
     twoNc = 1.28247e+06
     twoNn = 1.30872e+06
     twoNw = 3.09045e+06
    twoNec = 148743
    twoNnw = 7547.62
  twoNecnw = 82655.2
  twoNbecnw = 14923.3
  twoNgbecnw = 214809
         m = 0.174287
        m3 = 0.156995
        m6 = 1.07363e-06
        Ta = 37600
        Tc = 12275.4
        Tf = 6137.68
DiffEv reached_goal. cost=1.99666e-03 spread=2.69878e-06
Fitted parameter values
Free:
       pc1 = -3.87166
       pc2 = -3.27452
       pc3 = 1.69639
       pc4 = 0.629908
       pc5 = 1.55972
       pc6 = 0.955896
       pc7 = -0.551794
       pc8 = -1.99372
       pc9 = 1.11206
      pc10 = 1.16908
      pc11 = -0.392707
      pc12 = -0.159737
      pc13 = 0.00331214
      pc14 = 0.0347379
      pc15 = 5.63038e-05
      pc16 = -0.00351715
      pc17 = 0.018371
Constrained:
   Tgbecnw = 83993
     Tecnw = 23993.1
       Tnw = 23766.9
       Tec = 12971.2
     twoNb = 637047
     twoNe = 7461.12
     twoNc = 3.87682e+06
     twoNn = 578590
     twoNw = 2.82445e+06
    twoNec = 130539
    twoNnw = 814.679
  twoNecnw = 80715.3
  twoNbecnw = 4114.58
  twoNgbecnw = 247845
         m = 0.141119
        m3 = 0.1525
        m6 = 1.71845e-06
        Ta = 37600
        Tc = 11883.4
        Tf = 5941.72
#       SitePat  BranchLen
              b 126586.1416489
              e 50101.2520663
              c 51005.9827659
              n 45603.9962102
              w 47439.7890978
            b:e 2255.4485605
            b:c 2326.8727388
            b:n 1741.2154664
            b:w 1906.4663122
            e:c 10422.7383722
            e:n 6043.7667404
            e:w 4863.1768509
            c:n 5139.0157207
            c:w 5091.3297843
            n:w 13001.6456143
          b:e:c 2229.2220615
          b:e:n 1196.9462662
          b:e:w 1128.9043083
          b:c:n 1125.5187428
          b:c:w 1207.1715760
          b:n:w 2183.3642168
          e:c:n 4900.9488485
          e:c:w 4293.4317868
          e:n:w 6164.0741443
          c:n:w 5935.9415309
        b:e:c:n 2191.2130959
        b:e:c:w 2012.3513749
        b:e:n:w 2654.0918018
        b:c:n:w 2575.8278792
        e:c:n:w 52863.1897718
