########################################
# legofit: estimate population history #
#       version 2.3.4-4-g53f8760       #
########################################

# Program was compiled: Sep 21 2021 14:36:42
# Program was run: Thu Sep 23 12:01:20 2021

# cmd: legofit -1 -d 0 -t 32 --ptsPerDim 3 --stateOut b1boot4.state --tol 3e-6 -S 5000 acf2.lgo ../../boot/boot4.opf
# Stage nOptItr nSimReps
#     0    5000        0
# algorithm          : deterministic
# ignoring probs <=  : 0
# Branch length floor: 0
# DE strategy        : 2
#    F               : 0.3
#    CR              : 0.8
#    tolerance       : 3e-06
# nthreads           : 32
# lgo input file     : acf2.lgo
# site pat input file: ../../boot/boot4.opf
# free parameters    : 17
# points in DE swarm : 51
# output state file  : b1boot4.state
# Including singleton site patterns.
# cost function      : KL
Initial parameter values
Fixed:
      zero = 0
       one = 1
    Tbecnw = 75200
Free:
       pc1 = 0
       pc2 = 0
       pc3 = 0
       pc4 = 0
       pc5 = 0
       pc6 = 0
       pc7 = 0
       pc8 = 0
       pc9 = 0
      pc10 = 0
      pc11 = 0
      pc12 = 0
      pc13 = 0
      pc14 = 0
      pc15 = 0
      pc16 = 0
      pc17 = 0
Constrained:
   Tgbecnw = 106967
     Tecnw = 26641.3
       Tnw = 24550.7
       Tec = 13888
     twoNb = 666796
     twoNe = 11016.3
     twoNc = 1.28247e+06
     twoNn = 1.30872e+06
     twoNw = 3.09045e+06
    twoNec = 148743
    twoNnw = 7547.62
  twoNecnw = 82655.2
  twoNbecnw = 14923.3
  twoNgbecnw = 214809
         m = 0.174287
        m3 = 0.156995
        m6 = 1.07363e-06
        Ta = 37600
        Tc = 12275.4
        Tf = 6137.68
DiffEv reached_goal. cost=2.00243e-03 spread=1.34634e-06
Fitted parameter values
Free:
       pc1 = -3.99757
       pc2 = -2.91096
       pc3 = 2.12224
       pc4 = 0.0494354
       pc5 = 1.9783
       pc6 = 1.30121
       pc7 = -1.4349
       pc8 = -1.89982
       pc9 = 0.482204
      pc10 = 0.461149
      pc11 = -0.325232
      pc12 = -0.123307
      pc13 = 0.0792015
      pc14 = 0.073698
      pc15 = 0.0753587
      pc16 = -0.0302554
      pc17 = 0.0128709
Constrained:
   Tgbecnw = 82382.7
     Tecnw = 24015.6
       Tnw = 23938.1
       Tec = 12671.7
     twoNb = 785836
     twoNe = 4535.15
     twoNc = 1.93826e+06
     twoNn = 1.66273e+06
     twoNw = 2.77449e+06
    twoNec = 132375
    twoNnw = 283.068
  twoNecnw = 80240.8
  twoNbecnw = 3409.54
  twoNgbecnw = 242938
         m = 0.14434
        m3 = 0.146854
        m6 = 2.51575e-06
        Ta = 37600
        Tc = 11969.1
        Tf = 5984.53
#       SitePat  BranchLen
              b 126173.8073311
              e 49906.3137758
              c 50825.6704581
              n 45563.1036652
              w 47388.2513584
            b:e 2234.4865263
            b:c 2306.6564414
            b:n 1733.5483489
            b:w 1896.7696274
            e:c 10417.6767101
            e:n 6022.8603117
            e:w 4836.5773371
            c:n 5103.4744221
            c:w 5067.5061432
            n:w 12891.2634823
          b:e:c 2214.4293103
          b:e:n 1189.6042104
          b:e:w 1120.6915106
          b:c:n 1117.4294868
          b:c:w 1199.8072599
          b:n:w 2169.5140493
          e:c:n 4887.8560905
          e:c:w 4284.9596508
          e:n:w 6118.5855030
          c:n:w 5887.6859042
        b:e:c:n 2181.1636782
        b:e:c:w 2004.4773264
        b:e:n:w 2632.7037294
        b:c:n:w 2553.5927886
        e:c:n:w 52676.2959543
