########################################
# legofit: estimate population history #
#       version 2.3.4-4-g53f8760       #
########################################

# Program was compiled: Sep 21 2021 14:36:42
# Program was run: Thu Sep 23 12:02:38 2021

# cmd: legofit -1 -d 0 -t 32 --ptsPerDim 3 --stateOut b1boot34.state --tol 3e-6 -S 5000 acf2.lgo ../../boot/boot34.opf
# Stage nOptItr nSimReps
#     0    5000        0
# algorithm          : deterministic
# ignoring probs <=  : 0
# Branch length floor: 0
# DE strategy        : 2
#    F               : 0.3
#    CR              : 0.8
#    tolerance       : 3e-06
# nthreads           : 32
# lgo input file     : acf2.lgo
# site pat input file: ../../boot/boot34.opf
# free parameters    : 17
# points in DE swarm : 51
# output state file  : b1boot34.state
# Including singleton site patterns.
# cost function      : KL
Initial parameter values
Fixed:
      zero = 0
       one = 1
    Tbecnw = 75200
Free:
       pc1 = 0
       pc2 = 0
       pc3 = 0
       pc4 = 0
       pc5 = 0
       pc6 = 0
       pc7 = 0
       pc8 = 0
       pc9 = 0
      pc10 = 0
      pc11 = 0
      pc12 = 0
      pc13 = 0
      pc14 = 0
      pc15 = 0
      pc16 = 0
      pc17 = 0
Constrained:
   Tgbecnw = 106967
     Tecnw = 26641.3
       Tnw = 24550.7
       Tec = 13888
     twoNb = 666796
     twoNe = 11016.3
     twoNc = 1.28247e+06
     twoNn = 1.30872e+06
     twoNw = 3.09045e+06
    twoNec = 148743
    twoNnw = 7547.62
  twoNecnw = 82655.2
  twoNbecnw = 14923.3
  twoNgbecnw = 214809
         m = 0.174287
        m3 = 0.156995
        m6 = 1.07363e-06
        Ta = 37600
        Tc = 12275.4
        Tf = 6137.68
DiffEv reached_goal. cost=1.99591e-03 spread=2.55792e-06
Fitted parameter values
Free:
       pc1 = -3.98178
       pc2 = -2.9802
       pc3 = 2.29192
       pc4 = -0.326269
       pc5 = 1.06375
       pc6 = 1.33949
       pc7 = -1.5823
       pc8 = -1.47277
       pc9 = 0.433302
      pc10 = 1.25606
      pc11 = -0.402747
      pc12 = -0.253234
      pc13 = -0.0918644
      pc14 = 0.0829061
      pc15 = -0.0647957
      pc16 = -0.0376033
      pc17 = 0.015397
Constrained:
   Tgbecnw = 83282.4
     Tecnw = 24051.9
       Tnw = 23970.6
       Tec = 12832.7
     twoNb = 1.39774e+06
     twoNe = 5395.22
     twoNc = 2.09613e+06
     twoNn = 1.11913e+06
     twoNw = 2.67146e+06
    twoNec = 135157
    twoNnw = 294.864
  twoNecnw = 79618.7
  twoNbecnw = 3831.08
  twoNgbecnw = 243133
         m = 0.142288
        m3 = 0.146754
        m6 = 1.33404e-06
        Ta = 37600
        Tc = 11985.3
        Tf = 5992.65
#       SitePat  BranchLen
              b 126125.4558117
              e 49970.8460721
              c 50901.1014149
              n 45499.3270235
              w 47305.2542323
            b:e 2246.5778454
            b:c 2319.9331975
            b:n 1732.0209465
            b:w 1893.7498772
            e:c 10350.5739554
            e:n 6037.4052337
            e:w 4849.6281771
            c:n 5107.1343000
            c:w 5084.7838837
            n:w 12915.1616053
          b:e:c 2214.1675276
          b:e:n 1192.3549019
          b:e:w 1122.1173270
          b:c:n 1118.9969798
          b:c:w 1202.4136928
          b:n:w 2168.6181630
          e:c:n 4885.1709673
          e:c:w 4289.3712314
          e:n:w 6173.9366229
          c:n:w 5938.7965072
        b:e:c:n 2173.4745034
        b:e:c:w 1998.5664346
        b:e:n:w 2642.0868412
        b:c:n:w 2561.7930453
        e:c:n:w 52566.0494539
