########################################
# legofit: estimate population history #
#       version 2.3.4-4-g53f8760       #
########################################

# Program was compiled: Sep 21 2021 14:36:42
# Program was run: Thu Sep 23 12:02:38 2021

# cmd: legofit -1 -d 0 -t 32 --ptsPerDim 3 --stateOut b1boot32.state --tol 3e-6 -S 5000 acf2.lgo ../../boot/boot32.opf
# Stage nOptItr nSimReps
#     0    5000        0
# algorithm          : deterministic
# ignoring probs <=  : 0
# Branch length floor: 0
# DE strategy        : 2
#    F               : 0.3
#    CR              : 0.8
#    tolerance       : 3e-06
# nthreads           : 32
# lgo input file     : acf2.lgo
# site pat input file: ../../boot/boot32.opf
# free parameters    : 17
# points in DE swarm : 51
# output state file  : b1boot32.state
# Including singleton site patterns.
# cost function      : KL
Initial parameter values
Fixed:
      zero = 0
       one = 1
    Tbecnw = 75200
Free:
       pc1 = 0
       pc2 = 0
       pc3 = 0
       pc4 = 0
       pc5 = 0
       pc6 = 0
       pc7 = 0
       pc8 = 0
       pc9 = 0
      pc10 = 0
      pc11 = 0
      pc12 = 0
      pc13 = 0
      pc14 = 0
      pc15 = 0
      pc16 = 0
      pc17 = 0
Constrained:
   Tgbecnw = 106967
     Tecnw = 26641.3
       Tnw = 24550.7
       Tec = 13888
     twoNb = 666796
     twoNe = 11016.3
     twoNc = 1.28247e+06
     twoNn = 1.30872e+06
     twoNw = 3.09045e+06
    twoNec = 148743
    twoNnw = 7547.62
  twoNecnw = 82655.2
  twoNbecnw = 14923.3
  twoNgbecnw = 214809
         m = 0.174287
        m3 = 0.156995
        m6 = 1.07363e-06
        Ta = 37600
        Tc = 12275.4
        Tf = 6137.68
DiffEv reached_goal. cost=2.01900e-03 spread=2.29986e-06
Fitted parameter values
Free:
       pc1 = -3.80432
       pc2 = -3.87058
       pc3 = 2.19901
       pc4 = 0.469431
       pc5 = 1.92686
       pc6 = 0.782398
       pc7 = -1.09684
       pc8 = -0.749033
       pc9 = 0.436383
      pc10 = 1.16591
      pc11 = -0.192621
      pc12 = -0.299315
      pc13 = -0.0599384
      pc14 = 0.0266343
      pc15 = -0.0769956
      pc16 = -0.0799436
      pc17 = 0.0158867
Constrained:
   Tgbecnw = 81699.3
     Tecnw = 23888.3
       Tnw = 23747.7
       Tec = 13673.6
     twoNb = 853099
     twoNe = 10920
     twoNc = 2.86534e+06
     twoNn = 1.9376e+06
     twoNw = 3.02404e+06
    twoNec = 122892
    twoNnw = 510.05
  twoNecnw = 80266.3
  twoNbecnw = 3150.94
  twoNgbecnw = 234940
         m = 0.150465
        m3 = 0.146181
        m6 = 4.78191e-07
        Ta = 37600
        Tc = 11873.9
        Tf = 5936.93
#       SitePat  BranchLen
              b 126238.2591914
              e 49928.0502451
              c 50888.3646860
              n 45406.3924727
              w 47229.7126590
            b:e 2243.5635240
            b:c 2319.9258768
            b:n 1729.6789634
            b:w 1894.2034456
            e:c 10314.3748983
            e:n 6055.5587023
            e:w 4843.9945157
            c:n 5095.2386798
            c:w 5088.5869787
            n:w 12938.8222423
          b:e:c 2214.3244807
          b:e:n 1194.3796075
          b:e:w 1121.1428006
          b:c:n 1118.0163362
          b:c:w 1204.8211078
          b:n:w 2168.2242095
          e:c:n 4882.2405915
          e:c:w 4277.1362928
          e:n:w 6167.6894386
          c:n:w 5923.1025573
        b:e:c:n 2177.4354228
        b:e:c:w 1999.3429760
        b:e:n:w 2646.1316609
        b:c:n:w 2562.4542723
        e:c:n:w 52766.5387185
