########################################
# legofit: estimate population history #
#       version 2.3.4-4-g53f8760       #
########################################

# Program was compiled: Sep 21 2021 14:36:42
# Program was run: Thu Sep 23 12:02:13 2021

# cmd: legofit -1 -d 0 -t 32 --ptsPerDim 3 --stateOut b1boot24.state --tol 3e-6 -S 5000 acf2.lgo ../../boot/boot24.opf
# Stage nOptItr nSimReps
#     0    5000        0
# algorithm          : deterministic
# ignoring probs <=  : 0
# Branch length floor: 0
# DE strategy        : 2
#    F               : 0.3
#    CR              : 0.8
#    tolerance       : 3e-06
# nthreads           : 32
# lgo input file     : acf2.lgo
# site pat input file: ../../boot/boot24.opf
# free parameters    : 17
# points in DE swarm : 51
# output state file  : b1boot24.state
# Including singleton site patterns.
# cost function      : KL
Initial parameter values
Fixed:
      zero = 0
       one = 1
    Tbecnw = 75200
Free:
       pc1 = 0
       pc2 = 0
       pc3 = 0
       pc4 = 0
       pc5 = 0
       pc6 = 0
       pc7 = 0
       pc8 = 0
       pc9 = 0
      pc10 = 0
      pc11 = 0
      pc12 = 0
      pc13 = 0
      pc14 = 0
      pc15 = 0
      pc16 = 0
      pc17 = 0
Constrained:
   Tgbecnw = 106967
     Tecnw = 26641.3
       Tnw = 24550.7
       Tec = 13888
     twoNb = 666796
     twoNe = 11016.3
     twoNc = 1.28247e+06
     twoNn = 1.30872e+06
     twoNw = 3.09045e+06
    twoNec = 148743
    twoNnw = 7547.62
  twoNecnw = 82655.2
  twoNbecnw = 14923.3
  twoNgbecnw = 214809
         m = 0.174287
        m3 = 0.156995
        m6 = 1.07363e-06
        Ta = 37600
        Tc = 12275.4
        Tf = 6137.68
DiffEv reached_goal. cost=1.99764e-03 spread=2.89575e-06
Fitted parameter values
Free:
       pc1 = -3.8697
       pc2 = -3.78887
       pc3 = 1.80024
       pc4 = -0.29393
       pc5 = 0.204131
       pc6 = 1.69634
       pc7 = -1.7204
       pc8 = -1.93741
       pc9 = -0.483702
      pc10 = 0.890182
      pc11 = -0.707699
      pc12 = 0.115383
      pc13 = 0.0820277
      pc14 = 0.0975198
      pc15 = -0.00321434
      pc16 = -0.0109325
      pc17 = 0.00360841
Constrained:
   Tgbecnw = 84585.8
     Tecnw = 24080.6
       Tnw = 24070.4
       Tec = 13290.7
     twoNb = 1.89667e+06
     twoNe = 7882.44
     twoNc = 2.23782e+06
     twoNn = 1.13278e+06
     twoNw = 3.8478e+06
    twoNec = 126026
    twoNnw = 37.362
  twoNecnw = 80329.4
  twoNbecnw = 4302.74
  twoNgbecnw = 257690
         m = 0.134218
        m3 = 0.146993
        m6 = 2.89368e-06
        Ta = 37600
        Tc = 12035.2
        Tf = 6017.59
#       SitePat  BranchLen
              b 126471.9157724
              e 50047.8797147
              c 50988.5106433
              n 45702.9160061
              w 47544.3974482
            b:e 2247.9885007
            b:c 2322.6041002
            b:n 1746.1880100
            b:w 1912.4901273
            e:c 10418.7420536
            e:n 6060.6058346
            e:w 4856.3633398
            c:n 5119.9415804
            c:w 5094.4335539
            n:w 12899.2619881
          b:e:c 2225.8145349
          b:e:n 1199.7306264
          b:e:w 1128.3623777
          b:c:n 1125.1095095
          b:c:w 1210.1207317
          b:n:w 2181.0696121
          e:c:n 4915.4796112
          e:c:w 4303.7486904
          e:n:w 6142.6511123
          c:n:w 5904.6142240
        b:e:c:n 2197.5239699
        b:e:c:w 2017.5788791
        b:e:n:w 2649.1299974
        b:c:n:w 2567.3771609
        e:c:n:w 52791.4046673
