########################################
# legofit: estimate population history #
#       version 2.3.4-4-g53f8760       #
########################################

# Program was compiled: Sep 21 2021 14:36:42
# Program was run: Thu Sep 23 12:02:18 2021

# cmd: legofit -1 -d 0 -t 32 --ptsPerDim 3 --stateOut b1boot25.state --tol 3e-6 -S 5000 acf2.lgo ../../boot/boot25.opf
# Stage nOptItr nSimReps
#     0    5000        0
# algorithm          : deterministic
# ignoring probs <=  : 0
# Branch length floor: 0
# DE strategy        : 2
#    F               : 0.3
#    CR              : 0.8
#    tolerance       : 3e-06
# nthreads           : 32
# lgo input file     : acf2.lgo
# site pat input file: ../../boot/boot25.opf
# free parameters    : 17
# points in DE swarm : 51
# output state file  : b1boot25.state
# Including singleton site patterns.
# cost function      : KL
Initial parameter values
Fixed:
      zero = 0
       one = 1
    Tbecnw = 75200
Free:
       pc1 = 0
       pc2 = 0
       pc3 = 0
       pc4 = 0
       pc5 = 0
       pc6 = 0
       pc7 = 0
       pc8 = 0
       pc9 = 0
      pc10 = 0
      pc11 = 0
      pc12 = 0
      pc13 = 0
      pc14 = 0
      pc15 = 0
      pc16 = 0
      pc17 = 0
Constrained:
   Tgbecnw = 106967
     Tecnw = 26641.3
       Tnw = 24550.7
       Tec = 13888
     twoNb = 666796
     twoNe = 11016.3
     twoNc = 1.28247e+06
     twoNn = 1.30872e+06
     twoNw = 3.09045e+06
    twoNec = 148743
    twoNnw = 7547.62
  twoNecnw = 82655.2
  twoNbecnw = 14923.3
  twoNgbecnw = 214809
         m = 0.174287
        m3 = 0.156995
        m6 = 1.07363e-06
        Ta = 37600
        Tc = 12275.4
        Tf = 6137.68
DiffEv reached_goal. cost=2.00061e-03 spread=2.81903e-06
Fitted parameter values
Free:
       pc1 = -3.9462
       pc2 = -2.84902
       pc3 = 2.29651
       pc4 = 0.748613
       pc5 = 1.36313
       pc6 = 0.966693
       pc7 = -0.0267682
       pc8 = -1.85904
       pc9 = 0.63927
      pc10 = 1.6181
      pc11 = 0.119226
      pc12 = -0.122927
      pc13 = -0.0150076
      pc14 = 0.0967275
      pc15 = 0.0455017
      pc16 = -0.00143379
      pc17 = 0.0131984
Constrained:
   Tgbecnw = 84911.9
     Tecnw = 24184.3
       Tnw = 24119.9
       Tec = 12730.4
     twoNb = 628421
     twoNe = 4173.27
     twoNc = 4.25541e+06
     twoNn = 540324
     twoNw = 3.40335e+06
    twoNec = 134755
    twoNnw = 234.462
  twoNecnw = 80047.7
  twoNbecnw = 4517.38
  twoNgbecnw = 248411
         m = 0.138546
        m3 = 0.143296
        m6 = 5.51725e-07
        Ta = 37600
        Tc = 12059.9
        Tf = 6029.97
#       SitePat  BranchLen
              b 126324.7762075
              e 50116.5236426
              c 51047.2740228
              n 45714.5631423
              w 47523.0147561
            b:e 2244.4177194
            b:c 2317.4737595
            b:n 1736.0791747
            b:w 1897.5066292
            e:c 10440.6536440
            e:n 6034.9180655
            e:w 4846.6134798
            c:n 5104.1612819
            c:w 5080.7162189
            n:w 12956.1704749
          b:e:c 2220.9850611
          b:e:n 1190.7993387
          b:e:w 1120.8398736
          b:c:n 1117.7422433
          b:c:w 1200.8033715
          b:n:w 2176.0267853
          e:c:n 4894.7334292
          e:c:w 4298.0314641
          e:n:w 6161.0236672
          c:n:w 5926.9273315
        b:e:c:n 2177.2975116
        b:e:c:w 2002.7683939
        b:e:n:w 2639.1252873
        b:c:n:w 2559.1628447
        e:c:n:w 52537.0736232
