########################################
# legofit: estimate population history #
#       version 2.3.4-4-g53f8760       #
########################################

# Program was compiled: Sep 21 2021 14:36:42
# Program was run: Thu Sep 23 12:02:42 2021

# cmd: legofit -1 -d 0 -t 32 --ptsPerDim 3 --stateOut b1boot36.state --tol 3e-6 -S 5000 acf2.lgo ../../boot/boot36.opf
# Stage nOptItr nSimReps
#     0    5000        0
# algorithm          : deterministic
# ignoring probs <=  : 0
# Branch length floor: 0
# DE strategy        : 2
#    F               : 0.3
#    CR              : 0.8
#    tolerance       : 3e-06
# nthreads           : 32
# lgo input file     : acf2.lgo
# site pat input file: ../../boot/boot36.opf
# free parameters    : 17
# points in DE swarm : 51
# output state file  : b1boot36.state
# Including singleton site patterns.
# cost function      : KL
Initial parameter values
Fixed:
      zero = 0
       one = 1
    Tbecnw = 75200
Free:
       pc1 = 0
       pc2 = 0
       pc3 = 0
       pc4 = 0
       pc5 = 0
       pc6 = 0
       pc7 = 0
       pc8 = 0
       pc9 = 0
      pc10 = 0
      pc11 = 0
      pc12 = 0
      pc13 = 0
      pc14 = 0
      pc15 = 0
      pc16 = 0
      pc17 = 0
Constrained:
   Tgbecnw = 106967
     Tecnw = 26641.3
       Tnw = 24550.7
       Tec = 13888
     twoNb = 666796
     twoNe = 11016.3
     twoNc = 1.28247e+06
     twoNn = 1.30872e+06
     twoNw = 3.09045e+06
    twoNec = 148743
    twoNnw = 7547.62
  twoNecnw = 82655.2
  twoNbecnw = 14923.3
  twoNgbecnw = 214809
         m = 0.174287
        m3 = 0.156995
        m6 = 1.07363e-06
        Ta = 37600
        Tc = 12275.4
        Tf = 6137.68
DiffEv reached_goal. cost=1.99938e-03 spread=1.65795e-06
Fitted parameter values
Free:
       pc1 = -3.99971
       pc2 = -3.95223
       pc3 = 0.682413
       pc4 = 0.265131
       pc5 = 1.83479
       pc6 = 1.60193
       pc7 = -1.42214
       pc8 = -1.89198
       pc9 = 0.326449
      pc10 = 1.28071
      pc11 = -0.770888
      pc12 = -0.118642
      pc13 = 0.115947
      pc14 = 0.113851
      pc15 = 0.0394638
      pc16 = -0.047943
      pc17 = 0.0206793
Constrained:
   Tgbecnw = 81596.7
     Tecnw = 23957.2
       Tnw = 23337.9
       Tec = 13096.6
     twoNb = 1.24535e+06
     twoNe = 10260
     twoNc = 4.15107e+06
     twoNn = 2.06501e+06
     twoNw = 2.93024e+06
    twoNec = 126296
    twoNnw = 2251.87
  twoNecnw = 80909.9
  twoNbecnw = 3042.45
  twoNgbecnw = 243781
         m = 0.143998
        m3 = 0.155582
        m6 = 3.26003e-06
        Ta = 37600
        Tc = 11668.9
        Tf = 5834.47
#       SitePat  BranchLen
              b 125949.7330213
              e 49968.6171053
              c 50850.0806926
              n 45562.0885242
              w 47407.6746981
            b:e 2244.0743984
            b:c 2313.6120866
            b:n 1743.6038872
            b:w 1910.4017812
            e:c 10400.7967978
            e:n 6015.7290532
            e:w 4847.3723595
            c:n 5134.2272427
            c:w 5068.4558916
            n:w 12929.5416573
          b:e:c 2224.3279652
          b:e:n 1197.0050326
          b:e:w 1131.0643121
          b:c:n 1127.4610616
          b:c:w 1207.4164151
          b:n:w 2178.9337330
          e:c:n 4890.7886278
          e:c:w 4279.3304986
          e:n:w 6091.3046460
          c:n:w 5870.2593371
        b:e:c:n 2201.8995485
        b:e:c:w 2021.0870216
        b:e:n:w 2646.9008357
        b:c:n:w 2570.5550156
        e:c:n:w 52507.7779133
