########################################
# legofit: estimate population history #
#       version 2.3.4-4-g53f8760       #
########################################

# Program was compiled: Sep 21 2021 14:36:42
# Program was run: Thu Sep 23 12:02:18 2021

# cmd: legofit -1 -d 0 -t 32 --ptsPerDim 3 --stateOut b1boot28.state --tol 3e-6 -S 5000 acf2.lgo ../../boot/boot28.opf
# Stage nOptItr nSimReps
#     0    5000        0
# algorithm          : deterministic
# ignoring probs <=  : 0
# Branch length floor: 0
# DE strategy        : 2
#    F               : 0.3
#    CR              : 0.8
#    tolerance       : 3e-06
# nthreads           : 32
# lgo input file     : acf2.lgo
# site pat input file: ../../boot/boot28.opf
# free parameters    : 17
# points in DE swarm : 51
# output state file  : b1boot28.state
# Including singleton site patterns.
# cost function      : KL
Initial parameter values
Fixed:
      zero = 0
       one = 1
    Tbecnw = 75200
Free:
       pc1 = 0
       pc2 = 0
       pc3 = 0
       pc4 = 0
       pc5 = 0
       pc6 = 0
       pc7 = 0
       pc8 = 0
       pc9 = 0
      pc10 = 0
      pc11 = 0
      pc12 = 0
      pc13 = 0
      pc14 = 0
      pc15 = 0
      pc16 = 0
      pc17 = 0
Constrained:
   Tgbecnw = 106967
     Tecnw = 26641.3
       Tnw = 24550.7
       Tec = 13888
     twoNb = 666796
     twoNe = 11016.3
     twoNc = 1.28247e+06
     twoNn = 1.30872e+06
     twoNw = 3.09045e+06
    twoNec = 148743
    twoNnw = 7547.62
  twoNecnw = 82655.2
  twoNbecnw = 14923.3
  twoNgbecnw = 214809
         m = 0.174287
        m3 = 0.156995
        m6 = 1.07363e-06
        Ta = 37600
        Tc = 12275.4
        Tf = 6137.68
DiffEv reached_goal. cost=1.99088e-03 spread=2.86227e-06
Fitted parameter values
Free:
       pc1 = -3.92729
       pc2 = -3.14346
       pc3 = 1.97993
       pc4 = 0.989461
       pc5 = 1.95327
       pc6 = 1.00719
       pc7 = -1.24312
       pc8 = -1.96566
       pc9 = -0.274736
      pc10 = 0.138069
      pc11 = -0.442557
      pc12 = -0.223745
      pc13 = 0.0513149
      pc14 = 0.0681652
      pc15 = 0.0579912
      pc16 = -0.0222567
      pc17 = 0.000781422
Constrained:
   Tgbecnw = 82961.5
     Tecnw = 23938.5
       Tnw = 23782.5
       Tec = 12918.4
     twoNb = 583766
     twoNe = 6661.18
     twoNc = 2.09097e+06
     twoNn = 1.83873e+06
     twoNw = 4.35857e+06
    twoNec = 128953
    twoNnw = 570.994
  twoNecnw = 80569.3
  twoNbecnw = 3729.25
  twoNgbecnw = 237825
         m = 0.14581
        m3 = 0.1476
        m6 = 2.75489e-06
        Ta = 37600
        Tc = 11891.3
        Tf = 5945.63
#       SitePat  BranchLen
              b 126040.8977570
              e 49973.7292956
              c 50894.1278383
              n 45599.4423224
              w 47428.3825875
            b:e 2256.1264295
            b:c 2329.0645300
            b:n 1751.6833903
            b:w 1916.7732657
            e:c 10448.9410882
            e:n 6056.6264601
            e:w 4869.0847377
            c:n 5136.1961013
            c:w 5101.7043921
            n:w 12947.4961708
          b:e:c 2233.0479048
          b:e:n 1202.1511745
          b:e:w 1132.4956278
          b:c:n 1129.2078086
          b:c:w 1212.4166611
          b:n:w 2188.0789925
          e:c:n 4924.6843080
          e:c:w 4317.7774746
          e:n:w 6158.9858398
          c:n:w 5926.3980015
        b:e:c:n 2202.6353779
        b:e:c:w 2023.9921966
        b:e:n:w 2656.6077352
        b:c:n:w 2576.6919673
        e:c:n:w 52394.9851684
