########################################
# legofit: estimate population history #
#       version 2.3.4-4-g53f8760       #
########################################

# Program was compiled: Sep 21 2021 14:36:42
# Program was run: Thu Sep 23 12:02:57 2021

# cmd: legofit -1 -d 0 -t 32 --ptsPerDim 3 --stateOut b1boot41.state --tol 3e-6 -S 5000 acf2.lgo ../../boot/boot41.opf
# Stage nOptItr nSimReps
#     0    5000        0
# algorithm          : deterministic
# ignoring probs <=  : 0
# Branch length floor: 0
# DE strategy        : 2
#    F               : 0.3
#    CR              : 0.8
#    tolerance       : 3e-06
# nthreads           : 32
# lgo input file     : acf2.lgo
# site pat input file: ../../boot/boot41.opf
# free parameters    : 17
# points in DE swarm : 51
# output state file  : b1boot41.state
# Including singleton site patterns.
# cost function      : KL
Initial parameter values
Fixed:
      zero = 0
       one = 1
    Tbecnw = 75200
Free:
       pc1 = 0
       pc2 = 0
       pc3 = 0
       pc4 = 0
       pc5 = 0
       pc6 = 0
       pc7 = 0
       pc8 = 0
       pc9 = 0
      pc10 = 0
      pc11 = 0
      pc12 = 0
      pc13 = 0
      pc14 = 0
      pc15 = 0
      pc16 = 0
      pc17 = 0
Constrained:
   Tgbecnw = 106967
     Tecnw = 26641.3
       Tnw = 24550.7
       Tec = 13888
     twoNb = 666796
     twoNe = 11016.3
     twoNc = 1.28247e+06
     twoNn = 1.30872e+06
     twoNw = 3.09045e+06
    twoNec = 148743
    twoNnw = 7547.62
  twoNecnw = 82655.2
  twoNbecnw = 14923.3
  twoNgbecnw = 214809
         m = 0.174287
        m3 = 0.156995
        m6 = 1.07363e-06
        Ta = 37600
        Tc = 12275.4
        Tf = 6137.68
DiffEv reached_goal. cost=1.96579e-03 spread=2.80365e-06
Fitted parameter values
Free:
       pc1 = -3.98782
       pc2 = -3.51389
       pc3 = 1.11958
       pc4 = 0.562616
       pc5 = 1.54036
       pc6 = 1.95963
       pc7 = -0.787111
       pc8 = -1.93261
       pc9 = -0.44401
      pc10 = 1.13714
      pc11 = -0.454698
      pc12 = 0.138763
      pc13 = 0.0965152
      pc14 = 0.193021
      pc15 = -0.0414287
      pc16 = -0.0324638
      pc17 = 0.0168414
Constrained:
   Tgbecnw = 84023.3
     Tecnw = 24141.6
       Tnw = 23796.3
       Tec = 12982.6
     twoNb = 1.18306e+06
     twoNe = 6829.69
     twoNc = 4.23527e+06
     twoNn = 2.43117e+06
     twoNw = 4.02229e+06
    twoNec = 131986
    twoNnw = 1256.21
  twoNecnw = 80872
  twoNbecnw = 4081.01
  twoNgbecnw = 254202
         m = 0.136161
        m3 = 0.148719
        m6 = 2.90713e-06
        Ta = 37600
        Tc = 11898.1
        Tf = 5949.06
#       SitePat  BranchLen
              b 126272.3492631
              e 50190.8367338
              c 51148.0473332
              n 45735.8416280
              w 47599.7011487
            b:e 2262.0492890
            b:c 2337.7818184
            b:n 1750.1604239
            b:w 1918.0108736
            e:c 10404.3283546
            e:n 6075.2600081
            e:w 4851.4060517
            c:n 5118.0155595
            c:w 5091.5326123
            n:w 12969.8523691
          b:e:c 2238.5936147
          b:e:n 1206.5663215
          b:e:w 1134.1468725
          b:c:n 1130.8281836
          b:c:w 1217.2264329
          b:n:w 2192.2915826
          e:c:n 4895.8039185
          e:c:w 4282.2813015
          e:n:w 6145.2355964
          c:n:w 5905.1428849
        b:e:c:n 2207.9448301
        b:e:c:w 2026.1155802
        b:e:n:w 2670.6991182
        b:c:n:w 2587.6251663
        e:c:n:w 52561.1217799
