########################################
# legofit: estimate population history #
#       version 2.3.4-4-g53f8760       #
########################################

# Program was compiled: Sep 21 2021 14:36:42
# Program was run: Thu Sep 23 12:02:38 2021

# cmd: legofit -1 -d 0 -t 32 --ptsPerDim 3 --stateOut b1boot33.state --tol 3e-6 -S 5000 acf2.lgo ../../boot/boot33.opf
# Stage nOptItr nSimReps
#     0    5000        0
# algorithm          : deterministic
# ignoring probs <=  : 0
# Branch length floor: 0
# DE strategy        : 2
#    F               : 0.3
#    CR              : 0.8
#    tolerance       : 3e-06
# nthreads           : 32
# lgo input file     : acf2.lgo
# site pat input file: ../../boot/boot33.opf
# free parameters    : 17
# points in DE swarm : 51
# output state file  : b1boot33.state
# Including singleton site patterns.
# cost function      : KL
Initial parameter values
Fixed:
      zero = 0
       one = 1
    Tbecnw = 75200
Free:
       pc1 = 0
       pc2 = 0
       pc3 = 0
       pc4 = 0
       pc5 = 0
       pc6 = 0
       pc7 = 0
       pc8 = 0
       pc9 = 0
      pc10 = 0
      pc11 = 0
      pc12 = 0
      pc13 = 0
      pc14 = 0
      pc15 = 0
      pc16 = 0
      pc17 = 0
Constrained:
   Tgbecnw = 106967
     Tecnw = 26641.3
       Tnw = 24550.7
       Tec = 13888
     twoNb = 666796
     twoNe = 11016.3
     twoNc = 1.28247e+06
     twoNn = 1.30872e+06
     twoNw = 3.09045e+06
    twoNec = 148743
    twoNnw = 7547.62
  twoNecnw = 82655.2
  twoNbecnw = 14923.3
  twoNgbecnw = 214809
         m = 0.174287
        m3 = 0.156995
        m6 = 1.07363e-06
        Ta = 37600
        Tc = 12275.4
        Tf = 6137.68
DiffEv reached_goal. cost=1.97925e-03 spread=2.86419e-06
Fitted parameter values
Free:
       pc1 = -3.61615
       pc2 = -2.35483
       pc3 = 1.98531
       pc4 = 0.04504
       pc5 = 1.48559
       pc6 = 1.43363
       pc7 = -1.0778
       pc8 = -1.90637
       pc9 = 0.111757
      pc10 = -0.137971
      pc11 = -0.0688216
      pc12 = 0.154265
      pc13 = -0.0325156
      pc14 = 0.168156
      pc15 = -0.042233
      pc16 = -0.0291572
      pc17 = 0.0215043
Constrained:
   Tgbecnw = 86548.9
     Tecnw = 24439.7
       Tnw = 24342.4
       Tec = 12827.5
     twoNb = 712162
     twoNe = 4327.14
     twoNc = 1.4356e+06
     twoNn = 1.75619e+06
     twoNw = 3.27189e+06
    twoNec = 139044
    twoNnw = 352.74
  twoNecnw = 79979.1
  twoNbecnw = 5226.31
  twoNgbecnw = 252123
         m = 0.139067
        m3 = 0.145174
        m6 = 2.87934e-06
        Ta = 37600
        Tc = 12171.2
        Tf = 6085.6
#       SitePat  BranchLen
              b 127456.3153560
              e 50455.8735484
              c 51354.5996588
              n 45984.0742789
              w 47762.3708048
            b:e 2269.5537969
            b:c 2340.4323428
            b:n 1750.4851796
            b:w 1910.1035771
            e:c 10432.4643167
            e:n 6027.8216486
            e:w 4869.0608395
            c:n 5129.0618882
            c:w 5095.1308533
            n:w 12988.8815107
          b:e:c 2237.6762651
          b:e:n 1200.0357984
          b:e:w 1132.2689309
          b:c:n 1129.1516741
          b:c:w 1209.7902517
          b:n:w 2192.1882163
          e:c:n 4900.0761886
          e:c:w 4314.4715067
          e:n:w 6195.8888974
          c:n:w 5969.8525335
        b:e:c:n 2189.5064920
        b:e:c:w 2017.0163843
        b:e:n:w 2662.2060496
        b:c:n:w 2584.6903071
        e:c:n:w 53377.4999589
