########################################
# legofit: estimate population history #
#       version 2.3.4-4-g53f8760       #
########################################

# Program was compiled: Sep 21 2021 14:36:42
# Program was run: Thu Sep 23 12:01:59 2021

# cmd: legofit -1 -d 0 -t 32 --ptsPerDim 3 --stateOut b1boot18.state --tol 3e-6 -S 5000 acf2.lgo ../../boot/boot18.opf
# Stage nOptItr nSimReps
#     0    5000        0
# algorithm          : deterministic
# ignoring probs <=  : 0
# Branch length floor: 0
# DE strategy        : 2
#    F               : 0.3
#    CR              : 0.8
#    tolerance       : 3e-06
# nthreads           : 32
# lgo input file     : acf2.lgo
# site pat input file: ../../boot/boot18.opf
# free parameters    : 17
# points in DE swarm : 51
# output state file  : b1boot18.state
# Including singleton site patterns.
# cost function      : KL
Initial parameter values
Fixed:
      zero = 0
       one = 1
    Tbecnw = 75200
Free:
       pc1 = 0
       pc2 = 0
       pc3 = 0
       pc4 = 0
       pc5 = 0
       pc6 = 0
       pc7 = 0
       pc8 = 0
       pc9 = 0
      pc10 = 0
      pc11 = 0
      pc12 = 0
      pc13 = 0
      pc14 = 0
      pc15 = 0
      pc16 = 0
      pc17 = 0
Constrained:
   Tgbecnw = 106967
     Tecnw = 26641.3
       Tnw = 24550.7
       Tec = 13888
     twoNb = 666796
     twoNe = 11016.3
     twoNc = 1.28247e+06
     twoNn = 1.30872e+06
     twoNw = 3.09045e+06
    twoNec = 148743
    twoNnw = 7547.62
  twoNecnw = 82655.2
  twoNbecnw = 14923.3
  twoNgbecnw = 214809
         m = 0.174287
        m3 = 0.156995
        m6 = 1.07363e-06
        Ta = 37600
        Tc = 12275.4
        Tf = 6137.68
DiffEv reached_goal. cost=1.98611e-03 spread=2.69770e-06
Fitted parameter values
Free:
       pc1 = -3.42203
       pc2 = -3.27837
       pc3 = 1.70212
       pc4 = 1.16918
       pc5 = 1.52385
       pc6 = 1.38949
       pc7 = -1.5325
       pc8 = -1.62581
       pc9 = -0.224173
      pc10 = -0.0655883
      pc11 = -0.941992
      pc12 = -0.0349242
      pc13 = 0.131222
      pc14 = 0.139248
      pc15 = -0.0149099
      pc16 = -0.0362072
      pc17 = 0.0199288
Constrained:
   Tgbecnw = 84608.5
     Tecnw = 24058
       Tnw = 23955.6
       Tec = 13218.7
     twoNb = 828355
     twoNe = 8637.48
     twoNc = 1.735e+06
     twoNn = 2.15016e+06
     twoNw = 4.51155e+06
    twoNec = 127118
    twoNnw = 369.018
  twoNecnw = 82168.2
  twoNbecnw = 4441.55
  twoNgbecnw = 241770
         m = 0.146869
        m3 = 0.158265
        m6 = 2.88961e-06
        Ta = 37600
        Tc = 11977.8
        Tf = 5988.91
#       SitePat  BranchLen
              b 127047.6128493
              e 50378.0402696
              c 51307.7502460
              n 45906.7114619
              w 47817.4847743
            b:e 2268.0020258
            b:c 2341.6575018
            b:n 1756.0965023
            b:w 1928.8739152
            e:c 10469.3810077
            e:n 6104.9942015
            e:w 4884.0084008
            c:n 5175.2501806
            c:w 5117.9205218
            n:w 13023.9797862
          b:e:c 2244.2843946
          b:e:n 1209.9884167
          b:e:w 1139.9510819
          b:c:n 1136.3273108
          b:c:w 1220.7529896
          b:n:w 2198.2808121
          e:c:n 4932.9331231
          e:c:w 4300.4752702
          e:n:w 6159.8415961
          c:n:w 5925.9635196
        b:e:c:n 2220.0491786
        b:e:c:w 2032.8834217
        b:e:n:w 2675.2125765
        b:c:n:w 2594.4162988
        e:c:n:w 52994.3443108
