########################################
# legofit: estimate population history #
#       version 2.3.4-4-g53f8760       #
########################################

# Program was compiled: Sep 21 2021 14:36:42
# Program was run: Thu Sep 23 12:02:30 2021

# cmd: legofit -1 -d 0 -t 32 --ptsPerDim 3 --stateOut b1boot30.state --tol 3e-6 -S 5000 acf2.lgo ../../boot/boot30.opf
# Stage nOptItr nSimReps
#     0    5000        0
# algorithm          : deterministic
# ignoring probs <=  : 0
# Branch length floor: 0
# DE strategy        : 2
#    F               : 0.3
#    CR              : 0.8
#    tolerance       : 3e-06
# nthreads           : 32
# lgo input file     : acf2.lgo
# site pat input file: ../../boot/boot30.opf
# free parameters    : 17
# points in DE swarm : 51
# output state file  : b1boot30.state
# Including singleton site patterns.
# cost function      : KL
Initial parameter values
Fixed:
      zero = 0
       one = 1
    Tbecnw = 75200
Free:
       pc1 = 0
       pc2 = 0
       pc3 = 0
       pc4 = 0
       pc5 = 0
       pc6 = 0
       pc7 = 0
       pc8 = 0
       pc9 = 0
      pc10 = 0
      pc11 = 0
      pc12 = 0
      pc13 = 0
      pc14 = 0
      pc15 = 0
      pc16 = 0
      pc17 = 0
Constrained:
   Tgbecnw = 106967
     Tecnw = 26641.3
       Tnw = 24550.7
       Tec = 13888
     twoNb = 666796
     twoNe = 11016.3
     twoNc = 1.28247e+06
     twoNn = 1.30872e+06
     twoNw = 3.09045e+06
    twoNec = 148743
    twoNnw = 7547.62
  twoNecnw = 82655.2
  twoNbecnw = 14923.3
  twoNgbecnw = 214809
         m = 0.174287
        m3 = 0.156995
        m6 = 1.07363e-06
        Ta = 37600
        Tc = 12275.4
        Tf = 6137.68
DiffEv reached_goal. cost=2.00436e-03 spread=2.84200e-06
Fitted parameter values
Free:
       pc1 = -3.94011
       pc2 = -3.91905
       pc3 = 1.71216
       pc4 = 1.04628
       pc5 = 1.26632
       pc6 = 0.93658
       pc7 = -1.21912
       pc8 = -1.96336
       pc9 = 0.688655
      pc10 = 0.682804
      pc11 = -0.642357
      pc12 = -0.0925045
      pc13 = 0.0894218
      pc14 = 0.0517298
      pc15 = -0.0141541
      pc16 = -0.0314989
      pc17 = 0.0262225
Constrained:
   Tgbecnw = 81963
     Tecnw = 23848.1
       Tnw = 23775.3
       Tec = 13403.1
     twoNb = 816000
     twoNe = 10242.1
     twoNc = 3.06875e+06
     twoNn = 701141
     twoNw = 3.73587e+06
    twoNec = 122466
    twoNnw = 258.177
  twoNecnw = 80805.2
  twoNbecnw = 3182.77
  twoNgbecnw = 248268
         m = 0.141143
        m3 = 0.157026
        m6 = 2.31626e-06
        Ta = 37600
        Tc = 11887.6
        Tf = 5943.82
#       SitePat  BranchLen
              b 126060.5076241
              e 49891.5800999
              c 50826.8254635
              n 45353.0861046
              w 47247.0076083
            b:e 2244.2406003
            b:c 2318.4459022
            b:n 1726.9233401
            b:w 1898.3314855
            e:c 10383.3768316
            e:n 6040.4358614
            e:w 4822.3311047
            c:n 5105.1630312
            c:w 5059.0596617
            n:w 12988.8640172
          b:e:c 2226.2247679
          b:e:n 1191.8020410
          b:e:w 1121.1489003
          b:c:n 1117.5922062
          b:c:w 1202.5918998
          b:n:w 2179.3569417
          e:c:n 4880.9973546
          e:c:w 4251.2839769
          e:n:w 6138.1599507
          c:n:w 5901.4588603
        b:e:c:n 2186.3858002
        b:e:c:w 2000.6311018
        b:e:n:w 2649.8113490
        b:c:n:w 2568.3728824
        e:c:n:w 52663.9571022
