########################################
# legofit: estimate population history #
#       version 2.3.4-4-g53f8760       #
########################################

# Program was compiled: Sep 21 2021 14:36:42
# Program was run: Wed Oct 13 11:35:40 2021

# cmd: legofit -1 -d 0 -t 56 --ptsPerDim 3 --stateOut b1boot9.state --tol 3e-6 -S 5000 abdef2.lgo ../../chrX/boot_chrX/boot9.opf
# Stage nOptItr nSimReps
#     0    5000        0
# algorithm          : deterministic
# ignoring probs <=  : 0
# Branch length floor: 0
# DE strategy        : 2
#    F               : 0.3
#    CR              : 0.8
#    tolerance       : 3e-06
# nthreads           : 54
# lgo input file     : abdef2.lgo
# site pat input file: ../../chrX/boot_chrX/boot9.opf
# free parameters    : 18
# points in DE swarm : 54
# output state file  : b1boot9.state
# Including singleton site patterns.
# cost function      : KL
Initial parameter values
Fixed:
      zero = 0
       one = 1
    Tbecnw = 75200
Free:
       pc1 = 0
       pc2 = 0
       pc3 = 0
       pc4 = 0
       pc5 = 0
       pc6 = 0
       pc7 = 0
       pc8 = 0
       pc9 = 0
      pc10 = 0
      pc11 = 0
      pc12 = 0
      pc13 = 0
      pc14 = 0
      pc15 = 0
      pc16 = 0
      pc17 = 0
      pc18 = 0
Constrained:
   Tgbecnw = 138188
     Tecnw = 27872.4
       Tnw = 11910.7
       Tec = 1267.09
     twoNb = 1.51777e+07
     twoNe = 3.97552e+06
     twoNc = 3.54862e+06
     twoNw = 2.14356e+06
    twoNec = 129348
    twoNnw = 75183.1
  twoNecnw = 59624.8
  twoNbecnw = 17051.1
  twoNgbecnw = 205965
         m = 0.134257
        m2 = 0.0234826
        m4 = 0.0013789
        m5 = 0.160674
        m6 = 0.0296993
        Tb = 14569.8
        Ta = 44884.9
        Td = 633.547
        Te = 316.773
        Tf = 158.387
DiffEv reached_goal. cost=2.28257e-03 spread=2.74586e-06
Fitted parameter values
Free:
       pc1 = -0.948346
       pc2 = -1.17278
       pc3 = -0.902418
       pc4 = 0.588102
       pc5 = -1.12539
       pc6 = 0.507728
       pc7 = 0.158312
       pc8 = 0.210188
       pc9 = 0.330168
      pc10 = -0.0822931
      pc11 = -0.480186
      pc12 = -0.487228
      pc13 = -0.14484
      pc14 = -0.229141
      pc15 = -0.0226875
      pc16 = -0.146596
      pc17 = 0.106547
      pc18 = 0.0370423
Constrained:
   Tgbecnw = 109328
     Tecnw = 27274.2
       Tnw = 14278
       Tec = 3033.15
     twoNb = 3.51476e+07
     twoNe = 1.14793e+06
     twoNc = 327061
     twoNw = 2.73604e+06
    twoNec = 115626
    twoNnw = 57713.7
  twoNecnw = 62063
  twoNbecnw = 12997
  twoNgbecnw = 178034
         m = 0.161613
        m2 = 0.0197219
        m4 = 0.00105258
        m5 = 0.158298
        m6 = 0.0362402
        Tb = 15153.7
        Ta = 45176.8
        Td = 1516.57
        Te = 758.287
        Tf = 379.144
#       SitePat  BranchLen
              b 122939.3178256
              e 45930.1034634
              c 47776.1322239
              n 45110.4473179
              w 45069.7714153
            b:e 1291.9877785
            b:c 1433.1187132
            b:n 1082.6342517
            b:w 1081.0132778
            e:c 12146.8223738
            e:n 4667.0692228
            e:w 4698.3781000
            c:n 4178.7970805
            c:w 4179.8192210
            n:w 12579.9359256
          b:e:c 1295.2719194
          b:e:n 599.0311950
          b:e:w 600.0206064
          b:c:n 601.7600938
          b:c:w 600.6974617
          b:n:w 1323.1194811
          e:c:n 4376.6407399
          e:c:w 4384.9856249
          e:n:w 5752.0142517
          c:n:w 4977.1060210
        b:e:c:n 1155.8925281
        b:e:c:w 1157.5867227
        b:e:n:w 1860.1831437
        b:c:n:w 1651.3568578
        e:c:n:w 48757.0046587
