########################################
# legofit: estimate population history #
#       version 2.3.4-4-g53f8760       #
########################################

# Program was compiled: Sep 21 2021 14:36:42
# Program was run: Wed Oct 13 12:33:01 2021

# cmd: legofit -1 -d 0 -t 56 --ptsPerDim 3 --stateOut b1boot24.state --tol 3e-6 -S 5000 abdef2.lgo ../../chrX/boot_chrX/boot24.opf
# Stage nOptItr nSimReps
#     0    5000        0
# algorithm          : deterministic
# ignoring probs <=  : 0
# Branch length floor: 0
# DE strategy        : 2
#    F               : 0.3
#    CR              : 0.8
#    tolerance       : 3e-06
# nthreads           : 54
# lgo input file     : abdef2.lgo
# site pat input file: ../../chrX/boot_chrX/boot24.opf
# free parameters    : 18
# points in DE swarm : 54
# output state file  : b1boot24.state
# Including singleton site patterns.
# cost function      : KL
Initial parameter values
Fixed:
      zero = 0
       one = 1
    Tbecnw = 75200
Free:
       pc1 = 0
       pc2 = 0
       pc3 = 0
       pc4 = 0
       pc5 = 0
       pc6 = 0
       pc7 = 0
       pc8 = 0
       pc9 = 0
      pc10 = 0
      pc11 = 0
      pc12 = 0
      pc13 = 0
      pc14 = 0
      pc15 = 0
      pc16 = 0
      pc17 = 0
      pc18 = 0
Constrained:
   Tgbecnw = 138188
     Tecnw = 27872.4
       Tnw = 11910.7
       Tec = 1267.09
     twoNb = 1.51777e+07
     twoNe = 3.97552e+06
     twoNc = 3.54862e+06
     twoNw = 2.14356e+06
    twoNec = 129348
    twoNnw = 75183.1
  twoNecnw = 59624.8
  twoNbecnw = 17051.1
  twoNgbecnw = 205965
         m = 0.134257
        m2 = 0.0234826
        m4 = 0.0013789
        m5 = 0.160674
        m6 = 0.0296993
        Tb = 14569.8
        Ta = 44884.9
        Td = 633.547
        Te = 316.773
        Tf = 158.387
DiffEv reached_goal. cost=2.33699e-03 spread=2.99668e-06
Fitted parameter values
Free:
       pc1 = -2.21197
       pc2 = -0.35844
       pc3 = -0.647324
       pc4 = 0.52273
       pc5 = 1.32905
       pc6 = 0.0966227
       pc7 = 0.283564
       pc8 = 0.562445
       pc9 = 0.383721
      pc10 = -0.1252
      pc11 = -0.451376
      pc12 = -0.173115
      pc13 = 0.210778
      pc14 = 0.182381
      pc15 = -0.115745
      pc16 = 0.0271362
      pc17 = 0.08168
      pc18 = 0.0490628
Constrained:
   Tgbecnw = 109991
     Tecnw = 25540.3
       Tnw = 17864.1
       Tec = 2380.66
     twoNb = 3.27879e+07
     twoNe = 7.65894e+06
     twoNc = 1.07358e+07
     twoNw = 2.36131e+06
    twoNec = 126414
    twoNnw = 34581.2
  twoNecnw = 63368.5
  twoNbecnw = 12186.5
  twoNgbecnw = 226063
         m = 0.123343
        m2 = 0.0204124
        m4 = 0.000642147
        m5 = 0.147785
        m6 = 0.000678465
        Tb = 13960.5
        Ta = 44580.2
        Td = 1190.33
        Te = 595.165
        Tf = 297.583
#       SitePat  BranchLen
              b 121348.6461956
              e 45356.4498267
              c 47431.3973138
              n 44569.1273501
              w 44525.7938418
            b:e 1287.1689798
            b:c 1446.2819295
            b:n 1084.4086467
            b:w 1082.5764084
            e:c 11871.6102200
            e:n 4705.9161927
            e:w 4749.0045963
            c:n 4185.3584587
            c:w 4176.3642318
            n:w 12261.7220841
          b:e:c 1298.2265768
          b:e:n 609.1601298
          b:e:w 610.9749177
          b:c:n 613.3163319
          b:c:w 611.4116247
          b:n:w 1324.4887178
          e:c:n 4352.0211408
          e:c:w 4361.2604724
          e:n:w 5862.7186133
          c:n:w 4957.1265767
        b:e:c:n 1163.3706310
        b:e:c:w 1165.2927886
        b:e:n:w 1944.3037474
        b:c:n:w 1704.4404813
        e:c:n:w 47956.5895652
