########################################
# legofit: estimate population history #
#       version 2.3.4-4-g53f8760       #
########################################

# Program was compiled: Sep 21 2021 14:36:42
# Program was run: Wed Oct 13 13:38:07 2021

# cmd: legofit -1 -d 0 -t 56 --ptsPerDim 3 --stateOut b1boot36.state --tol 3e-6 -S 5000 abdef2.lgo ../../chrX/boot_chrX/boot36.opf
# Stage nOptItr nSimReps
#     0    5000        0
# algorithm          : deterministic
# ignoring probs <=  : 0
# Branch length floor: 0
# DE strategy        : 2
#    F               : 0.3
#    CR              : 0.8
#    tolerance       : 3e-06
# nthreads           : 54
# lgo input file     : abdef2.lgo
# site pat input file: ../../chrX/boot_chrX/boot36.opf
# free parameters    : 18
# points in DE swarm : 54
# output state file  : b1boot36.state
# Including singleton site patterns.
# cost function      : KL
Initial parameter values
Fixed:
      zero = 0
       one = 1
    Tbecnw = 75200
Free:
       pc1 = 0
       pc2 = 0
       pc3 = 0
       pc4 = 0
       pc5 = 0
       pc6 = 0
       pc7 = 0
       pc8 = 0
       pc9 = 0
      pc10 = 0
      pc11 = 0
      pc12 = 0
      pc13 = 0
      pc14 = 0
      pc15 = 0
      pc16 = 0
      pc17 = 0
      pc18 = 0
Constrained:
   Tgbecnw = 138188
     Tecnw = 27872.4
       Tnw = 11910.7
       Tec = 1267.09
     twoNb = 1.51777e+07
     twoNe = 3.97552e+06
     twoNc = 3.54862e+06
     twoNw = 2.14356e+06
    twoNec = 129348
    twoNnw = 75183.1
  twoNecnw = 59624.8
  twoNbecnw = 17051.1
  twoNgbecnw = 205965
         m = 0.134257
        m2 = 0.0234826
        m4 = 0.0013789
        m5 = 0.160674
        m6 = 0.0296993
        Tb = 14569.8
        Ta = 44884.9
        Td = 633.547
        Te = 316.773
        Tf = 158.387
DiffEv reached_goal. cost=2.25499e-03 spread=2.79804e-06
Fitted parameter values
Free:
       pc1 = -2.3803
       pc2 = -0.0669835
       pc3 = -0.458067
       pc4 = 1.01516
       pc5 = -0.332751
       pc6 = -0.953695
       pc7 = -0.118969
       pc8 = 0.391741
       pc9 = 0.806881
      pc10 = 0.0922615
      pc11 = -0.262495
      pc12 = 0.676515
      pc13 = 0.654507
      pc14 = -0.021253
      pc15 = -0.0545785
      pc16 = -0.0252294
      pc17 = -0.0858296
      pc18 = 0.0354071
Constrained:
   Tgbecnw = 102320
     Tecnw = 24428.6
       Tnw = 18831.8
       Tec = 1401.78
     twoNb = 1.17542e+07
     twoNe = 962947
     twoNc = 4.2381e+06
     twoNw = 3.25732e+06
    twoNec = 127498
    twoNnw = 25123.8
  twoNecnw = 63614.9
  twoNbecnw = 9635.31
  twoNgbecnw = 230628
         m = 0.124503
        m2 = 0.0217605
        m4 = 0.00166833
        m5 = 0.133418
        m6 = 0.00758777
        Tb = 12915.2
        Ta = 44057.6
        Td = 700.892
        Te = 350.446
        Tf = 175.223
#       SitePat  BranchLen
              b 120119.1697257
              e 44591.7983968
              c 46380.2659824
              n 43709.7931730
              w 43678.8879835
            b:e 1254.2470904
            b:c 1397.1803452
            b:n 1028.6566897
            b:w 1027.3718311
            e:c 11794.9439809
            e:n 4613.4743672
            e:w 4642.3305197
            c:n 4176.3487983
            c:w 4171.6289225
            n:w 12069.9771548
          b:e:c 1244.0207157
          b:e:n 581.0356993
          b:e:w 582.1772984
          b:c:n 584.3867379
          b:c:w 583.1762194
          b:n:w 1270.0423524
          e:c:n 4278.1568142
          e:c:w 4284.9257269
          e:n:w 5757.5621501
          c:n:w 4967.0064777
        b:e:c:n 1111.7467545
        b:e:c:w 1113.1005325
        b:e:n:w 1938.7012036
        b:c:n:w 1701.3331746
        e:c:n:w 47748.1254480
