########################################
# legofit: estimate population history #
#       version 2.3.4-4-g53f8760       #
########################################

# Program was compiled: Sep 21 2021 14:36:42
# Program was run: Wed Oct 13 13:38:29 2021

# cmd: legofit -1 -d 0 -t 56 --ptsPerDim 3 --stateOut b1boot40.state --tol 3e-6 -S 5000 abdef2.lgo ../../chrX/boot_chrX/boot40.opf
# Stage nOptItr nSimReps
#     0    5000        0
# algorithm          : deterministic
# ignoring probs <=  : 0
# Branch length floor: 0
# DE strategy        : 2
#    F               : 0.3
#    CR              : 0.8
#    tolerance       : 3e-06
# nthreads           : 54
# lgo input file     : abdef2.lgo
# site pat input file: ../../chrX/boot_chrX/boot40.opf
# free parameters    : 18
# points in DE swarm : 54
# output state file  : b1boot40.state
# Including singleton site patterns.
# cost function      : KL
Initial parameter values
Fixed:
      zero = 0
       one = 1
    Tbecnw = 75200
Free:
       pc1 = 0
       pc2 = 0
       pc3 = 0
       pc4 = 0
       pc5 = 0
       pc6 = 0
       pc7 = 0
       pc8 = 0
       pc9 = 0
      pc10 = 0
      pc11 = 0
      pc12 = 0
      pc13 = 0
      pc14 = 0
      pc15 = 0
      pc16 = 0
      pc17 = 0
      pc18 = 0
Constrained:
   Tgbecnw = 138188
     Tecnw = 27872.4
       Tnw = 11910.7
       Tec = 1267.09
     twoNb = 1.51777e+07
     twoNe = 3.97552e+06
     twoNc = 3.54862e+06
     twoNw = 2.14356e+06
    twoNec = 129348
    twoNnw = 75183.1
  twoNecnw = 59624.8
  twoNbecnw = 17051.1
  twoNgbecnw = 205965
         m = 0.134257
        m2 = 0.0234826
        m4 = 0.0013789
        m5 = 0.160674
        m6 = 0.0296993
        Tb = 14569.8
        Ta = 44884.9
        Td = 633.547
        Te = 316.773
        Tf = 158.387
DiffEv reached_goal. cost=2.13428e-03 spread=2.96509e-06
Fitted parameter values
Free:
       pc1 = -2.38604
       pc2 = -0.905542
       pc3 = -0.645124
       pc4 = 0.842468
       pc5 = -0.386595
       pc6 = -0.317908
       pc7 = 0.809145
       pc8 = 0.284824
       pc9 = 0.953691
      pc10 = -0.0755703
      pc11 = -0.421126
      pc12 = -0.0482801
      pc13 = 0.287573
      pc14 = -0.105134
      pc15 = 0.0138905
      pc16 = -0.310338
      pc17 = 0.0804866
      pc18 = 0.0265653
Constrained:
   Tgbecnw = 103413
     Tecnw = 25306.5
       Tnw = 18170.3
       Tec = 2793.33
     twoNb = 2.9357e+07
     twoNe = 2.97742e+06
     twoNc = 5.8308e+06
     twoNw = 3.72221e+06
    twoNec = 124298
    twoNnw = 29911.6
  twoNecnw = 64528.9
  twoNbecnw = 10586
  twoNgbecnw = 201514
         m = 0.145871
        m2 = 0.0185449
        m4 = 0.00180698
        m5 = 0.141243
        m6 = 0.0191969
        Tb = 14049.9
        Ta = 44625
        Td = 1396.67
        Te = 698.333
        Tf = 349.166
#       SitePat  BranchLen
              b 121640.2906752
              e 45471.8258316
              c 47320.4345020
              n 44090.6794152
              w 44061.1072964
            b:e 1302.3927413
            b:c 1452.8685809
            b:n 1057.5115328
            b:w 1056.2627764
            e:c 11766.2663520
            e:n 4641.4871969
            e:w 4666.6660380
            c:n 4182.2923184
            c:w 4180.2879343
            n:w 12507.7980613
          b:e:c 1301.7051489
          b:e:n 600.4707812
          b:e:w 601.4074853
          b:c:n 603.5873581
          b:c:w 602.5850362
          b:n:w 1321.1212469
          e:c:n 4252.1461648
          e:c:w 4258.5438266
          e:n:w 5888.0103323
          c:n:w 5064.7409025
        b:e:c:n 1141.7367547
        b:e:c:w 1143.0511290
        b:e:n:w 1918.6643725
        b:c:n:w 1684.1280618
        e:c:n:w 48473.4099146
