########################################
# legofit: estimate population history #
#       version 2.3.4-4-g53f8760       #
########################################

# Program was compiled: Sep 21 2021 14:36:42
# Program was run: Wed Oct 13 11:56:50 2021

# cmd: legofit -1 -d 0 -t 56 --ptsPerDim 3 --stateOut b1boot14.state --tol 3e-6 -S 5000 abdef2.lgo ../../chrX/boot_chrX/boot14.opf
# Stage nOptItr nSimReps
#     0    5000        0
# algorithm          : deterministic
# ignoring probs <=  : 0
# Branch length floor: 0
# DE strategy        : 2
#    F               : 0.3
#    CR              : 0.8
#    tolerance       : 3e-06
# nthreads           : 54
# lgo input file     : abdef2.lgo
# site pat input file: ../../chrX/boot_chrX/boot14.opf
# free parameters    : 18
# points in DE swarm : 54
# output state file  : b1boot14.state
# Including singleton site patterns.
# cost function      : KL
Initial parameter values
Fixed:
      zero = 0
       one = 1
    Tbecnw = 75200
Free:
       pc1 = 0
       pc2 = 0
       pc3 = 0
       pc4 = 0
       pc5 = 0
       pc6 = 0
       pc7 = 0
       pc8 = 0
       pc9 = 0
      pc10 = 0
      pc11 = 0
      pc12 = 0
      pc13 = 0
      pc14 = 0
      pc15 = 0
      pc16 = 0
      pc17 = 0
      pc18 = 0
Constrained:
   Tgbecnw = 138188
     Tecnw = 27872.4
       Tnw = 11910.7
       Tec = 1267.09
     twoNb = 1.51777e+07
     twoNe = 3.97552e+06
     twoNc = 3.54862e+06
     twoNw = 2.14356e+06
    twoNec = 129348
    twoNnw = 75183.1
  twoNecnw = 59624.8
  twoNbecnw = 17051.1
  twoNgbecnw = 205965
         m = 0.134257
        m2 = 0.0234826
        m4 = 0.0013789
        m5 = 0.160674
        m6 = 0.0296993
        Tb = 14569.8
        Ta = 44884.9
        Td = 633.547
        Te = 316.773
        Tf = 158.387
DiffEv reached_goal. cost=2.05713e-03 spread=2.29486e-06
Fitted parameter values
Free:
       pc1 = -1.14955
       pc2 = 0.908085
       pc3 = -0.85952
       pc4 = 2.26945
       pc5 = 0.586678
       pc6 = -0.00370289
       pc7 = 1.22326
       pc8 = 1.91504
       pc9 = 0.449377
      pc10 = -0.524314
      pc11 = -0.152338
      pc12 = 0.184762
      pc13 = 0.425611
      pc14 = -0.445222
      pc15 = 0.0697484
      pc16 = -0.1781
      pc17 = -0.00847084
      pc18 = 0.0509241
Constrained:
   Tgbecnw = 106980
     Tecnw = 26160.7
       Tnw = 14489.4
       Tec = 580.334
     twoNb = 6.32141e+07
     twoNe = 25659.8
     twoNc = 1.2595e+07
     twoNw = 4.28104e+06
    twoNec = 132163
    twoNnw = 52595.5
  twoNecnw = 57744.2
  twoNbecnw = 10771.6
  twoNgbecnw = 257261
         m = 0.102107
        m2 = 0.0229732
        m4 = 0.000104755
        m5 = 0.140826
        m6 = 0.0308515
        Tb = 13370.5
        Ta = 44285.3
        Td = 290.167
        Te = 145.084
        Tf = 72.5418
#       SitePat  BranchLen
              b 118945.9321368
              e 44496.3414936
              c 46036.5501303
              n 43418.9738562
              w 43395.6728301
            b:e 1225.7159799
            b:c 1335.0016566
            b:n 1015.6352207
            b:w 1014.7242529
            e:c 11675.7458766
            e:n 4504.2627186
            e:w 4522.4799716
            c:n 4097.6852908
            c:w 4097.9144748
            n:w 12073.4082354
          b:e:c 1214.9203433
          b:e:n 569.1109394
          b:e:w 569.6854934
          b:c:n 571.3057899
          b:c:w 570.6888689
          b:n:w 1245.3689308
          e:c:n 4269.8696550
          e:c:w 4274.7242440
          e:n:w 5620.4304180
          c:n:w 4966.2921182
        b:e:c:n 1087.3936160
        b:e:c:w 1088.3469508
        b:e:n:w 1846.7024631
        b:c:n:w 1679.2911206
        e:c:n:w 47014.0938105
