########################################
# legofit: estimate population history #
#       version 2.3.4-4-g53f8760       #
########################################

# Program was compiled: Sep 21 2021 14:36:42
# Program was run: Wed Oct 13 13:09:48 2021

# cmd: legofit -1 -d 0 -t 56 --ptsPerDim 3 --stateOut b1boot29.state --tol 3e-6 -S 5000 abdef2.lgo ../../chrX/boot_chrX/boot29.opf
# Stage nOptItr nSimReps
#     0    5000        0
# algorithm          : deterministic
# ignoring probs <=  : 0
# Branch length floor: 0
# DE strategy        : 2
#    F               : 0.3
#    CR              : 0.8
#    tolerance       : 3e-06
# nthreads           : 54
# lgo input file     : abdef2.lgo
# site pat input file: ../../chrX/boot_chrX/boot29.opf
# free parameters    : 18
# points in DE swarm : 54
# output state file  : b1boot29.state
# Including singleton site patterns.
# cost function      : KL
Initial parameter values
Fixed:
      zero = 0
       one = 1
    Tbecnw = 75200
Free:
       pc1 = 0
       pc2 = 0
       pc3 = 0
       pc4 = 0
       pc5 = 0
       pc6 = 0
       pc7 = 0
       pc8 = 0
       pc9 = 0
      pc10 = 0
      pc11 = 0
      pc12 = 0
      pc13 = 0
      pc14 = 0
      pc15 = 0
      pc16 = 0
      pc17 = 0
      pc18 = 0
Constrained:
   Tgbecnw = 138188
     Tecnw = 27872.4
       Tnw = 11910.7
       Tec = 1267.09
     twoNb = 1.51777e+07
     twoNe = 3.97552e+06
     twoNc = 3.54862e+06
     twoNw = 2.14356e+06
    twoNec = 129348
    twoNnw = 75183.1
  twoNecnw = 59624.8
  twoNbecnw = 17051.1
  twoNgbecnw = 205965
         m = 0.134257
        m2 = 0.0234826
        m4 = 0.0013789
        m5 = 0.160674
        m6 = 0.0296993
        Tb = 14569.8
        Ta = 44884.9
        Td = 633.547
        Te = 316.773
        Tf = 158.387
DiffEv finished_iterations. cost=2.33154e-03 spread=inf
Fitted parameter values
Free:
       pc1 = 2.05888
       pc2 = 0
       pc3 = -0.576279
       pc4 = 0
       pc5 = 0
       pc6 = -0.329012
       pc7 = -0.213213
       pc8 = -0.01764
       pc9 = 0
      pc10 = 0
      pc11 = 0
      pc12 = -0.361003
      pc13 = 0
      pc14 = 0
      pc15 = 0
      pc16 = 0
      pc17 = 0
      pc18 = 0
Constrained:
   Tgbecnw = 129916
     Tecnw = 29651.1
       Tnw = 6867.55
       Tec = 1557.27
     twoNb = 6.13537e+06
     twoNe = 4.02845e+06
     twoNc = 1.30858e+06
     twoNw = 2.32724e+06
    twoNec = 121452
    twoNnw = 109640
  twoNecnw = 53178.6
  twoNbecnw = 18043.2
  twoNgbecnw = 210845
         m = 0.116841
        m2 = 0.0257413
        m4 = 0.00108826
        m5 = 0.188292
        m6 = 0.0559618
        Tb = 15604.2
        Ta = 45402.1
        Td = 778.636
        Te = 389.318
        Tf = 194.659
#       SitePat  BranchLen
              b 123078.6441324
              e 45763.0126520
              c 47810.1976858
              n 44963.6430659
              w 44932.2292985
            b:e 1265.1145539
            b:c 1409.7903582
            b:n 1077.2516161
            b:w 1076.1119306
            e:c 11946.3850379
            e:n 4733.9058236
            e:w 4756.5370035
            c:n 4159.8506937
            c:w 4162.6259091
            n:w 12437.7536862
          b:e:c 1232.9967676
          b:e:n 589.8357188
          b:e:w 590.4333291
          b:c:n 591.5698705
          b:c:w 590.9387918
          b:n:w 1276.1416830
          e:c:n 4484.6614965
          e:c:w 4490.6688684
          e:n:w 5773.7537155
          c:n:w 4981.4815476
        b:e:c:n 1124.4604162
        b:e:c:w 1125.6335701
        b:e:n:w 1916.9520294
        b:c:n:w 1683.0899093
        e:c:n:w 48834.6140025
