########################################
# legofit: estimate population history #
#       version 2.3.4-4-g53f8760       #
########################################

# Program was compiled: Sep 21 2021 14:36:42
# Program was run: Wed Oct 13 12:16:07 2021

# cmd: legofit -1 -d 0 -t 56 --ptsPerDim 3 --stateOut b1boot21.state --tol 3e-6 -S 5000 abdef2.lgo ../../chrX/boot_chrX/boot21.opf
# Stage nOptItr nSimReps
#     0    5000        0
# algorithm          : deterministic
# ignoring probs <=  : 0
# Branch length floor: 0
# DE strategy        : 2
#    F               : 0.3
#    CR              : 0.8
#    tolerance       : 3e-06
# nthreads           : 54
# lgo input file     : abdef2.lgo
# site pat input file: ../../chrX/boot_chrX/boot21.opf
# free parameters    : 18
# points in DE swarm : 54
# output state file  : b1boot21.state
# Including singleton site patterns.
# cost function      : KL
Initial parameter values
Fixed:
      zero = 0
       one = 1
    Tbecnw = 75200
Free:
       pc1 = 0
       pc2 = 0
       pc3 = 0
       pc4 = 0
       pc5 = 0
       pc6 = 0
       pc7 = 0
       pc8 = 0
       pc9 = 0
      pc10 = 0
      pc11 = 0
      pc12 = 0
      pc13 = 0
      pc14 = 0
      pc15 = 0
      pc16 = 0
      pc17 = 0
      pc18 = 0
Constrained:
   Tgbecnw = 138188
     Tecnw = 27872.4
       Tnw = 11910.7
       Tec = 1267.09
     twoNb = 1.51777e+07
     twoNe = 3.97552e+06
     twoNc = 3.54862e+06
     twoNw = 2.14356e+06
    twoNec = 129348
    twoNnw = 75183.1
  twoNecnw = 59624.8
  twoNbecnw = 17051.1
  twoNgbecnw = 205965
         m = 0.134257
        m2 = 0.0234826
        m4 = 0.0013789
        m5 = 0.160674
        m6 = 0.0296993
        Tb = 14569.8
        Ta = 44884.9
        Td = 633.547
        Te = 316.773
        Tf = 158.387
DiffEv reached_goal. cost=2.32082e-03 spread=2.84525e-06
Fitted parameter values
Free:
       pc1 = -0.575114
       pc2 = 0.0433744
       pc3 = -1.22775
       pc4 = 3.62747
       pc5 = 0.30836
       pc6 = 1.2561
       pc7 = 1.98571
       pc8 = 1.82323
       pc9 = 1.95595
      pc10 = -0.851495
      pc11 = -1.44565
      pc12 = -0.0205524
      pc13 = -0.0117267
      pc14 = -0.268991
      pc15 = -0.0425604
      pc16 = -0.319428
      pc17 = 0.076833
      pc18 = 0.0259938
Constrained:
   Tgbecnw = 93482.7
     Tecnw = 26499.5
       Tnw = 13839.3
       Tec = 1002.03
     twoNb = 1.15425e+08
     twoNe = 510237
     twoNc = 1.05047e+07
     twoNw = 4.73537e+06
    twoNec = 116986
    twoNnw = 51851.1
  twoNecnw = 57152
  twoNbecnw = 6617.98
  twoNgbecnw = 260644
         m = 0.101247
        m2 = 0.0194964
        m4 = 0.00149038
        m5 = 0.177728
        m6 = 0.0633697
        Tb = 13750.8
        Ta = 44475.4
        Td = 501.013
        Te = 250.507
        Tf = 125.253
#       SitePat  BranchLen
              b 116750.2727572
              e 43645.5427431
              c 45398.2130134
              n 42495.1889260
              w 42467.6283750
            b:e 1211.6815845
            b:c 1342.6259514
            b:n 1011.1037181
            b:w 1010.0079362
            e:c 11562.5161448
            e:n 4454.8048817
            e:w 4473.5533395
            c:n 3997.0578409
            c:w 4000.1611564
            n:w 12125.5788634
          b:e:c 1244.1096775
          b:e:n 570.8335893
          b:e:w 571.3333289
          b:c:n 573.6895712
          b:c:w 573.1289276
          b:n:w 1265.1629973
          e:c:n 4117.3843519
          e:c:w 4123.0931296
          e:n:w 5613.7414720
          c:n:w 4864.5389871
        b:e:c:n 1096.8323948
        b:e:c:w 1097.9890808
        b:e:n:w 1805.4228377
        b:c:n:w 1597.4982916
        e:c:n:w 46132.8542704
