########################################
# legofit: estimate population history #
#       version 2.3.4-4-g53f8760       #
########################################

# Program was compiled: Sep 21 2021 14:36:42
# Program was run: Wed Oct 13 15:47:59 2021

# cmd: legofit -1 -d 0 -t 56 --ptsPerDim 3 --stateOut b1boot33.state --tol 3e-6 -S 5000 abdef2.lgo ../../chrX/boot_chrX/boot33.opf
# Stage nOptItr nSimReps
#     0    5000        0
# algorithm          : deterministic
# ignoring probs <=  : 0
# Branch length floor: 0
# DE strategy        : 2
#    F               : 0.3
#    CR              : 0.8
#    tolerance       : 3e-06
# nthreads           : 54
# lgo input file     : abdef2.lgo
# site pat input file: ../../chrX/boot_chrX/boot33.opf
# free parameters    : 18
# points in DE swarm : 54
# output state file  : b1boot33.state
# Including singleton site patterns.
# cost function      : KL
Initial parameter values
Fixed:
      zero = 0
       one = 1
    Tbecnw = 75200
Free:
       pc1 = 0
       pc2 = 0
       pc3 = 0
       pc4 = 0
       pc5 = 0
       pc6 = 0
       pc7 = 0
       pc8 = 0
       pc9 = 0
      pc10 = 0
      pc11 = 0
      pc12 = 0
      pc13 = 0
      pc14 = 0
      pc15 = 0
      pc16 = 0
      pc17 = 0
      pc18 = 0
Constrained:
   Tgbecnw = 138188
     Tecnw = 27872.4
       Tnw = 11910.7
       Tec = 1267.09
     twoNb = 1.51777e+07
     twoNe = 3.97552e+06
     twoNc = 3.54862e+06
     twoNw = 2.14356e+06
    twoNec = 129348
    twoNnw = 75183.1
  twoNecnw = 59624.8
  twoNbecnw = 17051.1
  twoNgbecnw = 205965
         m = 0.134257
        m2 = 0.0234826
        m4 = 0.0013789
        m5 = 0.160674
        m6 = 0.0296993
        Tb = 14569.8
        Ta = 44884.9
        Td = 633.547
        Te = 316.773
        Tf = 158.387
DiffEv reached_goal. cost=2.22788e-03 spread=2.97204e-06
Fitted parameter values
Free:
       pc1 = -2.32526
       pc2 = 0.852234
       pc3 = -0.691578
       pc4 = 1.50186
       pc5 = 0.442219
       pc6 = 0.216014
       pc7 = 0.990997
       pc8 = 1.37403
       pc9 = 0.462425
      pc10 = -0.883432
      pc11 = -0.107549
      pc12 = 0.0407232
      pc13 = 0.402602
      pc14 = -0.298807
      pc15 = 0.00384054
      pc16 = 0.0220441
      pc17 = 0.0609492
      pc18 = 0.0583533
Constrained:
   Tgbecnw = 114940
     Tecnw = 25753.7
       Tnw = 17825.9
       Tec = 1447.65
     twoNb = 5.80312e+07
     twoNe = 583462
     twoNc = 1.13809e+07
     twoNw = 3.69047e+06
    twoNec = 132721
    twoNnw = 33438.2
  twoNecnw = 61675.5
  twoNbecnw = 13170.5
  twoNgbecnw = 255118
         m = 0.11152
        m2 = 0.0206819
        m4 = 0.000429185
        m5 = 0.126346
        m6 = 0.00245493
        Tb = 13600.7
        Ta = 44400.3
        Td = 723.824
        Te = 361.912
        Tf = 180.956
#       SitePat  BranchLen
              b 122842.3910909
              e 45354.7561439
              c 47164.8794272
              n 44173.7627633
              w 44149.6559097
            b:e 1299.0962842
            b:c 1437.1912951
            b:n 1068.9651989
            b:w 1067.9530436
            e:c 12113.0226635
            e:n 4557.9310086
            e:w 4581.4738696
            c:n 4104.3446035
            c:w 4099.7759301
            n:w 12618.0564937
          b:e:c 1319.7937295
          b:e:n 595.2278242
          b:e:w 596.2001184
          b:c:n 598.0722807
          b:c:w 597.0539272
          b:n:w 1349.2345549
          e:c:n 4325.5319117
          e:c:w 4330.6645778
          e:n:w 5882.7680043
          c:n:w 5075.3129362
        b:e:c:n 1141.8842848
        b:e:c:w 1142.9424994
        b:e:n:w 1959.3784676
        b:c:n:w 1750.2012838
        e:c:n:w 49564.9147333
