########################################
# legofit: estimate population history #
#       version 2.3.4-4-g53f8760       #
########################################

# Program was compiled: Sep 21 2021 14:36:42
# Program was run: Wed Oct 13 13:38:08 2021

# cmd: legofit -1 -d 0 -t 56 --ptsPerDim 3 --stateOut b1boot34.state --tol 3e-6 -S 5000 abdef2.lgo ../../chrX/boot_chrX/boot34.opf
# Stage nOptItr nSimReps
#     0    5000        0
# algorithm          : deterministic
# ignoring probs <=  : 0
# Branch length floor: 0
# DE strategy        : 2
#    F               : 0.3
#    CR              : 0.8
#    tolerance       : 3e-06
# nthreads           : 54
# lgo input file     : abdef2.lgo
# site pat input file: ../../chrX/boot_chrX/boot34.opf
# free parameters    : 18
# points in DE swarm : 54
# output state file  : b1boot34.state
# Including singleton site patterns.
# cost function      : KL
Initial parameter values
Fixed:
      zero = 0
       one = 1
    Tbecnw = 75200
Free:
       pc1 = 0
       pc2 = 0
       pc3 = 0
       pc4 = 0
       pc5 = 0
       pc6 = 0
       pc7 = 0
       pc8 = 0
       pc9 = 0
      pc10 = 0
      pc11 = 0
      pc12 = 0
      pc13 = 0
      pc14 = 0
      pc15 = 0
      pc16 = 0
      pc17 = 0
      pc18 = 0
Constrained:
   Tgbecnw = 138188
     Tecnw = 27872.4
       Tnw = 11910.7
       Tec = 1267.09
     twoNb = 1.51777e+07
     twoNe = 3.97552e+06
     twoNc = 3.54862e+06
     twoNw = 2.14356e+06
    twoNec = 129348
    twoNnw = 75183.1
  twoNecnw = 59624.8
  twoNbecnw = 17051.1
  twoNgbecnw = 205965
         m = 0.134257
        m2 = 0.0234826
        m4 = 0.0013789
        m5 = 0.160674
        m6 = 0.0296993
        Tb = 14569.8
        Ta = 44884.9
        Td = 633.547
        Te = 316.773
        Tf = 158.387
DiffEv reached_goal. cost=2.00558e-03 spread=2.95837e-06
Fitted parameter values
Free:
       pc1 = -0.837839
       pc2 = 0.336629
       pc3 = -1.47552
       pc4 = 1.85087
       pc5 = 0.665434
       pc6 = -0.0653497
       pc7 = 0.396632
       pc8 = -0.143513
       pc9 = 1.48423
      pc10 = 0.698972
      pc11 = -0.020241
      pc12 = -0.185416
      pc13 = 0.216824
      pc14 = 0.351282
      pc15 = 0.0416899
      pc16 = 0.525184
      pc17 = -0.00669039
      pc18 = -0.0328048
Constrained:
   Tgbecnw = 100472
     Tecnw = 26020.8
       Tnw = 13394.8
       Tec = 968.314
     twoNb = 4.0474e+07
     twoNe = 7.94853e+06
     twoNc = 303609
     twoNw = 4.01798e+06
    twoNec = 124794
    twoNnw = 58887.9
  twoNecnw = 56472.9
  twoNbecnw = 8858.37
  twoNgbecnw = 253938
         m = 0.105947
        m2 = 0.0211318
        m4 = 0.00100398
        m5 = 0.170991
        m6 = 1.58938e-05
        Tb = 13494.6
        Ta = 44347.3
        Td = 484.157
        Te = 242.078
        Tf = 121.039
#       SitePat  BranchLen
              b 118468.4210892
              e 43388.7824309
              c 45751.6737241
              n 43036.9098592
              w 43014.1118079
            b:e 1157.8656710
            b:c 1326.1519225
            b:n 1002.5751620
            b:w 1001.7031070
            e:c 11615.5999173
            e:n 4571.1510939
            e:w 4593.9465729
            c:n 3943.6010732
            c:w 3939.0113438
            n:w 11849.8988276
          b:e:c 1187.7286638
          b:e:n 557.8156455
          b:e:w 558.6875328
          b:c:n 561.3168771
          b:c:w 560.4013929
          b:n:w 1215.8340709
          e:c:n 4273.4628723
          e:c:w 4278.0551740
          e:n:w 5669.1860829
          c:n:w 4683.7581025
        b:e:c:n 1077.0831460
        b:e:c:w 1077.9987978
        b:e:n:w 1833.2504458
        b:c:n:w 1564.7709881
        e:c:n:w 47310.9906909
