########################################
# legofit: estimate population history #
#       version 2.3.4-4-g53f8760       #
########################################

# Program was compiled: Sep 21 2021 14:36:42
# Program was run: Wed Oct 13 12:14:14 2021

# cmd: legofit -1 -d 0 -t 56 --ptsPerDim 3 --stateOut b1boot19.state --tol 3e-6 -S 5000 abdef2.lgo ../../chrX/boot_chrX/boot19.opf
# Stage nOptItr nSimReps
#     0    5000        0
# algorithm          : deterministic
# ignoring probs <=  : 0
# Branch length floor: 0
# DE strategy        : 2
#    F               : 0.3
#    CR              : 0.8
#    tolerance       : 3e-06
# nthreads           : 54
# lgo input file     : abdef2.lgo
# site pat input file: ../../chrX/boot_chrX/boot19.opf
# free parameters    : 18
# points in DE swarm : 54
# output state file  : b1boot19.state
# Including singleton site patterns.
# cost function      : KL
Initial parameter values
Fixed:
      zero = 0
       one = 1
    Tbecnw = 75200
Free:
       pc1 = 0
       pc2 = 0
       pc3 = 0
       pc4 = 0
       pc5 = 0
       pc6 = 0
       pc7 = 0
       pc8 = 0
       pc9 = 0
      pc10 = 0
      pc11 = 0
      pc12 = 0
      pc13 = 0
      pc14 = 0
      pc15 = 0
      pc16 = 0
      pc17 = 0
      pc18 = 0
Constrained:
   Tgbecnw = 138188
     Tecnw = 27872.4
       Tnw = 11910.7
       Tec = 1267.09
     twoNb = 1.51777e+07
     twoNe = 3.97552e+06
     twoNc = 3.54862e+06
     twoNw = 2.14356e+06
    twoNec = 129348
    twoNnw = 75183.1
  twoNecnw = 59624.8
  twoNbecnw = 17051.1
  twoNgbecnw = 205965
         m = 0.134257
        m2 = 0.0234826
        m4 = 0.0013789
        m5 = 0.160674
        m6 = 0.0296993
        Tb = 14569.8
        Ta = 44884.9
        Td = 633.547
        Te = 316.773
        Tf = 158.387
DiffEv reached_goal. cost=2.30052e-03 spread=2.87293e-06
Fitted parameter values
Free:
       pc1 = -1.67191
       pc2 = -2.52318
       pc3 = -0.278469
       pc4 = -0.0683592
       pc5 = 0.784582
       pc6 = -1.41631
       pc7 = 0.801614
       pc8 = 1.68539
       pc9 = 1.3825
      pc10 = -1.58166
      pc11 = -0.972277
      pc12 = 0.291784
      pc13 = 0.440846
      pc14 = 0.0350417
      pc15 = -0.372802
      pc16 = -0.113425
      pc17 = 0.14043
      pc18 = 0.0500554
Constrained:
   Tgbecnw = 103088
     Tecnw = 25688.6
       Tnw = 16552.5
       Tec = 4789.59
     twoNb = 1.1192e+07
     twoNe = 2.42022e+06
     twoNc = 2.09588e+07
     twoNw = 3.0342e+06
    twoNec = 98047.7
    twoNnw = 37631.1
  twoNecnw = 63886.9
  twoNbecnw = 10208.7
  twoNgbecnw = 208765
         m = 0.136736
        m2 = 0.0211899
        m4 = 0.00318751
        m5 = 0.151944
        m6 = 0.0314476
        Tb = 15239.1
        Ta = 45219.5
        Td = 2394.8
        Te = 1197.4
        Tf = 598.699
#       SitePat  BranchLen
              b 120268.4302834
              e 45024.4707951
              c 46987.8226478
              n 43917.9038467
              w 43881.0449004
            b:e 1255.5417865
            b:c 1416.7639766
            b:n 1034.3927202
            b:w 1032.8950573
            e:c 12109.7858928
            e:n 4542.7872727
            e:w 4571.6997909
            c:n 4057.2423359
            c:w 4057.3738864
            n:w 12695.4819250
          b:e:c 1291.1947552
          b:e:n 572.5654444
          b:e:w 573.5190142
          b:c:n 575.7689805
          b:c:w 574.7361654
          b:n:w 1319.7577468
          e:c:n 4235.1208548
          e:c:w 4242.9357324
          e:n:w 5775.3780797
          c:n:w 4921.9509229
        b:e:c:n 1116.4691167
        b:e:c:w 1118.0460249
        b:e:n:w 1940.3924914
        b:c:n:w 1664.6956557
        e:c:n:w 47385.2625665
