########################################
# legofit: estimate population history #
#       version 2.3.4-4-g53f8760       #
########################################

# Program was compiled: Sep 21 2021 14:36:42
# Program was run: Wed Oct 13 15:48:01 2021

# cmd: legofit -1 -d 0 -t 56 --ptsPerDim 3 --stateOut b1boot32.state --tol 3e-6 -S 5000 abdef2.lgo ../../chrX/boot_chrX/boot32.opf
# Stage nOptItr nSimReps
#     0    5000        0
# algorithm          : deterministic
# ignoring probs <=  : 0
# Branch length floor: 0
# DE strategy        : 2
#    F               : 0.3
#    CR              : 0.8
#    tolerance       : 3e-06
# nthreads           : 54
# lgo input file     : abdef2.lgo
# site pat input file: ../../chrX/boot_chrX/boot32.opf
# free parameters    : 18
# points in DE swarm : 54
# output state file  : b1boot32.state
# Including singleton site patterns.
# cost function      : KL
Initial parameter values
Fixed:
      zero = 0
       one = 1
    Tbecnw = 75200
Free:
       pc1 = 0
       pc2 = 0
       pc3 = 0
       pc4 = 0
       pc5 = 0
       pc6 = 0
       pc7 = 0
       pc8 = 0
       pc9 = 0
      pc10 = 0
      pc11 = 0
      pc12 = 0
      pc13 = 0
      pc14 = 0
      pc15 = 0
      pc16 = 0
      pc17 = 0
      pc18 = 0
Constrained:
   Tgbecnw = 138188
     Tecnw = 27872.4
       Tnw = 11910.7
       Tec = 1267.09
     twoNb = 1.51777e+07
     twoNe = 3.97552e+06
     twoNc = 3.54862e+06
     twoNw = 2.14356e+06
    twoNec = 129348
    twoNnw = 75183.1
  twoNecnw = 59624.8
  twoNbecnw = 17051.1
  twoNgbecnw = 205965
         m = 0.134257
        m2 = 0.0234826
        m4 = 0.0013789
        m5 = 0.160674
        m6 = 0.0296993
        Tb = 14569.8
        Ta = 44884.9
        Td = 633.547
        Te = 316.773
        Tf = 158.387
DiffEv reached_goal. cost=2.08996e-03 spread=2.27797e-06
Fitted parameter values
Free:
       pc1 = -1.61228
       pc2 = -1.22742
       pc3 = -0.59087
       pc4 = 0.897132
       pc5 = 0.212259
       pc6 = -0.0353723
       pc7 = 0.662793
       pc8 = 0.959697
       pc9 = 0.590563
      pc10 = -0.27622
      pc11 = -1.24108
      pc12 = -0.411638
      pc13 = 0.109426
      pc14 = -0.0595938
      pc15 = -0.100495
      pc16 = -0.0138879
      pc17 = 0.080944
      pc18 = 0.0999543
Constrained:
   Tgbecnw = 102172
     Tecnw = 26417
       Tnw = 17821.7
       Tec = 2609.23
     twoNb = 3.76982e+07
     twoNe = 3.11998e+06
     twoNc = 1.06591e+07
     twoNw = 2.79469e+06
    twoNec = 114844
    twoNnw = 35829.2
  twoNecnw = 61713.5
  twoNbecnw = 10263.5
  twoNgbecnw = 199232
         m = 0.143453
        m2 = 0.0189202
        m4 = 0.00123226
        m5 = 0.165056
        m6 = 0.0332271
        Tb = 14513.1
        Ta = 44856.6
        Td = 1304.61
        Te = 652.307
        Tf = 326.153
#       SitePat  BranchLen
              b 120773.4639567
              e 45033.7746826
              c 46995.8600061
              n 44262.9039626
              w 44214.7423124
            b:e 1266.3986582
            b:c 1421.8567141
            b:n 1055.2564789
            b:w 1053.2528375
            e:c 11968.9145113
            e:n 4562.8619649
            e:w 4601.0524878
            c:n 4070.9589472
            c:w 4070.6746385
            n:w 12295.4004903
          b:e:c 1296.3791927
          b:e:n 589.3296654
          b:e:w 590.6336943
          b:c:n 592.9739574
          b:c:w 591.5668540
          b:n:w 1319.3180687
          e:c:n 4253.6516114
          e:c:w 4263.9070473
          e:n:w 5799.5706435
          c:n:w 4930.9862122
        b:e:c:n 1136.3061852
        b:e:c:w 1138.4129010
        b:e:n:w 1862.9309961
        b:c:n:w 1631.6753879
        e:c:n:w 47955.6316700
