########################################
# legofit: estimate population history #
#       version 2.3.4-4-g53f8760       #
########################################

# Program was compiled: Sep 21 2021 14:36:42
# Program was run: Wed Oct 13 13:09:11 2021

# cmd: legofit -1 -d 0 -t 56 --ptsPerDim 3 --stateOut b1boot18.state --tol 3e-6 -S 5000 abdef2.lgo ../../chrX/boot_chrX/boot18.opf
# Stage nOptItr nSimReps
#     0    5000        0
# algorithm          : deterministic
# ignoring probs <=  : 0
# Branch length floor: 0
# DE strategy        : 2
#    F               : 0.3
#    CR              : 0.8
#    tolerance       : 3e-06
# nthreads           : 54
# lgo input file     : abdef2.lgo
# site pat input file: ../../chrX/boot_chrX/boot18.opf
# free parameters    : 18
# points in DE swarm : 54
# output state file  : b1boot18.state
# Including singleton site patterns.
# cost function      : KL
Initial parameter values
Fixed:
      zero = 0
       one = 1
    Tbecnw = 75200
Free:
       pc1 = 0
       pc2 = 0
       pc3 = 0
       pc4 = 0
       pc5 = 0
       pc6 = 0
       pc7 = 0
       pc8 = 0
       pc9 = 0
      pc10 = 0
      pc11 = 0
      pc12 = 0
      pc13 = 0
      pc14 = 0
      pc15 = 0
      pc16 = 0
      pc17 = 0
      pc18 = 0
Constrained:
   Tgbecnw = 138188
     Tecnw = 27872.4
       Tnw = 11910.7
       Tec = 1267.09
     twoNb = 1.51777e+07
     twoNe = 3.97552e+06
     twoNc = 3.54862e+06
     twoNw = 2.14356e+06
    twoNec = 129348
    twoNnw = 75183.1
  twoNecnw = 59624.8
  twoNbecnw = 17051.1
  twoNgbecnw = 205965
         m = 0.134257
        m2 = 0.0234826
        m4 = 0.0013789
        m5 = 0.160674
        m6 = 0.0296993
        Tb = 14569.8
        Ta = 44884.9
        Td = 633.547
        Te = 316.773
        Tf = 158.387
DiffEv reached_goal. cost=2.31233e-03 spread=2.94130e-06
Fitted parameter values
Free:
       pc1 = -1.50191
       pc2 = -0.468204
       pc3 = -1.46065
       pc4 = 1.54987
       pc5 = -0.018061
       pc6 = -1.00077
       pc7 = 1.95482
       pc8 = 0.508501
       pc9 = 1.24549
      pc10 = 0.257476
      pc11 = -0.436656
      pc12 = 0.244658
      pc13 = 0.463916
      pc14 = 0.339537
      pc15 = 0.103239
      pc16 = -0.147341
      pc17 = 0.035623
      pc18 = 0.0338316
Constrained:
   Tgbecnw = 100999
     Tecnw = 25509.7
       Tnw = 17397.7
       Tec = 2070.48
     twoNb = 3.22634e+07
     twoNe = 4.41512e+06
     twoNc = 7.56089e+06
     twoNw = 5.81203e+06
    twoNec = 123714
    twoNnw = 36552.9
  twoNecnw = 61217.7
  twoNbecnw = 9462.18
  twoNgbecnw = 223995
         m = 0.126334
        m2 = 0.020836
        m4 = 0.00160423
        m5 = 0.170078
        m6 = 0.0272436
        Tb = 13790.1
        Ta = 44495
        Td = 1035.24
        Te = 517.62
        Tf = 258.81
#       SitePat  BranchLen
              b 119991.7207171
              e 44666.1966014
              c 46678.8742503
              n 43772.0710369
              w 43749.4472698
            b:e 1257.9866332
            b:c 1417.6101053
            b:n 1047.5424435
            b:w 1046.5985685
            e:c 11434.8409847
            e:n 4689.9619388
            e:w 4708.7281220
            c:n 4177.5175826
            c:w 4176.4860328
            n:w 11851.2982640
          b:e:c 1244.9364073
          b:e:n 598.1646432
          b:e:w 598.8375109
          b:c:n 601.3295161
          b:c:w 600.6070424
          b:n:w 1268.4810406
          e:c:n 4272.5751610
          e:c:w 4277.4642948
          e:n:w 5810.6740305
          c:n:w 4934.2942578
        b:e:c:n 1131.3029424
        b:e:c:w 1132.2964234
        b:e:n:w 1924.9224961
        b:c:n:w 1668.7531169
        e:c:n:w 47782.2017350
