########################################
# legofit: estimate population history #
#       version 2.3.4-4-g53f8760       #
########################################

# Program was compiled: Sep 21 2021 14:36:42
# Program was run: Wed Oct 13 12:00:19 2021

# cmd: legofit -1 -d 0 -t 56 --ptsPerDim 3 --stateOut b1boot16.state --tol 3e-6 -S 5000 abdef2.lgo ../../chrX/boot_chrX/boot16.opf
# Stage nOptItr nSimReps
#     0    5000        0
# algorithm          : deterministic
# ignoring probs <=  : 0
# Branch length floor: 0
# DE strategy        : 2
#    F               : 0.3
#    CR              : 0.8
#    tolerance       : 3e-06
# nthreads           : 54
# lgo input file     : abdef2.lgo
# site pat input file: ../../chrX/boot_chrX/boot16.opf
# free parameters    : 18
# points in DE swarm : 54
# output state file  : b1boot16.state
# Including singleton site patterns.
# cost function      : KL
Initial parameter values
Fixed:
      zero = 0
       one = 1
    Tbecnw = 75200
Free:
       pc1 = 0
       pc2 = 0
       pc3 = 0
       pc4 = 0
       pc5 = 0
       pc6 = 0
       pc7 = 0
       pc8 = 0
       pc9 = 0
      pc10 = 0
      pc11 = 0
      pc12 = 0
      pc13 = 0
      pc14 = 0
      pc15 = 0
      pc16 = 0
      pc17 = 0
      pc18 = 0
Constrained:
   Tgbecnw = 138188
     Tecnw = 27872.4
       Tnw = 11910.7
       Tec = 1267.09
     twoNb = 1.51777e+07
     twoNe = 3.97552e+06
     twoNc = 3.54862e+06
     twoNw = 2.14356e+06
    twoNec = 129348
    twoNnw = 75183.1
  twoNecnw = 59624.8
  twoNbecnw = 17051.1
  twoNgbecnw = 205965
         m = 0.134257
        m2 = 0.0234826
        m4 = 0.0013789
        m5 = 0.160674
        m6 = 0.0296993
        Tb = 14569.8
        Ta = 44884.9
        Td = 633.547
        Te = 316.773
        Tf = 158.387
DiffEv reached_goal. cost=2.28458e-03 spread=2.84429e-06
Fitted parameter values
Free:
       pc1 = -1.4569
       pc2 = 0.499489
       pc3 = -1.61301
       pc4 = 0.708323
       pc5 = 0.205582
       pc6 = -0.930204
       pc7 = 1.23108
       pc8 = 0.516035
       pc9 = 0.163459
      pc10 = -0.099049
      pc11 = -1.08106
      pc12 = 0.195151
      pc13 = 0.0844341
      pc14 = 0.257433
      pc15 = -0.306948
      pc16 = -0.097077
      pc17 = 0.0464946
      pc18 = 0.0826845
Constrained:
   Tgbecnw = 120119
     Tecnw = 26283.6
       Tnw = 19292.5
       Tec = 1595.65
     twoNb = 2.04395e+07
     twoNe = 3.29057e+06
     twoNc = 7.66952e+06
     twoNw = 4.4571e+06
    twoNec = 122628
    twoNnw = 28205.8
  twoNecnw = 64023.1
  twoNbecnw = 14546.9
  twoNgbecnw = 247169
         m = 0.109989
        m2 = 0.0209403
        m4 = 0.000112216
        m5 = 0.174837
        m6 = 0.032284
        Tb = 13939.6
        Ta = 44569.8
        Td = 797.825
        Te = 398.912
        Tf = 199.456
#       SitePat  BranchLen
              b 122192.7217118
              e 45764.8396449
              c 47892.0978556
              n 44718.7260475
              w 44684.0524325
            b:e 1300.7149379
            b:c 1463.4272432
            b:n 1075.3293102
            b:w 1073.8547247
            e:c 12119.1034826
            e:n 4706.0139231
            e:w 4734.0428396
            c:n 4172.5483822
            c:w 4171.6859721
            n:w 12565.4976276
          b:e:c 1323.0427142
          b:e:n 604.8828365
          b:e:w 605.8835581
          b:c:n 608.0399412
          b:c:w 606.9750225
          b:n:w 1352.5666126
          e:c:n 4291.6141298
          e:c:w 4299.1212385
          e:n:w 6043.7347433
          c:n:w 5080.2841030
        b:e:c:n 1145.5251270
        b:e:c:w 1147.0639096
        b:e:n:w 1955.7665873
        b:c:n:w 1720.8205133
        e:c:n:w 48135.2653005
