########################################
# legofit: estimate population history #
#       version 2.3.4-4-g53f8760       #
########################################

# Program was compiled: Sep 21 2021 14:36:42
# Program was run: Wed Oct 13 13:38:07 2021

# cmd: legofit -1 -d 0 -t 56 --ptsPerDim 3 --stateOut b1boot39.state --tol 3e-6 -S 5000 abdef2.lgo ../../chrX/boot_chrX/boot39.opf
# Stage nOptItr nSimReps
#     0    5000        0
# algorithm          : deterministic
# ignoring probs <=  : 0
# Branch length floor: 0
# DE strategy        : 2
#    F               : 0.3
#    CR              : 0.8
#    tolerance       : 3e-06
# nthreads           : 54
# lgo input file     : abdef2.lgo
# site pat input file: ../../chrX/boot_chrX/boot39.opf
# free parameters    : 18
# points in DE swarm : 54
# output state file  : b1boot39.state
# Including singleton site patterns.
# cost function      : KL
Initial parameter values
Fixed:
      zero = 0
       one = 1
    Tbecnw = 75200
Free:
       pc1 = 0
       pc2 = 0
       pc3 = 0
       pc4 = 0
       pc5 = 0
       pc6 = 0
       pc7 = 0
       pc8 = 0
       pc9 = 0
      pc10 = 0
      pc11 = 0
      pc12 = 0
      pc13 = 0
      pc14 = 0
      pc15 = 0
      pc16 = 0
      pc17 = 0
      pc18 = 0
Constrained:
   Tgbecnw = 138188
     Tecnw = 27872.4
       Tnw = 11910.7
       Tec = 1267.09
     twoNb = 1.51777e+07
     twoNe = 3.97552e+06
     twoNc = 3.54862e+06
     twoNw = 2.14356e+06
    twoNec = 129348
    twoNnw = 75183.1
  twoNecnw = 59624.8
  twoNbecnw = 17051.1
  twoNgbecnw = 205965
         m = 0.134257
        m2 = 0.0234826
        m4 = 0.0013789
        m5 = 0.160674
        m6 = 0.0296993
        Tb = 14569.8
        Ta = 44884.9
        Td = 633.547
        Te = 316.773
        Tf = 158.387
DiffEv reached_goal. cost=2.17901e-03 spread=2.86867e-06
Fitted parameter values
Free:
       pc1 = -1.6581
       pc2 = 0.765426
       pc3 = -0.959557
       pc4 = 2.00585
       pc5 = 0.545248
       pc6 = -1.80758
       pc7 = 1.67296
       pc8 = 1.10374
       pc9 = 1.23846
      pc10 = -0.106775
      pc11 = -0.603599
      pc12 = 0.234055
      pc13 = 0.271842
      pc14 = -0.179758
      pc15 = 0.0195837
      pc16 = -0.121155
      pc17 = 0.07378
      pc18 = 0.0944102
Constrained:
   Tgbecnw = 100860
     Tecnw = 25582.6
       Tnw = 17071.7
       Tec = 511.118
     twoNb = 2.43451e+07
     twoNe = 1.80207e+06
     twoNc = 1.25031e+07
     twoNw = 5.5666e+06
    twoNec = 131028
    twoNnw = 37008
  twoNecnw = 59885.9
  twoNbecnw = 8710.31
  twoNgbecnw = 279724
         m = 0.0986676
        m2 = 0.019814
        m4 = 0.00120018
        m5 = 0.156063
        m6 = 0.030057
        Tb = 13046.9
        Ta = 44123.4
        Td = 255.559
        Te = 127.78
        Tf = 63.8898
#       SitePat  BranchLen
              b 118889.3362004
              e 44235.1901235
              c 46025.1365401
              n 43309.7334290
              w 43287.5548743
            b:e 1226.4401608
            b:c 1362.4577499
            b:n 1025.1968735
            b:w 1024.2872439
            e:c 11581.0452299
            e:n 4543.0352035
            e:w 4560.8511185
            c:n 4086.9223238
            c:w 4086.5491413
            n:w 11925.9235233
          b:e:c 1240.3645209
          b:e:n 581.6840738
          b:e:w 582.2910451
          b:c:n 584.6191436
          b:c:w 583.9631932
          b:n:w 1263.0952146
          e:c:n 4202.0428808
          e:c:w 4206.7787031
          e:n:w 5680.1239516
          c:n:w 4899.2622614
        b:e:c:n 1109.2442862
        b:e:c:w 1110.2028949
        b:e:n:w 1867.7059050
        b:c:n:w 1648.4111930
        e:c:n:w 47372.2997817
