########################################
# legofit: estimate population history #
#       version 2.3.4-4-g53f8760       #
########################################

# Program was compiled: Sep 21 2021 14:36:42
# Program was run: Wed Oct 13 13:38:07 2021

# cmd: legofit -1 -d 0 -t 56 --ptsPerDim 3 --stateOut b1boot37.state --tol 3e-6 -S 5000 abdef2.lgo ../../chrX/boot_chrX/boot37.opf
# Stage nOptItr nSimReps
#     0    5000        0
# algorithm          : deterministic
# ignoring probs <=  : 0
# Branch length floor: 0
# DE strategy        : 2
#    F               : 0.3
#    CR              : 0.8
#    tolerance       : 3e-06
# nthreads           : 54
# lgo input file     : abdef2.lgo
# site pat input file: ../../chrX/boot_chrX/boot37.opf
# free parameters    : 18
# points in DE swarm : 54
# output state file  : b1boot37.state
# Including singleton site patterns.
# cost function      : KL
Initial parameter values
Fixed:
      zero = 0
       one = 1
    Tbecnw = 75200
Free:
       pc1 = 0
       pc2 = 0
       pc3 = 0
       pc4 = 0
       pc5 = 0
       pc6 = 0
       pc7 = 0
       pc8 = 0
       pc9 = 0
      pc10 = 0
      pc11 = 0
      pc12 = 0
      pc13 = 0
      pc14 = 0
      pc15 = 0
      pc16 = 0
      pc17 = 0
      pc18 = 0
Constrained:
   Tgbecnw = 138188
     Tecnw = 27872.4
       Tnw = 11910.7
       Tec = 1267.09
     twoNb = 1.51777e+07
     twoNe = 3.97552e+06
     twoNc = 3.54862e+06
     twoNw = 2.14356e+06
    twoNec = 129348
    twoNnw = 75183.1
  twoNecnw = 59624.8
  twoNbecnw = 17051.1
  twoNgbecnw = 205965
         m = 0.134257
        m2 = 0.0234826
        m4 = 0.0013789
        m5 = 0.160674
        m6 = 0.0296993
        Tb = 14569.8
        Ta = 44884.9
        Td = 633.547
        Te = 316.773
        Tf = 158.387
DiffEv reached_goal. cost=2.12656e-03 spread=2.38714e-06
Fitted parameter values
Free:
       pc1 = -1.54705
       pc2 = 0.73845
       pc3 = 0.30523
       pc4 = 1.40344
       pc5 = 0.311888
       pc6 = -1.04273
       pc7 = -0.54059
       pc8 = 0.332004
       pc9 = 1.62052
      pc10 = -0.268514
      pc11 = 0.435409
      pc12 = -0.121142
      pc13 = 0.520203
      pc14 = -0.434434
      pc15 = 0.223257
      pc16 = -0.169903
      pc17 = 0.117665
      pc18 = 0.0498158
Constrained:
   Tgbecnw = 101049
     Tecnw = 25621.8
       Tnw = 12879.8
       Tec = 1095.88
     twoNb = 1.43716e+07
     twoNe = 1.40734e+06
     twoNc = 5.15014e+06
     twoNw = 2.72405e+06
    twoNec = 139478
    twoNnw = 62384
  twoNecnw = 57284.5
  twoNbecnw = 9087.95
  twoNgbecnw = 267190
         m = 0.0963881
        m2 = 0.0199571
        m4 = 0.00235482
        m5 = 0.12099
        m6 = 0.00329653
        Tb = 13358.9
        Ta = 44279.4
        Td = 547.941
        Te = 273.97
        Tf = 136.985
#       SitePat  BranchLen
              b 117894.9554778
              e 44187.5331816
              c 45863.1615907
              n 43279.5100808
              w 43255.8363449
            b:e 1255.1040183
            b:c 1385.4095937
            b:n 1071.6952943
            b:w 1070.7341035
            e:c 11436.7146201
            e:n 4547.7519005
            e:w 4570.6597388
            c:n 4114.4572709
            c:w 4110.3606622
            n:w 11907.1131546
          b:e:c 1254.4822474
          b:e:n 602.8694226
          b:e:w 603.7777585
          b:c:n 605.9156984
          b:c:w 604.9578032
          b:n:w 1275.6416619
          e:c:n 4344.5452778
          e:c:w 4349.4077841
          e:n:w 5579.6556143
          c:n:w 4890.7465103
        b:e:c:n 1155.0529405
        b:e:c:w 1156.0636906
        b:e:n:w 1896.3210718
        b:c:n:w 1668.6635341
        e:c:n:w 46561.7052384
