########################################
# legofit: estimate population history #
#       version 2.3.4-4-g53f8760       #
########################################

# Program was compiled: Sep 21 2021 14:36:42
# Program was run: Wed Oct 13 13:08:45 2021

# cmd: legofit -1 -d 0 -t 56 --ptsPerDim 3 --stateOut b1boot5.state --tol 3e-6 -S 5000 abdef2.lgo ../../chrX/boot_chrX/boot5.opf
# Stage nOptItr nSimReps
#     0    5000        0
# algorithm          : deterministic
# ignoring probs <=  : 0
# Branch length floor: 0
# DE strategy        : 2
#    F               : 0.3
#    CR              : 0.8
#    tolerance       : 3e-06
# nthreads           : 54
# lgo input file     : abdef2.lgo
# site pat input file: ../../chrX/boot_chrX/boot5.opf
# free parameters    : 18
# points in DE swarm : 54
# output state file  : b1boot5.state
# Including singleton site patterns.
# cost function      : KL
Initial parameter values
Fixed:
      zero = 0
       one = 1
    Tbecnw = 75200
Free:
       pc1 = 0
       pc2 = 0
       pc3 = 0
       pc4 = 0
       pc5 = 0
       pc6 = 0
       pc7 = 0
       pc8 = 0
       pc9 = 0
      pc10 = 0
      pc11 = 0
      pc12 = 0
      pc13 = 0
      pc14 = 0
      pc15 = 0
      pc16 = 0
      pc17 = 0
      pc18 = 0
Constrained:
   Tgbecnw = 138188
     Tecnw = 27872.4
       Tnw = 11910.7
       Tec = 1267.09
     twoNb = 1.51777e+07
     twoNe = 3.97552e+06
     twoNc = 3.54862e+06
     twoNw = 2.14356e+06
    twoNec = 129348
    twoNnw = 75183.1
  twoNecnw = 59624.8
  twoNbecnw = 17051.1
  twoNgbecnw = 205965
         m = 0.134257
        m2 = 0.0234826
        m4 = 0.0013789
        m5 = 0.160674
        m6 = 0.0296993
        Tb = 14569.8
        Ta = 44884.9
        Td = 633.547
        Te = 316.773
        Tf = 158.387
DiffEv reached_goal. cost=2.29234e-03 spread=2.98692e-06
Fitted parameter values
Free:
       pc1 = -1.73061
       pc2 = -1.43305
       pc3 = -1.4951
       pc4 = 0.307313
       pc5 = 0.435271
       pc6 = 0.364549
       pc7 = 0.978523
       pc8 = 0.0151713
       pc9 = 0.458806
      pc10 = 0.447249
      pc11 = -0.0823116
      pc12 = -0.13561
      pc13 = 0.130421
      pc14 = 0.21897
      pc15 = -0.321229
      pc16 = 0.0529971
      pc17 = 0.0113538
      pc18 = -0.0173993
Constrained:
   Tgbecnw = 108811
     Tecnw = 25810.2
       Tnw = 16165.9
       Tec = 3204.96
     twoNb = 3.37258e+07
     twoNe = 9.49609e+06
     twoNc = 5.02648e+06
     twoNw = 3.67896e+06
    twoNec = 114290
    twoNnw = 43514.7
  twoNecnw = 64416.5
  twoNbecnw = 12716.5
  twoNgbecnw = 177694
         m = 0.151297
        m2 = 0.020804
        m4 = 0.000751303
        m5 = 0.156912
        m6 = 0.0105839
        Tb = 14507.6
        Ta = 44853.8
        Td = 1602.48
        Te = 801.24
        Tf = 400.62
#       SitePat  BranchLen
              b 120498.8053962
              e 45451.5337515
              c 47565.1749563
              n 44783.8434817
              w 44755.1549240
            b:e 1275.6273692
            b:c 1435.6384665
            b:n 1075.8212001
            b:w 1074.6506792
            e:c 12118.9163440
            e:n 4749.5428761
            e:w 4775.9753978
            c:n 4196.5218271
            c:w 4192.7426321
            n:w 12503.4914548
          b:e:c 1286.2815807
          b:e:n 598.1808100
          b:e:w 599.1962469
          b:c:n 601.3037386
          b:c:w 600.2333496
          b:n:w 1313.2780089
          e:c:n 4396.7175898
          e:c:w 4402.7528208
          e:n:w 5852.0872641
          c:n:w 4943.8062834
        b:e:c:n 1151.4061720
        b:e:c:w 1152.6316450
        b:e:n:w 1878.1271935
        b:c:n:w 1644.8495693
        e:c:n:w 46497.0548067
