########################################
# legofit: estimate population history #
#       version 2.3.4-4-g53f8760       #
########################################

# Program was compiled: Sep 21 2021 14:36:42
# Program was run: Wed Oct 13 13:38:07 2021

# cmd: legofit -1 -d 0 -t 56 --ptsPerDim 3 --stateOut b1boot38.state --tol 3e-6 -S 5000 abdef2.lgo ../../chrX/boot_chrX/boot38.opf
# Stage nOptItr nSimReps
#     0    5000        0
# algorithm          : deterministic
# ignoring probs <=  : 0
# Branch length floor: 0
# DE strategy        : 2
#    F               : 0.3
#    CR              : 0.8
#    tolerance       : 3e-06
# nthreads           : 54
# lgo input file     : abdef2.lgo
# site pat input file: ../../chrX/boot_chrX/boot38.opf
# free parameters    : 18
# points in DE swarm : 54
# output state file  : b1boot38.state
# Including singleton site patterns.
# cost function      : KL
Initial parameter values
Fixed:
      zero = 0
       one = 1
    Tbecnw = 75200
Free:
       pc1 = 0
       pc2 = 0
       pc3 = 0
       pc4 = 0
       pc5 = 0
       pc6 = 0
       pc7 = 0
       pc8 = 0
       pc9 = 0
      pc10 = 0
      pc11 = 0
      pc12 = 0
      pc13 = 0
      pc14 = 0
      pc15 = 0
      pc16 = 0
      pc17 = 0
      pc18 = 0
Constrained:
   Tgbecnw = 138188
     Tecnw = 27872.4
       Tnw = 11910.7
       Tec = 1267.09
     twoNb = 1.51777e+07
     twoNe = 3.97552e+06
     twoNc = 3.54862e+06
     twoNw = 2.14356e+06
    twoNec = 129348
    twoNnw = 75183.1
  twoNecnw = 59624.8
  twoNbecnw = 17051.1
  twoNgbecnw = 205965
         m = 0.134257
        m2 = 0.0234826
        m4 = 0.0013789
        m5 = 0.160674
        m6 = 0.0296993
        Tb = 14569.8
        Ta = 44884.9
        Td = 633.547
        Te = 316.773
        Tf = 158.387
DiffEv reached_goal. cost=2.35939e-03 spread=2.82759e-06
Fitted parameter values
Free:
       pc1 = -1.21462
       pc2 = 0.28141
       pc3 = -0.971886
       pc4 = 0.91184
       pc5 = 0.587624
       pc6 = -1.37647
       pc7 = 0.739525
       pc8 = -0.501584
       pc9 = 1.62392
      pc10 = 0.114269
      pc11 = -0.173891
      pc12 = 0.515695
      pc13 = 0.436918
      pc14 = -0.101589
      pc15 = 0.114976
      pc16 = -0.0572578
      pc17 = 0.0237577
      pc18 = 0.021792
Constrained:
   Tgbecnw = 109956
     Tecnw = 25790.1
       Tnw = 16035
       Tec = 1565.39
     twoNb = 7.74824e+06
     twoNe = 7.16317e+06
     twoNc = 3.7224e+06
     twoNw = 4.45066e+06
    twoNec = 127852
    twoNnw = 44105
  twoNecnw = 59974.5
  twoNbecnw = 11392.7
  twoNgbecnw = 270324
         m = 0.104154
        m2 = 0.0212549
        m4 = 0.0023421
        m5 = 0.151389
        m6 = 0.0240218
        Tb = 13677.7
        Ta = 44438.9
        Td = 782.693
        Te = 391.346
        Tf = 195.673
#       SitePat  BranchLen
              b 121050.2570675
              e 44745.7435317
              c 46623.3716509
              n 43754.8039744
              w 43730.0760314
            b:e 1230.6121481
            b:c 1376.4362308
            b:n 1024.7644752
            b:w 1023.7762392
            e:c 11599.9281243
            e:n 4618.8217328
            e:w 4639.3943233
            c:n 4144.9030137
            c:w 4143.8183215
            n:w 12034.4945098
          b:e:c 1220.1993922
          b:e:n 578.0184835
          b:e:w 578.7266789
          b:c:n 580.7565776
          b:c:w 580.0017226
          b:n:w 1248.4822093
          e:c:n 4284.6892559
          e:c:w 4289.9293006
          e:n:w 5743.6421735
          c:n:w 4943.7929831
        b:e:c:n 1097.9872748
        b:e:c:w 1099.0221704
        b:e:n:w 1929.6796069
        b:c:n:w 1671.5581250
        e:c:n:w 48633.8844321
