########################################
# legofit: estimate population history #
#       version 2.3.4-4-g53f8760       #
########################################

# Program was compiled: Sep 21 2021 14:36:42
# Program was run: Wed Oct 13 11:13:09 2021

# cmd: legofit -1 -d 0 -t 56 --ptsPerDim 3 --stateOut b1boot0.state --tol 3e-6 -S 5000 abdef2.lgo ../../chrX/boot_chrX/boot0.opf
# Stage nOptItr nSimReps
#     0    5000        0
# algorithm          : deterministic
# ignoring probs <=  : 0
# Branch length floor: 0
# DE strategy        : 2
#    F               : 0.3
#    CR              : 0.8
#    tolerance       : 3e-06
# nthreads           : 54
# lgo input file     : abdef2.lgo
# site pat input file: ../../chrX/boot_chrX/boot0.opf
# free parameters    : 18
# points in DE swarm : 54
# output state file  : b1boot0.state
# Including singleton site patterns.
# cost function      : KL
Initial parameter values
Fixed:
      zero = 0
       one = 1
    Tbecnw = 75200
Free:
       pc1 = 0
       pc2 = 0
       pc3 = 0
       pc4 = 0
       pc5 = 0
       pc6 = 0
       pc7 = 0
       pc8 = 0
       pc9 = 0
      pc10 = 0
      pc11 = 0
      pc12 = 0
      pc13 = 0
      pc14 = 0
      pc15 = 0
      pc16 = 0
      pc17 = 0
      pc18 = 0
Constrained:
   Tgbecnw = 138188
     Tecnw = 27872.4
       Tnw = 11910.7
       Tec = 1267.09
     twoNb = 1.51777e+07
     twoNe = 3.97552e+06
     twoNc = 3.54862e+06
     twoNw = 2.14356e+06
    twoNec = 129348
    twoNnw = 75183.1
  twoNecnw = 59624.8
  twoNbecnw = 17051.1
  twoNgbecnw = 205965
         m = 0.134257
        m2 = 0.0234826
        m4 = 0.0013789
        m5 = 0.160674
        m6 = 0.0296993
        Tb = 14569.8
        Ta = 44884.9
        Td = 633.547
        Te = 316.773
        Tf = 158.387
DiffEv reached_goal. cost=2.16169e-03 spread=2.76854e-06
Fitted parameter values
Free:
       pc1 = -2.14474
       pc2 = 0.890914
       pc3 = 0.230238
       pc4 = 0.744483
       pc5 = 0.387356
       pc6 = -1.29243
       pc7 = 0.616264
       pc8 = -0.205326
       pc9 = 0.983092
      pc10 = -0.0743691
      pc11 = 0.0915122
      pc12 = 0.742465
      pc13 = 0.466749
      pc14 = 0.12693
      pc15 = -0.0751918
      pc16 = -0.0745485
      pc17 = 0.0977632
      pc18 = 0.0239812
Constrained:
   Tgbecnw = 116545
     Tecnw = 25288
       Tnw = 17602.9
       Tec = 318.87
     twoNb = 6.1781e+06
     twoNe = 3.90168e+06
     twoNc = 6.81973e+06
     twoNw = 3.71148e+06
    twoNec = 141774
    twoNnw = 33654.5
  twoNecnw = 64372.7
  twoNbecnw = 13373.7
  twoNgbecnw = 258350
         m = 0.106825
        m2 = 0.0212148
        m4 = 0.00245066
        m5 = 0.133857
        m6 = 0.000161933
        Tb = 12803.4
        Ta = 44001.7
        Td = 159.435
        Te = 79.7175
        Tf = 39.8588
#       SitePat  BranchLen
              b 121601.8166676
              e 45578.6112243
              c 47617.0550771
              n 44445.6727464
              w 44420.2246183
            b:e 1301.2835680
            b:c 1464.4251217
            b:n 1072.2537848
            b:w 1071.1950954
            e:c 12013.9733251
            e:n 4702.5929760
            e:w 4728.0037642
            c:n 4198.0196669
            c:w 4192.6843188
            n:w 12562.8006994
          b:e:c 1300.7399103
          b:e:n 604.8498438
          b:e:w 605.9059087
          b:c:n 608.0508065
          b:c:w 606.9449318
          b:n:w 1327.4278467
          e:c:n 4312.3788121
          e:c:w 4317.7515002
          e:n:w 5918.7911558
          c:n:w 5033.1078142
        b:e:c:n 1147.9607700
        b:e:c:w 1149.0692693
        b:e:n:w 2028.2546734
        b:c:n:w 1748.0053178
        e:c:n:w 47928.0170606
