########################################
# legofit: estimate population history #
#       version 2.3.4-4-g53f8760       #
########################################

# Program was compiled: Sep 21 2021 14:36:42
# Program was run: Wed Oct 13 11:34:05 2021

# cmd: legofit -1 -d 0 -t 56 --ptsPerDim 3 --stateOut b1boot8.state --tol 3e-6 -S 5000 abdef2.lgo ../../chrX/boot_chrX/boot8.opf
# Stage nOptItr nSimReps
#     0    5000        0
# algorithm          : deterministic
# ignoring probs <=  : 0
# Branch length floor: 0
# DE strategy        : 2
#    F               : 0.3
#    CR              : 0.8
#    tolerance       : 3e-06
# nthreads           : 54
# lgo input file     : abdef2.lgo
# site pat input file: ../../chrX/boot_chrX/boot8.opf
# free parameters    : 18
# points in DE swarm : 54
# output state file  : b1boot8.state
# Including singleton site patterns.
# cost function      : KL
Initial parameter values
Fixed:
      zero = 0
       one = 1
    Tbecnw = 75200
Free:
       pc1 = 0
       pc2 = 0
       pc3 = 0
       pc4 = 0
       pc5 = 0
       pc6 = 0
       pc7 = 0
       pc8 = 0
       pc9 = 0
      pc10 = 0
      pc11 = 0
      pc12 = 0
      pc13 = 0
      pc14 = 0
      pc15 = 0
      pc16 = 0
      pc17 = 0
      pc18 = 0
Constrained:
   Tgbecnw = 138188
     Tecnw = 27872.4
       Tnw = 11910.7
       Tec = 1267.09
     twoNb = 1.51777e+07
     twoNe = 3.97552e+06
     twoNc = 3.54862e+06
     twoNw = 2.14356e+06
    twoNec = 129348
    twoNnw = 75183.1
  twoNecnw = 59624.8
  twoNbecnw = 17051.1
  twoNgbecnw = 205965
         m = 0.134257
        m2 = 0.0234826
        m4 = 0.0013789
        m5 = 0.160674
        m6 = 0.0296993
        Tb = 14569.8
        Ta = 44884.9
        Td = 633.547
        Te = 316.773
        Tf = 158.387
DiffEv reached_goal. cost=2.22619e-03 spread=1.91810e-06
Fitted parameter values
Free:
       pc1 = -2.29418
       pc2 = 0.570076
       pc3 = -1.15171
       pc4 = 1.06511
       pc5 = 0.237573
       pc6 = -1.31198
       pc7 = -0.363817
       pc8 = -0.028826
       pc9 = 1.00415
      pc10 = 0.462231
      pc11 = -0.259219
      pc12 = 0.0123234
      pc13 = 0.125605
      pc14 = 0.0203198
      pc15 = -0.15305
      pc16 = -0.0174892
      pc17 = 0.0986459
      pc18 = 0.0157798
Constrained:
   Tgbecnw = 100841
     Tecnw = 24780.6
       Tnw = 17032.4
       Tec = 1440.54
     twoNb = 2.39992e+06
     twoNe = 3.99224e+06
     twoNc = 2.06442e+06
     twoNw = 3.4304e+06
    twoNec = 129482
    twoNnw = 33809.2
  twoNecnw = 63061.5
  twoNbecnw = 9027.45
  twoNgbecnw = 264847
         m = 0.104638
        m2 = 0.0191407
        m4 = 0.000675863
        m5 = 0.144506
        m6 = 0.000643616
        Tb = 13110.6
        Ta = 44155.3
        Td = 720.271
        Te = 360.135
        Tf = 180.068
#       SitePat  BranchLen
              b 119362.5975753
              e 44470.2536897
              c 46511.8234699
              n 43506.4437138
              w 43478.6658786
            b:e 1321.0944187
            b:c 1484.5832297
            b:n 1098.8465576
            b:w 1097.6348698
            e:c 11799.9698779
            e:n 4655.0749667
            e:w 4682.7014539
            c:n 4134.4389925
            c:w 4128.6612066
            n:w 12341.9502680
          b:e:c 1344.0989572
          b:e:n 622.8494209
          b:e:w 624.0499295
          b:c:n 627.0747665
          b:c:w 625.8032238
          b:n:w 1359.6033625
          e:c:n 4287.8411443
          e:c:w 4293.7702783
          e:n:w 5845.1933519
          c:n:w 4944.4503749
        b:e:c:n 1195.5702256
        b:e:c:w 1196.8529475
        b:e:n:w 1955.6017664
        b:c:n:w 1719.9836970
        e:c:n:w 47341.3227148
