########################################
# legofit: estimate population history #
#       version 2.3.4-4-g53f8760       #
########################################

# Program was compiled: Sep 21 2021 14:36:42
# Program was run: Wed Oct 13 11:52:26 2021

# cmd: legofit -1 -d 0 -t 56 --ptsPerDim 3 --stateOut b1boot13.state --tol 3e-6 -S 5000 abdef2.lgo ../../chrX/boot_chrX/boot13.opf
# Stage nOptItr nSimReps
#     0    5000        0
# algorithm          : deterministic
# ignoring probs <=  : 0
# Branch length floor: 0
# DE strategy        : 2
#    F               : 0.3
#    CR              : 0.8
#    tolerance       : 3e-06
# nthreads           : 54
# lgo input file     : abdef2.lgo
# site pat input file: ../../chrX/boot_chrX/boot13.opf
# free parameters    : 18
# points in DE swarm : 54
# output state file  : b1boot13.state
# Including singleton site patterns.
# cost function      : KL
Initial parameter values
Fixed:
      zero = 0
       one = 1
    Tbecnw = 75200
Free:
       pc1 = 0
       pc2 = 0
       pc3 = 0
       pc4 = 0
       pc5 = 0
       pc6 = 0
       pc7 = 0
       pc8 = 0
       pc9 = 0
      pc10 = 0
      pc11 = 0
      pc12 = 0
      pc13 = 0
      pc14 = 0
      pc15 = 0
      pc16 = 0
      pc17 = 0
      pc18 = 0
Constrained:
   Tgbecnw = 138188
     Tecnw = 27872.4
       Tnw = 11910.7
       Tec = 1267.09
     twoNb = 1.51777e+07
     twoNe = 3.97552e+06
     twoNc = 3.54862e+06
     twoNw = 2.14356e+06
    twoNec = 129348
    twoNnw = 75183.1
  twoNecnw = 59624.8
  twoNbecnw = 17051.1
  twoNgbecnw = 205965
         m = 0.134257
        m2 = 0.0234826
        m4 = 0.0013789
        m5 = 0.160674
        m6 = 0.0296993
        Tb = 14569.8
        Ta = 44884.9
        Td = 633.547
        Te = 316.773
        Tf = 158.387
DiffEv reached_goal. cost=2.29492e-03 spread=2.68578e-06
Fitted parameter values
Free:
       pc1 = -1.89633
       pc2 = 0.46129
       pc3 = -1.145
       pc4 = 1.34008
       pc5 = 0.67606
       pc6 = 0.490889
       pc7 = 0.234407
       pc8 = 0.169257
       pc9 = 0.447802
      pc10 = 0.451233
      pc11 = -0.288264
      pc12 = -0.0383027
      pc13 = 0.370022
      pc14 = 0.128461
      pc15 = 0.0479709
      pc16 = 0.216649
      pc17 = 0.0553287
      pc18 = 0.0416322
Constrained:
   Tgbecnw = 107031
     Tecnw = 25710.4
       Tnw = 17784.6
       Tec = 1196.9
     twoNb = 4.52976e+07
     twoNe = 6.6383e+06
     twoNc = 2.97543e+06
     twoNw = 3.03503e+06
    twoNec = 131455
    twoNnw = 34459
  twoNecnw = 60903.1
  twoNbecnw = 11188
  twoNgbecnw = 235571
         m = 0.116283
        m2 = 0.0212379
        m4 = 0.000140606
        m5 = 0.150537
        m6 = 0.000162418
        Tb = 13453.7
        Ta = 44326.8
        Td = 598.45
        Te = 299.225
        Tf = 149.613
#       SitePat  BranchLen
              b 120354.3414232
              e 44787.8867834
              c 46897.9507773
              n 43978.2342694
              w 43943.9955077
            b:e 1265.4238770
            b:c 1425.1747733
            b:n 1056.0126112
            b:w 1054.5855187
            e:c 11864.4973814
            e:n 4605.3229708
            e:w 4639.5165753
            c:n 4073.2269279
            c:w 4066.0305336
            n:w 12228.3793270
          b:e:c 1284.7733537
          b:e:n 592.4330677
          b:e:w 593.8569811
          b:c:n 596.2818051
          b:c:w 594.7872277
          b:n:w 1311.3034157
          e:c:n 4290.9203540
          e:c:w 4298.1619056
          e:n:w 5869.0482829
          c:n:w 4934.0255496
        b:e:c:n 1133.7906390
        b:e:c:w 1135.2883956
        b:e:n:w 1925.9306965
        b:c:n:w 1691.9415952
        e:c:n:w 47729.0743788
