########################################
# legofit: estimate population history #
#       version 2.3.4-4-g53f8760       #
########################################

# Program was compiled: Sep 21 2021 14:36:42
# Program was run: Wed Oct 13 13:39:34 2021

# cmd: legofit -1 -d 0 -t 56 --ptsPerDim 3 --stateOut b1boot43.state --tol 3e-6 -S 5000 abdef2.lgo ../../chrX/boot_chrX/boot43.opf
# Stage nOptItr nSimReps
#     0    5000        0
# algorithm          : deterministic
# ignoring probs <=  : 0
# Branch length floor: 0
# DE strategy        : 2
#    F               : 0.3
#    CR              : 0.8
#    tolerance       : 3e-06
# nthreads           : 54
# lgo input file     : abdef2.lgo
# site pat input file: ../../chrX/boot_chrX/boot43.opf
# free parameters    : 18
# points in DE swarm : 54
# output state file  : b1boot43.state
# Including singleton site patterns.
# cost function      : KL
Initial parameter values
Fixed:
      zero = 0
       one = 1
    Tbecnw = 75200
Free:
       pc1 = 0
       pc2 = 0
       pc3 = 0
       pc4 = 0
       pc5 = 0
       pc6 = 0
       pc7 = 0
       pc8 = 0
       pc9 = 0
      pc10 = 0
      pc11 = 0
      pc12 = 0
      pc13 = 0
      pc14 = 0
      pc15 = 0
      pc16 = 0
      pc17 = 0
      pc18 = 0
Constrained:
   Tgbecnw = 138188
     Tecnw = 27872.4
       Tnw = 11910.7
       Tec = 1267.09
     twoNb = 1.51777e+07
     twoNe = 3.97552e+06
     twoNc = 3.54862e+06
     twoNw = 2.14356e+06
    twoNec = 129348
    twoNnw = 75183.1
  twoNecnw = 59624.8
  twoNbecnw = 17051.1
  twoNgbecnw = 205965
         m = 0.134257
        m2 = 0.0234826
        m4 = 0.0013789
        m5 = 0.160674
        m6 = 0.0296993
        Tb = 14569.8
        Ta = 44884.9
        Td = 633.547
        Te = 316.773
        Tf = 158.387
DiffEv reached_goal. cost=2.22064e-03 spread=2.99841e-06
Fitted parameter values
Free:
       pc1 = -1.23507
       pc2 = 0.612093
       pc3 = -0.544255
       pc4 = 1.76712
       pc5 = 0.992581
       pc6 = -1.31337
       pc7 = -0.416708
       pc8 = 0.869742
       pc9 = 0.64633
      pc10 = 0.62853
      pc11 = -0.574046
      pc12 = 0.0211949
      pc13 = 0.00622106
      pc14 = 0.112683
      pc15 = 0.0129881
      pc16 = 0.0144788
      pc17 = 0.167694
      pc18 = -0.0181514
Constrained:
   Tgbecnw = 93521.7
     Tecnw = 25597.7
       Tnw = 13863.4
       Tec = 118.463
     twoNb = 1.08375e+07
     twoNe = 3.59256e+06
     twoNc = 8.03739e+06
     twoNw = 2.83573e+06
    twoNec = 133127
    twoNnw = 49465.7
  twoNecnw = 59310
  twoNbecnw = 6520.77
  twoNgbecnw = 268273
         m = 0.0991895
        m2 = 0.0215253
        m4 = 0.000368826
        m5 = 0.164689
        m6 = 0.0179493
        Tb = 12858.1
        Ta = 44029
        Td = 59.2314
        Te = 29.6157
        Tf = 14.8078
#       SitePat  BranchLen
              b 116567.6228481
              e 43787.5052672
              c 45955.0383393
              n 42552.9202265
              w 42517.2828070
            b:e 1225.6703785
            b:c 1382.0973584
            b:n 1013.3132921
            b:w 1011.8994549
            e:c 11507.8687793
            e:n 4539.1466077
            e:w 4570.5666164
            c:n 3970.2635247
            c:w 3967.2524892
            n:w 12286.8894284
          b:e:c 1249.5865516
          b:e:n 577.0801435
          b:e:w 578.2075588
          b:c:n 581.1933584
          b:c:w 579.9820138
          b:n:w 1269.9366466
          e:c:n 4101.1633846
          e:c:w 4108.3918309
          e:n:w 5728.2909933
          c:n:w 4803.4013155
        b:e:c:n 1103.9162803
        b:e:c:w 1105.4140469
        b:e:n:w 1888.0542854
        b:c:n:w 1655.2934170
        e:c:n:w 45718.4051015
