########################################
# legofit: estimate population history #
#       version 2.3.4-4-g53f8760       #
########################################

# Program was compiled: Sep 21 2021 14:36:42
# Program was run: Wed Oct 13 11:34:05 2021

# cmd: legofit -1 -d 0 -t 56 --ptsPerDim 3 --stateOut b1boot7.state --tol 3e-6 -S 5000 abdef2.lgo ../../chrX/boot_chrX/boot7.opf
# Stage nOptItr nSimReps
#     0    5000        0
# algorithm          : deterministic
# ignoring probs <=  : 0
# Branch length floor: 0
# DE strategy        : 2
#    F               : 0.3
#    CR              : 0.8
#    tolerance       : 3e-06
# nthreads           : 54
# lgo input file     : abdef2.lgo
# site pat input file: ../../chrX/boot_chrX/boot7.opf
# free parameters    : 18
# points in DE swarm : 54
# output state file  : b1boot7.state
# Including singleton site patterns.
# cost function      : KL
Initial parameter values
Fixed:
      zero = 0
       one = 1
    Tbecnw = 75200
Free:
       pc1 = 0
       pc2 = 0
       pc3 = 0
       pc4 = 0
       pc5 = 0
       pc6 = 0
       pc7 = 0
       pc8 = 0
       pc9 = 0
      pc10 = 0
      pc11 = 0
      pc12 = 0
      pc13 = 0
      pc14 = 0
      pc15 = 0
      pc16 = 0
      pc17 = 0
      pc18 = 0
Constrained:
   Tgbecnw = 138188
     Tecnw = 27872.4
       Tnw = 11910.7
       Tec = 1267.09
     twoNb = 1.51777e+07
     twoNe = 3.97552e+06
     twoNc = 3.54862e+06
     twoNw = 2.14356e+06
    twoNec = 129348
    twoNnw = 75183.1
  twoNecnw = 59624.8
  twoNbecnw = 17051.1
  twoNgbecnw = 205965
         m = 0.134257
        m2 = 0.0234826
        m4 = 0.0013789
        m5 = 0.160674
        m6 = 0.0296993
        Tb = 14569.8
        Ta = 44884.9
        Td = 633.547
        Te = 316.773
        Tf = 158.387
DiffEv reached_goal. cost=2.31052e-03 spread=2.69762e-06
Fitted parameter values
Free:
       pc1 = -1.67697
       pc2 = -0.179405
       pc3 = -1.42103
       pc4 = 0.899073
       pc5 = -0.0883332
       pc6 = -0.717046
       pc7 = 0.12632
       pc8 = 0.363839
       pc9 = 1.30724
      pc10 = -0.208791
      pc11 = 0.240664
      pc12 = -0.0986236
      pc13 = 0.252805
      pc14 = -0.0184861
      pc15 = -0.314982
      pc16 = 0.0653355
      pc17 = 0.117695
      pc18 = 0.0399427
Constrained:
   Tgbecnw = 105596
     Tecnw = 25523.2
       Tnw = 14285.9
       Tec = 2793.34
     twoNb = 2.02193e+07
     twoNe = 3.0888e+06
     twoNc = 3.17457e+06
     twoNw = 3.90549e+06
    twoNec = 117545
    twoNnw = 53716.5
  twoNecnw = 61723.1
  twoNbecnw = 10701.7
  twoNgbecnw = 240311
         m = 0.111399
        m2 = 0.0202559
        m4 = 0.0011911
        m5 = 0.140665
        m6 = 0.000316349
        Tb = 14158.3
        Ta = 44679.1
        Td = 1396.67
        Te = 698.336
        Tf = 349.168
#       SitePat  BranchLen
              b 119321.9375324
              e 44652.4884902
              c 46618.6677585
              n 44152.9765154
              w 44132.7416784
            b:e 1259.8328289
            b:c 1407.2302235
            b:n 1096.7690326
            b:w 1095.9343309
            e:c 11973.6441245
            e:n 4659.9182134
            e:w 4680.0966582
            c:n 4138.8176104
            c:w 4134.6899861
            n:w 12236.1858673
          b:e:c 1295.7406505
          b:e:n 607.8655449
          b:e:w 608.6963048
          b:c:n 611.0462018
          b:c:w 610.1720523
          b:n:w 1322.8382197
          e:c:n 4404.5670400
          e:c:w 4408.7510566
          e:n:w 5648.8786020
          c:n:w 4831.0846655
        b:e:c:n 1182.2057775
        b:e:c:w 1183.0838687
        b:e:n:w 1906.5479946
        b:c:n:w 1672.6160893
        e:c:n:w 46710.1997389
