########################################
# legofit: estimate population history #
#       version 2.3.4-4-g53f8760       #
########################################

# Program was compiled: Sep 21 2021 14:36:42
# Program was run: Wed Oct 13 13:09:35 2021

# cmd: legofit -1 -d 0 -t 56 --ptsPerDim 3 --stateOut b1boot27.state --tol 3e-6 -S 5000 abdef2.lgo ../../chrX/boot_chrX/boot27.opf
# Stage nOptItr nSimReps
#     0    5000        0
# algorithm          : deterministic
# ignoring probs <=  : 0
# Branch length floor: 0
# DE strategy        : 2
#    F               : 0.3
#    CR              : 0.8
#    tolerance       : 3e-06
# nthreads           : 54
# lgo input file     : abdef2.lgo
# site pat input file: ../../chrX/boot_chrX/boot27.opf
# free parameters    : 18
# points in DE swarm : 54
# output state file  : b1boot27.state
# Including singleton site patterns.
# cost function      : KL
Initial parameter values
Fixed:
      zero = 0
       one = 1
    Tbecnw = 75200
Free:
       pc1 = 0
       pc2 = 0
       pc3 = 0
       pc4 = 0
       pc5 = 0
       pc6 = 0
       pc7 = 0
       pc8 = 0
       pc9 = 0
      pc10 = 0
      pc11 = 0
      pc12 = 0
      pc13 = 0
      pc14 = 0
      pc15 = 0
      pc16 = 0
      pc17 = 0
      pc18 = 0
Constrained:
   Tgbecnw = 138188
     Tecnw = 27872.4
       Tnw = 11910.7
       Tec = 1267.09
     twoNb = 1.51777e+07
     twoNe = 3.97552e+06
     twoNc = 3.54862e+06
     twoNw = 2.14356e+06
    twoNec = 129348
    twoNnw = 75183.1
  twoNecnw = 59624.8
  twoNbecnw = 17051.1
  twoNgbecnw = 205965
         m = 0.134257
        m2 = 0.0234826
        m4 = 0.0013789
        m5 = 0.160674
        m6 = 0.0296993
        Tb = 14569.8
        Ta = 44884.9
        Td = 633.547
        Te = 316.773
        Tf = 158.387
DiffEv reached_goal. cost=2.16619e-03 spread=2.93489e-06
Fitted parameter values
Free:
       pc1 = -1.95779
       pc2 = -1.79376
       pc3 = -0.923298
       pc4 = 1.80188
       pc5 = 0.116551
       pc6 = 0.413923
       pc7 = 1.84865
       pc8 = -0.020627
       pc9 = 0.919152
      pc10 = 1.23208
      pc11 = 0.117406
      pc12 = 0.869228
      pc13 = 0.112902
      pc14 = -0.255056
      pc15 = 0.0400331
      pc16 = -0.00925382
      pc17 = 0.161083
      pc18 = 0.0651308
Constrained:
   Tgbecnw = 90341.7
     Tecnw = 25398.6
       Tnw = 16209.1
       Tec = 1167.46
     twoNb = 5.22986e+07
     twoNe = 9.79183e+06
     twoNc = 4.40256e+06
     twoNw = 4.98823e+06
    twoNec = 121648
    twoNnw = 38590.9
  twoNecnw = 65801.1
  twoNbecnw = 6532.18
  twoNgbecnw = 172776
         m = 0.178197
        m2 = 0.0220296
        m4 = 0.00185443
        m5 = 0.143653
        m6 = 0.0293151
        Tb = 13283
        Ta = 44241.5
        Td = 583.732
        Te = 291.866
        Tf = 145.933
#       SitePat  BranchLen
              b 119751.4040393
              e 45138.9714867
              c 46922.8493448
              n 43999.1088185
              w 43976.8936840
            b:e 1363.1711565
            b:c 1517.2007324
            b:n 1088.3015742
            b:w 1087.3616784
            e:c 12147.4371777
            e:n 4568.6690103
            e:w 4586.2945961
            c:n 4110.3196667
            c:w 4110.2819913
            n:w 12672.2135638
          b:e:c 1361.4243573
          b:e:n 614.4041070
          b:e:w 615.0127949
          b:c:n 617.6275211
          b:c:w 616.9591156
          b:n:w 1382.0991640
          e:c:n 4190.9792756
          e:c:w 4195.6064997
          e:n:w 5739.7561514
          c:n:w 4963.4884823
        b:e:c:n 1193.8364363
        b:e:c:w 1194.8360497
        b:e:n:w 2002.0436249
        b:c:n:w 1769.5959379
        e:c:n:w 47262.8362322
