########################################
# legofit: estimate population history #
#       version 2.3.4-4-g53f8760       #
########################################

# Program was compiled: Sep 21 2021 14:36:42
# Program was run: Wed Oct 13 12:01:27 2021

# cmd: legofit -1 -d 0 -t 56 --ptsPerDim 3 --stateOut b1boot17.state --tol 3e-6 -S 5000 abdef2.lgo ../../chrX/boot_chrX/boot17.opf
# Stage nOptItr nSimReps
#     0    5000        0
# algorithm          : deterministic
# ignoring probs <=  : 0
# Branch length floor: 0
# DE strategy        : 2
#    F               : 0.3
#    CR              : 0.8
#    tolerance       : 3e-06
# nthreads           : 54
# lgo input file     : abdef2.lgo
# site pat input file: ../../chrX/boot_chrX/boot17.opf
# free parameters    : 18
# points in DE swarm : 54
# output state file  : b1boot17.state
# Including singleton site patterns.
# cost function      : KL
Initial parameter values
Fixed:
      zero = 0
       one = 1
    Tbecnw = 75200
Free:
       pc1 = 0
       pc2 = 0
       pc3 = 0
       pc4 = 0
       pc5 = 0
       pc6 = 0
       pc7 = 0
       pc8 = 0
       pc9 = 0
      pc10 = 0
      pc11 = 0
      pc12 = 0
      pc13 = 0
      pc14 = 0
      pc15 = 0
      pc16 = 0
      pc17 = 0
      pc18 = 0
Constrained:
   Tgbecnw = 138188
     Tecnw = 27872.4
       Tnw = 11910.7
       Tec = 1267.09
     twoNb = 1.51777e+07
     twoNe = 3.97552e+06
     twoNc = 3.54862e+06
     twoNw = 2.14356e+06
    twoNec = 129348
    twoNnw = 75183.1
  twoNecnw = 59624.8
  twoNbecnw = 17051.1
  twoNgbecnw = 205965
         m = 0.134257
        m2 = 0.0234826
        m4 = 0.0013789
        m5 = 0.160674
        m6 = 0.0296993
        Tb = 14569.8
        Ta = 44884.9
        Td = 633.547
        Te = 316.773
        Tf = 158.387
DiffEv reached_goal. cost=2.22003e-03 spread=2.70171e-06
Fitted parameter values
Free:
       pc1 = -2.39265
       pc2 = -0.814082
       pc3 = -0.166832
       pc4 = 0.955246
       pc5 = 1.98807
       pc6 = -1.4253
       pc7 = 1.16888
       pc8 = 1.38516
       pc9 = 1.00485
      pc10 = -0.0258839
      pc11 = 0.254283
      pc12 = -0.15255
      pc13 = 0.209118
      pc14 = -0.462332
      pc15 = -0.296137
      pc16 = 0.0603051
      pc17 = 0.164224
      pc18 = 0.086021
Constrained:
   Tgbecnw = 97103.1
     Tecnw = 25186.7
       Tnw = 14695.3
       Tec = 1718.4
     twoNb = 1.51024e+07
     twoNe = 8.24225e+06
     twoNc = 2.03146e+07
     twoNw = 3.8963e+06
    twoNec = 124908
    twoNnw = 48441.5
  twoNecnw = 61828.9
  twoNbecnw = 7941.4
  twoNgbecnw = 233724
         m = 0.122855
        m2 = 0.0194679
        m4 = 0.00134311
        m5 = 0.124001
        m6 = 0.0016096
        Tb = 13452.6
        Ta = 44326.3
        Td = 859.202
        Te = 429.601
        Tf = 214.8
#       SitePat  BranchLen
              b 119026.8256682
              e 44322.5826616
              c 46062.9350378
              n 43610.6847415
              w 43592.0629937
            b:e 1215.2875004
            b:c 1345.0273728
            b:n 1030.3424464
            b:w 1029.6060990
            e:c 11900.9367474
            e:n 4509.3210712
            e:w 4527.6503830
            c:n 4052.5174470
            c:w 4048.9927581
            n:w 12221.2186422
          b:e:c 1243.0136221
          b:e:n 573.3582386
          b:e:w 574.0748864
          b:c:n 576.3035248
          b:c:w 575.5447212
          b:n:w 1267.0568545
          e:c:n 4254.6680605
          e:c:w 4258.4851854
          e:n:w 5504.3873777
          c:n:w 4775.2272161
        b:e:c:n 1119.2480656
        b:e:c:w 1120.0265688
        b:e:n:w 1838.5929584
        b:c:n:w 1628.7069440
        e:c:n:w 47201.3824287
