########################################
# legofit: estimate population history #
#       version 2.3.4-4-g53f8760       #
########################################

# Program was compiled: Sep 21 2021 14:36:42
# Program was run: Wed Oct 13 12:14:14 2021

# cmd: legofit -1 -d 0 -t 56 --ptsPerDim 3 --stateOut b1boot20.state --tol 3e-6 -S 5000 abdef2.lgo ../../chrX/boot_chrX/boot20.opf
# Stage nOptItr nSimReps
#     0    5000        0
# algorithm          : deterministic
# ignoring probs <=  : 0
# Branch length floor: 0
# DE strategy        : 2
#    F               : 0.3
#    CR              : 0.8
#    tolerance       : 3e-06
# nthreads           : 54
# lgo input file     : abdef2.lgo
# site pat input file: ../../chrX/boot_chrX/boot20.opf
# free parameters    : 18
# points in DE swarm : 54
# output state file  : b1boot20.state
# Including singleton site patterns.
# cost function      : KL
Initial parameter values
Fixed:
      zero = 0
       one = 1
    Tbecnw = 75200
Free:
       pc1 = 0
       pc2 = 0
       pc3 = 0
       pc4 = 0
       pc5 = 0
       pc6 = 0
       pc7 = 0
       pc8 = 0
       pc9 = 0
      pc10 = 0
      pc11 = 0
      pc12 = 0
      pc13 = 0
      pc14 = 0
      pc15 = 0
      pc16 = 0
      pc17 = 0
      pc18 = 0
Constrained:
   Tgbecnw = 138188
     Tecnw = 27872.4
       Tnw = 11910.7
       Tec = 1267.09
     twoNb = 1.51777e+07
     twoNe = 3.97552e+06
     twoNc = 3.54862e+06
     twoNw = 2.14356e+06
    twoNec = 129348
    twoNnw = 75183.1
  twoNecnw = 59624.8
  twoNbecnw = 17051.1
  twoNgbecnw = 205965
         m = 0.134257
        m2 = 0.0234826
        m4 = 0.0013789
        m5 = 0.160674
        m6 = 0.0296993
        Tb = 14569.8
        Ta = 44884.9
        Td = 633.547
        Te = 316.773
        Tf = 158.387
DiffEv reached_goal. cost=2.21399e-03 spread=2.76565e-06
Fitted parameter values
Free:
       pc1 = -0.409184
       pc2 = -0.896747
       pc3 = -1.20719
       pc4 = 0.750727
       pc5 = -0.193912
       pc6 = 0.178943
       pc7 = 0.0413577
       pc8 = 0.482909
       pc9 = -0.114334
      pc10 = 0.436723
      pc11 = -0.219112
      pc12 = 0.229363
      pc13 = 0.274632
      pc14 = 0.158207
      pc15 = 0.154605
      pc16 = -0.0544676
      pc17 = 0.0113593
      pc18 = -0.0421448
Constrained:
   Tgbecnw = 106626
     Tecnw = 26742.5
       Tnw = 13664.1
       Tec = 2334.24
     twoNb = 2.77589e+07
     twoNe = 4.01517e+06
     twoNc = 2.30375e+06
     twoNw = 2.90125e+06
    twoNec = 119552
    twoNnw = 57987.9
  twoNecnw = 60139.5
  twoNbecnw = 11914.9
  twoNgbecnw = 189011
         m = 0.147146
        m2 = 0.0250825
        m4 = 0.000402947
        m5 = 0.168229
        m6 = 0.0347119
        Tb = 14538.4
        Ta = 44869.2
        Td = 1167.12
        Te = 583.559
        Tf = 291.78
#       SitePat  BranchLen
              b 121224.5860998
              e 45357.1492963
              c 47354.4067769
              n 44170.7283944
              w 44132.5508583
            b:e 1298.9460328
            b:c 1448.8661627
            b:n 1054.0142604
            b:w 1052.5060315
            e:c 11788.8492233
            e:n 4683.0818673
            e:w 4713.2219854
            c:n 4155.6653834
            c:w 4155.8487184
            n:w 12439.3435001
          b:e:c 1263.2371583
          b:e:n 591.7476418
          b:e:w 592.7184103
          b:c:n 594.6739687
          b:c:w 593.6341397
          b:n:w 1296.6635219
          e:c:n 4315.2705663
          e:c:w 4323.1246493
          e:n:w 5862.1559956
          c:n:w 5020.4537032
        b:e:c:n 1126.5870128
        b:e:c:w 1128.1643022
        b:e:n:w 1958.3964903
        b:c:n:w 1733.8687861
        e:c:n:w 47955.9598670
