########################################
# legofit: estimate population history #
#       version 2.3.4-4-g53f8760       #
########################################

# Program was compiled: Sep 21 2021 14:36:42
# Program was run: Wed Oct 13 12:18:06 2021

# cmd: legofit -1 -d 0 -t 56 --ptsPerDim 3 --stateOut b1boot22.state --tol 3e-6 -S 5000 abdef2.lgo ../../chrX/boot_chrX/boot22.opf
# Stage nOptItr nSimReps
#     0    5000        0
# algorithm          : deterministic
# ignoring probs <=  : 0
# Branch length floor: 0
# DE strategy        : 2
#    F               : 0.3
#    CR              : 0.8
#    tolerance       : 3e-06
# nthreads           : 54
# lgo input file     : abdef2.lgo
# site pat input file: ../../chrX/boot_chrX/boot22.opf
# free parameters    : 18
# points in DE swarm : 54
# output state file  : b1boot22.state
# Including singleton site patterns.
# cost function      : KL
Initial parameter values
Fixed:
      zero = 0
       one = 1
    Tbecnw = 75200
Free:
       pc1 = 0
       pc2 = 0
       pc3 = 0
       pc4 = 0
       pc5 = 0
       pc6 = 0
       pc7 = 0
       pc8 = 0
       pc9 = 0
      pc10 = 0
      pc11 = 0
      pc12 = 0
      pc13 = 0
      pc14 = 0
      pc15 = 0
      pc16 = 0
      pc17 = 0
      pc18 = 0
Constrained:
   Tgbecnw = 138188
     Tecnw = 27872.4
       Tnw = 11910.7
       Tec = 1267.09
     twoNb = 1.51777e+07
     twoNe = 3.97552e+06
     twoNc = 3.54862e+06
     twoNw = 2.14356e+06
    twoNec = 129348
    twoNnw = 75183.1
  twoNecnw = 59624.8
  twoNbecnw = 17051.1
  twoNgbecnw = 205965
         m = 0.134257
        m2 = 0.0234826
        m4 = 0.0013789
        m5 = 0.160674
        m6 = 0.0296993
        Tb = 14569.8
        Ta = 44884.9
        Td = 633.547
        Te = 316.773
        Tf = 158.387
DiffEv reached_goal. cost=2.25159e-03 spread=2.75930e-06
Fitted parameter values
Free:
       pc1 = -2.37043
       pc2 = -1.83886
       pc3 = 0.0623261
       pc4 = 1.83011
       pc5 = 0.0813273
       pc6 = 0.991514
       pc7 = 1.7589
       pc8 = 1.18832
       pc9 = 1.64304
      pc10 = -0.642831
      pc11 = -0.643787
      pc12 = -0.33941
      pc13 = 0.102464
      pc14 = 0.00205176
      pc15 = -0.0693582
      pc16 = -0.173423
      pc17 = 0.0475229
      pc18 = -0.0168832
Constrained:
   Tgbecnw = 94923.8
     Tecnw = 25327.8
       Tnw = 16275.5
       Tec = 2741.34
     twoNb = 8.05704e+07
     twoNe = 3.25736e+06
     twoNc = 1.32427e+07
     twoNw = 3.64492e+06
    twoNec = 118427
    twoNnw = 38336.7
  twoNecnw = 63386.8
  twoNbecnw = 8114.62
  twoNgbecnw = 179779
         m = 0.159721
        m2 = 0.0169165
        m4 = 0.00285573
        m5 = 0.1477
        m6 = 0.0187021
        Tb = 14034.6
        Ta = 44617.3
        Td = 1370.67
        Te = 685.334
        Tf = 342.667
#       SitePat  BranchLen
              b 119171.0169810
              e 44688.1528257
              c 46678.2932609
              n 43611.4375912
              w 43583.1737329
            b:e 1271.2503977
            b:c 1436.9802019
            b:n 1055.4558695
            b:w 1054.2805671
            e:c 11811.7765060
            e:n 4603.3820460
            e:w 4627.7097972
            c:n 4100.6582192
            c:w 4098.6119575
            n:w 12480.6220763
          b:e:c 1299.2583257
          b:e:n 595.1610685
          b:e:w 596.0593870
          b:c:n 598.6131646
          b:c:w 597.6479319
          b:n:w 1313.9837018
          e:c:n 4240.2311353
          e:c:w 4246.2135041
          e:n:w 5796.2407162
          c:n:w 4925.4242231
        b:e:c:n 1146.2925517
        b:e:c:w 1147.5347683
        b:e:n:w 1860.0338860
        b:c:n:w 1601.7610394
        e:c:n:w 46816.0333809
