########################################
# legofit: estimate population history #
#       version 2.3.4-4-g53f8760       #
########################################

# Program was compiled: Sep 21 2021 14:36:42
# Program was run: Wed Oct 13 13:09:42 2021

# cmd: legofit -1 -d 0 -t 56 --ptsPerDim 3 --stateOut b1boot28.state --tol 3e-6 -S 5000 abdef2.lgo ../../chrX/boot_chrX/boot28.opf
# Stage nOptItr nSimReps
#     0    5000        0
# algorithm          : deterministic
# ignoring probs <=  : 0
# Branch length floor: 0
# DE strategy        : 2
#    F               : 0.3
#    CR              : 0.8
#    tolerance       : 3e-06
# nthreads           : 54
# lgo input file     : abdef2.lgo
# site pat input file: ../../chrX/boot_chrX/boot28.opf
# free parameters    : 18
# points in DE swarm : 54
# output state file  : b1boot28.state
# Including singleton site patterns.
# cost function      : KL
Initial parameter values
Fixed:
      zero = 0
       one = 1
    Tbecnw = 75200
Free:
       pc1 = 0
       pc2 = 0
       pc3 = 0
       pc4 = 0
       pc5 = 0
       pc6 = 0
       pc7 = 0
       pc8 = 0
       pc9 = 0
      pc10 = 0
      pc11 = 0
      pc12 = 0
      pc13 = 0
      pc14 = 0
      pc15 = 0
      pc16 = 0
      pc17 = 0
      pc18 = 0
Constrained:
   Tgbecnw = 138188
     Tecnw = 27872.4
       Tnw = 11910.7
       Tec = 1267.09
     twoNb = 1.51777e+07
     twoNe = 3.97552e+06
     twoNc = 3.54862e+06
     twoNw = 2.14356e+06
    twoNec = 129348
    twoNnw = 75183.1
  twoNecnw = 59624.8
  twoNbecnw = 17051.1
  twoNgbecnw = 205965
         m = 0.134257
        m2 = 0.0234826
        m4 = 0.0013789
        m5 = 0.160674
        m6 = 0.0296993
        Tb = 14569.8
        Ta = 44884.9
        Td = 633.547
        Te = 316.773
        Tf = 158.387
DiffEv reached_goal. cost=2.19399e-03 spread=2.98759e-06
Fitted parameter values
Free:
       pc1 = -2.26885
       pc2 = 0.799606
       pc3 = 0.000329494
       pc4 = 1.24698
       pc5 = -0.527619
       pc6 = 0.264213
       pc7 = 0.0290601
       pc8 = 0.00518146
       pc9 = 0.968264
      pc10 = -0.350292
      pc11 = -0.34285
      pc12 = -0.0394547
      pc13 = 0.289349
      pc14 = 0.0461244
      pc15 = -0.010195
      pc16 = -0.124677
      pc17 = 0.0799061
      pc18 = 0.0210195
Constrained:
   Tgbecnw = 113732
     Tecnw = 25590.8
       Tnw = 17781.4
       Tec = 1062.2
     twoNb = 4.15334e+07
     twoNe = 184913
     twoNc = 1.53667e+06
     twoNw = 2.65992e+06
    twoNec = 138069
    twoNnw = 33706.6
  twoNecnw = 63219.4
  twoNbecnw = 12873
  twoNgbecnw = 238807
         m = 0.115737
        m2 = 0.0185506
        m4 = 0.00179814
        m5 = 0.137003
        m6 = 0.00106598
        Tb = 13326.5
        Ta = 44263.3
        Td = 531.099
        Te = 265.549
        Tf = 132.775
#       SitePat  BranchLen
              b 121404.6727240
              e 45386.2091767
              c 47413.3328747
              n 44341.3088609
              w 44305.0837255
            b:e 1255.8767475
            b:c 1410.9521711
            b:n 1048.1486070
            b:w 1046.6646665
            e:c 11919.5422386
            e:n 4648.1214989
            e:w 4684.0048962
            c:n 4146.5328514
            c:w 4139.2258191
            n:w 12467.8845581
          b:e:c 1273.3988816
          b:e:n 589.2665846
          b:e:w 590.7269037
          b:c:n 592.7774494
          b:c:w 591.2482373
          b:n:w 1296.8065507
          e:c:n 4289.0291603
          e:c:w 4296.6779306
          e:n:w 5871.9054255
          c:n:w 4983.8910268
        b:e:c:n 1120.6642482
        b:e:c:w 1122.2170818
        b:e:n:w 1903.1534244
        b:c:n:w 1651.3041702
        e:c:n:w 47947.0844991
