########################################
# legofit: estimate population history #
#       version 2.3.4-4-g53f8760       #
########################################

# Program was compiled: Sep 21 2021 14:36:42
# Program was run: Wed Oct 13 13:08:34 2021

# cmd: legofit -1 -d 0 -t 56 --ptsPerDim 3 --stateOut b1boot1.state --tol 3e-6 -S 5000 abdef2.lgo ../../chrX/boot_chrX/boot1.opf
# Stage nOptItr nSimReps
#     0    5000        0
# algorithm          : deterministic
# ignoring probs <=  : 0
# Branch length floor: 0
# DE strategy        : 2
#    F               : 0.3
#    CR              : 0.8
#    tolerance       : 3e-06
# nthreads           : 54
# lgo input file     : abdef2.lgo
# site pat input file: ../../chrX/boot_chrX/boot1.opf
# free parameters    : 18
# points in DE swarm : 54
# output state file  : b1boot1.state
# Including singleton site patterns.
# cost function      : KL
Initial parameter values
Fixed:
      zero = 0
       one = 1
    Tbecnw = 75200
Free:
       pc1 = 0
       pc2 = 0
       pc3 = 0
       pc4 = 0
       pc5 = 0
       pc6 = 0
       pc7 = 0
       pc8 = 0
       pc9 = 0
      pc10 = 0
      pc11 = 0
      pc12 = 0
      pc13 = 0
      pc14 = 0
      pc15 = 0
      pc16 = 0
      pc17 = 0
      pc18 = 0
Constrained:
   Tgbecnw = 138188
     Tecnw = 27872.4
       Tnw = 11910.7
       Tec = 1267.09
     twoNb = 1.51777e+07
     twoNe = 3.97552e+06
     twoNc = 3.54862e+06
     twoNw = 2.14356e+06
    twoNec = 129348
    twoNnw = 75183.1
  twoNecnw = 59624.8
  twoNbecnw = 17051.1
  twoNgbecnw = 205965
         m = 0.134257
        m2 = 0.0234826
        m4 = 0.0013789
        m5 = 0.160674
        m6 = 0.0296993
        Tb = 14569.8
        Ta = 44884.9
        Td = 633.547
        Te = 316.773
        Tf = 158.387
DiffEv reached_goal. cost=2.31984e-03 spread=2.88380e-06
Fitted parameter values
Free:
       pc1 = -2.30373
       pc2 = 0.125994
       pc3 = -1.38524
       pc4 = 0.4371
       pc5 = 0.459429
       pc6 = -0.567702
       pc7 = -0.338318
       pc8 = -0.501831
       pc9 = 0.669068
      pc10 = 0.576175
      pc11 = -0.281537
      pc12 = 0.145102
      pc13 = 0.150178
      pc14 = 0.0156806
      pc15 = -0.348048
      pc16 = 0.0778213
      pc17 = 0.100052
      pc18 = 0.0465917
Constrained:
   Tgbecnw = 108589
     Tecnw = 25116.5
       Tnw = 18193.2
       Tec = 1916.59
     twoNb = 7.45095e+06
     twoNe = 7.60056e+06
     twoNc = 329710
     twoNw = 2.95414e+06
    twoNec = 123946
    twoNnw = 29552.3
  twoNecnw = 65088.4
  twoNbecnw = 11513.3
  twoNgbecnw = 241784
         m = 0.114705
        m2 = 0.0199432
        m4 = 0.000497607
        m5 = 0.143236
        m6 = 0.000331046
        Tb = 13516.5
        Ta = 44358.3
        Td = 958.294
        Te = 479.147
        Tf = 239.573
#       SitePat  BranchLen
              b 120587.2827206
              e 45154.0601918
              c 47230.1969455
              n 44279.3476145
              w 44245.3489018
            b:e 1300.3627115
            b:c 1460.7033291
            b:n 1088.3336878
            b:w 1086.8766958
            e:c 12152.7204230
            e:n 4659.5868078
            e:w 4693.4888904
            c:n 4137.4749041
            c:w 4130.3230656
            n:w 12584.6769515
          b:e:c 1339.1543537
          b:e:n 609.1487136
          b:e:w 610.5987157
          b:c:n 613.1861796
          b:c:w 611.6589879
          b:n:w 1362.9801765
          e:c:n 4306.1037158
          e:c:w 4313.3521843
          e:n:w 5877.5635113
          c:n:w 4956.1224996
        b:e:c:n 1174.2319518
        b:e:c:w 1175.7661335
        b:e:n:w 1952.2382310
        b:c:n:w 1717.3818181
        e:c:n:w 47371.5281144
