########################################
# legofit: estimate population history #
#       version 2.3.4-4-g53f8760       #
########################################

# Program was compiled: Sep 21 2021 14:36:42
# Program was run: Wed Oct 13 13:38:09 2021

# cmd: legofit -1 -d 0 -t 56 --ptsPerDim 3 --stateOut b1boot35.state --tol 3e-6 -S 5000 abdef2.lgo ../../chrX/boot_chrX/boot35.opf
# Stage nOptItr nSimReps
#     0    5000        0
# algorithm          : deterministic
# ignoring probs <=  : 0
# Branch length floor: 0
# DE strategy        : 2
#    F               : 0.3
#    CR              : 0.8
#    tolerance       : 3e-06
# nthreads           : 54
# lgo input file     : abdef2.lgo
# site pat input file: ../../chrX/boot_chrX/boot35.opf
# free parameters    : 18
# points in DE swarm : 54
# output state file  : b1boot35.state
# Including singleton site patterns.
# cost function      : KL
Initial parameter values
Fixed:
      zero = 0
       one = 1
    Tbecnw = 75200
Free:
       pc1 = 0
       pc2 = 0
       pc3 = 0
       pc4 = 0
       pc5 = 0
       pc6 = 0
       pc7 = 0
       pc8 = 0
       pc9 = 0
      pc10 = 0
      pc11 = 0
      pc12 = 0
      pc13 = 0
      pc14 = 0
      pc15 = 0
      pc16 = 0
      pc17 = 0
      pc18 = 0
Constrained:
   Tgbecnw = 138188
     Tecnw = 27872.4
       Tnw = 11910.7
       Tec = 1267.09
     twoNb = 1.51777e+07
     twoNe = 3.97552e+06
     twoNc = 3.54862e+06
     twoNw = 2.14356e+06
    twoNec = 129348
    twoNnw = 75183.1
  twoNecnw = 59624.8
  twoNbecnw = 17051.1
  twoNgbecnw = 205965
         m = 0.134257
        m2 = 0.0234826
        m4 = 0.0013789
        m5 = 0.160674
        m6 = 0.0296993
        Tb = 14569.8
        Ta = 44884.9
        Td = 633.547
        Te = 316.773
        Tf = 158.387
DiffEv reached_goal. cost=2.30254e-03 spread=2.86683e-06
Fitted parameter values
Free:
       pc1 = -2.36704
       pc2 = 0.661523
       pc3 = -1.59258
       pc4 = 0.796983
       pc5 = 0.379448
       pc6 = -1.30968
       pc7 = 0.315858
       pc8 = 0.212184
       pc9 = 0.538936
      pc10 = 0.239471
      pc11 = -0.120386
      pc12 = 0.132805
      pc13 = -0.00150683
      pc14 = 0.0976268
      pc15 = -0.136499
      pc16 = -0.0584834
      pc17 = 0.128993
      pc18 = 0.0623442
Constrained:
   Tgbecnw = 110373
     Tecnw = 25054
       Tnw = 17835.9
       Tec = 1858.55
     twoNb = 5.71464e+06
     twoNe = 4.4085e+06
     twoNc = 4.7118e+06
     twoNw = 4.15204e+06
    twoNec = 129349
    twoNnw = 33040.6
  twoNecnw = 64936.1
  twoNbecnw = 11420.5
  twoNgbecnw = 266636
         m = 0.110319
        m2 = 0.0200739
        m4 = 2.64395e-05
        m5 = 0.145686
        m6 = 0.000782125
        Tb = 13456.3
        Ta = 44328.1
        Td = 929.276
        Te = 464.638
        Tf = 232.319
#       SitePat  BranchLen
              b 121848.6795476
              e 45239.9131086
              c 47211.1265972
              n 44439.2700557
              w 44414.8055517
            b:e 1245.5530787
            b:c 1389.3815476
            b:n 1046.9648843
            b:w 1045.9628918
            e:c 11794.4712499
            e:n 4711.0043905
            e:w 4735.3080499
            c:n 4199.4271826
            c:w 4194.3966240
            n:w 12158.9605960
          b:e:c 1248.1968135
          b:e:n 591.4601554
          b:e:w 592.4510251
          b:c:n 594.7636208
          b:c:w 593.7210623
          b:n:w 1274.4284355
          e:c:n 4286.4667704
          e:c:w 4291.6581736
          e:n:w 5731.1010742
          c:n:w 4878.3150114
        b:e:c:n 1128.1954671
        b:e:c:w 1129.2491484
        b:e:n:w 1899.0118716
        b:c:n:w 1684.6710727
        e:c:n:w 48688.6504667
