########################################
# legofit: estimate population history #
#       version 2.3.4-4-g53f8760       #
########################################

# Program was compiled: Sep 21 2021 14:36:42
# Program was run: Wed Oct 13 13:08:56 2021

# cmd: legofit -1 -d 0 -t 56 --ptsPerDim 3 --stateOut b1boot11.state --tol 3e-6 -S 5000 abdef2.lgo ../../chrX/boot_chrX/boot11.opf
# Stage nOptItr nSimReps
#     0    5000        0
# algorithm          : deterministic
# ignoring probs <=  : 0
# Branch length floor: 0
# DE strategy        : 2
#    F               : 0.3
#    CR              : 0.8
#    tolerance       : 3e-06
# nthreads           : 54
# lgo input file     : abdef2.lgo
# site pat input file: ../../chrX/boot_chrX/boot11.opf
# free parameters    : 18
# points in DE swarm : 54
# output state file  : b1boot11.state
# Including singleton site patterns.
# cost function      : KL
Initial parameter values
Fixed:
      zero = 0
       one = 1
    Tbecnw = 75200
Free:
       pc1 = 0
       pc2 = 0
       pc3 = 0
       pc4 = 0
       pc5 = 0
       pc6 = 0
       pc7 = 0
       pc8 = 0
       pc9 = 0
      pc10 = 0
      pc11 = 0
      pc12 = 0
      pc13 = 0
      pc14 = 0
      pc15 = 0
      pc16 = 0
      pc17 = 0
      pc18 = 0
Constrained:
   Tgbecnw = 138188
     Tecnw = 27872.4
       Tnw = 11910.7
       Tec = 1267.09
     twoNb = 1.51777e+07
     twoNe = 3.97552e+06
     twoNc = 3.54862e+06
     twoNw = 2.14356e+06
    twoNec = 129348
    twoNnw = 75183.1
  twoNecnw = 59624.8
  twoNbecnw = 17051.1
  twoNgbecnw = 205965
         m = 0.134257
        m2 = 0.0234826
        m4 = 0.0013789
        m5 = 0.160674
        m6 = 0.0296993
        Tb = 14569.8
        Ta = 44884.9
        Td = 633.547
        Te = 316.773
        Tf = 158.387
DiffEv reached_goal. cost=2.21921e-03 spread=2.92207e-06
Fitted parameter values
Free:
       pc1 = -2.01272
       pc2 = 0.810883
       pc3 = -0.513896
       pc4 = 1.53823
       pc5 = 0.540747
       pc6 = -1.94774
       pc7 = 0.784498
       pc8 = 1.04997
       pc9 = 0.897387
      pc10 = 0.0425778
      pc11 = 0.218463
      pc12 = 0.284828
      pc13 = 0.0244922
      pc14 = -0.404623
      pc15 = -0.320612
      pc16 = -0.0071018
      pc17 = 0.083261
      pc18 = 0.00870767
Constrained:
   Tgbecnw = 102743
     Tecnw = 25164.2
       Tnw = 14232.6
       Tec = 123.452
     twoNb = 6.97109e+06
     twoNe = 1.61545e+06
     twoNc = 1.14911e+07
     twoNw = 4.63825e+06
    twoNec = 132375
    twoNnw = 47790.1
  twoNecnw = 62302.5
  twoNbecnw = 9329.3
  twoNgbecnw = 273334
         m = 0.10442
        m2 = 0.0201515
        m4 = 0.000916685
        m5 = 0.130659
        m6 = 0.00895549
        Tb = 12643.8
        Ta = 43921.9
        Td = 61.7261
        Te = 30.863
        Tf = 15.4315
#       SitePat  BranchLen
              b 120016.0037773
              e 44383.3106188
              c 46188.0042663
              n 43352.5117703
              w 43335.1195441
            b:e 1257.2242728
            b:c 1390.4666797
            b:n 1050.9199676
            b:w 1050.2206721
            e:c 12089.1184121
            e:n 4551.9777269
            e:w 4568.0237676
            c:n 4077.3210539
            c:w 4075.0970579
            n:w 12595.7167702
          b:e:c 1288.8086012
          b:e:n 587.2262396
          b:e:w 587.8332403
          b:c:n 590.1183994
          b:c:w 589.4725904
          b:n:w 1313.7756409
          e:c:n 4254.6148736
          e:c:w 4258.1850550
          e:n:w 5658.3377963
          c:n:w 4893.4347495
        b:e:c:n 1139.1444069
        b:e:c:w 1139.8825107
        b:e:n:w 1908.5694913
        b:c:n:w 1698.5883204
        e:c:n:w 47935.9980033
