########################################
# legofit: estimate population history #
#       version 2.3.4-4-g53f8760       #
########################################

# Program was compiled: Sep 21 2021 14:36:42
# Program was run: Wed Oct 13 13:09:54 2021

# cmd: legofit -1 -d 0 -t 56 --ptsPerDim 3 --stateOut b1boot30.state --tol 3e-6 -S 5000 abdef2.lgo ../../chrX/boot_chrX/boot30.opf
# Stage nOptItr nSimReps
#     0    5000        0
# algorithm          : deterministic
# ignoring probs <=  : 0
# Branch length floor: 0
# DE strategy        : 2
#    F               : 0.3
#    CR              : 0.8
#    tolerance       : 3e-06
# nthreads           : 54
# lgo input file     : abdef2.lgo
# site pat input file: ../../chrX/boot_chrX/boot30.opf
# free parameters    : 18
# points in DE swarm : 54
# output state file  : b1boot30.state
# Including singleton site patterns.
# cost function      : KL
Initial parameter values
Fixed:
      zero = 0
       one = 1
    Tbecnw = 75200
Free:
       pc1 = 0
       pc2 = 0
       pc3 = 0
       pc4 = 0
       pc5 = 0
       pc6 = 0
       pc7 = 0
       pc8 = 0
       pc9 = 0
      pc10 = 0
      pc11 = 0
      pc12 = 0
      pc13 = 0
      pc14 = 0
      pc15 = 0
      pc16 = 0
      pc17 = 0
      pc18 = 0
Constrained:
   Tgbecnw = 138188
     Tecnw = 27872.4
       Tnw = 11910.7
       Tec = 1267.09
     twoNb = 1.51777e+07
     twoNe = 3.97552e+06
     twoNc = 3.54862e+06
     twoNw = 2.14356e+06
    twoNec = 129348
    twoNnw = 75183.1
  twoNecnw = 59624.8
  twoNbecnw = 17051.1
  twoNgbecnw = 205965
         m = 0.134257
        m2 = 0.0234826
        m4 = 0.0013789
        m5 = 0.160674
        m6 = 0.0296993
        Tb = 14569.8
        Ta = 44884.9
        Td = 633.547
        Te = 316.773
        Tf = 158.387
DiffEv reached_goal. cost=2.25770e-03 spread=2.09251e-06
Fitted parameter values
Free:
       pc1 = -2.01652
       pc2 = -0.394055
       pc3 = -1.86606
       pc4 = 2.11648
       pc5 = 1.97312
       pc6 = 1.4582
       pc7 = 1.83101
       pc8 = 0.803561
       pc9 = 1.17328
      pc10 = 0.237946
      pc11 = -0.00494832
      pc12 = -0.237373
      pc13 = 0.149686
      pc14 = -0.171668
      pc15 = -0.0601219
      pc16 = 0.127737
      pc17 = 0.0348277
      pc18 = 0.00400038
Constrained:
   Tgbecnw = 100440
     Tecnw = 25400.8
       Tnw = 15640.2
       Tec = 2104.21
     twoNb = 9.10773e+07
     twoNe = 1.26991e+07
     twoNc = 1.03316e+07
     twoNw = 4.44604e+06
    twoNec = 122224
    twoNnw = 43496.6
  twoNecnw = 60213.8
  twoNbecnw = 9010.25
  twoNgbecnw = 234928
         m = 0.120874
        m2 = 0.0201057
        m4 = 4.05402e-05
        m5 = 0.145805
        m6 = 0.00611096
        Tb = 13752.5
        Ta = 44476.3
        Td = 1052.11
        Te = 526.053
        Tf = 263.026
#       SitePat  BranchLen
              b 119644.8226429
              e 44161.6438715
              c 46088.5846960
              n 43337.4441939
              w 43316.9182356
            b:e 1200.1183592
            b:c 1337.3990284
            b:n 1008.9597684
            b:w 1008.1481772
            e:c 11721.5413265
            e:n 4543.3668898
            e:w 4562.8754430
            c:n 4036.5855056
            c:w 4033.3163054
            n:w 12137.0616708
          b:e:c 1220.4669389
          b:e:n 564.0908248
          b:e:w 564.8342982
          b:c:n 567.0692019
          b:c:w 566.2832863
          b:n:w 1246.1355083
          e:c:n 4250.2793985
          e:c:w 4254.5660037
          e:n:w 5661.0511603
          c:n:w 4830.0638833
        b:e:c:n 1088.3610608
        b:e:c:w 1089.2150943
        b:e:n:w 1813.2629598
        b:c:n:w 1611.9418582
        e:c:n:w 47835.4356435
