########################################
# legofit: estimate population history #
#       version 2.3.4-4-g53f8760       #
########################################

# Program was compiled: Sep 21 2021 14:36:42
# Program was run: Mon Oct 11 09:43:48 2021

# cmd: legofit -1 -d 0 -t 32 --ptsPerDim 3 --stateOut b1.state --tol 3e-6 -S 5000 bdef2.lgo ../../pan.opf
# Stage nOptItr nSimReps
#     0    5000        0
# algorithm          : deterministic
# ignoring probs <=  : 0
# Branch length floor: 0
# DE strategy        : 2
#    F               : 0.3
#    CR              : 0.8
#    tolerance       : 3e-06
# nthreads           : 32
# lgo input file     : bdef2.lgo
# site pat input file: ../../pan.opf
# free parameters    : 15
# points in DE swarm : 45
# output state file  : b1.state
# Including singleton site patterns.
# cost function      : KL
Initial parameter values
Fixed:
      zero = 0
       one = 1
    Tbecnw = 75200
Free:
       pc1 = 0
       pc2 = 0
       pc3 = 0
       pc4 = 0
       pc5 = 0
       pc6 = 0
       pc7 = 0
       pc8 = 0
       pc9 = 0
      pc10 = 0
      pc11 = 0
      pc12 = 0
      pc13 = 0
      pc14 = 0
      pc15 = 0
Constrained:
     Tecnw = 60524.4
       Tnw = 3260.48
       Tec = 12082.7
     twoNb = 1.62638e+06
     twoNe = 225848
     twoNc = 554494
     twoNw = 1.79082e+06
    twoNec = 72305.5
    twoNnw = 161144
  twoNecnw = 13799.2
  twoNbecnw = 87895.9
        m2 = 0.0170715
        m4 = 0.00399311
        m5 = 0.483414
        m6 = 0.377295
        Tb = 36303.6
        Td = 6041.37
        Te = 3020.69
        Tf = 1510.34
DiffEv reached_goal. cost=2.30951e-03 spread=2.74077e-06
Fitted parameter values
Free:
       pc1 = 3.80743
       pc2 = -3.89062
       pc3 = -1.46931
       pc4 = 1.53012
       pc5 = 0.107908
       pc6 = -1.36029
       pc7 = 0.0592954
       pc8 = 0.623467
       pc9 = 0.118715
      pc10 = 0.399998
      pc11 = -0.0187273
      pc12 = -0.0608391
      pc13 = -0.0131038
      pc14 = 0.0684249
      pc15 = 0.0186637
Constrained:
     Tecnw = 60825.6
       Tnw = 1065.57
       Tec = 4176.16
     twoNb = 2.94048e+06
     twoNe = 652895
     twoNc = 1.22281e+06
     twoNw = 2.37364e+06
    twoNec = 93833.9
    twoNnw = 176575
  twoNecnw = 13301.8
  twoNbecnw = 88371.1
        m2 = 0.0189882
        m4 = 0.00763047
        m5 = 0.475586
        m6 = 0.373078
        Tb = 32500.9
        Td = 2088.08
        Te = 1044.04
        Tf = 522.02
#       SitePat  BranchLen
              b 148006.0844022
              e 57500.8495205
              c 60358.5607975
              n 54690.4737326
              w 54685.1208315
            b:e 2728.8636567
            b:c 3164.8761484
            b:n 2252.7644247
            b:w 2252.4447037
            e:c 12434.6234729
            e:n 6533.1076002
            e:w 6532.3537842
            c:n 5727.7447372
            c:w 5732.7903299
            n:w 14429.9942434
          b:e:c 2544.5262987
          b:e:n 1309.8772571
          b:e:w 1309.5881883
          b:c:n 1310.1021665
          b:c:w 1310.3911391
          b:n:w 2540.1215893
          e:c:n 5330.0081858
          e:c:w 5331.0693103
          e:n:w 8236.8565090
          c:n:w 6966.4414090
        b:e:c:n 2253.9816413
        b:e:c:w 2254.3014586
        b:e:n:w 3137.9435990
        b:c:n:w 2718.5333875
        e:c:n:w 61656.4495785
