########################################
# legofit: estimate population history #
#       version 2.3.4-4-g53f8760       #
########################################

# Program was compiled: Sep 21 2021 14:36:42
# Program was run: Mon Oct 11 09:44:19 2021

# cmd: legofit -1 -d 0 -t 32 --ptsPerDim 3 --stateOut b1boot19.state --tol 3e-6 -S 5000 bdef2.lgo ../../boot/boot19.opf
# Stage nOptItr nSimReps
#     0    5000        0
# algorithm          : deterministic
# ignoring probs <=  : 0
# Branch length floor: 0
# DE strategy        : 2
#    F               : 0.3
#    CR              : 0.8
#    tolerance       : 3e-06
# nthreads           : 32
# lgo input file     : bdef2.lgo
# site pat input file: ../../boot/boot19.opf
# free parameters    : 15
# points in DE swarm : 45
# output state file  : b1boot19.state
# Including singleton site patterns.
# cost function      : KL
Initial parameter values
Fixed:
      zero = 0
       one = 1
    Tbecnw = 75200
Free:
       pc1 = 0
       pc2 = 0
       pc3 = 0
       pc4 = 0
       pc5 = 0
       pc6 = 0
       pc7 = 0
       pc8 = 0
       pc9 = 0
      pc10 = 0
      pc11 = 0
      pc12 = 0
      pc13 = 0
      pc14 = 0
      pc15 = 0
Constrained:
     Tecnw = 60524.4
       Tnw = 3260.48
       Tec = 12082.7
     twoNb = 1.62638e+06
     twoNe = 225848
     twoNc = 554494
     twoNw = 1.79082e+06
    twoNec = 72305.5
    twoNnw = 161144
  twoNecnw = 13799.2
  twoNbecnw = 87895.9
        m2 = 0.0170715
        m4 = 0.00399311
        m5 = 0.483414
        m6 = 0.377295
        Tb = 36303.6
        Td = 6041.37
        Te = 3020.69
        Tf = 1510.34
DiffEv reached_goal. cost=2.30480e-03 spread=2.92051e-06
Fitted parameter values
Free:
       pc1 = 3.87423
       pc2 = -3.88605
       pc3 = -1.05905
       pc4 = 1.93304
       pc5 = 0.37836
       pc6 = -0.837442
       pc7 = -0.0371393
       pc8 = -0.170432
       pc9 = -0.145085
      pc10 = 0.245521
      pc11 = 0.022618
      pc12 = -0.0823115
      pc13 = -0.0592378
      pc14 = 0.12606
      pc15 = 0.021766
Constrained:
     Tecnw = 60830.3
       Tnw = 1025.5
       Tec = 4080.98
     twoNb = 3.12886e+06
     twoNe = 431281
     twoNc = 1.2465e+06
     twoNw = 2.17944e+06
    twoNec = 93772.4
    twoNnw = 176282
  twoNecnw = 13267.9
  twoNbecnw = 88601.6
        m2 = 0.0197229
        m4 = 0.00689462
        m5 = 0.474125
        m6 = 0.37072
        Tb = 32455.7
        Td = 2040.49
        Te = 1020.24
        Tf = 510.122
#       SitePat  BranchLen
              b 148227.0923448
              e 57468.4700474
              c 60339.1845343
              n 54674.3046655
              w 54669.0101671
            b:e 2733.2493854
            b:c 3164.6232847
            b:n 2253.0477186
            b:w 2252.7315412
            e:c 12501.7972291
            e:n 6523.1362355
            e:w 6522.1660945
            c:n 5711.3609499
            c:w 5716.5740881
            n:w 14478.6781367
          b:e:c 2554.1963949
          b:e:n 1307.5070824
          b:e:w 1307.1989521
          b:c:n 1307.6504891
          b:c:w 1307.9585294
          b:n:w 2549.9316717
          e:c:n 5328.8973595
          e:c:w 5329.9488607
          e:n:w 8242.3519713
          c:n:w 6973.5217455
        b:e:c:n 2254.1853103
        b:e:c:w 2254.5015777
        b:e:n:w 3139.8270171
        b:c:n:w 2723.0331649
        e:c:n:w 61869.3009463
