########################################
# legofit: estimate population history #
#       version 2.3.4-4-g53f8760       #
########################################

# Program was compiled: Sep 21 2021 14:36:42
# Program was run: Mon Oct 11 09:44:03 2021

# cmd: legofit -1 -d 0 -t 32 --ptsPerDim 3 --stateOut b1boot7.state --tol 3e-6 -S 5000 bdef2.lgo ../../boot/boot7.opf
# Stage nOptItr nSimReps
#     0    5000        0
# algorithm          : deterministic
# ignoring probs <=  : 0
# Branch length floor: 0
# DE strategy        : 2
#    F               : 0.3
#    CR              : 0.8
#    tolerance       : 3e-06
# nthreads           : 32
# lgo input file     : bdef2.lgo
# site pat input file: ../../boot/boot7.opf
# free parameters    : 15
# points in DE swarm : 45
# output state file  : b1boot7.state
# Including singleton site patterns.
# cost function      : KL
Initial parameter values
Fixed:
      zero = 0
       one = 1
    Tbecnw = 75200
Free:
       pc1 = 0
       pc2 = 0
       pc3 = 0
       pc4 = 0
       pc5 = 0
       pc6 = 0
       pc7 = 0
       pc8 = 0
       pc9 = 0
      pc10 = 0
      pc11 = 0
      pc12 = 0
      pc13 = 0
      pc14 = 0
      pc15 = 0
Constrained:
     Tecnw = 60524.4
       Tnw = 3260.48
       Tec = 12082.7
     twoNb = 1.62638e+06
     twoNe = 225848
     twoNc = 554494
     twoNw = 1.79082e+06
    twoNec = 72305.5
    twoNnw = 161144
  twoNecnw = 13799.2
  twoNbecnw = 87895.9
        m2 = 0.0170715
        m4 = 0.00399311
        m5 = 0.483414
        m6 = 0.377295
        Tb = 36303.6
        Td = 6041.37
        Te = 3020.69
        Tf = 1510.34
DiffEv reached_goal. cost=2.32417e-03 spread=2.68459e-06
Fitted parameter values
Free:
       pc1 = 3.92972
       pc2 = -3.97608
       pc3 = -1.52998
       pc4 = 1.98173
       pc5 = 0.162763
       pc6 = -1.97566
       pc7 = 0.508329
       pc8 = 0.633519
       pc9 = -0.227328
      pc10 = 0.814462
      pc11 = 0.00962417
      pc12 = -0.218202
      pc13 = -0.0733184
      pc14 = 0.103153
      pc15 = -0.0264455
Constrained:
     Tecnw = 60533.1
       Tnw = 1008.46
       Tec = 3994.61
     twoNb = 3.38301e+06
     twoNe = 701397
     twoNc = 1.0951e+06
     twoNw = 2.6873e+06
    twoNec = 93869.5
    twoNnw = 177591
  twoNecnw = 13522.8
  twoNbecnw = 88522.2
        m2 = 0.018515
        m4 = 0.00830338
        m5 = 0.475782
        m6 = 0.37391
        Tb = 32263.9
        Td = 1997.3
        Te = 998.652
        Tf = 499.326
#       SitePat  BranchLen
              b 148175.3560087
              e 57378.7066166
              c 60220.9348818
              n 54630.7940122
              w 54626.4668552
            b:e 2720.1963375
            b:c 3157.8348129
            b:n 2254.9034744
            b:w 2254.6446512
            e:c 12419.5182145
            e:n 6533.6887694
            e:w 6532.9512443
            c:n 5737.0859341
            c:w 5741.2893663
            n:w 14368.3384822
          b:e:c 2534.8817163
          b:e:n 1311.3911492
          b:e:w 1311.1446487
          b:c:n 1311.6221383
          b:c:w 1311.8685737
          b:n:w 2531.0754988
          e:c:n 5353.0238795
          e:c:w 5353.8851294
          e:n:w 8232.6979405
          c:n:w 6962.3117971
        b:e:c:n 2255.9953091
        b:e:c:w 2256.2541973
        b:e:n:w 3133.5775657
        b:c:n:w 2711.4067675
        e:c:n:w 61904.2401315
