########################################
# legofit: estimate population history #
#       version 2.3.4-4-g53f8760       #
########################################

# Program was compiled: Sep 21 2021 14:36:42
# Program was run: Mon Oct 11 09:44:19 2021

# cmd: legofit -1 -d 0 -t 32 --ptsPerDim 3 --stateOut b1boot20.state --tol 3e-6 -S 5000 bdef2.lgo ../../boot/boot20.opf
# Stage nOptItr nSimReps
#     0    5000        0
# algorithm          : deterministic
# ignoring probs <=  : 0
# Branch length floor: 0
# DE strategy        : 2
#    F               : 0.3
#    CR              : 0.8
#    tolerance       : 3e-06
# nthreads           : 32
# lgo input file     : bdef2.lgo
# site pat input file: ../../boot/boot20.opf
# free parameters    : 15
# points in DE swarm : 45
# output state file  : b1boot20.state
# Including singleton site patterns.
# cost function      : KL
Initial parameter values
Fixed:
      zero = 0
       one = 1
    Tbecnw = 75200
Free:
       pc1 = 0
       pc2 = 0
       pc3 = 0
       pc4 = 0
       pc5 = 0
       pc6 = 0
       pc7 = 0
       pc8 = 0
       pc9 = 0
      pc10 = 0
      pc11 = 0
      pc12 = 0
      pc13 = 0
      pc14 = 0
      pc15 = 0
Constrained:
     Tecnw = 60524.4
       Tnw = 3260.48
       Tec = 12082.7
     twoNb = 1.62638e+06
     twoNe = 225848
     twoNc = 554494
     twoNw = 1.79082e+06
    twoNec = 72305.5
    twoNnw = 161144
  twoNecnw = 13799.2
  twoNbecnw = 87895.9
        m2 = 0.0170715
        m4 = 0.00399311
        m5 = 0.483414
        m6 = 0.377295
        Tb = 36303.6
        Td = 6041.37
        Te = 3020.69
        Tf = 1510.34
DiffEv reached_goal. cost=2.29672e-03 spread=2.90000e-06
Fitted parameter values
Free:
       pc1 = 3.94961
       pc2 = -3.82131
       pc3 = -1.82068
       pc4 = 1.96631
       pc5 = 0.794116
       pc6 = -1.85391
       pc7 = 0.964789
       pc8 = 1.2061
       pc9 = 0.459549
      pc10 = 0.497708
      pc11 = -0.0706976
      pc12 = -0.177909
      pc13 = 0.104769
      pc14 = 0.0774116
      pc15 = -0.0318567
Constrained:
     Tecnw = 60642.7
       Tnw = 985.089
       Tec = 3853.85
     twoNb = 3.51443e+06
     twoNe = 851334
     twoNc = 804630
     twoNw = 2.21306e+06
    twoNec = 94627.5
    twoNnw = 177568
  twoNecnw = 13425.5
  twoNbecnw = 88109.7
        m2 = 0.018748
        m4 = 0.0073731
        m5 = 0.474462
        m6 = 0.373433
        Tb = 32248.3
        Td = 1926.93
        Te = 963.463
        Tf = 481.732
#       SitePat  BranchLen
              b 147840.1070051
              e 57411.4689206
              c 60207.3401720
              n 54641.0799479
              w 54635.7367829
            b:e 2712.3880497
            b:c 3133.7942417
            b:n 2243.6386320
            b:w 2243.3208470
            e:c 12415.1679245
            e:n 6511.4215358
            e:w 6510.6952670
            c:n 5722.0504500
            c:w 5727.0633858
            n:w 14367.5876471
          b:e:c 2526.2192709
          b:e:n 1304.4184075
          b:e:w 1304.1334480
          b:c:n 1304.5496551
          b:c:w 1304.8345347
          b:n:w 2522.5854415
          e:c:n 5325.1955365
          e:c:w 5326.2520345
          e:n:w 8183.1652536
          c:n:w 6945.9869265
        b:e:c:n 2244.5863915
        b:e:c:w 2244.9042564
        b:e:n:w 3111.6789551
        b:c:n:w 2703.7504714
        e:c:n:w 61613.2143562
