########################################
# legofit: estimate population history #
#       version 2.3.4-4-g53f8760       #
########################################

# Program was compiled: Sep 21 2021 14:36:42
# Program was run: Mon Oct 11 09:44:47 2021

# cmd: legofit -1 -d 0 -t 32 --ptsPerDim 3 --stateOut b1boot41.state --tol 3e-6 -S 5000 bdef2.lgo ../../boot/boot41.opf
# Stage nOptItr nSimReps
#     0    5000        0
# algorithm          : deterministic
# ignoring probs <=  : 0
# Branch length floor: 0
# DE strategy        : 2
#    F               : 0.3
#    CR              : 0.8
#    tolerance       : 3e-06
# nthreads           : 32
# lgo input file     : bdef2.lgo
# site pat input file: ../../boot/boot41.opf
# free parameters    : 15
# points in DE swarm : 45
# output state file  : b1boot41.state
# Including singleton site patterns.
# cost function      : KL
Initial parameter values
Fixed:
      zero = 0
       one = 1
    Tbecnw = 75200
Free:
       pc1 = 0
       pc2 = 0
       pc3 = 0
       pc4 = 0
       pc5 = 0
       pc6 = 0
       pc7 = 0
       pc8 = 0
       pc9 = 0
      pc10 = 0
      pc11 = 0
      pc12 = 0
      pc13 = 0
      pc14 = 0
      pc15 = 0
Constrained:
     Tecnw = 60524.4
       Tnw = 3260.48
       Tec = 12082.7
     twoNb = 1.62638e+06
     twoNe = 225848
     twoNc = 554494
     twoNw = 1.79082e+06
    twoNec = 72305.5
    twoNnw = 161144
  twoNecnw = 13799.2
  twoNbecnw = 87895.9
        m2 = 0.0170715
        m4 = 0.00399311
        m5 = 0.483414
        m6 = 0.377295
        Tb = 36303.6
        Td = 6041.37
        Te = 3020.69
        Tf = 1510.34
DiffEv reached_goal. cost=2.31375e-03 spread=2.97274e-06
Fitted parameter values
Free:
       pc1 = 3.9489
       pc2 = -3.98632
       pc3 = -1.54209
       pc4 = 1.92016
       pc5 = 0.301877
       pc6 = -1.44628
       pc7 = 0.692408
       pc8 = 0.279138
       pc9 = 0.196448
      pc10 = 0.227096
      pc11 = -0.152526
      pc12 = -0.162115
      pc13 = 0.106492
      pc14 = 0.106036
      pc15 = 0.120214
Constrained:
     Tecnw = 60886.6
       Tnw = 995.298
       Tec = 3945.82
     twoNb = 3.40301e+06
     twoNe = 639556
     twoNc = 1.09608e+06
     twoNw = 2.58432e+06
    twoNec = 94346.1
    twoNnw = 176938
  twoNecnw = 13324.8
  twoNbecnw = 88332.7
        m2 = 0.0186219
        m4 = 0.00693823
        m5 = 0.472984
        m6 = 0.371701
        Tb = 32416.2
        Td = 1972.91
        Te = 986.456
        Tf = 493.228
#       SitePat  BranchLen
              b 147894.6120217
              e 57560.5167579
              c 60373.7139276
              n 54778.6210868
              w 54774.2077687
            b:e 2740.4090148
            b:c 3162.4379118
            b:n 2268.2869312
            b:w 2268.0223316
            e:c 12537.4801533
            e:n 6531.3640483
            e:w 6530.6037232
            c:n 5735.7240781
            c:w 5740.0218421
            n:w 14497.3130788
          b:e:c 2565.9415314
          b:e:n 1315.7854717
          b:e:w 1315.5324079
          b:c:n 1315.9459408
          b:c:w 1316.1989383
          b:n:w 2562.2072676
          e:c:n 5350.4647758
          e:c:w 5351.3406550
          e:n:w 8222.8003686
          c:n:w 6981.7422539
        b:e:c:n 2269.3148546
        b:e:c:w 2269.5795204
        b:e:n:w 3140.3362269
        b:c:n:w 2731.5631269
        e:c:n:w 61434.7039879
