########################################
# legofit: estimate population history #
#       version 2.3.4-4-g53f8760       #
########################################

# Program was compiled: Sep 21 2021 14:36:42
# Program was run: Mon Oct 11 09:44:41 2021

# cmd: legofit -1 -d 0 -t 32 --ptsPerDim 3 --stateOut b1boot36.state --tol 3e-6 -S 5000 bdef2.lgo ../../boot/boot36.opf
# Stage nOptItr nSimReps
#     0    5000        0
# algorithm          : deterministic
# ignoring probs <=  : 0
# Branch length floor: 0
# DE strategy        : 2
#    F               : 0.3
#    CR              : 0.8
#    tolerance       : 3e-06
# nthreads           : 32
# lgo input file     : bdef2.lgo
# site pat input file: ../../boot/boot36.opf
# free parameters    : 15
# points in DE swarm : 45
# output state file  : b1boot36.state
# Including singleton site patterns.
# cost function      : KL
Initial parameter values
Fixed:
      zero = 0
       one = 1
    Tbecnw = 75200
Free:
       pc1 = 0
       pc2 = 0
       pc3 = 0
       pc4 = 0
       pc5 = 0
       pc6 = 0
       pc7 = 0
       pc8 = 0
       pc9 = 0
      pc10 = 0
      pc11 = 0
      pc12 = 0
      pc13 = 0
      pc14 = 0
      pc15 = 0
Constrained:
     Tecnw = 60524.4
       Tnw = 3260.48
       Tec = 12082.7
     twoNb = 1.62638e+06
     twoNe = 225848
     twoNc = 554494
     twoNw = 1.79082e+06
    twoNec = 72305.5
    twoNnw = 161144
  twoNecnw = 13799.2
  twoNbecnw = 87895.9
        m2 = 0.0170715
        m4 = 0.00399311
        m5 = 0.483414
        m6 = 0.377295
        Tb = 36303.6
        Td = 6041.37
        Te = 3020.69
        Tf = 1510.34
DiffEv reached_goal. cost=2.32455e-03 spread=2.84905e-06
Fitted parameter values
Free:
       pc1 = 3.90829
       pc2 = -3.98481
       pc3 = -1.94366
       pc4 = 1.97362
       pc5 = 0.192733
       pc6 = -1.67938
       pc7 = 0.655866
       pc8 = 1.38716
       pc9 = -0.135086
      pc10 = 0.295806
      pc11 = -0.012884
      pc12 = -0.150188
      pc13 = 0.169302
      pc14 = 0.0580605
      pc15 = 0.0484265
Constrained:
     Tecnw = 60730.7
       Tnw = 1045.79
       Tec = 4114.08
     twoNb = 3.14556e+06
     twoNe = 860463
     twoNc = 841314
     twoNw = 2.64561e+06
    twoNec = 94374.7
    twoNnw = 178044
  twoNecnw = 13392.1
  twoNbecnw = 88413.8
        m2 = 0.0197725
        m4 = 0.00784512
        m5 = 0.473301
        m6 = 0.372226
        Tb = 32422.4
        Td = 2057.04
        Te = 1028.52
        Tf = 514.261
#       SitePat  BranchLen
              b 147993.4250967
              e 57589.4743220
              c 60404.3854611
              n 54799.5080551
              w 54794.8541381
            b:e 2741.1633504
            b:c 3174.1848909
            b:n 2262.0573737
            b:w 2261.7788666
            e:c 12445.8141918
            e:n 6519.2944291
            e:w 6518.5934217
            c:n 5728.1995813
            c:w 5732.6330659
            n:w 14409.2313472
          b:e:c 2550.4102104
          b:e:n 1314.5041016
          b:e:w 1314.2476151
          b:c:n 1314.7444582
          b:c:w 1315.0008632
          b:n:w 2546.1074999
          e:c:n 5345.6116701
          e:c:w 5346.5331097
          e:n:w 8233.7693637
          c:n:w 6978.9284909
        b:e:c:n 2263.2820433
        b:e:c:w 2263.5606318
        b:e:n:w 3148.0502547
        b:c:n:w 2731.0200468
        e:c:n:w 61599.2285880
