########################################
# legofit: estimate population history #
#       version 2.3.4-4-g53f8760       #
########################################

# Program was compiled: Sep 21 2021 14:36:42
# Program was run: Mon Oct 11 09:44:28 2021

# cmd: legofit -1 -d 0 -t 32 --ptsPerDim 3 --stateOut b1boot28.state --tol 3e-6 -S 5000 bdef2.lgo ../../boot/boot28.opf
# Stage nOptItr nSimReps
#     0    5000        0
# algorithm          : deterministic
# ignoring probs <=  : 0
# Branch length floor: 0
# DE strategy        : 2
#    F               : 0.3
#    CR              : 0.8
#    tolerance       : 3e-06
# nthreads           : 32
# lgo input file     : bdef2.lgo
# site pat input file: ../../boot/boot28.opf
# free parameters    : 15
# points in DE swarm : 45
# output state file  : b1boot28.state
# Including singleton site patterns.
# cost function      : KL
Initial parameter values
Fixed:
      zero = 0
       one = 1
    Tbecnw = 75200
Free:
       pc1 = 0
       pc2 = 0
       pc3 = 0
       pc4 = 0
       pc5 = 0
       pc6 = 0
       pc7 = 0
       pc8 = 0
       pc9 = 0
      pc10 = 0
      pc11 = 0
      pc12 = 0
      pc13 = 0
      pc14 = 0
      pc15 = 0
Constrained:
     Tecnw = 60524.4
       Tnw = 3260.48
       Tec = 12082.7
     twoNb = 1.62638e+06
     twoNe = 225848
     twoNc = 554494
     twoNw = 1.79082e+06
    twoNec = 72305.5
    twoNnw = 161144
  twoNecnw = 13799.2
  twoNbecnw = 87895.9
        m2 = 0.0170715
        m4 = 0.00399311
        m5 = 0.483414
        m6 = 0.377295
        Tb = 36303.6
        Td = 6041.37
        Te = 3020.69
        Tf = 1510.34
DiffEv reached_goal. cost=2.29308e-03 spread=2.95582e-06
Fitted parameter values
Free:
       pc1 = 3.98569
       pc2 = -3.98557
       pc3 = -1.66713
       pc4 = 1.9834
       pc5 = -0.546082
       pc6 = -1.37156
       pc7 = 0.341806
       pc8 = 0.63601
       pc9 = -0.0309855
      pc10 = 0.429806
      pc11 = 0.00979988
      pc12 = 0.0588571
      pc13 = -0.0237987
      pc14 = 0.0414475
      pc15 = 0.111839
Constrained:
     Tecnw = 60822.3
       Tnw = 939.212
       Tec = 3690.64
     twoNb = 2.94869e+06
     twoNe = 650155
     twoNc = 1.10543e+06
     twoNw = 3.13785e+06
    twoNec = 95318.3
    twoNnw = 177757
  twoNecnw = 13353.6
  twoNbecnw = 88411.8
        m2 = 0.0195804
        m4 = 0.00776974
        m5 = 0.475787
        m6 = 0.371353
        Tb = 32256.5
        Td = 1845.32
        Te = 922.661
        Tf = 461.33
#       SitePat  BranchLen
              b 147950.7339396
              e 57543.3568013
              c 60457.0037459
              n 54765.7211636
              w 54762.1878285
            b:e 2744.9930041
            b:c 3190.7236572
            b:n 2265.5504098
            b:w 2265.3387281
            e:c 12473.0224454
            e:n 6555.5584420
            e:w 6555.0368780
            c:n 5735.1511247
            c:w 5738.5050969
            n:w 14453.4954622
          b:e:c 2556.0021423
          b:e:n 1318.2816985
          b:e:w 1318.0879432
          b:c:n 1318.6192028
          b:c:w 1318.8128926
          b:n:w 2551.4461922
          e:c:n 5347.0341139
          e:c:w 5347.7350406
          e:n:w 8275.9344878
          c:n:w 6981.0980865
        b:e:c:n 2266.9338726
        b:e:c:w 2267.1456198
        b:e:n:w 3162.9627848
        b:c:n:w 2734.2982330
        e:c:n:w 61497.8450464
