########################################
# legofit: estimate population history #
#       version 2.3.4-4-g53f8760       #
########################################

# Program was compiled: Sep 21 2021 14:36:42
# Program was run: Mon Oct 11 09:44:03 2021

# cmd: legofit -1 -d 0 -t 32 --ptsPerDim 3 --stateOut b1boot11.state --tol 3e-6 -S 5000 bdef2.lgo ../../boot/boot11.opf
# Stage nOptItr nSimReps
#     0    5000        0
# algorithm          : deterministic
# ignoring probs <=  : 0
# Branch length floor: 0
# DE strategy        : 2
#    F               : 0.3
#    CR              : 0.8
#    tolerance       : 3e-06
# nthreads           : 32
# lgo input file     : bdef2.lgo
# site pat input file: ../../boot/boot11.opf
# free parameters    : 15
# points in DE swarm : 45
# output state file  : b1boot11.state
# Including singleton site patterns.
# cost function      : KL
Initial parameter values
Fixed:
      zero = 0
       one = 1
    Tbecnw = 75200
Free:
       pc1 = 0
       pc2 = 0
       pc3 = 0
       pc4 = 0
       pc5 = 0
       pc6 = 0
       pc7 = 0
       pc8 = 0
       pc9 = 0
      pc10 = 0
      pc11 = 0
      pc12 = 0
      pc13 = 0
      pc14 = 0
      pc15 = 0
Constrained:
     Tecnw = 60524.4
       Tnw = 3260.48
       Tec = 12082.7
     twoNb = 1.62638e+06
     twoNe = 225848
     twoNc = 554494
     twoNw = 1.79082e+06
    twoNec = 72305.5
    twoNnw = 161144
  twoNecnw = 13799.2
  twoNbecnw = 87895.9
        m2 = 0.0170715
        m4 = 0.00399311
        m5 = 0.483414
        m6 = 0.377295
        Tb = 36303.6
        Td = 6041.37
        Te = 3020.69
        Tf = 1510.34
DiffEv reached_goal. cost=2.31256e-03 spread=2.89241e-06
Fitted parameter values
Free:
       pc1 = 3.9443
       pc2 = -3.95875
       pc3 = -1.40107
       pc4 = 1.8726
       pc5 = 0.0900037
       pc6 = -1.51374
       pc7 = 1.34699
       pc8 = 1.75997
       pc9 = -0.431297
      pc10 = 0.684126
      pc11 = 0.0864455
      pc12 = -0.0239384
      pc13 = 0.0116737
      pc14 = 0.0235616
      pc15 = 0.0664896
Constrained:
     Tecnw = 60638.7
       Tnw = 963.439
       Tec = 3837.98
     twoNb = 3.0651e+06
     twoNe = 853792
     twoNc = 388818
     twoNw = 2.67667e+06
    twoNec = 95725.4
    twoNnw = 178183
  twoNecnw = 13527
  twoNbecnw = 88581.3
        m2 = 0.017378
        m4 = 0.00799901
        m5 = 0.475543
        m6 = 0.370966
        Tb = 32238.3
        Td = 1918.99
        Te = 959.495
        Tf = 479.747
#       SitePat  BranchLen
              b 148115.9832943
              e 57508.6393530
              c 60411.4666656
              n 54766.6210519
              w 54762.5710675
            b:e 2734.0983762
            b:c 3177.7798546
            b:n 2274.8451837
            b:w 2274.6014205
            e:c 12435.1432360
            e:n 6562.3123728
            e:w 6561.5543479
            c:n 5744.6671750
            c:w 5748.6670685
            n:w 14417.5512185
          b:e:c 2554.5090402
          b:e:n 1323.9066297
          b:e:w 1323.6678480
          b:c:n 1324.1824218
          b:c:w 1324.4211409
          b:n:w 2550.5437313
          e:c:n 5377.4486659
          e:c:w 5378.2567816
          e:n:w 8258.5712926
          c:n:w 6968.7225644
        b:e:c:n 2276.0291555
        b:e:c:w 2276.2729813
        b:e:n:w 3152.1652882
        b:c:n:w 2725.0086174
        e:c:n:w 61685.4396149
