########################################
# legofit: estimate population history #
#       version 2.3.4-4-g53f8760       #
########################################

# Program was compiled: Sep 21 2021 14:36:42
# Program was run: Mon Oct 11 09:44:36 2021

# cmd: legofit -1 -d 0 -t 32 --ptsPerDim 3 --stateOut b1boot35.state --tol 3e-6 -S 5000 bdef2.lgo ../../boot/boot35.opf
# Stage nOptItr nSimReps
#     0    5000        0
# algorithm          : deterministic
# ignoring probs <=  : 0
# Branch length floor: 0
# DE strategy        : 2
#    F               : 0.3
#    CR              : 0.8
#    tolerance       : 3e-06
# nthreads           : 32
# lgo input file     : bdef2.lgo
# site pat input file: ../../boot/boot35.opf
# free parameters    : 15
# points in DE swarm : 45
# output state file  : b1boot35.state
# Including singleton site patterns.
# cost function      : KL
Initial parameter values
Fixed:
      zero = 0
       one = 1
    Tbecnw = 75200
Free:
       pc1 = 0
       pc2 = 0
       pc3 = 0
       pc4 = 0
       pc5 = 0
       pc6 = 0
       pc7 = 0
       pc8 = 0
       pc9 = 0
      pc10 = 0
      pc11 = 0
      pc12 = 0
      pc13 = 0
      pc14 = 0
      pc15 = 0
Constrained:
     Tecnw = 60524.4
       Tnw = 3260.48
       Tec = 12082.7
     twoNb = 1.62638e+06
     twoNe = 225848
     twoNc = 554494
     twoNw = 1.79082e+06
    twoNec = 72305.5
    twoNnw = 161144
  twoNecnw = 13799.2
  twoNbecnw = 87895.9
        m2 = 0.0170715
        m4 = 0.00399311
        m5 = 0.483414
        m6 = 0.377295
        Tb = 36303.6
        Td = 6041.37
        Te = 3020.69
        Tf = 1510.34
DiffEv reached_goal. cost=2.28588e-03 spread=2.70379e-06
Fitted parameter values
Free:
       pc1 = 3.98045
       pc2 = -3.94129
       pc3 = -1.61811
       pc4 = 1.99843
       pc5 = -0.426983
       pc6 = -0.745701
       pc7 = 0.206399
       pc8 = -0.2759
       pc9 = 0.225855
      pc10 = 0.348091
      pc11 = 0.0628538
      pc12 = -0.127435
      pc13 = -0.0848478
      pc14 = -0.0119603
      pc15 = 0.0102918
Constrained:
     Tecnw = 60859.2
       Tnw = 912.967
       Tec = 3503.97
     twoNb = 3.00715e+06
     twoNe = 467654
     twoNc = 1.34734e+06
     twoNw = 3.01094e+06
    twoNec = 96927.7
    twoNnw = 177214
  twoNecnw = 13269
  twoNbecnw = 88415.3
        m2 = 0.0199312
        m4 = 0.00616935
        m5 = 0.475506
        m6 = 0.371736
        Tb = 32181.6
        Td = 1751.98
        Te = 875.992
        Tf = 437.996
#       SitePat  BranchLen
              b 148032.4454326
              e 57555.0872865
              c 60413.2438918
              n 54683.1826815
              w 54679.3274267
            b:e 2743.9540021
            b:c 3166.6436789
            b:n 2251.5560624
            b:w 2251.3262262
            e:c 12410.3015516
            e:n 6545.5125069
            e:w 6545.1688812
            c:n 5733.1471140
            c:w 5736.5855054
            n:w 14442.1309275
          b:e:c 2541.6682399
          b:e:n 1312.9685808
          b:e:w 1312.7803084
          b:c:n 1313.2146004
          b:c:w 1313.4027995
          b:n:w 2537.2784088
          e:c:n 5322.7014312
          e:c:w 5323.4619203
          e:n:w 8243.9233233
          c:n:w 6991.8882010
        b:e:c:n 2252.8191958
        b:e:c:w 2253.0491052
        b:e:n:w 3141.8042014
        b:c:n:w 2733.0732996
        e:c:n:w 61652.7836074
