########################################
# legofit: estimate population history #
#       version 2.3.4-4-g53f8760       #
########################################

# Program was compiled: Sep 21 2021 14:36:42
# Program was run: Mon Oct 11 09:44:41 2021

# cmd: legofit -1 -d 0 -t 32 --ptsPerDim 3 --stateOut b1boot39.state --tol 3e-6 -S 5000 bdef2.lgo ../../boot/boot39.opf
# Stage nOptItr nSimReps
#     0    5000        0
# algorithm          : deterministic
# ignoring probs <=  : 0
# Branch length floor: 0
# DE strategy        : 2
#    F               : 0.3
#    CR              : 0.8
#    tolerance       : 3e-06
# nthreads           : 32
# lgo input file     : bdef2.lgo
# site pat input file: ../../boot/boot39.opf
# free parameters    : 15
# points in DE swarm : 45
# output state file  : b1boot39.state
# Including singleton site patterns.
# cost function      : KL
Initial parameter values
Fixed:
      zero = 0
       one = 1
    Tbecnw = 75200
Free:
       pc1 = 0
       pc2 = 0
       pc3 = 0
       pc4 = 0
       pc5 = 0
       pc6 = 0
       pc7 = 0
       pc8 = 0
       pc9 = 0
      pc10 = 0
      pc11 = 0
      pc12 = 0
      pc13 = 0
      pc14 = 0
      pc15 = 0
Constrained:
     Tecnw = 60524.4
       Tnw = 3260.48
       Tec = 12082.7
     twoNb = 1.62638e+06
     twoNe = 225848
     twoNc = 554494
     twoNw = 1.79082e+06
    twoNec = 72305.5
    twoNnw = 161144
  twoNecnw = 13799.2
  twoNbecnw = 87895.9
        m2 = 0.0170715
        m4 = 0.00399311
        m5 = 0.483414
        m6 = 0.377295
        Tb = 36303.6
        Td = 6041.37
        Te = 3020.69
        Tf = 1510.34
DiffEv reached_goal. cost=2.27959e-03 spread=2.58915e-06
Fitted parameter values
Free:
       pc1 = 3.93756
       pc2 = -3.83142
       pc3 = -0.968164
       pc4 = 1.79608
       pc5 = 0.405878
       pc6 = -1.11388
       pc7 = 0.322114
       pc8 = 0.139304
       pc9 = 0.275735
      pc10 = 0.520343
      pc11 = -0.0872009
      pc12 = -0.0998505
      pc13 = 0.0337936
      pc14 = 0.0571807
      pc15 = 0.0911698
Constrained:
     Tecnw = 60856.7
       Tnw = 1001.6
       Tec = 3952.92
     twoNb = 3.21221e+06
     twoNe = 495802
     twoNc = 1.10238e+06
     twoNw = 2.15617e+06
    twoNec = 94352.9
    twoNnw = 177152
  twoNecnw = 13345.8
  twoNbecnw = 88336.1
        m2 = 0.0181939
        m4 = 0.00710998
        m5 = 0.475308
        m6 = 0.372335
        Tb = 32404.8
        Td = 1976.46
        Te = 988.229
        Tf = 494.115
#       SitePat  BranchLen
              b 147911.0493515
              e 57522.9281387
              c 60376.9920106
              n 54762.8703013
              w 54757.4565631
            b:e 2733.9317711
            b:c 3162.7916084
            b:n 2267.4028765
            b:w 2267.0782135
            e:c 12494.6194197
            e:n 6547.7265178
            e:w 6546.8614758
            c:n 5739.7198342
            c:w 5744.9230861
            n:w 14460.4694049
          b:e:c 2558.1719081
          b:e:n 1317.0673740
          b:e:w 1316.7637612
          b:c:n 1317.2094166
          b:c:w 1317.5129448
          b:n:w 2554.3025346
          e:c:n 5353.2146367
          e:c:w 5354.2901649
          e:n:w 8228.8128707
          c:n:w 6969.5091363
        b:e:c:n 2268.4296379
        b:e:c:w 2268.7543856
        b:e:n:w 3139.4036484
        b:c:n:w 2724.8375207
        e:c:n:w 61473.7312423
