########################################
# legofit: estimate population history #
#       version 2.3.4-4-g53f8760       #
########################################

# Program was compiled: Sep 21 2021 14:36:42
# Program was run: Mon Oct 11 09:44:12 2021

# cmd: legofit -1 -d 0 -t 32 --ptsPerDim 3 --stateOut b1boot16.state --tol 3e-6 -S 5000 bdef2.lgo ../../boot/boot16.opf
# Stage nOptItr nSimReps
#     0    5000        0
# algorithm          : deterministic
# ignoring probs <=  : 0
# Branch length floor: 0
# DE strategy        : 2
#    F               : 0.3
#    CR              : 0.8
#    tolerance       : 3e-06
# nthreads           : 32
# lgo input file     : bdef2.lgo
# site pat input file: ../../boot/boot16.opf
# free parameters    : 15
# points in DE swarm : 45
# output state file  : b1boot16.state
# Including singleton site patterns.
# cost function      : KL
Initial parameter values
Fixed:
      zero = 0
       one = 1
    Tbecnw = 75200
Free:
       pc1 = 0
       pc2 = 0
       pc3 = 0
       pc4 = 0
       pc5 = 0
       pc6 = 0
       pc7 = 0
       pc8 = 0
       pc9 = 0
      pc10 = 0
      pc11 = 0
      pc12 = 0
      pc13 = 0
      pc14 = 0
      pc15 = 0
Constrained:
     Tecnw = 60524.4
       Tnw = 3260.48
       Tec = 12082.7
     twoNb = 1.62638e+06
     twoNe = 225848
     twoNc = 554494
     twoNw = 1.79082e+06
    twoNec = 72305.5
    twoNnw = 161144
  twoNecnw = 13799.2
  twoNbecnw = 87895.9
        m2 = 0.0170715
        m4 = 0.00399311
        m5 = 0.483414
        m6 = 0.377295
        Tb = 36303.6
        Td = 6041.37
        Te = 3020.69
        Tf = 1510.34
DiffEv reached_goal. cost=2.25492e-03 spread=2.69141e-06
Fitted parameter values
Free:
       pc1 = 3.95414
       pc2 = -3.9005
       pc3 = -0.846826
       pc4 = 1.85902
       pc5 = 1.14654
       pc6 = -1.49658
       pc7 = 0.409965
       pc8 = 0.437294
       pc9 = 0.0724432
      pc10 = 0.415014
      pc11 = -0.0435161
      pc12 = 0.000194476
      pc13 = 0.0528387
      pc14 = 0.0483021
      pc15 = -0.00799205
Constrained:
     Tecnw = 60763.9
       Tnw = 1073.38
       Tec = 4267.19
     twoNb = 3.5062e+06
     twoNe = 578500
     twoNc = 967742
     twoNw = 1.60355e+06
    twoNec = 94248
    twoNnw = 176500
  twoNecnw = 13332.2
  twoNbecnw = 88412.8
        m2 = 0.0182072
        m4 = 0.00780447
        m5 = 0.474268
        m6 = 0.371267
        Tb = 32515.6
        Td = 2133.6
        Te = 1066.8
        Tf = 533.399
#       SitePat  BranchLen
              b 148082.9306492
              e 57486.1377853
              c 60355.6004991
              n 54676.3891236
              w 54668.8238900
            b:e 2718.1912354
            b:c 3154.1458959
            b:n 2250.1056327
            b:w 2249.6539781
            e:c 12417.0470839
            e:n 6521.4568638
            e:w 6520.0927026
            c:n 5712.5434202
            c:w 5719.9700988
            n:w 14426.2916523
          b:e:c 2541.0574355
          b:e:n 1307.7349597
          b:e:w 1307.2970536
          b:c:n 1307.7340939
          b:c:w 1308.1718937
          b:n:w 2537.4779231
          e:c:n 5328.1811176
          e:c:w 5329.6838337
          e:n:w 8225.9112873
          c:n:w 6950.4545526
        b:e:c:n 2250.9151764
        b:e:c:w 2251.3669373
        b:e:n:w 3131.6762353
        b:c:n:w 2709.8776690
        e:c:n:w 61771.5870613
