########################################
# legofit: estimate population history #
#       version 2.3.4-4-g53f8760       #
########################################

# Program was compiled: Sep 21 2021 14:36:42
# Program was run: Mon Oct 11 09:43:55 2021

# cmd: legofit -1 -d 0 -t 32 --ptsPerDim 3 --stateOut b1boot0.state --tol 3e-6 -S 5000 bdef2.lgo ../../boot/boot0.opf
# Stage nOptItr nSimReps
#     0    5000        0
# algorithm          : deterministic
# ignoring probs <=  : 0
# Branch length floor: 0
# DE strategy        : 2
#    F               : 0.3
#    CR              : 0.8
#    tolerance       : 3e-06
# nthreads           : 32
# lgo input file     : bdef2.lgo
# site pat input file: ../../boot/boot0.opf
# free parameters    : 15
# points in DE swarm : 45
# output state file  : b1boot0.state
# Including singleton site patterns.
# cost function      : KL
Initial parameter values
Fixed:
      zero = 0
       one = 1
    Tbecnw = 75200
Free:
       pc1 = 0
       pc2 = 0
       pc3 = 0
       pc4 = 0
       pc5 = 0
       pc6 = 0
       pc7 = 0
       pc8 = 0
       pc9 = 0
      pc10 = 0
      pc11 = 0
      pc12 = 0
      pc13 = 0
      pc14 = 0
      pc15 = 0
Constrained:
     Tecnw = 60524.4
       Tnw = 3260.48
       Tec = 12082.7
     twoNb = 1.62638e+06
     twoNe = 225848
     twoNc = 554494
     twoNw = 1.79082e+06
    twoNec = 72305.5
    twoNnw = 161144
  twoNecnw = 13799.2
  twoNbecnw = 87895.9
        m2 = 0.0170715
        m4 = 0.00399311
        m5 = 0.483414
        m6 = 0.377295
        Tb = 36303.6
        Td = 6041.37
        Te = 3020.69
        Tf = 1510.34
DiffEv reached_goal. cost=2.28617e-03 spread=1.39876e-06
Fitted parameter values
Free:
       pc1 = 3.98364
       pc2 = -3.89397
       pc3 = -1.7327
       pc4 = 1.95759
       pc5 = 0.515822
       pc6 = -1.7748
       pc7 = -0.550051
       pc8 = -0.414231
       pc9 = -0.0456422
      pc10 = 0.442825
      pc11 = -0.125168
      pc12 = -0.0365103
      pc13 = 0.0729111
      pc14 = 0.138532
      pc15 = 0.0412647
Constrained:
     Tecnw = 60690.3
       Tnw = 1132.36
       Tec = 4521.02
     twoNb = 3.45183e+06
     twoNe = 536874
     twoNc = 1.7842e+06
     twoNw = 2.28756e+06
    twoNec = 91950.9
    twoNnw = 177069
  twoNecnw = 13378.3
  twoNbecnw = 88430.7
        m2 = 0.020781
        m4 = 0.00786774
        m5 = 0.474505
        m6 = 0.371687
        Tb = 32605.6
        Td = 2260.51
        Te = 1130.25
        Tf = 565.127
#       SitePat  BranchLen
              b 148064.0683816
              e 57472.3425104
              c 60339.2857125
              n 54724.9725337
              w 54719.4557560
            b:e 2730.1495299
            b:c 3170.0263638
            b:n 2252.4834201
            b:w 2252.1539211
            e:c 12474.6743133
            e:n 6509.3688782
            e:w 6508.3038045
            c:n 5704.5568474
            c:w 5710.0425906
            n:w 14412.0233167
          b:e:c 2548.0471280
          b:e:n 1306.1007903
          b:e:w 1305.7743080
          b:c:n 1306.2310154
          b:c:w 1306.5574091
          b:n:w 2543.9447224
          e:c:n 5332.7642350
          e:c:w 5333.8603432
          e:n:w 8241.8607137
          c:n:w 6962.3294546
        b:e:c:n 2253.5638696
        b:e:c:w 2253.8934573
        b:e:n:w 3145.6329427
        b:c:n:w 2720.5040843
        e:c:n:w 61742.7945194
