########################################
# legofit: estimate population history #
#       version 2.3.4-4-g53f8760       #
########################################

# Program was compiled: Sep 21 2021 14:36:42
# Program was run: Mon Oct 11 09:44:11 2021

# cmd: legofit -1 -d 0 -t 32 --ptsPerDim 3 --stateOut b1boot12.state --tol 3e-6 -S 5000 bdef2.lgo ../../boot/boot12.opf
# Stage nOptItr nSimReps
#     0    5000        0
# algorithm          : deterministic
# ignoring probs <=  : 0
# Branch length floor: 0
# DE strategy        : 2
#    F               : 0.3
#    CR              : 0.8
#    tolerance       : 3e-06
# nthreads           : 32
# lgo input file     : bdef2.lgo
# site pat input file: ../../boot/boot12.opf
# free parameters    : 15
# points in DE swarm : 45
# output state file  : b1boot12.state
# Including singleton site patterns.
# cost function      : KL
Initial parameter values
Fixed:
      zero = 0
       one = 1
    Tbecnw = 75200
Free:
       pc1 = 0
       pc2 = 0
       pc3 = 0
       pc4 = 0
       pc5 = 0
       pc6 = 0
       pc7 = 0
       pc8 = 0
       pc9 = 0
      pc10 = 0
      pc11 = 0
      pc12 = 0
      pc13 = 0
      pc14 = 0
      pc15 = 0
Constrained:
     Tecnw = 60524.4
       Tnw = 3260.48
       Tec = 12082.7
     twoNb = 1.62638e+06
     twoNe = 225848
     twoNc = 554494
     twoNw = 1.79082e+06
    twoNec = 72305.5
    twoNnw = 161144
  twoNecnw = 13799.2
  twoNbecnw = 87895.9
        m2 = 0.0170715
        m4 = 0.00399311
        m5 = 0.483414
        m6 = 0.377295
        Tb = 36303.6
        Td = 6041.37
        Te = 3020.69
        Tf = 1510.34
DiffEv reached_goal. cost=2.29634e-03 spread=2.41193e-06
Fitted parameter values
Free:
       pc1 = 3.97124
       pc2 = -3.94709
       pc3 = -0.702734
       pc4 = 1.76776
       pc5 = -0.109436
       pc6 = -1.28159
       pc7 = 1.10383
       pc8 = 0.928927
       pc9 = 0.0984418
      pc10 = 0.79659
      pc11 = -0.0469742
      pc12 = 0.0913216
      pc13 = 0.0008627
      pc14 = 0.0258888
      pc15 = 0.0863377
Constrained:
     Tecnw = 60818.7
       Tnw = 923.111
       Tec = 3603.96
     twoNb = 3.07894e+06
     twoNe = 601123
     twoNc = 590329
     twoNw = 2.62514e+06
    twoNec = 95895.7
    twoNnw = 177918
  twoNecnw = 13387.6
  twoNbecnw = 88382.3
        m2 = 0.0160843
        m4 = 0.00786273
        m5 = 0.477224
        m6 = 0.371718
        Tb = 32211.3
        Td = 1801.98
        Te = 900.989
        Tf = 450.494
#       SitePat  BranchLen
              b 147965.3479000
              e 57468.9614019
              c 60396.3848626
              n 54764.1678615
              w 54759.9217927
            b:e 2718.7827766
            b:c 3161.6782341
            b:n 2271.0363884
            b:w 2270.7815275
            e:c 12453.7433889
            e:n 6572.4104066
            e:w 6571.8545491
            c:n 5744.9413115
            c:w 5748.8996948
            n:w 14425.7110713
          b:e:c 2550.1179899
          b:e:n 1321.4679009
          b:e:w 1321.2418773
          b:c:n 1321.7406366
          b:c:w 1321.9665968
          b:n:w 2546.4380825
          e:c:n 5365.5223113
          e:c:w 5366.3658544
          e:n:w 8232.9584181
          c:n:w 6938.9207427
        b:e:c:n 2272.1180452
        b:e:c:w 2272.3729695
        b:e:n:w 3137.3394617
        b:c:n:w 2710.4847132
        e:c:n:w 61537.6577486
