########################################
# legofit: estimate population history #
#       version 2.3.4-4-g53f8760       #
########################################

# Program was compiled: Sep 21 2021 14:36:42
# Program was run: Mon Oct 11 09:44:20 2021

# cmd: legofit -1 -d 0 -t 32 --ptsPerDim 3 --stateOut b1boot23.state --tol 3e-6 -S 5000 bdef2.lgo ../../boot/boot23.opf
# Stage nOptItr nSimReps
#     0    5000        0
# algorithm          : deterministic
# ignoring probs <=  : 0
# Branch length floor: 0
# DE strategy        : 2
#    F               : 0.3
#    CR              : 0.8
#    tolerance       : 3e-06
# nthreads           : 32
# lgo input file     : bdef2.lgo
# site pat input file: ../../boot/boot23.opf
# free parameters    : 15
# points in DE swarm : 45
# output state file  : b1boot23.state
# Including singleton site patterns.
# cost function      : KL
Initial parameter values
Fixed:
      zero = 0
       one = 1
    Tbecnw = 75200
Free:
       pc1 = 0
       pc2 = 0
       pc3 = 0
       pc4 = 0
       pc5 = 0
       pc6 = 0
       pc7 = 0
       pc8 = 0
       pc9 = 0
      pc10 = 0
      pc11 = 0
      pc12 = 0
      pc13 = 0
      pc14 = 0
      pc15 = 0
Constrained:
     Tecnw = 60524.4
       Tnw = 3260.48
       Tec = 12082.7
     twoNb = 1.62638e+06
     twoNe = 225848
     twoNc = 554494
     twoNw = 1.79082e+06
    twoNec = 72305.5
    twoNnw = 161144
  twoNecnw = 13799.2
  twoNbecnw = 87895.9
        m2 = 0.0170715
        m4 = 0.00399311
        m5 = 0.483414
        m6 = 0.377295
        Tb = 36303.6
        Td = 6041.37
        Te = 3020.69
        Tf = 1510.34
DiffEv reached_goal. cost=2.29290e-03 spread=2.76704e-06
Fitted parameter values
Free:
       pc1 = 3.89271
       pc2 = -3.93669
       pc3 = -1.12256
       pc4 = 1.90628
       pc5 = 0.95775
       pc6 = -1.48507
       pc7 = 0.864138
       pc8 = 1.2145
       pc9 = 0.0556366
      pc10 = 0.0520869
      pc11 = -0.0142355
      pc12 = 0.173163
      pc13 = 0.0767028
      pc14 = 0.0536791
      pc15 = 0.0797363
Constrained:
     Tecnw = 60892.7
       Tnw = 1044.04
       Tec = 4130.74
     twoNb = 3.36535e+06
     twoNe = 744378
     twoNc = 606667
     twoNw = 1.85791e+06
    twoNec = 94698.8
    twoNnw = 176046
  twoNecnw = 13270.9
  twoNbecnw = 88352
        m2 = 0.0185498
        m4 = 0.00783075
        m5 = 0.473292
        m6 = 0.369479
        Tb = 32511.7
        Td = 2065.37
        Te = 1032.69
        Tf = 516.343
#       SitePat  BranchLen
              b 147960.3511157
              e 57543.1940392
              c 60451.1282351
              n 54715.1866488
              w 54708.7543739
            b:e 2730.0121961
            b:c 3172.5672803
            b:n 2255.6612757
            b:w 2255.2768189
            e:c 12475.2920339
            e:n 6527.8958865
            e:w 6526.8261631
            c:n 5708.9133840
            c:w 5715.1396701
            n:w 14499.3697572
          b:e:c 2556.5945612
          b:e:n 1310.0660914
          b:e:w 1309.7021609
          b:c:n 1310.1631836
          b:c:w 1310.5270168
          b:n:w 2552.7827659
          e:c:n 5325.9797799
          e:c:w 5327.2554921
          e:n:w 8255.6880787
          c:n:w 6962.6126342
        b:e:c:n 2256.6161160
        b:e:c:w 2257.0006702
        b:e:n:w 3148.8544554
        b:c:n:w 2721.1876672
        e:c:n:w 61556.3856507
