########################################
# legofit: estimate population history #
#       version 2.3.4-4-g53f8760       #
########################################

# Program was compiled: Sep 21 2021 14:36:42
# Program was run: Mon Oct 11 09:44:11 2021

# cmd: legofit -1 -d 0 -t 32 --ptsPerDim 3 --stateOut b1boot13.state --tol 3e-6 -S 5000 bdef2.lgo ../../boot/boot13.opf
# Stage nOptItr nSimReps
#     0    5000        0
# algorithm          : deterministic
# ignoring probs <=  : 0
# Branch length floor: 0
# DE strategy        : 2
#    F               : 0.3
#    CR              : 0.8
#    tolerance       : 3e-06
# nthreads           : 32
# lgo input file     : bdef2.lgo
# site pat input file: ../../boot/boot13.opf
# free parameters    : 15
# points in DE swarm : 45
# output state file  : b1boot13.state
# Including singleton site patterns.
# cost function      : KL
Initial parameter values
Fixed:
      zero = 0
       one = 1
    Tbecnw = 75200
Free:
       pc1 = 0
       pc2 = 0
       pc3 = 0
       pc4 = 0
       pc5 = 0
       pc6 = 0
       pc7 = 0
       pc8 = 0
       pc9 = 0
      pc10 = 0
      pc11 = 0
      pc12 = 0
      pc13 = 0
      pc14 = 0
      pc15 = 0
Constrained:
     Tecnw = 60524.4
       Tnw = 3260.48
       Tec = 12082.7
     twoNb = 1.62638e+06
     twoNe = 225848
     twoNc = 554494
     twoNw = 1.79082e+06
    twoNec = 72305.5
    twoNnw = 161144
  twoNecnw = 13799.2
  twoNbecnw = 87895.9
        m2 = 0.0170715
        m4 = 0.00399311
        m5 = 0.483414
        m6 = 0.377295
        Tb = 36303.6
        Td = 6041.37
        Te = 3020.69
        Tf = 1510.34
DiffEv reached_goal. cost=2.28896e-03 spread=2.81057e-06
Fitted parameter values
Free:
       pc1 = 3.94361
       pc2 = -3.97301
       pc3 = -1.41064
       pc4 = 1.97953
       pc5 = 0.562757
       pc6 = -1.83453
       pc7 = 1.27804
       pc8 = 1.39217
       pc9 = -0.0676503
      pc10 = 0.230978
      pc11 = -0.0061859
      pc12 = -0.0766862
      pc13 = 0.0167667
      pc14 = 0.134353
      pc15 = 0.0175262
Constrained:
     Tecnw = 60715.4
       Tnw = 976.622
       Tec = 3799.22
     twoNb = 3.43236e+06
     twoNe = 835808
     twoNc = 536692
     twoNw = 2.4164e+06
    twoNec = 94812.2
    twoNnw = 176436
  twoNecnw = 13384
  twoNbecnw = 88386.9
        m2 = 0.0178912
        m4 = 0.00794741
        m5 = 0.472761
        m6 = 0.371272
        Tb = 32257.3
        Td = 1899.61
        Te = 949.806
        Tf = 474.903
#       SitePat  BranchLen
              b 148058.2703232
              e 57408.9120038
              c 60249.7168935
              n 54625.0106310
              w 54620.0996896
            b:e 2717.5643869
            b:c 3150.6522557
            b:n 2250.6327243
            b:w 2250.3398612
            e:c 12486.4387946
            e:n 6516.1358961
            e:w 6515.5382925
            c:n 5717.8611191
            c:w 5722.3983629
            n:w 14458.3170364
          b:e:c 2544.7650289
          b:e:n 1306.5849305
          b:e:w 1306.3293258
          b:c:n 1306.7813540
          b:c:w 1307.0368853
          b:n:w 2541.1217140
          e:c:n 5332.6384861
          e:c:w 5333.6097873
          e:n:w 8221.1637671
          c:n:w 6956.1996973
        b:e:c:n 2251.6263484
        b:e:c:w 2251.9192850
        b:e:n:w 3127.5705937
        b:c:n:w 2709.1526285
        e:c:n:w 61759.5507189
