########################################
# legofit: estimate population history #
#       version 2.3.4-4-g53f8760       #
########################################

# Program was compiled: Sep 21 2021 14:36:42
# Program was run: Mon Oct 11 09:44:47 2021

# cmd: legofit -1 -d 0 -t 32 --ptsPerDim 3 --stateOut b1boot45.state --tol 3e-6 -S 5000 bdef2.lgo ../../boot/boot45.opf
# Stage nOptItr nSimReps
#     0    5000        0
# algorithm          : deterministic
# ignoring probs <=  : 0
# Branch length floor: 0
# DE strategy        : 2
#    F               : 0.3
#    CR              : 0.8
#    tolerance       : 3e-06
# nthreads           : 32
# lgo input file     : bdef2.lgo
# site pat input file: ../../boot/boot45.opf
# free parameters    : 15
# points in DE swarm : 45
# output state file  : b1boot45.state
# Including singleton site patterns.
# cost function      : KL
Initial parameter values
Fixed:
      zero = 0
       one = 1
    Tbecnw = 75200
Free:
       pc1 = 0
       pc2 = 0
       pc3 = 0
       pc4 = 0
       pc5 = 0
       pc6 = 0
       pc7 = 0
       pc8 = 0
       pc9 = 0
      pc10 = 0
      pc11 = 0
      pc12 = 0
      pc13 = 0
      pc14 = 0
      pc15 = 0
Constrained:
     Tecnw = 60524.4
       Tnw = 3260.48
       Tec = 12082.7
     twoNb = 1.62638e+06
     twoNe = 225848
     twoNc = 554494
     twoNw = 1.79082e+06
    twoNec = 72305.5
    twoNnw = 161144
  twoNecnw = 13799.2
  twoNbecnw = 87895.9
        m2 = 0.0170715
        m4 = 0.00399311
        m5 = 0.483414
        m6 = 0.377295
        Tb = 36303.6
        Td = 6041.37
        Te = 3020.69
        Tf = 1510.34
DiffEv reached_goal. cost=2.34095e-03 spread=2.15587e-06
Fitted parameter values
Free:
       pc1 = 3.88901
       pc2 = -3.93152
       pc3 = -1.29321
       pc4 = 1.46607
       pc5 = 0.757937
       pc6 = -1.17034
       pc7 = 0.0271341
       pc8 = 0.449066
       pc9 = 0.179962
      pc10 = 0.651121
      pc11 = 0.033323
      pc12 = -0.134319
      pc13 = -0.0484669
      pc14 = 0.0859915
      pc15 = -0.065774
Constrained:
     Tecnw = 60735.1
       Tnw = 1021.77
       Tec = 3957.04
     twoNb = 3.10805e+06
     twoNe = 613541
     twoNc = 1.25146e+06
     twoNw = 1.75002e+06
    twoNec = 94214.4
    twoNnw = 177048
  twoNecnw = 13323.1
  twoNbecnw = 88430
        m2 = 0.0185678
        m4 = 0.00717908
        m5 = 0.476454
        m6 = 0.373372
        Tb = 32346.1
        Td = 1978.52
        Te = 989.261
        Tf = 494.63
#       SitePat  BranchLen
              b 148140.3051587
              e 57401.4108620
              c 60249.5780457
              n 54636.9164180
              w 54629.6819740
            b:e 2713.7126224
            b:c 3142.2186353
            b:n 2245.3985165
            b:w 2244.9677337
            e:c 12412.7740722
            e:n 6528.1919329
            e:w 6527.3912327
            c:n 5721.8149226
            c:w 5728.4191351
            n:w 14379.7355174
          b:e:c 2529.9826950
          b:e:n 1305.9455050
          b:e:w 1305.5774717
          b:c:n 1306.0385950
          b:c:w 1306.4065055
          b:n:w 2525.9292596
          e:c:n 5326.6486963
          e:c:w 5328.0796281
          e:n:w 8204.5041292
          c:n:w 6945.8190771
        b:e:c:n 2246.3743495
        b:e:c:w 2246.8052551
        b:e:n:w 3117.6426932
        b:c:n:w 2704.0815328
        e:c:n:w 61886.3453837
