########################################
# legofit: estimate population history #
#       version 2.3.4-4-g53f8760       #
########################################

# Program was compiled: Sep 21 2021 14:36:42
# Program was run: Mon Oct 11 09:44:11 2021

# cmd: legofit -1 -d 0 -t 32 --ptsPerDim 3 --stateOut b1boot14.state --tol 3e-6 -S 5000 bdef2.lgo ../../boot/boot14.opf
# Stage nOptItr nSimReps
#     0    5000        0
# algorithm          : deterministic
# ignoring probs <=  : 0
# Branch length floor: 0
# DE strategy        : 2
#    F               : 0.3
#    CR              : 0.8
#    tolerance       : 3e-06
# nthreads           : 32
# lgo input file     : bdef2.lgo
# site pat input file: ../../boot/boot14.opf
# free parameters    : 15
# points in DE swarm : 45
# output state file  : b1boot14.state
# Including singleton site patterns.
# cost function      : KL
Initial parameter values
Fixed:
      zero = 0
       one = 1
    Tbecnw = 75200
Free:
       pc1 = 0
       pc2 = 0
       pc3 = 0
       pc4 = 0
       pc5 = 0
       pc6 = 0
       pc7 = 0
       pc8 = 0
       pc9 = 0
      pc10 = 0
      pc11 = 0
      pc12 = 0
      pc13 = 0
      pc14 = 0
      pc15 = 0
Constrained:
     Tecnw = 60524.4
       Tnw = 3260.48
       Tec = 12082.7
     twoNb = 1.62638e+06
     twoNe = 225848
     twoNc = 554494
     twoNw = 1.79082e+06
    twoNec = 72305.5
    twoNnw = 161144
  twoNecnw = 13799.2
  twoNbecnw = 87895.9
        m2 = 0.0170715
        m4 = 0.00399311
        m5 = 0.483414
        m6 = 0.377295
        Tb = 36303.6
        Td = 6041.37
        Te = 3020.69
        Tf = 1510.34
DiffEv reached_goal. cost=2.28513e-03 spread=2.68054e-06
Fitted parameter values
Free:
       pc1 = 3.87137
       pc2 = -3.772
       pc3 = -1.70568
       pc4 = 1.92252
       pc5 = 0.214369
       pc6 = -0.0399478
       pc7 = 0.62801
       pc8 = 0.417336
       pc9 = -0.141308
      pc10 = 0.172235
      pc11 = 0.166243
      pc12 = -0.375104
      pc13 = -0.0130392
      pc14 = 0.00968299
      pc15 = -0.00368833
Constrained:
     Tecnw = 60795.8
       Tnw = 937.886
       Tec = 3747.04
     twoNb = 2.82982e+06
     twoNe = 575088
     twoNc = 887016
     twoNw = 2.4091e+06
    twoNec = 96607.8
    twoNnw = 177401
  twoNecnw = 13340.3
  twoNbecnw = 88632.6
        m2 = 0.0202258
        m4 = 0.00487784
        m5 = 0.473202
        m6 = 0.370548
        Tb = 32271.4
        Td = 1873.52
        Te = 936.76
        Tf = 468.38
#       SitePat  BranchLen
              b 148194.4392290
              e 57611.4304326
              c 60400.4160113
              n 54737.5181407
              w 54733.1888908
            b:e 2758.0403747
            b:c 3161.5937470
            b:n 2262.8883098
            b:w 2262.6289988
            e:c 12450.1178818
            e:n 6534.7662294
            e:w 6533.9217853
            c:n 5735.7692940
            c:w 5740.0827526
            n:w 14468.8262188
          b:e:c 2556.9877650
          b:e:n 1317.1635577
          b:e:w 1316.9057469
          b:c:n 1317.2955957
          b:c:w 1317.5533231
          b:n:w 2552.3499803
          e:c:n 5344.5130899
          e:c:w 5345.3733253
          e:n:w 8225.7424834
          c:n:w 7016.3997804
        b:e:c:n 2264.1675861
        b:e:c:w 2264.4269805
        b:e:n:w 3137.2968664
        b:c:n:w 2746.1569724
        e:c:n:w 61769.0409285
