########################################
# legofit: estimate population history #
#       version 2.3.4-4-g53f8760       #
########################################

# Program was compiled: Sep 21 2021 14:36:42
# Program was run: Mon Oct 11 09:44:03 2021

# cmd: legofit -1 -d 0 -t 32 --ptsPerDim 3 --stateOut b1boot10.state --tol 3e-6 -S 5000 bdef2.lgo ../../boot/boot10.opf
# Stage nOptItr nSimReps
#     0    5000        0
# algorithm          : deterministic
# ignoring probs <=  : 0
# Branch length floor: 0
# DE strategy        : 2
#    F               : 0.3
#    CR              : 0.8
#    tolerance       : 3e-06
# nthreads           : 32
# lgo input file     : bdef2.lgo
# site pat input file: ../../boot/boot10.opf
# free parameters    : 15
# points in DE swarm : 45
# output state file  : b1boot10.state
# Including singleton site patterns.
# cost function      : KL
Initial parameter values
Fixed:
      zero = 0
       one = 1
    Tbecnw = 75200
Free:
       pc1 = 0
       pc2 = 0
       pc3 = 0
       pc4 = 0
       pc5 = 0
       pc6 = 0
       pc7 = 0
       pc8 = 0
       pc9 = 0
      pc10 = 0
      pc11 = 0
      pc12 = 0
      pc13 = 0
      pc14 = 0
      pc15 = 0
Constrained:
     Tecnw = 60524.4
       Tnw = 3260.48
       Tec = 12082.7
     twoNb = 1.62638e+06
     twoNe = 225848
     twoNc = 554494
     twoNw = 1.79082e+06
    twoNec = 72305.5
    twoNnw = 161144
  twoNecnw = 13799.2
  twoNbecnw = 87895.9
        m2 = 0.0170715
        m4 = 0.00399311
        m5 = 0.483414
        m6 = 0.377295
        Tb = 36303.6
        Td = 6041.37
        Te = 3020.69
        Tf = 1510.34
DiffEv reached_goal. cost=2.29928e-03 spread=2.71227e-06
Fitted parameter values
Free:
       pc1 = 3.94379
       pc2 = -3.97195
       pc3 = -1.76356
       pc4 = 1.97804
       pc5 = -0.0525158
       pc6 = -1.57642
       pc7 = 0.37981
       pc8 = 0.788711
       pc9 = -0.286093
      pc10 = 0.480944
      pc11 = 0.0881515
      pc12 = -0.127474
      pc13 = -0.0667292
      pc14 = 0.0595926
      pc15 = -0.0229785
Constrained:
     Tecnw = 60630.2
       Tnw = 992.577
       Tec = 3937.08
     twoNb = 3.11239e+06
     twoNe = 720539
     twoNc = 1.07625e+06
     twoNw = 2.79765e+06
    twoNec = 94936.3
    twoNnw = 177364
  twoNecnw = 13425.2
  twoNbecnw = 88550.9
        m2 = 0.0197213
        m4 = 0.00785957
        m5 = 0.474867
        m6 = 0.372221
        Tb = 32283.7
        Td = 1968.54
        Te = 984.27
        Tf = 492.135
#       SitePat  BranchLen
              b 148184.5222247
              e 57467.9859538
              c 60329.0890708
              n 54647.8374289
              w 54643.7825053
            b:e 2733.0329973
            b:c 3171.7869827
            b:n 2250.8190664
            b:w 2250.5769325
            e:c 12402.9246932
            e:n 6529.5763474
            e:w 6528.8712806
            c:n 5725.8869595
            c:w 5729.8414238
            n:w 14399.2346357
          b:e:c 2537.5272411
          b:e:n 1310.4113118
          b:e:w 1310.1791523
          b:c:n 1310.6818835
          b:c:w 1310.9139729
          b:n:w 2533.1933403
          e:c:n 5335.2711712
          e:c:w 5336.0766974
          e:n:w 8254.1743056
          c:n:w 6978.5082038
        b:e:c:n 2252.0899279
        b:e:c:w 2252.3321318
        b:e:n:w 3145.2457776
        b:c:n:w 2722.7686293
        e:c:n:w 61880.3825831
