########################################
# legofit: estimate population history #
#       version 2.3.4-4-g53f8760       #
########################################

# Program was compiled: Sep 21 2021 14:36:42
# Program was run: Mon Oct 11 09:44:03 2021

# cmd: legofit -1 -d 0 -t 32 --ptsPerDim 3 --stateOut b1boot9.state --tol 3e-6 -S 5000 bdef2.lgo ../../boot/boot9.opf
# Stage nOptItr nSimReps
#     0    5000        0
# algorithm          : deterministic
# ignoring probs <=  : 0
# Branch length floor: 0
# DE strategy        : 2
#    F               : 0.3
#    CR              : 0.8
#    tolerance       : 3e-06
# nthreads           : 32
# lgo input file     : bdef2.lgo
# site pat input file: ../../boot/boot9.opf
# free parameters    : 15
# points in DE swarm : 45
# output state file  : b1boot9.state
# Including singleton site patterns.
# cost function      : KL
Initial parameter values
Fixed:
      zero = 0
       one = 1
    Tbecnw = 75200
Free:
       pc1 = 0
       pc2 = 0
       pc3 = 0
       pc4 = 0
       pc5 = 0
       pc6 = 0
       pc7 = 0
       pc8 = 0
       pc9 = 0
      pc10 = 0
      pc11 = 0
      pc12 = 0
      pc13 = 0
      pc14 = 0
      pc15 = 0
Constrained:
     Tecnw = 60524.4
       Tnw = 3260.48
       Tec = 12082.7
     twoNb = 1.62638e+06
     twoNe = 225848
     twoNc = 554494
     twoNw = 1.79082e+06
    twoNec = 72305.5
    twoNnw = 161144
  twoNecnw = 13799.2
  twoNbecnw = 87895.9
        m2 = 0.0170715
        m4 = 0.00399311
        m5 = 0.483414
        m6 = 0.377295
        Tb = 36303.6
        Td = 6041.37
        Te = 3020.69
        Tf = 1510.34
DiffEv reached_goal. cost=2.32167e-03 spread=2.95517e-06
Fitted parameter values
Free:
       pc1 = 3.91507
       pc2 = -3.99578
       pc3 = -1.53373
       pc4 = 1.82521
       pc5 = 0.21067
       pc6 = -0.695787
       pc7 = 0.748711
       pc8 = 0.115161
       pc9 = 0.405525
      pc10 = 0.051708
      pc11 = -0.0544841
      pc12 = 0.131087
      pc13 = 0.0430452
      pc14 = 0.0444439
      pc15 = 0.0279417
Constrained:
     Tecnw = 61013.6
       Tnw = 939.074
       Tec = 3675.57
     twoNb = 3.18083e+06
     twoNe = 572001
     twoNc = 1.04839e+06
     twoNw = 2.53209e+06
    twoNec = 96484
    twoNnw = 176453
  twoNecnw = 13125.2
  twoNbecnw = 88301.9
        m2 = 0.0188906
        m4 = 0.0057659
        m5 = 0.474637
        m6 = 0.369093
        Tb = 32344.6
        Td = 1837.79
        Te = 918.893
        Tf = 459.446
#       SitePat  BranchLen
              b 147979.4748378
              e 57534.3947457
              c 60433.5172640
              n 54696.7725786
              w 54692.3710192
            b:e 2725.6062441
            b:c 3147.3326867
            b:n 2245.7401174
            b:w 2245.4783598
            e:c 12449.0203347
            e:n 6530.6314434
            e:w 6530.0321339
            c:n 5702.8371598
            c:w 5706.9689656
            n:w 14482.0233308
          b:e:c 2544.2228975
          b:e:n 1306.2899172
          b:e:w 1306.0549666
          b:c:n 1306.4411861
          b:c:w 1306.6760643
          b:n:w 2540.2901491
          e:c:n 5305.1161611
          e:c:w 5305.9852242
          e:n:w 8213.8506285
          c:n:w 6952.3795428
        b:e:c:n 2246.8081973
        b:e:c:w 2247.0700274
        b:e:n:w 3125.1952994
        b:c:n:w 2715.9025094
        e:c:n:w 61618.3052392
