########################################
# legofit: estimate population history #
#       version 2.3.4-4-g53f8760       #
########################################

# Program was compiled: Sep 21 2021 14:36:42
# Program was run: Mon Oct 11 09:44:55 2021

# cmd: legofit -1 -d 0 -t 32 --ptsPerDim 3 --stateOut b1boot47.state --tol 3e-6 -S 5000 bdef2.lgo ../../boot/boot47.opf
# Stage nOptItr nSimReps
#     0    5000        0
# algorithm          : deterministic
# ignoring probs <=  : 0
# Branch length floor: 0
# DE strategy        : 2
#    F               : 0.3
#    CR              : 0.8
#    tolerance       : 3e-06
# nthreads           : 32
# lgo input file     : bdef2.lgo
# site pat input file: ../../boot/boot47.opf
# free parameters    : 15
# points in DE swarm : 45
# output state file  : b1boot47.state
# Including singleton site patterns.
# cost function      : KL
Initial parameter values
Fixed:
      zero = 0
       one = 1
    Tbecnw = 75200
Free:
       pc1 = 0
       pc2 = 0
       pc3 = 0
       pc4 = 0
       pc5 = 0
       pc6 = 0
       pc7 = 0
       pc8 = 0
       pc9 = 0
      pc10 = 0
      pc11 = 0
      pc12 = 0
      pc13 = 0
      pc14 = 0
      pc15 = 0
Constrained:
     Tecnw = 60524.4
       Tnw = 3260.48
       Tec = 12082.7
     twoNb = 1.62638e+06
     twoNe = 225848
     twoNc = 554494
     twoNw = 1.79082e+06
    twoNec = 72305.5
    twoNnw = 161144
  twoNecnw = 13799.2
  twoNbecnw = 87895.9
        m2 = 0.0170715
        m4 = 0.00399311
        m5 = 0.483414
        m6 = 0.377295
        Tb = 36303.6
        Td = 6041.37
        Te = 3020.69
        Tf = 1510.34
DiffEv reached_goal. cost=2.29671e-03 spread=2.59750e-06
Fitted parameter values
Free:
       pc1 = 3.91961
       pc2 = -3.92653
       pc3 = -1.90657
       pc4 = 1.97518
       pc5 = 0.580827
       pc6 = -1.20216
       pc7 = -0.222277
       pc8 = 0.349746
       pc9 = 0.306646
      pc10 = 0.629467
      pc11 = 0.0859163
      pc12 = -0.0617547
      pc13 = -0.134229
      pc14 = 0.0826193
      pc15 = 0.0179333
Constrained:
     Tecnw = 60712.5
       Tnw = 910.521
       Tec = 3635.46
     twoNb = 3.20301e+06
     twoNe = 640929
     twoNc = 1.39546e+06
     twoNw = 2.09905e+06
    twoNec = 94157.1
    twoNnw = 177698
  twoNecnw = 13371.8
  twoNbecnw = 88347.6
        m2 = 0.0211683
        m4 = 0.00697984
        m5 = 0.477425
        m6 = 0.372963
        Tb = 32174
        Td = 1817.73
        Te = 908.864
        Tf = 454.432
#       SitePat  BranchLen
              b 147984.0923022
              e 57398.2300426
              c 60289.7072069
              n 54644.3899954
              w 54639.5307139
            b:e 2735.5816728
            b:c 3170.6593242
            b:n 2249.7044458
            b:w 2249.4147442
            e:c 12467.4347152
            e:n 6544.6033153
            e:w 6543.6639089
            c:n 5726.9532332
            c:w 5731.7856358
            n:w 14407.8176191
          b:e:c 2538.8264217
          b:e:n 1308.8372559
          b:e:w 1308.5501507
          b:c:n 1309.0036369
          b:c:w 1309.2906563
          b:n:w 2534.3951934
          e:c:n 5329.0361712
          e:c:w 5330.0024565
          e:n:w 8253.8578870
          c:n:w 6976.3930629
        b:e:c:n 2250.9188460
        b:e:c:w 2251.2086335
        b:e:n:w 3145.3093382
        b:c:n:w 2724.8408150
        e:c:n:w 61664.5726215
