########################################
# legofit: estimate population history #
#       version 2.3.4-4-g53f8760       #
########################################

# Program was compiled: Sep 21 2021 14:36:42
# Program was run: Mon Oct 11 09:44:27 2021

# cmd: legofit -1 -d 0 -t 32 --ptsPerDim 3 --stateOut b1boot24.state --tol 3e-6 -S 5000 bdef2.lgo ../../boot/boot24.opf
# Stage nOptItr nSimReps
#     0    5000        0
# algorithm          : deterministic
# ignoring probs <=  : 0
# Branch length floor: 0
# DE strategy        : 2
#    F               : 0.3
#    CR              : 0.8
#    tolerance       : 3e-06
# nthreads           : 32
# lgo input file     : bdef2.lgo
# site pat input file: ../../boot/boot24.opf
# free parameters    : 15
# points in DE swarm : 45
# output state file  : b1boot24.state
# Including singleton site patterns.
# cost function      : KL
Initial parameter values
Fixed:
      zero = 0
       one = 1
    Tbecnw = 75200
Free:
       pc1 = 0
       pc2 = 0
       pc3 = 0
       pc4 = 0
       pc5 = 0
       pc6 = 0
       pc7 = 0
       pc8 = 0
       pc9 = 0
      pc10 = 0
      pc11 = 0
      pc12 = 0
      pc13 = 0
      pc14 = 0
      pc15 = 0
Constrained:
     Tecnw = 60524.4
       Tnw = 3260.48
       Tec = 12082.7
     twoNb = 1.62638e+06
     twoNe = 225848
     twoNc = 554494
     twoNw = 1.79082e+06
    twoNec = 72305.5
    twoNnw = 161144
  twoNecnw = 13799.2
  twoNbecnw = 87895.9
        m2 = 0.0170715
        m4 = 0.00399311
        m5 = 0.483414
        m6 = 0.377295
        Tb = 36303.6
        Td = 6041.37
        Te = 3020.69
        Tf = 1510.34
DiffEv reached_goal. cost=2.31578e-03 spread=1.50477e-06
Fitted parameter values
Free:
       pc1 = 3.99426
       pc2 = -3.93475
       pc3 = -1.80646
       pc4 = 1.97032
       pc5 = -0.275184
       pc6 = -1.98389
       pc7 = 0.782605
       pc8 = 0.705339
       pc9 = 0.225819
      pc10 = 0.746657
      pc11 = -0.132695
      pc12 = -0.0337165
      pc13 = 0.0830143
      pc14 = 0.061899
      pc15 = 0.0296934
Constrained:
     Tecnw = 60660
       Tnw = 981.155
       Tec = 3853.35
     twoNb = 3.33132e+06
     twoNe = 745906
     twoNc = 1.07532e+06
     twoNw = 3.14573e+06
    twoNec = 94729.3
    twoNnw = 178307
  twoNecnw = 13448
  twoNbecnw = 88215.1
        m2 = 0.0182102
        m4 = 0.00795611
        m5 = 0.476359
        m6 = 0.373112
        Tb = 32256.7
        Td = 1926.68
        Te = 963.338
        Tf = 481.669
#       SitePat  BranchLen
              b 147877.4562183
              e 57442.5703991
              c 60306.2601902
              n 54718.8331598
              w 54715.1328807
            b:e 2716.0491161
            b:c 3152.1864711
            b:n 2255.4937007
            b:w 2255.2727137
            e:c 12408.5635736
            e:n 6537.4159819
            e:w 6536.8747210
            c:n 5731.0734485
            c:w 5734.5812019
            n:w 14356.9281084
          b:e:c 2532.5849884
          b:e:n 1312.2204076
          b:e:w 1312.0186189
          b:c:n 1312.4876199
          b:c:w 1312.6893522
          b:n:w 2528.8104200
          e:c:n 5344.8906633
          e:c:w 5345.6244498
          e:n:w 8211.3306708
          c:n:w 6940.2003891
        b:e:c:n 2256.6132960
        b:e:c:w 2256.8343395
        b:e:n:w 3128.2921174
        b:c:n:w 2707.2933599
        e:c:n:w 61574.4193963
