########################################
# legofit: estimate population history #
#       version 2.3.4-4-g53f8760       #
########################################

# Program was compiled: Sep 21 2021 14:36:42
# Program was run: Mon Oct 11 09:44:36 2021

# cmd: legofit -1 -d 0 -t 32 --ptsPerDim 3 --stateOut b1boot33.state --tol 3e-6 -S 5000 bdef2.lgo ../../boot/boot33.opf
# Stage nOptItr nSimReps
#     0    5000        0
# algorithm          : deterministic
# ignoring probs <=  : 0
# Branch length floor: 0
# DE strategy        : 2
#    F               : 0.3
#    CR              : 0.8
#    tolerance       : 3e-06
# nthreads           : 32
# lgo input file     : bdef2.lgo
# site pat input file: ../../boot/boot33.opf
# free parameters    : 15
# points in DE swarm : 45
# output state file  : b1boot33.state
# Including singleton site patterns.
# cost function      : KL
Initial parameter values
Fixed:
      zero = 0
       one = 1
    Tbecnw = 75200
Free:
       pc1 = 0
       pc2 = 0
       pc3 = 0
       pc4 = 0
       pc5 = 0
       pc6 = 0
       pc7 = 0
       pc8 = 0
       pc9 = 0
      pc10 = 0
      pc11 = 0
      pc12 = 0
      pc13 = 0
      pc14 = 0
      pc15 = 0
Constrained:
     Tecnw = 60524.4
       Tnw = 3260.48
       Tec = 12082.7
     twoNb = 1.62638e+06
     twoNe = 225848
     twoNc = 554494
     twoNw = 1.79082e+06
    twoNec = 72305.5
    twoNnw = 161144
  twoNecnw = 13799.2
  twoNbecnw = 87895.9
        m2 = 0.0170715
        m4 = 0.00399311
        m5 = 0.483414
        m6 = 0.377295
        Tb = 36303.6
        Td = 6041.37
        Te = 3020.69
        Tf = 1510.34
DiffEv reached_goal. cost=2.27499e-03 spread=2.96656e-06
Fitted parameter values
Free:
       pc1 = 3.91812
       pc2 = -3.97816
       pc3 = -1.78987
       pc4 = 1.99738
       pc5 = -0.434874
       pc6 = -1.2687
       pc7 = -0.221062
       pc8 = 0.31978
       pc9 = -0.022659
      pc10 = 0.140761
      pc11 = -0.059975
      pc12 = -0.0490459
      pc13 = 0.0671946
      pc14 = 0.172731
      pc15 = -0.0587486
Constrained:
     Tecnw = 60798.5
       Tnw = 1000.35
       Tec = 4000.56
     twoNb = 2.90336e+06
     twoNe = 597282
     twoNc = 1.37939e+06
     twoNw = 2.9733e+06
    twoNec = 93486.7
    twoNnw = 177410
  twoNecnw = 13176.8
  twoNbecnw = 88424.9
        m2 = 0.0209952
        m4 = 0.0076064
        m5 = 0.47385
        m6 = 0.371929
        Tb = 32399.5
        Td = 2000.28
        Te = 1000.14
        Tf = 500.07
#       SitePat  BranchLen
              b 148176.9933091
              e 57428.6670873
              c 60267.3296812
              n 54659.1810349
              w 54655.4497815
            b:e 2716.4174858
            b:c 3151.1809991
            b:n 2231.0384916
            b:w 2230.8177189
            e:c 12447.0742669
            e:n 6485.4527137
            e:w 6484.7177544
            c:n 5686.7510406
            c:w 5690.4798759
            n:w 14386.2315606
          b:e:c 2526.7965967
          b:e:n 1294.8649620
          b:e:w 1294.6443577
          b:c:n 1295.1691329
          b:c:w 1295.3896657
          b:n:w 2521.8994716
          e:c:n 5292.4583637
          e:c:w 5293.1957411
          e:n:w 8203.1445126
          c:n:w 6939.2531613
        b:e:c:n 2232.4826431
        b:e:c:w 2232.7034872
        b:e:n:w 3122.3375669
        b:c:n:w 2704.6928837
        e:c:n:w 61972.4712327
