########################################
# legofit: estimate population history #
#       version 2.3.4-4-g53f8760       #
########################################

# Program was compiled: Sep 21 2021 14:36:42
# Program was run: Mon Oct 11 09:44:27 2021

# cmd: legofit -1 -d 0 -t 32 --ptsPerDim 3 --stateOut b1boot29.state --tol 3e-6 -S 5000 bdef2.lgo ../../boot/boot29.opf
# Stage nOptItr nSimReps
#     0    5000        0
# algorithm          : deterministic
# ignoring probs <=  : 0
# Branch length floor: 0
# DE strategy        : 2
#    F               : 0.3
#    CR              : 0.8
#    tolerance       : 3e-06
# nthreads           : 32
# lgo input file     : bdef2.lgo
# site pat input file: ../../boot/boot29.opf
# free parameters    : 15
# points in DE swarm : 45
# output state file  : b1boot29.state
# Including singleton site patterns.
# cost function      : KL
Initial parameter values
Fixed:
      zero = 0
       one = 1
    Tbecnw = 75200
Free:
       pc1 = 0
       pc2 = 0
       pc3 = 0
       pc4 = 0
       pc5 = 0
       pc6 = 0
       pc7 = 0
       pc8 = 0
       pc9 = 0
      pc10 = 0
      pc11 = 0
      pc12 = 0
      pc13 = 0
      pc14 = 0
      pc15 = 0
Constrained:
     Tecnw = 60524.4
       Tnw = 3260.48
       Tec = 12082.7
     twoNb = 1.62638e+06
     twoNe = 225848
     twoNc = 554494
     twoNw = 1.79082e+06
    twoNec = 72305.5
    twoNnw = 161144
  twoNecnw = 13799.2
  twoNbecnw = 87895.9
        m2 = 0.0170715
        m4 = 0.00399311
        m5 = 0.483414
        m6 = 0.377295
        Tb = 36303.6
        Td = 6041.37
        Te = 3020.69
        Tf = 1510.34
DiffEv reached_goal. cost=2.30486e-03 spread=2.92392e-06
Fitted parameter values
Free:
       pc1 = 3.8316
       pc2 = -3.91773
       pc3 = -1.79406
       pc4 = 1.96701
       pc5 = 0.292241
       pc6 = -1.71812
       pc7 = 0.0362755
       pc8 = 0.736446
       pc9 = 0.0916837
      pc10 = 0.193282
      pc11 = 0.0265056
      pc12 = 0.0288287
      pc13 = 0.012051
      pc14 = 0.114846
      pc15 = -0.0181019
Constrained:
     Tecnw = 60752.4
       Tnw = 1081.18
       Tec = 4114.7
     twoNb = 3.20385e+06
     twoNe = 723162
     twoNc = 1.20291e+06
     twoNw = 2.45189e+06
    twoNec = 93425.4
    twoNnw = 176432
  twoNecnw = 13279.8
  twoNbecnw = 88327.2
        m2 = 0.0206651
        m4 = 0.00803317
        m5 = 0.474541
        m6 = 0.372169
        Tb = 32433.5
        Td = 2057.35
        Te = 1028.67
        Tf = 514.337
#       SitePat  BranchLen
              b 148035.1986957
              e 57435.9326119
              c 60304.3279064
              n 54629.1165891
              w 54623.3846766
            b:e 2722.4181454
            b:c 3163.8033217
            b:n 2236.4121414
            b:w 2236.0720074
            e:c 12436.2029086
            e:n 6503.4392108
            e:w 6503.0340092
            c:n 5699.1039827
            c:w 5704.1135595
            n:w 14409.4978733
          b:e:c 2532.7993935
          b:e:n 1299.4001129
          b:e:w 1299.1317499
          b:c:n 1299.6287046
          b:c:w 1299.8969595
          b:n:w 2528.3990109
          e:c:n 5302.4864250
          e:c:w 5303.6139624
          e:n:w 8239.1690443
          c:n:w 6956.8684059
        b:e:c:n 2237.5872541
        b:e:c:w 2237.9274961
        b:e:n:w 3137.2515251
        b:c:n:w 2712.0335692
        e:c:n:w 61787.5662382
