########################################
# legofit: estimate population history #
#       version 2.3.4-4-g53f8760       #
########################################

# Program was compiled: Sep 21 2021 14:36:42
# Program was run: Mon Oct 11 09:44:47 2021

# cmd: legofit -1 -d 0 -t 32 --ptsPerDim 3 --stateOut b1boot42.state --tol 3e-6 -S 5000 bdef2.lgo ../../boot/boot42.opf
# Stage nOptItr nSimReps
#     0    5000        0
# algorithm          : deterministic
# ignoring probs <=  : 0
# Branch length floor: 0
# DE strategy        : 2
#    F               : 0.3
#    CR              : 0.8
#    tolerance       : 3e-06
# nthreads           : 32
# lgo input file     : bdef2.lgo
# site pat input file: ../../boot/boot42.opf
# free parameters    : 15
# points in DE swarm : 45
# output state file  : b1boot42.state
# Including singleton site patterns.
# cost function      : KL
Initial parameter values
Fixed:
      zero = 0
       one = 1
    Tbecnw = 75200
Free:
       pc1 = 0
       pc2 = 0
       pc3 = 0
       pc4 = 0
       pc5 = 0
       pc6 = 0
       pc7 = 0
       pc8 = 0
       pc9 = 0
      pc10 = 0
      pc11 = 0
      pc12 = 0
      pc13 = 0
      pc14 = 0
      pc15 = 0
Constrained:
     Tecnw = 60524.4
       Tnw = 3260.48
       Tec = 12082.7
     twoNb = 1.62638e+06
     twoNe = 225848
     twoNc = 554494
     twoNw = 1.79082e+06
    twoNec = 72305.5
    twoNnw = 161144
  twoNecnw = 13799.2
  twoNbecnw = 87895.9
        m2 = 0.0170715
        m4 = 0.00399311
        m5 = 0.483414
        m6 = 0.377295
        Tb = 36303.6
        Td = 6041.37
        Te = 3020.69
        Tf = 1510.34
DiffEv reached_goal. cost=2.30617e-03 spread=2.82145e-06
Fitted parameter values
Free:
       pc1 = 3.91326
       pc2 = -3.745
       pc3 = -1.96477
       pc4 = 1.76334
       pc5 = -0.118666
       pc6 = -1.3549
       pc7 = -0.444553
       pc8 = 0.32908
       pc9 = 0.667468
      pc10 = 0.210865
      pc11 = -0.163356
      pc12 = 0.0699446
      pc13 = 0.105211
      pc14 = 0.165494
      pc15 = -0.00410621
Constrained:
     Tecnw = 60858.4
       Tnw = 1010.68
       Tec = 4001.13
     twoNb = 2.92239e+06
     twoNe = 628996
     twoNc = 1.54903e+06
     twoNw = 2.59615e+06
    twoNec = 92685.4
    twoNnw = 177249
  twoNecnw = 13174.6
  twoNbecnw = 88013.2
        m2 = 0.0210833
        m4 = 0.00735163
        m5 = 0.475477
        m6 = 0.372766
        Tb = 32429.8
        Td = 2000.57
        Te = 1000.28
        Tf = 500.141
#       SitePat  BranchLen
              b 147786.4604795
              e 57393.6178960
              c 60246.9291962
              n 54663.1875107
              w 54658.7046883
            b:e 2710.3712162
            b:c 3143.6150627
            b:n 2229.5440168
            b:w 2229.2790708
            e:c 12470.0385002
            e:n 6493.4579324
            e:w 6492.7090207
            c:n 5688.0057603
            c:w 5692.3531186
            n:w 14385.6004915
          b:e:c 2525.4671700
          b:e:n 1293.3028279
          b:e:w 1293.0512169
          b:c:n 1293.5590748
          b:c:w 1293.8105987
          b:n:w 2520.6173306
          e:c:n 5286.6747096
          e:c:w 5287.5590853
          e:n:w 8189.7397264
          c:n:w 6924.7160424
        b:e:c:n 2230.9191281
        b:e:c:w 2231.1841612
        b:e:n:w 3115.5070567
        b:c:n:w 2698.7680395
        e:c:n:w 61581.8568029
