########################################
# legofit: estimate population history #
#       version 2.3.4-4-g53f8760       #
########################################

# Program was compiled: Sep 21 2021 14:36:42
# Program was run: Mon Oct 11 09:44:36 2021

# cmd: legofit -1 -d 0 -t 32 --ptsPerDim 3 --stateOut b1boot30.state --tol 3e-6 -S 5000 bdef2.lgo ../../boot/boot30.opf
# Stage nOptItr nSimReps
#     0    5000        0
# algorithm          : deterministic
# ignoring probs <=  : 0
# Branch length floor: 0
# DE strategy        : 2
#    F               : 0.3
#    CR              : 0.8
#    tolerance       : 3e-06
# nthreads           : 32
# lgo input file     : bdef2.lgo
# site pat input file: ../../boot/boot30.opf
# free parameters    : 15
# points in DE swarm : 45
# output state file  : b1boot30.state
# Including singleton site patterns.
# cost function      : KL
Initial parameter values
Fixed:
      zero = 0
       one = 1
    Tbecnw = 75200
Free:
       pc1 = 0
       pc2 = 0
       pc3 = 0
       pc4 = 0
       pc5 = 0
       pc6 = 0
       pc7 = 0
       pc8 = 0
       pc9 = 0
      pc10 = 0
      pc11 = 0
      pc12 = 0
      pc13 = 0
      pc14 = 0
      pc15 = 0
Constrained:
     Tecnw = 60524.4
       Tnw = 3260.48
       Tec = 12082.7
     twoNb = 1.62638e+06
     twoNe = 225848
     twoNc = 554494
     twoNw = 1.79082e+06
    twoNec = 72305.5
    twoNnw = 161144
  twoNecnw = 13799.2
  twoNbecnw = 87895.9
        m2 = 0.0170715
        m4 = 0.00399311
        m5 = 0.483414
        m6 = 0.377295
        Tb = 36303.6
        Td = 6041.37
        Te = 3020.69
        Tf = 1510.34
DiffEv reached_goal. cost=2.32789e-03 spread=2.15514e-06
Fitted parameter values
Free:
       pc1 = 3.97267
       pc2 = -3.93195
       pc3 = -1.8532
       pc4 = 1.9756
       pc5 = 0.195984
       pc6 = -1.59793
       pc7 = -0.0252806
       pc8 = -0.842227
       pc9 = -0.0630254
      pc10 = 0.279544
      pc11 = -0.108501
      pc12 = -0.00258868
      pc13 = -0.0207773
      pc14 = 0.113601
      pc15 = 0.0125733
Constrained:
     Tecnw = 60727.9
       Tnw = 1094.98
       Tec = 4354.83
     twoNb = 3.54621e+06
     twoNe = 500703
     twoNc = 1.76518e+06
     twoNw = 2.78413e+06
    twoNec = 93695.8
    twoNnw = 175984
  twoNecnw = 13339.2
  twoNbecnw = 88470
        m2 = 0.0200161
        m4 = 0.00691525
        m5 = 0.474067
        m6 = 0.370091
        Tb = 32541.4
        Td = 2177.42
        Te = 1088.71
        Tf = 544.354
#       SitePat  BranchLen
              b 148137.4072961
              e 57465.6035743
              c 60348.5164427
              n 54636.0122918
              w 54631.5923039
            b:e 2727.6009630
            b:c 3159.1374229
            b:n 2245.7009768
            b:w 2245.4373595
            e:c 12440.0486281
            e:n 6514.4202243
            e:w 6513.6182323
            c:n 5700.5321220
            c:w 5704.8762042
            n:w 14449.4724987
          b:e:c 2544.6021977
          b:e:n 1304.3361968
          b:e:w 1304.0800957
          b:c:n 1304.4800097
          b:c:w 1304.7360436
          b:n:w 2540.8067092
          e:c:n 5319.9831179
          e:c:w 5320.8610157
          e:n:w 8241.9496416
          c:n:w 6967.9410266
        b:e:c:n 2246.7310835
        b:e:c:w 2246.9947680
        b:e:n:w 3137.0741837
        b:c:n:w 2718.4638399
        e:c:n:w 61839.6852235
