########################################
# legofit: estimate population history #
#       version 2.3.4-4-g53f8760       #
########################################

# Program was compiled: Sep 21 2021 14:36:42
# Program was run: Mon Oct 11 09:43:56 2021

# cmd: legofit -1 -d 0 -t 32 --ptsPerDim 3 --stateOut b1boot4.state --tol 3e-6 -S 5000 bdef2.lgo ../../boot/boot4.opf
# Stage nOptItr nSimReps
#     0    5000        0
# algorithm          : deterministic
# ignoring probs <=  : 0
# Branch length floor: 0
# DE strategy        : 2
#    F               : 0.3
#    CR              : 0.8
#    tolerance       : 3e-06
# nthreads           : 32
# lgo input file     : bdef2.lgo
# site pat input file: ../../boot/boot4.opf
# free parameters    : 15
# points in DE swarm : 45
# output state file  : b1boot4.state
# Including singleton site patterns.
# cost function      : KL
Initial parameter values
Fixed:
      zero = 0
       one = 1
    Tbecnw = 75200
Free:
       pc1 = 0
       pc2 = 0
       pc3 = 0
       pc4 = 0
       pc5 = 0
       pc6 = 0
       pc7 = 0
       pc8 = 0
       pc9 = 0
      pc10 = 0
      pc11 = 0
      pc12 = 0
      pc13 = 0
      pc14 = 0
      pc15 = 0
Constrained:
     Tecnw = 60524.4
       Tnw = 3260.48
       Tec = 12082.7
     twoNb = 1.62638e+06
     twoNe = 225848
     twoNc = 554494
     twoNw = 1.79082e+06
    twoNec = 72305.5
    twoNnw = 161144
  twoNecnw = 13799.2
  twoNbecnw = 87895.9
        m2 = 0.0170715
        m4 = 0.00399311
        m5 = 0.483414
        m6 = 0.377295
        Tb = 36303.6
        Td = 6041.37
        Te = 3020.69
        Tf = 1510.34
DiffEv reached_goal. cost=2.32895e-03 spread=2.90403e-06
Fitted parameter values
Free:
       pc1 = 3.8669
       pc2 = -3.90106
       pc3 = -1.43997
       pc4 = 1.91124
       pc5 = -0.831766
       pc6 = -1.73356
       pc7 = 0.265318
       pc8 = 0.00376369
       pc9 = 0.613868
      pc10 = 0.349262
      pc11 = -0.216898
      pc12 = 0.0799919
      pc13 = -0.00167658
      pc14 = 0.0945488
      pc15 = -0.0201766
Constrained:
     Tecnw = 60886
       Tnw = 974.652
       Tec = 3882.64
     twoNb = 3.1264e+06
     twoNe = 536967
     twoNc = 1.34799e+06
     twoNw = 3.41328e+06
    twoNec = 94397.4
    twoNnw = 176509
  twoNecnw = 13179.7
  twoNbecnw = 88052.9
        m2 = 0.0186224
        m4 = 0.0079061
        m5 = 0.476133
        m6 = 0.37362
        Tb = 32384.3
        Td = 1941.32
        Te = 970.659
        Tf = 485.33
#       SitePat  BranchLen
              b 147837.3726413
              e 57401.8498918
              c 60269.3649291
              n 54591.7535523
              w 54588.5296025
            b:e 2702.1592386
            b:c 3138.3407385
            b:n 2229.7956295
            b:w 2229.6047470
            e:c 12397.6200467
            e:n 6515.9958032
            e:w 6515.3969790
            c:n 5708.7797347
            c:w 5711.9640668
            n:w 14395.4274589
          b:e:c 2519.3393786
          b:e:n 1297.2805458
          b:e:w 1297.0935417
          b:c:n 1297.5853651
          b:c:w 1297.7723180
          b:n:w 2515.2597935
          e:c:n 5290.2289177
          e:c:w 5290.8673596
          e:n:w 8198.1933801
          c:n:w 6924.3045879
        b:e:c:n 2231.0327537
        b:e:c:w 2231.2236874
        b:e:n:w 3112.7863615
        b:c:n:w 2692.6440016
        e:c:n:w 61628.2228564
