########################################
# legofit: estimate population history #
#       version 2.3.4-4-g53f8760       #
########################################

# Program was compiled: Sep 21 2021 14:36:42
# Program was run: Mon Oct 11 09:43:55 2021

# cmd: legofit -1 -d 0 -t 32 --ptsPerDim 3 --stateOut b1boot3.state --tol 3e-6 -S 5000 bdef2.lgo ../../boot/boot3.opf
# Stage nOptItr nSimReps
#     0    5000        0
# algorithm          : deterministic
# ignoring probs <=  : 0
# Branch length floor: 0
# DE strategy        : 2
#    F               : 0.3
#    CR              : 0.8
#    tolerance       : 3e-06
# nthreads           : 32
# lgo input file     : bdef2.lgo
# site pat input file: ../../boot/boot3.opf
# free parameters    : 15
# points in DE swarm : 45
# output state file  : b1boot3.state
# Including singleton site patterns.
# cost function      : KL
Initial parameter values
Fixed:
      zero = 0
       one = 1
    Tbecnw = 75200
Free:
       pc1 = 0
       pc2 = 0
       pc3 = 0
       pc4 = 0
       pc5 = 0
       pc6 = 0
       pc7 = 0
       pc8 = 0
       pc9 = 0
      pc10 = 0
      pc11 = 0
      pc12 = 0
      pc13 = 0
      pc14 = 0
      pc15 = 0
Constrained:
     Tecnw = 60524.4
       Tnw = 3260.48
       Tec = 12082.7
     twoNb = 1.62638e+06
     twoNe = 225848
     twoNc = 554494
     twoNw = 1.79082e+06
    twoNec = 72305.5
    twoNnw = 161144
  twoNecnw = 13799.2
  twoNbecnw = 87895.9
        m2 = 0.0170715
        m4 = 0.00399311
        m5 = 0.483414
        m6 = 0.377295
        Tb = 36303.6
        Td = 6041.37
        Te = 3020.69
        Tf = 1510.34
DiffEv reached_goal. cost=2.31313e-03 spread=2.51513e-06
Fitted parameter values
Free:
       pc1 = 3.94276
       pc2 = -3.77339
       pc3 = -1.93424
       pc4 = 1.93213
       pc5 = 0.0910038
       pc6 = -1.6604
       pc7 = 1.0104
       pc8 = 1.97927
       pc9 = -0.793658
      pc10 = 0.614571
      pc11 = 0.141691
      pc12 = -0.250582
      pc13 = 0.0288527
      pc14 = 0.111205
      pc15 = 0.0735944
Constrained:
     Tecnw = 60450
       Tnw = 1034.08
       Tec = 4110.69
     twoNb = 2.95149e+06
     twoNe = 948965
     twoNc = 528751
     twoNw = 2.73822e+06
    twoNec = 93783
    twoNnw = 178348
  twoNecnw = 13677.7
  twoNbecnw = 88687.7
        m2 = 0.0190818
        m4 = 0.00812619
        m5 = 0.473673
        m6 = 0.371441
        Tb = 32280.3
        Td = 2055.34
        Te = 1027.67
        Tf = 513.836
#       SitePat  BranchLen
              b 148184.7463637
              e 57479.5918424
              c 60320.9597214
              n 54770.3708170
              w 54766.0883707
            b:e 2746.3889493
            b:c 3186.7837246
            b:n 2279.2442313
            b:w 2278.9860121
            e:c 12492.6564085
            e:n 6540.4865182
            e:w 6539.7113221
            c:n 5743.5734428
            c:w 5747.7766571
            n:w 14413.9194527
          b:e:c 2563.3973772
          b:e:n 1323.1201960
          b:e:w 1322.8698957
          b:c:n 1323.4168313
          b:c:w 1323.6670555
          b:n:w 2558.8970742
          e:c:n 5392.6674049
          e:c:w 5393.5218330
          e:n:w 8264.7437507
          c:n:w 6993.5954621
        b:e:c:n 2280.5777177
        b:e:c:w 2280.8360130
        b:e:n:w 3158.8167502
        b:c:n:w 2735.9563298
        e:c:n:w 61768.3185428
