########################################
# legofit: estimate population history #
#       version 2.3.4-4-g53f8760       #
########################################

# Program was compiled: Sep 21 2021 14:36:42
# Program was run: Mon Oct 11 09:44:41 2021

# cmd: legofit -1 -d 0 -t 32 --ptsPerDim 3 --stateOut b1boot38.state --tol 3e-6 -S 5000 bdef2.lgo ../../boot/boot38.opf
# Stage nOptItr nSimReps
#     0    5000        0
# algorithm          : deterministic
# ignoring probs <=  : 0
# Branch length floor: 0
# DE strategy        : 2
#    F               : 0.3
#    CR              : 0.8
#    tolerance       : 3e-06
# nthreads           : 32
# lgo input file     : bdef2.lgo
# site pat input file: ../../boot/boot38.opf
# free parameters    : 15
# points in DE swarm : 45
# output state file  : b1boot38.state
# Including singleton site patterns.
# cost function      : KL
Initial parameter values
Fixed:
      zero = 0
       one = 1
    Tbecnw = 75200
Free:
       pc1 = 0
       pc2 = 0
       pc3 = 0
       pc4 = 0
       pc5 = 0
       pc6 = 0
       pc7 = 0
       pc8 = 0
       pc9 = 0
      pc10 = 0
      pc11 = 0
      pc12 = 0
      pc13 = 0
      pc14 = 0
      pc15 = 0
Constrained:
     Tecnw = 60524.4
       Tnw = 3260.48
       Tec = 12082.7
     twoNb = 1.62638e+06
     twoNe = 225848
     twoNc = 554494
     twoNw = 1.79082e+06
    twoNec = 72305.5
    twoNnw = 161144
  twoNecnw = 13799.2
  twoNbecnw = 87895.9
        m2 = 0.0170715
        m4 = 0.00399311
        m5 = 0.483414
        m6 = 0.377295
        Tb = 36303.6
        Td = 6041.37
        Te = 3020.69
        Tf = 1510.34
DiffEv reached_goal. cost=2.28850e-03 spread=2.10247e-06
Fitted parameter values
Free:
       pc1 = 3.86819
       pc2 = -3.86493
       pc3 = -1.83409
       pc4 = 1.96639
       pc5 = -0.306011
       pc6 = -1.49822
       pc7 = 0.46457
       pc8 = 0.416308
       pc9 = 0.659724
      pc10 = 0.444499
      pc11 = -0.0831626
      pc12 = -0.114433
      pc13 = -0.0316861
      pc14 = 0.0532326
      pc15 = -0.0388912
Constrained:
     Tecnw = 60790.4
       Tnw = 920.442
       Tec = 3637.16
     twoNb = 3.17624e+06
     twoNe = 657247
     twoNc = 1.19054e+06
     twoNw = 3.02547e+06
    twoNec = 95281.8
    twoNnw = 177152
  twoNecnw = 13280
  twoNbecnw = 88071.9
        m2 = 0.0194151
        m4 = 0.00704246
        m5 = 0.476214
        m6 = 0.374286
        Tb = 32213.8
        Td = 1818.58
        Te = 909.289
        Tf = 454.644
#       SitePat  BranchLen
              b 147822.8092515
              e 57417.4891899
              c 60242.2625286
              n 54591.8205277
              w 54588.2789915
            b:e 2715.5223962
            b:c 3138.9405068
            b:n 2234.7966578
            b:w 2234.5866549
            e:c 12390.8316154
            e:n 6524.1427654
            e:w 6523.5669706
            c:n 5725.1352893
            c:w 5728.5517832
            n:w 14381.5684541
          b:e:c 2519.9414751
          b:e:n 1301.8220298
          b:e:w 1301.6243876
          b:c:n 1302.0704434
          b:c:w 1302.2680267
          b:n:w 2515.8367352
          e:c:n 5302.7867368
          e:c:w 5303.4875739
          e:n:w 8197.9461362
          c:n:w 6951.8354050
        b:e:c:n 2235.9997722
        b:e:c:w 2236.2098341
        b:e:n:w 3114.5600374
        b:c:n:w 2705.6099302
        e:c:n:w 61596.6672182
