########################################
# legofit: estimate population history #
#       version 2.3.4-4-g53f8760       #
########################################

# Program was compiled: Sep 21 2021 14:36:42
# Program was run: Mon Oct 11 09:44:36 2021

# cmd: legofit -1 -d 0 -t 32 --ptsPerDim 3 --stateOut b1boot32.state --tol 3e-6 -S 5000 bdef2.lgo ../../boot/boot32.opf
# Stage nOptItr nSimReps
#     0    5000        0
# algorithm          : deterministic
# ignoring probs <=  : 0
# Branch length floor: 0
# DE strategy        : 2
#    F               : 0.3
#    CR              : 0.8
#    tolerance       : 3e-06
# nthreads           : 32
# lgo input file     : bdef2.lgo
# site pat input file: ../../boot/boot32.opf
# free parameters    : 15
# points in DE swarm : 45
# output state file  : b1boot32.state
# Including singleton site patterns.
# cost function      : KL
Initial parameter values
Fixed:
      zero = 0
       one = 1
    Tbecnw = 75200
Free:
       pc1 = 0
       pc2 = 0
       pc3 = 0
       pc4 = 0
       pc5 = 0
       pc6 = 0
       pc7 = 0
       pc8 = 0
       pc9 = 0
      pc10 = 0
      pc11 = 0
      pc12 = 0
      pc13 = 0
      pc14 = 0
      pc15 = 0
Constrained:
     Tecnw = 60524.4
       Tnw = 3260.48
       Tec = 12082.7
     twoNb = 1.62638e+06
     twoNe = 225848
     twoNc = 554494
     twoNw = 1.79082e+06
    twoNec = 72305.5
    twoNnw = 161144
  twoNecnw = 13799.2
  twoNbecnw = 87895.9
        m2 = 0.0170715
        m4 = 0.00399311
        m5 = 0.483414
        m6 = 0.377295
        Tb = 36303.6
        Td = 6041.37
        Te = 3020.69
        Tf = 1510.34
DiffEv reached_goal. cost=2.34894e-03 spread=2.79003e-06
Fitted parameter values
Free:
       pc1 = 3.76938
       pc2 = -3.94982
       pc3 = -1.79125
       pc4 = 1.9721
       pc5 = 0.0545409
       pc6 = -1.81638
       pc7 = -0.148104
       pc8 = -0.0353211
       pc9 = 0.0704554
      pc10 = 0.517849
      pc11 = -0.0668507
      pc12 = -0.123039
      pc13 = -0.0322543
      pc14 = 0.117458
      pc15 = -0.0618098
Constrained:
     Tecnw = 60671.8
       Tnw = 1091.8
       Tec = 4343.87
     twoNb = 3.34165e+06
     twoNe = 603427
     twoNc = 1.5408e+06
     twoNw = 2.73756e+06
    twoNec = 92719.8
    twoNnw = 176727
  twoNecnw = 13336.1
  twoNbecnw = 88394.6
        m2 = 0.0202128
        m4 = 0.00781179
        m5 = 0.475864
        m6 = 0.373942
        Tb = 32507.8
        Td = 2171.93
        Te = 1085.97
        Tf = 542.983
#       SitePat  BranchLen
              b 148125.6267374
              e 57403.0667671
              c 60244.4584731
              n 54604.0000960
              w 54599.4792851
            b:e 2716.5069985
            b:c 3150.9914869
            b:n 2236.8991229
            b:w 2236.6303720
            e:c 12395.8975832
            e:n 6508.9962438
            e:w 6508.1709902
            c:n 5711.1249989
            c:w 5715.5737308
            n:w 14366.6943310
          b:e:c 2525.7283359
          b:e:n 1300.3156055
          b:e:w 1300.0539598
          b:c:n 1300.5161060
          b:c:w 1300.7776784
          b:n:w 2521.6275353
          e:c:n 5312.6319052
          e:c:w 5313.5292377
          e:n:w 8220.4862021
          c:n:w 6953.6102112
        b:e:c:n 2238.0440606
        b:e:c:w 2238.3128847
        b:e:n:w 3126.2502742
        b:c:n:w 2706.7943559
        e:c:n:w 61917.0844655
