########################################
# legofit: estimate population history #
#       version 2.3.4-4-g53f8760       #
########################################

# Program was compiled: Sep 21 2021 14:36:42
# Program was run: Mon Oct 11 09:44:19 2021

# cmd: legofit -1 -d 0 -t 32 --ptsPerDim 3 --stateOut b1boot18.state --tol 3e-6 -S 5000 bdef2.lgo ../../boot/boot18.opf
# Stage nOptItr nSimReps
#     0    5000        0
# algorithm          : deterministic
# ignoring probs <=  : 0
# Branch length floor: 0
# DE strategy        : 2
#    F               : 0.3
#    CR              : 0.8
#    tolerance       : 3e-06
# nthreads           : 32
# lgo input file     : bdef2.lgo
# site pat input file: ../../boot/boot18.opf
# free parameters    : 15
# points in DE swarm : 45
# output state file  : b1boot18.state
# Including singleton site patterns.
# cost function      : KL
Initial parameter values
Fixed:
      zero = 0
       one = 1
    Tbecnw = 75200
Free:
       pc1 = 0
       pc2 = 0
       pc3 = 0
       pc4 = 0
       pc5 = 0
       pc6 = 0
       pc7 = 0
       pc8 = 0
       pc9 = 0
      pc10 = 0
      pc11 = 0
      pc12 = 0
      pc13 = 0
      pc14 = 0
      pc15 = 0
Constrained:
     Tecnw = 60524.4
       Tnw = 3260.48
       Tec = 12082.7
     twoNb = 1.62638e+06
     twoNe = 225848
     twoNc = 554494
     twoNw = 1.79082e+06
    twoNec = 72305.5
    twoNnw = 161144
  twoNecnw = 13799.2
  twoNbecnw = 87895.9
        m2 = 0.0170715
        m4 = 0.00399311
        m5 = 0.483414
        m6 = 0.377295
        Tb = 36303.6
        Td = 6041.37
        Te = 3020.69
        Tf = 1510.34
DiffEv reached_goal. cost=2.33924e-03 spread=2.83293e-06
Fitted parameter values
Free:
       pc1 = 3.63866
       pc2 = -3.95525
       pc3 = -1.71498
       pc4 = 1.95597
       pc5 = 0.718186
       pc6 = -0.611428
       pc7 = 0.87255
       pc8 = 0.830428
       pc9 = 0.712235
      pc10 = 0.313436
      pc11 = 0.0271667
      pc12 = -0.200048
      pc13 = -0.0202737
      pc14 = 0.0560514
      pc15 = -0.0088929
Constrained:
     Tecnw = 60937.9
       Tnw = 877.558
       Tec = 3503.66
     twoNb = 3.21393e+06
     twoNe = 700024
     twoNc = 747084
     twoNw = 2.07044e+06
    twoNec = 95471.1
    twoNnw = 177155
  twoNecnw = 13198.9
  twoNbecnw = 88214.7
        m2 = 0.0196553
        m4 = 0.00534528
        m5 = 0.476218
        m6 = 0.373426
        Tb = 32220.8
        Td = 1751.83
        Te = 875.914
        Tf = 437.957
#       SitePat  BranchLen
              b 147898.4120676
              e 57471.1407018
              c 60281.2919939
              n 54661.8099976
              w 54657.0513042
            b:e 2730.1843441
            b:c 3136.8729005
            b:n 2247.2424729
            b:w 2246.9593114
            e:c 12467.1568125
            e:n 6537.7397238
            e:w 6536.8227592
            c:n 5733.3695571
            c:w 5738.1012634
            n:w 14440.9879463
          b:e:c 2538.6476128
          b:e:n 1307.4617650
          b:e:w 1307.1812144
          b:c:n 1307.5425973
          b:c:w 1307.8230701
          b:n:w 2534.6477364
          e:c:n 5316.3305988
          e:c:w 5317.2745505
          e:n:w 8190.6110127
          c:n:w 6971.2368129
        b:e:c:n 2248.2930399
        b:e:c:w 2248.5762791
        b:e:n:w 3115.2438282
        b:c:n:w 2720.1471540
        e:c:n:w 61562.5711509
