########################################
# legofit: estimate population history #
#       version 2.3.4-4-g53f8760       #
########################################

# Program was compiled: Sep 21 2021 14:36:42
# Program was run: Mon Oct 11 09:44:41 2021

# cmd: legofit -1 -d 0 -t 32 --ptsPerDim 3 --stateOut b1boot37.state --tol 3e-6 -S 5000 bdef2.lgo ../../boot/boot37.opf
# Stage nOptItr nSimReps
#     0    5000        0
# algorithm          : deterministic
# ignoring probs <=  : 0
# Branch length floor: 0
# DE strategy        : 2
#    F               : 0.3
#    CR              : 0.8
#    tolerance       : 3e-06
# nthreads           : 32
# lgo input file     : bdef2.lgo
# site pat input file: ../../boot/boot37.opf
# free parameters    : 15
# points in DE swarm : 45
# output state file  : b1boot37.state
# Including singleton site patterns.
# cost function      : KL
Initial parameter values
Fixed:
      zero = 0
       one = 1
    Tbecnw = 75200
Free:
       pc1 = 0
       pc2 = 0
       pc3 = 0
       pc4 = 0
       pc5 = 0
       pc6 = 0
       pc7 = 0
       pc8 = 0
       pc9 = 0
      pc10 = 0
      pc11 = 0
      pc12 = 0
      pc13 = 0
      pc14 = 0
      pc15 = 0
Constrained:
     Tecnw = 60524.4
       Tnw = 3260.48
       Tec = 12082.7
     twoNb = 1.62638e+06
     twoNe = 225848
     twoNc = 554494
     twoNw = 1.79082e+06
    twoNec = 72305.5
    twoNnw = 161144
  twoNecnw = 13799.2
  twoNbecnw = 87895.9
        m2 = 0.0170715
        m4 = 0.00399311
        m5 = 0.483414
        m6 = 0.377295
        Tb = 36303.6
        Td = 6041.37
        Te = 3020.69
        Tf = 1510.34
DiffEv reached_goal. cost=2.33620e-03 spread=2.92434e-06
Fitted parameter values
Free:
       pc1 = 3.77019
       pc2 = -3.96156
       pc3 = -1.86432
       pc4 = 1.87684
       pc5 = -0.169841
       pc6 = -1.57641
       pc7 = 0.56152
       pc8 = -0.0836303
       pc9 = 0.225043
      pc10 = 0.144087
      pc11 = -0.117415
      pc12 = -0.0479187
      pc13 = -0.0512396
      pc14 = 0.147973
      pc15 = -0.0591327
Constrained:
     Tecnw = 60807.7
       Tnw = 1031.4
       Tec = 4090.94
     twoNb = 3.35758e+06
     twoNe = 627423
     twoNc = 1.34243e+06
     twoNw = 3.0953e+06
    twoNec = 94123.6
    twoNnw = 175459
  twoNecnw = 13222.1
  twoNbecnw = 88311.3
        m2 = 0.0190957
        m4 = 0.00680263
        m5 = 0.474293
        m6 = 0.371873
        Tb = 32449.3
        Td = 2045.47
        Te = 1022.73
        Tf = 511.367
#       SitePat  BranchLen
              b 148094.3368736
              e 57381.8289731
              c 60224.7215027
              n 54533.7315201
              w 54529.9372452
            b:e 2708.1718128
            b:c 3131.3811090
            b:n 2229.1812630
            b:w 2228.9563919
            e:c 12422.2164486
            e:n 6502.4938037
            e:w 6501.8365583
            c:n 5698.5775371
            c:w 5702.2775739
            n:w 14435.9218561
          b:e:c 2527.1737526
          b:e:n 1295.3149028
          b:e:w 1295.0993312
          b:c:n 1295.5075811
          b:c:w 1295.7230945
          b:n:w 2523.3493470
          e:c:n 5293.0472162
          e:c:w 5293.7986998
          e:n:w 8198.9193448
          c:n:w 6945.3867573
        b:e:c:n 2230.2600328
        b:e:c:w 2230.4849621
        b:e:n:w 3108.8651056
        b:c:n:w 2698.9546768
        e:c:n:w 61903.2492924
