########################################
# legofit: estimate population history #
#       version 2.3.4-4-g53f8760       #
########################################

# Program was compiled: Sep 21 2021 14:36:42
# Program was run: Thu Sep 30 01:40:31 2021

# cmd: legofit -1 -d 0 -t 32 --ptsPerDim 3 --stateOut b1.state --tol 3e-6 -S 5000 abcf2.lgo ../../pan.opf
# Stage nOptItr nSimReps
#     0    5000        0
# algorithm          : deterministic
# ignoring probs <=  : 0
# Branch length floor: 0
# DE strategy        : 2
#    F               : 0.3
#    CR              : 0.8
#    tolerance       : 3e-06
# nthreads           : 32
# lgo input file     : abcf2.lgo
# site pat input file: ../../pan.opf
# free parameters    : 18
# points in DE swarm : 54
# output state file  : b1.state
# Including singleton site patterns.
# cost function      : KL
Initial parameter values
Fixed:
      zero = 0
       one = 1
    Tbecnw = 75200
Free:
       pc1 = 0
       pc2 = 0
       pc3 = 0
       pc4 = 0
       pc5 = 0
       pc6 = 0
       pc7 = 0
       pc8 = 0
       pc9 = 0
      pc10 = 0
      pc11 = 0
      pc12 = 0
      pc13 = 0
      pc14 = 0
      pc15 = 0
      pc16 = 0
      pc17 = 0
      pc18 = 0
Constrained:
   Tgbecnw = 90751.3
     Tecnw = 24321.5
       Tnw = 17435.1
       Tec = 14755.4
     twoNb = 537083
     twoNe = 102667
     twoNc = 1.22653e+06
     twoNn = 853143
     twoNw = 6.53909e+06
    twoNec = 81419.9
    twoNnw = 24739.8
  twoNecnw = 73209.7
  twoNbecnw = 5774.35
  twoNgbecnw = 372995
         m = 0.0872895
        m2 = 0.028691
        m3 = 0.260932
        m6 = 5.24692e-08
        Tb = 19538.5
        Ta = 47369.2
        Tc = 8717.53
        Tf = 4358.76
DiffEv reached_goal. cost=1.72143e-03 spread=2.94270e-06
Fitted parameter values
Free:
       pc1 = 3.79573
       pc2 = -1.44755
       pc3 = -1.70225
       pc4 = -0.260084
       pc5 = 0.664371
       pc6 = -1.51272
       pc7 = -0.610321
       pc8 = 1.03587
       pc9 = -0.293795
      pc10 = 0.83862
      pc11 = 1.11731
      pc12 = -0.257532
      pc13 = -0.0924806
      pc14 = -0.034992
      pc15 = -0.0112823
      pc16 = 0.0078855
      pc17 = 0.0351395
      pc18 = -0.0129165
Constrained:
   Tgbecnw = 78514.9
     Tecnw = 24140.5
       Tnw = 17257.5
       Tec = 13137.4
     twoNb = 518454
     twoNe = 76013.9
     twoNc = 2.82186e+06
     twoNn = 1.12337e+06
     twoNw = 5.67526e+06
    twoNec = 93896.6
    twoNnw = 24758.8
  twoNecnw = 69097.2
  twoNbecnw = 1249.99
  twoNgbecnw = 402799
         m = 0.0764825
        m2 = 0.0291015
        m3 = 0.256802
        m6 = 2.24784e-07
        Tb = 18639
        Ta = 46919.5
        Tc = 8628.73
        Tf = 4314.36
#       SitePat  BranchLen
              b 121482.0183001
              e 48131.2213789
              c 48767.6526476
              n 43607.3840063
              w 45875.2781825
            b:e 2220.5320586
            b:c 2268.9254458
            b:n 1602.2079472
            b:w 1735.5037457
            e:c 10041.3222400
            e:n 5763.9665043
            e:w 4561.4768115
            c:n 5127.5323580
            c:w 4714.9158059
            n:w 12168.6559336
          b:e:c 1935.4659499
          b:e:n 1051.7567419
          b:e:w 1013.2461445
          b:c:n 1003.3628830
          b:c:w 1072.6903344
          b:n:w 1905.8840719
          e:c:n 4934.8682469
          e:c:w 4165.9293495
          e:n:w 5813.6661401
          c:n:w 5660.2299218
        b:e:c:n 2000.8256059
        b:e:c:w 1952.8639628
        b:e:n:w 3006.2445136
        b:c:n:w 2946.8008969
        e:c:n:w 50604.9431349
