########################################
# legofit: estimate population history #
#       version 2.3.4-4-g53f8760       #
########################################

# Program was compiled: Sep 21 2021 14:36:42
# Program was run: Thu Sep 30 01:42:58 2021

# cmd: legofit -1 -d 0 -t 32 --ptsPerDim 3 --stateOut b1boot30.state --tol 3e-6 -S 5000 abcf2.lgo ../../boot/boot30.opf
# Stage nOptItr nSimReps
#     0    5000        0
# algorithm          : deterministic
# ignoring probs <=  : 0
# Branch length floor: 0
# DE strategy        : 2
#    F               : 0.3
#    CR              : 0.8
#    tolerance       : 3e-06
# nthreads           : 32
# lgo input file     : abcf2.lgo
# site pat input file: ../../boot/boot30.opf
# free parameters    : 18
# points in DE swarm : 54
# output state file  : b1boot30.state
# Including singleton site patterns.
# cost function      : KL
Initial parameter values
Fixed:
      zero = 0
       one = 1
    Tbecnw = 75200
Free:
       pc1 = 0
       pc2 = 0
       pc3 = 0
       pc4 = 0
       pc5 = 0
       pc6 = 0
       pc7 = 0
       pc8 = 0
       pc9 = 0
      pc10 = 0
      pc11 = 0
      pc12 = 0
      pc13 = 0
      pc14 = 0
      pc15 = 0
      pc16 = 0
      pc17 = 0
      pc18 = 0
Constrained:
   Tgbecnw = 90751.3
     Tecnw = 24321.5
       Tnw = 17435.1
       Tec = 14755.4
     twoNb = 537083
     twoNe = 102667
     twoNc = 1.22653e+06
     twoNn = 853143
     twoNw = 6.53909e+06
    twoNec = 81419.9
    twoNnw = 24739.8
  twoNecnw = 73209.7
  twoNbecnw = 5774.35
  twoNgbecnw = 372995
         m = 0.0872895
        m2 = 0.028691
        m3 = 0.260932
        m6 = 5.24692e-08
        Tb = 19538.5
        Ta = 47369.2
        Tc = 8717.53
        Tf = 4358.76
DiffEv reached_goal. cost=1.74783e-03 spread=2.75480e-06
Fitted parameter values
Free:
       pc1 = 2.61618
       pc2 = -2.68112
       pc3 = -1.79244
       pc4 = -0.340249
       pc5 = 0.925747
       pc6 = -1.16215
       pc7 = -1.22897
       pc8 = 0.831555
       pc9 = 0.105608
      pc10 = 0.355238
      pc11 = -0.09201
      pc12 = -0.389904
      pc13 = -0.05641
      pc14 = -0.0229171
      pc15 = -0.0577459
      pc16 = 0.0037447
      pc17 = 0.0544603
      pc18 = -0.0197129
Constrained:
   Tgbecnw = 76824.3
     Tecnw = 23948.2
       Tnw = 17417.9
       Tec = 14077.1
     twoNb = 498259
     twoNe = 93862.4
     twoNc = 1.68805e+06
     twoNn = 551883
     twoNw = 3.24345e+06
    twoNec = 83764.3
    twoNnw = 22813
  twoNecnw = 69707.5
  twoNbecnw = 614.443
  twoNgbecnw = 403800
         m = 0.076833
        m2 = 0.0284487
        m3 = 0.265578
        m6 = 2.0679e-07
        Tb = 19012.7
        Ta = 47106.3
        Tc = 8708.94
        Tf = 4354.47
#       SitePat  BranchLen
              b 121305.2791909
              e 48053.8720464
              c 48680.3380032
              n 43440.0713234
              w 45750.4799851
            b:e 2216.7040846
            b:c 2264.9296736
            b:n 1596.5180737
            b:w 1735.2611271
            e:c 10009.9223221
            e:n 5749.5523086
            e:w 4543.7475987
            c:n 5123.0836394
            c:w 4696.4495672
            n:w 12212.1915187
          b:e:c 1942.2762787
          b:e:n 1050.0435187
          b:e:w 1012.0715400
          b:c:n 1001.8174860
          b:c:w 1071.2033460
          b:n:w 1910.9272766
          e:c:n 4930.3225016
          e:c:w 4136.2160595
          e:n:w 5799.9498544
          c:n:w 5647.2505079
        b:e:c:n 2005.3551452
        b:e:c:w 1951.3348169
        b:e:n:w 2993.4163125
        b:c:n:w 2934.2850406
        e:c:n:w 50596.6387031
