########################################
# legofit: estimate population history #
#       version 2.3.4-4-g53f8760       #
########################################

# Program was compiled: Sep 21 2021 14:36:42
# Program was run: Thu Sep 30 01:41:03 2021

# cmd: legofit -1 -d 0 -t 32 --ptsPerDim 3 --stateOut b1boot7.state --tol 3e-6 -S 5000 abcf2.lgo ../../boot/boot7.opf
# Stage nOptItr nSimReps
#     0    5000        0
# algorithm          : deterministic
# ignoring probs <=  : 0
# Branch length floor: 0
# DE strategy        : 2
#    F               : 0.3
#    CR              : 0.8
#    tolerance       : 3e-06
# nthreads           : 32
# lgo input file     : abcf2.lgo
# site pat input file: ../../boot/boot7.opf
# free parameters    : 18
# points in DE swarm : 54
# output state file  : b1boot7.state
# Including singleton site patterns.
# cost function      : KL
Initial parameter values
Fixed:
      zero = 0
       one = 1
    Tbecnw = 75200
Free:
       pc1 = 0
       pc2 = 0
       pc3 = 0
       pc4 = 0
       pc5 = 0
       pc6 = 0
       pc7 = 0
       pc8 = 0
       pc9 = 0
      pc10 = 0
      pc11 = 0
      pc12 = 0
      pc13 = 0
      pc14 = 0
      pc15 = 0
      pc16 = 0
      pc17 = 0
      pc18 = 0
Constrained:
   Tgbecnw = 90751.3
     Tecnw = 24321.5
       Tnw = 17435.1
       Tec = 14755.4
     twoNb = 537083
     twoNe = 102667
     twoNc = 1.22653e+06
     twoNn = 853143
     twoNw = 6.53909e+06
    twoNec = 81419.9
    twoNnw = 24739.8
  twoNecnw = 73209.7
  twoNbecnw = 5774.35
  twoNgbecnw = 372995
         m = 0.0872895
        m2 = 0.028691
        m3 = 0.260932
        m6 = 5.24692e-08
        Tb = 19538.5
        Ta = 47369.2
        Tc = 8717.53
        Tf = 4358.76
DiffEv reached_goal. cost=1.70467e-03 spread=2.82177e-06
Fitted parameter values
Free:
       pc1 = 3.62692
       pc2 = -0.724228
       pc3 = -1.93472
       pc4 = 0.0653857
       pc5 = 0.619936
       pc6 = -1.53558
       pc7 = -0.937239
       pc8 = 1.07505
       pc9 = 0.982862
      pc10 = 0.510228
      pc11 = -0.127351
      pc12 = -0.345839
      pc13 = -0.0912303
      pc14 = 0.152937
      pc15 = -0.0918627
      pc16 = 0.0676698
      pc17 = 0.0275412
      pc18 = -0.0170737
Constrained:
   Tgbecnw = 78693.6
     Tecnw = 24301
       Tnw = 16941.2
       Tec = 12895.2
     twoNb = 529692
     twoNe = 83205
     twoNc = 2.97377e+06
     twoNn = 943461
     twoNw = 2.91546e+06
    twoNec = 97064.5
    twoNnw = 25734.4
  twoNecnw = 68761.5
  twoNbecnw = 1327.97
  twoNgbecnw = 395358
         m = 0.0783792
        m2 = 0.0288138
        m3 = 0.275974
        m6 = 1.53312e-07
        Tb = 18598.1
        Ta = 46899
        Tc = 8470.58
        Tf = 4235.29
#       SitePat  BranchLen
              b 121743.6363577
              e 48133.1741236
              c 48751.4981150
              n 43564.4787039
              w 45954.1074901
            b:e 2219.8692324
            b:c 2266.6611760
            b:n 1606.1631910
            b:w 1746.1218877
            e:c 10029.4923569
            e:n 5793.6152416
            e:w 4558.0843564
            c:n 5175.2892247
            c:w 4706.2637981
            n:w 12154.5924688
          b:e:c 1932.5867369
          b:e:n 1054.1242440
          b:e:w 1018.0822375
          b:c:n 1007.3319712
          b:c:w 1075.5080917
          b:n:w 1904.4170354
          e:c:n 4972.1422762
          e:c:w 4162.3694492
          e:n:w 5809.7820234
          c:n:w 5661.6045379
        b:e:c:n 2010.1159728
        b:e:c:w 1962.7235632
        b:e:n:w 2999.9305034
        b:c:n:w 2942.5050477
        e:c:n:w 50833.6851226
