########################################
# legofit: estimate population history #
#       version 2.3.4-4-g53f8760       #
########################################

# Program was compiled: Sep 21 2021 14:36:42
# Program was run: Thu Sep 30 01:43:16 2021

# cmd: legofit -1 -d 0 -t 32 --ptsPerDim 3 --stateOut b1boot38.state --tol 3e-6 -S 5000 abcf2.lgo ../../boot/boot38.opf
# Stage nOptItr nSimReps
#     0    5000        0
# algorithm          : deterministic
# ignoring probs <=  : 0
# Branch length floor: 0
# DE strategy        : 2
#    F               : 0.3
#    CR              : 0.8
#    tolerance       : 3e-06
# nthreads           : 32
# lgo input file     : abcf2.lgo
# site pat input file: ../../boot/boot38.opf
# free parameters    : 18
# points in DE swarm : 54
# output state file  : b1boot38.state
# Including singleton site patterns.
# cost function      : KL
Initial parameter values
Fixed:
      zero = 0
       one = 1
    Tbecnw = 75200
Free:
       pc1 = 0
       pc2 = 0
       pc3 = 0
       pc4 = 0
       pc5 = 0
       pc6 = 0
       pc7 = 0
       pc8 = 0
       pc9 = 0
      pc10 = 0
      pc11 = 0
      pc12 = 0
      pc13 = 0
      pc14 = 0
      pc15 = 0
      pc16 = 0
      pc17 = 0
      pc18 = 0
Constrained:
   Tgbecnw = 90751.3
     Tecnw = 24321.5
       Tnw = 17435.1
       Tec = 14755.4
     twoNb = 537083
     twoNe = 102667
     twoNc = 1.22653e+06
     twoNn = 853143
     twoNw = 6.53909e+06
    twoNec = 81419.9
    twoNnw = 24739.8
  twoNecnw = 73209.7
  twoNbecnw = 5774.35
  twoNgbecnw = 372995
         m = 0.0872895
        m2 = 0.028691
        m3 = 0.260932
        m6 = 5.24692e-08
        Tb = 19538.5
        Ta = 47369.2
        Tc = 8717.53
        Tf = 4358.76
DiffEv reached_goal. cost=1.70946e-03 spread=2.85577e-06
Fitted parameter values
Free:
       pc1 = 3.79121
       pc2 = -1.21317
       pc3 = -1.697
       pc4 = 0.173612
       pc5 = 0.504574
       pc6 = -1.44159
       pc7 = -0.664765
       pc8 = 0.878498
       pc9 = 1.08854
      pc10 = 0.0980736
      pc11 = 0.327615
      pc12 = -0.628893
      pc13 = 0.112213
      pc14 = 0.17391
      pc15 = -0.0247771
      pc16 = 0.0264746
      pc17 = 0.0814908
      pc18 = -0.0273495
Constrained:
   Tgbecnw = 77883.3
     Tecnw = 24233.1
       Tnw = 16733.5
       Tec = 13183.4
     twoNb = 532772
     twoNe = 88130.3
     twoNc = 2.82906e+06
     twoNn = 1.2777e+06
     twoNw = 3.67502e+06
    twoNec = 93991.4
    twoNnw = 26199.7
  twoNecnw = 67978.2
  twoNbecnw = 1018.77
  twoNgbecnw = 397910
         m = 0.0761883
        m2 = 0.0288462
        m3 = 0.268892
        m6 = 1.34506e-07
        Tb = 18708.3
        Ta = 46954.1
        Tc = 8366.76
        Tf = 4183.38
#       SitePat  BranchLen
              b 121028.4291973
              e 47942.7985111
              c 48556.6871717
              n 43324.7343150
              w 45644.8069405
            b:e 2199.1092545
            b:c 2245.4245074
            b:n 1585.4156339
            b:w 1721.4248293
            e:c 9987.7163660
            e:n 5735.4820824
            e:w 4529.7893358
            c:n 5121.5916563
            c:w 4677.6174757
            n:w 12177.8128323
          b:e:c 1917.5482127
          b:e:n 1039.4149911
          b:e:w 1003.2996892
          b:c:n 993.0994529
          b:c:w 1060.0786687
          b:n:w 1888.6012584
          e:c:n 4937.4416604
          e:c:w 4147.5760520
          e:n:w 5806.7606472
          c:n:w 5658.9342131
        b:e:c:n 1979.8481365
        b:e:c:w 1932.4349821
        b:e:n:w 2966.8617949
        b:c:n:w 2910.0831605
        e:c:n:w 50344.9922338
