########################################
# legofit: estimate population history #
#       version 2.3.4-4-g53f8760       #
########################################

# Program was compiled: Sep 21 2021 14:36:42
# Program was run: Thu Sep 30 01:41:38 2021

# cmd: legofit -1 -d 0 -t 32 --ptsPerDim 3 --stateOut b1boot14.state --tol 3e-6 -S 5000 abcf2.lgo ../../boot/boot14.opf
# Stage nOptItr nSimReps
#     0    5000        0
# algorithm          : deterministic
# ignoring probs <=  : 0
# Branch length floor: 0
# DE strategy        : 2
#    F               : 0.3
#    CR              : 0.8
#    tolerance       : 3e-06
# nthreads           : 32
# lgo input file     : abcf2.lgo
# site pat input file: ../../boot/boot14.opf
# free parameters    : 18
# points in DE swarm : 54
# output state file  : b1boot14.state
# Including singleton site patterns.
# cost function      : KL
Initial parameter values
Fixed:
      zero = 0
       one = 1
    Tbecnw = 75200
Free:
       pc1 = 0
       pc2 = 0
       pc3 = 0
       pc4 = 0
       pc5 = 0
       pc6 = 0
       pc7 = 0
       pc8 = 0
       pc9 = 0
      pc10 = 0
      pc11 = 0
      pc12 = 0
      pc13 = 0
      pc14 = 0
      pc15 = 0
      pc16 = 0
      pc17 = 0
      pc18 = 0
Constrained:
   Tgbecnw = 90751.3
     Tecnw = 24321.5
       Tnw = 17435.1
       Tec = 14755.4
     twoNb = 537083
     twoNe = 102667
     twoNc = 1.22653e+06
     twoNn = 853143
     twoNw = 6.53909e+06
    twoNec = 81419.9
    twoNnw = 24739.8
  twoNecnw = 73209.7
  twoNbecnw = 5774.35
  twoNgbecnw = 372995
         m = 0.0872895
        m2 = 0.028691
        m3 = 0.260932
        m6 = 5.24692e-08
        Tb = 19538.5
        Ta = 47369.2
        Tc = 8717.53
        Tf = 4358.76
DiffEv reached_goal. cost=1.70048e-03 spread=2.98085e-06
Fitted parameter values
Free:
       pc1 = 2.00353
       pc2 = -1.68069
       pc3 = -1.88321
       pc4 = -0.57262
       pc5 = 0.720401
       pc6 = -1.44356
       pc7 = -1.61729
       pc8 = 1.54368
       pc9 = 0.0854682
      pc10 = 0.0500683
      pc11 = 0.577336
      pc12 = 0.0258447
      pc13 = -0.028762
      pc14 = 0.0289728
      pc15 = -0.0377571
      pc16 = -0.0120459
      pc17 = 0.0539969
      pc18 = -0.0271054
Constrained:
   Tgbecnw = 79004.7
     Tecnw = 23909.8
       Tnw = 17607.3
       Tec = 14061.8
     twoNb = 555834
     twoNe = 95744.5
     twoNc = 3.05376e+06
     twoNn = 676092
     twoNw = 4.92308e+06
    twoNec = 84395.2
    twoNnw = 21825.6
  twoNecnw = 70632.4
  twoNbecnw = 1447.53
  twoNgbecnw = 392064
         m = 0.0801134
        m2 = 0.0285401
        m3 = 0.269219
        m6 = 2.30242e-07
        Tb = 18985.8
        Ta = 47092.9
        Tc = 8803.66
        Tf = 4401.83
#       SitePat  BranchLen
              b 122015.4121221
              e 48333.2960460
              c 48947.7850535
              n 43631.1636606
              w 45945.0666127
            b:e 2230.2842737
            b:c 2277.6201853
            b:n 1610.0685544
            b:w 1751.8708847
            e:c 10063.8356765
            e:n 5788.6358992
            e:w 4585.2412719
            c:n 5174.1438419
            c:w 4735.2763065
            n:w 12301.7897887
          b:e:c 1958.2909255
          b:e:n 1060.0556814
          b:e:w 1023.6218467
          b:c:n 1012.7192733
          b:c:w 1081.9527945
          b:n:w 1929.8547776
          e:c:n 4956.2339712
          e:c:w 4159.0485018
          e:n:w 5843.5719070
          c:n:w 5693.5398148
        b:e:c:n 2021.3358099
        b:e:c:w 1972.2785222
        b:e:n:w 3030.9478273
        b:c:n:w 2972.6174833
        e:c:n:w 50922.2529996
