########################################
# legofit: estimate population history #
#       version 2.3.4-4-g53f8760       #
########################################

# Program was compiled: Sep 21 2021 14:36:42
# Program was run: Thu Sep 30 01:43:04 2021

# cmd: legofit -1 -d 0 -t 32 --ptsPerDim 3 --stateOut b1boot36.state --tol 3e-6 -S 5000 abcf2.lgo ../../boot/boot36.opf
# Stage nOptItr nSimReps
#     0    5000        0
# algorithm          : deterministic
# ignoring probs <=  : 0
# Branch length floor: 0
# DE strategy        : 2
#    F               : 0.3
#    CR              : 0.8
#    tolerance       : 3e-06
# nthreads           : 32
# lgo input file     : abcf2.lgo
# site pat input file: ../../boot/boot36.opf
# free parameters    : 18
# points in DE swarm : 54
# output state file  : b1boot36.state
# Including singleton site patterns.
# cost function      : KL
Initial parameter values
Fixed:
      zero = 0
       one = 1
    Tbecnw = 75200
Free:
       pc1 = 0
       pc2 = 0
       pc3 = 0
       pc4 = 0
       pc5 = 0
       pc6 = 0
       pc7 = 0
       pc8 = 0
       pc9 = 0
      pc10 = 0
      pc11 = 0
      pc12 = 0
      pc13 = 0
      pc14 = 0
      pc15 = 0
      pc16 = 0
      pc17 = 0
      pc18 = 0
Constrained:
   Tgbecnw = 90751.3
     Tecnw = 24321.5
       Tnw = 17435.1
       Tec = 14755.4
     twoNb = 537083
     twoNe = 102667
     twoNc = 1.22653e+06
     twoNn = 853143
     twoNw = 6.53909e+06
    twoNec = 81419.9
    twoNnw = 24739.8
  twoNecnw = 73209.7
  twoNbecnw = 5774.35
  twoNgbecnw = 372995
         m = 0.0872895
        m2 = 0.028691
        m3 = 0.260932
        m6 = 5.24692e-08
        Tb = 19538.5
        Ta = 47369.2
        Tc = 8717.53
        Tf = 4358.76
DiffEv reached_goal. cost=1.73325e-03 spread=2.95407e-06
Fitted parameter values
Free:
       pc1 = 3.90586
       pc2 = -2.3374
       pc3 = -1.31342
       pc4 = -0.187676
       pc5 = 0.0946114
       pc6 = -1.94569
       pc7 = -0.642924
       pc8 = 0.356801
       pc9 = -0.140423
      pc10 = 0.147364
      pc11 = -0.0380514
      pc12 = -0.0592178
      pc13 = -0.011871
      pc14 = -0.113527
      pc15 = 0.0596029
      pc16 = 0.00926476
      pc17 = 0.0351127
      pc18 = -0.0210121
Constrained:
   Tgbecnw = 76586.8
     Tecnw = 24058.3
       Tnw = 16434.5
       Tec = 13210.9
     twoNb = 500216
     twoNe = 91481.4
     twoNc = 1.13873e+06
     twoNn = 1.5345e+06
     twoNw = 3.42211e+06
    twoNec = 91881.5
    twoNnw = 27409
  twoNecnw = 69244.8
  twoNbecnw = 525.165
  twoNgbecnw = 401408
         m = 0.0764344
        m2 = 0.0289321
        m3 = 0.26169
        m6 = 2.32081e-07
        Tb = 18634.6
        Ta = 46917.3
        Tc = 8217.24
        Tf = 4108.62
#       SitePat  BranchLen
              b 120863.9125276
              e 47996.8089864
              c 48595.0746844
              n 43468.5104528
              w 45745.0011483
            b:e 2204.9136183
            b:c 2250.0855487
            b:n 1594.7191913
            b:w 1726.5062000
            e:c 10015.8304927
            e:n 5729.7144061
            e:w 4549.4365878
            c:n 5131.4457111
            c:w 4692.7351039
            n:w 12170.4927638
          b:e:c 1922.5350263
          b:e:n 1044.4596528
          b:e:w 1009.3232957
          b:c:n 999.2872361
          b:c:w 1064.7346216
          b:n:w 1892.1992885
          e:c:n 4918.2546542
          e:c:w 4146.3031923
          e:n:w 5758.3291766
          c:n:w 5615.0335560
        b:e:c:n 1995.3396636
        b:e:c:w 1947.6908623
        b:e:n:w 2976.5647210
        b:c:n:w 2921.1539829
        e:c:n:w 50197.9212810
