########################################
# legofit: estimate population history #
#       version 2.3.4-4-g53f8760       #
########################################

# Program was compiled: Sep 21 2021 14:36:42
# Program was run: Thu Sep 30 01:40:35 2021

# cmd: legofit -1 -d 0 -t 32 --ptsPerDim 3 --stateOut b1boot0.state --tol 3e-6 -S 5000 abcf2.lgo ../../boot/boot0.opf
# Stage nOptItr nSimReps
#     0    5000        0
# algorithm          : deterministic
# ignoring probs <=  : 0
# Branch length floor: 0
# DE strategy        : 2
#    F               : 0.3
#    CR              : 0.8
#    tolerance       : 3e-06
# nthreads           : 32
# lgo input file     : abcf2.lgo
# site pat input file: ../../boot/boot0.opf
# free parameters    : 18
# points in DE swarm : 54
# output state file  : b1boot0.state
# Including singleton site patterns.
# cost function      : KL
Initial parameter values
Fixed:
      zero = 0
       one = 1
    Tbecnw = 75200
Free:
       pc1 = 0
       pc2 = 0
       pc3 = 0
       pc4 = 0
       pc5 = 0
       pc6 = 0
       pc7 = 0
       pc8 = 0
       pc9 = 0
      pc10 = 0
      pc11 = 0
      pc12 = 0
      pc13 = 0
      pc14 = 0
      pc15 = 0
      pc16 = 0
      pc17 = 0
      pc18 = 0
Constrained:
   Tgbecnw = 90751.3
     Tecnw = 24321.5
       Tnw = 17435.1
       Tec = 14755.4
     twoNb = 537083
     twoNe = 102667
     twoNc = 1.22653e+06
     twoNn = 853143
     twoNw = 6.53909e+06
    twoNec = 81419.9
    twoNnw = 24739.8
  twoNecnw = 73209.7
  twoNbecnw = 5774.35
  twoNgbecnw = 372995
         m = 0.0872895
        m2 = 0.028691
        m3 = 0.260932
        m6 = 5.24692e-08
        Tb = 19538.5
        Ta = 47369.2
        Tc = 8717.53
        Tf = 4358.76
DiffEv reached_goal. cost=1.72573e-03 spread=2.80517e-06
Fitted parameter values
Free:
       pc1 = 3.51813
       pc2 = -2.36807
       pc3 = -1.87978
       pc4 = 0.465615
       pc5 = 0.116813
       pc6 = -0.714362
       pc7 = -1.33339
       pc8 = 0.511618
       pc9 = 0.510361
      pc10 = 1.27008
      pc11 = 0.0997049
      pc12 = -0.529335
      pc13 = 0.104518
      pc14 = 0.170927
      pc15 = -0.0447276
      pc16 = 0.0313647
      pc17 = 0.0343446
      pc18 = -0.0185718
Constrained:
   Tgbecnw = 76081.2
     Tecnw = 23992.2
       Tnw = 17318.9
       Tec = 13356.6
     twoNb = 488744
     twoNe = 86496.9
     twoNc = 1.1618e+06
     twoNn = 282188
     twoNw = 5.4542e+06
    twoNec = 90651.1
    twoNnw = 23297.6
  twoNecnw = 68291.9
  twoNbecnw = 334.158
  twoNgbecnw = 403294
         m = 0.0750791
        m2 = 0.0292235
        m3 = 0.270064
        m6 = 1.52734e-07
        Tb = 18674.4
        Ta = 46937.2
        Tc = 8659.44
        Tf = 4329.72
#       SitePat  BranchLen
              b 120568.3652749
              e 47794.3155394
              c 48401.4361301
              n 43228.3359706
              w 45535.9362819
            b:e 2205.3230522
            b:c 2251.6124411
            b:n 1582.0703028
            b:w 1713.4123222
            e:c 9949.2239057
            e:n 5723.9782711
            e:w 4527.6904242
            c:n 5116.8556976
            c:w 4675.0359033
            n:w 12097.3478358
          b:e:c 1913.3109009
          b:e:n 1037.4633583
          b:e:w 1001.1188105
          b:c:n 991.1736442
          b:c:w 1057.7622089
          b:n:w 1881.1326521
          e:c:n 4917.3455733
          e:c:w 4131.8691504
          e:n:w 5794.4198425
          c:n:w 5647.0762805
        b:e:c:n 1977.0874353
        b:e:c:w 1931.4851959
        b:e:n:w 2966.9877194
        b:c:n:w 2910.3447118
        e:c:n:w 50117.0310283
