########################################
# legofit: estimate population history #
#       version 2.3.4-4-g53f8760       #
########################################

# Program was compiled: Sep 21 2021 14:36:42
# Program was run: Thu Sep 30 01:51:49 2021

# cmd: legofit -1 -d 0 -t 32 --ptsPerDim 3 --stateOut b1boot42.state --tol 3e-6 -S 5000 abcf2.lgo ../../boot/boot42.opf
# Stage nOptItr nSimReps
#     0    5000        0
# algorithm          : deterministic
# ignoring probs <=  : 0
# Branch length floor: 0
# DE strategy        : 2
#    F               : 0.3
#    CR              : 0.8
#    tolerance       : 3e-06
# nthreads           : 32
# lgo input file     : abcf2.lgo
# site pat input file: ../../boot/boot42.opf
# free parameters    : 18
# points in DE swarm : 54
# output state file  : b1boot42.state
# Including singleton site patterns.
# cost function      : KL
Initial parameter values
Fixed:
      zero = 0
       one = 1
    Tbecnw = 75200
Free:
       pc1 = 0
       pc2 = 0
       pc3 = 0
       pc4 = 0
       pc5 = 0
       pc6 = 0
       pc7 = 0
       pc8 = 0
       pc9 = 0
      pc10 = 0
      pc11 = 0
      pc12 = 0
      pc13 = 0
      pc14 = 0
      pc15 = 0
      pc16 = 0
      pc17 = 0
      pc18 = 0
Constrained:
   Tgbecnw = 90751.3
     Tecnw = 24321.5
       Tnw = 17435.1
       Tec = 14755.4
     twoNb = 537083
     twoNe = 102667
     twoNc = 1.22653e+06
     twoNn = 853143
     twoNw = 6.53909e+06
    twoNec = 81419.9
    twoNnw = 24739.8
  twoNecnw = 73209.7
  twoNbecnw = 5774.35
  twoNgbecnw = 372995
         m = 0.0872895
        m2 = 0.028691
        m3 = 0.260932
        m6 = 5.24692e-08
        Tb = 19538.5
        Ta = 47369.2
        Tc = 8717.53
        Tf = 4358.76
DiffEv reached_goal. cost=1.71265e-03 spread=2.89296e-06
Fitted parameter values
Free:
       pc1 = 3.52044
       pc2 = -1.47746
       pc3 = -1.90861
       pc4 = 0.453385
       pc5 = 0.50725
       pc6 = -1.29332
       pc7 = -1.31004
       pc8 = 1.14912
       pc9 = -0.167418
      pc10 = 0.306639
      pc11 = 1.07728
      pc12 = -0.283346
      pc13 = 0.0908251
      pc14 = -0.0221141
      pc15 = 0.012409
      pc16 = 0.0464883
      pc17 = 0.0817461
      pc18 = -0.0162153
Constrained:
   Tgbecnw = 78590.4
     Tecnw = 24135.8
       Tnw = 17427.7
       Tec = 13242.9
     twoNb = 560072
     twoNe = 85542.9
     twoNc = 2.45722e+06
     twoNn = 994967
     twoNw = 7.27848e+06
    twoNec = 92069.2
    twoNnw = 23405.2
  twoNecnw = 68522.5
  twoNbecnw = 1271.82
  twoNgbecnw = 405025
         m = 0.0748517
        m2 = 0.0289878
        m3 = 0.264979
        m6 = 2.1654e-07
        Tb = 18689.4
        Ta = 46944.7
        Tc = 8713.83
        Tf = 4356.92
#       SitePat  BranchLen
              b 121028.7881389
              e 48005.7536907
              c 48589.9315038
              n 43417.1681170
              w 45694.8928313
            b:e 2185.8199635
            b:c 2229.7856416
            b:n 1576.8760216
            b:w 1711.6867475
            e:c 10038.1790468
            e:n 5704.3612383
            e:w 4531.4857917
            c:n 5120.1806071
            c:w 4672.6217540
            n:w 12184.7938449
          b:e:c 1915.3995831
          b:e:n 1031.7175351
          b:e:w 998.2021748
          b:c:n 987.7514025
          b:c:w 1052.3780112
          b:n:w 1888.1275993
          e:c:n 4922.4745225
          e:c:w 4142.6266282
          e:n:w 5797.0757395
          c:n:w 5655.9424952
        b:e:c:n 1969.0683300
        b:e:c:w 1925.7038782
        b:e:n:w 2966.5060674
        b:c:n:w 2912.3307858
        e:c:n:w 50245.7678655
