########################################
# legofit: estimate population history #
#       version 2.3.4-4-g53f8760       #
########################################

# Program was compiled: Sep 21 2021 14:36:42
# Program was run: Thu Sep 30 01:54:54 2021

# cmd: legofit -1 -d 0 -t 32 --ptsPerDim 3 --stateOut b1boot47.state --tol 3e-6 -S 5000 abcf2.lgo ../../boot/boot47.opf
# Stage nOptItr nSimReps
#     0    5000        0
# algorithm          : deterministic
# ignoring probs <=  : 0
# Branch length floor: 0
# DE strategy        : 2
#    F               : 0.3
#    CR              : 0.8
#    tolerance       : 3e-06
# nthreads           : 32
# lgo input file     : abcf2.lgo
# site pat input file: ../../boot/boot47.opf
# free parameters    : 18
# points in DE swarm : 54
# output state file  : b1boot47.state
# Including singleton site patterns.
# cost function      : KL
Initial parameter values
Fixed:
      zero = 0
       one = 1
    Tbecnw = 75200
Free:
       pc1 = 0
       pc2 = 0
       pc3 = 0
       pc4 = 0
       pc5 = 0
       pc6 = 0
       pc7 = 0
       pc8 = 0
       pc9 = 0
      pc10 = 0
      pc11 = 0
      pc12 = 0
      pc13 = 0
      pc14 = 0
      pc15 = 0
      pc16 = 0
      pc17 = 0
      pc18 = 0
Constrained:
   Tgbecnw = 90751.3
     Tecnw = 24321.5
       Tnw = 17435.1
       Tec = 14755.4
     twoNb = 537083
     twoNe = 102667
     twoNc = 1.22653e+06
     twoNn = 853143
     twoNw = 6.53909e+06
    twoNec = 81419.9
    twoNnw = 24739.8
  twoNecnw = 73209.7
  twoNbecnw = 5774.35
  twoNgbecnw = 372995
         m = 0.0872895
        m2 = 0.028691
        m3 = 0.260932
        m6 = 5.24692e-08
        Tb = 19538.5
        Ta = 47369.2
        Tc = 8717.53
        Tf = 4358.76
DiffEv reached_goal. cost=1.72038e-03 spread=2.95932e-06
Fitted parameter values
Free:
       pc1 = 3.7412
       pc2 = -1.86124
       pc3 = -1.68702
       pc4 = 0.685554
       pc5 = -0.229722
       pc6 = -1.99119
       pc7 = 0.420919
       pc8 = 0.386349
       pc9 = 0.968872
      pc10 = -0.144951
      pc11 = 0.976853
      pc12 = -0.73839
      pc13 = 0.140025
      pc14 = 0.0422378
      pc15 = 0.0475329
      pc16 = -4.20479e-05
      pc17 = 0.0550053
      pc18 = -0.0148563
Constrained:
   Tgbecnw = 77060.6
     Tecnw = 24098.9
       Tnw = 16758.6
       Tec = 13331.3
     twoNb = 518010
     twoNe = 90030.3
     twoNc = 2.17841e+06
     twoNn = 2.69662e+06
     twoNw = 4.91948e+06
    twoNec = 91306.2
    twoNnw = 26219.3
  twoNecnw = 68107.6
  twoNbecnw = 704.296
  twoNgbecnw = 404721
         m = 0.0742549
        m2 = 0.0292159
        m3 = 0.26194
        m6 = 1.10071e-07
        Tb = 18715.1
        Ta = 46957.6
        Tc = 8379.32
        Tf = 4189.66
#       SitePat  BranchLen
              b 120676.2757043
              e 47879.2682686
              c 48478.7533266
              n 43344.1465938
              w 45603.1701219
            b:e 2207.9234596
            b:c 2253.5051421
            b:n 1594.3733533
            b:w 1726.5956385
            e:c 9989.2607154
            e:n 5716.9617443
            e:w 4542.9447505
            c:n 5117.4752708
            c:w 4687.8981995
            n:w 12135.2591218
          b:e:c 1923.5239128
          b:e:n 1043.6003037
          b:e:w 1007.9099809
          b:c:n 998.0183903
          b:c:w 1063.7746737
          b:n:w 1893.4555103
          e:c:n 4933.7698592
          e:c:w 4162.8745782
          e:n:w 5797.0745889
          c:n:w 5652.1225070
        b:e:c:n 1989.2259507
        b:e:c:w 1942.4035649
        b:e:n:w 2977.1230123
        b:c:n:w 2921.2585989
        e:c:n:w 50105.1026784
