########################################
# legofit: estimate population history #
#       version 2.3.4-4-g53f8760       #
########################################

# Program was compiled: Sep 21 2021 14:36:42
# Program was run: Thu Sep 30 01:41:43 2021

# cmd: legofit -1 -d 0 -t 32 --ptsPerDim 3 --stateOut b1boot16.state --tol 3e-6 -S 5000 abcf2.lgo ../../boot/boot16.opf
# Stage nOptItr nSimReps
#     0    5000        0
# algorithm          : deterministic
# ignoring probs <=  : 0
# Branch length floor: 0
# DE strategy        : 2
#    F               : 0.3
#    CR              : 0.8
#    tolerance       : 3e-06
# nthreads           : 32
# lgo input file     : abcf2.lgo
# site pat input file: ../../boot/boot16.opf
# free parameters    : 18
# points in DE swarm : 54
# output state file  : b1boot16.state
# Including singleton site patterns.
# cost function      : KL
Initial parameter values
Fixed:
      zero = 0
       one = 1
    Tbecnw = 75200
Free:
       pc1 = 0
       pc2 = 0
       pc3 = 0
       pc4 = 0
       pc5 = 0
       pc6 = 0
       pc7 = 0
       pc8 = 0
       pc9 = 0
      pc10 = 0
      pc11 = 0
      pc12 = 0
      pc13 = 0
      pc14 = 0
      pc15 = 0
      pc16 = 0
      pc17 = 0
      pc18 = 0
Constrained:
   Tgbecnw = 90751.3
     Tecnw = 24321.5
       Tnw = 17435.1
       Tec = 14755.4
     twoNb = 537083
     twoNe = 102667
     twoNc = 1.22653e+06
     twoNn = 853143
     twoNw = 6.53909e+06
    twoNec = 81419.9
    twoNnw = 24739.8
  twoNecnw = 73209.7
  twoNbecnw = 5774.35
  twoNgbecnw = 372995
         m = 0.0872895
        m2 = 0.028691
        m3 = 0.260932
        m6 = 5.24692e-08
        Tb = 19538.5
        Ta = 47369.2
        Tc = 8717.53
        Tf = 4358.76
DiffEv reached_goal. cost=1.68236e-03 spread=2.91196e-06
Fitted parameter values
Free:
       pc1 = 2.5667
       pc2 = -2.69219
       pc3 = -0.953742
       pc4 = -0.0685887
       pc5 = 0.139825
       pc6 = -1.36085
       pc7 = -1.63328
       pc8 = 1.35789
       pc9 = -0.338291
      pc10 = 0.00192559
      pc11 = 1.00764
      pc12 = -0.631883
      pc13 = -0.0866237
      pc14 = 0.0377816
      pc15 = -0.0518868
      pc16 = -0.0419256
      pc17 = 0.0353607
      pc18 = -0.0321473
Constrained:
   Tgbecnw = 77569.5
     Tecnw = 24003.3
       Tnw = 17293.6
       Tec = 14747.5
     twoNb = 530401
     twoNe = 101969
     twoNc = 2.06873e+06
     twoNn = 879523
     twoNw = 7.50749e+06
    twoNec = 78468.7
    twoNnw = 23860.4
  twoNecnw = 69021.8
  twoNbecnw = 899.893
  twoNgbecnw = 397565
         m = 0.0772151
        m2 = 0.0290182
        m3 = 0.261651
        m6 = 2.53288e-07
        Tb = 19375.4
        Ta = 47287.7
        Tc = 8646.78
        Tf = 4323.39
#       SitePat  BranchLen
              b 121200.0044334
              e 48057.8430804
              c 48698.1396707
              n 43466.3172216
              w 45732.7091175
            b:e 2203.3974430
            b:c 2252.7841585
            b:n 1591.9061075
            b:w 1730.0606129
            e:c 9951.8222770
            e:n 5746.7297243
            e:w 4548.3242825
            c:n 5106.4298770
            c:w 4705.6882424
            n:w 12153.5858532
          b:e:c 1926.9133886
          b:e:n 1046.7469903
          b:e:w 1007.5686232
          b:c:n 997.3597439
          b:c:w 1068.3228968
          b:n:w 1898.3593097
          e:c:n 4941.4491608
          e:c:w 4154.9962276
          e:n:w 5807.6220648
          c:n:w 5650.2612465
        b:e:c:n 1993.9667367
        b:e:c:w 1943.2356042
        b:e:n:w 2990.6353186
        b:c:n:w 2929.8816912
        e:c:n:w 50459.8923219
