########################################
# legofit: estimate population history #
#       version 2.3.4-4-g53f8760       #
########################################

# Program was compiled: Sep 21 2021 14:36:42
# Program was run: Thu Sep 30 01:42:01 2021

# cmd: legofit -1 -d 0 -t 32 --ptsPerDim 3 --stateOut b1boot19.state --tol 3e-6 -S 5000 abcf2.lgo ../../boot/boot19.opf
# Stage nOptItr nSimReps
#     0    5000        0
# algorithm          : deterministic
# ignoring probs <=  : 0
# Branch length floor: 0
# DE strategy        : 2
#    F               : 0.3
#    CR              : 0.8
#    tolerance       : 3e-06
# nthreads           : 32
# lgo input file     : abcf2.lgo
# site pat input file: ../../boot/boot19.opf
# free parameters    : 18
# points in DE swarm : 54
# output state file  : b1boot19.state
# Including singleton site patterns.
# cost function      : KL
Initial parameter values
Fixed:
      zero = 0
       one = 1
    Tbecnw = 75200
Free:
       pc1 = 0
       pc2 = 0
       pc3 = 0
       pc4 = 0
       pc5 = 0
       pc6 = 0
       pc7 = 0
       pc8 = 0
       pc9 = 0
      pc10 = 0
      pc11 = 0
      pc12 = 0
      pc13 = 0
      pc14 = 0
      pc15 = 0
      pc16 = 0
      pc17 = 0
      pc18 = 0
Constrained:
   Tgbecnw = 90751.3
     Tecnw = 24321.5
       Tnw = 17435.1
       Tec = 14755.4
     twoNb = 537083
     twoNe = 102667
     twoNc = 1.22653e+06
     twoNn = 853143
     twoNw = 6.53909e+06
    twoNec = 81419.9
    twoNnw = 24739.8
  twoNecnw = 73209.7
  twoNbecnw = 5774.35
  twoNgbecnw = 372995
         m = 0.0872895
        m2 = 0.028691
        m3 = 0.260932
        m6 = 5.24692e-08
        Tb = 19538.5
        Ta = 47369.2
        Tc = 8717.53
        Tf = 4358.76
DiffEv reached_goal. cost=1.71978e-03 spread=2.26786e-06
Fitted parameter values
Free:
       pc1 = 3.30132
       pc2 = -1.6338
       pc3 = -0.868055
       pc4 = -0.054629
       pc5 = 0.256095
       pc6 = -1.60658
       pc7 = -0.759753
       pc8 = 0.182921
       pc9 = 0.730375
      pc10 = 0.500816
      pc11 = 0.916871
      pc12 = -0.966141
      pc13 = -0.00230984
      pc14 = 0.0736078
      pc15 = -0.00680141
      pc16 = 0.0314394
      pc17 = 0.0898339
      pc18 = -0.0431049
Constrained:
   Tgbecnw = 78235.9
     Tecnw = 24261.6
       Tnw = 16963
       Tec = 13925.6
     twoNb = 529440
     twoNe = 89268.1
     twoNc = 2.05341e+06
     twoNn = 1.28514e+06
     twoNw = 3.23764e+06
    twoNec = 86304.6
    twoNnw = 25921.2
  twoNecnw = 68163.8
  twoNbecnw = 1162.77
  twoNgbecnw = 390778
         m = 0.0783857
        m2 = 0.0293826
        m3 = 0.257709
        m6 = 1.47078e-07
        Tb = 19093.6
        Ta = 47146.8
        Tc = 8481.52
        Tf = 4240.76
#       SitePat  BranchLen
              b 121445.0671444
              e 48044.8937961
              c 48694.5631222
              n 43460.4502108
              w 45752.7976266
            b:e 2220.0567379
            b:c 2269.8862478
            b:n 1599.4751829
            b:w 1737.8627798
            e:c 10037.2779066
            e:n 5741.0890725
            e:w 4526.9400495
            c:n 5091.4178319
            c:w 4684.8556141
            n:w 12216.9631810
          b:e:c 1941.4705835
          b:e:n 1048.1352451
          b:e:w 1008.3973723
          b:c:n 998.3054224
          b:c:w 1069.5639949
          b:n:w 1913.1238207
          e:c:n 4958.1657420
          e:c:w 4169.4028311
          e:n:w 5830.2320875
          c:n:w 5672.3183705
        b:e:c:n 1998.5733462
        b:e:c:w 1945.7918315
        b:e:n:w 3003.3434615
        b:c:n:w 2942.1772186
        e:c:n:w 50667.4605184
