########################################
# legofit: estimate population history #
#       version 2.3.4-4-g53f8760       #
########################################

# Program was compiled: Sep 21 2021 14:36:42
# Program was run: Thu Sep 30 01:42:35 2021

# cmd: legofit -1 -d 0 -t 32 --ptsPerDim 3 --stateOut b1boot25.state --tol 3e-6 -S 5000 abcf2.lgo ../../boot/boot25.opf
# Stage nOptItr nSimReps
#     0    5000        0
# algorithm          : deterministic
# ignoring probs <=  : 0
# Branch length floor: 0
# DE strategy        : 2
#    F               : 0.3
#    CR              : 0.8
#    tolerance       : 3e-06
# nthreads           : 32
# lgo input file     : abcf2.lgo
# site pat input file: ../../boot/boot25.opf
# free parameters    : 18
# points in DE swarm : 54
# output state file  : b1boot25.state
# Including singleton site patterns.
# cost function      : KL
Initial parameter values
Fixed:
      zero = 0
       one = 1
    Tbecnw = 75200
Free:
       pc1 = 0
       pc2 = 0
       pc3 = 0
       pc4 = 0
       pc5 = 0
       pc6 = 0
       pc7 = 0
       pc8 = 0
       pc9 = 0
      pc10 = 0
      pc11 = 0
      pc12 = 0
      pc13 = 0
      pc14 = 0
      pc15 = 0
      pc16 = 0
      pc17 = 0
      pc18 = 0
Constrained:
   Tgbecnw = 90751.3
     Tecnw = 24321.5
       Tnw = 17435.1
       Tec = 14755.4
     twoNb = 537083
     twoNe = 102667
     twoNc = 1.22653e+06
     twoNn = 853143
     twoNw = 6.53909e+06
    twoNec = 81419.9
    twoNnw = 24739.8
  twoNecnw = 73209.7
  twoNbecnw = 5774.35
  twoNgbecnw = 372995
         m = 0.0872895
        m2 = 0.028691
        m3 = 0.260932
        m6 = 5.24692e-08
        Tb = 19538.5
        Ta = 47369.2
        Tc = 8717.53
        Tf = 4358.76
DiffEv reached_goal. cost=1.72628e-03 spread=2.01427e-06
Fitted parameter values
Free:
       pc1 = 3.67597
       pc2 = -1.70095
       pc3 = -1.96593
       pc4 = -0.200964
       pc5 = 0.37326
       pc6 = -1.56524
       pc7 = -0.386301
       pc8 = 0.809745
       pc9 = 0.617542
      pc10 = 1.0276
      pc11 = 0.93315
      pc12 = 0.217048
      pc13 = -0.0857961
      pc14 = 0.0761224
      pc15 = 0.0402971
      pc16 = -0.0167677
      pc17 = 0.0469125
      pc18 = -0.0148506
Constrained:
   Tgbecnw = 77182.5
     Tecnw = 23905.8
       Tnw = 16995.7
       Tec = 12932.6
     twoNb = 511652
     twoNe = 78566.3
     twoNc = 2.8346e+06
     twoNn = 1.21105e+06
     twoNw = 4.00938e+06
    twoNec = 94418.4
    twoNnw = 24600.3
  twoNecnw = 69792.5
  twoNbecnw = 744.723
  twoNgbecnw = 404911
         m = 0.0756767
        m2 = 0.0293157
        m3 = 0.262245
        m6 = 1.70237e-07
        Tb = 18419.2
        Ta = 46809.6
        Tc = 8497.83
        Tf = 4248.92
#       SitePat  BranchLen
              b 120793.4342075
              e 48037.8907658
              c 48658.2193330
              n 43450.6753041
              w 45728.5467631
            b:e 2201.4964901
            b:c 2248.1676372
            b:n 1584.0387471
            b:w 1713.7719432
            e:c 10005.3684679
            e:n 5757.0565576
            e:w 4558.3053749
            c:n 5136.7257840
            c:w 4707.0869433
            n:w 12181.3314826
          b:e:c 1914.7183509
          b:e:n 1041.2354745
          b:e:w 1004.5825201
          b:c:n 994.5639698
          b:c:w 1062.0321748
          b:n:w 1883.8961438
          e:c:n 4896.8416982
          e:c:w 4129.3488195
          e:n:w 5778.9672846
          c:n:w 5630.1878461
        b:e:c:n 1981.8122278
        b:e:c:w 1939.2752678
        b:e:n:w 2987.0161201
        b:c:n:w 2929.5668994
        e:c:n:w 50045.6929340
