########################################
# legofit: estimate population history #
#       version 2.3.4-4-g53f8760       #
########################################

# Program was compiled: Sep 21 2021 14:36:42
# Program was run: Thu Sep 30 01:41:19 2021

# cmd: legofit -1 -d 0 -t 32 --ptsPerDim 3 --stateOut b1boot9.state --tol 3e-6 -S 5000 abcf2.lgo ../../boot/boot9.opf
# Stage nOptItr nSimReps
#     0    5000        0
# algorithm          : deterministic
# ignoring probs <=  : 0
# Branch length floor: 0
# DE strategy        : 2
#    F               : 0.3
#    CR              : 0.8
#    tolerance       : 3e-06
# nthreads           : 32
# lgo input file     : abcf2.lgo
# site pat input file: ../../boot/boot9.opf
# free parameters    : 18
# points in DE swarm : 54
# output state file  : b1boot9.state
# Including singleton site patterns.
# cost function      : KL
Initial parameter values
Fixed:
      zero = 0
       one = 1
    Tbecnw = 75200
Free:
       pc1 = 0
       pc2 = 0
       pc3 = 0
       pc4 = 0
       pc5 = 0
       pc6 = 0
       pc7 = 0
       pc8 = 0
       pc9 = 0
      pc10 = 0
      pc11 = 0
      pc12 = 0
      pc13 = 0
      pc14 = 0
      pc15 = 0
      pc16 = 0
      pc17 = 0
      pc18 = 0
Constrained:
   Tgbecnw = 90751.3
     Tecnw = 24321.5
       Tnw = 17435.1
       Tec = 14755.4
     twoNb = 537083
     twoNe = 102667
     twoNc = 1.22653e+06
     twoNn = 853143
     twoNw = 6.53909e+06
    twoNec = 81419.9
    twoNnw = 24739.8
  twoNecnw = 73209.7
  twoNbecnw = 5774.35
  twoNgbecnw = 372995
         m = 0.0872895
        m2 = 0.028691
        m3 = 0.260932
        m6 = 5.24692e-08
        Tb = 19538.5
        Ta = 47369.2
        Tc = 8717.53
        Tf = 4358.76
DiffEv reached_goal. cost=1.71005e-03 spread=2.98029e-06
Fitted parameter values
Free:
       pc1 = 2.40754
       pc2 = -2.75838
       pc3 = -1.72178
       pc4 = -0.393752
       pc5 = -0.372527
       pc6 = -0.573682
       pc7 = -1.42209
       pc8 = 0.872917
       pc9 = -1.301
      pc10 = 0.643907
      pc11 = 1.11642
      pc12 = 0.0543181
      pc13 = 0.0178037
      pc14 = -0.0294065
      pc15 = 0.0669725
      pc16 = -0.0112582
      pc17 = 0.0446897
      pc18 = -0.0263693
Constrained:
   Tgbecnw = 77562.8
     Tecnw = 23684.2
       Tnw = 17601.6
       Tec = 13999
     twoNb = 515986
     twoNe = 89924.4
     twoNc = 1.01712e+06
     twoNn = 527744
     twoNw = 1.06201e+07
    twoNec = 82704.9
    twoNnw = 21748.5
  twoNecnw = 70742
  twoNbecnw = 897.4
  twoNgbecnw = 394320
         m = 0.0785113
        m2 = 0.0289948
        m3 = 0.255782
        m6 = 2.55946e-07
        Tb = 18841.6
        Ta = 47020.8
        Tc = 8800.78
        Tf = 4400.39
#       SitePat  BranchLen
              b 121150.6094530
              e 48133.1709928
              c 48743.8763397
              n 43553.7192729
              w 45778.4868465
            b:e 2217.2232143
            b:c 2264.1595622
            b:n 1598.1316697
            b:w 1730.4771449
            e:c 10052.8507765
            e:n 5750.4925595
            e:w 4582.4001815
            c:n 5139.7839338
            c:w 4731.6794075
            n:w 12236.3298773
          b:e:c 1940.1919891
          b:e:n 1049.8441254
          b:e:w 1012.9246912
          b:c:n 1002.9072406
          b:c:w 1070.6558105
          b:n:w 1909.6656626
          e:c:n 4918.4289529
          e:c:w 4154.8724305
          e:n:w 5808.1771538
          c:n:w 5658.9010916
        b:e:c:n 2001.7464374
        b:e:c:w 1953.5577248
        b:e:n:w 3005.4838487
        b:c:n:w 2947.7533813
        e:c:n:w 50273.9670673
