########################################
# legofit: estimate population history #
#       version 2.3.4-4-g53f8760       #
########################################

# Program was compiled: Sep 21 2021 14:36:42
# Program was run: Thu Sep 30 01:52:33 2021

# cmd: legofit -1 -d 0 -t 32 --ptsPerDim 3 --stateOut b1boot43.state --tol 3e-6 -S 5000 abcf2.lgo ../../boot/boot43.opf
# Stage nOptItr nSimReps
#     0    5000        0
# algorithm          : deterministic
# ignoring probs <=  : 0
# Branch length floor: 0
# DE strategy        : 2
#    F               : 0.3
#    CR              : 0.8
#    tolerance       : 3e-06
# nthreads           : 32
# lgo input file     : abcf2.lgo
# site pat input file: ../../boot/boot43.opf
# free parameters    : 18
# points in DE swarm : 54
# output state file  : b1boot43.state
# Including singleton site patterns.
# cost function      : KL
Initial parameter values
Fixed:
      zero = 0
       one = 1
    Tbecnw = 75200
Free:
       pc1 = 0
       pc2 = 0
       pc3 = 0
       pc4 = 0
       pc5 = 0
       pc6 = 0
       pc7 = 0
       pc8 = 0
       pc9 = 0
      pc10 = 0
      pc11 = 0
      pc12 = 0
      pc13 = 0
      pc14 = 0
      pc15 = 0
      pc16 = 0
      pc17 = 0
      pc18 = 0
Constrained:
   Tgbecnw = 90751.3
     Tecnw = 24321.5
       Tnw = 17435.1
       Tec = 14755.4
     twoNb = 537083
     twoNe = 102667
     twoNc = 1.22653e+06
     twoNn = 853143
     twoNw = 6.53909e+06
    twoNec = 81419.9
    twoNnw = 24739.8
  twoNecnw = 73209.7
  twoNbecnw = 5774.35
  twoNgbecnw = 372995
         m = 0.0872895
        m2 = 0.028691
        m3 = 0.260932
        m6 = 5.24692e-08
        Tb = 19538.5
        Ta = 47369.2
        Tc = 8717.53
        Tf = 4358.76
DiffEv reached_goal. cost=1.76697e-03 spread=2.45473e-06
Fitted parameter values
Free:
       pc1 = 3.70381
       pc2 = -1.85515
       pc3 = -1.77916
       pc4 = 0.67139
       pc5 = -0.141339
       pc6 = -0.444596
       pc7 = -0.644662
       pc8 = 0.89427
       pc9 = 0.662036
      pc10 = -0.157972
      pc11 = 0.607643
      pc12 = -0.113278
      pc13 = -0.213415
      pc14 = 0.00645589
      pc15 = -0.0408074
      pc16 = 0.0384523
      pc17 = 0.0629868
      pc18 = -0.0145219
Constrained:
   Tgbecnw = 77057.6
     Tecnw = 24072.5
       Tnw = 16555.4
       Tec = 13308.1
     twoNb = 537157
     twoNe = 91042.6
     twoNc = 1.96967e+06
     twoNn = 1.06654e+06
     twoNw = 8.6996e+06
    twoNec = 90972.7
    twoNnw = 26606.9
  twoNecnw = 69045.4
  twoNbecnw = 696.641
  twoNgbecnw = 412184
         m = 0.0737904
        m2 = 0.0288785
        m3 = 0.267979
        m6 = 1.20169e-07
        Tb = 18690.3
        Ta = 46945.1
        Tc = 8277.69
        Tf = 4138.85
#       SitePat  BranchLen
              b 120867.4717571
              e 47967.2178474
              c 48586.0027364
              n 43398.2696565
              w 45733.9232264
            b:e 2199.0504530
            b:c 2245.8173397
            b:n 1594.6028471
            b:w 1734.2264432
            e:c 10014.4195527
            e:n 5758.2305607
            e:w 4544.3527584
            c:n 5139.4441136
            c:w 4692.9617276
            n:w 12177.5832725
          b:e:c 1926.9106689
          b:e:n 1047.4853755
          b:e:w 1011.2777979
          b:c:n 1000.7182366
          b:c:w 1068.8448222
          b:n:w 1898.2202546
          e:c:n 4941.6956981
          e:c:w 4144.7973640
          e:n:w 5771.9175604
          c:n:w 5623.3100948
        b:e:c:n 2001.4711508
        b:e:c:w 1951.5335410
        b:e:n:w 2984.9783372
        b:c:n:w 2927.4116195
        e:c:n:w 50194.6821476
