########################################
# legofit: estimate population history #
#       version 2.3.4-4-g53f8760       #
########################################

# Program was compiled: Sep 21 2021 14:36:42
# Program was run: Thu Sep 30 01:41:20 2021

# cmd: legofit -1 -d 0 -t 32 --ptsPerDim 3 --stateOut b1boot10.state --tol 3e-6 -S 5000 abcf2.lgo ../../boot/boot10.opf
# Stage nOptItr nSimReps
#     0    5000        0
# algorithm          : deterministic
# ignoring probs <=  : 0
# Branch length floor: 0
# DE strategy        : 2
#    F               : 0.3
#    CR              : 0.8
#    tolerance       : 3e-06
# nthreads           : 32
# lgo input file     : abcf2.lgo
# site pat input file: ../../boot/boot10.opf
# free parameters    : 18
# points in DE swarm : 54
# output state file  : b1boot10.state
# Including singleton site patterns.
# cost function      : KL
Initial parameter values
Fixed:
      zero = 0
       one = 1
    Tbecnw = 75200
Free:
       pc1 = 0
       pc2 = 0
       pc3 = 0
       pc4 = 0
       pc5 = 0
       pc6 = 0
       pc7 = 0
       pc8 = 0
       pc9 = 0
      pc10 = 0
      pc11 = 0
      pc12 = 0
      pc13 = 0
      pc14 = 0
      pc15 = 0
      pc16 = 0
      pc17 = 0
      pc18 = 0
Constrained:
   Tgbecnw = 90751.3
     Tecnw = 24321.5
       Tnw = 17435.1
       Tec = 14755.4
     twoNb = 537083
     twoNe = 102667
     twoNc = 1.22653e+06
     twoNn = 853143
     twoNw = 6.53909e+06
    twoNec = 81419.9
    twoNnw = 24739.8
  twoNecnw = 73209.7
  twoNbecnw = 5774.35
  twoNgbecnw = 372995
         m = 0.0872895
        m2 = 0.028691
        m3 = 0.260932
        m6 = 5.24692e-08
        Tb = 19538.5
        Ta = 47369.2
        Tc = 8717.53
        Tf = 4358.76
DiffEv reached_goal. cost=1.72091e-03 spread=2.39353e-06
Fitted parameter values
Free:
       pc1 = 1.88603
       pc2 = -3.30722
       pc3 = -1.78937
       pc4 = 0.686441
       pc5 = 0.228174
       pc6 = -1.36526
       pc7 = -0.456805
       pc8 = 0.409867
       pc9 = 0.906036
      pc10 = 1.84307
      pc11 = 0.113977
      pc12 = -0.931639
      pc13 = 0.190594
      pc14 = 0.0520718
      pc15 = -0.0868846
      pc16 = -0.00684767
      pc17 = 0.0286686
      pc18 = 0.00171529
Constrained:
   Tgbecnw = 76970.8
     Tecnw = 23828.1
       Tnw = 18310.5
       Tec = 14371.5
     twoNb = 426685
     twoNe = 95160.5
     twoNc = 1.07208e+06
     twoNn = 1.0416e+06
     twoNw = 2.61056e+06
    twoNec = 80331.1
    twoNnw = 18944.4
  twoNecnw = 69342.4
  twoNbecnw = 667.648
  twoNgbecnw = 407531
         m = 0.0759348
        m2 = 0.0294515
        m3 = 0.269497
        m6 = 1.13696e-07
        Tb = 19099.8
        Ta = 47149.9
        Tc = 9155.23
        Tf = 4577.61
#       SitePat  BranchLen
              b 121275.0383642
              e 47986.1536081
              c 48589.4899167
              n 43355.9536994
              w 45646.1738850
            b:e 2249.2764195
            b:c 2296.6414772
            b:n 1596.2593728
            b:w 1724.5810604
            e:c 9982.4782077
            e:n 5724.5319367
            e:w 4541.4319216
            c:n 5121.1941245
            c:w 4690.7432062
            n:w 12172.6083983
          b:e:c 1943.3289292
          b:e:n 1045.6834103
          b:e:w 1008.0155782
          b:c:n 998.3181009
          b:c:w 1065.7140757
          b:n:w 1906.7603297
          e:c:n 4924.6920408
          e:c:w 4136.9102210
          e:n:w 5845.3441736
          c:n:w 5696.0343458
        b:e:c:n 1994.5443606
        b:e:c:w 1947.6071428
        b:e:n:w 3005.7719746
        b:c:n:w 2948.0737758
        e:c:n:w 50669.8446275
