########################################
# legofit: estimate population history #
#       version 2.3.4-4-g53f8760       #
########################################

# Program was compiled: Sep 21 2021 14:36:42
# Program was run: Thu Sep 30 01:43:03 2021

# cmd: legofit -1 -d 0 -t 32 --ptsPerDim 3 --stateOut b1boot32.state --tol 3e-6 -S 5000 abcf2.lgo ../../boot/boot32.opf
# Stage nOptItr nSimReps
#     0    5000        0
# algorithm          : deterministic
# ignoring probs <=  : 0
# Branch length floor: 0
# DE strategy        : 2
#    F               : 0.3
#    CR              : 0.8
#    tolerance       : 3e-06
# nthreads           : 32
# lgo input file     : abcf2.lgo
# site pat input file: ../../boot/boot32.opf
# free parameters    : 18
# points in DE swarm : 54
# output state file  : b1boot32.state
# Including singleton site patterns.
# cost function      : KL
Initial parameter values
Fixed:
      zero = 0
       one = 1
    Tbecnw = 75200
Free:
       pc1 = 0
       pc2 = 0
       pc3 = 0
       pc4 = 0
       pc5 = 0
       pc6 = 0
       pc7 = 0
       pc8 = 0
       pc9 = 0
      pc10 = 0
      pc11 = 0
      pc12 = 0
      pc13 = 0
      pc14 = 0
      pc15 = 0
      pc16 = 0
      pc17 = 0
      pc18 = 0
Constrained:
   Tgbecnw = 90751.3
     Tecnw = 24321.5
       Tnw = 17435.1
       Tec = 14755.4
     twoNb = 537083
     twoNe = 102667
     twoNc = 1.22653e+06
     twoNn = 853143
     twoNw = 6.53909e+06
    twoNec = 81419.9
    twoNnw = 24739.8
  twoNecnw = 73209.7
  twoNbecnw = 5774.35
  twoNgbecnw = 372995
         m = 0.0872895
        m2 = 0.028691
        m3 = 0.260932
        m6 = 5.24692e-08
        Tb = 19538.5
        Ta = 47369.2
        Tc = 8717.53
        Tf = 4358.76
DiffEv reached_goal. cost=1.74425e-03 spread=2.64177e-06
Fitted parameter values
Free:
       pc1 = 3.80584
       pc2 = -1.04762
       pc3 = -1.93662
       pc4 = -0.086536
       pc5 = 0.752371
       pc6 = -1.41962
       pc7 = -0.584629
       pc8 = 0.920045
       pc9 = 0.812252
      pc10 = 0.738607
      pc11 = 0.56179
      pc12 = -0.1484
      pc13 = -0.184709
      pc14 = 0.130138
      pc15 = -0.15776
      pc16 = -0.0234003
      pc17 = 0.0481488
      pc18 = -0.0202433
Constrained:
   Tgbecnw = 78239.6
     Tecnw = 24166.1
       Tnw = 16929.9
       Tec = 12993.4
     twoNb = 527383
     twoNe = 76729.5
     twoNc = 3.12245e+06
     twoNn = 1.00812e+06
     twoNw = 3.43211e+06
    twoNec = 96651.2
    twoNnw = 25435.2
  twoNecnw = 69034.2
  twoNbecnw = 1143.5
  twoNgbecnw = 404123
         m = 0.0769839
        m2 = 0.0290078
        m3 = 0.266898
        m6 = 1.54664e-07
        Tb = 18579.8
        Ta = 46889.9
        Tc = 8464.96
        Tf = 4232.48
#       SitePat  BranchLen
              b 121650.2787881
              e 48127.6250604
              c 48788.6394656
              n 43473.1614890
              w 45805.7100716
            b:e 2210.4580746
            b:c 2260.2972686
            b:n 1589.6414784
            b:w 1724.9837662
            e:c 9979.5534146
            e:n 5793.7607092
            e:w 4549.3820447
            c:n 5132.7442737
            c:w 4707.9156186
            n:w 12192.7769672
          b:e:c 1921.4919621
          b:e:n 1047.8337847
          b:e:w 1008.2242748
          b:c:n 997.9942620
          b:c:w 1069.5901440
          b:n:w 1891.9949360
          e:c:n 4922.1044794
          e:c:w 4135.8922583
          e:n:w 5814.8057925
          c:n:w 5656.2741778
        b:e:c:n 1988.6641910
        b:e:c:w 1944.2065348
        b:e:n:w 3003.6116319
        b:c:n:w 2942.2461626
        e:c:n:w 50803.9032315
