########################################
# legofit: estimate population history #
#       version 2.3.4-4-g53f8760       #
########################################

# Program was compiled: Sep 21 2021 14:36:42
# Program was run: Thu Sep 30 01:41:32 2021

# cmd: legofit -1 -d 0 -t 32 --ptsPerDim 3 --stateOut b1boot13.state --tol 3e-6 -S 5000 abcf2.lgo ../../boot/boot13.opf
# Stage nOptItr nSimReps
#     0    5000        0
# algorithm          : deterministic
# ignoring probs <=  : 0
# Branch length floor: 0
# DE strategy        : 2
#    F               : 0.3
#    CR              : 0.8
#    tolerance       : 3e-06
# nthreads           : 32
# lgo input file     : abcf2.lgo
# site pat input file: ../../boot/boot13.opf
# free parameters    : 18
# points in DE swarm : 54
# output state file  : b1boot13.state
# Including singleton site patterns.
# cost function      : KL
Initial parameter values
Fixed:
      zero = 0
       one = 1
    Tbecnw = 75200
Free:
       pc1 = 0
       pc2 = 0
       pc3 = 0
       pc4 = 0
       pc5 = 0
       pc6 = 0
       pc7 = 0
       pc8 = 0
       pc9 = 0
      pc10 = 0
      pc11 = 0
      pc12 = 0
      pc13 = 0
      pc14 = 0
      pc15 = 0
      pc16 = 0
      pc17 = 0
      pc18 = 0
Constrained:
   Tgbecnw = 90751.3
     Tecnw = 24321.5
       Tnw = 17435.1
       Tec = 14755.4
     twoNb = 537083
     twoNe = 102667
     twoNc = 1.22653e+06
     twoNn = 853143
     twoNw = 6.53909e+06
    twoNec = 81419.9
    twoNnw = 24739.8
  twoNecnw = 73209.7
  twoNbecnw = 5774.35
  twoNgbecnw = 372995
         m = 0.0872895
        m2 = 0.028691
        m3 = 0.260932
        m6 = 5.24692e-08
        Tb = 19538.5
        Ta = 47369.2
        Tc = 8717.53
        Tf = 4358.76
DiffEv reached_goal. cost=1.72662e-03 spread=2.87511e-06
Fitted parameter values
Free:
       pc1 = 3.45658
       pc2 = -2.56548
       pc3 = -1.87103
       pc4 = 0.691228
       pc5 = -0.110854
       pc6 = -0.809841
       pc7 = -1.41035
       pc8 = 0.343622
       pc9 = -0.116654
      pc10 = 0.565133
      pc11 = 0.027604
      pc12 = -0.459907
      pc13 = 0.135252
      pc14 = 0.0190319
      pc15 = -0.0433749
      pc16 = -0.0219283
      pc17 = 0.0476838
      pc18 = -0.0203638
Constrained:
   Tgbecnw = 76225.5
     Tecnw = 24000.9
       Tnw = 17209.3
       Tec = 13477.9
     twoNb = 508945
     twoNe = 91695.2
     twoNc = 368779
     twoNn = 674812
     twoNw = 6.95412e+06
    twoNec = 90177.1
    twoNnw = 23591.6
  twoNecnw = 68416.8
  twoNbecnw = 388.401
  twoNgbecnw = 405324
         m = 0.0748416
        m2 = 0.0289735
        m3 = 0.269006
        m6 = 1.84228e-07
        Tb = 18739.4
        Ta = 46969.7
        Tc = 8604.64
        Tf = 4302.32
#       SitePat  BranchLen
              b 120709.2394242
              e 47876.8797639
              c 48469.5482701
              n 43244.0513806
              w 45521.4044876
            b:e 2208.2814018
            b:c 2253.5097186
            b:n 1585.4573581
            b:w 1717.5700030
            e:c 9952.7879157
            e:n 5709.1093758
            e:w 4531.9158339
            c:n 5116.4384679
            c:w 4675.8192005
            n:w 12154.3109909
          b:e:c 1922.9168370
          b:e:n 1040.0886510
          b:e:w 1004.9224265
          b:c:n 994.8599416
          b:c:w 1060.3605561
          b:n:w 1891.1880722
          e:c:n 4909.6964770
          e:c:w 4132.4556184
          e:n:w 5803.3005668
          c:n:w 5659.3995214
        b:e:c:n 1981.5547419
        b:e:c:w 1936.8083110
        b:e:n:w 2976.7001470
        b:c:n:w 2921.2624906
        e:c:n:w 50217.3021873
