########################################
# legofit: estimate population history #
#       version 2.3.4-4-g53f8760       #
########################################

# Program was compiled: Sep 21 2021 14:36:42
# Program was run: Thu Sep 30 01:53:50 2021

# cmd: legofit -1 -d 0 -t 32 --ptsPerDim 3 --stateOut b1boot46.state --tol 3e-6 -S 5000 abcf2.lgo ../../boot/boot46.opf
# Stage nOptItr nSimReps
#     0    5000        0
# algorithm          : deterministic
# ignoring probs <=  : 0
# Branch length floor: 0
# DE strategy        : 2
#    F               : 0.3
#    CR              : 0.8
#    tolerance       : 3e-06
# nthreads           : 32
# lgo input file     : abcf2.lgo
# site pat input file: ../../boot/boot46.opf
# free parameters    : 18
# points in DE swarm : 54
# output state file  : b1boot46.state
# Including singleton site patterns.
# cost function      : KL
Initial parameter values
Fixed:
      zero = 0
       one = 1
    Tbecnw = 75200
Free:
       pc1 = 0
       pc2 = 0
       pc3 = 0
       pc4 = 0
       pc5 = 0
       pc6 = 0
       pc7 = 0
       pc8 = 0
       pc9 = 0
      pc10 = 0
      pc11 = 0
      pc12 = 0
      pc13 = 0
      pc14 = 0
      pc15 = 0
      pc16 = 0
      pc17 = 0
      pc18 = 0
Constrained:
   Tgbecnw = 90751.3
     Tecnw = 24321.5
       Tnw = 17435.1
       Tec = 14755.4
     twoNb = 537083
     twoNe = 102667
     twoNc = 1.22653e+06
     twoNn = 853143
     twoNw = 6.53909e+06
    twoNec = 81419.9
    twoNnw = 24739.8
  twoNecnw = 73209.7
  twoNbecnw = 5774.35
  twoNgbecnw = 372995
         m = 0.0872895
        m2 = 0.028691
        m3 = 0.260932
        m6 = 5.24692e-08
        Tb = 19538.5
        Ta = 47369.2
        Tc = 8717.53
        Tf = 4358.76
DiffEv reached_goal. cost=1.66802e-03 spread=2.95583e-06
Fitted parameter values
Free:
       pc1 = 3.55964
       pc2 = -1.95148
       pc3 = -1.51007
       pc4 = 0.485725
       pc5 = 0.00451742
       pc6 = -1.41257
       pc7 = -1.61791
       pc8 = 0.139268
       pc9 = -0.584775
      pc10 = -0.215441
      pc11 = 0.381414
      pc12 = -0.123852
      pc13 = 0.0663369
      pc14 = 0.135157
      pc15 = -0.0646574
      pc16 = 0.000679864
      pc17 = 0.0204613
      pc18 = -0.0129332
Constrained:
   Tgbecnw = 78193.8
     Tecnw = 24063.8
       Tnw = 16831.9
       Tec = 13501.3
     twoNb = 569523
     twoNe = 90456.1
     twoNc = 466970
     twoNn = 1.11747e+06
     twoNw = 6.41193e+06
    twoNec = 90597.4
    twoNnw = 25687.1
  twoNecnw = 68573.4
  twoNbecnw = 1136.21
  twoNgbecnw = 399612
         m = 0.0760757
        m2 = 0.0288942
        m3 = 0.265635
        m6 = 2.34953e-07
        Tb = 18782.5
        Ta = 46991.3
        Tc = 8415.96
        Tf = 4207.98
#       SitePat  BranchLen
              b 121232.1911708
              e 48008.4912909
              c 48630.6037131
              n 43412.5184131
              w 45697.9115749
            b:e 2208.4189308
            b:c 2255.7665016
            b:n 1600.8374796
            b:w 1738.9580867
            e:c 9987.1755162
            e:n 5767.0976271
            e:w 4567.9216351
            c:n 5144.9821643
            c:w 4718.8487720
            n:w 12166.8087246
          b:e:c 1929.8088790
          b:e:n 1052.1083829
          b:e:w 1015.1059662
          b:c:n 1004.7603194
          b:c:w 1073.3623588
          b:n:w 1902.2348785
          e:c:n 4957.1349128
          e:c:w 4174.3366468
          e:n:w 5825.2882400
          c:n:w 5674.3640351
        b:e:c:n 2000.6003660
        b:e:c:w 1953.5946692
        b:e:n:w 2996.6034305
        b:c:n:w 2938.3476392
        e:c:n:w 50459.0127460
