########################################
# legofit: estimate population history #
#       version 2.3.4-4-g53f8760       #
########################################

# Program was compiled: Sep 21 2021 14:36:42
# Program was run: Thu Sep 30 01:42:18 2021

# cmd: legofit -1 -d 0 -t 32 --ptsPerDim 3 --stateOut b1boot22.state --tol 3e-6 -S 5000 abcf2.lgo ../../boot/boot22.opf
# Stage nOptItr nSimReps
#     0    5000        0
# algorithm          : deterministic
# ignoring probs <=  : 0
# Branch length floor: 0
# DE strategy        : 2
#    F               : 0.3
#    CR              : 0.8
#    tolerance       : 3e-06
# nthreads           : 32
# lgo input file     : abcf2.lgo
# site pat input file: ../../boot/boot22.opf
# free parameters    : 18
# points in DE swarm : 54
# output state file  : b1boot22.state
# Including singleton site patterns.
# cost function      : KL
Initial parameter values
Fixed:
      zero = 0
       one = 1
    Tbecnw = 75200
Free:
       pc1 = 0
       pc2 = 0
       pc3 = 0
       pc4 = 0
       pc5 = 0
       pc6 = 0
       pc7 = 0
       pc8 = 0
       pc9 = 0
      pc10 = 0
      pc11 = 0
      pc12 = 0
      pc13 = 0
      pc14 = 0
      pc15 = 0
      pc16 = 0
      pc17 = 0
      pc18 = 0
Constrained:
   Tgbecnw = 90751.3
     Tecnw = 24321.5
       Tnw = 17435.1
       Tec = 14755.4
     twoNb = 537083
     twoNe = 102667
     twoNc = 1.22653e+06
     twoNn = 853143
     twoNw = 6.53909e+06
    twoNec = 81419.9
    twoNnw = 24739.8
  twoNecnw = 73209.7
  twoNbecnw = 5774.35
  twoNgbecnw = 372995
         m = 0.0872895
        m2 = 0.028691
        m3 = 0.260932
        m6 = 5.24692e-08
        Tb = 19538.5
        Ta = 47369.2
        Tc = 8717.53
        Tf = 4358.76
DiffEv reached_goal. cost=1.71165e-03 spread=1.86032e-06
Fitted parameter values
Free:
       pc1 = 3.83238
       pc2 = -1.42921
       pc3 = -1.88875
       pc4 = -0.200634
       pc5 = 0.474109
       pc6 = -1.94027
       pc7 = -1.0113
       pc8 = 1.17981
       pc9 = -0.403461
      pc10 = 0.84004
      pc11 = 0.513438
      pc12 = -0.248691
      pc13 = 0.0312401
      pc14 = 0.0543558
      pc15 = 0.0157167
      pc16 = 0.0247154
      pc17 = 0.0260385
      pc18 = -0.0135342
Constrained:
   Tgbecnw = 78056.2
     Tecnw = 24140.4
       Tnw = 17255.4
       Tec = 12930.4
     twoNb = 513250
     twoNe = 79072
     twoNc = 2.52094e+06
     twoNn = 1.15851e+06
     twoNw = 4.9193e+06
    twoNec = 95826.9
    twoNnw = 24417.6
  twoNecnw = 68858.4
  twoNbecnw = 1088.75
  twoNgbecnw = 396249
         m = 0.0773404
        m2 = 0.0290274
        m3 = 0.265165
        m6 = 2.58895e-07
        Tb = 18535.4
        Ta = 46867.7
        Tc = 8627.69
        Tf = 4313.84
#       SitePat  BranchLen
              b 121370.1683466
              e 48084.2921255
              c 48689.3533151
              n 43545.9745671
              w 45841.3636203
            b:e 2235.4421923
            b:c 2281.6783549
            b:n 1612.5444869
            b:w 1746.4155135
            e:c 10042.1329036
            e:n 5760.7868361
            e:w 4568.0237504
            c:n 5155.7222953
            c:w 4714.0052877
            n:w 12161.9765155
          b:e:c 1945.1207280
          b:e:n 1056.9826782
          b:e:w 1020.8251358
          b:c:n 1010.7459634
          b:c:w 1077.4290474
          b:n:w 1914.5098295
          e:c:n 4952.1182428
          e:c:w 4174.2663275
          e:n:w 5826.9436739
          c:n:w 5680.9653737
        b:e:c:n 2013.0161133
        b:e:c:w 1965.5625461
        b:e:n:w 3009.8300468
        b:c:n:w 2953.2268015
        e:c:n:w 50558.1546700
