########################################
# legofit: estimate population history #
#       version 2.3.4-4-g53f8760       #
########################################

# Program was compiled: Sep 21 2021 14:36:42
# Program was run: Thu Sep 30 01:51:02 2021

# cmd: legofit -1 -d 0 -t 32 --ptsPerDim 3 --stateOut b1boot41.state --tol 3e-6 -S 5000 abcf2.lgo ../../boot/boot41.opf
# Stage nOptItr nSimReps
#     0    5000        0
# algorithm          : deterministic
# ignoring probs <=  : 0
# Branch length floor: 0
# DE strategy        : 2
#    F               : 0.3
#    CR              : 0.8
#    tolerance       : 3e-06
# nthreads           : 32
# lgo input file     : abcf2.lgo
# site pat input file: ../../boot/boot41.opf
# free parameters    : 18
# points in DE swarm : 54
# output state file  : b1boot41.state
# Including singleton site patterns.
# cost function      : KL
Initial parameter values
Fixed:
      zero = 0
       one = 1
    Tbecnw = 75200
Free:
       pc1 = 0
       pc2 = 0
       pc3 = 0
       pc4 = 0
       pc5 = 0
       pc6 = 0
       pc7 = 0
       pc8 = 0
       pc9 = 0
      pc10 = 0
      pc11 = 0
      pc12 = 0
      pc13 = 0
      pc14 = 0
      pc15 = 0
      pc16 = 0
      pc17 = 0
      pc18 = 0
Constrained:
   Tgbecnw = 90751.3
     Tecnw = 24321.5
       Tnw = 17435.1
       Tec = 14755.4
     twoNb = 537083
     twoNe = 102667
     twoNc = 1.22653e+06
     twoNn = 853143
     twoNw = 6.53909e+06
    twoNec = 81419.9
    twoNnw = 24739.8
  twoNecnw = 73209.7
  twoNbecnw = 5774.35
  twoNgbecnw = 372995
         m = 0.0872895
        m2 = 0.028691
        m3 = 0.260932
        m6 = 5.24692e-08
        Tb = 19538.5
        Ta = 47369.2
        Tc = 8717.53
        Tf = 4358.76
DiffEv reached_goal. cost=1.68964e-03 spread=2.44463e-06
Fitted parameter values
Free:
       pc1 = 1.82162
       pc2 = -2.86451
       pc3 = -1.68645
       pc4 = 0.738256
       pc5 = 0.513362
       pc6 = -1.44874
       pc7 = -0.986539
       pc8 = 0.872216
       pc9 = 0.638784
      pc10 = -0.63392
      pc11 = 0.732379
      pc12 = -0.429509
      pc13 = -0.212611
      pc14 = 0.107061
      pc15 = -0.0229871
      pc16 = -0.0361869
      pc17 = 0.0461252
      pc18 = -0.00150164
Constrained:
   Tgbecnw = 77795.7
     Tecnw = 23890.8
       Tnw = 17540
       Tec = 14918.8
     twoNb = 551592
     twoNe = 105089
     twoNc = 1.82579e+06
     twoNn = 1.60192e+06
     twoNw = 5.1034e+06
    twoNec = 75863.6
    twoNnw = 22087
  twoNecnw = 69765.8
  twoNbecnw = 971.335
  twoNgbecnw = 411697
         m = 0.0735691
        m2 = 0.0286477
        m3 = 0.269982
        m6 = 1.56946e-07
        Tb = 19404.8
        Ta = 47302.4
        Tc = 8770.01
        Tf = 4385
#       SitePat  BranchLen
              b 120844.2611377
              e 48074.1307774
              c 48719.0693754
              n 43434.9896100
              w 45771.0964190
            b:e 2196.5308005
            b:c 2246.3448226
            b:n 1591.3328381
            b:w 1738.0623266
            e:c 9974.0107177
            e:n 5773.5222534
            e:w 4549.4016888
            c:n 5128.5815982
            c:w 4708.2280452
            n:w 12195.2936467
          b:e:c 1935.9018149
          b:e:n 1050.0538174
          b:e:w 1011.0197876
          b:c:n 1000.2394620
          b:c:w 1072.4091919
          b:n:w 1907.4204589
          e:c:n 4954.5169035
          e:c:w 4139.0862581
          e:n:w 5801.8459746
          c:n:w 5643.0216034
        b:e:c:n 2005.4302985
        b:e:c:w 1949.3631057
        b:e:n:w 2989.9548426
        b:c:n:w 2928.5658436
        e:c:n:w 50062.1216752
