########################################
# legofit: estimate population history #
#       version 2.3.4-4-g53f8760       #
########################################

# Program was compiled: Sep 21 2021 14:36:42
# Program was run: Thu Sep 30 01:41:38 2021

# cmd: legofit -1 -d 0 -t 32 --ptsPerDim 3 --stateOut b1boot15.state --tol 3e-6 -S 5000 abcf2.lgo ../../boot/boot15.opf
# Stage nOptItr nSimReps
#     0    5000        0
# algorithm          : deterministic
# ignoring probs <=  : 0
# Branch length floor: 0
# DE strategy        : 2
#    F               : 0.3
#    CR              : 0.8
#    tolerance       : 3e-06
# nthreads           : 32
# lgo input file     : abcf2.lgo
# site pat input file: ../../boot/boot15.opf
# free parameters    : 18
# points in DE swarm : 54
# output state file  : b1boot15.state
# Including singleton site patterns.
# cost function      : KL
Initial parameter values
Fixed:
      zero = 0
       one = 1
    Tbecnw = 75200
Free:
       pc1 = 0
       pc2 = 0
       pc3 = 0
       pc4 = 0
       pc5 = 0
       pc6 = 0
       pc7 = 0
       pc8 = 0
       pc9 = 0
      pc10 = 0
      pc11 = 0
      pc12 = 0
      pc13 = 0
      pc14 = 0
      pc15 = 0
      pc16 = 0
      pc17 = 0
      pc18 = 0
Constrained:
   Tgbecnw = 90751.3
     Tecnw = 24321.5
       Tnw = 17435.1
       Tec = 14755.4
     twoNb = 537083
     twoNe = 102667
     twoNc = 1.22653e+06
     twoNn = 853143
     twoNw = 6.53909e+06
    twoNec = 81419.9
    twoNnw = 24739.8
  twoNecnw = 73209.7
  twoNbecnw = 5774.35
  twoNgbecnw = 372995
         m = 0.0872895
        m2 = 0.028691
        m3 = 0.260932
        m6 = 5.24692e-08
        Tb = 19538.5
        Ta = 47369.2
        Tc = 8717.53
        Tf = 4358.76
DiffEv reached_goal. cost=1.72474e-03 spread=2.70974e-06
Fitted parameter values
Free:
       pc1 = 3.78998
       pc2 = -2.37253
       pc3 = -1.62024
       pc4 = 0.300698
       pc5 = -0.369348
       pc6 = -1.85021
       pc7 = 0.845302
       pc8 = 1.04485
       pc9 = -0.128929
      pc10 = -0.0611886
      pc11 = -0.219033
      pc12 = -0.733962
      pc13 = -0.12729
      pc14 = 0.115856
      pc15 = -0.0486209
      pc16 = 0.0394706
      pc17 = 0.0554797
      pc18 = 0.000426192
Constrained:
   Tgbecnw = 77380.8
     Tecnw = 24132.1
       Tnw = 16451.9
       Tec = 13376.7
     twoNb = 432169
     twoNe = 88677.1
     twoNc = 1.64901e+06
     twoNn = 2.63443e+06
     twoNw = 6.52489e+06
    twoNec = 90969.8
    twoNnw = 27389.1
  twoNecnw = 68934.8
  twoNbecnw = 820.393
  twoNgbecnw = 405067
         m = 0.0755516
        m2 = 0.0286665
        m3 = 0.265291
        m6 = 1.80105e-07
        Tb = 18754.4
        Ta = 46977.2
        Tc = 8225.97
        Tf = 4112.99
#       SitePat  BranchLen
              b 120910.0857260
              e 47935.5525295
              c 48578.1494647
              n 43410.8146921
              w 45757.8671587
            b:e 2212.3050158
            b:c 2261.0248823
            b:n 1589.6678364
            b:w 1721.1496422
            e:c 9991.9364325
            e:n 5765.6820989
            e:w 4537.3716407
            c:n 5123.0828455
            c:w 4691.7277585
            n:w 12160.3987140
          b:e:c 1914.6377355
          b:e:n 1042.1393394
          b:e:w 1002.8142760
          b:c:n 993.4190927
          b:c:w 1061.9982869
          b:n:w 1880.6740557
          e:c:n 4933.6600208
          e:c:w 4140.7272829
          e:n:w 5773.3426662
          c:n:w 5618.9887949
        b:e:c:n 1988.3041607
        b:e:c:w 1933.1140831
        b:e:n:w 2950.5966392
        b:c:n:w 2891.4130801
        e:c:n:w 50231.1601043
