########################################
# legofit: estimate population history #
#       version 2.3.4-4-g53f8760       #
########################################

# Program was compiled: Sep 21 2021 14:36:42
# Program was run: Thu Sep 30 01:42:33 2021

# cmd: legofit -1 -d 0 -t 32 --ptsPerDim 3 --stateOut b1boot24.state --tol 3e-6 -S 5000 abcf2.lgo ../../boot/boot24.opf
# Stage nOptItr nSimReps
#     0    5000        0
# algorithm          : deterministic
# ignoring probs <=  : 0
# Branch length floor: 0
# DE strategy        : 2
#    F               : 0.3
#    CR              : 0.8
#    tolerance       : 3e-06
# nthreads           : 32
# lgo input file     : abcf2.lgo
# site pat input file: ../../boot/boot24.opf
# free parameters    : 18
# points in DE swarm : 54
# output state file  : b1boot24.state
# Including singleton site patterns.
# cost function      : KL
Initial parameter values
Fixed:
      zero = 0
       one = 1
    Tbecnw = 75200
Free:
       pc1 = 0
       pc2 = 0
       pc3 = 0
       pc4 = 0
       pc5 = 0
       pc6 = 0
       pc7 = 0
       pc8 = 0
       pc9 = 0
      pc10 = 0
      pc11 = 0
      pc12 = 0
      pc13 = 0
      pc14 = 0
      pc15 = 0
      pc16 = 0
      pc17 = 0
      pc18 = 0
Constrained:
   Tgbecnw = 90751.3
     Tecnw = 24321.5
       Tnw = 17435.1
       Tec = 14755.4
     twoNb = 537083
     twoNe = 102667
     twoNc = 1.22653e+06
     twoNn = 853143
     twoNw = 6.53909e+06
    twoNec = 81419.9
    twoNnw = 24739.8
  twoNecnw = 73209.7
  twoNbecnw = 5774.35
  twoNgbecnw = 372995
         m = 0.0872895
        m2 = 0.028691
        m3 = 0.260932
        m6 = 5.24692e-08
        Tb = 19538.5
        Ta = 47369.2
        Tc = 8717.53
        Tf = 4358.76
DiffEv reached_goal. cost=1.74353e-03 spread=2.87065e-06
Fitted parameter values
Free:
       pc1 = 2.09285
       pc2 = -2.74149
       pc3 = -1.90426
       pc4 = -0.389999
       pc5 = -0.502864
       pc6 = -0.525358
       pc7 = -0.205712
       pc8 = 1.63681
       pc9 = -0.188514
      pc10 = -0.466874
      pc11 = 0.587041
      pc12 = -0.342766
      pc13 = -0.184504
      pc14 = 0.0236327
      pc15 = -0.0416336
      pc16 = -0.0114704
      pc17 = 0.0349251
      pc18 = -0.0249617
Constrained:
   Tgbecnw = 76955.6
     Tecnw = 23738
       Tnw = 17082.1
       Tec = 14374.2
     twoNb = 484639
     twoNe = 99715
     twoNc = 2.27025e+06
     twoNn = 1.47373e+06
     twoNw = 1.07653e+07
    twoNec = 79890
    twoNnw = 23780.3
  twoNecnw = 70954.4
  twoNbecnw = 665.167
  twoNgbecnw = 397787
         m = 0.0787455
        m2 = 0.0283389
        m3 = 0.263103
        m6 = 1.69091e-07
        Tb = 19056.1
        Ta = 47128
        Tc = 8541.07
        Tf = 4270.54
#       SitePat  BranchLen
              b 121320.2355027
              e 48125.0616717
              c 48760.1328576
              n 43551.4400215
              w 45848.9045040
            b:e 2212.4573372
            b:c 2261.2855640
            b:n 1599.9389647
            b:w 1737.0470241
            e:c 10005.4923594
            e:n 5785.2261615
            e:w 4579.1390965
            c:n 5150.1528028
            c:w 4733.9878502
            n:w 12209.4754220
          b:e:c 1934.4871885
          b:e:n 1053.7592592
          b:e:w 1015.0749976
          b:c:n 1004.9306775
          b:c:w 1074.9466023
          b:n:w 1903.2573732
          e:c:n 4933.1916672
          e:c:w 4144.1658229
          e:n:w 5778.8704302
          c:n:w 5624.0237761
        b:e:c:n 2011.9231046
        b:e:c:w 1957.2968070
        b:e:n:w 2989.8275449
        b:c:n:w 2929.9563683
        e:c:n:w 50480.4510549
