########################################
# legofit: estimate population history #
#       version 2.3.4-4-g53f8760       #
########################################

# Program was compiled: Sep 21 2021 14:36:42
# Program was run: Thu Sep 30 01:56:06 2021

# cmd: legofit -1 -d 0 -t 32 --ptsPerDim 3 --stateOut b1boot49.state --tol 3e-6 -S 5000 abcf2.lgo ../../boot/boot49.opf
# Stage nOptItr nSimReps
#     0    5000        0
# algorithm          : deterministic
# ignoring probs <=  : 0
# Branch length floor: 0
# DE strategy        : 2
#    F               : 0.3
#    CR              : 0.8
#    tolerance       : 3e-06
# nthreads           : 32
# lgo input file     : abcf2.lgo
# site pat input file: ../../boot/boot49.opf
# free parameters    : 18
# points in DE swarm : 54
# output state file  : b1boot49.state
# Including singleton site patterns.
# cost function      : KL
Initial parameter values
Fixed:
      zero = 0
       one = 1
    Tbecnw = 75200
Free:
       pc1 = 0
       pc2 = 0
       pc3 = 0
       pc4 = 0
       pc5 = 0
       pc6 = 0
       pc7 = 0
       pc8 = 0
       pc9 = 0
      pc10 = 0
      pc11 = 0
      pc12 = 0
      pc13 = 0
      pc14 = 0
      pc15 = 0
      pc16 = 0
      pc17 = 0
      pc18 = 0
Constrained:
   Tgbecnw = 90751.3
     Tecnw = 24321.5
       Tnw = 17435.1
       Tec = 14755.4
     twoNb = 537083
     twoNe = 102667
     twoNc = 1.22653e+06
     twoNn = 853143
     twoNw = 6.53909e+06
    twoNec = 81419.9
    twoNnw = 24739.8
  twoNecnw = 73209.7
  twoNbecnw = 5774.35
  twoNgbecnw = 372995
         m = 0.0872895
        m2 = 0.028691
        m3 = 0.260932
        m6 = 5.24692e-08
        Tb = 19538.5
        Ta = 47369.2
        Tc = 8717.53
        Tf = 4358.76
DiffEv reached_goal. cost=1.75484e-03 spread=2.42064e-06
Fitted parameter values
Free:
       pc1 = 3.80017
       pc2 = -2.28321
       pc3 = -1.70232
       pc4 = -0.297561
       pc5 = 0.689832
       pc6 = -1.42467
       pc7 = -0.955949
       pc8 = 0.271712
       pc9 = -0.923278
      pc10 = -0.303031
      pc11 = 0.483078
      pc12 = -0.35038
      pc13 = -0.0212987
      pc14 = -0.0144862
      pc15 = -0.00683251
      pc16 = 0.00127532
      pc17 = 0.0437025
      pc18 = -0.0172409
Constrained:
   Tgbecnw = 77078.6
     Tecnw = 24059
       Tnw = 16872.4
       Tec = 13512.4
     twoNb = 537673
     twoNe = 83636.2
     twoNc = 1.03879e+06
     twoNn = 1.262e+06
     twoNw = 5.34069e+06
    twoNec = 89854.6
    twoNnw = 25888.5
  twoNecnw = 68791.5
  twoNbecnw = 712.245
  twoNgbecnw = 403397
         m = 0.0754436
        m2 = 0.028424
        m3 = 0.254498
        m6 = 2.55395e-07
        Tb = 18785.7
        Ta = 46992.9
        Tc = 8436.22
        Tf = 4218.11
#       SitePat  BranchLen
              b 121010.0592406
              e 47962.6395483
              c 48603.4729818
              n 43428.4851309
              w 45680.5568463
            b:e 2206.9493346
            b:c 2255.7824072
            b:n 1599.3472657
            b:w 1736.5494645
            e:c 10012.0007132
            e:n 5745.2635450
            e:w 4549.6295359
            c:n 5104.4268495
            c:w 4704.7521863
            n:w 12178.4151143
          b:e:c 1936.8989369
          b:e:n 1051.4201824
          b:e:w 1012.3436877
          b:c:n 1002.5865785
          b:c:w 1072.2381694
          b:n:w 1907.3861438
          e:c:n 4932.4990134
          e:c:w 4162.9635808
          e:n:w 5800.6807569
          c:n:w 5645.5612554
        b:e:c:n 2001.9473131
        b:e:c:w 1946.9424483
        b:e:n:w 2984.0534023
        b:c:n:w 2924.1595651
        e:c:n:w 50342.4323135
