########################################
# legofit: estimate population history #
#       version 2.3.4-4-g53f8760       #
########################################

# Program was compiled: Sep 21 2021 14:36:42
# Program was run: Thu Sep 30 01:40:40 2021

# cmd: legofit -1 -d 0 -t 32 --ptsPerDim 3 --stateOut b1boot2.state --tol 3e-6 -S 5000 abcf2.lgo ../../boot/boot2.opf
# Stage nOptItr nSimReps
#     0    5000        0
# algorithm          : deterministic
# ignoring probs <=  : 0
# Branch length floor: 0
# DE strategy        : 2
#    F               : 0.3
#    CR              : 0.8
#    tolerance       : 3e-06
# nthreads           : 32
# lgo input file     : abcf2.lgo
# site pat input file: ../../boot/boot2.opf
# free parameters    : 18
# points in DE swarm : 54
# output state file  : b1boot2.state
# Including singleton site patterns.
# cost function      : KL
Initial parameter values
Fixed:
      zero = 0
       one = 1
    Tbecnw = 75200
Free:
       pc1 = 0
       pc2 = 0
       pc3 = 0
       pc4 = 0
       pc5 = 0
       pc6 = 0
       pc7 = 0
       pc8 = 0
       pc9 = 0
      pc10 = 0
      pc11 = 0
      pc12 = 0
      pc13 = 0
      pc14 = 0
      pc15 = 0
      pc16 = 0
      pc17 = 0
      pc18 = 0
Constrained:
   Tgbecnw = 90751.3
     Tecnw = 24321.5
       Tnw = 17435.1
       Tec = 14755.4
     twoNb = 537083
     twoNe = 102667
     twoNc = 1.22653e+06
     twoNn = 853143
     twoNw = 6.53909e+06
    twoNec = 81419.9
    twoNnw = 24739.8
  twoNecnw = 73209.7
  twoNbecnw = 5774.35
  twoNgbecnw = 372995
         m = 0.0872895
        m2 = 0.028691
        m3 = 0.260932
        m6 = 5.24692e-08
        Tb = 19538.5
        Ta = 47369.2
        Tc = 8717.53
        Tf = 4358.76
DiffEv reached_goal. cost=1.71531e-03 spread=2.69578e-06
Fitted parameter values
Free:
       pc1 = 3.40773
       pc2 = -2.60809
       pc3 = -1.53315
       pc4 = -0.29555
       pc5 = 0.683456
       pc6 = -1.8156
       pc7 = -0.209408
       pc8 = 0.997514
       pc9 = 1.14297
      pc10 = 0.584409
      pc11 = 0.352756
      pc12 = -0.00882095
      pc13 = -0.0112163
      pc14 = 0.157033
      pc15 = 0.012631
      pc16 = 0.0103649
      pc17 = 0.0777703
      pc18 = -0.00918079
Constrained:
   Tgbecnw = 76296.2
     Tecnw = 23841.8
       Tnw = 16665.7
       Tec = 13571.1
     twoNb = 477357
     twoNe = 92041.4
     twoNc = 2.8648e+06
     twoNn = 1.34778e+06
     twoNw = 1.41739e+06
    twoNec = 87357.5
    twoNnw = 25414.5
  twoNecnw = 69471.2
  twoNbecnw = 412.296
  twoNgbecnw = 409939
         m = 0.0741656
        m2 = 0.0290366
        m3 = 0.264232
        m6 = 1.65458e-07
        Tb = 18706.5
        Ta = 46953.2
        Tc = 8332.83
        Tf = 4166.42
#       SitePat  BranchLen
              b 120591.3788382
              e 47889.1918994
              c 48513.5807657
              n 43289.9729511
              w 45589.9979690
            b:e 2212.7797909
            b:c 2260.4109023
            b:n 1591.6275055
            b:w 1724.5800184
            e:c 9994.3325211
            e:n 5751.4920440
            e:w 4548.9609086
            c:n 5127.1009832
            c:w 4700.0405616
            n:w 12204.2027124
          b:e:c 1926.9438216
          b:e:n 1045.6044624
          b:e:w 1007.8237549
          b:c:n 997.9729950
          b:c:w 1066.1245313
          b:n:w 1893.9863717
          e:c:n 4920.6906064
          e:c:w 4137.5699485
          e:n:w 5786.0734256
          c:n:w 5634.9958966
        b:e:c:n 1995.0231613
        b:e:c:w 1944.3870582
        b:e:n:w 2980.4307510
        b:c:n:w 2922.1304012
        e:c:n:w 50019.9003802
