########################################
# legofit: estimate population history #
#       version 2.3.4-4-g53f8760       #
########################################

# Program was compiled: Sep 21 2021 14:36:42
# Program was run: Thu Sep 30 01:41:50 2021

# cmd: legofit -1 -d 0 -t 32 --ptsPerDim 3 --stateOut b1boot17.state --tol 3e-6 -S 5000 abcf2.lgo ../../boot/boot17.opf
# Stage nOptItr nSimReps
#     0    5000        0
# algorithm          : deterministic
# ignoring probs <=  : 0
# Branch length floor: 0
# DE strategy        : 2
#    F               : 0.3
#    CR              : 0.8
#    tolerance       : 3e-06
# nthreads           : 32
# lgo input file     : abcf2.lgo
# site pat input file: ../../boot/boot17.opf
# free parameters    : 18
# points in DE swarm : 54
# output state file  : b1boot17.state
# Including singleton site patterns.
# cost function      : KL
Initial parameter values
Fixed:
      zero = 0
       one = 1
    Tbecnw = 75200
Free:
       pc1 = 0
       pc2 = 0
       pc3 = 0
       pc4 = 0
       pc5 = 0
       pc6 = 0
       pc7 = 0
       pc8 = 0
       pc9 = 0
      pc10 = 0
      pc11 = 0
      pc12 = 0
      pc13 = 0
      pc14 = 0
      pc15 = 0
      pc16 = 0
      pc17 = 0
      pc18 = 0
Constrained:
   Tgbecnw = 90751.3
     Tecnw = 24321.5
       Tnw = 17435.1
       Tec = 14755.4
     twoNb = 537083
     twoNe = 102667
     twoNc = 1.22653e+06
     twoNn = 853143
     twoNw = 6.53909e+06
    twoNec = 81419.9
    twoNnw = 24739.8
  twoNecnw = 73209.7
  twoNbecnw = 5774.35
  twoNgbecnw = 372995
         m = 0.0872895
        m2 = 0.028691
        m3 = 0.260932
        m6 = 5.24692e-08
        Tb = 19538.5
        Ta = 47369.2
        Tc = 8717.53
        Tf = 4358.76
DiffEv reached_goal. cost=1.70733e-03 spread=2.80375e-06
Fitted parameter values
Free:
       pc1 = 3.3924
       pc2 = -2.16749
       pc3 = -1.60693
       pc4 = 1.00704
       pc5 = -0.637757
       pc6 = -1.70228
       pc7 = -1.58993
       pc8 = 1.04549
       pc9 = -0.502115
      pc10 = 0.578527
      pc11 = 1.70884
      pc12 = -0.554239
      pc13 = -0.11662
      pc14 = 0.167116
      pc15 = 0.0222532
      pc16 = 0.0306555
      pc17 = 0.0864944
      pc18 = -0.0294707
Constrained:
   Tgbecnw = 77014.4
     Tecnw = 24044.5
       Tnw = 17519
       Tec = 13813.3
     twoNb = 557180
     twoNe = 88015
     twoNc = 1.63944e+06
     twoNn = 1.49196e+06
     twoNw = 1.01835e+07
    twoNec = 85807.1
    twoNnw = 22677.6
  twoNecnw = 68088.1
  twoNbecnw = 690.697
  twoNgbecnw = 400739
         m = 0.0744348
        m2 = 0.0297641
        m3 = 0.266414
        m6 = 2.43878e-07
        Tb = 18928.9
        Ta = 47064.5
        Tc = 8759.5
        Tf = 4379.75
#       SitePat  BranchLen
              b 120545.2620158
              e 47858.7792881
              c 48488.0522944
              n 43253.8740026
              w 45567.9345128
            b:e 2210.7740390
            b:c 2259.1678202
            b:n 1590.9534512
            b:w 1731.0437500
            e:c 10003.8732234
            e:n 5731.5177603
            e:w 4520.9464521
            c:n 5102.2415795
            c:w 4674.8126973
            n:w 12164.3648281
          b:e:c 1936.7247734
          b:e:n 1044.4452476
          b:e:w 1006.5341437
          b:c:n 996.0509460
          b:c:w 1066.1049232
          b:n:w 1907.7102915
          e:c:n 4948.9294400
          e:c:w 4150.0155391
          e:n:w 5828.7137547
          c:n:w 5674.8505716
        b:e:c:n 1992.6754444
        b:e:c:w 1943.2958970
        b:e:n:w 3000.4679500
        b:c:n:w 2940.8978033
        e:c:n:w 49994.4157207
