########################################
# legofit: estimate population history #
#       version 2.3.4-4-g53f8760       #
########################################

# Program was compiled: Sep 21 2021 14:36:42
# Program was run: Thu Sep 30 01:42:23 2021

# cmd: legofit -1 -d 0 -t 32 --ptsPerDim 3 --stateOut b1boot23.state --tol 3e-6 -S 5000 abcf2.lgo ../../boot/boot23.opf
# Stage nOptItr nSimReps
#     0    5000        0
# algorithm          : deterministic
# ignoring probs <=  : 0
# Branch length floor: 0
# DE strategy        : 2
#    F               : 0.3
#    CR              : 0.8
#    tolerance       : 3e-06
# nthreads           : 32
# lgo input file     : abcf2.lgo
# site pat input file: ../../boot/boot23.opf
# free parameters    : 18
# points in DE swarm : 54
# output state file  : b1boot23.state
# Including singleton site patterns.
# cost function      : KL
Initial parameter values
Fixed:
      zero = 0
       one = 1
    Tbecnw = 75200
Free:
       pc1 = 0
       pc2 = 0
       pc3 = 0
       pc4 = 0
       pc5 = 0
       pc6 = 0
       pc7 = 0
       pc8 = 0
       pc9 = 0
      pc10 = 0
      pc11 = 0
      pc12 = 0
      pc13 = 0
      pc14 = 0
      pc15 = 0
      pc16 = 0
      pc17 = 0
      pc18 = 0
Constrained:
   Tgbecnw = 90751.3
     Tecnw = 24321.5
       Tnw = 17435.1
       Tec = 14755.4
     twoNb = 537083
     twoNe = 102667
     twoNc = 1.22653e+06
     twoNn = 853143
     twoNw = 6.53909e+06
    twoNec = 81419.9
    twoNnw = 24739.8
  twoNecnw = 73209.7
  twoNbecnw = 5774.35
  twoNgbecnw = 372995
         m = 0.0872895
        m2 = 0.028691
        m3 = 0.260932
        m6 = 5.24692e-08
        Tb = 19538.5
        Ta = 47369.2
        Tc = 8717.53
        Tf = 4358.76
DiffEv reached_goal. cost=1.70380e-03 spread=2.94413e-06
Fitted parameter values
Free:
       pc1 = 2.99749
       pc2 = -2.39504
       pc3 = -1.93612
       pc4 = 0.392584
       pc5 = 0.261491
       pc6 = -1.0595
       pc7 = -0.47616
       pc8 = -0.20795
       pc9 = -0.0568648
      pc10 = -0.580769
      pc11 = 0.358108
      pc12 = -0.634883
      pc13 = -0.00769188
      pc14 = 0.0515698
      pc15 = 0.0639659
      pc16 = -0.0173337
      pc17 = 0.0701293
      pc18 = -0.0150215
Constrained:
   Tgbecnw = 77220.8
     Tecnw = 24015.4
       Tnw = 17075.5
       Tec = 13881.6
     twoNb = 539283
     twoNe = 90338
     twoNc = 502122
     twoNn = 1.69772e+06
     twoNw = 5.59884e+06
    twoNec = 85977.8
    twoNnw = 24498.8
  twoNecnw = 69050.1
  twoNbecnw = 767.038
  twoNgbecnw = 403071
         m = 0.0746866
        m2 = 0.0284184
        m3 = 0.26
        m6 = 1.44268e-07
        Tb = 18948.5
        Ta = 47074.2
        Tc = 8537.77
        Tf = 4268.88
#       SitePat  BranchLen
              b 120766.2687641
              e 47995.8080710
              c 48631.4055184
              n 43393.8708005
              w 45679.0638202
            b:e 2215.6282509
            b:c 2264.4688710
            b:n 1603.2332431
            b:w 1744.6775604
            e:c 10025.2324177
            e:n 5748.4903160
            e:w 4546.7847952
            c:n 5112.8909988
            c:w 4701.5521173
            n:w 12232.4919353
          b:e:c 1950.8880425
          b:e:n 1054.8506913
          b:e:w 1016.0366871
          b:c:n 1006.0097659
          b:c:w 1075.8754308
          b:n:w 1920.5331438
          e:c:n 4944.4011226
          e:c:w 4158.1348156
          e:n:w 5816.6756174
          c:n:w 5661.9101018
        b:e:c:n 2011.8446431
        b:e:c:w 1953.4663956
        b:e:n:w 2990.8779755
        b:c:n:w 2931.0396005
        e:c:n:w 50076.5793936
