########################################
# legofit: estimate population history #
#       version 2.3.4-4-g53f8760       #
########################################

# Program was compiled: Sep 21 2021 14:36:42
# Program was run: Thu Sep 30 01:42:57 2021

# cmd: legofit -1 -d 0 -t 32 --ptsPerDim 3 --stateOut b1boot35.state --tol 3e-6 -S 5000 abcf2.lgo ../../boot/boot35.opf
# Stage nOptItr nSimReps
#     0    5000        0
# algorithm          : deterministic
# ignoring probs <=  : 0
# Branch length floor: 0
# DE strategy        : 2
#    F               : 0.3
#    CR              : 0.8
#    tolerance       : 3e-06
# nthreads           : 32
# lgo input file     : abcf2.lgo
# site pat input file: ../../boot/boot35.opf
# free parameters    : 18
# points in DE swarm : 54
# output state file  : b1boot35.state
# Including singleton site patterns.
# cost function      : KL
Initial parameter values
Fixed:
      zero = 0
       one = 1
    Tbecnw = 75200
Free:
       pc1 = 0
       pc2 = 0
       pc3 = 0
       pc4 = 0
       pc5 = 0
       pc6 = 0
       pc7 = 0
       pc8 = 0
       pc9 = 0
      pc10 = 0
      pc11 = 0
      pc12 = 0
      pc13 = 0
      pc14 = 0
      pc15 = 0
      pc16 = 0
      pc17 = 0
      pc18 = 0
Constrained:
   Tgbecnw = 90751.3
     Tecnw = 24321.5
       Tnw = 17435.1
       Tec = 14755.4
     twoNb = 537083
     twoNe = 102667
     twoNc = 1.22653e+06
     twoNn = 853143
     twoNw = 6.53909e+06
    twoNec = 81419.9
    twoNnw = 24739.8
  twoNecnw = 73209.7
  twoNbecnw = 5774.35
  twoNgbecnw = 372995
         m = 0.0872895
        m2 = 0.028691
        m3 = 0.260932
        m6 = 5.24692e-08
        Tb = 19538.5
        Ta = 47369.2
        Tc = 8717.53
        Tf = 4358.76
DiffEv reached_goal. cost=1.70591e-03 spread=2.71396e-06
Fitted parameter values
Free:
       pc1 = 2.58206
       pc2 = -2.38861
       pc3 = -1.98691
       pc4 = 0.798992
       pc5 = -0.268611
       pc6 = -1.32875
       pc7 = 0.331451
       pc8 = 0.159936
       pc9 = 0.851358
      pc10 = 0.335671
      pc11 = 0.340089
      pc12 = -0.472536
      pc13 = 0.0282923
      pc14 = -0.00641397
      pc15 = -0.0486406
      pc16 = -0.0716175
      pc17 = 0.0274139
      pc18 = -0.00169349
Constrained:
   Tgbecnw = 77685.5
     Tecnw = 23913.9
       Tnw = 17306.2
       Tec = 13767.5
     twoNb = 486203
     twoNe = 92723.7
     twoNc = 1.18092e+06
     twoNn = 2.11941e+06
     twoNw = 5.08685e+06
    twoNec = 87625.6
    twoNnw = 23203.7
  twoNecnw = 69766
  twoNbecnw = 932.914
  twoNgbecnw = 408141
         m = 0.075674
        m2 = 0.0290417
        m3 = 0.267099
        m6 = 8.07423e-08
        Tb = 18840.7
        Ta = 47020.4
        Tc = 8653.08
        Tf = 4326.54
#       SitePat  BranchLen
              b 121273.0384748
              e 48132.2478531
              c 48744.3570994
              n 43485.9094138
              w 45763.1200418
            b:e 2225.6140876
            b:c 2272.5696985
            b:n 1597.6188942
            b:w 1728.8994428
            e:c 9976.2376270
            e:n 5758.9561532
            e:w 4568.9208521
            c:n 5146.8458537
            c:w 4717.7597140
            n:w 12198.3971989
          b:e:c 1932.6982406
          b:e:n 1050.2946772
          b:e:w 1013.3721870
          b:c:n 1003.3388936
          b:c:w 1070.9670952
          b:n:w 1900.2797149
          e:c:n 4918.2185417
          e:c:w 4142.5247519
          e:n:w 5814.9171339
          c:n:w 5666.0792897
        b:e:c:n 1998.4251477
        b:e:c:w 1954.0435339
        b:e:n:w 3004.7846924
        b:c:n:w 2947.1899924
        e:c:n:w 50481.8794716
