########################################
# legofit: estimate population history #
#       version 2.3.4-4-g53f8760       #
########################################

# Program was compiled: Sep 21 2021 14:36:42
# Program was run: Thu Sep 30 01:42:41 2021

# cmd: legofit -1 -d 0 -t 32 --ptsPerDim 3 --stateOut b1boot26.state --tol 3e-6 -S 5000 abcf2.lgo ../../boot/boot26.opf
# Stage nOptItr nSimReps
#     0    5000        0
# algorithm          : deterministic
# ignoring probs <=  : 0
# Branch length floor: 0
# DE strategy        : 2
#    F               : 0.3
#    CR              : 0.8
#    tolerance       : 3e-06
# nthreads           : 32
# lgo input file     : abcf2.lgo
# site pat input file: ../../boot/boot26.opf
# free parameters    : 18
# points in DE swarm : 54
# output state file  : b1boot26.state
# Including singleton site patterns.
# cost function      : KL
Initial parameter values
Fixed:
      zero = 0
       one = 1
    Tbecnw = 75200
Free:
       pc1 = 0
       pc2 = 0
       pc3 = 0
       pc4 = 0
       pc5 = 0
       pc6 = 0
       pc7 = 0
       pc8 = 0
       pc9 = 0
      pc10 = 0
      pc11 = 0
      pc12 = 0
      pc13 = 0
      pc14 = 0
      pc15 = 0
      pc16 = 0
      pc17 = 0
      pc18 = 0
Constrained:
   Tgbecnw = 90751.3
     Tecnw = 24321.5
       Tnw = 17435.1
       Tec = 14755.4
     twoNb = 537083
     twoNe = 102667
     twoNc = 1.22653e+06
     twoNn = 853143
     twoNw = 6.53909e+06
    twoNec = 81419.9
    twoNnw = 24739.8
  twoNecnw = 73209.7
  twoNbecnw = 5774.35
  twoNgbecnw = 372995
         m = 0.0872895
        m2 = 0.028691
        m3 = 0.260932
        m6 = 5.24692e-08
        Tb = 19538.5
        Ta = 47369.2
        Tc = 8717.53
        Tf = 4358.76
DiffEv reached_goal. cost=1.69195e-03 spread=2.14507e-06
Fitted parameter values
Free:
       pc1 = 2.76532
       pc2 = -3.0336
       pc3 = -1.12531
       pc4 = 0.732871
       pc5 = -0.383333
       pc6 = -1.38293
       pc7 = -0.232815
       pc8 = 1.03342
       pc9 = 1.19446
      pc10 = -0.0472663
      pc11 = 0.391389
      pc12 = -0.338293
      pc13 = -0.0745009
      pc14 = -0.0053199
      pc15 = -0.00570166
      pc16 = 0.0137925
      pc17 = 0.0335747
      pc18 = -0.00426579
Constrained:
   Tgbecnw = 76568.4
     Tecnw = 23903.2
       Tnw = 16695
       Tec = 14259.9
     twoNb = 483419
     twoNe = 108819
     twoNc = 1.89825e+06
     twoNn = 1.76781e+06
     twoNw = 5.75551e+06
    twoNec = 80818.7
    twoNnw = 25669.2
  twoNecnw = 69391.2
  twoNbecnw = 512.83
  twoNgbecnw = 412468
         m = 0.0738449
        m2 = 0.0292113
        m3 = 0.26984
        m6 = 1.22597e-07
        Tb = 19081.6
        Ta = 47140.8
        Tc = 8347.52
        Tf = 4173.76
#       SitePat  BranchLen
              b 120687.5923773
              e 47921.3216896
              c 48526.2531414
              n 43394.1886524
              w 45717.0729031
            b:e 2203.3347276
            b:c 2249.6927049
            b:n 1594.7055102
            b:w 1731.1186047
            e:c 9975.7159432
            e:n 5747.7676507
            e:w 4551.8527936
            c:n 5142.8346152
            c:w 4699.0015165
            n:w 12128.4502406
          b:e:c 1920.3346551
          b:e:n 1045.3261793
          b:e:w 1009.3738632
          b:c:n 998.9679438
          b:c:w 1066.2600460
          b:n:w 1889.8397169
          e:c:n 4949.4082292
          e:c:w 4148.3673441
          e:n:w 5759.8936421
          c:n:w 5612.7464493
        b:e:c:n 2001.4530505
        b:e:c:w 1951.6048026
        b:e:n:w 2977.0586740
        b:c:n:w 2920.1728031
        e:c:n:w 50084.0225849
