########################################
# legofit: estimate population history #
#       version 2.3.4-4-g53f8760       #
########################################

# Program was compiled: Sep 21 2021 14:36:42
# Program was run: Thu Sep 30 01:40:38 2021

# cmd: legofit -1 -d 0 -t 32 --ptsPerDim 3 --stateOut b1boot1.state --tol 3e-6 -S 5000 abcf2.lgo ../../boot/boot1.opf
# Stage nOptItr nSimReps
#     0    5000        0
# algorithm          : deterministic
# ignoring probs <=  : 0
# Branch length floor: 0
# DE strategy        : 2
#    F               : 0.3
#    CR              : 0.8
#    tolerance       : 3e-06
# nthreads           : 32
# lgo input file     : abcf2.lgo
# site pat input file: ../../boot/boot1.opf
# free parameters    : 18
# points in DE swarm : 54
# output state file  : b1boot1.state
# Including singleton site patterns.
# cost function      : KL
Initial parameter values
Fixed:
      zero = 0
       one = 1
    Tbecnw = 75200
Free:
       pc1 = 0
       pc2 = 0
       pc3 = 0
       pc4 = 0
       pc5 = 0
       pc6 = 0
       pc7 = 0
       pc8 = 0
       pc9 = 0
      pc10 = 0
      pc11 = 0
      pc12 = 0
      pc13 = 0
      pc14 = 0
      pc15 = 0
      pc16 = 0
      pc17 = 0
      pc18 = 0
Constrained:
   Tgbecnw = 90751.3
     Tecnw = 24321.5
       Tnw = 17435.1
       Tec = 14755.4
     twoNb = 537083
     twoNe = 102667
     twoNc = 1.22653e+06
     twoNn = 853143
     twoNw = 6.53909e+06
    twoNec = 81419.9
    twoNnw = 24739.8
  twoNecnw = 73209.7
  twoNbecnw = 5774.35
  twoNgbecnw = 372995
         m = 0.0872895
        m2 = 0.028691
        m3 = 0.260932
        m6 = 5.24692e-08
        Tb = 19538.5
        Ta = 47369.2
        Tc = 8717.53
        Tf = 4358.76
DiffEv reached_goal. cost=1.70766e-03 spread=2.94839e-06
Fitted parameter values
Free:
       pc1 = 3.87232
       pc2 = -1.69759
       pc3 = -1.81085
       pc4 = 0.621184
       pc5 = 0.460338
       pc6 = -1.49888
       pc7 = -0.883991
       pc8 = 0.754037
       pc9 = 0.627166
      pc10 = 1.19533
      pc11 = 0.766141
      pc12 = -0.246289
      pc13 = -0.0158695
      pc14 = 0.0427305
      pc15 = 0.0300669
      pc16 = 0.00680493
      pc17 = 0.0707344
      pc18 = -0.00930477
Constrained:
   Tgbecnw = 77498
     Tecnw = 24132.7
       Tnw = 17273.7
       Tec = 13014.3
     twoNb = 516604
     twoNe = 81336.9
     twoNc = 2.29813e+06
     twoNn = 977348
     twoNw = 4.34379e+06
    twoNec = 94545.7
    twoNnw = 23901.9
  twoNecnw = 68426.5
  twoNbecnw = 865.119
  twoNgbecnw = 409534
         m = 0.073534
        m2 = 0.0294835
        m3 = 0.26744
        m6 = 1.69053e-07
        Tb = 18573.5
        Ta = 46886.8
        Tc = 8636.84
        Tf = 4318.42
#       SitePat  BranchLen
              b 120801.6345001
              e 47984.9350196
              c 48586.2027283
              n 43376.5485254
              w 45678.4009348
            b:e 2223.0180478
            b:c 2268.8324412
            b:n 1596.5097013
            b:w 1730.0864323
            e:c 10019.4366036
            e:n 5729.4579399
            e:w 4536.5047645
            c:n 5128.1880165
            c:w 4681.6028882
            n:w 12182.3443192
          b:e:c 1936.9130717
          b:e:n 1046.4568526
          b:e:w 1010.8320742
          b:c:n 1000.6420960
          b:c:w 1067.0546477
          b:n:w 1905.6465492
          e:c:n 4928.2670103
          e:c:w 4146.4657421
          e:n:w 5818.0627331
          c:n:w 5672.9667488
        b:e:c:n 1994.7725690
        b:e:c:w 1949.8952692
        b:e:n:w 3001.3768846
        b:c:n:w 2945.1547498
        e:c:n:w 50152.4314754
