########################################
# legofit: estimate population history #
#       version 2.3.4-4-g53f8760       #
########################################

# Program was compiled: Sep 21 2021 14:36:42
# Program was run: Thu Sep 30 01:43:21 2021

# cmd: legofit -1 -d 0 -t 32 --ptsPerDim 3 --stateOut b1boot39.state --tol 3e-6 -S 5000 abcf2.lgo ../../boot/boot39.opf
# Stage nOptItr nSimReps
#     0    5000        0
# algorithm          : deterministic
# ignoring probs <=  : 0
# Branch length floor: 0
# DE strategy        : 2
#    F               : 0.3
#    CR              : 0.8
#    tolerance       : 3e-06
# nthreads           : 32
# lgo input file     : abcf2.lgo
# site pat input file: ../../boot/boot39.opf
# free parameters    : 18
# points in DE swarm : 54
# output state file  : b1boot39.state
# Including singleton site patterns.
# cost function      : KL
Initial parameter values
Fixed:
      zero = 0
       one = 1
    Tbecnw = 75200
Free:
       pc1 = 0
       pc2 = 0
       pc3 = 0
       pc4 = 0
       pc5 = 0
       pc6 = 0
       pc7 = 0
       pc8 = 0
       pc9 = 0
      pc10 = 0
      pc11 = 0
      pc12 = 0
      pc13 = 0
      pc14 = 0
      pc15 = 0
      pc16 = 0
      pc17 = 0
      pc18 = 0
Constrained:
   Tgbecnw = 90751.3
     Tecnw = 24321.5
       Tnw = 17435.1
       Tec = 14755.4
     twoNb = 537083
     twoNe = 102667
     twoNc = 1.22653e+06
     twoNn = 853143
     twoNw = 6.53909e+06
    twoNec = 81419.9
    twoNnw = 24739.8
  twoNecnw = 73209.7
  twoNbecnw = 5774.35
  twoNgbecnw = 372995
         m = 0.0872895
        m2 = 0.028691
        m3 = 0.260932
        m6 = 5.24692e-08
        Tb = 19538.5
        Ta = 47369.2
        Tc = 8717.53
        Tf = 4358.76
DiffEv reached_goal. cost=1.66890e-03 spread=2.93214e-06
Fitted parameter values
Free:
       pc1 = 3.74337
       pc2 = -2.0397
       pc3 = -1.38643
       pc4 = 0.103853
       pc5 = 0.612409
       pc6 = -0.962877
       pc7 = -0.709949
       pc8 = -0.332587
       pc9 = 0.347804
      pc10 = 0.224942
      pc11 = 0.0327615
      pc12 = -0.254873
      pc13 = -0.0523006
      pc14 = 0.166577
      pc15 = 0.0636009
      pc16 = 0.0829658
      pc17 = 0.0515048
      pc18 = -0.00353349
Constrained:
   Tgbecnw = 77878.8
     Tecnw = 24106.4
       Tnw = 16579.9
       Tec = 13343.7
     twoNb = 523142
     twoNe = 84720.7
     twoNc = 757961
     twoNn = 868778
     twoNw = 2.91604e+06
    twoNec = 90247.8
    twoNnw = 27043
  twoNecnw = 68826.4
  twoNbecnw = 1013.82
  twoNgbecnw = 403555
         m = 0.0744925
        m2 = 0.0287914
        m3 = 0.260045
        m6 = 1.46271e-07
        Tb = 18725.1
        Ta = 46962.5
        Tc = 8289.93
        Tf = 4144.96
#       SitePat  BranchLen
              b 120821.5645061
              e 47945.8618381
              c 48592.3410311
              n 43443.5426717
              w 45771.6921447
            b:e 2214.2928431
            b:c 2263.5260516
            b:n 1607.3505522
            b:w 1748.4929461
            e:c 10063.9577772
            e:n 5776.6633033
            e:w 4552.4180682
            c:n 5130.1822166
            c:w 4708.3284483
            n:w 12195.8785899
          b:e:c 1942.3374892
          b:e:n 1055.1494947
          b:e:w 1015.9383575
          b:c:n 1005.9159779
          b:c:w 1076.2062123
          b:n:w 1912.9243647
          e:c:n 4971.4518060
          e:c:w 4175.7891902
          e:n:w 5801.0504580
          c:n:w 5645.1419077
        b:e:c:n 2014.9433491
        b:e:c:w 1956.3340453
        b:e:n:w 2986.2609256
        b:c:n:w 2925.9934430
        e:c:n:w 50074.7817832
