########################################
# legofit: estimate population history #
#       version 2.3.4-4-g53f8760       #
########################################

# Program was compiled: Sep 21 2021 14:36:42
# Program was run: Thu Sep 23 15:51:39 2021

# cmd: legofit -1 -d 0 -t 32 --ptsPerDim 3 --stateOut b1.state --tol 3e-6 -S 5000 bcdf2.lgo ../../chrX/pan_chrX.opf
# Stage nOptItr nSimReps
#     0    5000        0
# algorithm          : deterministic
# ignoring probs <=  : 0
# Branch length floor: 0
# DE strategy        : 2
#    F               : 0.3
#    CR              : 0.8
#    tolerance       : 3e-06
# nthreads           : 32
# lgo input file     : bcdf2.lgo
# site pat input file: ../../chrX/pan_chrX.opf
# free parameters    : 16
# points in DE swarm : 48
# output state file  : b1.state
# Including singleton site patterns.
# cost function      : KL
Initial parameter values
Fixed:
      zero = 0
       one = 1
    Tbecnw = 75200
Free:
       pc1 = 0
       pc2 = 0
       pc3 = 0
       pc4 = 0
       pc5 = 0
       pc6 = 0
       pc7 = 0
       pc8 = 0
       pc9 = 0
      pc10 = 0
      pc11 = 0
      pc12 = 0
      pc13 = 0
      pc14 = 0
      pc15 = 0
      pc16 = 0
Constrained:
     Tecnw = 33527.3
       Tnw = 8898.5
       Tec = 4633.12
     twoNb = 1.52711e+06
     twoNe = 10985.8
     twoNc = 378721
     twoNn = 276227
     twoNw = 835714
    twoNec = 151022
    twoNnw = 75384.6
  twoNecnw = 30547.3
  twoNbecnw = 49776.3
        m2 = 0.00787535
        m3 = 0.255352
        m4 = 0.020508
        m6 = 0.000392086
        Tb = 19080.2
        Tc = 4449.25
        Td = 2224.62
        Tf = 1112.31
DiffEv reached_goal. cost=2.60033e-03 spread=2.75644e-06
Fitted parameter values
Free:
       pc1 = 3.9733
       pc2 = -1.98317
       pc3 = -1.94836
       pc4 = -0.359219
       pc5 = -1.94743
       pc6 = -1.95124
       pc7 = -0.42497
       pc8 = 0.484711
       pc9 = 1.90029
      pc10 = -1.4264
      pc11 = -1.45568
      pc12 = -0.216799
      pc13 = 0.325506
      pc14 = -0.19477
      pc15 = -0.127445
      pc16 = -0.0178427
Constrained:
     Tecnw = 34036.9
       Tnw = 2407.06
       Tec = 1302.29
     twoNb = 3.27724e+06
     twoNe = 6970.19
     twoNc = 566827
     twoNn = 378029
     twoNw = 1.65117e+06
    twoNec = 162142
    twoNnw = 107401
  twoNecnw = 29055.9
  twoNbecnw = 49491.5
        m2 = 0.0197661
        m3 = 0.255875
        m4 = 0.0193944
        m6 = 0.000968908
        Tb = 17669.6
        Tc = 1203.53
        Td = 601.766
        Tf = 300.883
#       SitePat  BranchLen
              b 117247.1106224
              e 44068.4479971
              c 45190.0223275
              n 41250.3763802
              w 44345.5267883
            b:e 1318.4961124
            b:c 1592.4473767
            b:n 1023.5002059
            b:w 1158.0625305
            e:c 10910.8131491
            e:n 4575.2062635
            e:w 3427.1691963
            c:n 4249.3839049
            c:w 3346.0603278
            n:w 11907.9380671
          b:e:c 1223.4213952
          b:e:n 566.8978747
          b:e:w 558.0205543
          b:c:n 559.3345937
          b:c:w 566.9342556
          b:n:w 1218.5391141
          e:c:n 5344.7298842
          e:c:w 4307.8348955
          e:n:w 6078.6202425
          c:n:w 5326.6179863
        b:e:c:n 1160.2792269
        b:e:c:w 1020.0997858
        b:e:n:w 1536.5553650
        b:c:n:w 1298.6128334
        e:c:n:w 45951.7199042
