########################################
# legofit: estimate population history #
#       version 2.3.4-4-g53f8760       #
########################################

# Program was compiled: Sep 21 2021 14:36:42
# Program was run: Thu Sep 23 15:52:23 2021

# cmd: legofit -1 -d 0 -t 32 --ptsPerDim 3 --stateOut b1boot17.state --tol 3e-6 -S 5000 bcdf2.lgo ../../chrX/boot_chrX/boot17.opf
# Stage nOptItr nSimReps
#     0    5000        0
# algorithm          : deterministic
# ignoring probs <=  : 0
# Branch length floor: 0
# DE strategy        : 2
#    F               : 0.3
#    CR              : 0.8
#    tolerance       : 3e-06
# nthreads           : 32
# lgo input file     : bcdf2.lgo
# site pat input file: ../../chrX/boot_chrX/boot17.opf
# free parameters    : 16
# points in DE swarm : 48
# output state file  : b1boot17.state
# Including singleton site patterns.
# cost function      : KL
Initial parameter values
Fixed:
      zero = 0
       one = 1
    Tbecnw = 75200
Free:
       pc1 = 0
       pc2 = 0
       pc3 = 0
       pc4 = 0
       pc5 = 0
       pc6 = 0
       pc7 = 0
       pc8 = 0
       pc9 = 0
      pc10 = 0
      pc11 = 0
      pc12 = 0
      pc13 = 0
      pc14 = 0
      pc15 = 0
      pc16 = 0
Constrained:
     Tecnw = 33527.3
       Tnw = 8898.5
       Tec = 4633.12
     twoNb = 1.52711e+06
     twoNe = 10985.8
     twoNc = 378721
     twoNn = 276227
     twoNw = 835714
    twoNec = 151022
    twoNnw = 75384.6
  twoNecnw = 30547.3
  twoNbecnw = 49776.3
        m2 = 0.00787535
        m3 = 0.255352
        m4 = 0.020508
        m6 = 0.000392086
        Tb = 19080.2
        Tc = 4449.25
        Td = 2224.62
        Tf = 1112.31
DiffEv reached_goal. cost=2.64466e-03 spread=2.59822e-06
Fitted parameter values
Free:
       pc1 = 3.9906
       pc2 = -1.9599
       pc3 = -1.94704
       pc4 = -1.3807
       pc5 = -1.95154
       pc6 = -1.95957
       pc7 = -1.05695
       pc8 = 0.199131
       pc9 = 1.27143
      pc10 = -0.941679
      pc11 = -1.44752
      pc12 = -0.648947
      pc13 = 0.547582
      pc14 = -0.467025
      pc15 = -0.120806
      pc16 = -0.0250776
Constrained:
     Tecnw = 34110.9
       Tnw = 1968.76
       Tec = 1054.1
     twoNb = 3.20163e+06
     twoNe = 3909.19
     twoNc = 407165
     twoNn = 345917
     twoNw = 905701
    twoNec = 157932
    twoNnw = 110658
  twoNecnw = 28987.7
  twoNbecnw = 48926.8
        m2 = 0.0185006
        m3 = 0.24679
        m4 = 0.0184327
        m6 = 0.000641569
        Tb = 17582.5
        Tc = 984.379
        Td = 492.19
        Tf = 246.095
#       SitePat  BranchLen
              b 116828.9356358
              e 43746.7983870
              c 44855.5670383
              n 41187.6687909
              w 44329.8944000
            b:e 1279.5629054
            b:c 1540.2791251
            b:n 1009.7285896
            b:w 1148.9883522
            e:c 11104.2932063
            e:n 4551.5923780
            e:w 3375.2070211
            c:n 4197.9029673
            c:w 3304.3844493
            n:w 11934.3330163
          b:e:c 1214.8439294
          b:e:n 555.5006992
          b:e:w 545.5685201
          b:c:n 546.8098919
          b:c:w 555.5422250
          b:n:w 1210.1256871
          e:c:n 5366.3927536
          e:c:w 4300.4081916
          e:n:w 5946.6295037
          c:n:w 5226.1432803
        b:e:c:n 1151.0987337
        b:e:c:w 1006.7016448
        b:e:n:w 1486.4411452
        b:c:n:w 1260.6715823
        e:c:n:w 45709.7596478
