########################################
# legofit: estimate population history #
#       version 2.3.4-4-g53f8760       #
########################################

# Program was compiled: Sep 21 2021 14:36:42
# Program was run: Thu Sep 23 15:52:06 2021

# cmd: legofit -1 -d 0 -t 32 --ptsPerDim 3 --stateOut b1boot8.state --tol 3e-6 -S 5000 bcdf2.lgo ../../chrX/boot_chrX/boot8.opf
# Stage nOptItr nSimReps
#     0    5000        0
# algorithm          : deterministic
# ignoring probs <=  : 0
# Branch length floor: 0
# DE strategy        : 2
#    F               : 0.3
#    CR              : 0.8
#    tolerance       : 3e-06
# nthreads           : 32
# lgo input file     : bcdf2.lgo
# site pat input file: ../../chrX/boot_chrX/boot8.opf
# free parameters    : 16
# points in DE swarm : 48
# output state file  : b1boot8.state
# Including singleton site patterns.
# cost function      : KL
Initial parameter values
Fixed:
      zero = 0
       one = 1
    Tbecnw = 75200
Free:
       pc1 = 0
       pc2 = 0
       pc3 = 0
       pc4 = 0
       pc5 = 0
       pc6 = 0
       pc7 = 0
       pc8 = 0
       pc9 = 0
      pc10 = 0
      pc11 = 0
      pc12 = 0
      pc13 = 0
      pc14 = 0
      pc15 = 0
      pc16 = 0
Constrained:
     Tecnw = 33527.3
       Tnw = 8898.5
       Tec = 4633.12
     twoNb = 1.52711e+06
     twoNe = 10985.8
     twoNc = 378721
     twoNn = 276227
     twoNw = 835714
    twoNec = 151022
    twoNnw = 75384.6
  twoNecnw = 30547.3
  twoNbecnw = 49776.3
        m2 = 0.00787535
        m3 = 0.255352
        m4 = 0.020508
        m6 = 0.000392086
        Tb = 19080.2
        Tc = 4449.25
        Td = 2224.62
        Tf = 1112.31
DiffEv reached_goal. cost=2.62079e-03 spread=2.93941e-06
Fitted parameter values
Free:
       pc1 = 3.99238
       pc2 = -1.93387
       pc3 = -1.63795
       pc4 = 2.13985
       pc5 = -1.951
       pc6 = -1.84674
       pc7 = 0.971168
       pc8 = 0.306032
       pc9 = 0.126718
      pc10 = -1.96609
      pc11 = -0.598532
      pc12 = 0.485122
      pc13 = 0.233622
      pc14 = -0.25435
      pc15 = -0.187639
      pc16 = -0.0865183
Constrained:
     Tecnw = 34103.3
       Tnw = 2626.31
       Tec = 1425.96
     twoNb = 3.34991e+06
     twoNe = 22298.8
     twoNc = 673582
     twoNn = 373190
     twoNw = 1.30656e+06
    twoNec = 163176
    twoNnw = 104578
  twoNecnw = 29653.7
  twoNbecnw = 51001.1
        m2 = 0.0165682
        m3 = 0.26249
        m4 = 0.0244488
        m6 = 0.00119222
        Tb = 17764.6
        Tc = 1313.15
        Td = 656.577
        Tf = 328.288
#       SitePat  BranchLen
              b 118345.6132357
              e 44438.1343085
              c 45713.8253767
              n 41539.5208173
              w 44657.6182407
            b:e 1358.9626214
            b:c 1705.3042159
            b:n 1074.6582474
            b:w 1226.5885854
            e:c 11044.3108663
            e:n 4617.2613309
            e:w 3532.4493404
            c:n 4353.2409351
            c:w 3400.4316635
            n:w 12144.2126832
          b:e:c 1294.3172557
          b:e:n 598.6091856
          b:e:w 593.3403537
          b:c:n 594.7709638
          b:c:w 599.0179469
          b:n:w 1289.7328245
          e:c:n 5461.7132579
          e:c:w 4387.1367329
          e:n:w 6308.2216237
          c:n:w 5381.6328090
        b:e:c:n 1228.8350448
        b:e:c:w 1072.0269192
        b:e:n:w 1644.1542647
        b:c:n:w 1342.9091177
        e:c:n:w 46389.3676769
