########################################
# legofit: estimate population history #
#       version 2.3.4-4-g53f8760       #
########################################

# Program was compiled: Sep 21 2021 14:36:42
# Program was run: Thu Sep 23 15:52:44 2021

# cmd: legofit -1 -d 0 -t 32 --ptsPerDim 3 --stateOut b1boot27.state --tol 3e-6 -S 5000 bcdf2.lgo ../../chrX/boot_chrX/boot27.opf
# Stage nOptItr nSimReps
#     0    5000        0
# algorithm          : deterministic
# ignoring probs <=  : 0
# Branch length floor: 0
# DE strategy        : 2
#    F               : 0.3
#    CR              : 0.8
#    tolerance       : 3e-06
# nthreads           : 32
# lgo input file     : bcdf2.lgo
# site pat input file: ../../chrX/boot_chrX/boot27.opf
# free parameters    : 16
# points in DE swarm : 48
# output state file  : b1boot27.state
# Including singleton site patterns.
# cost function      : KL
Initial parameter values
Fixed:
      zero = 0
       one = 1
    Tbecnw = 75200
Free:
       pc1 = 0
       pc2 = 0
       pc3 = 0
       pc4 = 0
       pc5 = 0
       pc6 = 0
       pc7 = 0
       pc8 = 0
       pc9 = 0
      pc10 = 0
      pc11 = 0
      pc12 = 0
      pc13 = 0
      pc14 = 0
      pc15 = 0
      pc16 = 0
Constrained:
     Tecnw = 33527.3
       Tnw = 8898.5
       Tec = 4633.12
     twoNb = 1.52711e+06
     twoNe = 10985.8
     twoNc = 378721
     twoNn = 276227
     twoNw = 835714
    twoNec = 151022
    twoNnw = 75384.6
  twoNecnw = 30547.3
  twoNbecnw = 49776.3
        m2 = 0.00787535
        m3 = 0.255352
        m4 = 0.020508
        m6 = 0.000392086
        Tb = 19080.2
        Tc = 4449.25
        Td = 2224.62
        Tf = 1112.31
DiffEv reached_goal. cost=2.84004e-03 spread=2.61202e-06
Fitted parameter values
Free:
       pc1 = 3.99937
       pc2 = -1.88534
       pc3 = -0.628377
       pc4 = -0.0131214
       pc5 = -1.99703
       pc6 = -1.99732
       pc7 = -1.84157
       pc8 = 0.66815
       pc9 = 0.0713819
      pc10 = -1.92851
      pc11 = -0.382481
      pc12 = -0.163367
      pc13 = 0.546652
      pc14 = -0.126516
      pc15 = -0.200539
      pc16 = -0.0599395
Constrained:
     Tecnw = 34157.4
       Tnw = 2293.06
       Tec = 1229.19
     twoNb = 2.92867e+06
     twoNe = 10687.7
     twoNc = 733509
     twoNn = 303330
     twoNw = 1709.89
    twoNec = 160778
    twoNnw = 108132
  twoNecnw = 29732.3
  twoNbecnw = 50409.2
        m2 = 0.0206988
        m3 = 0.23312
        m4 = 0.0196432
        m6 = 0.000776283
        Tb = 17693.3
        Tc = 1146.53
        Td = 573.264
        Tf = 286.632
#       SitePat  BranchLen
              b 117755.9405395
              e 44619.1405337
              c 45640.1492973
              n 41708.3960925
              w 44513.3206007
            b:e 1398.6970740
            b:c 1677.3245309
            b:n 1079.9660190
            b:w 1207.6268980
            e:c 11283.3817379
            e:n 4483.0833890
            e:w 3476.9262396
            c:n 4234.3296966
            c:w 3397.7178319
            n:w 12396.0972689
          b:e:c 1312.1760728
          b:e:n 589.9121857
          b:e:w 583.3998811
          b:c:n 584.9061626
          b:c:w 590.0515990
          b:n:w 1306.2173952
          e:c:n 5362.7043139
          e:c:w 4407.9849890
          e:n:w 6208.8668508
          c:n:w 5473.0727846
        b:e:c:n 1210.2689667
        b:e:c:w 1076.5387867
        b:e:n:w 1612.7856445
        b:c:n:w 1375.2598953
        e:c:n:w 45735.2049856
