########################################
# legofit: estimate population history #
#       version 2.3.4-4-g53f8760       #
########################################

# Program was compiled: Sep 21 2021 14:36:42
# Program was run: Thu Sep 23 15:51:56 2021

# cmd: legofit -1 -d 0 -t 32 --ptsPerDim 3 --stateOut b1boot6.state --tol 3e-6 -S 5000 bcdf2.lgo ../../chrX/boot_chrX/boot6.opf
# Stage nOptItr nSimReps
#     0    5000        0
# algorithm          : deterministic
# ignoring probs <=  : 0
# Branch length floor: 0
# DE strategy        : 2
#    F               : 0.3
#    CR              : 0.8
#    tolerance       : 3e-06
# nthreads           : 32
# lgo input file     : bcdf2.lgo
# site pat input file: ../../chrX/boot_chrX/boot6.opf
# free parameters    : 16
# points in DE swarm : 48
# output state file  : b1boot6.state
# Including singleton site patterns.
# cost function      : KL
Initial parameter values
Fixed:
      zero = 0
       one = 1
    Tbecnw = 75200
Free:
       pc1 = 0
       pc2 = 0
       pc3 = 0
       pc4 = 0
       pc5 = 0
       pc6 = 0
       pc7 = 0
       pc8 = 0
       pc9 = 0
      pc10 = 0
      pc11 = 0
      pc12 = 0
      pc13 = 0
      pc14 = 0
      pc15 = 0
      pc16 = 0
Constrained:
     Tecnw = 33527.3
       Tnw = 8898.5
       Tec = 4633.12
     twoNb = 1.52711e+06
     twoNe = 10985.8
     twoNc = 378721
     twoNn = 276227
     twoNw = 835714
    twoNec = 151022
    twoNnw = 75384.6
  twoNecnw = 30547.3
  twoNbecnw = 49776.3
        m2 = 0.00787535
        m3 = 0.255352
        m4 = 0.020508
        m6 = 0.000392086
        Tb = 19080.2
        Tc = 4449.25
        Td = 2224.62
        Tf = 1112.31
DiffEv reached_goal. cost=2.26748e-03 spread=2.88913e-06
Fitted parameter values
Free:
       pc1 = 3.99657
       pc2 = -1.96161
       pc3 = -1.95667
       pc4 = -0.456198
       pc5 = -1.9282
       pc6 = -1.98411
       pc7 = 0.62748
       pc8 = -0.493408
       pc9 = 1.98903
      pc10 = -1.46499
      pc11 = -1.36661
      pc12 = 0.64837
      pc13 = -0.175298
      pc14 = -0.218187
      pc15 = -0.0215147
      pc16 = -0.0116197
Constrained:
     Tecnw = 33727.3
       Tnw = 2053.29
       Tec = 1109.07
     twoNb = 3.24457e+06
     twoNe = 7434.94
     twoNc = 151929
     twoNn = 427377
     twoNw = 1.78898e+06
    twoNec = 168830
    twoNnw = 109732
  twoNecnw = 29149.3
  twoNbecnw = 49600.5
        m2 = 0.0187563
        m3 = 0.269411
        m4 = 0.0206445
        m6 = 0.0012158
        Tb = 17418.2
        Tc = 1026.65
        Td = 513.323
        Tf = 256.662
#       SitePat  BranchLen
              b 117367.2140600
              e 43980.6941061
              c 45140.7539090
              n 41151.6748125
              w 44259.9989807
            b:e 1309.7806139
            b:c 1601.2817176
            b:n 1024.0598755
            b:w 1158.0806757
            e:c 10649.8836196
            e:n 4640.7920169
            e:w 3499.3999341
            c:n 4332.0263506
            c:w 3405.2415993
            n:w 11662.5286294
          b:e:c 1197.9688817
          b:e:n 573.1760818
          b:e:w 565.3421143
          b:c:n 566.7089802
          b:c:w 573.2918853
          b:n:w 1193.2671072
          e:c:n 5362.7342168
          e:c:w 4329.5954826
          e:n:w 6129.7797774
          c:n:w 5332.3493224
        b:e:c:n 1160.3117431
        b:e:c:w 1020.5334053
        b:e:n:w 1543.2721997
        b:c:n:w 1290.5830797
        e:c:n:w 46181.6082277
