########################################
# legofit: estimate population history #
#       version 2.3.4-4-g53f8760       #
########################################

# Program was compiled: Sep 21 2021 14:36:42
# Program was run: Thu Sep 23 15:52:44 2021

# cmd: legofit -1 -d 0 -t 32 --ptsPerDim 3 --stateOut b1boot28.state --tol 3e-6 -S 5000 bcdf2.lgo ../../chrX/boot_chrX/boot28.opf
# Stage nOptItr nSimReps
#     0    5000        0
# algorithm          : deterministic
# ignoring probs <=  : 0
# Branch length floor: 0
# DE strategy        : 2
#    F               : 0.3
#    CR              : 0.8
#    tolerance       : 3e-06
# nthreads           : 32
# lgo input file     : bcdf2.lgo
# site pat input file: ../../chrX/boot_chrX/boot28.opf
# free parameters    : 16
# points in DE swarm : 48
# output state file  : b1boot28.state
# Including singleton site patterns.
# cost function      : KL
Initial parameter values
Fixed:
      zero = 0
       one = 1
    Tbecnw = 75200
Free:
       pc1 = 0
       pc2 = 0
       pc3 = 0
       pc4 = 0
       pc5 = 0
       pc6 = 0
       pc7 = 0
       pc8 = 0
       pc9 = 0
      pc10 = 0
      pc11 = 0
      pc12 = 0
      pc13 = 0
      pc14 = 0
      pc15 = 0
      pc16 = 0
Constrained:
     Tecnw = 33527.3
       Tnw = 8898.5
       Tec = 4633.12
     twoNb = 1.52711e+06
     twoNe = 10985.8
     twoNc = 378721
     twoNn = 276227
     twoNw = 835714
    twoNec = 151022
    twoNnw = 75384.6
  twoNecnw = 30547.3
  twoNbecnw = 49776.3
        m2 = 0.00787535
        m3 = 0.255352
        m4 = 0.020508
        m6 = 0.000392086
        Tb = 19080.2
        Tc = 4449.25
        Td = 2224.62
        Tf = 1112.31
DiffEv reached_goal. cost=2.62193e-03 spread=2.96223e-06
Fitted parameter values
Free:
       pc1 = 3.98947
       pc2 = -1.96408
       pc3 = -1.92407
       pc4 = -1.06619
       pc5 = -1.97257
       pc6 = -1.99813
       pc7 = -1.65739
       pc8 = 0.796674
       pc9 = 1.6467
      pc10 = -0.707222
      pc11 = -1.18267
      pc12 = 0.151522
      pc13 = 0.162996
      pc14 = -0.0701792
      pc15 = -0.127378
      pc16 = -0.0105248
Constrained:
     Tecnw = 33831.1
       Tnw = 1943.05
       Tec = 1082.29
     twoNb = 2.99513e+06
     twoNe = 5846.55
     twoNc = 747745
     twoNn = 428637
     twoNw = 881264
    twoNec = 163982
    twoNnw = 109639
  twoNecnw = 29117.4
  twoNbecnw = 48811.3
        m2 = 0.021127
        m3 = 0.247772
        m4 = 0.0183332
        m6 = 0.000710789
        Tb = 17456.7
        Tc = 971.525
        Td = 485.763
        Tf = 242.881
#       SitePat  BranchLen
              b 116660.1526737
              e 43966.5379322
              c 45080.7566108
              n 41083.2713197
              w 44090.1163407
            b:e 1315.6566068
            b:c 1576.4444904
            b:n 1009.5720793
            b:w 1133.6830813
            e:c 10858.5366696
            e:n 4569.8654180
            e:w 3416.7067451
            c:n 4203.8389362
            c:w 3349.3817553
            n:w 11927.9187192
          b:e:c 1204.5208873
          b:e:n 559.0211304
          b:e:w 548.3896840
          b:c:n 549.7912807
          b:c:w 558.9547403
          b:n:w 1199.0068037
          e:c:n 5284.4580614
          e:c:w 4293.0028259
          e:n:w 6062.5888130
          c:n:w 5343.3566107
        b:e:c:n 1136.1248195
        b:e:c:w 1005.7078727
        b:e:n:w 1516.0615692
        b:c:n:w 1292.3034742
        e:c:n:w 45528.2121583
