########################################
# legofit: estimate population history #
#       version 2.3.4-4-g53f8760       #
########################################

# Program was compiled: Sep 21 2021 14:36:42
# Program was run: Thu Sep 23 15:52:45 2021

# cmd: legofit -1 -d 0 -t 32 --ptsPerDim 3 --stateOut b1boot29.state --tol 3e-6 -S 5000 bcdf2.lgo ../../chrX/boot_chrX/boot29.opf
# Stage nOptItr nSimReps
#     0    5000        0
# algorithm          : deterministic
# ignoring probs <=  : 0
# Branch length floor: 0
# DE strategy        : 2
#    F               : 0.3
#    CR              : 0.8
#    tolerance       : 3e-06
# nthreads           : 32
# lgo input file     : bcdf2.lgo
# site pat input file: ../../chrX/boot_chrX/boot29.opf
# free parameters    : 16
# points in DE swarm : 48
# output state file  : b1boot29.state
# Including singleton site patterns.
# cost function      : KL
Initial parameter values
Fixed:
      zero = 0
       one = 1
    Tbecnw = 75200
Free:
       pc1 = 0
       pc2 = 0
       pc3 = 0
       pc4 = 0
       pc5 = 0
       pc6 = 0
       pc7 = 0
       pc8 = 0
       pc9 = 0
      pc10 = 0
      pc11 = 0
      pc12 = 0
      pc13 = 0
      pc14 = 0
      pc15 = 0
      pc16 = 0
Constrained:
     Tecnw = 33527.3
       Tnw = 8898.5
       Tec = 4633.12
     twoNb = 1.52711e+06
     twoNe = 10985.8
     twoNc = 378721
     twoNn = 276227
     twoNw = 835714
    twoNec = 151022
    twoNnw = 75384.6
  twoNecnw = 30547.3
  twoNbecnw = 49776.3
        m2 = 0.00787535
        m3 = 0.255352
        m4 = 0.020508
        m6 = 0.000392086
        Tb = 19080.2
        Tc = 4449.25
        Td = 2224.62
        Tf = 1112.31
DiffEv reached_goal. cost=2.50637e-03 spread=2.68981e-06
Fitted parameter values
Free:
       pc1 = 3.9981
       pc2 = -1.95792
       pc3 = -1.91234
       pc4 = -1.57859
       pc5 = -1.91811
       pc6 = -1.84985
       pc7 = 0.329453
       pc8 = 0.229877
       pc9 = 1.94495
      pc10 = -0.365257
      pc11 = -1.0356
      pc12 = -0.468447
      pc13 = 0.165627
      pc14 = -0.284557
      pc15 = 0.0649874
      pc16 = -0.018742
Constrained:
     Tecnw = 34059.5
       Tnw = 2515.68
       Tec = 1334.16
     twoNb = 2.90833e+06
     twoNe = 4335.09
     twoNc = 162350
     twoNn = 561919
     twoNw = 1.63669e+06
    twoNec = 161069
    twoNnw = 109810
  twoNecnw = 28661.8
  twoNbecnw = 48841.3
        m2 = 0.0182947
        m3 = 0.25799
        m4 = 0.0196148
        m6 = 0.000535129
        Tb = 17696.8
        Tc = 1257.84
        Td = 628.919
        Tf = 314.46
#       SitePat  BranchLen
              b 116837.1730054
              e 43723.1967452
              c 44900.3741644
              n 41178.7813023
              w 44347.2595732
            b:e 1261.8814662
            b:c 1543.0648073
            b:n 994.0010489
            b:w 1130.4785129
            e:c 10795.9324162
            e:n 4583.2927454
            e:w 3388.6267690
            c:n 4214.1418321
            c:w 3310.7964728
            n:w 11610.0786221
          b:e:c 1177.7051076
          b:e:n 551.7075797
          b:e:w 541.5199321
          b:c:n 542.9298397
          b:c:w 551.7810152
          b:n:w 1172.6317012
          e:c:n 5331.9389765
          e:c:w 4268.6506483
          e:n:w 5966.5088767
          c:n:w 5194.0513952
        b:e:c:n 1132.8057709
        b:e:c:w 990.4861720
        b:e:n:w 1481.7889274
        b:c:n:w 1241.3835151
        e:c:n:w 45955.2962683
