########################################
# legofit: estimate population history #
#       version 2.3.4-4-g53f8760       #
########################################

# Program was compiled: Sep 21 2021 14:36:42
# Program was run: Thu Sep 23 15:53:15 2021

# cmd: legofit -1 -d 0 -t 32 --ptsPerDim 3 --stateOut b1boot44.state --tol 3e-6 -S 5000 bcdf2.lgo ../../chrX/boot_chrX/boot44.opf
# Stage nOptItr nSimReps
#     0    5000        0
# algorithm          : deterministic
# ignoring probs <=  : 0
# Branch length floor: 0
# DE strategy        : 2
#    F               : 0.3
#    CR              : 0.8
#    tolerance       : 3e-06
# nthreads           : 32
# lgo input file     : bcdf2.lgo
# site pat input file: ../../chrX/boot_chrX/boot44.opf
# free parameters    : 16
# points in DE swarm : 48
# output state file  : b1boot44.state
# Including singleton site patterns.
# cost function      : KL
Initial parameter values
Fixed:
      zero = 0
       one = 1
    Tbecnw = 75200
Free:
       pc1 = 0
       pc2 = 0
       pc3 = 0
       pc4 = 0
       pc5 = 0
       pc6 = 0
       pc7 = 0
       pc8 = 0
       pc9 = 0
      pc10 = 0
      pc11 = 0
      pc12 = 0
      pc13 = 0
      pc14 = 0
      pc15 = 0
      pc16 = 0
Constrained:
     Tecnw = 33527.3
       Tnw = 8898.5
       Tec = 4633.12
     twoNb = 1.52711e+06
     twoNe = 10985.8
     twoNc = 378721
     twoNn = 276227
     twoNw = 835714
    twoNec = 151022
    twoNnw = 75384.6
  twoNecnw = 30547.3
  twoNbecnw = 49776.3
        m2 = 0.00787535
        m3 = 0.255352
        m4 = 0.020508
        m6 = 0.000392086
        Tb = 19080.2
        Tc = 4449.25
        Td = 2224.62
        Tf = 1112.31
DiffEv reached_goal. cost=2.58433e-03 spread=2.47597e-06
Fitted parameter values
Free:
       pc1 = 3.99757
       pc2 = -1.9773
       pc3 = -1.88511
       pc4 = -0.549208
       pc5 = -1.94044
       pc6 = -1.98667
       pc7 = -0.212167
       pc8 = -0.0311129
       pc9 = 1.56343
      pc10 = -1.72632
      pc11 = -0.865342
      pc12 = 0.117494
      pc13 = -0.136496
      pc14 = -0.322345
      pc15 = -0.166818
      pc16 = -0.0166071
Constrained:
     Tecnw = 33784.6
       Tnw = 1983.5
       Tec = 1058.11
     twoNb = 3.17535e+06
     twoNe = 5827.55
     twoNc = 326411
     twoNn = 349071
     twoNw = 1.36155e+06
    twoNec = 163103
    twoNnw = 108544
  twoNecnw = 29160.3
  twoNbecnw = 49752.2
        m2 = 0.020352
        m3 = 0.256436
        m4 = 0.0204758
        m6 = 0.000907768
        Tb = 17421.4
        Tc = 991.75
        Td = 495.875
        Tf = 247.938
#       SitePat  BranchLen
              b 117453.4476019
              e 43973.7056126
              c 45122.6707616
              n 41106.8986496
              w 44159.5605470
            b:e 1330.6891764
            b:c 1620.9607079
            b:n 1028.7186367
            b:w 1159.2769287
            e:c 10898.9021937
            e:n 4574.3341578
            e:w 3457.3332373
            c:n 4271.4835235
            c:w 3362.4017326
            n:w 11936.9599860
          b:e:c 1224.8831772
          b:e:n 569.0644915
          b:e:w 561.3763525
          b:c:n 562.8044563
          b:c:w 569.1326623
          b:n:w 1219.6316258
          e:c:n 5348.4150589
          e:c:w 4329.2447561
          e:n:w 6157.3943411
          c:n:w 5365.3264633
        b:e:c:n 1161.6633011
        b:e:c:w 1025.0560589
        b:e:n:w 1560.2501619
        b:c:n:w 1309.3672236
        e:c:n:w 46184.0104858
