########################################
# legofit: estimate population history #
#       version 2.3.4-4-g53f8760       #
########################################

# Program was compiled: Sep 21 2021 14:36:42
# Program was run: Thu Sep 23 15:52:28 2021

# cmd: legofit -1 -d 0 -t 32 --ptsPerDim 3 --stateOut b1boot19.state --tol 3e-6 -S 5000 bcdf2.lgo ../../chrX/boot_chrX/boot19.opf
# Stage nOptItr nSimReps
#     0    5000        0
# algorithm          : deterministic
# ignoring probs <=  : 0
# Branch length floor: 0
# DE strategy        : 2
#    F               : 0.3
#    CR              : 0.8
#    tolerance       : 3e-06
# nthreads           : 32
# lgo input file     : bcdf2.lgo
# site pat input file: ../../chrX/boot_chrX/boot19.opf
# free parameters    : 16
# points in DE swarm : 48
# output state file  : b1boot19.state
# Including singleton site patterns.
# cost function      : KL
Initial parameter values
Fixed:
      zero = 0
       one = 1
    Tbecnw = 75200
Free:
       pc1 = 0
       pc2 = 0
       pc3 = 0
       pc4 = 0
       pc5 = 0
       pc6 = 0
       pc7 = 0
       pc8 = 0
       pc9 = 0
      pc10 = 0
      pc11 = 0
      pc12 = 0
      pc13 = 0
      pc14 = 0
      pc15 = 0
      pc16 = 0
Constrained:
     Tecnw = 33527.3
       Tnw = 8898.5
       Tec = 4633.12
     twoNb = 1.52711e+06
     twoNe = 10985.8
     twoNc = 378721
     twoNn = 276227
     twoNw = 835714
    twoNec = 151022
    twoNnw = 75384.6
  twoNecnw = 30547.3
  twoNbecnw = 49776.3
        m2 = 0.00787535
        m3 = 0.255352
        m4 = 0.020508
        m6 = 0.000392086
        Tb = 19080.2
        Tc = 4449.25
        Td = 2224.62
        Tf = 1112.31
DiffEv reached_goal. cost=2.49969e-03 spread=2.34662e-06
Fitted parameter values
Free:
       pc1 = 3.99214
       pc2 = -1.99276
       pc3 = -1.97432
       pc4 = -0.634548
       pc5 = -1.93185
       pc6 = -1.97767
       pc7 = 0.655077
       pc8 = 0.896657
       pc9 = 1.94367
      pc10 = -0.763715
      pc11 = -0.861829
      pc12 = -0.872856
      pc13 = 0.947559
      pc14 = -0.136677
      pc15 = -0.362286
      pc16 = -0.00265808
Constrained:
     Tecnw = 34468.1
       Tnw = 2447.98
       Tec = 1388.2
     twoNb = 3.10383e+06
     twoNe = 9692.45
     twoNc = 378704
     twoNn = 571850
     twoNw = 2.1452e+06
    twoNec = 156680
    twoNnw = 101306
  twoNecnw = 28840.8
  twoNbecnw = 49251.5
        m2 = 0.019134
        m3 = 0.254606
        m4 = 0.0203973
        m6 = 0.000511417
        Tb = 17928.1
        Tc = 1223.99
        Td = 611.995
        Tf = 305.997
#       SitePat  BranchLen
              b 117046.9507749
              e 44084.0856677
              c 45283.1646122
              n 41041.2405705
              w 44286.2665620
            b:e 1305.9348301
            b:c 1595.8770351
            b:n 1004.6516266
            b:w 1149.5492115
            e:c 11161.5924483
            e:n 4534.8404747
            e:w 3324.3904320
            c:n 4170.1842755
            c:w 3242.7801434
            n:w 12323.8226540
          b:e:c 1245.6038650
          b:e:n 554.6773541
          b:e:w 544.5611625
          b:c:n 545.9526901
          b:c:w 554.7538292
          b:n:w 1240.4405243
          e:c:n 5316.7476397
          e:c:w 4216.5208511
          e:n:w 6065.8838160
          c:n:w 5271.6744620
        b:e:c:n 1151.8557375
        b:e:c:w 1001.3281769
        b:e:n:w 1536.0639411
        b:c:n:w 1286.0506307
        e:c:n:w 45720.1649927
