########################################
# legofit: estimate population history #
#       version 2.3.4-4-g53f8760       #
########################################

# Program was compiled: Sep 21 2021 14:36:42
# Program was run: Thu Sep 23 15:52:55 2021

# cmd: legofit -1 -d 0 -t 32 --ptsPerDim 3 --stateOut b1boot34.state --tol 3e-6 -S 5000 bcdf2.lgo ../../chrX/boot_chrX/boot34.opf
# Stage nOptItr nSimReps
#     0    5000        0
# algorithm          : deterministic
# ignoring probs <=  : 0
# Branch length floor: 0
# DE strategy        : 2
#    F               : 0.3
#    CR              : 0.8
#    tolerance       : 3e-06
# nthreads           : 32
# lgo input file     : bcdf2.lgo
# site pat input file: ../../chrX/boot_chrX/boot34.opf
# free parameters    : 16
# points in DE swarm : 48
# output state file  : b1boot34.state
# Including singleton site patterns.
# cost function      : KL
Initial parameter values
Fixed:
      zero = 0
       one = 1
    Tbecnw = 75200
Free:
       pc1 = 0
       pc2 = 0
       pc3 = 0
       pc4 = 0
       pc5 = 0
       pc6 = 0
       pc7 = 0
       pc8 = 0
       pc9 = 0
      pc10 = 0
      pc11 = 0
      pc12 = 0
      pc13 = 0
      pc14 = 0
      pc15 = 0
      pc16 = 0
Constrained:
     Tecnw = 33527.3
       Tnw = 8898.5
       Tec = 4633.12
     twoNb = 1.52711e+06
     twoNe = 10985.8
     twoNc = 378721
     twoNn = 276227
     twoNw = 835714
    twoNec = 151022
    twoNnw = 75384.6
  twoNecnw = 30547.3
  twoNbecnw = 49776.3
        m2 = 0.00787535
        m3 = 0.255352
        m4 = 0.020508
        m6 = 0.000392086
        Tb = 19080.2
        Tc = 4449.25
        Td = 2224.62
        Tf = 1112.31
DiffEv reached_goal. cost=2.48604e-03 spread=2.81642e-06
Fitted parameter values
Free:
       pc1 = 3.99976
       pc2 = -1.41121
       pc3 = -1.99215
       pc4 = 0.139692
       pc5 = -1.9622
       pc6 = -1.97168
       pc7 = -0.612563
       pc8 = -0.973354
       pc9 = -0.176774
      pc10 = -0.146489
      pc11 = -0.643264
      pc12 = -0.763135
      pc13 = -0.639456
      pc14 = -0.226028
      pc15 = 0.0416123
      pc16 = -0.0287897
Constrained:
     Tecnw = 33822.5
       Tnw = 2543.58
       Tec = 1389.15
     twoNb = 2.9168e+06
     twoNe = 8304.12
     twoNc = 391424
     twoNn = 278113
     twoNw = 158229
    twoNec = 161219
    twoNnw = 110220
  twoNecnw = 28898.1
  twoNbecnw = 49161.4
        m2 = 0.013344
        m3 = 0.239926
        m4 = 0.0232148
        m6 = 0.0012368
        Tb = 17605.8
        Tc = 1271.79
        Td = 635.894
        Tf = 317.947
#       SitePat  BranchLen
              b 117172.0942195
              e 43571.5861189
              c 44871.0978291
              n 41151.2719778
              w 44081.7138077
            b:e 1222.9697406
            b:c 1554.4260292
            b:n 993.3219771
            b:w 1131.4191996
            e:c 10845.2169121
            e:n 4493.5943548
            e:w 3418.7213403
            c:n 4151.7287685
            c:w 3312.7481855
            n:w 11720.1550335
          b:e:c 1188.8783441
          b:e:n 551.5782699
          b:e:w 543.3684026
          b:c:n 544.7019816
          b:c:w 552.0619897
          b:n:w 1184.6534089
          e:c:n 5311.5280581
          e:c:w 4299.8257349
          e:n:w 6029.5287110
          c:n:w 5127.6726166
        b:e:c:n 1133.4732245
        b:e:c:w 991.3399519
        b:e:n:w 1491.4912436
        b:c:n:w 1208.4007814
        e:c:n:w 46371.0783571
