########################################
# legofit: estimate population history #
#       version 2.3.4-4-g53f8760       #
########################################

# Program was compiled: Sep 21 2021 14:36:42
# Program was run: Thu Sep 23 15:52:32 2021

# cmd: legofit -1 -d 0 -t 32 --ptsPerDim 3 --stateOut b1boot23.state --tol 3e-6 -S 5000 bcdf2.lgo ../../chrX/boot_chrX/boot23.opf
# Stage nOptItr nSimReps
#     0    5000        0
# algorithm          : deterministic
# ignoring probs <=  : 0
# Branch length floor: 0
# DE strategy        : 2
#    F               : 0.3
#    CR              : 0.8
#    tolerance       : 3e-06
# nthreads           : 32
# lgo input file     : bcdf2.lgo
# site pat input file: ../../chrX/boot_chrX/boot23.opf
# free parameters    : 16
# points in DE swarm : 48
# output state file  : b1boot23.state
# Including singleton site patterns.
# cost function      : KL
Initial parameter values
Fixed:
      zero = 0
       one = 1
    Tbecnw = 75200
Free:
       pc1 = 0
       pc2 = 0
       pc3 = 0
       pc4 = 0
       pc5 = 0
       pc6 = 0
       pc7 = 0
       pc8 = 0
       pc9 = 0
      pc10 = 0
      pc11 = 0
      pc12 = 0
      pc13 = 0
      pc14 = 0
      pc15 = 0
      pc16 = 0
Constrained:
     Tecnw = 33527.3
       Tnw = 8898.5
       Tec = 4633.12
     twoNb = 1.52711e+06
     twoNe = 10985.8
     twoNc = 378721
     twoNn = 276227
     twoNw = 835714
    twoNec = 151022
    twoNnw = 75384.6
  twoNecnw = 30547.3
  twoNbecnw = 49776.3
        m2 = 0.00787535
        m3 = 0.255352
        m4 = 0.020508
        m6 = 0.000392086
        Tb = 19080.2
        Tc = 4449.25
        Td = 2224.62
        Tf = 1112.31
DiffEv reached_goal. cost=2.58149e-03 spread=2.91995e-06
Fitted parameter values
Free:
       pc1 = 3.97814
       pc2 = -1.80636
       pc3 = -1.97816
       pc4 = 0.571739
       pc5 = -1.97391
       pc6 = -1.97641
       pc7 = -0.956853
       pc8 = -0.12343
       pc9 = 0.783438
      pc10 = -1.52169
      pc11 = -0.978626
      pc12 = 0.0875838
      pc13 = 0.540125
      pc14 = -0.284271
      pc15 = -0.0340131
      pc16 = -0.0231631
Constrained:
     Tecnw = 34043.2
       Tnw = 2141.27
       Tec = 1217.92
     twoNb = 3.30539e+06
     twoNe = 10446.9
     twoNc = 672022
     twoNn = 252162
     twoNw = 841811
    twoNec = 161167
    twoNnw = 110452
  twoNecnw = 29624.7
  twoNbecnw = 49663
        m2 = 0.0185977
        m3 = 0.250102
        m4 = 0.0212856
        m6 = 0.00125457
        Tb = 17630.6
        Tc = 1070.64
        Td = 535.319
        Tf = 267.659
#       SitePat  BranchLen
              b 117221.6198899
              e 44202.7300923
              c 45405.6397758
              n 41516.6262832
              w 44608.3909153
            b:e 1335.2492190
            b:c 1633.6895239
            b:n 1054.1928577
            b:w 1196.2503943
            e:c 11077.2984923
            e:n 4625.2991927
            e:w 3484.6342707
            c:n 4286.5470699
            c:w 3391.6266791
            n:w 12021.3002265
          b:e:c 1259.6601461
          b:e:n 583.9075963
          b:e:w 574.8844012
          b:c:n 576.2299878
          b:c:w 584.0950631
          b:n:w 1254.8536589
          e:c:n 5425.1732709
          e:c:w 4375.3007758
          e:n:w 6146.3573145
          c:n:w 5334.4002849
        b:e:c:n 1198.4970910
        b:e:c:w 1051.2908501
        b:e:n:w 1576.0641764
        b:c:n:w 1316.8978785
        e:c:n:w 45501.0358450
