########################################
# legofit: estimate population history #
#       version 2.3.4-4-g53f8760       #
########################################

# Program was compiled: Sep 21 2021 14:36:42
# Program was run: Thu Sep 23 15:53:05 2021

# cmd: legofit -1 -d 0 -t 32 --ptsPerDim 3 --stateOut b1boot40.state --tol 3e-6 -S 5000 bcdf2.lgo ../../chrX/boot_chrX/boot40.opf
# Stage nOptItr nSimReps
#     0    5000        0
# algorithm          : deterministic
# ignoring probs <=  : 0
# Branch length floor: 0
# DE strategy        : 2
#    F               : 0.3
#    CR              : 0.8
#    tolerance       : 3e-06
# nthreads           : 32
# lgo input file     : bcdf2.lgo
# site pat input file: ../../chrX/boot_chrX/boot40.opf
# free parameters    : 16
# points in DE swarm : 48
# output state file  : b1boot40.state
# Including singleton site patterns.
# cost function      : KL
Initial parameter values
Fixed:
      zero = 0
       one = 1
    Tbecnw = 75200
Free:
       pc1 = 0
       pc2 = 0
       pc3 = 0
       pc4 = 0
       pc5 = 0
       pc6 = 0
       pc7 = 0
       pc8 = 0
       pc9 = 0
      pc10 = 0
      pc11 = 0
      pc12 = 0
      pc13 = 0
      pc14 = 0
      pc15 = 0
      pc16 = 0
Constrained:
     Tecnw = 33527.3
       Tnw = 8898.5
       Tec = 4633.12
     twoNb = 1.52711e+06
     twoNe = 10985.8
     twoNc = 378721
     twoNn = 276227
     twoNw = 835714
    twoNec = 151022
    twoNnw = 75384.6
  twoNecnw = 30547.3
  twoNbecnw = 49776.3
        m2 = 0.00787535
        m3 = 0.255352
        m4 = 0.020508
        m6 = 0.000392086
        Tb = 19080.2
        Tc = 4449.25
        Td = 2224.62
        Tf = 1112.31
DiffEv reached_goal. cost=2.49786e-03 spread=2.72061e-06
Fitted parameter values
Free:
       pc1 = 3.99929
       pc2 = -1.89723
       pc3 = -1.88961
       pc4 = -0.962485
       pc5 = -1.94652
       pc6 = -1.91178
       pc7 = -1.89837
       pc8 = 1.06388
       pc9 = 1.99451
      pc10 = -1.921
      pc11 = -1.75068
      pc12 = 0.192521
      pc13 = -0.161572
      pc14 = -0.0224063
      pc15 = -0.212403
      pc16 = -0.0128648
Constrained:
     Tecnw = 33666
       Tnw = 2063.67
       Tec = 1074.15
     twoNb = 3.28228e+06
     twoNe = 2700.84
     twoNc = 861410
     twoNn = 272933
     twoNw = 1.21993e+06
    twoNec = 167230
    twoNnw = 108555
  twoNecnw = 29123.7
  twoNbecnw = 49477.4
        m2 = 0.0224353
        m3 = 0.248564
        m4 = 0.0171344
        m6 = 0.000727064
        Tb = 17370.1
        Tc = 1031.83
        Td = 515.917
        Tf = 257.959
#       SitePat  BranchLen
              b 117238.4668609
              e 44099.8890239
              c 45127.4212967
              n 41066.1070876
              w 43967.4537060
            b:e 1348.3620172
            b:c 1591.7590145
            b:n 1021.9014036
            b:w 1138.4550531
            e:c 10774.8883677
            e:n 4548.8438297
            e:w 3449.0747552
            c:n 4229.5521816
            c:w 3382.1963119
            n:w 11929.3739665
          b:e:c 1212.7641944
          b:e:n 565.6457177
          b:e:w 556.4640019
          b:c:n 557.7545995
          b:c:w 565.5104482
          b:n:w 1207.5305211
          e:c:n 5267.0012188
          e:c:w 4320.4226793
          e:n:w 6116.6574101
          c:n:w 5442.3475642
        b:e:c:n 1140.7490967
        b:e:c:w 1017.9781795
        b:e:n:w 1536.8805559
        b:c:n:w 1325.2758951
        e:c:n:w 46069.8765110
