########################################
# legofit: estimate population history #
#       version 2.3.4-4-g53f8760       #
########################################

# Program was compiled: Sep 21 2021 14:36:42
# Program was run: Thu Sep 23 15:52:55 2021

# cmd: legofit -1 -d 0 -t 32 --ptsPerDim 3 --stateOut b1boot31.state --tol 3e-6 -S 5000 bcdf2.lgo ../../chrX/boot_chrX/boot31.opf
# Stage nOptItr nSimReps
#     0    5000        0
# algorithm          : deterministic
# ignoring probs <=  : 0
# Branch length floor: 0
# DE strategy        : 2
#    F               : 0.3
#    CR              : 0.8
#    tolerance       : 3e-06
# nthreads           : 32
# lgo input file     : bcdf2.lgo
# site pat input file: ../../chrX/boot_chrX/boot31.opf
# free parameters    : 16
# points in DE swarm : 48
# output state file  : b1boot31.state
# Including singleton site patterns.
# cost function      : KL
Initial parameter values
Fixed:
      zero = 0
       one = 1
    Tbecnw = 75200
Free:
       pc1 = 0
       pc2 = 0
       pc3 = 0
       pc4 = 0
       pc5 = 0
       pc6 = 0
       pc7 = 0
       pc8 = 0
       pc9 = 0
      pc10 = 0
      pc11 = 0
      pc12 = 0
      pc13 = 0
      pc14 = 0
      pc15 = 0
      pc16 = 0
Constrained:
     Tecnw = 33527.3
       Tnw = 8898.5
       Tec = 4633.12
     twoNb = 1.52711e+06
     twoNe = 10985.8
     twoNc = 378721
     twoNn = 276227
     twoNw = 835714
    twoNec = 151022
    twoNnw = 75384.6
  twoNecnw = 30547.3
  twoNbecnw = 49776.3
        m2 = 0.00787535
        m3 = 0.255352
        m4 = 0.020508
        m6 = 0.000392086
        Tb = 19080.2
        Tc = 4449.25
        Td = 2224.62
        Tf = 1112.31
DiffEv reached_goal. cost=2.50389e-03 spread=2.97404e-06
Fitted parameter values
Free:
       pc1 = 3.99858
       pc2 = -1.87892
       pc3 = -1.97104
       pc4 = 0.371762
       pc5 = -1.92904
       pc6 = -1.92804
       pc7 = 0.49276
       pc8 = -1.53057
       pc9 = 1.24367
      pc10 = -1.62846
      pc11 = -1.46454
      pc12 = -0.229366
      pc13 = 0.149551
      pc14 = -0.259155
      pc15 = 0.0779389
      pc16 = -0.0119356
Constrained:
     Tecnw = 34052.3
       Tnw = 2569.36
       Tec = 1386.19
     twoNb = 3.43338e+06
     twoNe = 6533.88
     twoNc = 79867.5
     twoNn = 216113
     twoNw = 1.35007e+06
    twoNec = 164366
    twoNnw = 109769
  twoNecnw = 29229.5
  twoNbecnw = 49765.9
        m2 = 0.0158512
        m3 = 0.262328
        m4 = 0.0220642
        m6 = 0.00176785
        Tb = 17719.2
        Tc = 1284.68
        Td = 642.34
        Tf = 321.17
#       SitePat  BranchLen
              b 117487.8567709
              e 44009.6696427
              c 45281.2950618
              n 41432.2779579
              w 44623.5544929
            b:e 1288.4320632
            b:c 1599.6520423
            b:n 1033.4390387
            b:w 1182.9764505
            e:c 10818.1014776
            e:n 4673.9100353
            e:w 3484.2109737
            c:n 4303.8612659
            c:w 3394.3299660
            n:w 11690.4981344
          b:e:c 1221.0386818
          b:e:n 579.6366801
          b:e:w 569.6281260
          b:c:n 570.8686096
          b:c:w 579.9089171
          b:n:w 1217.0040420
          e:c:n 5429.2893252
          e:c:w 4342.6684505
          e:n:w 6095.7204081
          c:n:w 5243.2692251
        b:e:c:n 1184.9540486
        b:e:c:w 1030.9595847
        b:e:n:w 1545.4678853
        b:c:n:w 1273.4907265
        e:c:n:w 46091.6262844
