########################################
# legofit: estimate population history #
#       version 2.3.4-4-g53f8760       #
########################################

# Program was compiled: Sep 21 2021 14:36:42
# Program was run: Thu Sep 23 15:51:56 2021

# cmd: legofit -1 -d 0 -t 32 --ptsPerDim 3 --stateOut b1boot3.state --tol 3e-6 -S 5000 bcdf2.lgo ../../chrX/boot_chrX/boot3.opf
# Stage nOptItr nSimReps
#     0    5000        0
# algorithm          : deterministic
# ignoring probs <=  : 0
# Branch length floor: 0
# DE strategy        : 2
#    F               : 0.3
#    CR              : 0.8
#    tolerance       : 3e-06
# nthreads           : 32
# lgo input file     : bcdf2.lgo
# site pat input file: ../../chrX/boot_chrX/boot3.opf
# free parameters    : 16
# points in DE swarm : 48
# output state file  : b1boot3.state
# Including singleton site patterns.
# cost function      : KL
Initial parameter values
Fixed:
      zero = 0
       one = 1
    Tbecnw = 75200
Free:
       pc1 = 0
       pc2 = 0
       pc3 = 0
       pc4 = 0
       pc5 = 0
       pc6 = 0
       pc7 = 0
       pc8 = 0
       pc9 = 0
      pc10 = 0
      pc11 = 0
      pc12 = 0
      pc13 = 0
      pc14 = 0
      pc15 = 0
      pc16 = 0
Constrained:
     Tecnw = 33527.3
       Tnw = 8898.5
       Tec = 4633.12
     twoNb = 1.52711e+06
     twoNe = 10985.8
     twoNc = 378721
     twoNn = 276227
     twoNw = 835714
    twoNec = 151022
    twoNnw = 75384.6
  twoNecnw = 30547.3
  twoNbecnw = 49776.3
        m2 = 0.00787535
        m3 = 0.255352
        m4 = 0.020508
        m6 = 0.000392086
        Tb = 19080.2
        Tc = 4449.25
        Td = 2224.62
        Tf = 1112.31
DiffEv reached_goal. cost=2.57810e-03 spread=1.16865e-06
Fitted parameter values
Free:
       pc1 = 3.99792
       pc2 = -1.98279
       pc3 = -1.9845
       pc4 = -0.681288
       pc5 = -1.98445
       pc6 = -1.97555
       pc7 = 0.752154
       pc8 = -0.640792
       pc9 = 1.97131
      pc10 = -1.17767
      pc11 = -0.912906
      pc12 = -0.491718
      pc13 = 0.745493
      pc14 = -0.161883
      pc15 = 0.0244988
      pc16 = -0.0169148
Constrained:
     Tecnw = 34300.6
       Tnw = 2635.15
       Tec = 1387.92
     twoNb = 3.20518e+06
     twoNe = 4750.09
     twoNc = 2647.66
     twoNn = 440089
     twoNw = 1.88024e+06
    twoNec = 160780
    twoNnw = 107800
  twoNecnw = 29093.1
  twoNbecnw = 49268.4
        m2 = 0.0186926
        m3 = 0.260457
        m4 = 0.0210598
        m6 = 0.00110949
        Tb = 17844.3
        Tc = 1317.57
        Td = 658.787
        Tf = 329.394
#       SitePat  BranchLen
              b 116997.4583319
              e 44148.1367742
              c 45354.6520737
              n 41468.6572354
              w 44684.7576441
            b:e 1306.5649761
            b:c 1602.7174609
            b:n 1027.3522951
            b:w 1171.5520772
            e:c 10954.4667939
            e:n 4620.3580029
            e:w 3427.0110930
            c:n 4268.9420926
            c:w 3338.7351314
            n:w 11850.1132561
          b:e:c 1227.5785728
          b:e:n 570.5340654
          b:e:w 561.0296630
          b:c:n 562.4105931
          b:c:w 570.6699870
          b:n:w 1222.7092967
          e:c:n 5387.7906614
          e:c:w 4301.9819701
          e:n:w 6071.1851180
          c:n:w 5263.0155530
        b:e:c:n 1173.8242291
        b:e:c:w 1024.1316092
        b:e:n:w 1544.0243295
        b:c:n:w 1287.7011303
        e:c:n:w 45531.6407587
