########################################
# legofit: estimate population history #
#       version 2.3.4-4-g53f8760       #
########################################

# Program was compiled: Sep 21 2021 14:36:42
# Program was run: Thu Sep 23 15:52:55 2021

# cmd: legofit -1 -d 0 -t 32 --ptsPerDim 3 --stateOut b1boot35.state --tol 3e-6 -S 5000 bcdf2.lgo ../../chrX/boot_chrX/boot35.opf
# Stage nOptItr nSimReps
#     0    5000        0
# algorithm          : deterministic
# ignoring probs <=  : 0
# Branch length floor: 0
# DE strategy        : 2
#    F               : 0.3
#    CR              : 0.8
#    tolerance       : 3e-06
# nthreads           : 32
# lgo input file     : bcdf2.lgo
# site pat input file: ../../chrX/boot_chrX/boot35.opf
# free parameters    : 16
# points in DE swarm : 48
# output state file  : b1boot35.state
# Including singleton site patterns.
# cost function      : KL
Initial parameter values
Fixed:
      zero = 0
       one = 1
    Tbecnw = 75200
Free:
       pc1 = 0
       pc2 = 0
       pc3 = 0
       pc4 = 0
       pc5 = 0
       pc6 = 0
       pc7 = 0
       pc8 = 0
       pc9 = 0
      pc10 = 0
      pc11 = 0
      pc12 = 0
      pc13 = 0
      pc14 = 0
      pc15 = 0
      pc16 = 0
Constrained:
     Tecnw = 33527.3
       Tnw = 8898.5
       Tec = 4633.12
     twoNb = 1.52711e+06
     twoNe = 10985.8
     twoNc = 378721
     twoNn = 276227
     twoNw = 835714
    twoNec = 151022
    twoNnw = 75384.6
  twoNecnw = 30547.3
  twoNbecnw = 49776.3
        m2 = 0.00787535
        m3 = 0.255352
        m4 = 0.020508
        m6 = 0.000392086
        Tb = 19080.2
        Tc = 4449.25
        Td = 2224.62
        Tf = 1112.31
DiffEv reached_goal. cost=2.75609e-03 spread=2.93400e-06
Fitted parameter values
Free:
       pc1 = 3.96185
       pc2 = -1.97114
       pc3 = -1.94932
       pc4 = -0.963824
       pc5 = -1.99211
       pc6 = -1.96496
       pc7 = 0.565094
       pc8 = 0.309698
       pc9 = 1.90455
      pc10 = -1.25871
      pc11 = -1.8791
      pc12 = -0.314609
      pc13 = 0.285659
      pc14 = -0.105186
      pc15 = -0.00693595
      pc16 = -0.0106129
Constrained:
     Tecnw = 34083.7
       Tnw = 2736.92
       Tec = 1486.07
     twoNb = 3.37629e+06
     twoNe = 7144.3
     twoNc = 248206
     twoNn = 470697
     twoNw = 1.93665e+06
    twoNec = 165268
    twoNnw = 107623
  twoNecnw = 28789.7
  twoNbecnw = 49415.7
        m2 = 0.0176725
        m3 = 0.261444
        m4 = 0.0191618
        m6 = 0.000752605
        Tb = 17784.9
        Tc = 1368.46
        Td = 684.23
        Tf = 342.115
#       SitePat  BranchLen
              b 117309.0254614
              e 43985.6572018
              c 45134.8517659
              n 41262.7472784
              w 44391.2453139
            b:e 1282.5176933
            b:c 1554.8136356
            b:n 1008.2433708
            b:w 1146.3780192
            e:c 10712.6935431
            e:n 4600.9050221
            e:w 3424.2691363
            c:n 4246.0108083
            c:w 3348.7210390
            n:w 11661.1364744
          b:e:c 1194.5289067
          b:e:n 563.4295754
          b:e:w 553.5924658
          b:c:n 554.7866680
          b:c:w 563.5119636
          b:n:w 1190.3028478
          e:c:n 5334.0959152
          e:c:w 4285.6162138
          e:n:w 6010.1245566
          c:n:w 5255.5527708
        b:e:c:n 1148.3525139
        b:e:c:w 1005.2370005
        b:e:n:w 1503.0849427
        b:c:n:w 1265.3319427
        e:c:n:w 46239.0323203
