########################################
# legofit: estimate population history #
#       version 2.3.4-4-g53f8760       #
########################################

# Program was compiled: Sep 21 2021 14:36:42
# Program was run: Thu Sep 23 15:51:56 2021

# cmd: legofit -1 -d 0 -t 32 --ptsPerDim 3 --stateOut b1boot5.state --tol 3e-6 -S 5000 bcdf2.lgo ../../chrX/boot_chrX/boot5.opf
# Stage nOptItr nSimReps
#     0    5000        0
# algorithm          : deterministic
# ignoring probs <=  : 0
# Branch length floor: 0
# DE strategy        : 2
#    F               : 0.3
#    CR              : 0.8
#    tolerance       : 3e-06
# nthreads           : 32
# lgo input file     : bcdf2.lgo
# site pat input file: ../../chrX/boot_chrX/boot5.opf
# free parameters    : 16
# points in DE swarm : 48
# output state file  : b1boot5.state
# Including singleton site patterns.
# cost function      : KL
Initial parameter values
Fixed:
      zero = 0
       one = 1
    Tbecnw = 75200
Free:
       pc1 = 0
       pc2 = 0
       pc3 = 0
       pc4 = 0
       pc5 = 0
       pc6 = 0
       pc7 = 0
       pc8 = 0
       pc9 = 0
      pc10 = 0
      pc11 = 0
      pc12 = 0
      pc13 = 0
      pc14 = 0
      pc15 = 0
      pc16 = 0
Constrained:
     Tecnw = 33527.3
       Tnw = 8898.5
       Tec = 4633.12
     twoNb = 1.52711e+06
     twoNe = 10985.8
     twoNc = 378721
     twoNn = 276227
     twoNw = 835714
    twoNec = 151022
    twoNnw = 75384.6
  twoNecnw = 30547.3
  twoNbecnw = 49776.3
        m2 = 0.00787535
        m3 = 0.255352
        m4 = 0.020508
        m6 = 0.000392086
        Tb = 19080.2
        Tc = 4449.25
        Td = 2224.62
        Tf = 1112.31
DiffEv reached_goal. cost=2.55016e-03 spread=2.96368e-06
Fitted parameter values
Free:
       pc1 = 3.99694
       pc2 = -1.86125
       pc3 = -1.88914
       pc4 = -0.334491
       pc5 = -1.95731
       pc6 = -1.9791
       pc7 = -1.95124
       pc8 = -1.50243
       pc9 = 1.53539
      pc10 = 0.189743
      pc11 = -0.846098
      pc12 = 0.327609
      pc13 = 0.968075
      pc14 = -0.184947
      pc15 = 0.0335743
      pc16 = -0.00793537
Constrained:
     Tecnw = 34115.2
       Tnw = 1471.9
       Tec = 830.783
     twoNb = 2.81955e+06
     twoNe = 3587.5
     twoNc = 458180
     twoNn = 332296
     twoNw = 255371
    twoNec = 161938
    twoNnw = 113292
  twoNecnw = 29725.6
  twoNbecnw = 48014.1
        m2 = 0.0187159
        m3 = 0.251094
        m4 = 0.0202175
        m6 = 0.00198258
        Tb = 17473
        Tc = 735.949
        Td = 367.975
        Tf = 183.987
#       SitePat  BranchLen
              b 115784.8553068
              e 43977.8096143
              c 45238.0402711
              n 41326.1711123
              w 44601.7720438
            b:e 1296.7751377
            b:c 1581.0953105
            b:n 1024.3961942
            b:w 1169.7636480
            e:c 11073.1341452
            e:n 4729.8590745
            e:w 3434.3338967
            c:n 4255.0711418
            c:w 3380.2488077
            n:w 11993.2387608
          b:e:c 1224.6328324
          b:e:n 571.5996464
          b:e:w 556.9181589
          b:c:n 558.4124351
          b:c:w 571.6897437
          b:n:w 1219.1676222
          e:c:n 5411.1567443
          e:c:w 4313.2343327
          e:n:w 6021.8420214
          c:n:w 5245.8962676
        b:e:c:n 1172.3096435
        b:e:c:w 1021.0153607
        b:e:n:w 1516.8163721
        b:c:n:w 1275.4999445
        e:c:n:w 44223.5103761
