########################################
# legofit: estimate population history #
#       version 2.3.4-4-g53f8760       #
########################################

# Program was compiled: Sep 21 2021 14:36:42
# Program was run: Thu Sep 23 15:51:56 2021

# cmd: legofit -1 -d 0 -t 32 --ptsPerDim 3 --stateOut b1boot4.state --tol 3e-6 -S 5000 bcdf2.lgo ../../chrX/boot_chrX/boot4.opf
# Stage nOptItr nSimReps
#     0    5000        0
# algorithm          : deterministic
# ignoring probs <=  : 0
# Branch length floor: 0
# DE strategy        : 2
#    F               : 0.3
#    CR              : 0.8
#    tolerance       : 3e-06
# nthreads           : 32
# lgo input file     : bcdf2.lgo
# site pat input file: ../../chrX/boot_chrX/boot4.opf
# free parameters    : 16
# points in DE swarm : 48
# output state file  : b1boot4.state
# Including singleton site patterns.
# cost function      : KL
Initial parameter values
Fixed:
      zero = 0
       one = 1
    Tbecnw = 75200
Free:
       pc1 = 0
       pc2 = 0
       pc3 = 0
       pc4 = 0
       pc5 = 0
       pc6 = 0
       pc7 = 0
       pc8 = 0
       pc9 = 0
      pc10 = 0
      pc11 = 0
      pc12 = 0
      pc13 = 0
      pc14 = 0
      pc15 = 0
      pc16 = 0
Constrained:
     Tecnw = 33527.3
       Tnw = 8898.5
       Tec = 4633.12
     twoNb = 1.52711e+06
     twoNe = 10985.8
     twoNc = 378721
     twoNn = 276227
     twoNw = 835714
    twoNec = 151022
    twoNnw = 75384.6
  twoNecnw = 30547.3
  twoNbecnw = 49776.3
        m2 = 0.00787535
        m3 = 0.255352
        m4 = 0.020508
        m6 = 0.000392086
        Tb = 19080.2
        Tc = 4449.25
        Td = 2224.62
        Tf = 1112.31
DiffEv reached_goal. cost=2.57218e-03 spread=2.86726e-06
Fitted parameter values
Free:
       pc1 = 3.99236
       pc2 = -1.96696
       pc3 = -1.90341
       pc4 = -0.00570827
       pc5 = -1.92694
       pc6 = -1.82585
       pc7 = 1.08246
       pc8 = -0.037536
       pc9 = 0.995478
      pc10 = -1.74002
      pc11 = -0.831222
      pc12 = -0.279534
      pc13 = 0.14286
      pc14 = -0.44753
      pc15 = -0.0948196
      pc16 = 0.00410416
Constrained:
     Tecnw = 34082.4
       Tnw = 2408.94
       Tec = 1396.49
     twoNb = 3.29674e+06
     twoNe = 10616.5
     twoNc = 181304
     twoNn = 391174
     twoNw = 1.6361e+06
    twoNec = 160224
    twoNnw = 107121
  twoNecnw = 29082.2
  twoNbecnw = 50186.4
        m2 = 0.0172954
        m3 = 0.261263
        m4 = 0.0222076
        m6 = 0.000729834
        Tb = 17739.4
        Tc = 1204.47
        Td = 602.235
        Tf = 301.117
#       SitePat  BranchLen
              b 117855.3514494
              e 43922.6537349
              c 45249.2747568
              n 41210.5435430
              w 44472.5948715
            b:e 1305.9209782
            b:c 1625.6263393
            b:n 1032.5339745
            b:w 1183.2927607
            e:c 10953.5612177
            e:n 4670.9814805
            e:w 3442.7966616
            c:n 4269.1305157
            c:w 3351.9308941
            n:w 11905.9359510
          b:e:c 1238.2266242
          b:e:n 576.5194242
          b:e:w 565.4047526
          b:c:n 566.7551512
          b:c:w 576.7347730
          b:n:w 1233.6528906
          e:c:n 5431.2991470
          e:c:w 4320.8002400
          e:n:w 6148.5119875
          c:n:w 5271.6422243
        b:e:c:n 1185.4691923
        b:e:c:w 1029.6774749
        b:e:n:w 1567.1530688
        b:c:n:w 1288.8474337
        e:c:n:w 46472.1903033
