########################################
# legofit: estimate population history #
#       version 2.3.4-4-g53f8760       #
########################################

# Program was compiled: Sep 21 2021 14:36:42
# Program was run: Thu Sep 23 15:52:23 2021

# cmd: legofit -1 -d 0 -t 32 --ptsPerDim 3 --stateOut b1boot18.state --tol 3e-6 -S 5000 bcdf2.lgo ../../chrX/boot_chrX/boot18.opf
# Stage nOptItr nSimReps
#     0    5000        0
# algorithm          : deterministic
# ignoring probs <=  : 0
# Branch length floor: 0
# DE strategy        : 2
#    F               : 0.3
#    CR              : 0.8
#    tolerance       : 3e-06
# nthreads           : 32
# lgo input file     : bcdf2.lgo
# site pat input file: ../../chrX/boot_chrX/boot18.opf
# free parameters    : 16
# points in DE swarm : 48
# output state file  : b1boot18.state
# Including singleton site patterns.
# cost function      : KL
Initial parameter values
Fixed:
      zero = 0
       one = 1
    Tbecnw = 75200
Free:
       pc1 = 0
       pc2 = 0
       pc3 = 0
       pc4 = 0
       pc5 = 0
       pc6 = 0
       pc7 = 0
       pc8 = 0
       pc9 = 0
      pc10 = 0
      pc11 = 0
      pc12 = 0
      pc13 = 0
      pc14 = 0
      pc15 = 0
      pc16 = 0
Constrained:
     Tecnw = 33527.3
       Tnw = 8898.5
       Tec = 4633.12
     twoNb = 1.52711e+06
     twoNe = 10985.8
     twoNc = 378721
     twoNn = 276227
     twoNw = 835714
    twoNec = 151022
    twoNnw = 75384.6
  twoNecnw = 30547.3
  twoNbecnw = 49776.3
        m2 = 0.00787535
        m3 = 0.255352
        m4 = 0.020508
        m6 = 0.000392086
        Tb = 19080.2
        Tc = 4449.25
        Td = 2224.62
        Tf = 1112.31
DiffEv reached_goal. cost=2.60842e-03 spread=2.91770e-06
Fitted parameter values
Free:
       pc1 = 3.98736
       pc2 = -1.96205
       pc3 = -1.93989
       pc4 = -0.704624
       pc5 = -1.91132
       pc6 = -1.8668
       pc7 = 0.802491
       pc8 = 0.591231
       pc9 = 1.85619
      pc10 = -1.84172
      pc11 = -1.13442
      pc12 = 0.0621535
      pc13 = 0.00445204
      pc14 = -0.0390185
      pc15 = 0.12252
      pc16 = 0.036193
Constrained:
     Tecnw = 33933.6
       Tnw = 2839.97
       Tec = 1657.84
     twoNb = 3.27044e+06
     twoNe = 7836.94
     twoNc = 268709
     twoNn = 459381
     twoNw = 2.06955e+06
    twoNec = 166603
    twoNnw = 108641
  twoNecnw = 28977.2
  twoNbecnw = 49930.1
        m2 = 0.0199287
        m3 = 0.263067
        m4 = 0.0203572
        m6 = 0.000506211
        Tb = 17795.7
        Tc = 1419.99
        Td = 709.993
        Tf = 354.997
#       SitePat  BranchLen
              b 117633.2459273
              e 44053.9994550
              c 45439.0311862
              n 41263.7124843
              w 44490.9169419
            b:e 1324.3880706
            b:c 1623.2997033
            b:n 1027.7984983
            b:w 1165.9998002
            e:c 10595.9203839
            e:n 4790.5267508
            e:w 3469.6371861
            c:n 4255.4079612
            c:w 3416.1793646
            n:w 11600.2088632
          b:e:c 1205.6316432
          b:e:n 581.5310269
          b:e:w 564.5591318
          b:c:n 565.9161814
          b:c:w 581.5182783
          b:n:w 1200.7561986
          e:c:n 5373.9011301
          e:c:w 4313.9951236
          e:n:w 6170.2313907
          c:n:w 5334.3371297
        b:e:c:n 1168.2992973
        b:e:c:w 1024.2875038
        b:e:n:w 1565.0979743
        b:c:n:w 1304.2811813
        e:c:n:w 46334.6043484
