########################################
# legofit: estimate population history #
#       version 2.3.4-4-g53f8760       #
########################################

# Program was compiled: Sep 21 2021 14:36:42
# Program was run: Thu Sep 23 15:53:15 2021

# cmd: legofit -1 -d 0 -t 32 --ptsPerDim 3 --stateOut b1boot46.state --tol 3e-6 -S 5000 bcdf2.lgo ../../chrX/boot_chrX/boot46.opf
# Stage nOptItr nSimReps
#     0    5000        0
# algorithm          : deterministic
# ignoring probs <=  : 0
# Branch length floor: 0
# DE strategy        : 2
#    F               : 0.3
#    CR              : 0.8
#    tolerance       : 3e-06
# nthreads           : 32
# lgo input file     : bcdf2.lgo
# site pat input file: ../../chrX/boot_chrX/boot46.opf
# free parameters    : 16
# points in DE swarm : 48
# output state file  : b1boot46.state
# Including singleton site patterns.
# cost function      : KL
Initial parameter values
Fixed:
      zero = 0
       one = 1
    Tbecnw = 75200
Free:
       pc1 = 0
       pc2 = 0
       pc3 = 0
       pc4 = 0
       pc5 = 0
       pc6 = 0
       pc7 = 0
       pc8 = 0
       pc9 = 0
      pc10 = 0
      pc11 = 0
      pc12 = 0
      pc13 = 0
      pc14 = 0
      pc15 = 0
      pc16 = 0
Constrained:
     Tecnw = 33527.3
       Tnw = 8898.5
       Tec = 4633.12
     twoNb = 1.52711e+06
     twoNe = 10985.8
     twoNc = 378721
     twoNn = 276227
     twoNw = 835714
    twoNec = 151022
    twoNnw = 75384.6
  twoNecnw = 30547.3
  twoNbecnw = 49776.3
        m2 = 0.00787535
        m3 = 0.255352
        m4 = 0.020508
        m6 = 0.000392086
        Tb = 19080.2
        Tc = 4449.25
        Td = 2224.62
        Tf = 1112.31
DiffEv reached_goal. cost=2.53528e-03 spread=2.83780e-06
Fitted parameter values
Free:
       pc1 = 3.99525
       pc2 = -1.8878
       pc3 = -1.99828
       pc4 = -1.46044
       pc5 = -1.96596
       pc6 = -1.94399
       pc7 = -0.39638
       pc8 = -0.531387
       pc9 = 1.325
      pc10 = -1.54059
      pc11 = -1.60802
      pc12 = 0.230883
      pc13 = 0.579409
      pc14 = -0.209146
      pc15 = -0.0041973
      pc16 = -0.0215025
Constrained:
     Tecnw = 33969.9
       Tnw = 1901.75
       Tec = 990.462
     twoNb = 3.388e+06
     twoNe = 3786.92
     twoNc = 103993
     twoNn = 322622
     twoNw = 1.06461e+06
    twoNec = 166736
    twoNnw = 111874
  twoNecnw = 29367.2
  twoNbecnw = 49136.5
        m2 = 0.0185503
        m3 = 0.257267
        m4 = 0.0188612
        m6 = 0.00078109
        Tb = 17480.2
        Tc = 950.873
        Td = 475.436
        Tf = 237.718
#       SitePat  BranchLen
              b 116892.8485987
              e 44129.9268444
              c 45181.9257076
              n 41410.7855258
              w 44465.7852951
            b:e 1310.5655044
            b:c 1572.4416160
            b:n 1032.4811132
            b:w 1167.6221432
            e:c 10875.3598730
            e:n 4586.2106401
            e:w 3478.0066563
            c:n 4305.7994920
            c:w 3389.6107659
            n:w 11817.7381812
          b:e:c 1218.3737317
          b:e:n 572.9679229
          b:e:w 565.9530404
          b:c:n 567.1748148
          b:c:w 573.0545102
          b:n:w 1213.9489013
          e:c:n 5371.3369884
          e:c:w 4347.0243181
          e:n:w 6032.4960967
          c:n:w 5314.1664262
        b:e:c:n 1169.6794931
        b:e:c:w 1029.3792609
        b:e:n:w 1520.5414022
        b:c:n:w 1292.4947746
        e:c:n:w 45491.7050552
