########################################
# legofit: estimate population history #
#       version 2.3.4-4-g53f8760       #
########################################

# Program was compiled: Sep 21 2021 14:36:42
# Program was run: Thu Sep 23 15:53:05 2021

# cmd: legofit -1 -d 0 -t 32 --ptsPerDim 3 --stateOut b1boot38.state --tol 3e-6 -S 5000 bcdf2.lgo ../../chrX/boot_chrX/boot38.opf
# Stage nOptItr nSimReps
#     0    5000        0
# algorithm          : deterministic
# ignoring probs <=  : 0
# Branch length floor: 0
# DE strategy        : 2
#    F               : 0.3
#    CR              : 0.8
#    tolerance       : 3e-06
# nthreads           : 32
# lgo input file     : bcdf2.lgo
# site pat input file: ../../chrX/boot_chrX/boot38.opf
# free parameters    : 16
# points in DE swarm : 48
# output state file  : b1boot38.state
# Including singleton site patterns.
# cost function      : KL
Initial parameter values
Fixed:
      zero = 0
       one = 1
    Tbecnw = 75200
Free:
       pc1 = 0
       pc2 = 0
       pc3 = 0
       pc4 = 0
       pc5 = 0
       pc6 = 0
       pc7 = 0
       pc8 = 0
       pc9 = 0
      pc10 = 0
      pc11 = 0
      pc12 = 0
      pc13 = 0
      pc14 = 0
      pc15 = 0
      pc16 = 0
Constrained:
     Tecnw = 33527.3
       Tnw = 8898.5
       Tec = 4633.12
     twoNb = 1.52711e+06
     twoNe = 10985.8
     twoNc = 378721
     twoNn = 276227
     twoNw = 835714
    twoNec = 151022
    twoNnw = 75384.6
  twoNecnw = 30547.3
  twoNbecnw = 49776.3
        m2 = 0.00787535
        m3 = 0.255352
        m4 = 0.020508
        m6 = 0.000392086
        Tb = 19080.2
        Tc = 4449.25
        Td = 2224.62
        Tf = 1112.31
DiffEv reached_goal. cost=2.70371e-03 spread=2.89534e-06
Fitted parameter values
Free:
       pc1 = 3.99767
       pc2 = -1.97944
       pc3 = -1.9771
       pc4 = -0.953423
       pc5 = -1.95177
       pc6 = -1.90816
       pc7 = 0.319413
       pc8 = 1.5106
       pc9 = 1.75502
      pc10 = -1.29756
      pc11 = -1.63611
      pc12 = -0.042722
      pc13 = -0.307935
      pc14 = -0.303512
      pc15 = -0.0599487
      pc16 = -1.2862e-05
Constrained:
     Tecnw = 33797
       Tnw = 2447.12
       Tec = 1408.47
     twoNb = 3.24423e+06
     twoNe = 10041.7
     twoNc = 571112
     twoNn = 534792
     twoNw = 1.93094e+06
    twoNec = 164430
    twoNnw = 108619
  twoNecnw = 28624.2
  twoNbecnw = 49709.3
        m2 = 0.0189419
        m3 = 0.259958
        m4 = 0.0189666
        m6 = 0.000197111
        Tb = 17602.7
        Tc = 1223.56
        Td = 611.78
        Tf = 305.89
#       SitePat  BranchLen
              b 117636.3862991
              e 43734.7845190
              c 44912.1004263
              n 40996.8678534
              w 44095.4768888
            b:e 1285.9558166
            b:c 1560.7186166
            b:n 1001.5265664
            b:w 1133.0546047
            e:c 10657.9577725
            e:n 4601.8672968
            e:w 3420.5033727
            c:n 4226.5482995
            c:w 3346.3475163
            n:w 11616.4272995
          b:e:c 1181.5192729
          b:e:n 558.6458527
          b:e:w 548.0837167
          b:c:n 549.3572812
          b:c:w 558.6584081
          b:n:w 1176.8781458
          e:c:n 5318.4474639
          e:c:w 4288.2132118
          e:n:w 6045.9016882
          c:n:w 5281.0022146
        b:e:c:n 1135.1792331
        b:e:c:w 998.1021278
        b:e:n:w 1505.5026496
        b:c:n:w 1266.5121494
        e:c:n:w 46815.4167465
