########################################
# legofit: estimate population history #
#       version 2.3.4-4-g53f8760       #
########################################

# Program was compiled: Sep 21 2021 14:36:42
# Program was run: Thu Sep 23 15:51:44 2021

# cmd: legofit -1 -d 0 -t 32 --ptsPerDim 3 --stateOut b1boot0.state --tol 3e-6 -S 5000 bcdf2.lgo ../../chrX/boot_chrX/boot0.opf
# Stage nOptItr nSimReps
#     0    5000        0
# algorithm          : deterministic
# ignoring probs <=  : 0
# Branch length floor: 0
# DE strategy        : 2
#    F               : 0.3
#    CR              : 0.8
#    tolerance       : 3e-06
# nthreads           : 32
# lgo input file     : bcdf2.lgo
# site pat input file: ../../chrX/boot_chrX/boot0.opf
# free parameters    : 16
# points in DE swarm : 48
# output state file  : b1boot0.state
# Including singleton site patterns.
# cost function      : KL
Initial parameter values
Fixed:
      zero = 0
       one = 1
    Tbecnw = 75200
Free:
       pc1 = 0
       pc2 = 0
       pc3 = 0
       pc4 = 0
       pc5 = 0
       pc6 = 0
       pc7 = 0
       pc8 = 0
       pc9 = 0
      pc10 = 0
      pc11 = 0
      pc12 = 0
      pc13 = 0
      pc14 = 0
      pc15 = 0
      pc16 = 0
Constrained:
     Tecnw = 33527.3
       Tnw = 8898.5
       Tec = 4633.12
     twoNb = 1.52711e+06
     twoNe = 10985.8
     twoNc = 378721
     twoNn = 276227
     twoNw = 835714
    twoNec = 151022
    twoNnw = 75384.6
  twoNecnw = 30547.3
  twoNbecnw = 49776.3
        m2 = 0.00787535
        m3 = 0.255352
        m4 = 0.020508
        m6 = 0.000392086
        Tb = 19080.2
        Tc = 4449.25
        Td = 2224.62
        Tf = 1112.31
DiffEv reached_goal. cost=2.57533e-03 spread=2.66992e-06
Fitted parameter values
Free:
       pc1 = 3.98958
       pc2 = -1.99425
       pc3 = -1.95005
       pc4 = -0.587828
       pc5 = -1.89168
       pc6 = -1.85412
       pc7 = -0.121569
       pc8 = 0.141288
       pc9 = 1.98584
      pc10 = -1.54894
      pc11 = -0.685367
      pc12 = -0.0515931
      pc13 = 0.559222
      pc14 = -0.0552895
      pc15 = -0.169166
      pc16 = -0.00821881
Constrained:
     Tecnw = 34109.1
       Tnw = 2309.37
       Tec = 1231.06
     twoNb = 3.11905e+06
     twoNe = 5144.5
     twoNc = 347461
     twoNn = 394343
     twoNw = 1.69374e+06
    twoNec = 162381
    twoNnw = 105770
  twoNecnw = 29289.5
  twoNbecnw = 49461
        m2 = 0.0214364
        m3 = 0.257299
        m4 = 0.0203631
        m6 = 0.000852018
        Tb = 17670.1
        Tc = 1154.68
        Td = 577.342
        Tf = 288.671
#       SitePat  BranchLen
              b 117074.9286618
              e 44291.4199442
              c 45464.3733661
              n 41283.4873967
              w 44412.0861323
            b:e 1352.6372608
            b:c 1640.4516750
            b:n 1035.4321018
            b:w 1169.3945229
            e:c 10978.4164940
            e:n 4607.0337422
            e:w 3437.3722264
            c:n 4262.9154499
            c:w 3351.7687370
            n:w 12099.9967571
          b:e:c 1246.2182736
          b:e:n 573.7432892
          b:e:w 564.2198439
          b:c:n 565.7079787
          b:c:w 573.7536538
          b:n:w 1240.6313948
          e:c:n 5343.7993985
          e:c:w 4303.9029848
          e:n:w 6171.8882237
          c:n:w 5387.4986303
        b:e:c:n 1171.9206915
        b:e:c:w 1031.5419474
        b:e:n:w 1578.2142262
        b:c:n:w 1330.0592657
        e:c:n:w 45496.5262408
