########################################
# legofit: estimate population history #
#       version 2.3.4-4-g53f8760       #
########################################

# Program was compiled: Sep 21 2021 14:36:42
# Program was run: Thu Sep 23 15:52:44 2021

# cmd: legofit -1 -d 0 -t 32 --ptsPerDim 3 --stateOut b1boot30.state --tol 3e-6 -S 5000 bcdf2.lgo ../../chrX/boot_chrX/boot30.opf
# Stage nOptItr nSimReps
#     0    5000        0
# algorithm          : deterministic
# ignoring probs <=  : 0
# Branch length floor: 0
# DE strategy        : 2
#    F               : 0.3
#    CR              : 0.8
#    tolerance       : 3e-06
# nthreads           : 32
# lgo input file     : bcdf2.lgo
# site pat input file: ../../chrX/boot_chrX/boot30.opf
# free parameters    : 16
# points in DE swarm : 48
# output state file  : b1boot30.state
# Including singleton site patterns.
# cost function      : KL
Initial parameter values
Fixed:
      zero = 0
       one = 1
    Tbecnw = 75200
Free:
       pc1 = 0
       pc2 = 0
       pc3 = 0
       pc4 = 0
       pc5 = 0
       pc6 = 0
       pc7 = 0
       pc8 = 0
       pc9 = 0
      pc10 = 0
      pc11 = 0
      pc12 = 0
      pc13 = 0
      pc14 = 0
      pc15 = 0
      pc16 = 0
Constrained:
     Tecnw = 33527.3
       Tnw = 8898.5
       Tec = 4633.12
     twoNb = 1.52711e+06
     twoNe = 10985.8
     twoNc = 378721
     twoNn = 276227
     twoNw = 835714
    twoNec = 151022
    twoNnw = 75384.6
  twoNecnw = 30547.3
  twoNbecnw = 49776.3
        m2 = 0.00787535
        m3 = 0.255352
        m4 = 0.020508
        m6 = 0.000392086
        Tb = 19080.2
        Tc = 4449.25
        Td = 2224.62
        Tf = 1112.31
DiffEv reached_goal. cost=2.59940e-03 spread=2.94049e-06
Fitted parameter values
Free:
       pc1 = 3.96955
       pc2 = -1.98491
       pc3 = -1.93283
       pc4 = -0.216147
       pc5 = -1.94043
       pc6 = -1.96529
       pc7 = -0.709158
       pc8 = 0.690939
       pc9 = 1.65936
      pc10 = -0.271905
      pc11 = -1.81188
      pc12 = -0.15784
      pc13 = -0.0829616
      pc14 = -0.353661
      pc15 = -0.235573
      pc16 = -0.00865834
Constrained:
     Tecnw = 33900
       Tnw = 1996.34
       Tec = 1170.9
     twoNb = 3.09138e+06
     twoNe = 10538.8
     twoNc = 780623
     twoNn = 471486
     twoNw = 1.29038e+06
    twoNec = 161657
    twoNnw = 107309
  twoNecnw = 28741
  twoNbecnw = 49020.3
        m2 = 0.0171798
        m3 = 0.256091
        m4 = 0.0192024
        m6 = 0.00109046
        Tb = 17535.5
        Tc = 998.169
        Td = 499.084
        Tf = 249.542
#       SitePat  BranchLen
              b 117047.3047955
              e 43608.6050723
              c 44746.8249278
              n 40830.0869670
              w 43967.4502081
            b:e 1256.7616049
            b:c 1530.3199048
            b:n 986.2711551
            b:w 1124.0467048
            e:c 10851.8473016
            e:n 4546.6051624
            e:w 3373.5739476
            c:n 4197.9163355
            c:w 3299.7304831
            n:w 11858.4141437
          b:e:c 1185.8634317
          b:e:n 547.9761392
          b:e:w 538.4031557
          b:c:n 539.6708950
          b:c:w 548.0775145
          b:n:w 1181.3162169
          e:c:n 5311.6338933
          e:c:w 4251.8249098
          e:n:w 5972.6507001
          c:n:w 5217.8424234
        b:e:c:n 1126.1260986
        b:e:c:w 983.1797226
        b:e:n:w 1474.3477113
        b:c:n:w 1238.5410095
        e:c:n:w 46278.8072091
