########################################
# legofit: estimate population history #
#       version 2.3.4-4-g53f8760       #
########################################

# Program was compiled: Sep 21 2021 14:36:42
# Program was run: Thu Sep 23 15:52:32 2021

# cmd: legofit -1 -d 0 -t 32 --ptsPerDim 3 --stateOut b1boot24.state --tol 3e-6 -S 5000 bcdf2.lgo ../../chrX/boot_chrX/boot24.opf
# Stage nOptItr nSimReps
#     0    5000        0
# algorithm          : deterministic
# ignoring probs <=  : 0
# Branch length floor: 0
# DE strategy        : 2
#    F               : 0.3
#    CR              : 0.8
#    tolerance       : 3e-06
# nthreads           : 32
# lgo input file     : bcdf2.lgo
# site pat input file: ../../chrX/boot_chrX/boot24.opf
# free parameters    : 16
# points in DE swarm : 48
# output state file  : b1boot24.state
# Including singleton site patterns.
# cost function      : KL
Initial parameter values
Fixed:
      zero = 0
       one = 1
    Tbecnw = 75200
Free:
       pc1 = 0
       pc2 = 0
       pc3 = 0
       pc4 = 0
       pc5 = 0
       pc6 = 0
       pc7 = 0
       pc8 = 0
       pc9 = 0
      pc10 = 0
      pc11 = 0
      pc12 = 0
      pc13 = 0
      pc14 = 0
      pc15 = 0
      pc16 = 0
Constrained:
     Tecnw = 33527.3
       Tnw = 8898.5
       Tec = 4633.12
     twoNb = 1.52711e+06
     twoNe = 10985.8
     twoNc = 378721
     twoNn = 276227
     twoNw = 835714
    twoNec = 151022
    twoNnw = 75384.6
  twoNecnw = 30547.3
  twoNbecnw = 49776.3
        m2 = 0.00787535
        m3 = 0.255352
        m4 = 0.020508
        m6 = 0.000392086
        Tb = 19080.2
        Tc = 4449.25
        Td = 2224.62
        Tf = 1112.31
DiffEv reached_goal. cost=2.65361e-03 spread=2.94202e-06
Fitted parameter values
Free:
       pc1 = 3.9983
       pc2 = -1.8831
       pc3 = -1.98571
       pc4 = -0.55386
       pc5 = -1.8656
       pc6 = -1.99453
       pc7 = 0.735388
       pc8 = -0.198544
       pc9 = 1.79643
      pc10 = -1.92279
      pc11 = -1.24903
      pc12 = -0.37736
      pc13 = 0.694602
      pc14 = -0.19759
      pc15 = 0.0717657
      pc16 = -0.00453177
Constrained:
     Tecnw = 34229.4
       Tnw = 2701.07
       Tec = 1481.39
     twoNb = 3.41003e+06
     twoNe = 6498.12
     twoNc = 101315
     twoNn = 353484
     twoNw = 2.04452e+06
    twoNec = 162400
    twoNnw = 109011
  twoNecnw = 29188.4
  twoNbecnw = 49752.8
        m2 = 0.0188605
        m3 = 0.259918
        m4 = 0.0204887
        m6 = 0.000887252
        Tb = 17855.4
        Tc = 1350.53
        Td = 675.267
        Tf = 337.633
#       SitePat  BranchLen
              b 117395.2843409
              e 44193.5529537
              c 45446.1716489
              n 41530.4692542
              w 44757.3600551
            b:e 1323.1124246
            b:c 1614.7994423
            b:n 1041.6033731
            b:w 1187.1270954
            e:c 10897.4631628
            e:n 4694.2594624
            e:w 3458.1460363
            c:n 4282.8086254
            c:w 3382.9921952
            n:w 11789.8459540
          b:e:c 1235.9254570
          b:e:n 581.7747133
          b:e:w 569.7372999
          b:c:n 571.0269947
          b:c:w 581.8650805
          b:n:w 1231.3393074
          e:c:n 5420.2849860
          e:c:w 4335.7417278
          e:n:w 6104.1063844
          c:n:w 5300.0535334
        b:e:c:n 1189.2845803
        b:e:c:w 1038.5424991
        b:e:n:w 1560.1027650
        b:c:n:w 1305.0745190
        e:c:n:w 45824.5654399
