########################################
# legofit: estimate population history #
#       version 2.3.4-4-g53f8760       #
########################################

# Program was compiled: Sep 21 2021 14:36:42
# Program was run: Thu Sep 23 15:53:27 2021

# cmd: legofit -1 -d 0 -t 32 --ptsPerDim 3 --stateOut b1boot49.state --tol 3e-6 -S 5000 bcdf2.lgo ../../chrX/boot_chrX/boot49.opf
# Stage nOptItr nSimReps
#     0    5000        0
# algorithm          : deterministic
# ignoring probs <=  : 0
# Branch length floor: 0
# DE strategy        : 2
#    F               : 0.3
#    CR              : 0.8
#    tolerance       : 3e-06
# nthreads           : 32
# lgo input file     : bcdf2.lgo
# site pat input file: ../../chrX/boot_chrX/boot49.opf
# free parameters    : 16
# points in DE swarm : 48
# output state file  : b1boot49.state
# Including singleton site patterns.
# cost function      : KL
Initial parameter values
Fixed:
      zero = 0
       one = 1
    Tbecnw = 75200
Free:
       pc1 = 0
       pc2 = 0
       pc3 = 0
       pc4 = 0
       pc5 = 0
       pc6 = 0
       pc7 = 0
       pc8 = 0
       pc9 = 0
      pc10 = 0
      pc11 = 0
      pc12 = 0
      pc13 = 0
      pc14 = 0
      pc15 = 0
      pc16 = 0
Constrained:
     Tecnw = 33527.3
       Tnw = 8898.5
       Tec = 4633.12
     twoNb = 1.52711e+06
     twoNe = 10985.8
     twoNc = 378721
     twoNn = 276227
     twoNw = 835714
    twoNec = 151022
    twoNnw = 75384.6
  twoNecnw = 30547.3
  twoNbecnw = 49776.3
        m2 = 0.00787535
        m3 = 0.255352
        m4 = 0.020508
        m6 = 0.000392086
        Tb = 19080.2
        Tc = 4449.25
        Td = 2224.62
        Tf = 1112.31
DiffEv reached_goal. cost=2.53782e-03 spread=2.88497e-06
Fitted parameter values
Free:
       pc1 = 3.9831
       pc2 = -1.96717
       pc3 = -1.71398
       pc4 = 0.701881
       pc5 = -1.95989
       pc6 = -1.95657
       pc7 = 0.87568
       pc8 = 0.251858
       pc9 = 1.74607
      pc10 = -1.98831
      pc11 = -1.04236
      pc12 = 0.57426
      pc13 = 0.311848
      pc14 = -0.192687
      pc15 = 0.158474
      pc16 = -0.0256724
Constrained:
     Tecnw = 34007.9
       Tnw = 2751.66
       Tec = 1535.77
     twoNb = 3.31529e+06
     twoNe = 13299.9
     twoNc = 435286
     twoNn = 448566
     twoNw = 2.06392e+06
    twoNec = 166001
    twoNnw = 110014
  twoNecnw = 29448.8
  twoNbecnw = 50354
        m2 = 0.0194558
        m3 = 0.268007
        m4 = 0.0216906
        m6 = 0.00118202
        Tb = 17771.8
        Tc = 1375.83
        Td = 687.916
        Tf = 343.958
#       SitePat  BranchLen
              b 117820.2116425
              e 44391.8412969
              c 45614.6197353
              n 41689.6388089
              w 44833.1461995
            b:e 1357.6049176
            b:c 1665.5418778
            b:n 1067.4867585
            b:w 1208.6048375
            e:c 10767.5412911
            e:n 4705.9472613
            e:w 3548.8151843
            c:n 4375.6784382
            c:w 3449.1642322
            n:w 11676.4974556
          b:e:c 1245.2624540
          b:e:n 597.0917101
          b:e:w 588.4387767
          b:c:n 589.8696018
          b:c:w 597.2447731
          b:n:w 1240.3640351
          e:c:n 5449.7472473
          e:c:w 4396.9737249
          e:n:w 6217.2201653
          c:n:w 5382.7147576
        b:e:c:n 1210.9638742
        b:e:c:w 1064.0359723
        b:e:n:w 1606.1378660
        b:c:n:w 1338.2637620
        e:c:n:w 46049.5011172
