########################################
# legofit: estimate population history #
#       version 2.3.4-4-g53f8760       #
########################################

# Program was compiled: Sep 21 2021 14:36:42
# Program was run: Thu Sep 23 15:52:12 2021

# cmd: legofit -1 -d 0 -t 32 --ptsPerDim 3 --stateOut b1boot13.state --tol 3e-6 -S 5000 bcdf2.lgo ../../chrX/boot_chrX/boot13.opf
# Stage nOptItr nSimReps
#     0    5000        0
# algorithm          : deterministic
# ignoring probs <=  : 0
# Branch length floor: 0
# DE strategy        : 2
#    F               : 0.3
#    CR              : 0.8
#    tolerance       : 3e-06
# nthreads           : 32
# lgo input file     : bcdf2.lgo
# site pat input file: ../../chrX/boot_chrX/boot13.opf
# free parameters    : 16
# points in DE swarm : 48
# output state file  : b1boot13.state
# Including singleton site patterns.
# cost function      : KL
Initial parameter values
Fixed:
      zero = 0
       one = 1
    Tbecnw = 75200
Free:
       pc1 = 0
       pc2 = 0
       pc3 = 0
       pc4 = 0
       pc5 = 0
       pc6 = 0
       pc7 = 0
       pc8 = 0
       pc9 = 0
      pc10 = 0
      pc11 = 0
      pc12 = 0
      pc13 = 0
      pc14 = 0
      pc15 = 0
      pc16 = 0
Constrained:
     Tecnw = 33527.3
       Tnw = 8898.5
       Tec = 4633.12
     twoNb = 1.52711e+06
     twoNe = 10985.8
     twoNc = 378721
     twoNn = 276227
     twoNw = 835714
    twoNec = 151022
    twoNnw = 75384.6
  twoNecnw = 30547.3
  twoNbecnw = 49776.3
        m2 = 0.00787535
        m3 = 0.255352
        m4 = 0.020508
        m6 = 0.000392086
        Tb = 19080.2
        Tc = 4449.25
        Td = 2224.62
        Tf = 1112.31
DiffEv reached_goal. cost=2.51610e-03 spread=2.26218e-06
Fitted parameter values
Free:
       pc1 = 3.99812
       pc2 = -1.97829
       pc3 = -1.97606
       pc4 = 0.115152
       pc5 = -1.96298
       pc6 = -1.95486
       pc7 = 1.71277
       pc8 = 0.452143
       pc9 = 1.88028
      pc10 = -1.47566
      pc11 = -0.51763
      pc12 = -0.761911
      pc13 = 0.553369
      pc14 = -0.288334
      pc15 = -0.0673578
      pc16 = 0.0115346
Constrained:
     Tecnw = 34368.9
       Tnw = 2933.1
       Tec = 1687.26
     twoNb = 3.20527e+06
     twoNe = 10738.7
     twoNc = 192124
     twoNn = 536335
     twoNw = 2.53201e+06
    twoNec = 156867
    twoNnw = 104336
  twoNecnw = 28889.4
  twoNbecnw = 50042.7
        m2 = 0.0187288
        m3 = 0.261872
        m4 = 0.0225222
        m6 = 0.000716945
        Tb = 18028.1
        Tc = 1466.55
        Td = 733.276
        Tf = 366.638
#       SitePat  BranchLen
              b 117695.6558064
              e 44067.1628490
              c 45431.3035986
              n 41314.2866502
              w 44643.5598998
            b:e 1315.3961553
            b:c 1640.3018589
            b:n 1028.7986745
            b:w 1180.3987349
            e:c 11004.8943723
            e:n 4669.1043328
            e:w 3399.3276095
            c:n 4236.0527134
            c:w 3313.4069117
            n:w 11957.3399484
          b:e:c 1244.5467685
          b:e:n 573.1198600
          b:e:w 560.6764225
          b:c:n 562.1216329
          b:c:w 573.2769305
          b:n:w 1239.5160731
          e:c:n 5412.9759116
          e:c:w 4282.9501288
          e:n:w 6155.6389392
          c:n:w 5265.8928776
        b:e:c:n 1182.7488735
        b:e:c:w 1025.6120114
        b:e:n:w 1578.4881024
        b:c:n:w 1296.5577472
        e:c:n:w 46224.5733152
