########################################
# legofit: estimate population history #
#       version 2.3.4-4-g53f8760       #
########################################

# Program was compiled: Sep 21 2021 14:36:42
# Program was run: Thu Sep 23 15:52:18 2021

# cmd: legofit -1 -d 0 -t 32 --ptsPerDim 3 --stateOut b1boot16.state --tol 3e-6 -S 5000 bcdf2.lgo ../../chrX/boot_chrX/boot16.opf
# Stage nOptItr nSimReps
#     0    5000        0
# algorithm          : deterministic
# ignoring probs <=  : 0
# Branch length floor: 0
# DE strategy        : 2
#    F               : 0.3
#    CR              : 0.8
#    tolerance       : 3e-06
# nthreads           : 32
# lgo input file     : bcdf2.lgo
# site pat input file: ../../chrX/boot_chrX/boot16.opf
# free parameters    : 16
# points in DE swarm : 48
# output state file  : b1boot16.state
# Including singleton site patterns.
# cost function      : KL
Initial parameter values
Fixed:
      zero = 0
       one = 1
    Tbecnw = 75200
Free:
       pc1 = 0
       pc2 = 0
       pc3 = 0
       pc4 = 0
       pc5 = 0
       pc6 = 0
       pc7 = 0
       pc8 = 0
       pc9 = 0
      pc10 = 0
      pc11 = 0
      pc12 = 0
      pc13 = 0
      pc14 = 0
      pc15 = 0
      pc16 = 0
Constrained:
     Tecnw = 33527.3
       Tnw = 8898.5
       Tec = 4633.12
     twoNb = 1.52711e+06
     twoNe = 10985.8
     twoNc = 378721
     twoNn = 276227
     twoNw = 835714
    twoNec = 151022
    twoNnw = 75384.6
  twoNecnw = 30547.3
  twoNbecnw = 49776.3
        m2 = 0.00787535
        m3 = 0.255352
        m4 = 0.020508
        m6 = 0.000392086
        Tb = 19080.2
        Tc = 4449.25
        Td = 2224.62
        Tf = 1112.31
DiffEv reached_goal. cost=2.56005e-03 spread=1.56881e-06
Fitted parameter values
Free:
       pc1 = 3.99807
       pc2 = -1.98458
       pc3 = -1.98021
       pc4 = -0.870293
       pc5 = -1.98524
       pc6 = -1.98351
       pc7 = 1.53931
       pc8 = 1.04219
       pc9 = 1.98411
      pc10 = -0.780504
      pc11 = -0.0891802
      pc12 = -0.123017
      pc13 = 0.776844
      pc14 = -0.0434935
      pc15 = -0.128965
      pc16 = -0.0127116
Constrained:
     Tecnw = 34300.3
       Tnw = 2569.17
       Tec = 1441.69
     twoNb = 2.92826e+06
     twoNe = 11743.9
     twoNc = 176977
     twoNn = 737996
     twoNw = 2.38755e+06
    twoNec = 160408
    twoNnw = 103946
  twoNecnw = 29013
  twoNbecnw = 49403.8
        m2 = 0.0205648
        m3 = 0.261911
        m4 = 0.0217018
        m6 = 0.000133788
        Tb = 17871
        Tc = 1284.58
        Td = 642.291
        Tf = 321.146
#       SitePat  BranchLen
              b 117076.4942308
              e 44263.5078009
              c 45496.7115433
              n 41280.9377733
              w 44477.8477153
            b:e 1332.6098169
            b:c 1642.0215882
            b:n 1023.3457742
            b:w 1161.7820543
            e:c 10966.1648614
            e:n 4585.0584628
            e:w 3405.4325678
            c:n 4244.4713220
            c:w 3304.7723199
            n:w 12072.9147611
          b:e:c 1238.3613551
          b:e:n 566.8726110
          b:e:w 558.0404801
          b:c:n 559.6515138
          b:c:w 566.9651329
          b:n:w 1232.5421313
          e:c:n 5334.0612130
          e:c:w 4264.6381215
          e:n:w 6163.0692223
          c:n:w 5324.4206401
        b:e:c:n 1164.4368773
        b:e:c:w 1019.3571554
        b:e:n:w 1574.2513420
        b:c:n:w 1309.8282434
        e:c:n:w 45590.6984192
