########################################
# legofit: estimate population history #
#       version 2.3.4-4-g53f8760       #
########################################

# Program was compiled: Sep 21 2021 14:36:42
# Program was run: Thu Sep 23 15:53:05 2021

# cmd: legofit -1 -d 0 -t 32 --ptsPerDim 3 --stateOut b1boot37.state --tol 3e-6 -S 5000 bcdf2.lgo ../../chrX/boot_chrX/boot37.opf
# Stage nOptItr nSimReps
#     0    5000        0
# algorithm          : deterministic
# ignoring probs <=  : 0
# Branch length floor: 0
# DE strategy        : 2
#    F               : 0.3
#    CR              : 0.8
#    tolerance       : 3e-06
# nthreads           : 32
# lgo input file     : bcdf2.lgo
# site pat input file: ../../chrX/boot_chrX/boot37.opf
# free parameters    : 16
# points in DE swarm : 48
# output state file  : b1boot37.state
# Including singleton site patterns.
# cost function      : KL
Initial parameter values
Fixed:
      zero = 0
       one = 1
    Tbecnw = 75200
Free:
       pc1 = 0
       pc2 = 0
       pc3 = 0
       pc4 = 0
       pc5 = 0
       pc6 = 0
       pc7 = 0
       pc8 = 0
       pc9 = 0
      pc10 = 0
      pc11 = 0
      pc12 = 0
      pc13 = 0
      pc14 = 0
      pc15 = 0
      pc16 = 0
Constrained:
     Tecnw = 33527.3
       Tnw = 8898.5
       Tec = 4633.12
     twoNb = 1.52711e+06
     twoNe = 10985.8
     twoNc = 378721
     twoNn = 276227
     twoNw = 835714
    twoNec = 151022
    twoNnw = 75384.6
  twoNecnw = 30547.3
  twoNbecnw = 49776.3
        m2 = 0.00787535
        m3 = 0.255352
        m4 = 0.020508
        m6 = 0.000392086
        Tb = 19080.2
        Tc = 4449.25
        Td = 2224.62
        Tf = 1112.31
DiffEv reached_goal. cost=2.41269e-03 spread=2.90962e-06
Fitted parameter values
Free:
       pc1 = 3.98705
       pc2 = -1.89895
       pc3 = -1.59342
       pc4 = -0.417435
       pc5 = -1.98005
       pc6 = -1.9757
       pc7 = -0.490299
       pc8 = 0.496744
       pc9 = 1.64958
      pc10 = -1.9791
      pc11 = -1.26157
      pc12 = 0.211373
      pc13 = 0.467391
      pc14 = -0.411501
      pc15 = 0.152173
      pc16 = -0.0190535
Constrained:
     Tecnw = 33984.1
       Tnw = 2318.98
       Tec = 1288.64
     twoNb = 3.27193e+06
     twoNe = 7391.52
     twoNc = 506463
     twoNn = 373882
     twoNw = 1.49516e+06
    twoNec = 162741
    twoNnw = 113654
  twoNecnw = 29428
  twoNbecnw = 49932
        m2 = 0.02047
        m3 = 0.255778
        m4 = 0.0191616
        m6 = 0.000855617
        Tb = 17636.4
        Tc = 1159.49
        Td = 579.745
        Tf = 289.872
#       SitePat  BranchLen
              b 117487.5513314
              e 44178.5876967
              c 45332.1279611
              n 41628.7698577
              w 44759.2837525
            b:e 1349.1591175
            b:c 1622.6933723
            b:n 1061.0816507
            b:w 1198.9337330
            e:c 10924.9274366
            e:n 4690.0366562
            e:w 3506.1439626
            c:n 4323.2816801
            c:w 3431.0219441
            n:w 11720.0907816
          b:e:c 1241.5195389
          b:e:n 588.9935832
          b:e:w 578.3219870
          b:c:n 579.6789916
          b:c:w 589.0017375
          b:n:w 1236.4585620
          e:c:n 5450.9127015
          e:c:w 4403.7461935
          e:n:w 6111.0208359
          c:n:w 5362.1976595
        b:e:c:n 1201.2760386
        b:e:c:w 1057.5778495
        b:e:n:w 1566.1641062
        b:c:n:w 1328.4245990
        e:c:n:w 45838.4484945
