########################################
# legofit: estimate population history #
#       version 2.3.4-4-g53f8760       #
########################################

# Program was compiled: Sep 21 2021 14:36:42
# Program was run: Thu Sep 23 15:52:01 2021

# cmd: legofit -1 -d 0 -t 32 --ptsPerDim 3 --stateOut b1boot7.state --tol 3e-6 -S 5000 bcdf2.lgo ../../chrX/boot_chrX/boot7.opf
# Stage nOptItr nSimReps
#     0    5000        0
# algorithm          : deterministic
# ignoring probs <=  : 0
# Branch length floor: 0
# DE strategy        : 2
#    F               : 0.3
#    CR              : 0.8
#    tolerance       : 3e-06
# nthreads           : 32
# lgo input file     : bcdf2.lgo
# site pat input file: ../../chrX/boot_chrX/boot7.opf
# free parameters    : 16
# points in DE swarm : 48
# output state file  : b1boot7.state
# Including singleton site patterns.
# cost function      : KL
Initial parameter values
Fixed:
      zero = 0
       one = 1
    Tbecnw = 75200
Free:
       pc1 = 0
       pc2 = 0
       pc3 = 0
       pc4 = 0
       pc5 = 0
       pc6 = 0
       pc7 = 0
       pc8 = 0
       pc9 = 0
      pc10 = 0
      pc11 = 0
      pc12 = 0
      pc13 = 0
      pc14 = 0
      pc15 = 0
      pc16 = 0
Constrained:
     Tecnw = 33527.3
       Tnw = 8898.5
       Tec = 4633.12
     twoNb = 1.52711e+06
     twoNe = 10985.8
     twoNc = 378721
     twoNn = 276227
     twoNw = 835714
    twoNec = 151022
    twoNnw = 75384.6
  twoNecnw = 30547.3
  twoNbecnw = 49776.3
        m2 = 0.00787535
        m3 = 0.255352
        m4 = 0.020508
        m6 = 0.000392086
        Tb = 19080.2
        Tc = 4449.25
        Td = 2224.62
        Tf = 1112.31
DiffEv reached_goal. cost=2.63632e-03 spread=2.35614e-06
Fitted parameter values
Free:
       pc1 = 3.98677
       pc2 = -1.93368
       pc3 = -1.86797
       pc4 = -0.92855
       pc5 = -1.93666
       pc6 = -1.81726
       pc7 = -1.05469
       pc8 = -0.311894
       pc9 = 1.62092
      pc10 = -1.73616
      pc11 = -1.619
      pc12 = 0.023834
      pc13 = 0.9922
      pc14 = -0.529272
      pc15 = 0.00668926
      pc16 = -0.0191395
Constrained:
     Tecnw = 34139.3
       Tnw = 1771.37
       Tec = 941.595
     twoNb = 3.37581e+06
     twoNe = 2742.81
     twoNc = 371532
     twoNn = 253765
     twoNw = 1.1093e+06
    twoNec = 160805
    twoNnw = 113453
  twoNecnw = 29559.1
  twoNbecnw = 49263.3
        m2 = 0.0195568
        m3 = 0.255645
        m4 = 0.018311
        m6 = 0.00103682
        Tb = 17540.4
        Tc = 885.684
        Td = 442.842
        Tf = 221.421
#       SitePat  BranchLen
              b 116900.4707038
              e 44044.3289467
              c 45179.3090178
              n 41488.5614115
              w 44760.5916728
            b:e 1327.1999064
            b:c 1585.4582306
            b:n 1050.3399698
            b:w 1197.5441962
            e:c 11119.4093812
            e:n 4707.5524846
            e:w 3459.5181913
            c:n 4312.2366061
            c:w 3398.1802075
            n:w 11908.7327701
          b:e:c 1245.9253771
          b:e:n 582.4521324
          b:e:w 570.5080179
          b:c:n 571.7596205
          b:c:w 582.4426001
          b:n:w 1241.2151051
          e:c:n 5476.3434001
          e:c:w 4373.0228462
          e:n:w 6018.6128085
          c:n:w 5306.0210340
        b:e:c:n 1199.7130346
        b:e:c:w 1047.1509276
        b:e:n:w 1533.4319060
        b:c:n:w 1308.1970774
        e:c:n:w 45238.6394450
