########################################
# legofit: estimate population history #
#       version 2.3.4-4-g53f8760       #
########################################

# Program was compiled: Sep 21 2021 14:36:42
# Program was run: Thu Sep 23 15:52:55 2021

# cmd: legofit -1 -d 0 -t 32 --ptsPerDim 3 --stateOut b1boot32.state --tol 3e-6 -S 5000 bcdf2.lgo ../../chrX/boot_chrX/boot32.opf
# Stage nOptItr nSimReps
#     0    5000        0
# algorithm          : deterministic
# ignoring probs <=  : 0
# Branch length floor: 0
# DE strategy        : 2
#    F               : 0.3
#    CR              : 0.8
#    tolerance       : 3e-06
# nthreads           : 32
# lgo input file     : bcdf2.lgo
# site pat input file: ../../chrX/boot_chrX/boot32.opf
# free parameters    : 16
# points in DE swarm : 48
# output state file  : b1boot32.state
# Including singleton site patterns.
# cost function      : KL
Initial parameter values
Fixed:
      zero = 0
       one = 1
    Tbecnw = 75200
Free:
       pc1 = 0
       pc2 = 0
       pc3 = 0
       pc4 = 0
       pc5 = 0
       pc6 = 0
       pc7 = 0
       pc8 = 0
       pc9 = 0
      pc10 = 0
      pc11 = 0
      pc12 = 0
      pc13 = 0
      pc14 = 0
      pc15 = 0
      pc16 = 0
Constrained:
     Tecnw = 33527.3
       Tnw = 8898.5
       Tec = 4633.12
     twoNb = 1.52711e+06
     twoNe = 10985.8
     twoNc = 378721
     twoNn = 276227
     twoNw = 835714
    twoNec = 151022
    twoNnw = 75384.6
  twoNecnw = 30547.3
  twoNbecnw = 49776.3
        m2 = 0.00787535
        m3 = 0.255352
        m4 = 0.020508
        m6 = 0.000392086
        Tb = 19080.2
        Tc = 4449.25
        Td = 2224.62
        Tf = 1112.31
DiffEv reached_goal. cost=2.54601e-03 spread=2.15258e-06
Fitted parameter values
Free:
       pc1 = 3.99935
       pc2 = -1.98723
       pc3 = -1.80985
       pc4 = -0.571691
       pc5 = -1.98417
       pc6 = -1.95923
       pc7 = -1.3857
       pc8 = 1.25985
       pc9 = 1.37331
      pc10 = -1.26628
      pc11 = -1.22727
      pc12 = -0.61874
      pc13 = 0.154154
      pc14 = -0.15178
      pc15 = -0.0607173
      pc16 = -0.0495873
Constrained:
     Tecnw = 34025.5
       Tnw = 2735.58
       Tec = 1428.78
     twoNb = 3.14757e+06
     twoNe = 7031.88
     twoNc = 849435
     twoNn = 366031
     twoNw = 1.08988e+06
    twoNec = 159621
    twoNnw = 108738
  twoNecnw = 28914.1
  twoNbecnw = 49467.2
        m2 = 0.0205734
        m3 = 0.242748
        m4 = 0.0187437
        m6 = 0.000571583
        Tb = 17727.1
        Tc = 1367.79
        Td = 683.896
        Tf = 341.948
#       SitePat  BranchLen
              b 117255.4446328
              e 44093.4268164
              c 45115.9105654
              n 41427.4005593
              w 44316.3817629
            b:e 1319.7606243
            b:c 1583.6529624
            b:n 1023.0696292
            b:w 1146.5079937
            e:c 10969.3392255
            e:n 4446.6749712
            e:w 3413.6945058
            c:n 4198.6569835
            c:w 3320.4541004
            n:w 11869.7181871
          b:e:c 1222.2730719
          b:e:n 559.3407680
          b:e:w 553.4957309
          b:c:n 554.8358061
          b:c:w 559.3765674
          b:n:w 1217.0310339
          e:c:n 5296.0871173
          e:c:w 4325.3638950
          e:n:w 6046.8552520
          c:n:w 5328.1180466
        b:e:c:n 1148.8103026
        b:e:c:w 1019.6015810
        b:e:n:w 1525.8815684
        b:c:n:w 1298.1252051
        e:c:n:w 46046.6020474
