########################################
# legofit: estimate population history #
#       version 2.3.4-4-g53f8760       #
########################################

# Program was compiled: Sep 21 2021 14:36:42
# Program was run: Thu Sep 23 15:53:15 2021

# cmd: legofit -1 -d 0 -t 32 --ptsPerDim 3 --stateOut b1boot47.state --tol 3e-6 -S 5000 bcdf2.lgo ../../chrX/boot_chrX/boot47.opf
# Stage nOptItr nSimReps
#     0    5000        0
# algorithm          : deterministic
# ignoring probs <=  : 0
# Branch length floor: 0
# DE strategy        : 2
#    F               : 0.3
#    CR              : 0.8
#    tolerance       : 3e-06
# nthreads           : 32
# lgo input file     : bcdf2.lgo
# site pat input file: ../../chrX/boot_chrX/boot47.opf
# free parameters    : 16
# points in DE swarm : 48
# output state file  : b1boot47.state
# Including singleton site patterns.
# cost function      : KL
Initial parameter values
Fixed:
      zero = 0
       one = 1
    Tbecnw = 75200
Free:
       pc1 = 0
       pc2 = 0
       pc3 = 0
       pc4 = 0
       pc5 = 0
       pc6 = 0
       pc7 = 0
       pc8 = 0
       pc9 = 0
      pc10 = 0
      pc11 = 0
      pc12 = 0
      pc13 = 0
      pc14 = 0
      pc15 = 0
      pc16 = 0
Constrained:
     Tecnw = 33527.3
       Tnw = 8898.5
       Tec = 4633.12
     twoNb = 1.52711e+06
     twoNe = 10985.8
     twoNc = 378721
     twoNn = 276227
     twoNw = 835714
    twoNec = 151022
    twoNnw = 75384.6
  twoNecnw = 30547.3
  twoNbecnw = 49776.3
        m2 = 0.00787535
        m3 = 0.255352
        m4 = 0.020508
        m6 = 0.000392086
        Tb = 19080.2
        Tc = 4449.25
        Td = 2224.62
        Tf = 1112.31
DiffEv reached_goal. cost=2.68360e-03 spread=2.79363e-06
Fitted parameter values
Free:
       pc1 = 3.97389
       pc2 = -1.90237
       pc3 = -1.98066
       pc4 = -1.68793
       pc5 = -1.98164
       pc6 = -1.97676
       pc7 = -0.973739
       pc8 = -1.02564
       pc9 = 1.27622
      pc10 = 0.751512
      pc11 = -0.492422
      pc12 = 0.030347
      pc13 = 0.0832212
      pc14 = 0.0138761
      pc15 = 0.046759
      pc16 = -0.023702
Constrained:
     Tecnw = 33880
       Tnw = 1980.38
       Tec = 1025.23
     twoNb = 2.59886e+06
     twoNe = 2783.46
     twoNc = 128412
     twoNn = 518255
     twoNw = 302121
    twoNec = 164397
    twoNnw = 111053
  twoNecnw = 29006.9
  twoNbecnw = 47825.4
        m2 = 0.0179548
        m3 = 0.25012
        m4 = 0.0204874
        m6 = 0.00106979
        Tb = 17452.6
        Tc = 990.191
        Td = 495.096
        Tf = 247.548
#       SitePat  BranchLen
              b 115886.4640622
              e 43785.9427822
              c 44917.7557134
              n 41118.7448653
              w 44111.9617787
            b:e 1252.1849157
            b:c 1540.1696158
            b:n 983.1732669
            b:w 1110.0679620
            e:c 10785.8688564
            e:n 4506.6812286
            e:w 3404.5826910
            c:n 4195.9425596
            c:w 3312.9224136
            n:w 11742.4461108
          b:e:c 1168.3166577
          b:e:n 544.3372856
          b:e:w 536.5548557
          b:c:n 538.1160158
          b:c:w 544.5249462
          b:n:w 1162.7279096
          e:c:n 5257.7174932
          e:c:w 4257.1990423
          e:n:w 5977.4453483
          c:n:w 5199.1846524
        b:e:c:n 1112.6305793
        b:e:c:w 979.5296047
        b:e:n:w 1470.7308351
        b:c:n:w 1229.8440254
        e:c:n:w 45019.6503618
