########################################
# legofit: estimate population history #
#       version 2.3.4-4-g53f8760       #
########################################

# Program was compiled: Sep 21 2021 14:36:42
# Program was run: Thu Sep 23 15:53:15 2021

# cmd: legofit -1 -d 0 -t 32 --ptsPerDim 3 --stateOut b1boot45.state --tol 3e-6 -S 5000 bcdf2.lgo ../../chrX/boot_chrX/boot45.opf
# Stage nOptItr nSimReps
#     0    5000        0
# algorithm          : deterministic
# ignoring probs <=  : 0
# Branch length floor: 0
# DE strategy        : 2
#    F               : 0.3
#    CR              : 0.8
#    tolerance       : 3e-06
# nthreads           : 32
# lgo input file     : bcdf2.lgo
# site pat input file: ../../chrX/boot_chrX/boot45.opf
# free parameters    : 16
# points in DE swarm : 48
# output state file  : b1boot45.state
# Including singleton site patterns.
# cost function      : KL
Initial parameter values
Fixed:
      zero = 0
       one = 1
    Tbecnw = 75200
Free:
       pc1 = 0
       pc2 = 0
       pc3 = 0
       pc4 = 0
       pc5 = 0
       pc6 = 0
       pc7 = 0
       pc8 = 0
       pc9 = 0
      pc10 = 0
      pc11 = 0
      pc12 = 0
      pc13 = 0
      pc14 = 0
      pc15 = 0
      pc16 = 0
Constrained:
     Tecnw = 33527.3
       Tnw = 8898.5
       Tec = 4633.12
     twoNb = 1.52711e+06
     twoNe = 10985.8
     twoNc = 378721
     twoNn = 276227
     twoNw = 835714
    twoNec = 151022
    twoNnw = 75384.6
  twoNecnw = 30547.3
  twoNbecnw = 49776.3
        m2 = 0.00787535
        m3 = 0.255352
        m4 = 0.020508
        m6 = 0.000392086
        Tb = 19080.2
        Tc = 4449.25
        Td = 2224.62
        Tf = 1112.31
DiffEv reached_goal. cost=2.41171e-03 spread=2.01613e-06
Fitted parameter values
Free:
       pc1 = 3.99102
       pc2 = -1.95724
       pc3 = -1.95586
       pc4 = -1.39635
       pc5 = -1.97862
       pc6 = -1.96265
       pc7 = -1.36914
       pc8 = -0.00801591
       pc9 = 1.01725
      pc10 = -0.950459
      pc11 = -1.08198
      pc12 = -0.35248
      pc13 = 0.474761
      pc14 = -0.160183
      pc15 = -0.00569303
      pc16 = -0.0109538
Constrained:
     Tecnw = 34033.1
       Tnw = 2149.11
       Tec = 1173.77
     twoNb = 3.12809e+06
     twoNe = 3570.51
     twoNc = 399901
     twoNn = 327360
     twoNw = 543637
    twoNec = 161455
    twoNnw = 111264
  twoNecnw = 29177.7
  twoNbecnw = 48841.7
        m2 = 0.0195257
        m3 = 0.244297
        m4 = 0.0189608
        m6 = 0.000648057
        Tb = 17603.4
        Tc = 1074.55
        Td = 537.277
        Tf = 268.638
#       SitePat  BranchLen
              b 116668.7104633
              e 43906.0362865
              c 45147.2327497
              n 41254.9758318
              w 44384.9029578
            b:e 1299.4888611
            b:c 1571.3295235
            b:n 1016.1714245
            b:w 1151.9603758
            e:c 10958.1131338
            e:n 4654.3008318
            e:w 3407.5490303
            c:n 4186.3684182
            c:w 3353.4582576
            n:w 11884.3445137
          b:e:c 1214.6214012
          b:e:n 565.1064168
          b:e:w 550.7193021
          b:c:n 552.0255522
          b:c:w 565.1052182
          b:n:w 1209.5996368
          e:c:n 5349.5308927
          e:c:w 4306.0301264
          e:n:w 6030.1739978
          c:n:w 5272.9646792
        b:e:c:n 1154.2292150
        b:e:c:w 1012.9833148
        b:e:n:w 1514.2010720
        b:c:n:w 1279.0913997
        e:c:n:w 45402.2592947
