########################################
# legofit: estimate population history #
#       version 2.3.4-4-g53f8760       #
########################################

# Program was compiled: Sep 21 2021 14:36:42
# Program was run: Thu Sep 23 15:52:18 2021

# cmd: legofit -1 -d 0 -t 32 --ptsPerDim 3 --stateOut b1boot15.state --tol 3e-6 -S 5000 bcdf2.lgo ../../chrX/boot_chrX/boot15.opf
# Stage nOptItr nSimReps
#     0    5000        0
# algorithm          : deterministic
# ignoring probs <=  : 0
# Branch length floor: 0
# DE strategy        : 2
#    F               : 0.3
#    CR              : 0.8
#    tolerance       : 3e-06
# nthreads           : 32
# lgo input file     : bcdf2.lgo
# site pat input file: ../../chrX/boot_chrX/boot15.opf
# free parameters    : 16
# points in DE swarm : 48
# output state file  : b1boot15.state
# Including singleton site patterns.
# cost function      : KL
Initial parameter values
Fixed:
      zero = 0
       one = 1
    Tbecnw = 75200
Free:
       pc1 = 0
       pc2 = 0
       pc3 = 0
       pc4 = 0
       pc5 = 0
       pc6 = 0
       pc7 = 0
       pc8 = 0
       pc9 = 0
      pc10 = 0
      pc11 = 0
      pc12 = 0
      pc13 = 0
      pc14 = 0
      pc15 = 0
      pc16 = 0
Constrained:
     Tecnw = 33527.3
       Tnw = 8898.5
       Tec = 4633.12
     twoNb = 1.52711e+06
     twoNe = 10985.8
     twoNc = 378721
     twoNn = 276227
     twoNw = 835714
    twoNec = 151022
    twoNnw = 75384.6
  twoNecnw = 30547.3
  twoNbecnw = 49776.3
        m2 = 0.00787535
        m3 = 0.255352
        m4 = 0.020508
        m6 = 0.000392086
        Tb = 19080.2
        Tc = 4449.25
        Td = 2224.62
        Tf = 1112.31
DiffEv reached_goal. cost=2.49347e-03 spread=2.95591e-06
Fitted parameter values
Free:
       pc1 = 3.98178
       pc2 = -1.86417
       pc3 = 0.346739
       pc4 = 0.19298
       pc5 = -1.98181
       pc6 = -1.95029
       pc7 = -1.00191
       pc8 = 1.14664
       pc9 = 0.0785193
      pc10 = -1.99869
      pc11 = -0.146596
      pc12 = 0.969792
      pc13 = 0.541258
      pc14 = -0.200029
      pc15 = 0.0517827
      pc16 = 0.0129558
Constrained:
     Tecnw = 34074.6
       Tnw = 2095.02
       Tec = 1404.38
     twoNb = 2.63203e+06
     twoNe = 17281.6
     twoNc = 676251
     twoNn = 540000
     twoNw = 180230
    twoNec = 166448
    twoNnw = 111939
  twoNecnw = 30093.2
  twoNbecnw = 51140.3
        m2 = 0.0207716
        m3 = 0.243822
        m4 = 0.0195592
        m6 = 0.000661125
        Tb = 17739.5
        Tc = 1047.51
        Td = 523.755
        Tf = 261.878
#       SitePat  BranchLen
              b 118247.8947775
              e 44796.8503097
              c 45992.4912337
              n 41875.1368555
              w 44871.5280208
            b:e 1437.5167869
            b:c 1728.9973459
            b:n 1114.7101708
            b:w 1251.9487883
            e:c 11075.3368911
            e:n 4730.3825723
            e:w 3574.4892642
            c:n 4331.5350014
            c:w 3500.7042764
            n:w 12205.3065890
          b:e:c 1325.0044076
          b:e:n 620.9512220
          b:e:w 608.5087235
          b:c:n 610.2307335
          b:c:w 621.0333765
          b:n:w 1318.4191815
          e:c:n 5473.1633378
          e:c:w 4472.2429319
          e:n:w 6304.8254397
          c:n:w 5534.0675844
        b:e:c:n 1255.0163737
        b:e:c:w 1110.6708854
        b:e:n:w 1656.7493175
        b:c:n:w 1411.2140842
        e:c:n:w 45877.1577115
