########################################
# legofit: estimate population history #
#       version 2.3.4-4-g53f8760       #
########################################

# Program was compiled: Sep 21 2021 14:36:42
# Program was run: Thu Sep 23 15:52:11 2021

# cmd: legofit -1 -d 0 -t 32 --ptsPerDim 3 --stateOut b1boot11.state --tol 3e-6 -S 5000 bcdf2.lgo ../../chrX/boot_chrX/boot11.opf
# Stage nOptItr nSimReps
#     0    5000        0
# algorithm          : deterministic
# ignoring probs <=  : 0
# Branch length floor: 0
# DE strategy        : 2
#    F               : 0.3
#    CR              : 0.8
#    tolerance       : 3e-06
# nthreads           : 32
# lgo input file     : bcdf2.lgo
# site pat input file: ../../chrX/boot_chrX/boot11.opf
# free parameters    : 16
# points in DE swarm : 48
# output state file  : b1boot11.state
# Including singleton site patterns.
# cost function      : KL
Initial parameter values
Fixed:
      zero = 0
       one = 1
    Tbecnw = 75200
Free:
       pc1 = 0
       pc2 = 0
       pc3 = 0
       pc4 = 0
       pc5 = 0
       pc6 = 0
       pc7 = 0
       pc8 = 0
       pc9 = 0
      pc10 = 0
      pc11 = 0
      pc12 = 0
      pc13 = 0
      pc14 = 0
      pc15 = 0
      pc16 = 0
Constrained:
     Tecnw = 33527.3
       Tnw = 8898.5
       Tec = 4633.12
     twoNb = 1.52711e+06
     twoNe = 10985.8
     twoNc = 378721
     twoNn = 276227
     twoNw = 835714
    twoNec = 151022
    twoNnw = 75384.6
  twoNecnw = 30547.3
  twoNbecnw = 49776.3
        m2 = 0.00787535
        m3 = 0.255352
        m4 = 0.020508
        m6 = 0.000392086
        Tb = 19080.2
        Tc = 4449.25
        Td = 2224.62
        Tf = 1112.31
DiffEv reached_goal. cost=2.61765e-03 spread=2.96670e-06
Fitted parameter values
Free:
       pc1 = 3.99934
       pc2 = -1.94992
       pc3 = -1.90599
       pc4 = 0.313348
       pc5 = -1.97821
       pc6 = -1.99618
       pc7 = -1.1645
       pc8 = 0.897504
       pc9 = 1.73854
      pc10 = -1.90903
      pc11 = -1.68244
      pc12 = -0.597449
      pc13 = 0.251753
      pc14 = -0.554688
      pc15 = -0.424904
      pc16 = -0.0122959
Constrained:
     Tecnw = 34028.3
       Tnw = 1882.89
       Tec = 1060.4
     twoNb = 3.42757e+06
     twoNe = 7388.98
     twoNc = 907474
     twoNn = 250851
     twoNw = 1.54659e+06
    twoNec = 156531
    twoNnw = 105833
  twoNecnw = 29054.3
  twoNbecnw = 49929.2
        m2 = 0.0199009
        m3 = 0.248868
        m4 = 0.0189796
        m6 = 0.0011238
        Tb = 17544.3
        Tc = 941.445
        Td = 470.723
        Tf = 235.361
#       SitePat  BranchLen
              b 117649.6225928
              e 43840.8044917
              c 44961.3938408
              n 40951.7250175
              w 44106.3149080
            b:e 1324.6689896
            b:c 1594.3735570
            b:n 1024.3760327
            b:w 1164.4264077
            e:c 11208.1658303
            e:n 4548.1416640
            e:w 3376.4110293
            c:n 4208.7254323
            c:w 3303.2237145
            n:w 12250.3443349
          b:e:c 1252.1088963
          b:e:n 562.9468727
          b:e:w 553.3252114
          b:c:n 554.5718673
          b:c:w 562.9546786
          b:n:w 1247.2891792
          e:c:n 5373.9217431
          e:c:w 4303.0772505
          e:n:w 6080.5283762
          c:n:w 5337.3215063
        b:e:c:n 1166.5497763
        b:e:c:w 1021.2252058
        b:e:n:w 1541.1714965
        b:c:n:w 1305.4335348
        e:c:n:w 46371.9974651
