########################################
# legofit: estimate population history #
#       version 2.3.4-4-g53f8760       #
########################################

# Program was compiled: Sep 21 2021 14:36:42
# Program was run: Thu Sep 23 15:51:47 2021

# cmd: legofit -1 -d 0 -t 32 --ptsPerDim 3 --stateOut b1boot1.state --tol 3e-6 -S 5000 bcdf2.lgo ../../chrX/boot_chrX/boot1.opf
# Stage nOptItr nSimReps
#     0    5000        0
# algorithm          : deterministic
# ignoring probs <=  : 0
# Branch length floor: 0
# DE strategy        : 2
#    F               : 0.3
#    CR              : 0.8
#    tolerance       : 3e-06
# nthreads           : 32
# lgo input file     : bcdf2.lgo
# site pat input file: ../../chrX/boot_chrX/boot1.opf
# free parameters    : 16
# points in DE swarm : 48
# output state file  : b1boot1.state
# Including singleton site patterns.
# cost function      : KL
Initial parameter values
Fixed:
      zero = 0
       one = 1
    Tbecnw = 75200
Free:
       pc1 = 0
       pc2 = 0
       pc3 = 0
       pc4 = 0
       pc5 = 0
       pc6 = 0
       pc7 = 0
       pc8 = 0
       pc9 = 0
      pc10 = 0
      pc11 = 0
      pc12 = 0
      pc13 = 0
      pc14 = 0
      pc15 = 0
      pc16 = 0
Constrained:
     Tecnw = 33527.3
       Tnw = 8898.5
       Tec = 4633.12
     twoNb = 1.52711e+06
     twoNe = 10985.8
     twoNc = 378721
     twoNn = 276227
     twoNw = 835714
    twoNec = 151022
    twoNnw = 75384.6
  twoNecnw = 30547.3
  twoNbecnw = 49776.3
        m2 = 0.00787535
        m3 = 0.255352
        m4 = 0.020508
        m6 = 0.000392086
        Tb = 19080.2
        Tc = 4449.25
        Td = 2224.62
        Tf = 1112.31
DiffEv reached_goal. cost=2.69492e-03 spread=2.99730e-06
Fitted parameter values
Free:
       pc1 = 3.97286
       pc2 = -1.98723
       pc3 = -1.73511
       pc4 = 1.78637
       pc5 = -1.98586
       pc6 = -1.87532
       pc7 = -0.575317
       pc8 = -0.886105
       pc9 = 0.423855
      pc10 = -1.32618
      pc11 = -0.749687
      pc12 = -0.308039
      pc13 = 0.52197
      pc14 = -0.168523
      pc15 = -0.202796
      pc16 = -0.0437539
Constrained:
     Tecnw = 34269.4
       Tnw = 2526.93
       Tec = 1382.84
     twoNb = 3.25732e+06
     twoNe = 13154.7
     twoNc = 656271
     twoNn = 199262
     twoNw = 615414
    twoNec = 159080
    twoNnw = 104897
  twoNecnw = 29591.3
  twoNbecnw = 49994
        m2 = 0.0167394
        m3 = 0.251401
        m4 = 0.0234148
        m6 = 0.00193787
        Tb = 17826.1
        Tc = 1263.47
        Td = 631.733
        Tf = 315.867
#       SitePat  BranchLen
              b 117497.7734620
              e 44330.5054645
              c 45569.1219770
              n 41495.5694544
              w 44608.1780784
            b:e 1332.2860295
            b:c 1659.2771667
            b:n 1053.4244486
            b:w 1203.4976976
            e:c 11196.4029393
            e:n 4567.4467911
            e:w 3458.5973824
            c:n 4271.0736310
            c:w 3348.1117364
            n:w 12261.2073677
          b:e:c 1285.3113233
          b:e:n 582.9280059
          b:e:w 575.8643811
          b:c:n 577.2553637
          b:c:w 583.2860739
          b:n:w 1280.6313092
          e:c:n 5417.6830977
          e:c:w 4342.6730759
          e:n:w 6194.9737353
          c:n:w 5317.5613176
        b:e:c:n 1205.7241186
        b:e:c:w 1050.8964852
        b:e:n:w 1598.8996654
        b:c:n:w 1315.8141889
        e:c:n:w 45662.6772244
