########################################
# legofit: estimate population history #
#       version 2.3.4-4-g53f8760       #
########################################

# Program was compiled: Sep 21 2021 14:36:42
# Program was run: Thu Sep 23 15:52:28 2021

# cmd: legofit -1 -d 0 -t 32 --ptsPerDim 3 --stateOut b1boot20.state --tol 3e-6 -S 5000 bcdf2.lgo ../../chrX/boot_chrX/boot20.opf
# Stage nOptItr nSimReps
#     0    5000        0
# algorithm          : deterministic
# ignoring probs <=  : 0
# Branch length floor: 0
# DE strategy        : 2
#    F               : 0.3
#    CR              : 0.8
#    tolerance       : 3e-06
# nthreads           : 32
# lgo input file     : bcdf2.lgo
# site pat input file: ../../chrX/boot_chrX/boot20.opf
# free parameters    : 16
# points in DE swarm : 48
# output state file  : b1boot20.state
# Including singleton site patterns.
# cost function      : KL
Initial parameter values
Fixed:
      zero = 0
       one = 1
    Tbecnw = 75200
Free:
       pc1 = 0
       pc2 = 0
       pc3 = 0
       pc4 = 0
       pc5 = 0
       pc6 = 0
       pc7 = 0
       pc8 = 0
       pc9 = 0
      pc10 = 0
      pc11 = 0
      pc12 = 0
      pc13 = 0
      pc14 = 0
      pc15 = 0
      pc16 = 0
Constrained:
     Tecnw = 33527.3
       Tnw = 8898.5
       Tec = 4633.12
     twoNb = 1.52711e+06
     twoNe = 10985.8
     twoNc = 378721
     twoNn = 276227
     twoNw = 835714
    twoNec = 151022
    twoNnw = 75384.6
  twoNecnw = 30547.3
  twoNbecnw = 49776.3
        m2 = 0.00787535
        m3 = 0.255352
        m4 = 0.020508
        m6 = 0.000392086
        Tb = 19080.2
        Tc = 4449.25
        Td = 2224.62
        Tf = 1112.31
DiffEv reached_goal. cost=2.63120e-03 spread=2.59078e-06
Fitted parameter values
Free:
       pc1 = 3.98785
       pc2 = -1.95512
       pc3 = -1.9582
       pc4 = -2.22574
       pc5 = -1.97516
       pc6 = -1.9657
       pc7 = -0.313556
       pc8 = 0.638729
       pc9 = 1.98336
      pc10 = -1.9125
      pc11 = -1.28401
      pc12 = 0.234708
      pc13 = 0.358553
      pc14 = -0.0269349
      pc15 = -0.193647
      pc16 = -0.00512887
Constrained:
     Tecnw = 33857.9
       Tnw = 1932.43
       Tec = 996.88
     twoNb = 3.28328e+06
     twoNe = 1866.35
     twoNc = 169316
     twoNn = 437200
     twoNw = 1.61176e+06
    twoNec = 167489
    twoNnw = 107992
  twoNecnw = 29144.5
  twoNbecnw = 49306
        m2 = 0.022181
        m3 = 0.255537
        m4 = 0.0176829
        m6 = 0.000103986
        Tb = 17427.4
        Tc = 966.217
        Td = 483.108
        Tf = 241.554
#       SitePat  BranchLen
              b 117048.4477873
              e 44168.4484627
              c 45243.5573422
              n 41100.8386587
              w 44127.7864177
            b:e 1345.9772671
            b:c 1597.1660205
            b:n 1022.5039488
            b:w 1145.7352203
            e:c 10810.3917216
            e:n 4590.9483612
            e:w 3440.9702545
            c:n 4250.5032606
            c:w 3369.6282712
            n:w 11976.8360668
          b:e:c 1217.2188949
          b:e:n 567.5223710
          b:e:w 557.8103266
          b:c:n 559.1326445
          b:c:w 567.3966222
          b:n:w 1212.0040308
          e:c:n 5290.3889131
          e:c:w 4302.0329344
          e:n:w 6113.5272415
          c:n:w 5416.2107608
        b:e:c:n 1148.0515987
        b:e:c:w 1018.5297095
        b:e:n:w 1541.7408376
        b:c:n:w 1323.3502002
        e:c:n:w 45759.0285857
