########################################
# legofit: estimate population history #
#            version 2.3.3             #
########################################

# Program was compiled: Sep 12 2021 17:54:39
# Program was run: Fri Sep 17 17:14:18 2021

# cmd: legofit -1 -d 0 -t 56 --ptsPerDim 3 --stateOut b1.state --tol 3e-6 -S 5000 abcde2.lgo ../../pan.opf
# Stage nOptItr nSimReps
#     0    5000        0
# algorithm          : deterministic
# ignoring probs <=  : 0
# Branch length floor: 0
# DE strategy        : 2
#    F               : 0.3
#    CR              : 0.8
#    tolerance       : 3e-06
# nthreads           : 56
# lgo input file     : abcde2.lgo
# site pat input file: ../../pan.opf
# free parameters    : 19
# points in DE swarm : 57
# output state file  : b1.state
# Including singleton site patterns.
# cost function      : KL
Initial parameter values
Fixed:
      zero = 0
       one = 1
    Tbecnw = 75200
Free:
       pc1 = 0
       pc2 = 0
       pc3 = 0
       pc4 = 0
       pc5 = 0
       pc6 = 0
       pc7 = 0
       pc8 = 0
       pc9 = 0
      pc10 = 0
      pc11 = 0
      pc12 = 0
      pc13 = 0
      pc14 = 0
      pc15 = 0
      pc16 = 0
      pc17 = 0
      pc18 = 0
      pc19 = 0
Constrained:
   Tgbecnw = 125187
     Tecnw = 28336.5
       Tnw = 15896.7
       Tec = 14618.7
     twoNb = 884559
     twoNe = 180470
     twoNc = 1.21479e+06
     twoNn = 1.3692e+06
     twoNw = 8.0064e+06
    twoNec = 88320.6
    twoNnw = 40791.6
  twoNecnw = 71722.8
  twoNbecnw = 16915.7
  twoNgbecnw = 377762
         m = 0.0874615
        m2 = 0.0320076
        m3 = 0.263923
        m4 = 1.05247e-06
        m5 = 0.123813
        Tb = 21477.6
        Ta = 48338.8
        Tc = 7948.34
        Td = 3974.17
        Te = 1987.08
DiffEv reached_goal. cost=1.51799e-03 spread=2.98834e-06
Fitted parameter values
Free:
       pc1 = -3.61189
       pc2 = -3.99298
       pc3 = 1.72596
       pc4 = 1.13968
       pc5 = 1.69324
       pc6 = -1.40001
       pc7 = 1.62831
       pc8 = -0.125836
       pc9 = -1.25135
      pc10 = 0.220945
      pc11 = 1.08855
      pc12 = -0.247302
      pc13 = 0.396346
      pc14 = 0.292172
      pc15 = 0.0215176
      pc16 = -0.0112595
      pc17 = -0.0615807
      pc18 = -0.0421075
      pc19 = 0.0118081
Constrained:
   Tgbecnw = 93746.9
     Tecnw = 26021.4
       Tnw = 17901
       Tec = 14077.5
     twoNb = 532663
     twoNe = 131040
     twoNc = 645748
     twoNn = 308875
     twoNw = 1.45616e+07
    twoNec = 78810
    twoNnw = 25410.6
  twoNecnw = 71268.8
  twoNbecnw = 6516.32
  twoNgbecnw = 432187
         m = 0.0727797
        m2 = 0.0304268
        m3 = 0.269735
        m4 = 9.94263e-07
        m5 = 0.119816
        Tb = 20049.4
        Ta = 47624.7
        Tc = 8950.5
        Td = 4475.25
        Te = 2237.63
#       SitePat  BranchLen
              b 124621.1664196
              e 48553.2368496
              c 50851.6907720
              n 44680.0345896
              w 46907.4577256
            b:e 2161.0338950
            b:c 2421.7753033
            b:n 1639.4063045
            b:w 1777.2133687
            e:c 10349.3115556
            e:n 5851.0357931
            e:w 5159.3775210
            c:n 5309.2845698
            c:w 4445.5032919
            n:w 12508.2324523
          b:e:c 1991.7885253
          b:e:n 1037.0941476
          b:e:w 1069.1358432
          b:c:n 1062.0304617
          b:c:w 1063.6403484
          b:n:w 1975.1551527
          e:c:n 5012.8634674
          e:c:w 4198.0155968
          e:n:w 6418.4236048
          c:n:w 5439.0678672
        b:e:c:n 2029.0520107
        b:e:c:w 2000.4576919
        b:e:n:w 3212.8011548
        b:c:n:w 2869.1461764
        e:c:n:w 51887.2693202
