########################################
# legofit: estimate population history #
#            version 2.3.3             #
########################################

# Program was compiled: Sep 12 2021 17:54:39
# Program was run: Sat Sep 18 08:36:18 2021

# cmd: legofit -1 -d 0 -t 56 --ptsPerDim 3 --stateOut b1boot28.state --tol 3e-6 -S 5000 abcde2.lgo ../../boot/boot28.opf
# Stage nOptItr nSimReps
#     0    5000        0
# algorithm          : deterministic
# ignoring probs <=  : 0
# Branch length floor: 0
# DE strategy        : 2
#    F               : 0.3
#    CR              : 0.8
#    tolerance       : 3e-06
# nthreads           : 56
# lgo input file     : abcde2.lgo
# site pat input file: ../../boot/boot28.opf
# free parameters    : 19
# points in DE swarm : 57
# output state file  : b1boot28.state
# Including singleton site patterns.
# cost function      : KL
Initial parameter values
Fixed:
      zero = 0
       one = 1
    Tbecnw = 75200
Free:
       pc1 = 0
       pc2 = 0
       pc3 = 0
       pc4 = 0
       pc5 = 0
       pc6 = 0
       pc7 = 0
       pc8 = 0
       pc9 = 0
      pc10 = 0
      pc11 = 0
      pc12 = 0
      pc13 = 0
      pc14 = 0
      pc15 = 0
      pc16 = 0
      pc17 = 0
      pc18 = 0
      pc19 = 0
Constrained:
   Tgbecnw = 125187
     Tecnw = 28336.5
       Tnw = 15896.7
       Tec = 14618.7
     twoNb = 884559
     twoNe = 180470
     twoNc = 1.21479e+06
     twoNn = 1.3692e+06
     twoNw = 8.0064e+06
    twoNec = 88320.6
    twoNnw = 40791.6
  twoNecnw = 71722.8
  twoNbecnw = 16915.7
  twoNgbecnw = 377762
         m = 0.0874615
        m2 = 0.0320076
        m3 = 0.263923
        m4 = 1.05247e-06
        m5 = 0.123813
        Tb = 21477.6
        Ta = 48338.8
        Tc = 7948.34
        Td = 3974.17
        Te = 1987.08
DiffEv reached_goal. cost=1.52122e-03 spread=2.27503e-06
Fitted parameter values
Free:
       pc1 = -1.99091
       pc2 = -3.99487
       pc3 = 2.13305
       pc4 = -0.387592
       pc5 = -0.0391796
       pc6 = 0.543072
       pc7 = 0.762053
       pc8 = 0.733027
       pc9 = -1.72826
      pc10 = 1.82557
      pc11 = -0.497811
      pc12 = -0.0851553
      pc13 = -0.0982222
      pc14 = 0.20983
      pc15 = -0.0535274
      pc16 = -0.119116
      pc17 = -0.153927
      pc18 = -0.0350053
      pc19 = 0.0038502
Constrained:
   Tgbecnw = 94113.9
     Tecnw = 26772.3
       Tnw = 16362.5
       Tec = 13292.2
     twoNb = 600171
     twoNe = 131680
     twoNc = 1.98198e+06
     twoNn = 3.80211e+06
     twoNw = 1.50722e+07
    twoNec = 87523.6
    twoNnw = 33459
  twoNecnw = 69254.6
  twoNbecnw = 7073.68
  twoNgbecnw = 369900
         m = 0.0840086
        m2 = 0.0311519
        m3 = 0.2668
        m4 = 9.22267e-07
        m5 = 0.12719
        Tb = 20032.2
        Ta = 47616.1
        Tc = 8181.27
        Td = 4090.63
        Te = 2045.32
#       SitePat  BranchLen
              b 124807.5289513
              e 48672.9556055
              c 51090.3297223
              n 44902.9956307
              w 47128.8015379
            b:e 2174.9683639
            b:c 2447.6574393
            b:n 1666.8658146
            b:w 1804.9127251
            e:c 10367.9311215
            e:n 5889.9256021
            e:w 5215.3977261
            c:n 5328.5290840
            c:w 4442.9531086
            n:w 12508.9361443
          b:e:c 1997.6360197
          b:e:n 1049.5200053
          b:e:w 1084.5067265
          b:c:n 1077.3903612
          b:c:w 1075.8181446
          b:n:w 1985.6384832
          e:c:n 5066.5154967
          e:c:w 4258.6722912
          e:n:w 6467.3951757
          c:n:w 5451.6359688
        b:e:c:n 2048.8677552
        b:e:c:w 2019.5475484
        b:e:n:w 3229.2686974
        b:c:n:w 2869.6240466
        e:c:n:w 51796.6431839
