########################################
# legofit: estimate population history #
#            version 2.3.3             #
########################################

# Program was compiled: Sep 12 2021 17:54:39
# Program was run: Sat Sep 18 05:49:15 2021

# cmd: legofit -1 -d 0 -t 56 --ptsPerDim 3 --stateOut b1boot22.state --tol 3e-6 -S 5000 abcde2.lgo ../../boot/boot22.opf
# Stage nOptItr nSimReps
#     0    5000        0
# algorithm          : deterministic
# ignoring probs <=  : 0
# Branch length floor: 0
# DE strategy        : 2
#    F               : 0.3
#    CR              : 0.8
#    tolerance       : 3e-06
# nthreads           : 56
# lgo input file     : abcde2.lgo
# site pat input file: ../../boot/boot22.opf
# free parameters    : 19
# points in DE swarm : 57
# output state file  : b1boot22.state
# Including singleton site patterns.
# cost function      : KL
Initial parameter values
Fixed:
      zero = 0
       one = 1
    Tbecnw = 75200
Free:
       pc1 = 0
       pc2 = 0
       pc3 = 0
       pc4 = 0
       pc5 = 0
       pc6 = 0
       pc7 = 0
       pc8 = 0
       pc9 = 0
      pc10 = 0
      pc11 = 0
      pc12 = 0
      pc13 = 0
      pc14 = 0
      pc15 = 0
      pc16 = 0
      pc17 = 0
      pc18 = 0
      pc19 = 0
Constrained:
   Tgbecnw = 125187
     Tecnw = 28336.5
       Tnw = 15896.7
       Tec = 14618.7
     twoNb = 884559
     twoNe = 180470
     twoNc = 1.21479e+06
     twoNn = 1.3692e+06
     twoNw = 8.0064e+06
    twoNec = 88320.6
    twoNnw = 40791.6
  twoNecnw = 71722.8
  twoNbecnw = 16915.7
  twoNgbecnw = 377762
         m = 0.0874615
        m2 = 0.0320076
        m3 = 0.263923
        m4 = 1.05247e-06
        m5 = 0.123813
        Tb = 21477.6
        Ta = 48338.8
        Tc = 7948.34
        Td = 3974.17
        Te = 1987.08
DiffEv reached_goal. cost=1.51695e-03 spread=2.36943e-06
Fitted parameter values
Free:
       pc1 = -2.14845
       pc2 = -3.87374
       pc3 = 1.53196
       pc4 = 1.45719
       pc5 = 0.223712
       pc6 = -0.855806
       pc7 = 1.80958
       pc8 = -1.43754
       pc9 = -1.35526
      pc10 = 0.891997
      pc11 = 0.215482
      pc12 = -0.787413
      pc13 = 0.155096
      pc14 = 0.318575
      pc15 = -0.15695
      pc16 = -0.0797664
      pc17 = -0.101977
      pc18 = -0.00300139
      pc19 = 0.00644628
Constrained:
   Tgbecnw = 93655.9
     Tecnw = 26444.3
       Tnw = 16193.3
       Tec = 13246.9
     twoNb = 586348
     twoNe = 130039
     twoNc = 400767
     twoNn = 2.05661e+06
     twoNw = 8.07106e+06
    twoNec = 87032.8
    twoNnw = 33018.4
  twoNecnw = 69393.2
  twoNbecnw = 6666.67
  twoNgbecnw = 407879
         m = 0.0760383
        m2 = 0.0317538
        m3 = 0.271642
        m4 = 1.97836e-06
        m5 = 0.119737
        Tb = 19845.6
        Ta = 47522.8
        Tc = 8096.64
        Td = 4048.32
        Te = 2024.16
#       SitePat  BranchLen
              b 124596.7060908
              e 48544.1635876
              c 50859.1494663
              n 44698.0304510
              w 46949.6407520
            b:e 2178.7846938
            b:c 2437.9369977
            b:n 1663.4544406
            b:w 1801.7433632
            e:c 10328.8028163
            e:n 5899.2362807
            e:w 5185.7917215
            c:n 5335.4242791
            c:w 4462.8414249
            n:w 12478.2327910
          b:e:c 1991.5011806
          b:e:n 1050.9098512
          b:e:w 1082.5393389
          b:c:n 1074.8240794
          b:c:w 1077.9079988
          b:n:w 1978.5770472
          e:c:n 5062.8775112
          e:c:w 4246.8339792
          e:n:w 6418.6687512
          c:n:w 5456.7928525
        b:e:c:n 2050.1732048
        b:e:c:w 2027.6315694
        b:e:n:w 3245.4959508
        b:c:n:w 2900.7130558
        e:c:n:w 51845.4886240
