########################################
# legofit: estimate population history #
#            version 2.3.3             #
########################################

# Program was compiled: Sep 12 2021 17:54:39
# Program was run: Sat Sep 18 02:42:27 2021

# cmd: legofit -1 -d 0 -t 56 --ptsPerDim 3 --stateOut b1boot15.state --tol 3e-6 -S 5000 abcde2.lgo ../../boot/boot15.opf
# Stage nOptItr nSimReps
#     0    5000        0
# algorithm          : deterministic
# ignoring probs <=  : 0
# Branch length floor: 0
# DE strategy        : 2
#    F               : 0.3
#    CR              : 0.8
#    tolerance       : 3e-06
# nthreads           : 56
# lgo input file     : abcde2.lgo
# site pat input file: ../../boot/boot15.opf
# free parameters    : 19
# points in DE swarm : 57
# output state file  : b1boot15.state
# Including singleton site patterns.
# cost function      : KL
Initial parameter values
Fixed:
      zero = 0
       one = 1
    Tbecnw = 75200
Free:
       pc1 = 0
       pc2 = 0
       pc3 = 0
       pc4 = 0
       pc5 = 0
       pc6 = 0
       pc7 = 0
       pc8 = 0
       pc9 = 0
      pc10 = 0
      pc11 = 0
      pc12 = 0
      pc13 = 0
      pc14 = 0
      pc15 = 0
      pc16 = 0
      pc17 = 0
      pc18 = 0
      pc19 = 0
Constrained:
   Tgbecnw = 125187
     Tecnw = 28336.5
       Tnw = 15896.7
       Tec = 14618.7
     twoNb = 884559
     twoNe = 180470
     twoNc = 1.21479e+06
     twoNn = 1.3692e+06
     twoNw = 8.0064e+06
    twoNec = 88320.6
    twoNnw = 40791.6
  twoNecnw = 71722.8
  twoNbecnw = 16915.7
  twoNgbecnw = 377762
         m = 0.0874615
        m2 = 0.0320076
        m3 = 0.263923
        m4 = 1.05247e-06
        m5 = 0.123813
        Tb = 21477.6
        Ta = 48338.8
        Tc = 7948.34
        Td = 3974.17
        Te = 1987.08
DiffEv reached_goal. cost=1.51893e-03 spread=1.88576e-06
Fitted parameter values
Free:
       pc1 = -3.71414
       pc2 = -3.99702
       pc3 = 2.48933
       pc4 = 1.37738
       pc5 = -0.770592
       pc6 = 0.185436
       pc7 = 0.868773
       pc8 = 0.678078
       pc9 = -0.737065
      pc10 = 1.18619
      pc11 = 0.418904
      pc12 = -0.0986427
      pc13 = 0.0124136
      pc14 = 0.272863
      pc15 = -0.0282146
      pc16 = -0.0820935
      pc17 = -0.121968
      pc18 = -0.0505215
      pc19 = 0.0137651
Constrained:
   Tgbecnw = 93082.3
     Tecnw = 26177.3
       Tnw = 17762.3
       Tec = 14243.8
     twoNb = 602869
     twoNe = 145799
     twoNc = 2.77714e+06
     twoNn = 3.72831e+06
     twoNw = 6.72437e+06
    twoNec = 77667.5
    twoNnw = 26176.6
  twoNecnw = 70681.7
  twoNbecnw = 6469.76
  twoNgbecnw = 400132
         m = 0.0783087
        m2 = 0.0306296
        m3 = 0.272405
        m4 = 1.15994e-06
        m5 = 0.122544
        Tb = 20210.6
        Ta = 47705.3
        Tc = 8881.16
        Td = 4440.58
        Te = 2220.29
#       SitePat  BranchLen
              b 124497.6407911
              e 48518.0984562
              c 50849.1060487
              n 44671.2520623
              w 46894.1037684
            b:e 2142.1147954
            b:c 2405.0635545
            b:n 1633.3316960
            b:w 1774.1003511
            e:c 10342.5936844
            e:n 5829.3479320
            e:w 5170.2174569
            c:n 5312.2720995
            c:w 4421.2536716
            n:w 12490.3042829
          b:e:c 1982.4478971
          b:e:n 1030.3889738
          b:e:w 1067.0694866
          b:c:n 1059.2262442
          b:c:w 1057.1809011
          b:n:w 1969.9916513
          e:c:n 5024.2313745
          e:c:w 4202.7068034
          e:n:w 6427.2374442
          c:n:w 5429.2342905
        b:e:c:n 2020.3627679
        b:e:c:w 1993.7807623
        b:e:n:w 3202.2794141
        b:c:n:w 2853.4171270
        e:c:n:w 51735.5193680
