########################################
# legofit: estimate population history #
#            version 2.3.3             #
########################################

# Program was compiled: Sep 12 2021 17:54:39
# Program was run: Fri Sep 17 21:13:09 2021

# cmd: legofit -1 -d 0 -t 56 --ptsPerDim 3 --stateOut b1boot5.state --tol 3e-6 -S 5000 abcde2.lgo ../../boot/boot5.opf
# Stage nOptItr nSimReps
#     0    5000        0
# algorithm          : deterministic
# ignoring probs <=  : 0
# Branch length floor: 0
# DE strategy        : 2
#    F               : 0.3
#    CR              : 0.8
#    tolerance       : 3e-06
# nthreads           : 56
# lgo input file     : abcde2.lgo
# site pat input file: ../../boot/boot5.opf
# free parameters    : 19
# points in DE swarm : 57
# output state file  : b1boot5.state
# Including singleton site patterns.
# cost function      : KL
Initial parameter values
Fixed:
      zero = 0
       one = 1
    Tbecnw = 75200
Free:
       pc1 = 0
       pc2 = 0
       pc3 = 0
       pc4 = 0
       pc5 = 0
       pc6 = 0
       pc7 = 0
       pc8 = 0
       pc9 = 0
      pc10 = 0
      pc11 = 0
      pc12 = 0
      pc13 = 0
      pc14 = 0
      pc15 = 0
      pc16 = 0
      pc17 = 0
      pc18 = 0
      pc19 = 0
Constrained:
   Tgbecnw = 125187
     Tecnw = 28336.5
       Tnw = 15896.7
       Tec = 14618.7
     twoNb = 884559
     twoNe = 180470
     twoNc = 1.21479e+06
     twoNn = 1.3692e+06
     twoNw = 8.0064e+06
    twoNec = 88320.6
    twoNnw = 40791.6
  twoNecnw = 71722.8
  twoNbecnw = 16915.7
  twoNgbecnw = 377762
         m = 0.0874615
        m2 = 0.0320076
        m3 = 0.263923
        m4 = 1.05247e-06
        m5 = 0.123813
        Tb = 21477.6
        Ta = 48338.8
        Tc = 7948.34
        Td = 3974.17
        Te = 1987.08
DiffEv reached_goal. cost=1.52563e-03 spread=2.04646e-06
Fitted parameter values
Free:
       pc1 = -3.72085
       pc2 = -3.86327
       pc3 = 2.62422
       pc4 = 1.62522
       pc5 = -0.407825
       pc6 = 0.965634
       pc7 = 0.792716
       pc8 = 0.653471
       pc9 = -1.60687
      pc10 = 0.400692
      pc11 = 1.50088
      pc12 = -0.69742
      pc13 = 0.0698469
      pc14 = 0.319507
      pc15 = 0.0826195
      pc16 = 0.0124139
      pc17 = -0.0898859
      pc18 = -0.0655369
      pc19 = -0.00259198
Constrained:
   Tgbecnw = 93743.3
     Tecnw = 26009.2
       Tnw = 17880.1
       Tec = 14006.5
     twoNb = 590023
     twoNe = 140459
     twoNc = 3.42694e+06
     twoNn = 3.52718e+06
     twoNw = 1.3073e+07
    twoNec = 79347.6
    twoNnw = 25587.7
  twoNecnw = 71666.7
  twoNbecnw = 6663.85
  twoNgbecnw = 403537
         m = 0.0785531
        m2 = 0.030901
        m3 = 0.267212
        m4 = 2.33277e-06
        m5 = 0.119581
        Tb = 20007.8
        Ta = 47603.9
        Tc = 8940.05
        Td = 4470.02
        Te = 2235.01
#       SitePat  BranchLen
              b 124798.8965558
              e 48698.5340869
              c 50966.7036374
              n 44802.9320791
              w 46978.8944870
            b:e 2158.8223592
            b:c 2415.3308991
            b:n 1639.6349154
            b:w 1774.3398148
            e:c 10380.5500940
            e:n 5834.0445307
            e:w 5172.7313305
            c:n 5320.4499778
            c:w 4454.2729033
            n:w 12544.2050311
          b:e:c 1989.7741372
          b:e:n 1035.0113650
          b:e:w 1069.3625612
          b:c:n 1061.6562194
          b:c:w 1061.3853688
          b:n:w 1976.5060376
          e:c:n 5005.0277680
          e:c:w 4208.3070209
          e:n:w 6422.0704206
          c:n:w 5452.3291702
        b:e:c:n 2023.8977105
        b:e:c:w 2003.3611301
        b:e:n:w 3225.2809478
        b:c:n:w 2883.7294040
        e:c:n:w 51890.2141688
