########################################
# legofit: estimate population history #
#            version 2.3.3             #
########################################

# Program was compiled: Sep 12 2021 17:54:39
# Program was run: Sat Sep 18 00:16:29 2021

# cmd: legofit -1 -d 0 -t 56 --ptsPerDim 3 --stateOut b1boot11.state --tol 3e-6 -S 5000 abcde2.lgo ../../boot/boot11.opf
# Stage nOptItr nSimReps
#     0    5000        0
# algorithm          : deterministic
# ignoring probs <=  : 0
# Branch length floor: 0
# DE strategy        : 2
#    F               : 0.3
#    CR              : 0.8
#    tolerance       : 3e-06
# nthreads           : 56
# lgo input file     : abcde2.lgo
# site pat input file: ../../boot/boot11.opf
# free parameters    : 19
# points in DE swarm : 57
# output state file  : b1boot11.state
# Including singleton site patterns.
# cost function      : KL
Initial parameter values
Fixed:
      zero = 0
       one = 1
    Tbecnw = 75200
Free:
       pc1 = 0
       pc2 = 0
       pc3 = 0
       pc4 = 0
       pc5 = 0
       pc6 = 0
       pc7 = 0
       pc8 = 0
       pc9 = 0
      pc10 = 0
      pc11 = 0
      pc12 = 0
      pc13 = 0
      pc14 = 0
      pc15 = 0
      pc16 = 0
      pc17 = 0
      pc18 = 0
      pc19 = 0
Constrained:
   Tgbecnw = 125187
     Tecnw = 28336.5
       Tnw = 15896.7
       Tec = 14618.7
     twoNb = 884559
     twoNe = 180470
     twoNc = 1.21479e+06
     twoNn = 1.3692e+06
     twoNw = 8.0064e+06
    twoNec = 88320.6
    twoNnw = 40791.6
  twoNecnw = 71722.8
  twoNbecnw = 16915.7
  twoNgbecnw = 377762
         m = 0.0874615
        m2 = 0.0320076
        m3 = 0.263923
        m4 = 1.05247e-06
        m5 = 0.123813
        Tb = 21477.6
        Ta = 48338.8
        Tc = 7948.34
        Td = 3974.17
        Te = 1987.08
DiffEv reached_goal. cost=1.54477e-03 spread=2.67016e-06
Fitted parameter values
Free:
       pc1 = -1.12678
       pc2 = -3.87031
       pc3 = 2.21694
       pc4 = 1.36684
       pc5 = -0.801344
       pc6 = -0.0292941
       pc7 = 0.0245505
       pc8 = -0.280831
       pc9 = -1.45442
      pc10 = 1.70942
      pc11 = -0.707095
      pc12 = -0.25766
      pc13 = -0.355378
      pc14 = 0.119084
      pc15 = -0.0923275
      pc16 = -0.081824
      pc17 = -0.0740746
      pc18 = -0.0228688
      pc19 = 0.0196644
Constrained:
   Tgbecnw = 98274.2
     Tecnw = 27160.5
       Tnw = 16168.7
       Tec = 12259.1
     twoNb = 584931
     twoNe = 105971
     twoNc = 1.6612e+06
     twoNn = 5.25151e+06
     twoNw = 7.55509e+06
    twoNec = 97347.4
    twoNnw = 35517
  twoNecnw = 68336.6
  twoNbecnw = 8392.52
  twoNgbecnw = 389369
         m = 0.0791429
        m2 = 0.0315354
        m3 = 0.270631
        m4 = 5.77025e-07
        m5 = 0.1231
        Tb = 19709.8
        Ta = 47454.9
        Tc = 8084.33
        Td = 4042.17
        Te = 2021.08
#       SitePat  BranchLen
              b 125458.3257840
              e 48870.1162781
              c 51244.0128635
              n 45117.4688650
              w 47419.5717557
            b:e 2197.4141042
            b:c 2464.5818269
            b:n 1682.8803267
            b:w 1822.5412065
            e:c 10437.6127459
            e:n 5939.4100292
            e:w 5217.0996533
            c:n 5369.9102814
            c:w 4466.6337367
            n:w 12508.8013489
          b:e:c 2004.3612880
          b:e:n 1058.4891203
          b:e:w 1091.6102854
          b:c:n 1084.1112964
          b:c:w 1084.7602862
          b:n:w 1993.2107380
          e:c:n 5114.3937691
          e:c:w 4291.3797365
          e:n:w 6479.1295897
          c:n:w 5491.8426697
        b:e:c:n 2061.3677278
        b:e:c:w 2034.4348090
        b:e:n:w 3248.3874154
        b:c:n:w 2895.8034915
        e:c:n:w 52137.0733673
