########################################
# legofit: estimate population history #
#            version 2.3.3             #
########################################

# Program was compiled: Sep 12 2021 17:54:39
# Program was run: Sat Sep 18 22:00:37 2021

# cmd: legofit -1 -d 0 -t 56 --ptsPerDim 3 --stateOut b1boot43.state --tol 3e-6 -S 5000 abcde2.lgo ../../boot/boot43.opf
# Stage nOptItr nSimReps
#     0    5000        0
# algorithm          : deterministic
# ignoring probs <=  : 0
# Branch length floor: 0
# DE strategy        : 2
#    F               : 0.3
#    CR              : 0.8
#    tolerance       : 3e-06
# nthreads           : 56
# lgo input file     : abcde2.lgo
# site pat input file: ../../boot/boot43.opf
# free parameters    : 19
# points in DE swarm : 57
# output state file  : b1boot43.state
# Including singleton site patterns.
# cost function      : KL
Initial parameter values
Fixed:
      zero = 0
       one = 1
    Tbecnw = 75200
Free:
       pc1 = 0
       pc2 = 0
       pc3 = 0
       pc4 = 0
       pc5 = 0
       pc6 = 0
       pc7 = 0
       pc8 = 0
       pc9 = 0
      pc10 = 0
      pc11 = 0
      pc12 = 0
      pc13 = 0
      pc14 = 0
      pc15 = 0
      pc16 = 0
      pc17 = 0
      pc18 = 0
      pc19 = 0
Constrained:
   Tgbecnw = 125187
     Tecnw = 28336.5
       Tnw = 15896.7
       Tec = 14618.7
     twoNb = 884559
     twoNe = 180470
     twoNc = 1.21479e+06
     twoNn = 1.3692e+06
     twoNw = 8.0064e+06
    twoNec = 88320.6
    twoNnw = 40791.6
  twoNecnw = 71722.8
  twoNbecnw = 16915.7
  twoNgbecnw = 377762
         m = 0.0874615
        m2 = 0.0320076
        m3 = 0.263923
        m4 = 1.05247e-06
        m5 = 0.123813
        Tb = 21477.6
        Ta = 48338.8
        Tc = 7948.34
        Td = 3974.17
        Te = 1987.08
DiffEv reached_goal. cost=1.55403e-03 spread=2.71966e-06
Fitted parameter values
Free:
       pc1 = -2.27242
       pc2 = -3.93134
       pc3 = 1.6893
       pc4 = 0.817235
       pc5 = 0.379025
       pc6 = 0.940962
       pc7 = 1.82365
       pc8 = 0.476333
       pc9 = -0.893208
      pc10 = 1.19149
      pc11 = 0.931234
      pc12 = 0.350679
      pc13 = 0.33421
      pc14 = 0.202232
      pc15 = -0.138406
      pc16 = 0.027881
      pc17 = -0.0573679
      pc18 = -0.0353553
      pc19 = 0.000518573
Constrained:
   Tgbecnw = 95213
     Tecnw = 26793.5
       Tnw = 16303.1
       Tec = 14080.9
     twoNb = 651991
     twoNe = 154050
     twoNc = 2.55042e+06
     twoNn = 1.73169e+06
     twoNw = 1.43065e+07
    twoNec = 82420.8
    twoNnw = 33429.9
  twoNecnw = 69421.1
  twoNbecnw = 7222.84
  twoNgbecnw = 402684
         m = 0.0769531
        m2 = 0.0306934
        m3 = 0.274005
        m4 = 2.71437e-06
        m5 = 0.123337
        Tb = 20437.2
        Ta = 47818.6
        Tc = 8151.56
        Td = 4075.78
        Te = 2037.89
#       SitePat  BranchLen
              b 124847.9051588
              e 48754.5043438
              c 51122.0737933
              n 44927.7936759
              w 47201.7402373
            b:e 2154.1239012
            b:c 2416.6795805
            b:n 1660.2545120
            b:w 1809.5063351
            e:c 10330.8718072
            e:n 5888.0429259
            e:w 5194.4485414
            c:n 5333.5831071
            c:w 4437.7819978
            n:w 12497.0548944
          b:e:c 1993.4040433
          b:e:n 1048.5318397
          b:e:w 1084.0755879
          b:c:n 1075.6799481
          b:c:w 1075.9514384
          b:n:w 1984.3924377
          e:c:n 5079.0750444
          e:c:w 4240.8462837
          e:n:w 6411.4637584
          c:n:w 5424.2338580
        b:e:c:n 2053.6761790
        b:e:c:w 2022.2868606
        b:e:n:w 3222.3618902
        b:c:n:w 2871.5690436
        e:c:n:w 51842.6859469
