########################################
# legofit: estimate population history #
#            version 2.3.3             #
########################################

# Program was compiled: Sep 12 2021 17:54:39
# Program was run: Sat Sep 18 19:55:06 2021

# cmd: legofit -1 -d 0 -t 56 --ptsPerDim 3 --stateOut b1boot42.state --tol 3e-6 -S 5000 abcde2.lgo ../../boot/boot42.opf
# Stage nOptItr nSimReps
#     0    5000        0
# algorithm          : deterministic
# ignoring probs <=  : 0
# Branch length floor: 0
# DE strategy        : 2
#    F               : 0.3
#    CR              : 0.8
#    tolerance       : 3e-06
# nthreads           : 56
# lgo input file     : abcde2.lgo
# site pat input file: ../../boot/boot42.opf
# free parameters    : 19
# points in DE swarm : 57
# output state file  : b1boot42.state
# Including singleton site patterns.
# cost function      : KL
Initial parameter values
Fixed:
      zero = 0
       one = 1
    Tbecnw = 75200
Free:
       pc1 = 0
       pc2 = 0
       pc3 = 0
       pc4 = 0
       pc5 = 0
       pc6 = 0
       pc7 = 0
       pc8 = 0
       pc9 = 0
      pc10 = 0
      pc11 = 0
      pc12 = 0
      pc13 = 0
      pc14 = 0
      pc15 = 0
      pc16 = 0
      pc17 = 0
      pc18 = 0
      pc19 = 0
Constrained:
   Tgbecnw = 125187
     Tecnw = 28336.5
       Tnw = 15896.7
       Tec = 14618.7
     twoNb = 884559
     twoNe = 180470
     twoNc = 1.21479e+06
     twoNn = 1.3692e+06
     twoNw = 8.0064e+06
    twoNec = 88320.6
    twoNnw = 40791.6
  twoNecnw = 71722.8
  twoNbecnw = 16915.7
  twoNgbecnw = 377762
         m = 0.0874615
        m2 = 0.0320076
        m3 = 0.263923
        m4 = 1.05247e-06
        m5 = 0.123813
        Tb = 21477.6
        Ta = 48338.8
        Tc = 7948.34
        Td = 3974.17
        Te = 1987.08
DiffEv reached_goal. cost=1.51661e-03 spread=2.70648e-06
Fitted parameter values
Free:
       pc1 = -1.50469
       pc2 = -3.98131
       pc3 = 1.71003
       pc4 = 0.248357
       pc5 = 0.854959
       pc6 = -0.133342
       pc7 = 1.60945
       pc8 = 0.566234
       pc9 = -1.77396
      pc10 = 1.47521
      pc11 = -0.438172
      pc12 = -0.534366
      pc13 = -0.4271
      pc14 = 0.256317
      pc15 = 0.14499
      pc16 = -0.037114
      pc17 = -0.153758
      pc18 = -0.0603717
      pc19 = 0.0377663
Constrained:
   Tgbecnw = 94650.4
     Tecnw = 26907.6
       Tnw = 16839.8
       Tec = 12761.6
     twoNb = 761736
     twoNe = 119573
     twoNc = 1.3179e+06
     twoNn = 2.02722e+06
     twoNw = 1.65387e+07
    twoNec = 91171.6
    twoNnw = 31775.6
  twoNecnw = 67935.3
  twoNbecnw = 7118.34
  twoNgbecnw = 388087
         m = 0.0792523
        m2 = 0.0316977
        m3 = 0.268959
        m4 = 8.83306e-07
        m5 = 0.12541
        Tb = 19834.6
        Ta = 47517.3
        Tc = 8419.92
        Td = 4209.96
        Te = 2104.98
#       SitePat  BranchLen
              b 124660.4656638
              e 48537.5524165
              c 50906.8279932
              n 44746.5860253
              w 46974.0346844
            b:e 2128.4104749
            b:c 2391.7917747
            b:n 1633.1317346
            b:w 1774.8102494
            e:c 10370.6021596
            e:n 5823.4616611
            e:w 5153.4630920
            c:n 5296.3641215
            c:w 4390.1019327
            n:w 12451.4406422
          b:e:c 1969.8513655
          b:e:n 1027.0475784
          b:e:w 1064.9183276
          b:c:n 1056.1314275
          b:c:w 1054.0865267
          b:n:w 1964.4997655
          e:c:n 5038.1114674
          e:c:w 4226.8774357
          e:n:w 6437.8954918
          c:n:w 5433.7180821
        b:e:c:n 2007.5277737
        b:e:c:w 1990.0695953
        b:e:n:w 3216.1460280
        b:c:n:w 2859.8731875
        e:c:n:w 51806.8268223
