########################################
# legofit: estimate population history #
#            version 2.3.3             #
########################################

# Program was compiled: Sep 12 2021 17:54:39
# Program was run: Sat Sep 18 04:51:21 2021

# cmd: legofit -1 -d 0 -t 56 --ptsPerDim 3 --stateOut b1boot20.state --tol 3e-6 -S 5000 abcde2.lgo ../../boot/boot20.opf
# Stage nOptItr nSimReps
#     0    5000        0
# algorithm          : deterministic
# ignoring probs <=  : 0
# Branch length floor: 0
# DE strategy        : 2
#    F               : 0.3
#    CR              : 0.8
#    tolerance       : 3e-06
# nthreads           : 56
# lgo input file     : abcde2.lgo
# site pat input file: ../../boot/boot20.opf
# free parameters    : 19
# points in DE swarm : 57
# output state file  : b1boot20.state
# Including singleton site patterns.
# cost function      : KL
Initial parameter values
Fixed:
      zero = 0
       one = 1
    Tbecnw = 75200
Free:
       pc1 = 0
       pc2 = 0
       pc3 = 0
       pc4 = 0
       pc5 = 0
       pc6 = 0
       pc7 = 0
       pc8 = 0
       pc9 = 0
      pc10 = 0
      pc11 = 0
      pc12 = 0
      pc13 = 0
      pc14 = 0
      pc15 = 0
      pc16 = 0
      pc17 = 0
      pc18 = 0
      pc19 = 0
Constrained:
   Tgbecnw = 125187
     Tecnw = 28336.5
       Tnw = 15896.7
       Tec = 14618.7
     twoNb = 884559
     twoNe = 180470
     twoNc = 1.21479e+06
     twoNn = 1.3692e+06
     twoNw = 8.0064e+06
    twoNec = 88320.6
    twoNnw = 40791.6
  twoNecnw = 71722.8
  twoNbecnw = 16915.7
  twoNgbecnw = 377762
         m = 0.0874615
        m2 = 0.0320076
        m3 = 0.263923
        m4 = 1.05247e-06
        m5 = 0.123813
        Tb = 21477.6
        Ta = 48338.8
        Tc = 7948.34
        Td = 3974.17
        Te = 1987.08
DiffEv reached_goal. cost=1.51636e-03 spread=2.97082e-06
Fitted parameter values
Free:
       pc1 = -0.788911
       pc2 = -3.93303
       pc3 = 2.19196
       pc4 = 1.81564
       pc5 = -0.494095
       pc6 = 0.0111598
       pc7 = 1.47024
       pc8 = -0.358993
       pc9 = -1.98397
      pc10 = 1.60263
      pc11 = -0.0287412
      pc12 = -0.353922
      pc13 = -0.194626
      pc14 = 0.395291
      pc15 = 0.161311
      pc16 = -0.0622821
      pc17 = -0.150126
      pc18 = -0.0647578
      pc19 = 0.0192423
Constrained:
   Tgbecnw = 94302.2
     Tecnw = 27075.3
       Tnw = 15836
       Tec = 11815.1
     twoNb = 818593
     twoNe = 122053
     twoNc = 1.77855e+06
     twoNn = 3.65695e+06
     twoNw = 1.1341e+07
    twoNec = 99896.6
    twoNnw = 35764.6
  twoNecnw = 67365.3
  twoNbecnw = 7081.68
  twoNgbecnw = 378170
         m = 0.081184
        m2 = 0.0319231
        m3 = 0.274991
        m4 = 1.21525e-06
        m5 = 0.120794
        Tb = 19445.2
        Ta = 47322.6
        Tc = 7918.01
        Td = 3959
        Te = 1979.5
#       SitePat  BranchLen
              b 124675.0274083
              e 48603.6084318
              c 50876.5913703
              n 44767.0343394
              w 47013.2394817
            b:e 2139.7355856
            b:c 2390.2555199
            b:n 1644.6949096
            b:w 1785.1802416
            e:c 10373.9361477
            e:n 5830.0498212
            e:w 5159.6701108
            c:n 5339.1732109
            c:w 4404.5505048
            n:w 12458.6673782
          b:e:c 1968.1598171
          b:e:n 1033.3958656
          b:e:w 1073.0899603
          b:c:n 1063.6065013
          b:c:w 1059.9241573
          b:n:w 1964.0231065
          e:c:n 5049.6487846
          e:c:w 4242.6107281
          e:n:w 6404.6971181
          c:n:w 5450.5750429
        b:e:c:n 2017.7692045
        b:e:c:w 2007.1075111
        b:e:n:w 3220.5733686
        b:c:n:w 2880.1439300
        e:c:n:w 51798.6348627
