########################################
# legofit: estimate population history #
#            version 2.3.3             #
########################################

# Program was compiled: Sep 12 2021 17:54:39
# Program was run: Sat Sep 18 02:19:19 2021

# cmd: legofit -1 -d 0 -t 56 --ptsPerDim 3 --stateOut b1boot14.state --tol 3e-6 -S 5000 abcde2.lgo ../../boot/boot14.opf
# Stage nOptItr nSimReps
#     0    5000        0
# algorithm          : deterministic
# ignoring probs <=  : 0
# Branch length floor: 0
# DE strategy        : 2
#    F               : 0.3
#    CR              : 0.8
#    tolerance       : 3e-06
# nthreads           : 56
# lgo input file     : abcde2.lgo
# site pat input file: ../../boot/boot14.opf
# free parameters    : 19
# points in DE swarm : 57
# output state file  : b1boot14.state
# Including singleton site patterns.
# cost function      : KL
Initial parameter values
Fixed:
      zero = 0
       one = 1
    Tbecnw = 75200
Free:
       pc1 = 0
       pc2 = 0
       pc3 = 0
       pc4 = 0
       pc5 = 0
       pc6 = 0
       pc7 = 0
       pc8 = 0
       pc9 = 0
      pc10 = 0
      pc11 = 0
      pc12 = 0
      pc13 = 0
      pc14 = 0
      pc15 = 0
      pc16 = 0
      pc17 = 0
      pc18 = 0
      pc19 = 0
Constrained:
   Tgbecnw = 125187
     Tecnw = 28336.5
       Tnw = 15896.7
       Tec = 14618.7
     twoNb = 884559
     twoNe = 180470
     twoNc = 1.21479e+06
     twoNn = 1.3692e+06
     twoNw = 8.0064e+06
    twoNec = 88320.6
    twoNnw = 40791.6
  twoNecnw = 71722.8
  twoNbecnw = 16915.7
  twoNgbecnw = 377762
         m = 0.0874615
        m2 = 0.0320076
        m3 = 0.263923
        m4 = 1.05247e-06
        m5 = 0.123813
        Tb = 21477.6
        Ta = 48338.8
        Tc = 7948.34
        Td = 3974.17
        Te = 1987.08
DiffEv reached_goal. cost=1.50195e-03 spread=2.61324e-06
Fitted parameter values
Free:
       pc1 = -2.76991
       pc2 = -3.99088
       pc3 = 1.69488
       pc4 = 1.89564
       pc5 = 1.08155
       pc6 = 0.359264
       pc7 = 1.67875
       pc8 = 0.8796
       pc9 = -1.77939
      pc10 = 0.59207
      pc11 = 1.56854
      pc12 = 0.00748205
      pc13 = 0.459568
      pc14 = 0.298311
      pc15 = 0.21923
      pc16 = 0.0484111
      pc17 = -0.0313759
      pc18 = -0.0641126
      pc19 = -0.0107518
Constrained:
   Tgbecnw = 95197.9
     Tecnw = 26415.3
       Tnw = 17284.7
       Tec = 13540.4
     twoNb = 575712
     twoNe = 145969
     twoNc = 2.63835e+06
     twoNn = 1.25465e+06
     twoNw = 1.9498e+07
    twoNec = 85125.7
    twoNnw = 28535.4
  twoNecnw = 70189.2
  twoNbecnw = 7033.93
  twoNgbecnw = 431693
         m = 0.0725492
        m2 = 0.0307761
        m3 = 0.274602
        m4 = 1.70541e-06
        m5 = 0.11964
        Tb = 19977.9
        Ta = 47588.9
        Tc = 8642.34
        Td = 4321.17
        Te = 2160.58
#       SitePat  BranchLen
              b 125005.4294569
              e 48721.6528418
              c 50984.2999040
              n 44815.5525569
              w 47037.5988806
            b:e 2176.0905081
            b:c 2433.3029831
            b:n 1656.3842877
            b:w 1794.4693753
            e:c 10363.4348297
            e:n 5838.5366423
            e:w 5177.7667285
            c:n 5344.0310918
            c:w 4441.8386762
            n:w 12527.9597415
          b:e:c 2002.0495398
          b:e:n 1044.2258080
          b:e:w 1081.5110199
          b:c:n 1073.6263060
          b:c:w 1070.4350429
          b:n:w 1988.0747947
          e:c:n 5033.9424472
          e:c:w 4223.4630432
          e:n:w 6431.0338485
          c:n:w 5464.8038288
        b:e:c:n 2042.9384282
        b:e:c:w 2022.1548458
        b:e:n:w 3239.2112996
        b:c:n:w 2897.6908455
        e:c:n:w 52129.5828861
