########################################
# legofit: estimate population history #
#            version 2.3.3             #
########################################

# Program was compiled: Sep 12 2021 17:54:39
# Program was run: Sat Sep 18 03:28:04 2021

# cmd: legofit -1 -d 0 -t 56 --ptsPerDim 3 --stateOut b1boot17.state --tol 3e-6 -S 5000 abcde2.lgo ../../boot/boot17.opf
# Stage nOptItr nSimReps
#     0    5000        0
# algorithm          : deterministic
# ignoring probs <=  : 0
# Branch length floor: 0
# DE strategy        : 2
#    F               : 0.3
#    CR              : 0.8
#    tolerance       : 3e-06
# nthreads           : 56
# lgo input file     : abcde2.lgo
# site pat input file: ../../boot/boot17.opf
# free parameters    : 19
# points in DE swarm : 57
# output state file  : b1boot17.state
# Including singleton site patterns.
# cost function      : KL
Initial parameter values
Fixed:
      zero = 0
       one = 1
    Tbecnw = 75200
Free:
       pc1 = 0
       pc2 = 0
       pc3 = 0
       pc4 = 0
       pc5 = 0
       pc6 = 0
       pc7 = 0
       pc8 = 0
       pc9 = 0
      pc10 = 0
      pc11 = 0
      pc12 = 0
      pc13 = 0
      pc14 = 0
      pc15 = 0
      pc16 = 0
      pc17 = 0
      pc18 = 0
      pc19 = 0
Constrained:
   Tgbecnw = 125187
     Tecnw = 28336.5
       Tnw = 15896.7
       Tec = 14618.7
     twoNb = 884559
     twoNe = 180470
     twoNc = 1.21479e+06
     twoNn = 1.3692e+06
     twoNw = 8.0064e+06
    twoNec = 88320.6
    twoNnw = 40791.6
  twoNecnw = 71722.8
  twoNbecnw = 16915.7
  twoNgbecnw = 377762
         m = 0.0874615
        m2 = 0.0320076
        m3 = 0.263923
        m4 = 1.05247e-06
        m5 = 0.123813
        Tb = 21477.6
        Ta = 48338.8
        Tc = 7948.34
        Td = 3974.17
        Te = 1987.08
DiffEv reached_goal. cost=1.51860e-03 spread=2.78922e-06
Fitted parameter values
Free:
       pc1 = -3.10605
       pc2 = -3.98861
       pc3 = 2.3371
       pc4 = 1.14877
       pc5 = 0.176628
       pc6 = -0.0531119
       pc7 = 0.612079
       pc8 = 0.524379
       pc9 = -1.72454
      pc10 = 1.323
      pc11 = 0.48796
      pc12 = -0.102078
      pc13 = -0.316813
      pc14 = 0.260814
      pc15 = 0.156466
      pc16 = -0.0191213
      pc17 = -0.0984822
      pc18 = -0.0688566
      pc19 = 0.00204842
Constrained:
   Tgbecnw = 93841
     Tecnw = 26419.6
       Tnw = 17706
       Tec = 13818.2
     twoNb = 615627
     twoNe = 132988
     twoNc = 2.06976e+06
     twoNn = 3.79328e+06
     twoNw = 1.41203e+07
    twoNec = 82282.3
    twoNnw = 27326.9
  twoNecnw = 69729.5
  twoNbecnw = 6779.27
  twoNgbecnw = 399469
         m = 0.0770538
        m2 = 0.0307668
        m3 = 0.269378
        m4 = 7.02873e-07
        m5 = 0.122086
        Tb = 20118.9
        Ta = 47659.5
        Tc = 8852.99
        Td = 4426.49
        Te = 2213.25
#       SitePat  BranchLen
              b 124435.2375311
              e 48590.0496960
              c 50905.3592134
              n 44763.2304673
              w 46982.0908329
            b:e 2167.6100559
            b:c 2431.3483905
            b:n 1654.1238805
            b:w 1796.0887928
            e:c 10368.2508261
            e:n 5836.6460457
            e:w 5165.2451190
            c:n 5311.2225027
            c:w 4432.3768647
            n:w 12487.8428394
          b:e:c 2005.1546198
          b:e:n 1043.6302845
          b:e:w 1078.6935079
          b:c:n 1071.1353390
          b:c:w 1070.0546056
          b:n:w 1992.0939772
          e:c:n 5046.9707423
          e:c:w 4232.5331019
          e:n:w 6455.2794917
          c:n:w 5464.3605063
        b:e:c:n 2041.8509793
        b:e:c:w 2011.7274657
        b:e:n:w 3223.9582320
        b:c:n:w 2875.2549891
        e:c:n:w 51630.3626805
