########################################
# legofit: estimate population history #
#            version 2.3.3             #
########################################

# Program was compiled: Sep 12 2021 17:54:39
# Program was run: Fri Sep 17 21:37:49 2021

# cmd: legofit -1 -d 0 -t 56 --ptsPerDim 3 --stateOut b1boot6.state --tol 3e-6 -S 5000 abcde2.lgo ../../boot/boot6.opf
# Stage nOptItr nSimReps
#     0    5000        0
# algorithm          : deterministic
# ignoring probs <=  : 0
# Branch length floor: 0
# DE strategy        : 2
#    F               : 0.3
#    CR              : 0.8
#    tolerance       : 3e-06
# nthreads           : 56
# lgo input file     : abcde2.lgo
# site pat input file: ../../boot/boot6.opf
# free parameters    : 19
# points in DE swarm : 57
# output state file  : b1boot6.state
# Including singleton site patterns.
# cost function      : KL
Initial parameter values
Fixed:
      zero = 0
       one = 1
    Tbecnw = 75200
Free:
       pc1 = 0
       pc2 = 0
       pc3 = 0
       pc4 = 0
       pc5 = 0
       pc6 = 0
       pc7 = 0
       pc8 = 0
       pc9 = 0
      pc10 = 0
      pc11 = 0
      pc12 = 0
      pc13 = 0
      pc14 = 0
      pc15 = 0
      pc16 = 0
      pc17 = 0
      pc18 = 0
      pc19 = 0
Constrained:
   Tgbecnw = 125187
     Tecnw = 28336.5
       Tnw = 15896.7
       Tec = 14618.7
     twoNb = 884559
     twoNe = 180470
     twoNc = 1.21479e+06
     twoNn = 1.3692e+06
     twoNw = 8.0064e+06
    twoNec = 88320.6
    twoNnw = 40791.6
  twoNecnw = 71722.8
  twoNbecnw = 16915.7
  twoNgbecnw = 377762
         m = 0.0874615
        m2 = 0.0320076
        m3 = 0.263923
        m4 = 1.05247e-06
        m5 = 0.123813
        Tb = 21477.6
        Ta = 48338.8
        Tc = 7948.34
        Td = 3974.17
        Te = 1987.08
DiffEv reached_goal. cost=1.50524e-03 spread=2.42616e-06
Fitted parameter values
Free:
       pc1 = -0.552813
       pc2 = -3.99027
       pc3 = 2.78075
       pc4 = 0.817553
       pc5 = -0.711018
       pc6 = 0.912585
       pc7 = 1.19503
       pc8 = 1.27831
       pc9 = -1.02727
      pc10 = 0.611043
      pc11 = -0.39153
      pc12 = -0.500968
      pc13 = 0.297097
      pc14 = 0.233622
      pc15 = -0.24699
      pc16 = -0.0450655
      pc17 = -0.11073
      pc18 = -0.0139557
      pc19 = -0.0125621
Constrained:
   Tgbecnw = 97336.9
     Tecnw = 27168.5
       Tnw = 16155
       Tec = 11258.1
     twoNb = 704723
     twoNe = 88955.9
     twoNc = 3.38006e+06
     twoNn = 2.55768e+06
     twoNw = 9.45039e+06
    twoNec = 105721
    twoNnw = 35250.3
  twoNecnw = 69536.1
  twoNbecnw = 8210.7
  twoNgbecnw = 365575
         m = 0.0871337
        m2 = 0.0315349
        m3 = 0.270588
        m4 = 1.52165e-06
        m5 = 0.125042
        Tb = 19213.3
        Ta = 47206.6
        Tc = 8077.49
        Td = 4038.75
        Te = 2019.37
#       SitePat  BranchLen
              b 126022.9880676
              e 49086.1091897
              c 51485.5864282
              n 45246.9079976
              w 47507.5722842
            b:e 2180.1779420
            b:c 2446.5488643
            b:n 1669.7272596
            b:w 1804.9953391
            e:c 10463.4074063
            e:n 5936.0681741
            e:w 5242.1528900
            c:n 5391.3256089
            c:w 4461.7024028
            n:w 12580.7581020
          b:e:c 1992.5097420
          b:e:n 1051.8115893
          b:e:w 1089.2952520
          b:c:n 1080.8667558
          b:c:w 1078.5619119
          b:n:w 1985.5946826
          e:c:n 5054.8800152
          e:c:w 4259.1847421
          e:n:w 6478.6748385
          c:n:w 5477.6904933
        b:e:c:n 2043.1065801
        b:e:c:w 2031.2292237
        b:e:n:w 3269.1882492
        b:c:n:w 2911.1956309
        e:c:n:w 52480.0015163
