########################################
# legofit: estimate population history #
#            version 2.3.3             #
########################################

# Program was compiled: Sep 12 2021 17:54:39
# Program was run: Sat Sep 18 11:04:59 2021

# cmd: legofit -1 -d 0 -t 56 --ptsPerDim 3 --stateOut b1boot32.state --tol 3e-6 -S 5000 abcde2.lgo ../../boot/boot32.opf
# Stage nOptItr nSimReps
#     0    5000        0
# algorithm          : deterministic
# ignoring probs <=  : 0
# Branch length floor: 0
# DE strategy        : 2
#    F               : 0.3
#    CR              : 0.8
#    tolerance       : 3e-06
# nthreads           : 56
# lgo input file     : abcde2.lgo
# site pat input file: ../../boot/boot32.opf
# free parameters    : 19
# points in DE swarm : 57
# output state file  : b1boot32.state
# Including singleton site patterns.
# cost function      : KL
Initial parameter values
Fixed:
      zero = 0
       one = 1
    Tbecnw = 75200
Free:
       pc1 = 0
       pc2 = 0
       pc3 = 0
       pc4 = 0
       pc5 = 0
       pc6 = 0
       pc7 = 0
       pc8 = 0
       pc9 = 0
      pc10 = 0
      pc11 = 0
      pc12 = 0
      pc13 = 0
      pc14 = 0
      pc15 = 0
      pc16 = 0
      pc17 = 0
      pc18 = 0
      pc19 = 0
Constrained:
   Tgbecnw = 125187
     Tecnw = 28336.5
       Tnw = 15896.7
       Tec = 14618.7
     twoNb = 884559
     twoNe = 180470
     twoNc = 1.21479e+06
     twoNn = 1.3692e+06
     twoNw = 8.0064e+06
    twoNec = 88320.6
    twoNnw = 40791.6
  twoNecnw = 71722.8
  twoNbecnw = 16915.7
  twoNgbecnw = 377762
         m = 0.0874615
        m2 = 0.0320076
        m3 = 0.263923
        m4 = 1.05247e-06
        m5 = 0.123813
        Tb = 21477.6
        Ta = 48338.8
        Tc = 7948.34
        Td = 3974.17
        Te = 1987.08
DiffEv reached_goal. cost=1.54082e-03 spread=2.86317e-06
Fitted parameter values
Free:
       pc1 = -3.19135
       pc2 = -3.95589
       pc3 = 1.72385
       pc4 = 1.08356
       pc5 = 1.06551
       pc6 = -0.653105
       pc7 = 1.7509
       pc8 = 0.0796952
       pc9 = -1.39073
      pc10 = 1.35869
      pc11 = 0.38681
      pc12 = -0.110527
      pc13 = 0.0371169
      pc14 = 0.160806
      pc15 = -0.0575003
      pc16 = -0.00370994
      pc17 = -0.113195
      pc18 = -0.0200701
      pc19 = -0.00788053
Constrained:
   Tgbecnw = 92401.8
     Tecnw = 26357.9
       Tnw = 17448.4
       Tec = 14365.8
     twoNb = 660222
     twoNe = 137082
     twoNc = 1.03012e+06
     twoNn = 1.78374e+06
     twoNw = 1.44574e+07
    twoNec = 78181.9
    twoNnw = 27615.9
  twoNecnw = 69691
  twoNbecnw = 6162.68
  twoNgbecnw = 417340
         m = 0.0751475
        m2 = 0.0309106
        m3 = 0.274141
        m4 = 1.10512e-06
        m5 = 0.122306
        Tb = 20361.8
        Ta = 47780.9
        Tc = 8724.2
        Td = 4362.1
        Te = 2181.05
#       SitePat  BranchLen
              b 124611.4293071
              e 48472.6702914
              c 50848.4382768
              n 44567.9877235
              w 46823.6296527
            b:e 2136.8121045
            b:c 2401.9524449
            b:n 1631.1216196
            b:w 1778.5204632
            e:c 10272.9778044
            e:n 5845.8292583
            e:w 5141.1591720
            c:n 5280.3607243
            c:w 4405.9537019
            n:w 12460.4810813
          b:e:c 1982.7296782
          b:e:n 1034.0817121
          b:e:w 1067.7993540
          b:c:n 1059.3433862
          b:c:w 1062.4690077
          b:n:w 1972.2381977
          e:c:n 5022.6181725
          e:c:w 4187.7400897
          e:n:w 6421.6208941
          c:n:w 5417.1733337
        b:e:c:n 2024.0741826
        b:e:c:w 1998.1453861
        b:e:n:w 3227.0460275
        b:c:n:w 2871.3279177
        e:c:n:w 52023.7868515
