########################################
# legofit: estimate population history #
#            version 2.3.3             #
########################################

# Program was compiled: Sep 12 2021 17:54:39
# Program was run: Sat Sep 18 23:56:12 2021

# cmd: legofit -1 -d 0 -t 56 --ptsPerDim 3 --stateOut b1boot44.state --tol 3e-6 -S 5000 abcde2.lgo ../../boot/boot44.opf
# Stage nOptItr nSimReps
#     0    5000        0
# algorithm          : deterministic
# ignoring probs <=  : 0
# Branch length floor: 0
# DE strategy        : 2
#    F               : 0.3
#    CR              : 0.8
#    tolerance       : 3e-06
# nthreads           : 56
# lgo input file     : abcde2.lgo
# site pat input file: ../../boot/boot44.opf
# free parameters    : 19
# points in DE swarm : 57
# output state file  : b1boot44.state
# Including singleton site patterns.
# cost function      : KL
Initial parameter values
Fixed:
      zero = 0
       one = 1
    Tbecnw = 75200
Free:
       pc1 = 0
       pc2 = 0
       pc3 = 0
       pc4 = 0
       pc5 = 0
       pc6 = 0
       pc7 = 0
       pc8 = 0
       pc9 = 0
      pc10 = 0
      pc11 = 0
      pc12 = 0
      pc13 = 0
      pc14 = 0
      pc15 = 0
      pc16 = 0
      pc17 = 0
      pc18 = 0
      pc19 = 0
Constrained:
   Tgbecnw = 125187
     Tecnw = 28336.5
       Tnw = 15896.7
       Tec = 14618.7
     twoNb = 884559
     twoNe = 180470
     twoNc = 1.21479e+06
     twoNn = 1.3692e+06
     twoNw = 8.0064e+06
    twoNec = 88320.6
    twoNnw = 40791.6
  twoNecnw = 71722.8
  twoNbecnw = 16915.7
  twoNgbecnw = 377762
         m = 0.0874615
        m2 = 0.0320076
        m3 = 0.263923
        m4 = 1.05247e-06
        m5 = 0.123813
        Tb = 21477.6
        Ta = 48338.8
        Tc = 7948.34
        Td = 3974.17
        Te = 1987.08
DiffEv reached_goal. cost=1.50361e-03 spread=2.97066e-06
Fitted parameter values
Free:
       pc1 = -3.9114
       pc2 = -3.96775
       pc3 = 2.46766
       pc4 = 1.28645
       pc5 = 0.271629
       pc6 = -0.347734
       pc7 = 1.72411
       pc8 = 0.328269
       pc9 = -1.75681
      pc10 = 1.37056
      pc11 = 0.793094
      pc12 = 0.0504603
      pc13 = 0.0442449
      pc14 = 0.350586
      pc15 = -0.0089388
      pc16 = 0.00905901
      pc17 = -0.151467
      pc18 = -0.0932454
      pc19 = -0.014478
Constrained:
   Tgbecnw = 88788.6
     Tecnw = 26052
       Tnw = 17807.1
       Tec = 14612.4
     twoNb = 675839
     twoNe = 148129
     twoNc = 1.85535e+06
     twoNn = 2.73013e+06
     twoNw = 1.39833e+07
    twoNec = 74445.9
    twoNnw = 25608.2
  twoNecnw = 70377.3
  twoNbecnw = 5041.13
  twoNgbecnw = 389602
         m = 0.0799686
        m2 = 0.0306827
        m3 = 0.274551
        m4 = 1.02107e-06
        m5 = 0.121039
        Tb = 20332.2
        Ta = 47766.1
        Tc = 8903.53
        Td = 4451.76
        Te = 2225.88
#       SitePat  BranchLen
              b 123694.8586421
              e 48323.4902739
              c 50630.9304901
              n 44473.3583561
              w 46713.1198740
            b:e 2133.3460095
            b:c 2393.1867001
            b:n 1631.1373189
            b:w 1778.8653331
            e:c 10265.1498292
            e:n 5810.4168059
            e:w 5127.8624673
            c:n 5279.9238450
            c:w 4402.0171422
            n:w 12406.1014710
          b:e:c 1986.0088906
          b:e:n 1033.9869892
          b:e:w 1069.1996271
          b:c:n 1060.8370203
          b:c:w 1061.8619265
          b:n:w 1974.1422342
          e:c:n 5010.2836996
          e:c:w 4178.1464415
          e:n:w 6382.5107112
          c:n:w 5398.8034580
        b:e:c:n 2031.0576199
        b:e:c:w 1999.9288973
        b:e:n:w 3205.5765709
        b:c:n:w 2858.8288498
        e:c:n:w 51355.8580101
