########################################
# legofit: estimate population history #
#            version 2.3.3             #
########################################

# Program was compiled: Sep 12 2021 17:54:39
# Program was run: Fri Sep 17 20:42:42 2021

# cmd: legofit -1 -d 0 -t 56 --ptsPerDim 3 --stateOut b1boot4.state --tol 3e-6 -S 5000 abcde2.lgo ../../boot/boot4.opf
# Stage nOptItr nSimReps
#     0    5000        0
# algorithm          : deterministic
# ignoring probs <=  : 0
# Branch length floor: 0
# DE strategy        : 2
#    F               : 0.3
#    CR              : 0.8
#    tolerance       : 3e-06
# nthreads           : 56
# lgo input file     : abcde2.lgo
# site pat input file: ../../boot/boot4.opf
# free parameters    : 19
# points in DE swarm : 57
# output state file  : b1boot4.state
# Including singleton site patterns.
# cost function      : KL
Initial parameter values
Fixed:
      zero = 0
       one = 1
    Tbecnw = 75200
Free:
       pc1 = 0
       pc2 = 0
       pc3 = 0
       pc4 = 0
       pc5 = 0
       pc6 = 0
       pc7 = 0
       pc8 = 0
       pc9 = 0
      pc10 = 0
      pc11 = 0
      pc12 = 0
      pc13 = 0
      pc14 = 0
      pc15 = 0
      pc16 = 0
      pc17 = 0
      pc18 = 0
      pc19 = 0
Constrained:
   Tgbecnw = 125187
     Tecnw = 28336.5
       Tnw = 15896.7
       Tec = 14618.7
     twoNb = 884559
     twoNe = 180470
     twoNc = 1.21479e+06
     twoNn = 1.3692e+06
     twoNw = 8.0064e+06
    twoNec = 88320.6
    twoNnw = 40791.6
  twoNecnw = 71722.8
  twoNbecnw = 16915.7
  twoNgbecnw = 377762
         m = 0.0874615
        m2 = 0.0320076
        m3 = 0.263923
        m4 = 1.05247e-06
        m5 = 0.123813
        Tb = 21477.6
        Ta = 48338.8
        Tc = 7948.34
        Td = 3974.17
        Te = 1987.08
DiffEv reached_goal. cost=1.51677e-03 spread=2.78628e-06
Fitted parameter values
Free:
       pc1 = -2.3358
       pc2 = -3.93884
       pc3 = 1.75894
       pc4 = 0.463032
       pc5 = -0.647378
       pc6 = -0.588713
       pc7 = 1.1414
       pc8 = -0.527041
       pc9 = -1.7069
      pc10 = 1.86659
      pc11 = 0.0832114
      pc12 = -0.451805
      pc13 = -0.480193
      pc14 = 0.180495
      pc15 = 0.0173704
      pc16 = -0.000224899
      pc17 = -0.168732
      pc18 = -0.051221
      pc19 = 0.0173606
Constrained:
   Tgbecnw = 91475.5
     Tecnw = 26638.5
       Tnw = 16242.4
       Tec = 14025.5
     twoNb = 812635
     twoNe = 148360
     twoNc = 1.12873e+06
     twoNn = 3.82532e+06
     twoNw = 9.31625e+06
    twoNec = 80726.9
    twoNnw = 33533.2
  twoNecnw = 68468.9
  twoNbecnw = 6034.18
  twoNgbecnw = 384707
         m = 0.0807563
        m2 = 0.0315415
        m3 = 0.266791
        m4 = 6.33316e-07
        m5 = 0.122777
        Tb = 20332
        Ta = 47766
        Tc = 8121.18
        Td = 4060.59
        Te = 2030.3
#       SitePat  BranchLen
              b 124365.9049879
              e 48424.3008565
              c 50767.6308820
              n 44643.5236421
              w 46862.8936726
            b:e 2118.8961856
            b:c 2375.5622974
            b:n 1637.3643765
            b:w 1786.1835454
            e:c 10307.2652316
            e:n 5827.9366338
            e:w 5138.3948781
            c:n 5269.1334455
            c:w 4402.2007785
            n:w 12419.4959874
          b:e:c 1971.8923938
          b:e:n 1033.3016373
          b:e:w 1067.6092588
          b:c:n 1058.3867060
          b:c:w 1061.4574951
          b:n:w 1968.1443577
          e:c:n 5049.7848367
          e:c:w 4225.5183468
          e:n:w 6368.1618503
          c:n:w 5394.1015556
        b:e:c:n 2026.3933347
        b:e:c:w 2001.5666930
        b:e:n:w 3215.1657823
        b:c:n:w 2865.2938980
        e:c:n:w 51776.9352540
