########################################
# legofit: estimate population history #
#            version 2.3.3             #
########################################

# Program was compiled: Sep 12 2021 17:54:39
# Program was run: Sat Sep 18 00:43:16 2021

# cmd: legofit -1 -d 0 -t 56 --ptsPerDim 3 --stateOut b1boot12.state --tol 3e-6 -S 5000 abcde2.lgo ../../boot/boot12.opf
# Stage nOptItr nSimReps
#     0    5000        0
# algorithm          : deterministic
# ignoring probs <=  : 0
# Branch length floor: 0
# DE strategy        : 2
#    F               : 0.3
#    CR              : 0.8
#    tolerance       : 3e-06
# nthreads           : 56
# lgo input file     : abcde2.lgo
# site pat input file: ../../boot/boot12.opf
# free parameters    : 19
# points in DE swarm : 57
# output state file  : b1boot12.state
# Including singleton site patterns.
# cost function      : KL
Initial parameter values
Fixed:
      zero = 0
       one = 1
    Tbecnw = 75200
Free:
       pc1 = 0
       pc2 = 0
       pc3 = 0
       pc4 = 0
       pc5 = 0
       pc6 = 0
       pc7 = 0
       pc8 = 0
       pc9 = 0
      pc10 = 0
      pc11 = 0
      pc12 = 0
      pc13 = 0
      pc14 = 0
      pc15 = 0
      pc16 = 0
      pc17 = 0
      pc18 = 0
      pc19 = 0
Constrained:
   Tgbecnw = 125187
     Tecnw = 28336.5
       Tnw = 15896.7
       Tec = 14618.7
     twoNb = 884559
     twoNe = 180470
     twoNc = 1.21479e+06
     twoNn = 1.3692e+06
     twoNw = 8.0064e+06
    twoNec = 88320.6
    twoNnw = 40791.6
  twoNecnw = 71722.8
  twoNbecnw = 16915.7
  twoNgbecnw = 377762
         m = 0.0874615
        m2 = 0.0320076
        m3 = 0.263923
        m4 = 1.05247e-06
        m5 = 0.123813
        Tb = 21477.6
        Ta = 48338.8
        Tc = 7948.34
        Td = 3974.17
        Te = 1987.08
DiffEv reached_goal. cost=1.50661e-03 spread=2.88596e-06
Fitted parameter values
Free:
       pc1 = -0.36423
       pc2 = -3.76134
       pc3 = 0.663397
       pc4 = -0.477081
       pc5 = 0.781648
       pc6 = -0.150221
       pc7 = 1.55041
       pc8 = -0.214435
       pc9 = -1.96603
      pc10 = 1.07724
      pc11 = 0.186162
      pc12 = -0.662511
      pc13 = 0.129092
      pc14 = 0.235615
      pc15 = -0.0913253
      pc16 = -0.0252781
      pc17 = -0.0505239
      pc18 = -0.0340795
      pc19 = 0.0365591
Constrained:
   Tgbecnw = 98206.4
     Tecnw = 27149.4
       Tnw = 14814.4
       Tec = 12673.9
     twoNb = 725930
     twoNe = 135393
     twoNc = 872954
     twoNn = 1.09155e+06
     twoNw = 1.76271e+07
    twoNec = 93637.5
    twoNnw = 41158.7
  twoNecnw = 68428.1
  twoNbecnw = 8294.74
  twoNgbecnw = 395486
         m = 0.0779208
        m2 = 0.0319932
        m3 = 0.262653
        m4 = 1.33938e-06
        m5 = 0.124603
        Tb = 19911.6
        Ta = 47555.8
        Tc = 7407.19
        Td = 3703.59
        Te = 1851.8
#       SitePat  BranchLen
              b 125330.4437897
              e 48890.9599189
              c 51271.8124107
              n 45133.0761962
              w 47359.5058631
            b:e 2158.8066577
            b:c 2417.8004409
            b:n 1673.6118801
            b:w 1816.0151854
            e:c 10425.2827302
            e:n 5925.7378031
            e:w 5226.0803315
            c:n 5347.1994763
            c:w 4469.2932113
            n:w 12545.7746156
          b:e:c 1985.3941823
          b:e:n 1052.6511426
          b:e:w 1086.1719591
          b:c:n 1077.5378526
          b:c:w 1079.7027970
          b:n:w 1981.7805476
          e:c:n 5102.2765084
          e:c:w 4295.5718188
          e:n:w 6414.2502014
          c:n:w 5443.6220840
        b:e:c:n 2052.2056026
        b:e:c:w 2031.9553472
        b:e:n:w 3249.9306930
        b:c:n:w 2897.6204109
        e:c:n:w 51994.3538017
