########################################
# legofit: estimate population history #
#            version 2.3.3             #
########################################

# Program was compiled: Sep 12 2021 17:54:39
# Program was run: Sat Sep 18 07:01:21 2021

# cmd: legofit -1 -d 0 -t 56 --ptsPerDim 3 --stateOut b1boot25.state --tol 3e-6 -S 5000 abcde2.lgo ../../boot/boot25.opf
# Stage nOptItr nSimReps
#     0    5000        0
# algorithm          : deterministic
# ignoring probs <=  : 0
# Branch length floor: 0
# DE strategy        : 2
#    F               : 0.3
#    CR              : 0.8
#    tolerance       : 3e-06
# nthreads           : 56
# lgo input file     : abcde2.lgo
# site pat input file: ../../boot/boot25.opf
# free parameters    : 19
# points in DE swarm : 57
# output state file  : b1boot25.state
# Including singleton site patterns.
# cost function      : KL
Initial parameter values
Fixed:
      zero = 0
       one = 1
    Tbecnw = 75200
Free:
       pc1 = 0
       pc2 = 0
       pc3 = 0
       pc4 = 0
       pc5 = 0
       pc6 = 0
       pc7 = 0
       pc8 = 0
       pc9 = 0
      pc10 = 0
      pc11 = 0
      pc12 = 0
      pc13 = 0
      pc14 = 0
      pc15 = 0
      pc16 = 0
      pc17 = 0
      pc18 = 0
      pc19 = 0
Constrained:
   Tgbecnw = 125187
     Tecnw = 28336.5
       Tnw = 15896.7
       Tec = 14618.7
     twoNb = 884559
     twoNe = 180470
     twoNc = 1.21479e+06
     twoNn = 1.3692e+06
     twoNw = 8.0064e+06
    twoNec = 88320.6
    twoNnw = 40791.6
  twoNecnw = 71722.8
  twoNbecnw = 16915.7
  twoNgbecnw = 377762
         m = 0.0874615
        m2 = 0.0320076
        m3 = 0.263923
        m4 = 1.05247e-06
        m5 = 0.123813
        Tb = 21477.6
        Ta = 48338.8
        Tc = 7948.34
        Td = 3974.17
        Te = 1987.08
DiffEv reached_goal. cost=1.52123e-03 spread=2.71036e-06
Fitted parameter values
Free:
       pc1 = -3.39341
       pc2 = -3.98669
       pc3 = 2.17634
       pc4 = 1.74332
       pc5 = 0.0684245
       pc6 = 1.36609
       pc7 = 1.62116
       pc8 = -0.0513155
       pc9 = -1.20175
      pc10 = 1.22769
      pc11 = 0.658906
      pc12 = -0.970528
      pc13 = -0.124322
      pc14 = 0.346088
      pc15 = 0.172551
      pc16 = 0.033709
      pc17 = -0.110129
      pc18 = -0.0679029
      pc19 = -0.018581
Constrained:
   Tgbecnw = 92400.3
     Tecnw = 26180.2
       Tnw = 17749.4
       Tec = 13906.9
     twoNb = 678696
     twoNe = 148241
     twoNc = 2.60588e+06
     twoNn = 3.43109e+06
     twoNw = 1.23184e+07
    twoNec = 80596.9
    twoNnw = 26196.4
  twoNecnw = 69927.4
  twoNbecnw = 6158.16
  twoNgbecnw = 414008
         m = 0.0742758
        m2 = 0.0315373
        m3 = 0.273271
        m4 = 3.75897e-06
        m5 = 0.121539
        Tb = 20043.5
        Ta = 47621.8
        Tc = 8874.68
        Td = 4437.34
        Te = 2218.67
#       SitePat  BranchLen
              b 123864.3421632
              e 48459.8943008
              c 50741.9362235
              n 44570.9903320
              w 46748.6239261
            b:e 2128.0150738
            b:c 2384.5513649
            b:n 1621.8335799
            b:w 1759.5335953
            e:c 10289.4544761
            e:n 5787.8852633
            e:w 5146.3676035
            c:n 5298.0055988
            c:w 4405.4761847
            n:w 12437.1683922
          b:e:c 1968.4488600
          b:e:n 1023.5603858
          b:e:w 1061.9110200
          b:c:n 1053.4301725
          b:c:w 1050.4366263
          b:n:w 1957.9759411
          e:c:n 4989.1529995
          e:c:w 4186.6948037
          e:n:w 6404.9648529
          c:n:w 5424.4081496
        b:e:c:n 2003.4255134
        b:e:c:w 1989.2401334
        b:e:n:w 3211.8600498
        b:c:n:w 2866.2142091
        e:c:n:w 51293.9035418
