########################################
# legofit: estimate population history #
#            version 2.3.3             #
########################################

# Program was compiled: Sep 12 2021 17:54:39
# Program was run: Sat Sep 18 04:32:59 2021

# cmd: legofit -1 -d 0 -t 56 --ptsPerDim 3 --stateOut b1boot19.state --tol 3e-6 -S 5000 abcde2.lgo ../../boot/boot19.opf
# Stage nOptItr nSimReps
#     0    5000        0
# algorithm          : deterministic
# ignoring probs <=  : 0
# Branch length floor: 0
# DE strategy        : 2
#    F               : 0.3
#    CR              : 0.8
#    tolerance       : 3e-06
# nthreads           : 56
# lgo input file     : abcde2.lgo
# site pat input file: ../../boot/boot19.opf
# free parameters    : 19
# points in DE swarm : 57
# output state file  : b1boot19.state
# Including singleton site patterns.
# cost function      : KL
Initial parameter values
Fixed:
      zero = 0
       one = 1
    Tbecnw = 75200
Free:
       pc1 = 0
       pc2 = 0
       pc3 = 0
       pc4 = 0
       pc5 = 0
       pc6 = 0
       pc7 = 0
       pc8 = 0
       pc9 = 0
      pc10 = 0
      pc11 = 0
      pc12 = 0
      pc13 = 0
      pc14 = 0
      pc15 = 0
      pc16 = 0
      pc17 = 0
      pc18 = 0
      pc19 = 0
Constrained:
   Tgbecnw = 125187
     Tecnw = 28336.5
       Tnw = 15896.7
       Tec = 14618.7
     twoNb = 884559
     twoNe = 180470
     twoNc = 1.21479e+06
     twoNn = 1.3692e+06
     twoNw = 8.0064e+06
    twoNec = 88320.6
    twoNnw = 40791.6
  twoNecnw = 71722.8
  twoNbecnw = 16915.7
  twoNgbecnw = 377762
         m = 0.0874615
        m2 = 0.0320076
        m3 = 0.263923
        m4 = 1.05247e-06
        m5 = 0.123813
        Tb = 21477.6
        Ta = 48338.8
        Tc = 7948.34
        Td = 3974.17
        Te = 1987.08
DiffEv reached_goal. cost=1.51286e-03 spread=2.85693e-06
Fitted parameter values
Free:
       pc1 = -3.45415
       pc2 = -3.99709
       pc3 = 1.0926
       pc4 = 0.812983
       pc5 = -1.20861
       pc6 = 0.795064
       pc7 = 1.97999
       pc8 = 1.66741
       pc9 = -0.859626
      pc10 = 0.899821
      pc11 = 0.901243
      pc12 = -0.74455
      pc13 = -0.260318
      pc14 = 0.0806828
      pc15 = -0.136539
      pc16 = 0.0948749
      pc17 = -0.092571
      pc18 = -0.0129919
      pc19 = 0.0516497
Constrained:
   Tgbecnw = 92267
     Tecnw = 26273.5
       Tnw = 17125.3
       Tec = 15376.8
     twoNb = 661526
     twoNe = 173578
     twoNc = 3.91097e+06
     twoNn = 1.7553e+06
     twoNw = 8.67249e+06
    twoNec = 68205.8
    twoNnw = 28846.3
  twoNecnw = 69859.3
  twoNbecnw = 6127.26
  twoNgbecnw = 414814
         m = 0.075097
        m2 = 0.031697
        m3 = 0.26828
        m4 = 1.23937e-06
        m5 = 0.123889
        Tb = 20825.1
        Ta = 48012.6
        Tc = 8562.64
        Td = 4281.32
        Te = 2140.66
#       SitePat  BranchLen
              b 124357.0041028
              e 48400.8232717
              c 50764.6900470
              n 44591.5807250
              w 46818.6931574
            b:e 2128.9781386
            b:c 2393.3560762
            b:n 1635.6291518
            b:w 1785.8165256
            e:c 10344.3071911
            e:n 5804.8442050
            e:w 5140.2070442
            c:n 5264.8675073
            c:w 4390.1682424
            n:w 12489.4916744
          b:e:c 1989.5885737
          b:e:n 1029.5430416
          b:e:w 1066.0511568
          b:c:n 1057.1159640
          b:c:w 1058.0262913
          b:n:w 1982.3891663
          e:c:n 5056.9344328
          e:c:w 4210.9246134
          e:n:w 6392.5804840
          c:n:w 5391.8177498
        b:e:c:n 2032.3758340
        b:e:c:w 2003.0038787
        b:e:n:w 3228.0065941
        b:c:n:w 2870.9920367
        e:c:n:w 51789.7082654
