########################################
# legofit: estimate population history #
#            version 2.3.3             #
########################################

# Program was compiled: Sep 12 2021 17:54:39
# Program was run: Fri Sep 17 18:55:51 2021

# cmd: legofit -1 -d 0 -t 56 --ptsPerDim 3 --stateOut b1boot1.state --tol 3e-6 -S 5000 abcde2.lgo ../../boot/boot1.opf
# Stage nOptItr nSimReps
#     0    5000        0
# algorithm          : deterministic
# ignoring probs <=  : 0
# Branch length floor: 0
# DE strategy        : 2
#    F               : 0.3
#    CR              : 0.8
#    tolerance       : 3e-06
# nthreads           : 56
# lgo input file     : abcde2.lgo
# site pat input file: ../../boot/boot1.opf
# free parameters    : 19
# points in DE swarm : 57
# output state file  : b1boot1.state
# Including singleton site patterns.
# cost function      : KL
Initial parameter values
Fixed:
      zero = 0
       one = 1
    Tbecnw = 75200
Free:
       pc1 = 0
       pc2 = 0
       pc3 = 0
       pc4 = 0
       pc5 = 0
       pc6 = 0
       pc7 = 0
       pc8 = 0
       pc9 = 0
      pc10 = 0
      pc11 = 0
      pc12 = 0
      pc13 = 0
      pc14 = 0
      pc15 = 0
      pc16 = 0
      pc17 = 0
      pc18 = 0
      pc19 = 0
Constrained:
   Tgbecnw = 125187
     Tecnw = 28336.5
       Tnw = 15896.7
       Tec = 14618.7
     twoNb = 884559
     twoNe = 180470
     twoNc = 1.21479e+06
     twoNn = 1.3692e+06
     twoNw = 8.0064e+06
    twoNec = 88320.6
    twoNnw = 40791.6
  twoNecnw = 71722.8
  twoNbecnw = 16915.7
  twoNgbecnw = 377762
         m = 0.0874615
        m2 = 0.0320076
        m3 = 0.263923
        m4 = 1.05247e-06
        m5 = 0.123813
        Tb = 21477.6
        Ta = 48338.8
        Tc = 7948.34
        Td = 3974.17
        Te = 1987.08
DiffEv reached_goal. cost=1.50218e-03 spread=2.87576e-06
Fitted parameter values
Free:
       pc1 = -3.26271
       pc2 = -3.49752
       pc3 = 2.60171
       pc4 = 0.609928
       pc5 = -0.315585
       pc6 = 0.629569
       pc7 = 0.789963
       pc8 = 1.71703
       pc9 = -1.30599
      pc10 = 0.941369
      pc11 = -0.260069
      pc12 = -0.595219
      pc13 = -0.228264
      pc14 = 0.236074
      pc15 = -0.0223128
      pc16 = -0.0329127
      pc17 = -0.123433
      pc18 = -0.0540493
      pc19 = 0.0297148
Constrained:
   Tgbecnw = 95716.7
     Tecnw = 26394.7
       Tnw = 18354.5
       Tec = 13808.5
     twoNb = 608811
     twoNe = 124910
     twoNc = 3.13211e+06
     twoNn = 3.40364e+06
     twoNw = 1.21407e+07
    twoNec = 81394.4
    twoNnw = 24824.4
  twoNecnw = 71185.4
  twoNbecnw = 7550.31
  twoNgbecnw = 377097
         m = 0.0837897
        m2 = 0.0312608
        m3 = 0.268707
        m4 = 7.26853e-07
        m5 = 0.125441
        Tb = 20101.6
        Ta = 47650.8
        Tc = 9177.23
        Td = 4588.61
        Te = 2294.31
#       SitePat  BranchLen
              b 125327.1314083
              e 48847.2204335
              c 51240.8517205
              n 44988.8477232
              w 47218.7674186
            b:e 2181.6622760
            b:c 2456.8093951
            b:n 1657.0212579
            b:w 1796.6610303
            e:c 10470.5444815
            e:n 5863.9678230
            e:w 5204.0206868
            c:n 5340.7499873
            c:w 4439.4377696
            n:w 12602.2041401
          b:e:c 2017.2183107
          b:e:n 1042.9062347
          b:e:w 1080.7124864
          b:c:n 1072.9420362
          b:c:w 1069.8672709
          b:n:w 2005.4403335
          e:c:n 5052.9135984
          e:c:w 4235.1809965
          e:n:w 6525.2810808
          c:n:w 5489.0521261
        b:e:c:n 2041.5633472
        b:e:c:w 2016.2644076
        b:e:n:w 3260.5059161
        b:c:n:w 2896.5666052
        e:c:n:w 52083.3104736
