########################################
# legofit: estimate population history #
#            version 2.3.3             #
########################################

# Program was compiled: Sep 12 2021 17:54:39
# Program was run: Sat Sep 18 08:13:45 2021

# cmd: legofit -1 -d 0 -t 56 --ptsPerDim 3 --stateOut b1boot27.state --tol 3e-6 -S 5000 abcde2.lgo ../../boot/boot27.opf
# Stage nOptItr nSimReps
#     0    5000        0
# algorithm          : deterministic
# ignoring probs <=  : 0
# Branch length floor: 0
# DE strategy        : 2
#    F               : 0.3
#    CR              : 0.8
#    tolerance       : 3e-06
# nthreads           : 56
# lgo input file     : abcde2.lgo
# site pat input file: ../../boot/boot27.opf
# free parameters    : 19
# points in DE swarm : 57
# output state file  : b1boot27.state
# Including singleton site patterns.
# cost function      : KL
Initial parameter values
Fixed:
      zero = 0
       one = 1
    Tbecnw = 75200
Free:
       pc1 = 0
       pc2 = 0
       pc3 = 0
       pc4 = 0
       pc5 = 0
       pc6 = 0
       pc7 = 0
       pc8 = 0
       pc9 = 0
      pc10 = 0
      pc11 = 0
      pc12 = 0
      pc13 = 0
      pc14 = 0
      pc15 = 0
      pc16 = 0
      pc17 = 0
      pc18 = 0
      pc19 = 0
Constrained:
   Tgbecnw = 125187
     Tecnw = 28336.5
       Tnw = 15896.7
       Tec = 14618.7
     twoNb = 884559
     twoNe = 180470
     twoNc = 1.21479e+06
     twoNn = 1.3692e+06
     twoNw = 8.0064e+06
    twoNec = 88320.6
    twoNnw = 40791.6
  twoNecnw = 71722.8
  twoNbecnw = 16915.7
  twoNgbecnw = 377762
         m = 0.0874615
        m2 = 0.0320076
        m3 = 0.263923
        m4 = 1.05247e-06
        m5 = 0.123813
        Tb = 21477.6
        Ta = 48338.8
        Tc = 7948.34
        Td = 3974.17
        Te = 1987.08
DiffEv reached_goal. cost=1.51766e-03 spread=2.35881e-06
Fitted parameter values
Free:
       pc1 = -2.64342
       pc2 = -3.96677
       pc3 = 2.21682
       pc4 = 1.70681
       pc5 = 0.296577
       pc6 = 1.52002
       pc7 = 1.74291
       pc8 = 0.815485
       pc9 = -1.33
      pc10 = 0.795798
      pc11 = 0.839898
      pc12 = -0.582548
      pc13 = -0.214083
      pc14 = 0.115109
      pc15 = -0.151467
      pc16 = -0.00467594
      pc17 = -0.0795882
      pc18 = -0.0419495
      pc19 = -0.0331573
Constrained:
   Tgbecnw = 94703.5
     Tecnw = 26533.9
       Tnw = 17542.5
       Tec = 13836.5
     twoNb = 623976
     twoNe = 120808
     twoNc = 3.30817e+06
     twoNn = 2.4616e+06
     twoNw = 1.51954e+07
    twoNec = 83816.9
    twoNnw = 28182.6
  twoNecnw = 69408.1
  twoNbecnw = 7023.64
  twoNgbecnw = 407280
         m = 0.0767732
        m2 = 0.0313909
        m3 = 0.27364
        m4 = 3.24636e-06
        m5 = 0.121871
        Tb = 20185.2
        Ta = 47692.6
        Tc = 8771.25
        Td = 4385.62
        Te = 2192.81
#       SitePat  BranchLen
              b 125044.1892402
              e 48668.7143660
              c 51040.5322553
              n 44785.8585539
              w 47045.5840620
            b:e 2168.8549303
            b:c 2436.2220530
            b:n 1651.4301926
            b:w 1794.1943918
            e:c 10297.9875658
            e:n 5891.0009940
            e:w 5169.7667956
            c:n 5313.9406977
            c:w 4444.9474274
            n:w 12451.2623074
          b:e:c 1992.7248358
          b:e:n 1046.2461913
          b:e:w 1078.0604995
          b:c:n 1070.0346081
          b:c:w 1074.1411074
          b:n:w 1981.1419143
          e:c:n 5051.5933090
          e:c:w 4226.2880833
          e:n:w 6468.0068547
          c:n:w 5467.5057923
        b:e:c:n 2037.8156704
        b:e:c:w 2014.9379007
        b:e:n:w 3252.8343520
        b:c:n:w 2896.1610204
        e:c:n:w 52174.1567602
