########################################
# legofit: estimate population history #
#            version 2.3.3             #
########################################

# Program was compiled: Sep 12 2021 17:54:39
# Program was run: Sat Sep 18 03:06:34 2021

# cmd: legofit -1 -d 0 -t 56 --ptsPerDim 3 --stateOut b1boot16.state --tol 3e-6 -S 5000 abcde2.lgo ../../boot/boot16.opf
# Stage nOptItr nSimReps
#     0    5000        0
# algorithm          : deterministic
# ignoring probs <=  : 0
# Branch length floor: 0
# DE strategy        : 2
#    F               : 0.3
#    CR              : 0.8
#    tolerance       : 3e-06
# nthreads           : 56
# lgo input file     : abcde2.lgo
# site pat input file: ../../boot/boot16.opf
# free parameters    : 19
# points in DE swarm : 57
# output state file  : b1boot16.state
# Including singleton site patterns.
# cost function      : KL
Initial parameter values
Fixed:
      zero = 0
       one = 1
    Tbecnw = 75200
Free:
       pc1 = 0
       pc2 = 0
       pc3 = 0
       pc4 = 0
       pc5 = 0
       pc6 = 0
       pc7 = 0
       pc8 = 0
       pc9 = 0
      pc10 = 0
      pc11 = 0
      pc12 = 0
      pc13 = 0
      pc14 = 0
      pc15 = 0
      pc16 = 0
      pc17 = 0
      pc18 = 0
      pc19 = 0
Constrained:
   Tgbecnw = 125187
     Tecnw = 28336.5
       Tnw = 15896.7
       Tec = 14618.7
     twoNb = 884559
     twoNe = 180470
     twoNc = 1.21479e+06
     twoNn = 1.3692e+06
     twoNw = 8.0064e+06
    twoNec = 88320.6
    twoNnw = 40791.6
  twoNecnw = 71722.8
  twoNbecnw = 16915.7
  twoNgbecnw = 377762
         m = 0.0874615
        m2 = 0.0320076
        m3 = 0.263923
        m4 = 1.05247e-06
        m5 = 0.123813
        Tb = 21477.6
        Ta = 48338.8
        Tc = 7948.34
        Td = 3974.17
        Te = 1987.08
DiffEv reached_goal. cost=1.47351e-03 spread=2.77643e-06
Fitted parameter values
Free:
       pc1 = -2.17364
       pc2 = -3.9973
       pc3 = 1.21065
       pc4 = 1.8085
       pc5 = -0.407812
       pc6 = -0.125613
       pc7 = 1.67046
       pc8 = 1.14091
       pc9 = -1.44596
      pc10 = 0.957958
      pc11 = 1.02416
      pc12 = 0.0464251
      pc13 = 0.0486983
      pc14 = 0.152761
      pc15 = 0.0622475
      pc16 = 0.117223
      pc17 = -0.0427402
      pc18 = -0.00480119
      pc19 = -0.00415912
Constrained:
   Tgbecnw = 95043.8
     Tecnw = 26780.6
       Tnw = 16515
       Tec = 13888.7
     twoNb = 634911
     twoNe = 154481
     twoNc = 2.98598e+06
     twoNn = 1.71443e+06
     twoNw = 1.22106e+07
    twoNec = 83942
    twoNnw = 32224.3
  twoNecnw = 68843.8
  twoNbecnw = 7045.63
  twoNgbecnw = 422598
         m = 0.0732683
        m2 = 0.0313077
        m3 = 0.27408
        m4 = 1.7472e-07
        m5 = 0.12077
        Tb = 20334.7
        Ta = 47767.3
        Tc = 8257.51
        Td = 4128.75
        Te = 2064.38
#       SitePat  BranchLen
              b 124817.5387909
              e 48707.1009216
              c 51027.7591531
              n 44789.2280033
              w 47029.7091439
            b:e 2158.6895383
            b:c 2417.8659578
            b:n 1650.1608730
            b:w 1793.9519527
            e:c 10320.5324475
            e:n 5835.8956487
            e:w 5156.7448585
            c:n 5306.0392705
            c:w 4411.5908571
            n:w 12521.9349265
          b:e:c 1992.7402869
          b:e:n 1040.3858982
          b:e:w 1076.6075492
          b:c:n 1068.1096032
          b:c:w 1067.5386836
          b:n:w 1982.5927640
          e:c:n 5044.4974694
          e:c:w 4220.3661463
          e:n:w 6416.7010124
          c:n:w 5440.3456255
        b:e:c:n 2036.8524232
        b:e:c:w 2014.6600443
        b:e:n:w 3236.1545700
        b:c:n:w 2889.0308265
        e:c:n:w 51984.9511298
