########################################
# legofit: estimate population history #
#            version 2.3.3             #
########################################

# Program was compiled: Sep 12 2021 17:54:39
# Program was run: Sun Sep 19 02:01:42 2021

# cmd: legofit -1 -d 0 -t 56 --ptsPerDim 3 --stateOut b1boot45.state --tol 3e-6 -S 5000 abcde2.lgo ../../boot/boot45.opf
# Stage nOptItr nSimReps
#     0    5000        0
# algorithm          : deterministic
# ignoring probs <=  : 0
# Branch length floor: 0
# DE strategy        : 2
#    F               : 0.3
#    CR              : 0.8
#    tolerance       : 3e-06
# nthreads           : 56
# lgo input file     : abcde2.lgo
# site pat input file: ../../boot/boot45.opf
# free parameters    : 19
# points in DE swarm : 57
# output state file  : b1boot45.state
# Including singleton site patterns.
# cost function      : KL
Initial parameter values
Fixed:
      zero = 0
       one = 1
    Tbecnw = 75200
Free:
       pc1 = 0
       pc2 = 0
       pc3 = 0
       pc4 = 0
       pc5 = 0
       pc6 = 0
       pc7 = 0
       pc8 = 0
       pc9 = 0
      pc10 = 0
      pc11 = 0
      pc12 = 0
      pc13 = 0
      pc14 = 0
      pc15 = 0
      pc16 = 0
      pc17 = 0
      pc18 = 0
      pc19 = 0
Constrained:
   Tgbecnw = 125187
     Tecnw = 28336.5
       Tnw = 15896.7
       Tec = 14618.7
     twoNb = 884559
     twoNe = 180470
     twoNc = 1.21479e+06
     twoNn = 1.3692e+06
     twoNw = 8.0064e+06
    twoNec = 88320.6
    twoNnw = 40791.6
  twoNecnw = 71722.8
  twoNbecnw = 16915.7
  twoNgbecnw = 377762
         m = 0.0874615
        m2 = 0.0320076
        m3 = 0.263923
        m4 = 1.05247e-06
        m5 = 0.123813
        Tb = 21477.6
        Ta = 48338.8
        Tc = 7948.34
        Td = 3974.17
        Te = 1987.08
DiffEv reached_goal. cost=1.55727e-03 spread=2.40585e-06
Fitted parameter values
Free:
       pc1 = -3.80954
       pc2 = -3.9902
       pc3 = 1.57342
       pc4 = 1.50768
       pc5 = 0.0931983
       pc6 = -0.18894
       pc7 = 0.842205
       pc8 = 0.00852358
       pc9 = -1.36301
      pc10 = 1.70324
      pc11 = 0.220605
      pc12 = -0.501541
      pc13 = 0.227551
      pc14 = 0.169983
      pc15 = 0.105888
      pc16 = -0.00912221
      pc17 = -0.077637
      pc18 = -0.0332443
      pc19 = 0.00418635
Constrained:
   Tgbecnw = 92991.9
     Tecnw = 26075
       Tnw = 17483.7
       Tec = 14389.9
     twoNb = 534491
     twoNe = 157253
     twoNc = 1.55854e+06
     twoNn = 3.83184e+06
     twoNw = 1.10985e+07
    twoNec = 75945
    twoNnw = 27008.4
  twoNecnw = 70728
  twoNbecnw = 6216.51
  twoNgbecnw = 438876
         m = 0.0715096
        m2 = 0.0311608
        m3 = 0.273379
        m4 = 1.04328e-06
        m5 = 0.122239
        Tb = 20232.4
        Ta = 47716.2
        Tc = 8741.84
        Td = 4370.92
        Te = 2185.46
#       SitePat  BranchLen
              b 124350.8626790
              e 48440.5209491
              c 50742.8822386
              n 44617.9677003
              w 46835.7091259
            b:e 2140.2309071
            b:c 2400.6775766
            b:n 1629.1588991
            b:w 1764.9039784
            e:c 10297.1250470
            e:n 5819.8737396
            e:w 5162.2106552
            c:n 5309.0468939
            c:w 4418.5810345
            n:w 12433.7584756
          b:e:c 1969.0876214
          b:e:n 1026.5704260
          b:e:w 1062.9589952
          b:c:n 1055.3455992
          b:c:w 1053.2866737
          b:n:w 1954.5811355
          e:c:n 5008.3159106
          e:c:w 4189.5398081
          e:n:w 6380.0492641
          c:n:w 5398.8550010
        b:e:c:n 2015.2971129
        b:e:c:w 1994.3860539
        b:e:n:w 3203.6065259
        b:c:n:w 2857.3464261
        e:c:n:w 51768.5277655
