########################################
# legofit: estimate population history #
#            version 2.3.3             #
########################################

# Program was compiled: Sep 12 2021 17:54:39
# Program was run: Fri Sep 17 23:21:23 2021

# cmd: legofit -1 -d 0 -t 56 --ptsPerDim 3 --stateOut b1boot9.state --tol 3e-6 -S 5000 abcde2.lgo ../../boot/boot9.opf
# Stage nOptItr nSimReps
#     0    5000        0
# algorithm          : deterministic
# ignoring probs <=  : 0
# Branch length floor: 0
# DE strategy        : 2
#    F               : 0.3
#    CR              : 0.8
#    tolerance       : 3e-06
# nthreads           : 56
# lgo input file     : abcde2.lgo
# site pat input file: ../../boot/boot9.opf
# free parameters    : 19
# points in DE swarm : 57
# output state file  : b1boot9.state
# Including singleton site patterns.
# cost function      : KL
Initial parameter values
Fixed:
      zero = 0
       one = 1
    Tbecnw = 75200
Free:
       pc1 = 0
       pc2 = 0
       pc3 = 0
       pc4 = 0
       pc5 = 0
       pc6 = 0
       pc7 = 0
       pc8 = 0
       pc9 = 0
      pc10 = 0
      pc11 = 0
      pc12 = 0
      pc13 = 0
      pc14 = 0
      pc15 = 0
      pc16 = 0
      pc17 = 0
      pc18 = 0
      pc19 = 0
Constrained:
   Tgbecnw = 125187
     Tecnw = 28336.5
       Tnw = 15896.7
       Tec = 14618.7
     twoNb = 884559
     twoNe = 180470
     twoNc = 1.21479e+06
     twoNn = 1.3692e+06
     twoNw = 8.0064e+06
    twoNec = 88320.6
    twoNnw = 40791.6
  twoNecnw = 71722.8
  twoNbecnw = 16915.7
  twoNgbecnw = 377762
         m = 0.0874615
        m2 = 0.0320076
        m3 = 0.263923
        m4 = 1.05247e-06
        m5 = 0.123813
        Tb = 21477.6
        Ta = 48338.8
        Tc = 7948.34
        Td = 3974.17
        Te = 1987.08
DiffEv reached_goal. cost=1.50882e-03 spread=2.48882e-06
Fitted parameter values
Free:
       pc1 = -3.76708
       pc2 = -3.99685
       pc3 = 2.27585
       pc4 = 1.60512
       pc5 = 0.204901
       pc6 = 0.406389
       pc7 = 1.65275
       pc8 = 0.167812
       pc9 = -1.57949
      pc10 = 0.948072
      pc11 = 1.02951
      pc12 = -0.616743
      pc13 = 0.218735
      pc14 = 0.25256
      pc15 = -0.0533777
      pc16 = 0.14584
      pc17 = -0.0837927
      pc18 = -0.0716153
      pc19 = -0.0108281
Constrained:
   Tgbecnw = 90265.7
     Tecnw = 26057.4
       Tnw = 17722.3
       Tec = 14300
     twoNb = 628797
     twoNe = 142697
     twoNc = 2.34335e+06
     twoNn = 2.70112e+06
     twoNw = 1.35015e+07
    twoNec = 76734.5
    twoNnw = 26181.5
  twoNecnw = 71105.8
  twoNbecnw = 5442.4
  twoNgbecnw = 411479
         m = 0.0766354
        m2 = 0.0311053
        m3 = 0.272741
        m4 = 2.35096e-06
        m5 = 0.120331
        Tb = 20178.7
        Ta = 47689.4
        Tc = 8861.14
        Td = 4430.57
        Te = 2215.28
#       SitePat  BranchLen
              b 124136.5971593
              e 48490.4819007
              c 50783.0049849
              n 44650.6453088
              w 46888.0375934
            b:e 2144.3451879
            b:c 2402.5712299
            b:n 1637.8316983
            b:w 1781.7018287
            e:c 10304.5661660
            e:n 5829.7666567
            e:w 5141.2675921
            c:n 5298.8298820
            c:w 4419.5628231
            n:w 12427.8472859
          b:e:c 1988.5988356
          b:e:n 1037.5603278
          b:e:w 1072.3345459
          b:c:n 1063.9634916
          b:c:w 1065.5611012
          b:n:w 1976.3842687
          e:c:n 5004.2110913
          e:c:w 4179.4500011
          e:n:w 6364.6264844
          c:n:w 5393.2223229
        b:e:c:n 2037.5671741
        b:e:c:w 2012.4601949
        b:e:n:w 3231.1134361
        b:c:n:w 2884.7802751
        e:c:n:w 51635.0213584
