########################################
# legofit: estimate population history #
#            version 2.3.3             #
########################################

# Program was compiled: Sep 12 2021 17:54:39
# Program was run: Sun Sep 19 03:23:27 2021

# cmd: legofit -1 -d 0 -t 56 --ptsPerDim 3 --stateOut b1boot46.state --tol 3e-6 -S 5000 abcde2.lgo ../../boot/boot46.opf
# Stage nOptItr nSimReps
#     0    5000        0
# algorithm          : deterministic
# ignoring probs <=  : 0
# Branch length floor: 0
# DE strategy        : 2
#    F               : 0.3
#    CR              : 0.8
#    tolerance       : 3e-06
# nthreads           : 56
# lgo input file     : abcde2.lgo
# site pat input file: ../../boot/boot46.opf
# free parameters    : 19
# points in DE swarm : 57
# output state file  : b1boot46.state
# Including singleton site patterns.
# cost function      : KL
Initial parameter values
Fixed:
      zero = 0
       one = 1
    Tbecnw = 75200
Free:
       pc1 = 0
       pc2 = 0
       pc3 = 0
       pc4 = 0
       pc5 = 0
       pc6 = 0
       pc7 = 0
       pc8 = 0
       pc9 = 0
      pc10 = 0
      pc11 = 0
      pc12 = 0
      pc13 = 0
      pc14 = 0
      pc15 = 0
      pc16 = 0
      pc17 = 0
      pc18 = 0
      pc19 = 0
Constrained:
   Tgbecnw = 125187
     Tecnw = 28336.5
       Tnw = 15896.7
       Tec = 14618.7
     twoNb = 884559
     twoNe = 180470
     twoNc = 1.21479e+06
     twoNn = 1.3692e+06
     twoNw = 8.0064e+06
    twoNec = 88320.6
    twoNnw = 40791.6
  twoNecnw = 71722.8
  twoNbecnw = 16915.7
  twoNgbecnw = 377762
         m = 0.0874615
        m2 = 0.0320076
        m3 = 0.263923
        m4 = 1.05247e-06
        m5 = 0.123813
        Tb = 21477.6
        Ta = 48338.8
        Tc = 7948.34
        Td = 3974.17
        Te = 1987.08
DiffEv reached_goal. cost=1.46856e-03 spread=2.34831e-06
Fitted parameter values
Free:
       pc1 = -1.7348
       pc2 = -3.83013
       pc3 = 2.77241
       pc4 = 1.74099
       pc5 = -0.0613375
       pc6 = 0.36989
       pc7 = 0.196372
       pc8 = -0.808934
       pc9 = -1.49961
      pc10 = 1.4572
      pc11 = 0.293151
      pc12 = -0.207612
      pc13 = -0.356057
      pc14 = 0.297773
      pc15 = 0.191872
      pc16 = -0.147103
      pc17 = -0.121236
      pc18 = -0.0352985
      pc19 = -0.0156717
Constrained:
   Tgbecnw = 97508.1
     Tecnw = 26869.3
       Tnw = 16780.9
       Tec = 12420.9
     twoNb = 743350
     twoNe = 113212
     twoNc = 1.59071e+06
     twoNn = 5.08867e+06
     twoNw = 1.09665e+07
    twoNec = 96232.3
    twoNnw = 31846.3
  twoNecnw = 68638.8
  twoNbecnw = 8116.61
  twoNgbecnw = 390874
         m = 0.0791915
        m2 = 0.0309753
        m3 = 0.270796
        m4 = 2.2078e-06
        m5 = 0.120437
        Tb = 19645.1
        Ta = 47422.6
        Tc = 8390.44
        Td = 4195.22
        Te = 2097.61
#       SitePat  BranchLen
              b 125514.4171253
              e 48851.7760621
              c 51160.2865854
              n 44942.5997031
              w 47162.9671855
            b:e 2175.6356534
            b:c 2433.4410520
            b:n 1665.0358096
            b:w 1806.5100499
            e:c 10418.0176335
            e:n 5880.8875078
            e:w 5198.8422851
            c:n 5356.4584762
            c:w 4461.5218800
            n:w 12566.2581444
          b:e:c 2002.9292996
          b:e:n 1050.1933768
          b:e:w 1086.0666845
          b:c:n 1077.5220721
          b:c:w 1076.5646323
          b:n:w 1995.3543141
          e:c:n 5074.0543454
          e:c:w 4272.6451521
          e:n:w 6497.1645898
          c:n:w 5520.7185575
        b:e:c:n 2041.2533664
        b:e:c:w 2022.8868411
        b:e:n:w 3250.7997699
        b:c:n:w 2904.8526511
        e:c:n:w 52280.3103427
