########################################
# legofit: estimate population history #
#            version 2.3.3             #
########################################

# Program was compiled: Sep 12 2021 17:54:39
# Program was run: Sat Sep 18 05:16:18 2021

# cmd: legofit -1 -d 0 -t 56 --ptsPerDim 3 --stateOut b1boot21.state --tol 3e-6 -S 5000 abcde2.lgo ../../boot/boot21.opf
# Stage nOptItr nSimReps
#     0    5000        0
# algorithm          : deterministic
# ignoring probs <=  : 0
# Branch length floor: 0
# DE strategy        : 2
#    F               : 0.3
#    CR              : 0.8
#    tolerance       : 3e-06
# nthreads           : 56
# lgo input file     : abcde2.lgo
# site pat input file: ../../boot/boot21.opf
# free parameters    : 19
# points in DE swarm : 57
# output state file  : b1boot21.state
# Including singleton site patterns.
# cost function      : KL
Initial parameter values
Fixed:
      zero = 0
       one = 1
    Tbecnw = 75200
Free:
       pc1 = 0
       pc2 = 0
       pc3 = 0
       pc4 = 0
       pc5 = 0
       pc6 = 0
       pc7 = 0
       pc8 = 0
       pc9 = 0
      pc10 = 0
      pc11 = 0
      pc12 = 0
      pc13 = 0
      pc14 = 0
      pc15 = 0
      pc16 = 0
      pc17 = 0
      pc18 = 0
      pc19 = 0
Constrained:
   Tgbecnw = 125187
     Tecnw = 28336.5
       Tnw = 15896.7
       Tec = 14618.7
     twoNb = 884559
     twoNe = 180470
     twoNc = 1.21479e+06
     twoNn = 1.3692e+06
     twoNw = 8.0064e+06
    twoNec = 88320.6
    twoNnw = 40791.6
  twoNecnw = 71722.8
  twoNbecnw = 16915.7
  twoNgbecnw = 377762
         m = 0.0874615
        m2 = 0.0320076
        m3 = 0.263923
        m4 = 1.05247e-06
        m5 = 0.123813
        Tb = 21477.6
        Ta = 48338.8
        Tc = 7948.34
        Td = 3974.17
        Te = 1987.08
DiffEv reached_goal. cost=1.50567e-03 spread=2.87179e-06
Fitted parameter values
Free:
       pc1 = -2.31902
       pc2 = -3.99317
       pc3 = 1.41581
       pc4 = 0.326753
       pc5 = 0.287983
       pc6 = 0.0366362
       pc7 = 1.5859
       pc8 = 0.433324
       pc9 = -1.26871
      pc10 = 1.4147
      pc11 = -0.328854
      pc12 = -0.712157
      pc13 = -0.183358
      pc14 = 0.35647
      pc15 = 0.295484
      pc16 = -0.0985609
      pc17 = -0.153004
      pc18 = -0.0327337
      pc19 = 0.00101137
Constrained:
   Tgbecnw = 94208.5
     Tecnw = 26527.1
       Tnw = 16937.7
       Tec = 13333.9
     twoNb = 667399
     twoNe = 149995
     twoNc = 1.57593e+06
     twoNn = 2.21823e+06
     twoNw = 1.2471e+07
    twoNec = 86122.6
    twoNnw = 30137.9
  twoNecnw = 68818.6
  twoNbecnw = 6893.19
  twoNgbecnw = 402367
         m = 0.0768703
        m2 = 0.0316926
        m3 = 0.268693
        m4 = 1.27479e-06
        m5 = 0.125378
        Tb = 19930.5
        Ta = 47565.2
        Tc = 8468.84
        Td = 4234.42
        Te = 2117.21
#       SitePat  BranchLen
              b 124755.3494275
              e 48538.8624219
              c 50877.8576611
              n 44665.7233952
              w 46808.7519957
            b:e 2161.7803461
            b:c 2427.3084814
            b:n 1650.0693268
            b:w 1784.2740314
            e:c 10350.1177537
            e:n 5803.5554822
            e:w 5190.9353893
            c:n 5316.1603287
            c:w 4417.0907648
            n:w 12515.2987575
          b:e:c 1992.3518175
          b:e:n 1036.4301390
          b:e:w 1076.8568883
          b:c:n 1068.8236132
          b:c:w 1062.5620765
          b:n:w 1982.3793128
          e:c:n 5028.7799092
          e:c:w 4242.0603927
          e:n:w 6479.6280828
          c:n:w 5474.3947322
        b:e:c:n 2024.5668537
        b:e:c:w 2011.5775598
        b:e:n:w 3247.8421457
        b:c:n:w 2891.6932147
        e:c:n:w 51988.5202556
