########################################
# legofit: estimate population history #
#            version 2.3.3             #
########################################

# Program was compiled: Sep 12 2021 17:54:39
# Program was run: Fri Sep 17 19:53:14 2021

# cmd: legofit -1 -d 0 -t 56 --ptsPerDim 3 --stateOut b1boot3.state --tol 3e-6 -S 5000 abcde2.lgo ../../boot/boot3.opf
# Stage nOptItr nSimReps
#     0    5000        0
# algorithm          : deterministic
# ignoring probs <=  : 0
# Branch length floor: 0
# DE strategy        : 2
#    F               : 0.3
#    CR              : 0.8
#    tolerance       : 3e-06
# nthreads           : 56
# lgo input file     : abcde2.lgo
# site pat input file: ../../boot/boot3.opf
# free parameters    : 19
# points in DE swarm : 57
# output state file  : b1boot3.state
# Including singleton site patterns.
# cost function      : KL
Initial parameter values
Fixed:
      zero = 0
       one = 1
    Tbecnw = 75200
Free:
       pc1 = 0
       pc2 = 0
       pc3 = 0
       pc4 = 0
       pc5 = 0
       pc6 = 0
       pc7 = 0
       pc8 = 0
       pc9 = 0
      pc10 = 0
      pc11 = 0
      pc12 = 0
      pc13 = 0
      pc14 = 0
      pc15 = 0
      pc16 = 0
      pc17 = 0
      pc18 = 0
      pc19 = 0
Constrained:
   Tgbecnw = 125187
     Tecnw = 28336.5
       Tnw = 15896.7
       Tec = 14618.7
     twoNb = 884559
     twoNe = 180470
     twoNc = 1.21479e+06
     twoNn = 1.3692e+06
     twoNw = 8.0064e+06
    twoNec = 88320.6
    twoNnw = 40791.6
  twoNecnw = 71722.8
  twoNbecnw = 16915.7
  twoNgbecnw = 377762
         m = 0.0874615
        m2 = 0.0320076
        m3 = 0.263923
        m4 = 1.05247e-06
        m5 = 0.123813
        Tb = 21477.6
        Ta = 48338.8
        Tc = 7948.34
        Td = 3974.17
        Te = 1987.08
DiffEv reached_goal. cost=1.53401e-03 spread=2.65557e-06
Fitted parameter values
Free:
       pc1 = -3.44161
       pc2 = -3.94801
       pc3 = 2.30474
       pc4 = 1.11208
       pc5 = -0.337521
       pc6 = -0.0875159
       pc7 = 0.183168
       pc8 = 0.111475
       pc9 = -1.35211
      pc10 = 1.18784
      pc11 = 0.66657
      pc12 = -0.240962
      pc13 = 0.0140807
      pc14 = 0.181388
      pc15 = 0.00355246
      pc16 = 0.00124346
      pc17 = -0.0704833
      pc18 = -0.0402381
      pc19 = 0.012271
Constrained:
   Tgbecnw = 94378.1
     Tecnw = 26269.5
       Tnw = 17384.2
       Tec = 14090.8
     twoNb = 576459
     twoNe = 139264
     twoNc = 2.06939e+06
     twoNn = 4.29876e+06
     twoNw = 1.02057e+07
    twoNec = 79461.1
    twoNnw = 28339.3
  twoNecnw = 71014.8
  twoNbecnw = 6892.02
  twoNgbecnw = 409862
         m = 0.0767658
        m2 = 0.0306136
        m3 = 0.267278
        m4 = 9.61283e-07
        m5 = 0.121543
        Tb = 20180.1
        Ta = 47690.1
        Tc = 8692.08
        Td = 4346.04
        Te = 2173.02
#       SitePat  BranchLen
              b 125005.6804439
              e 48711.7219176
              c 51030.8929861
              n 44904.6137580
              w 47131.3162056
            b:e 2181.7882481
            b:c 2445.1424542
            b:n 1669.2611477
            b:w 1812.0506628
            e:c 10404.6110873
            e:n 5879.2699594
            e:w 5195.3377226
            c:n 5335.6172065
            c:w 4466.7346601
            n:w 12530.2573955
          b:e:c 2016.7079277
          b:e:n 1054.1812205
          b:e:w 1087.6491266
          b:c:n 1080.1539157
          b:c:w 1081.0439238
          b:n:w 2003.2193733
          e:c:n 5064.5568024
          e:c:w 4245.7407951
          e:n:w 6436.5165130
          c:n:w 5455.5193822
        b:e:c:n 2064.8845278
        b:e:c:w 2032.6654895
        b:e:n:w 3246.2200853
        b:c:n:w 2897.5802434
        e:c:n:w 52056.3775616
