########################################
# legofit: estimate population history #
#            version 2.3.3             #
########################################

# Program was compiled: Sep 12 2021 17:54:39
# Program was run: Sat Sep 18 13:26:59 2021

# cmd: legofit -1 -d 0 -t 56 --ptsPerDim 3 --stateOut b1boot35.state --tol 3e-6 -S 5000 abcde2.lgo ../../boot/boot35.opf
# Stage nOptItr nSimReps
#     0    5000        0
# algorithm          : deterministic
# ignoring probs <=  : 0
# Branch length floor: 0
# DE strategy        : 2
#    F               : 0.3
#    CR              : 0.8
#    tolerance       : 3e-06
# nthreads           : 56
# lgo input file     : abcde2.lgo
# site pat input file: ../../boot/boot35.opf
# free parameters    : 19
# points in DE swarm : 57
# output state file  : b1boot35.state
# Including singleton site patterns.
# cost function      : KL
Initial parameter values
Fixed:
      zero = 0
       one = 1
    Tbecnw = 75200
Free:
       pc1 = 0
       pc2 = 0
       pc3 = 0
       pc4 = 0
       pc5 = 0
       pc6 = 0
       pc7 = 0
       pc8 = 0
       pc9 = 0
      pc10 = 0
      pc11 = 0
      pc12 = 0
      pc13 = 0
      pc14 = 0
      pc15 = 0
      pc16 = 0
      pc17 = 0
      pc18 = 0
      pc19 = 0
Constrained:
   Tgbecnw = 125187
     Tecnw = 28336.5
       Tnw = 15896.7
       Tec = 14618.7
     twoNb = 884559
     twoNe = 180470
     twoNc = 1.21479e+06
     twoNn = 1.3692e+06
     twoNw = 8.0064e+06
    twoNec = 88320.6
    twoNnw = 40791.6
  twoNecnw = 71722.8
  twoNbecnw = 16915.7
  twoNgbecnw = 377762
         m = 0.0874615
        m2 = 0.0320076
        m3 = 0.263923
        m4 = 1.05247e-06
        m5 = 0.123813
        Tb = 21477.6
        Ta = 48338.8
        Tc = 7948.34
        Td = 3974.17
        Te = 1987.08
DiffEv reached_goal. cost=1.50615e-03 spread=2.95606e-06
Fitted parameter values
Free:
       pc1 = -2.84699
       pc2 = -3.83309
       pc3 = 2.36354
       pc4 = 1.62547
       pc5 = -0.730846
       pc6 = 0.178726
       pc7 = 0.741155
       pc8 = 0.895366
       pc9 = -1.25449
      pc10 = 0.9934
      pc11 = 0.62109
      pc12 = -0.0430027
      pc13 = 0.0828404
      pc14 = 0.212956
      pc15 = -0.140779
      pc16 = -0.04645
      pc17 = -0.0840574
      pc18 = 0.0134762
      pc19 = -0.0364494
Constrained:
   Tgbecnw = 95342.5
     Tecnw = 26483.6
       Tnw = 17165.5
       Tec = 13822.8
     twoNb = 612782
     twoNe = 131832
     twoNc = 3.01544e+06
     twoNn = 3.5712e+06
     twoNw = 9.51542e+06
    twoNec = 84349.7
    twoNnw = 29147.4
  twoNecnw = 70459.6
  twoNbecnw = 7282.87
  twoNgbecnw = 398202
         m = 0.0789025
        m2 = 0.0308607
        m3 = 0.272372
        m4 = 6.45184e-07
        m5 = 0.121476
        Tb = 20153.2
        Ta = 47676.6
        Tc = 8582.74
        Td = 4291.37
        Te = 2145.68
#       SitePat  BranchLen
              b 125137.2050035
              e 48842.1727670
              c 51212.1486398
              n 44881.1233271
              w 47110.1348392
            b:e 2176.0116330
            b:c 2441.7772136
            b:n 1655.7474274
            b:w 1795.9882604
            e:c 10331.3614996
            e:n 5895.7218915
            e:w 5199.6880123
            c:n 5332.3338771
            c:w 4460.0012162
            n:w 12572.3101031
          b:e:c 2000.7268238
          b:e:n 1048.7302331
          b:e:w 1081.8471611
          b:c:n 1074.1238609
          b:c:w 1075.8877611
          b:n:w 1987.9112526
          e:c:n 5037.5104061
          e:c:w 4225.4649469
          e:n:w 6475.3536372
          c:n:w 5475.9849534
        b:e:c:n 2041.8415016
        b:e:c:w 2018.1203801
        b:e:n:w 3248.5907456
        b:c:n:w 2895.8585363
        e:c:n:w 52057.2263635
