########################################
# legofit: estimate population history #
#            version 2.3.3             #
########################################

# Program was compiled: Sep 12 2021 17:54:39
# Program was run: Sat Sep 18 01:44:43 2021

# cmd: legofit -1 -d 0 -t 56 --ptsPerDim 3 --stateOut b1boot13.state --tol 3e-6 -S 5000 abcde2.lgo ../../boot/boot13.opf
# Stage nOptItr nSimReps
#     0    5000        0
# algorithm          : deterministic
# ignoring probs <=  : 0
# Branch length floor: 0
# DE strategy        : 2
#    F               : 0.3
#    CR              : 0.8
#    tolerance       : 3e-06
# nthreads           : 56
# lgo input file     : abcde2.lgo
# site pat input file: ../../boot/boot13.opf
# free parameters    : 19
# points in DE swarm : 57
# output state file  : b1boot13.state
# Including singleton site patterns.
# cost function      : KL
Initial parameter values
Fixed:
      zero = 0
       one = 1
    Tbecnw = 75200
Free:
       pc1 = 0
       pc2 = 0
       pc3 = 0
       pc4 = 0
       pc5 = 0
       pc6 = 0
       pc7 = 0
       pc8 = 0
       pc9 = 0
      pc10 = 0
      pc11 = 0
      pc12 = 0
      pc13 = 0
      pc14 = 0
      pc15 = 0
      pc16 = 0
      pc17 = 0
      pc18 = 0
      pc19 = 0
Constrained:
   Tgbecnw = 125187
     Tecnw = 28336.5
       Tnw = 15896.7
       Tec = 14618.7
     twoNb = 884559
     twoNe = 180470
     twoNc = 1.21479e+06
     twoNn = 1.3692e+06
     twoNw = 8.0064e+06
    twoNec = 88320.6
    twoNnw = 40791.6
  twoNecnw = 71722.8
  twoNbecnw = 16915.7
  twoNgbecnw = 377762
         m = 0.0874615
        m2 = 0.0320076
        m3 = 0.263923
        m4 = 1.05247e-06
        m5 = 0.123813
        Tb = 21477.6
        Ta = 48338.8
        Tc = 7948.34
        Td = 3974.17
        Te = 1987.08
DiffEv reached_goal. cost=1.51692e-03 spread=2.44101e-06
Fitted parameter values
Free:
       pc1 = -3.42013
       pc2 = -3.99814
       pc3 = 2.55703
       pc4 = 1.11736
       pc5 = -0.266091
       pc6 = -0.332108
       pc7 = 0.324928
       pc8 = -0.292816
       pc9 = -1.648
      pc10 = 1.13706
      pc11 = 0.813997
      pc12 = -0.0358564
      pc13 = -0.460281
      pc14 = 0.229566
      pc15 = 0.2387
      pc16 = -0.0465245
      pc17 = -0.134127
      pc18 = -0.0959548
      pc19 = 0.00841289
Constrained:
   Tgbecnw = 93009.2
     Tecnw = 26311.1
       Tnw = 17624.2
       Tec = 14087.7
     twoNb = 556114
     twoNe = 140687
     twoNc = 1.71565e+06
     twoNn = 4.39792e+06
     twoNw = 1.08556e+07
    twoNec = 79484.5
    twoNnw = 27536.8
  twoNecnw = 69832.4
  twoNbecnw = 6512.69
  twoNgbecnw = 393180
         m = 0.0796028
        m2 = 0.0305089
        m3 = 0.265923
        m4 = 9.70726e-07
        m5 = 0.120304
        Tb = 20199.4
        Ta = 47699.7
        Tc = 8812.1
        Td = 4406.05
        Te = 2203.03
#       SitePat  BranchLen
              b 124660.7761510
              e 48512.2874053
              c 50783.1815809
              n 44721.7214831
              w 46922.7148068
            b:e 2163.3408035
            b:c 2422.3365253
            b:n 1646.7754682
            b:w 1784.2215269
            e:c 10369.0386708
            e:n 5814.9653206
            e:w 5145.8516570
            c:n 5291.8739525
            c:w 4430.7450701
            n:w 12472.1195383
          b:e:c 1993.8427824
          b:e:n 1036.2820086
          b:e:w 1069.3334791
          b:c:n 1062.2115937
          b:c:w 1061.9509180
          b:n:w 1979.4208799
          e:c:n 5041.0719045
          e:c:w 4231.8944423
          e:n:w 6423.9169082
          c:n:w 5453.8572333
        b:e:c:n 2030.1607888
        b:e:c:w 1998.3506710
        b:e:n:w 3196.1391919
        b:c:n:w 2855.9598781
        e:c:n:w 51934.6268397
