########################################
# legofit: estimate population history #
#            version 2.3.3             #
########################################

# Program was compiled: Sep 12 2021 17:54:39
# Program was run: Sat Sep 18 10:08:50 2021

# cmd: legofit -1 -d 0 -t 56 --ptsPerDim 3 --stateOut b1boot31.state --tol 3e-6 -S 5000 abcde2.lgo ../../boot/boot31.opf
# Stage nOptItr nSimReps
#     0    5000        0
# algorithm          : deterministic
# ignoring probs <=  : 0
# Branch length floor: 0
# DE strategy        : 2
#    F               : 0.3
#    CR              : 0.8
#    tolerance       : 3e-06
# nthreads           : 56
# lgo input file     : abcde2.lgo
# site pat input file: ../../boot/boot31.opf
# free parameters    : 19
# points in DE swarm : 57
# output state file  : b1boot31.state
# Including singleton site patterns.
# cost function      : KL
Initial parameter values
Fixed:
      zero = 0
       one = 1
    Tbecnw = 75200
Free:
       pc1 = 0
       pc2 = 0
       pc3 = 0
       pc4 = 0
       pc5 = 0
       pc6 = 0
       pc7 = 0
       pc8 = 0
       pc9 = 0
      pc10 = 0
      pc11 = 0
      pc12 = 0
      pc13 = 0
      pc14 = 0
      pc15 = 0
      pc16 = 0
      pc17 = 0
      pc18 = 0
      pc19 = 0
Constrained:
   Tgbecnw = 125187
     Tecnw = 28336.5
       Tnw = 15896.7
       Tec = 14618.7
     twoNb = 884559
     twoNe = 180470
     twoNc = 1.21479e+06
     twoNn = 1.3692e+06
     twoNw = 8.0064e+06
    twoNec = 88320.6
    twoNnw = 40791.6
  twoNecnw = 71722.8
  twoNbecnw = 16915.7
  twoNgbecnw = 377762
         m = 0.0874615
        m2 = 0.0320076
        m3 = 0.263923
        m4 = 1.05247e-06
        m5 = 0.123813
        Tb = 21477.6
        Ta = 48338.8
        Tc = 7948.34
        Td = 3974.17
        Te = 1987.08
DiffEv reached_goal. cost=1.51286e-03 spread=2.75276e-06
Fitted parameter values
Free:
       pc1 = -3.48554
       pc2 = -3.96506
       pc3 = 1.12985
       pc4 = 0.876524
       pc5 = -0.157781
       pc6 = 0.102403
       pc7 = 1.93187
       pc8 = 1.0069
       pc9 = -0.927453
      pc10 = 0.632247
      pc11 = 1.40766
      pc12 = -0.272566
      pc13 = 0.359074
      pc14 = 0.294623
      pc15 = -0.0725256
      pc16 = -0.0700241
      pc17 = -0.0569834
      pc18 = -0.0262171
      pc19 = 0.00541163
Constrained:
   Tgbecnw = 93504
     Tecnw = 26069.8
       Tnw = 16882.9
       Tec = 15020.5
     twoNb = 635877
     twoNe = 175123
     twoNc = 2.87168e+06
     twoNn = 871393
     twoNw = 1.15655e+07
    twoNec = 71945.8
    twoNnw = 29460
  twoNecnw = 70686.6
  twoNbecnw = 6514.57
  twoNgbecnw = 423096
         m = 0.0735699
        m2 = 0.0309552
        m3 = 0.26964
        m4 = 1.32081e-06
        m5 = 0.12201
        Tb = 20545.2
        Ta = 47872.6
        Tc = 8441.46
        Td = 4220.73
        Te = 2110.36
#       SitePat  BranchLen
              b 124551.9791413
              e 48551.5099252
              c 50862.5690653
              n 44708.4855828
              w 46892.6969959
            b:e 2154.9009659
            b:c 2413.6817331
            b:n 1657.7007314
            b:w 1802.7276251
            e:c 10308.4283691
            e:n 5858.0297927
            e:w 5200.3972131
            c:n 5325.9458716
            c:w 4465.0119009
            n:w 12487.6306454
          b:e:c 1996.8691700
          b:e:n 1047.6392045
          b:e:w 1082.7793653
          b:c:n 1074.5494488
          b:c:w 1075.0401174
          b:n:w 1986.4656544
          e:c:n 5063.6740066
          e:c:w 4244.1935629
          e:n:w 6409.3506649
          c:n:w 5435.3889829
        b:e:c:n 2053.5863742
        b:e:c:w 2026.7642773
        b:e:n:w 3237.2560399
        b:c:n:w 2889.6760318
        e:c:n:w 51816.2371301
