########################################
# legofit: estimate population history #
#            version 2.3.3             #
########################################

# Program was compiled: Sep 12 2021 17:54:39
# Program was run: Sat Sep 18 04:07:55 2021

# cmd: legofit -1 -d 0 -t 56 --ptsPerDim 3 --stateOut b1boot18.state --tol 3e-6 -S 5000 abcde2.lgo ../../boot/boot18.opf
# Stage nOptItr nSimReps
#     0    5000        0
# algorithm          : deterministic
# ignoring probs <=  : 0
# Branch length floor: 0
# DE strategy        : 2
#    F               : 0.3
#    CR              : 0.8
#    tolerance       : 3e-06
# nthreads           : 56
# lgo input file     : abcde2.lgo
# site pat input file: ../../boot/boot18.opf
# free parameters    : 19
# points in DE swarm : 57
# output state file  : b1boot18.state
# Including singleton site patterns.
# cost function      : KL
Initial parameter values
Fixed:
      zero = 0
       one = 1
    Tbecnw = 75200
Free:
       pc1 = 0
       pc2 = 0
       pc3 = 0
       pc4 = 0
       pc5 = 0
       pc6 = 0
       pc7 = 0
       pc8 = 0
       pc9 = 0
      pc10 = 0
      pc11 = 0
      pc12 = 0
      pc13 = 0
      pc14 = 0
      pc15 = 0
      pc16 = 0
      pc17 = 0
      pc18 = 0
      pc19 = 0
Constrained:
   Tgbecnw = 125187
     Tecnw = 28336.5
       Tnw = 15896.7
       Tec = 14618.7
     twoNb = 884559
     twoNe = 180470
     twoNc = 1.21479e+06
     twoNn = 1.3692e+06
     twoNw = 8.0064e+06
    twoNec = 88320.6
    twoNnw = 40791.6
  twoNecnw = 71722.8
  twoNbecnw = 16915.7
  twoNgbecnw = 377762
         m = 0.0874615
        m2 = 0.0320076
        m3 = 0.263923
        m4 = 1.05247e-06
        m5 = 0.123813
        Tb = 21477.6
        Ta = 48338.8
        Tc = 7948.34
        Td = 3974.17
        Te = 1987.08
DiffEv reached_goal. cost=1.51357e-03 spread=2.35606e-06
Fitted parameter values
Free:
       pc1 = -3.73293
       pc2 = -3.97525
       pc3 = 1.7079
       pc4 = 1.85081
       pc5 = -0.0517194
       pc6 = 0.0981051
       pc7 = 1.46418
       pc8 = 1.41652
       pc9 = -1.8915
      pc10 = 1.28157
      pc11 = 0.746957
      pc12 = -0.658366
      pc13 = 0.152462
      pc14 = 0.201158
      pc15 = -0.0897982
      pc16 = 0.0529665
      pc17 = -0.064789
      pc18 = -0.0420334
      pc19 = 0.0393889
Constrained:
   Tgbecnw = 91605
     Tecnw = 26027
       Tnw = 17798.4
       Tec = 14439.5
     twoNb = 667824
     twoNe = 144488
     twoNc = 2.96904e+06
     twoNn = 2.73313e+06
     twoNw = 1.49433e+07
    twoNec = 74504.5
    twoNnw = 25603.4
  twoNecnw = 70796.6
  twoNbecnw = 5820.96
  twoNgbecnw = 428240
         m = 0.0728074
        m2 = 0.0314691
        m3 = 0.2748
        m4 = 3.32758e-07
        m5 = 0.121568
        Tb = 20233.2
        Ta = 47716.6
        Tc = 8899.22
        Td = 4449.61
        Te = 2224.81
#       SitePat  BranchLen
              b 124095.4133787
              e 48388.5149288
              c 50711.1042324
              n 44551.3825782
              w 46818.6003214
            b:e 2130.8661528
            b:c 2391.3727747
            b:n 1630.9393328
            b:w 1779.8994512
            e:c 10333.9474926
            e:n 5832.7674496
            e:w 5142.1014995
            c:n 5303.2218242
            c:w 4408.7777124
            n:w 12442.3279505
          b:e:c 1985.2230899
          b:e:n 1032.1303593
          b:e:w 1068.5409795
          b:c:n 1059.5185997
          b:c:w 1060.8610704
          b:n:w 1975.6579179
          e:c:n 5028.2715739
          e:c:w 4183.8569042
          e:n:w 6382.8733116
          c:n:w 5394.9607771
        b:e:c:n 2031.2771955
        b:e:c:w 2006.8710206
        b:e:n:w 3233.9355162
        b:c:n:w 2881.9131869
        e:c:n:w 51583.2427333
