########################################
# legofit: estimate population history #
#            version 2.3.3             #
########################################

# Program was compiled: Sep 12 2021 17:54:39
# Program was run: Sat Sep 18 07:34:56 2021

# cmd: legofit -1 -d 0 -t 56 --ptsPerDim 3 --stateOut b1boot26.state --tol 3e-6 -S 5000 abcde2.lgo ../../boot/boot26.opf
# Stage nOptItr nSimReps
#     0    5000        0
# algorithm          : deterministic
# ignoring probs <=  : 0
# Branch length floor: 0
# DE strategy        : 2
#    F               : 0.3
#    CR              : 0.8
#    tolerance       : 3e-06
# nthreads           : 56
# lgo input file     : abcde2.lgo
# site pat input file: ../../boot/boot26.opf
# free parameters    : 19
# points in DE swarm : 57
# output state file  : b1boot26.state
# Including singleton site patterns.
# cost function      : KL
Initial parameter values
Fixed:
      zero = 0
       one = 1
    Tbecnw = 75200
Free:
       pc1 = 0
       pc2 = 0
       pc3 = 0
       pc4 = 0
       pc5 = 0
       pc6 = 0
       pc7 = 0
       pc8 = 0
       pc9 = 0
      pc10 = 0
      pc11 = 0
      pc12 = 0
      pc13 = 0
      pc14 = 0
      pc15 = 0
      pc16 = 0
      pc17 = 0
      pc18 = 0
      pc19 = 0
Constrained:
   Tgbecnw = 125187
     Tecnw = 28336.5
       Tnw = 15896.7
       Tec = 14618.7
     twoNb = 884559
     twoNe = 180470
     twoNc = 1.21479e+06
     twoNn = 1.3692e+06
     twoNw = 8.0064e+06
    twoNec = 88320.6
    twoNnw = 40791.6
  twoNecnw = 71722.8
  twoNbecnw = 16915.7
  twoNgbecnw = 377762
         m = 0.0874615
        m2 = 0.0320076
        m3 = 0.263923
        m4 = 1.05247e-06
        m5 = 0.123813
        Tb = 21477.6
        Ta = 48338.8
        Tc = 7948.34
        Td = 3974.17
        Te = 1987.08
DiffEv reached_goal. cost=1.50283e-03 spread=2.99198e-06
Fitted parameter values
Free:
       pc1 = -2.24015
       pc2 = -3.9763
       pc3 = 1.61634
       pc4 = 1.69856
       pc5 = -0.51165
       pc6 = -1.4479
       pc7 = 0.239302
       pc8 = -1.64837
       pc9 = -1.8873
      pc10 = 1.53603
      pc11 = 1.02348
      pc12 = -0.112423
      pc13 = 0.0158865
      pc14 = 0.328741
      pc15 = 0.211072
      pc16 = -0.061276
      pc17 = -0.0650452
      pc18 = -0.0469784
      pc19 = 0.00482923
Constrained:
   Tgbecnw = 94534.3
     Tecnw = 26525.3
       Tnw = 15733.2
       Tec = 13385.8
     twoNb = 722937
     twoNe = 153762
     twoNc = 426043
     twoNn = 4.45583e+06
     twoNw = 8.28902e+06
    twoNec = 86493.1
    twoNnw = 35387.2
  twoNecnw = 69117.8
  twoNbecnw = 6905.97
  twoNgbecnw = 418310
         m = 0.0735047
        m2 = 0.0309557
        m3 = 0.267651
        m4 = 2.21825e-07
        m5 = 0.117373
        Tb = 19955.5
        Ta = 47577.8
        Tc = 7866.58
        Td = 3933.29
        Te = 1966.64
#       SitePat  BranchLen
              b 124585.7281062
              e 48609.5386201
              c 50834.3943934
              n 44790.8980018
              w 46990.6901772
            b:e 2150.3544945
            b:c 2394.3262774
            b:n 1662.0948069
            b:w 1806.7878058
            e:c 10356.4299587
            e:n 5860.0811554
            e:w 5177.4361040
            c:n 5333.8675603
            c:w 4467.4999644
            n:w 12482.0009602
          b:e:c 1987.5750937
          b:e:n 1049.0883521
          b:e:w 1082.6396097
          b:c:n 1073.9023557
          b:c:w 1075.6934396
          b:n:w 1980.4482224
          e:c:n 5071.8693905
          e:c:w 4264.6357184
          e:n:w 6361.8842848
          c:n:w 5441.7917382
        b:e:c:n 2050.8589865
        b:e:c:w 2027.2778353
        b:e:n:w 3221.3370179
        b:c:n:w 2890.8838906
        e:c:n:w 51767.9898542
