########################################
# legofit: estimate population history #
#            version 2.3.3             #
########################################

# Program was compiled: Sep 12 2021 17:54:39
# Program was run: Sat Sep 18 15:11:19 2021

# cmd: legofit -1 -d 0 -t 56 --ptsPerDim 3 --stateOut b1boot38.state --tol 3e-6 -S 5000 abcde2.lgo ../../boot/boot38.opf
# Stage nOptItr nSimReps
#     0    5000        0
# algorithm          : deterministic
# ignoring probs <=  : 0
# Branch length floor: 0
# DE strategy        : 2
#    F               : 0.3
#    CR              : 0.8
#    tolerance       : 3e-06
# nthreads           : 56
# lgo input file     : abcde2.lgo
# site pat input file: ../../boot/boot38.opf
# free parameters    : 19
# points in DE swarm : 57
# output state file  : b1boot38.state
# Including singleton site patterns.
# cost function      : KL
Initial parameter values
Fixed:
      zero = 0
       one = 1
    Tbecnw = 75200
Free:
       pc1 = 0
       pc2 = 0
       pc3 = 0
       pc4 = 0
       pc5 = 0
       pc6 = 0
       pc7 = 0
       pc8 = 0
       pc9 = 0
      pc10 = 0
      pc11 = 0
      pc12 = 0
      pc13 = 0
      pc14 = 0
      pc15 = 0
      pc16 = 0
      pc17 = 0
      pc18 = 0
      pc19 = 0
Constrained:
   Tgbecnw = 125187
     Tecnw = 28336.5
       Tnw = 15896.7
       Tec = 14618.7
     twoNb = 884559
     twoNe = 180470
     twoNc = 1.21479e+06
     twoNn = 1.3692e+06
     twoNw = 8.0064e+06
    twoNec = 88320.6
    twoNnw = 40791.6
  twoNecnw = 71722.8
  twoNbecnw = 16915.7
  twoNgbecnw = 377762
         m = 0.0874615
        m2 = 0.0320076
        m3 = 0.263923
        m4 = 1.05247e-06
        m5 = 0.123813
        Tb = 21477.6
        Ta = 48338.8
        Tc = 7948.34
        Td = 3974.17
        Te = 1987.08
DiffEv reached_goal. cost=1.50721e-03 spread=2.13282e-06
Fitted parameter values
Free:
       pc1 = -3.3592
       pc2 = -3.98348
       pc3 = 2.57491
       pc4 = 1.11792
       pc5 = -0.204976
       pc6 = -0.846809
       pc7 = 0.507118
       pc8 = -1.74914
       pc9 = -1.68777
      pc10 = 1.47081
      pc11 = 0.515497
      pc12 = -0.280766
      pc13 = -0.163605
      pc14 = 0.276209
      pc15 = 0.0733868
      pc16 = -0.0546286
      pc17 = -0.171799
      pc18 = -0.0412011
      pc19 = -0.0327099
Constrained:
   Tgbecnw = 90861.5
     Tecnw = 26195.9
       Tnw = 16911.3
       Tec = 13990
     twoNb = 595329
     twoNe = 139066
     twoNc = 346274
     twoNn = 4.79897e+06
     twoNw = 8.23727e+06
    twoNec = 80808.8
    twoNnw = 29617.6
  twoNecnw = 70124.6
  twoNbecnw = 5757.5
  twoNgbecnw = 391013
         m = 0.0805066
        m2 = 0.0307344
        m3 = 0.267224
        m4 = 1.62025e-06
        m5 = 0.119331
        Tb = 20093
        Ta = 47646.5
        Tc = 8455.63
        Td = 4227.81
        Te = 2113.91
#       SitePat  BranchLen
              b 124292.6979331
              e 48462.4021988
              c 50754.8961222
              n 44591.6599196
              w 46781.8832178
            b:e 2146.9324522
            b:c 2402.7350402
            b:n 1635.1122039
            b:w 1771.4701223
            e:c 10275.5267730
            e:n 5835.0088970
            e:w 5145.4290609
            c:n 5279.5053381
            c:w 4434.6444026
            n:w 12461.0770095
          b:e:c 1974.6351691
          b:e:n 1034.5945622
          b:e:w 1065.3874331
          b:c:n 1058.0015105
          b:c:w 1061.1085996
          b:n:w 1960.9222122
          e:c:n 5001.2227766
          e:c:w 4201.2016866
          e:n:w 6382.9740486
          c:n:w 5421.2006606
        b:e:c:n 2020.3350939
        b:e:c:w 1994.3158319
        b:e:n:w 3197.7149147
        b:c:n:w 2858.3518709
        e:c:n:w 51736.6342660
