########################################
# legofit: estimate population history #
#            version 2.3.3             #
########################################

# Program was compiled: Sep 12 2021 17:54:39
# Program was run: Sat Sep 18 06:27:59 2021

# cmd: legofit -1 -d 0 -t 56 --ptsPerDim 3 --stateOut b1boot24.state --tol 3e-6 -S 5000 abcde2.lgo ../../boot/boot24.opf
# Stage nOptItr nSimReps
#     0    5000        0
# algorithm          : deterministic
# ignoring probs <=  : 0
# Branch length floor: 0
# DE strategy        : 2
#    F               : 0.3
#    CR              : 0.8
#    tolerance       : 3e-06
# nthreads           : 56
# lgo input file     : abcde2.lgo
# site pat input file: ../../boot/boot24.opf
# free parameters    : 19
# points in DE swarm : 57
# output state file  : b1boot24.state
# Including singleton site patterns.
# cost function      : KL
Initial parameter values
Fixed:
      zero = 0
       one = 1
    Tbecnw = 75200
Free:
       pc1 = 0
       pc2 = 0
       pc3 = 0
       pc4 = 0
       pc5 = 0
       pc6 = 0
       pc7 = 0
       pc8 = 0
       pc9 = 0
      pc10 = 0
      pc11 = 0
      pc12 = 0
      pc13 = 0
      pc14 = 0
      pc15 = 0
      pc16 = 0
      pc17 = 0
      pc18 = 0
      pc19 = 0
Constrained:
   Tgbecnw = 125187
     Tecnw = 28336.5
       Tnw = 15896.7
       Tec = 14618.7
     twoNb = 884559
     twoNe = 180470
     twoNc = 1.21479e+06
     twoNn = 1.3692e+06
     twoNw = 8.0064e+06
    twoNec = 88320.6
    twoNnw = 40791.6
  twoNecnw = 71722.8
  twoNbecnw = 16915.7
  twoNgbecnw = 377762
         m = 0.0874615
        m2 = 0.0320076
        m3 = 0.263923
        m4 = 1.05247e-06
        m5 = 0.123813
        Tb = 21477.6
        Ta = 48338.8
        Tc = 7948.34
        Td = 3974.17
        Te = 1987.08
DiffEv reached_goal. cost=1.53916e-03 spread=2.63612e-06
Fitted parameter values
Free:
       pc1 = -2.58286
       pc2 = -3.99504
       pc3 = 1.51433
       pc4 = -0.709092
       pc5 = 0.124685
       pc6 = -0.0218541
       pc7 = 1.01546
       pc8 = -0.302135
       pc9 = -1.67354
      pc10 = 1.93433
      pc11 = -0.193222
      pc12 = -0.224461
      pc13 = 0.115501
      pc14 = 0.205214
      pc15 = 0.0423701
      pc16 = -0.041281
      pc17 = -0.155926
      pc18 = -0.0460617
      pc19 = -0.0036946
Constrained:
   Tgbecnw = 92107.7
     Tecnw = 26516.5
       Tnw = 15993.7
       Tec = 14099.2
     twoNb = 575279
     twoNe = 161968
     twoNc = 901622
     twoNn = 3.39757e+06
     twoNw = 1.38834e+07
    twoNec = 79945.7
    twoNnw = 34304.9
  twoNecnw = 69748.1
  twoNbecnw = 6224.76
  twoNgbecnw = 386871
         m = 0.0814984
        m2 = 0.0311607
        m3 = 0.264636
        m4 = 1.27756e-06
        m5 = 0.126198
        Tb = 20307.8
        Ta = 47753.9
        Tc = 7996.83
        Td = 3998.42
        Te = 1999.21
#       SitePat  BranchLen
              b 124611.0672512
              e 48532.1696715
              c 50902.5258953
              n 44785.2992090
              w 46970.2825015
            b:e 2149.6589216
            b:c 2414.7569016
            b:n 1651.1047288
            b:w 1787.0689163
            e:c 10312.3447381
            e:n 5846.4579459
            e:w 5192.2934440
            c:n 5298.4710033
            c:w 4427.7461426
            n:w 12462.9637228
          b:e:c 1977.2096971
          b:e:n 1038.4465621
          b:e:w 1073.4798097
          b:c:n 1066.1820728
          b:c:w 1064.8323314
          b:n:w 1965.6538968
          e:c:n 5036.2171521
          e:c:w 4233.0398925
          e:n:w 6383.3221702
          c:n:w 5393.7495400
        b:e:c:n 2035.4195003
        b:e:c:w 2008.8551910
        b:e:n:w 3208.0627024
        b:c:n:w 2855.6273154
        e:c:n:w 51880.4486219
