########################################
# legofit: estimate population history #
#            version 2.3.3             #
########################################

# Program was compiled: Sep 12 2021 17:54:39
# Program was run: Sat Sep 18 12:42:56 2021

# cmd: legofit -1 -d 0 -t 56 --ptsPerDim 3 --stateOut b1boot34.state --tol 3e-6 -S 5000 abcde2.lgo ../../boot/boot34.opf
# Stage nOptItr nSimReps
#     0    5000        0
# algorithm          : deterministic
# ignoring probs <=  : 0
# Branch length floor: 0
# DE strategy        : 2
#    F               : 0.3
#    CR              : 0.8
#    tolerance       : 3e-06
# nthreads           : 56
# lgo input file     : abcde2.lgo
# site pat input file: ../../boot/boot34.opf
# free parameters    : 19
# points in DE swarm : 57
# output state file  : b1boot34.state
# Including singleton site patterns.
# cost function      : KL
Initial parameter values
Fixed:
      zero = 0
       one = 1
    Tbecnw = 75200
Free:
       pc1 = 0
       pc2 = 0
       pc3 = 0
       pc4 = 0
       pc5 = 0
       pc6 = 0
       pc7 = 0
       pc8 = 0
       pc9 = 0
      pc10 = 0
      pc11 = 0
      pc12 = 0
      pc13 = 0
      pc14 = 0
      pc15 = 0
      pc16 = 0
      pc17 = 0
      pc18 = 0
      pc19 = 0
Constrained:
   Tgbecnw = 125187
     Tecnw = 28336.5
       Tnw = 15896.7
       Tec = 14618.7
     twoNb = 884559
     twoNe = 180470
     twoNc = 1.21479e+06
     twoNn = 1.3692e+06
     twoNw = 8.0064e+06
    twoNec = 88320.6
    twoNnw = 40791.6
  twoNecnw = 71722.8
  twoNbecnw = 16915.7
  twoNgbecnw = 377762
         m = 0.0874615
        m2 = 0.0320076
        m3 = 0.263923
        m4 = 1.05247e-06
        m5 = 0.123813
        Tb = 21477.6
        Ta = 48338.8
        Tc = 7948.34
        Td = 3974.17
        Te = 1987.08
DiffEv reached_goal. cost=1.51821e-03 spread=2.39932e-06
Fitted parameter values
Free:
       pc1 = -3.73898
       pc2 = -3.92156
       pc3 = 2.51068
       pc4 = 1.27813
       pc5 = -0.204238
       pc6 = 0.120779
       pc7 = 0.832074
       pc8 = 0.321685
       pc9 = -1.18049
      pc10 = 1.7098
      pc11 = -0.571896
      pc12 = -0.626219
      pc13 = -0.397156
      pc14 = 0.225622
      pc15 = 0.0291049
      pc16 = -0.115235
      pc17 = -0.155719
      pc18 = -0.0605072
      pc19 = -0.0152262
Constrained:
   Tgbecnw = 92390.9
     Tecnw = 26153.6
       Tnw = 18337.5
       Tec = 14064.7
     twoNb = 580897
     twoNe = 128716
     twoNc = 1.85369e+06
     twoNn = 4.51045e+06
     twoNw = 8.84413e+06
    twoNec = 79061.6
    twoNnw = 24105.1
  twoNecnw = 70043.3
  twoNbecnw = 6251.29
  twoNgbecnw = 398758
         m = 0.078196
        m2 = 0.0312758
        m3 = 0.273098
        m4 = 1.22568e-06
        m5 = 0.124072
        Tb = 20109.1
        Ta = 47654.6
        Tc = 9168.76
        Td = 4584.38
        Te = 2292.19
#       SitePat  BranchLen
              b 124337.0232219
              e 48413.8947186
              c 50770.8713715
              n 44571.9996174
              w 46785.7888425
            b:e 2151.4236427
            b:c 2421.3301408
            b:n 1630.4494608
            b:w 1766.5004925
            e:c 10298.5305025
            e:n 5822.3330712
            e:w 5159.0363105
            c:n 5297.9182847
            c:w 4412.3568682
            n:w 12423.4429343
          b:e:c 1980.1782154
          b:e:n 1028.9556928
          b:e:w 1064.9799731
          b:c:n 1057.5607672
          b:c:w 1055.8185366
          b:n:w 1965.7881444
          e:c:n 5010.9604766
          e:c:w 4197.4741577
          e:n:w 6466.0340129
          c:n:w 5447.6583088
        b:e:c:n 2011.7089214
        b:e:c:w 1989.9311631
        b:e:n:w 3217.4881577
        b:c:n:w 2860.6312787
        e:c:n:w 51726.8389997
