########################################
# legofit: estimate population history #
#            version 2.3.3             #
########################################

# Program was compiled: Sep 12 2021 17:54:39
# Program was run: Sat Sep 18 08:58:33 2021

# cmd: legofit -1 -d 0 -t 56 --ptsPerDim 3 --stateOut b1boot29.state --tol 3e-6 -S 5000 abcde2.lgo ../../boot/boot29.opf
# Stage nOptItr nSimReps
#     0    5000        0
# algorithm          : deterministic
# ignoring probs <=  : 0
# Branch length floor: 0
# DE strategy        : 2
#    F               : 0.3
#    CR              : 0.8
#    tolerance       : 3e-06
# nthreads           : 56
# lgo input file     : abcde2.lgo
# site pat input file: ../../boot/boot29.opf
# free parameters    : 19
# points in DE swarm : 57
# output state file  : b1boot29.state
# Including singleton site patterns.
# cost function      : KL
Initial parameter values
Fixed:
      zero = 0
       one = 1
    Tbecnw = 75200
Free:
       pc1 = 0
       pc2 = 0
       pc3 = 0
       pc4 = 0
       pc5 = 0
       pc6 = 0
       pc7 = 0
       pc8 = 0
       pc9 = 0
      pc10 = 0
      pc11 = 0
      pc12 = 0
      pc13 = 0
      pc14 = 0
      pc15 = 0
      pc16 = 0
      pc17 = 0
      pc18 = 0
      pc19 = 0
Constrained:
   Tgbecnw = 125187
     Tecnw = 28336.5
       Tnw = 15896.7
       Tec = 14618.7
     twoNb = 884559
     twoNe = 180470
     twoNc = 1.21479e+06
     twoNn = 1.3692e+06
     twoNw = 8.0064e+06
    twoNec = 88320.6
    twoNnw = 40791.6
  twoNecnw = 71722.8
  twoNbecnw = 16915.7
  twoNgbecnw = 377762
         m = 0.0874615
        m2 = 0.0320076
        m3 = 0.263923
        m4 = 1.05247e-06
        m5 = 0.123813
        Tb = 21477.6
        Ta = 48338.8
        Tc = 7948.34
        Td = 3974.17
        Te = 1987.08
DiffEv reached_goal. cost=1.54165e-03 spread=2.82186e-06
Fitted parameter values
Free:
       pc1 = -1.53871
       pc2 = -3.87431
       pc3 = 1.58543
       pc4 = 1.95062
       pc5 = -0.703225
       pc6 = 1.17108
       pc7 = 1.43227
       pc8 = 1.42732
       pc9 = -1.32379
      pc10 = 0.574164
      pc11 = 0.920244
      pc12 = -0.298573
      pc13 = -0.054851
      pc14 = 0.103628
      pc15 = -0.024458
      pc16 = 0.0761827
      pc17 = -0.0477459
      pc18 = -0.000510497
      pc19 = 0.0120732
Constrained:
   Tgbecnw = 98321.3
     Tecnw = 27005.6
       Tnw = 16480.7
       Tec = 13146
     twoNb = 575342
     twoNe = 134399
     twoNc = 4.03733e+06
     twoNn = 2.25913e+06
     twoNw = 1.23966e+07
    twoNec = 90488.3
    twoNnw = 33082.9
  twoNecnw = 68859.3
  twoNbecnw = 8185.72
  twoNgbecnw = 412193
         m = 0.0758471
        m2 = 0.0316371
        m3 = 0.272865
        m4 = 1.55941e-06
        m5 = 0.12136
        Tb = 20075.8
        Ta = 47637.9
        Tc = 8240.37
        Td = 4120.19
        Te = 2060.09
#       SitePat  BranchLen
              b 125554.5701461
              e 48908.0505065
              c 51251.5866933
              n 44990.3439879
              w 47249.5410058
            b:e 2173.7929929
            b:c 2436.4453397
            b:n 1652.4058757
            b:w 1788.9354472
            e:c 10390.6452733
            e:n 5868.3106893
            e:w 5178.5883765
            c:n 5331.3864087
            c:w 4426.2682168
            n:w 12580.6209627
          b:e:c 1987.8478937
          b:e:n 1038.1259816
          b:e:w 1073.6305165
          b:c:n 1065.5872045
          b:c:w 1064.5332233
          b:n:w 1976.9434588
          e:c:n 5055.0803951
          e:c:w 4237.3055124
          e:n:w 6457.6767620
          c:n:w 5471.6405117
        b:e:c:n 2026.2186943
        b:e:c:w 2008.6569882
        b:e:n:w 3238.8615519
        b:c:n:w 2889.5897578
        e:c:n:w 52333.3531346
