########################################
# legofit: estimate population history #
#       version 2.3.4-4-g53f8760       #
########################################

# Program was compiled: Sep 21 2021 14:36:42
# Program was run: Wed Sep 29 11:08:39 2021

# cmd: legofit -1 -d 0 -t 56 --ptsPerDim 3 --stateOut b1boot47.state --tol 3e-6 -S 5000 abcef2.lgo ../../chrX/boot_chrX/boot47.opf
# Stage nOptItr nSimReps
#     0    5000        0
# algorithm          : deterministic
# ignoring probs <=  : 0
# Branch length floor: 0
# DE strategy        : 2
#    F               : 0.3
#    CR              : 0.8
#    tolerance       : 3e-06
# nthreads           : 56
# lgo input file     : abcef2.lgo
# site pat input file: ../../chrX/boot_chrX/boot47.opf
# free parameters    : 19
# points in DE swarm : 57
# output state file  : b1boot47.state
# Including singleton site patterns.
# cost function      : KL
Initial parameter values
Fixed:
      zero = 0
       one = 1
    Tbecnw = 75200
Free:
       pc1 = 0
       pc2 = 0
       pc3 = 0
       pc4 = 0
       pc5 = 0
       pc6 = 0
       pc7 = 0
       pc8 = 0
       pc9 = 0
      pc10 = 0
      pc11 = 0
      pc12 = 0
      pc13 = 0
      pc14 = 0
      pc15 = 0
      pc16 = 0
      pc17 = 0
      pc18 = 0
      pc19 = 0
Constrained:
   Tgbecnw = 192848
     Tecnw = 32372.6
       Tnw = 16775.8
       Tec = 8690.12
     twoNb = 1.55171e+06
     twoNe = 241644
     twoNc = 2.30158e+06
     twoNn = 2.04965e+06
     twoNw = 3.82955e+07
    twoNec = 81894.3
    twoNnw = 41888.2
  twoNecnw = 51309.3
  twoNbecnw = 23686.1
  twoNgbecnw = 382851
         m = 0.0636165
        m2 = 0.0326773
        m3 = 0.219904
        m5 = 0.163302
        m6 = 0.0590563
        Tb = 20531.4
        Ta = 47865.7
        Tc = 8387.9
        Te = 4193.95
        Tf = 2096.98
DiffEv reached_goal. cost=1.79821e-03 spread=2.54065e-06
Fitted parameter values
Free:
       pc1 = -2.92165
       pc2 = -0.00700885
       pc3 = 2.03528
       pc4 = 0.342562
       pc5 = -0.482542
       pc6 = 0.231119
       pc7 = 1.07126
       pc8 = 1.27613
       pc9 = -0.469031
      pc10 = -1.28035
      pc11 = -1.23996
      pc12 = -0.464174
      pc13 = -0.353861
      pc14 = -0.601348
      pc15 = -0.181689
      pc16 = -0.073666
      pc17 = 0.044842
      pc18 = -0.0613224
      pc19 = -0.100992
Constrained:
   Tgbecnw = 137927
     Tecnw = 31727.1
       Tnw = 12439.6
       Tec = 6248.46
     twoNb = 1.5213e+06
     twoNe = 2.46448e+06
     twoNc = 3.20915e+06
     twoNn = 2.22571e+06
     twoNw = 2.44817e+07
    twoNec = 88846.5
    twoNnw = 56916.9
  twoNecnw = 46755
  twoNbecnw = 17053.2
  twoNgbecnw = 371843
         m = 0.0587631
        m2 = 0.0351259
        m3 = 0.202288
        m5 = 0.173591
        m6 = 0.0512612
        Tb = 18987.8
        Ta = 47093.9
        Tc = 6219.8
        Te = 3109.9
        Tf = 1554.95
#       SitePat  BranchLen
              b 118515.9102645
              e 44476.3316314
              c 46440.2177309
              n 42393.5249758
              w 44696.3966604
            b:e 1181.9505386
            b:c 1328.6536600
            b:n 926.3270874
            b:w 1021.5673470
            e:c 11545.0367671
            e:n 4754.8754706
            e:w 4300.0643116
            c:n 4569.0917571
            c:w 3495.2854761
            n:w 12088.1533893
          b:e:c 1167.9628216
          b:e:n 506.9460797
          b:e:w 548.4520425
          b:c:n 534.6346032
          b:c:w 521.2314978
          b:n:w 1226.1832145
          e:c:n 4761.0706581
          e:c:w 3856.8698775
          e:n:w 5621.3467930
          c:n:w 4726.6060294
        b:e:c:n 1062.6169603
        b:e:c:w 1069.2204045
        b:e:n:w 1907.1213160
        b:c:n:w 1681.3674144
        e:c:n:w 46440.2796956
