########################################
# legofit: estimate population history #
#       version 2.3.4-4-g53f8760       #
########################################

# Program was compiled: Sep 21 2021 14:36:42
# Program was run: Wed Sep 29 11:06:02 2021

# cmd: legofit -1 -d 0 -t 56 --ptsPerDim 3 --stateOut b1boot4.state --tol 3e-6 -S 5000 abcef2.lgo ../../chrX/boot_chrX/boot4.opf
# Stage nOptItr nSimReps
#     0    5000        0
# algorithm          : deterministic
# ignoring probs <=  : 0
# Branch length floor: 0
# DE strategy        : 2
#    F               : 0.3
#    CR              : 0.8
#    tolerance       : 3e-06
# nthreads           : 56
# lgo input file     : abcef2.lgo
# site pat input file: ../../chrX/boot_chrX/boot4.opf
# free parameters    : 19
# points in DE swarm : 57
# output state file  : b1boot4.state
# Including singleton site patterns.
# cost function      : KL
Initial parameter values
Fixed:
      zero = 0
       one = 1
    Tbecnw = 75200
Free:
       pc1 = 0
       pc2 = 0
       pc3 = 0
       pc4 = 0
       pc5 = 0
       pc6 = 0
       pc7 = 0
       pc8 = 0
       pc9 = 0
      pc10 = 0
      pc11 = 0
      pc12 = 0
      pc13 = 0
      pc14 = 0
      pc15 = 0
      pc16 = 0
      pc17 = 0
      pc18 = 0
      pc19 = 0
Constrained:
   Tgbecnw = 192848
     Tecnw = 32372.6
       Tnw = 16775.8
       Tec = 8690.12
     twoNb = 1.55171e+06
     twoNe = 241644
     twoNc = 2.30158e+06
     twoNn = 2.04965e+06
     twoNw = 3.82955e+07
    twoNec = 81894.3
    twoNnw = 41888.2
  twoNecnw = 51309.3
  twoNbecnw = 23686.1
  twoNgbecnw = 382851
         m = 0.0636165
        m2 = 0.0326773
        m3 = 0.219904
        m5 = 0.163302
        m6 = 0.0590563
        Tb = 20531.4
        Ta = 47865.7
        Tc = 8387.9
        Te = 4193.95
        Tf = 2096.98
DiffEv reached_goal. cost=1.86030e-03 spread=2.96982e-06
Fitted parameter values
Free:
       pc1 = -2.94302
       pc2 = -1.43042
       pc3 = 0.649625
       pc4 = 1.12626
       pc5 = -0.840466
       pc6 = 0.198187
       pc7 = 1.46407
       pc8 = -0.463144
       pc9 = 0.684263
      pc10 = -1.27326
      pc11 = -0.912991
      pc12 = 0.551982
      pc13 = -0.311612
      pc14 = -0.506955
      pc15 = -0.0731317
      pc16 = -0.171683
      pc17 = 0.164946
      pc18 = -0.0653663
      pc19 = -0.00836126
Constrained:
   Tgbecnw = 128194
     Tecnw = 32412.8
       Tnw = 13196.4
       Tec = 7055.39
     twoNb = 1.35575e+06
     twoNe = 11221
     twoNc = 2.37019e+06
     twoNn = 5.44864e+06
     twoNw = 8.45705e+07
    twoNec = 81865.3
    twoNnw = 53897.2
  twoNecnw = 45129.7
  twoNbecnw = 16226.3
  twoNgbecnw = 324984
         m = 0.0658698
        m2 = 0.0314544
        m3 = 0.197258
        m5 = 0.18655
        m6 = 0.069236
        Tb = 19734.1
        Ta = 47467
        Tc = 6598.21
        Te = 3299.1
        Tf = 1649.55
#       SitePat  BranchLen
              b 119082.6020207
              e 44008.4669650
              c 46180.2610944
              n 42011.4083600
              w 44560.9272588
            b:e 1246.9213831
            b:c 1413.4445691
            b:n 980.4514992
            b:w 1102.5217032
            e:c 11579.9295265
            e:n 4920.4497933
            e:w 4245.7162208
            c:n 4481.1150696
            c:w 3519.3703766
            n:w 12100.6122304
          b:e:c 1270.9704321
          b:e:n 548.3647388
          b:e:w 577.7585099
          b:c:n 566.7040756
          b:c:w 564.0454919
          b:n:w 1317.4593124
          e:c:n 4873.6707469
          e:c:w 3856.5757260
          e:n:w 5716.7401929
          c:n:w 4772.5100148
        b:e:c:n 1151.8874446
        b:e:c:w 1107.1364682
        b:e:n:w 1896.2476580
        b:c:n:w 1663.2147539
        e:c:n:w 47488.8943810
