########################################
# legofit: estimate population history #
#       version 2.3.4-4-g53f8760       #
########################################

# Program was compiled: Sep 21 2021 14:36:42
# Program was run: Wed Sep 29 11:08:40 2021

# cmd: legofit -1 -d 0 -t 56 --ptsPerDim 3 --stateOut b1boot48.state --tol 3e-6 -S 5000 abcef2.lgo ../../chrX/boot_chrX/boot48.opf
# Stage nOptItr nSimReps
#     0    5000        0
# algorithm          : deterministic
# ignoring probs <=  : 0
# Branch length floor: 0
# DE strategy        : 2
#    F               : 0.3
#    CR              : 0.8
#    tolerance       : 3e-06
# nthreads           : 56
# lgo input file     : abcef2.lgo
# site pat input file: ../../chrX/boot_chrX/boot48.opf
# free parameters    : 19
# points in DE swarm : 57
# output state file  : b1boot48.state
# Including singleton site patterns.
# cost function      : KL
Initial parameter values
Fixed:
      zero = 0
       one = 1
    Tbecnw = 75200
Free:
       pc1 = 0
       pc2 = 0
       pc3 = 0
       pc4 = 0
       pc5 = 0
       pc6 = 0
       pc7 = 0
       pc8 = 0
       pc9 = 0
      pc10 = 0
      pc11 = 0
      pc12 = 0
      pc13 = 0
      pc14 = 0
      pc15 = 0
      pc16 = 0
      pc17 = 0
      pc18 = 0
      pc19 = 0
Constrained:
   Tgbecnw = 192848
     Tecnw = 32372.6
       Tnw = 16775.8
       Tec = 8690.12
     twoNb = 1.55171e+06
     twoNe = 241644
     twoNc = 2.30158e+06
     twoNn = 2.04965e+06
     twoNw = 3.82955e+07
    twoNec = 81894.3
    twoNnw = 41888.2
  twoNecnw = 51309.3
  twoNbecnw = 23686.1
  twoNgbecnw = 382851
         m = 0.0636165
        m2 = 0.0326773
        m3 = 0.219904
        m5 = 0.163302
        m6 = 0.0590563
        Tb = 20531.4
        Ta = 47865.7
        Tc = 8387.9
        Te = 4193.95
        Tf = 2096.98
DiffEv reached_goal. cost=1.80080e-03 spread=2.00213e-06
Fitted parameter values
Free:
       pc1 = 2.27476
       pc2 = -3.99941
       pc3 = 3.60454
       pc4 = 0.25703
       pc5 = -1.07255
       pc6 = -1.23284
       pc7 = 0.335724
       pc8 = 1.5068
       pc9 = -0.96181
      pc10 = -1.73355
      pc11 = -1.051
      pc12 = 0.971002
      pc13 = 0.0187009
      pc14 = 0.0678348
      pc15 = 0.107866
      pc16 = -0.796234
      pc17 = -0.536577
      pc18 = 0.0696618
      pc19 = 0.123413
Constrained:
   Tgbecnw = 115866
     Tecnw = 28819.6
       Tnw = 19159.9
       Tec = 9607.91
     twoNb = 2.56275e+06
     twoNe = 4.92098e+06
     twoNc = 4.02584e+06
     twoNn = 4.39435e+06
     twoNw = 9.72186e+07
    twoNec = 78527.5
    twoNnw = 27505.5
  twoNecnw = 53967.1
  twoNbecnw = 13315
  twoNgbecnw = 270630
         m = 0.0896569
        m2 = 0.0292023
        m3 = 0.218005
        m5 = 0.134508
        m6 = 0.027092
        Tb = 19213.7
        Ta = 47206.9
        Tc = 9579.96
        Te = 4789.98
        Tf = 2394.99
#       SitePat  BranchLen
              b 119031.0633336
              e 44951.7411483
              c 46564.7214643
              n 42646.5118992
              w 44962.3524875
            b:e 1270.2768815
            b:c 1405.2334004
            b:n 989.9556674
            b:w 1101.6754896
            e:c 11426.2913327
            e:n 4751.7458203
            e:w 4263.7865095
            c:n 4646.6762883
            c:w 3618.5606699
            n:w 11998.5476703
          b:e:c 1279.9807431
          b:e:n 554.6395801
          b:e:w 594.2627909
          b:c:n 582.0296236
          b:c:w 568.5337031
          b:n:w 1324.1241798
          e:c:n 4843.5221388
          e:c:w 3922.6940691
          e:n:w 5716.2498092
          c:n:w 4913.2149087
        b:e:c:n 1165.5181534
        b:e:c:w 1148.7335044
        b:e:n:w 1952.9744396
        b:c:n:w 1756.7068961
        e:c:n:w 46883.2917037
