########################################
# legofit: estimate population history #
#       version 2.3.4-4-g53f8760       #
########################################

# Program was compiled: Sep 21 2021 14:36:42
# Program was run: Wed Sep 29 11:06:03 2021

# cmd: legofit -1 -d 0 -t 56 --ptsPerDim 3 --stateOut b1boot9.state --tol 3e-6 -S 5000 abcef2.lgo ../../chrX/boot_chrX/boot9.opf
# Stage nOptItr nSimReps
#     0    5000        0
# algorithm          : deterministic
# ignoring probs <=  : 0
# Branch length floor: 0
# DE strategy        : 2
#    F               : 0.3
#    CR              : 0.8
#    tolerance       : 3e-06
# nthreads           : 56
# lgo input file     : abcef2.lgo
# site pat input file: ../../chrX/boot_chrX/boot9.opf
# free parameters    : 19
# points in DE swarm : 57
# output state file  : b1boot9.state
# Including singleton site patterns.
# cost function      : KL
Initial parameter values
Fixed:
      zero = 0
       one = 1
    Tbecnw = 75200
Free:
       pc1 = 0
       pc2 = 0
       pc3 = 0
       pc4 = 0
       pc5 = 0
       pc6 = 0
       pc7 = 0
       pc8 = 0
       pc9 = 0
      pc10 = 0
      pc11 = 0
      pc12 = 0
      pc13 = 0
      pc14 = 0
      pc15 = 0
      pc16 = 0
      pc17 = 0
      pc18 = 0
      pc19 = 0
Constrained:
   Tgbecnw = 192848
     Tecnw = 32372.6
       Tnw = 16775.8
       Tec = 8690.12
     twoNb = 1.55171e+06
     twoNe = 241644
     twoNc = 2.30158e+06
     twoNn = 2.04965e+06
     twoNw = 3.82955e+07
    twoNec = 81894.3
    twoNnw = 41888.2
  twoNecnw = 51309.3
  twoNbecnw = 23686.1
  twoNgbecnw = 382851
         m = 0.0636165
        m2 = 0.0326773
        m3 = 0.219904
        m5 = 0.163302
        m6 = 0.0590563
        Tb = 20531.4
        Ta = 47865.7
        Tc = 8387.9
        Te = 4193.95
        Tf = 2096.98
DiffEv reached_goal. cost=1.88810e-03 spread=2.93304e-06
Fitted parameter values
Free:
       pc1 = 0.0815174
       pc2 = -2.0581
       pc3 = 1.24525
       pc4 = 1.27547
       pc5 = -0.711246
       pc6 = -0.479354
       pc7 = 0.761956
       pc8 = -0.62583
       pc9 = 1.04275
      pc10 = -1.8285
      pc11 = -0.300291
      pc12 = 0.264536
      pc13 = 0.241597
      pc14 = -0.418502
      pc15 = 0.267183
      pc16 = -0.0221739
      pc17 = -0.0316265
      pc18 = 0.253192
      pc19 = -0.0211989
Constrained:
   Tgbecnw = 139089
     Tecnw = 30995
       Tnw = 15861.6
       Tec = 8693.44
     twoNb = 1.70064e+06
     twoNe = 27645.6
     twoNc = 3.11216e+06
     twoNn = 5.15532e+06
     twoNw = 1.17004e+08
    twoNec = 79491.2
    twoNnw = 43355
  twoNecnw = 51972.7
  twoNbecnw = 17601.3
  twoNgbecnw = 354815
         m = 0.0677939
        m2 = 0.0285828
        m3 = 0.197099
        m5 = 0.153063
        m6 = 0.0531743
        Tb = 19844.2
        Ta = 47522.1
        Tc = 7930.81
        Te = 3965.4
        Tf = 1982.7
#       SitePat  BranchLen
              b 121164.1537920
              e 45306.3196125
              c 47098.0898790
              n 43128.0812854
              w 45610.1934976
            b:e 1244.1693889
            b:c 1377.8601836
            b:n 986.9494947
            b:w 1110.3314307
            e:c 11875.5484723
            e:n 4912.8808295
            e:w 4247.7535860
            c:n 4578.1509275
            c:w 3643.8688272
            n:w 12417.6115109
          b:e:c 1281.8681506
          b:e:n 550.8108552
          b:e:w 578.6453051
          b:c:n 566.6332594
          b:c:w 566.2142120
          b:n:w 1334.4924495
          e:c:n 4920.5901247
          e:c:w 3923.6444225
          e:n:w 5648.0198289
          c:n:w 4852.7617394
        b:e:c:n 1158.4039240
        b:e:c:w 1121.8494457
        b:e:n:w 1910.0974376
        b:c:n:w 1715.1178026
        e:c:n:w 47986.9958735
