########################################
# legofit: estimate population history #
#       version 2.3.4-4-g53f8760       #
########################################

# Program was compiled: Sep 21 2021 14:36:42
# Program was run: Wed Sep 29 11:06:39 2021

# cmd: legofit -1 -d 0 -t 56 --ptsPerDim 3 --stateOut b1boot26.state --tol 3e-6 -S 5000 abcef2.lgo ../../chrX/boot_chrX/boot26.opf
# Stage nOptItr nSimReps
#     0    5000        0
# algorithm          : deterministic
# ignoring probs <=  : 0
# Branch length floor: 0
# DE strategy        : 2
#    F               : 0.3
#    CR              : 0.8
#    tolerance       : 3e-06
# nthreads           : 56
# lgo input file     : abcef2.lgo
# site pat input file: ../../chrX/boot_chrX/boot26.opf
# free parameters    : 19
# points in DE swarm : 57
# output state file  : b1boot26.state
# Including singleton site patterns.
# cost function      : KL
Initial parameter values
Fixed:
      zero = 0
       one = 1
    Tbecnw = 75200
Free:
       pc1 = 0
       pc2 = 0
       pc3 = 0
       pc4 = 0
       pc5 = 0
       pc6 = 0
       pc7 = 0
       pc8 = 0
       pc9 = 0
      pc10 = 0
      pc11 = 0
      pc12 = 0
      pc13 = 0
      pc14 = 0
      pc15 = 0
      pc16 = 0
      pc17 = 0
      pc18 = 0
      pc19 = 0
Constrained:
   Tgbecnw = 192848
     Tecnw = 32372.6
       Tnw = 16775.8
       Tec = 8690.12
     twoNb = 1.55171e+06
     twoNe = 241644
     twoNc = 2.30158e+06
     twoNn = 2.04965e+06
     twoNw = 3.82955e+07
    twoNec = 81894.3
    twoNnw = 41888.2
  twoNecnw = 51309.3
  twoNbecnw = 23686.1
  twoNgbecnw = 382851
         m = 0.0636165
        m2 = 0.0326773
        m3 = 0.219904
        m5 = 0.163302
        m6 = 0.0590563
        Tb = 20531.4
        Ta = 47865.7
        Tc = 8387.9
        Te = 4193.95
        Tf = 2096.98
DiffEv reached_goal. cost=1.80898e-03 spread=2.88441e-06
Fitted parameter values
Free:
       pc1 = -3.7095
       pc2 = 0.0652321
       pc3 = 1.93157
       pc4 = 0.292654
       pc5 = -1.65827
       pc6 = 0.135711
       pc7 = -0.129544
       pc8 = 1.30164
       pc9 = -0.0827198
      pc10 = -0.6933
      pc11 = -1.2089
      pc12 = -0.414145
      pc13 = -0.269902
      pc14 = -0.352512
      pc15 = 0.420498
      pc16 = -0.200636
      pc17 = -0.101528
      pc18 = 0.0799418
      pc19 = -0.0271626
Constrained:
   Tgbecnw = 136068
     Tecnw = 32141.8
       Tnw = 11859.6
       Tec = 6349.54
     twoNb = 1.77596e+06
     twoNe = 2.78592e+06
     twoNc = 1.33125e+06
     twoNn = 1.5549e+06
     twoNw = 9.12867e+07
    twoNec = 87319.5
    twoNnw = 58572.3
  twoNecnw = 45114.8
  twoNbecnw = 17504.8
  twoNgbecnw = 381643
         m = 0.0521729
        m2 = 0.037594
        m3 = 0.205424
        m5 = 0.171709
        m6 = 0.0717527
        Tb = 19245.7
        Ta = 47222.8
        Tc = 5929.8
        Te = 2964.9
        Tf = 1482.45
#       SitePat  BranchLen
              b 118148.9466956
              e 44637.4805897
              c 46281.4534153
              n 42231.8863132
              w 44541.7444850
            b:e 1313.4275911
            b:c 1447.4000344
            b:n 1017.1198290
            b:w 1123.9897709
            e:c 11548.1154447
            e:n 4790.6297790
            e:w 4291.5988326
            c:n 4641.5632577
            c:w 3617.6724756
            n:w 12189.0197091
          b:e:c 1289.1227327
          b:e:n 562.8805117
          b:e:w 602.8142059
          b:c:n 588.8682533
          b:c:w 577.6828314
          b:n:w 1344.3238537
          e:c:n 4851.3266551
          e:c:w 3934.2967075
          e:n:w 5712.2437054
          c:n:w 4954.5653902
        b:e:c:n 1173.3294824
        b:e:c:w 1167.8047942
        b:e:n:w 2015.4448094
        b:c:n:w 1817.3143567
        e:c:n:w 46299.9540070
