########################################
# legofit: estimate population history #
#       version 2.3.4-4-g53f8760       #
########################################

# Program was compiled: Sep 21 2021 14:36:42
# Program was run: Wed Sep 29 11:06:03 2021

# cmd: legofit -1 -d 0 -t 56 --ptsPerDim 3 --stateOut b1boot11.state --tol 3e-6 -S 5000 abcef2.lgo ../../chrX/boot_chrX/boot11.opf
# Stage nOptItr nSimReps
#     0    5000        0
# algorithm          : deterministic
# ignoring probs <=  : 0
# Branch length floor: 0
# DE strategy        : 2
#    F               : 0.3
#    CR              : 0.8
#    tolerance       : 3e-06
# nthreads           : 56
# lgo input file     : abcef2.lgo
# site pat input file: ../../chrX/boot_chrX/boot11.opf
# free parameters    : 19
# points in DE swarm : 57
# output state file  : b1boot11.state
# Including singleton site patterns.
# cost function      : KL
Initial parameter values
Fixed:
      zero = 0
       one = 1
    Tbecnw = 75200
Free:
       pc1 = 0
       pc2 = 0
       pc3 = 0
       pc4 = 0
       pc5 = 0
       pc6 = 0
       pc7 = 0
       pc8 = 0
       pc9 = 0
      pc10 = 0
      pc11 = 0
      pc12 = 0
      pc13 = 0
      pc14 = 0
      pc15 = 0
      pc16 = 0
      pc17 = 0
      pc18 = 0
      pc19 = 0
Constrained:
   Tgbecnw = 192848
     Tecnw = 32372.6
       Tnw = 16775.8
       Tec = 8690.12
     twoNb = 1.55171e+06
     twoNe = 241644
     twoNc = 2.30158e+06
     twoNn = 2.04965e+06
     twoNw = 3.82955e+07
    twoNec = 81894.3
    twoNnw = 41888.2
  twoNecnw = 51309.3
  twoNbecnw = 23686.1
  twoNgbecnw = 382851
         m = 0.0636165
        m2 = 0.0326773
        m3 = 0.219904
        m5 = 0.163302
        m6 = 0.0590563
        Tb = 20531.4
        Ta = 47865.7
        Tc = 8387.9
        Te = 4193.95
        Tf = 2096.98
DiffEv reached_goal. cost=1.77760e-03 spread=2.99662e-06
Fitted parameter values
Free:
       pc1 = -2.58369
       pc2 = -1.63713
       pc3 = 3.11081
       pc4 = 0.877471
       pc5 = -0.435263
       pc6 = -1.02484
       pc7 = 1.2257
       pc8 = -0.0968973
       pc9 = 1.65461
      pc10 = 0.550993
      pc11 = -1.14202
      pc12 = 0.175894
      pc13 = 0.216301
      pc14 = -0.262156
      pc15 = 0.587681
      pc16 = 0.0618513
      pc17 = 0.321504
      pc18 = -0.0218722
      pc19 = 0.0722849
Constrained:
   Tgbecnw = 131453
     Tecnw = 31864
       Tnw = 12629.3
       Tec = 6687.31
     twoNb = 3.25476e+06
     twoNe = 702584
     twoNc = 354774
     twoNn = 6.08721e+06
     twoNw = 5.80241e+07
    twoNec = 82596
    twoNnw = 53210.4
  twoNecnw = 48628.7
  twoNbecnw = 16001.2
  twoNgbecnw = 382248
         m = 0.0615835
        m2 = 0.0319179
        m3 = 0.194463
        m5 = 0.173845
        m6 = 0.0706079
        Tb = 19275.7
        Ta = 47237.8
        Tc = 6314.63
        Te = 3157.32
        Tf = 1578.66
#       SitePat  BranchLen
              b 120259.5920377
              e 44659.8003745
              c 46420.4200758
              n 42308.5259240
              w 44628.5204220
            b:e 1245.6037844
            b:c 1380.3363237
            b:n 986.8075473
            b:w 1104.3501464
            e:c 11945.6120737
            e:n 4763.7970032
            e:w 4277.6778233
            c:n 4590.3820244
            c:w 3572.1459662
            n:w 12588.2008749
          b:e:c 1294.3935226
          b:e:n 545.1396907
          b:e:w 585.3561042
          b:c:n 570.9855509
          b:c:w 560.3960656
          b:n:w 1356.7492853
          e:c:n 4805.5262704
          e:c:w 3861.2886948
          e:n:w 5652.9360101
          c:n:w 4839.5333991
        b:e:c:n 1155.9028461
        b:e:c:w 1137.3316589
        b:e:n:w 1969.7681359
        b:c:n:w 1765.8795082
        e:c:n:w 48018.4583287
