########################################
# legofit: estimate population history #
#       version 2.3.4-4-g53f8760       #
########################################

# Program was compiled: Sep 21 2021 14:36:42
# Program was run: Wed Sep 29 11:06:02 2021

# cmd: legofit -1 -d 0 -t 56 --ptsPerDim 3 --stateOut b1boot15.state --tol 3e-6 -S 5000 abcef2.lgo ../../chrX/boot_chrX/boot15.opf
# Stage nOptItr nSimReps
#     0    5000        0
# algorithm          : deterministic
# ignoring probs <=  : 0
# Branch length floor: 0
# DE strategy        : 2
#    F               : 0.3
#    CR              : 0.8
#    tolerance       : 3e-06
# nthreads           : 56
# lgo input file     : abcef2.lgo
# site pat input file: ../../chrX/boot_chrX/boot15.opf
# free parameters    : 19
# points in DE swarm : 57
# output state file  : b1boot15.state
# Including singleton site patterns.
# cost function      : KL
Initial parameter values
Fixed:
      zero = 0
       one = 1
    Tbecnw = 75200
Free:
       pc1 = 0
       pc2 = 0
       pc3 = 0
       pc4 = 0
       pc5 = 0
       pc6 = 0
       pc7 = 0
       pc8 = 0
       pc9 = 0
      pc10 = 0
      pc11 = 0
      pc12 = 0
      pc13 = 0
      pc14 = 0
      pc15 = 0
      pc16 = 0
      pc17 = 0
      pc18 = 0
      pc19 = 0
Constrained:
   Tgbecnw = 192848
     Tecnw = 32372.6
       Tnw = 16775.8
       Tec = 8690.12
     twoNb = 1.55171e+06
     twoNe = 241644
     twoNc = 2.30158e+06
     twoNn = 2.04965e+06
     twoNw = 3.82955e+07
    twoNec = 81894.3
    twoNnw = 41888.2
  twoNecnw = 51309.3
  twoNbecnw = 23686.1
  twoNgbecnw = 382851
         m = 0.0636165
        m2 = 0.0326773
        m3 = 0.219904
        m5 = 0.163302
        m6 = 0.0590563
        Tb = 20531.4
        Ta = 47865.7
        Tc = 8387.9
        Te = 4193.95
        Tf = 2096.98
DiffEv reached_goal. cost=1.83350e-03 spread=2.83022e-06
Fitted parameter values
Free:
       pc1 = -1.82305
       pc2 = -1.11338
       pc3 = 3.32313
       pc4 = 0.340127
       pc5 = -1.44935
       pc6 = -0.585113
       pc7 = 0.144438
       pc8 = 0.169124
       pc9 = 1.04039
      pc10 = -1.14908
      pc11 = -1.11765
      pc12 = -0.412027
      pc13 = -0.387548
      pc14 = -0.863454
      pc15 = 0.498589
      pc16 = -0.547289
      pc17 = -0.373173
      pc18 = 0.185176
      pc19 = 0.0931886
Constrained:
   Tgbecnw = 131508
     Tecnw = 30467
       Tnw = 13696.4
       Tec = 7605.95
     twoNb = 2.53167e+06
     twoNe = 2.45743e+06
     twoNc = 1.77842e+06
     twoNn = 2.63471e+06
     twoNw = 1.10906e+08
    twoNec = 83694.8
    twoNnw = 49826.9
  twoNecnw = 47425.3
  twoNbecnw = 16281.9
  twoNgbecnw = 417064
         m = 0.0478489
        m2 = 0.0332333
        m3 = 0.188621
        m5 = 0.164963
        m6 = 0.0554124
        Tb = 19036.5
        Ta = 47118.2
        Tc = 6848.22
        Te = 3424.11
        Tf = 1712.05
#       SitePat  BranchLen
              b 117757.6539425
              e 44361.0321214
              c 46106.4169091
              n 42038.0007879
              w 44069.8032942
            b:e 1331.1811349
            b:c 1476.4467417
            b:n 1051.1542077
            b:w 1155.8856696
            e:c 11464.1748896
            e:n 4740.4404323
            e:w 4327.8663854
            c:n 4559.4524074
            c:w 3648.7644057
            n:w 12201.0870948
          b:e:c 1341.8047083
          b:e:n 584.8804467
          b:e:w 621.9592375
          b:c:n 610.9679644
          b:c:w 597.5721471
          b:n:w 1388.0476793
          e:c:n 4845.9906962
          e:c:w 4028.0790797
          e:n:w 5829.5613100
          c:n:w 5007.7893966
        b:e:c:n 1213.2523056
        b:e:c:w 1194.2090438
        b:e:n:w 2024.2960244
        b:c:n:w 1813.8071125
        e:c:n:w 46254.3906229
