########################################
# legofit: estimate population history #
#       version 2.3.4-4-g53f8760       #
########################################

# Program was compiled: Sep 21 2021 14:36:42
# Program was run: Wed Sep 29 11:07:04 2021

# cmd: legofit -1 -d 0 -t 56 --ptsPerDim 3 --stateOut b1boot31.state --tol 3e-6 -S 5000 abcef2.lgo ../../chrX/boot_chrX/boot31.opf
# Stage nOptItr nSimReps
#     0    5000        0
# algorithm          : deterministic
# ignoring probs <=  : 0
# Branch length floor: 0
# DE strategy        : 2
#    F               : 0.3
#    CR              : 0.8
#    tolerance       : 3e-06
# nthreads           : 56
# lgo input file     : abcef2.lgo
# site pat input file: ../../chrX/boot_chrX/boot31.opf
# free parameters    : 19
# points in DE swarm : 57
# output state file  : b1boot31.state
# Including singleton site patterns.
# cost function      : KL
Initial parameter values
Fixed:
      zero = 0
       one = 1
    Tbecnw = 75200
Free:
       pc1 = 0
       pc2 = 0
       pc3 = 0
       pc4 = 0
       pc5 = 0
       pc6 = 0
       pc7 = 0
       pc8 = 0
       pc9 = 0
      pc10 = 0
      pc11 = 0
      pc12 = 0
      pc13 = 0
      pc14 = 0
      pc15 = 0
      pc16 = 0
      pc17 = 0
      pc18 = 0
      pc19 = 0
Constrained:
   Tgbecnw = 192848
     Tecnw = 32372.6
       Tnw = 16775.8
       Tec = 8690.12
     twoNb = 1.55171e+06
     twoNe = 241644
     twoNc = 2.30158e+06
     twoNn = 2.04965e+06
     twoNw = 3.82955e+07
    twoNec = 81894.3
    twoNnw = 41888.2
  twoNecnw = 51309.3
  twoNbecnw = 23686.1
  twoNgbecnw = 382851
         m = 0.0636165
        m2 = 0.0326773
        m3 = 0.219904
        m5 = 0.163302
        m6 = 0.0590563
        Tb = 20531.4
        Ta = 47865.7
        Tc = 8387.9
        Te = 4193.95
        Tf = 2096.98
DiffEv reached_goal. cost=1.79715e-03 spread=2.92621e-06
Fitted parameter values
Free:
       pc1 = -2.7952
       pc2 = 0.772693
       pc3 = 2.3687
       pc4 = 0.413785
       pc5 = -1.679
       pc6 = -1.3376
       pc7 = 0.442291
       pc8 = 1.17719
       pc9 = 1.67574
      pc10 = -0.12149
      pc11 = -1.54842
      pc12 = 0.884039
      pc13 = -0.385607
      pc14 = -0.939466
      pc15 = 0.265697
      pc16 = -0.526209
      pc17 = -0.0592729
      pc18 = -0.0302731
      pc19 = -0.0412481
Constrained:
   Tgbecnw = 142712
     Tecnw = 32053.1
       Tnw = 12257.5
       Tec = 6613.06
     twoNb = 2.71038e+06
     twoNe = 1.60742e+06
     twoNc = 1.33994e+06
     twoNn = 4.31696e+06
     twoNw = 1.08881e+08
    twoNec = 87913.1
    twoNnw = 57893.7
  twoNecnw = 42638.1
  twoNbecnw = 17647.7
  twoNgbecnw = 531712
         m = 0.0359226
        m2 = 0.0342397
        m3 = 0.219433
        m5 = 0.172996
        m6 = 0.0515436
        Tb = 19333.1
        Ta = 47266.5
        Tc = 6128.75
        Te = 3064.38
        Tf = 1532.19
#       SitePat  BranchLen
              b 117510.8805640
              e 43831.3734488
              c 45715.0215525
              n 41816.7360767
              w 44266.2571405
            b:e 1220.6355119
            b:c 1369.1290459
            b:n 976.4304183
            b:w 1093.5475083
            e:c 11266.7528959
            e:n 4722.7334861
            e:w 4246.9799957
            c:n 4579.2046793
            c:w 3450.4856640
            n:w 11727.2922011
          b:e:c 1225.3111889
          b:e:n 538.0948274
          b:e:w 583.4201206
          b:c:n 569.5416165
          b:c:w 552.6366418
          b:n:w 1277.4407922
          e:c:n 4883.8410502
          e:c:w 3907.9890177
          e:n:w 5638.9193086
          c:n:w 4767.6919512
        b:e:c:n 1136.5998462
        b:e:c:w 1121.8659221
        b:e:n:w 1911.5448510
        b:c:n:w 1689.9903936
        e:c:n:w 46541.0078207
