########################################
# legofit: estimate population history #
#       version 2.3.4-4-g53f8760       #
########################################

# Program was compiled: Sep 21 2021 14:36:42
# Program was run: Wed Sep 29 11:05:57 2021

# cmd: legofit -1 -d 0 -t 56 --ptsPerDim 3 --stateOut b1boot3.state --tol 3e-6 -S 5000 abcef2.lgo ../../chrX/boot_chrX/boot3.opf
# Stage nOptItr nSimReps
#     0    5000        0
# algorithm          : deterministic
# ignoring probs <=  : 0
# Branch length floor: 0
# DE strategy        : 2
#    F               : 0.3
#    CR              : 0.8
#    tolerance       : 3e-06
# nthreads           : 56
# lgo input file     : abcef2.lgo
# site pat input file: ../../chrX/boot_chrX/boot3.opf
# free parameters    : 19
# points in DE swarm : 57
# output state file  : b1boot3.state
# Including singleton site patterns.
# cost function      : KL
Initial parameter values
Fixed:
      zero = 0
       one = 1
    Tbecnw = 75200
Free:
       pc1 = 0
       pc2 = 0
       pc3 = 0
       pc4 = 0
       pc5 = 0
       pc6 = 0
       pc7 = 0
       pc8 = 0
       pc9 = 0
      pc10 = 0
      pc11 = 0
      pc12 = 0
      pc13 = 0
      pc14 = 0
      pc15 = 0
      pc16 = 0
      pc17 = 0
      pc18 = 0
      pc19 = 0
Constrained:
   Tgbecnw = 192848
     Tecnw = 32372.6
       Tnw = 16775.8
       Tec = 8690.12
     twoNb = 1.55171e+06
     twoNe = 241644
     twoNc = 2.30158e+06
     twoNn = 2.04965e+06
     twoNw = 3.82955e+07
    twoNec = 81894.3
    twoNnw = 41888.2
  twoNecnw = 51309.3
  twoNbecnw = 23686.1
  twoNgbecnw = 382851
         m = 0.0636165
        m2 = 0.0326773
        m3 = 0.219904
        m5 = 0.163302
        m6 = 0.0590563
        Tb = 20531.4
        Ta = 47865.7
        Tc = 8387.9
        Te = 4193.95
        Tf = 2096.98
DiffEv reached_goal. cost=1.78964e-03 spread=2.83362e-06
Fitted parameter values
Free:
       pc1 = -1.5278
       pc2 = -1.91675
       pc3 = 1.29438
       pc4 = 0.673192
       pc5 = -1.62285
       pc6 = -1.11781
       pc7 = -0.185827
       pc8 = 0.487911
       pc9 = 1.94404
      pc10 = -0.821031
      pc11 = -1.94534
      pc12 = 0.90528
      pc13 = -0.672317
      pc14 = -0.410309
      pc15 = 0.376684
      pc16 = -0.43046
      pc17 = 0.278462
      pc18 = 0.21092
      pc19 = -0.0615483
Constrained:
   Tgbecnw = 125436
     Tecnw = 31440.1
       Tnw = 14931.3
       Tec = 7763.01
     twoNb = 2.48298e+06
     twoNe = 12246.2
     twoNc = 2.77552e+06
     twoNn = 4.2212e+06
     twoNw = 1.66521e+08
    twoNec = 78972.9
    twoNnw = 45010.2
  twoNecnw = 47212.1
  twoNbecnw = 14394.8
  twoNgbecnw = 400976
         m = 0.053792
        m2 = 0.0331049
        m3 = 0.217755
        m5 = 0.174675
        m6 = 0.0590103
        Tb = 19601.6
        Ta = 47400.8
        Tc = 7465.64
        Te = 3732.82
        Tf = 1866.41
#       SitePat  BranchLen
              b 117287.9217707
              e 43973.6375194
              c 45994.6612040
              n 41859.1635609
              w 44517.6295668
            b:e 1200.3825482
            b:c 1354.1084124
            b:n 948.7080181
            b:w 1078.8210364
            e:c 11473.2270488
            e:n 4848.0681059
            e:w 4204.9222955
            c:n 4548.3002696
            c:w 3469.0198515
            n:w 11943.0679997
          b:e:c 1238.1409167
          b:e:n 532.5864775
          b:e:w 571.0531046
          b:c:n 556.5543452
          b:c:w 550.7022410
          b:n:w 1293.1305188
          e:c:n 4850.2725026
          e:c:w 3780.0376144
          e:n:w 5620.9397434
          c:n:w 4706.8667250
        b:e:c:n 1131.6579382
        b:e:c:w 1103.1255294
        b:e:n:w 1917.3584638
        b:c:n:w 1688.7351986
        e:c:n:w 46007.5768032
