########################################
# legofit: estimate population history #
#       version 2.3.4-4-g53f8760       #
########################################

# Program was compiled: Sep 21 2021 14:36:42
# Program was run: Wed Sep 29 11:06:35 2021

# cmd: legofit -1 -d 0 -t 56 --ptsPerDim 3 --stateOut b1boot21.state --tol 3e-6 -S 5000 abcef2.lgo ../../chrX/boot_chrX/boot21.opf
# Stage nOptItr nSimReps
#     0    5000        0
# algorithm          : deterministic
# ignoring probs <=  : 0
# Branch length floor: 0
# DE strategy        : 2
#    F               : 0.3
#    CR              : 0.8
#    tolerance       : 3e-06
# nthreads           : 56
# lgo input file     : abcef2.lgo
# site pat input file: ../../chrX/boot_chrX/boot21.opf
# free parameters    : 19
# points in DE swarm : 57
# output state file  : b1boot21.state
# Including singleton site patterns.
# cost function      : KL
Initial parameter values
Fixed:
      zero = 0
       one = 1
    Tbecnw = 75200
Free:
       pc1 = 0
       pc2 = 0
       pc3 = 0
       pc4 = 0
       pc5 = 0
       pc6 = 0
       pc7 = 0
       pc8 = 0
       pc9 = 0
      pc10 = 0
      pc11 = 0
      pc12 = 0
      pc13 = 0
      pc14 = 0
      pc15 = 0
      pc16 = 0
      pc17 = 0
      pc18 = 0
      pc19 = 0
Constrained:
   Tgbecnw = 192848
     Tecnw = 32372.6
       Tnw = 16775.8
       Tec = 8690.12
     twoNb = 1.55171e+06
     twoNe = 241644
     twoNc = 2.30158e+06
     twoNn = 2.04965e+06
     twoNw = 3.82955e+07
    twoNec = 81894.3
    twoNnw = 41888.2
  twoNecnw = 51309.3
  twoNbecnw = 23686.1
  twoNgbecnw = 382851
         m = 0.0636165
        m2 = 0.0326773
        m3 = 0.219904
        m5 = 0.163302
        m6 = 0.0590563
        Tb = 20531.4
        Ta = 47865.7
        Tc = 8387.9
        Te = 4193.95
        Tf = 2096.98
DiffEv reached_goal. cost=1.85293e-03 spread=2.59384e-06
Fitted parameter values
Free:
       pc1 = -3.05833
       pc2 = -1.27708
       pc3 = 1.05914
       pc4 = -0.983911
       pc5 = -1.91248
       pc6 = -1.77965
       pc7 = 1.07869
       pc8 = 0.0693116
       pc9 = -0.432327
      pc10 = -0.908039
      pc11 = -0.866513
      pc12 = 0.384048
      pc13 = -0.406142
      pc14 = -0.0178884
      pc15 = 0.325718
      pc16 = -0.292978
      pc17 = 0.235998
      pc18 = -0.0490579
      pc19 = 0.0641809
Constrained:
   Tgbecnw = 137395
     Tecnw = 32660.8
       Tnw = 14290
       Tec = 7320.06
     twoNb = 1.86287e+06
     twoNe = 3.51242e+06
     twoNc = 5.58563e+06
     twoNn = 7.50524e+06
     twoNw = 8.09864e+07
    twoNec = 78739.4
    twoNnw = 47518.8
  twoNecnw = 45543.2
  twoNbecnw = 17101.1
  twoNgbecnw = 407776
         m = 0.0518517
        m2 = 0.0347018
        m3 = 0.208788
        m5 = 0.185156
        m6 = 0.087478
        Tb = 19990.4
        Ta = 47595.2
        Tc = 7145.02
        Te = 3572.51
        Tf = 1786.26
#       SitePat  BranchLen
              b 118548.9778900
              e 44501.5849452
              c 46157.0221901
              n 42043.7870436
              w 44464.5649619
            b:e 1235.2339938
            b:c 1367.3969012
            b:n 948.3413587
            b:w 1063.7363928
            e:c 11649.4914343
            e:n 4706.0440783
            e:w 4204.4035374
            c:n 4585.8205055
            c:w 3527.4793312
            n:w 12234.8015742
          b:e:c 1251.8742536
          b:e:n 525.5177965
          b:e:w 567.3772812
          b:c:n 552.3731641
          b:c:w 541.0227968
          b:n:w 1310.8538876
          e:c:n 4770.8734627
          e:c:w 3777.9703631
          e:n:w 5682.0552106
          c:n:w 4885.5696323
        b:e:c:n 1107.7755907
        b:e:c:w 1093.9783558
        b:e:n:w 1914.8347427
        b:c:n:w 1720.3670556
        e:c:n:w 46760.6465012
