########################################
# legofit: estimate population history #
#       version 2.3.4-4-g53f8760       #
########################################

# Program was compiled: Sep 21 2021 14:36:42
# Program was run: Wed Sep 29 11:08:38 2021

# cmd: legofit -1 -d 0 -t 56 --ptsPerDim 3 --stateOut b1boot49.state --tol 3e-6 -S 5000 abcef2.lgo ../../chrX/boot_chrX/boot49.opf
# Stage nOptItr nSimReps
#     0    5000        0
# algorithm          : deterministic
# ignoring probs <=  : 0
# Branch length floor: 0
# DE strategy        : 2
#    F               : 0.3
#    CR              : 0.8
#    tolerance       : 3e-06
# nthreads           : 56
# lgo input file     : abcef2.lgo
# site pat input file: ../../chrX/boot_chrX/boot49.opf
# free parameters    : 19
# points in DE swarm : 57
# output state file  : b1boot49.state
# Including singleton site patterns.
# cost function      : KL
Initial parameter values
Fixed:
      zero = 0
       one = 1
    Tbecnw = 75200
Free:
       pc1 = 0
       pc2 = 0
       pc3 = 0
       pc4 = 0
       pc5 = 0
       pc6 = 0
       pc7 = 0
       pc8 = 0
       pc9 = 0
      pc10 = 0
      pc11 = 0
      pc12 = 0
      pc13 = 0
      pc14 = 0
      pc15 = 0
      pc16 = 0
      pc17 = 0
      pc18 = 0
      pc19 = 0
Constrained:
   Tgbecnw = 192848
     Tecnw = 32372.6
       Tnw = 16775.8
       Tec = 8690.12
     twoNb = 1.55171e+06
     twoNe = 241644
     twoNc = 2.30158e+06
     twoNn = 2.04965e+06
     twoNw = 3.82955e+07
    twoNec = 81894.3
    twoNnw = 41888.2
  twoNecnw = 51309.3
  twoNbecnw = 23686.1
  twoNgbecnw = 382851
         m = 0.0636165
        m2 = 0.0326773
        m3 = 0.219904
        m5 = 0.163302
        m6 = 0.0590563
        Tb = 20531.4
        Ta = 47865.7
        Tc = 8387.9
        Te = 4193.95
        Tf = 2096.98
DiffEv reached_goal. cost=1.71442e-03 spread=2.52074e-06
Fitted parameter values
Free:
       pc1 = 0.809125
       pc2 = -1.68029
       pc3 = 1.76825
       pc4 = 1.67385
       pc5 = -1.65693
       pc6 = -1.6536
       pc7 = 0.537376
       pc8 = 1.61554
       pc9 = -0.600329
      pc10 = -1.88376
      pc11 = -0.664331
      pc12 = 0.572633
      pc13 = -0.422396
      pc14 = -0.29121
      pc15 = -0.0567173
      pc16 = -0.069951
      pc17 = -0.276566
      pc18 = -0.0871452
      pc19 = -0.0580344
Constrained:
   Tgbecnw = 134363
     Tecnw = 29826.1
       Tnw = 16546.5
       Tec = 8276.84
     twoNb = 1.64182e+06
     twoNe = 2.91368e+06
     twoNc = 3.71438e+06
     twoNn = 7.5012e+06
     twoNw = 1.36465e+08
    twoNec = 86621
    twoNnw = 39400.9
  twoNecnw = 52683.8
  twoNbecnw = 17014.9
  twoNgbecnw = 336717
         m = 0.070958
        m2 = 0.0312799
        m3 = 0.225651
        m5 = 0.143515
        m6 = 0.0300677
        Tb = 19051.5
        Ta = 47125.7
        Tc = 8273.25
        Te = 4136.62
        Tf = 2068.31
#       SitePat  BranchLen
              b 120864.5656854
              e 45374.7244770
              c 47105.6111337
              n 43121.4313869
              w 45565.3883708
            b:e 1299.0849105
            b:c 1441.0790465
            b:n 1024.2144593
            b:w 1138.5565163
            e:c 11517.2961733
            e:n 4917.6942456
            e:w 4407.9317554
            c:n 4800.5010599
            c:w 3688.7494626
            n:w 12068.8983906
          b:e:c 1280.8488916
          b:e:n 571.2903186
          b:e:w 614.8927952
          b:c:n 601.0233443
          b:c:w 586.1770646
          b:n:w 1331.3428427
          e:c:n 4969.5755083
          e:c:w 4008.7178957
          e:n:w 5755.8084897
          c:n:w 4930.8859826
        b:e:c:n 1192.8899221
        b:e:c:w 1188.2064209
        b:e:n:w 2026.0060732
        b:c:n:w 1813.4059533
        e:c:n:w 47848.6165264
