########################################
# legofit: estimate population history #
#       version 2.3.4-4-g53f8760       #
########################################

# Program was compiled: Sep 21 2021 14:36:42
# Program was run: Wed Sep 29 11:06:59 2021

# cmd: legofit -1 -d 0 -t 56 --ptsPerDim 3 --stateOut b1boot30.state --tol 3e-6 -S 5000 abcef2.lgo ../../chrX/boot_chrX/boot30.opf
# Stage nOptItr nSimReps
#     0    5000        0
# algorithm          : deterministic
# ignoring probs <=  : 0
# Branch length floor: 0
# DE strategy        : 2
#    F               : 0.3
#    CR              : 0.8
#    tolerance       : 3e-06
# nthreads           : 56
# lgo input file     : abcef2.lgo
# site pat input file: ../../chrX/boot_chrX/boot30.opf
# free parameters    : 19
# points in DE swarm : 57
# output state file  : b1boot30.state
# Including singleton site patterns.
# cost function      : KL
Initial parameter values
Fixed:
      zero = 0
       one = 1
    Tbecnw = 75200
Free:
       pc1 = 0
       pc2 = 0
       pc3 = 0
       pc4 = 0
       pc5 = 0
       pc6 = 0
       pc7 = 0
       pc8 = 0
       pc9 = 0
      pc10 = 0
      pc11 = 0
      pc12 = 0
      pc13 = 0
      pc14 = 0
      pc15 = 0
      pc16 = 0
      pc17 = 0
      pc18 = 0
      pc19 = 0
Constrained:
   Tgbecnw = 192848
     Tecnw = 32372.6
       Tnw = 16775.8
       Tec = 8690.12
     twoNb = 1.55171e+06
     twoNe = 241644
     twoNc = 2.30158e+06
     twoNn = 2.04965e+06
     twoNw = 3.82955e+07
    twoNec = 81894.3
    twoNnw = 41888.2
  twoNecnw = 51309.3
  twoNbecnw = 23686.1
  twoNgbecnw = 382851
         m = 0.0636165
        m2 = 0.0326773
        m3 = 0.219904
        m5 = 0.163302
        m6 = 0.0590563
        Tb = 20531.4
        Ta = 47865.7
        Tc = 8387.9
        Te = 4193.95
        Tf = 2096.98
DiffEv reached_goal. cost=1.80845e-03 spread=2.76962e-06
Fitted parameter values
Free:
       pc1 = 2.21682
       pc2 = -1.99688
       pc3 = 3.11711
       pc4 = -0.966249
       pc5 = -1.19567
       pc6 = -1.15011
       pc7 = 0.429799
       pc8 = 0.544335
       pc9 = 0.504551
      pc10 = -0.0275796
      pc11 = -1.10193
      pc12 = 0.55042
      pc13 = 0.079192
      pc14 = -0.339959
      pc15 = 0.591941
      pc16 = -0.468338
      pc17 = 0.0205654
      pc18 = 0.0373318
      pc19 = 0.0610468
Constrained:
   Tgbecnw = 144273
     Tecnw = 29808.9
       Tnw = 18667.9
       Tec = 9561.71
     twoNb = 2.98526e+06
     twoNe = 3.20926e+06
     twoNc = 1.58215e+06
     twoNn = 3.31192e+06
     twoNw = 4.78744e+07
    twoNec = 74770.8
    twoNnw = 29874
  twoNecnw = 53743.2
  twoNbecnw = 17292.3
  twoNgbecnw = 456290
         m = 0.055917
        m2 = 0.0299527
        m3 = 0.221986
        m5 = 0.144412
        m6 = 0.0405172
        Tb = 19685.3
        Ta = 47442.7
        Tc = 9333.97
        Te = 4666.99
        Tf = 2333.49
#       SitePat  BranchLen
              b 121662.3039630
              e 45192.9418181
              c 46846.0522349
              n 42802.4141230
              w 45318.2945502
            b:e 1195.2075698
            b:c 1323.0524582
            b:n 939.5098829
            b:w 1064.4005137
            e:c 11781.3862308
            e:n 4764.6888427
            e:w 4233.8710031
            c:n 4670.9651243
            c:w 3564.1053316
            n:w 12292.0381523
          b:e:c 1237.5270452
          b:e:n 521.3143939
          b:e:w 564.8916742
          b:c:n 548.4817957
          b:c:w 537.9439317
          b:n:w 1301.5531045
          e:c:n 4890.7546931
          e:c:w 3858.0510984
          e:n:w 5677.1602257
          c:n:w 4859.8492870
        b:e:c:n 1108.1326339
        b:e:c:w 1104.7034082
        b:e:n:w 1954.1430837
        b:c:n:w 1753.7684382
        e:c:n:w 48732.1602693
