########################################
# legofit: estimate population history #
#       version 2.3.4-4-g53f8760       #
########################################

# Program was compiled: Sep 21 2021 14:36:42
# Program was run: Wed Sep 29 11:07:37 2021

# cmd: legofit -1 -d 0 -t 56 --ptsPerDim 3 --stateOut b1boot35.state --tol 3e-6 -S 5000 abcef2.lgo ../../chrX/boot_chrX/boot35.opf
# Stage nOptItr nSimReps
#     0    5000        0
# algorithm          : deterministic
# ignoring probs <=  : 0
# Branch length floor: 0
# DE strategy        : 2
#    F               : 0.3
#    CR              : 0.8
#    tolerance       : 3e-06
# nthreads           : 56
# lgo input file     : abcef2.lgo
# site pat input file: ../../chrX/boot_chrX/boot35.opf
# free parameters    : 19
# points in DE swarm : 57
# output state file  : b1boot35.state
# Including singleton site patterns.
# cost function      : KL
Initial parameter values
Fixed:
      zero = 0
       one = 1
    Tbecnw = 75200
Free:
       pc1 = 0
       pc2 = 0
       pc3 = 0
       pc4 = 0
       pc5 = 0
       pc6 = 0
       pc7 = 0
       pc8 = 0
       pc9 = 0
      pc10 = 0
      pc11 = 0
      pc12 = 0
      pc13 = 0
      pc14 = 0
      pc15 = 0
      pc16 = 0
      pc17 = 0
      pc18 = 0
      pc19 = 0
Constrained:
   Tgbecnw = 192848
     Tecnw = 32372.6
       Tnw = 16775.8
       Tec = 8690.12
     twoNb = 1.55171e+06
     twoNe = 241644
     twoNc = 2.30158e+06
     twoNn = 2.04965e+06
     twoNw = 3.82955e+07
    twoNec = 81894.3
    twoNnw = 41888.2
  twoNecnw = 51309.3
  twoNbecnw = 23686.1
  twoNgbecnw = 382851
         m = 0.0636165
        m2 = 0.0326773
        m3 = 0.219904
        m5 = 0.163302
        m6 = 0.0590563
        Tb = 20531.4
        Ta = 47865.7
        Tc = 8387.9
        Te = 4193.95
        Tf = 2096.98
DiffEv reached_goal. cost=1.87741e-03 spread=2.68327e-06
Fitted parameter values
Free:
       pc1 = -0.264914
       pc2 = -1.01848
       pc3 = 2.76333
       pc4 = 0.562501
       pc5 = -0.756855
       pc6 = 0.231715
       pc7 = 0.680214
       pc8 = 0.850939
       pc9 = -0.202937
      pc10 = -1.28223
      pc11 = -0.337102
      pc12 = 0.43927
      pc13 = -0.321362
      pc14 = -0.171051
      pc15 = -0.145304
      pc16 = 0.341141
      pc17 = -0.0849918
      pc18 = 0.0489213
      pc19 = -0.145994
Constrained:
   Tgbecnw = 140127
     Tecnw = 30877.4
       Tnw = 15414.1
       Tec = 7727.47
     twoNb = 1.82053e+06
     twoNe = 3.04327e+06
     twoNc = 1.39262e+06
     twoNn = 1.91083e+06
     twoNw = 6.2652e+07
    twoNec = 87057.1
    twoNnw = 45161.5
  twoNecnw = 52445.1
  twoNbecnw = 17425.4
  twoNgbecnw = 374387
         m = 0.0674087
        m2 = 0.0301641
        m3 = 0.208697
        m5 = 0.159672
        m6 = 0.0455661
        Tb = 19302.4
        Ta = 47251.2
        Tc = 7707.06
        Te = 3853.53
        Tf = 1926.77
#       SitePat  BranchLen
              b 121979.9980518
              e 45597.3965515
              c 47412.5566831
              n 43357.6734932
              w 45698.1237801
            b:e 1239.2804913
            b:c 1378.9245402
            b:n 982.8932788
            b:w 1091.8072822
            e:c 11660.1916074
            e:n 4871.0294490
            e:w 4388.2407217
            c:n 4716.0763482
            c:w 3647.4953847
            n:w 12251.6736719
          b:e:c 1242.9419420
          b:e:n 546.1368576
          b:e:w 587.7620736
          b:c:n 573.7711464
          b:c:w 560.7780485
          b:n:w 1299.8529046
          e:c:n 4843.3785635
          e:c:w 3918.8750113
          e:n:w 5674.8365073
          c:n:w 4829.4177957
        b:e:c:n 1139.4385796
        b:e:c:w 1137.3154436
        b:e:n:w 1974.9826011
        b:c:n:w 1760.6452909
        e:c:n:w 48674.7222661
