########################################
# legofit: estimate population history #
#       version 2.3.4-4-g53f8760       #
########################################

# Program was compiled: Sep 21 2021 14:36:42
# Program was run: Wed Sep 29 11:06:48 2021

# cmd: legofit -1 -d 0 -t 56 --ptsPerDim 3 --stateOut b1boot28.state --tol 3e-6 -S 5000 abcef2.lgo ../../chrX/boot_chrX/boot28.opf
# Stage nOptItr nSimReps
#     0    5000        0
# algorithm          : deterministic
# ignoring probs <=  : 0
# Branch length floor: 0
# DE strategy        : 2
#    F               : 0.3
#    CR              : 0.8
#    tolerance       : 3e-06
# nthreads           : 56
# lgo input file     : abcef2.lgo
# site pat input file: ../../chrX/boot_chrX/boot28.opf
# free parameters    : 19
# points in DE swarm : 57
# output state file  : b1boot28.state
# Including singleton site patterns.
# cost function      : KL
Initial parameter values
Fixed:
      zero = 0
       one = 1
    Tbecnw = 75200
Free:
       pc1 = 0
       pc2 = 0
       pc3 = 0
       pc4 = 0
       pc5 = 0
       pc6 = 0
       pc7 = 0
       pc8 = 0
       pc9 = 0
      pc10 = 0
      pc11 = 0
      pc12 = 0
      pc13 = 0
      pc14 = 0
      pc15 = 0
      pc16 = 0
      pc17 = 0
      pc18 = 0
      pc19 = 0
Constrained:
   Tgbecnw = 192848
     Tecnw = 32372.6
       Tnw = 16775.8
       Tec = 8690.12
     twoNb = 1.55171e+06
     twoNe = 241644
     twoNc = 2.30158e+06
     twoNn = 2.04965e+06
     twoNw = 3.82955e+07
    twoNec = 81894.3
    twoNnw = 41888.2
  twoNecnw = 51309.3
  twoNbecnw = 23686.1
  twoNgbecnw = 382851
         m = 0.0636165
        m2 = 0.0326773
        m3 = 0.219904
        m5 = 0.163302
        m6 = 0.0590563
        Tb = 20531.4
        Ta = 47865.7
        Tc = 8387.9
        Te = 4193.95
        Tf = 2096.98
DiffEv reached_goal. cost=1.82195e-03 spread=2.33896e-06
Fitted parameter values
Free:
       pc1 = -3.8158
       pc2 = -2.83267
       pc3 = 3.93363
       pc4 = -1.32724
       pc5 = -0.490168
       pc6 = -1.14279
       pc7 = -0.396731
       pc8 = 0.889056
       pc9 = 0.218171
      pc10 = 0.289194
      pc11 = -1.57157
      pc12 = 0.669485
      pc13 = -0.430943
      pc14 = 0.279826
      pc15 = 0.492264
      pc16 = -0.698265
      pc17 = -0.117129
      pc18 = -0.0387726
      pc19 = 0.101783
Constrained:
   Tgbecnw = 117706
     Tecnw = 32051.9
       Tnw = 13771.5
       Tec = 6898.98
     twoNb = 3.71416e+06
     twoNe = 4.49377e+06
     twoNc = 3.97139e+06
     twoNn = 1.3406e+06
     twoNw = 7.55055e+07
    twoNec = 80125.5
    twoNnw = 49415.9
  twoNecnw = 45289.9
  twoNbecnw = 13756.9
  twoNgbecnw = 292977
         m = 0.0728357
        m2 = 0.0356556
        m3 = 0.199613
        m5 = 0.190701
        m6 = 0.0851939
        Tb = 19475.5
        Ta = 47337.7
        Tc = 6885.74
        Te = 3442.87
        Tf = 1721.44
#       SitePat  BranchLen
              b 117286.6011602
              e 44029.9872880
              c 45774.4412510
              n 41692.4409622
              w 43923.8531400
            b:e 1214.3293338
            b:c 1351.9583101
            b:n 937.8171823
            b:w 1041.0321867
            e:c 11407.1854113
            e:n 4668.0952653
            e:w 4216.8480654
            c:n 4520.6168059
            c:w 3515.1278760
            n:w 11993.5749631
          b:e:c 1220.7893902
          b:e:n 521.4887638
          b:e:w 562.3842298
          b:c:n 548.1573310
          b:c:w 536.5523579
          b:n:w 1279.1802180
          e:c:n 4673.2588261
          e:c:w 3771.4460367
          e:n:w 5658.5721645
          c:n:w 4830.5156556
        b:e:c:n 1090.7723442
        b:e:c:w 1085.4036274
        b:e:n:w 1911.7348788
        b:c:n:w 1706.0703820
        e:c:n:w 46261.9762464
