########################################
# legofit: estimate population history #
#       version 2.3.4-4-g53f8760       #
########################################

# Program was compiled: Sep 21 2021 14:36:42
# Program was run: Wed Sep 29 11:06:02 2021

# cmd: legofit -1 -d 0 -t 56 --ptsPerDim 3 --stateOut b1boot7.state --tol 3e-6 -S 5000 abcef2.lgo ../../chrX/boot_chrX/boot7.opf
# Stage nOptItr nSimReps
#     0    5000        0
# algorithm          : deterministic
# ignoring probs <=  : 0
# Branch length floor: 0
# DE strategy        : 2
#    F               : 0.3
#    CR              : 0.8
#    tolerance       : 3e-06
# nthreads           : 56
# lgo input file     : abcef2.lgo
# site pat input file: ../../chrX/boot_chrX/boot7.opf
# free parameters    : 19
# points in DE swarm : 57
# output state file  : b1boot7.state
# Including singleton site patterns.
# cost function      : KL
Initial parameter values
Fixed:
      zero = 0
       one = 1
    Tbecnw = 75200
Free:
       pc1 = 0
       pc2 = 0
       pc3 = 0
       pc4 = 0
       pc5 = 0
       pc6 = 0
       pc7 = 0
       pc8 = 0
       pc9 = 0
      pc10 = 0
      pc11 = 0
      pc12 = 0
      pc13 = 0
      pc14 = 0
      pc15 = 0
      pc16 = 0
      pc17 = 0
      pc18 = 0
      pc19 = 0
Constrained:
   Tgbecnw = 192848
     Tecnw = 32372.6
       Tnw = 16775.8
       Tec = 8690.12
     twoNb = 1.55171e+06
     twoNe = 241644
     twoNc = 2.30158e+06
     twoNn = 2.04965e+06
     twoNw = 3.82955e+07
    twoNec = 81894.3
    twoNnw = 41888.2
  twoNecnw = 51309.3
  twoNbecnw = 23686.1
  twoNgbecnw = 382851
         m = 0.0636165
        m2 = 0.0326773
        m3 = 0.219904
        m5 = 0.163302
        m6 = 0.0590563
        Tb = 20531.4
        Ta = 47865.7
        Tc = 8387.9
        Te = 4193.95
        Tf = 2096.98
DiffEv reached_goal. cost=1.78696e-03 spread=2.84778e-06
Fitted parameter values
Free:
       pc1 = 3.01121
       pc2 = -3.98665
       pc3 = 2.08977
       pc4 = 1.09969
       pc5 = -1.64242
       pc6 = -1.58606
       pc7 = 1.46855
       pc8 = 0.797167
       pc9 = -0.192
      pc10 = -0.213144
      pc11 = -1.76868
      pc12 = 0.305169
      pc13 = 0.242412
      pc14 = -0.306698
      pc15 = 0.35161
      pc16 = 0.0518458
      pc17 = 0.272283
      pc18 = -0.102377
      pc19 = -0.0697099
Constrained:
   Tgbecnw = 121278
     Tecnw = 28803.7
       Tnw = 19026.1
       Tec = 9648.61
     twoNb = 2.40583e+06
     twoNe = 1.90697e+06
     twoNc = 827026
     twoNn = 9.85141e+06
     twoNw = 6.78035e+07
    twoNec = 72119.9
    twoNnw = 27409.1
  twoNecnw = 58064.2
  twoNbecnw = 13752.1
  twoNgbecnw = 322529
         m = 0.0794157
        m2 = 0.0299587
        m3 = 0.227721
        m5 = 0.13911
        m6 = 0.0290476
        Tb = 19226.1
        Ta = 47213.1
        Tc = 9513.03
        Te = 4756.51
        Tf = 2378.26
#       SitePat  BranchLen
              b 119810.0778729
              e 45142.2916768
              c 46836.9685034
              n 43063.1673599
              w 45727.9988943
            b:e 1253.6414191
            b:c 1391.9772424
            b:n 998.3703515
            b:w 1132.6117826
            e:c 11928.8042975
            e:n 4868.8063978
            e:w 4312.9458135
            c:n 4779.4509072
            c:w 3607.9561472
            n:w 12256.8831332
          b:e:c 1303.6562692
          b:e:n 555.5854865
          b:e:w 601.8789464
          b:c:n 586.3865181
          b:c:w 572.5538017
          b:n:w 1359.1820653
          e:c:n 4968.1503350
          e:c:w 3887.8978022
          e:n:w 5606.7786413
          c:n:w 4775.4541512
        b:e:c:n 1200.4467913
        b:e:c:w 1176.5210038
        b:e:n:w 1997.5617738
        b:c:n:w 1788.7428631
        e:c:n:w 46924.2277242
