########################################
# legofit: estimate population history #
#       version 2.3.4-4-g53f8760       #
########################################

# Program was compiled: Sep 21 2021 14:36:42
# Program was run: Wed Sep 29 11:08:18 2021

# cmd: legofit -1 -d 0 -t 56 --ptsPerDim 3 --stateOut b1boot42.state --tol 3e-6 -S 5000 abcef2.lgo ../../chrX/boot_chrX/boot42.opf
# Stage nOptItr nSimReps
#     0    5000        0
# algorithm          : deterministic
# ignoring probs <=  : 0
# Branch length floor: 0
# DE strategy        : 2
#    F               : 0.3
#    CR              : 0.8
#    tolerance       : 3e-06
# nthreads           : 56
# lgo input file     : abcef2.lgo
# site pat input file: ../../chrX/boot_chrX/boot42.opf
# free parameters    : 19
# points in DE swarm : 57
# output state file  : b1boot42.state
# Including singleton site patterns.
# cost function      : KL
Initial parameter values
Fixed:
      zero = 0
       one = 1
    Tbecnw = 75200
Free:
       pc1 = 0
       pc2 = 0
       pc3 = 0
       pc4 = 0
       pc5 = 0
       pc6 = 0
       pc7 = 0
       pc8 = 0
       pc9 = 0
      pc10 = 0
      pc11 = 0
      pc12 = 0
      pc13 = 0
      pc14 = 0
      pc15 = 0
      pc16 = 0
      pc17 = 0
      pc18 = 0
      pc19 = 0
Constrained:
   Tgbecnw = 192848
     Tecnw = 32372.6
       Tnw = 16775.8
       Tec = 8690.12
     twoNb = 1.55171e+06
     twoNe = 241644
     twoNc = 2.30158e+06
     twoNn = 2.04965e+06
     twoNw = 3.82955e+07
    twoNec = 81894.3
    twoNnw = 41888.2
  twoNecnw = 51309.3
  twoNbecnw = 23686.1
  twoNgbecnw = 382851
         m = 0.0636165
        m2 = 0.0326773
        m3 = 0.219904
        m5 = 0.163302
        m6 = 0.0590563
        Tb = 20531.4
        Ta = 47865.7
        Tc = 8387.9
        Te = 4193.95
        Tf = 2096.98
DiffEv reached_goal. cost=1.80504e-03 spread=2.85895e-06
Fitted parameter values
Free:
       pc1 = -1.97074
       pc2 = 0.438936
       pc3 = 1.79299
       pc4 = -0.292521
       pc5 = -1.47481
       pc6 = -1.4176
       pc7 = 1.87083
       pc8 = 0.897611
       pc9 = 1.14
      pc10 = -1.4001
      pc11 = -1.35071
      pc12 = 0.422918
      pc13 = -0.502672
      pc14 = -0.197559
      pc15 = 0.181694
      pc16 = -0.229589
      pc17 = -0.0416078
      pc18 = 0.285908
      pc19 = -0.0924395
Constrained:
   Tgbecnw = 138451
     Tecnw = 31844.7
       Tnw = 13972.4
       Tec = 7001.58
     twoNb = 1.96704e+06
     twoNe = 1.79441e+06
     twoNc = 4.61501e+06
     twoNn = 5.81722e+06
     twoNw = 5.65735e+07
    twoNec = 88092.5
    twoNnw = 49956.4
  twoNecnw = 45250.6
  twoNbecnw = 16079
  twoNgbecnw = 580310
         m = 0.0367371
        m2 = 0.0324441
        m3 = 0.214289
        m5 = 0.166857
        m6 = 0.0617611
        Tb = 19423.1
        Ta = 47311.6
        Tc = 6986.19
        Te = 3493.09
        Tf = 1746.55
#       SitePat  BranchLen
              b 117985.8328130
              e 44429.6993008
              c 46099.5685720
              n 42075.8672569
              w 44414.6912190
            b:e 1225.2503739
            b:c 1356.7406386
            b:n 958.2621161
            b:w 1068.6596864
            e:c 11258.9991322
            e:n 4687.4861973
            e:w 4195.5258644
            c:n 4556.5789404
            c:w 3505.6718766
            n:w 11884.8137052
          b:e:c 1227.7515100
          b:e:n 534.5533390
          b:e:w 575.1448593
          b:c:n 561.5976351
          b:c:w 549.0312148
          b:n:w 1278.2960315
          e:c:n 4743.1261933
          e:c:w 3816.5027517
          e:n:w 5591.1324868
          c:n:w 4806.1088241
        b:e:c:n 1117.2657547
        b:e:c:w 1109.5099704
        b:e:n:w 1913.3645653
        b:c:n:w 1716.8592808
        e:c:n:w 46752.8075319
