########################################
# legofit: estimate population history #
#       version 2.3.4-4-g53f8760       #
########################################

# Program was compiled: Sep 21 2021 14:36:42
# Program was run: Wed Sep 29 11:06:11 2021

# cmd: legofit -1 -d 0 -t 56 --ptsPerDim 3 --stateOut b1boot18.state --tol 3e-6 -S 5000 abcef2.lgo ../../chrX/boot_chrX/boot18.opf
# Stage nOptItr nSimReps
#     0    5000        0
# algorithm          : deterministic
# ignoring probs <=  : 0
# Branch length floor: 0
# DE strategy        : 2
#    F               : 0.3
#    CR              : 0.8
#    tolerance       : 3e-06
# nthreads           : 56
# lgo input file     : abcef2.lgo
# site pat input file: ../../chrX/boot_chrX/boot18.opf
# free parameters    : 19
# points in DE swarm : 57
# output state file  : b1boot18.state
# Including singleton site patterns.
# cost function      : KL
Initial parameter values
Fixed:
      zero = 0
       one = 1
    Tbecnw = 75200
Free:
       pc1 = 0
       pc2 = 0
       pc3 = 0
       pc4 = 0
       pc5 = 0
       pc6 = 0
       pc7 = 0
       pc8 = 0
       pc9 = 0
      pc10 = 0
      pc11 = 0
      pc12 = 0
      pc13 = 0
      pc14 = 0
      pc15 = 0
      pc16 = 0
      pc17 = 0
      pc18 = 0
      pc19 = 0
Constrained:
   Tgbecnw = 192848
     Tecnw = 32372.6
       Tnw = 16775.8
       Tec = 8690.12
     twoNb = 1.55171e+06
     twoNe = 241644
     twoNc = 2.30158e+06
     twoNn = 2.04965e+06
     twoNw = 3.82955e+07
    twoNec = 81894.3
    twoNnw = 41888.2
  twoNecnw = 51309.3
  twoNbecnw = 23686.1
  twoNgbecnw = 382851
         m = 0.0636165
        m2 = 0.0326773
        m3 = 0.219904
        m5 = 0.163302
        m6 = 0.0590563
        Tb = 20531.4
        Ta = 47865.7
        Tc = 8387.9
        Te = 4193.95
        Tf = 2096.98
DiffEv reached_goal. cost=1.79980e-03 spread=2.79221e-06
Fitted parameter values
Free:
       pc1 = 3.65306
       pc2 = -3.06788
       pc3 = -0.242986
       pc4 = 0.300217
       pc5 = -1.20923
       pc6 = -0.895743
       pc7 = 0.516014
       pc8 = 1.93706
       pc9 = -0.97958
      pc10 = -1.92205
      pc11 = -1.59993
      pc12 = 0.910536
      pc13 = -0.496728
      pc14 = 0.192826
      pc15 = 0.202662
      pc16 = 0.0704819
      pc17 = -0.216759
      pc18 = -0.133948
      pc19 = -0.0817512
Constrained:
   Tgbecnw = 129172
     Tecnw = 28979.8
       Tnw = 20425.8
       Tec = 10327.1
     twoNb = 1.07787e+06
     twoNe = 1.60805e+06
     twoNc = 5.57201e+06
     twoNn = 5.16187e+06
     twoNw = 8.81363e+07
    twoNec = 75666
    twoNnw = 22676.9
  twoNecnw = 56702.8
  twoNbecnw = 15629.4
  twoNgbecnw = 315584
         m = 0.082718
        m2 = 0.0306284
        m3 = 0.254877
        m5 = 0.137215
        m6 = 0.0309842
        Tb = 19653.5
        Ta = 47426.7
        Tc = 10212.9
        Te = 5106.44
        Tf = 2553.22
#       SitePat  BranchLen
              b 121566.9059368
              e 45640.5976301
              c 47278.4137471
              n 43068.5906694
              w 45766.7399239
            b:e 1291.0025353
            b:c 1430.8858393
            b:n 979.9319096
            b:w 1097.5517707
            e:c 11415.2024844
            e:n 4925.1768419
            e:w 4363.0290301
            c:n 4879.7590981
            c:w 3664.8120119
            n:w 12030.2947751
          b:e:c 1255.7055727
          b:e:n 549.9672709
          b:e:w 597.6703898
          b:c:n 582.1990682
          b:c:w 566.5365046
          b:n:w 1303.0988518
          e:c:n 4941.8296919
          e:c:w 3867.9247004
          e:n:w 5774.0184964
          c:n:w 4943.5442244
        b:e:c:n 1155.5672105
        b:e:c:w 1158.7574836
        b:e:n:w 2007.1596779
        b:c:n:w 1802.4713570
        e:c:n:w 48401.8025770
