########################################
# legofit: estimate population history #
#       version 2.3.4-4-g53f8760       #
########################################

# Program was compiled: Sep 21 2021 14:36:42
# Program was run: Wed Sep 29 11:06:02 2021

# cmd: legofit -1 -d 0 -t 56 --ptsPerDim 3 --stateOut b1boot16.state --tol 3e-6 -S 5000 abcef2.lgo ../../chrX/boot_chrX/boot16.opf
# Stage nOptItr nSimReps
#     0    5000        0
# algorithm          : deterministic
# ignoring probs <=  : 0
# Branch length floor: 0
# DE strategy        : 2
#    F               : 0.3
#    CR              : 0.8
#    tolerance       : 3e-06
# nthreads           : 56
# lgo input file     : abcef2.lgo
# site pat input file: ../../chrX/boot_chrX/boot16.opf
# free parameters    : 19
# points in DE swarm : 57
# output state file  : b1boot16.state
# Including singleton site patterns.
# cost function      : KL
Initial parameter values
Fixed:
      zero = 0
       one = 1
    Tbecnw = 75200
Free:
       pc1 = 0
       pc2 = 0
       pc3 = 0
       pc4 = 0
       pc5 = 0
       pc6 = 0
       pc7 = 0
       pc8 = 0
       pc9 = 0
      pc10 = 0
      pc11 = 0
      pc12 = 0
      pc13 = 0
      pc14 = 0
      pc15 = 0
      pc16 = 0
      pc17 = 0
      pc18 = 0
      pc19 = 0
Constrained:
   Tgbecnw = 192848
     Tecnw = 32372.6
       Tnw = 16775.8
       Tec = 8690.12
     twoNb = 1.55171e+06
     twoNe = 241644
     twoNc = 2.30158e+06
     twoNn = 2.04965e+06
     twoNw = 3.82955e+07
    twoNec = 81894.3
    twoNnw = 41888.2
  twoNecnw = 51309.3
  twoNbecnw = 23686.1
  twoNgbecnw = 382851
         m = 0.0636165
        m2 = 0.0326773
        m3 = 0.219904
        m5 = 0.163302
        m6 = 0.0590563
        Tb = 20531.4
        Ta = 47865.7
        Tc = 8387.9
        Te = 4193.95
        Tf = 2096.98
DiffEv reached_goal. cost=1.75743e-03 spread=2.53567e-06
Fitted parameter values
Free:
       pc1 = -0.603543
       pc2 = -1.02386
       pc3 = 0.584014
       pc4 = 0.793282
       pc5 = -1.94622
       pc6 = -0.472736
       pc7 = 1.14931
       pc8 = 1.85849
       pc9 = -0.119118
      pc10 = -1.69688
      pc11 = -1.9903
      pc12 = 0.680444
      pc13 = -0.578035
      pc14 = -0.192064
      pc15 = 0.139525
      pc16 = -0.39807
      pc17 = 0.255424
      pc18 = 0.297481
      pc19 = 0.0761233
Constrained:
   Tgbecnw = 122972
     Tecnw = 31102.2
       Tnw = 15232
       Tec = 7660.03
     twoNb = 1.15349e+06
     twoNe = 1.56549e+06
     twoNc = 3.26988e+06
     twoNn = 5.36985e+06
     twoNw = 9.29953e+07
    twoNec = 83781.7
    twoNnw = 41043
  twoNecnw = 47572.5
  twoNbecnw = 13946.7
  twoNgbecnw = 385961
         m = 0.0569331
        m2 = 0.0337504
        m3 = 0.233453
        m5 = 0.155263
        m6 = 0.0440435
        Tb = 19381.1
        Ta = 47290.5
        Tc = 7616.02
        Te = 3808.01
        Tf = 1904
#       SitePat  BranchLen
              b 117379.2506569
              e 44272.6684728
              c 46091.5756829
              n 41711.8367545
              w 44322.6944185
            b:e 1256.8327151
            b:c 1407.2314435
            b:n 950.9713946
            b:w 1066.6764731
            e:c 11444.3146436
            e:n 4682.5816704
            e:w 4159.4001964
            c:n 4579.3287452
            c:w 3394.1163331
            n:w 12187.4511142
          b:e:c 1258.4805445
          b:e:n 526.5344340
          b:e:w 573.1471567
          b:c:n 559.0815798
          b:c:w 542.1270644
          b:n:w 1304.0767695
          e:c:n 4774.5735183
          e:c:w 3738.9989132
          e:n:w 5675.1775307
          c:n:w 4788.2223676
        b:e:c:n 1124.1017717
        b:e:c:w 1111.8493392
        b:e:n:w 1950.0643752
        b:c:n:w 1734.7233230
        e:c:n:w 46196.4238667
