########################################
# legofit: estimate population history #
#       version 2.3.4-4-g53f8760       #
########################################

# Program was compiled: Sep 21 2021 14:36:42
# Program was run: Wed Sep 29 11:06:02 2021

# cmd: legofit -1 -d 0 -t 56 --ptsPerDim 3 --stateOut b1boot12.state --tol 3e-6 -S 5000 abcef2.lgo ../../chrX/boot_chrX/boot12.opf
# Stage nOptItr nSimReps
#     0    5000        0
# algorithm          : deterministic
# ignoring probs <=  : 0
# Branch length floor: 0
# DE strategy        : 2
#    F               : 0.3
#    CR              : 0.8
#    tolerance       : 3e-06
# nthreads           : 56
# lgo input file     : abcef2.lgo
# site pat input file: ../../chrX/boot_chrX/boot12.opf
# free parameters    : 19
# points in DE swarm : 57
# output state file  : b1boot12.state
# Including singleton site patterns.
# cost function      : KL
Initial parameter values
Fixed:
      zero = 0
       one = 1
    Tbecnw = 75200
Free:
       pc1 = 0
       pc2 = 0
       pc3 = 0
       pc4 = 0
       pc5 = 0
       pc6 = 0
       pc7 = 0
       pc8 = 0
       pc9 = 0
      pc10 = 0
      pc11 = 0
      pc12 = 0
      pc13 = 0
      pc14 = 0
      pc15 = 0
      pc16 = 0
      pc17 = 0
      pc18 = 0
      pc19 = 0
Constrained:
   Tgbecnw = 192848
     Tecnw = 32372.6
       Tnw = 16775.8
       Tec = 8690.12
     twoNb = 1.55171e+06
     twoNe = 241644
     twoNc = 2.30158e+06
     twoNn = 2.04965e+06
     twoNw = 3.82955e+07
    twoNec = 81894.3
    twoNnw = 41888.2
  twoNecnw = 51309.3
  twoNbecnw = 23686.1
  twoNgbecnw = 382851
         m = 0.0636165
        m2 = 0.0326773
        m3 = 0.219904
        m5 = 0.163302
        m6 = 0.0590563
        Tb = 20531.4
        Ta = 47865.7
        Tc = 8387.9
        Te = 4193.95
        Tf = 2096.98
DiffEv reached_goal. cost=1.80980e-03 spread=2.93414e-06
Fitted parameter values
Free:
       pc1 = -0.927932
       pc2 = -1.25301
       pc3 = 3.59112
       pc4 = -0.805339
       pc5 = -1.97566
       pc6 = -0.279731
       pc7 = 0.343233
       pc8 = 0.764227
       pc9 = -0.210616
      pc10 = -1.15927
      pc11 = -1.05765
      pc12 = 0.608746
      pc13 = -0.161895
      pc14 = -0.529142
      pc15 = 0.1557
      pc16 = -0.231518
      pc17 = 0.185495
      pc18 = -0.0987834
      pc19 = -0.0782213
Constrained:
   Tgbecnw = 132431
     Tecnw = 30865.5
       Tnw = 15051
       Tec = 7556.43
     twoNb = 2.27808e+06
     twoNe = 5.07394e+06
     twoNc = 1.59225e+06
     twoNn = 1.70499e+06
     twoNw = 8.0373e+07
    twoNec = 79759.8
    twoNnw = 44968.6
  twoNecnw = 49273.5
  twoNbecnw = 15512.3
  twoNgbecnw = 442353
         m = 0.0529499
        m2 = 0.0318437
        m3 = 0.207618
        m5 = 0.164072
        m6 = 0.051246
        Tb = 19211
        Ta = 47205.5
        Tc = 7525.49
        Te = 3762.74
        Tf = 1881.37
#       SitePat  BranchLen
              b 119408.8698768
              e 44332.3817680
              c 46115.8958060
              n 42351.1168877
              w 44799.0827479
            b:e 1213.5904510
            b:c 1353.3644506
            b:n 970.5954191
            b:w 1091.2367554
            e:c 11784.7047417
            e:n 4738.6363366
            e:w 4241.1235102
            c:n 4601.5994521
            c:w 3511.3432079
            n:w 12126.1814549
          b:e:c 1257.5100925
          b:e:n 534.2291590
          b:e:w 577.6641919
          b:c:n 562.8800322
          b:c:w 549.9144384
          b:n:w 1317.2756109
          e:c:n 4876.4834359
          e:c:w 3881.3200714
          e:n:w 5595.5390262
          c:n:w 4752.1871263
        b:e:c:n 1143.4999939
        b:e:c:w 1127.3558123
        b:e:n:w 1947.8347934
        b:c:n:w 1733.8147126
        e:c:n:w 47537.7624922
