########################################
# legofit: estimate population history #
#       version 2.3.4-4-g53f8760       #
########################################

# Program was compiled: Sep 21 2021 14:36:42
# Program was run: Wed Sep 29 11:07:39 2021

# cmd: legofit -1 -d 0 -t 56 --ptsPerDim 3 --stateOut b1boot37.state --tol 3e-6 -S 5000 abcef2.lgo ../../chrX/boot_chrX/boot37.opf
# Stage nOptItr nSimReps
#     0    5000        0
# algorithm          : deterministic
# ignoring probs <=  : 0
# Branch length floor: 0
# DE strategy        : 2
#    F               : 0.3
#    CR              : 0.8
#    tolerance       : 3e-06
# nthreads           : 56
# lgo input file     : abcef2.lgo
# site pat input file: ../../chrX/boot_chrX/boot37.opf
# free parameters    : 19
# points in DE swarm : 57
# output state file  : b1boot37.state
# Including singleton site patterns.
# cost function      : KL
Initial parameter values
Fixed:
      zero = 0
       one = 1
    Tbecnw = 75200
Free:
       pc1 = 0
       pc2 = 0
       pc3 = 0
       pc4 = 0
       pc5 = 0
       pc6 = 0
       pc7 = 0
       pc8 = 0
       pc9 = 0
      pc10 = 0
      pc11 = 0
      pc12 = 0
      pc13 = 0
      pc14 = 0
      pc15 = 0
      pc16 = 0
      pc17 = 0
      pc18 = 0
      pc19 = 0
Constrained:
   Tgbecnw = 192848
     Tecnw = 32372.6
       Tnw = 16775.8
       Tec = 8690.12
     twoNb = 1.55171e+06
     twoNe = 241644
     twoNc = 2.30158e+06
     twoNn = 2.04965e+06
     twoNw = 3.82955e+07
    twoNec = 81894.3
    twoNnw = 41888.2
  twoNecnw = 51309.3
  twoNbecnw = 23686.1
  twoNgbecnw = 382851
         m = 0.0636165
        m2 = 0.0326773
        m3 = 0.219904
        m5 = 0.163302
        m6 = 0.0590563
        Tb = 20531.4
        Ta = 47865.7
        Tc = 8387.9
        Te = 4193.95
        Tf = 2096.98
DiffEv reached_goal. cost=1.68446e-03 spread=2.57601e-06
Fitted parameter values
Free:
       pc1 = 1.75459
       pc2 = -2.2597
       pc3 = 1.95524
       pc4 = -0.156721
       pc5 = -1.30937
       pc6 = -1.2946
       pc7 = 1.22485
       pc8 = 0.161227
       pc9 = 0.92663
      pc10 = -1.05155
      pc11 = -1.65002
      pc12 = -0.164981
      pc13 = -0.326142
      pc14 = -0.556695
      pc15 = 0.604038
      pc16 = -0.362131
      pc17 = -0.0328835
      pc18 = 0.0452318
      pc19 = -0.0500324
Constrained:
   Tgbecnw = 133180
     Tecnw = 29226.6
       Tnw = 18123.6
       Tec = 9313.46
     twoNb = 2.29544e+06
     twoNe = 1.19362e+06
     twoNc = 3.35171e+06
     twoNn = 5.93183e+06
     twoNw = 6.29486e+07
    twoNec = 75066.8
    twoNnw = 32158.1
  twoNecnw = 53241.5
  twoNbecnw = 15520.5
  twoNgbecnw = 453469
         m = 0.0523006
        m2 = 0.0304614
        m3 = 0.213834
        m5 = 0.149887
        m6 = 0.0427973
        Tb = 19270
        Ta = 47235
        Tc = 9061.82
        Te = 4530.91
        Tf = 2265.45
#       SitePat  BranchLen
              b 119331.1423259
              e 44758.4653532
              c 46378.6638337
              n 42657.7313797
              w 45015.7630812
            b:e 1250.8028263
            b:c 1382.7895341
            b:n 998.0199751
            b:w 1118.0034865
            e:c 11572.0730048
            e:n 4807.0467564
            e:w 4313.6932999
            c:n 4698.4396135
            c:w 3659.8913525
            n:w 11964.3915747
          b:e:c 1278.4370111
          b:e:n 557.4515820
          b:e:w 598.7992905
          b:c:n 584.8299039
          b:c:w 572.6364088
          b:n:w 1331.7362792
          e:c:n 4921.7732424
          e:c:w 3960.4567869
          e:n:w 5671.9543981
          c:n:w 4881.8678288
        b:e:c:n 1175.8079600
        b:e:c:w 1161.8567248
        b:e:n:w 1978.4727741
        b:c:n:w 1777.5677963
        e:c:n:w 47091.2629505
