########################################
# legofit: estimate population history #
#       version 2.3.4-4-g53f8760       #
########################################

# Program was compiled: Sep 21 2021 14:36:42
# Program was run: Wed Sep 29 11:06:35 2021

# cmd: legofit -1 -d 0 -t 56 --ptsPerDim 3 --stateOut b1boot24.state --tol 3e-6 -S 5000 abcef2.lgo ../../chrX/boot_chrX/boot24.opf
# Stage nOptItr nSimReps
#     0    5000        0
# algorithm          : deterministic
# ignoring probs <=  : 0
# Branch length floor: 0
# DE strategy        : 2
#    F               : 0.3
#    CR              : 0.8
#    tolerance       : 3e-06
# nthreads           : 56
# lgo input file     : abcef2.lgo
# site pat input file: ../../chrX/boot_chrX/boot24.opf
# free parameters    : 19
# points in DE swarm : 57
# output state file  : b1boot24.state
# Including singleton site patterns.
# cost function      : KL
Initial parameter values
Fixed:
      zero = 0
       one = 1
    Tbecnw = 75200
Free:
       pc1 = 0
       pc2 = 0
       pc3 = 0
       pc4 = 0
       pc5 = 0
       pc6 = 0
       pc7 = 0
       pc8 = 0
       pc9 = 0
      pc10 = 0
      pc11 = 0
      pc12 = 0
      pc13 = 0
      pc14 = 0
      pc15 = 0
      pc16 = 0
      pc17 = 0
      pc18 = 0
      pc19 = 0
Constrained:
   Tgbecnw = 192848
     Tecnw = 32372.6
       Tnw = 16775.8
       Tec = 8690.12
     twoNb = 1.55171e+06
     twoNe = 241644
     twoNc = 2.30158e+06
     twoNn = 2.04965e+06
     twoNw = 3.82955e+07
    twoNec = 81894.3
    twoNnw = 41888.2
  twoNecnw = 51309.3
  twoNbecnw = 23686.1
  twoNgbecnw = 382851
         m = 0.0636165
        m2 = 0.0326773
        m3 = 0.219904
        m5 = 0.163302
        m6 = 0.0590563
        Tb = 20531.4
        Ta = 47865.7
        Tc = 8387.9
        Te = 4193.95
        Tf = 2096.98
DiffEv reached_goal. cost=1.82989e-03 spread=2.11637e-06
Fitted parameter values
Free:
       pc1 = -0.283031
       pc2 = -1.7429
       pc3 = 1.68704
       pc4 = -1.49803
       pc5 = -1.80009
       pc6 = -1.47235
       pc7 = 0.174796
       pc8 = 0.188043
       pc9 = -0.800019
      pc10 = 0.519911
      pc11 = -0.652429
      pc12 = 0.316849
      pc13 = -0.529671
      pc14 = -0.146242
      pc15 = 0.0863577
      pc16 = -0.138363
      pc17 = 0.0952336
      pc18 = -0.171869
      pc19 = -0.0924864
Constrained:
   Tgbecnw = 150680
     Tecnw = 31533.6
       Tnw = 17776.8
       Tec = 8934.53
     twoNb = 2.39047e+06
     twoNe = 4.25751e+06
     twoNc = 2.5577e+06
     twoNn = 5.40405e+06
     twoNw = 5.7955e+07
    twoNec = 74922.4
    twoNnw = 36496.1
  twoNecnw = 51526
  twoNbecnw = 19444.2
  twoNgbecnw = 405015
         m = 0.0575201
        m2 = 0.0341943
        m3 = 0.221594
        m5 = 0.179711
        m6 = 0.067929
        Tb = 20234.1
        Ta = 47717
        Tc = 8888.4
        Te = 4444.2
        Tf = 2222.1
#       SitePat  BranchLen
              b 121374.6979344
              e 45588.1082060
              c 47418.5322003
              n 43326.3481163
              w 45885.3814902
            b:e 1267.2377225
            b:c 1417.0371380
            b:n 996.7238022
            b:w 1126.0617245
            e:c 11822.1399433
            e:n 4893.8118646
            e:w 4393.7138228
            c:n 4798.4031493
            c:w 3638.1404558
            n:w 12220.5534935
          b:e:c 1291.0267564
          b:e:n 553.8697497
          b:e:w 604.1274126
          b:c:n 586.2565201
          b:c:w 571.6120792
          b:n:w 1360.0199908
          e:c:n 4964.5945240
          e:c:w 3905.8490793
          e:n:w 5830.7204670
          c:n:w 4932.0268570
        b:e:c:n 1167.4145744
        b:e:c:w 1162.5362621
        b:e:n:w 2044.8265118
        b:c:n:w 1814.4073446
        e:c:n:w 47847.8787353
