########################################
# legofit: estimate population history #
#       version 2.3.4-4-g53f8760       #
########################################

# Program was compiled: Sep 21 2021 14:36:42
# Program was run: Wed Sep 29 11:07:14 2021

# cmd: legofit -1 -d 0 -t 56 --ptsPerDim 3 --stateOut b1boot32.state --tol 3e-6 -S 5000 abcef2.lgo ../../chrX/boot_chrX/boot32.opf
# Stage nOptItr nSimReps
#     0    5000        0
# algorithm          : deterministic
# ignoring probs <=  : 0
# Branch length floor: 0
# DE strategy        : 2
#    F               : 0.3
#    CR              : 0.8
#    tolerance       : 3e-06
# nthreads           : 56
# lgo input file     : abcef2.lgo
# site pat input file: ../../chrX/boot_chrX/boot32.opf
# free parameters    : 19
# points in DE swarm : 57
# output state file  : b1boot32.state
# Including singleton site patterns.
# cost function      : KL
Initial parameter values
Fixed:
      zero = 0
       one = 1
    Tbecnw = 75200
Free:
       pc1 = 0
       pc2 = 0
       pc3 = 0
       pc4 = 0
       pc5 = 0
       pc6 = 0
       pc7 = 0
       pc8 = 0
       pc9 = 0
      pc10 = 0
      pc11 = 0
      pc12 = 0
      pc13 = 0
      pc14 = 0
      pc15 = 0
      pc16 = 0
      pc17 = 0
      pc18 = 0
      pc19 = 0
Constrained:
   Tgbecnw = 192848
     Tecnw = 32372.6
       Tnw = 16775.8
       Tec = 8690.12
     twoNb = 1.55171e+06
     twoNe = 241644
     twoNc = 2.30158e+06
     twoNn = 2.04965e+06
     twoNw = 3.82955e+07
    twoNec = 81894.3
    twoNnw = 41888.2
  twoNecnw = 51309.3
  twoNbecnw = 23686.1
  twoNgbecnw = 382851
         m = 0.0636165
        m2 = 0.0326773
        m3 = 0.219904
        m5 = 0.163302
        m6 = 0.0590563
        Tb = 20531.4
        Ta = 47865.7
        Tc = 8387.9
        Te = 4193.95
        Tf = 2096.98
DiffEv reached_goal. cost=1.76242e-03 spread=2.56203e-06
Fitted parameter values
Free:
       pc1 = -3.24311
       pc2 = -1.93616
       pc3 = 1.15439
       pc4 = -0.506704
       pc5 = -0.0702557
       pc6 = -0.571814
       pc7 = 1.21957
       pc8 = -0.378789
       pc9 = 0.0805132
      pc10 = -1.43979
      pc11 = -0.745533
      pc12 = 0.245996
      pc13 = -0.386656
      pc14 = -0.0201798
      pc15 = -0.0272792
      pc16 = -0.536133
      pc17 = 0.0633816
      pc18 = 0.0783352
      pc19 = -0.00861928
Constrained:
   Tgbecnw = 128501
     Tecnw = 32684.6
       Tnw = 14484.4
       Tec = 7268.04
     twoNb = 1.83657e+06
     twoNe = 1.63572e+06
     twoNc = 6.43902e+06
     twoNn = 4.24301e+06
     twoNw = 4.99065e+07
    twoNec = 80546.3
    twoNnw = 49776.7
  twoNecnw = 45224.7
  twoNbecnw = 16331.2
  twoNgbecnw = 313312
         m = 0.0687009
        m2 = 0.0326011
        m3 = 0.191406
        m5 = 0.189642
        m6 = 0.0803928
        Tb = 19976.3
        Ta = 47588.2
        Tc = 7242.21
        Te = 3621.1
        Tf = 1810.55
#       SitePat  BranchLen
              b 119096.2467654
              e 44538.0116098
              c 46331.0297717
              n 42429.9943353
              w 44652.4212621
            b:e 1242.4557355
            b:c 1387.9896137
            b:n 968.3738262
            b:w 1074.2734741
            e:c 11626.5562288
            e:n 4659.6422958
            e:w 4220.8568602
            c:n 4498.1467084
            c:w 3507.1737306
            n:w 12099.8162441
          b:e:c 1263.7795825
          b:e:n 533.1149657
          b:e:w 572.5256426
          b:c:n 560.2220369
          b:c:w 546.3920624
          b:n:w 1316.7006258
          e:c:n 4739.9189358
          e:c:w 3837.3034471
          e:n:w 5694.3173792
          c:n:w 4839.2327724
        b:e:c:n 1121.2006824
        b:e:c:w 1099.6673376
        b:e:n:w 1897.9322150
        b:c:n:w 1688.6699910
        e:c:n:w 47322.2617804
