########################################
# legofit: estimate population history #
#       version 2.3.4-4-g53f8760       #
########################################

# Program was compiled: Sep 21 2021 14:36:42
# Program was run: Wed Sep 29 11:06:02 2021

# cmd: legofit -1 -d 0 -t 56 --ptsPerDim 3 --stateOut b1boot14.state --tol 3e-6 -S 5000 abcef2.lgo ../../chrX/boot_chrX/boot14.opf
# Stage nOptItr nSimReps
#     0    5000        0
# algorithm          : deterministic
# ignoring probs <=  : 0
# Branch length floor: 0
# DE strategy        : 2
#    F               : 0.3
#    CR              : 0.8
#    tolerance       : 3e-06
# nthreads           : 56
# lgo input file     : abcef2.lgo
# site pat input file: ../../chrX/boot_chrX/boot14.opf
# free parameters    : 19
# points in DE swarm : 57
# output state file  : b1boot14.state
# Including singleton site patterns.
# cost function      : KL
Initial parameter values
Fixed:
      zero = 0
       one = 1
    Tbecnw = 75200
Free:
       pc1 = 0
       pc2 = 0
       pc3 = 0
       pc4 = 0
       pc5 = 0
       pc6 = 0
       pc7 = 0
       pc8 = 0
       pc9 = 0
      pc10 = 0
      pc11 = 0
      pc12 = 0
      pc13 = 0
      pc14 = 0
      pc15 = 0
      pc16 = 0
      pc17 = 0
      pc18 = 0
      pc19 = 0
Constrained:
   Tgbecnw = 192848
     Tecnw = 32372.6
       Tnw = 16775.8
       Tec = 8690.12
     twoNb = 1.55171e+06
     twoNe = 241644
     twoNc = 2.30158e+06
     twoNn = 2.04965e+06
     twoNw = 3.82955e+07
    twoNec = 81894.3
    twoNnw = 41888.2
  twoNecnw = 51309.3
  twoNbecnw = 23686.1
  twoNgbecnw = 382851
         m = 0.0636165
        m2 = 0.0326773
        m3 = 0.219904
        m5 = 0.163302
        m6 = 0.0590563
        Tb = 20531.4
        Ta = 47865.7
        Tc = 8387.9
        Te = 4193.95
        Tf = 2096.98
DiffEv reached_goal. cost=1.68114e-03 spread=2.88804e-06
Fitted parameter values
Free:
       pc1 = -1.0034
       pc2 = -2.17504
       pc3 = 2.21464
       pc4 = 0.278815
       pc5 = -1.24695
       pc6 = -1.62932
       pc7 = 0.987137
       pc8 = -0.0568879
       pc9 = -0.0447038
      pc10 = -1.79576
      pc11 = -0.422436
      pc12 = -0.0501157
      pc13 = -0.163822
      pc14 = -0.0179607
      pc15 = 0.53967
      pc16 = -0.181444
      pc17 = -0.189314
      pc18 = -0.121266
      pc19 = 0.0239594
Constrained:
   Tgbecnw = 135620
     Tecnw = 30599.7
       Tnw = 15559.3
       Tec = 7901.85
     twoNb = 2.05873e+06
     twoNe = 2.93345e+06
     twoNc = 5.21484e+06
     twoNn = 7.00612e+06
     twoNw = 1.00649e+08
    twoNec = 80964.4
    twoNnw = 42866.2
  twoNecnw = 50468.8
  twoNbecnw = 16771.1
  twoNgbecnw = 358857
         m = 0.0642344
        m2 = 0.0311166
        m3 = 0.196537
        m5 = 0.159566
        m6 = 0.0688246
        Tb = 19250.8
        Ta = 47225.4
        Tc = 7779.63
        Te = 3889.81
        Tf = 1944.91
#       SitePat  BranchLen
              b 119621.4906607
              e 44920.0834258
              c 46373.2022272
              n 42538.8106301
              w 44729.7905467
            b:e 1224.9068702
            b:c 1337.0422715
            b:n 954.4678378
            b:w 1056.5756259
            e:c 11617.5040179
            e:n 4747.6944008
            e:w 4255.2934137
            c:n 4617.1883993
            c:w 3680.0969899
            n:w 12202.9120802
          b:e:c 1225.9711629
          b:e:n 530.9987687
          b:e:w 564.7807421
          b:c:n 551.9895966
          b:c:w 544.4361626
          b:n:w 1280.5148550
          e:c:n 4794.5374094
          e:c:w 3912.1654579
          e:n:w 5641.6953244
          c:n:w 4950.0914605
        b:e:c:n 1102.5858813
        b:e:c:w 1095.1340109
        b:e:n:w 1888.4584991
        b:c:n:w 1719.8643254
        e:c:n:w 47177.4080071
