########################################
# legofit: estimate population history #
#       version 2.3.4-4-g53f8760       #
########################################

# Program was compiled: Sep 21 2021 14:36:42
# Program was run: Wed Sep 29 11:08:37 2021

# cmd: legofit -1 -d 0 -t 56 --ptsPerDim 3 --stateOut b1boot45.state --tol 3e-6 -S 5000 abcef2.lgo ../../chrX/boot_chrX/boot45.opf
# Stage nOptItr nSimReps
#     0    5000        0
# algorithm          : deterministic
# ignoring probs <=  : 0
# Branch length floor: 0
# DE strategy        : 2
#    F               : 0.3
#    CR              : 0.8
#    tolerance       : 3e-06
# nthreads           : 56
# lgo input file     : abcef2.lgo
# site pat input file: ../../chrX/boot_chrX/boot45.opf
# free parameters    : 19
# points in DE swarm : 57
# output state file  : b1boot45.state
# Including singleton site patterns.
# cost function      : KL
Initial parameter values
Fixed:
      zero = 0
       one = 1
    Tbecnw = 75200
Free:
       pc1 = 0
       pc2 = 0
       pc3 = 0
       pc4 = 0
       pc5 = 0
       pc6 = 0
       pc7 = 0
       pc8 = 0
       pc9 = 0
      pc10 = 0
      pc11 = 0
      pc12 = 0
      pc13 = 0
      pc14 = 0
      pc15 = 0
      pc16 = 0
      pc17 = 0
      pc18 = 0
      pc19 = 0
Constrained:
   Tgbecnw = 192848
     Tecnw = 32372.6
       Tnw = 16775.8
       Tec = 8690.12
     twoNb = 1.55171e+06
     twoNe = 241644
     twoNc = 2.30158e+06
     twoNn = 2.04965e+06
     twoNw = 3.82955e+07
    twoNec = 81894.3
    twoNnw = 41888.2
  twoNecnw = 51309.3
  twoNbecnw = 23686.1
  twoNgbecnw = 382851
         m = 0.0636165
        m2 = 0.0326773
        m3 = 0.219904
        m5 = 0.163302
        m6 = 0.0590563
        Tb = 20531.4
        Ta = 47865.7
        Tc = 8387.9
        Te = 4193.95
        Tf = 2096.98
DiffEv reached_goal. cost=1.60742e-03 spread=2.96198e-06
Fitted parameter values
Free:
       pc1 = -3.69616
       pc2 = 0.572518
       pc3 = 2.87565
       pc4 = 0.251078
       pc5 = -1.59826
       pc6 = -1.61373
       pc7 = 1.0474
       pc8 = 1.61137
       pc9 = -0.481623
      pc10 = -1.79299
      pc11 = -0.696425
      pc12 = 0.322323
      pc13 = -0.115368
      pc14 = -0.433433
      pc15 = 0.155898
      pc16 = 0.0625228
      pc17 = 0.0987697
      pc18 = -0.0438645
      pc19 = -0.134973
Constrained:
   Tgbecnw = 139789
     Tecnw = 32216.6
       Tnw = 11195.6
       Tec = 5603.04
     twoNb = 1.93336e+06
     twoNe = 4.68756e+06
     twoNc = 4.97675e+06
     twoNn = 5.63811e+06
     twoNw = 8.55465e+07
    twoNec = 92049.1
    twoNnw = 61615.2
  twoNecnw = 45369.3
  twoNbecnw = 17152.7
  twoNgbecnw = 452945
         m = 0.0466922
        m2 = 0.0343999
        m3 = 0.207108
        m5 = 0.165237
        m6 = 0.0602901
        Tb = 18909.8
        Ta = 47054.9
        Tc = 5597.79
        Te = 2798.9
        Tf = 1399.45
#       SitePat  BranchLen
              b 118356.0904752
              e 44498.3441623
              c 46201.0317714
              n 42263.7948767
              w 44656.5986059
            b:e 1225.2138538
            b:c 1354.0425759
            b:n 966.5603267
            b:w 1074.9612708
            e:c 11597.9463778
            e:n 4761.4149161
            e:w 4243.3191410
            c:n 4602.5657699
            c:w 3534.4873420
            n:w 12160.3166879
          b:e:c 1223.1600327
          b:e:n 532.8551568
          b:e:w 572.5043061
          b:c:n 558.4512723
          b:c:w 547.5092905
          b:n:w 1279.8956577
          e:c:n 4809.2323994
          e:c:w 3871.0454985
          e:n:w 5553.6286073
          c:n:w 4785.2851389
        b:e:c:n 1120.0285667
        b:e:c:w 1114.4778457
        b:e:n:w 1925.2345607
        b:c:n:w 1729.1415356
        e:c:n:w 46531.7213737
