########################################
# legofit: estimate population history #
#       version 2.3.4-4-g53f8760       #
########################################

# Program was compiled: Sep 21 2021 14:36:42
# Program was run: Thu Oct 14 06:17:13 2021

# cmd: legofit -1 -d 0 -t 32 --ptsPerDim 3 --stateOut b1.state --tol 3e-6 -S 5000 abdeg2.lgo ../../chrX/pan_chrX.opf
# Stage nOptItr nSimReps
#     0    5000        0
# algorithm          : deterministic
# ignoring probs <=  : 0
# Branch length floor: 0
# DE strategy        : 2
#    F               : 0.3
#    CR              : 0.8
#    tolerance       : 3e-06
# nthreads           : 32
# lgo input file     : abdeg2.lgo
# site pat input file: ../../chrX/pan_chrX.opf
# free parameters    : 18
# points in DE swarm : 54
# output state file  : b1.state
# Including singleton site patterns.
# cost function      : KL
Initial parameter values
Fixed:
      zero = 0
       one = 1
    Tbecnw = 75200
Free:
       pc1 = 0
       pc2 = 0
       pc3 = 0
       pc4 = 0
       pc5 = 0
       pc6 = 0
       pc7 = 0
       pc8 = 0
       pc9 = 0
      pc10 = 0
      pc11 = 0
      pc12 = 0
      pc13 = 0
      pc14 = 0
      pc15 = 0
      pc16 = 0
      pc17 = 0
      pc18 = 0
Constrained:
   Tgbecnw = 118509
     Tecnw = 25318.6
       Tnw = 17468.6
       Tec = 1795.06
     twoNb = 2.71538e+06
     twoNe = 2.25624e+06
     twoNc = 6.77598e+06
     twoNw = 1.607e+06
    twoNec = 126432
    twoNnw = 35224.3
  twoNecnw = 63390.6
  twoNbecnw = 12066.3
  twoNgbecnw = 256321
         m = 0.109611
        m2 = 0.0131789
        m4 = 0.0070574
        m5 = 0.142468
        m7 = 0.00688208
        Tb = 13556.8
        Ta = 44378.4
        Td = 897.529
        Te = 448.765
        Tg = 224.382
DiffEv reached_goal. cost=2.18901e-03 spread=2.85917e-06
Fitted parameter values
Free:
       pc1 = 0.81243
       pc2 = 2.11896
       pc3 = -0.64389
       pc4 = 0.0721801
       pc5 = -1.91078
       pc6 = -0.284285
       pc7 = -1.85996
       pc8 = -0.708479
       pc9 = 0.0754906
      pc10 = -0.619873
      pc11 = -0.422824
      pc12 = -0.176653
      pc13 = 0.185112
      pc14 = 0.0459234
      pc15 = 0.0200158
      pc16 = 0.024547
      pc17 = -0.158439
      pc18 = -0.0168847
Constrained:
   Tgbecnw = 102701
     Tecnw = 25178.2
       Tnw = 15397.1
       Tec = 1287.43
     twoNb = 4.36924e+06
     twoNe = 7.38136e+06
     twoNc = 8.31916e+06
     twoNw = 2.44392e+06
    twoNec = 126716
    twoNnw = 44180.7
  twoNecnw = 61655.6
  twoNbecnw = 9244.79
  twoNgbecnw = 275385
         m = 0.101287
        m2 = 0.00855143
        m4 = 0.0118831
        m5 = 0.140586
        m7 = 0.0113817
        Tb = 13232.8
        Ta = 44216.4
        Td = 643.713
        Te = 321.856
        Tg = 160.928
#       SitePat  BranchLen
              b 119193.4784603
              e 44464.4203306
              c 46333.4550505
              n 43538.8165685
              w 43504.4102854
            b:e 1251.8007658
            b:c 1380.4675386
            b:n 1037.2459966
            b:w 1035.8622719
            e:c 11747.1662548
            e:n 4568.7716000
            e:w 4603.1778831
            c:n 4073.1803750
            c:w 4066.0649333
            n:w 12227.3586080
          b:e:c 1246.9390359
          b:e:n 581.7324540
          b:e:w 583.1161787
          b:c:n 585.4643292
          b:c:w 584.0041434
          b:n:w 1251.0239664
          e:c:n 4251.9917913
          e:c:w 4259.1072329
          e:n:w 5648.5806983
          c:n:w 4847.6355772
        b:e:c:n 1122.9747161
        b:e:c:w 1124.4349020
        b:e:n:w 1888.1094098
        b:c:n:w 1719.4373560
        e:c:n:w 47243.7684678
