########################################
# legofit: estimate population history #
#       version 2.3.4-4-g53f8760       #
########################################

# Program was compiled: Sep 21 2021 14:36:42
# Program was run: Thu Oct 14 06:31:40 2021

# cmd: legofit -1 -d 0 -t 32 --ptsPerDim 3 --stateOut b1boot12.state --tol 3e-6 -S 5000 abdeg2.lgo ../../chrX/boot_chrX/boot12.opf
# Stage nOptItr nSimReps
#     0    5000        0
# algorithm          : deterministic
# ignoring probs <=  : 0
# Branch length floor: 0
# DE strategy        : 2
#    F               : 0.3
#    CR              : 0.8
#    tolerance       : 3e-06
# nthreads           : 32
# lgo input file     : abdeg2.lgo
# site pat input file: ../../chrX/boot_chrX/boot12.opf
# free parameters    : 18
# points in DE swarm : 54
# output state file  : b1boot12.state
# Including singleton site patterns.
# cost function      : KL
Initial parameter values
Fixed:
      zero = 0
       one = 1
    Tbecnw = 75200
Free:
       pc1 = 0
       pc2 = 0
       pc3 = 0
       pc4 = 0
       pc5 = 0
       pc6 = 0
       pc7 = 0
       pc8 = 0
       pc9 = 0
      pc10 = 0
      pc11 = 0
      pc12 = 0
      pc13 = 0
      pc14 = 0
      pc15 = 0
      pc16 = 0
      pc17 = 0
      pc18 = 0
Constrained:
   Tgbecnw = 118509
     Tecnw = 25318.6
       Tnw = 17468.6
       Tec = 1795.06
     twoNb = 2.71538e+06
     twoNe = 2.25624e+06
     twoNc = 6.77598e+06
     twoNw = 1.607e+06
    twoNec = 126432
    twoNnw = 35224.3
  twoNecnw = 63390.6
  twoNbecnw = 12066.3
  twoNgbecnw = 256321
         m = 0.109611
        m2 = 0.0131789
        m4 = 0.0070574
        m5 = 0.142468
        m7 = 0.00688208
        Tb = 13556.8
        Ta = 44378.4
        Td = 897.529
        Te = 448.765
        Tg = 224.382
DiffEv reached_goal. cost=2.27369e-03 spread=2.54062e-06
Fitted parameter values
Free:
       pc1 = -1.86229
       pc2 = 3.081
       pc3 = -0.38797
       pc4 = -1.03822
       pc5 = -1.46201
       pc6 = -0.600343
       pc7 = -1.97175
       pc8 = 1.41907
       pc9 = -0.114704
      pc10 = -1.33969
      pc11 = 0.0588026
      pc12 = -0.378064
      pc13 = -0.505652
      pc14 = -0.0342092
      pc15 = 0.219727
      pc16 = -0.0277492
      pc17 = 0.253281
      pc18 = -0.0582086
Constrained:
   Tgbecnw = 93179.9
     Tecnw = 24223.9
       Tnw = 18345.1
       Tec = 1847.44
     twoNb = 2.61353e+06
     twoNe = 7.30853e+06
     twoNc = 3.7448e+07
     twoNw = 2.81024e+06
    twoNec = 111015
    twoNnw = 25838.7
  twoNecnw = 64210.6
  twoNbecnw = 6525.17
  twoNgbecnw = 244503
         m = 0.12015
        m2 = 0.00638173
        m4 = 0.0117752
        m5 = 0.154232
        m7 = 0.0111588
        Tb = 13035.7
        Ta = 44117.8
        Td = 923.718
        Te = 461.859
        Tg = 230.93
#       SitePat  BranchLen
              b 118617.1576881
              e 43631.5326980
              c 45626.4110461
              n 43304.0099737
              w 43266.8052329
            b:e 1233.8119226
            b:c 1377.0933329
            b:n 1028.9073141
            b:w 1027.3569282
            e:c 11989.3608730
            e:n 4546.8573057
            e:w 4584.0620466
            c:n 4032.6805399
            c:w 4024.6835815
            n:w 12054.6324682
          b:e:c 1256.1129870
          b:e:n 573.6561499
          b:e:w 575.2065358
          b:c:n 578.1870330
          b:c:w 576.5381816
          b:n:w 1255.3079681
          e:c:n 4233.4122217
          e:c:w 4241.4091802
          e:n:w 5631.5946979
          c:n:w 4741.1989514
        b:e:c:n 1126.1557740
        b:e:c:w 1127.8046254
        b:e:n:w 1824.4481909
        b:c:n:w 1644.3768584
        e:c:n:w 47246.6965271
