########################################
# legofit: estimate population history #
#       version 2.3.4-4-g53f8760       #
########################################

# Program was compiled: Sep 21 2021 14:36:42
# Program was run: Thu Oct 14 06:42:48 2021

# cmd: legofit -1 -d 0 -t 32 --ptsPerDim 3 --stateOut b1boot32.state --tol 3e-6 -S 5000 abdeg2.lgo ../../chrX/boot_chrX/boot32.opf
# Stage nOptItr nSimReps
#     0    5000        0
# algorithm          : deterministic
# ignoring probs <=  : 0
# Branch length floor: 0
# DE strategy        : 2
#    F               : 0.3
#    CR              : 0.8
#    tolerance       : 3e-06
# nthreads           : 32
# lgo input file     : abdeg2.lgo
# site pat input file: ../../chrX/boot_chrX/boot32.opf
# free parameters    : 18
# points in DE swarm : 54
# output state file  : b1boot32.state
# Including singleton site patterns.
# cost function      : KL
Initial parameter values
Fixed:
      zero = 0
       one = 1
    Tbecnw = 75200
Free:
       pc1 = 0
       pc2 = 0
       pc3 = 0
       pc4 = 0
       pc5 = 0
       pc6 = 0
       pc7 = 0
       pc8 = 0
       pc9 = 0
      pc10 = 0
      pc11 = 0
      pc12 = 0
      pc13 = 0
      pc14 = 0
      pc15 = 0
      pc16 = 0
      pc17 = 0
      pc18 = 0
Constrained:
   Tgbecnw = 118509
     Tecnw = 25318.6
       Tnw = 17468.6
       Tec = 1795.06
     twoNb = 2.71538e+06
     twoNe = 2.25624e+06
     twoNc = 6.77598e+06
     twoNw = 1.607e+06
    twoNec = 126432
    twoNnw = 35224.3
  twoNecnw = 63390.6
  twoNbecnw = 12066.3
  twoNgbecnw = 256321
         m = 0.109611
        m2 = 0.0131789
        m4 = 0.0070574
        m5 = 0.142468
        m7 = 0.00688208
        Tb = 13556.8
        Ta = 44378.4
        Td = 897.529
        Te = 448.765
        Tg = 224.382
DiffEv reached_goal. cost=2.04832e-03 spread=2.71166e-06
Fitted parameter values
Free:
       pc1 = -0.979701
       pc2 = 3.50915
       pc3 = -0.00566048
       pc4 = 1.28089
       pc5 = -1.70424
       pc6 = -1.74184
       pc7 = -1.96236
       pc8 = -1.39873
       pc9 = 0.607852
      pc10 = -0.315042
      pc11 = 1.03115
      pc12 = -0.743102
      pc13 = -0.312394
      pc14 = 0.0556316
      pc15 = 0.0921388
      pc16 = -0.473074
      pc17 = -0.110453
      pc18 = -0.00747333
Constrained:
   Tgbecnw = 92408
     Tecnw = 24595.5
       Tnw = 18824.2
       Tec = 192.223
     twoNb = 5.90163e+06
     twoNe = 4.58384e+06
     twoNc = 1.82768e+07
     twoNw = 2.32227e+06
    twoNec = 129455
    twoNnw = 24410.5
  twoNecnw = 60637.8
  twoNbecnw = 5705.93
  twoNgbecnw = 328354
         m = 0.0837763
        m2 = 0.00402548
        m4 = 0.014265
        m5 = 0.140452
        m7 = 0.0120879
        Tb = 12393.8
        Ta = 43796.9
        Td = 96.1113
        Te = 48.0557
        Tg = 24.0278
#       SitePat  BranchLen
              b 116854.1442213
              e 43412.6627259
              c 45300.2622231
              n 42734.7929440
              w 42692.6532562
            b:e 1198.9470287
            b:c 1340.2207629
            b:n 1002.2714748
            b:w 1000.5212085
            e:c 11661.3974425
            e:n 4403.1656570
            e:w 4445.3053448
            c:n 3939.1059556
            c:w 3930.1011757
            n:w 11894.1183642
          b:e:c 1240.2191574
          b:e:n 564.1949592
          b:e:w 565.9452255
          b:c:n 568.8612021
          b:c:w 567.0009622
          b:n:w 1233.3046990
          e:c:n 4120.0592915
          e:c:w 4129.0640713
          e:n:w 5602.0331579
          c:n:w 4751.5425139
        b:e:c:n 1096.0302565
        b:e:c:w 1097.8904964
        b:e:n:w 1832.2751642
        b:c:n:w 1627.4344486
        e:c:n:w 46420.0714117
