########################################
# legofit: estimate population history #
#       version 2.3.4-4-g53f8760       #
########################################

# Program was compiled: Sep 21 2021 14:36:42
# Program was run: Thu Oct 14 06:45:31 2021

# cmd: legofit -1 -d 0 -t 32 --ptsPerDim 3 --stateOut b1boot34.state --tol 3e-6 -S 5000 abdeg2.lgo ../../chrX/boot_chrX/boot34.opf
# Stage nOptItr nSimReps
#     0    5000        0
# algorithm          : deterministic
# ignoring probs <=  : 0
# Branch length floor: 0
# DE strategy        : 2
#    F               : 0.3
#    CR              : 0.8
#    tolerance       : 3e-06
# nthreads           : 32
# lgo input file     : abdeg2.lgo
# site pat input file: ../../chrX/boot_chrX/boot34.opf
# free parameters    : 18
# points in DE swarm : 54
# output state file  : b1boot34.state
# Including singleton site patterns.
# cost function      : KL
Initial parameter values
Fixed:
      zero = 0
       one = 1
    Tbecnw = 75200
Free:
       pc1 = 0
       pc2 = 0
       pc3 = 0
       pc4 = 0
       pc5 = 0
       pc6 = 0
       pc7 = 0
       pc8 = 0
       pc9 = 0
      pc10 = 0
      pc11 = 0
      pc12 = 0
      pc13 = 0
      pc14 = 0
      pc15 = 0
      pc16 = 0
      pc17 = 0
      pc18 = 0
Constrained:
   Tgbecnw = 118509
     Tecnw = 25318.6
       Tnw = 17468.6
       Tec = 1795.06
     twoNb = 2.71538e+06
     twoNe = 2.25624e+06
     twoNc = 6.77598e+06
     twoNw = 1.607e+06
    twoNec = 126432
    twoNnw = 35224.3
  twoNecnw = 63390.6
  twoNbecnw = 12066.3
  twoNgbecnw = 256321
         m = 0.109611
        m2 = 0.0131789
        m4 = 0.0070574
        m5 = 0.142468
        m7 = 0.00688208
        Tb = 13556.8
        Ta = 44378.4
        Td = 897.529
        Te = 448.765
        Tg = 224.382
DiffEv reached_goal. cost=1.98853e-03 spread=2.36062e-06
Fitted parameter values
Free:
       pc1 = -2.27516
       pc2 = 3.50461
       pc3 = -2.5151
       pc4 = -2.22636
       pc5 = -1.9786
       pc6 = -1.7558
       pc7 = -1.74029
       pc8 = -0.230971
       pc9 = -0.115338
      pc10 = 0.0544911
      pc11 = 0.708404
      pc12 = -0.33562
      pc13 = -0.502196
      pc14 = 0.096508
      pc15 = 0.247672
      pc16 = -0.135952
      pc17 = 0.0862607
      pc18 = 0.0220815
Constrained:
   Tgbecnw = 102328
     Tecnw = 24751.8
       Tnw = 19232.5
       Tec = 4642.9
     twoNb = 3.70534e+06
     twoNe = 5.19141e+06
     twoNc = 1.48657e+07
     twoNw = 3.25146e+06
    twoNec = 96604.3
    twoNnw = 23864.4
  twoNecnw = 63300.3
  twoNbecnw = 9065.09
  twoNgbecnw = 269412
         m = 0.107351
        m2 = 0.00241551
        m4 = 0.0160056
        m5 = 0.171914
        m7 = 0.0137595
        Tb = 14697.3
        Ta = 44948.7
        Td = 2321.45
        Te = 1160.72
        Tg = 580.362
#       SitePat  BranchLen
              b 119796.7616137
              e 44017.2427569
              c 46287.8052986
              n 43603.3382499
              w 43567.6297635
            b:e 1189.7404821
            b:c 1354.4581546
            b:n 1007.0303356
            b:w 1005.5583914
            e:c 11772.1296634
            e:n 4583.0867634
            e:w 4618.7952498
            c:n 4008.4096134
            c:w 4000.6499216
            n:w 12000.9042572
          b:e:c 1221.7148960
          b:e:n 559.2984455
          b:e:w 560.7703898
          b:c:n 563.7180048
          b:c:w 562.1636343
          b:n:w 1217.1619903
          e:c:n 4248.8519376
          e:c:w 4256.6116295
          e:n:w 5745.4216482
          c:n:w 4724.0811860
        b:e:c:n 1090.3223737
        b:e:c:w 1091.8767442
        b:e:n:w 1831.1684645
        b:c:n:w 1604.2383568
        e:c:n:w 47868.9510366
