########################################
# legofit: estimate population history #
#       version 2.3.4-4-g53f8760       #
########################################

# Program was compiled: Sep 21 2021 14:36:42
# Program was run: Thu Oct 14 06:41:28 2021

# cmd: legofit -1 -d 0 -t 32 --ptsPerDim 3 --stateOut b1boot27.state --tol 3e-6 -S 5000 abdeg2.lgo ../../chrX/boot_chrX/boot27.opf
# Stage nOptItr nSimReps
#     0    5000        0
# algorithm          : deterministic
# ignoring probs <=  : 0
# Branch length floor: 0
# DE strategy        : 2
#    F               : 0.3
#    CR              : 0.8
#    tolerance       : 3e-06
# nthreads           : 32
# lgo input file     : abdeg2.lgo
# site pat input file: ../../chrX/boot_chrX/boot27.opf
# free parameters    : 18
# points in DE swarm : 54
# output state file  : b1boot27.state
# Including singleton site patterns.
# cost function      : KL
Initial parameter values
Fixed:
      zero = 0
       one = 1
    Tbecnw = 75200
Free:
       pc1 = 0
       pc2 = 0
       pc3 = 0
       pc4 = 0
       pc5 = 0
       pc6 = 0
       pc7 = 0
       pc8 = 0
       pc9 = 0
      pc10 = 0
      pc11 = 0
      pc12 = 0
      pc13 = 0
      pc14 = 0
      pc15 = 0
      pc16 = 0
      pc17 = 0
      pc18 = 0
Constrained:
   Tgbecnw = 118509
     Tecnw = 25318.6
       Tnw = 17468.6
       Tec = 1795.06
     twoNb = 2.71538e+06
     twoNe = 2.25624e+06
     twoNc = 6.77598e+06
     twoNw = 1.607e+06
    twoNec = 126432
    twoNnw = 35224.3
  twoNecnw = 63390.6
  twoNbecnw = 12066.3
  twoNgbecnw = 256321
         m = 0.109611
        m2 = 0.0131789
        m4 = 0.0070574
        m5 = 0.142468
        m7 = 0.00688208
        Tb = 13556.8
        Ta = 44378.4
        Td = 897.529
        Te = 448.765
        Tg = 224.382
DiffEv reached_goal. cost=2.12988e-03 spread=2.31485e-06
Fitted parameter values
Free:
       pc1 = -1.42159
       pc2 = 3.76766
       pc3 = 0.591431
       pc4 = 1.45264
       pc5 = -0.866317
       pc6 = -0.0479108
       pc7 = -1.87454
       pc8 = 0.348742
       pc9 = 0.17592
      pc10 = -1.99886
      pc11 = -1.21262
      pc12 = -0.516071
      pc13 = -0.416953
      pc14 = 0.0840456
      pc15 = 0.178691
      pc16 = -0.126272
      pc17 = -0.262519
      pc18 = -0.0189569
Constrained:
   Tgbecnw = 88998.1
     Tecnw = 23783
       Tnw = 17054.9
       Tec = 180.943
     twoNb = 3.77395e+06
     twoNe = 7.84146e+06
     twoNc = 3.74867e+07
     twoNw = 2.0991e+06
    twoNec = 128061
    twoNnw = 28506
  twoNecnw = 66131.7
  twoNbecnw = 4878.53
  twoNgbecnw = 285682
         m = 0.101114
        m2 = 0.00764973
        m4 = 0.0126182
        m5 = 0.126298
        m7 = 0.0114646
        Tb = 11982
        Ta = 43591
        Td = 90.4714
        Te = 45.2357
        Tg = 22.6178
#       SitePat  BranchLen
              b 117283.0954885
              e 44074.7176782
              c 45844.2230934
              n 42953.9001927
              w 42914.6879051
            b:e 1300.9869471
            b:c 1433.2386621
            b:n 1059.8289867
            b:w 1058.1554614
            e:c 11951.1953249
            e:n 4500.8583064
            e:w 4540.0705940
            c:n 4050.5563087
            c:w 4042.3211041
            n:w 12494.4087672
          b:e:c 1328.5618859
          b:e:n 601.0589335
          b:e:w 602.7324588
          b:c:n 605.8146004
          b:c:w 604.0203851
          b:n:w 1324.4234935
          e:c:n 4122.4610600
          e:c:w 4130.6962646
          e:n:w 5608.4315656
          c:n:w 4829.8461473
        b:e:c:n 1174.8518507
        b:e:c:w 1176.6460660
        b:e:n:w 1967.9927481
        b:c:n:w 1786.8289093
        e:c:n:w 46226.9753879
