########################################
# legofit: estimate population history #
#       version 2.3.4-4-g53f8760       #
########################################

# Program was compiled: Sep 21 2021 14:36:42
# Program was run: Thu Oct 14 06:28:24 2021

# cmd: legofit -1 -d 0 -t 32 --ptsPerDim 3 --stateOut b1boot9.state --tol 3e-6 -S 5000 abdeg2.lgo ../../chrX/boot_chrX/boot9.opf
# Stage nOptItr nSimReps
#     0    5000        0
# algorithm          : deterministic
# ignoring probs <=  : 0
# Branch length floor: 0
# DE strategy        : 2
#    F               : 0.3
#    CR              : 0.8
#    tolerance       : 3e-06
# nthreads           : 32
# lgo input file     : abdeg2.lgo
# site pat input file: ../../chrX/boot_chrX/boot9.opf
# free parameters    : 18
# points in DE swarm : 54
# output state file  : b1boot9.state
# Including singleton site patterns.
# cost function      : KL
Initial parameter values
Fixed:
      zero = 0
       one = 1
    Tbecnw = 75200
Free:
       pc1 = 0
       pc2 = 0
       pc3 = 0
       pc4 = 0
       pc5 = 0
       pc6 = 0
       pc7 = 0
       pc8 = 0
       pc9 = 0
      pc10 = 0
      pc11 = 0
      pc12 = 0
      pc13 = 0
      pc14 = 0
      pc15 = 0
      pc16 = 0
      pc17 = 0
      pc18 = 0
Constrained:
   Tgbecnw = 118509
     Tecnw = 25318.6
       Tnw = 17468.6
       Tec = 1795.06
     twoNb = 2.71538e+06
     twoNe = 2.25624e+06
     twoNc = 6.77598e+06
     twoNw = 1.607e+06
    twoNec = 126432
    twoNnw = 35224.3
  twoNecnw = 63390.6
  twoNbecnw = 12066.3
  twoNgbecnw = 256321
         m = 0.109611
        m2 = 0.0131789
        m4 = 0.0070574
        m5 = 0.142468
        m7 = 0.00688208
        Tb = 13556.8
        Ta = 44378.4
        Td = 897.529
        Te = 448.765
        Tg = 224.382
DiffEv reached_goal. cost=2.23562e-03 spread=2.63799e-06
Fitted parameter values
Free:
       pc1 = 0.00958238
       pc2 = 3.5011
       pc3 = -1.87643
       pc4 = 0.198735
       pc5 = -1.97394
       pc6 = -1.43448
       pc7 = -1.82248
       pc8 = -0.600516
       pc9 = 0.133031
      pc10 = -0.123338
      pc11 = 0.473756
      pc12 = -0.0314984
      pc13 = -0.0228428
      pc14 = -0.513064
      pc15 = -0.436796
      pc16 = -0.0606354
      pc17 = 0.0223243
      pc18 = -0.0379772
Constrained:
   Tgbecnw = 106198
     Tecnw = 25393.1
       Tnw = 16996.8
       Tec = 1195.01
     twoNb = 3.96521e+06
     twoNe = 6.32459e+06
     twoNc = 1.53997e+07
     twoNw = 2.55554e+06
    twoNec = 124579
    twoNnw = 36655.5
  twoNecnw = 62055.7
  twoNbecnw = 10023.9
  twoNgbecnw = 297171
         m = 0.0926819
        m2 = 0.0017589
        m4 = 0.0138782
        m5 = 0.151433
        m7 = 0.0139224
        Tb = 13294.1
        Ta = 44247
        Td = 597.505
        Te = 298.752
        Tg = 149.376
#       SitePat  BranchLen
              b 119347.0916596
              e 44388.2355339
              c 46329.8163282
              n 43751.6342629
              w 43713.0492625
            b:e 1232.8920016
            b:c 1362.0404006
            b:n 1042.4463819
            b:w 1040.8672294
            e:c 11888.2853064
            e:n 4562.5659054
            e:w 4601.1509058
            c:n 4046.1216846
            c:w 4038.0457220
            n:w 12212.0671771
          b:e:c 1259.4140960
          b:e:n 581.3379475
          b:e:w 582.9171001
          b:c:n 585.3191640
          b:c:w 583.6548963
          b:n:w 1252.9238305
          e:c:n 4258.0927365
          e:c:w 4266.1686990
          e:n:w 5668.3218305
          c:n:w 4811.2152640
        b:e:c:n 1125.9859194
        b:e:c:w 1127.6501871
        b:e:n:w 1783.7784343
        b:c:n:w 1644.9861975
        e:c:n:w 47226.5089717
