########################################
# legofit: estimate population history #
#       version 2.3.4-4-g53f8760       #
########################################

# Program was compiled: Sep 21 2021 14:36:42
# Program was run: Thu Oct 14 06:36:11 2021

# cmd: legofit -1 -d 0 -t 32 --ptsPerDim 3 --stateOut b1boot22.state --tol 3e-6 -S 5000 abdeg2.lgo ../../chrX/boot_chrX/boot22.opf
# Stage nOptItr nSimReps
#     0    5000        0
# algorithm          : deterministic
# ignoring probs <=  : 0
# Branch length floor: 0
# DE strategy        : 2
#    F               : 0.3
#    CR              : 0.8
#    tolerance       : 3e-06
# nthreads           : 32
# lgo input file     : abdeg2.lgo
# site pat input file: ../../chrX/boot_chrX/boot22.opf
# free parameters    : 18
# points in DE swarm : 54
# output state file  : b1boot22.state
# Including singleton site patterns.
# cost function      : KL
Initial parameter values
Fixed:
      zero = 0
       one = 1
    Tbecnw = 75200
Free:
       pc1 = 0
       pc2 = 0
       pc3 = 0
       pc4 = 0
       pc5 = 0
       pc6 = 0
       pc7 = 0
       pc8 = 0
       pc9 = 0
      pc10 = 0
      pc11 = 0
      pc12 = 0
      pc13 = 0
      pc14 = 0
      pc15 = 0
      pc16 = 0
      pc17 = 0
      pc18 = 0
Constrained:
   Tgbecnw = 118509
     Tecnw = 25318.6
       Tnw = 17468.6
       Tec = 1795.06
     twoNb = 2.71538e+06
     twoNe = 2.25624e+06
     twoNc = 6.77598e+06
     twoNw = 1.607e+06
    twoNec = 126432
    twoNnw = 35224.3
  twoNecnw = 63390.6
  twoNbecnw = 12066.3
  twoNgbecnw = 256321
         m = 0.109611
        m2 = 0.0131789
        m4 = 0.0070574
        m5 = 0.142468
        m7 = 0.00688208
        Tb = 13556.8
        Ta = 44378.4
        Td = 897.529
        Te = 448.765
        Tg = 224.382
DiffEv reached_goal. cost=2.23324e-03 spread=2.80281e-06
Fitted parameter values
Free:
       pc1 = 1.21694
       pc2 = 3.79064
       pc3 = -0.762908
       pc4 = -0.970911
       pc5 = -1.94643
       pc6 = -1.5714
       pc7 = -1.64841
       pc8 = 0.317066
       pc9 = -0.272096
      pc10 = -1.95052
      pc11 = 0.765769
      pc12 = -0.202538
      pc13 = -0.0913827
      pc14 = 0.102792
      pc15 = -0.0203174
      pc16 = -0.0401554
      pc17 = -0.0835996
      pc18 = 0.0973568
Constrained:
   Tgbecnw = 97819.8
     Tecnw = 25346
       Tnw = 15796.1
       Tec = 944.914
     twoNb = 5.92134e+06
     twoNe = 6.07795e+06
     twoNc = 3.30265e+07
     twoNw = 2.69606e+06
    twoNec = 128956
    twoNnw = 41300.1
  twoNecnw = 60589.4
  twoNbecnw = 8486.09
  twoNgbecnw = 220844
         m = 0.121739
        m2 = 0.00329884
        m4 = 0.0152948
        m5 = 0.145382
        m7 = 0.0137512
        Tb = 13145.4
        Ta = 44172.7
        Td = 472.457
        Te = 236.229
        Tg = 118.114
#       SitePat  BranchLen
              b 117991.8889228
              e 44213.6512999
              c 46194.8033664
              n 43247.5274699
              w 43214.7043097
            b:e 1262.3163917
            b:c 1404.9090029
            b:n 1040.8346943
            b:w 1039.4936420
            e:c 11727.6841648
            e:n 4540.6417258
            e:w 4573.4648860
            c:n 4022.4532056
            c:w 4015.6342251
            n:w 12304.5890930
          b:e:c 1266.6228178
          b:e:n 584.4305787
          b:e:w 585.7716310
          b:c:n 588.3055103
          b:c:w 586.8903414
          b:n:w 1261.4999511
          e:c:n 4241.6934967
          e:c:w 4248.5124772
          e:n:w 5751.3491851
          c:n:w 4883.5249252
        b:e:c:n 1126.7841819
        b:e:c:w 1128.1993508
        b:e:n:w 1842.3833257
        b:c:n:w 1657.4884171
        e:c:n:w 46274.3135113
