########################################
# legofit: estimate population history #
#       version 2.3.4-4-g53f8760       #
########################################

# Program was compiled: Sep 21 2021 14:36:42
# Program was run: Thu Oct 14 06:17:44 2021

# cmd: legofit -1 -d 0 -t 32 --ptsPerDim 3 --stateOut b1boot1.state --tol 3e-6 -S 5000 abdeg2.lgo ../../chrX/boot_chrX/boot1.opf
# Stage nOptItr nSimReps
#     0    5000        0
# algorithm          : deterministic
# ignoring probs <=  : 0
# Branch length floor: 0
# DE strategy        : 2
#    F               : 0.3
#    CR              : 0.8
#    tolerance       : 3e-06
# nthreads           : 32
# lgo input file     : abdeg2.lgo
# site pat input file: ../../chrX/boot_chrX/boot1.opf
# free parameters    : 18
# points in DE swarm : 54
# output state file  : b1boot1.state
# Including singleton site patterns.
# cost function      : KL
Initial parameter values
Fixed:
      zero = 0
       one = 1
    Tbecnw = 75200
Free:
       pc1 = 0
       pc2 = 0
       pc3 = 0
       pc4 = 0
       pc5 = 0
       pc6 = 0
       pc7 = 0
       pc8 = 0
       pc9 = 0
      pc10 = 0
      pc11 = 0
      pc12 = 0
      pc13 = 0
      pc14 = 0
      pc15 = 0
      pc16 = 0
      pc17 = 0
      pc18 = 0
Constrained:
   Tgbecnw = 118509
     Tecnw = 25318.6
       Tnw = 17468.6
       Tec = 1795.06
     twoNb = 2.71538e+06
     twoNe = 2.25624e+06
     twoNc = 6.77598e+06
     twoNw = 1.607e+06
    twoNec = 126432
    twoNnw = 35224.3
  twoNecnw = 63390.6
  twoNbecnw = 12066.3
  twoNgbecnw = 256321
         m = 0.109611
        m2 = 0.0131789
        m4 = 0.0070574
        m5 = 0.142468
        m7 = 0.00688208
        Tb = 13556.8
        Ta = 44378.4
        Td = 897.529
        Te = 448.765
        Tg = 224.382
DiffEv reached_goal. cost=2.28857e-03 spread=2.75794e-06
Fitted parameter values
Free:
       pc1 = 0.757192
       pc2 = 1.4521
       pc3 = 0.631837
       pc4 = -0.886138
       pc5 = -1.64006
       pc6 = -1.90787
       pc7 = -1.55969
       pc8 = 0.0366074
       pc9 = -0.360104
      pc10 = -1.00348
      pc11 = -0.106852
      pc12 = -0.174211
      pc13 = 0.0825041
      pc14 = -0.125457
      pc15 = -0.102501
      pc16 = -0.230224
      pc17 = -0.149881
      pc18 = 0.038432
Constrained:
   Tgbecnw = 94842.8
     Tecnw = 25303.3
       Tnw = 15609.8
       Tec = 530.481
     twoNb = 7.56558e+06
     twoNe = 4.37365e+06
     twoNc = 2.19977e+07
     twoNw = 2.42613e+06
    twoNec = 127553
    twoNnw = 41916.6
  twoNecnw = 61324.6
  twoNbecnw = 7262.06
  twoNgbecnw = 241199
         m = 0.113477
        m2 = 0.00964578
        m4 = 0.0091578
        m5 = 0.152399
        m7 = 0.010245
        Tb = 12916.9
        Ta = 44058.4
        Td = 265.241
        Te = 132.62
        Tg = 66.3101
#       SitePat  BranchLen
              b 117716.6941783
              e 44106.4868816
              c 46110.6175660
              n 43263.7643452
              w 43225.4566472
            b:e 1276.4715492
            b:c 1412.2066348
            b:n 1058.7127009
            b:w 1057.1271871
            e:c 11857.0559988
            e:n 4536.7016980
            e:w 4575.0093960
            c:n 3999.1848767
            c:w 3991.3101897
            n:w 12315.0692161
          b:e:c 1297.2378901
          b:e:n 594.2552890
          b:e:w 595.8408028
          b:c:n 598.6101205
          b:c:w 596.9295565
          b:n:w 1300.9422447
          e:c:n 4210.5233912
          e:c:w 4218.3980783
          e:n:w 5697.6523317
          c:n:w 4822.4299232
        b:e:c:n 1153.4519069
        b:e:c:w 1155.1324709
        b:e:n:w 1871.7908033
        b:c:n:w 1722.9198793
        e:c:n:w 46262.3149523
