########################################
# legofit: estimate population history #
#       version 2.3.4-4-g53f8760       #
########################################

# Program was compiled: Sep 21 2021 14:36:42
# Program was run: Thu Oct 14 06:19:45 2021

# cmd: legofit -1 -d 0 -t 32 --ptsPerDim 3 --stateOut b1boot5.state --tol 3e-6 -S 5000 abdeg2.lgo ../../chrX/boot_chrX/boot5.opf
# Stage nOptItr nSimReps
#     0    5000        0
# algorithm          : deterministic
# ignoring probs <=  : 0
# Branch length floor: 0
# DE strategy        : 2
#    F               : 0.3
#    CR              : 0.8
#    tolerance       : 3e-06
# nthreads           : 32
# lgo input file     : abdeg2.lgo
# site pat input file: ../../chrX/boot_chrX/boot5.opf
# free parameters    : 18
# points in DE swarm : 54
# output state file  : b1boot5.state
# Including singleton site patterns.
# cost function      : KL
Initial parameter values
Fixed:
      zero = 0
       one = 1
    Tbecnw = 75200
Free:
       pc1 = 0
       pc2 = 0
       pc3 = 0
       pc4 = 0
       pc5 = 0
       pc6 = 0
       pc7 = 0
       pc8 = 0
       pc9 = 0
      pc10 = 0
      pc11 = 0
      pc12 = 0
      pc13 = 0
      pc14 = 0
      pc15 = 0
      pc16 = 0
      pc17 = 0
      pc18 = 0
Constrained:
   Tgbecnw = 118509
     Tecnw = 25318.6
       Tnw = 17468.6
       Tec = 1795.06
     twoNb = 2.71538e+06
     twoNe = 2.25624e+06
     twoNc = 6.77598e+06
     twoNw = 1.607e+06
    twoNec = 126432
    twoNnw = 35224.3
  twoNecnw = 63390.6
  twoNbecnw = 12066.3
  twoNgbecnw = 256321
         m = 0.109611
        m2 = 0.0131789
        m4 = 0.0070574
        m5 = 0.142468
        m7 = 0.00688208
        Tb = 13556.8
        Ta = 44378.4
        Td = 897.529
        Te = 448.765
        Tg = 224.382
DiffEv reached_goal. cost=2.25443e-03 spread=2.99043e-06
Fitted parameter values
Free:
       pc1 = -2.11718
       pc2 = 1.56015
       pc3 = -0.293833
       pc4 = 0.62588
       pc5 = -1.09042
       pc6 = -0.658829
       pc7 = -1.91475
       pc8 = -0.376648
       pc9 = 1.05241
      pc10 = -0.10605
      pc11 = -0.417328
      pc12 = -0.220138
      pc13 = -0.595283
      pc14 = 0.120743
      pc15 = -0.137977
      pc16 = -0.0309663
      pc17 = 0.122778
      pc18 = -0.067158
Constrained:
   Tgbecnw = 99815.3
     Tecnw = 24134.4
       Tnw = 18661.3
       Tec = 1112.38
     twoNb = 3.15178e+06
     twoNe = 5.38165e+06
     twoNc = 1.1413e+07
     twoNw = 2.81782e+06
    twoNec = 121884
    twoNnw = 23815.9
  twoNecnw = 64535.1
  twoNbecnw = 8026.93
  twoNgbecnw = 304764
         m = 0.0862051
        m2 = 0.00874974
        m4 = 0.00946306
        m5 = 0.146881
        m7 = 0.00852318
        Tb = 12623.4
        Ta = 43911.7
        Td = 556.188
        Te = 278.094
        Tg = 139.047
#       SitePat  BranchLen
              b 116434.2438403
              e 43897.1552858
              c 45850.2579334
              n 43305.1657061
              w 43268.7838999
            b:e 1215.5933895
            b:c 1357.1648990
            b:n 1024.7348083
            b:w 1023.2182463
            e:c 11865.0091234
            e:n 4573.4059941
            e:w 4609.7878002
            c:n 4077.3949537
            c:w 4069.5528249
            n:w 12102.5981396
          b:e:c 1251.8875802
          b:e:n 576.7419434
          b:e:w 578.2585053
          b:c:n 581.1107894
          b:c:w 579.5016413
          b:n:w 1253.4107194
          e:c:n 4203.8274751
          e:c:w 4211.6696039
          e:n:w 5656.1470793
          c:n:w 4783.2628299
        b:e:c:n 1118.1361389
        b:e:c:w 1119.7452870
        b:e:n:w 1812.5846380
        b:c:n:w 1621.4287479
        e:c:n:w 44857.8114561
