########################################
# legofit: estimate population history #
#       version 2.3.4-4-g53f8760       #
########################################

# Program was compiled: Sep 21 2021 14:36:42
# Program was run: Thu Oct 14 06:45:30 2021

# cmd: legofit -1 -d 0 -t 32 --ptsPerDim 3 --stateOut b1boot35.state --tol 3e-6 -S 5000 abdeg2.lgo ../../chrX/boot_chrX/boot35.opf
# Stage nOptItr nSimReps
#     0    5000        0
# algorithm          : deterministic
# ignoring probs <=  : 0
# Branch length floor: 0
# DE strategy        : 2
#    F               : 0.3
#    CR              : 0.8
#    tolerance       : 3e-06
# nthreads           : 32
# lgo input file     : abdeg2.lgo
# site pat input file: ../../chrX/boot_chrX/boot35.opf
# free parameters    : 18
# points in DE swarm : 54
# output state file  : b1boot35.state
# Including singleton site patterns.
# cost function      : KL
Initial parameter values
Fixed:
      zero = 0
       one = 1
    Tbecnw = 75200
Free:
       pc1 = 0
       pc2 = 0
       pc3 = 0
       pc4 = 0
       pc5 = 0
       pc6 = 0
       pc7 = 0
       pc8 = 0
       pc9 = 0
      pc10 = 0
      pc11 = 0
      pc12 = 0
      pc13 = 0
      pc14 = 0
      pc15 = 0
      pc16 = 0
      pc17 = 0
      pc18 = 0
Constrained:
   Tgbecnw = 118509
     Tecnw = 25318.6
       Tnw = 17468.6
       Tec = 1795.06
     twoNb = 2.71538e+06
     twoNe = 2.25624e+06
     twoNc = 6.77598e+06
     twoNw = 1.607e+06
    twoNec = 126432
    twoNnw = 35224.3
  twoNecnw = 63390.6
  twoNbecnw = 12066.3
  twoNgbecnw = 256321
         m = 0.109611
        m2 = 0.0131789
        m4 = 0.0070574
        m5 = 0.142468
        m7 = 0.00688208
        Tb = 13556.8
        Ta = 44378.4
        Td = 897.529
        Te = 448.765
        Tg = 224.382
DiffEv reached_goal. cost=2.27070e-03 spread=2.81875e-06
Fitted parameter values
Free:
       pc1 = -1.07663
       pc2 = 1.21403
       pc3 = 0.59758
       pc4 = -0.156672
       pc5 = -1.90338
       pc6 = -1.84084
       pc7 = -1.74919
       pc8 = -0.3722
       pc9 = 0.328699
      pc10 = 0.0856403
      pc11 = -0.877649
      pc12 = -0.141538
      pc13 = -0.0360127
      pc14 = -0.273246
      pc15 = -0.0049149
      pc16 = 0.19263
      pc17 = -0.161986
      pc18 = -0.0893328
Constrained:
   Tgbecnw = 93602.6
     Tecnw = 24438.7
       Tnw = 16415.9
       Tec = 1135.53
     twoNb = 6.0393e+06
     twoNe = 4.17017e+06
     twoNc = 1.33112e+07
     twoNw = 2.65685e+06
    twoNec = 125315
    twoNnw = 36659.1
  twoNecnw = 63253.1
  twoNbecnw = 6147.19
  twoNgbecnw = 305948
         m = 0.0954307
        m2 = 0.01023
        m4 = 0.00766084
        m5 = 0.157995
        m7 = 0.00960769
        Tb = 12787.1
        Ta = 43993.6
        Td = 567.767
        Te = 283.883
        Tg = 141.942
#       SitePat  BranchLen
              b 118254.9785245
              e 43932.9602555
              c 45854.7333904
              n 43163.0426063
              w 43125.7005969
            b:e 1210.6663806
            b:c 1332.1419801
            b:n 1014.9339865
            b:w 1013.4254604
            e:c 11502.2317356
            e:n 4601.0357276
            e:w 4638.3777370
            c:n 4076.5476218
            c:w 4068.7469333
            n:w 11885.0796740
          b:e:c 1215.9137540
          b:e:n 577.6321998
          b:e:w 579.1407260
          b:c:n 581.8863808
          b:c:w 580.2808948
          b:n:w 1221.2442769
          e:c:n 4158.7174297
          e:c:w 4166.5181183
          e:n:w 5550.4974808
          c:n:w 4716.2681321
        b:e:c:n 1113.0413799
        b:e:c:w 1114.6468660
        b:e:n:w 1821.7478843
        b:c:n:w 1701.4530613
        e:c:n:w 47150.0062323
