########################################
# legofit: estimate population history #
#       version 2.3.4-4-g53f8760       #
########################################

# Program was compiled: Sep 21 2021 14:36:42
# Program was run: Thu Oct 14 06:32:43 2021

# cmd: legofit -1 -d 0 -t 32 --ptsPerDim 3 --stateOut b1boot15.state --tol 3e-6 -S 5000 abdeg2.lgo ../../chrX/boot_chrX/boot15.opf
# Stage nOptItr nSimReps
#     0    5000        0
# algorithm          : deterministic
# ignoring probs <=  : 0
# Branch length floor: 0
# DE strategy        : 2
#    F               : 0.3
#    CR              : 0.8
#    tolerance       : 3e-06
# nthreads           : 32
# lgo input file     : abdeg2.lgo
# site pat input file: ../../chrX/boot_chrX/boot15.opf
# free parameters    : 18
# points in DE swarm : 54
# output state file  : b1boot15.state
# Including singleton site patterns.
# cost function      : KL
Initial parameter values
Fixed:
      zero = 0
       one = 1
    Tbecnw = 75200
Free:
       pc1 = 0
       pc2 = 0
       pc3 = 0
       pc4 = 0
       pc5 = 0
       pc6 = 0
       pc7 = 0
       pc8 = 0
       pc9 = 0
      pc10 = 0
      pc11 = 0
      pc12 = 0
      pc13 = 0
      pc14 = 0
      pc15 = 0
      pc16 = 0
      pc17 = 0
      pc18 = 0
Constrained:
   Tgbecnw = 118509
     Tecnw = 25318.6
       Tnw = 17468.6
       Tec = 1795.06
     twoNb = 2.71538e+06
     twoNe = 2.25624e+06
     twoNc = 6.77598e+06
     twoNw = 1.607e+06
    twoNec = 126432
    twoNnw = 35224.3
  twoNecnw = 63390.6
  twoNbecnw = 12066.3
  twoNgbecnw = 256321
         m = 0.109611
        m2 = 0.0131789
        m4 = 0.0070574
        m5 = 0.142468
        m7 = 0.00688208
        Tb = 13556.8
        Ta = 44378.4
        Td = 897.529
        Te = 448.765
        Tg = 224.382
DiffEv reached_goal. cost=2.11628e-03 spread=2.36074e-06
Fitted parameter values
Free:
       pc1 = -2.25296
       pc2 = 3.50299
       pc3 = -1.39467
       pc4 = -1.6173
       pc5 = -1.86726
       pc6 = -1.12325
       pc7 = -1.31721
       pc8 = -0.192777
       pc9 = 1.83436
      pc10 = -0.632668
      pc11 = 0.380641
      pc12 = -0.930141
      pc13 = -0.288934
      pc14 = 0.119488
      pc15 = -0.129721
      pc16 = 0.163596
      pc17 = -0.0415943
      pc18 = 0.0487555
Constrained:
   Tgbecnw = 93175.5
     Tecnw = 23991.6
       Tnw = 18777.9
       Tec = 3365.6
     twoNb = 1.92363e+06
     twoNe = 3.24601e+06
     twoNc = 1.05391e+07
     twoNw = 3.72076e+06
    twoNec = 110376
    twoNnw = 22105.1
  twoNecnw = 63159.3
  twoNbecnw = 6673.49
  twoNgbecnw = 254883
         m = 0.104869
        m2 = 0.00306771
        m4 = 0.0130658
        m5 = 0.15325
        m7 = 0.013879
        Tb = 13678.6
        Ta = 44439.3
        Td = 1682.8
        Te = 841.401
        Tg = 420.7
#       SitePat  BranchLen
              b 117092.6121697
              e 43858.9602443
              c 45762.8693143
              n 42850.0981808
              w 42822.7366176
            b:e 1346.5786712
            b:c 1482.4724567
            b:n 1095.7871949
            b:w 1094.5385610
            e:c 11596.6710666
            e:n 4601.0652502
            e:w 4628.4268134
            c:n 4105.0975904
            c:w 4099.0095785
            n:w 12165.1538207
          b:e:c 1349.3905436
          b:e:n 622.2962365
          b:e:w 623.5448704
          b:c:n 626.4708464
          b:c:w 625.1431204
          b:n:w 1338.0569816
          e:c:n 4271.8272466
          e:c:w 4277.9152585
          e:n:w 5845.4832054
          c:n:w 4962.7618007
        b:e:c:n 1200.4410227
        b:e:c:w 1201.7687488
        b:e:n:w 1877.2993932
        b:c:n:w 1739.8299809
        e:c:n:w 46014.5623946
