########################################
# legofit: estimate population history #
#       version 2.3.4-4-g53f8760       #
########################################

# Program was compiled: Sep 21 2021 14:36:42
# Program was run: Thu Oct 14 06:49:03 2021

# cmd: legofit -1 -d 0 -t 32 --ptsPerDim 3 --stateOut b1boot43.state --tol 3e-6 -S 5000 abdeg2.lgo ../../chrX/boot_chrX/boot43.opf
# Stage nOptItr nSimReps
#     0    5000        0
# algorithm          : deterministic
# ignoring probs <=  : 0
# Branch length floor: 0
# DE strategy        : 2
#    F               : 0.3
#    CR              : 0.8
#    tolerance       : 3e-06
# nthreads           : 32
# lgo input file     : abdeg2.lgo
# site pat input file: ../../chrX/boot_chrX/boot43.opf
# free parameters    : 18
# points in DE swarm : 54
# output state file  : b1boot43.state
# Including singleton site patterns.
# cost function      : KL
Initial parameter values
Fixed:
      zero = 0
       one = 1
    Tbecnw = 75200
Free:
       pc1 = 0
       pc2 = 0
       pc3 = 0
       pc4 = 0
       pc5 = 0
       pc6 = 0
       pc7 = 0
       pc8 = 0
       pc9 = 0
      pc10 = 0
      pc11 = 0
      pc12 = 0
      pc13 = 0
      pc14 = 0
      pc15 = 0
      pc16 = 0
      pc17 = 0
      pc18 = 0
Constrained:
   Tgbecnw = 118509
     Tecnw = 25318.6
       Tnw = 17468.6
       Tec = 1795.06
     twoNb = 2.71538e+06
     twoNe = 2.25624e+06
     twoNc = 6.77598e+06
     twoNw = 1.607e+06
    twoNec = 126432
    twoNnw = 35224.3
  twoNecnw = 63390.6
  twoNbecnw = 12066.3
  twoNgbecnw = 256321
         m = 0.109611
        m2 = 0.0131789
        m4 = 0.0070574
        m5 = 0.142468
        m7 = 0.00688208
        Tb = 13556.8
        Ta = 44378.4
        Td = 897.529
        Te = 448.765
        Tg = 224.382
DiffEv reached_goal. cost=2.19093e-03 spread=2.49784e-06
Fitted parameter values
Free:
       pc1 = -1.24328
       pc2 = 3.7081
       pc3 = -1.59957
       pc4 = -1.46554
       pc5 = -1.8844
       pc6 = -1.97635
       pc7 = -1.889
       pc8 = 0.498187
       pc9 = 1.66375
      pc10 = -0.655394
      pc11 = -0.463579
      pc12 = -0.138208
      pc13 = 0.116803
      pc14 = 0.237194
      pc15 = 0.21118
      pc16 = -0.111
      pc17 = -0.146606
      pc18 = 0.0923445
Constrained:
   Tgbecnw = 95975.3
     Tecnw = 24438.3
       Tnw = 17351.8
       Tec = 963.854
     twoNb = 3.31846e+06
     twoNe = 4.39662e+06
     twoNc = 1.52921e+07
     twoNw = 3.91417e+06
    twoNec = 122013
    twoNnw = 29359.8
  twoNecnw = 64550
  twoNbecnw = 7317.14
  twoNgbecnw = 256880
         m = 0.10927
        m2 = 0.00452161
        m4 = 0.0144971
        m5 = 0.159924
        m7 = 0.0153062
        Tb = 12701.1
        Ta = 43950.5
        Td = 481.927
        Te = 240.964
        Tg = 120.482
#       SitePat  BranchLen
              b 117811.1950510
              e 44195.6934727
              c 46290.6617488
              n 43064.2966217
              w 43037.6064639
            b:e 1270.4291582
            b:c 1408.9913678
            b:n 1019.3716199
            b:w 1018.2741600
            e:c 11795.4037923
            e:n 4581.4658287
            e:w 4608.1559865
            c:n 4021.7331155
            c:w 4016.1303241
            n:w 12437.8375237
          b:e:c 1267.9830632
          b:e:n 578.3140808
          b:e:w 579.4115407
          b:c:n 582.3413368
          b:c:w 581.1749662
          b:n:w 1261.5402299
          e:c:n 4134.8288354
          e:c:w 4140.4316268
          e:n:w 5790.7187414
          c:n:w 4846.3098218
        b:e:c:n 1115.6647617
        b:e:c:w 1116.8311323
        b:e:n:w 1884.0636030
        b:c:n:w 1740.9097320
        e:c:n:w 46177.1003952
