########################################
# legofit: estimate population history #
#       version 2.3.4-4-g53f8760       #
########################################

# Program was compiled: Sep 21 2021 14:36:42
# Program was run: Thu Oct 14 06:47:40 2021

# cmd: legofit -1 -d 0 -t 32 --ptsPerDim 3 --stateOut b1boot40.state --tol 3e-6 -S 5000 abdeg2.lgo ../../chrX/boot_chrX/boot40.opf
# Stage nOptItr nSimReps
#     0    5000        0
# algorithm          : deterministic
# ignoring probs <=  : 0
# Branch length floor: 0
# DE strategy        : 2
#    F               : 0.3
#    CR              : 0.8
#    tolerance       : 3e-06
# nthreads           : 32
# lgo input file     : abdeg2.lgo
# site pat input file: ../../chrX/boot_chrX/boot40.opf
# free parameters    : 18
# points in DE swarm : 54
# output state file  : b1boot40.state
# Including singleton site patterns.
# cost function      : KL
Initial parameter values
Fixed:
      zero = 0
       one = 1
    Tbecnw = 75200
Free:
       pc1 = 0
       pc2 = 0
       pc3 = 0
       pc4 = 0
       pc5 = 0
       pc6 = 0
       pc7 = 0
       pc8 = 0
       pc9 = 0
      pc10 = 0
      pc11 = 0
      pc12 = 0
      pc13 = 0
      pc14 = 0
      pc15 = 0
      pc16 = 0
      pc17 = 0
      pc18 = 0
Constrained:
   Tgbecnw = 118509
     Tecnw = 25318.6
       Tnw = 17468.6
       Tec = 1795.06
     twoNb = 2.71538e+06
     twoNe = 2.25624e+06
     twoNc = 6.77598e+06
     twoNw = 1.607e+06
    twoNec = 126432
    twoNnw = 35224.3
  twoNecnw = 63390.6
  twoNbecnw = 12066.3
  twoNgbecnw = 256321
         m = 0.109611
        m2 = 0.0131789
        m4 = 0.0070574
        m5 = 0.142468
        m7 = 0.00688208
        Tb = 13556.8
        Ta = 44378.4
        Td = 897.529
        Te = 448.765
        Tg = 224.382
DiffEv reached_goal. cost=2.11442e-03 spread=2.97998e-06
Fitted parameter values
Free:
       pc1 = -2.34542
       pc2 = 1.25839
       pc3 = -1.1234
       pc4 = -1.41065
       pc5 = -1.40821
       pc6 = -0.352934
       pc7 = -1.22457
       pc8 = -0.77926
       pc9 = 0.909817
      pc10 = -1.1367
      pc11 = 0.0565214
      pc12 = -0.369095
      pc13 = 0.133707
      pc14 = 0.0261039
      pc15 = -0.0808125
      pc16 = 0.209154
      pc17 = -0.14847
      pc18 = 0.0896301
Constrained:
   Tgbecnw = 103798
     Tecnw = 24434.6
       Tnw = 18521.3
       Tec = 5215.15
     twoNb = 3.38339e+06
     twoNe = 3.94435e+06
     twoNc = 1.02942e+07
     twoNw = 3.55492e+06
    twoNec = 102947
    twoNnw = 25129.8
  twoNecnw = 63657.8
  twoNbecnw = 9650.69
  twoNgbecnw = 269012
         m = 0.104389
        m2 = 0.0089102
        m4 = 0.00900001
        m5 = 0.146171
        m7 = 0.0103627
        Tb = 14824.9
        Ta = 45012.4
        Td = 2607.58
        Te = 1303.79
        Tg = 651.894
#       SitePat  BranchLen
              b 119633.3740556
              e 44623.2677822
              c 46483.0793861
              n 43360.6113414
              w 43334.0192724
            b:e 1272.0421730
            b:c 1396.9752343
            b:n 1036.9332039
            b:w 1035.8003209
            e:c 11594.0910051
            e:n 4592.4936030
            e:w 4619.0856720
            c:n 4104.5699035
            c:w 4098.7283971
            n:w 12312.0155542
          b:e:c 1273.8213972
          b:e:n 583.9769866
          b:e:w 585.1098696
          b:c:n 587.4803693
          b:c:w 586.2847926
          b:n:w 1277.1183409
          e:c:n 4253.3604974
          e:c:w 4259.2020038
          e:n:w 5804.1581845
          c:n:w 4952.9018763
        b:e:c:n 1123.1309970
        b:e:c:w 1124.3265738
        b:e:n:w 1849.2017708
        b:c:n:w 1719.3160831
        e:c:n:w 47527.6238342
