########################################
# legofit: estimate population history #
#       version 2.3.4-4-g53f8760       #
########################################

# Program was compiled: Sep 21 2021 14:36:42
# Program was run: Thu Oct 14 06:40:42 2021

# cmd: legofit -1 -d 0 -t 32 --ptsPerDim 3 --stateOut b1boot26.state --tol 3e-6 -S 5000 abdeg2.lgo ../../chrX/boot_chrX/boot26.opf
# Stage nOptItr nSimReps
#     0    5000        0
# algorithm          : deterministic
# ignoring probs <=  : 0
# Branch length floor: 0
# DE strategy        : 2
#    F               : 0.3
#    CR              : 0.8
#    tolerance       : 3e-06
# nthreads           : 32
# lgo input file     : abdeg2.lgo
# site pat input file: ../../chrX/boot_chrX/boot26.opf
# free parameters    : 18
# points in DE swarm : 54
# output state file  : b1boot26.state
# Including singleton site patterns.
# cost function      : KL
Initial parameter values
Fixed:
      zero = 0
       one = 1
    Tbecnw = 75200
Free:
       pc1 = 0
       pc2 = 0
       pc3 = 0
       pc4 = 0
       pc5 = 0
       pc6 = 0
       pc7 = 0
       pc8 = 0
       pc9 = 0
      pc10 = 0
      pc11 = 0
      pc12 = 0
      pc13 = 0
      pc14 = 0
      pc15 = 0
      pc16 = 0
      pc17 = 0
      pc18 = 0
Constrained:
   Tgbecnw = 118509
     Tecnw = 25318.6
       Tnw = 17468.6
       Tec = 1795.06
     twoNb = 2.71538e+06
     twoNe = 2.25624e+06
     twoNc = 6.77598e+06
     twoNw = 1.607e+06
    twoNec = 126432
    twoNnw = 35224.3
  twoNecnw = 63390.6
  twoNbecnw = 12066.3
  twoNgbecnw = 256321
         m = 0.109611
        m2 = 0.0131789
        m4 = 0.0070574
        m5 = 0.142468
        m7 = 0.00688208
        Tb = 13556.8
        Ta = 44378.4
        Td = 897.529
        Te = 448.765
        Tg = 224.382
DiffEv reached_goal. cost=2.16975e-03 spread=2.65985e-06
Fitted parameter values
Free:
       pc1 = -1.50341
       pc2 = 1.99905
       pc3 = -0.765265
       pc4 = 1.25704
       pc5 = -1.96028
       pc6 = -1.34896
       pc7 = -0.966073
       pc8 = -0.522297
       pc9 = 1.19389
      pc10 = -0.289054
      pc11 = 0.152714
      pc12 = 0.070817
      pc13 = 0.535695
      pc14 = 0.205714
      pc15 = -0.194932
      pc16 = -0.0569559
      pc17 = -0.173463
      pc18 = 0.0161798
Constrained:
   Tgbecnw = 104907
     Tecnw = 24625.7
       Tnw = 17766.7
       Tec = 1123.16
     twoNb = 2.75186e+06
     twoNe = 2.69543e+06
     twoNc = 2.15148e+07
     twoNw = 2.95801e+06
    twoNec = 129118
    twoNnw = 30150.2
  twoNecnw = 62681.9
  twoNbecnw = 9495.55
  twoNgbecnw = 331527
         m = 0.0799259
        m2 = 0.00856486
        m4 = 0.010735
        m5 = 0.144371
        m7 = 0.0118733
        Tb = 12874.4
        Ta = 44037.2
        Td = 561.581
        Te = 280.791
        Tg = 140.395
#       SitePat  BranchLen
              b 118236.4488069
              e 44493.3684537
              c 46305.3573825
              n 43439.0113882
              w 43406.1869693
            b:e 1316.7048478
            b:c 1442.5247577
            b:n 1078.3182984
            b:w 1076.8973537
            e:c 11690.7768567
            e:n 4614.9899774
            e:w 4647.8143963
            c:n 4137.7858183
            c:w 4130.7191798
            n:w 12183.4160693
          b:e:c 1308.3862143
          b:e:n 611.6450085
          b:e:w 613.0659532
          b:c:n 615.5195663
          b:c:w 614.0172119
          b:n:w 1307.9844668
          e:c:n 4266.7353029
          e:c:w 4273.8019414
          e:n:w 5774.1456579
          c:n:w 4959.3521034
        b:e:c:n 1171.2662790
        b:e:c:w 1172.7686334
        b:e:n:w 1928.8414343
        b:c:n:w 1795.2997086
        e:c:n:w 46405.3776989
