########################################
# legofit: estimate population history #
#       version 2.3.4-4-g53f8760       #
########################################

# Program was compiled: Sep 21 2021 14:36:42
# Program was run: Thu Oct 14 06:34:19 2021

# cmd: legofit -1 -d 0 -t 32 --ptsPerDim 3 --stateOut b1boot17.state --tol 3e-6 -S 5000 abdeg2.lgo ../../chrX/boot_chrX/boot17.opf
# Stage nOptItr nSimReps
#     0    5000        0
# algorithm          : deterministic
# ignoring probs <=  : 0
# Branch length floor: 0
# DE strategy        : 2
#    F               : 0.3
#    CR              : 0.8
#    tolerance       : 3e-06
# nthreads           : 32
# lgo input file     : abdeg2.lgo
# site pat input file: ../../chrX/boot_chrX/boot17.opf
# free parameters    : 18
# points in DE swarm : 54
# output state file  : b1boot17.state
# Including singleton site patterns.
# cost function      : KL
Initial parameter values
Fixed:
      zero = 0
       one = 1
    Tbecnw = 75200
Free:
       pc1 = 0
       pc2 = 0
       pc3 = 0
       pc4 = 0
       pc5 = 0
       pc6 = 0
       pc7 = 0
       pc8 = 0
       pc9 = 0
      pc10 = 0
      pc11 = 0
      pc12 = 0
      pc13 = 0
      pc14 = 0
      pc15 = 0
      pc16 = 0
      pc17 = 0
      pc18 = 0
Constrained:
   Tgbecnw = 118509
     Tecnw = 25318.6
       Tnw = 17468.6
       Tec = 1795.06
     twoNb = 2.71538e+06
     twoNe = 2.25624e+06
     twoNc = 6.77598e+06
     twoNw = 1.607e+06
    twoNec = 126432
    twoNnw = 35224.3
  twoNecnw = 63390.6
  twoNbecnw = 12066.3
  twoNgbecnw = 256321
         m = 0.109611
        m2 = 0.0131789
        m4 = 0.0070574
        m5 = 0.142468
        m7 = 0.00688208
        Tb = 13556.8
        Ta = 44378.4
        Td = 897.529
        Te = 448.765
        Tg = 224.382
DiffEv reached_goal. cost=2.19708e-03 spread=2.73071e-06
Fitted parameter values
Free:
       pc1 = -1.14804
       pc2 = 3.65536
       pc3 = -0.840394
       pc4 = 0.0526706
       pc5 = -0.953361
       pc6 = -1.39339
       pc7 = -0.977173
       pc8 = -1.57157
       pc9 = 0.75469
      pc10 = -0.96388
      pc11 = 0.113907
      pc12 = -0.97319
      pc13 = 0.162832
      pc14 = 0.245378
      pc15 = 0.0933068
      pc16 = -0.291253
      pc17 = 0.124038
      pc18 = -0.0182078
Constrained:
   Tgbecnw = 100327
     Tecnw = 24319.2
       Tnw = 18329.2
       Tec = 1747.6
     twoNb = 5.64691e+06
     twoNe = 2.86113e+06
     twoNc = 1.0686e+07
     twoNw = 2.49007e+06
    twoNec = 113956
    twoNnw = 26481.2
  twoNecnw = 62997.8
  twoNbecnw = 8310
  twoNgbecnw = 288517
         m = 0.0964324
        m2 = 0.00453452
        m4 = 0.014474
        m5 = 0.136019
        m7 = 0.0142193
        Tb = 13033.4
        Ta = 44116.7
        Td = 873.798
        Te = 436.899
        Tg = 218.45
#       SitePat  BranchLen
              b 118260.3770970
              e 43841.0878221
              c 45556.3157970
              n 43311.9642406
              w 43275.0763045
            b:e 1208.6756250
            b:c 1325.2754935
            b:n 1012.4592238
            b:w 1010.9486346
            e:c 11998.0287014
            e:n 4484.7604283
            e:w 4521.6483644
            c:n 4042.9314229
            c:w 4034.9666803
            n:w 12080.1979304
          b:e:c 1231.8532488
          b:e:n 561.0482311
          b:e:w 562.5588202
          b:c:n 564.8285683
          b:c:w 563.2310171
          b:n:w 1230.0744431
          e:c:n 4253.5545395
          e:c:w 4261.5192822
          e:n:w 5573.0297737
          c:n:w 4804.9068314
        b:e:c:n 1099.2629654
        b:e:c:w 1100.8605165
        b:e:n:w 1818.5166436
        b:c:n:w 1678.8698899
        e:c:n:w 46712.4356241
