########################################
# legofit: estimate population history #
#       version 2.3.4-4-g53f8760       #
########################################

# Program was compiled: Sep 21 2021 14:36:42
# Program was run: Thu Oct 14 06:46:21 2021

# cmd: legofit -1 -d 0 -t 32 --ptsPerDim 3 --stateOut b1boot37.state --tol 3e-6 -S 5000 abdeg2.lgo ../../chrX/boot_chrX/boot37.opf
# Stage nOptItr nSimReps
#     0    5000        0
# algorithm          : deterministic
# ignoring probs <=  : 0
# Branch length floor: 0
# DE strategy        : 2
#    F               : 0.3
#    CR              : 0.8
#    tolerance       : 3e-06
# nthreads           : 32
# lgo input file     : abdeg2.lgo
# site pat input file: ../../chrX/boot_chrX/boot37.opf
# free parameters    : 18
# points in DE swarm : 54
# output state file  : b1boot37.state
# Including singleton site patterns.
# cost function      : KL
Initial parameter values
Fixed:
      zero = 0
       one = 1
    Tbecnw = 75200
Free:
       pc1 = 0
       pc2 = 0
       pc3 = 0
       pc4 = 0
       pc5 = 0
       pc6 = 0
       pc7 = 0
       pc8 = 0
       pc9 = 0
      pc10 = 0
      pc11 = 0
      pc12 = 0
      pc13 = 0
      pc14 = 0
      pc15 = 0
      pc16 = 0
      pc17 = 0
      pc18 = 0
Constrained:
   Tgbecnw = 118509
     Tecnw = 25318.6
       Tnw = 17468.6
       Tec = 1795.06
     twoNb = 2.71538e+06
     twoNe = 2.25624e+06
     twoNc = 6.77598e+06
     twoNw = 1.607e+06
    twoNec = 126432
    twoNnw = 35224.3
  twoNecnw = 63390.6
  twoNbecnw = 12066.3
  twoNgbecnw = 256321
         m = 0.109611
        m2 = 0.0131789
        m4 = 0.0070574
        m5 = 0.142468
        m7 = 0.00688208
        Tb = 13556.8
        Ta = 44378.4
        Td = 897.529
        Te = 448.765
        Tg = 224.382
DiffEv reached_goal. cost=2.10999e-03 spread=2.93046e-06
Fitted parameter values
Free:
       pc1 = -0.580019
       pc2 = 1.51762
       pc3 = -0.445705
       pc4 = 0.946799
       pc5 = -1.93387
       pc6 = -1.13851
       pc7 = -1.86143
       pc8 = -1.09813
       pc9 = 1.9507
      pc10 = -1.46787
      pc11 = 0.475497
      pc12 = 0.514527
      pc13 = -0.0428711
      pc14 = 0.179744
      pc15 = -0.0562545
      pc16 = -0.122992
      pc17 = -0.237616
      pc18 = -0.0938042
Constrained:
   Tgbecnw = 103114
     Tecnw = 24907.3
       Tnw = 17559.9
       Tec = 543.755
     twoNb = 4.69867e+06
     twoNe = 4.02817e+06
     twoNc = 1.67363e+07
     twoNw = 3.83448e+06
    twoNec = 136140
    twoNnw = 33853.3
  twoNecnw = 61665.1
  twoNbecnw = 9152.35
  twoNgbecnw = 310254
         m = 0.0870908
        m2 = 0.00782113
        m4 = 0.0109443
        m5 = 0.133023
        m7 = 0.0092361
        Tb = 12725.5
        Ta = 43962.8
        Td = 271.877
        Te = 135.939
        Tg = 67.9693
#       SitePat  BranchLen
              b 118613.8066288
              e 44388.6359787
              c 46134.2732641
              n 43690.8812929
              w 43667.3156752
            b:e 1269.1743578
            b:c 1401.8661429
            b:n 1075.1430695
            b:w 1074.1377890
            e:c 11671.1106346
            e:n 4589.6336229
            e:w 4613.1992405
            c:n 4140.5266531
            c:w 4135.4847287
            n:w 11928.4005249
          b:e:c 1280.8224500
          b:e:n 607.2850719
          b:e:w 608.2903524
          b:c:n 610.7577203
          b:c:w 609.6957780
          b:n:w 1282.2597177
          e:c:n 4297.5913781
          e:c:w 4302.6333025
          e:n:w 5642.3862702
          c:n:w 4880.8143668
        b:e:c:n 1166.4991033
        b:e:c:w 1167.5610456
        b:e:n:w 1887.4579191
        b:c:n:w 1692.6441391
        e:c:n:w 46855.1206918
