########################################
# legofit: estimate population history #
#       version 2.3.4-4-g53f8760       #
########################################

# Program was compiled: Sep 21 2021 14:36:42
# Program was run: Thu Oct 14 06:48:59 2021

# cmd: legofit -1 -d 0 -t 32 --ptsPerDim 3 --stateOut b1boot42.state --tol 3e-6 -S 5000 abdeg2.lgo ../../chrX/boot_chrX/boot42.opf
# Stage nOptItr nSimReps
#     0    5000        0
# algorithm          : deterministic
# ignoring probs <=  : 0
# Branch length floor: 0
# DE strategy        : 2
#    F               : 0.3
#    CR              : 0.8
#    tolerance       : 3e-06
# nthreads           : 32
# lgo input file     : abdeg2.lgo
# site pat input file: ../../chrX/boot_chrX/boot42.opf
# free parameters    : 18
# points in DE swarm : 54
# output state file  : b1boot42.state
# Including singleton site patterns.
# cost function      : KL
Initial parameter values
Fixed:
      zero = 0
       one = 1
    Tbecnw = 75200
Free:
       pc1 = 0
       pc2 = 0
       pc3 = 0
       pc4 = 0
       pc5 = 0
       pc6 = 0
       pc7 = 0
       pc8 = 0
       pc9 = 0
      pc10 = 0
      pc11 = 0
      pc12 = 0
      pc13 = 0
      pc14 = 0
      pc15 = 0
      pc16 = 0
      pc17 = 0
      pc18 = 0
Constrained:
   Tgbecnw = 118509
     Tecnw = 25318.6
       Tnw = 17468.6
       Tec = 1795.06
     twoNb = 2.71538e+06
     twoNe = 2.25624e+06
     twoNc = 6.77598e+06
     twoNw = 1.607e+06
    twoNec = 126432
    twoNnw = 35224.3
  twoNecnw = 63390.6
  twoNbecnw = 12066.3
  twoNgbecnw = 256321
         m = 0.109611
        m2 = 0.0131789
        m4 = 0.0070574
        m5 = 0.142468
        m7 = 0.00688208
        Tb = 13556.8
        Ta = 44378.4
        Td = 897.529
        Te = 448.765
        Tg = 224.382
DiffEv reached_goal. cost=2.20119e-03 spread=2.80552e-06
Fitted parameter values
Free:
       pc1 = -2.63821
       pc2 = 3.85915
       pc3 = -0.816251
       pc4 = 0.899462
       pc5 = -1.95061
       pc6 = -0.955764
       pc7 = -1.77721
       pc8 = 0.0293716
       pc9 = -0.692115
      pc10 = -0.984124
      pc11 = 1.00739
      pc12 = -0.483236
      pc13 = -0.505093
      pc14 = -0.102738
      pc15 = -0.135977
      pc16 = -0.088165
      pc17 = -0.34021
      pc18 = -0.0363121
Constrained:
   Tgbecnw = 94740.8
     Tecnw = 24374.3
       Tnw = 19536.7
       Tec = 3429.51
     twoNb = 3.23669e+06
     twoNe = 6.8439e+06
     twoNc = 4.49093e+07
     twoNw = 2.24295e+06
    twoNec = 114999
    twoNnw = 20901
  twoNecnw = 62930
  twoNbecnw = 6479.09
  twoNgbecnw = 316788
         m = 0.0892567
        m2 = 0.00343383
        m4 = 0.0141333
        m5 = 0.147445
        m7 = 0.0121895
        Tb = 13901.9
        Ta = 44551
        Td = 1714.75
        Te = 857.376
        Tg = 428.688
#       SitePat  BranchLen
              b 117811.9119377
              e 44089.1309572
              c 46029.2493206
              n 43176.0664106
              w 43130.7524130
            b:e 1227.9125051
            b:c 1373.7415236
            b:n 1021.3135213
            b:w 1019.3781012
            e:c 11353.3636280
            e:n 4522.0116393
            e:w 4567.3256369
            c:n 4042.7960746
            c:w 4032.9078095
            n:w 11848.6759692
          b:e:c 1247.4687053
          b:e:n 580.9580473
          b:e:w 582.8934674
          b:c:n 585.9557022
          b:c:w 583.8969689
          b:n:w 1239.1423313
          e:c:n 4143.3779473
          e:c:w 4153.2662124
          e:n:w 5657.0951183
          c:n:w 4782.0946914
        b:e:c:n 1118.4028443
        b:e:c:w 1120.4615776
        b:e:n:w 1849.0928484
        b:c:n:w 1645.7781098
        e:c:n:w 46795.5471905
