########################################
# legofit: estimate population history #
#       version 2.3.4-4-g53f8760       #
########################################

# Program was compiled: Sep 21 2021 14:36:42
# Program was run: Thu Oct 14 06:44:52 2021

# cmd: legofit -1 -d 0 -t 32 --ptsPerDim 3 --stateOut b1boot33.state --tol 3e-6 -S 5000 abdeg2.lgo ../../chrX/boot_chrX/boot33.opf
# Stage nOptItr nSimReps
#     0    5000        0
# algorithm          : deterministic
# ignoring probs <=  : 0
# Branch length floor: 0
# DE strategy        : 2
#    F               : 0.3
#    CR              : 0.8
#    tolerance       : 3e-06
# nthreads           : 32
# lgo input file     : abdeg2.lgo
# site pat input file: ../../chrX/boot_chrX/boot33.opf
# free parameters    : 18
# points in DE swarm : 54
# output state file  : b1boot33.state
# Including singleton site patterns.
# cost function      : KL
Initial parameter values
Fixed:
      zero = 0
       one = 1
    Tbecnw = 75200
Free:
       pc1 = 0
       pc2 = 0
       pc3 = 0
       pc4 = 0
       pc5 = 0
       pc6 = 0
       pc7 = 0
       pc8 = 0
       pc9 = 0
      pc10 = 0
      pc11 = 0
      pc12 = 0
      pc13 = 0
      pc14 = 0
      pc15 = 0
      pc16 = 0
      pc17 = 0
      pc18 = 0
Constrained:
   Tgbecnw = 118509
     Tecnw = 25318.6
       Tnw = 17468.6
       Tec = 1795.06
     twoNb = 2.71538e+06
     twoNe = 2.25624e+06
     twoNc = 6.77598e+06
     twoNw = 1.607e+06
    twoNec = 126432
    twoNnw = 35224.3
  twoNecnw = 63390.6
  twoNbecnw = 12066.3
  twoNgbecnw = 256321
         m = 0.109611
        m2 = 0.0131789
        m4 = 0.0070574
        m5 = 0.142468
        m7 = 0.00688208
        Tb = 13556.8
        Ta = 44378.4
        Td = 897.529
        Te = 448.765
        Tg = 224.382
DiffEv reached_goal. cost=2.18628e-03 spread=2.64333e-06
Fitted parameter values
Free:
       pc1 = -1.14508
       pc2 = -0.0105165
       pc3 = 1.18111
       pc4 = -0.927427
       pc5 = -1.9219
       pc6 = -1.32905
       pc7 = -1.81762
       pc8 = -1.37863
       pc9 = 1.76262
      pc10 = -1.87382
      pc11 = 0.0795398
      pc12 = -0.150873
      pc13 = 0.17415
      pc14 = -0.0467829
      pc15 = 0.191383
      pc16 = -0.286244
      pc17 = -0.236976
      pc18 = 0.0776808
Constrained:
   Tgbecnw = 91383.1
     Tecnw = 24606.3
       Tnw = 17219.4
       Tec = 2110.45
     twoNb = 7.51402e+06
     twoNe = 2.40682e+06
     twoNc = 1.03782e+07
     twoNw = 4.09976e+06
    twoNec = 118295
    twoNnw = 31096
  twoNecnw = 61047.7
  twoNbecnw = 5725.85
  twoNgbecnw = 278997
         m = 0.104234
        m2 = 0.0124624
        m4 = 0.0060359
        m5 = 0.137385
        m7 = 0.00736899
        Tb = 13358.4
        Ta = 44279.2
        Td = 1055.23
        Te = 527.613
        Tg = 263.806
#       SitePat  BranchLen
              b 118442.2324790
              e 43705.5176182
              c 45477.6603940
              n 42656.9872405
              w 42635.8147760
            b:e 1240.7893737
            b:c 1362.1895630
            b:n 1018.3421501
            b:w 1017.4611377
            e:c 11715.0569433
            e:n 4421.5053455
            e:w 4442.6778100
            c:n 3952.2331311
            c:w 3947.7434123
            n:w 12202.3685036
          b:e:c 1271.4783779
          b:e:n 571.6504721
          b:e:w 572.5314846
          b:c:n 575.0576114
          b:c:w 574.1216385
          b:n:w 1279.7208065
          e:c:n 4150.5122839
          e:c:w 4155.0020027
          e:n:w 5622.4360859
          c:n:w 4823.1007772
        b:e:c:n 1114.1240123
        b:e:c:w 1115.0599852
        b:e:n:w 1845.3019151
        b:c:n:w 1710.3035734
        e:c:n:w 47766.7210555
