########################################
# legofit: estimate population history #
#       version 2.3.4-4-g53f8760       #
########################################

# Program was compiled: Sep 21 2021 14:36:42
# Program was run: Thu Oct 14 06:52:21 2021

# cmd: legofit -1 -d 0 -t 32 --ptsPerDim 3 --stateOut b1boot49.state --tol 3e-6 -S 5000 abdeg2.lgo ../../chrX/boot_chrX/boot49.opf
# Stage nOptItr nSimReps
#     0    5000        0
# algorithm          : deterministic
# ignoring probs <=  : 0
# Branch length floor: 0
# DE strategy        : 2
#    F               : 0.3
#    CR              : 0.8
#    tolerance       : 3e-06
# nthreads           : 32
# lgo input file     : abdeg2.lgo
# site pat input file: ../../chrX/boot_chrX/boot49.opf
# free parameters    : 18
# points in DE swarm : 54
# output state file  : b1boot49.state
# Including singleton site patterns.
# cost function      : KL
Initial parameter values
Fixed:
      zero = 0
       one = 1
    Tbecnw = 75200
Free:
       pc1 = 0
       pc2 = 0
       pc3 = 0
       pc4 = 0
       pc5 = 0
       pc6 = 0
       pc7 = 0
       pc8 = 0
       pc9 = 0
      pc10 = 0
      pc11 = 0
      pc12 = 0
      pc13 = 0
      pc14 = 0
      pc15 = 0
      pc16 = 0
      pc17 = 0
      pc18 = 0
Constrained:
   Tgbecnw = 118509
     Tecnw = 25318.6
       Tnw = 17468.6
       Tec = 1795.06
     twoNb = 2.71538e+06
     twoNe = 2.25624e+06
     twoNc = 6.77598e+06
     twoNw = 1.607e+06
    twoNec = 126432
    twoNnw = 35224.3
  twoNecnw = 63390.6
  twoNbecnw = 12066.3
  twoNgbecnw = 256321
         m = 0.109611
        m2 = 0.0131789
        m4 = 0.0070574
        m5 = 0.142468
        m7 = 0.00688208
        Tb = 13556.8
        Ta = 44378.4
        Td = 897.529
        Te = 448.765
        Tg = 224.382
DiffEv reached_goal. cost=2.14960e-03 spread=2.49115e-06
Fitted parameter values
Free:
       pc1 = -1.5574
       pc2 = 1.10988
       pc3 = -1.04176
       pc4 = -2.18466
       pc5 = -1.81479
       pc6 = -0.9565
       pc7 = -1.91643
       pc8 = 0.853282
       pc9 = -0.0331569
      pc10 = -1.19926
      pc11 = -0.170932
      pc12 = 0.304202
      pc13 = -0.0474134
      pc14 = 0.48411
      pc15 = 0.370737
      pc16 = 0.15669
      pc17 = -0.131946
      pc18 = -0.0632694
Constrained:
   Tgbecnw = 102194
     Tecnw = 24737.8
       Tnw = 17685.3
       Tec = 3956.93
     twoNb = 4.04999e+06
     twoNe = 6.15569e+06
     twoNc = 2.50095e+07
     twoNw = 3.65785e+06
    twoNec = 108669
    twoNnw = 33360.1
  twoNecnw = 63757.7
  twoNbecnw = 9677.67
  twoNgbecnw = 235753
         m = 0.119856
        m2 = 0.0110361
        m4 = 0.0105038
        m5 = 0.163463
        m7 = 0.00976481
        Tb = 14347.4
        Ta = 44773.7
        Td = 1978.46
        Te = 989.232
        Tg = 494.616
#       SitePat  BranchLen
              b 119917.0478301
              e 44730.6931058
              c 46815.9176373
              n 44102.1400575
              w 44073.0087463
            b:e 1297.3861099
            b:c 1453.0111115
            b:n 1086.2027220
            b:w 1084.9499506
            e:c 11601.8616588
            e:n 4747.7261173
            e:w 4776.8574284
            c:n 4202.1679330
            c:w 4195.8536604
            n:w 11925.4513555
          b:e:c 1277.8179199
          b:e:n 613.2827184
          b:e:w 614.5354898
          b:c:n 617.3504720
          b:c:w 616.0275629
          b:n:w 1286.1630726
          e:c:n 4363.6521136
          e:c:w 4369.9663862
          e:n:w 5786.2804578
          c:n:w 4877.9324623
        b:e:c:n 1177.2824357
        b:e:c:w 1178.6053448
        b:e:n:w 1961.8150909
        b:c:n:w 1750.3156431
        e:c:n:w 47434.0313845
