########################################
# legofit: estimate population history #
#       version 2.3.4-4-g53f8760       #
########################################

# Program was compiled: Sep 21 2021 14:36:42
# Program was run: Thu Oct 14 06:42:25 2021

# cmd: legofit -1 -d 0 -t 32 --ptsPerDim 3 --stateOut b1boot29.state --tol 3e-6 -S 5000 abdeg2.lgo ../../chrX/boot_chrX/boot29.opf
# Stage nOptItr nSimReps
#     0    5000        0
# algorithm          : deterministic
# ignoring probs <=  : 0
# Branch length floor: 0
# DE strategy        : 2
#    F               : 0.3
#    CR              : 0.8
#    tolerance       : 3e-06
# nthreads           : 32
# lgo input file     : abdeg2.lgo
# site pat input file: ../../chrX/boot_chrX/boot29.opf
# free parameters    : 18
# points in DE swarm : 54
# output state file  : b1boot29.state
# Including singleton site patterns.
# cost function      : KL
Initial parameter values
Fixed:
      zero = 0
       one = 1
    Tbecnw = 75200
Free:
       pc1 = 0
       pc2 = 0
       pc3 = 0
       pc4 = 0
       pc5 = 0
       pc6 = 0
       pc7 = 0
       pc8 = 0
       pc9 = 0
      pc10 = 0
      pc11 = 0
      pc12 = 0
      pc13 = 0
      pc14 = 0
      pc15 = 0
      pc16 = 0
      pc17 = 0
      pc18 = 0
Constrained:
   Tgbecnw = 118509
     Tecnw = 25318.6
       Tnw = 17468.6
       Tec = 1795.06
     twoNb = 2.71538e+06
     twoNe = 2.25624e+06
     twoNc = 6.77598e+06
     twoNw = 1.607e+06
    twoNec = 126432
    twoNnw = 35224.3
  twoNecnw = 63390.6
  twoNbecnw = 12066.3
  twoNgbecnw = 256321
         m = 0.109611
        m2 = 0.0131789
        m4 = 0.0070574
        m5 = 0.142468
        m7 = 0.00688208
        Tb = 13556.8
        Ta = 44378.4
        Td = 897.529
        Te = 448.765
        Tg = 224.382
DiffEv reached_goal. cost=2.26747e-03 spread=2.46254e-06
Fitted parameter values
Free:
       pc1 = 0.258842
       pc2 = 1.13343
       pc3 = 0.0998421
       pc4 = -0.149358
       pc5 = -1.98811
       pc6 = -0.783676
       pc7 = -1.84731
       pc8 = 0.273927
       pc9 = 0.448841
      pc10 = 0.177308
      pc11 = 0.866888
      pc12 = -0.355442
      pc13 = 0.0438465
      pc14 = 0.23931
      pc15 = -0.0313364
      pc16 = -0.111618
      pc17 = 0.0557952
      pc18 = -0.0368351
Constrained:
   Tgbecnw = 99375.4
     Tecnw = 25173.6
       Tnw = 17343.9
       Tec = 325.123
     twoNb = 3.20724e+06
     twoNe = 5.58937e+06
     twoNc = 1.2968e+07
     twoNw = 2.53055e+06
    twoNec = 131951
    twoNnw = 35526.4
  twoNecnw = 59436.9
  twoNbecnw = 8299.18
  twoNgbecnw = 266205
         m = 0.102446
        m2 = 0.0101868
        m4 = 0.00935985
        m5 = 0.153663
        m7 = 0.00925656
        Tb = 12749.4
        Ta = 43974.7
        Td = 162.562
        Te = 81.2809
        Tg = 40.6404
#       SitePat  BranchLen
              b 118036.9816042
              e 43793.4528784
              c 45732.3628075
              n 43239.7795533
              w 43199.3476227
            b:e 1203.0565957
            b:c 1337.6312257
            b:n 996.8181955
            b:w 995.2057628
            e:c 11553.4511122
            e:n 4527.3223824
            e:w 4567.7543129
            c:n 4025.3713997
            c:w 4016.8362268
            n:w 11739.6200618
          b:e:c 1191.6966094
          b:e:n 561.0735822
          b:e:w 562.6860148
          b:c:n 565.1180468
          b:c:w 563.4179308
          b:n:w 1197.0675061
          e:c:n 4221.0974076
          e:c:w 4229.6325805
          e:n:w 5644.7472217
          c:n:w 4791.4961182
        b:e:c:n 1077.4911886
        b:e:c:w 1079.1913046
        b:e:n:w 1797.7914996
        b:c:n:w 1625.6507151
        e:c:n:w 46780.4332815
