########################################
# legofit: estimate population history #
#       version 2.3.4-4-g53f8760       #
########################################

# Program was compiled: Sep 21 2021 14:36:42
# Program was run: Thu Oct 14 06:42:32 2021

# cmd: legofit -1 -d 0 -t 32 --ptsPerDim 3 --stateOut b1boot30.state --tol 3e-6 -S 5000 abdeg2.lgo ../../chrX/boot_chrX/boot30.opf
# Stage nOptItr nSimReps
#     0    5000        0
# algorithm          : deterministic
# ignoring probs <=  : 0
# Branch length floor: 0
# DE strategy        : 2
#    F               : 0.3
#    CR              : 0.8
#    tolerance       : 3e-06
# nthreads           : 32
# lgo input file     : abdeg2.lgo
# site pat input file: ../../chrX/boot_chrX/boot30.opf
# free parameters    : 18
# points in DE swarm : 54
# output state file  : b1boot30.state
# Including singleton site patterns.
# cost function      : KL
Initial parameter values
Fixed:
      zero = 0
       one = 1
    Tbecnw = 75200
Free:
       pc1 = 0
       pc2 = 0
       pc3 = 0
       pc4 = 0
       pc5 = 0
       pc6 = 0
       pc7 = 0
       pc8 = 0
       pc9 = 0
      pc10 = 0
      pc11 = 0
      pc12 = 0
      pc13 = 0
      pc14 = 0
      pc15 = 0
      pc16 = 0
      pc17 = 0
      pc18 = 0
Constrained:
   Tgbecnw = 118509
     Tecnw = 25318.6
       Tnw = 17468.6
       Tec = 1795.06
     twoNb = 2.71538e+06
     twoNe = 2.25624e+06
     twoNc = 6.77598e+06
     twoNw = 1.607e+06
    twoNec = 126432
    twoNnw = 35224.3
  twoNecnw = 63390.6
  twoNbecnw = 12066.3
  twoNgbecnw = 256321
         m = 0.109611
        m2 = 0.0131789
        m4 = 0.0070574
        m5 = 0.142468
        m7 = 0.00688208
        Tb = 13556.8
        Ta = 44378.4
        Td = 897.529
        Te = 448.765
        Tg = 224.382
DiffEv reached_goal. cost=2.24788e-03 spread=2.97300e-06
Fitted parameter values
Free:
       pc1 = 0.3671
       pc2 = 0.0900561
       pc3 = 1.28455
       pc4 = -0.403047
       pc5 = -1.93664
       pc6 = -0.252543
       pc7 = -1.64685
       pc8 = 0.293662
       pc9 = 0.24862
      pc10 = -0.910601
      pc11 = 0.125044
      pc12 = -0.211534
      pc13 = -0.0071116
      pc14 = -0.100698
      pc15 = -0.0216686
      pc16 = 0.0847856
      pc17 = 0.0826764
      pc18 = 0.00542872
Constrained:
   Tgbecnw = 95473.2
     Tecnw = 24980.4
       Tnw = 15863.1
       Tec = 837.03
     twoNb = 4.35369e+06
     twoNe = 5.58528e+06
     twoNc = 1.83588e+07
     twoNw = 2.59598e+06
    twoNec = 127572
    twoNnw = 40636.3
  twoNecnw = 60111.8
  twoNbecnw = 7199.56
  twoNgbecnw = 252578
         m = 0.112623
        m2 = 0.0131122
        m4 = 0.00568101
        m5 = 0.144378
        m7 = 0.00666463
        Tb = 12908.7
        Ta = 44054.4
        Td = 418.515
        Te = 209.258
        Tg = 104.629
#       SitePat  BranchLen
              b 118429.6736973
              e 43693.3781428
              c 45547.4426871
              n 42937.7121723
              w 42903.7407467
            b:e 1201.8822945
            b:c 1324.1261998
            b:n 993.6218502
            b:w 992.2848023
            e:c 11667.3154950
            e:n 4491.4757941
            e:w 4525.4472197
            c:n 3998.0686607
            c:w 3991.0025967
            n:w 12013.9389555
          b:e:c 1204.6072138
          b:e:n 557.1186378
          b:e:w 558.4556857
          b:c:n 560.7969623
          b:c:w 559.3836829
          b:n:w 1215.2625176
          e:c:n 4197.3232092
          e:c:w 4204.3892732
          e:n:w 5591.6423520
          c:n:w 4784.2445801
        b:e:c:n 1078.3585910
        b:e:c:w 1079.7718703
        b:e:n:w 1777.2669784
        b:c:n:w 1631.6017239
        e:c:n:w 47335.7801693
