########################################
# legofit: estimate population history #
#       version 2.3.4-4-g53f8760       #
########################################

# Program was compiled: Sep 21 2021 14:36:42
# Program was run: Thu Oct 14 06:52:22 2021

# cmd: legofit -1 -d 0 -t 32 --ptsPerDim 3 --stateOut b1boot48.state --tol 3e-6 -S 5000 abdeg2.lgo ../../chrX/boot_chrX/boot48.opf
# Stage nOptItr nSimReps
#     0    5000        0
# algorithm          : deterministic
# ignoring probs <=  : 0
# Branch length floor: 0
# DE strategy        : 2
#    F               : 0.3
#    CR              : 0.8
#    tolerance       : 3e-06
# nthreads           : 32
# lgo input file     : abdeg2.lgo
# site pat input file: ../../chrX/boot_chrX/boot48.opf
# free parameters    : 18
# points in DE swarm : 54
# output state file  : b1boot48.state
# Including singleton site patterns.
# cost function      : KL
Initial parameter values
Fixed:
      zero = 0
       one = 1
    Tbecnw = 75200
Free:
       pc1 = 0
       pc2 = 0
       pc3 = 0
       pc4 = 0
       pc5 = 0
       pc6 = 0
       pc7 = 0
       pc8 = 0
       pc9 = 0
      pc10 = 0
      pc11 = 0
      pc12 = 0
      pc13 = 0
      pc14 = 0
      pc15 = 0
      pc16 = 0
      pc17 = 0
      pc18 = 0
Constrained:
   Tgbecnw = 118509
     Tecnw = 25318.6
       Tnw = 17468.6
       Tec = 1795.06
     twoNb = 2.71538e+06
     twoNe = 2.25624e+06
     twoNc = 6.77598e+06
     twoNw = 1.607e+06
    twoNec = 126432
    twoNnw = 35224.3
  twoNecnw = 63390.6
  twoNbecnw = 12066.3
  twoNgbecnw = 256321
         m = 0.109611
        m2 = 0.0131789
        m4 = 0.0070574
        m5 = 0.142468
        m7 = 0.00688208
        Tb = 13556.8
        Ta = 44378.4
        Td = 897.529
        Te = 448.765
        Tg = 224.382
DiffEv reached_goal. cost=2.12449e-03 spread=2.81443e-06
Fitted parameter values
Free:
       pc1 = -3.35108
       pc2 = 0.441601
       pc3 = -0.330575
       pc4 = -3.53327
       pc5 = -0.635609
       pc6 = -1.1303
       pc7 = -1.46209
       pc8 = 1.29296
       pc9 = 1.42139
      pc10 = 0.296965
      pc11 = 0.615816
      pc12 = -0.930935
      pc13 = 0.332309
      pc14 = 0.422797
      pc15 = 0.497373
      pc16 = -0.157442
      pc17 = 0.0488037
      pc18 = -0.000383256
Constrained:
   Tgbecnw = 94095.7
     Tecnw = 24162.4
       Tnw = 21453.6
       Tec = 3924.38
     twoNb = 2.03557e+06
     twoNe = 2.04056e+06
     twoNc = 5.03805e+06
     twoNw = 3.77395e+06
    twoNec = 101594
    twoNnw = 11749
  twoNecnw = 63663.6
  twoNbecnw = 7200.38
  twoNgbecnw = 217207
         m = 0.129022
        m2 = 0.0130368
        m4 = 0.00634684
        m5 = 0.175053
        m7 = 0.0101348
        Tb = 14043.4
        Ta = 44621.7
        Td = 1962.19
        Te = 981.094
        Tg = 490.547
#       SitePat  BranchLen
              b 117855.9726371
              e 44000.4208107
              c 46008.5080147
              n 43469.6298794
              w 43435.0769330
            b:e 1297.9087740
            b:c 1428.1946029
            b:n 1036.7288221
            b:w 1035.2080562
            e:c 11652.2316853
            e:n 4597.4602586
            e:w 4632.0132050
            c:n 4079.1894519
            c:w 4071.3833110
            n:w 11763.5623907
          b:e:c 1268.2235836
          b:e:n 585.5331593
          b:e:w 587.0539253
          b:c:n 589.9252825
          b:c:w 588.3118537
          b:n:w 1274.0949957
          e:c:n 4247.9339085
          e:c:w 4255.7400494
          e:n:w 5825.8425352
          c:n:w 4874.9134443
        b:e:c:n 1131.1839169
        b:e:c:w 1132.7973457
        b:e:n:w 1852.5387269
        b:c:n:w 1738.3454577
        e:c:n:w 46335.1395483
