########################################
# legofit: estimate population history #
#       version 2.3.4-4-g53f8760       #
########################################

# Program was compiled: Sep 21 2021 14:36:42
# Program was run: Thu Oct 14 06:29:35 2021

# cmd: legofit -1 -d 0 -t 32 --ptsPerDim 3 --stateOut b1boot11.state --tol 3e-6 -S 5000 abdeg2.lgo ../../chrX/boot_chrX/boot11.opf
# Stage nOptItr nSimReps
#     0    5000        0
# algorithm          : deterministic
# ignoring probs <=  : 0
# Branch length floor: 0
# DE strategy        : 2
#    F               : 0.3
#    CR              : 0.8
#    tolerance       : 3e-06
# nthreads           : 32
# lgo input file     : abdeg2.lgo
# site pat input file: ../../chrX/boot_chrX/boot11.opf
# free parameters    : 18
# points in DE swarm : 54
# output state file  : b1boot11.state
# Including singleton site patterns.
# cost function      : KL
Initial parameter values
Fixed:
      zero = 0
       one = 1
    Tbecnw = 75200
Free:
       pc1 = 0
       pc2 = 0
       pc3 = 0
       pc4 = 0
       pc5 = 0
       pc6 = 0
       pc7 = 0
       pc8 = 0
       pc9 = 0
      pc10 = 0
      pc11 = 0
      pc12 = 0
      pc13 = 0
      pc14 = 0
      pc15 = 0
      pc16 = 0
      pc17 = 0
      pc18 = 0
Constrained:
   Tgbecnw = 118509
     Tecnw = 25318.6
       Tnw = 17468.6
       Tec = 1795.06
     twoNb = 2.71538e+06
     twoNe = 2.25624e+06
     twoNc = 6.77598e+06
     twoNw = 1.607e+06
    twoNec = 126432
    twoNnw = 35224.3
  twoNecnw = 63390.6
  twoNbecnw = 12066.3
  twoNgbecnw = 256321
         m = 0.109611
        m2 = 0.0131789
        m4 = 0.0070574
        m5 = 0.142468
        m7 = 0.00688208
        Tb = 13556.8
        Ta = 44378.4
        Td = 897.529
        Te = 448.765
        Tg = 224.382
DiffEv reached_goal. cost=2.19842e-03 spread=2.89157e-06
Fitted parameter values
Free:
       pc1 = -1.23822
       pc2 = 1.55368
       pc3 = 0.0302812
       pc4 = -0.452352
       pc5 = -1.52164
       pc6 = -0.661938
       pc7 = -1.77572
       pc8 = -0.225201
       pc9 = 1.09539
      pc10 = -1.19442
      pc11 = -0.615434
      pc12 = -0.303743
      pc13 = 0.114694
      pc14 = -0.0654975
      pc15 = 0.00235423
      pc16 = 0.00387193
      pc17 = 0.178959
      pc18 = 0.0397997
Constrained:
   Tgbecnw = 97134.1
     Tecnw = 24310.7
       Tnw = 16997.2
       Tec = 1325.4
     twoNb = 4.22966e+06
     twoNe = 5.13556e+06
     twoNc = 1.4968e+07
     twoNw = 3.27448e+06
    twoNec = 116925
    twoNnw = 31015.9
  twoNecnw = 63523.9
  twoNbecnw = 7551.23
  twoNgbecnw = 273370
         m = 0.104709
        m2 = 0.00965848
        m4 = 0.00842984
        m5 = 0.142506
        m7 = 0.0101711
        Tb = 12818.1
        Ta = 44009
        Td = 662.699
        Te = 331.349
        Tg = 165.675
#       SitePat  BranchLen
              b 118738.4379671
              e 43816.4223582
              c 45643.5250038
              n 42972.7959661
              w 42944.9934439
            b:e 1246.2994402
            b:c 1364.6313525
            b:n 1025.8707203
            b:w 1024.7264599
            e:c 12056.4145308
            e:n 4509.1601145
            e:w 4536.9626367
            c:n 4019.7099362
            c:w 4013.8132646
            n:w 12415.3549471
          b:e:c 1273.0893552
          b:e:n 572.0273412
          b:e:w 573.1716015
          b:c:n 575.6343609
          b:c:w 574.4209038
          b:n:w 1278.0268700
          e:c:n 4214.6749158
          e:c:w 4220.5715873
          e:n:w 5663.4798239
          c:n:w 4842.2730102
        b:e:c:n 1118.8932321
        b:e:c:w 1120.1066892
        b:e:n:w 1829.8571031
        b:c:n:w 1713.3725911
        e:c:n:w 47277.4354425
