########################################
# legofit: estimate population history #
#       version 2.3.4-4-g53f8760       #
########################################

# Program was compiled: Sep 21 2021 14:36:42
# Program was run: Thu Oct 14 06:51:23 2021

# cmd: legofit -1 -d 0 -t 32 --ptsPerDim 3 --stateOut b1boot46.state --tol 3e-6 -S 5000 abdeg2.lgo ../../chrX/boot_chrX/boot46.opf
# Stage nOptItr nSimReps
#     0    5000        0
# algorithm          : deterministic
# ignoring probs <=  : 0
# Branch length floor: 0
# DE strategy        : 2
#    F               : 0.3
#    CR              : 0.8
#    tolerance       : 3e-06
# nthreads           : 32
# lgo input file     : abdeg2.lgo
# site pat input file: ../../chrX/boot_chrX/boot46.opf
# free parameters    : 18
# points in DE swarm : 54
# output state file  : b1boot46.state
# Including singleton site patterns.
# cost function      : KL
Initial parameter values
Fixed:
      zero = 0
       one = 1
    Tbecnw = 75200
Free:
       pc1 = 0
       pc2 = 0
       pc3 = 0
       pc4 = 0
       pc5 = 0
       pc6 = 0
       pc7 = 0
       pc8 = 0
       pc9 = 0
      pc10 = 0
      pc11 = 0
      pc12 = 0
      pc13 = 0
      pc14 = 0
      pc15 = 0
      pc16 = 0
      pc17 = 0
      pc18 = 0
Constrained:
   Tgbecnw = 118509
     Tecnw = 25318.6
       Tnw = 17468.6
       Tec = 1795.06
     twoNb = 2.71538e+06
     twoNe = 2.25624e+06
     twoNc = 6.77598e+06
     twoNw = 1.607e+06
    twoNec = 126432
    twoNnw = 35224.3
  twoNecnw = 63390.6
  twoNbecnw = 12066.3
  twoNgbecnw = 256321
         m = 0.109611
        m2 = 0.0131789
        m4 = 0.0070574
        m5 = 0.142468
        m7 = 0.00688208
        Tb = 13556.8
        Ta = 44378.4
        Td = 897.529
        Te = 448.765
        Tg = 224.382
DiffEv reached_goal. cost=2.15496e-03 spread=2.90305e-06
Fitted parameter values
Free:
       pc1 = -0.715366
       pc2 = 0.570993
       pc3 = -0.18425
       pc4 = -1.77739
       pc5 = -1.30728
       pc6 = -0.195875
       pc7 = -1.95838
       pc8 = 0.819123
       pc9 = 1.28393
      pc10 = -0.543639
      pc11 = -0.661749
      pc12 = 0.0564581
      pc13 = 0.117226
      pc14 = -0.251807
      pc15 = 0.117645
      pc16 = 0.177629
      pc17 = -0.107018
      pc18 = -0.0791035
Constrained:
   Tgbecnw = 97774.9
     Tecnw = 24802.3
       Tnw = 17038.4
       Tec = 1779.4
     twoNb = 2.42952e+06
     twoNe = 5.86443e+06
     twoNc = 5.33527e+06
     twoNw = 3.54279e+06
    twoNec = 121758
    twoNnw = 35267.9
  twoNecnw = 63929.5
  twoNbecnw = 8121.23
  twoNgbecnw = 236995
         m = 0.121236
        m2 = 0.0117564
        m4 = 0.00631933
        m5 = 0.154411
        m7 = 0.00894382
        Tb = 13290.8
        Ta = 44245.4
        Td = 889.702
        Te = 444.851
        Tg = 222.426
#       SitePat  BranchLen
              b 119013.5912419
              e 44495.0067540
              c 46365.1091379
              n 43777.5187074
              w 43749.1484892
            b:e 1273.7364641
            b:c 1389.3643270
            b:n 1041.9489781
            b:w 1040.7831831
            e:c 11739.9486041
            e:n 4632.0540651
            e:w 4660.4242833
            c:n 4117.3975428
            c:w 4111.4193310
            n:w 12071.5079222
          b:e:c 1251.9586363
          b:e:n 588.3615543
          b:e:w 589.5273493
          b:c:n 592.0239151
          b:c:w 590.7885108
          b:n:w 1258.9064149
          e:c:n 4242.8558684
          e:c:w 4248.8340802
          e:n:w 5644.1455965
          c:n:w 4824.7000749
        b:e:c:n 1135.6319338
        b:e:c:w 1136.8673380
        b:e:n:w 1819.8469920
        b:c:n:w 1712.3002304
        e:c:n:w 46976.4377929
