########################################
# legofit: estimate population history #
#       version 2.3.4-4-g53f8760       #
########################################

# Program was compiled: Sep 21 2021 14:36:42
# Program was run: Thu Oct 14 06:31:50 2021

# cmd: legofit -1 -d 0 -t 32 --ptsPerDim 3 --stateOut b1boot13.state --tol 3e-6 -S 5000 abdeg2.lgo ../../chrX/boot_chrX/boot13.opf
# Stage nOptItr nSimReps
#     0    5000        0
# algorithm          : deterministic
# ignoring probs <=  : 0
# Branch length floor: 0
# DE strategy        : 2
#    F               : 0.3
#    CR              : 0.8
#    tolerance       : 3e-06
# nthreads           : 32
# lgo input file     : abdeg2.lgo
# site pat input file: ../../chrX/boot_chrX/boot13.opf
# free parameters    : 18
# points in DE swarm : 54
# output state file  : b1boot13.state
# Including singleton site patterns.
# cost function      : KL
Initial parameter values
Fixed:
      zero = 0
       one = 1
    Tbecnw = 75200
Free:
       pc1 = 0
       pc2 = 0
       pc3 = 0
       pc4 = 0
       pc5 = 0
       pc6 = 0
       pc7 = 0
       pc8 = 0
       pc9 = 0
      pc10 = 0
      pc11 = 0
      pc12 = 0
      pc13 = 0
      pc14 = 0
      pc15 = 0
      pc16 = 0
      pc17 = 0
      pc18 = 0
Constrained:
   Tgbecnw = 118509
     Tecnw = 25318.6
       Tnw = 17468.6
       Tec = 1795.06
     twoNb = 2.71538e+06
     twoNe = 2.25624e+06
     twoNc = 6.77598e+06
     twoNw = 1.607e+06
    twoNec = 126432
    twoNnw = 35224.3
  twoNecnw = 63390.6
  twoNbecnw = 12066.3
  twoNgbecnw = 256321
         m = 0.109611
        m2 = 0.0131789
        m4 = 0.0070574
        m5 = 0.142468
        m7 = 0.00688208
        Tb = 13556.8
        Ta = 44378.4
        Td = 897.529
        Te = 448.765
        Tg = 224.382
DiffEv reached_goal. cost=2.26393e-03 spread=2.83791e-06
Fitted parameter values
Free:
       pc1 = -0.615363
       pc2 = 1.74534
       pc3 = -0.433449
       pc4 = -0.867126
       pc5 = -1.90692
       pc6 = -1.08354
       pc7 = -1.9185
       pc8 = 1.0959
       pc9 = 1.19847
      pc10 = -0.5634
      pc11 = 0.583041
      pc12 = 0.114292
      pc13 = -0.00140617
      pc14 = 0.294721
      pc15 = 0.225474
      pc16 = -0.330356
      pc17 = -0.0283212
      pc18 = 0.00723005
Constrained:
   Tgbecnw = 97000.5
     Tecnw = 24996.1
       Tnw = 17890.7
       Tec = 229.555
     twoNb = 2.33013e+06
     twoNe = 5.06715e+06
     twoNc = 2.18363e+07
     twoNw = 3.4877e+06
    twoNec = 128377
    twoNnw = 30805.7
  twoNecnw = 61779.9
  twoNbecnw = 7782.48
  twoNgbecnw = 251410
         m = 0.1118
        m2 = 0.00926633
        m4 = 0.0108101
        m5 = 0.156666
        m7 = 0.0103837
        Tb = 12612.8
        Ta = 43906.4
        Td = 114.778
        Te = 57.3888
        Tg = 28.6944
#       SitePat  BranchLen
              b 118526.2146556
              e 44024.1196364
              c 46082.3994845
              n 43379.1308218
              w 43348.3209846
            b:e 1267.8767677
            b:c 1418.7183264
            b:n 1032.6257718
            b:w 1031.3492203
            e:c 11811.2438290
            e:n 4551.4702056
            e:w 4582.2800428
            c:n 4018.3650097
            c:w 4011.8613020
            n:w 12068.0562551
          b:e:c 1262.6144053
          b:e:n 581.7865220
          b:e:w 583.0630735
          b:c:n 585.9457060
          b:c:w 584.5935747
          b:n:w 1264.2391972
          e:c:n 4206.6580046
          e:c:w 4213.1617123
          e:n:w 5746.4426717
          c:n:w 4826.9375271
        b:e:c:n 1124.0497629
        b:e:c:w 1125.4018941
        b:e:n:w 1886.2433329
        b:c:n:w 1694.4612992
        e:c:n:w 47002.7718814
