########################################
# legofit: estimate population history #
#       version 2.3.4-4-g53f8760       #
########################################

# Program was compiled: Sep 21 2021 14:36:42
# Program was run: Thu Oct 14 06:36:37 2021

# cmd: legofit -1 -d 0 -t 32 --ptsPerDim 3 --stateOut b1boot24.state --tol 3e-6 -S 5000 abdeg2.lgo ../../chrX/boot_chrX/boot24.opf
# Stage nOptItr nSimReps
#     0    5000        0
# algorithm          : deterministic
# ignoring probs <=  : 0
# Branch length floor: 0
# DE strategy        : 2
#    F               : 0.3
#    CR              : 0.8
#    tolerance       : 3e-06
# nthreads           : 32
# lgo input file     : abdeg2.lgo
# site pat input file: ../../chrX/boot_chrX/boot24.opf
# free parameters    : 18
# points in DE swarm : 54
# output state file  : b1boot24.state
# Including singleton site patterns.
# cost function      : KL
Initial parameter values
Fixed:
      zero = 0
       one = 1
    Tbecnw = 75200
Free:
       pc1 = 0
       pc2 = 0
       pc3 = 0
       pc4 = 0
       pc5 = 0
       pc6 = 0
       pc7 = 0
       pc8 = 0
       pc9 = 0
      pc10 = 0
      pc11 = 0
      pc12 = 0
      pc13 = 0
      pc14 = 0
      pc15 = 0
      pc16 = 0
      pc17 = 0
      pc18 = 0
Constrained:
   Tgbecnw = 118509
     Tecnw = 25318.6
       Tnw = 17468.6
       Tec = 1795.06
     twoNb = 2.71538e+06
     twoNe = 2.25624e+06
     twoNc = 6.77598e+06
     twoNw = 1.607e+06
    twoNec = 126432
    twoNnw = 35224.3
  twoNecnw = 63390.6
  twoNbecnw = 12066.3
  twoNgbecnw = 256321
         m = 0.109611
        m2 = 0.0131789
        m4 = 0.0070574
        m5 = 0.142468
        m7 = 0.00688208
        Tb = 13556.8
        Ta = 44378.4
        Td = 897.529
        Te = 448.765
        Tg = 224.382
DiffEv reached_goal. cost=2.29458e-03 spread=2.56949e-06
Fitted parameter values
Free:
       pc1 = -2.75955
       pc2 = 1.97754
       pc3 = -1.46428
       pc4 = -1.76185
       pc5 = -1.92873
       pc6 = -1.69653
       pc7 = -1.93155
       pc8 = -1.00173
       pc9 = 1.28783
      pc10 = -0.571875
      pc11 = -0.11794
      pc12 = -0.378156
      pc13 = 0.142224
      pc14 = 0.258952
      pc15 = 0.181895
      pc16 = -0.16401
      pc17 = -0.177818
      pc18 = -0.0219568
Constrained:
   Tgbecnw = 98559.1
     Tecnw = 24293.8
       Tnw = 19024.7
       Tec = 4200.59
     twoNb = 5.01023e+06
     twoNe = 3.71158e+06
     twoNc = 6.35612e+06
     twoNw = 4.11602e+06
    twoNec = 101620
    twoNnw = 23392.1
  twoNecnw = 63794.7
  twoNbecnw = 7899.91
  twoNgbecnw = 286450
         m = 0.0972846
        m2 = 0.00754117
        m4 = 0.0115484
        m5 = 0.159149
        m7 = 0.012462
        Tb = 14247.2
        Ta = 44723.6
        Td = 2100.29
        Te = 1050.15
        Tg = 525.073
#       SitePat  BranchLen
              b 118259.4897658
              e 44141.5108768
              c 46082.4108102
              n 43469.9393072
              w 43443.8918065
            b:e 1251.4157366
            b:c 1385.5450256
            b:n 1048.9874591
            b:w 1047.8657794
            e:c 11687.8166981
            e:n 4595.3297500
            e:w 4621.3772507
            c:n 4083.8370617
            c:w 4078.1225053
            n:w 11964.2163515
          b:e:c 1270.3560849
          b:e:n 588.8825788
          b:e:w 590.0042586
          b:c:n 592.7828090
          b:c:w 591.5932383
          b:n:w 1271.9782869
          e:c:n 4260.5239691
          e:c:w 4266.2385255
          e:n:w 5687.6314690
          c:n:w 4808.2357326
        b:e:c:n 1144.2211519
        b:e:c:w 1145.4107225
        b:e:n:w 1880.5285894
        b:c:n:w 1734.1533245
        e:c:n:w 46671.9673192
