########################################
# legofit: estimate population history #
#       version 2.3.4-4-g53f8760       #
########################################

# Program was compiled: Sep 21 2021 14:36:42
# Program was run: Thu Oct 14 06:47:38 2021

# cmd: legofit -1 -d 0 -t 32 --ptsPerDim 3 --stateOut b1boot39.state --tol 3e-6 -S 5000 abdeg2.lgo ../../chrX/boot_chrX/boot39.opf
# Stage nOptItr nSimReps
#     0    5000        0
# algorithm          : deterministic
# ignoring probs <=  : 0
# Branch length floor: 0
# DE strategy        : 2
#    F               : 0.3
#    CR              : 0.8
#    tolerance       : 3e-06
# nthreads           : 32
# lgo input file     : abdeg2.lgo
# site pat input file: ../../chrX/boot_chrX/boot39.opf
# free parameters    : 18
# points in DE swarm : 54
# output state file  : b1boot39.state
# Including singleton site patterns.
# cost function      : KL
Initial parameter values
Fixed:
      zero = 0
       one = 1
    Tbecnw = 75200
Free:
       pc1 = 0
       pc2 = 0
       pc3 = 0
       pc4 = 0
       pc5 = 0
       pc6 = 0
       pc7 = 0
       pc8 = 0
       pc9 = 0
      pc10 = 0
      pc11 = 0
      pc12 = 0
      pc13 = 0
      pc14 = 0
      pc15 = 0
      pc16 = 0
      pc17 = 0
      pc18 = 0
Constrained:
   Tgbecnw = 118509
     Tecnw = 25318.6
       Tnw = 17468.6
       Tec = 1795.06
     twoNb = 2.71538e+06
     twoNe = 2.25624e+06
     twoNc = 6.77598e+06
     twoNw = 1.607e+06
    twoNec = 126432
    twoNnw = 35224.3
  twoNecnw = 63390.6
  twoNbecnw = 12066.3
  twoNgbecnw = 256321
         m = 0.109611
        m2 = 0.0131789
        m4 = 0.0070574
        m5 = 0.142468
        m7 = 0.00688208
        Tb = 13556.8
        Ta = 44378.4
        Td = 897.529
        Te = 448.765
        Tg = 224.382
DiffEv reached_goal. cost=2.15307e-03 spread=2.88961e-06
Fitted parameter values
Free:
       pc1 = -3.03097
       pc2 = 2.01465
       pc3 = 0.90778
       pc4 = 0.995061
       pc5 = -1.58881
       pc6 = -0.18376
       pc7 = -1.43216
       pc8 = 0.299064
       pc9 = 1.23362
      pc10 = -1.78414
      pc11 = 0.674712
      pc12 = -0.730955
      pc13 = -0.0159603
      pc14 = 0.194759
      pc15 = 0.000621051
      pc16 = -0.128667
      pc17 = -0.14105
      pc18 = -0.0443032
Constrained:
   Tgbecnw = 89607.4
     Tecnw = 23700.6
       Tnw = 19771.7
       Tec = 1940.44
     twoNb = 2.07659e+06
     twoNe = 4.28965e+06
     twoNc = 3.97977e+07
     twoNw = 3.06236e+06
    twoNec = 120283
    twoNnw = 17121.6
  twoNecnw = 62631.7
  twoNbecnw = 4937.38
  twoNgbecnw = 300583
         m = 0.0949056
        m2 = 0.00986553
        m4 = 0.00838004
        m5 = 0.132016
        m7 = 0.00929316
        Tb = 12820.5
        Ta = 44010.3
        Td = 970.218
        Te = 485.109
        Tg = 242.554
#       SitePat  BranchLen
              b 117001.1287288
              e 43515.2017533
              c 45112.8218298
              n 42657.2973083
              w 42626.9288388
            b:e 1231.2254015
            b:c 1341.6260919
            b:n 995.0919725
            b:w 993.8110126
            e:c 11501.1059351
            e:n 4445.4098455
            e:w 4475.7783149
            c:n 4037.7282719
            c:w 4031.0177733
            n:w 11773.7326784
          b:e:c 1226.3758863
          b:e:n 564.9337631
          b:e:w 566.2147230
          b:c:n 568.6696210
          b:c:w 567.3039934
          b:n:w 1226.2491925
          e:c:n 4134.6983490
          e:c:w 4141.4088477
          e:n:w 5554.1560051
          c:n:w 4817.8580285
        b:e:c:n 1094.4693489
        b:e:c:w 1095.8349765
        b:e:n:w 1800.6247319
        b:c:n:w 1676.5189249
        e:c:n:w 46602.6406386
