########################################
# legofit: estimate population history #
#       version 2.3.4-4-g53f8760       #
########################################

# Program was compiled: Sep 21 2021 14:36:42
# Program was run: Thu Oct 14 06:35:12 2021

# cmd: legofit -1 -d 0 -t 32 --ptsPerDim 3 --stateOut b1boot19.state --tol 3e-6 -S 5000 abdeg2.lgo ../../chrX/boot_chrX/boot19.opf
# Stage nOptItr nSimReps
#     0    5000        0
# algorithm          : deterministic
# ignoring probs <=  : 0
# Branch length floor: 0
# DE strategy        : 2
#    F               : 0.3
#    CR              : 0.8
#    tolerance       : 3e-06
# nthreads           : 32
# lgo input file     : abdeg2.lgo
# site pat input file: ../../chrX/boot_chrX/boot19.opf
# free parameters    : 18
# points in DE swarm : 54
# output state file  : b1boot19.state
# Including singleton site patterns.
# cost function      : KL
Initial parameter values
Fixed:
      zero = 0
       one = 1
    Tbecnw = 75200
Free:
       pc1 = 0
       pc2 = 0
       pc3 = 0
       pc4 = 0
       pc5 = 0
       pc6 = 0
       pc7 = 0
       pc8 = 0
       pc9 = 0
      pc10 = 0
      pc11 = 0
      pc12 = 0
      pc13 = 0
      pc14 = 0
      pc15 = 0
      pc16 = 0
      pc17 = 0
      pc18 = 0
Constrained:
   Tgbecnw = 118509
     Tecnw = 25318.6
       Tnw = 17468.6
       Tec = 1795.06
     twoNb = 2.71538e+06
     twoNe = 2.25624e+06
     twoNc = 6.77598e+06
     twoNw = 1.607e+06
    twoNec = 126432
    twoNnw = 35224.3
  twoNecnw = 63390.6
  twoNbecnw = 12066.3
  twoNgbecnw = 256321
         m = 0.109611
        m2 = 0.0131789
        m4 = 0.0070574
        m5 = 0.142468
        m7 = 0.00688208
        Tb = 13556.8
        Ta = 44378.4
        Td = 897.529
        Te = 448.765
        Tg = 224.382
DiffEv reached_goal. cost=2.25794e-03 spread=2.87304e-06
Fitted parameter values
Free:
       pc1 = -1.99836
       pc2 = 3.33062
       pc3 = -1.15624
       pc4 = -0.00703163
       pc5 = -1.9399
       pc6 = -1.62655
       pc7 = -1.91455
       pc8 = -0.789335
       pc9 = 0.884753
      pc10 = -1.72403
      pc11 = 0.462072
      pc12 = -0.156428
      pc13 = -0.0792609
      pc14 = -0.0173361
      pc15 = -0.090921
      pc16 = -0.412776
      pc17 = -0.171029
      pc18 = 0.0436148
Constrained:
   Tgbecnw = 97534.8
     Tecnw = 24565.7
       Tnw = 18574
       Tec = 2326.72
     twoNb = 5.23905e+06
     twoNe = 4.81889e+06
     twoNc = 2.94234e+07
     twoNw = 3.59712e+06
    twoNec = 113602
    twoNnw = 24262.1
  twoNecnw = 63220.9
  twoNbecnw = 7438.42
  twoNgbecnw = 298243
         m = 0.0924941
        m2 = 0.00392788
        m4 = 0.0137321
        m5 = 0.142272
        m7 = 0.0130216
        Tb = 13446.2
        Ta = 44323.1
        Td = 1163.36
        Te = 581.681
        Tg = 290.84
#       SitePat  BranchLen
              b 117605.9403213
              e 43984.3090418
              c 45909.4893299
              n 43005.0723643
              w 42978.5377349
            b:e 1222.8263824
            b:c 1359.2963581
            b:n 1010.0443869
            b:w 1008.9413594
            e:c 11908.6281248
            e:n 4439.0981962
            e:w 4465.6328255
            c:n 3946.1203603
            c:w 3940.4577629
            n:w 12398.9248014
          b:e:c 1273.4839598
          b:e:n 564.3459386
          b:e:w 565.4489661
          b:c:n 568.1700367
          b:c:w 566.9994961
          b:n:w 1267.4585835
          e:c:n 4136.3058586
          e:c:w 4141.9684560
          e:n:w 5688.7749538
          c:n:w 4808.5190411
        b:e:c:n 1102.5841558
        b:e:c:w 1103.7546964
        b:e:n:w 1830.3591111
        b:c:n:w 1661.7430196
        e:c:n:w 46283.8762494
