########################################
# legofit: estimate population history #
#       version 2.3.4-4-g53f8760       #
########################################

# Program was compiled: Sep 21 2021 14:36:42
# Program was run: Thu Oct 14 06:47:38 2021

# cmd: legofit -1 -d 0 -t 32 --ptsPerDim 3 --stateOut b1boot38.state --tol 3e-6 -S 5000 abdeg2.lgo ../../chrX/boot_chrX/boot38.opf
# Stage nOptItr nSimReps
#     0    5000        0
# algorithm          : deterministic
# ignoring probs <=  : 0
# Branch length floor: 0
# DE strategy        : 2
#    F               : 0.3
#    CR              : 0.8
#    tolerance       : 3e-06
# nthreads           : 32
# lgo input file     : abdeg2.lgo
# site pat input file: ../../chrX/boot_chrX/boot38.opf
# free parameters    : 18
# points in DE swarm : 54
# output state file  : b1boot38.state
# Including singleton site patterns.
# cost function      : KL
Initial parameter values
Fixed:
      zero = 0
       one = 1
    Tbecnw = 75200
Free:
       pc1 = 0
       pc2 = 0
       pc3 = 0
       pc4 = 0
       pc5 = 0
       pc6 = 0
       pc7 = 0
       pc8 = 0
       pc9 = 0
      pc10 = 0
      pc11 = 0
      pc12 = 0
      pc13 = 0
      pc14 = 0
      pc15 = 0
      pc16 = 0
      pc17 = 0
      pc18 = 0
Constrained:
   Tgbecnw = 118509
     Tecnw = 25318.6
       Tnw = 17468.6
       Tec = 1795.06
     twoNb = 2.71538e+06
     twoNe = 2.25624e+06
     twoNc = 6.77598e+06
     twoNw = 1.607e+06
    twoNec = 126432
    twoNnw = 35224.3
  twoNecnw = 63390.6
  twoNbecnw = 12066.3
  twoNgbecnw = 256321
         m = 0.109611
        m2 = 0.0131789
        m4 = 0.0070574
        m5 = 0.142468
        m7 = 0.00688208
        Tb = 13556.8
        Ta = 44378.4
        Td = 897.529
        Te = 448.765
        Tg = 224.382
DiffEv reached_goal. cost=2.32867e-03 spread=2.83675e-06
Fitted parameter values
Free:
       pc1 = -0.641081
       pc2 = 3.47348
       pc3 = -0.690968
       pc4 = 1.31845
       pc5 = -1.95962
       pc6 = -0.835775
       pc7 = -1.95347
       pc8 = -1.67141
       pc9 = 0.706835
      pc10 = -0.611213
      pc11 = 0.942187
      pc12 = -0.637508
      pc13 = 0.0286251
      pc14 = 0.250392
      pc15 = 0.175212
      pc16 = 0.0113867
      pc17 = -0.186666
      pc18 = 0.0194442
Constrained:
   Tgbecnw = 99641.8
     Tecnw = 24589
       Tnw = 18139.4
       Tec = 1514.26
     twoNb = 4.57952e+06
     twoNe = 5.96416e+06
     twoNc = 1.40975e+07
     twoNw = 2.53184e+06
    twoNec = 129887
    twoNnw = 28937.9
  twoNecnw = 60255.1
  twoNbecnw = 7858.19
  twoNgbecnw = 330646
         m = 0.0851157
        m2 = 0.00446231
        m4 = 0.0149316
        m5 = 0.133574
        m7 = 0.0127043
        Tb = 13051.6
        Ta = 44125.8
        Td = 757.129
        Te = 378.564
        Tg = 189.282
#       SitePat  BranchLen
              b 118762.9899684
              e 43940.3343059
              c 45692.7984534
              n 42990.6400359
              w 42955.3839177
            b:e 1215.2148639
            b:c 1345.3582424
            b:n 1007.0948959
            b:w 1005.6402225
            e:c 11358.0588885
            e:n 4501.6365717
            e:w 4536.8926899
            c:n 4065.2777617
            c:w 4057.6537409
            n:w 11775.6878504
          b:e:c 1210.4668749
          b:e:n 570.8454715
          b:e:w 572.3001450
          b:c:n 574.7233674
          b:c:w 573.1862810
          b:n:w 1205.8627252
          e:c:n 4204.7915116
          e:c:w 4212.4155324
          e:n:w 5631.5788080
          c:n:w 4856.0953263
        b:e:c:n 1092.6134462
        b:e:c:w 1094.1505326
        b:e:n:w 1860.7423282
        b:c:n:w 1664.4519910
        e:c:n:w 47753.5995200
