########################################
# legofit: estimate population history #
#       version 2.3.4-4-g53f8760       #
########################################

# Program was compiled: Sep 21 2021 14:36:42
# Program was run: Thu Oct 14 06:21:01 2021

# cmd: legofit -1 -d 0 -t 32 --ptsPerDim 3 --stateOut b1boot6.state --tol 3e-6 -S 5000 abdeg2.lgo ../../chrX/boot_chrX/boot6.opf
# Stage nOptItr nSimReps
#     0    5000        0
# algorithm          : deterministic
# ignoring probs <=  : 0
# Branch length floor: 0
# DE strategy        : 2
#    F               : 0.3
#    CR              : 0.8
#    tolerance       : 3e-06
# nthreads           : 32
# lgo input file     : abdeg2.lgo
# site pat input file: ../../chrX/boot_chrX/boot6.opf
# free parameters    : 18
# points in DE swarm : 54
# output state file  : b1boot6.state
# Including singleton site patterns.
# cost function      : KL
Initial parameter values
Fixed:
      zero = 0
       one = 1
    Tbecnw = 75200
Free:
       pc1 = 0
       pc2 = 0
       pc3 = 0
       pc4 = 0
       pc5 = 0
       pc6 = 0
       pc7 = 0
       pc8 = 0
       pc9 = 0
      pc10 = 0
      pc11 = 0
      pc12 = 0
      pc13 = 0
      pc14 = 0
      pc15 = 0
      pc16 = 0
      pc17 = 0
      pc18 = 0
Constrained:
   Tgbecnw = 118509
     Tecnw = 25318.6
       Tnw = 17468.6
       Tec = 1795.06
     twoNb = 2.71538e+06
     twoNe = 2.25624e+06
     twoNc = 6.77598e+06
     twoNw = 1.607e+06
    twoNec = 126432
    twoNnw = 35224.3
  twoNecnw = 63390.6
  twoNbecnw = 12066.3
  twoNgbecnw = 256321
         m = 0.109611
        m2 = 0.0131789
        m4 = 0.0070574
        m5 = 0.142468
        m7 = 0.00688208
        Tb = 13556.8
        Ta = 44378.4
        Td = 897.529
        Te = 448.765
        Tg = 224.382
DiffEv reached_goal. cost=2.08850e-03 spread=2.90899e-06
Fitted parameter values
Free:
       pc1 = -0.614685
       pc2 = 3.95965
       pc3 = -1.90798
       pc4 = -0.812562
       pc5 = -1.98188
       pc6 = -1.44356
       pc7 = -1.90075
       pc8 = 0.0506988
       pc9 = 1.97196
      pc10 = -1.27603
      pc11 = 1.60776
      pc12 = -0.114891
      pc13 = -0.289245
      pc14 = 0.257692
      pc15 = -0.042223
      pc16 = 0.118326
      pc17 = -0.0551123
      pc18 = 0.0323348
Constrained:
   Tgbecnw = 101104
     Tecnw = 24843.8
       Tnw = 18774.9
       Tec = 1385.63
     twoNb = 2.46309e+06
     twoNe = 4.6104e+06
     twoNc = 2.03873e+07
     twoNw = 3.99779e+06
    twoNec = 131372
    twoNnw = 26658.1
  twoNecnw = 60960.4
  twoNbecnw = 9110.27
  twoNgbecnw = 253996
         m = 0.107792
        m2 = 0.000580938
        m4 = 0.0159405
        m5 = 0.147312
        m7 = 0.0139251
        Tb = 13114.7
        Ta = 44157.4
        Td = 692.813
        Te = 346.406
        Tg = 173.203
#       SitePat  BranchLen
              b 118960.7426701
              e 44187.0311824
              c 46084.5717898
              n 43332.2476531
              w 43306.6142351
            b:e 1261.9684326
            b:c 1406.1045946
            b:n 1038.5274496
            b:w 1037.4395996
            e:c 11455.1552830
            e:n 4591.2526014
            e:w 4616.8860193
            c:n 4108.1633541
            c:w 4102.5671771
            n:w 11894.8795336
          b:e:c 1247.6689551
          b:e:n 589.8448298
          b:e:w 590.9326798
          b:c:n 593.4700787
          b:c:w 592.3231417
          b:n:w 1237.2823138
          e:c:n 4268.5980231
          e:c:w 4274.1942001
          e:n:w 5792.3663778
          c:n:w 4931.5237029
        b:e:c:n 1123.3479603
        b:e:c:w 1124.4948973
        b:e:n:w 1810.6794707
        b:c:n:w 1622.2377308
        e:c:n:w 47302.6440772
