########################################
# legofit: estimate population history #
#       version 2.3.4-4-g53f8760       #
########################################

# Program was compiled: Sep 21 2021 14:36:42
# Program was run: Thu Oct 14 06:35:15 2021

# cmd: legofit -1 -d 0 -t 32 --ptsPerDim 3 --stateOut b1boot20.state --tol 3e-6 -S 5000 abdeg2.lgo ../../chrX/boot_chrX/boot20.opf
# Stage nOptItr nSimReps
#     0    5000        0
# algorithm          : deterministic
# ignoring probs <=  : 0
# Branch length floor: 0
# DE strategy        : 2
#    F               : 0.3
#    CR              : 0.8
#    tolerance       : 3e-06
# nthreads           : 32
# lgo input file     : abdeg2.lgo
# site pat input file: ../../chrX/boot_chrX/boot20.opf
# free parameters    : 18
# points in DE swarm : 54
# output state file  : b1boot20.state
# Including singleton site patterns.
# cost function      : KL
Initial parameter values
Fixed:
      zero = 0
       one = 1
    Tbecnw = 75200
Free:
       pc1 = 0
       pc2 = 0
       pc3 = 0
       pc4 = 0
       pc5 = 0
       pc6 = 0
       pc7 = 0
       pc8 = 0
       pc9 = 0
      pc10 = 0
      pc11 = 0
      pc12 = 0
      pc13 = 0
      pc14 = 0
      pc15 = 0
      pc16 = 0
      pc17 = 0
      pc18 = 0
Constrained:
   Tgbecnw = 118509
     Tecnw = 25318.6
       Tnw = 17468.6
       Tec = 1795.06
     twoNb = 2.71538e+06
     twoNe = 2.25624e+06
     twoNc = 6.77598e+06
     twoNw = 1.607e+06
    twoNec = 126432
    twoNnw = 35224.3
  twoNecnw = 63390.6
  twoNbecnw = 12066.3
  twoNgbecnw = 256321
         m = 0.109611
        m2 = 0.0131789
        m4 = 0.0070574
        m5 = 0.142468
        m7 = 0.00688208
        Tb = 13556.8
        Ta = 44378.4
        Td = 897.529
        Te = 448.765
        Tg = 224.382
DiffEv reached_goal. cost=2.16279e-03 spread=2.10744e-06
Fitted parameter values
Free:
       pc1 = -1.89719
       pc2 = 2.90599
       pc3 = -0.260053
       pc4 = 0.804564
       pc5 = -1.69215
       pc6 = -1.95209
       pc7 = -1.90557
       pc8 = -0.180777
       pc9 = 1.15618
      pc10 = -0.962579
      pc11 = 0.502233
      pc12 = -0.360698
      pc13 = 0.177248
      pc14 = 0.473074
      pc15 = 0.0450043
      pc16 = -0.106055
      pc17 = -0.144956
      pc18 = 0.0370261
Constrained:
   Tgbecnw = 96461.8
     Tecnw = 24158.5
       Tnw = 18937.7
       Tec = 516.955
     twoNb = 4.77658e+06
     twoNe = 4.00961e+06
     twoNc = 3.00753e+07
     twoNw = 3.18939e+06
    twoNec = 131081
    twoNnw = 22134.9
  twoNecnw = 62515.1
  twoNbecnw = 7065.46
  twoNgbecnw = 308573
         m = 0.0889494
        m2 = 0.00687077
        m4 = 0.0123537
        m5 = 0.146126
        m7 = 0.012538
        Tb = 12337.7
        Ta = 43768.9
        Td = 258.477
        Te = 129.239
        Tg = 64.6193
#       SitePat  BranchLen
              b 117391.5720135
              e 43910.0258287
              c 45771.9580435
              n 42810.4919827
              w 42778.4098699
            b:e 1244.0880802
            b:c 1375.0242325
            b:n 1010.1404664
            b:w 1008.7944052
            e:c 11537.1662468
            e:n 4527.3601313
            e:w 4559.4422441
            c:n 4051.2193398
            c:w 4044.2670736
            n:w 12028.1456415
          b:e:c 1244.8254551
          b:e:n 576.3961767
          b:e:w 577.7422378
          b:c:n 580.4058755
          b:c:w 578.9775391
          b:n:w 1241.5446922
          e:c:n 4143.0779150
          e:c:w 4150.0301811
          e:n:w 5737.7077451
          c:n:w 4884.2970210
        b:e:c:n 1103.1045463
        b:e:c:w 1104.5328827
        b:e:n:w 1874.9949713
        b:c:n:w 1721.6082839
        e:c:n:w 46343.2573598
