########################################
# legofit: estimate population history #
#       version 2.3.4-4-g53f8760       #
########################################

# Program was compiled: Sep 21 2021 14:36:42
# Program was run: Thu Sep 23 11:02:44 2021

# cmd: legofit -1 -d 0 -t 32 --ptsPerDim 3 --stateOut b1.state --tol 3e-6 -S 5000 aef2.lgo ../../chrX/pan_chrX.opf
# Stage nOptItr nSimReps
#     0    5000        0
# algorithm          : deterministic
# ignoring probs <=  : 0
# Branch length floor: 0
# DE strategy        : 2
#    F               : 0.3
#    CR              : 0.8
#    tolerance       : 3e-06
# nthreads           : 32
# lgo input file     : aef2.lgo
# site pat input file: ../../chrX/pan_chrX.opf
# free parameters    : 16
# points in DE swarm : 48
# output state file  : b1.state
# Including singleton site patterns.
# cost function      : KL
Initial parameter values
Fixed:
      zero = 0
       one = 1
    Tbecnw = 75200
Free:
       pc1 = 0
       pc2 = 0
       pc3 = 0
       pc4 = 0
       pc5 = 0
       pc6 = 0
       pc7 = 0
       pc8 = 0
       pc9 = 0
      pc10 = 0
      pc11 = 0
      pc12 = 0
      pc13 = 0
      pc14 = 0
      pc15 = 0
      pc16 = 0
Constrained:
   Tgbecnw = 92740.2
     Tecnw = 25224
       Tnw = 21583.4
       Tec = 10809.7
     twoNb = 610537
     twoNe = 2.07462e+06
     twoNc = 534718
     twoNw = 3.26301e+06
    twoNec = 75917.1
    twoNnw = 13731.6
  twoNecnw = 68023.5
  twoNbecnw = 7923.38
  twoNgbecnw = 160875
         m = 0.190485
        m5 = 0.167196
        m6 = 0.0232506
        Ta = 37600
        Te = 10791.7
        Tf = 5395.85
DiffEv reached_goal. cost=2.43948e-03 spread=2.90017e-06
Fitted parameter values
Free:
       pc1 = -0.164362
       pc2 = 3.98893
       pc3 = -3.9691
       pc4 = -0.55615
       pc5 = -1.95802
       pc6 = 1.19867
       pc7 = -0.331955
       pc8 = -1.61333
       pc9 = -0.409295
      pc10 = 0.442833
      pc11 = 0.0241893
      pc12 = 0.211007
      pc13 = -0.00625164
      pc14 = -0.0408961
      pc15 = -0.0322558
      pc16 = -0.107909
Constrained:
   Tgbecnw = 81691
     Tecnw = 24554
       Tnw = 21904
       Tec = 11058.9
     twoNb = 289228
     twoNe = 6.85501e+06
     twoNc = 423931
     twoNw = 6.99988e+06
    twoNec = 60750.4
    twoNnw = 9401.84
  twoNecnw = 69556.6
  twoNbecnw = 2987.19
  twoNgbecnw = 168742
         m = 0.185971
        m5 = 0.204185
        m6 = 0.0674117
        Ta = 37600
        Te = 10952
        Tf = 5476
#       SitePat  BranchLen
              b 118087.7678868
              e 44127.0986073
              c 46083.8109321
              n 43072.9581523
              w 43057.7136660
            b:e 1216.6618114
            b:c 1369.6794136
            b:n 1079.9826371
            b:w 1079.1730427
            e:c 11449.6141855
            e:n 4558.7101435
            e:w 4567.3001652
            c:n 4061.0823918
            c:w 4063.7589297
            n:w 12276.4750328
          b:e:c 1392.2960441
          b:e:n 615.4531569
          b:e:w 615.7074285
          b:c:n 619.5025538
          b:c:w 619.1903529
          b:n:w 1379.7707154
          e:c:n 4104.8717485
          e:c:w 4108.8496753
          e:n:w 5797.8903939
          c:n:w 4842.3470564
        b:e:c:n 1199.2609648
        b:e:c:w 1200.1284885
        b:e:n:w 1506.0877897
        b:c:n:w 1345.5378662
        e:c:n:w 46866.2695492
