########################################
# legofit: estimate population history #
#       version 2.3.4-4-g53f8760       #
########################################

# Program was compiled: Sep 21 2021 14:36:42
# Program was run: Thu Sep 23 11:04:10 2021

# cmd: legofit -1 -d 0 -t 32 --ptsPerDim 3 --stateOut b1boot39.state --tol 3e-6 -S 5000 aef2.lgo ../../chrX/boot_chrX/boot39.opf
# Stage nOptItr nSimReps
#     0    5000        0
# algorithm          : deterministic
# ignoring probs <=  : 0
# Branch length floor: 0
# DE strategy        : 2
#    F               : 0.3
#    CR              : 0.8
#    tolerance       : 3e-06
# nthreads           : 32
# lgo input file     : aef2.lgo
# site pat input file: ../../chrX/boot_chrX/boot39.opf
# free parameters    : 16
# points in DE swarm : 48
# output state file  : b1boot39.state
# Including singleton site patterns.
# cost function      : KL
Initial parameter values
Fixed:
      zero = 0
       one = 1
    Tbecnw = 75200
Free:
       pc1 = 0
       pc2 = 0
       pc3 = 0
       pc4 = 0
       pc5 = 0
       pc6 = 0
       pc7 = 0
       pc8 = 0
       pc9 = 0
      pc10 = 0
      pc11 = 0
      pc12 = 0
      pc13 = 0
      pc14 = 0
      pc15 = 0
      pc16 = 0
Constrained:
   Tgbecnw = 92740.2
     Tecnw = 25224
       Tnw = 21583.4
       Tec = 10809.7
     twoNb = 610537
     twoNe = 2.07462e+06
     twoNc = 534718
     twoNw = 3.26301e+06
    twoNec = 75917.1
    twoNnw = 13731.6
  twoNecnw = 68023.5
  twoNbecnw = 7923.38
  twoNgbecnw = 160875
         m = 0.190485
        m5 = 0.167196
        m6 = 0.0232506
        Ta = 37600
        Te = 10791.7
        Tf = 5395.85
DiffEv reached_goal. cost=2.40987e-03 spread=2.91139e-06
Fitted parameter values
Free:
       pc1 = 1.31349
       pc2 = 3.91894
       pc3 = -3.99956
       pc4 = 1.44206
       pc5 = -1.56227
       pc6 = 1.36189
       pc7 = -0.546956
       pc8 = -0.30199
       pc9 = -0.586814
      pc10 = -0.455123
      pc11 = 0.217801
      pc12 = 0.366606
      pc13 = 0.174385
      pc14 = -0.0283043
      pc15 = -0.0309442
      pc16 = -0.0136922
Constrained:
   Tgbecnw = 78939.5
     Tecnw = 24676.2
       Tnw = 21325.7
       Tec = 10689.2
     twoNb = 318883
     twoNe = 128191
     twoNc = 776301
     twoNw = 6.45711e+06
    twoNec = 63143.6
    twoNnw = 11980.7
  twoNecnw = 68604.4
  twoNbecnw = 1696.94
  twoNgbecnw = 178899
         m = 0.178426
        m5 = 0.202685
        m6 = 0.0755825
        Ta = 37600
        Te = 10662.9
        Tf = 5331.44
#       SitePat  BranchLen
              b 117830.5363705
              e 43992.8284938
              c 45797.6668683
              n 42864.4410464
              w 42847.6656403
            b:e 1209.6144809
            b:c 1349.4719708
            b:n 1069.8936252
            b:w 1069.0158662
            e:c 11288.5037018
            e:n 4516.3275297
            e:w 4525.2192737
            c:n 4052.3432704
            c:w 4055.9108287
            n:w 12134.2423193
          b:e:c 1373.5699676
          b:e:n 612.5760547
          b:e:w 612.8010954
          b:c:n 616.3966470
          b:c:w 616.1070179
          b:n:w 1360.8870222
          e:c:n 4053.7915494
          e:c:w 4058.1076532
          e:n:w 5685.1781565
          c:n:w 4813.6324864
        b:e:c:n 1191.8538262
        b:e:c:w 1192.7961736
        b:e:n:w 1488.5884278
        b:c:n:w 1341.6044231
        e:c:n:w 47133.9565847
