########################################
# legofit: estimate population history #
#       version 2.3.4-4-g53f8760       #
########################################

# Program was compiled: Sep 21 2021 14:36:42
# Program was run: Thu Sep 23 11:03:58 2021

# cmd: legofit -1 -d 0 -t 32 --ptsPerDim 3 --stateOut b1boot33.state --tol 3e-6 -S 5000 aef2.lgo ../../chrX/boot_chrX/boot33.opf
# Stage nOptItr nSimReps
#     0    5000        0
# algorithm          : deterministic
# ignoring probs <=  : 0
# Branch length floor: 0
# DE strategy        : 2
#    F               : 0.3
#    CR              : 0.8
#    tolerance       : 3e-06
# nthreads           : 32
# lgo input file     : aef2.lgo
# site pat input file: ../../chrX/boot_chrX/boot33.opf
# free parameters    : 16
# points in DE swarm : 48
# output state file  : b1boot33.state
# Including singleton site patterns.
# cost function      : KL
Initial parameter values
Fixed:
      zero = 0
       one = 1
    Tbecnw = 75200
Free:
       pc1 = 0
       pc2 = 0
       pc3 = 0
       pc4 = 0
       pc5 = 0
       pc6 = 0
       pc7 = 0
       pc8 = 0
       pc9 = 0
      pc10 = 0
      pc11 = 0
      pc12 = 0
      pc13 = 0
      pc14 = 0
      pc15 = 0
      pc16 = 0
Constrained:
   Tgbecnw = 92740.2
     Tecnw = 25224
       Tnw = 21583.4
       Tec = 10809.7
     twoNb = 610537
     twoNe = 2.07462e+06
     twoNc = 534718
     twoNw = 3.26301e+06
    twoNec = 75917.1
    twoNnw = 13731.6
  twoNecnw = 68023.5
  twoNbecnw = 7923.38
  twoNgbecnw = 160875
         m = 0.190485
        m5 = 0.167196
        m6 = 0.0232506
        Ta = 37600
        Te = 10791.7
        Tf = 5395.85
DiffEv reached_goal. cost=2.44393e-03 spread=2.67000e-06
Fitted parameter values
Free:
       pc1 = 1.05792
       pc2 = 3.92482
       pc3 = -3.91895
       pc4 = 0.270411
       pc5 = -1.73394
       pc6 = 1.25296
       pc7 = 0.155253
       pc8 = -0.101967
       pc9 = -0.639838
      pc10 = -0.749143
      pc11 = -0.197385
      pc12 = 0.661362
      pc13 = 0.408979
      pc14 = -0.00972032
      pc15 = 0.0207034
      pc16 = -0.0888801
Constrained:
   Tgbecnw = 79875.7
     Tecnw = 24879
       Tnw = 21681.1
       Tec = 10933.7
     twoNb = 25921.6
     twoNe = 2.20496e+06
     twoNc = 484249
     twoNw = 6.04378e+06
    twoNec = 61305.7
    twoNnw = 10785.6
  twoNecnw = 67602.9
  twoNbecnw = 2107.61
  twoNgbecnw = 183535
         m = 0.175001
        m5 = 0.193922
        m6 = 0.0764987
        Ta = 37600
        Te = 10840.5
        Tf = 5420.27
#       SitePat  BranchLen
              b 118658.4096586
              e 43973.8960539
              c 45704.5508075
              n 42637.0671675
              w 42619.5735512
            b:e 1232.0214772
            b:c 1369.9394108
            b:n 1071.1724006
            b:w 1070.2434923
            e:c 11491.9040619
            e:n 4411.3490781
            e:w 4420.3087958
            c:n 3977.0598658
            c:w 3981.0674042
            n:w 12413.6508849
          b:e:c 1417.0729048
          b:e:n 607.5037277
          b:e:w 607.7174548
          b:c:n 611.0962448
          b:c:w 610.8159669
          b:n:w 1403.4727941
          e:c:n 4040.2161321
          e:c:w 4044.7424923
          e:n:w 5760.1976355
          c:n:w 4903.0734858
        b:e:c:n 1189.6884732
        b:e:c:w 1190.6839324
        b:e:n:w 1506.3632924
        b:c:n:w 1361.7543297
        e:c:n:w 48014.2900481
