########################################
# legofit: estimate population history #
#       version 2.3.4-4-g53f8760       #
########################################

# Program was compiled: Sep 21 2021 14:36:42
# Program was run: Thu Sep 23 11:04:00 2021

# cmd: legofit -1 -d 0 -t 32 --ptsPerDim 3 --stateOut b1boot34.state --tol 3e-6 -S 5000 aef2.lgo ../../chrX/boot_chrX/boot34.opf
# Stage nOptItr nSimReps
#     0    5000        0
# algorithm          : deterministic
# ignoring probs <=  : 0
# Branch length floor: 0
# DE strategy        : 2
#    F               : 0.3
#    CR              : 0.8
#    tolerance       : 3e-06
# nthreads           : 32
# lgo input file     : aef2.lgo
# site pat input file: ../../chrX/boot_chrX/boot34.opf
# free parameters    : 16
# points in DE swarm : 48
# output state file  : b1boot34.state
# Including singleton site patterns.
# cost function      : KL
Initial parameter values
Fixed:
      zero = 0
       one = 1
    Tbecnw = 75200
Free:
       pc1 = 0
       pc2 = 0
       pc3 = 0
       pc4 = 0
       pc5 = 0
       pc6 = 0
       pc7 = 0
       pc8 = 0
       pc9 = 0
      pc10 = 0
      pc11 = 0
      pc12 = 0
      pc13 = 0
      pc14 = 0
      pc15 = 0
      pc16 = 0
Constrained:
   Tgbecnw = 92740.2
     Tecnw = 25224
       Tnw = 21583.4
       Tec = 10809.7
     twoNb = 610537
     twoNe = 2.07462e+06
     twoNc = 534718
     twoNw = 3.26301e+06
    twoNec = 75917.1
    twoNnw = 13731.6
  twoNecnw = 68023.5
  twoNbecnw = 7923.38
  twoNgbecnw = 160875
         m = 0.190485
        m5 = 0.167196
        m6 = 0.0232506
        Ta = 37600
        Te = 10791.7
        Tf = 5395.85
DiffEv reached_goal. cost=2.24861e-03 spread=2.75812e-06
Fitted parameter values
Free:
       pc1 = 2.1409
       pc2 = 3.96943
       pc3 = -3.8267
       pc4 = -0.187159
       pc5 = -1.57384
       pc6 = 1.10135
       pc7 = -0.0257694
       pc8 = -1.54844
       pc9 = -1.10711
      pc10 = 1.54166
      pc11 = -0.198798
      pc12 = 0.0102812
      pc13 = 0.183652
      pc14 = -0.00226284
      pc15 = -0.00772872
      pc16 = -0.0909071
Constrained:
   Tgbecnw = 77474.6
     Tecnw = 24242.6
       Tnw = 20869.2
       Tec = 10523.8
     twoNb = 279991
     twoNe = 5.95452e+06
     twoNc = 491112
     twoNw = 6.08359e+06
    twoNec = 61355.4
    twoNnw = 12432.1
  twoNecnw = 67172.6
  twoNbecnw = 1021.99
  twoNgbecnw = 181358
         m = 0.174014
        m5 = 0.21261
        m6 = 0.0456569
        Ta = 37600
        Te = 10434.6
        Tf = 5217.3
#       SitePat  BranchLen
              b 116962.7815634
              e 43033.9449253
              c 45328.0698885
              n 42452.7161362
              w 42437.3867900
            b:e 1132.2246586
            b:c 1303.5261577
            b:n 1036.4471351
            b:w 1035.6650035
            e:c 11330.2412037
            e:n 4535.1453544
            e:w 4545.5518784
            c:n 3943.0508730
            c:w 3944.0421014
            n:w 11991.7718434
          b:e:c 1320.5588861
          b:e:n 586.4759639
          b:e:w 586.8631416
          b:c:n 591.2190935
          b:c:w 590.7745793
          b:n:w 1309.8536978
          e:c:n 4071.2876973
          e:c:w 4075.2192911
          e:n:w 5697.9391508
          c:n:w 4597.4184459
        b:e:c:n 1152.4571879
        b:e:c:w 1153.2966559
        b:e:n:w 1435.3794822
        b:c:n:w 1255.4234158
        e:c:n:w 46796.3611451
