########################################
# legofit: estimate population history #
#       version 2.3.4-4-g53f8760       #
########################################

# Program was compiled: Sep 21 2021 14:36:42
# Program was run: Thu Sep 23 11:03:07 2021

# cmd: legofit -1 -d 0 -t 32 --ptsPerDim 3 --stateOut b1boot13.state --tol 3e-6 -S 5000 aef2.lgo ../../chrX/boot_chrX/boot13.opf
# Stage nOptItr nSimReps
#     0    5000        0
# algorithm          : deterministic
# ignoring probs <=  : 0
# Branch length floor: 0
# DE strategy        : 2
#    F               : 0.3
#    CR              : 0.8
#    tolerance       : 3e-06
# nthreads           : 32
# lgo input file     : aef2.lgo
# site pat input file: ../../chrX/boot_chrX/boot13.opf
# free parameters    : 16
# points in DE swarm : 48
# output state file  : b1boot13.state
# Including singleton site patterns.
# cost function      : KL
Initial parameter values
Fixed:
      zero = 0
       one = 1
    Tbecnw = 75200
Free:
       pc1 = 0
       pc2 = 0
       pc3 = 0
       pc4 = 0
       pc5 = 0
       pc6 = 0
       pc7 = 0
       pc8 = 0
       pc9 = 0
      pc10 = 0
      pc11 = 0
      pc12 = 0
      pc13 = 0
      pc14 = 0
      pc15 = 0
      pc16 = 0
Constrained:
   Tgbecnw = 92740.2
     Tecnw = 25224
       Tnw = 21583.4
       Tec = 10809.7
     twoNb = 610537
     twoNe = 2.07462e+06
     twoNc = 534718
     twoNw = 3.26301e+06
    twoNec = 75917.1
    twoNnw = 13731.6
  twoNecnw = 68023.5
  twoNbecnw = 7923.38
  twoNgbecnw = 160875
         m = 0.190485
        m5 = 0.167196
        m6 = 0.0232506
        Ta = 37600
        Te = 10791.7
        Tf = 5395.85
DiffEv reached_goal. cost=2.53732e-03 spread=2.70722e-06
Fitted parameter values
Free:
       pc1 = -0.537187
       pc2 = 3.98396
       pc3 = -3.98109
       pc4 = 1.18076
       pc5 = -1.62807
       pc6 = 0.769314
       pc7 = -0.159862
       pc8 = -0.320448
       pc9 = -1.04268
      pc10 = 0.639976
      pc11 = -0.149556
      pc12 = 0.222567
      pc13 = -0.0606593
      pc14 = 0.0169856
      pc15 = -0.0146803
      pc16 = -0.0142273
Constrained:
   Tgbecnw = 83017.1
     Tecnw = 24903.6
       Tnw = 22247.3
       Tec = 11148.4
     twoNb = 154348
     twoNe = 1.80479e+06
     twoNc = 812204
     twoNw = 6.49714e+06
    twoNec = 59703.9
    twoNnw = 9330.05
  twoNecnw = 69217.6
  twoNbecnw = 3598.86
  twoNgbecnw = 168466
         m = 0.185228
        m5 = 0.217446
        m6 = 0.0621788
        Ta = 37600
        Te = 11123.6
        Tf = 5561.82
#       SitePat  BranchLen
              b 118494.9046738
              e 44127.5058964
              c 46363.6935001
              n 43301.9152949
              w 43284.9818430
            b:e 1221.2395128
            b:c 1399.2748016
            b:n 1095.9740225
            b:w 1095.0608053
            e:c 11561.2275361
            e:n 4584.2614402
            e:w 4594.4755826
            c:n 4019.1354426
            c:w 4021.4318993
            n:w 12297.1529908
          b:e:c 1416.5413687
          b:e:n 621.3822285
          b:e:w 621.7280166
          b:c:n 626.0598081
          b:c:w 625.6495516
          b:n:w 1404.3580219
          e:c:n 4128.8038086
          e:c:w 4133.2266614
          e:n:w 5896.2498709
          c:n:w 4798.2319480
        b:e:c:n 1214.6224465
        b:e:c:w 1215.6001320
        b:e:n:w 1535.3515810
        b:c:n:w 1348.7171776
        e:c:n:w 47064.2480664
