########################################
# legofit: estimate population history #
#       version 2.3.4-4-g53f8760       #
########################################

# Program was compiled: Sep 21 2021 14:36:42
# Program was run: Thu Sep 23 11:03:54 2021

# cmd: legofit -1 -d 0 -t 32 --ptsPerDim 3 --stateOut b1boot31.state --tol 3e-6 -S 5000 aef2.lgo ../../chrX/boot_chrX/boot31.opf
# Stage nOptItr nSimReps
#     0    5000        0
# algorithm          : deterministic
# ignoring probs <=  : 0
# Branch length floor: 0
# DE strategy        : 2
#    F               : 0.3
#    CR              : 0.8
#    tolerance       : 3e-06
# nthreads           : 32
# lgo input file     : aef2.lgo
# site pat input file: ../../chrX/boot_chrX/boot31.opf
# free parameters    : 16
# points in DE swarm : 48
# output state file  : b1boot31.state
# Including singleton site patterns.
# cost function      : KL
Initial parameter values
Fixed:
      zero = 0
       one = 1
    Tbecnw = 75200
Free:
       pc1 = 0
       pc2 = 0
       pc3 = 0
       pc4 = 0
       pc5 = 0
       pc6 = 0
       pc7 = 0
       pc8 = 0
       pc9 = 0
      pc10 = 0
      pc11 = 0
      pc12 = 0
      pc13 = 0
      pc14 = 0
      pc15 = 0
      pc16 = 0
Constrained:
   Tgbecnw = 92740.2
     Tecnw = 25224
       Tnw = 21583.4
       Tec = 10809.7
     twoNb = 610537
     twoNe = 2.07462e+06
     twoNc = 534718
     twoNw = 3.26301e+06
    twoNec = 75917.1
    twoNnw = 13731.6
  twoNecnw = 68023.5
  twoNbecnw = 7923.38
  twoNgbecnw = 160875
         m = 0.190485
        m5 = 0.167196
        m6 = 0.0232506
        Ta = 37600
        Te = 10791.7
        Tf = 5395.85
DiffEv reached_goal. cost=2.45917e-03 spread=2.72147e-06
Fitted parameter values
Free:
       pc1 = 1.28059
       pc2 = 3.98072
       pc3 = -3.76908
       pc4 = 0.787973
       pc5 = -1.77881
       pc6 = -0.0574311
       pc7 = -0.0106978
       pc8 = -0.906429
       pc9 = -0.741959
      pc10 = 0.481474
      pc11 = -0.05351
      pc12 = -0.147061
      pc13 = 0.0281399
      pc14 = -0.0719123
      pc15 = 0.00110212
      pc16 = -0.0617146
Constrained:
   Tgbecnw = 81111.2
     Tecnw = 24476.4
       Tnw = 21596.3
       Tec = 10873.1
     twoNb = 243740
     twoNe = 3.31839e+06
     twoNc = 1.05648e+06
     twoNw = 6.88585e+06
    twoNec = 63196.8
    twoNnw = 10776.6
  twoNecnw = 66987.8
  twoNbecnw = 2672.07
  twoNgbecnw = 180194
         m = 0.167654
        m5 = 0.208611
        m6 = 0.0562236
        Ta = 37600
        Te = 10798.1
        Tf = 5399.07
#       SitePat  BranchLen
              b 117295.6429259
              e 43673.5104566
              c 45739.8473963
              n 42898.6229507
              w 42883.9699429
            b:e 1207.2765060
            b:c 1369.5654995
            b:n 1092.2392676
            b:w 1091.4513518
            e:c 11228.1565360
            e:n 4601.5475451
            e:w 4610.6207636
            c:n 4072.1870379
            c:w 4073.9155215
            n:w 11932.0533845
          b:e:c 1373.1915989
          b:e:n 623.5352687
          b:e:w 623.8538061
          b:c:n 627.8366922
          b:c:w 627.4631028
          b:n:w 1361.9600620
          e:c:n 4162.4691742
          e:c:w 4166.3204798
          e:n:w 5776.0160534
          c:n:w 4775.7448630
        b:e:c:n 1209.6950849
        b:e:c:w 1210.5380528
        b:e:n:w 1503.0236556
        b:c:n:w 1332.8239420
        e:c:n:w 46580.3418349
