########################################
# legofit: estimate population history #
#       version 2.3.4-4-g53f8760       #
########################################

# Program was compiled: Sep 21 2021 14:36:42
# Program was run: Thu Sep 23 11:04:13 2021

# cmd: legofit -1 -d 0 -t 32 --ptsPerDim 3 --stateOut b1boot40.state --tol 3e-6 -S 5000 aef2.lgo ../../chrX/boot_chrX/boot40.opf
# Stage nOptItr nSimReps
#     0    5000        0
# algorithm          : deterministic
# ignoring probs <=  : 0
# Branch length floor: 0
# DE strategy        : 2
#    F               : 0.3
#    CR              : 0.8
#    tolerance       : 3e-06
# nthreads           : 32
# lgo input file     : aef2.lgo
# site pat input file: ../../chrX/boot_chrX/boot40.opf
# free parameters    : 16
# points in DE swarm : 48
# output state file  : b1boot40.state
# Including singleton site patterns.
# cost function      : KL
Initial parameter values
Fixed:
      zero = 0
       one = 1
    Tbecnw = 75200
Free:
       pc1 = 0
       pc2 = 0
       pc3 = 0
       pc4 = 0
       pc5 = 0
       pc6 = 0
       pc7 = 0
       pc8 = 0
       pc9 = 0
      pc10 = 0
      pc11 = 0
      pc12 = 0
      pc13 = 0
      pc14 = 0
      pc15 = 0
      pc16 = 0
Constrained:
   Tgbecnw = 92740.2
     Tecnw = 25224
       Tnw = 21583.4
       Tec = 10809.7
     twoNb = 610537
     twoNe = 2.07462e+06
     twoNc = 534718
     twoNw = 3.26301e+06
    twoNec = 75917.1
    twoNnw = 13731.6
  twoNecnw = 68023.5
  twoNbecnw = 7923.38
  twoNgbecnw = 160875
         m = 0.190485
        m5 = 0.167196
        m6 = 0.0232506
        Ta = 37600
        Te = 10791.7
        Tf = 5395.85
DiffEv reached_goal. cost=2.30963e-03 spread=2.40047e-06
Fitted parameter values
Free:
       pc1 = 1.1302
       pc2 = 3.99634
       pc3 = -3.93493
       pc4 = 0.39227
       pc5 = -1.85798
       pc6 = 0.934019
       pc7 = -0.420409
       pc8 = -0.449853
       pc9 = -0.656957
      pc10 = -0.68323
      pc11 = 0.283342
      pc12 = -0.0194482
      pc13 = 0.00186551
      pc14 = 0.0471752
      pc15 = -0.0111582
      pc16 = 0.00937298
Constrained:
   Tgbecnw = 80345.2
     Tecnw = 24548.4
       Tnw = 21668.6
       Tec = 10835
     twoNb = 297631
     twoNe = 2.15208e+06
     twoNc = 556466
     twoNw = 6.93715e+06
    twoNec = 63790
    twoNnw = 9964.37
  twoNecnw = 67414.2
  twoNbecnw = 2340.64
  twoNgbecnw = 177527
         m = 0.172078
        m5 = 0.198959
        m6 = 0.0765482
        Ta = 37600
        Te = 10834.3
        Tf = 5417.16
#       SitePat  BranchLen
              b 117246.5918693
              e 43929.0629321
              c 45691.6900792
              n 42482.3054633
              w 42466.8575660
            b:e 1224.3124631
            b:c 1363.1458044
            b:n 1060.6134813
            b:w 1059.7951337
            e:c 11193.8127978
            e:n 4494.9810644
            e:w 4502.9880851
            c:n 4051.3707997
            c:w 4054.7619557
            n:w 12214.0487718
          b:e:c 1377.5528183
          b:e:n 609.9136501
          b:e:w 610.1122068
          b:c:n 613.4769788
          b:c:w 613.2209596
          b:n:w 1363.8491495
          e:c:n 4052.9149325
          e:c:w 4056.9646531
          e:n:w 5805.8941864
          c:n:w 4935.1034334
        b:e:c:n 1176.2414882
        b:e:c:w 1177.1172984
        b:e:n:w 1496.6605998
        b:c:n:w 1351.1551769
        e:c:n:w 46635.2299021
