########################################
# legofit: estimate population history #
#       version 2.3.4-4-g53f8760       #
########################################

# Program was compiled: Sep 21 2021 14:36:42
# Program was run: Thu Sep 23 11:03:25 2021

# cmd: legofit -1 -d 0 -t 32 --ptsPerDim 3 --stateOut b1boot16.state --tol 3e-6 -S 5000 aef2.lgo ../../chrX/boot_chrX/boot16.opf
# Stage nOptItr nSimReps
#     0    5000        0
# algorithm          : deterministic
# ignoring probs <=  : 0
# Branch length floor: 0
# DE strategy        : 2
#    F               : 0.3
#    CR              : 0.8
#    tolerance       : 3e-06
# nthreads           : 32
# lgo input file     : aef2.lgo
# site pat input file: ../../chrX/boot_chrX/boot16.opf
# free parameters    : 16
# points in DE swarm : 48
# output state file  : b1boot16.state
# Including singleton site patterns.
# cost function      : KL
Initial parameter values
Fixed:
      zero = 0
       one = 1
    Tbecnw = 75200
Free:
       pc1 = 0
       pc2 = 0
       pc3 = 0
       pc4 = 0
       pc5 = 0
       pc6 = 0
       pc7 = 0
       pc8 = 0
       pc9 = 0
      pc10 = 0
      pc11 = 0
      pc12 = 0
      pc13 = 0
      pc14 = 0
      pc15 = 0
      pc16 = 0
Constrained:
   Tgbecnw = 92740.2
     Tecnw = 25224
       Tnw = 21583.4
       Tec = 10809.7
     twoNb = 610537
     twoNe = 2.07462e+06
     twoNc = 534718
     twoNw = 3.26301e+06
    twoNec = 75917.1
    twoNnw = 13731.6
  twoNecnw = 68023.5
  twoNbecnw = 7923.38
  twoNgbecnw = 160875
         m = 0.190485
        m5 = 0.167196
        m6 = 0.0232506
        Ta = 37600
        Te = 10791.7
        Tf = 5395.85
DiffEv reached_goal. cost=2.48579e-03 spread=2.84562e-06
Fitted parameter values
Free:
       pc1 = -0.290139
       pc2 = 3.99539
       pc3 = -3.98386
       pc4 = 0.0569465
       pc5 = -1.98579
       pc6 = 0.670351
       pc7 = -0.244892
       pc8 = -1.33105
       pc9 = -0.313341
      pc10 = 0.31514
      pc11 = 0.119903
      pc12 = 0.607865
      pc13 = -0.10479
      pc14 = 0.0184126
      pc15 = -0.00646077
      pc16 = 0.0047065
Constrained:
   Tgbecnw = 81824.2
     Tecnw = 24809.4
       Tnw = 22210
       Tec = 11108.7
     twoNb = 232608
     twoNe = 5.64369e+06
     twoNc = 729883
     twoNw = 7.19809e+06
    twoNec = 61772.7
    twoNnw = 8947.16
  twoNecnw = 69867.8
  twoNbecnw = 3040.56
  twoNgbecnw = 170858
         m = 0.180868
        m5 = 0.205046
        m6 = 0.0668142
        Ta = 37600
        Te = 11105
        Tf = 5552.51
#       SitePat  BranchLen
              b 117749.4309220
              e 44376.7660952
              c 46400.2129187
              n 43165.7832539
              w 43150.8277871
            b:e 1238.4563427
            b:c 1399.8394624
            b:n 1087.0936962
            b:w 1086.2895027
            e:c 11467.2020786
            e:n 4534.4425754
            e:w 4542.9258876
            c:n 4023.9027183
            c:w 4026.4896313
            n:w 12403.6426665
          b:e:c 1422.1726785
          b:e:n 620.9708158
          b:e:w 621.2278930
          b:c:n 625.2489583
          b:c:w 624.9333588
          b:n:w 1408.2304483
          e:c:n 4061.1745253
          e:c:w 4065.0597669
          e:n:w 5855.0958996
          c:n:w 4858.6251896
        b:e:c:n 1209.2678079
        b:e:c:w 1210.1305236
        b:e:n:w 1540.7810631
        b:c:n:w 1371.4143350
        e:c:n:w 46449.8138552
