########################################
# legofit: estimate population history #
#       version 2.3.4-4-g53f8760       #
########################################

# Program was compiled: Sep 21 2021 14:36:42
# Program was run: Thu Sep 23 11:03:50 2021

# cmd: legofit -1 -d 0 -t 32 --ptsPerDim 3 --stateOut b1boot30.state --tol 3e-6 -S 5000 aef2.lgo ../../chrX/boot_chrX/boot30.opf
# Stage nOptItr nSimReps
#     0    5000        0
# algorithm          : deterministic
# ignoring probs <=  : 0
# Branch length floor: 0
# DE strategy        : 2
#    F               : 0.3
#    CR              : 0.8
#    tolerance       : 3e-06
# nthreads           : 32
# lgo input file     : aef2.lgo
# site pat input file: ../../chrX/boot_chrX/boot30.opf
# free parameters    : 16
# points in DE swarm : 48
# output state file  : b1boot30.state
# Including singleton site patterns.
# cost function      : KL
Initial parameter values
Fixed:
      zero = 0
       one = 1
    Tbecnw = 75200
Free:
       pc1 = 0
       pc2 = 0
       pc3 = 0
       pc4 = 0
       pc5 = 0
       pc6 = 0
       pc7 = 0
       pc8 = 0
       pc9 = 0
      pc10 = 0
      pc11 = 0
      pc12 = 0
      pc13 = 0
      pc14 = 0
      pc15 = 0
      pc16 = 0
Constrained:
   Tgbecnw = 92740.2
     Tecnw = 25224
       Tnw = 21583.4
       Tec = 10809.7
     twoNb = 610537
     twoNe = 2.07462e+06
     twoNc = 534718
     twoNw = 3.26301e+06
    twoNec = 75917.1
    twoNnw = 13731.6
  twoNecnw = 68023.5
  twoNbecnw = 7923.38
  twoNgbecnw = 160875
         m = 0.190485
        m5 = 0.167196
        m6 = 0.0232506
        Ta = 37600
        Te = 10791.7
        Tf = 5395.85
DiffEv reached_goal. cost=2.50287e-03 spread=2.90709e-06
Fitted parameter values
Free:
       pc1 = 0.854719
       pc2 = 3.91622
       pc3 = -3.83733
       pc4 = 0.185778
       pc5 = -1.86844
       pc6 = 0.761957
       pc7 = -0.419205
       pc8 = -1.16692
       pc9 = -0.723391
      pc10 = 0.0346552
      pc11 = -0.337048
      pc12 = 0.0728473
      pc13 = 0.226138
      pc14 = -0.019663
      pc15 = -0.0342478
      pc16 = -0.0804961
Constrained:
   Tgbecnw = 80771.6
     Tecnw = 24566.6
       Tnw = 21532.8
       Tec = 10857.2
     twoNb = 322684
     twoNe = 4.23923e+06
     twoNc = 688009
     twoNw = 7.06532e+06
    twoNec = 60886.5
    twoNnw = 10856.9
  twoNecnw = 67604.1
  twoNbecnw = 2510.65
  twoNgbecnw = 175030
         m = 0.180416
        m5 = 0.200426
        m6 = 0.0644152
        Ta = 37600
        Te = 10766.4
        Tf = 5383.2
#       SitePat  BranchLen
              b 117990.6575170
              e 43656.9471736
              c 45569.5756058
              n 42755.7337717
              w 42741.3471668
            b:e 1168.5826665
            b:c 1314.0448844
            b:n 1045.8913863
            b:w 1045.1504624
            e:c 11431.2899741
            e:n 4490.4585452
            e:w 4498.6850425
            c:n 4002.6153770
            c:w 4005.0410679
            n:w 12150.8127609
          b:e:c 1345.7700505
          b:e:n 591.5052151
          b:e:w 591.7473645
          b:c:n 595.2861533
          b:c:w 594.9920676
          b:n:w 1334.5921634
          e:c:n 4091.8377982
          e:c:w 4095.5722148
          e:n:w 5704.4737850
          c:n:w 4773.3324957
        b:e:c:n 1158.7398453
        b:e:c:w 1159.5327056
        b:e:n:w 1442.3509433
        b:c:n:w 1289.8630840
        e:c:n:w 47241.2131849
