########################################
# legofit: estimate population history #
#       version 2.3.4-4-g53f8760       #
########################################

# Program was compiled: Sep 21 2021 14:36:42
# Program was run: Thu Sep 23 11:03:07 2021

# cmd: legofit -1 -d 0 -t 32 --ptsPerDim 3 --stateOut b1boot10.state --tol 3e-6 -S 5000 aef2.lgo ../../chrX/boot_chrX/boot10.opf
# Stage nOptItr nSimReps
#     0    5000        0
# algorithm          : deterministic
# ignoring probs <=  : 0
# Branch length floor: 0
# DE strategy        : 2
#    F               : 0.3
#    CR              : 0.8
#    tolerance       : 3e-06
# nthreads           : 32
# lgo input file     : aef2.lgo
# site pat input file: ../../chrX/boot_chrX/boot10.opf
# free parameters    : 16
# points in DE swarm : 48
# output state file  : b1boot10.state
# Including singleton site patterns.
# cost function      : KL
Initial parameter values
Fixed:
      zero = 0
       one = 1
    Tbecnw = 75200
Free:
       pc1 = 0
       pc2 = 0
       pc3 = 0
       pc4 = 0
       pc5 = 0
       pc6 = 0
       pc7 = 0
       pc8 = 0
       pc9 = 0
      pc10 = 0
      pc11 = 0
      pc12 = 0
      pc13 = 0
      pc14 = 0
      pc15 = 0
      pc16 = 0
Constrained:
   Tgbecnw = 92740.2
     Tecnw = 25224
       Tnw = 21583.4
       Tec = 10809.7
     twoNb = 610537
     twoNe = 2.07462e+06
     twoNc = 534718
     twoNw = 3.26301e+06
    twoNec = 75917.1
    twoNnw = 13731.6
  twoNecnw = 68023.5
  twoNbecnw = 7923.38
  twoNgbecnw = 160875
         m = 0.190485
        m5 = 0.167196
        m6 = 0.0232506
        Ta = 37600
        Te = 10791.7
        Tf = 5395.85
DiffEv reached_goal. cost=2.30278e-03 spread=2.68897e-06
Fitted parameter values
Free:
       pc1 = 2.56245
       pc2 = 3.98964
       pc3 = -3.72508
       pc4 = 1.3451
       pc5 = -1.84517
       pc6 = 0.715728
       pc7 = -0.638801
       pc8 = -0.419027
       pc9 = -0.441113
      pc10 = 0.0996299
      pc11 = -0.285704
      pc12 = -0.181248
      pc13 = 0.0324537
      pc14 = -0.0597859
      pc15 = 0.0248043
      pc16 = 0.0157428
Constrained:
   Tgbecnw = 78757.4
     Tecnw = 24283.2
       Tnw = 20778.8
       Tec = 10398.3
     twoNb = 375281
     twoNe = 445089
     twoNc = 918767
     twoNw = 6.97019e+06
    twoNec = 62576.9
    twoNnw = 13243.8
  twoNecnw = 67205
  twoNbecnw = 1619.99
  twoNgbecnw = 185700
         m = 0.160675
        m5 = 0.200951
        m6 = 0.0604888
        Ta = 37600
        Te = 10389.4
        Tf = 5194.71
#       SitePat  BranchLen
              b 116496.0552086
              e 43396.2399985
              c 45306.2742027
              n 42731.8907183
              w 42717.8288446
            b:e 1229.4445381
            b:c 1380.7930191
            b:n 1120.5625016
            b:w 1119.7994497
            e:c 11415.9418839
            e:n 4571.7586044
            e:w 4580.0675581
            c:n 4076.9298320
            c:w 4079.0235775
            n:w 12007.9687634
          b:e:c 1410.4046005
          b:e:n 635.0655449
          b:e:w 635.3367911
          b:c:n 639.2120495
          b:c:w 638.8854701
          b:n:w 1399.5712963
          e:c:n 4188.6941794
          e:c:w 4192.3533540
          e:n:w 5681.9749319
          c:n:w 4767.8134807
        b:e:c:n 1245.7020537
        b:e:c:w 1246.5204389
        b:e:n:w 1521.4041858
        b:c:n:w 1362.3605212
        e:c:n:w 46130.2090059
