########################################
# legofit: estimate population history #
#       version 2.3.4-4-g53f8760       #
########################################

# Program was compiled: Sep 21 2021 14:36:42
# Program was run: Thu Sep 23 11:04:19 2021

# cmd: legofit -1 -d 0 -t 32 --ptsPerDim 3 --stateOut b1boot42.state --tol 3e-6 -S 5000 aef2.lgo ../../chrX/boot_chrX/boot42.opf
# Stage nOptItr nSimReps
#     0    5000        0
# algorithm          : deterministic
# ignoring probs <=  : 0
# Branch length floor: 0
# DE strategy        : 2
#    F               : 0.3
#    CR              : 0.8
#    tolerance       : 3e-06
# nthreads           : 32
# lgo input file     : aef2.lgo
# site pat input file: ../../chrX/boot_chrX/boot42.opf
# free parameters    : 16
# points in DE swarm : 48
# output state file  : b1boot42.state
# Including singleton site patterns.
# cost function      : KL
Initial parameter values
Fixed:
      zero = 0
       one = 1
    Tbecnw = 75200
Free:
       pc1 = 0
       pc2 = 0
       pc3 = 0
       pc4 = 0
       pc5 = 0
       pc6 = 0
       pc7 = 0
       pc8 = 0
       pc9 = 0
      pc10 = 0
      pc11 = 0
      pc12 = 0
      pc13 = 0
      pc14 = 0
      pc15 = 0
      pc16 = 0
Constrained:
   Tgbecnw = 92740.2
     Tecnw = 25224
       Tnw = 21583.4
       Tec = 10809.7
     twoNb = 610537
     twoNe = 2.07462e+06
     twoNc = 534718
     twoNw = 3.26301e+06
    twoNec = 75917.1
    twoNnw = 13731.6
  twoNecnw = 68023.5
  twoNbecnw = 7923.38
  twoNgbecnw = 160875
         m = 0.190485
        m5 = 0.167196
        m6 = 0.0232506
        Ta = 37600
        Te = 10791.7
        Tf = 5395.85
DiffEv reached_goal. cost=2.44652e-03 spread=2.93224e-06
Fitted parameter values
Free:
       pc1 = 0.232357
       pc2 = 3.93109
       pc3 = -3.9032
       pc4 = 1.4767
       pc5 = -0.709753
       pc6 = -0.190779
       pc7 = 0.0886571
       pc8 = -1.23484
       pc9 = -0.382304
      pc10 = 0.101104
      pc11 = 0.251599
      pc12 = 0.326818
      pc13 = 0.0767761
      pc14 = -0.0504085
      pc15 = -0.0297258
      pc16 = 0.00240767
Constrained:
   Tgbecnw = 82093.8
     Tecnw = 24889.7
       Tnw = 22042.3
       Tec = 11038.8
     twoNb = 568159
     twoNe = 3.32918e+06
     twoNc = 1.51713e+06
     twoNw = 5.88882e+06
    twoNec = 64325.5
    twoNnw = 10293.1
  twoNecnw = 68401.9
  twoNbecnw = 3118.52
  twoNgbecnw = 174646
         m = 0.178501
        m5 = 0.211182
        m6 = 0.0667073
        Ta = 37600
        Te = 11021.1
        Tf = 5510.57
#       SitePat  BranchLen
              b 118134.5611340
              e 44294.1205529
              c 46318.8264112
              n 43234.9835298
              w 43216.3579773
            b:e 1214.7641766
            b:c 1373.3313561
            b:n 1078.8611387
            b:w 1077.8719081
            e:c 11190.8984861
            e:n 4590.0524263
            e:w 4600.7833420
            c:n 4073.4593460
            c:w 4076.5039909
            n:w 12053.9570739
          b:e:c 1372.2442386
          b:e:n 620.3014834
          b:e:w 620.6323718
          b:c:n 624.5542811
          b:c:w 624.1534058
          b:n:w 1359.6720995
          e:c:n 4090.2137846
          e:c:w 4095.0637765
          e:n:w 5802.2996347
          c:n:w 4818.4662079
        b:e:c:n 1196.7336554
        b:e:c:w 1197.7928730
        b:e:n:w 1508.6871519
        b:c:n:w 1342.3461407
        e:c:n:w 46951.9194608
