########################################
# legofit: estimate population history #
#       version 2.3.4-4-g53f8760       #
########################################

# Program was compiled: Sep 21 2021 14:36:42
# Program was run: Thu Sep 23 11:02:55 2021

# cmd: legofit -1 -d 0 -t 32 --ptsPerDim 3 --stateOut b1boot7.state --tol 3e-6 -S 5000 aef2.lgo ../../chrX/boot_chrX/boot7.opf
# Stage nOptItr nSimReps
#     0    5000        0
# algorithm          : deterministic
# ignoring probs <=  : 0
# Branch length floor: 0
# DE strategy        : 2
#    F               : 0.3
#    CR              : 0.8
#    tolerance       : 3e-06
# nthreads           : 32
# lgo input file     : aef2.lgo
# site pat input file: ../../chrX/boot_chrX/boot7.opf
# free parameters    : 16
# points in DE swarm : 48
# output state file  : b1boot7.state
# Including singleton site patterns.
# cost function      : KL
Initial parameter values
Fixed:
      zero = 0
       one = 1
    Tbecnw = 75200
Free:
       pc1 = 0
       pc2 = 0
       pc3 = 0
       pc4 = 0
       pc5 = 0
       pc6 = 0
       pc7 = 0
       pc8 = 0
       pc9 = 0
      pc10 = 0
      pc11 = 0
      pc12 = 0
      pc13 = 0
      pc14 = 0
      pc15 = 0
      pc16 = 0
Constrained:
   Tgbecnw = 92740.2
     Tecnw = 25224
       Tnw = 21583.4
       Tec = 10809.7
     twoNb = 610537
     twoNe = 2.07462e+06
     twoNc = 534718
     twoNw = 3.26301e+06
    twoNec = 75917.1
    twoNnw = 13731.6
  twoNecnw = 68023.5
  twoNbecnw = 7923.38
  twoNgbecnw = 160875
         m = 0.190485
        m5 = 0.167196
        m6 = 0.0232506
        Ta = 37600
        Te = 10791.7
        Tf = 5395.85
DiffEv reached_goal. cost=2.54244e-03 spread=2.86299e-06
Fitted parameter values
Free:
       pc1 = 2.42023
       pc2 = 3.97251
       pc3 = -3.80317
       pc4 = 1.25656
       pc5 = -1.68804
       pc6 = 0.959511
       pc7 = -0.919744
       pc8 = -1.07561
       pc9 = 0.197664
      pc10 = 0.161114
      pc11 = -0.36545
      pc12 = 0.142186
      pc13 = -0.0078449
      pc14 = -0.0901543
      pc15 = 0.0169072
      pc16 = -0.00733067
Constrained:
   Tgbecnw = 78346.9
     Tecnw = 24307.4
       Tnw = 20553.7
       Tec = 10308.2
     twoNb = 576840
     twoNe = 1.98618e+06
     twoNc = 1.01939e+06
     twoNw = 7.05088e+06
    twoNec = 62067.6
    twoNnw = 14093.2
  twoNecnw = 68799.5
  twoNbecnw = 1422.73
  twoNgbecnw = 183888
         m = 0.163154
        m5 = 0.197064
        m6 = 0.0632118
        Ta = 37600
        Te = 10276.9
        Tf = 5138.44
#       SitePat  BranchLen
              b 116068.4883655
              e 43571.0809764
              c 45420.4247217
              n 42893.7656191
              w 42879.8666175
            b:e 1212.1066376
            b:c 1355.2455439
            b:n 1104.3710751
            b:w 1103.6358000
            e:c 11530.6431334
            e:n 4545.0449527
            e:w 4553.0358727
            c:n 4061.3308412
            c:w 4063.6842106
            n:w 12120.4650223
          b:e:c 1399.4190240
          b:e:n 624.4375116
          b:e:w 624.6771902
          b:c:n 628.4824651
          b:c:w 628.1873457
          b:n:w 1388.5253228
          e:c:n 4140.1831395
          e:c:w 4143.7378518
          e:n:w 5599.2143233
          c:n:w 4722.9363517
        b:e:c:n 1232.7178547
        b:e:c:w 1233.5085707
        b:e:n:w 1499.0265747
        b:c:n:w 1348.3325596
        e:c:n:w 45542.3282277
