########################################
# legofit: estimate population history #
#       version 2.3.4-4-g53f8760       #
########################################

# Program was compiled: Sep 21 2021 14:36:42
# Program was run: Thu Sep 23 11:03:50 2021

# cmd: legofit -1 -d 0 -t 32 --ptsPerDim 3 --stateOut b1boot27.state --tol 3e-6 -S 5000 aef2.lgo ../../chrX/boot_chrX/boot27.opf
# Stage nOptItr nSimReps
#     0    5000        0
# algorithm          : deterministic
# ignoring probs <=  : 0
# Branch length floor: 0
# DE strategy        : 2
#    F               : 0.3
#    CR              : 0.8
#    tolerance       : 3e-06
# nthreads           : 32
# lgo input file     : aef2.lgo
# site pat input file: ../../chrX/boot_chrX/boot27.opf
# free parameters    : 16
# points in DE swarm : 48
# output state file  : b1boot27.state
# Including singleton site patterns.
# cost function      : KL
Initial parameter values
Fixed:
      zero = 0
       one = 1
    Tbecnw = 75200
Free:
       pc1 = 0
       pc2 = 0
       pc3 = 0
       pc4 = 0
       pc5 = 0
       pc6 = 0
       pc7 = 0
       pc8 = 0
       pc9 = 0
      pc10 = 0
      pc11 = 0
      pc12 = 0
      pc13 = 0
      pc14 = 0
      pc15 = 0
      pc16 = 0
Constrained:
   Tgbecnw = 92740.2
     Tecnw = 25224
       Tnw = 21583.4
       Tec = 10809.7
     twoNb = 610537
     twoNe = 2.07462e+06
     twoNc = 534718
     twoNw = 3.26301e+06
    twoNec = 75917.1
    twoNnw = 13731.6
  twoNecnw = 68023.5
  twoNbecnw = 7923.38
  twoNgbecnw = 160875
         m = 0.190485
        m5 = 0.167196
        m6 = 0.0232506
        Ta = 37600
        Te = 10791.7
        Tf = 5395.85
DiffEv reached_goal. cost=2.41058e-03 spread=2.96768e-06
Fitted parameter values
Free:
       pc1 = 1.59342
       pc2 = 3.99979
       pc3 = -3.98508
       pc4 = 0.623765
       pc5 = -1.99908
       pc6 = 1.99956
       pc7 = -0.195341
       pc8 = -1.08668
       pc9 = 0.940935
      pc10 = 0.0968465
      pc11 = 0.0541945
      pc12 = 0.688961
      pc13 = -0.000480727
      pc14 = 0.042463
      pc15 = 0.0642729
      pc16 = 0.00775216
Constrained:
   Tgbecnw = 78609
     Tecnw = 24399.7
       Tnw = 20803.4
       Tec = 10402.7
     twoNb = 133216
     twoNe = 3.86615e+06
     twoNc = 683000
     twoNw = 6.28891e+06
    twoNec = 61957.8
    twoNnw = 12303.3
  twoNecnw = 71510.4
  twoNbecnw = 1549.73
  twoNgbecnw = 184492
         m = 0.167467
        m5 = 0.193685
        m6 = 0.0756859
        Ta = 37600
        Te = 10401.7
        Tf = 5200.86
#       SitePat  BranchLen
              b 116985.8251913
              e 44193.2217788
              c 45972.1551256
              n 42812.5556058
              w 42796.0543979
            b:e 1283.6980576
            b:c 1426.7550948
            b:n 1120.5484935
            b:w 1119.6546239
            e:c 11665.4930339
            e:n 4507.3647214
            e:w 4515.9105951
            c:n 4051.4071926
            c:w 4055.1636055
            n:w 12668.4321770
          b:e:c 1481.0808275
          b:e:n 639.2539703
          b:e:w 639.4613411
          b:c:n 643.3287754
          b:c:w 643.0509665
          b:n:w 1465.8161620
          e:c:n 4046.6545811
          e:c:w 4050.8535025
          e:n:w 5755.3127633
          c:n:w 4893.0839349
        b:e:c:n 1257.3848774
        b:e:c:w 1258.3491851
        b:e:n:w 1583.6174481
        b:c:n:w 1432.8959803
        e:c:n:w 46103.0643117
