########################################
# legofit: estimate population history #
#       version 2.3.4-4-g53f8760       #
########################################

# Program was compiled: Sep 21 2021 14:36:42
# Program was run: Thu Sep 23 11:04:10 2021

# cmd: legofit -1 -d 0 -t 32 --ptsPerDim 3 --stateOut b1boot38.state --tol 3e-6 -S 5000 aef2.lgo ../../chrX/boot_chrX/boot38.opf
# Stage nOptItr nSimReps
#     0    5000        0
# algorithm          : deterministic
# ignoring probs <=  : 0
# Branch length floor: 0
# DE strategy        : 2
#    F               : 0.3
#    CR              : 0.8
#    tolerance       : 3e-06
# nthreads           : 32
# lgo input file     : aef2.lgo
# site pat input file: ../../chrX/boot_chrX/boot38.opf
# free parameters    : 16
# points in DE swarm : 48
# output state file  : b1boot38.state
# Including singleton site patterns.
# cost function      : KL
Initial parameter values
Fixed:
      zero = 0
       one = 1
    Tbecnw = 75200
Free:
       pc1 = 0
       pc2 = 0
       pc3 = 0
       pc4 = 0
       pc5 = 0
       pc6 = 0
       pc7 = 0
       pc8 = 0
       pc9 = 0
      pc10 = 0
      pc11 = 0
      pc12 = 0
      pc13 = 0
      pc14 = 0
      pc15 = 0
      pc16 = 0
Constrained:
   Tgbecnw = 92740.2
     Tecnw = 25224
       Tnw = 21583.4
       Tec = 10809.7
     twoNb = 610537
     twoNe = 2.07462e+06
     twoNc = 534718
     twoNw = 3.26301e+06
    twoNec = 75917.1
    twoNnw = 13731.6
  twoNecnw = 68023.5
  twoNbecnw = 7923.38
  twoNgbecnw = 160875
         m = 0.190485
        m5 = 0.167196
        m6 = 0.0232506
        Ta = 37600
        Te = 10791.7
        Tf = 5395.85
DiffEv reached_goal. cost=2.63316e-03 spread=2.81052e-06
Fitted parameter values
Free:
       pc1 = 0.252184
       pc2 = 3.98205
       pc3 = -3.93107
       pc4 = 1.10914
       pc5 = -1.93188
       pc6 = 1.37659
       pc7 = -0.414639
       pc8 = -1.29056
       pc9 = -1.28357
      pc10 = -0.565973
      pc11 = 0.376569
      pc12 = 0.21412
      pc13 = 0.264116
      pc14 = -0.0362293
      pc15 = -0.135628
      pc16 = -0.0489338
Constrained:
   Tgbecnw = 78917.2
     Tecnw = 24614.3
       Tnw = 21867.9
       Tec = 10989.6
     twoNb = 179109
     twoNe = 2.21664e+06
     twoNc = 798286
     twoNw = 6.97966e+06
    twoNec = 62877.8
    twoNnw = 9926.85
  twoNecnw = 68249.2
  twoNbecnw = 1754.28
  twoNgbecnw = 164805
         m = 0.199608
        m5 = 0.20452
        m6 = 0.0763336
        Ta = 37600
        Te = 10933.9
        Tf = 5466.97
#       SitePat  BranchLen
              b 118564.7751845
              e 44052.2564757
              c 45838.7125076
              n 42908.9007362
              w 42892.9919107
            b:e 1202.3424559
            b:c 1340.7242659
            b:n 1061.6475594
            b:w 1060.8122429
            e:c 11149.6805326
            e:n 4540.2451957
            e:w 4548.6395876
            c:n 4083.7236540
            c:w 4087.0806623
            n:w 11991.5623719
          b:e:c 1350.7747169
          b:e:n 610.4134248
          b:e:w 610.6279526
          b:c:n 614.0836042
          b:c:w 613.8096383
          b:n:w 1338.4225510
          e:c:n 4074.0936650
          e:c:w 4078.2510901
          e:n:w 5713.0164889
          c:n:w 4844.6409241
        b:e:c:n 1178.8643022
        b:e:c:w 1179.7590569
        b:e:n:w 1474.5841428
        b:c:n:w 1329.3504677
        e:c:n:w 47767.4424780
