########################################
# legofit: estimate population history #
#       version 2.3.4-4-g53f8760       #
########################################

# Program was compiled: Sep 21 2021 14:36:42
# Program was run: Thu Sep 23 11:03:08 2021

# cmd: legofit -1 -d 0 -t 32 --ptsPerDim 3 --stateOut b1boot12.state --tol 3e-6 -S 5000 aef2.lgo ../../chrX/boot_chrX/boot12.opf
# Stage nOptItr nSimReps
#     0    5000        0
# algorithm          : deterministic
# ignoring probs <=  : 0
# Branch length floor: 0
# DE strategy        : 2
#    F               : 0.3
#    CR              : 0.8
#    tolerance       : 3e-06
# nthreads           : 32
# lgo input file     : aef2.lgo
# site pat input file: ../../chrX/boot_chrX/boot12.opf
# free parameters    : 16
# points in DE swarm : 48
# output state file  : b1boot12.state
# Including singleton site patterns.
# cost function      : KL
Initial parameter values
Fixed:
      zero = 0
       one = 1
    Tbecnw = 75200
Free:
       pc1 = 0
       pc2 = 0
       pc3 = 0
       pc4 = 0
       pc5 = 0
       pc6 = 0
       pc7 = 0
       pc8 = 0
       pc9 = 0
      pc10 = 0
      pc11 = 0
      pc12 = 0
      pc13 = 0
      pc14 = 0
      pc15 = 0
      pc16 = 0
Constrained:
   Tgbecnw = 92740.2
     Tecnw = 25224
       Tnw = 21583.4
       Tec = 10809.7
     twoNb = 610537
     twoNe = 2.07462e+06
     twoNc = 534718
     twoNw = 3.26301e+06
    twoNec = 75917.1
    twoNnw = 13731.6
  twoNecnw = 68023.5
  twoNbecnw = 7923.38
  twoNgbecnw = 160875
         m = 0.190485
        m5 = 0.167196
        m6 = 0.0232506
        Ta = 37600
        Te = 10791.7
        Tf = 5395.85
DiffEv reached_goal. cost=2.53630e-03 spread=2.90902e-06
Fitted parameter values
Free:
       pc1 = 1.76136
       pc2 = 3.99347
       pc3 = -3.79767
       pc4 = -0.221716
       pc5 = -1.61981
       pc6 = 0.93064
       pc7 = 0.197207
       pc8 = -0.507058
       pc9 = -0.578957
      pc10 = 0.0766737
      pc11 = -0.555096
      pc12 = 0.213258
      pc13 = 0.24491
      pc14 = -0.0486633
      pc15 = 0.0448682
      pc16 = -0.0194917
Constrained:
   Tgbecnw = 79892
     Tecnw = 24564.9
       Tnw = 21359
       Tec = 10715.4
     twoNb = 160858
     twoNe = 4.04276e+06
     twoNc = 481020
     twoNw = 5.95909e+06
    twoNec = 60334.8
    twoNnw = 11700.1
  twoNecnw = 66794.6
  twoNbecnw = 2090.27
  twoNgbecnw = 186065
         m = 0.164181
        m5 = 0.197027
        m6 = 0.0631322
        Ta = 37600
        Te = 10679.5
        Tf = 5339.74
#       SitePat  BranchLen
              b 117178.7548250
              e 43429.6448696
              c 45280.3596501
              n 42753.5060055
              w 42736.8375897
            b:e 1187.6483105
            b:c 1331.4523562
            b:n 1076.5135416
            b:w 1075.6351006
            e:c 11526.3306329
            e:n 4471.1559924
            e:w 4480.7039199
            c:n 3997.6589268
            c:w 4000.4485561
            n:w 12078.7441589
          b:e:c 1377.8092407
          b:e:n 604.6074287
          b:e:w 604.8954939
          b:c:n 608.4657851
          b:c:w 608.1153522
          b:n:w 1367.3380511
          e:c:n 4136.1820885
          e:c:w 4140.5129474
          e:n:w 5644.2456297
          c:n:w 4747.2832787
        b:e:c:n 1193.7846229
        b:e:c:w 1194.7254316
        b:e:n:w 1463.6433592
        b:c:n:w 1312.7610988
        e:c:n:w 46730.2600303
