########################################
# legofit: estimate population history #
#       version 2.3.4-4-g53f8760       #
########################################

# Program was compiled: Sep 21 2021 14:36:42
# Program was run: Thu Sep 23 11:02:44 2021

# cmd: legofit -1 -d 0 -t 32 --ptsPerDim 3 --stateOut b1boot0.state --tol 3e-6 -S 5000 aef2.lgo ../../chrX/boot_chrX/boot0.opf
# Stage nOptItr nSimReps
#     0    5000        0
# algorithm          : deterministic
# ignoring probs <=  : 0
# Branch length floor: 0
# DE strategy        : 2
#    F               : 0.3
#    CR              : 0.8
#    tolerance       : 3e-06
# nthreads           : 32
# lgo input file     : aef2.lgo
# site pat input file: ../../chrX/boot_chrX/boot0.opf
# free parameters    : 16
# points in DE swarm : 48
# output state file  : b1boot0.state
# Including singleton site patterns.
# cost function      : KL
Initial parameter values
Fixed:
      zero = 0
       one = 1
    Tbecnw = 75200
Free:
       pc1 = 0
       pc2 = 0
       pc3 = 0
       pc4 = 0
       pc5 = 0
       pc6 = 0
       pc7 = 0
       pc8 = 0
       pc9 = 0
      pc10 = 0
      pc11 = 0
      pc12 = 0
      pc13 = 0
      pc14 = 0
      pc15 = 0
      pc16 = 0
Constrained:
   Tgbecnw = 92740.2
     Tecnw = 25224
       Tnw = 21583.4
       Tec = 10809.7
     twoNb = 610537
     twoNe = 2.07462e+06
     twoNc = 534718
     twoNw = 3.26301e+06
    twoNec = 75917.1
    twoNnw = 13731.6
  twoNecnw = 68023.5
  twoNbecnw = 7923.38
  twoNgbecnw = 160875
         m = 0.190485
        m5 = 0.167196
        m6 = 0.0232506
        Ta = 37600
        Te = 10791.7
        Tf = 5395.85
DiffEv reached_goal. cost=2.41724e-03 spread=2.64997e-06
Fitted parameter values
Free:
       pc1 = 1.6247
       pc2 = 3.98144
       pc3 = -3.95967
       pc4 = 1.45991
       pc5 = -1.76921
       pc6 = 1.09345
       pc7 = -0.376906
       pc8 = -0.511723
       pc9 = 0.0307726
      pc10 = -0.155326
      pc11 = 0.135487
      pc12 = 0.15109
      pc13 = -0.0421557
      pc14 = 0.0390666
      pc15 = 0.0223343
      pc16 = 0.0104468
Constrained:
   Tgbecnw = 79629.9
     Tecnw = 24468.6
       Tnw = 21074.9
       Tec = 10540.6
     twoNb = 263994
     twoNe = 945049
     twoNc = 961902
     twoNw = 6.62139e+06
    twoNec = 63322.4
    twoNnw = 11850.2
  twoNecnw = 69134
  twoNbecnw = 2000.49
  twoNgbecnw = 181918
         m = 0.166965
        m5 = 0.201877
        m6 = 0.072402
        Ta = 37600
        Te = 10537.4
        Tf = 5268.72
#       SitePat  BranchLen
              b 116783.1288230
              e 43942.0155336
              c 45828.8065784
              n 42649.1272253
              w 42633.2690309
            b:e 1235.7216902
            b:c 1384.1164959
            b:n 1083.6211741
            b:w 1082.7791456
            e:c 11371.4652034
            e:n 4531.9321141
            e:w 4540.5195726
            c:n 4050.0495135
            c:w 4053.2333398
            n:w 12349.8512960
          b:e:c 1408.2653065
          b:e:n 621.1058957
          b:e:w 621.3371808
          b:c:n 625.1370749
          b:c:w 624.8433700
          b:n:w 1394.3782878
          e:c:n 4055.6632039
          e:c:w 4059.7501135
          e:n:w 5782.3445997
          c:n:w 4864.7223884
        b:e:c:n 1208.0676488
        b:e:c:w 1208.9720971
        b:e:n:w 1527.0919118
        b:c:n:w 1371.1597377
        e:c:n:w 46065.4737684
