########################################
# legofit: estimate population history #
#       version 2.3.4-4-g53f8760       #
########################################

# Program was compiled: Sep 21 2021 14:36:42
# Program was run: Thu Sep 23 11:04:16 2021

# cmd: legofit -1 -d 0 -t 32 --ptsPerDim 3 --stateOut b1boot41.state --tol 3e-6 -S 5000 aef2.lgo ../../chrX/boot_chrX/boot41.opf
# Stage nOptItr nSimReps
#     0    5000        0
# algorithm          : deterministic
# ignoring probs <=  : 0
# Branch length floor: 0
# DE strategy        : 2
#    F               : 0.3
#    CR              : 0.8
#    tolerance       : 3e-06
# nthreads           : 32
# lgo input file     : aef2.lgo
# site pat input file: ../../chrX/boot_chrX/boot41.opf
# free parameters    : 16
# points in DE swarm : 48
# output state file  : b1boot41.state
# Including singleton site patterns.
# cost function      : KL
Initial parameter values
Fixed:
      zero = 0
       one = 1
    Tbecnw = 75200
Free:
       pc1 = 0
       pc2 = 0
       pc3 = 0
       pc4 = 0
       pc5 = 0
       pc6 = 0
       pc7 = 0
       pc8 = 0
       pc9 = 0
      pc10 = 0
      pc11 = 0
      pc12 = 0
      pc13 = 0
      pc14 = 0
      pc15 = 0
      pc16 = 0
Constrained:
   Tgbecnw = 92740.2
     Tecnw = 25224
       Tnw = 21583.4
       Tec = 10809.7
     twoNb = 610537
     twoNe = 2.07462e+06
     twoNc = 534718
     twoNw = 3.26301e+06
    twoNec = 75917.1
    twoNnw = 13731.6
  twoNecnw = 68023.5
  twoNbecnw = 7923.38
  twoNgbecnw = 160875
         m = 0.190485
        m5 = 0.167196
        m6 = 0.0232506
        Ta = 37600
        Te = 10791.7
        Tf = 5395.85
DiffEv reached_goal. cost=2.39523e-03 spread=2.82750e-06
Fitted parameter values
Free:
       pc1 = 0.9992
       pc2 = 3.99409
       pc3 = -3.98335
       pc4 = 1.39629
       pc5 = -1.96952
       pc6 = 0.776137
       pc7 = -0.0173008
       pc8 = -1.31654
       pc9 = -0.205696
      pc10 = 0.209372
      pc11 = 0.46118
      pc12 = 0.615356
      pc13 = 0.210741
      pc14 = 0.0432529
      pc15 = -0.0156301
      pc16 = 0.00849391
Constrained:
   Tgbecnw = 78842.6
     Tecnw = 24606.3
       Tnw = 21506
       Tec = 10754.6
     twoNb = 90171.7
     twoNe = 3.10371e+06
     twoNc = 1.18426e+06
     twoNw = 6.83804e+06
    twoNec = 64362
    twoNnw = 10719.7
  twoNecnw = 69655.4
  twoNbecnw = 1664.36
  twoNgbecnw = 179654
         m = 0.180361
        m5 = 0.206099
        m6 = 0.0675972
        Ta = 37600
        Te = 10753
        Tf = 5376.51
#       SitePat  BranchLen
              b 118358.1869134
              e 44187.5934563
              c 46215.5728496
              n 42809.9459684
              w 42794.5154000
            b:e 1243.6613008
            b:c 1404.8025949
            b:n 1084.8124956
            b:w 1083.9856831
            e:c 11273.8787068
            e:n 4546.6204473
            e:w 4555.3670504
            c:n 4030.8323764
            c:w 4033.5428303
            n:w 12352.0152875
          b:e:c 1415.6837961
          b:e:n 625.5726417
          b:e:w 625.8337926
          b:c:n 629.9969554
          b:c:w 629.6735448
          b:n:w 1400.6634065
          e:c:n 4019.5555429
          e:c:w 4023.5290542
          e:n:w 5837.9417377
          c:n:w 4847.5746355
        b:e:c:n 1211.4272011
        b:e:c:w 1212.3162733
        b:e:n:w 1551.4276653
        b:c:n:w 1382.0223053
        e:c:n:w 47529.6579034
