########################################
# legofit: estimate population history #
#       version 2.3.4-4-g53f8760       #
########################################

# Program was compiled: Sep 21 2021 14:36:42
# Program was run: Thu Sep 23 11:03:15 2021

# cmd: legofit -1 -d 0 -t 32 --ptsPerDim 3 --stateOut b1boot14.state --tol 3e-6 -S 5000 aef2.lgo ../../chrX/boot_chrX/boot14.opf
# Stage nOptItr nSimReps
#     0    5000        0
# algorithm          : deterministic
# ignoring probs <=  : 0
# Branch length floor: 0
# DE strategy        : 2
#    F               : 0.3
#    CR              : 0.8
#    tolerance       : 3e-06
# nthreads           : 32
# lgo input file     : aef2.lgo
# site pat input file: ../../chrX/boot_chrX/boot14.opf
# free parameters    : 16
# points in DE swarm : 48
# output state file  : b1boot14.state
# Including singleton site patterns.
# cost function      : KL
Initial parameter values
Fixed:
      zero = 0
       one = 1
    Tbecnw = 75200
Free:
       pc1 = 0
       pc2 = 0
       pc3 = 0
       pc4 = 0
       pc5 = 0
       pc6 = 0
       pc7 = 0
       pc8 = 0
       pc9 = 0
      pc10 = 0
      pc11 = 0
      pc12 = 0
      pc13 = 0
      pc14 = 0
      pc15 = 0
      pc16 = 0
Constrained:
   Tgbecnw = 92740.2
     Tecnw = 25224
       Tnw = 21583.4
       Tec = 10809.7
     twoNb = 610537
     twoNe = 2.07462e+06
     twoNc = 534718
     twoNw = 3.26301e+06
    twoNec = 75917.1
    twoNnw = 13731.6
  twoNecnw = 68023.5
  twoNbecnw = 7923.38
  twoNgbecnw = 160875
         m = 0.190485
        m5 = 0.167196
        m6 = 0.0232506
        Ta = 37600
        Te = 10791.7
        Tf = 5395.85
DiffEv reached_goal. cost=2.28363e-03 spread=2.98211e-06
Fitted parameter values
Free:
       pc1 = -0.433802
       pc2 = 3.98897
       pc3 = -3.89359
       pc4 = -0.0550612
       pc5 = -1.8995
       pc6 = 1.54838
       pc7 = -0.745798
       pc8 = -0.710545
       pc9 = -0.739731
      pc10 = -1.28368
      pc11 = -0.0951511
      pc12 = -0.0279247
      pc13 = -0.0137296
      pc14 = -0.0177202
      pc15 = -0.0754726
      pc16 = 0.00648808
Constrained:
   Tgbecnw = 82434.3
     Tecnw = 24706.6
       Tnw = 22222.2
       Tec = 11120.6
     twoNb = 371863
     twoNe = 2.94951e+06
     twoNc = 309639
     twoNw = 7.13037e+06
    twoNec = 60401.9
    twoNnw = 8776.78
  twoNecnw = 68367.7
  twoNbecnw = 3354.72
  twoNgbecnw = 162483
         m = 0.190101
        m5 = 0.192876
        m6 = 0.087242
        Ta = 37600
        Te = 11111.1
        Tf = 5555.55
#       SitePat  BranchLen
              b 117782.6950060
              e 44219.2038308
              c 45717.4731069
              n 43009.3493630
              w 42993.3285140
            b:e 1205.4838380
            b:c 1321.3886676
            b:n 1055.9184371
            b:w 1055.0831059
            e:c 11404.8736171
            e:n 4478.0796286
            e:w 4485.5844930
            c:n 4099.0574041
            c:w 4103.3566057
            n:w 12164.6032981
          b:e:c 1358.2926573
          b:e:n 600.7138736
          b:e:w 600.8510039
          b:c:n 603.6192945
          b:c:w 603.4251619
          b:n:w 1346.6349837
          e:c:n 4109.1902770
          e:c:w 4113.4070600
          e:n:w 5687.0780999
          c:n:w 4950.0589356
        b:e:c:n 1167.6338463
        b:e:c:w 1168.5261798
        b:e:n:w 1448.3653721
        b:c:n:w 1326.9809637
        e:c:n:w 46598.3286140
