########################################
# legofit: estimate population history #
#       version 2.3.4-4-g53f8760       #
########################################

# Program was compiled: Sep 21 2021 14:36:42
# Program was run: Thu Sep 23 11:03:38 2021

# cmd: legofit -1 -d 0 -t 32 --ptsPerDim 3 --stateOut b1boot22.state --tol 3e-6 -S 5000 aef2.lgo ../../chrX/boot_chrX/boot22.opf
# Stage nOptItr nSimReps
#     0    5000        0
# algorithm          : deterministic
# ignoring probs <=  : 0
# Branch length floor: 0
# DE strategy        : 2
#    F               : 0.3
#    CR              : 0.8
#    tolerance       : 3e-06
# nthreads           : 32
# lgo input file     : aef2.lgo
# site pat input file: ../../chrX/boot_chrX/boot22.opf
# free parameters    : 16
# points in DE swarm : 48
# output state file  : b1boot22.state
# Including singleton site patterns.
# cost function      : KL
Initial parameter values
Fixed:
      zero = 0
       one = 1
    Tbecnw = 75200
Free:
       pc1 = 0
       pc2 = 0
       pc3 = 0
       pc4 = 0
       pc5 = 0
       pc6 = 0
       pc7 = 0
       pc8 = 0
       pc9 = 0
      pc10 = 0
      pc11 = 0
      pc12 = 0
      pc13 = 0
      pc14 = 0
      pc15 = 0
      pc16 = 0
Constrained:
   Tgbecnw = 92740.2
     Tecnw = 25224
       Tnw = 21583.4
       Tec = 10809.7
     twoNb = 610537
     twoNe = 2.07462e+06
     twoNc = 534718
     twoNw = 3.26301e+06
    twoNec = 75917.1
    twoNnw = 13731.6
  twoNecnw = 68023.5
  twoNbecnw = 7923.38
  twoNgbecnw = 160875
         m = 0.190485
        m5 = 0.167196
        m6 = 0.0232506
        Ta = 37600
        Te = 10791.7
        Tf = 5395.85
DiffEv reached_goal. cost=2.42111e-03 spread=2.54521e-06
Fitted parameter values
Free:
       pc1 = 1.47359
       pc2 = 3.96974
       pc3 = -3.90053
       pc4 = -0.0340321
       pc5 = -1.46732
       pc6 = 1.07105
       pc7 = -0.00780053
       pc8 = -0.854891
       pc9 = -0.259034
      pc10 = -0.135968
      pc11 = -0.187919
      pc12 = 0.00428767
      pc13 = -0.0901644
      pc14 = 0.0400345
      pc15 = 0.029197
      pc16 = 0.000848453
Constrained:
   Tgbecnw = 80293.3
     Tecnw = 24472.7
       Tnw = 21305
       Tec = 10661.6
     twoNb = 322112
     twoNe = 4.24827e+06
     twoNc = 578448
     twoNw = 6.04017e+06
    twoNec = 61946.7
    twoNnw = 11053.7
  twoNecnw = 67672.6
  twoNbecnw = 2303.54
  twoNgbecnw = 179214
         m = 0.164727
        m5 = 0.198156
        m6 = 0.0705835
        Ta = 37600
        Te = 10652.5
        Tf = 5326.24
#       SitePat  BranchLen
              b 116248.0789449
              e 43679.6361478
              c 45516.8978869
              n 42501.8740781
              w 42484.8570827
            b:e 1212.7193260
            b:c 1356.4610342
            b:n 1067.7965568
            b:w 1066.8988473
            e:c 11414.7515070
            e:n 4484.2707076
            e:w 4493.4983856
            c:n 4019.0704873
            c:w 4022.4331337
            n:w 12286.7362199
          b:e:c 1388.6506137
          b:e:n 607.2710894
          b:e:w 607.5214793
          b:c:n 611.0579999
          b:c:w 610.7436539
          b:n:w 1375.9064830
          e:c:n 4078.1014383
          e:c:w 4082.5281092
          e:n:w 5763.7296312
          c:n:w 4862.7333643
        b:e:c:n 1185.2100508
        b:e:c:w 1186.1717163
        b:e:n:w 1491.0528889
        b:c:n:w 1340.3020956
        e:c:n:w 45680.7296890
