########################################
# legofit: estimate population history #
#       version 2.3.4-4-g53f8760       #
########################################

# Program was compiled: Sep 21 2021 14:36:42
# Program was run: Thu Sep 23 11:02:53 2021

# cmd: legofit -1 -d 0 -t 32 --ptsPerDim 3 --stateOut b1boot4.state --tol 3e-6 -S 5000 aef2.lgo ../../chrX/boot_chrX/boot4.opf
# Stage nOptItr nSimReps
#     0    5000        0
# algorithm          : deterministic
# ignoring probs <=  : 0
# Branch length floor: 0
# DE strategy        : 2
#    F               : 0.3
#    CR              : 0.8
#    tolerance       : 3e-06
# nthreads           : 32
# lgo input file     : aef2.lgo
# site pat input file: ../../chrX/boot_chrX/boot4.opf
# free parameters    : 16
# points in DE swarm : 48
# output state file  : b1boot4.state
# Including singleton site patterns.
# cost function      : KL
Initial parameter values
Fixed:
      zero = 0
       one = 1
    Tbecnw = 75200
Free:
       pc1 = 0
       pc2 = 0
       pc3 = 0
       pc4 = 0
       pc5 = 0
       pc6 = 0
       pc7 = 0
       pc8 = 0
       pc9 = 0
      pc10 = 0
      pc11 = 0
      pc12 = 0
      pc13 = 0
      pc14 = 0
      pc15 = 0
      pc16 = 0
Constrained:
   Tgbecnw = 92740.2
     Tecnw = 25224
       Tnw = 21583.4
       Tec = 10809.7
     twoNb = 610537
     twoNe = 2.07462e+06
     twoNc = 534718
     twoNw = 3.26301e+06
    twoNec = 75917.1
    twoNnw = 13731.6
  twoNecnw = 68023.5
  twoNbecnw = 7923.38
  twoNgbecnw = 160875
         m = 0.190485
        m5 = 0.167196
        m6 = 0.0232506
        Ta = 37600
        Te = 10791.7
        Tf = 5395.85
DiffEv reached_goal. cost=2.48149e-03 spread=2.86062e-06
Fitted parameter values
Free:
       pc1 = 0.0495974
       pc2 = 3.97115
       pc3 = -3.96706
       pc4 = 0.300913
       pc5 = -1.89984
       pc6 = 0.106837
       pc7 = -0.554993
       pc8 = -1.21445
       pc9 = -0.0601108
      pc10 = 0.387574
      pc11 = -0.11318
      pc12 = 0.0961778
      pc13 = 0.113538
      pc14 = 0.0036543
      pc15 = 0.0114307
      pc16 = 0.0033736
Constrained:
   Tgbecnw = 83504.3
     Tecnw = 24661.7
       Tnw = 21953.4
       Tec = 10995.4
     twoNb = 441689
     twoNe = 5.03902e+06
     twoNc = 939079
     twoNw = 7.60547e+06
    twoNec = 61548.1
    twoNnw = 9695.48
  twoNecnw = 69108.7
  twoNbecnw = 3739.52
  twoNgbecnw = 176755
         m = 0.177118
        m5 = 0.205273
        m6 = 0.0638189
        Ta = 37600
        Te = 10976.7
        Tf = 5488.36
#       SitePat  BranchLen
              b 118870.4339383
              e 44175.4866251
              c 46187.5690205
              n 43217.9516770
              w 43204.0405544
            b:e 1236.3987863
            b:c 1396.3086221
            b:n 1103.8332960
            b:w 1103.0812647
            e:c 11505.3521472
            e:n 4588.0712742
            e:w 4596.1418742
            c:n 4076.6318964
            c:w 4078.8273738
            n:w 12281.7619671
          b:e:c 1416.8261054
          b:e:n 627.7205809
          b:e:w 627.9775845
          b:c:n 631.8765436
          b:c:w 631.5666872
          b:n:w 1404.5952240
          e:c:n 4154.1944197
          e:c:w 4157.8394649
          e:n:w 5841.8030880
          c:n:w 4858.4745709
        b:e:c:n 1223.4123517
        b:e:c:w 1224.2172357
        b:e:n:w 1532.7695494
        b:c:n:w 1365.1146482
        e:c:n:w 47487.9213309
