########################################
# legofit: estimate population history #
#       version 2.3.4-4-g53f8760       #
########################################

# Program was compiled: Sep 21 2021 14:36:42
# Program was run: Thu Sep 23 11:04:29 2021

# cmd: legofit -1 -d 0 -t 32 --ptsPerDim 3 --stateOut b1boot48.state --tol 3e-6 -S 5000 aef2.lgo ../../chrX/boot_chrX/boot48.opf
# Stage nOptItr nSimReps
#     0    5000        0
# algorithm          : deterministic
# ignoring probs <=  : 0
# Branch length floor: 0
# DE strategy        : 2
#    F               : 0.3
#    CR              : 0.8
#    tolerance       : 3e-06
# nthreads           : 32
# lgo input file     : aef2.lgo
# site pat input file: ../../chrX/boot_chrX/boot48.opf
# free parameters    : 16
# points in DE swarm : 48
# output state file  : b1boot48.state
# Including singleton site patterns.
# cost function      : KL
Initial parameter values
Fixed:
      zero = 0
       one = 1
    Tbecnw = 75200
Free:
       pc1 = 0
       pc2 = 0
       pc3 = 0
       pc4 = 0
       pc5 = 0
       pc6 = 0
       pc7 = 0
       pc8 = 0
       pc9 = 0
      pc10 = 0
      pc11 = 0
      pc12 = 0
      pc13 = 0
      pc14 = 0
      pc15 = 0
      pc16 = 0
Constrained:
   Tgbecnw = 92740.2
     Tecnw = 25224
       Tnw = 21583.4
       Tec = 10809.7
     twoNb = 610537
     twoNe = 2.07462e+06
     twoNc = 534718
     twoNw = 3.26301e+06
    twoNec = 75917.1
    twoNnw = 13731.6
  twoNecnw = 68023.5
  twoNbecnw = 7923.38
  twoNgbecnw = 160875
         m = 0.190485
        m5 = 0.167196
        m6 = 0.0232506
        Ta = 37600
        Te = 10791.7
        Tf = 5395.85
DiffEv reached_goal. cost=2.38639e-03 spread=2.74861e-06
Fitted parameter values
Free:
       pc1 = -0.474418
       pc2 = 3.96804
       pc3 = -3.99959
       pc4 = 0.564903
       pc5 = -1.51528
       pc6 = 0.103503
       pc7 = 0.265784
       pc8 = -0.469935
       pc9 = -0.718501
      pc10 = -0.699865
      pc11 = 0.0749619
      pc12 = 0.384436
      pc13 = -0.0847943
      pc14 = -0.0982049
      pc15 = -0.0115487
      pc16 = -0.0271475
Constrained:
   Tgbecnw = 83421.3
     Tecnw = 25050.3
       Tnw = 22663
       Tec = 11372.7
     twoNb = 165874
     twoNe = 3.13649e+06
     twoNc = 952914
     twoNw = 6.49245e+06
    twoNec = 62580.9
    twoNnw = 8524.08
  twoNecnw = 67795.2
  twoNbecnw = 3782.43
  twoNgbecnw = 170995
         m = 0.175815
        m5 = 0.203487
        m6 = 0.0767647
        Ta = 37600
        Te = 11331.5
        Tf = 5665.76
#       SitePat  BranchLen
              b 117834.1624179
              e 44494.1172366
              c 46272.5438892
              n 43355.8592324
              w 43338.2096306
            b:e 1256.3119296
            b:c 1400.6671331
            b:n 1106.3939255
            b:w 1105.4266992
            e:c 11281.0801655
            e:n 4552.3335367
            e:w 4561.5549564
            c:n 4104.4547226
            c:w 4108.2095499
            n:w 12084.7176373
          b:e:c 1413.4136130
          b:e:n 633.7438848
          b:e:w 633.9882789
          b:c:n 637.4515794
          b:c:w 637.1408634
          b:n:w 1400.8205434
          e:c:n 4140.3662623
          e:c:w 4145.0396171
          e:n:w 5813.9628153
          c:n:w 4936.7603832
        b:e:c:n 1223.8280302
        b:e:c:w 1224.8615782
        b:e:n:w 1535.1248341
        b:c:n:w 1383.9093515
        e:c:n:w 46517.5179236
