########################################
# legofit: estimate population history #
#       version 2.3.4-4-g53f8760       #
########################################

# Program was compiled: Sep 21 2021 14:36:42
# Program was run: Thu Sep 23 11:02:51 2021

# cmd: legofit -1 -d 0 -t 32 --ptsPerDim 3 --stateOut b1boot3.state --tol 3e-6 -S 5000 aef2.lgo ../../chrX/boot_chrX/boot3.opf
# Stage nOptItr nSimReps
#     0    5000        0
# algorithm          : deterministic
# ignoring probs <=  : 0
# Branch length floor: 0
# DE strategy        : 2
#    F               : 0.3
#    CR              : 0.8
#    tolerance       : 3e-06
# nthreads           : 32
# lgo input file     : aef2.lgo
# site pat input file: ../../chrX/boot_chrX/boot3.opf
# free parameters    : 16
# points in DE swarm : 48
# output state file  : b1boot3.state
# Including singleton site patterns.
# cost function      : KL
Initial parameter values
Fixed:
      zero = 0
       one = 1
    Tbecnw = 75200
Free:
       pc1 = 0
       pc2 = 0
       pc3 = 0
       pc4 = 0
       pc5 = 0
       pc6 = 0
       pc7 = 0
       pc8 = 0
       pc9 = 0
      pc10 = 0
      pc11 = 0
      pc12 = 0
      pc13 = 0
      pc14 = 0
      pc15 = 0
      pc16 = 0
Constrained:
   Tgbecnw = 92740.2
     Tecnw = 25224
       Tnw = 21583.4
       Tec = 10809.7
     twoNb = 610537
     twoNe = 2.07462e+06
     twoNc = 534718
     twoNw = 3.26301e+06
    twoNec = 75917.1
    twoNnw = 13731.6
  twoNecnw = 68023.5
  twoNbecnw = 7923.38
  twoNgbecnw = 160875
         m = 0.190485
        m5 = 0.167196
        m6 = 0.0232506
        Ta = 37600
        Te = 10791.7
        Tf = 5395.85
DiffEv reached_goal. cost=2.52687e-03 spread=2.56254e-06
Fitted parameter values
Free:
       pc1 = 0.468943
       pc2 = 3.99772
       pc3 = -3.98285
       pc4 = 1.4931
       pc5 = -1.69493
       pc6 = 0.45113
       pc7 = 0.114486
       pc8 = -0.448997
       pc9 = -0.550169
      pc10 = 0.317136
      pc11 = -0.202425
      pc12 = 0.172494
      pc13 = -0.0542557
      pc14 = -0.048928
      pc15 = -0.00427633
      pc16 = -0.0391441
Constrained:
   Tgbecnw = 82017.1
     Tecnw = 24742.3
       Tnw = 21790.4
       Tec = 10948.3
     twoNb = 88499.8
     twoNe = 1.59619e+06
     twoNc = 1.12962e+06
     twoNw = 6.46582e+06
    twoNec = 61101.1
    twoNnw = 10646.8
  twoNecnw = 68643.4
  twoNbecnw = 3064.66
  twoNgbecnw = 175876
         m = 0.172555
        m5 = 0.211144
        m6 = 0.0643176
        Ta = 37600
        Te = 10895.2
        Tf = 5447.6
#       SitePat  BranchLen
              b 117284.4414501
              e 43964.0062309
              c 46031.7108517
              n 43135.7455994
              w 43119.1516704
            b:e 1198.2773006
            b:c 1358.9780232
            b:n 1077.6436202
            b:w 1076.7678795
            e:c 11423.5236407
            e:n 4565.4655537
            e:w 4575.2025047
            c:n 4036.6135548
            c:w 4039.1632675
            n:w 12138.5016851
          b:e:c 1377.8123044
          b:e:n 612.5047573
          b:e:w 612.8117602
          b:c:n 616.8075519
          b:c:w 616.4380561
          b:n:w 1366.1932622
          e:c:n 4110.3603486
          e:c:w 4114.6676138
          e:n:w 5769.3525355
          c:n:w 4766.5391507
        b:e:c:n 1195.9411521
        b:e:c:w 1196.8793857
        b:e:n:w 1493.7661296
        b:c:n:w 1325.1363165
        e:c:n:w 46199.8277320
