########################################
# legofit: estimate population history #
#       version 2.3.4-4-g53f8760       #
########################################

# Program was compiled: Sep 21 2021 14:36:42
# Program was run: Thu Sep 23 11:03:42 2021

# cmd: legofit -1 -d 0 -t 32 --ptsPerDim 3 --stateOut b1boot26.state --tol 3e-6 -S 5000 aef2.lgo ../../chrX/boot_chrX/boot26.opf
# Stage nOptItr nSimReps
#     0    5000        0
# algorithm          : deterministic
# ignoring probs <=  : 0
# Branch length floor: 0
# DE strategy        : 2
#    F               : 0.3
#    CR              : 0.8
#    tolerance       : 3e-06
# nthreads           : 32
# lgo input file     : aef2.lgo
# site pat input file: ../../chrX/boot_chrX/boot26.opf
# free parameters    : 16
# points in DE swarm : 48
# output state file  : b1boot26.state
# Including singleton site patterns.
# cost function      : KL
Initial parameter values
Fixed:
      zero = 0
       one = 1
    Tbecnw = 75200
Free:
       pc1 = 0
       pc2 = 0
       pc3 = 0
       pc4 = 0
       pc5 = 0
       pc6 = 0
       pc7 = 0
       pc8 = 0
       pc9 = 0
      pc10 = 0
      pc11 = 0
      pc12 = 0
      pc13 = 0
      pc14 = 0
      pc15 = 0
      pc16 = 0
Constrained:
   Tgbecnw = 92740.2
     Tecnw = 25224
       Tnw = 21583.4
       Tec = 10809.7
     twoNb = 610537
     twoNe = 2.07462e+06
     twoNc = 534718
     twoNw = 3.26301e+06
    twoNec = 75917.1
    twoNnw = 13731.6
  twoNecnw = 68023.5
  twoNbecnw = 7923.38
  twoNgbecnw = 160875
         m = 0.190485
        m5 = 0.167196
        m6 = 0.0232506
        Ta = 37600
        Te = 10791.7
        Tf = 5395.85
DiffEv reached_goal. cost=2.43416e-03 spread=2.89271e-06
Fitted parameter values
Free:
       pc1 = 0.0524083
       pc2 = 3.94494
       pc3 = -3.92952
       pc4 = 0.134662
       pc5 = -1.74036
       pc6 = 1.50702
       pc7 = 0.0502126
       pc8 = -1.28846
       pc9 = 0.0675865
      pc10 = -0.0436832
      pc11 = 0.151954
      pc12 = 0.0654664
      pc13 = -0.19307
      pc14 = -0.0613673
      pc15 = -0.00582927
      pc16 = -0.0781602
Constrained:
   Tgbecnw = 81881.5
     Tecnw = 24475.3
       Tnw = 21708.9
       Tec = 10934.8
     twoNb = 173373
     twoNe = 5.10944e+06
     twoNc = 625999
     twoNw = 6.19368e+06
    twoNec = 61812.3
    twoNnw = 9850.24
  twoNecnw = 70102.8
  twoNbecnw = 3130.09
  twoNgbecnw = 168754
         m = 0.179556
        m5 = 0.201211
        m6 = 0.0768695
        Ta = 37600
        Te = 10854.5
        Tf = 5427.23
#       SitePat  BranchLen
              b 117502.5407462
              e 44357.6429085
              c 46149.2765380
              n 43121.1809662
              w 43103.3039029
            b:e 1282.5576490
            b:c 1427.6240581
            b:n 1128.4048838
            b:w 1127.4205219
            e:c 11443.5409163
            e:n 4603.5448050
            e:w 4612.8532656
            c:n 4147.6850701
            c:w 4151.5597498
            n:w 12339.9955816
          b:e:c 1448.9356279
          b:e:n 647.0837148
          b:e:w 647.3252252
          b:c:n 650.9805326
          b:c:w 650.6680190
          b:n:w 1435.4115574
          e:c:n 4151.6657804
          e:c:w 4156.3597034
          e:n:w 5836.0155547
          c:n:w 4961.5351759
        b:e:c:n 1254.5448966
        b:e:c:w 1255.6002616
        b:e:n:w 1571.9278107
        b:c:n:w 1419.6217899
        e:c:n:w 46181.0491750
