########################################
# legofit: estimate population history #
#       version 2.3.4-4-g53f8760       #
########################################

# Program was compiled: Sep 21 2021 14:36:42
# Program was run: Thu Sep 23 11:03:25 2021

# cmd: legofit -1 -d 0 -t 32 --ptsPerDim 3 --stateOut b1boot18.state --tol 3e-6 -S 5000 aef2.lgo ../../chrX/boot_chrX/boot18.opf
# Stage nOptItr nSimReps
#     0    5000        0
# algorithm          : deterministic
# ignoring probs <=  : 0
# Branch length floor: 0
# DE strategy        : 2
#    F               : 0.3
#    CR              : 0.8
#    tolerance       : 3e-06
# nthreads           : 32
# lgo input file     : aef2.lgo
# site pat input file: ../../chrX/boot_chrX/boot18.opf
# free parameters    : 16
# points in DE swarm : 48
# output state file  : b1boot18.state
# Including singleton site patterns.
# cost function      : KL
Initial parameter values
Fixed:
      zero = 0
       one = 1
    Tbecnw = 75200
Free:
       pc1 = 0
       pc2 = 0
       pc3 = 0
       pc4 = 0
       pc5 = 0
       pc6 = 0
       pc7 = 0
       pc8 = 0
       pc9 = 0
      pc10 = 0
      pc11 = 0
      pc12 = 0
      pc13 = 0
      pc14 = 0
      pc15 = 0
      pc16 = 0
Constrained:
   Tgbecnw = 92740.2
     Tecnw = 25224
       Tnw = 21583.4
       Tec = 10809.7
     twoNb = 610537
     twoNe = 2.07462e+06
     twoNc = 534718
     twoNw = 3.26301e+06
    twoNec = 75917.1
    twoNnw = 13731.6
  twoNecnw = 68023.5
  twoNbecnw = 7923.38
  twoNgbecnw = 160875
         m = 0.190485
        m5 = 0.167196
        m6 = 0.0232506
        Ta = 37600
        Te = 10791.7
        Tf = 5395.85
DiffEv reached_goal. cost=2.57617e-03 spread=2.40030e-06
Fitted parameter values
Free:
       pc1 = -0.531896
       pc2 = 3.96993
       pc3 = -3.95061
       pc4 = 0.438232
       pc5 = -1.82879
       pc6 = 0.84597
       pc7 = -0.263326
       pc8 = -0.811971
       pc9 = -0.658746
      pc10 = 0.701498
      pc11 = 0.760837
      pc12 = -0.228747
      pc13 = -0.0953548
      pc14 = -0.0132441
      pc15 = -0.0382514
      pc16 = -0.0106952
Constrained:
   Tgbecnw = 83458.1
     Tecnw = 24518.2
       Tnw = 22286.9
       Tec = 11160.8
     twoNb = 243320
     twoNe = 3.89269e+06
     twoNc = 602699
     twoNw = 6.82842e+06
    twoNec = 63761.3
    twoNnw = 8235.63
  twoNecnw = 69707.2
  twoNbecnw = 3769.29
  twoNgbecnw = 169536
         m = 0.186604
        m5 = 0.21779
        m6 = 0.0665439
        Ta = 37600
        Te = 11143.4
        Tf = 5571.71
#       SitePat  BranchLen
              b 118944.7864017
              e 44411.1570516
              c 46506.6603459
              n 43343.3346125
              w 43326.7473630
            b:e 1229.6116922
            b:c 1394.3590910
            b:n 1093.8208292
            b:w 1092.9256651
            e:c 11116.4898023
            e:n 4700.3061022
            e:w 4709.9908333
            c:n 4165.2437848
            c:w 4167.7541788
            n:w 12008.5176124
          b:e:c 1372.3277689
          b:e:n 633.9247443
          b:e:w 634.2377177
          b:c:n 638.2978182
          b:c:w 637.9221729
          b:n:w 1359.6691858
          e:c:n 4143.8041469
          e:c:w 4148.1962713
          e:n:w 5886.9422712
          c:n:w 4868.7379488
        b:e:c:n 1212.4334396
        b:e:c:w 1213.3912757
        b:e:n:w 1530.5855492
        b:c:n:w 1357.7806213
        e:c:n:w 47402.6753066
