########################################
# legofit: estimate population history #
#       version 2.3.4-4-g53f8760       #
########################################

# Program was compiled: Sep 21 2021 14:36:42
# Program was run: Thu Sep 23 11:03:07 2021

# cmd: legofit -1 -d 0 -t 32 --ptsPerDim 3 --stateOut b1boot8.state --tol 3e-6 -S 5000 aef2.lgo ../../chrX/boot_chrX/boot8.opf
# Stage nOptItr nSimReps
#     0    5000        0
# algorithm          : deterministic
# ignoring probs <=  : 0
# Branch length floor: 0
# DE strategy        : 2
#    F               : 0.3
#    CR              : 0.8
#    tolerance       : 3e-06
# nthreads           : 32
# lgo input file     : aef2.lgo
# site pat input file: ../../chrX/boot_chrX/boot8.opf
# free parameters    : 16
# points in DE swarm : 48
# output state file  : b1boot8.state
# Including singleton site patterns.
# cost function      : KL
Initial parameter values
Fixed:
      zero = 0
       one = 1
    Tbecnw = 75200
Free:
       pc1 = 0
       pc2 = 0
       pc3 = 0
       pc4 = 0
       pc5 = 0
       pc6 = 0
       pc7 = 0
       pc8 = 0
       pc9 = 0
      pc10 = 0
      pc11 = 0
      pc12 = 0
      pc13 = 0
      pc14 = 0
      pc15 = 0
      pc16 = 0
Constrained:
   Tgbecnw = 92740.2
     Tecnw = 25224
       Tnw = 21583.4
       Tec = 10809.7
     twoNb = 610537
     twoNe = 2.07462e+06
     twoNc = 534718
     twoNw = 3.26301e+06
    twoNec = 75917.1
    twoNnw = 13731.6
  twoNecnw = 68023.5
  twoNbecnw = 7923.38
  twoNgbecnw = 160875
         m = 0.190485
        m5 = 0.167196
        m6 = 0.0232506
        Ta = 37600
        Te = 10791.7
        Tf = 5395.85
DiffEv reached_goal. cost=2.41720e-03 spread=2.96330e-06
Fitted parameter values
Free:
       pc1 = 1.06288
       pc2 = 3.98571
       pc3 = -3.90856
       pc4 = 1.06358
       pc5 = -1.56902
       pc6 = 1.35287
       pc7 = -0.386836
       pc8 = -0.825632
       pc9 = 0.104965
      pc10 = 0.77446
      pc11 = 0.324858
      pc12 = 0.155167
      pc13 = -0.044403
      pc14 = 0.0191456
      pc15 = 0.0309819
      pc16 = -0.0206334
Constrained:
   Tgbecnw = 80320.7
     Tecnw = 24408
       Tnw = 21180.2
       Tec = 10618.1
     twoNb = 347654
     twoNe = 2.71571e+06
     twoNc = 794215
     twoNw = 6.24881e+06
    twoNec = 62882.7
    twoNnw = 11448.1
  twoNecnw = 70490.9
  twoNbecnw = 2353.25
  twoNgbecnw = 179892
         m = 0.173912
        m5 = 0.21002
        m6 = 0.0648894
        Ta = 37600
        Te = 10590.1
        Tf = 5295.05
#       SitePat  BranchLen
              b 118052.5355986
              e 44131.7399801
              c 46245.8365345
              n 42991.7543952
              w 42974.8913741
            b:e 1281.0606620
            b:c 1452.5029329
            b:n 1136.0030052
            b:w 1135.0719563
            e:c 11462.5050863
            e:n 4634.8901352
            e:w 4644.7336861
            c:n 4093.7729408
            c:w 4096.4256447
            n:w 12414.1300794
          b:e:c 1465.8874906
          b:e:n 652.0858776
          b:e:w 652.4052141
          b:c:n 656.8723074
          b:c:w 656.4828886
          b:n:w 1451.5968256
          e:c:n 4121.5743833
          e:c:w 4125.9411496
          e:n:w 5889.9338052
          c:n:w 4865.2624865
        b:e:c:n 1268.0938080
        b:e:c:w 1269.0949392
        b:e:n:w 1604.2825429
        b:c:n:w 1423.9761676
        e:c:n:w 46953.7234566
