########################################
# legofit: estimate population history #
#       version 2.3.4-4-g53f8760       #
########################################

# Program was compiled: Sep 21 2021 14:36:42
# Program was run: Thu Sep 23 11:04:21 2021

# cmd: legofit -1 -d 0 -t 32 --ptsPerDim 3 --stateOut b1boot44.state --tol 3e-6 -S 5000 aef2.lgo ../../chrX/boot_chrX/boot44.opf
# Stage nOptItr nSimReps
#     0    5000        0
# algorithm          : deterministic
# ignoring probs <=  : 0
# Branch length floor: 0
# DE strategy        : 2
#    F               : 0.3
#    CR              : 0.8
#    tolerance       : 3e-06
# nthreads           : 32
# lgo input file     : aef2.lgo
# site pat input file: ../../chrX/boot_chrX/boot44.opf
# free parameters    : 16
# points in DE swarm : 48
# output state file  : b1boot44.state
# Including singleton site patterns.
# cost function      : KL
Initial parameter values
Fixed:
      zero = 0
       one = 1
    Tbecnw = 75200
Free:
       pc1 = 0
       pc2 = 0
       pc3 = 0
       pc4 = 0
       pc5 = 0
       pc6 = 0
       pc7 = 0
       pc8 = 0
       pc9 = 0
      pc10 = 0
      pc11 = 0
      pc12 = 0
      pc13 = 0
      pc14 = 0
      pc15 = 0
      pc16 = 0
Constrained:
   Tgbecnw = 92740.2
     Tecnw = 25224
       Tnw = 21583.4
       Tec = 10809.7
     twoNb = 610537
     twoNe = 2.07462e+06
     twoNc = 534718
     twoNw = 3.26301e+06
    twoNec = 75917.1
    twoNnw = 13731.6
  twoNecnw = 68023.5
  twoNbecnw = 7923.38
  twoNgbecnw = 160875
         m = 0.190485
        m5 = 0.167196
        m6 = 0.0232506
        Ta = 37600
        Te = 10791.7
        Tf = 5395.85
DiffEv reached_goal. cost=2.41593e-03 spread=2.52916e-06
Fitted parameter values
Free:
       pc1 = 0.367797
       pc2 = 3.96288
       pc3 = -3.87245
       pc4 = 0.882818
       pc5 = -1.62378
       pc6 = 1.1152
       pc7 = 0.0442901
       pc8 = -0.833687
       pc9 = -0.0920271
      pc10 = 0.384418
      pc11 = 0.0770431
      pc12 = -0.163163
      pc13 = 0.0313002
      pc14 = 0.0201258
      pc15 = -0.000218374
      pc16 = -0.0225903
Constrained:
   Tgbecnw = 82507.6
     Tecnw = 24451
       Tnw = 21584.6
       Tec = 10826.9
     twoNb = 181218
     twoNe = 3.18783e+06
     twoNc = 859310
     twoNw = 6.10915e+06
    twoNec = 61699
    twoNnw = 10150.2
  twoNecnw = 69600.1
  twoNbecnw = 3302.73
  twoNgbecnw = 174945
         m = 0.178522
        m5 = 0.208227
        m6 = 0.0690343
        Ta = 37600
        Te = 10792.3
        Tf = 5396.14
#       SitePat  BranchLen
              b 118332.6541846
              e 44064.7592402
              c 46071.2940675
              n 42940.5834549
              w 42922.9365220
            b:e 1226.4990130
            b:c 1383.6341223
            b:n 1085.7677518
            b:w 1084.8281133
            e:c 11420.4630871
            e:n 4597.3521008
            e:w 4607.2795710
            c:n 4087.0238498
            c:w 4090.1335711
            n:w 12311.7210909
          b:e:c 1397.0594458
          b:e:n 621.0465589
          b:e:w 621.3400120
          b:c:n 625.2217073
          b:c:w 624.8613893
          b:n:w 1384.2265567
          e:c:n 4116.3630634
          e:c:w 4120.9728048
          e:n:w 5853.2068838
          c:n:w 4874.1463074
        b:e:c:n 1205.0332478
        b:e:c:w 1206.0397512
        b:e:n:w 1520.5538413
        b:c:n:w 1355.7222061
        e:c:n:w 47096.5192804
