########################################
# legofit: estimate population history #
#       version 2.3.4-4-g53f8760       #
########################################

# Program was compiled: Sep 21 2021 14:36:42
# Program was run: Thu Sep 23 11:03:39 2021

# cmd: legofit -1 -d 0 -t 32 --ptsPerDim 3 --stateOut b1boot24.state --tol 3e-6 -S 5000 aef2.lgo ../../chrX/boot_chrX/boot24.opf
# Stage nOptItr nSimReps
#     0    5000        0
# algorithm          : deterministic
# ignoring probs <=  : 0
# Branch length floor: 0
# DE strategy        : 2
#    F               : 0.3
#    CR              : 0.8
#    tolerance       : 3e-06
# nthreads           : 32
# lgo input file     : aef2.lgo
# site pat input file: ../../chrX/boot_chrX/boot24.opf
# free parameters    : 16
# points in DE swarm : 48
# output state file  : b1boot24.state
# Including singleton site patterns.
# cost function      : KL
Initial parameter values
Fixed:
      zero = 0
       one = 1
    Tbecnw = 75200
Free:
       pc1 = 0
       pc2 = 0
       pc3 = 0
       pc4 = 0
       pc5 = 0
       pc6 = 0
       pc7 = 0
       pc8 = 0
       pc9 = 0
      pc10 = 0
      pc11 = 0
      pc12 = 0
      pc13 = 0
      pc14 = 0
      pc15 = 0
      pc16 = 0
Constrained:
   Tgbecnw = 92740.2
     Tecnw = 25224
       Tnw = 21583.4
       Tec = 10809.7
     twoNb = 610537
     twoNe = 2.07462e+06
     twoNc = 534718
     twoNw = 3.26301e+06
    twoNec = 75917.1
    twoNnw = 13731.6
  twoNecnw = 68023.5
  twoNbecnw = 7923.38
  twoNgbecnw = 160875
         m = 0.190485
        m5 = 0.167196
        m6 = 0.0232506
        Ta = 37600
        Te = 10791.7
        Tf = 5395.85
DiffEv reached_goal. cost=2.54160e-03 spread=2.99164e-06
Fitted parameter values
Free:
       pc1 = 0.0845554
       pc2 = 3.96427
       pc3 = -3.91941
       pc4 = 1.09998
       pc5 = -1.96985
       pc6 = 0.871722
       pc7 = -0.0231128
       pc8 = -0.807463
       pc9 = -0.975249
      pc10 = 0.509066
      pc11 = 0.0247589
      pc12 = 0.174038
      pc13 = -0.128003
      pc14 = -0.0258797
      pc15 = -0.0349363
      pc16 = -0.0221719
Constrained:
   Tgbecnw = 81212
     Tecnw = 24672.2
       Tnw = 21961.8
       Tec = 11010.9
     twoNb = 23877.6
     twoNe = 2.55605e+06
     twoNc = 858869
     twoNw = 6.73403e+06
    twoNec = 61278.6
    twoNnw = 9844.37
  twoNecnw = 68950.6
  twoNbecnw = 2802.64
  twoNgbecnw = 168409
         m = 0.182824
        m5 = 0.213294
        m6 = 0.0625094
        Ta = 37600
        Te = 10980.9
        Tf = 5490.46
#       SitePat  BranchLen
              b 117597.6724947
              e 44041.8569195
              c 46154.9824277
              n 43218.1597178
              w 43202.1406658
            b:e 1226.8249837
            b:c 1394.7603962
            b:n 1104.1176086
            b:w 1103.2498354
            e:c 11400.6270454
            e:n 4605.2763313
            e:w 4614.8347024
            c:n 4065.7870625
            c:w 4068.0580869
            n:w 12125.2373535
          b:e:c 1406.2930991
          b:e:n 629.6031374
          b:e:w 629.9220889
          b:c:n 634.1245138
          b:c:w 633.7433210
          b:n:w 1394.2532603
          e:c:n 4140.2724438
          e:c:w 4144.4621004
          e:n:w 5819.4562577
          c:n:w 4792.5966338
        b:e:c:n 1226.0232802
        b:e:c:w 1226.9532948
        b:e:n:w 1533.7761046
        b:c:n:w 1357.4980837
        e:c:n:w 46452.6337132
