########################################
# legofit: estimate population history #
#       version 2.3.4-4-g53f8760       #
########################################

# Program was compiled: Sep 21 2021 14:36:42
# Program was run: Thu Sep 23 11:03:55 2021

# cmd: legofit -1 -d 0 -t 32 --ptsPerDim 3 --stateOut b1boot32.state --tol 3e-6 -S 5000 aef2.lgo ../../chrX/boot_chrX/boot32.opf
# Stage nOptItr nSimReps
#     0    5000        0
# algorithm          : deterministic
# ignoring probs <=  : 0
# Branch length floor: 0
# DE strategy        : 2
#    F               : 0.3
#    CR              : 0.8
#    tolerance       : 3e-06
# nthreads           : 32
# lgo input file     : aef2.lgo
# site pat input file: ../../chrX/boot_chrX/boot32.opf
# free parameters    : 16
# points in DE swarm : 48
# output state file  : b1boot32.state
# Including singleton site patterns.
# cost function      : KL
Initial parameter values
Fixed:
      zero = 0
       one = 1
    Tbecnw = 75200
Free:
       pc1 = 0
       pc2 = 0
       pc3 = 0
       pc4 = 0
       pc5 = 0
       pc6 = 0
       pc7 = 0
       pc8 = 0
       pc9 = 0
      pc10 = 0
      pc11 = 0
      pc12 = 0
      pc13 = 0
      pc14 = 0
      pc15 = 0
      pc16 = 0
Constrained:
   Tgbecnw = 92740.2
     Tecnw = 25224
       Tnw = 21583.4
       Tec = 10809.7
     twoNb = 610537
     twoNe = 2.07462e+06
     twoNc = 534718
     twoNw = 3.26301e+06
    twoNec = 75917.1
    twoNnw = 13731.6
  twoNecnw = 68023.5
  twoNbecnw = 7923.38
  twoNgbecnw = 160875
         m = 0.190485
        m5 = 0.167196
        m6 = 0.0232506
        Ta = 37600
        Te = 10791.7
        Tf = 5395.85
DiffEv reached_goal. cost=2.29392e-03 spread=2.81190e-06
Fitted parameter values
Free:
       pc1 = -0.841792
       pc2 = 3.99634
       pc3 = -3.96042
       pc4 = 0.961456
       pc5 = -1.06583
       pc6 = 0.856011
       pc7 = 0.0313727
       pc8 = -0.277596
       pc9 = -0.537688
      pc10 = -0.373403
      pc11 = -0.276965
      pc12 = 0.45481
      pc13 = 0.0906719
      pc14 = -0.022444
      pc15 = -0.0174333
      pc16 = 0.0126683
Constrained:
   Tgbecnw = 83924.3
     Tecnw = 25112.5
       Tnw = 22468
       Tec = 11241.6
     twoNb = 310909
     twoNe = 2.10868e+06
     twoNc = 883692
     twoNw = 5.74251e+06
    twoNec = 59508.5
    twoNnw = 9161.42
  twoNecnw = 69245.2
  twoNbecnw = 3963.59
  twoNgbecnw = 169328
         m = 0.185388
        m5 = 0.205928
        m6 = 0.0768544
        Ta = 37600
        Te = 11234
        Tf = 5617.01
#       SitePat  BranchLen
              b 118833.9061813
              e 44413.9579136
              c 46289.4118592
              n 43405.3525269
              w 43385.3311437
            b:e 1223.0385399
            b:c 1371.4480106
            b:n 1082.8389687
            b:w 1081.7742401
            e:c 11604.6470011
            e:n 4509.7949110
            e:w 4520.3530753
            c:n 4037.2290334
            c:w 4041.4691795
            n:w 12334.0087017
          b:e:c 1407.7907992
          b:e:n 612.6414066
          b:e:w 612.9155054
          b:c:n 616.4954661
          b:c:w 616.1471970
          b:n:w 1395.6940492
          e:c:n 4108.6211235
          e:c:w 4113.8441964
          e:n:w 5800.2160967
          c:n:w 4876.2119244
        b:e:c:n 1198.9138014
        b:e:c:w 1200.0527003
        b:e:n:w 1504.2642826
        b:c:n:w 1348.7690608
        e:c:n:w 47275.6388560
