########################################
# legofit: estimate population history #
#       version 2.3.4-4-g53f8760       #
########################################

# Program was compiled: Sep 21 2021 14:36:42
# Program was run: Thu Sep 23 11:04:28 2021

# cmd: legofit -1 -d 0 -t 32 --ptsPerDim 3 --stateOut b1boot46.state --tol 3e-6 -S 5000 aef2.lgo ../../chrX/boot_chrX/boot46.opf
# Stage nOptItr nSimReps
#     0    5000        0
# algorithm          : deterministic
# ignoring probs <=  : 0
# Branch length floor: 0
# DE strategy        : 2
#    F               : 0.3
#    CR              : 0.8
#    tolerance       : 3e-06
# nthreads           : 32
# lgo input file     : aef2.lgo
# site pat input file: ../../chrX/boot_chrX/boot46.opf
# free parameters    : 16
# points in DE swarm : 48
# output state file  : b1boot46.state
# Including singleton site patterns.
# cost function      : KL
Initial parameter values
Fixed:
      zero = 0
       one = 1
    Tbecnw = 75200
Free:
       pc1 = 0
       pc2 = 0
       pc3 = 0
       pc4 = 0
       pc5 = 0
       pc6 = 0
       pc7 = 0
       pc8 = 0
       pc9 = 0
      pc10 = 0
      pc11 = 0
      pc12 = 0
      pc13 = 0
      pc14 = 0
      pc15 = 0
      pc16 = 0
Constrained:
   Tgbecnw = 92740.2
     Tecnw = 25224
       Tnw = 21583.4
       Tec = 10809.7
     twoNb = 610537
     twoNe = 2.07462e+06
     twoNc = 534718
     twoNw = 3.26301e+06
    twoNec = 75917.1
    twoNnw = 13731.6
  twoNecnw = 68023.5
  twoNbecnw = 7923.38
  twoNgbecnw = 160875
         m = 0.190485
        m5 = 0.167196
        m6 = 0.0232506
        Ta = 37600
        Te = 10791.7
        Tf = 5395.85
DiffEv reached_goal. cost=2.37754e-03 spread=2.18543e-06
Fitted parameter values
Free:
       pc1 = 1.62223
       pc2 = 3.95905
       pc3 = -3.81384
       pc4 = 0.754799
       pc5 = -1.97048
       pc6 = 1.09757
       pc7 = -1.23103
       pc8 = -1.14041
       pc9 = -0.354138
      pc10 = -0.0203245
      pc11 = 0.0955311
      pc12 = 0.102044
      pc13 = -0.0720636
      pc14 = -0.0394757
      pc15 = -0.0387861
      pc16 = -0.0208609
Constrained:
   Tgbecnw = 78707.3
     Tecnw = 24362.3
       Tnw = 21064
       Tec = 10566
     twoNb = 588711
     twoNe = 2.48297e+06
     twoNc = 691016
     twoNw = 7.6758e+06
    twoNec = 63196.8
    twoNnw = 12153.7
  twoNecnw = 68746.1
  twoNbecnw = 1603.78
  twoNgbecnw = 175997
         m = 0.174507
        m5 = 0.199363
        m6 = 0.0663542
        Ta = 37600
        Te = 10532
        Tf = 5266
#       SitePat  BranchLen
              b 116592.1841108
              e 43789.2162157
              c 45638.0400923
              n 42839.1346330
              w 42825.8975223
            b:e 1200.6407790
            b:c 1342.6514633
            b:n 1075.7345460
            b:w 1075.0416054
            e:c 11320.0404677
            e:n 4546.5646290
            e:w 4554.0197171
            c:n 4067.3436825
            c:w 4069.7155028
            n:w 12083.1956716
          b:e:c 1367.7088152
          b:e:n 614.2643038
          b:e:w 614.4787866
          b:c:n 618.1642467
          b:c:w 617.8984996
          b:n:w 1355.8009634
          e:c:n 4091.0534292
          e:c:w 4094.4636315
          e:n:w 5653.3647608
          c:n:w 4768.0660448
        b:e:c:n 1198.8979000
        b:e:c:w 1199.6421050
        b:e:n:w 1482.1010698
        b:c:n:w 1332.7707296
        e:c:n:w 45961.5233140
