########################################
# legofit: estimate population history #
#            version 2.3.3             #
########################################

# Program was compiled: Sep 12 2021 17:54:39
# Program was run: Tue Sep 21 04:47:31 2021

# cmd: legofit -1 -d 0 -t 32 --ptsPerDim 3 --stateOut b1.state --tol 3e-6 -S 5000 abc2.lgo ../../pan.opf
# Stage nOptItr nSimReps
#     0    5000        0
# algorithm          : deterministic
# ignoring probs <=  : 0
# Branch length floor: 0
# DE strategy        : 2
#    F               : 0.3
#    CR              : 0.8
#    tolerance       : 3e-06
# nthreads           : 32
# lgo input file     : abc2.lgo
# site pat input file: ../../pan.opf
# free parameters    : 15
# points in DE swarm : 45
# output state file  : b1.state
# Including singleton site patterns.
# cost function      : KL
Initial parameter values
Fixed:
      zero = 0
       one = 1
    Tbecnw = 75200
Free:
       pc1 = 0
       pc2 = 0
       pc3 = 0
       pc4 = 0
       pc5 = 0
       pc6 = 0
       pc7 = 0
       pc8 = 0
       pc9 = 0
      pc10 = 0
      pc11 = 0
      pc12 = 0
      pc13 = 0
      pc14 = 0
      pc15 = 0
Constrained:
   Tgbecnw = 136695
     Tecnw = 27482.5
       Tnw = 15873.2
       Tec = 11479.3
     twoNb = 766954
     twoNe = 70498.3
     twoNn = 188675
    twoNec = 139201
    twoNnw = 40750.9
  twoNecnw = 70457.3
  twoNbecnw = 19221.7
  twoNgbecnw = 443377
         m = 0.0722946
        m2 = 0.0292749
        m3 = 0.276986
        Tb = 19480.9
        Ta = 47340.5
        Tc = 7936.62
DiffEv reached_goal. cost=1.74266e-03 spread=1.84951e-06
Fitted parameter values
Free:
       pc1 = 2.21226
       pc2 = 3.83724
       pc3 = -0.726729
       pc4 = -1.93257
       pc5 = -1.94315
       pc6 = 1.59087
       pc7 = 0.823315
       pc8 = 0.900221
       pc9 = -0.0773191
      pc10 = 0.320392
      pc11 = 0.0361354
      pc12 = -0.0124112
      pc13 = -0.0117577
      pc14 = 0.0512491
      pc15 = -0.0235972
Constrained:
   Tgbecnw = 109663
     Tecnw = 26662.4
       Tnw = 14282.8
       Tec = 8211.4
     twoNb = 830100
     twoNe = 20952.2
     twoNn = 361255
    twoNec = 163674
    twoNnw = 44359.3
  twoNecnw = 66143.4
  twoNbecnw = 11363.6
  twoNgbecnw = 479887
         m = 0.061742
        m2 = 0.0297731
        m3 = 0.2714
        Tb = 17436.9
        Ta = 46318.4
        Tc = 7141.39
#       SitePat  BranchLen
              b 126322.7143862
              e 50134.8933217
              c 50790.1344347
              n 45252.7461543
              w 47716.8809298
            b:e 2286.7548513
            b:c 2332.4703875
            b:n 1682.9668773
            b:w 1830.2287015
            e:c 10434.1683217
            e:n 6029.6044034
            e:w 4712.5654042
            c:n 5374.3632904
            c:w 4858.2705070
            n:w 12674.2087002
          b:e:c 1979.8535793
          b:e:n 1096.5306828
          b:e:w 1062.2102041
          b:c:n 1050.8151466
          b:c:w 1118.9702298
          b:n:w 1969.2007906
          e:c:n 5165.4964618
          e:c:w 4374.4151865
          e:n:w 6070.6826415
          c:n:w 5924.9775387
        b:e:c:n 2047.1243328
        b:e:c:w 2026.1062177
        b:e:n:w 3138.4486961
        b:c:n:w 3081.6886703
        e:c:n:w 52467.2295743
