########################################
# legofit: estimate population history #
#            version 2.3.3             #
########################################

# Program was compiled: Sep 12 2021 17:54:39
# Program was run: Tue Sep 21 05:07:41 2021

# cmd: legofit -1 -d 0 -t 32 --ptsPerDim 3 --stateOut b1boot31.state --tol 3e-6 -S 5000 abc2.lgo ../../boot/boot31.opf
# Stage nOptItr nSimReps
#     0    5000        0
# algorithm          : deterministic
# ignoring probs <=  : 0
# Branch length floor: 0
# DE strategy        : 2
#    F               : 0.3
#    CR              : 0.8
#    tolerance       : 3e-06
# nthreads           : 32
# lgo input file     : abc2.lgo
# site pat input file: ../../boot/boot31.opf
# free parameters    : 15
# points in DE swarm : 45
# output state file  : b1boot31.state
# Including singleton site patterns.
# cost function      : KL
Initial parameter values
Fixed:
      zero = 0
       one = 1
    Tbecnw = 75200
Free:
       pc1 = 0
       pc2 = 0
       pc3 = 0
       pc4 = 0
       pc5 = 0
       pc6 = 0
       pc7 = 0
       pc8 = 0
       pc9 = 0
      pc10 = 0
      pc11 = 0
      pc12 = 0
      pc13 = 0
      pc14 = 0
      pc15 = 0
Constrained:
   Tgbecnw = 136695
     Tecnw = 27482.5
       Tnw = 15873.2
       Tec = 11479.3
     twoNb = 766954
     twoNe = 70498.3
     twoNn = 188675
    twoNec = 139201
    twoNnw = 40750.9
  twoNecnw = 70457.3
  twoNbecnw = 19221.7
  twoNgbecnw = 443377
         m = 0.0722946
        m2 = 0.0292749
        m3 = 0.276986
        Tb = 19480.9
        Ta = 47340.5
        Tc = 7936.62
DiffEv reached_goal. cost=1.73712e-03 spread=2.48931e-06
Fitted parameter values
Free:
       pc1 = 1.86176
       pc2 = 3.98602
       pc3 = -0.921232
       pc4 = -1.95354
       pc5 = -1.91239
       pc6 = 1.62156
       pc7 = 0.269865
       pc8 = 1.3916
       pc9 = 0.364504
      pc10 = 0.348461
      pc11 = 0.0386907
      pc12 = 0.00136462
      pc13 = -0.0284682
      pc14 = 0.0278047
      pc15 = -0.0399629
Constrained:
   Tgbecnw = 108238
     Tecnw = 26433.3
       Tnw = 14046.4
       Tec = 8563.19
     twoNb = 934082
     twoNe = 32292.8
     twoNn = 375066
    twoNec = 158690
    twoNnw = 44664.4
  twoNecnw = 66828.5
  twoNbecnw = 10940.3
  twoNgbecnw = 482096
         m = 0.0619579
        m2 = 0.0298608
        m3 = 0.273614
        Tb = 17498.2
        Ta = 46349.1
        Tc = 7023.19
#       SitePat  BranchLen
              b 126391.6853093
              e 50143.8731593
              c 50760.3497596
              n 45253.4395004
              w 47683.0976934
            b:e 2292.3251316
            b:c 2335.6348293
            b:n 1697.9642755
            b:w 1847.7628263
            e:c 10435.9615699
            e:n 6024.6530583
            e:w 4742.5306895
            c:n 5408.1764579
            c:w 4880.2099686
            n:w 12679.4163738
          b:e:c 1993.3332645
          b:e:n 1106.6460667
          b:e:w 1075.4018838
          b:c:n 1063.3363691
          b:c:w 1129.4889067
          b:n:w 1984.4981815
          e:c:n 5177.6252974
          e:c:w 4389.9346004
          e:n:w 6062.6221928
          c:n:w 5924.9429136
        b:e:c:n 2070.2924840
        b:e:c:w 2053.7069725
        b:e:n:w 3169.3803055
        b:c:n:w 3115.2932826
        e:c:n:w 52588.4635398
