########################################
# legofit: estimate population history #
#            version 2.3.3             #
########################################

# Program was compiled: Sep 12 2021 17:54:39
# Program was run: Tue Sep 21 05:13:16 2021

# cmd: legofit -1 -d 0 -t 32 --ptsPerDim 3 --stateOut b1boot38.state --tol 3e-6 -S 5000 abc2.lgo ../../boot/boot38.opf
# Stage nOptItr nSimReps
#     0    5000        0
# algorithm          : deterministic
# ignoring probs <=  : 0
# Branch length floor: 0
# DE strategy        : 2
#    F               : 0.3
#    CR              : 0.8
#    tolerance       : 3e-06
# nthreads           : 32
# lgo input file     : abc2.lgo
# site pat input file: ../../boot/boot38.opf
# free parameters    : 15
# points in DE swarm : 45
# output state file  : b1boot38.state
# Including singleton site patterns.
# cost function      : KL
Initial parameter values
Fixed:
      zero = 0
       one = 1
    Tbecnw = 75200
Free:
       pc1 = 0
       pc2 = 0
       pc3 = 0
       pc4 = 0
       pc5 = 0
       pc6 = 0
       pc7 = 0
       pc8 = 0
       pc9 = 0
      pc10 = 0
      pc11 = 0
      pc12 = 0
      pc13 = 0
      pc14 = 0
      pc15 = 0
Constrained:
   Tgbecnw = 136695
     Tecnw = 27482.5
       Tnw = 15873.2
       Tec = 11479.3
     twoNb = 766954
     twoNe = 70498.3
     twoNn = 188675
    twoNec = 139201
    twoNnw = 40750.9
  twoNecnw = 70457.3
  twoNbecnw = 19221.7
  twoNgbecnw = 443377
         m = 0.0722946
        m2 = 0.0292749
        m3 = 0.276986
        Tb = 19480.9
        Ta = 47340.5
        Tc = 7936.62
DiffEv reached_goal. cost=1.73292e-03 spread=2.69686e-06
Fitted parameter values
Free:
       pc1 = 0.769618
       pc2 = 3.21711
       pc3 = -0.454214
       pc4 = -1.96182
       pc5 = -1.94358
       pc6 = 1.83019
       pc7 = 0.82737
       pc8 = 0.503439
       pc9 = -0.0870194
      pc10 = 0.169058
      pc11 = -0.00236491
      pc12 = -0.0294272
      pc13 = -0.0674621
      pc14 = 0.0453291
      pc15 = 0.00534505
Constrained:
   Tgbecnw = 111634
     Tecnw = 26515.1
       Tnw = 15285
       Tec = 9239.6
     twoNb = 710287
     twoNe = 32443.1
     twoNn = 387633
    twoNec = 150887
    twoNnw = 39802.2
  twoNecnw = 67563.9
  twoNbecnw = 11892.2
  twoNgbecnw = 479132
         m = 0.0633439
        m2 = 0.0295287
        m3 = 0.274278
        Tb = 17877.4
        Ta = 46538.7
        Tc = 7642.49
#       SitePat  BranchLen
              b 126962.0055860
              e 50317.6407577
              c 50948.9243227
              n 45470.0676966
              w 47955.7766040
            b:e 2292.5376254
            b:c 2337.1284876
            b:n 1681.6244884
            b:w 1828.5813106
            e:c 10496.8749255
            e:n 6031.3706562
            e:w 4727.2142368
            c:n 5400.0870912
            c:w 4869.4237061
            n:w 12701.0933076
          b:e:c 1982.5509101
          b:e:n 1091.9155648
          b:e:w 1058.8601799
          b:c:n 1047.3247027
          b:c:w 1114.0668545
          b:n:w 1971.1486275
          e:c:n 5180.8514583
          e:c:w 4371.9375129
          e:n:w 6066.5060211
          c:n:w 5924.2965518
        b:e:c:n 2046.7730592
        b:e:c:w 2024.1543454
        b:e:n:w 3131.3347871
        b:c:n:w 3076.1281125
        e:c:n:w 52825.6127311
