########################################
# legofit: estimate population history #
#            version 2.3.3             #
########################################

# Program was compiled: Sep 12 2021 17:54:39
# Program was run: Tue Sep 21 05:02:45 2021

# cmd: legofit -1 -d 0 -t 32 --ptsPerDim 3 --stateOut b1boot18.state --tol 3e-6 -S 5000 abc2.lgo ../../boot/boot18.opf
# Stage nOptItr nSimReps
#     0    5000        0
# algorithm          : deterministic
# ignoring probs <=  : 0
# Branch length floor: 0
# DE strategy        : 2
#    F               : 0.3
#    CR              : 0.8
#    tolerance       : 3e-06
# nthreads           : 32
# lgo input file     : abc2.lgo
# site pat input file: ../../boot/boot18.opf
# free parameters    : 15
# points in DE swarm : 45
# output state file  : b1boot18.state
# Including singleton site patterns.
# cost function      : KL
Initial parameter values
Fixed:
      zero = 0
       one = 1
    Tbecnw = 75200
Free:
       pc1 = 0
       pc2 = 0
       pc3 = 0
       pc4 = 0
       pc5 = 0
       pc6 = 0
       pc7 = 0
       pc8 = 0
       pc9 = 0
      pc10 = 0
      pc11 = 0
      pc12 = 0
      pc13 = 0
      pc14 = 0
      pc15 = 0
Constrained:
   Tgbecnw = 136695
     Tecnw = 27482.5
       Tnw = 15873.2
       Tec = 11479.3
     twoNb = 766954
     twoNe = 70498.3
     twoNn = 188675
    twoNec = 139201
    twoNnw = 40750.9
  twoNecnw = 70457.3
  twoNbecnw = 19221.7
  twoNgbecnw = 443377
         m = 0.0722946
        m2 = 0.0292749
        m3 = 0.276986
        Tb = 19480.9
        Ta = 47340.5
        Tc = 7936.62
DiffEv reached_goal. cost=1.72308e-03 spread=2.23828e-06
Fitted parameter values
Free:
       pc1 = -3.39125
       pc2 = 3.88943
       pc3 = -0.358965
       pc4 = -1.94691
       pc5 = -1.65228
       pc6 = 1.82936
       pc7 = 0.490188
       pc8 = 1.81475
       pc9 = -0.127569
      pc10 = 0.065518
      pc11 = -0.177704
      pc12 = -0.0391944
      pc13 = -0.0505657
      pc14 = 0.0509698
      pc15 = -0.0212738
Constrained:
   Tgbecnw = 105913
     Tecnw = 25558.7
       Tnw = 17009.4
       Tec = 12827.3
     twoNb = 679318
     twoNe = 77434.9
     twoNn = 266855
    twoNec = 107650
    twoNnw = 30029.7
  twoNecnw = 69752
  twoNbecnw = 10079.4
  twoNgbecnw = 488873
         m = 0.0625035
        m2 = 0.0303328
        m3 = 0.272425
        Tb = 19193
        Ta = 47196.5
        Tc = 8504.69
#       SitePat  BranchLen
              b 125976.1140824
              e 50001.3931655
              c 50672.4791111
              n 45176.8988685
              w 47644.6396978
            b:e 2281.6609812
            b:c 2331.5367583
            b:n 1669.8808000
            b:w 1826.3053298
            e:c 10420.4738764
            e:n 6016.8116560
            e:w 4709.7185019
            c:n 5345.7257104
            c:w 4868.6665676
            n:w 12633.9968443
          b:e:c 1994.5597960
          b:e:n 1090.4561482
          b:e:w 1052.8118918
          b:c:n 1040.5803710
          b:c:w 1115.0598422
          b:n:w 1981.8228783
          e:c:n 5176.9387192
          e:c:w 4332.4964478
          e:n:w 6036.8106890
          c:n:w 5877.8626233
        b:e:c:n 2059.6031690
        b:e:c:w 2027.1971959
        b:e:n:w 3155.7917959
        b:c:n:w 3093.5438456
        e:c:n:w 52340.2009809
