########################################
# legofit: estimate population history #
#            version 2.3.3             #
########################################

# Program was compiled: Sep 12 2021 17:54:39
# Program was run: Tue Sep 21 05:04:03 2021

# cmd: legofit -1 -d 0 -t 32 --ptsPerDim 3 --stateOut b1boot25.state --tol 3e-6 -S 5000 abc2.lgo ../../boot/boot25.opf
# Stage nOptItr nSimReps
#     0    5000        0
# algorithm          : deterministic
# ignoring probs <=  : 0
# Branch length floor: 0
# DE strategy        : 2
#    F               : 0.3
#    CR              : 0.8
#    tolerance       : 3e-06
# nthreads           : 32
# lgo input file     : abc2.lgo
# site pat input file: ../../boot/boot25.opf
# free parameters    : 15
# points in DE swarm : 45
# output state file  : b1boot25.state
# Including singleton site patterns.
# cost function      : KL
Initial parameter values
Fixed:
      zero = 0
       one = 1
    Tbecnw = 75200
Free:
       pc1 = 0
       pc2 = 0
       pc3 = 0
       pc4 = 0
       pc5 = 0
       pc6 = 0
       pc7 = 0
       pc8 = 0
       pc9 = 0
      pc10 = 0
      pc11 = 0
      pc12 = 0
      pc13 = 0
      pc14 = 0
      pc15 = 0
Constrained:
   Tgbecnw = 136695
     Tecnw = 27482.5
       Tnw = 15873.2
       Tec = 11479.3
     twoNb = 766954
     twoNe = 70498.3
     twoNn = 188675
    twoNec = 139201
    twoNnw = 40750.9
  twoNecnw = 70457.3
  twoNbecnw = 19221.7
  twoNgbecnw = 443377
         m = 0.0722946
        m2 = 0.0292749
        m3 = 0.276986
        Tb = 19480.9
        Ta = 47340.5
        Tc = 7936.62
DiffEv reached_goal. cost=1.74902e-03 spread=2.73379e-06
Fitted parameter values
Free:
       pc1 = 3.15116
       pc2 = 3.89104
       pc3 = -0.605902
       pc4 = -1.92545
       pc5 = -1.64508
       pc6 = 1.26396
       pc7 = 0.623355
       pc8 = 1.53513
       pc9 = 0.0189348
      pc10 = 0.352788
      pc11 = -0.0292131
      pc12 = -0.0550617
      pc13 = 0.0179342
      pc14 = 0.044763
      pc15 = 0.0151957
Constrained:
   Tgbecnw = 111138
     Tecnw = 26876.4
       Tnw = 13795.5
       Tec = 7713.63
     twoNb = 981546
     twoNe = 16787.4
     twoNn = 329078
    twoNec = 169947
    twoNnw = 46640.2
  twoNecnw = 65494.1
  twoNbecnw = 11709.6
  twoNgbecnw = 492521
         m = 0.0593453
        m2 = 0.0300783
        m3 = 0.27224
        Tb = 17295
        Ta = 46247.5
        Tc = 6897.74
#       SitePat  BranchLen
              b 126179.8939939
              e 50206.4487652
              c 50838.0550526
              n 45260.0815930
              w 47710.4425435
            b:e 2270.8270447
            b:c 2314.2441629
            b:n 1676.2684244
            b:w 1824.7255922
            e:c 10443.0417664
            e:n 6001.6943038
            e:w 4699.2829746
            c:n 5370.0880164
            c:w 4838.2703968
            n:w 12714.3900253
          b:e:c 1973.9550730
          b:e:n 1090.9940222
          b:e:w 1059.4150671
          b:c:n 1047.5769040
          b:c:w 1113.6529421
          b:n:w 1966.4166951
          e:c:n 5154.2920793
          e:c:w 4369.7143989
          e:n:w 6062.6206938
          c:n:w 5923.6332716
        b:e:c:n 2036.3059985
        b:e:c:w 2021.7974557
        b:e:n:w 3140.2655677
        b:c:n:w 3086.0276928
        e:c:n:w 52271.7115427
