########################################
# legofit: estimate population history #
#            version 2.3.3             #
########################################

# Program was compiled: Sep 12 2021 17:54:39
# Program was run: Tue Sep 21 04:49:56 2021

# cmd: legofit -1 -d 0 -t 32 --ptsPerDim 3 --stateOut b1boot3.state --tol 3e-6 -S 5000 abc2.lgo ../../boot/boot3.opf
# Stage nOptItr nSimReps
#     0    5000        0
# algorithm          : deterministic
# ignoring probs <=  : 0
# Branch length floor: 0
# DE strategy        : 2
#    F               : 0.3
#    CR              : 0.8
#    tolerance       : 3e-06
# nthreads           : 32
# lgo input file     : abc2.lgo
# site pat input file: ../../boot/boot3.opf
# free parameters    : 15
# points in DE swarm : 45
# output state file  : b1boot3.state
# Including singleton site patterns.
# cost function      : KL
Initial parameter values
Fixed:
      zero = 0
       one = 1
    Tbecnw = 75200
Free:
       pc1 = 0
       pc2 = 0
       pc3 = 0
       pc4 = 0
       pc5 = 0
       pc6 = 0
       pc7 = 0
       pc8 = 0
       pc9 = 0
      pc10 = 0
      pc11 = 0
      pc12 = 0
      pc13 = 0
      pc14 = 0
      pc15 = 0
Constrained:
   Tgbecnw = 136695
     Tecnw = 27482.5
       Tnw = 15873.2
       Tec = 11479.3
     twoNb = 766954
     twoNe = 70498.3
     twoNn = 188675
    twoNec = 139201
    twoNnw = 40750.9
  twoNecnw = 70457.3
  twoNbecnw = 19221.7
  twoNgbecnw = 443377
         m = 0.0722946
        m2 = 0.0292749
        m3 = 0.276986
        Tb = 19480.9
        Ta = 47340.5
        Tc = 7936.62
DiffEv reached_goal. cost=1.75963e-03 spread=2.76403e-06
Fitted parameter values
Free:
       pc1 = 1.35413
       pc2 = 3.97301
       pc3 = -0.123173
       pc4 = -1.92799
       pc5 = -1.98796
       pc6 = 1.84212
       pc7 = -0.15235
       pc8 = 0.372137
       pc9 = -0.286014
      pc10 = 0.0819128
      pc11 = -0.163631
      pc12 = -0.159106
      pc13 = -0.0743384
      pc14 = 0.0632654
      pc15 = 0.0134712
Constrained:
   Tgbecnw = 108028
     Tecnw = 26770.8
       Tnw = 14503.1
       Tec = 9326.7
     twoNb = 756018
     twoNe = 44562
     twoNn = 451747
    twoNec = 150522
    twoNnw = 43371.8
  twoNecnw = 65865.7
  twoNbecnw = 10807.3
  twoNgbecnw = 495771
         m = 0.0599612
        m2 = 0.0293932
        m3 = 0.277928
        Tb = 18048.7
        Ta = 46624.4
        Tc = 7251.56
#       SitePat  BranchLen
              b 126320.8361886
              e 50102.9332943
              c 50707.3493996
              n 45273.1736342
              w 47764.8752497
            b:e 2303.7202243
            b:c 2346.7982993
            b:n 1698.9794844
            b:w 1852.2349174
            e:c 10442.9161370
            e:n 5974.4035688
            e:w 4687.0158568
            c:n 5369.9874635
            c:w 4822.6916526
            n:w 12645.6531909
          b:e:c 2005.5626120
          b:e:n 1102.8250004
          b:e:w 1071.5895301
          b:c:n 1059.7469254
          b:c:w 1124.8723333
          b:n:w 1993.3452408
          e:c:n 5190.3173296
          e:c:w 4374.5977772
          e:n:w 6042.0089332
          c:n:w 5906.3331374
        b:e:c:n 2075.9739143
        b:e:c:w 2047.5300334
        b:e:n:w 3141.9292669
        b:c:n:w 3088.6464637
        e:c:n:w 52671.2670727
