########################################
# legofit: estimate population history #
#            version 2.3.3             #
########################################

# Program was compiled: Sep 12 2021 17:54:39
# Program was run: Tue Sep 21 05:02:46 2021

# cmd: legofit -1 -d 0 -t 32 --ptsPerDim 3 --stateOut b1boot19.state --tol 3e-6 -S 5000 abc2.lgo ../../boot/boot19.opf
# Stage nOptItr nSimReps
#     0    5000        0
# algorithm          : deterministic
# ignoring probs <=  : 0
# Branch length floor: 0
# DE strategy        : 2
#    F               : 0.3
#    CR              : 0.8
#    tolerance       : 3e-06
# nthreads           : 32
# lgo input file     : abc2.lgo
# site pat input file: ../../boot/boot19.opf
# free parameters    : 15
# points in DE swarm : 45
# output state file  : b1boot19.state
# Including singleton site patterns.
# cost function      : KL
Initial parameter values
Fixed:
      zero = 0
       one = 1
    Tbecnw = 75200
Free:
       pc1 = 0
       pc2 = 0
       pc3 = 0
       pc4 = 0
       pc5 = 0
       pc6 = 0
       pc7 = 0
       pc8 = 0
       pc9 = 0
      pc10 = 0
      pc11 = 0
      pc12 = 0
      pc13 = 0
      pc14 = 0
      pc15 = 0
Constrained:
   Tgbecnw = 136695
     Tecnw = 27482.5
       Tnw = 15873.2
       Tec = 11479.3
     twoNb = 766954
     twoNe = 70498.3
     twoNn = 188675
    twoNec = 139201
    twoNnw = 40750.9
  twoNecnw = 70457.3
  twoNbecnw = 19221.7
  twoNgbecnw = 443377
         m = 0.0722946
        m2 = 0.0292749
        m3 = 0.276986
        Tb = 19480.9
        Ta = 47340.5
        Tc = 7936.62
DiffEv reached_goal. cost=1.73831e-03 spread=2.89883e-06
Fitted parameter values
Free:
       pc1 = -0.818209
       pc2 = 3.98514
       pc3 = -0.191779
       pc4 = -1.98904
       pc5 = -1.85563
       pc6 = 1.36897
       pc7 = 0.338239
       pc8 = 1.1748
       pc9 = -0.209229
      pc10 = 0.0929578
      pc11 = -0.00312989
      pc12 = -0.044351
      pc13 = -0.0391155
      pc14 = 0.054104
      pc15 = 0.0172601
Constrained:
   Tgbecnw = 108208
     Tecnw = 26140.9
       Tnw = 15607.8
       Tec = 10864.4
     twoNb = 733410
     twoNe = 58777
     twoNn = 274052
    twoNec = 131850
    twoNnw = 37056.8
  twoNecnw = 67432.5
  twoNbecnw = 10755.8
  twoNgbecnw = 500476
         m = 0.0600078
        m2 = 0.029836
        m3 = 0.272949
        Tb = 18502.6
        Ta = 46851.3
        Tc = 7803.9
#       SitePat  BranchLen
              b 126241.7694269
              e 50014.0113242
              c 50660.5992406
              n 45128.1750073
              w 47580.7929294
            b:e 2286.5282588
            b:c 2333.3145817
            b:n 1676.2684578
            b:w 1828.4290613
            e:c 10416.9447452
            e:n 5996.4135564
            e:w 4701.6387618
            c:n 5349.8256400
            c:w 4850.7133357
            n:w 12671.6086752
          b:e:c 1991.4022581
          b:e:n 1091.8721085
          b:e:w 1056.8507366
          b:c:n 1045.0857856
          b:c:w 1115.0117436
          b:n:w 1979.1329796
          e:c:n 5175.0132856
          e:c:w 4356.4889150
          e:n:w 6062.9087371
          c:n:w 5913.8341632
        b:e:c:n 2052.0820811
        b:e:c:w 2024.8104684
        b:e:n:w 3142.9058436
        b:c:n:w 3084.7448366
        e:c:n:w 52580.3376655
