########################################
# legofit: estimate population history #
#            version 2.3.3             #
########################################

# Program was compiled: Sep 12 2021 17:54:39
# Program was run: Tue Sep 21 05:15:07 2021

# cmd: legofit -1 -d 0 -t 32 --ptsPerDim 3 --stateOut b1boot44.state --tol 3e-6 -S 5000 abc2.lgo ../../boot/boot44.opf
# Stage nOptItr nSimReps
#     0    5000        0
# algorithm          : deterministic
# ignoring probs <=  : 0
# Branch length floor: 0
# DE strategy        : 2
#    F               : 0.3
#    CR              : 0.8
#    tolerance       : 3e-06
# nthreads           : 32
# lgo input file     : abc2.lgo
# site pat input file: ../../boot/boot44.opf
# free parameters    : 15
# points in DE swarm : 45
# output state file  : b1boot44.state
# Including singleton site patterns.
# cost function      : KL
Initial parameter values
Fixed:
      zero = 0
       one = 1
    Tbecnw = 75200
Free:
       pc1 = 0
       pc2 = 0
       pc3 = 0
       pc4 = 0
       pc5 = 0
       pc6 = 0
       pc7 = 0
       pc8 = 0
       pc9 = 0
      pc10 = 0
      pc11 = 0
      pc12 = 0
      pc13 = 0
      pc14 = 0
      pc15 = 0
Constrained:
   Tgbecnw = 136695
     Tecnw = 27482.5
       Tnw = 15873.2
       Tec = 11479.3
     twoNb = 766954
     twoNe = 70498.3
     twoNn = 188675
    twoNec = 139201
    twoNnw = 40750.9
  twoNecnw = 70457.3
  twoNbecnw = 19221.7
  twoNgbecnw = 443377
         m = 0.0722946
        m2 = 0.0292749
        m3 = 0.276986
        Tb = 19480.9
        Ta = 47340.5
        Tc = 7936.62
DiffEv reached_goal. cost=1.73816e-03 spread=2.18276e-06
Fitted parameter values
Free:
       pc1 = -1.27677
       pc2 = 3.75842
       pc3 = -0.161549
       pc4 = -1.99723
       pc5 = -1.98699
       pc6 = 1.96075
       pc7 = -0.103644
       pc8 = 1.38099
       pc9 = -0.155534
      pc10 = 0.138196
      pc11 = -0.0333863
      pc12 = -0.026785
      pc13 = -0.0107446
      pc14 = 0.0365886
      pc15 = -0.0451017
Constrained:
   Tgbecnw = 107550
     Tecnw = 26004.8
       Tnw = 15949.7
       Tec = 11417.2
     twoNb = 771488
     twoNe = 65142.1
     twoNn = 403707
    twoNec = 127322
    twoNnw = 35410.7
  twoNecnw = 67870.7
  twoNbecnw = 10583.2
  twoNgbecnw = 494821
         m = 0.060417
        m2 = 0.0297893
        m3 = 0.275758
        Tb = 18711
        Ta = 46955.5
        Tc = 7974.84
#       SitePat  BranchLen
              b 125943.4955492
              e 50037.0449559
              c 50695.2360659
              n 45150.9255596
              w 47597.5659841
            b:e 2277.4926640
            b:c 2325.3468545
            b:n 1673.5423274
            b:w 1827.6354935
            e:c 10351.9021123
            e:n 6015.9093043
            e:w 4715.9562162
            c:n 5357.7181943
            c:w 4868.8786260
            n:w 12613.7022110
          b:e:c 1984.1668935
          b:e:n 1094.0201040
          b:e:w 1058.0641456
          b:c:n 1046.1659134
          b:c:w 1117.6572892
          b:n:w 1972.2866425
          e:c:n 5170.7022786
          e:c:w 4350.0704676
          e:n:w 6058.0188728
          c:n:w 5905.0964630
        b:e:c:n 2052.4943987
        b:e:c:w 2025.6498884
        b:e:n:w 3140.5032537
        b:c:n:w 3080.9101102
        e:c:n:w 52287.4360920
