########################################
# legofit: estimate population history #
#            version 2.3.3             #
########################################

# Program was compiled: Sep 12 2021 17:54:39
# Program was run: Tue Sep 21 05:00:22 2021

# cmd: legofit -1 -d 0 -t 32 --ptsPerDim 3 --stateOut b1boot14.state --tol 3e-6 -S 5000 abc2.lgo ../../boot/boot14.opf
# Stage nOptItr nSimReps
#     0    5000        0
# algorithm          : deterministic
# ignoring probs <=  : 0
# Branch length floor: 0
# DE strategy        : 2
#    F               : 0.3
#    CR              : 0.8
#    tolerance       : 3e-06
# nthreads           : 32
# lgo input file     : abc2.lgo
# site pat input file: ../../boot/boot14.opf
# free parameters    : 15
# points in DE swarm : 45
# output state file  : b1boot14.state
# Including singleton site patterns.
# cost function      : KL
Initial parameter values
Fixed:
      zero = 0
       one = 1
    Tbecnw = 75200
Free:
       pc1 = 0
       pc2 = 0
       pc3 = 0
       pc4 = 0
       pc5 = 0
       pc6 = 0
       pc7 = 0
       pc8 = 0
       pc9 = 0
      pc10 = 0
      pc11 = 0
      pc12 = 0
      pc13 = 0
      pc14 = 0
      pc15 = 0
Constrained:
   Tgbecnw = 136695
     Tecnw = 27482.5
       Tnw = 15873.2
       Tec = 11479.3
     twoNb = 766954
     twoNe = 70498.3
     twoNn = 188675
    twoNec = 139201
    twoNnw = 40750.9
  twoNecnw = 70457.3
  twoNbecnw = 19221.7
  twoNgbecnw = 443377
         m = 0.0722946
        m2 = 0.0292749
        m3 = 0.276986
        Tb = 19480.9
        Ta = 47340.5
        Tc = 7936.62
DiffEv reached_goal. cost=1.72026e-03 spread=2.69644e-06
Fitted parameter values
Free:
       pc1 = -0.249197
       pc2 = 3.94267
       pc3 = 0.299178
       pc4 = -1.87948
       pc5 = -1.92187
       pc6 = 1.94965
       pc7 = 0.25962
       pc8 = 0.778879
       pc9 = -0.0597109
      pc10 = -0.0267868
      pc11 = -0.0462094
      pc12 = -0.107242
      pc13 = -0.0223714
      pc14 = 0.0497004
      pc15 = 0.0485145
Constrained:
   Tgbecnw = 109228
     Tecnw = 26320.6
       Tnw = 15319.4
       Tec = 10395.1
     twoNb = 675348
     twoNe = 55570.6
     twoNn = 426466
    twoNec = 137419
    twoNnw = 38353.4
  twoNecnw = 67191.5
  twoNbecnw = 10986.1
  twoNgbecnw = 514127
         m = 0.0584079
        m2 = 0.0297919
        m3 = 0.276639
        Tb = 18357.8
        Ta = 46778.9
        Tc = 7659.68
#       SitePat  BranchLen
              b 126405.4988157
              e 50095.5243166
              c 50720.9679736
              n 45177.1768796
              w 47653.2618015
            b:e 2306.3837904
            b:c 2351.5906508
            b:n 1685.8281084
            b:w 1836.1944249
            e:c 10443.5279724
            e:n 5989.9194932
            e:w 4698.7283704
            c:n 5364.4758363
            c:w 4841.7996127
            n:w 12715.3524658
          b:e:c 2002.5838613
          b:e:n 1095.7670641
          b:e:w 1062.2273579
          b:c:n 1050.5602037
          b:c:w 1118.2029850
          b:n:w 1988.2628730
          e:c:n 5177.9184231
          e:c:w 4357.7104218
          e:n:w 6068.4415941
          c:n:w 5925.3703518
        b:e:c:n 2061.1967688
        b:e:c:w 2034.7178313
        b:e:n:w 3150.3529030
        b:c:n:w 3094.3772758
        e:c:n:w 52698.7448570
