########################################
# legofit: estimate population history #
#            version 2.3.3             #
########################################

# Program was compiled: Sep 12 2021 17:54:39
# Program was run: Tue Sep 21 05:03:23 2021

# cmd: legofit -1 -d 0 -t 32 --ptsPerDim 3 --stateOut b1boot22.state --tol 3e-6 -S 5000 abc2.lgo ../../boot/boot22.opf
# Stage nOptItr nSimReps
#     0    5000        0
# algorithm          : deterministic
# ignoring probs <=  : 0
# Branch length floor: 0
# DE strategy        : 2
#    F               : 0.3
#    CR              : 0.8
#    tolerance       : 3e-06
# nthreads           : 32
# lgo input file     : abc2.lgo
# site pat input file: ../../boot/boot22.opf
# free parameters    : 15
# points in DE swarm : 45
# output state file  : b1boot22.state
# Including singleton site patterns.
# cost function      : KL
Initial parameter values
Fixed:
      zero = 0
       one = 1
    Tbecnw = 75200
Free:
       pc1 = 0
       pc2 = 0
       pc3 = 0
       pc4 = 0
       pc5 = 0
       pc6 = 0
       pc7 = 0
       pc8 = 0
       pc9 = 0
      pc10 = 0
      pc11 = 0
      pc12 = 0
      pc13 = 0
      pc14 = 0
      pc15 = 0
Constrained:
   Tgbecnw = 136695
     Tecnw = 27482.5
       Tnw = 15873.2
       Tec = 11479.3
     twoNb = 766954
     twoNe = 70498.3
     twoNn = 188675
    twoNec = 139201
    twoNnw = 40750.9
  twoNecnw = 70457.3
  twoNbecnw = 19221.7
  twoNgbecnw = 443377
         m = 0.0722946
        m2 = 0.0292749
        m3 = 0.276986
        Tb = 19480.9
        Ta = 47340.5
        Tc = 7936.62
DiffEv reached_goal. cost=1.73331e-03 spread=1.74685e-06
Fitted parameter values
Free:
       pc1 = 0.276647
       pc2 = 3.7178
       pc3 = -0.469317
       pc4 = -1.89354
       pc5 = -1.96212
       pc6 = 1.64615
       pc7 = -0.104369
       pc8 = 0.142492
       pc9 = 0.0196002
      pc10 = 0.178871
      pc11 = 0.017454
      pc12 = 0.0170103
      pc13 = -0.0171739
      pc14 = 0.0581911
      pc15 = -0.0276378
Constrained:
   Tgbecnw = 108870
     Tecnw = 26428.5
       Tnw = 14713.8
       Tec = 10062.1
     twoNb = 699230
     twoNe = 54254.2
     twoNn = 378357
    twoNec = 143978
    twoNnw = 41280.3
  twoNecnw = 67259.6
  twoNbecnw = 11161.9
  twoNgbecnw = 478081
         m = 0.0627742
        m2 = 0.0292056
        m3 = 0.277853
        Tb = 18245.3
        Ta = 46722.6
        Tc = 7356.9
#       SitePat  BranchLen
              b 126565.5039447
              e 50220.0667930
              c 50862.8058578
              n 45286.0382011
              w 47770.7931832
            b:e 2319.4738828
            b:c 2365.8165094
            b:n 1702.4498811
            b:w 1854.0890334
            e:c 10420.6996744
            e:n 6037.5360823
            e:w 4731.1742913
            c:n 5394.7970175
            c:w 4877.4116113
            n:w 12727.8702207
          b:e:c 2009.5361593
          b:e:n 1109.6394048
          b:e:w 1074.7138347
          b:c:n 1063.2967782
          b:c:w 1131.8215974
          b:n:w 1995.0787578
          e:c:n 5197.5168223
          e:c:w 4381.9238904
          e:n:w 6089.6266568
          c:n:w 5943.3893368
        b:e:c:n 2079.8405699
        b:e:c:w 2049.1873477
        b:e:n:w 3150.9635249
        b:c:n:w 3093.8557622
        e:c:n:w 52693.3681803
