########################################
# legofit: estimate population history #
#            version 2.3.3             #
########################################

# Program was compiled: Sep 12 2021 17:54:39
# Program was run: Tue Sep 21 04:48:08 2021

# cmd: legofit -1 -d 0 -t 32 --ptsPerDim 3 --stateOut b1boot1.state --tol 3e-6 -S 5000 abc2.lgo ../../boot/boot1.opf
# Stage nOptItr nSimReps
#     0    5000        0
# algorithm          : deterministic
# ignoring probs <=  : 0
# Branch length floor: 0
# DE strategy        : 2
#    F               : 0.3
#    CR              : 0.8
#    tolerance       : 3e-06
# nthreads           : 32
# lgo input file     : abc2.lgo
# site pat input file: ../../boot/boot1.opf
# free parameters    : 15
# points in DE swarm : 45
# output state file  : b1boot1.state
# Including singleton site patterns.
# cost function      : KL
Initial parameter values
Fixed:
      zero = 0
       one = 1
    Tbecnw = 75200
Free:
       pc1 = 0
       pc2 = 0
       pc3 = 0
       pc4 = 0
       pc5 = 0
       pc6 = 0
       pc7 = 0
       pc8 = 0
       pc9 = 0
      pc10 = 0
      pc11 = 0
      pc12 = 0
      pc13 = 0
      pc14 = 0
      pc15 = 0
Constrained:
   Tgbecnw = 136695
     Tecnw = 27482.5
       Tnw = 15873.2
       Tec = 11479.3
     twoNb = 766954
     twoNe = 70498.3
     twoNn = 188675
    twoNec = 139201
    twoNnw = 40750.9
  twoNecnw = 70457.3
  twoNbecnw = 19221.7
  twoNgbecnw = 443377
         m = 0.0722946
        m2 = 0.0292749
        m3 = 0.276986
        Tb = 19480.9
        Ta = 47340.5
        Tc = 7936.62
DiffEv reached_goal. cost=1.72732e-03 spread=2.15976e-06
Fitted parameter values
Free:
       pc1 = -0.473309
       pc2 = 3.9743
       pc3 = -0.765015
       pc4 = -1.87288
       pc5 = -1.94815
       pc6 = 1.96665
       pc7 = 0.850632
       pc8 = 0.893827
       pc9 = 0.0590964
      pc10 = 0.248818
      pc11 = 0.0555746
      pc12 = -0.0934629
      pc13 = -0.00937786
      pc14 = 0.0936048
      pc15 = -0.00905167
Constrained:
   Tgbecnw = 106690
     Tecnw = 26057.1
       Tnw = 15399.9
       Tec = 10065.4
     twoNb = 678704
     twoNe = 48078.4
     twoNn = 352142
    twoNec = 140388
    twoNnw = 37789.8
  twoNecnw = 68223.6
  twoNbecnw = 10477.7
  twoNgbecnw = 473249
         m = 0.0637853
        m2 = 0.0299267
        m3 = 0.271091
        Tb = 18061.2
        Ta = 46630.6
        Tc = 7699.95
#       SitePat  BranchLen
              b 126093.8048663
              e 50121.8931173
              c 50736.7419761
              n 45225.9409082
              w 47634.8747899
            b:e 2310.7044604
            b:c 2355.0686917
            b:n 1687.8245728
            b:w 1830.8530477
            e:c 10435.8621642
            e:n 5993.3698897
            e:w 4729.8662400
            c:n 5378.5210308
            c:w 4870.3557371
            n:w 12705.6566818
          b:e:c 1998.9443009
          b:e:n 1098.0485529
          b:e:w 1064.9889920
          b:c:n 1053.6843217
          b:c:w 1119.8901204
          b:n:w 1983.5538162
          e:c:n 5148.5731170
          e:c:w 4358.2586474
          e:n:w 6064.7307384
          c:n:w 5924.2412413
        b:e:c:n 2060.5015860
        b:e:c:w 2037.3764379
        b:e:n:w 3153.3730030
        b:c:n:w 3098.4718745
        e:c:n:w 52370.5975304
