########################################
# legofit: estimate population history #
#            version 2.3.3             #
########################################

# Program was compiled: Sep 12 2021 17:54:39
# Program was run: Tue Sep 21 05:17:33 2021

# cmd: legofit -1 -d 0 -t 32 --ptsPerDim 3 --stateOut b1boot47.state --tol 3e-6 -S 5000 abc2.lgo ../../boot/boot47.opf
# Stage nOptItr nSimReps
#     0    5000        0
# algorithm          : deterministic
# ignoring probs <=  : 0
# Branch length floor: 0
# DE strategy        : 2
#    F               : 0.3
#    CR              : 0.8
#    tolerance       : 3e-06
# nthreads           : 32
# lgo input file     : abc2.lgo
# site pat input file: ../../boot/boot47.opf
# free parameters    : 15
# points in DE swarm : 45
# output state file  : b1boot47.state
# Including singleton site patterns.
# cost function      : KL
Initial parameter values
Fixed:
      zero = 0
       one = 1
    Tbecnw = 75200
Free:
       pc1 = 0
       pc2 = 0
       pc3 = 0
       pc4 = 0
       pc5 = 0
       pc6 = 0
       pc7 = 0
       pc8 = 0
       pc9 = 0
      pc10 = 0
      pc11 = 0
      pc12 = 0
      pc13 = 0
      pc14 = 0
      pc15 = 0
Constrained:
   Tgbecnw = 136695
     Tecnw = 27482.5
       Tnw = 15873.2
       Tec = 11479.3
     twoNb = 766954
     twoNe = 70498.3
     twoNn = 188675
    twoNec = 139201
    twoNnw = 40750.9
  twoNecnw = 70457.3
  twoNbecnw = 19221.7
  twoNgbecnw = 443377
         m = 0.0722946
        m2 = 0.0292749
        m3 = 0.276986
        Tb = 19480.9
        Ta = 47340.5
        Tc = 7936.62
DiffEv reached_goal. cost=1.74277e-03 spread=2.96725e-06
Fitted parameter values
Free:
       pc1 = -0.279023
       pc2 = 3.64829
       pc3 = -0.112434
       pc4 = -1.93904
       pc5 = -1.99969
       pc6 = 1.95679
       pc7 = 0.388661
       pc8 = 1.00225
       pc9 = -0.066802
      pc10 = 0.120079
      pc11 = 0.0193279
      pc12 = -0.0864285
      pc13 = 0.00248221
      pc14 = 0.0340321
      pc15 = -0.0466498
Constrained:
   Tgbecnw = 109412
     Tecnw = 26223.8
       Tnw = 15599.8
       Tec = 10354.5
     twoNb = 727635
     twoNe = 50902.1
     twoNn = 413441
    twoNec = 139753
    twoNnw = 37716.9
  twoNecnw = 67617.9
  twoNbecnw = 11116
  twoNgbecnw = 496901
         m = 0.0604121
        m2 = 0.0297588
        m3 = 0.274697
        Tb = 18289.2
        Ta = 46744.6
        Tc = 7799.88
#       SitePat  BranchLen
              b 126291.3439163
              e 50165.9639099
              c 50799.4290517
              n 45300.5673075
              w 47732.3380075
            b:e 2286.2364346
            b:c 2331.6773840
            b:n 1677.8837649
            b:w 1825.0617419
            e:c 10384.4635393
            e:n 6012.0751955
            e:w 4728.0243222
            c:n 5378.6100538
            c:w 4873.0629306
            n:w 12623.8383236
          b:e:c 1979.3479190
          b:e:n 1093.2585135
          b:e:w 1059.3628423
          b:c:n 1047.8175641
          b:c:w 1115.7904663
          b:n:w 1966.8239375
          e:c:n 5162.5669665
          e:c:w 4360.4638923
          e:n:w 6058.6615049
          c:n:w 5913.6228965
        b:e:c:n 2047.4216584
        b:e:c:w 2026.0968512
        b:e:n:w 3137.2235646
        b:c:n:w 3080.7959406
        e:c:n:w 52464.9755044
