########################################
# legofit: estimate population history #
#            version 2.3.3             #
########################################

# Program was compiled: Sep 12 2021 17:54:39
# Program was run: Tue Sep 21 04:48:43 2021

# cmd: legofit -1 -d 0 -t 32 --ptsPerDim 3 --stateOut b1boot2.state --tol 3e-6 -S 5000 abc2.lgo ../../boot/boot2.opf
# Stage nOptItr nSimReps
#     0    5000        0
# algorithm          : deterministic
# ignoring probs <=  : 0
# Branch length floor: 0
# DE strategy        : 2
#    F               : 0.3
#    CR              : 0.8
#    tolerance       : 3e-06
# nthreads           : 32
# lgo input file     : abc2.lgo
# site pat input file: ../../boot/boot2.opf
# free parameters    : 15
# points in DE swarm : 45
# output state file  : b1boot2.state
# Including singleton site patterns.
# cost function      : KL
Initial parameter values
Fixed:
      zero = 0
       one = 1
    Tbecnw = 75200
Free:
       pc1 = 0
       pc2 = 0
       pc3 = 0
       pc4 = 0
       pc5 = 0
       pc6 = 0
       pc7 = 0
       pc8 = 0
       pc9 = 0
      pc10 = 0
      pc11 = 0
      pc12 = 0
      pc13 = 0
      pc14 = 0
      pc15 = 0
Constrained:
   Tgbecnw = 136695
     Tecnw = 27482.5
       Tnw = 15873.2
       Tec = 11479.3
     twoNb = 766954
     twoNe = 70498.3
     twoNn = 188675
    twoNec = 139201
    twoNnw = 40750.9
  twoNecnw = 70457.3
  twoNbecnw = 19221.7
  twoNgbecnw = 443377
         m = 0.0722946
        m2 = 0.0292749
        m3 = 0.276986
        Tb = 19480.9
        Ta = 47340.5
        Tc = 7936.62
DiffEv reached_goal. cost=1.73844e-03 spread=2.93326e-06
Fitted parameter values
Free:
       pc1 = 1.25264
       pc2 = 3.86421
       pc3 = -0.632484
       pc4 = -1.91721
       pc5 = -1.89041
       pc6 = 1.65744
       pc7 = -0.0382444
       pc8 = 0.64437
       pc9 = -0.117946
      pc10 = 0.214078
      pc11 = -0.0618588
      pc12 = -0.123763
      pc13 = 0.00684363
      pc14 = 0.0757526
      pc15 = -0.0748159
Constrained:
   Tgbecnw = 108041
     Tecnw = 26625.3
       Tnw = 14498.4
       Tec = 9369.09
     twoNb = 811852
     twoNe = 43984.9
     twoNn = 389455
    twoNec = 152889
    twoNnw = 43308.1
  twoNecnw = 66486.1
  twoNbecnw = 10870.3
  twoNgbecnw = 478901
         m = 0.0625268
        m2 = 0.0294836
        m3 = 0.276013
        Tb = 17997.2
        Ta = 46598.6
        Tc = 7249.18
#       SitePat  BranchLen
              b 126305.4794326
              e 50202.8818358
              c 50824.9382372
              n 45321.6707038
              w 47761.0821005
            b:e 2282.1260691
            b:c 2326.0045785
            b:n 1683.1225866
            b:w 1831.2391335
            e:c 10363.9090688
            e:n 5995.2514913
            e:w 4710.4526437
            c:n 5373.1950899
            c:w 4850.0436678
            n:w 12620.2399695
          b:e:c 1978.3218443
          b:e:n 1096.4606034
          b:e:w 1064.2861075
          b:c:n 1052.5820940
          b:c:w 1118.8002651
          b:n:w 1967.4083489
          e:c:n 5154.6881285
          e:c:w 4361.1839395
          e:n:w 6037.8699387
          c:n:w 5898.2789146
        b:e:c:n 2052.1703716
        b:e:c:w 2032.0532437
        b:e:n:w 3133.2312852
        b:c:n:w 3078.7171276
        e:c:n:w 52537.1166480
