########################################
# legofit: estimate population history #
#            version 2.3.3             #
########################################

# Program was compiled: Sep 12 2021 17:54:39
# Program was run: Tue Sep 21 05:13:50 2021

# cmd: legofit -1 -d 0 -t 32 --ptsPerDim 3 --stateOut b1boot41.state --tol 3e-6 -S 5000 abc2.lgo ../../boot/boot41.opf
# Stage nOptItr nSimReps
#     0    5000        0
# algorithm          : deterministic
# ignoring probs <=  : 0
# Branch length floor: 0
# DE strategy        : 2
#    F               : 0.3
#    CR              : 0.8
#    tolerance       : 3e-06
# nthreads           : 32
# lgo input file     : abc2.lgo
# site pat input file: ../../boot/boot41.opf
# free parameters    : 15
# points in DE swarm : 45
# output state file  : b1boot41.state
# Including singleton site patterns.
# cost function      : KL
Initial parameter values
Fixed:
      zero = 0
       one = 1
    Tbecnw = 75200
Free:
       pc1 = 0
       pc2 = 0
       pc3 = 0
       pc4 = 0
       pc5 = 0
       pc6 = 0
       pc7 = 0
       pc8 = 0
       pc9 = 0
      pc10 = 0
      pc11 = 0
      pc12 = 0
      pc13 = 0
      pc14 = 0
      pc15 = 0
Constrained:
   Tgbecnw = 136695
     Tecnw = 27482.5
       Tnw = 15873.2
       Tec = 11479.3
     twoNb = 766954
     twoNe = 70498.3
     twoNn = 188675
    twoNec = 139201
    twoNnw = 40750.9
  twoNecnw = 70457.3
  twoNbecnw = 19221.7
  twoNgbecnw = 443377
         m = 0.0722946
        m2 = 0.0292749
        m3 = 0.276986
        Tb = 19480.9
        Ta = 47340.5
        Tc = 7936.62
DiffEv reached_goal. cost=1.71081e-03 spread=2.63168e-06
Fitted parameter values
Free:
       pc1 = -0.31287
       pc2 = 3.72808
       pc3 = -0.0317159
       pc4 = -1.99739
       pc5 = -1.99829
       pc6 = 1.19611
       pc7 = 0.17095
       pc8 = 0.795909
       pc9 = -0.546033
      pc10 = 0.0600522
      pc11 = -0.20548
      pc12 = -0.108687
      pc13 = -0.0209878
      pc14 = 0.0599311
      pc15 = 0.0217505
Constrained:
   Tgbecnw = 109097
     Tecnw = 26484.4
       Tnw = 15597.1
       Tec = 10778.3
     twoNb = 728929
     twoNe = 54013.5
     twoNn = 284577
    twoNec = 134991
    twoNnw = 38104.8
  twoNecnw = 66831.1
  twoNbecnw = 11036.7
  twoNgbecnw = 501709
         m = 0.0588484
        m2 = 0.029468
        m3 = 0.27306
        Tb = 18631.4
        Ta = 46915.7
        Tc = 7798.53
#       SitePat  BranchLen
              b 125997.2612973
              e 50104.5644518
              c 50791.1260405
              n 45227.0543404
              w 47737.6404255
            b:e 2290.9128753
            b:c 2340.5667380
            b:n 1680.6666139
            b:w 1838.7959082
            e:c 10420.1661697
            e:n 6014.8828140
            e:w 4677.2520983
            c:n 5328.3212254
            c:w 4834.6804674
            n:w 12677.4009442
          b:e:c 2001.7014697
          b:e:n 1097.0146462
          b:e:w 1058.8888902
          b:c:n 1047.3607835
          b:c:w 1120.3202772
          b:n:w 1988.6082594
          e:c:n 5184.8102788
          e:c:w 4350.4238168
          e:n:w 6064.2265164
          c:n:w 5906.7981473
        b:e:c:n 2061.3899001
        b:e:c:w 2023.4987467
        b:e:n:w 3132.6296649
        b:c:n:w 3071.1982778
        e:c:n:w 52268.4521214
