########################################
# legofit: estimate population history #
#            version 2.3.3             #
########################################

# Program was compiled: Sep 12 2021 17:54:39
# Program was run: Tue Sep 21 04:56:36 2021

# cmd: legofit -1 -d 0 -t 32 --ptsPerDim 3 --stateOut b1boot10.state --tol 3e-6 -S 5000 abc2.lgo ../../boot/boot10.opf
# Stage nOptItr nSimReps
#     0    5000        0
# algorithm          : deterministic
# ignoring probs <=  : 0
# Branch length floor: 0
# DE strategy        : 2
#    F               : 0.3
#    CR              : 0.8
#    tolerance       : 3e-06
# nthreads           : 32
# lgo input file     : abc2.lgo
# site pat input file: ../../boot/boot10.opf
# free parameters    : 15
# points in DE swarm : 45
# output state file  : b1boot10.state
# Including singleton site patterns.
# cost function      : KL
Initial parameter values
Fixed:
      zero = 0
       one = 1
    Tbecnw = 75200
Free:
       pc1 = 0
       pc2 = 0
       pc3 = 0
       pc4 = 0
       pc5 = 0
       pc6 = 0
       pc7 = 0
       pc8 = 0
       pc9 = 0
      pc10 = 0
      pc11 = 0
      pc12 = 0
      pc13 = 0
      pc14 = 0
      pc15 = 0
Constrained:
   Tgbecnw = 136695
     Tecnw = 27482.5
       Tnw = 15873.2
       Tec = 11479.3
     twoNb = 766954
     twoNe = 70498.3
     twoNn = 188675
    twoNec = 139201
    twoNnw = 40750.9
  twoNecnw = 70457.3
  twoNbecnw = 19221.7
  twoNgbecnw = 443377
         m = 0.0722946
        m2 = 0.0292749
        m3 = 0.276986
        Tb = 19480.9
        Ta = 47340.5
        Tc = 7936.62
DiffEv reached_goal. cost=1.74289e-03 spread=2.39576e-06
Fitted parameter values
Free:
       pc1 = -1.71209
       pc2 = 3.99369
       pc3 = 0.112204
       pc4 = -1.52273
       pc5 = -1.716
       pc6 = 1.56927
       pc7 = 1.16878
       pc8 = 1.05047
       pc9 = -0.560626
      pc10 = -0.0374854
      pc11 = -0.0563777
      pc12 = -0.0754542
      pc13 = 0.0198623
      pc14 = 0.070723
      pc15 = 0.0215857
Constrained:
   Tgbecnw = 109413
     Tecnw = 26099.9
       Tnw = 16324.9
       Tec = 11555.9
     twoNb = 563934
     twoNe = 58853.7
     twoNn = 272955
    twoNec = 124844
    twoNnw = 34288.4
  twoNecnw = 67836.9
  twoNbecnw = 11105
  twoNgbecnw = 501158
         m = 0.0606652
        m2 = 0.0302689
        m3 = 0.267142
        Tb = 18827.9
        Ta = 47013.9
        Tc = 8162.47
#       SitePat  BranchLen
              b 126660.9942397
              e 50104.3442077
              c 50796.9875531
              n 45205.2564939
              w 47661.0515343
            b:e 2327.1836446
            b:c 2378.4000829
            b:n 1682.0363020
            b:w 1827.7375372
            e:c 10434.2561197
            e:n 6015.6243152
            e:w 4697.0970461
            c:n 5322.9809698
            c:w 4858.8307237
            n:w 12716.0815989
          b:e:c 2006.2420032
          b:e:n 1094.7050707
          b:e:w 1054.2395069
          b:c:n 1043.4886324
          b:c:w 1117.3114241
          b:n:w 1988.0826578
          e:c:n 5175.9696615
          e:c:w 4356.6559541
          e:n:w 6108.7040769
          c:n:w 5946.9703993
        b:e:c:n 2054.4100023
        b:e:c:w 2021.5477511
        b:e:n:w 3159.7411762
        b:c:n:w 3096.6692590
        e:c:n:w 52902.0688739
