########################################
# legofit: estimate population history #
#            version 2.3.3             #
########################################

# Program was compiled: Sep 12 2021 17:54:39
# Program was run: Tue Sep 21 05:00:56 2021

# cmd: legofit -1 -d 0 -t 32 --ptsPerDim 3 --stateOut b1boot15.state --tol 3e-6 -S 5000 abc2.lgo ../../boot/boot15.opf
# Stage nOptItr nSimReps
#     0    5000        0
# algorithm          : deterministic
# ignoring probs <=  : 0
# Branch length floor: 0
# DE strategy        : 2
#    F               : 0.3
#    CR              : 0.8
#    tolerance       : 3e-06
# nthreads           : 32
# lgo input file     : abc2.lgo
# site pat input file: ../../boot/boot15.opf
# free parameters    : 15
# points in DE swarm : 45
# output state file  : b1boot15.state
# Including singleton site patterns.
# cost function      : KL
Initial parameter values
Fixed:
      zero = 0
       one = 1
    Tbecnw = 75200
Free:
       pc1 = 0
       pc2 = 0
       pc3 = 0
       pc4 = 0
       pc5 = 0
       pc6 = 0
       pc7 = 0
       pc8 = 0
       pc9 = 0
      pc10 = 0
      pc11 = 0
      pc12 = 0
      pc13 = 0
      pc14 = 0
      pc15 = 0
Constrained:
   Tgbecnw = 136695
     Tecnw = 27482.5
       Tnw = 15873.2
       Tec = 11479.3
     twoNb = 766954
     twoNe = 70498.3
     twoNn = 188675
    twoNec = 139201
    twoNnw = 40750.9
  twoNecnw = 70457.3
  twoNbecnw = 19221.7
  twoNgbecnw = 443377
         m = 0.0722946
        m2 = 0.0292749
        m3 = 0.276986
        Tb = 19480.9
        Ta = 47340.5
        Tc = 7936.62
DiffEv reached_goal. cost=1.74719e-03 spread=2.73167e-06
Fitted parameter values
Free:
       pc1 = -1.64965
       pc2 = 3.74243
       pc3 = 0.409386
       pc4 = -1.83319
       pc5 = -1.84396
       pc6 = 0.87151
       pc7 = 0.139088
       pc8 = 0.199433
       pc9 = -0.153664
      pc10 = -0.0957209
      pc11 = 0.0549192
      pc12 = -0.0888479
      pc13 = -0.0445665
      pc14 = 0.0370127
      pc15 = 0.0117032
Constrained:
   Tgbecnw = 111567
     Tecnw = 26205.9
       Tnw = 15781.2
       Tec = 11649.8
     twoNb = 565443
     twoNe = 76171.6
     twoNn = 209351
    twoNec = 124679
    twoNnw = 36561.8
  twoNecnw = 67911.1
  twoNbecnw = 11582.2
  twoNgbecnw = 516147
         m = 0.0582932
        m2 = 0.0293157
        m3 = 0.275375
        Tb = 18927.8
        Ta = 47063.9
        Tc = 7890.6
#       SitePat  BranchLen
              b 126428.1715382
              e 50166.0850471
              c 50781.2387298
              n 45310.4691057
              w 47767.3529852
            b:e 2294.9915054
            b:c 2339.7979229
            b:n 1673.6303218
            b:w 1819.3621499
            e:c 10427.3993674
            e:n 5979.5196040
            e:w 4710.5882063
            c:n 5364.3659213
            c:w 4853.3241627
            n:w 12692.1991536
          b:e:c 1982.4466325
          b:e:n 1084.0160352
          b:e:w 1050.1745581
          b:c:n 1039.2096178
          b:c:w 1105.1956227
          b:n:w 1965.9655978
          e:c:n 5182.5296071
          e:c:w 4359.1835531
          e:n:w 6053.6259426
          c:n:w 5910.8899862
        b:e:c:n 2041.4356923
        b:e:c:w 2009.9946944
        b:e:n:w 3099.1549952
        b:c:n:w 3044.1339306
        e:c:n:w 52536.5354824
