########################################
# legofit: estimate population history #
#            version 2.3.3             #
########################################

# Program was compiled: Sep 12 2021 17:54:39
# Program was run: Tue Sep 21 05:08:16 2021

# cmd: legofit -1 -d 0 -t 32 --ptsPerDim 3 --stateOut b1boot33.state --tol 3e-6 -S 5000 abc2.lgo ../../boot/boot33.opf
# Stage nOptItr nSimReps
#     0    5000        0
# algorithm          : deterministic
# ignoring probs <=  : 0
# Branch length floor: 0
# DE strategy        : 2
#    F               : 0.3
#    CR              : 0.8
#    tolerance       : 3e-06
# nthreads           : 32
# lgo input file     : abc2.lgo
# site pat input file: ../../boot/boot33.opf
# free parameters    : 15
# points in DE swarm : 45
# output state file  : b1boot33.state
# Including singleton site patterns.
# cost function      : KL
Initial parameter values
Fixed:
      zero = 0
       one = 1
    Tbecnw = 75200
Free:
       pc1 = 0
       pc2 = 0
       pc3 = 0
       pc4 = 0
       pc5 = 0
       pc6 = 0
       pc7 = 0
       pc8 = 0
       pc9 = 0
      pc10 = 0
      pc11 = 0
      pc12 = 0
      pc13 = 0
      pc14 = 0
      pc15 = 0
Constrained:
   Tgbecnw = 136695
     Tecnw = 27482.5
       Tnw = 15873.2
       Tec = 11479.3
     twoNb = 766954
     twoNe = 70498.3
     twoNn = 188675
    twoNec = 139201
    twoNnw = 40750.9
  twoNecnw = 70457.3
  twoNbecnw = 19221.7
  twoNgbecnw = 443377
         m = 0.0722946
        m2 = 0.0292749
        m3 = 0.276986
        Tb = 19480.9
        Ta = 47340.5
        Tc = 7936.62
DiffEv reached_goal. cost=1.73202e-03 spread=2.55263e-06
Fitted parameter values
Free:
       pc1 = -3.35894
       pc2 = 3.93707
       pc3 = -1.74976
       pc4 = -1.9558
       pc5 = -1.91885
       pc6 = 1.97174
       pc7 = -0.0496088
       pc8 = 0.647809
       pc9 = -0.295544
      pc10 = 0.242644
      pc11 = 0.15237
      pc12 = -0.0377434
      pc13 = -0.110622
      pc14 = 0.231691
      pc15 = -0.0306675
Constrained:
   Tgbecnw = 101487
     Tecnw = 25519.8
       Tnw = 16447.9
       Tec = 12474.4
     twoNb = 621524
     twoNe = 85940.5
     twoNn = 269000
    twoNec = 111698
    twoNnw = 31576.8
  twoNecnw = 69649.7
  twoNbecnw = 9114.08
  twoNgbecnw = 425186
         m = 0.0734665
        m2 = 0.0294648
        m3 = 0.272349
        Tb = 18997.1
        Ta = 47098.6
        Tc = 8223.94
#       SitePat  BranchLen
              b 125990.0766001
              e 49910.8240304
              c 50508.9276775
              n 45016.6319826
              w 47408.3931975
            b:e 2277.9258558
            b:c 2321.9950057
            b:n 1655.1250898
            b:w 1798.6408377
            e:c 10386.3068148
            e:n 5930.7010424
            e:w 4696.1626972
            c:n 5332.5973953
            c:w 4836.9908402
            n:w 12682.1734662
          b:e:c 1978.1472101
          b:e:n 1075.3070491
          b:e:w 1042.8238664
          b:c:n 1031.2378991
          b:c:w 1097.3120034
          b:n:w 1962.2767060
          e:c:n 5121.8548004
          e:c:w 4312.2247413
          e:n:w 6019.4867684
          c:n:w 5878.6586254
        b:e:c:n 2032.0830139
        b:e:c:w 2002.9901323
        b:e:n:w 3103.1924343
        b:c:n:w 3048.7042972
        e:c:n:w 52527.8077173
