########################################
# legofit: estimate population history #
#            version 2.3.3             #
########################################

# Program was compiled: Sep 12 2021 17:54:39
# Program was run: Tue Sep 21 04:55:59 2021

# cmd: legofit -1 -d 0 -t 32 --ptsPerDim 3 --stateOut b1boot8.state --tol 3e-6 -S 5000 abc2.lgo ../../boot/boot8.opf
# Stage nOptItr nSimReps
#     0    5000        0
# algorithm          : deterministic
# ignoring probs <=  : 0
# Branch length floor: 0
# DE strategy        : 2
#    F               : 0.3
#    CR              : 0.8
#    tolerance       : 3e-06
# nthreads           : 32
# lgo input file     : abc2.lgo
# site pat input file: ../../boot/boot8.opf
# free parameters    : 15
# points in DE swarm : 45
# output state file  : b1boot8.state
# Including singleton site patterns.
# cost function      : KL
Initial parameter values
Fixed:
      zero = 0
       one = 1
    Tbecnw = 75200
Free:
       pc1 = 0
       pc2 = 0
       pc3 = 0
       pc4 = 0
       pc5 = 0
       pc6 = 0
       pc7 = 0
       pc8 = 0
       pc9 = 0
      pc10 = 0
      pc11 = 0
      pc12 = 0
      pc13 = 0
      pc14 = 0
      pc15 = 0
Constrained:
   Tgbecnw = 136695
     Tecnw = 27482.5
       Tnw = 15873.2
       Tec = 11479.3
     twoNb = 766954
     twoNe = 70498.3
     twoNn = 188675
    twoNec = 139201
    twoNnw = 40750.9
  twoNecnw = 70457.3
  twoNbecnw = 19221.7
  twoNgbecnw = 443377
         m = 0.0722946
        m2 = 0.0292749
        m3 = 0.276986
        Tb = 19480.9
        Ta = 47340.5
        Tc = 7936.62
DiffEv reached_goal. cost=1.74553e-03 spread=1.66477e-06
Fitted parameter values
Free:
       pc1 = 0.911986
       pc2 = 3.84736
       pc3 = -1.00082
       pc4 = -1.98979
       pc5 = -1.98355
       pc6 = 1.95334
       pc7 = 0.817148
       pc8 = -0.029126
       pc9 = 0.0339511
      pc10 = 0.269013
      pc11 = 0.00468051
      pc12 = 0.00677628
      pc13 = -0.0128273
      pc14 = 0.126969
      pc15 = -0.014452
Constrained:
   Tgbecnw = 107214
     Tecnw = 26439
       Tnw = 14580.2
       Tec = 8963.97
     twoNb = 641596
     twoNe = 33017.6
     twoNn = 372623
    twoNec = 154481
    twoNnw = 41780.8
  twoNecnw = 67445
  twoNbecnw = 10725
  twoNgbecnw = 458420
         m = 0.0658266
        m2 = 0.0294271
        m3 = 0.27448
        Tb = 17701.5
        Ta = 46450.7
        Tc = 7290.12
#       SitePat  BranchLen
              b 126157.6228976
              e 50145.0920650
              c 50796.9807982
              n 45214.3077771
              w 47704.1621194
            b:e 2300.5951801
            b:c 2346.6141651
            b:n 1675.6792169
            b:w 1817.8760631
            e:c 10424.8768139
            e:n 6020.4154892
            e:w 4702.3569317
            c:n 5368.5267560
            c:w 4848.2715012
            n:w 12730.4862974
          b:e:c 1980.3392751
          b:e:n 1091.0983459
          b:e:w 1055.9607544
          b:c:n 1045.0793609
          b:c:w 1112.5608414
          b:n:w 1963.8607155
          e:c:n 5137.0254974
          e:c:w 4337.6611560
          e:n:w 6051.8459348
          c:n:w 5905.9313654
        b:e:c:n 2042.6876958
        b:e:c:w 2015.9708070
        b:e:n:w 3115.5816717
        b:c:n:w 3058.9815848
        e:c:n:w 52359.0010966
