########################################
# legofit: estimate population history #
#            version 2.3.3             #
########################################

# Program was compiled: Sep 12 2021 17:54:39
# Program was run: Tue Sep 21 05:16:54 2021

# cmd: legofit -1 -d 0 -t 32 --ptsPerDim 3 --stateOut b1boot46.state --tol 3e-6 -S 5000 abc2.lgo ../../boot/boot46.opf
# Stage nOptItr nSimReps
#     0    5000        0
# algorithm          : deterministic
# ignoring probs <=  : 0
# Branch length floor: 0
# DE strategy        : 2
#    F               : 0.3
#    CR              : 0.8
#    tolerance       : 3e-06
# nthreads           : 32
# lgo input file     : abc2.lgo
# site pat input file: ../../boot/boot46.opf
# free parameters    : 15
# points in DE swarm : 45
# output state file  : b1boot46.state
# Including singleton site patterns.
# cost function      : KL
Initial parameter values
Fixed:
      zero = 0
       one = 1
    Tbecnw = 75200
Free:
       pc1 = 0
       pc2 = 0
       pc3 = 0
       pc4 = 0
       pc5 = 0
       pc6 = 0
       pc7 = 0
       pc8 = 0
       pc9 = 0
      pc10 = 0
      pc11 = 0
      pc12 = 0
      pc13 = 0
      pc14 = 0
      pc15 = 0
Constrained:
   Tgbecnw = 136695
     Tecnw = 27482.5
       Tnw = 15873.2
       Tec = 11479.3
     twoNb = 766954
     twoNe = 70498.3
     twoNn = 188675
    twoNec = 139201
    twoNnw = 40750.9
  twoNecnw = 70457.3
  twoNbecnw = 19221.7
  twoNgbecnw = 443377
         m = 0.0722946
        m2 = 0.0292749
        m3 = 0.276986
        Tb = 19480.9
        Ta = 47340.5
        Tc = 7936.62
DiffEv reached_goal. cost=1.68388e-03 spread=2.92035e-06
Fitted parameter values
Free:
       pc1 = 0.955439
       pc2 = 3.75641
       pc3 = -2.23402
       pc4 = -1.88797
       pc5 = -1.93626
       pc6 = 1.81099
       pc7 = 0.701163
       pc8 = 0.0774545
       pc9 = -0.493379
      pc10 = 0.445629
      pc11 = 0.156828
      pc12 = 0.0687403
      pc13 = -0.0765094
      pc14 = 0.201158
      pc15 = -0.0294631
Constrained:
   Tgbecnw = 104456
     Tecnw = 26439.2
       Tnw = 14642
       Tec = 8949.05
     twoNb = 723593
     twoNe = 31742.4
     twoNn = 306530
    twoNec = 154433
    twoNnw = 41871.9
  twoNecnw = 67013.8
  twoNbecnw = 10350.1
  twoNgbecnw = 406008
         m = 0.0747829
        m2 = 0.0292939
        m3 = 0.269418
        Tb = 17694.1
        Ta = 46447.1
        Tc = 7320.98
#       SitePat  BranchLen
              b 126417.7462213
              e 50100.9469849
              c 50747.2859087
              n 45192.9939756
              w 47641.6498149
            b:e 2315.8246937
            b:c 2361.8435059
            b:n 1691.1450442
            b:w 1835.1629286
            e:c 10452.8923256
            e:n 6010.1626278
            e:w 4711.6220700
            c:n 5363.8237041
            c:w 4857.1628886
            n:w 12738.3400166
          b:e:c 2000.1007357
          b:e:n 1100.5301857
          b:e:w 1065.4668002
          b:c:n 1054.5113735
          b:c:w 1122.0004978
          b:n:w 1985.5981111
          e:c:n 5162.2424545
          e:c:w 4372.8809822
          e:n:w 6093.0697922
          c:n:w 5947.5289736
        b:e:c:n 2059.7038590
        b:e:c:w 2029.1672867
        b:e:n:w 3131.4944958
        b:c:n:w 3074.9607982
        e:c:n:w 52639.1514228
