########################################
# legofit: estimate population history #
#            version 2.3.3             #
########################################

# Program was compiled: Sep 12 2021 17:54:39
# Program was run: Tue Sep 21 05:00:55 2021

# cmd: legofit -1 -d 0 -t 32 --ptsPerDim 3 --stateOut b1boot16.state --tol 3e-6 -S 5000 abc2.lgo ../../boot/boot16.opf
# Stage nOptItr nSimReps
#     0    5000        0
# algorithm          : deterministic
# ignoring probs <=  : 0
# Branch length floor: 0
# DE strategy        : 2
#    F               : 0.3
#    CR              : 0.8
#    tolerance       : 3e-06
# nthreads           : 32
# lgo input file     : abc2.lgo
# site pat input file: ../../boot/boot16.opf
# free parameters    : 15
# points in DE swarm : 45
# output state file  : b1boot16.state
# Including singleton site patterns.
# cost function      : KL
Initial parameter values
Fixed:
      zero = 0
       one = 1
    Tbecnw = 75200
Free:
       pc1 = 0
       pc2 = 0
       pc3 = 0
       pc4 = 0
       pc5 = 0
       pc6 = 0
       pc7 = 0
       pc8 = 0
       pc9 = 0
      pc10 = 0
      pc11 = 0
      pc12 = 0
      pc13 = 0
      pc14 = 0
      pc15 = 0
Constrained:
   Tgbecnw = 136695
     Tecnw = 27482.5
       Tnw = 15873.2
       Tec = 11479.3
     twoNb = 766954
     twoNe = 70498.3
     twoNn = 188675
    twoNec = 139201
    twoNnw = 40750.9
  twoNecnw = 70457.3
  twoNbecnw = 19221.7
  twoNgbecnw = 443377
         m = 0.0722946
        m2 = 0.0292749
        m3 = 0.276986
        Tb = 19480.9
        Ta = 47340.5
        Tc = 7936.62
DiffEv reached_goal. cost=1.69941e-03 spread=2.31432e-06
Fitted parameter values
Free:
       pc1 = -3.54738
       pc2 = 3.95615
       pc3 = -0.548701
       pc4 = -1.98713
       pc5 = -1.98613
       pc6 = 1.90824
       pc7 = 0.0588397
       pc8 = 0.735675
       pc9 = -0.207462
      pc10 = 0.0380531
      pc11 = -0.0746412
      pc12 = -0.0217076
      pc13 = -0.0673943
      pc14 = 0.115056
      pc15 = -0.0289417
Constrained:
   Tgbecnw = 104168
     Tecnw = 25587.8
       Tnw = 16705.9
       Tec = 12923.9
     twoNb = 564810
     twoNe = 85709.9
     twoNn = 300277
    twoNec = 107432
    twoNnw = 30877.7
  twoNecnw = 69535.6
  twoNbecnw = 9634.6
  twoNgbecnw = 474656
         m = 0.0650132
        m2 = 0.0296028
        m3 = 0.274615
        Tb = 19255.9
        Ta = 47227.9
        Tc = 8352.96
#       SitePat  BranchLen
              b 125993.4762493
              e 49923.6501028
              c 50569.4719983
              n 45066.7120512
              w 47527.4095083
            b:e 2292.3215451
            b:c 2340.4810257
            b:n 1665.3409391
            b:w 1814.8535488
            e:c 10386.7378199
            e:n 5977.9725644
            e:w 4693.3560977
            c:n 5332.1506689
            c:w 4846.2730642
            n:w 12656.8638663
          b:e:c 1990.6690674
          b:e:n 1084.5067867
          b:e:w 1047.8105668
          b:c:n 1036.3473061
          b:c:w 1107.2428249
          b:n:w 1972.7910409
          e:c:n 5155.0904532
          e:c:w 4317.4178071
          e:n:w 6028.8182009
          c:n:w 5875.9012343
        b:e:c:n 2050.3925034
        b:e:c:w 2014.1498893
        b:e:n:w 3119.4381359
        b:c:n:w 3060.0058778
        e:c:n:w 52507.4959023
