########################################
# legofit: estimate population history #
#            version 2.3.3             #
########################################

# Program was compiled: Sep 12 2021 17:54:39
# Program was run: Tue Sep 21 04:55:22 2021

# cmd: legofit -1 -d 0 -t 32 --ptsPerDim 3 --stateOut b1boot7.state --tol 3e-6 -S 5000 abc2.lgo ../../boot/boot7.opf
# Stage nOptItr nSimReps
#     0    5000        0
# algorithm          : deterministic
# ignoring probs <=  : 0
# Branch length floor: 0
# DE strategy        : 2
#    F               : 0.3
#    CR              : 0.8
#    tolerance       : 3e-06
# nthreads           : 32
# lgo input file     : abc2.lgo
# site pat input file: ../../boot/boot7.opf
# free parameters    : 15
# points in DE swarm : 45
# output state file  : b1boot7.state
# Including singleton site patterns.
# cost function      : KL
Initial parameter values
Fixed:
      zero = 0
       one = 1
    Tbecnw = 75200
Free:
       pc1 = 0
       pc2 = 0
       pc3 = 0
       pc4 = 0
       pc5 = 0
       pc6 = 0
       pc7 = 0
       pc8 = 0
       pc9 = 0
      pc10 = 0
      pc11 = 0
      pc12 = 0
      pc13 = 0
      pc14 = 0
      pc15 = 0
Constrained:
   Tgbecnw = 136695
     Tecnw = 27482.5
       Tnw = 15873.2
       Tec = 11479.3
     twoNb = 766954
     twoNe = 70498.3
     twoNn = 188675
    twoNec = 139201
    twoNnw = 40750.9
  twoNecnw = 70457.3
  twoNbecnw = 19221.7
  twoNgbecnw = 443377
         m = 0.0722946
        m2 = 0.0292749
        m3 = 0.276986
        Tb = 19480.9
        Ta = 47340.5
        Tc = 7936.62
DiffEv reached_goal. cost=1.72601e-03 spread=2.90727e-06
Fitted parameter values
Free:
       pc1 = 0.723052
       pc2 = 3.55675
       pc3 = -0.112097
       pc4 = -1.97587
       pc5 = -1.67843
       pc6 = 1.54435
       pc7 = -0.411499
       pc8 = 0.889594
       pc9 = 0.0778632
      pc10 = 0.0847734
      pc11 = -0.105922
      pc12 = 0.0403989
      pc13 = -0.0460117
      pc14 = 0.00982536
      pc15 = -0.023222
Constrained:
   Tgbecnw = 111002
     Tecnw = 26563.6
       Tnw = 14706.1
       Tec = 10051.4
     twoNb = 844237
     twoNe = 52347.4
     twoNn = 388891
    twoNec = 144041
    twoNnw = 41834.8
  twoNecnw = 66892.8
  twoNbecnw = 11612.5
  twoNgbecnw = 498722
         m = 0.0604175
        m2 = 0.029508
        m3 = 0.28102
        Tb = 18307.5
        Ta = 46753.7
        Tc = 7353.03
#       SitePat  BranchLen
              b 126879.2609051
              e 50233.7866300
              c 50905.9611971
              n 45323.4878523
              w 47860.4569651
            b:e 2280.3710604
            b:c 2328.1110645
            b:n 1685.6166491
            b:w 1845.0697232
            e:c 10411.7058055
            e:n 6064.6121828
            e:w 4717.1998822
            c:n 5392.4376157
            c:w 4869.4261082
            n:w 12670.9431118
          b:e:c 1986.0379748
          b:e:n 1100.8853486
          b:e:w 1065.5010173
          b:c:n 1053.1453445
          b:c:w 1125.0161339
          b:n:w 1977.6814846
          e:c:n 5210.2698237
          e:c:w 4373.0537335
          e:n:w 6064.4477493
          c:n:w 5912.2215233
        b:e:c:n 2063.3761543
        b:e:c:w 2038.1074383
        b:e:n:w 3149.7451541
        b:c:n:w 3090.2300375
        e:c:n:w 52909.0556550
