########################################
# legofit: estimate population history #
#            version 2.3.3             #
########################################

# Program was compiled: Sep 12 2021 17:54:39
# Program was run: Tue Sep 21 05:04:36 2021

# cmd: legofit -1 -d 0 -t 32 --ptsPerDim 3 --stateOut b1boot26.state --tol 3e-6 -S 5000 abc2.lgo ../../boot/boot26.opf
# Stage nOptItr nSimReps
#     0    5000        0
# algorithm          : deterministic
# ignoring probs <=  : 0
# Branch length floor: 0
# DE strategy        : 2
#    F               : 0.3
#    CR              : 0.8
#    tolerance       : 3e-06
# nthreads           : 32
# lgo input file     : abc2.lgo
# site pat input file: ../../boot/boot26.opf
# free parameters    : 15
# points in DE swarm : 45
# output state file  : b1boot26.state
# Including singleton site patterns.
# cost function      : KL
Initial parameter values
Fixed:
      zero = 0
       one = 1
    Tbecnw = 75200
Free:
       pc1 = 0
       pc2 = 0
       pc3 = 0
       pc4 = 0
       pc5 = 0
       pc6 = 0
       pc7 = 0
       pc8 = 0
       pc9 = 0
      pc10 = 0
      pc11 = 0
      pc12 = 0
      pc13 = 0
      pc14 = 0
      pc15 = 0
Constrained:
   Tgbecnw = 136695
     Tecnw = 27482.5
       Tnw = 15873.2
       Tec = 11479.3
     twoNb = 766954
     twoNe = 70498.3
     twoNn = 188675
    twoNec = 139201
    twoNnw = 40750.9
  twoNecnw = 70457.3
  twoNbecnw = 19221.7
  twoNgbecnw = 443377
         m = 0.0722946
        m2 = 0.0292749
        m3 = 0.276986
        Tb = 19480.9
        Ta = 47340.5
        Tc = 7936.62
DiffEv reached_goal. cost=1.70892e-03 spread=2.65292e-06
Fitted parameter values
Free:
       pc1 = -1.82683
       pc2 = 3.93985
       pc3 = -1.69526
       pc4 = -1.88995
       pc5 = -1.95115
       pc6 = 1.88865
       pc7 = 0.47258
       pc8 = 0.458008
       pc9 = -0.126215
      pc10 = 0.196092
      pc11 = -0.198123
      pc12 = -0.0793739
      pc13 = -0.137156
      pc14 = 0.170088
      pc15 = -0.0488312
Constrained:
   Tgbecnw = 102485
     Tecnw = 25911.8
       Tnw = 15811.8
       Tec = 11199.1
     twoNb = 628799
     twoNe = 61829.4
     twoNn = 279934
    twoNec = 125302
    twoNnw = 36124.7
  twoNecnw = 69452.2
  twoNbecnw = 9404.39
  twoNgbecnw = 434682
         m = 0.0714891
        m2 = 0.0295345
        m3 = 0.270992
        Tb = 18555.4
        Ta = 46877.7
        Tc = 7905.9
#       SitePat  BranchLen
              b 126108.8181895
              e 50041.4309132
              c 50695.2739742
              n 45294.9151788
              w 47784.6639277
            b:e 2298.4690567
            b:c 2346.1991835
            b:n 1684.6071667
            b:w 1835.0767299
            e:c 10452.5880925
            e:n 6013.3133719
            e:w 4705.8230239
            c:n 5359.4703108
            c:w 4856.3163744
            n:w 12632.7880808
          b:e:c 1997.9722242
          b:e:n 1097.2323665
          b:e:w 1061.1459524
          b:c:n 1049.5022397
          b:c:w 1120.1094567
          b:n:w 1982.7153696
          e:c:n 5162.0193243
          e:c:w 4335.1607190
          e:n:w 6000.8421131
          c:n:w 5850.3487626
        b:e:c:n 2073.7700621
        b:e:c:w 2036.5338780
        b:e:n:w 3133.7403629
        b:c:n:w 3074.7768585
        e:c:n:w 52490.6278004
