########################################
# legofit: estimate population history #
#            version 2.3.3             #
########################################

# Program was compiled: Sep 12 2021 17:54:39
# Program was run: Tue Sep 21 05:12:37 2021

# cmd: legofit -1 -d 0 -t 32 --ptsPerDim 3 --stateOut b1boot36.state --tol 3e-6 -S 5000 abc2.lgo ../../boot/boot36.opf
# Stage nOptItr nSimReps
#     0    5000        0
# algorithm          : deterministic
# ignoring probs <=  : 0
# Branch length floor: 0
# DE strategy        : 2
#    F               : 0.3
#    CR              : 0.8
#    tolerance       : 3e-06
# nthreads           : 32
# lgo input file     : abc2.lgo
# site pat input file: ../../boot/boot36.opf
# free parameters    : 15
# points in DE swarm : 45
# output state file  : b1boot36.state
# Including singleton site patterns.
# cost function      : KL
Initial parameter values
Fixed:
      zero = 0
       one = 1
    Tbecnw = 75200
Free:
       pc1 = 0
       pc2 = 0
       pc3 = 0
       pc4 = 0
       pc5 = 0
       pc6 = 0
       pc7 = 0
       pc8 = 0
       pc9 = 0
      pc10 = 0
      pc11 = 0
      pc12 = 0
      pc13 = 0
      pc14 = 0
      pc15 = 0
Constrained:
   Tgbecnw = 136695
     Tecnw = 27482.5
       Tnw = 15873.2
       Tec = 11479.3
     twoNb = 766954
     twoNe = 70498.3
     twoNn = 188675
    twoNec = 139201
    twoNnw = 40750.9
  twoNecnw = 70457.3
  twoNbecnw = 19221.7
  twoNgbecnw = 443377
         m = 0.0722946
        m2 = 0.0292749
        m3 = 0.276986
        Tb = 19480.9
        Ta = 47340.5
        Tc = 7936.62
DiffEv reached_goal. cost=1.75374e-03 spread=1.67663e-06
Fitted parameter values
Free:
       pc1 = -0.37275
       pc2 = 3.9783
       pc3 = -1.59109
       pc4 = -1.92914
       pc5 = -1.94279
       pc6 = 1.59103
       pc7 = 0.994154
       pc8 = 1.20447
       pc9 = -0.266016
      pc10 = 0.324151
      pc11 = -0.0980057
      pc12 = -0.141803
      pc13 = -0.0587696
      pc14 = 0.156645
      pc15 = -0.00478541
Constrained:
   Tgbecnw = 104308
     Tecnw = 26120.9
       Tnw = 15514.1
       Tec = 9980.09
     twoNb = 762210
     twoNe = 41610
     twoNn = 244649
    twoNec = 140016
    twoNnw = 37903
  twoNecnw = 68237.9
  twoNbecnw = 9914.43
  twoNgbecnw = 448187
         m = 0.0680421
        m2 = 0.029937
        m3 = 0.265962
        Tb = 18050.5
        Ta = 46625.2
        Tc = 7757.05
#       SitePat  BranchLen
              b 126081.6964465
              e 50074.9028023
              c 50728.1743984
              n 45237.2671862
              w 47669.3817492
            b:e 2292.5788264
            b:c 2339.4637600
            b:n 1680.9453737
            b:w 1829.3957862
            e:c 10455.9377617
            e:n 5998.2411763
            e:w 4702.6841357
            c:n 5344.9695802
            c:w 4851.2882144
            n:w 12677.1522391
          b:e:c 1997.2832991
          b:e:n 1095.9768300
          b:e:w 1060.7413521
          b:c:n 1049.0918964
          b:c:w 1119.0615349
          b:n:w 1984.8414229
          e:c:n 5141.2182101
          e:c:w 4343.1338193
          e:n:w 6037.5079140
          c:n:w 5888.9038354
        b:e:c:n 2059.8495827
        b:e:c:w 2031.8732809
        b:e:n:w 3154.2840269
        b:c:n:w 3095.9638442
        e:c:n:w 52426.8343967
