########################################
# legofit: estimate population history #
#            version 2.3.3             #
########################################

# Program was compiled: Sep 12 2021 17:54:39
# Program was run: Tue Sep 21 05:18:44 2021

# cmd: legofit -1 -d 0 -t 32 --ptsPerDim 3 --stateOut b1boot48.state --tol 3e-6 -S 5000 abc2.lgo ../../boot/boot48.opf
# Stage nOptItr nSimReps
#     0    5000        0
# algorithm          : deterministic
# ignoring probs <=  : 0
# Branch length floor: 0
# DE strategy        : 2
#    F               : 0.3
#    CR              : 0.8
#    tolerance       : 3e-06
# nthreads           : 32
# lgo input file     : abc2.lgo
# site pat input file: ../../boot/boot48.opf
# free parameters    : 15
# points in DE swarm : 45
# output state file  : b1boot48.state
# Including singleton site patterns.
# cost function      : KL
Initial parameter values
Fixed:
      zero = 0
       one = 1
    Tbecnw = 75200
Free:
       pc1 = 0
       pc2 = 0
       pc3 = 0
       pc4 = 0
       pc5 = 0
       pc6 = 0
       pc7 = 0
       pc8 = 0
       pc9 = 0
      pc10 = 0
      pc11 = 0
      pc12 = 0
      pc13 = 0
      pc14 = 0
      pc15 = 0
Constrained:
   Tgbecnw = 136695
     Tecnw = 27482.5
       Tnw = 15873.2
       Tec = 11479.3
     twoNb = 766954
     twoNe = 70498.3
     twoNn = 188675
    twoNec = 139201
    twoNnw = 40750.9
  twoNecnw = 70457.3
  twoNbecnw = 19221.7
  twoNgbecnw = 443377
         m = 0.0722946
        m2 = 0.0292749
        m3 = 0.276986
        Tb = 19480.9
        Ta = 47340.5
        Tc = 7936.62
DiffEv reached_goal. cost=1.75758e-03 spread=2.73843e-06
Fitted parameter values
Free:
       pc1 = 0.575317
       pc2 = 3.77318
       pc3 = -0.569726
       pc4 = -1.30978
       pc5 = -1.773
       pc6 = 1.75067
       pc7 = 0.0846149
       pc8 = 1.15845
       pc9 = -0.00457351
      pc10 = 0.218085
      pc11 = -0.131258
      pc12 = 0.00479392
      pc13 = -0.0775479
      pc14 = 0.038733
      pc15 = 0.0190152
Constrained:
   Tgbecnw = 109947
     Tecnw = 26477.3
       Tnw = 14637.8
       Tec = 10028.3
     twoNb = 822617
     twoNe = 49947.2
     twoNn = 420178
    twoNec = 141587
    twoNnw = 42335.3
  twoNecnw = 67305.7
  twoNbecnw = 11466.3
  twoNgbecnw = 477446
         m = 0.0629705
        m2 = 0.0299134
        m3 = 0.27143
        Tb = 18252.8
        Ta = 46726.4
        Tc = 7318.9
#       SitePat  BranchLen
              b 126716.4379978
              e 50227.0775528
              c 50909.6330824
              n 45349.3080579
              w 47860.0631447
            b:e 2294.8653713
            b:c 2343.5857919
            b:n 1694.4864787
            b:w 1852.3492285
            e:c 10488.2136578
            e:n 6059.9895523
            e:w 4718.4473134
            c:n 5377.4340227
            c:w 4873.1190737
            n:w 12734.6052027
          b:e:c 2002.4688643
          b:e:n 1104.6301562
          b:e:w 1067.9792665
          b:c:n 1055.9097356
          b:c:w 1128.6411908
          b:n:w 1993.7137142
          e:c:n 5214.6622571
          e:c:w 4386.1019845
          e:n:w 6073.8642215
          c:n:w 5919.1924612
        b:e:c:n 2073.8561469
        b:e:c:w 2043.5752381
        b:e:n:w 3164.7415856
        b:c:n:w 3104.0796613
        e:c:n:w 52720.8473897
