########################################
# legofit: estimate population history #
#            version 2.3.3             #
########################################

# Program was compiled: Sep 12 2021 17:54:39
# Program was run: Tue Sep 21 05:10:09 2021

# cmd: legofit -1 -d 0 -t 32 --ptsPerDim 3 --stateOut b1boot34.state --tol 3e-6 -S 5000 abc2.lgo ../../boot/boot34.opf
# Stage nOptItr nSimReps
#     0    5000        0
# algorithm          : deterministic
# ignoring probs <=  : 0
# Branch length floor: 0
# DE strategy        : 2
#    F               : 0.3
#    CR              : 0.8
#    tolerance       : 3e-06
# nthreads           : 32
# lgo input file     : abc2.lgo
# site pat input file: ../../boot/boot34.opf
# free parameters    : 15
# points in DE swarm : 45
# output state file  : b1boot34.state
# Including singleton site patterns.
# cost function      : KL
Initial parameter values
Fixed:
      zero = 0
       one = 1
    Tbecnw = 75200
Free:
       pc1 = 0
       pc2 = 0
       pc3 = 0
       pc4 = 0
       pc5 = 0
       pc6 = 0
       pc7 = 0
       pc8 = 0
       pc9 = 0
      pc10 = 0
      pc11 = 0
      pc12 = 0
      pc13 = 0
      pc14 = 0
      pc15 = 0
Constrained:
   Tgbecnw = 136695
     Tecnw = 27482.5
       Tnw = 15873.2
       Tec = 11479.3
     twoNb = 766954
     twoNe = 70498.3
     twoNn = 188675
    twoNec = 139201
    twoNnw = 40750.9
  twoNecnw = 70457.3
  twoNbecnw = 19221.7
  twoNgbecnw = 443377
         m = 0.0722946
        m2 = 0.0292749
        m3 = 0.276986
        Tb = 19480.9
        Ta = 47340.5
        Tc = 7936.62
DiffEv reached_goal. cost=1.74997e-03 spread=2.61221e-06
Fitted parameter values
Free:
       pc1 = -0.493744
       pc2 = 3.94332
       pc3 = -0.722658
       pc4 = -1.90771
       pc5 = -1.97934
       pc6 = 1.75934
       pc7 = 1.06507
       pc8 = 0.385935
       pc9 = -0.182328
      pc10 = 0.227806
      pc11 = 0.138675
      pc12 = 0.068798
      pc13 = -0.0377314
      pc14 = 0.0884924
      pc15 = -0.0260244
Constrained:
   Tgbecnw = 107578
     Tecnw = 26099.3
       Tnw = 15429.7
       Tec = 10091.7
     twoNb = 591952
     twoNe = 44290.2
     twoNn = 301990
    twoNec = 140514
    twoNnw = 37834.1
  twoNecnw = 67745.5
  twoNbecnw = 10754.1
  twoNgbecnw = 468694
         m = 0.0644393
        m2 = 0.0296979
        m3 = 0.270703
        Tb = 18095.5
        Ta = 46647.7
        Tc = 7714.86
#       SitePat  BranchLen
              b 126177.7677907
              e 49996.0855005
              c 50662.6601329
              n 45129.4607763
              w 47586.0566640
            b:e 2303.6789554
            b:c 2351.6623678
            b:n 1672.7979441
            b:w 1813.3045659
            e:c 10406.7075978
            e:n 6023.7163807
            e:w 4714.7209788
            c:n 5357.1417484
            c:w 4867.3366797
            n:w 12673.0793511
          b:e:c 1977.6453475
          b:e:n 1088.7730467
          b:e:w 1051.3359307
          b:c:n 1040.7896343
          b:c:w 1110.2664039
          b:n:w 1959.8949871
          e:c:n 5154.0180858
          e:c:w 4352.3757511
          e:n:w 6075.2877791
          c:n:w 5922.6720782
        b:e:c:n 2038.1341357
        b:e:c:w 2009.4348112
        b:e:n:w 3115.0789148
        b:c:n:w 3056.1484416
        e:c:n:w 52459.7201954
