########################################
# legofit: estimate population history #
#       version 2.3.4-4-g53f8760       #
########################################

# Program was compiled: Sep 21 2021 14:36:42
# Program was run: Fri Sep 24 07:52:58 2021

# cmd: legofit -1 -d 0 -t 32 --ptsPerDim 3 --stateOut b1boot13.state --tol 3e-6 -S 5000 acde2.lgo ../../boot/boot13.opf
# Stage nOptItr nSimReps
#     0    5000        0
# algorithm          : deterministic
# ignoring probs <=  : 0
# Branch length floor: 0
# DE strategy        : 2
#    F               : 0.3
#    CR              : 0.8
#    tolerance       : 3e-06
# nthreads           : 32
# lgo input file     : acde2.lgo
# site pat input file: ../../boot/boot13.opf
# free parameters    : 18
# points in DE swarm : 54
# output state file  : b1boot13.state
# Including singleton site patterns.
# cost function      : KL
Initial parameter values
Fixed:
      zero = 0
       one = 1
    Tbecnw = 75200
Free:
       pc1 = 0
       pc2 = 0
       pc3 = 0
       pc4 = 0
       pc5 = 0
       pc6 = 0
       pc7 = 0
       pc8 = 0
       pc9 = 0
      pc10 = 0
      pc11 = 0
      pc12 = 0
      pc13 = 0
      pc14 = 0
      pc15 = 0
      pc16 = 0
      pc17 = 0
      pc18 = 0
Constrained:
   Tgbecnw = 95562.7
     Tecnw = 25872.2
       Tnw = 21276.5
       Tec = 11567.2
     twoNb = 3.77159e+06
     twoNe = 21366.6
     twoNc = 748266
     twoNn = 1.16924e+06
     twoNw = 1.78367e+07
    twoNec = 125846
    twoNnw = 15896.6
  twoNecnw = 81733.4
  twoNbecnw = 9361.47
  twoNgbecnw = 234072
         m = 0.157782
        m3 = 0.202566
        m4 = 0.0184745
        m5 = 0.0790278
        Ta = 43383.6
        Tc = 10638.2
        Td = 5319.12
        Te = 2659.56
DiffEv reached_goal. cost=1.69713e-03 spread=1.52443e-06
Fitted parameter values
Free:
       pc1 = -2.30493
       pc2 = 1.97115
       pc3 = 1.7439
       pc4 = 0.158601
       pc5 = 1.69523
       pc6 = 1.85539
       pc7 = 0.492062
       pc8 = 0.510919
       pc9 = 1.23719
      pc10 = -0.925089
      pc11 = -1.14857
      pc12 = 0.67593
      pc13 = -0.054566
      pc14 = 0.19918
      pc15 = 0.0238379
      pc16 = -0.0259869
      pc17 = -0.0244058
      pc18 = 0.0565201
Constrained:
   Tgbecnw = 85807.7
     Tecnw = 24700.5
       Tnw = 23351.2
       Tec = 12098.2
     twoNb = 5.04885e+06
     twoNe = 8461.01
     twoNc = 952929
     twoNn = 4.01872e+06
     twoNw = 4.50185e+07
    twoNec = 110831
    twoNnw = 4606.81
  twoNecnw = 81626.5
  twoNbecnw = 5085.89
  twoNgbecnw = 226723
         m = 0.160821
        m3 = 0.190077
        m4 = 0.0188892
        m5 = 0.0793963
        Ta = 43649.1
        Tc = 11675.6
        Td = 5837.81
        Te = 2918.9
#       SitePat  BranchLen
              b 127719.0497478
              e 49659.4356520
              c 52189.4188530
              n 46142.0869144
              w 47905.6173403
            b:e 2128.3489887
            b:c 2539.4785394
            b:n 1726.9915919
            b:w 1886.1942831
            e:c 10671.7957129
            e:n 5919.5163918
            e:w 5235.8932236
            c:n 5257.4447227
            c:w 4785.4917068
            n:w 12903.6747788
          b:e:c 2180.5185741
          b:e:n 1141.8009185
          b:e:w 1138.3426586
          b:c:n 1140.8908822
          b:c:w 1156.9739122
          b:n:w 2138.2762703
          e:c:n 4934.1738469
          e:c:w 4326.2196051
          e:n:w 6640.3910402
          c:n:w 5590.1377776
        b:e:c:n 2162.7169235
        b:e:c:w 1990.8894622
        b:e:n:w 3228.0489445
        b:c:n:w 2431.9409391
        e:c:n:w 53352.3711783
