########################################
# legofit: estimate population history #
#       version 2.3.4-4-g53f8760       #
########################################

# Program was compiled: Sep 21 2021 14:36:42
# Program was run: Fri Sep 24 07:52:28 2021

# cmd: legofit -1 -d 0 -t 32 --ptsPerDim 3 --stateOut b1boot7.state --tol 3e-6 -S 5000 acde2.lgo ../../boot/boot7.opf
# Stage nOptItr nSimReps
#     0    5000        0
# algorithm          : deterministic
# ignoring probs <=  : 0
# Branch length floor: 0
# DE strategy        : 2
#    F               : 0.3
#    CR              : 0.8
#    tolerance       : 3e-06
# nthreads           : 32
# lgo input file     : acde2.lgo
# site pat input file: ../../boot/boot7.opf
# free parameters    : 18
# points in DE swarm : 54
# output state file  : b1boot7.state
# Including singleton site patterns.
# cost function      : KL
Initial parameter values
Fixed:
      zero = 0
       one = 1
    Tbecnw = 75200
Free:
       pc1 = 0
       pc2 = 0
       pc3 = 0
       pc4 = 0
       pc5 = 0
       pc6 = 0
       pc7 = 0
       pc8 = 0
       pc9 = 0
      pc10 = 0
      pc11 = 0
      pc12 = 0
      pc13 = 0
      pc14 = 0
      pc15 = 0
      pc16 = 0
      pc17 = 0
      pc18 = 0
Constrained:
   Tgbecnw = 95562.7
     Tecnw = 25872.2
       Tnw = 21276.5
       Tec = 11567.2
     twoNb = 3.77159e+06
     twoNe = 21366.6
     twoNc = 748266
     twoNn = 1.16924e+06
     twoNw = 1.78367e+07
    twoNec = 125846
    twoNnw = 15896.6
  twoNecnw = 81733.4
  twoNbecnw = 9361.47
  twoNgbecnw = 234072
         m = 0.157782
        m3 = 0.202566
        m4 = 0.0184745
        m5 = 0.0790278
        Ta = 43383.6
        Tc = 10638.2
        Td = 5319.12
        Te = 2659.56
DiffEv reached_goal. cost=1.70094e-03 spread=2.77907e-06
Fitted parameter values
Free:
       pc1 = -1.15966
       pc2 = 1.98572
       pc3 = 1.78127
       pc4 = 1.7442
       pc5 = 0.334902
       pc6 = 0.775459
       pc7 = 0.554679
       pc8 = 1.52599
       pc9 = 1.70404
      pc10 = -1.12484
      pc11 = -0.131866
      pc12 = -0.21059
      pc13 = -0.0412176
      pc14 = 0.0381186
      pc15 = -0.0426464
      pc16 = -0.00287669
      pc17 = -0.0286348
      pc18 = 0.0341419
Constrained:
   Tgbecnw = 85362.9
     Tecnw = 24619.9
       Tnw = 22291.5
       Tec = 11419.7
     twoNb = 6.28326e+06
     twoNe = 5900.24
     twoNc = 452191
     twoNn = 1.99262e+06
     twoNw = 3.77254e+07
    twoNec = 118287
    twoNnw = 7987.73
  twoNecnw = 81963.2
  twoNbecnw = 4807.57
  twoNgbecnw = 233548
         m = 0.156717
        m3 = 0.206131
        m4 = 0.0187312
        m5 = 0.0723761
        Ta = 43309.8
        Tc = 11145.7
        Td = 5572.86
        Te = 2786.43
#       SitePat  BranchLen
              b 127707.1200114
              e 49616.7810295
              c 52059.3304991
              n 46040.0831059
              w 47937.1792414
            b:e 2130.0668858
            b:c 2519.9867627
            b:n 1731.4333160
            b:w 1901.5222315
            e:c 10629.6576784
            e:n 5980.8613760
            e:w 5241.0938050
            c:n 5326.3518172
            c:w 4815.7132917
            n:w 12868.6455449
          b:e:c 2168.9930506
          b:e:n 1151.3132506
          b:e:w 1147.3292867
          b:c:n 1149.0236249
          b:c:w 1166.7457255
          b:n:w 2127.3594429
          e:c:n 4963.1560649
          e:c:w 4316.4660259
          e:n:w 6554.0133387
          c:n:w 5568.9180707
        b:e:c:n 2184.1163931
        b:e:c:w 2000.2893411
        b:e:n:w 3223.4734572
        b:c:n:w 2438.8621803
        e:c:n:w 53440.0244342
