########################################
# legofit: estimate population history #
#       version 2.3.4-4-g53f8760       #
########################################

# Program was compiled: Sep 21 2021 14:36:42
# Program was run: Fri Sep 24 07:56:29 2021

# cmd: legofit -1 -d 0 -t 32 --ptsPerDim 3 --stateOut b1boot48.state --tol 3e-6 -S 5000 acde2.lgo ../../boot/boot48.opf
# Stage nOptItr nSimReps
#     0    5000        0
# algorithm          : deterministic
# ignoring probs <=  : 0
# Branch length floor: 0
# DE strategy        : 2
#    F               : 0.3
#    CR              : 0.8
#    tolerance       : 3e-06
# nthreads           : 32
# lgo input file     : acde2.lgo
# site pat input file: ../../boot/boot48.opf
# free parameters    : 18
# points in DE swarm : 54
# output state file  : b1boot48.state
# Including singleton site patterns.
# cost function      : KL
Initial parameter values
Fixed:
      zero = 0
       one = 1
    Tbecnw = 75200
Free:
       pc1 = 0
       pc2 = 0
       pc3 = 0
       pc4 = 0
       pc5 = 0
       pc6 = 0
       pc7 = 0
       pc8 = 0
       pc9 = 0
      pc10 = 0
      pc11 = 0
      pc12 = 0
      pc13 = 0
      pc14 = 0
      pc15 = 0
      pc16 = 0
      pc17 = 0
      pc18 = 0
Constrained:
   Tgbecnw = 95562.7
     Tecnw = 25872.2
       Tnw = 21276.5
       Tec = 11567.2
     twoNb = 3.77159e+06
     twoNe = 21366.6
     twoNc = 748266
     twoNn = 1.16924e+06
     twoNw = 1.78367e+07
    twoNec = 125846
    twoNnw = 15896.6
  twoNecnw = 81733.4
  twoNbecnw = 9361.47
  twoNgbecnw = 234072
         m = 0.157782
        m3 = 0.202566
        m4 = 0.0184745
        m5 = 0.0790278
        Ta = 43383.6
        Tc = 10638.2
        Td = 5319.12
        Te = 2659.56
DiffEv reached_goal. cost=1.70980e-03 spread=2.68448e-06
Fitted parameter values
Free:
       pc1 = -0.783995
       pc2 = 1.98432
       pc3 = 0.031418
       pc4 = -0.115855
       pc5 = 0.0132922
       pc6 = 1.3094
       pc7 = 0.681427
       pc8 = 0.3866
       pc9 = 1.58826
      pc10 = -1.34718
      pc11 = -0.0952118
      pc12 = 0.298114
      pc13 = -0.00462287
      pc14 = 0.0365481
      pc15 = 0.0701012
      pc16 = -0.0261176
      pc17 = -0.00718979
      pc18 = 0.0254904
Constrained:
   Tgbecnw = 85912.5
     Tecnw = 24863.6
       Tnw = 22487.4
       Tec = 11292.5
     twoNb = 3.58414e+06
     twoNe = 1034.24
     twoNc = 853660
     twoNn = 2.17298e+06
     twoNw = 1.87252e+07
    twoNec = 119263
    twoNnw = 8033.33
  twoNecnw = 81605.2
  twoNbecnw = 5080.47
  twoNgbecnw = 234217
         m = 0.154241
        m3 = 0.203669
        m4 = 0.0182921
        m5 = 0.079416
        Ta = 43246.2
        Tc = 11243.7
        Td = 5621.86
        Te = 2810.93
#       SitePat  BranchLen
              b 127616.1893293
              e 49670.4329151
              c 52189.1333861
              n 46109.4970746
              w 47999.2927261
            b:e 2152.8388124
            b:c 2559.8296385
            b:n 1748.3747342
            b:w 1919.4806206
            e:c 10688.4600626
            e:n 5978.4168932
            e:w 5257.5629940
            c:n 5315.5031143
            c:w 4792.8428693
            n:w 12933.1719369
          b:e:c 2202.2687350
          b:e:n 1159.9638927
          b:e:w 1158.3078840
          b:c:n 1160.7743049
          b:c:w 1176.1643015
          b:n:w 2159.2352613
          e:c:n 4974.3123321
          e:c:w 4328.0308247
          e:n:w 6623.8051298
          c:n:w 5586.3146706
        b:e:c:n 2203.6966280
        b:e:c:w 2018.8567536
        b:e:n:w 3243.1220794
        b:c:n:w 2463.8878847
        e:c:n:w 53282.9153540
