########################################
# legofit: estimate population history #
#       version 2.3.4-4-g53f8760       #
########################################

# Program was compiled: Sep 21 2021 14:36:42
# Program was run: Fri Sep 24 07:55:55 2021

# cmd: legofit -1 -d 0 -t 32 --ptsPerDim 3 --stateOut b1boot45.state --tol 3e-6 -S 5000 acde2.lgo ../../boot/boot45.opf
# Stage nOptItr nSimReps
#     0    5000        0
# algorithm          : deterministic
# ignoring probs <=  : 0
# Branch length floor: 0
# DE strategy        : 2
#    F               : 0.3
#    CR              : 0.8
#    tolerance       : 3e-06
# nthreads           : 32
# lgo input file     : acde2.lgo
# site pat input file: ../../boot/boot45.opf
# free parameters    : 18
# points in DE swarm : 54
# output state file  : b1boot45.state
# Including singleton site patterns.
# cost function      : KL
Initial parameter values
Fixed:
      zero = 0
       one = 1
    Tbecnw = 75200
Free:
       pc1 = 0
       pc2 = 0
       pc3 = 0
       pc4 = 0
       pc5 = 0
       pc6 = 0
       pc7 = 0
       pc8 = 0
       pc9 = 0
      pc10 = 0
      pc11 = 0
      pc12 = 0
      pc13 = 0
      pc14 = 0
      pc15 = 0
      pc16 = 0
      pc17 = 0
      pc18 = 0
Constrained:
   Tgbecnw = 95562.7
     Tecnw = 25872.2
       Tnw = 21276.5
       Tec = 11567.2
     twoNb = 3.77159e+06
     twoNe = 21366.6
     twoNc = 748266
     twoNn = 1.16924e+06
     twoNw = 1.78367e+07
    twoNec = 125846
    twoNnw = 15896.6
  twoNecnw = 81733.4
  twoNbecnw = 9361.47
  twoNgbecnw = 234072
         m = 0.157782
        m3 = 0.202566
        m4 = 0.0184745
        m5 = 0.0790278
        Ta = 43383.6
        Tc = 10638.2
        Td = 5319.12
        Te = 2659.56
DiffEv reached_goal. cost=1.73157e-03 spread=2.95236e-06
Fitted parameter values
Free:
       pc1 = -1.33541
       pc2 = 1.99688
       pc3 = 2.10523
       pc4 = 1.42776
       pc5 = -0.0827815
       pc6 = 1.08245
       pc7 = -0.660332
       pc8 = 1.45823
       pc9 = 1.84633
      pc10 = -0.707444
      pc11 = -0.54486
      pc12 = 0.0916193
      pc13 = 0.00550199
      pc14 = 0.142599
      pc15 = -0.0380031
      pc16 = -0.0294314
      pc17 = -0.0126424
      pc18 = 0.0248483
Constrained:
   Tgbecnw = 85551.9
     Tecnw = 24614.4
       Tnw = 22669.8
       Tec = 11750.8
     twoNb = 5.61793e+06
     twoNe = 8412.59
     twoNc = 33710.2
     twoNn = 1.2403e+06
     twoNw = 3.71081e+07
    twoNec = 114879
    twoNnw = 6705.02
  twoNecnw = 80942.6
  twoNbecnw = 4847.79
  twoNgbecnw = 237003
         m = 0.151835
        m3 = 0.196445
        m4 = 0.0190266
        m5 = 0.0714997
        Ta = 43475.4
        Tc = 11334.9
        Td = 5667.45
        Te = 2833.72
#       SitePat  BranchLen
              b 127243.2632757
              e 49481.7227324
              c 51919.3715737
              n 45940.4918740
              w 47760.8771400
            b:e 2110.7496486
            b:c 2498.7588145
            b:n 1714.2769636
            b:w 1877.1668512
            e:c 10610.3339365
            e:n 5925.5412026
            e:w 5202.5708030
            c:n 5265.7317711
            c:w 4792.0375322
            n:w 12833.3379590
          b:e:c 2153.7477594
          b:e:n 1136.4499736
          b:e:w 1130.5998572
          b:c:n 1132.7167869
          b:c:w 1151.5637384
          b:n:w 2112.2840824
          e:c:n 4932.9652549
          e:c:w 4309.2446276
          e:n:w 6548.2131863
          c:n:w 5564.3104952
        b:e:c:n 2153.0935348
        b:e:c:w 1977.2068122
        b:e:n:w 3201.6699885
        b:c:n:w 2413.0262445
        e:c:n:w 53132.4654497
