########################################
# legofit: estimate population history #
#       version 2.3.4-4-g53f8760       #
########################################

# Program was compiled: Sep 21 2021 14:36:42
# Program was run: Fri Sep 24 07:51:52 2021

# cmd: legofit -1 -d 0 -t 32 --ptsPerDim 3 --stateOut b1boot1.state --tol 3e-6 -S 5000 acde2.lgo ../../boot/boot1.opf
# Stage nOptItr nSimReps
#     0    5000        0
# algorithm          : deterministic
# ignoring probs <=  : 0
# Branch length floor: 0
# DE strategy        : 2
#    F               : 0.3
#    CR              : 0.8
#    tolerance       : 3e-06
# nthreads           : 32
# lgo input file     : acde2.lgo
# site pat input file: ../../boot/boot1.opf
# free parameters    : 18
# points in DE swarm : 54
# output state file  : b1boot1.state
# Including singleton site patterns.
# cost function      : KL
Initial parameter values
Fixed:
      zero = 0
       one = 1
    Tbecnw = 75200
Free:
       pc1 = 0
       pc2 = 0
       pc3 = 0
       pc4 = 0
       pc5 = 0
       pc6 = 0
       pc7 = 0
       pc8 = 0
       pc9 = 0
      pc10 = 0
      pc11 = 0
      pc12 = 0
      pc13 = 0
      pc14 = 0
      pc15 = 0
      pc16 = 0
      pc17 = 0
      pc18 = 0
Constrained:
   Tgbecnw = 95562.7
     Tecnw = 25872.2
       Tnw = 21276.5
       Tec = 11567.2
     twoNb = 3.77159e+06
     twoNe = 21366.6
     twoNc = 748266
     twoNn = 1.16924e+06
     twoNw = 1.78367e+07
    twoNec = 125846
    twoNnw = 15896.6
  twoNecnw = 81733.4
  twoNbecnw = 9361.47
  twoNgbecnw = 234072
         m = 0.157782
        m3 = 0.202566
        m4 = 0.0184745
        m5 = 0.0790278
        Ta = 43383.6
        Tc = 10638.2
        Td = 5319.12
        Te = 2659.56
DiffEv reached_goal. cost=1.68647e-03 spread=2.07414e-06
Fitted parameter values
Free:
       pc1 = -0.291296
       pc2 = 1.98146
       pc3 = 0.25941
       pc4 = 0.345104
       pc5 = -1.24065
       pc6 = 1.28355
       pc7 = -0.184073
       pc8 = -0.0450139
       pc9 = 1.59224
      pc10 = -1.46302
      pc11 = 0.104968
      pc12 = 0.396127
      pc13 = 0.0878316
      pc14 = 0.076625
      pc15 = 0.0268211
      pc16 = -0.0149069
      pc17 = -0.040647
      pc18 = 0.00679299
Constrained:
   Tgbecnw = 84629.3
     Tecnw = 24881.6
       Tnw = 21964.2
       Tec = 11189.8
     twoNb = 3.06331e+06
     twoNe = 4857.18
     twoNc = 26294.5
     twoNn = 1.18791e+06
     twoNw = 9.61484e+06
    twoNec = 120993
    twoNnw = 9788.56
  twoNecnw = 80554.8
  twoNbecnw = 4508.92
  twoNgbecnw = 230655
         m = 0.154563
        m3 = 0.203958
        m4 = 0.0185036
        m5 = 0.0777036
        Ta = 43194.9
        Tc = 10982.1
        Td = 5491.05
        Te = 2745.52
#       SitePat  BranchLen
              b 126744.4999482
              e 49491.6793585
              c 51958.7260151
              n 45851.4597689
              w 47693.6193509
            b:e 2125.0049214
            b:c 2530.3613194
            b:n 1720.2097345
            b:w 1885.7139338
            e:c 10620.2166539
            e:n 5904.0191553
            e:w 5218.7134515
            c:n 5275.8715061
            c:w 4748.6519589
            n:w 12933.3700025
          b:e:c 2173.0174015
          b:e:n 1139.1418323
          b:e:w 1139.7927675
          b:c:n 1142.4750257
          b:c:w 1155.0774334
          b:n:w 2129.7859938
          e:c:n 4922.8950676
          e:c:w 4293.2607365
          e:n:w 6587.6074283
          c:n:w 5563.1689230
        b:e:c:n 2164.1700073
        b:e:c:w 1985.4124650
        b:e:n:w 3199.1305050
        b:c:n:w 2430.7568015
        e:c:n:w 52700.4887752
