########################################
# legofit: estimate population history #
#       version 2.3.4-4-g53f8760       #
########################################

# Program was compiled: Sep 21 2021 14:36:42
# Program was run: Fri Sep 24 07:54:12 2021

# cmd: legofit -1 -d 0 -t 32 --ptsPerDim 3 --stateOut b1boot27.state --tol 3e-6 -S 5000 acde2.lgo ../../boot/boot27.opf
# Stage nOptItr nSimReps
#     0    5000        0
# algorithm          : deterministic
# ignoring probs <=  : 0
# Branch length floor: 0
# DE strategy        : 2
#    F               : 0.3
#    CR              : 0.8
#    tolerance       : 3e-06
# nthreads           : 32
# lgo input file     : acde2.lgo
# site pat input file: ../../boot/boot27.opf
# free parameters    : 18
# points in DE swarm : 54
# output state file  : b1boot27.state
# Including singleton site patterns.
# cost function      : KL
Initial parameter values
Fixed:
      zero = 0
       one = 1
    Tbecnw = 75200
Free:
       pc1 = 0
       pc2 = 0
       pc3 = 0
       pc4 = 0
       pc5 = 0
       pc6 = 0
       pc7 = 0
       pc8 = 0
       pc9 = 0
      pc10 = 0
      pc11 = 0
      pc12 = 0
      pc13 = 0
      pc14 = 0
      pc15 = 0
      pc16 = 0
      pc17 = 0
      pc18 = 0
Constrained:
   Tgbecnw = 95562.7
     Tecnw = 25872.2
       Tnw = 21276.5
       Tec = 11567.2
     twoNb = 3.77159e+06
     twoNe = 21366.6
     twoNc = 748266
     twoNn = 1.16924e+06
     twoNw = 1.78367e+07
    twoNec = 125846
    twoNnw = 15896.6
  twoNecnw = 81733.4
  twoNbecnw = 9361.47
  twoNgbecnw = 234072
         m = 0.157782
        m3 = 0.202566
        m4 = 0.0184745
        m5 = 0.0790278
        Ta = 43383.6
        Tc = 10638.2
        Td = 5319.12
        Te = 2659.56
DiffEv reached_goal. cost=1.69123e-03 spread=2.00027e-06
Fitted parameter values
Free:
       pc1 = -0.8469
       pc2 = 1.98752
       pc3 = 1.72847
       pc4 = 0.481408
       pc5 = -0.180588
       pc6 = 1.30547
       pc7 = -0.370898
       pc8 = 0.576079
       pc9 = 1.54042
      pc10 = -1.77805
      pc11 = -0.675373
      pc12 = 0.115289
      pc13 = -0.0248241
      pc14 = 0.17731
      pc15 = 0.00481965
      pc16 = -0.0193091
      pc17 = -0.0362925
      pc18 = 0.0352444
Constrained:
   Tgbecnw = 84687.7
     Tecnw = 24851.3
       Tnw = 22537.2
       Tec = 11492.1
     twoNb = 4.43853e+06
     twoNe = 4436.15
     twoNc = 135770
     twoNn = 2.80498e+06
     twoNw = 2.28134e+07
    twoNec = 119193
    twoNnw = 7914.92
  twoNecnw = 79747.6
  twoNbecnw = 4546.9
  twoNgbecnw = 230911
         m = 0.155245
        m3 = 0.196548
        m4 = 0.0189124
        m5 = 0.0737075
        Ta = 43346.1
        Tc = 11268.6
        Td = 5634.29
        Te = 2817.15
#       SitePat  BranchLen
              b 127098.5007884
              e 49436.8113254
              c 51902.2479576
              n 45876.8969543
              w 47698.9688137
            b:e 2126.8248132
            b:c 2527.6198293
            b:n 1724.2041510
            b:w 1888.2918312
            e:c 10594.9994533
            e:n 5918.8046277
            e:w 5195.6252346
            c:n 5248.9078584
            c:w 4774.0848089
            n:w 12835.5196359
          b:e:c 2170.2777917
          b:e:n 1143.0174436
          b:e:w 1137.3484609
          b:c:n 1139.8178840
          b:c:w 1158.4542283
          b:n:w 2128.1478054
          e:c:n 4941.6830027
          e:c:w 4317.6135859
          e:n:w 6592.9858533
          c:n:w 5583.7251506
        b:e:c:n 2163.1784783
        b:e:c:w 1986.1234363
        b:e:n:w 3211.8450721
        b:c:n:w 2428.4046617
        e:c:n:w 53094.9185484
