########################################
# legofit: estimate population history #
#       version 2.3.4-4-g53f8760       #
########################################

# Program was compiled: Sep 21 2021 14:36:42
# Program was run: Fri Sep 24 07:54:07 2021

# cmd: legofit -1 -d 0 -t 32 --ptsPerDim 3 --stateOut b1boot25.state --tol 3e-6 -S 5000 acde2.lgo ../../boot/boot25.opf
# Stage nOptItr nSimReps
#     0    5000        0
# algorithm          : deterministic
# ignoring probs <=  : 0
# Branch length floor: 0
# DE strategy        : 2
#    F               : 0.3
#    CR              : 0.8
#    tolerance       : 3e-06
# nthreads           : 32
# lgo input file     : acde2.lgo
# site pat input file: ../../boot/boot25.opf
# free parameters    : 18
# points in DE swarm : 54
# output state file  : b1boot25.state
# Including singleton site patterns.
# cost function      : KL
Initial parameter values
Fixed:
      zero = 0
       one = 1
    Tbecnw = 75200
Free:
       pc1 = 0
       pc2 = 0
       pc3 = 0
       pc4 = 0
       pc5 = 0
       pc6 = 0
       pc7 = 0
       pc8 = 0
       pc9 = 0
      pc10 = 0
      pc11 = 0
      pc12 = 0
      pc13 = 0
      pc14 = 0
      pc15 = 0
      pc16 = 0
      pc17 = 0
      pc18 = 0
Constrained:
   Tgbecnw = 95562.7
     Tecnw = 25872.2
       Tnw = 21276.5
       Tec = 11567.2
     twoNb = 3.77159e+06
     twoNe = 21366.6
     twoNc = 748266
     twoNn = 1.16924e+06
     twoNw = 1.78367e+07
    twoNec = 125846
    twoNnw = 15896.6
  twoNecnw = 81733.4
  twoNbecnw = 9361.47
  twoNgbecnw = 234072
         m = 0.157782
        m3 = 0.202566
        m4 = 0.0184745
        m5 = 0.0790278
        Ta = 43383.6
        Tc = 10638.2
        Td = 5319.12
        Te = 2659.56
DiffEv reached_goal. cost=1.70722e-03 spread=2.96696e-06
Fitted parameter values
Free:
       pc1 = -0.709756
       pc2 = 1.96284
       pc3 = 1.39718
       pc4 = 1.13413
       pc5 = 0.284309
       pc6 = 0.928553
       pc7 = -0.173551
       pc8 = 0.326886
       pc9 = 1.66427
      pc10 = -1.47808
      pc11 = -0.332511
      pc12 = -0.231223
      pc13 = 0.0168231
      pc14 = 0.183175
      pc15 = 0.00479315
      pc16 = 0.0461867
      pc17 = -0.0313834
      pc18 = 0.0181219
Constrained:
   Tgbecnw = 85777.2
     Tecnw = 24882.6
       Tnw = 22131.8
       Tec = 11309
     twoNb = 4.70801e+06
     twoNe = 5900.51
     twoNc = 38913.1
     twoNn = 2.70144e+06
     twoNw = 3.20497e+07
    twoNec = 122415
    twoNnw = 9373.12
  twoNecnw = 80299
  twoNbecnw = 4989.67
  twoNgbecnw = 234381
         m = 0.152358
        m3 = 0.201937
        m4 = 0.0185123
        m5 = 0.0743529
        Ta = 43254.5
        Tc = 11065.9
        Td = 5532.96
        Te = 2766.48
#       SitePat  BranchLen
              b 127144.5819826
              e 49604.8980898
              c 52009.7157918
              n 45975.6851441
              w 47772.0626313
            b:e 2123.4161729
            b:c 2510.1609823
            b:n 1720.4388594
            b:w 1881.3620853
            e:c 10582.7711751
            e:n 5898.2755015
            e:w 5224.3557650
            c:n 5289.0608289
            c:w 4779.4386280
            n:w 12876.2864718
          b:e:c 2159.4805322
          b:e:n 1139.0198871
          b:e:w 1138.7790373
          b:c:n 1140.9567017
          b:c:w 1153.9651501
          b:n:w 2117.6175340
          e:c:n 4924.2535776
          e:c:w 4311.4180277
          e:n:w 6568.7476376
          c:n:w 5582.4106128
        b:e:c:n 2156.0909534
        b:e:c:w 1982.4001288
        b:e:n:w 3193.2798071
        b:c:n:w 2425.0627763
        e:c:n:w 52979.4267237
