########################################
# legofit: estimate population history #
#       version 2.3.4-4-g53f8760       #
########################################

# Program was compiled: Sep 21 2021 14:36:42
# Program was run: Fri Sep 24 07:54:56 2021

# cmd: legofit -1 -d 0 -t 32 --ptsPerDim 3 --stateOut b1boot35.state --tol 3e-6 -S 5000 acde2.lgo ../../boot/boot35.opf
# Stage nOptItr nSimReps
#     0    5000        0
# algorithm          : deterministic
# ignoring probs <=  : 0
# Branch length floor: 0
# DE strategy        : 2
#    F               : 0.3
#    CR              : 0.8
#    tolerance       : 3e-06
# nthreads           : 32
# lgo input file     : acde2.lgo
# site pat input file: ../../boot/boot35.opf
# free parameters    : 18
# points in DE swarm : 54
# output state file  : b1boot35.state
# Including singleton site patterns.
# cost function      : KL
Initial parameter values
Fixed:
      zero = 0
       one = 1
    Tbecnw = 75200
Free:
       pc1 = 0
       pc2 = 0
       pc3 = 0
       pc4 = 0
       pc5 = 0
       pc6 = 0
       pc7 = 0
       pc8 = 0
       pc9 = 0
      pc10 = 0
      pc11 = 0
      pc12 = 0
      pc13 = 0
      pc14 = 0
      pc15 = 0
      pc16 = 0
      pc17 = 0
      pc18 = 0
Constrained:
   Tgbecnw = 95562.7
     Tecnw = 25872.2
       Tnw = 21276.5
       Tec = 11567.2
     twoNb = 3.77159e+06
     twoNe = 21366.6
     twoNc = 748266
     twoNn = 1.16924e+06
     twoNw = 1.78367e+07
    twoNec = 125846
    twoNnw = 15896.6
  twoNecnw = 81733.4
  twoNbecnw = 9361.47
  twoNgbecnw = 234072
         m = 0.157782
        m3 = 0.202566
        m4 = 0.0184745
        m5 = 0.0790278
        Ta = 43383.6
        Tc = 10638.2
        Td = 5319.12
        Te = 2659.56
DiffEv reached_goal. cost=1.68165e-03 spread=2.45001e-06
Fitted parameter values
Free:
       pc1 = -0.818454
       pc2 = 1.99709
       pc3 = 0.616057
       pc4 = 0.254457
       pc5 = 0.579502
       pc6 = 1.18898
       pc7 = 0.732614
       pc8 = 0.980007
       pc9 = 1.37662
      pc10 = -0.684939
      pc11 = -0.46871
      pc12 = -0.431876
      pc13 = -0.00890634
      pc14 = 0.189363
      pc15 = 0.0733636
      pc16 = 0.0811631
      pc17 = -0.0255566
      pc18 = 0.00806095
Constrained:
   Tgbecnw = 86658
     Tecnw = 24855.2
       Tnw = 22265.3
       Tec = 11415.1
     twoNb = 4.79093e+06
     twoNe = 6159.85
     twoNc = 1.14484e+06
     twoNn = 2.08683e+06
     twoNw = 2.97741e+07
    twoNec = 122077
    twoNnw = 8807.24
  twoNecnw = 81264.5
  twoNbecnw = 5359.04
  twoNgbecnw = 238284
         m = 0.150374
        m3 = 0.199682
        m4 = 0.0181359
        m5 = 0.0765905
        Ta = 43307.5
        Tc = 11132.6
        Td = 5566.31
        Te = 2783.16
#       SitePat  BranchLen
              b 127535.0723243
              e 49782.0678992
              c 52244.9415114
              n 46102.8381827
              w 47904.5412767
            b:e 2149.4498076
            b:c 2538.2800436
            b:n 1738.4902524
            b:w 1900.7151614
            e:c 10604.4269803
            e:n 5948.5789378
            e:w 5254.8962797
            c:n 5301.8653250
            c:w 4806.9895997
            n:w 12950.0445105
          b:e:c 2185.7459369
          b:e:n 1154.4830173
          b:e:w 1152.1645896
          b:c:n 1154.4721705
          b:c:w 1169.7729397
          b:n:w 2142.6905300
          e:c:n 4933.3670995
          e:c:w 4320.2223889
          e:n:w 6611.7661438
          c:n:w 5606.8655299
        b:e:c:n 2180.7715939
        b:e:c:w 2005.5643434
        b:e:n:w 3227.0525762
        b:c:n:w 2457.2717246
        e:c:n:w 53181.4398241
