########################################
# legofit: estimate population history #
#       version 2.3.4-4-g53f8760       #
########################################

# Program was compiled: Sep 21 2021 14:36:42
# Program was run: Fri Sep 24 07:51:39 2021

# cmd: legofit -1 -d 0 -t 32 --ptsPerDim 3 --stateOut b1boot0.state --tol 3e-6 -S 5000 acde2.lgo ../../boot/boot0.opf
# Stage nOptItr nSimReps
#     0    5000        0
# algorithm          : deterministic
# ignoring probs <=  : 0
# Branch length floor: 0
# DE strategy        : 2
#    F               : 0.3
#    CR              : 0.8
#    tolerance       : 3e-06
# nthreads           : 32
# lgo input file     : acde2.lgo
# site pat input file: ../../boot/boot0.opf
# free parameters    : 18
# points in DE swarm : 54
# output state file  : b1boot0.state
# Including singleton site patterns.
# cost function      : KL
Initial parameter values
Fixed:
      zero = 0
       one = 1
    Tbecnw = 75200
Free:
       pc1 = 0
       pc2 = 0
       pc3 = 0
       pc4 = 0
       pc5 = 0
       pc6 = 0
       pc7 = 0
       pc8 = 0
       pc9 = 0
      pc10 = 0
      pc11 = 0
      pc12 = 0
      pc13 = 0
      pc14 = 0
      pc15 = 0
      pc16 = 0
      pc17 = 0
      pc18 = 0
Constrained:
   Tgbecnw = 95562.7
     Tecnw = 25872.2
       Tnw = 21276.5
       Tec = 11567.2
     twoNb = 3.77159e+06
     twoNe = 21366.6
     twoNc = 748266
     twoNn = 1.16924e+06
     twoNw = 1.78367e+07
    twoNec = 125846
    twoNnw = 15896.6
  twoNecnw = 81733.4
  twoNbecnw = 9361.47
  twoNgbecnw = 234072
         m = 0.157782
        m3 = 0.202566
        m4 = 0.0184745
        m5 = 0.0790278
        Ta = 43383.6
        Tc = 10638.2
        Td = 5319.12
        Te = 2659.56
DiffEv reached_goal. cost=1.69155e-03 spread=2.86519e-06
Fitted parameter values
Free:
       pc1 = -1.40334
       pc2 = 1.96935
       pc3 = 0.980831
       pc4 = 1.86095
       pc5 = -0.0320504
       pc6 = 0.629686
       pc7 = 0.669874
       pc8 = 1.83157
       pc9 = 1.22892
      pc10 = -1.33924
      pc11 = 0.0563245
      pc12 = -0.225268
      pc13 = -0.0075003
      pc14 = 0.0475439
      pc15 = -0.0071972
      pc16 = 0.0524223
      pc17 = -0.0328277
      pc18 = 0.0347791
Constrained:
   Tgbecnw = 86041.2
     Tecnw = 24643.3
       Tnw = 22610.2
       Tec = 11657.1
     twoNb = 6.70169e+06
     twoNe = 8419.08
     twoNc = 490698
     twoNn = 1.61209e+06
     twoNw = 2.74265e+07
    twoNec = 117110
    twoNnw = 6861.75
  twoNecnw = 82300.5
  twoNbecnw = 5098.76
  twoNgbecnw = 234491
         m = 0.154918
        m3 = 0.210708
        m4 = 0.0184526
        m5 = 0.0738356
        Ta = 43428.5
        Tc = 11305.1
        Td = 5652.55
        Te = 2826.28
#       SitePat  BranchLen
              b 127603.9102291
              e 49748.0248016
              c 52172.8237377
              n 46101.2345075
              w 47986.2105063
            b:e 2135.1422567
            b:c 2519.7658578
            b:n 1728.4730763
            b:w 1897.9874482
            e:c 10612.8210188
            e:n 5962.6973349
            e:w 5253.5592380
            c:n 5342.2771994
            c:w 4810.0580269
            n:w 12892.8816577
          b:e:c 2171.6538252
          b:e:n 1149.4767771
          b:e:w 1148.9425317
          b:c:n 1150.5232833
          b:c:w 1164.7637038
          b:n:w 2129.3800710
          e:c:n 4949.1548956
          e:c:w 4305.5361662
          e:n:w 6570.1345388
          c:n:w 5583.5478600
        b:e:c:n 2180.1860472
        b:e:c:w 1996.9655002
        b:e:n:w 3220.1103137
        b:c:n:w 2444.3276832
        e:c:n:w 53237.2037992
