########################################
# legofit: estimate population history #
#       version 2.3.4-4-g53f8760       #
########################################

# Program was compiled: Sep 21 2021 14:36:42
# Program was run: Fri Sep 24 07:53:34 2021

# cmd: legofit -1 -d 0 -t 32 --ptsPerDim 3 --stateOut b1boot19.state --tol 3e-6 -S 5000 acde2.lgo ../../boot/boot19.opf
# Stage nOptItr nSimReps
#     0    5000        0
# algorithm          : deterministic
# ignoring probs <=  : 0
# Branch length floor: 0
# DE strategy        : 2
#    F               : 0.3
#    CR              : 0.8
#    tolerance       : 3e-06
# nthreads           : 32
# lgo input file     : acde2.lgo
# site pat input file: ../../boot/boot19.opf
# free parameters    : 18
# points in DE swarm : 54
# output state file  : b1boot19.state
# Including singleton site patterns.
# cost function      : KL
Initial parameter values
Fixed:
      zero = 0
       one = 1
    Tbecnw = 75200
Free:
       pc1 = 0
       pc2 = 0
       pc3 = 0
       pc4 = 0
       pc5 = 0
       pc6 = 0
       pc7 = 0
       pc8 = 0
       pc9 = 0
      pc10 = 0
      pc11 = 0
      pc12 = 0
      pc13 = 0
      pc14 = 0
      pc15 = 0
      pc16 = 0
      pc17 = 0
      pc18 = 0
Constrained:
   Tgbecnw = 95562.7
     Tecnw = 25872.2
       Tnw = 21276.5
       Tec = 11567.2
     twoNb = 3.77159e+06
     twoNe = 21366.6
     twoNc = 748266
     twoNn = 1.16924e+06
     twoNw = 1.78367e+07
    twoNec = 125846
    twoNnw = 15896.6
  twoNecnw = 81733.4
  twoNbecnw = 9361.47
  twoNgbecnw = 234072
         m = 0.157782
        m3 = 0.202566
        m4 = 0.0184745
        m5 = 0.0790278
        Ta = 43383.6
        Tc = 10638.2
        Td = 5319.12
        Te = 2659.56
DiffEv reached_goal. cost=1.69855e-03 spread=2.68438e-06
Fitted parameter values
Free:
       pc1 = -1.05428
       pc2 = 1.96775
       pc3 = 1.57169
       pc4 = 0.577361
       pc5 = 0.442214
       pc6 = 0.557379
       pc7 = 0.289302
       pc8 = 0.865865
       pc9 = 1.75914
      pc10 = -0.518238
      pc11 = -0.324789
      pc12 = 0.0503485
      pc13 = -0.00640884
      pc14 = 0.0696202
      pc15 = -1.53357e-06
      pc16 = -0.0315432
      pc17 = 0.00277087
      pc18 = 0.00848127
Constrained:
   Tgbecnw = 86999.6
     Tecnw = 24783.5
       Tnw = 22242.8
       Tec = 11532.9
     twoNb = 4.52038e+06
     twoNe = 9335.49
     twoNc = 743840
     twoNn = 1.99284e+06
     twoNw = 3.8695e+07
    twoNec = 117298
    twoNnw = 8636.37
  twoNecnw = 81418.5
  twoNbecnw = 5481.12
  twoNgbecnw = 239640
         m = 0.150334
        m3 = 0.201587
        m4 = 0.0188395
        m5 = 0.0739695
        Ta = 43366.5
        Tc = 11121.4
        Td = 5560.7
        Te = 2780.35
#       SitePat  BranchLen
              b 127733.2206752
              e 49687.8698243
              c 52142.0665663
              n 46069.2951739
              w 47916.6728382
            b:e 2133.3433568
            b:c 2525.9702040
            b:n 1730.5512032
            b:w 1896.7645350
            e:c 10681.9301194
            e:n 5938.5550970
            e:w 5235.2466607
            c:n 5304.3945148
            c:w 4793.2018598
            n:w 12965.2768117
          b:e:c 2179.1140310
          b:e:n 1145.4536031
          b:e:w 1143.6092105
          b:c:n 1145.6871816
          b:c:w 1160.7649169
          b:n:w 2137.0960202
          e:c:n 4955.2581038
          e:c:w 4322.3815308
          e:n:w 6586.8701553
          c:n:w 5588.4616347
        b:e:c:n 2175.0446868
        b:e:c:w 1995.5980123
        b:e:n:w 3227.9295984
        b:c:n:w 2438.3302056
        e:c:n:w 53360.2738730
