########################################
# legofit: estimate population history #
#       version 2.3.4-4-g53f8760       #
########################################

# Program was compiled: Sep 21 2021 14:36:42
# Program was run: Fri Sep 24 07:55:35 2021

# cmd: legofit -1 -d 0 -t 32 --ptsPerDim 3 --stateOut b1boot42.state --tol 3e-6 -S 5000 acde2.lgo ../../boot/boot42.opf
# Stage nOptItr nSimReps
#     0    5000        0
# algorithm          : deterministic
# ignoring probs <=  : 0
# Branch length floor: 0
# DE strategy        : 2
#    F               : 0.3
#    CR              : 0.8
#    tolerance       : 3e-06
# nthreads           : 32
# lgo input file     : acde2.lgo
# site pat input file: ../../boot/boot42.opf
# free parameters    : 18
# points in DE swarm : 54
# output state file  : b1boot42.state
# Including singleton site patterns.
# cost function      : KL
Initial parameter values
Fixed:
      zero = 0
       one = 1
    Tbecnw = 75200
Free:
       pc1 = 0
       pc2 = 0
       pc3 = 0
       pc4 = 0
       pc5 = 0
       pc6 = 0
       pc7 = 0
       pc8 = 0
       pc9 = 0
      pc10 = 0
      pc11 = 0
      pc12 = 0
      pc13 = 0
      pc14 = 0
      pc15 = 0
      pc16 = 0
      pc17 = 0
      pc18 = 0
Constrained:
   Tgbecnw = 95562.7
     Tecnw = 25872.2
       Tnw = 21276.5
       Tec = 11567.2
     twoNb = 3.77159e+06
     twoNe = 21366.6
     twoNc = 748266
     twoNn = 1.16924e+06
     twoNw = 1.78367e+07
    twoNec = 125846
    twoNnw = 15896.6
  twoNecnw = 81733.4
  twoNbecnw = 9361.47
  twoNgbecnw = 234072
         m = 0.157782
        m3 = 0.202566
        m4 = 0.0184745
        m5 = 0.0790278
        Ta = 43383.6
        Tc = 10638.2
        Td = 5319.12
        Te = 2659.56
DiffEv reached_goal. cost=1.69821e-03 spread=2.92083e-06
Fitted parameter values
Free:
       pc1 = -0.211247
       pc2 = 1.99102
       pc3 = -0.20545
       pc4 = 1.55755
       pc5 = 0.357124
       pc6 = 1.42182
       pc7 = -0.450291
       pc8 = 0.36935
       pc9 = 1.61533
      pc10 = -0.663222
      pc11 = -0.546514
      pc12 = -0.273404
      pc13 = 0.0810932
      pc14 = 0.056341
      pc15 = 0.00675164
      pc16 = -0.106129
      pc17 = 0.0139528
      pc18 = -0.00556594
Constrained:
   Tgbecnw = 86635.7
     Tecnw = 25173.1
       Tnw = 22056.9
       Tec = 11141.5
     twoNb = 4.89118e+06
     twoNe = 2505.16
     twoNc = 14847.9
     twoNn = 874504
     twoNw = 3.21724e+07
    twoNec = 121935
    twoNnw = 10495.8
  twoNecnw = 79319.9
  twoNbecnw = 5302.15
  twoNgbecnw = 241016
         m = 0.14586
        m3 = 0.200501
        m4 = 0.0177091
        m5 = 0.079016
        Ta = 43170.8
        Tc = 11028.4
        Td = 5514.22
        Te = 2757.11
#       SitePat  BranchLen
              b 126976.3172035
              e 49463.9531345
              c 51926.7336998
              n 45909.9025248
              w 47760.6218705
            b:e 2107.0176813
            b:c 2487.7287559
            b:n 1710.3574051
            b:w 1875.6766397
            e:c 10647.7012747
            e:n 5887.8886547
            e:w 5190.9716415
            c:n 5250.0242378
            c:w 4729.9451015
            n:w 12891.1128226
          b:e:c 2157.8728713
          b:e:n 1128.7776287
          b:e:w 1128.2136162
          b:c:n 1130.4831448
          b:c:w 1143.9397937
          b:n:w 2116.9077738
          e:c:n 4933.6378757
          e:c:w 4299.9146796
          e:n:w 6560.1139650
          c:n:w 5551.5011451
        b:e:c:n 2145.6461569
        b:e:c:w 1967.4342859
        b:e:n:w 3156.2100615
        b:c:n:w 2402.7901310
        e:c:n:w 52860.0199956
