########################################
# legofit: estimate population history #
#       version 2.3.4-4-g53f8760       #
########################################

# Program was compiled: Sep 21 2021 14:36:42
# Program was run: Fri Sep 24 07:53:02 2021

# cmd: legofit -1 -d 0 -t 32 --ptsPerDim 3 --stateOut b1boot14.state --tol 3e-6 -S 5000 acde2.lgo ../../boot/boot14.opf
# Stage nOptItr nSimReps
#     0    5000        0
# algorithm          : deterministic
# ignoring probs <=  : 0
# Branch length floor: 0
# DE strategy        : 2
#    F               : 0.3
#    CR              : 0.8
#    tolerance       : 3e-06
# nthreads           : 32
# lgo input file     : acde2.lgo
# site pat input file: ../../boot/boot14.opf
# free parameters    : 18
# points in DE swarm : 54
# output state file  : b1boot14.state
# Including singleton site patterns.
# cost function      : KL
Initial parameter values
Fixed:
      zero = 0
       one = 1
    Tbecnw = 75200
Free:
       pc1 = 0
       pc2 = 0
       pc3 = 0
       pc4 = 0
       pc5 = 0
       pc6 = 0
       pc7 = 0
       pc8 = 0
       pc9 = 0
      pc10 = 0
      pc11 = 0
      pc12 = 0
      pc13 = 0
      pc14 = 0
      pc15 = 0
      pc16 = 0
      pc17 = 0
      pc18 = 0
Constrained:
   Tgbecnw = 95562.7
     Tecnw = 25872.2
       Tnw = 21276.5
       Tec = 11567.2
     twoNb = 3.77159e+06
     twoNe = 21366.6
     twoNc = 748266
     twoNn = 1.16924e+06
     twoNw = 1.78367e+07
    twoNec = 125846
    twoNnw = 15896.6
  twoNecnw = 81733.4
  twoNbecnw = 9361.47
  twoNgbecnw = 234072
         m = 0.157782
        m3 = 0.202566
        m4 = 0.0184745
        m5 = 0.0790278
        Ta = 43383.6
        Tc = 10638.2
        Td = 5319.12
        Te = 2659.56
DiffEv reached_goal. cost=1.68122e-03 spread=2.98424e-06
Fitted parameter values
Free:
       pc1 = -1.62627
       pc2 = 1.99652
       pc3 = 1.99449
       pc4 = 0.259518
       pc5 = 1.05972
       pc6 = 0.996985
       pc7 = 0.462292
       pc8 = -0.518325
       pc9 = 1.72048
      pc10 = -1.07216
      pc11 = -0.724179
      pc12 = -0.415493
      pc13 = -0.0791846
      pc14 = 0.127965
      pc15 = 0.0251548
      pc16 = -0.0371161
      pc17 = -0.0378793
      pc18 = 0.0156849
Constrained:
   Tgbecnw = 85332.3
     Tecnw = 24821.2
       Tnw = 22222.9
       Tec = 11685.3
     twoNb = 3.67835e+06
     twoNe = 12517.1
     twoNc = 605420
     twoNn = 4.29886e+06
     twoNw = 4.49703e+07
    twoNec = 116568
    twoNnw = 8826.26
  twoNecnw = 81254.9
  twoNbecnw = 4875.67
  twoNgbecnw = 227370
         m = 0.160288
        m3 = 0.196964
        m4 = 0.0184513
        m5 = 0.0748165
        Ta = 43442.7
        Tc = 11111.5
        Td = 5555.73
        Te = 2777.87
#       SitePat  BranchLen
              b 127658.3521412
              e 49694.9817952
              c 52134.0225592
              n 46044.7529634
              w 47851.9506736
            b:e 2142.6099458
            b:c 2545.8681536
            b:n 1735.3130508
            b:w 1898.7804276
            e:c 10670.9243675
            e:n 5919.5622694
            e:w 5225.5690187
            c:n 5278.8091293
            c:w 4785.5120564
            n:w 12991.5609817
          b:e:c 2190.6821419
          b:e:n 1148.3100323
          b:e:w 1145.7330472
          b:c:n 1148.0547511
          b:c:w 1163.6759914
          b:n:w 2147.8773095
          e:c:n 4944.2422054
          e:c:w 4324.3348187
          e:n:w 6609.2737462
          c:n:w 5600.6869257
        b:e:c:n 2178.2031870
        b:e:c:w 2001.6915551
        b:e:n:w 3220.0617597
        b:c:n:w 2449.4715786
        e:c:n:w 53358.5056518
