########################################
# legofit: estimate population history #
#       version 2.3.4-4-g53f8760       #
########################################

# Program was compiled: Sep 21 2021 14:36:42
# Program was run: Fri Sep 24 07:53:38 2021

# cmd: legofit -1 -d 0 -t 32 --ptsPerDim 3 --stateOut b1boot21.state --tol 3e-6 -S 5000 acde2.lgo ../../boot/boot21.opf
# Stage nOptItr nSimReps
#     0    5000        0
# algorithm          : deterministic
# ignoring probs <=  : 0
# Branch length floor: 0
# DE strategy        : 2
#    F               : 0.3
#    CR              : 0.8
#    tolerance       : 3e-06
# nthreads           : 32
# lgo input file     : acde2.lgo
# site pat input file: ../../boot/boot21.opf
# free parameters    : 18
# points in DE swarm : 54
# output state file  : b1boot21.state
# Including singleton site patterns.
# cost function      : KL
Initial parameter values
Fixed:
      zero = 0
       one = 1
    Tbecnw = 75200
Free:
       pc1 = 0
       pc2 = 0
       pc3 = 0
       pc4 = 0
       pc5 = 0
       pc6 = 0
       pc7 = 0
       pc8 = 0
       pc9 = 0
      pc10 = 0
      pc11 = 0
      pc12 = 0
      pc13 = 0
      pc14 = 0
      pc15 = 0
      pc16 = 0
      pc17 = 0
      pc18 = 0
Constrained:
   Tgbecnw = 95562.7
     Tecnw = 25872.2
       Tnw = 21276.5
       Tec = 11567.2
     twoNb = 3.77159e+06
     twoNe = 21366.6
     twoNc = 748266
     twoNn = 1.16924e+06
     twoNw = 1.78367e+07
    twoNec = 125846
    twoNnw = 15896.6
  twoNecnw = 81733.4
  twoNbecnw = 9361.47
  twoNgbecnw = 234072
         m = 0.157782
        m3 = 0.202566
        m4 = 0.0184745
        m5 = 0.0790278
        Ta = 43383.6
        Tc = 10638.2
        Td = 5319.12
        Te = 2659.56
DiffEv reached_goal. cost=1.69690e-03 spread=2.77097e-06
Fitted parameter values
Free:
       pc1 = -2.3349
       pc2 = 1.96182
       pc3 = 2.00843
       pc4 = 0.41696
       pc5 = 0.940443
       pc6 = -0.168561
       pc7 = 0.232146
       pc8 = 0.0231637
       pc9 = 1.83552
      pc10 = -1.28893
      pc11 = -0.466923
      pc12 = -0.0415961
      pc13 = -0.00495679
      pc14 = 0.128818
      pc15 = -0.0385713
      pc16 = 0.00493891
      pc17 = 0.00578471
      pc18 = 0.023015
Constrained:
   Tgbecnw = 87804.4
     Tecnw = 24723.4
       Tnw = 23045.5
       Tec = 12170.5
     twoNb = 3.83726e+06
     twoNe = 15711
     twoNc = 495934
     twoNn = 4.18931e+06
     twoNw = 4.54822e+07
    twoNec = 111418
    twoNnw = 5591.08
  twoNecnw = 81654.1
  twoNbecnw = 5920.56
  twoNgbecnw = 234317
         m = 0.153474
        m3 = 0.205376
        m4 = 0.0188277
        m5 = 0.0728852
        Ta = 43685.3
        Tc = 11522.7
        Td = 5761.37
        Te = 2880.68
#       SitePat  BranchLen
              b 127976.3541188
              e 49822.3970510
              c 52243.4010352
              n 46131.3537442
              w 47979.6630052
            b:e 2155.1535854
            b:c 2553.7735442
            b:n 1738.0915238
            b:w 1906.7163348
            e:c 10713.6686293
            e:n 5933.8154020
            e:w 5245.7733841
            c:n 5326.0390604
            c:w 4805.4464623
            n:w 13014.2712617
          b:e:c 2200.8779952
          b:e:n 1149.9593635
          b:e:w 1149.6147283
          b:c:n 1151.5471048
          b:c:w 1165.1835588
          b:n:w 2158.0532820
          e:c:n 4980.0102438
          e:c:w 4340.3355988
          e:n:w 6654.6692486
          c:n:w 5650.5105969
        b:e:c:n 2183.3359181
        b:e:c:w 2001.4192883
        b:e:n:w 3243.8927253
        b:c:n:w 2459.3736865
        e:c:n:w 53418.4240352
