########################################
# legofit: estimate population history #
#       version 2.3.4-4-g53f8760       #
########################################

# Program was compiled: Sep 21 2021 14:36:42
# Program was run: Fri Sep 24 07:52:02 2021

# cmd: legofit -1 -d 0 -t 32 --ptsPerDim 3 --stateOut b1boot3.state --tol 3e-6 -S 5000 acde2.lgo ../../boot/boot3.opf
# Stage nOptItr nSimReps
#     0    5000        0
# algorithm          : deterministic
# ignoring probs <=  : 0
# Branch length floor: 0
# DE strategy        : 2
#    F               : 0.3
#    CR              : 0.8
#    tolerance       : 3e-06
# nthreads           : 32
# lgo input file     : acde2.lgo
# site pat input file: ../../boot/boot3.opf
# free parameters    : 18
# points in DE swarm : 54
# output state file  : b1boot3.state
# Including singleton site patterns.
# cost function      : KL
Initial parameter values
Fixed:
      zero = 0
       one = 1
    Tbecnw = 75200
Free:
       pc1 = 0
       pc2 = 0
       pc3 = 0
       pc4 = 0
       pc5 = 0
       pc6 = 0
       pc7 = 0
       pc8 = 0
       pc9 = 0
      pc10 = 0
      pc11 = 0
      pc12 = 0
      pc13 = 0
      pc14 = 0
      pc15 = 0
      pc16 = 0
      pc17 = 0
      pc18 = 0
Constrained:
   Tgbecnw = 95562.7
     Tecnw = 25872.2
       Tnw = 21276.5
       Tec = 11567.2
     twoNb = 3.77159e+06
     twoNe = 21366.6
     twoNc = 748266
     twoNn = 1.16924e+06
     twoNw = 1.78367e+07
    twoNec = 125846
    twoNnw = 15896.6
  twoNecnw = 81733.4
  twoNbecnw = 9361.47
  twoNgbecnw = 234072
         m = 0.157782
        m3 = 0.202566
        m4 = 0.0184745
        m5 = 0.0790278
        Ta = 43383.6
        Tc = 10638.2
        Td = 5319.12
        Te = 2659.56
DiffEv reached_goal. cost=1.70049e-03 spread=2.92632e-06
Fitted parameter values
Free:
       pc1 = -1.71041
       pc2 = 1.96062
       pc3 = 1.55341
       pc4 = 1.71858
       pc5 = 0.418935
       pc6 = 0.812793
       pc7 = 0.256304
       pc8 = 1.53418
       pc9 = 1.24364
      pc10 = -1.75711
      pc11 = -0.30015
      pc12 = -0.259528
      pc13 = -0.0560843
      pc14 = 0.0431474
      pc15 = 0.0290296
      pc16 = -0.0267585
      pc17 = -0.00988537
      pc18 = 0.03479
Constrained:
   Tgbecnw = 85819.7
     Tecnw = 24702.7
       Tnw = 22910.1
       Tec = 11785.3
     twoNb = 6.64717e+06
     twoNe = 7664.91
     twoNc = 264668
     twoNn = 2.82012e+06
     twoNw = 3.12332e+07
    twoNec = 114775
    twoNnw = 6041.18
  twoNecnw = 81817.9
  twoNbecnw = 5046.51
  twoNgbecnw = 233082
         m = 0.155474
        m3 = 0.205586
        m4 = 0.0185802
        m5 = 0.0730395
        Ta = 43492.7
        Tc = 11455.1
        Td = 5727.53
        Te = 2863.76
#       SitePat  BranchLen
              b 127667.8286923
              e 49729.3512120
              c 52148.8433360
              n 46114.1090347
              w 47983.3397717
            b:e 2156.5535152
            b:c 2545.6242207
            b:n 1745.2865046
            b:w 1915.5675112
            e:c 10684.7473658
            e:n 5944.2688582
            e:w 5237.3237973
            c:n 5322.8517650
            c:w 4803.2044217
            n:w 12930.8816487
          b:e:c 2202.3370622
          b:e:n 1157.2673198
          b:e:w 1155.8524805
          b:c:n 1157.5340423
          b:c:w 1172.6238806
          b:n:w 2159.6498400
          e:c:n 4971.6596522
          e:c:w 4329.0213193
          e:n:w 6603.3547823
          c:n:w 5612.6012462
        b:e:c:n 2198.8802648
        b:e:c:w 2014.9242592
        b:e:n:w 3246.5083239
        b:c:n:w 2467.1969302
        e:c:n:w 53331.5850812
