########################################
# legofit: estimate population history #
#       version 2.3.4-4-g53f8760       #
########################################

# Program was compiled: Sep 21 2021 14:36:42
# Program was run: Fri Sep 24 07:53:06 2021

# cmd: legofit -1 -d 0 -t 32 --ptsPerDim 3 --stateOut b1boot15.state --tol 3e-6 -S 5000 acde2.lgo ../../boot/boot15.opf
# Stage nOptItr nSimReps
#     0    5000        0
# algorithm          : deterministic
# ignoring probs <=  : 0
# Branch length floor: 0
# DE strategy        : 2
#    F               : 0.3
#    CR              : 0.8
#    tolerance       : 3e-06
# nthreads           : 32
# lgo input file     : acde2.lgo
# site pat input file: ../../boot/boot15.opf
# free parameters    : 18
# points in DE swarm : 54
# output state file  : b1boot15.state
# Including singleton site patterns.
# cost function      : KL
Initial parameter values
Fixed:
      zero = 0
       one = 1
    Tbecnw = 75200
Free:
       pc1 = 0
       pc2 = 0
       pc3 = 0
       pc4 = 0
       pc5 = 0
       pc6 = 0
       pc7 = 0
       pc8 = 0
       pc9 = 0
      pc10 = 0
      pc11 = 0
      pc12 = 0
      pc13 = 0
      pc14 = 0
      pc15 = 0
      pc16 = 0
      pc17 = 0
      pc18 = 0
Constrained:
   Tgbecnw = 95562.7
     Tecnw = 25872.2
       Tnw = 21276.5
       Tec = 11567.2
     twoNb = 3.77159e+06
     twoNe = 21366.6
     twoNc = 748266
     twoNn = 1.16924e+06
     twoNw = 1.78367e+07
    twoNec = 125846
    twoNnw = 15896.6
  twoNecnw = 81733.4
  twoNbecnw = 9361.47
  twoNgbecnw = 234072
         m = 0.157782
        m3 = 0.202566
        m4 = 0.0184745
        m5 = 0.0790278
        Ta = 43383.6
        Tc = 10638.2
        Td = 5319.12
        Te = 2659.56
DiffEv reached_goal. cost=1.69975e-03 spread=2.56275e-06
Fitted parameter values
Free:
       pc1 = -0.484253
       pc2 = 1.99507
       pc3 = 0.65095
       pc4 = 0.623358
       pc5 = 0.210545
       pc6 = 0.342763
       pc7 = 0.48362
       pc8 = 0.572894
       pc9 = 1.08063
      pc10 = -0.471689
      pc11 = -0.434978
      pc12 = 0.478913
      pc13 = 0.147009
      pc14 = 0.108912
      pc15 = -0.0935565
      pc16 = 0.00909875
      pc17 = -0.00869924
      pc18 = 0.0134038
Constrained:
   Tgbecnw = 87715.5
     Tecnw = 25061.4
       Tnw = 21958.3
       Tec = 11478.5
     twoNb = 4.43382e+06
     twoNe = 12401
     twoNc = 820246
     twoNn = 1.50459e+06
     twoNw = 3.0617e+07
    twoNec = 119762
    twoNnw = 10454.4
  twoNecnw = 79576.3
  twoNbecnw = 5802.26
  twoNgbecnw = 238764
         m = 0.147158
        m3 = 0.20597
        m4 = 0.018766
        m5 = 0.0780793
        Ta = 43339.2
        Tc = 10979.2
        Td = 5489.59
        Te = 2744.79
#       SitePat  BranchLen
              b 127219.3738190
              e 49557.4008170
              c 52037.9080567
              n 45946.5723397
              w 47787.0863217
            b:e 2110.6182777
            b:c 2503.2961500
            b:n 1712.5070385
            b:w 1877.4754948
            e:c 10613.4089319
            e:n 5907.7418358
            e:w 5234.4935501
            c:n 5295.0748505
            c:w 4760.5193674
            n:w 12902.7321579
          b:e:c 2150.8657387
          b:e:n 1130.9390420
          b:e:w 1132.6551792
          b:c:n 1134.9082425
          b:c:w 1145.9596267
          b:n:w 2110.1612902
          e:c:n 4952.7029675
          e:c:w 4319.9927542
          e:n:w 6601.7435786
          c:n:w 5580.9167052
        b:e:c:n 2145.0743541
        b:e:c:w 1967.3383764
        b:e:n:w 3186.8921222
        b:c:n:w 2403.9010007
        e:c:n:w 52920.0986304
