########################################
# legofit: estimate population history #
#       version 2.3.4-4-g53f8760       #
########################################

# Program was compiled: Sep 21 2021 14:36:42
# Program was run: Fri Sep 24 07:53:41 2021

# cmd: legofit -1 -d 0 -t 32 --ptsPerDim 3 --stateOut b1boot22.state --tol 3e-6 -S 5000 acde2.lgo ../../boot/boot22.opf
# Stage nOptItr nSimReps
#     0    5000        0
# algorithm          : deterministic
# ignoring probs <=  : 0
# Branch length floor: 0
# DE strategy        : 2
#    F               : 0.3
#    CR              : 0.8
#    tolerance       : 3e-06
# nthreads           : 32
# lgo input file     : acde2.lgo
# site pat input file: ../../boot/boot22.opf
# free parameters    : 18
# points in DE swarm : 54
# output state file  : b1boot22.state
# Including singleton site patterns.
# cost function      : KL
Initial parameter values
Fixed:
      zero = 0
       one = 1
    Tbecnw = 75200
Free:
       pc1 = 0
       pc2 = 0
       pc3 = 0
       pc4 = 0
       pc5 = 0
       pc6 = 0
       pc7 = 0
       pc8 = 0
       pc9 = 0
      pc10 = 0
      pc11 = 0
      pc12 = 0
      pc13 = 0
      pc14 = 0
      pc15 = 0
      pc16 = 0
      pc17 = 0
      pc18 = 0
Constrained:
   Tgbecnw = 95562.7
     Tecnw = 25872.2
       Tnw = 21276.5
       Tec = 11567.2
     twoNb = 3.77159e+06
     twoNe = 21366.6
     twoNc = 748266
     twoNn = 1.16924e+06
     twoNw = 1.78367e+07
    twoNec = 125846
    twoNnw = 15896.6
  twoNecnw = 81733.4
  twoNbecnw = 9361.47
  twoNgbecnw = 234072
         m = 0.157782
        m3 = 0.202566
        m4 = 0.0184745
        m5 = 0.0790278
        Ta = 43383.6
        Tc = 10638.2
        Td = 5319.12
        Te = 2659.56
DiffEv reached_goal. cost=1.69477e-03 spread=2.88187e-06
Fitted parameter values
Free:
       pc1 = 0.149907
       pc2 = 1.9986
       pc3 = 1.56404
       pc4 = 0.438528
       pc5 = -0.743627
       pc6 = 0.0538967
       pc7 = 0.290489
       pc8 = 0.767311
       pc9 = 1.85206
      pc10 = -1.59051
      pc11 = 0.310219
      pc12 = -0.757597
      pc13 = -0.0313028
      pc14 = 0.0396334
      pc15 = 0.00987751
      pc16 = 0.0265755
      pc17 = -0.0171103
      pc18 = -0.00911659
Constrained:
   Tgbecnw = 86028.3
     Tecnw = 24848.4
       Tnw = 21326.4
       Tec = 10873
     twoNb = 3.93552e+06
     twoNe = 5200.21
     twoNc = 467386
     twoNn = 2.12109e+06
     twoNw = 1.8513e+07
    twoNec = 126584
    twoNnw = 12045.8
  twoNecnw = 80770.6
  twoNbecnw = 5050.21
  twoNgbecnw = 241845
         m = 0.148286
        m3 = 0.209367
        m4 = 0.0186831
        m5 = 0.0694672
        Ta = 43036.5
        Tc = 10663.2
        Td = 5331.6
        Te = 2665.8
#       SitePat  BranchLen
              b 127477.0082568
              e 49660.9523265
              c 52028.6824648
              n 45979.2828430
              w 47858.9253336
            b:e 2149.8530054
            b:c 2533.5866327
            b:n 1744.3812143
            b:w 1913.6446156
            e:c 10626.0777410
            e:n 5951.8217657
            e:w 5239.1928403
            c:n 5339.5088706
            c:w 4810.7812089
            n:w 12940.6394699
          b:e:c 2183.2169834
          b:e:n 1157.7407788
          b:e:w 1156.5294287
          b:c:n 1158.4417548
          b:c:w 1173.2588458
          b:n:w 2140.8563545
          e:c:n 4966.8179589
          e:c:w 4328.5320554
          e:n:w 6550.4338871
          c:n:w 5595.3237798
        b:e:c:n 2196.1800470
        b:e:c:w 2013.3109049
        b:e:n:w 3232.2909304
        b:c:n:w 2459.2309987
        e:c:n:w 53276.5805052
