########################################
# legofit: estimate population history #
#       version 2.3.4-4-g53f8760       #
########################################

# Program was compiled: Sep 21 2021 14:36:42
# Program was run: Fri Sep 24 07:55:14 2021

# cmd: legofit -1 -d 0 -t 32 --ptsPerDim 3 --stateOut b1boot39.state --tol 3e-6 -S 5000 acde2.lgo ../../boot/boot39.opf
# Stage nOptItr nSimReps
#     0    5000        0
# algorithm          : deterministic
# ignoring probs <=  : 0
# Branch length floor: 0
# DE strategy        : 2
#    F               : 0.3
#    CR              : 0.8
#    tolerance       : 3e-06
# nthreads           : 32
# lgo input file     : acde2.lgo
# site pat input file: ../../boot/boot39.opf
# free parameters    : 18
# points in DE swarm : 54
# output state file  : b1boot39.state
# Including singleton site patterns.
# cost function      : KL
Initial parameter values
Fixed:
      zero = 0
       one = 1
    Tbecnw = 75200
Free:
       pc1 = 0
       pc2 = 0
       pc3 = 0
       pc4 = 0
       pc5 = 0
       pc6 = 0
       pc7 = 0
       pc8 = 0
       pc9 = 0
      pc10 = 0
      pc11 = 0
      pc12 = 0
      pc13 = 0
      pc14 = 0
      pc15 = 0
      pc16 = 0
      pc17 = 0
      pc18 = 0
Constrained:
   Tgbecnw = 95562.7
     Tecnw = 25872.2
       Tnw = 21276.5
       Tec = 11567.2
     twoNb = 3.77159e+06
     twoNe = 21366.6
     twoNc = 748266
     twoNn = 1.16924e+06
     twoNw = 1.78367e+07
    twoNec = 125846
    twoNnw = 15896.6
  twoNecnw = 81733.4
  twoNbecnw = 9361.47
  twoNgbecnw = 234072
         m = 0.157782
        m3 = 0.202566
        m4 = 0.0184745
        m5 = 0.0790278
        Ta = 43383.6
        Tc = 10638.2
        Td = 5319.12
        Te = 2659.56
DiffEv reached_goal. cost=1.65594e-03 spread=2.45518e-06
Fitted parameter values
Free:
       pc1 = 0.189801
       pc2 = 1.99228
       pc3 = 1.73542
       pc4 = 0.395812
       pc5 = -0.682641
       pc6 = -0.58204
       pc7 = 1.37869
       pc8 = 0.901486
       pc9 = 1.67774
      pc10 = -1.94415
      pc11 = -0.139955
      pc12 = 0.329171
      pc13 = 0.0935027
      pc14 = -0.129783
      pc15 = -0.0760829
      pc16 = -0.0665742
      pc17 = -0.0291799
      pc18 = 0.0172222
Constrained:
   Tgbecnw = 85296
     Tecnw = 25063.1
       Tnw = 21601.5
       Tec = 10967.1
     twoNb = 4.12348e+06
     twoNe = 3807.88
     twoNc = 975886
     twoNn = 2.53793e+06
     twoNw = 1.97548e+07
    twoNec = 123275
    twoNnw = 11514.8
  twoNecnw = 79304.4
  twoNbecnw = 4854.6
  twoNgbecnw = 228535
         m = 0.153898
        m3 = 0.217849
        m4 = 0.019448
        m5 = 0.0712208
        Ta = 43083.5
        Tc = 10800.8
        Td = 5400.38
        Te = 2700.19
#       SitePat  BranchLen
              b 126677.8836169
              e 49392.1455236
              c 51854.6211914
              n 45750.4486029
              w 47765.9534171
            b:e 2125.3465839
            b:c 2528.2976906
            b:n 1721.4844174
            b:w 1902.8177062
            e:c 10645.4214486
            e:n 5960.0965105
            e:w 5191.4254699
            c:n 5309.2954299
            c:w 4752.7295946
            n:w 12902.0444678
          b:e:c 2169.8495729
          b:e:n 1142.5880418
          b:e:w 1140.3142494
          b:c:n 1142.1078053
          b:c:w 1158.5710747
          b:n:w 2128.5198572
          e:c:n 5000.0856756
          e:c:w 4309.8177373
          e:n:w 6582.7563549
          c:n:w 5577.0216788
        b:e:c:n 2176.2380107
        b:e:c:w 1980.7152450
        b:e:n:w 3212.0857589
        b:c:n:w 2424.1135713
        e:c:n:w 52602.0474757
