########################################
# legofit: estimate population history #
#       version 2.3.4-4-g53f8760       #
########################################

# Program was compiled: Sep 21 2021 14:36:42
# Program was run: Fri Sep 24 07:53:34 2021

# cmd: legofit -1 -d 0 -t 32 --ptsPerDim 3 --stateOut b1boot18.state --tol 3e-6 -S 5000 acde2.lgo ../../boot/boot18.opf
# Stage nOptItr nSimReps
#     0    5000        0
# algorithm          : deterministic
# ignoring probs <=  : 0
# Branch length floor: 0
# DE strategy        : 2
#    F               : 0.3
#    CR              : 0.8
#    tolerance       : 3e-06
# nthreads           : 32
# lgo input file     : acde2.lgo
# site pat input file: ../../boot/boot18.opf
# free parameters    : 18
# points in DE swarm : 54
# output state file  : b1boot18.state
# Including singleton site patterns.
# cost function      : KL
Initial parameter values
Fixed:
      zero = 0
       one = 1
    Tbecnw = 75200
Free:
       pc1 = 0
       pc2 = 0
       pc3 = 0
       pc4 = 0
       pc5 = 0
       pc6 = 0
       pc7 = 0
       pc8 = 0
       pc9 = 0
      pc10 = 0
      pc11 = 0
      pc12 = 0
      pc13 = 0
      pc14 = 0
      pc15 = 0
      pc16 = 0
      pc17 = 0
      pc18 = 0
Constrained:
   Tgbecnw = 95562.7
     Tecnw = 25872.2
       Tnw = 21276.5
       Tec = 11567.2
     twoNb = 3.77159e+06
     twoNe = 21366.6
     twoNc = 748266
     twoNn = 1.16924e+06
     twoNw = 1.78367e+07
    twoNec = 125846
    twoNnw = 15896.6
  twoNecnw = 81733.4
  twoNbecnw = 9361.47
  twoNgbecnw = 234072
         m = 0.157782
        m3 = 0.202566
        m4 = 0.0184745
        m5 = 0.0790278
        Ta = 43383.6
        Tc = 10638.2
        Td = 5319.12
        Te = 2659.56
DiffEv reached_goal. cost=1.70845e-03 spread=2.52247e-06
Fitted parameter values
Free:
       pc1 = -2.36256
       pc2 = 1.99829
       pc3 = 1.81617
       pc4 = 1.75083
       pc5 = 0.587248
       pc6 = 1.0782
       pc7 = -0.341455
       pc8 = 1.62488
       pc9 = 1.52747
      pc10 = -1.44527
      pc11 = -0.255781
      pc12 = -0.299595
      pc13 = 0.0117632
      pc14 = 0.0246555
      pc15 = -0.00455646
      pc16 = -0.069807
      pc17 = 0.0158888
      pc18 = 0.0226756
Constrained:
   Tgbecnw = 86348.1
     Tecnw = 24452
       Tnw = 23258.9
       Tec = 12059.5
     twoNb = 6.61837e+06
     twoNe = 8519
     twoNc = 23432.2
     twoNn = 2.6699e+06
     twoNw = 3.72321e+07
    twoNec = 109405
    twoNnw = 4061.75
  twoNecnw = 82759.7
  twoNbecnw = 5218.59
  twoNgbecnw = 235577
         m = 0.153036
        m3 = 0.200416
        m4 = 0.0185575
        m5 = 0.0722627
        Ta = 43629.7
        Tc = 11629.5
        Td = 5814.73
        Te = 2907.37
#       SitePat  BranchLen
              b 127402.2623825
              e 49645.8502665
              c 52090.8630818
              n 46095.9157837
              w 47980.8543236
            b:e 2129.2950010
            b:c 2513.7060429
            b:n 1726.9748985
            b:w 1896.8072190
            e:c 10700.8831549
            e:n 5971.7585587
            e:w 5225.0030166
            c:n 5303.1171776
            c:w 4813.2085802
            n:w 12905.4738908
          b:e:c 2179.5568334
          b:e:n 1146.6361704
          b:e:w 1140.6364460
          b:c:n 1142.3366701
          b:c:w 1162.0328868
          b:n:w 2137.5151581
          e:c:n 4961.8592432
          e:c:w 4313.5848428
          e:n:w 6568.3948223
          c:n:w 5580.8144288
        b:e:c:n 2178.8103423
        b:e:c:w 1995.2815295
        b:e:n:w 3216.4481019
        b:c:n:w 2437.9430832
        e:c:n:w 53032.2448680
