########################################
# legofit: estimate population history #
#       version 2.3.4-4-g53f8760       #
########################################

# Program was compiled: Sep 21 2021 14:36:42
# Program was run: Fri Sep 24 07:55:11 2021

# cmd: legofit -1 -d 0 -t 32 --ptsPerDim 3 --stateOut b1boot37.state --tol 3e-6 -S 5000 acde2.lgo ../../boot/boot37.opf
# Stage nOptItr nSimReps
#     0    5000        0
# algorithm          : deterministic
# ignoring probs <=  : 0
# Branch length floor: 0
# DE strategy        : 2
#    F               : 0.3
#    CR              : 0.8
#    tolerance       : 3e-06
# nthreads           : 32
# lgo input file     : acde2.lgo
# site pat input file: ../../boot/boot37.opf
# free parameters    : 18
# points in DE swarm : 54
# output state file  : b1boot37.state
# Including singleton site patterns.
# cost function      : KL
Initial parameter values
Fixed:
      zero = 0
       one = 1
    Tbecnw = 75200
Free:
       pc1 = 0
       pc2 = 0
       pc3 = 0
       pc4 = 0
       pc5 = 0
       pc6 = 0
       pc7 = 0
       pc8 = 0
       pc9 = 0
      pc10 = 0
      pc11 = 0
      pc12 = 0
      pc13 = 0
      pc14 = 0
      pc15 = 0
      pc16 = 0
      pc17 = 0
      pc18 = 0
Constrained:
   Tgbecnw = 95562.7
     Tecnw = 25872.2
       Tnw = 21276.5
       Tec = 11567.2
     twoNb = 3.77159e+06
     twoNe = 21366.6
     twoNc = 748266
     twoNn = 1.16924e+06
     twoNw = 1.78367e+07
    twoNec = 125846
    twoNnw = 15896.6
  twoNecnw = 81733.4
  twoNbecnw = 9361.47
  twoNgbecnw = 234072
         m = 0.157782
        m3 = 0.202566
        m4 = 0.0184745
        m5 = 0.0790278
        Ta = 43383.6
        Tc = 10638.2
        Td = 5319.12
        Te = 2659.56
DiffEv reached_goal. cost=1.69982e-03 spread=2.83584e-06
Fitted parameter values
Free:
       pc1 = -0.629732
       pc2 = 1.94026
       pc3 = 0.0663538
       pc4 = 1.45285
       pc5 = 0.315328
       pc6 = 1.03385
       pc7 = 0.299664
       pc8 = 1.19832
       pc9 = 0.921544
      pc10 = -0.849276
      pc11 = -0.263117
      pc12 = -0.00485616
      pc13 = -0.0173782
      pc14 = 0.0352395
      pc15 = -0.012161
      pc16 = 0.0108003
      pc17 = -0.0242604
      pc18 = 0.0129252
Constrained:
   Tgbecnw = 87222.2
     Tecnw = 25030.1
       Tnw = 22219.3
       Tec = 11447.9
     twoNb = 5.95699e+06
     twoNe = 6934.37
     twoNc = 526589
     twoNn = 1.19763e+06
     twoNw = 2.61897e+07
    twoNec = 120215
    twoNnw = 9393
  twoNecnw = 80623.6
  twoNbecnw = 5553.9
  twoNgbecnw = 241775
         m = 0.1494
        m3 = 0.20535
        m4 = 0.0181506
        m5 = 0.0786575
        Ta = 43323.9
        Tc = 11109.7
        Td = 5554.83
        Te = 2777.42
#       SitePat  BranchLen
              b 127943.9057591
              e 49649.1138309
              c 52192.5306309
              n 45989.2802346
              w 47888.3382638
            b:e 2123.1334277
            b:c 2514.7567706
            b:n 1716.7630672
            b:w 1886.6649850
            e:c 10620.9122928
            e:n 5959.7012683
            e:w 5224.9945273
            c:n 5282.1798059
            c:w 4766.3067487
            n:w 12944.5576898
          b:e:c 2167.5731151
          b:e:n 1140.2209228
          b:e:w 1137.2445534
          b:c:n 1139.3108775
          b:c:w 1155.6820218
          b:n:w 2125.6322066
          e:c:n 4944.9421531
          e:c:w 4296.4639222
          e:n:w 6607.6037747
          c:n:w 5575.4668429
        b:e:c:n 2160.6338257
        b:e:c:w 1977.3371329
        b:e:n:w 3207.8038737
        b:c:n:w 2423.5820780
        e:c:n:w 53602.5663989
