########################################
# legofit: estimate population history #
#       version 2.3.4-4-g53f8760       #
########################################

# Program was compiled: Sep 21 2021 14:36:42
# Program was run: Fri Sep 24 07:56:03 2021

# cmd: legofit -1 -d 0 -t 32 --ptsPerDim 3 --stateOut b1boot46.state --tol 3e-6 -S 5000 acde2.lgo ../../boot/boot46.opf
# Stage nOptItr nSimReps
#     0    5000        0
# algorithm          : deterministic
# ignoring probs <=  : 0
# Branch length floor: 0
# DE strategy        : 2
#    F               : 0.3
#    CR              : 0.8
#    tolerance       : 3e-06
# nthreads           : 32
# lgo input file     : acde2.lgo
# site pat input file: ../../boot/boot46.opf
# free parameters    : 18
# points in DE swarm : 54
# output state file  : b1boot46.state
# Including singleton site patterns.
# cost function      : KL
Initial parameter values
Fixed:
      zero = 0
       one = 1
    Tbecnw = 75200
Free:
       pc1 = 0
       pc2 = 0
       pc3 = 0
       pc4 = 0
       pc5 = 0
       pc6 = 0
       pc7 = 0
       pc8 = 0
       pc9 = 0
      pc10 = 0
      pc11 = 0
      pc12 = 0
      pc13 = 0
      pc14 = 0
      pc15 = 0
      pc16 = 0
      pc17 = 0
      pc18 = 0
Constrained:
   Tgbecnw = 95562.7
     Tecnw = 25872.2
       Tnw = 21276.5
       Tec = 11567.2
     twoNb = 3.77159e+06
     twoNe = 21366.6
     twoNc = 748266
     twoNn = 1.16924e+06
     twoNw = 1.78367e+07
    twoNec = 125846
    twoNnw = 15896.6
  twoNecnw = 81733.4
  twoNbecnw = 9361.47
  twoNgbecnw = 234072
         m = 0.157782
        m3 = 0.202566
        m4 = 0.0184745
        m5 = 0.0790278
        Ta = 43383.6
        Tc = 10638.2
        Td = 5319.12
        Te = 2659.56
DiffEv reached_goal. cost=1.64361e-03 spread=2.52024e-06
Fitted parameter values
Free:
       pc1 = -0.588477
       pc2 = 1.97927
       pc3 = 1.60784
       pc4 = 0.99628
       pc5 = 0.0380978
       pc6 = 0.817279
       pc7 = 0.432026
       pc8 = 1.3228
       pc9 = 1.04292
      pc10 = -1.89586
      pc11 = -0.146368
      pc12 = -0.33854
      pc13 = -0.0232289
      pc14 = 0.120747
      pc15 = -0.0163266
      pc16 = 0.0423333
      pc17 = -0.038449
      pc18 = 0.0102198
Constrained:
   Tgbecnw = 85665
     Tecnw = 24799.5
       Tnw = 22027.2
       Tec = 11256.3
     twoNb = 5.89192e+06
     twoNe = 5683.44
     twoNc = 507240
     twoNn = 2.87069e+06
     twoNw = 2.06682e+07
    twoNec = 122593
    twoNnw = 9343.65
  twoNecnw = 80761.2
  twoNbecnw = 4948.54
  twoNgbecnw = 235208
         m = 0.153259
        m3 = 0.204805
        m4 = 0.0187615
        m5 = 0.0728008
        Ta = 43228.1
        Tc = 11013.6
        Td = 5506.79
        Te = 2753.39
#       SitePat  BranchLen
              b 127501.7055503
              e 49639.3217792
              c 52073.8071117
              n 45921.9755643
              w 47757.7483255
            b:e 2144.5361952
            b:c 2534.3641966
            b:n 1731.1914734
            b:w 1896.5400134
            e:c 10611.6203275
            e:n 5928.3319052
            e:w 5230.2665964
            c:n 5302.3823222
            c:w 4790.5802797
            n:w 12960.5645277
          b:e:c 2181.7891358
          b:e:n 1149.0605466
          b:e:w 1147.5821899
          b:c:n 1149.5525182
          b:c:w 1164.2300057
          b:n:w 2138.9341422
          e:c:n 4939.5798234
          e:c:w 4313.6744136
          e:n:w 6602.6830554
          c:n:w 5609.9607024
        b:e:c:n 2174.9690517
        b:e:c:w 1996.4213808
        b:e:n:w 3233.7460744
        b:c:n:w 2450.6507680
        e:c:n:w 53301.6912049
