########################################
# legofit: estimate population history #
#       version 2.3.4-4-g53f8760       #
########################################

# Program was compiled: Sep 21 2021 14:36:42
# Program was run: Fri Sep 24 07:56:03 2021

# cmd: legofit -1 -d 0 -t 32 --ptsPerDim 3 --stateOut b1boot47.state --tol 3e-6 -S 5000 acde2.lgo ../../boot/boot47.opf
# Stage nOptItr nSimReps
#     0    5000        0
# algorithm          : deterministic
# ignoring probs <=  : 0
# Branch length floor: 0
# DE strategy        : 2
#    F               : 0.3
#    CR              : 0.8
#    tolerance       : 3e-06
# nthreads           : 32
# lgo input file     : acde2.lgo
# site pat input file: ../../boot/boot47.opf
# free parameters    : 18
# points in DE swarm : 54
# output state file  : b1boot47.state
# Including singleton site patterns.
# cost function      : KL
Initial parameter values
Fixed:
      zero = 0
       one = 1
    Tbecnw = 75200
Free:
       pc1 = 0
       pc2 = 0
       pc3 = 0
       pc4 = 0
       pc5 = 0
       pc6 = 0
       pc7 = 0
       pc8 = 0
       pc9 = 0
      pc10 = 0
      pc11 = 0
      pc12 = 0
      pc13 = 0
      pc14 = 0
      pc15 = 0
      pc16 = 0
      pc17 = 0
      pc18 = 0
Constrained:
   Tgbecnw = 95562.7
     Tecnw = 25872.2
       Tnw = 21276.5
       Tec = 11567.2
     twoNb = 3.77159e+06
     twoNe = 21366.6
     twoNc = 748266
     twoNn = 1.16924e+06
     twoNw = 1.78367e+07
    twoNec = 125846
    twoNnw = 15896.6
  twoNecnw = 81733.4
  twoNbecnw = 9361.47
  twoNgbecnw = 234072
         m = 0.157782
        m3 = 0.202566
        m4 = 0.0184745
        m5 = 0.0790278
        Ta = 43383.6
        Tc = 10638.2
        Td = 5319.12
        Te = 2659.56
DiffEv reached_goal. cost=1.70402e-03 spread=2.69603e-06
Fitted parameter values
Free:
       pc1 = 0.0218632
       pc2 = 1.97213
       pc3 = 1.00438
       pc4 = 0.305957
       pc5 = 0.368585
       pc6 = 1.61522
       pc7 = 0.387639
       pc8 = 1.05471
       pc9 = 0.869311
      pc10 = -1.08735
      pc11 = -0.315327
      pc12 = -0.258453
      pc13 = 0.0591492
      pc14 = 0.143417
      pc15 = -0.00171415
      pc16 = -0.0146982
      pc17 = -0.00871806
      pc18 = -0.00371098
Constrained:
   Tgbecnw = 86223.5
     Tecnw = 24905.8
       Tnw = 21557
       Tec = 10940.6
     twoNb = 5.27316e+06
     twoNe = 3603.55
     twoNc = 876808
     twoNn = 2.24305e+06
     twoNw = 2.04055e+07
    twoNec = 124929
    twoNnw = 11504.7
  twoNecnw = 80388.8
  twoNbecnw = 5156.48
  twoNgbecnw = 238563
         m = 0.149239
        m3 = 0.196124
        m4 = 0.0185035
        m5 = 0.0767566
        Ta = 43070.3
        Tc = 10778.5
        Td = 5389.26
        Te = 2694.63
#       SitePat  BranchLen
              b 127241.1550782
              e 49575.2361880
              c 52048.1045814
              n 45955.3771541
              w 47742.0019150
            b:e 2130.5158546
            b:c 2518.9994685
            b:n 1730.5976092
            b:w 1890.3275261
            e:c 10629.5632379
            e:n 5922.6135599
            e:w 5239.7721067
            c:n 5280.9086710
            c:w 4784.7615605
            n:w 12951.8373068
          b:e:c 2171.1047366
          b:e:n 1144.9387563
          b:e:w 1143.2809161
          b:c:n 1145.6974993
          b:c:w 1160.0222373
          b:n:w 2129.2412973
          e:c:n 4931.2538485
          e:c:w 4323.6176514
          e:n:w 6584.7594891
          c:n:w 5580.0660521
        b:e:c:n 2166.7622659
        b:e:c:w 1994.3654511
        b:e:n:w 3211.1741614
        b:c:n:w 2433.7305527
        e:c:n:w 53042.9555961
