########################################
# legofit: estimate population history #
#       version 2.3.4-4-g53f8760       #
########################################

# Program was compiled: Sep 21 2021 14:36:42
# Program was run: Fri Sep 24 07:55:30 2021

# cmd: legofit -1 -d 0 -t 32 --ptsPerDim 3 --stateOut b1boot41.state --tol 3e-6 -S 5000 acde2.lgo ../../boot/boot41.opf
# Stage nOptItr nSimReps
#     0    5000        0
# algorithm          : deterministic
# ignoring probs <=  : 0
# Branch length floor: 0
# DE strategy        : 2
#    F               : 0.3
#    CR              : 0.8
#    tolerance       : 3e-06
# nthreads           : 32
# lgo input file     : acde2.lgo
# site pat input file: ../../boot/boot41.opf
# free parameters    : 18
# points in DE swarm : 54
# output state file  : b1boot41.state
# Including singleton site patterns.
# cost function      : KL
Initial parameter values
Fixed:
      zero = 0
       one = 1
    Tbecnw = 75200
Free:
       pc1 = 0
       pc2 = 0
       pc3 = 0
       pc4 = 0
       pc5 = 0
       pc6 = 0
       pc7 = 0
       pc8 = 0
       pc9 = 0
      pc10 = 0
      pc11 = 0
      pc12 = 0
      pc13 = 0
      pc14 = 0
      pc15 = 0
      pc16 = 0
      pc17 = 0
      pc18 = 0
Constrained:
   Tgbecnw = 95562.7
     Tecnw = 25872.2
       Tnw = 21276.5
       Tec = 11567.2
     twoNb = 3.77159e+06
     twoNe = 21366.6
     twoNc = 748266
     twoNn = 1.16924e+06
     twoNw = 1.78367e+07
    twoNec = 125846
    twoNnw = 15896.6
  twoNecnw = 81733.4
  twoNbecnw = 9361.47
  twoNgbecnw = 234072
         m = 0.157782
        m3 = 0.202566
        m4 = 0.0184745
        m5 = 0.0790278
        Ta = 43383.6
        Tc = 10638.2
        Td = 5319.12
        Te = 2659.56
DiffEv reached_goal. cost=1.68195e-03 spread=2.94318e-06
Fitted parameter values
Free:
       pc1 = -0.688669
       pc2 = 1.98979
       pc3 = 1.30226
       pc4 = 1.29148
       pc5 = -0.647424
       pc6 = 0.00982636
       pc7 = 0.357452
       pc8 = 0.87108
       pc9 = 1.80653
      pc10 = -1.31202
      pc11 = -0.1987
      pc12 = -0.0669646
      pc13 = 0.00534493
      pc14 = -0.0250971
      pc15 = 0.0574137
      pc16 = 0.0116432
      pc17 = -0.0331583
      pc18 = 0.0262908
Constrained:
   Tgbecnw = 85318
     Tecnw = 24949.8
       Tnw = 22180.1
       Tec = 11488.5
     twoNb = 4.68048e+06
     twoNe = 8607.68
     twoNc = 301305
     twoNn = 1.5303e+06
     twoNw = 2.73734e+07
    twoNec = 119712
    twoNnw = 9314.45
  twoNecnw = 80436.5
  twoNbecnw = 4815.42
  twoNgbecnw = 232856
         m = 0.152529
        m3 = 0.211914
        m4 = 0.0187733
        m5 = 0.0718929
        Ta = 43344.2
        Tc = 11090
        Td = 5545.02
        Te = 2772.51
#       SitePat  BranchLen
              b 126913.2744368
              e 49587.9843010
              c 52030.3078047
              n 45951.8596142
              w 47902.6040553
            b:e 2137.7011336
            b:c 2530.1514817
            b:n 1731.0613672
            b:w 1907.4350020
            e:c 10607.2389380
            e:n 5963.5577366
            e:w 5205.6740893
            c:n 5304.4799114
            c:w 4778.8302419
            n:w 12873.2286413
          b:e:c 2179.4019899
          b:e:n 1151.4181052
          b:e:w 1147.5461787
          b:c:n 1149.3731071
          b:c:w 1167.3184421
          b:n:w 2137.1781452
          e:c:n 4973.0167354
          e:c:w 4305.8056112
          e:n:w 6568.3212468
          c:n:w 5577.1347725
        b:e:c:n 2187.1084745
        b:e:c:w 1996.6614312
        b:e:n:w 3219.0915174
        b:c:n:w 2443.6981140
        e:c:n:w 52767.8918707
