########################################
# legofit: estimate population history #
#       version 2.3.4-4-g53f8760       #
########################################

# Program was compiled: Sep 21 2021 14:36:42
# Program was run: Fri Sep 24 07:54:02 2021

# cmd: legofit -1 -d 0 -t 32 --ptsPerDim 3 --stateOut b1boot24.state --tol 3e-6 -S 5000 acde2.lgo ../../boot/boot24.opf
# Stage nOptItr nSimReps
#     0    5000        0
# algorithm          : deterministic
# ignoring probs <=  : 0
# Branch length floor: 0
# DE strategy        : 2
#    F               : 0.3
#    CR              : 0.8
#    tolerance       : 3e-06
# nthreads           : 32
# lgo input file     : acde2.lgo
# site pat input file: ../../boot/boot24.opf
# free parameters    : 18
# points in DE swarm : 54
# output state file  : b1boot24.state
# Including singleton site patterns.
# cost function      : KL
Initial parameter values
Fixed:
      zero = 0
       one = 1
    Tbecnw = 75200
Free:
       pc1 = 0
       pc2 = 0
       pc3 = 0
       pc4 = 0
       pc5 = 0
       pc6 = 0
       pc7 = 0
       pc8 = 0
       pc9 = 0
      pc10 = 0
      pc11 = 0
      pc12 = 0
      pc13 = 0
      pc14 = 0
      pc15 = 0
      pc16 = 0
      pc17 = 0
      pc18 = 0
Constrained:
   Tgbecnw = 95562.7
     Tecnw = 25872.2
       Tnw = 21276.5
       Tec = 11567.2
     twoNb = 3.77159e+06
     twoNe = 21366.6
     twoNc = 748266
     twoNn = 1.16924e+06
     twoNw = 1.78367e+07
    twoNec = 125846
    twoNnw = 15896.6
  twoNecnw = 81733.4
  twoNbecnw = 9361.47
  twoNgbecnw = 234072
         m = 0.157782
        m3 = 0.202566
        m4 = 0.0184745
        m5 = 0.0790278
        Ta = 43383.6
        Tc = 10638.2
        Td = 5319.12
        Te = 2659.56
DiffEv reached_goal. cost=1.70956e-03 spread=1.46919e-06
Fitted parameter values
Free:
       pc1 = -0.828307
       pc2 = 1.98514
       pc3 = 1.17893
       pc4 = 1.10068
       pc5 = 0.854413
       pc6 = 1.68054
       pc7 = 0.245483
       pc8 = 0.749732
       pc9 = 1.29198
      pc10 = -1.03316
      pc11 = -0.423121
      pc12 = -0.225347
      pc13 = 0.00736722
      pc14 = 0.11163
      pc15 = 0.0218727
      pc16 = -0.0358963
      pc17 = -0.00929193
      pc18 = 0.0215661
Constrained:
   Tgbecnw = 85599.1
     Tecnw = 24810.4
       Tnw = 22076.7
       Tec = 11249.4
     twoNb = 5.60955e+06
     twoNe = 4541.94
     twoNc = 479126
     twoNn = 2.57272e+06
     twoNw = 3.46853e+07
    twoNec = 120397
    twoNnw = 9456.34
  twoNecnw = 81187.5
  twoNbecnw = 4920.21
  twoNgbecnw = 234042
         m = 0.154065
        m3 = 0.19685
        m4 = 0.0183272
        m5 = 0.0770195
        Ta = 43224.7
        Tc = 11038.4
        Td = 5519.18
        Te = 2759.59
#       SitePat  BranchLen
              b 127388.6869910
              e 49605.4716084
              c 52068.8136888
              n 46078.9157492
              w 47892.2338614
            b:e 2132.1005985
            b:c 2522.0888554
            b:n 1737.5888612
            b:w 1900.3938830
            e:c 10646.4450536
            e:n 5943.7815444
            e:w 5245.8667050
            c:n 5295.3292321
            c:w 4798.4636373
            n:w 12886.8567017
          b:e:c 2175.4430849
          b:e:n 1150.3806314
          b:e:w 1147.9277251
          b:c:n 1150.1559024
          b:c:w 1165.6353553
          b:n:w 2133.9369365
          e:c:n 4948.3779060
          e:c:w 4329.8402279
          e:n:w 6568.6924147
          c:n:w 5566.5219119
        b:e:c:n 2180.9656396
        b:e:c:w 2005.1340711
        b:e:n:w 3211.7115674
        b:c:n:w 2438.9237796
        e:c:n:w 53148.9355365
