########################################
# legofit: estimate population history #
#       version 2.3.4-4-g53f8760       #
########################################

# Program was compiled: Sep 21 2021 14:36:42
# Program was run: Fri Sep 24 07:53:34 2021

# cmd: legofit -1 -d 0 -t 32 --ptsPerDim 3 --stateOut b1boot17.state --tol 3e-6 -S 5000 acde2.lgo ../../boot/boot17.opf
# Stage nOptItr nSimReps
#     0    5000        0
# algorithm          : deterministic
# ignoring probs <=  : 0
# Branch length floor: 0
# DE strategy        : 2
#    F               : 0.3
#    CR              : 0.8
#    tolerance       : 3e-06
# nthreads           : 32
# lgo input file     : acde2.lgo
# site pat input file: ../../boot/boot17.opf
# free parameters    : 18
# points in DE swarm : 54
# output state file  : b1boot17.state
# Including singleton site patterns.
# cost function      : KL
Initial parameter values
Fixed:
      zero = 0
       one = 1
    Tbecnw = 75200
Free:
       pc1 = 0
       pc2 = 0
       pc3 = 0
       pc4 = 0
       pc5 = 0
       pc6 = 0
       pc7 = 0
       pc8 = 0
       pc9 = 0
      pc10 = 0
      pc11 = 0
      pc12 = 0
      pc13 = 0
      pc14 = 0
      pc15 = 0
      pc16 = 0
      pc17 = 0
      pc18 = 0
Constrained:
   Tgbecnw = 95562.7
     Tecnw = 25872.2
       Tnw = 21276.5
       Tec = 11567.2
     twoNb = 3.77159e+06
     twoNe = 21366.6
     twoNc = 748266
     twoNn = 1.16924e+06
     twoNw = 1.78367e+07
    twoNec = 125846
    twoNnw = 15896.6
  twoNecnw = 81733.4
  twoNbecnw = 9361.47
  twoNgbecnw = 234072
         m = 0.157782
        m3 = 0.202566
        m4 = 0.0184745
        m5 = 0.0790278
        Ta = 43383.6
        Tc = 10638.2
        Td = 5319.12
        Te = 2659.56
DiffEv reached_goal. cost=1.70463e-03 spread=2.94639e-06
Fitted parameter values
Free:
       pc1 = -0.313738
       pc2 = 1.91545
       pc3 = 2.66165
       pc4 = 0.814571
       pc5 = 0.48302
       pc6 = -0.3115
       pc7 = 0.310693
       pc8 = 1.49879
       pc9 = 1.07907
      pc10 = -1.7201
      pc11 = -0.344982
      pc12 = 0.242879
      pc13 = 0.0422759
      pc14 = -0.00310952
      pc15 = -0.0156572
      pc16 = -0.00434429
      pc17 = 0.0111251
      pc18 = 0.0100931
Constrained:
   Tgbecnw = 87634.7
     Tecnw = 25010.1
       Tnw = 21902.6
       Tec = 11320
     twoNb = 5.80412e+06
     twoNe = 7882.7
     twoNc = 645861
     twoNn = 3.33023e+06
     twoNw = 3.0517e+07
    twoNec = 121425
    twoNnw = 10507.1
  twoNecnw = 79651.2
  twoNbecnw = 5770.99
  twoNgbecnw = 241350
         m = 0.144745
        m3 = 0.207123
        m4 = 0.0197427
        m5 = 0.0702925
        Ta = 43260
        Tc = 10951.3
        Td = 5475.66
        Te = 2737.83
#       SitePat  BranchLen
              b 127172.6810388
              e 49585.5572505
              c 52071.5481057
              n 45935.4632672
              w 47857.9842350
            b:e 2138.9706428
            b:c 2531.4531639
            b:n 1732.5622367
            b:w 1905.9987839
            e:c 10655.8558462
            e:n 5964.0807651
            e:w 5211.3940640
            c:n 5299.2229238
            c:w 4788.1470896
            n:w 12942.6659493
          b:e:c 2179.9069715
          b:e:n 1148.9334414
          b:e:w 1144.0682231
          b:c:n 1145.9674900
          b:c:w 1164.3412365
          b:n:w 2138.5681239
          e:c:n 4992.0042385
          e:c:w 4333.2458060
          e:n:w 6606.8146607
          c:n:w 5608.7008264
        b:e:c:n 2178.7993831
        b:e:c:w 1991.8543077
        b:e:n:w 3247.2644938
        b:c:n:w 2437.7022945
        e:c:n:w 52880.3221483
