########################################
# legofit: estimate population history #
#       version 2.3.4-4-g53f8760       #
########################################

# Program was compiled: Sep 21 2021 14:36:42
# Program was run: Fri Sep 24 07:55:11 2021

# cmd: legofit -1 -d 0 -t 32 --ptsPerDim 3 --stateOut b1boot36.state --tol 3e-6 -S 5000 acde2.lgo ../../boot/boot36.opf
# Stage nOptItr nSimReps
#     0    5000        0
# algorithm          : deterministic
# ignoring probs <=  : 0
# Branch length floor: 0
# DE strategy        : 2
#    F               : 0.3
#    CR              : 0.8
#    tolerance       : 3e-06
# nthreads           : 32
# lgo input file     : acde2.lgo
# site pat input file: ../../boot/boot36.opf
# free parameters    : 18
# points in DE swarm : 54
# output state file  : b1boot36.state
# Including singleton site patterns.
# cost function      : KL
Initial parameter values
Fixed:
      zero = 0
       one = 1
    Tbecnw = 75200
Free:
       pc1 = 0
       pc2 = 0
       pc3 = 0
       pc4 = 0
       pc5 = 0
       pc6 = 0
       pc7 = 0
       pc8 = 0
       pc9 = 0
      pc10 = 0
      pc11 = 0
      pc12 = 0
      pc13 = 0
      pc14 = 0
      pc15 = 0
      pc16 = 0
      pc17 = 0
      pc18 = 0
Constrained:
   Tgbecnw = 95562.7
     Tecnw = 25872.2
       Tnw = 21276.5
       Tec = 11567.2
     twoNb = 3.77159e+06
     twoNe = 21366.6
     twoNc = 748266
     twoNn = 1.16924e+06
     twoNw = 1.78367e+07
    twoNec = 125846
    twoNnw = 15896.6
  twoNecnw = 81733.4
  twoNbecnw = 9361.47
  twoNgbecnw = 234072
         m = 0.157782
        m3 = 0.202566
        m4 = 0.0184745
        m5 = 0.0790278
        Ta = 43383.6
        Tc = 10638.2
        Td = 5319.12
        Te = 2659.56
DiffEv reached_goal. cost=1.71139e-03 spread=2.48829e-06
Fitted parameter values
Free:
       pc1 = -0.739399
       pc2 = 1.96951
       pc3 = 1.09868
       pc4 = 1.25387
       pc5 = -0.770983
       pc6 = 1.75788
       pc7 = -0.403492
       pc8 = 1.01633
       pc9 = 1.72732
      pc10 = -0.576115
      pc11 = -0.376633
      pc12 = -0.255257
      pc13 = 0.101532
      pc14 = 0.226672
      pc15 = -0.0526572
      pc16 = -0.0017279
      pc17 = -0.0379376
      pc18 = 0.0242591
Constrained:
   Tgbecnw = 84318.3
     Tecnw = 24634.8
       Tnw = 22126.8
       Tec = 11378.3
     twoNb = 4.98284e+06
     twoNe = 7325.83
     twoNc = 84344.5
     twoNn = 365229
     twoNw = 2.54431e+07
    twoNec = 119822
    twoNnw = 8781.21
  twoNecnw = 80787.9
  twoNbecnw = 4364.07
  twoNgbecnw = 230100
         m = 0.155731
        m3 = 0.195906
        m4 = 0.0183641
        m5 = 0.0740983
        Ta = 43289.1
        Tc = 11063.4
        Td = 5531.7
        Te = 2765.85
#       SitePat  BranchLen
              b 126771.0664885
              e 49477.2135375
              c 51849.2629921
              n 45969.8860258
              w 47722.3934054
            b:e 2118.6569776
            b:c 2502.1048993
            b:n 1727.8255300
            b:w 1884.9215184
            e:c 10569.0596159
            e:n 5904.9312555
            e:w 5237.7724004
            c:n 5291.9038139
            c:w 4804.7439284
            n:w 12789.3937342
          b:e:c 2153.4590781
          b:e:n 1143.4068975
          b:e:w 1141.8404427
          b:c:n 1144.1258178
          b:c:w 1158.3097794
          b:n:w 2112.2158038
          e:c:n 4925.3152244
          e:c:w 4327.1265854
          e:n:w 6529.9880102
          c:n:w 5559.9885654
        b:e:c:n 2163.9224938
        b:e:c:w 1994.2089988
        b:e:n:w 3180.6290623
        b:c:n:w 2423.9983456
        e:c:n:w 52753.1619953
