########################################
# legofit: estimate population history #
#       version 2.3.4-4-g53f8760       #
########################################

# Program was compiled: Sep 21 2021 14:36:42
# Program was run: Fri Sep 24 07:54:56 2021

# cmd: legofit -1 -d 0 -t 32 --ptsPerDim 3 --stateOut b1boot34.state --tol 3e-6 -S 5000 acde2.lgo ../../boot/boot34.opf
# Stage nOptItr nSimReps
#     0    5000        0
# algorithm          : deterministic
# ignoring probs <=  : 0
# Branch length floor: 0
# DE strategy        : 2
#    F               : 0.3
#    CR              : 0.8
#    tolerance       : 3e-06
# nthreads           : 32
# lgo input file     : acde2.lgo
# site pat input file: ../../boot/boot34.opf
# free parameters    : 18
# points in DE swarm : 54
# output state file  : b1boot34.state
# Including singleton site patterns.
# cost function      : KL
Initial parameter values
Fixed:
      zero = 0
       one = 1
    Tbecnw = 75200
Free:
       pc1 = 0
       pc2 = 0
       pc3 = 0
       pc4 = 0
       pc5 = 0
       pc6 = 0
       pc7 = 0
       pc8 = 0
       pc9 = 0
      pc10 = 0
      pc11 = 0
      pc12 = 0
      pc13 = 0
      pc14 = 0
      pc15 = 0
      pc16 = 0
      pc17 = 0
      pc18 = 0
Constrained:
   Tgbecnw = 95562.7
     Tecnw = 25872.2
       Tnw = 21276.5
       Tec = 11567.2
     twoNb = 3.77159e+06
     twoNe = 21366.6
     twoNc = 748266
     twoNn = 1.16924e+06
     twoNw = 1.78367e+07
    twoNec = 125846
    twoNnw = 15896.6
  twoNecnw = 81733.4
  twoNbecnw = 9361.47
  twoNgbecnw = 234072
         m = 0.157782
        m3 = 0.202566
        m4 = 0.0184745
        m5 = 0.0790278
        Ta = 43383.6
        Tc = 10638.2
        Td = 5319.12
        Te = 2659.56
DiffEv reached_goal. cost=1.69368e-03 spread=2.82610e-06
Fitted parameter values
Free:
       pc1 = -1.04842
       pc2 = 1.98149
       pc3 = 0.441699
       pc4 = 0.199461
       pc5 = 0.0549356
       pc6 = 0.918535
       pc7 = 0.748137
       pc8 = 1.29405
       pc9 = 1.39528
      pc10 = -1.07014
      pc11 = -0.530955
      pc12 = 0.190604
      pc13 = 0.0597643
      pc14 = 0.123306
      pc15 = -0.0405231
      pc16 = 0.00590366
      pc17 = -0.0176646
      pc18 = 0.0288446
Constrained:
   Tgbecnw = 86663.8
     Tecnw = 24835.9
       Tnw = 22829.8
       Tec = 11617.4
     twoNb = 4.7328e+06
     twoNe = 4533.49
     twoNc = 1.10529e+06
     twoNn = 1.74322e+06
     twoNw = 2.25628e+07
    twoNec = 117584
    twoNnw = 6706.76
  twoNecnw = 80703.2
  twoNbecnw = 5387.04
  twoNgbecnw = 234593
         m = 0.152205
        m3 = 0.203823
        m4 = 0.0184987
        m5 = 0.0768122
        Ta = 43408.7
        Tc = 11414.9
        Td = 5707.45
        Te = 2853.73
#       SitePat  BranchLen
              b 127389.3406463
              e 49606.8709411
              c 52083.4695501
              n 45973.2645638
              w 47819.2734295
            b:e 2126.1631676
            b:c 2521.0331853
            b:n 1717.0227395
            b:w 1882.8894514
            e:c 10630.5709710
            e:n 5924.3855449
            e:w 5226.2461825
            c:n 5288.0482066
            c:w 4773.5878902
            n:w 12911.0869537
          b:e:c 2169.5203227
          b:e:n 1137.8807425
          b:e:w 1136.7354067
          b:c:n 1138.9162463
          b:c:w 1153.1266502
          b:n:w 2127.2353904
          e:c:n 4941.8431661
          e:c:w 4308.4339793
          e:n:w 6621.4399859
          c:n:w 5599.7223498
        b:e:c:n 2156.0339478
        b:e:c:w 1977.1021678
        b:e:n:w 3204.5292211
        b:c:n:w 2426.3466886
        e:c:n:w 53096.1206524
