########################################
# legofit: estimate population history #
#       version 2.3.4-4-g53f8760       #
########################################

# Program was compiled: Sep 21 2021 14:36:42
# Program was run: Fri Sep 24 07:52:19 2021

# cmd: legofit -1 -d 0 -t 32 --ptsPerDim 3 --stateOut b1boot6.state --tol 3e-6 -S 5000 acde2.lgo ../../boot/boot6.opf
# Stage nOptItr nSimReps
#     0    5000        0
# algorithm          : deterministic
# ignoring probs <=  : 0
# Branch length floor: 0
# DE strategy        : 2
#    F               : 0.3
#    CR              : 0.8
#    tolerance       : 3e-06
# nthreads           : 32
# lgo input file     : acde2.lgo
# site pat input file: ../../boot/boot6.opf
# free parameters    : 18
# points in DE swarm : 54
# output state file  : b1boot6.state
# Including singleton site patterns.
# cost function      : KL
Initial parameter values
Fixed:
      zero = 0
       one = 1
    Tbecnw = 75200
Free:
       pc1 = 0
       pc2 = 0
       pc3 = 0
       pc4 = 0
       pc5 = 0
       pc6 = 0
       pc7 = 0
       pc8 = 0
       pc9 = 0
      pc10 = 0
      pc11 = 0
      pc12 = 0
      pc13 = 0
      pc14 = 0
      pc15 = 0
      pc16 = 0
      pc17 = 0
      pc18 = 0
Constrained:
   Tgbecnw = 95562.7
     Tecnw = 25872.2
       Tnw = 21276.5
       Tec = 11567.2
     twoNb = 3.77159e+06
     twoNe = 21366.6
     twoNc = 748266
     twoNn = 1.16924e+06
     twoNw = 1.78367e+07
    twoNec = 125846
    twoNnw = 15896.6
  twoNecnw = 81733.4
  twoNbecnw = 9361.47
  twoNgbecnw = 234072
         m = 0.157782
        m3 = 0.202566
        m4 = 0.0184745
        m5 = 0.0790278
        Ta = 43383.6
        Tc = 10638.2
        Td = 5319.12
        Te = 2659.56
DiffEv reached_goal. cost=1.68374e-03 spread=2.39681e-06
Fitted parameter values
Free:
       pc1 = 0.0655501
       pc2 = 1.96954
       pc3 = 2.47953
       pc4 = -0.271024
       pc5 = 0.929047
       pc6 = 1.10851
       pc7 = 0.7237
       pc8 = 0.7255
       pc9 = 1.86232
      pc10 = -0.461676
      pc11 = -0.305883
      pc12 = 0.310637
      pc13 = -0.015812
      pc14 = 0.0912249
      pc15 = 0.031654
      pc16 = -0.0400588
      pc17 = 0.00621001
      pc18 = 0.0261379
Constrained:
   Tgbecnw = 85987.3
     Tecnw = 24777.9
       Tnw = 21308.6
       Tec = 10751.4
     twoNb = 4.05509e+06
     twoNe = 2057.51
     twoNc = 1.20931e+06
     twoNn = 2.73016e+06
     twoNw = 4.05976e+07
    twoNec = 124713
    twoNnw = 12237.3
  twoNecnw = 81217.5
  twoNbecnw = 5027.14
  twoNgbecnw = 238632
         m = 0.151313
        m3 = 0.194607
        m4 = 0.0194558
        m5 = 0.0740959
        Ta = 42975.7
        Tc = 10654.3
        Td = 5327.15
        Te = 2663.58
#       SitePat  BranchLen
              b 127427.1645296
              e 49558.7806768
              c 52043.5004516
              n 46061.0695471
              w 47876.9623729
            b:e 2113.4452464
            b:c 2513.1420726
            b:n 1730.0744846
            b:w 1890.8744371
            e:c 10648.7945481
            e:n 5956.8888055
            e:w 5244.6788629
            c:n 5294.4764211
            c:w 4805.4952243
            n:w 12889.8346386
          b:e:c 2154.5325393
          b:e:n 1144.9884573
          b:e:w 1141.0006134
          b:c:n 1143.5026214
          b:c:w 1160.3947706
          b:n:w 2113.6434846
          e:c:n 4942.1577729
          e:c:w 4327.4560864
          e:n:w 6530.6666239
          c:n:w 5534.3295675
        b:e:c:n 2170.7686028
        b:e:c:w 1997.0643449
        b:e:n:w 3223.2144376
        b:c:n:w 2418.8221535
        e:c:n:w 53188.1956188
