########################################
# legofit: estimate population history #
#       version 2.3.4-4-g53f8760       #
########################################

# Program was compiled: Sep 21 2021 14:36:42
# Program was run: Wed Sep 22 11:06:20 2021

# cmd: legofit -1 -d 0 -t 32 --ptsPerDim 3 --stateOut b1.state --tol 3e-6 -S 5000 cde2.lgo ../../pan.opf
# Stage nOptItr nSimReps
#     0    5000        0
# algorithm          : deterministic
# ignoring probs <=  : 0
# Branch length floor: 0
# DE strategy        : 2
#    F               : 0.3
#    CR              : 0.8
#    tolerance       : 3e-06
# nthreads           : 32
# lgo input file     : cde2.lgo
# site pat input file: ../../pan.opf
# free parameters    : 15
# points in DE swarm : 45
# output state file  : b1.state
# Including singleton site patterns.
# cost function      : KL
Initial parameter values
Fixed:
      zero = 0
       one = 1
    Tbecnw = 75200
Free:
       pc1 = 0
       pc2 = 0
       pc3 = 0
       pc4 = 0
       pc5 = 0
       pc6 = 0
       pc7 = 0
       pc8 = 0
       pc9 = 0
      pc10 = 0
      pc11 = 0
      pc12 = 0
      pc13 = 0
      pc14 = 0
      pc15 = 0
Constrained:
     Tecnw = 44296.5
       Tnw = 5342.35
       Tec = 4813.6
     twoNb = 621509
     twoNe = 39579
     twoNc = 216067
     twoNn = 196873
     twoNw = 276739
    twoNec = 280963
    twoNnw = 109708
  twoNecnw = 27945.4
  twoNbecnw = 79565.7
        m3 = 0.275956
        m4 = 5.22757e-05
        m5 = 0.138979
        Tc = 2671.18
        Td = 1335.59
        Te = 667.794
DiffEv reached_goal. cost=2.62254e-03 spread=2.42346e-06
Fitted parameter values
Free:
       pc1 = 3.92922
       pc2 = -0.439687
       pc3 = 0.473056
       pc4 = 1.97565
       pc5 = 0.0136045
       pc6 = -1.62962
       pc7 = -0.775083
       pc8 = 0.406209
       pc9 = -0.516242
      pc10 = 0.24733
      pc11 = -0.312614
      pc12 = -0.160096
      pc13 = 0.0177081
      pc14 = -0.130477
      pc15 = 0.0598405
Constrained:
     Tecnw = 45463.6
       Tnw = 76.0425
       Tec = 146.585
     twoNb = 678464
     twoNe = 2672.64
     twoNc = 584896
     twoNn = 135007
     twoNw = 361816
    twoNec = 327304
    twoNnw = 134846
  twoNecnw = 26779.5
  twoNbecnw = 80615.1
        m3 = 0.269875
        m4 = 3.386e-05
        m5 = 0.148194
        Tc = 38.0212
        Td = 19.0106
        Te = 9.50531
#       SitePat  BranchLen
              b 141141.3632553
              e 54700.1524625
              c 58130.6996592
              n 50400.4712165
              w 53220.5540808
            b:e 2472.6525214
            b:c 2810.3716898
            b:n 2069.6421079
            b:w 2340.2238809
            e:c 11073.8699578
            e:n 6360.7053933
            e:w 5593.8372259
            c:n 5458.5770917
            c:w 4376.1057715
            n:w 14320.8720186
          b:e:c 2385.7309480
          b:e:n 1278.3781531
          b:e:w 1316.6725617
          b:c:n 1316.6845887
          b:c:w 1278.3910051
          b:n:w 2385.7136928
          e:c:n 6463.6308671
          e:c:w 5492.8874904
          e:n:w 7991.9365381
          c:n:w 6680.8268098
        b:e:c:n 2340.2367329
        b:e:c:w 2069.6541348
        b:e:n:w 2809.9915364
        b:c:n:w 2472.6697766
        e:c:n:w 58138.0400620
