########################################
# legofit: estimate population history #
#       version 2.3.4-4-g53f8760       #
########################################

# Program was compiled: Sep 21 2021 14:36:42
# Program was run: Wed Sep 22 11:07:37 2021

# cmd: legofit -1 -d 0 -t 32 --ptsPerDim 3 --stateOut b1boot36.state --tol 3e-6 -S 5000 cde2.lgo ../../boot/boot36.opf
# Stage nOptItr nSimReps
#     0    5000        0
# algorithm          : deterministic
# ignoring probs <=  : 0
# Branch length floor: 0
# DE strategy        : 2
#    F               : 0.3
#    CR              : 0.8
#    tolerance       : 3e-06
# nthreads           : 32
# lgo input file     : cde2.lgo
# site pat input file: ../../boot/boot36.opf
# free parameters    : 15
# points in DE swarm : 45
# output state file  : b1boot36.state
# Including singleton site patterns.
# cost function      : KL
Initial parameter values
Fixed:
      zero = 0
       one = 1
    Tbecnw = 75200
Free:
       pc1 = 0
       pc2 = 0
       pc3 = 0
       pc4 = 0
       pc5 = 0
       pc6 = 0
       pc7 = 0
       pc8 = 0
       pc9 = 0
      pc10 = 0
      pc11 = 0
      pc12 = 0
      pc13 = 0
      pc14 = 0
      pc15 = 0
Constrained:
     Tecnw = 44296.5
       Tnw = 5342.35
       Tec = 4813.6
     twoNb = 621509
     twoNe = 39579
     twoNc = 216067
     twoNn = 196873
     twoNw = 276739
    twoNec = 280963
    twoNnw = 109708
  twoNecnw = 27945.4
  twoNbecnw = 79565.7
        m3 = 0.275956
        m4 = 5.22757e-05
        m5 = 0.138979
        Tc = 2671.18
        Td = 1335.59
        Te = 667.794
DiffEv reached_goal. cost=2.65528e-03 spread=2.89074e-06
Fitted parameter values
Free:
       pc1 = 3.92812
       pc2 = -0.714611
       pc3 = 0.775183
       pc4 = 1.42511
       pc5 = -3.20552
       pc6 = -1.41476
       pc7 = -0.466036
       pc8 = -0.405151
       pc9 = -0.0116162
      pc10 = 0.122662
      pc11 = -0.197198
      pc12 = -0.127017
      pc13 = 0.0782023
      pc14 = -0.142629
      pc15 = 0.0607061
Constrained:
     Tecnw = 45567.3
       Tnw = 114.768
       Tec = 148.517
     twoNb = 2.31677e+06
     twoNe = 2332.31
     twoNc = 416870
     twoNn = 230407
     twoNw = 189066
    twoNec = 323167
    twoNnw = 134716
  twoNecnw = 26685.8
  twoNbecnw = 80448.9
        m3 = 0.271438
        m4 = 8.41627e-05
        m5 = 0.15123
        Tc = 57.3838
        Td = 28.6919
        Te = 14.346
#       SitePat  BranchLen
              b 141014.4627600
              e 54651.6058079
              c 58122.2878355
              n 50425.3148259
              w 53257.2392459
            b:e 2460.7126941
            b:c 2803.4924678
            b:n 2065.0236136
            b:w 2337.3307221
            e:c 11084.2401136
            e:n 6349.8427761
            e:w 5610.5203718
            c:n 5467.7106192
            c:w 4354.0112619
            n:w 14287.6498345
          b:e:c 2379.5081302
          b:e:n 1273.1271773
          b:e:w 1315.1804477
          b:c:n 1315.1895302
          b:c:w 1273.1368785
          b:n:w 2379.4951246
          e:c:n 6459.4298653
          e:c:w 5480.5272070
          e:n:w 7978.5766826
          c:n:w 6646.2182207
        b:e:c:n 2337.3404233
        b:e:c:w 2065.0326962
        b:e:n:w 2803.2065559
        b:c:n:w 2460.7256996
        e:c:n:w 58034.1139723
