########################################
# legofit: estimate population history #
#       version 2.3.4-4-g53f8760       #
########################################

# Program was compiled: Sep 21 2021 14:36:42
# Program was run: Wed Sep 22 11:06:28 2021

# cmd: legofit -1 -d 0 -t 32 --ptsPerDim 3 --stateOut b1boot7.state --tol 3e-6 -S 5000 cde2.lgo ../../boot/boot7.opf
# Stage nOptItr nSimReps
#     0    5000        0
# algorithm          : deterministic
# ignoring probs <=  : 0
# Branch length floor: 0
# DE strategy        : 2
#    F               : 0.3
#    CR              : 0.8
#    tolerance       : 3e-06
# nthreads           : 32
# lgo input file     : cde2.lgo
# site pat input file: ../../boot/boot7.opf
# free parameters    : 15
# points in DE swarm : 45
# output state file  : b1boot7.state
# Including singleton site patterns.
# cost function      : KL
Initial parameter values
Fixed:
      zero = 0
       one = 1
    Tbecnw = 75200
Free:
       pc1 = 0
       pc2 = 0
       pc3 = 0
       pc4 = 0
       pc5 = 0
       pc6 = 0
       pc7 = 0
       pc8 = 0
       pc9 = 0
      pc10 = 0
      pc11 = 0
      pc12 = 0
      pc13 = 0
      pc14 = 0
      pc15 = 0
Constrained:
     Tecnw = 44296.5
       Tnw = 5342.35
       Tec = 4813.6
     twoNb = 621509
     twoNe = 39579
     twoNc = 216067
     twoNn = 196873
     twoNw = 276739
    twoNec = 280963
    twoNnw = 109708
  twoNecnw = 27945.4
  twoNbecnw = 79565.7
        m3 = 0.275956
        m4 = 5.22757e-05
        m5 = 0.138979
        Tc = 2671.18
        Td = 1335.59
        Te = 667.794
DiffEv reached_goal. cost=2.62743e-03 spread=2.69180e-06
Fitted parameter values
Free:
       pc1 = 3.94333
       pc2 = -0.238746
       pc3 = 0.630042
       pc4 = 1.93917
       pc5 = -1.83841
       pc6 = -1.48862
       pc7 = 0.443334
       pc8 = -0.122605
       pc9 = -0.257994
      pc10 = 0.346508
      pc11 = 0.253149
      pc12 = -0.183507
      pc13 = -0.109899
      pc14 = -0.100981
      pc15 = 0.0981331
Constrained:
     Tecnw = 45339.8
       Tnw = 305.941
       Tec = 282.981
     twoNb = 1.7691e+06
     twoNe = 2936.4
     twoNc = 444456
     twoNn = 109480
     twoNw = 435501
    twoNec = 323966
    twoNnw = 133325
  twoNecnw = 26784
  twoNbecnw = 80926.8
        m3 = 0.275508
        m4 = 8.34117e-05
        m5 = 0.149596
        Tc = 152.97
        Td = 76.4852
        Te = 38.2426
#       SitePat  BranchLen
              b 141466.7148402
              e 54501.0337275
              c 58007.4067111
              n 50267.2387917
              w 53184.7246606
            b:e 2464.5464375
            b:c 2809.1620488
            b:n 2066.0514771
            b:w 2345.3516327
            e:c 11045.1796112
            e:n 6430.2048847
            e:w 5613.9552668
            c:n 5483.7718611
            c:w 4387.4740318
            n:w 14232.3385873
          b:e:c 2376.5791903
          b:e:n 1280.5879538
          b:e:w 1317.7386601
          b:c:n 1317.7503947
          b:c:w 1280.6005281
          b:n:w 2376.5624020
          e:c:n 6501.0343002
          e:c:w 5496.0958785
          e:n:w 8006.7857916
          c:n:w 6672.9152439
        b:e:c:n 2345.3642070
        b:e:c:w 2066.0632117
        b:e:n:w 2808.7913232
        b:c:n:w 2464.5632258
        e:c:n:w 58532.4670890
