########################################
# legofit: estimate population history #
#       version 2.3.4-4-g53f8760       #
########################################

# Program was compiled: Sep 21 2021 14:36:42
# Program was run: Wed Sep 22 11:06:28 2021

# cmd: legofit -1 -d 0 -t 32 --ptsPerDim 3 --stateOut b1boot3.state --tol 3e-6 -S 5000 cde2.lgo ../../boot/boot3.opf
# Stage nOptItr nSimReps
#     0    5000        0
# algorithm          : deterministic
# ignoring probs <=  : 0
# Branch length floor: 0
# DE strategy        : 2
#    F               : 0.3
#    CR              : 0.8
#    tolerance       : 3e-06
# nthreads           : 32
# lgo input file     : cde2.lgo
# site pat input file: ../../boot/boot3.opf
# free parameters    : 15
# points in DE swarm : 45
# output state file  : b1boot3.state
# Including singleton site patterns.
# cost function      : KL
Initial parameter values
Fixed:
      zero = 0
       one = 1
    Tbecnw = 75200
Free:
       pc1 = 0
       pc2 = 0
       pc3 = 0
       pc4 = 0
       pc5 = 0
       pc6 = 0
       pc7 = 0
       pc8 = 0
       pc9 = 0
      pc10 = 0
      pc11 = 0
      pc12 = 0
      pc13 = 0
      pc14 = 0
      pc15 = 0
Constrained:
     Tecnw = 44296.5
       Tnw = 5342.35
       Tec = 4813.6
     twoNb = 621509
     twoNe = 39579
     twoNc = 216067
     twoNn = 196873
     twoNw = 276739
    twoNec = 280963
    twoNnw = 109708
  twoNecnw = 27945.4
  twoNbecnw = 79565.7
        m3 = 0.275956
        m4 = 5.22757e-05
        m5 = 0.138979
        Tc = 2671.18
        Td = 1335.59
        Te = 667.794
DiffEv reached_goal. cost=2.62489e-03 spread=2.87080e-06
Fitted parameter values
Free:
       pc1 = 3.95943
       pc2 = -1.14272
       pc3 = 0.589822
       pc4 = -0.323867
       pc5 = -2.47382
       pc6 = -1.81842
       pc7 = -0.169674
       pc8 = 0.35717
       pc9 = -0.244768
      pc10 = 0.257225
      pc11 = 0.113229
      pc12 = -0.2415
      pc13 = 0.0807907
      pc14 = -0.0844507
      pc15 = 0.0575226
Constrained:
     Tecnw = 45512.7
       Tnw = 407.275
       Tec = 229.502
     twoNb = 1.69136e+06
     twoNe = 699.91
     twoNc = 321330
     twoNn = 451373
     twoNw = 202684
    twoNec = 322274
    twoNnw = 133062
  twoNecnw = 26790.9
  twoNbecnw = 80809.5
        m3 = 0.276335
        m4 = 0.000168995
        m5 = 0.148163
        Tc = 203.637
        Td = 101.819
        Te = 50.9093
#       SitePat  BranchLen
              b 141272.3404321
              e 54708.0347833
              c 58109.2367937
              n 50488.0917869
              w 53351.0738330
            b:e 2478.8235549
            b:c 2819.0176676
            b:n 2079.2866760
            b:w 2357.3913568
            e:c 11128.8401070
            e:n 6351.2827475
            e:w 5621.6823452
            c:n 5511.1165979
            c:w 4374.0855589
            n:w 14284.6612545
          b:e:c 2395.8219232
          b:e:n 1281.3859730
          b:e:w 1325.3988634
          b:c:n 1325.4238520
          b:c:w 1281.4126797
          b:n:w 2395.7861462
          e:c:n 6503.8908641
          e:c:w 5507.5402592
          e:n:w 7996.5376515
          c:n:w 6682.2278555
        b:e:c:n 2357.4180635
        b:e:c:w 2079.3116645
        b:e:n:w 2818.2344184
        b:c:n:w 2478.8593320
        e:c:n:w 58191.7093845
