########################################
# legofit: estimate population history #
#       version 2.3.4-4-g53f8760       #
########################################

# Program was compiled: Sep 21 2021 14:36:42
# Program was run: Wed Sep 22 11:07:12 2021

# cmd: legofit -1 -d 0 -t 32 --ptsPerDim 3 --stateOut b1boot14.state --tol 3e-6 -S 5000 cde2.lgo ../../boot/boot14.opf
# Stage nOptItr nSimReps
#     0    5000        0
# algorithm          : deterministic
# ignoring probs <=  : 0
# Branch length floor: 0
# DE strategy        : 2
#    F               : 0.3
#    CR              : 0.8
#    tolerance       : 3e-06
# nthreads           : 32
# lgo input file     : cde2.lgo
# site pat input file: ../../boot/boot14.opf
# free parameters    : 15
# points in DE swarm : 45
# output state file  : b1boot14.state
# Including singleton site patterns.
# cost function      : KL
Initial parameter values
Fixed:
      zero = 0
       one = 1
    Tbecnw = 75200
Free:
       pc1 = 0
       pc2 = 0
       pc3 = 0
       pc4 = 0
       pc5 = 0
       pc6 = 0
       pc7 = 0
       pc8 = 0
       pc9 = 0
      pc10 = 0
      pc11 = 0
      pc12 = 0
      pc13 = 0
      pc14 = 0
      pc15 = 0
Constrained:
     Tecnw = 44296.5
       Tnw = 5342.35
       Tec = 4813.6
     twoNb = 621509
     twoNe = 39579
     twoNc = 216067
     twoNn = 196873
     twoNw = 276739
    twoNec = 280963
    twoNnw = 109708
  twoNecnw = 27945.4
  twoNbecnw = 79565.7
        m3 = 0.275956
        m4 = 5.22757e-05
        m5 = 0.138979
        Tc = 2671.18
        Td = 1335.59
        Te = 667.794
DiffEv reached_goal. cost=2.60625e-03 spread=2.00153e-06
Fitted parameter values
Free:
       pc1 = 3.96083
       pc2 = -0.569614
       pc3 = 0.895654
       pc4 = 1.54759
       pc5 = -2.13147
       pc6 = -0.926003
       pc7 = 0.466141
       pc8 = 0.140507
       pc9 = -0.223041
      pc10 = 0.124795
      pc11 = 0.0288705
      pc12 = -0.0947126
      pc13 = -0.0223444
      pc14 = -0.109548
      pc15 = -0.0145372
Constrained:
     Tecnw = 45415.9
       Tnw = 291.24
       Tec = 200.219
     twoNb = 1.79082e+06
     twoNe = 1382.91
     twoNc = 364319
     twoNn = 104602
     twoNw = 340357
    twoNec = 324495
    twoNnw = 131896
  twoNecnw = 26763.9
  twoNbecnw = 80632.9
        m3 = 0.273142
        m4 = 0.000137362
        m5 = 0.149907
        Tc = 145.62
        Td = 72.8099
        Te = 36.405
#       SitePat  BranchLen
              b 141203.2265759
              e 54584.2514048
              c 58066.8867030
              n 50257.7438928
              w 53087.0474562
            b:e 2464.7763100
            b:c 2810.3810270
            b:n 2058.2482093
            b:w 2330.2937386
            e:c 11073.6077668
            e:n 6350.1631299
            e:w 5608.3962756
            c:n 5464.1955721
            c:w 4355.2254650
            n:w 14344.3666859
          b:e:c 2382.0934243
          b:e:n 1271.0859831
          b:e:w 1312.7967317
          b:c:n 1312.8157556
          b:c:w 1271.1063069
          b:n:w 2382.0660720
          e:c:n 6451.1968278
          e:c:w 5472.6302260
          e:n:w 8016.7449528
          c:n:w 6672.5795223
        b:e:c:n 2330.3140624
        b:e:c:w 2058.2672332
        b:e:n:w 2809.7792264
        b:c:n:w 2464.8036623
        e:c:n:w 58275.9507640
