########################################
# legofit: estimate population history #
#       version 2.3.4-4-g53f8760       #
########################################

# Program was compiled: Sep 21 2021 14:36:42
# Program was run: Wed Sep 22 11:07:42 2021

# cmd: legofit -1 -d 0 -t 32 --ptsPerDim 3 --stateOut b1boot44.state --tol 3e-6 -S 5000 cde2.lgo ../../boot/boot44.opf
# Stage nOptItr nSimReps
#     0    5000        0
# algorithm          : deterministic
# ignoring probs <=  : 0
# Branch length floor: 0
# DE strategy        : 2
#    F               : 0.3
#    CR              : 0.8
#    tolerance       : 3e-06
# nthreads           : 32
# lgo input file     : cde2.lgo
# site pat input file: ../../boot/boot44.opf
# free parameters    : 15
# points in DE swarm : 45
# output state file  : b1boot44.state
# Including singleton site patterns.
# cost function      : KL
Initial parameter values
Fixed:
      zero = 0
       one = 1
    Tbecnw = 75200
Free:
       pc1 = 0
       pc2 = 0
       pc3 = 0
       pc4 = 0
       pc5 = 0
       pc6 = 0
       pc7 = 0
       pc8 = 0
       pc9 = 0
      pc10 = 0
      pc11 = 0
      pc12 = 0
      pc13 = 0
      pc14 = 0
      pc15 = 0
Constrained:
     Tecnw = 44296.5
       Tnw = 5342.35
       Tec = 4813.6
     twoNb = 621509
     twoNe = 39579
     twoNc = 216067
     twoNn = 196873
     twoNw = 276739
    twoNec = 280963
    twoNnw = 109708
  twoNecnw = 27945.4
  twoNbecnw = 79565.7
        m3 = 0.275956
        m4 = 5.22757e-05
        m5 = 0.138979
        Tc = 2671.18
        Td = 1335.59
        Te = 667.794
DiffEv reached_goal. cost=2.61164e-03 spread=1.93565e-06
Fitted parameter values
Free:
       pc1 = 3.95936
       pc2 = -0.666016
       pc3 = 1.72184
       pc4 = 1.83787
       pc5 = -2.65741
       pc6 = -1.12357
       pc7 = 0.959448
       pc8 = 0.445635
       pc9 = 0.0176671
      pc10 = 0.194994
      pc11 = -0.054036
      pc12 = -0.0335564
      pc13 = 0.114108
      pc14 = -0.205616
      pc15 = 0.0427621
Constrained:
     Tecnw = 45444.1
       Tnw = 204.891
       Tec = 145.029
     twoNb = 2.13875e+06
     twoNe = 975.252
     twoNc = 432871
     twoNn = 78392.1
     twoNw = 418294
    twoNec = 327776
    twoNnw = 133600
  twoNecnw = 26825
  twoNbecnw = 80334.3
        m3 = 0.272158
        m4 = 0.000209106
        m5 = 0.151132
        Tc = 102.446
        Td = 51.2228
        Te = 25.6114
#       SitePat  BranchLen
              b 140897.5905232
              e 54610.9674056
              c 58157.9933423
              n 50317.6612843
              w 53174.1904409
            b:e 2463.3379234
            b:c 2813.6961487
            b:n 2060.6886405
            b:w 2333.0401698
            e:c 11024.2793000
            e:n 6408.4730872
            e:w 5617.5379402
            c:n 5459.3974744
            c:w 4373.3259461
            n:w 14287.8971648
          b:e:c 2374.5418831
          b:e:n 1276.7516550
          b:e:w 1314.5792302
          b:c:n 1314.6035989
          b:c:w 1276.7777169
          b:n:w 2374.5069549
          e:c:n 6452.7676755
          e:c:w 5473.2451942
          e:n:w 8015.6651035
          c:n:w 6661.0739165
        b:e:c:n 2333.0662317
        b:e:c:w 2060.7130092
        b:e:n:w 2812.9286502
        b:c:n:w 2463.3728516
        e:c:n:w 57931.3408983
