########################################
# legofit: estimate population history #
#       version 2.3.4-4-g53f8760       #
########################################

# Program was compiled: Sep 21 2021 14:36:42
# Program was run: Wed Sep 22 11:07:32 2021

# cmd: legofit -1 -d 0 -t 32 --ptsPerDim 3 --stateOut b1boot32.state --tol 3e-6 -S 5000 cde2.lgo ../../boot/boot32.opf
# Stage nOptItr nSimReps
#     0    5000        0
# algorithm          : deterministic
# ignoring probs <=  : 0
# Branch length floor: 0
# DE strategy        : 2
#    F               : 0.3
#    CR              : 0.8
#    tolerance       : 3e-06
# nthreads           : 32
# lgo input file     : cde2.lgo
# site pat input file: ../../boot/boot32.opf
# free parameters    : 15
# points in DE swarm : 45
# output state file  : b1boot32.state
# Including singleton site patterns.
# cost function      : KL
Initial parameter values
Fixed:
      zero = 0
       one = 1
    Tbecnw = 75200
Free:
       pc1 = 0
       pc2 = 0
       pc3 = 0
       pc4 = 0
       pc5 = 0
       pc6 = 0
       pc7 = 0
       pc8 = 0
       pc9 = 0
      pc10 = 0
      pc11 = 0
      pc12 = 0
      pc13 = 0
      pc14 = 0
      pc15 = 0
Constrained:
     Tecnw = 44296.5
       Tnw = 5342.35
       Tec = 4813.6
     twoNb = 621509
     twoNe = 39579
     twoNc = 216067
     twoNn = 196873
     twoNw = 276739
    twoNec = 280963
    twoNnw = 109708
  twoNecnw = 27945.4
  twoNbecnw = 79565.7
        m3 = 0.275956
        m4 = 5.22757e-05
        m5 = 0.138979
        Tc = 2671.18
        Td = 1335.59
        Te = 667.794
DiffEv reached_goal. cost=2.65241e-03 spread=2.70983e-06
Fitted parameter values
Free:
       pc1 = 3.9718
       pc2 = -0.173787
       pc3 = 0.47316
       pc4 = 1.72891
       pc5 = -2.26082
       pc6 = -1.42026
       pc7 = 0.715789
       pc8 = -1.63275
       pc9 = 0.192782
      pc10 = 0.499532
      pc11 = -0.0573666
      pc12 = -0.0269028
      pc13 = -0.14252
      pc14 = -0.169795
      pc15 = 0.014574
Constrained:
     Tecnw = 45382.9
       Tnw = 180.292
       Tec = 123.496
     twoNb = 2.23629e+06
     twoNe = 778.535
     twoNc = 280952
     twoNn = 159621
     twoNw = 527373
    twoNec = 327371
    twoNnw = 131656
  twoNecnw = 26679.7
  twoNbecnw = 80486.7
        m3 = 0.274869
        m4 = 1.32851e-06
        m5 = 0.14945
        Tc = 90.1461
        Td = 45.0731
        Te = 22.5365
#       SitePat  BranchLen
              b 141155.1129891
              e 54484.4043439
              c 58001.6221501
              n 50117.8828397
              w 52990.2988514
            b:e 2449.5665245
            b:c 2792.6409118
            b:n 2041.8397208
            b:w 2314.9388892
            e:c 11010.4027151
            e:n 6377.9488140
            e:w 5587.2380065
            c:n 5443.2183239
            c:w 4347.1703228
            n:w 14313.6518205
          b:e:c 2363.6263072
          b:e:n 1265.3201223
          b:e:w 1303.6490131
          b:c:n 1303.6491600
          b:c:w 1265.3202795
          b:n:w 2363.6260959
          e:c:n 6431.0990209
          e:c:w 5445.4418177
          e:n:w 7995.1587245
          c:n:w 6652.7338992
        b:e:c:n 2314.9390464
        b:e:c:w 2041.8398677
        b:e:n:w 2792.6362343
        b:c:n:w 2449.5667358
        e:c:n:w 58355.0013395
