########################################
# legofit: estimate population history #
#       version 2.3.4-4-g53f8760       #
########################################

# Program was compiled: Sep 21 2021 14:36:42
# Program was run: Wed Sep 22 11:07:19 2021

# cmd: legofit -1 -d 0 -t 32 --ptsPerDim 3 --stateOut b1boot20.state --tol 3e-6 -S 5000 cde2.lgo ../../boot/boot20.opf
# Stage nOptItr nSimReps
#     0    5000        0
# algorithm          : deterministic
# ignoring probs <=  : 0
# Branch length floor: 0
# DE strategy        : 2
#    F               : 0.3
#    CR              : 0.8
#    tolerance       : 3e-06
# nthreads           : 32
# lgo input file     : cde2.lgo
# site pat input file: ../../boot/boot20.opf
# free parameters    : 15
# points in DE swarm : 45
# output state file  : b1boot20.state
# Including singleton site patterns.
# cost function      : KL
Initial parameter values
Fixed:
      zero = 0
       one = 1
    Tbecnw = 75200
Free:
       pc1 = 0
       pc2 = 0
       pc3 = 0
       pc4 = 0
       pc5 = 0
       pc6 = 0
       pc7 = 0
       pc8 = 0
       pc9 = 0
      pc10 = 0
      pc11 = 0
      pc12 = 0
      pc13 = 0
      pc14 = 0
      pc15 = 0
Constrained:
     Tecnw = 44296.5
       Tnw = 5342.35
       Tec = 4813.6
     twoNb = 621509
     twoNe = 39579
     twoNc = 216067
     twoNn = 196873
     twoNw = 276739
    twoNec = 280963
    twoNnw = 109708
  twoNecnw = 27945.4
  twoNbecnw = 79565.7
        m3 = 0.275956
        m4 = 5.22757e-05
        m5 = 0.138979
        Tc = 2671.18
        Td = 1335.59
        Te = 667.794
DiffEv reached_goal. cost=2.59752e-03 spread=2.28135e-06
Fitted parameter values
Free:
       pc1 = 3.82005
       pc2 = -0.471872
       pc3 = 1.44468
       pc4 = 1.29931
       pc5 = -2.69893
       pc6 = -1.4602
       pc7 = 0.107564
       pc8 = -0.672115
       pc9 = 0.180483
      pc10 = 0.259193
      pc11 = -0.352589
      pc12 = -0.267548
      pc13 = 0.00337265
      pc14 = -0.0956267
      pc15 = 0.0660272
Constrained:
     Tecnw = 45391.6
       Tnw = 56.8752
       Tec = 127.317
     twoNb = 2.22847e+06
     twoNe = 2549.03
     twoNc = 382598
     twoNn = 230746
     twoNw = 381938
    twoNec = 317469
    twoNnw = 135326
  twoNecnw = 26739.9
  twoNbecnw = 80115.2
        m3 = 0.26849
        m4 = 0.000102622
        m5 = 0.152086
        Tc = 28.4376
        Td = 14.2188
        Te = 7.1094
#       SitePat  BranchLen
              b 140807.0422408
              e 54423.9531379
              c 57876.5938122
              n 50281.2235193
              w 53108.7885145
            b:e 2435.4896093
            b:c 2775.1469852
            b:n 2050.3460753
            b:w 2320.9923250
            e:c 11106.4692160
            e:n 6324.2681511
            e:w 5589.2145494
            c:n 5449.9117087
            c:w 4337.2416689
            n:w 14247.7638521
          b:e:c 2362.3242762
          b:e:n 1261.0053503
          b:e:w 1302.8285159
          b:c:n 1302.8399321
          b:c:w 1261.0175455
          b:n:w 2362.3079416
          e:c:n 6450.8637037
          e:c:w 5471.0223500
          e:n:w 7938.4729914
          c:n:w 6611.7601732
        b:e:c:n 2321.0045203
        b:e:c:w 2050.3574916
        b:e:n:w 2774.7854645
        b:c:n:w 2435.5059439
        e:c:n:w 58010.9348902
