########################################
# legofit: estimate population history #
#       version 2.3.4-4-g53f8760       #
########################################

# Program was compiled: Sep 21 2021 14:36:42
# Program was run: Wed Sep 22 11:07:25 2021

# cmd: legofit -1 -d 0 -t 32 --ptsPerDim 3 --stateOut b1boot26.state --tol 3e-6 -S 5000 cde2.lgo ../../boot/boot26.opf
# Stage nOptItr nSimReps
#     0    5000        0
# algorithm          : deterministic
# ignoring probs <=  : 0
# Branch length floor: 0
# DE strategy        : 2
#    F               : 0.3
#    CR              : 0.8
#    tolerance       : 3e-06
# nthreads           : 32
# lgo input file     : cde2.lgo
# site pat input file: ../../boot/boot26.opf
# free parameters    : 15
# points in DE swarm : 45
# output state file  : b1boot26.state
# Including singleton site patterns.
# cost function      : KL
Initial parameter values
Fixed:
      zero = 0
       one = 1
    Tbecnw = 75200
Free:
       pc1 = 0
       pc2 = 0
       pc3 = 0
       pc4 = 0
       pc5 = 0
       pc6 = 0
       pc7 = 0
       pc8 = 0
       pc9 = 0
      pc10 = 0
      pc11 = 0
      pc12 = 0
      pc13 = 0
      pc14 = 0
      pc15 = 0
Constrained:
     Tecnw = 44296.5
       Tnw = 5342.35
       Tec = 4813.6
     twoNb = 621509
     twoNe = 39579
     twoNc = 216067
     twoNn = 196873
     twoNw = 276739
    twoNec = 280963
    twoNnw = 109708
  twoNecnw = 27945.4
  twoNbecnw = 79565.7
        m3 = 0.275956
        m4 = 5.22757e-05
        m5 = 0.138979
        Tc = 2671.18
        Td = 1335.59
        Te = 667.794
DiffEv reached_goal. cost=2.62677e-03 spread=2.77396e-06
Fitted parameter values
Free:
       pc1 = 3.80506
       pc2 = -1.05482
       pc3 = 0.541877
       pc4 = 1.50432
       pc5 = -1.90589
       pc6 = -1.83721
       pc7 = -1.37659
       pc8 = 0.66778
       pc9 = -0.388665
      pc10 = 0.104277
      pc11 = -0.190381
      pc12 = -0.164183
      pc13 = 0.0636195
      pc14 = -0.136095
      pc15 = 0.108648
Constrained:
     Tecnw = 45495.7
       Tnw = 90.5978
       Tec = 122.757
     twoNb = 1.44354e+06
     twoNe = 1918.97
     twoNc = 611244
     twoNn = 262672
     twoNw = 90928.2
    twoNec = 326888
    twoNnw = 135781
  twoNecnw = 26765.1
  twoNbecnw = 80604.6
        m3 = 0.271353
        m4 = 8.62707e-05
        m5 = 0.148618
        Tc = 45.2989
        Td = 22.6495
        Te = 11.3247
#       SitePat  BranchLen
              b 141119.8781904
              e 54705.4927711
              c 58131.7595237
              n 50478.0768420
              w 53313.1122583
            b:e 2471.1106294
            b:c 2808.9058054
            b:n 2074.3313046
            b:w 2346.6845828
            e:c 11068.6943141
            e:n 6370.8897160
            e:w 5605.8579505
            c:n 5475.1511269
            c:w 4382.1096017
            n:w 14258.0078568
          b:e:c 2382.5587022
          b:e:n 1280.9969447
          b:e:w 1320.0697194
          b:c:n 1320.0845797
          b:c:w 1281.0128263
          b:n:w 2382.5374535
          e:c:n 6479.2049832
          e:c:w 5502.2428577
          e:n:w 7978.3507445
          c:n:w 6671.0520676
        b:e:c:n 2346.7004643
        b:e:c:w 2074.3461649
        b:e:n:w 2808.4389338
        b:c:n:w 2471.1318781
        e:c:n:w 58093.8332836
