########################################
# legofit: estimate population history #
#       version 2.3.4-4-g53f8760       #
########################################

# Program was compiled: Sep 21 2021 14:36:42
# Program was run: Wed Sep 22 11:07:49 2021

# cmd: legofit -1 -d 0 -t 32 --ptsPerDim 3 --stateOut b1boot48.state --tol 3e-6 -S 5000 cde2.lgo ../../boot/boot48.opf
# Stage nOptItr nSimReps
#     0    5000        0
# algorithm          : deterministic
# ignoring probs <=  : 0
# Branch length floor: 0
# DE strategy        : 2
#    F               : 0.3
#    CR              : 0.8
#    tolerance       : 3e-06
# nthreads           : 32
# lgo input file     : cde2.lgo
# site pat input file: ../../boot/boot48.opf
# free parameters    : 15
# points in DE swarm : 45
# output state file  : b1boot48.state
# Including singleton site patterns.
# cost function      : KL
Initial parameter values
Fixed:
      zero = 0
       one = 1
    Tbecnw = 75200
Free:
       pc1 = 0
       pc2 = 0
       pc3 = 0
       pc4 = 0
       pc5 = 0
       pc6 = 0
       pc7 = 0
       pc8 = 0
       pc9 = 0
      pc10 = 0
      pc11 = 0
      pc12 = 0
      pc13 = 0
      pc14 = 0
      pc15 = 0
Constrained:
     Tecnw = 44296.5
       Tnw = 5342.35
       Tec = 4813.6
     twoNb = 621509
     twoNe = 39579
     twoNc = 216067
     twoNn = 196873
     twoNw = 276739
    twoNec = 280963
    twoNnw = 109708
  twoNecnw = 27945.4
  twoNbecnw = 79565.7
        m3 = 0.275956
        m4 = 5.22757e-05
        m5 = 0.138979
        Tc = 2671.18
        Td = 1335.59
        Te = 667.794
DiffEv reached_goal. cost=2.64228e-03 spread=2.65399e-06
Fitted parameter values
Free:
       pc1 = 3.74841
       pc2 = -1.08576
       pc3 = 2.95068
       pc4 = 0.625378
       pc5 = -3.80163
       pc6 = -1.8795
       pc7 = 0.181679
       pc8 = 1.30552
       pc9 = -0.532256
      pc10 = 0.000113598
      pc11 = 0.15694
      pc12 = -0.194208
      pc13 = 0.0959186
      pc14 = -0.0955858
      pc15 = 0.0457563
Constrained:
     Tecnw = 45236.3
       Tnw = 299.035
       Tec = 180.633
     twoNb = 2.4337e+06
     twoNe = 717.571
     twoNc = 544739
     twoNn = 328834
     twoNw = 241232
    twoNec = 319817
    twoNnw = 135346
  twoNecnw = 27019.7
  twoNbecnw = 80552.1
        m3 = 0.262793
        m4 = 0.000339493
        m5 = 0.154605
        Tc = 149.518
        Td = 74.7588
        Te = 37.3794
#       SitePat  BranchLen
              b 141069.1581615
              e 54455.0452262
              c 58018.8353549
              n 50323.4468209
              w 53107.1735328
            b:e 2464.1192311
            b:c 2820.4233969
            b:n 2074.5980261
            b:w 2341.6876863
            e:c 11114.8755458
            e:n 6395.6925617
            e:w 5644.5083710
            c:n 5458.2823949
            c:w 4389.0332787
            n:w 14282.1746924
          b:e:c 2385.2422587
          b:e:n 1279.0464544
          b:e:w 1317.7466852
          b:c:n 1317.7816932
          b:c:w 1279.0838194
          b:n:w 2385.1922151
          e:c:n 6481.6688663
          e:c:w 5518.3754613
          e:n:w 8041.0264587
          c:n:w 6668.9006960
        b:e:c:n 2341.7250513
        b:e:c:w 2074.6330342
        b:e:n:w 2819.3249205
        b:c:n:w 2464.1692746
        e:c:n:w 58100.9017823
