########################################
# legofit: estimate population history #
#       version 2.3.4-4-g53f8760       #
########################################

# Program was compiled: Sep 21 2021 14:36:42
# Program was run: Wed Sep 22 11:07:42 2021

# cmd: legofit -1 -d 0 -t 32 --ptsPerDim 3 --stateOut b1boot45.state --tol 3e-6 -S 5000 cde2.lgo ../../boot/boot45.opf
# Stage nOptItr nSimReps
#     0    5000        0
# algorithm          : deterministic
# ignoring probs <=  : 0
# Branch length floor: 0
# DE strategy        : 2
#    F               : 0.3
#    CR              : 0.8
#    tolerance       : 3e-06
# nthreads           : 32
# lgo input file     : cde2.lgo
# site pat input file: ../../boot/boot45.opf
# free parameters    : 15
# points in DE swarm : 45
# output state file  : b1boot45.state
# Including singleton site patterns.
# cost function      : KL
Initial parameter values
Fixed:
      zero = 0
       one = 1
    Tbecnw = 75200
Free:
       pc1 = 0
       pc2 = 0
       pc3 = 0
       pc4 = 0
       pc5 = 0
       pc6 = 0
       pc7 = 0
       pc8 = 0
       pc9 = 0
      pc10 = 0
      pc11 = 0
      pc12 = 0
      pc13 = 0
      pc14 = 0
      pc15 = 0
Constrained:
     Tecnw = 44296.5
       Tnw = 5342.35
       Tec = 4813.6
     twoNb = 621509
     twoNe = 39579
     twoNc = 216067
     twoNn = 196873
     twoNw = 276739
    twoNec = 280963
    twoNnw = 109708
  twoNecnw = 27945.4
  twoNbecnw = 79565.7
        m3 = 0.275956
        m4 = 5.22757e-05
        m5 = 0.138979
        Tc = 2671.18
        Td = 1335.59
        Te = 667.794
DiffEv reached_goal. cost=2.66912e-03 spread=2.23110e-06
Fitted parameter values
Free:
       pc1 = 3.91815
       pc2 = -1.01636
       pc3 = 1.47092
       pc4 = 0.570991
       pc5 = -3.70604
       pc6 = -1.67899
       pc7 = 0.378577
       pc8 = 0.267716
       pc9 = -0.0379886
      pc10 = 0.275523
      pc11 = -0.102739
      pc12 = -0.164536
      pc13 = -0.0801029
      pc14 = -0.113919
      pc15 = 0.0477151
Constrained:
     Tecnw = 45436.4
       Tnw = 237.474
       Tec = 162.161
     twoNb = 2.48502e+06
     twoNe = 971.589
     twoNc = 380959
     twoNn = 329683
     twoNw = 259461
    twoNec = 321976
    twoNnw = 133490
  twoNecnw = 26633.4
  twoNbecnw = 80498.3
        m3 = 0.272627
        m4 = 0.000217172
        m5 = 0.149539
        Tc = 118.737
        Td = 59.3685
        Te = 29.6843
#       SitePat  BranchLen
              b 141159.6041714
              e 54442.9980314
              c 57962.6791748
              n 50214.3061083
              w 53130.4469195
            b:e 2442.9632249
            b:c 2788.6228891
            b:n 2047.5590958
            b:w 2324.8052115
            e:c 11056.1054358
            e:n 6395.5721467
            e:w 5576.1501436
            c:n 5442.4450136
            c:w 4347.9104571
            n:w 14248.8471269
          b:e:c 2364.1276767
          b:e:n 1267.0319382
          b:e:w 1303.5877786
          b:c:n 1303.6094554
          b:c:w 1267.0551718
          b:n:w 2364.0965825
          e:c:n 6460.3386379
          e:c:w 5458.1543864
          e:n:w 7966.8890142
          c:n:w 6627.8097483
        b:e:c:n 2324.8284452
        b:e:c:w 2047.5807726
        b:e:n:w 2787.9339517
        b:c:n:w 2442.9943191
        e:c:n:w 58342.1391007
