########################################
# legofit: estimate population history #
#       version 2.3.4-4-g53f8760       #
########################################

# Program was compiled: Sep 21 2021 14:36:42
# Program was run: Wed Sep 22 11:07:12 2021

# cmd: legofit -1 -d 0 -t 32 --ptsPerDim 3 --stateOut b1boot12.state --tol 3e-6 -S 5000 cde2.lgo ../../boot/boot12.opf
# Stage nOptItr nSimReps
#     0    5000        0
# algorithm          : deterministic
# ignoring probs <=  : 0
# Branch length floor: 0
# DE strategy        : 2
#    F               : 0.3
#    CR              : 0.8
#    tolerance       : 3e-06
# nthreads           : 32
# lgo input file     : cde2.lgo
# site pat input file: ../../boot/boot12.opf
# free parameters    : 15
# points in DE swarm : 45
# output state file  : b1boot12.state
# Including singleton site patterns.
# cost function      : KL
Initial parameter values
Fixed:
      zero = 0
       one = 1
    Tbecnw = 75200
Free:
       pc1 = 0
       pc2 = 0
       pc3 = 0
       pc4 = 0
       pc5 = 0
       pc6 = 0
       pc7 = 0
       pc8 = 0
       pc9 = 0
      pc10 = 0
      pc11 = 0
      pc12 = 0
      pc13 = 0
      pc14 = 0
      pc15 = 0
Constrained:
     Tecnw = 44296.5
       Tnw = 5342.35
       Tec = 4813.6
     twoNb = 621509
     twoNe = 39579
     twoNc = 216067
     twoNn = 196873
     twoNw = 276739
    twoNec = 280963
    twoNnw = 109708
  twoNecnw = 27945.4
  twoNbecnw = 79565.7
        m3 = 0.275956
        m4 = 5.22757e-05
        m5 = 0.138979
        Tc = 2671.18
        Td = 1335.59
        Te = 667.794
DiffEv reached_goal. cost=2.59515e-03 spread=2.95620e-06
Fitted parameter values
Free:
       pc1 = 3.96355
       pc2 = -0.802465
       pc3 = 1.07392
       pc4 = 1.84176
       pc5 = -2.60124
       pc6 = -1.31596
       pc7 = -0.209304
       pc8 = 0.675005
       pc9 = -0.0383723
      pc10 = -0.00737031
      pc11 = -0.123512
      pc12 = -0.167231
      pc13 = 0.151088
      pc14 = -0.149843
      pc15 = 0.0612923
Constrained:
     Tecnw = 45570
       Tnw = 21.1567
       Tec = 85.7872
     twoNb = 1.92078e+06
     twoNe = 1859.4
     twoNc = 522613
     twoNn = 131542
     twoNw = 211795
    twoNec = 324306
    twoNnw = 135120
  twoNecnw = 26747.9
  twoNbecnw = 80445.5
        m3 = 0.273249
        m4 = 0.000155286
        m5 = 0.151765
        Tc = 10.5784
        Td = 5.28919
        Te = 2.64459
#       SitePat  BranchLen
              b 140969.9526517
              e 54658.7392012
              c 58163.1117161
              n 50434.8732162
              w 53303.8471547
            b:e 2465.9238757
            b:c 2812.7397030
            b:n 2070.4657473
            b:w 2345.8819838
            e:c 11079.5015662
            e:n 6389.5823994
            e:w 5626.4152006
            c:n 5484.7296322
            c:w 4367.9625251
            n:w 14281.4375087
          b:e:c 2381.7717573
          b:e:n 1278.7194808
          b:e:w 1319.9593145
          b:c:n 1319.9795273
          b:c:w 1278.7410897
          b:n:w 2381.7428568
          e:c:n 6476.6585518
          e:c:w 5487.6189191
          e:n:w 7993.0068001
          c:n:w 6651.2345300
        b:e:c:n 2345.9035927
        b:e:c:w 2070.4859602
        b:e:n:w 2812.1052273
        b:c:n:w 2465.9527761
        e:c:n:w 57933.9336975
