########################################
# legofit: estimate population history #
#       version 2.3.4-4-g53f8760       #
########################################

# Program was compiled: Sep 21 2021 14:36:42
# Program was run: Wed Sep 22 11:06:20 2021

# cmd: legofit -1 -d 0 -t 32 --ptsPerDim 3 --stateOut b1boot0.state --tol 3e-6 -S 5000 cde2.lgo ../../boot/boot0.opf
# Stage nOptItr nSimReps
#     0    5000        0
# algorithm          : deterministic
# ignoring probs <=  : 0
# Branch length floor: 0
# DE strategy        : 2
#    F               : 0.3
#    CR              : 0.8
#    tolerance       : 3e-06
# nthreads           : 32
# lgo input file     : cde2.lgo
# site pat input file: ../../boot/boot0.opf
# free parameters    : 15
# points in DE swarm : 45
# output state file  : b1boot0.state
# Including singleton site patterns.
# cost function      : KL
Initial parameter values
Fixed:
      zero = 0
       one = 1
    Tbecnw = 75200
Free:
       pc1 = 0
       pc2 = 0
       pc3 = 0
       pc4 = 0
       pc5 = 0
       pc6 = 0
       pc7 = 0
       pc8 = 0
       pc9 = 0
      pc10 = 0
      pc11 = 0
      pc12 = 0
      pc13 = 0
      pc14 = 0
      pc15 = 0
Constrained:
     Tecnw = 44296.5
       Tnw = 5342.35
       Tec = 4813.6
     twoNb = 621509
     twoNe = 39579
     twoNc = 216067
     twoNn = 196873
     twoNw = 276739
    twoNec = 280963
    twoNnw = 109708
  twoNecnw = 27945.4
  twoNbecnw = 79565.7
        m3 = 0.275956
        m4 = 5.22757e-05
        m5 = 0.138979
        Tc = 2671.18
        Td = 1335.59
        Te = 667.794
DiffEv reached_goal. cost=2.59457e-03 spread=2.38385e-06
Fitted parameter values
Free:
       pc1 = 3.93994
       pc2 = -0.818317
       pc3 = -0.101698
       pc4 = 1.15624
       pc5 = -1.83702
       pc6 = -1.59257
       pc7 = -1.2706
       pc8 = -0.300821
       pc9 = 0.0606979
      pc10 = -0.122126
      pc11 = -0.345193
      pc12 = -0.128514
      pc13 = 0.018067
      pc14 = -0.1407
      pc15 = 0.0133679
Constrained:
     Tecnw = 45618.3
       Tnw = 86.9708
       Tec = 96.73
     twoNb = 1.49803e+06
     twoNe = 1303.23
     twoNc = 445666
     twoNn = 287852
     twoNw = 117169
    twoNec = 324385
    twoNnw = 133037
  twoNecnw = 26587.7
  twoNbecnw = 80406
        m3 = 0.274782
        m4 = 7.38291e-06
        m5 = 0.151814
        Tc = 43.4854
        Td = 21.7427
        Te = 10.8714
#       SitePat  BranchLen
              b 141022.0636130
              e 54594.4869260
              c 58130.6938925
              n 50301.2901978
              w 53176.0738437
            b:e 2453.3354872
            b:c 2799.8402848
            b:n 2052.3042752
            b:w 2327.3503525
            e:c 11053.9707299
            e:n 6370.6959511
            e:w 5609.9529958
            c:n 5460.3737152
            c:w 4336.8065064
            n:w 14314.6563394
          b:e:c 2372.6164829
          b:e:n 1268.2764229
          b:e:w 1310.1812982
          b:c:n 1310.1825133
          b:c:w 1268.2777222
          b:n:w 2372.6147390
          e:c:n 6441.5353357
          e:c:w 5451.0618537
          e:n:w 7985.9332471
          c:n:w 6633.1522531
        b:e:c:n 2327.3516518
        b:e:c:w 2052.3054902
        b:e:n:w 2799.8017902
        b:c:n:w 2453.3372311
        e:c:n:w 58098.3336917
