########################################
# legofit: estimate population history #
#       version 2.3.4-4-g53f8760       #
########################################

# Program was compiled: Sep 21 2021 14:36:42
# Program was run: Wed Sep 22 11:07:49 2021

# cmd: legofit -1 -d 0 -t 32 --ptsPerDim 3 --stateOut b1boot47.state --tol 3e-6 -S 5000 cde2.lgo ../../boot/boot47.opf
# Stage nOptItr nSimReps
#     0    5000        0
# algorithm          : deterministic
# ignoring probs <=  : 0
# Branch length floor: 0
# DE strategy        : 2
#    F               : 0.3
#    CR              : 0.8
#    tolerance       : 3e-06
# nthreads           : 32
# lgo input file     : cde2.lgo
# site pat input file: ../../boot/boot47.opf
# free parameters    : 15
# points in DE swarm : 45
# output state file  : b1boot47.state
# Including singleton site patterns.
# cost function      : KL
Initial parameter values
Fixed:
      zero = 0
       one = 1
    Tbecnw = 75200
Free:
       pc1 = 0
       pc2 = 0
       pc3 = 0
       pc4 = 0
       pc5 = 0
       pc6 = 0
       pc7 = 0
       pc8 = 0
       pc9 = 0
      pc10 = 0
      pc11 = 0
      pc12 = 0
      pc13 = 0
      pc14 = 0
      pc15 = 0
Constrained:
     Tecnw = 44296.5
       Tnw = 5342.35
       Tec = 4813.6
     twoNb = 621509
     twoNe = 39579
     twoNc = 216067
     twoNn = 196873
     twoNw = 276739
    twoNec = 280963
    twoNnw = 109708
  twoNecnw = 27945.4
  twoNbecnw = 79565.7
        m3 = 0.275956
        m4 = 5.22757e-05
        m5 = 0.138979
        Tc = 2671.18
        Td = 1335.59
        Te = 667.794
DiffEv reached_goal. cost=2.62752e-03 spread=1.78478e-06
Fitted parameter values
Free:
       pc1 = 3.98049
       pc2 = -0.594981
       pc3 = 1.87707
       pc4 = 1.41216
       pc5 = -2.96453
       pc6 = -0.884909
       pc7 = 0.242782
       pc8 = 0.0267974
       pc9 = -0.329551
      pc10 = 0.0530293
      pc11 = -0.0231372
      pc12 = -0.0988527
      pc13 = 0.0590996
      pc14 = -0.129344
      pc15 = 0.0612126
Constrained:
     Tecnw = 45344.1
       Tnw = 168.582
       Tec = 153.018
     twoNb = 2.22574e+06
     twoNe = 1706.65
     twoNc = 374794
     twoNn = 140390
     twoNw = 302213
    twoNec = 323085
    twoNnw = 135403
  twoNecnw = 26871.9
  twoNbecnw = 80451.4
        m3 = 0.264622
        m4 = 0.000183216
        m5 = 0.153487
        Tc = 84.2909
        Td = 42.1455
        Te = 21.0727
#       SitePat  BranchLen
              b 141017.6115824
              e 54550.1799110
              c 58055.4645353
              n 50356.4457727
              w 53111.3162671
            b:e 2460.3816330
            b:c 2808.5634536
            b:n 2067.1589389
            b:w 2331.5175751
            e:c 11077.5369930
            e:n 6350.6121156
            e:w 5626.5800259
            c:n 5450.1324862
            c:w 4371.5517338
            n:w 14286.0260521
          b:e:c 2378.0298374
          b:e:n 1273.7786478
          b:e:w 1314.3193476
          b:c:n 1314.3399189
          b:c:w 1273.8005807
          b:n:w 2378.0004030
          e:c:n 6451.7272630
          e:c:w 5499.4696108
          e:n:w 8011.6582545
          c:n:w 6661.1622296
        b:e:c:n 2331.5395080
        b:e:c:w 2067.1795102
        b:e:n:w 2807.9160702
        b:c:n:w 2460.4110674
        e:c:n:w 58083.6393462
