########################################
# legofit: estimate population history #
#       version 2.3.4-4-g53f8760       #
########################################

# Program was compiled: Sep 21 2021 14:36:42
# Program was run: Wed Sep 22 11:07:37 2021

# cmd: legofit -1 -d 0 -t 32 --ptsPerDim 3 --stateOut b1boot40.state --tol 3e-6 -S 5000 cde2.lgo ../../boot/boot40.opf
# Stage nOptItr nSimReps
#     0    5000        0
# algorithm          : deterministic
# ignoring probs <=  : 0
# Branch length floor: 0
# DE strategy        : 2
#    F               : 0.3
#    CR              : 0.8
#    tolerance       : 3e-06
# nthreads           : 32
# lgo input file     : cde2.lgo
# site pat input file: ../../boot/boot40.opf
# free parameters    : 15
# points in DE swarm : 45
# output state file  : b1boot40.state
# Including singleton site patterns.
# cost function      : KL
Initial parameter values
Fixed:
      zero = 0
       one = 1
    Tbecnw = 75200
Free:
       pc1 = 0
       pc2 = 0
       pc3 = 0
       pc4 = 0
       pc5 = 0
       pc6 = 0
       pc7 = 0
       pc8 = 0
       pc9 = 0
      pc10 = 0
      pc11 = 0
      pc12 = 0
      pc13 = 0
      pc14 = 0
      pc15 = 0
Constrained:
     Tecnw = 44296.5
       Tnw = 5342.35
       Tec = 4813.6
     twoNb = 621509
     twoNe = 39579
     twoNc = 216067
     twoNn = 196873
     twoNw = 276739
    twoNec = 280963
    twoNnw = 109708
  twoNecnw = 27945.4
  twoNbecnw = 79565.7
        m3 = 0.275956
        m4 = 5.22757e-05
        m5 = 0.138979
        Tc = 2671.18
        Td = 1335.59
        Te = 667.794
DiffEv reached_goal. cost=2.61735e-03 spread=2.11720e-06
Fitted parameter values
Free:
       pc1 = 3.88244
       pc2 = -0.724054
       pc3 = 1.15081
       pc4 = 1.77107
       pc5 = -2.98988
       pc6 = -0.612603
       pc7 = -0.33064
       pc8 = -0.148088
       pc9 = -0.221672
      pc10 = -0.0408344
      pc11 = -0.119123
      pc12 = -0.181012
      pc13 = -0.0334439
      pc14 = -0.0740778
      pc15 = 0.0470427
Constrained:
     Tecnw = 45349.3
       Tnw = 77.8647
       Tec = 74.409
     twoNb = 2.18584e+06
     twoNe = 837.398
     twoNc = 381964
     twoNn = 96431.7
     twoNw = 165924
    twoNec = 321016
    twoNnw = 135025
  twoNecnw = 26762.8
  twoNbecnw = 80398.3
        m3 = 0.267404
        m4 = 0.000117011
        m5 = 0.151666
        Tc = 38.9323
        Td = 19.4662
        Te = 9.73309
#       SitePat  BranchLen
              b 141044.8801482
              e 54427.0003074
              c 57929.1028527
              n 50236.6052061
              w 53073.6816378
            b:e 2445.1679808
            b:c 2789.0844599
            b:n 2054.1115082
            b:w 2324.6127297
            e:c 11086.9698339
            e:n 6366.0568860
            e:w 5594.5190011
            c:n 5441.9807851
            c:w 4354.5927916
            n:w 14272.2531762
          b:e:c 2367.8173255
          b:e:n 1267.0693287
          b:e:w 1305.5295571
          b:c:n 1305.5428482
          b:c:w 1267.0835378
          b:n:w 2367.7982848
          e:c:n 6455.8936733
          e:c:w 5477.7431199
          e:n:w 7973.9609577
          c:n:w 6635.3930949
        b:e:c:n 2324.6269388
        b:e:c:w 2054.1247994
        b:e:n:w 2788.6633730
        b:c:n:w 2445.1870215
        e:c:n:w 58216.1567592
