########################################
# legofit: estimate population history #
#       version 2.3.4-4-g53f8760       #
########################################

# Program was compiled: Sep 21 2021 14:36:42
# Program was run: Wed Sep 22 11:07:32 2021

# cmd: legofit -1 -d 0 -t 32 --ptsPerDim 3 --stateOut b1boot34.state --tol 3e-6 -S 5000 cde2.lgo ../../boot/boot34.opf
# Stage nOptItr nSimReps
#     0    5000        0
# algorithm          : deterministic
# ignoring probs <=  : 0
# Branch length floor: 0
# DE strategy        : 2
#    F               : 0.3
#    CR              : 0.8
#    tolerance       : 3e-06
# nthreads           : 32
# lgo input file     : cde2.lgo
# site pat input file: ../../boot/boot34.opf
# free parameters    : 15
# points in DE swarm : 45
# output state file  : b1boot34.state
# Including singleton site patterns.
# cost function      : KL
Initial parameter values
Fixed:
      zero = 0
       one = 1
    Tbecnw = 75200
Free:
       pc1 = 0
       pc2 = 0
       pc3 = 0
       pc4 = 0
       pc5 = 0
       pc6 = 0
       pc7 = 0
       pc8 = 0
       pc9 = 0
      pc10 = 0
      pc11 = 0
      pc12 = 0
      pc13 = 0
      pc14 = 0
      pc15 = 0
Constrained:
     Tecnw = 44296.5
       Tnw = 5342.35
       Tec = 4813.6
     twoNb = 621509
     twoNe = 39579
     twoNc = 216067
     twoNn = 196873
     twoNw = 276739
    twoNec = 280963
    twoNnw = 109708
  twoNecnw = 27945.4
  twoNbecnw = 79565.7
        m3 = 0.275956
        m4 = 5.22757e-05
        m5 = 0.138979
        Tc = 2671.18
        Td = 1335.59
        Te = 667.794
DiffEv reached_goal. cost=2.60088e-03 spread=2.12388e-06
Fitted parameter values
Free:
       pc1 = 3.88605
       pc2 = -0.457288
       pc3 = 1.45732
       pc4 = 1.36804
       pc5 = -1.89518
       pc6 = -0.879848
       pc7 = 0.50075
       pc8 = -0.577162
       pc9 = 0.0624694
      pc10 = 0.086672
      pc11 = -0.140943
      pc12 = -0.0692878
      pc13 = 0.0103083
      pc14 = -0.155708
      pc15 = 0.019351
Constrained:
     Tecnw = 45280.1
       Tnw = 214.396
       Tec = 145.752
     twoNb = 1.83994e+06
     twoNe = 931.534
     twoNc = 304619
     twoNn = 135590
     twoNw = 438058
    twoNec = 324209
    twoNnw = 133151
  twoNecnw = 26876
  twoNbecnw = 80148.6
        m3 = 0.268296
        m4 = 0.000113758
        m5 = 0.153338
        Tc = 107.198
        Td = 53.5991
        Te = 26.7995
#       SitePat  BranchLen
              b 140810.3300740
              e 54445.2139958
              c 57986.5910024
              n 50177.3379438
              w 52963.4224264
            b:e 2446.7945078
            b:c 2795.7104699
            b:n 2048.0870955
            b:w 2313.7221381
            e:c 11032.7816352
            e:n 6357.2326712
            e:w 5617.2698475
            c:n 5440.3541140
            c:w 4354.4448608
            n:w 14295.9835957
          b:e:c 2363.6025766
          b:e:n 1264.9984050
          b:e:w 1305.3201782
          b:c:n 1305.3354446
          b:c:w 1265.0146972
          b:n:w 2363.5806773
          e:c:n 6424.8209280
          e:c:w 5464.6085224
          e:n:w 8008.4089013
          c:n:w 6646.1983474
        b:e:c:n 2313.7384302
        b:e:c:w 2048.1023619
        b:e:n:w 2795.2268365
        b:c:n:w 2446.8164071
        e:c:n:w 57998.2605023
