########################################
# legofit: estimate population history #
#       version 2.3.4-4-g53f8760       #
########################################

# Program was compiled: Sep 21 2021 14:36:42
# Program was run: Wed Sep 22 11:07:32 2021

# cmd: legofit -1 -d 0 -t 32 --ptsPerDim 3 --stateOut b1boot29.state --tol 3e-6 -S 5000 cde2.lgo ../../boot/boot29.opf
# Stage nOptItr nSimReps
#     0    5000        0
# algorithm          : deterministic
# ignoring probs <=  : 0
# Branch length floor: 0
# DE strategy        : 2
#    F               : 0.3
#    CR              : 0.8
#    tolerance       : 3e-06
# nthreads           : 32
# lgo input file     : cde2.lgo
# site pat input file: ../../boot/boot29.opf
# free parameters    : 15
# points in DE swarm : 45
# output state file  : b1boot29.state
# Including singleton site patterns.
# cost function      : KL
Initial parameter values
Fixed:
      zero = 0
       one = 1
    Tbecnw = 75200
Free:
       pc1 = 0
       pc2 = 0
       pc3 = 0
       pc4 = 0
       pc5 = 0
       pc6 = 0
       pc7 = 0
       pc8 = 0
       pc9 = 0
      pc10 = 0
      pc11 = 0
      pc12 = 0
      pc13 = 0
      pc14 = 0
      pc15 = 0
Constrained:
     Tecnw = 44296.5
       Tnw = 5342.35
       Tec = 4813.6
     twoNb = 621509
     twoNe = 39579
     twoNc = 216067
     twoNn = 196873
     twoNw = 276739
    twoNec = 280963
    twoNnw = 109708
  twoNecnw = 27945.4
  twoNbecnw = 79565.7
        m3 = 0.275956
        m4 = 5.22757e-05
        m5 = 0.138979
        Tc = 2671.18
        Td = 1335.59
        Te = 667.794
DiffEv reached_goal. cost=2.63152e-03 spread=2.47064e-06
Fitted parameter values
Free:
       pc1 = 3.92952
       pc2 = -0.252789
       pc3 = 1.41641
       pc4 = 1.4679
       pc5 = -2.18155
       pc6 = -1.61844
       pc7 = -0.0358444
       pc8 = -0.80024
       pc9 = -0.22524
      pc10 = 0.186393
      pc11 = -0.36119
      pc12 = -0.0161649
      pc13 = -0.0931494
      pc14 = -0.176818
      pc15 = 0.0428558
Constrained:
     Tecnw = 45390.4
       Tnw = 312.052
       Tec = 249.915
     twoNb = 2.00353e+06
     twoNe = 2221.51
     twoNc = 416533
     twoNn = 218978
     twoNw = 426991
    twoNec = 324299
    twoNnw = 133628
  twoNecnw = 26687.1
  twoNbecnw = 80360.5
        m3 = 0.264513
        m4 = 7.20693e-05
        m5 = 0.15324
        Tc = 156.026
        Td = 78.0131
        Te = 39.0066
#       SitePat  BranchLen
              b 141038.2011667
              e 54506.0796209
              c 58044.3392309
              n 50240.4789034
              w 52993.6865182
            b:e 2445.1316391
            b:c 2793.0133564
            b:n 2046.2903544
            b:w 2308.6661822
            e:c 11020.8203595
            e:n 6335.2826363
            e:w 5595.3680673
            c:n 5407.9890534
            c:w 4342.5059467
            n:w 14292.6379052
          b:e:c 2364.0443507
          b:e:n 1263.1026213
          b:e:w 1302.0082662
          b:c:n 1302.0171465
          b:c:w 1263.1120943
          b:n:w 2364.0315958
          e:c:n 6406.3733544
          e:c:w 5458.5634153
          e:n:w 7998.1428800
          c:n:w 6639.7256010
        b:e:c:n 2308.6756552
        b:e:c:w 2046.2992347
        b:e:n:w 2792.7310922
        b:c:n:w 2445.1443939
        e:c:n:w 58239.8459567
