########################################
# legofit: estimate population history #
#       version 2.3.4-4-g53f8760       #
########################################

# Program was compiled: Sep 21 2021 14:36:42
# Program was run: Wed Sep 22 11:06:28 2021

# cmd: legofit -1 -d 0 -t 32 --ptsPerDim 3 --stateOut b1boot5.state --tol 3e-6 -S 5000 cde2.lgo ../../boot/boot5.opf
# Stage nOptItr nSimReps
#     0    5000        0
# algorithm          : deterministic
# ignoring probs <=  : 0
# Branch length floor: 0
# DE strategy        : 2
#    F               : 0.3
#    CR              : 0.8
#    tolerance       : 3e-06
# nthreads           : 32
# lgo input file     : cde2.lgo
# site pat input file: ../../boot/boot5.opf
# free parameters    : 15
# points in DE swarm : 45
# output state file  : b1boot5.state
# Including singleton site patterns.
# cost function      : KL
Initial parameter values
Fixed:
      zero = 0
       one = 1
    Tbecnw = 75200
Free:
       pc1 = 0
       pc2 = 0
       pc3 = 0
       pc4 = 0
       pc5 = 0
       pc6 = 0
       pc7 = 0
       pc8 = 0
       pc9 = 0
      pc10 = 0
      pc11 = 0
      pc12 = 0
      pc13 = 0
      pc14 = 0
      pc15 = 0
Constrained:
     Tecnw = 44296.5
       Tnw = 5342.35
       Tec = 4813.6
     twoNb = 621509
     twoNe = 39579
     twoNc = 216067
     twoNn = 196873
     twoNw = 276739
    twoNec = 280963
    twoNnw = 109708
  twoNecnw = 27945.4
  twoNbecnw = 79565.7
        m3 = 0.275956
        m4 = 5.22757e-05
        m5 = 0.138979
        Tc = 2671.18
        Td = 1335.59
        Te = 667.794
DiffEv reached_goal. cost=2.63855e-03 spread=2.78192e-06
Fitted parameter values
Free:
       pc1 = 3.92867
       pc2 = -0.424099
       pc3 = 1.01417
       pc4 = 1.46925
       pc5 = -0.8423
       pc6 = -1.84794
       pc7 = 0.965752
       pc8 = 0.756696
       pc9 = -0.0511375
      pc10 = 0.211165
      pc11 = -0.122861
      pc12 = -0.147277
      pc13 = -0.0124781
      pc14 = -0.137878
      pc15 = -0.0629758
Constrained:
     Tecnw = 45486.4
       Tnw = 386.935
       Tec = 224.059
     twoNb = 1.18743e+06
     twoNe = 800.775
     twoNc = 493612
     twoNn = 156899
     twoNw = 554919
    twoNec = 324212
    twoNnw = 129866
  twoNecnw = 26719.6
  twoNbecnw = 80563.9
        m3 = 0.277528
        m4 = 0.000164296
        m5 = 0.149845
        Tc = 193.468
        Td = 96.7339
        Te = 48.3669
#       SitePat  BranchLen
              b 141143.1667647
              e 54604.2349758
              c 58099.9567247
              n 50221.1024162
              w 53078.4550071
            b:e 2464.4870037
            b:c 2813.0868562
            b:n 2052.3112937
            b:w 2327.5386669
            e:c 11072.7381140
            e:n 6343.5673917
            e:w 5610.5162654
            c:n 5474.1111076
            c:w 4339.4163000
            n:w 14376.7438439
          b:e:c 2383.1716923
          b:e:n 1267.9606554
          b:e:w 1312.0654752
          b:c:n 1312.0993538
          b:c:w 1267.9968612
          b:n:w 2383.1228780
          e:c:n 6442.6302625
          e:c:w 5453.0236055
          e:n:w 8024.9144625
          c:n:w 6668.5555930
        b:e:c:n 2327.5748728
        b:e:c:w 2052.3451722
        b:e:n:w 2812.0123847
        b:c:n:w 2464.5358181
        e:c:n:w 58212.2334152
