########################################
# legofit: estimate population history #
#       version 2.3.4-4-g53f8760       #
########################################

# Program was compiled: Sep 21 2021 14:36:42
# Program was run: Wed Sep 22 11:07:49 2021

# cmd: legofit -1 -d 0 -t 32 --ptsPerDim 3 --stateOut b1boot49.state --tol 3e-6 -S 5000 cde2.lgo ../../boot/boot49.opf
# Stage nOptItr nSimReps
#     0    5000        0
# algorithm          : deterministic
# ignoring probs <=  : 0
# Branch length floor: 0
# DE strategy        : 2
#    F               : 0.3
#    CR              : 0.8
#    tolerance       : 3e-06
# nthreads           : 32
# lgo input file     : cde2.lgo
# site pat input file: ../../boot/boot49.opf
# free parameters    : 15
# points in DE swarm : 45
# output state file  : b1boot49.state
# Including singleton site patterns.
# cost function      : KL
Initial parameter values
Fixed:
      zero = 0
       one = 1
    Tbecnw = 75200
Free:
       pc1 = 0
       pc2 = 0
       pc3 = 0
       pc4 = 0
       pc5 = 0
       pc6 = 0
       pc7 = 0
       pc8 = 0
       pc9 = 0
      pc10 = 0
      pc11 = 0
      pc12 = 0
      pc13 = 0
      pc14 = 0
      pc15 = 0
Constrained:
     Tecnw = 44296.5
       Tnw = 5342.35
       Tec = 4813.6
     twoNb = 621509
     twoNe = 39579
     twoNc = 216067
     twoNn = 196873
     twoNw = 276739
    twoNec = 280963
    twoNnw = 109708
  twoNecnw = 27945.4
  twoNbecnw = 79565.7
        m3 = 0.275956
        m4 = 5.22757e-05
        m5 = 0.138979
        Tc = 2671.18
        Td = 1335.59
        Te = 667.794
DiffEv reached_goal. cost=2.63456e-03 spread=2.42203e-06
Fitted parameter values
Free:
       pc1 = 3.96705
       pc2 = -0.139411
       pc3 = 1.61156
       pc4 = 1.95866
       pc5 = -2.70517
       pc6 = -1.34167
       pc7 = 0.602797
       pc8 = -0.865682
       pc9 = -0.348313
      pc10 = 0.371166
      pc11 = 0.06997
      pc12 = -0.101078
      pc13 = 0.0123387
      pc14 = -0.165405
      pc15 = 0.143571
Constrained:
     Tecnw = 45315.4
       Tnw = 375.327
       Tec = 218.454
     twoNb = 2.3757e+06
     twoNe = 721.175
     twoNc = 390564
     twoNn = 115521
     twoNw = 489462
    twoNec = 324820
    twoNnw = 135597
  twoNecnw = 26891.9
  twoNbecnw = 80641.1
        m3 = 0.265799
        m4 = 9.84995e-05
        m5 = 0.152156
        Tc = 187.663
        Td = 93.8317
        Te = 46.9158
#       SitePat  BranchLen
              b 141170.4279620
              e 54577.3625435
              c 58065.6669108
              n 50418.4721077
              w 53206.5522541
            b:e 2466.3452998
            b:c 2811.0885843
            b:n 2074.0660817
            b:w 2341.1685424
            e:c 11054.4185412
            e:n 6385.1883665
            e:w 5623.0800207
            c:n 5459.4037846
            c:w 4394.1676739
            n:w 14218.4285991
          b:e:c 2378.4087139
          b:e:n 1280.9444540
          b:e:w 1318.6494717
          b:c:n 1318.6598714
          b:c:w 1280.9555569
          b:n:w 2378.3938633
          e:c:n 6475.7528226
          e:c:w 5515.0171326
          e:n:w 8007.5440903
          c:n:w 6673.5737466
        b:e:c:n 2341.1796452
        b:e:c:w 2074.0764814
        b:e:n:w 2810.7620322
        b:c:n:w 2466.3601504
        e:c:n:w 58202.7570950
