########################################
# legofit: estimate population history #
#       version 2.3.4-4-g53f8760       #
########################################

# Program was compiled: Sep 21 2021 14:36:42
# Program was run: Wed Sep 22 11:07:12 2021

# cmd: legofit -1 -d 0 -t 32 --ptsPerDim 3 --stateOut b1boot13.state --tol 3e-6 -S 5000 cde2.lgo ../../boot/boot13.opf
# Stage nOptItr nSimReps
#     0    5000        0
# algorithm          : deterministic
# ignoring probs <=  : 0
# Branch length floor: 0
# DE strategy        : 2
#    F               : 0.3
#    CR              : 0.8
#    tolerance       : 3e-06
# nthreads           : 32
# lgo input file     : cde2.lgo
# site pat input file: ../../boot/boot13.opf
# free parameters    : 15
# points in DE swarm : 45
# output state file  : b1boot13.state
# Including singleton site patterns.
# cost function      : KL
Initial parameter values
Fixed:
      zero = 0
       one = 1
    Tbecnw = 75200
Free:
       pc1 = 0
       pc2 = 0
       pc3 = 0
       pc4 = 0
       pc5 = 0
       pc6 = 0
       pc7 = 0
       pc8 = 0
       pc9 = 0
      pc10 = 0
      pc11 = 0
      pc12 = 0
      pc13 = 0
      pc14 = 0
      pc15 = 0
Constrained:
     Tecnw = 44296.5
       Tnw = 5342.35
       Tec = 4813.6
     twoNb = 621509
     twoNe = 39579
     twoNc = 216067
     twoNn = 196873
     twoNw = 276739
    twoNec = 280963
    twoNnw = 109708
  twoNecnw = 27945.4
  twoNbecnw = 79565.7
        m3 = 0.275956
        m4 = 5.22757e-05
        m5 = 0.138979
        Tc = 2671.18
        Td = 1335.59
        Te = 667.794
DiffEv reached_goal. cost=2.61424e-03 spread=2.93228e-06
Fitted parameter values
Free:
       pc1 = 3.93036
       pc2 = -0.58585
       pc3 = 0.145087
       pc4 = 1.03651
       pc5 = -1.27751
       pc6 = -1.44766
       pc7 = -0.466748
       pc8 = 0.117901
       pc9 = -0.344114
      pc10 = 0.0214766
      pc11 = -0.107466
      pc12 = -0.121684
      pc13 = -0.0716558
      pc14 = -0.104327
      pc15 = 0.0147389
Constrained:
     Tecnw = 45495.7
       Tnw = 495.895
       Tec = 343.67
     twoNb = 1.22626e+06
     twoNe = 2246.3
     twoNc = 410746
     twoNn = 237499
     twoNw = 258378
    twoNec = 323474
    twoNnw = 131326
  twoNecnw = 26661.9
  twoNbecnw = 80768.1
        m3 = 0.274333
        m4 = 6.42911e-05
        m5 = 0.149882
        Tc = 247.947
        Td = 123.974
        Te = 61.9869
#       SitePat  BranchLen
              b 141337.2578691
              e 54583.9399189
              c 58107.8475553
              n 50281.7226863
              w 53156.5321564
            b:e 2463.0756200
            b:c 2810.6186044
            b:n 2057.2377590
            b:w 2333.2622386
            e:c 11056.8030324
            e:n 6381.9005566
            e:w 5604.3652081
            c:n 5458.1553689
            c:w 4353.8162845
            n:w 14308.4660359
          b:e:c 2381.2460235
          b:e:n 1272.8290515
          b:e:w 1312.5933686
          b:c:n 1312.6062349
          b:c:w 1272.8428199
          b:n:w 2381.2275276
          e:c:n 6459.3627725
          e:c:w 5466.4277353
          e:n:w 8013.2584904
          c:n:w 6663.1918036
        b:e:c:n 2333.2760069
        b:e:c:w 2057.2506253
        b:e:n:w 2810.2105732
        b:c:n:w 2463.0941159
        e:c:n:w 58402.0894552
