########################################
# legofit: estimate population history #
#       version 2.3.4-4-g53f8760       #
########################################

# Program was compiled: Sep 21 2021 14:36:42
# Program was run: Wed Sep 22 11:07:19 2021

# cmd: legofit -1 -d 0 -t 32 --ptsPerDim 3 --stateOut b1boot21.state --tol 3e-6 -S 5000 cde2.lgo ../../boot/boot21.opf
# Stage nOptItr nSimReps
#     0    5000        0
# algorithm          : deterministic
# ignoring probs <=  : 0
# Branch length floor: 0
# DE strategy        : 2
#    F               : 0.3
#    CR              : 0.8
#    tolerance       : 3e-06
# nthreads           : 32
# lgo input file     : cde2.lgo
# site pat input file: ../../boot/boot21.opf
# free parameters    : 15
# points in DE swarm : 45
# output state file  : b1boot21.state
# Including singleton site patterns.
# cost function      : KL
Initial parameter values
Fixed:
      zero = 0
       one = 1
    Tbecnw = 75200
Free:
       pc1 = 0
       pc2 = 0
       pc3 = 0
       pc4 = 0
       pc5 = 0
       pc6 = 0
       pc7 = 0
       pc8 = 0
       pc9 = 0
      pc10 = 0
      pc11 = 0
      pc12 = 0
      pc13 = 0
      pc14 = 0
      pc15 = 0
Constrained:
     Tecnw = 44296.5
       Tnw = 5342.35
       Tec = 4813.6
     twoNb = 621509
     twoNe = 39579
     twoNc = 216067
     twoNn = 196873
     twoNw = 276739
    twoNec = 280963
    twoNnw = 109708
  twoNecnw = 27945.4
  twoNbecnw = 79565.7
        m3 = 0.275956
        m4 = 5.22757e-05
        m5 = 0.138979
        Tc = 2671.18
        Td = 1335.59
        Te = 667.794
DiffEv reached_goal. cost=2.61871e-03 spread=2.76771e-06
Fitted parameter values
Free:
       pc1 = 3.91833
       pc2 = -0.695134
       pc3 = 1.98491
       pc4 = 1.06303
       pc5 = -2.97103
       pc6 = -1.32376
       pc7 = -0.276049
       pc8 = 1.0371
       pc9 = -0.891871
      pc10 = -0.228015
      pc11 = 0.170137
      pc12 = -0.0845249
      pc13 = -0.0190177
      pc14 = -0.0593493
      pc15 = -0.0502729
Constrained:
     Tecnw = 45329.6
       Tnw = 382.556
       Tec = 292.14
     twoNb = 1.97269e+06
     twoNe = 2433.09
     twoNc = 501421
     twoNn = 216361
     twoNw = 178850
    twoNec = 320502
    twoNnw = 132885
  twoNecnw = 26875.9
  twoNbecnw = 80929.4
        m3 = 0.262532
        m4 = 0.000242303
        m5 = 0.155012
        Tc = 191.278
        Td = 95.6389
        Te = 47.8195
#       SitePat  BranchLen
              b 141426.6154729
              e 54520.9047070
              c 58113.7894478
              n 50266.9211192
              w 52998.1504431
            b:e 2473.1604085
            b:c 2833.4451336
            b:n 2070.9808495
            b:w 2334.7891484
            e:c 11119.1487962
            e:n 6357.6282011
            e:w 5650.7353939
            c:n 5442.0028333
            c:w 4367.1055991
            n:w 14395.9242386
          b:e:c 2397.2804351
          b:e:n 1275.6849251
          b:e:w 1317.3443186
          b:c:n 1317.3749886
          b:c:w 1275.7176060
          b:n:w 2397.2363499
          e:c:n 6452.1414839
          e:c:w 5502.7022015
          e:n:w 8083.3470886
          c:n:w 6688.6429074
        b:e:c:n 2334.8218293
        b:e:c:w 2071.0115195
        b:e:n:w 2832.4779667
        b:c:n:w 2473.2044937
        e:c:n:w 58442.7561705
