########################################
# legofit: estimate population history #
#       version 2.3.4-4-g53f8760       #
########################################

# Program was compiled: Sep 21 2021 14:36:42
# Program was run: Wed Sep 22 11:07:12 2021

# cmd: legofit -1 -d 0 -t 32 --ptsPerDim 3 --stateOut b1boot15.state --tol 3e-6 -S 5000 cde2.lgo ../../boot/boot15.opf
# Stage nOptItr nSimReps
#     0    5000        0
# algorithm          : deterministic
# ignoring probs <=  : 0
# Branch length floor: 0
# DE strategy        : 2
#    F               : 0.3
#    CR              : 0.8
#    tolerance       : 3e-06
# nthreads           : 32
# lgo input file     : cde2.lgo
# site pat input file: ../../boot/boot15.opf
# free parameters    : 15
# points in DE swarm : 45
# output state file  : b1boot15.state
# Including singleton site patterns.
# cost function      : KL
Initial parameter values
Fixed:
      zero = 0
       one = 1
    Tbecnw = 75200
Free:
       pc1 = 0
       pc2 = 0
       pc3 = 0
       pc4 = 0
       pc5 = 0
       pc6 = 0
       pc7 = 0
       pc8 = 0
       pc9 = 0
      pc10 = 0
      pc11 = 0
      pc12 = 0
      pc13 = 0
      pc14 = 0
      pc15 = 0
Constrained:
     Tecnw = 44296.5
       Tnw = 5342.35
       Tec = 4813.6
     twoNb = 621509
     twoNe = 39579
     twoNc = 216067
     twoNn = 196873
     twoNw = 276739
    twoNec = 280963
    twoNnw = 109708
  twoNecnw = 27945.4
  twoNbecnw = 79565.7
        m3 = 0.275956
        m4 = 5.22757e-05
        m5 = 0.138979
        Tc = 2671.18
        Td = 1335.59
        Te = 667.794
DiffEv reached_goal. cost=2.60308e-03 spread=2.90948e-06
Fitted parameter values
Free:
       pc1 = 3.96542
       pc2 = -1.23666
       pc3 = 1.86156
       pc4 = 0.166094
       pc5 = -3.02146
       pc6 = -1.72407
       pc7 = 0.304783
       pc8 = 1.20638
       pc9 = 0.158832
      pc10 = 0.102646
      pc11 = -0.303646
      pc12 = -0.199476
      pc13 = 0.0528095
      pc14 = -0.131368
      pc15 = 0.0204363
Constrained:
     Tecnw = 45517.1
       Tnw = 10.0881
       Tec = 111.175
     twoNb = 1.97736e+06
     twoNe = 2557.68
     twoNc = 432817
     twoNn = 362704
     twoNw = 248166
    twoNec = 321212
    twoNnw = 134257
  twoNecnw = 26645.2
  twoNbecnw = 80184.2
        m3 = 0.27294
        m4 = 0.000289602
        m5 = 0.151408
        Tc = 5.04407
        Td = 2.52204
        Te = 1.26102
#       SitePat  BranchLen
              b 140852.2231960
              e 54491.5601409
              c 58011.8932568
              n 50261.6280585
              w 53150.8003661
            b:e 2440.6725602
            b:c 2788.6037457
            b:n 2047.5233876
            b:w 2322.9570732
            e:c 11065.0942525
            e:n 6369.6406418
            e:w 5591.2452617
            c:n 5451.5887458
            c:w 4335.9381707
            n:w 14272.9724994
          b:e:c 2363.2746695
          b:e:n 1264.3918755
          b:e:w 1304.5228357
          b:c:n 1304.5590601
          b:c:w 1264.4306428
          b:n:w 2363.2227554
          e:c:n 6446.9574934
          e:c:w 5451.8311411
          e:n:w 7961.7910236
          c:n:w 6613.5414925
        b:e:c:n 2322.9958404
        b:e:c:w 2047.5596120
        b:e:n:w 2787.4552492
        b:c:n:w 2440.7244742
        e:c:n:w 58006.1243802
