########################################
# legofit: estimate population history #
#       version 2.3.4-4-g53f8760       #
########################################

# Program was compiled: Sep 21 2021 14:36:42
# Program was run: Wed Sep 22 11:07:32 2021

# cmd: legofit -1 -d 0 -t 32 --ptsPerDim 3 --stateOut b1boot30.state --tol 3e-6 -S 5000 cde2.lgo ../../boot/boot30.opf
# Stage nOptItr nSimReps
#     0    5000        0
# algorithm          : deterministic
# ignoring probs <=  : 0
# Branch length floor: 0
# DE strategy        : 2
#    F               : 0.3
#    CR              : 0.8
#    tolerance       : 3e-06
# nthreads           : 32
# lgo input file     : cde2.lgo
# site pat input file: ../../boot/boot30.opf
# free parameters    : 15
# points in DE swarm : 45
# output state file  : b1boot30.state
# Including singleton site patterns.
# cost function      : KL
Initial parameter values
Fixed:
      zero = 0
       one = 1
    Tbecnw = 75200
Free:
       pc1 = 0
       pc2 = 0
       pc3 = 0
       pc4 = 0
       pc5 = 0
       pc6 = 0
       pc7 = 0
       pc8 = 0
       pc9 = 0
      pc10 = 0
      pc11 = 0
      pc12 = 0
      pc13 = 0
      pc14 = 0
      pc15 = 0
Constrained:
     Tecnw = 44296.5
       Tnw = 5342.35
       Tec = 4813.6
     twoNb = 621509
     twoNe = 39579
     twoNc = 216067
     twoNn = 196873
     twoNw = 276739
    twoNec = 280963
    twoNnw = 109708
  twoNecnw = 27945.4
  twoNbecnw = 79565.7
        m3 = 0.275956
        m4 = 5.22757e-05
        m5 = 0.138979
        Tc = 2671.18
        Td = 1335.59
        Te = 667.794
DiffEv reached_goal. cost=2.63753e-03 spread=2.86034e-06
Fitted parameter values
Free:
       pc1 = 3.93776
       pc2 = -0.291396
       pc3 = 0.459719
       pc4 = 1.67735
       pc5 = -2.02997
       pc6 = -1.43114
       pc7 = -0.342109
       pc8 = -0.591207
       pc9 = -0.102656
      pc10 = -0.074585
      pc11 = -0.121769
      pc12 = -0.162232
      pc13 = -0.0664108
      pc14 = -0.0929602
      pc15 = -0.0256336
Constrained:
     Tecnw = 45479.1
       Tnw = 246.952
       Tec = 167.349
     twoNb = 1.80898e+06
     twoNe = 1033.29
     twoNc = 418612
     twoNn = 173083
     twoNw = 305656
    twoNec = 320456
    twoNnw = 131893
  twoNecnw = 26667.2
  twoNbecnw = 80598.5
        m3 = 0.272112
        m4 = 3.01834e-05
        m5 = 0.153635
        Tc = 123.476
        Td = 61.738
        Te = 30.869
#       SitePat  BranchLen
              b 141214.6295779
              e 54451.3721523
              c 58041.2813573
              n 50176.6665758
              w 53047.4713468
            b:e 2451.4742666
            b:c 2804.4627425
            b:n 2050.7595485
            b:w 2325.5094446
            e:c 11083.6087096
            e:n 6383.1319194
            e:w 5619.6967375
            c:n 5453.2917185
            c:w 4337.8483339
            n:w 14341.6940664
          b:e:c 2376.4428476
          b:e:n 1266.8612607
          b:e:w 1308.3491465
          b:c:n 1308.3532716
          b:c:w 1266.8656722
          b:n:w 2376.4369188
          e:c:n 6448.7970927
          e:c:w 5456.8708882
          e:n:w 8018.2621599
          c:n:w 6639.8961270
        b:e:c:n 2325.5138561
        b:e:c:w 2050.7636736
        b:e:n:w 2804.3317755
        b:c:n:w 2451.4801954
        e:c:n:w 58336.7577117
