########################################
# legofit: estimate population history #
#       version 2.3.4-4-g53f8760       #
########################################

# Program was compiled: Sep 21 2021 14:36:42
# Program was run: Wed Sep 22 11:07:42 2021

# cmd: legofit -1 -d 0 -t 32 --ptsPerDim 3 --stateOut b1boot41.state --tol 3e-6 -S 5000 cde2.lgo ../../boot/boot41.opf
# Stage nOptItr nSimReps
#     0    5000        0
# algorithm          : deterministic
# ignoring probs <=  : 0
# Branch length floor: 0
# DE strategy        : 2
#    F               : 0.3
#    CR              : 0.8
#    tolerance       : 3e-06
# nthreads           : 32
# lgo input file     : cde2.lgo
# site pat input file: ../../boot/boot41.opf
# free parameters    : 15
# points in DE swarm : 45
# output state file  : b1boot41.state
# Including singleton site patterns.
# cost function      : KL
Initial parameter values
Fixed:
      zero = 0
       one = 1
    Tbecnw = 75200
Free:
       pc1 = 0
       pc2 = 0
       pc3 = 0
       pc4 = 0
       pc5 = 0
       pc6 = 0
       pc7 = 0
       pc8 = 0
       pc9 = 0
      pc10 = 0
      pc11 = 0
      pc12 = 0
      pc13 = 0
      pc14 = 0
      pc15 = 0
Constrained:
     Tecnw = 44296.5
       Tnw = 5342.35
       Tec = 4813.6
     twoNb = 621509
     twoNe = 39579
     twoNc = 216067
     twoNn = 196873
     twoNw = 276739
    twoNec = 280963
    twoNnw = 109708
  twoNecnw = 27945.4
  twoNbecnw = 79565.7
        m3 = 0.275956
        m4 = 5.22757e-05
        m5 = 0.138979
        Tc = 2671.18
        Td = 1335.59
        Te = 667.794
DiffEv reached_goal. cost=2.61546e-03 spread=2.49047e-06
Fitted parameter values
Free:
       pc1 = 3.862
       pc2 = -0.390705
       pc3 = 1.68486
       pc4 = 1.69821
       pc5 = -3.63145
       pc6 = -1.53488
       pc7 = 1.02545
       pc8 = -0.764608
       pc9 = 0.262175
      pc10 = 0.393691
      pc11 = -0.200647
      pc12 = -0.0473774
      pc13 = 0.14788
      pc14 = -0.207803
      pc15 = 0.023761
Constrained:
     Tecnw = 45528.3
       Tnw = 280.715
       Tec = 234.036
     twoNb = 2.83693e+06
     twoNe = 2230.5
     twoNc = 371830
     twoNn = 168964
     twoNw = 479128
    twoNec = 323614
    twoNnw = 133236
  twoNecnw = 26782
  twoNbecnw = 80215.1
        m3 = 0.271113
        m4 = 0.000144677
        m5 = 0.151543
        Tc = 140.358
        Td = 70.1788
        Te = 35.0894
#       SitePat  BranchLen
              b 140789.1730106
              e 54631.9487173
              c 58163.5835685
              n 50358.0454671
              w 53207.4297755
            b:e 2460.3876300
            b:c 2809.2948044
            b:n 2059.5174307
            b:w 2332.3252073
            e:c 11067.0711883
            e:n 6378.1435947
            e:w 5609.6282635
            c:n 5454.3730194
            c:w 4355.0312681
            n:w 14314.7979937
          b:e:c 2379.1751981
          b:e:n 1272.6769167
          b:e:w 1312.5098645
          b:c:n 1312.5226147
          b:c:w 1272.6905478
          b:n:w 2379.1568990
          e:c:n 6447.7478381
          e:c:w 5466.2206123
          e:n:w 8001.3655527
          c:n:w 6647.6523011
        b:e:c:n 2332.3388384
        b:e:c:w 2059.5301809
        b:e:n:w 2808.8935138
        b:c:n:w 2460.4059291
        e:c:n:w 57812.9606770
