########################################
# legofit: estimate population history #
#       version 2.3.4-4-g53f8760       #
########################################

# Program was compiled: Sep 21 2021 14:36:42
# Program was run: Wed Sep 22 11:07:25 2021

# cmd: legofit -1 -d 0 -t 32 --ptsPerDim 3 --stateOut b1boot24.state --tol 3e-6 -S 5000 cde2.lgo ../../boot/boot24.opf
# Stage nOptItr nSimReps
#     0    5000        0
# algorithm          : deterministic
# ignoring probs <=  : 0
# Branch length floor: 0
# DE strategy        : 2
#    F               : 0.3
#    CR              : 0.8
#    tolerance       : 3e-06
# nthreads           : 32
# lgo input file     : cde2.lgo
# site pat input file: ../../boot/boot24.opf
# free parameters    : 15
# points in DE swarm : 45
# output state file  : b1boot24.state
# Including singleton site patterns.
# cost function      : KL
Initial parameter values
Fixed:
      zero = 0
       one = 1
    Tbecnw = 75200
Free:
       pc1 = 0
       pc2 = 0
       pc3 = 0
       pc4 = 0
       pc5 = 0
       pc6 = 0
       pc7 = 0
       pc8 = 0
       pc9 = 0
      pc10 = 0
      pc11 = 0
      pc12 = 0
      pc13 = 0
      pc14 = 0
      pc15 = 0
Constrained:
     Tecnw = 44296.5
       Tnw = 5342.35
       Tec = 4813.6
     twoNb = 621509
     twoNe = 39579
     twoNc = 216067
     twoNn = 196873
     twoNw = 276739
    twoNec = 280963
    twoNnw = 109708
  twoNecnw = 27945.4
  twoNbecnw = 79565.7
        m3 = 0.275956
        m4 = 5.22757e-05
        m5 = 0.138979
        Tc = 2671.18
        Td = 1335.59
        Te = 667.794
DiffEv reached_goal. cost=2.64618e-03 spread=2.70661e-06
Fitted parameter values
Free:
       pc1 = 3.86031
       pc2 = -0.467374
       pc3 = 0.944072
       pc4 = 0.0747238
       pc5 = -2.50891
       pc6 = -1.09839
       pc7 = -0.197296
       pc8 = -1.55337
       pc9 = -0.0455989
      pc10 = 0.0271814
      pc11 = -0.21223
      pc12 = -0.0796521
      pc13 = 0.0253902
      pc14 = -0.140785
      pc15 = 0.0682711
Constrained:
     Tecnw = 45371.6
       Tnw = 675.993
       Tec = 413.841
     twoNb = 2.0685e+06
     twoNe = 1719.8
     twoNc = 150801
     twoNn = 362718
     twoNw = 314982
    twoNec = 319521
    twoNnw = 132743
  twoNecnw = 26819.4
  twoNbecnw = 80272.4
        m3 = 0.266094
        m4 = 4.80826e-05
        m5 = 0.154298
        Tc = 337.996
        Td = 168.998
        Te = 84.4991
#       SitePat  BranchLen
              b 140901.9990586
              e 54470.3858243
              c 58043.5676430
              n 50301.3722654
              w 53104.4858018
            b:e 2447.8382972
            b:c 2799.6554515
            b:n 2054.4342521
            b:w 2322.5818436
            e:c 11054.0701758
            e:n 6373.8004411
            e:w 5617.3635741
            c:n 5432.4568677
            c:w 4354.8129513
            n:w 14244.4781071
          b:e:c 2370.1916522
          b:e:n 1268.2903729
          b:e:w 1307.4337294
          b:c:n 1307.4394878
          b:c:w 1268.2965236
          b:n:w 2370.1833996
          e:c:n 6441.5883633
          e:c:w 5472.5556103
          e:n:w 8005.5577090
          c:n:w 6636.0679444
        b:e:c:n 2322.5879942
        b:e:c:w 2054.4400105
        b:e:n:w 2799.4734709
        b:c:n:w 2447.8465498
        e:c:n:w 58037.1148686
