########################################
# legofit: estimate population history #
#       version 2.3.4-4-g53f8760       #
########################################

# Program was compiled: Sep 21 2021 14:36:42
# Program was run: Wed Sep 22 11:07:08 2021

# cmd: legofit -1 -d 0 -t 32 --ptsPerDim 3 --stateOut b1boot9.state --tol 3e-6 -S 5000 cde2.lgo ../../boot/boot9.opf
# Stage nOptItr nSimReps
#     0    5000        0
# algorithm          : deterministic
# ignoring probs <=  : 0
# Branch length floor: 0
# DE strategy        : 2
#    F               : 0.3
#    CR              : 0.8
#    tolerance       : 3e-06
# nthreads           : 32
# lgo input file     : cde2.lgo
# site pat input file: ../../boot/boot9.opf
# free parameters    : 15
# points in DE swarm : 45
# output state file  : b1boot9.state
# Including singleton site patterns.
# cost function      : KL
Initial parameter values
Fixed:
      zero = 0
       one = 1
    Tbecnw = 75200
Free:
       pc1 = 0
       pc2 = 0
       pc3 = 0
       pc4 = 0
       pc5 = 0
       pc6 = 0
       pc7 = 0
       pc8 = 0
       pc9 = 0
      pc10 = 0
      pc11 = 0
      pc12 = 0
      pc13 = 0
      pc14 = 0
      pc15 = 0
Constrained:
     Tecnw = 44296.5
       Tnw = 5342.35
       Tec = 4813.6
     twoNb = 621509
     twoNe = 39579
     twoNc = 216067
     twoNn = 196873
     twoNw = 276739
    twoNec = 280963
    twoNnw = 109708
  twoNecnw = 27945.4
  twoNbecnw = 79565.7
        m3 = 0.275956
        m4 = 5.22757e-05
        m5 = 0.138979
        Tc = 2671.18
        Td = 1335.59
        Te = 667.794
DiffEv reached_goal. cost=2.64391e-03 spread=2.23318e-06
Fitted parameter values
Free:
       pc1 = 3.9347
       pc2 = -0.219125
       pc3 = 1.88397
       pc4 = 1.6297
       pc5 = -2.30284
       pc6 = -1.68937
       pc7 = 0.472938
       pc8 = 0.16526
       pc9 = -0.261881
      pc10 = 0.239165
      pc11 = -0.34878
      pc12 = -0.15736
      pc13 = 0.079883
      pc14 = -0.150478
      pc15 = 0.0524106
Constrained:
     Tecnw = 45517.3
       Tnw = 333.04
       Tec = 348.52
     twoNb = 1.98878e+06
     twoNe = 4048.72
     twoNc = 497306
     twoNn = 169359
     twoNw = 471009
    twoNec = 319767
    twoNnw = 134645
  twoNecnw = 26736.1
  twoNbecnw = 80421.4
        m3 = 0.265941
        m4 = 0.000167222
        m5 = 0.152576
        Tc = 166.52
        Td = 83.26
        Te = 41.63
#       SitePat  BranchLen
              b 140990.8083389
              e 54573.9294522
              c 58132.1478039
              n 50382.1159165
              w 53230.6585867
            b:e 2456.8845773
            b:c 2808.2387706
            b:n 2063.3365918
            b:w 2335.7417415
            e:c 11090.1390233
            e:n 6392.9644482
            e:w 5600.7968266
            c:n 5433.8299848
            c:w 4358.8813546
            n:w 14288.9098742
          b:e:c 2381.1240581
          b:e:n 1274.0982497
          b:e:w 1311.0756982
          b:c:n 1311.0966137
          b:c:w 1274.1206245
          b:n:w 2381.0940710
          e:c:n 6460.7131459
          e:c:w 5479.2867276
          e:n:w 7997.1974025
          c:n:w 6639.2962540
        b:e:c:n 2335.7641163
        b:e:c:w 2063.3575073
        b:e:n:w 2807.5793160
        b:c:n:w 2456.9145645
        e:c:n:w 58026.3242902
