########################################
# legofit: estimate population history #
#       version 2.3.4-4-g53f8760       #
########################################

# Program was compiled: Sep 21 2021 14:36:42
# Program was run: Wed Sep 22 11:07:33 2021

# cmd: legofit -1 -d 0 -t 32 --ptsPerDim 3 --stateOut b1boot33.state --tol 3e-6 -S 5000 cde2.lgo ../../boot/boot33.opf
# Stage nOptItr nSimReps
#     0    5000        0
# algorithm          : deterministic
# ignoring probs <=  : 0
# Branch length floor: 0
# DE strategy        : 2
#    F               : 0.3
#    CR              : 0.8
#    tolerance       : 3e-06
# nthreads           : 32
# lgo input file     : cde2.lgo
# site pat input file: ../../boot/boot33.opf
# free parameters    : 15
# points in DE swarm : 45
# output state file  : b1boot33.state
# Including singleton site patterns.
# cost function      : KL
Initial parameter values
Fixed:
      zero = 0
       one = 1
    Tbecnw = 75200
Free:
       pc1 = 0
       pc2 = 0
       pc3 = 0
       pc4 = 0
       pc5 = 0
       pc6 = 0
       pc7 = 0
       pc8 = 0
       pc9 = 0
      pc10 = 0
      pc11 = 0
      pc12 = 0
      pc13 = 0
      pc14 = 0
      pc15 = 0
Constrained:
     Tecnw = 44296.5
       Tnw = 5342.35
       Tec = 4813.6
     twoNb = 621509
     twoNe = 39579
     twoNc = 216067
     twoNn = 196873
     twoNw = 276739
    twoNec = 280963
    twoNnw = 109708
  twoNecnw = 27945.4
  twoNbecnw = 79565.7
        m3 = 0.275956
        m4 = 5.22757e-05
        m5 = 0.138979
        Tc = 2671.18
        Td = 1335.59
        Te = 667.794
DiffEv reached_goal. cost=2.60738e-03 spread=2.53756e-06
Fitted parameter values
Free:
       pc1 = 3.93117
       pc2 = -0.212119
       pc3 = 1.22382
       pc4 = 1.8426
       pc5 = -3.26293
       pc6 = -1.15176
       pc7 = 1.07049
       pc8 = -1.02501
       pc9 = 0.250387
      pc10 = 0.307077
      pc11 = -0.268875
      pc12 = -0.12162
      pc13 = -0.133341
      pc14 = -0.142368
      pc15 = 0.0456472
Constrained:
     Tecnw = 45438.3
       Tnw = 368.907
       Tec = 233.585
     twoNb = 2.66606e+06
     twoNe = 1215.79
     twoNc = 306867
     twoNn = 107224
     twoNw = 483874
    twoNec = 320450
    twoNnw = 132394
  twoNecnw = 26566.8
  twoNbecnw = 80285.3
        m3 = 0.272349
        m4 = 0.000101168
        m5 = 0.151132
        Tc = 184.453
        Td = 92.2267
        Te = 46.1133
#       SitePat  BranchLen
              b 141031.1095739
              e 54422.5982745
              c 57908.2074457
              n 50192.9277229
              w 53042.1351913
            b:e 2430.5539718
            b:c 2772.8470999
            b:n 2035.8676915
            b:w 2307.5731580
            e:c 11038.7809408
            e:n 6326.7422185
            e:w 5573.2843923
            c:n 5432.3143377
            c:w 4320.6307116
            n:w 14239.3279447
          b:e:c 2353.9808773
          b:e:n 1256.1358654
          b:e:w 1297.1990389
          b:c:n 1297.2084058
          b:c:w 1256.1458805
          b:n:w 2353.9674313
          e:c:n 6423.4679893
          e:c:w 5439.4019732
          e:n:w 7948.3548448
          c:n:w 6609.4955755
        b:e:c:n 2307.5831731
        b:e:c:w 2035.8770585
        b:e:n:w 2772.5482684
        b:c:n:w 2430.5674178
        e:c:n:w 58312.6560255
