########################################
# legofit: estimate population history #
#       version 2.3.4-4-g53f8760       #
########################################

# Program was compiled: Sep 21 2021 14:36:42
# Program was run: Wed Sep 22 11:07:37 2021

# cmd: legofit -1 -d 0 -t 32 --ptsPerDim 3 --stateOut b1boot38.state --tol 3e-6 -S 5000 cde2.lgo ../../boot/boot38.opf
# Stage nOptItr nSimReps
#     0    5000        0
# algorithm          : deterministic
# ignoring probs <=  : 0
# Branch length floor: 0
# DE strategy        : 2
#    F               : 0.3
#    CR              : 0.8
#    tolerance       : 3e-06
# nthreads           : 32
# lgo input file     : cde2.lgo
# site pat input file: ../../boot/boot38.opf
# free parameters    : 15
# points in DE swarm : 45
# output state file  : b1boot38.state
# Including singleton site patterns.
# cost function      : KL
Initial parameter values
Fixed:
      zero = 0
       one = 1
    Tbecnw = 75200
Free:
       pc1 = 0
       pc2 = 0
       pc3 = 0
       pc4 = 0
       pc5 = 0
       pc6 = 0
       pc7 = 0
       pc8 = 0
       pc9 = 0
      pc10 = 0
      pc11 = 0
      pc12 = 0
      pc13 = 0
      pc14 = 0
      pc15 = 0
Constrained:
     Tecnw = 44296.5
       Tnw = 5342.35
       Tec = 4813.6
     twoNb = 621509
     twoNe = 39579
     twoNc = 216067
     twoNn = 196873
     twoNw = 276739
    twoNec = 280963
    twoNnw = 109708
  twoNecnw = 27945.4
  twoNbecnw = 79565.7
        m3 = 0.275956
        m4 = 5.22757e-05
        m5 = 0.138979
        Tc = 2671.18
        Td = 1335.59
        Te = 667.794
DiffEv reached_goal. cost=2.60871e-03 spread=2.88452e-06
Fitted parameter values
Free:
       pc1 = 3.84637
       pc2 = -0.679887
       pc3 = 1.51541
       pc4 = 1.32532
       pc5 = -2.63702
       pc6 = -0.269165
       pc7 = 0.0874977
       pc8 = -0.466959
       pc9 = -0.17169
      pc10 = -0.0698767
      pc11 = -0.160641
      pc12 = -0.0511971
      pc13 = -0.0288009
      pc14 = -0.12774
      pc15 = 0.0580445
Constrained:
     Tecnw = 45237.9
       Tnw = 344.291
       Tec = 213.71
     twoNb = 2.07677e+06
     twoNe = 968.409
     twoNc = 261075
     twoNn = 104741
     twoNw = 255958
    twoNec = 323014
    twoNnw = 134040
  twoNecnw = 26852.5
  twoNbecnw = 80168.9
        m3 = 0.264549
        m4 = 0.000133467
        m5 = 0.152881
        Tc = 172.146
        Td = 86.0728
        Te = 43.0364
#       SitePat  BranchLen
              b 140858.6539587
              e 54410.6129730
              c 57936.9581578
              n 50205.0202517
              w 52970.9631752
            b:e 2440.7043945
            b:c 2787.5064139
            b:n 2047.1814443
            b:w 2310.3997811
            e:c 11029.2338204
            e:n 6350.3928534
            e:w 5601.2367613
            c:n 5420.1098781
            c:w 4356.3895136
            n:w 14248.0434032
          b:e:c 2358.9208541
          b:e:n 1263.6726743
          b:e:w 1301.7921136
          b:c:n 1301.8079914
          b:c:w 1263.6896194
          b:n:w 2358.8980987
          e:c:n 6423.4050096
          e:c:w 5470.3385427
          e:n:w 7990.0227460
          c:n:w 6638.2485644
        b:e:c:n 2310.4167261
        b:e:c:w 2047.1973220
        b:e:n:w 2787.0027722
        b:c:n:w 2440.7271499
        e:c:n:w 58093.6217509
