########################################
# legofit: estimate population history #
#       version 2.3.4-4-g53f8760       #
########################################

# Program was compiled: Sep 21 2021 14:36:42
# Program was run: Wed Sep 22 11:07:18 2021

# cmd: legofit -1 -d 0 -t 32 --ptsPerDim 3 --stateOut b1boot17.state --tol 3e-6 -S 5000 cde2.lgo ../../boot/boot17.opf
# Stage nOptItr nSimReps
#     0    5000        0
# algorithm          : deterministic
# ignoring probs <=  : 0
# Branch length floor: 0
# DE strategy        : 2
#    F               : 0.3
#    CR              : 0.8
#    tolerance       : 3e-06
# nthreads           : 32
# lgo input file     : cde2.lgo
# site pat input file: ../../boot/boot17.opf
# free parameters    : 15
# points in DE swarm : 45
# output state file  : b1boot17.state
# Including singleton site patterns.
# cost function      : KL
Initial parameter values
Fixed:
      zero = 0
       one = 1
    Tbecnw = 75200
Free:
       pc1 = 0
       pc2 = 0
       pc3 = 0
       pc4 = 0
       pc5 = 0
       pc6 = 0
       pc7 = 0
       pc8 = 0
       pc9 = 0
      pc10 = 0
      pc11 = 0
      pc12 = 0
      pc13 = 0
      pc14 = 0
      pc15 = 0
Constrained:
     Tecnw = 44296.5
       Tnw = 5342.35
       Tec = 4813.6
     twoNb = 621509
     twoNe = 39579
     twoNc = 216067
     twoNn = 196873
     twoNw = 276739
    twoNec = 280963
    twoNnw = 109708
  twoNecnw = 27945.4
  twoNbecnw = 79565.7
        m3 = 0.275956
        m4 = 5.22757e-05
        m5 = 0.138979
        Tc = 2671.18
        Td = 1335.59
        Te = 667.794
DiffEv reached_goal. cost=2.60743e-03 spread=2.69546e-06
Fitted parameter values
Free:
       pc1 = 3.96886
       pc2 = -0.46281
       pc3 = 0.92388
       pc4 = 1.26562
       pc5 = -3.72023
       pc6 = -1.06412
       pc7 = -0.390674
       pc8 = -1.64863
       pc9 = -0.425639
      pc10 = 0.254351
      pc11 = 0.0427442
      pc12 = 0.0119651
      pc13 = 0.0781325
      pc14 = -0.145541
      pc15 = 0.0293426
Constrained:
     Tecnw = 45438.7
       Tnw = 252.664
       Tec = 167.848
     twoNb = 2.75117e+06
     twoNe = 949.131
     twoNc = 261908
     twoNn = 239139
     twoNw = 227597
    twoNec = 325715
    twoNnw = 134447
  twoNecnw = 26869.1
  twoNbecnw = 80695.6
        m3 = 0.264149
        m4 = 3.00746e-05
        m5 = 0.151625
        Tc = 126.332
        Td = 63.166
        Te = 31.583
#       SitePat  BranchLen
              b 141172.9477172
              e 54665.2585215
              c 58201.9910431
              n 50387.5162041
              w 53174.3166186
            b:e 2479.0481942
            b:c 2827.9011781
            b:n 2075.4307288
            b:w 2342.7274936
            e:c 11098.2534662
            e:n 6388.5866505
            e:w 5621.4469785
            c:n 5443.0220303
            c:w 4382.7462688
            n:w 14366.1189567
          b:e:c 2396.4033781
          b:e:n 1281.9167163
          b:e:w 1319.1798651
          b:c:n 1319.1826156
          b:c:w 1281.9196532
          b:n:w 2396.3994277
          e:c:n 6461.2525090
          e:c:w 5501.8675281
          e:n:w 8042.7324566
          c:n:w 6690.1693031
        b:e:c:n 2342.7304304
        b:e:c:w 2075.4334792
        b:e:n:w 2827.8148540
        b:c:n:w 2479.0521446
        e:c:n:w 58116.1628483
