########################################
# legofit: estimate population history #
#       version 2.3.4-4-g53f8760       #
########################################

# Program was compiled: Sep 21 2021 14:36:42
# Program was run: Wed Sep 22 11:07:07 2021

# cmd: legofit -1 -d 0 -t 32 --ptsPerDim 3 --stateOut b1boot10.state --tol 3e-6 -S 5000 cde2.lgo ../../boot/boot10.opf
# Stage nOptItr nSimReps
#     0    5000        0
# algorithm          : deterministic
# ignoring probs <=  : 0
# Branch length floor: 0
# DE strategy        : 2
#    F               : 0.3
#    CR              : 0.8
#    tolerance       : 3e-06
# nthreads           : 32
# lgo input file     : cde2.lgo
# site pat input file: ../../boot/boot10.opf
# free parameters    : 15
# points in DE swarm : 45
# output state file  : b1boot10.state
# Including singleton site patterns.
# cost function      : KL
Initial parameter values
Fixed:
      zero = 0
       one = 1
    Tbecnw = 75200
Free:
       pc1 = 0
       pc2 = 0
       pc3 = 0
       pc4 = 0
       pc5 = 0
       pc6 = 0
       pc7 = 0
       pc8 = 0
       pc9 = 0
      pc10 = 0
      pc11 = 0
      pc12 = 0
      pc13 = 0
      pc14 = 0
      pc15 = 0
Constrained:
     Tecnw = 44296.5
       Tnw = 5342.35
       Tec = 4813.6
     twoNb = 621509
     twoNe = 39579
     twoNc = 216067
     twoNn = 196873
     twoNw = 276739
    twoNec = 280963
    twoNnw = 109708
  twoNecnw = 27945.4
  twoNbecnw = 79565.7
        m3 = 0.275956
        m4 = 5.22757e-05
        m5 = 0.138979
        Tc = 2671.18
        Td = 1335.59
        Te = 667.794
DiffEv reached_goal. cost=2.62976e-03 spread=2.72703e-06
Fitted parameter values
Free:
       pc1 = 3.96826
       pc2 = -0.66132
       pc3 = 0.739892
       pc4 = 1.29316
       pc5 = -1.82405
       pc6 = -1.36438
       pc7 = -0.694475
       pc8 = 0.631058
       pc9 = -0.921366
      pc10 = -0.0883461
      pc11 = -0.0271589
      pc12 = -0.0650376
      pc13 = -0.113025
      pc14 = -0.0884535
      pc15 = 0.00504057
Constrained:
     Tecnw = 45438.5
       Tnw = 561.693
       Tec = 314.217
     twoNb = 1.40721e+06
     twoNe = 768.174
     twoNc = 493719
     twoNn = 200833
     twoNw = 174311
    twoNec = 324707
    twoNnw = 132096
  twoNecnw = 26694.9
  twoNbecnw = 81036.5
        m3 = 0.267375
        m4 = 0.000121929
        m5 = 0.150428
        Tc = 280.846
        Td = 140.423
        Te = 70.2116
#       SitePat  BranchLen
              b 141561.9689191
              e 54604.2590877
              c 58141.3564343
              n 50312.5144958
              w 53107.1943427
            b:e 2471.9452064
            b:c 2822.7064845
            b:n 2065.0479416
            b:w 2333.8045656
            e:c 11072.1914035
            e:n 6368.5981299
            e:w 5611.4761772
            c:n 5435.9249158
            c:w 4364.4544597
            n:w 14339.9011121
          b:e:c 2390.5232709
          b:e:n 1275.9862396
          b:e:w 1314.5092296
          b:c:n 1314.5306332
          b:c:w 1276.0091013
          b:n:w 2390.4924758
          e:c:n 6452.0211192
          e:c:w 5485.9336811
          e:n:w 8043.6752593
          c:n:w 6685.5198257
        b:e:c:n 2333.8274273
        b:e:c:w 2065.0693452
        b:e:n:w 2822.0285262
        b:c:n:w 2471.9760015
        e:c:n:w 58598.3812647
