########################################
# legofit: estimate population history #
#       version 2.3.4-4-g53f8760       #
########################################

# Program was compiled: Sep 21 2021 14:36:42
# Program was run: Wed Oct 13 02:35:26 2021

# cmd: legofit -1 -d 0 -t 56 --ptsPerDim 3 --stateOut b1boot15.state --tol 3e-6 -S 5000 abdef2.lgo ../../boot/boot15.opf
# Stage nOptItr nSimReps
#     0    5000        0
# algorithm          : deterministic
# ignoring probs <=  : 0
# Branch length floor: 0
# DE strategy        : 2
#    F               : 0.3
#    CR              : 0.8
#    tolerance       : 3e-06
# nthreads           : 54
# lgo input file     : abdef2.lgo
# site pat input file: ../../boot/boot15.opf
# free parameters    : 18
# points in DE swarm : 54
# output state file  : b1boot15.state
# Including singleton site patterns.
# cost function      : KL
Initial parameter values
Fixed:
      zero = 0
       one = 1
    Tbecnw = 75200
Free:
       pc1 = 0
       pc2 = 0
       pc3 = 0
       pc4 = 0
       pc5 = 0
       pc6 = 0
       pc7 = 0
       pc8 = 0
       pc9 = 0
      pc10 = 0
      pc11 = 0
      pc12 = 0
      pc13 = 0
      pc14 = 0
      pc15 = 0
      pc16 = 0
      pc17 = 0
      pc18 = 0
Constrained:
   Tgbecnw = 94139
     Tecnw = 25604.5
       Tnw = 9401.77
       Tec = 16696.5
     twoNb = 1.13302e+06
     twoNe = 731022
     twoNc = 1.60319e+06
     twoNw = 1.42883e+06
    twoNec = 59815.2
    twoNnw = 89814
  twoNecnw = 76175.8
  twoNbecnw = 8633.29
  twoNgbecnw = 236698
         m = 0.158855
        m2 = 0.0266004
        m4 = 0.00195564
        m5 = 0.179519
        m6 = 0.0105833
        Tb = 21150.5
        Ta = 48175.2
        Td = 8348.23
        Te = 4174.11
        Tf = 2087.06
DiffEv reached_goal. cost=1.78646e-03 spread=1.96610e-06
Fitted parameter values
Free:
       pc1 = -0.761835
       pc2 = -3.11546
       pc3 = -3.38639
       pc4 = -1.39732
       pc5 = 1.99384
       pc6 = 1.86916
       pc7 = 1.78851
       pc8 = -1.5133
       pc9 = 0.474992
      pc10 = 0.528175
      pc11 = -0.154649
      pc12 = 0.148469
      pc13 = 0.126194
      pc14 = 0.00283907
      pc15 = -0.000962944
      pc16 = 0.0429764
      pc17 = -0.0580992
      pc18 = -0.0453119
Constrained:
   Tgbecnw = 78669.2
     Tecnw = 24422.8
       Tnw = 9589.47
       Tec = 13720.6
     twoNb = 580580
     twoNe = 75359.3
     twoNc = 1.98337e+06
     twoNw = 2.66885e+06
    twoNec = 74578.5
    twoNnw = 80839.3
  twoNecnw = 70881.3
  twoNbecnw = 1510.17
  twoNgbecnw = 287448
         m = 0.112722
        m2 = 0.0261727
        m4 = 0.00158391
        m5 = 0.174954
        m6 = 0.00707485
        Tb = 19071.7
        Ta = 47135.9
        Td = 6860.29
        Te = 3430.14
        Tf = 1715.07
#       SitePat  BranchLen
              b 122577.9285521
              e 47638.0538208
              c 50042.8934171
              n 45060.4878064
              w 45041.8280379
            b:e 2114.3731575
            b:c 2398.5899635
            b:n 1705.9574926
            b:w 1704.7859255
            e:c 10258.0940149
            e:n 5434.0114310
            e:w 5451.5419132
            c:n 4760.6429084
            c:w 4757.7981004
            n:w 12452.1821094
          b:e:c 1956.9986776
          b:e:n 1055.8332086
          b:e:w 1056.8840609
          b:c:n 1066.0222180
          b:c:w 1064.8580569
          b:n:w 1936.5871900
          e:c:n 4574.6612317
          e:c:w 4578.6353260
          e:n:w 6293.4194313
          c:n:w 5337.7370014
        b:e:c:n 1963.6885658
        b:e:c:w 1964.9734417
        b:e:n:w 3084.3626675
        b:c:n:w 2699.9379538
        e:c:n:w 50926.2504916
