########################################
# legofit: estimate population history #
#       version 2.3.4-4-g53f8760       #
########################################

# Program was compiled: Sep 21 2021 14:36:42
# Program was run: Wed Oct 13 02:32:23 2021

# cmd: legofit -1 -d 0 -t 56 --ptsPerDim 3 --stateOut b1boot12.state --tol 3e-6 -S 5000 abdef2.lgo ../../boot/boot12.opf
# Stage nOptItr nSimReps
#     0    5000        0
# algorithm          : deterministic
# ignoring probs <=  : 0
# Branch length floor: 0
# DE strategy        : 2
#    F               : 0.3
#    CR              : 0.8
#    tolerance       : 3e-06
# nthreads           : 54
# lgo input file     : abdef2.lgo
# site pat input file: ../../boot/boot12.opf
# free parameters    : 18
# points in DE swarm : 54
# output state file  : b1boot12.state
# Including singleton site patterns.
# cost function      : KL
Initial parameter values
Fixed:
      zero = 0
       one = 1
    Tbecnw = 75200
Free:
       pc1 = 0
       pc2 = 0
       pc3 = 0
       pc4 = 0
       pc5 = 0
       pc6 = 0
       pc7 = 0
       pc8 = 0
       pc9 = 0
      pc10 = 0
      pc11 = 0
      pc12 = 0
      pc13 = 0
      pc14 = 0
      pc15 = 0
      pc16 = 0
      pc17 = 0
      pc18 = 0
Constrained:
   Tgbecnw = 94139
     Tecnw = 25604.5
       Tnw = 9401.77
       Tec = 16696.5
     twoNb = 1.13302e+06
     twoNe = 731022
     twoNc = 1.60319e+06
     twoNw = 1.42883e+06
    twoNec = 59815.2
    twoNnw = 89814
  twoNecnw = 76175.8
  twoNbecnw = 8633.29
  twoNgbecnw = 236698
         m = 0.158855
        m2 = 0.0266004
        m4 = 0.00195564
        m5 = 0.179519
        m6 = 0.0105833
        Tb = 21150.5
        Ta = 48175.2
        Td = 8348.23
        Te = 4174.11
        Tf = 2087.06
DiffEv reached_goal. cost=1.76640e-03 spread=2.98108e-06
Fitted parameter values
Free:
       pc1 = 1.21252
       pc2 = -2.29172
       pc3 = -3.53811
       pc4 = -1.9833
       pc5 = 1.43157
       pc6 = 0.741469
       pc7 = 1.94738
       pc8 = -0.756992
       pc9 = 0.266813
      pc10 = 0.437381
      pc11 = -0.70977
      pc12 = -0.0845867
      pc13 = -0.05306
      pc14 = -0.190994
      pc15 = -0.0672274
      pc16 = 0.0418232
      pc17 = -0.0195604
      pc18 = -0.103058
Constrained:
   Tgbecnw = 82666.3
     Tecnw = 24038.1
       Tnw = 10839.6
       Tec = 14524.1
     twoNb = 721757
     twoNe = 354689
     twoNc = 1.66487e+06
     twoNw = 2.63788e+06
    twoNec = 68426.1
    twoNnw = 73268.1
  twoNecnw = 75130.1
  twoNbecnw = 3259.32
  twoNgbecnw = 275684
         m = 0.122218
        m2 = 0.0244356
        m4 = 0.00233429
        m5 = 0.169223
        m6 = 0.000541202
        Tb = 19281.1
        Ta = 47240.6
        Td = 7262.07
        Te = 3631.04
        Tf = 1815.52
#       SitePat  BranchLen
              b 124309.4367460
              e 48376.2816916
              c 50814.5031558
              n 45868.3786944
              w 45847.8897393
            b:e 2140.2513105
            b:c 2431.4362753
            b:n 1760.3822889
            b:w 1759.0604753
            e:c 10432.9158860
            e:n 5554.5236377
            e:w 5574.9116199
            c:n 4881.2437493
            c:w 4876.9233916
            n:w 12580.0286101
          b:e:c 2003.5922731
          b:e:n 1090.4383187
          b:e:w 1091.7490795
          b:c:n 1101.0109845
          b:c:w 1099.5711469
          b:n:w 1988.1687917
          e:c:n 4651.7628062
          e:c:w 4656.1841368
          e:n:w 6346.0458334
          c:n:w 5378.4058011
        b:e:c:n 2028.2617358
        b:e:c:w 2029.7126263
        b:e:n:w 3156.8731065
        b:c:n:w 2747.9800019
        e:c:n:w 51604.4214551
