########################################
# legofit: estimate population history #
#       version 2.3.4-4-g53f8760       #
########################################

# Program was compiled: Sep 21 2021 14:36:42
# Program was run: Wed Oct 13 02:44:34 2021

# cmd: legofit -1 -d 0 -t 56 --ptsPerDim 3 --stateOut b1boot22.state --tol 3e-6 -S 5000 abdef2.lgo ../../boot/boot22.opf
# Stage nOptItr nSimReps
#     0    5000        0
# algorithm          : deterministic
# ignoring probs <=  : 0
# Branch length floor: 0
# DE strategy        : 2
#    F               : 0.3
#    CR              : 0.8
#    tolerance       : 3e-06
# nthreads           : 54
# lgo input file     : abdef2.lgo
# site pat input file: ../../boot/boot22.opf
# free parameters    : 18
# points in DE swarm : 54
# output state file  : b1boot22.state
# Including singleton site patterns.
# cost function      : KL
Initial parameter values
Fixed:
      zero = 0
       one = 1
    Tbecnw = 75200
Free:
       pc1 = 0
       pc2 = 0
       pc3 = 0
       pc4 = 0
       pc5 = 0
       pc6 = 0
       pc7 = 0
       pc8 = 0
       pc9 = 0
      pc10 = 0
      pc11 = 0
      pc12 = 0
      pc13 = 0
      pc14 = 0
      pc15 = 0
      pc16 = 0
      pc17 = 0
      pc18 = 0
Constrained:
   Tgbecnw = 94139
     Tecnw = 25604.5
       Tnw = 9401.77
       Tec = 16696.5
     twoNb = 1.13302e+06
     twoNe = 731022
     twoNc = 1.60319e+06
     twoNw = 1.42883e+06
    twoNec = 59815.2
    twoNnw = 89814
  twoNecnw = 76175.8
  twoNbecnw = 8633.29
  twoNgbecnw = 236698
         m = 0.158855
        m2 = 0.0266004
        m4 = 0.00195564
        m5 = 0.179519
        m6 = 0.0105833
        Tb = 21150.5
        Ta = 48175.2
        Td = 8348.23
        Te = 4174.11
        Tf = 2087.06
DiffEv reached_goal. cost=1.78107e-03 spread=2.91805e-06
Fitted parameter values
Free:
       pc1 = -0.173306
       pc2 = -2.96644
       pc3 = -2.93258
       pc4 = -1.69626
       pc5 = 1.41397
       pc6 = 1.21497
       pc7 = 1.90239
       pc8 = -1.96163
       pc9 = 0.490428
      pc10 = 0.283184
      pc11 = -0.475828
      pc12 = 0.275162
      pc13 = 0.12037
      pc14 = -0.0336112
      pc15 = -0.0288118
      pc16 = 0.0321406
      pc17 = -0.0579268
      pc18 = -0.0582523
Constrained:
   Tgbecnw = 80879.3
     Tecnw = 24358.3
       Tnw = 10050
       Tec = 14188.6
     twoNb = 555834
     twoNe = 263801
     twoNc = 422672
     twoNw = 2.67347e+06
    twoNec = 71894.2
    twoNnw = 78066.5
  twoNecnw = 72452.2
  twoNbecnw = 2481.31
  twoNgbecnw = 282890
         m = 0.11656
        m2 = 0.0255612
        m4 = 0.00130074
        m5 = 0.173422
        m6 = 0.00391814
        Tb = 19273.4
        Ta = 47236.7
        Td = 7094.28
        Te = 3547.14
        Tf = 1773.57
#       SitePat  BranchLen
              b 123610.7054649
              e 48018.1671522
              c 50440.1943682
              n 45429.7236066
              w 45410.5945954
            b:e 2159.3348074
            b:c 2446.4398090
            b:n 1745.2246543
            b:w 1743.9997077
            e:c 10346.9725183
            e:n 5497.1220243
            e:w 5515.5914577
            c:n 4818.6330388
            c:w 4815.1905989
            n:w 12564.3029977
          b:e:c 2000.4686780
          b:e:n 1080.7679017
          b:e:w 1081.9210738
          b:c:n 1091.1435781
          b:c:w 1089.8716351
          b:n:w 1979.1026789
          e:c:n 4625.9007051
          e:c:w 4630.0027228
          e:n:w 6358.9703433
          c:n:w 5392.8137816
        b:e:c:n 2009.3204821
        b:e:c:w 2010.6641995
        b:e:n:w 3124.5906738
        b:c:n:w 2742.1785528
        e:c:n:w 51455.9394765
