########################################
# legofit: estimate population history #
#       version 2.3.4-4-g53f8760       #
########################################

# Program was compiled: Sep 21 2021 14:36:42
# Program was run: Wed Oct 13 03:02:49 2021

# cmd: legofit -1 -d 0 -t 56 --ptsPerDim 3 --stateOut b1boot36.state --tol 3e-6 -S 5000 abdef2.lgo ../../boot/boot36.opf
# Stage nOptItr nSimReps
#     0    5000        0
# algorithm          : deterministic
# ignoring probs <=  : 0
# Branch length floor: 0
# DE strategy        : 2
#    F               : 0.3
#    CR              : 0.8
#    tolerance       : 3e-06
# nthreads           : 54
# lgo input file     : abdef2.lgo
# site pat input file: ../../boot/boot36.opf
# free parameters    : 18
# points in DE swarm : 54
# output state file  : b1boot36.state
# Including singleton site patterns.
# cost function      : KL
Initial parameter values
Fixed:
      zero = 0
       one = 1
    Tbecnw = 75200
Free:
       pc1 = 0
       pc2 = 0
       pc3 = 0
       pc4 = 0
       pc5 = 0
       pc6 = 0
       pc7 = 0
       pc8 = 0
       pc9 = 0
      pc10 = 0
      pc11 = 0
      pc12 = 0
      pc13 = 0
      pc14 = 0
      pc15 = 0
      pc16 = 0
      pc17 = 0
      pc18 = 0
Constrained:
   Tgbecnw = 94139
     Tecnw = 25604.5
       Tnw = 9401.77
       Tec = 16696.5
     twoNb = 1.13302e+06
     twoNe = 731022
     twoNc = 1.60319e+06
     twoNw = 1.42883e+06
    twoNec = 59815.2
    twoNnw = 89814
  twoNecnw = 76175.8
  twoNbecnw = 8633.29
  twoNgbecnw = 236698
         m = 0.158855
        m2 = 0.0266004
        m4 = 0.00195564
        m5 = 0.179519
        m6 = 0.0105833
        Tb = 21150.5
        Ta = 48175.2
        Td = 8348.23
        Te = 4174.11
        Tf = 2087.06
DiffEv reached_goal. cost=1.79588e-03 spread=2.46070e-06
Fitted parameter values
Free:
       pc1 = 0.170894
       pc2 = -2.05197
       pc3 = -3.95064
       pc4 = -2.32026
       pc5 = 1.73131
       pc6 = 1.18444
       pc7 = 1.95401
       pc8 = -1.8334
       pc9 = 0.211788
      pc10 = 0.787968
      pc11 = -0.383291
      pc12 = 0.033368
      pc13 = 0.115439
      pc14 = 0.118441
      pc15 = -0.135278
      pc16 = 0.127928
      pc17 = 0.0352688
      pc18 = -0.0660792
Constrained:
   Tgbecnw = 81700
     Tecnw = 24423.7
       Tnw = 10594.2
       Tec = 12954.9
     twoNb = 569075
     twoNe = 231329
     twoNc = 1.60359e+06
     twoNw = 3.08956e+06
    twoNec = 82899.4
    twoNnw = 76131.8
  twoNecnw = 73052.2
  twoNbecnw = 2804.97
  twoNgbecnw = 286115
         m = 0.115905
        m2 = 0.0250718
        m4 = 0.00191756
        m5 = 0.168245
        m6 = 0.000724789
        Tb = 18689.3
        Ta = 46944.6
        Td = 6477.43
        Te = 3238.71
        Tf = 1619.36
#       SitePat  BranchLen
              b 123778.1653446
              e 48206.7570148
              c 50604.2161643
              n 45706.7173420
              w 45688.9084652
            b:e 2150.1790595
            b:c 2440.6049086
            b:n 1740.6725618
            b:w 1739.5383494
            e:c 10394.4300702
            e:n 5488.9378120
            e:w 5506.6320636
            c:n 4821.1801029
            c:w 4817.5004985
            n:w 12515.2555017
          b:e:c 1991.6138007
          b:e:n 1079.4723011
          b:e:w 1080.5940755
          b:c:n 1089.9187443
          b:c:w 1088.6860513
          b:n:w 1970.3613126
          e:c:n 4609.4420823
          e:c:w 4613.2363119
          e:n:w 6325.7298434
          c:n:w 5369.3194144
        b:e:c:n 2006.1069381
        b:e:c:w 2007.3520691
        b:e:n:w 3130.4935498
        b:c:n:w 2737.3697582
        e:c:n:w 51440.1521517
