########################################
# legofit: estimate population history #
#       version 2.3.4-4-g53f8760       #
########################################

# Program was compiled: Sep 21 2021 14:36:42
# Program was run: Wed Oct 13 02:29:20 2021

# cmd: legofit -1 -d 0 -t 56 --ptsPerDim 3 --stateOut b1boot8.state --tol 3e-6 -S 5000 abdef2.lgo ../../boot/boot8.opf
# Stage nOptItr nSimReps
#     0    5000        0
# algorithm          : deterministic
# ignoring probs <=  : 0
# Branch length floor: 0
# DE strategy        : 2
#    F               : 0.3
#    CR              : 0.8
#    tolerance       : 3e-06
# nthreads           : 54
# lgo input file     : abdef2.lgo
# site pat input file: ../../boot/boot8.opf
# free parameters    : 18
# points in DE swarm : 54
# output state file  : b1boot8.state
# Including singleton site patterns.
# cost function      : KL
Initial parameter values
Fixed:
      zero = 0
       one = 1
    Tbecnw = 75200
Free:
       pc1 = 0
       pc2 = 0
       pc3 = 0
       pc4 = 0
       pc5 = 0
       pc6 = 0
       pc7 = 0
       pc8 = 0
       pc9 = 0
      pc10 = 0
      pc11 = 0
      pc12 = 0
      pc13 = 0
      pc14 = 0
      pc15 = 0
      pc16 = 0
      pc17 = 0
      pc18 = 0
Constrained:
   Tgbecnw = 94139
     Tecnw = 25604.5
       Tnw = 9401.77
       Tec = 16696.5
     twoNb = 1.13302e+06
     twoNe = 731022
     twoNc = 1.60319e+06
     twoNw = 1.42883e+06
    twoNec = 59815.2
    twoNnw = 89814
  twoNecnw = 76175.8
  twoNbecnw = 8633.29
  twoNgbecnw = 236698
         m = 0.158855
        m2 = 0.0266004
        m4 = 0.00195564
        m5 = 0.179519
        m6 = 0.0105833
        Tb = 21150.5
        Ta = 48175.2
        Td = 8348.23
        Te = 4174.11
        Tf = 2087.06
DiffEv reached_goal. cost=1.77948e-03 spread=2.64482e-06
Fitted parameter values
Free:
       pc1 = 0.444771
       pc2 = -2.00682
       pc3 = -3.90202
       pc4 = -2.33041
       pc5 = 1.75464
       pc6 = 0.858557
       pc7 = 1.92991
       pc8 = -1.82637
       pc9 = 0.183551
      pc10 = 0.185274
      pc11 = 0.0425206
      pc12 = -0.218989
      pc13 = -0.172745
      pc14 = 0.0444042
      pc15 = -0.117766
      pc16 = 0.0772528
      pc17 = 0.0298681
      pc18 = -0.00514924
Constrained:
   Tgbecnw = 82476.7
     Tecnw = 24301.8
       Tnw = 11529
       Tec = 12695.1
     twoNb = 538456
     twoNe = 397028
     twoNc = 1.47796e+06
     twoNw = 2.82159e+06
    twoNec = 85287.9
    twoNnw = 69037.7
  twoNecnw = 73426.1
  twoNbecnw = 3130.3
  twoNgbecnw = 285066
         m = 0.115731
        m2 = 0.0250827
        m4 = 0.00196377
        m5 = 0.171114
        m6 = 0.000251945
        Tb = 18498.4
        Ta = 46849.2
        Td = 6347.53
        Te = 3173.77
        Tf = 1586.88
#       SitePat  BranchLen
              b 123713.0431497
              e 48217.5310529
              c 50675.7271078
              n 45660.1505285
              w 45637.9435222
            b:e 2153.6195084
            b:c 2454.8671779
            b:n 1728.1314475
            b:w 1726.7104623
            e:c 10369.4447516
            e:n 5504.0360571
            e:w 5526.1951846
            c:n 4826.9487813
            c:w 4822.2222817
            n:w 12530.4330924
          b:e:c 1986.4362816
          b:e:n 1075.4955285
          b:e:w 1076.9113018
          b:c:n 1086.5269538
          b:c:w 1084.9723428
          b:n:w 1962.3135602
          e:c:n 4591.7863544
          e:c:w 4596.5607329
          e:n:w 6389.4651670
          c:n:w 5394.9258215
        b:e:c:n 1991.0588921
        b:e:c:w 1992.6187151
        b:e:n:w 3132.8243584
        b:c:n:w 2729.8876137
        e:c:n:w 51291.4337258
