########################################
# legofit: estimate population history #
#       version 2.3.4-4-g53f8760       #
########################################

# Program was compiled: Sep 21 2021 14:36:42
# Program was run: Wed Oct 13 02:20:13 2021

# cmd: legofit -1 -d 0 -t 56 --ptsPerDim 3 --stateOut b1boot0.state --tol 3e-6 -S 5000 abdef2.lgo ../../boot/boot0.opf
# Stage nOptItr nSimReps
#     0    5000        0
# algorithm          : deterministic
# ignoring probs <=  : 0
# Branch length floor: 0
# DE strategy        : 2
#    F               : 0.3
#    CR              : 0.8
#    tolerance       : 3e-06
# nthreads           : 54
# lgo input file     : abdef2.lgo
# site pat input file: ../../boot/boot0.opf
# free parameters    : 18
# points in DE swarm : 54
# output state file  : b1boot0.state
# Including singleton site patterns.
# cost function      : KL
Initial parameter values
Fixed:
      zero = 0
       one = 1
    Tbecnw = 75200
Free:
       pc1 = 0
       pc2 = 0
       pc3 = 0
       pc4 = 0
       pc5 = 0
       pc6 = 0
       pc7 = 0
       pc8 = 0
       pc9 = 0
      pc10 = 0
      pc11 = 0
      pc12 = 0
      pc13 = 0
      pc14 = 0
      pc15 = 0
      pc16 = 0
      pc17 = 0
      pc18 = 0
Constrained:
   Tgbecnw = 94139
     Tecnw = 25604.5
       Tnw = 9401.77
       Tec = 16696.5
     twoNb = 1.13302e+06
     twoNe = 731022
     twoNc = 1.60319e+06
     twoNw = 1.42883e+06
    twoNec = 59815.2
    twoNnw = 89814
  twoNecnw = 76175.8
  twoNbecnw = 8633.29
  twoNgbecnw = 236698
         m = 0.158855
        m2 = 0.0266004
        m4 = 0.00195564
        m5 = 0.179519
        m6 = 0.0105833
        Tb = 21150.5
        Ta = 48175.2
        Td = 8348.23
        Te = 4174.11
        Tf = 2087.06
DiffEv reached_goal. cost=1.78091e-03 spread=2.12174e-06
Fitted parameter values
Free:
       pc1 = 0.477899
       pc2 = -3.39451
       pc3 = -3.16142
       pc4 = -2.73551
       pc5 = 1.91653
       pc6 = 1.4305
       pc7 = 1.95855
       pc8 = -1.35879
       pc9 = 0.618286
      pc10 = 1.11074
      pc11 = -0.350098
      pc12 = 0.523656
      pc13 = 0.248341
      pc14 = 0.177331
      pc15 = -0.0393455
      pc16 = 0.0849468
      pc17 = 0.00205965
      pc18 = -0.0361523
Constrained:
   Tgbecnw = 79724.5
     Tecnw = 24237.1
       Tnw = 11044
       Tec = 15429.5
     twoNb = 501906
     twoNe = 121798
     twoNc = 1.59773e+06
     twoNw = 3.29996e+06
    twoNec = 63178.4
    twoNnw = 71580.5
  twoNecnw = 71745.6
  twoNbecnw = 1944.5
  twoNgbecnw = 294273
         m = 0.110971
        m2 = 0.025369
        m4 = 0.00170082
        m5 = 0.169403
        m6 = 0.00151832
        Tb = 19833.3
        Ta = 47516.7
        Td = 7714.77
        Te = 3857.39
        Tf = 1928.69
#       SitePat  BranchLen
              b 123068.8639661
              e 47886.5697160
              c 50267.2180860
              n 45246.6800602
              w 45230.5634364
            b:e 2139.3114006
            b:c 2430.0564012
            b:n 1717.6650167
            b:w 1716.6278801
            e:c 10200.2072017
            e:n 5441.4188925
            e:w 5457.3111497
            c:n 4780.7080298
            c:w 4777.4381744
            n:w 12443.9582458
          b:e:c 1977.4717966
          b:e:n 1064.9424115
          b:e:w 1065.9550981
          b:c:n 1075.3686385
          b:c:w 1074.2544112
          b:n:w 1952.8407391
          e:c:n 4586.8239932
          e:c:w 4590.3182154
          e:n:w 6330.9973613
          c:n:w 5368.1961595
        b:e:c:n 1979.8651015
        b:e:c:w 1981.0037787
        b:e:n:w 3099.4656574
        b:c:n:w 2712.7317182
        e:c:n:w 51254.7625325
