########################################
# legofit: estimate population history #
#       version 2.3.4-4-g53f8760       #
########################################

# Program was compiled: Sep 21 2021 14:36:42
# Program was run: Wed Oct 13 03:02:49 2021

# cmd: legofit -1 -d 0 -t 56 --ptsPerDim 3 --stateOut b1boot37.state --tol 3e-6 -S 5000 abdef2.lgo ../../boot/boot37.opf
# Stage nOptItr nSimReps
#     0    5000        0
# algorithm          : deterministic
# ignoring probs <=  : 0
# Branch length floor: 0
# DE strategy        : 2
#    F               : 0.3
#    CR              : 0.8
#    tolerance       : 3e-06
# nthreads           : 54
# lgo input file     : abdef2.lgo
# site pat input file: ../../boot/boot37.opf
# free parameters    : 18
# points in DE swarm : 54
# output state file  : b1boot37.state
# Including singleton site patterns.
# cost function      : KL
Initial parameter values
Fixed:
      zero = 0
       one = 1
    Tbecnw = 75200
Free:
       pc1 = 0
       pc2 = 0
       pc3 = 0
       pc4 = 0
       pc5 = 0
       pc6 = 0
       pc7 = 0
       pc8 = 0
       pc9 = 0
      pc10 = 0
      pc11 = 0
      pc12 = 0
      pc13 = 0
      pc14 = 0
      pc15 = 0
      pc16 = 0
      pc17 = 0
      pc18 = 0
Constrained:
   Tgbecnw = 94139
     Tecnw = 25604.5
       Tnw = 9401.77
       Tec = 16696.5
     twoNb = 1.13302e+06
     twoNe = 731022
     twoNc = 1.60319e+06
     twoNw = 1.42883e+06
    twoNec = 59815.2
    twoNnw = 89814
  twoNecnw = 76175.8
  twoNbecnw = 8633.29
  twoNgbecnw = 236698
         m = 0.158855
        m2 = 0.0266004
        m4 = 0.00195564
        m5 = 0.179519
        m6 = 0.0105833
        Tb = 21150.5
        Ta = 48175.2
        Td = 8348.23
        Te = 4174.11
        Tf = 2087.06
DiffEv reached_goal. cost=1.80213e-03 spread=2.86267e-06
Fitted parameter values
Free:
       pc1 = 1.80699
       pc2 = -3.02801
       pc3 = -2.75115
       pc4 = -2.26909
       pc5 = 1.72891
       pc6 = 0.248621
       pc7 = 1.93302
       pc8 = -0.58714
       pc9 = 0.685462
      pc10 = 0.362432
      pc11 = -0.377922
      pc12 = 0.281892
      pc13 = -0.157423
      pc14 = -0.0753147
      pc15 = 0.00483001
      pc16 = 0.0734389
      pc17 = -0.0315463
      pc18 = -0.106598
Constrained:
   Tgbecnw = 82137.1
     Tecnw = 23997.3
       Tnw = 12126.9
       Tec = 16226.7
     twoNb = 745864
     twoNe = 670847
     twoNc = 1.17158e+06
     twoNw = 2.72551e+06
    twoNec = 54583.6
    twoNnw = 64162.9
  twoNecnw = 74776.5
  twoNbecnw = 3033.87
  twoNgbecnw = 274150
         m = 0.124747
        m2 = 0.0245075
        m4 = 0.00219871
        m5 = 0.172067
        m6 = 0.000504691
        Tb = 20112
        Ta = 47656
        Td = 8113.37
        Te = 4056.68
        Tf = 2028.34
#       SitePat  BranchLen
              b 124618.3329862
              e 48280.6010064
              c 50762.5611943
              n 45728.4268313
              w 45706.3950551
            b:e 2116.7575383
            b:c 2412.6584816
            b:n 1736.9933119
            b:w 1735.5588349
            e:c 10384.6332253
            e:n 5509.0669657
            e:w 5530.9986488
            c:n 4832.8668819
            c:w 4828.1340529
            n:w 12562.1630550
          b:e:c 1994.1876686
          b:e:n 1072.3754156
          b:e:w 1073.7988963
          b:c:n 1083.0825788
          b:c:w 1081.5199239
          b:n:w 1980.3716906
          e:c:n 4629.7369523
          e:c:w 4634.5698745
          e:n:w 6367.6477012
          c:n:w 5366.4937774
        b:e:c:n 1998.9129038
        b:e:c:w 2000.4865551
        b:e:n:w 3141.7064104
        b:c:n:w 2725.6355972
        e:c:n:w 52036.8994015
