########################################
# legofit: estimate population history #
#       version 2.3.4-4-g53f8760       #
########################################

# Program was compiled: Sep 21 2021 14:36:42
# Program was run: Wed Oct 13 02:41:31 2021

# cmd: legofit -1 -d 0 -t 56 --ptsPerDim 3 --stateOut b1boot20.state --tol 3e-6 -S 5000 abdef2.lgo ../../boot/boot20.opf
# Stage nOptItr nSimReps
#     0    5000        0
# algorithm          : deterministic
# ignoring probs <=  : 0
# Branch length floor: 0
# DE strategy        : 2
#    F               : 0.3
#    CR              : 0.8
#    tolerance       : 3e-06
# nthreads           : 54
# lgo input file     : abdef2.lgo
# site pat input file: ../../boot/boot20.opf
# free parameters    : 18
# points in DE swarm : 54
# output state file  : b1boot20.state
# Including singleton site patterns.
# cost function      : KL
Initial parameter values
Fixed:
      zero = 0
       one = 1
    Tbecnw = 75200
Free:
       pc1 = 0
       pc2 = 0
       pc3 = 0
       pc4 = 0
       pc5 = 0
       pc6 = 0
       pc7 = 0
       pc8 = 0
       pc9 = 0
      pc10 = 0
      pc11 = 0
      pc12 = 0
      pc13 = 0
      pc14 = 0
      pc15 = 0
      pc16 = 0
      pc17 = 0
      pc18 = 0
Constrained:
   Tgbecnw = 94139
     Tecnw = 25604.5
       Tnw = 9401.77
       Tec = 16696.5
     twoNb = 1.13302e+06
     twoNe = 731022
     twoNc = 1.60319e+06
     twoNw = 1.42883e+06
    twoNec = 59815.2
    twoNnw = 89814
  twoNecnw = 76175.8
  twoNbecnw = 8633.29
  twoNgbecnw = 236698
         m = 0.158855
        m2 = 0.0266004
        m4 = 0.00195564
        m5 = 0.179519
        m6 = 0.0105833
        Tb = 21150.5
        Ta = 48175.2
        Td = 8348.23
        Te = 4174.11
        Tf = 2087.06
DiffEv reached_goal. cost=1.78193e-03 spread=2.49477e-06
Fitted parameter values
Free:
       pc1 = 2.1622
       pc2 = -3.54048
       pc3 = -3.84461
       pc4 = -2.60947
       pc5 = 1.87451
       pc6 = 0.930691
       pc7 = 1.8098
       pc8 = 0.0809029
       pc9 = 0.484482
      pc10 = -0.0175567
      pc11 = 0.217801
      pc12 = -0.106715
      pc13 = 0.224263
      pc14 = -0.0414612
      pc15 = 0.0866102
      pc16 = -0.125066
      pc17 = -0.00660844
      pc18 = -0.112839
Constrained:
   Tgbecnw = 80206.9
     Tecnw = 23597.7
       Tnw = 13211.4
       Tec = 15718.9
     twoNb = 599769
     twoNe = 290079
     twoNc = 3.10626e+06
     twoNw = 2.45008e+06
    twoNec = 56493.3
    twoNnw = 56146.3
  twoNecnw = 73414.2
  twoNbecnw = 2148.18
  twoNgbecnw = 290627
         m = 0.113016
        m2 = 0.0244442
        m4 = 0.0025232
        m5 = 0.166415
        m6 = 0.00126016
        Tb = 19658.3
        Ta = 47429.1
        Td = 7859.46
        Te = 3929.73
        Tf = 1964.86
#       SitePat  BranchLen
              b 123125.2546968
              e 47750.5780698
              c 50100.0284528
              n 45249.0863988
              w 45222.3316406
            b:e 2103.9407396
            b:c 2396.1757415
            b:n 1708.5353496
            b:w 1706.7790497
            e:c 10283.0813446
            e:n 5448.4020646
            e:w 5474.8536186
            c:n 4819.7464400
            c:w 4814.0615764
            n:w 12365.3883294
          b:e:c 1966.2252317
          b:e:n 1057.1746139
          b:e:w 1058.8974289
          b:c:n 1068.3024456
          b:c:w 1066.4078440
          b:n:w 1945.8349067
          e:c:n 4604.0602300
          e:c:w 4610.0482978
          e:n:w 6338.7038955
          c:n:w 5371.6533137
        b:e:c:n 1968.0695883
        b:e:c:w 1969.9976749
        b:e:n:w 3092.9009378
        b:c:n:w 2689.0754760
        e:c:n:w 51196.6382932
