########################################
# legofit: estimate population history #
#       version 2.3.4-4-g53f8760       #
########################################

# Program was compiled: Sep 21 2021 14:36:42
# Program was run: Wed Oct 13 02:32:23 2021

# cmd: legofit -1 -d 0 -t 56 --ptsPerDim 3 --stateOut b1boot11.state --tol 3e-6 -S 5000 abdef2.lgo ../../boot/boot11.opf
# Stage nOptItr nSimReps
#     0    5000        0
# algorithm          : deterministic
# ignoring probs <=  : 0
# Branch length floor: 0
# DE strategy        : 2
#    F               : 0.3
#    CR              : 0.8
#    tolerance       : 3e-06
# nthreads           : 54
# lgo input file     : abdef2.lgo
# site pat input file: ../../boot/boot11.opf
# free parameters    : 18
# points in DE swarm : 54
# output state file  : b1boot11.state
# Including singleton site patterns.
# cost function      : KL
Initial parameter values
Fixed:
      zero = 0
       one = 1
    Tbecnw = 75200
Free:
       pc1 = 0
       pc2 = 0
       pc3 = 0
       pc4 = 0
       pc5 = 0
       pc6 = 0
       pc7 = 0
       pc8 = 0
       pc9 = 0
      pc10 = 0
      pc11 = 0
      pc12 = 0
      pc13 = 0
      pc14 = 0
      pc15 = 0
      pc16 = 0
      pc17 = 0
      pc18 = 0
Constrained:
   Tgbecnw = 94139
     Tecnw = 25604.5
       Tnw = 9401.77
       Tec = 16696.5
     twoNb = 1.13302e+06
     twoNe = 731022
     twoNc = 1.60319e+06
     twoNw = 1.42883e+06
    twoNec = 59815.2
    twoNnw = 89814
  twoNecnw = 76175.8
  twoNbecnw = 8633.29
  twoNgbecnw = 236698
         m = 0.158855
        m2 = 0.0266004
        m4 = 0.00195564
        m5 = 0.179519
        m6 = 0.0105833
        Tb = 21150.5
        Ta = 48175.2
        Td = 8348.23
        Te = 4174.11
        Tf = 2087.06
DiffEv reached_goal. cost=1.80778e-03 spread=2.83523e-06
Fitted parameter values
Free:
       pc1 = 0.784428
       pc2 = -2.59835
       pc3 = -3.87442
       pc4 = -1.88283
       pc5 = 1.74965
       pc6 = 0.757569
       pc7 = 1.82513
       pc8 = -1.43512
       pc9 = 0.180903
      pc10 = -0.346562
      pc11 = 0.0996281
      pc12 = -0.0615472
      pc13 = 0.069338
      pc14 = 0.0414509
      pc15 = -0.0342649
      pc16 = 0.00467027
      pc17 = 0.0528055
      pc18 = -0.0443831
Constrained:
   Tgbecnw = 81019.5
     Tecnw = 24170.6
       Tnw = 11906
       Tec = 13413.2
     twoNb = 465017
     twoNe = 487438
     twoNc = 1.7007e+06
     twoNw = 2.37222e+06
    twoNec = 78486.9
    twoNnw = 66844.3
  twoNecnw = 73323.6
  twoNbecnw = 2550.87
  twoNgbecnw = 279457
         m = 0.118761
        m2 = 0.0248413
        m4 = 0.00190728
        m5 = 0.17042
        m6 = 0.00236753
        Tb = 18791.9
        Ta = 46996
        Td = 6706.59
        Te = 3353.3
        Tf = 1676.65
#       SitePat  BranchLen
              b 123655.2132842
              e 48102.2897540
              c 50487.1651998
              n 45616.9716221
              w 45589.8548092
            b:e 2180.1335175
            b:c 2481.7459897
            b:n 1743.3672308
            b:w 1741.6041471
            e:c 10345.5271431
            e:n 5498.8538481
            e:w 5525.4227164
            c:n 4844.7125306
            c:w 4839.3552362
            n:w 12453.4354586
          b:e:c 2001.4592674
          b:e:n 1084.2177926
          b:e:w 1085.9204244
          b:c:n 1095.6731610
          b:c:w 1093.7967480
          b:n:w 1973.5836239
          e:c:n 4615.0671040
          e:c:w 4620.9723430
          e:n:w 6387.5620142
          c:n:w 5413.8503820
        b:e:c:n 2010.8868326
        b:e:c:w 2012.8236974
        b:e:n:w 3124.8543933
        b:c:n:w 2732.9551338
        e:c:n:w 51422.2447236
