########################################
# legofit: estimate population history #
#       version 2.3.4-4-g53f8760       #
########################################

# Program was compiled: Sep 21 2021 14:36:42
# Program was run: Wed Oct 13 02:53:42 2021

# cmd: legofit -1 -d 0 -t 56 --ptsPerDim 3 --stateOut b1boot29.state --tol 3e-6 -S 5000 abdef2.lgo ../../boot/boot29.opf
# Stage nOptItr nSimReps
#     0    5000        0
# algorithm          : deterministic
# ignoring probs <=  : 0
# Branch length floor: 0
# DE strategy        : 2
#    F               : 0.3
#    CR              : 0.8
#    tolerance       : 3e-06
# nthreads           : 54
# lgo input file     : abdef2.lgo
# site pat input file: ../../boot/boot29.opf
# free parameters    : 18
# points in DE swarm : 54
# output state file  : b1boot29.state
# Including singleton site patterns.
# cost function      : KL
Initial parameter values
Fixed:
      zero = 0
       one = 1
    Tbecnw = 75200
Free:
       pc1 = 0
       pc2 = 0
       pc3 = 0
       pc4 = 0
       pc5 = 0
       pc6 = 0
       pc7 = 0
       pc8 = 0
       pc9 = 0
      pc10 = 0
      pc11 = 0
      pc12 = 0
      pc13 = 0
      pc14 = 0
      pc15 = 0
      pc16 = 0
      pc17 = 0
      pc18 = 0
Constrained:
   Tgbecnw = 94139
     Tecnw = 25604.5
       Tnw = 9401.77
       Tec = 16696.5
     twoNb = 1.13302e+06
     twoNe = 731022
     twoNc = 1.60319e+06
     twoNw = 1.42883e+06
    twoNec = 59815.2
    twoNnw = 89814
  twoNecnw = 76175.8
  twoNbecnw = 8633.29
  twoNgbecnw = 236698
         m = 0.158855
        m2 = 0.0266004
        m4 = 0.00195564
        m5 = 0.179519
        m6 = 0.0105833
        Tb = 21150.5
        Ta = 48175.2
        Td = 8348.23
        Te = 4174.11
        Tf = 2087.06
DiffEv reached_goal. cost=1.79746e-03 spread=2.88938e-06
Fitted parameter values
Free:
       pc1 = 0.651876
       pc2 = -2.50165
       pc3 = -3.6607
       pc4 = -1.28549
       pc5 = 1.53279
       pc6 = 0.890844
       pc7 = 1.95473
       pc8 = -0.632346
       pc9 = 0.204972
      pc10 = -0.328339
      pc11 = 0.155904
      pc12 = 0.157032
      pc13 = 0.107149
      pc14 = 0.0099742
      pc15 = 0.0202946
      pc16 = 0.0346123
      pc17 = -0.010336
      pc18 = -0.0209124
Constrained:
   Tgbecnw = 80978.6
     Tecnw = 24347.8
       Tnw = 11252.9
       Tec = 14146.5
     twoNb = 562918
     twoNe = 351317
     twoNc = 1.69307e+06
     twoNw = 2.04101e+06
    twoNec = 72901.2
    twoNnw = 70528.4
  twoNecnw = 72806.5
  twoNbecnw = 2545.01
  twoNgbecnw = 273482
         m = 0.12321
        m2 = 0.0249173
        m4 = 0.00229719
        m5 = 0.171531
        m6 = 0.00468033
        Tb = 19247.2
        Ta = 47223.6
        Td = 7073.25
        Te = 3536.62
        Tf = 1768.31
#       SitePat  BranchLen
              b 123987.2364772
              e 48099.3123390
              c 50528.3370269
              n 45506.4672819
              w 45477.3076332
            b:e 2135.7238714
            b:c 2435.3808516
            b:n 1717.7627303
            b:w 1715.9011905
            e:c 10317.0179638
            e:n 5469.1492897
            e:w 5497.1401279
            c:n 4805.5707441
            c:w 4800.4386309
            n:w 12513.8744395
          b:e:c 1975.3076946
          b:e:n 1064.7119359
          b:e:w 1066.4468746
          b:c:n 1075.8584891
          b:c:w 1073.9436032
          b:n:w 1953.8280197
          e:c:n 4590.5118833
          e:c:w 4596.8128072
          e:n:w 6366.7841588
          c:n:w 5384.1785510
        b:e:c:n 1976.0903813
        b:e:c:w 1978.1318682
        b:e:n:w 3112.7929869
        b:c:n:w 2708.3535958
        e:c:n:w 51731.5367500
