########################################
# legofit: estimate population history #
#       version 2.3.4-4-g53f8760       #
########################################

# Program was compiled: Sep 21 2021 14:36:42
# Program was run: Wed Oct 13 03:11:56 2021

# cmd: legofit -1 -d 0 -t 56 --ptsPerDim 3 --stateOut b1boot45.state --tol 3e-6 -S 5000 abdef2.lgo ../../boot/boot45.opf
# Stage nOptItr nSimReps
#     0    5000        0
# algorithm          : deterministic
# ignoring probs <=  : 0
# Branch length floor: 0
# DE strategy        : 2
#    F               : 0.3
#    CR              : 0.8
#    tolerance       : 3e-06
# nthreads           : 54
# lgo input file     : abdef2.lgo
# site pat input file: ../../boot/boot45.opf
# free parameters    : 18
# points in DE swarm : 54
# output state file  : b1boot45.state
# Including singleton site patterns.
# cost function      : KL
Initial parameter values
Fixed:
      zero = 0
       one = 1
    Tbecnw = 75200
Free:
       pc1 = 0
       pc2 = 0
       pc3 = 0
       pc4 = 0
       pc5 = 0
       pc6 = 0
       pc7 = 0
       pc8 = 0
       pc9 = 0
      pc10 = 0
      pc11 = 0
      pc12 = 0
      pc13 = 0
      pc14 = 0
      pc15 = 0
      pc16 = 0
      pc17 = 0
      pc18 = 0
Constrained:
   Tgbecnw = 94139
     Tecnw = 25604.5
       Tnw = 9401.77
       Tec = 16696.5
     twoNb = 1.13302e+06
     twoNe = 731022
     twoNc = 1.60319e+06
     twoNw = 1.42883e+06
    twoNec = 59815.2
    twoNnw = 89814
  twoNecnw = 76175.8
  twoNbecnw = 8633.29
  twoNgbecnw = 236698
         m = 0.158855
        m2 = 0.0266004
        m4 = 0.00195564
        m5 = 0.179519
        m6 = 0.0105833
        Tb = 21150.5
        Ta = 48175.2
        Td = 8348.23
        Te = 4174.11
        Tf = 2087.06
DiffEv reached_goal. cost=1.82009e-03 spread=2.67571e-06
Fitted parameter values
Free:
       pc1 = 2.03111
       pc2 = -3.86388
       pc3 = -3.59635
       pc4 = -2.19706
       pc5 = 1.69408
       pc6 = 0.441182
       pc7 = 1.96181
       pc8 = -0.108447
       pc9 = 0.632404
      pc10 = -0.365222
      pc11 = -0.612187
      pc12 = 0.526705
      pc13 = 0.205649
      pc14 = -0.0290039
      pc15 = 0.0558539
      pc16 = -0.0232014
      pc17 = -0.0596636
      pc18 = -0.111683
Constrained:
   Tgbecnw = 79171
     Tecnw = 23714.6
       Tnw = 12267.3
       Tec = 16438.1
     twoNb = 493893
     twoNe = 555627
     twoNc = 1.87033e+06
     twoNw = 2.2937e+06
    twoNec = 51848.6
    twoNnw = 61650.5
  twoNecnw = 74016.4
  twoNbecnw = 1713.92
  twoNgbecnw = 288814
         m = 0.115516
        m2 = 0.0235726
        m4 = 0.00217997
        m5 = 0.16861
        m6 = 0.00106491
        Tb = 20076.3
        Ta = 47638.2
        Td = 8219.05
        Te = 4109.53
        Tf = 2054.76
#       SitePat  BranchLen
              b 123230.5585990
              e 47827.0869315
              c 50214.0399588
              n 45284.9288168
              w 45259.2527247
            b:e 2115.9275312
            b:c 2412.1421432
            b:n 1714.8698867
            b:w 1713.1946643
            e:c 10258.6209201
            e:n 5454.8936759
            e:w 5480.3191666
            c:n 4803.7922914
            c:w 4798.3747688
            n:w 12453.9642983
          b:e:c 1979.4373233
          b:e:n 1061.6447418
          b:e:w 1063.2923763
          b:c:n 1073.0470919
          b:c:w 1071.2315217
          b:n:w 1954.8592109
          e:c:n 4585.3816830
          e:c:w 4591.0498072
          e:n:w 6314.4147122
          c:n:w 5338.9120434
        b:e:c:n 1981.9351512
        b:e:c:w 1983.7783093
        b:e:n:w 3069.0997383
        b:c:n:w 2675.1389786
        e:c:n:w 51333.2755004
