########################################
# legofit: estimate population history #
#       version 2.3.4-4-g53f8760       #
########################################

# Program was compiled: Sep 21 2021 14:36:42
# Program was run: Wed Oct 13 03:14:58 2021

# cmd: legofit -1 -d 0 -t 56 --ptsPerDim 3 --stateOut b1boot46.state --tol 3e-6 -S 5000 abdef2.lgo ../../boot/boot46.opf
# Stage nOptItr nSimReps
#     0    5000        0
# algorithm          : deterministic
# ignoring probs <=  : 0
# Branch length floor: 0
# DE strategy        : 2
#    F               : 0.3
#    CR              : 0.8
#    tolerance       : 3e-06
# nthreads           : 54
# lgo input file     : abdef2.lgo
# site pat input file: ../../boot/boot46.opf
# free parameters    : 18
# points in DE swarm : 54
# output state file  : b1boot46.state
# Including singleton site patterns.
# cost function      : KL
Initial parameter values
Fixed:
      zero = 0
       one = 1
    Tbecnw = 75200
Free:
       pc1 = 0
       pc2 = 0
       pc3 = 0
       pc4 = 0
       pc5 = 0
       pc6 = 0
       pc7 = 0
       pc8 = 0
       pc9 = 0
      pc10 = 0
      pc11 = 0
      pc12 = 0
      pc13 = 0
      pc14 = 0
      pc15 = 0
      pc16 = 0
      pc17 = 0
      pc18 = 0
Constrained:
   Tgbecnw = 94139
     Tecnw = 25604.5
       Tnw = 9401.77
       Tec = 16696.5
     twoNb = 1.13302e+06
     twoNe = 731022
     twoNc = 1.60319e+06
     twoNw = 1.42883e+06
    twoNec = 59815.2
    twoNnw = 89814
  twoNecnw = 76175.8
  twoNbecnw = 8633.29
  twoNgbecnw = 236698
         m = 0.158855
        m2 = 0.0266004
        m4 = 0.00195564
        m5 = 0.179519
        m6 = 0.0105833
        Tb = 21150.5
        Ta = 48175.2
        Td = 8348.23
        Te = 4174.11
        Tf = 2087.06
DiffEv reached_goal. cost=1.72626e-03 spread=2.34215e-06
Fitted parameter values
Free:
       pc1 = -0.441013
       pc2 = -1.84395
       pc3 = -3.74403
       pc4 = -1.32342
       pc5 = 1.51745
       pc6 = 1.23313
       pc7 = 1.95742
       pc8 = -1.56872
       pc9 = 0.177029
      pc10 = 0.139855
      pc11 = -0.286984
      pc12 = 0.243178
      pc13 = 0.0448124
      pc14 = -0.163441
      pc15 = 0.0263698
      pc16 = -0.00862718
      pc17 = -0.0532999
      pc18 = -0.00333001
Constrained:
   Tgbecnw = 81796.9
     Tecnw = 24590.6
       Tnw = 9670.32
       Tec = 12777.5
     twoNb = 607151
     twoNe = 218313
     twoNc = 1.26242e+06
     twoNw = 2.45901e+06
    twoNec = 84957.8
    twoNnw = 81568.3
  twoNecnw = 71797.4
  twoNbecnw = 2925.7
  twoNgbecnw = 272239
         m = 0.121242
        m2 = 0.025121
        m4 = 0.00191768
        m5 = 0.173327
        m6 = 0.00452995
        Tb = 18684.1
        Ta = 46942
        Td = 6388.76
        Te = 3194.38
        Tf = 1597.19
#       SitePat  BranchLen
              b 123888.8059580
              e 48079.8356722
              c 50527.1897700
              n 45491.7182976
              w 45470.7363426
            b:e 2155.8262788
            b:c 2449.7947881
            b:n 1743.5620522
            b:w 1742.2322992
            e:c 10360.4124411
            e:n 5511.0557894
            e:w 5531.2235808
            c:n 4828.7690203
            c:w 4825.1184433
            n:w 12569.2242982
          b:e:c 1989.9457465
          b:e:n 1081.1572672
          b:e:w 1082.3991631
          b:c:n 1091.5430117
          b:c:w 1090.1753228
          b:n:w 1969.6826509
          e:c:n 4633.8091389
          e:c:w 4638.2738793
          e:n:w 6390.9562702
          c:n:w 5416.0148447
        b:e:c:n 2000.9011887
        b:e:c:w 2002.3567347
        b:e:n:w 3125.9108832
        b:c:n:w 2729.7596188
        e:c:n:w 51559.9892795
