########################################
# legofit: estimate population history #
#       version 2.3.4-4-g53f8760       #
########################################

# Program was compiled: Sep 21 2021 14:36:42
# Program was run: Wed Oct 13 02:56:45 2021

# cmd: legofit -1 -d 0 -t 56 --ptsPerDim 3 --stateOut b1boot31.state --tol 3e-6 -S 5000 abdef2.lgo ../../boot/boot31.opf
# Stage nOptItr nSimReps
#     0    5000        0
# algorithm          : deterministic
# ignoring probs <=  : 0
# Branch length floor: 0
# DE strategy        : 2
#    F               : 0.3
#    CR              : 0.8
#    tolerance       : 3e-06
# nthreads           : 54
# lgo input file     : abdef2.lgo
# site pat input file: ../../boot/boot31.opf
# free parameters    : 18
# points in DE swarm : 54
# output state file  : b1boot31.state
# Including singleton site patterns.
# cost function      : KL
Initial parameter values
Fixed:
      zero = 0
       one = 1
    Tbecnw = 75200
Free:
       pc1 = 0
       pc2 = 0
       pc3 = 0
       pc4 = 0
       pc5 = 0
       pc6 = 0
       pc7 = 0
       pc8 = 0
       pc9 = 0
      pc10 = 0
      pc11 = 0
      pc12 = 0
      pc13 = 0
      pc14 = 0
      pc15 = 0
      pc16 = 0
      pc17 = 0
      pc18 = 0
Constrained:
   Tgbecnw = 94139
     Tecnw = 25604.5
       Tnw = 9401.77
       Tec = 16696.5
     twoNb = 1.13302e+06
     twoNe = 731022
     twoNc = 1.60319e+06
     twoNw = 1.42883e+06
    twoNec = 59815.2
    twoNnw = 89814
  twoNecnw = 76175.8
  twoNbecnw = 8633.29
  twoNgbecnw = 236698
         m = 0.158855
        m2 = 0.0266004
        m4 = 0.00195564
        m5 = 0.179519
        m6 = 0.0105833
        Tb = 21150.5
        Ta = 48175.2
        Td = 8348.23
        Te = 4174.11
        Tf = 2087.06
DiffEv reached_goal. cost=1.77058e-03 spread=2.74287e-06
Fitted parameter values
Free:
       pc1 = 0.193072
       pc2 = -3.2761
       pc3 = -3.88726
       pc4 = -0.767822
       pc5 = 1.91918
       pc6 = 0.773091
       pc7 = 1.10854
       pc8 = -1.32939
       pc9 = 0.357873
      pc10 = 0.436531
      pc11 = -0.125845
      pc12 = -0.227177
      pc13 = -0.0591996
      pc14 = -0.189282
      pc15 = 0.0152514
      pc16 = 0.0188961
      pc17 = -0.0150169
      pc18 = -0.0716514
Constrained:
   Tgbecnw = 78910.7
     Tecnw = 24054
       Tnw = 9958.5
       Tec = 13784.1
     twoNb = 705323
     twoNe = 865425
     twoNc = 2.79947e+06
     twoNw = 2.23824e+06
    twoNec = 73069
    twoNnw = 78545.2
  twoNecnw = 72793
  twoNbecnw = 1660.16
  twoNgbecnw = 271264
         m = 0.121941
        m2 = 0.0259752
        m4 = 0.00180344
        m5 = 0.170907
        m6 = 0.00199501
        Tb = 18919.1
        Ta = 47059.5
        Td = 6892.04
        Te = 3446.02
        Tf = 1723.01
#       SitePat  BranchLen
              b 123067.9714031
              e 47841.3650165
              c 50250.1746592
              n 45335.3279086
              w 45313.0903155
            b:e 2133.6292637
            b:c 2418.4924641
            b:n 1739.9633632
            b:w 1738.5435172
            e:c 10337.7153655
            e:n 5495.5058186
            e:w 5517.3445120
            c:n 4826.5275733
            c:w 4822.1598298
            n:w 12467.6957532
          b:e:c 1981.7456048
          b:e:n 1077.7384392
          b:e:w 1079.1149794
          b:c:n 1088.2588371
          b:c:w 1086.7438288
          b:n:w 1965.0732073
          e:c:n 4623.1244001
          e:c:w 4627.8910431
          e:n:w 6314.2516533
          c:n:w 5360.6648697
        b:e:c:n 2004.4671193
        b:e:c:w 2006.0254335
        b:e:n:w 3135.3924874
        b:c:n:w 2741.3200210
        e:c:n:w 51089.1691988
