########################################
# legofit: estimate population history #
#       version 2.3.4-4-g53f8760       #
########################################

# Program was compiled: Sep 21 2021 14:36:42
# Program was run: Wed Oct 13 02:47:38 2021

# cmd: legofit -1 -d 0 -t 56 --ptsPerDim 3 --stateOut b1boot24.state --tol 3e-6 -S 5000 abdef2.lgo ../../boot/boot24.opf
# Stage nOptItr nSimReps
#     0    5000        0
# algorithm          : deterministic
# ignoring probs <=  : 0
# Branch length floor: 0
# DE strategy        : 2
#    F               : 0.3
#    CR              : 0.8
#    tolerance       : 3e-06
# nthreads           : 54
# lgo input file     : abdef2.lgo
# site pat input file: ../../boot/boot24.opf
# free parameters    : 18
# points in DE swarm : 54
# output state file  : b1boot24.state
# Including singleton site patterns.
# cost function      : KL
Initial parameter values
Fixed:
      zero = 0
       one = 1
    Tbecnw = 75200
Free:
       pc1 = 0
       pc2 = 0
       pc3 = 0
       pc4 = 0
       pc5 = 0
       pc6 = 0
       pc7 = 0
       pc8 = 0
       pc9 = 0
      pc10 = 0
      pc11 = 0
      pc12 = 0
      pc13 = 0
      pc14 = 0
      pc15 = 0
      pc16 = 0
      pc17 = 0
      pc18 = 0
Constrained:
   Tgbecnw = 94139
     Tecnw = 25604.5
       Tnw = 9401.77
       Tec = 16696.5
     twoNb = 1.13302e+06
     twoNe = 731022
     twoNc = 1.60319e+06
     twoNw = 1.42883e+06
    twoNec = 59815.2
    twoNnw = 89814
  twoNecnw = 76175.8
  twoNbecnw = 8633.29
  twoNgbecnw = 236698
         m = 0.158855
        m2 = 0.0266004
        m4 = 0.00195564
        m5 = 0.179519
        m6 = 0.0105833
        Tb = 21150.5
        Ta = 48175.2
        Td = 8348.23
        Te = 4174.11
        Tf = 2087.06
DiffEv reached_goal. cost=1.79700e-03 spread=2.86933e-06
Fitted parameter values
Free:
       pc1 = -0.404597
       pc2 = -1.63452
       pc3 = -3.60618
       pc4 = -1.72209
       pc5 = 1.81179
       pc6 = 0.915317
       pc7 = 1.91686
       pc8 = -0.748428
       pc9 = 0.207624
      pc10 = 0.0542187
      pc11 = -0.659104
      pc12 = 0.228459
      pc13 = -0.230386
      pc14 = -0.0536849
      pc15 = -0.0580234
      pc16 = 0.0670221
      pc17 = -0.0246834
      pc18 = -0.0403434
Constrained:
   Tgbecnw = 82875.4
     Tecnw = 24645.9
       Tnw = 9774.89
       Tec = 13402.3
     twoNb = 497562
     twoNe = 332149
     twoNc = 1.99337e+06
     twoNw = 2.55697e+06
    twoNec = 79899.9
    twoNnw = 81838.2
  twoNecnw = 72859.4
  twoNbecnw = 3283.25
  twoNgbecnw = 289649
         m = 0.115152
        m2 = 0.0245292
        m4 = 0.00231382
        m5 = 0.177074
        m6 = 0.00593325
        Tb = 19024.1
        Ta = 47112.1
        Td = 6701.14
        Te = 3350.57
        Tf = 1675.28
#       SitePat  BranchLen
              b 124267.3627749
              e 48246.4481058
              c 50731.8245504
              n 45738.6074603
              w 45717.9007311
            b:e 2155.1731020
            b:c 2462.1389788
            b:n 1744.9866542
            b:w 1743.6769707
            e:c 10355.8769843
            e:n 5531.4398907
            e:w 5551.1144861
            c:n 4835.7328599
            c:w 4832.3720404
            n:w 12549.5322674
          b:e:c 1990.5459857
          b:e:n 1082.7520575
          b:e:w 1083.9504499
          b:c:n 1093.7613265
          b:c:w 1092.4357267
          b:n:w 1967.0546811
          e:c:n 4620.9019954
          e:c:w 4625.2949486
          e:n:w 6359.6454122
          c:n:w 5371.4080201
        b:e:c:n 2009.3452087
        b:e:c:w 2010.7820996
        b:e:n:w 3127.2532296
        b:c:n:w 2718.1031509
        e:c:n:w 51798.7987504
