########################################
# legofit: estimate population history #
#       version 2.3.4-4-g53f8760       #
########################################

# Program was compiled: Sep 21 2021 14:36:42
# Program was run: Wed Oct 13 02:59:47 2021

# cmd: legofit -1 -d 0 -t 56 --ptsPerDim 3 --stateOut b1boot33.state --tol 3e-6 -S 5000 abdef2.lgo ../../boot/boot33.opf
# Stage nOptItr nSimReps
#     0    5000        0
# algorithm          : deterministic
# ignoring probs <=  : 0
# Branch length floor: 0
# DE strategy        : 2
#    F               : 0.3
#    CR              : 0.8
#    tolerance       : 3e-06
# nthreads           : 54
# lgo input file     : abdef2.lgo
# site pat input file: ../../boot/boot33.opf
# free parameters    : 18
# points in DE swarm : 54
# output state file  : b1boot33.state
# Including singleton site patterns.
# cost function      : KL
Initial parameter values
Fixed:
      zero = 0
       one = 1
    Tbecnw = 75200
Free:
       pc1 = 0
       pc2 = 0
       pc3 = 0
       pc4 = 0
       pc5 = 0
       pc6 = 0
       pc7 = 0
       pc8 = 0
       pc9 = 0
      pc10 = 0
      pc11 = 0
      pc12 = 0
      pc13 = 0
      pc14 = 0
      pc15 = 0
      pc16 = 0
      pc17 = 0
      pc18 = 0
Constrained:
   Tgbecnw = 94139
     Tecnw = 25604.5
       Tnw = 9401.77
       Tec = 16696.5
     twoNb = 1.13302e+06
     twoNe = 731022
     twoNc = 1.60319e+06
     twoNw = 1.42883e+06
    twoNec = 59815.2
    twoNnw = 89814
  twoNecnw = 76175.8
  twoNbecnw = 8633.29
  twoNgbecnw = 236698
         m = 0.158855
        m2 = 0.0266004
        m4 = 0.00195564
        m5 = 0.179519
        m6 = 0.0105833
        Tb = 21150.5
        Ta = 48175.2
        Td = 8348.23
        Te = 4174.11
        Tf = 2087.06
DiffEv reached_goal. cost=1.75692e-03 spread=1.87874e-06
Fitted parameter values
Free:
       pc1 = 0.519053
       pc2 = -3.71411
       pc3 = -3.78958
       pc4 = -1.79918
       pc5 = 1.7582
       pc6 = 1.11034
       pc7 = 1.97994
       pc8 = -1.30766
       pc9 = 0.638747
      pc10 = 0.252377
      pc11 = -0.0640891
      pc12 = -0.152509
      pc13 = 0.217537
      pc14 = 0.136475
      pc15 = -0.031021
      pc16 = -0.00348724
      pc17 = -0.0368472
      pc18 = -0.0585656
Constrained:
   Tgbecnw = 78212.9
     Tecnw = 23919.6
       Tnw = 11111.9
       Tec = 14310
     twoNb = 593958
     twoNe = 405376
     twoNc = 1.47034e+06
     twoNw = 2.53796e+06
    twoNec = 68581.2
    twoNnw = 69211.5
  twoNecnw = 72507.3
  twoNbecnw = 1285.76
  twoNgbecnw = 299255
         m = 0.110453
        m2 = 0.0255325
        m4 = 0.00178662
        m5 = 0.168893
        m6 = 0.00353637
        Tb = 19114.8
        Ta = 47157.4
        Td = 7154.99
        Te = 3577.49
        Tf = 1788.75
#       SitePat  BranchLen
              b 122929.2815710
              e 47667.4932195
              c 50032.2228054
              n 45056.0583021
              w 45033.8979337
            b:e 2109.3715223
            b:c 2391.9318118
            b:n 1701.1270431
            b:w 1699.7111746
            e:c 10258.3057153
            e:n 5427.2543180
            e:w 5448.7226513
            c:n 4776.7614713
            c:w 4772.6510630
            n:w 12438.4842256
          b:e:c 1961.3281889
          b:e:n 1055.3494347
          b:e:w 1056.6902638
          b:c:n 1065.9684593
          b:c:w 1064.4871023
          b:n:w 1940.4128883
          e:c:n 4556.3161331
          e:c:w 4561.1185765
          e:n:w 6287.7634230
          c:n:w 5336.6923814
        b:e:c:n 1964.5052090
        b:e:c:w 1966.0616055
        b:e:n:w 3101.6575552
        b:c:n:w 2713.5872244
        e:c:n:w 51299.5335310
