########################################
# legofit: estimate population history #
#       version 2.3.4-4-g53f8760       #
########################################

# Program was compiled: Sep 21 2021 14:36:42
# Program was run: Wed Oct 13 03:11:56 2021

# cmd: legofit -1 -d 0 -t 56 --ptsPerDim 3 --stateOut b1boot44.state --tol 3e-6 -S 5000 abdef2.lgo ../../boot/boot44.opf
# Stage nOptItr nSimReps
#     0    5000        0
# algorithm          : deterministic
# ignoring probs <=  : 0
# Branch length floor: 0
# DE strategy        : 2
#    F               : 0.3
#    CR              : 0.8
#    tolerance       : 3e-06
# nthreads           : 54
# lgo input file     : abdef2.lgo
# site pat input file: ../../boot/boot44.opf
# free parameters    : 18
# points in DE swarm : 54
# output state file  : b1boot44.state
# Including singleton site patterns.
# cost function      : KL
Initial parameter values
Fixed:
      zero = 0
       one = 1
    Tbecnw = 75200
Free:
       pc1 = 0
       pc2 = 0
       pc3 = 0
       pc4 = 0
       pc5 = 0
       pc6 = 0
       pc7 = 0
       pc8 = 0
       pc9 = 0
      pc10 = 0
      pc11 = 0
      pc12 = 0
      pc13 = 0
      pc14 = 0
      pc15 = 0
      pc16 = 0
      pc17 = 0
      pc18 = 0
Constrained:
   Tgbecnw = 94139
     Tecnw = 25604.5
       Tnw = 9401.77
       Tec = 16696.5
     twoNb = 1.13302e+06
     twoNe = 731022
     twoNc = 1.60319e+06
     twoNw = 1.42883e+06
    twoNec = 59815.2
    twoNnw = 89814
  twoNecnw = 76175.8
  twoNbecnw = 8633.29
  twoNgbecnw = 236698
         m = 0.158855
        m2 = 0.0266004
        m4 = 0.00195564
        m5 = 0.179519
        m6 = 0.0105833
        Tb = 21150.5
        Ta = 48175.2
        Td = 8348.23
        Te = 4174.11
        Tf = 2087.06
DiffEv reached_goal. cost=1.77781e-03 spread=2.47783e-06
Fitted parameter values
Free:
       pc1 = -0.03643
       pc2 = -2.33061
       pc3 = -3.93921
       pc4 = -2.53056
       pc5 = 1.91202
       pc6 = 1.03729
       pc7 = 1.97505
       pc8 = -1.64156
       pc9 = 0.563689
      pc10 = 0.191404
      pc11 = -0.122903
      pc12 = 0.322237
      pc13 = -0.28331
      pc14 = -0.0168244
      pc15 = -0.00430275
      pc16 = 0.000833015
      pc17 = -0.0196445
      pc18 = -0.0662485
Constrained:
   Tgbecnw = 81311.8
     Tecnw = 24378.4
       Tnw = 11160.5
       Tec = 13085.9
     twoNb = 548531
     twoNe = 339391
     twoNc = 1.53668e+06
     twoNw = 2.93202e+06
    twoNec = 81013.3
    twoNnw = 72111.2
  twoNecnw = 71227.1
  twoNbecnw = 2601.73
  twoNgbecnw = 298673
         m = 0.107287
        m2 = 0.0247641
        m4 = 0.00188088
        m5 = 0.174441
        m6 = 0.00026613
        Tb = 18732.1
        Ta = 46966.1
        Td = 6542.96
        Te = 3271.48
        Tf = 1635.74
#       SitePat  BranchLen
              b 123058.7394761
              e 47760.0059638
              c 50223.3358197
              n 45334.3511221
              w 45313.8808079
            b:e 2127.9607888
            b:c 2427.3363052
            b:n 1726.6667791
            b:w 1725.3536493
            e:c 10316.0101079
            e:n 5471.3888347
            e:w 5491.8126989
            c:n 4791.3923736
            c:w 4787.0214431
            n:w 12399.0011404
          b:e:c 1975.9353478
          b:e:n 1069.6402491
          b:e:w 1070.9483201
          b:c:n 1080.5337179
          b:c:w 1079.0996409
          b:n:w 1953.1055821
          e:c:n 4614.1566011
          e:c:w 4618.5739814
          e:n:w 6362.6380569
          c:n:w 5367.0162364
        b:e:c:n 1984.1343204
        b:e:c:w 1985.5734562
        b:e:n:w 3096.0946331
        b:c:n:w 2694.7539417
        e:c:n:w 51111.0031173
