########################################
# legofit: estimate population history #
#       version 2.3.4-4-g53f8760       #
########################################

# Program was compiled: Sep 21 2021 14:36:42
# Program was run: Wed Oct 13 03:05:50 2021

# cmd: legofit -1 -d 0 -t 56 --ptsPerDim 3 --stateOut b1boot38.state --tol 3e-6 -S 5000 abdef2.lgo ../../boot/boot38.opf
# Stage nOptItr nSimReps
#     0    5000        0
# algorithm          : deterministic
# ignoring probs <=  : 0
# Branch length floor: 0
# DE strategy        : 2
#    F               : 0.3
#    CR              : 0.8
#    tolerance       : 3e-06
# nthreads           : 54
# lgo input file     : abdef2.lgo
# site pat input file: ../../boot/boot38.opf
# free parameters    : 18
# points in DE swarm : 54
# output state file  : b1boot38.state
# Including singleton site patterns.
# cost function      : KL
Initial parameter values
Fixed:
      zero = 0
       one = 1
    Tbecnw = 75200
Free:
       pc1 = 0
       pc2 = 0
       pc3 = 0
       pc4 = 0
       pc5 = 0
       pc6 = 0
       pc7 = 0
       pc8 = 0
       pc9 = 0
      pc10 = 0
      pc11 = 0
      pc12 = 0
      pc13 = 0
      pc14 = 0
      pc15 = 0
      pc16 = 0
      pc17 = 0
      pc18 = 0
Constrained:
   Tgbecnw = 94139
     Tecnw = 25604.5
       Tnw = 9401.77
       Tec = 16696.5
     twoNb = 1.13302e+06
     twoNe = 731022
     twoNc = 1.60319e+06
     twoNw = 1.42883e+06
    twoNec = 59815.2
    twoNnw = 89814
  twoNecnw = 76175.8
  twoNbecnw = 8633.29
  twoNgbecnw = 236698
         m = 0.158855
        m2 = 0.0266004
        m4 = 0.00195564
        m5 = 0.179519
        m6 = 0.0105833
        Tb = 21150.5
        Ta = 48175.2
        Td = 8348.23
        Te = 4174.11
        Tf = 2087.06
DiffEv reached_goal. cost=1.76706e-03 spread=2.94522e-06
Fitted parameter values
Free:
       pc1 = 0.448644
       pc2 = -3.23787
       pc3 = -3.24457
       pc4 = -1.93896
       pc5 = 1.77408
       pc6 = 0.745076
       pc7 = 1.82814
       pc8 = -1.20691
       pc9 = 0.270226
      pc10 = 1.46014
      pc11 = 0.118105
      pc12 = -0.450106
      pc13 = -0.177644
      pc14 = 0.056713
      pc15 = -0.100543
      pc16 = 0.10471
      pc17 = 0.0192782
      pc18 = -0.0579867
Constrained:
   Tgbecnw = 80742.9
     Tecnw = 24018.5
       Tnw = 10693.1
       Tec = 14650.8
     twoNb = 513473
     twoNe = 603272
     twoNc = 1.55735e+06
     twoNw = 3.00221e+06
    twoNec = 66694.9
    twoNnw = 73558.3
  twoNecnw = 73450.8
  twoNbecnw = 2386.4
  twoNgbecnw = 285624
         m = 0.117144
        m2 = 0.0265963
        m4 = 0.0021925
        m5 = 0.169218
        m6 = 0.000596635
        Tb = 19334.6
        Ta = 47267.3
        Td = 7325.39
        Te = 3662.69
        Tf = 1831.35
#       SitePat  BranchLen
              b 123555.9481062
              e 48024.4781354
              c 50446.7177096
              n 45455.8956541
              w 45438.4972852
            b:e 2139.1484206
            b:c 2439.2177273
            b:n 1712.2339935
            b:w 1711.1312558
            e:c 10311.0293477
            e:n 5482.5686274
            e:w 5499.8718955
            c:n 4811.2076054
            c:w 4807.5637412
            n:w 12492.9540769
          b:e:c 1965.9784313
          b:e:n 1061.4955721
          b:e:w 1062.5880700
          b:c:n 1072.2312373
          b:c:w 1071.0292404
          b:n:w 1943.6355553
          e:c:n 4590.5045231
          e:c:w 4594.2434880
          e:n:w 6325.9150869
          c:n:w 5354.7103449
        b:e:c:n 1977.0009719
        b:e:c:w 1978.2132086
        b:e:n:w 3139.2947074
        b:c:n:w 2732.6828237
        e:c:n:w 51409.4991810
