########################################
# legofit: estimate population history #
#       version 2.3.4-4-g53f8760       #
########################################

# Program was compiled: Sep 21 2021 14:36:42
# Program was run: Wed Oct 13 02:29:19 2021

# cmd: legofit -1 -d 0 -t 56 --ptsPerDim 3 --stateOut b1boot10.state --tol 3e-6 -S 5000 abdef2.lgo ../../boot/boot10.opf
# Stage nOptItr nSimReps
#     0    5000        0
# algorithm          : deterministic
# ignoring probs <=  : 0
# Branch length floor: 0
# DE strategy        : 2
#    F               : 0.3
#    CR              : 0.8
#    tolerance       : 3e-06
# nthreads           : 54
# lgo input file     : abdef2.lgo
# site pat input file: ../../boot/boot10.opf
# free parameters    : 18
# points in DE swarm : 54
# output state file  : b1boot10.state
# Including singleton site patterns.
# cost function      : KL
Initial parameter values
Fixed:
      zero = 0
       one = 1
    Tbecnw = 75200
Free:
       pc1 = 0
       pc2 = 0
       pc3 = 0
       pc4 = 0
       pc5 = 0
       pc6 = 0
       pc7 = 0
       pc8 = 0
       pc9 = 0
      pc10 = 0
      pc11 = 0
      pc12 = 0
      pc13 = 0
      pc14 = 0
      pc15 = 0
      pc16 = 0
      pc17 = 0
      pc18 = 0
Constrained:
   Tgbecnw = 94139
     Tecnw = 25604.5
       Tnw = 9401.77
       Tec = 16696.5
     twoNb = 1.13302e+06
     twoNe = 731022
     twoNc = 1.60319e+06
     twoNw = 1.42883e+06
    twoNec = 59815.2
    twoNnw = 89814
  twoNecnw = 76175.8
  twoNbecnw = 8633.29
  twoNgbecnw = 236698
         m = 0.158855
        m2 = 0.0266004
        m4 = 0.00195564
        m5 = 0.179519
        m6 = 0.0105833
        Tb = 21150.5
        Ta = 48175.2
        Td = 8348.23
        Te = 4174.11
        Tf = 2087.06
DiffEv reached_goal. cost=1.78172e-03 spread=2.27624e-06
Fitted parameter values
Free:
       pc1 = 1.32577
       pc2 = -2.33942
       pc3 = -3.33793
       pc4 = -2.5133
       pc5 = 1.77492
       pc6 = 0.810494
       pc7 = 1.9726
       pc8 = -0.971735
       pc9 = 0.197499
      pc10 = 0.334571
      pc11 = 0.0154238
      pc12 = -0.13526
      pc13 = -0.053106
      pc14 = 0.0600279
      pc15 = -0.0528656
      pc16 = 0.0669109
      pc17 = 0.0157961
      pc18 = -0.067107
Constrained:
   Tgbecnw = 82846.5
     Tecnw = 24141.5
       Tnw = 12241.2
       Tec = 14411.4
     twoNb = 562858
     twoNe = 313914
     twoNc = 1.8013e+06
     twoNw = 2.81963e+06
    twoNec = 70011.5
    twoNnw = 64146.5
  twoNecnw = 74419.1
  twoNbecnw = 3325.29
  twoNgbecnw = 278579
         m = 0.122259
        m2 = 0.0248921
        m4 = 0.0022672
        m5 = 0.170108
        m6 = 0.00122087
        Tb = 19276.4
        Ta = 47238.2
        Td = 7205.68
        Te = 3602.84
        Tf = 1801.42
#       SitePat  BranchLen
              b 124763.6090843
              e 48364.2013754
              c 50811.4326957
              n 45804.0330580
              w 45781.2526872
            b:e 2166.5818550
            b:c 2471.8867143
            b:n 1746.3700576
            b:w 1744.8850592
            e:c 10418.4439645
            e:n 5516.2986782
            e:w 5538.8363963
            c:n 4849.5215658
            c:w 4844.7865080
            n:w 12573.0231769
          b:e:c 2010.2178969
          b:e:n 1082.8507078
          b:e:w 1084.3089291
          b:c:n 1093.9340520
          b:c:w 1092.3308989
          b:n:w 1988.8585666
          e:c:n 4628.2410361
          e:c:w 4633.2187465
          e:n:w 6416.5444373
          c:n:w 5419.3110856
        b:e:c:n 2011.5559232
        b:e:c:w 2013.1858535
        b:e:n:w 3167.5249869
        b:c:n:w 2753.9437551
        e:c:n:w 52140.0339110
