########################################
# legofit: estimate population history #
#       version 2.3.4-4-g53f8760       #
########################################

# Program was compiled: Sep 21 2021 14:36:42
# Program was run: Wed Oct 13 03:05:50 2021

# cmd: legofit -1 -d 0 -t 56 --ptsPerDim 3 --stateOut b1boot39.state --tol 3e-6 -S 5000 abdef2.lgo ../../boot/boot39.opf
# Stage nOptItr nSimReps
#     0    5000        0
# algorithm          : deterministic
# ignoring probs <=  : 0
# Branch length floor: 0
# DE strategy        : 2
#    F               : 0.3
#    CR              : 0.8
#    tolerance       : 3e-06
# nthreads           : 54
# lgo input file     : abdef2.lgo
# site pat input file: ../../boot/boot39.opf
# free parameters    : 18
# points in DE swarm : 54
# output state file  : b1boot39.state
# Including singleton site patterns.
# cost function      : KL
Initial parameter values
Fixed:
      zero = 0
       one = 1
    Tbecnw = 75200
Free:
       pc1 = 0
       pc2 = 0
       pc3 = 0
       pc4 = 0
       pc5 = 0
       pc6 = 0
       pc7 = 0
       pc8 = 0
       pc9 = 0
      pc10 = 0
      pc11 = 0
      pc12 = 0
      pc13 = 0
      pc14 = 0
      pc15 = 0
      pc16 = 0
      pc17 = 0
      pc18 = 0
Constrained:
   Tgbecnw = 94139
     Tecnw = 25604.5
       Tnw = 9401.77
       Tec = 16696.5
     twoNb = 1.13302e+06
     twoNe = 731022
     twoNc = 1.60319e+06
     twoNw = 1.42883e+06
    twoNec = 59815.2
    twoNnw = 89814
  twoNecnw = 76175.8
  twoNbecnw = 8633.29
  twoNgbecnw = 236698
         m = 0.158855
        m2 = 0.0266004
        m4 = 0.00195564
        m5 = 0.179519
        m6 = 0.0105833
        Tb = 21150.5
        Ta = 48175.2
        Td = 8348.23
        Te = 4174.11
        Tf = 2087.06
DiffEv reached_goal. cost=1.76219e-03 spread=2.67384e-06
Fitted parameter values
Free:
       pc1 = -0.363186
       pc2 = -2.32622
       pc3 = -3.69403
       pc4 = -1.2611
       pc5 = 1.63488
       pc6 = -0.198287
       pc7 = 1.84953
       pc8 = -1.92114
       pc9 = 0.691236
      pc10 = 1.19107
      pc11 = -0.0659527
      pc12 = 0.201065
      pc13 = 0.276515
      pc14 = -0.0633893
      pc15 = -0.0162586
      pc16 = 0.00256973
      pc17 = -0.002253
      pc18 = -0.0716919
Constrained:
   Tgbecnw = 81447.1
     Tecnw = 24539.3
       Tnw = 9689.12
       Tec = 13372.6
     twoNb = 770886
     twoNe = 1.219e+06
     twoNc = 211385
     twoNw = 2.83381e+06
    twoNec = 79171.4
    twoNnw = 82255.3
  twoNecnw = 71188.1
  twoNbecnw = 2777.31
  twoNgbecnw = 272822
         m = 0.118712
        m2 = 0.0257404
        m4 = 0.00197844
        m5 = 0.167623
        m6 = 0.00329545
        Tb = 18956
        Ta = 47078
        Td = 6686.29
        Te = 3343.15
        Tf = 1671.57
#       SitePat  BranchLen
              b 123402.4721279
              e 48007.3067392
              c 50372.8084936
              n 45463.2474280
              w 45446.1748616
            b:e 2139.4904213
            b:c 2418.9842831
            b:n 1749.9827617
            b:w 1748.8953232
            e:c 10387.1176656
            e:n 5477.4211214
            e:w 5493.9840235
            c:n 4820.0511695
            c:w 4816.9121890
            n:w 12518.8469475
          b:e:c 1991.1726639
          b:e:n 1079.7758060
          b:e:w 1080.8080866
          b:c:n 1089.4434239
          b:c:w 1088.3095459
          b:n:w 1976.6546940
          e:c:n 4658.6445293
          e:c:w 4662.2931740
          e:n:w 6344.9967581
          c:n:w 5407.5166690
        b:e:c:n 2005.0733715
        b:e:c:w 2006.2624074
        b:e:n:w 3132.9352870
        b:c:n:w 2742.6923857
        e:c:n:w 51185.6708814
