########################################
# legofit: estimate population history #
#       version 2.3.4-4-g53f8760       #
########################################

# Program was compiled: Sep 21 2021 14:36:42
# Program was run: Wed Oct 13 02:41:29 2021

# cmd: legofit -1 -d 0 -t 56 --ptsPerDim 3 --stateOut b1boot18.state --tol 3e-6 -S 5000 abdef2.lgo ../../boot/boot18.opf
# Stage nOptItr nSimReps
#     0    5000        0
# algorithm          : deterministic
# ignoring probs <=  : 0
# Branch length floor: 0
# DE strategy        : 2
#    F               : 0.3
#    CR              : 0.8
#    tolerance       : 3e-06
# nthreads           : 54
# lgo input file     : abdef2.lgo
# site pat input file: ../../boot/boot18.opf
# free parameters    : 18
# points in DE swarm : 54
# output state file  : b1boot18.state
# Including singleton site patterns.
# cost function      : KL
Initial parameter values
Fixed:
      zero = 0
       one = 1
    Tbecnw = 75200
Free:
       pc1 = 0
       pc2 = 0
       pc3 = 0
       pc4 = 0
       pc5 = 0
       pc6 = 0
       pc7 = 0
       pc8 = 0
       pc9 = 0
      pc10 = 0
      pc11 = 0
      pc12 = 0
      pc13 = 0
      pc14 = 0
      pc15 = 0
      pc16 = 0
      pc17 = 0
      pc18 = 0
Constrained:
   Tgbecnw = 94139
     Tecnw = 25604.5
       Tnw = 9401.77
       Tec = 16696.5
     twoNb = 1.13302e+06
     twoNe = 731022
     twoNc = 1.60319e+06
     twoNw = 1.42883e+06
    twoNec = 59815.2
    twoNnw = 89814
  twoNecnw = 76175.8
  twoNbecnw = 8633.29
  twoNgbecnw = 236698
         m = 0.158855
        m2 = 0.0266004
        m4 = 0.00195564
        m5 = 0.179519
        m6 = 0.0105833
        Tb = 21150.5
        Ta = 48175.2
        Td = 8348.23
        Te = 4174.11
        Tf = 2087.06
DiffEv reached_goal. cost=1.79641e-03 spread=2.30151e-06
Fitted parameter values
Free:
       pc1 = 1.00163
       pc2 = -2.29538
       pc3 = -3.81336
       pc4 = -2.52939
       pc5 = 1.94673
       pc6 = 0.475507
       pc7 = 1.94873
       pc8 = -1.9347
       pc9 = 0.53083
      pc10 = -0.034796
      pc11 = -0.0774052
      pc12 = -0.30885
      pc13 = 0.0681106
      pc14 = 0.069928
      pc15 = -0.0868551
      pc16 = 0.00539289
      pc17 = 0.0343772
      pc18 = -0.0644003
Constrained:
   Tgbecnw = 82167.1
     Tecnw = 24092.9
       Tnw = 12304.1
       Tec = 13044.5
     twoNb = 699940
     twoNe = 642931
     twoNc = 1.24381e+06
     twoNw = 2.87351e+06
    twoNec = 80759.2
    twoNnw = 63583.3
  twoNecnw = 74110
  twoNbecnw = 2994.52
  twoNgbecnw = 287093
         m = 0.115881
        m2 = 0.0246424
        m4 = 0.00180411
        m5 = 0.169603
        m6 = 0.001949
        Tb = 18568.7
        Ta = 46884.3
        Td = 6522.23
        Te = 3261.11
        Tf = 1630.56
#       SitePat  BranchLen
              b 123970.9063301
              e 48218.1445865
              c 50618.0074142
              n 45679.4618469
              w 45656.0183984
            b:e 2138.9501538
            b:c 2424.9285135
            b:n 1738.7989330
            b:w 1737.2759347
            e:c 10410.5921790
            e:n 5502.2091396
            e:w 5525.2647532
            c:n 4847.4281016
            c:w 4842.7046579
            n:w 12506.2058292
          b:e:c 1995.7612996
          b:e:n 1080.7750218
          b:e:w 1082.2552869
          b:c:n 1091.4145200
          b:c:w 1089.7860515
          b:n:w 1977.4074797
          e:c:n 4606.3762851
          e:c:w 4611.4875638
          e:n:w 6369.7809530
          c:n:w 5398.9030816
        b:e:c:n 2002.7442031
        b:e:c:w 2004.4154049
        b:e:n:w 3143.0442263
        b:c:n:w 2747.2517052
        e:c:n:w 51533.9143232
