########################################
# legofit: estimate population history #
#       version 2.3.4-4-g53f8760       #
########################################

# Program was compiled: Sep 21 2021 14:36:42
# Program was run: Wed Oct 13 02:26:18 2021

# cmd: legofit -1 -d 0 -t 56 --ptsPerDim 3 --stateOut b1boot6.state --tol 3e-6 -S 5000 abdef2.lgo ../../boot/boot6.opf
# Stage nOptItr nSimReps
#     0    5000        0
# algorithm          : deterministic
# ignoring probs <=  : 0
# Branch length floor: 0
# DE strategy        : 2
#    F               : 0.3
#    CR              : 0.8
#    tolerance       : 3e-06
# nthreads           : 54
# lgo input file     : abdef2.lgo
# site pat input file: ../../boot/boot6.opf
# free parameters    : 18
# points in DE swarm : 54
# output state file  : b1boot6.state
# Including singleton site patterns.
# cost function      : KL
Initial parameter values
Fixed:
      zero = 0
       one = 1
    Tbecnw = 75200
Free:
       pc1 = 0
       pc2 = 0
       pc3 = 0
       pc4 = 0
       pc5 = 0
       pc6 = 0
       pc7 = 0
       pc8 = 0
       pc9 = 0
      pc10 = 0
      pc11 = 0
      pc12 = 0
      pc13 = 0
      pc14 = 0
      pc15 = 0
      pc16 = 0
      pc17 = 0
      pc18 = 0
Constrained:
   Tgbecnw = 94139
     Tecnw = 25604.5
       Tnw = 9401.77
       Tec = 16696.5
     twoNb = 1.13302e+06
     twoNe = 731022
     twoNc = 1.60319e+06
     twoNw = 1.42883e+06
    twoNec = 59815.2
    twoNnw = 89814
  twoNecnw = 76175.8
  twoNbecnw = 8633.29
  twoNgbecnw = 236698
         m = 0.158855
        m2 = 0.0266004
        m4 = 0.00195564
        m5 = 0.179519
        m6 = 0.0105833
        Tb = 21150.5
        Ta = 48175.2
        Td = 8348.23
        Te = 4174.11
        Tf = 2087.06
DiffEv reached_goal. cost=1.76748e-03 spread=2.80086e-06
Fitted parameter values
Free:
       pc1 = 0.312166
       pc2 = -2.06098
       pc3 = -2.25435
       pc4 = -1.57659
       pc5 = 1.36727
       pc6 = 1.0211
       pc7 = 1.86024
       pc8 = -0.697027
       pc9 = 0.103129
      pc10 = 0.0686925
      pc11 = 0.0636357
      pc12 = -0.352504
      pc13 = -0.0854995
      pc14 = -0.0811496
      pc15 = -0.0634027
      pc16 = 0.0268614
      pc17 = 0.00436728
      pc18 = -0.0678762
Constrained:
   Tgbecnw = 84737.5
     Tecnw = 24440.7
       Tnw = 10946
       Tec = 14690.3
     twoNb = 589079
     twoNe = 174550
     twoNc = 1.21683e+06
     twoNw = 2.34088e+06
    twoNec = 67727.8
    twoNnw = 73807.3
  twoNecnw = 74444.8
  twoNbecnw = 4155.58
  twoNgbecnw = 271860
         m = 0.124263
        m2 = 0.0259138
        m4 = 0.00213415
        m5 = 0.176563
        m6 = 0.00820387
        Tb = 19565.5
        Ta = 47382.7
        Td = 7345.16
        Te = 3672.58
        Tf = 1836.29
#       SitePat  BranchLen
              b 124847.8060644
              e 48550.3136536
              c 51010.3140140
              n 46004.2675109
              w 45978.6116563
            b:e 2164.7725612
            b:c 2464.9499801
            b:n 1752.9425579
            b:w 1751.2979810
            e:c 10454.0581574
            e:n 5555.3946512
            e:w 5579.3073976
            c:n 4877.2343814
            c:w 4873.4290099
            n:w 12620.8900320
          b:e:c 2002.9485932
          b:e:n 1084.0043498
          b:e:w 1085.4594584
          b:c:n 1094.7767089
          b:c:w 1093.1642504
          b:n:w 1985.6455411
          e:c:n 4656.2902191
          e:c:w 4661.8386989
          e:n:w 6405.8759378
          c:n:w 5420.8896343
        b:e:c:n 2014.4737562
        b:e:c:w 2016.2756829
        b:e:n:w 3167.9582215
        b:c:n:w 2758.3281581
        e:c:n:w 51885.8329049
