########################################
# legofit: estimate population history #
#       version 2.3.4-4-g53f8760       #
########################################

# Program was compiled: Sep 21 2021 14:36:42
# Program was run: Wed Oct 13 02:35:27 2021

# cmd: legofit -1 -d 0 -t 56 --ptsPerDim 3 --stateOut b1boot13.state --tol 3e-6 -S 5000 abdef2.lgo ../../boot/boot13.opf
# Stage nOptItr nSimReps
#     0    5000        0
# algorithm          : deterministic
# ignoring probs <=  : 0
# Branch length floor: 0
# DE strategy        : 2
#    F               : 0.3
#    CR              : 0.8
#    tolerance       : 3e-06
# nthreads           : 54
# lgo input file     : abdef2.lgo
# site pat input file: ../../boot/boot13.opf
# free parameters    : 18
# points in DE swarm : 54
# output state file  : b1boot13.state
# Including singleton site patterns.
# cost function      : KL
Initial parameter values
Fixed:
      zero = 0
       one = 1
    Tbecnw = 75200
Free:
       pc1 = 0
       pc2 = 0
       pc3 = 0
       pc4 = 0
       pc5 = 0
       pc6 = 0
       pc7 = 0
       pc8 = 0
       pc9 = 0
      pc10 = 0
      pc11 = 0
      pc12 = 0
      pc13 = 0
      pc14 = 0
      pc15 = 0
      pc16 = 0
      pc17 = 0
      pc18 = 0
Constrained:
   Tgbecnw = 94139
     Tecnw = 25604.5
       Tnw = 9401.77
       Tec = 16696.5
     twoNb = 1.13302e+06
     twoNe = 731022
     twoNc = 1.60319e+06
     twoNw = 1.42883e+06
    twoNec = 59815.2
    twoNnw = 89814
  twoNecnw = 76175.8
  twoNbecnw = 8633.29
  twoNgbecnw = 236698
         m = 0.158855
        m2 = 0.0266004
        m4 = 0.00195564
        m5 = 0.179519
        m6 = 0.0105833
        Tb = 21150.5
        Ta = 48175.2
        Td = 8348.23
        Te = 4174.11
        Tf = 2087.06
DiffEv reached_goal. cost=1.77361e-03 spread=2.46988e-06
Fitted parameter values
Free:
       pc1 = 1.46627
       pc2 = -3.11903
       pc3 = -3.56506
       pc4 = -2.29889
       pc5 = 1.76452
       pc6 = 1.09997
       pc7 = 1.82533
       pc8 = -0.654948
       pc9 = 0.260029
      pc10 = -0.110786
      pc11 = 0.0926935
      pc12 = -0.126566
      pc13 = -0.00437996
      pc14 = 0.0311472
      pc15 = -0.0186753
      pc16 = 0.0253895
      pc17 = -0.0245288
      pc18 = -0.0962607
Constrained:
   Tgbecnw = 80807.1
     Tecnw = 23906.9
       Tnw = 12419.1
       Tec = 14778
     twoNb = 507141
     twoNe = 217628
     twoNc = 2.40031e+06
     twoNw = 2.46276e+06
    twoNec = 64825.9
    twoNnw = 61565.2
  twoNecnw = 73957.8
  twoNbecnw = 2422.45
  twoNgbecnw = 285576
         m = 0.11696
        m2 = 0.0248688
        m4 = 0.00216312
        m5 = 0.170081
        m6 = 0.00128651
        Tb = 19342.4
        Ta = 47271.2
        Td = 7389
        Te = 3694.5
        Tf = 1847.25
#       SitePat  BranchLen
              b 123659.0943518
              e 47979.5748954
              c 50406.5444339
              n 45465.7277225
              w 45439.6982575
            b:e 2143.0481035
            b:c 2446.8264329
            b:n 1723.3191781
            b:w 1721.6254226
            e:c 10375.5389808
            e:n 5470.5186230
            e:w 5496.2548348
            c:n 4810.8533646
            c:w 4805.4323270
            n:w 12509.4213101
          b:e:c 1992.9093702
          b:e:n 1067.1079761
          b:e:w 1068.7694502
          b:c:n 1078.5881280
          b:c:w 1076.7585746
          b:n:w 1968.6956473
          e:c:n 4597.2447742
          e:c:w 4602.9590650
          e:n:w 6372.1879489
          c:n:w 5377.6178880
        b:e:c:n 1988.8986332
        b:e:c:w 1990.7604680
        b:e:n:w 3120.7516004
        b:c:n:w 2715.5922023
        e:c:n:w 51496.2211390
