########################################
# legofit: estimate population history #
#       version 2.3.4-4-g53f8760       #
########################################

# Program was compiled: Sep 21 2021 14:36:42
# Program was run: Wed Oct 13 02:56:44 2021

# cmd: legofit -1 -d 0 -t 56 --ptsPerDim 3 --stateOut b1boot32.state --tol 3e-6 -S 5000 abdef2.lgo ../../boot/boot32.opf
# Stage nOptItr nSimReps
#     0    5000        0
# algorithm          : deterministic
# ignoring probs <=  : 0
# Branch length floor: 0
# DE strategy        : 2
#    F               : 0.3
#    CR              : 0.8
#    tolerance       : 3e-06
# nthreads           : 54
# lgo input file     : abdef2.lgo
# site pat input file: ../../boot/boot32.opf
# free parameters    : 18
# points in DE swarm : 54
# output state file  : b1boot32.state
# Including singleton site patterns.
# cost function      : KL
Initial parameter values
Fixed:
      zero = 0
       one = 1
    Tbecnw = 75200
Free:
       pc1 = 0
       pc2 = 0
       pc3 = 0
       pc4 = 0
       pc5 = 0
       pc6 = 0
       pc7 = 0
       pc8 = 0
       pc9 = 0
      pc10 = 0
      pc11 = 0
      pc12 = 0
      pc13 = 0
      pc14 = 0
      pc15 = 0
      pc16 = 0
      pc17 = 0
      pc18 = 0
Constrained:
   Tgbecnw = 94139
     Tecnw = 25604.5
       Tnw = 9401.77
       Tec = 16696.5
     twoNb = 1.13302e+06
     twoNe = 731022
     twoNc = 1.60319e+06
     twoNw = 1.42883e+06
    twoNec = 59815.2
    twoNnw = 89814
  twoNecnw = 76175.8
  twoNbecnw = 8633.29
  twoNgbecnw = 236698
         m = 0.158855
        m2 = 0.0266004
        m4 = 0.00195564
        m5 = 0.179519
        m6 = 0.0105833
        Tb = 21150.5
        Ta = 48175.2
        Td = 8348.23
        Te = 4174.11
        Tf = 2087.06
DiffEv reached_goal. cost=1.81853e-03 spread=2.83398e-06
Fitted parameter values
Free:
       pc1 = 1.19681
       pc2 = -2.32841
       pc3 = -3.52884
       pc4 = -2.53706
       pc5 = 1.88622
       pc6 = 0.53255
       pc7 = 1.95835
       pc8 = -1.01389
       pc9 = 0.423122
      pc10 = 0.530817
      pc11 = -0.223896
      pc12 = 0.0316976
      pc13 = 0.259897
      pc14 = 0.0408792
      pc15 = -0.0159002
      pc16 = 0.00305293
      pc17 = -0.00519082
      pc18 = -0.046653
Constrained:
   Tgbecnw = 82562.2
     Tecnw = 24169.2
       Tnw = 11838.8
       Tec = 14487
     twoNb = 645861
     twoNe = 518418
     twoNc = 1.74952e+06
     twoNw = 2.95335e+06
    twoNec = 70209
    twoNnw = 66380.6
  twoNecnw = 73720.2
  twoNbecnw = 3188.8
  twoNgbecnw = 280701
         m = 0.119737
        m2 = 0.0245447
        m4 = 0.00224326
        m5 = 0.167767
        m6 = 0.00284584
        Tb = 19328.1
        Ta = 47264
        Td = 7243.48
        Te = 3621.74
        Tf = 1810.87
#       SitePat  BranchLen
              b 124340.7032596
              e 48275.7197222
              c 50669.0136132
              n 45635.1845236
              w 45614.5335656
            b:e 2137.8336371
            b:c 2428.5383834
            b:n 1731.2995670
            b:w 1729.9649458
            e:c 10358.3531359
            e:n 5493.6501333
            e:w 5513.7824864
            c:n 4840.0299510
            c:w 4836.0439290
            n:w 12556.7555589
          b:e:c 1989.3818328
          b:e:n 1073.7054778
          b:e:w 1074.9833750
          b:c:n 1084.0914150
          b:c:w 1082.6850806
          b:n:w 1970.6492127
          e:c:n 4614.1398893
          e:c:w 4618.6445161
          e:n:w 6380.0282365
          c:n:w 5410.9902039
        b:e:c:n 1991.1795032
        b:e:c:w 1992.6425616
        b:e:n:w 3134.0307145
        b:c:n:w 2732.3411217
        e:c:n:w 51845.9552060
