########################################
# legofit: estimate population history #
#       version 2.3.4-4-g53f8760       #
########################################

# Program was compiled: Sep 21 2021 14:36:42
# Program was run: Wed Oct 13 03:11:55 2021

# cmd: legofit -1 -d 0 -t 56 --ptsPerDim 3 --stateOut b1boot43.state --tol 3e-6 -S 5000 abdef2.lgo ../../boot/boot43.opf
# Stage nOptItr nSimReps
#     0    5000        0
# algorithm          : deterministic
# ignoring probs <=  : 0
# Branch length floor: 0
# DE strategy        : 2
#    F               : 0.3
#    CR              : 0.8
#    tolerance       : 3e-06
# nthreads           : 54
# lgo input file     : abdef2.lgo
# site pat input file: ../../boot/boot43.opf
# free parameters    : 18
# points in DE swarm : 54
# output state file  : b1boot43.state
# Including singleton site patterns.
# cost function      : KL
Initial parameter values
Fixed:
      zero = 0
       one = 1
    Tbecnw = 75200
Free:
       pc1 = 0
       pc2 = 0
       pc3 = 0
       pc4 = 0
       pc5 = 0
       pc6 = 0
       pc7 = 0
       pc8 = 0
       pc9 = 0
      pc10 = 0
      pc11 = 0
      pc12 = 0
      pc13 = 0
      pc14 = 0
      pc15 = 0
      pc16 = 0
      pc17 = 0
      pc18 = 0
Constrained:
   Tgbecnw = 94139
     Tecnw = 25604.5
       Tnw = 9401.77
       Tec = 16696.5
     twoNb = 1.13302e+06
     twoNe = 731022
     twoNc = 1.60319e+06
     twoNw = 1.42883e+06
    twoNec = 59815.2
    twoNnw = 89814
  twoNecnw = 76175.8
  twoNbecnw = 8633.29
  twoNgbecnw = 236698
         m = 0.158855
        m2 = 0.0266004
        m4 = 0.00195564
        m5 = 0.179519
        m6 = 0.0105833
        Tb = 21150.5
        Ta = 48175.2
        Td = 8348.23
        Te = 4174.11
        Tf = 2087.06
DiffEv reached_goal. cost=1.80561e-03 spread=2.64173e-06
Fitted parameter values
Free:
       pc1 = -0.186059
       pc2 = -2.63332
       pc3 = -3.89869
       pc4 = -1.32999
       pc5 = 1.84562
       pc6 = 1.05592
       pc7 = 1.92115
       pc8 = -0.908644
       pc9 = 0.402276
      pc10 = 0.249707
      pc11 = -0.214731
      pc12 = 0.188735
      pc13 = -0.462363
      pc14 = -0.125738
      pc15 = -0.0423877
      pc16 = 0.0929962
      pc17 = -0.00670231
      pc18 = -0.0603283
Constrained:
   Tgbecnw = 79726.6
     Tecnw = 24344.9
       Tnw = 10041.9
       Tec = 13604.4
     twoNb = 596401
     twoNe = 426567
     twoNc = 1.90438e+06
     twoNw = 2.41715e+06
    twoNec = 76148.4
    twoNnw = 79280.8
  twoNecnw = 72019.1
  twoNbecnw = 1971.66
  twoNgbecnw = 286268
         m = 0.114042
        m2 = 0.0252619
        m4 = 0.00225084
        m5 = 0.176253
        m6 = 0.00189402
        Tb = 18974.7
        Ta = 47087.3
        Td = 6802.22
        Te = 3401.11
        Tf = 1700.55
#       SitePat  BranchLen
              b 123031.6277197
              e 47831.3107961
              c 50328.4081628
              n 45386.8348865
              w 45365.1910087
            b:e 2128.2539319
            b:c 2431.1175901
            b:n 1735.9139536
            b:w 1734.5358343
            e:c 10297.2026173
            e:n 5494.1272300
            e:w 5515.4160133
            c:n 4800.5052133
            c:w 4796.2438304
            n:w 12426.8623846
          b:e:c 1978.5158497
          b:e:n 1075.9213002
          b:e:w 1077.2609321
          b:c:n 1087.0521627
          b:c:w 1085.5778961
          b:n:w 1958.1180390
          e:c:n 4609.4204616
          e:c:w 4614.0369388
          e:n:w 6327.1448707
          c:n:w 5334.5820842
        b:e:c:n 1999.7161674
        b:e:c:w 2001.2289214
        b:e:n:w 3127.4094875
        b:c:n:w 2713.3575409
        e:c:n:w 51088.6421239
