########################################
# legofit: estimate population history #
#       version 2.3.4-4-g53f8760       #
########################################

# Program was compiled: Sep 21 2021 14:36:42
# Program was run: Wed Oct 13 02:53:42 2021

# cmd: legofit -1 -d 0 -t 56 --ptsPerDim 3 --stateOut b1boot30.state --tol 3e-6 -S 5000 abdef2.lgo ../../boot/boot30.opf
# Stage nOptItr nSimReps
#     0    5000        0
# algorithm          : deterministic
# ignoring probs <=  : 0
# Branch length floor: 0
# DE strategy        : 2
#    F               : 0.3
#    CR              : 0.8
#    tolerance       : 3e-06
# nthreads           : 54
# lgo input file     : abdef2.lgo
# site pat input file: ../../boot/boot30.opf
# free parameters    : 18
# points in DE swarm : 54
# output state file  : b1boot30.state
# Including singleton site patterns.
# cost function      : KL
Initial parameter values
Fixed:
      zero = 0
       one = 1
    Tbecnw = 75200
Free:
       pc1 = 0
       pc2 = 0
       pc3 = 0
       pc4 = 0
       pc5 = 0
       pc6 = 0
       pc7 = 0
       pc8 = 0
       pc9 = 0
      pc10 = 0
      pc11 = 0
      pc12 = 0
      pc13 = 0
      pc14 = 0
      pc15 = 0
      pc16 = 0
      pc17 = 0
      pc18 = 0
Constrained:
   Tgbecnw = 94139
     Tecnw = 25604.5
       Tnw = 9401.77
       Tec = 16696.5
     twoNb = 1.13302e+06
     twoNe = 731022
     twoNc = 1.60319e+06
     twoNw = 1.42883e+06
    twoNec = 59815.2
    twoNnw = 89814
  twoNecnw = 76175.8
  twoNbecnw = 8633.29
  twoNgbecnw = 236698
         m = 0.158855
        m2 = 0.0266004
        m4 = 0.00195564
        m5 = 0.179519
        m6 = 0.0105833
        Tb = 21150.5
        Ta = 48175.2
        Td = 8348.23
        Te = 4174.11
        Tf = 2087.06
DiffEv reached_goal. cost=1.80563e-03 spread=2.90754e-06
Fitted parameter values
Free:
       pc1 = 0.212245
       pc2 = -3.32361
       pc3 = -3.34447
       pc4 = -2.2434
       pc5 = 1.91514
       pc6 = 1.728
       pc7 = 1.85706
       pc8 = -1.8051
       pc9 = 0.582844
      pc10 = -0.329144
      pc11 = -0.376974
      pc12 = 0.437956
      pc13 = 0.00864555
      pc14 = 0.188361
      pc15 = -0.0618202
      pc16 = 0.108366
      pc17 = -0.0444072
      pc18 = -0.0213483
Constrained:
   Tgbecnw = 78936.8
     Tecnw = 24287.5
       Tnw = 11246.8
       Tec = 14196
     twoNb = 479823
     twoNe = 6918.12
     twoNc = 1.57533e+06
     twoNw = 2.68657e+06
    twoNec = 72274.9
    twoNnw = 69211.2
  twoNecnw = 72306.4
  twoNbecnw = 1600.89
  twoNgbecnw = 297510
         m = 0.110993
        m2 = 0.0249451
        m4 = 0.00121881
        m5 = 0.175315
        m6 = 0.0030264
        Tb = 19241.7
        Ta = 47220.9
        Td = 7098.01
        Te = 3549
        Tf = 1774.5
#       SitePat  BranchLen
              b 123147.2035942
              e 47843.3009195
              c 50298.9286366
              n 45213.7915131
              w 45191.6283088
            b:e 2142.7225180
            b:c 2437.3650378
            b:n 1713.4346427
            b:w 1712.0110377
            e:c 10243.2081916
            e:n 5444.0599991
            e:w 5465.6537570
            c:n 4762.1766976
            c:w 4757.9691049
            n:w 12495.6661393
          b:e:c 1985.0391366
          b:e:n 1065.4553233
          b:e:w 1066.8167767
          b:c:n 1076.5267373
          b:c:w 1075.0235011
          b:n:w 1957.9745796
          e:c:n 4548.3968975
          e:c:w 4553.1739367
          e:n:w 6346.4479865
          c:n:w 5351.4712719
        b:e:c:n 1979.4815462
        b:e:c:w 1981.0469340
        b:e:n:w 3094.9246032
        b:c:n:w 2709.9208327
        e:c:n:w 51385.2185558
