########################################
# legofit: estimate population history #
#       version 2.3.4-4-g53f8760       #
########################################

# Program was compiled: Sep 21 2021 14:36:42
# Program was run: Wed Oct 13 02:35:27 2021

# cmd: legofit -1 -d 0 -t 56 --ptsPerDim 3 --stateOut b1boot14.state --tol 3e-6 -S 5000 abdef2.lgo ../../boot/boot14.opf
# Stage nOptItr nSimReps
#     0    5000        0
# algorithm          : deterministic
# ignoring probs <=  : 0
# Branch length floor: 0
# DE strategy        : 2
#    F               : 0.3
#    CR              : 0.8
#    tolerance       : 3e-06
# nthreads           : 54
# lgo input file     : abdef2.lgo
# site pat input file: ../../boot/boot14.opf
# free parameters    : 18
# points in DE swarm : 54
# output state file  : b1boot14.state
# Including singleton site patterns.
# cost function      : KL
Initial parameter values
Fixed:
      zero = 0
       one = 1
    Tbecnw = 75200
Free:
       pc1 = 0
       pc2 = 0
       pc3 = 0
       pc4 = 0
       pc5 = 0
       pc6 = 0
       pc7 = 0
       pc8 = 0
       pc9 = 0
      pc10 = 0
      pc11 = 0
      pc12 = 0
      pc13 = 0
      pc14 = 0
      pc15 = 0
      pc16 = 0
      pc17 = 0
      pc18 = 0
Constrained:
   Tgbecnw = 94139
     Tecnw = 25604.5
       Tnw = 9401.77
       Tec = 16696.5
     twoNb = 1.13302e+06
     twoNe = 731022
     twoNc = 1.60319e+06
     twoNw = 1.42883e+06
    twoNec = 59815.2
    twoNnw = 89814
  twoNecnw = 76175.8
  twoNbecnw = 8633.29
  twoNgbecnw = 236698
         m = 0.158855
        m2 = 0.0266004
        m4 = 0.00195564
        m5 = 0.179519
        m6 = 0.0105833
        Tb = 21150.5
        Ta = 48175.2
        Td = 8348.23
        Te = 4174.11
        Tf = 2087.06
DiffEv reached_goal. cost=1.77324e-03 spread=2.37468e-06
Fitted parameter values
Free:
       pc1 = 0.247182
       pc2 = -2.73742
       pc3 = -2.31056
       pc4 = -2.18674
       pc5 = 1.99233
       pc6 = 1.53684
       pc7 = 1.37691
       pc8 = -1.16355
       pc9 = 0.393849
      pc10 = -0.613375
      pc11 = 0.225964
      pc12 = -0.385353
      pc13 = -0.158261
      pc14 = 0.126249
      pc15 = -0.0789836
      pc16 = 0.0312112
      pc17 = -0.000928085
      pc18 = -0.048922
Constrained:
   Tgbecnw = 82989.1
     Tecnw = 24340.9
       Tnw = 12045
       Tec = 14484.1
     twoNb = 539046
     twoNe = 83049
     twoNc = 2.4634e+06
     twoNw = 2.43344e+06
    twoNec = 68699.1
    twoNnw = 65361.9
  twoNecnw = 73807
  twoNbecnw = 3316.35
  twoNgbecnw = 293360
         m = 0.113864
        m2 = 0.0259112
        m4 = 0.00145732
        m5 = 0.18039
        m6 = 0.00873423
        Tb = 19412.5
        Ta = 47306.2
        Td = 7242.04
        Te = 3621.02
        Tf = 1810.51
#       SitePat  BranchLen
              b 124370.9815971
              e 48285.2353814
              c 50766.7240226
              n 45697.3167772
              w 45668.6748290
            b:e 2172.9875903
            b:c 2473.9487045
            b:n 1746.7654455
            b:w 1744.8968128
            e:c 10392.0825056
            e:n 5516.9212374
            e:w 5543.5931877
            c:n 4837.5124665
            c:w 4833.2179084
            n:w 12571.0316794
          b:e:c 2015.8669650
          b:e:n 1083.8884193
          b:e:w 1085.5393627
          b:c:n 1095.2370129
          b:c:w 1093.4036464
          b:n:w 1993.9126712
          e:c:n 4613.7608020
          e:c:w 4620.0253580
          e:n:w 6427.4538990
          c:n:w 5418.5458816
        b:e:c:n 2012.6522693
        b:e:c:w 2014.7033253
        b:e:n:w 3172.6826457
        b:c:n:w 2769.7120089
        e:c:n:w 51889.7858368
