########################################
# legofit: estimate population history #
#       version 2.3.4-4-g53f8760       #
########################################

# Program was compiled: Sep 21 2021 14:36:42
# Program was run: Wed Oct 13 02:29:20 2021

# cmd: legofit -1 -d 0 -t 56 --ptsPerDim 3 --stateOut b1boot7.state --tol 3e-6 -S 5000 abdef2.lgo ../../boot/boot7.opf
# Stage nOptItr nSimReps
#     0    5000        0
# algorithm          : deterministic
# ignoring probs <=  : 0
# Branch length floor: 0
# DE strategy        : 2
#    F               : 0.3
#    CR              : 0.8
#    tolerance       : 3e-06
# nthreads           : 54
# lgo input file     : abdef2.lgo
# site pat input file: ../../boot/boot7.opf
# free parameters    : 18
# points in DE swarm : 54
# output state file  : b1boot7.state
# Including singleton site patterns.
# cost function      : KL
Initial parameter values
Fixed:
      zero = 0
       one = 1
    Tbecnw = 75200
Free:
       pc1 = 0
       pc2 = 0
       pc3 = 0
       pc4 = 0
       pc5 = 0
       pc6 = 0
       pc7 = 0
       pc8 = 0
       pc9 = 0
      pc10 = 0
      pc11 = 0
      pc12 = 0
      pc13 = 0
      pc14 = 0
      pc15 = 0
      pc16 = 0
      pc17 = 0
      pc18 = 0
Constrained:
   Tgbecnw = 94139
     Tecnw = 25604.5
       Tnw = 9401.77
       Tec = 16696.5
     twoNb = 1.13302e+06
     twoNe = 731022
     twoNc = 1.60319e+06
     twoNw = 1.42883e+06
    twoNec = 59815.2
    twoNnw = 89814
  twoNecnw = 76175.8
  twoNbecnw = 8633.29
  twoNgbecnw = 236698
         m = 0.158855
        m2 = 0.0266004
        m4 = 0.00195564
        m5 = 0.179519
        m6 = 0.0105833
        Tb = 21150.5
        Ta = 48175.2
        Td = 8348.23
        Te = 4174.11
        Tf = 2087.06
DiffEv reached_goal. cost=1.79997e-03 spread=2.98159e-06
Fitted parameter values
Free:
       pc1 = 1.1594
       pc2 = -3.62901
       pc3 = -2.58672
       pc4 = -1.6921
       pc5 = 1.76563
       pc6 = 0.10723
       pc7 = 1.8233
       pc8 = -1.15407
       pc9 = 0.716332
      pc10 = 0.547197
      pc11 = 0.136641
      pc12 = -0.220433
      pc13 = -0.224507
      pc14 = -0.0514884
      pc15 = -0.00328034
      pc16 = 0.0256983
      pc17 = 0.0177193
      pc18 = -0.0880385
Constrained:
   Tgbecnw = 80881.4
     Tecnw = 23887.9
       Tnw = 11807.2
       Tec = 15715.6
     twoNb = 701608
     twoNe = 958542
     twoNc = 639457
     twoNw = 2.60055e+06
    twoNec = 57504.5
    twoNnw = 66232.3
  twoNecnw = 74133.6
  twoNbecnw = 2490.93
  twoNgbecnw = 276101
         m = 0.122808
        m2 = 0.0259904
        m4 = 0.00191116
        m5 = 0.173023
        m6 = 0.00224097
        Tb = 19801.7
        Ta = 47500.9
        Td = 7857.78
        Te = 3928.89
        Tf = 1964.45
#       SitePat  BranchLen
              b 124106.0719139
              e 48096.9787202
              c 50536.6853117
              n 45553.3287355
              w 45530.3543292
            b:e 2127.6034362
            b:c 2419.4319145
            b:n 1732.3755712
            b:w 1730.8840496
            e:c 10332.7426113
            e:n 5506.0831335
            e:w 5528.6034245
            c:n 4839.6438756
            c:w 4835.0583121
            n:w 12472.0541139
          b:e:c 1982.9013334
          b:e:n 1071.9541256
          b:e:w 1073.3958483
          b:c:n 1082.6579891
          b:c:w 1081.0708105
          b:n:w 1968.0571912
          e:c:n 4625.1534060
          e:c:w 4630.1930849
          e:n:w 6355.1889322
          c:n:w 5373.5114811
        b:e:c:n 1995.4108197
        b:e:c:w 1997.0477971
        b:e:n:w 3156.0897819
        b:c:n:w 2747.8376172
        e:c:n:w 51793.4441175
