########################################
# legofit: estimate population history #
#       version 2.3.4-4-g53f8760       #
########################################

# Program was compiled: Sep 21 2021 14:36:42
# Program was run: Sun Oct 10 16:37:44 2021

# cmd: legofit -1 -d 0 -t 32 --ptsPerDim 3 --stateOut b1.state --tol 3e-6 -S 5000 abf2.lgo ../../chrX/pan_chrX.opf
# Stage nOptItr nSimReps
#     0    5000        0
# algorithm          : deterministic
# ignoring probs <=  : 0
# Branch length floor: 0
# DE strategy        : 2
#    F               : 0.3
#    CR              : 0.8
#    tolerance       : 3e-06
# nthreads           : 32
# lgo input file     : abf2.lgo
# site pat input file: ../../chrX/pan_chrX.opf
# free parameters    : 15
# points in DE swarm : 45
# output state file  : b1.state
# Including singleton site patterns.
# cost function      : KL
Initial parameter values
Fixed:
      zero = 0
       one = 1
    Tbecnw = 75200
Free:
       pc1 = 0
       pc2 = 0
       pc3 = 0
       pc4 = 0
       pc5 = 0
       pc6 = 0
       pc7 = 0
       pc8 = 0
       pc9 = 0
      pc10 = 0
      pc11 = 0
      pc12 = 0
      pc13 = 0
      pc14 = 0
      pc15 = 0
Constrained:
   Tgbecnw = 135787
     Tecnw = 24003.1
       Tnw = 20298.6
       Tec = 10237.3
     twoNb = 1.36154e+06
     twoNc = 302057
     twoNw = 2.99835e+06
    twoNec = 88746.3
    twoNnw = 17773.1
  twoNecnw = 66209.2
  twoNbecnw = 17137.5
  twoNgbecnw = 299389
         m = 0.0933741
        m2 = 0.0202149
        m6 = 1.67501e-06
        Tb = 17120.2
        Ta = 46160.1
        Tf = 10149.3
DiffEv reached_goal. cost=2.46292e-03 spread=2.81758e-06
Fitted parameter values
Free:
       pc1 = 2.30737
       pc2 = -2.28585
       pc3 = 1.94001
       pc4 = -1.80406
       pc5 = -1.49968
       pc6 = -0.368652
       pc7 = 1.13117
       pc8 = -1.76352
       pc9 = -0.864608
      pc10 = -0.253989
      pc11 = -0.126144
      pc12 = 0.0783878
      pc13 = -0.191206
      pc14 = 0.256614
      pc15 = 0.0489805
Constrained:
   Tgbecnw = 108536
     Tecnw = 23122.7
       Tnw = 19384.9
       Tec = 9858.48
     twoNb = 871406
     twoNc = 323502
     twoNw = 7.22752e+06
    twoNec = 85204
    twoNnw = 17787.5
  twoNecnw = 64136
  twoNbecnw = 10341.6
  twoNgbecnw = 321009
         m = 0.0867195
        m2 = 0.0206942
        m6 = 7.3881e-07
        Tb = 16490.6
        Ta = 45845.3
        Tf = 9692.46
#       SitePat  BranchLen
              b 119432.7772369
              e 45531.2973977
              c 45531.2881673
              n 43567.3564391
              w 43567.3564061
            b:e 1335.2105555
            b:c 1335.2098280
            b:n 1033.8340522
            b:w 1033.8340506
            e:c 11566.6869785
            e:n 4297.7285723
            e:w 4297.7285637
            c:n 4297.7309397
            c:w 4297.7309727
            n:w 12283.7427189
          b:e:c 1269.6466235
          b:e:n 571.3416025
          b:e:w 571.3416008
          b:c:n 571.3415882
          b:c:w 571.3415897
          b:n:w 1285.4312784
          e:c:n 4370.5246114
          e:c:w 4370.5246200
          e:n:w 5235.8446541
          c:n:w 5235.8488262
        b:e:c:n 1120.6005586
        b:e:c:w 1120.6005603
        b:e:n:w 1787.7501756
        b:c:n:w 1787.7512104
        e:c:n:w 47381.1855731
