########################################
# legofit: estimate population history #
#       version 2.3.4-4-g53f8760       #
########################################

# Program was compiled: Sep 21 2021 14:36:42
# Program was run: Sun Oct 10 16:41:34 2021

# cmd: legofit -1 -d 0 -t 32 --ptsPerDim 3 --stateOut b1boot23.state --tol 3e-6 -S 5000 abf2.lgo ../../chrX/boot_chrX/boot23.opf
# Stage nOptItr nSimReps
#     0    5000        0
# algorithm          : deterministic
# ignoring probs <=  : 0
# Branch length floor: 0
# DE strategy        : 2
#    F               : 0.3
#    CR              : 0.8
#    tolerance       : 3e-06
# nthreads           : 32
# lgo input file     : abf2.lgo
# site pat input file: ../../chrX/boot_chrX/boot23.opf
# free parameters    : 15
# points in DE swarm : 45
# output state file  : b1boot23.state
# Including singleton site patterns.
# cost function      : KL
Initial parameter values
Fixed:
      zero = 0
       one = 1
    Tbecnw = 75200
Free:
       pc1 = 0
       pc2 = 0
       pc3 = 0
       pc4 = 0
       pc5 = 0
       pc6 = 0
       pc7 = 0
       pc8 = 0
       pc9 = 0
      pc10 = 0
      pc11 = 0
      pc12 = 0
      pc13 = 0
      pc14 = 0
      pc15 = 0
Constrained:
   Tgbecnw = 135787
     Tecnw = 24003.1
       Tnw = 20298.6
       Tec = 10237.3
     twoNb = 1.36154e+06
     twoNc = 302057
     twoNw = 2.99835e+06
    twoNec = 88746.3
    twoNnw = 17773.1
  twoNecnw = 66209.2
  twoNbecnw = 17137.5
  twoNgbecnw = 299389
         m = 0.0933741
        m2 = 0.0202149
        m6 = 1.67501e-06
        Tb = 17120.2
        Ta = 46160.1
        Tf = 10149.3
DiffEv reached_goal. cost=2.50532e-03 spread=2.62187e-06
Fitted parameter values
Free:
       pc1 = 3.93786
       pc2 = -2.46837
       pc3 = 1.04542
       pc4 = -1.31066
       pc5 = -0.28722
       pc6 = -0.750961
       pc7 = 0.83358
       pc8 = -0.869645
       pc9 = -0.877026
      pc10 = -0.345006
      pc11 = -0.00456598
      pc12 = 0.257236
      pc13 = -0.0472559
      pc14 = 0.328497
      pc15 = 0.0231664
Constrained:
   Tgbecnw = 110764
     Tecnw = 22868.7
       Tnw = 20255
       Tec = 10349.5
     twoNb = 827626
     twoNc = 210262
     twoNw = 4.394e+06
    twoNec = 79617.6
    twoNnw = 12436.6
  twoNecnw = 64686.4
  twoNbecnw = 10602.4
  twoNgbecnw = 365448
         m = 0.0728892
        m2 = 0.0203177
        m6 = 2.39657e-06
        Tb = 16609.1
        Ta = 45904.6
        Tf = 10127.5
#       SitePat  BranchLen
              b 118391.2912050
              e 45418.8143326
              c 45418.7846989
              n 43583.9824356
              w 43583.9822551
            b:e 1347.5410501
            b:c 1347.5386715
            b:n 1056.3972559
            b:w 1056.3972468
            e:c 11629.9174777
            e:n 4319.0054973
            e:w 4319.0054492
            c:n 4319.0129840
            c:w 4319.0131645
            n:w 12258.6322262
          b:e:c 1297.8711039
          b:e:n 582.4789199
          b:e:w 582.4789104
          b:c:n 582.4788676
          b:c:w 582.4788767
          b:n:w 1311.7765618
          e:c:n 4402.9845154
          e:c:w 4402.9845636
          e:n:w 5241.9056139
          c:n:w 5241.9191657
        b:e:c:n 1146.0519140
        b:e:c:w 1146.0519235
        b:e:n:w 1790.4620756
        b:c:n:w 1790.4654201
        e:c:n:w 46384.2067501
