########################################
# legofit: estimate population history #
#       version 2.3.4-4-g53f8760       #
########################################

# Program was compiled: Sep 21 2021 14:36:42
# Program was run: Sun Oct 10 16:38:48 2021

# cmd: legofit -1 -d 0 -t 32 --ptsPerDim 3 --stateOut b1boot7.state --tol 3e-6 -S 5000 abf2.lgo ../../chrX/boot_chrX/boot7.opf
# Stage nOptItr nSimReps
#     0    5000        0
# algorithm          : deterministic
# ignoring probs <=  : 0
# Branch length floor: 0
# DE strategy        : 2
#    F               : 0.3
#    CR              : 0.8
#    tolerance       : 3e-06
# nthreads           : 32
# lgo input file     : abf2.lgo
# site pat input file: ../../chrX/boot_chrX/boot7.opf
# free parameters    : 15
# points in DE swarm : 45
# output state file  : b1boot7.state
# Including singleton site patterns.
# cost function      : KL
Initial parameter values
Fixed:
      zero = 0
       one = 1
    Tbecnw = 75200
Free:
       pc1 = 0
       pc2 = 0
       pc3 = 0
       pc4 = 0
       pc5 = 0
       pc6 = 0
       pc7 = 0
       pc8 = 0
       pc9 = 0
      pc10 = 0
      pc11 = 0
      pc12 = 0
      pc13 = 0
      pc14 = 0
      pc15 = 0
Constrained:
   Tgbecnw = 135787
     Tecnw = 24003.1
       Tnw = 20298.6
       Tec = 10237.3
     twoNb = 1.36154e+06
     twoNc = 302057
     twoNw = 2.99835e+06
    twoNec = 88746.3
    twoNnw = 17773.1
  twoNecnw = 66209.2
  twoNbecnw = 17137.5
  twoNgbecnw = 299389
         m = 0.0933741
        m2 = 0.0202149
        m6 = 1.67501e-06
        Tb = 17120.2
        Ta = 46160.1
        Tf = 10149.3
DiffEv reached_goal. cost=2.52211e-03 spread=2.51504e-06
Fitted parameter values
Free:
       pc1 = 3.45632
       pc2 = -2.02326
       pc3 = 1.99178
       pc4 = -1.9173
       pc5 = -0.523847
       pc6 = -0.613451
       pc7 = 0.826506
       pc8 = 0.395509
       pc9 = -1.9655
      pc10 = 0.00989431
      pc11 = 0.0280622
      pc12 = 0.335001
      pc13 = -0.0637982
      pc14 = 0.299964
      pc15 = -0.0235678
Constrained:
   Tgbecnw = 109798
     Tecnw = 22674
       Tnw = 19629.5
       Tec = 9867.73
     twoNb = 1.51407e+06
     twoNc = 296484
     twoNw = 3.52938e+06
    twoNec = 80000.9
    twoNnw = 14954.9
  twoNecnw = 65753.4
  twoNbecnw = 10289.4
  twoNgbecnw = 370050
         m = 0.0729106
        m2 = 0.020742
        m6 = 1.279e-06
        Tb = 16270.8
        Ta = 45735.4
        Tf = 9814.75
#       SitePat  BranchLen
              b 118470.3726590
              e 45369.8936085
              c 45369.8778651
              n 43716.3412699
              w 43716.3411514
            b:e 1316.3683074
            b:c 1316.3671006
            b:n 1067.8676275
            b:w 1067.8676216
            e:c 11753.7427999
            e:n 4348.9529558
            e:w 4348.9529247
            c:n 4348.9569640
            c:w 4348.9570824
            n:w 12233.0142484
          b:e:c 1294.5905612
          b:e:n 586.7879137
          b:e:w 586.7879075
          b:c:n 586.7878854
          b:c:w 586.7878913
          b:n:w 1316.4264890
          e:c:n 4430.6951401
          e:c:w 4430.6951713
          e:n:w 5177.3570394
          c:n:w 5177.3640699
        b:e:c:n 1159.5807473
        b:e:c:w 1159.5807535
        b:e:n:w 1813.8517918
        b:c:n:w 1813.8535902
        e:c:n:w 46366.0413225
