########################################
# legofit: estimate population history #
#       version 2.3.4-4-g53f8760       #
########################################

# Program was compiled: Sep 21 2021 14:36:42
# Program was run: Sun Oct 10 16:37:48 2021

# cmd: legofit -1 -d 0 -t 32 --ptsPerDim 3 --stateOut b1boot2.state --tol 3e-6 -S 5000 abf2.lgo ../../chrX/boot_chrX/boot2.opf
# Stage nOptItr nSimReps
#     0    5000        0
# algorithm          : deterministic
# ignoring probs <=  : 0
# Branch length floor: 0
# DE strategy        : 2
#    F               : 0.3
#    CR              : 0.8
#    tolerance       : 3e-06
# nthreads           : 32
# lgo input file     : abf2.lgo
# site pat input file: ../../chrX/boot_chrX/boot2.opf
# free parameters    : 15
# points in DE swarm : 45
# output state file  : b1boot2.state
# Including singleton site patterns.
# cost function      : KL
Initial parameter values
Fixed:
      zero = 0
       one = 1
    Tbecnw = 75200
Free:
       pc1 = 0
       pc2 = 0
       pc3 = 0
       pc4 = 0
       pc5 = 0
       pc6 = 0
       pc7 = 0
       pc8 = 0
       pc9 = 0
      pc10 = 0
      pc11 = 0
      pc12 = 0
      pc13 = 0
      pc14 = 0
      pc15 = 0
Constrained:
   Tgbecnw = 135787
     Tecnw = 24003.1
       Tnw = 20298.6
       Tec = 10237.3
     twoNb = 1.36154e+06
     twoNc = 302057
     twoNw = 2.99835e+06
    twoNec = 88746.3
    twoNnw = 17773.1
  twoNecnw = 66209.2
  twoNbecnw = 17137.5
  twoNgbecnw = 299389
         m = 0.0933741
        m2 = 0.0202149
        m6 = 1.67501e-06
        Tb = 17120.2
        Ta = 46160.1
        Tf = 10149.3
DiffEv reached_goal. cost=2.50054e-03 spread=2.85118e-06
Fitted parameter values
Free:
       pc1 = 3.74354
       pc2 = -1.87461
       pc3 = 1.97209
       pc4 = -1.6483
       pc5 = -1.71883
       pc6 = -0.952135
       pc7 = 0.484373
       pc8 = -0.906139
       pc9 = -1.98902
      pc10 = 0.209808
      pc11 = 0.00730351
      pc12 = 0.0944507
      pc13 = -0.211716
      pc14 = 0.233259
      pc15 = 0.0799359
Constrained:
   Tgbecnw = 106860
     Tecnw = 22650.3
       Tnw = 19964.2
       Tec = 9992.7
     twoNb = 1.30975e+06
     twoNc = 322208
     twoNw = 7.87877e+06
    twoNec = 81489.5
    twoNnw = 12187
  twoNecnw = 65984.1
  twoNbecnw = 9607.93
  twoNgbecnw = 348589
         m = 0.0786881
        m2 = 0.020651
        m6 = 1.29165e-06
        Tb = 16321.5
        Ta = 45760.7
        Tf = 9982.1
#       SitePat  BranchLen
              b 118347.8943989
              e 45539.0719590
              c 45539.0552860
              n 43322.1824816
              w 43322.1824282
            b:e 1315.7172309
            b:c 1315.7159536
            b:n 1026.7533972
            b:w 1026.7533946
            e:c 11644.0379085
            e:n 4276.4236042
            e:w 4276.4235901
            c:n 4276.4278300
            c:w 4276.4278834
            n:w 12512.1073608
          b:e:c 1285.0305560
          b:e:n 568.9212151
          b:e:w 568.9212123
          b:c:n 568.9211888
          b:c:w 568.9211915
          b:n:w 1302.8231486
          e:c:n 4299.8334315
          e:c:w 4299.8334455
          e:n:w 5233.1683644
          c:n:w 5233.1759817
        b:e:c:n 1117.8111788
        b:e:c:w 1117.8111816
        b:e:n:w 1804.4539615
        b:c:n:w 1804.4558226
        e:c:n:w 46393.4463058
