########################################
# legofit: estimate population history #
#       version 2.3.4-4-g53f8760       #
########################################

# Program was compiled: Sep 21 2021 14:36:42
# Program was run: Sun Oct 10 16:44:31 2021

# cmd: legofit -1 -d 0 -t 32 --ptsPerDim 3 --stateOut b1boot42.state --tol 3e-6 -S 5000 abf2.lgo ../../chrX/boot_chrX/boot42.opf
# Stage nOptItr nSimReps
#     0    5000        0
# algorithm          : deterministic
# ignoring probs <=  : 0
# Branch length floor: 0
# DE strategy        : 2
#    F               : 0.3
#    CR              : 0.8
#    tolerance       : 3e-06
# nthreads           : 32
# lgo input file     : abf2.lgo
# site pat input file: ../../chrX/boot_chrX/boot42.opf
# free parameters    : 15
# points in DE swarm : 45
# output state file  : b1boot42.state
# Including singleton site patterns.
# cost function      : KL
Initial parameter values
Fixed:
      zero = 0
       one = 1
    Tbecnw = 75200
Free:
       pc1 = 0
       pc2 = 0
       pc3 = 0
       pc4 = 0
       pc5 = 0
       pc6 = 0
       pc7 = 0
       pc8 = 0
       pc9 = 0
      pc10 = 0
      pc11 = 0
      pc12 = 0
      pc13 = 0
      pc14 = 0
      pc15 = 0
Constrained:
   Tgbecnw = 135787
     Tecnw = 24003.1
       Tnw = 20298.6
       Tec = 10237.3
     twoNb = 1.36154e+06
     twoNc = 302057
     twoNw = 2.99835e+06
    twoNec = 88746.3
    twoNnw = 17773.1
  twoNecnw = 66209.2
  twoNbecnw = 17137.5
  twoNgbecnw = 299389
         m = 0.0933741
        m2 = 0.0202149
        m6 = 1.67501e-06
        Tb = 17120.2
        Ta = 46160.1
        Tf = 10149.3
DiffEv reached_goal. cost=2.51036e-03 spread=2.91100e-06
Fitted parameter values
Free:
       pc1 = 3.88643
       pc2 = -1.26204
       pc3 = 1.78871
       pc4 = -1.73281
       pc5 = -0.476001
       pc6 = 0.378633
       pc7 = 0.303393
       pc8 = -0.847831
       pc9 = 0.469373
      pc10 = -0.0551149
      pc11 = -0.227827
      pc12 = -0.179068
      pc13 = -0.249184
      pc14 = 0.39046
      pc15 = 0.11952
Constrained:
   Tgbecnw = 107336
     Tecnw = 23205.7
       Tnw = 20969.2
       Tec = 10677.4
     twoNb = 1.31472e+06
     twoNc = 328689
     twoNw = 3.48564e+06
    twoNec = 82880.4
    twoNnw = 10669.8
  twoNecnw = 63333
  twoNbecnw = 10093.6
  twoNgbecnw = 316786
         m = 0.0870388
        m2 = 0.0200728
        m6 = 6.90356e-07
        Tb = 16941.5
        Ta = 46070.8
        Tf = 10484.6
#       SitePat  BranchLen
              b 119194.2954898
              e 45587.8258392
              c 45587.8174441
              n 43614.6168778
              w 43614.6168111
            b:e 1314.9234792
            b:c 1314.9228186
            b:n 1033.1390686
            b:w 1033.1390653
            e:c 11342.1878342
            e:n 4303.3662559
            e:w 4303.3662379
            c:n 4303.3683448
            c:w 4303.3684116
            n:w 12032.5364005
          b:e:c 1260.8557334
          b:e:n 574.2003264
          b:e:w 574.2003229
          b:c:n 574.2003116
          b:c:w 574.2003149
          b:n:w 1278.2831244
          e:c:n 4359.7496572
          e:c:w 4359.7496751
          e:n:w 5245.2253936
          c:n:w 5245.2292518
        b:e:c:n 1118.6294481
        b:e:c:w 1118.6294516
        b:e:n:w 1780.3643875
        b:c:n:w 1780.3653453
        e:c:n:w 47281.0747805
