########################################
# legofit: estimate population history #
#       version 2.3.4-4-g53f8760       #
########################################

# Program was compiled: Sep 21 2021 14:36:42
# Program was run: Sun Oct 10 16:40:11 2021

# cmd: legofit -1 -d 0 -t 32 --ptsPerDim 3 --stateOut b1boot13.state --tol 3e-6 -S 5000 abf2.lgo ../../chrX/boot_chrX/boot13.opf
# Stage nOptItr nSimReps
#     0    5000        0
# algorithm          : deterministic
# ignoring probs <=  : 0
# Branch length floor: 0
# DE strategy        : 2
#    F               : 0.3
#    CR              : 0.8
#    tolerance       : 3e-06
# nthreads           : 32
# lgo input file     : abf2.lgo
# site pat input file: ../../chrX/boot_chrX/boot13.opf
# free parameters    : 15
# points in DE swarm : 45
# output state file  : b1boot13.state
# Including singleton site patterns.
# cost function      : KL
Initial parameter values
Fixed:
      zero = 0
       one = 1
    Tbecnw = 75200
Free:
       pc1 = 0
       pc2 = 0
       pc3 = 0
       pc4 = 0
       pc5 = 0
       pc6 = 0
       pc7 = 0
       pc8 = 0
       pc9 = 0
      pc10 = 0
      pc11 = 0
      pc12 = 0
      pc13 = 0
      pc14 = 0
      pc15 = 0
Constrained:
   Tgbecnw = 135787
     Tecnw = 24003.1
       Tnw = 20298.6
       Tec = 10237.3
     twoNb = 1.36154e+06
     twoNc = 302057
     twoNw = 2.99835e+06
    twoNec = 88746.3
    twoNnw = 17773.1
  twoNecnw = 66209.2
  twoNbecnw = 17137.5
  twoNgbecnw = 299389
         m = 0.0933741
        m2 = 0.0202149
        m6 = 1.67501e-06
        Tb = 17120.2
        Ta = 46160.1
        Tf = 10149.3
DiffEv reached_goal. cost=2.61441e-03 spread=2.92309e-06
Fitted parameter values
Free:
       pc1 = 3.53901
       pc2 = -3.78276
       pc3 = 1.01067
       pc4 = -1.28099
       pc5 = -1.03479
       pc6 = -0.464944
       pc7 = 1.84184
       pc8 = -0.417686
       pc9 = -0.982393
      pc10 = 0.0766552
      pc11 = 0.702879
      pc12 = 0.55257
      pc13 = -0.069675
      pc14 = 0.124546
      pc15 = -0.0896403
Constrained:
   Tgbecnw = 111263
     Tecnw = 22971
       Tnw = 19847.4
       Tec = 9948.84
     twoNb = 646557
     twoNc = 180570
     twoNw = 5.22145e+06
    twoNec = 81721.5
    twoNnw = 14911
  twoNecnw = 64139.2
  twoNbecnw = 10254.9
  twoNgbecnw = 424709
         m = 0.0647638
        m2 = 0.0213031
        m6 = 1.24142e-07
        Tb = 16459.9
        Ta = 45830
        Tf = 9923.72
#       SitePat  BranchLen
              b 118849.7587886
              e 45307.7448725
              c 45307.7433357
              n 43505.7714034
              w 43505.7713956
            b:e 1349.1372340
            b:c 1349.1371093
            b:n 1039.1489922
            b:w 1039.1489918
            e:c 11628.2434913
            e:n 4279.1690440
            e:w 4279.1690419
            c:n 4279.1694350
            c:w 4279.1694427
            n:w 12222.0403177
          b:e:c 1281.9252863
          b:e:n 572.2627181
          b:e:w 572.2627177
          b:c:n 572.2627154
          b:c:w 572.2627157
          b:n:w 1295.0443762
          e:c:n 4370.0513512
          e:c:w 4370.0513533
          e:n:w 5199.2797970
          c:n:w 5199.2804950
        b:e:c:n 1129.5539831
        b:e:c:w 1129.5539835
        b:e:n:w 1805.3701562
        b:c:n:w 1805.3703325
        e:c:n:w 47088.4251478
