########################################
# legofit: estimate population history #
#       version 2.3.4-4-g53f8760       #
########################################

# Program was compiled: Sep 21 2021 14:36:42
# Program was run: Sun Oct 10 16:43:20 2021

# cmd: legofit -1 -d 0 -t 32 --ptsPerDim 3 --stateOut b1boot33.state --tol 3e-6 -S 5000 abf2.lgo ../../chrX/boot_chrX/boot33.opf
# Stage nOptItr nSimReps
#     0    5000        0
# algorithm          : deterministic
# ignoring probs <=  : 0
# Branch length floor: 0
# DE strategy        : 2
#    F               : 0.3
#    CR              : 0.8
#    tolerance       : 3e-06
# nthreads           : 32
# lgo input file     : abf2.lgo
# site pat input file: ../../chrX/boot_chrX/boot33.opf
# free parameters    : 15
# points in DE swarm : 45
# output state file  : b1boot33.state
# Including singleton site patterns.
# cost function      : KL
Initial parameter values
Fixed:
      zero = 0
       one = 1
    Tbecnw = 75200
Free:
       pc1 = 0
       pc2 = 0
       pc3 = 0
       pc4 = 0
       pc5 = 0
       pc6 = 0
       pc7 = 0
       pc8 = 0
       pc9 = 0
      pc10 = 0
      pc11 = 0
      pc12 = 0
      pc13 = 0
      pc14 = 0
      pc15 = 0
Constrained:
   Tgbecnw = 135787
     Tecnw = 24003.1
       Tnw = 20298.6
       Tec = 10237.3
     twoNb = 1.36154e+06
     twoNc = 302057
     twoNw = 2.99835e+06
    twoNec = 88746.3
    twoNnw = 17773.1
  twoNecnw = 66209.2
  twoNbecnw = 17137.5
  twoNgbecnw = 299389
         m = 0.0933741
        m2 = 0.0202149
        m6 = 1.67501e-06
        Tb = 17120.2
        Ta = 46160.1
        Tf = 10149.3
DiffEv reached_goal. cost=2.43331e-03 spread=2.81386e-06
Fitted parameter values
Free:
       pc1 = 2.9836
       pc2 = -2.82784
       pc3 = 1.68149
       pc4 = -1.78143
       pc5 = -0.968039
       pc6 = -1.21617
       pc7 = -1.10133
       pc8 = -1.44969
       pc9 = -0.525781
      pc10 = -0.374382
      pc11 = 0.226019
      pc12 = 0.160534
      pc13 = -0.253562
      pc14 = 0.125126
      pc15 = 0.0826958
Constrained:
   Tgbecnw = 109705
     Tecnw = 23194.9
       Tnw = 20127.7
       Tec = 10108.6
     twoNb = 1.22887e+06
     twoNc = 350974
     twoNw = 8.18217e+06
    twoNec = 82266.6
    twoNnw = 13808.9
  twoNecnw = 63566
  twoNbecnw = 10452.7
  twoNgbecnw = 355583
         m = 0.0806561
        m2 = 0.0199866
        m6 = 6.24731e-06
        Tb = 16651.7
        Ta = 45925.9
        Tf = 10063.8
#       SitePat  BranchLen
              b 120660.4799225
              e 45469.0017365
              c 45468.9214243
              n 43358.7218099
              w 43358.7215603
            b:e 1336.2902962
            b:c 1336.2839720
            b:n 1044.0303231
            b:w 1044.0303107
            e:c 11703.5811877
            e:n 4234.4611310
            e:w 4234.4610650
            c:n 4234.4812822
            c:w 4234.4815318
            n:w 12474.2396188
          b:e:c 1308.7254497
          b:e:n 573.3267903
          b:e:w 573.3267773
          b:c:n 573.3266690
          b:c:w 573.3266814
          b:n:w 1328.1405496
          e:c:n 4359.3089400
          e:c:w 4359.3090060
          e:n:w 5281.3487100
          c:n:w 5281.3857958
        b:e:c:n 1130.2072331
        b:e:c:w 1130.2072461
        b:e:n:w 1820.5676954
        b:c:n:w 1820.5768453
        e:c:n:w 48738.7236121
