########################################
# legofit: estimate population history #
#       version 2.3.4-4-g53f8760       #
########################################

# Program was compiled: Sep 21 2021 14:36:42
# Program was run: Sun Oct 10 16:45:22 2021

# cmd: legofit -1 -d 0 -t 32 --ptsPerDim 3 --stateOut b1boot46.state --tol 3e-6 -S 5000 abf2.lgo ../../chrX/boot_chrX/boot46.opf
# Stage nOptItr nSimReps
#     0    5000        0
# algorithm          : deterministic
# ignoring probs <=  : 0
# Branch length floor: 0
# DE strategy        : 2
#    F               : 0.3
#    CR              : 0.8
#    tolerance       : 3e-06
# nthreads           : 32
# lgo input file     : abf2.lgo
# site pat input file: ../../chrX/boot_chrX/boot46.opf
# free parameters    : 15
# points in DE swarm : 45
# output state file  : b1boot46.state
# Including singleton site patterns.
# cost function      : KL
Initial parameter values
Fixed:
      zero = 0
       one = 1
    Tbecnw = 75200
Free:
       pc1 = 0
       pc2 = 0
       pc3 = 0
       pc4 = 0
       pc5 = 0
       pc6 = 0
       pc7 = 0
       pc8 = 0
       pc9 = 0
      pc10 = 0
      pc11 = 0
      pc12 = 0
      pc13 = 0
      pc14 = 0
      pc15 = 0
Constrained:
   Tgbecnw = 135787
     Tecnw = 24003.1
       Tnw = 20298.6
       Tec = 10237.3
     twoNb = 1.36154e+06
     twoNc = 302057
     twoNw = 2.99835e+06
    twoNec = 88746.3
    twoNnw = 17773.1
  twoNecnw = 66209.2
  twoNbecnw = 17137.5
  twoNgbecnw = 299389
         m = 0.0933741
        m2 = 0.0202149
        m6 = 1.67501e-06
        Tb = 17120.2
        Ta = 46160.1
        Tf = 10149.3
DiffEv reached_goal. cost=2.41997e-03 spread=2.77547e-06
Fitted parameter values
Free:
       pc1 = 1.1234
       pc2 = -2.73272
       pc3 = 1.72486
       pc4 = -1.68077
       pc5 = -0.895739
       pc6 = 0.489004
       pc7 = 0.897767
       pc8 = -1.46388
       pc9 = -1.35883
      pc10 = 0.0345643
      pc11 = 0.200108
      pc12 = 0.0797504
      pc13 = -0.00202091
      pc14 = 0.324538
      pc15 = -0.0129486
Constrained:
   Tgbecnw = 113816
     Tecnw = 23351.2
       Tnw = 18860.5
       Tec = 9582.04
     twoNb = 923932
     twoNc = 533546
     twoNw = 5.89175e+06
    twoNec = 89568.1
    twoNnw = 22088.2
  twoNecnw = 64331.6
  twoNbecnw = 11498.2
  twoNgbecnw = 344203
         m = 0.0788238
        m2 = 0.0201614
        m6 = 5.86113e-07
        Tb = 16466.6
        Ta = 45833.3
        Tf = 9430.24
#       SitePat  BranchLen
              b 119358.4511538
              e 45783.8215179
              c 45783.8142886
              n 43929.5404129
              w 43929.5403809
            b:e 1330.0844184
            b:c 1330.0838596
            b:n 1049.7024295
            b:w 1049.7024280
            e:c 11557.0765750
            e:n 4349.5081696
            e:w 4349.5081614
            c:n 4349.5100474
            c:w 4349.5100794
            n:w 12222.0706574
          b:e:c 1266.8420501
          b:e:n 580.3374104
          b:e:w 580.3374088
          b:c:n 580.3373994
          b:c:w 580.3374009
          b:n:w 1283.3429218
          e:c:n 4409.7757517
          e:c:w 4409.7757599
          e:n:w 5218.7946878
          c:n:w 5218.7978984
        b:e:c:n 1133.4714417
        b:e:c:w 1133.4714433
        b:e:n:w 1777.6148908
        b:c:n:w 1777.6156914
        e:c:n:w 46931.3127712
