########################################
# legofit: estimate population history #
#       version 2.3.4-4-g53f8760       #
########################################

# Program was compiled: Sep 21 2021 14:36:42
# Program was run: Sun Oct 10 16:42:17 2021

# cmd: legofit -1 -d 0 -t 32 --ptsPerDim 3 --stateOut b1boot27.state --tol 3e-6 -S 5000 abf2.lgo ../../chrX/boot_chrX/boot27.opf
# Stage nOptItr nSimReps
#     0    5000        0
# algorithm          : deterministic
# ignoring probs <=  : 0
# Branch length floor: 0
# DE strategy        : 2
#    F               : 0.3
#    CR              : 0.8
#    tolerance       : 3e-06
# nthreads           : 32
# lgo input file     : abf2.lgo
# site pat input file: ../../chrX/boot_chrX/boot27.opf
# free parameters    : 15
# points in DE swarm : 45
# output state file  : b1boot27.state
# Including singleton site patterns.
# cost function      : KL
Initial parameter values
Fixed:
      zero = 0
       one = 1
    Tbecnw = 75200
Free:
       pc1 = 0
       pc2 = 0
       pc3 = 0
       pc4 = 0
       pc5 = 0
       pc6 = 0
       pc7 = 0
       pc8 = 0
       pc9 = 0
      pc10 = 0
      pc11 = 0
      pc12 = 0
      pc13 = 0
      pc14 = 0
      pc15 = 0
Constrained:
   Tgbecnw = 135787
     Tecnw = 24003.1
       Tnw = 20298.6
       Tec = 10237.3
     twoNb = 1.36154e+06
     twoNc = 302057
     twoNw = 2.99835e+06
    twoNec = 88746.3
    twoNnw = 17773.1
  twoNecnw = 66209.2
  twoNbecnw = 17137.5
  twoNgbecnw = 299389
         m = 0.0933741
        m2 = 0.0202149
        m6 = 1.67501e-06
        Tb = 17120.2
        Ta = 46160.1
        Tf = 10149.3
DiffEv reached_goal. cost=2.38875e-03 spread=2.80865e-06
Fitted parameter values
Free:
       pc1 = 3.97143
       pc2 = -2.37819
       pc3 = 1.20184
       pc4 = -1.9448
       pc5 = -1.99876
       pc6 = -1.84739
       pc7 = 1.00851
       pc8 = -1.35831
       pc9 = -1.98803
      pc10 = -0.108697
      pc11 = 0.397166
      pc12 = 0.0574474
      pc13 = -0.161345
      pc14 = 0.233527
      pc15 = 0.0437369
Constrained:
   Tgbecnw = 105048
     Tecnw = 22675.1
       Tnw = 19890.7
       Tec = 10054
     twoNb = 838305
     twoNc = 281525
     twoNw = 8.91906e+06
    twoNec = 78778
    twoNnw = 12549.8
  twoNecnw = 66362.3
  twoNbecnw = 9190.47
  twoNgbecnw = 360660
         m = 0.076564
        m2 = 0.0215627
        m6 = 2.63404e-06
        Tb = 16364.5
        Ta = 45782.3
        Tf = 9945.36
#       SitePat  BranchLen
              b 118591.2167731
              e 45575.9893710
              c 45575.9549637
              n 43430.5689636
              w 43430.5688674
            b:e 1399.8346955
            b:c 1399.8318716
            b:n 1076.6508768
            b:w 1076.6508719
            e:c 11827.5632318
            e:n 4269.6179724
            e:w 4269.6179471
            c:n 4269.6266992
            c:w 4269.6267954
            n:w 12648.2418832
          b:e:c 1362.6755204
          b:e:n 594.5364440
          b:e:w 594.5364388
          b:c:n 594.5363832
          b:c:w 594.5363881
          b:n:w 1376.2982653
          e:c:n 4335.5987490
          e:c:w 4335.5987743
          e:n:w 5264.2267843
          c:n:w 5264.2425732
        b:e:c:n 1179.0708147
        b:e:c:w 1179.0708200
        b:e:n:w 1884.7172999
        b:c:n:w 1884.7212786
        e:c:n:w 46716.2299890
