########################################
# legofit: estimate population history #
#       version 2.3.4-4-g53f8760       #
########################################

# Program was compiled: Sep 21 2021 14:36:42
# Program was run: Sun Oct 10 16:45:22 2021

# cmd: legofit -1 -d 0 -t 32 --ptsPerDim 3 --stateOut b1boot47.state --tol 3e-6 -S 5000 abf2.lgo ../../chrX/boot_chrX/boot47.opf
# Stage nOptItr nSimReps
#     0    5000        0
# algorithm          : deterministic
# ignoring probs <=  : 0
# Branch length floor: 0
# DE strategy        : 2
#    F               : 0.3
#    CR              : 0.8
#    tolerance       : 3e-06
# nthreads           : 32
# lgo input file     : abf2.lgo
# site pat input file: ../../chrX/boot_chrX/boot47.opf
# free parameters    : 15
# points in DE swarm : 45
# output state file  : b1boot47.state
# Including singleton site patterns.
# cost function      : KL
Initial parameter values
Fixed:
      zero = 0
       one = 1
    Tbecnw = 75200
Free:
       pc1 = 0
       pc2 = 0
       pc3 = 0
       pc4 = 0
       pc5 = 0
       pc6 = 0
       pc7 = 0
       pc8 = 0
       pc9 = 0
      pc10 = 0
      pc11 = 0
      pc12 = 0
      pc13 = 0
      pc14 = 0
      pc15 = 0
Constrained:
   Tgbecnw = 135787
     Tecnw = 24003.1
       Tnw = 20298.6
       Tec = 10237.3
     twoNb = 1.36154e+06
     twoNc = 302057
     twoNw = 2.99835e+06
    twoNec = 88746.3
    twoNnw = 17773.1
  twoNecnw = 66209.2
  twoNbecnw = 17137.5
  twoNgbecnw = 299389
         m = 0.0933741
        m2 = 0.0202149
        m6 = 1.67501e-06
        Tb = 17120.2
        Ta = 46160.1
        Tf = 10149.3
DiffEv reached_goal. cost=2.48097e-03 spread=2.19071e-06
Fitted parameter values
Free:
       pc1 = 3.94033
       pc2 = -1.70712
       pc3 = 0.849235
       pc4 = -1.97526
       pc5 = -1.77552
       pc6 = -0.947097
       pc7 = 0.0360333
       pc8 = -0.654019
       pc9 = -1.644
      pc10 = 0.0241798
      pc11 = -0.0824372
      pc12 = 0.293883
      pc13 = -0.162538
      pc14 = 0.341297
      pc15 = 0.0531686
Constrained:
   Tgbecnw = 111655
     Tecnw = 22661.1
       Tnw = 20426.8
       Tec = 10330.2
     twoNb = 1.25869e+06
     twoNc = 515106
     twoNw = 7.51236e+06
    twoNec = 79186.4
    twoNnw = 10697.9
  twoNecnw = 65736.8
  twoNbecnw = 10615
  twoNgbecnw = 351104
         m = 0.0787112
        m2 = 0.0211771
        m6 = 2.47503e-06
        Tb = 16495.7
        Ta = 45847.8
        Tf = 10213.4
#       SitePat  BranchLen
              b 118742.9164209
              e 45499.3624659
              c 45499.3319276
              n 43585.2821471
              w 43585.2820375
            b:e 1254.8732108
            b:c 1254.8709459
            b:n 986.8400902
            b:w 986.8400851
            e:c 11545.4050204
            e:n 4312.6682140
            e:w 4312.6681850
            c:n 4312.6759750
            c:w 4312.6760846
            n:w 12187.0400029
          b:e:c 1205.1840277
          b:e:n 544.7492656
          b:e:w 544.7492602
          b:c:n 544.7492220
          b:c:w 544.7492272
          b:n:w 1227.2519374
          e:c:n 4327.8938997
          e:c:w 4327.8939288
          e:n:w 5165.5371757
          c:n:w 5165.5509773
        b:e:c:n 1066.8107609
        b:e:c:w 1066.8107663
        b:e:n:w 1747.5532260
        b:c:n:w 1747.5566437
        e:c:n:w 46544.3457988
