########################################
# legofit: estimate population history #
#       version 2.3.4-4-g53f8760       #
########################################

# Program was compiled: Sep 21 2021 14:36:42
# Program was run: Sun Oct 10 16:46:08 2021

# cmd: legofit -1 -d 0 -t 32 --ptsPerDim 3 --stateOut b1boot49.state --tol 3e-6 -S 5000 abf2.lgo ../../chrX/boot_chrX/boot49.opf
# Stage nOptItr nSimReps
#     0    5000        0
# algorithm          : deterministic
# ignoring probs <=  : 0
# Branch length floor: 0
# DE strategy        : 2
#    F               : 0.3
#    CR              : 0.8
#    tolerance       : 3e-06
# nthreads           : 32
# lgo input file     : abf2.lgo
# site pat input file: ../../chrX/boot_chrX/boot49.opf
# free parameters    : 15
# points in DE swarm : 45
# output state file  : b1boot49.state
# Including singleton site patterns.
# cost function      : KL
Initial parameter values
Fixed:
      zero = 0
       one = 1
    Tbecnw = 75200
Free:
       pc1 = 0
       pc2 = 0
       pc3 = 0
       pc4 = 0
       pc5 = 0
       pc6 = 0
       pc7 = 0
       pc8 = 0
       pc9 = 0
      pc10 = 0
      pc11 = 0
      pc12 = 0
      pc13 = 0
      pc14 = 0
      pc15 = 0
Constrained:
   Tgbecnw = 135787
     Tecnw = 24003.1
       Tnw = 20298.6
       Tec = 10237.3
     twoNb = 1.36154e+06
     twoNc = 302057
     twoNw = 2.99835e+06
    twoNec = 88746.3
    twoNnw = 17773.1
  twoNecnw = 66209.2
  twoNbecnw = 17137.5
  twoNgbecnw = 299389
         m = 0.0933741
        m2 = 0.0202149
        m6 = 1.67501e-06
        Tb = 17120.2
        Ta = 46160.1
        Tf = 10149.3
DiffEv reached_goal. cost=2.43299e-03 spread=2.46868e-06
Fitted parameter values
Free:
       pc1 = 3.53368
       pc2 = -1.20652
       pc3 = 0.81809
       pc4 = -1.77206
       pc5 = -0.767773
       pc6 = -0.449921
       pc7 = 0.723672
       pc8 = -0.237956
       pc9 = -0.364866
      pc10 = 0.187675
      pc11 = -0.241066
      pc12 = 0.0647864
      pc13 = 0.0778357
      pc14 = 0.575679
      pc15 = 0.0569929
Constrained:
   Tgbecnw = 112836
     Tecnw = 22974.4
       Tnw = 20598.1
       Tec = 10665.8
     twoNb = 1.2353e+06
     twoNc = 340434
     twoNw = 3.67236e+06
    twoNec = 82275.7
    twoNnw = 12061.4
  twoNecnw = 65023.8
  twoNbecnw = 11510.6
  twoNgbecnw = 333859
         m = 0.0821653
        m2 = 0.021227
        m6 = 1.30081e-06
        Tb = 16820.1
        Ta = 46010.1
        Tf = 10299.1
#       SitePat  BranchLen
              b 120000.0726892
              e 45940.7142303
              c 45940.6987188
              n 44115.4148808
              w 44115.4147602
            b:e 1372.6734623
            b:c 1372.6722125
            b:n 1092.2889700
            b:w 1092.2889638
            e:c 11423.5699122
            e:n 4447.0818751
            e:w 4447.0818426
            c:n 4447.0857840
            c:w 4447.0859047
            n:w 12007.3233638
          b:e:c 1300.7322538
          b:e:n 608.6263436
          b:e:w 608.6263371
          b:c:n 608.6263157
          b:c:w 608.6263219
          b:n:w 1320.1954985
          e:c:n 4475.4961448
          e:c:w 4475.4961773
          e:n:w 5292.8056835
          c:n:w 5292.8126722
        b:e:c:n 1181.1461991
        b:e:c:w 1181.1462056
        b:e:n:w 1866.2912340
        b:c:n:w 1866.2930788
        e:c:n:w 47458.8183114
