########################################
# legofit: estimate population history #
#       version 2.3.4-4-g53f8760       #
########################################

# Program was compiled: Sep 21 2021 14:36:42
# Program was run: Sun Oct 10 16:40:13 2021

# cmd: legofit -1 -d 0 -t 32 --ptsPerDim 3 --stateOut b1boot16.state --tol 3e-6 -S 5000 abf2.lgo ../../chrX/boot_chrX/boot16.opf
# Stage nOptItr nSimReps
#     0    5000        0
# algorithm          : deterministic
# ignoring probs <=  : 0
# Branch length floor: 0
# DE strategy        : 2
#    F               : 0.3
#    CR              : 0.8
#    tolerance       : 3e-06
# nthreads           : 32
# lgo input file     : abf2.lgo
# site pat input file: ../../chrX/boot_chrX/boot16.opf
# free parameters    : 15
# points in DE swarm : 45
# output state file  : b1boot16.state
# Including singleton site patterns.
# cost function      : KL
Initial parameter values
Fixed:
      zero = 0
       one = 1
    Tbecnw = 75200
Free:
       pc1 = 0
       pc2 = 0
       pc3 = 0
       pc4 = 0
       pc5 = 0
       pc6 = 0
       pc7 = 0
       pc8 = 0
       pc9 = 0
      pc10 = 0
      pc11 = 0
      pc12 = 0
      pc13 = 0
      pc14 = 0
      pc15 = 0
Constrained:
   Tgbecnw = 135787
     Tecnw = 24003.1
       Tnw = 20298.6
       Tec = 10237.3
     twoNb = 1.36154e+06
     twoNc = 302057
     twoNw = 2.99835e+06
    twoNec = 88746.3
    twoNnw = 17773.1
  twoNecnw = 66209.2
  twoNbecnw = 17137.5
  twoNgbecnw = 299389
         m = 0.0933741
        m2 = 0.0202149
        m6 = 1.67501e-06
        Tb = 17120.2
        Ta = 46160.1
        Tf = 10149.3
DiffEv reached_goal. cost=2.55573e-03 spread=2.03019e-06
Fitted parameter values
Free:
       pc1 = 3.688
       pc2 = -1.9413
       pc3 = 1.85389
       pc4 = -1.84598
       pc5 = -1.84389
       pc6 = -1.11048
       pc7 = 1.33796
       pc8 = -1.99211
       pc9 = -1.04726
      pc10 = -0.0961038
      pc11 = 0.00804618
      pc12 = -0.159517
      pc13 = -0.305499
      pc14 = 0.32245
      pc15 = 0.108018
Constrained:
   Tgbecnw = 102833
     Tecnw = 22867.2
       Tnw = 19984
       Tec = 10156.9
     twoNb = 785490
     twoNc = 214538
     twoNw = 8.19856e+06
    twoNec = 82178.9
    twoNnw = 13219.6
  twoNecnw = 65149.6
  twoNbecnw = 8778.62
  twoNgbecnw = 320506
         m = 0.0866325
        m2 = 0.0210439
        m6 = 9.11884e-07
        Tb = 16512.1
        Ta = 45856
        Tf = 9992
#       SitePat  BranchLen
              b 118295.5508484
              e 45530.1833062
              c 45530.1716999
              n 43363.4240791
              w 43363.4240429
            b:e 1356.1551598
            b:c 1356.1542240
            b:n 1031.3851124
            b:w 1031.3851106
            e:c 11532.6565475
            e:n 4260.0599420
            e:w 4260.0599325
            c:n 4260.0628950
            c:w 4260.0629312
            n:w 12389.3826205
          b:e:c 1292.5675367
          b:e:n 573.5191094
          b:e:w 573.5191075
          b:c:n 573.5190897
          b:c:w 573.5190915
          b:n:w 1304.2796430
          e:c:n 4289.8821378
          e:c:w 4289.8821473
          e:n:w 5230.2828667
          c:n:w 5230.2881843
        b:e:c:n 1127.4580625
        b:e:c:w 1127.4580643
        b:e:n:w 1810.1390241
        b:c:n:w 1810.1403327
        e:c:n:w 46582.9267099
