########################################
# legofit: estimate population history #
#       version 2.3.4-4-g53f8760       #
########################################

# Program was compiled: Sep 21 2021 14:36:42
# Program was run: Sun Oct 10 16:40:49 2021

# cmd: legofit -1 -d 0 -t 32 --ptsPerDim 3 --stateOut b1boot18.state --tol 3e-6 -S 5000 abf2.lgo ../../chrX/boot_chrX/boot18.opf
# Stage nOptItr nSimReps
#     0    5000        0
# algorithm          : deterministic
# ignoring probs <=  : 0
# Branch length floor: 0
# DE strategy        : 2
#    F               : 0.3
#    CR              : 0.8
#    tolerance       : 3e-06
# nthreads           : 32
# lgo input file     : abf2.lgo
# site pat input file: ../../chrX/boot_chrX/boot18.opf
# free parameters    : 15
# points in DE swarm : 45
# output state file  : b1boot18.state
# Including singleton site patterns.
# cost function      : KL
Initial parameter values
Fixed:
      zero = 0
       one = 1
    Tbecnw = 75200
Free:
       pc1 = 0
       pc2 = 0
       pc3 = 0
       pc4 = 0
       pc5 = 0
       pc6 = 0
       pc7 = 0
       pc8 = 0
       pc9 = 0
      pc10 = 0
      pc11 = 0
      pc12 = 0
      pc13 = 0
      pc14 = 0
      pc15 = 0
Constrained:
   Tgbecnw = 135787
     Tecnw = 24003.1
       Tnw = 20298.6
       Tec = 10237.3
     twoNb = 1.36154e+06
     twoNc = 302057
     twoNw = 2.99835e+06
    twoNec = 88746.3
    twoNnw = 17773.1
  twoNecnw = 66209.2
  twoNbecnw = 17137.5
  twoNgbecnw = 299389
         m = 0.0933741
        m2 = 0.0202149
        m6 = 1.67501e-06
        Tb = 17120.2
        Ta = 46160.1
        Tf = 10149.3
DiffEv reached_goal. cost=2.60749e-03 spread=2.95449e-06
Fitted parameter values
Free:
       pc1 = 3.97126
       pc2 = -3.44669
       pc3 = 1.83876
       pc4 = -1.52708
       pc5 = -1.99351
       pc6 = -1.13981
       pc7 = 0.701351
       pc8 = -1.70502
       pc9 = -0.205028
      pc10 = 0.418274
      pc11 = -0.245286
      pc12 = 0.173637
      pc13 = -0.262668
      pc14 = 0.316764
      pc15 = 0.00921832
Constrained:
   Tgbecnw = 104805
     Tecnw = 22771
       Tnw = 20367.9
       Tec = 10246.7
     twoNb = 821291
     twoNc = 104101
     twoNw = 9.18346e+06
    twoNec = 85149.6
    twoNnw = 11894
  twoNecnw = 62916.4
  twoNbecnw = 9012.12
  twoNgbecnw = 366543
         m = 0.0753835
        m2 = 0.0210615
        m6 = 2.21138e-06
        Tb = 16508.8
        Ta = 45854.4
        Tf = 10183.9
#       SitePat  BranchLen
              b 118553.3184906
              e 45178.0375716
              c 45178.0114860
              n 43225.1847210
              w 43225.1846419
            b:e 1334.4677074
            b:c 1334.4655935
            b:n 1029.2884269
            b:w 1029.2884230
            e:c 11144.2444576
            e:n 4338.5487606
            e:w 4338.5487393
            c:n 4338.5553772
            c:w 4338.5554563
            n:w 11831.9384612
          b:e:c 1244.5715925
          b:e:n 577.6894492
          b:e:w 577.6894450
          b:c:n 577.6894054
          b:c:w 577.6894093
          b:n:w 1257.1078342
          e:c:n 4354.5623187
          e:c:w 4354.5623401
          e:n:w 5232.0821251
          c:n:w 5232.0940197
        b:e:c:n 1120.4647945
        b:e:c:w 1120.4647987
        b:e:n:w 1800.7254734
        b:c:n:w 1800.7285240
        e:c:n:w 47218.9898991
