########################################
# legofit: estimate population history #
#       version 2.3.4-4-g53f8760       #
########################################

# Program was compiled: Sep 21 2021 14:36:42
# Program was run: Sun Oct 10 16:38:44 2021

# cmd: legofit -1 -d 0 -t 32 --ptsPerDim 3 --stateOut b1boot6.state --tol 3e-6 -S 5000 abf2.lgo ../../chrX/boot_chrX/boot6.opf
# Stage nOptItr nSimReps
#     0    5000        0
# algorithm          : deterministic
# ignoring probs <=  : 0
# Branch length floor: 0
# DE strategy        : 2
#    F               : 0.3
#    CR              : 0.8
#    tolerance       : 3e-06
# nthreads           : 32
# lgo input file     : abf2.lgo
# site pat input file: ../../chrX/boot_chrX/boot6.opf
# free parameters    : 15
# points in DE swarm : 45
# output state file  : b1boot6.state
# Including singleton site patterns.
# cost function      : KL
Initial parameter values
Fixed:
      zero = 0
       one = 1
    Tbecnw = 75200
Free:
       pc1 = 0
       pc2 = 0
       pc3 = 0
       pc4 = 0
       pc5 = 0
       pc6 = 0
       pc7 = 0
       pc8 = 0
       pc9 = 0
      pc10 = 0
      pc11 = 0
      pc12 = 0
      pc13 = 0
      pc14 = 0
      pc15 = 0
Constrained:
   Tgbecnw = 135787
     Tecnw = 24003.1
       Tnw = 20298.6
       Tec = 10237.3
     twoNb = 1.36154e+06
     twoNc = 302057
     twoNw = 2.99835e+06
    twoNec = 88746.3
    twoNnw = 17773.1
  twoNecnw = 66209.2
  twoNbecnw = 17137.5
  twoNgbecnw = 299389
         m = 0.0933741
        m2 = 0.0202149
        m6 = 1.67501e-06
        Tb = 17120.2
        Ta = 46160.1
        Tf = 10149.3
DiffEv reached_goal. cost=2.36762e-03 spread=2.87550e-06
Fitted parameter values
Free:
       pc1 = 1.82962
       pc2 = -3.6905
       pc3 = 0.852926
       pc4 = -1.59635
       pc5 = 0.915016
       pc6 = 0.860361
       pc7 = 0.406561
       pc8 = -1.92398
       pc9 = 0.363939
      pc10 = -0.247924
      pc11 = -0.11882
      pc12 = 0.314367
      pc13 = 0.0960176
      pc14 = 0.493013
      pc15 = 0.0701299
Constrained:
   Tgbecnw = 115381
     Tecnw = 23496.8
       Tnw = 19562.5
       Tec = 10177.9
     twoNb = 436870
     twoNc = 498967
     twoNw = 2.33794e+06
    twoNec = 89709.7
    twoNnw = 19260.1
  twoNecnw = 61686.9
  twoNbecnw = 11868
  twoNgbecnw = 361541
         m = 0.0740435
        m2 = 0.0192564
        m6 = 3.5543e-06
        Tb = 16837.3
        Ta = 46018.7
        Tf = 9781.24
#       SitePat  BranchLen
              b 119525.1799241
              e 45478.1896051
              c 45478.1467826
              n 43579.4188010
              w 43579.4183076
            b:e 1388.2186148
            b:c 1388.2149949
            b:n 1043.2809882
            b:w 1043.2809641
            e:c 11271.0595397
            e:n 4340.8492636
            e:w 4340.8491335
            c:n 4340.8600818
            c:w 4340.8605753
            n:w 12017.1504191
          b:e:c 1264.3496936
          b:e:n 580.6610207
          b:e:w 580.6609954
          b:c:n 580.6609351
          b:c:w 580.6609592
          b:n:w 1266.7982486
          e:c:n 4427.6806478
          e:c:w 4427.6807779
          e:n:w 5313.4220498
          c:n:w 5313.4416637
        b:e:c:n 1125.3093978
        b:e:c:w 1125.3094231
        b:e:n:w 1734.7020555
        b:c:n:w 1734.7067458
        e:c:n:w 47563.0528326
