########################################
# legofit: estimate population history #
#       version 2.3.4-4-g53f8760       #
########################################

# Program was compiled: Sep 21 2021 14:36:42
# Program was run: Sun Oct 10 16:44:23 2021

# cmd: legofit -1 -d 0 -t 32 --ptsPerDim 3 --stateOut b1boot39.state --tol 3e-6 -S 5000 abf2.lgo ../../chrX/boot_chrX/boot39.opf
# Stage nOptItr nSimReps
#     0    5000        0
# algorithm          : deterministic
# ignoring probs <=  : 0
# Branch length floor: 0
# DE strategy        : 2
#    F               : 0.3
#    CR              : 0.8
#    tolerance       : 3e-06
# nthreads           : 32
# lgo input file     : abf2.lgo
# site pat input file: ../../chrX/boot_chrX/boot39.opf
# free parameters    : 15
# points in DE swarm : 45
# output state file  : b1boot39.state
# Including singleton site patterns.
# cost function      : KL
Initial parameter values
Fixed:
      zero = 0
       one = 1
    Tbecnw = 75200
Free:
       pc1 = 0
       pc2 = 0
       pc3 = 0
       pc4 = 0
       pc5 = 0
       pc6 = 0
       pc7 = 0
       pc8 = 0
       pc9 = 0
      pc10 = 0
      pc11 = 0
      pc12 = 0
      pc13 = 0
      pc14 = 0
      pc15 = 0
Constrained:
   Tgbecnw = 135787
     Tecnw = 24003.1
       Tnw = 20298.6
       Tec = 10237.3
     twoNb = 1.36154e+06
     twoNc = 302057
     twoNw = 2.99835e+06
    twoNec = 88746.3
    twoNnw = 17773.1
  twoNecnw = 66209.2
  twoNbecnw = 17137.5
  twoNgbecnw = 299389
         m = 0.0933741
        m2 = 0.0202149
        m6 = 1.67501e-06
        Tb = 17120.2
        Ta = 46160.1
        Tf = 10149.3
DiffEv reached_goal. cost=2.41143e-03 spread=2.40326e-06
Fitted parameter values
Free:
       pc1 = 3.83039
       pc2 = -3.17451
       pc3 = 1.61991
       pc4 = -1.86086
       pc5 = -0.947642
       pc6 = -0.727499
       pc7 = -0.0444823
       pc8 = -1.95504
       pc9 = -1.28701
      pc10 = -0.030629
      pc11 = 0.324407
      pc12 = 0.222972
      pc13 = -0.18239
      pc14 = 0.455154
      pc15 = 0.0754092
Constrained:
   Tgbecnw = 104705
     Tecnw = 22841.4
       Tnw = 19975.8
       Tec = 10162.9
     twoNb = 836470
     twoNc = 429101
     twoNw = 7.71437e+06
    twoNec = 82859.3
    twoNnw = 13608.9
  twoNecnw = 64210
  twoNbecnw = 8879.66
  twoNgbecnw = 374052
         m = 0.075654
        m2 = 0.0198864
        m6 = 3.92081e-06
        Tb = 16502.2
        Ta = 45851.1
        Tf = 9987.91
#       SitePat  BranchLen
              b 118926.5987133
              e 45269.7928584
              c 45269.7447138
              n 43300.7481873
              w 43300.7480220
            b:e 1318.8415663
            b:c 1318.8377665
            b:n 1024.8714520
            b:w 1024.8714439
            e:c 11405.7854958
            e:n 4281.4878985
            e:w 4281.4878549
            c:n 4281.5001808
            c:w 4281.5003462
            n:w 12129.7213035
          b:e:c 1261.6303822
          b:e:n 570.0570125
          b:e:w 570.0570039
          b:c:n 570.0569315
          b:c:w 570.0569396
          b:n:w 1274.9078728
          e:c:n 4318.1629079
          e:c:w 4318.1629515
          e:n:w 5184.5190188
          c:n:w 5184.5409047
        b:e:c:n 1117.7814307
        b:e:c:w 1117.7814393
        b:e:n:w 1777.1874011
        b:c:n:w 1777.1928311
        e:c:n:w 47427.9950648
