########################################
# legofit: estimate population history #
#       version 2.3.4-4-g53f8760       #
########################################

# Program was compiled: Sep 21 2021 14:36:42
# Program was run: Sun Oct 10 16:42:29 2021

# cmd: legofit -1 -d 0 -t 32 --ptsPerDim 3 --stateOut b1boot29.state --tol 3e-6 -S 5000 abf2.lgo ../../chrX/boot_chrX/boot29.opf
# Stage nOptItr nSimReps
#     0    5000        0
# algorithm          : deterministic
# ignoring probs <=  : 0
# Branch length floor: 0
# DE strategy        : 2
#    F               : 0.3
#    CR              : 0.8
#    tolerance       : 3e-06
# nthreads           : 32
# lgo input file     : abf2.lgo
# site pat input file: ../../chrX/boot_chrX/boot29.opf
# free parameters    : 15
# points in DE swarm : 45
# output state file  : b1boot29.state
# Including singleton site patterns.
# cost function      : KL
Initial parameter values
Fixed:
      zero = 0
       one = 1
    Tbecnw = 75200
Free:
       pc1 = 0
       pc2 = 0
       pc3 = 0
       pc4 = 0
       pc5 = 0
       pc6 = 0
       pc7 = 0
       pc8 = 0
       pc9 = 0
      pc10 = 0
      pc11 = 0
      pc12 = 0
      pc13 = 0
      pc14 = 0
      pc15 = 0
Constrained:
   Tgbecnw = 135787
     Tecnw = 24003.1
       Tnw = 20298.6
       Tec = 10237.3
     twoNb = 1.36154e+06
     twoNc = 302057
     twoNw = 2.99835e+06
    twoNec = 88746.3
    twoNnw = 17773.1
  twoNecnw = 66209.2
  twoNbecnw = 17137.5
  twoNgbecnw = 299389
         m = 0.0933741
        m2 = 0.0202149
        m6 = 1.67501e-06
        Tb = 17120.2
        Ta = 46160.1
        Tf = 10149.3
DiffEv reached_goal. cost=2.54538e-03 spread=2.09025e-06
Fitted parameter values
Free:
       pc1 = 2.63195
       pc2 = -2.08464
       pc3 = 1.78311
       pc4 = -1.8332
       pc5 = -0.274793
       pc6 = 0.699565
       pc7 = 0.871619
       pc8 = -0.890189
       pc9 = 0.0849543
      pc10 = -0.379056
      pc11 = -0.126383
      pc12 = 0.0689118
      pc13 = -0.216026
      pc14 = 0.245885
      pc15 = 0.0287298
Constrained:
   Tgbecnw = 110838
     Tecnw = 23349.2
       Tnw = 20000.8
       Tec = 10138.4
     twoNb = 1.0787e+06
     twoNc = 386553
     twoNw = 2.9757e+06
    twoNec = 84327
    twoNnw = 16318.9
  twoNecnw = 62918.5
  twoNbecnw = 10804.8
  twoNgbecnw = 329185
         m = 0.0836258
        m2 = 0.0201365
        m6 = 2.82311e-07
        Tb = 16743.8
        Ta = 45971.9
        Tf = 10000.4
#       SitePat  BranchLen
              b 119367.1126336
              e 45409.7904300
              c 45409.7870049
              n 43675.9832926
              w 43675.9832614
            b:e 1283.5972646
            b:c 1283.5970019
            b:n 1014.4304581
            b:w 1014.4304566
            e:c 11484.6862172
            e:n 4285.0089130
            e:w 4285.0089048
            c:n 4285.0097766
            c:w 4285.0098079
            n:w 12028.2512413
          b:e:c 1229.2509508
          b:e:n 558.0968253
          b:e:w 558.0968237
          b:c:n 558.0968194
          b:c:w 558.0968209
          b:n:w 1248.3313769
          e:c:n 4387.9026878
          e:c:w 4387.9026960
          e:n:w 5185.7036717
          c:n:w 5185.7052193
        b:e:c:n 1094.0889123
        b:e:c:w 1094.0889139
        b:e:n:w 1736.6137739
        b:c:n:w 1736.6141561
        e:c:n:w 47354.7063272
