########################################
# legofit: estimate population history #
#       version 2.3.4-4-g53f8760       #
########################################

# Program was compiled: Sep 21 2021 14:36:42
# Program was run: Sun Oct 10 16:40:11 2021

# cmd: legofit -1 -d 0 -t 32 --ptsPerDim 3 --stateOut b1boot15.state --tol 3e-6 -S 5000 abf2.lgo ../../chrX/boot_chrX/boot15.opf
# Stage nOptItr nSimReps
#     0    5000        0
# algorithm          : deterministic
# ignoring probs <=  : 0
# Branch length floor: 0
# DE strategy        : 2
#    F               : 0.3
#    CR              : 0.8
#    tolerance       : 3e-06
# nthreads           : 32
# lgo input file     : abf2.lgo
# site pat input file: ../../chrX/boot_chrX/boot15.opf
# free parameters    : 15
# points in DE swarm : 45
# output state file  : b1boot15.state
# Including singleton site patterns.
# cost function      : KL
Initial parameter values
Fixed:
      zero = 0
       one = 1
    Tbecnw = 75200
Free:
       pc1 = 0
       pc2 = 0
       pc3 = 0
       pc4 = 0
       pc5 = 0
       pc6 = 0
       pc7 = 0
       pc8 = 0
       pc9 = 0
      pc10 = 0
      pc11 = 0
      pc12 = 0
      pc13 = 0
      pc14 = 0
      pc15 = 0
Constrained:
   Tgbecnw = 135787
     Tecnw = 24003.1
       Tnw = 20298.6
       Tec = 10237.3
     twoNb = 1.36154e+06
     twoNc = 302057
     twoNw = 2.99835e+06
    twoNec = 88746.3
    twoNnw = 17773.1
  twoNecnw = 66209.2
  twoNbecnw = 17137.5
  twoNgbecnw = 299389
         m = 0.0933741
        m2 = 0.0202149
        m6 = 1.67501e-06
        Tb = 17120.2
        Ta = 46160.1
        Tf = 10149.3
DiffEv reached_goal. cost=2.39504e-03 spread=2.50666e-06
Fitted parameter values
Free:
       pc1 = 3.16539
       pc2 = -2.88651
       pc3 = 1.22994
       pc4 = -1.54206
       pc5 = 0.514789
       pc6 = 0.91265
       pc7 = 1.40392
       pc8 = -1.04364
       pc9 = -1.05955
      pc10 = 0.131606
      pc11 = -0.19884
      pc12 = 0.372945
      pc13 = 0.100992
      pc14 = 0.322747
      pc15 = 0.0606873
Constrained:
   Tgbecnw = 110777
     Tecnw = 22917.7
       Tnw = 19697.4
       Tec = 10058.4
     twoNb = 677725
     twoNc = 455963
     twoNw = 1.56135e+06
    twoNec = 85835.1
    twoNnw = 15027.7
  twoNecnw = 63863.7
  twoNbecnw = 10866.9
  twoNgbecnw = 370727
         m = 0.0697439
        m2 = 0.0196331
        m6 = 4.21279e-08
        Tb = 16488
        Ta = 45844
        Tf = 9848.7
#       SitePat  BranchLen
              b 118480.7066125
              e 45541.3762798
              c 45541.3757443
              n 43378.2139375
              w 43378.2139288
            b:e 1445.7295391
            b:c 1445.7294937
            b:n 1114.9991525
            b:w 1114.9991520
            e:c 11525.6321790
            e:n 4367.3046362
            e:w 4367.3046339
            c:n 4367.3047680
            c:w 4367.3047767
            n:w 12415.2651229
          b:e:c 1377.5906084
          b:e:n 621.8096477
          b:e:w 621.8096472
          b:c:n 621.8096464
          b:c:w 621.8096468
          b:n:w 1383.2853856
          e:c:n 4443.1845823
          e:c:w 4443.1845846
          e:n:w 5397.1897476
          c:n:w 5397.1899950
        b:e:c:n 1211.5408258
        b:e:c:w 1211.5408263
        b:e:n:w 1856.1003228
        b:c:n:w 1856.1003834
        e:c:n:w 46554.2629127
