########################################
# legofit: estimate population history #
#       version 2.3.4-4-g53f8760       #
########################################

# Program was compiled: Sep 21 2021 14:36:42
# Program was run: Sun Oct 10 16:44:26 2021

# cmd: legofit -1 -d 0 -t 32 --ptsPerDim 3 --stateOut b1boot40.state --tol 3e-6 -S 5000 abf2.lgo ../../chrX/boot_chrX/boot40.opf
# Stage nOptItr nSimReps
#     0    5000        0
# algorithm          : deterministic
# ignoring probs <=  : 0
# Branch length floor: 0
# DE strategy        : 2
#    F               : 0.3
#    CR              : 0.8
#    tolerance       : 3e-06
# nthreads           : 32
# lgo input file     : abf2.lgo
# site pat input file: ../../chrX/boot_chrX/boot40.opf
# free parameters    : 15
# points in DE swarm : 45
# output state file  : b1boot40.state
# Including singleton site patterns.
# cost function      : KL
Initial parameter values
Fixed:
      zero = 0
       one = 1
    Tbecnw = 75200
Free:
       pc1 = 0
       pc2 = 0
       pc3 = 0
       pc4 = 0
       pc5 = 0
       pc6 = 0
       pc7 = 0
       pc8 = 0
       pc9 = 0
      pc10 = 0
      pc11 = 0
      pc12 = 0
      pc13 = 0
      pc14 = 0
      pc15 = 0
Constrained:
   Tgbecnw = 135787
     Tecnw = 24003.1
       Tnw = 20298.6
       Tec = 10237.3
     twoNb = 1.36154e+06
     twoNc = 302057
     twoNw = 2.99835e+06
    twoNec = 88746.3
    twoNnw = 17773.1
  twoNecnw = 66209.2
  twoNbecnw = 17137.5
  twoNgbecnw = 299389
         m = 0.0933741
        m2 = 0.0202149
        m6 = 1.67501e-06
        Tb = 17120.2
        Ta = 46160.1
        Tf = 10149.3
DiffEv reached_goal. cost=2.35501e-03 spread=2.91553e-06
Fitted parameter values
Free:
       pc1 = 3.14754
       pc2 = -1.89307
       pc3 = 1.93413
       pc4 = -1.6452
       pc5 = 0.22912
       pc6 = 1.34393
       pc7 = -0.0102643
       pc8 = -1.746
       pc9 = -1.51224
      pc10 = 0.00993609
      pc11 = -0.408969
      pc12 = 0.370185
      pc13 = 0.0144696
      pc14 = 0.586092
      pc15 = 0.218276
Constrained:
   Tgbecnw = 109191
     Tecnw = 22856.6
       Tnw = 19688.7
       Tec = 10183
     twoNb = 1.08806e+06
     twoNc = 700406
     twoNw = 3.5386e+06
    twoNec = 86216.4
    twoNnw = 14508
  twoNecnw = 64191.1
  twoNbecnw = 10471.3
  twoNgbecnw = 333035
         m = 0.0825655
        m2 = 0.0183459
        m6 = 7.0208e-07
        Tb = 16519.8
        Ta = 45859.9
        Tf = 9844.36
#       SitePat  BranchLen
              b 119374.1748335
              e 45519.6949099
              c 45519.6859808
              n 43184.9095058
              w 43184.9094419
            b:e 1330.6840066
            b:c 1330.6833151
            b:n 1035.5363746
            b:w 1035.5363714
            e:c 11393.1441704
            e:n 4324.0766440
            e:w 4324.0766271
            c:n 4324.0788901
            c:w 4324.0789540
            n:w 12396.5946347
          b:e:c 1280.4593536
          b:e:n 578.2087689
          b:e:w 578.2087656
          b:c:n 578.2087537
          b:c:w 578.2087569
          b:n:w 1292.7070379
          e:c:n 4347.3692858
          e:c:w 4347.3693027
          e:n:w 5323.3386929
          c:n:w 5323.3427996
        b:e:c:n 1121.1544964
        b:e:c:w 1121.1544997
        b:e:n:w 1759.4127981
        b:c:n:w 1759.4137630
        e:c:n:w 47405.3996843
