########################################
# legofit: estimate population history #
#       version 2.3.4-4-g53f8760       #
########################################

# Program was compiled: Sep 21 2021 14:36:42
# Program was run: Sun Oct 10 16:40:58 2021

# cmd: legofit -1 -d 0 -t 32 --ptsPerDim 3 --stateOut b1boot19.state --tol 3e-6 -S 5000 abf2.lgo ../../chrX/boot_chrX/boot19.opf
# Stage nOptItr nSimReps
#     0    5000        0
# algorithm          : deterministic
# ignoring probs <=  : 0
# Branch length floor: 0
# DE strategy        : 2
#    F               : 0.3
#    CR              : 0.8
#    tolerance       : 3e-06
# nthreads           : 32
# lgo input file     : abf2.lgo
# site pat input file: ../../chrX/boot_chrX/boot19.opf
# free parameters    : 15
# points in DE swarm : 45
# output state file  : b1boot19.state
# Including singleton site patterns.
# cost function      : KL
Initial parameter values
Fixed:
      zero = 0
       one = 1
    Tbecnw = 75200
Free:
       pc1 = 0
       pc2 = 0
       pc3 = 0
       pc4 = 0
       pc5 = 0
       pc6 = 0
       pc7 = 0
       pc8 = 0
       pc9 = 0
      pc10 = 0
      pc11 = 0
      pc12 = 0
      pc13 = 0
      pc14 = 0
      pc15 = 0
Constrained:
   Tgbecnw = 135787
     Tecnw = 24003.1
       Tnw = 20298.6
       Tec = 10237.3
     twoNb = 1.36154e+06
     twoNc = 302057
     twoNw = 2.99835e+06
    twoNec = 88746.3
    twoNnw = 17773.1
  twoNecnw = 66209.2
  twoNbecnw = 17137.5
  twoNgbecnw = 299389
         m = 0.0933741
        m2 = 0.0202149
        m6 = 1.67501e-06
        Tb = 17120.2
        Ta = 46160.1
        Tf = 10149.3
DiffEv reached_goal. cost=2.53939e-03 spread=2.52930e-06
Fitted parameter values
Free:
       pc1 = 2.52633
       pc2 = -0.716358
       pc3 = 1.93333
       pc4 = -1.81345
       pc5 = -1.85992
       pc6 = 0.115607
       pc7 = -0.937925
       pc8 = -0.333031
       pc9 = -1.14745
      pc10 = -0.313048
      pc11 = 0.367902
      pc12 = -0.223542
      pc13 = -0.0903843
      pc14 = 0.271027
      pc15 = 0.189138
Constrained:
   Tgbecnw = 112504
     Tecnw = 23366.6
       Tnw = 20096.1
       Tec = 10223.1
     twoNb = 1.93948e+06
     twoNc = 628111
     twoNw = 7.59447e+06
    twoNec = 81488.6
    twoNnw = 14364.5
  twoNecnw = 65355.3
  twoNbecnw = 11416.6
  twoNgbecnw = 316262
         m = 0.0875
        m2 = 0.0202429
        m6 = 1.33388e-06
        Tb = 16794.8
        Ta = 45997.4
        Tf = 10048
#       SitePat  BranchLen
              b 119924.2857295
              e 45979.6812967
              c 45979.6635515
              n 43745.2588995
              w 43745.2588415
            b:e 1316.9639373
            b:c 1316.9625911
            b:n 1035.9265472
            b:w 1035.9265444
            e:c 11889.8056773
            e:n 4228.0264808
            e:w 4228.0264657
            c:n 4228.0309525
            c:w 4228.0310105
            n:w 12752.8300848
          b:e:c 1308.5515550
          b:e:n 566.1614181
          b:e:w 566.1614152
          b:c:n 566.1613934
          b:c:w 566.1613963
          b:n:w 1331.6151363
          e:c:n 4331.1575974
          e:c:w 4331.1576125
          e:n:w 5273.0541375
          c:n:w 5273.0622933
        b:e:c:n 1118.0215754
        b:e:c:w 1118.0215784
        b:e:n:w 1805.4824236
        b:c:n:w 1805.4843864
        e:c:n:w 47321.6145945
