########################################
# legofit: estimate population history #
#       version 2.3.4-4-g53f8760       #
########################################

# Program was compiled: Sep 21 2021 14:36:42
# Program was run: Sun Oct 10 16:42:54 2021

# cmd: legofit -1 -d 0 -t 32 --ptsPerDim 3 --stateOut b1boot30.state --tol 3e-6 -S 5000 abf2.lgo ../../chrX/boot_chrX/boot30.opf
# Stage nOptItr nSimReps
#     0    5000        0
# algorithm          : deterministic
# ignoring probs <=  : 0
# Branch length floor: 0
# DE strategy        : 2
#    F               : 0.3
#    CR              : 0.8
#    tolerance       : 3e-06
# nthreads           : 32
# lgo input file     : abf2.lgo
# site pat input file: ../../chrX/boot_chrX/boot30.opf
# free parameters    : 15
# points in DE swarm : 45
# output state file  : b1boot30.state
# Including singleton site patterns.
# cost function      : KL
Initial parameter values
Fixed:
      zero = 0
       one = 1
    Tbecnw = 75200
Free:
       pc1 = 0
       pc2 = 0
       pc3 = 0
       pc4 = 0
       pc5 = 0
       pc6 = 0
       pc7 = 0
       pc8 = 0
       pc9 = 0
      pc10 = 0
      pc11 = 0
      pc12 = 0
      pc13 = 0
      pc14 = 0
      pc15 = 0
Constrained:
   Tgbecnw = 135787
     Tecnw = 24003.1
       Tnw = 20298.6
       Tec = 10237.3
     twoNb = 1.36154e+06
     twoNc = 302057
     twoNw = 2.99835e+06
    twoNec = 88746.3
    twoNnw = 17773.1
  twoNecnw = 66209.2
  twoNbecnw = 17137.5
  twoNgbecnw = 299389
         m = 0.0933741
        m2 = 0.0202149
        m6 = 1.67501e-06
        Tb = 17120.2
        Ta = 46160.1
        Tf = 10149.3
DiffEv reached_goal. cost=2.51432e-03 spread=2.82346e-06
Fitted parameter values
Free:
       pc1 = 1.21385
       pc2 = -3.62782
       pc3 = 1.79572
       pc4 = -1.57782
       pc5 = -1.21374
       pc6 = -0.607309
       pc7 = -1.03927
       pc8 = -0.851659
       pc9 = -1.22228
      pc10 = -0.406987
      pc11 = 0.254404
      pc12 = 0.540013
      pc13 = 0.126899
      pc14 = 0.457722
      pc15 = 0.0801201
Constrained:
   Tgbecnw = 118087
     Tecnw = 23291.7
       Tnw = 18745.6
       Tec = 9695.96
     twoNb = 1.37759e+06
     twoNc = 477128
     twoNw = 8.56586e+06
    twoNec = 85894.2
    twoNnw = 21821.9
  twoNecnw = 63319.6
  twoNbecnw = 12146.1
  twoNgbecnw = 380381
         m = 0.0730855
        m2 = 0.0200016
        m6 = 5.23253e-06
        Tb = 16493.8
        Ta = 45846.9
        Tf = 9372.79
#       SitePat  BranchLen
              b 120376.7615881
              e 45467.0921218
              c 45467.0266410
              n 43581.6571018
              w 43581.6569083
            b:e 1273.5190118
            b:c 1273.5141886
            b:n 1018.5560030
            b:w 1018.5559940
            e:c 11651.8581461
            e:n 4296.1963084
            e:w 4296.1962585
            c:n 4296.2131916
            c:w 4296.2133851
            n:w 12304.1157092
          b:e:c 1236.7266385
          b:e:n 557.3837449
          b:e:w 557.3837355
          b:c:n 557.3836609
          b:c:w 557.3836699
          b:n:w 1260.0395772
          e:c:n 4413.4511063
          e:c:w 4413.4511562
          e:n:w 5216.8486111
          c:n:w 5216.8778335
        b:e:c:n 1092.7608607
        b:e:c:w 1092.7608701
        b:e:n:w 1754.1377462
        b:c:n:w 1754.1449676
        e:c:n:w 48061.2460356
