########################################
# legofit: estimate population history #
#       version 2.3.4-4-g53f8760       #
########################################

# Program was compiled: Sep 21 2021 14:36:42
# Program was run: Sun Oct 10 16:43:35 2021

# cmd: legofit -1 -d 0 -t 32 --ptsPerDim 3 --stateOut b1boot36.state --tol 3e-6 -S 5000 abf2.lgo ../../chrX/boot_chrX/boot36.opf
# Stage nOptItr nSimReps
#     0    5000        0
# algorithm          : deterministic
# ignoring probs <=  : 0
# Branch length floor: 0
# DE strategy        : 2
#    F               : 0.3
#    CR              : 0.8
#    tolerance       : 3e-06
# nthreads           : 32
# lgo input file     : abf2.lgo
# site pat input file: ../../chrX/boot_chrX/boot36.opf
# free parameters    : 15
# points in DE swarm : 45
# output state file  : b1boot36.state
# Including singleton site patterns.
# cost function      : KL
Initial parameter values
Fixed:
      zero = 0
       one = 1
    Tbecnw = 75200
Free:
       pc1 = 0
       pc2 = 0
       pc3 = 0
       pc4 = 0
       pc5 = 0
       pc6 = 0
       pc7 = 0
       pc8 = 0
       pc9 = 0
      pc10 = 0
      pc11 = 0
      pc12 = 0
      pc13 = 0
      pc14 = 0
      pc15 = 0
Constrained:
   Tgbecnw = 135787
     Tecnw = 24003.1
       Tnw = 20298.6
       Tec = 10237.3
     twoNb = 1.36154e+06
     twoNc = 302057
     twoNw = 2.99835e+06
    twoNec = 88746.3
    twoNnw = 17773.1
  twoNecnw = 66209.2
  twoNbecnw = 17137.5
  twoNgbecnw = 299389
         m = 0.0933741
        m2 = 0.0202149
        m6 = 1.67501e-06
        Tb = 17120.2
        Ta = 46160.1
        Tf = 10149.3
DiffEv reached_goal. cost=2.46485e-03 spread=2.96517e-06
Fitted parameter values
Free:
       pc1 = 3.94561
       pc2 = -2.06889
       pc3 = 1.15906
       pc4 = -1.57312
       pc5 = -1.5094
       pc6 = -0.941836
       pc7 = 1.10759
       pc8 = -0.60627
       pc9 = -0.537544
      pc10 = 0.108885
      pc11 = -0.346644
      pc12 = 0.319427
      pc13 = -0.219266
      pc14 = 0.164302
      pc15 = -0.00678403
Constrained:
   Tgbecnw = 110650
     Tecnw = 22759.9
       Tnw = 20562.5
       Tec = 10326.3
     twoNb = 1.02033e+06
     twoNc = 176860
     twoNw = 6.08095e+06
    twoNec = 80880.1
    twoNnw = 10581.5
  twoNecnw = 64424.7
  twoNbecnw = 10625.7
  twoNgbecnw = 349915
         m = 0.079801
        m2 = 0.0214831
        m6 = 9.45892e-07
        Tb = 16543.1
        Ta = 45871.6
        Tf = 10281.3
#       SitePat  BranchLen
              b 119634.2983835
              e 45458.4417668
              c 45458.4301886
              n 43512.8504854
              w 43512.8504336
            b:e 1326.1116202
            b:c 1326.1107047
            b:n 1031.2779266
            b:w 1031.2779240
            e:c 11486.5173538
            e:n 4338.2665737
            e:w 4338.2665598
            c:n 4338.2694844
            c:w 4338.2695362
            n:w 12135.9875127
          b:e:c 1258.4672308
          b:e:n 571.5679925
          b:e:w 571.5679898
          b:c:n 571.5679741
          b:c:w 571.5679767
          b:n:w 1277.4391713
          e:c:n 4387.4684960
          e:c:w 4387.4685099
          e:n:w 5259.7833776
          c:n:w 5259.7886679
        b:e:c:n 1116.3043805
        b:e:c:w 1116.3043832
        b:e:n:w 1815.9629795
        b:c:n:w 1815.9643275
        e:c:n:w 47603.2918712
