########################################
# legofit: estimate population history #
#       version 2.3.4-4-g53f8760       #
########################################

# Program was compiled: Sep 21 2021 14:36:42
# Program was run: Sun Oct 10 16:42:17 2021

# cmd: legofit -1 -d 0 -t 32 --ptsPerDim 3 --stateOut b1boot28.state --tol 3e-6 -S 5000 abf2.lgo ../../chrX/boot_chrX/boot28.opf
# Stage nOptItr nSimReps
#     0    5000        0
# algorithm          : deterministic
# ignoring probs <=  : 0
# Branch length floor: 0
# DE strategy        : 2
#    F               : 0.3
#    CR              : 0.8
#    tolerance       : 3e-06
# nthreads           : 32
# lgo input file     : abf2.lgo
# site pat input file: ../../chrX/boot_chrX/boot28.opf
# free parameters    : 15
# points in DE swarm : 45
# output state file  : b1boot28.state
# Including singleton site patterns.
# cost function      : KL
Initial parameter values
Fixed:
      zero = 0
       one = 1
    Tbecnw = 75200
Free:
       pc1 = 0
       pc2 = 0
       pc3 = 0
       pc4 = 0
       pc5 = 0
       pc6 = 0
       pc7 = 0
       pc8 = 0
       pc9 = 0
      pc10 = 0
      pc11 = 0
      pc12 = 0
      pc13 = 0
      pc14 = 0
      pc15 = 0
Constrained:
   Tgbecnw = 135787
     Tecnw = 24003.1
       Tnw = 20298.6
       Tec = 10237.3
     twoNb = 1.36154e+06
     twoNc = 302057
     twoNw = 2.99835e+06
    twoNec = 88746.3
    twoNnw = 17773.1
  twoNecnw = 66209.2
  twoNbecnw = 17137.5
  twoNgbecnw = 299389
         m = 0.0933741
        m2 = 0.0202149
        m6 = 1.67501e-06
        Tb = 17120.2
        Ta = 46160.1
        Tf = 10149.3
DiffEv reached_goal. cost=2.45618e-03 spread=2.59429e-06
Fitted parameter values
Free:
       pc1 = 2.04563
       pc2 = -2.60194
       pc3 = 1.82535
       pc4 = -1.89547
       pc5 = -1.08124
       pc6 = 0.0205354
       pc7 = 0.992897
       pc8 = -1.47523
       pc9 = -1.33483
      pc10 = 0.185618
      pc11 = -0.291348
      pc12 = 0.231103
      pc13 = -0.183123
      pc14 = 0.122356
      pc15 = 0.0571787
Constrained:
   Tgbecnw = 110896
     Tecnw = 23000.2
       Tnw = 19243.4
       Tec = 9630.06
     twoNb = 930458
     twoNc = 445970
     twoNw = 6.10157e+06
    twoNec = 87796.4
    twoNnw = 17524.7
  twoNecnw = 64212.8
  twoNbecnw = 10780
  twoNgbecnw = 336474
         m = 0.0809859
        m2 = 0.0204827
        m6 = 8.75527e-07
        Tb = 16315.1
        Ta = 45757.6
        Tf = 9621.71
#       SitePat  BranchLen
              b 119007.3676090
              e 45542.5311768
              c 45542.5200583
              n 43368.7675351
              w 43368.7674892
            b:e 1322.1519147
            b:c 1322.1510561
            b:n 1019.6172905
            b:w 1019.6172883
            e:c 11517.8761801
            e:n 4302.1280756
            e:w 4302.1280636
            c:n 4302.1309155
            c:w 4302.1309614
            n:w 12382.6888826
          b:e:c 1257.7670496
          b:e:n 565.5928311
          b:e:w 565.5928288
          b:c:n 565.5928143
          b:c:w 565.5928165
          b:n:w 1273.0161622
          e:c:n 4345.1844338
          e:c:w 4345.1844457
          e:n:w 5270.4676853
          c:n:w 5270.4727302
        b:e:c:n 1102.8152012
        b:e:c:w 1102.8152035
        b:e:n:w 1773.7594414
        b:c:n:w 1773.7606650
        e:c:n:w 46921.2157592
