########################################
# legofit: estimate population history #
#       version 2.3.4-4-g53f8760       #
########################################

# Program was compiled: Sep 21 2021 14:36:42
# Program was run: Sun Oct 10 16:43:07 2021

# cmd: legofit -1 -d 0 -t 32 --ptsPerDim 3 --stateOut b1boot31.state --tol 3e-6 -S 5000 abf2.lgo ../../chrX/boot_chrX/boot31.opf
# Stage nOptItr nSimReps
#     0    5000        0
# algorithm          : deterministic
# ignoring probs <=  : 0
# Branch length floor: 0
# DE strategy        : 2
#    F               : 0.3
#    CR              : 0.8
#    tolerance       : 3e-06
# nthreads           : 32
# lgo input file     : abf2.lgo
# site pat input file: ../../chrX/boot_chrX/boot31.opf
# free parameters    : 15
# points in DE swarm : 45
# output state file  : b1boot31.state
# Including singleton site patterns.
# cost function      : KL
Initial parameter values
Fixed:
      zero = 0
       one = 1
    Tbecnw = 75200
Free:
       pc1 = 0
       pc2 = 0
       pc3 = 0
       pc4 = 0
       pc5 = 0
       pc6 = 0
       pc7 = 0
       pc8 = 0
       pc9 = 0
      pc10 = 0
      pc11 = 0
      pc12 = 0
      pc13 = 0
      pc14 = 0
      pc15 = 0
Constrained:
   Tgbecnw = 135787
     Tecnw = 24003.1
       Tnw = 20298.6
       Tec = 10237.3
     twoNb = 1.36154e+06
     twoNc = 302057
     twoNw = 2.99835e+06
    twoNec = 88746.3
    twoNnw = 17773.1
  twoNecnw = 66209.2
  twoNbecnw = 17137.5
  twoNgbecnw = 299389
         m = 0.0933741
        m2 = 0.0202149
        m6 = 1.67501e-06
        Tb = 17120.2
        Ta = 46160.1
        Tf = 10149.3
DiffEv reached_goal. cost=2.55123e-03 spread=2.95974e-06
Fitted parameter values
Free:
       pc1 = 3.59856
       pc2 = -1.54657
       pc3 = 1.90736
       pc4 = -1.16897
       pc5 = -0.14225
       pc6 = 0.763039
       pc7 = -1.42646
       pc8 = -1.60118
       pc9 = -0.841373
      pc10 = -0.318459
      pc11 = -0.177801
      pc12 = 0.104717
      pc13 = -0.0160774
      pc14 = 0.630273
      pc15 = 0.13964
Constrained:
   Tgbecnw = 110310
     Tecnw = 23070.3
       Tnw = 20515.4
       Tec = 10596.1
     twoNb = 1.43252e+06
     twoNc = 610926
     twoNw = 5.68417e+06
    twoNec = 83163.9
    twoNnw = 12429.5
  twoNecnw = 63957.9
  twoNbecnw = 10841.4
  twoNgbecnw = 329442
         m = 0.082972
        m2 = 0.0179942
        m6 = 2.88862e-06
        Tb = 16833.2
        Ta = 46016.6
        Tf = 10257.7
#       SitePat  BranchLen
              b 119547.1839139
              e 45551.0202759
              c 45550.9856167
              n 43709.9022958
              w 43709.9021256
            b:e 1317.7938905
            b:c 1317.7911937
            b:n 1061.4155209
            b:w 1061.4155123
            e:c 11408.2761405
            e:n 4367.4581455
            e:w 4367.4580997
            c:n 4367.4669322
            c:w 4367.4671024
            n:w 12057.6539304
          b:e:c 1279.4675629
          b:e:n 589.2303929
          b:e:w 589.2303838
          b:c:n 589.2303376
          b:c:w 589.2303462
          b:n:w 1295.2901758
          e:c:n 4429.0941169
          e:c:w 4429.0941627
          e:n:w 5256.8545041
          c:n:w 5256.8703226
        b:e:c:n 1146.9809593
        b:e:c:w 1146.9809683
        b:e:n:w 1751.4882513
        b:c:n:w 1751.4920923
        e:c:n:w 47403.7937581
