########################################
# legofit: estimate population history #
#       version 2.3.4-4-g53f8760       #
########################################

# Program was compiled: Sep 21 2021 14:36:42
# Program was run: Sun Oct 10 16:37:48 2021

# cmd: legofit -1 -d 0 -t 32 --ptsPerDim 3 --stateOut b1boot3.state --tol 3e-6 -S 5000 abf2.lgo ../../chrX/boot_chrX/boot3.opf
# Stage nOptItr nSimReps
#     0    5000        0
# algorithm          : deterministic
# ignoring probs <=  : 0
# Branch length floor: 0
# DE strategy        : 2
#    F               : 0.3
#    CR              : 0.8
#    tolerance       : 3e-06
# nthreads           : 32
# lgo input file     : abf2.lgo
# site pat input file: ../../chrX/boot_chrX/boot3.opf
# free parameters    : 15
# points in DE swarm : 45
# output state file  : b1boot3.state
# Including singleton site patterns.
# cost function      : KL
Initial parameter values
Fixed:
      zero = 0
       one = 1
    Tbecnw = 75200
Free:
       pc1 = 0
       pc2 = 0
       pc3 = 0
       pc4 = 0
       pc5 = 0
       pc6 = 0
       pc7 = 0
       pc8 = 0
       pc9 = 0
      pc10 = 0
      pc11 = 0
      pc12 = 0
      pc13 = 0
      pc14 = 0
      pc15 = 0
Constrained:
   Tgbecnw = 135787
     Tecnw = 24003.1
       Tnw = 20298.6
       Tec = 10237.3
     twoNb = 1.36154e+06
     twoNc = 302057
     twoNw = 2.99835e+06
    twoNec = 88746.3
    twoNnw = 17773.1
  twoNecnw = 66209.2
  twoNbecnw = 17137.5
  twoNgbecnw = 299389
         m = 0.0933741
        m2 = 0.0202149
        m6 = 1.67501e-06
        Tb = 17120.2
        Ta = 46160.1
        Tf = 10149.3
DiffEv reached_goal. cost=2.57471e-03 spread=2.99137e-06
Fitted parameter values
Free:
       pc1 = 3.41871
       pc2 = -1.96746
       pc3 = 1.97959
       pc4 = -1.43216
       pc5 = -1.01792
       pc6 = -0.351592
       pc7 = 1.16784
       pc8 = -0.681468
       pc9 = -0.732817
      pc10 = -0.504652
      pc11 = 0.0792236
      pc12 = 0.0507378
      pc13 = 0.0923118
      pc14 = 0.716557
      pc15 = 0.129891
Constrained:
   Tgbecnw = 108317
     Tecnw = 23020.5
       Tnw = 19662.7
       Tec = 10372.4
     twoNb = 1.14578e+06
     twoNc = 179964
     twoNw = 5.17552e+06
    twoNec = 80448.5
    twoNnw = 16250.4
  twoNecnw = 64516.8
  twoNbecnw = 10068.3
  twoNgbecnw = 342674
         m = 0.0793408
        m2 = 0.0205277
        m6 = 1.68203e-08
        Tb = 16696.4
        Ta = 45948.2
        Tf = 9831.34
#       SitePat  BranchLen
              b 118513.1538820
              e 45471.3155513
              c 45471.3153443
              n 43644.2457437
              w 43644.2457426
            b:e 1307.1889135
            b:c 1307.1888976
            b:n 1037.7922632
            b:w 1037.7922631
            e:c 11554.5058481
            e:n 4303.7538678
            e:w 4303.7538675
            c:n 4303.7539208
            c:w 4303.7539218
            n:w 12178.7939293
          b:e:c 1265.0463701
          b:e:n 572.3764911
          b:e:w 572.3764910
          b:c:n 572.3764907
          b:c:w 572.3764908
          b:n:w 1283.5898183
          e:c:n 4376.4243328
          e:c:w 4376.4243331
          e:n:w 5178.5399190
          c:n:w 5178.5400120
        b:e:c:n 1125.9562410
        b:e:c:w 1125.9562411
        b:e:n:w 1777.4755427
        b:c:n:w 1777.4755659
        e:c:n:w 46537.0280661
