########################################
# legofit: estimate population history #
#       version 2.3.4-4-g53f8760       #
########################################

# Program was compiled: Sep 21 2021 14:36:42
# Program was run: Sun Oct 10 16:38:57 2021

# cmd: legofit -1 -d 0 -t 32 --ptsPerDim 3 --stateOut b1boot9.state --tol 3e-6 -S 5000 abf2.lgo ../../chrX/boot_chrX/boot9.opf
# Stage nOptItr nSimReps
#     0    5000        0
# algorithm          : deterministic
# ignoring probs <=  : 0
# Branch length floor: 0
# DE strategy        : 2
#    F               : 0.3
#    CR              : 0.8
#    tolerance       : 3e-06
# nthreads           : 32
# lgo input file     : abf2.lgo
# site pat input file: ../../chrX/boot_chrX/boot9.opf
# free parameters    : 15
# points in DE swarm : 45
# output state file  : b1boot9.state
# Including singleton site patterns.
# cost function      : KL
Initial parameter values
Fixed:
      zero = 0
       one = 1
    Tbecnw = 75200
Free:
       pc1 = 0
       pc2 = 0
       pc3 = 0
       pc4 = 0
       pc5 = 0
       pc6 = 0
       pc7 = 0
       pc8 = 0
       pc9 = 0
      pc10 = 0
      pc11 = 0
      pc12 = 0
      pc13 = 0
      pc14 = 0
      pc15 = 0
Constrained:
   Tgbecnw = 135787
     Tecnw = 24003.1
       Tnw = 20298.6
       Tec = 10237.3
     twoNb = 1.36154e+06
     twoNc = 302057
     twoNw = 2.99835e+06
    twoNec = 88746.3
    twoNnw = 17773.1
  twoNecnw = 66209.2
  twoNbecnw = 17137.5
  twoNgbecnw = 299389
         m = 0.0933741
        m2 = 0.0202149
        m6 = 1.67501e-06
        Tb = 17120.2
        Ta = 46160.1
        Tf = 10149.3
DiffEv reached_goal. cost=2.47912e-03 spread=2.80642e-06
Fitted parameter values
Free:
       pc1 = 3.89345
       pc2 = -2.42862
       pc3 = 1.99953
       pc4 = -1.98572
       pc5 = 0.609474
       pc6 = 1.0277
       pc7 = 0.170006
       pc8 = -1.30767
       pc9 = -1.66665
      pc10 = -0.627518
      pc11 = 0.566437
      pc12 = 0.235835
      pc13 = 0.00636485
      pc14 = 0.748264
      pc15 = 0.165912
Constrained:
   Tgbecnw = 104423
     Tecnw = 22978.9
       Tnw = 19601.9
       Tec = 10241.7
     twoNb = 1.05535e+06
     twoNc = 662006
     twoNw = 2.54414e+06
    twoNec = 80270.6
    twoNnw = 15958.2
  twoNecnw = 64458.3
  twoNbecnw = 8809.67
  twoNgbecnw = 370531
         m = 0.0751299
        m2 = 0.0184809
        m6 = 1.48179e-06
        Tb = 16610.3
        Ta = 45905.1
        Tf = 9800.96
#       SitePat  BranchLen
              b 118392.1729805
              e 45181.0007188
              c 45180.9823123
              n 43397.5456787
              w 43397.5454910
            b:e 1285.4733261
            b:c 1285.4719241
            b:n 1027.9760962
            b:w 1027.9760871
            e:c 11576.7489525
            e:n 4246.2747875
            e:w 4246.2747386
            c:n 4246.2794526
            c:w 4246.2796403
            n:w 12205.9227643
          b:e:c 1266.6519958
          b:e:n 566.0995605
          b:e:w 566.0995509
          b:c:n 566.0995242
          b:c:w 566.0995333
          b:n:w 1281.8174447
          e:c:n 4328.8493453
          e:c:w 4328.8493941
          e:n:w 5117.8843357
          c:n:w 5117.8926343
        b:e:c:n 1120.6229034
        b:e:c:w 1120.6229130
        b:e:n:w 1728.1861008
        b:c:n:w 1728.1880979
        e:c:n:w 46849.9195077
