########################################
# legofit: estimate population history #
#       version 2.3.4-4-g53f8760       #
########################################

# Program was compiled: Sep 21 2021 14:36:42
# Program was run: Sun Oct 10 16:45:06 2021

# cmd: legofit -1 -d 0 -t 32 --ptsPerDim 3 --stateOut b1boot43.state --tol 3e-6 -S 5000 abf2.lgo ../../chrX/boot_chrX/boot43.opf
# Stage nOptItr nSimReps
#     0    5000        0
# algorithm          : deterministic
# ignoring probs <=  : 0
# Branch length floor: 0
# DE strategy        : 2
#    F               : 0.3
#    CR              : 0.8
#    tolerance       : 3e-06
# nthreads           : 32
# lgo input file     : abf2.lgo
# site pat input file: ../../chrX/boot_chrX/boot43.opf
# free parameters    : 15
# points in DE swarm : 45
# output state file  : b1boot43.state
# Including singleton site patterns.
# cost function      : KL
Initial parameter values
Fixed:
      zero = 0
       one = 1
    Tbecnw = 75200
Free:
       pc1 = 0
       pc2 = 0
       pc3 = 0
       pc4 = 0
       pc5 = 0
       pc6 = 0
       pc7 = 0
       pc8 = 0
       pc9 = 0
      pc10 = 0
      pc11 = 0
      pc12 = 0
      pc13 = 0
      pc14 = 0
      pc15 = 0
Constrained:
   Tgbecnw = 135787
     Tecnw = 24003.1
       Tnw = 20298.6
       Tec = 10237.3
     twoNb = 1.36154e+06
     twoNc = 302057
     twoNw = 2.99835e+06
    twoNec = 88746.3
    twoNnw = 17773.1
  twoNecnw = 66209.2
  twoNbecnw = 17137.5
  twoNgbecnw = 299389
         m = 0.0933741
        m2 = 0.0202149
        m6 = 1.67501e-06
        Tb = 17120.2
        Ta = 46160.1
        Tf = 10149.3
DiffEv reached_goal. cost=2.55935e-03 spread=2.81331e-06
Fitted parameter values
Free:
       pc1 = 3.89004
       pc2 = -0.894156
       pc3 = 1.91587
       pc4 = -0.989532
       pc5 = -1.74291
       pc6 = -1.43288
       pc7 = 0.907282
       pc8 = -0.7742
       pc9 = -1.63951
      pc10 = 0.139294
      pc11 = -0.207268
      pc12 = -0.0235687
      pc13 = -0.112239
      pc14 = 0.366169
      pc15 = 0.12832
Constrained:
   Tgbecnw = 108838
     Tecnw = 22663.7
       Tnw = 20218.4
       Tec = 10306.4
     twoNb = 1.3289e+06
     twoNc = 66656.8
     twoNw = 7.62042e+06
    twoNec = 80412.8
    twoNnw = 10949.6
  twoNecnw = 66846.9
  twoNbecnw = 10375.4
  twoNgbecnw = 322852
         m = 0.0852164
        m2 = 0.0207885
        m6 = 4.15048e-07
        Tb = 16485
        Ta = 45842.5
        Tf = 10109.2
#       SitePat  BranchLen
              b 118936.5028590
              e 45878.5023955
              c 45878.4969533
              n 43505.2682796
              w 43505.2682616
            b:e 1341.1382412
            b:c 1341.1378200
            b:n 1038.2391576
            b:w 1038.2391568
            e:c 11680.8156689
            e:n 4305.7270886
            e:w 4305.7270839
            c:n 4305.7284621
            c:w 4305.7284800
            n:w 12654.5911372
          b:e:c 1304.0113890
          b:e:n 576.1810373
          b:e:w 576.1810363
          b:c:n 576.1810289
          b:c:w 576.1810298
          b:n:w 1321.8283938
          e:c:n 4309.9579002
          e:c:w 4309.9579049
          e:n:w 5294.1905146
          c:n:w 5294.1930149
        b:e:c:n 1128.1557322
        b:e:c:w 1128.1557331
        b:e:n:w 1828.4595206
        b:c:n:w 1828.4601291
        e:c:n:w 46571.8911522
