########################################
# legofit: estimate population history #
#       version 2.3.4-4-g53f8760       #
########################################

# Program was compiled: Sep 21 2021 14:36:42
# Program was run: Sun Oct 10 16:45:40 2021

# cmd: legofit -1 -d 0 -t 32 --ptsPerDim 3 --stateOut b1boot48.state --tol 3e-6 -S 5000 abf2.lgo ../../chrX/boot_chrX/boot48.opf
# Stage nOptItr nSimReps
#     0    5000        0
# algorithm          : deterministic
# ignoring probs <=  : 0
# Branch length floor: 0
# DE strategy        : 2
#    F               : 0.3
#    CR              : 0.8
#    tolerance       : 3e-06
# nthreads           : 32
# lgo input file     : abf2.lgo
# site pat input file: ../../chrX/boot_chrX/boot48.opf
# free parameters    : 15
# points in DE swarm : 45
# output state file  : b1boot48.state
# Including singleton site patterns.
# cost function      : KL
Initial parameter values
Fixed:
      zero = 0
       one = 1
    Tbecnw = 75200
Free:
       pc1 = 0
       pc2 = 0
       pc3 = 0
       pc4 = 0
       pc5 = 0
       pc6 = 0
       pc7 = 0
       pc8 = 0
       pc9 = 0
      pc10 = 0
      pc11 = 0
      pc12 = 0
      pc13 = 0
      pc14 = 0
      pc15 = 0
Constrained:
   Tgbecnw = 135787
     Tecnw = 24003.1
       Tnw = 20298.6
       Tec = 10237.3
     twoNb = 1.36154e+06
     twoNc = 302057
     twoNw = 2.99835e+06
    twoNec = 88746.3
    twoNnw = 17773.1
  twoNecnw = 66209.2
  twoNbecnw = 17137.5
  twoNgbecnw = 299389
         m = 0.0933741
        m2 = 0.0202149
        m6 = 1.67501e-06
        Tb = 17120.2
        Ta = 46160.1
        Tf = 10149.3
DiffEv reached_goal. cost=2.37042e-03 spread=2.93451e-06
Fitted parameter values
Free:
       pc1 = 3.99093
       pc2 = -1.49432
       pc3 = 1.70593
       pc4 = -1.92559
       pc5 = -1.60749
       pc6 = 0.104462
       pc7 = 0.521025
       pc8 = -1.31156
       pc9 = -0.500092
      pc10 = -0.266267
      pc11 = 0.0166261
      pc12 = -0.156238
      pc13 = -0.00968285
      pc14 = 0.749927
      pc15 = 0.171379
Constrained:
   Tgbecnw = 104789
     Tecnw = 23007.9
       Tnw = 20339.4
       Tec = 10673.4
     twoNb = 1.17954e+06
     twoNc = 456678
     twoNw = 6.60658e+06
    twoNec = 81089.5
    twoNnw = 12875.6
  twoNecnw = 64239.1
  twoNbecnw = 9403.83
  twoNgbecnw = 322759
         m = 0.0845272
        m2 = 0.0204992
        m6 = 7.62206e-09
        Tb = 16840.6
        Ta = 46020.3
        Tf = 10169.7
#       SitePat  BranchLen
              b 118538.1895021
              e 45576.9092960
              c 45576.9092031
              n 43618.9566997
              w 43618.9566993
            b:e 1347.7082400
            b:c 1347.7082326
            b:n 1061.7505817
            b:w 1061.7505816
            e:c 11395.4169648
            e:n 4326.8569396
            e:w 4326.8569395
            c:n 4326.8569632
            c:w 4326.8569635
            n:w 12099.6838650
          b:e:c 1295.2177033
          b:e:n 591.0815222
          b:e:w 591.0815222
          b:c:n 591.0815221
          b:c:w 591.0815221
          b:n:w 1311.0079326
          e:c:n 4373.3911080
          e:c:w 4373.3911081
          e:n:w 5234.4664609
          c:n:w 5234.4665031
        b:e:c:n 1155.7122460
        b:e:c:w 1155.7122460
        b:e:n:w 1818.4900872
        b:c:n:w 1818.4900979
        e:c:n:w 46713.7712856
