########################################
# legofit: estimate population history #
#       version 2.3.4-4-g53f8760       #
########################################

# Program was compiled: Sep 21 2021 14:36:42
# Program was run: Sun Oct 10 16:39:40 2021

# cmd: legofit -1 -d 0 -t 32 --ptsPerDim 3 --stateOut b1boot12.state --tol 3e-6 -S 5000 abf2.lgo ../../chrX/boot_chrX/boot12.opf
# Stage nOptItr nSimReps
#     0    5000        0
# algorithm          : deterministic
# ignoring probs <=  : 0
# Branch length floor: 0
# DE strategy        : 2
#    F               : 0.3
#    CR              : 0.8
#    tolerance       : 3e-06
# nthreads           : 32
# lgo input file     : abf2.lgo
# site pat input file: ../../chrX/boot_chrX/boot12.opf
# free parameters    : 15
# points in DE swarm : 45
# output state file  : b1boot12.state
# Including singleton site patterns.
# cost function      : KL
Initial parameter values
Fixed:
      zero = 0
       one = 1
    Tbecnw = 75200
Free:
       pc1 = 0
       pc2 = 0
       pc3 = 0
       pc4 = 0
       pc5 = 0
       pc6 = 0
       pc7 = 0
       pc8 = 0
       pc9 = 0
      pc10 = 0
      pc11 = 0
      pc12 = 0
      pc13 = 0
      pc14 = 0
      pc15 = 0
Constrained:
   Tgbecnw = 135787
     Tecnw = 24003.1
       Tnw = 20298.6
       Tec = 10237.3
     twoNb = 1.36154e+06
     twoNc = 302057
     twoNw = 2.99835e+06
    twoNec = 88746.3
    twoNnw = 17773.1
  twoNecnw = 66209.2
  twoNbecnw = 17137.5
  twoNgbecnw = 299389
         m = 0.0933741
        m2 = 0.0202149
        m6 = 1.67501e-06
        Tb = 17120.2
        Ta = 46160.1
        Tf = 10149.3
DiffEv reached_goal. cost=2.54889e-03 spread=2.44086e-06
Fitted parameter values
Free:
       pc1 = 3.85932
       pc2 = -3.60261
       pc3 = 1.36811
       pc4 = -1.85847
       pc5 = -1.55633
       pc6 = -1.01649
       pc7 = -1.41357
       pc8 = -0.749669
       pc9 = -1.49651
      pc10 = -0.640609
      pc11 = 0.580176
      pc12 = 0.612984
      pc13 = 0.0461174
      pc14 = 0.500925
      pc15 = 0.0239489
Constrained:
   Tgbecnw = 110220
     Tecnw = 22849.4
       Tnw = 19895.5
       Tec = 10232.9
     twoNb = 1.35865e+06
     twoNc = 541645
     twoNw = 9.39341e+06
    twoNec = 77225.2
    twoNnw = 14311.4
  twoNecnw = 63774.1
  twoNbecnw = 10099
  twoNgbecnw = 410491
         m = 0.0670232
        m2 = 0.0201025
        m6 = 5.77441e-06
        Tb = 16541.1
        Ta = 45870.6
        Tf = 9947.73
#       SitePat  BranchLen
              b 118978.1407995
              e 44999.0640432
              c 44998.9938645
              n 43416.3086055
              w 43416.3084052
            b:e 1285.9807891
            b:c 1285.9754179
            b:n 1042.9404031
            b:w 1042.9403933
            e:c 11705.2574201
            e:n 4276.2602659
            e:w 4276.2602127
            c:n 4276.2781537
            c:w 4276.2783540
            n:w 12131.2847389
          b:e:c 1271.5383871
          b:e:n 569.3418337
          b:e:w 569.3418234
          b:c:n 569.3417265
          b:c:w 569.3417363
          b:n:w 1293.5776654
          e:c:n 4420.6770708
          e:c:w 4420.6771239
          e:n:w 5153.4621721
          c:n:w 5153.4938741
        b:e:c:n 1129.8979649
        b:e:c:w 1129.8979753
        b:e:n:w 1774.7846845
        b:c:n:w 1774.7926977
        e:c:n:w 47305.3926107
