########################################
# legofit: estimate population history #
#       version 2.3.4-4-g53f8760       #
########################################

# Program was compiled: Sep 21 2021 14:36:42
# Program was run: Sun Oct 10 16:38:50 2021

# cmd: legofit -1 -d 0 -t 32 --ptsPerDim 3 --stateOut b1boot8.state --tol 3e-6 -S 5000 abf2.lgo ../../chrX/boot_chrX/boot8.opf
# Stage nOptItr nSimReps
#     0    5000        0
# algorithm          : deterministic
# ignoring probs <=  : 0
# Branch length floor: 0
# DE strategy        : 2
#    F               : 0.3
#    CR              : 0.8
#    tolerance       : 3e-06
# nthreads           : 32
# lgo input file     : abf2.lgo
# site pat input file: ../../chrX/boot_chrX/boot8.opf
# free parameters    : 15
# points in DE swarm : 45
# output state file  : b1boot8.state
# Including singleton site patterns.
# cost function      : KL
Initial parameter values
Fixed:
      zero = 0
       one = 1
    Tbecnw = 75200
Free:
       pc1 = 0
       pc2 = 0
       pc3 = 0
       pc4 = 0
       pc5 = 0
       pc6 = 0
       pc7 = 0
       pc8 = 0
       pc9 = 0
      pc10 = 0
      pc11 = 0
      pc12 = 0
      pc13 = 0
      pc14 = 0
      pc15 = 0
Constrained:
   Tgbecnw = 135787
     Tecnw = 24003.1
       Tnw = 20298.6
       Tec = 10237.3
     twoNb = 1.36154e+06
     twoNc = 302057
     twoNw = 2.99835e+06
    twoNec = 88746.3
    twoNnw = 17773.1
  twoNecnw = 66209.2
  twoNbecnw = 17137.5
  twoNgbecnw = 299389
         m = 0.0933741
        m2 = 0.0202149
        m6 = 1.67501e-06
        Tb = 17120.2
        Ta = 46160.1
        Tf = 10149.3
DiffEv reached_goal. cost=2.52780e-03 spread=2.30581e-06
Fitted parameter values
Free:
       pc1 = 3.8873
       pc2 = -2.35651
       pc3 = 1.95596
       pc4 = -1.88186
       pc5 = -0.00876805
       pc6 = -0.217792
       pc7 = 0.910249
       pc8 = -1.37274
       pc9 = -1.80543
      pc10 = 0.0722747
      pc11 = -0.0641019
      pc12 = 0.268496
      pc13 = -0.0678344
      pc14 = 0.506632
      pc15 = 0.113062
Constrained:
   Tgbecnw = 104190
     Tecnw = 22629
       Tnw = 19664.9
       Tec = 10067.3
     twoNb = 926064
     twoNc = 381477
     twoNw = 3.90013e+06
    twoNec = 82831.9
    twoNnw = 13872.1
  twoNecnw = 65210
  twoNbecnw = 9061.14
  twoNgbecnw = 357079
         m = 0.0773161
        m2 = 0.0196423
        m6 = 1.70676e-06
        Tb = 16348.2
        Ta = 45774.1
        Tf = 9832.44
#       SitePat  BranchLen
              b 118865.3754433
              e 45426.4180485
              c 45426.3965218
              n 43306.1186397
              w 43306.1184983
            b:e 1395.6639583
            b:c 1395.6622002
            b:n 1090.9696089
            b:w 1090.9696016
            e:c 11538.0906912
            e:n 4340.2088940
            e:w 4340.2088566
            c:n 4340.2143379
            c:w 4340.2144793
            n:w 12378.9059281
          b:e:c 1349.9241291
          b:e:n 608.6482267
          b:e:w 608.6482190
          b:c:n 608.6481845
          b:c:w 608.6481918
          b:n:w 1360.9383025
          e:c:n 4380.0602131
          e:c:w 4380.0602506
          e:n:w 5292.2583561
          c:n:w 5292.2681893
        b:e:c:n 1192.6956148
        b:e:c:w 1192.6956226
        b:e:n:w 1853.6442461
        b:c:n:w 1853.6467004
        e:c:n:w 47177.5530264
