########################################
# legofit: estimate population history #
#       version 2.3.4-4-g53f8760       #
########################################

# Program was compiled: Sep 21 2021 14:36:42
# Program was run: Sun Oct 10 16:42:10 2021

# cmd: legofit -1 -d 0 -t 32 --ptsPerDim 3 --stateOut b1boot26.state --tol 3e-6 -S 5000 abf2.lgo ../../chrX/boot_chrX/boot26.opf
# Stage nOptItr nSimReps
#     0    5000        0
# algorithm          : deterministic
# ignoring probs <=  : 0
# Branch length floor: 0
# DE strategy        : 2
#    F               : 0.3
#    CR              : 0.8
#    tolerance       : 3e-06
# nthreads           : 32
# lgo input file     : abf2.lgo
# site pat input file: ../../chrX/boot_chrX/boot26.opf
# free parameters    : 15
# points in DE swarm : 45
# output state file  : b1boot26.state
# Including singleton site patterns.
# cost function      : KL
Initial parameter values
Fixed:
      zero = 0
       one = 1
    Tbecnw = 75200
Free:
       pc1 = 0
       pc2 = 0
       pc3 = 0
       pc4 = 0
       pc5 = 0
       pc6 = 0
       pc7 = 0
       pc8 = 0
       pc9 = 0
      pc10 = 0
      pc11 = 0
      pc12 = 0
      pc13 = 0
      pc14 = 0
      pc15 = 0
Constrained:
   Tgbecnw = 135787
     Tecnw = 24003.1
       Tnw = 20298.6
       Tec = 10237.3
     twoNb = 1.36154e+06
     twoNc = 302057
     twoNw = 2.99835e+06
    twoNec = 88746.3
    twoNnw = 17773.1
  twoNecnw = 66209.2
  twoNbecnw = 17137.5
  twoNgbecnw = 299389
         m = 0.0933741
        m2 = 0.0202149
        m6 = 1.67501e-06
        Tb = 17120.2
        Ta = 46160.1
        Tf = 10149.3
DiffEv reached_goal. cost=2.40579e-03 spread=2.78580e-06
Fitted parameter values
Free:
       pc1 = 3.99284
       pc2 = -1.11783
       pc3 = 1.88074
       pc4 = -1.77265
       pc5 = -1.56262
       pc6 = -1.76976
       pc7 = 1.03335
       pc8 = -0.921509
       pc9 = -0.706308
      pc10 = -0.0406921
      pc11 = -0.545605
      pc12 = -0.0897032
      pc13 = -0.0994158
      pc14 = 0.539386
      pc15 = 0.124811
Constrained:
   Tgbecnw = 105455
     Tecnw = 22681
       Tnw = 20260.6
       Tec = 10489.1
     twoNb = 1.22202e+06
     twoNc = 27247.8
     twoNw = 6.67139e+06
    twoNec = 80275.8
    twoNnw = 11587.4
  twoNecnw = 65501.9
  twoNbecnw = 9796.46
  twoNgbecnw = 305802
         m = 0.0885104
        m2 = 0.0214553
        m6 = 1.8783e-06
        Tb = 16585.1
        Ta = 45892.5
        Tf = 10130.3
#       SitePat  BranchLen
              b 118606.6994902
              e 45685.1146851
              c 45685.0913619
              n 43614.4217281
              w 43614.4216346
            b:e 1384.1929037
            b:c 1384.1910108
            b:n 1082.8075925
            b:w 1082.8075877
            e:c 11514.8680518
            e:n 4373.6069005
            e:w 4373.6068755
            c:n 4373.6128024
            c:w 4373.6128958
            n:w 12279.8147125
          b:e:c 1326.0715345
          b:e:n 603.6391637
          b:e:w 603.6391587
          b:c:n 603.6391237
          b:c:w 603.6391285
          b:n:w 1342.4015755
          e:c:n 4403.1134059
          e:c:w 4403.1134309
          e:n:w 5304.2111547
          c:n:w 5304.2217956
        b:e:c:n 1179.1676967
        b:e:c:w 1179.1677018
        b:e:n:w 1868.8524556
        b:c:n:w 1868.8551787
        e:c:n:w 46517.4063321
