########################################
# legofit: estimate population history #
#       version 2.3.4-4-g53f8760       #
########################################

# Program was compiled: Sep 21 2021 14:36:42
# Program was run: Sun Oct 10 16:39:26 2021

# cmd: legofit -1 -d 0 -t 32 --ptsPerDim 3 --stateOut b1boot11.state --tol 3e-6 -S 5000 abf2.lgo ../../chrX/boot_chrX/boot11.opf
# Stage nOptItr nSimReps
#     0    5000        0
# algorithm          : deterministic
# ignoring probs <=  : 0
# Branch length floor: 0
# DE strategy        : 2
#    F               : 0.3
#    CR              : 0.8
#    tolerance       : 3e-06
# nthreads           : 32
# lgo input file     : abf2.lgo
# site pat input file: ../../chrX/boot_chrX/boot11.opf
# free parameters    : 15
# points in DE swarm : 45
# output state file  : b1boot11.state
# Including singleton site patterns.
# cost function      : KL
Initial parameter values
Fixed:
      zero = 0
       one = 1
    Tbecnw = 75200
Free:
       pc1 = 0
       pc2 = 0
       pc3 = 0
       pc4 = 0
       pc5 = 0
       pc6 = 0
       pc7 = 0
       pc8 = 0
       pc9 = 0
      pc10 = 0
      pc11 = 0
      pc12 = 0
      pc13 = 0
      pc14 = 0
      pc15 = 0
Constrained:
   Tgbecnw = 135787
     Tecnw = 24003.1
       Tnw = 20298.6
       Tec = 10237.3
     twoNb = 1.36154e+06
     twoNc = 302057
     twoNw = 2.99835e+06
    twoNec = 88746.3
    twoNnw = 17773.1
  twoNecnw = 66209.2
  twoNbecnw = 17137.5
  twoNgbecnw = 299389
         m = 0.0933741
        m2 = 0.0202149
        m6 = 1.67501e-06
        Tb = 17120.2
        Ta = 46160.1
        Tf = 10149.3
DiffEv reached_goal. cost=2.44753e-03 spread=2.37940e-06
Fitted parameter values
Free:
       pc1 = 3.52705
       pc2 = -2.62613
       pc3 = 1.98549
       pc4 = -1.86597
       pc5 = 0.119659
       pc6 = -0.913014
       pc7 = 0.255053
       pc8 = -0.0541982
       pc9 = -1.78959
      pc10 = -0.278591
      pc11 = 0.304824
      pc12 = 0.527699
      pc13 = 0.0170452
      pc14 = 0.436017
      pc15 = 0.141304
Constrained:
   Tgbecnw = 109119
     Tecnw = 22759.1
       Tnw = 19394.7
       Tec = 9962.57
     twoNb = 1.36489e+06
     twoNc = 273406
     twoNw = 3.49829e+06
    twoNec = 79372.3
    twoNnw = 15162.1
  twoNecnw = 65231.3
  twoNbecnw = 9976.28
  twoNgbecnw = 388272
         m = 0.0729583
        m2 = 0.0200618
        m6 = 3.74648e-06
        Tb = 16360.8
        Ta = 45780.4
        Tf = 9697.34
#       SitePat  BranchLen
              b 119696.0502002
              e 45336.0186670
              c 45335.9696252
              n 43226.8938709
              w 43226.8935294
            b:e 1317.7788816
            b:c 1317.7751375
            b:n 1041.5381340
            b:w 1041.5381173
            e:c 11819.7510351
            e:n 4246.0301547
            e:w 4246.0300656
            c:n 4246.0424894
            c:w 4246.0428309
            n:w 12613.5752747
          b:e:c 1307.8183081
          b:e:n 571.1548536
          b:e:w 571.1548360
          b:c:n 571.1547684
          b:c:w 571.1547852
          b:n:w 1328.2716867
          e:c:n 4344.9044017
          e:c:w 4344.9044908
          e:n:w 5231.2158901
          c:n:w 5231.2382248
        b:e:c:n 1131.5034762
        b:e:c:w 1131.5034939
        b:e:n:w 1816.2399484
        b:c:n:w 1816.2454355
        e:c:n:w 47814.8736544
