########################################
# legofit: estimate population history #
#       version 2.3.4-4-g53f8760       #
########################################

# Program was compiled: Sep 21 2021 14:36:42
# Program was run: Sun Oct 10 16:43:30 2021

# cmd: legofit -1 -d 0 -t 32 --ptsPerDim 3 --stateOut b1boot35.state --tol 3e-6 -S 5000 abf2.lgo ../../chrX/boot_chrX/boot35.opf
# Stage nOptItr nSimReps
#     0    5000        0
# algorithm          : deterministic
# ignoring probs <=  : 0
# Branch length floor: 0
# DE strategy        : 2
#    F               : 0.3
#    CR              : 0.8
#    tolerance       : 3e-06
# nthreads           : 32
# lgo input file     : abf2.lgo
# site pat input file: ../../chrX/boot_chrX/boot35.opf
# free parameters    : 15
# points in DE swarm : 45
# output state file  : b1boot35.state
# Including singleton site patterns.
# cost function      : KL
Initial parameter values
Fixed:
      zero = 0
       one = 1
    Tbecnw = 75200
Free:
       pc1 = 0
       pc2 = 0
       pc3 = 0
       pc4 = 0
       pc5 = 0
       pc6 = 0
       pc7 = 0
       pc8 = 0
       pc9 = 0
      pc10 = 0
      pc11 = 0
      pc12 = 0
      pc13 = 0
      pc14 = 0
      pc15 = 0
Constrained:
   Tgbecnw = 135787
     Tecnw = 24003.1
       Tnw = 20298.6
       Tec = 10237.3
     twoNb = 1.36154e+06
     twoNc = 302057
     twoNw = 2.99835e+06
    twoNec = 88746.3
    twoNnw = 17773.1
  twoNecnw = 66209.2
  twoNbecnw = 17137.5
  twoNgbecnw = 299389
         m = 0.0933741
        m2 = 0.0202149
        m6 = 1.67501e-06
        Tb = 17120.2
        Ta = 46160.1
        Tf = 10149.3
DiffEv reached_goal. cost=2.55549e-03 spread=2.64411e-06
Fitted parameter values
Free:
       pc1 = 3.04989
       pc2 = -3.34549
       pc3 = 1.94343
       pc4 = -1.49716
       pc5 = -0.221983
       pc6 = -0.479539
       pc7 = 1.01448
       pc8 = -0.56089
       pc9 = -1.61993
      pc10 = 0.493982
      pc11 = 0.705845
      pc12 = 0.41615
      pc13 = 0.133587
      pc14 = 0.764276
      pc15 = 0.0594312
Constrained:
   Tgbecnw = 108676
     Tecnw = 22892.3
       Tnw = 19217.4
       Tec = 9969.84
     twoNb = 1.04426e+06
     twoNc = 241098
     twoNw = 4.36491e+06
    twoNec = 85899.4
    twoNnw = 18226.1
  twoNecnw = 65035.6
  twoNbecnw = 9591.84
  twoNgbecnw = 412977
         m = 0.0696312
        m2 = 0.0202384
        m6 = 1.86153e-06
        Tb = 16431
        Ta = 45815.5
        Tf = 9608.7
#       SitePat  BranchLen
              b 119541.7093013
              e 45556.2192044
              c 45556.1965514
              n 43627.5028980
              w 43627.5027606
            b:e 1295.6661232
            b:c 1295.6644086
            b:n 1025.9445493
            b:w 1025.9445428
            e:c 11349.9949165
            e:n 4341.1910188
            e:w 4341.1909833
            c:n 4341.1968615
            c:w 4341.1969989
            n:w 12047.0577485
          b:e:c 1237.4518669
          b:e:n 572.3410759
          b:e:w 572.3410690
          b:c:n 572.3410367
          b:c:w 572.3410433
          b:n:w 1255.4015199
          e:c:n 4331.7219853
          e:c:w 4331.7220208
          e:n:w 5138.5731170
          c:n:w 5138.5831210
        b:e:c:n 1116.5623503
        b:e:c:w 1116.5623572
        b:e:n:w 1793.1183333
        b:c:n:w 1793.1209034
        e:c:n:w 47691.8541460
