########################################
# legofit: estimate population history #
#       version 2.3.4-4-g53f8760       #
########################################

# Program was compiled: Sep 21 2021 14:36:42
# Program was run: Fri Sep 24 08:25:56 2021

# cmd: legofit -1 -d 0 -t 32 --ptsPerDim 3 --stateOut b1boot3.state --tol 3e-6 -S 5000 acde2.lgo ../../chrX/boot_chrX/boot3.opf
# Stage nOptItr nSimReps
#     0    5000        0
# algorithm          : deterministic
# ignoring probs <=  : 0
# Branch length floor: 0
# DE strategy        : 2
#    F               : 0.3
#    CR              : 0.8
#    tolerance       : 3e-06
# nthreads           : 32
# lgo input file     : acde2.lgo
# site pat input file: ../../chrX/boot_chrX/boot3.opf
# free parameters    : 18
# points in DE swarm : 54
# output state file  : b1boot3.state
# Including singleton site patterns.
# cost function      : KL
Initial parameter values
Fixed:
      zero = 0
       one = 1
    Tbecnw = 75200
Free:
       pc1 = 0
       pc2 = 0
       pc3 = 0
       pc4 = 0
       pc5 = 0
       pc6 = 0
       pc7 = 0
       pc8 = 0
       pc9 = 0
      pc10 = 0
      pc11 = 0
      pc12 = 0
      pc13 = 0
      pc14 = 0
      pc15 = 0
      pc16 = 0
      pc17 = 0
      pc18 = 0
Constrained:
   Tgbecnw = 119750
     Tecnw = 27523.5
       Tnw = 23034.6
       Tec = 11563.8
     twoNb = 4.41793e+06
     twoNe = 171474
     twoNc = 1.10929e+06
     twoNn = 1.17668e+06
     twoNw = 1.40349e+07
    twoNec = 82654.8
    twoNnw = 12690.8
  twoNecnw = 63949
  twoNbecnw = 15471.1
  twoNgbecnw = 217582
         m = 0.132832
        m3 = 0.208599
        m4 = 0.0160115
        m5 = 0.0726673
        Ta = 43381.9
        Tc = 11517.3
        Td = 5758.66
        Te = 2879.33
DiffEv reached_goal. cost=2.00345e-03 spread=2.72982e-06
Fitted parameter values
Free:
       pc1 = -3.99466
       pc2 = 1.96537
       pc3 = 1.91581
       pc4 = -0.432472
       pc5 = -1.30082
       pc6 = -1.98916
       pc7 = 0.0911576
       pc8 = 1.04925
       pc9 = 1.39964
      pc10 = 1.03258
      pc11 = 1.95806
      pc12 = -1.01133
      pc13 = -0.15087
      pc14 = 0.22602
      pc15 = -0.254613
      pc16 = 0.0224943
      pc17 = 0.018289
      pc18 = -0.0164366
Constrained:
   Tgbecnw = 95416
     Tecnw = 25585.6
       Tnw = 24563
       Tec = 12307
     twoNb = 5.12583e+06
     twoNe = 2350.18
     twoNc = 1.12663e+06
     twoNn = 74220.4
     twoNw = 4.73883e+07
    twoNec = 67171.9
    twoNnw = 2737.13
  twoNecnw = 64916.6
  twoNbecnw = 7416.14
  twoNgbecnw = 241854
         m = 0.115283
        m3 = 0.229876
        m4 = 0.0176632
        m5 = 0.0722877
        Ta = 43753.5
        Tc = 12281.5
        Td = 6140.75
        Te = 3070.38
#       SitePat  BranchLen
              b 118201.5715960
              e 44452.1672392
              c 46455.3946178
              n 42276.5787384
              w 44893.1299908
            b:e 1177.8993742
            b:c 1425.5704841
            b:n 974.0010085
            b:w 1138.3339047
            e:c 11395.1911514
            e:n 4838.5971676
            e:w 4153.5848689
            c:n 4571.8193916
            c:w 3668.4546867
            n:w 12192.7734788
          b:e:c 1361.5250842
          b:e:n 579.4117195
          b:e:w 595.7161181
          b:c:n 595.3482725
          b:c:w 586.8121622
          b:n:w 1347.9776733
          e:c:n 4795.5937326
          e:c:w 3767.4194838
          e:n:w 5635.1809722
          c:n:w 4727.1911344
        b:e:c:n 1240.2957302
        b:e:c:w 1068.1945457
        b:e:n:w 1884.0416906
        b:c:n:w 1286.0081678
        e:c:n:w 46517.8888867
