########################################
# legofit: estimate population history #
#       version 2.3.4-4-g53f8760       #
########################################

# Program was compiled: Sep 21 2021 14:36:42
# Program was run: Fri Sep 24 08:30:34 2021

# cmd: legofit -1 -d 0 -t 32 --ptsPerDim 3 --stateOut b1boot26.state --tol 3e-6 -S 5000 acde2.lgo ../../chrX/boot_chrX/boot26.opf
# Stage nOptItr nSimReps
#     0    5000        0
# algorithm          : deterministic
# ignoring probs <=  : 0
# Branch length floor: 0
# DE strategy        : 2
#    F               : 0.3
#    CR              : 0.8
#    tolerance       : 3e-06
# nthreads           : 32
# lgo input file     : acde2.lgo
# site pat input file: ../../chrX/boot_chrX/boot26.opf
# free parameters    : 18
# points in DE swarm : 54
# output state file  : b1boot26.state
# Including singleton site patterns.
# cost function      : KL
Initial parameter values
Fixed:
      zero = 0
       one = 1
    Tbecnw = 75200
Free:
       pc1 = 0
       pc2 = 0
       pc3 = 0
       pc4 = 0
       pc5 = 0
       pc6 = 0
       pc7 = 0
       pc8 = 0
       pc9 = 0
      pc10 = 0
      pc11 = 0
      pc12 = 0
      pc13 = 0
      pc14 = 0
      pc15 = 0
      pc16 = 0
      pc17 = 0
      pc18 = 0
Constrained:
   Tgbecnw = 119750
     Tecnw = 27523.5
       Tnw = 23034.6
       Tec = 11563.8
     twoNb = 4.41793e+06
     twoNe = 171474
     twoNc = 1.10929e+06
     twoNn = 1.17668e+06
     twoNw = 1.40349e+07
    twoNec = 82654.8
    twoNnw = 12690.8
  twoNecnw = 63949
  twoNbecnw = 15471.1
  twoNgbecnw = 217582
         m = 0.132832
        m3 = 0.208599
        m4 = 0.0160115
        m5 = 0.0726673
        Ta = 43381.9
        Tc = 11517.3
        Td = 5758.66
        Te = 2879.33
DiffEv reached_goal. cost=2.05270e-03 spread=2.69709e-06
Fitted parameter values
Free:
       pc1 = -3.82387
       pc2 = 1.98122
       pc3 = 1.73298
       pc4 = 0.0108709
       pc5 = 0.263286
       pc6 = -1.98963
       pc7 = -0.905835
       pc8 = 1.45751
       pc9 = -0.664697
      pc10 = 0.16907
      pc11 = 1.09384
      pc12 = 0.219206
      pc13 = 0.328677
      pc14 = 0.209615
      pc15 = -0.194827
      pc16 = 0.0296753
      pc17 = 0.0711905
      pc18 = 0.02725
Constrained:
   Tgbecnw = 98313.2
     Tecnw = 25047.3
       Tnw = 24161
       Tec = 12128.6
     twoNb = 4.10957e+06
     twoNe = 808357
     twoNc = 1.40488e+06
     twoNn = 62229.1
     twoNw = 1.71666e+07
    twoNec = 70999.5
    twoNnw = 2461.99
  twoNecnw = 66620
  twoNbecnw = 8491.08
  twoNgbecnw = 246907
         m = 0.111981
        m3 = 0.210531
        m4 = 0.0158951
        m5 = 0.0626455
        Ta = 43664.3
        Tc = 12080.5
        Td = 6040.24
        Te = 3020.12
#       SitePat  BranchLen
              b 119053.8161254
              e 45067.9286663
              c 46784.0933557
              n 42595.2516426
              w 44822.6438129
            b:e 1278.8660469
            b:c 1503.3631015
            b:n 1047.8469427
            b:w 1194.3354806
            e:c 11468.6523374
            e:n 4822.5526492
            e:w 4268.0168743
            c:n 4638.3993653
            c:w 3832.9520009
            n:w 12515.9613022
          b:e:c 1449.0187767
          b:e:n 621.5044943
          b:e:w 638.4806701
          b:c:n 638.1250569
          b:c:w 628.2161446
          b:n:w 1433.8353834
          e:c:n 4762.2236884
          e:c:w 3894.8146575
          e:n:w 5739.8195822
          c:n:w 4949.8002253
        b:e:c:n 1303.1114123
        b:e:c:w 1149.5556109
        b:e:n:w 1933.8941860
        b:c:n:w 1396.1137215
        e:c:n:w 46871.6436990
