########################################
# legofit: estimate population history #
#       version 2.3.4-4-g53f8760       #
########################################

# Program was compiled: Sep 21 2021 14:36:42
# Program was run: Fri Sep 24 08:33:11 2021

# cmd: legofit -1 -d 0 -t 32 --ptsPerDim 3 --stateOut b1boot40.state --tol 3e-6 -S 5000 acde2.lgo ../../chrX/boot_chrX/boot40.opf
# Stage nOptItr nSimReps
#     0    5000        0
# algorithm          : deterministic
# ignoring probs <=  : 0
# Branch length floor: 0
# DE strategy        : 2
#    F               : 0.3
#    CR              : 0.8
#    tolerance       : 3e-06
# nthreads           : 32
# lgo input file     : acde2.lgo
# site pat input file: ../../chrX/boot_chrX/boot40.opf
# free parameters    : 18
# points in DE swarm : 54
# output state file  : b1boot40.state
# Including singleton site patterns.
# cost function      : KL
Initial parameter values
Fixed:
      zero = 0
       one = 1
    Tbecnw = 75200
Free:
       pc1 = 0
       pc2 = 0
       pc3 = 0
       pc4 = 0
       pc5 = 0
       pc6 = 0
       pc7 = 0
       pc8 = 0
       pc9 = 0
      pc10 = 0
      pc11 = 0
      pc12 = 0
      pc13 = 0
      pc14 = 0
      pc15 = 0
      pc16 = 0
      pc17 = 0
      pc18 = 0
Constrained:
   Tgbecnw = 119750
     Tecnw = 27523.5
       Tnw = 23034.6
       Tec = 11563.8
     twoNb = 4.41793e+06
     twoNe = 171474
     twoNc = 1.10929e+06
     twoNn = 1.17668e+06
     twoNw = 1.40349e+07
    twoNec = 82654.8
    twoNnw = 12690.8
  twoNecnw = 63949
  twoNbecnw = 15471.1
  twoNgbecnw = 217582
         m = 0.132832
        m3 = 0.208599
        m4 = 0.0160115
        m5 = 0.0726673
        Ta = 43381.9
        Tc = 11517.3
        Td = 5758.66
        Te = 2879.33
DiffEv reached_goal. cost=1.99317e-03 spread=2.49840e-06
Fitted parameter values
Free:
       pc1 = -3.95453
       pc2 = 1.99847
       pc3 = 1.16592
       pc4 = 0.544383
       pc5 = -0.708923
       pc6 = -1.95412
       pc7 = -0.833061
       pc8 = 0.978383
       pc9 = -1.29014
      pc10 = -0.808186
      pc11 = 0.309992
      pc12 = -0.494941
      pc13 = 0.206496
      pc14 = 0.118444
      pc15 = -0.321486
      pc16 = -0.0164674
      pc17 = 0.0595844
      pc18 = 0.116745
Constrained:
   Tgbecnw = 99455.5
     Tecnw = 25063.9
       Tnw = 24392.5
       Tec = 12385.6
     twoNb = 4.53208e+06
     twoNe = 17604.6
     twoNc = 55276.1
     twoNn = 1.66502e+06
     twoNw = 1.15346e+07
    twoNec = 71348.6
    twoNnw = 1813.02
  twoNecnw = 64799.5
  twoNbecnw = 8720.92
  twoNgbecnw = 249228
         m = 0.112329
        m3 = 0.210005
        m4 = 0.0152541
        m5 = 0.0613851
        Ta = 43792.8
        Tc = 12196.3
        Td = 6098.13
        Te = 3049.07
#       SitePat  BranchLen
              b 119438.8003432
              e 44815.7269871
              c 46576.4564085
              n 42146.3680976
              w 44358.1972642
            b:e 1224.7350941
            b:c 1442.6749066
            b:n 987.6106948
            b:w 1127.3388809
            e:c 11262.7337784
            e:n 4797.4263699
            e:w 4195.8381394
            c:n 4543.4771505
            c:w 3793.3479946
            n:w 12451.8988769
          b:e:c 1379.7271752
          b:e:n 589.9708385
          b:e:w 601.8849876
          b:c:n 601.5894145
          b:c:w 596.0282579
          b:n:w 1365.1297306
          e:c:n 4692.6012266
          e:c:w 3832.4894464
          e:n:w 5766.7622837
          c:n:w 4965.0442264
        b:e:c:n 1223.7191912
        b:e:c:w 1077.6380125
        b:e:n:w 1855.9292791
        b:c:n:w 1329.6554294
        e:c:n:w 47525.2496175
