########################################
# legofit: estimate population history #
#       version 2.3.4-4-g53f8760       #
########################################

# Program was compiled: Sep 21 2021 14:36:42
# Program was run: Fri Sep 24 08:26:50 2021

# cmd: legofit -1 -d 0 -t 32 --ptsPerDim 3 --stateOut b1boot7.state --tol 3e-6 -S 5000 acde2.lgo ../../chrX/boot_chrX/boot7.opf
# Stage nOptItr nSimReps
#     0    5000        0
# algorithm          : deterministic
# ignoring probs <=  : 0
# Branch length floor: 0
# DE strategy        : 2
#    F               : 0.3
#    CR              : 0.8
#    tolerance       : 3e-06
# nthreads           : 32
# lgo input file     : acde2.lgo
# site pat input file: ../../chrX/boot_chrX/boot7.opf
# free parameters    : 18
# points in DE swarm : 54
# output state file  : b1boot7.state
# Including singleton site patterns.
# cost function      : KL
Initial parameter values
Fixed:
      zero = 0
       one = 1
    Tbecnw = 75200
Free:
       pc1 = 0
       pc2 = 0
       pc3 = 0
       pc4 = 0
       pc5 = 0
       pc6 = 0
       pc7 = 0
       pc8 = 0
       pc9 = 0
      pc10 = 0
      pc11 = 0
      pc12 = 0
      pc13 = 0
      pc14 = 0
      pc15 = 0
      pc16 = 0
      pc17 = 0
      pc18 = 0
Constrained:
   Tgbecnw = 119750
     Tecnw = 27523.5
       Tnw = 23034.6
       Tec = 11563.8
     twoNb = 4.41793e+06
     twoNe = 171474
     twoNc = 1.10929e+06
     twoNn = 1.17668e+06
     twoNw = 1.40349e+07
    twoNec = 82654.8
    twoNnw = 12690.8
  twoNecnw = 63949
  twoNbecnw = 15471.1
  twoNgbecnw = 217582
         m = 0.132832
        m3 = 0.208599
        m4 = 0.0160115
        m5 = 0.0726673
        Ta = 43381.9
        Tc = 11517.3
        Td = 5758.66
        Te = 2879.33
DiffEv reached_goal. cost=2.03811e-03 spread=2.89641e-06
Fitted parameter values
Free:
       pc1 = -3.9973
       pc2 = 1.96523
       pc3 = 1.65121
       pc4 = -0.67371
       pc5 = -1.76427
       pc6 = -1.97079
       pc7 = -1.37662
       pc8 = 1.57784
       pc9 = 1.26876
      pc10 = -0.531035
      pc11 = 1.52764
      pc12 = 0.0589729
      pc13 = -0.155921
      pc14 = 0.295729
      pc15 = -0.172434
      pc16 = -0.00442507
      pc17 = 0.0287326
      pc18 = 0.000251786
Constrained:
   Tgbecnw = 97068.1
     Tecnw = 25312.9
       Tnw = 24159.4
       Tec = 12122.4
     twoNb = 5.04425e+06
     twoNe = 155490
     twoNc = 1.38741e+06
     twoNn = 2.23465e+06
     twoNw = 3.89696e+07
    twoNec = 67209.6
    twoNnw = 3230.65
  twoNecnw = 66997.8
  twoNbecnw = 8023.76
  twoNgbecnw = 240790
         m = 0.11741
        m3 = 0.224625
        m4 = 0.0178369
        m5 = 0.0571776
        Ta = 43661.2
        Tc = 12079.7
        Td = 6039.85
        Te = 3019.93
#       SitePat  BranchLen
              b 118964.0060399
              e 44837.3933050
              c 46563.6986984
              n 42741.8324864
              w 45305.9325843
            b:e 1221.2452815
            b:c 1451.7175126
            b:n 1021.0873905
            b:w 1185.7366068
            e:c 11667.8279666
            e:n 4841.4649126
            e:w 4181.6531400
            c:n 4656.4072790
            c:w 3758.8631781
            n:w 12365.8126158
          b:e:c 1409.8224975
          b:e:n 601.3439057
          b:e:w 617.7745305
          b:c:n 616.8411907
          b:c:w 608.3767853
          b:n:w 1396.9006705
          e:c:n 4866.4880464
          e:c:w 3859.7438220
          e:n:w 5550.4916226
          c:n:w 4782.5658523
        b:e:c:n 1294.3624720
        b:e:c:w 1121.7470363
        b:e:n:w 1922.8641369
        b:c:n:w 1335.7600941
        e:c:n:w 46775.3637195
