########################################
# legofit: estimate population history #
#       version 2.3.4-4-g53f8760       #
########################################

# Program was compiled: Sep 21 2021 14:36:42
# Program was run: Fri Sep 24 08:34:34 2021

# cmd: legofit -1 -d 0 -t 32 --ptsPerDim 3 --stateOut b1boot46.state --tol 3e-6 -S 5000 acde2.lgo ../../chrX/boot_chrX/boot46.opf
# Stage nOptItr nSimReps
#     0    5000        0
# algorithm          : deterministic
# ignoring probs <=  : 0
# Branch length floor: 0
# DE strategy        : 2
#    F               : 0.3
#    CR              : 0.8
#    tolerance       : 3e-06
# nthreads           : 32
# lgo input file     : acde2.lgo
# site pat input file: ../../chrX/boot_chrX/boot46.opf
# free parameters    : 18
# points in DE swarm : 54
# output state file  : b1boot46.state
# Including singleton site patterns.
# cost function      : KL
Initial parameter values
Fixed:
      zero = 0
       one = 1
    Tbecnw = 75200
Free:
       pc1 = 0
       pc2 = 0
       pc3 = 0
       pc4 = 0
       pc5 = 0
       pc6 = 0
       pc7 = 0
       pc8 = 0
       pc9 = 0
      pc10 = 0
      pc11 = 0
      pc12 = 0
      pc13 = 0
      pc14 = 0
      pc15 = 0
      pc16 = 0
      pc17 = 0
      pc18 = 0
Constrained:
   Tgbecnw = 119750
     Tecnw = 27523.5
       Tnw = 23034.6
       Tec = 11563.8
     twoNb = 4.41793e+06
     twoNe = 171474
     twoNc = 1.10929e+06
     twoNn = 1.17668e+06
     twoNw = 1.40349e+07
    twoNec = 82654.8
    twoNnw = 12690.8
  twoNecnw = 63949
  twoNbecnw = 15471.1
  twoNgbecnw = 217582
         m = 0.132832
        m3 = 0.208599
        m4 = 0.0160115
        m5 = 0.0726673
        Ta = 43381.9
        Tc = 11517.3
        Td = 5758.66
        Te = 2879.33
DiffEv reached_goal. cost=1.96987e-03 spread=1.58849e-06
Fitted parameter values
Free:
       pc1 = -3.99821
       pc2 = 1.98357
       pc3 = 1.99321
       pc4 = 0.719109
       pc5 = 0.0193177
       pc6 = -1.9529
       pc7 = -0.266679
       pc8 = 0.522429
       pc9 = -0.779688
      pc10 = 0.666812
      pc11 = 0.769119
      pc12 = 0.513932
      pc13 = 0.0718522
      pc14 = 0.191291
      pc15 = -0.214172
      pc16 = 0.0831948
      pc17 = 0.112158
      pc18 = -0.022495
Constrained:
   Tgbecnw = 95972.4
     Tecnw = 25300.9
       Tnw = 24108.1
       Tec = 12059.1
     twoNb = 3.74704e+06
     twoNe = 945415
     twoNc = 921390
     twoNn = 165235
     twoNw = 1.20271e+07
    twoNec = 69284
    twoNnw = 3314.66
  twoNecnw = 66657.2
  twoNbecnw = 7634.4
  twoNgbecnw = 238664
         m = 0.119634
        m3 = 0.218963
        m4 = 0.0152053
        m5 = 0.0722105
        Ta = 43629.6
        Tc = 12054
        Td = 6027.01
        Te = 3013.51
#       SitePat  BranchLen
              b 118891.3809044
              e 44782.5266914
              c 46573.9302760
              n 42591.0052022
              w 44971.7205086
            b:e 1200.5121699
            b:c 1427.5009687
            b:n 998.0824493
            b:w 1148.0147482
            e:c 11443.7490179
            e:n 4810.9756954
            e:w 4240.0692221
            c:n 4633.2192264
            c:w 3751.5661801
            n:w 12290.3164301
          b:e:c 1374.1566027
          b:e:n 590.1083938
          b:e:w 609.6460847
          b:c:n 609.1919284
          b:c:w 596.9370152
          b:n:w 1360.6852325
          e:c:n 4753.5544239
          e:c:w 3825.3986373
          e:n:w 5609.1308668
          c:n:w 4777.2027098
        b:e:c:n 1253.8127274
        b:e:c:w 1096.5976510
        b:e:n:w 1839.5322941
        b:c:n:w 1312.9528980
        e:c:n:w 46879.3418056
