########################################
# legofit: estimate population history #
#       version 2.3.4-4-g53f8760       #
########################################

# Program was compiled: Sep 21 2021 14:36:42
# Program was run: Fri Sep 24 08:32:37 2021

# cmd: legofit -1 -d 0 -t 32 --ptsPerDim 3 --stateOut b1boot35.state --tol 3e-6 -S 5000 acde2.lgo ../../chrX/boot_chrX/boot35.opf
# Stage nOptItr nSimReps
#     0    5000        0
# algorithm          : deterministic
# ignoring probs <=  : 0
# Branch length floor: 0
# DE strategy        : 2
#    F               : 0.3
#    CR              : 0.8
#    tolerance       : 3e-06
# nthreads           : 32
# lgo input file     : acde2.lgo
# site pat input file: ../../chrX/boot_chrX/boot35.opf
# free parameters    : 18
# points in DE swarm : 54
# output state file  : b1boot35.state
# Including singleton site patterns.
# cost function      : KL
Initial parameter values
Fixed:
      zero = 0
       one = 1
    Tbecnw = 75200
Free:
       pc1 = 0
       pc2 = 0
       pc3 = 0
       pc4 = 0
       pc5 = 0
       pc6 = 0
       pc7 = 0
       pc8 = 0
       pc9 = 0
      pc10 = 0
      pc11 = 0
      pc12 = 0
      pc13 = 0
      pc14 = 0
      pc15 = 0
      pc16 = 0
      pc17 = 0
      pc18 = 0
Constrained:
   Tgbecnw = 119750
     Tecnw = 27523.5
       Tnw = 23034.6
       Tec = 11563.8
     twoNb = 4.41793e+06
     twoNe = 171474
     twoNc = 1.10929e+06
     twoNn = 1.17668e+06
     twoNw = 1.40349e+07
    twoNec = 82654.8
    twoNnw = 12690.8
  twoNecnw = 63949
  twoNbecnw = 15471.1
  twoNgbecnw = 217582
         m = 0.132832
        m3 = 0.208599
        m4 = 0.0160115
        m5 = 0.0726673
        Ta = 43381.9
        Tc = 11517.3
        Td = 5758.66
        Te = 2879.33
DiffEv reached_goal. cost=2.10499e-03 spread=2.60714e-06
Fitted parameter values
Free:
       pc1 = -3.97877
       pc2 = 1.97911
       pc3 = 1.88107
       pc4 = -0.371487
       pc5 = -1.09625
       pc6 = -1.92632
       pc7 = -0.163246
       pc8 = 1.09674
       pc9 = 0.163199
      pc10 = 0.654524
      pc11 = 1.22276
      pc12 = 0.0274728
      pc13 = 0.22606
      pc14 = 0.0470717
      pc15 = -0.155662
      pc16 = 0.0406045
      pc17 = 0.150066
      pc18 = 0.0583456
Constrained:
   Tgbecnw = 96453.6
     Tecnw = 25404.7
       Tnw = 24305.6
       Tec = 12260.5
     twoNb = 5.34717e+06
     twoNe = 864461
     twoNc = 956504
     twoNn = 511880
     twoNw = 3.1069e+07
    twoNec = 70374.3
    twoNnw = 3065.64
  twoNecnw = 66263.7
  twoNbecnw = 7613.76
  twoNgbecnw = 250829
         m = 0.118403
        m3 = 0.226183
        m4 = 0.0165134
        m5 = 0.0677878
        Ta = 43730.2
        Tc = 12152.8
        Td = 6076.39
        Te = 3038.2
#       SitePat  BranchLen
              b 119932.5287485
              e 44914.3193578
              c 46724.0404978
              n 42666.3155744
              w 45079.6924848
            b:e 1184.6047000
            b:c 1412.9981263
            b:n 982.0016630
            b:w 1131.9357625
            e:c 11278.3395755
            e:n 4821.9369320
            e:w 4226.6753379
            c:n 4640.7768077
            c:w 3757.0663523
            n:w 12149.9175882
          b:e:c 1343.6788044
          b:e:n 584.4090786
          b:e:w 602.7115796
          b:c:n 602.1115422
          b:c:w 591.0886858
          b:n:w 1330.4643789
          e:c:n 4731.6422794
          e:c:w 3797.2374185
          e:n:w 5575.8815388
          c:n:w 4759.5617195
        b:e:c:n 1235.6345499
        b:e:c:w 1078.4208059
        b:e:n:w 1871.9437424
        b:c:n:w 1294.8383058
        e:c:n:w 47931.9350028
