########################################
# legofit: estimate population history #
#       version 2.3.4-4-g53f8760       #
########################################

# Program was compiled: Sep 21 2021 14:36:42
# Program was run: Fri Sep 24 08:26:00 2021

# cmd: legofit -1 -d 0 -t 32 --ptsPerDim 3 --stateOut b1boot4.state --tol 3e-6 -S 5000 acde2.lgo ../../chrX/boot_chrX/boot4.opf
# Stage nOptItr nSimReps
#     0    5000        0
# algorithm          : deterministic
# ignoring probs <=  : 0
# Branch length floor: 0
# DE strategy        : 2
#    F               : 0.3
#    CR              : 0.8
#    tolerance       : 3e-06
# nthreads           : 32
# lgo input file     : acde2.lgo
# site pat input file: ../../chrX/boot_chrX/boot4.opf
# free parameters    : 18
# points in DE swarm : 54
# output state file  : b1boot4.state
# Including singleton site patterns.
# cost function      : KL
Initial parameter values
Fixed:
      zero = 0
       one = 1
    Tbecnw = 75200
Free:
       pc1 = 0
       pc2 = 0
       pc3 = 0
       pc4 = 0
       pc5 = 0
       pc6 = 0
       pc7 = 0
       pc8 = 0
       pc9 = 0
      pc10 = 0
      pc11 = 0
      pc12 = 0
      pc13 = 0
      pc14 = 0
      pc15 = 0
      pc16 = 0
      pc17 = 0
      pc18 = 0
Constrained:
   Tgbecnw = 119750
     Tecnw = 27523.5
       Tnw = 23034.6
       Tec = 11563.8
     twoNb = 4.41793e+06
     twoNe = 171474
     twoNc = 1.10929e+06
     twoNn = 1.17668e+06
     twoNw = 1.40349e+07
    twoNec = 82654.8
    twoNnw = 12690.8
  twoNecnw = 63949
  twoNbecnw = 15471.1
  twoNgbecnw = 217582
         m = 0.132832
        m3 = 0.208599
        m4 = 0.0160115
        m5 = 0.0726673
        Ta = 43381.9
        Tc = 11517.3
        Td = 5758.66
        Te = 2879.33
DiffEv reached_goal. cost=2.02040e-03 spread=2.32112e-06
Fitted parameter values
Free:
       pc1 = -3.99863
       pc2 = 1.99199
       pc3 = 1.9865
       pc4 = 1.34325
       pc5 = -0.355775
       pc6 = -1.95348
       pc7 = 0.160901
       pc8 = -0.147962
       pc9 = -0.51624
      pc10 = 1.03398
      pc11 = 0.914887
      pc12 = -0.7747
      pc13 = -0.324866
      pc14 = 0.12908
      pc15 = -0.344255
      pc16 = 0.030551
      pc17 = 0.0545672
      pc18 = 0.0292226
Constrained:
   Tgbecnw = 93633.2
     Tecnw = 25577.5
       Tnw = 24330
       Tec = 12269.7
     twoNb = 3.19011e+06
     twoNe = 3940.37
     twoNc = 296131
     twoNn = 29231.3
     twoNw = 1.94292e+07
    twoNec = 67468.6
    twoNnw = 3304.89
  twoNecnw = 64028
  twoNbecnw = 7022.79
  twoNgbecnw = 232625
         m = 0.122433
        m3 = 0.221863
        m4 = 0.0151537
        m5 = 0.0794381
        Ta = 43734.8
        Tc = 12165
        Td = 6082.5
        Te = 3041.25
#       SitePat  BranchLen
              b 118944.2113260
              e 44209.9016870
              c 46304.9187542
              n 41973.1740157
              w 44564.9057659
            b:e 1202.6759259
            b:c 1459.2122696
            b:n 989.9417520
            b:w 1155.9018472
            e:c 11370.5113667
            e:n 4887.1346375
            e:w 4157.5040897
            c:n 4516.8266810
            c:w 3676.7457419
            n:w 12258.4438702
          b:e:c 1393.7417031
          b:e:n 592.1847524
          b:e:w 604.6585771
          b:c:n 604.6268477
          b:c:w 599.9502488
          b:n:w 1379.3248048
          e:c:n 4807.2268256
          e:c:w 3785.2065623
          e:n:w 5738.1786081
          c:n:w 4774.6791389
        b:e:c:n 1259.0980864
        b:e:c:w 1085.3407655
        b:e:n:w 1857.2451958
        b:c:n:w 1312.5235670
        e:c:n:w 47490.0291106
