########################################
# legofit: estimate population history #
#       version 2.3.4-4-g53f8760       #
########################################

# Program was compiled: Sep 21 2021 14:36:42
# Program was run: Fri Sep 24 08:30:28 2021

# cmd: legofit -1 -d 0 -t 32 --ptsPerDim 3 --stateOut b1boot25.state --tol 3e-6 -S 5000 acde2.lgo ../../chrX/boot_chrX/boot25.opf
# Stage nOptItr nSimReps
#     0    5000        0
# algorithm          : deterministic
# ignoring probs <=  : 0
# Branch length floor: 0
# DE strategy        : 2
#    F               : 0.3
#    CR              : 0.8
#    tolerance       : 3e-06
# nthreads           : 32
# lgo input file     : acde2.lgo
# site pat input file: ../../chrX/boot_chrX/boot25.opf
# free parameters    : 18
# points in DE swarm : 54
# output state file  : b1boot25.state
# Including singleton site patterns.
# cost function      : KL
Initial parameter values
Fixed:
      zero = 0
       one = 1
    Tbecnw = 75200
Free:
       pc1 = 0
       pc2 = 0
       pc3 = 0
       pc4 = 0
       pc5 = 0
       pc6 = 0
       pc7 = 0
       pc8 = 0
       pc9 = 0
      pc10 = 0
      pc11 = 0
      pc12 = 0
      pc13 = 0
      pc14 = 0
      pc15 = 0
      pc16 = 0
      pc17 = 0
      pc18 = 0
Constrained:
   Tgbecnw = 119750
     Tecnw = 27523.5
       Tnw = 23034.6
       Tec = 11563.8
     twoNb = 4.41793e+06
     twoNe = 171474
     twoNc = 1.10929e+06
     twoNn = 1.17668e+06
     twoNw = 1.40349e+07
    twoNec = 82654.8
    twoNnw = 12690.8
  twoNecnw = 63949
  twoNbecnw = 15471.1
  twoNgbecnw = 217582
         m = 0.132832
        m3 = 0.208599
        m4 = 0.0160115
        m5 = 0.0726673
        Ta = 43381.9
        Tc = 11517.3
        Td = 5758.66
        Te = 2879.33
DiffEv reached_goal. cost=2.03460e-03 spread=2.62251e-06
Fitted parameter values
Free:
       pc1 = -3.9975
       pc2 = 1.99643
       pc3 = 1.97974
       pc4 = 0.487977
       pc5 = 0.325538
       pc6 = -1.94444
       pc7 = 0.668343
       pc8 = 1.54924
       pc9 = 0.335989
      pc10 = -0.841966
      pc11 = 0.00493232
      pc12 = 0.109605
      pc13 = -0.013054
      pc14 = 0.133204
      pc15 = -0.086324
      pc16 = 0.0710053
      pc17 = -0.0175472
      pc18 = -0.0151367
Constrained:
   Tgbecnw = 98424
     Tecnw = 25191.6
       Tnw = 24109.2
       Tec = 12064.9
     twoNb = 6.24703e+06
     twoNe = 2918.64
     twoNc = 534938
     twoNn = 662839
     twoNw = 5.78817e+06
    twoNec = 67655.6
    twoNnw = 2909.72
  twoNecnw = 67668.7
  twoNbecnw = 8364.85
  twoNgbecnw = 245558
         m = 0.120173
        m3 = 0.203957
        m4 = 0.0170226
        m5 = 0.0744717
        Ta = 43632.5
        Tc = 12054.6
        Td = 6027.31
        Te = 3013.66
#       SitePat  BranchLen
              b 120330.6176194
              e 44910.2896587
              c 46931.3037684
              n 42515.8390556
              w 44784.7847144
            b:e 1215.9173614
            b:c 1463.9965697
            b:n 997.7371741
            b:w 1140.9959908
            e:c 11649.0510215
            e:n 4779.0241593
            e:w 4228.8879000
            c:n 4548.2759629
            c:w 3717.4608634
            n:w 12704.2262346
          b:e:c 1408.5619252
          b:e:n 587.0305666
          b:e:w 605.1054651
          b:c:n 604.8554022
          b:c:w 593.6151760
          b:n:w 1394.0599393
          e:c:n 4697.7230995
          e:c:w 3809.7287996
          e:n:w 5755.4746256
          c:n:w 4829.6161267
        b:e:c:n 1244.9799614
        b:e:c:w 1094.8864724
        b:e:n:w 1935.2130855
        b:c:n:w 1327.8187085
        e:c:n:w 48023.5175601
