########################################
# legofit: estimate population history #
#       version 2.3.4-4-g53f8760       #
########################################

# Program was compiled: Sep 21 2021 14:36:42
# Program was run: Fri Sep 24 08:30:02 2021

# cmd: legofit -1 -d 0 -t 32 --ptsPerDim 3 --stateOut b1boot23.state --tol 3e-6 -S 5000 acde2.lgo ../../chrX/boot_chrX/boot23.opf
# Stage nOptItr nSimReps
#     0    5000        0
# algorithm          : deterministic
# ignoring probs <=  : 0
# Branch length floor: 0
# DE strategy        : 2
#    F               : 0.3
#    CR              : 0.8
#    tolerance       : 3e-06
# nthreads           : 32
# lgo input file     : acde2.lgo
# site pat input file: ../../chrX/boot_chrX/boot23.opf
# free parameters    : 18
# points in DE swarm : 54
# output state file  : b1boot23.state
# Including singleton site patterns.
# cost function      : KL
Initial parameter values
Fixed:
      zero = 0
       one = 1
    Tbecnw = 75200
Free:
       pc1 = 0
       pc2 = 0
       pc3 = 0
       pc4 = 0
       pc5 = 0
       pc6 = 0
       pc7 = 0
       pc8 = 0
       pc9 = 0
      pc10 = 0
      pc11 = 0
      pc12 = 0
      pc13 = 0
      pc14 = 0
      pc15 = 0
      pc16 = 0
      pc17 = 0
      pc18 = 0
Constrained:
   Tgbecnw = 119750
     Tecnw = 27523.5
       Tnw = 23034.6
       Tec = 11563.8
     twoNb = 4.41793e+06
     twoNe = 171474
     twoNc = 1.10929e+06
     twoNn = 1.17668e+06
     twoNw = 1.40349e+07
    twoNec = 82654.8
    twoNnw = 12690.8
  twoNecnw = 63949
  twoNbecnw = 15471.1
  twoNgbecnw = 217582
         m = 0.132832
        m3 = 0.208599
        m4 = 0.0160115
        m5 = 0.0726673
        Ta = 43381.9
        Tc = 11517.3
        Td = 5758.66
        Te = 2879.33
DiffEv reached_goal. cost=2.00475e-03 spread=2.61347e-06
Fitted parameter values
Free:
       pc1 = -3.99292
       pc2 = 1.99296
       pc3 = 1.95407
       pc4 = 0.76772
       pc5 = 0.381934
       pc6 = -1.90637
       pc7 = -0.438381
       pc8 = 1.09495
       pc9 = 0.843405
      pc10 = 0.0460006
      pc11 = 0.606722
      pc12 = -0.204857
      pc13 = 0.0161177
      pc14 = 0.358281
      pc15 = -0.34797
      pc16 = 0.0769553
      pc17 = 0.018469
      pc18 = 0.00362154
Constrained:
   Tgbecnw = 96635.5
     Tecnw = 25206.3
       Tnw = 24325.3
       Tec = 12189.2
     twoNb = 4.05273e+06
     twoNe = 7470.69
     twoNc = 1.52303e+06
     twoNn = 653756
     twoNw = 1.49941e+07
    twoNec = 66889.2
    twoNnw = 2464.31
  twoNecnw = 66180.4
  twoNbecnw = 8090.72
  twoNgbecnw = 225701
         m = 0.123923
        m3 = 0.209612
        m4 = 0.0170444
        m5 = 0.0743698
        Ta = 43694.6
        Tc = 12162.7
        Td = 6081.33
        Te = 3040.67
#       SitePat  BranchLen
              b 118818.4762290
              e 44640.0327460
              c 46578.8007010
              n 42547.0449138
              w 44874.3894275
            b:e 1214.8834593
            b:c 1466.8613096
            b:n 1013.9757847
            b:w 1162.8992467
            e:c 11541.0288962
            e:n 4822.8377375
            e:w 4253.7544049
            c:n 4598.7838467
            c:w 3757.7457192
            n:w 12352.8254286
          b:e:c 1399.0291124
          b:e:n 596.7218075
          b:e:w 614.6900122
          b:c:n 614.5277715
          b:c:w 603.5565480
          b:n:w 1385.6866161
          e:c:n 4795.4160537
          e:c:w 3878.1930000
          e:n:w 5715.1950175
          c:n:w 4814.3548581
        b:e:c:n 1267.0059157
        b:e:c:w 1111.0854725
        b:e:n:w 1902.0137126
        b:c:n:w 1325.4978841
        e:c:n:w 46745.0237932
