########################################
# legofit: estimate population history #
#       version 2.3.4-4-g53f8760       #
########################################

# Program was compiled: Sep 21 2021 14:36:42
# Program was run: Fri Sep 24 08:31:33 2021

# cmd: legofit -1 -d 0 -t 32 --ptsPerDim 3 --stateOut b1boot30.state --tol 3e-6 -S 5000 acde2.lgo ../../chrX/boot_chrX/boot30.opf
# Stage nOptItr nSimReps
#     0    5000        0
# algorithm          : deterministic
# ignoring probs <=  : 0
# Branch length floor: 0
# DE strategy        : 2
#    F               : 0.3
#    CR              : 0.8
#    tolerance       : 3e-06
# nthreads           : 32
# lgo input file     : acde2.lgo
# site pat input file: ../../chrX/boot_chrX/boot30.opf
# free parameters    : 18
# points in DE swarm : 54
# output state file  : b1boot30.state
# Including singleton site patterns.
# cost function      : KL
Initial parameter values
Fixed:
      zero = 0
       one = 1
    Tbecnw = 75200
Free:
       pc1 = 0
       pc2 = 0
       pc3 = 0
       pc4 = 0
       pc5 = 0
       pc6 = 0
       pc7 = 0
       pc8 = 0
       pc9 = 0
      pc10 = 0
      pc11 = 0
      pc12 = 0
      pc13 = 0
      pc14 = 0
      pc15 = 0
      pc16 = 0
      pc17 = 0
      pc18 = 0
Constrained:
   Tgbecnw = 119750
     Tecnw = 27523.5
       Tnw = 23034.6
       Tec = 11563.8
     twoNb = 4.41793e+06
     twoNe = 171474
     twoNc = 1.10929e+06
     twoNn = 1.17668e+06
     twoNw = 1.40349e+07
    twoNec = 82654.8
    twoNnw = 12690.8
  twoNecnw = 63949
  twoNbecnw = 15471.1
  twoNgbecnw = 217582
         m = 0.132832
        m3 = 0.208599
        m4 = 0.0160115
        m5 = 0.0726673
        Ta = 43381.9
        Tc = 11517.3
        Td = 5758.66
        Te = 2879.33
DiffEv reached_goal. cost=2.05338e-03 spread=2.98021e-06
Fitted parameter values
Free:
       pc1 = -3.35847
       pc2 = 1.99796
       pc3 = 1.8275
       pc4 = 0.384174
       pc5 = -1.52217
       pc6 = -1.96763
       pc7 = 0.441042
       pc8 = 1.89388
       pc9 = -0.430295
      pc10 = 0.414717
      pc11 = 0.245464
      pc12 = -0.868985
      pc13 = -0.321525
      pc14 = 0.17072
      pc15 = -0.32551
      pc16 = 0.0605585
      pc17 = 0.01086
      pc18 = -0.00115292
Constrained:
   Tgbecnw = 95153.9
     Tecnw = 25663.3
       Tnw = 24039
       Tec = 12087.9
     twoNb = 7.15048e+06
     twoNe = 77566.1
     twoNc = 209116
     twoNn = 416201
     twoNw = 1.69308e+07
    twoNec = 69231
    twoNnw = 4392.79
  twoNecnw = 62835.2
  twoNbecnw = 7306.83
  twoNgbecnw = 244234
         m = 0.11738
        m3 = 0.221602
        m4 = 0.0164166
        m5 = 0.0662416
        Ta = 43643.9
        Tc = 12019.5
        Td = 6009.74
        Te = 3004.87
#       SitePat  BranchLen
              b 119100.8982610
              e 44249.7484742
              c 46043.5459797
              n 42063.3036623
              w 44496.7268509
            b:e 1158.8658395
            b:c 1383.7617035
            b:n 957.8354230
            b:w 1109.4014343
            e:c 11377.7570558
            e:n 4696.8734438
            e:w 4097.9278027
            c:n 4515.4316428
            c:w 3641.9989108
            n:w 12179.7925955
          b:e:c 1337.1291213
          b:e:n 563.1922440
          b:e:w 580.5787680
          b:c:n 580.0963163
          b:c:w 569.5764496
          b:n:w 1324.5682161
          e:c:n 4751.4346794
          e:c:w 3790.3898640
          e:n:w 5582.6808845
          c:n:w 4757.2952961
        b:e:c:n 1204.6588707
        b:e:c:w 1046.2262021
        b:e:n:w 1822.1390427
        b:c:n:w 1260.2999755
        e:c:n:w 47739.6257998
