########################################
# legofit: estimate population history #
#       version 2.3.4-4-g53f8760       #
########################################

# Program was compiled: Sep 21 2021 14:36:42
# Program was run: Fri Sep 24 08:32:01 2021

# cmd: legofit -1 -d 0 -t 32 --ptsPerDim 3 --stateOut b1boot34.state --tol 3e-6 -S 5000 acde2.lgo ../../chrX/boot_chrX/boot34.opf
# Stage nOptItr nSimReps
#     0    5000        0
# algorithm          : deterministic
# ignoring probs <=  : 0
# Branch length floor: 0
# DE strategy        : 2
#    F               : 0.3
#    CR              : 0.8
#    tolerance       : 3e-06
# nthreads           : 32
# lgo input file     : acde2.lgo
# site pat input file: ../../chrX/boot_chrX/boot34.opf
# free parameters    : 18
# points in DE swarm : 54
# output state file  : b1boot34.state
# Including singleton site patterns.
# cost function      : KL
Initial parameter values
Fixed:
      zero = 0
       one = 1
    Tbecnw = 75200
Free:
       pc1 = 0
       pc2 = 0
       pc3 = 0
       pc4 = 0
       pc5 = 0
       pc6 = 0
       pc7 = 0
       pc8 = 0
       pc9 = 0
      pc10 = 0
      pc11 = 0
      pc12 = 0
      pc13 = 0
      pc14 = 0
      pc15 = 0
      pc16 = 0
      pc17 = 0
      pc18 = 0
Constrained:
   Tgbecnw = 119750
     Tecnw = 27523.5
       Tnw = 23034.6
       Tec = 11563.8
     twoNb = 4.41793e+06
     twoNe = 171474
     twoNc = 1.10929e+06
     twoNn = 1.17668e+06
     twoNw = 1.40349e+07
    twoNec = 82654.8
    twoNnw = 12690.8
  twoNecnw = 63949
  twoNbecnw = 15471.1
  twoNgbecnw = 217582
         m = 0.132832
        m3 = 0.208599
        m4 = 0.0160115
        m5 = 0.0726673
        Ta = 43381.9
        Tc = 11517.3
        Td = 5758.66
        Te = 2879.33
DiffEv reached_goal. cost=1.88654e-03 spread=2.71341e-06
Fitted parameter values
Free:
       pc1 = -3.98025
       pc2 = 1.97613
       pc3 = 1.98472
       pc4 = 0.503273
       pc5 = 1.70143
       pc6 = -1.99146
       pc7 = 0.572687
       pc8 = 0.114758
       pc9 = 0.880046
      pc10 = 0.158278
      pc11 = -0.495408
      pc12 = -0.585394
      pc13 = -0.270749
      pc14 = 0.0432947
      pc15 = -0.239275
      pc16 = 0.0480567
      pc17 = -0.015444
      pc18 = 0.00810888
Constrained:
   Tgbecnw = 100064
     Tecnw = 25506.4
       Tnw = 24673.6
       Tec = 12389
     twoNb = 3.8305e+06
     twoNe = 768085
     twoNc = 713528
     twoNn = 143407
     twoNw = 8.99376e+06
    twoNec = 65127.6
    twoNnw = 2376.75
  twoNecnw = 66032.9
  twoNbecnw = 8939.78
  twoNgbecnw = 233490
         m = 0.126691
        m3 = 0.193524
        m4 = 0.0170445
        m5 = 0.0886798
        Ta = 43794.5
        Tc = 12336.8
        Td = 6168.39
        Te = 3084.2
#       SitePat  BranchLen
              b 120651.8816362
              e 44675.6580462
              c 46798.5309669
              n 42865.3984643
              w 45011.3533078
            b:e 1152.1727557
            b:c 1417.3504703
            b:n 975.6271398
            b:w 1107.5265374
            e:c 11568.8856869
            e:n 4750.9422787
            e:w 4273.9301494
            c:n 4527.7130237
            c:w 3709.1541624
            n:w 12274.4453186
          b:e:c 1337.0638575
          b:e:n 566.4037931
          b:e:w 586.2444951
          b:c:n 586.4355576
          b:c:w 572.4225731
          b:n:w 1325.6075112
          e:c:n 4723.1522364
          e:c:w 3872.7683835
          e:n:w 5718.4830550
          c:n:w 4723.6854593
        b:e:c:n 1201.7935024
        b:e:c:w 1064.0663873
        b:e:n:w 1863.3351982
        b:c:n:w 1251.8772870
        e:c:n:w 48304.9091476
