########################################
# legofit: estimate population history #
#       version 2.3.4-4-g53f8760       #
########################################

# Program was compiled: Sep 21 2021 14:36:42
# Program was run: Fri Sep 24 08:27:39 2021

# cmd: legofit -1 -d 0 -t 32 --ptsPerDim 3 --stateOut b1boot11.state --tol 3e-6 -S 5000 acde2.lgo ../../chrX/boot_chrX/boot11.opf
# Stage nOptItr nSimReps
#     0    5000        0
# algorithm          : deterministic
# ignoring probs <=  : 0
# Branch length floor: 0
# DE strategy        : 2
#    F               : 0.3
#    CR              : 0.8
#    tolerance       : 3e-06
# nthreads           : 32
# lgo input file     : acde2.lgo
# site pat input file: ../../chrX/boot_chrX/boot11.opf
# free parameters    : 18
# points in DE swarm : 54
# output state file  : b1boot11.state
# Including singleton site patterns.
# cost function      : KL
Initial parameter values
Fixed:
      zero = 0
       one = 1
    Tbecnw = 75200
Free:
       pc1 = 0
       pc2 = 0
       pc3 = 0
       pc4 = 0
       pc5 = 0
       pc6 = 0
       pc7 = 0
       pc8 = 0
       pc9 = 0
      pc10 = 0
      pc11 = 0
      pc12 = 0
      pc13 = 0
      pc14 = 0
      pc15 = 0
      pc16 = 0
      pc17 = 0
      pc18 = 0
Constrained:
   Tgbecnw = 119750
     Tecnw = 27523.5
       Tnw = 23034.6
       Tec = 11563.8
     twoNb = 4.41793e+06
     twoNe = 171474
     twoNc = 1.10929e+06
     twoNn = 1.17668e+06
     twoNw = 1.40349e+07
    twoNec = 82654.8
    twoNnw = 12690.8
  twoNecnw = 63949
  twoNbecnw = 15471.1
  twoNgbecnw = 217582
         m = 0.132832
        m3 = 0.208599
        m4 = 0.0160115
        m5 = 0.0726673
        Ta = 43381.9
        Tc = 11517.3
        Td = 5758.66
        Te = 2879.33
DiffEv reached_goal. cost=2.03684e-03 spread=2.55133e-06
Fitted parameter values
Free:
       pc1 = -3.98443
       pc2 = 1.99005
       pc3 = 1.89005
       pc4 = 0.390241
       pc5 = -0.0265433
       pc6 = -1.92853
       pc7 = -0.660029
       pc8 = 1.47838
       pc9 = -0.738138
      pc10 = -0.352818
      pc11 = 1.507
      pc12 = 0.310025
      pc13 = -0.369846
      pc14 = 0.0724561
      pc15 = -0.229556
      pc16 = -0.0385265
      pc17 = -0.00387458
      pc18 = 0.0359206
Constrained:
   Tgbecnw = 97427
     Tecnw = 25093.6
       Tnw = 23680.2
       Tec = 11934.4
     twoNb = 4.24238e+06
     twoNe = 11071.8
     twoNc = 993026
     twoNn = 171132
     twoNw = 1.80594e+07
    twoNec = 67036.4
    twoNnw = 3782.68
  twoNecnw = 67475.2
  twoNbecnw = 7983.99
  twoNgbecnw = 253669
         m = 0.116353
        m3 = 0.212045
        m4 = 0.015662
        m5 = 0.0612793
        Ta = 43567.2
        Tc = 11840.1
        Td = 5920.06
        Te = 2960.03
#       SitePat  BranchLen
              b 120206.2155914
              e 44708.5100210
              c 46497.8658714
              n 42291.0610327
              w 44757.6027427
            b:e 1223.8117890
            b:c 1448.8765545
            b:n 1003.8287774
            b:w 1160.8257885
            e:c 11778.5687453
            e:n 4802.7538240
            e:w 4143.7493835
            c:n 4560.3031144
            c:w 3720.5438595
            n:w 12755.6205138
          b:e:c 1425.6620956
          b:e:n 591.2156661
          b:e:w 605.2130949
          b:c:n 604.5118226
          b:c:w 598.1154510
          b:n:w 1411.1932877
          e:c:n 4780.9769083
          e:c:w 3813.1988937
          e:n:w 5639.7713313
          c:n:w 4837.0423827
        b:e:c:n 1267.6959160
        b:e:c:w 1103.0978476
        b:e:n:w 1890.4850957
        b:c:n:w 1338.2509395
        e:c:n:w 48104.2893155
