########################################
# legofit: estimate population history #
#       version 2.3.4-4-g53f8760       #
########################################

# Program was compiled: Sep 21 2021 14:36:42
# Program was run: Fri Sep 24 08:27:17 2021

# cmd: legofit -1 -d 0 -t 32 --ptsPerDim 3 --stateOut b1boot10.state --tol 3e-6 -S 5000 acde2.lgo ../../chrX/boot_chrX/boot10.opf
# Stage nOptItr nSimReps
#     0    5000        0
# algorithm          : deterministic
# ignoring probs <=  : 0
# Branch length floor: 0
# DE strategy        : 2
#    F               : 0.3
#    CR              : 0.8
#    tolerance       : 3e-06
# nthreads           : 32
# lgo input file     : acde2.lgo
# site pat input file: ../../chrX/boot_chrX/boot10.opf
# free parameters    : 18
# points in DE swarm : 54
# output state file  : b1boot10.state
# Including singleton site patterns.
# cost function      : KL
Initial parameter values
Fixed:
      zero = 0
       one = 1
    Tbecnw = 75200
Free:
       pc1 = 0
       pc2 = 0
       pc3 = 0
       pc4 = 0
       pc5 = 0
       pc6 = 0
       pc7 = 0
       pc8 = 0
       pc9 = 0
      pc10 = 0
      pc11 = 0
      pc12 = 0
      pc13 = 0
      pc14 = 0
      pc15 = 0
      pc16 = 0
      pc17 = 0
      pc18 = 0
Constrained:
   Tgbecnw = 119750
     Tecnw = 27523.5
       Tnw = 23034.6
       Tec = 11563.8
     twoNb = 4.41793e+06
     twoNe = 171474
     twoNc = 1.10929e+06
     twoNn = 1.17668e+06
     twoNw = 1.40349e+07
    twoNec = 82654.8
    twoNnw = 12690.8
  twoNecnw = 63949
  twoNbecnw = 15471.1
  twoNgbecnw = 217582
         m = 0.132832
        m3 = 0.208599
        m4 = 0.0160115
        m5 = 0.0726673
        Ta = 43381.9
        Tc = 11517.3
        Td = 5758.66
        Te = 2879.33
DiffEv reached_goal. cost=1.91253e-03 spread=2.99367e-06
Fitted parameter values
Free:
       pc1 = -3.97763
       pc2 = 1.99129
       pc3 = 1.88161
       pc4 = -0.146026
       pc5 = 0.0263318
       pc6 = -1.71526
       pc7 = -0.589558
       pc8 = 1.72617
       pc9 = 0.386688
      pc10 = -0.131925
      pc11 = 0.727557
      pc12 = -0.757752
      pc13 = -0.280578
      pc14 = 0.320717
      pc15 = -0.408144
      pc16 = -0.0279159
      pc17 = -0.023692
      pc18 = 0.0683407
Constrained:
   Tgbecnw = 97739.9
     Tecnw = 25199.5
       Tnw = 24326.8
       Tec = 12296.1
     twoNb = 5.33597e+06
     twoNe = 135833
     twoNc = 1.27485e+06
     twoNn = 487194
     twoNw = 2.49813e+07
    twoNec = 66188.7
    twoNnw = 2528.47
  twoNecnw = 65222
  twoNbecnw = 8483.87
  twoNgbecnw = 232279
         m = 0.119717
        m3 = 0.204494
        m4 = 0.0169457
        m5 = 0.0660814
        Ta = 43748.1
        Tc = 12163.4
        Td = 6081.71
        Te = 3040.85
#       SitePat  BranchLen
              b 119276.3877054
              e 44588.7369876
              c 46380.4034172
              n 42666.8227850
              w 44945.1346486
            b:e 1239.0918164
            b:c 1475.8464159
            b:n 1045.1937013
            b:w 1194.7755183
            e:c 11615.9414490
            e:n 4807.5418566
            e:w 4243.8730993
            c:n 4607.5198349
            c:w 3798.9370644
            n:w 12281.8887996
          b:e:c 1425.8067013
          b:e:n 610.5690067
          b:e:w 627.0820434
          b:c:n 626.7352693
          b:c:w 617.0774075
          b:n:w 1413.4375508
          e:c:n 4869.5951184
          e:c:w 3963.5347825
          e:n:w 5677.8626376
          c:n:w 4855.8548990
        b:e:c:n 1299.0750310
        b:e:c:w 1142.6380391
        b:e:n:w 1916.8691805
        b:c:n:w 1349.2520788
        e:c:n:w 47231.6199575
