########################################
# legofit: estimate population history #
#       version 2.3.4-4-g53f8760       #
########################################

# Program was compiled: Sep 21 2021 14:36:42
# Program was run: Fri Sep 24 08:34:37 2021

# cmd: legofit -1 -d 0 -t 32 --ptsPerDim 3 --stateOut b1boot47.state --tol 3e-6 -S 5000 acde2.lgo ../../chrX/boot_chrX/boot47.opf
# Stage nOptItr nSimReps
#     0    5000        0
# algorithm          : deterministic
# ignoring probs <=  : 0
# Branch length floor: 0
# DE strategy        : 2
#    F               : 0.3
#    CR              : 0.8
#    tolerance       : 3e-06
# nthreads           : 32
# lgo input file     : acde2.lgo
# site pat input file: ../../chrX/boot_chrX/boot47.opf
# free parameters    : 18
# points in DE swarm : 54
# output state file  : b1boot47.state
# Including singleton site patterns.
# cost function      : KL
Initial parameter values
Fixed:
      zero = 0
       one = 1
    Tbecnw = 75200
Free:
       pc1 = 0
       pc2 = 0
       pc3 = 0
       pc4 = 0
       pc5 = 0
       pc6 = 0
       pc7 = 0
       pc8 = 0
       pc9 = 0
      pc10 = 0
      pc11 = 0
      pc12 = 0
      pc13 = 0
      pc14 = 0
      pc15 = 0
      pc16 = 0
      pc17 = 0
      pc18 = 0
Constrained:
   Tgbecnw = 119750
     Tecnw = 27523.5
       Tnw = 23034.6
       Tec = 11563.8
     twoNb = 4.41793e+06
     twoNe = 171474
     twoNc = 1.10929e+06
     twoNn = 1.17668e+06
     twoNw = 1.40349e+07
    twoNec = 82654.8
    twoNnw = 12690.8
  twoNecnw = 63949
  twoNbecnw = 15471.1
  twoNgbecnw = 217582
         m = 0.132832
        m3 = 0.208599
        m4 = 0.0160115
        m5 = 0.0726673
        Ta = 43381.9
        Tc = 11517.3
        Td = 5758.66
        Te = 2879.33
DiffEv reached_goal. cost=2.07782e-03 spread=2.98450e-06
Fitted parameter values
Free:
       pc1 = -3.93142
       pc2 = 1.98154
       pc3 = 1.87949
       pc4 = 0.483031
       pc5 = 0.0973824
       pc6 = -1.97917
       pc7 = -0.73603
       pc8 = 0.430298
       pc9 = 1.0882
      pc10 = -0.979615
      pc11 = -0.308072
      pc12 = -0.388461
      pc13 = -0.016219
      pc14 = 0.157703
      pc15 = -0.0822601
      pc16 = 0.118358
      pc17 = 0.0582229
      pc18 = 0.0252852
Constrained:
   Tgbecnw = 97784.1
     Tecnw = 25368.6
       Tnw = 24467.3
       Tec = 12302.6
     twoNb = 3.85879e+06
     twoNe = 193642
     twoNc = 700064
     twoNn = 2.37154e+06
     twoNw = 1.38497e+07
    twoNec = 67877.3
    twoNnw = 2542.76
  twoNecnw = 66389.8
  twoNbecnw = 8263.64
  twoNgbecnw = 224439
         m = 0.127676
        m3 = 0.200505
        m4 = 0.0174464
        m5 = 0.0748241
        Ta = 43751.3
        Tc = 12233.6
        Td = 6116.81
        Te = 3058.41
#       SitePat  BranchLen
              b 119049.7092679
              e 44849.6357227
              c 46793.7199144
              n 42742.0530110
              w 44919.4073597
            b:e 1150.4023217
            b:c 1400.6238915
            b:n 959.0546612
            b:w 1090.8925408
            e:c 11444.1412671
            e:n 4741.0481626
            e:w 4219.8462791
            c:n 4527.4378001
            c:w 3720.9654137
            n:w 12313.1458782
          b:e:c 1321.5661415
          b:e:n 562.2844901
          b:e:w 579.4006894
          b:c:n 579.3230532
          b:c:w 568.2911069
          b:n:w 1309.1027369
          e:c:n 4664.2139243
          e:c:w 3814.5338455
          e:n:w 5644.3780006
          c:n:w 4745.5204252
        b:e:c:n 1186.9596582
        b:e:c:w 1049.0375256
        b:e:n:w 1841.8124473
        b:c:n:w 1252.9262270
        e:c:n:w 46832.1265649
