########################################
# legofit: estimate population history #
#       version 2.3.4-4-g53f8760       #
########################################

# Program was compiled: Sep 21 2021 14:36:42
# Program was run: Fri Sep 24 08:33:02 2021

# cmd: legofit -1 -d 0 -t 32 --ptsPerDim 3 --stateOut b1boot39.state --tol 3e-6 -S 5000 acde2.lgo ../../chrX/boot_chrX/boot39.opf
# Stage nOptItr nSimReps
#     0    5000        0
# algorithm          : deterministic
# ignoring probs <=  : 0
# Branch length floor: 0
# DE strategy        : 2
#    F               : 0.3
#    CR              : 0.8
#    tolerance       : 3e-06
# nthreads           : 32
# lgo input file     : acde2.lgo
# site pat input file: ../../chrX/boot_chrX/boot39.opf
# free parameters    : 18
# points in DE swarm : 54
# output state file  : b1boot39.state
# Including singleton site patterns.
# cost function      : KL
Initial parameter values
Fixed:
      zero = 0
       one = 1
    Tbecnw = 75200
Free:
       pc1 = 0
       pc2 = 0
       pc3 = 0
       pc4 = 0
       pc5 = 0
       pc6 = 0
       pc7 = 0
       pc8 = 0
       pc9 = 0
      pc10 = 0
      pc11 = 0
      pc12 = 0
      pc13 = 0
      pc14 = 0
      pc15 = 0
      pc16 = 0
      pc17 = 0
      pc18 = 0
Constrained:
   Tgbecnw = 119750
     Tecnw = 27523.5
       Tnw = 23034.6
       Tec = 11563.8
     twoNb = 4.41793e+06
     twoNe = 171474
     twoNc = 1.10929e+06
     twoNn = 1.17668e+06
     twoNw = 1.40349e+07
    twoNec = 82654.8
    twoNnw = 12690.8
  twoNecnw = 63949
  twoNbecnw = 15471.1
  twoNgbecnw = 217582
         m = 0.132832
        m3 = 0.208599
        m4 = 0.0160115
        m5 = 0.0726673
        Ta = 43381.9
        Tc = 11517.3
        Td = 5758.66
        Te = 2879.33
DiffEv reached_goal. cost=2.10744e-03 spread=2.54960e-06
Fitted parameter values
Free:
       pc1 = -3.98601
       pc2 = 1.99813
       pc3 = 1.96665
       pc4 = -0.944243
       pc5 = -0.13087
       pc6 = -1.89844
       pc7 = -1.1341
       pc8 = 1.59275
       pc9 = -0.682129
      pc10 = -0.685163
      pc11 = 0.568515
      pc12 = -0.285563
      pc13 = 0.0792179
      pc14 = -0.0485238
      pc15 = -0.0522035
      pc16 = 0.0288736
      pc17 = 0.087163
      pc18 = 0.0709084
Constrained:
   Tgbecnw = 98374.4
     Tecnw = 25068.1
       Tnw = 24292.2
       Tec = 12274
     twoNb = 5.21028e+06
     twoNe = 1.08839e+06
     twoNc = 687633
     twoNn = 981715
     twoNw = 2.51544e+07
    twoNec = 70493.4
    twoNnw = 2251.5
  twoNecnw = 66573.3
  twoNbecnw = 8295.99
  twoNgbecnw = 249762
         m = 0.11733
        m3 = 0.199054
        m4 = 0.0162701
        m5 = 0.0574789
        Ta = 43737
        Tc = 12146.1
        Td = 6073.05
        Te = 3036.52
#       SitePat  BranchLen
              b 120125.3741590
              e 45080.1627270
              c 46740.2479197
              n 42812.5189735
              w 44920.8536593
            b:e 1214.1018886
            b:c 1429.7442951
            b:n 1006.5897883
            b:w 1139.0537138
            e:c 11409.8214427
            e:n 4766.5923189
            e:w 4224.1480659
            c:n 4576.9843052
            c:w 3827.9100098
            n:w 12340.4002117
          b:e:c 1374.1950241
          b:e:n 593.4517757
          b:e:w 607.2133357
          b:c:n 606.7818267
          b:c:w 599.3401771
          b:n:w 1360.8783367
          e:c:n 4695.5849203
          e:c:w 3878.7687831
          e:n:w 5601.9247996
          c:n:w 4862.9975283
        b:e:c:n 1241.8615375
        b:e:c:w 1103.0777015
        b:e:n:w 1880.7493711
        b:c:n:w 1324.3379981
        e:c:n:w 47935.0974598
