########################################
# legofit: estimate population history #
#       version 2.3.4-4-g53f8760       #
########################################

# Program was compiled: Sep 21 2021 14:36:42
# Program was run: Fri Sep 24 08:28:53 2021

# cmd: legofit -1 -d 0 -t 32 --ptsPerDim 3 --stateOut b1boot17.state --tol 3e-6 -S 5000 acde2.lgo ../../chrX/boot_chrX/boot17.opf
# Stage nOptItr nSimReps
#     0    5000        0
# algorithm          : deterministic
# ignoring probs <=  : 0
# Branch length floor: 0
# DE strategy        : 2
#    F               : 0.3
#    CR              : 0.8
#    tolerance       : 3e-06
# nthreads           : 32
# lgo input file     : acde2.lgo
# site pat input file: ../../chrX/boot_chrX/boot17.opf
# free parameters    : 18
# points in DE swarm : 54
# output state file  : b1boot17.state
# Including singleton site patterns.
# cost function      : KL
Initial parameter values
Fixed:
      zero = 0
       one = 1
    Tbecnw = 75200
Free:
       pc1 = 0
       pc2 = 0
       pc3 = 0
       pc4 = 0
       pc5 = 0
       pc6 = 0
       pc7 = 0
       pc8 = 0
       pc9 = 0
      pc10 = 0
      pc11 = 0
      pc12 = 0
      pc13 = 0
      pc14 = 0
      pc15 = 0
      pc16 = 0
      pc17 = 0
      pc18 = 0
Constrained:
   Tgbecnw = 119750
     Tecnw = 27523.5
       Tnw = 23034.6
       Tec = 11563.8
     twoNb = 4.41793e+06
     twoNe = 171474
     twoNc = 1.10929e+06
     twoNn = 1.17668e+06
     twoNw = 1.40349e+07
    twoNec = 82654.8
    twoNnw = 12690.8
  twoNecnw = 63949
  twoNbecnw = 15471.1
  twoNgbecnw = 217582
         m = 0.132832
        m3 = 0.208599
        m4 = 0.0160115
        m5 = 0.0726673
        Ta = 43381.9
        Tc = 11517.3
        Td = 5758.66
        Te = 2879.33
DiffEv reached_goal. cost=2.04355e-03 spread=2.45863e-06
Fitted parameter values
Free:
       pc1 = -3.87548
       pc2 = 1.96814
       pc3 = 1.8776
       pc4 = 0.52481
       pc5 = -0.194598
       pc6 = -1.91751
       pc7 = -0.90755
       pc8 = 1.92117
       pc9 = 0.0100525
      pc10 = -0.642763
      pc11 = 0.389362
      pc12 = 0.0769913
      pc13 = -0.574967
      pc14 = 0.20454
      pc15 = -0.170745
      pc16 = -0.00581255
      pc17 = 0.0652044
      pc18 = 0.109426
Constrained:
   Tgbecnw = 96510.7
     Tecnw = 25297
       Tnw = 23855.1
       Tec = 12139.7
     twoNb = 5.08893e+06
     twoNe = 17869.1
     twoNc = 1.17639e+06
     twoNn = 1.14913e+06
     twoNw = 1.01087e+07
    twoNec = 65274.6
    twoNnw = 4061.17
  twoNecnw = 66367.2
  twoNbecnw = 7796.78
  twoNgbecnw = 236465
         m = 0.122362
        m3 = 0.206342
        m4 = 0.0166466
        m5 = 0.0611793
        Ta = 43669.8
        Tc = 11927.5
        Td = 5963.77
        Te = 2981.89
#       SitePat  BranchLen
              b 119296.7971507
              e 44496.9311632
              c 46310.3601028
              n 42507.4406209
              w 44962.9078230
            b:e 1172.8182190
            b:c 1401.4228032
            b:n 985.2236881
            b:w 1138.0180768
            e:c 11740.4378732
            e:n 4794.5591888
            e:w 4121.4938285
            c:n 4522.6868180
            c:w 3709.7025088
            n:w 12438.2069512
          b:e:c 1371.4140665
          b:e:n 575.9165940
          b:e:w 587.6575591
          b:c:n 587.0255548
          b:c:w 582.4644798
          b:n:w 1359.3245374
          e:c:n 4810.3765820
          e:c:w 3840.9590493
          e:n:w 5531.1597983
          c:n:w 4731.4875242
        b:e:c:n 1240.1943186
        b:e:c:w 1080.2200398
        b:e:n:w 1845.1497922
        b:c:n:w 1280.5361042
        e:c:n:w 47294.8951588
