########################################
# legofit: estimate population history #
#       version 2.3.4-4-g53f8760       #
########################################

# Program was compiled: Sep 21 2021 14:36:42
# Program was run: Fri Sep 24 08:28:04 2021

# cmd: legofit -1 -d 0 -t 32 --ptsPerDim 3 --stateOut b1boot14.state --tol 3e-6 -S 5000 acde2.lgo ../../chrX/boot_chrX/boot14.opf
# Stage nOptItr nSimReps
#     0    5000        0
# algorithm          : deterministic
# ignoring probs <=  : 0
# Branch length floor: 0
# DE strategy        : 2
#    F               : 0.3
#    CR              : 0.8
#    tolerance       : 3e-06
# nthreads           : 32
# lgo input file     : acde2.lgo
# site pat input file: ../../chrX/boot_chrX/boot14.opf
# free parameters    : 18
# points in DE swarm : 54
# output state file  : b1boot14.state
# Including singleton site patterns.
# cost function      : KL
Initial parameter values
Fixed:
      zero = 0
       one = 1
    Tbecnw = 75200
Free:
       pc1 = 0
       pc2 = 0
       pc3 = 0
       pc4 = 0
       pc5 = 0
       pc6 = 0
       pc7 = 0
       pc8 = 0
       pc9 = 0
      pc10 = 0
      pc11 = 0
      pc12 = 0
      pc13 = 0
      pc14 = 0
      pc15 = 0
      pc16 = 0
      pc17 = 0
      pc18 = 0
Constrained:
   Tgbecnw = 119750
     Tecnw = 27523.5
       Tnw = 23034.6
       Tec = 11563.8
     twoNb = 4.41793e+06
     twoNe = 171474
     twoNc = 1.10929e+06
     twoNn = 1.17668e+06
     twoNw = 1.40349e+07
    twoNec = 82654.8
    twoNnw = 12690.8
  twoNecnw = 63949
  twoNbecnw = 15471.1
  twoNgbecnw = 217582
         m = 0.132832
        m3 = 0.208599
        m4 = 0.0160115
        m5 = 0.0726673
        Ta = 43381.9
        Tc = 11517.3
        Td = 5758.66
        Te = 2879.33
DiffEv reached_goal. cost=1.92338e-03 spread=2.82340e-06
Fitted parameter values
Free:
       pc1 = -3.97035
       pc2 = 1.96747
       pc3 = 1.50633
       pc4 = -0.506317
       pc5 = -1.99143
       pc6 = -1.79596
       pc7 = -1.48658
       pc8 = 1.98988
       pc9 = -0.93035
      pc10 = -1.3488
      pc11 = 0.25406
      pc12 = -0.629694
      pc13 = -0.0803048
      pc14 = 0.273457
      pc15 = -0.407573
      pc16 = 0.043839
      pc17 = 0.00342993
      pc18 = 0.0251559
Constrained:
   Tgbecnw = 97636.1
     Tecnw = 25033.9
       Tnw = 24272.3
       Tec = 12218.1
     twoNb = 6.4961e+06
     twoNe = 214388
     twoNc = 100123
     twoNn = 2.69108e+06
     twoNw = 2.38731e+07
    twoNec = 70032.6
    twoNnw = 2126.34
  twoNecnw = 64454.3
  twoNbecnw = 8198.97
  twoNgbecnw = 236902
         m = 0.117722
        m3 = 0.21096
        m4 = 0.0161067
        m5 = 0.0485734
        Ta = 43709.1
        Tc = 12136.1
        Td = 6068.07
        Te = 3034.03
#       SitePat  BranchLen
              b 118773.7550704
              e 44624.8091133
              c 46151.3475686
              n 42234.3120041
              w 44482.2215864
            b:e 1187.8962998
            b:c 1388.9341885
            b:n 973.2535253
            b:w 1112.9733812
            e:c 11395.6771681
            e:n 4719.3944843
            e:w 4125.4383386
            c:n 4547.4587112
            c:w 3772.8506402
            n:w 12321.2758691
          b:e:c 1347.4900118
          b:e:n 573.8854727
          b:e:w 586.2514001
          b:c:n 585.4923164
          b:c:w 579.4703083
          b:n:w 1334.7119507
          e:c:n 4732.7657155
          e:c:w 3853.4203499
          e:n:w 5581.5546689
          c:n:w 4896.2983855
        b:e:c:n 1208.0597977
        b:e:c:w 1061.9960226
        b:e:n:w 1812.7985048
        b:c:n:w 1290.1759419
        e:c:n:w 47005.7070660
