########################################
# legofit: estimate population history #
#       version 2.3.4-4-g53f8760       #
########################################

# Program was compiled: Sep 21 2021 14:36:42
# Program was run: Fri Sep 24 08:28:35 2021

# cmd: legofit -1 -d 0 -t 32 --ptsPerDim 3 --stateOut b1boot16.state --tol 3e-6 -S 5000 acde2.lgo ../../chrX/boot_chrX/boot16.opf
# Stage nOptItr nSimReps
#     0    5000        0
# algorithm          : deterministic
# ignoring probs <=  : 0
# Branch length floor: 0
# DE strategy        : 2
#    F               : 0.3
#    CR              : 0.8
#    tolerance       : 3e-06
# nthreads           : 32
# lgo input file     : acde2.lgo
# site pat input file: ../../chrX/boot_chrX/boot16.opf
# free parameters    : 18
# points in DE swarm : 54
# output state file  : b1boot16.state
# Including singleton site patterns.
# cost function      : KL
Initial parameter values
Fixed:
      zero = 0
       one = 1
    Tbecnw = 75200
Free:
       pc1 = 0
       pc2 = 0
       pc3 = 0
       pc4 = 0
       pc5 = 0
       pc6 = 0
       pc7 = 0
       pc8 = 0
       pc9 = 0
      pc10 = 0
      pc11 = 0
      pc12 = 0
      pc13 = 0
      pc14 = 0
      pc15 = 0
      pc16 = 0
      pc17 = 0
      pc18 = 0
Constrained:
   Tgbecnw = 119750
     Tecnw = 27523.5
       Tnw = 23034.6
       Tec = 11563.8
     twoNb = 4.41793e+06
     twoNe = 171474
     twoNc = 1.10929e+06
     twoNn = 1.17668e+06
     twoNw = 1.40349e+07
    twoNec = 82654.8
    twoNnw = 12690.8
  twoNecnw = 63949
  twoNbecnw = 15471.1
  twoNgbecnw = 217582
         m = 0.132832
        m3 = 0.208599
        m4 = 0.0160115
        m5 = 0.0726673
        Ta = 43381.9
        Tc = 11517.3
        Td = 5758.66
        Te = 2879.33
DiffEv reached_goal. cost=2.02896e-03 spread=2.85506e-06
Fitted parameter values
Free:
       pc1 = -3.99801
       pc2 = 1.99729
       pc3 = 0.459716
       pc4 = 1.15422
       pc5 = -1.47057
       pc6 = -1.50005
       pc7 = -0.316499
       pc8 = 0.366483
       pc9 = 0.905732
      pc10 = 0.722811
      pc11 = 0.0526711
      pc12 = 0.0630354
      pc13 = 0.0061881
      pc14 = 0.214951
      pc15 = 0.0637023
      pc16 = -0.00765358
      pc17 = 0.128462
      pc18 = 0.0417425
Constrained:
   Tgbecnw = 99139.7
     Tecnw = 26094.2
       Tnw = 25174.3
       Tec = 12714.6
     twoNb = 4.57385e+06
     twoNe = 15419.2
     twoNc = 1.31997e+06
     twoNn = 2.43024e+06
     twoNw = 1.33311e+07
    twoNec = 67923.9
    twoNnw = 2288.32
  twoNecnw = 64733
  twoNbecnw = 8732.18
  twoNgbecnw = 243652
         m = 0.113576
        m3 = 0.233704
        m4 = 0.0163643
        m5 = 0.0760186
        Ta = 43957.3
        Tc = 12587.1
        Td = 6293.57
        Te = 3146.79
#       SitePat  BranchLen
              b 119165.2942926
              e 44981.8786766
              c 47010.2114879
              n 42426.8229789
              w 45043.1891726
            b:e 1230.8964293
            b:c 1481.8101918
            b:n 991.1913185
            b:w 1161.2664209
            e:c 11473.5407665
            e:n 4792.2775307
            e:w 4143.9018665
            c:n 4559.5930122
            c:w 3624.6283263
            n:w 12511.7052823
          b:e:c 1426.7517378
          b:e:n 590.2486032
          b:e:w 610.3121566
          b:c:n 609.8234046
          b:c:w 597.5157231
          b:n:w 1411.6195828
          e:c:n 4771.3381331
          e:c:w 3738.3122895
          e:n:w 5797.2984683
          c:n:w 4839.5123256
        b:e:c:n 1261.4954369
        b:e:c:w 1083.6644624
        b:e:n:w 1915.2714300
        b:c:n:w 1338.9904804
        e:c:n:w 47058.9638930
