########################################
# legofit: estimate population history #
#       version 2.3.4-4-g53f8760       #
########################################

# Program was compiled: Sep 21 2021 14:36:42
# Program was run: Fri Sep 24 08:26:13 2021

# cmd: legofit -1 -d 0 -t 32 --ptsPerDim 3 --stateOut b1boot5.state --tol 3e-6 -S 5000 acde2.lgo ../../chrX/boot_chrX/boot5.opf
# Stage nOptItr nSimReps
#     0    5000        0
# algorithm          : deterministic
# ignoring probs <=  : 0
# Branch length floor: 0
# DE strategy        : 2
#    F               : 0.3
#    CR              : 0.8
#    tolerance       : 3e-06
# nthreads           : 32
# lgo input file     : acde2.lgo
# site pat input file: ../../chrX/boot_chrX/boot5.opf
# free parameters    : 18
# points in DE swarm : 54
# output state file  : b1boot5.state
# Including singleton site patterns.
# cost function      : KL
Initial parameter values
Fixed:
      zero = 0
       one = 1
    Tbecnw = 75200
Free:
       pc1 = 0
       pc2 = 0
       pc3 = 0
       pc4 = 0
       pc5 = 0
       pc6 = 0
       pc7 = 0
       pc8 = 0
       pc9 = 0
      pc10 = 0
      pc11 = 0
      pc12 = 0
      pc13 = 0
      pc14 = 0
      pc15 = 0
      pc16 = 0
      pc17 = 0
      pc18 = 0
Constrained:
   Tgbecnw = 119750
     Tecnw = 27523.5
       Tnw = 23034.6
       Tec = 11563.8
     twoNb = 4.41793e+06
     twoNe = 171474
     twoNc = 1.10929e+06
     twoNn = 1.17668e+06
     twoNw = 1.40349e+07
    twoNec = 82654.8
    twoNnw = 12690.8
  twoNecnw = 63949
  twoNbecnw = 15471.1
  twoNgbecnw = 217582
         m = 0.132832
        m3 = 0.208599
        m4 = 0.0160115
        m5 = 0.0726673
        Ta = 43381.9
        Tc = 11517.3
        Td = 5758.66
        Te = 2879.33
DiffEv reached_goal. cost=1.99578e-03 spread=2.54479e-06
Fitted parameter values
Free:
       pc1 = -3.9728
       pc2 = 1.98276
       pc3 = 1.81709
       pc4 = 1.00687
       pc5 = -0.455075
       pc6 = -1.92409
       pc7 = 0.0891008
       pc8 = 1.18018
       pc9 = 0.358866
      pc10 = 0.65046
      pc11 = 0.841871
      pc12 = 0.0464601
      pc13 = -0.207977
      pc14 = 0.517295
      pc15 = -0.33293
      pc16 = 0.0728345
      pc17 = 0.0426634
      pc18 = -0.00710737
Constrained:
   Tgbecnw = 95538.3
     Tecnw = 25415.4
       Tnw = 24159.5
       Tec = 12116.5
     twoNb = 4.85423e+06
     twoNe = 1574
     twoNc = 1.25767e+06
     twoNn = 297362
     twoNw = 1.43008e+07
    twoNec = 66177.2
    twoNnw = 3371.84
  twoNecnw = 65670.7
  twoNbecnw = 7609.33
  twoNgbecnw = 227706
         m = 0.116806
        m3 = 0.22437
        m4 = 0.0164232
        m5 = 0.0737402
        Ta = 43658.3
        Tc = 12079.7
        Td = 6039.87
        Te = 3019.93
#       SitePat  BranchLen
              b 116957.0463975
              e 44283.5412194
              c 46328.3204557
              n 42143.8773299
              w 44829.8941395
            b:e 1176.4986417
            b:c 1417.7524840
            b:n 976.2375880
            b:w 1144.0168589
            e:c 11530.3707361
            e:n 4912.1622680
            e:w 4153.9304946
            c:n 4555.4436582
            c:w 3685.0088989
            n:w 12324.2385134
          b:e:c 1369.5049365
          b:e:n 581.3456003
          b:e:w 593.4167079
          b:c:n 593.0030031
          b:c:w 588.8098816
          b:n:w 1356.2994277
          e:c:n 4837.8392291
          e:c:w 3780.4889522
          e:n:w 5643.2058782
          c:n:w 4724.7719007
        b:e:c:n 1246.1654006
        b:e:c:w 1070.5081436
        b:e:n:w 1833.3981054
        b:c:n:w 1284.3884107
        e:c:n:w 45176.0154965
