########################################
# legofit: estimate population history #
#       version 2.3.4-4-g53f8760       #
########################################

# Program was compiled: Sep 21 2021 14:36:42
# Program was run: Fri Sep 24 08:30:28 2021

# cmd: legofit -1 -d 0 -t 32 --ptsPerDim 3 --stateOut b1boot24.state --tol 3e-6 -S 5000 acde2.lgo ../../chrX/boot_chrX/boot24.opf
# Stage nOptItr nSimReps
#     0    5000        0
# algorithm          : deterministic
# ignoring probs <=  : 0
# Branch length floor: 0
# DE strategy        : 2
#    F               : 0.3
#    CR              : 0.8
#    tolerance       : 3e-06
# nthreads           : 32
# lgo input file     : acde2.lgo
# site pat input file: ../../chrX/boot_chrX/boot24.opf
# free parameters    : 18
# points in DE swarm : 54
# output state file  : b1boot24.state
# Including singleton site patterns.
# cost function      : KL
Initial parameter values
Fixed:
      zero = 0
       one = 1
    Tbecnw = 75200
Free:
       pc1 = 0
       pc2 = 0
       pc3 = 0
       pc4 = 0
       pc5 = 0
       pc6 = 0
       pc7 = 0
       pc8 = 0
       pc9 = 0
      pc10 = 0
      pc11 = 0
      pc12 = 0
      pc13 = 0
      pc14 = 0
      pc15 = 0
      pc16 = 0
      pc17 = 0
      pc18 = 0
Constrained:
   Tgbecnw = 119750
     Tecnw = 27523.5
       Tnw = 23034.6
       Tec = 11563.8
     twoNb = 4.41793e+06
     twoNe = 171474
     twoNc = 1.10929e+06
     twoNn = 1.17668e+06
     twoNw = 1.40349e+07
    twoNec = 82654.8
    twoNnw = 12690.8
  twoNecnw = 63949
  twoNbecnw = 15471.1
  twoNgbecnw = 217582
         m = 0.132832
        m3 = 0.208599
        m4 = 0.0160115
        m5 = 0.0726673
        Ta = 43381.9
        Tc = 11517.3
        Td = 5758.66
        Te = 2879.33
DiffEv reached_goal. cost=2.07096e-03 spread=2.98624e-06
Fitted parameter values
Free:
       pc1 = -3.98753
       pc2 = 1.98912
       pc3 = 1.85198
       pc4 = 1.2552
       pc5 = -0.76407
       pc6 = -1.44705
       pc7 = 0.439959
       pc8 = 1.75889
       pc9 = 0.500182
      pc10 = 0.843437
      pc11 = 0.105991
      pc12 = 0.147825
      pc13 = 0.210928
      pc14 = 0.365229
      pc15 = -0.167516
      pc16 = 0.162153
      pc17 = 0.153166
      pc18 = 0.00667076
Constrained:
   Tgbecnw = 93902.4
     Tecnw = 25584
       Tnw = 24505.5
       Tec = 12298.8
     twoNb = 6.61756e+06
     twoNe = 2712.99
     twoNc = 1.6186e+06
     twoNn = 549418
     twoNw = 6.44354e+06
    twoNec = 68759.8
    twoNnw = 2912.58
  twoNecnw = 65349.2
  twoNbecnw = 7152.53
  twoNgbecnw = 225983
         m = 0.125926
        m3 = 0.22574
        m4 = 0.0164827
        m5 = 0.0755844
        Ta = 43749.4
        Tc = 12252.8
        Td = 6126.38
        Te = 3063.19
#       SitePat  BranchLen
              b 118730.3166812
              e 44616.9944312
              c 46659.5972879
              n 42387.8808531
              w 44943.8490310
            b:e 1208.7019000
            b:c 1459.0904796
            b:n 998.1428861
            b:w 1161.2652132
            e:c 11339.8969579
            e:n 4891.4627441
            e:w 4203.6860554
            c:n 4582.4538567
            c:w 3713.8246857
            n:w 12214.9498320
          b:e:c 1388.8359395
          b:e:n 597.3501029
          b:e:w 612.4922444
          b:c:n 612.0780849
          b:c:w 604.8021414
          b:n:w 1374.7890962
          e:c:n 4789.4529175
          e:c:w 3789.8905992
          e:n:w 5692.8556897
          c:n:w 4765.1835020
        b:e:c:n 1267.4635751
        b:e:c:w 1096.4750501
        b:e:n:w 1894.9821971
        b:c:n:w 1321.4950668
        e:c:n:w 46937.7405142
