########################################
# legofit: estimate population history #
#       version 2.3.4-4-g53f8760       #
########################################

# Program was compiled: Sep 21 2021 14:36:42
# Program was run: Fri Sep 24 08:26:16 2021

# cmd: legofit -1 -d 0 -t 32 --ptsPerDim 3 --stateOut b1boot6.state --tol 3e-6 -S 5000 acde2.lgo ../../chrX/boot_chrX/boot6.opf
# Stage nOptItr nSimReps
#     0    5000        0
# algorithm          : deterministic
# ignoring probs <=  : 0
# Branch length floor: 0
# DE strategy        : 2
#    F               : 0.3
#    CR              : 0.8
#    tolerance       : 3e-06
# nthreads           : 32
# lgo input file     : acde2.lgo
# site pat input file: ../../chrX/boot_chrX/boot6.opf
# free parameters    : 18
# points in DE swarm : 54
# output state file  : b1boot6.state
# Including singleton site patterns.
# cost function      : KL
Initial parameter values
Fixed:
      zero = 0
       one = 1
    Tbecnw = 75200
Free:
       pc1 = 0
       pc2 = 0
       pc3 = 0
       pc4 = 0
       pc5 = 0
       pc6 = 0
       pc7 = 0
       pc8 = 0
       pc9 = 0
      pc10 = 0
      pc11 = 0
      pc12 = 0
      pc13 = 0
      pc14 = 0
      pc15 = 0
      pc16 = 0
      pc17 = 0
      pc18 = 0
Constrained:
   Tgbecnw = 119750
     Tecnw = 27523.5
       Tnw = 23034.6
       Tec = 11563.8
     twoNb = 4.41793e+06
     twoNe = 171474
     twoNc = 1.10929e+06
     twoNn = 1.17668e+06
     twoNw = 1.40349e+07
    twoNec = 82654.8
    twoNnw = 12690.8
  twoNecnw = 63949
  twoNbecnw = 15471.1
  twoNgbecnw = 217582
         m = 0.132832
        m3 = 0.208599
        m4 = 0.0160115
        m5 = 0.0726673
        Ta = 43381.9
        Tc = 11517.3
        Td = 5758.66
        Te = 2879.33
DiffEv reached_goal. cost=1.83870e-03 spread=2.93556e-06
Fitted parameter values
Free:
       pc1 = -3.80903
       pc2 = 1.85512
       pc3 = 0.223387
       pc4 = 1.53165
       pc5 = -1.29086
       pc6 = -1.6969
       pc7 = -1.16216
       pc8 = -0.716773
       pc9 = -0.381697
      pc10 = 1.34496
      pc11 = 0.859913
      pc12 = -0.599022
      pc13 = 0.188119
      pc14 = 0.243724
      pc15 = -0.545165
      pc16 = -0.0517537
      pc17 = 0.0793593
      pc18 = 0.0235252
Constrained:
   Tgbecnw = 100371
     Tecnw = 25828.3
       Tnw = 25195.2
       Tec = 12679.7
     twoNb = 1.62589e+06
     twoNe = 8084.02
     twoNc = 1.00808e+06
     twoNn = 1.83803e+06
     twoNw = 1.99997e+07
    twoNec = 70373.4
    twoNnw = 1671.64
  twoNecnw = 62241.5
  twoNbecnw = 9240.59
  twoNgbecnw = 238346
         m = 0.114314
        m3 = 0.237016
        m4 = 0.0147564
        m5 = 0.0737991
        Ta = 43939.9
        Tc = 12597.6
        Td = 6298.81
        Te = 3149.41
#       SitePat  BranchLen
              b 119360.7094221
              e 44587.4975074
              c 46435.3918665
              n 42237.6462457
              w 44766.0299259
            b:e 1208.8249185
            b:c 1461.3547195
            b:n 986.6530328
            b:w 1148.9264492
            e:c 11150.1426416
            e:n 4851.0698690
            e:w 4206.4184000
            c:n 4618.4487217
            c:w 3733.5546366
            n:w 12033.7105138
          b:e:c 1365.5828806
          b:e:n 590.5540453
          b:e:w 607.8063630
          b:c:n 607.8555300
          b:c:w 597.5241967
          b:n:w 1351.9959665
          e:c:n 4839.4737355
          e:c:w 3840.6356095
          e:n:w 5786.5577634
          c:n:w 4894.8886772
        b:e:c:n 1240.8503386
        b:e:c:w 1071.6559377
        b:e:n:w 1817.6552405
        b:c:n:w 1307.3655706
        e:c:n:w 47560.5895493
