########################################
# legofit: estimate population history #
#       version 2.3.4-4-g53f8760       #
########################################

# Program was compiled: Sep 21 2021 14:36:42
# Program was run: Fri Sep 24 08:31:27 2021

# cmd: legofit -1 -d 0 -t 32 --ptsPerDim 3 --stateOut b1boot29.state --tol 3e-6 -S 5000 acde2.lgo ../../chrX/boot_chrX/boot29.opf
# Stage nOptItr nSimReps
#     0    5000        0
# algorithm          : deterministic
# ignoring probs <=  : 0
# Branch length floor: 0
# DE strategy        : 2
#    F               : 0.3
#    CR              : 0.8
#    tolerance       : 3e-06
# nthreads           : 32
# lgo input file     : acde2.lgo
# site pat input file: ../../chrX/boot_chrX/boot29.opf
# free parameters    : 18
# points in DE swarm : 54
# output state file  : b1boot29.state
# Including singleton site patterns.
# cost function      : KL
Initial parameter values
Fixed:
      zero = 0
       one = 1
    Tbecnw = 75200
Free:
       pc1 = 0
       pc2 = 0
       pc3 = 0
       pc4 = 0
       pc5 = 0
       pc6 = 0
       pc7 = 0
       pc8 = 0
       pc9 = 0
      pc10 = 0
      pc11 = 0
      pc12 = 0
      pc13 = 0
      pc14 = 0
      pc15 = 0
      pc16 = 0
      pc17 = 0
      pc18 = 0
Constrained:
   Tgbecnw = 119750
     Tecnw = 27523.5
       Tnw = 23034.6
       Tec = 11563.8
     twoNb = 4.41793e+06
     twoNe = 171474
     twoNc = 1.10929e+06
     twoNn = 1.17668e+06
     twoNw = 1.40349e+07
    twoNec = 82654.8
    twoNnw = 12690.8
  twoNecnw = 63949
  twoNbecnw = 15471.1
  twoNgbecnw = 217582
         m = 0.132832
        m3 = 0.208599
        m4 = 0.0160115
        m5 = 0.0726673
        Ta = 43381.9
        Tc = 11517.3
        Td = 5758.66
        Te = 2879.33
DiffEv reached_goal. cost=2.00735e-03 spread=2.98061e-06
Fitted parameter values
Free:
       pc1 = -3.99895
       pc2 = 1.98664
       pc3 = 1.92658
       pc4 = 0.170388
       pc5 = -1.54667
       pc6 = -1.94009
       pc7 = -0.130741
       pc8 = 1.69762
       pc9 = 0.484007
      pc10 = 0.982741
      pc11 = 1.09071
      pc12 = -1.00183
      pc13 = -0.319921
      pc14 = 0.168682
      pc15 = -0.271195
      pc16 = 0.0541091
      pc17 = 0.097511
      pc18 = 0.0447641
Constrained:
   Tgbecnw = 93003.8
     Tecnw = 25613.2
       Tnw = 24565.6
       Tec = 12412.6
     twoNb = 6.01108e+06
     twoNe = 9916.14
     twoNc = 985653
     twoNn = 284778
     twoNw = 3.17315e+07
    twoNec = 66882.1
    twoNnw = 2845.33
  twoNecnw = 63523.5
  twoNbecnw = 6620.31
  twoNgbecnw = 237762
         m = 0.12073
        m3 = 0.227385
        m4 = 0.0169213
        m5 = 0.0667658
        Ta = 43806.3
        Tc = 12282.8
        Td = 6141.41
        Te = 3070.7
#       SitePat  BranchLen
              b 118510.3690326
              e 44198.3433090
              c 46092.5393234
              n 42111.8409138
              w 44701.2377823
            b:e 1148.5473758
            b:c 1384.1929892
            b:n 952.9989692
            b:w 1113.4540882
            e:c 11309.3268542
            e:n 4788.5515384
            e:w 4085.8017678
            c:n 4514.9502721
            c:w 3648.2565369
            n:w 12028.8407226
          b:e:c 1327.7304293
          b:e:n 565.9893515
          b:e:w 579.4717277
          b:c:n 578.9916576
          b:c:w 573.0482849
          b:n:w 1314.9575187
          e:c:n 4778.5103400
          e:c:w 3758.5569772
          e:n:w 5546.6508602
          c:n:w 4696.3969999
        b:e:c:n 1212.5194407
        b:e:c:w 1044.5253183
        b:e:n:w 1828.3470841
        b:c:n:w 1253.3267056
        e:c:n:w 47215.5978441
