########################################
# legofit: estimate population history #
#       version 2.3.4-4-g53f8760       #
########################################

# Program was compiled: Sep 21 2021 14:36:42
# Program was run: Fri Sep 24 08:32:56 2021

# cmd: legofit -1 -d 0 -t 32 --ptsPerDim 3 --stateOut b1boot36.state --tol 3e-6 -S 5000 acde2.lgo ../../chrX/boot_chrX/boot36.opf
# Stage nOptItr nSimReps
#     0    5000        0
# algorithm          : deterministic
# ignoring probs <=  : 0
# Branch length floor: 0
# DE strategy        : 2
#    F               : 0.3
#    CR              : 0.8
#    tolerance       : 3e-06
# nthreads           : 32
# lgo input file     : acde2.lgo
# site pat input file: ../../chrX/boot_chrX/boot36.opf
# free parameters    : 18
# points in DE swarm : 54
# output state file  : b1boot36.state
# Including singleton site patterns.
# cost function      : KL
Initial parameter values
Fixed:
      zero = 0
       one = 1
    Tbecnw = 75200
Free:
       pc1 = 0
       pc2 = 0
       pc3 = 0
       pc4 = 0
       pc5 = 0
       pc6 = 0
       pc7 = 0
       pc8 = 0
       pc9 = 0
      pc10 = 0
      pc11 = 0
      pc12 = 0
      pc13 = 0
      pc14 = 0
      pc15 = 0
      pc16 = 0
      pc17 = 0
      pc18 = 0
Constrained:
   Tgbecnw = 119750
     Tecnw = 27523.5
       Tnw = 23034.6
       Tec = 11563.8
     twoNb = 4.41793e+06
     twoNe = 171474
     twoNc = 1.10929e+06
     twoNn = 1.17668e+06
     twoNw = 1.40349e+07
    twoNec = 82654.8
    twoNnw = 12690.8
  twoNecnw = 63949
  twoNbecnw = 15471.1
  twoNgbecnw = 217582
         m = 0.132832
        m3 = 0.208599
        m4 = 0.0160115
        m5 = 0.0726673
        Ta = 43381.9
        Tc = 11517.3
        Td = 5758.66
        Te = 2879.33
DiffEv reached_goal. cost=2.10410e-03 spread=2.80338e-06
Fitted parameter values
Free:
       pc1 = -3.9727
       pc2 = 1.988
       pc3 = 1.56401
       pc4 = -0.105276
       pc5 = -1.59436
       pc6 = -1.98747
       pc7 = -0.330886
       pc8 = 1.76602
       pc9 = -0.423249
      pc10 = 0.0381746
      pc11 = 0.530891
      pc12 = -0.396806
      pc13 = 0.108317
      pc14 = 0.245003
      pc15 = -0.395274
      pc16 = 0.05453
      pc17 = 0.0290217
      pc18 = -0.0221906
Constrained:
   Tgbecnw = 96704
     Tecnw = 25245.8
       Tnw = 24470.5
       Tec = 12245.6
     twoNb = 6.49668e+06
     twoNe = 442442
     twoNc = 482982
     twoNn = 1.1554e+06
     twoNw = 2.18103e+07
    twoNec = 69736.3
    twoNnw = 2118.11
  twoNecnw = 64469.6
  twoNbecnw = 7863.07
  twoNgbecnw = 244767
         m = 0.115878
        m3 = 0.222985
        m4 = 0.0163281
        m5 = 0.0610042
        Ta = 43722.8
        Tc = 12235.2
        Td = 6117.61
        Te = 3058.81
#       SitePat  BranchLen
              b 119195.6002665
              e 44597.5177879
              c 46307.2340726
              n 42251.6792133
              w 44624.6244185
            b:e 1203.5398358
            b:c 1422.8140483
            b:n 987.4200909
            b:w 1137.7745780
            e:c 11335.2425678
            e:n 4767.3248615
            e:w 4173.6697553
            c:n 4595.3495479
            c:w 3746.0670978
            n:w 12232.8651769
          b:e:c 1368.0761841
          b:e:n 585.3764221
          b:e:w 602.0793954
          b:c:n 601.4596341
          b:c:w 591.7336452
          b:n:w 1354.6259356
          e:c:n 4762.8089711
          e:c:w 3832.8013222
          e:n:w 5642.1545686
          c:n:w 4859.3374952
        b:e:c:n 1237.2256273
        b:e:c:w 1079.8941557
        b:e:n:w 1862.4170428
        b:c:n:w 1310.0839104
        e:c:n:w 47489.9924924
