########################################
# legofit: estimate population history #
#       version 2.3.4-4-g53f8760       #
########################################

# Program was compiled: Sep 21 2021 14:36:42
# Program was run: Fri Sep 24 08:33:33 2021

# cmd: legofit -1 -d 0 -t 32 --ptsPerDim 3 --stateOut b1boot41.state --tol 3e-6 -S 5000 acde2.lgo ../../chrX/boot_chrX/boot41.opf
# Stage nOptItr nSimReps
#     0    5000        0
# algorithm          : deterministic
# ignoring probs <=  : 0
# Branch length floor: 0
# DE strategy        : 2
#    F               : 0.3
#    CR              : 0.8
#    tolerance       : 3e-06
# nthreads           : 32
# lgo input file     : acde2.lgo
# site pat input file: ../../chrX/boot_chrX/boot41.opf
# free parameters    : 18
# points in DE swarm : 54
# output state file  : b1boot41.state
# Including singleton site patterns.
# cost function      : KL
Initial parameter values
Fixed:
      zero = 0
       one = 1
    Tbecnw = 75200
Free:
       pc1 = 0
       pc2 = 0
       pc3 = 0
       pc4 = 0
       pc5 = 0
       pc6 = 0
       pc7 = 0
       pc8 = 0
       pc9 = 0
      pc10 = 0
      pc11 = 0
      pc12 = 0
      pc13 = 0
      pc14 = 0
      pc15 = 0
      pc16 = 0
      pc17 = 0
      pc18 = 0
Constrained:
   Tgbecnw = 119750
     Tecnw = 27523.5
       Tnw = 23034.6
       Tec = 11563.8
     twoNb = 4.41793e+06
     twoNe = 171474
     twoNc = 1.10929e+06
     twoNn = 1.17668e+06
     twoNw = 1.40349e+07
    twoNec = 82654.8
    twoNnw = 12690.8
  twoNecnw = 63949
  twoNbecnw = 15471.1
  twoNgbecnw = 217582
         m = 0.132832
        m3 = 0.208599
        m4 = 0.0160115
        m5 = 0.0726673
        Ta = 43381.9
        Tc = 11517.3
        Td = 5758.66
        Te = 2879.33
DiffEv reached_goal. cost=1.99157e-03 spread=2.57986e-06
Fitted parameter values
Free:
       pc1 = -3.99916
       pc2 = 1.9898
       pc3 = 1.72746
       pc4 = 0.799827
       pc5 = -0.0990337
       pc6 = -1.98563
       pc7 = -0.508534
       pc8 = 0.662397
       pc9 = 0.57042
      pc10 = 0.125471
      pc11 = 0.691679
      pc12 = -0.0210984
      pc13 = 0.390422
      pc14 = -0.0235944
      pc15 = 0.0311866
      pc16 = 0.0982426
      pc17 = 0.128478
      pc18 = 0.0153444
Constrained:
   Tgbecnw = 96053.2
     Tecnw = 25388.8
       Tnw = 24592.3
       Tec = 12338.5
     twoNb = 3.61599e+06
     twoNe = 151091
     twoNc = 1.23298e+06
     twoNn = 1.05249e+06
     twoNw = 1.5729e+07
    twoNec = 70527.5
    twoNnw = 2103.84
  twoNecnw = 66612.7
  twoNbecnw = 7686.11
  twoNgbecnw = 243401
         m = 0.122672
        m3 = 0.215751
        m4 = 0.0166822
        m5 = 0.0737935
        Ta = 43769.3
        Tc = 12296.1
        Td = 6148.07
        Te = 3074.03
#       SitePat  BranchLen
              b 120447.0469564
              e 45122.4071187
              c 47072.1183159
              n 42521.9612767
              w 44787.4390257
            b:e 1240.4983069
            b:c 1496.5709991
            b:n 1004.2194665
            b:w 1149.7224383
            e:c 11358.2682166
            e:n 4770.4169846
            e:w 4233.2367451
            c:n 4575.2518765
            c:w 3725.9058084
            n:w 12524.8725432
          b:e:c 1415.6926835
          b:e:n 598.0690468
          b:e:w 618.0990838
          b:c:n 617.9955896
          b:c:w 605.1294612
          b:n:w 1399.4691439
          e:c:n 4657.4362725
          e:c:w 3778.4848310
          e:n:w 5785.0005149
          c:n:w 4870.3112150
        b:e:c:n 1256.8941732
        b:e:c:w 1104.2272927
        b:e:n:w 1952.3888803
        b:c:n:w 1356.8331670
        e:c:n:w 48371.7367870
