########################################
# legofit: estimate population history #
#       version 2.3.4-4-g53f8760       #
########################################

# Program was compiled: Sep 21 2021 14:36:42
# Program was run: Fri Sep 24 08:31:54 2021

# cmd: legofit -1 -d 0 -t 32 --ptsPerDim 3 --stateOut b1boot32.state --tol 3e-6 -S 5000 acde2.lgo ../../chrX/boot_chrX/boot32.opf
# Stage nOptItr nSimReps
#     0    5000        0
# algorithm          : deterministic
# ignoring probs <=  : 0
# Branch length floor: 0
# DE strategy        : 2
#    F               : 0.3
#    CR              : 0.8
#    tolerance       : 3e-06
# nthreads           : 32
# lgo input file     : acde2.lgo
# site pat input file: ../../chrX/boot_chrX/boot32.opf
# free parameters    : 18
# points in DE swarm : 54
# output state file  : b1boot32.state
# Including singleton site patterns.
# cost function      : KL
Initial parameter values
Fixed:
      zero = 0
       one = 1
    Tbecnw = 75200
Free:
       pc1 = 0
       pc2 = 0
       pc3 = 0
       pc4 = 0
       pc5 = 0
       pc6 = 0
       pc7 = 0
       pc8 = 0
       pc9 = 0
      pc10 = 0
      pc11 = 0
      pc12 = 0
      pc13 = 0
      pc14 = 0
      pc15 = 0
      pc16 = 0
      pc17 = 0
      pc18 = 0
Constrained:
   Tgbecnw = 119750
     Tecnw = 27523.5
       Tnw = 23034.6
       Tec = 11563.8
     twoNb = 4.41793e+06
     twoNe = 171474
     twoNc = 1.10929e+06
     twoNn = 1.17668e+06
     twoNw = 1.40349e+07
    twoNec = 82654.8
    twoNnw = 12690.8
  twoNecnw = 63949
  twoNbecnw = 15471.1
  twoNgbecnw = 217582
         m = 0.132832
        m3 = 0.208599
        m4 = 0.0160115
        m5 = 0.0726673
        Ta = 43381.9
        Tc = 11517.3
        Td = 5758.66
        Te = 2879.33
DiffEv reached_goal. cost=1.97015e-03 spread=2.18394e-06
Fitted parameter values
Free:
       pc1 = -3.97919
       pc2 = 1.99649
       pc3 = 1.82053
       pc4 = -0.399347
       pc5 = 0.251263
       pc6 = -1.01869
       pc7 = 0.402542
       pc8 = 1.81913
       pc9 = -0.766206
      pc10 = 0.098748
      pc11 = -0.686526
      pc12 = -0.923951
      pc13 = -0.319681
      pc14 = 0.0446768
      pc15 = 0.0436097
      pc16 = 0.0756006
      pc17 = 0.0167232
      pc18 = -0.0322962
Constrained:
   Tgbecnw = 98701.5
     Tecnw = 25687.9
       Tnw = 24911.7
       Tec = 12491
     twoNb = 7.71127e+06
     twoNe = 878178
     twoNc = 613208
     twoNn = 214688
     twoNw = 1.41283e+07
    twoNec = 68134.7
    twoNnw = 2157.84
  twoNecnw = 64538.5
  twoNbecnw = 8593.49
  twoNgbecnw = 237952
         m = 0.119351
        m3 = 0.193962
        m4 = 0.0157118
        m5 = 0.0704999
        Ta = 43845.5
        Tc = 12455.8
        Td = 6227.92
        Te = 3113.96
#       SitePat  BranchLen
              b 119661.9477096
              e 44879.2109777
              c 46691.4494300
              n 42752.2064488
              w 44866.1573342
            b:e 1202.5485350
            b:c 1427.8111955
            b:n 996.3138972
            b:w 1130.7863381
            e:c 11540.0659640
            e:n 4667.5153430
            e:w 4160.1065574
            c:n 4474.2066960
            c:w 3702.3554768
            n:w 12379.4065275
          b:e:c 1389.2245926
          b:e:n 580.3120963
          b:e:w 596.9824247
          b:c:n 596.7336331
          b:c:w 586.1031398
          b:n:w 1376.3775198
          e:c:n 4693.3725509
          e:c:w 3858.6816702
          e:n:w 5677.2903774
          c:n:w 4832.2454970
        b:e:c:n 1227.8301060
        b:e:c:w 1087.3178299
        b:e:n:w 1853.5873117
        b:c:n:w 1306.6483322
        e:c:n:w 47606.4785474
