########################################
# legofit: estimate population history #
#       version 2.3.4-4-g53f8760       #
########################################

# Program was compiled: Sep 21 2021 14:36:42
# Program was run: Fri Sep 24 08:33:54 2021

# cmd: legofit -1 -d 0 -t 32 --ptsPerDim 3 --stateOut b1boot42.state --tol 3e-6 -S 5000 acde2.lgo ../../chrX/boot_chrX/boot42.opf
# Stage nOptItr nSimReps
#     0    5000        0
# algorithm          : deterministic
# ignoring probs <=  : 0
# Branch length floor: 0
# DE strategy        : 2
#    F               : 0.3
#    CR              : 0.8
#    tolerance       : 3e-06
# nthreads           : 32
# lgo input file     : acde2.lgo
# site pat input file: ../../chrX/boot_chrX/boot42.opf
# free parameters    : 18
# points in DE swarm : 54
# output state file  : b1boot42.state
# Including singleton site patterns.
# cost function      : KL
Initial parameter values
Fixed:
      zero = 0
       one = 1
    Tbecnw = 75200
Free:
       pc1 = 0
       pc2 = 0
       pc3 = 0
       pc4 = 0
       pc5 = 0
       pc6 = 0
       pc7 = 0
       pc8 = 0
       pc9 = 0
      pc10 = 0
      pc11 = 0
      pc12 = 0
      pc13 = 0
      pc14 = 0
      pc15 = 0
      pc16 = 0
      pc17 = 0
      pc18 = 0
Constrained:
   Tgbecnw = 119750
     Tecnw = 27523.5
       Tnw = 23034.6
       Tec = 11563.8
     twoNb = 4.41793e+06
     twoNe = 171474
     twoNc = 1.10929e+06
     twoNn = 1.17668e+06
     twoNw = 1.40349e+07
    twoNec = 82654.8
    twoNnw = 12690.8
  twoNecnw = 63949
  twoNbecnw = 15471.1
  twoNgbecnw = 217582
         m = 0.132832
        m3 = 0.208599
        m4 = 0.0160115
        m5 = 0.0726673
        Ta = 43381.9
        Tc = 11517.3
        Td = 5758.66
        Te = 2879.33
DiffEv reached_goal. cost=2.01235e-03 spread=2.90588e-06
Fitted parameter values
Free:
       pc1 = -3.97112
       pc2 = 1.97503
       pc3 = 1.92483
       pc4 = 0.369697
       pc5 = -1.11736
       pc6 = -1.66922
       pc7 = 0.321625
       pc8 = 0.757931
       pc9 = 0.697285
      pc10 = 0.539676
      pc11 = 0.518208
      pc12 = -0.989685
      pc13 = 0.112948
      pc14 = 0.141278
      pc15 = -0.14565
      pc16 = 0.0975031
      pc17 = 0.112012
      pc18 = 0.0452798
Constrained:
   Tgbecnw = 94636.5
     Tecnw = 25642.8
       Tnw = 24697.1
       Tec = 12455.6
     twoNb = 5.67706e+06
     twoNe = 6629.37
     twoNc = 590000
     twoNn = 944975
     twoNw = 2.7861e+07
    twoNec = 69679.9
    twoNnw = 2578.08
  twoNecnw = 64332.3
  twoNbecnw = 7301.8
  twoNgbecnw = 231610
         m = 0.123735
        m3 = 0.221164
        m4 = 0.0168108
        m5 = 0.0767692
        Ta = 43827.8
        Tc = 12348.6
        Td = 6174.28
        Te = 3087.14
#       SitePat  BranchLen
              b 119003.9329631
              e 44618.4778062
              c 46673.3305128
              n 42374.1075939
              w 44811.3892853
            b:e 1187.4297284
            b:c 1440.0089695
            b:n 978.8399658
            b:w 1131.8984965
            e:c 11183.4114187
            e:n 4852.2215556
            e:w 4196.5527679
            c:n 4544.0144694
            c:w 3712.1040381
            n:w 12096.5114035
          b:e:c 1354.5684788
          b:e:n 586.1553912
          b:e:w 600.5614665
          b:c:n 600.4217395
          b:c:w 593.2334380
          b:n:w 1340.7542979
          e:c:n 4731.8994479
          e:c:w 3782.1969756
          e:n:w 5701.4301051
          c:n:w 4766.0055016
        b:e:c:n 1232.9385862
        b:e:c:w 1072.6622817
        b:e:n:w 1881.4960560
        b:c:n:w 1295.2059522
        e:c:n:w 47318.1060011
