########################################
# legofit: estimate population history #
#       version 2.3.4-4-g53f8760       #
########################################

# Program was compiled: Sep 21 2021 14:36:42
# Program was run: Fri Sep 24 08:35:02 2021

# cmd: legofit -1 -d 0 -t 32 --ptsPerDim 3 --stateOut b1boot48.state --tol 3e-6 -S 5000 acde2.lgo ../../chrX/boot_chrX/boot48.opf
# Stage nOptItr nSimReps
#     0    5000        0
# algorithm          : deterministic
# ignoring probs <=  : 0
# Branch length floor: 0
# DE strategy        : 2
#    F               : 0.3
#    CR              : 0.8
#    tolerance       : 3e-06
# nthreads           : 32
# lgo input file     : acde2.lgo
# site pat input file: ../../chrX/boot_chrX/boot48.opf
# free parameters    : 18
# points in DE swarm : 54
# output state file  : b1boot48.state
# Including singleton site patterns.
# cost function      : KL
Initial parameter values
Fixed:
      zero = 0
       one = 1
    Tbecnw = 75200
Free:
       pc1 = 0
       pc2 = 0
       pc3 = 0
       pc4 = 0
       pc5 = 0
       pc6 = 0
       pc7 = 0
       pc8 = 0
       pc9 = 0
      pc10 = 0
      pc11 = 0
      pc12 = 0
      pc13 = 0
      pc14 = 0
      pc15 = 0
      pc16 = 0
      pc17 = 0
      pc18 = 0
Constrained:
   Tgbecnw = 119750
     Tecnw = 27523.5
       Tnw = 23034.6
       Tec = 11563.8
     twoNb = 4.41793e+06
     twoNe = 171474
     twoNc = 1.10929e+06
     twoNn = 1.17668e+06
     twoNw = 1.40349e+07
    twoNec = 82654.8
    twoNnw = 12690.8
  twoNecnw = 63949
  twoNbecnw = 15471.1
  twoNgbecnw = 217582
         m = 0.132832
        m3 = 0.208599
        m4 = 0.0160115
        m5 = 0.0726673
        Ta = 43381.9
        Tc = 11517.3
        Td = 5758.66
        Te = 2879.33
DiffEv reached_goal. cost=2.04316e-03 spread=2.85600e-06
Fitted parameter values
Free:
       pc1 = -3.96167
       pc2 = 1.98277
       pc3 = 1.85924
       pc4 = -0.748835
       pc5 = -0.554686
       pc6 = -1.65647
       pc7 = -0.560261
       pc8 = 1.6369
       pc9 = 0.071952
      pc10 = -0.404436
      pc11 = -0.712603
      pc12 = -0.89866
      pc13 = 0.187559
      pc14 = 0.110065
      pc15 = 0.0761817
      pc16 = 0.133883
      pc17 = 0.0696029
      pc18 = -0.027201
Constrained:
   Tgbecnw = 96917.1
     Tecnw = 25471.1
       Tnw = 25038.7
       Tec = 12531.5
     twoNb = 6.78987e+06
     twoNe = 1.1057e+06
     twoNc = 562984
     twoNn = 1.67069e+06
     twoNw = 1.99632e+07
    twoNec = 70620.2
    twoNnw = 1247.74
  twoNecnw = 64603
  twoNbecnw = 8177.77
  twoNgbecnw = 231188
         m = 0.120699
        m3 = 0.198893
        m4 = 0.0169882
        m5 = 0.0652977
        Ta = 43865.7
        Tc = 12519.4
        Td = 6259.68
        Te = 3129.84
#       SitePat  BranchLen
              b 119064.4013124
              e 45032.8039514
              c 46805.0212252
              n 42885.4813101
              w 44964.8307868
            b:e 1237.4437654
            b:c 1470.3762941
            b:n 1027.3730483
            b:w 1162.1687789
            e:c 11313.0519966
            e:n 4746.0058889
            e:w 4231.2097441
            c:n 4550.0962012
            c:w 3798.2913032
            n:w 12166.6431808
          b:e:c 1401.5567764
          b:e:n 605.4901526
          b:e:w 621.1884647
          b:c:n 621.0319351
          b:c:w 611.6208929
          b:n:w 1388.0162926
          e:c:n 4715.0125551
          e:c:w 3902.2641213
          e:n:w 5691.6635612
          c:n:w 4877.1091212
        b:e:c:n 1264.9199670
        b:e:c:w 1123.8369665
        b:e:n:w 1915.3463877
        b:c:n:w 1347.6046970
        e:c:n:w 47060.5816789
