########################################
# legofit: estimate population history #
#       version 2.3.4-4-g53f8760       #
########################################

# Program was compiled: Sep 21 2021 14:36:42
# Program was run: Fri Sep 24 08:30:58 2021

# cmd: legofit -1 -d 0 -t 32 --ptsPerDim 3 --stateOut b1boot28.state --tol 3e-6 -S 5000 acde2.lgo ../../chrX/boot_chrX/boot28.opf
# Stage nOptItr nSimReps
#     0    5000        0
# algorithm          : deterministic
# ignoring probs <=  : 0
# Branch length floor: 0
# DE strategy        : 2
#    F               : 0.3
#    CR              : 0.8
#    tolerance       : 3e-06
# nthreads           : 32
# lgo input file     : acde2.lgo
# site pat input file: ../../chrX/boot_chrX/boot28.opf
# free parameters    : 18
# points in DE swarm : 54
# output state file  : b1boot28.state
# Including singleton site patterns.
# cost function      : KL
Initial parameter values
Fixed:
      zero = 0
       one = 1
    Tbecnw = 75200
Free:
       pc1 = 0
       pc2 = 0
       pc3 = 0
       pc4 = 0
       pc5 = 0
       pc6 = 0
       pc7 = 0
       pc8 = 0
       pc9 = 0
      pc10 = 0
      pc11 = 0
      pc12 = 0
      pc13 = 0
      pc14 = 0
      pc15 = 0
      pc16 = 0
      pc17 = 0
      pc18 = 0
Constrained:
   Tgbecnw = 119750
     Tecnw = 27523.5
       Tnw = 23034.6
       Tec = 11563.8
     twoNb = 4.41793e+06
     twoNe = 171474
     twoNc = 1.10929e+06
     twoNn = 1.17668e+06
     twoNw = 1.40349e+07
    twoNec = 82654.8
    twoNnw = 12690.8
  twoNecnw = 63949
  twoNbecnw = 15471.1
  twoNgbecnw = 217582
         m = 0.132832
        m3 = 0.208599
        m4 = 0.0160115
        m5 = 0.0726673
        Ta = 43381.9
        Tc = 11517.3
        Td = 5758.66
        Te = 2879.33
DiffEv reached_goal. cost=2.06746e-03 spread=2.77464e-06
Fitted parameter values
Free:
       pc1 = -3.84518
       pc2 = 1.9704
       pc3 = 1.45142
       pc4 = 0.557184
       pc5 = 0.183155
       pc6 = -1.29665
       pc7 = -0.397817
       pc8 = 1.01304
       pc9 = -0.0954223
      pc10 = -1.04246
      pc11 = -0.475887
      pc12 = -0.304366
      pc13 = 0.0100368
      pc14 = 0.207601
      pc15 = -0.162241
      pc16 = 0.046382
      pc17 = 0.0354939
      pc18 = 0.0840428
Constrained:
   Tgbecnw = 100748
     Tecnw = 25361.2
       Tnw = 24382.8
       Tec = 12340.2
     twoNb = 5.35515e+06
     twoNe = 10567.6
     twoNc = 724939
     twoNn = 1.95226e+06
     twoNw = 6.91844e+06
    twoNec = 69216.7
    twoNnw = 2710.1
  twoNecnw = 66009.7
  twoNbecnw = 9296.12
  twoNgbecnw = 231370
         m = 0.122438
        m3 = 0.19768
        m4 = 0.0161238
        m5 = 0.0711117
        Ta = 43770.1
        Tc = 12191.4
        Td = 6095.71
        Te = 3047.86
#       SitePat  BranchLen
              b 119868.5625813
              e 44966.8818291
              c 46926.3276581
              n 42626.3235708
              w 44826.8429413
            b:e 1204.9998893
            b:c 1443.5368649
            b:n 991.4801795
            b:w 1128.8919265
            e:c 11492.5363151
            e:n 4817.3969593
            e:w 4226.5183764
            c:n 4521.2832592
            c:w 3771.4519568
            n:w 12521.0723371
          b:e:c 1378.5703192
          b:e:n 585.4977918
          b:e:w 597.8777948
          b:c:n 597.6457691
          b:c:w 591.3918215
          b:n:w 1365.4710859
          e:c:n 4716.4205591
          e:c:w 3856.6110739
          e:n:w 5764.2285646
          c:n:w 4873.8684274
        b:e:c:n 1224.6719879
        b:e:c:w 1081.1341855
        b:e:n:w 1870.0899459
        b:c:n:w 1307.9851543
        e:c:n:w 47454.3719453
