########################################
# legofit: estimate population history #
#       version 2.3.4-4-g53f8760       #
########################################

# Program was compiled: Sep 21 2021 14:36:42
# Program was run: Tue Oct 19 21:30:45 2021

# cmd: legofit -1 -d 0 -t 32 --ptsPerDim 3 --stateOut b1boot17.state --tol 3e-6 -S 5000 bdeg2.lgo ../../chrX/boot_chrX/boot17.opf
# Stage nOptItr nSimReps
#     0    5000        0
# algorithm          : deterministic
# ignoring probs <=  : 0
# Branch length floor: 0
# DE strategy        : 2
#    F               : 0.3
#    CR              : 0.8
#    tolerance       : 3e-06
# nthreads           : 32
# lgo input file     : bdeg2.lgo
# site pat input file: ../../chrX/boot_chrX/boot17.opf
# free parameters    : 15
# points in DE swarm : 45
# output state file  : b1boot17.state
# Including singleton site patterns.
# cost function      : KL
Initial parameter values
Fixed:
      zero = 0
       one = 1
    Tbecnw = 75200
Free:
       pc1 = 0
       pc2 = 0
       pc3 = 0
       pc4 = 0
       pc5 = 0
       pc6 = 0
       pc7 = 0
       pc8 = 0
       pc9 = 0
      pc10 = 0
      pc11 = 0
      pc12 = 0
      pc13 = 0
      pc14 = 0
      pc15 = 0
Constrained:
     Tecnw = 33475.1
       Tnw = 680.452
       Tec = 18.6135
     twoNb = 1.29683e+06
     twoNe = 130385
     twoNc = 233843
     twoNw = 810129
    twoNec = 158161
    twoNnw = 155790
  twoNecnw = 30611.7
  twoNbecnw = 49943.1
        m2 = 0.0128761
        m4 = 0.0015476
        m5 = 0.183631
        m7 = 0.00490365
        Tb = 16746.9
        Td = 9.30673
        Te = 4.65337
        Tg = 2.32668
DiffEv reached_goal. cost=3.07449e-03 spread=2.60615e-06
Fitted parameter values
Free:
       pc1 = 3.95403
       pc2 = 0.672702
       pc3 = 1.98042
       pc4 = 1.83782
       pc5 = 1.49998
       pc6 = -1.84763
       pc7 = -0.373552
       pc8 = 1.77122
       pc9 = -0.932844
      pc10 = -0.768724
      pc11 = -0.234834
      pc12 = -1.53068
      pc13 = -0.0372842
      pc14 = 0.460454
      pc15 = 0.444018
Constrained:
     Tecnw = 33813.6
       Tnw = 27.0028
       Tec = 29.5513
     twoNb = 3.10109e+06
     twoNe = 187286
     twoNc = 259750
     twoNw = 1.0255e+06
    twoNec = 141689
    twoNnw = 165210
  twoNecnw = 29783.6
  twoNbecnw = 49600.1
        m2 = 0.0172528
        m4 = 0.00111011
        m5 = 0.193052
        m7 = 0.00675405
        Tb = 16921.6
        Td = 14.7757
        Te = 7.38784
        Tg = 3.69392
#       SitePat  BranchLen
              b 117427.1311248
              e 43284.0752723
              c 45652.8773828
              n 43019.6774294
              w 43019.5041444
            b:e 1325.2269666
            b:c 1438.0484227
            b:n 1102.7906649
            b:w 1102.7845094
            e:c 11285.1343661
            e:n 4245.1076000
            e:w 4245.2808850
            c:n 3488.7576497
            c:w 3488.7273558
            n:w 11858.4904090
          b:e:c 1251.8536678
          b:e:n 575.5601546
          b:e:w 575.5663101
          b:c:n 575.4457457
          b:c:w 575.4395859
          b:n:w 1247.8137648
          e:c:n 4771.1221581
          e:c:w 4771.1524520
          e:n:w 6102.2310836
          c:n:w 5253.1455105
        b:e:c:n 1104.0717174
        b:e:c:w 1104.0778772
        b:e:n:w 1415.6400041
        b:c:n:w 1296.2466230
        e:c:n:w 46061.5966242
