########################################
# legofit: estimate population history #
#       version 2.3.4-4-g53f8760       #
########################################

# Program was compiled: Sep 21 2021 14:36:42
# Program was run: Tue Oct 19 21:30:37 2021

# cmd: legofit -1 -d 0 -t 32 --ptsPerDim 3 --stateOut b1boot10.state --tol 3e-6 -S 5000 bdeg2.lgo ../../chrX/boot_chrX/boot10.opf
# Stage nOptItr nSimReps
#     0    5000        0
# algorithm          : deterministic
# ignoring probs <=  : 0
# Branch length floor: 0
# DE strategy        : 2
#    F               : 0.3
#    CR              : 0.8
#    tolerance       : 3e-06
# nthreads           : 32
# lgo input file     : bdeg2.lgo
# site pat input file: ../../chrX/boot_chrX/boot10.opf
# free parameters    : 15
# points in DE swarm : 45
# output state file  : b1boot10.state
# Including singleton site patterns.
# cost function      : KL
Initial parameter values
Fixed:
      zero = 0
       one = 1
    Tbecnw = 75200
Free:
       pc1 = 0
       pc2 = 0
       pc3 = 0
       pc4 = 0
       pc5 = 0
       pc6 = 0
       pc7 = 0
       pc8 = 0
       pc9 = 0
      pc10 = 0
      pc11 = 0
      pc12 = 0
      pc13 = 0
      pc14 = 0
      pc15 = 0
Constrained:
     Tecnw = 33475.1
       Tnw = 680.452
       Tec = 18.6135
     twoNb = 1.29683e+06
     twoNe = 130385
     twoNc = 233843
     twoNw = 810129
    twoNec = 158161
    twoNnw = 155790
  twoNecnw = 30611.7
  twoNbecnw = 49943.1
        m2 = 0.0128761
        m4 = 0.0015476
        m5 = 0.183631
        m7 = 0.00490365
        Tb = 16746.9
        Td = 9.30673
        Te = 4.65337
        Tg = 2.32668
DiffEv reached_goal. cost=2.81402e-03 spread=2.69257e-06
Fitted parameter values
Free:
       pc1 = 3.7825
       pc2 = -0.0284298
       pc3 = 1.68489
       pc4 = 1.618
       pc5 = -0.750114
       pc6 = -1.97035
       pc7 = -1.57734
       pc8 = 1.2956
       pc9 = -1.53445
      pc10 = -0.252505
      pc11 = -0.395582
      pc12 = -0.113661
      pc13 = -0.33631
      pc14 = 0.626996
      pc15 = 0.346048
Constrained:
     Tecnw = 33820.7
       Tnw = 6.66724
       Tec = 12.7273
     twoNb = 2.83546e+06
     twoNe = 140611
     twoNc = 246083
     twoNw = 1.28206e+06
    twoNec = 145422
    twoNnw = 169172
  twoNecnw = 30514.6
  twoNbecnw = 50999.8
        m2 = 0.016924
        m4 = 0.000870386
        m5 = 0.205479
        m7 = 0.00668606
        Tb = 16916.7
        Td = 6.36363
        Te = 3.18181
        Tg = 1.59091
#       SitePat  BranchLen
              b 118383.2321985
              e 43694.2159625
              c 46208.7678308
              n 43425.4457241
              w 43425.4191749
            b:e 1395.5361938
            b:c 1522.7523477
            b:n 1173.2155581
            b:w 1173.2145633
            e:c 11256.8606542
            e:n 4425.7634640
            e:w 4425.7900132
            c:n 3625.6795829
            c:w 3625.6748519
            n:w 11892.0642198
          b:e:c 1311.4000835
          b:e:n 619.5597161
          b:e:w 619.5607109
          b:c:n 619.4173636
          b:c:w 619.4163681
          b:n:w 1307.0365495
          e:c:n 4900.3717568
          e:c:w 4900.3764878
          e:n:w 6278.0331690
          c:n:w 5371.3914446
        b:e:c:n 1174.6735800
        b:e:c:w 1174.6745755
        b:e:n:w 1498.8047988
        b:c:n:w 1364.1642388
        e:c:n:w 46281.0376799
