########################################
# legofit: estimate population history #
#       version 2.3.4-4-g53f8760       #
########################################

# Program was compiled: Sep 21 2021 14:36:42
# Program was run: Tue Oct 19 21:31:08 2021

# cmd: legofit -1 -d 0 -t 32 --ptsPerDim 3 --stateOut b1boot34.state --tol 3e-6 -S 5000 bdeg2.lgo ../../chrX/boot_chrX/boot34.opf
# Stage nOptItr nSimReps
#     0    5000        0
# algorithm          : deterministic
# ignoring probs <=  : 0
# Branch length floor: 0
# DE strategy        : 2
#    F               : 0.3
#    CR              : 0.8
#    tolerance       : 3e-06
# nthreads           : 32
# lgo input file     : bdeg2.lgo
# site pat input file: ../../chrX/boot_chrX/boot34.opf
# free parameters    : 15
# points in DE swarm : 45
# output state file  : b1boot34.state
# Including singleton site patterns.
# cost function      : KL
Initial parameter values
Fixed:
      zero = 0
       one = 1
    Tbecnw = 75200
Free:
       pc1 = 0
       pc2 = 0
       pc3 = 0
       pc4 = 0
       pc5 = 0
       pc6 = 0
       pc7 = 0
       pc8 = 0
       pc9 = 0
      pc10 = 0
      pc11 = 0
      pc12 = 0
      pc13 = 0
      pc14 = 0
      pc15 = 0
Constrained:
     Tecnw = 33475.1
       Tnw = 680.452
       Tec = 18.6135
     twoNb = 1.29683e+06
     twoNe = 130385
     twoNc = 233843
     twoNw = 810129
    twoNec = 158161
    twoNnw = 155790
  twoNecnw = 30611.7
  twoNbecnw = 49943.1
        m2 = 0.0128761
        m4 = 0.0015476
        m5 = 0.183631
        m7 = 0.00490365
        Tb = 16746.9
        Td = 9.30673
        Te = 4.65337
        Tg = 2.32668
DiffEv reached_goal. cost=2.75807e-03 spread=2.87766e-06
Fitted parameter values
Free:
       pc1 = 3.91419
       pc2 = 0.251936
       pc3 = 1.96582
       pc4 = 1.91322
       pc5 = 1.68601
       pc6 = -1.7759
       pc7 = 0.749346
       pc8 = 1.97881
       pc9 = 0.642063
      pc10 = -1.28112
      pc11 = 0.24852
      pc12 = 0.0587013
      pc13 = -0.655837
      pc14 = 0.366792
      pc15 = -0.0594818
Constrained:
     Tecnw = 33757.6
       Tnw = 31.9737
       Tec = 32.5309
     twoNb = 2.94121e+06
     twoNe = 78363.6
     twoNc = 97343.2
     twoNw = 841957
    twoNec = 144229
    twoNnw = 163770
  twoNecnw = 29476
  twoNbecnw = 49536.7
        m2 = 0.0154716
        m4 = 0.00249452
        m5 = 0.209731
        m7 = 0.00428714
        Tb = 16895.1
        Td = 16.2655
        Te = 8.13273
        Tg = 4.06637
#       SitePat  BranchLen
              b 117539.5940015
              e 42916.4649558
              c 45687.9994410
              n 42700.9722143
              w 42700.6942985
            b:e 1256.1496529
            b:c 1432.4980712
            b:n 1077.7375235
            b:w 1077.7277871
            e:c 10992.6017695
            e:n 4318.2047547
            e:w 4318.4826705
            c:n 3468.2034221
            c:w 3468.1549897
            n:w 11701.0617709
          b:e:c 1214.1542401
          b:e:n 568.8198994
          b:e:w 568.8296359
          b:c:n 568.8604457
          b:c:w 568.8507021
          b:n:w 1210.4920296
          e:c:n 4722.3454639
          e:c:w 4722.3938963
          e:n:w 6180.2727529
          c:n:w 5107.9793066
        b:e:c:n 1078.9023040
        b:e:c:w 1078.9120476
        b:e:n:w 1408.0042121
        b:c:n:w 1232.6821558
        e:c:n:w 46537.6764530
