########################################
# legofit: estimate population history #
#       version 2.3.4-4-g53f8760       #
########################################

# Program was compiled: Sep 21 2021 14:36:42
# Program was run: Tue Oct 19 21:30:37 2021

# cmd: legofit -1 -d 0 -t 32 --ptsPerDim 3 --stateOut b1boot7.state --tol 3e-6 -S 5000 bdeg2.lgo ../../chrX/boot_chrX/boot7.opf
# Stage nOptItr nSimReps
#     0    5000        0
# algorithm          : deterministic
# ignoring probs <=  : 0
# Branch length floor: 0
# DE strategy        : 2
#    F               : 0.3
#    CR              : 0.8
#    tolerance       : 3e-06
# nthreads           : 32
# lgo input file     : bdeg2.lgo
# site pat input file: ../../chrX/boot_chrX/boot7.opf
# free parameters    : 15
# points in DE swarm : 45
# output state file  : b1boot7.state
# Including singleton site patterns.
# cost function      : KL
Initial parameter values
Fixed:
      zero = 0
       one = 1
    Tbecnw = 75200
Free:
       pc1 = 0
       pc2 = 0
       pc3 = 0
       pc4 = 0
       pc5 = 0
       pc6 = 0
       pc7 = 0
       pc8 = 0
       pc9 = 0
      pc10 = 0
      pc11 = 0
      pc12 = 0
      pc13 = 0
      pc14 = 0
      pc15 = 0
Constrained:
     Tecnw = 33475.1
       Tnw = 680.452
       Tec = 18.6135
     twoNb = 1.29683e+06
     twoNe = 130385
     twoNc = 233843
     twoNw = 810129
    twoNec = 158161
    twoNnw = 155790
  twoNecnw = 30611.7
  twoNbecnw = 49943.1
        m2 = 0.0128761
        m4 = 0.0015476
        m5 = 0.183631
        m7 = 0.00490365
        Tb = 16746.9
        Td = 9.30673
        Te = 4.65337
        Tg = 2.32668
DiffEv reached_goal. cost=3.13469e-03 spread=2.29242e-06
Fitted parameter values
Free:
       pc1 = 3.51518
       pc2 = 0.291506
       pc3 = 1.99834
       pc4 = 1.90628
       pc5 = 0.443645
       pc6 = -1.48349
       pc7 = -1.18884
       pc8 = 1.11673
       pc9 = -1.91517
      pc10 = 0.412205
      pc11 = -0.845278
      pc12 = -0.289757
      pc13 = 0.345807
      pc14 = 0.813308
      pc15 = 0.494792
Constrained:
     Tecnw = 33781.7
       Tnw = 9.79188
       Tec = 22.0686
     twoNb = 2.7925e+06
     twoNe = 96150.1
     twoNc = 411461
     twoNw = 1.19752e+06
    twoNec = 143700
    twoNnw = 169204
  twoNecnw = 30568.8
  twoNbecnw = 49881.2
        m2 = 0.0169064
        m4 = 0.000753283
        m5 = 0.201108
        m7 = 0.00762099
        Tb = 16901.9
        Td = 11.0343
        Te = 5.51714
        Tg = 2.75857
#       SitePat  BranchLen
              b 117416.1997058
              e 43638.6138190
              c 46032.6152511
              n 43395.5423118
              w 43395.5082873
            b:e 1378.8453478
            b:c 1483.8030390
            b:n 1150.8143779
            b:w 1150.8131269
            e:c 11290.1791214
            e:n 4371.2687198
            e:w 4371.3027443
            c:n 3598.0285843
            c:w 3598.0225549
            n:w 11866.5674016
          b:e:c 1289.1686093
          b:e:n 605.1196178
          b:e:w 605.1208688
          b:c:n 604.9270108
          b:c:w 604.9257590
          b:n:w 1284.7171052
          e:c:n 4865.2065187
          e:c:w 4865.2125481
          e:n:w 6182.0241170
          c:n:w 5344.8302270
        b:e:c:n 1152.3034817
        b:e:c:w 1152.3047336
        b:e:n:w 1460.1779654
        b:c:n:w 1345.3207737
        e:c:n:w 45457.7133101
