########################################
# legofit: estimate population history #
#       version 2.3.4-4-g53f8760       #
########################################

# Program was compiled: Sep 21 2021 14:36:42
# Program was run: Tue Oct 19 21:30:52 2021

# cmd: legofit -1 -d 0 -t 32 --ptsPerDim 3 --stateOut b1boot21.state --tol 3e-6 -S 5000 bdeg2.lgo ../../chrX/boot_chrX/boot21.opf
# Stage nOptItr nSimReps
#     0    5000        0
# algorithm          : deterministic
# ignoring probs <=  : 0
# Branch length floor: 0
# DE strategy        : 2
#    F               : 0.3
#    CR              : 0.8
#    tolerance       : 3e-06
# nthreads           : 32
# lgo input file     : bdeg2.lgo
# site pat input file: ../../chrX/boot_chrX/boot21.opf
# free parameters    : 15
# points in DE swarm : 45
# output state file  : b1boot21.state
# Including singleton site patterns.
# cost function      : KL
Initial parameter values
Fixed:
      zero = 0
       one = 1
    Tbecnw = 75200
Free:
       pc1 = 0
       pc2 = 0
       pc3 = 0
       pc4 = 0
       pc5 = 0
       pc6 = 0
       pc7 = 0
       pc8 = 0
       pc9 = 0
      pc10 = 0
      pc11 = 0
      pc12 = 0
      pc13 = 0
      pc14 = 0
      pc15 = 0
Constrained:
     Tecnw = 33475.1
       Tnw = 680.452
       Tec = 18.6135
     twoNb = 1.29683e+06
     twoNe = 130385
     twoNc = 233843
     twoNw = 810129
    twoNec = 158161
    twoNnw = 155790
  twoNecnw = 30611.7
  twoNbecnw = 49943.1
        m2 = 0.0128761
        m4 = 0.0015476
        m5 = 0.183631
        m7 = 0.00490365
        Tb = 16746.9
        Td = 9.30673
        Te = 4.65337
        Tg = 2.32668
DiffEv reached_goal. cost=3.10000e-03 spread=2.99121e-06
Fitted parameter values
Free:
       pc1 = 3.75931
       pc2 = -0.22016
       pc3 = 1.78162
       pc4 = 1.99709
       pc5 = 1.81118
       pc6 = -1.85619
       pc7 = -0.128061
       pc8 = 0.0482046
       pc9 = -1.10154
      pc10 = 0.305496
      pc11 = 0.479748
      pc12 = -1.35478
      pc13 = 0.144463
      pc14 = 0.305914
      pc15 = -0.149088
Constrained:
     Tecnw = 33736.4
       Tnw = 48.4731
       Tec = 22.2673
     twoNb = 2.7407e+06
     twoNe = 63897.2
     twoNc = 208502
     twoNw = 855555
    twoNec = 145783
    twoNnw = 160093
  twoNecnw = 29872.1
  twoNbecnw = 49491.1
        m2 = 0.0175998
        m4 = 0.00103267
        m5 = 0.20023
        m7 = 0.00957507
        Tb = 16879.3
        Td = 11.1336
        Te = 5.56682
        Tg = 2.78341
#       SitePat  BranchLen
              b 117275.8838873
              e 43513.3629589
              c 45900.3129518
              n 42757.1183846
              w 42756.6507778
            b:e 1375.4163332
            b:c 1458.3528451
            b:n 1090.0091573
            b:w 1089.9925763
            e:c 11060.3059438
            e:n 4288.3026765
            e:w 4288.7702833
            c:n 3508.3242398
            c:w 3508.2425162
            n:w 11964.2126188
          b:e:c 1245.6190736
          b:e:n 577.2310903
          b:e:w 577.2476713
          b:c:n 576.9899117
          b:c:w 576.9733175
          b:n:w 1240.8537828
          e:c:n 4709.0723087
          e:c:w 4709.1540323
          e:n:w 6199.9733801
          c:n:w 5387.6676145
        b:e:c:n 1091.5783936
        b:e:c:w 1091.5949878
        b:e:n:w 1432.8545777
        b:c:n:w 1336.2955746
        e:c:n:w 45876.4094692
