########################################
# legofit: estimate population history #
#       version 2.3.4-4-g53f8760       #
########################################

# Program was compiled: Sep 21 2021 14:36:42
# Program was run: Tue Oct 19 21:30:30 2021

# cmd: legofit -1 -d 0 -t 32 --ptsPerDim 3 --stateOut b1boot5.state --tol 3e-6 -S 5000 bdeg2.lgo ../../chrX/boot_chrX/boot5.opf
# Stage nOptItr nSimReps
#     0    5000        0
# algorithm          : deterministic
# ignoring probs <=  : 0
# Branch length floor: 0
# DE strategy        : 2
#    F               : 0.3
#    CR              : 0.8
#    tolerance       : 3e-06
# nthreads           : 32
# lgo input file     : bdeg2.lgo
# site pat input file: ../../chrX/boot_chrX/boot5.opf
# free parameters    : 15
# points in DE swarm : 45
# output state file  : b1boot5.state
# Including singleton site patterns.
# cost function      : KL
Initial parameter values
Fixed:
      zero = 0
       one = 1
    Tbecnw = 75200
Free:
       pc1 = 0
       pc2 = 0
       pc3 = 0
       pc4 = 0
       pc5 = 0
       pc6 = 0
       pc7 = 0
       pc8 = 0
       pc9 = 0
      pc10 = 0
      pc11 = 0
      pc12 = 0
      pc13 = 0
      pc14 = 0
      pc15 = 0
Constrained:
     Tecnw = 33475.1
       Tnw = 680.452
       Tec = 18.6135
     twoNb = 1.29683e+06
     twoNe = 130385
     twoNc = 233843
     twoNw = 810129
    twoNec = 158161
    twoNnw = 155790
  twoNecnw = 30611.7
  twoNbecnw = 49943.1
        m2 = 0.0128761
        m4 = 0.0015476
        m5 = 0.183631
        m7 = 0.00490365
        Tb = 16746.9
        Td = 9.30673
        Te = 4.65337
        Tg = 2.32668
DiffEv reached_goal. cost=3.02245e-03 spread=1.62634e-06
Fitted parameter values
Free:
       pc1 = 3.95373
       pc2 = 1.7828
       pc3 = 1.99651
       pc4 = 1.10211
       pc5 = 1.86659
       pc6 = -1.93403
       pc7 = 0.152577
       pc8 = 0.624914
       pc9 = -1.92625
      pc10 = -0.59022
      pc11 = -0.145568
      pc12 = 0.423963
      pc13 = 0.722989
      pc14 = 0.921056
      pc15 = 0.0112231
Constrained:
     Tecnw = 33805.5
       Tnw = 22.9185
       Tec = 37.5651
     twoNb = 2.83261e+06
     twoNe = 191824
     twoNc = 143555
     twoNw = 828965
    twoNec = 141646
    twoNnw = 165315
  twoNecnw = 30542
  twoNbecnw = 48527.8
        m2 = 0.019384
        m4 = 0.000585336
        m5 = 0.21085
        m7 = 0.0065245
        Tb = 16921.6
        Td = 18.7825
        Te = 9.39127
        Tg = 4.69563
#       SitePat  BranchLen
              b 116249.6925326
              e 43469.0025963
              c 46113.7799086
              n 43164.5398987
              w 43164.3774428
            b:e 1342.5897650
            b:c 1477.3626597
            b:n 1112.6200182
            b:w 1112.6142093
            e:c 11216.0619034
            e:n 4378.3416476
            e:w 4378.5041036
            c:n 3540.8126369
            c:w 3540.7842248
            n:w 11899.7625373
          b:e:c 1257.9566364
          b:e:n 586.7994812
          b:e:w 586.8052902
          b:c:n 586.6853312
          b:c:w 586.6795175
          b:n:w 1253.1947629
          e:c:n 4771.1776307
          e:c:w 4771.2060428
          e:n:w 6231.1901109
          c:n:w 5268.4754833
        b:e:c:n 1114.1276982
        b:e:c:w 1114.1335119
        b:e:n:w 1451.5159481
        b:c:n:w 1310.1691811
        e:c:n:w 44473.5341771
