########################################
# legofit: estimate population history #
#       version 2.3.4-4-g53f8760       #
########################################

# Program was compiled: Sep 21 2021 14:36:42
# Program was run: Tue Oct 19 21:31:01 2021

# cmd: legofit -1 -d 0 -t 32 --ptsPerDim 3 --stateOut b1boot25.state --tol 3e-6 -S 5000 bdeg2.lgo ../../chrX/boot_chrX/boot25.opf
# Stage nOptItr nSimReps
#     0    5000        0
# algorithm          : deterministic
# ignoring probs <=  : 0
# Branch length floor: 0
# DE strategy        : 2
#    F               : 0.3
#    CR              : 0.8
#    tolerance       : 3e-06
# nthreads           : 32
# lgo input file     : bdeg2.lgo
# site pat input file: ../../chrX/boot_chrX/boot25.opf
# free parameters    : 15
# points in DE swarm : 45
# output state file  : b1boot25.state
# Including singleton site patterns.
# cost function      : KL
Initial parameter values
Fixed:
      zero = 0
       one = 1
    Tbecnw = 75200
Free:
       pc1 = 0
       pc2 = 0
       pc3 = 0
       pc4 = 0
       pc5 = 0
       pc6 = 0
       pc7 = 0
       pc8 = 0
       pc9 = 0
      pc10 = 0
      pc11 = 0
      pc12 = 0
      pc13 = 0
      pc14 = 0
      pc15 = 0
Constrained:
     Tecnw = 33475.1
       Tnw = 680.452
       Tec = 18.6135
     twoNb = 1.29683e+06
     twoNe = 130385
     twoNc = 233843
     twoNw = 810129
    twoNec = 158161
    twoNnw = 155790
  twoNecnw = 30611.7
  twoNbecnw = 49943.1
        m2 = 0.0128761
        m4 = 0.0015476
        m5 = 0.183631
        m7 = 0.00490365
        Tb = 16746.9
        Td = 9.30673
        Te = 4.65337
        Tg = 2.32668
DiffEv reached_goal. cost=3.04423e-03 spread=2.85326e-06
Fitted parameter values
Free:
       pc1 = 3.98628
       pc2 = 0.0832089
       pc3 = 1.89709
       pc4 = 1.25702
       pc5 = 1.78911
       pc6 = -1.58212
       pc7 = -1.93511
       pc8 = 0.868901
       pc9 = -0.798697
      pc10 = -1.38369
      pc11 = 0.900347
      pc12 = -1.67354
      pc13 = -0.385089
      pc14 = 0.781853
      pc15 = -0.549182
Constrained:
     Tecnw = 33746.4
       Tnw = 63.5088
       Tec = 9.71229
     twoNb = 3.29782e+06
     twoNe = 290927
     twoNc = 335720
     twoNw = 695792
    twoNec = 145537
    twoNnw = 157005
  twoNecnw = 29861.4
  twoNbecnw = 50504
        m2 = 0.0178911
        m4 = 0.00120737
        m5 = 0.200611
        m7 = 0.00772801
        Tb = 16878.1
        Td = 4.85615
        Te = 2.42807
        Tg = 1.21404
#       SitePat  BranchLen
              b 118171.9443184
              e 43447.4890333
              c 45991.2670509
              n 42681.3069185
              w 42680.4862778
            b:e 1374.4987922
            b:c 1493.7670821
            b:n 1108.0437497
            b:w 1108.0141451
            e:c 11146.2328050
            e:n 4315.3532205
            e:w 4316.1738612
            c:n 3507.7070827
            c:w 3507.5630248
            n:w 12107.5797891
          b:e:c 1274.1887887
          b:e:n 586.1685321
          b:e:w 586.1981367
          b:c:n 586.0582738
          b:c:w 586.0286491
          b:n:w 1270.1992824
          e:c:n 4736.4460221
          e:c:w 4736.5900799
          e:n:w 6304.7963308
          c:n:w 5385.1061428
        b:e:c:n 1109.3080293
        b:e:c:w 1109.3376541
        b:e:n:w 1471.5273116
        b:c:n:w 1344.7079121
        e:c:n:w 46665.6820599
