########################################
# legofit: estimate population history #
#       version 2.3.4-4-g53f8760       #
########################################

# Program was compiled: Sep 21 2021 14:36:42
# Program was run: Tue Oct 19 21:30:45 2021

# cmd: legofit -1 -d 0 -t 32 --ptsPerDim 3 --stateOut b1boot16.state --tol 3e-6 -S 5000 bdeg2.lgo ../../chrX/boot_chrX/boot16.opf
# Stage nOptItr nSimReps
#     0    5000        0
# algorithm          : deterministic
# ignoring probs <=  : 0
# Branch length floor: 0
# DE strategy        : 2
#    F               : 0.3
#    CR              : 0.8
#    tolerance       : 3e-06
# nthreads           : 32
# lgo input file     : bdeg2.lgo
# site pat input file: ../../chrX/boot_chrX/boot16.opf
# free parameters    : 15
# points in DE swarm : 45
# output state file  : b1boot16.state
# Including singleton site patterns.
# cost function      : KL
Initial parameter values
Fixed:
      zero = 0
       one = 1
    Tbecnw = 75200
Free:
       pc1 = 0
       pc2 = 0
       pc3 = 0
       pc4 = 0
       pc5 = 0
       pc6 = 0
       pc7 = 0
       pc8 = 0
       pc9 = 0
      pc10 = 0
      pc11 = 0
      pc12 = 0
      pc13 = 0
      pc14 = 0
      pc15 = 0
Constrained:
     Tecnw = 33475.1
       Tnw = 680.452
       Tec = 18.6135
     twoNb = 1.29683e+06
     twoNe = 130385
     twoNc = 233843
     twoNw = 810129
    twoNec = 158161
    twoNnw = 155790
  twoNecnw = 30611.7
  twoNbecnw = 49943.1
        m2 = 0.0128761
        m4 = 0.0015476
        m5 = 0.183631
        m7 = 0.00490365
        Tb = 16746.9
        Td = 9.30673
        Te = 4.65337
        Tg = 2.32668
DiffEv reached_goal. cost=3.02975e-03 spread=2.20670e-06
Fitted parameter values
Free:
       pc1 = 3.93404
       pc2 = 1.67516
       pc3 = 1.68457
       pc4 = 1.6715
       pc5 = 1.23488
       pc6 = -1.91953
       pc7 = -1.30303
       pc8 = 0.812729
       pc9 = -0.506269
      pc10 = -1.01796
      pc11 = 1.1955
      pc12 = -1.24974
      pc13 = 0.555736
      pc14 = 0.44061
      pc15 = -0.170457
Constrained:
     Tecnw = 33860.8
       Tnw = 24.2493
       Tec = 17.8486
     twoNb = 3.12824e+06
     twoNe = 221367
     twoNc = 225044
     twoNw = 765125
    twoNec = 147608
    twoNnw = 161870
  twoNecnw = 29935.6
  twoNbecnw = 49852.8
        m2 = 0.0222578
        m4 = 0.000344528
        m5 = 0.196647
        m7 = 0.00632316
        Tb = 16939.3
        Td = 8.9243
        Te = 4.46215
        Tg = 2.23108
#       SitePat  BranchLen
              b 117485.3639185
              e 43748.0917191
              c 46257.3298230
              n 42973.6275123
              w 42973.3886523
            b:e 1389.6695389
            b:c 1520.2005733
            b:n 1106.6975325
            b:w 1106.6889736
            e:c 11094.0991075
            e:n 4308.4380123
            e:w 4308.6768723
            c:n 3518.1340679
            c:w 3518.0924387
            n:w 12017.1876768
          b:e:c 1268.7021578
          b:e:n 587.0188323
          b:e:w 587.0273912
          b:c:n 586.9269208
          b:c:w 586.9183547
          b:n:w 1263.7800931
          e:c:n 4719.8156148
          e:c:w 4719.8572440
          e:n:w 6323.3062075
          c:n:w 5400.8564292
        b:e:c:n 1108.2084822
        b:e:c:w 1108.2170483
        b:e:n:w 1493.3608806
        b:c:n:w 1357.1308464
        e:c:n:w 45791.4224353
