########################################
# legofit: estimate population history #
#       version 2.3.4-4-g53f8760       #
########################################

# Program was compiled: Sep 21 2021 14:36:42
# Program was run: Tue Oct 19 21:31:08 2021

# cmd: legofit -1 -d 0 -t 32 --ptsPerDim 3 --stateOut b1boot32.state --tol 3e-6 -S 5000 bdeg2.lgo ../../chrX/boot_chrX/boot32.opf
# Stage nOptItr nSimReps
#     0    5000        0
# algorithm          : deterministic
# ignoring probs <=  : 0
# Branch length floor: 0
# DE strategy        : 2
#    F               : 0.3
#    CR              : 0.8
#    tolerance       : 3e-06
# nthreads           : 32
# lgo input file     : bdeg2.lgo
# site pat input file: ../../chrX/boot_chrX/boot32.opf
# free parameters    : 15
# points in DE swarm : 45
# output state file  : b1boot32.state
# Including singleton site patterns.
# cost function      : KL
Initial parameter values
Fixed:
      zero = 0
       one = 1
    Tbecnw = 75200
Free:
       pc1 = 0
       pc2 = 0
       pc3 = 0
       pc4 = 0
       pc5 = 0
       pc6 = 0
       pc7 = 0
       pc8 = 0
       pc9 = 0
      pc10 = 0
      pc11 = 0
      pc12 = 0
      pc13 = 0
      pc14 = 0
      pc15 = 0
Constrained:
     Tecnw = 33475.1
       Tnw = 680.452
       Tec = 18.6135
     twoNb = 1.29683e+06
     twoNe = 130385
     twoNc = 233843
     twoNw = 810129
    twoNec = 158161
    twoNnw = 155790
  twoNecnw = 30611.7
  twoNbecnw = 49943.1
        m2 = 0.0128761
        m4 = 0.0015476
        m5 = 0.183631
        m7 = 0.00490365
        Tb = 16746.9
        Td = 9.30673
        Te = 4.65337
        Tg = 2.32668
DiffEv reached_goal. cost=2.81404e-03 spread=2.60422e-06
Fitted parameter values
Free:
       pc1 = 3.97149
       pc2 = 1.56662
       pc3 = 1.69217
       pc4 = 1.81873
       pc5 = 1.83333
       pc6 = -1.75802
       pc7 = -1.20536
       pc8 = 1.57223
       pc9 = 0.0618539
      pc10 = -0.534719
      pc11 = 0.518796
      pc12 = -1.39037
      pc13 = 0.146148
      pc14 = 0.326646
      pc15 = 0.26375
Constrained:
     Tecnw = 33746.9
       Tnw = 11.3996
       Tec = 33.9971
     twoNb = 3.13449e+06
     twoNe = 178921
     twoNc = 344652
     twoNw = 761065
    twoNec = 145584
    twoNnw = 166061
  twoNecnw = 29679.5
  twoNbecnw = 49884.2
        m2 = 0.0204173
        m4 = 0.000590667
        m5 = 0.192562
        m7 = 0.00593392
        Tb = 16890.4
        Td = 16.9985
        Te = 8.49927
        Tg = 4.24964
#       SitePat  BranchLen
              b 117654.4425586
              e 43457.7777871
              c 45848.9036740
              n 42971.6578850
              w 42971.6234358
            b:e 1350.3238656
            b:c 1474.2337861
            b:n 1099.1868330
            b:w 1099.1856088
            e:c 11112.5459388
            e:n 4262.3435373
            e:w 4262.3779866
            c:n 3506.3852703
            c:w 3506.3792505
            n:w 11815.5533085
          b:e:c 1247.5329943
          b:e:n 578.9952410
          b:e:w 578.9964652
          b:c:n 578.9081287
          b:c:w 578.9069036
          b:n:w 1243.0045579
          e:c:n 4745.8126160
          e:c:w 4745.8186359
          e:n:w 6195.0784981
          c:n:w 5321.1503252
        b:e:c:n 1100.5837067
        b:e:c:w 1100.5849318
        b:e:n:w 1449.0862542
        b:c:n:w 1320.1122967
        e:c:n:w 46266.2256736
