########################################
# legofit: estimate population history #
#       version 2.3.4-4-g53f8760       #
########################################

# Program was compiled: Sep 21 2021 14:36:42
# Program was run: Tue Oct 19 21:30:52 2021

# cmd: legofit -1 -d 0 -t 32 --ptsPerDim 3 --stateOut b1boot19.state --tol 3e-6 -S 5000 bdeg2.lgo ../../chrX/boot_chrX/boot19.opf
# Stage nOptItr nSimReps
#     0    5000        0
# algorithm          : deterministic
# ignoring probs <=  : 0
# Branch length floor: 0
# DE strategy        : 2
#    F               : 0.3
#    CR              : 0.8
#    tolerance       : 3e-06
# nthreads           : 32
# lgo input file     : bdeg2.lgo
# site pat input file: ../../chrX/boot_chrX/boot19.opf
# free parameters    : 15
# points in DE swarm : 45
# output state file  : b1boot19.state
# Including singleton site patterns.
# cost function      : KL
Initial parameter values
Fixed:
      zero = 0
       one = 1
    Tbecnw = 75200
Free:
       pc1 = 0
       pc2 = 0
       pc3 = 0
       pc4 = 0
       pc5 = 0
       pc6 = 0
       pc7 = 0
       pc8 = 0
       pc9 = 0
      pc10 = 0
      pc11 = 0
      pc12 = 0
      pc13 = 0
      pc14 = 0
      pc15 = 0
Constrained:
     Tecnw = 33475.1
       Tnw = 680.452
       Tec = 18.6135
     twoNb = 1.29683e+06
     twoNe = 130385
     twoNc = 233843
     twoNw = 810129
    twoNec = 158161
    twoNnw = 155790
  twoNecnw = 30611.7
  twoNbecnw = 49943.1
        m2 = 0.0128761
        m4 = 0.0015476
        m5 = 0.183631
        m7 = 0.00490365
        Tb = 16746.9
        Td = 9.30673
        Te = 4.65337
        Tg = 2.32668
DiffEv reached_goal. cost=3.06868e-03 spread=2.84469e-06
Fitted parameter values
Free:
       pc1 = 3.92371
       pc2 = 0.409454
       pc3 = 1.67631
       pc4 = 1.76237
       pc5 = 1.63838
       pc6 = -1.90484
       pc7 = -0.502853
       pc8 = 1.05523
       pc9 = -1.02922
      pc10 = -1.37941
      pc11 = 0.373513
      pc12 = -1.99485
      pc13 = 0.52951
      pc14 = 0.359019
      pc15 = -0.188703
Constrained:
     Tecnw = 34060.2
       Tnw = 26.7533
       Tec = 19.9486
     twoNb = 3.08125e+06
     twoNe = 234781
     twoNc = 211333
     twoNw = 921253
    twoNec = 143590
    twoNnw = 156937
  twoNecnw = 29756.9
  twoNbecnw = 49592.5
        m2 = 0.0187055
        m4 = 0.00125809
        m5 = 0.192519
        m7 = 0.00760073
        Tb = 17040.1
        Td = 9.97432
        Te = 4.98716
        Tg = 2.49358
#       SitePat  BranchLen
              b 117342.6501990
              e 43576.5620996
              c 46050.1036158
              n 42864.7464040
              w 42864.5338607
            b:e 1361.5995489
            b:c 1476.9142879
            b:n 1095.0012665
            b:w 1094.9937321
            e:c 11297.5591606
            e:n 4236.7361232
            e:w 4236.9486665
            c:n 3450.3874432
            c:w 3450.3506788
            n:w 12196.7022405
          b:e:c 1271.7694470
          b:e:n 574.1437049
          b:e:w 574.1512394
          b:c:n 574.0111848
          b:c:w 574.0036446
          b:n:w 1267.3184369
          e:c:n 4694.1818280
          e:c:w 4694.2185924
          e:n:w 6224.2102980
          c:n:w 5331.5342079
        b:e:c:n 1096.4016571
        b:e:c:w 1096.4091973
        b:e:n:w 1452.4701504
        b:c:n:w 1329.5167678
        e:c:n:w 45793.9927515
