########################################
# legofit: estimate population history #
#       version 2.3.4-4-g53f8760       #
########################################

# Program was compiled: Sep 21 2021 14:36:42
# Program was run: Tue Oct 19 21:30:52 2021

# cmd: legofit -1 -d 0 -t 32 --ptsPerDim 3 --stateOut b1boot18.state --tol 3e-6 -S 5000 bdeg2.lgo ../../chrX/boot_chrX/boot18.opf
# Stage nOptItr nSimReps
#     0    5000        0
# algorithm          : deterministic
# ignoring probs <=  : 0
# Branch length floor: 0
# DE strategy        : 2
#    F               : 0.3
#    CR              : 0.8
#    tolerance       : 3e-06
# nthreads           : 32
# lgo input file     : bdeg2.lgo
# site pat input file: ../../chrX/boot_chrX/boot18.opf
# free parameters    : 15
# points in DE swarm : 45
# output state file  : b1boot18.state
# Including singleton site patterns.
# cost function      : KL
Initial parameter values
Fixed:
      zero = 0
       one = 1
    Tbecnw = 75200
Free:
       pc1 = 0
       pc2 = 0
       pc3 = 0
       pc4 = 0
       pc5 = 0
       pc6 = 0
       pc7 = 0
       pc8 = 0
       pc9 = 0
      pc10 = 0
      pc11 = 0
      pc12 = 0
      pc13 = 0
      pc14 = 0
      pc15 = 0
Constrained:
     Tecnw = 33475.1
       Tnw = 680.452
       Tec = 18.6135
     twoNb = 1.29683e+06
     twoNe = 130385
     twoNc = 233843
     twoNw = 810129
    twoNec = 158161
    twoNnw = 155790
  twoNecnw = 30611.7
  twoNbecnw = 49943.1
        m2 = 0.0128761
        m4 = 0.0015476
        m5 = 0.183631
        m7 = 0.00490365
        Tb = 16746.9
        Td = 9.30673
        Te = 4.65337
        Tg = 2.32668
DiffEv reached_goal. cost=3.11402e-03 spread=2.55649e-06
Fitted parameter values
Free:
       pc1 = 3.97443
       pc2 = 1.53402
       pc3 = 1.88584
       pc4 = 1.99463
       pc5 = 1.32876
       pc6 = -1.875
       pc7 = -1.75881
       pc8 = 1.83037
       pc9 = -0.149628
      pc10 = 0.511092
      pc11 = 1.34236
      pc12 = 0.268403
      pc13 = -0.0389984
      pc14 = 0.45568
      pc15 = -0.0880429
Constrained:
     Tecnw = 33408.1
       Tnw = 134.308
       Tec = 34.695
     twoNb = 3.13172e+06
     twoNe = 115176
     twoNc = 403490
     twoNw = 842406
    twoNec = 150611
    twoNnw = 171427
  twoNecnw = 29943
  twoNbecnw = 50142.7
        m2 = 0.0218732
        m4 = 0.000754309
        m5 = 0.212644
        m7 = 0.00575378
        Tb = 16721.4
        Td = 17.3475
        Te = 8.67374
        Tg = 4.33687
#       SitePat  BranchLen
              b 117819.3994631
              e 43498.0019914
              c 46091.6086385
              n 42953.9464742
              w 42952.4551982
            b:e 1369.1195676
            b:c 1517.3357343
            b:n 1107.9405516
            b:w 1107.8868327
            e:c 10721.9735241
            e:n 4417.0614680
            e:w 4418.5527440
            c:n 3606.0250050
            c:w 3605.7608500
            n:w 11510.4768293
          b:e:c 1227.7590048
          b:e:n 595.8892704
          b:e:w 595.9429893
          b:c:n 595.8901002
          b:c:w 595.8363359
          b:n:w 1223.0874453
          e:c:n 4772.3085075
          e:c:w 4772.5726626
          e:n:w 6344.1378525
          c:n:w 5377.8251465
        b:e:c:n 1109.3791694
        b:e:c:w 1109.4329337
        b:e:n:w 1489.7397927
        b:c:n:w 1338.1638654
        e:c:n:w 46360.9315783
