########################################
# legofit: estimate population history #
#       version 2.3.4-4-g53f8760       #
########################################

# Program was compiled: Sep 21 2021 14:36:42
# Program was run: Tue Oct 19 21:31:22 2021

# cmd: legofit -1 -d 0 -t 32 --ptsPerDim 3 --stateOut b1boot47.state --tol 3e-6 -S 5000 bdeg2.lgo ../../chrX/boot_chrX/boot47.opf
# Stage nOptItr nSimReps
#     0    5000        0
# algorithm          : deterministic
# ignoring probs <=  : 0
# Branch length floor: 0
# DE strategy        : 2
#    F               : 0.3
#    CR              : 0.8
#    tolerance       : 3e-06
# nthreads           : 32
# lgo input file     : bdeg2.lgo
# site pat input file: ../../chrX/boot_chrX/boot47.opf
# free parameters    : 15
# points in DE swarm : 45
# output state file  : b1boot47.state
# Including singleton site patterns.
# cost function      : KL
Initial parameter values
Fixed:
      zero = 0
       one = 1
    Tbecnw = 75200
Free:
       pc1 = 0
       pc2 = 0
       pc3 = 0
       pc4 = 0
       pc5 = 0
       pc6 = 0
       pc7 = 0
       pc8 = 0
       pc9 = 0
      pc10 = 0
      pc11 = 0
      pc12 = 0
      pc13 = 0
      pc14 = 0
      pc15 = 0
Constrained:
     Tecnw = 33475.1
       Tnw = 680.452
       Tec = 18.6135
     twoNb = 1.29683e+06
     twoNe = 130385
     twoNc = 233843
     twoNw = 810129
    twoNec = 158161
    twoNnw = 155790
  twoNecnw = 30611.7
  twoNbecnw = 49943.1
        m2 = 0.0128761
        m4 = 0.0015476
        m5 = 0.183631
        m7 = 0.00490365
        Tb = 16746.9
        Td = 9.30673
        Te = 4.65337
        Tg = 2.32668
DiffEv reached_goal. cost=3.01573e-03 spread=2.69368e-06
Fitted parameter values
Free:
       pc1 = 3.44641
       pc2 = 1.95512
       pc3 = 1.88357
       pc4 = 1.74745
       pc5 = 1.6923
       pc6 = -0.954454
       pc7 = 0.957983
       pc8 = 1.69368
       pc9 = -1.20346
      pc10 = -0.972564
      pc11 = 1.17992
      pc12 = -0.590727
      pc13 = 0.456905
      pc14 = 0.588817
      pc15 = -0.0916451
Constrained:
     Tecnw = 33588.1
       Tnw = 82.4125
       Tec = 20.185
     twoNb = 2.74718e+06
     twoNe = 239062
     twoNc = 167820
     twoNw = 940228
    twoNec = 146304
    twoNnw = 163412
  twoNecnw = 29771.4
  twoNbecnw = 48065.8
        m2 = 0.0196281
        m4 = 0.000756692
        m5 = 0.20369
        m7 = 0.00512805
        Tb = 16804.1
        Td = 10.0925
        Te = 5.04626
        Tg = 2.52313
#       SitePat  BranchLen
              b 116137.2863377
              e 43143.7981260
              c 45734.4115949
              n 42661.9591316
              w 42661.1770673
            b:e 1283.8813708
            b:c 1426.0139451
            b:n 1053.4642186
            b:w 1053.4373362
            e:c 10903.5219054
            e:n 4285.1942589
            e:w 4285.9763233
            c:n 3475.5336145
            c:w 3475.3979065
            n:w 11698.8610800
          b:e:c 1192.7786780
          b:e:n 558.7753826
          b:e:w 558.8022650
          b:c:n 558.7497379
          b:c:w 558.7228323
          b:n:w 1188.0591169
          e:c:n 4663.4046544
          e:c:w 4663.5403625
          e:n:w 6164.5257405
          c:n:w 5197.6711407
        b:e:c:n 1054.8864799
        b:e:c:w 1054.9133856
        b:e:n:w 1398.4616810
        b:c:n:w 1252.9143762
        e:c:n:w 45118.6865299
