########################################
# legofit: estimate population history #
#       version 2.3.4-4-g53f8760       #
########################################

# Program was compiled: Sep 21 2021 14:36:42
# Program was run: Tue Oct 19 21:30:30 2021

# cmd: legofit -1 -d 0 -t 32 --ptsPerDim 3 --stateOut b1boot4.state --tol 3e-6 -S 5000 bdeg2.lgo ../../chrX/boot_chrX/boot4.opf
# Stage nOptItr nSimReps
#     0    5000        0
# algorithm          : deterministic
# ignoring probs <=  : 0
# Branch length floor: 0
# DE strategy        : 2
#    F               : 0.3
#    CR              : 0.8
#    tolerance       : 3e-06
# nthreads           : 32
# lgo input file     : bdeg2.lgo
# site pat input file: ../../chrX/boot_chrX/boot4.opf
# free parameters    : 15
# points in DE swarm : 45
# output state file  : b1boot4.state
# Including singleton site patterns.
# cost function      : KL
Initial parameter values
Fixed:
      zero = 0
       one = 1
    Tbecnw = 75200
Free:
       pc1 = 0
       pc2 = 0
       pc3 = 0
       pc4 = 0
       pc5 = 0
       pc6 = 0
       pc7 = 0
       pc8 = 0
       pc9 = 0
      pc10 = 0
      pc11 = 0
      pc12 = 0
      pc13 = 0
      pc14 = 0
      pc15 = 0
Constrained:
     Tecnw = 33475.1
       Tnw = 680.452
       Tec = 18.6135
     twoNb = 1.29683e+06
     twoNe = 130385
     twoNc = 233843
     twoNw = 810129
    twoNec = 158161
    twoNnw = 155790
  twoNecnw = 30611.7
  twoNbecnw = 49943.1
        m2 = 0.0128761
        m4 = 0.0015476
        m5 = 0.183631
        m7 = 0.00490365
        Tb = 16746.9
        Td = 9.30673
        Te = 4.65337
        Tg = 2.32668
DiffEv reached_goal. cost=3.03523e-03 spread=2.98499e-06
Fitted parameter values
Free:
       pc1 = 3.99118
       pc2 = -1.211
       pc3 = 1.78632
       pc4 = 1.94621
       pc5 = 0.487352
       pc6 = -1.91966
       pc7 = -1.13353
       pc8 = 1.9618
       pc9 = -0.478372
      pc10 = -0.420159
      pc11 = -0.148442
      pc12 = -0.388501
      pc13 = -0.284842
      pc14 = -0.0449628
      pc15 = -0.00296637
Constrained:
     Tecnw = 33920.6
       Tnw = 66.0795
       Tec = 23.2442
     twoNb = 2.90344e+06
     twoNe = 99133.6
     twoNc = 308035
     twoNw = 1.16988e+06
    twoNec = 145757
    twoNnw = 165672
  twoNecnw = 29867.5
  twoNbecnw = 50930.1
        m2 = 0.0157359
        m4 = 0.00295446
        m5 = 0.207195
        m7 = 0.00706051
        Tb = 16971.9
        Td = 11.6221
        Te = 5.81105
        Tg = 2.90553
#       SitePat  BranchLen
              b 118509.2242742
              e 43507.0666752
              c 46139.4407466
              n 43132.2748704
              w 43131.7717511
            b:e 1360.1003134
            b:c 1508.6348725
            b:n 1135.6804820
            b:w 1135.6620778
            e:c 11113.9676220
            e:n 4374.8898878
            e:w 4375.3930071
            c:n 3551.0527445
            c:w 3550.9641200
            n:w 11854.7647297
          b:e:c 1277.7348604
          b:e:n 600.8281793
          b:e:w 600.8465836
          b:c:n 600.7781013
          b:c:w 600.7596828
          b:n:w 1273.6211127
          e:c:n 4811.0103750
          e:c:w 4811.0989995
          e:n:w 6285.2055427
          c:n:w 5305.1550459
        b:e:c:n 1137.0752870
        b:e:c:w 1137.0937055
        b:e:n:w 1482.4298048
        b:c:n:w 1329.9746803
        e:c:n:w 46815.7031743
