########################################
# legofit: estimate population history #
#       version 2.3.4-4-g53f8760       #
########################################

# Program was compiled: Sep 21 2021 14:36:42
# Program was run: Tue Oct 19 21:30:45 2021

# cmd: legofit -1 -d 0 -t 32 --ptsPerDim 3 --stateOut b1boot15.state --tol 3e-6 -S 5000 bdeg2.lgo ../../chrX/boot_chrX/boot15.opf
# Stage nOptItr nSimReps
#     0    5000        0
# algorithm          : deterministic
# ignoring probs <=  : 0
# Branch length floor: 0
# DE strategy        : 2
#    F               : 0.3
#    CR              : 0.8
#    tolerance       : 3e-06
# nthreads           : 32
# lgo input file     : bdeg2.lgo
# site pat input file: ../../chrX/boot_chrX/boot15.opf
# free parameters    : 15
# points in DE swarm : 45
# output state file  : b1boot15.state
# Including singleton site patterns.
# cost function      : KL
Initial parameter values
Fixed:
      zero = 0
       one = 1
    Tbecnw = 75200
Free:
       pc1 = 0
       pc2 = 0
       pc3 = 0
       pc4 = 0
       pc5 = 0
       pc6 = 0
       pc7 = 0
       pc8 = 0
       pc9 = 0
      pc10 = 0
      pc11 = 0
      pc12 = 0
      pc13 = 0
      pc14 = 0
      pc15 = 0
Constrained:
     Tecnw = 33475.1
       Tnw = 680.452
       Tec = 18.6135
     twoNb = 1.29683e+06
     twoNe = 130385
     twoNc = 233843
     twoNw = 810129
    twoNec = 158161
    twoNnw = 155790
  twoNecnw = 30611.7
  twoNbecnw = 49943.1
        m2 = 0.0128761
        m4 = 0.0015476
        m5 = 0.183631
        m7 = 0.00490365
        Tb = 16746.9
        Td = 9.30673
        Te = 4.65337
        Tg = 2.32668
DiffEv reached_goal. cost=2.81909e-03 spread=2.87753e-06
Fitted parameter values
Free:
       pc1 = 3.68767
       pc2 = -1.55868
       pc3 = 1.47714
       pc4 = 0.496288
       pc5 = -0.625884
       pc6 = -1.98851
       pc7 = -1.99113
       pc8 = -0.62057
       pc9 = -1.44771
      pc10 = 0.16823
      pc11 = 0.064419
      pc12 = -0.076163
      pc13 = 0.279627
      pc14 = -0.480903
      pc15 = -0.0520474
Constrained:
     Tecnw = 34028.6
       Tnw = 26.8801
       Tec = 5.22518
     twoNb = 2.29515e+06
     twoNe = 122059
     twoNc = 146049
     twoNw = 979822
    twoNec = 149263
    twoNnw = 165391
  twoNecnw = 30766
  twoNbecnw = 51624.5
        m2 = 0.0173806
        m4 = 0.00258215
        m5 = 0.20514
        m7 = 0.00986688
        Tb = 17016.9
        Td = 2.61259
        Te = 1.30629
        Tg = 0.653147
#       SitePat  BranchLen
              b 118692.4516388
              e 44291.6841926
              c 46813.3361950
              n 43568.4554862
              w 43568.2008906
            b:e 1495.0506444
            b:c 1608.5155928
            b:n 1198.0185909
            b:w 1198.0088543
            e:c 11227.9735718
            e:n 4470.2426017
            e:w 4470.4971973
            c:n 3661.9561129
            c:w 3661.9107815
            n:w 12149.1427195
          b:e:c 1353.3911443
          b:e:n 638.6006117
          b:e:w 638.6103483
          b:c:n 638.3470740
          b:c:w 638.3373273
          b:n:w 1347.3626680
          e:c:n 4888.9606204
          e:c:w 4889.0059519
          e:n:w 6446.9085920
          c:n:w 5555.7290397
        b:e:c:n 1200.1728223
        b:e:c:w 1200.1825690
        b:e:n:w 1573.9218636
        b:c:n:w 1447.3839283
        e:c:n:w 46083.1529466
