########################################
# legofit: estimate population history #
#       version 2.3.4-4-g53f8760       #
########################################

# Program was compiled: Sep 21 2021 14:36:42
# Program was run: Tue Oct 19 21:31:15 2021

# cmd: legofit -1 -d 0 -t 32 --ptsPerDim 3 --stateOut b1boot37.state --tol 3e-6 -S 5000 bdeg2.lgo ../../chrX/boot_chrX/boot37.opf
# Stage nOptItr nSimReps
#     0    5000        0
# algorithm          : deterministic
# ignoring probs <=  : 0
# Branch length floor: 0
# DE strategy        : 2
#    F               : 0.3
#    CR              : 0.8
#    tolerance       : 3e-06
# nthreads           : 32
# lgo input file     : bdeg2.lgo
# site pat input file: ../../chrX/boot_chrX/boot37.opf
# free parameters    : 15
# points in DE swarm : 45
# output state file  : b1boot37.state
# Including singleton site patterns.
# cost function      : KL
Initial parameter values
Fixed:
      zero = 0
       one = 1
    Tbecnw = 75200
Free:
       pc1 = 0
       pc2 = 0
       pc3 = 0
       pc4 = 0
       pc5 = 0
       pc6 = 0
       pc7 = 0
       pc8 = 0
       pc9 = 0
      pc10 = 0
      pc11 = 0
      pc12 = 0
      pc13 = 0
      pc14 = 0
      pc15 = 0
Constrained:
     Tecnw = 33475.1
       Tnw = 680.452
       Tec = 18.6135
     twoNb = 1.29683e+06
     twoNe = 130385
     twoNc = 233843
     twoNw = 810129
    twoNec = 158161
    twoNnw = 155790
  twoNecnw = 30611.7
  twoNbecnw = 49943.1
        m2 = 0.0128761
        m4 = 0.0015476
        m5 = 0.183631
        m7 = 0.00490365
        Tb = 16746.9
        Td = 9.30673
        Te = 4.65337
        Tg = 2.32668
DiffEv reached_goal. cost=2.85415e-03 spread=2.70614e-06
Fitted parameter values
Free:
       pc1 = 3.99941
       pc2 = 0.200442
       pc3 = 1.86932
       pc4 = 0.668468
       pc5 = 0.826111
       pc6 = -1.90902
       pc7 = -1.92908
       pc8 = 1.59706
       pc9 = -0.84451
      pc10 = 0.284239
      pc11 = 0.380958
      pc12 = -0.63707
      pc13 = 0.129691
      pc14 = 0.944116
      pc15 = 0.422305
Constrained:
     Tecnw = 33790.5
       Tnw = 22.0871
       Tec = 30.671
     twoNb = 3.12652e+06
     twoNe = 228449
     twoNc = 355694
     twoNw = 916671
    twoNec = 149318
    twoNnw = 172802
  twoNecnw = 30263.2
  twoNbecnw = 50570.8
        m2 = 0.0172281
        m4 = 0.00107631
        m5 = 0.202585
        m7 = 0.00760285
        Tb = 16910.6
        Td = 15.3355
        Te = 7.66776
        Tg = 3.83388
#       SitePat  BranchLen
              b 118073.7510876
              e 43811.0327598
              c 46189.2283681
              n 43427.6920719
              w 43427.5408820
            b:e 1390.8060166
            b:c 1500.0890592
            b:n 1151.9184318
            b:w 1151.9128534
            e:c 11038.6921458
            e:n 4395.3124856
            e:w 4395.4636755
            c:n 3627.9648639
            c:w 3627.9380257
            n:w 11697.6600032
          b:e:c 1277.1000255
          b:e:n 612.0136295
          b:e:w 612.0192079
          b:c:n 611.8620797
          b:c:w 611.8564976
          b:n:w 1273.0904091
          e:c:n 4858.5949238
          e:c:w 4858.6217620
          e:n:w 6221.4425226
          c:n:w 5386.5474341
        b:e:c:n 1153.2820343
        b:e:c:w 1153.2876165
        b:e:n:w 1477.6839467
        b:c:n:w 1360.2879160
        e:c:n:w 46155.6080593
