########################################
# legofit: estimate population history #
#       version 2.3.4-4-g53f8760       #
########################################

# Program was compiled: Sep 21 2021 14:36:42
# Program was run: Tue Oct 19 21:30:37 2021

# cmd: legofit -1 -d 0 -t 32 --ptsPerDim 3 --stateOut b1boot9.state --tol 3e-6 -S 5000 bdeg2.lgo ../../chrX/boot_chrX/boot9.opf
# Stage nOptItr nSimReps
#     0    5000        0
# algorithm          : deterministic
# ignoring probs <=  : 0
# Branch length floor: 0
# DE strategy        : 2
#    F               : 0.3
#    CR              : 0.8
#    tolerance       : 3e-06
# nthreads           : 32
# lgo input file     : bdeg2.lgo
# site pat input file: ../../chrX/boot_chrX/boot9.opf
# free parameters    : 15
# points in DE swarm : 45
# output state file  : b1boot9.state
# Including singleton site patterns.
# cost function      : KL
Initial parameter values
Fixed:
      zero = 0
       one = 1
    Tbecnw = 75200
Free:
       pc1 = 0
       pc2 = 0
       pc3 = 0
       pc4 = 0
       pc5 = 0
       pc6 = 0
       pc7 = 0
       pc8 = 0
       pc9 = 0
      pc10 = 0
      pc11 = 0
      pc12 = 0
      pc13 = 0
      pc14 = 0
      pc15 = 0
Constrained:
     Tecnw = 33475.1
       Tnw = 680.452
       Tec = 18.6135
     twoNb = 1.29683e+06
     twoNe = 130385
     twoNc = 233843
     twoNw = 810129
    twoNec = 158161
    twoNnw = 155790
  twoNecnw = 30611.7
  twoNbecnw = 49943.1
        m2 = 0.0128761
        m4 = 0.0015476
        m5 = 0.183631
        m7 = 0.00490365
        Tb = 16746.9
        Td = 9.30673
        Te = 4.65337
        Tg = 2.32668
DiffEv reached_goal. cost=2.99595e-03 spread=2.39819e-06
Fitted parameter values
Free:
       pc1 = 3.99372
       pc2 = 0.514382
       pc3 = 1.50968
       pc4 = 1.95729
       pc5 = 1.17865
       pc6 = -1.95522
       pc7 = -0.295635
       pc8 = 1.83791
       pc9 = -1.09196
      pc10 = -0.483553
      pc11 = 0.258076
      pc12 = -1.66704
      pc13 = 0.0938401
      pc14 = 0.99657
      pc15 = 0.22611
Constrained:
     Tecnw = 33912.6
       Tnw = 24.5374
       Tec = 28.261
     twoNb = 3.12233e+06
     twoNe = 198316
     twoNc = 251268
     twoNw = 1.1146e+06
    twoNec = 145165
    twoNnw = 163978
  twoNecnw = 29732.2
  twoNbecnw = 49591.7
        m2 = 0.0170594
        m4 = 0.000268627
        m5 = 0.197294
        m7 = 0.00717211
        Tb = 16970.4
        Td = 14.1305
        Te = 7.06526
        Tg = 3.53263
#       SitePat  BranchLen
              b 117424.2023210
              e 43437.4070115
              c 45824.9568170
              n 42987.2053122
              w 42987.0602588
            b:e 1333.4858619
            b:c 1434.0561081
            b:n 1098.4328729
            b:w 1098.4277266
            e:c 11148.5756432
            e:n 4269.2411752
            e:w 4269.3862286
            c:n 3497.4307321
            c:w 3497.4054312
            n:w 11867.7616484
          b:e:c 1246.7791532
          b:e:n 577.6082510
          b:e:w 577.6133973
          b:c:n 577.4451413
          b:c:w 577.4399917
          b:n:w 1242.8888417
          e:c:n 4742.5148411
          e:c:w 4742.5401420
          e:n:w 6114.6582001
          c:n:w 5280.2110852
        b:e:c:n 1099.6740451
        b:e:c:w 1099.6791947
        b:e:n:w 1413.6361795
        b:c:n:w 1304.0909983
        e:c:n:w 46032.6607601
