########################################
# legofit: estimate population history #
#       version 2.3.4-4-g53f8760       #
########################################

# Program was compiled: Sep 21 2021 14:36:42
# Program was run: Tue Oct 19 21:31:22 2021

# cmd: legofit -1 -d 0 -t 32 --ptsPerDim 3 --stateOut b1boot44.state --tol 3e-6 -S 5000 bdeg2.lgo ../../chrX/boot_chrX/boot44.opf
# Stage nOptItr nSimReps
#     0    5000        0
# algorithm          : deterministic
# ignoring probs <=  : 0
# Branch length floor: 0
# DE strategy        : 2
#    F               : 0.3
#    CR              : 0.8
#    tolerance       : 3e-06
# nthreads           : 32
# lgo input file     : bdeg2.lgo
# site pat input file: ../../chrX/boot_chrX/boot44.opf
# free parameters    : 15
# points in DE swarm : 45
# output state file  : b1boot44.state
# Including singleton site patterns.
# cost function      : KL
Initial parameter values
Fixed:
      zero = 0
       one = 1
    Tbecnw = 75200
Free:
       pc1 = 0
       pc2 = 0
       pc3 = 0
       pc4 = 0
       pc5 = 0
       pc6 = 0
       pc7 = 0
       pc8 = 0
       pc9 = 0
      pc10 = 0
      pc11 = 0
      pc12 = 0
      pc13 = 0
      pc14 = 0
      pc15 = 0
Constrained:
     Tecnw = 33475.1
       Tnw = 680.452
       Tec = 18.6135
     twoNb = 1.29683e+06
     twoNe = 130385
     twoNc = 233843
     twoNw = 810129
    twoNec = 158161
    twoNnw = 155790
  twoNecnw = 30611.7
  twoNbecnw = 49943.1
        m2 = 0.0128761
        m4 = 0.0015476
        m5 = 0.183631
        m7 = 0.00490365
        Tb = 16746.9
        Td = 9.30673
        Te = 4.65337
        Tg = 2.32668
DiffEv reached_goal. cost=2.97010e-03 spread=2.91259e-06
Fitted parameter values
Free:
       pc1 = 3.98714
       pc2 = 0.942183
       pc3 = 1.98581
       pc4 = 1.55522
       pc5 = 1.10817
       pc6 = -1.74241
       pc7 = -1.62288
       pc8 = 1.61304
       pc9 = -1.80828
      pc10 = -0.577882
      pc11 = 0.881101
      pc12 = -1.01654
      pc13 = -0.107269
      pc14 = 0.0278034
      pc15 = -0.333751
Constrained:
     Tecnw = 33478.9
       Tnw = 52.996
       Tec = 18.5662
     twoNb = 3.06723e+06
     twoNe = 288474
     twoNc = 328161
     twoNw = 1.03811e+06
    twoNec = 144948
    twoNnw = 163910
  twoNecnw = 30047.4
  twoNbecnw = 50117
        m2 = 0.0208945
        m4 = 0.00120306
        m5 = 0.203985
        m7 = 0.00743308
        Tb = 16748.8
        Td = 9.28312
        Te = 4.64156
        Tg = 2.32078
#       SitePat  BranchLen
              b 117760.6999238
              e 43438.7352579
              c 45958.1455336
              n 42810.7049058
              w 42810.2604090
            b:e 1387.0618629
            b:c 1513.8310799
            b:n 1109.2772805
            b:w 1109.2612625
            e:c 11039.3685880
            e:n 4351.1495778
            e:w 4351.5940746
            c:n 3554.2294817
            c:w 3554.1510391
            n:w 11858.0809242
          b:e:c 1256.9611787
          b:e:n 589.2174361
          b:e:w 589.2334541
          b:c:n 589.1169447
          b:c:w 589.1009132
          b:n:w 1252.1014476
          e:c:n 4763.5698952
          e:c:w 4763.6483378
          e:n:w 6329.2303325
          c:n:w 5410.9027824
        b:e:c:n 1110.8155395
        b:e:c:w 1110.8315711
        b:e:n:w 1486.2763368
        b:c:n:w 1353.0205582
        e:c:n:w 46239.1133465
