########################################
# legofit: estimate population history #
#       version 2.3.4-4-g53f8760       #
########################################

# Program was compiled: Sep 21 2021 14:36:42
# Program was run: Tue Oct 19 21:30:52 2021

# cmd: legofit -1 -d 0 -t 32 --ptsPerDim 3 --stateOut b1boot20.state --tol 3e-6 -S 5000 bdeg2.lgo ../../chrX/boot_chrX/boot20.opf
# Stage nOptItr nSimReps
#     0    5000        0
# algorithm          : deterministic
# ignoring probs <=  : 0
# Branch length floor: 0
# DE strategy        : 2
#    F               : 0.3
#    CR              : 0.8
#    tolerance       : 3e-06
# nthreads           : 32
# lgo input file     : bdeg2.lgo
# site pat input file: ../../chrX/boot_chrX/boot20.opf
# free parameters    : 15
# points in DE swarm : 45
# output state file  : b1boot20.state
# Including singleton site patterns.
# cost function      : KL
Initial parameter values
Fixed:
      zero = 0
       one = 1
    Tbecnw = 75200
Free:
       pc1 = 0
       pc2 = 0
       pc3 = 0
       pc4 = 0
       pc5 = 0
       pc6 = 0
       pc7 = 0
       pc8 = 0
       pc9 = 0
      pc10 = 0
      pc11 = 0
      pc12 = 0
      pc13 = 0
      pc14 = 0
      pc15 = 0
Constrained:
     Tecnw = 33475.1
       Tnw = 680.452
       Tec = 18.6135
     twoNb = 1.29683e+06
     twoNe = 130385
     twoNc = 233843
     twoNw = 810129
    twoNec = 158161
    twoNnw = 155790
  twoNecnw = 30611.7
  twoNbecnw = 49943.1
        m2 = 0.0128761
        m4 = 0.0015476
        m5 = 0.183631
        m7 = 0.00490365
        Tb = 16746.9
        Td = 9.30673
        Te = 4.65337
        Tg = 2.32668
DiffEv reached_goal. cost=3.02803e-03 spread=2.16887e-06
Fitted parameter values
Free:
       pc1 = 3.96304
       pc2 = 0.816141
       pc3 = 1.9303
       pc4 = 1.79943
       pc5 = 1.66779
       pc6 = -1.98633
       pc7 = -1.43067
       pc8 = 1.38715
       pc9 = -1.73157
      pc10 = 0.144386
      pc11 = 0.946021
      pc12 = -1.38507
      pc13 = 0.377969
      pc14 = 0.161727
      pc15 = -0.33239
Constrained:
     Tecnw = 33549.7
       Tnw = 51.4654
       Tec = 28.3942
     twoNb = 3.1131e+06
     twoNe = 229670
     twoNc = 368891
     twoNw = 1.00088e+06
    twoNec = 146471
    twoNnw = 163439
  twoNecnw = 29961.6
  twoNbecnw = 49748.4
        m2 = 0.0211869
        m4 = 0.000940727
        m5 = 0.201396
        m7 = 0.00870618
        Tb = 16789
        Td = 14.1971
        Te = 7.09855
        Tg = 3.54928
#       SitePat  BranchLen
              b 117436.9981996
              e 43589.0249140
              c 46006.5015851
              n 42806.3147779
              w 42805.8979698
            b:e 1398.5104277
            b:c 1501.4729786
            b:n 1097.4507327
            b:w 1097.4358518
            e:c 10980.2697230
            e:n 4322.4091085
            e:w 4322.8259166
            c:n 3543.8013407
            c:w 3543.7281529
            n:w 11864.9450339
          b:e:c 1246.8964601
          b:e:n 584.1032258
          b:e:w 584.1181067
          b:c:n 583.9437518
          b:c:w 583.9288584
          b:n:w 1242.0184096
          e:c:n 4726.4453402
          e:c:w 4726.5185280
          e:n:w 6296.4136300
          c:n:w 5446.4019847
        b:e:c:n 1099.0095070
        b:e:c:w 1099.0244004
        b:e:n:w 1474.6857681
        b:c:n:w 1362.3124452
        e:c:n:w 45941.6540674
