########################################
# legofit: estimate population history #
#       version 2.3.4-4-g53f8760       #
########################################

# Program was compiled: Sep 21 2021 14:36:42
# Program was run: Tue Oct 19 21:31:08 2021

# cmd: legofit -1 -d 0 -t 32 --ptsPerDim 3 --stateOut b1boot33.state --tol 3e-6 -S 5000 bdeg2.lgo ../../chrX/boot_chrX/boot33.opf
# Stage nOptItr nSimReps
#     0    5000        0
# algorithm          : deterministic
# ignoring probs <=  : 0
# Branch length floor: 0
# DE strategy        : 2
#    F               : 0.3
#    CR              : 0.8
#    tolerance       : 3e-06
# nthreads           : 32
# lgo input file     : bdeg2.lgo
# site pat input file: ../../chrX/boot_chrX/boot33.opf
# free parameters    : 15
# points in DE swarm : 45
# output state file  : b1boot33.state
# Including singleton site patterns.
# cost function      : KL
Initial parameter values
Fixed:
      zero = 0
       one = 1
    Tbecnw = 75200
Free:
       pc1 = 0
       pc2 = 0
       pc3 = 0
       pc4 = 0
       pc5 = 0
       pc6 = 0
       pc7 = 0
       pc8 = 0
       pc9 = 0
      pc10 = 0
      pc11 = 0
      pc12 = 0
      pc13 = 0
      pc14 = 0
      pc15 = 0
Constrained:
     Tecnw = 33475.1
       Tnw = 680.452
       Tec = 18.6135
     twoNb = 1.29683e+06
     twoNe = 130385
     twoNc = 233843
     twoNw = 810129
    twoNec = 158161
    twoNnw = 155790
  twoNecnw = 30611.7
  twoNbecnw = 49943.1
        m2 = 0.0128761
        m4 = 0.0015476
        m5 = 0.183631
        m7 = 0.00490365
        Tb = 16746.9
        Td = 9.30673
        Te = 4.65337
        Tg = 2.32668
DiffEv reached_goal. cost=2.98853e-03 spread=2.40297e-06
Fitted parameter values
Free:
       pc1 = 3.38132
       pc2 = -0.271497
       pc3 = 1.36743
       pc4 = 1.83809
       pc5 = 1.30082
       pc6 = -1.98716
       pc7 = -1.52976
       pc8 = 0.584867
       pc9 = 0.582772
      pc10 = -0.529549
      pc11 = 0.269256
      pc12 = -1.9878
      pc13 = -0.58607
      pc14 = -0.186163
      pc15 = -0.176474
Constrained:
     Tecnw = 33740.8
       Tnw = 36.4982
       Tec = 22.6226
     twoNb = 2.88576e+06
     twoNe = 89740.7
     twoNc = 275752
     twoNw = 746484
    twoNec = 147311
    twoNnw = 157580
  twoNecnw = 29615.2
  twoNbecnw = 51125.9
        m2 = 0.0174723
        m4 = 0.00147439
        m5 = 0.187079
        m7 = 0.00752091
        Tb = 16881.7
        Td = 11.3113
        Te = 5.65564
        Tg = 2.82782
#       SitePat  BranchLen
              b 118775.4728436
              e 43499.3346597
              c 45857.7447318
              n 42688.5588088
              w 42688.1989029
            b:e 1383.7531767
            b:c 1492.6260853
            b:n 1110.7317246
            b:w 1110.7187134
            e:c 11178.2827400
            e:n 4248.5546845
            e:w 4248.9145904
            c:n 3498.8309012
            c:w 3498.7676487
            n:w 12116.6104153
          b:e:c 1280.5251849
          b:e:n 585.3636129
          b:e:w 585.3766241
          b:c:n 585.2264440
          b:c:w 585.2134227
          b:n:w 1276.0115184
          e:c:n 4746.5365944
          e:c:w 4746.5998469
          e:n:w 6259.0982656
          c:n:w 5408.9967701
        b:e:c:n 1112.1820348
        b:e:c:w 1112.1950561
        b:e:n:w 1467.0256862
        b:c:n:w 1350.0152965
        e:c:n:w 47358.6946670
