########################################
# legofit: estimate population history #
#       version 2.3.4-4-g53f8760       #
########################################

# Program was compiled: Sep 21 2021 14:36:42
# Program was run: Tue Oct 19 21:31:15 2021

# cmd: legofit -1 -d 0 -t 32 --ptsPerDim 3 --stateOut b1boot38.state --tol 3e-6 -S 5000 bdeg2.lgo ../../chrX/boot_chrX/boot38.opf
# Stage nOptItr nSimReps
#     0    5000        0
# algorithm          : deterministic
# ignoring probs <=  : 0
# Branch length floor: 0
# DE strategy        : 2
#    F               : 0.3
#    CR              : 0.8
#    tolerance       : 3e-06
# nthreads           : 32
# lgo input file     : bdeg2.lgo
# site pat input file: ../../chrX/boot_chrX/boot38.opf
# free parameters    : 15
# points in DE swarm : 45
# output state file  : b1boot38.state
# Including singleton site patterns.
# cost function      : KL
Initial parameter values
Fixed:
      zero = 0
       one = 1
    Tbecnw = 75200
Free:
       pc1 = 0
       pc2 = 0
       pc3 = 0
       pc4 = 0
       pc5 = 0
       pc6 = 0
       pc7 = 0
       pc8 = 0
       pc9 = 0
      pc10 = 0
      pc11 = 0
      pc12 = 0
      pc13 = 0
      pc14 = 0
      pc15 = 0
Constrained:
     Tecnw = 33475.1
       Tnw = 680.452
       Tec = 18.6135
     twoNb = 1.29683e+06
     twoNe = 130385
     twoNc = 233843
     twoNw = 810129
    twoNec = 158161
    twoNnw = 155790
  twoNecnw = 30611.7
  twoNbecnw = 49943.1
        m2 = 0.0128761
        m4 = 0.0015476
        m5 = 0.183631
        m7 = 0.00490365
        Tb = 16746.9
        Td = 9.30673
        Te = 4.65337
        Tg = 2.32668
DiffEv reached_goal. cost=3.16242e-03 spread=2.99863e-06
Fitted parameter values
Free:
       pc1 = 3.94061
       pc2 = 0.300141
       pc3 = 1.92642
       pc4 = 1.76933
       pc5 = 1.48136
       pc6 = -1.98346
       pc7 = -0.960127
       pc8 = 1.93938
       pc9 = -0.387229
      pc10 = 0.137976
      pc11 = 1.3732
      pc12 = -1.42293
      pc13 = -0.591451
      pc14 = 0.584692
      pc15 = -0.029298
Constrained:
     Tecnw = 33440
       Tnw = 118.15
       Tec = 27.0319
     twoNb = 3.23846e+06
     twoNe = 181492
     twoNc = 284632
     twoNw = 938911
    twoNec = 149583
    twoNnw = 166736
  twoNecnw = 29515.5
  twoNbecnw = 50131.8
        m2 = 0.0180005
        m4 = 0.000975922
        m5 = 0.202676
        m7 = 0.00751856
        Tb = 16733.5
        Td = 13.5159
        Te = 6.75797
        Tg = 3.37898
#       SitePat  BranchLen
              b 118007.4900488
              e 43282.7949390
              c 45669.9043587
              n 42680.8708113
              w 42679.7509365
            b:e 1340.8842481
            b:c 1447.0379264
            b:n 1083.6051313
            b:w 1083.5654773
            e:c 10784.4542963
            e:n 4310.5264150
            e:w 4311.6462898
            c:n 3543.1813681
            c:w 3542.9838743
            n:w 11579.2114584
          b:e:c 1211.7601255
          b:e:n 578.1172181
          b:e:w 578.1568721
          b:c:n 578.0184470
          b:c:w 577.9787657
          b:n:w 1207.8493150
          e:c:n 4732.9019794
          e:c:w 4733.0994733
          e:n:w 6187.3651146
          c:n:w 5344.1450915
        b:e:c:n 1084.8480401
        b:e:c:w 1084.8877214
        b:e:n:w 1424.5610780
        b:c:n:w 1310.8023429
        e:c:n:w 46953.5589470
