########################################
# legofit: estimate population history #
#       version 2.3.4-4-g53f8760       #
########################################

# Program was compiled: Sep 21 2021 14:36:42
# Program was run: Tue Oct 19 21:31:15 2021

# cmd: legofit -1 -d 0 -t 32 --ptsPerDim 3 --stateOut b1boot39.state --tol 3e-6 -S 5000 bdeg2.lgo ../../chrX/boot_chrX/boot39.opf
# Stage nOptItr nSimReps
#     0    5000        0
# algorithm          : deterministic
# ignoring probs <=  : 0
# Branch length floor: 0
# DE strategy        : 2
#    F               : 0.3
#    CR              : 0.8
#    tolerance       : 3e-06
# nthreads           : 32
# lgo input file     : bdeg2.lgo
# site pat input file: ../../chrX/boot_chrX/boot39.opf
# free parameters    : 15
# points in DE swarm : 45
# output state file  : b1boot39.state
# Including singleton site patterns.
# cost function      : KL
Initial parameter values
Fixed:
      zero = 0
       one = 1
    Tbecnw = 75200
Free:
       pc1 = 0
       pc2 = 0
       pc3 = 0
       pc4 = 0
       pc5 = 0
       pc6 = 0
       pc7 = 0
       pc8 = 0
       pc9 = 0
      pc10 = 0
      pc11 = 0
      pc12 = 0
      pc13 = 0
      pc14 = 0
      pc15 = 0
Constrained:
     Tecnw = 33475.1
       Tnw = 680.452
       Tec = 18.6135
     twoNb = 1.29683e+06
     twoNe = 130385
     twoNc = 233843
     twoNw = 810129
    twoNec = 158161
    twoNnw = 155790
  twoNecnw = 30611.7
  twoNbecnw = 49943.1
        m2 = 0.0128761
        m4 = 0.0015476
        m5 = 0.183631
        m7 = 0.00490365
        Tb = 16746.9
        Td = 9.30673
        Te = 4.65337
        Tg = 2.32668
DiffEv reached_goal. cost=2.97427e-03 spread=2.28131e-06
Fitted parameter values
Free:
       pc1 = 3.99131
       pc2 = 0.0583262
       pc3 = 1.67787
       pc4 = 1.95946
       pc5 = 1.47712
       pc6 = -1.36882
       pc7 = -1.18446
       pc8 = 1.6617
       pc9 = -1.04046
      pc10 = 0.517283
      pc11 = 0.715948
      pc12 = -1.47674
      pc13 = -0.0810359
      pc14 = 0.407099
      pc15 = 0.0912595
Constrained:
     Tecnw = 33611.2
       Tnw = 26.3701
       Tec = 24.5439
     twoNb = 2.94029e+06
     twoNe = 171070
     twoNc = 439015
     twoNw = 1.016e+06
    twoNec = 147539
    twoNnw = 167055
  twoNecnw = 29703.8
  twoNbecnw = 49998.3
        m2 = 0.0179958
        m4 = 0.000908507
        m5 = 0.200806
        m7 = 0.00848051
        Tb = 16817.9
        Td = 12.2719
        Te = 6.13597
        Tg = 3.06799
#       SitePat  BranchLen
              b 117783.4477823
              e 43453.8976488
              c 45792.7213532
              n 42876.1789737
              w 42875.9919521
            b:e 1364.7926482
            b:c 1456.6139528
            b:n 1097.2300631
            b:w 1097.2234022
            e:c 10935.8885885
            e:n 4305.7454494
            e:w 4305.9324710
            c:n 3544.2147609
            c:w 3544.1818717
            n:w 11696.5921569
          b:e:c 1232.5548558
          b:e:n 582.6049799
          b:e:w 582.6116408
          b:c:n 582.4132174
          b:c:w 582.4065515
          b:n:w 1228.1335346
          e:c:n 4750.2347659
          e:c:w 4750.2676551
          e:n:w 6174.5815171
          c:n:w 5370.0207853
        b:e:c:n 1098.6869316
        b:e:c:w 1098.6935975
        b:e:n:w 1432.2617512
        b:c:n:w 1329.8556138
        e:c:n:w 46480.7760218
