########################################
# legofit: estimate population history #
#       version 2.3.4-4-g53f8760       #
########################################

# Program was compiled: Sep 21 2021 14:36:42
# Program was run: Tue Oct 19 21:31:01 2021

# cmd: legofit -1 -d 0 -t 32 --ptsPerDim 3 --stateOut b1boot29.state --tol 3e-6 -S 5000 bdeg2.lgo ../../chrX/boot_chrX/boot29.opf
# Stage nOptItr nSimReps
#     0    5000        0
# algorithm          : deterministic
# ignoring probs <=  : 0
# Branch length floor: 0
# DE strategy        : 2
#    F               : 0.3
#    CR              : 0.8
#    tolerance       : 3e-06
# nthreads           : 32
# lgo input file     : bdeg2.lgo
# site pat input file: ../../chrX/boot_chrX/boot29.opf
# free parameters    : 15
# points in DE swarm : 45
# output state file  : b1boot29.state
# Including singleton site patterns.
# cost function      : KL
Initial parameter values
Fixed:
      zero = 0
       one = 1
    Tbecnw = 75200
Free:
       pc1 = 0
       pc2 = 0
       pc3 = 0
       pc4 = 0
       pc5 = 0
       pc6 = 0
       pc7 = 0
       pc8 = 0
       pc9 = 0
      pc10 = 0
      pc11 = 0
      pc12 = 0
      pc13 = 0
      pc14 = 0
      pc15 = 0
Constrained:
     Tecnw = 33475.1
       Tnw = 680.452
       Tec = 18.6135
     twoNb = 1.29683e+06
     twoNe = 130385
     twoNc = 233843
     twoNw = 810129
    twoNec = 158161
    twoNnw = 155790
  twoNecnw = 30611.7
  twoNbecnw = 49943.1
        m2 = 0.0128761
        m4 = 0.0015476
        m5 = 0.183631
        m7 = 0.00490365
        Tb = 16746.9
        Td = 9.30673
        Te = 4.65337
        Tg = 2.32668
DiffEv reached_goal. cost=3.00599e-03 spread=2.12786e-06
Fitted parameter values
Free:
       pc1 = 3.83015
       pc2 = 1.92516
       pc3 = 1.923
       pc4 = 1.95692
       pc5 = 1.7822
       pc6 = -1.95418
       pc7 = 0.0652506
       pc8 = 1.73088
       pc9 = -0.0587721
      pc10 = 0.169981
      pc11 = 0.674539
      pc12 = -0.667918
      pc13 = -0.0771675
      pc14 = 0.237337
      pc15 = 0.419553
Constrained:
     Tecnw = 33462.8
       Tnw = 19.403
       Tec = 42.5789
     twoNb = 2.95601e+06
     twoNe = 100173
     twoNc = 204539
     twoNw = 856170
    twoNec = 146192
    twoNnw = 170370
  twoNecnw = 29657
  twoNbecnw = 49155
        m2 = 0.0201577
        m4 = 0.000541021
        m5 = 0.198676
        m7 = 0.00559275
        Tb = 16752.7
        Td = 21.2895
        Te = 10.6447
        Tg = 5.32237
#       SitePat  BranchLen
              b 117101.3336673
              e 43198.9428049
              c 45598.8897750
              n 42843.8450090
              w 42843.7497996
            b:e 1313.8920391
            b:c 1439.2542203
            b:n 1077.1248716
            b:w 1077.1215422
            e:c 10912.2843972
            e:n 4281.2036801
            e:w 4281.2988895
            c:n 3521.8963530
            c:w 3521.8796649
            n:w 11535.8624358
          b:e:c 1204.4533397
          b:e:n 570.2517205
          b:e:w 570.2550499
          b:c:n 570.1777167
          b:c:w 570.1743846
          b:n:w 1199.8620128
          e:c:n 4735.4549748
          e:c:w 4735.4716629
          e:n:w 6139.7485514
          c:n:w 5263.2811979
        b:e:c:n 1078.5437620
        b:e:c:w 1078.5470941
        b:e:n:w 1413.0562574
        b:c:n:w 1283.0956804
        e:c:n:w 46033.7391352
