########################################
# legofit: estimate population history #
#       version 2.3.4-4-g53f8760       #
########################################

# Program was compiled: Sep 21 2021 14:36:42
# Program was run: Tue Oct 19 21:31:22 2021

# cmd: legofit -1 -d 0 -t 32 --ptsPerDim 3 --stateOut b1boot43.state --tol 3e-6 -S 5000 bdeg2.lgo ../../chrX/boot_chrX/boot43.opf
# Stage nOptItr nSimReps
#     0    5000        0
# algorithm          : deterministic
# ignoring probs <=  : 0
# Branch length floor: 0
# DE strategy        : 2
#    F               : 0.3
#    CR              : 0.8
#    tolerance       : 3e-06
# nthreads           : 32
# lgo input file     : bdeg2.lgo
# site pat input file: ../../chrX/boot_chrX/boot43.opf
# free parameters    : 15
# points in DE swarm : 45
# output state file  : b1boot43.state
# Including singleton site patterns.
# cost function      : KL
Initial parameter values
Fixed:
      zero = 0
       one = 1
    Tbecnw = 75200
Free:
       pc1 = 0
       pc2 = 0
       pc3 = 0
       pc4 = 0
       pc5 = 0
       pc6 = 0
       pc7 = 0
       pc8 = 0
       pc9 = 0
      pc10 = 0
      pc11 = 0
      pc12 = 0
      pc13 = 0
      pc14 = 0
      pc15 = 0
Constrained:
     Tecnw = 33475.1
       Tnw = 680.452
       Tec = 18.6135
     twoNb = 1.29683e+06
     twoNe = 130385
     twoNc = 233843
     twoNw = 810129
    twoNec = 158161
    twoNnw = 155790
  twoNecnw = 30611.7
  twoNbecnw = 49943.1
        m2 = 0.0128761
        m4 = 0.0015476
        m5 = 0.183631
        m7 = 0.00490365
        Tb = 16746.9
        Td = 9.30673
        Te = 4.65337
        Tg = 2.32668
DiffEv reached_goal. cost=3.08575e-03 spread=2.65065e-06
Fitted parameter values
Free:
       pc1 = 3.27569
       pc2 = 1.31496
       pc3 = 1.8412
       pc4 = 1.89476
       pc5 = 0.999616
       pc6 = -1.95719
       pc7 = -1.16409
       pc8 = 1.03963
       pc9 = -1.73476
      pc10 = -1.00208
      pc11 = 0.783571
      pc12 = -0.847059
      pc13 = 0.571613
      pc14 = 0.99073
      pc15 = -0.79553
Constrained:
     Tecnw = 33711.1
       Tnw = 44.2356
       Tec = 16.1766
     twoNb = 3.18144e+06
     twoNe = 232975
     twoNc = 275371
     twoNw = 1.0174e+06
    twoNec = 147287
    twoNnw = 156009
  twoNecnw = 30305.1
  twoNbecnw = 49494.6
        m2 = 0.0206735
        m4 = 0.000374288
        m5 = 0.203179
        m7 = 0.00662101
        Tb = 16863.7
        Td = 8.08828
        Te = 4.04414
        Tg = 2.02207
#       SitePat  BranchLen
              b 117145.2799402
              e 43610.3845907
              c 46261.5046243
              n 42711.4969494
              w 42711.1218664
            b:e 1379.8767253
            b:c 1515.0198245
            b:n 1103.1739970
            b:w 1103.1605204
            e:c 11097.3712841
            e:n 4356.1114729
            e:w 4356.4865559
            c:n 3523.5467512
            c:w 3523.4811080
            n:w 12177.8220103
          b:e:c 1272.5919541
          b:e:n 587.0834043
          b:e:w 587.0968809
          b:c:n 586.9823101
          b:c:w 586.9688231
          b:n:w 1268.0819158
          e:c:n 4709.5241741
          e:c:w 4709.5898174
          e:n:w 6376.8491291
          c:n:w 5397.8743542
        b:e:c:n 1104.5744724
        b:e:c:w 1104.5879594
        b:e:n:w 1490.4965160
        b:c:n:w 1349.0074796
        e:c:n:w 45441.3577866
