########################################
# legofit: estimate population history #
#       version 2.3.4-4-g53f8760       #
########################################

# Program was compiled: Sep 21 2021 14:36:42
# Program was run: Tue Oct 19 21:31:15 2021

# cmd: legofit -1 -d 0 -t 32 --ptsPerDim 3 --stateOut b1boot40.state --tol 3e-6 -S 5000 bdeg2.lgo ../../chrX/boot_chrX/boot40.opf
# Stage nOptItr nSimReps
#     0    5000        0
# algorithm          : deterministic
# ignoring probs <=  : 0
# Branch length floor: 0
# DE strategy        : 2
#    F               : 0.3
#    CR              : 0.8
#    tolerance       : 3e-06
# nthreads           : 32
# lgo input file     : bdeg2.lgo
# site pat input file: ../../chrX/boot_chrX/boot40.opf
# free parameters    : 15
# points in DE swarm : 45
# output state file  : b1boot40.state
# Including singleton site patterns.
# cost function      : KL
Initial parameter values
Fixed:
      zero = 0
       one = 1
    Tbecnw = 75200
Free:
       pc1 = 0
       pc2 = 0
       pc3 = 0
       pc4 = 0
       pc5 = 0
       pc6 = 0
       pc7 = 0
       pc8 = 0
       pc9 = 0
      pc10 = 0
      pc11 = 0
      pc12 = 0
      pc13 = 0
      pc14 = 0
      pc15 = 0
Constrained:
     Tecnw = 33475.1
       Tnw = 680.452
       Tec = 18.6135
     twoNb = 1.29683e+06
     twoNe = 130385
     twoNc = 233843
     twoNw = 810129
    twoNec = 158161
    twoNnw = 155790
  twoNecnw = 30611.7
  twoNbecnw = 49943.1
        m2 = 0.0128761
        m4 = 0.0015476
        m5 = 0.183631
        m7 = 0.00490365
        Tb = 16746.9
        Td = 9.30673
        Te = 4.65337
        Tg = 2.32668
DiffEv reached_goal. cost=2.82947e-03 spread=2.23866e-06
Fitted parameter values
Free:
       pc1 = 3.92373
       pc2 = 0.0540148
       pc3 = 1.72754
       pc4 = 1.79894
       pc5 = 1.83446
       pc6 = -1.97483
       pc7 = -1.58565
       pc8 = 0.830624
       pc9 = -1.72104
      pc10 = 0.560486
      pc11 = 1.00035
      pc12 = -1.61017
      pc13 = -0.0892465
      pc14 = 0.626331
      pc15 = -0.44206
Constrained:
     Tecnw = 33503.3
       Tnw = 111.656
       Tec = 24.9943
     twoNb = 3.10128e+06
     twoNe = 192647
     twoNc = 389579
     twoNw = 928140
    twoNec = 147579
    twoNnw = 161192
  twoNecnw = 29938
  twoNbecnw = 50052.5
        m2 = 0.0190442
        m4 = 0.000436383
        m5 = 0.203964
        m7 = 0.0100121
        Tb = 16764.1
        Td = 12.4972
        Te = 6.24858
        Tg = 3.12429
#       SitePat  BranchLen
              b 117753.2924566
              e 43553.6732212
              c 45913.6910930
              n 42683.5899679
              w 42682.5132158
            b:e 1404.1680403
            b:c 1479.8611688
            b:n 1097.9810257
            b:w 1097.9424160
            e:c 10933.7608968
            e:n 4332.1104758
            e:w 4333.1872279
            c:n 3555.1371037
            c:w 3554.9471228
            n:w 11879.9156730
          b:e:c 1246.4766486
          b:e:n 585.7718847
          b:e:w 585.8104944
          b:c:n 585.5507635
          b:c:w 585.5121256
          b:n:w 1241.9841245
          e:c:n 4729.8568088
          e:c:w 4730.0467897
          e:n:w 6265.9468973
          c:n:w 5475.3171551
        b:e:c:n 1099.4343562
        b:e:c:w 1099.4729941
        b:e:n:w 1456.4687905
        b:c:n:w 1367.1204995
        e:c:n:w 46330.6622627
