########################################
# legofit: estimate population history #
#       version 2.3.4-4-g53f8760       #
########################################

# Program was compiled: Sep 21 2021 14:36:42
# Program was run: Tue Oct 19 21:30:52 2021

# cmd: legofit -1 -d 0 -t 32 --ptsPerDim 3 --stateOut b1boot22.state --tol 3e-6 -S 5000 bdeg2.lgo ../../chrX/boot_chrX/boot22.opf
# Stage nOptItr nSimReps
#     0    5000        0
# algorithm          : deterministic
# ignoring probs <=  : 0
# Branch length floor: 0
# DE strategy        : 2
#    F               : 0.3
#    CR              : 0.8
#    tolerance       : 3e-06
# nthreads           : 32
# lgo input file     : bdeg2.lgo
# site pat input file: ../../chrX/boot_chrX/boot22.opf
# free parameters    : 15
# points in DE swarm : 45
# output state file  : b1boot22.state
# Including singleton site patterns.
# cost function      : KL
Initial parameter values
Fixed:
      zero = 0
       one = 1
    Tbecnw = 75200
Free:
       pc1 = 0
       pc2 = 0
       pc3 = 0
       pc4 = 0
       pc5 = 0
       pc6 = 0
       pc7 = 0
       pc8 = 0
       pc9 = 0
      pc10 = 0
      pc11 = 0
      pc12 = 0
      pc13 = 0
      pc14 = 0
      pc15 = 0
Constrained:
     Tecnw = 33475.1
       Tnw = 680.452
       Tec = 18.6135
     twoNb = 1.29683e+06
     twoNe = 130385
     twoNc = 233843
     twoNw = 810129
    twoNec = 158161
    twoNnw = 155790
  twoNecnw = 30611.7
  twoNbecnw = 49943.1
        m2 = 0.0128761
        m4 = 0.0015476
        m5 = 0.183631
        m7 = 0.00490365
        Tb = 16746.9
        Td = 9.30673
        Te = 4.65337
        Tg = 2.32668
DiffEv reached_goal. cost=2.94335e-03 spread=2.89425e-06
Fitted parameter values
Free:
       pc1 = 3.39139
       pc2 = 1.55245
       pc3 = 1.83531
       pc4 = 1.29115
       pc5 = 1.65851
       pc6 = -1.9662
       pc7 = -1.19084
       pc8 = 1.43478
       pc9 = -1.14974
      pc10 = -0.655945
      pc11 = 0.169838
      pc12 = -0.710819
      pc13 = 0.674121
      pc14 = 0.402687
      pc15 = -0.291497
Constrained:
     Tecnw = 33705.7
       Tnw = 19.5897
       Tec = 37.7154
     twoNb = 3.05225e+06
     twoNe = 236795
     twoNc = 321848
     twoNw = 882947
    twoNec = 145602
    twoNnw = 161894
  twoNecnw = 30253.4
  twoNbecnw = 49513.7
        m2 = 0.0205152
        m4 = 0.00113184
        m5 = 0.197403
        m7 = 0.00627109
        Tb = 16871.7
        Td = 18.8577
        Te = 9.42886
        Tg = 4.71443
#       SitePat  BranchLen
              b 117163.1488534
              e 43587.6147471
              c 46125.2257653
              n 42957.5540209
              w 42957.4473112
            b:e 1370.9897161
            b:c 1508.9644435
            b:n 1111.7539483
            b:w 1111.7501114
            e:c 11163.5963716
            e:n 4327.3772007
            e:w 4327.4839104
            c:n 3532.7099232
            c:w 3532.6912201
            n:w 12017.5982063
          b:e:c 1269.7863008
          b:e:n 587.9316225
          b:e:w 587.9354594
          b:c:n 587.8557159
          b:c:w 587.8518758
          b:n:w 1265.0582874
          e:c:n 4752.4296939
          e:c:w 4752.4483970
          e:n:w 6304.3890159
          c:n:w 5360.9948160
        b:e:c:n 1113.2426097
        b:e:c:w 1113.2464499
        b:e:n:w 1482.1485220
        b:c:n:w 1339.5764344
        e:c:n:w 45460.6203335
