########################################
# legofit: estimate population history #
#       version 2.3.4-4-g53f8760       #
########################################

# Program was compiled: Sep 21 2021 14:36:42
# Program was run: Tue Oct 19 21:31:01 2021

# cmd: legofit -1 -d 0 -t 32 --ptsPerDim 3 --stateOut b1boot24.state --tol 3e-6 -S 5000 bdeg2.lgo ../../chrX/boot_chrX/boot24.opf
# Stage nOptItr nSimReps
#     0    5000        0
# algorithm          : deterministic
# ignoring probs <=  : 0
# Branch length floor: 0
# DE strategy        : 2
#    F               : 0.3
#    CR              : 0.8
#    tolerance       : 3e-06
# nthreads           : 32
# lgo input file     : bdeg2.lgo
# site pat input file: ../../chrX/boot_chrX/boot24.opf
# free parameters    : 15
# points in DE swarm : 45
# output state file  : b1boot24.state
# Including singleton site patterns.
# cost function      : KL
Initial parameter values
Fixed:
      zero = 0
       one = 1
    Tbecnw = 75200
Free:
       pc1 = 0
       pc2 = 0
       pc3 = 0
       pc4 = 0
       pc5 = 0
       pc6 = 0
       pc7 = 0
       pc8 = 0
       pc9 = 0
      pc10 = 0
      pc11 = 0
      pc12 = 0
      pc13 = 0
      pc14 = 0
      pc15 = 0
Constrained:
     Tecnw = 33475.1
       Tnw = 680.452
       Tec = 18.6135
     twoNb = 1.29683e+06
     twoNe = 130385
     twoNc = 233843
     twoNw = 810129
    twoNec = 158161
    twoNnw = 155790
  twoNecnw = 30611.7
  twoNbecnw = 49943.1
        m2 = 0.0128761
        m4 = 0.0015476
        m5 = 0.183631
        m7 = 0.00490365
        Tb = 16746.9
        Td = 9.30673
        Te = 4.65337
        Tg = 2.32668
DiffEv reached_goal. cost=3.09779e-03 spread=2.86169e-06
Fitted parameter values
Free:
       pc1 = 3.96572
       pc2 = 0.599137
       pc3 = 1.89665
       pc4 = 1.71659
       pc5 = 0.465784
       pc6 = -1.74807
       pc7 = -1.48643
       pc8 = 1.77424
       pc9 = -0.79187
      pc10 = -0.482949
      pc11 = 0.513965
      pc12 = -0.196374
      pc13 = 0.161815
      pc14 = 0.96164
      pc15 = 0.0991112
Constrained:
     Tecnw = 33848.6
       Tnw = 45.9897
       Tec = 18.9679
     twoNb = 3.15725e+06
     twoNe = 176579
     twoNc = 331191
     twoNw = 1.04064e+06
    twoNec = 147911
    twoNnw = 168495
  twoNecnw = 30157.7
  twoNbecnw = 50269
        m2 = 0.0185423
        m4 = 0.000999711
        m5 = 0.207973
        m7 = 0.00592724
        Tb = 16933.8
        Td = 9.48393
        Te = 4.74196
        Tg = 2.37098
#       SitePat  BranchLen
              b 117844.9628730
              e 43651.7764406
              c 46251.4201197
              n 43249.0562060
              w 43248.6659445
            b:e 1364.7830784
            b:c 1508.3977993
            b:n 1135.7074292
            b:w 1135.6931767
            e:c 11044.0087695
            e:n 4401.6332457
            e:w 4402.0235072
            c:n 3583.9237435
            c:w 3583.8549461
            n:w 11784.5399627
          b:e:c 1270.9950166
          b:e:n 603.5870607
          b:e:w 603.6013132
          b:c:n 603.5243970
          b:c:w 603.5101341
          b:n:w 1266.8893292
          e:c:n 4811.7216707
          e:c:w 4811.7904680
          e:n:w 6284.8407133
          c:n:w 5325.5782189
        b:e:c:n 1137.0306447
        b:e:c:w 1137.0449075
        b:e:n:w 1484.7682142
        b:c:n:w 1336.8042147
        e:c:n:w 46027.6945381
