########################################
# legofit: estimate population history #
#       version 2.3.4-4-g53f8760       #
########################################

# Program was compiled: Sep 21 2021 14:36:42
# Program was run: Tue Oct 19 21:31:22 2021

# cmd: legofit -1 -d 0 -t 32 --ptsPerDim 3 --stateOut b1boot42.state --tol 3e-6 -S 5000 bdeg2.lgo ../../chrX/boot_chrX/boot42.opf
# Stage nOptItr nSimReps
#     0    5000        0
# algorithm          : deterministic
# ignoring probs <=  : 0
# Branch length floor: 0
# DE strategy        : 2
#    F               : 0.3
#    CR              : 0.8
#    tolerance       : 3e-06
# nthreads           : 32
# lgo input file     : bdeg2.lgo
# site pat input file: ../../chrX/boot_chrX/boot42.opf
# free parameters    : 15
# points in DE swarm : 45
# output state file  : b1boot42.state
# Including singleton site patterns.
# cost function      : KL
Initial parameter values
Fixed:
      zero = 0
       one = 1
    Tbecnw = 75200
Free:
       pc1 = 0
       pc2 = 0
       pc3 = 0
       pc4 = 0
       pc5 = 0
       pc6 = 0
       pc7 = 0
       pc8 = 0
       pc9 = 0
      pc10 = 0
      pc11 = 0
      pc12 = 0
      pc13 = 0
      pc14 = 0
      pc15 = 0
Constrained:
     Tecnw = 33475.1
       Tnw = 680.452
       Tec = 18.6135
     twoNb = 1.29683e+06
     twoNe = 130385
     twoNc = 233843
     twoNw = 810129
    twoNec = 158161
    twoNnw = 155790
  twoNecnw = 30611.7
  twoNbecnw = 49943.1
        m2 = 0.0128761
        m4 = 0.0015476
        m5 = 0.183631
        m7 = 0.00490365
        Tb = 16746.9
        Td = 9.30673
        Te = 4.65337
        Tg = 2.32668
DiffEv reached_goal. cost=2.96423e-03 spread=2.35655e-06
Fitted parameter values
Free:
       pc1 = 3.9513
       pc2 = 0.227176
       pc3 = 1.73776
       pc4 = 1.73539
       pc5 = 0.801699
       pc6 = -1.94147
       pc7 = -0.500405
       pc8 = 1.65534
       pc9 = 0.60395
      pc10 = -0.0265105
      pc11 = 1.33204
      pc12 = -0.589678
      pc13 = 0.448549
      pc14 = 0.157464
      pc15 = 0.179651
Constrained:
     Tecnw = 33922.8
       Tnw = 20.5406
       Tec = 26.354
     twoNb = 2.94163e+06
     twoNe = 88576.6
     twoNc = 189954
     twoNw = 899656
    twoNec = 152594
    twoNnw = 169633
  twoNecnw = 29605.2
  twoNbecnw = 50081.6
        m2 = 0.0191405
        m4 = 0.00193633
        m5 = 0.202781
        m7 = 0.0062575
        Tb = 16974.6
        Td = 13.177
        Te = 6.5885
        Tg = 3.29425
#       SitePat  BranchLen
              b 117799.3767730
              e 43740.3373582
              c 46276.3888563
              n 43137.5339660
              w 43137.3856294
            b:e 1356.3736115
            b:c 1499.8585714
            b:n 1104.0890485
            b:w 1104.0837532
            e:c 10811.1779714
            e:n 4342.7349535
            e:w 4342.8832901
            c:n 3547.2957439
            c:w 3547.2698686
            n:w 11656.6200205
          b:e:c 1235.6613362
          b:e:n 590.3614384
          b:e:w 590.3667337
          b:c:n 590.3127393
          b:c:w 590.3074396
          b:n:w 1231.1345652
          e:c:n 4732.6368161
          e:c:w 4732.6626915
          e:n:w 6264.5894202
          c:n:w 5323.0489614
        b:e:c:n 1105.5727837
        b:e:c:w 1105.5780835
        b:e:n:w 1471.8414061
        b:c:n:w 1325.0060311
        e:c:n:w 46277.1464204
