########################################
# legofit: estimate population history #
#       version 2.3.4-4-g53f8760       #
########################################

# Program was compiled: Sep 21 2021 14:36:42
# Program was run: Tue Oct 19 21:30:37 2021

# cmd: legofit -1 -d 0 -t 32 --ptsPerDim 3 --stateOut b1boot6.state --tol 3e-6 -S 5000 bdeg2.lgo ../../chrX/boot_chrX/boot6.opf
# Stage nOptItr nSimReps
#     0    5000        0
# algorithm          : deterministic
# ignoring probs <=  : 0
# Branch length floor: 0
# DE strategy        : 2
#    F               : 0.3
#    CR              : 0.8
#    tolerance       : 3e-06
# nthreads           : 32
# lgo input file     : bdeg2.lgo
# site pat input file: ../../chrX/boot_chrX/boot6.opf
# free parameters    : 15
# points in DE swarm : 45
# output state file  : b1boot6.state
# Including singleton site patterns.
# cost function      : KL
Initial parameter values
Fixed:
      zero = 0
       one = 1
    Tbecnw = 75200
Free:
       pc1 = 0
       pc2 = 0
       pc3 = 0
       pc4 = 0
       pc5 = 0
       pc6 = 0
       pc7 = 0
       pc8 = 0
       pc9 = 0
      pc10 = 0
      pc11 = 0
      pc12 = 0
      pc13 = 0
      pc14 = 0
      pc15 = 0
Constrained:
     Tecnw = 33475.1
       Tnw = 680.452
       Tec = 18.6135
     twoNb = 1.29683e+06
     twoNe = 130385
     twoNc = 233843
     twoNw = 810129
    twoNec = 158161
    twoNnw = 155790
  twoNecnw = 30611.7
  twoNbecnw = 49943.1
        m2 = 0.0128761
        m4 = 0.0015476
        m5 = 0.183631
        m7 = 0.00490365
        Tb = 16746.9
        Td = 9.30673
        Te = 4.65337
        Tg = 2.32668
DiffEv reached_goal. cost=2.72190e-03 spread=2.66498e-06
Fitted parameter values
Free:
       pc1 = 3.11891
       pc2 = 1.2068
       pc3 = 1.86196
       pc4 = 1.97627
       pc5 = 0.790416
       pc6 = -1.78438
       pc7 = -1.18256
       pc8 = 1.39008
       pc9 = -0.0835164
      pc10 = 0.846202
      pc11 = 0.889751
      pc12 = -0.19367
      pc13 = -0.28406
      pc14 = 0.704506
      pc15 = -0.0197336
Constrained:
     Tecnw = 33304.5
       Tnw = 23.0682
       Tec = 29.9501
     twoNb = 2.94043e+06
     twoNe = 49797.2
     twoNc = 336695
     twoNw = 924098
    twoNec = 152148
    twoNnw = 169010
  twoNecnw = 30046.9
  twoNbecnw = 50067.1
        m2 = 0.0192631
        m4 = 0.000353753
        m5 = 0.203194
        m7 = 0.00600768
        Tb = 16667.2
        Td = 14.975
        Te = 7.48751
        Tg = 3.74376
#       SitePat  BranchLen
              b 117802.5032987
              e 43420.3784555
              c 45861.8654356
              n 42818.6319079
              w 42818.4712324
            b:e 1356.3215740
            b:c 1479.8811039
            b:n 1105.9539460
            b:w 1105.9481608
            e:c 10773.4897685
            e:n 4380.1474032
            e:w 4380.3080787
            c:n 3605.6178227
            c:w 3605.5892576
            n:w 11596.9875188
          b:e:c 1229.3239449
          b:e:n 592.9047441
          b:e:w 592.9105292
          b:c:n 592.8018834
          b:c:w 592.7960937
          b:n:w 1224.9067231
          e:c:n 4782.7451894
          e:c:w 4782.7737545
          e:n:w 6258.8819852
          c:n:w 5372.9197841
        b:e:c:n 1107.3772004
        b:e:c:w 1107.3829901
        b:e:n:w 1454.6881206
        b:c:n:w 1325.0695094
        e:c:n:w 46451.1360841
