########################################
# legofit: estimate population history #
#       version 2.3.4-4-g53f8760       #
########################################

# Program was compiled: Sep 21 2021 14:36:42
# Program was run: Tue Oct 19 21:31:01 2021

# cmd: legofit -1 -d 0 -t 32 --ptsPerDim 3 --stateOut b1boot26.state --tol 3e-6 -S 5000 bdeg2.lgo ../../chrX/boot_chrX/boot26.opf
# Stage nOptItr nSimReps
#     0    5000        0
# algorithm          : deterministic
# ignoring probs <=  : 0
# Branch length floor: 0
# DE strategy        : 2
#    F               : 0.3
#    CR              : 0.8
#    tolerance       : 3e-06
# nthreads           : 32
# lgo input file     : bdeg2.lgo
# site pat input file: ../../chrX/boot_chrX/boot26.opf
# free parameters    : 15
# points in DE swarm : 45
# output state file  : b1boot26.state
# Including singleton site patterns.
# cost function      : KL
Initial parameter values
Fixed:
      zero = 0
       one = 1
    Tbecnw = 75200
Free:
       pc1 = 0
       pc2 = 0
       pc3 = 0
       pc4 = 0
       pc5 = 0
       pc6 = 0
       pc7 = 0
       pc8 = 0
       pc9 = 0
      pc10 = 0
      pc11 = 0
      pc12 = 0
      pc13 = 0
      pc14 = 0
      pc15 = 0
Constrained:
     Tecnw = 33475.1
       Tnw = 680.452
       Tec = 18.6135
     twoNb = 1.29683e+06
     twoNe = 130385
     twoNc = 233843
     twoNw = 810129
    twoNec = 158161
    twoNnw = 155790
  twoNecnw = 30611.7
  twoNbecnw = 49943.1
        m2 = 0.0128761
        m4 = 0.0015476
        m5 = 0.183631
        m7 = 0.00490365
        Tb = 16746.9
        Td = 9.30673
        Te = 4.65337
        Tg = 2.32668
DiffEv reached_goal. cost=2.96602e-03 spread=2.63413e-06
Fitted parameter values
Free:
       pc1 = 3.89887
       pc2 = -0.35076
       pc3 = 1.81395
       pc4 = 1.70931
       pc5 = 0.131546
       pc6 = -1.98261
       pc7 = -1.94491
       pc8 = -0.176497
       pc9 = -1.81621
      pc10 = 0.684415
      pc11 = 0.216014
      pc12 = -0.519917
      pc13 = 0.369221
      pc14 = 0.240958
      pc15 = 0.0646455
Constrained:
     Tecnw = 33821.7
       Tnw = 30.7656
       Tec = 10.0222
     twoNb = 2.71664e+06
     twoNe = 79185.5
     twoNc = 303292
     twoNw = 1.04132e+06
    twoNec = 147296
    twoNnw = 166433
  twoNecnw = 30574.2
  twoNbecnw = 50747.4
        m2 = 0.0193755
        m4 = 0.000891689
        m5 = 0.20463
        m7 = 0.00979329
        Tb = 16915.8
        Td = 5.01111
        Te = 2.50556
        Tg = 1.25278
#       SitePat  BranchLen
              b 118048.2768456
              e 44051.4221375
              c 46459.0192980
              n 43361.5920063
              w 43361.3293598
            b:e 1463.9933359
            b:c 1554.8309160
            b:n 1163.7129969
            b:w 1163.7031926
            e:c 11161.8092403
            e:n 4418.0932911
            e:w 4418.3559375
            c:n 3632.3532967
            c:w 3632.3066887
            n:w 12001.5046548
          b:e:c 1312.8690374
          b:e:n 619.2242559
          b:e:w 619.2340602
          b:c:n 618.9557484
          b:c:w 618.9459356
          b:n:w 1307.5012279
          e:c:n 4843.4616184
          e:c:w 4843.5082265
          e:n:w 6350.4775964
          c:n:w 5529.2234553
        b:e:c:n 1165.5341972
        b:e:c:w 1165.5440100
        b:e:n:w 1526.7273233
        b:c:n:w 1421.8925990
        e:c:n:w 45810.6914144
