########################################
# legofit: estimate population history #
#       version 2.3.4-4-g53f8760       #
########################################

# Program was compiled: Sep 21 2021 14:36:42
# Program was run: Tue Oct 19 21:30:30 2021

# cmd: legofit -1 -d 0 -t 32 --ptsPerDim 3 --stateOut b1boot1.state --tol 3e-6 -S 5000 bdeg2.lgo ../../chrX/boot_chrX/boot1.opf
# Stage nOptItr nSimReps
#     0    5000        0
# algorithm          : deterministic
# ignoring probs <=  : 0
# Branch length floor: 0
# DE strategy        : 2
#    F               : 0.3
#    CR              : 0.8
#    tolerance       : 3e-06
# nthreads           : 32
# lgo input file     : bdeg2.lgo
# site pat input file: ../../chrX/boot_chrX/boot1.opf
# free parameters    : 15
# points in DE swarm : 45
# output state file  : b1boot1.state
# Including singleton site patterns.
# cost function      : KL
Initial parameter values
Fixed:
      zero = 0
       one = 1
    Tbecnw = 75200
Free:
       pc1 = 0
       pc2 = 0
       pc3 = 0
       pc4 = 0
       pc5 = 0
       pc6 = 0
       pc7 = 0
       pc8 = 0
       pc9 = 0
      pc10 = 0
      pc11 = 0
      pc12 = 0
      pc13 = 0
      pc14 = 0
      pc15 = 0
Constrained:
     Tecnw = 33475.1
       Tnw = 680.452
       Tec = 18.6135
     twoNb = 1.29683e+06
     twoNe = 130385
     twoNc = 233843
     twoNw = 810129
    twoNec = 158161
    twoNnw = 155790
  twoNecnw = 30611.7
  twoNbecnw = 49943.1
        m2 = 0.0128761
        m4 = 0.0015476
        m5 = 0.183631
        m7 = 0.00490365
        Tb = 16746.9
        Td = 9.30673
        Te = 4.65337
        Tg = 2.32668
DiffEv reached_goal. cost=3.12104e-03 spread=2.74215e-06
Fitted parameter values
Free:
       pc1 = 3.94883
       pc2 = -0.249191
       pc3 = 1.42081
       pc4 = 1.89382
       pc5 = -0.172365
       pc6 = -1.9917
       pc7 = -1.8213
       pc8 = 1.50764
       pc9 = -1.1977
      pc10 = -1.31853
      pc11 = -0.00540736
      pc12 = -1.23191
      pc13 = 0.553215
      pc14 = 0.744646
      pc15 = -0.0851229
Constrained:
     Tecnw = 34297.1
       Tnw = 16.2126
       Tec = 8.92108
     twoNb = 3.14005e+06
     twoNe = 220238
     twoNc = 309762
     twoNw = 1.21651e+06
    twoNec = 146157
    twoNnw = 160818
  twoNecnw = 30178.9
  twoNbecnw = 50859.3
        m2 = 0.018083
        m4 = 0.00119433
        m5 = 0.198716
        m7 = 0.00683335
        Tb = 17153
        Td = 4.46054
        Te = 2.23027
        Tg = 1.11514
#       SitePat  BranchLen
              b 118251.1472022
              e 43965.3794242
              c 46552.9899486
              n 43359.1499794
              w 43359.0417706
            b:e 1406.0421269
            b:c 1541.7029455
            b:n 1156.5145030
            b:w 1156.5104982
            e:c 11362.8307602
            e:n 4353.0862975
            e:w 4353.1945063
            c:n 3537.2984582
            c:w 3537.2795416
            n:w 12240.4036948
          b:e:c 1328.1546390
          b:e:n 608.9763088
          b:e:w 608.9803136
          b:c:n 608.8633854
          b:c:w 608.8593777
          b:n:w 1323.9016971
          e:c:n 4801.9511277
          e:c:w 4801.9700443
          e:n:w 6331.3906298
          c:n:w 5381.9301565
        b:e:c:n 1157.8957801
        b:e:c:w 1157.8997878
        b:e:n:w 1518.2639343
        b:c:n:w 1376.3897279
        e:c:n:w 46054.0865469
