########################################
# legofit: estimate population history #
#       version 2.3.4-4-g53f8760       #
########################################

# Program was compiled: Sep 21 2021 14:36:42
# Program was run: Tue Oct 19 21:31:22 2021

# cmd: legofit -1 -d 0 -t 32 --ptsPerDim 3 --stateOut b1boot45.state --tol 3e-6 -S 5000 bdeg2.lgo ../../chrX/boot_chrX/boot45.opf
# Stage nOptItr nSimReps
#     0    5000        0
# algorithm          : deterministic
# ignoring probs <=  : 0
# Branch length floor: 0
# DE strategy        : 2
#    F               : 0.3
#    CR              : 0.8
#    tolerance       : 3e-06
# nthreads           : 32
# lgo input file     : bdeg2.lgo
# site pat input file: ../../chrX/boot_chrX/boot45.opf
# free parameters    : 15
# points in DE swarm : 45
# output state file  : b1boot45.state
# Including singleton site patterns.
# cost function      : KL
Initial parameter values
Fixed:
      zero = 0
       one = 1
    Tbecnw = 75200
Free:
       pc1 = 0
       pc2 = 0
       pc3 = 0
       pc4 = 0
       pc5 = 0
       pc6 = 0
       pc7 = 0
       pc8 = 0
       pc9 = 0
      pc10 = 0
      pc11 = 0
      pc12 = 0
      pc13 = 0
      pc14 = 0
      pc15 = 0
Constrained:
     Tecnw = 33475.1
       Tnw = 680.452
       Tec = 18.6135
     twoNb = 1.29683e+06
     twoNe = 130385
     twoNc = 233843
     twoNw = 810129
    twoNec = 158161
    twoNnw = 155790
  twoNecnw = 30611.7
  twoNbecnw = 49943.1
        m2 = 0.0128761
        m4 = 0.0015476
        m5 = 0.183631
        m7 = 0.00490365
        Tb = 16746.9
        Td = 9.30673
        Te = 4.65337
        Tg = 2.32668
DiffEv reached_goal. cost=2.82353e-03 spread=2.90289e-06
Fitted parameter values
Free:
       pc1 = 3.90185
       pc2 = 1.29218
       pc3 = 1.85834
       pc4 = 1.93508
       pc5 = 1.00745
       pc6 = -1.77635
       pc7 = -0.306819
       pc8 = 1.33996
       pc9 = -1.12079
      pc10 = -0.78728
      pc11 = 0.44351
      pc12 = -0.488983
      pc13 = 0.164619
      pc14 = 0.772184
      pc15 = 0.105363
Constrained:
     Tecnw = 33777.8
       Tnw = 64.1327
       Tec = 21.3097
     twoNb = 3.00011e+06
     twoNe = 169889
     twoNc = 196757
     twoNw = 1.0022e+06
    twoNec = 144541
    twoNnw = 164989
  twoNecnw = 30037.5
  twoNbecnw = 49370.6
        m2 = 0.0192038
        m4 = 0.000497838
        m5 = 0.204596
        m7 = 0.00589084
        Tb = 16899.5
        Td = 10.6548
        Te = 5.32742
        Tg = 2.66371
#       SitePat  BranchLen
              b 117134.5386122
              e 43410.1941552
              c 45976.2796712
              n 43016.2018397
              w 43015.6371790
            b:e 1336.9574537
            b:c 1471.1795901
            b:n 1104.9278744
            b:w 1104.9077238
            e:c 11115.2679537
            e:n 4334.5262265
            e:w 4335.0908872
            c:n 3524.9716885
            c:w 3524.8728499
            n:w 11834.4370671
          b:e:c 1249.5526958
          b:e:n 583.5974129
          b:e:w 583.6175635
          b:c:n 583.5224139
          b:c:w 583.5022480
          b:n:w 1245.1373547
          e:c:n 4757.2528498
          e:c:w 4757.3516884
          e:n:w 6218.7207199
          c:n:w 5277.9727137
        b:e:c:n 1106.2924477
        b:e:c:w 1106.3126137
        b:e:n:w 1446.7708157
        b:c:n:w 1307.1740593
        e:c:n:w 45606.4853956
