########################################
# legofit: estimate population history #
#       version 2.3.4-4-g53f8760       #
########################################

# Program was compiled: Sep 21 2021 14:36:42
# Program was run: Tue Oct 19 21:31:23 2021

# cmd: legofit -1 -d 0 -t 32 --ptsPerDim 3 --stateOut b1boot46.state --tol 3e-6 -S 5000 bdeg2.lgo ../../chrX/boot_chrX/boot46.opf
# Stage nOptItr nSimReps
#     0    5000        0
# algorithm          : deterministic
# ignoring probs <=  : 0
# Branch length floor: 0
# DE strategy        : 2
#    F               : 0.3
#    CR              : 0.8
#    tolerance       : 3e-06
# nthreads           : 32
# lgo input file     : bdeg2.lgo
# site pat input file: ../../chrX/boot_chrX/boot46.opf
# free parameters    : 15
# points in DE swarm : 45
# output state file  : b1boot46.state
# Including singleton site patterns.
# cost function      : KL
Initial parameter values
Fixed:
      zero = 0
       one = 1
    Tbecnw = 75200
Free:
       pc1 = 0
       pc2 = 0
       pc3 = 0
       pc4 = 0
       pc5 = 0
       pc6 = 0
       pc7 = 0
       pc8 = 0
       pc9 = 0
      pc10 = 0
      pc11 = 0
      pc12 = 0
      pc13 = 0
      pc14 = 0
      pc15 = 0
Constrained:
     Tecnw = 33475.1
       Tnw = 680.452
       Tec = 18.6135
     twoNb = 1.29683e+06
     twoNe = 130385
     twoNc = 233843
     twoNw = 810129
    twoNec = 158161
    twoNnw = 155790
  twoNecnw = 30611.7
  twoNbecnw = 49943.1
        m2 = 0.0128761
        m4 = 0.0015476
        m5 = 0.183631
        m7 = 0.00490365
        Tb = 16746.9
        Td = 9.30673
        Te = 4.65337
        Tg = 2.32668
DiffEv reached_goal. cost=2.93208e-03 spread=2.98330e-06
Fitted parameter values
Free:
       pc1 = 3.89513
       pc2 = 0.736289
       pc3 = 1.30011
       pc4 = 1.83606
       pc5 = 0.909066
       pc6 = -1.94554
       pc7 = -0.406315
       pc8 = 1.23157
       pc9 = -1.0995
      pc10 = 0.218543
      pc11 = 0.332708
      pc12 = -0.248776
      pc13 = 0.207668
      pc14 = 0.992344
      pc15 = 0.0964771
Constrained:
     Tecnw = 33832.6
       Tnw = 63.4092
       Tec = 32.4367
     twoNb = 2.81983e+06
     twoNe = 116925
     twoNc = 241926
     twoNw = 1.04276e+06
    twoNec = 147421
    twoNnw = 166748
  twoNecnw = 30107.4
  twoNbecnw = 49637.9
        m2 = 0.0180464
        m4 = 9.50236e-05
        m5 = 0.208905
        m7 = 0.0069314
        Tb = 16932.5
        Td = 16.2184
        Te = 8.10918
        Tg = 4.05459
#       SitePat  BranchLen
              b 117336.8305194
              e 43584.5000758
              c 46112.6493993
              n 43124.1578614
              w 43123.6356853
            b:e 1356.6974926
            b:c 1471.6451454
            b:n 1116.2104043
            b:w 1116.1915987
            e:c 11012.1068883
            e:n 4375.1732999
            e:w 4375.6954761
            c:n 3563.6198406
            c:w 3563.5281069
            n:w 11779.2660699
          b:e:c 1252.7653860
          b:e:n 593.1338384
          b:e:w 593.1526440
          b:c:n 592.9802758
          b:c:w 592.9614562
          b:n:w 1248.3224595
          e:c:n 4774.5830060
          e:c:w 4774.6747398
          e:n:w 6213.6872911
          c:n:w 5318.7442236
        b:e:c:n 1117.6346177
        b:e:c:w 1117.6534373
        b:e:n:w 1448.0333346
        b:c:n:w 1323.9450048
        e:c:n:w 45688.6660871
