########################################
# legofit: estimate population history #
#       version 2.3.4-4-g53f8760       #
########################################

# Program was compiled: Sep 21 2021 14:36:42
# Program was run: Tue Oct 19 21:30:30 2021

# cmd: legofit -1 -d 0 -t 32 --ptsPerDim 3 --stateOut b1boot3.state --tol 3e-6 -S 5000 bdeg2.lgo ../../chrX/boot_chrX/boot3.opf
# Stage nOptItr nSimReps
#     0    5000        0
# algorithm          : deterministic
# ignoring probs <=  : 0
# Branch length floor: 0
# DE strategy        : 2
#    F               : 0.3
#    CR              : 0.8
#    tolerance       : 3e-06
# nthreads           : 32
# lgo input file     : bdeg2.lgo
# site pat input file: ../../chrX/boot_chrX/boot3.opf
# free parameters    : 15
# points in DE swarm : 45
# output state file  : b1boot3.state
# Including singleton site patterns.
# cost function      : KL
Initial parameter values
Fixed:
      zero = 0
       one = 1
    Tbecnw = 75200
Free:
       pc1 = 0
       pc2 = 0
       pc3 = 0
       pc4 = 0
       pc5 = 0
       pc6 = 0
       pc7 = 0
       pc8 = 0
       pc9 = 0
      pc10 = 0
      pc11 = 0
      pc12 = 0
      pc13 = 0
      pc14 = 0
      pc15 = 0
Constrained:
     Tecnw = 33475.1
       Tnw = 680.452
       Tec = 18.6135
     twoNb = 1.29683e+06
     twoNe = 130385
     twoNc = 233843
     twoNw = 810129
    twoNec = 158161
    twoNnw = 155790
  twoNecnw = 30611.7
  twoNbecnw = 49943.1
        m2 = 0.0128761
        m4 = 0.0015476
        m5 = 0.183631
        m7 = 0.00490365
        Tb = 16746.9
        Td = 9.30673
        Te = 4.65337
        Tg = 2.32668
DiffEv reached_goal. cost=3.05071e-03 spread=2.14603e-06
Fitted parameter values
Free:
       pc1 = 3.9235
       pc2 = 1.56658
       pc3 = 1.99743
       pc4 = 1.79377
       pc5 = 1.00021
       pc6 = -1.7515
       pc7 = -0.567434
       pc8 = 1.67792
       pc9 = -0.966661
      pc10 = -0.769277
      pc11 = 0.644266
      pc12 = -0.327036
      pc13 = 0.352652
      pc14 = 0.510256
      pc15 = 0.167234
Constrained:
     Tecnw = 33740.3
       Tnw = 76.1765
       Tec = 23.8267
     twoNb = 3.03893e+06
     twoNe = 193826
     twoNc = 226763
     twoNw = 990556
    twoNec = 145457
    twoNnw = 167525
  twoNecnw = 30035.5
  twoNbecnw = 49407.3
        m2 = 0.0204198
        m4 = 0.000893086
        m5 = 0.204205
        m7 = 0.00543754
        Tb = 16882.1
        Td = 11.9133
        Te = 5.95667
        Tg = 2.97833
#       SitePat  BranchLen
              b 117141.8312285
              e 43471.0950732
              c 46047.4221565
              n 43092.9531085
              w 43092.2707616
            b:e 1342.3495816
            b:c 1488.9653430
            b:n 1107.0939090
            b:w 1107.0695324
            e:c 11060.5596120
            e:n 4344.0172556
            e:w 4344.6996025
            c:n 3538.6883074
            c:w 3538.5687960
            n:w 11755.7811244
          b:e:c 1246.4018172
          b:e:n 586.1088113
          b:e:w 586.1331880
          b:c:n 586.0815625
          b:c:w 586.0571659
          b:n:w 1241.8043038
          e:c:n 4762.5935152
          e:c:w 4762.7130266
          e:n:w 6248.9168353
          c:n:w 5287.3916769
        b:e:c:n 1108.5088121
        b:e:c:w 1108.5332087
        b:e:n:w 1462.5457778
        b:c:n:w 1312.6911171
        e:c:n:w 45576.9992419
