########################################
# legofit: estimate population history #
#       version 2.3.4-4-g53f8760       #
########################################

# Program was compiled: Sep 21 2021 14:36:42
# Program was run: Tue Oct 19 21:31:01 2021

# cmd: legofit -1 -d 0 -t 32 --ptsPerDim 3 --stateOut b1boot27.state --tol 3e-6 -S 5000 bdeg2.lgo ../../chrX/boot_chrX/boot27.opf
# Stage nOptItr nSimReps
#     0    5000        0
# algorithm          : deterministic
# ignoring probs <=  : 0
# Branch length floor: 0
# DE strategy        : 2
#    F               : 0.3
#    CR              : 0.8
#    tolerance       : 3e-06
# nthreads           : 32
# lgo input file     : bdeg2.lgo
# site pat input file: ../../chrX/boot_chrX/boot27.opf
# free parameters    : 15
# points in DE swarm : 45
# output state file  : b1boot27.state
# Including singleton site patterns.
# cost function      : KL
Initial parameter values
Fixed:
      zero = 0
       one = 1
    Tbecnw = 75200
Free:
       pc1 = 0
       pc2 = 0
       pc3 = 0
       pc4 = 0
       pc5 = 0
       pc6 = 0
       pc7 = 0
       pc8 = 0
       pc9 = 0
      pc10 = 0
      pc11 = 0
      pc12 = 0
      pc13 = 0
      pc14 = 0
      pc15 = 0
Constrained:
     Tecnw = 33475.1
       Tnw = 680.452
       Tec = 18.6135
     twoNb = 1.29683e+06
     twoNe = 130385
     twoNc = 233843
     twoNw = 810129
    twoNec = 158161
    twoNnw = 155790
  twoNecnw = 30611.7
  twoNbecnw = 49943.1
        m2 = 0.0128761
        m4 = 0.0015476
        m5 = 0.183631
        m7 = 0.00490365
        Tb = 16746.9
        Td = 9.30673
        Te = 4.65337
        Tg = 2.32668
DiffEv reached_goal. cost=3.12088e-03 spread=2.05811e-06
Fitted parameter values
Free:
       pc1 = 3.98564
       pc2 = -0.7716
       pc3 = 1.56694
       pc4 = 1.64711
       pc5 = 0.332502
       pc6 = -1.93635
       pc7 = -1.9983
       pc8 = -0.457607
       pc9 = -1.58747
      pc10 = -0.645885
      pc11 = -0.108233
      pc12 = -1.52902
      pc13 = 0.494627
      pc14 = 0.066007
      pc15 = -0.105211
Constrained:
     Tecnw = 34182.5
       Tnw = 3.62314
       Tec = 1.5012
     twoNb = 2.77749e+06
     twoNe = 146741
     twoNc = 264726
     twoNw = 963218
    twoNec = 144275
    twoNnw = 158422
  twoNecnw = 30386.3
  twoNbecnw = 51001.8
        m2 = 0.0186981
        m4 = 0.00129294
        m5 = 0.19517
        m7 = 0.00978855
        Tb = 17092
        Td = 0.7506
        Te = 0.3753
        Tg = 0.18765
#       SitePat  BranchLen
              b 118273.4953701
              e 44104.4045081
              c 46535.0556285
              n 43296.4332794
              w 43296.4022402
            b:e 1466.6862555
            b:c 1561.4307112
            b:n 1163.5479578
            b:w 1163.5468008
            e:c 11458.7705427
            e:n 4337.6465868
            e:w 4337.6776260
            c:n 3550.7186056
            c:w 3550.7131593
            n:w 12393.9627914
          b:e:c 1347.7522244
          b:e:n 611.9192318
          b:e:w 611.9203887
          b:c:n 611.6560402
          b:c:w 611.6548822
          b:n:w 1342.4877463
          e:c:n 4807.0185035
          e:c:w 4807.0239497
          e:n:w 6357.5768204
          c:n:w 5514.7025548
        b:e:c:n 1165.3072794
        b:e:c:w 1165.3084373
        b:e:n:w 1534.1351214
        b:c:n:w 1426.0349569
        e:c:n:w 45943.7359284
