########################################
# legofit: estimate population history #
#       version 2.3.4-4-g53f8760       #
########################################

# Program was compiled: Sep 21 2021 14:36:42
# Program was run: Tue Oct 19 21:31:15 2021

# cmd: legofit -1 -d 0 -t 32 --ptsPerDim 3 --stateOut b1boot36.state --tol 3e-6 -S 5000 bdeg2.lgo ../../chrX/boot_chrX/boot36.opf
# Stage nOptItr nSimReps
#     0    5000        0
# algorithm          : deterministic
# ignoring probs <=  : 0
# Branch length floor: 0
# DE strategy        : 2
#    F               : 0.3
#    CR              : 0.8
#    tolerance       : 3e-06
# nthreads           : 32
# lgo input file     : bdeg2.lgo
# site pat input file: ../../chrX/boot_chrX/boot36.opf
# free parameters    : 15
# points in DE swarm : 45
# output state file  : b1boot36.state
# Including singleton site patterns.
# cost function      : KL
Initial parameter values
Fixed:
      zero = 0
       one = 1
    Tbecnw = 75200
Free:
       pc1 = 0
       pc2 = 0
       pc3 = 0
       pc4 = 0
       pc5 = 0
       pc6 = 0
       pc7 = 0
       pc8 = 0
       pc9 = 0
      pc10 = 0
      pc11 = 0
      pc12 = 0
      pc13 = 0
      pc14 = 0
      pc15 = 0
Constrained:
     Tecnw = 33475.1
       Tnw = 680.452
       Tec = 18.6135
     twoNb = 1.29683e+06
     twoNe = 130385
     twoNc = 233843
     twoNw = 810129
    twoNec = 158161
    twoNnw = 155790
  twoNecnw = 30611.7
  twoNbecnw = 49943.1
        m2 = 0.0128761
        m4 = 0.0015476
        m5 = 0.183631
        m7 = 0.00490365
        Tb = 16746.9
        Td = 9.30673
        Te = 4.65337
        Tg = 2.32668
DiffEv reached_goal. cost=3.04825e-03 spread=2.74833e-06
Fitted parameter values
Free:
       pc1 = 3.95876
       pc2 = 1.00409
       pc3 = 1.87925
       pc4 = 1.94445
       pc5 = 1.1275
       pc6 = -1.78075
       pc7 = -0.982658
       pc8 = 1.36084
       pc9 = -1.61791
      pc10 = 0.322458
      pc11 = 0.966388
      pc12 = -1.28903
      pc13 = -0.290505
      pc14 = -0.0101035
      pc15 = 0.0793646
Constrained:
     Tecnw = 33357.5
       Tnw = 78.3356
       Tec = 22.0369
     twoNb = 2.90575e+06
     twoNe = 193997
     twoNc = 288160
     twoNw = 1.06618e+06
    twoNec = 145786
    twoNnw = 167234
  twoNecnw = 29865.4
  twoNbecnw = 49849.5
        m2 = 0.0205657
        m4 = 0.000476997
        m5 = 0.200825
        m7 = 0.00814318
        Tb = 16689.8
        Td = 11.0184
        Te = 5.50922
        Tg = 2.75461
#       SitePat  BranchLen
              b 117611.2563884
              e 43365.3418154
              c 45700.1382179
              n 42783.5904728
              w 42782.9502706
            b:e 1378.3261528
            b:c 1474.3375760
            b:n 1094.9688497
            b:w 1094.9460384
            e:c 10944.7184564
            e:n 4313.3850369
            e:w 4314.0252391
            c:n 3557.6988017
            c:w 3557.5856790
            n:w 11673.5583594
          b:e:c 1230.8451168
          b:e:n 581.6713536
          b:e:w 581.6941650
          b:c:n 581.5079172
          b:c:w 581.4850866
          b:n:w 1225.8452411
          e:c:n 4756.8555703
          e:c:w 4756.9686931
          e:n:w 6222.3998413
          c:n:w 5410.1707681
        b:e:c:n 1096.5478287
        b:e:c:w 1096.5706593
        b:e:n:w 1447.2303302
        b:c:n:w 1341.1498878
        e:c:n:w 46331.8023327
