########################################
# legofit: estimate population history #
#       version 2.3.4-4-g53f8760       #
########################################

# Program was compiled: Sep 21 2021 14:36:42
# Program was run: Thu Sep 23 01:03:45 2021

# cmd: legofit -1 -d 0 -t 32 --ptsPerDim 3 --stateOut b1boot23.state --tol 3e-6 -S 5000 cdef2.lgo ../../chrX/boot_chrX/boot23.opf
# Stage nOptItr nSimReps
#     0    5000        0
# algorithm          : deterministic
# ignoring probs <=  : 0
# Branch length floor: 0
# DE strategy        : 2
#    F               : 0.3
#    CR              : 0.8
#    tolerance       : 3e-06
# nthreads           : 32
# lgo input file     : cdef2.lgo
# site pat input file: ../../chrX/boot_chrX/boot23.opf
# free parameters    : 16
# points in DE swarm : 48
# output state file  : b1boot23.state
# Including singleton site patterns.
# cost function      : KL
Initial parameter values
Fixed:
      zero = 0
       one = 1
    Tbecnw = 75200
Free:
       pc1 = 0
       pc2 = 0
       pc3 = 0
       pc4 = 0
       pc5 = 0
       pc6 = 0
       pc7 = 0
       pc8 = 0
       pc9 = 0
      pc10 = 0
      pc11 = 0
      pc12 = 0
      pc13 = 0
      pc14 = 0
      pc15 = 0
      pc16 = 0
Constrained:
     Tecnw = 44814.3
       Tnw = 4499.29
       Tec = 2314.53
     twoNb = 2.56714e+06
     twoNe = 19521.7
     twoNc = 274838
     twoNn = 294080
     twoNw = 1.10922e+06
    twoNec = 99630
    twoNnw = 99723.9
  twoNecnw = 23027.6
  twoNbecnw = 55746.3
        m3 = 0.174865
        m4 = 0.0288631
        m5 = 0.227579
        m6 = 0.198488
        Tc = 2249.65
        Td = 1124.82
        Te = 562.412
        Tf = 281.206
DiffEv reached_goal. cost=2.21489e-03 spread=2.84197e-06
Fitted parameter values
Free:
       pc1 = -3.91208
       pc2 = -0.197652
       pc3 = -1.85553
       pc4 = 1.56955
       pc5 = 1.23447
       pc6 = -1.69265
       pc7 = -1.86706
       pc8 = 0.775915
       pc9 = -0.235979
      pc10 = 0.572151
      pc11 = 0.0963566
      pc12 = -0.153659
      pc13 = 0.547224
      pc14 = -0.342545
      pc15 = -0.0611626
      pc16 = 0.0146701
Constrained:
     Tecnw = 44905.7
       Tnw = 773.763
       Tec = 412.458
     twoNb = 5.41422e+06
     twoNe = 67882.4
     twoNc = 51939.7
     twoNn = 586553
     twoNw = 1.20367e+06
    twoNec = 103408
    twoNnw = 119902
  twoNecnw = 22892.5
  twoNbecnw = 55330.8
        m3 = 0.159235
        m4 = 0.0362217
        m5 = 0.227904
        m6 = 0.204551
        Tc = 386.881
        Td = 193.441
        Te = 96.7204
        Tf = 48.3602
#       SitePat  BranchLen
              b 122505.1391908
              e 46174.4846103
              c 47954.3508314
              n 44041.3637381
              w 46338.2288736
            b:e 1266.4461472
            b:c 1718.4977294
            b:n 1112.1276355
            b:w 1270.0360239
            e:c 11961.7949358
            e:n 4940.1282208
            e:w 4288.2769119
            c:n 4659.5348199
            c:w 3967.9333835
            n:w 12780.5809703
          b:e:c 1401.4760146
          b:e:n 626.7986784
          b:e:w 628.8291033
          b:c:n 629.5195016
          b:c:w 627.5508921
          b:n:w 1400.4184360
          e:c:n 4929.3160542
          e:c:w 3975.9036642
          e:n:w 6134.7441365
          c:n:w 4918.9805939
        b:e:c:n 1270.7882375
        b:e:c:w 1112.8180337
        b:e:n:w 1684.1636690
        b:c:n:w 1267.5037259
        e:c:n:w 48126.1446013
