########################################
# legofit: estimate population history #
#       version 2.3.4-4-g53f8760       #
########################################

# Program was compiled: Sep 21 2021 14:36:42
# Program was run: Thu Sep 23 01:04:12 2021

# cmd: legofit -1 -d 0 -t 32 --ptsPerDim 3 --stateOut b1boot46.state --tol 3e-6 -S 5000 cdef2.lgo ../../chrX/boot_chrX/boot46.opf
# Stage nOptItr nSimReps
#     0    5000        0
# algorithm          : deterministic
# ignoring probs <=  : 0
# Branch length floor: 0
# DE strategy        : 2
#    F               : 0.3
#    CR              : 0.8
#    tolerance       : 3e-06
# nthreads           : 32
# lgo input file     : cdef2.lgo
# site pat input file: ../../chrX/boot_chrX/boot46.opf
# free parameters    : 16
# points in DE swarm : 48
# output state file  : b1boot46.state
# Including singleton site patterns.
# cost function      : KL
Initial parameter values
Fixed:
      zero = 0
       one = 1
    Tbecnw = 75200
Free:
       pc1 = 0
       pc2 = 0
       pc3 = 0
       pc4 = 0
       pc5 = 0
       pc6 = 0
       pc7 = 0
       pc8 = 0
       pc9 = 0
      pc10 = 0
      pc11 = 0
      pc12 = 0
      pc13 = 0
      pc14 = 0
      pc15 = 0
      pc16 = 0
Constrained:
     Tecnw = 44814.3
       Tnw = 4499.29
       Tec = 2314.53
     twoNb = 2.56714e+06
     twoNe = 19521.7
     twoNc = 274838
     twoNn = 294080
     twoNw = 1.10922e+06
    twoNec = 99630
    twoNnw = 99723.9
  twoNecnw = 23027.6
  twoNbecnw = 55746.3
        m3 = 0.174865
        m4 = 0.0288631
        m5 = 0.227579
        m6 = 0.198488
        Tc = 2249.65
        Td = 1124.82
        Te = 562.412
        Tf = 281.206
DiffEv reached_goal. cost=2.18908e-03 spread=2.27009e-06
Fitted parameter values
Free:
       pc1 = -3.87238
       pc2 = -0.278259
       pc3 = -1.66297
       pc4 = 1.57239
       pc5 = 1.40881
       pc6 = -1.14847
       pc7 = -1.36759
       pc8 = 1.49105
       pc9 = -0.876972
      pc10 = -0.728615
      pc11 = 0.415941
      pc12 = 0.512903
      pc13 = 0.204567
      pc14 = -0.333057
      pc15 = -0.00569692
      pc16 = 0.0100938
Constrained:
     Tecnw = 45041.9
       Tnw = 882.05
       Tec = 447.016
     twoNb = 5.76347e+06
     twoNe = 77674.8
     twoNc = 315882
     twoNn = 256788
     twoNw = 1.26238e+06
    twoNec = 105396
    twoNnw = 119594
  twoNecnw = 22658.8
  twoNbecnw = 55472.8
        m3 = 0.164845
        m4 = 0.0328739
        m5 = 0.228811
        m6 = 0.204156
        Tc = 441.025
        Td = 220.513
        Te = 110.256
        Tf = 55.1281
#       SitePat  BranchLen
              b 122721.1424512
              e 46255.9489645
              c 47936.3962984
              n 44074.2871045
              w 46405.6536670
            b:e 1262.1628925
            b:c 1677.0683580
            b:n 1105.2394240
            b:w 1265.0055180
            e:c 11831.7328795
            e:n 4944.4395015
            e:w 4289.4985076
            c:n 4683.5368936
            c:w 3970.5064379
            n:w 12666.4572791
          b:e:c 1386.4890535
          b:e:n 625.7881193
          b:e:w 628.6653304
          b:c:n 629.2518582
          b:c:w 626.4277178
          b:n:w 1385.5933973
          e:c:n 4921.6027800
          e:c:w 3958.2076671
          e:n:w 6043.1226758
          c:n:w 4911.1067415
        b:e:c:n 1265.6451166
        b:e:c:w 1105.8259518
        b:e:n:w 1647.7268625
        b:c:n:w 1263.0585487
        e:c:n:w 48428.2342973
