########################################
# legofit: estimate population history #
#       version 2.3.4-4-g53f8760       #
########################################

# Program was compiled: Sep 21 2021 14:36:42
# Program was run: Thu Sep 23 01:03:19 2021

# cmd: legofit -1 -d 0 -t 32 --ptsPerDim 3 --stateOut b1boot2.state --tol 3e-6 -S 5000 cdef2.lgo ../../chrX/boot_chrX/boot2.opf
# Stage nOptItr nSimReps
#     0    5000        0
# algorithm          : deterministic
# ignoring probs <=  : 0
# Branch length floor: 0
# DE strategy        : 2
#    F               : 0.3
#    CR              : 0.8
#    tolerance       : 3e-06
# nthreads           : 32
# lgo input file     : cdef2.lgo
# site pat input file: ../../chrX/boot_chrX/boot2.opf
# free parameters    : 16
# points in DE swarm : 48
# output state file  : b1boot2.state
# Including singleton site patterns.
# cost function      : KL
Initial parameter values
Fixed:
      zero = 0
       one = 1
    Tbecnw = 75200
Free:
       pc1 = 0
       pc2 = 0
       pc3 = 0
       pc4 = 0
       pc5 = 0
       pc6 = 0
       pc7 = 0
       pc8 = 0
       pc9 = 0
      pc10 = 0
      pc11 = 0
      pc12 = 0
      pc13 = 0
      pc14 = 0
      pc15 = 0
      pc16 = 0
Constrained:
     Tecnw = 44814.3
       Tnw = 4499.29
       Tec = 2314.53
     twoNb = 2.56714e+06
     twoNe = 19521.7
     twoNc = 274838
     twoNn = 294080
     twoNw = 1.10922e+06
    twoNec = 99630
    twoNnw = 99723.9
  twoNecnw = 23027.6
  twoNbecnw = 55746.3
        m3 = 0.174865
        m4 = 0.0288631
        m5 = 0.227579
        m6 = 0.198488
        Tc = 2249.65
        Td = 1124.82
        Te = 562.412
        Tf = 281.206
DiffEv reached_goal. cost=2.27592e-03 spread=1.66601e-06
Fitted parameter values
Free:
       pc1 = -3.76041
       pc2 = -1.23199
       pc3 = -1.51212
       pc4 = 2.76114
       pc5 = 0.702969
       pc6 = -0.472679
       pc7 = -1.79128
       pc8 = 1.14067
       pc9 = -0.0280076
      pc10 = -0.503215
      pc11 = 0.382587
      pc12 = 0.0282105
      pc13 = 0.33561
      pc14 = 0.306582
      pc15 = -0.211066
      pc16 = 0.000489804
Constrained:
     Tecnw = 45546.3
       Tnw = 1488.86
       Tec = 767.274
     twoNb = 5.64476e+06
     twoNe = 53645.2
     twoNc = 429487
     twoNn = 335277
     twoNw = 1.10277e+06
    twoNec = 101980
    twoNnw = 111523
  twoNecnw = 22305.6
  twoNbecnw = 55128
        m3 = 0.16218
        m4 = 0.0377071
        m5 = 0.226225
        m6 = 0.207635
        Tc = 744.431
        Td = 372.215
        Te = 186.108
        Tf = 93.0538
#       SitePat  BranchLen
              b 122417.5937873
              e 46331.0137135
              c 48079.2970821
              n 43796.1794746
              w 46106.0062308
            b:e 1258.7853530
            b:c 1719.8307915
            b:n 1076.3854713
            b:w 1235.0225810
            e:c 11967.0949166
            e:n 4888.6340625
            e:w 4223.2871479
            c:n 4615.7136718
            c:w 3936.7898424
            n:w 13016.8144398
          b:e:c 1398.5678290
          b:e:n 609.8093827
          b:e:w 610.5746769
          b:c:n 611.2386741
          b:c:w 610.5355191
          b:n:w 1397.5222910
          e:c:n 4811.2236737
          e:c:w 3845.6676615
          e:n:w 6163.6647211
          c:n:w 4938.3558533
        b:e:c:n 1235.7487174
        b:e:c:w 1077.0494685
        b:e:n:w 1685.8232676
        b:c:n:w 1259.8308909
        e:c:n:w 48097.3741093
