########################################
# legofit: estimate population history #
#       version 2.3.4-4-g53f8760       #
########################################

# Program was compiled: Sep 21 2021 14:36:42
# Program was run: Thu Sep 23 01:04:12 2021

# cmd: legofit -1 -d 0 -t 32 --ptsPerDim 3 --stateOut b1boot45.state --tol 3e-6 -S 5000 cdef2.lgo ../../chrX/boot_chrX/boot45.opf
# Stage nOptItr nSimReps
#     0    5000        0
# algorithm          : deterministic
# ignoring probs <=  : 0
# Branch length floor: 0
# DE strategy        : 2
#    F               : 0.3
#    CR              : 0.8
#    tolerance       : 3e-06
# nthreads           : 32
# lgo input file     : cdef2.lgo
# site pat input file: ../../chrX/boot_chrX/boot45.opf
# free parameters    : 16
# points in DE swarm : 48
# output state file  : b1boot45.state
# Including singleton site patterns.
# cost function      : KL
Initial parameter values
Fixed:
      zero = 0
       one = 1
    Tbecnw = 75200
Free:
       pc1 = 0
       pc2 = 0
       pc3 = 0
       pc4 = 0
       pc5 = 0
       pc6 = 0
       pc7 = 0
       pc8 = 0
       pc9 = 0
      pc10 = 0
      pc11 = 0
      pc12 = 0
      pc13 = 0
      pc14 = 0
      pc15 = 0
      pc16 = 0
Constrained:
     Tecnw = 44814.3
       Tnw = 4499.29
       Tec = 2314.53
     twoNb = 2.56714e+06
     twoNe = 19521.7
     twoNc = 274838
     twoNn = 294080
     twoNw = 1.10922e+06
    twoNec = 99630
    twoNnw = 99723.9
  twoNecnw = 23027.6
  twoNbecnw = 55746.3
        m3 = 0.174865
        m4 = 0.0288631
        m5 = 0.227579
        m6 = 0.198488
        Tc = 2249.65
        Td = 1124.82
        Te = 562.412
        Tf = 281.206
DiffEv reached_goal. cost=2.07176e-03 spread=2.96505e-06
Fitted parameter values
Free:
       pc1 = -3.97429
       pc2 = -0.583968
       pc3 = -1.99341
       pc4 = 2.60363
       pc5 = 0.643101
       pc6 = -0.975357
       pc7 = -0.468959
       pc8 = 0.393223
       pc9 = -0.133921
      pc10 = 0.411021
      pc11 = 0.770818
      pc12 = -0.115172
      pc13 = 0.0540715
      pc14 = -0.0617542
      pc15 = 0.0932756
      pc16 = 0.0565811
Constrained:
     Tecnw = 45038.5
       Tnw = 875.345
       Tec = 555.429
     twoNb = 5.18006e+06
     twoNe = 4473.45
     twoNc = 158839
     twoNn = 216966
     twoNw = 1.22807e+06
    twoNec = 102620
    twoNnw = 120269
  twoNecnw = 22494.1
  twoNbecnw = 55188
        m3 = 0.156596
        m4 = 0.0369065
        m5 = 0.222332
        m6 = 0.208967
        Tc = 437.673
        Td = 218.836
        Te = 109.418
        Tf = 54.7091
#       SitePat  BranchLen
              b 122508.9773741
              e 46095.1903589
              c 47857.7887662
              n 43935.2897352
              w 46330.3759662
            b:e 1242.7552286
            b:c 1695.0155650
            b:n 1088.4229238
            b:w 1246.9698629
            e:c 11896.8040738
            e:n 4985.7707409
            e:w 4184.9148303
            c:n 4584.6664929
            c:w 3963.7826311
            n:w 12699.9996549
          b:e:c 1376.0210782
          b:e:n 616.9196308
          b:e:w 611.4667146
          b:c:n 612.1801897
          b:c:w 617.7019396
          b:n:w 1374.9223907
          e:c:n 4894.1809045
          e:c:w 3920.8344460
          e:n:w 6057.0703394
          c:n:w 4877.7878260
        b:e:c:n 1247.7521717
        b:e:c:w 1089.1363988
        b:e:n:w 1658.6894830
        b:c:n:w 1243.8539161
        e:c:n:w 48353.2784680
