########################################
# legofit: estimate population history #
#       version 2.3.4-4-g53f8760       #
########################################

# Program was compiled: Sep 21 2021 14:36:42
# Program was run: Thu Sep 23 01:03:26 2021

# cmd: legofit -1 -d 0 -t 32 --ptsPerDim 3 --stateOut b1boot7.state --tol 3e-6 -S 5000 cdef2.lgo ../../chrX/boot_chrX/boot7.opf
# Stage nOptItr nSimReps
#     0    5000        0
# algorithm          : deterministic
# ignoring probs <=  : 0
# Branch length floor: 0
# DE strategy        : 2
#    F               : 0.3
#    CR              : 0.8
#    tolerance       : 3e-06
# nthreads           : 32
# lgo input file     : cdef2.lgo
# site pat input file: ../../chrX/boot_chrX/boot7.opf
# free parameters    : 16
# points in DE swarm : 48
# output state file  : b1boot7.state
# Including singleton site patterns.
# cost function      : KL
Initial parameter values
Fixed:
      zero = 0
       one = 1
    Tbecnw = 75200
Free:
       pc1 = 0
       pc2 = 0
       pc3 = 0
       pc4 = 0
       pc5 = 0
       pc6 = 0
       pc7 = 0
       pc8 = 0
       pc9 = 0
      pc10 = 0
      pc11 = 0
      pc12 = 0
      pc13 = 0
      pc14 = 0
      pc15 = 0
      pc16 = 0
Constrained:
     Tecnw = 44814.3
       Tnw = 4499.29
       Tec = 2314.53
     twoNb = 2.56714e+06
     twoNe = 19521.7
     twoNc = 274838
     twoNn = 294080
     twoNw = 1.10922e+06
    twoNec = 99630
    twoNnw = 99723.9
  twoNecnw = 23027.6
  twoNbecnw = 55746.3
        m3 = 0.174865
        m4 = 0.0288631
        m5 = 0.227579
        m6 = 0.198488
        Tc = 2249.65
        Td = 1124.82
        Te = 562.412
        Tf = 281.206
DiffEv reached_goal. cost=2.29092e-03 spread=2.91800e-06
Fitted parameter values
Free:
       pc1 = -3.51322
       pc2 = -0.964311
       pc3 = -1.65536
       pc4 = 1.34764
       pc5 = -1.06133
       pc6 = -0.62523
       pc7 = -0.807314
       pc8 = 1.16715
       pc9 = -0.151428
      pc10 = -0.154979
      pc11 = 0.622938
      pc12 = 0.298277
      pc13 = 0.492958
      pc14 = -0.576042
      pc15 = 0.0628622
      pc16 = 0.0248773
Constrained:
     Tecnw = 45491.6
       Tnw = 1191.23
       Tec = 677.162
     twoNb = 4.66435e+06
     twoNe = 6446.48
     twoNc = 512825
     twoNn = 534976
     twoNw = 1.57554e+06
    twoNec = 102703
    twoNnw = 118353
  twoNecnw = 22605
  twoNbecnw = 55970.3
        m3 = 0.170395
        m4 = 0.0346564
        m5 = 0.219475
        m6 = 0.205544
        Tc = 595.615
        Td = 297.808
        Te = 148.904
        Tf = 74.4519
#       SitePat  BranchLen
              b 123014.5697536
              e 46450.8924143
              c 48073.6001868
              n 44295.2518026
              w 46883.3424162
            b:e 1288.6245854
            b:c 1721.0161830
            b:n 1128.2331406
            b:w 1307.4135004
            e:c 12088.2970922
            e:n 5034.1660867
            e:w 4227.9066939
            c:n 4710.5715250
            c:w 3998.1639133
            n:w 12794.4559299
          b:e:c 1431.8585004
          b:e:n 639.9138269
          b:e:w 637.0480257
          b:c:n 637.8226273
          b:c:w 640.7683100
          b:n:w 1430.6652819
          e:c:n 5034.7782688
          e:c:w 3965.3546597
          e:n:w 6042.5611277
          c:n:w 4932.1716026
        b:e:c:n 1308.2679834
        b:e:c:w 1129.0077422
        b:e:n:w 1682.8193912
        b:c:n:w 1289.8178040
        e:c:n:w 48326.3502574
