########################################
# legofit: estimate population history #
#       version 2.3.4-4-g53f8760       #
########################################

# Program was compiled: Sep 21 2021 14:36:42
# Program was run: Thu Sep 23 01:04:05 2021

# cmd: legofit -1 -d 0 -t 32 --ptsPerDim 3 --stateOut b1boot39.state --tol 3e-6 -S 5000 cdef2.lgo ../../chrX/boot_chrX/boot39.opf
# Stage nOptItr nSimReps
#     0    5000        0
# algorithm          : deterministic
# ignoring probs <=  : 0
# Branch length floor: 0
# DE strategy        : 2
#    F               : 0.3
#    CR              : 0.8
#    tolerance       : 3e-06
# nthreads           : 32
# lgo input file     : cdef2.lgo
# site pat input file: ../../chrX/boot_chrX/boot39.opf
# free parameters    : 16
# points in DE swarm : 48
# output state file  : b1boot39.state
# Including singleton site patterns.
# cost function      : KL
Initial parameter values
Fixed:
      zero = 0
       one = 1
    Tbecnw = 75200
Free:
       pc1 = 0
       pc2 = 0
       pc3 = 0
       pc4 = 0
       pc5 = 0
       pc6 = 0
       pc7 = 0
       pc8 = 0
       pc9 = 0
      pc10 = 0
      pc11 = 0
      pc12 = 0
      pc13 = 0
      pc14 = 0
      pc15 = 0
      pc16 = 0
Constrained:
     Tecnw = 44814.3
       Tnw = 4499.29
       Tec = 2314.53
     twoNb = 2.56714e+06
     twoNe = 19521.7
     twoNc = 274838
     twoNn = 294080
     twoNw = 1.10922e+06
    twoNec = 99630
    twoNnw = 99723.9
  twoNecnw = 23027.6
  twoNbecnw = 55746.3
        m3 = 0.174865
        m4 = 0.0288631
        m5 = 0.227579
        m6 = 0.198488
        Tc = 2249.65
        Td = 1124.82
        Te = 562.412
        Tf = 281.206
DiffEv reached_goal. cost=2.32642e-03 spread=2.93908e-06
Fitted parameter values
Free:
       pc1 = -3.90545
       pc2 = -1.94155
       pc3 = -1.86334
       pc4 = 1.46551
       pc5 = 0.898579
       pc6 = -1.60302
       pc7 = -0.482147
       pc8 = 0.251588
       pc9 = 0.249601
      pc10 = 1.28564
      pc11 = 1.5109
      pc12 = 0.325641
      pc13 = -0.572469
      pc14 = -0.183272
      pc15 = 0.124958
      pc16 = 0.0734593
Constrained:
     Tecnw = 44864.2
       Tnw = 1307.21
       Tec = 792.532
     twoNb = 4.90325e+06
     twoNe = 3787.69
     twoNc = 102944
     twoNn = 508323
     twoNw = 1.27605e+06
    twoNec = 102670
    twoNnw = 120284
  twoNecnw = 22447.5
  twoNbecnw = 56005.9
        m3 = 0.144879
        m4 = 0.0342556
        m5 = 0.225134
        m6 = 0.221727
        Tc = 653.606
        Td = 326.803
        Te = 163.401
        Tf = 81.7007
#       SitePat  BranchLen
              b 123318.4803791
              e 46231.4435489
              c 47746.3476726
              n 43962.1314781
              w 46150.1857215
            b:e 1261.7174814
            b:c 1673.9301483
            b:n 1096.6239453
            b:w 1241.2377448
            e:c 11740.7575522
            e:n 4959.7621034
            e:w 4174.6491508
            c:n 4568.0645026
            c:w 4049.2307774
            n:w 12598.3045363
          b:e:c 1374.4781919
          b:e:n 623.4256450
          b:e:w 614.5992374
          b:c:n 615.2908713
          b:c:w 624.1792956
          b:n:w 1373.4131376
          e:c:n 4844.9275768
          e:c:w 3960.8200112
          e:n:w 6014.7482819
          c:n:w 4979.1697461
        b:e:c:n 1241.9913955
        b:e:c:w 1097.3155792
        b:e:n:w 1638.6501010
        b:c:n:w 1262.7825357
        e:c:n:w 49278.8298327
