########################################
# legofit: estimate population history #
#       version 2.3.4-4-g53f8760       #
########################################

# Program was compiled: Sep 21 2021 14:36:42
# Program was run: Thu Sep 23 01:03:58 2021

# cmd: legofit -1 -d 0 -t 32 --ptsPerDim 3 --stateOut b1boot33.state --tol 3e-6 -S 5000 cdef2.lgo ../../chrX/boot_chrX/boot33.opf
# Stage nOptItr nSimReps
#     0    5000        0
# algorithm          : deterministic
# ignoring probs <=  : 0
# Branch length floor: 0
# DE strategy        : 2
#    F               : 0.3
#    CR              : 0.8
#    tolerance       : 3e-06
# nthreads           : 32
# lgo input file     : cdef2.lgo
# site pat input file: ../../chrX/boot_chrX/boot33.opf
# free parameters    : 16
# points in DE swarm : 48
# output state file  : b1boot33.state
# Including singleton site patterns.
# cost function      : KL
Initial parameter values
Fixed:
      zero = 0
       one = 1
    Tbecnw = 75200
Free:
       pc1 = 0
       pc2 = 0
       pc3 = 0
       pc4 = 0
       pc5 = 0
       pc6 = 0
       pc7 = 0
       pc8 = 0
       pc9 = 0
      pc10 = 0
      pc11 = 0
      pc12 = 0
      pc13 = 0
      pc14 = 0
      pc15 = 0
      pc16 = 0
Constrained:
     Tecnw = 44814.3
       Tnw = 4499.29
       Tec = 2314.53
     twoNb = 2.56714e+06
     twoNe = 19521.7
     twoNc = 274838
     twoNn = 294080
     twoNw = 1.10922e+06
    twoNec = 99630
    twoNnw = 99723.9
  twoNecnw = 23027.6
  twoNbecnw = 55746.3
        m3 = 0.174865
        m4 = 0.0288631
        m5 = 0.227579
        m6 = 0.198488
        Tc = 2249.65
        Td = 1124.82
        Te = 562.412
        Tf = 281.206
DiffEv reached_goal. cost=2.32526e-03 spread=2.94627e-06
Fitted parameter values
Free:
       pc1 = -1.83744
       pc2 = -1.6263
       pc3 = -1.08325
       pc4 = 1.09242
       pc5 = 0.134245
       pc6 = -1.3192
       pc7 = -0.920745
       pc8 = 1.6972
       pc9 = -1.248
      pc10 = 0.485132
      pc11 = 1.7344
      pc12 = -0.758746
      pc13 = -0.560767
      pc14 = 0.0421323
      pc15 = -0.216446
      pc16 = 0.116121
Constrained:
     Tecnw = 44852.4
       Tnw = 3379.64
       Tec = 1840.91
     twoNb = 5.37154e+06
     twoNe = 14144.4
     twoNc = 286898
     twoNn = 422338
     twoNw = 1.4094e+06
    twoNec = 98205.7
    twoNnw = 104571
  twoNecnw = 22575.7
  twoNbecnw = 57192.8
        m3 = 0.152915
        m4 = 0.0309569
        m5 = 0.222564
        m6 = 0.205572
        Tc = 1689.82
        Td = 844.91
        Te = 422.455
        Tf = 211.227
#       SitePat  BranchLen
              b 124379.8106000
              e 46156.5345796
              c 47714.8082678
              n 43758.6199663
              w 45963.7669764
            b:e 1288.2869289
            b:c 1688.3687059
            b:n 1100.5434364
            b:w 1256.2707710
            e:c 12066.9379939
            e:n 4808.6843713
            e:w 4152.2076799
            c:n 4525.3439088
            c:w 3913.4879839
            n:w 12981.4801807
          b:e:c 1444.2166231
          b:e:n 617.5055240
          b:e:w 616.6037468
          b:c:n 617.1844792
          b:c:w 618.1392277
          b:n:w 1443.2928137
          e:c:n 4874.9276987
          e:c:w 3938.1133050
          e:n:w 6116.4969213
          c:n:w 5048.3495025
        b:e:c:n 1256.9044747
        b:e:c:w 1101.1241687
        b:e:n:w 1658.5730622
        b:c:n:w 1289.2107383
        e:c:n:w 50278.9182224
