########################################
# legofit: estimate population history #
#       version 2.3.4-4-g53f8760       #
########################################

# Program was compiled: Sep 21 2021 14:36:42
# Program was run: Thu Sep 23 01:03:25 2021

# cmd: legofit -1 -d 0 -t 32 --ptsPerDim 3 --stateOut b1boot3.state --tol 3e-6 -S 5000 cdef2.lgo ../../chrX/boot_chrX/boot3.opf
# Stage nOptItr nSimReps
#     0    5000        0
# algorithm          : deterministic
# ignoring probs <=  : 0
# Branch length floor: 0
# DE strategy        : 2
#    F               : 0.3
#    CR              : 0.8
#    tolerance       : 3e-06
# nthreads           : 32
# lgo input file     : cdef2.lgo
# site pat input file: ../../chrX/boot_chrX/boot3.opf
# free parameters    : 16
# points in DE swarm : 48
# output state file  : b1boot3.state
# Including singleton site patterns.
# cost function      : KL
Initial parameter values
Fixed:
      zero = 0
       one = 1
    Tbecnw = 75200
Free:
       pc1 = 0
       pc2 = 0
       pc3 = 0
       pc4 = 0
       pc5 = 0
       pc6 = 0
       pc7 = 0
       pc8 = 0
       pc9 = 0
      pc10 = 0
      pc11 = 0
      pc12 = 0
      pc13 = 0
      pc14 = 0
      pc15 = 0
      pc16 = 0
Constrained:
     Tecnw = 44814.3
       Tnw = 4499.29
       Tec = 2314.53
     twoNb = 2.56714e+06
     twoNe = 19521.7
     twoNc = 274838
     twoNn = 294080
     twoNw = 1.10922e+06
    twoNec = 99630
    twoNnw = 99723.9
  twoNecnw = 23027.6
  twoNbecnw = 55746.3
        m3 = 0.174865
        m4 = 0.0288631
        m5 = 0.227579
        m6 = 0.198488
        Tc = 2249.65
        Td = 1124.82
        Te = 562.412
        Tf = 281.206
DiffEv reached_goal. cost=2.23560e-03 spread=2.56791e-06
Fitted parameter values
Free:
       pc1 = -3.6285
       pc2 = -0.186409
       pc3 = -1.89406
       pc4 = 2.89379
       pc5 = 0.324902
       pc6 = -1.52267
       pc7 = -1.96591
       pc8 = 1.47899
       pc9 = 0.320299
      pc10 = -0.637469
      pc11 = 0.187547
      pc12 = -0.199059
      pc13 = 0.254532
      pc14 = -0.196989
      pc15 = -0.0282222
      pc16 = 0.0119712
Constrained:
     Tecnw = 45122.6
       Tnw = 1506.42
       Tec = 774.761
     twoNb = 5.82145e+06
     twoNe = 71474.6
     twoNc = 251176
     twoNn = 370587
     twoNw = 1.4617e+06
    twoNec = 101523
    twoNnw = 115590
  twoNecnw = 22481
  twoNbecnw = 55076.4
        m3 = 0.17411
        m4 = 0.0389144
        m5 = 0.22078
        m6 = 0.20504
        Tc = 753.21
        Td = 376.605
        Te = 188.303
        Tf = 94.1513
#       SitePat  BranchLen
              b 122386.1634781
              e 46121.6768578
              c 47866.4760769
              n 43957.2852428
              w 46488.4875778
            b:e 1239.1827201
            b:c 1710.7881576
            b:n 1081.8255570
            b:w 1254.1201498
            e:c 11889.9584316
            e:n 4945.4187041
            e:w 4203.0527320
            c:n 4671.0288890
            c:w 3935.0472945
            n:w 12624.5410967
          b:e:c 1373.4729412
          b:e:n 614.8082140
          b:e:w 614.5999298
          b:c:n 615.2704022
          b:c:w 615.5468641
          b:n:w 1372.4407583
          e:c:n 4943.6617806
          e:c:w 3890.8070123
          e:n:w 6091.6147311
          c:n:w 4852.6398053
        b:e:c:n 1254.8587999
        b:e:c:w 1082.4960293
        b:e:n:w 1676.6585035
        b:c:n:w 1240.2149031
        e:c:n:w 48190.1800205
