########################################
# legofit: estimate population history #
#       version 2.3.4-4-g53f8760       #
########################################

# Program was compiled: Sep 21 2021 14:36:42
# Program was run: Thu Sep 23 01:03:58 2021

# cmd: legofit -1 -d 0 -t 32 --ptsPerDim 3 --stateOut b1boot34.state --tol 3e-6 -S 5000 cdef2.lgo ../../chrX/boot_chrX/boot34.opf
# Stage nOptItr nSimReps
#     0    5000        0
# algorithm          : deterministic
# ignoring probs <=  : 0
# Branch length floor: 0
# DE strategy        : 2
#    F               : 0.3
#    CR              : 0.8
#    tolerance       : 3e-06
# nthreads           : 32
# lgo input file     : cdef2.lgo
# site pat input file: ../../chrX/boot_chrX/boot34.opf
# free parameters    : 16
# points in DE swarm : 48
# output state file  : b1boot34.state
# Including singleton site patterns.
# cost function      : KL
Initial parameter values
Fixed:
      zero = 0
       one = 1
    Tbecnw = 75200
Free:
       pc1 = 0
       pc2 = 0
       pc3 = 0
       pc4 = 0
       pc5 = 0
       pc6 = 0
       pc7 = 0
       pc8 = 0
       pc9 = 0
      pc10 = 0
      pc11 = 0
      pc12 = 0
      pc13 = 0
      pc14 = 0
      pc15 = 0
      pc16 = 0
Constrained:
     Tecnw = 44814.3
       Tnw = 4499.29
       Tec = 2314.53
     twoNb = 2.56714e+06
     twoNe = 19521.7
     twoNc = 274838
     twoNn = 294080
     twoNw = 1.10922e+06
    twoNec = 99630
    twoNnw = 99723.9
  twoNecnw = 23027.6
  twoNbecnw = 55746.3
        m3 = 0.174865
        m4 = 0.0288631
        m5 = 0.227579
        m6 = 0.198488
        Tc = 2249.65
        Td = 1124.82
        Te = 562.412
        Tf = 281.206
DiffEv reached_goal. cost=2.11152e-03 spread=2.86586e-06
Fitted parameter values
Free:
       pc1 = -3.82476
       pc2 = 0.334208
       pc3 = -1.8149
       pc4 = 0.782764
       pc5 = 1.69645
       pc6 = -0.940564
       pc7 = -1.08697
       pc8 = 0.151869
       pc9 = -0.795081
      pc10 = -0.172089
      pc11 = -0.76132
      pc12 = -0.952874
      pc13 = -0.424741
      pc14 = -0.24481
      pc15 = 0.00103785
      pc16 = -0.00245911
Constrained:
     Tecnw = 44256.7
       Tnw = 488.889
       Tec = 245.544
     twoNb = 4.54263e+06
     twoNe = 73267.8
     twoNc = 111743
     twoNn = 332506
     twoNw = 1.17858e+06
    twoNec = 102534
    twoNnw = 122367
  twoNecnw = 22508
  twoNbecnw = 55148.7
        m3 = 0.154294
        m4 = 0.0342653
        m5 = 0.236233
        m6 = 0.194874
        Tc = 244.445
        Td = 122.222
        Te = 61.1112
        Tf = 30.5556
#       SitePat  BranchLen
              b 122716.1506512
              e 45357.3659860
              c 47401.8685552
              n 43591.5677671
              w 45805.9113031
            b:e 1187.2458598
            b:c 1650.6516017
            b:n 1063.0119705
            b:w 1209.1495761
            e:c 11801.8258206
            e:n 4854.2457611
            e:w 4270.3741434
            c:n 4537.2948328
            c:w 3821.5185547
            n:w 12494.1055287
          b:e:c 1327.8773211
          b:e:n 593.3902525
          b:e:w 599.6196888
          b:c:n 600.3718841
          b:c:w 594.2057439
          b:n:w 1326.7399626
          e:c:n 4850.3066742
          e:c:w 3935.6110340
          e:n:w 6062.8657076
          c:n:w 4742.2088554
        b:e:c:n 1209.9650676
        b:e:c:w 1063.7641657
        b:e:n:w 1611.3958468
        b:c:n:w 1188.3832183
        e:c:n:w 49216.0694813
