########################################
# legofit: estimate population history #
#       version 2.3.4-4-g53f8760       #
########################################

# Program was compiled: Sep 21 2021 14:36:42
# Program was run: Thu Sep 23 01:03:31 2021

# cmd: legofit -1 -d 0 -t 32 --ptsPerDim 3 --stateOut b1boot13.state --tol 3e-6 -S 5000 cdef2.lgo ../../chrX/boot_chrX/boot13.opf
# Stage nOptItr nSimReps
#     0    5000        0
# algorithm          : deterministic
# ignoring probs <=  : 0
# Branch length floor: 0
# DE strategy        : 2
#    F               : 0.3
#    CR              : 0.8
#    tolerance       : 3e-06
# nthreads           : 32
# lgo input file     : cdef2.lgo
# site pat input file: ../../chrX/boot_chrX/boot13.opf
# free parameters    : 16
# points in DE swarm : 48
# output state file  : b1boot13.state
# Including singleton site patterns.
# cost function      : KL
Initial parameter values
Fixed:
      zero = 0
       one = 1
    Tbecnw = 75200
Free:
       pc1 = 0
       pc2 = 0
       pc3 = 0
       pc4 = 0
       pc5 = 0
       pc6 = 0
       pc7 = 0
       pc8 = 0
       pc9 = 0
      pc10 = 0
      pc11 = 0
      pc12 = 0
      pc13 = 0
      pc14 = 0
      pc15 = 0
      pc16 = 0
Constrained:
     Tecnw = 44814.3
       Tnw = 4499.29
       Tec = 2314.53
     twoNb = 2.56714e+06
     twoNe = 19521.7
     twoNc = 274838
     twoNn = 294080
     twoNw = 1.10922e+06
    twoNec = 99630
    twoNnw = 99723.9
  twoNecnw = 23027.6
  twoNbecnw = 55746.3
        m3 = 0.174865
        m4 = 0.0288631
        m5 = 0.227579
        m6 = 0.198488
        Tc = 2249.65
        Td = 1124.82
        Te = 562.412
        Tf = 281.206
DiffEv reached_goal. cost=2.18656e-03 spread=2.32547e-06
Fitted parameter values
Free:
       pc1 = -2.23052
       pc2 = -1.50718
       pc3 = -1.05298
       pc4 = 3.65723
       pc5 = -1.10301
       pc6 = -0.939322
       pc7 = -1.5588
       pc8 = 1.87473
       pc9 = -0.151082
      pc10 = -0.139165
      pc11 = 0.286962
      pc12 = -0.875837
      pc13 = -0.0756245
      pc14 = 0.0720972
      pc15 = 0.00555303
      pc16 = 0.055584
Constrained:
     Tecnw = 45527.7
       Tnw = 3528.19
       Tec = 1880.45
     twoNb = 5.66827e+06
     twoNe = 6383.36
     twoNc = 404567
     twoNn = 345855
     twoNw = 1.38649e+06
    twoNec = 95977.1
    twoNnw = 105173
  twoNecnw = 22218.3
  twoNbecnw = 56272.1
        m3 = 0.177939
        m4 = 0.0401827
        m5 = 0.220956
        m6 = 0.203822
        Tc = 1764.09
        Td = 882.047
        Te = 441.024
        Tf = 220.512
#       SitePat  BranchLen
              b 123432.8215362
              e 46171.1148977
              c 48120.7731380
              n 43986.0016320
              w 46698.9734452
            b:e 1258.7092800
            b:c 1763.0327317
            b:n 1086.2417804
            b:w 1274.6421083
            e:c 12028.4354397
            e:n 5011.0125873
            e:w 4161.2615459
            c:n 4614.7591911
            c:w 3893.6146429
            n:w 12734.3933713
          b:e:c 1419.1492525
          b:e:n 619.8983453
          b:e:w 616.1211683
          b:c:n 616.8308786
          b:c:w 620.6881738
          b:n:w 1418.0333262
          e:c:n 4994.2989361
          e:c:w 3852.2227125
          e:n:w 6202.6071043
          c:n:w 4877.8804015
        b:e:c:n 1275.4319369
        b:e:c:w 1086.9514907
        b:e:n:w 1726.6794350
        b:c:n:w 1259.8252063
        e:c:n:w 49051.1625179
