########################################
# legofit: estimate population history #
#       version 2.3.4-4-g53f8760       #
########################################

# Program was compiled: Sep 21 2021 14:36:42
# Program was run: Thu Sep 23 01:04:05 2021

# cmd: legofit -1 -d 0 -t 32 --ptsPerDim 3 --stateOut b1boot41.state --tol 3e-6 -S 5000 cdef2.lgo ../../chrX/boot_chrX/boot41.opf
# Stage nOptItr nSimReps
#     0    5000        0
# algorithm          : deterministic
# ignoring probs <=  : 0
# Branch length floor: 0
# DE strategy        : 2
#    F               : 0.3
#    CR              : 0.8
#    tolerance       : 3e-06
# nthreads           : 32
# lgo input file     : cdef2.lgo
# site pat input file: ../../chrX/boot_chrX/boot41.opf
# free parameters    : 16
# points in DE swarm : 48
# output state file  : b1boot41.state
# Including singleton site patterns.
# cost function      : KL
Initial parameter values
Fixed:
      zero = 0
       one = 1
    Tbecnw = 75200
Free:
       pc1 = 0
       pc2 = 0
       pc3 = 0
       pc4 = 0
       pc5 = 0
       pc6 = 0
       pc7 = 0
       pc8 = 0
       pc9 = 0
      pc10 = 0
      pc11 = 0
      pc12 = 0
      pc13 = 0
      pc14 = 0
      pc15 = 0
      pc16 = 0
Constrained:
     Tecnw = 44814.3
       Tnw = 4499.29
       Tec = 2314.53
     twoNb = 2.56714e+06
     twoNe = 19521.7
     twoNc = 274838
     twoNn = 294080
     twoNw = 1.10922e+06
    twoNec = 99630
    twoNnw = 99723.9
  twoNecnw = 23027.6
  twoNbecnw = 55746.3
        m3 = 0.174865
        m4 = 0.0288631
        m5 = 0.227579
        m6 = 0.198488
        Tc = 2249.65
        Td = 1124.82
        Te = 562.412
        Tf = 281.206
DiffEv reached_goal. cost=2.23348e-03 spread=2.89323e-06
Fitted parameter values
Free:
       pc1 = -3.94644
       pc2 = -1.94239
       pc3 = -1.40567
       pc4 = 1.29449
       pc5 = -1.05374
       pc6 = -1.5811
       pc7 = -1.9691
       pc8 = 1.95447
       pc9 = -1.14334
      pc10 = 0.544431
      pc11 = 0.25243
      pc12 = 0.170143
      pc13 = -0.193086
      pc14 = 0.446022
      pc15 = -0.0939623
      pc16 = 0.0019674
Constrained:
     Tecnw = 45319.3
       Tnw = 1834.82
       Tec = 917.773
     twoNb = 5.72956e+06
     twoNe = 16911.2
     twoNc = 452059
     twoNn = 838465
     twoNw = 1.54016e+06
    twoNec = 106018
    twoNnw = 111999
  twoNecnw = 22252.5
  twoNbecnw = 57183.3
        m3 = 0.162854
        m4 = 0.036641
        m5 = 0.228705
        m6 = 0.205043
        Tc = 917.41
        Td = 458.705
        Te = 229.352
        Tf = 114.676
#       SitePat  BranchLen
              b 124261.3379565
              e 46569.5740960
              c 48409.1077040
              n 43984.2329502
              w 46205.5820959
            b:e 1296.7821967
            b:c 1770.4510378
            b:n 1107.1363877
            b:w 1262.9169207
            e:c 11734.7824478
            e:n 4912.6785667
            e:w 4286.3039201
            c:n 4634.2280964
            c:w 3961.3422556
            n:w 12880.1870328
          b:e:c 1418.2781759
          b:e:n 631.3269932
          b:e:w 633.6949818
          b:c:n 634.3524001
          b:c:w 632.0423472
          b:n:w 1417.2532307
          e:c:n 4839.7040126
          e:c:w 3917.6153543
          e:n:w 6281.4743406
          c:n:w 5009.6277388
        b:e:c:n 1263.6322746
        b:e:c:w 1107.7938061
        b:e:n:w 1737.1236266
        b:c:n:w 1297.8071419
        e:c:n:w 49841.1646845
