########################################
# legofit: estimate population history #
#       version 2.3.4-4-g53f8760       #
########################################

# Program was compiled: Sep 21 2021 14:36:42
# Program was run: Thu Sep 23 01:04:12 2021

# cmd: legofit -1 -d 0 -t 32 --ptsPerDim 3 --stateOut b1boot48.state --tol 3e-6 -S 5000 cdef2.lgo ../../chrX/boot_chrX/boot48.opf
# Stage nOptItr nSimReps
#     0    5000        0
# algorithm          : deterministic
# ignoring probs <=  : 0
# Branch length floor: 0
# DE strategy        : 2
#    F               : 0.3
#    CR              : 0.8
#    tolerance       : 3e-06
# nthreads           : 32
# lgo input file     : cdef2.lgo
# site pat input file: ../../chrX/boot_chrX/boot48.opf
# free parameters    : 16
# points in DE swarm : 48
# output state file  : b1boot48.state
# Including singleton site patterns.
# cost function      : KL
Initial parameter values
Fixed:
      zero = 0
       one = 1
    Tbecnw = 75200
Free:
       pc1 = 0
       pc2 = 0
       pc3 = 0
       pc4 = 0
       pc5 = 0
       pc6 = 0
       pc7 = 0
       pc8 = 0
       pc9 = 0
      pc10 = 0
      pc11 = 0
      pc12 = 0
      pc13 = 0
      pc14 = 0
      pc15 = 0
      pc16 = 0
Constrained:
     Tecnw = 44814.3
       Tnw = 4499.29
       Tec = 2314.53
     twoNb = 2.56714e+06
     twoNe = 19521.7
     twoNc = 274838
     twoNn = 294080
     twoNw = 1.10922e+06
    twoNec = 99630
    twoNnw = 99723.9
  twoNecnw = 23027.6
  twoNbecnw = 55746.3
        m3 = 0.174865
        m4 = 0.0288631
        m5 = 0.227579
        m6 = 0.198488
        Tc = 2249.65
        Td = 1124.82
        Te = 562.412
        Tf = 281.206
DiffEv reached_goal. cost=2.28197e-03 spread=2.32582e-06
Fitted parameter values
Free:
       pc1 = -2.35878
       pc2 = -1.96926
       pc3 = -1.88718
       pc4 = 1.92543
       pc5 = 1.38109
       pc6 = -1.61695
       pc7 = -1.2254
       pc8 = 1.74678
       pc9 = 1.16232
      pc10 = 0.744035
      pc11 = 0.648249
      pc12 = 0.138553
      pc13 = -0.0491291
      pc14 = -0.0234342
      pc15 = 0.0640549
      pc16 = -0.0106705
Constrained:
     Tecnw = 44862.2
       Tnw = 3323.08
       Tec = 1678.91
     twoNb = 5.22049e+06
     twoNe = 63043.3
     twoNc = 275914
     twoNn = 427519
     twoNw = 1.37489e+06
    twoNec = 98929.3
    twoNnw = 110804
  twoNecnw = 23009
  twoNbecnw = 55822
        m3 = 0.157213
        m4 = 0.0370408
        m5 = 0.229623
        m6 = 0.221574
        Tc = 1661.54
        Td = 830.771
        Te = 415.385
        Tf = 207.693
#       SitePat  BranchLen
              b 122913.6358601
              e 46554.8943169
              c 48057.6088492
              n 44320.1385946
              w 46489.4768215
            b:e 1296.8452882
            b:c 1733.9015835
            b:n 1119.8444208
            b:w 1273.3587941
            e:c 11771.2968178
            e:n 4899.8880532
            e:w 4253.6853626
            c:n 4663.5954517
            c:w 4058.5019786
            n:w 12541.6837242
          b:e:c 1411.2121616
          b:e:n 636.8264672
          b:e:w 634.8843037
          b:c:n 635.6002453
          b:c:w 637.6058362
          b:n:w 1410.1077057
          e:c:n 4910.5897810
          e:c:w 3992.5477177
          e:n:w 6156.2128749
          c:n:w 5047.0064445
        b:e:c:n 1274.1381631
        b:e:c:w 1120.5603625
        b:e:n:w 1698.5334663
        b:c:n:w 1297.9497440
        e:c:n:w 48482.8892658
