########################################
# legofit: estimate population history #
#       version 2.3.4-4-g53f8760       #
########################################

# Program was compiled: Sep 21 2021 14:36:42
# Program was run: Thu Sep 23 01:03:38 2021

# cmd: legofit -1 -d 0 -t 32 --ptsPerDim 3 --stateOut b1boot18.state --tol 3e-6 -S 5000 cdef2.lgo ../../chrX/boot_chrX/boot18.opf
# Stage nOptItr nSimReps
#     0    5000        0
# algorithm          : deterministic
# ignoring probs <=  : 0
# Branch length floor: 0
# DE strategy        : 2
#    F               : 0.3
#    CR              : 0.8
#    tolerance       : 3e-06
# nthreads           : 32
# lgo input file     : cdef2.lgo
# site pat input file: ../../chrX/boot_chrX/boot18.opf
# free parameters    : 16
# points in DE swarm : 48
# output state file  : b1boot18.state
# Including singleton site patterns.
# cost function      : KL
Initial parameter values
Fixed:
      zero = 0
       one = 1
    Tbecnw = 75200
Free:
       pc1 = 0
       pc2 = 0
       pc3 = 0
       pc4 = 0
       pc5 = 0
       pc6 = 0
       pc7 = 0
       pc8 = 0
       pc9 = 0
      pc10 = 0
      pc11 = 0
      pc12 = 0
      pc13 = 0
      pc14 = 0
      pc15 = 0
      pc16 = 0
Constrained:
     Tecnw = 44814.3
       Tnw = 4499.29
       Tec = 2314.53
     twoNb = 2.56714e+06
     twoNe = 19521.7
     twoNc = 274838
     twoNn = 294080
     twoNw = 1.10922e+06
    twoNec = 99630
    twoNnw = 99723.9
  twoNecnw = 23027.6
  twoNbecnw = 55746.3
        m3 = 0.174865
        m4 = 0.0288631
        m5 = 0.227579
        m6 = 0.198488
        Tc = 2249.65
        Td = 1124.82
        Te = 562.412
        Tf = 281.206
DiffEv reached_goal. cost=2.27549e-03 spread=2.91553e-06
Fitted parameter values
Free:
       pc1 = -3.31443
       pc2 = -1.37108
       pc3 = -0.954142
       pc4 = 3.15521
       pc5 = -0.434021
       pc6 = -1.97525
       pc7 = -0.722629
       pc8 = 1.36808
       pc9 = 0.020284
      pc10 = 0.436871
      pc11 = 0.329424
      pc12 = 0.703032
      pc13 = -0.490481
      pc14 = -0.0850185
      pc15 = 0.022621
      pc16 = 0.0424676
Constrained:
     Tecnw = 45287.1
       Tnw = 2230.82
       Tec = 1187.24
     twoNb = 5.43195e+06
     twoNe = 2064.21
     twoNc = 146248
     twoNn = 314843
     twoNw = 1.38595e+06
    twoNec = 103510
    twoNnw = 112978
  twoNecnw = 22262.8
  twoNbecnw = 56417.4
        m3 = 0.179163
        m4 = 0.038293
        m5 = 0.225227
        m6 = 0.215258
        Tc = 1115.41
        Td = 557.706
        Te = 278.853
        Tf = 139.427
#       SitePat  BranchLen
              b 123597.0060169
              e 46342.0377554
              c 48180.8545748
              n 43919.8318834
              w 46574.4551407
            b:e 1271.5322185
            b:c 1743.9976073
            b:n 1092.2183485
            b:w 1270.5648829
            e:c 11541.1203166
            e:n 5177.0403395
            e:w 4243.4775021
            c:n 4702.1028189
            c:w 4055.4718367
            n:w 12450.0479620
          b:e:c 1374.6910228
          b:e:n 637.5636082
          b:e:w 628.3106179
          b:c:n 629.0165047
          b:c:w 638.3464620
          b:n:w 1373.6057938
          e:c:n 4968.1393987
          e:c:w 3893.7099610
          e:n:w 6162.7141802
          c:n:w 4948.3628708
        b:e:c:n 1271.3477368
        b:e:c:w 1092.9242352
        b:e:n:w 1708.0939009
        b:c:n:w 1272.6174475
        e:c:n:w 49289.1336101
