########################################
# legofit: estimate population history #
#       version 2.3.4-4-g53f8760       #
########################################

# Program was compiled: Sep 21 2021 14:36:42
# Program was run: Thu Sep 23 01:03:38 2021

# cmd: legofit -1 -d 0 -t 32 --ptsPerDim 3 --stateOut b1boot16.state --tol 3e-6 -S 5000 cdef2.lgo ../../chrX/boot_chrX/boot16.opf
# Stage nOptItr nSimReps
#     0    5000        0
# algorithm          : deterministic
# ignoring probs <=  : 0
# Branch length floor: 0
# DE strategy        : 2
#    F               : 0.3
#    CR              : 0.8
#    tolerance       : 3e-06
# nthreads           : 32
# lgo input file     : cdef2.lgo
# site pat input file: ../../chrX/boot_chrX/boot16.opf
# free parameters    : 16
# points in DE swarm : 48
# output state file  : b1boot16.state
# Including singleton site patterns.
# cost function      : KL
Initial parameter values
Fixed:
      zero = 0
       one = 1
    Tbecnw = 75200
Free:
       pc1 = 0
       pc2 = 0
       pc3 = 0
       pc4 = 0
       pc5 = 0
       pc6 = 0
       pc7 = 0
       pc8 = 0
       pc9 = 0
      pc10 = 0
      pc11 = 0
      pc12 = 0
      pc13 = 0
      pc14 = 0
      pc15 = 0
      pc16 = 0
Constrained:
     Tecnw = 44814.3
       Tnw = 4499.29
       Tec = 2314.53
     twoNb = 2.56714e+06
     twoNe = 19521.7
     twoNc = 274838
     twoNn = 294080
     twoNw = 1.10922e+06
    twoNec = 99630
    twoNnw = 99723.9
  twoNecnw = 23027.6
  twoNbecnw = 55746.3
        m3 = 0.174865
        m4 = 0.0288631
        m5 = 0.227579
        m6 = 0.198488
        Tc = 2249.65
        Td = 1124.82
        Te = 562.412
        Tf = 281.206
DiffEv reached_goal. cost=2.24146e-03 spread=2.37628e-06
Fitted parameter values
Free:
       pc1 = -1.79044
       pc2 = -1.8957
       pc3 = -1.25399
       pc4 = 1.996
       pc5 = -1.31825
       pc6 = -0.78226
       pc7 = -1.41166
       pc8 = 1.36267
       pc9 = -0.382828
      pc10 = -0.61474
      pc11 = 0.422129
      pc12 = 0.0322916
      pc13 = 0.305249
      pc14 = 0.348385
      pc15 = -0.0719596
      pc16 = -0.00766435
Constrained:
     Tecnw = 45694
       Tnw = 3744.1
       Tec = 1903.88
     twoNb = 5.03077e+06
     twoNe = 2244.35
     twoNc = 554708
     twoNn = 551653
     twoNw = 1.62206e+06
    twoNec = 99641.3
    twoNnw = 101588
  twoNecnw = 22359.6
  twoNbecnw = 56003.4
        m3 = 0.174643
        m4 = 0.035082
        m5 = 0.225371
        m6 = 0.204508
        Tc = 1872.05
        Td = 936.026
        Te = 468.013
        Tf = 234.006
#       SitePat  BranchLen
              b 123152.9939722
              e 46519.6277417
              c 48310.1400388
              n 43942.5833185
              w 46470.1018921
            b:e 1286.9203341
            b:c 1734.7337294
            b:n 1086.7231973
            b:w 1263.8370820
            e:c 11923.4716765
            e:n 4970.8924926
            e:w 4207.1081949
            c:n 4624.4717768
            c:w 3921.6399231
            n:w 12929.7665562
          b:e:c 1432.9752334
          b:e:n 622.4013487
          b:e:w 621.3803033
          b:c:n 622.0791068
          b:c:w 623.1730290
          b:n:w 1431.8629500
          e:c:n 4898.6323819
          e:c:w 3837.7299597
          e:n:w 6187.8637088
          c:n:w 4991.1159213
        b:e:c:n 1264.6087624
        b:e:c:w 1087.4220008
        b:e:n:w 1699.1920186
        b:c:n:w 1288.0326175
        e:c:n:w 48658.1095281
