########################################
# legofit: estimate population history #
#       version 2.3.4-4-g53f8760       #
########################################

# Program was compiled: Sep 21 2021 14:36:42
# Program was run: Thu Sep 23 01:03:25 2021

# cmd: legofit -1 -d 0 -t 32 --ptsPerDim 3 --stateOut b1boot5.state --tol 3e-6 -S 5000 cdef2.lgo ../../chrX/boot_chrX/boot5.opf
# Stage nOptItr nSimReps
#     0    5000        0
# algorithm          : deterministic
# ignoring probs <=  : 0
# Branch length floor: 0
# DE strategy        : 2
#    F               : 0.3
#    CR              : 0.8
#    tolerance       : 3e-06
# nthreads           : 32
# lgo input file     : cdef2.lgo
# site pat input file: ../../chrX/boot_chrX/boot5.opf
# free parameters    : 16
# points in DE swarm : 48
# output state file  : b1boot5.state
# Including singleton site patterns.
# cost function      : KL
Initial parameter values
Fixed:
      zero = 0
       one = 1
    Tbecnw = 75200
Free:
       pc1 = 0
       pc2 = 0
       pc3 = 0
       pc4 = 0
       pc5 = 0
       pc6 = 0
       pc7 = 0
       pc8 = 0
       pc9 = 0
      pc10 = 0
      pc11 = 0
      pc12 = 0
      pc13 = 0
      pc14 = 0
      pc15 = 0
      pc16 = 0
Constrained:
     Tecnw = 44814.3
       Tnw = 4499.29
       Tec = 2314.53
     twoNb = 2.56714e+06
     twoNe = 19521.7
     twoNc = 274838
     twoNn = 294080
     twoNw = 1.10922e+06
    twoNec = 99630
    twoNnw = 99723.9
  twoNecnw = 23027.6
  twoNbecnw = 55746.3
        m3 = 0.174865
        m4 = 0.0288631
        m5 = 0.227579
        m6 = 0.198488
        Tc = 2249.65
        Td = 1124.82
        Te = 562.412
        Tf = 281.206
DiffEv reached_goal. cost=2.22281e-03 spread=2.73876e-06
Fitted parameter values
Free:
       pc1 = -2.90068
       pc2 = 0.0835854
       pc3 = -1.97607
       pc4 = 3.81163
       pc5 = 1.0435
       pc6 = -0.778953
       pc7 = -1.24261
       pc8 = 0.131096
       pc9 = -0.336991
      pc10 = 0.345502
      pc11 = 0.611869
      pc12 = 0.28164
      pc13 = 0.865648
      pc14 = -0.372755
      pc15 = -0.0959546
      pc16 = 0.0251637
Constrained:
     Tecnw = 45254.1
       Tnw = 1529.03
       Tec = 834.138
     twoNb = 5.80129e+06
     twoNe = 3041.64
     twoNc = 58928.3
     twoNn = 187900
     twoNw = 871173
    twoNec = 100284
    twoNnw = 114461
  twoNecnw = 22871.3
  twoNbecnw = 54169.5
        m3 = 0.170829
        m4 = 0.0369833
        m5 = 0.221488
        m6 = 0.206067
        Tc = 764.513
        Td = 382.257
        Te = 191.128
        Tf = 95.5641
#       SitePat  BranchLen
              b 121440.5021233
              e 46103.9329152
              c 47884.6203130
              n 43911.4401732
              w 46539.3698087
            b:e 1250.0086248
            b:c 1692.6776162
            b:n 1088.9086768
            b:w 1265.8742164
            e:c 12039.7079092
            e:n 5063.8441466
            e:w 4212.3494816
            c:n 4661.9538646
            c:w 3970.9311768
            n:w 12794.3532501
          b:e:c 1394.5558551
          b:e:n 620.1867918
          b:e:w 615.4731753
          b:c:n 616.1146826
          b:c:w 620.8966807
          b:n:w 1393.5608498
          e:c:n 4979.5557677
          e:c:w 3894.1434851
          e:n:w 6054.2515258
          c:n:w 4882.3865031
        b:e:c:n 1266.5841053
        b:e:c:w 1089.5501841
        b:e:n:w 1660.5378060
        b:c:n:w 1251.0036301
        e:c:n:w 47021.7532446
