########################################
# legofit: estimate population history #
#       version 2.3.4-4-g53f8760       #
########################################

# Program was compiled: Sep 21 2021 14:36:42
# Program was run: Thu Sep 23 01:03:45 2021

# cmd: legofit -1 -d 0 -t 32 --ptsPerDim 3 --stateOut b1boot24.state --tol 3e-6 -S 5000 cdef2.lgo ../../chrX/boot_chrX/boot24.opf
# Stage nOptItr nSimReps
#     0    5000        0
# algorithm          : deterministic
# ignoring probs <=  : 0
# Branch length floor: 0
# DE strategy        : 2
#    F               : 0.3
#    CR              : 0.8
#    tolerance       : 3e-06
# nthreads           : 32
# lgo input file     : cdef2.lgo
# site pat input file: ../../chrX/boot_chrX/boot24.opf
# free parameters    : 16
# points in DE swarm : 48
# output state file  : b1boot24.state
# Including singleton site patterns.
# cost function      : KL
Initial parameter values
Fixed:
      zero = 0
       one = 1
    Tbecnw = 75200
Free:
       pc1 = 0
       pc2 = 0
       pc3 = 0
       pc4 = 0
       pc5 = 0
       pc6 = 0
       pc7 = 0
       pc8 = 0
       pc9 = 0
      pc10 = 0
      pc11 = 0
      pc12 = 0
      pc13 = 0
      pc14 = 0
      pc15 = 0
      pc16 = 0
Constrained:
     Tecnw = 44814.3
       Tnw = 4499.29
       Tec = 2314.53
     twoNb = 2.56714e+06
     twoNe = 19521.7
     twoNc = 274838
     twoNn = 294080
     twoNw = 1.10922e+06
    twoNec = 99630
    twoNnw = 99723.9
  twoNecnw = 23027.6
  twoNbecnw = 55746.3
        m3 = 0.174865
        m4 = 0.0288631
        m5 = 0.227579
        m6 = 0.198488
        Tc = 2249.65
        Td = 1124.82
        Te = 562.412
        Tf = 281.206
DiffEv reached_goal. cost=2.32840e-03 spread=2.64455e-06
Fitted parameter values
Free:
       pc1 = -3.35229
       pc2 = -0.761596
       pc3 = -1.75152
       pc4 = 2.35753
       pc5 = 0.167804
       pc6 = -0.86866
       pc7 = -0.61975
       pc8 = 1.71561
       pc9 = -1.17647
      pc10 = 0.106944
      pc11 = -0.00536912
      pc12 = 0.15877
      pc13 = 0.0953827
      pc14 = -0.204831
      pc15 = 0.0046572
      pc16 = 0.0256034
Constrained:
     Tecnw = 45068.5
       Tnw = 1507.12
       Tec = 805.861
     twoNb = 5.63641e+06
     twoNe = 6054.41
     twoNc = 387294
     twoNn = 215931
     twoNw = 1.31395e+06
    twoNec = 103189
    twoNnw = 117035
  twoNecnw = 22693.3
  twoNbecnw = 56123.8
        m3 = 0.169368
        m4 = 0.0359495
        m5 = 0.229734
        m6 = 0.202657
        Tc = 753.561
        Td = 376.78
        Te = 188.39
        Tf = 94.1951
#       SitePat  BranchLen
              b 123228.5254592
              e 46231.2054592
              c 48132.7991408
              n 44123.0989053
              w 46581.8281633
            b:e 1274.1787441
            b:c 1736.1662504
            b:n 1117.4138152
            b:w 1287.4155330
            e:c 11855.5003337
            e:n 5027.0757372
            e:w 4310.2226002
            c:n 4690.1436394
            c:w 3966.2951626
            n:w 12643.6869242
          b:e:c 1406.2286056
          b:e:n 635.4870664
          b:e:w 637.0302850
          b:c:n 637.6937159
          b:c:w 636.2141986
          b:n:w 1405.2154113
          e:c:n 4987.5212879
          e:c:w 3969.4936437
          e:n:w 6165.6144103
          c:n:w 4909.4925680
        b:e:c:n 1288.1426652
        b:e:c:w 1118.0772461
        b:e:n:w 1703.1823116
        b:c:n:w 1275.1919384
        e:c:n:w 48777.2028497
