########################################
# legofit: estimate population history #
#       version 2.3.4-4-g53f8760       #
########################################

# Program was compiled: Sep 21 2021 14:36:42
# Program was run: Thu Sep 23 01:03:19 2021

# cmd: legofit -1 -d 0 -t 32 --ptsPerDim 3 --stateOut b1boot0.state --tol 3e-6 -S 5000 cdef2.lgo ../../chrX/boot_chrX/boot0.opf
# Stage nOptItr nSimReps
#     0    5000        0
# algorithm          : deterministic
# ignoring probs <=  : 0
# Branch length floor: 0
# DE strategy        : 2
#    F               : 0.3
#    CR              : 0.8
#    tolerance       : 3e-06
# nthreads           : 32
# lgo input file     : cdef2.lgo
# site pat input file: ../../chrX/boot_chrX/boot0.opf
# free parameters    : 16
# points in DE swarm : 48
# output state file  : b1boot0.state
# Including singleton site patterns.
# cost function      : KL
Initial parameter values
Fixed:
      zero = 0
       one = 1
    Tbecnw = 75200
Free:
       pc1 = 0
       pc2 = 0
       pc3 = 0
       pc4 = 0
       pc5 = 0
       pc6 = 0
       pc7 = 0
       pc8 = 0
       pc9 = 0
      pc10 = 0
      pc11 = 0
      pc12 = 0
      pc13 = 0
      pc14 = 0
      pc15 = 0
      pc16 = 0
Constrained:
     Tecnw = 44814.3
       Tnw = 4499.29
       Tec = 2314.53
     twoNb = 2.56714e+06
     twoNe = 19521.7
     twoNc = 274838
     twoNn = 294080
     twoNw = 1.10922e+06
    twoNec = 99630
    twoNnw = 99723.9
  twoNecnw = 23027.6
  twoNbecnw = 55746.3
        m3 = 0.174865
        m4 = 0.0288631
        m5 = 0.227579
        m6 = 0.198488
        Tc = 2249.65
        Td = 1124.82
        Te = 562.412
        Tf = 281.206
DiffEv reached_goal. cost=2.22491e-03 spread=2.95830e-06
Fitted parameter values
Free:
       pc1 = -3.65744
       pc2 = -1.91948
       pc3 = -1.67077
       pc4 = 2.87498
       pc5 = -0.298542
       pc6 = -1.75582
       pc7 = -1.33386
       pc8 = 1.49431
       pc9 = 0.0558828
      pc10 = 0.841243
      pc11 = 0.822608
      pc12 = 0.0403442
      pc13 = 0.24542
      pc14 = 0.224346
      pc15 = -0.149056
      pc16 = 0.0296639
Constrained:
     Tecnw = 45504.9
       Tnw = 1942.01
       Tec = 1025.89
     twoNb = 5.82524e+06
     twoNe = 5300.56
     twoNc = 237651
     twoNn = 534716
     twoNw = 1.43781e+06
    twoNec = 101854
    twoNnw = 111811
  twoNecnw = 22492.8
  twoNbecnw = 56265.5
        m3 = 0.16155
        m4 = 0.0393566
        m5 = 0.223173
        m6 = 0.214699
        Tc = 971.007
        Td = 485.504
        Te = 242.752
        Tf = 121.376
#       SitePat  BranchLen
              b 123299.3422740
              e 46622.4702260
              c 48298.7768846
              n 44048.5469182
              w 46388.3384961
            b:e 1303.8665169
            b:c 1775.3947158
            b:n 1111.9321725
            b:w 1275.1310674
            e:c 11935.2416939
            e:n 4969.5673431
            e:w 4230.1394119
            c:n 4657.1417361
            c:w 4029.5558069
            n:w 12959.1430001
          b:e:c 1432.9823374
          b:e:n 634.8002998
          b:e:w 630.6223272
          b:c:n 631.3089537
          b:c:w 635.5528785
          b:n:w 1431.9043495
          e:c:n 4888.1037905
          e:c:w 3915.3260730
          e:n:w 6238.5507114
          c:n:w 5038.3457504
        b:e:c:n 1275.8836461
        b:e:c:w 1112.6187990
        b:e:n:w 1741.0043946
        b:c:n:w 1304.9445048
        e:c:n:w 48666.1116663
