########################################
# legofit: estimate population history #
#       version 2.3.4-4-g53f8760       #
########################################

# Program was compiled: Sep 21 2021 14:36:42
# Program was run: Thu Sep 23 01:03:26 2021

# cmd: legofit -1 -d 0 -t 32 --ptsPerDim 3 --stateOut b1boot8.state --tol 3e-6 -S 5000 cdef2.lgo ../../chrX/boot_chrX/boot8.opf
# Stage nOptItr nSimReps
#     0    5000        0
# algorithm          : deterministic
# ignoring probs <=  : 0
# Branch length floor: 0
# DE strategy        : 2
#    F               : 0.3
#    CR              : 0.8
#    tolerance       : 3e-06
# nthreads           : 32
# lgo input file     : cdef2.lgo
# site pat input file: ../../chrX/boot_chrX/boot8.opf
# free parameters    : 16
# points in DE swarm : 48
# output state file  : b1boot8.state
# Including singleton site patterns.
# cost function      : KL
Initial parameter values
Fixed:
      zero = 0
       one = 1
    Tbecnw = 75200
Free:
       pc1 = 0
       pc2 = 0
       pc3 = 0
       pc4 = 0
       pc5 = 0
       pc6 = 0
       pc7 = 0
       pc8 = 0
       pc9 = 0
      pc10 = 0
      pc11 = 0
      pc12 = 0
      pc13 = 0
      pc14 = 0
      pc15 = 0
      pc16 = 0
Constrained:
     Tecnw = 44814.3
       Tnw = 4499.29
       Tec = 2314.53
     twoNb = 2.56714e+06
     twoNe = 19521.7
     twoNc = 274838
     twoNn = 294080
     twoNw = 1.10922e+06
    twoNec = 99630
    twoNnw = 99723.9
  twoNecnw = 23027.6
  twoNbecnw = 55746.3
        m3 = 0.174865
        m4 = 0.0288631
        m5 = 0.227579
        m6 = 0.198488
        Tc = 2249.65
        Td = 1124.82
        Te = 562.412
        Tf = 281.206
DiffEv reached_goal. cost=2.21716e-03 spread=2.30722e-06
Fitted parameter values
Free:
       pc1 = -3.91485
       pc2 = -1.66515
       pc3 = -0.685235
       pc4 = 1.66191
       pc5 = -0.654041
       pc6 = -1.67503
       pc7 = -1.01022
       pc8 = 1.93422
       pc9 = -1.0712
      pc10 = 1.14586
      pc11 = 0.182198
      pc12 = -0.142961
      pc13 = 0.210172
      pc14 = -0.22067
      pc15 = -0.129217
      pc16 = 0.0168506
Constrained:
     Tecnw = 45539.2
       Tnw = 1398.84
       Tec = 717.299
     twoNb = 5.35705e+06
     twoNe = 6992.21
     twoNc = 246819
     twoNn = 597721
     twoNw = 1.34665e+06
    twoNec = 103634
    twoNnw = 115918
  twoNecnw = 22590.4
  twoNbecnw = 57647.1
        m3 = 0.164864
        m4 = 0.0370094
        m5 = 0.228584
        m6 = 0.205654
        Tc = 699.42
        Td = 349.71
        Te = 174.855
        Tf = 87.4276
#       SitePat  BranchLen
              b 124423.0463619
              e 46656.4590722
              c 48501.0256580
              n 44328.4889050
              w 46710.8599901
            b:e 1334.1594219
            b:c 1813.2675533
            b:n 1157.3050572
            b:w 1328.3643506
            e:c 12051.7991472
            e:n 5023.2346704
            e:w 4342.1046633
            c:n 4725.8746908
            c:w 4020.6259884
            n:w 12972.5321626
          b:e:c 1474.4062770
          b:e:n 656.6839266
          b:e:w 658.3134059
          b:c:n 659.0543080
          b:c:w 657.4939681
          b:n:w 1473.2606491
          e:c:n 5005.5832940
          e:c:w 4009.5909183
          e:n:w 6297.6019650
          c:n:w 5033.0580427
        b:e:c:n 1329.1743922
        b:e:c:w 1158.0459592
        b:e:n:w 1777.1481337
        b:c:n:w 1335.3050498
        e:c:n:w 49460.7235675
