########################################
# legofit: estimate population history #
#       version 2.3.4-4-g53f8760       #
########################################

# Program was compiled: Sep 21 2021 14:36:42
# Program was run: Thu Sep 23 01:03:53 2021

# cmd: legofit -1 -d 0 -t 32 --ptsPerDim 3 --stateOut b1boot27.state --tol 3e-6 -S 5000 cdef2.lgo ../../chrX/boot_chrX/boot27.opf
# Stage nOptItr nSimReps
#     0    5000        0
# algorithm          : deterministic
# ignoring probs <=  : 0
# Branch length floor: 0
# DE strategy        : 2
#    F               : 0.3
#    CR              : 0.8
#    tolerance       : 3e-06
# nthreads           : 32
# lgo input file     : cdef2.lgo
# site pat input file: ../../chrX/boot_chrX/boot27.opf
# free parameters    : 16
# points in DE swarm : 48
# output state file  : b1boot27.state
# Including singleton site patterns.
# cost function      : KL
Initial parameter values
Fixed:
      zero = 0
       one = 1
    Tbecnw = 75200
Free:
       pc1 = 0
       pc2 = 0
       pc3 = 0
       pc4 = 0
       pc5 = 0
       pc6 = 0
       pc7 = 0
       pc8 = 0
       pc9 = 0
      pc10 = 0
      pc11 = 0
      pc12 = 0
      pc13 = 0
      pc14 = 0
      pc15 = 0
      pc16 = 0
Constrained:
     Tecnw = 44814.3
       Tnw = 4499.29
       Tec = 2314.53
     twoNb = 2.56714e+06
     twoNe = 19521.7
     twoNc = 274838
     twoNn = 294080
     twoNw = 1.10922e+06
    twoNec = 99630
    twoNnw = 99723.9
  twoNecnw = 23027.6
  twoNbecnw = 55746.3
        m3 = 0.174865
        m4 = 0.0288631
        m5 = 0.227579
        m6 = 0.198488
        Tc = 2249.65
        Td = 1124.82
        Te = 562.412
        Tf = 281.206
DiffEv reached_goal. cost=2.40100e-03 spread=2.28882e-06
Fitted parameter values
Free:
       pc1 = -3.94238
       pc2 = -1.96125
       pc3 = -0.336377
       pc4 = 1.07134
       pc5 = 1.57748
       pc6 = -1.07807
       pc7 = -1.61485
       pc8 = 1.98406
       pc9 = -0.391918
      pc10 = 0.920515
      pc11 = 1.33488
      pc12 = -0.326248
      pc13 = 0.498542
      pc14 = -0.00634838
      pc15 = -0.165053
      pc16 = 0.00804797
Constrained:
     Tecnw = 45671.6
       Tnw = 1662.56
       Tec = 834.404
     twoNb = 5.45781e+06
     twoNe = 83804
     twoNc = 266976
     twoNn = 493779
     twoNw = 905884
    twoNec = 102123
    twoNnw = 113965
  twoNecnw = 22783.9
  twoNbecnw = 57148.3
        m3 = 0.143067
        m4 = 0.0342048
        m5 = 0.226778
        m6 = 0.212128
        Tc = 831.279
        Td = 415.64
        Te = 207.82
        Tf = 103.91
#       SitePat  BranchLen
              b 123918.6800308
              e 46908.6292777
              c 48453.0286726
              n 44417.0501147
              w 46472.2682171
            b:e 1356.9620077
            b:c 1781.2296413
            b:n 1164.3158047
            b:w 1313.8475503
            e:c 12292.5119082
            e:n 4872.1993902
            e:w 4280.8134074
            c:n 4632.0620952
            c:w 4039.0330282
            n:w 13313.6177020
          b:e:c 1509.9267582
          b:e:n 650.8847588
          b:e:w 651.0240934
          b:c:n 651.6901030
          b:c:w 651.6055773
          b:n:w 1508.8753434
          e:c:n 4891.6833968
          e:c:w 4020.8803442
          e:n:w 6237.2902184
          c:n:w 5140.1050256
        b:e:c:n 1314.5683688
        b:e:c:w 1164.9818143
        b:e:n:w 1748.9644121
        b:c:n:w 1358.0134224
        e:c:n:w 48844.2495303
