########################################
# legofit: estimate population history #
#       version 2.3.4-4-g53f8760       #
########################################

# Program was compiled: Sep 21 2021 14:36:42
# Program was run: Thu Sep 23 01:03:45 2021

# cmd: legofit -1 -d 0 -t 32 --ptsPerDim 3 --stateOut b1boot22.state --tol 3e-6 -S 5000 cdef2.lgo ../../chrX/boot_chrX/boot22.opf
# Stage nOptItr nSimReps
#     0    5000        0
# algorithm          : deterministic
# ignoring probs <=  : 0
# Branch length floor: 0
# DE strategy        : 2
#    F               : 0.3
#    CR              : 0.8
#    tolerance       : 3e-06
# nthreads           : 32
# lgo input file     : cdef2.lgo
# site pat input file: ../../chrX/boot_chrX/boot22.opf
# free parameters    : 16
# points in DE swarm : 48
# output state file  : b1boot22.state
# Including singleton site patterns.
# cost function      : KL
Initial parameter values
Fixed:
      zero = 0
       one = 1
    Tbecnw = 75200
Free:
       pc1 = 0
       pc2 = 0
       pc3 = 0
       pc4 = 0
       pc5 = 0
       pc6 = 0
       pc7 = 0
       pc8 = 0
       pc9 = 0
      pc10 = 0
      pc11 = 0
      pc12 = 0
      pc13 = 0
      pc14 = 0
      pc15 = 0
      pc16 = 0
Constrained:
     Tecnw = 44814.3
       Tnw = 4499.29
       Tec = 2314.53
     twoNb = 2.56714e+06
     twoNe = 19521.7
     twoNc = 274838
     twoNn = 294080
     twoNw = 1.10922e+06
    twoNec = 99630
    twoNnw = 99723.9
  twoNecnw = 23027.6
  twoNbecnw = 55746.3
        m3 = 0.174865
        m4 = 0.0288631
        m5 = 0.227579
        m6 = 0.198488
        Tc = 2249.65
        Td = 1124.82
        Te = 562.412
        Tf = 281.206
DiffEv reached_goal. cost=2.08835e-03 spread=2.10291e-06
Fitted parameter values
Free:
       pc1 = -2.81846
       pc2 = 0.66063
       pc3 = -1.0085
       pc4 = 3.98877
       pc5 = -0.122753
       pc6 = -1.22149
       pc7 = -1.3995
       pc8 = 1.20434
       pc9 = -0.697471
      pc10 = 0.30618
      pc11 = 1.14924
      pc12 = 0.0464014
      pc13 = 0.343023
      pc14 = 0.0687495
      pc15 = -0.255259
      pc16 = 0.0727694
Constrained:
     Tecnw = 45232
       Tnw = 2112.37
       Tec = 1144.47
     twoNb = 6.06107e+06
     twoNe = 6599.06
     twoNc = 43654.5
     twoNn = 149204
     twoNw = 981387
    twoNec = 102445
    twoNnw = 107687
  twoNecnw = 22618.1
  twoNbecnw = 55477.6
        m3 = 0.179652
        m4 = 0.0377119
        m5 = 0.21041
        m6 = 0.201298
        Tc = 1056.18
        Td = 528.091
        Te = 264.046
        Tf = 132.023
#       SitePat  BranchLen
              b 122677.4832800
              e 46290.3442740
              c 47970.3781375
              n 43683.9120263
              w 46332.7864123
            b:e 1272.8252977
            b:c 1728.2414988
            b:n 1082.5172788
            b:w 1264.8019441
            e:c 11974.8379713
            e:n 4993.3445073
            e:w 4149.7878360
            c:n 4654.3046038
            c:w 3950.7066173
            n:w 12964.4964272
          b:e:c 1414.0362708
          b:e:n 620.6465709
          b:e:w 615.7355631
          b:c:n 616.3621219
          b:c:w 621.3421942
          b:n:w 1413.0453372
          e:c:n 4957.1825527
          e:c:w 3855.4628245
          e:n:w 6143.8911652
          c:n:w 4967.7198485
        b:e:c:n 1265.4975674
        b:e:c:w 1083.1438376
        b:e:n:w 1696.2960392
        b:c:n:w 1273.8162313
        e:c:n:w 48312.7587552
