########################################
# legofit: estimate population history #
#       version 2.3.4-4-g53f8760       #
########################################

# Program was compiled: Sep 21 2021 14:36:42
# Program was run: Thu Sep 23 01:03:38 2021

# cmd: legofit -1 -d 0 -t 32 --ptsPerDim 3 --stateOut b1boot20.state --tol 3e-6 -S 5000 cdef2.lgo ../../chrX/boot_chrX/boot20.opf
# Stage nOptItr nSimReps
#     0    5000        0
# algorithm          : deterministic
# ignoring probs <=  : 0
# Branch length floor: 0
# DE strategy        : 2
#    F               : 0.3
#    CR              : 0.8
#    tolerance       : 3e-06
# nthreads           : 32
# lgo input file     : cdef2.lgo
# site pat input file: ../../chrX/boot_chrX/boot20.opf
# free parameters    : 16
# points in DE swarm : 48
# output state file  : b1boot20.state
# Including singleton site patterns.
# cost function      : KL
Initial parameter values
Fixed:
      zero = 0
       one = 1
    Tbecnw = 75200
Free:
       pc1 = 0
       pc2 = 0
       pc3 = 0
       pc4 = 0
       pc5 = 0
       pc6 = 0
       pc7 = 0
       pc8 = 0
       pc9 = 0
      pc10 = 0
      pc11 = 0
      pc12 = 0
      pc13 = 0
      pc14 = 0
      pc15 = 0
      pc16 = 0
Constrained:
     Tecnw = 44814.3
       Tnw = 4499.29
       Tec = 2314.53
     twoNb = 2.56714e+06
     twoNe = 19521.7
     twoNc = 274838
     twoNn = 294080
     twoNw = 1.10922e+06
    twoNec = 99630
    twoNnw = 99723.9
  twoNecnw = 23027.6
  twoNbecnw = 55746.3
        m3 = 0.174865
        m4 = 0.0288631
        m5 = 0.227579
        m6 = 0.198488
        Tc = 2249.65
        Td = 1124.82
        Te = 562.412
        Tf = 281.206
DiffEv reached_goal. cost=2.31105e-03 spread=1.86394e-06
Fitted parameter values
Free:
       pc1 = -3.20906
       pc2 = -1.69181
       pc3 = -1.95854
       pc4 = 2.18114
       pc5 = 0.456766
       pc6 = -1.63367
       pc7 = -1.96472
       pc8 = 1.80557
       pc9 = 0.522318
      pc10 = -0.160502
      pc11 = 0.320436
      pc12 = 0.0380774
      pc13 = 0.0471153
      pc14 = 0.283518
      pc15 = -0.199105
      pc16 = 0.0137094
Constrained:
     Tecnw = 45153.5
       Tnw = 2329.71
       Tec = 1191.64
     twoNb = 5.72307e+06
     twoNe = 67415.3
     twoNc = 378070
     twoNn = 542958
     twoNw = 1.55341e+06
    twoNec = 101347
    twoNnw = 109401
  twoNecnw = 22532.9
  twoNbecnw = 55688.4
        m3 = 0.163475
        m4 = 0.0381974
        m5 = 0.228019
        m6 = 0.213263
        Tc = 1164.86
        Td = 582.428
        Te = 291.214
        Tf = 145.607
#       SitePat  BranchLen
              b 122917.6860773
              e 46361.4425965
              c 48056.3979923
              n 43824.0418759
              w 46088.4676854
            b:e 1272.9697168
            b:c 1735.7971949
            b:n 1085.1758011
            b:w 1242.2217362
            e:c 11781.7587324
            e:n 4903.9522367
            e:w 4242.1292626
            c:n 4640.9175340
            c:w 3987.3113707
            n:w 12809.0070353
          b:e:c 1395.0983475
          b:e:n 619.1662830
          b:e:w 618.8753317
          b:c:n 619.5389208
          b:c:w 619.8911421
          b:n:w 1394.0597567
          e:c:n 4836.4644022
          e:c:w 3887.4677301
          e:n:w 6212.1669613
          c:n:w 4998.8318764
        b:e:c:n 1242.9465953
        b:e:c:w 1085.8393903
        b:e:n:w 1701.9919501
        b:c:n:w 1274.0083076
        e:c:n:w 48662.9970148
