########################################
# legofit: estimate population history #
#       version 2.3.4-4-g53f8760       #
########################################

# Program was compiled: Sep 21 2021 14:36:42
# Program was run: Thu Sep 23 01:03:38 2021

# cmd: legofit -1 -d 0 -t 32 --ptsPerDim 3 --stateOut b1boot15.state --tol 3e-6 -S 5000 cdef2.lgo ../../chrX/boot_chrX/boot15.opf
# Stage nOptItr nSimReps
#     0    5000        0
# algorithm          : deterministic
# ignoring probs <=  : 0
# Branch length floor: 0
# DE strategy        : 2
#    F               : 0.3
#    CR              : 0.8
#    tolerance       : 3e-06
# nthreads           : 32
# lgo input file     : cdef2.lgo
# site pat input file: ../../chrX/boot_chrX/boot15.opf
# free parameters    : 16
# points in DE swarm : 48
# output state file  : b1boot15.state
# Including singleton site patterns.
# cost function      : KL
Initial parameter values
Fixed:
      zero = 0
       one = 1
    Tbecnw = 75200
Free:
       pc1 = 0
       pc2 = 0
       pc3 = 0
       pc4 = 0
       pc5 = 0
       pc6 = 0
       pc7 = 0
       pc8 = 0
       pc9 = 0
      pc10 = 0
      pc11 = 0
      pc12 = 0
      pc13 = 0
      pc14 = 0
      pc15 = 0
      pc16 = 0
Constrained:
     Tecnw = 44814.3
       Tnw = 4499.29
       Tec = 2314.53
     twoNb = 2.56714e+06
     twoNe = 19521.7
     twoNc = 274838
     twoNn = 294080
     twoNw = 1.10922e+06
    twoNec = 99630
    twoNnw = 99723.9
  twoNecnw = 23027.6
  twoNbecnw = 55746.3
        m3 = 0.174865
        m4 = 0.0288631
        m5 = 0.227579
        m6 = 0.198488
        Tc = 2249.65
        Td = 1124.82
        Te = 562.412
        Tf = 281.206
DiffEv reached_goal. cost=2.20878e-03 spread=2.96410e-06
Fitted parameter values
Free:
       pc1 = -3.84831
       pc2 = -1.27345
       pc3 = -1.02879
       pc4 = -0.322116
       pc5 = 0.0522767
       pc6 = -1.9579
       pc7 = -1.08571
       pc8 = 1.87844
       pc9 = 0.714665
      pc10 = 1.91418
      pc11 = 0.212562
      pc12 = 0.0364626
      pc13 = 0.631022
      pc14 = -0.239067
      pc15 = -0.0912467
      pc16 = 0.0209814
Constrained:
     Tecnw = 45090.6
       Tnw = 1254.79
       Tec = 674.451
     twoNb = 4.10302e+06
     twoNe = 62097.5
     twoNc = 202962
     twoNn = 877644
     twoNw = 1.49483e+06
    twoNec = 105480
    twoNnw = 118247
  twoNecnw = 23337.3
  twoNbecnw = 57425.3
        m3 = 0.153958
        m4 = 0.0364964
        m5 = 0.226319
        m6 = 0.212714
        Tc = 627.395
        Td = 313.698
        Te = 156.849
        Tf = 78.4244
#       SitePat  BranchLen
              b 124026.2668596
              e 46935.0804067
              c 48543.3978515
              n 44480.3733544
              w 46650.2437713
            b:e 1376.4160749
            b:c 1836.2021062
            b:n 1189.3825073
            b:w 1347.2879512
            e:c 12023.0884250
            e:n 5008.3581124
            e:w 4370.0049118
            c:n 4750.6878187
            c:w 4125.3927827
            n:w 13029.3260204
          b:e:c 1498.8232452
          b:e:n 674.6978958
          b:e:w 674.1814353
          b:c:n 675.1503688
          b:c:w 675.7491985
          b:n:w 1497.3290824
          e:c:n 5009.8805466
          e:c:w 4103.6583661
          e:n:w 6326.8389816
          c:n:w 5171.4449161
        b:e:c:n 1348.3392539
        b:e:c:w 1190.3514408
        b:e:n:w 1790.3574618
        b:c:n:w 1377.9102377
        e:c:n:w 48848.3685617
