########################################
# legofit: estimate population history #
#       version 2.3.4-4-g53f8760       #
########################################

# Program was compiled: Sep 21 2021 14:36:42
# Program was run: Thu Sep 23 01:03:45 2021

# cmd: legofit -1 -d 0 -t 32 --ptsPerDim 3 --stateOut b1boot21.state --tol 3e-6 -S 5000 cdef2.lgo ../../chrX/boot_chrX/boot21.opf
# Stage nOptItr nSimReps
#     0    5000        0
# algorithm          : deterministic
# ignoring probs <=  : 0
# Branch length floor: 0
# DE strategy        : 2
#    F               : 0.3
#    CR              : 0.8
#    tolerance       : 3e-06
# nthreads           : 32
# lgo input file     : cdef2.lgo
# site pat input file: ../../chrX/boot_chrX/boot21.opf
# free parameters    : 16
# points in DE swarm : 48
# output state file  : b1boot21.state
# Including singleton site patterns.
# cost function      : KL
Initial parameter values
Fixed:
      zero = 0
       one = 1
    Tbecnw = 75200
Free:
       pc1 = 0
       pc2 = 0
       pc3 = 0
       pc4 = 0
       pc5 = 0
       pc6 = 0
       pc7 = 0
       pc8 = 0
       pc9 = 0
      pc10 = 0
      pc11 = 0
      pc12 = 0
      pc13 = 0
      pc14 = 0
      pc15 = 0
      pc16 = 0
Constrained:
     Tecnw = 44814.3
       Tnw = 4499.29
       Tec = 2314.53
     twoNb = 2.56714e+06
     twoNe = 19521.7
     twoNc = 274838
     twoNn = 294080
     twoNw = 1.10922e+06
    twoNec = 99630
    twoNnw = 99723.9
  twoNecnw = 23027.6
  twoNbecnw = 55746.3
        m3 = 0.174865
        m4 = 0.0288631
        m5 = 0.227579
        m6 = 0.198488
        Tc = 2249.65
        Td = 1124.82
        Te = 562.412
        Tf = 281.206
DiffEv reached_goal. cost=2.29207e-03 spread=2.52184e-06
Fitted parameter values
Free:
       pc1 = -1.76006
       pc2 = -1.87348
       pc3 = -1.77431
       pc4 = 2.353
       pc5 = 0.150249
       pc6 = -1.2185
       pc7 = -1.93634
       pc8 = 1.57047
       pc9 = 0.546581
      pc10 = -1.08811
      pc11 = 0.81395
      pc12 = 0.221339
      pc13 = -0.00259213
      pc14 = -0.145713
      pc15 = -0.346503
      pc16 = 0.0210431
Constrained:
     Tecnw = 45312.8
       Tnw = 3428.48
       Tec = 1751.56
     twoNb = 5.58765e+06
     twoNe = 59575
     twoNc = 489828
     twoNn = 455134
     twoNw = 1.60485e+06
    twoNec = 96929.3
    twoNnw = 102106
  twoNecnw = 22445.2
  twoNbecnw = 55267.1
        m3 = 0.173938
        m4 = 0.0347301
        m5 = 0.225118
        m6 = 0.21366
        Tc = 1714.24
        Td = 857.119
        Te = 428.56
        Tf = 214.28
#       SitePat  BranchLen
              b 122628.3864501
              e 46167.4366633
              c 47669.1528491
              n 43623.1373974
              w 46081.9990669
            b:e 1257.7081909
            b:c 1673.7486826
            b:n 1063.4099985
            b:w 1234.5998396
            e:c 11919.5119022
            e:n 4891.1670169
            e:w 4174.6156187
            c:n 4655.3520639
            c:w 3960.5525335
            n:w 12822.1001593
          b:e:c 1394.7862182
          b:e:n 607.0682366
          b:e:w 606.1605425
          b:c:n 606.7633828
          b:c:w 607.7332170
          b:n:w 1393.8288144
          e:c:n 4877.1349849
          e:c:w 3829.6242440
          e:n:w 6075.8319204
          c:n:w 4990.5988075
        b:e:c:n 1235.2648199
        b:e:c:w 1064.0128387
        b:e:n:w 1642.5789417
        b:c:n:w 1258.6655947
        e:c:n:w 48531.8136293
