########################################
# legofit: estimate population history #
#       version 2.3.4-4-g53f8760       #
########################################

# Program was compiled: Sep 21 2021 14:36:42
# Program was run: Thu Sep 23 01:03:30 2021

# cmd: legofit -1 -d 0 -t 32 --ptsPerDim 3 --stateOut b1boot10.state --tol 3e-6 -S 5000 cdef2.lgo ../../chrX/boot_chrX/boot10.opf
# Stage nOptItr nSimReps
#     0    5000        0
# algorithm          : deterministic
# ignoring probs <=  : 0
# Branch length floor: 0
# DE strategy        : 2
#    F               : 0.3
#    CR              : 0.8
#    tolerance       : 3e-06
# nthreads           : 32
# lgo input file     : cdef2.lgo
# site pat input file: ../../chrX/boot_chrX/boot10.opf
# free parameters    : 16
# points in DE swarm : 48
# output state file  : b1boot10.state
# Including singleton site patterns.
# cost function      : KL
Initial parameter values
Fixed:
      zero = 0
       one = 1
    Tbecnw = 75200
Free:
       pc1 = 0
       pc2 = 0
       pc3 = 0
       pc4 = 0
       pc5 = 0
       pc6 = 0
       pc7 = 0
       pc8 = 0
       pc9 = 0
      pc10 = 0
      pc11 = 0
      pc12 = 0
      pc13 = 0
      pc14 = 0
      pc15 = 0
      pc16 = 0
Constrained:
     Tecnw = 44814.3
       Tnw = 4499.29
       Tec = 2314.53
     twoNb = 2.56714e+06
     twoNe = 19521.7
     twoNc = 274838
     twoNn = 294080
     twoNw = 1.10922e+06
    twoNec = 99630
    twoNnw = 99723.9
  twoNecnw = 23027.6
  twoNbecnw = 55746.3
        m3 = 0.174865
        m4 = 0.0288631
        m5 = 0.227579
        m6 = 0.198488
        Tc = 2249.65
        Td = 1124.82
        Te = 562.412
        Tf = 281.206
DiffEv reached_goal. cost=2.13680e-03 spread=2.86785e-06
Fitted parameter values
Free:
       pc1 = -3.95952
       pc2 = 0.168254
       pc3 = -1.69791
       pc4 = 1.14302
       pc5 = 1.84501
       pc6 = -1.69173
       pc7 = -0.276178
       pc8 = 1.90103
       pc9 = -1.05017
      pc10 = 0.595164
      pc11 = 0.54302
      pc12 = -0.235629
      pc13 = 0.260457
      pc14 = -0.653405
      pc15 = 0.0421816
      pc16 = 0.0341769
Constrained:
     Tecnw = 44600.9
       Tnw = 516.385
       Tec = 280.437
     twoNb = 5.51288e+06
     twoNe = 62694.2
     twoNc = 84096.2
     twoNn = 123096
     twoNw = 1.29963e+06
    twoNec = 104467
    twoNnw = 125319
  twoNecnw = 23229.6
  twoNbecnw = 56443
        m3 = 0.154602
        m4 = 0.0333276
        m5 = 0.228047
        m6 = 0.203419
        Tc = 258.193
        Td = 129.096
        Te = 64.5482
        Tf = 32.2741
#       SitePat  BranchLen
              b 123408.4470995
              e 46238.9252759
              c 47941.6249971
              n 44351.1444909
              w 46601.2260317
            b:e 1298.9440457
            b:c 1725.2712761
            b:n 1158.2435423
            b:w 1315.8598883
            e:c 12034.4032358
            e:n 4964.8724429
            e:w 4331.5909723
            c:n 4695.8119536
            c:w 4012.8968811
            n:w 12693.4837266
          b:e:c 1434.0730947
          b:e:n 649.1384070
          b:e:w 651.6894760
          b:c:n 652.3395927
          b:c:w 649.8442222
          b:n:w 1433.0917643
          e:c:n 5035.1548948
          e:c:w 4101.2698971
          e:n:w 6114.4693047
          c:n:w 4965.7492100
        b:e:c:n 1316.5657035
        b:e:c:w 1158.8936591
        b:e:n:w 1693.8335844
        b:c:n:w 1299.9253761
        e:c:n:w 48822.3367381
