########################################
# legofit: estimate population history #
#       version 2.3.4-4-g53f8760       #
########################################

# Program was compiled: Sep 21 2021 14:36:42
# Program was run: Thu Sep 23 01:03:38 2021

# cmd: legofit -1 -d 0 -t 32 --ptsPerDim 3 --stateOut b1boot17.state --tol 3e-6 -S 5000 cdef2.lgo ../../chrX/boot_chrX/boot17.opf
# Stage nOptItr nSimReps
#     0    5000        0
# algorithm          : deterministic
# ignoring probs <=  : 0
# Branch length floor: 0
# DE strategy        : 2
#    F               : 0.3
#    CR              : 0.8
#    tolerance       : 3e-06
# nthreads           : 32
# lgo input file     : cdef2.lgo
# site pat input file: ../../chrX/boot_chrX/boot17.opf
# free parameters    : 16
# points in DE swarm : 48
# output state file  : b1boot17.state
# Including singleton site patterns.
# cost function      : KL
Initial parameter values
Fixed:
      zero = 0
       one = 1
    Tbecnw = 75200
Free:
       pc1 = 0
       pc2 = 0
       pc3 = 0
       pc4 = 0
       pc5 = 0
       pc6 = 0
       pc7 = 0
       pc8 = 0
       pc9 = 0
      pc10 = 0
      pc11 = 0
      pc12 = 0
      pc13 = 0
      pc14 = 0
      pc15 = 0
      pc16 = 0
Constrained:
     Tecnw = 44814.3
       Tnw = 4499.29
       Tec = 2314.53
     twoNb = 2.56714e+06
     twoNe = 19521.7
     twoNc = 274838
     twoNn = 294080
     twoNw = 1.10922e+06
    twoNec = 99630
    twoNnw = 99723.9
  twoNecnw = 23027.6
  twoNbecnw = 55746.3
        m3 = 0.174865
        m4 = 0.0288631
        m5 = 0.227579
        m6 = 0.198488
        Tc = 2249.65
        Td = 1124.82
        Te = 562.412
        Tf = 281.206
DiffEv reached_goal. cost=2.28745e-03 spread=1.60136e-06
Fitted parameter values
Free:
       pc1 = -3.92999
       pc2 = -0.745888
       pc3 = -1.9879
       pc4 = 3.13185
       pc5 = 0.668843
       pc6 = -1.52008
       pc7 = -0.739875
       pc8 = 0.561281
       pc9 = -0.593947
      pc10 = 0.241276
      pc11 = 1.66657
      pc12 = -0.486919
      pc13 = -0.108034
      pc14 = -0.490344
      pc15 = -0.0416083
      pc16 = 0.0538101
Constrained:
     Tecnw = 45103
       Tnw = 908.029
       Tec = 521.331
     twoNb = 5.98326e+06
     twoNe = 3047.14
     twoNc = 45195.3
     twoNn = 195404
     twoNw = 1.29472e+06
    twoNec = 99556
    twoNnw = 119868
  twoNecnw = 22318.6
  twoNbecnw = 55460.5
        m3 = 0.155871
        m4 = 0.0356631
        m5 = 0.217091
        m6 = 0.209719
        Tc = 454.015
        Td = 227.007
        Te = 113.504
        Tf = 56.7518
#       SitePat  BranchLen
              b 122830.4585656
              e 45910.4480228
              c 47503.7447435
              n 43897.0522398
              w 46349.4171564
            b:e 1233.3098411
            b:c 1661.5555562
            b:n 1086.3625974
            b:w 1249.3561648
            e:c 12136.6921686
            e:n 4924.6880603
            e:w 4112.0154276
            c:n 4571.7118507
            c:w 3940.7925578
            n:w 12753.8556582
          b:e:c 1384.8989431
          b:e:n 609.6820900
          b:e:w 603.6551006
          b:c:n 604.2484257
          b:c:w 610.3347542
          b:n:w 1383.9800748
          e:c:n 4928.4575775
          e:c:w 3919.6845866
          e:n:w 5957.9656117
          c:n:w 4856.2204568
        b:e:c:n 1250.0088289
        b:e:c:w 1086.9559225
        b:e:n:w 1631.0729002
        b:c:n:w 1234.2287094
        e:c:n:w 48770.5733929
