########################################
# legofit: estimate population history #
#       version 2.3.4-4-g53f8760       #
########################################

# Program was compiled: Sep 21 2021 14:36:42
# Program was run: Thu Sep 23 01:03:46 2021

# cmd: legofit -1 -d 0 -t 32 --ptsPerDim 3 --stateOut b1boot26.state --tol 3e-6 -S 5000 cdef2.lgo ../../chrX/boot_chrX/boot26.opf
# Stage nOptItr nSimReps
#     0    5000        0
# algorithm          : deterministic
# ignoring probs <=  : 0
# Branch length floor: 0
# DE strategy        : 2
#    F               : 0.3
#    CR              : 0.8
#    tolerance       : 3e-06
# nthreads           : 32
# lgo input file     : cdef2.lgo
# site pat input file: ../../chrX/boot_chrX/boot26.opf
# free parameters    : 16
# points in DE swarm : 48
# output state file  : b1boot26.state
# Including singleton site patterns.
# cost function      : KL
Initial parameter values
Fixed:
      zero = 0
       one = 1
    Tbecnw = 75200
Free:
       pc1 = 0
       pc2 = 0
       pc3 = 0
       pc4 = 0
       pc5 = 0
       pc6 = 0
       pc7 = 0
       pc8 = 0
       pc9 = 0
      pc10 = 0
      pc11 = 0
      pc12 = 0
      pc13 = 0
      pc14 = 0
      pc15 = 0
      pc16 = 0
Constrained:
     Tecnw = 44814.3
       Tnw = 4499.29
       Tec = 2314.53
     twoNb = 2.56714e+06
     twoNe = 19521.7
     twoNc = 274838
     twoNn = 294080
     twoNw = 1.10922e+06
    twoNec = 99630
    twoNnw = 99723.9
  twoNecnw = 23027.6
  twoNbecnw = 55746.3
        m3 = 0.174865
        m4 = 0.0288631
        m5 = 0.227579
        m6 = 0.198488
        Tc = 2249.65
        Td = 1124.82
        Te = 562.412
        Tf = 281.206
DiffEv reached_goal. cost=2.28097e-03 spread=2.45648e-06
Fitted parameter values
Free:
       pc1 = -3.96558
       pc2 = -1.79394
       pc3 = -1.57596
       pc4 = 2.12878
       pc5 = 0.716506
       pc6 = -1.48544
       pc7 = -0.952508
       pc8 = 1.52609
       pc9 = 0.273712
      pc10 = 1.80971
      pc11 = 0.84275
      pc12 = 0.378605
      pc13 = 0.298543
      pc14 = -0.243026
      pc15 = -0.108542
      pc16 = 0.0588461
Constrained:
     Tecnw = 45225.3
       Tnw = 1227.41
       Tec = 721.977
     twoNb = 5.42063e+06
     twoNe = 16416.7
     twoNc = 193904
     twoNn = 529528
     twoNw = 1.11521e+06
    twoNec = 102842
    twoNnw = 118205
  twoNecnw = 22965.3
  twoNbecnw = 56533.2
        m3 = 0.154113
        m4 = 0.0380876
        m5 = 0.225787
        m6 = 0.219292
        Tc = 613.703
        Td = 306.852
        Te = 153.426
        Tf = 76.7129
#       SitePat  BranchLen
              b 123395.6365220
              e 46723.7623125
              c 48280.6581317
              n 44295.8061553
              w 46512.3986678
            b:e 1332.9799280
            b:c 1785.3449358
            b:n 1151.2320707
            b:w 1308.1740119
            e:c 11973.2036362
            e:n 4992.0109668
            e:w 4299.8219067
            c:n 4715.9023088
            c:w 4114.5802245
            n:w 12914.9876184
          b:e:c 1453.4402165
          b:e:n 654.2986035
          b:e:w 650.5967737
          b:c:n 651.3322321
          b:c:w 655.0996324
          b:n:w 1452.3033383
          e:c:n 4950.2713324
          e:c:w 4027.1899644
          e:n:w 6231.2067970
          c:n:w 5097.2817373
        b:e:c:n 1308.9750408
        b:e:c:w 1151.9675291
        b:e:n:w 1749.6387206
        b:c:n:w 1334.1168063
        e:c:n:w 48535.7726333
