########################################
# legofit: estimate population history #
#       version 2.3.4-4-g53f8760       #
########################################

# Program was compiled: Sep 21 2021 14:36:42
# Program was run: Thu Sep 23 01:03:46 2021

# cmd: legofit -1 -d 0 -t 32 --ptsPerDim 3 --stateOut b1boot25.state --tol 3e-6 -S 5000 cdef2.lgo ../../chrX/boot_chrX/boot25.opf
# Stage nOptItr nSimReps
#     0    5000        0
# algorithm          : deterministic
# ignoring probs <=  : 0
# Branch length floor: 0
# DE strategy        : 2
#    F               : 0.3
#    CR              : 0.8
#    tolerance       : 3e-06
# nthreads           : 32
# lgo input file     : cdef2.lgo
# site pat input file: ../../chrX/boot_chrX/boot25.opf
# free parameters    : 16
# points in DE swarm : 48
# output state file  : b1boot25.state
# Including singleton site patterns.
# cost function      : KL
Initial parameter values
Fixed:
      zero = 0
       one = 1
    Tbecnw = 75200
Free:
       pc1 = 0
       pc2 = 0
       pc3 = 0
       pc4 = 0
       pc5 = 0
       pc6 = 0
       pc7 = 0
       pc8 = 0
       pc9 = 0
      pc10 = 0
      pc11 = 0
      pc12 = 0
      pc13 = 0
      pc14 = 0
      pc15 = 0
      pc16 = 0
Constrained:
     Tecnw = 44814.3
       Tnw = 4499.29
       Tec = 2314.53
     twoNb = 2.56714e+06
     twoNe = 19521.7
     twoNc = 274838
     twoNn = 294080
     twoNw = 1.10922e+06
    twoNec = 99630
    twoNnw = 99723.9
  twoNecnw = 23027.6
  twoNbecnw = 55746.3
        m3 = 0.174865
        m4 = 0.0288631
        m5 = 0.227579
        m6 = 0.198488
        Tc = 2249.65
        Td = 1124.82
        Te = 562.412
        Tf = 281.206
DiffEv reached_goal. cost=2.30687e-03 spread=2.54488e-06
Fitted parameter values
Free:
       pc1 = -3.82059
       pc2 = -1.75972
       pc3 = -1.48132
       pc4 = 0.993802
       pc5 = 0.457703
       pc6 = -1.10529
       pc7 = -1.78694
       pc8 = 1.68539
       pc9 = -1.0362
      pc10 = -0.0913048
      pc11 = 0.486957
      pc12 = -0.342916
      pc13 = -0.0664056
      pc14 = 0.073095
      pc15 = -0.230894
      pc16 = 0.0231052
Constrained:
     Tecnw = 45221.4
       Tnw = 1377.02
       Tec = 711.129
     twoNb = 5.6192e+06
     twoNe = 56992.5
     twoNc = 442602
     twoNn = 602197
     twoNw = 1.38429e+06
    twoNec = 102584
    twoNnw = 113719
  twoNecnw = 22369.8
  twoNbecnw = 56560.1
        m3 = 0.152966
        m4 = 0.0341263
        m5 = 0.231334
        m6 = 0.204322
        Tc = 688.51
        Td = 344.255
        Te = 172.127
        Tf = 86.0637
#       SitePat  BranchLen
              b 123745.0932523
              e 46212.4953363
              c 48015.2232974
              n 43842.0736238
              w 46013.2980735
            b:e 1275.9590783
            b:c 1719.7517918
            b:n 1102.1607890
            b:w 1253.2160491
            e:c 11999.7234715
            e:n 4867.0987245
            e:w 4267.5742809
            c:n 4588.9844234
            c:w 3926.0241722
            n:w 13008.5906834
          b:e:c 1420.8974684
          b:e:n 619.2619006
          b:e:w 622.4756955
          b:c:n 623.0956244
          b:c:w 619.9349719
          b:n:w 1419.9284186
          e:c:n 4836.9877454
          e:c:w 3928.2479905
          e:n:w 6185.2580564
          c:n:w 4968.3923485
        b:e:c:n 1253.8891204
        b:e:c:w 1102.7807180
        b:e:n:w 1688.2116854
        b:c:n:w 1276.9281281
        e:c:n:w 49462.7234199
