########################################
# legofit: estimate population history #
#       version 2.3.4-4-g53f8760       #
########################################

# Program was compiled: Sep 21 2021 14:36:42
# Program was run: Sat Oct  9 22:48:56 2021

# cmd: legofit -1 -d 0 -t 32 --ptsPerDim 3 --stateOut b1boot20.state --tol 3e-6 -S 5000 abdf2.lgo ../../boot/boot20.opf
# Stage nOptItr nSimReps
#     0    5000        0
# algorithm          : deterministic
# ignoring probs <=  : 0
# Branch length floor: 0
# DE strategy        : 2
#    F               : 0.3
#    CR              : 0.8
#    tolerance       : 3e-06
# nthreads           : 32
# lgo input file     : abdf2.lgo
# site pat input file: ../../boot/boot20.opf
# free parameters    : 16
# points in DE swarm : 48
# output state file  : b1boot20.state
# Including singleton site patterns.
# cost function      : KL
Initial parameter values
Fixed:
      zero = 0
       one = 1
    Tbecnw = 75200
Free:
       pc1 = 0
       pc2 = 0
       pc3 = 0
       pc4 = 0
       pc5 = 0
       pc6 = 0
       pc7 = 0
       pc8 = 0
       pc9 = 0
      pc10 = 0
      pc11 = 0
      pc12 = 0
      pc13 = 0
      pc14 = 0
      pc15 = 0
      pc16 = 0
Constrained:
   Tgbecnw = 111249
     Tecnw = 23700.3
       Tnw = 15054
       Tec = 16656.6
     twoNb = 723108
     twoNc = 342219
     twoNw = 3.21108e+06
    twoNec = 70021
    twoNnw = 50598.4
  twoNecnw = 77804
  twoNbecnw = 13375.3
  twoNgbecnw = 339340
         m = 0.103351
        m2 = 0.0116246
        m4 = 0.0238037
        m6 = 2.15287e-06
        Tb = 20178.5
        Ta = 47689.2
        Td = 8328.31
        Tf = 4164.15
DiffEv reached_goal. cost=1.90593e-03 spread=2.92202e-06
Fitted parameter values
Free:
       pc1 = 3.49707
       pc2 = -0.752266
       pc3 = -1.95967
       pc4 = -1.70034
       pc5 = 1.29575
       pc6 = -1.90881
       pc7 = -0.101794
       pc8 = 1.7663
       pc9 = -1.82244
      pc10 = -0.238435
      pc11 = -0.335254
      pc12 = 0.0653734
      pc13 = 0.0587071
      pc14 = -0.0818154
      pc15 = 0.0121674
      pc16 = -0.0574101
Constrained:
   Tgbecnw = 88623.3
     Tecnw = 22617.4
       Tnw = 14745.6
       Tec = 12241.5
     twoNb = 623526
     twoNc = 320246
     twoNw = 1.96533e+06
    twoNec = 104555
    twoNnw = 46116.5
  twoNecnw = 73497
  twoNbecnw = 5036.3
  twoNgbecnw = 379795
         m = 0.0829176
        m2 = 0.0121359
        m4 = 0.0230445
        m6 = 7.53168e-06
        Tb = 17429.4
        Ta = 46314.7
        Td = 6120.73
        Tf = 3060.37
#       SitePat  BranchLen
              b 123933.2792158
              e 48724.2413494
              c 49907.8786750
              n 45664.8342117
              w 45664.8323447
            b:e 2103.7006391
            b:c 2470.9486970
            b:n 1725.3243849
            b:w 1725.3242596
            e:c 10375.5923540
            e:n 5223.4559684
            e:w 5223.4555262
            c:n 5048.5388688
            c:w 5048.5407359
            n:w 12442.1753574
          b:e:c 1971.5126080
          b:e:n 1069.2125978
          b:e:w 1069.2124616
          b:c:n 1080.6198628
          b:c:w 1080.6199881
          b:n:w 1933.9970791
          e:c:n 4678.9779531
          e:c:w 4678.9783953
          e:n:w 6141.5690739
          c:n:w 5638.9005271
        b:e:c:n 1981.6574711
        b:e:c:w 1981.6576074
        b:e:n:w 3315.1606161
        b:c:n:w 2593.9607312
        e:c:n:w 51497.8038181
