########################################
# legofit: estimate population history #
#       version 2.3.4-4-g53f8760       #
########################################

# Program was compiled: Sep 21 2021 14:36:42
# Program was run: Sat Oct  9 23:00:05 2021

# cmd: legofit -1 -d 0 -t 32 --ptsPerDim 3 --stateOut b1boot45.state --tol 3e-6 -S 5000 abdf2.lgo ../../boot/boot45.opf
# Stage nOptItr nSimReps
#     0    5000        0
# algorithm          : deterministic
# ignoring probs <=  : 0
# Branch length floor: 0
# DE strategy        : 2
#    F               : 0.3
#    CR              : 0.8
#    tolerance       : 3e-06
# nthreads           : 32
# lgo input file     : abdf2.lgo
# site pat input file: ../../boot/boot45.opf
# free parameters    : 16
# points in DE swarm : 48
# output state file  : b1boot45.state
# Including singleton site patterns.
# cost function      : KL
Initial parameter values
Fixed:
      zero = 0
       one = 1
    Tbecnw = 75200
Free:
       pc1 = 0
       pc2 = 0
       pc3 = 0
       pc4 = 0
       pc5 = 0
       pc6 = 0
       pc7 = 0
       pc8 = 0
       pc9 = 0
      pc10 = 0
      pc11 = 0
      pc12 = 0
      pc13 = 0
      pc14 = 0
      pc15 = 0
      pc16 = 0
Constrained:
   Tgbecnw = 111249
     Tecnw = 23700.3
       Tnw = 15054
       Tec = 16656.6
     twoNb = 723108
     twoNc = 342219
     twoNw = 3.21108e+06
    twoNec = 70021
    twoNnw = 50598.4
  twoNecnw = 77804
  twoNbecnw = 13375.3
  twoNgbecnw = 339340
         m = 0.103351
        m2 = 0.0116246
        m4 = 0.0238037
        m6 = 2.15287e-06
        Tb = 20178.5
        Ta = 47689.2
        Td = 8328.31
        Tf = 4164.15
DiffEv reached_goal. cost=1.94710e-03 spread=2.08073e-06
Fitted parameter values
Free:
       pc1 = 3.93476
       pc2 = 0.201696
       pc3 = -1.95968
       pc4 = -1.60888
       pc5 = 0.180896
       pc6 = 0.783399
       pc7 = -1.05663
       pc8 = 1.27238
       pc9 = -0.479196
      pc10 = -0.746742
      pc11 = -0.456669
      pc12 = -0.170545
      pc13 = -0.0594983
      pc14 = -0.0592797
      pc15 = -0.0181751
      pc16 = 0.000187328
Constrained:
   Tgbecnw = 89622.1
     Tecnw = 22421.6
       Tnw = 14716.4
       Tec = 14327.9
     twoNb = 437169
     twoNc = 22907.5
     twoNw = 5.24231e+06
    twoNec = 80713
    twoNnw = 45176.2
  twoNecnw = 75203.6
  twoNbecnw = 5242.75
  twoNgbecnw = 406425
         m = 0.0792114
        m2 = 0.0115633
        m4 = 0.0236902
        m6 = 5.66499e-07
        Tb = 18374.8
        Ta = 46787.4
        Td = 7163.97
        Tf = 3581.99
#       SitePat  BranchLen
              b 124426.9200179
              e 48914.2025489
              c 50084.9868112
              n 45817.4153508
              w 45817.4153006
            b:e 2114.8790360
            b:c 2547.9622470
            b:n 1729.5237414
            b:w 1729.5237380
            e:c 10358.6768363
            e:n 5246.1610092
            e:w 5246.1609972
            c:n 5063.9438449
            c:w 5063.9438950
            n:w 12520.1930600
          b:e:c 1985.1815767
          b:e:n 1071.5114171
          b:e:w 1071.5114134
          b:c:n 1085.5060936
          b:c:w 1085.5060970
          b:n:w 1940.5221835
          e:c:n 4669.8743255
          e:c:w 4669.8743374
          e:n:w 6146.5397020
          c:n:w 5611.9024876
        b:e:c:n 1996.6501534
        b:e:c:w 1996.6501570
        b:e:n:w 3320.9156980
        b:c:n:w 2588.1302112
        e:c:n:w 51882.1047698
