########################################
# legofit: estimate population history #
#       version 2.3.4-4-g53f8760       #
########################################

# Program was compiled: Sep 21 2021 14:36:42
# Program was run: Sat Oct  9 22:44:04 2021

# cmd: legofit -1 -d 0 -t 32 --ptsPerDim 3 --stateOut b1boot10.state --tol 3e-6 -S 5000 abdf2.lgo ../../boot/boot10.opf
# Stage nOptItr nSimReps
#     0    5000        0
# algorithm          : deterministic
# ignoring probs <=  : 0
# Branch length floor: 0
# DE strategy        : 2
#    F               : 0.3
#    CR              : 0.8
#    tolerance       : 3e-06
# nthreads           : 32
# lgo input file     : abdf2.lgo
# site pat input file: ../../boot/boot10.opf
# free parameters    : 16
# points in DE swarm : 48
# output state file  : b1boot10.state
# Including singleton site patterns.
# cost function      : KL
Initial parameter values
Fixed:
      zero = 0
       one = 1
    Tbecnw = 75200
Free:
       pc1 = 0
       pc2 = 0
       pc3 = 0
       pc4 = 0
       pc5 = 0
       pc6 = 0
       pc7 = 0
       pc8 = 0
       pc9 = 0
      pc10 = 0
      pc11 = 0
      pc12 = 0
      pc13 = 0
      pc14 = 0
      pc15 = 0
      pc16 = 0
Constrained:
   Tgbecnw = 111249
     Tecnw = 23700.3
       Tnw = 15054
       Tec = 16656.6
     twoNb = 723108
     twoNc = 342219
     twoNw = 3.21108e+06
    twoNec = 70021
    twoNnw = 50598.4
  twoNecnw = 77804
  twoNbecnw = 13375.3
  twoNgbecnw = 339340
         m = 0.103351
        m2 = 0.0116246
        m4 = 0.0238037
        m6 = 2.15287e-06
        Tb = 20178.5
        Ta = 47689.2
        Td = 8328.31
        Tf = 4164.15
DiffEv reached_goal. cost=1.90567e-03 spread=2.93088e-06
Fitted parameter values
Free:
       pc1 = 3.98942
       pc2 = -0.00711266
       pc3 = -1.79186
       pc4 = -1.81733
       pc5 = -0.274715
       pc6 = -0.595996
       pc7 = -1.18197
       pc8 = 1.80983
       pc9 = -1.26918
      pc10 = -0.179038
      pc11 = 0.240233
      pc12 = -0.145057
      pc13 = 0.0245551
      pc14 = -0.0363413
      pc15 = 0.0108992
      pc16 = 0.0170063
Constrained:
   Tgbecnw = 90156
     Tecnw = 22504.4
       Tnw = 15185.5
       Tec = 13645.2
     twoNb = 598631
     twoNc = 57399
     twoNw = 4.53536e+06
    twoNec = 89488.9
    twoNnw = 42046.6
  twoNecnw = 74124.3
  twoNbecnw = 5353.47
  twoNgbecnw = 432233
         m = 0.0730096
        m2 = 0.0115199
        m4 = 0.0229935
        m6 = 2.56803e-06
        Tb = 18074.8
        Ta = 46637.4
        Td = 6822.6
        Tf = 3411.3
#       SitePat  BranchLen
              b 124447.3552793
              e 48849.3025056
              c 50040.1212332
              n 45661.0124068
              w 45661.0121310
            b:e 2131.2833123
            b:c 2497.5055368
            b:n 1748.3838744
            b:w 1748.3838555
            e:c 10377.3891818
            e:n 5235.5705274
            e:w 5235.5704613
            c:n 5060.8460504
            c:w 5060.8463262
            n:w 12550.4836154
          b:e:c 2011.6447178
          b:e:n 1083.9106396
          b:e:w 1083.9106190
          b:c:n 1095.9016200
          b:c:w 1095.9016389
          b:n:w 1971.5018504
          e:c:n 4686.4615026
          e:c:w 4686.4615687
          e:n:w 6170.0052798
          c:n:w 5671.6366805
        b:e:c:n 2011.1359524
        b:e:c:w 2011.1359730
        b:e:n:w 3360.1381562
        b:c:n:w 2626.9323018
        e:c:n:w 51991.1050970
