########################################
# legofit: estimate population history #
#       version 2.3.4-4-g53f8760       #
########################################

# Program was compiled: Sep 21 2021 14:36:42
# Program was run: Sat Oct  9 22:46:25 2021

# cmd: legofit -1 -d 0 -t 32 --ptsPerDim 3 --stateOut b1boot13.state --tol 3e-6 -S 5000 abdf2.lgo ../../boot/boot13.opf
# Stage nOptItr nSimReps
#     0    5000        0
# algorithm          : deterministic
# ignoring probs <=  : 0
# Branch length floor: 0
# DE strategy        : 2
#    F               : 0.3
#    CR              : 0.8
#    tolerance       : 3e-06
# nthreads           : 32
# lgo input file     : abdf2.lgo
# site pat input file: ../../boot/boot13.opf
# free parameters    : 16
# points in DE swarm : 48
# output state file  : b1boot13.state
# Including singleton site patterns.
# cost function      : KL
Initial parameter values
Fixed:
      zero = 0
       one = 1
    Tbecnw = 75200
Free:
       pc1 = 0
       pc2 = 0
       pc3 = 0
       pc4 = 0
       pc5 = 0
       pc6 = 0
       pc7 = 0
       pc8 = 0
       pc9 = 0
      pc10 = 0
      pc11 = 0
      pc12 = 0
      pc13 = 0
      pc14 = 0
      pc15 = 0
      pc16 = 0
Constrained:
   Tgbecnw = 111249
     Tecnw = 23700.3
       Tnw = 15054
       Tec = 16656.6
     twoNb = 723108
     twoNc = 342219
     twoNw = 3.21108e+06
    twoNec = 70021
    twoNnw = 50598.4
  twoNecnw = 77804
  twoNbecnw = 13375.3
  twoNgbecnw = 339340
         m = 0.103351
        m2 = 0.0116246
        m4 = 0.0238037
        m6 = 2.15287e-06
        Tb = 20178.5
        Ta = 47689.2
        Td = 8328.31
        Tf = 4164.15
DiffEv reached_goal. cost=1.90020e-03 spread=2.68599e-06
Fitted parameter values
Free:
       pc1 = 3.97001
       pc2 = 1.94412
       pc3 = -1.61913
       pc4 = -1.60501
       pc5 = 0.798665
       pc6 = 0.257732
       pc7 = -0.866093
       pc8 = 1.05359
       pc9 = -1.63984
      pc10 = -0.667583
      pc11 = -0.173747
      pc12 = 0.0630075
      pc13 = 0.0291397
      pc14 = -0.0345482
      pc15 = -0.00445105
      pc16 = -0.0190274
Constrained:
   Tgbecnw = 89026.4
     Tecnw = 22160.6
       Tnw = 16574.3
       Tec = 16301.1
     twoNb = 534529
     twoNc = 154925
     twoNw = 4.29715e+06
    twoNec = 56807.4
    twoNnw = 31953.9
  twoNecnw = 74675
  twoNbecnw = 5100.37
  twoNgbecnw = 395255
         m = 0.0797321
        m2 = 0.0122694
        m4 = 0.0235926
        m6 = 1.0588e-06
        Tb = 19230.8
        Ta = 47215.4
        Td = 8150.56
        Tf = 4075.28
#       SitePat  BranchLen
              b 123922.1347905
              e 48703.6272769
              c 49902.7195076
              n 45584.6024492
              w 45584.6023253
            b:e 2110.2643894
            b:c 2500.1976539
            b:n 1725.3805227
            b:w 1725.3805140
            e:c 10365.1946960
            e:n 5221.8085178
            e:w 5221.8084873
            c:n 5041.6264972
            c:w 5041.6266211
            n:w 12494.9336789
          b:e:c 1995.6849670
          b:e:n 1063.9664687
          b:e:w 1063.9664593
          b:c:n 1076.4268004
          b:c:w 1076.4268091
          b:n:w 1955.2997779
          e:c:n 4689.2437040
          e:c:w 4689.2437345
          e:n:w 6175.4768415
          c:n:w 5655.4281386
        b:e:c:n 1985.9941945
        b:e:c:w 1985.9942039
        b:e:n:w 3335.6201505
        b:c:n:w 2602.0864259
        e:c:n:w 51516.9302418
