########################################
# legofit: estimate population history #
#       version 2.3.4-4-g53f8760       #
########################################

# Program was compiled: Sep 21 2021 14:36:42
# Program was run: Sat Oct  9 22:49:48 2021

# cmd: legofit -1 -d 0 -t 32 --ptsPerDim 3 --stateOut b1boot22.state --tol 3e-6 -S 5000 abdf2.lgo ../../boot/boot22.opf
# Stage nOptItr nSimReps
#     0    5000        0
# algorithm          : deterministic
# ignoring probs <=  : 0
# Branch length floor: 0
# DE strategy        : 2
#    F               : 0.3
#    CR              : 0.8
#    tolerance       : 3e-06
# nthreads           : 32
# lgo input file     : abdf2.lgo
# site pat input file: ../../boot/boot22.opf
# free parameters    : 16
# points in DE swarm : 48
# output state file  : b1boot22.state
# Including singleton site patterns.
# cost function      : KL
Initial parameter values
Fixed:
      zero = 0
       one = 1
    Tbecnw = 75200
Free:
       pc1 = 0
       pc2 = 0
       pc3 = 0
       pc4 = 0
       pc5 = 0
       pc6 = 0
       pc7 = 0
       pc8 = 0
       pc9 = 0
      pc10 = 0
      pc11 = 0
      pc12 = 0
      pc13 = 0
      pc14 = 0
      pc15 = 0
      pc16 = 0
Constrained:
   Tgbecnw = 111249
     Tecnw = 23700.3
       Tnw = 15054
       Tec = 16656.6
     twoNb = 723108
     twoNc = 342219
     twoNw = 3.21108e+06
    twoNec = 70021
    twoNnw = 50598.4
  twoNecnw = 77804
  twoNbecnw = 13375.3
  twoNgbecnw = 339340
         m = 0.103351
        m2 = 0.0116246
        m4 = 0.0238037
        m6 = 2.15287e-06
        Tb = 20178.5
        Ta = 47689.2
        Td = 8328.31
        Tf = 4164.15
DiffEv reached_goal. cost=1.90826e-03 spread=2.79495e-06
Fitted parameter values
Free:
       pc1 = 3.12183
       pc2 = 0.629602
       pc3 = -1.84995
       pc4 = -1.18279
       pc5 = 0.458817
       pc6 = -1.43369
       pc7 = -1.2915
       pc8 = 1.07607
       pc9 = -0.699946
      pc10 = 0.1285
      pc11 = -0.0913456
      pc12 = 0.102028
      pc13 = 0.0198055
      pc14 = -0.0351607
      pc15 = -0.0290054
      pc16 = -0.0163812
Constrained:
   Tgbecnw = 93159.6
     Tecnw = 22454.6
       Tnw = 15523.4
       Tec = 15105
     twoNb = 589474
     twoNc = 147163
     twoNw = 2.13757e+06
    twoNec = 72554.1
    twoNnw = 40006.4
  twoNecnw = 76250.8
  twoNbecnw = 6645.83
  twoNgbecnw = 382636
         m = 0.0843082
        m2 = 0.0113175
        m4 = 0.0231058
        m6 = 3.70929e-06
        Tb = 18779.8
        Ta = 46989.9
        Td = 7552.52
        Tf = 3776.26
#       SitePat  BranchLen
              b 125422.9868709
              e 49306.7720480
              c 50506.0960278
              n 46150.3722721
              w 46150.3714260
            b:e 2149.4807656
            b:c 2524.2127837
            b:n 1772.9505415
            b:w 1772.9504830
            e:c 10514.3065253
            e:n 5294.9418682
            e:w 5294.9416642
            c:n 5118.1720348
            c:w 5118.1728809
            n:w 12688.6274073
          b:e:c 2035.4875390
          b:e:n 1094.6405398
          b:e:w 1094.6404761
          b:c:n 1106.0398234
          b:c:w 1106.0398819
          b:n:w 1997.9963937
          e:c:n 4741.6821518
          e:c:w 4741.6823558
          e:n:w 6207.6828715
          c:n:w 5701.4949676
        b:e:c:n 2036.4401279
        b:e:c:w 2036.4401916
        b:e:n:w 3375.2265229
        b:c:n:w 2638.0982042
        e:c:n:w 52239.2657199
