########################################
# legofit: estimate population history #
#       version 2.3.4-4-g53f8760       #
########################################

# Program was compiled: Sep 21 2021 14:36:42
# Program was run: Sat Oct  9 23:01:36 2021

# cmd: legofit -1 -d 0 -t 32 --ptsPerDim 3 --stateOut b1boot48.state --tol 3e-6 -S 5000 abdf2.lgo ../../boot/boot48.opf
# Stage nOptItr nSimReps
#     0    5000        0
# algorithm          : deterministic
# ignoring probs <=  : 0
# Branch length floor: 0
# DE strategy        : 2
#    F               : 0.3
#    CR              : 0.8
#    tolerance       : 3e-06
# nthreads           : 32
# lgo input file     : abdf2.lgo
# site pat input file: ../../boot/boot48.opf
# free parameters    : 16
# points in DE swarm : 48
# output state file  : b1boot48.state
# Including singleton site patterns.
# cost function      : KL
Initial parameter values
Fixed:
      zero = 0
       one = 1
    Tbecnw = 75200
Free:
       pc1 = 0
       pc2 = 0
       pc3 = 0
       pc4 = 0
       pc5 = 0
       pc6 = 0
       pc7 = 0
       pc8 = 0
       pc9 = 0
      pc10 = 0
      pc11 = 0
      pc12 = 0
      pc13 = 0
      pc14 = 0
      pc15 = 0
      pc16 = 0
Constrained:
   Tgbecnw = 111249
     Tecnw = 23700.3
       Tnw = 15054
       Tec = 16656.6
     twoNb = 723108
     twoNc = 342219
     twoNw = 3.21108e+06
    twoNec = 70021
    twoNnw = 50598.4
  twoNecnw = 77804
  twoNbecnw = 13375.3
  twoNgbecnw = 339340
         m = 0.103351
        m2 = 0.0116246
        m4 = 0.0238037
        m6 = 2.15287e-06
        Tb = 20178.5
        Ta = 47689.2
        Td = 8328.31
        Tf = 4164.15
DiffEv reached_goal. cost=1.92933e-03 spread=2.42909e-06
Fitted parameter values
Free:
       pc1 = 3.20971
       pc2 = 0.898824
       pc3 = -1.75365
       pc4 = -1.52094
       pc5 = 0.905929
       pc6 = 0.878633
       pc7 = -0.450311
       pc8 = 0.910083
       pc9 = -0.784193
      pc10 = -1.35189
      pc11 = -0.234513
      pc12 = 0.0827891
      pc13 = -0.136098
      pc14 = -0.037491
      pc15 = -0.0221894
      pc16 = 0.00338578
Constrained:
   Tgbecnw = 91317.8
     Tecnw = 22343.6
       Tnw = 15170.2
       Tec = 15047
     twoNb = 583990
     twoNc = 204392
     twoNw = 4.86817e+06
    twoNec = 72458.8
    twoNnw = 42047.5
  twoNecnw = 76107.3
  twoNbecnw = 5975.12
  twoNgbecnw = 383358
         m = 0.0842998
        m2 = 0.0121723
        m4 = 0.02402
        m6 = 8.54811e-07
        Tb = 18695.3
        Ta = 46947.6
        Td = 7523.51
        Tf = 3761.75
#       SitePat  BranchLen
              b 124987.8572908
              e 49188.6404485
              c 50430.4488648
              n 46032.6762655
              w 46032.6761821
            b:e 2137.1422146
            b:c 2526.3327410
            b:n 1756.8426307
            b:w 1756.8426250
            e:c 10423.3156444
            e:n 5292.0341424
            e:w 5292.0341223
            c:n 5108.3369972
            c:w 5108.3370806
            n:w 12599.0480856
          b:e:c 2011.4091618
          b:e:n 1087.8792172
          b:e:w 1087.8792110
          b:c:n 1099.8591831
          b:c:w 1099.8591888
          b:n:w 1973.1915672
          e:c:n 4713.7150462
          e:c:w 4713.7150662
          e:n:w 6188.5348545
          c:n:w 5664.6553494
        b:e:c:n 2022.5379755
        b:e:c:w 2022.5379817
        b:e:n:w 3405.7492089
        b:c:n:w 2642.0638568
        e:c:n:w 52030.8599922
