########################################
# legofit: estimate population history #
#       version 2.3.4-4-g53f8760       #
########################################

# Program was compiled: Sep 21 2021 14:36:42
# Program was run: Sat Oct  9 22:55:48 2021

# cmd: legofit -1 -d 0 -t 32 --ptsPerDim 3 --stateOut b1boot35.state --tol 3e-6 -S 5000 abdf2.lgo ../../boot/boot35.opf
# Stage nOptItr nSimReps
#     0    5000        0
# algorithm          : deterministic
# ignoring probs <=  : 0
# Branch length floor: 0
# DE strategy        : 2
#    F               : 0.3
#    CR              : 0.8
#    tolerance       : 3e-06
# nthreads           : 32
# lgo input file     : abdf2.lgo
# site pat input file: ../../boot/boot35.opf
# free parameters    : 16
# points in DE swarm : 48
# output state file  : b1boot35.state
# Including singleton site patterns.
# cost function      : KL
Initial parameter values
Fixed:
      zero = 0
       one = 1
    Tbecnw = 75200
Free:
       pc1 = 0
       pc2 = 0
       pc3 = 0
       pc4 = 0
       pc5 = 0
       pc6 = 0
       pc7 = 0
       pc8 = 0
       pc9 = 0
      pc10 = 0
      pc11 = 0
      pc12 = 0
      pc13 = 0
      pc14 = 0
      pc15 = 0
      pc16 = 0
Constrained:
   Tgbecnw = 111249
     Tecnw = 23700.3
       Tnw = 15054
       Tec = 16656.6
     twoNb = 723108
     twoNc = 342219
     twoNw = 3.21108e+06
    twoNec = 70021
    twoNnw = 50598.4
  twoNecnw = 77804
  twoNbecnw = 13375.3
  twoNgbecnw = 339340
         m = 0.103351
        m2 = 0.0116246
        m4 = 0.0238037
        m6 = 2.15287e-06
        Tb = 20178.5
        Ta = 47689.2
        Td = 8328.31
        Tf = 4164.15
DiffEv reached_goal. cost=1.88711e-03 spread=2.83506e-06
Fitted parameter values
Free:
       pc1 = 3.75103
       pc2 = 0.740377
       pc3 = -1.88176
       pc4 = -1.55976
       pc5 = 1.16965
       pc6 = -0.935663
       pc7 = -1.2082
       pc8 = 0.917616
       pc9 = -1.6907
      pc10 = -0.833005
      pc11 = -0.198313
      pc12 = -0.0631813
      pc13 = -0.04324
      pc14 = -0.0398627
      pc15 = 0.0248433
      pc16 = -0.0268352
Constrained:
   Tgbecnw = 89136.5
     Tecnw = 22217.2
       Tnw = 15823.8
       Tec = 13967.9
     twoNb = 555935
     twoNc = 186249
     twoNw = 2.09737e+06
    twoNec = 83635.5
    twoNnw = 37044.1
  twoNecnw = 75372.9
  twoNbecnw = 5094.85
  twoNgbecnw = 404986
         m = 0.0783379
        m2 = 0.0121778
        m4 = 0.0233829
        m6 = 2.60144e-06
        Tb = 18092.6
        Ta = 46646.3
        Td = 6983.95
        Tf = 3491.98
#       SitePat  BranchLen
              b 124072.7103625
              e 48882.7923096
              c 50074.3589639
              n 45726.2860704
              w 45726.2854428
            b:e 2128.0891455
            b:c 2511.1317284
            b:n 1736.7493127
            b:w 1736.7492695
            e:c 10359.1603571
            e:n 5259.2979406
            e:w 5259.2977891
            c:n 5080.9209412
            c:w 5080.9215688
            n:w 12500.7713822
          b:e:c 1997.6131247
          b:e:n 1079.4307022
          b:e:w 1079.4306552
          b:c:n 1091.7828170
          b:c:w 1091.7828601
          b:n:w 1956.2084553
          e:c:n 4669.8780121
          e:c:w 4669.8781635
          e:n:w 6165.8348496
          c:n:w 5656.9281873
        b:e:c:n 2003.4613768
        b:e:c:w 2003.4614238
        b:e:n:w 3363.7296826
        b:c:n:w 2630.0758758
        e:c:n:w 51561.0514566
