########################################
# legofit: estimate population history #
#       version 2.3.4-4-g53f8760       #
########################################

# Program was compiled: Sep 21 2021 14:36:42
# Program was run: Sat Oct  9 22:51:36 2021

# cmd: legofit -1 -d 0 -t 32 --ptsPerDim 3 --stateOut b1boot27.state --tol 3e-6 -S 5000 abdf2.lgo ../../boot/boot27.opf
# Stage nOptItr nSimReps
#     0    5000        0
# algorithm          : deterministic
# ignoring probs <=  : 0
# Branch length floor: 0
# DE strategy        : 2
#    F               : 0.3
#    CR              : 0.8
#    tolerance       : 3e-06
# nthreads           : 32
# lgo input file     : abdf2.lgo
# site pat input file: ../../boot/boot27.opf
# free parameters    : 16
# points in DE swarm : 48
# output state file  : b1boot27.state
# Including singleton site patterns.
# cost function      : KL
Initial parameter values
Fixed:
      zero = 0
       one = 1
    Tbecnw = 75200
Free:
       pc1 = 0
       pc2 = 0
       pc3 = 0
       pc4 = 0
       pc5 = 0
       pc6 = 0
       pc7 = 0
       pc8 = 0
       pc9 = 0
      pc10 = 0
      pc11 = 0
      pc12 = 0
      pc13 = 0
      pc14 = 0
      pc15 = 0
      pc16 = 0
Constrained:
   Tgbecnw = 111249
     Tecnw = 23700.3
       Tnw = 15054
       Tec = 16656.6
     twoNb = 723108
     twoNc = 342219
     twoNw = 3.21108e+06
    twoNec = 70021
    twoNnw = 50598.4
  twoNecnw = 77804
  twoNbecnw = 13375.3
  twoNgbecnw = 339340
         m = 0.103351
        m2 = 0.0116246
        m4 = 0.0238037
        m6 = 2.15287e-06
        Tb = 20178.5
        Ta = 47689.2
        Td = 8328.31
        Tf = 4164.15
DiffEv reached_goal. cost=1.89925e-03 spread=2.56488e-06
Fitted parameter values
Free:
       pc1 = 3.99118
       pc2 = 1.55179
       pc3 = -1.96773
       pc4 = -1.78467
       pc5 = 0.547554
       pc6 = -0.0322573
       pc7 = -1.48642
       pc8 = 1.3569
       pc9 = -1.40894
      pc10 = -0.508548
      pc11 = -0.234155
      pc12 = -0.0526078
      pc13 = -0.0447082
      pc14 = -0.0693786
      pc15 = 0.0192684
      pc16 = -0.0213172
Constrained:
   Tgbecnw = 87521.8
     Tecnw = 22155
       Tnw = 16305.9
       Tec = 15350.3
     twoNb = 529315
     twoNc = 45940.5
     twoNw = 4.08452e+06
    twoNec = 68143
    twoNnw = 33659.1
  twoNecnw = 75330.5
  twoNbecnw = 4564.31
  twoNgbecnw = 396255
         m = 0.0811999
        m2 = 0.0119051
        m4 = 0.0233659
        m6 = 6.36566e-07
        Tb = 18752.6
        Ta = 46976.3
        Td = 7675.16
        Tf = 3837.58
#       SitePat  BranchLen
              b 124223.1439871
              e 48812.3427467
              c 50000.6791233
              n 45655.0734146
              w 45655.0733357
            b:e 2124.3008749
            b:c 2515.6022283
            b:n 1734.1422204
            b:w 1734.1422149
            e:c 10321.5210361
            e:n 5239.3101617
            e:w 5239.3101425
            c:n 5061.2698581
            c:w 5061.2699369
            n:w 12476.1430946
          b:e:c 2001.6122312
          b:e:n 1076.1104291
          b:e:w 1076.1104232
          b:c:n 1088.7012352
          b:c:w 1088.7012407
          b:n:w 1959.5329406
          e:c:n 4664.4423442
          e:c:w 4664.4423634
          e:n:w 6160.6695710
          c:n:w 5646.2398190
        b:e:c:n 2002.6438736
        b:e:c:w 2002.6438796
        b:e:n:w 3355.4904255
        b:c:n:w 2621.1811917
        e:c:n:w 51863.1091031
