########################################
# legofit: estimate population history #
#       version 2.3.4-4-g53f8760       #
########################################

# Program was compiled: Sep 21 2021 14:36:42
# Program was run: Sat Oct  9 22:55:35 2021

# cmd: legofit -1 -d 0 -t 32 --ptsPerDim 3 --stateOut b1boot34.state --tol 3e-6 -S 5000 abdf2.lgo ../../boot/boot34.opf
# Stage nOptItr nSimReps
#     0    5000        0
# algorithm          : deterministic
# ignoring probs <=  : 0
# Branch length floor: 0
# DE strategy        : 2
#    F               : 0.3
#    CR              : 0.8
#    tolerance       : 3e-06
# nthreads           : 32
# lgo input file     : abdf2.lgo
# site pat input file: ../../boot/boot34.opf
# free parameters    : 16
# points in DE swarm : 48
# output state file  : b1boot34.state
# Including singleton site patterns.
# cost function      : KL
Initial parameter values
Fixed:
      zero = 0
       one = 1
    Tbecnw = 75200
Free:
       pc1 = 0
       pc2 = 0
       pc3 = 0
       pc4 = 0
       pc5 = 0
       pc6 = 0
       pc7 = 0
       pc8 = 0
       pc9 = 0
      pc10 = 0
      pc11 = 0
      pc12 = 0
      pc13 = 0
      pc14 = 0
      pc15 = 0
      pc16 = 0
Constrained:
   Tgbecnw = 111249
     Tecnw = 23700.3
       Tnw = 15054
       Tec = 16656.6
     twoNb = 723108
     twoNc = 342219
     twoNw = 3.21108e+06
    twoNec = 70021
    twoNnw = 50598.4
  twoNecnw = 77804
  twoNbecnw = 13375.3
  twoNgbecnw = 339340
         m = 0.103351
        m2 = 0.0116246
        m4 = 0.0238037
        m6 = 2.15287e-06
        Tb = 20178.5
        Ta = 47689.2
        Td = 8328.31
        Tf = 4164.15
DiffEv reached_goal. cost=1.90864e-03 spread=2.84036e-06
Fitted parameter values
Free:
       pc1 = 3.98038
       pc2 = 2.61641
       pc3 = -1.79835
       pc4 = -1.89086
       pc5 = 0.904955
       pc6 = 0.733573
       pc7 = -0.0614945
       pc8 = 0.485073
       pc9 = -0.985489
      pc10 = -0.906792
      pc11 = -0.138002
      pc12 = 0.22427
      pc13 = 0.0545816
      pc14 = -0.0176841
      pc15 = 0.00318691
      pc16 = -0.0136992
Constrained:
   Tgbecnw = 88709.6
     Tecnw = 21949.2
       Tnw = 16514.5
       Tec = 17812.5
     twoNb = 519576
     twoNc = 414093
     twoNw = 5.20038e+06
    twoNec = 39949.9
    twoNnw = 31298.4
  twoNecnw = 75322.6
  twoNbecnw = 5018.67
  twoNgbecnw = 387366
         m = 0.0819906
        m2 = 0.0121605
        m4 = 0.0239674
        m6 = 8.86655e-07
        Tb = 19880.8
        Ta = 47540.4
        Td = 8906.24
        Tf = 4453.12
#       SitePat  BranchLen
              b 123997.7703679
              e 48706.2601868
              c 49924.5578930
              n 45558.7519394
              w 45558.7518569
            b:e 2105.8427903
            b:c 2504.7511531
            b:n 1726.0199084
            b:w 1726.0199026
            e:c 10320.5129361
            e:n 5242.9103133
            e:w 5242.9102929
            c:n 5059.1213099
            c:w 5059.1213923
            n:w 12501.1658173
          b:e:c 1993.1557684
          b:e:n 1064.1921809
          b:e:w 1064.1921746
          b:c:n 1076.8817481
          b:c:w 1076.8817538
          b:n:w 1952.8163067
          e:c:n 4698.9511982
          e:c:w 4698.9512186
          e:n:w 6179.1981101
          c:n:w 5649.2102490
        b:e:c:n 1988.4530094
        b:e:c:w 1988.4530157
        b:e:n:w 3341.3307828
        b:c:n:w 2596.3111848
        e:c:n:w 51567.7582881
