########################################
# legofit: estimate population history #
#       version 2.3.4-4-g53f8760       #
########################################

# Program was compiled: Sep 21 2021 14:36:42
# Program was run: Sat Oct  9 22:44:01 2021

# cmd: legofit -1 -d 0 -t 32 --ptsPerDim 3 --stateOut b1boot9.state --tol 3e-6 -S 5000 abdf2.lgo ../../boot/boot9.opf
# Stage nOptItr nSimReps
#     0    5000        0
# algorithm          : deterministic
# ignoring probs <=  : 0
# Branch length floor: 0
# DE strategy        : 2
#    F               : 0.3
#    CR              : 0.8
#    tolerance       : 3e-06
# nthreads           : 32
# lgo input file     : abdf2.lgo
# site pat input file: ../../boot/boot9.opf
# free parameters    : 16
# points in DE swarm : 48
# output state file  : b1boot9.state
# Including singleton site patterns.
# cost function      : KL
Initial parameter values
Fixed:
      zero = 0
       one = 1
    Tbecnw = 75200
Free:
       pc1 = 0
       pc2 = 0
       pc3 = 0
       pc4 = 0
       pc5 = 0
       pc6 = 0
       pc7 = 0
       pc8 = 0
       pc9 = 0
      pc10 = 0
      pc11 = 0
      pc12 = 0
      pc13 = 0
      pc14 = 0
      pc15 = 0
      pc16 = 0
Constrained:
   Tgbecnw = 111249
     Tecnw = 23700.3
       Tnw = 15054
       Tec = 16656.6
     twoNb = 723108
     twoNc = 342219
     twoNw = 3.21108e+06
    twoNec = 70021
    twoNnw = 50598.4
  twoNecnw = 77804
  twoNbecnw = 13375.3
  twoNgbecnw = 339340
         m = 0.103351
        m2 = 0.0116246
        m4 = 0.0238037
        m6 = 2.15287e-06
        Tb = 20178.5
        Ta = 47689.2
        Td = 8328.31
        Tf = 4164.15
DiffEv reached_goal. cost=1.91182e-03 spread=2.39875e-06
Fitted parameter values
Free:
       pc1 = 1.9634
       pc2 = -0.472248
       pc3 = -1.94571
       pc4 = -1.66197
       pc5 = 0.822317
       pc6 = -0.143466
       pc7 = -0.854731
       pc8 = 1.71357
       pc9 = -0.491787
      pc10 = -0.716806
      pc11 = -0.68437
      pc12 = 0.22281
      pc13 = -0.0208066
      pc14 = -0.0983359
      pc15 = -0.0298998
      pc16 = -0.00439702
Constrained:
   Tgbecnw = 92866.6
     Tecnw = 22730.1
       Tnw = 14207.9
       Tec = 12674.5
     twoNb = 665373
     twoNc = 128456
     twoNw = 3.85764e+06
    twoNec = 101566
    twoNnw = 50038.6
  twoNecnw = 76729.6
  twoNbecnw = 6968.3
  twoNgbecnw = 322225
         m = 0.102522
        m2 = 0.0117483
        m4 = 0.0235185
        m6 = 2.42568e-06
        Tb = 17702.3
        Ta = 46451.2
        Td = 6337.25
        Tf = 3168.63
#       SitePat  BranchLen
              b 125981.5883689
              e 49622.4269878
              c 50848.7105596
              n 46448.3086843
              w 46448.3083868
            b:e 2157.9807635
            b:c 2538.5867313
            b:n 1775.0068524
            b:w 1775.0068324
            e:c 10571.6337186
            e:n 5329.8695496
            e:w 5329.8694798
            c:n 5150.4499442
            c:w 5150.4502416
            n:w 12752.7278075
          b:e:c 2021.5053876
          b:e:n 1099.8847910
          b:e:w 1099.8847692
          b:c:n 1110.1477799
          b:c:w 1110.1477999
          b:n:w 1987.3075813
          e:c:n 4748.1484949
          e:c:w 4748.1485647
          e:n:w 6236.7220355
          c:n:w 5716.2114421
        b:e:c:n 2035.1606744
        b:e:c:w 2035.1606961
        b:e:n:w 3394.5167498
        b:c:n:w 2646.4503976
        e:c:n:w 52337.4238513
