########################################
# legofit: estimate population history #
#       version 2.3.4-4-g53f8760       #
########################################

# Program was compiled: Sep 21 2021 14:36:42
# Program was run: Sat Oct  9 22:57:22 2021

# cmd: legofit -1 -d 0 -t 32 --ptsPerDim 3 --stateOut b1boot38.state --tol 3e-6 -S 5000 abdf2.lgo ../../boot/boot38.opf
# Stage nOptItr nSimReps
#     0    5000        0
# algorithm          : deterministic
# ignoring probs <=  : 0
# Branch length floor: 0
# DE strategy        : 2
#    F               : 0.3
#    CR              : 0.8
#    tolerance       : 3e-06
# nthreads           : 32
# lgo input file     : abdf2.lgo
# site pat input file: ../../boot/boot38.opf
# free parameters    : 16
# points in DE swarm : 48
# output state file  : b1boot38.state
# Including singleton site patterns.
# cost function      : KL
Initial parameter values
Fixed:
      zero = 0
       one = 1
    Tbecnw = 75200
Free:
       pc1 = 0
       pc2 = 0
       pc3 = 0
       pc4 = 0
       pc5 = 0
       pc6 = 0
       pc7 = 0
       pc8 = 0
       pc9 = 0
      pc10 = 0
      pc11 = 0
      pc12 = 0
      pc13 = 0
      pc14 = 0
      pc15 = 0
      pc16 = 0
Constrained:
   Tgbecnw = 111249
     Tecnw = 23700.3
       Tnw = 15054
       Tec = 16656.6
     twoNb = 723108
     twoNc = 342219
     twoNw = 3.21108e+06
    twoNec = 70021
    twoNnw = 50598.4
  twoNecnw = 77804
  twoNbecnw = 13375.3
  twoNgbecnw = 339340
         m = 0.103351
        m2 = 0.0116246
        m4 = 0.0238037
        m6 = 2.15287e-06
        Tb = 20178.5
        Ta = 47689.2
        Td = 8328.31
        Tf = 4164.15
DiffEv reached_goal. cost=1.88877e-03 spread=2.81172e-06
Fitted parameter values
Free:
       pc1 = 3.17434
       pc2 = 1.18069
       pc3 = -1.93205
       pc4 = -1.8237
       pc5 = 1.24688
       pc6 = -0.379787
       pc7 = -0.813197
       pc8 = 0.927807
       pc9 = -1.62406
      pc10 = -0.742117
      pc11 = -0.166308
      pc12 = 0.13178
      pc13 = -0.0484839
      pc14 = -0.0804166
      pc15 = -0.00664873
      pc16 = -0.0139357
Constrained:
   Tgbecnw = 89310.1
     Tecnw = 22306.7
       Tnw = 16073.2
       Tec = 14581.5
     twoNb = 643078
     twoNc = 285938
     twoNw = 2.98125e+06
    twoNec = 76594
    twoNnw = 35779.3
  twoNecnw = 75427.3
  twoNbecnw = 5313.93
  twoNgbecnw = 370615
         m = 0.0868653
        m2 = 0.012212
        m4 = 0.0235597
        m6 = 1.88612e-06
        Tb = 18444.1
        Ta = 46822.1
        Td = 7290.76
        Tf = 3645.38
#       SitePat  BranchLen
              b 124470.7036323
              e 48959.7564589
              c 50183.5718876
              n 45803.3444901
              w 45803.3441683
            b:e 2110.2905934
            b:c 2478.6435167
            b:n 1727.2414325
            b:w 1727.2414105
            e:c 10408.3312357
            e:n 5240.4045710
            e:w 5240.4044932
            c:n 5061.8317247
            c:w 5061.8320465
            n:w 12545.7294445
          b:e:c 1990.5929615
          b:e:n 1069.1579680
          b:e:w 1069.1579440
          b:c:n 1080.2836956
          b:c:w 1080.2837176
          b:n:w 1953.7218983
          e:c:n 4674.7342233
          e:c:w 4674.7343011
          e:n:w 6164.8786794
          c:n:w 5654.9589042
        b:e:c:n 1987.3250769
        b:e:c:w 1987.3251009
        b:e:n:w 3360.8365398
        b:c:n:w 2613.4815898
        e:c:n:w 51768.3571765
