########################################
# legofit: estimate population history #
#       version 2.3.4-4-g53f8760       #
########################################

# Program was compiled: Sep 21 2021 14:36:42
# Program was run: Sat Oct  9 23:01:29 2021

# cmd: legofit -1 -d 0 -t 32 --ptsPerDim 3 --stateOut b1boot47.state --tol 3e-6 -S 5000 abdf2.lgo ../../boot/boot47.opf
# Stage nOptItr nSimReps
#     0    5000        0
# algorithm          : deterministic
# ignoring probs <=  : 0
# Branch length floor: 0
# DE strategy        : 2
#    F               : 0.3
#    CR              : 0.8
#    tolerance       : 3e-06
# nthreads           : 32
# lgo input file     : abdf2.lgo
# site pat input file: ../../boot/boot47.opf
# free parameters    : 16
# points in DE swarm : 48
# output state file  : b1boot47.state
# Including singleton site patterns.
# cost function      : KL
Initial parameter values
Fixed:
      zero = 0
       one = 1
    Tbecnw = 75200
Free:
       pc1 = 0
       pc2 = 0
       pc3 = 0
       pc4 = 0
       pc5 = 0
       pc6 = 0
       pc7 = 0
       pc8 = 0
       pc9 = 0
      pc10 = 0
      pc11 = 0
      pc12 = 0
      pc13 = 0
      pc14 = 0
      pc15 = 0
      pc16 = 0
Constrained:
   Tgbecnw = 111249
     Tecnw = 23700.3
       Tnw = 15054
       Tec = 16656.6
     twoNb = 723108
     twoNc = 342219
     twoNw = 3.21108e+06
    twoNec = 70021
    twoNnw = 50598.4
  twoNecnw = 77804
  twoNbecnw = 13375.3
  twoNgbecnw = 339340
         m = 0.103351
        m2 = 0.0116246
        m4 = 0.0238037
        m6 = 2.15287e-06
        Tb = 20178.5
        Ta = 47689.2
        Td = 8328.31
        Tf = 4164.15
DiffEv reached_goal. cost=1.89272e-03 spread=2.44046e-06
Fitted parameter values
Free:
       pc1 = 3.77385
       pc2 = 0.856625
       pc3 = -1.9661
       pc4 = -1.79961
       pc5 = 0.291533
       pc6 = 0.595933
       pc7 = -0.869566
       pc8 = 1.89058
       pc9 = -1.60927
      pc10 = -0.63695
      pc11 = -0.315672
      pc12 = -0.100879
      pc13 = -0.136722
      pc14 = -0.0906258
      pc15 = -0.000238566
      pc16 = 0.0193029
Constrained:
   Tgbecnw = 87736.2
     Tecnw = 22471.3
       Tnw = 15854.2
       Tec = 14199.3
     twoNb = 565948
     twoNc = 13556.4
     twoNw = 5.62152e+06
    twoNec = 82388.3
    twoNnw = 37783.8
  twoNecnw = 74395.9
  twoNbecnw = 4681.1
  twoNgbecnw = 388970
         m = 0.0814644
        m2 = 0.0120633
        m4 = 0.0234894
        m6 = 1.4838e-06
        Tb = 18335.3
        Ta = 46767.7
        Td = 7099.66
        Tf = 3549.83
#       SitePat  BranchLen
              b 123922.6347267
              e 48845.0337723
              c 50039.2867854
              n 45678.2083529
              w 45678.2082199
            b:e 2125.6282911
            b:c 2510.4367875
            b:n 1733.8947967
            b:w 1733.8947876
            e:c 10362.7511329
            e:n 5209.2443415
            e:w 5209.2443095
            c:n 5031.4215640
            c:w 5031.4216970
            n:w 12515.3222158
          b:e:c 2005.0142204
          b:e:n 1074.4014699
          b:e:w 1074.4014599
          b:c:n 1086.6787205
          b:c:w 1086.6787297
          b:n:w 1963.7983204
          e:c:n 4659.2055664
          e:c:w 4659.2055984
          e:n:w 6163.5131121
          c:n:w 5649.0513903
        b:e:c:n 1998.6798263
        b:e:c:w 1998.6798363
        b:e:n:w 3355.0924004
        b:c:n:w 2621.5833388
        e:c:n:w 51551.4025880
