########################################
# legofit: estimate population history #
#       version 2.3.4-4-g53f8760       #
########################################

# Program was compiled: Sep 21 2021 14:36:42
# Program was run: Sat Oct  9 22:54:48 2021

# cmd: legofit -1 -d 0 -t 32 --ptsPerDim 3 --stateOut b1boot33.state --tol 3e-6 -S 5000 abdf2.lgo ../../boot/boot33.opf
# Stage nOptItr nSimReps
#     0    5000        0
# algorithm          : deterministic
# ignoring probs <=  : 0
# Branch length floor: 0
# DE strategy        : 2
#    F               : 0.3
#    CR              : 0.8
#    tolerance       : 3e-06
# nthreads           : 32
# lgo input file     : abdf2.lgo
# site pat input file: ../../boot/boot33.opf
# free parameters    : 16
# points in DE swarm : 48
# output state file  : b1boot33.state
# Including singleton site patterns.
# cost function      : KL
Initial parameter values
Fixed:
      zero = 0
       one = 1
    Tbecnw = 75200
Free:
       pc1 = 0
       pc2 = 0
       pc3 = 0
       pc4 = 0
       pc5 = 0
       pc6 = 0
       pc7 = 0
       pc8 = 0
       pc9 = 0
      pc10 = 0
      pc11 = 0
      pc12 = 0
      pc13 = 0
      pc14 = 0
      pc15 = 0
      pc16 = 0
Constrained:
   Tgbecnw = 111249
     Tecnw = 23700.3
       Tnw = 15054
       Tec = 16656.6
     twoNb = 723108
     twoNc = 342219
     twoNw = 3.21108e+06
    twoNec = 70021
    twoNnw = 50598.4
  twoNecnw = 77804
  twoNbecnw = 13375.3
  twoNgbecnw = 339340
         m = 0.103351
        m2 = 0.0116246
        m4 = 0.0238037
        m6 = 2.15287e-06
        Tb = 20178.5
        Ta = 47689.2
        Td = 8328.31
        Tf = 4164.15
DiffEv reached_goal. cost=1.88259e-03 spread=2.00062e-06
Fitted parameter values
Free:
       pc1 = 3.95108
       pc2 = 1.12005
       pc3 = -1.77453
       pc4 = -1.39866
       pc5 = 0.475414
       pc6 = -0.137202
       pc7 = -0.736494
       pc8 = 1.99617
       pc9 = -0.795037
      pc10 = -0.6327
      pc11 = -0.290133
      pc12 = 0.146831
      pc13 = 0.0170207
      pc14 = -0.0555203
      pc15 = -0.0260947
      pc16 = 0.0165167
Constrained:
   Tgbecnw = 89143
     Tecnw = 22183.2
       Tnw = 15270.6
       Tec = 15709
     twoNb = 546594
     twoNc = 16002.1
     twoNw = 4.96956e+06
    twoNec = 63302.7
    twoNnw = 39825.8
  twoNecnw = 75491.2
  twoNbecnw = 5157.32
  twoNgbecnw = 387930
         m = 0.0829761
        m2 = 0.0119252
        m4 = 0.0233771
        m6 = 3.52345e-06
        Tb = 18946.1
        Ta = 47073
        Td = 7854.51
        Tf = 3927.25
#       SitePat  BranchLen
              b 124367.6905453
              e 48833.7903911
              c 50029.6593084
              n 45653.4269652
              w 45653.4266349
            b:e 2099.9823249
            b:c 2485.1900479
            b:n 1721.6302407
            b:w 1721.6302182
            e:c 10383.2959819
            e:n 5233.0170899
            e:w 5233.0170103
            c:n 5054.7281188
            c:w 5054.7284491
            n:w 12584.7463815
          b:e:c 1985.2373933
          b:e:n 1063.3427083
          b:e:w 1063.3426839
          b:c:n 1075.3851637
          b:c:w 1075.3851862
          b:n:w 1946.1568573
          e:c:n 4676.0283501
          e:c:w 4676.0284297
          e:n:w 6143.2287552
          c:n:w 5630.5615706
        b:e:c:n 1983.5121422
        b:e:c:w 1983.5121667
        b:e:n:w 3327.4881934
        b:c:n:w 2591.5711644
        e:c:n:w 51806.2336350
