########################################
# legofit: estimate population history #
#       version 2.3.4-4-g53f8760       #
########################################

# Program was compiled: Sep 21 2021 14:36:42
# Program was run: Sat Oct  9 22:41:11 2021

# cmd: legofit -1 -d 0 -t 32 --ptsPerDim 3 --stateOut b1boot2.state --tol 3e-6 -S 5000 abdf2.lgo ../../boot/boot2.opf
# Stage nOptItr nSimReps
#     0    5000        0
# algorithm          : deterministic
# ignoring probs <=  : 0
# Branch length floor: 0
# DE strategy        : 2
#    F               : 0.3
#    CR              : 0.8
#    tolerance       : 3e-06
# nthreads           : 32
# lgo input file     : abdf2.lgo
# site pat input file: ../../boot/boot2.opf
# free parameters    : 16
# points in DE swarm : 48
# output state file  : b1boot2.state
# Including singleton site patterns.
# cost function      : KL
Initial parameter values
Fixed:
      zero = 0
       one = 1
    Tbecnw = 75200
Free:
       pc1 = 0
       pc2 = 0
       pc3 = 0
       pc4 = 0
       pc5 = 0
       pc6 = 0
       pc7 = 0
       pc8 = 0
       pc9 = 0
      pc10 = 0
      pc11 = 0
      pc12 = 0
      pc13 = 0
      pc14 = 0
      pc15 = 0
      pc16 = 0
Constrained:
   Tgbecnw = 111249
     Tecnw = 23700.3
       Tnw = 15054
       Tec = 16656.6
     twoNb = 723108
     twoNc = 342219
     twoNw = 3.21108e+06
    twoNec = 70021
    twoNnw = 50598.4
  twoNecnw = 77804
  twoNbecnw = 13375.3
  twoNgbecnw = 339340
         m = 0.103351
        m2 = 0.0116246
        m4 = 0.0238037
        m6 = 2.15287e-06
        Tb = 20178.5
        Ta = 47689.2
        Td = 8328.31
        Tf = 4164.15
DiffEv reached_goal. cost=1.91690e-03 spread=1.80490e-06
Fitted parameter values
Free:
       pc1 = 3.86432
       pc2 = 0.887094
       pc3 = -1.96921
       pc4 = -1.30236
       pc5 = 1.4961
       pc6 = 0.165119
       pc7 = -0.463147
       pc8 = 1.65475
       pc9 = -1.04409
      pc10 = -1.10123
      pc11 = -0.360211
      pc12 = 0.218207
      pc13 = -0.0585745
      pc14 = -0.0644401
      pc15 = -0.035077
      pc16 = 0.000484001
Constrained:
   Tgbecnw = 87355.1
     Tecnw = 22156.4
       Tnw = 15037.9
       Tec = 15155.5
     twoNb = 580381
     twoNc = 71937.9
     twoNw = 4.0028e+06
    twoNec = 68344
    twoNnw = 41459.8
  twoNecnw = 75189.5
  twoNbecnw = 4591.05
  twoNgbecnw = 376100
         m = 0.0844468
        m2 = 0.0123409
        m4 = 0.0237866
        m6 = 3.6712e-06
        Tb = 18656
        Ta = 46928
        Td = 7577.76
        Tf = 3788.88
#       SitePat  BranchLen
              b 123775.8019499
              e 48727.4449555
              c 49940.8389244
              n 45604.6724663
              w 45604.6720413
            b:e 2113.5120480
            b:c 2497.5794108
            b:n 1735.9809437
            b:w 1735.9809146
            e:c 10385.4822147
            e:n 5238.5476388
            e:w 5238.5475365
            c:n 5057.4346513
            c:w 5057.4350763
            n:w 12539.8599932
          b:e:c 1996.4596276
          b:e:n 1073.1384840
          b:e:w 1073.1384523
          b:c:n 1085.2710970
          b:c:w 1085.2711261
          b:n:w 1957.4638954
          e:c:n 4687.2623804
          e:c:w 4687.2624827
          e:n:w 6147.2469061
          c:n:w 5628.8724410
        b:e:c:n 2002.1173828
        b:e:c:w 2002.1174145
        b:e:n:w 3355.5361926
        b:c:n:w 2614.4093302
        e:c:n:w 51375.9647865
