########################################
# legofit: estimate population history #
#       version 2.3.4-4-g53f8760       #
########################################

# Program was compiled: Sep 21 2021 14:36:42
# Program was run: Sat Oct  9 22:41:12 2021

# cmd: legofit -1 -d 0 -t 32 --ptsPerDim 3 --stateOut b1boot1.state --tol 3e-6 -S 5000 abdf2.lgo ../../boot/boot1.opf
# Stage nOptItr nSimReps
#     0    5000        0
# algorithm          : deterministic
# ignoring probs <=  : 0
# Branch length floor: 0
# DE strategy        : 2
#    F               : 0.3
#    CR              : 0.8
#    tolerance       : 3e-06
# nthreads           : 32
# lgo input file     : abdf2.lgo
# site pat input file: ../../boot/boot1.opf
# free parameters    : 16
# points in DE swarm : 48
# output state file  : b1boot1.state
# Including singleton site patterns.
# cost function      : KL
Initial parameter values
Fixed:
      zero = 0
       one = 1
    Tbecnw = 75200
Free:
       pc1 = 0
       pc2 = 0
       pc3 = 0
       pc4 = 0
       pc5 = 0
       pc6 = 0
       pc7 = 0
       pc8 = 0
       pc9 = 0
      pc10 = 0
      pc11 = 0
      pc12 = 0
      pc13 = 0
      pc14 = 0
      pc15 = 0
      pc16 = 0
Constrained:
   Tgbecnw = 111249
     Tecnw = 23700.3
       Tnw = 15054
       Tec = 16656.6
     twoNb = 723108
     twoNc = 342219
     twoNw = 3.21108e+06
    twoNec = 70021
    twoNnw = 50598.4
  twoNecnw = 77804
  twoNbecnw = 13375.3
  twoNgbecnw = 339340
         m = 0.103351
        m2 = 0.0116246
        m4 = 0.0238037
        m6 = 2.15287e-06
        Tb = 20178.5
        Ta = 47689.2
        Td = 8328.31
        Tf = 4164.15
DiffEv reached_goal. cost=1.89425e-03 spread=2.65530e-06
Fitted parameter values
Free:
       pc1 = 3.58958
       pc2 = -0.265334
       pc3 = -1.8538
       pc4 = -1.08845
       pc5 = 1.37547
       pc6 = -0.77246
       pc7 = -0.746413
       pc8 = 1.72772
       pc9 = -1.66108
      pc10 = -1.14708
      pc11 = -0.453852
      pc12 = 0.0363555
      pc13 = -0.0312318
      pc14 = -0.0503279
      pc15 = -0.0187148
      pc16 = 0.00426039
Constrained:
   Tgbecnw = 89673.7
     Tecnw = 22392.5
       Tnw = 14775.4
       Tec = 12634.9
     twoNb = 580466
     twoNc = 27919.7
     twoNw = 2.61801e+06
    twoNec = 97714.2
    twoNnw = 44149.4
  twoNecnw = 74861.5
  twoNbecnw = 5356.99
  twoNgbecnw = 390300
         m = 0.0809967
        m2 = 0.0124432
        m4 = 0.0234802
        m6 = 5.06009e-06
        Tb = 17513.7
        Ta = 46356.8
        Td = 6317.46
        Tf = 3158.73
#       SitePat  BranchLen
              b 124107.4315094
              e 48864.7395387
              c 50062.7685690
              n 45715.5976266
              w 45715.5966896
            b:e 2126.8163455
            b:c 2509.0774174
            b:n 1736.3460185
            b:w 1736.3459552
            e:c 10445.5628652
            e:n 5247.8779870
            e:w 5247.8777646
            c:n 5069.0500896
            c:w 5069.0510265
            n:w 12583.6684737
          b:e:c 1995.9956297
          b:e:n 1076.4843639
          b:e:w 1076.4842950
          b:c:n 1088.5198139
          b:c:w 1088.5198772
          b:n:w 1956.1239866
          e:c:n 4681.2517607
          e:c:w 4681.2519831
          e:n:w 6173.1540354
          c:n:w 5660.9297209
        b:e:c:n 1998.9806561
        b:e:c:w 1998.9807250
        b:e:n:w 3361.9558236
        b:c:n:w 2627.4734970
        e:c:n:w 51508.1223540
