########################################
# legofit: estimate population history #
#       version 2.3.4-4-g53f8760       #
########################################

# Program was compiled: Sep 21 2021 14:36:42
# Program was run: Sat Oct  9 22:54:28 2021

# cmd: legofit -1 -d 0 -t 32 --ptsPerDim 3 --stateOut b1boot32.state --tol 3e-6 -S 5000 abdf2.lgo ../../boot/boot32.opf
# Stage nOptItr nSimReps
#     0    5000        0
# algorithm          : deterministic
# ignoring probs <=  : 0
# Branch length floor: 0
# DE strategy        : 2
#    F               : 0.3
#    CR              : 0.8
#    tolerance       : 3e-06
# nthreads           : 32
# lgo input file     : abdf2.lgo
# site pat input file: ../../boot/boot32.opf
# free parameters    : 16
# points in DE swarm : 48
# output state file  : b1boot32.state
# Including singleton site patterns.
# cost function      : KL
Initial parameter values
Fixed:
      zero = 0
       one = 1
    Tbecnw = 75200
Free:
       pc1 = 0
       pc2 = 0
       pc3 = 0
       pc4 = 0
       pc5 = 0
       pc6 = 0
       pc7 = 0
       pc8 = 0
       pc9 = 0
      pc10 = 0
      pc11 = 0
      pc12 = 0
      pc13 = 0
      pc14 = 0
      pc15 = 0
      pc16 = 0
Constrained:
   Tgbecnw = 111249
     Tecnw = 23700.3
       Tnw = 15054
       Tec = 16656.6
     twoNb = 723108
     twoNc = 342219
     twoNw = 3.21108e+06
    twoNec = 70021
    twoNnw = 50598.4
  twoNecnw = 77804
  twoNbecnw = 13375.3
  twoNgbecnw = 339340
         m = 0.103351
        m2 = 0.0116246
        m4 = 0.0238037
        m6 = 2.15287e-06
        Tb = 20178.5
        Ta = 47689.2
        Td = 8328.31
        Tf = 4164.15
DiffEv reached_goal. cost=1.93971e-03 spread=2.95323e-06
Fitted parameter values
Free:
       pc1 = 3.67433
       pc2 = 2.04
       pc3 = -1.61246
       pc4 = -1.47892
       pc5 = 1.46112
       pc6 = -0.476001
       pc7 = -1.4016
       pc8 = 1.51185
       pc9 = -1.30716
      pc10 = -0.99947
      pc11 = -0.273875
      pc12 = 0.223155
      pc13 = -0.0427703
      pc14 = -0.0705324
      pc15 = -0.00280447
      pc16 = -0.0131514
Constrained:
   Tgbecnw = 88139.2
     Tecnw = 21923.4
       Tnw = 16111.4
       Tec = 16325.2
     twoNb = 601299
     twoNc = 45406.6
     twoNw = 2.99183e+06
    twoNec = 54816.6
    twoNnw = 33509.3
  twoNecnw = 76651.1
  twoNbecnw = 4877.12
  twoNgbecnw = 371990
         m = 0.0878649
        m2 = 0.0124615
        m4 = 0.0234255
        m6 = 1.74529e-06
        Tb = 19124.3
        Ta = 47162.2
        Td = 8162.61
        Tf = 4081.3
#       SitePat  BranchLen
              b 124572.1068455
              e 48915.7357081
              c 50129.8797480
              n 45726.1822515
              w 45726.1819663
            b:e 2114.6207650
            b:c 2487.6208874
            b:n 1731.3707810
            b:w 1731.3707613
            e:c 10390.0440044
            e:n 5258.1877222
            e:w 5258.1876526
            c:n 5079.9166403
            c:w 5079.9169255
            n:w 12572.0131052
          b:e:c 1997.9287660
          b:e:n 1071.4435059
          b:e:w 1071.4434844
          b:c:n 1082.8633652
          b:c:w 1082.8633849
          b:n:w 1960.3268934
          e:c:n 4678.9298804
          e:c:w 4678.9299500
          e:n:w 6152.4844092
          c:n:w 5644.3607106
        b:e:c:n 1998.4412754
        b:e:c:w 1998.4412969
        b:e:n:w 3373.6165570
        b:c:n:w 2628.2979749
        e:c:n:w 51944.3218183
