########################################
# legofit: estimate population history #
#       version 2.3.4-4-g53f8760       #
########################################

# Program was compiled: Sep 21 2021 14:36:42
# Program was run: Sat Oct  9 22:59:36 2021

# cmd: legofit -1 -d 0 -t 32 --ptsPerDim 3 --stateOut b1boot43.state --tol 3e-6 -S 5000 abdf2.lgo ../../boot/boot43.opf
# Stage nOptItr nSimReps
#     0    5000        0
# algorithm          : deterministic
# ignoring probs <=  : 0
# Branch length floor: 0
# DE strategy        : 2
#    F               : 0.3
#    CR              : 0.8
#    tolerance       : 3e-06
# nthreads           : 32
# lgo input file     : abdf2.lgo
# site pat input file: ../../boot/boot43.opf
# free parameters    : 16
# points in DE swarm : 48
# output state file  : b1boot43.state
# Including singleton site patterns.
# cost function      : KL
Initial parameter values
Fixed:
      zero = 0
       one = 1
    Tbecnw = 75200
Free:
       pc1 = 0
       pc2 = 0
       pc3 = 0
       pc4 = 0
       pc5 = 0
       pc6 = 0
       pc7 = 0
       pc8 = 0
       pc9 = 0
      pc10 = 0
      pc11 = 0
      pc12 = 0
      pc13 = 0
      pc14 = 0
      pc15 = 0
      pc16 = 0
Constrained:
   Tgbecnw = 111249
     Tecnw = 23700.3
       Tnw = 15054
       Tec = 16656.6
     twoNb = 723108
     twoNc = 342219
     twoNw = 3.21108e+06
    twoNec = 70021
    twoNnw = 50598.4
  twoNecnw = 77804
  twoNbecnw = 13375.3
  twoNgbecnw = 339340
         m = 0.103351
        m2 = 0.0116246
        m4 = 0.0238037
        m6 = 2.15287e-06
        Tb = 20178.5
        Ta = 47689.2
        Td = 8328.31
        Tf = 4164.15
DiffEv reached_goal. cost=1.93657e-03 spread=1.72845e-06
Fitted parameter values
Free:
       pc1 = 3.01196
       pc2 = -0.130981
       pc3 = -1.85763
       pc4 = -1.74637
       pc5 = 1.69225
       pc6 = -0.73687
       pc7 = -0.504921
       pc8 = 0.414945
       pc9 = -0.439585
      pc10 = -0.343748
      pc11 = -0.705602
      pc12 = 0.126634
      pc13 = 0.053137
      pc14 = -0.0732478
      pc15 = -0.0051986
      pc16 = -0.0622011
Constrained:
   Tgbecnw = 90445.2
     Tecnw = 22528.3
       Tnw = 14392.8
       Tec = 14421.8
     twoNb = 492483
     twoNc = 420984
     twoNw = 1.63926e+06
    twoNec = 81262.7
    twoNnw = 48387.1
  twoNecnw = 75463
  twoNbecnw = 5865.05
  twoNgbecnw = 350867
         m = 0.0921407
        m2 = 0.0117397
        m4 = 0.0236547
        m6 = 2.98593e-06
        Tb = 18475
        Ta = 46837.5
        Td = 7210.88
        Tf = 3605.44
#       SitePat  BranchLen
              b 124865.5958646
              e 49159.4861467
              c 50344.9593116
              n 46065.4230000
              w 46065.4221738
            b:e 2140.5489640
            b:c 2560.3831267
            b:n 1757.6660132
            b:w 1757.6659572
            e:c 10400.5475286
            e:n 5298.0063923
            e:w 5298.0061959
            c:n 5115.7580658
            c:w 5115.7588921
            n:w 12559.8623241
          b:e:c 2001.4881317
          b:e:n 1088.6999429
          b:e:w 1088.6998820
          b:c:n 1101.3904274
          b:c:w 1101.3904834
          b:n:w 1960.9011537
          e:c:n 4729.5031300
          e:c:w 4729.5033264
          e:n:w 6201.9967514
          c:n:w 5665.8340138
        b:e:c:n 2022.0114104
        b:e:c:w 2022.0114713
        b:e:n:w 3343.4869742
        b:c:n:w 2613.4567455
        e:c:n:w 51901.4005697
