########################################
# legofit: estimate population history #
#       version 2.3.4-4-g53f8760       #
########################################

# Program was compiled: Sep 21 2021 14:36:42
# Program was run: Sat Oct  9 22:51:03 2021

# cmd: legofit -1 -d 0 -t 32 --ptsPerDim 3 --stateOut b1boot25.state --tol 3e-6 -S 5000 abdf2.lgo ../../boot/boot25.opf
# Stage nOptItr nSimReps
#     0    5000        0
# algorithm          : deterministic
# ignoring probs <=  : 0
# Branch length floor: 0
# DE strategy        : 2
#    F               : 0.3
#    CR              : 0.8
#    tolerance       : 3e-06
# nthreads           : 32
# lgo input file     : abdf2.lgo
# site pat input file: ../../boot/boot25.opf
# free parameters    : 16
# points in DE swarm : 48
# output state file  : b1boot25.state
# Including singleton site patterns.
# cost function      : KL
Initial parameter values
Fixed:
      zero = 0
       one = 1
    Tbecnw = 75200
Free:
       pc1 = 0
       pc2 = 0
       pc3 = 0
       pc4 = 0
       pc5 = 0
       pc6 = 0
       pc7 = 0
       pc8 = 0
       pc9 = 0
      pc10 = 0
      pc11 = 0
      pc12 = 0
      pc13 = 0
      pc14 = 0
      pc15 = 0
      pc16 = 0
Constrained:
   Tgbecnw = 111249
     Tecnw = 23700.3
       Tnw = 15054
       Tec = 16656.6
     twoNb = 723108
     twoNc = 342219
     twoNw = 3.21108e+06
    twoNec = 70021
    twoNnw = 50598.4
  twoNecnw = 77804
  twoNbecnw = 13375.3
  twoNgbecnw = 339340
         m = 0.103351
        m2 = 0.0116246
        m4 = 0.0238037
        m6 = 2.15287e-06
        Tb = 20178.5
        Ta = 47689.2
        Td = 8328.31
        Tf = 4164.15
DiffEv reached_goal. cost=1.90954e-03 spread=2.90029e-06
Fitted parameter values
Free:
       pc1 = 3.89105
       pc2 = -0.811502
       pc3 = -1.79474
       pc4 = -1.48455
       pc5 = 0.994319
       pc6 = 0.399408
       pc7 = -0.362858
       pc8 = 0.945478
       pc9 = -0.863815
      pc10 = -0.851475
      pc11 = 0.105743
      pc12 = -0.0892197
      pc13 = -0.0632902
      pc14 = -0.0293705
      pc15 = -0.0106121
      pc16 = 0.0319372
Constrained:
   Tgbecnw = 90046.7
     Tecnw = 22628.9
       Tnw = 13979.6
       Tec = 13539.8
     twoNb = 570004
     twoNc = 191832
     twoNw = 3.78522e+06
    twoNec = 91294.9
    twoNnw = 50489.3
  twoNecnw = 73572.1
  twoNbecnw = 5313.4
  twoNgbecnw = 426030
         m = 0.0726161
        m2 = 0.0118901
        m4 = 0.0238378
        m6 = 2.48712e-06
        Tb = 18084.3
        Ta = 46642.2
        Td = 6769.91
        Tf = 3384.95
#       SitePat  BranchLen
              b 123601.0685150
              e 48788.0617476
              c 50001.2085323
              n 45609.7230159
              w 45609.7227241
            b:e 2098.3794749
            b:c 2481.7978369
            b:n 1722.8777989
            b:w 1722.8777795
            e:c 10317.0243162
            e:n 5218.5011653
            e:w 5218.5010966
            c:n 5037.1675465
            c:w 5037.1678382
            n:w 12520.9596564
          b:e:c 1973.6965073
          b:e:n 1067.4322536
          b:e:w 1067.4322324
          b:c:n 1079.9949205
          b:c:w 1079.9949400
          b:n:w 1933.4991353
          e:c:n 4664.7096539
          e:c:w 4664.7097226
          e:n:w 6133.9269963
          c:n:w 5618.2069157
        b:e:c:n 1981.2613673
        b:e:c:w 1981.2613885
        b:e:n:w 3329.9412375
        b:c:n:w 2586.6375584
        e:c:n:w 51203.3139567
