########################################
# legofit: estimate population history #
#       version 2.3.4-4-g53f8760       #
########################################

# Program was compiled: Sep 21 2021 14:36:42
# Program was run: Sat Oct  9 22:48:19 2021

# cmd: legofit -1 -d 0 -t 32 --ptsPerDim 3 --stateOut b1boot17.state --tol 3e-6 -S 5000 abdf2.lgo ../../boot/boot17.opf
# Stage nOptItr nSimReps
#     0    5000        0
# algorithm          : deterministic
# ignoring probs <=  : 0
# Branch length floor: 0
# DE strategy        : 2
#    F               : 0.3
#    CR              : 0.8
#    tolerance       : 3e-06
# nthreads           : 32
# lgo input file     : abdf2.lgo
# site pat input file: ../../boot/boot17.opf
# free parameters    : 16
# points in DE swarm : 48
# output state file  : b1boot17.state
# Including singleton site patterns.
# cost function      : KL
Initial parameter values
Fixed:
      zero = 0
       one = 1
    Tbecnw = 75200
Free:
       pc1 = 0
       pc2 = 0
       pc3 = 0
       pc4 = 0
       pc5 = 0
       pc6 = 0
       pc7 = 0
       pc8 = 0
       pc9 = 0
      pc10 = 0
      pc11 = 0
      pc12 = 0
      pc13 = 0
      pc14 = 0
      pc15 = 0
      pc16 = 0
Constrained:
   Tgbecnw = 111249
     Tecnw = 23700.3
       Tnw = 15054
       Tec = 16656.6
     twoNb = 723108
     twoNc = 342219
     twoNw = 3.21108e+06
    twoNec = 70021
    twoNnw = 50598.4
  twoNecnw = 77804
  twoNbecnw = 13375.3
  twoNgbecnw = 339340
         m = 0.103351
        m2 = 0.0116246
        m4 = 0.0238037
        m6 = 2.15287e-06
        Tb = 20178.5
        Ta = 47689.2
        Td = 8328.31
        Tf = 4164.15
DiffEv reached_goal. cost=1.91872e-03 spread=2.32833e-06
Fitted parameter values
Free:
       pc1 = 3.96132
       pc2 = 0.823203
       pc3 = -1.88259
       pc4 = -1.91741
       pc5 = 0.737594
       pc6 = -0.181069
       pc7 = -0.729295
       pc8 = 0.117544
       pc9 = -1.3145
      pc10 = -0.733697
      pc11 = 0.0634643
      pc12 = -0.111797
      pc13 = 0.0247847
      pc14 = -0.0124194
      pc15 = -0.0226726
      pc16 = -0.00443414
Constrained:
   Tgbecnw = 90021.4
     Tecnw = 22265.1
       Tnw = 15762.2
       Tec = 14638.6
     twoNb = 511851
     twoNc = 398776
     twoNw = 3.15777e+06
    twoNec = 74928.6
    twoNnw = 37427.5
  twoNecnw = 74601.3
  twoNbecnw = 5306.73
  twoNgbecnw = 427660
         m = 0.072454
        m2 = 0.0118476
        m4 = 0.0236623
        m6 = 9.01499e-07
        Tb = 18451.8
        Ta = 46825.9
        Td = 7319.3
        Tf = 3659.65
#       SitePat  BranchLen
              b 123644.6157311
              e 48706.3282619
              c 49896.0853519
              n 45615.6788559
              w 45615.6787146
            b:e 2118.2044385
            b:c 2514.9575985
            b:n 1735.6241015
            b:w 1735.6240918
            e:c 10404.6848267
            e:n 5232.6988811
            e:w 5232.6988468
            c:n 5051.5409348
            c:w 5051.5410760
            n:w 12524.1989766
          b:e:c 2002.6852818
          b:e:n 1072.2759900
          b:e:w 1072.2759794
          b:c:n 1085.4428958
          b:c:w 1085.4429055
          b:n:w 1960.0976171
          e:c:n 4688.0171477
          e:c:w 4688.0171819
          e:n:w 6167.1608259
          c:n:w 5648.0744096
        b:e:c:n 1999.3843761
        b:e:c:w 1999.3843867
        b:e:n:w 3335.0635352
        b:c:n:w 2603.6214732
        e:c:n:w 51245.8206102
