########################################
# legofit: estimate population history #
#       version 2.3.4-4-g53f8760       #
########################################

# Program was compiled: Sep 21 2021 14:36:42
# Program was run: Sat Oct  9 22:58:11 2021

# cmd: legofit -1 -d 0 -t 32 --ptsPerDim 3 --stateOut b1boot40.state --tol 3e-6 -S 5000 abdf2.lgo ../../boot/boot40.opf
# Stage nOptItr nSimReps
#     0    5000        0
# algorithm          : deterministic
# ignoring probs <=  : 0
# Branch length floor: 0
# DE strategy        : 2
#    F               : 0.3
#    CR              : 0.8
#    tolerance       : 3e-06
# nthreads           : 32
# lgo input file     : abdf2.lgo
# site pat input file: ../../boot/boot40.opf
# free parameters    : 16
# points in DE swarm : 48
# output state file  : b1boot40.state
# Including singleton site patterns.
# cost function      : KL
Initial parameter values
Fixed:
      zero = 0
       one = 1
    Tbecnw = 75200
Free:
       pc1 = 0
       pc2 = 0
       pc3 = 0
       pc4 = 0
       pc5 = 0
       pc6 = 0
       pc7 = 0
       pc8 = 0
       pc9 = 0
      pc10 = 0
      pc11 = 0
      pc12 = 0
      pc13 = 0
      pc14 = 0
      pc15 = 0
      pc16 = 0
Constrained:
   Tgbecnw = 111249
     Tecnw = 23700.3
       Tnw = 15054
       Tec = 16656.6
     twoNb = 723108
     twoNc = 342219
     twoNw = 3.21108e+06
    twoNec = 70021
    twoNnw = 50598.4
  twoNecnw = 77804
  twoNbecnw = 13375.3
  twoNgbecnw = 339340
         m = 0.103351
        m2 = 0.0116246
        m4 = 0.0238037
        m6 = 2.15287e-06
        Tb = 20178.5
        Ta = 47689.2
        Td = 8328.31
        Tf = 4164.15
DiffEv reached_goal. cost=1.90221e-03 spread=2.84410e-06
Fitted parameter values
Free:
       pc1 = 3.63079
       pc2 = 1.2771
       pc3 = -1.73876
       pc4 = -1.48775
       pc5 = 0.741059
       pc6 = 0.205226
       pc7 = -0.721074
       pc8 = 1.51226
       pc9 = -0.995829
      pc10 = -0.733182
      pc11 = -0.405317
      pc12 = 0.0735316
      pc13 = -0.0516966
      pc14 = -0.0657825
      pc15 = -0.0182969
      pc16 = -0.0172446
Constrained:
   Tgbecnw = 89486.3
     Tecnw = 22280.8
       Tnw = 15632.6
       Tec = 15674.2
     twoNb = 537509
     twoNc = 94738
     twoNw = 4.66327e+06
    twoNec = 64556
    twoNnw = 38699.7
  twoNecnw = 75600.6
  twoNbecnw = 5346.44
  twoNgbecnw = 377295
         m = 0.0855437
        m2 = 0.0120765
        m4 = 0.0235863
        m6 = 2.23522e-06
        Tb = 18977.5
        Ta = 47088.7
        Td = 7837.1
        Tf = 3918.55
#       SitePat  BranchLen
              b 124565.0722095
              e 48960.1443567
              c 50162.9931186
              n 45856.1675808
              w 45856.1673501
            b:e 2117.3487652
            b:c 2511.6887428
            b:n 1738.0641123
            b:w 1738.0640964
            e:c 10398.4222582
            e:n 5252.3014290
            e:w 5252.3013732
            c:n 5072.0161152
            c:w 5072.0163460
            n:w 12538.1244223
          b:e:c 1997.5334131
          b:e:n 1073.5315044
          b:e:w 1073.5314871
          b:c:n 1085.7595912
          b:c:w 1085.7596071
          b:n:w 1958.3533558
          e:c:n 4697.0497731
          e:c:w 4697.0498289
          e:n:w 6160.5308638
          c:n:w 5639.7669449
        b:e:c:n 2002.2690287
        b:e:c:w 2002.2690459
        b:e:n:w 3350.6593371
        b:c:n:w 2610.3484923
        e:c:n:w 51875.3105598
