########################################
# legofit: estimate population history #
#       version 2.3.4-4-g53f8760       #
########################################

# Program was compiled: Sep 21 2021 14:36:42
# Program was run: Sat Oct  9 22:59:26 2021

# cmd: legofit -1 -d 0 -t 32 --ptsPerDim 3 --stateOut b1boot42.state --tol 3e-6 -S 5000 abdf2.lgo ../../boot/boot42.opf
# Stage nOptItr nSimReps
#     0    5000        0
# algorithm          : deterministic
# ignoring probs <=  : 0
# Branch length floor: 0
# DE strategy        : 2
#    F               : 0.3
#    CR              : 0.8
#    tolerance       : 3e-06
# nthreads           : 32
# lgo input file     : abdf2.lgo
# site pat input file: ../../boot/boot42.opf
# free parameters    : 16
# points in DE swarm : 48
# output state file  : b1boot42.state
# Including singleton site patterns.
# cost function      : KL
Initial parameter values
Fixed:
      zero = 0
       one = 1
    Tbecnw = 75200
Free:
       pc1 = 0
       pc2 = 0
       pc3 = 0
       pc4 = 0
       pc5 = 0
       pc6 = 0
       pc7 = 0
       pc8 = 0
       pc9 = 0
      pc10 = 0
      pc11 = 0
      pc12 = 0
      pc13 = 0
      pc14 = 0
      pc15 = 0
      pc16 = 0
Constrained:
   Tgbecnw = 111249
     Tecnw = 23700.3
       Tnw = 15054
       Tec = 16656.6
     twoNb = 723108
     twoNc = 342219
     twoNw = 3.21108e+06
    twoNec = 70021
    twoNnw = 50598.4
  twoNecnw = 77804
  twoNbecnw = 13375.3
  twoNgbecnw = 339340
         m = 0.103351
        m2 = 0.0116246
        m4 = 0.0238037
        m6 = 2.15287e-06
        Tb = 20178.5
        Ta = 47689.2
        Td = 8328.31
        Tf = 4164.15
DiffEv reached_goal. cost=1.91264e-03 spread=2.70522e-06
Fitted parameter values
Free:
       pc1 = 3.88443
       pc2 = 0.982845
       pc3 = -1.51897
       pc4 = -1.6257
       pc5 = 0.596859
       pc6 = -0.134067
       pc7 = 0.539509
       pc8 = 1.52773
       pc9 = -1.58979
      pc10 = -1.51583
      pc11 = -0.333489
      pc12 = -0.179362
      pc13 = -0.167204
      pc14 = -0.0484733
      pc15 = -0.0266706
      pc16 = 0.00020178
Constrained:
   Tgbecnw = 90139.5
     Tecnw = 22317.7
       Tnw = 15563.3
       Tec = 14483.6
     twoNb = 528963
     twoNc = 342526
     twoNw = 5.54222e+06
    twoNec = 75968.5
    twoNnw = 39166.3
  twoNecnw = 75338.5
  twoNbecnw = 5379.81
  twoNgbecnw = 413782
         m = 0.0765628
        m2 = 0.0126878
        m4 = 0.023642
        m6 = 5.07348e-06
        Tb = 18400.7
        Ta = 46800.3
        Td = 7241.81
        Tf = 3620.91
#       SitePat  BranchLen
              b 124013.4582364
              e 48871.4675898
              c 50068.6160662
              n 45799.1491730
              w 45799.1487225
            b:e 2107.3031246
            b:c 2498.8842202
            b:n 1723.8931783
            b:w 1723.8931477
            e:c 10438.1308863
            e:n 5225.3832632
            e:w 5225.3831552
            c:n 5045.0712707
            c:w 5045.0717212
            n:w 12532.7482916
          b:e:c 1987.6621634
          b:e:n 1064.3153261
          b:e:w 1064.3152927
          b:c:n 1076.9408956
          b:c:w 1076.9409262
          b:n:w 1947.3566821
          e:c:n 4668.9325993
          e:c:w 4668.9327074
          e:n:w 6128.1388997
          c:n:w 5614.0210556
        b:e:c:n 1987.9169759
        b:e:c:w 1987.9170093
        b:e:n:w 3351.1710859
        b:c:n:w 2611.9314544
        e:c:n:w 51446.9298316
