########################################
# legofit: estimate population history #
#       version 2.3.4-4-g53f8760       #
########################################

# Program was compiled: Sep 21 2021 14:36:42
# Program was run: Sat Oct  9 22:49:40 2021

# cmd: legofit -1 -d 0 -t 32 --ptsPerDim 3 --stateOut b1boot21.state --tol 3e-6 -S 5000 abdf2.lgo ../../boot/boot21.opf
# Stage nOptItr nSimReps
#     0    5000        0
# algorithm          : deterministic
# ignoring probs <=  : 0
# Branch length floor: 0
# DE strategy        : 2
#    F               : 0.3
#    CR              : 0.8
#    tolerance       : 3e-06
# nthreads           : 32
# lgo input file     : abdf2.lgo
# site pat input file: ../../boot/boot21.opf
# free parameters    : 16
# points in DE swarm : 48
# output state file  : b1boot21.state
# Including singleton site patterns.
# cost function      : KL
Initial parameter values
Fixed:
      zero = 0
       one = 1
    Tbecnw = 75200
Free:
       pc1 = 0
       pc2 = 0
       pc3 = 0
       pc4 = 0
       pc5 = 0
       pc6 = 0
       pc7 = 0
       pc8 = 0
       pc9 = 0
      pc10 = 0
      pc11 = 0
      pc12 = 0
      pc13 = 0
      pc14 = 0
      pc15 = 0
      pc16 = 0
Constrained:
   Tgbecnw = 111249
     Tecnw = 23700.3
       Tnw = 15054
       Tec = 16656.6
     twoNb = 723108
     twoNc = 342219
     twoNw = 3.21108e+06
    twoNec = 70021
    twoNnw = 50598.4
  twoNecnw = 77804
  twoNbecnw = 13375.3
  twoNgbecnw = 339340
         m = 0.103351
        m2 = 0.0116246
        m4 = 0.0238037
        m6 = 2.15287e-06
        Tb = 20178.5
        Ta = 47689.2
        Td = 8328.31
        Tf = 4164.15
DiffEv reached_goal. cost=1.90090e-03 spread=2.85238e-06
Fitted parameter values
Free:
       pc1 = 1.1277
       pc2 = 0.0573585
       pc3 = -1.8361
       pc4 = -1.48326
       pc5 = 1.09298
       pc6 = 0.156928
       pc7 = 0.205817
       pc8 = 0.843592
       pc9 = -1.65732
      pc10 = -1.31747
      pc11 = -0.302646
      pc12 = 0.239593
      pc13 = -0.0314279
      pc14 = -0.0531426
      pc15 = -0.0201532
      pc16 = 0.0141137
Constrained:
   Tgbecnw = 96611.9
     Tecnw = 22899.2
       Tnw = 15465.3
       Tec = 12250.8
     twoNb = 812641
     twoNc = 423890
     twoNw = 3.83528e+06
    twoNec = 107570
    twoNnw = 42800.4
  twoNecnw = 76273.4
  twoNbecnw = 8362.22
  twoNgbecnw = 324506
         m = 0.101833
        m2 = 0.0124234
        m4 = 0.0239819
        m6 = 2.94001e-06
        Tb = 17575
        Ta = 46387.5
        Td = 6125.39
        Tf = 3062.69
#       SitePat  BranchLen
              b 127032.6577534
              e 49860.4365576
              c 51150.9597466
              n 46627.4923467
              w 46627.4919429
            b:e 2187.4855888
            b:c 2553.1295703
            b:n 1790.1126550
            b:w 1790.1126274
            e:c 10664.3635561
            e:n 5350.5304657
            e:w 5350.5303695
            c:n 5167.8906127
            c:w 5167.8910165
            n:w 12824.0459654
          b:e:c 2045.9043233
          b:e:n 1107.4764607
          b:e:w 1107.4764308
          b:c:n 1116.7075504
          b:c:w 1116.7075780
          b:n:w 2014.9682101
          e:c:n 4787.5444142
          e:c:w 4787.5445104
          e:n:w 6337.4301838
          c:n:w 5809.2919916
        b:e:c:n 2041.4981266
        b:e:c:w 2041.4981564
        b:e:n:w 3475.9425322
        b:c:n:w 2694.7302894
        e:c:n:w 52970.7465244
