########################################
# legofit: estimate population history #
#       version 2.3.4-4-g53f8760       #
########################################

# Program was compiled: Sep 21 2021 14:36:42
# Program was run: Sat Oct  9 22:53:44 2021

# cmd: legofit -1 -d 0 -t 32 --ptsPerDim 3 --stateOut b1boot30.state --tol 3e-6 -S 5000 abdf2.lgo ../../boot/boot30.opf
# Stage nOptItr nSimReps
#     0    5000        0
# algorithm          : deterministic
# ignoring probs <=  : 0
# Branch length floor: 0
# DE strategy        : 2
#    F               : 0.3
#    CR              : 0.8
#    tolerance       : 3e-06
# nthreads           : 32
# lgo input file     : abdf2.lgo
# site pat input file: ../../boot/boot30.opf
# free parameters    : 16
# points in DE swarm : 48
# output state file  : b1boot30.state
# Including singleton site patterns.
# cost function      : KL
Initial parameter values
Fixed:
      zero = 0
       one = 1
    Tbecnw = 75200
Free:
       pc1 = 0
       pc2 = 0
       pc3 = 0
       pc4 = 0
       pc5 = 0
       pc6 = 0
       pc7 = 0
       pc8 = 0
       pc9 = 0
      pc10 = 0
      pc11 = 0
      pc12 = 0
      pc13 = 0
      pc14 = 0
      pc15 = 0
      pc16 = 0
Constrained:
   Tgbecnw = 111249
     Tecnw = 23700.3
       Tnw = 15054
       Tec = 16656.6
     twoNb = 723108
     twoNc = 342219
     twoNw = 3.21108e+06
    twoNec = 70021
    twoNnw = 50598.4
  twoNecnw = 77804
  twoNbecnw = 13375.3
  twoNgbecnw = 339340
         m = 0.103351
        m2 = 0.0116246
        m4 = 0.0238037
        m6 = 2.15287e-06
        Tb = 20178.5
        Ta = 47689.2
        Td = 8328.31
        Tf = 4164.15
DiffEv reached_goal. cost=1.94084e-03 spread=2.90709e-06
Fitted parameter values
Free:
       pc1 = 3.77544
       pc2 = 0.70894
       pc3 = -1.82708
       pc4 = -1.8848
       pc5 = 0.68737
       pc6 = -0.771287
       pc7 = -1.72952
       pc8 = 0.542077
       pc9 = -0.170168
      pc10 = 0.151785
      pc11 = -0.201506
      pc12 = 0.102417
      pc13 = 0.118133
      pc14 = -0.0431147
      pc15 = -0.00724883
      pc16 = 0.0186761
Constrained:
   Tgbecnw = 89974.6
     Tecnw = 22236.2
       Tnw = 14985.5
       Tec = 15886.9
     twoNb = 471352
     twoNc = 214573
     twoNw = 2.19885e+06
    twoNec = 63588.5
    twoNnw = 41732.4
  twoNecnw = 75737.3
  twoNbecnw = 5456.59
  twoNgbecnw = 390988
         m = 0.0824151
        m2 = 0.0111374
        m4 = 0.0232382
        m6 = 2.91781e-07
        Tb = 19061.5
        Ta = 47130.8
        Td = 7943.43
        Tf = 3971.71
#       SitePat  BranchLen
              b 124654.8303054
              e 48985.9164497
              c 50152.5987434
              n 45730.0125394
              w 45730.0124791
            b:e 2127.0561082
            b:c 2537.1365189
            b:n 1740.4468027
            b:w 1740.4467986
            e:c 10353.6234423
            e:n 5263.4348799
            e:w 5263.4348654
            c:n 5084.9196379
            c:w 5084.9196981
            n:w 12637.9463946
          b:e:c 2005.7110726
          b:e:n 1078.0983659
          b:e:w 1078.0983614
          b:c:n 1091.1200767
          b:c:w 1091.1200809
          b:n:w 1962.6216112
          e:c:n 4689.7955758
          e:c:w 4689.7955903
          e:n:w 6185.9162813
          c:n:w 5663.8595078
        b:e:c:n 2006.4032180
        b:e:c:w 2006.4032225
        b:e:n:w 3322.8317112
        b:c:n:w 2599.1126156
        e:c:n:w 51984.9179344
