########################################
# legofit: estimate population history #
#       version 2.3.4-4-g53f8760       #
########################################

# Program was compiled: Sep 21 2021 14:36:42
# Program was run: Sat Oct  9 22:53:25 2021

# cmd: legofit -1 -d 0 -t 32 --ptsPerDim 3 --stateOut b1boot29.state --tol 3e-6 -S 5000 abdf2.lgo ../../boot/boot29.opf
# Stage nOptItr nSimReps
#     0    5000        0
# algorithm          : deterministic
# ignoring probs <=  : 0
# Branch length floor: 0
# DE strategy        : 2
#    F               : 0.3
#    CR              : 0.8
#    tolerance       : 3e-06
# nthreads           : 32
# lgo input file     : abdf2.lgo
# site pat input file: ../../boot/boot29.opf
# free parameters    : 16
# points in DE swarm : 48
# output state file  : b1boot29.state
# Including singleton site patterns.
# cost function      : KL
Initial parameter values
Fixed:
      zero = 0
       one = 1
    Tbecnw = 75200
Free:
       pc1 = 0
       pc2 = 0
       pc3 = 0
       pc4 = 0
       pc5 = 0
       pc6 = 0
       pc7 = 0
       pc8 = 0
       pc9 = 0
      pc10 = 0
      pc11 = 0
      pc12 = 0
      pc13 = 0
      pc14 = 0
      pc15 = 0
      pc16 = 0
Constrained:
   Tgbecnw = 111249
     Tecnw = 23700.3
       Tnw = 15054
       Tec = 16656.6
     twoNb = 723108
     twoNc = 342219
     twoNw = 3.21108e+06
    twoNec = 70021
    twoNnw = 50598.4
  twoNecnw = 77804
  twoNbecnw = 13375.3
  twoNgbecnw = 339340
         m = 0.103351
        m2 = 0.0116246
        m4 = 0.0238037
        m6 = 2.15287e-06
        Tb = 20178.5
        Ta = 47689.2
        Td = 8328.31
        Tf = 4164.15
DiffEv reached_goal. cost=1.92519e-03 spread=2.98249e-06
Fitted parameter values
Free:
       pc1 = 2.20036
       pc2 = 0.797782
       pc3 = -1.94654
       pc4 = -1.80693
       pc5 = 0.122755
       pc6 = 0.847234
       pc7 = -0.122057
       pc8 = 1.49201
       pc9 = -1.75605
      pc10 = -0.861706
      pc11 = -0.513899
      pc12 = 0.106835
      pc13 = -0.00744224
      pc14 = -0.0838914
      pc15 = -0.0074834
      pc16 = 0.00570772
Constrained:
   Tgbecnw = 93183.8
     Tecnw = 22754.6
       Tnw = 16157
       Tec = 13244.3
     twoNb = 669743
     twoNc = 236058
     twoNw = 6.15405e+06
    twoNec = 95515.5
    twoNnw = 37640.6
  twoNecnw = 75124.2
  twoNbecnw = 6931.76
  twoNgbecnw = 340145
         m = 0.0955486
        m2 = 0.0121641
        m4 = 0.0237521
        m6 = 1.64147e-06
        Tb = 17999.4
        Ta = 46599.7
        Td = 6622.13
        Tf = 3311.07
#       SitePat  BranchLen
              b 125641.8565512
              e 49379.8900064
              c 50623.7718292
              n 46192.9754028
              w 46192.9752606
            b:e 2137.0811192
            b:c 2514.7241816
            b:n 1742.2430677
            b:w 1742.2430580
            e:c 10507.0869458
            e:n 5271.9222301
            e:w 5271.9221959
            c:n 5091.4898478
            c:w 5091.4899900
            n:w 12643.9967760
          b:e:c 2003.3446819
          b:e:n 1077.6834608
          b:e:w 1077.6834503
          b:c:n 1088.1048823
          b:c:w 1088.1048920
          b:n:w 1968.3830575
          e:c:n 4716.3733332
          e:c:w 4716.3733673
          e:n:w 6256.9762437
          c:n:w 5731.6089483
        b:e:c:n 1992.9396612
        b:e:c:w 1992.9396717
        b:e:n:w 3383.6556324
        b:c:n:w 2627.5195659
        e:c:n:w 52292.6352332
