########################################
# legofit: estimate population history #
#       version 2.3.4-4-g53f8760       #
########################################

# Program was compiled: Sep 21 2021 14:36:42
# Program was run: Sat Oct  9 22:41:13 2021

# cmd: legofit -1 -d 0 -t 32 --ptsPerDim 3 --stateOut b1boot3.state --tol 3e-6 -S 5000 abdf2.lgo ../../boot/boot3.opf
# Stage nOptItr nSimReps
#     0    5000        0
# algorithm          : deterministic
# ignoring probs <=  : 0
# Branch length floor: 0
# DE strategy        : 2
#    F               : 0.3
#    CR              : 0.8
#    tolerance       : 3e-06
# nthreads           : 32
# lgo input file     : abdf2.lgo
# site pat input file: ../../boot/boot3.opf
# free parameters    : 16
# points in DE swarm : 48
# output state file  : b1boot3.state
# Including singleton site patterns.
# cost function      : KL
Initial parameter values
Fixed:
      zero = 0
       one = 1
    Tbecnw = 75200
Free:
       pc1 = 0
       pc2 = 0
       pc3 = 0
       pc4 = 0
       pc5 = 0
       pc6 = 0
       pc7 = 0
       pc8 = 0
       pc9 = 0
      pc10 = 0
      pc11 = 0
      pc12 = 0
      pc13 = 0
      pc14 = 0
      pc15 = 0
      pc16 = 0
Constrained:
   Tgbecnw = 111249
     Tecnw = 23700.3
       Tnw = 15054
       Tec = 16656.6
     twoNb = 723108
     twoNc = 342219
     twoNw = 3.21108e+06
    twoNec = 70021
    twoNnw = 50598.4
  twoNecnw = 77804
  twoNbecnw = 13375.3
  twoNgbecnw = 339340
         m = 0.103351
        m2 = 0.0116246
        m4 = 0.0238037
        m6 = 2.15287e-06
        Tb = 20178.5
        Ta = 47689.2
        Td = 8328.31
        Tf = 4164.15
DiffEv reached_goal. cost=1.91970e-03 spread=2.58181e-06
Fitted parameter values
Free:
       pc1 = 3.09024
       pc2 = -0.463741
       pc3 = -1.81287
       pc4 = -1.78282
       pc5 = 0.989838
       pc6 = 0.116317
       pc7 = -0.456668
       pc8 = 0.631802
       pc9 = -0.902264
      pc10 = -0.582062
      pc11 = -0.455093
      pc12 = -0.0766695
      pc13 = -0.0598787
      pc14 = -0.0643343
      pc15 = -0.0251051
      pc16 = -0.0295986
Constrained:
   Tgbecnw = 91238.9
     Tecnw = 22743.5
       Tnw = 14564.9
       Tec = 13328
     twoNb = 523536
     twoNc = 324625
     twoNw = 3.32525e+06
    twoNec = 93644.3
    twoNnw = 48203.9
  twoNecnw = 74583.7
  twoNbecnw = 6001.74
  twoNgbecnw = 378814
         m = 0.084333
        m2 = 0.0118185
        m4 = 0.0237492
        m6 = 1.77976e-06
        Tb = 18035.7
        Ta = 46617.9
        Td = 6663.98
        Tf = 3331.99
#       SitePat  BranchLen
              b 124869.0028917
              e 49120.4022404
              c 50322.7246612
              n 46065.4536766
              w 46065.4534232
            b:e 2147.5319327
            b:c 2556.5945085
            b:n 1765.2404375
            b:w 1765.2404203
            e:c 10454.1471144
            e:n 5271.0817923
            e:w 5271.0817323
            c:n 5089.0517529
            c:w 5089.0520062
            n:w 12559.4342453
          b:e:c 2015.8714117
          b:e:n 1091.6926483
          b:e:w 1091.6926296
          b:c:n 1104.4110868
          b:c:w 1104.4111040
          b:n:w 1975.4256922
          e:c:n 4727.9621981
          e:c:w 4727.9622581
          e:n:w 6200.1765289
          c:n:w 5668.7817256
        b:e:c:n 2028.9437660
        b:e:c:w 2028.9437848
        b:e:n:w 3371.2020644
        b:c:n:w 2629.8345691
        e:c:n:w 51997.3470733
