########################################
# legofit: estimate population history #
#       version 2.3.4-4-g53f8760       #
########################################

# Program was compiled: Sep 21 2021 14:36:42
# Program was run: Sat Oct  9 22:58:29 2021

# cmd: legofit -1 -d 0 -t 32 --ptsPerDim 3 --stateOut b1boot41.state --tol 3e-6 -S 5000 abdf2.lgo ../../boot/boot41.opf
# Stage nOptItr nSimReps
#     0    5000        0
# algorithm          : deterministic
# ignoring probs <=  : 0
# Branch length floor: 0
# DE strategy        : 2
#    F               : 0.3
#    CR              : 0.8
#    tolerance       : 3e-06
# nthreads           : 32
# lgo input file     : abdf2.lgo
# site pat input file: ../../boot/boot41.opf
# free parameters    : 16
# points in DE swarm : 48
# output state file  : b1boot41.state
# Including singleton site patterns.
# cost function      : KL
Initial parameter values
Fixed:
      zero = 0
       one = 1
    Tbecnw = 75200
Free:
       pc1 = 0
       pc2 = 0
       pc3 = 0
       pc4 = 0
       pc5 = 0
       pc6 = 0
       pc7 = 0
       pc8 = 0
       pc9 = 0
      pc10 = 0
      pc11 = 0
      pc12 = 0
      pc13 = 0
      pc14 = 0
      pc15 = 0
      pc16 = 0
Constrained:
   Tgbecnw = 111249
     Tecnw = 23700.3
       Tnw = 15054
       Tec = 16656.6
     twoNb = 723108
     twoNc = 342219
     twoNw = 3.21108e+06
    twoNec = 70021
    twoNnw = 50598.4
  twoNecnw = 77804
  twoNbecnw = 13375.3
  twoNgbecnw = 339340
         m = 0.103351
        m2 = 0.0116246
        m4 = 0.0238037
        m6 = 2.15287e-06
        Tb = 20178.5
        Ta = 47689.2
        Td = 8328.31
        Tf = 4164.15
DiffEv reached_goal. cost=1.89622e-03 spread=2.49335e-06
Fitted parameter values
Free:
       pc1 = 3.88157
       pc2 = 3.04143
       pc3 = -1.71673
       pc4 = -1.85968
       pc5 = 1.95517
       pc6 = -1.30542
       pc7 = -1.93057
       pc8 = 0.834366
       pc9 = -1.2054
      pc10 = -0.462962
      pc11 = -0.591593
      pc12 = 0.164805
      pc13 = -0.0622426
      pc14 = -0.115353
      pc15 = 0.023248
      pc16 = -0.0613378
Constrained:
   Tgbecnw = 85564.3
     Tecnw = 21694
       Tnw = 16948.9
       Tec = 17817.9
     twoNb = 492005
     twoNc = 198039
     twoNw = 1.09966e+06
    twoNec = 37252.2
    twoNnw = 27407.6
  twoNecnw = 77561.7
  twoNbecnw = 4004.27
  twoNgbecnw = 354160
         m = 0.092186
        m2 = 0.0122842
        m4 = 0.0232191
        m6 = 8.31423e-07
        Tb = 19756
        Ta = 47478
        Td = 8908.95
        Tf = 4454.47
#       SitePat  BranchLen
              b 123811.0414114
              e 48828.7939037
              c 49988.7961107
              n 45735.9613348
              w 45735.9609580
            b:e 2113.9559812
            b:c 2512.5654620
            b:n 1729.7046142
            b:w 1729.7045878
            e:c 10367.9261508
            e:n 5246.8754630
            e:w 5246.8753699
            c:n 5069.4974213
            c:w 5069.4977981
            n:w 12504.1747613
          b:e:c 2003.1080410
          b:e:n 1069.0743188
          b:e:w 1069.0742899
          b:c:n 1081.5434885
          b:c:w 1081.5435149
          b:n:w 1961.8157316
          e:c:n 4666.7885292
          e:c:w 4666.7886224
          e:n:w 6120.6929512
          c:n:w 5607.1434475
        b:e:c:n 2005.5034897
        b:e:c:w 2005.5035186
        b:e:n:w 3327.4303256
        b:c:n:w 2612.1851799
        e:c:n:w 51375.3632706
