########################################
# legofit: estimate population history #
#       version 2.3.4-4-g53f8760       #
########################################

# Program was compiled: Sep 21 2021 14:36:42
# Program was run: Sat Oct  9 22:44:01 2021

# cmd: legofit -1 -d 0 -t 32 --ptsPerDim 3 --stateOut b1boot8.state --tol 3e-6 -S 5000 abdf2.lgo ../../boot/boot8.opf
# Stage nOptItr nSimReps
#     0    5000        0
# algorithm          : deterministic
# ignoring probs <=  : 0
# Branch length floor: 0
# DE strategy        : 2
#    F               : 0.3
#    CR              : 0.8
#    tolerance       : 3e-06
# nthreads           : 32
# lgo input file     : abdf2.lgo
# site pat input file: ../../boot/boot8.opf
# free parameters    : 16
# points in DE swarm : 48
# output state file  : b1boot8.state
# Including singleton site patterns.
# cost function      : KL
Initial parameter values
Fixed:
      zero = 0
       one = 1
    Tbecnw = 75200
Free:
       pc1 = 0
       pc2 = 0
       pc3 = 0
       pc4 = 0
       pc5 = 0
       pc6 = 0
       pc7 = 0
       pc8 = 0
       pc9 = 0
      pc10 = 0
      pc11 = 0
      pc12 = 0
      pc13 = 0
      pc14 = 0
      pc15 = 0
      pc16 = 0
Constrained:
   Tgbecnw = 111249
     Tecnw = 23700.3
       Tnw = 15054
       Tec = 16656.6
     twoNb = 723108
     twoNc = 342219
     twoNw = 3.21108e+06
    twoNec = 70021
    twoNnw = 50598.4
  twoNecnw = 77804
  twoNbecnw = 13375.3
  twoNgbecnw = 339340
         m = 0.103351
        m2 = 0.0116246
        m4 = 0.0238037
        m6 = 2.15287e-06
        Tb = 20178.5
        Ta = 47689.2
        Td = 8328.31
        Tf = 4164.15
DiffEv reached_goal. cost=1.90322e-03 spread=2.81556e-06
Fitted parameter values
Free:
       pc1 = 2.87918
       pc2 = -1.17951
       pc3 = -1.87078
       pc4 = -1.50261
       pc5 = 1.57616
       pc6 = -0.155408
       pc7 = -1.25704
       pc8 = 1.60278
       pc9 = -0.464594
      pc10 = -0.728465
      pc11 = -1.01087
      pc12 = 0.0663783
      pc13 = -0.0319025
      pc14 = -0.127488
      pc15 = -0.0281271
      pc16 = -0.00202572
Constrained:
   Tgbecnw = 89634.8
     Tecnw = 22681.2
       Tnw = 13402.4
       Tec = 12351.4
     twoNb = 511373
     twoNc = 1813.2
     twoNw = 2.46133e+06
    twoNec = 103896
    twoNnw = 54693
  twoNecnw = 75589.3
  twoNbecnw = 5608.8
  twoNgbecnw = 340113
         m = 0.0959049
        m2 = 0.0119024
        m4 = 0.023581
        m6 = 2.30737e-06
        Tb = 17516.3
        Ta = 46358.2
        Td = 6175.72
        Tf = 3087.86
#       SitePat  BranchLen
              b 124768.7203960
              e 49192.7444120
              c 50371.6595195
              n 46047.1331970
              w 46047.1327832
            b:e 2127.2963843
            b:c 2543.8192260
            b:n 1738.8778516
            b:w 1738.8778243
            e:c 10460.5319985
            e:n 5266.3580489
            e:w 5266.3579529
            c:n 5086.1278947
            c:w 5086.1283086
            n:w 12649.9337990
          b:e:c 1986.9271950
          b:e:n 1078.3600942
          b:e:w 1078.3600645
          b:c:n 1090.6272472
          b:c:w 1090.6272745
          b:n:w 1946.7968739
          e:c:n 4686.3041229
          e:c:w 4686.3042189
          e:n:w 6170.2151109
          c:n:w 5638.8488343
        b:e:c:n 2002.1892444
        b:e:c:w 2002.1892741
        b:e:n:w 3330.5123445
        b:c:n:w 2602.3659091
        e:c:n:w 51791.8970306
