########################################
# legofit: estimate population history #
#       version 2.3.4-4-g53f8760       #
########################################

# Program was compiled: Sep 21 2021 14:36:42
# Program was run: Sat Oct  9 22:43:48 2021

# cmd: legofit -1 -d 0 -t 32 --ptsPerDim 3 --stateOut b1boot6.state --tol 3e-6 -S 5000 abdf2.lgo ../../boot/boot6.opf
# Stage nOptItr nSimReps
#     0    5000        0
# algorithm          : deterministic
# ignoring probs <=  : 0
# Branch length floor: 0
# DE strategy        : 2
#    F               : 0.3
#    CR              : 0.8
#    tolerance       : 3e-06
# nthreads           : 32
# lgo input file     : abdf2.lgo
# site pat input file: ../../boot/boot6.opf
# free parameters    : 16
# points in DE swarm : 48
# output state file  : b1boot6.state
# Including singleton site patterns.
# cost function      : KL
Initial parameter values
Fixed:
      zero = 0
       one = 1
    Tbecnw = 75200
Free:
       pc1 = 0
       pc2 = 0
       pc3 = 0
       pc4 = 0
       pc5 = 0
       pc6 = 0
       pc7 = 0
       pc8 = 0
       pc9 = 0
      pc10 = 0
      pc11 = 0
      pc12 = 0
      pc13 = 0
      pc14 = 0
      pc15 = 0
      pc16 = 0
Constrained:
   Tgbecnw = 111249
     Tecnw = 23700.3
       Tnw = 15054
       Tec = 16656.6
     twoNb = 723108
     twoNc = 342219
     twoNw = 3.21108e+06
    twoNec = 70021
    twoNnw = 50598.4
  twoNecnw = 77804
  twoNbecnw = 13375.3
  twoNgbecnw = 339340
         m = 0.103351
        m2 = 0.0116246
        m4 = 0.0238037
        m6 = 2.15287e-06
        Tb = 20178.5
        Ta = 47689.2
        Td = 8328.31
        Tf = 4164.15
DiffEv reached_goal. cost=1.88882e-03 spread=2.25078e-06
Fitted parameter values
Free:
       pc1 = 2.88195
       pc2 = 0.297842
       pc3 = -1.91302
       pc4 = -1.63149
       pc5 = 0.522567
       pc6 = -0.749318
       pc7 = -0.803188
       pc8 = 1.70627
       pc9 = -0.884619
      pc10 = -0.215669
      pc11 = -0.450742
      pc12 = 0.1651
      pc13 = 0.0200997
      pc14 = -0.0810365
      pc15 = -0.0224334
      pc16 = -0.0297233
Constrained:
   Tgbecnw = 91330
     Tecnw = 22547.1
       Tnw = 15134.1
       Tec = 14011
     twoNb = 609529
     twoNc = 156448
     twoNw = 3.72462e+06
    twoNec = 85023.8
    twoNnw = 43252.8
  twoNecnw = 75718.9
  twoNbecnw = 6161.16
  twoNgbecnw = 353185
         m = 0.0919213
        m2 = 0.0116634
        m4 = 0.0232233
        m6 = 3.68303e-06
        Tb = 18279
        Ta = 46739.5
        Td = 7005.5
        Tf = 3502.75
#       SitePat  BranchLen
              b 125157.3212927
              e 49216.4025935
              c 50417.5662488
              n 46103.6357750
              w 46103.6352940
            b:e 2127.6854977
            b:c 2505.0318260
            b:n 1750.9033353
            b:w 1750.9033026
            e:c 10472.6336816
            e:n 5279.9896494
            e:w 5279.9895346
            c:n 5102.8328501
            c:w 5102.8333311
            n:w 12606.1249288
          b:e:c 2002.2915201
          b:e:n 1082.8559083
          b:e:w 1082.8558728
          b:c:n 1093.8801851
          b:c:w 1093.8802178
          b:n:w 1966.1227958
          e:c:n 4719.0400233
          e:c:w 4719.0401381
          e:n:w 6185.5871539
          c:n:w 5674.2115899
        b:e:c:n 2010.4309627
        b:e:c:w 2010.4309982
        b:e:n:w 3348.4886938
        b:c:n:w 2613.6184734
        e:c:n:w 52058.9789225
