########################################
# legofit: estimate population history #
#       version 2.3.4-4-g53f8760       #
########################################

# Program was compiled: Sep 21 2021 14:36:42
# Program was run: Sat Oct  9 23:02:33 2021

# cmd: legofit -1 -d 0 -t 32 --ptsPerDim 3 --stateOut b1boot49.state --tol 3e-6 -S 5000 abdf2.lgo ../../boot/boot49.opf
# Stage nOptItr nSimReps
#     0    5000        0
# algorithm          : deterministic
# ignoring probs <=  : 0
# Branch length floor: 0
# DE strategy        : 2
#    F               : 0.3
#    CR              : 0.8
#    tolerance       : 3e-06
# nthreads           : 32
# lgo input file     : abdf2.lgo
# site pat input file: ../../boot/boot49.opf
# free parameters    : 16
# points in DE swarm : 48
# output state file  : b1boot49.state
# Including singleton site patterns.
# cost function      : KL
Initial parameter values
Fixed:
      zero = 0
       one = 1
    Tbecnw = 75200
Free:
       pc1 = 0
       pc2 = 0
       pc3 = 0
       pc4 = 0
       pc5 = 0
       pc6 = 0
       pc7 = 0
       pc8 = 0
       pc9 = 0
      pc10 = 0
      pc11 = 0
      pc12 = 0
      pc13 = 0
      pc14 = 0
      pc15 = 0
      pc16 = 0
Constrained:
   Tgbecnw = 111249
     Tecnw = 23700.3
       Tnw = 15054
       Tec = 16656.6
     twoNb = 723108
     twoNc = 342219
     twoNw = 3.21108e+06
    twoNec = 70021
    twoNnw = 50598.4
  twoNecnw = 77804
  twoNbecnw = 13375.3
  twoNgbecnw = 339340
         m = 0.103351
        m2 = 0.0116246
        m4 = 0.0238037
        m6 = 2.15287e-06
        Tb = 20178.5
        Ta = 47689.2
        Td = 8328.31
        Tf = 4164.15
DiffEv reached_goal. cost=1.94428e-03 spread=2.76073e-06
Fitted parameter values
Free:
       pc1 = 3.06027
       pc2 = 1.08401
       pc3 = -1.91588
       pc4 = -1.15997
       pc5 = 0.507235
       pc6 = 0.319835
       pc7 = -1.02243
       pc8 = 0.36137
       pc9 = -0.609146
      pc10 = -0.553091
      pc11 = -0.19026
      pc12 = 0.0449666
      pc13 = -0.032823
      pc14 = -0.0234837
      pc15 = -0.022385
      pc16 = -0.013203
Constrained:
   Tgbecnw = 93713.3
     Tecnw = 22425.5
       Tnw = 15774.8
       Tec = 15615
     twoNb = 537308
     twoNc = 175258
     twoNw = 3.62667e+06
    twoNec = 67481.4
    twoNnw = 38646.6
  twoNecnw = 76283.7
  twoNbecnw = 6795.91
  twoNgbecnw = 385451
         m = 0.0837506
        m2 = 0.0115185
        m4 = 0.023837
        m6 = 6.11736e-07
        Tb = 19020.2
        Ta = 47110.1
        Td = 7807.49
        Tf = 3903.74
#       SitePat  BranchLen
              b 125367.4300924
              e 49322.9543378
              c 50547.6725263
              n 46178.3898616
              w 46178.3897787
            b:e 2137.0390790
            b:c 2536.2430268
            b:n 1757.9362242
            b:w 1757.9362185
            e:c 10454.1113873
            e:n 5300.7550982
            e:w 5300.7550782
            c:n 5117.5686942
            c:w 5117.5687771
            n:w 12629.9286394
          b:e:c 2015.4198974
          b:e:n 1086.2217828
          b:e:w 1086.2217766
          b:c:n 1098.4045221
          b:c:w 1098.4045278
          b:n:w 1976.4778227
          e:c:n 4729.5600663
          e:c:w 4729.5600863
          e:n:w 6212.1870891
          c:n:w 5685.3479121
        b:e:c:n 2019.6229908
        b:e:c:w 2019.6229971
        b:e:n:w 3376.7069408
        b:c:n:w 2621.6310424
        e:c:n:w 52164.5805577
