########################################
# legofit: estimate population history #
#       version 2.3.4-4-g53f8760       #
########################################

# Program was compiled: Sep 21 2021 14:36:42
# Program was run: Sat Oct  9 22:50:52 2021

# cmd: legofit -1 -d 0 -t 32 --ptsPerDim 3 --stateOut b1boot23.state --tol 3e-6 -S 5000 abdf2.lgo ../../boot/boot23.opf
# Stage nOptItr nSimReps
#     0    5000        0
# algorithm          : deterministic
# ignoring probs <=  : 0
# Branch length floor: 0
# DE strategy        : 2
#    F               : 0.3
#    CR              : 0.8
#    tolerance       : 3e-06
# nthreads           : 32
# lgo input file     : abdf2.lgo
# site pat input file: ../../boot/boot23.opf
# free parameters    : 16
# points in DE swarm : 48
# output state file  : b1boot23.state
# Including singleton site patterns.
# cost function      : KL
Initial parameter values
Fixed:
      zero = 0
       one = 1
    Tbecnw = 75200
Free:
       pc1 = 0
       pc2 = 0
       pc3 = 0
       pc4 = 0
       pc5 = 0
       pc6 = 0
       pc7 = 0
       pc8 = 0
       pc9 = 0
      pc10 = 0
      pc11 = 0
      pc12 = 0
      pc13 = 0
      pc14 = 0
      pc15 = 0
      pc16 = 0
Constrained:
   Tgbecnw = 111249
     Tecnw = 23700.3
       Tnw = 15054
       Tec = 16656.6
     twoNb = 723108
     twoNc = 342219
     twoNw = 3.21108e+06
    twoNec = 70021
    twoNnw = 50598.4
  twoNecnw = 77804
  twoNbecnw = 13375.3
  twoNgbecnw = 339340
         m = 0.103351
        m2 = 0.0116246
        m4 = 0.0238037
        m6 = 2.15287e-06
        Tb = 20178.5
        Ta = 47689.2
        Td = 8328.31
        Tf = 4164.15
DiffEv reached_goal. cost=1.89108e-03 spread=2.84878e-06
Fitted parameter values
Free:
       pc1 = 3.32065
       pc2 = 1.24154
       pc3 = -1.96775
       pc4 = -1.86053
       pc5 = 0.362642
       pc6 = -0.875149
       pc7 = -0.514301
       pc8 = 1.41103
       pc9 = -1.24381
      pc10 = -0.235041
      pc11 = 0.323652
      pc12 = 0.367823
      pc13 = 0.0521969
      pc14 = -0.0128382
      pc15 = -0.0117176
      pc16 = 0.00940965
Constrained:
   Tgbecnw = 90704
     Tecnw = 22257.9
       Tnw = 15967.2
       Tec = 15308.5
     twoNb = 725597
     twoNc = 310240
     twoNw = 4.0477e+06
    twoNec = 69494.4
    twoNnw = 35797.7
  twoNecnw = 75145.1
  twoNbecnw = 5779.85
  twoNgbecnw = 382909
         m = 0.0817246
        m2 = 0.0117038
        m4 = 0.0232053
        m6 = 3.64299e-06
        Tb = 18783.2
        Ta = 46991.6
        Td = 7654.27
        Tf = 3827.14
#       SitePat  BranchLen
              b 124205.0352855
              e 48964.0318878
              c 50182.4027905
              n 45712.0017993
              w 45712.0013530
            b:e 2128.4325355
            b:c 2471.8912145
            b:n 1749.2895033
            b:w 1749.2894723
            e:c 10405.5595232
            e:n 5262.2979529
            e:w 5262.2978441
            c:n 5086.2845839
            c:w 5086.2850302
            n:w 12621.1305386
          b:e:c 2015.9996525
          b:e:n 1082.5819853
          b:e:w 1082.5819516
          b:c:n 1093.1541766
          b:c:w 1093.1542076
          b:n:w 1979.9425624
          e:c:n 4710.1513211
          e:c:w 4710.1514299
          e:n:w 6203.1572764
          c:n:w 5707.7444021
        b:e:c:n 2007.9364774
        b:e:c:w 2007.9365111
        b:e:n:w 3362.9789637
        b:c:n:w 2627.4438470
        e:c:n:w 51451.5532478
