########################################
# legofit: estimate population history #
#       version 2.3.4-4-g53f8760       #
########################################

# Program was compiled: Sep 21 2021 14:36:42
# Program was run: Sat Oct  9 22:46:37 2021

# cmd: legofit -1 -d 0 -t 32 --ptsPerDim 3 --stateOut b1boot15.state --tol 3e-6 -S 5000 abdf2.lgo ../../boot/boot15.opf
# Stage nOptItr nSimReps
#     0    5000        0
# algorithm          : deterministic
# ignoring probs <=  : 0
# Branch length floor: 0
# DE strategy        : 2
#    F               : 0.3
#    CR              : 0.8
#    tolerance       : 3e-06
# nthreads           : 32
# lgo input file     : abdf2.lgo
# site pat input file: ../../boot/boot15.opf
# free parameters    : 16
# points in DE swarm : 48
# output state file  : b1boot15.state
# Including singleton site patterns.
# cost function      : KL
Initial parameter values
Fixed:
      zero = 0
       one = 1
    Tbecnw = 75200
Free:
       pc1 = 0
       pc2 = 0
       pc3 = 0
       pc4 = 0
       pc5 = 0
       pc6 = 0
       pc7 = 0
       pc8 = 0
       pc9 = 0
      pc10 = 0
      pc11 = 0
      pc12 = 0
      pc13 = 0
      pc14 = 0
      pc15 = 0
      pc16 = 0
Constrained:
   Tgbecnw = 111249
     Tecnw = 23700.3
       Tnw = 15054
       Tec = 16656.6
     twoNb = 723108
     twoNc = 342219
     twoNw = 3.21108e+06
    twoNec = 70021
    twoNnw = 50598.4
  twoNecnw = 77804
  twoNbecnw = 13375.3
  twoNgbecnw = 339340
         m = 0.103351
        m2 = 0.0116246
        m4 = 0.0238037
        m6 = 2.15287e-06
        Tb = 20178.5
        Ta = 47689.2
        Td = 8328.31
        Tf = 4164.15
DiffEv reached_goal. cost=1.91439e-03 spread=2.55787e-06
Fitted parameter values
Free:
       pc1 = 3.94187
       pc2 = 1.32592
       pc3 = -1.97619
       pc4 = -1.24332
       pc5 = -0.162497
       pc6 = 0.830599
       pc7 = -0.291465
       pc8 = 1.78926
       pc9 = -0.153719
      pc10 = -0.668866
      pc11 = -0.381133
      pc12 = 0.171442
      pc13 = 0.0424891
      pc14 = -0.0255788
      pc15 = -0.0361086
      pc16 = 0.0221242
Constrained:
   Tgbecnw = 90724
     Tecnw = 22202.7
       Tnw = 15188.7
       Tec = 16476.2
     twoNb = 483775
     twoNc = 26683.3
     twoNw = 6.82298e+06
    twoNec = 55927
    twoNnw = 40625.8
  twoNecnw = 75698.6
  twoNbecnw = 5713.09
  twoNgbecnw = 388123
         m = 0.0825502
        m2 = 0.0115383
        m4 = 0.0237185
        m6 = 2.94346e-06
        Tb = 19339.5
        Ta = 47269.7
        Td = 8238.09
        Tf = 4119.05
#       SitePat  BranchLen
              b 124473.4202329
              e 48928.0973203
              c 50122.9429986
              n 45757.0180969
              w 45757.0179004
            b:e 2103.6145431
            b:c 2514.0615977
            b:n 1726.8789196
            b:w 1726.8789062
            e:c 10376.3843566
            e:n 5254.9633174
            e:w 5254.9632699
            c:n 5072.6039102
            c:w 5072.6041067
            n:w 12602.7571707
          b:e:c 1987.4145742
          b:e:n 1065.4389882
          b:e:w 1065.4389736
          b:c:n 1078.3169260
          b:c:w 1078.3169394
          b:n:w 1946.4933203
          e:c:n 4696.2141234
          e:c:w 4696.2141708
          e:n:w 6167.3516009
          c:n:w 5638.2615900
        b:e:c:n 1988.1820184
        b:e:c:w 1988.1820330
        b:e:n:w 3315.2195870
        b:c:n:w 2577.9793844
        e:c:n:w 51748.1582824
