########################################
# legofit: estimate population history #
#       version 2.3.4-4-g53f8760       #
########################################

# Program was compiled: Sep 21 2021 14:36:42
# Program was run: Wed Sep 22 17:38:30 2021

# cmd: legofit -1 -d 0 -t 32 --ptsPerDim 3 --stateOut b1boot11.state --tol 3e-6 -S 5000 bdf2.lgo ../../chrX/boot_chrX/boot11.opf
# Stage nOptItr nSimReps
#     0    5000        0
# algorithm          : deterministic
# ignoring probs <=  : 0
# Branch length floor: 0
# DE strategy        : 2
#    F               : 0.3
#    CR              : 0.8
#    tolerance       : 3e-06
# nthreads           : 32
# lgo input file     : bdf2.lgo
# site pat input file: ../../chrX/boot_chrX/boot11.opf
# free parameters    : 13
# points in DE swarm : 39
# output state file  : b1boot11.state
# Including singleton site patterns.
# cost function      : KL
Initial parameter values
Fixed:
      zero = 0
       one = 1
    Tbecnw = 75200
Free:
       pc1 = 0
       pc2 = 0
       pc3 = 0
       pc4 = 0
       pc5 = 0
       pc6 = 0
       pc7 = 0
       pc8 = 0
       pc9 = 0
      pc10 = 0
      pc11 = 0
      pc12 = 0
      pc13 = 0
Constrained:
     Tecnw = 30460.5
       Tnw = 9606.84
       Tec = 633.015
     twoNb = 650189
     twoNc = 107125
     twoNw = 363129
    twoNec = 206343
    twoNnw = 97500.6
  twoNecnw = 33220.4
  twoNbecnw = 48630.6
        m2 = 3.21262e-05
        m4 = 0.0168218
        m6 = 5.17838e-05
        Tb = 15546.8
        Td = 316.507
        Tf = 158.254
DiffEv reached_goal. cost=3.36784e-03 spread=2.36655e-06
Fitted parameter values
Free:
       pc1 = -3.97635
       pc2 = -1.97966
       pc3 = 0.481024
       pc4 = -0.830845
       pc5 = -0.219128
       pc6 = -0.75552
       pc7 = -0.609244
       pc8 = -1.72357
       pc9 = -1.78102
      pc10 = 1.8095
      pc11 = 0.427161
      pc12 = 0.413525
      pc13 = 0.175626
Constrained:
     Tecnw = 30880.7
       Tnw = 4983.45
       Tec = 5.20319
     twoNb = 1.35757e+06
     twoNc = 68680
     twoNw = 161990
    twoNec = 199127
    twoNnw = 121934
  twoNecnw = 32631.6
  twoNbecnw = 49601.7
        m2 = 2.34851e-05
        m4 = 0.019886
        m6 = 8.86608e-05
        Tb = 15442.9
        Td = 2.60159
        Tf = 1.3008
#       SitePat  BranchLen
              b 117281.2008804
              e 43745.6000668
              c 44698.6658499
              n 42268.2568432
              w 42268.1399989
            b:e 1231.4662019
            b:c 1549.8575195
            b:n 1124.0094687
            b:w 1124.0048528
            e:c 11077.6491692
            e:n 3865.6319894
            e:w 3865.6083526
            c:n 3723.2337378
            c:w 3723.3505822
            n:w 12179.5010744
          b:e:c 1301.3140472
          b:e:n 593.0911826
          b:e:w 593.0865666
          b:c:n 594.9283049
          b:c:w 594.9329209
          b:n:w 1298.5897040
          e:c:n 4936.5392932
          e:c:w 4936.5629300
          e:n:w 6216.7211709
          c:n:w 5454.5094660
        b:e:c:n 1125.8500679
        b:e:c:w 1125.8546839
        b:e:n:w 1462.3862695
        b:c:n:w 1234.1134190
        e:c:n:w 46157.3240981
