########################################
# legofit: estimate population history #
#       version 2.3.4-4-g53f8760       #
########################################

# Program was compiled: Sep 21 2021 14:36:42
# Program was run: Wed Sep 22 17:38:26 2021

# cmd: legofit -1 -d 0 -t 32 --ptsPerDim 3 --stateOut b1boot5.state --tol 3e-6 -S 5000 bdf2.lgo ../../chrX/boot_chrX/boot5.opf
# Stage nOptItr nSimReps
#     0    5000        0
# algorithm          : deterministic
# ignoring probs <=  : 0
# Branch length floor: 0
# DE strategy        : 2
#    F               : 0.3
#    CR              : 0.8
#    tolerance       : 3e-06
# nthreads           : 32
# lgo input file     : bdf2.lgo
# site pat input file: ../../chrX/boot_chrX/boot5.opf
# free parameters    : 13
# points in DE swarm : 39
# output state file  : b1boot5.state
# Including singleton site patterns.
# cost function      : KL
Initial parameter values
Fixed:
      zero = 0
       one = 1
    Tbecnw = 75200
Free:
       pc1 = 0
       pc2 = 0
       pc3 = 0
       pc4 = 0
       pc5 = 0
       pc6 = 0
       pc7 = 0
       pc8 = 0
       pc9 = 0
      pc10 = 0
      pc11 = 0
      pc12 = 0
      pc13 = 0
Constrained:
     Tecnw = 30460.5
       Tnw = 9606.84
       Tec = 633.015
     twoNb = 650189
     twoNc = 107125
     twoNw = 363129
    twoNec = 206343
    twoNnw = 97500.6
  twoNecnw = 33220.4
  twoNbecnw = 48630.6
        m2 = 3.21262e-05
        m4 = 0.0168218
        m6 = 5.17838e-05
        Tb = 15546.8
        Td = 316.507
        Tf = 158.254
DiffEv reached_goal. cost=3.36491e-03 spread=2.31283e-06
Fitted parameter values
Free:
       pc1 = -3.68747
       pc2 = -1.97177
       pc3 = 1.45976
       pc4 = -1.85824
       pc5 = 0.00751364
       pc6 = -1.94526
       pc7 = -0.207897
       pc8 = -1.55986
       pc9 = 0.287816
      pc10 = 1.90512
      pc11 = -0.504477
      pc12 = -0.374116
      pc13 = -0.174764
Constrained:
     Tecnw = 30997.3
       Tnw = 4833.2
       Tec = 4.49749
     twoNb = 1.29497e+06
     twoNc = 14313.5
     twoNw = 308177
    twoNec = 202896
    twoNnw = 131366
  twoNecnw = 33263.1
  twoNbecnw = 47935.8
        m2 = 3.84247e-05
        m4 = 0.0211887
        m6 = 0.00017015
        Tb = 15500.9
        Td = 2.24874
        Tf = 1.12437
#       SitePat  BranchLen
              b 115620.4491456
              e 44035.5981814
              c 45019.9953089
              n 42835.8905442
              w 42835.7735115
            b:e 1220.5145395
            b:c 1550.7423331
            b:n 1131.6343996
            b:w 1131.6298114
            e:c 10974.3005292
            e:n 3940.5956404
            e:w 3940.5720649
            c:n 3787.1310146
            c:w 3787.2480473
            n:w 11903.7426381
          b:e:c 1277.4000878
          b:e:n 599.6385307
          b:e:w 599.6339424
          b:c:n 601.7055019
          b:c:w 601.7100902
          b:n:w 1274.3970437
          e:c:n 4965.6547056
          e:c:w 4965.6782811
          e:n:w 6169.7880865
          c:n:w 5389.5199183
        b:e:c:n 1133.7073724
        b:e:c:w 1133.7119607
        b:e:n:w 1455.0997550
        b:c:n:w 1223.3885264
        e:c:n:w 44143.4693629
