########################################
# legofit: estimate population history #
#       version 2.3.4-4-g53f8760       #
########################################

# Program was compiled: Sep 21 2021 14:36:42
# Program was run: Wed Sep 22 17:38:55 2021

# cmd: legofit -1 -d 0 -t 32 --ptsPerDim 3 --stateOut b1boot35.state --tol 3e-6 -S 5000 bdf2.lgo ../../chrX/boot_chrX/boot35.opf
# Stage nOptItr nSimReps
#     0    5000        0
# algorithm          : deterministic
# ignoring probs <=  : 0
# Branch length floor: 0
# DE strategy        : 2
#    F               : 0.3
#    CR              : 0.8
#    tolerance       : 3e-06
# nthreads           : 32
# lgo input file     : bdf2.lgo
# site pat input file: ../../chrX/boot_chrX/boot35.opf
# free parameters    : 13
# points in DE swarm : 39
# output state file  : b1boot35.state
# Including singleton site patterns.
# cost function      : KL
Initial parameter values
Fixed:
      zero = 0
       one = 1
    Tbecnw = 75200
Free:
       pc1 = 0
       pc2 = 0
       pc3 = 0
       pc4 = 0
       pc5 = 0
       pc6 = 0
       pc7 = 0
       pc8 = 0
       pc9 = 0
      pc10 = 0
      pc11 = 0
      pc12 = 0
      pc13 = 0
Constrained:
     Tecnw = 30460.5
       Tnw = 9606.84
       Tec = 633.015
     twoNb = 650189
     twoNc = 107125
     twoNw = 363129
    twoNec = 206343
    twoNnw = 97500.6
  twoNecnw = 33220.4
  twoNbecnw = 48630.6
        m2 = 3.21262e-05
        m4 = 0.0168218
        m6 = 5.17838e-05
        Tb = 15546.8
        Td = 316.507
        Tf = 158.254
DiffEv reached_goal. cost=3.50472e-03 spread=2.91524e-06
Fitted parameter values
Free:
       pc1 = -3.91086
       pc2 = -1.80257
       pc3 = 1.82538
       pc4 = -0.587081
       pc5 = -0.0437876
       pc6 = -1.31069
       pc7 = -1.74203
       pc8 = -0.921828
       pc9 = -1.86386
      pc10 = 1.5218
      pc11 = 0.314668
      pc12 = -0.374442
      pc13 = -0.20139
Constrained:
     Tecnw = 30858
       Tnw = 6234.94
       Tec = 3.373
     twoNb = 1.38122e+06
     twoNc = 2048.83
     twoNw = 441264
    twoNec = 212473
    twoNnw = 123924
  twoNecnw = 32274.3
  twoNbecnw = 48906.1
        m2 = 3.70844e-05
        m4 = 0.0201572
        m6 = 0.000109374
        Tb = 15430.7
        Td = 1.6865
        Tf = 0.843249
#       SitePat  BranchLen
              b 116770.0571403
              e 43777.3346123
              c 44744.7371219
              n 42511.2719421
              w 42511.2057105
            b:e 1199.0112238
            b:c 1517.8507619
            b:n 1100.2891629
            b:w 1100.2865677
            e:c 10623.4630624
            e:n 3910.1887614
            e:w 3910.1752337
            c:n 3765.1216472
            c:w 3765.1878788
            n:w 11551.2949453
          b:e:c 1236.4691159
          b:e:n 589.2762030
          b:e:w 589.2736078
          b:c:n 591.0798897
          b:c:w 591.0824849
          b:n:w 1233.8525262
          e:c:n 4906.4007691
          e:c:w 4906.4142969
          e:n:w 6159.9177500
          c:n:w 5389.8227521
        b:e:c:n 1102.0981623
        b:e:c:w 1102.1007575
        b:e:n:w 1431.2141891
        b:c:n:w 1201.5090448
        e:c:n:w 45912.1130926
