########################################
# legofit: estimate population history #
#       version 2.3.4-4-g53f8760       #
########################################

# Program was compiled: Sep 21 2021 14:36:42
# Program was run: Wed Sep 22 17:38:44 2021

# cmd: legofit -1 -d 0 -t 32 --ptsPerDim 3 --stateOut b1boot21.state --tol 3e-6 -S 5000 bdf2.lgo ../../chrX/boot_chrX/boot21.opf
# Stage nOptItr nSimReps
#     0    5000        0
# algorithm          : deterministic
# ignoring probs <=  : 0
# Branch length floor: 0
# DE strategy        : 2
#    F               : 0.3
#    CR              : 0.8
#    tolerance       : 3e-06
# nthreads           : 32
# lgo input file     : bdf2.lgo
# site pat input file: ../../chrX/boot_chrX/boot21.opf
# free parameters    : 13
# points in DE swarm : 39
# output state file  : b1boot21.state
# Including singleton site patterns.
# cost function      : KL
Initial parameter values
Fixed:
      zero = 0
       one = 1
    Tbecnw = 75200
Free:
       pc1 = 0
       pc2 = 0
       pc3 = 0
       pc4 = 0
       pc5 = 0
       pc6 = 0
       pc7 = 0
       pc8 = 0
       pc9 = 0
      pc10 = 0
      pc11 = 0
      pc12 = 0
      pc13 = 0
Constrained:
     Tecnw = 30460.5
       Tnw = 9606.84
       Tec = 633.015
     twoNb = 650189
     twoNc = 107125
     twoNw = 363129
    twoNec = 206343
    twoNnw = 97500.6
  twoNecnw = 33220.4
  twoNbecnw = 48630.6
        m2 = 3.21262e-05
        m4 = 0.0168218
        m6 = 5.17838e-05
        Tb = 15546.8
        Td = 316.507
        Tf = 158.254
DiffEv reached_goal. cost=3.41784e-03 spread=1.57291e-06
Fitted parameter values
Free:
       pc1 = -3.10062
       pc2 = -1.87751
       pc3 = 1.86156
       pc4 = -1.78886
       pc5 = -0.201708
       pc6 = -1.02068
       pc7 = -1.51216
       pc8 = -0.467085
       pc9 = -1.02906
      pc10 = 1.76158
      pc11 = 0.104626
      pc12 = -0.180787
      pc13 = 0.0971135
Constrained:
     Tecnw = 30778.2
       Tnw = 6153.68
       Tec = 6.96841
     twoNb = 1.35623e+06
     twoNc = 14733
     twoNw = 496279
    twoNec = 208200
    twoNnw = 116738
  twoNecnw = 32792
  twoNbecnw = 48567.5
        m2 = 8.41753e-05
        m4 = 0.0200716
        m6 = 0.000115917
        Tb = 15392.6
        Td = 3.48421
        Tf = 1.7421
#       SitePat  BranchLen
              b 116363.5303263
              e 43863.3403171
              c 44814.9547627
              n 42308.9858863
              w 42308.9245072
            b:e 1218.6440361
            b:c 1533.8835794
            b:n 1101.8345227
            b:w 1101.8321072
            e:c 10832.1273304
            e:n 3886.8421297
            e:w 3886.8296035
            c:n 3743.3099617
            c:w 3743.3713408
            n:w 11959.1462002
          b:e:c 1268.5134183
          b:e:n 587.8157908
          b:e:w 587.8133753
          b:c:n 589.6442156
          b:c:w 589.6466311
          b:n:w 1265.7846226
          e:c:n 4884.6844271
          e:c:w 4884.6969533
          e:n:w 6214.1032363
          c:n:w 5455.8379096
        b:e:c:n 1103.6752321
        b:e:c:w 1103.6776477
        b:e:n:w 1446.3592751
        b:c:n:w 1221.0993630
        e:c:n:w 45314.6313704
