########################################
# legofit: estimate population history #
#       version 2.3.4-4-g53f8760       #
########################################

# Program was compiled: Sep 21 2021 14:36:42
# Program was run: Wed Sep 22 17:39:01 2021

# cmd: legofit -1 -d 0 -t 32 --ptsPerDim 3 --stateOut b1boot40.state --tol 3e-6 -S 5000 bdf2.lgo ../../chrX/boot_chrX/boot40.opf
# Stage nOptItr nSimReps
#     0    5000        0
# algorithm          : deterministic
# ignoring probs <=  : 0
# Branch length floor: 0
# DE strategy        : 2
#    F               : 0.3
#    CR              : 0.8
#    tolerance       : 3e-06
# nthreads           : 32
# lgo input file     : bdf2.lgo
# site pat input file: ../../chrX/boot_chrX/boot40.opf
# free parameters    : 13
# points in DE swarm : 39
# output state file  : b1boot40.state
# Including singleton site patterns.
# cost function      : KL
Initial parameter values
Fixed:
      zero = 0
       one = 1
    Tbecnw = 75200
Free:
       pc1 = 0
       pc2 = 0
       pc3 = 0
       pc4 = 0
       pc5 = 0
       pc6 = 0
       pc7 = 0
       pc8 = 0
       pc9 = 0
      pc10 = 0
      pc11 = 0
      pc12 = 0
      pc13 = 0
Constrained:
     Tecnw = 30460.5
       Tnw = 9606.84
       Tec = 633.015
     twoNb = 650189
     twoNc = 107125
     twoNw = 363129
    twoNec = 206343
    twoNnw = 97500.6
  twoNecnw = 33220.4
  twoNbecnw = 48630.6
        m2 = 3.21262e-05
        m4 = 0.0168218
        m6 = 5.17838e-05
        Tb = 15546.8
        Td = 316.507
        Tf = 158.254
DiffEv reached_goal. cost=3.15600e-03 spread=2.21730e-06
Fitted parameter values
Free:
       pc1 = -3.76736
       pc2 = -1.96827
       pc3 = 1.427
       pc4 = -0.984116
       pc5 = -0.913002
       pc6 = 0.181782
       pc7 = -1.13781
       pc8 = -1.11241
       pc9 = -1.89047
      pc10 = 0.96757
      pc11 = 0.581187
      pc12 = -0.352274
      pc13 = 0.0984003
Constrained:
     Tecnw = 30836.2
       Tnw = 6482.63
       Tec = 1.74571
     twoNb = 1.36181e+06
     twoNc = 83998.3
     twoNw = 249654
    twoNec = 215439
    twoNnw = 116907
  twoNecnw = 32532.9
  twoNbecnw = 49273.8
        m2 = 6.07402e-05
        m4 = 0.0213001
        m6 = 3.05013e-05
        Tb = 15419
        Td = 0.872854
        Tf = 0.436427
#       SitePat  BranchLen
              b 116999.2660440
              e 43986.3832675
              c 45007.9195402
              n 42385.4412676
              w 42385.4077138
            b:e 1228.9478882
            b:c 1568.3343248
            b:n 1107.7024762
            b:w 1107.7011431
            e:c 10666.6389904
            e:n 3915.7192179
            e:w 3915.7123388
            c:n 3762.7571037
            c:w 3762.7906576
            n:w 11830.4285044
          b:e:c 1266.9543426
          b:e:n 595.5063231
          b:e:w 595.5049901
          b:c:n 597.4560678
          b:c:w 597.4574008
          b:n:w 1264.0722968
          e:c:n 4883.8433450
          e:c:w 4883.8502242
          e:n:w 6289.6159467
          c:n:w 5474.1650327
        b:e:c:n 1109.6611174
        b:e:c:w 1109.6624504
        b:e:n:w 1475.1218983
        b:c:n:w 1231.6317428
        e:c:n:w 45931.8581659
