########################################
# legofit: estimate population history #
#       version 2.3.4-4-g53f8760       #
########################################

# Program was compiled: Sep 21 2021 14:36:42
# Program was run: Wed Sep 22 17:38:48 2021

# cmd: legofit -1 -d 0 -t 32 --ptsPerDim 3 --stateOut b1boot25.state --tol 3e-6 -S 5000 bdf2.lgo ../../chrX/boot_chrX/boot25.opf
# Stage nOptItr nSimReps
#     0    5000        0
# algorithm          : deterministic
# ignoring probs <=  : 0
# Branch length floor: 0
# DE strategy        : 2
#    F               : 0.3
#    CR              : 0.8
#    tolerance       : 3e-06
# nthreads           : 32
# lgo input file     : bdf2.lgo
# site pat input file: ../../chrX/boot_chrX/boot25.opf
# free parameters    : 13
# points in DE swarm : 39
# output state file  : b1boot25.state
# Including singleton site patterns.
# cost function      : KL
Initial parameter values
Fixed:
      zero = 0
       one = 1
    Tbecnw = 75200
Free:
       pc1 = 0
       pc2 = 0
       pc3 = 0
       pc4 = 0
       pc5 = 0
       pc6 = 0
       pc7 = 0
       pc8 = 0
       pc9 = 0
      pc10 = 0
      pc11 = 0
      pc12 = 0
      pc13 = 0
Constrained:
     Tecnw = 30460.5
       Tnw = 9606.84
       Tec = 633.015
     twoNb = 650189
     twoNc = 107125
     twoNw = 363129
    twoNec = 206343
    twoNnw = 97500.6
  twoNecnw = 33220.4
  twoNbecnw = 48630.6
        m2 = 3.21262e-05
        m4 = 0.0168218
        m6 = 5.17838e-05
        Tb = 15546.8
        Td = 316.507
        Tf = 158.254
DiffEv reached_goal. cost=3.40557e-03 spread=2.86287e-06
Fitted parameter values
Free:
       pc1 = -3.86031
       pc2 = -1.89488
       pc3 = 1.07972
       pc4 = -1.88637
       pc5 = -0.931568
       pc6 = -1.02787
       pc7 = -0.805847
       pc8 = -1.52279
       pc9 = -1.90168
      pc10 = 1.41691
      pc11 = 0.630174
      pc12 = 0.0331615
      pc13 = 0.131014
Constrained:
     Tecnw = 30793.1
       Tnw = 5814.43
       Tec = 37.0306
     twoNb = 1.41513e+06
     twoNc = 11025.1
     twoNw = 103814
    twoNec = 205770
    twoNnw = 118627
  twoNecnw = 32659.7
  twoNbecnw = 49230.3
        m2 = 7.03783e-05
        m4 = 0.0213212
        m6 = 0.00010201
        Tb = 15415
        Td = 18.5153
        Tf = 9.25764
#       SitePat  BranchLen
              b 116946.7479432
              e 43825.5993293
              c 44848.3513135
              n 42292.5760695
              w 42292.3366968
            b:e 1226.6678377
            b:c 1562.7324749
            b:n 1112.3137380
            b:w 1112.3042703
            e:c 10873.5108816
            e:n 3892.7498415
            e:w 3892.7010335
            c:n 3739.9815589
            c:w 3740.2209317
            n:w 12006.0543371
          b:e:c 1280.9294077
          b:e:n 592.4016442
          b:e:w 592.3921765
          b:c:n 594.2745349
          b:c:w 594.2840026
          b:n:w 1278.1336726
          e:c:n 4905.0707571
          e:c:w 4905.1195652
          e:n:w 6272.1838705
          c:n:w 5458.5498105
        b:e:c:n 1114.1965656
        b:e:c:w 1114.2060334
        b:e:n:w 1472.9414373
        b:c:n:w 1229.2425433
        e:c:n:w 45863.0979012
