########################################
# legofit: estimate population history #
#       version 2.3.4-4-g53f8760       #
########################################

# Program was compiled: Sep 21 2021 14:36:42
# Program was run: Wed Sep 22 17:38:26 2021

# cmd: legofit -1 -d 0 -t 32 --ptsPerDim 3 --stateOut b1boot6.state --tol 3e-6 -S 5000 bdf2.lgo ../../chrX/boot_chrX/boot6.opf
# Stage nOptItr nSimReps
#     0    5000        0
# algorithm          : deterministic
# ignoring probs <=  : 0
# Branch length floor: 0
# DE strategy        : 2
#    F               : 0.3
#    CR              : 0.8
#    tolerance       : 3e-06
# nthreads           : 32
# lgo input file     : bdf2.lgo
# site pat input file: ../../chrX/boot_chrX/boot6.opf
# free parameters    : 13
# points in DE swarm : 39
# output state file  : b1boot6.state
# Including singleton site patterns.
# cost function      : KL
Initial parameter values
Fixed:
      zero = 0
       one = 1
    Tbecnw = 75200
Free:
       pc1 = 0
       pc2 = 0
       pc3 = 0
       pc4 = 0
       pc5 = 0
       pc6 = 0
       pc7 = 0
       pc8 = 0
       pc9 = 0
      pc10 = 0
      pc11 = 0
      pc12 = 0
      pc13 = 0
Constrained:
     Tecnw = 30460.5
       Tnw = 9606.84
       Tec = 633.015
     twoNb = 650189
     twoNc = 107125
     twoNw = 363129
    twoNec = 206343
    twoNnw = 97500.6
  twoNecnw = 33220.4
  twoNbecnw = 48630.6
        m2 = 3.21262e-05
        m4 = 0.0168218
        m6 = 5.17838e-05
        Tb = 15546.8
        Td = 316.507
        Tf = 158.254
DiffEv reached_goal. cost=3.00509e-03 spread=2.87851e-06
Fitted parameter values
Free:
       pc1 = -3.94953
       pc2 = -1.88569
       pc3 = 1.52229
       pc4 = -0.985446
       pc5 = -0.589899
       pc6 = -0.531296
       pc7 = -1.05852
       pc8 = -1.62015
       pc9 = -1.72437
      pc10 = 0.644899
      pc11 = 0.750238
      pc12 = -0.288673
      pc13 = -0.141579
Constrained:
     Tecnw = 30776.4
       Tnw = 6499.89
       Tec = 63.4968
     twoNb = 1.33597e+06
     twoNc = 35713.7
     twoNw = 222951
    twoNec = 214860
    twoNnw = 122354
  twoNecnw = 32523.1
  twoNbecnw = 49290.5
        m2 = 3.96923e-05
        m4 = 0.0225071
        m6 = 6.76608e-05
        Tb = 15419.9
        Td = 31.7484
        Tf = 15.8742
#       SitePat  BranchLen
              b 116997.9183978
              e 43908.2676901
              c 44989.0748691
              n 42576.4293611
              w 42576.3457118
            b:e 1220.5609886
            b:c 1580.9736402
            b:n 1116.1062342
            b:w 1116.1029006
            e:c 10592.0023113
            e:n 3960.1064441
            e:w 3960.0892086
            c:n 3796.8698557
            c:w 3796.9535050
            n:w 11582.0489353
          b:e:c 1253.3232839
          b:e:n 600.6186675
          b:e:w 600.6153340
          b:c:n 602.7316972
          b:c:w 602.7350307
          b:n:w 1250.2598857
          e:c:n 4926.8163629
          e:c:w 4926.8335983
          e:n:w 6293.8180726
          c:n:w 5431.9825757
        b:e:c:n 1118.2252349
        b:e:c:w 1118.2285684
        b:e:n:w 1480.7372065
        b:c:n:w 1223.4924384
        e:c:n:w 45922.3865368
