########################################
# legofit: estimate population history #
#       version 2.3.4-4-g53f8760       #
########################################

# Program was compiled: Sep 21 2021 14:36:42
# Program was run: Wed Sep 22 17:38:44 2021

# cmd: legofit -1 -d 0 -t 32 --ptsPerDim 3 --stateOut b1boot22.state --tol 3e-6 -S 5000 bdf2.lgo ../../chrX/boot_chrX/boot22.opf
# Stage nOptItr nSimReps
#     0    5000        0
# algorithm          : deterministic
# ignoring probs <=  : 0
# Branch length floor: 0
# DE strategy        : 2
#    F               : 0.3
#    CR              : 0.8
#    tolerance       : 3e-06
# nthreads           : 32
# lgo input file     : bdf2.lgo
# site pat input file: ../../chrX/boot_chrX/boot22.opf
# free parameters    : 13
# points in DE swarm : 39
# output state file  : b1boot22.state
# Including singleton site patterns.
# cost function      : KL
Initial parameter values
Fixed:
      zero = 0
       one = 1
    Tbecnw = 75200
Free:
       pc1 = 0
       pc2 = 0
       pc3 = 0
       pc4 = 0
       pc5 = 0
       pc6 = 0
       pc7 = 0
       pc8 = 0
       pc9 = 0
      pc10 = 0
      pc11 = 0
      pc12 = 0
      pc13 = 0
Constrained:
     Tecnw = 30460.5
       Tnw = 9606.84
       Tec = 633.015
     twoNb = 650189
     twoNc = 107125
     twoNw = 363129
    twoNec = 206343
    twoNnw = 97500.6
  twoNecnw = 33220.4
  twoNbecnw = 48630.6
        m2 = 3.21262e-05
        m4 = 0.0168218
        m6 = 5.17838e-05
        Tb = 15546.8
        Td = 316.507
        Tf = 158.254
DiffEv reached_goal. cost=3.22062e-03 spread=2.91670e-06
Fitted parameter values
Free:
       pc1 = -3.88696
       pc2 = -1.95506
       pc3 = 0.981471
       pc4 = -1.49093
       pc5 = -1.40794
       pc6 = -1.03256
       pc7 = -0.31362
       pc8 = -1.69678
       pc9 = -0.614175
      pc10 = 0.583423
      pc11 = 0.187851
      pc12 = -0.156715
      pc13 = 0.0924898
Constrained:
     Tecnw = 30911.3
       Tnw = 5418.58
       Tec = 4.68758
     twoNb = 1.23381e+06
     twoNc = 18554.1
     twoNw = 48603.8
    twoNec = 206717
    twoNnw = 123208
  twoNecnw = 32882.7
  twoNbecnw = 48469.7
        m2 = 5.5823e-05
        m4 = 0.0230991
        m6 = 7.30085e-05
        Tb = 15458
        Td = 2.34379
        Tf = 1.1719
#       SitePat  BranchLen
              b 116168.8720926
              e 43980.7895025
              c 45063.2348419
              n 42501.3231612
              w 42500.9875051
            b:e 1220.6172336
            b:c 1590.3241910
            b:n 1112.6841235
            b:w 1112.6709701
            e:c 10852.9069212
            e:n 3913.6824155
            e:w 3913.6145399
            c:n 3747.3747071
            c:w 3747.7103632
            n:w 11979.3819758
          b:e:c 1273.6418742
          b:e:n 593.1290060
          b:e:w 593.1158526
          b:c:n 595.4485326
          b:c:w 595.4616860
          b:n:w 1270.2087555
          e:c:n 4900.8036508
          e:c:w 4900.8715263
          e:n:w 6288.6030999
          c:n:w 5420.3099913
        b:e:c:n 1115.0126642
        b:e:c:w 1115.0258177
        b:e:n:w 1480.1646842
        b:c:n:w 1223.8520210
        e:c:n:w 44918.2507162
