########################################
# legofit: estimate population history #
#       version 2.3.4-4-g53f8760       #
########################################

# Program was compiled: Sep 21 2021 14:36:42
# Program was run: Wed Sep 22 17:38:48 2021

# cmd: legofit -1 -d 0 -t 32 --ptsPerDim 3 --stateOut b1boot28.state --tol 3e-6 -S 5000 bdf2.lgo ../../chrX/boot_chrX/boot28.opf
# Stage nOptItr nSimReps
#     0    5000        0
# algorithm          : deterministic
# ignoring probs <=  : 0
# Branch length floor: 0
# DE strategy        : 2
#    F               : 0.3
#    CR              : 0.8
#    tolerance       : 3e-06
# nthreads           : 32
# lgo input file     : bdf2.lgo
# site pat input file: ../../chrX/boot_chrX/boot28.opf
# free parameters    : 13
# points in DE swarm : 39
# output state file  : b1boot28.state
# Including singleton site patterns.
# cost function      : KL
Initial parameter values
Fixed:
      zero = 0
       one = 1
    Tbecnw = 75200
Free:
       pc1 = 0
       pc2 = 0
       pc3 = 0
       pc4 = 0
       pc5 = 0
       pc6 = 0
       pc7 = 0
       pc8 = 0
       pc9 = 0
      pc10 = 0
      pc11 = 0
      pc12 = 0
      pc13 = 0
Constrained:
     Tecnw = 30460.5
       Tnw = 9606.84
       Tec = 633.015
     twoNb = 650189
     twoNc = 107125
     twoNw = 363129
    twoNec = 206343
    twoNnw = 97500.6
  twoNecnw = 33220.4
  twoNbecnw = 48630.6
        m2 = 3.21262e-05
        m4 = 0.0168218
        m6 = 5.17838e-05
        Tb = 15546.8
        Td = 316.507
        Tf = 158.254
DiffEv reached_goal. cost=3.27231e-03 spread=9.54644e-07
Fitted parameter values
Free:
       pc1 = -3.35646
       pc2 = -1.99332
       pc3 = 1.92478
       pc4 = -1.68817
       pc5 = -1.06545
       pc6 = -1.69486
       pc7 = -0.246506
       pc8 = -1.56617
       pc9 = -1.74868
      pc10 = 1.37451
      pc11 = 0.420754
      pc12 = -0.488117
      pc13 = 0.10761
Constrained:
     Tecnw = 30654.5
       Tnw = 6453.68
       Tec = 3.54063
     twoNb = 1.42756e+06
     twoNc = 25932.3
     twoNw = 91745.3
    twoNec = 210567
    twoNnw = 116415
  twoNecnw = 32686.6
  twoNbecnw = 48247.6
        m2 = 5.28688e-05
        m4 = 0.0216434
        m6 = 0.000135302
        Tb = 15329
        Td = 1.77031
        Tf = 0.885157
#       SitePat  BranchLen
              b 116122.7814497
              e 43754.8736893
              c 44785.8670820
              n 42244.6253413
              w 42244.2320581
            b:e 1201.2564588
            b:c 1536.0558629
            b:n 1087.3457358
            b:w 1087.3303731
            e:c 10694.3963505
            e:n 3897.3228279
            e:w 3897.2423240
            c:n 3742.4158187
            c:w 3742.8091019
            n:w 11798.1633802
          b:e:c 1243.9018016
          b:e:n 582.6020156
          b:e:w 582.5866528
          b:c:n 584.4429904
          b:c:w 584.4583531
          b:n:w 1241.1651065
          e:c:n 4863.2210295
          e:c:w 4863.3015335
          e:n:w 6242.1227396
          c:n:w 5424.7795812
        b:e:c:n 1089.1939710
        b:e:c:w 1089.2093338
        b:e:n:w 1446.6522724
        b:c:n:w 1203.8301902
        e:c:n:w 45234.9295675
