########################################
# legofit: estimate population history #
#       version 2.3.4-4-g53f8760       #
########################################

# Program was compiled: Sep 21 2021 14:36:42
# Program was run: Wed Sep 22 17:38:55 2021

# cmd: legofit -1 -d 0 -t 32 --ptsPerDim 3 --stateOut b1boot34.state --tol 3e-6 -S 5000 bdf2.lgo ../../chrX/boot_chrX/boot34.opf
# Stage nOptItr nSimReps
#     0    5000        0
# algorithm          : deterministic
# ignoring probs <=  : 0
# Branch length floor: 0
# DE strategy        : 2
#    F               : 0.3
#    CR              : 0.8
#    tolerance       : 3e-06
# nthreads           : 32
# lgo input file     : bdf2.lgo
# site pat input file: ../../chrX/boot_chrX/boot34.opf
# free parameters    : 13
# points in DE swarm : 39
# output state file  : b1boot34.state
# Including singleton site patterns.
# cost function      : KL
Initial parameter values
Fixed:
      zero = 0
       one = 1
    Tbecnw = 75200
Free:
       pc1 = 0
       pc2 = 0
       pc3 = 0
       pc4 = 0
       pc5 = 0
       pc6 = 0
       pc7 = 0
       pc8 = 0
       pc9 = 0
      pc10 = 0
      pc11 = 0
      pc12 = 0
      pc13 = 0
Constrained:
     Tecnw = 30460.5
       Tnw = 9606.84
       Tec = 633.015
     twoNb = 650189
     twoNc = 107125
     twoNw = 363129
    twoNec = 206343
    twoNnw = 97500.6
  twoNecnw = 33220.4
  twoNbecnw = 48630.6
        m2 = 3.21262e-05
        m4 = 0.0168218
        m6 = 5.17838e-05
        Tb = 15546.8
        Td = 316.507
        Tf = 158.254
DiffEv reached_goal. cost=3.10851e-03 spread=2.85815e-06
Fitted parameter values
Free:
       pc1 = -3.98289
       pc2 = -1.98093
       pc3 = 0.718744
       pc4 = 0.0736503
       pc5 = -1.40468
       pc6 = -1.95884
       pc7 = -0.84952
       pc8 = -1.08053
       pc9 = -1.93414
      pc10 = 0.337403
      pc11 = 0.511532
      pc12 = 0.325363
      pc13 = -0.153829
Constrained:
     Tecnw = 30783.2
       Tnw = 5978.08
       Tec = 27.2937
     twoNb = 1.17749e+06
     twoNc = 5345.13
     twoNw = 63528.2
    twoNec = 200299
    twoNnw = 123626
  twoNecnw = 31977.8
  twoNbecnw = 48597.2
        m2 = 3.08652e-05
        m4 = 0.0218302
        m6 = 7.66012e-05
        Tb = 15405.3
        Td = 13.6468
        Tf = 6.82342
#       SitePat  BranchLen
              b 116582.5481825
              e 43366.9413786
              c 44403.8552762
              n 42284.1020290
              w 42283.8063368
            b:e 1164.8201521
            b:c 1522.9967922
            b:n 1078.8740019
            b:w 1078.8626473
            e:c 10771.2076798
            e:n 3846.5822914
            e:w 3846.5223060
            c:n 3690.0536556
            c:w 3690.3493479
            n:w 11589.9491043
          b:e:c 1222.2151025
          b:e:n 571.2081581
          b:e:w 571.1968035
          b:c:n 573.4277831
          b:c:w 573.4391378
          b:n:w 1218.9765820
          e:c:n 4882.3667612
          e:c:w 4882.4267466
          e:n:w 6144.2426206
          c:n:w 5303.1136684
        b:e:c:n 1081.0986772
        b:e:c:w 1081.1100318
        b:e:n:w 1413.6653274
        b:c:n:w 1167.9433764
        e:c:n:w 46056.7787190
