########################################
# legofit: estimate population history #
#       version 2.3.4-4-g53f8760       #
########################################

# Program was compiled: Sep 21 2021 14:36:42
# Program was run: Wed Sep 22 17:39:08 2021

# cmd: legofit -1 -d 0 -t 32 --ptsPerDim 3 --stateOut b1boot45.state --tol 3e-6 -S 5000 bdf2.lgo ../../chrX/boot_chrX/boot45.opf
# Stage nOptItr nSimReps
#     0    5000        0
# algorithm          : deterministic
# ignoring probs <=  : 0
# Branch length floor: 0
# DE strategy        : 2
#    F               : 0.3
#    CR              : 0.8
#    tolerance       : 3e-06
# nthreads           : 32
# lgo input file     : bdf2.lgo
# site pat input file: ../../chrX/boot_chrX/boot45.opf
# free parameters    : 13
# points in DE swarm : 39
# output state file  : b1boot45.state
# Including singleton site patterns.
# cost function      : KL
Initial parameter values
Fixed:
      zero = 0
       one = 1
    Tbecnw = 75200
Free:
       pc1 = 0
       pc2 = 0
       pc3 = 0
       pc4 = 0
       pc5 = 0
       pc6 = 0
       pc7 = 0
       pc8 = 0
       pc9 = 0
      pc10 = 0
      pc11 = 0
      pc12 = 0
      pc13 = 0
Constrained:
     Tecnw = 30460.5
       Tnw = 9606.84
       Tec = 633.015
     twoNb = 650189
     twoNc = 107125
     twoNw = 363129
    twoNec = 206343
    twoNnw = 97500.6
  twoNecnw = 33220.4
  twoNbecnw = 48630.6
        m2 = 3.21262e-05
        m4 = 0.0168218
        m6 = 5.17838e-05
        Tb = 15546.8
        Td = 316.507
        Tf = 158.254
DiffEv reached_goal. cost=3.15137e-03 spread=2.76091e-06
Fitted parameter values
Free:
       pc1 = -3.95156
       pc2 = -1.94242
       pc3 = 1.71668
       pc4 = -1.71763
       pc5 = -0.0623738
       pc6 = -1.92282
       pc7 = -1.07113
       pc8 = -0.814098
       pc9 = -0.994954
      pc10 = 1.76292
      pc11 = -0.00876376
      pc12 = -0.298398
      pc13 = -0.0916847
Constrained:
     Tecnw = 30918.1
       Tnw = 5296.17
       Tec = 21.3364
     twoNb = 1.36711e+06
     twoNc = 1818.98
     twoNw = 380420
    twoNec = 206824
    twoNnw = 126685
  twoNecnw = 32684.1
  twoNbecnw = 48419.7
        m2 = 6.58187e-05
        m4 = 0.0208009
        m6 = 0.000163865
        Tb = 15469.7
        Td = 10.6682
        Tf = 5.33411
#       SitePat  BranchLen
              b 116221.4584534
              e 43872.6258888
              c 44857.0500692
              n 42531.6632483
              w 42531.5644740
            b:e 1207.4701721
            b:c 1532.6501508
            b:n 1108.5566544
            b:w 1108.5528053
            e:c 10808.0790037
            e:n 3905.2864560
            e:w 3905.2664944
            c:n 3755.8754681
            c:w 3755.9742424
            n:w 11819.3872373
          b:e:c 1256.6532125
          b:e:n 590.2716950
          b:e:w 590.2678459
          b:c:n 592.1605669
          b:c:w 592.1644160
          b:n:w 1253.8824547
          e:c:n 4914.6360216
          e:c:w 4914.6559832
          e:n:w 6175.7519281
          c:n:w 5393.9223030
        b:e:c:n 1110.4550971
        b:e:c:w 1110.4589463
        b:e:n:w 1442.8863502
        b:c:n:w 1210.0296142
        e:c:n:w 45123.1533397
