########################################
# legofit: estimate population history #
#       version 2.3.4-4-g53f8760       #
########################################

# Program was compiled: Sep 21 2021 14:36:42
# Program was run: Wed Sep 22 17:38:19 2021

# cmd: legofit -1 -d 0 -t 32 --ptsPerDim 3 --stateOut b1boot2.state --tol 3e-6 -S 5000 bdf2.lgo ../../chrX/boot_chrX/boot2.opf
# Stage nOptItr nSimReps
#     0    5000        0
# algorithm          : deterministic
# ignoring probs <=  : 0
# Branch length floor: 0
# DE strategy        : 2
#    F               : 0.3
#    CR              : 0.8
#    tolerance       : 3e-06
# nthreads           : 32
# lgo input file     : bdf2.lgo
# site pat input file: ../../chrX/boot_chrX/boot2.opf
# free parameters    : 13
# points in DE swarm : 39
# output state file  : b1boot2.state
# Including singleton site patterns.
# cost function      : KL
Initial parameter values
Fixed:
      zero = 0
       one = 1
    Tbecnw = 75200
Free:
       pc1 = 0
       pc2 = 0
       pc3 = 0
       pc4 = 0
       pc5 = 0
       pc6 = 0
       pc7 = 0
       pc8 = 0
       pc9 = 0
      pc10 = 0
      pc11 = 0
      pc12 = 0
      pc13 = 0
Constrained:
     Tecnw = 30460.5
       Tnw = 9606.84
       Tec = 633.015
     twoNb = 650189
     twoNc = 107125
     twoNw = 363129
    twoNec = 206343
    twoNnw = 97500.6
  twoNecnw = 33220.4
  twoNbecnw = 48630.6
        m2 = 3.21262e-05
        m4 = 0.0168218
        m6 = 5.17838e-05
        Tb = 15546.8
        Td = 316.507
        Tf = 158.254
DiffEv reached_goal. cost=3.39335e-03 spread=2.80732e-06
Fitted parameter values
Free:
       pc1 = -3.95585
       pc2 = -1.99867
       pc3 = 1.08021
       pc4 = -1.51758
       pc5 = -1.44524
       pc6 = -0.919375
       pc7 = -0.291614
       pc8 = -1.7051
       pc9 = -1.19389
      pc10 = 0.995494
      pc11 = 0.0991931
      pc12 = -0.369567
      pc13 = 0.229701
Constrained:
     Tecnw = 30960.2
       Tnw = 5520.6
       Tec = 1.0211
     twoNb = 1.33237e+06
     twoNc = 38068.9
     twoNw = 23202.4
    twoNec = 208562
    twoNnw = 119878
  twoNecnw = 32800.8
  twoNbecnw = 48533.1
        m2 = 5.56757e-05
        m4 = 0.0222493
        m6 = 7.62162e-05
        Tb = 15480.6
        Td = 0.51055
        Tf = 0.255275
#       SitePat  BranchLen
              b 116260.3254179
              e 44040.4575081
              c 45089.0304431
              n 42389.6216866
              w 42388.9202197
            b:e 1224.4887931
            b:c 1574.6407254
            b:n 1105.8990190
            b:w 1105.8716152
            e:c 10848.3772303
            e:n 3888.2881126
            e:w 3888.1467667
            c:n 3729.2072953
            c:w 3729.9087623
            n:w 12083.7064500
          b:e:c 1277.3734084
          b:e:n 590.1842062
          b:e:w 590.1568023
          b:c:n 592.2299324
          b:c:w 592.2573362
          b:n:w 1274.2942434
          e:c:n 4870.4848886
          e:c:w 4870.6262346
          e:n:w 6282.1039410
          c:n:w 5445.2641610
        b:e:c:n 1107.9530334
        b:e:c:w 1107.9804373
        b:e:n:w 1476.0969188
        b:c:n:w 1227.3843931
        e:c:n:w 45044.4180008
