########################################
# legofit: estimate population history #
#       version 2.3.4-4-g53f8760       #
########################################

# Program was compiled: Sep 21 2021 14:36:42
# Program was run: Wed Sep 22 17:38:26 2021

# cmd: legofit -1 -d 0 -t 32 --ptsPerDim 3 --stateOut b1boot3.state --tol 3e-6 -S 5000 bdf2.lgo ../../chrX/boot_chrX/boot3.opf
# Stage nOptItr nSimReps
#     0    5000        0
# algorithm          : deterministic
# ignoring probs <=  : 0
# Branch length floor: 0
# DE strategy        : 2
#    F               : 0.3
#    CR              : 0.8
#    tolerance       : 3e-06
# nthreads           : 32
# lgo input file     : bdf2.lgo
# site pat input file: ../../chrX/boot_chrX/boot3.opf
# free parameters    : 13
# points in DE swarm : 39
# output state file  : b1boot3.state
# Including singleton site patterns.
# cost function      : KL
Initial parameter values
Fixed:
      zero = 0
       one = 1
    Tbecnw = 75200
Free:
       pc1 = 0
       pc2 = 0
       pc3 = 0
       pc4 = 0
       pc5 = 0
       pc6 = 0
       pc7 = 0
       pc8 = 0
       pc9 = 0
      pc10 = 0
      pc11 = 0
      pc12 = 0
      pc13 = 0
Constrained:
     Tecnw = 30460.5
       Tnw = 9606.84
       Tec = 633.015
     twoNb = 650189
     twoNc = 107125
     twoNw = 363129
    twoNec = 206343
    twoNnw = 97500.6
  twoNecnw = 33220.4
  twoNbecnw = 48630.6
        m2 = 3.21262e-05
        m4 = 0.0168218
        m6 = 5.17838e-05
        Tb = 15546.8
        Td = 316.507
        Tf = 158.254
DiffEv reached_goal. cost=3.37677e-03 spread=2.99165e-06
Fitted parameter values
Free:
       pc1 = -3.90276
       pc2 = -1.95229
       pc3 = 1.66704
       pc4 = -1.74227
       pc5 = -0.249679
       pc6 = -1.76164
       pc7 = -0.915119
       pc8 = -1.28612
       pc9 = -1.41569
      pc10 = 1.19897
      pc11 = -0.189505
      pc12 = -0.390427
      pc13 = -0.155228
Constrained:
     Tecnw = 30988.1
       Tnw = 6331.93
       Tec = 42.7802
     twoNb = 1.37103e+06
     twoNc = 3993.99
     twoNw = 281517
    twoNec = 208125
    twoNnw = 122611
  twoNecnw = 32654.5
  twoNbecnw = 48556.4
        m2 = 5.44133e-05
        m4 = 0.0219863
        m6 = 0.000154419
        Tb = 15515.5
        Td = 21.3901
        Tf = 10.6951
#       SitePat  BranchLen
              b 116310.8694577
              e 43961.4362284
              c 45002.9098742
              n 42718.8163229
              w 42718.6677928
            b:e 1211.9418794
            b:c 1556.1861211
            b:n 1113.2417076
            b:w 1113.2358477
            e:c 10775.8247334
            e:n 3918.3186415
            e:w 3918.2883511
            c:n 3760.1617664
            c:w 3760.3102964
            n:w 11701.4493290
          b:e:c 1259.2542422
          b:e:n 593.8147302
          b:e:w 593.8088703
          b:c:n 595.8134262
          b:c:w 595.8192861
          b:n:w 1256.3323224
          e:c:n 4916.0367060
          e:c:w 4916.0669965
          e:n:w 6218.1534232
          c:n:w 5391.3711158
        b:e:c:n 1115.2483266
        b:e:c:w 1115.2541864
        b:e:n:w 1461.4992594
        b:c:n:w 1214.6894974
        e:c:n:w 45132.0625862
