########################################
# legofit: estimate population history #
#       version 2.3.4-4-g53f8760       #
########################################

# Program was compiled: Sep 21 2021 14:36:42
# Program was run: Wed Sep 22 17:38:49 2021

# cmd: legofit -1 -d 0 -t 32 --ptsPerDim 3 --stateOut b1boot29.state --tol 3e-6 -S 5000 bdf2.lgo ../../chrX/boot_chrX/boot29.opf
# Stage nOptItr nSimReps
#     0    5000        0
# algorithm          : deterministic
# ignoring probs <=  : 0
# Branch length floor: 0
# DE strategy        : 2
#    F               : 0.3
#    CR              : 0.8
#    tolerance       : 3e-06
# nthreads           : 32
# lgo input file     : bdf2.lgo
# site pat input file: ../../chrX/boot_chrX/boot29.opf
# free parameters    : 13
# points in DE swarm : 39
# output state file  : b1boot29.state
# Including singleton site patterns.
# cost function      : KL
Initial parameter values
Fixed:
      zero = 0
       one = 1
    Tbecnw = 75200
Free:
       pc1 = 0
       pc2 = 0
       pc3 = 0
       pc4 = 0
       pc5 = 0
       pc6 = 0
       pc7 = 0
       pc8 = 0
       pc9 = 0
      pc10 = 0
      pc11 = 0
      pc12 = 0
      pc13 = 0
Constrained:
     Tecnw = 30460.5
       Tnw = 9606.84
       Tec = 633.015
     twoNb = 650189
     twoNc = 107125
     twoNw = 363129
    twoNec = 206343
    twoNnw = 97500.6
  twoNecnw = 33220.4
  twoNbecnw = 48630.6
        m2 = 3.21262e-05
        m4 = 0.0168218
        m6 = 5.17838e-05
        Tb = 15546.8
        Td = 316.507
        Tf = 158.254
DiffEv reached_goal. cost=3.32655e-03 spread=2.88665e-06
Fitted parameter values
Free:
       pc1 = -3.37993
       pc2 = -1.90842
       pc3 = 1.40135
       pc4 = -0.518341
       pc5 = -1.20741
       pc6 = -1.58405
       pc7 = -1.18362
       pc8 = -0.753853
       pc9 = -1.97218
      pc10 = 0.947443
      pc11 = 0.152894
      pc12 = -0.224926
      pc13 = -0.197557
Constrained:
     Tecnw = 30800.8
       Tnw = 7073.05
       Tec = 38.0256
     twoNb = 1.28752e+06
     twoNc = 9404.83
     twoNw = 222504
    twoNec = 206417
    twoNnw = 118007
  twoNecnw = 32195.6
  twoNbecnw = 48311.2
        m2 = 5.15232e-05
        m4 = 0.0206014
        m6 = 8.54938e-05
        Tb = 15419.4
        Td = 19.0128
        Tf = 9.5064
#       SitePat  BranchLen
              b 116293.3442684
              e 43571.5133304
              c 44551.0769890
              n 42438.3609519
              w 42438.2470534
            b:e 1175.4128376
            b:c 1503.5670169
            b:n 1080.7111715
            b:w 1080.7067415
            e:c 10687.1639588
            e:n 3867.6365895
            e:w 3867.6132335
            c:n 3720.0092815
            c:w 3720.1231800
            n:w 11501.3990590
          b:e:c 1222.2837637
          b:e:n 575.6435669
          b:e:w 575.6391368
          b:c:n 577.5766223
          b:c:w 577.5810523
          b:n:w 1219.4590600
          e:c:n 4875.2413764
          e:c:w 4875.2647324
          e:n:w 6127.2076686
          c:n:w 5341.9693050
        b:e:c:n 1082.6519797
        b:e:c:w 1082.6564097
        b:e:n:w 1409.2990354
        b:c:n:w 1178.0619517
        e:c:n:w 45639.3669950
