########################################
# legofit: estimate population history #
#       version 2.3.4-4-g53f8760       #
########################################

# Program was compiled: Sep 21 2021 14:36:42
# Program was run: Wed Sep 22 17:38:55 2021

# cmd: legofit -1 -d 0 -t 32 --ptsPerDim 3 --stateOut b1boot31.state --tol 3e-6 -S 5000 bdf2.lgo ../../chrX/boot_chrX/boot31.opf
# Stage nOptItr nSimReps
#     0    5000        0
# algorithm          : deterministic
# ignoring probs <=  : 0
# Branch length floor: 0
# DE strategy        : 2
#    F               : 0.3
#    CR              : 0.8
#    tolerance       : 3e-06
# nthreads           : 32
# lgo input file     : bdf2.lgo
# site pat input file: ../../chrX/boot_chrX/boot31.opf
# free parameters    : 13
# points in DE swarm : 39
# output state file  : b1boot31.state
# Including singleton site patterns.
# cost function      : KL
Initial parameter values
Fixed:
      zero = 0
       one = 1
    Tbecnw = 75200
Free:
       pc1 = 0
       pc2 = 0
       pc3 = 0
       pc4 = 0
       pc5 = 0
       pc6 = 0
       pc7 = 0
       pc8 = 0
       pc9 = 0
      pc10 = 0
      pc11 = 0
      pc12 = 0
      pc13 = 0
Constrained:
     Tecnw = 30460.5
       Tnw = 9606.84
       Tec = 633.015
     twoNb = 650189
     twoNc = 107125
     twoNw = 363129
    twoNec = 206343
    twoNnw = 97500.6
  twoNecnw = 33220.4
  twoNbecnw = 48630.6
        m2 = 3.21262e-05
        m4 = 0.0168218
        m6 = 5.17838e-05
        Tb = 15546.8
        Td = 316.507
        Tf = 158.254
DiffEv reached_goal. cost=3.25663e-03 spread=2.98864e-06
Fitted parameter values
Free:
       pc1 = -3.96586
       pc2 = -1.80618
       pc3 = 1.59547
       pc4 = -1.9871
       pc5 = -0.165732
       pc6 = -1.80349
       pc7 = -0.299274
       pc8 = -1.84001
       pc9 = -1.72325
      pc10 = 1.39232
      pc11 = 0.705032
      pc12 = -0.163706
      pc13 = -0.298763
Constrained:
     Tecnw = 30700.1
       Tnw = 6171.34
       Tec = 1.45178
     twoNb = 1.42003e+06
     twoNc = 13594.2
     twoNw = 124567
    twoNec = 208631
    twoNnw = 126316
  twoNecnw = 32738.8
  twoNbecnw = 49072.8
        m2 = 4.60294e-05
        m4 = 0.0220204
        m6 = 0.000172554
        Tb = 15350.8
        Td = 0.725888
        Tf = 0.362944
#       SitePat  BranchLen
              b 116778.8006560
              e 43766.0761464
              c 44823.7068954
              n 42663.8867467
              w 42663.5246715
            b:e 1215.9899331
            b:c 1561.7277639
            b:n 1126.0077585
            b:w 1125.9933305
            e:c 10722.7154480
            e:n 3971.5549130
            e:w 3971.4803038
            c:n 3811.1866496
            c:w 3811.5487247
            n:w 11553.8674494
          b:e:c 1256.2382704
          b:e:n 602.0381396
          b:e:w 602.0237115
          b:c:n 603.9881924
          b:c:w 604.0026204
          b:n:w 1253.4117491
          e:c:n 4974.4791432
          e:c:w 4974.5537524
          e:n:w 6242.1631698
          c:n:w 5406.0352726
        b:e:c:n 1127.9643842
        b:e:c:w 1127.9788123
        b:e:n:w 1469.5423614
        b:c:n:w 1218.6725597
        e:c:n:w 45649.5817539
