########################################
# legofit: estimate population history #
#       version 2.3.4-4-g53f8760       #
########################################

# Program was compiled: Sep 21 2021 14:36:42
# Program was run: Wed Sep 22 17:39:01 2021

# cmd: legofit -1 -d 0 -t 32 --ptsPerDim 3 --stateOut b1boot37.state --tol 3e-6 -S 5000 bdf2.lgo ../../chrX/boot_chrX/boot37.opf
# Stage nOptItr nSimReps
#     0    5000        0
# algorithm          : deterministic
# ignoring probs <=  : 0
# Branch length floor: 0
# DE strategy        : 2
#    F               : 0.3
#    CR              : 0.8
#    tolerance       : 3e-06
# nthreads           : 32
# lgo input file     : bdf2.lgo
# site pat input file: ../../chrX/boot_chrX/boot37.opf
# free parameters    : 13
# points in DE swarm : 39
# output state file  : b1boot37.state
# Including singleton site patterns.
# cost function      : KL
Initial parameter values
Fixed:
      zero = 0
       one = 1
    Tbecnw = 75200
Free:
       pc1 = 0
       pc2 = 0
       pc3 = 0
       pc4 = 0
       pc5 = 0
       pc6 = 0
       pc7 = 0
       pc8 = 0
       pc9 = 0
      pc10 = 0
      pc11 = 0
      pc12 = 0
      pc13 = 0
Constrained:
     Tecnw = 30460.5
       Tnw = 9606.84
       Tec = 633.015
     twoNb = 650189
     twoNc = 107125
     twoNw = 363129
    twoNec = 206343
    twoNnw = 97500.6
  twoNecnw = 33220.4
  twoNbecnw = 48630.6
        m2 = 3.21262e-05
        m4 = 0.0168218
        m6 = 5.17838e-05
        Tb = 15546.8
        Td = 316.507
        Tf = 158.254
DiffEv reached_goal. cost=3.13855e-03 spread=2.70890e-06
Fitted parameter values
Free:
       pc1 = -3.98817
       pc2 = -1.91568
       pc3 = 1.10132
       pc4 = -1.91563
       pc5 = 0.719149
       pc6 = -0.322885
       pc7 = 0.315322
       pc8 = -1.16654
       pc9 = -1.79428
      pc10 = 1.04943
      pc11 = 0.15352
      pc12 = -0.166605
      pc13 = -0.311413
Constrained:
     Tecnw = 30965
       Tnw = 6822.8
       Tec = 45.2181
     twoNb = 1.32031e+06
     twoNc = 195140
     twoNw = 216742
    twoNec = 209980
    twoNnw = 123325
  twoNecnw = 32905.1
  twoNbecnw = 49747.1
        m2 = 5.14205e-05
        m4 = 0.0216581
        m6 = 0.000151901
        Tb = 15505.1
        Td = 22.6091
        Tf = 11.3045
#       SitePat  BranchLen
              b 117245.2190240
              e 44116.8777860
              c 45150.3803556
              n 43018.8078869
              w 43018.6036672
            b:e 1252.0360151
            b:c 1600.4609724
            b:n 1156.9198730
            b:w 1156.9115204
            e:c 10818.1928684
            e:n 3993.9509227
            e:w 3993.9086042
            c:n 3835.7550262
            c:w 3835.9592460
            n:w 11626.4232526
          b:e:c 1294.7032378
          b:e:n 618.2808623
          b:e:w 618.2725097
          b:c:n 620.4026505
          b:c:w 620.4110031
          b:n:w 1291.6275599
          e:c:n 5010.8870982
          e:c:w 5010.9294167
          e:n:w 6281.5617982
          c:n:w 5459.1039458
        b:e:c:n 1159.0497412
        b:e:c:w 1159.0580938
        b:e:n:w 1502.5230382
        b:c:n:w 1254.9383368
        e:c:n:w 45720.5824456
