########################################
# legofit: estimate population history #
#       version 2.3.4-4-g53f8760       #
########################################

# Program was compiled: Sep 21 2021 14:36:42
# Program was run: Wed Sep 22 17:38:44 2021

# cmd: legofit -1 -d 0 -t 32 --ptsPerDim 3 --stateOut b1boot20.state --tol 3e-6 -S 5000 bdf2.lgo ../../chrX/boot_chrX/boot20.opf
# Stage nOptItr nSimReps
#     0    5000        0
# algorithm          : deterministic
# ignoring probs <=  : 0
# Branch length floor: 0
# DE strategy        : 2
#    F               : 0.3
#    CR              : 0.8
#    tolerance       : 3e-06
# nthreads           : 32
# lgo input file     : bdf2.lgo
# site pat input file: ../../chrX/boot_chrX/boot20.opf
# free parameters    : 13
# points in DE swarm : 39
# output state file  : b1boot20.state
# Including singleton site patterns.
# cost function      : KL
Initial parameter values
Fixed:
      zero = 0
       one = 1
    Tbecnw = 75200
Free:
       pc1 = 0
       pc2 = 0
       pc3 = 0
       pc4 = 0
       pc5 = 0
       pc6 = 0
       pc7 = 0
       pc8 = 0
       pc9 = 0
      pc10 = 0
      pc11 = 0
      pc12 = 0
      pc13 = 0
Constrained:
     Tecnw = 30460.5
       Tnw = 9606.84
       Tec = 633.015
     twoNb = 650189
     twoNc = 107125
     twoNw = 363129
    twoNec = 206343
    twoNnw = 97500.6
  twoNecnw = 33220.4
  twoNbecnw = 48630.6
        m2 = 3.21262e-05
        m4 = 0.0168218
        m6 = 5.17838e-05
        Tb = 15546.8
        Td = 316.507
        Tf = 158.254
DiffEv reached_goal. cost=3.36449e-03 spread=1.88782e-06
Fitted parameter values
Free:
       pc1 = -3.94472
       pc2 = -1.93456
       pc3 = 2.18577
       pc4 = -1.65978
       pc5 = 0.22423
       pc6 = -1.02871
       pc7 = -1.37103
       pc8 = -1.61021
       pc9 = -1.74874
      pc10 = 1.5466
      pc11 = 0.195711
      pc12 = -0.573398
      pc13 = 0.0981247
Constrained:
     Tecnw = 30899.8
       Tnw = 6134.26
       Tec = 12.3667
     twoNb = 1.49008e+06
     twoNc = 11359.9
     twoNw = 402843
    twoNec = 216008
    twoNnw = 119463
  twoNecnw = 32681.3
  twoNbecnw = 49086.1
        m2 = 4.14385e-05
        m4 = 0.0217062
        m6 = 0.000134987
        Tb = 15456.1
        Td = 6.18335
        Tf = 3.09167
#       SitePat  BranchLen
              b 116782.1156596
              e 44097.8887237
              c 45138.9113898
              n 42478.6100246
              w 42478.5219608
            b:e 1233.7138694
            b:c 1570.7611987
            b:n 1113.5038159
            b:w 1113.5003207
            e:c 10675.7174648
            e:n 3929.4199182
            e:w 3929.4019345
            c:n 3773.8106897
            c:w 3773.8987536
            n:w 11867.3605884
          b:e:c 1270.9569103
          b:e:n 598.9351161
          b:e:w 598.9316208
          b:c:n 600.7624632
          b:c:w 600.7659585
          b:n:w 1268.2655719
          e:c:n 4890.8077798
          e:c:w 4890.8257635
          e:n:w 6297.0073233
          c:n:w 5474.1814988
        b:e:c:n 1115.3367468
        b:e:c:w 1115.3402420
        b:e:n:w 1484.0753228
        b:c:n:w 1236.2818763
        e:c:n:w 45574.8879571
