########################################
# legofit: estimate population history #
#       version 2.3.4-4-g53f8760       #
########################################

# Program was compiled: Sep 21 2021 14:36:42
# Program was run: Wed Sep 22 17:38:48 2021

# cmd: legofit -1 -d 0 -t 32 --ptsPerDim 3 --stateOut b1boot30.state --tol 3e-6 -S 5000 bdf2.lgo ../../chrX/boot_chrX/boot30.opf
# Stage nOptItr nSimReps
#     0    5000        0
# algorithm          : deterministic
# ignoring probs <=  : 0
# Branch length floor: 0
# DE strategy        : 2
#    F               : 0.3
#    CR              : 0.8
#    tolerance       : 3e-06
# nthreads           : 32
# lgo input file     : bdf2.lgo
# site pat input file: ../../chrX/boot_chrX/boot30.opf
# free parameters    : 13
# points in DE swarm : 39
# output state file  : b1boot30.state
# Including singleton site patterns.
# cost function      : KL
Initial parameter values
Fixed:
      zero = 0
       one = 1
    Tbecnw = 75200
Free:
       pc1 = 0
       pc2 = 0
       pc3 = 0
       pc4 = 0
       pc5 = 0
       pc6 = 0
       pc7 = 0
       pc8 = 0
       pc9 = 0
      pc10 = 0
      pc11 = 0
      pc12 = 0
      pc13 = 0
Constrained:
     Tecnw = 30460.5
       Tnw = 9606.84
       Tec = 633.015
     twoNb = 650189
     twoNc = 107125
     twoNw = 363129
    twoNec = 206343
    twoNnw = 97500.6
  twoNecnw = 33220.4
  twoNbecnw = 48630.6
        m2 = 3.21262e-05
        m4 = 0.0168218
        m6 = 5.17838e-05
        Tb = 15546.8
        Td = 316.507
        Tf = 158.254
DiffEv reached_goal. cost=3.32747e-03 spread=2.74557e-06
Fitted parameter values
Free:
       pc1 = -3.74337
       pc2 = -1.98952
       pc3 = 1.29833
       pc4 = -0.523595
       pc5 = -0.845548
       pc6 = -1.84468
       pc7 = -1.46345
       pc8 = -0.0812175
       pc9 = -1.46665
      pc10 = 1.40944
      pc11 = 0.693788
      pc12 = 0.258209
      pc13 = -0.0546343
Constrained:
     Tecnw = 30665
       Tnw = 5179.25
       Tec = 2.63057
     twoNb = 1.2551e+06
     twoNc = 5951.89
     twoNw = 347888
    twoNec = 202335
    twoNnw = 125105
  twoNecnw = 32137.6
  twoNbecnw = 48466.9
        m2 = 7.17699e-05
        m4 = 0.0198574
        m6 = 9.94396e-05
        Tb = 15333.8
        Td = 1.31529
        Tf = 0.657643
#       SitePat  BranchLen
              b 116486.7203869
              e 43361.5354967
              c 44308.2600706
              n 42063.9991898
              w 42063.9357428
            b:e 1170.2193448
            b:c 1489.9171995
            b:n 1075.6713509
            b:w 1075.6689293
            e:c 10766.9029503
            e:n 3844.0720179
            e:w 3844.0592049
            c:n 3702.0687229
            c:w 3702.1321700
            n:w 11739.0553943
          b:e:c 1223.7823694
          b:e:n 570.5633651
          b:e:w 570.5609436
          b:c:n 572.4639289
          b:c:w 572.4663504
          b:n:w 1220.9845506
          e:c:n 4876.5498602
          e:c:w 4876.5626732
          e:n:w 6106.8024510
          c:n:w 5344.1999004
        b:e:c:n 1077.5829339
        b:e:c:w 1077.5853555
        b:e:n:w 1396.4608193
        b:c:n:w 1172.7653005
        e:c:n:w 45990.1733428
