########################################
# legofit: estimate population history #
#       version 2.3.4-4-g53f8760       #
########################################

# Program was compiled: Sep 21 2021 14:36:42
# Program was run: Wed Sep 22 17:38:44 2021

# cmd: legofit -1 -d 0 -t 32 --ptsPerDim 3 --stateOut b1boot19.state --tol 3e-6 -S 5000 bdf2.lgo ../../chrX/boot_chrX/boot19.opf
# Stage nOptItr nSimReps
#     0    5000        0
# algorithm          : deterministic
# ignoring probs <=  : 0
# Branch length floor: 0
# DE strategy        : 2
#    F               : 0.3
#    CR              : 0.8
#    tolerance       : 3e-06
# nthreads           : 32
# lgo input file     : bdf2.lgo
# site pat input file: ../../chrX/boot_chrX/boot19.opf
# free parameters    : 13
# points in DE swarm : 39
# output state file  : b1boot19.state
# Including singleton site patterns.
# cost function      : KL
Initial parameter values
Fixed:
      zero = 0
       one = 1
    Tbecnw = 75200
Free:
       pc1 = 0
       pc2 = 0
       pc3 = 0
       pc4 = 0
       pc5 = 0
       pc6 = 0
       pc7 = 0
       pc8 = 0
       pc9 = 0
      pc10 = 0
      pc11 = 0
      pc12 = 0
      pc13 = 0
Constrained:
     Tecnw = 30460.5
       Tnw = 9606.84
       Tec = 633.015
     twoNb = 650189
     twoNc = 107125
     twoNw = 363129
    twoNec = 206343
    twoNnw = 97500.6
  twoNecnw = 33220.4
  twoNbecnw = 48630.6
        m2 = 3.21262e-05
        m4 = 0.0168218
        m6 = 5.17838e-05
        Tb = 15546.8
        Td = 316.507
        Tf = 158.254
DiffEv reached_goal. cost=3.38468e-03 spread=2.82498e-06
Fitted parameter values
Free:
       pc1 = -3.90653
       pc2 = -1.94136
       pc3 = 0.966894
       pc4 = -1.95861
       pc5 = -0.651445
       pc6 = -1.65656
       pc7 = -1.18531
       pc8 = -0.601289
       pc9 = -1.608
      pc10 = 1.14095
      pc11 = -0.530228
      pc12 = 0.0194298
      pc13 = 0.194281
Constrained:
     Tecnw = 31154.6
       Tnw = 5943.08
       Tec = 53.045
     twoNb = 1.31353e+06
     twoNc = 4339.69
     twoNw = 261449
    twoNec = 200636
    twoNnw = 116066
  twoNecnw = 32532.5
  twoNbecnw = 48671.2
        m2 = 8.9237e-05
        m4 = 0.0213085
        m6 = 0.000137521
        Tb = 15603.8
        Td = 26.5225
        Tf = 13.2613
#       SitePat  BranchLen
              b 116439.6710408
              e 43954.7435792
              c 44957.4843789
              n 42415.2702760
              w 42415.1372945
            b:e 1217.2429296
            b:c 1554.9164082
            b:n 1101.8046830
            b:w 1101.7994842
            e:c 11033.9387952
            e:n 3822.5375683
            e:w 3822.5107990
            c:n 3671.9802472
            c:w 3672.1132287
            n:w 12167.1703691
          b:e:c 1287.8241126
          b:e:n 581.9666262
          b:e:w 581.9614274
          b:c:n 583.9590726
          b:c:w 583.9642714
          b:n:w 1284.8144807
          e:c:n 4857.6228205
          e:c:w 4857.6495898
          e:n:w 6219.1607926
          c:n:w 5414.7333687
        b:e:c:n 1103.8104750
        b:e:c:w 1103.8156738
        b:e:n:w 1458.9816627
        b:c:n:w 1219.9544093
        e:c:n:w 45302.7199055
