########################################
# legofit: estimate population history #
#       version 2.3.4-4-g53f8760       #
########################################

# Program was compiled: Sep 21 2021 14:36:42
# Program was run: Wed Sep 22 17:38:44 2021

# cmd: legofit -1 -d 0 -t 32 --ptsPerDim 3 --stateOut b1boot24.state --tol 3e-6 -S 5000 bdf2.lgo ../../chrX/boot_chrX/boot24.opf
# Stage nOptItr nSimReps
#     0    5000        0
# algorithm          : deterministic
# ignoring probs <=  : 0
# Branch length floor: 0
# DE strategy        : 2
#    F               : 0.3
#    CR              : 0.8
#    tolerance       : 3e-06
# nthreads           : 32
# lgo input file     : bdf2.lgo
# site pat input file: ../../chrX/boot_chrX/boot24.opf
# free parameters    : 13
# points in DE swarm : 39
# output state file  : b1boot24.state
# Including singleton site patterns.
# cost function      : KL
Initial parameter values
Fixed:
      zero = 0
       one = 1
    Tbecnw = 75200
Free:
       pc1 = 0
       pc2 = 0
       pc3 = 0
       pc4 = 0
       pc5 = 0
       pc6 = 0
       pc7 = 0
       pc8 = 0
       pc9 = 0
      pc10 = 0
      pc11 = 0
      pc12 = 0
      pc13 = 0
Constrained:
     Tecnw = 30460.5
       Tnw = 9606.84
       Tec = 633.015
     twoNb = 650189
     twoNc = 107125
     twoNw = 363129
    twoNec = 206343
    twoNnw = 97500.6
  twoNecnw = 33220.4
  twoNbecnw = 48630.6
        m2 = 3.21262e-05
        m4 = 0.0168218
        m6 = 5.17838e-05
        Tb = 15546.8
        Td = 316.507
        Tf = 158.254
DiffEv reached_goal. cost=3.43462e-03 spread=2.22486e-06
Fitted parameter values
Free:
       pc1 = -3.97266
       pc2 = -1.9472
       pc3 = 1.94457
       pc4 = -1.9867
       pc5 = 1.25059
       pc6 = -1.56942
       pc7 = -0.772614
       pc8 = -1.94515
       pc9 = -1.75293
      pc10 = 1.61589
      pc11 = -0.10416
      pc12 = -0.273477
      pc13 = -0.199679
Constrained:
     Tecnw = 30959.4
       Tnw = 6468.32
       Tec = 32.5139
     twoNb = 1.47386e+06
     twoNc = 40004.4
     twoNw = 402555
    twoNec = 209265
    twoNnw = 123073
  twoNecnw = 32844.2
  twoNbecnw = 49392.8
        m2 = 2.00039e-05
        m4 = 0.0219729
        m6 = 0.000206359
        Tb = 15495.9
        Td = 16.257
        Tf = 8.12849
#       SitePat  BranchLen
              b 116973.3001184
              e 44067.2206532
              c 45120.3603910
              n 42863.1593000
              w 42863.0165883
            b:e 1240.8849962
            b:c 1583.8361379
            b:n 1142.2566680
            b:w 1142.2509048
            e:c 10817.4644252
            e:n 3966.3282638
            e:w 3966.2988888
            c:n 3807.1728625
            c:w 3807.3155742
            n:w 11711.5640364
          b:e:c 1286.2046055
          b:e:n 610.1176753
          b:e:w 610.1119121
          b:c:n 612.0284990
          b:c:w 612.0342622
          b:n:w 1283.4355793
          e:c:n 4975.2844474
          e:c:w 4975.3138224
          e:n:w 6274.8471805
          c:n:w 5444.4646820
        b:e:c:n 1144.1702780
        b:e:c:w 1144.1760412
        b:e:n:w 1494.9965563
        b:c:n:w 1243.5937174
        e:c:n:w 45549.9782057
