########################################
# legofit: estimate population history #
#       version 2.3.4-4-g53f8760       #
########################################

# Program was compiled: Sep 21 2021 14:36:42
# Program was run: Wed Sep 22 17:38:30 2021

# cmd: legofit -1 -d 0 -t 32 --ptsPerDim 3 --stateOut b1boot8.state --tol 3e-6 -S 5000 bdf2.lgo ../../chrX/boot_chrX/boot8.opf
# Stage nOptItr nSimReps
#     0    5000        0
# algorithm          : deterministic
# ignoring probs <=  : 0
# Branch length floor: 0
# DE strategy        : 2
#    F               : 0.3
#    CR              : 0.8
#    tolerance       : 3e-06
# nthreads           : 32
# lgo input file     : bdf2.lgo
# site pat input file: ../../chrX/boot_chrX/boot8.opf
# free parameters    : 13
# points in DE swarm : 39
# output state file  : b1boot8.state
# Including singleton site patterns.
# cost function      : KL
Initial parameter values
Fixed:
      zero = 0
       one = 1
    Tbecnw = 75200
Free:
       pc1 = 0
       pc2 = 0
       pc3 = 0
       pc4 = 0
       pc5 = 0
       pc6 = 0
       pc7 = 0
       pc8 = 0
       pc9 = 0
      pc10 = 0
      pc11 = 0
      pc12 = 0
      pc13 = 0
Constrained:
     Tecnw = 30460.5
       Tnw = 9606.84
       Tec = 633.015
     twoNb = 650189
     twoNc = 107125
     twoNw = 363129
    twoNec = 206343
    twoNnw = 97500.6
  twoNecnw = 33220.4
  twoNbecnw = 48630.6
        m2 = 3.21262e-05
        m4 = 0.0168218
        m6 = 5.17838e-05
        Tb = 15546.8
        Td = 316.507
        Tf = 158.254
DiffEv reached_goal. cost=3.33266e-03 spread=2.76172e-06
Fitted parameter values
Free:
       pc1 = -3.99521
       pc2 = -1.91307
       pc3 = 0.63229
       pc4 = -1.94506
       pc5 = 0.186983
       pc6 = 1.17238
       pc7 = -1.14237
       pc8 = -1.95644
       pc9 = -1.45
      pc10 = 0.406256
      pc11 = 0.392376
      pc12 = 0.37038
      pc13 = 0.00565912
Constrained:
     Tecnw = 31043.9
       Tnw = 6630.53
       Tec = 14.3624
     twoNb = 1.30459e+06
     twoNc = 95653
     twoNw = 293949
    twoNec = 209072
    twoNnw = 117529
  twoNecnw = 33047.3
  twoNbecnw = 50666
        m2 = 5.63504e-05
        m4 = 0.0233557
        m6 = 3.09692e-05
        Tb = 15529.1
        Td = 7.18121
        Tf = 3.59061
#       SitePat  BranchLen
              b 117948.7612583
              e 44324.2157056
              c 45443.8177119
              n 42882.0242534
              w 42881.9942972
            b:e 1291.6206164
            b:c 1673.8032744
            b:n 1174.0067629
            b:w 1174.0055179
            e:c 10977.4540673
            e:n 3983.8827420
            e:w 3983.8765398
            c:n 3813.9231232
            c:w 3813.9530794
            n:w 12042.4646873
          b:e:c 1345.2149916
          b:e:n 626.9437639
          b:e:w 626.9425190
          b:c:n 629.3012505
          b:c:w 629.3024954
          b:n:w 1341.7393800
          e:c:n 4999.9010646
          e:c:w 4999.9072668
          e:n:w 6442.8838632
          c:n:w 5547.2449014
        b:e:c:n 1176.3733359
        b:e:c:w 1176.3745808
        b:e:n:w 1565.8820149
        b:c:n:w 1294.9019286
        e:c:n:w 46153.7006187
