########################################
# legofit: estimate population history #
#       version 2.3.4-4-g53f8760       #
########################################

# Program was compiled: Sep 21 2021 14:36:42
# Program was run: Wed Sep 22 17:38:37 2021

# cmd: legofit -1 -d 0 -t 32 --ptsPerDim 3 --stateOut b1boot16.state --tol 3e-6 -S 5000 bdf2.lgo ../../chrX/boot_chrX/boot16.opf
# Stage nOptItr nSimReps
#     0    5000        0
# algorithm          : deterministic
# ignoring probs <=  : 0
# Branch length floor: 0
# DE strategy        : 2
#    F               : 0.3
#    CR              : 0.8
#    tolerance       : 3e-06
# nthreads           : 32
# lgo input file     : bdf2.lgo
# site pat input file: ../../chrX/boot_chrX/boot16.opf
# free parameters    : 13
# points in DE swarm : 39
# output state file  : b1boot16.state
# Including singleton site patterns.
# cost function      : KL
Initial parameter values
Fixed:
      zero = 0
       one = 1
    Tbecnw = 75200
Free:
       pc1 = 0
       pc2 = 0
       pc3 = 0
       pc4 = 0
       pc5 = 0
       pc6 = 0
       pc7 = 0
       pc8 = 0
       pc9 = 0
      pc10 = 0
      pc11 = 0
      pc12 = 0
      pc13 = 0
Constrained:
     Tecnw = 30460.5
       Tnw = 9606.84
       Tec = 633.015
     twoNb = 650189
     twoNc = 107125
     twoNw = 363129
    twoNec = 206343
    twoNnw = 97500.6
  twoNecnw = 33220.4
  twoNbecnw = 48630.6
        m2 = 3.21262e-05
        m4 = 0.0168218
        m6 = 5.17838e-05
        Tb = 15546.8
        Td = 316.507
        Tf = 158.254
DiffEv reached_goal. cost=3.38031e-03 spread=2.79830e-06
Fitted parameter values
Free:
       pc1 = -3.97271
       pc2 = -1.94394
       pc3 = 1.04334
       pc4 = -1.62418
       pc5 = -1.00419
       pc6 = -0.24509
       pc7 = -1.41577
       pc8 = -1.72076
       pc9 = -1.75995
      pc10 = 0.457298
      pc11 = -0.445191
      pc12 = -0.292023
      pc13 = 0.0949068
Constrained:
     Tecnw = 31231.3
       Tnw = 7030.98
       Tec = 6.5394
     twoNb = 1.34952e+06
     twoNc = 5833.75
     twoNw = 198143
    twoNec = 209558
    twoNnw = 113694
  twoNecnw = 32666.9
  twoNbecnw = 49208.2
        m2 = 5.96643e-05
        m4 = 0.0230188
        m6 = 5.05276e-05
        Tb = 15618.9
        Td = 3.2697
        Tf = 1.63485
#       SitePat  BranchLen
              b 116802.4895204
              e 44272.3416351
              c 45362.1929359
              n 42757.7313068
              w 42757.6555964
            b:e 1244.6917048
            b:c 1610.0182593
            b:n 1123.7734228
            b:w 1123.7703842
            e:c 10888.2893205
            e:n 3892.5059918
            e:w 3892.4905361
            c:n 3728.2186428
            c:w 3728.2943533
            n:w 11990.8872145
          b:e:c 1300.1804993
          b:e:n 599.5005386
          b:e:w 599.4975000
          b:c:n 601.6498496
          b:c:w 601.6528882
          b:n:w 1296.9793696
          e:c:n 4883.6079739
          e:c:w 4883.6234296
          e:n:w 6330.2007989
          c:n:w 5460.1118917
        b:e:c:n 1125.9316262
        b:e:c:w 1125.9346648
        b:e:n:w 1508.6077080
        b:c:n:w 1247.6975925
        e:c:n:w 45364.9716006
