########################################
# legofit: estimate population history #
#       version 2.3.4-4-g53f8760       #
########################################

# Program was compiled: Sep 21 2021 14:36:42
# Program was run: Wed Sep 22 17:38:38 2021

# cmd: legofit -1 -d 0 -t 32 --ptsPerDim 3 --stateOut b1boot17.state --tol 3e-6 -S 5000 bdf2.lgo ../../chrX/boot_chrX/boot17.opf
# Stage nOptItr nSimReps
#     0    5000        0
# algorithm          : deterministic
# ignoring probs <=  : 0
# Branch length floor: 0
# DE strategy        : 2
#    F               : 0.3
#    CR              : 0.8
#    tolerance       : 3e-06
# nthreads           : 32
# lgo input file     : bdf2.lgo
# site pat input file: ../../chrX/boot_chrX/boot17.opf
# free parameters    : 13
# points in DE swarm : 39
# output state file  : b1boot17.state
# Including singleton site patterns.
# cost function      : KL
Initial parameter values
Fixed:
      zero = 0
       one = 1
    Tbecnw = 75200
Free:
       pc1 = 0
       pc2 = 0
       pc3 = 0
       pc4 = 0
       pc5 = 0
       pc6 = 0
       pc7 = 0
       pc8 = 0
       pc9 = 0
      pc10 = 0
      pc11 = 0
      pc12 = 0
      pc13 = 0
Constrained:
     Tecnw = 30460.5
       Tnw = 9606.84
       Tec = 633.015
     twoNb = 650189
     twoNc = 107125
     twoNw = 363129
    twoNec = 206343
    twoNnw = 97500.6
  twoNecnw = 33220.4
  twoNbecnw = 48630.6
        m2 = 3.21262e-05
        m4 = 0.0168218
        m6 = 5.17838e-05
        Tb = 15546.8
        Td = 316.507
        Tf = 158.254
DiffEv reached_goal. cost=3.37638e-03 spread=2.94881e-06
Fitted parameter values
Free:
       pc1 = -3.83855
       pc2 = -1.97671
       pc3 = 0.758367
       pc4 = -1.31546
       pc5 = -0.950065
       pc6 = -1.83928
       pc7 = -0.957344
       pc8 = -0.798385
       pc9 = -1.94494
      pc10 = 1.64983
      pc11 = -0.225957
      pc12 = 0.0840704
      pc13 = -0.158489
Constrained:
     Tecnw = 31022.2
       Tnw = 6148.94
       Tec = 9.01423
     twoNb = 1.35023e+06
     twoNc = 9531.38
     twoNw = 164932
    twoNec = 197442
    twoNnw = 121191
  twoNecnw = 32382.7
  twoNbecnw = 48602.2
        m2 = 6.85578e-05
        m4 = 0.0198246
        m6 = 0.000124896
        Tb = 15515.6
        Td = 4.50711
        Tf = 2.25356
#       SitePat  BranchLen
              b 116468.4145796
              e 43646.6966975
              c 44587.3702500
              n 42558.3338513
              w 42558.1364672
            b:e 1193.4557570
            b:c 1506.1160799
            b:n 1103.6768608
            b:w 1103.6691570
            e:c 11009.7446978
            e:n 3840.9275124
            e:w 3840.8875063
            c:n 3699.3501672
            c:w 3699.5475513
            n:w 11806.2866226
          b:e:c 1261.9299201
          b:e:n 580.6329913
          b:e:w 580.6252875
          b:c:n 582.4356320
          b:c:w 582.4433358
          b:n:w 1259.2629472
          e:c:n 4915.1689572
          e:c:w 4915.2089634
          e:n:w 6099.4826012
          c:n:w 5348.8004215
        b:e:c:n 1105.4894984
        b:e:c:w 1105.4972022
        b:e:n:w 1419.2546137
        b:c:n:w 1195.8995291
        e:c:n:w 45533.8011856
