########################################
# legofit: estimate population history #
#       version 2.3.4-4-g53f8760       #
########################################

# Program was compiled: Sep 21 2021 14:36:42
# Program was run: Wed Sep 22 17:38:48 2021

# cmd: legofit -1 -d 0 -t 32 --ptsPerDim 3 --stateOut b1boot26.state --tol 3e-6 -S 5000 bdf2.lgo ../../chrX/boot_chrX/boot26.opf
# Stage nOptItr nSimReps
#     0    5000        0
# algorithm          : deterministic
# ignoring probs <=  : 0
# Branch length floor: 0
# DE strategy        : 2
#    F               : 0.3
#    CR              : 0.8
#    tolerance       : 3e-06
# nthreads           : 32
# lgo input file     : bdf2.lgo
# site pat input file: ../../chrX/boot_chrX/boot26.opf
# free parameters    : 13
# points in DE swarm : 39
# output state file  : b1boot26.state
# Including singleton site patterns.
# cost function      : KL
Initial parameter values
Fixed:
      zero = 0
       one = 1
    Tbecnw = 75200
Free:
       pc1 = 0
       pc2 = 0
       pc3 = 0
       pc4 = 0
       pc5 = 0
       pc6 = 0
       pc7 = 0
       pc8 = 0
       pc9 = 0
      pc10 = 0
      pc11 = 0
      pc12 = 0
      pc13 = 0
Constrained:
     Tecnw = 30460.5
       Tnw = 9606.84
       Tec = 633.015
     twoNb = 650189
     twoNc = 107125
     twoNw = 363129
    twoNec = 206343
    twoNnw = 97500.6
  twoNecnw = 33220.4
  twoNbecnw = 48630.6
        m2 = 3.21262e-05
        m4 = 0.0168218
        m6 = 5.17838e-05
        Tb = 15546.8
        Td = 316.507
        Tf = 158.254
DiffEv reached_goal. cost=3.27440e-03 spread=2.82768e-06
Fitted parameter values
Free:
       pc1 = -3.4763
       pc2 = -1.88349
       pc3 = 1.37997
       pc4 = -1.92579
       pc5 = 0.807749
       pc6 = 1.40485
       pc7 = -0.854475
       pc8 = -1.82693
       pc9 = -1.11574
      pc10 = 1.77177
      pc11 = -0.146312
      pc12 = -0.47802
      pc13 = 0.00610599
Constrained:
     Tecnw = 31082.4
       Tnw = 6785.23
       Tec = 11.314
     twoNb = 1.43307e+06
     twoNc = 152864
     twoNw = 461383
    twoNec = 216001
    twoNnw = 117136
  twoNecnw = 33391.8
  twoNbecnw = 50045.5
        m2 = 4.00233e-05
        m4 = 0.0206013
        m6 = 5.75893e-05
        Tb = 15546.9
        Td = 5.65699
        Tf = 2.82849
#       SitePat  BranchLen
              b 117359.7514800
              e 44562.0670528
              c 45544.6699839
              n 43006.0479661
              w 43006.0114319
            b:e 1300.6407878
            b:c 1625.7035718
            b:n 1175.6169247
            b:w 1175.6154048
            e:c 10906.9873226
            e:n 4002.9704162
            e:w 4002.9628533
            c:n 3853.1249444
            c:w 3853.1614786
            n:w 12024.6162806
          b:e:c 1342.3037088
          b:e:n 631.0477575
          b:e:w 631.0462376
          b:c:n 632.9506684
          b:c:w 632.9521883
          b:n:w 1339.5037642
          e:c:n 4996.3745763
          e:c:w 4996.3821392
          e:n:w 6360.3314732
          c:n:w 5584.7408511
        b:e:c:n 1177.5257381
        b:e:c:w 1177.5272580
        b:e:n:w 1539.5530689
        b:c:n:w 1303.3159607
        e:c:n:w 45417.3341293
