########################################
# legofit: estimate population history #
#       version 2.3.4-4-g53f8760       #
########################################

# Program was compiled: Sep 21 2021 14:36:42
# Program was run: Wed Sep 22 17:38:55 2021

# cmd: legofit -1 -d 0 -t 32 --ptsPerDim 3 --stateOut b1boot36.state --tol 3e-6 -S 5000 bdf2.lgo ../../chrX/boot_chrX/boot36.opf
# Stage nOptItr nSimReps
#     0    5000        0
# algorithm          : deterministic
# ignoring probs <=  : 0
# Branch length floor: 0
# DE strategy        : 2
#    F               : 0.3
#    CR              : 0.8
#    tolerance       : 3e-06
# nthreads           : 32
# lgo input file     : bdf2.lgo
# site pat input file: ../../chrX/boot_chrX/boot36.opf
# free parameters    : 13
# points in DE swarm : 39
# output state file  : b1boot36.state
# Including singleton site patterns.
# cost function      : KL
Initial parameter values
Fixed:
      zero = 0
       one = 1
    Tbecnw = 75200
Free:
       pc1 = 0
       pc2 = 0
       pc3 = 0
       pc4 = 0
       pc5 = 0
       pc6 = 0
       pc7 = 0
       pc8 = 0
       pc9 = 0
      pc10 = 0
      pc11 = 0
      pc12 = 0
      pc13 = 0
Constrained:
     Tecnw = 30460.5
       Tnw = 9606.84
       Tec = 633.015
     twoNb = 650189
     twoNc = 107125
     twoNw = 363129
    twoNec = 206343
    twoNnw = 97500.6
  twoNecnw = 33220.4
  twoNbecnw = 48630.6
        m2 = 3.21262e-05
        m4 = 0.0168218
        m6 = 5.17838e-05
        Tb = 15546.8
        Td = 316.507
        Tf = 158.254
DiffEv reached_goal. cost=3.37435e-03 spread=2.78655e-06
Fitted parameter values
Free:
       pc1 = -3.55507
       pc2 = -1.96487
       pc3 = 2.35503
       pc4 = -1.25107
       pc5 = 0.834525
       pc6 = -1.52939
       pc7 = -1.58287
       pc8 = -1.18248
       pc9 = -1.94549
      pc10 = 1.49973
      pc11 = 0.319564
      pc12 = -0.191253
      pc13 = -0.12798
Constrained:
     Tecnw = 30733
       Tnw = 6702.67
       Tec = 0.485277
     twoNb = 1.43954e+06
     twoNc = 14993.8
     twoNw = 541479
    twoNec = 211588
    twoNnw = 119557
  twoNecnw = 32469.5
  twoNbecnw = 49113.7
        m2 = 3.20727e-05
        m4 = 0.0212218
        m6 = 0.000164677
        Tb = 15366.7
        Td = 0.242638
        Tf = 0.121319
#       SitePat  BranchLen
              b 116904.8182323
              e 43765.7687490
              c 44788.6385536
              n 42468.6345630
              w 42468.5476578
            b:e 1210.7234224
            b:c 1544.1246000
            b:n 1107.0264879
            b:w 1107.0230396
            e:c 10664.1542761
            e:n 3926.9713377
            e:w 3926.9534225
            c:n 3774.1342766
            c:w 3774.2211818
            n:w 11608.5200514
          b:e:c 1249.7362327
          b:e:n 593.2705713
          b:e:w 593.2671231
          b:c:n 595.1053224
          b:c:w 595.1087706
          b:n:w 1247.0659899
          e:c:n 4916.3441017
          e:c:w 4916.3620169
          e:n:w 6233.3525350
          c:n:w 5422.0530379
        b:e:c:n 1108.8656840
        b:e:c:w 1108.8691323
        b:e:n:w 1456.3732279
        b:c:n:w 1213.2946459
        e:c:n:w 45963.6606497
