########################################
# legofit: estimate population history #
#       version 2.3.4-4-g53f8760       #
########################################

# Program was compiled: Sep 21 2021 14:36:42
# Program was run: Wed Sep 22 17:38:30 2021

# cmd: legofit -1 -d 0 -t 32 --ptsPerDim 3 --stateOut b1boot10.state --tol 3e-6 -S 5000 bdf2.lgo ../../chrX/boot_chrX/boot10.opf
# Stage nOptItr nSimReps
#     0    5000        0
# algorithm          : deterministic
# ignoring probs <=  : 0
# Branch length floor: 0
# DE strategy        : 2
#    F               : 0.3
#    CR              : 0.8
#    tolerance       : 3e-06
# nthreads           : 32
# lgo input file     : bdf2.lgo
# site pat input file: ../../chrX/boot_chrX/boot10.opf
# free parameters    : 13
# points in DE swarm : 39
# output state file  : b1boot10.state
# Including singleton site patterns.
# cost function      : KL
Initial parameter values
Fixed:
      zero = 0
       one = 1
    Tbecnw = 75200
Free:
       pc1 = 0
       pc2 = 0
       pc3 = 0
       pc4 = 0
       pc5 = 0
       pc6 = 0
       pc7 = 0
       pc8 = 0
       pc9 = 0
      pc10 = 0
      pc11 = 0
      pc12 = 0
      pc13 = 0
Constrained:
     Tecnw = 30460.5
       Tnw = 9606.84
       Tec = 633.015
     twoNb = 650189
     twoNc = 107125
     twoNw = 363129
    twoNec = 206343
    twoNnw = 97500.6
  twoNecnw = 33220.4
  twoNbecnw = 48630.6
        m2 = 3.21262e-05
        m4 = 0.0168218
        m6 = 5.17838e-05
        Tb = 15546.8
        Td = 316.507
        Tf = 158.254
DiffEv reached_goal. cost=3.10894e-03 spread=2.21739e-06
Fitted parameter values
Free:
       pc1 = -3.97217
       pc2 = -1.99807
       pc3 = 0.509255
       pc4 = -1.49225
       pc5 = -0.24371
       pc6 = 0.222179
       pc7 = -0.709756
       pc8 = -1.98949
       pc9 = -0.960901
      pc10 = 1.6594
      pc11 = 0.588563
      pc12 = 0.232077
      pc13 = -0.332319
Constrained:
     Tecnw = 30896.6
       Tnw = 5577.84
       Tec = 37.8425
     twoNb = 1.35351e+06
     twoNc = 69724.8
     twoNw = 206332
    twoNec = 203371
    twoNnw = 129470
  twoNecnw = 33078.3
  twoNbecnw = 49847.4
        m2 = 4.19008e-05
        m4 = 0.0208718
        m6 = 5.03215e-05
        Tb = 15467.2
        Td = 18.9212
        Tf = 9.46062
#       SitePat  BranchLen
              b 117313.8401098
              e 43987.3573907
              c 44986.8136717
              n 42930.3880393
              w 42930.3291017
            b:e 1255.0389079
            b:c 1589.1435637
            b:n 1168.2689257
            b:w 1168.2665271
            e:c 10987.0308008
            e:n 3990.9937208
            e:w 3990.9816050
            c:n 3837.7680475
            c:w 3837.8269851
            n:w 11791.4765944
          b:e:c 1309.0439340
          b:e:n 619.8640572
          b:e:w 619.8616586
          b:c:n 621.8802887
          b:c:w 621.8826872
          b:n:w 1306.1336587
          e:c:n 5051.4701855
          e:c:w 5051.4823014
          e:n:w 6249.4303205
          c:n:w 5457.3640122
        b:e:c:n 1170.2916337
        b:e:c:w 1170.2940323
        b:e:n:w 1496.9626596
        b:c:n:w 1257.8110643
        e:c:n:w 45738.4805005
