########################################
# legofit: estimate population history #
#       version 2.3.4-4-g53f8760       #
########################################

# Program was compiled: Sep 21 2021 14:36:42
# Program was run: Wed Sep 22 17:38:30 2021

# cmd: legofit -1 -d 0 -t 32 --ptsPerDim 3 --stateOut b1boot12.state --tol 3e-6 -S 5000 bdf2.lgo ../../chrX/boot_chrX/boot12.opf
# Stage nOptItr nSimReps
#     0    5000        0
# algorithm          : deterministic
# ignoring probs <=  : 0
# Branch length floor: 0
# DE strategy        : 2
#    F               : 0.3
#    CR              : 0.8
#    tolerance       : 3e-06
# nthreads           : 32
# lgo input file     : bdf2.lgo
# site pat input file: ../../chrX/boot_chrX/boot12.opf
# free parameters    : 13
# points in DE swarm : 39
# output state file  : b1boot12.state
# Including singleton site patterns.
# cost function      : KL
Initial parameter values
Fixed:
      zero = 0
       one = 1
    Tbecnw = 75200
Free:
       pc1 = 0
       pc2 = 0
       pc3 = 0
       pc4 = 0
       pc5 = 0
       pc6 = 0
       pc7 = 0
       pc8 = 0
       pc9 = 0
      pc10 = 0
      pc11 = 0
      pc12 = 0
      pc13 = 0
Constrained:
     Tecnw = 30460.5
       Tnw = 9606.84
       Tec = 633.015
     twoNb = 650189
     twoNc = 107125
     twoNw = 363129
    twoNec = 206343
    twoNnw = 97500.6
  twoNecnw = 33220.4
  twoNbecnw = 48630.6
        m2 = 3.21262e-05
        m4 = 0.0168218
        m6 = 5.17838e-05
        Tb = 15546.8
        Td = 316.507
        Tf = 158.254
DiffEv reached_goal. cost=3.39132e-03 spread=2.09930e-06
Fitted parameter values
Free:
       pc1 = -3.95512
       pc2 = -1.94296
       pc3 = 0.901069
       pc4 = -0.632741
       pc5 = 0.150935
       pc6 = -1.60607
       pc7 = -1.04558
       pc8 = -1.80851
       pc9 = -1.80325
      pc10 = 1.37911
      pc11 = 0.18651
      pc12 = 0.368049
      pc13 = -0.220566
Constrained:
     Tecnw = 30897.3
       Tnw = 5894.53
       Tec = 2.27812
     twoNb = 1.33094e+06
     twoNc = 6704.9
     twoNw = 262538
    twoNec = 199072
    twoNnw = 125010
  twoNecnw = 32443.8
  twoNbecnw = 49336.2
        m2 = 7.15862e-06
        m4 = 0.0209019
        m6 = 0.000126263
        Tb = 15449.8
        Td = 1.13906
        Tf = 0.56953
#       SitePat  BranchLen
              b 117076.6771422
              e 43631.6599253
              c 44632.8645143
              n 42604.4465627
              w 42604.3248766
            b:e 1208.1922971
            b:c 1543.4196549
            b:n 1123.3859403
            b:w 1123.3811237
            e:c 10961.3768470
            e:n 3895.5958105
            e:w 3895.5709688
            c:n 3744.7108669
            c:w 3744.8325530
            n:w 11733.4721894
          b:e:c 1271.2094857
          b:e:n 593.0130094
          b:e:w 593.0081928
          b:c:n 594.9810056
          b:c:w 594.9858222
          b:n:w 1268.3596819
          e:c:n 4966.9289896
          e:c:w 4966.9538313
          e:n:w 6172.7532335
          c:n:w 5372.9569171
        b:e:c:n 1125.3550165
        b:e:c:w 1125.3598331
        b:e:n:w 1449.9761138
        b:c:n:w 1211.0182172
        e:c:n:w 46045.3689820
