########################################
# legofit: estimate population history #
#       version 2.3.4-4-g53f8760       #
########################################

# Program was compiled: Sep 21 2021 14:36:42
# Program was run: Wed Sep 22 17:38:19 2021

# cmd: legofit -1 -d 0 -t 32 --ptsPerDim 3 --stateOut b1boot1.state --tol 3e-6 -S 5000 bdf2.lgo ../../chrX/boot_chrX/boot1.opf
# Stage nOptItr nSimReps
#     0    5000        0
# algorithm          : deterministic
# ignoring probs <=  : 0
# Branch length floor: 0
# DE strategy        : 2
#    F               : 0.3
#    CR              : 0.8
#    tolerance       : 3e-06
# nthreads           : 32
# lgo input file     : bdf2.lgo
# site pat input file: ../../chrX/boot_chrX/boot1.opf
# free parameters    : 13
# points in DE swarm : 39
# output state file  : b1boot1.state
# Including singleton site patterns.
# cost function      : KL
Initial parameter values
Fixed:
      zero = 0
       one = 1
    Tbecnw = 75200
Free:
       pc1 = 0
       pc2 = 0
       pc3 = 0
       pc4 = 0
       pc5 = 0
       pc6 = 0
       pc7 = 0
       pc8 = 0
       pc9 = 0
      pc10 = 0
      pc11 = 0
      pc12 = 0
      pc13 = 0
Constrained:
     Tecnw = 30460.5
       Tnw = 9606.84
       Tec = 633.015
     twoNb = 650189
     twoNc = 107125
     twoNw = 363129
    twoNec = 206343
    twoNnw = 97500.6
  twoNecnw = 33220.4
  twoNbecnw = 48630.6
        m2 = 3.21262e-05
        m4 = 0.0168218
        m6 = 5.17838e-05
        Tb = 15546.8
        Td = 316.507
        Tf = 158.254
DiffEv reached_goal. cost=3.44898e-03 spread=2.77391e-06
Fitted parameter values
Free:
       pc1 = -3.94286
       pc2 = -1.98512
       pc3 = 0.862317
       pc4 = -1.52018
       pc5 = 0.372027
       pc6 = -0.374046
       pc7 = -1.30751
       pc8 = -1.84232
       pc9 = -1.40022
      pc10 = 1.07592
      pc11 = -0.766419
      pc12 = -0.0253898
      pc13 = 0.0382373
Constrained:
     Tecnw = 31308
       Tnw = 6462.41
       Tec = 66.2687
     twoNb = 1.34349e+06
     twoNc = 39518.3
     twoNw = 370159
    twoNec = 203718
    twoNnw = 117524
  twoNecnw = 32873.3
  twoNbecnw = 49557.8
        m2 = 3.00437e-05
        m4 = 0.0219326
        m6 = 9.75603e-05
        Tb = 15687.1
        Td = 33.1343
        Tf = 16.5672
#       SitePat  BranchLen
              b 117041.9187152
              e 44304.9218547
              c 45341.7036400
              n 42910.0220057
              w 42909.9488694
            b:e 1260.5107806
            b:c 1609.9664652
            b:n 1148.6034096
            b:w 1148.6004470
            e:c 11075.0289400
            e:n 3902.7566463
            e:w 3902.7417479
            c:n 3745.5607818
            c:w 3745.6339182
            n:w 12100.0301404
          b:e:c 1327.2336881
          b:e:n 608.3659503
          b:e:w 608.3629877
          b:c:n 610.4620199
          b:c:w 610.4649825
          b:n:w 1324.1320976
          e:c:n 4943.3110478
          e:c:w 4943.3259462
          e:n:w 6297.3880366
          c:n:w 5470.5090982
        b:e:c:n 1150.7040590
        b:e:c:w 1150.7070216
        b:e:n:w 1512.7663153
        b:c:n:w 1263.5134137
        e:c:n:w 45388.1873310
