########################################
# legofit: estimate population history #
#       version 2.3.4-4-g53f8760       #
########################################

# Program was compiled: Sep 21 2021 14:36:42
# Program was run: Wed Sep 22 17:39:08 2021

# cmd: legofit -1 -d 0 -t 32 --ptsPerDim 3 --stateOut b1boot48.state --tol 3e-6 -S 5000 bdf2.lgo ../../chrX/boot_chrX/boot48.opf
# Stage nOptItr nSimReps
#     0    5000        0
# algorithm          : deterministic
# ignoring probs <=  : 0
# Branch length floor: 0
# DE strategy        : 2
#    F               : 0.3
#    CR              : 0.8
#    tolerance       : 3e-06
# nthreads           : 32
# lgo input file     : bdf2.lgo
# site pat input file: ../../chrX/boot_chrX/boot48.opf
# free parameters    : 13
# points in DE swarm : 39
# output state file  : b1boot48.state
# Including singleton site patterns.
# cost function      : KL
Initial parameter values
Fixed:
      zero = 0
       one = 1
    Tbecnw = 75200
Free:
       pc1 = 0
       pc2 = 0
       pc3 = 0
       pc4 = 0
       pc5 = 0
       pc6 = 0
       pc7 = 0
       pc8 = 0
       pc9 = 0
      pc10 = 0
      pc11 = 0
      pc12 = 0
      pc13 = 0
Constrained:
     Tecnw = 30460.5
       Tnw = 9606.84
       Tec = 633.015
     twoNb = 650189
     twoNc = 107125
     twoNw = 363129
    twoNec = 206343
    twoNnw = 97500.6
  twoNecnw = 33220.4
  twoNbecnw = 48630.6
        m2 = 3.21262e-05
        m4 = 0.0168218
        m6 = 5.17838e-05
        Tb = 15546.8
        Td = 316.507
        Tf = 158.254
DiffEv reached_goal. cost=3.22376e-03 spread=2.57477e-06
Fitted parameter values
Free:
       pc1 = -3.58888
       pc2 = -1.90057
       pc3 = 1.76044
       pc4 = -1.50737
       pc5 = 0.195319
       pc6 = -0.111938
       pc7 = -0.891931
       pc8 = -1.77099
       pc9 = -1.95194
      pc10 = 0.994891
      pc11 = -0.264821
      pc12 = -0.627154
      pc13 = -0.156824
Constrained:
     Tecnw = 31047.1
       Tnw = 7779.82
       Tec = 8.39739
     twoNb = 1.41811e+06
     twoNc = 87888.9
     twoNw = 331488
    twoNec = 215924
    twoNnw = 115203
  twoNecnw = 32814.8
  twoNbecnw = 49353.6
        m2 = 3.13458e-05
        m4 = 0.0219643
        m6 = 9.93906e-05
        Tb = 15527.7
        Td = 4.1987
        Tf = 2.09935
#       SitePat  BranchLen
              b 116924.9480843
              e 44261.0177078
              c 45309.6965578
              n 42965.5624676
              w 42965.4635954
            b:e 1248.4969947
            b:c 1593.9775844
            b:n 1137.2185042
            b:w 1137.2144701
            e:c 10717.7282109
            e:n 3966.3383505
            e:w 3966.3178206
            c:n 3807.4720375
            c:w 3807.5709097
            n:w 11640.2306256
          b:e:c 1285.6665699
          b:e:n 611.0558068
          b:e:w 611.0517727
          b:c:n 613.0368934
          b:c:w 613.0409275
          b:n:w 1282.7792693
          e:c:n 4940.8668493
          e:c:w 4940.8873792
          e:n:w 6302.8505632
          c:n:w 5472.7885419
        b:e:c:n 1139.2041121
        b:e:c:w 1139.2081462
        b:e:n:w 1501.7406984
        b:c:n:w 1251.2862626
        e:c:n:w 45457.4951142
