########################################
# legofit: estimate population history #
#       version 2.3.4-4-g53f8760       #
########################################

# Program was compiled: Sep 21 2021 14:36:42
# Program was run: Wed Sep 22 17:39:08 2021

# cmd: legofit -1 -d 0 -t 32 --ptsPerDim 3 --stateOut b1boot44.state --tol 3e-6 -S 5000 bdf2.lgo ../../chrX/boot_chrX/boot44.opf
# Stage nOptItr nSimReps
#     0    5000        0
# algorithm          : deterministic
# ignoring probs <=  : 0
# Branch length floor: 0
# DE strategy        : 2
#    F               : 0.3
#    CR              : 0.8
#    tolerance       : 3e-06
# nthreads           : 32
# lgo input file     : bdf2.lgo
# site pat input file: ../../chrX/boot_chrX/boot44.opf
# free parameters    : 13
# points in DE swarm : 39
# output state file  : b1boot44.state
# Including singleton site patterns.
# cost function      : KL
Initial parameter values
Fixed:
      zero = 0
       one = 1
    Tbecnw = 75200
Free:
       pc1 = 0
       pc2 = 0
       pc3 = 0
       pc4 = 0
       pc5 = 0
       pc6 = 0
       pc7 = 0
       pc8 = 0
       pc9 = 0
      pc10 = 0
      pc11 = 0
      pc12 = 0
      pc13 = 0
Constrained:
     Tecnw = 30460.5
       Tnw = 9606.84
       Tec = 633.015
     twoNb = 650189
     twoNc = 107125
     twoNw = 363129
    twoNec = 206343
    twoNnw = 97500.6
  twoNecnw = 33220.4
  twoNbecnw = 48630.6
        m2 = 3.21262e-05
        m4 = 0.0168218
        m6 = 5.17838e-05
        Tb = 15546.8
        Td = 316.507
        Tf = 158.254
DiffEv reached_goal. cost=3.31537e-03 spread=2.77914e-06
Fitted parameter values
Free:
       pc1 = -3.79525
       pc2 = -1.86285
       pc3 = 1.67765
       pc4 = -1.68277
       pc5 = 0.277544
       pc6 = -1.24473
       pc7 = -0.209669
       pc8 = -1.6819
       pc9 = -1.92112
      pc10 = 0.795531
      pc11 = 0.611001
      pc12 = -0.0632083
      pc13 = 0.10071
Constrained:
     Tecnw = 30713.1
       Tnw = 6318.96
       Tec = 22.8237
     twoNb = 1.35487e+06
     twoNc = 78903
     twoNw = 196448
    twoNec = 211231
    twoNnw = 118068
  twoNecnw = 32685.1
  twoNbecnw = 49382.8
        m2 = 3.5719e-05
        m4 = 0.0228029
        m6 = 0.000159843
        Tb = 15368
        Td = 11.4119
        Tf = 5.70594
#       SitePat  BranchLen
              b 117050.7854299
              e 43883.6382595
              c 44977.2679592
              n 42371.9837270
              w 42371.7663617
            b:e 1230.8846841
            b:c 1594.9210458
            b:n 1115.7227022
            b:w 1115.7140261
            e:c 10729.1783508
            e:n 3935.9673254
            e:w 3935.9225990
            c:n 3771.7538738
            c:w 3771.9712391
            n:w 11847.9288829
          b:e:c 1273.7076692
          b:e:n 598.4450706
          b:e:w 598.4363944
          b:c:n 600.5486973
          b:c:w 600.5573734
          b:n:w 1270.6094924
          e:c:n 4911.6296535
          e:c:w 4911.6743799
          e:n:w 6341.8099463
          c:n:w 5468.8698080
        b:e:c:n 1117.8316256
        b:e:c:w 1117.8403017
        b:e:n:w 1494.6511721
        b:c:n:w 1233.8654548
        e:c:n:w 45932.9037076
