########################################
# legofit: estimate population history #
#       version 2.3.4-4-g53f8760       #
########################################

# Program was compiled: Sep 21 2021 14:36:42
# Program was run: Wed Sep 22 17:39:08 2021

# cmd: legofit -1 -d 0 -t 32 --ptsPerDim 3 --stateOut b1boot46.state --tol 3e-6 -S 5000 bdf2.lgo ../../chrX/boot_chrX/boot46.opf
# Stage nOptItr nSimReps
#     0    5000        0
# algorithm          : deterministic
# ignoring probs <=  : 0
# Branch length floor: 0
# DE strategy        : 2
#    F               : 0.3
#    CR              : 0.8
#    tolerance       : 3e-06
# nthreads           : 32
# lgo input file     : bdf2.lgo
# site pat input file: ../../chrX/boot_chrX/boot46.opf
# free parameters    : 13
# points in DE swarm : 39
# output state file  : b1boot46.state
# Including singleton site patterns.
# cost function      : KL
Initial parameter values
Fixed:
      zero = 0
       one = 1
    Tbecnw = 75200
Free:
       pc1 = 0
       pc2 = 0
       pc3 = 0
       pc4 = 0
       pc5 = 0
       pc6 = 0
       pc7 = 0
       pc8 = 0
       pc9 = 0
      pc10 = 0
      pc11 = 0
      pc12 = 0
      pc13 = 0
Constrained:
     Tecnw = 30460.5
       Tnw = 9606.84
       Tec = 633.015
     twoNb = 650189
     twoNc = 107125
     twoNw = 363129
    twoNec = 206343
    twoNnw = 97500.6
  twoNecnw = 33220.4
  twoNbecnw = 48630.6
        m2 = 3.21262e-05
        m4 = 0.0168218
        m6 = 5.17838e-05
        Tb = 15546.8
        Td = 316.507
        Tf = 158.254
DiffEv reached_goal. cost=3.25031e-03 spread=2.76535e-06
Fitted parameter values
Free:
       pc1 = -3.98601
       pc2 = -1.96509
       pc3 = 1.35648
       pc4 = -1.80492
       pc5 = -1.1591
       pc6 = -1.03509
       pc7 = -0.866676
       pc8 = -1.26666
       pc9 = -1.27188
      pc10 = 1.65189
      pc11 = 0.210787
      pc12 = -0.511216
      pc13 = -0.18293
Constrained:
     Tecnw = 30935.8
       Tnw = 5868.87
       Tec = 23.0286
     twoNb = 1.41523e+06
     twoNc = 10791.8
     twoNw = 165452
    twoNec = 209621
    twoNnw = 125531
  twoNecnw = 32763.7
  twoNbecnw = 48562.2
        m2 = 7.57615e-05
        m4 = 0.0209455
        m6 = 9.3297e-05
        Tb = 15479.4
        Td = 11.5143
        Tf = 5.75716
#       SitePat  BranchLen
              b 116310.2865348
              e 43973.4305285
              c 44968.5521648
              n 42695.3341495
              w 42695.1926645
            b:e 1216.5596841
            b:c 1542.0058870
            b:n 1117.8387705
            b:w 1117.8331943
            e:c 10763.4205739
            e:n 3933.0811262
            e:w 3933.0523300
            c:n 3781.7859714
            c:w 3781.9274564
            n:w 11717.2816365
          b:e:c 1260.0487968
          b:e:n 596.9724036
          b:e:w 596.9668274
          b:c:n 598.8269841
          b:c:w 598.8325603
          b:n:w 1257.3336193
          e:c:n 4932.0222319
          e:c:w 4932.0510281
          e:n:w 6194.2194326
          c:n:w 5407.7988618
        b:e:c:n 1119.7040990
        b:e:c:w 1119.7096752
        b:e:n:w 1454.4870042
        b:c:n:w 1219.0394509
        e:c:n:w 45100.7197500
