########################################
# legofit: estimate population history #
#       version 2.3.4-4-g53f8760       #
########################################

# Program was compiled: Sep 21 2021 14:36:42
# Program was run: Wed Sep 22 17:38:37 2021

# cmd: legofit -1 -d 0 -t 32 --ptsPerDim 3 --stateOut b1boot14.state --tol 3e-6 -S 5000 bdf2.lgo ../../chrX/boot_chrX/boot14.opf
# Stage nOptItr nSimReps
#     0    5000        0
# algorithm          : deterministic
# ignoring probs <=  : 0
# Branch length floor: 0
# DE strategy        : 2
#    F               : 0.3
#    CR              : 0.8
#    tolerance       : 3e-06
# nthreads           : 32
# lgo input file     : bdf2.lgo
# site pat input file: ../../chrX/boot_chrX/boot14.opf
# free parameters    : 13
# points in DE swarm : 39
# output state file  : b1boot14.state
# Including singleton site patterns.
# cost function      : KL
Initial parameter values
Fixed:
      zero = 0
       one = 1
    Tbecnw = 75200
Free:
       pc1 = 0
       pc2 = 0
       pc3 = 0
       pc4 = 0
       pc5 = 0
       pc6 = 0
       pc7 = 0
       pc8 = 0
       pc9 = 0
      pc10 = 0
      pc11 = 0
      pc12 = 0
      pc13 = 0
Constrained:
     Tecnw = 30460.5
       Tnw = 9606.84
       Tec = 633.015
     twoNb = 650189
     twoNc = 107125
     twoNw = 363129
    twoNec = 206343
    twoNnw = 97500.6
  twoNecnw = 33220.4
  twoNbecnw = 48630.6
        m2 = 3.21262e-05
        m4 = 0.0168218
        m6 = 5.17838e-05
        Tb = 15546.8
        Td = 316.507
        Tf = 158.254
DiffEv reached_goal. cost=3.09154e-03 spread=2.91404e-06
Fitted parameter values
Free:
       pc1 = -3.74746
       pc2 = -1.97024
       pc3 = 1.49689
       pc4 = -0.735362
       pc5 = -0.734126
       pc6 = -1.5749
       pc7 = -0.105041
       pc8 = -0.754056
       pc9 = -1.50455
      pc10 = 1.98845
      pc11 = 0.295563
      pc12 = -0.537724
      pc13 = -0.00242102
Constrained:
     Tecnw = 30771.3
       Tnw = 5343.03
       Tec = 2.74533
     twoNb = 1.35526e+06
     twoNc = 98873.7
     twoNw = 174446
    twoNec = 209072
    twoNnw = 124913
  twoNecnw = 32515.9
  twoNbecnw = 48163.4
        m2 = 4.42631e-05
        m4 = 0.0191775
        m6 = 0.000126156
        Tb = 15387
        Td = 1.37267
        Tf = 0.686333
#       SitePat  BranchLen
              b 116107.8023930
              e 43706.4883234
              c 44616.1682730
              n 42283.7227764
              w 42283.5577571
            b:e 1190.4185530
            b:c 1490.4178109
            b:n 1087.8460199
            b:w 1087.8396652
            e:c 10714.4000035
            e:n 3881.7337391
            e:w 3881.7003913
            c:n 3744.3649624
            c:w 3744.5299817
            n:w 11766.9803401
          b:e:c 1234.4863572
          b:e:n 580.5630786
          b:e:w 580.5567238
          b:c:n 582.2852173
          b:c:w 582.2915720
          b:n:w 1231.9577103
          e:c:n 4882.6395947
          e:c:w 4882.6729426
          e:n:w 6114.6035777
          c:n:w 5390.3431959
        b:e:c:n 1089.5745420
        b:e:c:w 1089.5808967
        b:e:n:w 1407.1405956
        b:c:n:w 1192.8039692
        e:c:n:w 45299.0057856
