########################################
# legofit: estimate population history #
#       version 2.3.4-4-g53f8760       #
########################################

# Program was compiled: Sep 21 2021 14:36:42
# Program was run: Wed Sep 22 17:38:44 2021

# cmd: legofit -1 -d 0 -t 32 --ptsPerDim 3 --stateOut b1boot23.state --tol 3e-6 -S 5000 bdf2.lgo ../../chrX/boot_chrX/boot23.opf
# Stage nOptItr nSimReps
#     0    5000        0
# algorithm          : deterministic
# ignoring probs <=  : 0
# Branch length floor: 0
# DE strategy        : 2
#    F               : 0.3
#    CR              : 0.8
#    tolerance       : 3e-06
# nthreads           : 32
# lgo input file     : bdf2.lgo
# site pat input file: ../../chrX/boot_chrX/boot23.opf
# free parameters    : 13
# points in DE swarm : 39
# output state file  : b1boot23.state
# Including singleton site patterns.
# cost function      : KL
Initial parameter values
Fixed:
      zero = 0
       one = 1
    Tbecnw = 75200
Free:
       pc1 = 0
       pc2 = 0
       pc3 = 0
       pc4 = 0
       pc5 = 0
       pc6 = 0
       pc7 = 0
       pc8 = 0
       pc9 = 0
      pc10 = 0
      pc11 = 0
      pc12 = 0
      pc13 = 0
Constrained:
     Tecnw = 30460.5
       Tnw = 9606.84
       Tec = 633.015
     twoNb = 650189
     twoNc = 107125
     twoNw = 363129
    twoNec = 206343
    twoNnw = 97500.6
  twoNecnw = 33220.4
  twoNbecnw = 48630.6
        m2 = 3.21262e-05
        m4 = 0.0168218
        m6 = 5.17838e-05
        Tb = 15546.8
        Td = 316.507
        Tf = 158.254
DiffEv reached_goal. cost=3.26245e-03 spread=2.63957e-06
Fitted parameter values
Free:
       pc1 = -3.98431
       pc2 = -1.96518
       pc3 = 0.840441
       pc4 = -1.97479
       pc5 = -0.716273
       pc6 = -1.00935
       pc7 = -0.281585
       pc8 = -1.66857
       pc9 = -0.942446
      pc10 = 0.820739
      pc11 = 0.123459
      pc12 = 0.0567041
      pc13 = -0.129794
Constrained:
     Tecnw = 30962.3
       Tnw = 5832.7
       Tec = 10.3035
     twoNb = 1.27976e+06
     twoNc = 39685.1
     twoNw = 95443.9
    twoNec = 203569
    twoNnw = 124585
  twoNecnw = 32943.5
  twoNbecnw = 48992.9
        m2 = 6.15092e-05
        m4 = 0.0228343
        m6 = 0.000108778
        Tb = 15486.3
        Td = 5.15174
        Tf = 2.57587
#       SitePat  BranchLen
              b 116587.4472196
              e 43985.7461382
              c 45063.2201719
              n 42774.1133558
              w 42773.8319205
            b:e 1232.7441083
            b:c 1597.8844420
            b:n 1136.7350971
            b:w 1136.7238647
            e:c 10943.2485679
            e:n 3941.4156753
            e:w 3941.3582700
            c:n 3775.8904297
            c:w 3776.1718650
            n:w 11866.5410502
          b:e:c 1289.6708292
          b:e:n 603.6007015
          b:e:w 603.5894691
          b:c:n 605.8597466
          b:c:w 605.8709790
          b:n:w 1286.3555635
          e:c:n 4964.4789943
          e:c:w 4964.5363996
          e:n:w 6278.6196853
          c:n:w 5418.5662930
        b:e:c:n 1139.0039149
        b:e:c:w 1139.0151474
        b:e:n:w 1492.2372733
        b:c:n:w 1235.8473938
        e:c:n:w 45173.3205757
