########################################
# legofit: estimate population history #
#       version 2.3.4-4-g53f8760       #
########################################

# Program was compiled: Sep 21 2021 14:36:42
# Program was run: Wed Sep 22 17:39:01 2021

# cmd: legofit -1 -d 0 -t 32 --ptsPerDim 3 --stateOut b1boot42.state --tol 3e-6 -S 5000 bdf2.lgo ../../chrX/boot_chrX/boot42.opf
# Stage nOptItr nSimReps
#     0    5000        0
# algorithm          : deterministic
# ignoring probs <=  : 0
# Branch length floor: 0
# DE strategy        : 2
#    F               : 0.3
#    CR              : 0.8
#    tolerance       : 3e-06
# nthreads           : 32
# lgo input file     : bdf2.lgo
# site pat input file: ../../chrX/boot_chrX/boot42.opf
# free parameters    : 13
# points in DE swarm : 39
# output state file  : b1boot42.state
# Including singleton site patterns.
# cost function      : KL
Initial parameter values
Fixed:
      zero = 0
       one = 1
    Tbecnw = 75200
Free:
       pc1 = 0
       pc2 = 0
       pc3 = 0
       pc4 = 0
       pc5 = 0
       pc6 = 0
       pc7 = 0
       pc8 = 0
       pc9 = 0
      pc10 = 0
      pc11 = 0
      pc12 = 0
      pc13 = 0
Constrained:
     Tecnw = 30460.5
       Tnw = 9606.84
       Tec = 633.015
     twoNb = 650189
     twoNc = 107125
     twoNw = 363129
    twoNec = 206343
    twoNnw = 97500.6
  twoNecnw = 33220.4
  twoNbecnw = 48630.6
        m2 = 3.21262e-05
        m4 = 0.0168218
        m6 = 5.17838e-05
        Tb = 15546.8
        Td = 316.507
        Tf = 158.254
DiffEv reached_goal. cost=3.29017e-03 spread=2.54283e-06
Fitted parameter values
Free:
       pc1 = -3.90177
       pc2 = -1.98457
       pc3 = 1.80138
       pc4 = -1.60615
       pc5 = -0.860761
       pc6 = -0.96521
       pc7 = -1.52703
       pc8 = -0.794368
       pc9 = -1.8121
      pc10 = 0.438195
      pc11 = 0.214638
      pc12 = -0.368322
      pc13 = -0.174384
Constrained:
     Tecnw = 30920.2
       Tnw = 7113.18
       Tec = 14.1977
     twoNb = 1.33901e+06
     twoNc = 7977.42
     twoNw = 308281
    twoNec = 213717
    twoNnw = 118782
  twoNecnw = 32395.6
  twoNbecnw = 48818.8
        m2 = 8.3743e-05
        m4 = 0.0229418
        m6 = 8.99631e-05
        Tb = 15467.2
        Td = 7.09885
        Tf = 3.54943
#       SitePat  BranchLen
              b 116600.2849090
              e 43932.5436314
              c 45026.7910391
              n 42653.9447471
              w 42653.8568216
            b:e 1207.5635673
            b:c 1571.7849158
            b:n 1102.9791431
            b:w 1102.9756618
            e:c 10609.7550751
            e:n 3925.3768346
            e:w 3925.3587544
            c:n 3760.2403166
            c:w 3760.3282421
            n:w 11547.9543226
          b:e:c 1244.4278895
          b:e:n 592.2715885
          b:e:w 592.2681072
          b:c:n 594.3942574
          b:c:w 594.3977387
          b:n:w 1241.3200333
          e:c:n 4889.9277026
          e:c:w 4889.9457828
          e:n:w 6268.5183391
          c:n:w 5395.7521568
        b:e:c:n 1105.1142152
        b:e:c:w 1105.1176966
        b:e:n:w 1470.1833714
        b:c:n:w 1210.3955275
        e:c:n:w 45577.1060665
