########################################
# legofit: estimate population history #
#       version 2.3.4-4-g53f8760       #
########################################

# Program was compiled: Sep 21 2021 14:36:42
# Program was run: Wed Sep 22 17:38:26 2021

# cmd: legofit -1 -d 0 -t 32 --ptsPerDim 3 --stateOut b1boot7.state --tol 3e-6 -S 5000 bdf2.lgo ../../chrX/boot_chrX/boot7.opf
# Stage nOptItr nSimReps
#     0    5000        0
# algorithm          : deterministic
# ignoring probs <=  : 0
# Branch length floor: 0
# DE strategy        : 2
#    F               : 0.3
#    CR              : 0.8
#    tolerance       : 3e-06
# nthreads           : 32
# lgo input file     : bdf2.lgo
# site pat input file: ../../chrX/boot_chrX/boot7.opf
# free parameters    : 13
# points in DE swarm : 39
# output state file  : b1boot7.state
# Including singleton site patterns.
# cost function      : KL
Initial parameter values
Fixed:
      zero = 0
       one = 1
    Tbecnw = 75200
Free:
       pc1 = 0
       pc2 = 0
       pc3 = 0
       pc4 = 0
       pc5 = 0
       pc6 = 0
       pc7 = 0
       pc8 = 0
       pc9 = 0
      pc10 = 0
      pc11 = 0
      pc12 = 0
      pc13 = 0
Constrained:
     Tecnw = 30460.5
       Tnw = 9606.84
       Tec = 633.015
     twoNb = 650189
     twoNc = 107125
     twoNw = 363129
    twoNec = 206343
    twoNnw = 97500.6
  twoNecnw = 33220.4
  twoNbecnw = 48630.6
        m2 = 3.21262e-05
        m4 = 0.0168218
        m6 = 5.17838e-05
        Tb = 15546.8
        Td = 316.507
        Tf = 158.254
DiffEv reached_goal. cost=3.43611e-03 spread=2.26634e-06
Fitted parameter values
Free:
       pc1 = -3.74369
       pc2 = -1.99006
       pc3 = 1.54802
       pc4 = -1.97268
       pc5 = 0.970724
       pc6 = -1.82594
       pc7 = -0.40258
       pc8 = -1.94544
       pc9 = -0.765575
      pc10 = 1.95713
      pc11 = -0.391418
      pc12 = -0.113817
      pc13 = -0.263178
Constrained:
     Tecnw = 30982.9
       Tnw = 5731.08
       Tec = 3.50117
     twoNb = 1.39595e+06
     twoNc = 31538.2
     twoNw = 368549
    twoNec = 202107
    twoNnw = 127617
  twoNecnw = 33125.7
  twoNbecnw = 48849.7
        m2 = 1.90691e-05
        m4 = 0.0212992
        m6 = 0.000202938
        Tb = 15493.2
        Td = 1.75058
        Tf = 0.875292
#       SitePat  BranchLen
              b 116438.5447766
              e 43999.0597290
              c 45005.9520697
              n 42937.9790755
              w 42937.8416887
            b:e 1234.8416724
            b:c 1566.9307584
            b:n 1148.2156968
            b:w 1148.2101921
            e:c 11003.2334134
            e:n 3956.3649470
            e:w 3956.3368947
            c:n 3801.6996371
            c:w 3801.8370238
            n:w 11809.8508845
          b:e:c 1293.0401118
          b:e:n 608.0211683
          b:e:w 608.0156636
          b:c:n 609.9791528
          b:c:w 609.9846575
          b:n:w 1290.2087786
          e:c:n 5003.5063593
          e:c:w 5003.5344116
          e:n:w 6207.3450613
          c:n:w 5412.6978595
        b:e:c:n 1150.1764888
        b:e:c:w 1150.1819935
        b:e:n:w 1476.7088276
        b:c:n:w 1237.6128053
        e:c:n:w 44920.3060017
