########################################
# legofit: estimate population history #
#       version 2.3.4-4-g53f8760       #
########################################

# Program was compiled: Sep 21 2021 14:36:42
# Program was run: Sat Oct  9 13:05:22 2021

# cmd: legofit -1 -d 0 -t 32 --ptsPerDim 3 --stateOut b1boot24.state --tol 3e-6 -S 5000 bef2.lgo ../../boot/boot24.opf
# Stage nOptItr nSimReps
#     0    5000        0
# algorithm          : deterministic
# ignoring probs <=  : 0
# Branch length floor: 0
# DE strategy        : 2
#    F               : 0.3
#    CR              : 0.8
#    tolerance       : 3e-06
# nthreads           : 32
# lgo input file     : bef2.lgo
# site pat input file: ../../boot/boot24.opf
# free parameters    : 14
# points in DE swarm : 42
# output state file  : b1boot24.state
# Including singleton site patterns.
# cost function      : KL
Initial parameter values
Fixed:
      zero = 0
       one = 1
    Tbecnw = 75200
Free:
       pc1 = 0
       pc2 = 0
       pc3 = 0
       pc4 = 0
       pc5 = 0
       pc6 = 0
       pc7 = 0
       pc8 = 0
       pc9 = 0
      pc10 = 0
      pc11 = 0
      pc12 = 0
      pc13 = 0
      pc14 = 0
Constrained:
     Tecnw = 61880.8
       Tnw = 1885.96
       Tec = 3721.49
     twoNb = 914013
     twoNe = 210199
     twoNc = 184505
     twoNw = 907487
    twoNec = 101684
    twoNnw = 167987
  twoNecnw = 12621.8
  twoNbecnw = 89161.1
        m2 = 0.0073254
        m5 = 0.480391
        m6 = 0.367345
        Tb = 32801.2
        Te = 1860.74
        Tf = 930.372
DiffEv reached_goal. cost=2.32089e-03 spread=2.87305e-06
Fitted parameter values
Free:
       pc1 = 3.60301
       pc2 = 1.34806
       pc3 = 1.98831
       pc4 = 1.4115
       pc5 = -1.86906
       pc6 = 0.890271
       pc7 = 1.96115
       pc8 = -0.139741
       pc9 = 0.108692
      pc10 = -0.0573697
      pc11 = -0.259534
      pc12 = -0.0617745
      pc13 = 0.0361849
      pc14 = -0.00588193
Constrained:
     Tecnw = 60999.7
       Tnw = 145.639
       Tec = 279.063
     twoNb = 1.59762e+06
     twoNe = 117156
     twoNc = 269001
     twoNw = 1.44539e+06
    twoNec = 109811
    twoNnw = 182180
  twoNecnw = 13145.1
  twoNbecnw = 88595.8
        m2 = 0.0185256
        m5 = 0.475587
        m6 = 0.360162
        Tb = 30639.4
        Te = 139.531
        Tf = 69.7657
#       SitePat  BranchLen
              b 148196.7558240
              e 57518.1240953
              c 60488.2277298
              n 54819.5449018
              w 54818.2794903
            b:e 2752.2517672
            b:c 3127.1083710
            b:n 2263.3665320
            b:w 2263.2914760
            e:c 12481.7428750
            e:n 6593.9617623
            e:w 6593.8594118
            c:n 5707.6294435
            c:w 5708.7495274
            n:w 14471.8755115
          b:e:c 2540.6355340
          b:e:n 1325.0485075
          b:e:w 1324.9878385
          b:c:n 1325.1989860
          b:c:w 1325.2596140
          b:n:w 2533.6788977
          e:c:n 5332.9191762
          e:c:w 5333.1668543
          e:n:w 8162.6893303
          c:n:w 6957.5003339
        b:e:c:n 2265.4210267
        b:e:c:w 2265.4961237
        b:e:n:w 3100.2211861
        b:c:n:w 2731.4698932
        e:c:n:w 61749.6660888
