########################################
# legofit: estimate population history #
#       version 2.3.4-4-g53f8760       #
########################################

# Program was compiled: Sep 21 2021 14:36:42
# Program was run: Sat Oct  9 13:05:10 2021

# cmd: legofit -1 -d 0 -t 32 --ptsPerDim 3 --stateOut b1boot12.state --tol 3e-6 -S 5000 bef2.lgo ../../boot/boot12.opf
# Stage nOptItr nSimReps
#     0    5000        0
# algorithm          : deterministic
# ignoring probs <=  : 0
# Branch length floor: 0
# DE strategy        : 2
#    F               : 0.3
#    CR              : 0.8
#    tolerance       : 3e-06
# nthreads           : 32
# lgo input file     : bef2.lgo
# site pat input file: ../../boot/boot12.opf
# free parameters    : 14
# points in DE swarm : 42
# output state file  : b1boot12.state
# Including singleton site patterns.
# cost function      : KL
Initial parameter values
Fixed:
      zero = 0
       one = 1
    Tbecnw = 75200
Free:
       pc1 = 0
       pc2 = 0
       pc3 = 0
       pc4 = 0
       pc5 = 0
       pc6 = 0
       pc7 = 0
       pc8 = 0
       pc9 = 0
      pc10 = 0
      pc11 = 0
      pc12 = 0
      pc13 = 0
      pc14 = 0
Constrained:
     Tecnw = 61880.8
       Tnw = 1885.96
       Tec = 3721.49
     twoNb = 914013
     twoNe = 210199
     twoNc = 184505
     twoNw = 907487
    twoNec = 101684
    twoNnw = 167987
  twoNecnw = 12621.8
  twoNbecnw = 89161.1
        m2 = 0.0073254
        m5 = 0.480391
        m6 = 0.367345
        Tb = 32801.2
        Te = 1860.74
        Tf = 930.372
DiffEv reached_goal. cost=2.30040e-03 spread=2.78826e-06
Fitted parameter values
Free:
       pc1 = 3.5222
       pc2 = 1.2626
       pc3 = 1.87767
       pc4 = 1.6705
       pc5 = -1.77769
       pc6 = 1.42522
       pc7 = 1.68428
       pc8 = 0.1321
       pc9 = 0.141634
      pc10 = -0.107159
      pc11 = -0.214492
      pc12 = -0.0975509
      pc13 = -0.00306764
      pc14 = -0.0093758
Constrained:
     Tecnw = 61080.4
       Tnw = 79.6118
       Tec = 142.06
     twoNb = 1.54939e+06
     twoNe = 114486
     twoNc = 218633
     twoNw = 1.61674e+06
    twoNec = 110940
    twoNnw = 182586
  twoNecnw = 13116.2
  twoNbecnw = 88569.9
        m2 = 0.0173277
        m5 = 0.476636
        m6 = 0.360386
        Tb = 30611.2
        Te = 71.03
        Tf = 35.515
#       SitePat  BranchLen
              b 148145.1031974
              e 57559.3138323
              c 60550.2200343
              n 54855.6124642
              w 54854.8622587
            b:e 2751.4642319
            b:c 3127.2742083
            b:n 2270.1075801
            b:w 2270.0630753
            e:c 12461.2917304
            e:n 6615.4586881
            e:w 6615.4964855
            c:n 5721.6291507
            c:w 5722.1960334
            n:w 14476.8588043
          b:e:c 2542.3932674
          b:e:n 1330.6245149
          b:e:w 1330.5982116
          b:c:n 1330.8040438
          b:c:w 1330.8303231
          b:n:w 2535.7152862
          e:c:n 5341.7641155
          e:c:w 5341.9096409
          e:n:w 8162.5774409
          c:n:w 6952.4599747
        b:e:c:n 2272.1221131
        b:e:c:w 2272.1666417
        b:e:n:w 3101.3271009
        b:c:n:w 2731.4467377
        e:c:n:w 61643.5325184
