########################################
# legofit: estimate population history #
#       version 2.3.4-4-g53f8760       #
########################################

# Program was compiled: Sep 21 2021 14:36:42
# Program was run: Sat Oct  9 13:05:37 2021

# cmd: legofit -1 -d 0 -t 32 --ptsPerDim 3 --stateOut b1boot45.state --tol 3e-6 -S 5000 bef2.lgo ../../boot/boot45.opf
# Stage nOptItr nSimReps
#     0    5000        0
# algorithm          : deterministic
# ignoring probs <=  : 0
# Branch length floor: 0
# DE strategy        : 2
#    F               : 0.3
#    CR              : 0.8
#    tolerance       : 3e-06
# nthreads           : 32
# lgo input file     : bef2.lgo
# site pat input file: ../../boot/boot45.opf
# free parameters    : 14
# points in DE swarm : 42
# output state file  : b1boot45.state
# Including singleton site patterns.
# cost function      : KL
Initial parameter values
Fixed:
      zero = 0
       one = 1
    Tbecnw = 75200
Free:
       pc1 = 0
       pc2 = 0
       pc3 = 0
       pc4 = 0
       pc5 = 0
       pc6 = 0
       pc7 = 0
       pc8 = 0
       pc9 = 0
      pc10 = 0
      pc11 = 0
      pc12 = 0
      pc13 = 0
      pc14 = 0
Constrained:
     Tecnw = 61880.8
       Tnw = 1885.96
       Tec = 3721.49
     twoNb = 914013
     twoNe = 210199
     twoNc = 184505
     twoNw = 907487
    twoNec = 101684
    twoNnw = 167987
  twoNecnw = 12621.8
  twoNbecnw = 89161.1
        m2 = 0.0073254
        m5 = 0.480391
        m6 = 0.367345
        Tb = 32801.2
        Te = 1860.74
        Tf = 930.372
DiffEv reached_goal. cost=2.34618e-03 spread=2.95790e-06
Fitted parameter values
Free:
       pc1 = 3.638
       pc2 = 1.30958
       pc3 = 1.50492
       pc4 = 1.54135
       pc5 = -1.81146
       pc6 = 1.41268
       pc7 = 1.46939
       pc8 = -0.122922
       pc9 = -0.069809
      pc10 = -0.211898
      pc11 = -0.0622573
      pc12 = 0.00304371
      pc13 = 0.102986
      pc14 = -0.021485
Constrained:
     Tecnw = 61025.6
       Tnw = 90.3843
       Tec = 128.469
     twoNb = 1.52012e+06
     twoNe = 107056
     twoNc = 185208
     twoNw = 1.53761e+06
    twoNec = 111594
    twoNnw = 180879
  twoNecnw = 13084.8
  twoNbecnw = 88622.3
        m2 = 0.0172047
        m5 = 0.475058
        m6 = 0.357607
        Tb = 30577
        Te = 64.2343
        Tf = 32.1171
#       SitePat  BranchLen
              b 148299.4027624
              e 57449.7257560
              c 60483.7490748
              n 54691.8096665
              w 54690.4977927
            b:e 2735.9605077
            b:c 3115.8750110
            b:n 2249.9359914
            b:w 2249.8588005
            e:c 12443.0737789
            e:n 6593.0040872
            e:w 6593.3372880
            c:n 5687.3145779
            c:w 5688.0430948
            n:w 14508.7750461
          b:e:c 2531.7656715
          b:e:n 1318.6280951
          b:e:w 1318.6085404
          b:c:n 1318.8172296
          b:c:w 1318.8367406
          b:n:w 2524.9927963
          e:c:n 5309.9398997
          e:c:w 5310.1900559
          e:n:w 8166.9700380
          c:n:w 6937.4393116
        b:e:c:n 2251.9327043
        b:e:c:w 2252.0099390
        b:e:n:w 3089.4276458
        b:c:n:w 2715.5869179
        e:c:n:w 61927.0653460
