########################################
# legofit: estimate population history #
#       version 2.3.4-4-g53f8760       #
########################################

# Program was compiled: Sep 21 2021 14:36:42
# Program was run: Sat Oct  9 13:05:06 2021

# cmd: legofit -1 -d 0 -t 32 --ptsPerDim 3 --stateOut b1boot9.state --tol 3e-6 -S 5000 bef2.lgo ../../boot/boot9.opf
# Stage nOptItr nSimReps
#     0    5000        0
# algorithm          : deterministic
# ignoring probs <=  : 0
# Branch length floor: 0
# DE strategy        : 2
#    F               : 0.3
#    CR              : 0.8
#    tolerance       : 3e-06
# nthreads           : 32
# lgo input file     : bef2.lgo
# site pat input file: ../../boot/boot9.opf
# free parameters    : 14
# points in DE swarm : 42
# output state file  : b1boot9.state
# Including singleton site patterns.
# cost function      : KL
Initial parameter values
Fixed:
      zero = 0
       one = 1
    Tbecnw = 75200
Free:
       pc1 = 0
       pc2 = 0
       pc3 = 0
       pc4 = 0
       pc5 = 0
       pc6 = 0
       pc7 = 0
       pc8 = 0
       pc9 = 0
      pc10 = 0
      pc11 = 0
      pc12 = 0
      pc13 = 0
      pc14 = 0
Constrained:
     Tecnw = 61880.8
       Tnw = 1885.96
       Tec = 3721.49
     twoNb = 914013
     twoNe = 210199
     twoNc = 184505
     twoNw = 907487
    twoNec = 101684
    twoNnw = 167987
  twoNecnw = 12621.8
  twoNbecnw = 89161.1
        m2 = 0.0073254
        m5 = 0.480391
        m6 = 0.367345
        Tb = 32801.2
        Te = 1860.74
        Tf = 930.372
DiffEv reached_goal. cost=2.32403e-03 spread=2.88244e-06
Fitted parameter values
Free:
       pc1 = 3.90476
       pc2 = 0.814428
       pc3 = 1.83014
       pc4 = 0.97805
       pc5 = -1.91184
       pc6 = 0.226506
       pc7 = 1.97951
       pc8 = -0.176707
       pc9 = -0.242104
      pc10 = 0.257609
      pc11 = -0.214281
      pc12 = -0.0612137
      pc13 = 0.00420752
      pc14 = -0.0072922
Constrained:
     Tecnw = 61205.9
       Tnw = 31.6613
       Tec = 21.3901
     twoNb = 1.63113e+06
     twoNe = 140176
     twoNc = 310326
     twoNw = 1.16377e+06
    twoNec = 111821
    twoNnw = 181598
  twoNecnw = 12978.8
  twoNbecnw = 88628.9
        m2 = 0.0182218
        m5 = 0.47156
        m6 = 0.360668
        Tb = 30613.7
        Te = 10.695
        Tf = 5.34752
#       SitePat  BranchLen
              b 148209.5908908
              e 57659.4679648
              c 60536.3705907
              n 54819.6093394
              w 54818.5943837
            b:e 2766.0508814
            b:c 3128.4307649
            b:n 2262.0361633
            b:w 2261.9764387
            e:c 12499.8332190
            e:n 6578.0552989
            e:w 6578.4797126
            c:n 5719.9904541
            c:w 5720.3902280
            n:w 14554.3104345
          b:e:c 2548.8018448
          b:e:n 1324.8942624
          b:e:w 1324.8954672
          b:c:n 1325.0909812
          b:c:w 1325.0897420
          b:n:w 2542.0825461
          e:c:n 5316.7127481
          e:c:w 5316.9035161
          e:n:w 8156.3982421
          c:n:w 6989.6007266
        b:e:c:n 2264.0351327
        b:e:c:w 2264.0948916
        b:e:n:w 3102.5285105
        b:c:n:w 2745.8068525
        e:c:n:w 61694.2536778
