########################################
# legofit: estimate population history #
#       version 2.3.4-4-g53f8760       #
########################################

# Program was compiled: Sep 21 2021 14:36:42
# Program was run: Sat Oct  9 13:05:06 2021

# cmd: legofit -1 -d 0 -t 32 --ptsPerDim 3 --stateOut b1boot7.state --tol 3e-6 -S 5000 bef2.lgo ../../boot/boot7.opf
# Stage nOptItr nSimReps
#     0    5000        0
# algorithm          : deterministic
# ignoring probs <=  : 0
# Branch length floor: 0
# DE strategy        : 2
#    F               : 0.3
#    CR              : 0.8
#    tolerance       : 3e-06
# nthreads           : 32
# lgo input file     : bef2.lgo
# site pat input file: ../../boot/boot7.opf
# free parameters    : 14
# points in DE swarm : 42
# output state file  : b1boot7.state
# Including singleton site patterns.
# cost function      : KL
Initial parameter values
Fixed:
      zero = 0
       one = 1
    Tbecnw = 75200
Free:
       pc1 = 0
       pc2 = 0
       pc3 = 0
       pc4 = 0
       pc5 = 0
       pc6 = 0
       pc7 = 0
       pc8 = 0
       pc9 = 0
      pc10 = 0
      pc11 = 0
      pc12 = 0
      pc13 = 0
      pc14 = 0
Constrained:
     Tecnw = 61880.8
       Tnw = 1885.96
       Tec = 3721.49
     twoNb = 914013
     twoNe = 210199
     twoNc = 184505
     twoNw = 907487
    twoNec = 101684
    twoNnw = 167987
  twoNecnw = 12621.8
  twoNbecnw = 89161.1
        m2 = 0.0073254
        m5 = 0.480391
        m6 = 0.367345
        Tb = 32801.2
        Te = 1860.74
        Tf = 930.372
DiffEv reached_goal. cost=2.32951e-03 spread=2.84976e-06
Fitted parameter values
Free:
       pc1 = 3.56142
       pc2 = 0.924092
       pc3 = 1.93403
       pc4 = 1.22258
       pc5 = -1.87008
       pc6 = 1.60025
       pc7 = 1.61692
       pc8 = -0.623155
       pc9 = 0.253988
      pc10 = 0.388356
      pc11 = -0.233728
      pc12 = -0.0429058
      pc13 = 0.0815329
      pc14 = 0.00173349
Constrained:
     Tecnw = 60991.7
       Tnw = 106.344
       Tec = 191.781
     twoNb = 1.65086e+06
     twoNe = 131574
     twoNc = 223819
     twoNw = 1.58881e+06
    twoNec = 111303
    twoNnw = 181535
  twoNecnw = 13143
  twoNbecnw = 89030.5
        m2 = 0.017284
        m5 = 0.472929
        m6 = 0.361636
        Tb = 30591.7
        Te = 95.8906
        Tf = 47.9453
#       SitePat  BranchLen
              b 148599.4456368
              e 57577.7882277
              c 60448.3454388
              n 54768.0589746
              w 54767.0651743
            b:e 2762.2992768
            b:c 3123.2525927
            b:n 2268.7746866
            b:w 2268.7156575
            e:c 12468.1743250
            e:n 6591.2581858
            e:w 6591.2901166
            c:n 5735.0287832
            c:w 5735.7974905
            n:w 14510.9530492
          b:e:c 2546.7049084
          b:e:n 1329.6254042
          b:e:w 1329.5887452
          b:c:n 1329.7733450
          b:c:w 1329.8099741
          b:n:w 2540.4158362
          e:c:n 5346.4342347
          e:c:w 5346.6273968
          e:n:w 8161.4527510
          c:n:w 6996.9029579
        b:e:c:n 2270.6485701
        b:e:c:w 2270.7076290
        b:e:n:w 3098.8808678
        b:c:n:w 2743.2729930
        e:c:n:w 62120.4354842
