########################################
# legofit: estimate population history #
#       version 2.3.4-4-g53f8760       #
########################################

# Program was compiled: Sep 21 2021 14:36:42
# Program was run: Sat Oct  9 13:05:32 2021

# cmd: legofit -1 -d 0 -t 32 --ptsPerDim 3 --stateOut b1boot39.state --tol 3e-6 -S 5000 bef2.lgo ../../boot/boot39.opf
# Stage nOptItr nSimReps
#     0    5000        0
# algorithm          : deterministic
# ignoring probs <=  : 0
# Branch length floor: 0
# DE strategy        : 2
#    F               : 0.3
#    CR              : 0.8
#    tolerance       : 3e-06
# nthreads           : 32
# lgo input file     : bef2.lgo
# site pat input file: ../../boot/boot39.opf
# free parameters    : 14
# points in DE swarm : 42
# output state file  : b1boot39.state
# Including singleton site patterns.
# cost function      : KL
Initial parameter values
Fixed:
      zero = 0
       one = 1
    Tbecnw = 75200
Free:
       pc1 = 0
       pc2 = 0
       pc3 = 0
       pc4 = 0
       pc5 = 0
       pc6 = 0
       pc7 = 0
       pc8 = 0
       pc9 = 0
      pc10 = 0
      pc11 = 0
      pc12 = 0
      pc13 = 0
      pc14 = 0
Constrained:
     Tecnw = 61880.8
       Tnw = 1885.96
       Tec = 3721.49
     twoNb = 914013
     twoNe = 210199
     twoNc = 184505
     twoNw = 907487
    twoNec = 101684
    twoNnw = 167987
  twoNecnw = 12621.8
  twoNbecnw = 89161.1
        m2 = 0.0073254
        m5 = 0.480391
        m6 = 0.367345
        Tb = 32801.2
        Te = 1860.74
        Tf = 930.372
DiffEv reached_goal. cost=2.28371e-03 spread=2.91065e-06
Fitted parameter values
Free:
       pc1 = 3.89186
       pc2 = 0.805309
       pc3 = 1.84185
       pc4 = 0.614544
       pc5 = -1.99918
       pc6 = 0.944787
       pc7 = 1.40946
       pc8 = -0.59572
       pc9 = 0.21876
      pc10 = -0.145234
      pc11 = -0.142628
      pc12 = -0.00285449
      pc13 = -0.0700669
      pc14 = -0.0235711
Constrained:
     Tecnw = 61088.9
       Tnw = 92.6765
       Tec = 126.741
     twoNb = 1.71599e+06
     twoNe = 210824
     twoNc = 243658
     twoNw = 1.27396e+06
    twoNec = 112126
    twoNnw = 181395
  twoNecnw = 13175.8
  twoNbecnw = 88978.3
        m2 = 0.0168685
        m5 = 0.473675
        m6 = 0.357301
        Tb = 30607.8
        Te = 63.3707
        Tf = 31.6853
#       SitePat  BranchLen
              b 148412.5728103
              e 57646.9014500
              c 60661.6822092
              n 54875.1621409
              w 54873.4572307
            b:e 2775.6808048
            b:c 3155.6172525
            b:n 2288.8725748
            b:w 2288.7709378
            e:c 12530.6076161
            e:n 6628.6060043
            e:w 6629.0700757
            c:n 5730.0516300
            c:w 5730.9663008
            n:w 14595.8880604
          b:e:c 2573.2903511
          b:e:n 1340.7517641
          b:e:w 1340.7291955
          b:c:n 1340.9120386
          b:c:w 1340.9345569
          b:n:w 2567.3557396
          e:c:n 5368.6535305
          e:c:w 5368.9796986
          e:n:w 8223.5514564
          c:n:w 6999.8207449
        b:e:c:n 2290.6073911
        b:e:c:w 2290.7090784
        b:e:n:w 3132.5993231
        b:c:n:w 2757.9053408
        e:c:n:w 61756.5714198
