########################################
# legofit: estimate population history #
#       version 2.3.4-4-g53f8760       #
########################################

# Program was compiled: Sep 21 2021 14:36:42
# Program was run: Sat Oct  9 13:05:37 2021

# cmd: legofit -1 -d 0 -t 32 --ptsPerDim 3 --stateOut b1boot42.state --tol 3e-6 -S 5000 bef2.lgo ../../boot/boot42.opf
# Stage nOptItr nSimReps
#     0    5000        0
# algorithm          : deterministic
# ignoring probs <=  : 0
# Branch length floor: 0
# DE strategy        : 2
#    F               : 0.3
#    CR              : 0.8
#    tolerance       : 3e-06
# nthreads           : 32
# lgo input file     : bef2.lgo
# site pat input file: ../../boot/boot42.opf
# free parameters    : 14
# points in DE swarm : 42
# output state file  : b1boot42.state
# Including singleton site patterns.
# cost function      : KL
Initial parameter values
Fixed:
      zero = 0
       one = 1
    Tbecnw = 75200
Free:
       pc1 = 0
       pc2 = 0
       pc3 = 0
       pc4 = 0
       pc5 = 0
       pc6 = 0
       pc7 = 0
       pc8 = 0
       pc9 = 0
      pc10 = 0
      pc11 = 0
      pc12 = 0
      pc13 = 0
      pc14 = 0
Constrained:
     Tecnw = 61880.8
       Tnw = 1885.96
       Tec = 3721.49
     twoNb = 914013
     twoNe = 210199
     twoNc = 184505
     twoNw = 907487
    twoNec = 101684
    twoNnw = 167987
  twoNecnw = 12621.8
  twoNbecnw = 89161.1
        m2 = 0.0073254
        m5 = 0.480391
        m6 = 0.367345
        Tb = 32801.2
        Te = 1860.74
        Tf = 930.372
DiffEv reached_goal. cost=2.31203e-03 spread=2.69486e-06
Fitted parameter values
Free:
       pc1 = 3.68931
       pc2 = 1.3008
       pc3 = 1.9673
       pc4 = 1.82712
       pc5 = -1.77717
       pc6 = 1.58635
       pc7 = 1.95125
       pc8 = -0.142434
       pc9 = -0.433956
      pc10 = 0.0708648
      pc11 = -0.315347
      pc12 = -0.0173237
      pc13 = 0.066985
      pc14 = -0.0212349
Constrained:
     Tecnw = 61113.2
       Tnw = 95.6899
       Tec = 116.084
     twoNb = 1.5589e+06
     twoNe = 78564.7
     twoNc = 233862
     twoNw = 1.72737e+06
    twoNec = 110408
    twoNnw = 182281
  twoNecnw = 12987.9
  twoNbecnw = 88564.9
        m2 = 0.0187508
        m5 = 0.472718
        m6 = 0.359047
        Tb = 30614.6
        Te = 58.0421
        Tf = 29.0211
#       SitePat  BranchLen
              b 148227.7490853
              e 57543.7119405
              c 60473.0441519
              n 54834.2391778
              w 54832.7697089
            b:e 2745.6578745
            b:c 3114.6812451
            b:n 2252.3807837
            b:w 2252.2945536
            e:c 12506.6549569
            e:n 6558.7859383
            e:w 6559.2532320
            c:n 5684.2391261
            c:w 5684.9636436
            n:w 14487.0214087
          b:e:c 2536.3493329
          b:e:n 1316.6719242
          b:e:w 1316.6592071
          b:c:n 1316.8737915
          b:c:w 1316.8864560
          b:n:w 2529.1009812
          e:c:n 5306.1061734
          e:c:w 5306.3838310
          e:n:w 8128.6017658
          c:n:w 6941.4373952
        b:e:c:n 2254.4996071
        b:e:c:w 2254.5858897
        b:e:n:w 3086.7475276
        b:c:n:w 2723.9636005
        e:c:n:w 61824.4326591
