########################################
# legofit: estimate population history #
#       version 2.3.4-4-g53f8760       #
########################################

# Program was compiled: Sep 21 2021 14:36:42
# Program was run: Sat Oct  9 13:05:43 2021

# cmd: legofit -1 -d 0 -t 32 --ptsPerDim 3 --stateOut b1boot48.state --tol 3e-6 -S 5000 bef2.lgo ../../boot/boot48.opf
# Stage nOptItr nSimReps
#     0    5000        0
# algorithm          : deterministic
# ignoring probs <=  : 0
# Branch length floor: 0
# DE strategy        : 2
#    F               : 0.3
#    CR              : 0.8
#    tolerance       : 3e-06
# nthreads           : 32
# lgo input file     : bef2.lgo
# site pat input file: ../../boot/boot48.opf
# free parameters    : 14
# points in DE swarm : 42
# output state file  : b1boot48.state
# Including singleton site patterns.
# cost function      : KL
Initial parameter values
Fixed:
      zero = 0
       one = 1
    Tbecnw = 75200
Free:
       pc1 = 0
       pc2 = 0
       pc3 = 0
       pc4 = 0
       pc5 = 0
       pc6 = 0
       pc7 = 0
       pc8 = 0
       pc9 = 0
      pc10 = 0
      pc11 = 0
      pc12 = 0
      pc13 = 0
      pc14 = 0
Constrained:
     Tecnw = 61880.8
       Tnw = 1885.96
       Tec = 3721.49
     twoNb = 914013
     twoNe = 210199
     twoNc = 184505
     twoNw = 907487
    twoNec = 101684
    twoNnw = 167987
  twoNecnw = 12621.8
  twoNbecnw = 89161.1
        m2 = 0.0073254
        m5 = 0.480391
        m6 = 0.367345
        Tb = 32801.2
        Te = 1860.74
        Tf = 930.372
DiffEv reached_goal. cost=2.33060e-03 spread=2.75670e-06
Fitted parameter values
Free:
       pc1 = 3.96588
       pc2 = 1.37106
       pc3 = 1.90566
       pc4 = 1.48256
       pc5 = -1.88873
       pc6 = 1.36562
       pc7 = 1.72198
       pc8 = -0.713071
       pc9 = 0.101967
      pc10 = -0.297712
      pc11 = -0.1173
      pc12 = 0.0148962
      pc13 = 0.0123191
      pc14 = -0.0181594
Constrained:
     Tecnw = 60902.8
       Tnw = 31.4391
       Tec = 32.5663
     twoNb = 1.58959e+06
     twoNe = 119306
     twoNc = 229752
     twoNw = 1.54783e+06
    twoNec = 111671
    twoNnw = 182155
  twoNecnw = 13241.6
  twoNbecnw = 88837.6
        m2 = 0.0189789
        m5 = 0.474549
        m6 = 0.3557
        Tb = 30467.7
        Te = 16.2832
        Tf = 8.14158
#       SitePat  BranchLen
              b 148362.6886117
              e 57511.0150291
              c 60579.5448273
              n 54789.0929627
              w 54788.4840526
            b:e 2765.8449602
            b:c 3154.4472809
            b:n 2269.8938669
            b:w 2269.8578682
            e:c 12500.4825642
            e:n 6610.2350317
            e:w 6610.4562194
            c:n 5696.3786704
            c:w 5696.6510937
            n:w 14534.1297246
          b:e:c 2553.0253172
          b:e:n 1329.7099513
          b:e:w 1329.7073937
          b:c:n 1329.9327805
          b:c:w 1329.9353161
          b:n:w 2545.8040563
          e:c:n 5343.5356717
          e:c:w 5343.6509707
          e:n:w 8224.6400847
          c:n:w 6976.8049228
        b:e:c:n 2272.0760735
        b:e:c:w 2272.1120942
        b:e:n:w 3126.3437859
        b:c:n:w 2744.2575644
        e:c:n:w 61862.8017736
