########################################
# legofit: estimate population history #
#       version 2.3.4-4-g53f8760       #
########################################

# Program was compiled: Sep 21 2021 14:36:42
# Program was run: Sat Oct  9 13:05:27 2021

# cmd: legofit -1 -d 0 -t 32 --ptsPerDim 3 --stateOut b1boot30.state --tol 3e-6 -S 5000 bef2.lgo ../../boot/boot30.opf
# Stage nOptItr nSimReps
#     0    5000        0
# algorithm          : deterministic
# ignoring probs <=  : 0
# Branch length floor: 0
# DE strategy        : 2
#    F               : 0.3
#    CR              : 0.8
#    tolerance       : 3e-06
# nthreads           : 32
# lgo input file     : bef2.lgo
# site pat input file: ../../boot/boot30.opf
# free parameters    : 14
# points in DE swarm : 42
# output state file  : b1boot30.state
# Including singleton site patterns.
# cost function      : KL
Initial parameter values
Fixed:
      zero = 0
       one = 1
    Tbecnw = 75200
Free:
       pc1 = 0
       pc2 = 0
       pc3 = 0
       pc4 = 0
       pc5 = 0
       pc6 = 0
       pc7 = 0
       pc8 = 0
       pc9 = 0
      pc10 = 0
      pc11 = 0
      pc12 = 0
      pc13 = 0
      pc14 = 0
Constrained:
     Tecnw = 61880.8
       Tnw = 1885.96
       Tec = 3721.49
     twoNb = 914013
     twoNe = 210199
     twoNc = 184505
     twoNw = 907487
    twoNec = 101684
    twoNnw = 167987
  twoNecnw = 12621.8
  twoNbecnw = 89161.1
        m2 = 0.0073254
        m5 = 0.480391
        m6 = 0.367345
        Tb = 32801.2
        Te = 1860.74
        Tf = 930.372
DiffEv reached_goal. cost=2.33235e-03 spread=2.59946e-06
Fitted parameter values
Free:
       pc1 = 3.92005
       pc2 = 0.713278
       pc3 = 1.96771
       pc4 = 1.20107
       pc5 = -1.93062
       pc6 = 0.791704
       pc7 = 1.6792
       pc8 = -0.744393
       pc9 = -0.454494
      pc10 = -0.0210164
      pc11 = -0.0665747
      pc12 = -0.00626055
      pc13 = 0.0527831
      pc14 = -0.0168467
Constrained:
     Tecnw = 61218
       Tnw = 32.5393
       Tec = 6.26062
     twoNb = 1.59305e+06
     twoNe = 162431
     twoNc = 268276
     twoNw = 1.35378e+06
    twoNec = 112673
    twoNnw = 181027
  twoNecnw = 12901.8
  twoNbecnw = 88898.4
        m2 = 0.0191779
        m5 = 0.471385
        m6 = 0.35707
        Tb = 30612.1
        Te = 3.13031
        Tf = 1.56516
#       SitePat  BranchLen
              b 148487.8958454
              e 57648.7579945
              c 60624.6015582
              n 54779.2994628
              w 54778.1775287
            b:e 2767.9418987
            b:c 3144.3572040
            b:n 2253.4047697
            b:w 2253.3389722
            e:c 12481.1439191
            e:n 6574.5330050
            e:w 6575.0640915
            c:n 5688.4636507
            c:w 5688.8450017
            n:w 14579.7693221
          b:e:c 2547.8127635
          b:e:n 1320.6067448
          b:e:w 1320.6141266
          b:c:n 1320.8304824
          b:c:w 1320.8230593
          b:n:w 2540.5486479
          e:c:n 5297.6261449
          e:c:w 5297.8356414
          e:n:w 8196.7008298
          c:n:w 6986.4111743
        b:e:c:n 2255.5560484
        b:e:c:w 2255.6218872
        b:e:n:w 3116.1782523
        b:c:n:w 2746.0648127
        e:c:n:w 61995.6021673
