########################################
# legofit: estimate population history #
#       version 2.3.4-4-g53f8760       #
########################################

# Program was compiled: Sep 21 2021 14:36:42
# Program was run: Sat Oct  9 13:05:11 2021

# cmd: legofit -1 -d 0 -t 32 --ptsPerDim 3 --stateOut b1boot17.state --tol 3e-6 -S 5000 bef2.lgo ../../boot/boot17.opf
# Stage nOptItr nSimReps
#     0    5000        0
# algorithm          : deterministic
# ignoring probs <=  : 0
# Branch length floor: 0
# DE strategy        : 2
#    F               : 0.3
#    CR              : 0.8
#    tolerance       : 3e-06
# nthreads           : 32
# lgo input file     : bef2.lgo
# site pat input file: ../../boot/boot17.opf
# free parameters    : 14
# points in DE swarm : 42
# output state file  : b1boot17.state
# Including singleton site patterns.
# cost function      : KL
Initial parameter values
Fixed:
      zero = 0
       one = 1
    Tbecnw = 75200
Free:
       pc1 = 0
       pc2 = 0
       pc3 = 0
       pc4 = 0
       pc5 = 0
       pc6 = 0
       pc7 = 0
       pc8 = 0
       pc9 = 0
      pc10 = 0
      pc11 = 0
      pc12 = 0
      pc13 = 0
      pc14 = 0
Constrained:
     Tecnw = 61880.8
       Tnw = 1885.96
       Tec = 3721.49
     twoNb = 914013
     twoNe = 210199
     twoNc = 184505
     twoNw = 907487
    twoNec = 101684
    twoNnw = 167987
  twoNecnw = 12621.8
  twoNbecnw = 89161.1
        m2 = 0.0073254
        m5 = 0.480391
        m6 = 0.367345
        Tb = 32801.2
        Te = 1860.74
        Tf = 930.372
DiffEv reached_goal. cost=2.32723e-03 spread=2.69728e-06
Fitted parameter values
Free:
       pc1 = 3.97684
       pc2 = 1.14331
       pc3 = 1.81966
       pc4 = 1.49265
       pc5 = -1.84746
       pc6 = 1.89656
       pc7 = 1.9321
       pc8 = -0.604587
       pc9 = -0.230308
      pc10 = 0.155153
      pc11 = -0.263327
      pc12 = -0.0554471
      pc13 = -0.0476761
      pc14 = -0.0198843
Constrained:
     Tecnw = 61058.2
       Tnw = 63.7154
       Tec = 58.1909
     twoNb = 1.66045e+06
     twoNe = 67804.3
     twoNc = 222976
     twoNw = 1.72023e+06
    twoNec = 112523
    twoNnw = 182377
  twoNecnw = 13141.2
  twoNbecnw = 88844.7
        m2 = 0.0181819
        m5 = 0.470957
        m6 = 0.357486
        Tb = 30558.2
        Te = 29.0955
        Tf = 14.5477
#       SitePat  BranchLen
              b 148332.8238537
              e 57695.3354338
              c 60625.3086829
              n 54905.9514468
              w 54904.7500504
            b:e 2776.6019882
            b:c 3146.7931529
            b:n 2278.1381501
            b:w 2278.0670094
            e:c 12513.2887615
            e:n 6588.7789260
            e:w 6589.2393593
            c:n 5715.2483813
            c:w 5715.7625132
            n:w 14555.8539986
          b:e:c 2562.3837706
          b:e:n 1333.8248589
          b:e:w 1333.8221669
          b:c:n 1334.0199252
          b:c:w 1334.0225771
          b:n:w 2555.7633416
          e:c:n 5348.0636125
          e:c:w 5348.2904437
          e:n:w 8186.5466409
          c:n:w 6997.4913332
        b:e:c:n 2280.1085780
        b:e:c:w 2280.1797588
        b:e:n:w 3121.1722977
        b:c:n:w 2756.6751062
        e:c:n:w 61746.7599383
