########################################
# legofit: estimate population history #
#       version 2.3.4-4-g53f8760       #
########################################

# Program was compiled: Sep 21 2021 14:36:42
# Program was run: Sat Oct  9 13:05:32 2021

# cmd: legofit -1 -d 0 -t 32 --ptsPerDim 3 --stateOut b1boot37.state --tol 3e-6 -S 5000 bef2.lgo ../../boot/boot37.opf
# Stage nOptItr nSimReps
#     0    5000        0
# algorithm          : deterministic
# ignoring probs <=  : 0
# Branch length floor: 0
# DE strategy        : 2
#    F               : 0.3
#    CR              : 0.8
#    tolerance       : 3e-06
# nthreads           : 32
# lgo input file     : bef2.lgo
# site pat input file: ../../boot/boot37.opf
# free parameters    : 14
# points in DE swarm : 42
# output state file  : b1boot37.state
# Including singleton site patterns.
# cost function      : KL
Initial parameter values
Fixed:
      zero = 0
       one = 1
    Tbecnw = 75200
Free:
       pc1 = 0
       pc2 = 0
       pc3 = 0
       pc4 = 0
       pc5 = 0
       pc6 = 0
       pc7 = 0
       pc8 = 0
       pc9 = 0
      pc10 = 0
      pc11 = 0
      pc12 = 0
      pc13 = 0
      pc14 = 0
Constrained:
     Tecnw = 61880.8
       Tnw = 1885.96
       Tec = 3721.49
     twoNb = 914013
     twoNe = 210199
     twoNc = 184505
     twoNw = 907487
    twoNec = 101684
    twoNnw = 167987
  twoNecnw = 12621.8
  twoNbecnw = 89161.1
        m2 = 0.0073254
        m5 = 0.480391
        m6 = 0.367345
        Tb = 32801.2
        Te = 1860.74
        Tf = 930.372
DiffEv reached_goal. cost=2.34040e-03 spread=2.99749e-06
Fitted parameter values
Free:
       pc1 = 3.96912
       pc2 = 1.19397
       pc3 = 1.57782
       pc4 = 0.728847
       pc5 = -1.99525
       pc6 = 1.83165
       pc7 = 1.17833
       pc8 = -0.385037
       pc9 = -0.23603
      pc10 = -0.0113193
      pc11 = -0.0720309
      pc12 = 0.106962
      pc13 = 0.158878
      pc14 = -0.0098353
Constrained:
     Tecnw = 60962.1
       Tnw = 73.5248
       Tec = 115.187
     twoNb = 1.73662e+06
     twoNe = 189597
     twoNc = 164606
     twoNw = 1.55035e+06
    twoNec = 112542
    twoNnw = 179622
  twoNecnw = 13115.8
  twoNbecnw = 88808.1
        m2 = 0.0160496
        m5 = 0.470872
        m6 = 0.3558
        Tb = 30538.7
        Te = 57.5936
        Tf = 28.7968
#       SitePat  BranchLen
              b 148519.1382188
              e 57424.1004151
              c 60404.7222684
              n 54597.9803005
              w 54597.0664695
            b:e 2729.6482561
            b:c 3100.2480987
            b:n 2246.0242759
            b:w 2245.9704973
            e:c 12469.9787826
            e:n 6567.5016215
            e:w 6567.6753654
            c:n 5678.2213637
            c:w 5678.7864033
            n:w 14570.5332861
          b:e:c 2536.0389539
          b:e:n 1314.5971796
          b:e:w 1314.5778417
          b:c:n 1314.7448571
          b:c:w 1314.7641701
          b:n:w 2530.4661807
          e:c:n 5307.0866661
          e:c:w 5307.2617136
          e:n:w 8153.9336034
          c:n:w 6946.2650803
        b:e:c:n 2247.6733175
        b:e:c:w 2247.7271209
        b:e:n:w 3078.4910640
        b:c:n:w 2712.7731050
        e:c:n:w 62186.5912359
