########################################
# legofit: estimate population history #
#       version 2.3.4-4-g53f8760       #
########################################

# Program was compiled: Sep 21 2021 14:36:42
# Program was run: Sat Oct  9 13:05:11 2021

# cmd: legofit -1 -d 0 -t 32 --ptsPerDim 3 --stateOut b1boot16.state --tol 3e-6 -S 5000 bef2.lgo ../../boot/boot16.opf
# Stage nOptItr nSimReps
#     0    5000        0
# algorithm          : deterministic
# ignoring probs <=  : 0
# Branch length floor: 0
# DE strategy        : 2
#    F               : 0.3
#    CR              : 0.8
#    tolerance       : 3e-06
# nthreads           : 32
# lgo input file     : bef2.lgo
# site pat input file: ../../boot/boot16.opf
# free parameters    : 14
# points in DE swarm : 42
# output state file  : b1boot16.state
# Including singleton site patterns.
# cost function      : KL
Initial parameter values
Fixed:
      zero = 0
       one = 1
    Tbecnw = 75200
Free:
       pc1 = 0
       pc2 = 0
       pc3 = 0
       pc4 = 0
       pc5 = 0
       pc6 = 0
       pc7 = 0
       pc8 = 0
       pc9 = 0
      pc10 = 0
      pc11 = 0
      pc12 = 0
      pc13 = 0
      pc14 = 0
Constrained:
     Tecnw = 61880.8
       Tnw = 1885.96
       Tec = 3721.49
     twoNb = 914013
     twoNe = 210199
     twoNc = 184505
     twoNw = 907487
    twoNec = 101684
    twoNnw = 167987
  twoNecnw = 12621.8
  twoNbecnw = 89161.1
        m2 = 0.0073254
        m5 = 0.480391
        m6 = 0.367345
        Tb = 32801.2
        Te = 1860.74
        Tf = 930.372
DiffEv reached_goal. cost=2.25866e-03 spread=2.22483e-06
Fitted parameter values
Free:
       pc1 = 3.88193
       pc2 = 0.501116
       pc3 = 1.399
       pc4 = 1.19476
       pc5 = -1.95007
       pc6 = 1.40009
       pc7 = 1.99027
       pc8 = -0.809839
       pc9 = -0.11892
      pc10 = -0.194289
      pc11 = -0.117337
      pc12 = -0.0462936
      pc13 = 0.0252525
      pc14 = -0.0154022
Constrained:
     Tecnw = 61214.8
       Tnw = 34.1927
       Tec = 38.9649
     twoNb = 1.67385e+06
     twoNe = 36464.5
     twoNc = 236595
     twoNw = 1.42888e+06
    twoNec = 113361
    twoNnw = 181676
  twoNecnw = 12950.1
  twoNbecnw = 89054.5
        m2 = 0.0173316
        m5 = 0.472752
        m6 = 0.355677
        Tb = 30626.9
        Te = 19.4825
        Tf = 9.74124
#       SitePat  BranchLen
              b 148594.8251770
              e 57669.9102451
              c 60703.7614379
              n 54860.6596359
              w 54859.9922055
            b:e 2762.0057689
            b:c 3143.4132900
            b:n 2268.7077853
            b:w 2268.6683688
            e:c 12472.7513108
            e:n 6600.6521195
            e:w 6600.8785193
            c:n 5695.4709905
            c:w 5695.7857798
            n:w 14572.0128083
          b:e:c 2555.2008246
          b:e:n 1329.7898652
          b:e:w 1329.7854652
          b:c:n 1329.9774020
          b:c:w 1329.9817812
          b:n:w 2548.9646697
          e:c:n 5326.6961717
          e:c:w 5326.8224130
          e:n:w 8198.4980056
          c:n:w 6968.9787221
        b:e:c:n 2270.5889693
        b:e:c:w 2270.6284066
        b:e:n:w 3119.0603543
        b:c:n:w 2743.2109396
        e:c:n:w 62031.5406286
