########################################
# legofit: estimate population history #
#       version 2.3.4-4-g53f8760       #
########################################

# Program was compiled: Sep 21 2021 14:36:42
# Program was run: Sat Oct  9 13:05:11 2021

# cmd: legofit -1 -d 0 -t 32 --ptsPerDim 3 --stateOut b1boot15.state --tol 3e-6 -S 5000 bef2.lgo ../../boot/boot15.opf
# Stage nOptItr nSimReps
#     0    5000        0
# algorithm          : deterministic
# ignoring probs <=  : 0
# Branch length floor: 0
# DE strategy        : 2
#    F               : 0.3
#    CR              : 0.8
#    tolerance       : 3e-06
# nthreads           : 32
# lgo input file     : bef2.lgo
# site pat input file: ../../boot/boot15.opf
# free parameters    : 14
# points in DE swarm : 42
# output state file  : b1boot15.state
# Including singleton site patterns.
# cost function      : KL
Initial parameter values
Fixed:
      zero = 0
       one = 1
    Tbecnw = 75200
Free:
       pc1 = 0
       pc2 = 0
       pc3 = 0
       pc4 = 0
       pc5 = 0
       pc6 = 0
       pc7 = 0
       pc8 = 0
       pc9 = 0
      pc10 = 0
      pc11 = 0
      pc12 = 0
      pc13 = 0
      pc14 = 0
Constrained:
     Tecnw = 61880.8
       Tnw = 1885.96
       Tec = 3721.49
     twoNb = 914013
     twoNe = 210199
     twoNc = 184505
     twoNw = 907487
    twoNec = 101684
    twoNnw = 167987
  twoNecnw = 12621.8
  twoNbecnw = 89161.1
        m2 = 0.0073254
        m5 = 0.480391
        m6 = 0.367345
        Tb = 32801.2
        Te = 1860.74
        Tf = 930.372
DiffEv reached_goal. cost=2.30119e-03 spread=2.91643e-06
Fitted parameter values
Free:
       pc1 = 3.94898
       pc2 = 2.38635
       pc3 = 1.84349
       pc4 = 1.56242
       pc5 = -1.92897
       pc6 = 1.76772
       pc7 = 1.72107
       pc8 = 0.301894
       pc9 = -0.450559
      pc10 = 0.179768
      pc11 = -0.125692
      pc12 = 0.011584
      pc13 = 0.0825081
      pc14 = -0.0123647
Constrained:
     Tecnw = 60763.6
       Tnw = 148.011
       Tec = 247.228
     twoNb = 1.63542e+06
     twoNe = 118772
     twoNc = 182271
     twoNw = 1.76721e+06
    twoNec = 110884
    twoNnw = 180364
  twoNecnw = 13328.4
  twoNbecnw = 88136.5
        m2 = 0.0186678
        m5 = 0.471659
        m6 = 0.358469
        Tb = 30505.4
        Te = 123.614
        Tf = 61.8069
#       SitePat  BranchLen
              b 147857.0617805
              e 57408.2438585
              c 60328.2676479
              n 54599.6010351
              w 54598.1514256
            b:e 2740.1706410
            b:c 3106.9425613
            b:n 2240.4446422
            b:w 2240.3593935
            e:c 12449.1275748
            e:n 6555.7680186
            e:w 6555.9579981
            c:n 5685.7346978
            c:w 5686.7154372
            n:w 14497.4105919
          b:e:c 2525.4427697
          b:e:n 1311.9303890
          b:e:w 1311.8913687
          b:c:n 1312.0938147
          b:c:w 1312.1327870
          b:n:w 2518.5890033
          e:c:n 5301.8008626
          e:c:w 5302.0797533
          e:n:w 8149.1145652
          c:n:w 6962.0671756
        b:e:c:n 2242.4514961
        b:e:c:w 2242.5367928
        b:e:n:w 3080.3870785
        b:c:n:w 2719.5097962
        e:c:n:w 61585.0411476
