########################################
# legofit: estimate population history #
#       version 2.3.4-4-g53f8760       #
########################################

# Program was compiled: Sep 21 2021 14:36:42
# Program was run: Sat Oct  9 13:05:22 2021

# cmd: legofit -1 -d 0 -t 32 --ptsPerDim 3 --stateOut b1boot26.state --tol 3e-6 -S 5000 bef2.lgo ../../boot/boot26.opf
# Stage nOptItr nSimReps
#     0    5000        0
# algorithm          : deterministic
# ignoring probs <=  : 0
# Branch length floor: 0
# DE strategy        : 2
#    F               : 0.3
#    CR              : 0.8
#    tolerance       : 3e-06
# nthreads           : 32
# lgo input file     : bef2.lgo
# site pat input file: ../../boot/boot26.opf
# free parameters    : 14
# points in DE swarm : 42
# output state file  : b1boot26.state
# Including singleton site patterns.
# cost function      : KL
Initial parameter values
Fixed:
      zero = 0
       one = 1
    Tbecnw = 75200
Free:
       pc1 = 0
       pc2 = 0
       pc3 = 0
       pc4 = 0
       pc5 = 0
       pc6 = 0
       pc7 = 0
       pc8 = 0
       pc9 = 0
      pc10 = 0
      pc11 = 0
      pc12 = 0
      pc13 = 0
      pc14 = 0
Constrained:
     Tecnw = 61880.8
       Tnw = 1885.96
       Tec = 3721.49
     twoNb = 914013
     twoNe = 210199
     twoNc = 184505
     twoNw = 907487
    twoNec = 101684
    twoNnw = 167987
  twoNecnw = 12621.8
  twoNbecnw = 89161.1
        m2 = 0.0073254
        m5 = 0.480391
        m6 = 0.367345
        Tb = 32801.2
        Te = 1860.74
        Tf = 930.372
DiffEv reached_goal. cost=2.31531e-03 spread=2.56212e-06
Fitted parameter values
Free:
       pc1 = 3.94729
       pc2 = 1.1798
       pc3 = 1.70769
       pc4 = 1.01416
       pc5 = -1.97959
       pc6 = 1.687
       pc7 = 1.97525
       pc8 = -0.386842
       pc9 = -0.0367591
      pc10 = 0.303704
      pc11 = -0.356904
      pc12 = -0.135244
      pc13 = -0.027178
      pc14 = -0.015139
Constrained:
     Tecnw = 60993.7
       Tnw = 165.281
       Tec = 263.227
     twoNb = 1.77432e+06
     twoNe = 82499.1
     twoNc = 230929
     twoNw = 1.57804e+06
    twoNec = 112214
    twoNnw = 182273
  twoNecnw = 13201.1
  twoNbecnw = 88782.6
        m2 = 0.0170887
        m5 = 0.470773
        m6 = 0.359155
        Tb = 30628.5
        Te = 131.613
        Tf = 65.8067
#       SitePat  BranchLen
              b 148307.5027724
              e 57699.0661345
              c 60566.7050355
              n 54909.5956538
              w 54907.6094906
            b:e 2766.5845953
            b:c 3126.9593411
            b:n 2278.1860192
            b:w 2278.0679605
            e:c 12475.5156149
            e:n 6580.2294297
            e:w 6580.5753077
            c:n 5724.0769587
            c:w 5725.3357428
            n:w 14512.2781752
          b:e:c 2555.3849115
          b:e:n 1334.0151136
          b:e:w 1333.9695772
          b:c:n 1334.1405693
          b:c:w 1334.1860493
          b:n:w 2549.5920839
          e:c:n 5355.1026307
          e:c:w 5355.4841319
          e:n:w 8151.1367067
          c:n:w 6989.6299190
        b:e:c:n 2279.8601198
        b:e:c:w 2279.9782349
        b:e:n:w 3104.5158796
        b:c:n:w 2749.0591288
        e:c:n:w 61760.5839684
