########################################
# legofit: estimate population history #
#       version 2.3.4-4-g53f8760       #
########################################

# Program was compiled: Sep 21 2021 14:36:42
# Program was run: Sat Oct  9 13:05:32 2021

# cmd: legofit -1 -d 0 -t 32 --ptsPerDim 3 --stateOut b1boot41.state --tol 3e-6 -S 5000 bef2.lgo ../../boot/boot41.opf
# Stage nOptItr nSimReps
#     0    5000        0
# algorithm          : deterministic
# ignoring probs <=  : 0
# Branch length floor: 0
# DE strategy        : 2
#    F               : 0.3
#    CR              : 0.8
#    tolerance       : 3e-06
# nthreads           : 32
# lgo input file     : bef2.lgo
# site pat input file: ../../boot/boot41.opf
# free parameters    : 14
# points in DE swarm : 42
# output state file  : b1boot41.state
# Including singleton site patterns.
# cost function      : KL
Initial parameter values
Fixed:
      zero = 0
       one = 1
    Tbecnw = 75200
Free:
       pc1 = 0
       pc2 = 0
       pc3 = 0
       pc4 = 0
       pc5 = 0
       pc6 = 0
       pc7 = 0
       pc8 = 0
       pc9 = 0
      pc10 = 0
      pc11 = 0
      pc12 = 0
      pc13 = 0
      pc14 = 0
Constrained:
     Tecnw = 61880.8
       Tnw = 1885.96
       Tec = 3721.49
     twoNb = 914013
     twoNe = 210199
     twoNc = 184505
     twoNw = 907487
    twoNec = 101684
    twoNnw = 167987
  twoNecnw = 12621.8
  twoNbecnw = 89161.1
        m2 = 0.0073254
        m5 = 0.480391
        m6 = 0.367345
        Tb = 32801.2
        Te = 1860.74
        Tf = 930.372
DiffEv reached_goal. cost=2.31785e-03 spread=2.96528e-06
Fitted parameter values
Free:
       pc1 = 3.87467
       pc2 = 0.58567
       pc3 = 1.92736
       pc4 = 0.748166
       pc5 = -1.8763
       pc6 = 1.54604
       pc7 = 1.93989
       pc8 = 0.1127
       pc9 = -0.563476
      pc10 = 0.000569539
      pc11 = -0.129576
      pc12 = -0.0734471
      pc13 = -0.0235863
      pc14 = -0.0263064
Constrained:
     Tecnw = 61396.3
       Tnw = 74.9592
       Tec = 63.8247
     twoNb = 1.82017e+06
     twoNe = 147715
     twoNc = 264835
     twoNw = 1.55587e+06
    twoNec = 113524
    twoNnw = 180900
  twoNecnw = 12847.1
  twoNbecnw = 88650.8
        m2 = 0.0160875
        m5 = 0.471581
        m6 = 0.35779
        Tb = 30730.1
        Te = 31.9124
        Tf = 15.9562
#       SitePat  BranchLen
              b 148227.7402011
              e 57742.4631617
              c 60700.1053211
              n 54880.6169901
              w 54878.9942261
            b:e 2754.8862560
            b:c 3124.0727699
            b:n 2266.0645995
            b:w 2265.9689424
            e:c 12475.8776287
            e:n 6590.6889339
            e:w 6591.3287396
            c:n 5707.1008394
            c:w 5707.7784878
            n:w 14595.1248447
          b:e:c 2554.3555636
          b:e:n 1327.9572420
          b:e:w 1327.9553476
          b:c:n 1328.1142024
          b:c:w 1328.1160533
          b:n:w 2549.0594539
          e:c:n 5313.0623584
          e:c:w 5313.3676683
          e:n:w 8158.3713149
          c:n:w 6962.9642073
        b:e:c:n 2267.6029164
        b:e:c:w 2267.6986169
        b:e:n:w 3103.4887306
        b:c:n:w 2738.8878452
        e:c:n:w 61642.8642622
