########################################
# legofit: estimate population history #
#       version 2.3.4-4-g53f8760       #
########################################

# Program was compiled: Sep 21 2021 14:36:42
# Program was run: Sat Oct  9 13:05:32 2021

# cmd: legofit -1 -d 0 -t 32 --ptsPerDim 3 --stateOut b1boot40.state --tol 3e-6 -S 5000 bef2.lgo ../../boot/boot40.opf
# Stage nOptItr nSimReps
#     0    5000        0
# algorithm          : deterministic
# ignoring probs <=  : 0
# Branch length floor: 0
# DE strategy        : 2
#    F               : 0.3
#    CR              : 0.8
#    tolerance       : 3e-06
# nthreads           : 32
# lgo input file     : bef2.lgo
# site pat input file: ../../boot/boot40.opf
# free parameters    : 14
# points in DE swarm : 42
# output state file  : b1boot40.state
# Including singleton site patterns.
# cost function      : KL
Initial parameter values
Fixed:
      zero = 0
       one = 1
    Tbecnw = 75200
Free:
       pc1 = 0
       pc2 = 0
       pc3 = 0
       pc4 = 0
       pc5 = 0
       pc6 = 0
       pc7 = 0
       pc8 = 0
       pc9 = 0
      pc10 = 0
      pc11 = 0
      pc12 = 0
      pc13 = 0
      pc14 = 0
Constrained:
     Tecnw = 61880.8
       Tnw = 1885.96
       Tec = 3721.49
     twoNb = 914013
     twoNe = 210199
     twoNc = 184505
     twoNw = 907487
    twoNec = 101684
    twoNnw = 167987
  twoNecnw = 12621.8
  twoNbecnw = 89161.1
        m2 = 0.0073254
        m5 = 0.480391
        m6 = 0.367345
        Tb = 32801.2
        Te = 1860.74
        Tf = 930.372
DiffEv reached_goal. cost=2.31250e-03 spread=2.51430e-06
Fitted parameter values
Free:
       pc1 = 3.96539
       pc2 = 0.968802
       pc3 = 1.97745
       pc4 = 0.774718
       pc5 = -1.73695
       pc6 = 1.76716
       pc7 = 1.89083
       pc8 = -0.20573
       pc9 = 0.340589
      pc10 = 0.0377811
      pc11 = -0.299381
      pc12 = -0.0729969
      pc13 = 0.0675493
      pc14 = -0.0172043
Constrained:
     Tecnw = 60948.1
       Tnw = 41.9234
       Tec = 24.5035
     twoNb = 1.80381e+06
     twoNe = 140560
     twoNc = 261452
     twoNw = 1.60721e+06
    twoNec = 112395
    twoNnw = 182547
  twoNecnw = 13209.4
  twoNbecnw = 88850.8
        m2 = 0.0155573
        m5 = 0.473667
        m6 = 0.358643
        Tb = 30486.3
        Te = 12.2518
        Tf = 6.12588
#       SitePat  BranchLen
              b 148444.9575151
              e 57529.7495177
              c 60478.5431584
              n 54820.7174130
              w 54819.6971449
            b:e 2741.4459578
            b:c 3108.4034153
            b:n 2273.6652516
            b:w 2273.6049254
            e:c 12467.0131678
            e:n 6601.3288694
            e:w 6601.7702072
            c:n 5719.3645966
            c:w 5719.7511299
            n:w 14489.1144480
          b:e:c 2543.7847177
          b:e:n 1331.6036434
          b:e:w 1331.6063581
          b:c:n 1331.7643654
          b:c:w 1331.7616237
          b:n:w 2538.6013827
          e:c:n 5357.5810012
          e:c:w 5357.7733983
          e:n:w 8139.1100961
          c:n:w 6949.4234509
        b:e:c:n 2275.2088279
        b:e:c:w 2275.2691810
        b:e:n:w 3088.1586880
        b:c:n:w 2725.7615973
        e:c:n:w 61974.1938189
