########################################
# legofit: estimate population history #
#       version 2.3.4-4-g53f8760       #
########################################

# Program was compiled: Sep 21 2021 14:36:42
# Program was run: Sat Oct  9 13:05:27 2021

# cmd: legofit -1 -d 0 -t 32 --ptsPerDim 3 --stateOut b1boot32.state --tol 3e-6 -S 5000 bef2.lgo ../../boot/boot32.opf
# Stage nOptItr nSimReps
#     0    5000        0
# algorithm          : deterministic
# ignoring probs <=  : 0
# Branch length floor: 0
# DE strategy        : 2
#    F               : 0.3
#    CR              : 0.8
#    tolerance       : 3e-06
# nthreads           : 32
# lgo input file     : bef2.lgo
# site pat input file: ../../boot/boot32.opf
# free parameters    : 14
# points in DE swarm : 42
# output state file  : b1boot32.state
# Including singleton site patterns.
# cost function      : KL
Initial parameter values
Fixed:
      zero = 0
       one = 1
    Tbecnw = 75200
Free:
       pc1 = 0
       pc2 = 0
       pc3 = 0
       pc4 = 0
       pc5 = 0
       pc6 = 0
       pc7 = 0
       pc8 = 0
       pc9 = 0
      pc10 = 0
      pc11 = 0
      pc12 = 0
      pc13 = 0
      pc14 = 0
Constrained:
     Tecnw = 61880.8
       Tnw = 1885.96
       Tec = 3721.49
     twoNb = 914013
     twoNe = 210199
     twoNc = 184505
     twoNw = 907487
    twoNec = 101684
    twoNnw = 167987
  twoNecnw = 12621.8
  twoNbecnw = 89161.1
        m2 = 0.0073254
        m5 = 0.480391
        m6 = 0.367345
        Tb = 32801.2
        Te = 1860.74
        Tf = 930.372
DiffEv reached_goal. cost=2.35426e-03 spread=2.46384e-06
Fitted parameter values
Free:
       pc1 = 3.84938
       pc2 = 0.272659
       pc3 = 1.94176
       pc4 = 0.907263
       pc5 = -1.91536
       pc6 = 0.345899
       pc7 = 0.936437
       pc8 = -1.06186
       pc9 = -0.00509226
      pc10 = -0.0116074
      pc11 = -0.209034
      pc12 = -0.066977
      pc13 = 0.0829877
      pc14 = 0.00113088
Constrained:
     Tecnw = 61190.9
       Tnw = 34.5704
       Tec = 55.3264
     twoNb = 1.50504e+06
     twoNe = 270763
     twoNc = 249155
     twoNw = 1.11459e+06
    twoNec = 112624
    twoNnw = 182116
  twoNecnw = 12900
  twoNbecnw = 89227.3
        m2 = 0.0180574
        m5 = 0.472021
        m6 = 0.358161
        Tb = 30623.1
        Te = 27.6632
        Tf = 13.8316
#       SitePat  BranchLen
              b 148806.4399431
              e 57659.7263614
              c 60603.5283864
              n 54844.6656920
              w 54844.0828021
            b:e 2763.3636062
            b:c 3134.6374030
            b:n 2261.6722075
            b:w 2261.6378101
            e:c 12463.0579907
            e:n 6578.3571836
            e:w 6578.4574751
            c:n 5699.8948003
            c:w 5700.2658795
            n:w 14530.7951112
          b:e:c 2546.4908528
          b:e:n 1325.3082182
          b:e:w 1325.2947920
          b:c:n 1325.5101020
          b:c:w 1325.5235078
          b:n:w 2539.2682776
          e:c:n 5319.1183204
          e:c:w 5319.2298397
          e:n:w 8170.0204986
          c:n:w 6976.1746097
        b:e:c:n 2263.8498318
        b:e:c:w 2263.8842497
        b:e:n:w 3106.5309209
        b:c:n:w 2741.5243673
        e:c:n:w 62308.2459489
