########################################
# legofit: estimate population history #
#       version 2.3.4-4-g53f8760       #
########################################

# Program was compiled: Sep 21 2021 14:36:42
# Program was run: Sat Oct  9 13:05:01 2021

# cmd: legofit -1 -d 0 -t 32 --ptsPerDim 3 --stateOut b1boot4.state --tol 3e-6 -S 5000 bef2.lgo ../../boot/boot4.opf
# Stage nOptItr nSimReps
#     0    5000        0
# algorithm          : deterministic
# ignoring probs <=  : 0
# Branch length floor: 0
# DE strategy        : 2
#    F               : 0.3
#    CR              : 0.8
#    tolerance       : 3e-06
# nthreads           : 32
# lgo input file     : bef2.lgo
# site pat input file: ../../boot/boot4.opf
# free parameters    : 14
# points in DE swarm : 42
# output state file  : b1boot4.state
# Including singleton site patterns.
# cost function      : KL
Initial parameter values
Fixed:
      zero = 0
       one = 1
    Tbecnw = 75200
Free:
       pc1 = 0
       pc2 = 0
       pc3 = 0
       pc4 = 0
       pc5 = 0
       pc6 = 0
       pc7 = 0
       pc8 = 0
       pc9 = 0
      pc10 = 0
      pc11 = 0
      pc12 = 0
      pc13 = 0
      pc14 = 0
Constrained:
     Tecnw = 61880.8
       Tnw = 1885.96
       Tec = 3721.49
     twoNb = 914013
     twoNe = 210199
     twoNc = 184505
     twoNw = 907487
    twoNec = 101684
    twoNnw = 167987
  twoNecnw = 12621.8
  twoNbecnw = 89161.1
        m2 = 0.0073254
        m5 = 0.480391
        m6 = 0.367345
        Tb = 32801.2
        Te = 1860.74
        Tf = 930.372
DiffEv reached_goal. cost=2.33413e-03 spread=2.90115e-06
Fitted parameter values
Free:
       pc1 = 3.64767
       pc2 = 0.952889
       pc3 = 1.79431
       pc4 = 1.38273
       pc5 = -1.97008
       pc6 = 1.21599
       pc7 = 1.74232
       pc8 = -0.281164
       pc9 = -0.0713712
      pc10 = 0.102954
      pc11 = -0.208888
      pc12 = -0.0736668
      pc13 = 0.109928
      pc14 = -0.00533348
Constrained:
     Tecnw = 61100.4
       Tnw = 72.9019
       Tec = 119.582
     twoNb = 1.6188e+06
     twoNe = 111893
     twoNc = 230093
     twoNw = 1.483e+06
    twoNec = 111497
    twoNnw = 181850
  twoNecnw = 12988.9
  twoNbecnw = 88762.9
        m2 = 0.0178558
        m5 = 0.473618
        m6 = 0.360098
        Tb = 30610
        Te = 59.7908
        Tf = 29.8954
#       SitePat  BranchLen
              b 148431.2319655
              e 57552.0693869
              c 60479.8405293
              n 54768.7672905
              w 54767.8797963
            b:e 2744.8592940
            b:c 3112.2441180
            b:n 2251.5075283
            b:w 2251.4552860
            e:c 12440.7354145
            e:n 6574.8641432
            e:w 6574.9966207
            c:n 5700.5597654
            c:w 5701.1445805
            n:w 14482.8126653
          b:e:c 2530.6797951
          b:e:n 1319.3513035
          b:e:w 1319.3289456
          b:c:n 1319.5256726
          b:c:w 1319.5480022
          b:n:w 2524.0721862
          e:c:n 5309.0658120
          e:c:w 5309.2360135
          e:n:w 8139.0202984
          c:n:w 6953.2837748
        b:e:c:n 2253.4762529
        b:e:c:w 2253.5285235
        b:e:n:w 3086.5615612
        b:c:n:w 2724.9051108
        e:c:n:w 62034.5021802
