########################################
# legofit: estimate population history #
#       version 2.3.4-4-g53f8760       #
########################################

# Program was compiled: Sep 21 2021 14:36:42
# Program was run: Sat Oct  9 13:05:27 2021

# cmd: legofit -1 -d 0 -t 32 --ptsPerDim 3 --stateOut b1boot31.state --tol 3e-6 -S 5000 bef2.lgo ../../boot/boot31.opf
# Stage nOptItr nSimReps
#     0    5000        0
# algorithm          : deterministic
# ignoring probs <=  : 0
# Branch length floor: 0
# DE strategy        : 2
#    F               : 0.3
#    CR              : 0.8
#    tolerance       : 3e-06
# nthreads           : 32
# lgo input file     : bef2.lgo
# site pat input file: ../../boot/boot31.opf
# free parameters    : 14
# points in DE swarm : 42
# output state file  : b1boot31.state
# Including singleton site patterns.
# cost function      : KL
Initial parameter values
Fixed:
      zero = 0
       one = 1
    Tbecnw = 75200
Free:
       pc1 = 0
       pc2 = 0
       pc3 = 0
       pc4 = 0
       pc5 = 0
       pc6 = 0
       pc7 = 0
       pc8 = 0
       pc9 = 0
      pc10 = 0
      pc11 = 0
      pc12 = 0
      pc13 = 0
      pc14 = 0
Constrained:
     Tecnw = 61880.8
       Tnw = 1885.96
       Tec = 3721.49
     twoNb = 914013
     twoNe = 210199
     twoNc = 184505
     twoNw = 907487
    twoNec = 101684
    twoNnw = 167987
  twoNecnw = 12621.8
  twoNbecnw = 89161.1
        m2 = 0.0073254
        m5 = 0.480391
        m6 = 0.367345
        Tb = 32801.2
        Te = 1860.74
        Tf = 930.372
DiffEv reached_goal. cost=2.29763e-03 spread=2.99043e-06
Fitted parameter values
Free:
       pc1 = 3.90281
       pc2 = 1.2607
       pc3 = 1.5606
       pc4 = 1.6287
       pc5 = -1.86291
       pc6 = 1.06828
       pc7 = 1.55321
       pc8 = -0.916281
       pc9 = 0.356487
      pc10 = 0.171264
      pc11 = -0.215045
      pc12 = -0.137743
      pc13 = -0.0238674
      pc14 = -0.00850712
Constrained:
     Tecnw = 60850.4
       Tnw = 69.1295
       Tec = 101.902
     twoNb = 1.47561e+06
     twoNe = 86268.5
     twoNc = 212462
     twoNw = 1.40783e+06
    twoNec = 112482
    twoNnw = 182868
  twoNecnw = 13311.9
  twoNbecnw = 88970.9
        m2 = 0.0187758
        m5 = 0.473002
        m6 = 0.359136
        Tb = 30476.1
        Te = 50.9511
        Tf = 25.4756
#       SitePat  BranchLen
              b 148436.4900758
              e 57648.2055390
              c 60575.9209790
              n 54851.2607462
              w 54850.2116175
            b:e 2784.8147616
            b:c 3156.5708889
            b:n 2279.9112186
            b:w 2279.8488332
            e:c 12450.9497357
            e:n 6606.4451357
            e:w 6606.6868129
            c:n 5734.0637582
            c:w 5734.6701159
            n:w 14499.8257753
          b:e:c 2554.8952006
          b:e:n 1337.8991310
          b:e:w 1337.8809130
          b:c:n 1338.1119211
          b:c:w 1338.1300994
          b:n:w 2547.2454706
          e:c:n 5364.2758527
          e:c:w 5364.4769466
          e:n:w 8208.5201611
          c:n:w 7018.0897338
        b:e:c:n 2282.2179411
        b:e:c:w 2282.2803662
        b:e:n:w 3126.7866938
        b:c:n:w 2761.6816518
        e:c:n:w 61888.4299756
