########################################
# legofit: estimate population history #
#       version 2.3.4-4-g53f8760       #
########################################

# Program was compiled: Sep 21 2021 14:36:42
# Program was run: Sat Oct  9 13:05:06 2021

# cmd: legofit -1 -d 0 -t 32 --ptsPerDim 3 --stateOut b1boot8.state --tol 3e-6 -S 5000 bef2.lgo ../../boot/boot8.opf
# Stage nOptItr nSimReps
#     0    5000        0
# algorithm          : deterministic
# ignoring probs <=  : 0
# Branch length floor: 0
# DE strategy        : 2
#    F               : 0.3
#    CR              : 0.8
#    tolerance       : 3e-06
# nthreads           : 32
# lgo input file     : bef2.lgo
# site pat input file: ../../boot/boot8.opf
# free parameters    : 14
# points in DE swarm : 42
# output state file  : b1boot8.state
# Including singleton site patterns.
# cost function      : KL
Initial parameter values
Fixed:
      zero = 0
       one = 1
    Tbecnw = 75200
Free:
       pc1 = 0
       pc2 = 0
       pc3 = 0
       pc4 = 0
       pc5 = 0
       pc6 = 0
       pc7 = 0
       pc8 = 0
       pc9 = 0
      pc10 = 0
      pc11 = 0
      pc12 = 0
      pc13 = 0
      pc14 = 0
Constrained:
     Tecnw = 61880.8
       Tnw = 1885.96
       Tec = 3721.49
     twoNb = 914013
     twoNe = 210199
     twoNc = 184505
     twoNw = 907487
    twoNec = 101684
    twoNnw = 167987
  twoNecnw = 12621.8
  twoNbecnw = 89161.1
        m2 = 0.0073254
        m5 = 0.480391
        m6 = 0.367345
        Tb = 32801.2
        Te = 1860.74
        Tf = 930.372
DiffEv reached_goal. cost=2.30005e-03 spread=2.89562e-06
Fitted parameter values
Free:
       pc1 = 3.83293
       pc2 = 1.24679
       pc3 = 1.74194
       pc4 = 0.979268
       pc5 = -1.96092
       pc6 = -0.138721
       pc7 = 1.54091
       pc8 = 0.214322
       pc9 = -0.177219
      pc10 = 0.0884625
      pc11 = -0.113175
      pc12 = -0.0516835
      pc13 = -0.00483747
      pc14 = -0.0112287
Constrained:
     Tecnw = 61123.7
       Tnw = 71.0353
       Tec = 100.037
     twoNb = 1.54778e+06
     twoNe = 203927
     twoNc = 276293
     twoNw = 1.04701e+06
    twoNec = 111295
    twoNnw = 180934
  twoNecnw = 13073.7
  twoNbecnw = 88362.9
        m2 = 0.0181264
        m5 = 0.473382
        m6 = 0.360774
        Tb = 30611.9
        Te = 50.0184
        Tf = 25.0092
#       SitePat  BranchLen
              b 147974.3908152
              e 57573.7161119
              c 60495.3485233
              n 54743.7042929
              w 54742.1639792
            b:e 2758.4468611
            b:c 3126.2266272
            b:n 2256.8727513
            b:w 2256.7819655
            e:c 12477.8690023
            e:n 6589.4162268
            e:w 6589.8096784
            c:n 5718.0788120
            c:w 5718.9320866
            n:w 14542.6341782
          b:e:c 2542.3346050
          b:e:n 1322.7687678
          b:e:w 1322.7459787
          b:c:n 1322.9535564
          b:c:w 1322.9762923
          b:n:w 2535.3244528
          e:c:n 5312.8100665
          e:c:w 5313.1036538
          e:n:w 8165.9432264
          c:n:w 6980.1056264
        b:e:c:n 2258.9307429
        b:e:c:w 2259.0215819
        b:e:n:w 3099.1484764
        b:c:n:w 2737.3738032
        e:c:n:w 61510.2322978
