########################################
# legofit: estimate population history #
#       version 2.3.4-4-g53f8760       #
########################################

# Program was compiled: Sep 21 2021 14:36:42
# Program was run: Sat Oct  9 13:05:15 2021

# cmd: legofit -1 -d 0 -t 32 --ptsPerDim 3 --stateOut b1boot23.state --tol 3e-6 -S 5000 bef2.lgo ../../boot/boot23.opf
# Stage nOptItr nSimReps
#     0    5000        0
# algorithm          : deterministic
# ignoring probs <=  : 0
# Branch length floor: 0
# DE strategy        : 2
#    F               : 0.3
#    CR              : 0.8
#    tolerance       : 3e-06
# nthreads           : 32
# lgo input file     : bef2.lgo
# site pat input file: ../../boot/boot23.opf
# free parameters    : 14
# points in DE swarm : 42
# output state file  : b1boot23.state
# Including singleton site patterns.
# cost function      : KL
Initial parameter values
Fixed:
      zero = 0
       one = 1
    Tbecnw = 75200
Free:
       pc1 = 0
       pc2 = 0
       pc3 = 0
       pc4 = 0
       pc5 = 0
       pc6 = 0
       pc7 = 0
       pc8 = 0
       pc9 = 0
      pc10 = 0
      pc11 = 0
      pc12 = 0
      pc13 = 0
      pc14 = 0
Constrained:
     Tecnw = 61880.8
       Tnw = 1885.96
       Tec = 3721.49
     twoNb = 914013
     twoNe = 210199
     twoNc = 184505
     twoNw = 907487
    twoNec = 101684
    twoNnw = 167987
  twoNecnw = 12621.8
  twoNbecnw = 89161.1
        m2 = 0.0073254
        m5 = 0.480391
        m6 = 0.367345
        Tb = 32801.2
        Te = 1860.74
        Tf = 930.372
DiffEv reached_goal. cost=2.29665e-03 spread=2.67232e-06
Fitted parameter values
Free:
       pc1 = 3.8166
       pc2 = 0.475871
       pc3 = 1.61211
       pc4 = 1.0894
       pc5 = -1.97797
       pc6 = 0.882463
       pc7 = 1.96478
       pc8 = -0.805649
       pc9 = -0.146133
      pc10 = 0.00542669
      pc11 = -0.102487
      pc12 = -0.0303717
      pc13 = -0.0408199
      pc14 = -0.0176549
Constrained:
     Tecnw = 61268.7
       Tnw = 50.6948
       Tec = 52.3872
     twoNb = 1.65373e+06
     twoNe = 81460.6
     twoNc = 268826
     twoNw = 1.29696e+06
    twoNec = 112757
    twoNnw = 181306
  twoNecnw = 12957.2
  twoNbecnw = 89028.9
        m2 = 0.0181077
        m5 = 0.472252
        m6 = 0.357723
        Tb = 30660.5
        Te = 26.1936
        Tf = 13.0968
#       SitePat  BranchLen
              b 148493.9953458
              e 57735.4780617
              c 60716.9757744
              n 54881.4499190
              w 54880.2736016
            b:e 2782.4888025
            b:c 3159.6738830
            b:n 2276.7771525
            b:w 2276.7074841
            e:c 12511.9794494
            e:n 6607.5320627
            e:w 6607.9564258
            c:n 5719.4921097
            c:w 5720.0215777
            n:w 14610.5526585
          b:e:c 2567.9609873
          b:e:n 1334.5285090
          b:e:w 1334.5232564
          b:c:n 1334.7223499
          b:c:w 1334.7275636
          b:n:w 2561.3546247
          e:c:n 5335.6671764
          e:c:w 5335.8896627
          e:n:w 8219.7596245
          c:n:w 7008.0976742
        b:e:c:n 2278.7412099
        b:e:c:w 2278.8109173
        b:e:n:w 3134.0852646
        b:c:n:w 2762.6410746
        e:c:n:w 61846.3370150
