########################################
# legofit: estimate population history #
#       version 2.3.4-4-g53f8760       #
########################################

# Program was compiled: Sep 21 2021 14:36:42
# Program was run: Sat Oct  9 13:05:01 2021

# cmd: legofit -1 -d 0 -t 32 --ptsPerDim 3 --stateOut b1boot1.state --tol 3e-6 -S 5000 bef2.lgo ../../boot/boot1.opf
# Stage nOptItr nSimReps
#     0    5000        0
# algorithm          : deterministic
# ignoring probs <=  : 0
# Branch length floor: 0
# DE strategy        : 2
#    F               : 0.3
#    CR              : 0.8
#    tolerance       : 3e-06
# nthreads           : 32
# lgo input file     : bef2.lgo
# site pat input file: ../../boot/boot1.opf
# free parameters    : 14
# points in DE swarm : 42
# output state file  : b1boot1.state
# Including singleton site patterns.
# cost function      : KL
Initial parameter values
Fixed:
      zero = 0
       one = 1
    Tbecnw = 75200
Free:
       pc1 = 0
       pc2 = 0
       pc3 = 0
       pc4 = 0
       pc5 = 0
       pc6 = 0
       pc7 = 0
       pc8 = 0
       pc9 = 0
      pc10 = 0
      pc11 = 0
      pc12 = 0
      pc13 = 0
      pc14 = 0
Constrained:
     Tecnw = 61880.8
       Tnw = 1885.96
       Tec = 3721.49
     twoNb = 914013
     twoNe = 210199
     twoNc = 184505
     twoNw = 907487
    twoNec = 101684
    twoNnw = 167987
  twoNecnw = 12621.8
  twoNbecnw = 89161.1
        m2 = 0.0073254
        m5 = 0.480391
        m6 = 0.367345
        Tb = 32801.2
        Te = 1860.74
        Tf = 930.372
DiffEv reached_goal. cost=2.29391e-03 spread=2.00254e-06
Fitted parameter values
Free:
       pc1 = 3.90671
       pc2 = 0.36432
       pc3 = 1.72468
       pc4 = 0.964864
       pc5 = -1.96512
       pc6 = 0.359005
       pc7 = 1.75737
       pc8 = -0.87734
       pc9 = -0.0449463
      pc10 = 0.0469554
      pc11 = -0.181883
      pc12 = -0.0517122
      pc13 = -0.0460826
      pc14 = -0.00939118
Constrained:
     Tecnw = 61256.9
       Tnw = 16.1076
       Tec = 1.12919
     twoNb = 1.60554e+06
     twoNe = 139928
     twoNc = 290029
     twoNw = 1.12485e+06
    twoNec = 112598
    twoNnw = 182023
  twoNecnw = 12960
  twoNbecnw = 89068.4
        m2 = 0.0183272
        m5 = 0.471987
        m6 = 0.358392
        Tb = 30629
        Te = 0.564594
        Tf = 0.282297
#       SitePat  BranchLen
              b 148524.4840651
              e 57745.9867793
              c 60697.2378680
              n 54914.4275459
              w 54913.7206862
            b:e 2785.0738904
            b:c 3158.8373992
            b:n 2279.2879773
            b:w 2279.2461753
            e:c 12522.0268161
            e:n 6603.6821919
            e:w 6604.0231177
            c:n 5724.2677299
            c:w 5724.5012675
            n:w 14594.3682994
          b:e:c 2568.1249351
          b:e:n 1335.4895021
          b:e:w 1335.4948402
          b:c:n 1335.7009601
          b:c:w 1335.6955972
          b:n:w 2561.2297031
          e:c:n 5341.0762290
          e:c:w 5341.2086253
          e:n:w 8208.3797266
          c:n:w 7009.7119087
        b:e:c:n 2281.3683237
        b:e:c:w 2281.4101505
        b:e:n:w 3132.1777125
        b:c:n:w 2764.3550303
        e:c:n:w 61872.4534214
