########################################
# legofit: estimate population history #
#       version 2.3.4-4-g53f8760       #
########################################

# Program was compiled: Sep 21 2021 14:36:42
# Program was run: Sat Oct  9 13:05:01 2021

# cmd: legofit -1 -d 0 -t 32 --ptsPerDim 3 --stateOut b1boot2.state --tol 3e-6 -S 5000 bef2.lgo ../../boot/boot2.opf
# Stage nOptItr nSimReps
#     0    5000        0
# algorithm          : deterministic
# ignoring probs <=  : 0
# Branch length floor: 0
# DE strategy        : 2
#    F               : 0.3
#    CR              : 0.8
#    tolerance       : 3e-06
# nthreads           : 32
# lgo input file     : bef2.lgo
# site pat input file: ../../boot/boot2.opf
# free parameters    : 14
# points in DE swarm : 42
# output state file  : b1boot2.state
# Including singleton site patterns.
# cost function      : KL
Initial parameter values
Fixed:
      zero = 0
       one = 1
    Tbecnw = 75200
Free:
       pc1 = 0
       pc2 = 0
       pc3 = 0
       pc4 = 0
       pc5 = 0
       pc6 = 0
       pc7 = 0
       pc8 = 0
       pc9 = 0
      pc10 = 0
      pc11 = 0
      pc12 = 0
      pc13 = 0
      pc14 = 0
Constrained:
     Tecnw = 61880.8
       Tnw = 1885.96
       Tec = 3721.49
     twoNb = 914013
     twoNe = 210199
     twoNc = 184505
     twoNw = 907487
    twoNec = 101684
    twoNnw = 167987
  twoNecnw = 12621.8
  twoNbecnw = 89161.1
        m2 = 0.0073254
        m5 = 0.480391
        m6 = 0.367345
        Tb = 32801.2
        Te = 1860.74
        Tf = 930.372
DiffEv reached_goal. cost=2.32864e-03 spread=2.72930e-06
Fitted parameter values
Free:
       pc1 = 3.9826
       pc2 = 0.619623
       pc3 = 1.64954
       pc4 = 0.688404
       pc5 = -1.89031
       pc6 = 0.924584
       pc7 = 1.98314
       pc8 = -0.395195
       pc9 = 0.00619544
      pc10 = 0.272066
      pc11 = -0.244779
      pc12 = -0.143174
      pc13 = 0.012634
      pc14 = -0.0132424
Constrained:
     Tecnw = 61141.5
       Tnw = 76.9246
       Tec = 89.1017
     twoNb = 1.75045e+06
     twoNe = 112202
     twoNc = 284823
     twoNw = 1.28744e+06
    twoNec = 113352
    twoNnw = 181846
  twoNecnw = 13048.7
  twoNbecnw = 88873.4
        m2 = 0.0164987
        m5 = 0.471067
        m6 = 0.359613
        Tb = 30615.3
        Te = 44.5508
        Tf = 22.2754
#       SitePat  BranchLen
              b 148426.2415751
              e 57715.5668276
              c 60592.4699218
              n 54863.7287668
              w 54862.0774697
            b:e 2763.2693245
            b:c 3123.4554403
            b:n 2271.8071193
            b:w 2271.7094183
            e:c 12450.9567620
            e:n 6586.5489412
            e:w 6587.0940683
            c:n 5727.2891118
            c:w 5728.0821548
            n:w 14537.8384336
          b:e:c 2550.8565681
          b:e:n 1332.0546089
          b:e:w 1332.0422598
          b:c:n 1332.2089860
          b:c:w 1332.2212883
          b:n:w 2545.2044046
          e:c:n 5338.6502637
          e:c:w 5338.9633906
          e:n:w 8151.9192957
          c:n:w 6988.1426949
        b:e:c:n 2273.4583505
        b:e:c:w 2273.5560983
        b:e:n:w 3101.4600543
        b:c:n:w 2746.0857824
        e:c:n:w 61879.2344652
