########################################
# legofit: estimate population history #
#       version 2.3.4-4-g53f8760       #
########################################

# Program was compiled: Sep 21 2021 14:36:42
# Program was run: Sat Oct  9 13:05:01 2021

# cmd: legofit -1 -d 0 -t 32 --ptsPerDim 3 --stateOut b1boot3.state --tol 3e-6 -S 5000 bef2.lgo ../../boot/boot3.opf
# Stage nOptItr nSimReps
#     0    5000        0
# algorithm          : deterministic
# ignoring probs <=  : 0
# Branch length floor: 0
# DE strategy        : 2
#    F               : 0.3
#    CR              : 0.8
#    tolerance       : 3e-06
# nthreads           : 32
# lgo input file     : bef2.lgo
# site pat input file: ../../boot/boot3.opf
# free parameters    : 14
# points in DE swarm : 42
# output state file  : b1boot3.state
# Including singleton site patterns.
# cost function      : KL
Initial parameter values
Fixed:
      zero = 0
       one = 1
    Tbecnw = 75200
Free:
       pc1 = 0
       pc2 = 0
       pc3 = 0
       pc4 = 0
       pc5 = 0
       pc6 = 0
       pc7 = 0
       pc8 = 0
       pc9 = 0
      pc10 = 0
      pc11 = 0
      pc12 = 0
      pc13 = 0
      pc14 = 0
Constrained:
     Tecnw = 61880.8
       Tnw = 1885.96
       Tec = 3721.49
     twoNb = 914013
     twoNe = 210199
     twoNc = 184505
     twoNw = 907487
    twoNec = 101684
    twoNnw = 167987
  twoNecnw = 12621.8
  twoNbecnw = 89161.1
        m2 = 0.0073254
        m5 = 0.480391
        m6 = 0.367345
        Tb = 32801.2
        Te = 1860.74
        Tf = 930.372
DiffEv reached_goal. cost=2.31703e-03 spread=2.97627e-06
Fitted parameter values
Free:
       pc1 = 3.95367
       pc2 = 0.47646
       pc3 = 1.91951
       pc4 = 1.00439
       pc5 = -1.63838
       pc6 = 0.787048
       pc7 = 1.56589
       pc8 = -1.52559
       pc9 = 0.0702969
      pc10 = 0.0527041
      pc11 = -0.292514
      pc12 = -0.0515889
      pc13 = -0.0603546
      pc14 = -0.00789832
Constrained:
     Tecnw = 61096.9
       Tnw = 137.468
       Tec = 236.117
     twoNb = 1.53474e+06
     twoNe = 164740
     twoNc = 290085
     twoNw = 1.29484e+06
    twoNec = 112266
    twoNnw = 182283
  twoNecnw = 13105.3
  twoNbecnw = 89368.9
        m2 = 0.0185054
        m5 = 0.470703
        m6 = 0.356587
        Tb = 30666.5
        Te = 118.059
        Tf = 59.0293
#       SitePat  BranchLen
              b 148751.5420948
              e 57777.5706359
              c 60727.1221468
              n 54983.3550267
              w 54981.6123077
            b:e 2796.2802177
            b:c 3171.8401411
            b:n 2291.8098824
            b:w 2291.7057626
            e:c 12537.0579428
            e:n 6598.7551068
            e:w 6598.9301991
            c:n 5720.3681143
            c:w 5721.5989788
            n:w 14585.7530506
          b:e:c 2580.3150206
          b:e:n 1341.4764673
          b:e:w 1341.4235741
          b:c:n 1341.6431126
          b:c:w 1341.6959443
          b:n:w 2573.0012275
          e:c:n 5368.7879261
          e:c:w 5369.1246881
          e:n:w 8225.0923867
          c:n:w 7024.5101852
        b:e:c:n 2293.9614910
        b:e:c:w 2294.0656722
        b:e:n:w 3143.5773870
        b:c:n:w 2774.3273515
        e:c:n:w 62062.2466314
