########################################
# legofit: estimate population history #
#       version 2.3.4-4-g53f8760       #
########################################

# Program was compiled: Sep 21 2021 14:36:42
# Program was run: Sat Oct  9 13:05:27 2021

# cmd: legofit -1 -d 0 -t 32 --ptsPerDim 3 --stateOut b1boot35.state --tol 3e-6 -S 5000 bef2.lgo ../../boot/boot35.opf
# Stage nOptItr nSimReps
#     0    5000        0
# algorithm          : deterministic
# ignoring probs <=  : 0
# Branch length floor: 0
# DE strategy        : 2
#    F               : 0.3
#    CR              : 0.8
#    tolerance       : 3e-06
# nthreads           : 32
# lgo input file     : bef2.lgo
# site pat input file: ../../boot/boot35.opf
# free parameters    : 14
# points in DE swarm : 42
# output state file  : b1boot35.state
# Including singleton site patterns.
# cost function      : KL
Initial parameter values
Fixed:
      zero = 0
       one = 1
    Tbecnw = 75200
Free:
       pc1 = 0
       pc2 = 0
       pc3 = 0
       pc4 = 0
       pc5 = 0
       pc6 = 0
       pc7 = 0
       pc8 = 0
       pc9 = 0
      pc10 = 0
      pc11 = 0
      pc12 = 0
      pc13 = 0
      pc14 = 0
Constrained:
     Tecnw = 61880.8
       Tnw = 1885.96
       Tec = 3721.49
     twoNb = 914013
     twoNe = 210199
     twoNc = 184505
     twoNw = 907487
    twoNec = 101684
    twoNnw = 167987
  twoNecnw = 12621.8
  twoNbecnw = 89161.1
        m2 = 0.0073254
        m5 = 0.480391
        m6 = 0.367345
        Tb = 32801.2
        Te = 1860.74
        Tf = 930.372
DiffEv reached_goal. cost=2.28909e-03 spread=2.51564e-06
Fitted parameter values
Free:
       pc1 = 3.74154
       pc2 = 0.380602
       pc3 = 1.96543
       pc4 = 1.05529
       pc5 = -1.98109
       pc6 = 0.923795
       pc7 = 1.98979
       pc8 = -0.840718
       pc9 = -0.200392
      pc10 = 0.179234
      pc11 = -0.116288
      pc12 = -0.12914
      pc13 = -0.0332884
      pc14 = 0.00292359
Constrained:
     Tecnw = 61301.2
       Tnw = 89.0309
       Tec = 174.219
     twoNb = 1.68702e+06
     twoNe = 117410
     twoNc = 289588
     twoNw = 1.36004e+06
    twoNec = 113112
    twoNnw = 181494
  twoNecnw = 12907.7
  twoNbecnw = 89079.6
        m2 = 0.0185925
        m5 = 0.471839
        m6 = 0.359389
        Tb = 30737.7
        Te = 87.1093
        Tf = 43.5547
#       SitePat  BranchLen
              b 148547.4521400
              e 57825.3076672
              c 60750.3409716
              n 54904.8635215
              w 54904.0947552
            b:e 2789.4777932
            b:c 3160.2785856
            b:n 2274.0842531
            b:w 2274.0384770
            e:c 12457.6811370
            e:n 6599.6069594
            e:w 6599.5045609
            c:n 5728.2902086
            c:w 5729.0106590
            n:w 14583.4925991
          b:e:c 2562.3489352
          b:e:n 1334.8780817
          b:e:w 1334.8370953
          b:c:n 1335.0334291
          b:c:w 1335.0743918
          b:n:w 2555.7332699
          e:c:n 5328.8427920
          e:c:w 5328.9935064
          e:n:w 8212.5784241
          c:n:w 7023.2971310
        b:e:c:n 2276.0789804
        b:e:c:w 2276.1247802
        b:e:n:w 3134.6158583
        b:c:n:w 2769.4810632
        e:c:n:w 61898.6605626
