########################################
# legofit: estimate population history #
#       version 2.3.4-4-g53f8760       #
########################################

# Program was compiled: Sep 21 2021 14:36:42
# Program was run: Sat Oct  9 13:05:22 2021

# cmd: legofit -1 -d 0 -t 32 --ptsPerDim 3 --stateOut b1boot27.state --tol 3e-6 -S 5000 bef2.lgo ../../boot/boot27.opf
# Stage nOptItr nSimReps
#     0    5000        0
# algorithm          : deterministic
# ignoring probs <=  : 0
# Branch length floor: 0
# DE strategy        : 2
#    F               : 0.3
#    CR              : 0.8
#    tolerance       : 3e-06
# nthreads           : 32
# lgo input file     : bef2.lgo
# site pat input file: ../../boot/boot27.opf
# free parameters    : 14
# points in DE swarm : 42
# output state file  : b1boot27.state
# Including singleton site patterns.
# cost function      : KL
Initial parameter values
Fixed:
      zero = 0
       one = 1
    Tbecnw = 75200
Free:
       pc1 = 0
       pc2 = 0
       pc3 = 0
       pc4 = 0
       pc5 = 0
       pc6 = 0
       pc7 = 0
       pc8 = 0
       pc9 = 0
      pc10 = 0
      pc11 = 0
      pc12 = 0
      pc13 = 0
      pc14 = 0
Constrained:
     Tecnw = 61880.8
       Tnw = 1885.96
       Tec = 3721.49
     twoNb = 914013
     twoNe = 210199
     twoNc = 184505
     twoNw = 907487
    twoNec = 101684
    twoNnw = 167987
  twoNecnw = 12621.8
  twoNbecnw = 89161.1
        m2 = 0.0073254
        m5 = 0.480391
        m6 = 0.367345
        Tb = 32801.2
        Te = 1860.74
        Tf = 930.372
DiffEv reached_goal. cost=2.28735e-03 spread=2.67917e-06
Fitted parameter values
Free:
       pc1 = 3.82376
       pc2 = 0.336239
       pc3 = 1.49795
       pc4 = 1.12859
       pc5 = -1.92649
       pc6 = 0.646266
       pc7 = 1.551
       pc8 = -1.29755
       pc9 = 0.159119
      pc10 = -0.119542
      pc11 = -0.0562654
      pc12 = -0.0839452
      pc13 = 0.0441428
      pc14 = -0.0154979
Constrained:
     Tecnw = 61144.2
       Tnw = 57.6456
       Tec = 70.2467
     twoNb = 1.53665e+06
     twoNe = 114144
     twoNc = 250241
     twoNw = 1.17094e+06
    twoNec = 113480
    twoNnw = 181600
  twoNecnw = 12990.1
  twoNbecnw = 89301.3
        m2 = 0.0182421
        m5 = 0.473099
        m6 = 0.35682
        Tb = 30607.2
        Te = 35.1234
        Tf = 17.5617
#       SitePat  BranchLen
              b 148804.0053771
              e 57689.3954448
              c 60704.0066698
              n 54832.7757910
              w 54831.4781263
            b:e 2776.9480252
            b:c 3158.5116202
            b:n 2269.6963608
            b:w 2269.6195832
            e:c 12442.5531159
            e:n 6606.0936792
            e:w 6606.5065027
            c:n 5708.0360027
            c:w 5708.6745523
            n:w 14560.7100189
          b:e:c 2555.3111367
          b:e:n 1332.3942843
          b:e:w 1332.3830375
          b:c:n 1332.6016742
          b:c:w 1332.6128748
          b:n:w 2548.1721587
          e:c:n 5332.1216509
          e:c:w 5332.3679425
          e:n:w 8225.5101806
          c:n:w 7000.0112823
        b:e:c:n 2271.8193883
        b:e:c:w 2271.8962122
        b:e:n:w 3130.5816509
        b:c:n:w 2755.3581289
        e:c:n:w 62236.0292612
