########################################
# legofit: estimate population history #
#       version 2.3.4-4-g53f8760       #
########################################

# Program was compiled: Sep 21 2021 14:36:42
# Program was run: Sat Oct  9 13:05:15 2021

# cmd: legofit -1 -d 0 -t 32 --ptsPerDim 3 --stateOut b1boot21.state --tol 3e-6 -S 5000 bef2.lgo ../../boot/boot21.opf
# Stage nOptItr nSimReps
#     0    5000        0
# algorithm          : deterministic
# ignoring probs <=  : 0
# Branch length floor: 0
# DE strategy        : 2
#    F               : 0.3
#    CR              : 0.8
#    tolerance       : 3e-06
# nthreads           : 32
# lgo input file     : bef2.lgo
# site pat input file: ../../boot/boot21.opf
# free parameters    : 14
# points in DE swarm : 42
# output state file  : b1boot21.state
# Including singleton site patterns.
# cost function      : KL
Initial parameter values
Fixed:
      zero = 0
       one = 1
    Tbecnw = 75200
Free:
       pc1 = 0
       pc2 = 0
       pc3 = 0
       pc4 = 0
       pc5 = 0
       pc6 = 0
       pc7 = 0
       pc8 = 0
       pc9 = 0
      pc10 = 0
      pc11 = 0
      pc12 = 0
      pc13 = 0
      pc14 = 0
Constrained:
     Tecnw = 61880.8
       Tnw = 1885.96
       Tec = 3721.49
     twoNb = 914013
     twoNe = 210199
     twoNc = 184505
     twoNw = 907487
    twoNec = 101684
    twoNnw = 167987
  twoNecnw = 12621.8
  twoNbecnw = 89161.1
        m2 = 0.0073254
        m5 = 0.480391
        m6 = 0.367345
        Tb = 32801.2
        Te = 1860.74
        Tf = 930.372
DiffEv reached_goal. cost=2.29444e-03 spread=2.79974e-06
Fitted parameter values
Free:
       pc1 = 3.96793
       pc2 = 0.915689
       pc3 = 1.9238
       pc4 = 1.28389
       pc5 = -1.79887
       pc6 = 1.32791
       pc7 = 1.92423
       pc8 = -1.6943
       pc9 = 0.0642546
      pc10 = 0.135046
      pc11 = -0.08191
      pc12 = 0.00114884
      pc13 = -0.00405748
      pc14 = -0.00253891
Constrained:
     Tecnw = 60924.9
       Tnw = 108.078
       Tec = 200.249
     twoNb = 1.59999e+06
     twoNe = 86081.1
     twoNc = 269217
     twoNw = 1.50156e+06
    twoNec = 112633
    twoNnw = 181127
  twoNecnw = 13227.4
  twoNbecnw = 89344
        m2 = 0.0198512
        m5 = 0.470757
        m6 = 0.356235
        Tb = 30562.6
        Te = 100.124
        Tf = 50.0622
#       SitePat  BranchLen
              b 148752.5754609
              e 57691.4158870
              c 60665.5911009
              n 54805.5478398
              w 54804.5630434
            b:e 2802.0932096
            b:c 3182.2512590
            b:n 2279.4419170
            b:w 2279.3831256
            e:c 12499.5340150
            e:n 6600.8423612
            e:w 6600.8306766
            c:n 5717.8392285
            c:w 5718.6435489
            n:w 14602.9881978
          b:e:c 2572.3175851
          b:e:n 1336.7359553
          b:e:w 1336.6951697
          b:c:n 1336.9214493
          b:c:w 1336.9621998
          b:n:w 2564.7853415
          e:c:n 5354.4208491
          e:c:w 5354.6130097
          e:n:w 8268.3007930
          c:n:w 7052.3250389
        b:e:c:n 2281.7006279
        b:e:c:w 2281.7594545
        b:e:n:w 3153.0297671
        b:c:n:w 2779.4099943
        e:c:n:w 62141.7731557
