########################################
# legofit: estimate population history #
#       version 2.3.4-4-g53f8760       #
########################################

# Program was compiled: Sep 21 2021 14:36:42
# Program was run: Sat Oct  9 13:05:37 2021

# cmd: legofit -1 -d 0 -t 32 --ptsPerDim 3 --stateOut b1boot44.state --tol 3e-6 -S 5000 bef2.lgo ../../boot/boot44.opf
# Stage nOptItr nSimReps
#     0    5000        0
# algorithm          : deterministic
# ignoring probs <=  : 0
# Branch length floor: 0
# DE strategy        : 2
#    F               : 0.3
#    CR              : 0.8
#    tolerance       : 3e-06
# nthreads           : 32
# lgo input file     : bef2.lgo
# site pat input file: ../../boot/boot44.opf
# free parameters    : 14
# points in DE swarm : 42
# output state file  : b1boot44.state
# Including singleton site patterns.
# cost function      : KL
Initial parameter values
Fixed:
      zero = 0
       one = 1
    Tbecnw = 75200
Free:
       pc1 = 0
       pc2 = 0
       pc3 = 0
       pc4 = 0
       pc5 = 0
       pc6 = 0
       pc7 = 0
       pc8 = 0
       pc9 = 0
      pc10 = 0
      pc11 = 0
      pc12 = 0
      pc13 = 0
      pc14 = 0
Constrained:
     Tecnw = 61880.8
       Tnw = 1885.96
       Tec = 3721.49
     twoNb = 914013
     twoNe = 210199
     twoNc = 184505
     twoNw = 907487
    twoNec = 101684
    twoNnw = 167987
  twoNecnw = 12621.8
  twoNbecnw = 89161.1
        m2 = 0.0073254
        m5 = 0.480391
        m6 = 0.367345
        Tb = 32801.2
        Te = 1860.74
        Tf = 930.372
DiffEv reached_goal. cost=2.30833e-03 spread=2.65519e-06
Fitted parameter values
Free:
       pc1 = 3.97716
       pc2 = 2.20234
       pc3 = 1.95196
       pc4 = 1.79564
       pc5 = -1.97648
       pc6 = 1.6887
       pc7 = 1.54681
       pc8 = -0.0845415
       pc9 = -0.040072
      pc10 = -0.015241
      pc11 = -0.118647
      pc12 = -0.0131875
      pc13 = 0.0346112
      pc14 = -0.0175992
Constrained:
     Tecnw = 60719.5
       Tnw = 50.4477
       Tec = 53.5923
     twoNb = 1.56823e+06
     twoNe = 132104
     twoNc = 175977
     twoNw = 1.73254e+06
    twoNec = 111237
    twoNnw = 181889
  twoNecnw = 13394.2
  twoNbecnw = 88389.7
        m2 = 0.0193457
        m5 = 0.473907
        m6 = 0.357986
        Tb = 30386.5
        Te = 26.7962
        Tf = 13.3981
#       SitePat  BranchLen
              b 148004.5691518
              e 57427.2411616
              c 60411.6862214
              n 54677.6038540
              w 54676.7457699
            b:e 2756.4692802
            b:c 3133.6441008
            b:n 2256.2886918
            b:w 2256.2381422
            e:c 12461.6289723
            e:n 6589.6705046
            e:w 6589.9753645
            c:n 5700.8098299
            c:w 5701.2004314
            n:w 14486.1186374
          b:e:c 2535.2044473
          b:e:n 1322.4052959
          b:e:w 1322.4010347
          b:c:n 1322.6272179
          b:c:w 1322.6314473
          b:n:w 2527.7770108
          e:c:n 5330.4299152
          e:c:w 5330.5925378
          e:n:w 8190.5196976
          c:n:w 6976.7037547
        b:e:c:n 2258.5171548
        b:e:c:w 2258.5677363
        b:e:n:w 3104.7722025
        b:c:n:w 2734.1515382
        e:c:n:w 61637.8691473
