########################################
# legofit: estimate population history #
#       version 2.3.4-4-g53f8760       #
########################################

# Program was compiled: Sep 21 2021 14:36:42
# Program was run: Sat Oct  9 13:05:06 2021

# cmd: legofit -1 -d 0 -t 32 --ptsPerDim 3 --stateOut b1boot11.state --tol 3e-6 -S 5000 bef2.lgo ../../boot/boot11.opf
# Stage nOptItr nSimReps
#     0    5000        0
# algorithm          : deterministic
# ignoring probs <=  : 0
# Branch length floor: 0
# DE strategy        : 2
#    F               : 0.3
#    CR              : 0.8
#    tolerance       : 3e-06
# nthreads           : 32
# lgo input file     : bef2.lgo
# site pat input file: ../../boot/boot11.opf
# free parameters    : 14
# points in DE swarm : 42
# output state file  : b1boot11.state
# Including singleton site patterns.
# cost function      : KL
Initial parameter values
Fixed:
      zero = 0
       one = 1
    Tbecnw = 75200
Free:
       pc1 = 0
       pc2 = 0
       pc3 = 0
       pc4 = 0
       pc5 = 0
       pc6 = 0
       pc7 = 0
       pc8 = 0
       pc9 = 0
      pc10 = 0
      pc11 = 0
      pc12 = 0
      pc13 = 0
      pc14 = 0
Constrained:
     Tecnw = 61880.8
       Tnw = 1885.96
       Tec = 3721.49
     twoNb = 914013
     twoNe = 210199
     twoNc = 184505
     twoNw = 907487
    twoNec = 101684
    twoNnw = 167987
  twoNecnw = 12621.8
  twoNbecnw = 89161.1
        m2 = 0.0073254
        m5 = 0.480391
        m6 = 0.367345
        Tb = 32801.2
        Te = 1860.74
        Tf = 930.372
DiffEv reached_goal. cost=2.31751e-03 spread=2.66280e-06
Fitted parameter values
Free:
       pc1 = 3.86475
       pc2 = 1.36896
       pc3 = 1.53953
       pc4 = 1.43427
       pc5 = -1.95654
       pc6 = 1.63048
       pc7 = 1.42168
       pc8 = -0.450251
       pc9 = 0.38976
      pc10 = -0.127839
      pc11 = -0.116821
      pc12 = -0.0961016
      pc13 = -0.0343641
      pc14 = -0.0362322
Constrained:
     Tecnw = 60880.3
       Tnw = 66.7031
       Tec = 35.9801
     twoNb = 1.59293e+06
     twoNe = 108959
     twoNc = 171650
     twoNw = 1.5468e+06
    twoNec = 112788
    twoNnw = 182363
  twoNecnw = 13326.9
  twoNbecnw = 88826
        m2 = 0.0172457
        m5 = 0.475071
        m6 = 0.357678
        Tb = 30458.2
        Te = 17.99
        Tf = 8.99501
#       SitePat  BranchLen
              b 148311.0964139
              e 57579.3176252
              c 60599.4333701
              n 54828.0422339
              w 54826.3158499
            b:e 2768.3229420
            b:c 3148.7510855
            b:n 2281.6207259
            b:w 2281.5182415
            e:c 12452.6188085
            e:n 6629.3707865
            e:w 6630.1295151
            c:n 5728.6306012
            c:w 5729.2721331
            n:w 14512.8998641
          b:e:c 2554.4108456
          b:e:n 1339.0309509
          b:e:w 1339.0367788
          b:c:n 1339.2398887
          b:c:w 1339.2340034
          b:n:w 2547.9136564
          e:c:n 5367.8105333
          e:c:w 5368.1366568
          e:n:w 8213.2961995
          c:n:w 6988.5369790
        b:e:c:n 2283.5374655
        b:e:c:w 2283.6400074
        b:e:n:w 3123.3224931
        b:c:n:w 2748.7292300
        e:c:n:w 61757.4231204
