########################################
# legofit: estimate population history #
#       version 2.3.4-4-g53f8760       #
########################################

# Program was compiled: Sep 21 2021 14:36:42
# Program was run: Sat Oct  9 13:05:22 2021

# cmd: legofit -1 -d 0 -t 32 --ptsPerDim 3 --stateOut b1boot29.state --tol 3e-6 -S 5000 bef2.lgo ../../boot/boot29.opf
# Stage nOptItr nSimReps
#     0    5000        0
# algorithm          : deterministic
# ignoring probs <=  : 0
# Branch length floor: 0
# DE strategy        : 2
#    F               : 0.3
#    CR              : 0.8
#    tolerance       : 3e-06
# nthreads           : 32
# lgo input file     : bef2.lgo
# site pat input file: ../../boot/boot29.opf
# free parameters    : 14
# points in DE swarm : 42
# output state file  : b1boot29.state
# Including singleton site patterns.
# cost function      : KL
Initial parameter values
Fixed:
      zero = 0
       one = 1
    Tbecnw = 75200
Free:
       pc1 = 0
       pc2 = 0
       pc3 = 0
       pc4 = 0
       pc5 = 0
       pc6 = 0
       pc7 = 0
       pc8 = 0
       pc9 = 0
      pc10 = 0
      pc11 = 0
      pc12 = 0
      pc13 = 0
      pc14 = 0
Constrained:
     Tecnw = 61880.8
       Tnw = 1885.96
       Tec = 3721.49
     twoNb = 914013
     twoNe = 210199
     twoNc = 184505
     twoNw = 907487
    twoNec = 101684
    twoNnw = 167987
  twoNecnw = 12621.8
  twoNbecnw = 89161.1
        m2 = 0.0073254
        m5 = 0.480391
        m6 = 0.367345
        Tb = 32801.2
        Te = 1860.74
        Tf = 930.372
DiffEv reached_goal. cost=2.31186e-03 spread=2.69820e-06
Fitted parameter values
Free:
       pc1 = 3.75652
       pc2 = 1.5496
       pc3 = 1.85135
       pc4 = 1.63697
       pc5 = -1.79376
       pc6 = 0.783281
       pc7 = 1.76371
       pc8 = -0.382259
       pc9 = -0.230721
      pc10 = -0.13578
      pc11 = -0.0739105
      pc12 = 0.0413709
      pc13 = 0.119727
      pc14 = -0.0410691
Constrained:
     Tecnw = 60944.8
       Tnw = 121.556
       Tec = 116.752
     twoNb = 1.47608e+06
     twoNe = 118950
     twoNc = 249793
     twoNw = 1.43512e+06
    twoNec = 110464
    twoNnw = 180813
  twoNecnw = 13114.5
  twoNbecnw = 88561.9
        m2 = 0.0196295
        m5 = 0.474035
        m6 = 0.357701
        Tb = 30530.8
        Te = 58.3758
        Tf = 29.1879
#       SitePat  BranchLen
              b 148245.3607279
              e 57417.4849463
              c 60427.6888277
              n 54663.3322290
              w 54660.6689348
            b:e 2746.8136199
            b:c 3127.6159982
            b:n 2241.9063437
            b:w 2241.7503320
            e:c 12477.0528216
            e:n 6570.3253503
            e:w 6571.3281173
            c:n 5674.1383060
            c:w 5675.2966863
            n:w 14504.0133239
          b:e:c 2530.5966364
          b:e:n 1312.6096709
          b:e:w 1312.6019614
          b:c:n 1312.8440567
          b:c:w 1312.8516601
          b:n:w 2522.5865701
          e:c:n 5295.7301915
          e:c:w 5296.2323384
          e:n:w 8180.3202166
          c:n:w 6954.7783856
        b:e:c:n 2244.1809583
        b:e:c:w 2244.3370762
        b:e:n:w 3096.5783405
        b:c:n:w 2722.8483025
        e:c:n:w 61919.2900092
