########################################
# legofit: estimate population history #
#       version 2.3.4-4-g53f8760       #
########################################

# Program was compiled: Sep 21 2021 14:36:42
# Program was run: Sat Oct  9 13:05:15 2021

# cmd: legofit -1 -d 0 -t 32 --ptsPerDim 3 --stateOut b1boot19.state --tol 3e-6 -S 5000 bef2.lgo ../../boot/boot19.opf
# Stage nOptItr nSimReps
#     0    5000        0
# algorithm          : deterministic
# ignoring probs <=  : 0
# Branch length floor: 0
# DE strategy        : 2
#    F               : 0.3
#    CR              : 0.8
#    tolerance       : 3e-06
# nthreads           : 32
# lgo input file     : bef2.lgo
# site pat input file: ../../boot/boot19.opf
# free parameters    : 14
# points in DE swarm : 42
# output state file  : b1boot19.state
# Including singleton site patterns.
# cost function      : KL
Initial parameter values
Fixed:
      zero = 0
       one = 1
    Tbecnw = 75200
Free:
       pc1 = 0
       pc2 = 0
       pc3 = 0
       pc4 = 0
       pc5 = 0
       pc6 = 0
       pc7 = 0
       pc8 = 0
       pc9 = 0
      pc10 = 0
      pc11 = 0
      pc12 = 0
      pc13 = 0
      pc14 = 0
Constrained:
     Tecnw = 61880.8
       Tnw = 1885.96
       Tec = 3721.49
     twoNb = 914013
     twoNe = 210199
     twoNc = 184505
     twoNw = 907487
    twoNec = 101684
    twoNnw = 167987
  twoNecnw = 12621.8
  twoNbecnw = 89161.1
        m2 = 0.0073254
        m5 = 0.480391
        m6 = 0.367345
        Tb = 32801.2
        Te = 1860.74
        Tf = 930.372
DiffEv reached_goal. cost=2.30906e-03 spread=2.31961e-06
Fitted parameter values
Free:
       pc1 = 3.94375
       pc2 = 0.907937
       pc3 = 1.57068
       pc4 = 1.27086
       pc5 = -1.9852
       pc6 = 1.52181
       pc7 = 1.59509
       pc8 = -0.842879
       pc9 = -0.197239
      pc10 = -0.125672
      pc11 = -0.140977
      pc12 = 0.0855941
      pc13 = 0.0332817
      pc14 = -0.00844941
Constrained:
     Tecnw = 61087.2
       Tnw = 10.1938
       Tec = 11.2082
     twoNb = 1.62992e+06
     twoNe = 101503
     twoNc = 201701
     twoNw = 1.5039e+06
    twoNec = 112156
    twoNnw = 181274
  twoNecnw = 13060.1
  twoNbecnw = 88987.4
        m2 = 0.0179762
        m5 = 0.471758
        m6 = 0.35539
        Tb = 30549.2
        Te = 5.6041
        Tf = 2.80205
#       SitePat  BranchLen
              b 148536.1764506
              e 57563.3193918
              c 60582.6837980
              n 54786.2780936
              w 54786.0841107
            b:e 2762.1732838
            b:c 3142.6792988
            b:n 2266.5998427
            b:w 2266.5883944
            e:c 12535.8469701
            e:n 6590.4926096
            e:w 6590.5601435
            c:n 5690.8051268
            c:w 5690.8948877
            n:w 14595.0082128
          b:e:c 2558.8667408
          b:e:n 1326.0478144
          b:e:w 1326.0467078
          b:c:n 1326.2498573
          b:c:w 1326.2509575
          b:n:w 2552.1749296
          e:c:n 5329.5337983
          e:c:w 5329.5704864
          e:n:w 8202.1043725
          c:n:w 6975.7947174
        b:e:c:n 2268.6358672
        b:e:c:w 2268.6473220
        b:e:n:w 3116.7345862
        b:c:n:w 2742.1202660
        e:c:n:w 62017.4122246
