########################################
# legofit: estimate population history #
#       version 2.3.4-4-g53f8760       #
########################################

# Program was compiled: Sep 21 2021 14:36:42
# Program was run: Thu Oct 14 10:02:26 2021

# cmd: legofit -1 -d 0 -t 32 --ptsPerDim 3 --stateOut b1.state --tol 3e-6 -S 5000 begh2.lgo ../../pan.opf
# Stage nOptItr nSimReps
#     0    5000        0
# algorithm          : deterministic
# ignoring probs <=  : 0
# Branch length floor: 0
# DE strategy        : 2
#    F               : 0.3
#    CR              : 0.8
#    tolerance       : 3e-06
# nthreads           : 32
# lgo input file     : begh2.lgo
# site pat input file: ../../pan.opf
# free parameters    : 14
# points in DE swarm : 42
# output state file  : b1.state
# Including singleton site patterns.
# cost function      : KL
Initial parameter values
Fixed:
      zero = 0
       one = 1
    Tbecnw = 75200
Free:
       pc1 = 0
       pc2 = 0
       pc3 = 0
       pc4 = 0
       pc5 = 0
       pc6 = 0
       pc7 = 0
       pc8 = 0
       pc9 = 0
      pc10 = 0
      pc11 = 0
      pc12 = 0
      pc13 = 0
      pc14 = 0
Constrained:
     Tecnw = 61469.4
       Tnw = 7221.06
       Tec = 7089.7
     twoNb = 1.82554e+06
     twoNe = 187321
     twoNw = 939400
    twoNec = 84729.1
    twoNnw = 139277
  twoNecnw = 13365.6
  twoNbecnw = 88251.9
        m2 = 0.00289564
        m5 = 0.172986
        m7 = 3.31425e-05
        m8 = 0.391584
        Th = 7155.38
        Tb = 34279.6
        Te = 3544.85
        Tg = 1772.43
DiffEv reached_goal. cost=2.32432e-03 spread=2.97435e-06
Fitted parameter values
Free:
       pc1 = 3.97688
       pc2 = 3.98879
       pc3 = 0.949985
       pc4 = 1.72531
       pc5 = 1.61927
       pc6 = 0.375687
       pc7 = 1.13859
       pc8 = 1.78813
       pc9 = -0.193352
      pc10 = 0.309663
      pc11 = 0.0637818
      pc12 = 0.0389871
      pc13 = 0.0497818
      pc14 = 0.0340347
Constrained:
     Tecnw = 62754
       Tnw = 644.18
       Tec = 639.567
     twoNb = 2.78133e+06
     twoNe = 142873
     twoNw = 846240
    twoNec = 107308
    twoNnw = 176844
  twoNecnw = 11667.7
  twoNbecnw = 89855.1
        m2 = 0.0126887
        m5 = 0.171722
        m7 = 7.03945e-05
        m8 = 0.374594
        Th = 641.873
        Tb = 31696.8
        Te = 319.783
        Tg = 159.892
#       SitePat  BranchLen
              b 149333.8224460
              e 58038.6231838
              c 60892.5915319
              n 55141.7120796
              w 55137.5635200
            b:e 2764.2969130
            b:c 3119.1565527
            b:n 2286.8373415
            b:w 2286.5918781
            e:c 12569.6577079
            e:n 6656.9135887
            e:w 6660.9883564
            c:n 5807.0968429
            c:w 5806.4174346
            n:w 14654.0248018
          b:e:c 2582.9815256
          b:e:n 1340.1440514
          b:e:w 1340.3821075
          b:c:n 1340.4520815
          b:c:w 1340.2139652
          b:n:w 2580.2803374
          e:c:n 5309.3141359
          e:c:w 5310.0673360
          e:n:w 8139.8355991
          c:n:w 6988.1315847
        b:e:c:n 2287.4153847
        b:e:c:w 2287.6609084
        b:e:n:w 3108.9991630
        b:c:n:w 2756.1229693
        e:c:n:w 62358.0776639
