########################################
# legofit: estimate population history #
#       version 2.3.4-4-g53f8760       #
########################################

# Program was compiled: Sep 21 2021 14:36:42
# Program was run: Thu Oct 14 10:03:13 2021

# cmd: legofit -1 -d 0 -t 32 --ptsPerDim 3 --stateOut b1boot32.state --tol 3e-6 -S 5000 begh2.lgo ../../boot/boot32.opf
# Stage nOptItr nSimReps
#     0    5000        0
# algorithm          : deterministic
# ignoring probs <=  : 0
# Branch length floor: 0
# DE strategy        : 2
#    F               : 0.3
#    CR              : 0.8
#    tolerance       : 3e-06
# nthreads           : 32
# lgo input file     : begh2.lgo
# site pat input file: ../../boot/boot32.opf
# free parameters    : 14
# points in DE swarm : 42
# output state file  : b1boot32.state
# Including singleton site patterns.
# cost function      : KL
Initial parameter values
Fixed:
      zero = 0
       one = 1
    Tbecnw = 75200
Free:
       pc1 = 0
       pc2 = 0
       pc3 = 0
       pc4 = 0
       pc5 = 0
       pc6 = 0
       pc7 = 0
       pc8 = 0
       pc9 = 0
      pc10 = 0
      pc11 = 0
      pc12 = 0
      pc13 = 0
      pc14 = 0
Constrained:
     Tecnw = 61469.4
       Tnw = 7221.06
       Tec = 7089.7
     twoNb = 1.82554e+06
     twoNe = 187321
     twoNw = 939400
    twoNec = 84729.1
    twoNnw = 139277
  twoNecnw = 13365.6
  twoNbecnw = 88251.9
        m2 = 0.00289564
        m5 = 0.172986
        m7 = 3.31425e-05
        m8 = 0.391584
        Th = 7155.38
        Tb = 34279.6
        Te = 3544.85
        Tg = 1772.43
DiffEv reached_goal. cost=2.36711e-03 spread=2.96294e-06
Fitted parameter values
Free:
       pc1 = 3.92304
       pc2 = 3.94094
       pc3 = 1.05499
       pc4 = 1.80462
       pc5 = 1.70693
       pc6 = 0.15673
       pc7 = 0.112764
       pc8 = 1.82635
       pc9 = -0.106978
      pc10 = 0.199427
      pc11 = -0.064592
      pc12 = 0.0450067
      pc13 = 0.0414507
      pc14 = -0.018226
Constrained:
     Tecnw = 62713.4
       Tnw = 1014.49
       Tec = 1005.39
     twoNb = 2.89264e+06
     twoNe = 242218
     twoNw = 1.01988e+06
    twoNec = 107107
    twoNnw = 174072
  twoNecnw = 11646
  twoNbecnw = 89959.3
        m2 = 0.0136713
        m5 = 0.172541
        m7 = 5.47925e-05
        m8 = 0.374409
        Th = 1009.94
        Tb = 31859.4
        Te = 502.697
        Tg = 251.348
#       SitePat  BranchLen
              b 149500.8682578
              e 58041.5658030
              c 60922.1108457
              n 55040.6064337
              w 55035.1499019
            b:e 2763.1856500
            b:c 3123.6427517
            b:n 2267.9320384
            b:w 2267.6094804
            e:c 12484.9387453
            e:n 6636.7842703
            e:w 6642.1210892
            c:n 5783.5610512
            c:w 5782.6881579
            n:w 14634.5288821
          b:e:c 2571.2733623
          b:e:n 1331.7758352
          b:e:w 1332.0863758
          b:c:n 1332.1603989
          b:c:w 1331.8497765
          b:n:w 2568.4956462
          e:c:n 5277.7448026
          e:c:w 5278.7374089
          e:n:w 8170.7605725
          c:n:w 7000.5989130
        b:e:c:n 2268.4512628
        b:e:c:w 2268.7739026
        b:e:n:w 3113.1312725
        b:c:n:w 2754.7989737
        e:c:n:w 62614.7046317
