########################################
# legofit: estimate population history #
#       version 2.3.4-4-g53f8760       #
########################################

# Program was compiled: Sep 21 2021 14:36:42
# Program was run: Thu Oct 14 10:02:58 2021

# cmd: legofit -1 -d 0 -t 32 --ptsPerDim 3 --stateOut b1boot19.state --tol 3e-6 -S 5000 begh2.lgo ../../boot/boot19.opf
# Stage nOptItr nSimReps
#     0    5000        0
# algorithm          : deterministic
# ignoring probs <=  : 0
# Branch length floor: 0
# DE strategy        : 2
#    F               : 0.3
#    CR              : 0.8
#    tolerance       : 3e-06
# nthreads           : 32
# lgo input file     : begh2.lgo
# site pat input file: ../../boot/boot19.opf
# free parameters    : 14
# points in DE swarm : 42
# output state file  : b1boot19.state
# Including singleton site patterns.
# cost function      : KL
Initial parameter values
Fixed:
      zero = 0
       one = 1
    Tbecnw = 75200
Free:
       pc1 = 0
       pc2 = 0
       pc3 = 0
       pc4 = 0
       pc5 = 0
       pc6 = 0
       pc7 = 0
       pc8 = 0
       pc9 = 0
      pc10 = 0
      pc11 = 0
      pc12 = 0
      pc13 = 0
      pc14 = 0
Constrained:
     Tecnw = 61469.4
       Tnw = 7221.06
       Tec = 7089.7
     twoNb = 1.82554e+06
     twoNe = 187321
     twoNw = 939400
    twoNec = 84729.1
    twoNnw = 139277
  twoNecnw = 13365.6
  twoNbecnw = 88251.9
        m2 = 0.00289564
        m5 = 0.172986
        m7 = 3.31425e-05
        m8 = 0.391584
        Th = 7155.38
        Tb = 34279.6
        Te = 3544.85
        Tg = 1772.43
DiffEv reached_goal. cost=2.32148e-03 spread=2.95192e-06
Fitted parameter values
Free:
       pc1 = 3.97209
       pc2 = 3.99779
       pc3 = 1.24557
       pc4 = 1.46743
       pc5 = 1.83156
       pc6 = 1.24779
       pc7 = -0.0134562
       pc8 = 1.93267
       pc9 = -0.0353921
      pc10 = 0.226315
      pc11 = 0.0679704
      pc12 = 0.0714704
      pc13 = 0.0513515
      pc14 = 0.0434189
Constrained:
     Tecnw = 62811.9
       Tnw = 614.328
       Tec = 597.761
     twoNb = 2.12061e+06
     twoNe = 196665
     twoNw = 905457
    twoNec = 107523
    twoNnw = 177073
  twoNecnw = 11579.2
  twoNbecnw = 90219.1
        m2 = 0.0134922
        m5 = 0.171946
        m7 = 3.7202e-05
        m8 = 0.371137
        Th = 606.044
        Tb = 31704.8
        Te = 298.88
        Tg = 149.44
#       SitePat  BranchLen
              b 149650.7325432
              e 58080.0953883
              c 60960.3659079
              n 55209.7329751
              w 55205.6790278
            b:e 2774.1001445
            b:c 3134.9746081
            b:n 2290.6177732
            b:w 2290.3778467
            e:c 12640.6125016
            e:n 6638.4995126
            e:w 6642.3078767
            c:n 5781.5713503
            c:w 5781.0809751
            n:w 14706.8136945
          b:e:c 2598.3033805
          b:e:n 1339.2740566
          b:e:w 1339.4893290
          b:c:n 1339.5922237
          b:c:w 1339.3768693
          b:n:w 2594.5073432
          e:c:n 5308.4335987
          e:c:w 5309.1695570
          e:n:w 8155.4825115
          c:n:w 6990.2134869
        b:e:c:n 2291.5257051
        b:e:c:w 2291.7657135
        b:e:n:w 3120.7216464
        b:c:n:w 2762.7950442
        e:c:n:w 62628.3733053
