########################################
# legofit: estimate population history #
#       version 2.3.4-4-g53f8760       #
########################################

# Program was compiled: Sep 21 2021 14:36:42
# Program was run: Thu Oct 14 10:02:58 2021

# cmd: legofit -1 -d 0 -t 32 --ptsPerDim 3 --stateOut b1boot18.state --tol 3e-6 -S 5000 begh2.lgo ../../boot/boot18.opf
# Stage nOptItr nSimReps
#     0    5000        0
# algorithm          : deterministic
# ignoring probs <=  : 0
# Branch length floor: 0
# DE strategy        : 2
#    F               : 0.3
#    CR              : 0.8
#    tolerance       : 3e-06
# nthreads           : 32
# lgo input file     : begh2.lgo
# site pat input file: ../../boot/boot18.opf
# free parameters    : 14
# points in DE swarm : 42
# output state file  : b1boot18.state
# Including singleton site patterns.
# cost function      : KL
Initial parameter values
Fixed:
      zero = 0
       one = 1
    Tbecnw = 75200
Free:
       pc1 = 0
       pc2 = 0
       pc3 = 0
       pc4 = 0
       pc5 = 0
       pc6 = 0
       pc7 = 0
       pc8 = 0
       pc9 = 0
      pc10 = 0
      pc11 = 0
      pc12 = 0
      pc13 = 0
      pc14 = 0
Constrained:
     Tecnw = 61469.4
       Tnw = 7221.06
       Tec = 7089.7
     twoNb = 1.82554e+06
     twoNe = 187321
     twoNw = 939400
    twoNec = 84729.1
    twoNnw = 139277
  twoNecnw = 13365.6
  twoNbecnw = 88251.9
        m2 = 0.00289564
        m5 = 0.172986
        m7 = 3.31425e-05
        m8 = 0.391584
        Th = 7155.38
        Tb = 34279.6
        Te = 3544.85
        Tg = 1772.43
DiffEv reached_goal. cost=2.35309e-03 spread=2.94497e-06
Fitted parameter values
Free:
       pc1 = 3.95828
       pc2 = 3.83979
       pc3 = 1.49559
       pc4 = 1.80422
       pc5 = 1.96384
       pc6 = 1.43799
       pc7 = 0.0424114
       pc8 = 1.59268
       pc9 = -0.227842
      pc10 = 0.357937
      pc11 = -0.0430141
      pc12 = 0.115063
      pc13 = 0.0710195
      pc14 = 0.061661
Constrained:
     Tecnw = 62905.1
       Tnw = 682.585
       Tec = 536.537
     twoNb = 2.38419e+06
     twoNe = 206891
     twoNw = 743993
    twoNec = 108274
    twoNnw = 177908
  twoNecnw = 11526
  twoNbecnw = 90070.4
        m2 = 0.0134954
        m5 = 0.17168
        m7 = 2.98889e-05
        m8 = 0.375022
        Th = 609.561
        Tb = 31720.8
        Te = 268.269
        Tg = 134.134
#       SitePat  BranchLen
              b 149483.0075548
              e 58177.9542677
              c 61028.9672848
              n 55302.0097542
              w 55292.0398986
            b:e 2779.3836611
            b:c 3136.7427779
            b:n 2295.2076287
            b:w 2294.6146314
            e:c 12565.9963881
            e:n 6657.6675190
            e:w 6664.9711774
            c:n 5809.6622502
            c:w 5810.4841308
            n:w 14631.8126428
          b:e:c 2588.3904985
          b:e:n 1345.8250798
          b:e:w 1346.1500150
          b:c:n 1346.2420286
          b:c:w 1345.9169195
          b:n:w 2585.0527623
          e:c:n 5313.9268481
          e:c:w 5315.7711646
          e:n:w 8146.7809659
          c:n:w 6995.4507598
        b:e:c:n 2295.6326629
        b:e:c:w 2296.2258342
        b:e:n:w 3124.1386457
        b:c:n:w 2769.4051800
        e:c:n:w 62413.1211524
