########################################
# legofit: estimate population history #
#       version 2.3.4-4-g53f8760       #
########################################

# Program was compiled: Sep 21 2021 14:36:42
# Program was run: Thu Oct 14 10:02:43 2021

# cmd: legofit -1 -d 0 -t 32 --ptsPerDim 3 --stateOut b1boot9.state --tol 3e-6 -S 5000 begh2.lgo ../../boot/boot9.opf
# Stage nOptItr nSimReps
#     0    5000        0
# algorithm          : deterministic
# ignoring probs <=  : 0
# Branch length floor: 0
# DE strategy        : 2
#    F               : 0.3
#    CR              : 0.8
#    tolerance       : 3e-06
# nthreads           : 32
# lgo input file     : begh2.lgo
# site pat input file: ../../boot/boot9.opf
# free parameters    : 14
# points in DE swarm : 42
# output state file  : b1boot9.state
# Including singleton site patterns.
# cost function      : KL
Initial parameter values
Fixed:
      zero = 0
       one = 1
    Tbecnw = 75200
Free:
       pc1 = 0
       pc2 = 0
       pc3 = 0
       pc4 = 0
       pc5 = 0
       pc6 = 0
       pc7 = 0
       pc8 = 0
       pc9 = 0
      pc10 = 0
      pc11 = 0
      pc12 = 0
      pc13 = 0
      pc14 = 0
Constrained:
     Tecnw = 61469.4
       Tnw = 7221.06
       Tec = 7089.7
     twoNb = 1.82554e+06
     twoNe = 187321
     twoNw = 939400
    twoNec = 84729.1
    twoNnw = 139277
  twoNecnw = 13365.6
  twoNbecnw = 88251.9
        m2 = 0.00289564
        m5 = 0.172986
        m7 = 3.31425e-05
        m8 = 0.391584
        Th = 7155.38
        Tb = 34279.6
        Te = 3544.85
        Tg = 1772.43
DiffEv reached_goal. cost=2.33497e-03 spread=2.95019e-06
Fitted parameter values
Free:
       pc1 = 3.97837
       pc2 = 3.92502
       pc3 = 1.72151
       pc4 = 1.61511
       pc5 = 1.67796
       pc6 = 0.613055
       pc7 = 0.53228
       pc8 = 1.60412
       pc9 = -0.240008
      pc10 = 0.141946
      pc11 = 0.0673823
      pc12 = 0.065809
      pc13 = 0.0783306
      pc14 = 0.0481681
Constrained:
     Tecnw = 62930
       Tnw = 707.081
       Tec = 706.086
     twoNb = 2.993e+06
     twoNe = 141722
     twoNw = 903848
    twoNec = 106829
    twoNnw = 176127
  twoNecnw = 11522.3
  twoNbecnw = 89943.6
        m2 = 0.0129892
        m5 = 0.170868
        m7 = 4.49791e-05
        m8 = 0.372965
        Th = 706.583
        Tb = 31818
        Te = 353.043
        Tg = 176.521
#       SitePat  BranchLen
              b 149384.3272324
              e 58107.1406873
              c 60971.0858661
              n 55209.2670402
              w 55205.1408955
            b:e 2771.0085192
            b:c 3128.7059108
            b:n 2290.3348295
            b:w 2290.0905984
            e:c 12645.6140577
            e:n 6644.5274926
            e:w 6648.6388054
            c:n 5793.0825318
            c:w 5792.3505806
            n:w 14721.5016742
          b:e:c 2599.4537363
          b:e:n 1339.2736420
          b:e:w 1339.5163826
          b:c:n 1339.5850800
          b:c:w 1339.3422822
          b:n:w 2596.8692904
          e:c:n 5302.5188844
          e:c:w 5303.2656674
          e:n:w 8150.1098048
          c:n:w 6991.8027765
        b:e:c:n 2290.8727892
        b:e:c:w 2291.1170775
        b:e:n:w 3119.0514049
        b:c:n:w 2763.3117106
        e:c:n:w 62330.7515348
