########################################
# legofit: estimate population history #
#       version 2.3.4-4-g53f8760       #
########################################

# Program was compiled: Sep 21 2021 14:36:42
# Program was run: Thu Oct 14 10:02:34 2021

# cmd: legofit -1 -d 0 -t 32 --ptsPerDim 3 --stateOut b1boot0.state --tol 3e-6 -S 5000 begh2.lgo ../../boot/boot0.opf
# Stage nOptItr nSimReps
#     0    5000        0
# algorithm          : deterministic
# ignoring probs <=  : 0
# Branch length floor: 0
# DE strategy        : 2
#    F               : 0.3
#    CR              : 0.8
#    tolerance       : 3e-06
# nthreads           : 32
# lgo input file     : begh2.lgo
# site pat input file: ../../boot/boot0.opf
# free parameters    : 14
# points in DE swarm : 42
# output state file  : b1boot0.state
# Including singleton site patterns.
# cost function      : KL
Initial parameter values
Fixed:
      zero = 0
       one = 1
    Tbecnw = 75200
Free:
       pc1 = 0
       pc2 = 0
       pc3 = 0
       pc4 = 0
       pc5 = 0
       pc6 = 0
       pc7 = 0
       pc8 = 0
       pc9 = 0
      pc10 = 0
      pc11 = 0
      pc12 = 0
      pc13 = 0
      pc14 = 0
Constrained:
     Tecnw = 61469.4
       Tnw = 7221.06
       Tec = 7089.7
     twoNb = 1.82554e+06
     twoNe = 187321
     twoNw = 939400
    twoNec = 84729.1
    twoNnw = 139277
  twoNecnw = 13365.6
  twoNbecnw = 88251.9
        m2 = 0.00289564
        m5 = 0.172986
        m7 = 3.31425e-05
        m8 = 0.391584
        Th = 7155.38
        Tb = 34279.6
        Te = 3544.85
        Tg = 1772.43
DiffEv reached_goal. cost=2.30319e-03 spread=2.91530e-06
Fitted parameter values
Free:
       pc1 = 3.99513
       pc2 = 3.97212
       pc3 = 1.27523
       pc4 = 1.52602
       pc5 = 1.78743
       pc6 = 0.807936
       pc7 = 0.281213
       pc8 = 1.82692
       pc9 = -0.121874
      pc10 = 0.278651
      pc11 = -0.00344902
      pc12 = 0.0878523
      pc13 = 0.0707054
      pc14 = 0.0176926
Constrained:
     Tecnw = 62789.4
       Tnw = 698.931
       Tec = 693.391
     twoNb = 2.51579e+06
     twoNe = 176945
     twoNw = 925586
    twoNec = 108195
    twoNnw = 176885
  twoNecnw = 11611.4
  twoNbecnw = 90062.9
        m2 = 0.0132973
        m5 = 0.171935
        m7 = 4.57447e-05
        m8 = 0.373315
        Th = 696.161
        Tb = 31741.4
        Te = 346.695
        Tg = 173.348
#       SitePat  BranchLen
              b 149514.9215631
              e 58129.5427528
              c 60994.5096864
              n 55192.8650152
              w 55188.7298356
            b:e 2773.4988617
            b:c 3131.6542709
            b:n 2286.9702310
            b:w 2286.7254754
            e:c 12540.2243737
            e:n 6649.8599363
            e:w 6653.9143966
            c:n 5797.6219494
            c:w 5796.9527982
            n:w 14654.3745098
          b:e:c 2585.1850167
          b:e:n 1341.3191229
          b:e:w 1341.5557697
          b:c:n 1341.6399890
          b:c:w 1341.4032724
          b:n:w 2582.0629047
          e:c:n 5304.3381076
          e:c:w 5305.0879780
          e:n:w 8155.6386506
          c:n:w 6997.2977718
        b:e:c:n 2287.6770209
        b:e:c:w 2287.9218461
        b:e:n:w 3119.8488721
        b:c:n:w 2764.0986245
        e:c:n:w 62510.8701355
