########################################
# legofit: estimate population history #
#       version 2.3.4-4-g53f8760       #
########################################

# Program was compiled: Sep 21 2021 14:36:42
# Program was run: Thu Oct 14 10:02:34 2021

# cmd: legofit -1 -d 0 -t 32 --ptsPerDim 3 --stateOut b1boot3.state --tol 3e-6 -S 5000 begh2.lgo ../../boot/boot3.opf
# Stage nOptItr nSimReps
#     0    5000        0
# algorithm          : deterministic
# ignoring probs <=  : 0
# Branch length floor: 0
# DE strategy        : 2
#    F               : 0.3
#    CR              : 0.8
#    tolerance       : 3e-06
# nthreads           : 32
# lgo input file     : begh2.lgo
# site pat input file: ../../boot/boot3.opf
# free parameters    : 14
# points in DE swarm : 42
# output state file  : b1boot3.state
# Including singleton site patterns.
# cost function      : KL
Initial parameter values
Fixed:
      zero = 0
       one = 1
    Tbecnw = 75200
Free:
       pc1 = 0
       pc2 = 0
       pc3 = 0
       pc4 = 0
       pc5 = 0
       pc6 = 0
       pc7 = 0
       pc8 = 0
       pc9 = 0
      pc10 = 0
      pc11 = 0
      pc12 = 0
      pc13 = 0
      pc14 = 0
Constrained:
     Tecnw = 61469.4
       Tnw = 7221.06
       Tec = 7089.7
     twoNb = 1.82554e+06
     twoNe = 187321
     twoNw = 939400
    twoNec = 84729.1
    twoNnw = 139277
  twoNecnw = 13365.6
  twoNbecnw = 88251.9
        m2 = 0.00289564
        m5 = 0.172986
        m7 = 3.31425e-05
        m8 = 0.391584
        Th = 7155.38
        Tb = 34279.6
        Te = 3544.85
        Tg = 1772.43
DiffEv reached_goal. cost=2.32661e-03 spread=2.93770e-06
Fitted parameter values
Free:
       pc1 = 3.95144
       pc2 = 3.89945
       pc3 = 1.28997
       pc4 = 1.77892
       pc5 = 1.86004
       pc6 = 0.68624
       pc7 = 0.423906
       pc8 = 1.97275
       pc9 = 0.0284867
      pc10 = 0.423664
      pc11 = 0.0930586
      pc12 = 0.0512864
      pc13 = 0.0599014
      pc14 = 0.0717606
Constrained:
     Tecnw = 62697.8
       Tnw = 798.526
       Tec = 757.807
     twoNb = 2.64129e+06
     twoNe = 174881
     twoNw = 875532
    twoNec = 105813
    twoNnw = 177207
  twoNecnw = 11752.7
  twoNbecnw = 90186.9
        m2 = 0.0139004
        m5 = 0.171938
        m7 = 5.09206e-05
        m8 = 0.375229
        Th = 778.167
        Tb = 31727.8
        Te = 378.904
        Tg = 189.452
#       SitePat  BranchLen
              b 149529.9029040
              e 58085.8656932
              c 60937.5627335
              n 55269.2790209
              w 55263.2572405
            b:e 2788.2414007
            b:c 3147.2484231
            b:n 2307.6203117
            b:w 2307.2606161
            e:c 12642.7418765
            e:n 6667.5202135
            e:w 6672.9110145
            c:n 5821.2175927
            c:w 5820.7429472
            n:w 14651.7054177
          b:e:c 2604.4931799
          b:e:n 1350.3783454
          b:e:w 1350.6741981
          b:c:n 1350.7582300
          b:c:w 1350.4622767
          b:n:w 2601.3587131
          e:c:n 5346.1899526
          e:c:w 5347.2955776
          e:n:w 8175.7138994
          c:n:w 7019.9396061
        b:e:c:n 2308.2138880
        b:e:c:w 2308.5736842
        b:e:n:w 3135.5447769
        b:c:n:w 2778.9177325
        e:c:n:w 62435.2909799
