########################################
# legofit: estimate population history #
#       version 2.3.4-4-g53f8760       #
########################################

# Program was compiled: Sep 21 2021 14:36:42
# Program was run: Thu Oct 14 10:03:24 2021

# cmd: legofit -1 -d 0 -t 32 --ptsPerDim 3 --stateOut b1boot43.state --tol 3e-6 -S 5000 begh2.lgo ../../boot/boot43.opf
# Stage nOptItr nSimReps
#     0    5000        0
# algorithm          : deterministic
# ignoring probs <=  : 0
# Branch length floor: 0
# DE strategy        : 2
#    F               : 0.3
#    CR              : 0.8
#    tolerance       : 3e-06
# nthreads           : 32
# lgo input file     : begh2.lgo
# site pat input file: ../../boot/boot43.opf
# free parameters    : 14
# points in DE swarm : 42
# output state file  : b1boot43.state
# Including singleton site patterns.
# cost function      : KL
Initial parameter values
Fixed:
      zero = 0
       one = 1
    Tbecnw = 75200
Free:
       pc1 = 0
       pc2 = 0
       pc3 = 0
       pc4 = 0
       pc5 = 0
       pc6 = 0
       pc7 = 0
       pc8 = 0
       pc9 = 0
      pc10 = 0
      pc11 = 0
      pc12 = 0
      pc13 = 0
      pc14 = 0
Constrained:
     Tecnw = 61469.4
       Tnw = 7221.06
       Tec = 7089.7
     twoNb = 1.82554e+06
     twoNe = 187321
     twoNw = 939400
    twoNec = 84729.1
    twoNnw = 139277
  twoNecnw = 13365.6
  twoNbecnw = 88251.9
        m2 = 0.00289564
        m5 = 0.172986
        m7 = 3.31425e-05
        m8 = 0.391584
        Th = 7155.38
        Tb = 34279.6
        Te = 3544.85
        Tg = 1772.43
DiffEv reached_goal. cost=2.33927e-03 spread=2.09021e-06
Fitted parameter values
Free:
       pc1 = 3.95991
       pc2 = 3.98109
       pc3 = 0.238923
       pc4 = 1.43484
       pc5 = 1.5172
       pc6 = -0.186586
       pc7 = -0.121544
       pc8 = 1.44535
       pc9 = -0.169399
      pc10 = 0.321288
      pc11 = 0.0843264
      pc12 = 0.0905972
      pc13 = 0.0715431
      pc14 = 0.0430873
Constrained:
     Tecnw = 62555.7
       Tnw = 974.767
       Tec = 885.426
     twoNb = 2.72433e+06
     twoNe = 316636
     twoNw = 1.16512e+06
    twoNec = 107119
    twoNnw = 175614
  twoNecnw = 11901.8
  twoNbecnw = 89686
        m2 = 0.0117648
        m5 = 0.174176
        m7 = 6.22432e-05
        m8 = 0.373677
        Th = 930.097
        Tb = 31720.5
        Te = 442.713
        Tg = 221.356
#       SitePat  BranchLen
              b 149143.2555453
              e 58007.8467694
              c 60891.7995335
              n 55164.8385647
              w 55158.3995130
            b:e 2760.5861796
            b:c 3119.4986894
            b:n 2293.6963606
            b:w 2293.3119433
            e:c 12552.5871720
            e:n 6658.2390515
            e:w 6663.6465609
            c:n 5801.0884257
            c:w 5800.9310099
            n:w 14617.8992130
          b:e:c 2586.1154657
          b:e:n 1344.1958472
          b:e:w 1344.4760177
          b:c:n 1344.5438677
          b:c:w 1344.2636095
          b:n:w 2583.5683459
          e:c:n 5330.8854328
          e:c:w 5332.0743909
          e:n:w 8149.4217408
          c:n:w 6983.2842448
        b:e:c:n 2294.0930250
        b:e:c:w 2294.4775300
        b:e:n:w 3109.8882771
        b:c:n:w 2752.8910638
        e:c:n:w 62180.3283072
