########################################
# legofit: estimate population history #
#       version 2.3.4-4-g53f8760       #
########################################

# Program was compiled: Sep 21 2021 14:36:42
# Program was run: Thu Oct 14 10:03:06 2021

# cmd: legofit -1 -d 0 -t 32 --ptsPerDim 3 --stateOut b1boot26.state --tol 3e-6 -S 5000 begh2.lgo ../../boot/boot26.opf
# Stage nOptItr nSimReps
#     0    5000        0
# algorithm          : deterministic
# ignoring probs <=  : 0
# Branch length floor: 0
# DE strategy        : 2
#    F               : 0.3
#    CR              : 0.8
#    tolerance       : 3e-06
# nthreads           : 32
# lgo input file     : begh2.lgo
# site pat input file: ../../boot/boot26.opf
# free parameters    : 14
# points in DE swarm : 42
# output state file  : b1boot26.state
# Including singleton site patterns.
# cost function      : KL
Initial parameter values
Fixed:
      zero = 0
       one = 1
    Tbecnw = 75200
Free:
       pc1 = 0
       pc2 = 0
       pc3 = 0
       pc4 = 0
       pc5 = 0
       pc6 = 0
       pc7 = 0
       pc8 = 0
       pc9 = 0
      pc10 = 0
      pc11 = 0
      pc12 = 0
      pc13 = 0
      pc14 = 0
Constrained:
     Tecnw = 61469.4
       Tnw = 7221.06
       Tec = 7089.7
     twoNb = 1.82554e+06
     twoNe = 187321
     twoNw = 939400
    twoNec = 84729.1
    twoNnw = 139277
  twoNecnw = 13365.6
  twoNbecnw = 88251.9
        m2 = 0.00289564
        m5 = 0.172986
        m7 = 3.31425e-05
        m8 = 0.391584
        Th = 7155.38
        Tb = 34279.6
        Te = 3544.85
        Tg = 1772.43
DiffEv reached_goal. cost=2.32519e-03 spread=2.65123e-06
Fitted parameter values
Free:
       pc1 = 3.99692
       pc2 = 3.96366
       pc3 = 0.873365
       pc4 = 1.44754
       pc5 = 1.95365
       pc6 = 1.7901
       pc7 = 0.620032
       pc8 = 1.47195
       pc9 = -0.0636711
      pc10 = 0.450228
      pc11 = 0.0586587
      pc12 = 0.132198
      pc13 = 0.0800388
      pc14 = 0.0599387
Constrained:
     Tecnw = 62790
       Tnw = 318.433
       Tec = 280.831
     twoNb = 1.86831e+06
     twoNe = 166361
     twoNw = 642825
    twoNec = 110088
    twoNnw = 180492
  twoNecnw = 11649.1
  twoNbecnw = 90130.2
        m2 = 0.0118257
        m5 = 0.172339
        m7 = 4.2251e-05
        m8 = 0.372095
        Th = 299.632
        Tb = 31535.4
        Te = 140.416
        Tg = 70.2079
#       SitePat  BranchLen
              b 149506.3273701
              e 58182.9563181
              c 61035.5141001
              n 55348.0553802
              w 55343.8890868
            b:e 2775.6910543
            b:c 3130.1194614
            b:n 2308.6190573
            b:w 2308.3715094
            e:c 12570.2168978
            e:n 6669.5012981
            e:w 6672.8746162
            c:n 5815.4653410
            c:w 5815.4945821
            n:w 14643.3178555
          b:e:c 2593.6989330
          b:e:n 1352.9887268
          b:e:w 1353.1565658
          b:c:n 1353.2587890
          b:c:w 1353.0908673
          b:n:w 2589.9554691
          e:c:n 5341.9097393
          e:c:w 5342.6734735
          e:n:w 8122.2438851
          c:n:w 6978.0022433
        b:e:c:n 2309.5256293
        b:e:c:w 2309.7732600
        b:e:n:w 3115.8999031
        b:c:n:w 2764.3669832
        e:c:n:w 62411.7332788
