########################################
# legofit: estimate population history #
#       version 2.3.4-4-g53f8760       #
########################################

# Program was compiled: Sep 21 2021 14:36:42
# Program was run: Thu Oct 14 10:03:06 2021

# cmd: legofit -1 -d 0 -t 32 --ptsPerDim 3 --stateOut b1boot28.state --tol 3e-6 -S 5000 begh2.lgo ../../boot/boot28.opf
# Stage nOptItr nSimReps
#     0    5000        0
# algorithm          : deterministic
# ignoring probs <=  : 0
# Branch length floor: 0
# DE strategy        : 2
#    F               : 0.3
#    CR              : 0.8
#    tolerance       : 3e-06
# nthreads           : 32
# lgo input file     : begh2.lgo
# site pat input file: ../../boot/boot28.opf
# free parameters    : 14
# points in DE swarm : 42
# output state file  : b1boot28.state
# Including singleton site patterns.
# cost function      : KL
Initial parameter values
Fixed:
      zero = 0
       one = 1
    Tbecnw = 75200
Free:
       pc1 = 0
       pc2 = 0
       pc3 = 0
       pc4 = 0
       pc5 = 0
       pc6 = 0
       pc7 = 0
       pc8 = 0
       pc9 = 0
      pc10 = 0
      pc11 = 0
      pc12 = 0
      pc13 = 0
      pc14 = 0
Constrained:
     Tecnw = 61469.4
       Tnw = 7221.06
       Tec = 7089.7
     twoNb = 1.82554e+06
     twoNe = 187321
     twoNw = 939400
    twoNec = 84729.1
    twoNnw = 139277
  twoNecnw = 13365.6
  twoNbecnw = 88251.9
        m2 = 0.00289564
        m5 = 0.172986
        m7 = 3.31425e-05
        m8 = 0.391584
        Th = 7155.38
        Tb = 34279.6
        Te = 3544.85
        Tg = 1772.43
DiffEv reached_goal. cost=2.31208e-03 spread=2.80535e-06
Fitted parameter values
Free:
       pc1 = 3.97749
       pc2 = 3.94681
       pc3 = -0.529235
       pc4 = 1.91832
       pc5 = 1.85536
       pc6 = -0.285447
       pc7 = -0.524188
       pc8 = 1.37628
       pc9 = -0.116128
      pc10 = 0.225615
      pc11 = 0.0210367
      pc12 = 0.0146656
      pc13 = 0.084176
      pc14 = 0.0486076
Constrained:
     Tecnw = 62537.7
       Tnw = 1011.22
       Tec = 905.366
     twoNb = 2.62876e+06
     twoNe = 445175
     twoNw = 1.09548e+06
    twoNec = 107016
    twoNnw = 174050
  twoNecnw = 11962.3
  twoNbecnw = 89630.1
        m2 = 0.0124089
        m5 = 0.176476
        m7 = 6.72683e-05
        m8 = 0.37174
        Th = 958.294
        Tb = 31721.5
        Te = 452.683
        Tg = 226.342
#       SitePat  BranchLen
              b 149037.2105966
              e 57973.3552437
              c 60927.6257089
              n 55087.4802630
              w 55080.0169290
            b:e 2772.2195971
            b:c 3141.7978688
            b:n 2294.6930973
            b:w 2294.2465595
            e:c 12594.5265261
            e:n 6670.8089840
            e:w 6676.9810073
            c:n 5795.7229170
            c:w 5795.6329744
            n:w 14696.4554483
          b:e:c 2599.2906638
          b:e:n 1344.6732342
          b:e:w 1344.9890304
          b:c:n 1345.0643698
          b:c:w 1344.7484621
          b:n:w 2596.4945487
          e:c:n 5329.3589531
          e:c:w 5330.7402062
          e:n:w 8208.0304730
          c:n:w 7007.9193546
        b:e:c:n 2295.1021389
        b:e:c:w 2295.5487883
        b:e:n:w 3131.2751501
        b:c:n:w 2763.8210641
        e:c:n:w 62034.2751737
