########################################
# legofit: estimate population history #
#       version 2.3.4-4-g53f8760       #
########################################

# Program was compiled: Sep 21 2021 14:36:42
# Program was run: Thu Oct 14 10:03:24 2021

# cmd: legofit -1 -d 0 -t 32 --ptsPerDim 3 --stateOut b1boot42.state --tol 3e-6 -S 5000 begh2.lgo ../../boot/boot42.opf
# Stage nOptItr nSimReps
#     0    5000        0
# algorithm          : deterministic
# ignoring probs <=  : 0
# Branch length floor: 0
# DE strategy        : 2
#    F               : 0.3
#    CR              : 0.8
#    tolerance       : 3e-06
# nthreads           : 32
# lgo input file     : begh2.lgo
# site pat input file: ../../boot/boot42.opf
# free parameters    : 14
# points in DE swarm : 42
# output state file  : b1boot42.state
# Including singleton site patterns.
# cost function      : KL
Initial parameter values
Fixed:
      zero = 0
       one = 1
    Tbecnw = 75200
Free:
       pc1 = 0
       pc2 = 0
       pc3 = 0
       pc4 = 0
       pc5 = 0
       pc6 = 0
       pc7 = 0
       pc8 = 0
       pc9 = 0
      pc10 = 0
      pc11 = 0
      pc12 = 0
      pc13 = 0
      pc14 = 0
Constrained:
     Tecnw = 61469.4
       Tnw = 7221.06
       Tec = 7089.7
     twoNb = 1.82554e+06
     twoNe = 187321
     twoNw = 939400
    twoNec = 84729.1
    twoNnw = 139277
  twoNecnw = 13365.6
  twoNbecnw = 88251.9
        m2 = 0.00289564
        m5 = 0.172986
        m7 = 3.31425e-05
        m8 = 0.391584
        Th = 7155.38
        Tb = 34279.6
        Te = 3544.85
        Tg = 1772.43
DiffEv reached_goal. cost=2.32567e-03 spread=2.97162e-06
Fitted parameter values
Free:
       pc1 = 3.96704
       pc2 = 3.5876
       pc3 = 0.552862
       pc4 = 1.54222
       pc5 = 1.89282
       pc6 = 0.279933
       pc7 = 0.753746
       pc8 = 1.87368
       pc9 = -0.335381
      pc10 = 0.149844
      pc11 = 0.0119714
      pc12 = 0.0799752
      pc13 = 0.0651298
      pc14 = 0.0279473
Constrained:
     Tecnw = 62585.5
       Tnw = 982.392
       Tec = 958.308
     twoNb = 2.55574e+06
     twoNe = 164348
     twoNw = 900144
    twoNec = 106913
    twoNnw = 174647
  twoNecnw = 11806.8
  twoNbecnw = 89519.7
        m2 = 0.0130918
        m5 = 0.173528
        m7 = 6.59485e-05
        m8 = 0.371764
        Th = 970.35
        Tb = 31771.9
        Te = 479.154
        Tg = 239.577
#       SitePat  BranchLen
              b 149074.3105336
              e 57976.4195851
              c 60872.0021671
              n 55073.9061116
              w 55067.4463525
            b:e 2752.3888910
            b:c 3113.1938884
            b:n 2271.4620851
            b:w 2271.0800706
            e:c 12541.3480717
            e:n 6623.8748556
            e:w 6629.9776715
            c:n 5764.9774852
            c:w 5764.1579642
            n:w 14638.1730469
          b:e:c 2575.2861306
          b:e:n 1330.3355756
          b:e:w 1330.6817601
          b:c:n 1330.7615969
          b:c:w 1330.4153073
          b:n:w 2572.2603809
          e:c:n 5286.3545351
          e:c:w 5287.5309992
          e:n:w 8144.5081321
          c:n:w 6971.2079167
        b:e:c:n 2271.9986185
        b:e:c:w 2272.3807381
        b:e:n:w 3101.7950789
        b:c:n:w 2743.2652241
        e:c:n:w 62216.7352366
