########################################
# legofit: estimate population history #
#       version 2.3.4-4-g53f8760       #
########################################

# Program was compiled: Sep 21 2021 14:36:42
# Program was run: Thu Oct 14 10:03:32 2021

# cmd: legofit -1 -d 0 -t 32 --ptsPerDim 3 --stateOut b1boot49.state --tol 3e-6 -S 5000 begh2.lgo ../../boot/boot49.opf
# Stage nOptItr nSimReps
#     0    5000        0
# algorithm          : deterministic
# ignoring probs <=  : 0
# Branch length floor: 0
# DE strategy        : 2
#    F               : 0.3
#    CR              : 0.8
#    tolerance       : 3e-06
# nthreads           : 32
# lgo input file     : begh2.lgo
# site pat input file: ../../boot/boot49.opf
# free parameters    : 14
# points in DE swarm : 42
# output state file  : b1boot49.state
# Including singleton site patterns.
# cost function      : KL
Initial parameter values
Fixed:
      zero = 0
       one = 1
    Tbecnw = 75200
Free:
       pc1 = 0
       pc2 = 0
       pc3 = 0
       pc4 = 0
       pc5 = 0
       pc6 = 0
       pc7 = 0
       pc8 = 0
       pc9 = 0
      pc10 = 0
      pc11 = 0
      pc12 = 0
      pc13 = 0
      pc14 = 0
Constrained:
     Tecnw = 61469.4
       Tnw = 7221.06
       Tec = 7089.7
     twoNb = 1.82554e+06
     twoNe = 187321
     twoNw = 939400
    twoNec = 84729.1
    twoNnw = 139277
  twoNecnw = 13365.6
  twoNbecnw = 88251.9
        m2 = 0.00289564
        m5 = 0.172986
        m7 = 3.31425e-05
        m8 = 0.391584
        Th = 7155.38
        Tb = 34279.6
        Te = 3544.85
        Tg = 1772.43
DiffEv reached_goal. cost=2.33845e-03 spread=2.86515e-06
Fitted parameter values
Free:
       pc1 = 3.99724
       pc2 = 3.7851
       pc3 = 1.64414
       pc4 = 0.477826
       pc5 = 1.98306
       pc6 = 1.65596
       pc7 = 0.278346
       pc8 = 1.96048
       pc9 = -0.215849
      pc10 = 0.310205
      pc11 = -0.0322568
      pc12 = 0.0589629
      pc13 = 0.0860119
      pc14 = 0.0113314
Constrained:
     Tecnw = 62776.6
       Tnw = 421.678
       Tec = 400.355
     twoNb = 1.7624e+06
     twoNe = 24650
     twoNw = 950067
    twoNec = 110541
    twoNnw = 177498
  twoNecnw = 11659.4
  twoNbecnw = 90084.6
        m2 = 0.0125098
        m5 = 0.171776
        m7 = 2.46492e-05
        m8 = 0.371258
        Th = 411.016
        Tb = 31588.5
        Te = 200.177
        Tg = 100.089
#       SitePat  BranchLen
              b 149482.0304860
              e 58151.9617801
              c 61031.4134409
              n 55153.2506880
              w 55150.3236166
            b:e 2783.7421229
            b:c 3143.4581715
            b:n 2293.4809706
            b:w 2293.3074914
            e:c 12543.2699675
            e:n 6666.8319135
            e:w 6669.4568255
            c:n 5808.2531299
            c:w 5808.0215974
            n:w 14722.1467388
          b:e:c 2594.0482455
          b:e:n 1346.5124752
          b:e:w 1346.6556187
          b:c:n 1346.7721492
          b:c:w 1346.6289400
          b:n:w 2589.8632415
          e:c:n 5314.1271778
          e:c:w 5314.6608697
          e:n:w 8176.6642836
          c:n:w 7013.6597617
        b:e:c:n 2294.5907712
        b:e:c:w 2294.7643162
        b:e:n:w 3127.5152375
        b:c:n:w 2771.1330665
        e:c:n:w 62429.7016987
