########################################
# legofit: estimate population history #
#       version 2.3.4-4-g53f8760       #
########################################

# Program was compiled: Sep 21 2021 14:36:42
# Program was run: Thu Oct 14 10:03:24 2021

# cmd: legofit -1 -d 0 -t 32 --ptsPerDim 3 --stateOut b1boot44.state --tol 3e-6 -S 5000 begh2.lgo ../../boot/boot44.opf
# Stage nOptItr nSimReps
#     0    5000        0
# algorithm          : deterministic
# ignoring probs <=  : 0
# Branch length floor: 0
# DE strategy        : 2
#    F               : 0.3
#    CR              : 0.8
#    tolerance       : 3e-06
# nthreads           : 32
# lgo input file     : begh2.lgo
# site pat input file: ../../boot/boot44.opf
# free parameters    : 14
# points in DE swarm : 42
# output state file  : b1boot44.state
# Including singleton site patterns.
# cost function      : KL
Initial parameter values
Fixed:
      zero = 0
       one = 1
    Tbecnw = 75200
Free:
       pc1 = 0
       pc2 = 0
       pc3 = 0
       pc4 = 0
       pc5 = 0
       pc6 = 0
       pc7 = 0
       pc8 = 0
       pc9 = 0
      pc10 = 0
      pc11 = 0
      pc12 = 0
      pc13 = 0
      pc14 = 0
Constrained:
     Tecnw = 61469.4
       Tnw = 7221.06
       Tec = 7089.7
     twoNb = 1.82554e+06
     twoNe = 187321
     twoNw = 939400
    twoNec = 84729.1
    twoNnw = 139277
  twoNecnw = 13365.6
  twoNbecnw = 88251.9
        m2 = 0.00289564
        m5 = 0.172986
        m7 = 3.31425e-05
        m8 = 0.391584
        Th = 7155.38
        Tb = 34279.6
        Te = 3544.85
        Tg = 1772.43
DiffEv reached_goal. cost=2.32254e-03 spread=2.68929e-06
Fitted parameter values
Free:
       pc1 = 3.99516
       pc2 = 3.95403
       pc3 = 1.95853
       pc4 = 1.50001
       pc5 = 1.73267
       pc6 = 0.21511
       pc7 = -0.664629
       pc8 = 1.63832
       pc9 = -0.175987
      pc10 = 0.303004
      pc11 = 0.037109
      pc12 = 0.102152
      pc13 = 0.070567
      pc14 = 0.0266774
Constrained:
     Tecnw = 62813.5
       Tnw = 946.237
       Tec = 907.732
     twoNb = 3.2015e+06
     twoNe = 234766
     twoNw = 1.18935e+06
    twoNec = 105982
    twoNnw = 175726
  twoNecnw = 11606.4
  twoNbecnw = 90085.5
        m2 = 0.0138494
        m5 = 0.171735
        m7 = 2.61928e-05
        m8 = 0.376143
        Th = 926.985
        Tb = 31860.6
        Te = 453.866
        Tg = 226.933
#       SitePat  BranchLen
              b 149522.9136093
              e 58100.9939910
              c 60955.1733108
              n 55204.4482683
              w 55199.4282381
            b:e 2775.7766355
            b:c 3134.6170612
            b:n 2289.4559208
            b:w 2289.1573853
            e:c 12572.0367165
            e:n 6654.3845787
            e:w 6658.9659624
            c:n 5807.8917281
            c:w 5807.4110708
            n:w 14634.6118221
          b:e:c 2588.6909818
          b:e:n 1341.9139136
          b:e:w 1342.1682224
          b:c:n 1342.2385220
          b:c:w 1341.9841447
          b:n:w 2586.1367079
          e:c:n 5310.7516273
          e:c:w 5311.6709311
          e:n:w 8165.8361125
          c:n:w 7007.5510611
        b:e:c:n 2289.9309214
        b:e:c:w 2290.2295254
        b:e:n:w 3125.0264185
        b:c:n:w 2768.1989358
        e:c:n:w 62500.0623674
