########################################
# legofit: estimate population history #
#       version 2.3.4-4-g53f8760       #
########################################

# Program was compiled: Sep 21 2021 14:36:42
# Program was run: Thu Oct 14 10:02:51 2021

# cmd: legofit -1 -d 0 -t 32 --ptsPerDim 3 --stateOut b1boot15.state --tol 3e-6 -S 5000 begh2.lgo ../../boot/boot15.opf
# Stage nOptItr nSimReps
#     0    5000        0
# algorithm          : deterministic
# ignoring probs <=  : 0
# Branch length floor: 0
# DE strategy        : 2
#    F               : 0.3
#    CR              : 0.8
#    tolerance       : 3e-06
# nthreads           : 32
# lgo input file     : begh2.lgo
# site pat input file: ../../boot/boot15.opf
# free parameters    : 14
# points in DE swarm : 42
# output state file  : b1boot15.state
# Including singleton site patterns.
# cost function      : KL
Initial parameter values
Fixed:
      zero = 0
       one = 1
    Tbecnw = 75200
Free:
       pc1 = 0
       pc2 = 0
       pc3 = 0
       pc4 = 0
       pc5 = 0
       pc6 = 0
       pc7 = 0
       pc8 = 0
       pc9 = 0
      pc10 = 0
      pc11 = 0
      pc12 = 0
      pc13 = 0
      pc14 = 0
Constrained:
     Tecnw = 61469.4
       Tnw = 7221.06
       Tec = 7089.7
     twoNb = 1.82554e+06
     twoNe = 187321
     twoNw = 939400
    twoNec = 84729.1
    twoNnw = 139277
  twoNecnw = 13365.6
  twoNbecnw = 88251.9
        m2 = 0.00289564
        m5 = 0.172986
        m7 = 3.31425e-05
        m8 = 0.391584
        Th = 7155.38
        Tb = 34279.6
        Te = 3544.85
        Tg = 1772.43
DiffEv reached_goal. cost=2.31340e-03 spread=2.51513e-06
Fitted parameter values
Free:
       pc1 = 3.96885
       pc2 = 3.97479
       pc3 = 1.148
       pc4 = 1.39777
       pc5 = 1.88689
       pc6 = 0.869806
       pc7 = 0.98806
       pc8 = 1.90893
       pc9 = -0.479767
      pc10 = 0.27969
      pc11 = 0.0259286
      pc12 = 0.0540437
      pc13 = 0.047867
      pc14 = 0.0322574
Constrained:
     Tecnw = 62933.3
       Tnw = 428.804
       Tec = 383.225
     twoNb = 2.39536e+06
     twoNe = 88771.2
     twoNw = 832100
    twoNec = 108142
    twoNnw = 177580
  twoNecnw = 11468.4
  twoNbecnw = 89768.6
        m2 = 0.0129674
        m5 = 0.17198
        m7 = 5.70097e-05
        m8 = 0.374689
        Th = 406.014
        Tb = 31658.3
        Te = 191.612
        Tg = 95.8062
#       SitePat  BranchLen
              b 149303.5711315
              e 58037.9417606
              c 60904.9739764
              n 55121.5774782
              w 55117.4227068
            b:e 2757.3654855
            b:c 3113.1705160
            b:n 2275.8459154
            b:w 2275.6012504
            e:c 12561.7216511
            e:n 6655.1936859
            e:w 6658.6050791
            c:n 5799.3290747
            c:w 5799.3125199
            n:w 14664.8896206
          b:e:c 2573.2355112
          b:e:n 1334.3073543
          b:e:w 1334.4779154
          b:c:n 1334.5623208
          b:c:w 1334.3916899
          b:n:w 2570.0402716
          e:c:n 5282.1923314
          e:c:w 5282.9522644
          e:n:w 8123.6011259
          c:n:w 6969.1461775
        b:e:c:n 2276.5716125
        b:e:c:w 2276.8163473
        b:e:n:w 3101.1190243
        b:c:n:w 2747.7251556
        e:c:n:w 62352.7003529
