########################################
# legofit: estimate population history #
#       version 2.3.4-4-g53f8760       #
########################################

# Program was compiled: Sep 21 2021 14:36:42
# Program was run: Thu Oct 14 10:02:51 2021

# cmd: legofit -1 -d 0 -t 32 --ptsPerDim 3 --stateOut b1boot14.state --tol 3e-6 -S 5000 begh2.lgo ../../boot/boot14.opf
# Stage nOptItr nSimReps
#     0    5000        0
# algorithm          : deterministic
# ignoring probs <=  : 0
# Branch length floor: 0
# DE strategy        : 2
#    F               : 0.3
#    CR              : 0.8
#    tolerance       : 3e-06
# nthreads           : 32
# lgo input file     : begh2.lgo
# site pat input file: ../../boot/boot14.opf
# free parameters    : 14
# points in DE swarm : 42
# output state file  : b1boot14.state
# Including singleton site patterns.
# cost function      : KL
Initial parameter values
Fixed:
      zero = 0
       one = 1
    Tbecnw = 75200
Free:
       pc1 = 0
       pc2 = 0
       pc3 = 0
       pc4 = 0
       pc5 = 0
       pc6 = 0
       pc7 = 0
       pc8 = 0
       pc9 = 0
      pc10 = 0
      pc11 = 0
      pc12 = 0
      pc13 = 0
      pc14 = 0
Constrained:
     Tecnw = 61469.4
       Tnw = 7221.06
       Tec = 7089.7
     twoNb = 1.82554e+06
     twoNe = 187321
     twoNw = 939400
    twoNec = 84729.1
    twoNnw = 139277
  twoNecnw = 13365.6
  twoNbecnw = 88251.9
        m2 = 0.00289564
        m5 = 0.172986
        m7 = 3.31425e-05
        m8 = 0.391584
        Th = 7155.38
        Tb = 34279.6
        Te = 3544.85
        Tg = 1772.43
DiffEv reached_goal. cost=2.29925e-03 spread=2.79632e-06
Fitted parameter values
Free:
       pc1 = 3.94358
       pc2 = 3.81127
       pc3 = 1.43034
       pc4 = 1.89825
       pc5 = 1.71159
       pc6 = 0.20655
       pc7 = 0.162435
       pc8 = 1.91944
       pc9 = -0.0837661
      pc10 = 0.262869
      pc11 = -0.0228915
      pc12 = 0.014189
      pc13 = 0.0540195
      pc14 = 0.0346922
Constrained:
     Tecnw = 62706.9
       Tnw = 1066.9
       Tec = 991.131
     twoNb = 3.03536e+06
     twoNe = 212109
     twoNw = 989131
    twoNec = 105792
    twoNnw = 174176
  twoNecnw = 11726.3
  twoNbecnw = 90006.6
        m2 = 0.0142518
        m5 = 0.171755
        m7 = 5.03351e-05
        m8 = 0.375569
        Th = 1029.01
        Tb = 31849
        Te = 495.565
        Tg = 247.783
#       SitePat  BranchLen
              b 149429.3327052
              e 58055.8410622
              c 60923.1871961
              n 55120.1999976
              w 55112.5668159
            b:e 2782.6676721
            b:c 3144.0726736
            b:n 2287.3189603
            b:w 2286.8637386
            e:c 12583.6373201
            e:n 6653.0083737
            e:w 6659.6081889
            c:n 5805.5947781
            c:w 5805.2208741
            n:w 14666.6352789
          b:e:c 2593.4028014
          b:e:n 1340.8327748
          b:e:w 1341.1836102
          b:c:n 1341.2578790
          b:c:w 1340.9069309
          b:n:w 2590.6235151
          e:c:n 5310.5320179
          e:c:w 5311.9392884
          e:n:w 8198.2413462
          c:n:w 7030.4304336
        b:e:c:n 2287.7052869
        b:e:c:w 2288.1606214
        b:e:n:w 3133.6674593
        b:c:n:w 2774.3797220
        e:c:n:w 62421.9485271
