########################################
# legofit: estimate population history #
#       version 2.3.4-4-g53f8760       #
########################################

# Program was compiled: Sep 21 2021 14:36:42
# Program was run: Thu Oct 14 10:02:34 2021

# cmd: legofit -1 -d 0 -t 32 --ptsPerDim 3 --stateOut b1boot5.state --tol 3e-6 -S 5000 begh2.lgo ../../boot/boot5.opf
# Stage nOptItr nSimReps
#     0    5000        0
# algorithm          : deterministic
# ignoring probs <=  : 0
# Branch length floor: 0
# DE strategy        : 2
#    F               : 0.3
#    CR              : 0.8
#    tolerance       : 3e-06
# nthreads           : 32
# lgo input file     : begh2.lgo
# site pat input file: ../../boot/boot5.opf
# free parameters    : 14
# points in DE swarm : 42
# output state file  : b1boot5.state
# Including singleton site patterns.
# cost function      : KL
Initial parameter values
Fixed:
      zero = 0
       one = 1
    Tbecnw = 75200
Free:
       pc1 = 0
       pc2 = 0
       pc3 = 0
       pc4 = 0
       pc5 = 0
       pc6 = 0
       pc7 = 0
       pc8 = 0
       pc9 = 0
      pc10 = 0
      pc11 = 0
      pc12 = 0
      pc13 = 0
      pc14 = 0
Constrained:
     Tecnw = 61469.4
       Tnw = 7221.06
       Tec = 7089.7
     twoNb = 1.82554e+06
     twoNe = 187321
     twoNw = 939400
    twoNec = 84729.1
    twoNnw = 139277
  twoNecnw = 13365.6
  twoNbecnw = 88251.9
        m2 = 0.00289564
        m5 = 0.172986
        m7 = 3.31425e-05
        m8 = 0.391584
        Th = 7155.38
        Tb = 34279.6
        Te = 3544.85
        Tg = 1772.43
DiffEv reached_goal. cost=2.31052e-03 spread=2.75106e-06
Fitted parameter values
Free:
       pc1 = 3.96587
       pc2 = 3.78043
       pc3 = 1.38612
       pc4 = 1.77894
       pc5 = 1.89922
       pc6 = 0.612258
       pc7 = 0.399237
       pc8 = 1.95021
       pc9 = -0.305165
      pc10 = 0.282826
      pc11 = 0.0164623
      pc12 = -0.00942128
      pc13 = 0.0262425
      pc14 = 0.0213144
Constrained:
     Tecnw = 62783.4
       Tnw = 708.988
       Tec = 692.732
     twoNb = 2.73411e+06
     twoNe = 164411
     twoNw = 885142
    twoNec = 106046
    twoNnw = 175263
  twoNecnw = 11609.5
  twoNbecnw = 89880.6
        m2 = 0.0141565
        m5 = 0.171941
        m7 = 4.83742e-05
        m8 = 0.375681
        Th = 700.86
        Tb = 31738.1
        Te = 346.366
        Tg = 173.183
#       SitePat  BranchLen
              b 149391.8989876
              e 57958.5857573
              c 60834.2333846
              n 55018.7495335
              w 55014.0619774
            b:e 2766.9161851
            b:c 3126.9758481
            b:n 2274.1137888
            b:w 2273.8370273
            e:c 12586.4290343
            e:n 6654.9496897
            e:w 6659.3886641
            c:n 5801.7529385
            c:w 5801.1477211
            n:w 14680.6303476
          b:e:c 2579.7829689
          b:e:n 1332.9152002
          b:e:w 1333.1670715
          b:c:n 1333.2488624
          b:c:w 1332.9969145
          b:n:w 2576.7172111
          e:c:n 5287.0297135
          e:c:w 5287.8835125
          e:n:w 8170.9288014
          c:n:w 7004.2090678
        b:e:c:n 2274.7608861
        b:e:c:w 2275.0377241
        b:e:n:w 3115.4825360
        b:c:n:w 2757.7691683
        e:c:n:w 62462.3626351
