########################################
# legofit: estimate population history #
#       version 2.3.4-4-g53f8760       #
########################################

# Program was compiled: Sep 21 2021 14:36:42
# Program was run: Thu Oct 14 10:03:13 2021

# cmd: legofit -1 -d 0 -t 32 --ptsPerDim 3 --stateOut b1boot30.state --tol 3e-6 -S 5000 begh2.lgo ../../boot/boot30.opf
# Stage nOptItr nSimReps
#     0    5000        0
# algorithm          : deterministic
# ignoring probs <=  : 0
# Branch length floor: 0
# DE strategy        : 2
#    F               : 0.3
#    CR              : 0.8
#    tolerance       : 3e-06
# nthreads           : 32
# lgo input file     : begh2.lgo
# site pat input file: ../../boot/boot30.opf
# free parameters    : 14
# points in DE swarm : 42
# output state file  : b1boot30.state
# Including singleton site patterns.
# cost function      : KL
Initial parameter values
Fixed:
      zero = 0
       one = 1
    Tbecnw = 75200
Free:
       pc1 = 0
       pc2 = 0
       pc3 = 0
       pc4 = 0
       pc5 = 0
       pc6 = 0
       pc7 = 0
       pc8 = 0
       pc9 = 0
      pc10 = 0
      pc11 = 0
      pc12 = 0
      pc13 = 0
      pc14 = 0
Constrained:
     Tecnw = 61469.4
       Tnw = 7221.06
       Tec = 7089.7
     twoNb = 1.82554e+06
     twoNe = 187321
     twoNw = 939400
    twoNec = 84729.1
    twoNnw = 139277
  twoNecnw = 13365.6
  twoNbecnw = 88251.9
        m2 = 0.00289564
        m5 = 0.172986
        m7 = 3.31425e-05
        m8 = 0.391584
        Th = 7155.38
        Tb = 34279.6
        Te = 3544.85
        Tg = 1772.43
DiffEv reached_goal. cost=2.34369e-03 spread=2.96637e-06
Fitted parameter values
Free:
       pc1 = 3.99024
       pc2 = 3.91669
       pc3 = 0.896233
       pc4 = 1.78642
       pc5 = 1.90174
       pc6 = 0.681875
       pc7 = 0.583696
       pc8 = 1.48555
       pc9 = 0.125304
      pc10 = 0.144908
      pc11 = 0.0250088
      pc12 = 0.0314084
      pc13 = 0.0500871
      pc14 = 0.0290129
Constrained:
     Tecnw = 62693
       Tnw = 737.764
       Tec = 733.431
     twoNb = 2.73214e+06
     twoNe = 207822
     twoNw = 792157
    twoNec = 108114
    twoNnw = 175719
  twoNecnw = 11711.4
  twoNbecnw = 90100.5
        m2 = 0.0125308
        m5 = 0.172763
        m7 = 5.56676e-05
        m8 = 0.369617
        Th = 735.597
        Tb = 31713.2
        Te = 366.716
        Tg = 183.358
#       SitePat  BranchLen
              b 149550.2269714
              e 58053.5480013
              c 60955.0213132
              n 55141.2246283
              w 55136.1596634
            b:e 2767.5776678
            b:c 3129.1883078
            b:n 2288.6195717
            b:w 2288.3194159
            e:c 12611.3556700
            e:n 6636.7471173
            e:w 6641.7391824
            c:n 5774.9424391
            c:w 5774.0972415
            n:w 14721.3954248
          b:e:c 2597.7036706
          b:e:n 1338.8209822
          b:e:w 1339.1138044
          b:c:n 1339.1865720
          b:c:w 1338.8936750
          b:n:w 2594.9654208
          e:c:n 5309.8221798
          e:c:w 5310.7402772
          e:n:w 8165.8052709
          c:n:w 6991.5591694
        b:e:c:n 2289.1516913
        b:e:c:w 2289.4519219
        b:e:n:w 3118.8736614
        b:c:n:w 2759.3369696
        e:c:n:w 62558.9792054
