########################################
# legofit: estimate population history #
#       version 2.3.4-4-g53f8760       #
########################################

# Program was compiled: Sep 21 2021 14:36:42
# Program was run: Thu Oct 14 10:03:06 2021

# cmd: legofit -1 -d 0 -t 32 --ptsPerDim 3 --stateOut b1boot24.state --tol 3e-6 -S 5000 begh2.lgo ../../boot/boot24.opf
# Stage nOptItr nSimReps
#     0    5000        0
# algorithm          : deterministic
# ignoring probs <=  : 0
# Branch length floor: 0
# DE strategy        : 2
#    F               : 0.3
#    CR              : 0.8
#    tolerance       : 3e-06
# nthreads           : 32
# lgo input file     : begh2.lgo
# site pat input file: ../../boot/boot24.opf
# free parameters    : 14
# points in DE swarm : 42
# output state file  : b1boot24.state
# Including singleton site patterns.
# cost function      : KL
Initial parameter values
Fixed:
      zero = 0
       one = 1
    Tbecnw = 75200
Free:
       pc1 = 0
       pc2 = 0
       pc3 = 0
       pc4 = 0
       pc5 = 0
       pc6 = 0
       pc7 = 0
       pc8 = 0
       pc9 = 0
      pc10 = 0
      pc11 = 0
      pc12 = 0
      pc13 = 0
      pc14 = 0
Constrained:
     Tecnw = 61469.4
       Tnw = 7221.06
       Tec = 7089.7
     twoNb = 1.82554e+06
     twoNe = 187321
     twoNw = 939400
    twoNec = 84729.1
    twoNnw = 139277
  twoNecnw = 13365.6
  twoNbecnw = 88251.9
        m2 = 0.00289564
        m5 = 0.172986
        m7 = 3.31425e-05
        m8 = 0.391584
        Th = 7155.38
        Tb = 34279.6
        Te = 3544.85
        Tg = 1772.43
DiffEv reached_goal. cost=2.33015e-03 spread=2.88967e-06
Fitted parameter values
Free:
       pc1 = 3.98662
       pc2 = 3.84881
       pc3 = 1.70227
       pc4 = 1.86262
       pc5 = 1.89529
       pc6 = 1.44499
       pc7 = 0.540472
       pc8 = 1.64199
       pc9 = -0.237487
      pc10 = 0.419577
      pc11 = 0.0742404
      pc12 = 0.0787724
      pc13 = 0.048867
      pc14 = 0.0530968
Constrained:
     Tecnw = 62898.2
       Tnw = 435.737
       Tec = 434.868
     twoNb = 2.51718e+06
     twoNe = 148415
     twoNw = 672722
    twoNec = 107133
    twoNnw = 178839
  twoNecnw = 11517.1
  twoNbecnw = 90083.2
        m2 = 0.0134368
        m5 = 0.170758
        m7 = 3.61765e-05
        m8 = 0.375898
        Th = 435.302
        Tb = 31666.5
        Te = 217.434
        Tg = 108.717
#       SitePat  BranchLen
              b 149519.8803158
              e 58095.0504675
              c 60927.3300858
              n 55240.7286503
              w 55237.2899894
            b:e 2772.7982022
            b:c 3126.4651866
            b:n 2294.2221764
            b:w 2294.0190123
            e:c 12604.3161470
            e:n 6664.8567812
            e:w 6668.2778052
            c:n 5820.0499535
            c:w 5819.4455038
            n:w 14647.7856435
          b:e:c 2587.0407233
          b:e:n 1343.7405439
          b:e:w 1343.9419403
          b:c:n 1344.0274494
          b:c:w 1343.8259946
          b:n:w 2583.8771172
          e:c:n 5315.6638118
          e:c:w 5316.2858985
          e:n:w 8130.0977767
          c:n:w 6988.8450033
        b:e:c:n 2294.9798131
        b:e:c:w 2295.1830356
        b:e:n:w 3114.5838859
        b:c:n:w 2763.3582260
        e:c:n:w 62475.1267903
