########################################
# legofit: estimate population history #
#       version 2.3.4-4-g53f8760       #
########################################

# Program was compiled: Sep 21 2021 14:36:42
# Program was run: Thu Oct 14 10:03:19 2021

# cmd: legofit -1 -d 0 -t 32 --ptsPerDim 3 --stateOut b1boot38.state --tol 3e-6 -S 5000 begh2.lgo ../../boot/boot38.opf
# Stage nOptItr nSimReps
#     0    5000        0
# algorithm          : deterministic
# ignoring probs <=  : 0
# Branch length floor: 0
# DE strategy        : 2
#    F               : 0.3
#    CR              : 0.8
#    tolerance       : 3e-06
# nthreads           : 32
# lgo input file     : begh2.lgo
# site pat input file: ../../boot/boot38.opf
# free parameters    : 14
# points in DE swarm : 42
# output state file  : b1boot38.state
# Including singleton site patterns.
# cost function      : KL
Initial parameter values
Fixed:
      zero = 0
       one = 1
    Tbecnw = 75200
Free:
       pc1 = 0
       pc2 = 0
       pc3 = 0
       pc4 = 0
       pc5 = 0
       pc6 = 0
       pc7 = 0
       pc8 = 0
       pc9 = 0
      pc10 = 0
      pc11 = 0
      pc12 = 0
      pc13 = 0
      pc14 = 0
Constrained:
     Tecnw = 61469.4
       Tnw = 7221.06
       Tec = 7089.7
     twoNb = 1.82554e+06
     twoNe = 187321
     twoNw = 939400
    twoNec = 84729.1
    twoNnw = 139277
  twoNecnw = 13365.6
  twoNbecnw = 88251.9
        m2 = 0.00289564
        m5 = 0.172986
        m7 = 3.31425e-05
        m8 = 0.391584
        Th = 7155.38
        Tb = 34279.6
        Te = 3544.85
        Tg = 1772.43
DiffEv reached_goal. cost=2.30643e-03 spread=2.60218e-06
Fitted parameter values
Free:
       pc1 = 3.94186
       pc2 = 3.94349
       pc3 = 1.065
       pc4 = 1.07521
       pc5 = 1.82111
       pc6 = -0.00943309
       pc7 = -0.31096
       pc8 = 1.83663
       pc9 = -0.421739
      pc10 = 0.251513
      pc11 = 0.0527932
      pc12 = 0.108136
      pc13 = 0.0660413
      pc14 = 0.0150178
Constrained:
     Tecnw = 62753.8
       Tnw = 900.643
       Tec = 864.915
     twoNb = 2.72217e+06
     twoNe = 205769
     twoNw = 1.25482e+06
    twoNec = 106487
    twoNnw = 175399
  twoNecnw = 11644
  twoNbecnw = 89716.3
        m2 = 0.013125
        m5 = 0.173628
        m7 = 4.46132e-05
        m8 = 0.37484
        Th = 882.779
        Tb = 31809.4
        Te = 432.458
        Tg = 216.229
#       SitePat  BranchLen
              b 149256.3460044
              e 58005.2310323
              c 60891.6106606
              n 55110.9433740
              w 55106.3982193
            b:e 2754.7251667
            b:c 3114.8870950
            b:n 2274.6781746
            b:w 2274.4093099
            e:c 12533.9148386
            e:n 6645.3592117
            e:w 6649.5204694
            c:n 5787.5294702
            c:w 5787.0833820
            n:w 14618.9640048
          b:e:c 2572.8908969
          b:e:n 1333.6201949
          b:e:w 1333.8505450
          b:c:n 1333.9275224
          b:c:w 1333.6971033
          b:n:w 2570.0554131
          e:c:n 5288.9522060
          e:c:w 5289.7821913
          e:n:w 8141.5878493
          c:n:w 6973.1176748
        b:e:c:n 2275.2688171
        b:e:c:w 2275.5377507
        b:e:n:w 3104.1956961
        b:c:n:w 2746.2372571
        e:c:n:w 62349.8900812
