########################################
# legofit: estimate population history #
#       version 2.3.4-4-g53f8760       #
########################################

# Program was compiled: Sep 21 2021 14:36:42
# Program was run: Thu Oct 14 10:03:06 2021

# cmd: legofit -1 -d 0 -t 32 --ptsPerDim 3 --stateOut b1boot25.state --tol 3e-6 -S 5000 begh2.lgo ../../boot/boot25.opf
# Stage nOptItr nSimReps
#     0    5000        0
# algorithm          : deterministic
# ignoring probs <=  : 0
# Branch length floor: 0
# DE strategy        : 2
#    F               : 0.3
#    CR              : 0.8
#    tolerance       : 3e-06
# nthreads           : 32
# lgo input file     : begh2.lgo
# site pat input file: ../../boot/boot25.opf
# free parameters    : 14
# points in DE swarm : 42
# output state file  : b1boot25.state
# Including singleton site patterns.
# cost function      : KL
Initial parameter values
Fixed:
      zero = 0
       one = 1
    Tbecnw = 75200
Free:
       pc1 = 0
       pc2 = 0
       pc3 = 0
       pc4 = 0
       pc5 = 0
       pc6 = 0
       pc7 = 0
       pc8 = 0
       pc9 = 0
      pc10 = 0
      pc11 = 0
      pc12 = 0
      pc13 = 0
      pc14 = 0
Constrained:
     Tecnw = 61469.4
       Tnw = 7221.06
       Tec = 7089.7
     twoNb = 1.82554e+06
     twoNe = 187321
     twoNw = 939400
    twoNec = 84729.1
    twoNnw = 139277
  twoNecnw = 13365.6
  twoNbecnw = 88251.9
        m2 = 0.00289564
        m5 = 0.172986
        m7 = 3.31425e-05
        m8 = 0.391584
        Th = 7155.38
        Tb = 34279.6
        Te = 3544.85
        Tg = 1772.43
DiffEv reached_goal. cost=2.33030e-03 spread=2.76652e-06
Fitted parameter values
Free:
       pc1 = 3.9439
       pc2 = 3.7681
       pc3 = -0.141648
       pc4 = 1.33289
       pc5 = 1.87406
       pc6 = -0.143655
       pc7 = 0.444196
       pc8 = 1.73217
       pc9 = -0.598745
      pc10 = 0.210004
      pc11 = 0.0114601
      pc12 = 0.0707004
      pc13 = 0.0850424
      pc14 = 0.030521
Constrained:
     Tecnw = 62645.6
       Tnw = 886.325
       Tec = 809.189
     twoNb = 2.4386e+06
     twoNe = 235746
     twoNw = 1.06379e+06
    twoNec = 107467
    twoNnw = 174828
  twoNecnw = 11807.3
  twoNbecnw = 89237.5
        m2 = 0.0122748
        m5 = 0.175362
        m7 = 7.35217e-05
        m8 = 0.373454
        Th = 847.757
        Tb = 31727.4
        Te = 404.594
        Tg = 202.297
#       SitePat  BranchLen
              b 148789.7554872
              e 57956.5355834
              c 60877.4712436
              n 55046.2101502
              w 55039.8724310
            b:e 2749.6429137
            b:c 3112.1721515
            b:n 2273.2624860
            b:w 2272.8870292
            e:c 12515.5386830
            e:n 6653.9754211
            e:w 6659.3395518
            c:n 5785.6115358
            c:w 5785.4202646
            n:w 14635.4124559
          b:e:c 2570.9247457
          b:e:n 1333.7854777
          b:e:w 1334.0632485
          b:c:n 1334.1412592
          b:c:w 1333.8633884
          b:n:w 2567.9725528
          e:c:n 5289.4256892
          e:c:w 5290.5905490
          e:n:w 8148.5113128
          c:n:w 6967.4945813
        b:e:c:n 2273.7894358
        b:e:c:w 2274.1649925
        b:e:n:w 3101.0161619
        b:c:n:w 2740.6952465
        e:c:n:w 61910.8328104
