########################################
# legofit: estimate population history #
#       version 2.3.4-4-g53f8760       #
########################################

# Program was compiled: Sep 21 2021 14:36:42
# Program was run: Thu Oct 14 10:03:19 2021

# cmd: legofit -1 -d 0 -t 32 --ptsPerDim 3 --stateOut b1boot37.state --tol 3e-6 -S 5000 begh2.lgo ../../boot/boot37.opf
# Stage nOptItr nSimReps
#     0    5000        0
# algorithm          : deterministic
# ignoring probs <=  : 0
# Branch length floor: 0
# DE strategy        : 2
#    F               : 0.3
#    CR              : 0.8
#    tolerance       : 3e-06
# nthreads           : 32
# lgo input file     : begh2.lgo
# site pat input file: ../../boot/boot37.opf
# free parameters    : 14
# points in DE swarm : 42
# output state file  : b1boot37.state
# Including singleton site patterns.
# cost function      : KL
Initial parameter values
Fixed:
      zero = 0
       one = 1
    Tbecnw = 75200
Free:
       pc1 = 0
       pc2 = 0
       pc3 = 0
       pc4 = 0
       pc5 = 0
       pc6 = 0
       pc7 = 0
       pc8 = 0
       pc9 = 0
      pc10 = 0
      pc11 = 0
      pc12 = 0
      pc13 = 0
      pc14 = 0
Constrained:
     Tecnw = 61469.4
       Tnw = 7221.06
       Tec = 7089.7
     twoNb = 1.82554e+06
     twoNe = 187321
     twoNw = 939400
    twoNec = 84729.1
    twoNnw = 139277
  twoNecnw = 13365.6
  twoNbecnw = 88251.9
        m2 = 0.00289564
        m5 = 0.172986
        m7 = 3.31425e-05
        m8 = 0.391584
        Th = 7155.38
        Tb = 34279.6
        Te = 3544.85
        Tg = 1772.43
DiffEv reached_goal. cost=2.34981e-03 spread=2.86746e-06
Fitted parameter values
Free:
       pc1 = 3.96471
       pc2 = 3.85246
       pc3 = 1.7106
       pc4 = 1.62519
       pc5 = 1.95874
       pc6 = 1.57794
       pc7 = 0.642003
       pc8 = 1.49203
       pc9 = 0.0995936
      pc10 = 0.30442
      pc11 = 0.0186192
      pc12 = 0.0171429
      pc13 = -0.0111562
      pc14 = 0.0052701
Constrained:
     Tecnw = 62757.9
       Tnw = 445.828
       Tec = 445.251
     twoNb = 2.47702e+06
     twoNe = 119543
     twoNw = 648078
    twoNec = 108666
    twoNnw = 177266
  twoNecnw = 11564.8
  twoNbecnw = 90331.1
        m2 = 0.0126529
        m5 = 0.170948
        m7 = 3.43751e-05
        m8 = 0.372122
        Th = 445.539
        Tb = 31601.6
        Te = 222.626
        Tg = 111.313
#       SitePat  BranchLen
              b 149856.9410673
              e 58006.2871985
              c 60863.6384509
              n 55076.5669330
              w 55072.9354836
            b:e 2758.0308934
            b:c 3112.8625912
            b:n 2277.6848437
            b:w 2277.4711479
            e:c 12569.5348733
            e:n 6637.9014829
            e:w 6641.5209577
            c:n 5786.3848445
            c:w 5785.7410516
            n:w 14682.8876497
          b:e:c 2578.6874508
          b:e:n 1334.1150662
          b:e:w 1334.3275663
          b:c:n 1334.4094954
          b:c:w 1334.1969361
          b:n:w 2575.6501282
          e:c:n 5294.7359520
          e:c:w 5295.3917194
          e:n:w 8132.5011299
          c:n:w 6979.9189997
        b:e:c:n 2278.3906111
        b:e:c:w 2278.6043661
        b:e:n:w 3101.3502058
        b:c:n:w 2748.8821314
        e:c:n:w 62940.2250274
