########################################
# legofit: estimate population history #
#       version 2.3.4-4-g53f8760       #
########################################

# Program was compiled: Sep 21 2021 14:36:42
# Program was run: Thu Oct 14 10:02:51 2021

# cmd: legofit -1 -d 0 -t 32 --ptsPerDim 3 --stateOut b1boot13.state --tol 3e-6 -S 5000 begh2.lgo ../../boot/boot13.opf
# Stage nOptItr nSimReps
#     0    5000        0
# algorithm          : deterministic
# ignoring probs <=  : 0
# Branch length floor: 0
# DE strategy        : 2
#    F               : 0.3
#    CR              : 0.8
#    tolerance       : 3e-06
# nthreads           : 32
# lgo input file     : begh2.lgo
# site pat input file: ../../boot/boot13.opf
# free parameters    : 14
# points in DE swarm : 42
# output state file  : b1boot13.state
# Including singleton site patterns.
# cost function      : KL
Initial parameter values
Fixed:
      zero = 0
       one = 1
    Tbecnw = 75200
Free:
       pc1 = 0
       pc2 = 0
       pc3 = 0
       pc4 = 0
       pc5 = 0
       pc6 = 0
       pc7 = 0
       pc8 = 0
       pc9 = 0
      pc10 = 0
      pc11 = 0
      pc12 = 0
      pc13 = 0
      pc14 = 0
Constrained:
     Tecnw = 61469.4
       Tnw = 7221.06
       Tec = 7089.7
     twoNb = 1.82554e+06
     twoNe = 187321
     twoNw = 939400
    twoNec = 84729.1
    twoNnw = 139277
  twoNecnw = 13365.6
  twoNbecnw = 88251.9
        m2 = 0.00289564
        m5 = 0.172986
        m7 = 3.31425e-05
        m8 = 0.391584
        Th = 7155.38
        Tb = 34279.6
        Te = 3544.85
        Tg = 1772.43
DiffEv reached_goal. cost=2.30728e-03 spread=2.93017e-06
Fitted parameter values
Free:
       pc1 = 3.97889
       pc2 = 3.66757
       pc3 = 1.28278
       pc4 = 1.43678
       pc5 = 1.91253
       pc6 = 0.809031
       pc7 = -0.286933
       pc8 = 1.56858
       pc9 = -0.102511
      pc10 = 0.293347
      pc11 = 0.0301502
      pc12 = 0.0505466
      pc13 = 0.0480755
      pc14 = 0.0220326
Constrained:
     Tecnw = 62612.7
       Tnw = 837.428
       Tec = 815.436
     twoNb = 2.56712e+06
     twoNe = 222957
     twoNw = 965542
    twoNec = 107074
    twoNnw = 175388
  twoNecnw = 11792.7
  twoNbecnw = 89965.2
        m2 = 0.0130872
        m5 = 0.172785
        m7 = 3.16293e-05
        m8 = 0.372954
        Th = 826.432
        Tb = 31714.1
        Te = 407.718
        Tg = 203.859
#       SitePat  BranchLen
              b 149427.3023105
              e 58002.5492574
              c 60886.9329787
              n 55092.2935217
              w 55087.1257631
            b:e 2768.6066183
            b:c 3129.6140255
            b:n 2285.9016602
            b:w 2285.5948242
            e:c 12572.9109947
            e:n 6649.7092257
            e:w 6654.5710997
            c:n 5793.9721273
            c:w 5793.3342639
            n:w 14668.4638088
          b:e:c 2588.2032162
          b:e:n 1339.3616872
          b:e:w 1339.6377233
          b:c:n 1339.7208303
          b:c:w 1339.4447103
          b:n:w 2585.1847285
          e:c:n 5312.9091282
          e:c:w 5313.8528762
          e:n:w 8171.9709411
          c:n:w 7002.0149966
        b:e:c:n 2286.5112675
        b:e:c:w 2286.8181875
        b:e:n:w 3118.2256799
        b:c:n:w 2759.5982999
        e:c:n:w 62473.8878665
