########################################
# legofit: estimate population history #
#       version 2.3.4-4-g53f8760       #
########################################

# Program was compiled: Sep 21 2021 14:36:42
# Program was run: Thu Oct 14 10:02:51 2021

# cmd: legofit -1 -d 0 -t 32 --ptsPerDim 3 --stateOut b1boot12.state --tol 3e-6 -S 5000 begh2.lgo ../../boot/boot12.opf
# Stage nOptItr nSimReps
#     0    5000        0
# algorithm          : deterministic
# ignoring probs <=  : 0
# Branch length floor: 0
# DE strategy        : 2
#    F               : 0.3
#    CR              : 0.8
#    tolerance       : 3e-06
# nthreads           : 32
# lgo input file     : begh2.lgo
# site pat input file: ../../boot/boot12.opf
# free parameters    : 14
# points in DE swarm : 42
# output state file  : b1boot12.state
# Including singleton site patterns.
# cost function      : KL
Initial parameter values
Fixed:
      zero = 0
       one = 1
    Tbecnw = 75200
Free:
       pc1 = 0
       pc2 = 0
       pc3 = 0
       pc4 = 0
       pc5 = 0
       pc6 = 0
       pc7 = 0
       pc8 = 0
       pc9 = 0
      pc10 = 0
      pc11 = 0
      pc12 = 0
      pc13 = 0
      pc14 = 0
Constrained:
     Tecnw = 61469.4
       Tnw = 7221.06
       Tec = 7089.7
     twoNb = 1.82554e+06
     twoNe = 187321
     twoNw = 939400
    twoNec = 84729.1
    twoNnw = 139277
  twoNecnw = 13365.6
  twoNbecnw = 88251.9
        m2 = 0.00289564
        m5 = 0.172986
        m7 = 3.31425e-05
        m8 = 0.391584
        Th = 7155.38
        Tb = 34279.6
        Te = 3544.85
        Tg = 1772.43
DiffEv reached_goal. cost=2.31073e-03 spread=2.18483e-06
Fitted parameter values
Free:
       pc1 = 3.99249
       pc2 = 3.5924
       pc3 = 0.978535
       pc4 = 1.99928
       pc5 = 1.75839
       pc6 = 1.53823
       pc7 = 0.116709
       pc8 = 1.36706
       pc9 = -0.371207
      pc10 = 0.539574
      pc11 = 0.120227
      pc12 = 0.0956417
      pc13 = 0.0520791
      pc14 = 0.0850049
Constrained:
     Tecnw = 62695.7
       Tnw = 532.214
       Tec = 462.38
     twoNb = 2.19179e+06
     twoNe = 268221
     twoNw = 648168
    twoNec = 106636
    twoNnw = 178920
  twoNecnw = 11763
  twoNbecnw = 89745.4
        m2 = 0.0127419
        m5 = 0.171869
        m7 = 3.57283e-05
        m8 = 0.376698
        Th = 497.297
        Tb = 31579
        Te = 231.19
        Tg = 115.595
#       SitePat  BranchLen
              b 149168.5858643
              e 58013.8520206
              c 60845.3735744
              n 55240.2892388
              w 55233.1187850
            b:e 2768.5407632
            b:c 3121.6784009
            b:n 2301.7721304
            b:w 2301.3455177
            e:c 12608.9084648
            e:n 6675.0147103
            e:w 6680.7125349
            c:n 5830.7388845
            c:w 5830.8881285
            n:w 14606.0040574
          b:e:c 2586.4188865
          b:e:n 1347.8333736
          b:e:w 1348.1118496
          b:c:n 1348.2057181
          b:c:w 1347.9271123
          b:n:w 2582.9854461
          e:c:n 5340.2051116
          e:c:w 5341.5284968
          e:n:w 8122.8604178
          c:n:w 6982.5894736
        b:e:c:n 2302.3941272
        b:e:c:w 2302.8208696
        b:e:n:w 3108.7845597
        b:c:n:w 2758.3089373
        e:c:n:w 62147.7273702
