########################################
# legofit: estimate population history #
#       version 2.3.4-4-g53f8760       #
########################################

# Program was compiled: Sep 21 2021 14:36:42
# Program was run: Thu Oct 14 10:02:43 2021

# cmd: legofit -1 -d 0 -t 32 --ptsPerDim 3 --stateOut b1boot10.state --tol 3e-6 -S 5000 begh2.lgo ../../boot/boot10.opf
# Stage nOptItr nSimReps
#     0    5000        0
# algorithm          : deterministic
# ignoring probs <=  : 0
# Branch length floor: 0
# DE strategy        : 2
#    F               : 0.3
#    CR              : 0.8
#    tolerance       : 3e-06
# nthreads           : 32
# lgo input file     : begh2.lgo
# site pat input file: ../../boot/boot10.opf
# free parameters    : 14
# points in DE swarm : 42
# output state file  : b1boot10.state
# Including singleton site patterns.
# cost function      : KL
Initial parameter values
Fixed:
      zero = 0
       one = 1
    Tbecnw = 75200
Free:
       pc1 = 0
       pc2 = 0
       pc3 = 0
       pc4 = 0
       pc5 = 0
       pc6 = 0
       pc7 = 0
       pc8 = 0
       pc9 = 0
      pc10 = 0
      pc11 = 0
      pc12 = 0
      pc13 = 0
      pc14 = 0
Constrained:
     Tecnw = 61469.4
       Tnw = 7221.06
       Tec = 7089.7
     twoNb = 1.82554e+06
     twoNe = 187321
     twoNw = 939400
    twoNec = 84729.1
    twoNnw = 139277
  twoNecnw = 13365.6
  twoNbecnw = 88251.9
        m2 = 0.00289564
        m5 = 0.172986
        m7 = 3.31425e-05
        m8 = 0.391584
        Th = 7155.38
        Tb = 34279.6
        Te = 3544.85
        Tg = 1772.43
DiffEv reached_goal. cost=2.31587e-03 spread=2.85620e-06
Fitted parameter values
Free:
       pc1 = 3.98068
       pc2 = 3.99754
       pc3 = 1.69691
       pc4 = 1.784
       pc5 = 1.87657
       pc6 = 0.687875
       pc7 = 0.76712
       pc8 = 1.8219
       pc9 = 0.136244
      pc10 = 0.388921
      pc11 = 0.057983
      pc12 = -0.0269812
      pc13 = 0.0074146
      pc14 = 0.0336642
Constrained:
     Tecnw = 62738.2
       Tnw = 602.343
       Tec = 579.067
     twoNb = 2.96266e+06
     twoNe = 120066
     twoNw = 818764
    twoNec = 106685
    twoNnw = 176744
  twoNecnw = 11654.6
  twoNbecnw = 90350.4
        m2 = 0.013594
        m5 = 0.171112
        m7 = 5.07169e-05
        m8 = 0.375046
        Th = 590.705
        Tb = 31658.6
        Te = 289.534
        Tg = 144.767
#       SitePat  BranchLen
              b 149768.7946975
              e 58014.6317025
              c 60867.3179905
              n 55118.0206488
              w 55113.4198624
            b:e 2778.3886781
            b:c 3135.5319520
            b:n 2293.2747352
            b:w 2293.0016182
            e:c 12621.4020346
            e:n 6664.8462635
            e:w 6669.0614914
            c:n 5817.3581523
            c:w 5816.9024059
            n:w 14686.9231008
          b:e:c 2594.0465894
          b:e:n 1343.1193202
          b:e:w 1343.3536630
          b:c:n 1343.4262329
          b:c:w 1343.1918231
          b:n:w 2591.3099191
          e:c:n 5323.2416337
          e:c:w 5324.0829385
          e:n:w 8173.8187895
          c:n:w 7018.5625063
        b:e:c:n 2293.8305792
        b:e:c:w 2294.1037632
        b:e:n:w 3125.2667201
        b:c:n:w 2770.1955653
        e:c:n:w 62747.6416896
