########################################
# legofit: estimate population history #
#       version 2.3.4-4-g53f8760       #
########################################

# Program was compiled: Sep 21 2021 14:36:42
# Program was run: Thu Oct 14 10:03:14 2021

# cmd: legofit -1 -d 0 -t 32 --ptsPerDim 3 --stateOut b1boot34.state --tol 3e-6 -S 5000 begh2.lgo ../../boot/boot34.opf
# Stage nOptItr nSimReps
#     0    5000        0
# algorithm          : deterministic
# ignoring probs <=  : 0
# Branch length floor: 0
# DE strategy        : 2
#    F               : 0.3
#    CR              : 0.8
#    tolerance       : 3e-06
# nthreads           : 32
# lgo input file     : begh2.lgo
# site pat input file: ../../boot/boot34.opf
# free parameters    : 14
# points in DE swarm : 42
# output state file  : b1boot34.state
# Including singleton site patterns.
# cost function      : KL
Initial parameter values
Fixed:
      zero = 0
       one = 1
    Tbecnw = 75200
Free:
       pc1 = 0
       pc2 = 0
       pc3 = 0
       pc4 = 0
       pc5 = 0
       pc6 = 0
       pc7 = 0
       pc8 = 0
       pc9 = 0
      pc10 = 0
      pc11 = 0
      pc12 = 0
      pc13 = 0
      pc14 = 0
Constrained:
     Tecnw = 61469.4
       Tnw = 7221.06
       Tec = 7089.7
     twoNb = 1.82554e+06
     twoNe = 187321
     twoNw = 939400
    twoNec = 84729.1
    twoNnw = 139277
  twoNecnw = 13365.6
  twoNbecnw = 88251.9
        m2 = 0.00289564
        m5 = 0.172986
        m7 = 3.31425e-05
        m8 = 0.391584
        Th = 7155.38
        Tb = 34279.6
        Te = 3544.85
        Tg = 1772.43
DiffEv reached_goal. cost=2.30907e-03 spread=2.68653e-06
Fitted parameter values
Free:
       pc1 = 3.94873
       pc2 = 3.96014
       pc3 = 0.209381
       pc4 = 0.860511
       pc5 = 1.97326
       pc6 = -0.888539
       pc7 = -1.06943
       pc8 = 1.83734
       pc9 = -0.304298
      pc10 = 0.193752
      pc11 = 0.0796478
      pc12 = 0.0631336
      pc13 = 0.0669794
      pc14 = 0.00567269
Constrained:
     Tecnw = 62520.6
       Tnw = 1143.14
       Tec = 1107.15
     twoNb = 2.78335e+06
     twoNe = 320139
     twoNw = 1.54761e+06
    twoNec = 105574
    twoNnw = 173081
  twoNecnw = 11892.3
  twoNbecnw = 89607
        m2 = 0.013016
        m5 = 0.17675
        m7 = 5.17515e-05
        m8 = 0.372739
        Th = 1125.14
        Tb = 31813.9
        Te = 553.575
        Tg = 276.787
#       SitePat  BranchLen
              b 149136.8006764
              e 57883.8081339
              c 60836.9247377
              n 54994.5290765
              w 54989.9622822
            b:e 2753.4425151
            b:c 3122.8940486
            b:n 2274.0194373
            b:w 2273.7481576
            e:c 12553.7392923
            e:n 6648.6124216
            e:w 6652.8689814
            c:n 5774.1188979
            c:w 5773.5924488
            n:w 14648.4618775
          b:e:c 2579.8469546
          b:e:n 1332.5454930
          b:e:w 1332.7855070
          b:c:n 1332.8611091
          b:c:w 1332.6210273
          b:n:w 2577.0879684
          e:c:n 5298.1665833
          e:c:w 5299.0032668
          e:n:w 8185.7181747
          c:n:w 6984.0604927
        b:e:c:n 2274.5835223
        b:e:c:w 2274.8548698
        b:e:n:w 3112.5021969
        b:c:n:w 2745.2106617
        e:c:n:w 62273.3262323
