########################################
# legofit: estimate population history #
#       version 2.3.4-4-g53f8760       #
########################################

# Program was compiled: Sep 21 2021 14:36:42
# Program was run: Thu Oct 14 10:02:43 2021

# cmd: legofit -1 -d 0 -t 32 --ptsPerDim 3 --stateOut b1boot6.state --tol 3e-6 -S 5000 begh2.lgo ../../boot/boot6.opf
# Stage nOptItr nSimReps
#     0    5000        0
# algorithm          : deterministic
# ignoring probs <=  : 0
# Branch length floor: 0
# DE strategy        : 2
#    F               : 0.3
#    CR              : 0.8
#    tolerance       : 3e-06
# nthreads           : 32
# lgo input file     : begh2.lgo
# site pat input file: ../../boot/boot6.opf
# free parameters    : 14
# points in DE swarm : 42
# output state file  : b1boot6.state
# Including singleton site patterns.
# cost function      : KL
Initial parameter values
Fixed:
      zero = 0
       one = 1
    Tbecnw = 75200
Free:
       pc1 = 0
       pc2 = 0
       pc3 = 0
       pc4 = 0
       pc5 = 0
       pc6 = 0
       pc7 = 0
       pc8 = 0
       pc9 = 0
      pc10 = 0
      pc11 = 0
      pc12 = 0
      pc13 = 0
      pc14 = 0
Constrained:
     Tecnw = 61469.4
       Tnw = 7221.06
       Tec = 7089.7
     twoNb = 1.82554e+06
     twoNe = 187321
     twoNw = 939400
    twoNec = 84729.1
    twoNnw = 139277
  twoNecnw = 13365.6
  twoNbecnw = 88251.9
        m2 = 0.00289564
        m5 = 0.172986
        m7 = 3.31425e-05
        m8 = 0.391584
        Th = 7155.38
        Tb = 34279.6
        Te = 3544.85
        Tg = 1772.43
DiffEv reached_goal. cost=2.29603e-03 spread=2.84232e-06
Fitted parameter values
Free:
       pc1 = 3.96887
       pc2 = 3.87059
       pc3 = 1.66545
       pc4 = 1.17992
       pc5 = 1.97211
       pc6 = 0.942822
       pc7 = 0.238762
       pc8 = 1.79188
       pc9 = -0.368066
      pc10 = 0.447373
      pc11 = 0.0442663
      pc12 = 0.0894563
      pc13 = 0.045535
      pc14 = 0.0251072
Constrained:
     Tecnw = 62825.6
       Tnw = 534.724
       Tec = 498.149
     twoNb = 2.5166e+06
     twoNe = 105972
     twoNw = 954020
    twoNec = 107547
    twoNnw = 178022
  twoNecnw = 11567.3
  twoNbecnw = 89953.9
        m2 = 0.0131848
        m5 = 0.171943
        m7 = 3.41332e-05
        m8 = 0.376767
        Th = 516.437
        Tb = 31661.9
        Te = 249.075
        Tg = 124.537
#       SitePat  BranchLen
              b 149449.0897013
              e 58051.0777490
              c 60895.9922490
              n 55160.6809000
              w 55156.7155043
            b:e 2763.9158492
            b:c 3118.4884869
            b:n 2284.0587151
            b:w 2283.8242969
            e:c 12531.0215705
            e:n 6666.8320964
            e:w 6670.2744311
            c:n 5818.4058026
            c:w 5818.2032824
            n:w 14608.5478861
          b:e:c 2572.3413498
          b:e:n 1340.4952019
          b:e:w 1340.6772592
          b:c:n 1340.7615161
          b:c:w 1340.5793941
          b:n:w 2569.2611232
          e:c:n 5304.3974319
          e:c:w 5305.1230130
          e:n:w 8130.0341384
          c:n:w 6983.0357822
        b:e:c:n 2284.7618544
        b:e:c:w 2284.9963375
        b:e:n:w 3106.8356221
        b:c:n:w 2754.6758339
        e:c:n:w 62481.9786372
