########################################
# legofit: estimate population history #
#       version 2.3.4-4-g53f8760       #
########################################

# Program was compiled: Sep 21 2021 14:36:42
# Program was run: Thu Oct 14 10:02:43 2021

# cmd: legofit -1 -d 0 -t 32 --ptsPerDim 3 --stateOut b1boot8.state --tol 3e-6 -S 5000 begh2.lgo ../../boot/boot8.opf
# Stage nOptItr nSimReps
#     0    5000        0
# algorithm          : deterministic
# ignoring probs <=  : 0
# Branch length floor: 0
# DE strategy        : 2
#    F               : 0.3
#    CR              : 0.8
#    tolerance       : 3e-06
# nthreads           : 32
# lgo input file     : begh2.lgo
# site pat input file: ../../boot/boot8.opf
# free parameters    : 14
# points in DE swarm : 42
# output state file  : b1boot8.state
# Including singleton site patterns.
# cost function      : KL
Initial parameter values
Fixed:
      zero = 0
       one = 1
    Tbecnw = 75200
Free:
       pc1 = 0
       pc2 = 0
       pc3 = 0
       pc4 = 0
       pc5 = 0
       pc6 = 0
       pc7 = 0
       pc8 = 0
       pc9 = 0
      pc10 = 0
      pc11 = 0
      pc12 = 0
      pc13 = 0
      pc14 = 0
Constrained:
     Tecnw = 61469.4
       Tnw = 7221.06
       Tec = 7089.7
     twoNb = 1.82554e+06
     twoNe = 187321
     twoNw = 939400
    twoNec = 84729.1
    twoNnw = 139277
  twoNecnw = 13365.6
  twoNbecnw = 88251.9
        m2 = 0.00289564
        m5 = 0.172986
        m7 = 3.31425e-05
        m8 = 0.391584
        Th = 7155.38
        Tb = 34279.6
        Te = 3544.85
        Tg = 1772.43
DiffEv reached_goal. cost=2.31064e-03 spread=2.42186e-06
Fitted parameter values
Free:
       pc1 = 3.96994
       pc2 = 3.64992
       pc3 = 1.57377
       pc4 = 1.64346
       pc5 = 1.8569
       pc6 = 0.357172
       pc7 = 0.170304
       pc8 = 1.6296
       pc9 = -0.518894
      pc10 = 0.211632
      pc11 = 0.0182032
      pc12 = 0.0984687
      pc13 = 0.0832003
      pc14 = 0.0361228
Constrained:
     Tecnw = 62840.8
       Tnw = 908.548
       Tec = 883.154
     twoNb = 3.05496e+06
     twoNe = 173326
     twoNw = 965712
    twoNec = 105987
    twoNnw = 175299
  twoNecnw = 11596.4
  twoNbecnw = 89605.6
        m2 = 0.0135962
        m5 = 0.172027
        m7 = 4.09095e-05
        m8 = 0.375714
        Th = 895.851
        Tb = 31862
        Te = 441.577
        Tg = 220.788
#       SitePat  BranchLen
              b 149116.4716675
              e 58052.5780980
              c 60917.9365824
              n 55145.6794106
              w 55140.0514054
            b:e 2762.4384219
            b:c 3120.8382421
            b:n 2277.9050117
            b:w 2277.5719533
            e:c 12563.8591158
            e:n 6645.8094514
            e:w 6651.0819337
            c:n 5795.4590408
            c:w 5794.7885339
            n:w 14641.2824391
          b:e:c 2579.4948207
          b:e:n 1334.8555026
          b:e:w 1335.1528650
          b:c:n 1335.2236501
          b:c:w 1334.9262087
          b:n:w 2576.8740497
          e:c:n 5287.9071228
          e:c:w 5288.9331526
          e:n:w 8146.0562705
          c:n:w 6985.1776418
        b:e:c:n 2278.3651552
        b:e:c:w 2278.6982925
        b:e:n:w 3111.0128131
        b:c:n:w 2754.6354564
        e:c:n:w 62158.2210947
