########################################
# legofit: estimate population history #
#       version 2.3.4-4-g53f8760       #
########################################

# Program was compiled: Sep 21 2021 14:36:42
# Program was run: Thu Oct 14 10:03:32 2021

# cmd: legofit -1 -d 0 -t 32 --ptsPerDim 3 --stateOut b1boot48.state --tol 3e-6 -S 5000 begh2.lgo ../../boot/boot48.opf
# Stage nOptItr nSimReps
#     0    5000        0
# algorithm          : deterministic
# ignoring probs <=  : 0
# Branch length floor: 0
# DE strategy        : 2
#    F               : 0.3
#    CR              : 0.8
#    tolerance       : 3e-06
# nthreads           : 32
# lgo input file     : begh2.lgo
# site pat input file: ../../boot/boot48.opf
# free parameters    : 14
# points in DE swarm : 42
# output state file  : b1boot48.state
# Including singleton site patterns.
# cost function      : KL
Initial parameter values
Fixed:
      zero = 0
       one = 1
    Tbecnw = 75200
Free:
       pc1 = 0
       pc2 = 0
       pc3 = 0
       pc4 = 0
       pc5 = 0
       pc6 = 0
       pc7 = 0
       pc8 = 0
       pc9 = 0
      pc10 = 0
      pc11 = 0
      pc12 = 0
      pc13 = 0
      pc14 = 0
Constrained:
     Tecnw = 61469.4
       Tnw = 7221.06
       Tec = 7089.7
     twoNb = 1.82554e+06
     twoNe = 187321
     twoNw = 939400
    twoNec = 84729.1
    twoNnw = 139277
  twoNecnw = 13365.6
  twoNbecnw = 88251.9
        m2 = 0.00289564
        m5 = 0.172986
        m7 = 3.31425e-05
        m8 = 0.391584
        Th = 7155.38
        Tb = 34279.6
        Te = 3544.85
        Tg = 1772.43
DiffEv reached_goal. cost=2.34460e-03 spread=2.92605e-06
Fitted parameter values
Free:
       pc1 = 3.96144
       pc2 = 3.71703
       pc3 = 0.88095
       pc4 = 1.59503
       pc5 = 1.89702
       pc6 = -0.207417
       pc7 = 1.08779
       pc8 = 1.92278
       pc9 = -0.0229872
      pc10 = 0.366068
      pc11 = 0.0334918
      pc12 = -0.0344745
      pc13 = -0.00556979
      pc14 = 0.0746661
Constrained:
     Tecnw = 62463.8
       Tnw = 1036.82
       Tec = 795.547
     twoNb = 3.08382e+06
     twoNe = 116028
     twoNw = 943904
    twoNec = 105874
    twoNnw = 174546
  twoNecnw = 11946.8
  twoNbecnw = 89843.9
        m2 = 0.0132164
        m5 = 0.173116
        m7 = 7.41508e-05
        m8 = 0.375031
        Th = 916.185
        Tb = 31629.7
        Te = 397.773
        Tg = 198.887
#       SitePat  BranchLen
              b 149316.3692063
              e 57877.1507439
              c 60749.8169650
              n 55058.1001702
              w 55045.6809518
            b:e 2764.4535019
            b:c 3123.7768473
            b:n 2287.4411753
            b:w 2286.6988342
            e:c 12613.7212256
            e:n 6649.2784184
            e:w 6658.2535688
            c:n 5799.1981247
            c:w 5800.3207441
            n:w 14628.7844050
          b:e:c 2585.9921040
          b:e:n 1338.9616399
          b:e:w 1339.3563389
          b:c:n 1339.4227394
          b:c:w 1339.0278747
          b:n:w 2583.4423380
          e:c:n 5327.9071341
          e:c:w 5330.2285826
          e:n:w 8170.8661039
          c:n:w 7004.1989710
        b:e:c:n 2287.4729500
        b:e:c:w 2288.2154567
        b:e:n:w 3114.2255492
        b:c:n:w 2756.7835988
        e:c:n:w 62405.5568368
