########################################
# legofit: estimate population history #
#       version 2.3.4-4-g53f8760       #
########################################

# Program was compiled: Sep 21 2021 14:36:42
# Program was run: Thu Oct 14 10:03:06 2021

# cmd: legofit -1 -d 0 -t 32 --ptsPerDim 3 --stateOut b1boot27.state --tol 3e-6 -S 5000 begh2.lgo ../../boot/boot27.opf
# Stage nOptItr nSimReps
#     0    5000        0
# algorithm          : deterministic
# ignoring probs <=  : 0
# Branch length floor: 0
# DE strategy        : 2
#    F               : 0.3
#    CR              : 0.8
#    tolerance       : 3e-06
# nthreads           : 32
# lgo input file     : begh2.lgo
# site pat input file: ../../boot/boot27.opf
# free parameters    : 14
# points in DE swarm : 42
# output state file  : b1boot27.state
# Including singleton site patterns.
# cost function      : KL
Initial parameter values
Fixed:
      zero = 0
       one = 1
    Tbecnw = 75200
Free:
       pc1 = 0
       pc2 = 0
       pc3 = 0
       pc4 = 0
       pc5 = 0
       pc6 = 0
       pc7 = 0
       pc8 = 0
       pc9 = 0
      pc10 = 0
      pc11 = 0
      pc12 = 0
      pc13 = 0
      pc14 = 0
Constrained:
     Tecnw = 61469.4
       Tnw = 7221.06
       Tec = 7089.7
     twoNb = 1.82554e+06
     twoNe = 187321
     twoNw = 939400
    twoNec = 84729.1
    twoNnw = 139277
  twoNecnw = 13365.6
  twoNbecnw = 88251.9
        m2 = 0.00289564
        m5 = 0.172986
        m7 = 3.31425e-05
        m8 = 0.391584
        Th = 7155.38
        Tb = 34279.6
        Te = 3544.85
        Tg = 1772.43
DiffEv reached_goal. cost=2.29916e-03 spread=2.97713e-06
Fitted parameter values
Free:
       pc1 = 3.96761
       pc2 = 3.93673
       pc3 = 0.937604
       pc4 = 1.72216
       pc5 = 1.76875
       pc6 = 0.649511
       pc7 = 0.972206
       pc8 = 1.98052
       pc9 = 0.13384
      pc10 = 0.2928
      pc11 = -0.0596444
      pc12 = 0.0125523
      pc13 = 0.0551809
      pc14 = 0.00349703
Constrained:
     Tecnw = 62635.7
       Tnw = 792.854
       Tec = 792.621
     twoNb = 2.53698e+06
     twoNe = 144838
     twoNw = 810745
    twoNec = 108659
    twoNnw = 175795
  twoNecnw = 11765.4
  twoNbecnw = 90159
        m2 = 0.0132791
        m5 = 0.171998
        m7 = 6.56948e-05
        m8 = 0.372682
        Th = 792.738
        Tb = 31714.2
        Te = 396.31
        Tg = 198.155
#       SitePat  BranchLen
              b 149579.7594594
              e 58115.7890299
              c 60987.5966209
              n 55120.9674583
              w 55115.8161560
            b:e 2782.2036018
            b:c 3141.6676041
            b:n 2288.7984396
            b:w 2288.4925694
            e:c 12515.3347511
            e:n 6655.0380000
            e:w 6660.1854297
            c:n 5803.0450534
            c:w 5802.1128368
            n:w 14670.6269509
          b:e:c 2588.8272294
          b:e:n 1343.9414984
          b:e:w 1344.2469783
          b:c:n 1344.3285655
          b:c:w 1344.0229990
          b:n:w 2585.7328153
          e:c:n 5314.0919719
          e:c:w 5315.0280610
          e:n:w 8189.2906254
          c:n:w 7025.0660708
        b:e:c:n 2289.4397032
        b:e:c:w 2289.7456600
        b:e:n:w 3129.9399744
        b:c:n:w 2772.7953874
        e:c:n:w 62580.8399708
