########################################
# legofit: estimate population history #
#       version 2.3.4-4-g53f8760       #
########################################

# Program was compiled: Sep 21 2021 14:36:42
# Program was run: Thu Oct 14 10:03:19 2021

# cmd: legofit -1 -d 0 -t 32 --ptsPerDim 3 --stateOut b1boot40.state --tol 3e-6 -S 5000 begh2.lgo ../../boot/boot40.opf
# Stage nOptItr nSimReps
#     0    5000        0
# algorithm          : deterministic
# ignoring probs <=  : 0
# Branch length floor: 0
# DE strategy        : 2
#    F               : 0.3
#    CR              : 0.8
#    tolerance       : 3e-06
# nthreads           : 32
# lgo input file     : begh2.lgo
# site pat input file: ../../boot/boot40.opf
# free parameters    : 14
# points in DE swarm : 42
# output state file  : b1boot40.state
# Including singleton site patterns.
# cost function      : KL
Initial parameter values
Fixed:
      zero = 0
       one = 1
    Tbecnw = 75200
Free:
       pc1 = 0
       pc2 = 0
       pc3 = 0
       pc4 = 0
       pc5 = 0
       pc6 = 0
       pc7 = 0
       pc8 = 0
       pc9 = 0
      pc10 = 0
      pc11 = 0
      pc12 = 0
      pc13 = 0
      pc14 = 0
Constrained:
     Tecnw = 61469.4
       Tnw = 7221.06
       Tec = 7089.7
     twoNb = 1.82554e+06
     twoNe = 187321
     twoNw = 939400
    twoNec = 84729.1
    twoNnw = 139277
  twoNecnw = 13365.6
  twoNbecnw = 88251.9
        m2 = 0.00289564
        m5 = 0.172986
        m7 = 3.31425e-05
        m8 = 0.391584
        Th = 7155.38
        Tb = 34279.6
        Te = 3544.85
        Tg = 1772.43
DiffEv reached_goal. cost=2.32494e-03 spread=2.97344e-06
Fitted parameter values
Free:
       pc1 = 3.95135
       pc2 = 3.82042
       pc3 = 1.263
       pc4 = 1.46711
       pc5 = 1.75059
       pc6 = 0.578499
       pc7 = -0.192386
       pc8 = 1.43654
       pc9 = -0.190234
      pc10 = 0.473594
      pc11 = 0.183429
      pc12 = 0.105529
      pc13 = 0.0290393
      pc14 = 0.0535058
Constrained:
     Tecnw = 62632.5
       Tnw = 737.944
       Tec = 716.998
     twoNb = 2.74348e+06
     twoNe = 235074
     twoNw = 1.00808e+06
    twoNec = 105496
    twoNnw = 177586
  twoNecnw = 11769.6
  twoNbecnw = 89922.6
        m2 = 0.0125149
        m5 = 0.172539
        m7 = 3.67629e-05
        m8 = 0.376135
        Th = 727.471
        Tb = 31674.7
        Te = 358.499
        Tg = 179.249
#       SitePat  BranchLen
              b 149404.5895606
              e 57951.0814383
              c 60792.6649999
              n 55190.8315545
              w 55186.4182726
            b:e 2755.3767569
            b:c 3109.2939617
            b:n 2293.6278689
            b:w 2293.3658587
            e:c 12602.7829484
            e:n 6657.6292423
            e:w 6661.7601552
            c:n 5811.2167117
            c:w 5810.6926285
            n:w 14588.9501042
          b:e:c 2581.4964355
          b:e:n 1341.8514872
          b:e:w 1342.0850812
          b:c:n 1342.1586145
          b:c:w 1341.9249568
          b:n:w 2578.7949524
          e:c:n 5332.1571163
          e:c:w 5332.9635686
          e:n:w 8115.4253304
          c:n:w 6969.0786301
        b:e:c:n 2294.1859610
        b:e:c:w 2294.4480350
        b:e:n:w 3099.1569945
        b:c:n:w 2747.3359829
        e:c:n:w 62457.2919569
