########################################
# legofit: estimate population history #
#       version 2.3.4-4-g53f8760       #
########################################

# Program was compiled: Sep 21 2021 14:36:42
# Program was run: Sat Oct  9 20:02:45 2021

# cmd: legofit -1 -d 0 -t 32 --ptsPerDim 3 --stateOut b1.state --tol 3e-6 -S 5000 af2.lgo ../../pan.opf
# Stage nOptItr nSimReps
#     0    5000        0
# algorithm          : deterministic
# ignoring probs <=  : 0
# Branch length floor: 0
# DE strategy        : 2
#    F               : 0.3
#    CR              : 0.8
#    tolerance       : 3e-06
# nthreads           : 32
# lgo input file     : af2.lgo
# site pat input file: ../../pan.opf
# free parameters    : 14
# points in DE swarm : 42
# output state file  : b1.state
# Including singleton site patterns.
# cost function      : KL
Initial parameter values
Fixed:
      zero = 0
       one = 1
    Tbecnw = 75200
Free:
       pc1 = 0
       pc2 = 0
       pc3 = 0
       pc4 = 0
       pc5 = 0
       pc6 = 0
       pc7 = 0
       pc8 = 0
       pc9 = 0
      pc10 = 0
      pc11 = 0
      pc12 = 0
      pc13 = 0
      pc14 = 0
Constrained:
   Tgbecnw = 117386
     Tecnw = 26371.4
       Tnw = 24402.2
       Tec = 2549.89
     twoNb = 168275
     twoNc = 697149
     twoNw = 1.35931e+06
    twoNec = 363639
    twoNnw = 9415.13
  twoNecnw = 89542.3
  twoNbecnw = 20900.2
  twoNgbecnw = 177325
         m = 0.226398
        m6 = 1.04202e-05
        Ta = 37600
        Tf = 1274.94
DiffEv reached_goal. cost=2.29903e-03 spread=2.50355e-06
Fitted parameter values
Free:
       pc1 = -3.97215
       pc2 = -0.21592
       pc3 = 1.85119
       pc4 = -0.185247
       pc5 = -1.96302
       pc6 = 0.9225
       pc7 = 0.35196
       pc8 = 1.98684
       pc9 = 0.315298
      pc10 = 0.129072
      pc11 = 0.0276173
      pc12 = 0.0737394
      pc13 = 0.0290061
      pc14 = 0.000832752
Constrained:
   Tgbecnw = 100513
     Tecnw = 24552.6
       Tnw = 23617.3
       Tec = 78.314
     twoNb = 451425
     twoNc = 1.21777e+06
     twoNw = 1.03526e+06
    twoNec = 375367
    twoNnw = 4429.9
  twoNecnw = 86172.3
  twoNbecnw = 12584.5
  twoNgbecnw = 195346
         m = 0.195596
        m6 = 1.6601e-05
        Ta = 37600
        Tf = 39.157
#       SitePat  BranchLen
              b 134230.4710426
              e 53579.0387567
              c 53578.8036348
              n 49466.2869844
              w 49466.2708212
            b:e 2460.4616981
            b:c 2460.4351647
            b:n 1956.3819922
            b:w 1956.3807928
            e:c 11169.2920131
            e:n 5555.5831261
            e:w 5555.5792291
            c:n 5555.6367201
            c:w 5555.6528834
            n:w 13644.1308431
          b:e:c 2318.6986711
          b:e:n 1252.1162442
          b:e:w 1252.1149458
          b:c:n 1252.1142053
          b:c:w 1252.1154047
          b:n:w 2277.0720072
          e:c:n 4869.3227421
          e:c:w 4869.3266391
          e:n:w 6507.0742167
          c:n:w 6507.1820903
        b:e:c:n 2221.3446567
        b:e:c:w 2221.3459551
        b:e:n:w 2767.0249520
        b:c:n:w 2767.0530654
        e:c:n:w 56046.8069521
