########################################
# legofit: estimate population history #
#       version 2.3.4-4-g53f8760       #
########################################

# Program was compiled: Sep 21 2021 14:36:42
# Program was run: Sat Oct  9 20:03:07 2021

# cmd: legofit -1 -d 0 -t 32 --ptsPerDim 3 --stateOut b1boot16.state --tol 3e-6 -S 5000 af2.lgo ../../boot/boot16.opf
# Stage nOptItr nSimReps
#     0    5000        0
# algorithm          : deterministic
# ignoring probs <=  : 0
# Branch length floor: 0
# DE strategy        : 2
#    F               : 0.3
#    CR              : 0.8
#    tolerance       : 3e-06
# nthreads           : 32
# lgo input file     : af2.lgo
# site pat input file: ../../boot/boot16.opf
# free parameters    : 14
# points in DE swarm : 42
# output state file  : b1boot16.state
# Including singleton site patterns.
# cost function      : KL
Initial parameter values
Fixed:
      zero = 0
       one = 1
    Tbecnw = 75200
Free:
       pc1 = 0
       pc2 = 0
       pc3 = 0
       pc4 = 0
       pc5 = 0
       pc6 = 0
       pc7 = 0
       pc8 = 0
       pc9 = 0
      pc10 = 0
      pc11 = 0
      pc12 = 0
      pc13 = 0
      pc14 = 0
Constrained:
   Tgbecnw = 117386
     Tecnw = 26371.4
       Tnw = 24402.2
       Tec = 2549.89
     twoNb = 168275
     twoNc = 697149
     twoNw = 1.35931e+06
    twoNec = 363639
    twoNnw = 9415.13
  twoNecnw = 89542.3
  twoNbecnw = 20900.2
  twoNgbecnw = 177325
         m = 0.226398
        m6 = 1.04202e-05
        Ta = 37600
        Tf = 1274.94
DiffEv reached_goal. cost=2.25548e-03 spread=2.99714e-06
Fitted parameter values
Free:
       pc1 = -3.98996
       pc2 = -0.531676
       pc3 = 1.97807
       pc4 = 0.147384
       pc5 = -1.97484
       pc6 = 0.612822
       pc7 = 1.66499
       pc8 = 1.77583
       pc9 = 0.317313
      pc10 = 0.0897453
      pc11 = 0.0112387
      pc12 = 0.0171486
      pc13 = 0.0148021
      pc14 = -0.0034515
Constrained:
   Tgbecnw = 100921
     Tecnw = 24388.1
       Tnw = 23519.6
       Tec = 46.7164
     twoNb = 358372
     twoNc = 1.43931e+06
     twoNw = 670397
    twoNec = 379207
    twoNnw = 4107.05
  twoNecnw = 86538.9
  twoNbecnw = 12565.9
  twoNgbecnw = 200661
         m = 0.189637
        m6 = 3.25957e-06
        Ta = 37600
        Tf = 23.3582
#       SitePat  BranchLen
              b 134099.3787188
              e 53534.0299817
              c 53533.9821755
              n 49355.0743952
              w 49355.0695441
            b:e 2458.0448614
            b:c 2458.0395280
            b:n 1950.0925676
            b:w 1950.0922082
            e:c 11127.1262491
            e:n 5559.5827199
            e:w 5559.5815514
            c:n 5559.5927371
            c:w 5559.5975882
            n:w 13654.3143048
          b:e:c 2313.0427845
          b:e:n 1250.6895990
          b:e:w 1250.6892098
          b:c:n 1250.6890653
          b:c:w 1250.6894247
          b:n:w 2270.8168281
          e:c:n 4848.6727863
          e:c:w 4848.6739548
          e:n:w 6500.4085477
          c:n:w 6500.4302998
        b:e:c:n 2216.1739641
        b:e:c:w 2216.1743533
        b:e:n:w 2766.3470957
        b:c:n:w 2766.3527479
        e:c:n:w 56018.0752978
