########################################
# legofit: estimate population history #
#       version 2.3.4-4-g53f8760       #
########################################

# Program was compiled: Sep 21 2021 14:36:42
# Program was run: Sat Oct  9 20:03:22 2021

# cmd: legofit -1 -d 0 -t 32 --ptsPerDim 3 --stateOut b1boot26.state --tol 3e-6 -S 5000 af2.lgo ../../boot/boot26.opf
# Stage nOptItr nSimReps
#     0    5000        0
# algorithm          : deterministic
# ignoring probs <=  : 0
# Branch length floor: 0
# DE strategy        : 2
#    F               : 0.3
#    CR              : 0.8
#    tolerance       : 3e-06
# nthreads           : 32
# lgo input file     : af2.lgo
# site pat input file: ../../boot/boot26.opf
# free parameters    : 14
# points in DE swarm : 42
# output state file  : b1boot26.state
# Including singleton site patterns.
# cost function      : KL
Initial parameter values
Fixed:
      zero = 0
       one = 1
    Tbecnw = 75200
Free:
       pc1 = 0
       pc2 = 0
       pc3 = 0
       pc4 = 0
       pc5 = 0
       pc6 = 0
       pc7 = 0
       pc8 = 0
       pc9 = 0
      pc10 = 0
      pc11 = 0
      pc12 = 0
      pc13 = 0
      pc14 = 0
Constrained:
   Tgbecnw = 117386
     Tecnw = 26371.4
       Tnw = 24402.2
       Tec = 2549.89
     twoNb = 168275
     twoNc = 697149
     twoNw = 1.35931e+06
    twoNec = 363639
    twoNnw = 9415.13
  twoNecnw = 89542.3
  twoNbecnw = 20900.2
  twoNgbecnw = 177325
         m = 0.226398
        m6 = 1.04202e-05
        Ta = 37600
        Tf = 1274.94
DiffEv reached_goal. cost=2.27330e-03 spread=2.94768e-06
Fitted parameter values
Free:
       pc1 = -3.96734
       pc2 = -0.555516
       pc3 = 1.98392
       pc4 = 0.353176
       pc5 = -1.88005
       pc6 = 0.0667597
       pc7 = 1.65996
       pc8 = 1.97715
       pc9 = 0.485451
      pc10 = 0.168773
      pc11 = 0.0354453
      pc12 = 0.0339335
      pc13 = 0.0235815
      pc14 = -0.00563144
Constrained:
   Tgbecnw = 100032
     Tecnw = 24373.4
       Tnw = 23179.6
       Tec = 478.663
     twoNb = 315463
     twoNc = 1.6968e+06
     twoNw = 703106
    twoNec = 369113
    twoNnw = 5738.76
  twoNecnw = 87031.6
  twoNbecnw = 12367.5
  twoNgbecnw = 195369
         m = 0.195431
        m6 = 1.98193e-06
        Ta = 37600
        Tf = 239.331
#       SitePat  BranchLen
              b 133980.5060421
              e 53587.3154409
              c 53587.2867091
              n 49481.7388415
              w 49481.7360791
            b:e 2464.6637838
            b:c 2464.6605836
            b:n 1967.2871112
            b:w 1967.2869058
            e:c 11139.5750912
            e:n 5585.3727613
            e:w 5585.3720957
            c:n 5585.3789200
            c:w 5585.3816824
            n:w 13633.3013204
          b:e:c 2319.3164268
          b:e:n 1261.1379008
          b:e:w 1261.1376782
          b:c:n 1261.1375900
          b:c:w 1261.1377954
          b:n:w 2277.6998895
          e:c:n 4876.9334975
          e:c:w 4876.9341631
          e:n:w 6488.7647226
          c:n:w 6488.7777088
        b:e:c:n 2237.4168422
        b:e:c:w 2237.4170647
        b:e:n:w 2776.4069690
        b:c:n:w 2776.4103628
        e:c:n:w 55815.8585082
