########################################
# legofit: estimate population history #
#       version 2.3.4-4-g53f8760       #
########################################

# Program was compiled: Sep 21 2021 14:36:42
# Program was run: Sat Oct  9 20:03:38 2021

# cmd: legofit -1 -d 0 -t 32 --ptsPerDim 3 --stateOut b1boot36.state --tol 3e-6 -S 5000 af2.lgo ../../boot/boot36.opf
# Stage nOptItr nSimReps
#     0    5000        0
# algorithm          : deterministic
# ignoring probs <=  : 0
# Branch length floor: 0
# DE strategy        : 2
#    F               : 0.3
#    CR              : 0.8
#    tolerance       : 3e-06
# nthreads           : 32
# lgo input file     : af2.lgo
# site pat input file: ../../boot/boot36.opf
# free parameters    : 14
# points in DE swarm : 42
# output state file  : b1boot36.state
# Including singleton site patterns.
# cost function      : KL
Initial parameter values
Fixed:
      zero = 0
       one = 1
    Tbecnw = 75200
Free:
       pc1 = 0
       pc2 = 0
       pc3 = 0
       pc4 = 0
       pc5 = 0
       pc6 = 0
       pc7 = 0
       pc8 = 0
       pc9 = 0
      pc10 = 0
      pc11 = 0
      pc12 = 0
      pc13 = 0
      pc14 = 0
Constrained:
   Tgbecnw = 117386
     Tecnw = 26371.4
       Tnw = 24402.2
       Tec = 2549.89
     twoNb = 168275
     twoNc = 697149
     twoNw = 1.35931e+06
    twoNec = 363639
    twoNnw = 9415.13
  twoNecnw = 89542.3
  twoNbecnw = 20900.2
  twoNgbecnw = 177325
         m = 0.226398
        m6 = 1.04202e-05
        Ta = 37600
        Tf = 1274.94
DiffEv reached_goal. cost=2.30406e-03 spread=2.58494e-06
Fitted parameter values
Free:
       pc1 = -3.95274
       pc2 = -0.618258
       pc3 = 1.98741
       pc4 = 0.0574234
       pc5 = -1.99494
       pc6 = -0.631359
       pc7 = 1.30185
       pc8 = 1.91458
       pc9 = 0.619731
      pc10 = 0.094342
      pc11 = 0.0962468
      pc12 = 0.0629206
      pc13 = 0.0436339
      pc14 = 0.00232895
Constrained:
   Tgbecnw = 99133.8
     Tecnw = 24429.5
       Tnw = 23020.2
       Tec = 598.253
     twoNb = 205333
     twoNc = 1.92406e+06
     twoNw = 825188
    twoNec = 364540
    twoNnw = 6760.01
  twoNecnw = 87103.3
  twoNbecnw = 12019.9
  twoNgbecnw = 193157
         m = 0.199468
        m6 = 7.11406e-06
        Ta = 37600
        Tf = 299.126
#       SitePat  BranchLen
              b 133986.6634198
              e 53589.7663826
              c 53589.6643397
              n 49483.0107671
              w 49483.0023740
            b:e 2456.5545339
            b:c 2456.5431715
            b:n 1961.4508005
            b:w 1961.4501787
            e:c 11142.0916633
            e:n 5565.1769768
            e:w 5565.1749620
            c:n 5565.1997217
            c:w 5565.2081149
            n:w 13644.4497206
          b:e:c 2316.2367764
          b:e:n 1256.6228626
          b:e:w 1256.6221885
          b:c:n 1256.6218688
          b:c:w 1256.6224905
          b:n:w 2274.5434425
          e:c:n 4862.8563713
          e:c:w 4862.8583861
          e:n:w 6467.1850395
          c:n:w 6467.2311846
        b:e:c:n 2232.4517223
        b:e:c:w 2232.4523964
        b:e:n:w 2769.2377293
        b:c:n:w 2769.2497835
        e:c:n:w 55868.0353741
