########################################
# legofit: estimate population history #
#       version 2.3.4-4-g53f8760       #
########################################

# Program was compiled: Sep 21 2021 14:36:42
# Program was run: Sat Oct  9 20:03:30 2021

# cmd: legofit -1 -d 0 -t 32 --ptsPerDim 3 --stateOut b1boot32.state --tol 3e-6 -S 5000 af2.lgo ../../boot/boot32.opf
# Stage nOptItr nSimReps
#     0    5000        0
# algorithm          : deterministic
# ignoring probs <=  : 0
# Branch length floor: 0
# DE strategy        : 2
#    F               : 0.3
#    CR              : 0.8
#    tolerance       : 3e-06
# nthreads           : 32
# lgo input file     : af2.lgo
# site pat input file: ../../boot/boot32.opf
# free parameters    : 14
# points in DE swarm : 42
# output state file  : b1boot32.state
# Including singleton site patterns.
# cost function      : KL
Initial parameter values
Fixed:
      zero = 0
       one = 1
    Tbecnw = 75200
Free:
       pc1 = 0
       pc2 = 0
       pc3 = 0
       pc4 = 0
       pc5 = 0
       pc6 = 0
       pc7 = 0
       pc8 = 0
       pc9 = 0
      pc10 = 0
      pc11 = 0
      pc12 = 0
      pc13 = 0
      pc14 = 0
Constrained:
   Tgbecnw = 117386
     Tecnw = 26371.4
       Tnw = 24402.2
       Tec = 2549.89
     twoNb = 168275
     twoNc = 697149
     twoNw = 1.35931e+06
    twoNec = 363639
    twoNnw = 9415.13
  twoNecnw = 89542.3
  twoNbecnw = 20900.2
  twoNgbecnw = 177325
         m = 0.226398
        m6 = 1.04202e-05
        Ta = 37600
        Tf = 1274.94
DiffEv reached_goal. cost=2.33986e-03 spread=2.92608e-06
Fitted parameter values
Free:
       pc1 = -3.98003
       pc2 = -0.149017
       pc3 = 1.91353
       pc4 = 0.481549
       pc5 = -1.93955
       pc6 = 0.295734
       pc7 = 0.884644
       pc8 = 1.7477
       pc9 = 0.511726
      pc10 = 0.0529549
      pc11 = 0.0508323
      pc12 = 0.0356574
      pc13 = 0.0683362
      pc14 = 0.00386982
Constrained:
   Tgbecnw = 99495.8
     Tecnw = 24527.1
       Tnw = 23144.4
       Tec = 218.203
     twoNb = 357807
     twoNc = 1.18765e+06
     twoNw = 1.02352e+06
    twoNec = 377268
    twoNnw = 6575.92
  twoNecnw = 86903.7
  twoNbecnw = 12193.8
  twoNgbecnw = 194001
         m = 0.201616
        m6 = 7.24153e-06
        Ta = 37600
        Tf = 109.102
#       SitePat  BranchLen
              b 134750.6192384
              e 53701.8494161
              c 53701.7463331
              n 49514.2964227
              w 49514.2894126
            b:e 2471.1987849
            b:c 2471.1872052
            b:n 1964.8421247
            b:w 1964.8416049
            e:c 11139.0638762
            e:n 5567.7299071
            e:w 5567.7282257
            c:n 5567.7536294
            c:w 5567.7606396
            n:w 13688.5196103
          b:e:c 2326.6286431
          b:e:n 1260.3341048
          b:e:w 1260.3335415
          b:c:n 1260.3332130
          b:c:w 1260.3337327
          b:n:w 2284.1932380
          e:c:n 4865.7032216
          e:c:w 4865.7049031
          e:n:w 6503.7298118
          c:n:w 6503.7767587
        b:e:c:n 2235.1320432
        b:e:c:w 2235.1326065
        b:e:n:w 2783.9127202
        b:c:n:w 2783.9250004
        e:c:n:w 56528.7659957
