########################################
# legofit: estimate population history #
#       version 2.3.4-4-g53f8760       #
########################################

# Program was compiled: Sep 21 2021 14:36:42
# Program was run: Sat Oct  9 20:03:30 2021

# cmd: legofit -1 -d 0 -t 32 --ptsPerDim 3 --stateOut b1boot31.state --tol 3e-6 -S 5000 af2.lgo ../../boot/boot31.opf
# Stage nOptItr nSimReps
#     0    5000        0
# algorithm          : deterministic
# ignoring probs <=  : 0
# Branch length floor: 0
# DE strategy        : 2
#    F               : 0.3
#    CR              : 0.8
#    tolerance       : 3e-06
# nthreads           : 32
# lgo input file     : af2.lgo
# site pat input file: ../../boot/boot31.opf
# free parameters    : 14
# points in DE swarm : 42
# output state file  : b1boot31.state
# Including singleton site patterns.
# cost function      : KL
Initial parameter values
Fixed:
      zero = 0
       one = 1
    Tbecnw = 75200
Free:
       pc1 = 0
       pc2 = 0
       pc3 = 0
       pc4 = 0
       pc5 = 0
       pc6 = 0
       pc7 = 0
       pc8 = 0
       pc9 = 0
      pc10 = 0
      pc11 = 0
      pc12 = 0
      pc13 = 0
      pc14 = 0
Constrained:
   Tgbecnw = 117386
     Tecnw = 26371.4
       Tnw = 24402.2
       Tec = 2549.89
     twoNb = 168275
     twoNc = 697149
     twoNw = 1.35931e+06
    twoNec = 363639
    twoNnw = 9415.13
  twoNecnw = 89542.3
  twoNbecnw = 20900.2
  twoNgbecnw = 177325
         m = 0.226398
        m6 = 1.04202e-05
        Ta = 37600
        Tf = 1274.94
DiffEv reached_goal. cost=2.27405e-03 spread=2.02904e-06
Fitted parameter values
Free:
       pc1 = -3.95248
       pc2 = -0.214911
       pc3 = 1.92657
       pc4 = 0.392271
       pc5 = -1.92911
       pc6 = 0.0283253
       pc7 = 0.31403
       pc8 = 1.88644
       pc9 = 0.80777
      pc10 = 0.351994
      pc11 = -0.103895
      pc12 = 0.0310309
      pc13 = 0.0487866
      pc14 = -0.00886983
Constrained:
   Tgbecnw = 99452.8
     Tecnw = 24400.6
       Tnw = 22918.4
       Tec = 851.229
     twoNb = 341260
     twoNc = 1.28058e+06
     twoNw = 1.2536e+06
    twoNec = 367057
    twoNnw = 7146.78
  twoNecnw = 86872.4
  twoNbecnw = 12470.3
  twoNgbecnw = 186499
         m = 0.207098
        m6 = 1.26811e-05
        Ta = 37600
        Tf = 425.614
#       SitePat  BranchLen
              b 134416.7298637
              e 53674.4635141
              c 53674.2863821
              n 49515.2647847
              w 49515.2549767
            b:e 2479.4803455
            b:c 2479.4604105
            b:n 1979.2400236
            b:w 1979.2392912
            e:c 11146.2681811
            e:n 5617.3223991
            e:w 5617.3200229
            c:n 5617.3644911
            c:w 5617.3742992
            n:w 13682.5190839
          b:e:c 2327.5989907
          b:e:n 1268.8769988
          b:e:w 1268.8762059
          b:c:n 1268.8756392
          b:c:w 1268.8763716
          b:n:w 2286.3177020
          e:c:n 4920.2638849
          e:c:w 4920.2662611
          e:n:w 6543.0888557
          c:n:w 6543.1696194
        b:e:c:n 2247.2892405
        b:e:c:w 2247.2900334
        b:e:n:w 2788.7910818
        b:c:n:w 2788.8122108
        e:c:n:w 56028.5583936
