########################################
# legofit: estimate population history #
#       version 2.3.4-4-g53f8760       #
########################################

# Program was compiled: Sep 21 2021 14:36:42
# Program was run: Sat Oct  9 20:02:51 2021

# cmd: legofit -1 -d 0 -t 32 --ptsPerDim 3 --stateOut b1boot2.state --tol 3e-6 -S 5000 af2.lgo ../../boot/boot2.opf
# Stage nOptItr nSimReps
#     0    5000        0
# algorithm          : deterministic
# ignoring probs <=  : 0
# Branch length floor: 0
# DE strategy        : 2
#    F               : 0.3
#    CR              : 0.8
#    tolerance       : 3e-06
# nthreads           : 32
# lgo input file     : af2.lgo
# site pat input file: ../../boot/boot2.opf
# free parameters    : 14
# points in DE swarm : 42
# output state file  : b1boot2.state
# Including singleton site patterns.
# cost function      : KL
Initial parameter values
Fixed:
      zero = 0
       one = 1
    Tbecnw = 75200
Free:
       pc1 = 0
       pc2 = 0
       pc3 = 0
       pc4 = 0
       pc5 = 0
       pc6 = 0
       pc7 = 0
       pc8 = 0
       pc9 = 0
      pc10 = 0
      pc11 = 0
      pc12 = 0
      pc13 = 0
      pc14 = 0
Constrained:
   Tgbecnw = 117386
     Tecnw = 26371.4
       Tnw = 24402.2
       Tec = 2549.89
     twoNb = 168275
     twoNc = 697149
     twoNw = 1.35931e+06
    twoNec = 363639
    twoNnw = 9415.13
  twoNecnw = 89542.3
  twoNbecnw = 20900.2
  twoNgbecnw = 177325
         m = 0.226398
        m6 = 1.04202e-05
        Ta = 37600
        Tf = 1274.94
DiffEv reached_goal. cost=2.29524e-03 spread=1.39559e-06
Fitted parameter values
Free:
       pc1 = -3.96322
       pc2 = -0.216228
       pc3 = 1.98138
       pc4 = 0.3315
       pc5 = -1.95335
       pc6 = 0.141379
       pc7 = 0.582066
       pc8 = 1.84397
       pc9 = 0.75567
      pc10 = 0.224816
      pc11 = 0.0134181
      pc12 = 0.0198203
      pc13 = 0.0585756
      pc14 = -0.00386531
Constrained:
   Tgbecnw = 99543.4
     Tecnw = 24421.6
       Tnw = 23033.6
       Tec = 444.033
     twoNb = 342153
     twoNc = 1.30486e+06
     twoNw = 1.16108e+06
    twoNec = 373825
    twoNnw = 6649.38
  twoNecnw = 87228.1
  twoNbecnw = 12306.8
  twoNgbecnw = 190141
         m = 0.203015
        m6 = 1.09217e-05
        Ta = 37600
        Tf = 222.017
#       SitePat  BranchLen
              b 134214.7193347
              e 53689.2542094
              c 53689.1004731
              n 49512.8298157
              w 49512.8205709
            b:e 2461.7464207
            b:c 2461.7292245
            b:n 1960.9184383
            b:w 1960.9177544
            e:c 11124.8830469
            e:n 5585.8339381
            e:w 5585.8317159
            c:n 5585.8700983
            c:w 5585.8793431
            n:w 13674.1236299
          b:e:c 2314.0897718
          b:e:n 1258.0914225
          b:e:w 1258.0906814
          b:c:n 1258.0901904
          b:c:w 1258.0908744
          b:n:w 2272.2876124
          e:c:n 4872.3473797
          e:c:w 4872.3496019
          e:n:w 6499.4250813
          c:n:w 6499.4950302
        b:e:c:n 2229.6010111
        b:e:c:w 2229.6017522
        b:e:n:w 2772.2141497
        b:c:n:w 2772.2323850
        e:c:n:w 55929.0608410
