########################################
# legofit: estimate population history #
#       version 2.3.4-4-g53f8760       #
########################################

# Program was compiled: Sep 21 2021 14:36:42
# Program was run: Sat Oct  9 20:02:51 2021

# cmd: legofit -1 -d 0 -t 32 --ptsPerDim 3 --stateOut b1boot3.state --tol 3e-6 -S 5000 af2.lgo ../../boot/boot3.opf
# Stage nOptItr nSimReps
#     0    5000        0
# algorithm          : deterministic
# ignoring probs <=  : 0
# Branch length floor: 0
# DE strategy        : 2
#    F               : 0.3
#    CR              : 0.8
#    tolerance       : 3e-06
# nthreads           : 32
# lgo input file     : af2.lgo
# site pat input file: ../../boot/boot3.opf
# free parameters    : 14
# points in DE swarm : 42
# output state file  : b1boot3.state
# Including singleton site patterns.
# cost function      : KL
Initial parameter values
Fixed:
      zero = 0
       one = 1
    Tbecnw = 75200
Free:
       pc1 = 0
       pc2 = 0
       pc3 = 0
       pc4 = 0
       pc5 = 0
       pc6 = 0
       pc7 = 0
       pc8 = 0
       pc9 = 0
      pc10 = 0
      pc11 = 0
      pc12 = 0
      pc13 = 0
      pc14 = 0
Constrained:
   Tgbecnw = 117386
     Tecnw = 26371.4
       Tnw = 24402.2
       Tec = 2549.89
     twoNb = 168275
     twoNc = 697149
     twoNw = 1.35931e+06
    twoNec = 363639
    twoNnw = 9415.13
  twoNecnw = 89542.3
  twoNbecnw = 20900.2
  twoNgbecnw = 177325
         m = 0.226398
        m6 = 1.04202e-05
        Ta = 37600
        Tf = 1274.94
DiffEv reached_goal. cost=2.29349e-03 spread=2.39547e-06
Fitted parameter values
Free:
       pc1 = -3.92788
       pc2 = -0.301619
       pc3 = 1.98235
       pc4 = 0.0373377
       pc5 = -1.95506
       pc6 = 1.16097
       pc7 = 0.590405
       pc8 = 1.68835
       pc9 = 0.32988
      pc10 = 0.166314
      pc11 = -0.0142422
      pc12 = 0.0499302
      pc13 = 0.00553027
      pc14 = -0.00538902
Constrained:
   Tgbecnw = 101149
     Tecnw = 24483.5
       Tnw = 23748
       Tec = 1.98072
     twoNb = 450686
     twoNc = 997666
     twoNw = 1.09113e+06
    twoNec = 378593
    twoNnw = 3482.52
  twoNecnw = 86247.8
  twoNbecnw = 12846.6
  twoNgbecnw = 197214
         m = 0.1929
        m6 = 1.21766e-05
        Ta = 37600
        Tf = 0.99036
#       SitePat  BranchLen
              b 134347.3792825
              e 53597.5111153
              c 53597.3391451
              n 49466.1599451
              w 49466.1486172
            b:e 2477.6714543
            b:c 2477.6519039
            b:n 1968.1953473
            b:w 1968.1945009
            e:c 11181.7372749
            e:n 5577.3132383
            e:w 5577.3104951
            c:n 5577.3525890
            c:w 5577.3639169
            n:w 13661.7646235
          b:e:c 2331.9181293
          b:e:n 1260.5337725
          b:e:w 1260.5328565
          b:c:n 1260.5323109
          b:c:w 1260.5331573
          b:n:w 2289.9727063
          e:c:n 4887.3342536
          e:c:w 4887.3369968
          e:n:w 6538.5395268
          c:n:w 6538.6187245
        b:e:c:n 2234.0229520
        b:e:c:w 2234.0238681
        b:e:n:w 2785.4252325
        b:c:n:w 2785.4459437
        e:c:n:w 56110.8222518
