########################################
# legofit: estimate population history #
#       version 2.3.4-4-g53f8760       #
########################################

# Program was compiled: Sep 21 2021 14:36:42
# Program was run: Sat Oct  9 20:03:07 2021

# cmd: legofit -1 -d 0 -t 32 --ptsPerDim 3 --stateOut b1boot14.state --tol 3e-6 -S 5000 af2.lgo ../../boot/boot14.opf
# Stage nOptItr nSimReps
#     0    5000        0
# algorithm          : deterministic
# ignoring probs <=  : 0
# Branch length floor: 0
# DE strategy        : 2
#    F               : 0.3
#    CR              : 0.8
#    tolerance       : 3e-06
# nthreads           : 32
# lgo input file     : af2.lgo
# site pat input file: ../../boot/boot14.opf
# free parameters    : 14
# points in DE swarm : 42
# output state file  : b1boot14.state
# Including singleton site patterns.
# cost function      : KL
Initial parameter values
Fixed:
      zero = 0
       one = 1
    Tbecnw = 75200
Free:
       pc1 = 0
       pc2 = 0
       pc3 = 0
       pc4 = 0
       pc5 = 0
       pc6 = 0
       pc7 = 0
       pc8 = 0
       pc9 = 0
      pc10 = 0
      pc11 = 0
      pc12 = 0
      pc13 = 0
      pc14 = 0
Constrained:
   Tgbecnw = 117386
     Tecnw = 26371.4
       Tnw = 24402.2
       Tec = 2549.89
     twoNb = 168275
     twoNc = 697149
     twoNw = 1.35931e+06
    twoNec = 363639
    twoNnw = 9415.13
  twoNecnw = 89542.3
  twoNbecnw = 20900.2
  twoNgbecnw = 177325
         m = 0.226398
        m6 = 1.04202e-05
        Ta = 37600
        Tf = 1274.94
DiffEv reached_goal. cost=2.27217e-03 spread=2.51239e-06
Fitted parameter values
Free:
       pc1 = -3.98582
       pc2 = 0.0436931
       pc3 = 1.76482
       pc4 = 0.609138
       pc5 = -1.98745
       pc6 = 0.561026
       pc7 = 0.27419
       pc8 = 1.62266
       pc9 = 0.882034
      pc10 = 0.226865
      pc11 = 0.0115329
      pc12 = 0.081639
      pc13 = 0.0391641
      pc14 = 0.0106245
Constrained:
   Tgbecnw = 100026
     Tecnw = 24452.7
       Tnw = 22915.4
       Tec = 207.605
     twoNb = 399411
     twoNc = 753262
     twoNw = 1.28576e+06
    twoNec = 371262
    twoNnw = 7286.9
  twoNecnw = 87502.5
  twoNbecnw = 12540.9
  twoNgbecnw = 190604
         m = 0.204548
        m6 = 1.19932e-05
        Ta = 37600
        Tf = 103.802
#       SitePat  BranchLen
              b 134790.7320942
              e 53755.6865383
              c 53755.5164605
              n 49545.2372963
              w 49545.2280900
            b:e 2475.4546957
            b:c 2475.4356065
            b:n 1968.9966372
            b:w 1968.9959560
            e:c 11221.6149876
            e:n 5582.1615065
            e:w 5582.1592990
            c:n 5582.2020394
            c:w 5582.2112456
            n:w 13790.7088350
          b:e:c 2334.7186626
          b:e:n 1260.7721317
          b:e:w 1260.7713937
          b:c:n 1260.7708477
          b:c:w 1260.7715289
          b:n:w 2292.4944601
          e:c:n 4884.6626118
          e:c:w 4884.6648192
          e:n:w 6525.8998751
          c:n:w 6525.9774735
        b:e:c:n 2238.2724381
        b:e:c:w 2238.2731760
        b:e:n:w 2786.9357450
        b:c:n:w 2786.9559831
        e:c:n:w 56368.3034760
