########################################
# legofit: estimate population history #
#       version 2.3.4-4-g53f8760       #
########################################

# Program was compiled: Sep 21 2021 14:36:42
# Program was run: Sat Oct  9 20:03:14 2021

# cmd: legofit -1 -d 0 -t 32 --ptsPerDim 3 --stateOut b1boot23.state --tol 3e-6 -S 5000 af2.lgo ../../boot/boot23.opf
# Stage nOptItr nSimReps
#     0    5000        0
# algorithm          : deterministic
# ignoring probs <=  : 0
# Branch length floor: 0
# DE strategy        : 2
#    F               : 0.3
#    CR              : 0.8
#    tolerance       : 3e-06
# nthreads           : 32
# lgo input file     : af2.lgo
# site pat input file: ../../boot/boot23.opf
# free parameters    : 14
# points in DE swarm : 42
# output state file  : b1boot23.state
# Including singleton site patterns.
# cost function      : KL
Initial parameter values
Fixed:
      zero = 0
       one = 1
    Tbecnw = 75200
Free:
       pc1 = 0
       pc2 = 0
       pc3 = 0
       pc4 = 0
       pc5 = 0
       pc6 = 0
       pc7 = 0
       pc8 = 0
       pc9 = 0
      pc10 = 0
      pc11 = 0
      pc12 = 0
      pc13 = 0
      pc14 = 0
Constrained:
   Tgbecnw = 117386
     Tecnw = 26371.4
       Tnw = 24402.2
       Tec = 2549.89
     twoNb = 168275
     twoNc = 697149
     twoNw = 1.35931e+06
    twoNec = 363639
    twoNnw = 9415.13
  twoNecnw = 89542.3
  twoNbecnw = 20900.2
  twoNgbecnw = 177325
         m = 0.226398
        m6 = 1.04202e-05
        Ta = 37600
        Tf = 1274.94
DiffEv reached_goal. cost=2.28011e-03 spread=2.67460e-06
Fitted parameter values
Free:
       pc1 = -3.90018
       pc2 = 0.133247
       pc3 = 1.93857
       pc4 = 0.826719
       pc5 = -1.84127
       pc6 = 0.51009
       pc7 = 0.346958
       pc8 = 1.67287
       pc9 = 0.971828
      pc10 = 0.420861
      pc11 = -0.11184
      pc12 = 0.0265697
      pc13 = 0.047096
      pc14 = 0.00234702
Constrained:
   Tgbecnw = 100280
     Tecnw = 24380.6
       Tnw = 22794.1
       Tec = 175.457
     twoNb = 412405
     twoNc = 815200
     twoNw = 1.37991e+06
    twoNec = 378553
    twoNnw = 7532.43
  twoNecnw = 87502.6
  twoNbecnw = 12795.7
  twoNgbecnw = 186058
         m = 0.207704
        m6 = 9.09925e-06
        Ta = 37600
        Tf = 87.7284
#       SitePat  BranchLen
              b 134557.2806767
              e 53778.8952276
              c 53778.7665414
              n 49501.3984407
              w 49501.3919516
            b:e 2471.1152900
            b:c 2471.1009128
            b:n 1962.2801614
            b:w 1962.2796831
            e:c 11185.0173413
            e:n 5604.8398750
            e:w 5604.8383160
            c:n 5604.8708159
            c:w 5604.8773049
            n:w 13803.8079913
          b:e:c 2321.7734176
          b:e:n 1258.2750406
          b:e:w 1258.2745229
          b:c:n 1258.2741149
          b:c:w 1258.2745931
          b:n:w 2279.8702767
          e:c:n 4893.2760779
          e:c:w 4893.2776369
          e:n:w 6551.8925177
          c:n:w 6551.9512740
        b:e:c:n 2227.5001377
        b:e:c:w 2227.5006553
        b:e:n:w 2778.2241001
        b:c:n:w 2778.2393329
        e:c:n:w 56015.5627591
