########################################
# legofit: estimate population history #
#       version 2.3.4-4-g53f8760       #
########################################

# Program was compiled: Sep 21 2021 14:36:42
# Program was run: Sat Oct  9 20:03:47 2021

# cmd: legofit -1 -d 0 -t 32 --ptsPerDim 3 --stateOut b1boot46.state --tol 3e-6 -S 5000 af2.lgo ../../boot/boot46.opf
# Stage nOptItr nSimReps
#     0    5000        0
# algorithm          : deterministic
# ignoring probs <=  : 0
# Branch length floor: 0
# DE strategy        : 2
#    F               : 0.3
#    CR              : 0.8
#    tolerance       : 3e-06
# nthreads           : 32
# lgo input file     : af2.lgo
# site pat input file: ../../boot/boot46.opf
# free parameters    : 14
# points in DE swarm : 42
# output state file  : b1boot46.state
# Including singleton site patterns.
# cost function      : KL
Initial parameter values
Fixed:
      zero = 0
       one = 1
    Tbecnw = 75200
Free:
       pc1 = 0
       pc2 = 0
       pc3 = 0
       pc4 = 0
       pc5 = 0
       pc6 = 0
       pc7 = 0
       pc8 = 0
       pc9 = 0
      pc10 = 0
      pc11 = 0
      pc12 = 0
      pc13 = 0
      pc14 = 0
Constrained:
   Tgbecnw = 117386
     Tecnw = 26371.4
       Tnw = 24402.2
       Tec = 2549.89
     twoNb = 168275
     twoNc = 697149
     twoNw = 1.35931e+06
    twoNec = 363639
    twoNnw = 9415.13
  twoNecnw = 89542.3
  twoNbecnw = 20900.2
  twoNgbecnw = 177325
         m = 0.226398
        m6 = 1.04202e-05
        Ta = 37600
        Tf = 1274.94
DiffEv reached_goal. cost=2.23816e-03 spread=2.75587e-06
Fitted parameter values
Free:
       pc1 = -3.9484
       pc2 = -0.281825
       pc3 = 1.95272
       pc4 = 0.692375
       pc5 = -1.95306
       pc6 = 0.0537288
       pc7 = 1.24281
       pc8 = 1.811
       pc9 = 0.0627731
      pc10 = 0.256404
      pc11 = -0.0833609
      pc12 = 0.085094
      pc13 = 0.0599141
      pc14 = 0.00432887
Constrained:
   Tgbecnw = 98929.1
     Tecnw = 24557.9
       Tnw = 23257.2
       Tec = 453.569
     twoNb = 332887
     twoNc = 1.32431e+06
     twoNw = 826861
    twoNec = 369293
    twoNnw = 6184.22
  twoNecnw = 85298.6
  twoNbecnw = 12128.4
  twoNgbecnw = 189477
         m = 0.202051
        m6 = 2.11197e-06
        Ta = 37600
        Tf = 226.784
#       SitePat  BranchLen
              b 134014.5657577
              e 53430.8340988
              c 53430.8038409
              n 49320.4156352
              w 49320.4131297
            b:e 2463.8224043
            b:c 2463.8190001
            b:n 1961.7250454
            b:w 1961.7248588
            e:c 11146.2107849
            e:n 5556.3972315
            e:w 5556.3966253
            c:n 5556.4038912
            c:w 5556.4063966
            n:w 13625.5466584
          b:e:c 2320.4073877
          b:e:n 1254.8839575
          b:e:w 1254.8837556
          b:c:n 1254.8836625
          b:c:w 1254.8838491
          b:n:w 2279.2037932
          e:c:n 4892.8156440
          e:c:w 4892.8162502
          e:n:w 6523.8777476
          c:n:w 6523.8915746
        b:e:c:n 2225.6902709
        b:e:c:w 2225.6904729
        b:e:n:w 2768.9879136
        b:c:n:w 2768.9915193
        e:c:n:w 55960.4491037
