########################################
# legofit: estimate population history #
#       version 2.3.4-4-g53f8760       #
########################################

# Program was compiled: Sep 21 2021 14:36:42
# Program was run: Sat Oct  9 20:03:07 2021

# cmd: legofit -1 -d 0 -t 32 --ptsPerDim 3 --stateOut b1boot13.state --tol 3e-6 -S 5000 af2.lgo ../../boot/boot13.opf
# Stage nOptItr nSimReps
#     0    5000        0
# algorithm          : deterministic
# ignoring probs <=  : 0
# Branch length floor: 0
# DE strategy        : 2
#    F               : 0.3
#    CR              : 0.8
#    tolerance       : 3e-06
# nthreads           : 32
# lgo input file     : af2.lgo
# site pat input file: ../../boot/boot13.opf
# free parameters    : 14
# points in DE swarm : 42
# output state file  : b1boot13.state
# Including singleton site patterns.
# cost function      : KL
Initial parameter values
Fixed:
      zero = 0
       one = 1
    Tbecnw = 75200
Free:
       pc1 = 0
       pc2 = 0
       pc3 = 0
       pc4 = 0
       pc5 = 0
       pc6 = 0
       pc7 = 0
       pc8 = 0
       pc9 = 0
      pc10 = 0
      pc11 = 0
      pc12 = 0
      pc13 = 0
      pc14 = 0
Constrained:
   Tgbecnw = 117386
     Tecnw = 26371.4
       Tnw = 24402.2
       Tec = 2549.89
     twoNb = 168275
     twoNc = 697149
     twoNw = 1.35931e+06
    twoNec = 363639
    twoNnw = 9415.13
  twoNecnw = 89542.3
  twoNbecnw = 20900.2
  twoNgbecnw = 177325
         m = 0.226398
        m6 = 1.04202e-05
        Ta = 37600
        Tf = 1274.94
DiffEv reached_goal. cost=2.29967e-03 spread=2.27650e-06
Fitted parameter values
Free:
       pc1 = -3.96401
       pc2 = -0.0184299
       pc3 = 1.89884
       pc4 = 0.638667
       pc5 = -1.43791
       pc6 = 0.0445636
       pc7 = 0.761388
       pc8 = 1.597
       pc9 = 0.429446
      pc10 = 0.196331
      pc11 = -0.0483631
      pc12 = 0.0511234
      pc13 = 0.057303
      pc14 = 0.00223765
Constrained:
   Tgbecnw = 100323
     Tecnw = 24662.3
       Tnw = 22921.7
       Tec = 448.217
     twoNb = 354031
     twoNc = 1.29589e+06
     twoNw = 1.26617e+06
    twoNec = 374076
    twoNnw = 8314.63
  twoNecnw = 85854.7
  twoNbecnw = 12687.8
  twoNgbecnw = 190758
         m = 0.202227
        m6 = 5.12957e-06
        Ta = 37600
        Tf = 224.108
#       SitePat  BranchLen
              b 134638.3731612
              e 53665.4964053
              c 53665.4244868
              n 49503.6272966
              w 49503.6233286
            b:e 2465.0098579
            b:c 2465.0017821
            b:n 1963.8797963
            b:w 1963.8795027
            e:c 11144.6988982
            e:n 5575.5093996
            e:w 5575.5084452
            c:n 5575.5264796
            c:w 5575.5304476
            n:w 13677.2276705
          b:e:c 2317.3659765
          b:e:n 1257.1004042
          b:e:w 1257.1000866
          b:c:n 1257.0998596
          b:c:w 1257.1001531
          b:n:w 2276.3803535
          e:c:n 4896.8074639
          e:c:w 4896.8084183
          e:n:w 6526.0978842
          c:n:w 6526.1307203
        b:e:c:n 2227.3142097
        b:e:c:w 2227.3145272
        b:e:n:w 2769.4218851
        b:c:n:w 2769.4304389
        e:c:n:w 56310.2181328
