########################################
# legofit: estimate population history #
#       version 2.3.4-4-g53f8760       #
########################################

# Program was compiled: Sep 21 2021 14:36:42
# Program was run: Sat Oct  9 20:03:38 2021

# cmd: legofit -1 -d 0 -t 32 --ptsPerDim 3 --stateOut b1boot38.state --tol 3e-6 -S 5000 af2.lgo ../../boot/boot38.opf
# Stage nOptItr nSimReps
#     0    5000        0
# algorithm          : deterministic
# ignoring probs <=  : 0
# Branch length floor: 0
# DE strategy        : 2
#    F               : 0.3
#    CR              : 0.8
#    tolerance       : 3e-06
# nthreads           : 32
# lgo input file     : af2.lgo
# site pat input file: ../../boot/boot38.opf
# free parameters    : 14
# points in DE swarm : 42
# output state file  : b1boot38.state
# Including singleton site patterns.
# cost function      : KL
Initial parameter values
Fixed:
      zero = 0
       one = 1
    Tbecnw = 75200
Free:
       pc1 = 0
       pc2 = 0
       pc3 = 0
       pc4 = 0
       pc5 = 0
       pc6 = 0
       pc7 = 0
       pc8 = 0
       pc9 = 0
      pc10 = 0
      pc11 = 0
      pc12 = 0
      pc13 = 0
      pc14 = 0
Constrained:
   Tgbecnw = 117386
     Tecnw = 26371.4
       Tnw = 24402.2
       Tec = 2549.89
     twoNb = 168275
     twoNc = 697149
     twoNw = 1.35931e+06
    twoNec = 363639
    twoNnw = 9415.13
  twoNecnw = 89542.3
  twoNbecnw = 20900.2
  twoNgbecnw = 177325
         m = 0.226398
        m6 = 1.04202e-05
        Ta = 37600
        Tf = 1274.94
DiffEv reached_goal. cost=2.28175e-03 spread=2.60923e-06
Fitted parameter values
Free:
       pc1 = -3.98183
       pc2 = -0.287309
       pc3 = 1.95633
       pc4 = -0.239125
       pc5 = -1.1228
       pc6 = 0.242587
       pc7 = 0.853575
       pc8 = 1.90625
       pc9 = 0.799891
      pc10 = 0.137524
      pc11 = -0.0222801
      pc12 = 0.0280357
      pc13 = 0.00474911
      pc14 = -0.00457506
Constrained:
   Tgbecnw = 102656
     Tecnw = 24518.2
       Tnw = 23000.1
       Tec = 248.95
     twoNb = 378775
     twoNc = 1.92399e+06
     twoNw = 1.25619e+06
    twoNec = 376592
    twoNnw = 7280.1
  twoNecnw = 86869.2
  twoNbecnw = 13382.5
  twoNgbecnw = 198090
         m = 0.192869
        m6 = 1.08121e-05
        Ta = 37600
        Tf = 124.475
#       SitePat  BranchLen
              b 134756.0360088
              e 53747.4273224
              c 53747.2755830
              n 49589.1394477
              w 49589.1309296
            b:e 2456.3431545
            b:c 2456.3262367
            b:n 1958.4273207
            b:w 1958.4266938
            e:c 11161.3105895
            e:n 5596.2558246
            e:w 5596.2537794
            c:n 5596.2918713
            c:w 5596.3003894
            n:w 13694.9369621
          b:e:c 2307.0159406
          b:e:n 1254.1968042
          b:e:w 1254.1961261
          b:c:n 1254.1956504
          b:c:w 1254.1962772
          b:n:w 2266.2872864
          e:c:n 4885.9532788
          e:c:w 4885.9553240
          e:n:w 6510.5096515
          c:n:w 6510.5787343
        b:e:c:n 2221.2186990
        b:e:c:w 2221.2193771
        b:e:n:w 2759.8464203
        b:c:n:w 2759.8643408
        e:c:n:w 56280.0940445
