########################################
# legofit: estimate population history #
#       version 2.3.4-4-g53f8760       #
########################################

# Program was compiled: Sep 21 2021 14:36:42
# Program was run: Sat Oct  9 20:03:07 2021

# cmd: legofit -1 -d 0 -t 32 --ptsPerDim 3 --stateOut b1boot12.state --tol 3e-6 -S 5000 af2.lgo ../../boot/boot12.opf
# Stage nOptItr nSimReps
#     0    5000        0
# algorithm          : deterministic
# ignoring probs <=  : 0
# Branch length floor: 0
# DE strategy        : 2
#    F               : 0.3
#    CR              : 0.8
#    tolerance       : 3e-06
# nthreads           : 32
# lgo input file     : af2.lgo
# site pat input file: ../../boot/boot12.opf
# free parameters    : 14
# points in DE swarm : 42
# output state file  : b1boot12.state
# Including singleton site patterns.
# cost function      : KL
Initial parameter values
Fixed:
      zero = 0
       one = 1
    Tbecnw = 75200
Free:
       pc1 = 0
       pc2 = 0
       pc3 = 0
       pc4 = 0
       pc5 = 0
       pc6 = 0
       pc7 = 0
       pc8 = 0
       pc9 = 0
      pc10 = 0
      pc11 = 0
      pc12 = 0
      pc13 = 0
      pc14 = 0
Constrained:
   Tgbecnw = 117386
     Tecnw = 26371.4
       Tnw = 24402.2
       Tec = 2549.89
     twoNb = 168275
     twoNc = 697149
     twoNw = 1.35931e+06
    twoNec = 363639
    twoNnw = 9415.13
  twoNecnw = 89542.3
  twoNbecnw = 20900.2
  twoNgbecnw = 177325
         m = 0.226398
        m6 = 1.04202e-05
        Ta = 37600
        Tf = 1274.94
DiffEv reached_goal. cost=2.27751e-03 spread=2.10222e-06
Fitted parameter values
Free:
       pc1 = -3.97115
       pc2 = -0.274578
       pc3 = 1.85879
       pc4 = 0.277556
       pc5 = -1.79227
       pc6 = 0.809553
       pc7 = 0.963109
       pc8 = 1.68046
       pc9 = 0.771914
      pc10 = 0.205603
      pc11 = 0.0707613
      pc12 = 0.0575699
      pc13 = -0.0118192
      pc14 = -0.0041945
Constrained:
   Tgbecnw = 101615
     Tecnw = 24385.6
       Tnw = 23213.9
       Tec = 35.1076
     twoNb = 408774
     twoNc = 1.1192e+06
     twoNw = 1.0582e+06
    twoNec = 373198
    twoNnw = 5621.48
  twoNecnw = 87605.5
  twoNbecnw = 12972.1
  twoNgbecnw = 197279
         m = 0.192414
        m6 = 8.13208e-06
        Ta = 37600
        Tf = 17.5538
#       SitePat  BranchLen
              b 134161.5708339
              e 53702.5245862
              c 53702.4094617
              n 49604.6836619
              w 49604.6759697
            b:e 2465.9316304
            b:c 2465.9187467
            b:n 1968.7833821
            b:w 1968.7828127
            e:c 11206.7695707
            e:n 5595.1425784
            e:w 5595.1407312
            c:n 5595.1692055
            c:w 5595.1768977
            n:w 13691.7315042
          b:e:c 2322.6118608
          b:e:n 1260.6390928
          b:e:w 1260.6384760
          b:c:n 1260.6381113
          b:c:w 1260.6386807
          b:n:w 2281.2118825
          e:c:n 4881.6922954
          e:c:w 4881.6941427
          e:n:w 6494.4923283
          c:n:w 6494.5446591
        b:e:c:n 2237.7164947
        b:e:c:w 2237.7171116
        b:e:n:w 2776.2520424
        b:c:n:w 2776.2657028
        e:c:n:w 55786.3539199
