########################################
# legofit: estimate population history #
#       version 2.3.4-4-g53f8760       #
########################################

# Program was compiled: Sep 21 2021 14:36:42
# Program was run: Sat Oct  9 20:03:38 2021

# cmd: legofit -1 -d 0 -t 32 --ptsPerDim 3 --stateOut b1boot40.state --tol 3e-6 -S 5000 af2.lgo ../../boot/boot40.opf
# Stage nOptItr nSimReps
#     0    5000        0
# algorithm          : deterministic
# ignoring probs <=  : 0
# Branch length floor: 0
# DE strategy        : 2
#    F               : 0.3
#    CR              : 0.8
#    tolerance       : 3e-06
# nthreads           : 32
# lgo input file     : af2.lgo
# site pat input file: ../../boot/boot40.opf
# free parameters    : 14
# points in DE swarm : 42
# output state file  : b1boot40.state
# Including singleton site patterns.
# cost function      : KL
Initial parameter values
Fixed:
      zero = 0
       one = 1
    Tbecnw = 75200
Free:
       pc1 = 0
       pc2 = 0
       pc3 = 0
       pc4 = 0
       pc5 = 0
       pc6 = 0
       pc7 = 0
       pc8 = 0
       pc9 = 0
      pc10 = 0
      pc11 = 0
      pc12 = 0
      pc13 = 0
      pc14 = 0
Constrained:
   Tgbecnw = 117386
     Tecnw = 26371.4
       Tnw = 24402.2
       Tec = 2549.89
     twoNb = 168275
     twoNc = 697149
     twoNw = 1.35931e+06
    twoNec = 363639
    twoNnw = 9415.13
  twoNecnw = 89542.3
  twoNbecnw = 20900.2
  twoNgbecnw = 177325
         m = 0.226398
        m6 = 1.04202e-05
        Ta = 37600
        Tf = 1274.94
DiffEv reached_goal. cost=2.30491e-03 spread=2.34424e-06
Fitted parameter values
Free:
       pc1 = -3.97715
       pc2 = -0.589852
       pc3 = 1.83927
       pc4 = -0.229192
       pc5 = -1.932
       pc6 = -0.233358
       pc7 = 1.16978
       pc8 = 1.39268
       pc9 = 0.565881
      pc10 = -0.00269332
      pc11 = 0.108498
      pc12 = 0.0611288
      pc13 = 0.00483851
      pc14 = -0.00223202
Constrained:
   Tgbecnw = 100929
     Tecnw = 24514
       Tnw = 23233.2
       Tec = 278.495
     twoNb = 205834
     twoNc = 1.58509e+06
     twoNw = 942508
    twoNec = 370635
    twoNnw = 6159.46
  twoNecnw = 86555.1
  twoNbecnw = 12584.2
  twoNgbecnw = 200142
         m = 0.190757
        m6 = 9.5096e-06
        Ta = 37600
        Tf = 139.248
#       SitePat  BranchLen
              b 134203.0440322
              e 53574.8587110
              c 53574.7241748
              n 49522.0295015
              w 49522.0195003
            b:e 2452.8438584
            b:c 2452.8288181
            b:n 1960.2184033
            b:w 1960.2176632
            e:c 11146.1389234
            e:n 5566.6210843
            e:w 5566.6186825
            c:n 5566.6516181
            c:w 5566.6616193
            n:w 13600.1470377
          b:e:c 2310.4528647
          b:e:n 1254.8653679
          b:e:w 1254.8645662
          b:c:n 1254.8641435
          b:c:w 1254.8648836
          b:n:w 2269.4274251
          e:c:n 4867.6682080
          e:c:w 4867.6706097
          e:n:w 6466.3977037
          c:n:w 6466.4587693
        b:e:c:n 2227.9716029
        b:e:c:w 2227.9724045
        b:e:n:w 2761.6077747
        b:c:n:w 2761.6237220
        e:c:n:w 56061.1151683
