########################################
# legofit: estimate population history #
#       version 2.3.4-4-g53f8760       #
########################################

# Program was compiled: Sep 21 2021 14:36:42
# Program was run: Sat Oct  9 20:03:38 2021

# cmd: legofit -1 -d 0 -t 32 --ptsPerDim 3 --stateOut b1boot41.state --tol 3e-6 -S 5000 af2.lgo ../../boot/boot41.opf
# Stage nOptItr nSimReps
#     0    5000        0
# algorithm          : deterministic
# ignoring probs <=  : 0
# Branch length floor: 0
# DE strategy        : 2
#    F               : 0.3
#    CR              : 0.8
#    tolerance       : 3e-06
# nthreads           : 32
# lgo input file     : af2.lgo
# site pat input file: ../../boot/boot41.opf
# free parameters    : 14
# points in DE swarm : 42
# output state file  : b1boot41.state
# Including singleton site patterns.
# cost function      : KL
Initial parameter values
Fixed:
      zero = 0
       one = 1
    Tbecnw = 75200
Free:
       pc1 = 0
       pc2 = 0
       pc3 = 0
       pc4 = 0
       pc5 = 0
       pc6 = 0
       pc7 = 0
       pc8 = 0
       pc9 = 0
      pc10 = 0
      pc11 = 0
      pc12 = 0
      pc13 = 0
      pc14 = 0
Constrained:
   Tgbecnw = 117386
     Tecnw = 26371.4
       Tnw = 24402.2
       Tec = 2549.89
     twoNb = 168275
     twoNc = 697149
     twoNw = 1.35931e+06
    twoNec = 363639
    twoNnw = 9415.13
  twoNecnw = 89542.3
  twoNbecnw = 20900.2
  twoNgbecnw = 177325
         m = 0.226398
        m6 = 1.04202e-05
        Ta = 37600
        Tf = 1274.94
DiffEv reached_goal. cost=2.29602e-03 spread=2.91931e-06
Fitted parameter values
Free:
       pc1 = -3.91543
       pc2 = -0.07448
       pc3 = 0.967115
       pc4 = 0.744149
       pc5 = -1.9573
       pc6 = -0.462624
       pc7 = 1.77326
       pc8 = 1.34282
       pc9 = 0.414686
      pc10 = 0.171896
      pc11 = 0.0867587
      pc12 = 0.00662707
      pc13 = 0.022849
      pc14 = 0.00161041
Constrained:
   Tgbecnw = 101086
     Tecnw = 24694.2
       Tnw = 22484.9
       Tec = 920.427
     twoNb = 214289
     twoNc = 1.03499e+06
     twoNw = 448845
    twoNec = 366018
    twoNnw = 10572.3
  twoNecnw = 86359.2
  twoNbecnw = 12897.7
  twoNgbecnw = 194158
         m = 0.195542
        m6 = 2.8428e-07
        Ta = 37600
        Tf = 460.213
#       SitePat  BranchLen
              b 134190.6019312
              e 53785.7929468
              c 53785.7885899
              n 49574.5622805
              w 49574.5616847
            b:e 2473.0543707
            b:c 2473.0538939
            b:n 1972.0138665
            b:w 1972.0138225
            e:c 11141.8381788
            e:n 5576.8644325
            e:w 5576.8642901
            c:n 5576.8652720
            c:w 5576.8658678
            n:w 13732.0379828
          b:e:c 2326.9582910
          b:e:n 1262.5343328
          b:e:w 1262.5342851
          b:c:n 1262.5342728
          b:c:w 1262.5343168
          b:n:w 2285.6302302
          e:c:n 4887.9539908
          e:c:w 4887.9541332
          e:n:w 6508.9820739
          c:n:w 6508.9840137
        b:e:c:n 2238.8139486
        b:e:c:w 2238.8139963
        b:e:n:w 2781.1820685
        b:c:n:w 2781.1825735
        e:c:n:w 55833.3148613
