########################################
# legofit: estimate population history #
#       version 2.3.4-4-g53f8760       #
########################################

# Program was compiled: Sep 21 2021 14:36:42
# Program was run: Sat Oct  9 20:02:59 2021

# cmd: legofit -1 -d 0 -t 32 --ptsPerDim 3 --stateOut b1boot10.state --tol 3e-6 -S 5000 af2.lgo ../../boot/boot10.opf
# Stage nOptItr nSimReps
#     0    5000        0
# algorithm          : deterministic
# ignoring probs <=  : 0
# Branch length floor: 0
# DE strategy        : 2
#    F               : 0.3
#    CR              : 0.8
#    tolerance       : 3e-06
# nthreads           : 32
# lgo input file     : af2.lgo
# site pat input file: ../../boot/boot10.opf
# free parameters    : 14
# points in DE swarm : 42
# output state file  : b1boot10.state
# Including singleton site patterns.
# cost function      : KL
Initial parameter values
Fixed:
      zero = 0
       one = 1
    Tbecnw = 75200
Free:
       pc1 = 0
       pc2 = 0
       pc3 = 0
       pc4 = 0
       pc5 = 0
       pc6 = 0
       pc7 = 0
       pc8 = 0
       pc9 = 0
      pc10 = 0
      pc11 = 0
      pc12 = 0
      pc13 = 0
      pc14 = 0
Constrained:
   Tgbecnw = 117386
     Tecnw = 26371.4
       Tnw = 24402.2
       Tec = 2549.89
     twoNb = 168275
     twoNc = 697149
     twoNw = 1.35931e+06
    twoNec = 363639
    twoNnw = 9415.13
  twoNecnw = 89542.3
  twoNbecnw = 20900.2
  twoNgbecnw = 177325
         m = 0.226398
        m6 = 1.04202e-05
        Ta = 37600
        Tf = 1274.94
DiffEv reached_goal. cost=2.29984e-03 spread=2.53057e-06
Fitted parameter values
Free:
       pc1 = -3.98352
       pc2 = -0.605833
       pc3 = 1.968
       pc4 = -0.722875
       pc5 = -1.99804
       pc6 = -0.538767
       pc7 = 0.779818
       pc8 = 1.92247
       pc9 = 0.463215
      pc10 = -0.0108579
      pc11 = 0.0234285
      pc12 = 0.010734
      pc13 = 0.0355857
      pc14 = 0.00560892
Constrained:
   Tgbecnw = 99686.7
     Tecnw = 24528
       Tnw = 23297
       Tec = 464.43
     twoNb = 207463
     twoNc = 2.08899e+06
     twoNw = 918860
    twoNec = 375573
    twoNnw = 5787.1
  twoNecnw = 86009.8
  twoNbecnw = 12243.5
  twoNgbecnw = 196411
         m = 0.196447
        m6 = 1.66694e-05
        Ta = 37600
        Tf = 232.215
#       SitePat  BranchLen
              b 134450.2145431
              e 53595.1174495
              c 53594.8777823
              n 49341.0661129
              w 49341.0482705
            b:e 2480.5232308
            b:c 2480.4961191
            b:n 1963.8601993
            b:w 1963.8588672
            e:c 11119.4666619
            e:n 5554.4099815
            e:w 5554.4056762
            c:n 5554.4638234
            c:w 5554.4816659
            n:w 13703.6014753
          b:e:c 2334.9552726
          b:e:n 1259.8039990
          b:e:w 1259.8025561
          b:c:n 1259.8018011
          b:c:w 1259.8031332
          b:n:w 2291.9940408
          e:c:n 4864.3485946
          e:c:w 4864.3528998
          e:n:w 6534.1014402
          c:n:w 6534.2112758
        b:e:c:n 2231.9185337
        b:e:c:w 2231.9199766
        b:e:n:w 2791.5162624
        b:c:n:w 2791.5449949
        e:c:n:w 56375.3709949
