########################################
# legofit: estimate population history #
#       version 2.3.4-4-g53f8760       #
########################################

# Program was compiled: Sep 21 2021 14:36:42
# Program was run: Sat Oct  9 20:03:30 2021

# cmd: legofit -1 -d 0 -t 32 --ptsPerDim 3 --stateOut b1boot30.state --tol 3e-6 -S 5000 af2.lgo ../../boot/boot30.opf
# Stage nOptItr nSimReps
#     0    5000        0
# algorithm          : deterministic
# ignoring probs <=  : 0
# Branch length floor: 0
# DE strategy        : 2
#    F               : 0.3
#    CR              : 0.8
#    tolerance       : 3e-06
# nthreads           : 32
# lgo input file     : af2.lgo
# site pat input file: ../../boot/boot30.opf
# free parameters    : 14
# points in DE swarm : 42
# output state file  : b1boot30.state
# Including singleton site patterns.
# cost function      : KL
Initial parameter values
Fixed:
      zero = 0
       one = 1
    Tbecnw = 75200
Free:
       pc1 = 0
       pc2 = 0
       pc3 = 0
       pc4 = 0
       pc5 = 0
       pc6 = 0
       pc7 = 0
       pc8 = 0
       pc9 = 0
      pc10 = 0
      pc11 = 0
      pc12 = 0
      pc13 = 0
      pc14 = 0
Constrained:
   Tgbecnw = 117386
     Tecnw = 26371.4
       Tnw = 24402.2
       Tec = 2549.89
     twoNb = 168275
     twoNc = 697149
     twoNw = 1.35931e+06
    twoNec = 363639
    twoNnw = 9415.13
  twoNecnw = 89542.3
  twoNbecnw = 20900.2
  twoNgbecnw = 177325
         m = 0.226398
        m6 = 1.04202e-05
        Ta = 37600
        Tf = 1274.94
DiffEv reached_goal. cost=2.32409e-03 spread=2.19698e-06
Fitted parameter values
Free:
       pc1 = -3.97122
       pc2 = -0.731432
       pc3 = 1.96154
       pc4 = -1.04306
       pc5 = -1.96013
       pc6 = -0.789812
       pc7 = 1.20624
       pc8 = 1.82114
       pc9 = 0.529786
      pc10 = -0.065181
      pc11 = 0.0533893
      pc12 = 0.0148217
      pc13 = 0.00672751
      pc14 = 0.00720928
Constrained:
   Tgbecnw = 100580
     Tecnw = 24497.3
       Tnw = 23264.4
       Tec = 69.0683
     twoNb = 140112
     twoNc = 2.37031e+06
     twoNw = 777965
    twoNec = 380001
    twoNnw = 5788.01
  twoNecnw = 86138.4
  twoNbecnw = 12458.8
  twoNgbecnw = 200444
         m = 0.190798
        m6 = 1.54878e-05
        Ta = 37600
        Tf = 34.5341
#       SitePat  BranchLen
              b 134269.8943175
              e 53559.5223332
              c 53559.2965201
              n 49316.6267291
              w 49316.6070140
            b:e 2467.0877132
            b:c 2467.0623959
            b:n 1953.0488180
            b:w 1953.0473575
            e:c 11129.7408353
            e:n 5545.2499105
            e:w 5545.2451756
            c:n 5545.2990692
            c:w 5545.3187844
            n:w 13706.0227804
          b:e:c 2323.5525535
          b:e:n 1252.3839887
          b:e:w 1252.3824069
          b:c:n 1252.3817122
          b:c:w 1252.3831727
          b:n:w 2280.8287598
          e:c:n 4846.9099009
          e:c:w 4846.9146358
          e:n:w 6513.3713556
          c:n:w 6513.4744011
        b:e:c:n 2219.4705092
        b:e:c:w 2219.4720910
        b:e:n:w 2776.2086466
        b:c:n:w 2776.2354746
        e:c:n:w 56217.9278613
