########################################
# legofit: estimate population history #
#       version 2.3.4-4-g53f8760       #
########################################

# Program was compiled: Sep 21 2021 14:36:42
# Program was run: Sat Oct  9 20:02:59 2021

# cmd: legofit -1 -d 0 -t 32 --ptsPerDim 3 --stateOut b1boot9.state --tol 3e-6 -S 5000 af2.lgo ../../boot/boot9.opf
# Stage nOptItr nSimReps
#     0    5000        0
# algorithm          : deterministic
# ignoring probs <=  : 0
# Branch length floor: 0
# DE strategy        : 2
#    F               : 0.3
#    CR              : 0.8
#    tolerance       : 3e-06
# nthreads           : 32
# lgo input file     : af2.lgo
# site pat input file: ../../boot/boot9.opf
# free parameters    : 14
# points in DE swarm : 42
# output state file  : b1boot9.state
# Including singleton site patterns.
# cost function      : KL
Initial parameter values
Fixed:
      zero = 0
       one = 1
    Tbecnw = 75200
Free:
       pc1 = 0
       pc2 = 0
       pc3 = 0
       pc4 = 0
       pc5 = 0
       pc6 = 0
       pc7 = 0
       pc8 = 0
       pc9 = 0
      pc10 = 0
      pc11 = 0
      pc12 = 0
      pc13 = 0
      pc14 = 0
Constrained:
   Tgbecnw = 117386
     Tecnw = 26371.4
       Tnw = 24402.2
       Tec = 2549.89
     twoNb = 168275
     twoNc = 697149
     twoNw = 1.35931e+06
    twoNec = 363639
    twoNnw = 9415.13
  twoNecnw = 89542.3
  twoNbecnw = 20900.2
  twoNgbecnw = 177325
         m = 0.226398
        m6 = 1.04202e-05
        Ta = 37600
        Tf = 1274.94
DiffEv reached_goal. cost=2.29592e-03 spread=2.74600e-06
Fitted parameter values
Free:
       pc1 = -3.96143
       pc2 = 0.113861
       pc3 = 1.66944
       pc4 = 0.235441
       pc5 = -1.88481
       pc6 = 0.467044
       pc7 = -0.0134019
       pc8 = 1.49607
       pc9 = 0.989641
      pc10 = 0.204225
      pc11 = 0.0623813
      pc12 = 0.0317973
      pc13 = 0.0362489
      pc14 = -0.000169471
Constrained:
   Tgbecnw = 100883
     Tecnw = 24524.6
       Tnw = 22877.1
       Tec = 165.865
     twoNb = 375423
     twoNc = 812120
     twoNw = 1.4096e+06
    twoNec = 377373
    twoNnw = 7877.07
  twoNecnw = 87530.9
  twoNbecnw = 12836.2
  twoNgbecnw = 191654
         m = 0.201438
        m6 = 1.68264e-05
        Ta = 37600
        Tf = 82.9324
#       SitePat  BranchLen
              b 134587.2514552
              e 53836.1768247
              c 53835.9405927
              n 49642.1218995
              w 49642.1100823
            b:e 2463.6685886
            b:c 2463.6422168
            b:n 1962.5983555
            b:w 1962.5974862
            e:c 11172.0702711
            e:n 5589.5714893
            e:w 5589.5686645
            c:n 5589.6285760
            c:w 5589.6403932
            n:w 13737.6987660
          b:e:c 2317.4366246
          b:e:n 1257.9038013
          b:e:w 1257.9028599
          b:c:n 1257.9021031
          b:c:w 1257.9029723
          b:n:w 2275.8276599
          e:c:n 4876.1972586
          e:c:w 4876.2000834
          e:n:w 6504.4591856
          c:n:w 6504.5666022
        b:e:c:n 2230.0363579
        b:e:c:w 2230.0372993
        b:e:n:w 2772.6892964
        b:c:n:w 2772.7172540
        e:c:n:w 56096.1957258
