########################################
# legofit: estimate population history #
#       version 2.3.4-4-g53f8760       #
########################################

# Program was compiled: Sep 21 2021 14:36:42
# Program was run: Sat Oct  9 20:03:38 2021

# cmd: legofit -1 -d 0 -t 32 --ptsPerDim 3 --stateOut b1boot39.state --tol 3e-6 -S 5000 af2.lgo ../../boot/boot39.opf
# Stage nOptItr nSimReps
#     0    5000        0
# algorithm          : deterministic
# ignoring probs <=  : 0
# Branch length floor: 0
# DE strategy        : 2
#    F               : 0.3
#    CR              : 0.8
#    tolerance       : 3e-06
# nthreads           : 32
# lgo input file     : af2.lgo
# site pat input file: ../../boot/boot39.opf
# free parameters    : 14
# points in DE swarm : 42
# output state file  : b1boot39.state
# Including singleton site patterns.
# cost function      : KL
Initial parameter values
Fixed:
      zero = 0
       one = 1
    Tbecnw = 75200
Free:
       pc1 = 0
       pc2 = 0
       pc3 = 0
       pc4 = 0
       pc5 = 0
       pc6 = 0
       pc7 = 0
       pc8 = 0
       pc9 = 0
      pc10 = 0
      pc11 = 0
      pc12 = 0
      pc13 = 0
      pc14 = 0
Constrained:
   Tgbecnw = 117386
     Tecnw = 26371.4
       Tnw = 24402.2
       Tec = 2549.89
     twoNb = 168275
     twoNc = 697149
     twoNw = 1.35931e+06
    twoNec = 363639
    twoNnw = 9415.13
  twoNecnw = 89542.3
  twoNbecnw = 20900.2
  twoNgbecnw = 177325
         m = 0.226398
        m6 = 1.04202e-05
        Ta = 37600
        Tf = 1274.94
DiffEv reached_goal. cost=2.27711e-03 spread=2.78621e-06
Fitted parameter values
Free:
       pc1 = -3.98194
       pc2 = 0.337238
       pc3 = 1.872
       pc4 = 0.0904017
       pc5 = -1.53303
       pc6 = 0.858668
       pc7 = -0.72005
       pc8 = 1.75182
       pc9 = 1.13525
      pc10 = 0.357502
      pc11 = -0.04828
      pc12 = 0.0151925
      pc13 = 0.0161161
      pc14 = -0.0130687
Constrained:
   Tgbecnw = 101324
     Tecnw = 24507.9
       Tnw = 22884.5
       Tec = 24.2895
     twoNb = 489828
     twoNc = 875490
     twoNw = 1.80192e+06
    twoNec = 382988
    twoNnw = 7831.43
  twoNecnw = 87375.9
  twoNbecnw = 13244.2
  twoNgbecnw = 188002
         m = 0.204131
        m6 = 2.25142e-05
        Ta = 37600
        Tf = 12.1448
#       SitePat  BranchLen
              b 134710.4473611
              e 53887.9113317
              c 53887.5997952
              n 49717.6955087
              w 49717.6830338
            b:e 2487.1101331
            b:c 2487.0750455
            b:n 1984.9676571
            b:w 1984.9667320
            e:c 11197.5390492
            e:n 5635.9185168
            e:w 5635.9155167
            c:n 5635.9954761
            c:w 5636.0079509
            n:w 13739.0929973
          b:e:c 2332.4395230
          b:e:n 1272.4663452
          b:e:w 1272.4653444
          b:c:n 1272.4643372
          b:c:w 1272.4652622
          b:n:w 2291.2815380
          e:c:n 4928.6179507
          e:c:w 4928.6209508
          e:n:w 6557.0607234
          c:n:w 6557.2028664
        b:e:c:n 2251.9718957
        b:e:c:w 2251.9728966
        b:e:n:w 2795.2371870
        b:c:n:w 2795.2743648
        e:c:n:w 56027.3582585
