########################################
# legofit: estimate population history #
#       version 2.3.4-4-g53f8760       #
########################################

# Program was compiled: Sep 21 2021 14:36:42
# Program was run: Sat Oct  9 20:03:15 2021

# cmd: legofit -1 -d 0 -t 32 --ptsPerDim 3 --stateOut b1boot22.state --tol 3e-6 -S 5000 af2.lgo ../../boot/boot22.opf
# Stage nOptItr nSimReps
#     0    5000        0
# algorithm          : deterministic
# ignoring probs <=  : 0
# Branch length floor: 0
# DE strategy        : 2
#    F               : 0.3
#    CR              : 0.8
#    tolerance       : 3e-06
# nthreads           : 32
# lgo input file     : af2.lgo
# site pat input file: ../../boot/boot22.opf
# free parameters    : 14
# points in DE swarm : 42
# output state file  : b1boot22.state
# Including singleton site patterns.
# cost function      : KL
Initial parameter values
Fixed:
      zero = 0
       one = 1
    Tbecnw = 75200
Free:
       pc1 = 0
       pc2 = 0
       pc3 = 0
       pc4 = 0
       pc5 = 0
       pc6 = 0
       pc7 = 0
       pc8 = 0
       pc9 = 0
      pc10 = 0
      pc11 = 0
      pc12 = 0
      pc13 = 0
      pc14 = 0
Constrained:
   Tgbecnw = 117386
     Tecnw = 26371.4
       Tnw = 24402.2
       Tec = 2549.89
     twoNb = 168275
     twoNc = 697149
     twoNw = 1.35931e+06
    twoNec = 363639
    twoNnw = 9415.13
  twoNecnw = 89542.3
  twoNbecnw = 20900.2
  twoNgbecnw = 177325
         m = 0.226398
        m6 = 1.04202e-05
        Ta = 37600
        Tf = 1274.94
DiffEv reached_goal. cost=2.27941e-03 spread=2.92793e-06
Fitted parameter values
Free:
       pc1 = -3.96115
       pc2 = -0.222516
       pc3 = 1.91453
       pc4 = -0.258894
       pc5 = -1.93622
       pc6 = -0.949376
       pc7 = 0.0929551
       pc8 = 1.92653
       pc9 = 1.40536
      pc10 = 0.19828
      pc11 = -0.00227516
      pc12 = 0.059537
      pc13 = 0.0321131
      pc14 = -0.0001407
Constrained:
   Tgbecnw = 99308.7
     Tecnw = 24357.5
       Tnw = 22421.6
       Tec = 401.989
     twoNb = 191294
     twoNc = 1.84902e+06
     twoNw = 1.3715e+06
    twoNec = 369454
    twoNnw = 9333.04
  twoNecnw = 88170.1
  twoNbecnw = 12374.7
  twoNgbecnw = 187282
         m = 0.210044
        m6 = 2.00595e-05
        Ta = 37600
        Tf = 200.994
#       SitePat  BranchLen
              b 134938.5900076
              e 53820.6176945
              c 53820.3354280
              n 49629.5422639
              w 49629.5280881
            b:e 2490.5144532
            b:c 2490.4828513
            b:n 1990.0258351
            b:w 1990.0247823
            e:c 11215.3557638
            e:n 5624.2534217
            e:w 5624.2500234
            c:n 5624.3218902
            c:w 5624.3360660
            n:w 13790.8906567
          b:e:c 2344.0299285
          b:e:n 1275.7966178
          b:e:w 1275.7954766
          b:c:n 1275.7945580
          b:c:w 1275.7956108
          b:n:w 2302.0179953
          e:c:n 4916.9381967
          e:c:w 4916.9415950
          e:n:w 6532.2825106
          c:n:w 6532.4102660
        b:e:c:n 2264.1734724
        b:e:c:w 2264.1746136
        b:e:n:w 2806.6425559
        b:c:n:w 2806.6760836
        e:c:n:w 56418.7685181
