########################################
# legofit: estimate population history #
#       version 2.3.4-4-g53f8760       #
########################################

# Program was compiled: Sep 21 2021 14:36:42
# Program was run: Sat Oct  9 20:03:55 2021

# cmd: legofit -1 -d 0 -t 32 --ptsPerDim 3 --stateOut b1boot48.state --tol 3e-6 -S 5000 af2.lgo ../../boot/boot48.opf
# Stage nOptItr nSimReps
#     0    5000        0
# algorithm          : deterministic
# ignoring probs <=  : 0
# Branch length floor: 0
# DE strategy        : 2
#    F               : 0.3
#    CR              : 0.8
#    tolerance       : 3e-06
# nthreads           : 32
# lgo input file     : af2.lgo
# site pat input file: ../../boot/boot48.opf
# free parameters    : 14
# points in DE swarm : 42
# output state file  : b1boot48.state
# Including singleton site patterns.
# cost function      : KL
Initial parameter values
Fixed:
      zero = 0
       one = 1
    Tbecnw = 75200
Free:
       pc1 = 0
       pc2 = 0
       pc3 = 0
       pc4 = 0
       pc5 = 0
       pc6 = 0
       pc7 = 0
       pc8 = 0
       pc9 = 0
      pc10 = 0
      pc11 = 0
      pc12 = 0
      pc13 = 0
      pc14 = 0
Constrained:
   Tgbecnw = 117386
     Tecnw = 26371.4
       Tnw = 24402.2
       Tec = 2549.89
     twoNb = 168275
     twoNc = 697149
     twoNw = 1.35931e+06
    twoNec = 363639
    twoNnw = 9415.13
  twoNecnw = 89542.3
  twoNbecnw = 20900.2
  twoNgbecnw = 177325
         m = 0.226398
        m6 = 1.04202e-05
        Ta = 37600
        Tf = 1274.94
DiffEv reached_goal. cost=2.32574e-03 spread=2.78954e-06
Fitted parameter values
Free:
       pc1 = -3.96331
       pc2 = -0.50187
       pc3 = 1.99848
       pc4 = -0.192691
       pc5 = -1.67401
       pc6 = -0.145409
       pc7 = 0.833035
       pc8 = 1.61741
       pc9 = 0.831459
      pc10 = 0.132267
      pc11 = -0.00161364
      pc12 = 0.0318324
      pc13 = 0.00145379
      pc14 = -0.00320536
Constrained:
   Tgbecnw = 101223
     Tecnw = 24429.8
       Tnw = 23067.2
       Tec = 426.16
     twoNb = 261904
     twoNc = 1.71599e+06
     twoNw = 1.19471e+06
    twoNec = 371967
    twoNnw = 6522.2
  twoNecnw = 86950.7
  twoNbecnw = 12875.9
  twoNgbecnw = 196565
         m = 0.19526
        m6 = 1.14344e-05
        Ta = 37600
        Tf = 213.08
#       SitePat  BranchLen
              b 134602.1544051
              e 53683.3191710
              c 53683.1583023
              n 49520.7950607
              w 49520.7856330
            b:e 2473.8885938
            b:c 2473.8705070
            b:n 1971.4206315
            b:w 1971.4199307
            e:c 11166.8675992
            e:n 5597.6641722
            e:w 5597.6618993
            c:n 5597.7020641
            c:w 5597.7114918
            n:w 13699.7444031
          b:e:c 2326.1738754
          b:e:n 1263.2985395
          b:e:w 1263.2977807
          b:c:n 1263.2972679
          b:c:w 1263.2979687
          b:n:w 2284.5921491
          e:c:n 4893.0977318
          e:c:w 4893.1000047
          e:n:w 6522.6337619
          c:n:w 6522.7071463
        b:e:c:n 2239.1143375
        b:e:c:w 2239.1150963
        b:e:n:w 2783.1461274
        b:c:n:w 2783.1652978
        e:c:n:w 56258.8738177
