########################################
# legofit: estimate population history #
#       version 2.3.4-4-g53f8760       #
########################################

# Program was compiled: Sep 21 2021 14:36:42
# Program was run: Sat Oct  9 20:03:14 2021

# cmd: legofit -1 -d 0 -t 32 --ptsPerDim 3 --stateOut b1boot19.state --tol 3e-6 -S 5000 af2.lgo ../../boot/boot19.opf
# Stage nOptItr nSimReps
#     0    5000        0
# algorithm          : deterministic
# ignoring probs <=  : 0
# Branch length floor: 0
# DE strategy        : 2
#    F               : 0.3
#    CR              : 0.8
#    tolerance       : 3e-06
# nthreads           : 32
# lgo input file     : af2.lgo
# site pat input file: ../../boot/boot19.opf
# free parameters    : 14
# points in DE swarm : 42
# output state file  : b1boot19.state
# Including singleton site patterns.
# cost function      : KL
Initial parameter values
Fixed:
      zero = 0
       one = 1
    Tbecnw = 75200
Free:
       pc1 = 0
       pc2 = 0
       pc3 = 0
       pc4 = 0
       pc5 = 0
       pc6 = 0
       pc7 = 0
       pc8 = 0
       pc9 = 0
      pc10 = 0
      pc11 = 0
      pc12 = 0
      pc13 = 0
      pc14 = 0
Constrained:
   Tgbecnw = 117386
     Tecnw = 26371.4
       Tnw = 24402.2
       Tec = 2549.89
     twoNb = 168275
     twoNc = 697149
     twoNw = 1.35931e+06
    twoNec = 363639
    twoNnw = 9415.13
  twoNecnw = 89542.3
  twoNbecnw = 20900.2
  twoNgbecnw = 177325
         m = 0.226398
        m6 = 1.04202e-05
        Ta = 37600
        Tf = 1274.94
DiffEv reached_goal. cost=2.30661e-03 spread=2.99402e-06
Fitted parameter values
Free:
       pc1 = -3.9686
       pc2 = -0.750583
       pc3 = 1.96505
       pc4 = 0.0845721
       pc5 = -1.96436
       pc6 = 1.55926
       pc7 = 0.768306
       pc8 = 1.47436
       pc9 = 0.532494
      pc10 = 0.174512
      pc11 = -0.0287151
      pc12 = 0.0635122
      pc13 = -0.0200053
      pc14 = -0.00714204
Constrained:
   Tgbecnw = 102511
     Tecnw = 24303.5
       Tnw = 23918.7
       Tec = 749.359
     twoNb = 457659
     twoNc = 828464
     twoNw = 1.11515e+06
    twoNec = 362099
    twoNnw = 1815.95
  twoNecnw = 86908.9
  twoNbecnw = 13173
  twoNgbecnw = 202837
         m = 0.186866
        m6 = 1.02634e-05
        Ta = 37600
        Tf = 374.68
#       SitePat  BranchLen
              b 134408.9450164
              e 53570.5670857
              c 53570.4222231
              n 49420.5614808
              w 49420.5522841
            b:e 2459.6692109
            b:c 2459.6528240
            b:n 1952.9540194
            b:w 1952.9533326
            e:c 11182.6578244
            e:n 5575.5670572
            e:w 5575.5648178
            c:n 5575.6003432
            c:w 5575.6095399
            n:w 13680.3651736
          b:e:c 2317.5627121
          b:e:n 1249.9683231
          b:e:w 1249.9675798
          b:c:n 1249.9671221
          b:c:w 1249.9678088
          b:n:w 2275.8460564
          e:c:n 4868.2174001
          e:c:w 4868.2196394
          e:n:w 6520.4155153
          c:n:w 6520.4823698
        b:e:c:n 2216.6469698
        b:e:c:w 2216.6477131
        b:e:n:w 2765.0626592
        b:c:n:w 2765.0800180
        e:c:n:w 56154.1568579
