########################################
# legofit: estimate population history #
#       version 2.3.4-4-g53f8760       #
########################################

# Program was compiled: Sep 21 2021 14:36:42
# Program was run: Sat Oct  9 20:03:22 2021

# cmd: legofit -1 -d 0 -t 32 --ptsPerDim 3 --stateOut b1boot29.state --tol 3e-6 -S 5000 af2.lgo ../../boot/boot29.opf
# Stage nOptItr nSimReps
#     0    5000        0
# algorithm          : deterministic
# ignoring probs <=  : 0
# Branch length floor: 0
# DE strategy        : 2
#    F               : 0.3
#    CR              : 0.8
#    tolerance       : 3e-06
# nthreads           : 32
# lgo input file     : af2.lgo
# site pat input file: ../../boot/boot29.opf
# free parameters    : 14
# points in DE swarm : 42
# output state file  : b1boot29.state
# Including singleton site patterns.
# cost function      : KL
Initial parameter values
Fixed:
      zero = 0
       one = 1
    Tbecnw = 75200
Free:
       pc1 = 0
       pc2 = 0
       pc3 = 0
       pc4 = 0
       pc5 = 0
       pc6 = 0
       pc7 = 0
       pc8 = 0
       pc9 = 0
      pc10 = 0
      pc11 = 0
      pc12 = 0
      pc13 = 0
      pc14 = 0
Constrained:
   Tgbecnw = 117386
     Tecnw = 26371.4
       Tnw = 24402.2
       Tec = 2549.89
     twoNb = 168275
     twoNc = 697149
     twoNw = 1.35931e+06
    twoNec = 363639
    twoNnw = 9415.13
  twoNecnw = 89542.3
  twoNbecnw = 20900.2
  twoNgbecnw = 177325
         m = 0.226398
        m6 = 1.04202e-05
        Ta = 37600
        Tf = 1274.94
DiffEv reached_goal. cost=2.31439e-03 spread=2.96716e-06
Fitted parameter values
Free:
       pc1 = -3.98009
       pc2 = -0.594849
       pc3 = 1.97935
       pc4 = -0.827614
       pc5 = -1.98408
       pc6 = -0.207089
       pc7 = 0.457762
       pc8 = 1.80563
       pc9 = 0.385156
      pc10 = 0.0669525
      pc11 = -0.00359834
      pc12 = 0.0786191
      pc13 = 0.0251419
      pc14 = 0.00375337
Constrained:
   Tgbecnw = 100303
     Tecnw = 24547.2
       Tnw = 23502.4
       Tec = 275.182
     twoNb = 245765
     twoNc = 1.89353e+06
     twoNw = 1.05555e+06
    twoNec = 372086
    twoNnw = 4947.99
  twoNecnw = 85502.4
  twoNbecnw = 12434.2
  twoNgbecnw = 196308
         m = 0.194266
        m6 = 1.95037e-05
        Ta = 37600
        Tf = 137.591
#       SitePat  BranchLen
              b 134092.2151212
              e 53431.9451385
              c 53431.6701921
              n 49324.6124679
              w 49324.5940710
            b:e 2442.2000238
            b:c 2442.1691226
            b:n 1941.9212749
            b:w 1941.9199153
            e:c 11130.1047300
            e:n 5538.5966852
            e:w 5538.5922460
            c:n 5538.6596331
            c:w 5538.6780300
            n:w 13603.8877640
          b:e:c 2300.7749701
          b:e:n 1242.3397723
          b:e:w 1242.3383010
          b:c:n 1242.3374419
          b:c:w 1242.3388015
          b:n:w 2259.6948161
          e:c:n 4858.3060024
          e:c:w 4858.3104417
          e:n:w 6491.6664766
          c:n:w 6491.7926911
        b:e:c:n 2203.4028227
        b:e:c:w 2203.4042940
        b:e:n:w 2744.7313249
        b:c:n:w 2744.7640560
        e:c:n:w 56059.8388290
