########################################
# legofit: estimate population history #
#       version 2.3.4-4-g53f8760       #
########################################

# Program was compiled: Sep 21 2021 14:36:42
# Program was run: Sat Oct  9 20:03:22 2021

# cmd: legofit -1 -d 0 -t 32 --ptsPerDim 3 --stateOut b1boot25.state --tol 3e-6 -S 5000 af2.lgo ../../boot/boot25.opf
# Stage nOptItr nSimReps
#     0    5000        0
# algorithm          : deterministic
# ignoring probs <=  : 0
# Branch length floor: 0
# DE strategy        : 2
#    F               : 0.3
#    CR              : 0.8
#    tolerance       : 3e-06
# nthreads           : 32
# lgo input file     : af2.lgo
# site pat input file: ../../boot/boot25.opf
# free parameters    : 14
# points in DE swarm : 42
# output state file  : b1boot25.state
# Including singleton site patterns.
# cost function      : KL
Initial parameter values
Fixed:
      zero = 0
       one = 1
    Tbecnw = 75200
Free:
       pc1 = 0
       pc2 = 0
       pc3 = 0
       pc4 = 0
       pc5 = 0
       pc6 = 0
       pc7 = 0
       pc8 = 0
       pc9 = 0
      pc10 = 0
      pc11 = 0
      pc12 = 0
      pc13 = 0
      pc14 = 0
Constrained:
   Tgbecnw = 117386
     Tecnw = 26371.4
       Tnw = 24402.2
       Tec = 2549.89
     twoNb = 168275
     twoNc = 697149
     twoNw = 1.35931e+06
    twoNec = 363639
    twoNnw = 9415.13
  twoNecnw = 89542.3
  twoNbecnw = 20900.2
  twoNgbecnw = 177325
         m = 0.226398
        m6 = 1.04202e-05
        Ta = 37600
        Tf = 1274.94
DiffEv reached_goal. cost=2.30512e-03 spread=2.74230e-06
Fitted parameter values
Free:
       pc1 = -3.90269
       pc2 = 0.229543
       pc3 = 1.89715
       pc4 = 0.667612
       pc5 = -1.92841
       pc6 = 0.196671
       pc7 = 0.193941
       pc8 = 1.76376
       pc9 = 0.87899
      pc10 = 0.258708
      pc11 = 0.0155451
      pc12 = -0.00177423
      pc13 = 0.0997439
      pc14 = 0.00448014
Constrained:
   Tgbecnw = 99257.5
     Tecnw = 24512.6
       Tnw = 22773.4
       Tec = 150.078
     twoNb = 378361
     twoNc = 946896
     twoNw = 1.34531e+06
    twoNec = 383217
    twoNnw = 8259.83
  twoNecnw = 87553.2
  twoNbecnw = 12295.4
  twoNgbecnw = 185590
         m = 0.209876
        m6 = 1.18749e-05
        Ta = 37600
        Tf = 75.039
#       SitePat  BranchLen
              b 134379.5863048
              e 53836.2382776
              c 53836.0703928
              n 49549.2210011
              w 49549.2123128
            b:e 2455.8137382
            b:c 2455.7950794
            b:n 1949.0068927
            b:w 1949.0062568
            e:c 11117.2708368
            e:n 5574.6689751
            e:w 5574.6669034
            c:n 5574.7093745
            c:w 5574.7180629
            n:w 13753.0216093
          b:e:c 2307.5553622
          b:e:n 1251.5394977
          b:e:w 1251.5388088
          b:c:n 1251.5382733
          b:c:w 1251.5389092
          b:n:w 2265.2968014
          e:c:n 4852.9079700
          e:c:w 4852.9100417
          e:n:w 6504.0577486
          c:n:w 6504.1340746
        b:e:c:n 2215.8795860
        b:e:c:w 2215.8802748
        b:e:n:w 2764.9264338
        b:c:n:w 2764.9462166
        e:c:n:w 55953.9939810
