########################################
# legofit: estimate population history #
#       version 2.3.4-4-g53f8760       #
########################################

# Program was compiled: Sep 21 2021 14:36:42
# Program was run: Sat Oct  9 20:03:07 2021

# cmd: legofit -1 -d 0 -t 32 --ptsPerDim 3 --stateOut b1boot15.state --tol 3e-6 -S 5000 af2.lgo ../../boot/boot15.opf
# Stage nOptItr nSimReps
#     0    5000        0
# algorithm          : deterministic
# ignoring probs <=  : 0
# Branch length floor: 0
# DE strategy        : 2
#    F               : 0.3
#    CR              : 0.8
#    tolerance       : 3e-06
# nthreads           : 32
# lgo input file     : af2.lgo
# site pat input file: ../../boot/boot15.opf
# free parameters    : 14
# points in DE swarm : 42
# output state file  : b1boot15.state
# Including singleton site patterns.
# cost function      : KL
Initial parameter values
Fixed:
      zero = 0
       one = 1
    Tbecnw = 75200
Free:
       pc1 = 0
       pc2 = 0
       pc3 = 0
       pc4 = 0
       pc5 = 0
       pc6 = 0
       pc7 = 0
       pc8 = 0
       pc9 = 0
      pc10 = 0
      pc11 = 0
      pc12 = 0
      pc13 = 0
      pc14 = 0
Constrained:
   Tgbecnw = 117386
     Tecnw = 26371.4
       Tnw = 24402.2
       Tec = 2549.89
     twoNb = 168275
     twoNc = 697149
     twoNw = 1.35931e+06
    twoNec = 363639
    twoNnw = 9415.13
  twoNecnw = 89542.3
  twoNbecnw = 20900.2
  twoNgbecnw = 177325
         m = 0.226398
        m6 = 1.04202e-05
        Ta = 37600
        Tf = 1274.94
DiffEv reached_goal. cost=2.29874e-03 spread=2.95471e-06
Fitted parameter values
Free:
       pc1 = -3.9753
       pc2 = -0.329924
       pc3 = 1.99423
       pc4 = -0.184417
       pc5 = -0.965426
       pc6 = -0.338602
       pc7 = 1.239
       pc8 = 1.8583
       pc9 = 0.339795
      pc10 = 0.0728679
      pc11 = 0.00331076
      pc12 = 0.068158
      pc13 = 0.0165829
      pc14 = 0.00358484
Constrained:
   Tgbecnw = 101847
     Tecnw = 24716.8
       Tnw = 23021.6
       Tec = 229.522
     twoNb = 305449
     twoNc = 2.25616e+06
     twoNw = 1.12355e+06
    twoNec = 374466
    twoNnw = 8099.6
  twoNecnw = 85481.1
  twoNbecnw = 13089.9
  twoNgbecnw = 197182
         m = 0.192339
        m6 = 5.96147e-06
        Ta = 37600
        Tf = 114.761
#       SitePat  BranchLen
              b 134374.5781190
              e 53601.1141056
              c 53601.0302170
              n 49497.2964846
              w 49497.2912479
            b:e 2448.8235872
            b:c 2448.8142133
            b:n 1953.2598562
            b:w 1953.2594710
            e:c 11153.8811426
            e:n 5558.9111757
            e:w 5558.9099195
            c:n 5558.9307524
            c:w 5558.9359891
            n:w 13641.5031967
          b:e:c 2304.2598469
          b:e:n 1248.4235094
          b:e:w 1248.4230929
          b:c:n 1248.4228329
          b:c:w 1248.4232181
          b:n:w 2263.9850825
          e:c:n 4882.6400968
          e:c:w 4882.6413531
          e:n:w 6498.7778446
          c:n:w 6498.8160869
        b:e:c:n 2213.4649100
        b:e:c:w 2213.4653265
        b:e:n:w 2749.2941568
        b:c:n:w 2749.3040819
        e:c:n:w 56103.1712370
