########################################
# legofit: estimate population history #
#       version 2.3.4-4-g53f8760       #
########################################

# Program was compiled: Sep 21 2021 14:36:42
# Program was run: Sat Oct  9 20:03:22 2021

# cmd: legofit -1 -d 0 -t 32 --ptsPerDim 3 --stateOut b1boot27.state --tol 3e-6 -S 5000 af2.lgo ../../boot/boot27.opf
# Stage nOptItr nSimReps
#     0    5000        0
# algorithm          : deterministic
# ignoring probs <=  : 0
# Branch length floor: 0
# DE strategy        : 2
#    F               : 0.3
#    CR              : 0.8
#    tolerance       : 3e-06
# nthreads           : 32
# lgo input file     : af2.lgo
# site pat input file: ../../boot/boot27.opf
# free parameters    : 14
# points in DE swarm : 42
# output state file  : b1boot27.state
# Including singleton site patterns.
# cost function      : KL
Initial parameter values
Fixed:
      zero = 0
       one = 1
    Tbecnw = 75200
Free:
       pc1 = 0
       pc2 = 0
       pc3 = 0
       pc4 = 0
       pc5 = 0
       pc6 = 0
       pc7 = 0
       pc8 = 0
       pc9 = 0
      pc10 = 0
      pc11 = 0
      pc12 = 0
      pc13 = 0
      pc14 = 0
Constrained:
   Tgbecnw = 117386
     Tecnw = 26371.4
       Tnw = 24402.2
       Tec = 2549.89
     twoNb = 168275
     twoNc = 697149
     twoNw = 1.35931e+06
    twoNec = 363639
    twoNnw = 9415.13
  twoNecnw = 89542.3
  twoNbecnw = 20900.2
  twoNgbecnw = 177325
         m = 0.226398
        m6 = 1.04202e-05
        Ta = 37600
        Tf = 1274.94
DiffEv reached_goal. cost=2.29531e-03 spread=2.57187e-06
Fitted parameter values
Free:
       pc1 = -3.96282
       pc2 = -0.512478
       pc3 = 1.98466
       pc4 = -0.663324
       pc5 = -1.89168
       pc6 = -0.522232
       pc7 = 0.608167
       pc8 = 1.48254
       pc9 = 0.716051
      pc10 = 0.117547
      pc11 = -0.049518
      pc12 = 0.0215112
      pc13 = 0.00517244
      pc14 = -0.00203981
Constrained:
   Tgbecnw = 100907
     Tecnw = 24480.4
       Tnw = 23145.1
       Tec = 186.434
     twoNb = 179197
     twoNc = 1.82958e+06
     twoNw = 1.18312e+06
    twoNec = 378954
    twoNnw = 6355.48
  twoNecnw = 86008
  twoNbecnw = 12760.3
  twoNgbecnw = 196168
         m = 0.194878
        m6 = 1.67578e-05
        Ta = 37600
        Tf = 93.2171
#       SitePat  BranchLen
              b 134450.6361545
              e 53564.2227982
              c 53563.9870635
              n 49383.3394506
              w 49383.3254230
            b:e 2467.7172228
            b:c 2467.6906684
            b:n 1961.7303971
            b:w 1961.7293563
            e:c 11135.8493410
            e:n 5580.7694883
            e:w 5580.7661036
            c:n 5580.8246584
            c:w 5580.8386861
            n:w 13671.2513402
          b:e:c 2318.1744225
          b:e:n 1257.2475824
          b:e:w 1257.2464562
          b:c:n 1257.2457117
          b:c:w 1257.2467526
          b:n:w 2276.6674806
          e:c:n 4886.9082524
          e:c:w 4886.9116371
          e:n:w 6532.2264485
          c:n:w 6532.3344308
        b:e:c:n 2225.7950764
        b:e:c:w 2225.7962027
        b:e:n:w 2773.2625860
        b:c:n:w 2773.2907148
        e:c:n:w 56238.5831666
