########################################
# legofit: estimate population history #
#       version 2.3.4-4-g53f8760       #
########################################

# Program was compiled: Sep 21 2021 14:36:42
# Program was run: Sat Oct  9 20:02:51 2021

# cmd: legofit -1 -d 0 -t 32 --ptsPerDim 3 --stateOut b1boot4.state --tol 3e-6 -S 5000 af2.lgo ../../boot/boot4.opf
# Stage nOptItr nSimReps
#     0    5000        0
# algorithm          : deterministic
# ignoring probs <=  : 0
# Branch length floor: 0
# DE strategy        : 2
#    F               : 0.3
#    CR              : 0.8
#    tolerance       : 3e-06
# nthreads           : 32
# lgo input file     : af2.lgo
# site pat input file: ../../boot/boot4.opf
# free parameters    : 14
# points in DE swarm : 42
# output state file  : b1boot4.state
# Including singleton site patterns.
# cost function      : KL
Initial parameter values
Fixed:
      zero = 0
       one = 1
    Tbecnw = 75200
Free:
       pc1 = 0
       pc2 = 0
       pc3 = 0
       pc4 = 0
       pc5 = 0
       pc6 = 0
       pc7 = 0
       pc8 = 0
       pc9 = 0
      pc10 = 0
      pc11 = 0
      pc12 = 0
      pc13 = 0
      pc14 = 0
Constrained:
   Tgbecnw = 117386
     Tecnw = 26371.4
       Tnw = 24402.2
       Tec = 2549.89
     twoNb = 168275
     twoNc = 697149
     twoNw = 1.35931e+06
    twoNec = 363639
    twoNnw = 9415.13
  twoNecnw = 89542.3
  twoNbecnw = 20900.2
  twoNgbecnw = 177325
         m = 0.226398
        m6 = 1.04202e-05
        Ta = 37600
        Tf = 1274.94
DiffEv reached_goal. cost=2.32353e-03 spread=2.34957e-06
Fitted parameter values
Free:
       pc1 = -3.95762
       pc2 = -0.301723
       pc3 = 1.92767
       pc4 = -0.807589
       pc5 = -1.98052
       pc6 = 0.64605
       pc7 = -0.531851
       pc8 = 1.83081
       pc9 = 1.03708
      pc10 = 0.0254385
      pc11 = 0.1125
      pc12 = 0.00260255
      pc13 = 0.0363497
      pc14 = -0.00961298
Constrained:
   Tgbecnw = 101097
     Tecnw = 24456.8
       Tnw = 23436.3
       Tec = 333.481
     twoNb = 382608
     twoNc = 1.32581e+06
     twoNw = 1.50319e+06
    twoNec = 377641
    twoNnw = 4908.72
  twoNecnw = 87816.4
  twoNbecnw = 12740.4
  twoNgbecnw = 196615
         m = 0.197367
        m6 = 2.84292e-05
        Ta = 37600
        Tf = 166.741
#       SitePat  BranchLen
              b 134740.9124228
              e 53830.5010935
              c 53830.1076329
              n 49694.3064750
              w 49694.2874713
            b:e 2458.5359053
            b:c 2458.4917275
            b:n 1959.9888161
            b:w 1959.9874107
            e:c 11120.1101662
            e:n 5593.6795976
            e:w 5593.6750320
            c:n 5593.7747907
            c:w 5593.7937944
            n:w 13636.6011990
          b:e:c 2309.3992244
          b:e:n 1258.2942362
          b:e:w 1258.2927131
          b:c:n 1258.2914300
          b:c:w 1258.2928354
          b:n:w 2267.6559885
          e:c:n 4861.1466154
          e:c:w 4861.1511810
          e:n:w 6480.5755029
          c:n:w 6480.7550081
        b:e:c:n 2229.4667302
        b:e:c:w 2229.4682533
        b:e:n:w 2769.7129999
        b:c:n:w 2769.7598615
        e:c:n:w 56332.5413038
