########################################
# legofit: estimate population history #
#       version 2.3.4-4-g53f8760       #
########################################

# Program was compiled: Sep 21 2021 14:36:42
# Program was run: Sat Oct  9 20:03:07 2021

# cmd: legofit -1 -d 0 -t 32 --ptsPerDim 3 --stateOut b1boot17.state --tol 3e-6 -S 5000 af2.lgo ../../boot/boot17.opf
# Stage nOptItr nSimReps
#     0    5000        0
# algorithm          : deterministic
# ignoring probs <=  : 0
# Branch length floor: 0
# DE strategy        : 2
#    F               : 0.3
#    CR              : 0.8
#    tolerance       : 3e-06
# nthreads           : 32
# lgo input file     : af2.lgo
# site pat input file: ../../boot/boot17.opf
# free parameters    : 14
# points in DE swarm : 42
# output state file  : b1boot17.state
# Including singleton site patterns.
# cost function      : KL
Initial parameter values
Fixed:
      zero = 0
       one = 1
    Tbecnw = 75200
Free:
       pc1 = 0
       pc2 = 0
       pc3 = 0
       pc4 = 0
       pc5 = 0
       pc6 = 0
       pc7 = 0
       pc8 = 0
       pc9 = 0
      pc10 = 0
      pc11 = 0
      pc12 = 0
      pc13 = 0
      pc14 = 0
Constrained:
   Tgbecnw = 117386
     Tecnw = 26371.4
       Tnw = 24402.2
       Tec = 2549.89
     twoNb = 168275
     twoNc = 697149
     twoNw = 1.35931e+06
    twoNec = 363639
    twoNnw = 9415.13
  twoNecnw = 89542.3
  twoNbecnw = 20900.2
  twoNgbecnw = 177325
         m = 0.226398
        m6 = 1.04202e-05
        Ta = 37600
        Tf = 1274.94
DiffEv reached_goal. cost=2.31117e-03 spread=2.88921e-06
Fitted parameter values
Free:
       pc1 = -3.97996
       pc2 = -0.203358
       pc3 = 1.93686
       pc4 = 0.518742
       pc5 = -1.88999
       pc6 = 0.614713
       pc7 = 1.27009
       pc8 = 1.82643
       pc9 = 0.107581
      pc10 = 0.153209
      pc11 = 0.0473879
      pc12 = 0.0430958
      pc13 = 0.036342
      pc14 = 0.00220161
Constrained:
   Tgbecnw = 99770
     Tecnw = 24562.7
       Tnw = 23432.6
       Tec = 41.9466
     twoNb = 406500
     twoNc = 1.21241e+06
     twoNw = 814129
    twoNec = 378199
    twoNnw = 5337.75
  twoNecnw = 85967.1
  twoNbecnw = 12322.2
  twoNgbecnw = 194559
         m = 0.195133
        m6 = 3.35828e-06
        Ta = 37600
        Tf = 20.9733
#       SitePat  BranchLen
              b 133853.8140392
              e 53563.0120687
              c 53562.9635568
              n 49402.9577682
              w 49402.9536477
            b:e 2474.4831887
            b:c 2474.4777161
            b:n 1964.5259369
            b:w 1964.5256301
            e:c 11153.9665106
            e:n 5552.1602313
            e:w 5552.1592393
            c:n 5552.1708476
            c:w 5552.1749682
            n:w 13665.1969567
          b:e:c 2331.6395957
          b:e:n 1258.5051719
          b:e:w 1258.5048396
          b:c:n 1258.5046889
          b:c:w 1258.5049957
          b:n:w 2289.3087479
          e:c:n 4868.6307867
          e:c:w 4868.6317787
          e:n:w 6517.4218580
          c:n:w 6517.4440247
        b:e:c:n 2232.0665370
        b:e:c:w 2232.0668692
        b:e:n:w 2784.3493202
        b:c:n:w 2784.3551197
        e:c:n:w 55772.0344013
