########################################
# legofit: estimate population history #
#       version 2.3.4-4-g53f8760       #
########################################

# Program was compiled: Sep 21 2021 14:36:42
# Program was run: Thu Oct 14 11:09:23 2021

# cmd: legofit -1 -d 0 -t 32 --ptsPerDim 3 --stateOut b1boot2.state --tol 3e-6 -S 5000 efgh2.lgo ../../boot/boot2.opf
# Stage nOptItr nSimReps
#     0    5000        0
# algorithm          : deterministic
# ignoring probs <=  : 0
# Branch length floor: 0
# DE strategy        : 2
#    F               : 0.3
#    CR              : 0.8
#    tolerance       : 3e-06
# nthreads           : 32
# lgo input file     : efgh2.lgo
# site pat input file: ../../boot/boot2.opf
# free parameters    : 15
# points in DE swarm : 45
# output state file  : b1boot2.state
# Including singleton site patterns.
# cost function      : KL
Initial parameter values
Fixed:
      zero = 0
       one = 1
    Tbecnw = 75200
Free:
       pc1 = 0
       pc2 = 0
       pc3 = 0
       pc4 = 0
       pc5 = 0
       pc6 = 0
       pc7 = 0
       pc8 = 0
       pc9 = 0
      pc10 = 0
      pc11 = 0
      pc12 = 0
      pc13 = 0
      pc14 = 0
      pc15 = 0
Constrained:
     Tecnw = 61583.6
       Tnw = 2385.39
       Tec = 2274.56
     twoNb = 5.69595e+06
     twoNe = 220190
     twoNc = 268525
     twoNw = 929715
    twoNec = 111019
    twoNnw = 163929
  twoNecnw = 13013
  twoNbecnw = 88950.7
        m5 = 0.175459
        m6 = 0.00025133
        m7 = 0.000574137
        m8 = 0.362548
        Th = 2329.97
        Te = 1137.28
        Tf = 568.639
        Tg = 284.319
DiffEv reached_goal. cost=2.35065e-03 spread=2.59955e-06
Fitted parameter values
Free:
       pc1 = 2.62769
       pc2 = 2.79235
       pc3 = 3.69002
       pc4 = 1.98282
       pc5 = -0.506196
       pc6 = -1.51567
       pc7 = -1.49409
       pc8 = 1.75545
       pc9 = 1.05407
      pc10 = -0.0450201
      pc11 = -0.134664
      pc12 = -0.102883
      pc13 = -0.154668
      pc14 = 0.0399298
      pc15 = 0.0172329
Constrained:
     Tecnw = 62505.2
       Tnw = 87.9759
       Tec = 24.2839
     twoNb = 1.25074e+07
     twoNe = 424605
     twoNc = 81231.8
     twoNw = 1.31804e+06
    twoNec = 118378
    twoNnw = 178226
  twoNecnw = 12030.6
  twoNbecnw = 89781.8
        m5 = 0.183259
        m6 = 4.55677e-05
        m7 = 0.00348868
        m8 = 0.357928
        Th = 56.1299
        Te = 12.142
        Tf = 6.07099
        Tg = 3.03549
#       SitePat  BranchLen
              b 149231.1266256
              e 58200.5079893
              c 61066.5897288
              n 55132.5498151
              w 55130.9401355
            b:e 2764.2864399
            b:c 3051.2969752
            b:n 2312.2558069
            b:w 2312.1596683
            e:c 12451.5526116
            e:n 6680.7201024
            e:w 6681.6993328
            c:n 5778.7287259
            c:w 5779.0594610
            n:w 14798.1000908
          b:e:c 2595.0349917
          b:e:n 1357.8030540
          b:e:w 1357.8356978
          b:c:n 1357.7589521
          b:c:w 1357.7263070
          b:n:w 2594.9169176
          e:c:n 5360.5647804
          e:c:w 5360.8644945
          e:n:w 8046.6962876
          c:n:w 6987.9103170
        b:e:c:n 2312.2364140
        b:e:c:w 2312.3325539
        b:e:n:w 3051.4150494
        b:c:n:w 2761.8934862
        e:c:n:w 62196.5291403
