########################################
# legofit: estimate population history #
#       version 2.3.4-4-g53f8760       #
########################################

# Program was compiled: Sep 21 2021 14:36:42
# Program was run: Thu Oct 14 11:09:42 2021

# cmd: legofit -1 -d 0 -t 32 --ptsPerDim 3 --stateOut b1boot18.state --tol 3e-6 -S 5000 efgh2.lgo ../../boot/boot18.opf
# Stage nOptItr nSimReps
#     0    5000        0
# algorithm          : deterministic
# ignoring probs <=  : 0
# Branch length floor: 0
# DE strategy        : 2
#    F               : 0.3
#    CR              : 0.8
#    tolerance       : 3e-06
# nthreads           : 32
# lgo input file     : efgh2.lgo
# site pat input file: ../../boot/boot18.opf
# free parameters    : 15
# points in DE swarm : 45
# output state file  : b1boot18.state
# Including singleton site patterns.
# cost function      : KL
Initial parameter values
Fixed:
      zero = 0
       one = 1
    Tbecnw = 75200
Free:
       pc1 = 0
       pc2 = 0
       pc3 = 0
       pc4 = 0
       pc5 = 0
       pc6 = 0
       pc7 = 0
       pc8 = 0
       pc9 = 0
      pc10 = 0
      pc11 = 0
      pc12 = 0
      pc13 = 0
      pc14 = 0
      pc15 = 0
Constrained:
     Tecnw = 61583.6
       Tnw = 2385.39
       Tec = 2274.56
     twoNb = 5.69595e+06
     twoNe = 220190
     twoNc = 268525
     twoNw = 929715
    twoNec = 111019
    twoNnw = 163929
  twoNecnw = 13013
  twoNbecnw = 88950.7
        m5 = 0.175459
        m6 = 0.00025133
        m7 = 0.000574137
        m8 = 0.362548
        Th = 2329.97
        Te = 1137.28
        Tf = 568.639
        Tg = 284.319
DiffEv reached_goal. cost=2.36489e-03 spread=2.94608e-06
Fitted parameter values
Free:
       pc1 = 2.68865
       pc2 = 1.87814
       pc3 = 3.4869
       pc4 = 1.62993
       pc5 = -1.27195
       pc6 = -1.07024
       pc7 = -1.90781
       pc8 = 1.23767
       pc9 = 1.84337
      pc10 = 0.13781
      pc11 = 0.000494532
      pc12 = -0.0222746
      pc13 = -0.0971829
      pc14 = 0.0194837
      pc15 = 0.0352778
Constrained:
     Tecnw = 61963.8
       Tnw = 368.302
       Tec = 235.042
     twoNb = 1.11376e+07
     twoNe = 442422
     twoNc = 309984
     twoNw = 1.2224e+06
    twoNec = 117641
    twoNnw = 176023
  twoNecnw = 12532.4
  twoNbecnw = 89378.4
        m5 = 0.18264
        m6 = 0.000137226
        m7 = 0.00379912
        m8 = 0.356556
        Th = 301.672
        Te = 117.521
        Tf = 58.7605
        Tg = 29.3802
#       SitePat  BranchLen
              b 148899.2924699
              e 57994.2798102
              c 60820.7960301
              n 54923.9274734
              w 54919.4949076
            b:e 2757.5818456
            b:c 3035.2479164
            b:n 2300.7431873
            b:w 2300.4780659
            e:c 12433.8712963
            e:n 6652.0955206
            e:w 6655.1192718
            c:n 5762.8599029
            c:w 5763.4426817
            n:w 14762.3106359
          b:e:c 2584.0847973
          b:e:n 1350.4475701
          b:e:w 1350.5705423
          b:c:n 1350.4772395
          b:c:w 1350.3542637
          b:n:w 2583.9411949
          e:c:n 5367.0779063
          e:c:w 5367.9039420
          e:n:w 8047.6803203
          c:n:w 7005.3219544
        b:e:c:n 2300.5713687
        b:e:c:w 2300.8364936
        b:e:n:w 3035.3915188
        b:c:n:w 2754.6664108
        e:c:n:w 62057.1726810
