########################################
# legofit: estimate population history #
#       version 2.3.4-4-g53f8760       #
########################################

# Program was compiled: Sep 21 2021 14:36:42
# Program was run: Thu Oct 14 11:10:15 2021

# cmd: legofit -1 -d 0 -t 32 --ptsPerDim 3 --stateOut b1boot48.state --tol 3e-6 -S 5000 efgh2.lgo ../../boot/boot48.opf
# Stage nOptItr nSimReps
#     0    5000        0
# algorithm          : deterministic
# ignoring probs <=  : 0
# Branch length floor: 0
# DE strategy        : 2
#    F               : 0.3
#    CR              : 0.8
#    tolerance       : 3e-06
# nthreads           : 32
# lgo input file     : efgh2.lgo
# site pat input file: ../../boot/boot48.opf
# free parameters    : 15
# points in DE swarm : 45
# output state file  : b1boot48.state
# Including singleton site patterns.
# cost function      : KL
Initial parameter values
Fixed:
      zero = 0
       one = 1
    Tbecnw = 75200
Free:
       pc1 = 0
       pc2 = 0
       pc3 = 0
       pc4 = 0
       pc5 = 0
       pc6 = 0
       pc7 = 0
       pc8 = 0
       pc9 = 0
      pc10 = 0
      pc11 = 0
      pc12 = 0
      pc13 = 0
      pc14 = 0
      pc15 = 0
Constrained:
     Tecnw = 61583.6
       Tnw = 2385.39
       Tec = 2274.56
     twoNb = 5.69595e+06
     twoNe = 220190
     twoNc = 268525
     twoNw = 929715
    twoNec = 111019
    twoNnw = 163929
  twoNecnw = 13013
  twoNbecnw = 88950.7
        m5 = 0.175459
        m6 = 0.00025133
        m7 = 0.000574137
        m8 = 0.362548
        Th = 2329.97
        Te = 1137.28
        Tf = 568.639
        Tg = 284.319
DiffEv reached_goal. cost=2.35458e-03 spread=2.41904e-06
Fitted parameter values
Free:
       pc1 = 3.17586
       pc2 = 0.960348
       pc3 = 3.60084
       pc4 = 1.80959
       pc5 = -0.98792
       pc6 = -0.55811
       pc7 = -1.69226
       pc8 = 0.932629
       pc9 = 0.319325
      pc10 = 0.0785586
      pc11 = -0.136283
      pc12 = -0.0113197
      pc13 = -0.0352507
      pc14 = 0.0097538
      pc15 = -0.0244953
Constrained:
     Tecnw = 61631.2
       Tnw = 93.6847
       Tec = 42.3097
     twoNb = 9.78252e+06
     twoNe = 347009
     twoNc = 184642
     twoNw = 1.11684e+06
    twoNec = 120514
    twoNnw = 176425
  twoNecnw = 12857.2
  twoNbecnw = 89213.1
        m5 = 0.186382
        m6 = 5.96239e-05
        m7 = 0.0030874
        m8 = 0.349873
        Th = 67.9972
        Te = 21.1548
        Tf = 10.5774
        Tg = 5.28871
#       SitePat  BranchLen
              b 148734.1531980
              e 57865.2023926
              c 60829.1204869
              n 54786.8601580
              w 54785.2322781
            b:e 2743.2808604
            b:c 3046.0343173
            b:n 2300.5224427
            b:w 2300.4251542
            e:c 12419.0233001
            e:n 6662.5799279
            e:w 6663.6242414
            c:n 5738.2023174
            c:w 5738.4822059
            n:w 14820.4931982
          b:e:c 2586.8128812
          b:e:n 1350.9213619
          b:e:w 1350.9598554
          b:c:n 1350.8735340
          b:c:w 1350.8350391
          b:n:w 2586.6797166
          e:c:n 5376.8742742
          e:c:w 5377.1779520
          e:n:w 8093.8706608
          c:n:w 6982.4712428
        b:e:c:n 2300.5114756
        b:e:c:w 2300.6087655
        b:e:n:w 3046.1674819
        b:c:n:w 2740.5876389
        e:c:n:w 61951.7582918
