########################################
# legofit: estimate population history #
#       version 2.3.4-4-g53f8760       #
########################################

# Program was compiled: Sep 21 2021 14:36:42
# Program was run: Thu Oct 14 11:09:27 2021

# cmd: legofit -1 -d 0 -t 32 --ptsPerDim 3 --stateOut b1boot9.state --tol 3e-6 -S 5000 efgh2.lgo ../../boot/boot9.opf
# Stage nOptItr nSimReps
#     0    5000        0
# algorithm          : deterministic
# ignoring probs <=  : 0
# Branch length floor: 0
# DE strategy        : 2
#    F               : 0.3
#    CR              : 0.8
#    tolerance       : 3e-06
# nthreads           : 32
# lgo input file     : efgh2.lgo
# site pat input file: ../../boot/boot9.opf
# free parameters    : 15
# points in DE swarm : 45
# output state file  : b1boot9.state
# Including singleton site patterns.
# cost function      : KL
Initial parameter values
Fixed:
      zero = 0
       one = 1
    Tbecnw = 75200
Free:
       pc1 = 0
       pc2 = 0
       pc3 = 0
       pc4 = 0
       pc5 = 0
       pc6 = 0
       pc7 = 0
       pc8 = 0
       pc9 = 0
      pc10 = 0
      pc11 = 0
      pc12 = 0
      pc13 = 0
      pc14 = 0
      pc15 = 0
Constrained:
     Tecnw = 61583.6
       Tnw = 2385.39
       Tec = 2274.56
     twoNb = 5.69595e+06
     twoNe = 220190
     twoNc = 268525
     twoNw = 929715
    twoNec = 111019
    twoNnw = 163929
  twoNecnw = 13013
  twoNbecnw = 88950.7
        m5 = 0.175459
        m6 = 0.00025133
        m7 = 0.000574137
        m8 = 0.362548
        Th = 2329.97
        Te = 1137.28
        Tf = 568.639
        Tg = 284.319
DiffEv reached_goal. cost=2.34753e-03 spread=2.26395e-06
Fitted parameter values
Free:
       pc1 = 2.85367
       pc2 = 1.5435
       pc3 = 3.17385
       pc4 = 1.3664
       pc5 = -0.698315
       pc6 = -0.0164255
       pc7 = -1.43574
       pc8 = 1.03947
       pc9 = 1.87757
      pc10 = 0.0609126
      pc11 = -0.0978116
      pc12 = -0.214928
      pc13 = -0.0448393
      pc14 = 0.0782574
      pc15 = 0.028118
Constrained:
     Tecnw = 61947.1
       Tnw = 363.356
       Tec = 334.582
     twoNb = 8.25083e+06
     twoNe = 365515
     twoNc = 289067
     twoNw = 1.25349e+06
    twoNec = 117339
    twoNnw = 176024
  twoNecnw = 12563.1
  twoNbecnw = 89266.7
        m5 = 0.182399
        m6 = 0.00055751
        m7 = 0.00350647
        m8 = 0.353632
        Th = 348.969
        Te = 167.291
        Tf = 83.6456
        Tg = 41.8228
#       SitePat  BranchLen
              b 148785.4160615
              e 57995.7112981
              c 60843.4664057
              n 54957.2655063
              w 54955.0673052
            b:e 2751.0752099
            b:c 3034.6721912
            b:n 2302.6964046
            b:w 2302.5652651
            e:c 12477.7292508
            e:n 6636.4750548
            e:w 6638.3707622
            c:n 5743.8032213
            c:w 5743.7029073
            n:w 14796.3762959
          b:e:c 2592.7480841
          b:e:n 1348.6890028
          b:e:w 1348.7896107
          b:c:n 1348.6735122
          b:c:w 1348.5729034
          b:n:w 2592.5691547
          e:c:n 5366.9337655
          e:c:w 5367.3365733
          e:n:w 8042.1182800
          c:n:w 6985.7378624
        b:e:c:n 2302.6813636
        b:e:c:w 2302.8125041
        b:e:n:w 3034.8511207
        b:c:n:w 2747.4513357
        e:c:n:w 61937.9418438
