########################################
# legofit: estimate population history #
#       version 2.3.4-4-g53f8760       #
########################################

# Program was compiled: Sep 21 2021 14:36:42
# Program was run: Thu Oct 14 11:09:22 2021

# cmd: legofit -1 -d 0 -t 32 --ptsPerDim 3 --stateOut b1boot0.state --tol 3e-6 -S 5000 efgh2.lgo ../../boot/boot0.opf
# Stage nOptItr nSimReps
#     0    5000        0
# algorithm          : deterministic
# ignoring probs <=  : 0
# Branch length floor: 0
# DE strategy        : 2
#    F               : 0.3
#    CR              : 0.8
#    tolerance       : 3e-06
# nthreads           : 32
# lgo input file     : efgh2.lgo
# site pat input file: ../../boot/boot0.opf
# free parameters    : 15
# points in DE swarm : 45
# output state file  : b1boot0.state
# Including singleton site patterns.
# cost function      : KL
Initial parameter values
Fixed:
      zero = 0
       one = 1
    Tbecnw = 75200
Free:
       pc1 = 0
       pc2 = 0
       pc3 = 0
       pc4 = 0
       pc5 = 0
       pc6 = 0
       pc7 = 0
       pc8 = 0
       pc9 = 0
      pc10 = 0
      pc11 = 0
      pc12 = 0
      pc13 = 0
      pc14 = 0
      pc15 = 0
Constrained:
     Tecnw = 61583.6
       Tnw = 2385.39
       Tec = 2274.56
     twoNb = 5.69595e+06
     twoNe = 220190
     twoNc = 268525
     twoNw = 929715
    twoNec = 111019
    twoNnw = 163929
  twoNecnw = 13013
  twoNbecnw = 88950.7
        m5 = 0.175459
        m6 = 0.00025133
        m7 = 0.000574137
        m8 = 0.362548
        Th = 2329.97
        Te = 1137.28
        Tf = 568.639
        Tg = 284.319
DiffEv reached_goal. cost=2.32000e-03 spread=2.84421e-06
Fitted parameter values
Free:
       pc1 = 2.4539
       pc2 = 1.56367
       pc3 = 1.8565
       pc4 = 0.672457
       pc5 = 0.203968
       pc6 = -1.14447
       pc7 = -0.415363
       pc8 = 1.16501
       pc9 = 0.553388
      pc10 = 0.131986
      pc11 = -0.162435
      pc12 = -0.0229221
      pc13 = -0.0208015
      pc14 = 0.011565
      pc15 = 0.00154633
Constrained:
     Tecnw = 62004.5
       Tnw = 272.855
       Tec = 159.182
     twoNb = 9.14963e+06
     twoNe = 355201
     twoNc = 40111
     twoNw = 1.07347e+06
    twoNec = 120462
    twoNnw = 175192
  twoNecnw = 12486.8
  twoNbecnw = 89565.4
        m5 = 0.17823
        m6 = 0.000311444
        m7 = 0.00216568
        m8 = 0.353979
        Th = 216.019
        Te = 79.5909
        Tf = 39.7955
        Tg = 19.8977
#       SitePat  BranchLen
              b 149094.1218058
              e 58005.1600866
              c 60885.4327531
              n 54866.0832026
              w 54862.0433650
            b:e 2738.0227931
            b:c 3045.3687045
            b:n 2298.3864342
            b:w 2298.1450069
            e:c 12430.0810144
            e:n 6640.9649463
            e:w 6643.6438965
            c:n 5752.4555643
            c:w 5753.0638551
            n:w 14844.3677488
          b:e:c 2592.4986019
          b:e:n 1349.3517187
          b:e:w 1349.4559690
          b:c:n 1349.3913265
          b:c:w 1349.2870737
          b:n:w 2592.3986881
          e:c:n 5359.2693605
          e:c:w 5360.0219570
          e:n:w 8077.1836820
          c:n:w 6978.2547899
        b:e:c:n 2298.2096494
        b:e:c:w 2298.4510792
        b:e:n:w 3045.4686184
        b:c:n:w 2735.9976434
        e:c:n:w 62246.7717398
