########################################
# legofit: estimate population history #
#       version 2.3.4-4-g53f8760       #
########################################

# Program was compiled: Sep 21 2021 14:36:42
# Program was run: Thu Oct 14 11:10:05 2021

# cmd: legofit -1 -d 0 -t 32 --ptsPerDim 3 --stateOut b1boot39.state --tol 3e-6 -S 5000 efgh2.lgo ../../boot/boot39.opf
# Stage nOptItr nSimReps
#     0    5000        0
# algorithm          : deterministic
# ignoring probs <=  : 0
# Branch length floor: 0
# DE strategy        : 2
#    F               : 0.3
#    CR              : 0.8
#    tolerance       : 3e-06
# nthreads           : 32
# lgo input file     : efgh2.lgo
# site pat input file: ../../boot/boot39.opf
# free parameters    : 15
# points in DE swarm : 45
# output state file  : b1boot39.state
# Including singleton site patterns.
# cost function      : KL
Initial parameter values
Fixed:
      zero = 0
       one = 1
    Tbecnw = 75200
Free:
       pc1 = 0
       pc2 = 0
       pc3 = 0
       pc4 = 0
       pc5 = 0
       pc6 = 0
       pc7 = 0
       pc8 = 0
       pc9 = 0
      pc10 = 0
      pc11 = 0
      pc12 = 0
      pc13 = 0
      pc14 = 0
      pc15 = 0
Constrained:
     Tecnw = 61583.6
       Tnw = 2385.39
       Tec = 2274.56
     twoNb = 5.69595e+06
     twoNe = 220190
     twoNc = 268525
     twoNw = 929715
    twoNec = 111019
    twoNnw = 163929
  twoNecnw = 13013
  twoNbecnw = 88950.7
        m5 = 0.175459
        m6 = 0.00025133
        m7 = 0.000574137
        m8 = 0.362548
        Th = 2329.97
        Te = 1137.28
        Tf = 568.639
        Tg = 284.319
DiffEv reached_goal. cost=2.30382e-03 spread=1.85147e-06
Fitted parameter values
Free:
       pc1 = 3.17802
       pc2 = 0.687283
       pc3 = 3.20655
       pc4 = 1.47186
       pc5 = -0.987304
       pc6 = -0.692339
       pc7 = -1.37086
       pc8 = 1.24424
       pc9 = 1.15626
      pc10 = 0.0634577
      pc11 = 0.0258006
      pc12 = -0.101222
      pc13 = -0.0307474
      pc14 = 0.0703651
      pc15 = -0.0387567
Constrained:
     Tecnw = 61515.3
       Tnw = 50.7124
       Tec = 31.5485
     twoNb = 9.02486e+06
     twoNe = 368559
     twoNc = 181421
     twoNw = 1.15345e+06
    twoNec = 119490
    twoNnw = 177163
  twoNecnw = 13014.4
  twoNbecnw = 89011.3
        m5 = 0.183056
        m6 = 0.000142349
        m7 = 0.00332599
        m8 = 0.351013
        Th = 41.1305
        Te = 15.7743
        Tf = 7.88714
        Tg = 3.94357
#       SitePat  BranchLen
              b 148494.0307047
              e 57865.0822299
              c 60742.4051581
              n 54816.9584962
              w 54816.2963403
            b:e 2753.1027074
            b:c 3042.3666031
            b:n 2309.7625100
            b:w 2309.7228609
            e:c 12469.3960619
            e:n 6656.8893688
            e:w 6657.3395297
            c:n 5755.9559784
            c:w 5756.0446368
            n:w 14817.9239594
          b:e:c 2593.7263867
          b:e:n 1354.2673184
          b:e:w 1354.2855638
          b:c:n 1354.1844467
          b:c:w 1354.1662007
          b:n:w 2593.5708453
          e:c:n 5397.4058139
          e:c:w 5397.5291505
          e:n:w 8073.6031828
          c:n:w 7002.0040639
        b:e:c:n 2309.8239779
        b:e:c:w 2309.8636276
        b:e:n:w 3042.5221445
        b:c:n:w 2749.9649576
        e:c:n:w 61690.5237915
