########################################
# legofit: estimate population history #
#       version 2.3.4-4-g53f8760       #
########################################

# Program was compiled: Sep 21 2021 14:36:42
# Program was run: Thu Oct 14 11:09:56 2021

# cmd: legofit -1 -d 0 -t 32 --ptsPerDim 3 --stateOut b1boot31.state --tol 3e-6 -S 5000 efgh2.lgo ../../boot/boot31.opf
# Stage nOptItr nSimReps
#     0    5000        0
# algorithm          : deterministic
# ignoring probs <=  : 0
# Branch length floor: 0
# DE strategy        : 2
#    F               : 0.3
#    CR              : 0.8
#    tolerance       : 3e-06
# nthreads           : 32
# lgo input file     : efgh2.lgo
# site pat input file: ../../boot/boot31.opf
# free parameters    : 15
# points in DE swarm : 45
# output state file  : b1boot31.state
# Including singleton site patterns.
# cost function      : KL
Initial parameter values
Fixed:
      zero = 0
       one = 1
    Tbecnw = 75200
Free:
       pc1 = 0
       pc2 = 0
       pc3 = 0
       pc4 = 0
       pc5 = 0
       pc6 = 0
       pc7 = 0
       pc8 = 0
       pc9 = 0
      pc10 = 0
      pc11 = 0
      pc12 = 0
      pc13 = 0
      pc14 = 0
      pc15 = 0
Constrained:
     Tecnw = 61583.6
       Tnw = 2385.39
       Tec = 2274.56
     twoNb = 5.69595e+06
     twoNe = 220190
     twoNc = 268525
     twoNw = 929715
    twoNec = 111019
    twoNnw = 163929
  twoNecnw = 13013
  twoNbecnw = 88950.7
        m5 = 0.175459
        m6 = 0.00025133
        m7 = 0.000574137
        m8 = 0.362548
        Th = 2329.97
        Te = 1137.28
        Tf = 568.639
        Tg = 284.319
DiffEv reached_goal. cost=2.31583e-03 spread=1.78387e-06
Fitted parameter values
Free:
       pc1 = 3.09572
       pc2 = 1.40323
       pc3 = 3.95635
       pc4 = 1.25118
       pc5 = -1.17429
       pc6 = -0.664862
       pc7 = -1.20635
       pc8 = 0.767877
       pc9 = 0.843313
      pc10 = 0.222204
      pc11 = 0.194224
      pc12 = -0.0246065
      pc13 = -0.0464846
      pc14 = 0.013054
      pc15 = -0.000649183
Constrained:
     Tecnw = 61795
       Tnw = 53.4715
       Tec = 22.6634
     twoNb = 8.91802e+06
     twoNe = 365163
     twoNc = 195638
     twoNw = 945858
    twoNec = 118672
    twoNnw = 177908
  twoNecnw = 12708.7
  twoNbecnw = 89538
        m5 = 0.184878
        m6 = 0.000104854
        m7 = 0.00348509
        m8 = 0.354572
        Th = 38.0674
        Te = 11.3317
        Tf = 5.66584
        Tg = 2.83292
#       SitePat  BranchLen
              b 148990.8055306
              e 57942.4986358
              c 60826.4967818
              n 54910.4492653
              w 54909.3048923
            b:e 2760.4754982
            b:c 3048.4194315
            b:n 2314.3938891
            b:w 2314.3252831
            e:c 12445.9800609
            e:n 6682.0240856
            e:w 6682.7481891
            c:n 5776.5165232
            c:w 5776.7228043
            n:w 14780.5301658
          b:e:c 2591.7870128
          b:e:n 1358.8688433
          b:e:w 1358.8949929
          b:c:n 1358.7875036
          b:c:w 1358.7613528
          b:n:w 2591.6219638
          e:c:n 5398.3898112
          e:c:w 5398.6037996
          e:n:w 8074.7999300
          c:n:w 7006.0566669
        b:e:c:n 2314.4327723
        b:e:c:w 2314.5013796
        b:e:n:w 3048.5844805
        b:c:n:w 2757.1335911
        e:c:n:w 62109.2040336
