########################################
# legofit: estimate population history #
#       version 2.3.4-4-g53f8760       #
########################################

# Program was compiled: Sep 21 2021 14:36:42
# Program was run: Thu Oct 14 11:09:57 2021

# cmd: legofit -1 -d 0 -t 32 --ptsPerDim 3 --stateOut b1boot34.state --tol 3e-6 -S 5000 efgh2.lgo ../../boot/boot34.opf
# Stage nOptItr nSimReps
#     0    5000        0
# algorithm          : deterministic
# ignoring probs <=  : 0
# Branch length floor: 0
# DE strategy        : 2
#    F               : 0.3
#    CR              : 0.8
#    tolerance       : 3e-06
# nthreads           : 32
# lgo input file     : efgh2.lgo
# site pat input file: ../../boot/boot34.opf
# free parameters    : 15
# points in DE swarm : 45
# output state file  : b1boot34.state
# Including singleton site patterns.
# cost function      : KL
Initial parameter values
Fixed:
      zero = 0
       one = 1
    Tbecnw = 75200
Free:
       pc1 = 0
       pc2 = 0
       pc3 = 0
       pc4 = 0
       pc5 = 0
       pc6 = 0
       pc7 = 0
       pc8 = 0
       pc9 = 0
      pc10 = 0
      pc11 = 0
      pc12 = 0
      pc13 = 0
      pc14 = 0
      pc15 = 0
Constrained:
     Tecnw = 61583.6
       Tnw = 2385.39
       Tec = 2274.56
     twoNb = 5.69595e+06
     twoNe = 220190
     twoNc = 268525
     twoNw = 929715
    twoNec = 111019
    twoNnw = 163929
  twoNecnw = 13013
  twoNbecnw = 88950.7
        m5 = 0.175459
        m6 = 0.00025133
        m7 = 0.000574137
        m8 = 0.362548
        Th = 2329.97
        Te = 1137.28
        Tf = 568.639
        Tg = 284.319
DiffEv reached_goal. cost=2.32261e-03 spread=2.66119e-06
Fitted parameter values
Free:
       pc1 = 2.99445
       pc2 = 0.642964
       pc3 = 2.4382
       pc4 = 1.92548
       pc5 = -0.322995
       pc6 = -0.863483
       pc7 = -1.50387
       pc8 = 1.90912
       pc9 = 0.505552
      pc10 = -0.137991
      pc11 = -0.199514
      pc12 = -0.062322
      pc13 = -0.0343428
      pc14 = -0.028442
      pc15 = -0.00833131
Constrained:
     Tecnw = 61490.3
       Tnw = 46.0547
       Tec = 8.74858
     twoNb = 1.0134e+07
     twoNe = 370297
     twoNc = 57639.2
     twoNw = 1.42213e+06
    twoNec = 121484
    twoNnw = 176144
  twoNecnw = 12927.9
  twoNbecnw = 88877.7
        m5 = 0.18263
        m6 = 7.45908e-05
        m7 = 0.00263865
        m8 = 0.349852
        Th = 27.4017
        Te = 4.37429
        Tf = 2.18715
        Tg = 1.09357
#       SitePat  BranchLen
              b 148540.0783060
              e 57771.9984971
              c 60692.3856867
              n 54656.7281347
              w 54655.8950036
            b:e 2716.5281381
            b:c 3018.4665310
            b:n 2279.8020500
            b:w 2279.7525789
            e:c 12362.1355680
            e:n 6629.1693130
            e:w 6629.6704460
            c:n 5721.1755057
            c:w 5721.3519695
            n:w 14787.3349528
          b:e:c 2564.5971199
          b:e:n 1339.2153109
          b:e:w 1339.2315545
          b:c:n 1339.1609572
          b:c:w 1339.1447130
          b:n:w 2564.4882084
          e:c:n 5349.3897097
          e:c:w 5349.5452440
          e:n:w 8052.1860678
          c:n:w 6950.5793194
        b:e:c:n 2279.8231762
        b:e:c:w 2279.8726479
        b:e:n:w 3018.5754425
        b:c:n:w 2714.3100873
        e:c:n:w 61931.1085861
