########################################
# legofit: estimate population history #
#       version 2.3.4-4-g53f8760       #
########################################

# Program was compiled: Sep 21 2021 14:36:42
# Program was run: Thu Oct 14 11:10:15 2021

# cmd: legofit -1 -d 0 -t 32 --ptsPerDim 3 --stateOut b1boot43.state --tol 3e-6 -S 5000 efgh2.lgo ../../boot/boot43.opf
# Stage nOptItr nSimReps
#     0    5000        0
# algorithm          : deterministic
# ignoring probs <=  : 0
# Branch length floor: 0
# DE strategy        : 2
#    F               : 0.3
#    CR              : 0.8
#    tolerance       : 3e-06
# nthreads           : 32
# lgo input file     : efgh2.lgo
# site pat input file: ../../boot/boot43.opf
# free parameters    : 15
# points in DE swarm : 45
# output state file  : b1boot43.state
# Including singleton site patterns.
# cost function      : KL
Initial parameter values
Fixed:
      zero = 0
       one = 1
    Tbecnw = 75200
Free:
       pc1 = 0
       pc2 = 0
       pc3 = 0
       pc4 = 0
       pc5 = 0
       pc6 = 0
       pc7 = 0
       pc8 = 0
       pc9 = 0
      pc10 = 0
      pc11 = 0
      pc12 = 0
      pc13 = 0
      pc14 = 0
      pc15 = 0
Constrained:
     Tecnw = 61583.6
       Tnw = 2385.39
       Tec = 2274.56
     twoNb = 5.69595e+06
     twoNe = 220190
     twoNc = 268525
     twoNw = 929715
    twoNec = 111019
    twoNnw = 163929
  twoNecnw = 13013
  twoNbecnw = 88950.7
        m5 = 0.175459
        m6 = 0.00025133
        m7 = 0.000574137
        m8 = 0.362548
        Th = 2329.97
        Te = 1137.28
        Tf = 568.639
        Tg = 284.319
DiffEv reached_goal. cost=2.35028e-03 spread=2.96017e-06
Fitted parameter values
Free:
       pc1 = 2.83843
       pc2 = 0.0532782
       pc3 = 1.06489
       pc4 = 1.38629
       pc5 = -0.416724
       pc6 = 0.316587
       pc7 = -1.11097
       pc8 = 1.64965
       pc9 = -0.678167
      pc10 = -0.0913503
      pc11 = -0.0799604
      pc12 = -0.0623135
      pc13 = -0.106432
      pc14 = 0.0111398
      pc15 = -0.046106
Constrained:
     Tecnw = 61275.9
       Tnw = 235.445
       Tec = 134.644
     twoNb = 6.35918e+06
     twoNe = 318059
     twoNc = 147144
     twoNw = 1.42365e+06
    twoNec = 123359
    twoNnw = 176423
  twoNecnw = 13220.5
  twoNbecnw = 88855.2
        m5 = 0.182403
        m6 = 2.53469e-06
        m7 = 0.00136174
        m8 = 0.347573
        Th = 185.044
        Te = 67.322
        Tf = 33.661
        Tg = 16.8305
#       SitePat  BranchLen
              b 148405.0031475
              e 57826.6818138
              c 60814.4724996
              n 54784.3181635
              w 54781.6434182
            b:e 2714.4497382
            b:c 3044.4348909
            b:n 2302.0739754
            b:w 2301.9136717
            e:c 12354.3945401
            e:n 6640.7018116
            e:w 6642.4864710
            c:n 5726.9023485
            c:w 5727.2931768
            n:w 14771.8631767
          b:e:c 2581.7545956
          b:e:n 1352.7717375
          b:e:w 1352.8420970
          b:c:n 1352.7836034
          b:c:w 1352.7132425
          b:n:w 2581.6645496
          e:c:n 5393.9568897
          e:c:w 5394.4561472
          e:n:w 8093.7332119
          c:n:w 6936.9602241
        b:e:c:n 2301.9721654
        b:e:c:w 2302.1324705
        b:e:n:w 3044.5249369
        b:c:n:w 2712.6318321
        e:c:n:w 61706.8080278
