########################################
# legofit: estimate population history #
#       version 2.3.4-4-g53f8760       #
########################################

# Program was compiled: Sep 21 2021 14:36:42
# Program was run: Thu Oct 14 11:10:06 2021

# cmd: legofit -1 -d 0 -t 32 --ptsPerDim 3 --stateOut b1boot38.state --tol 3e-6 -S 5000 efgh2.lgo ../../boot/boot38.opf
# Stage nOptItr nSimReps
#     0    5000        0
# algorithm          : deterministic
# ignoring probs <=  : 0
# Branch length floor: 0
# DE strategy        : 2
#    F               : 0.3
#    CR              : 0.8
#    tolerance       : 3e-06
# nthreads           : 32
# lgo input file     : efgh2.lgo
# site pat input file: ../../boot/boot38.opf
# free parameters    : 15
# points in DE swarm : 45
# output state file  : b1boot38.state
# Including singleton site patterns.
# cost function      : KL
Initial parameter values
Fixed:
      zero = 0
       one = 1
    Tbecnw = 75200
Free:
       pc1 = 0
       pc2 = 0
       pc3 = 0
       pc4 = 0
       pc5 = 0
       pc6 = 0
       pc7 = 0
       pc8 = 0
       pc9 = 0
      pc10 = 0
      pc11 = 0
      pc12 = 0
      pc13 = 0
      pc14 = 0
      pc15 = 0
Constrained:
     Tecnw = 61583.6
       Tnw = 2385.39
       Tec = 2274.56
     twoNb = 5.69595e+06
     twoNe = 220190
     twoNc = 268525
     twoNw = 929715
    twoNec = 111019
    twoNnw = 163929
  twoNecnw = 13013
  twoNbecnw = 88950.7
        m5 = 0.175459
        m6 = 0.00025133
        m7 = 0.000574137
        m8 = 0.362548
        Th = 2329.97
        Te = 1137.28
        Tf = 568.639
        Tg = 284.319
DiffEv reached_goal. cost=2.31721e-03 spread=2.80651e-06
Fitted parameter values
Free:
       pc1 = 3.63891
       pc2 = 0.027045
       pc3 = 3.52542
       pc4 = 0.563903
       pc5 = -0.78278
       pc6 = -0.486481
       pc7 = -1.41876
       pc8 = 1.74731
       pc9 = 1.12576
      pc10 = 0.15385
      pc11 = -0.17393
      pc12 = -0.0624308
      pc13 = -0.120281
      pc14 = -0.0320775
      pc15 = 0.0728787
Constrained:
     Tecnw = 61188.6
       Tnw = 72.4599
       Tec = 4.28756
     twoNb = 7.03894e+06
     twoNe = 500100
     twoNc = 61943
     twoNw = 1.06395e+06
    twoNec = 122508
    twoNnw = 177199
  twoNecnw = 13150.9
  twoNbecnw = 88764.8
        m5 = 0.183182
        m6 = 0.000275429
        m7 = 0.00341592
        m8 = 0.346574
        Th = 38.3737
        Te = 2.14378
        Tf = 1.07189
        Tg = 0.535945
#       SitePat  BranchLen
              b 148470.4128132
              e 57763.3874780
              c 60624.9304271
              n 54669.0754567
              w 54667.1131753
            b:e 2719.5984464
            b:c 3000.7225184
            b:n 2274.9649972
            b:w 2274.8486580
            e:c 12322.8818605
            e:n 6594.2246612
            e:w 6595.3835693
            c:n 5695.4275077
            c:w 5695.8647762
            n:w 14721.3394628
          b:e:c 2552.7340408
          b:e:n 1335.7433561
          b:e:w 1335.7794047
          b:c:n 1335.6483417
          b:c:w 1335.6122901
          b:n:w 2552.5324546
          e:c:n 5352.0582000
          e:c:w 5352.4243049
          e:n:w 8011.4617880
          c:n:w 6952.8241508
        b:e:c:n 2274.9797210
        b:e:c:w 2275.0960631
        b:e:n:w 3000.9241046
        b:c:n:w 2715.4727961
        e:c:n:w 61968.3930075
