########################################
# legofit: estimate population history #
#       version 2.3.4-4-g53f8760       #
########################################

# Program was compiled: Sep 21 2021 14:36:42
# Program was run: Thu Oct 14 11:09:56 2021

# cmd: legofit -1 -d 0 -t 32 --ptsPerDim 3 --stateOut b1boot30.state --tol 3e-6 -S 5000 efgh2.lgo ../../boot/boot30.opf
# Stage nOptItr nSimReps
#     0    5000        0
# algorithm          : deterministic
# ignoring probs <=  : 0
# Branch length floor: 0
# DE strategy        : 2
#    F               : 0.3
#    CR              : 0.8
#    tolerance       : 3e-06
# nthreads           : 32
# lgo input file     : efgh2.lgo
# site pat input file: ../../boot/boot30.opf
# free parameters    : 15
# points in DE swarm : 45
# output state file  : b1boot30.state
# Including singleton site patterns.
# cost function      : KL
Initial parameter values
Fixed:
      zero = 0
       one = 1
    Tbecnw = 75200
Free:
       pc1 = 0
       pc2 = 0
       pc3 = 0
       pc4 = 0
       pc5 = 0
       pc6 = 0
       pc7 = 0
       pc8 = 0
       pc9 = 0
      pc10 = 0
      pc11 = 0
      pc12 = 0
      pc13 = 0
      pc14 = 0
      pc15 = 0
Constrained:
     Tecnw = 61583.6
       Tnw = 2385.39
       Tec = 2274.56
     twoNb = 5.69595e+06
     twoNe = 220190
     twoNc = 268525
     twoNw = 929715
    twoNec = 111019
    twoNnw = 163929
  twoNecnw = 13013
  twoNbecnw = 88950.7
        m5 = 0.175459
        m6 = 0.00025133
        m7 = 0.000574137
        m8 = 0.362548
        Th = 2329.97
        Te = 1137.28
        Tf = 568.639
        Tg = 284.319
DiffEv reached_goal. cost=2.35825e-03 spread=2.92972e-06
Fitted parameter values
Free:
       pc1 = 2.45664
       pc2 = 2.10555
       pc3 = 2.31412
       pc4 = 0.906425
       pc5 = -0.439226
       pc6 = -1.07193
       pc7 = -1.17393
       pc8 = 1.85975
       pc9 = 0.944943
      pc10 = 0.410532
      pc11 = -0.120362
      pc12 = -0.0509567
      pc13 = -0.0292832
      pc14 = -0.00817414
      pc15 = 0.027908
Constrained:
     Tecnw = 62084.4
       Tnw = 315.496
       Tec = 179.709
     twoNb = 9.64246e+06
     twoNe = 483138
     twoNc = 130801
     twoNw = 1.2852e+06
    twoNec = 119625
    twoNnw = 175390
  twoNecnw = 12380.4
  twoNbecnw = 89790.8
        m5 = 0.179522
        m6 = 0.000112116
        m7 = 0.00274367
        m8 = 0.354553
        Th = 247.602
        Te = 89.8544
        Tf = 44.9272
        Tg = 22.4636
#       SitePat  BranchLen
              b 149313.1582558
              e 58032.7361436
              c 60897.2384010
              n 54911.4809490
              w 54907.4821805
            b:e 2746.1324403
            b:c 3043.2761854
            b:n 2298.8957703
            b:w 2298.6568135
            e:c 12440.9106044
            e:n 6639.5433264
            e:w 6642.1849453
            c:n 5749.6813140
            c:w 5750.2936662
            n:w 14828.7903438
          b:e:c 2592.3571490
          b:e:n 1349.0901484
          b:e:w 1349.1923004
          b:c:n 1349.1145724
          b:c:w 1349.0124175
          b:n:w 2592.2370655
          e:c:n 5357.8393868
          e:c:w 5358.5841842
          e:n:w 8067.2122366
          c:n:w 6987.1785017
        b:e:c:n 2298.7345415
        b:e:c:w 2298.9735013
        b:e:n:w 3043.3962690
        b:c:n:w 2743.6927517
        e:c:n:w 62449.0330049
