########################################
# legofit: estimate population history #
#       version 2.3.4-4-g53f8760       #
########################################

# Program was compiled: Sep 21 2021 14:36:42
# Program was run: Thu Oct 14 11:10:15 2021

# cmd: legofit -1 -d 0 -t 32 --ptsPerDim 3 --stateOut b1boot46.state --tol 3e-6 -S 5000 efgh2.lgo ../../boot/boot46.opf
# Stage nOptItr nSimReps
#     0    5000        0
# algorithm          : deterministic
# ignoring probs <=  : 0
# Branch length floor: 0
# DE strategy        : 2
#    F               : 0.3
#    CR              : 0.8
#    tolerance       : 3e-06
# nthreads           : 32
# lgo input file     : efgh2.lgo
# site pat input file: ../../boot/boot46.opf
# free parameters    : 15
# points in DE swarm : 45
# output state file  : b1boot46.state
# Including singleton site patterns.
# cost function      : KL
Initial parameter values
Fixed:
      zero = 0
       one = 1
    Tbecnw = 75200
Free:
       pc1 = 0
       pc2 = 0
       pc3 = 0
       pc4 = 0
       pc5 = 0
       pc6 = 0
       pc7 = 0
       pc8 = 0
       pc9 = 0
      pc10 = 0
      pc11 = 0
      pc12 = 0
      pc13 = 0
      pc14 = 0
      pc15 = 0
Constrained:
     Tecnw = 61583.6
       Tnw = 2385.39
       Tec = 2274.56
     twoNb = 5.69595e+06
     twoNe = 220190
     twoNc = 268525
     twoNw = 929715
    twoNec = 111019
    twoNnw = 163929
  twoNecnw = 13013
  twoNbecnw = 88950.7
        m5 = 0.175459
        m6 = 0.00025133
        m7 = 0.000574137
        m8 = 0.362548
        Th = 2329.97
        Te = 1137.28
        Tf = 568.639
        Tg = 284.319
DiffEv reached_goal. cost=2.26876e-03 spread=2.38644e-06
Fitted parameter values
Free:
       pc1 = 2.73024
       pc2 = 1.22779
       pc3 = 2.27342
       pc4 = 1.71042
       pc5 = 0.400116
       pc6 = -1.03868
       pc7 = -0.826075
       pc8 = 0.613285
       pc9 = 0.459135
      pc10 = 0.343076
      pc11 = 0.150813
      pc12 = -0.00999948
      pc13 = -0.0317031
      pc14 = -0.0241201
      pc15 = -0.0337722
Constrained:
     Tecnw = 61670.4
       Tnw = 255.215
       Tec = 240.491
     twoNb = 1.08145e+07
     twoNe = 232183
     twoNc = 67918.4
     twoNw = 1.13452e+06
    twoNec = 120473
    twoNnw = 176023
  twoNecnw = 12825.6
  twoNbecnw = 89643.7
        m5 = 0.181176
        m6 = 0.000466605
        m7 = 0.00233454
        m8 = 0.353452
        Th = 247.853
        Te = 120.246
        Tf = 60.1228
        Tg = 30.0614
#       SitePat  BranchLen
              b 149102.7850971
              e 57958.1116256
              c 60855.5331179
              n 54839.3019198
              w 54837.7254203
            b:e 2749.2080701
            b:c 3057.0264836
            b:n 2311.2856576
            b:w 2311.1911521
            e:c 12389.0935786
            e:n 6668.7667727
            e:w 6670.1714211
            c:n 5773.4192213
            c:w 5773.3012921
            n:w 14801.1872058
          b:e:c 2593.9763386
          b:e:n 1359.0805078
          b:e:w 1359.1575966
          b:c:n 1359.0982443
          b:c:w 1359.0211552
          b:n:w 2593.8849576
          e:c:n 5398.0230518
          e:c:w 5398.3128321
          e:n:w 8106.9849223
          c:n:w 7003.8391995
        b:e:c:n 2311.2505045
        b:e:c:w 2311.3450102
        b:e:n:w 3057.1178646
        b:c:n:w 2747.3600672
        e:c:n:w 62252.1886104
