########################################
# legofit: estimate population history #
#       version 2.3.4-4-g53f8760       #
########################################

# Program was compiled: Sep 21 2021 14:36:42
# Program was run: Thu Oct 14 11:10:09 2021

# cmd: legofit -1 -d 0 -t 32 --ptsPerDim 3 --stateOut b1boot37.state --tol 3e-6 -S 5000 efgh2.lgo ../../boot/boot37.opf
# Stage nOptItr nSimReps
#     0    5000        0
# algorithm          : deterministic
# ignoring probs <=  : 0
# Branch length floor: 0
# DE strategy        : 2
#    F               : 0.3
#    CR              : 0.8
#    tolerance       : 3e-06
# nthreads           : 32
# lgo input file     : efgh2.lgo
# site pat input file: ../../boot/boot37.opf
# free parameters    : 15
# points in DE swarm : 45
# output state file  : b1boot37.state
# Including singleton site patterns.
# cost function      : KL
Initial parameter values
Fixed:
      zero = 0
       one = 1
    Tbecnw = 75200
Free:
       pc1 = 0
       pc2 = 0
       pc3 = 0
       pc4 = 0
       pc5 = 0
       pc6 = 0
       pc7 = 0
       pc8 = 0
       pc9 = 0
      pc10 = 0
      pc11 = 0
      pc12 = 0
      pc13 = 0
      pc14 = 0
      pc15 = 0
Constrained:
     Tecnw = 61583.6
       Tnw = 2385.39
       Tec = 2274.56
     twoNb = 5.69595e+06
     twoNe = 220190
     twoNc = 268525
     twoNw = 929715
    twoNec = 111019
    twoNnw = 163929
  twoNecnw = 13013
  twoNbecnw = 88950.7
        m5 = 0.175459
        m6 = 0.00025133
        m7 = 0.000574137
        m8 = 0.362548
        Th = 2329.97
        Te = 1137.28
        Tf = 568.639
        Tg = 284.319
DiffEv reached_goal. cost=2.36113e-03 spread=2.97003e-06
Fitted parameter values
Free:
       pc1 = 2.67455
       pc2 = 2.73739
       pc3 = 3.8329
       pc4 = 1.62948
       pc5 = -0.702254
       pc6 = -0.55594
       pc7 = -1.26931
       pc8 = 1.73453
       pc9 = 0.697972
      pc10 = 0.428404
      pc11 = -0.0614015
      pc12 = -0.150547
      pc13 = 0.0576381
      pc14 = -0.00254297
      pc15 = 0.0733432
Constrained:
     Tecnw = 62370.3
       Tnw = 153.456
       Tec = 46.6057
     twoNb = 9.53796e+06
     twoNe = 423169
     twoNc = 112236
     twoNw = 1.29951e+06
    twoNec = 117307
    twoNnw = 176778
  twoNecnw = 12061
  twoNbecnw = 90159.1
        m5 = 0.184627
        m6 = 6.38885e-05
        m7 = 0.00338125
        m8 = 0.355682
        Th = 100.031
        Te = 23.3029
        Tf = 11.6514
        Tg = 5.82571
#       SitePat  BranchLen
              b 149686.5421626
              e 58004.0092142
              c 60913.5825194
              n 54989.6131995
              w 54986.8614173
            b:e 2746.3593149
            b:c 3038.4096126
            b:n 2300.3035357
            b:w 2300.1396074
            e:c 12503.3958838
            e:n 6658.8446551
            e:w 6660.5341107
            c:n 5746.2955412
            c:w 5746.8454626
            n:w 14819.5068874
          b:e:c 2592.1422247
          b:e:n 1347.5624128
          b:e:w 1347.6196164
          b:c:n 1347.5227615
          b:c:w 1347.4655550
          b:n:w 2591.9927228
          e:c:n 5351.9345352
          e:c:w 5352.4469405
          e:n:w 8048.3060642
          c:n:w 6968.3640025
        b:e:c:n 2300.2364624
        b:e:c:w 2300.4003935
        b:e:n:w 3038.5591145
        b:c:n:w 2743.3090482
        e:c:n:w 62776.2136020
