########################################
# legofit: estimate population history #
#       version 2.3.4-4-g53f8760       #
########################################

# Program was compiled: Sep 21 2021 14:36:42
# Program was run: Thu Oct 14 11:09:35 2021

# cmd: legofit -1 -d 0 -t 32 --ptsPerDim 3 --stateOut b1boot15.state --tol 3e-6 -S 5000 efgh2.lgo ../../boot/boot15.opf
# Stage nOptItr nSimReps
#     0    5000        0
# algorithm          : deterministic
# ignoring probs <=  : 0
# Branch length floor: 0
# DE strategy        : 2
#    F               : 0.3
#    CR              : 0.8
#    tolerance       : 3e-06
# nthreads           : 32
# lgo input file     : efgh2.lgo
# site pat input file: ../../boot/boot15.opf
# free parameters    : 15
# points in DE swarm : 45
# output state file  : b1boot15.state
# Including singleton site patterns.
# cost function      : KL
Initial parameter values
Fixed:
      zero = 0
       one = 1
    Tbecnw = 75200
Free:
       pc1 = 0
       pc2 = 0
       pc3 = 0
       pc4 = 0
       pc5 = 0
       pc6 = 0
       pc7 = 0
       pc8 = 0
       pc9 = 0
      pc10 = 0
      pc11 = 0
      pc12 = 0
      pc13 = 0
      pc14 = 0
      pc15 = 0
Constrained:
     Tecnw = 61583.6
       Tnw = 2385.39
       Tec = 2274.56
     twoNb = 5.69595e+06
     twoNe = 220190
     twoNc = 268525
     twoNw = 929715
    twoNec = 111019
    twoNnw = 163929
  twoNecnw = 13013
  twoNbecnw = 88950.7
        m5 = 0.175459
        m6 = 0.00025133
        m7 = 0.000574137
        m8 = 0.362548
        Th = 2329.97
        Te = 1137.28
        Tf = 568.639
        Tg = 284.319
DiffEv reached_goal. cost=2.32432e-03 spread=2.80530e-06
Fitted parameter values
Free:
       pc1 = 3.36027
       pc2 = 1.2997
       pc3 = 3.82018
       pc4 = 1.58593
       pc5 = -0.48408
       pc6 = -1.25583
       pc7 = -1.90612
       pc8 = 1.55859
       pc9 = 1.35649
      pc10 = 0.328952
      pc11 = -0.303785
      pc12 = -0.118953
      pc13 = -0.112452
      pc14 = 0.0130548
      pc15 = 0.0436127
Constrained:
     Tecnw = 61701.6
       Tnw = 130.565
       Tec = 99.1805
     twoNb = 1.13531e+07
     twoNe = 463242
     twoNc = 88918.6
     twoNw = 1.20665e+06
    twoNec = 121025
    twoNnw = 176854
  twoNecnw = 12716.5
  twoNbecnw = 89304.1
        m5 = 0.183819
        m6 = 0.000308029
        m7 = 0.00370182
        m8 = 0.348352
        Th = 114.873
        Te = 49.5902
        Tf = 24.7951
        Tg = 12.3976
#       SitePat  BranchLen
              b 148880.8324482
              e 57972.1885724
              c 60847.6664577
              n 54854.3134174
              w 54853.0577013
            b:e 2745.4087177
            b:c 3027.9040274
            b:n 2291.1347489
            b:w 2291.0601215
            e:c 12399.8140388
            e:n 6618.0372060
            e:w 6618.9629981
            c:n 5712.6968499
            c:w 5712.7954256
            n:w 14800.5167726
          b:e:c 2579.6168137
          b:e:n 1344.0592669
          b:e:w 1344.1007712
          b:c:n 1344.0119462
          b:c:w 1343.9704411
          b:n:w 2579.4797942
          e:c:n 5354.0816504
          e:c:w 5354.3129987
          e:n:w 8041.7215248
          c:n:w 6980.8533267
        b:e:c:n 2291.1489465
        b:e:c:w 2291.2235747
        b:e:n:w 3028.0410469
        b:c:n:w 2742.6216294
        e:c:n:w 62141.8961676
