########################################
# legofit: estimate population history #
#       version 2.3.4-4-g53f8760       #
########################################

# Program was compiled: Sep 21 2021 14:36:42
# Program was run: Thu Oct 14 11:09:49 2021

# cmd: legofit -1 -d 0 -t 32 --ptsPerDim 3 --stateOut b1boot24.state --tol 3e-6 -S 5000 efgh2.lgo ../../boot/boot24.opf
# Stage nOptItr nSimReps
#     0    5000        0
# algorithm          : deterministic
# ignoring probs <=  : 0
# Branch length floor: 0
# DE strategy        : 2
#    F               : 0.3
#    CR              : 0.8
#    tolerance       : 3e-06
# nthreads           : 32
# lgo input file     : efgh2.lgo
# site pat input file: ../../boot/boot24.opf
# free parameters    : 15
# points in DE swarm : 45
# output state file  : b1boot24.state
# Including singleton site patterns.
# cost function      : KL
Initial parameter values
Fixed:
      zero = 0
       one = 1
    Tbecnw = 75200
Free:
       pc1 = 0
       pc2 = 0
       pc3 = 0
       pc4 = 0
       pc5 = 0
       pc6 = 0
       pc7 = 0
       pc8 = 0
       pc9 = 0
      pc10 = 0
      pc11 = 0
      pc12 = 0
      pc13 = 0
      pc14 = 0
      pc15 = 0
Constrained:
     Tecnw = 61583.6
       Tnw = 2385.39
       Tec = 2274.56
     twoNb = 5.69595e+06
     twoNe = 220190
     twoNc = 268525
     twoNw = 929715
    twoNec = 111019
    twoNnw = 163929
  twoNecnw = 13013
  twoNbecnw = 88950.7
        m5 = 0.175459
        m6 = 0.00025133
        m7 = 0.000574137
        m8 = 0.362548
        Th = 2329.97
        Te = 1137.28
        Tf = 568.639
        Tg = 284.319
DiffEv reached_goal. cost=2.34379e-03 spread=2.87522e-06
Fitted parameter values
Free:
       pc1 = 2.9005
       pc2 = 1.16906
       pc3 = 2.60017
       pc4 = 1.06491
       pc5 = -1.48115
       pc6 = 0.510971
       pc7 = -1.1733
       pc8 = 0.770259
       pc9 = 1.22121
      pc10 = -0.0403605
      pc11 = 0.292257
      pc12 = -0.086714
      pc13 = -0.0452609
      pc14 = -0.0108641
      pc15 = 0.0211717
Constrained:
     Tecnw = 61682.7
       Tnw = 119.386
       Tec = 91.4405
     twoNb = 5.97969e+06
     twoNe = 334233
     twoNc = 415092
     twoNw = 1.16154e+06
    twoNec = 118507
    twoNnw = 177748
  twoNecnw = 12787.5
  twoNbecnw = 89205.6
        m5 = 0.182744
        m6 = 0.000246118
        m7 = 0.00300816
        m8 = 0.355656
        Th = 105.413
        Te = 45.7202
        Tf = 22.8601
        Tg = 11.4301
#       SitePat  BranchLen
              b 148757.8819878
              e 57861.6527899
              c 60720.6880509
              n 54853.5898880
              w 54852.4059723
            b:e 2738.0334291
            b:c 3027.5504638
            b:n 2302.0401855
            b:w 2301.9695281
            e:c 12404.0490121
            e:n 6662.0277869
            e:w 6662.8998690
            c:n 5768.6800302
            c:w 5768.7723044
            n:w 14723.4093260
          b:e:c 2574.6125766
          b:e:n 1351.7526782
          b:e:w 1351.7919294
          b:c:n 1351.6545928
          b:c:w 1351.6153405
          b:n:w 2574.4020040
          e:c:n 5385.0341016
          e:c:w 5385.2536609
          e:n:w 8039.7360276
          c:n:w 6972.9451695
        b:e:c:n 2302.1068647
        b:e:c:w 2302.1775232
        b:e:n:w 3027.7610364
        b:c:n:w 2733.7495942
        e:c:n:w 62000.2104489
