########################################
# legofit: estimate population history #
#       version 2.3.4-4-g53f8760       #
########################################

# Program was compiled: Sep 21 2021 14:36:42
# Program was run: Thu Oct 14 11:09:42 2021

# cmd: legofit -1 -d 0 -t 32 --ptsPerDim 3 --stateOut b1boot19.state --tol 3e-6 -S 5000 efgh2.lgo ../../boot/boot19.opf
# Stage nOptItr nSimReps
#     0    5000        0
# algorithm          : deterministic
# ignoring probs <=  : 0
# Branch length floor: 0
# DE strategy        : 2
#    F               : 0.3
#    CR              : 0.8
#    tolerance       : 3e-06
# nthreads           : 32
# lgo input file     : efgh2.lgo
# site pat input file: ../../boot/boot19.opf
# free parameters    : 15
# points in DE swarm : 45
# output state file  : b1boot19.state
# Including singleton site patterns.
# cost function      : KL
Initial parameter values
Fixed:
      zero = 0
       one = 1
    Tbecnw = 75200
Free:
       pc1 = 0
       pc2 = 0
       pc3 = 0
       pc4 = 0
       pc5 = 0
       pc6 = 0
       pc7 = 0
       pc8 = 0
       pc9 = 0
      pc10 = 0
      pc11 = 0
      pc12 = 0
      pc13 = 0
      pc14 = 0
      pc15 = 0
Constrained:
     Tecnw = 61583.6
       Tnw = 2385.39
       Tec = 2274.56
     twoNb = 5.69595e+06
     twoNe = 220190
     twoNc = 268525
     twoNw = 929715
    twoNec = 111019
    twoNnw = 163929
  twoNecnw = 13013
  twoNbecnw = 88950.7
        m5 = 0.175459
        m6 = 0.00025133
        m7 = 0.000574137
        m8 = 0.362548
        Th = 2329.97
        Te = 1137.28
        Tf = 568.639
        Tg = 284.319
DiffEv reached_goal. cost=2.33418e-03 spread=2.76310e-06
Fitted parameter values
Free:
       pc1 = 2.89647
       pc2 = 1.77758
       pc3 = 3.60354
       pc4 = 1.7832
       pc5 = -0.615112
       pc6 = -0.19668
       pc7 = -1.19478
       pc8 = 1.89443
       pc9 = 1.58146
      pc10 = 0.354153
      pc11 = -0.0833
      pc12 = -0.165188
      pc13 = 0.0509233
      pc14 = 0.0162855
      pc15 = 0.0419147
Constrained:
     Tecnw = 61972
       Tnw = 250.409
       Tec = 150.408
     twoNb = 8.413e+06
     twoNe = 378109
     twoNc = 125249
     twoNw = 1.41775e+06
    twoNec = 117742
    twoNnw = 175722
  twoNecnw = 12468.5
  twoNbecnw = 89595.2
        m5 = 0.183169
        m6 = 0.000290036
        m7 = 0.00370796
        m8 = 0.353617
        Th = 200.409
        Te = 75.204
        Tf = 37.602
        Tg = 18.801
#       SitePat  BranchLen
              b 149154.7476033
              e 57920.9455639
              c 60782.3469135
              n 54857.2101376
              w 54854.4502429
            b:e 2748.5022241
            b:c 3029.6577306
            b:n 2293.9117775
            b:w 2293.7473112
            e:c 12479.9656307
            e:n 6636.8253772
            e:w 6638.6799646
            c:n 5737.5470530
            c:w 5737.9393581
            n:w 14814.8557726
          b:e:c 2586.6805708
          b:e:n 1343.9636263
          b:e:w 1344.0370676
          b:c:n 1343.9170647
          b:c:w 1343.8436204
          b:n:w 2586.4952995
          e:c:n 5355.0609468
          e:c:w 5355.5739489
          e:n:w 8046.9345638
          c:n:w 6989.7495866
        b:e:c:n 2293.8673141
        b:e:c:w 2294.0317834
        b:e:n:w 3029.8430018
        b:c:n:w 2744.7300625
        e:c:n:w 62357.0644739
