########################################
# legofit: estimate population history #
#       version 2.3.4-4-g53f8760       #
########################################

# Program was compiled: Sep 21 2021 14:36:42
# Program was run: Thu Oct 14 11:09:49 2021

# cmd: legofit -1 -d 0 -t 32 --ptsPerDim 3 --stateOut b1boot27.state --tol 3e-6 -S 5000 efgh2.lgo ../../boot/boot27.opf
# Stage nOptItr nSimReps
#     0    5000        0
# algorithm          : deterministic
# ignoring probs <=  : 0
# Branch length floor: 0
# DE strategy        : 2
#    F               : 0.3
#    CR              : 0.8
#    tolerance       : 3e-06
# nthreads           : 32
# lgo input file     : efgh2.lgo
# site pat input file: ../../boot/boot27.opf
# free parameters    : 15
# points in DE swarm : 45
# output state file  : b1boot27.state
# Including singleton site patterns.
# cost function      : KL
Initial parameter values
Fixed:
      zero = 0
       one = 1
    Tbecnw = 75200
Free:
       pc1 = 0
       pc2 = 0
       pc3 = 0
       pc4 = 0
       pc5 = 0
       pc6 = 0
       pc7 = 0
       pc8 = 0
       pc9 = 0
      pc10 = 0
      pc11 = 0
      pc12 = 0
      pc13 = 0
      pc14 = 0
      pc15 = 0
Constrained:
     Tecnw = 61583.6
       Tnw = 2385.39
       Tec = 2274.56
     twoNb = 5.69595e+06
     twoNe = 220190
     twoNc = 268525
     twoNw = 929715
    twoNec = 111019
    twoNnw = 163929
  twoNecnw = 13013
  twoNbecnw = 88950.7
        m5 = 0.175459
        m6 = 0.00025133
        m7 = 0.000574137
        m8 = 0.362548
        Th = 2329.97
        Te = 1137.28
        Tf = 568.639
        Tg = 284.319
DiffEv reached_goal. cost=2.31443e-03 spread=2.92250e-06
Fitted parameter values
Free:
       pc1 = 3.14952
       pc2 = 0.76329
       pc3 = 2.34142
       pc4 = 1.91357
       pc5 = -0.483099
       pc6 = -0.664382
       pc7 = -1.25258
       pc8 = 1.14144
       pc9 = 0.589731
      pc10 = 0.34893
      pc11 = 0.0480576
      pc12 = -0.0449977
      pc13 = -0.0513883
      pc14 = -0.0162187
      pc15 = 0.0277426
Constrained:
     Tecnw = 61378
       Tnw = 131.273
       Tec = 2.92659
     twoNb = 9.72403e+06
     twoNe = 286686
     twoNc = 164023
     twoNw = 1.28527e+06
    twoNec = 121978
    twoNnw = 177110
  twoNecnw = 13038.8
  twoNbecnw = 89306.9
        m5 = 0.182412
        m6 = 0.000178244
        m7 = 0.00266228
        m8 = 0.349156
        Th = 67.0997
        Te = 1.4633
        Tf = 0.731648
        Tg = 0.365824
#       SitePat  BranchLen
              b 148865.7863347
              e 57837.1644164
              c 60734.5452318
              n 54783.3594619
              w 54780.3069530
            b:e 2732.3183564
            b:c 3032.5033847
            b:n 2299.1561415
            b:w 2298.9735640
            e:c 12386.2940953
            e:n 6632.5926236
            e:w 6634.3812623
            c:n 5731.8274782
            c:w 5732.5187903
            n:w 14763.3318870
          b:e:c 2578.3489891
          b:e:n 1349.8545245
          b:e:w 1349.9097696
          b:c:n 1349.8349346
          b:c:w 1349.7796869
          b:n:w 2578.2339160
          e:c:n 5388.5085165
          e:c:w 5389.0810746
          e:n:w 8063.1552194
          c:n:w 6971.0057472
        b:e:c:n 2299.0483991
        b:e:c:w 2299.2309791
        b:e:n:w 3032.6184578
        b:c:n:w 2729.9793765
        e:c:n:w 62173.0701306
