########################################
# legofit: estimate population history #
#       version 2.3.4-4-g53f8760       #
########################################

# Program was compiled: Sep 21 2021 14:36:42
# Program was run: Thu Oct 14 11:09:35 2021

# cmd: legofit -1 -d 0 -t 32 --ptsPerDim 3 --stateOut b1boot17.state --tol 3e-6 -S 5000 efgh2.lgo ../../boot/boot17.opf
# Stage nOptItr nSimReps
#     0    5000        0
# algorithm          : deterministic
# ignoring probs <=  : 0
# Branch length floor: 0
# DE strategy        : 2
#    F               : 0.3
#    CR              : 0.8
#    tolerance       : 3e-06
# nthreads           : 32
# lgo input file     : efgh2.lgo
# site pat input file: ../../boot/boot17.opf
# free parameters    : 15
# points in DE swarm : 45
# output state file  : b1boot17.state
# Including singleton site patterns.
# cost function      : KL
Initial parameter values
Fixed:
      zero = 0
       one = 1
    Tbecnw = 75200
Free:
       pc1 = 0
       pc2 = 0
       pc3 = 0
       pc4 = 0
       pc5 = 0
       pc6 = 0
       pc7 = 0
       pc8 = 0
       pc9 = 0
      pc10 = 0
      pc11 = 0
      pc12 = 0
      pc13 = 0
      pc14 = 0
      pc15 = 0
Constrained:
     Tecnw = 61583.6
       Tnw = 2385.39
       Tec = 2274.56
     twoNb = 5.69595e+06
     twoNe = 220190
     twoNc = 268525
     twoNw = 929715
    twoNec = 111019
    twoNnw = 163929
  twoNecnw = 13013
  twoNbecnw = 88950.7
        m5 = 0.175459
        m6 = 0.00025133
        m7 = 0.000574137
        m8 = 0.362548
        Th = 2329.97
        Te = 1137.28
        Tf = 568.639
        Tg = 284.319
DiffEv reached_goal. cost=2.35286e-03 spread=2.37307e-06
Fitted parameter values
Free:
       pc1 = 2.7731
       pc2 = 1.37966
       pc3 = 1.80513
       pc4 = 1.9316
       pc5 = -0.481306
       pc6 = -1.06836
       pc7 = -1.64779
       pc8 = 1.97064
       pc9 = 1.48318
      pc10 = 0.0668301
      pc11 = -0.0713962
      pc12 = -0.170835
      pc13 = -0.00887119
      pc14 = 0.0817569
      pc15 = -0.037141
Constrained:
     Tecnw = 61737.1
       Tnw = 70.8693
       Tec = 7.743
     twoNb = 1.10405e+07
     twoNe = 401162
     twoNc = 206395
     twoNw = 1.56058e+06
    twoNec = 119714
    twoNnw = 176646
  twoNecnw = 12793.8
  twoNbecnw = 89142
        m5 = 0.179342
        m6 = 0.000174104
        m7 = 0.00287357
        m8 = 0.352003
        Th = 39.3062
        Te = 3.8715
        Tf = 1.93575
        Tg = 0.967875
#       SitePat  BranchLen
              b 148638.1594978
              e 57925.4998450
              c 60776.9953170
              n 54852.1234281
              w 54850.8622951
            b:e 2747.6091064
            b:c 3041.0396257
            b:n 2307.0170040
            b:w 2306.9415331
            e:c 12496.3707707
            e:n 6642.6084048
            e:w 6643.3523761
            c:n 5753.9179437
            c:w 5754.1989524
            n:w 14852.5134362
          b:e:c 2598.0811742
          b:e:n 1351.5878634
          b:e:w 1351.6111941
          b:c:n 1351.5398309
          b:c:w 1351.5164993
          b:n:w 2597.9711784
          e:c:n 5382.7849345
          e:c:w 5383.0210874
          e:n:w 8063.3408585
          c:n:w 6992.1623041
        b:e:c:n 2307.0128963
        b:e:c:w 2307.0883682
        b:e:n:w 3041.1496215
        b:c:n:w 2745.3887966
        e:c:n:w 61802.5956890
