########################################
# legofit: estimate population history #
#       version 2.3.4-4-g53f8760       #
########################################

# Program was compiled: Sep 21 2021 14:36:42
# Program was run: Thu Oct 14 11:09:56 2021

# cmd: legofit -1 -d 0 -t 32 --ptsPerDim 3 --stateOut b1boot33.state --tol 3e-6 -S 5000 efgh2.lgo ../../boot/boot33.opf
# Stage nOptItr nSimReps
#     0    5000        0
# algorithm          : deterministic
# ignoring probs <=  : 0
# Branch length floor: 0
# DE strategy        : 2
#    F               : 0.3
#    CR              : 0.8
#    tolerance       : 3e-06
# nthreads           : 32
# lgo input file     : efgh2.lgo
# site pat input file: ../../boot/boot33.opf
# free parameters    : 15
# points in DE swarm : 45
# output state file  : b1boot33.state
# Including singleton site patterns.
# cost function      : KL
Initial parameter values
Fixed:
      zero = 0
       one = 1
    Tbecnw = 75200
Free:
       pc1 = 0
       pc2 = 0
       pc3 = 0
       pc4 = 0
       pc5 = 0
       pc6 = 0
       pc7 = 0
       pc8 = 0
       pc9 = 0
      pc10 = 0
      pc11 = 0
      pc12 = 0
      pc13 = 0
      pc14 = 0
      pc15 = 0
Constrained:
     Tecnw = 61583.6
       Tnw = 2385.39
       Tec = 2274.56
     twoNb = 5.69595e+06
     twoNe = 220190
     twoNc = 268525
     twoNw = 929715
    twoNec = 111019
    twoNnw = 163929
  twoNecnw = 13013
  twoNbecnw = 88950.7
        m5 = 0.175459
        m6 = 0.00025133
        m7 = 0.000574137
        m8 = 0.362548
        Th = 2329.97
        Te = 1137.28
        Tf = 568.639
        Tg = 284.319
DiffEv reached_goal. cost=2.30235e-03 spread=2.90849e-06
Fitted parameter values
Free:
       pc1 = 3.06841
       pc2 = 1.14213
       pc3 = 3.44415
       pc4 = 0.977849
       pc5 = -0.190795
       pc6 = -1.28694
       pc7 = -0.826028
       pc8 = 1.08112
       pc9 = 0.909454
      pc10 = 0.0461914
      pc11 = -0.178864
      pc12 = -0.0753668
      pc13 = -0.0411847
      pc14 = -0.028227
      pc15 = 0.0663343
Constrained:
     Tecnw = 61773.2
       Tnw = 66.0088
       Tec = 53.859
     twoNb = 9.80153e+06
     twoNe = 373492
     twoNc = 1609.78
     twoNw = 948887
    twoNec = 120124
    twoNnw = 176739
  twoNecnw = 12606.2
  twoNbecnw = 89288
        m5 = 0.181908
        m6 = 0.000306903
        m7 = 0.00315558
        m8 = 0.351855
        Th = 59.9339
        Te = 26.9295
        Tf = 13.4647
        Tg = 6.73237
#       SitePat  BranchLen
              b 148951.1282546
              e 57872.0501869
              c 60736.9228107
              n 54767.4628999
              w 54766.7550450
            b:e 2724.3980708
            b:c 3012.0115150
            b:n 2279.8120423
            b:w 2279.7701700
            e:c 12380.3651425
            e:n 6620.6758340
            e:w 6621.2194475
            c:n 5723.1413040
            c:w 5723.1754727
            n:w 14770.8053766
          b:e:c 2564.8391408
          b:e:n 1338.0272921
          b:e:w 1338.0527472
          b:c:n 1337.9655011
          b:c:w 1337.9400455
          b:n:w 2564.7046515
          e:c:n 5338.7669372
          e:c:w 5338.8970098
          e:n:w 8020.4163253
          c:n:w 6954.1832706
        b:e:c:n 2279.8574161
        b:e:c:w 2279.8992888
        b:e:n:w 3012.1460043
        b:c:n:w 2721.6459884
        e:c:n:w 62292.5872852
