########################################
# legofit: estimate population history #
#       version 2.3.4-4-g53f8760       #
########################################

# Program was compiled: Sep 21 2021 14:36:42
# Program was run: Thu Oct 14 11:09:35 2021

# cmd: legofit -1 -d 0 -t 32 --ptsPerDim 3 --stateOut b1boot13.state --tol 3e-6 -S 5000 efgh2.lgo ../../boot/boot13.opf
# Stage nOptItr nSimReps
#     0    5000        0
# algorithm          : deterministic
# ignoring probs <=  : 0
# Branch length floor: 0
# DE strategy        : 2
#    F               : 0.3
#    CR              : 0.8
#    tolerance       : 3e-06
# nthreads           : 32
# lgo input file     : efgh2.lgo
# site pat input file: ../../boot/boot13.opf
# free parameters    : 15
# points in DE swarm : 45
# output state file  : b1boot13.state
# Including singleton site patterns.
# cost function      : KL
Initial parameter values
Fixed:
      zero = 0
       one = 1
    Tbecnw = 75200
Free:
       pc1 = 0
       pc2 = 0
       pc3 = 0
       pc4 = 0
       pc5 = 0
       pc6 = 0
       pc7 = 0
       pc8 = 0
       pc9 = 0
      pc10 = 0
      pc11 = 0
      pc12 = 0
      pc13 = 0
      pc14 = 0
      pc15 = 0
Constrained:
     Tecnw = 61583.6
       Tnw = 2385.39
       Tec = 2274.56
     twoNb = 5.69595e+06
     twoNe = 220190
     twoNc = 268525
     twoNw = 929715
    twoNec = 111019
    twoNnw = 163929
  twoNecnw = 13013
  twoNbecnw = 88950.7
        m5 = 0.175459
        m6 = 0.00025133
        m7 = 0.000574137
        m8 = 0.362548
        Th = 2329.97
        Te = 1137.28
        Tf = 568.639
        Tg = 284.319
DiffEv reached_goal. cost=2.32179e-03 spread=2.80583e-06
Fitted parameter values
Free:
       pc1 = 2.81835
       pc2 = 1.9624
       pc3 = 3.34229
       pc4 = 1.96731
       pc5 = -0.732591
       pc6 = -0.663904
       pc7 = -1.2731
       pc8 = 1.6054
       pc9 = 1.46999
      pc10 = 0.25488
      pc11 = -0.136461
      pc12 = -0.0154162
      pc13 = -0.106927
      pc14 = -0.045049
      pc15 = 0.00830286
Constrained:
     Tecnw = 62051.8
       Tnw = 258.613
       Tec = 171.234
     twoNb = 9.9682e+06
     twoNe = 355334
     twoNc = 170736
     twoNw = 1.36952e+06
    twoNec = 119912
    twoNnw = 175975
  twoNecnw = 12412.2
  twoNbecnw = 89585
        m5 = 0.182693
        m6 = 0.000176428
        m7 = 0.00356894
        m8 = 0.354859
        Th = 214.924
        Te = 85.6172
        Tf = 42.8086
        Tg = 21.4043
#       SitePat  BranchLen
              b 149119.8775691
              e 58065.2216531
              c 60923.6421076
              n 54894.1862577
              w 54891.5245810
            b:e 2756.8668785
            b:c 3040.6161681
            b:n 2294.2773439
            b:w 2294.1186330
            e:c 12371.6228930
            e:n 6652.0547712
            e:w 6653.8948347
            c:n 5754.7056090
            c:w 5755.0331524
            n:w 14790.8403981
          b:e:c 2580.4363867
          b:e:n 1349.3895719
          b:e:w 1349.4656012
          b:c:n 1349.3678982
          b:c:w 1349.2918666
          b:n:w 2580.2856577
          e:c:n 5349.5907015
          e:c:w 5350.0847712
          e:n:w 8063.3014972
          c:n:w 7004.5033456
        b:e:c:n 2294.2163360
        b:e:c:w 2294.3750491
        b:e:n:w 3040.7668971
        b:c:n:w 2753.8015574
        e:c:n:w 62275.8655721
