########################################
# legofit: estimate population history #
#       version 2.3.4-4-g53f8760       #
########################################

# Program was compiled: Sep 21 2021 14:36:42
# Program was run: Thu Oct 14 11:09:27 2021

# cmd: legofit -1 -d 0 -t 32 --ptsPerDim 3 --stateOut b1boot11.state --tol 3e-6 -S 5000 efgh2.lgo ../../boot/boot11.opf
# Stage nOptItr nSimReps
#     0    5000        0
# algorithm          : deterministic
# ignoring probs <=  : 0
# Branch length floor: 0
# DE strategy        : 2
#    F               : 0.3
#    CR              : 0.8
#    tolerance       : 3e-06
# nthreads           : 32
# lgo input file     : efgh2.lgo
# site pat input file: ../../boot/boot11.opf
# free parameters    : 15
# points in DE swarm : 45
# output state file  : b1boot11.state
# Including singleton site patterns.
# cost function      : KL
Initial parameter values
Fixed:
      zero = 0
       one = 1
    Tbecnw = 75200
Free:
       pc1 = 0
       pc2 = 0
       pc3 = 0
       pc4 = 0
       pc5 = 0
       pc6 = 0
       pc7 = 0
       pc8 = 0
       pc9 = 0
      pc10 = 0
      pc11 = 0
      pc12 = 0
      pc13 = 0
      pc14 = 0
      pc15 = 0
Constrained:
     Tecnw = 61583.6
       Tnw = 2385.39
       Tec = 2274.56
     twoNb = 5.69595e+06
     twoNe = 220190
     twoNc = 268525
     twoNw = 929715
    twoNec = 111019
    twoNnw = 163929
  twoNecnw = 13013
  twoNbecnw = 88950.7
        m5 = 0.175459
        m6 = 0.00025133
        m7 = 0.000574137
        m8 = 0.362548
        Th = 2329.97
        Te = 1137.28
        Tf = 568.639
        Tg = 284.319
DiffEv reached_goal. cost=2.34290e-03 spread=2.39419e-06
Fitted parameter values
Free:
       pc1 = 2.88054
       pc2 = 2.46614
       pc3 = 3.47232
       pc4 = 1.75017
       pc5 = -0.201443
       pc6 = -0.233746
       pc7 = -1.86166
       pc8 = 1.54634
       pc9 = 0.47551
      pc10 = 0.238754
      pc11 = 0.0598823
      pc12 = -0.0745474
      pc13 = -0.0633635
      pc14 = 0.0440249
      pc15 = -0.0194356
Constrained:
     Tecnw = 62248.7
       Tnw = 115.644
       Tec = 0.0886509
     twoNb = 9.97753e+06
     twoNe = 431009
     twoNc = 144213
     twoNw = 1.3868e+06
    twoNec = 119268
    twoNnw = 177762
  twoNecnw = 12308.6
  twoNbecnw = 89960.3
        m5 = 0.185773
        m6 = 0.000381311
        m7 = 0.00298644
        m8 = 0.355265
        Th = 57.8661
        Te = 0.0443255
        Tf = 0.0221627
        Tg = 0.0110814
#       SitePat  BranchLen
              b 149329.1747387
              e 58120.4947890
              c 61064.5864381
              n 55083.9434535
              w 55081.3482885
            b:e 2768.1303956
            b:c 3072.5701145
            b:n 2325.2229441
            b:w 2325.0668930
            e:c 12473.0864709
            e:n 6701.3347304
            e:w 6702.8493559
            c:n 5782.9854219
            c:w 5783.5794068
            n:w 14827.8245519
          b:e:c 2608.7452692
          b:e:n 1365.6865553
          b:e:w 1365.7331578
          b:c:n 1365.6503953
          b:c:w 1365.6037904
          b:n:w 2608.6178714
          e:c:n 5394.8684215
          e:c:w 5395.3549760
          e:n:w 8103.5045561
          c:n:w 6999.8936348
        b:e:c:n 2325.1496555
        b:e:c:w 2325.3057090
        b:e:n:w 3072.6975122
        b:c:n:w 2765.5618504
        e:c:n:w 62265.9752982
