########################################
# legofit: estimate population history #
#       version 2.3.4-4-g53f8760       #
########################################

# Program was compiled: Sep 21 2021 14:36:42
# Program was run: Thu Oct 14 11:09:35 2021

# cmd: legofit -1 -d 0 -t 32 --ptsPerDim 3 --stateOut b1boot12.state --tol 3e-6 -S 5000 efgh2.lgo ../../boot/boot12.opf
# Stage nOptItr nSimReps
#     0    5000        0
# algorithm          : deterministic
# ignoring probs <=  : 0
# Branch length floor: 0
# DE strategy        : 2
#    F               : 0.3
#    CR              : 0.8
#    tolerance       : 3e-06
# nthreads           : 32
# lgo input file     : efgh2.lgo
# site pat input file: ../../boot/boot12.opf
# free parameters    : 15
# points in DE swarm : 45
# output state file  : b1boot12.state
# Including singleton site patterns.
# cost function      : KL
Initial parameter values
Fixed:
      zero = 0
       one = 1
    Tbecnw = 75200
Free:
       pc1 = 0
       pc2 = 0
       pc3 = 0
       pc4 = 0
       pc5 = 0
       pc6 = 0
       pc7 = 0
       pc8 = 0
       pc9 = 0
      pc10 = 0
      pc11 = 0
      pc12 = 0
      pc13 = 0
      pc14 = 0
      pc15 = 0
Constrained:
     Tecnw = 61583.6
       Tnw = 2385.39
       Tec = 2274.56
     twoNb = 5.69595e+06
     twoNe = 220190
     twoNc = 268525
     twoNw = 929715
    twoNec = 111019
    twoNnw = 163929
  twoNecnw = 13013
  twoNbecnw = 88950.7
        m5 = 0.175459
        m6 = 0.00025133
        m7 = 0.000574137
        m8 = 0.362548
        Th = 2329.97
        Te = 1137.28
        Tf = 568.639
        Tg = 284.319
DiffEv reached_goal. cost=2.31958e-03 spread=2.94727e-06
Fitted parameter values
Free:
       pc1 = 2.53388
       pc2 = 1.61903
       pc3 = 1.69038
       pc4 = 1.88566
       pc5 = -0.999552
       pc6 = 0.0255365
       pc7 = -1.45968
       pc8 = 0.793933
       pc9 = 1.00677
      pc10 = -0.365143
      pc11 = 0.165863
      pc12 = -0.053117
      pc13 = -0.0571518
      pc14 = 0.0321923
      pc15 = -0.0334442
Constrained:
     Tecnw = 61932.6
       Tnw = 118.454
       Tec = 32.755
     twoNb = 8.92854e+06
     twoNe = 274871
     twoNc = 430230
     twoNw = 1.39319e+06
    twoNec = 118841
    twoNnw = 177236
  twoNecnw = 12624.4
  twoNbecnw = 89145.9
        m5 = 0.181661
        m6 = 0.000237622
        m7 = 0.00246038
        m8 = 0.357275
        Th = 75.6045
        Te = 16.3775
        Tf = 8.18875
        Tg = 4.09437
#       SitePat  BranchLen
              b 148644.9105275
              e 57939.1828943
              c 60827.6702815
              n 54905.9029363
              w 54903.8679417
            b:e 2740.6037806
            b:c 3044.2852723
            b:n 2308.6798182
            b:w 2308.5579549
            e:c 12431.0439882
            e:n 6682.0993560
            e:w 6683.3347612
            c:n 5785.6925025
            c:w 5786.1106513
            n:w 14774.4262796
          b:e:c 2586.2054316
          b:e:n 1356.3154027
          b:e:w 1356.3566042
          b:c:n 1356.2809816
          b:c:w 1356.2397784
          b:n:w 2586.0892508
          e:c:n 5383.6003582
          e:c:w 5383.9817988
          e:n:w 8066.3781479
          c:n:w 6974.1380734
        b:e:c:n 2308.6335775
        b:e:c:w 2308.7554425
        b:e:n:w 3044.4014530
        b:c:n:w 2738.2548590
        e:c:n:w 61773.6771381
