########################################
# legofit: estimate population history #
#       version 2.3.4-4-g53f8760       #
########################################

# Program was compiled: Sep 21 2021 14:36:42
# Program was run: Thu Oct 14 11:10:08 2021

# cmd: legofit -1 -d 0 -t 32 --ptsPerDim 3 --stateOut b1boot41.state --tol 3e-6 -S 5000 efgh2.lgo ../../boot/boot41.opf
# Stage nOptItr nSimReps
#     0    5000        0
# algorithm          : deterministic
# ignoring probs <=  : 0
# Branch length floor: 0
# DE strategy        : 2
#    F               : 0.3
#    CR              : 0.8
#    tolerance       : 3e-06
# nthreads           : 32
# lgo input file     : efgh2.lgo
# site pat input file: ../../boot/boot41.opf
# free parameters    : 15
# points in DE swarm : 45
# output state file  : b1boot41.state
# Including singleton site patterns.
# cost function      : KL
Initial parameter values
Fixed:
      zero = 0
       one = 1
    Tbecnw = 75200
Free:
       pc1 = 0
       pc2 = 0
       pc3 = 0
       pc4 = 0
       pc5 = 0
       pc6 = 0
       pc7 = 0
       pc8 = 0
       pc9 = 0
      pc10 = 0
      pc11 = 0
      pc12 = 0
      pc13 = 0
      pc14 = 0
      pc15 = 0
Constrained:
     Tecnw = 61583.6
       Tnw = 2385.39
       Tec = 2274.56
     twoNb = 5.69595e+06
     twoNe = 220190
     twoNc = 268525
     twoNw = 929715
    twoNec = 111019
    twoNnw = 163929
  twoNecnw = 13013
  twoNbecnw = 88950.7
        m5 = 0.175459
        m6 = 0.00025133
        m7 = 0.000574137
        m8 = 0.362548
        Th = 2329.97
        Te = 1137.28
        Tf = 568.639
        Tg = 284.319
DiffEv reached_goal. cost=2.33879e-03 spread=2.56839e-06
Fitted parameter values
Free:
       pc1 = 3.45882
       pc2 = 0.502007
       pc3 = 3.5709
       pc4 = 1.35695
       pc5 = -0.222037
       pc6 = -0.680067
       pc7 = -0.874094
       pc8 = 0.328105
       pc9 = 1.50538
      pc10 = -0.21947
      pc11 = -0.0917108
      pc12 = -0.0743194
      pc13 = -0.135362
      pc14 = 0.0715794
      pc15 = 0.0187913
Constrained:
     Tecnw = 61571.3
       Tnw = 79.3209
       Tec = 18.8046
     twoNb = 9.11059e+06
     twoNe = 248208
     twoNc = 116144
     twoNw = 914769
    twoNec = 120629
    twoNnw = 177808
  twoNecnw = 12921.8
  twoNbecnw = 88834.2
        m5 = 0.18288
        m6 = 0.000655113
        m7 = 0.00344729
        m8 = 0.350874
        Th = 49.0627
        Te = 9.40229
        Tf = 4.70115
        Tg = 2.35057
#       SitePat  BranchLen
              b 148385.8415027
              e 57931.4449410
              c 60778.3897774
              n 54864.7242739
              w 54862.5822966
            b:e 2745.0979522
            b:c 3027.7688996
            b:n 2299.4026578
            b:w 2299.2748263
            e:c 12398.7486769
            e:n 6637.2398903
            e:w 6638.5364695
            c:n 5742.8099047
            c:w 5743.2552429
            n:w 14759.1267078
          b:e:c 2577.3153535
          b:e:n 1349.7082264
          b:e:w 1349.7510228
          b:c:n 1349.6476225
          b:c:w 1349.6048236
          b:n:w 2577.1565255
          e:c:n 5375.5977618
          e:c:w 5375.9978217
          e:n:w 8035.3006470
          c:n:w 6981.6511471
        b:e:c:n 2299.3782266
        b:e:c:w 2299.5060606
        b:e:n:w 3027.9277276
        b:c:n:w 2741.8794591
        e:c:n:w 61637.7101088
