########################################
# legofit: estimate population history #
#       version 2.3.4-4-g53f8760       #
########################################

# Program was compiled: Sep 21 2021 14:36:42
# Program was run: Thu Oct 14 11:10:03 2021

# cmd: legofit -1 -d 0 -t 32 --ptsPerDim 3 --stateOut b1boot36.state --tol 3e-6 -S 5000 efgh2.lgo ../../boot/boot36.opf
# Stage nOptItr nSimReps
#     0    5000        0
# algorithm          : deterministic
# ignoring probs <=  : 0
# Branch length floor: 0
# DE strategy        : 2
#    F               : 0.3
#    CR              : 0.8
#    tolerance       : 3e-06
# nthreads           : 32
# lgo input file     : efgh2.lgo
# site pat input file: ../../boot/boot36.opf
# free parameters    : 15
# points in DE swarm : 45
# output state file  : b1boot36.state
# Including singleton site patterns.
# cost function      : KL
Initial parameter values
Fixed:
      zero = 0
       one = 1
    Tbecnw = 75200
Free:
       pc1 = 0
       pc2 = 0
       pc3 = 0
       pc4 = 0
       pc5 = 0
       pc6 = 0
       pc7 = 0
       pc8 = 0
       pc9 = 0
      pc10 = 0
      pc11 = 0
      pc12 = 0
      pc13 = 0
      pc14 = 0
      pc15 = 0
Constrained:
     Tecnw = 61583.6
       Tnw = 2385.39
       Tec = 2274.56
     twoNb = 5.69595e+06
     twoNe = 220190
     twoNc = 268525
     twoNw = 929715
    twoNec = 111019
    twoNnw = 163929
  twoNecnw = 13013
  twoNbecnw = 88950.7
        m5 = 0.175459
        m6 = 0.00025133
        m7 = 0.000574137
        m8 = 0.362548
        Th = 2329.97
        Te = 1137.28
        Tf = 568.639
        Tg = 284.319
DiffEv reached_goal. cost=2.35216e-03 spread=1.90518e-06
Fitted parameter values
Free:
       pc1 = 2.8997
       pc2 = 2.30651
       pc3 = 3.67052
       pc4 = 1.20168
       pc5 = -0.464853
       pc6 = -0.64098
       pc7 = -1.78844
       pc8 = 1.90121
       pc9 = 1.13227
      pc10 = -0.00400333
      pc11 = -0.145121
      pc12 = -0.222154
      pc13 = -0.0865263
      pc14 = 0.0794544
      pc15 = 0.0516178
Constrained:
     Tecnw = 62279.7
       Tnw = 94.7062
       Tec = 41.3958
     twoNb = 9.74597e+06
     twoNe = 522161
     twoNc = 119353
     twoNw = 1.30964e+06
    twoNec = 118033
    twoNnw = 178152
  twoNecnw = 12218.1
  twoNbecnw = 89588.3
        m5 = 0.183871
        m6 = 0.00032339
        m7 = 0.00341344
        m8 = 0.354562
        Th = 68.051
        Te = 20.6979
        Tf = 10.349
        Tg = 5.17448
#       SitePat  BranchLen
              b 149093.0987298
              e 58078.6446033
              c 60958.8834460
              n 55080.4644517
              w 55079.0245055
            b:e 2749.1543580
            b:c 3037.3204097
            b:n 2306.8210568
            b:w 2306.7352425
            e:c 12489.3306624
            e:n 6654.0702419
            e:w 6654.9837637
            c:n 5748.5780649
            c:w 5748.8372544
            n:w 14796.0118998
          b:e:c 2592.6417860
          b:e:n 1351.2719554
          b:e:w 1351.3048385
          b:c:n 1351.2088699
          b:c:w 1351.1759854
          b:n:w 2592.4940841
          e:c:n 5360.4038934
          e:c:w 5360.6711283
          e:n:w 8027.1758976
          c:n:w 6961.9137255
        b:e:c:n 2306.8312111
        b:e:c:w 2306.9170268
        b:e:n:w 3037.4681117
        b:c:n:w 2746.1560143
        e:c:n:w 62159.7302021
