########################################
# legofit: estimate population history #
#       version 2.3.4-4-g53f8760       #
########################################

# Program was compiled: Sep 21 2021 14:36:42
# Program was run: Thu Oct 14 11:09:42 2021

# cmd: legofit -1 -d 0 -t 32 --ptsPerDim 3 --stateOut b1boot21.state --tol 3e-6 -S 5000 efgh2.lgo ../../boot/boot21.opf
# Stage nOptItr nSimReps
#     0    5000        0
# algorithm          : deterministic
# ignoring probs <=  : 0
# Branch length floor: 0
# DE strategy        : 2
#    F               : 0.3
#    CR              : 0.8
#    tolerance       : 3e-06
# nthreads           : 32
# lgo input file     : efgh2.lgo
# site pat input file: ../../boot/boot21.opf
# free parameters    : 15
# points in DE swarm : 45
# output state file  : b1boot21.state
# Including singleton site patterns.
# cost function      : KL
Initial parameter values
Fixed:
      zero = 0
       one = 1
    Tbecnw = 75200
Free:
       pc1 = 0
       pc2 = 0
       pc3 = 0
       pc4 = 0
       pc5 = 0
       pc6 = 0
       pc7 = 0
       pc8 = 0
       pc9 = 0
      pc10 = 0
      pc11 = 0
      pc12 = 0
      pc13 = 0
      pc14 = 0
      pc15 = 0
Constrained:
     Tecnw = 61583.6
       Tnw = 2385.39
       Tec = 2274.56
     twoNb = 5.69595e+06
     twoNe = 220190
     twoNc = 268525
     twoNw = 929715
    twoNec = 111019
    twoNnw = 163929
  twoNecnw = 13013
  twoNbecnw = 88950.7
        m5 = 0.175459
        m6 = 0.00025133
        m7 = 0.000574137
        m8 = 0.362548
        Th = 2329.97
        Te = 1137.28
        Tf = 568.639
        Tg = 284.319
DiffEv reached_goal. cost=2.32600e-03 spread=2.86265e-06
Fitted parameter values
Free:
       pc1 = 2.47074
       pc2 = 1.51384
       pc3 = 2.26933
       pc4 = 1.52249
       pc5 = -1.25294
       pc6 = -1.24662
       pc7 = -1.04842
       pc8 = 0.305502
       pc9 = 1.23129
      pc10 = 0.844412
      pc11 = 0.0232328
      pc12 = 0.0333192
      pc13 = 0.0369245
      pc14 = -0.016158
      pc15 = -0.00791237
Constrained:
     Tecnw = 61671.3
       Tnw = 537.794
       Tec = 425.887
     twoNb = 1.07553e+07
     twoNe = 281760
     twoNc = 364914
     twoNw = 1.02486e+06
    twoNec = 119034
    twoNnw = 173597
  twoNecnw = 12819.8
  twoNbecnw = 89817.4
        m5 = 0.179814
        m6 = 2.27691e-06
        m7 = 0.00297487
        m8 = 0.352498
        Th = 481.841
        Te = 212.944
        Tf = 106.472
        Tg = 53.2359
#       SitePat  BranchLen
              b 149259.0598486
              e 57952.1326332
              c 60815.6334316
              n 54809.7619869
              w 54804.1774050
            b:e 2763.3134869
            b:c 3059.3513878
            b:n 2309.3808992
            b:w 2309.0445399
            e:c 12466.0500882
            e:n 6642.0701964
            e:w 6646.2673730
            c:n 5754.8459678
            c:w 5755.1924538
            n:w 14859.4788028
          b:e:c 2607.6226821
          b:e:n 1354.7377103
          b:e:w 1354.9330365
          b:c:n 1354.8571450
          b:c:w 1354.6618158
          b:n:w 2607.5053026
          e:c:n 5392.8876610
          e:c:w 5393.9285802
          e:n:w 8119.4935677
          c:n:w 7036.9314561
        b:e:c:n 2309.1204314
        b:e:c:w 2309.4567937
        b:e:n:w 3059.4687672
        b:c:n:w 2760.9431134
        e:c:n:w 62401.9739524
