########################################
# legofit: estimate population history #
#       version 2.3.4-4-g53f8760       #
########################################

# Program was compiled: Sep 21 2021 14:36:42
# Program was run: Thu Oct 14 11:09:23 2021

# cmd: legofit -1 -d 0 -t 32 --ptsPerDim 3 --stateOut b1boot1.state --tol 3e-6 -S 5000 efgh2.lgo ../../boot/boot1.opf
# Stage nOptItr nSimReps
#     0    5000        0
# algorithm          : deterministic
# ignoring probs <=  : 0
# Branch length floor: 0
# DE strategy        : 2
#    F               : 0.3
#    CR              : 0.8
#    tolerance       : 3e-06
# nthreads           : 32
# lgo input file     : efgh2.lgo
# site pat input file: ../../boot/boot1.opf
# free parameters    : 15
# points in DE swarm : 45
# output state file  : b1boot1.state
# Including singleton site patterns.
# cost function      : KL
Initial parameter values
Fixed:
      zero = 0
       one = 1
    Tbecnw = 75200
Free:
       pc1 = 0
       pc2 = 0
       pc3 = 0
       pc4 = 0
       pc5 = 0
       pc6 = 0
       pc7 = 0
       pc8 = 0
       pc9 = 0
      pc10 = 0
      pc11 = 0
      pc12 = 0
      pc13 = 0
      pc14 = 0
      pc15 = 0
Constrained:
     Tecnw = 61583.6
       Tnw = 2385.39
       Tec = 2274.56
     twoNb = 5.69595e+06
     twoNe = 220190
     twoNc = 268525
     twoNw = 929715
    twoNec = 111019
    twoNnw = 163929
  twoNecnw = 13013
  twoNbecnw = 88950.7
        m5 = 0.175459
        m6 = 0.00025133
        m7 = 0.000574137
        m8 = 0.362548
        Th = 2329.97
        Te = 1137.28
        Tf = 568.639
        Tg = 284.319
DiffEv reached_goal. cost=2.32141e-03 spread=2.98040e-06
Fitted parameter values
Free:
       pc1 = 3.50505
       pc2 = 0.831525
       pc3 = 3.81763
       pc4 = 1.92979
       pc5 = -0.815201
       pc6 = -0.223627
       pc7 = -0.82578
       pc8 = 0.123148
       pc9 = 1.18465
      pc10 = 0.0956212
      pc11 = -0.136961
      pc12 = -0.0581999
      pc13 = -0.125012
      pc14 = 0.0269245
      pc15 = -0.000380094
Constrained:
     Tecnw = 61651.8
       Tnw = 85.4058
       Tec = 55.6386
     twoNb = 8.61446e+06
     twoNe = 170455
     twoNc = 212971
     twoNw = 968582
    twoNec = 121238
    twoNnw = 177567
  twoNecnw = 12836.5
  twoNbecnw = 89185.8
        m5 = 0.185057
        m6 = 0.000415797
        m7 = 0.00356471
        m8 = 0.349469
        Th = 70.5222
        Te = 27.8193
        Tf = 13.9097
        Tg = 6.95483
#       SitePat  BranchLen
              b 148685.8631576
              e 57994.4039694
              c 60889.4141667
              n 54892.4024016
              w 54891.1334582
            b:e 2755.9279268
            b:c 3043.0355978
            b:n 2304.1348888
            b:w 2304.0590970
            e:c 12391.9617292
            e:n 6649.0653556
            e:w 6649.9424677
            c:n 5739.5437730
            c:w 5739.7002751
            n:w 14791.3857318
          b:e:c 2585.8121730
          b:e:n 1353.4497896
          b:e:w 1353.4860907
          b:c:n 1353.3727802
          b:c:w 1353.3364779
          b:n:w 2585.6377918
          e:c:n 5378.3194453
          e:c:w 5378.5547744
          e:n:w 8066.7774564
          c:n:w 6995.4604337
        b:e:c:n 2304.1724075
        b:e:c:w 2304.2482005
        b:e:n:w 3043.2099790
        b:c:n:w 2752.3995308
        e:c:n:w 61872.8141240
