########################################
# legofit: estimate population history #
#       version 2.3.4-4-g53f8760       #
########################################

# Program was compiled: Sep 21 2021 14:36:42
# Program was run: Thu Oct 14 11:10:09 2021

# cmd: legofit -1 -d 0 -t 32 --ptsPerDim 3 --stateOut b1boot40.state --tol 3e-6 -S 5000 efgh2.lgo ../../boot/boot40.opf
# Stage nOptItr nSimReps
#     0    5000        0
# algorithm          : deterministic
# ignoring probs <=  : 0
# Branch length floor: 0
# DE strategy        : 2
#    F               : 0.3
#    CR              : 0.8
#    tolerance       : 3e-06
# nthreads           : 32
# lgo input file     : efgh2.lgo
# site pat input file: ../../boot/boot40.opf
# free parameters    : 15
# points in DE swarm : 45
# output state file  : b1boot40.state
# Including singleton site patterns.
# cost function      : KL
Initial parameter values
Fixed:
      zero = 0
       one = 1
    Tbecnw = 75200
Free:
       pc1 = 0
       pc2 = 0
       pc3 = 0
       pc4 = 0
       pc5 = 0
       pc6 = 0
       pc7 = 0
       pc8 = 0
       pc9 = 0
      pc10 = 0
      pc11 = 0
      pc12 = 0
      pc13 = 0
      pc14 = 0
      pc15 = 0
Constrained:
     Tecnw = 61583.6
       Tnw = 2385.39
       Tec = 2274.56
     twoNb = 5.69595e+06
     twoNe = 220190
     twoNc = 268525
     twoNw = 929715
    twoNec = 111019
    twoNnw = 163929
  twoNecnw = 13013
  twoNbecnw = 88950.7
        m5 = 0.175459
        m6 = 0.00025133
        m7 = 0.000574137
        m8 = 0.362548
        Th = 2329.97
        Te = 1137.28
        Tf = 568.639
        Tg = 284.319
DiffEv reached_goal. cost=2.33622e-03 spread=2.53735e-06
Fitted parameter values
Free:
       pc1 = 3.38894
       pc2 = 0.0280683
       pc3 = 2.47494
       pc4 = 1.91734
       pc5 = -0.321239
       pc6 = -0.412535
       pc7 = -1.60147
       pc8 = 1.59508
       pc9 = 0.563918
      pc10 = 0.377942
      pc11 = 0.25105
      pc12 = -0.169109
      pc13 = -0.0833798
      pc14 = 0.000215034
      pc15 = 0.0493605
Constrained:
     Tecnw = 60968.7
       Tnw = 150.223
       Tec = 99.6718
     twoNb = 9.05345e+06
     twoNe = 337548
     twoNc = 101551
     twoNw = 1.39133e+06
    twoNec = 121514
    twoNnw = 178360
  twoNecnw = 13416.6
  twoNbecnw = 89033.3
        m5 = 0.18342
        m6 = 0.000257428
        m7 = 0.00270555
        m8 = 0.34737
        Th = 124.948
        Te = 49.8359
        Tf = 24.9179
        Tg = 12.459
#       SitePat  BranchLen
              b 148614.4984039
              e 57731.4381855
              c 60611.9751844
              n 54773.9491125
              w 54772.4431943
            b:e 2722.9948082
            b:c 3019.5672328
            b:n 2302.4505427
            b:w 2302.3604285
            e:c 12368.2511329
            e:n 6621.4273117
            e:w 6622.4748171
            c:n 5724.2699028
            c:w 5724.4478125
            n:w 14685.1039825
          b:e:c 2570.3020282
          b:e:n 1350.5320830
          b:e:w 1350.5759359
          b:c:n 1350.4941974
          b:c:w 1350.4503435
          b:n:w 2570.1769487
          e:c:n 5413.5853410
          e:c:w 5413.8658440
          e:n:w 8038.0595671
          c:n:w 6955.5415662
        b:e:c:n 2302.4421670
        b:e:c:w 2302.5322822
        b:e:n:w 3019.6923123
        b:c:n:w 2720.4487812
        e:c:n:w 62021.3446794
