########################################
# legofit: estimate population history #
#       version 2.3.4-4-g53f8760       #
########################################

# Program was compiled: Sep 21 2021 14:36:42
# Program was run: Thu Oct 14 11:09:27 2021

# cmd: legofit -1 -d 0 -t 32 --ptsPerDim 3 --stateOut b1boot8.state --tol 3e-6 -S 5000 efgh2.lgo ../../boot/boot8.opf
# Stage nOptItr nSimReps
#     0    5000        0
# algorithm          : deterministic
# ignoring probs <=  : 0
# Branch length floor: 0
# DE strategy        : 2
#    F               : 0.3
#    CR              : 0.8
#    tolerance       : 3e-06
# nthreads           : 32
# lgo input file     : efgh2.lgo
# site pat input file: ../../boot/boot8.opf
# free parameters    : 15
# points in DE swarm : 45
# output state file  : b1boot8.state
# Including singleton site patterns.
# cost function      : KL
Initial parameter values
Fixed:
      zero = 0
       one = 1
    Tbecnw = 75200
Free:
       pc1 = 0
       pc2 = 0
       pc3 = 0
       pc4 = 0
       pc5 = 0
       pc6 = 0
       pc7 = 0
       pc8 = 0
       pc9 = 0
      pc10 = 0
      pc11 = 0
      pc12 = 0
      pc13 = 0
      pc14 = 0
      pc15 = 0
Constrained:
     Tecnw = 61583.6
       Tnw = 2385.39
       Tec = 2274.56
     twoNb = 5.69595e+06
     twoNe = 220190
     twoNc = 268525
     twoNw = 929715
    twoNec = 111019
    twoNnw = 163929
  twoNecnw = 13013
  twoNbecnw = 88950.7
        m5 = 0.175459
        m6 = 0.00025133
        m7 = 0.000574137
        m8 = 0.362548
        Th = 2329.97
        Te = 1137.28
        Tf = 568.639
        Tg = 284.319
DiffEv reached_goal. cost=2.32393e-03 spread=2.74630e-06
Fitted parameter values
Free:
       pc1 = 2.78074
       pc2 = 0.634856
       pc3 = 1.86024
       pc4 = 1.99241
       pc5 = -0.961422
       pc6 = -0.052692
       pc7 = -0.296206
       pc8 = 1.53462
       pc9 = 1.72516
      pc10 = -0.272036
      pc11 = -0.0495
      pc12 = -0.118885
      pc13 = -0.0263151
      pc14 = 0.0297627
      pc15 = 0.0257988
Constrained:
     Tecnw = 61605.8
       Tnw = 181.28
       Tec = 19.2993
     twoNb = 6.9416e+06
     twoNe = 188241
     twoNc = 228973
     twoNw = 1.44821e+06
    twoNec = 119558
    twoNnw = 176328
  twoNecnw = 12848.8
  twoNbecnw = 88735.1
        m5 = 0.178922
        m6 = 0.000103742
        m7 = 0.00303062
        m8 = 0.353765
        Th = 100.29
        Te = 9.64965
        Tf = 4.82483
        Tg = 2.41241
#       SitePat  BranchLen
              b 148386.7132281
              e 57814.0008533
              c 60626.1736022
              n 54756.2315849
              w 54752.7506013
            b:e 2725.3895132
            b:c 3008.6177559
            b:n 2284.3051920
            b:w 2284.0981739
            e:c 12418.4166072
            e:n 6616.3425060
            e:w 6618.3919026
            c:n 5737.7242796
            c:w 5738.5042039
            n:w 14754.0614438
          b:e:c 2566.7791147
          b:e:n 1339.5867024
          b:e:w 1339.6502597
          b:c:n 1339.5319330
          b:c:w 1339.4683710
          b:n:w 2566.5970605
          e:c:n 5354.2295333
          e:c:w 5354.8811960
          e:n:w 8011.3400745
          c:n:w 6961.8006660
        b:e:c:n 2284.2165007
        b:e:c:w 2284.4235234
        b:e:n:w 3008.7998101
        b:c:n:w 2721.6808104
        e:c:n:w 61743.4098519
