########################################
# legofit: estimate population history #
#       version 2.3.4-4-g53f8760       #
########################################

# Program was compiled: Sep 21 2021 14:36:42
# Program was run: Thu Oct 14 11:10:16 2021

# cmd: legofit -1 -d 0 -t 32 --ptsPerDim 3 --stateOut b1boot47.state --tol 3e-6 -S 5000 efgh2.lgo ../../boot/boot47.opf
# Stage nOptItr nSimReps
#     0    5000        0
# algorithm          : deterministic
# ignoring probs <=  : 0
# Branch length floor: 0
# DE strategy        : 2
#    F               : 0.3
#    CR              : 0.8
#    tolerance       : 3e-06
# nthreads           : 32
# lgo input file     : efgh2.lgo
# site pat input file: ../../boot/boot47.opf
# free parameters    : 15
# points in DE swarm : 45
# output state file  : b1boot47.state
# Including singleton site patterns.
# cost function      : KL
Initial parameter values
Fixed:
      zero = 0
       one = 1
    Tbecnw = 75200
Free:
       pc1 = 0
       pc2 = 0
       pc3 = 0
       pc4 = 0
       pc5 = 0
       pc6 = 0
       pc7 = 0
       pc8 = 0
       pc9 = 0
      pc10 = 0
      pc11 = 0
      pc12 = 0
      pc13 = 0
      pc14 = 0
      pc15 = 0
Constrained:
     Tecnw = 61583.6
       Tnw = 2385.39
       Tec = 2274.56
     twoNb = 5.69595e+06
     twoNe = 220190
     twoNc = 268525
     twoNw = 929715
    twoNec = 111019
    twoNnw = 163929
  twoNecnw = 13013
  twoNbecnw = 88950.7
        m5 = 0.175459
        m6 = 0.00025133
        m7 = 0.000574137
        m8 = 0.362548
        Th = 2329.97
        Te = 1137.28
        Tf = 568.639
        Tg = 284.319
DiffEv reached_goal. cost=2.32591e-03 spread=2.52734e-06
Fitted parameter values
Free:
       pc1 = 3.11973
       pc2 = 0.5531
       pc3 = 1.46308
       pc4 = 0.9097
       pc5 = -1.01797
       pc6 = 0.145146
       pc7 = -1.35958
       pc8 = -0.188167
       pc9 = 1.19958
      pc10 = 0.174176
      pc11 = 0.00656511
      pc12 = -0.0213831
      pc13 = 0.00299883
      pc14 = 0.00505693
      pc15 = 0.00163153
Constrained:
     Tecnw = 61326.9
       Tnw = 171.295
       Tec = 92.4059
     twoNb = 7.41528e+06
     twoNe = 273313
     twoNc = 507120
     twoNw = 1.02141e+06
    twoNec = 121741
    twoNnw = 175710
  twoNecnw = 13126.8
  twoNbecnw = 89027.3
        m5 = 0.180471
        m6 = 0.000551665
        m7 = 0.00238528
        m8 = 0.348547
        Th = 131.85
        Te = 46.2029
        Tf = 23.1015
        Tg = 11.5507
#       SitePat  BranchLen
              b 148601.1479520
              e 57797.2619062
              c 60690.9635405
              n 54694.6643345
              w 54691.8261961
            b:e 2729.1052023
            b:c 3032.7015143
            b:n 2294.5792542
            b:w 2294.4096353
            e:c 12405.1274308
            e:n 6624.9282474
            e:w 6626.7882751
            c:n 5729.9957231
            c:w 5730.4439188
            n:w 14812.5750395
          b:e:c 2582.1652786
          b:e:n 1346.5541123
          b:e:w 1346.6251858
          b:c:n 1346.5375691
          b:c:w 1346.4664933
          b:n:w 2582.0301643
          e:c:n 5380.6205368
          e:c:w 5381.1504517
          e:n:w 8075.5177205
          c:n:w 6976.1414743
        b:e:c:n 2294.4972520
        b:e:c:w 2294.6668733
        b:e:n:w 3032.8366286
        b:c:n:w 2726.3670449
        e:c:n:w 61932.8450588
