########################################
# legofit: estimate population history #
#       version 2.3.4-4-g53f8760       #
########################################

# Program was compiled: Sep 21 2021 14:36:42
# Program was run: Thu Oct 14 11:09:56 2021

# cmd: legofit -1 -d 0 -t 32 --ptsPerDim 3 --stateOut b1boot32.state --tol 3e-6 -S 5000 efgh2.lgo ../../boot/boot32.opf
# Stage nOptItr nSimReps
#     0    5000        0
# algorithm          : deterministic
# ignoring probs <=  : 0
# Branch length floor: 0
# DE strategy        : 2
#    F               : 0.3
#    CR              : 0.8
#    tolerance       : 3e-06
# nthreads           : 32
# lgo input file     : efgh2.lgo
# site pat input file: ../../boot/boot32.opf
# free parameters    : 15
# points in DE swarm : 45
# output state file  : b1boot32.state
# Including singleton site patterns.
# cost function      : KL
Initial parameter values
Fixed:
      zero = 0
       one = 1
    Tbecnw = 75200
Free:
       pc1 = 0
       pc2 = 0
       pc3 = 0
       pc4 = 0
       pc5 = 0
       pc6 = 0
       pc7 = 0
       pc8 = 0
       pc9 = 0
      pc10 = 0
      pc11 = 0
      pc12 = 0
      pc13 = 0
      pc14 = 0
      pc15 = 0
Constrained:
     Tecnw = 61583.6
       Tnw = 2385.39
       Tec = 2274.56
     twoNb = 5.69595e+06
     twoNe = 220190
     twoNc = 268525
     twoNw = 929715
    twoNec = 111019
    twoNnw = 163929
  twoNecnw = 13013
  twoNbecnw = 88950.7
        m5 = 0.175459
        m6 = 0.00025133
        m7 = 0.000574137
        m8 = 0.362548
        Th = 2329.97
        Te = 1137.28
        Tf = 568.639
        Tg = 284.319
DiffEv reached_goal. cost=2.37775e-03 spread=1.85709e-06
Fitted parameter values
Free:
       pc1 = 3.51751
       pc2 = 0.665731
       pc3 = 3.80882
       pc4 = 1.75255
       pc5 = -1.26893
       pc6 = -0.914762
       pc7 = -1.73968
       pc8 = 1.52824
       pc9 = 1.36962
      pc10 = 0.506625
      pc11 = -0.096066
      pc12 = -0.014065
      pc13 = -0.0440363
      pc14 = -0.0782862
      pc15 = 0.0419906
Constrained:
     Tecnw = 61287.7
       Tnw = 54.8789
       Tec = 14.7776
     twoNb = 9.86589e+06
     twoNe = 414948
     twoNc = 171995
     twoNw = 1.19933e+06
    twoNec = 121597
    twoNnw = 176488
  twoNecnw = 13055.1
  twoNbecnw = 89173.2
        m5 = 0.18433
        m6 = 3.02627e-05
        m7 = 0.00387192
        m8 = 0.347815
        Th = 34.8282
        Te = 7.38881
        Tf = 3.69441
        Tg = 1.8472
#       SitePat  BranchLen
              b 148821.1940619
              e 57775.8854438
              c 60643.6165616
              n 54633.8717402
              w 54632.7868260
            b:e 2737.0908646
            b:c 3014.3165684
            b:n 2279.8543207
            b:w 2279.7898624
            e:c 12348.7885263
            e:n 6615.8757566
            e:w 6616.5403309
            c:n 5711.5105518
            c:w 5711.7284282
            n:w 14767.0397475
          b:e:c 2562.5175069
          b:e:n 1339.2197753
          b:e:w 1339.2421375
          b:c:n 1339.1357391
          b:c:w 1339.1133756
          b:n:w 2562.3535497
          e:c:n 5358.0018275
          e:c:w 5358.2042911
          e:n:w 8045.5505629
          c:n:w 6990.7250225
        b:e:c:n 2279.8962608
        b:e:c:w 2279.9607203
        b:e:n:w 3014.4805255
        b:c:n:w 2733.7391499
        e:c:n:w 62250.6498887
