########################################
# legofit: estimate population history #
#       version 2.3.4-4-g53f8760       #
########################################

# Program was compiled: Sep 21 2021 14:36:42
# Program was run: Thu Oct 14 11:09:35 2021

# cmd: legofit -1 -d 0 -t 32 --ptsPerDim 3 --stateOut b1boot14.state --tol 3e-6 -S 5000 efgh2.lgo ../../boot/boot14.opf
# Stage nOptItr nSimReps
#     0    5000        0
# algorithm          : deterministic
# ignoring probs <=  : 0
# Branch length floor: 0
# DE strategy        : 2
#    F               : 0.3
#    CR              : 0.8
#    tolerance       : 3e-06
# nthreads           : 32
# lgo input file     : efgh2.lgo
# site pat input file: ../../boot/boot14.opf
# free parameters    : 15
# points in DE swarm : 45
# output state file  : b1boot14.state
# Including singleton site patterns.
# cost function      : KL
Initial parameter values
Fixed:
      zero = 0
       one = 1
    Tbecnw = 75200
Free:
       pc1 = 0
       pc2 = 0
       pc3 = 0
       pc4 = 0
       pc5 = 0
       pc6 = 0
       pc7 = 0
       pc8 = 0
       pc9 = 0
      pc10 = 0
      pc11 = 0
      pc12 = 0
      pc13 = 0
      pc14 = 0
      pc15 = 0
Constrained:
     Tecnw = 61583.6
       Tnw = 2385.39
       Tec = 2274.56
     twoNb = 5.69595e+06
     twoNe = 220190
     twoNc = 268525
     twoNw = 929715
    twoNec = 111019
    twoNnw = 163929
  twoNecnw = 13013
  twoNbecnw = 88950.7
        m5 = 0.175459
        m6 = 0.00025133
        m7 = 0.000574137
        m8 = 0.362548
        Th = 2329.97
        Te = 1137.28
        Tf = 568.639
        Tg = 284.319
DiffEv reached_goal. cost=2.31054e-03 spread=1.97868e-06
Fitted parameter values
Free:
       pc1 = 3.21871
       pc2 = 1.54463
       pc3 = 3.78569
       pc4 = 1.00645
       pc5 = -1.19812
       pc6 = -0.88482
       pc7 = -0.981663
       pc8 = 1.86037
       pc9 = 1.54066
      pc10 = 0.772772
      pc11 = -0.0450656
      pc12 = -0.0828936
      pc13 = -0.001238
      pc14 = -0.00708672
      pc15 = -0.00239124
Constrained:
     Tecnw = 61776.7
       Tnw = 49.6566
       Tec = 24.5003
     twoNb = 8.2426e+06
     twoNe = 464928
     twoNc = 112713
     twoNw = 1.13865e+06
    twoNec = 120046
    twoNnw = 176679
  twoNecnw = 12677.4
  twoNbecnw = 89750.3
        m5 = 0.181864
        m6 = 1.47552e-06
        m7 = 0.00391989
        m8 = 0.350873
        Th = 37.0784
        Te = 12.2501
        Tf = 6.12507
        Tg = 3.06253
#       SitePat  BranchLen
              b 149217.9949350
              e 57993.1619112
              c 60833.0588454
              n 54847.5426940
              w 54846.7481706
            b:e 2770.5563638
            b:c 3046.2366822
            b:n 2306.0179679
            b:w 2305.9704606
            e:c 12466.4152908
            e:n 6644.0506898
            e:w 6644.5639101
            c:n 5748.6851186
            c:w 5748.8184272
            n:w 14860.1477354
          b:e:c 2598.4847757
          b:e:n 1352.5110079
          b:e:w 1352.5301547
          b:c:n 1352.3999180
          b:c:w 1352.3807702
          b:n:w 2598.2838327
          e:c:n 5379.4010782
          e:c:w 5379.5490726
          e:n:w 8076.1005169
          c:n:w 7031.8500831
        b:e:c:n 2306.1006973
        b:e:c:w 2306.1482057
        b:e:n:w 3046.4376252
        b:c:n:w 2766.4823349
        e:c:n:w 62362.5244321
