########################################
# legofit: estimate population history #
#       version 2.3.4-4-g53f8760       #
########################################

# Program was compiled: Sep 21 2021 14:36:42
# Program was run: Thu Oct 14 11:10:23 2021

# cmd: legofit -1 -d 0 -t 32 --ptsPerDim 3 --stateOut b1boot49.state --tol 3e-6 -S 5000 efgh2.lgo ../../boot/boot49.opf
# Stage nOptItr nSimReps
#     0    5000        0
# algorithm          : deterministic
# ignoring probs <=  : 0
# Branch length floor: 0
# DE strategy        : 2
#    F               : 0.3
#    CR              : 0.8
#    tolerance       : 3e-06
# nthreads           : 32
# lgo input file     : efgh2.lgo
# site pat input file: ../../boot/boot49.opf
# free parameters    : 15
# points in DE swarm : 45
# output state file  : b1boot49.state
# Including singleton site patterns.
# cost function      : KL
Initial parameter values
Fixed:
      zero = 0
       one = 1
    Tbecnw = 75200
Free:
       pc1 = 0
       pc2 = 0
       pc3 = 0
       pc4 = 0
       pc5 = 0
       pc6 = 0
       pc7 = 0
       pc8 = 0
       pc9 = 0
      pc10 = 0
      pc11 = 0
      pc12 = 0
      pc13 = 0
      pc14 = 0
      pc15 = 0
Constrained:
     Tecnw = 61583.6
       Tnw = 2385.39
       Tec = 2274.56
     twoNb = 5.69595e+06
     twoNe = 220190
     twoNc = 268525
     twoNw = 929715
    twoNec = 111019
    twoNnw = 163929
  twoNecnw = 13013
  twoNbecnw = 88950.7
        m5 = 0.175459
        m6 = 0.00025133
        m7 = 0.000574137
        m8 = 0.362548
        Th = 2329.97
        Te = 1137.28
        Tf = 568.639
        Tg = 284.319
DiffEv reached_goal. cost=2.34903e-03 spread=2.71944e-06
Fitted parameter values
Free:
       pc1 = 3.32438
       pc2 = 0.869523
       pc3 = 3.20534
       pc4 = 1.74897
       pc5 = -0.788587
       pc6 = 0.271211
       pc7 = -1.72304
       pc8 = 1.70963
       pc9 = 1.02707
      pc10 = 0.167875
      pc11 = 0.0461038
      pc12 = -0.03873
      pc13 = -0.0881659
      pc14 = -0.0271855
      pc15 = -0.00374354
Constrained:
     Tecnw = 61498.5
       Tnw = 112.729
       Tec = 21.1691
     twoNb = 7.58679e+06
     twoNe = 389253
     twoNc = 200112
     twoNw = 1.42342e+06
    twoNec = 121285
    twoNnw = 177146
  twoNecnw = 12948.8
  twoNbecnw = 89150.2
        m5 = 0.185012
        m6 = 0.000309292
        m7 = 0.00326166
        m8 = 0.350809
        Th = 66.9489
        Te = 10.5846
        Tf = 5.29228
        Tg = 2.64614
#       SitePat  BranchLen
              b 148705.8644702
              e 57874.1583511
              c 60776.2239590
              n 54785.4249501
              w 54783.3676442
            b:e 2742.8534367
            b:c 3034.1833622
            b:n 2296.6576679
            b:w 2296.5347647
            e:c 12357.4292659
            e:n 6651.4076373
            e:w 6652.6458844
            c:n 5743.1609596
            c:w 5743.5947721
            n:w 14752.5929072
          b:e:c 2573.2711529
          b:e:n 1350.4020388
          b:e:w 1350.4425025
          b:c:n 1350.3251844
          b:c:w 1350.2847180
          b:n:w 2573.0907690
          e:c:n 5378.0753829
          e:c:w 5378.4606291
          e:n:w 8066.2831315
          c:n:w 6985.5946436
        b:e:c:n 2296.6520828
        b:e:c:w 2296.7749886
        b:e:n:w 3034.3637461
        b:c:n:w 2739.1891294
        e:c:n:w 61987.6697837
