########################################
# legofit: estimate population history #
#       version 2.3.4-4-g53f8760       #
########################################

# Program was compiled: Sep 21 2021 14:36:42
# Program was run: Thu Oct 14 11:09:49 2021

# cmd: legofit -1 -d 0 -t 32 --ptsPerDim 3 --stateOut b1boot26.state --tol 3e-6 -S 5000 efgh2.lgo ../../boot/boot26.opf
# Stage nOptItr nSimReps
#     0    5000        0
# algorithm          : deterministic
# ignoring probs <=  : 0
# Branch length floor: 0
# DE strategy        : 2
#    F               : 0.3
#    CR              : 0.8
#    tolerance       : 3e-06
# nthreads           : 32
# lgo input file     : efgh2.lgo
# site pat input file: ../../boot/boot26.opf
# free parameters    : 15
# points in DE swarm : 45
# output state file  : b1boot26.state
# Including singleton site patterns.
# cost function      : KL
Initial parameter values
Fixed:
      zero = 0
       one = 1
    Tbecnw = 75200
Free:
       pc1 = 0
       pc2 = 0
       pc3 = 0
       pc4 = 0
       pc5 = 0
       pc6 = 0
       pc7 = 0
       pc8 = 0
       pc9 = 0
      pc10 = 0
      pc11 = 0
      pc12 = 0
      pc13 = 0
      pc14 = 0
      pc15 = 0
Constrained:
     Tecnw = 61583.6
       Tnw = 2385.39
       Tec = 2274.56
     twoNb = 5.69595e+06
     twoNe = 220190
     twoNc = 268525
     twoNw = 929715
    twoNec = 111019
    twoNnw = 163929
  twoNecnw = 13013
  twoNbecnw = 88950.7
        m5 = 0.175459
        m6 = 0.00025133
        m7 = 0.000574137
        m8 = 0.362548
        Th = 2329.97
        Te = 1137.28
        Tf = 568.639
        Tg = 284.319
DiffEv reached_goal. cost=2.33576e-03 spread=2.11580e-06
Fitted parameter values
Free:
       pc1 = 2.83818
       pc2 = 1.58274
       pc3 = 3.20763
       pc4 = 1.80095
       pc5 = -1.05119
       pc6 = -0.804528
       pc7 = -1.57218
       pc8 = 1.62558
       pc9 = 1.81502
      pc10 = -0.0540181
      pc11 = 0.102247
      pc12 = -0.226156
      pc13 = -0.0682077
      pc14 = 0.0804124
      pc15 = 0.0475876
Constrained:
     Tecnw = 61876.4
       Tnw = 150.108
       Tec = 106.45
     twoNb = 1.01062e+07
     twoNe = 400625
     twoNc = 237771
     twoNw = 1.35604e+06
    twoNec = 116892
    twoNnw = 178138
  twoNecnw = 12617
  twoNbecnw = 89186.7
        m5 = 0.182036
        m6 = 0.000154574
        m7 = 0.00367191
        m8 = 0.355658
        Th = 128.279
        Te = 53.2251
        Tf = 26.6126
        Tg = 13.3063
#       SitePat  BranchLen
              b 148719.8407290
              e 57936.4155252
              c 60746.0283607
              n 54977.0138244
              w 54975.5821344
            b:e 2746.8961215
            b:c 3022.8476757
            b:n 2306.1764799
            b:w 2306.0910626
            e:c 12488.2813455
            e:n 6644.9988386
            e:w 6646.0137945
            c:n 5758.9587389
            c:w 5759.1101049
            n:w 14743.3211985
          b:e:c 2584.4415808
          b:e:n 1350.1772155
          b:e:w 1350.2206700
          b:c:n 1350.1211581
          b:c:w 1350.0777025
          b:n:w 2584.2889702
          e:c:n 5380.3120405
          e:c:w 5380.5774086
          e:n:w 8008.6633581
          c:n:w 6975.4460855
        b:e:c:n 2306.1905745
        b:e:c:w 2306.2759930
        b:e:n:w 3023.0002863
        b:c:n:w 2743.7959835
        e:c:n:w 61897.9774504
