########################################
# legofit: estimate population history #
#       version 2.3.4-4-g53f8760       #
########################################

# Program was compiled: Sep 21 2021 14:36:42
# Program was run: Thu Oct 14 11:09:43 2021

# cmd: legofit -1 -d 0 -t 32 --ptsPerDim 3 --stateOut b1boot22.state --tol 3e-6 -S 5000 efgh2.lgo ../../boot/boot22.opf
# Stage nOptItr nSimReps
#     0    5000        0
# algorithm          : deterministic
# ignoring probs <=  : 0
# Branch length floor: 0
# DE strategy        : 2
#    F               : 0.3
#    CR              : 0.8
#    tolerance       : 3e-06
# nthreads           : 32
# lgo input file     : efgh2.lgo
# site pat input file: ../../boot/boot22.opf
# free parameters    : 15
# points in DE swarm : 45
# output state file  : b1boot22.state
# Including singleton site patterns.
# cost function      : KL
Initial parameter values
Fixed:
      zero = 0
       one = 1
    Tbecnw = 75200
Free:
       pc1 = 0
       pc2 = 0
       pc3 = 0
       pc4 = 0
       pc5 = 0
       pc6 = 0
       pc7 = 0
       pc8 = 0
       pc9 = 0
      pc10 = 0
      pc11 = 0
      pc12 = 0
      pc13 = 0
      pc14 = 0
      pc15 = 0
Constrained:
     Tecnw = 61583.6
       Tnw = 2385.39
       Tec = 2274.56
     twoNb = 5.69595e+06
     twoNe = 220190
     twoNc = 268525
     twoNw = 929715
    twoNec = 111019
    twoNnw = 163929
  twoNecnw = 13013
  twoNbecnw = 88950.7
        m5 = 0.175459
        m6 = 0.00025133
        m7 = 0.000574137
        m8 = 0.362548
        Th = 2329.97
        Te = 1137.28
        Tf = 568.639
        Tg = 284.319
DiffEv reached_goal. cost=2.32468e-03 spread=2.31945e-06
Fitted parameter values
Free:
       pc1 = 2.97539
       pc2 = 2.2273
       pc3 = 3.56521
       pc4 = 1.1267
       pc5 = -0.758971
       pc6 = -1.16664
       pc7 = -0.845365
       pc8 = 1.3229
       pc9 = 1.13627
      pc10 = 0.652982
      pc11 = 0.083828
      pc12 = -0.0662349
      pc13 = -0.0883152
      pc14 = 0.00263992
      pc15 = 0.00363896
Constrained:
     Tecnw = 62099.5
       Tnw = 58.6215
       Tec = 30.4892
     twoNb = 9.7097e+06
     twoNe = 407498
     twoNc = 109479
     twoNw = 1.06135e+06
    twoNec = 119848
    twoNnw = 178077
  twoNecnw = 12402.8
  twoNbecnw = 90083.4
        m5 = 0.181766
        m6 = 0.000104527
        m7 = 0.00350741
        m8 = 0.35444
        Th = 44.5554
        Te = 15.2446
        Tf = 7.6223
        Tg = 3.81115
#       SitePat  BranchLen
              b 149466.8965298
              e 58156.7245169
              c 61000.3912033
              n 55048.7702505
              w 55047.7916873
            b:e 2778.0321331
            b:c 3061.9862735
            b:n 2321.8533612
            b:w 2321.7946401
            e:c 12455.1329625
            e:n 6673.3814733
            e:w 6674.0175303
            c:n 5779.5766049
            c:w 5779.7368359
            n:w 14828.1085413
          b:e:c 2606.0854391
          b:e:n 1363.3669862
          b:e:w 1363.3910524
          b:c:n 1363.2913386
          b:c:w 1363.2672715
          b:n:w 2605.9320724
          e:c:n 5394.0637541
          e:c:w 5394.2460292
          e:n:w 8079.2467659
          c:n:w 7027.1217618
        b:e:c:n 2321.8943539
        b:e:c:w 2321.9530759
        b:e:n:w 3062.1396402
        b:c:n:w 2774.9288087
        e:c:n:w 62453.1372637
