########################################
# legofit: estimate population history #
#       version 2.3.4-4-g53f8760       #
########################################

# Program was compiled: Sep 21 2021 14:36:42
# Program was run: Fri Sep 24 20:16:28 2021

# cmd: legofit -1 -d 0 -t 32 --ptsPerDim 3 --stateOut b1.state --tol 3e-6 -S 5000 abef2.lgo ../../pan.opf
# Stage nOptItr nSimReps
#     0    5000        0
# algorithm          : deterministic
# ignoring probs <=  : 0
# Branch length floor: 0
# DE strategy        : 2
#    F               : 0.3
#    CR              : 0.8
#    tolerance       : 3e-06
# nthreads           : 32
# lgo input file     : abef2.lgo
# site pat input file: ../../pan.opf
# free parameters    : 17
# points in DE swarm : 51
# output state file  : b1.state
# Including singleton site patterns.
# cost function      : KL
Initial parameter values
Fixed:
      zero = 0
       one = 1
    Tbecnw = 75200
Free:
       pc1 = 0
       pc2 = 0
       pc3 = 0
       pc4 = 0
       pc5 = 0
       pc6 = 0
       pc7 = 0
       pc8 = 0
       pc9 = 0
      pc10 = 0
      pc11 = 0
      pc12 = 0
      pc13 = 0
      pc14 = 0
      pc15 = 0
      pc16 = 0
      pc17 = 0
Constrained:
   Tgbecnw = 96443.5
     Tecnw = 24784.5
       Tnw = 13997.7
       Tec = 16451.6
     twoNb = 524568
     twoNe = 638227
     twoNc = 1.30084e+06
     twoNw = 2.00077e+06
    twoNec = 56787.1
    twoNnw = 56606.3
  twoNecnw = 76668.8
  twoNbecnw = 8428.52
  twoNgbecnw = 310601
         m = 0.108862
        m2 = 0.0255211
        m5 = 0.187073
        m6 = 0.00972857
        Tb = 20618.1
        Ta = 47909
        Te = 6998.83
        Tf = 3499.41
DiffEv reached_goal. cost=1.77385e-03 spread=2.94945e-06
Fitted parameter values
Free:
       pc1 = -3.38273
       pc2 = -3.19633
       pc3 = 1.59096
       pc4 = -1.75374
       pc5 = -1.45996
       pc6 = 0.316901
       pc7 = -0.594379
       pc8 = -1.81537
       pc9 = -1.0806
      pc10 = 0.491815
      pc11 = 0.658955
      pc12 = 0.000655783
      pc13 = -0.0306547
      pc14 = -0.0559454
      pc15 = -0.0316396
      pc16 = -0.0342621
      pc17 = -0.0158588
Constrained:
   Tgbecnw = 77469.6
     Tecnw = 23477
       Tnw = 13479.7
       Tec = 16851.3
     twoNb = 392409
     twoNe = 619275
     twoNc = 2.92834e+06
     twoNw = 4.61828e+06
    twoNec = 43563
    twoNnw = 51929.5
  twoNecnw = 74856.3
  twoNbecnw = 902.286
  twoNgbecnw = 353580
         m = 0.0914472
        m2 = 0.026002
        m5 = 0.192237
        m6 = 0.0168048
        Tb = 20164.2
        Ta = 47682.1
        Te = 6739.85
        Tf = 3369.92
#       SitePat  BranchLen
              b 122111.7318925
              e 47464.8975752
              c 49884.6501528
              n 44966.8965036
              w 44954.0779486
            b:e 2128.8849283
            b:c 2413.1880074
            b:n 1701.7715238
            b:w 1700.8959484
            e:c 10248.2027155
            e:n 5452.2967428
            e:w 5463.2302373
            c:n 4778.1168682
            c:w 4777.0268965
            n:w 12380.8907695
          b:e:c 1992.7701834
          b:e:n 1058.4517616
          b:e:w 1059.1136904
          b:c:n 1069.2523313
          b:c:w 1068.4979906
          b:n:w 1962.5156086
          e:c:n 4524.2366024
          e:c:w 4527.2116347
          e:n:w 6299.0671271
          c:n:w 5299.9966053
        b:e:c:n 1984.5381554
        b:e:c:w 1985.5061426
        b:e:n:w 3075.1638893
        b:c:n:w 2710.3770643
        e:c:n:w 50759.0879155
