########################################
# legofit: estimate population history #
#       version 2.3.4-4-g53f8760       #
########################################

# Program was compiled: Sep 21 2021 14:36:42
# Program was run: Fri Sep 24 21:03:07 2021

# cmd: legofit -1 -d 0 -t 32 --ptsPerDim 3 --stateOut b1boot38.state --tol 3e-6 -S 5000 abef2.lgo ../../boot/boot38.opf
# Stage nOptItr nSimReps
#     0    5000        0
# algorithm          : deterministic
# ignoring probs <=  : 0
# Branch length floor: 0
# DE strategy        : 2
#    F               : 0.3
#    CR              : 0.8
#    tolerance       : 3e-06
# nthreads           : 32
# lgo input file     : abef2.lgo
# site pat input file: ../../boot/boot38.opf
# free parameters    : 17
# points in DE swarm : 51
# output state file  : b1boot38.state
# Including singleton site patterns.
# cost function      : KL
Initial parameter values
Fixed:
      zero = 0
       one = 1
    Tbecnw = 75200
Free:
       pc1 = 0
       pc2 = 0
       pc3 = 0
       pc4 = 0
       pc5 = 0
       pc6 = 0
       pc7 = 0
       pc8 = 0
       pc9 = 0
      pc10 = 0
      pc11 = 0
      pc12 = 0
      pc13 = 0
      pc14 = 0
      pc15 = 0
      pc16 = 0
      pc17 = 0
Constrained:
   Tgbecnw = 96443.5
     Tecnw = 24784.5
       Tnw = 13997.7
       Tec = 16451.6
     twoNb = 524568
     twoNe = 638227
     twoNc = 1.30084e+06
     twoNw = 2.00077e+06
    twoNec = 56787.1
    twoNnw = 56606.3
  twoNecnw = 76668.8
  twoNbecnw = 8428.52
  twoNgbecnw = 310601
         m = 0.108862
        m2 = 0.0255211
        m5 = 0.187073
        m6 = 0.00972857
        Tb = 20618.1
        Ta = 47909
        Te = 6998.83
        Tf = 3499.41
DiffEv reached_goal. cost=1.75546e-03 spread=2.89158e-06
Fitted parameter values
Free:
       pc1 = -3.87644
       pc2 = -2.51512
       pc3 = 2.84273
       pc4 = -1.9689
       pc5 = -1.59328
       pc6 = -1.0275
       pc7 = 0.72074
       pc8 = -1.48828
       pc9 = -1.89516
      pc10 = 0.510195
      pc11 = 0.501166
      pc12 = -0.144054
      pc13 = 0.0396807
      pc14 = -0.0628488
      pc15 = 0.0109255
      pc16 = -0.00804263
      pc17 = -0.000771757
Constrained:
   Tgbecnw = 78869.9
     Tecnw = 23525.3
       Tnw = 15347.4
       Tec = 16379.3
     twoNb = 378304
     twoNe = 1.02357e+06
     twoNc = 6.47004e+06
     twoNw = 4.75248e+06
    twoNec = 46963.2
    twoNnw = 41315.1
  twoNecnw = 75897.2
  twoNbecnw = 1439.38
  twoNgbecnw = 358672
         m = 0.0914272
        m2 = 0.0249963
        m5 = 0.19616
        m6 = 0.0228591
        Tb = 19952.3
        Ta = 47576.2
        Te = 7673.7
        Tf = 3836.85
#       SitePat  BranchLen
              b 122666.2059751
              e 47659.7899701
              c 50051.7664849
              n 45182.1692946
              w 45167.5575959
            b:e 2127.3935216
            b:c 2412.0602979
            b:n 1692.4043572
            b:w 1691.3821456
            e:c 10283.0378488
            e:n 5444.5678256
            e:w 5456.3968137
            c:n 4787.3911635
            c:w 4786.6845617
            n:w 12346.1864708
          b:e:c 1993.4463849
          b:e:n 1055.7909387
          b:e:w 1056.4930210
          b:c:n 1066.6248145
          b:c:w 1065.8148805
          b:n:w 1961.6430482
          e:c:n 4497.8170298
          e:c:w 4501.3063421
          e:n:w 6327.3959092
          c:n:w 5319.5008763
        b:e:c:n 1974.3526957
        b:e:c:w 1975.4827590
        b:e:n:w 3059.4419083
        b:c:n:w 2697.4267953
        e:c:n:w 51083.2507501
