########################################
# legofit: estimate population history #
#       version 2.3.4-4-g53f8760       #
########################################

# Program was compiled: Sep 21 2021 14:36:42
# Program was run: Fri Sep 24 20:52:47 2021

# cmd: legofit -1 -d 0 -t 32 --ptsPerDim 3 --stateOut b1boot20.state --tol 3e-6 -S 5000 abef2.lgo ../../boot/boot20.opf
# Stage nOptItr nSimReps
#     0    5000        0
# algorithm          : deterministic
# ignoring probs <=  : 0
# Branch length floor: 0
# DE strategy        : 2
#    F               : 0.3
#    CR              : 0.8
#    tolerance       : 3e-06
# nthreads           : 32
# lgo input file     : abef2.lgo
# site pat input file: ../../boot/boot20.opf
# free parameters    : 17
# points in DE swarm : 51
# output state file  : b1boot20.state
# Including singleton site patterns.
# cost function      : KL
Initial parameter values
Fixed:
      zero = 0
       one = 1
    Tbecnw = 75200
Free:
       pc1 = 0
       pc2 = 0
       pc3 = 0
       pc4 = 0
       pc5 = 0
       pc6 = 0
       pc7 = 0
       pc8 = 0
       pc9 = 0
      pc10 = 0
      pc11 = 0
      pc12 = 0
      pc13 = 0
      pc14 = 0
      pc15 = 0
      pc16 = 0
      pc17 = 0
Constrained:
   Tgbecnw = 96443.5
     Tecnw = 24784.5
       Tnw = 13997.7
       Tec = 16451.6
     twoNb = 524568
     twoNe = 638227
     twoNc = 1.30084e+06
     twoNw = 2.00077e+06
    twoNec = 56787.1
    twoNnw = 56606.3
  twoNecnw = 76668.8
  twoNbecnw = 8428.52
  twoNgbecnw = 310601
         m = 0.108862
        m2 = 0.0255211
        m5 = 0.187073
        m6 = 0.00972857
        Tb = 20618.1
        Ta = 47909
        Te = 6998.83
        Tf = 3499.41
DiffEv reached_goal. cost=1.77210e-03 spread=2.29179e-06
Fitted parameter values
Free:
       pc1 = -3.62722
       pc2 = -3.68688
       pc3 = 2.65334
       pc4 = -1.71761
       pc5 = -1.35469
       pc6 = -1.27476
       pc7 = 0.770576
       pc8 = -1.80721
       pc9 = -1.13015
      pc10 = 0.0325284
      pc11 = 0.542972
      pc12 = 0.456803
      pc13 = 0.0638891
      pc14 = -0.13262
      pc15 = -0.00942488
      pc16 = -0.0619694
      pc17 = -0.00214877
Constrained:
   Tgbecnw = 77512.1
     Tecnw = 23594.8
       Tnw = 14449.9
       Tec = 16708.7
     twoNb = 437452
     twoNe = 1.01051e+06
     twoNc = 6.57283e+06
     twoNw = 4.17475e+06
    twoNec = 44055.6
    twoNnw = 46803.6
  twoNecnw = 73800.8
  twoNbecnw = 902.862
  twoNgbecnw = 369108
         m = 0.0857793
        m2 = 0.0257981
        m5 = 0.200028
        m6 = 0.0209463
        Tb = 20151.8
        Ta = 47675.9
        Te = 7224.94
        Tf = 3612.47
#       SitePat  BranchLen
              b 121697.3166100
              e 47245.7295710
              c 49704.1117034
              n 44854.1439485
              w 44838.3003082
            b:e 2089.0701170
            b:c 2376.0009337
            b:n 1685.6794072
            b:w 1684.5857292
            e:c 10235.8599705
            e:n 5422.6434268
            e:w 5435.7441870
            c:n 4746.3865837
            c:w 4745.3856866
            n:w 12264.4369382
          b:e:c 1974.7017658
          b:e:n 1046.0741547
          b:e:w 1046.8556308
          b:c:n 1057.0035171
          b:c:w 1056.1087457
          b:n:w 1948.2535772
          e:c:n 4514.5082218
          e:c:w 4518.2519990
          e:n:w 6302.2430433
          c:n:w 5276.3509052
        b:e:c:n 1960.2932581
        b:e:c:w 1961.5002313
        b:e:n:w 3048.4467175
        b:c:n:w 2675.4587410
        e:c:n:w 50505.4270022
