########################################
# legofit: estimate population history #
#       version 2.3.4-4-g53f8760       #
########################################

# Program was compiled: Sep 21 2021 14:36:42
# Program was run: Fri Sep 24 21:06:34 2021

# cmd: legofit -1 -d 0 -t 32 --ptsPerDim 3 --stateOut b1boot45.state --tol 3e-6 -S 5000 abef2.lgo ../../boot/boot45.opf
# Stage nOptItr nSimReps
#     0    5000        0
# algorithm          : deterministic
# ignoring probs <=  : 0
# Branch length floor: 0
# DE strategy        : 2
#    F               : 0.3
#    CR              : 0.8
#    tolerance       : 3e-06
# nthreads           : 32
# lgo input file     : abef2.lgo
# site pat input file: ../../boot/boot45.opf
# free parameters    : 17
# points in DE swarm : 51
# output state file  : b1boot45.state
# Including singleton site patterns.
# cost function      : KL
Initial parameter values
Fixed:
      zero = 0
       one = 1
    Tbecnw = 75200
Free:
       pc1 = 0
       pc2 = 0
       pc3 = 0
       pc4 = 0
       pc5 = 0
       pc6 = 0
       pc7 = 0
       pc8 = 0
       pc9 = 0
      pc10 = 0
      pc11 = 0
      pc12 = 0
      pc13 = 0
      pc14 = 0
      pc15 = 0
      pc16 = 0
      pc17 = 0
Constrained:
   Tgbecnw = 96443.5
     Tecnw = 24784.5
       Tnw = 13997.7
       Tec = 16451.6
     twoNb = 524568
     twoNe = 638227
     twoNc = 1.30084e+06
     twoNw = 2.00077e+06
    twoNec = 56787.1
    twoNnw = 56606.3
  twoNecnw = 76668.8
  twoNbecnw = 8428.52
  twoNgbecnw = 310601
         m = 0.108862
        m2 = 0.0255211
        m5 = 0.187073
        m6 = 0.00972857
        Tb = 20618.1
        Ta = 47909
        Te = 6998.83
        Tf = 3499.41
DiffEv reached_goal. cost=1.80955e-03 spread=2.92088e-06
Fitted parameter values
Free:
       pc1 = -3.67263
       pc2 = -2.61224
       pc3 = 2.72762
       pc4 = -1.98366
       pc5 = -1.24673
       pc6 = -0.496021
       pc7 = -0.0263865
       pc8 = -1.74537
       pc9 = -1.82417
      pc10 = 0.261536
      pc11 = 0.620298
      pc12 = 0.157222
      pc13 = -0.016933
      pc14 = -0.0987426
      pc15 = -0.00797693
      pc16 = -0.0385703
      pc17 = -0.0245118
Constrained:
   Tgbecnw = 77883.7
     Tecnw = 23364.9
       Tnw = 14971.8
       Tec = 16110.3
     twoNb = 397044
     twoNe = 806849
     twoNc = 5.02638e+06
     twoNw = 4.74558e+06
    twoNec = 47367.8
    twoNnw = 42732.5
  twoNecnw = 76112.4
  twoNbecnw = 1061.79
  twoNgbecnw = 353319
         m = 0.0932814
        m2 = 0.0255593
        m5 = 0.198443
        m6 = 0.02217
        Tb = 19737.6
        Ta = 47468.8
        Te = 7485.89
        Tf = 3742.95
#       SitePat  BranchLen
              b 122565.7246433
              e 47519.3691740
              c 49953.0860761
              n 45079.0394502
              w 45064.6215475
            b:e 2121.6197541
            b:c 2409.8343737
            b:n 1692.0218119
            b:w 1691.0179187
            e:c 10296.9828763
            e:n 5460.1800300
            e:w 5471.9532825
            c:n 4790.0669530
            c:w 4789.2829186
            n:w 12340.5279256
          b:e:c 1989.0817285
          b:e:n 1055.6790810
          b:e:w 1056.3795976
          b:c:n 1066.6905407
          b:c:w 1065.8833753
          b:n:w 1958.8985339
          e:c:n 4500.3064857
          e:c:w 4503.7351704
          e:n:w 6323.8123766
          c:n:w 5304.0853185
        b:e:c:n 1975.6991429
        b:e:c:w 1976.8096850
        b:e:n:w 3074.5372007
        b:c:n:w 2704.6009041
        e:c:n:w 51078.3328930
