########################################
# legofit: estimate population history #
#       version 2.3.4-4-g53f8760       #
########################################

# Program was compiled: Sep 21 2021 14:36:42
# Program was run: Fri Sep 24 20:16:51 2021

# cmd: legofit -1 -d 0 -t 32 --ptsPerDim 3 --stateOut b1boot0.state --tol 3e-6 -S 5000 abef2.lgo ../../boot/boot0.opf
# Stage nOptItr nSimReps
#     0    5000        0
# algorithm          : deterministic
# ignoring probs <=  : 0
# Branch length floor: 0
# DE strategy        : 2
#    F               : 0.3
#    CR              : 0.8
#    tolerance       : 3e-06
# nthreads           : 32
# lgo input file     : abef2.lgo
# site pat input file: ../../boot/boot0.opf
# free parameters    : 17
# points in DE swarm : 51
# output state file  : b1boot0.state
# Including singleton site patterns.
# cost function      : KL
Initial parameter values
Fixed:
      zero = 0
       one = 1
    Tbecnw = 75200
Free:
       pc1 = 0
       pc2 = 0
       pc3 = 0
       pc4 = 0
       pc5 = 0
       pc6 = 0
       pc7 = 0
       pc8 = 0
       pc9 = 0
      pc10 = 0
      pc11 = 0
      pc12 = 0
      pc13 = 0
      pc14 = 0
      pc15 = 0
      pc16 = 0
      pc17 = 0
Constrained:
   Tgbecnw = 96443.5
     Tecnw = 24784.5
       Tnw = 13997.7
       Tec = 16451.6
     twoNb = 524568
     twoNe = 638227
     twoNc = 1.30084e+06
     twoNw = 2.00077e+06
    twoNec = 56787.1
    twoNnw = 56606.3
  twoNecnw = 76668.8
  twoNbecnw = 8428.52
  twoNgbecnw = 310601
         m = 0.108862
        m2 = 0.0255211
        m5 = 0.187073
        m6 = 0.00972857
        Tb = 20618.1
        Ta = 47909
        Te = 6998.83
        Tf = 3499.41
DiffEv reached_goal. cost=1.77358e-03 spread=2.95916e-06
Fitted parameter values
Free:
       pc1 = -3.52371
       pc2 = -1.92364
       pc3 = 2.01123
       pc4 = -1.88967
       pc5 = -1.6561
       pc6 = -0.843791
       pc7 = 0.641965
       pc8 = -1.5787
       pc9 = -1.71963
      pc10 = 1.46583
      pc11 = 0.579667
      pc12 = -0.125457
      pc13 = -0.070794
      pc14 = 0.0387845
      pc15 = -0.0166555
      pc16 = -0.00494696
      pc17 = -9.29159e-05
Constrained:
   Tgbecnw = 80289.2
     Tecnw = 23736.9
       Tnw = 14812.9
       Tec = 16752
     twoNb = 386947
     twoNe = 786830
     twoNc = 5.69296e+06
     twoNw = 4.92377e+06
    twoNec = 46908.9
    twoNnw = 45313.7
  twoNecnw = 75655.5
  twoNbecnw = 2023.06
  twoNgbecnw = 346815
         m = 0.0942392
        m2 = 0.024241
        m5 = 0.192551
        m6 = 0.0163399
        Tb = 20244.4
        Ta = 47722.2
        Te = 7406.43
        Tf = 3703.22
#       SitePat  BranchLen
              b 122987.2875158
              e 47883.0869001
              c 50322.7885086
              n 45356.0324096
              w 45343.0321299
            b:e 2142.8757697
            b:c 2431.3746674
            b:n 1714.6362411
            b:w 1713.7279286
            e:c 10287.4069427
            e:n 5469.2545076
            e:w 5480.3805775
            c:n 4795.0607650
            c:w 4793.8677993
            n:w 12433.9983962
          b:e:c 2014.0692762
          b:e:n 1068.4460369
          b:e:w 1069.1386263
          b:c:n 1079.2582838
          b:c:w 1078.4712207
          b:n:w 1982.6508787
          e:c:n 4528.3770490
          e:c:w 4531.4442246
          e:n:w 6361.3464837
          c:n:w 5338.7577291
        b:e:c:n 1995.4620923
        b:e:c:w 1996.4648785
        b:e:n:w 3069.5227644
        b:c:n:w 2704.4726572
        e:c:n:w 51150.5828903
