########################################
# legofit: estimate population history #
#       version 2.3.4-4-g53f8760       #
########################################

# Program was compiled: Sep 21 2021 14:36:42
# Program was run: Fri Sep 24 20:46:05 2021

# cmd: legofit -1 -d 0 -t 32 --ptsPerDim 3 --stateOut b1boot7.state --tol 3e-6 -S 5000 abef2.lgo ../../boot/boot7.opf
# Stage nOptItr nSimReps
#     0    5000        0
# algorithm          : deterministic
# ignoring probs <=  : 0
# Branch length floor: 0
# DE strategy        : 2
#    F               : 0.3
#    CR              : 0.8
#    tolerance       : 3e-06
# nthreads           : 32
# lgo input file     : abef2.lgo
# site pat input file: ../../boot/boot7.opf
# free parameters    : 17
# points in DE swarm : 51
# output state file  : b1boot7.state
# Including singleton site patterns.
# cost function      : KL
Initial parameter values
Fixed:
      zero = 0
       one = 1
    Tbecnw = 75200
Free:
       pc1 = 0
       pc2 = 0
       pc3 = 0
       pc4 = 0
       pc5 = 0
       pc6 = 0
       pc7 = 0
       pc8 = 0
       pc9 = 0
      pc10 = 0
      pc11 = 0
      pc12 = 0
      pc13 = 0
      pc14 = 0
      pc15 = 0
      pc16 = 0
      pc17 = 0
Constrained:
   Tgbecnw = 96443.5
     Tecnw = 24784.5
       Tnw = 13997.7
       Tec = 16451.6
     twoNb = 524568
     twoNe = 638227
     twoNc = 1.30084e+06
     twoNw = 2.00077e+06
    twoNec = 56787.1
    twoNnw = 56606.3
  twoNecnw = 76668.8
  twoNbecnw = 8428.52
  twoNgbecnw = 310601
         m = 0.108862
        m2 = 0.0255211
        m5 = 0.187073
        m6 = 0.00972857
        Tb = 20618.1
        Ta = 47909
        Te = 6998.83
        Tf = 3499.41
DiffEv reached_goal. cost=1.78926e-03 spread=2.95865e-06
Fitted parameter values
Free:
       pc1 = -3.40582
       pc2 = -3.11981
       pc3 = 3.61897
       pc4 = -1.76605
       pc5 = -1.90097
       pc6 = -1.78628
       pc7 = 0.592544
       pc8 = -1.45945
       pc9 = -1.41866
      pc10 = 0.0853131
      pc11 = 0.071656
      pc12 = -0.125119
      pc13 = -0.0842198
      pc14 = -0.181988
      pc15 = 0.0230475
      pc16 = -0.0181443
      pc17 = -0.0386471
Constrained:
   Tgbecnw = 78468.5
     Tecnw = 23683.1
       Tnw = 15051.3
       Tec = 16581.6
     twoNb = 390121
     twoNe = 1.43509e+06
     twoNc = 7.91889e+06
     twoNw = 4.48785e+06
    twoNec = 45505.8
    twoNnw = 43964
  twoNecnw = 74115.3
  twoNbecnw = 1300.25
  twoNgbecnw = 351752
         m = 0.0921595
        m2 = 0.0257755
        m5 = 0.199179
        m6 = 0.0264523
        Tb = 20132.3
        Ta = 47666.2
        Te = 7525.67
        Tf = 3762.83
#       SitePat  BranchLen
              b 122536.1674645
              e 47452.2615207
              c 49821.7300021
              n 45033.5804754
              w 45017.8221002
            b:e 2128.8781235
            b:c 2412.7802675
            b:n 1697.2121779
            b:w 1696.1103152
            e:c 10261.5423447
            e:n 5430.6358648
            e:w 5443.0467920
            c:n 4781.2109705
            c:w 4780.7869821
            n:w 12267.1535026
          b:e:c 1990.1865133
          b:e:n 1054.7802966
          b:e:w 1055.4973881
          b:c:n 1065.4101240
          b:c:w 1064.5796892
          b:n:w 1960.4729421
          e:c:n 4532.3389262
          e:c:w 4536.1103624
          e:n:w 6338.4449240
          c:n:w 5339.2727816
        b:e:c:n 1972.7109111
        b:e:c:w 1973.9261173
        b:e:n:w 3059.3622973
        b:c:n:w 2697.1363547
        e:c:n:w 51135.4887830
