########################################
# legofit: estimate population history #
#       version 2.3.4-4-g53f8760       #
########################################

# Program was compiled: Sep 21 2021 14:36:42
# Program was run: Fri Sep 24 21:03:20 2021

# cmd: legofit -1 -d 0 -t 32 --ptsPerDim 3 --stateOut b1boot39.state --tol 3e-6 -S 5000 abef2.lgo ../../boot/boot39.opf
# Stage nOptItr nSimReps
#     0    5000        0
# algorithm          : deterministic
# ignoring probs <=  : 0
# Branch length floor: 0
# DE strategy        : 2
#    F               : 0.3
#    CR              : 0.8
#    tolerance       : 3e-06
# nthreads           : 32
# lgo input file     : abef2.lgo
# site pat input file: ../../boot/boot39.opf
# free parameters    : 17
# points in DE swarm : 51
# output state file  : b1boot39.state
# Including singleton site patterns.
# cost function      : KL
Initial parameter values
Fixed:
      zero = 0
       one = 1
    Tbecnw = 75200
Free:
       pc1 = 0
       pc2 = 0
       pc3 = 0
       pc4 = 0
       pc5 = 0
       pc6 = 0
       pc7 = 0
       pc8 = 0
       pc9 = 0
      pc10 = 0
      pc11 = 0
      pc12 = 0
      pc13 = 0
      pc14 = 0
      pc15 = 0
      pc16 = 0
      pc17 = 0
Constrained:
   Tgbecnw = 96443.5
     Tecnw = 24784.5
       Tnw = 13997.7
       Tec = 16451.6
     twoNb = 524568
     twoNe = 638227
     twoNc = 1.30084e+06
     twoNw = 2.00077e+06
    twoNec = 56787.1
    twoNnw = 56606.3
  twoNecnw = 76668.8
  twoNbecnw = 8428.52
  twoNgbecnw = 310601
         m = 0.108862
        m2 = 0.0255211
        m5 = 0.187073
        m6 = 0.00972857
        Tb = 20618.1
        Ta = 47909
        Te = 6998.83
        Tf = 3499.41
DiffEv reached_goal. cost=1.75181e-03 spread=2.99490e-06
Fitted parameter values
Free:
       pc1 = -2.7937
       pc2 = -2.91667
       pc3 = 1.74036
       pc4 = -1.51632
       pc5 = -0.762238
       pc6 = 0.343361
       pc7 = -0.620685
       pc8 = -1.83332
       pc9 = -0.812709
      pc10 = 0.558736
      pc11 = 0.505994
      pc12 = 0.0801297
      pc13 = -0.0982975
      pc14 = 0.024744
      pc15 = -0.0211328
      pc16 = -0.0239509
      pc17 = -0.0166685
Constrained:
   Tgbecnw = 79397
     Tecnw = 23794.1
       Tnw = 13619.8
       Tec = 16950
     twoNb = 425717
     twoNe = 478193
     twoNc = 2.39414e+06
     twoNw = 4.26058e+06
    twoNec = 43838.5
    twoNnw = 52743.5
  twoNecnw = 74557.3
  twoNbecnw = 1684.08
  twoNgbecnw = 343238
         m = 0.0936533
        m2 = 0.0259662
        m5 = 0.19557
        m6 = 0.0187645
        Tb = 20372
        Ta = 47786
        Te = 6809.9
        Tf = 3404.95
#       SitePat  BranchLen
              b 122448.1143162
              e 47635.6482911
              c 50084.7718649
              n 45216.4702692
              w 45201.9678490
            b:e 2132.5319869
            b:c 2419.4939827
            b:n 1721.4528621
            b:w 1720.4566936
            e:c 10333.8563375
            e:n 5462.8924531
            e:w 5475.0801312
            c:n 4782.3104737
            c:w 4781.2552271
            n:w 12409.3773949
          b:e:c 2011.0414000
          b:e:n 1065.6672725
          b:e:w 1066.3999461
          b:c:n 1076.4416199
          b:c:w 1075.6062357
          b:n:w 1984.7498924
          e:c:n 4562.3752523
          e:c:w 4565.7452409
          e:n:w 6325.6054534
          c:n:w 5314.1851430
        b:e:c:n 2000.4167817
        b:e:c:w 2001.5156608
        b:e:n:w 3087.0705651
        b:c:n:w 2716.8315146
        e:c:n:w 50801.9441506
