########################################
# legofit: estimate population history #
#       version 2.3.4-4-g53f8760       #
########################################

# Program was compiled: Sep 21 2021 14:36:42
# Program was run: Fri Sep 24 20:51:31 2021

# cmd: legofit -1 -d 0 -t 32 --ptsPerDim 3 --stateOut b1boot17.state --tol 3e-6 -S 5000 abef2.lgo ../../boot/boot17.opf
# Stage nOptItr nSimReps
#     0    5000        0
# algorithm          : deterministic
# ignoring probs <=  : 0
# Branch length floor: 0
# DE strategy        : 2
#    F               : 0.3
#    CR              : 0.8
#    tolerance       : 3e-06
# nthreads           : 32
# lgo input file     : abef2.lgo
# site pat input file: ../../boot/boot17.opf
# free parameters    : 17
# points in DE swarm : 51
# output state file  : b1boot17.state
# Including singleton site patterns.
# cost function      : KL
Initial parameter values
Fixed:
      zero = 0
       one = 1
    Tbecnw = 75200
Free:
       pc1 = 0
       pc2 = 0
       pc3 = 0
       pc4 = 0
       pc5 = 0
       pc6 = 0
       pc7 = 0
       pc8 = 0
       pc9 = 0
      pc10 = 0
      pc11 = 0
      pc12 = 0
      pc13 = 0
      pc14 = 0
      pc15 = 0
      pc16 = 0
      pc17 = 0
Constrained:
   Tgbecnw = 96443.5
     Tecnw = 24784.5
       Tnw = 13997.7
       Tec = 16451.6
     twoNb = 524568
     twoNe = 638227
     twoNc = 1.30084e+06
     twoNw = 2.00077e+06
    twoNec = 56787.1
    twoNnw = 56606.3
  twoNecnw = 76668.8
  twoNbecnw = 8428.52
  twoNgbecnw = 310601
         m = 0.108862
        m2 = 0.0255211
        m5 = 0.187073
        m6 = 0.00972857
        Tb = 20618.1
        Ta = 47909
        Te = 6998.83
        Tf = 3499.41
DiffEv reached_goal. cost=1.78745e-03 spread=2.81180e-06
Fitted parameter values
Free:
       pc1 = -3.36413
       pc2 = -2.58154
       pc3 = 1.40051
       pc4 = -1.78134
       pc5 = -1.26629
       pc6 = 1.02219
       pc7 = -1.41675
       pc8 = -1.69882
       pc9 = -0.598025
      pc10 = 0.257376
      pc11 = 0.184352
      pc12 = -0.0866025
      pc13 = -0.195505
      pc14 = -0.0423228
      pc15 = -0.0249992
      pc16 = -0.0228053
      pc17 = -0.040531
Constrained:
   Tgbecnw = 78120.5
     Tecnw = 23380
       Tnw = 14091.7
       Tec = 17310.5
     twoNb = 382255
     twoNe = 659085
     twoNc = 741504
     twoNw = 4.49863e+06
    twoNec = 39460.1
    twoNnw = 48412.8
  twoNecnw = 75117.8
  twoNbecnw = 1181.24
  twoNgbecnw = 337767
         m = 0.0955665
        m2 = 0.0264162
        m5 = 0.190667
        m6 = 0.0156635
        Tb = 20345.2
        Ta = 47772.6
        Te = 7045.86
        Tf = 3522.93
#       SitePat  BranchLen
              b 122116.9527076
              e 47496.3152470
              c 49893.6251030
              n 45069.1891985
              w 45055.7588620
            b:e 2140.4700196
            b:c 2426.3261116
            b:n 1708.7750255
            b:w 1707.8469198
            e:c 10303.3610099
            e:n 5452.7112169
            e:w 5464.2648671
            c:n 4788.6869998
            c:w 4787.4077601
            n:w 12372.2179079
          b:e:c 2001.7550827
          b:e:n 1059.4579087
          b:e:w 1060.1717580
          b:c:n 1070.2670061
          b:c:w 1069.4557116
          b:n:w 1971.4614121
          e:c:n 4553.1381745
          e:c:w 4556.2941005
          e:n:w 6317.8732705
          c:n:w 5319.8831797
        b:e:c:n 1990.7106668
        b:e:c:w 1991.7362176
        b:e:n:w 3078.2753819
        b:c:n:w 2713.8877584
        e:c:n:w 50641.0149698
