########################################
# legofit: estimate population history #
#       version 2.3.4-4-g53f8760       #
########################################

# Program was compiled: Sep 21 2021 14:36:42
# Program was run: Fri Sep 24 20:52:12 2021

# cmd: legofit -1 -d 0 -t 32 --ptsPerDim 3 --stateOut b1boot19.state --tol 3e-6 -S 5000 abef2.lgo ../../boot/boot19.opf
# Stage nOptItr nSimReps
#     0    5000        0
# algorithm          : deterministic
# ignoring probs <=  : 0
# Branch length floor: 0
# DE strategy        : 2
#    F               : 0.3
#    CR              : 0.8
#    tolerance       : 3e-06
# nthreads           : 32
# lgo input file     : abef2.lgo
# site pat input file: ../../boot/boot19.opf
# free parameters    : 17
# points in DE swarm : 51
# output state file  : b1boot19.state
# Including singleton site patterns.
# cost function      : KL
Initial parameter values
Fixed:
      zero = 0
       one = 1
    Tbecnw = 75200
Free:
       pc1 = 0
       pc2 = 0
       pc3 = 0
       pc4 = 0
       pc5 = 0
       pc6 = 0
       pc7 = 0
       pc8 = 0
       pc9 = 0
      pc10 = 0
      pc11 = 0
      pc12 = 0
      pc13 = 0
      pc14 = 0
      pc15 = 0
      pc16 = 0
      pc17 = 0
Constrained:
   Tgbecnw = 96443.5
     Tecnw = 24784.5
       Tnw = 13997.7
       Tec = 16451.6
     twoNb = 524568
     twoNe = 638227
     twoNc = 1.30084e+06
     twoNw = 2.00077e+06
    twoNec = 56787.1
    twoNnw = 56606.3
  twoNecnw = 76668.8
  twoNbecnw = 8428.52
  twoNgbecnw = 310601
         m = 0.108862
        m2 = 0.0255211
        m5 = 0.187073
        m6 = 0.00972857
        Tb = 20618.1
        Ta = 47909
        Te = 6998.83
        Tf = 3499.41
DiffEv reached_goal. cost=1.77357e-03 spread=2.89909e-06
Fitted parameter values
Free:
       pc1 = -3.8917
       pc2 = -3.04788
       pc3 = 2.43442
       pc4 = -1.98049
       pc5 = -1.70061
       pc6 = -1.17776
       pc7 = 0.330032
       pc8 = -1.4002
       pc9 = -0.811538
      pc10 = 0.111022
      pc11 = 0.460611
      pc12 = -0.0639036
      pc13 = 0.0729647
      pc14 = -0.0689773
      pc15 = -0.0108918
      pc16 = -0.027794
      pc17 = -0.00636917
Constrained:
   Tgbecnw = 77163.7
     Tecnw = 23498.8
       Tnw = 14642.9
       Tec = 17255.8
     twoNb = 414410
     twoNe = 1.31668e+06
     twoNc = 5.71022e+06
     twoNw = 4.18415e+06
    twoNec = 40469.2
    twoNnw = 44907.5
  twoNecnw = 74721.3
  twoNbecnw = 775.813
  twoNgbecnw = 360293
         m = 0.0897313
        m2 = 0.0255451
        m5 = 0.194548
        m6 = 0.0201726
        Tb = 20377.3
        Ta = 47788.6
        Te = 7321.45
        Tf = 3660.72
#       SitePat  BranchLen
              b 122149.1296341
              e 47431.1762064
              c 49843.2498923
              n 44921.2977707
              w 44905.7688528
            b:e 2116.1553071
            b:c 2400.3865141
            b:n 1695.4580175
            b:w 1694.3771712
            e:c 10245.3264107
            e:n 5418.6074233
            e:w 5431.4684101
            c:n 4755.8098296
            c:w 4754.8008604
            n:w 12353.1551690
          b:e:c 1997.3027979
          b:e:n 1053.5680063
          b:e:w 1054.3427217
          b:c:n 1064.4601687
          b:c:w 1063.5718935
          b:n:w 1968.4153167
          e:c:n 4508.4251701
          e:c:w 4512.1020704
          e:n:w 6313.7090961
          c:n:w 5303.1590140
        b:e:c:n 1975.9268885
        b:e:c:w 1977.1212946
        b:e:n:w 3069.6511259
        b:c:n:w 2703.2400909
        e:c:n:w 50878.2241934
