########################################
# legofit: estimate population history #
#       version 2.3.4-4-g53f8760       #
########################################

# Program was compiled: Sep 21 2021 14:36:42
# Program was run: Fri Sep 24 20:45:12 2021

# cmd: legofit -1 -d 0 -t 32 --ptsPerDim 3 --stateOut b1boot5.state --tol 3e-6 -S 5000 abef2.lgo ../../boot/boot5.opf
# Stage nOptItr nSimReps
#     0    5000        0
# algorithm          : deterministic
# ignoring probs <=  : 0
# Branch length floor: 0
# DE strategy        : 2
#    F               : 0.3
#    CR              : 0.8
#    tolerance       : 3e-06
# nthreads           : 32
# lgo input file     : abef2.lgo
# site pat input file: ../../boot/boot5.opf
# free parameters    : 17
# points in DE swarm : 51
# output state file  : b1boot5.state
# Including singleton site patterns.
# cost function      : KL
Initial parameter values
Fixed:
      zero = 0
       one = 1
    Tbecnw = 75200
Free:
       pc1 = 0
       pc2 = 0
       pc3 = 0
       pc4 = 0
       pc5 = 0
       pc6 = 0
       pc7 = 0
       pc8 = 0
       pc9 = 0
      pc10 = 0
      pc11 = 0
      pc12 = 0
      pc13 = 0
      pc14 = 0
      pc15 = 0
      pc16 = 0
      pc17 = 0
Constrained:
   Tgbecnw = 96443.5
     Tecnw = 24784.5
       Tnw = 13997.7
       Tec = 16451.6
     twoNb = 524568
     twoNe = 638227
     twoNc = 1.30084e+06
     twoNw = 2.00077e+06
    twoNec = 56787.1
    twoNnw = 56606.3
  twoNecnw = 76668.8
  twoNbecnw = 8428.52
  twoNgbecnw = 310601
         m = 0.108862
        m2 = 0.0255211
        m5 = 0.187073
        m6 = 0.00972857
        Tb = 20618.1
        Ta = 47909
        Te = 6998.83
        Tf = 3499.41
DiffEv reached_goal. cost=1.76942e-03 spread=2.91839e-06
Fitted parameter values
Free:
       pc1 = -3.99552
       pc2 = -2.30108
       pc3 = 2.60501
       pc4 = -1.99831
       pc5 = -0.96829
       pc6 = 0.254728
       pc7 = -0.00293979
       pc8 = -1.78379
       pc9 = -0.871714
      pc10 = 0.472823
      pc11 = 0.43948
      pc12 = 0.303048
      pc13 = 0.0534101
      pc14 = -0.0450582
      pc15 = -0.0578991
      pc16 = -0.0302676
      pc17 = -0.0195596
Constrained:
   Tgbecnw = 78872.7
     Tecnw = 23472
       Tnw = 15434.9
       Tec = 17640.6
     twoNb = 409099
     twoNe = 843281
     twoNc = 3.06068e+06
     twoNw = 4.79449e+06
    twoNec = 37731.9
    twoNnw = 40195.6
  twoNecnw = 75670.9
  twoNbecnw = 1446.69
  twoNgbecnw = 354756
         m = 0.0922055
        m2 = 0.0254391
        m5 = 0.199547
        m6 = 0.0200003
        Tb = 20556.3
        Ta = 47878.2
        Te = 7717.47
        Tf = 3858.74
#       SitePat  BranchLen
              b 122623.0481302
              e 47592.3752319
              c 50090.0108773
              n 45066.3503500
              w 45051.9173594
            b:e 2109.7379275
            b:c 2404.6605828
            b:n 1686.2321860
            b:w 1685.2218910
            e:c 10253.1543044
            e:n 5443.2838275
            e:w 5455.2991542
            c:n 4760.7501553
            c:w 4759.7153222
            n:w 12383.8148782
          b:e:c 1992.3419865
          b:e:n 1049.1827401
          b:e:w 1049.9152149
          b:c:n 1060.3025828
          b:c:w 1059.4642250
          b:n:w 1963.5882185
          e:c:n 4499.7253061
          e:c:w 4503.1778031
          e:n:w 6362.7114647
          c:n:w 5307.2983700
        b:e:c:n 1964.3495218
        b:e:c:w 1965.4656998
        b:e:n:w 3072.8273376
        b:c:n:w 2693.1307468
        e:c:n:w 51065.9216536
