########################################
# legofit: estimate population history #
#       version 2.3.4-4-g53f8760       #
########################################

# Program was compiled: Sep 21 2021 14:36:42
# Program was run: Fri Sep 24 21:02:46 2021

# cmd: legofit -1 -d 0 -t 32 --ptsPerDim 3 --stateOut b1boot36.state --tol 3e-6 -S 5000 abef2.lgo ../../boot/boot36.opf
# Stage nOptItr nSimReps
#     0    5000        0
# algorithm          : deterministic
# ignoring probs <=  : 0
# Branch length floor: 0
# DE strategy        : 2
#    F               : 0.3
#    CR              : 0.8
#    tolerance       : 3e-06
# nthreads           : 32
# lgo input file     : abef2.lgo
# site pat input file: ../../boot/boot36.opf
# free parameters    : 17
# points in DE swarm : 51
# output state file  : b1boot36.state
# Including singleton site patterns.
# cost function      : KL
Initial parameter values
Fixed:
      zero = 0
       one = 1
    Tbecnw = 75200
Free:
       pc1 = 0
       pc2 = 0
       pc3 = 0
       pc4 = 0
       pc5 = 0
       pc6 = 0
       pc7 = 0
       pc8 = 0
       pc9 = 0
      pc10 = 0
      pc11 = 0
      pc12 = 0
      pc13 = 0
      pc14 = 0
      pc15 = 0
      pc16 = 0
      pc17 = 0
Constrained:
   Tgbecnw = 96443.5
     Tecnw = 24784.5
       Tnw = 13997.7
       Tec = 16451.6
     twoNb = 524568
     twoNe = 638227
     twoNc = 1.30084e+06
     twoNw = 2.00077e+06
    twoNec = 56787.1
    twoNnw = 56606.3
  twoNecnw = 76668.8
  twoNbecnw = 8428.52
  twoNgbecnw = 310601
         m = 0.108862
        m2 = 0.0255211
        m5 = 0.187073
        m6 = 0.00972857
        Tb = 20618.1
        Ta = 47909
        Te = 6998.83
        Tf = 3499.41
DiffEv reached_goal. cost=1.78308e-03 spread=2.68062e-06
Fitted parameter values
Free:
       pc1 = -3.57642
       pc2 = -2.33094
       pc3 = 3.83653
       pc4 = -1.83381
       pc5 = -1.65004
       pc6 = -0.309996
       pc7 = 0.0333846
       pc8 = -1.90884
       pc9 = -1.58542
      pc10 = 0.0297373
      pc11 = 0.665691
      pc12 = 0.0100554
      pc13 = -0.0312103
      pc14 = 0.00548093
      pc15 = -0.0178974
      pc16 = 0.0181803
      pc17 = -0.00481606
Constrained:
   Tgbecnw = 79275.5
     Tecnw = 23497.7
       Tnw = 15308.5
       Tec = 16834.6
     twoNb = 404028
     twoNe = 1.0946e+06
     twoNc = 5.45394e+06
     twoNw = 5.40445e+06
    twoNec = 42611
    twoNnw = 41585.3
  twoNecnw = 76801.4
  twoNbecnw = 1613.18
  twoNgbecnw = 348922
         m = 0.094292
        m2 = 0.0259863
        m5 = 0.201284
        m6 = 0.0271375
        Tb = 20166.1
        Ta = 47683.1
        Te = 7654.23
        Tf = 3827.12
#       SitePat  BranchLen
              b 122713.1254421
              e 47778.4545914
              c 50193.9535555
              n 45326.7734737
              w 45313.2366101
            b:e 2132.2263954
            b:c 2419.1667388
            b:n 1703.6336239
            b:w 1702.6859881
            e:c 10323.3249352
            e:n 5473.9259703
            e:w 5484.5512403
            c:n 4809.2036491
            c:w 4808.8836230
            n:w 12362.6175161
          b:e:c 2002.3304162
          b:e:n 1061.9248301
          b:e:w 1062.5368623
          b:c:n 1072.7893085
          b:c:w 1072.0768655
          b:n:w 1973.6837416
          e:c:n 4512.7578146
          e:c:w 4515.9894343
          e:n:w 6329.9119600
          c:n:w 5317.2616120
        b:e:c:n 1989.0714286
        b:e:c:w 1990.1194752
        b:e:n:w 3093.3741417
        b:c:n:w 2723.5706016
        e:c:n:w 50961.8165571
