########################################
# legofit: estimate population history #
#       version 2.3.4-4-g53f8760       #
########################################

# Program was compiled: Sep 21 2021 14:36:42
# Program was run: Fri Sep 24 20:44:17 2021

# cmd: legofit -1 -d 0 -t 32 --ptsPerDim 3 --stateOut b1boot3.state --tol 3e-6 -S 5000 abef2.lgo ../../boot/boot3.opf
# Stage nOptItr nSimReps
#     0    5000        0
# algorithm          : deterministic
# ignoring probs <=  : 0
# Branch length floor: 0
# DE strategy        : 2
#    F               : 0.3
#    CR              : 0.8
#    tolerance       : 3e-06
# nthreads           : 32
# lgo input file     : abef2.lgo
# site pat input file: ../../boot/boot3.opf
# free parameters    : 17
# points in DE swarm : 51
# output state file  : b1boot3.state
# Including singleton site patterns.
# cost function      : KL
Initial parameter values
Fixed:
      zero = 0
       one = 1
    Tbecnw = 75200
Free:
       pc1 = 0
       pc2 = 0
       pc3 = 0
       pc4 = 0
       pc5 = 0
       pc6 = 0
       pc7 = 0
       pc8 = 0
       pc9 = 0
      pc10 = 0
      pc11 = 0
      pc12 = 0
      pc13 = 0
      pc14 = 0
      pc15 = 0
      pc16 = 0
      pc17 = 0
Constrained:
   Tgbecnw = 96443.5
     Tecnw = 24784.5
       Tnw = 13997.7
       Tec = 16451.6
     twoNb = 524568
     twoNe = 638227
     twoNc = 1.30084e+06
     twoNw = 2.00077e+06
    twoNec = 56787.1
    twoNnw = 56606.3
  twoNecnw = 76668.8
  twoNbecnw = 8428.52
  twoNgbecnw = 310601
         m = 0.108862
        m2 = 0.0255211
        m5 = 0.187073
        m6 = 0.00972857
        Tb = 20618.1
        Ta = 47909
        Te = 6998.83
        Tf = 3499.41
DiffEv reached_goal. cost=1.78426e-03 spread=2.89529e-06
Fitted parameter values
Free:
       pc1 = -3.51486
       pc2 = -2.53567
       pc3 = 1.95686
       pc4 = -1.44722
       pc5 = -1.17099
       pc6 = -0.84623
       pc7 = 0.0963909
       pc8 = -1.41545
       pc9 = -1.02217
      pc10 = 0.584665
      pc11 = 0.318153
      pc12 = 0.501047
      pc13 = -0.0233363
      pc14 = 0.00710069
      pc15 = -0.0240471
      pc16 = -0.0393737
      pc17 = -0.0160295
Constrained:
   Tgbecnw = 79507.9
     Tecnw = 23642.6
       Tnw = 14727.2
       Tec = 17214.5
     twoNb = 410363
     twoNe = 821733
     twoNc = 4.9947e+06
     twoNw = 3.96838e+06
    twoNec = 41766.8
    twoNnw = 45907.1
  twoNecnw = 75031.4
  twoNbecnw = 1716.29
  twoNgbecnw = 349129
         m = 0.0931484
        m2 = 0.0253836
        m5 = 0.197139
        m6 = 0.0147279
        Tb = 20428.5
        Ta = 47814.3
        Te = 7363.6
        Tf = 3681.8
#       SitePat  BranchLen
              b 122829.5222957
              e 47642.1008893
              c 50148.7086658
              n 45261.3291329
              w 45245.1533500
            b:e 2134.4787252
            b:c 2432.0135460
            b:n 1721.8341459
            b:w 1720.7000275
            e:c 10312.0860385
            e:n 5471.4157663
            e:w 5485.5090963
            c:n 4782.0551821
            c:w 4780.3126510
            n:w 12364.0912672
          b:e:c 2015.5272562
          b:e:n 1067.8811620
          b:e:w 1068.7749440
          b:c:n 1079.2216554
          b:c:w 1078.2101105
          b:n:w 1987.5435578
          e:c:n 4558.3303096
          e:c:w 4562.1552936
          e:n:w 6362.4189567
          c:n:w 5314.0568671
        b:e:c:n 2002.1208468
        b:e:c:w 2003.3727281
        b:e:n:w 3095.8725073
        b:c:n:w 2713.8733317
        e:c:n:w 51168.9025072
