########################################
# legofit: estimate population history #
#       version 2.3.4-4-g53f8760       #
########################################

# Program was compiled: Sep 21 2021 14:36:42
# Program was run: Fri Sep 24 20:48:49 2021

# cmd: legofit -1 -d 0 -t 32 --ptsPerDim 3 --stateOut b1boot14.state --tol 3e-6 -S 5000 abef2.lgo ../../boot/boot14.opf
# Stage nOptItr nSimReps
#     0    5000        0
# algorithm          : deterministic
# ignoring probs <=  : 0
# Branch length floor: 0
# DE strategy        : 2
#    F               : 0.3
#    CR              : 0.8
#    tolerance       : 3e-06
# nthreads           : 32
# lgo input file     : abef2.lgo
# site pat input file: ../../boot/boot14.opf
# free parameters    : 17
# points in DE swarm : 51
# output state file  : b1boot14.state
# Including singleton site patterns.
# cost function      : KL
Initial parameter values
Fixed:
      zero = 0
       one = 1
    Tbecnw = 75200
Free:
       pc1 = 0
       pc2 = 0
       pc3 = 0
       pc4 = 0
       pc5 = 0
       pc6 = 0
       pc7 = 0
       pc8 = 0
       pc9 = 0
      pc10 = 0
      pc11 = 0
      pc12 = 0
      pc13 = 0
      pc14 = 0
      pc15 = 0
      pc16 = 0
      pc17 = 0
Constrained:
   Tgbecnw = 96443.5
     Tecnw = 24784.5
       Tnw = 13997.7
       Tec = 16451.6
     twoNb = 524568
     twoNe = 638227
     twoNc = 1.30084e+06
     twoNw = 2.00077e+06
    twoNec = 56787.1
    twoNnw = 56606.3
  twoNecnw = 76668.8
  twoNbecnw = 8428.52
  twoNgbecnw = 310601
         m = 0.108862
        m2 = 0.0255211
        m5 = 0.187073
        m6 = 0.00972857
        Tb = 20618.1
        Ta = 47909
        Te = 6998.83
        Tf = 3499.41
DiffEv reached_goal. cost=1.75932e-03 spread=2.72164e-06
Fitted parameter values
Free:
       pc1 = -3.92399
       pc2 = -3.37026
       pc3 = 2.20106
       pc4 = -1.93842
       pc5 = -1.17323
       pc6 = -0.579238
       pc7 = 0.630424
       pc8 = -1.16554
       pc9 = -1.103
      pc10 = 0.897491
      pc11 = 0.389219
      pc12 = 0.0702174
      pc13 = 0.106743
      pc14 = -0.0744774
      pc15 = -0.0218918
      pc16 = -0.0290367
      pc17 = 0.00228839
Constrained:
   Tgbecnw = 77880
     Tecnw = 23704.4
       Tnw = 14377.3
       Tec = 17195.7
     twoNb = 357782
     twoNe = 936408
     twoNc = 4.8189e+06
     twoNw = 4.16688e+06
    twoNec = 42417.2
    twoNnw = 47410
  twoNecnw = 74105.1
  twoNbecnw = 1051.57
  twoNgbecnw = 367502
         m = 0.0874123
        m2 = 0.024966
        m5 = 0.197116
        m6 = 0.0196238
        Tb = 20450
        Ta = 47825
        Te = 7188.66
        Tf = 3594.33
#       SitePat  BranchLen
              b 122271.7779420
              e 47453.6343835
              c 49902.2385094
              n 44973.5923936
              w 44958.0629229
            b:e 2136.7404114
            b:c 2429.5446869
            b:n 1705.4144445
            b:w 1704.3338845
            e:c 10216.2481005
            e:n 5434.7440560
            e:w 5447.7019660
            c:n 4758.6196369
            c:w 4757.5323823
            n:w 12345.9077602
          b:e:c 2005.9626394
          b:e:n 1060.6138008
          b:e:w 1061.3989834
          b:c:n 1071.7964140
          b:c:w 1070.8981374
          b:n:w 1972.3442452
          e:c:n 4521.0522847
          e:c:w 4524.7111000
          e:n:w 6341.7089682
          c:n:w 5314.5770201
        b:e:c:n 1986.2525442
        b:e:c:w 1987.4461983
        b:e:n:w 3060.2562615
        b:c:n:w 2691.5920127
        e:c:n:w 50977.9010680
