########################################
# legofit: estimate population history #
#       version 2.3.4-4-g53f8760       #
########################################

# Program was compiled: Sep 21 2021 14:36:42
# Program was run: Fri Sep 24 20:58:12 2021

# cmd: legofit -1 -d 0 -t 32 --ptsPerDim 3 --stateOut b1boot29.state --tol 3e-6 -S 5000 abef2.lgo ../../boot/boot29.opf
# Stage nOptItr nSimReps
#     0    5000        0
# algorithm          : deterministic
# ignoring probs <=  : 0
# Branch length floor: 0
# DE strategy        : 2
#    F               : 0.3
#    CR              : 0.8
#    tolerance       : 3e-06
# nthreads           : 32
# lgo input file     : abef2.lgo
# site pat input file: ../../boot/boot29.opf
# free parameters    : 17
# points in DE swarm : 51
# output state file  : b1boot29.state
# Including singleton site patterns.
# cost function      : KL
Initial parameter values
Fixed:
      zero = 0
       one = 1
    Tbecnw = 75200
Free:
       pc1 = 0
       pc2 = 0
       pc3 = 0
       pc4 = 0
       pc5 = 0
       pc6 = 0
       pc7 = 0
       pc8 = 0
       pc9 = 0
      pc10 = 0
      pc11 = 0
      pc12 = 0
      pc13 = 0
      pc14 = 0
      pc15 = 0
      pc16 = 0
      pc17 = 0
Constrained:
   Tgbecnw = 96443.5
     Tecnw = 24784.5
       Tnw = 13997.7
       Tec = 16451.6
     twoNb = 524568
     twoNe = 638227
     twoNc = 1.30084e+06
     twoNw = 2.00077e+06
    twoNec = 56787.1
    twoNnw = 56606.3
  twoNecnw = 76668.8
  twoNbecnw = 8428.52
  twoNgbecnw = 310601
         m = 0.108862
        m2 = 0.0255211
        m5 = 0.187073
        m6 = 0.00972857
        Tb = 20618.1
        Ta = 47909
        Te = 6998.83
        Tf = 3499.41
DiffEv reached_goal. cost=1.78173e-03 spread=2.86233e-06
Fitted parameter values
Free:
       pc1 = -3.97882
       pc2 = -2.04459
       pc3 = 2.96602
       pc4 = -1.73497
       pc5 = -1.87704
       pc6 = -1.35082
       pc7 = 0.182998
       pc8 = -1.5817
       pc9 = -1.22301
      pc10 = 0.460576
      pc11 = -0.0244847
      pc12 = -0.00891255
      pc13 = -0.0746153
      pc14 = -0.0530736
      pc15 = -0.00509613
      pc16 = -0.0167984
      pc17 = -0.0447427
Constrained:
   Tgbecnw = 78663
     Tecnw = 23498.1
       Tnw = 15908.5
       Tec = 17496.2
     twoNb = 389643
     twoNe = 1.25658e+06
     twoNc = 6.5523e+06
     twoNw = 4.64609e+06
    twoNec = 38835.4
    twoNnw = 38105
  twoNecnw = 75310.8
  twoNbecnw = 1386.96
  twoNgbecnw = 342364
         m = 0.0959985
        m2 = 0.025336
        m5 = 0.195821
        m6 = 0.0197905
        Tb = 20497.1
        Ta = 47848.6
        Te = 7954.27
        Tf = 3977.13
#       SitePat  BranchLen
              b 122738.2267612
              e 47585.5431702
              c 50008.3288171
              n 45126.4990170
              w 45111.5366354
            b:e 2121.5552451
            b:c 2412.0502158
            b:n 1689.9706826
            b:w 1688.9135464
            e:c 10281.2932428
            e:n 5421.4734369
            e:w 5433.9037683
            c:n 4762.1034255
            c:w 4761.0226942
            n:w 12334.4170610
          b:e:c 1996.3596807
          b:e:n 1049.5028741
          b:e:w 1050.2672984
          b:c:n 1060.4146410
          b:c:w 1059.5400920
          b:n:w 1966.4711422
          e:c:n 4515.0011264
          e:c:w 4518.6139081
          e:n:w 6356.4858944
          c:n:w 5325.2830646
        b:e:c:n 1966.9289461
        b:e:c:w 1968.0962070
        b:e:n:w 3060.4849662
        b:c:n:w 2690.4736651
        e:c:n:w 51193.7463957
