########################################
# legofit: estimate population history #
#       version 2.3.4-4-g53f8760       #
########################################

# Program was compiled: Sep 21 2021 14:36:42
# Program was run: Fri Sep 24 20:56:19 2021

# cmd: legofit -1 -d 0 -t 32 --ptsPerDim 3 --stateOut b1boot25.state --tol 3e-6 -S 5000 abef2.lgo ../../boot/boot25.opf
# Stage nOptItr nSimReps
#     0    5000        0
# algorithm          : deterministic
# ignoring probs <=  : 0
# Branch length floor: 0
# DE strategy        : 2
#    F               : 0.3
#    CR              : 0.8
#    tolerance       : 3e-06
# nthreads           : 32
# lgo input file     : abef2.lgo
# site pat input file: ../../boot/boot25.opf
# free parameters    : 17
# points in DE swarm : 51
# output state file  : b1boot25.state
# Including singleton site patterns.
# cost function      : KL
Initial parameter values
Fixed:
      zero = 0
       one = 1
    Tbecnw = 75200
Free:
       pc1 = 0
       pc2 = 0
       pc3 = 0
       pc4 = 0
       pc5 = 0
       pc6 = 0
       pc7 = 0
       pc8 = 0
       pc9 = 0
      pc10 = 0
      pc11 = 0
      pc12 = 0
      pc13 = 0
      pc14 = 0
      pc15 = 0
      pc16 = 0
      pc17 = 0
Constrained:
   Tgbecnw = 96443.5
     Tecnw = 24784.5
       Tnw = 13997.7
       Tec = 16451.6
     twoNb = 524568
     twoNe = 638227
     twoNc = 1.30084e+06
     twoNw = 2.00077e+06
    twoNec = 56787.1
    twoNnw = 56606.3
  twoNecnw = 76668.8
  twoNbecnw = 8428.52
  twoNgbecnw = 310601
         m = 0.108862
        m2 = 0.0255211
        m5 = 0.187073
        m6 = 0.00972857
        Tb = 20618.1
        Ta = 47909
        Te = 6998.83
        Tf = 3499.41
DiffEv reached_goal. cost=1.77491e-03 spread=2.96863e-06
Fitted parameter values
Free:
       pc1 = -3.73965
       pc2 = -1.53617
       pc3 = 1.71868
       pc4 = -1.77198
       pc5 = -0.945436
       pc6 = -0.665615
       pc7 = -0.761745
       pc8 = -1.35638
       pc9 = -0.531892
      pc10 = -0.456895
      pc11 = -0.00545761
      pc12 = 0.136714
      pc13 = -0.151914
      pc14 = -0.00462755
      pc15 = -0.0390191
      pc16 = -0.0443348
      pc17 = -0.0379069
Constrained:
   Tgbecnw = 79185.6
     Tecnw = 23250
       Tnw = 15961.9
       Tec = 17310.4
     twoNb = 452936
     twoNe = 1.09507e+06
     twoNc = 3.22052e+06
     twoNw = 3.54193e+06
    twoNec = 39086.5
    twoNnw = 36350.1
  twoNecnw = 76358.9
  twoNbecnw = 1607.11
  twoNgbecnw = 333381
         m = 0.0979087
        m2 = 0.0258973
        m5 = 0.192559
        m6 = 0.0156386
        Tb = 20280.2
        Ta = 47740.1
        Te = 7980.97
        Tf = 3990.48
#       SitePat  BranchLen
              b 122467.0700911
              e 47665.5423808
              c 50131.4150444
              n 45110.5844378
              w 45091.7595073
            b:e 2114.5036473
            b:c 2405.3288563
            b:n 1686.9921579
            b:w 1685.6616183
            e:c 10324.0686533
            e:n 5438.3262277
            e:w 5454.5204111
            c:n 4771.5600839
            c:w 4769.6433739
            n:w 12436.9947840
          b:e:c 1998.2594744
          b:e:n 1048.8381608
          b:e:w 1049.8647874
          b:c:n 1060.0083764
          b:c:w 1058.8427774
          b:n:w 1971.2831965
          e:c:n 4507.1616779
          e:c:w 4511.7091348
          e:n:w 6383.1627713
          c:n:w 5335.0327649
        b:e:c:n 1963.5614368
        b:e:c:w 1965.0309489
        b:e:n:w 3088.1167614
        b:c:n:w 2711.0438292
        e:c:n:w 50761.7398582
