########################################
# legofit: estimate population history #
#       version 2.3.4-4-g53f8760       #
########################################

# Program was compiled: Sep 21 2021 14:36:42
# Program was run: Fri Sep 24 20:45:12 2021

# cmd: legofit -1 -d 0 -t 32 --ptsPerDim 3 --stateOut b1boot4.state --tol 3e-6 -S 5000 abef2.lgo ../../boot/boot4.opf
# Stage nOptItr nSimReps
#     0    5000        0
# algorithm          : deterministic
# ignoring probs <=  : 0
# Branch length floor: 0
# DE strategy        : 2
#    F               : 0.3
#    CR              : 0.8
#    tolerance       : 3e-06
# nthreads           : 32
# lgo input file     : abef2.lgo
# site pat input file: ../../boot/boot4.opf
# free parameters    : 17
# points in DE swarm : 51
# output state file  : b1boot4.state
# Including singleton site patterns.
# cost function      : KL
Initial parameter values
Fixed:
      zero = 0
       one = 1
    Tbecnw = 75200
Free:
       pc1 = 0
       pc2 = 0
       pc3 = 0
       pc4 = 0
       pc5 = 0
       pc6 = 0
       pc7 = 0
       pc8 = 0
       pc9 = 0
      pc10 = 0
      pc11 = 0
      pc12 = 0
      pc13 = 0
      pc14 = 0
      pc15 = 0
      pc16 = 0
      pc17 = 0
Constrained:
   Tgbecnw = 96443.5
     Tecnw = 24784.5
       Tnw = 13997.7
       Tec = 16451.6
     twoNb = 524568
     twoNe = 638227
     twoNc = 1.30084e+06
     twoNw = 2.00077e+06
    twoNec = 56787.1
    twoNnw = 56606.3
  twoNecnw = 76668.8
  twoNbecnw = 8428.52
  twoNgbecnw = 310601
         m = 0.108862
        m2 = 0.0255211
        m5 = 0.187073
        m6 = 0.00972857
        Tb = 20618.1
        Ta = 47909
        Te = 6998.83
        Tf = 3499.41
DiffEv reached_goal. cost=1.78105e-03 spread=2.64985e-06
Fitted parameter values
Free:
       pc1 = -3.8663
       pc2 = -2.27141
       pc3 = 2.12568
       pc4 = -1.8159
       pc5 = -1.43453
       pc6 = -0.650501
       pc7 = -0.166062
       pc8 = -1.8555
       pc9 = -0.517522
      pc10 = 0.403994
      pc11 = 0.286858
      pc12 = 0.297196
      pc13 = 0.0299842
      pc14 = 0.0202719
      pc15 = -0.0200836
      pc16 = -0.0230537
      pc17 = -0.0329559
Constrained:
   Tgbecnw = 77933.6
     Tecnw = 23506.9
       Tnw = 15229.9
       Tec = 17906.5
     twoNb = 442257
     twoNe = 1.02735e+06
     twoNc = 4.27127e+06
     twoNw = 4.4156e+06
    twoNec = 35822.4
    twoNnw = 42258.1
  twoNecnw = 74958
  twoNbecnw = 1092.98
  twoNgbecnw = 346979
         m = 0.0939788
        m2 = 0.0255381
        m5 = 0.195252
        m6 = 0.0154211
        Tb = 20706.7
        Ta = 47953.3
        Te = 7614.96
        Tf = 3807.48
#       SitePat  BranchLen
              b 122467.4800191
              e 47496.8508492
              c 49961.4548446
              n 45110.1225445
              w 45095.3583656
            b:e 2102.2435165
            b:c 2392.4190290
            b:n 1699.8840088
            b:w 1698.8483364
            e:c 10291.8048207
            e:n 5420.6926665
            e:w 5433.4531726
            c:n 4746.5117549
            c:w 4744.9967204
            n:w 12321.7891270
          b:e:c 1998.4749338
          b:e:n 1051.5963703
          b:e:w 1052.4012861
          b:c:n 1062.6159178
          b:c:w 1061.7029499
          b:n:w 1973.4400019
          e:c:n 4531.6138321
          e:c:w 4535.1325394
          e:n:w 6315.9986849
          c:n:w 5280.6593396
        b:e:c:n 1977.9531262
        b:e:c:w 1979.0968508
        b:e:n:w 3071.5594970
        b:c:n:w 2694.4354488
        e:c:n:w 51025.2793384
