########################################
# legofit: estimate population history #
#       version 2.3.4-4-g53f8760       #
########################################

# Program was compiled: Sep 21 2021 14:36:42
# Program was run: Fri Sep 24 20:46:02 2021

# cmd: legofit -1 -d 0 -t 32 --ptsPerDim 3 --stateOut b1boot6.state --tol 3e-6 -S 5000 abef2.lgo ../../boot/boot6.opf
# Stage nOptItr nSimReps
#     0    5000        0
# algorithm          : deterministic
# ignoring probs <=  : 0
# Branch length floor: 0
# DE strategy        : 2
#    F               : 0.3
#    CR              : 0.8
#    tolerance       : 3e-06
# nthreads           : 32
# lgo input file     : abef2.lgo
# site pat input file: ../../boot/boot6.opf
# free parameters    : 17
# points in DE swarm : 51
# output state file  : b1boot6.state
# Including singleton site patterns.
# cost function      : KL
Initial parameter values
Fixed:
      zero = 0
       one = 1
    Tbecnw = 75200
Free:
       pc1 = 0
       pc2 = 0
       pc3 = 0
       pc4 = 0
       pc5 = 0
       pc6 = 0
       pc7 = 0
       pc8 = 0
       pc9 = 0
      pc10 = 0
      pc11 = 0
      pc12 = 0
      pc13 = 0
      pc14 = 0
      pc15 = 0
      pc16 = 0
      pc17 = 0
Constrained:
   Tgbecnw = 96443.5
     Tecnw = 24784.5
       Tnw = 13997.7
       Tec = 16451.6
     twoNb = 524568
     twoNe = 638227
     twoNc = 1.30084e+06
     twoNw = 2.00077e+06
    twoNec = 56787.1
    twoNnw = 56606.3
  twoNecnw = 76668.8
  twoNbecnw = 8428.52
  twoNgbecnw = 310601
         m = 0.108862
        m2 = 0.0255211
        m5 = 0.187073
        m6 = 0.00972857
        Tb = 20618.1
        Ta = 47909
        Te = 6998.83
        Tf = 3499.41
DiffEv reached_goal. cost=1.75014e-03 spread=2.60852e-06
Fitted parameter values
Free:
       pc1 = -3.86782
       pc2 = -3.08181
       pc3 = 1.45187
       pc4 = -1.86675
       pc5 = -1.78801
       pc6 = -1.08626
       pc7 = -0.161392
       pc8 = -0.703414
       pc9 = -0.758465
      pc10 = 0.134817
      pc11 = 0.327387
      pc12 = 0.220448
      pc13 = -0.0242655
      pc14 = -0.102857
      pc15 = -0.00624882
      pc16 = -0.0508081
      pc17 = -0.0131018
Constrained:
   Tgbecnw = 77265
     Tecnw = 23339
       Tnw = 14072.6
       Tec = 16953.7
     twoNb = 372579
     twoNe = 1.31347e+06
     twoNc = 4.84378e+06
     twoNw = 3.51068e+06
    twoNec = 42335.1
    twoNnw = 48188.1
  twoNecnw = 74905.8
  twoNbecnw = 816.68
  twoNgbecnw = 357050
         m = 0.09079
        m2 = 0.0256124
        m5 = 0.191588
        m6 = 0.0127532
        Tb = 20146.4
        Ta = 47673.2
        Te = 7036.32
        Tf = 3518.16
#       SitePat  BranchLen
              b 122096.0066815
              e 47365.4629459
              c 49808.2734245
              n 44938.4466937
              w 44921.6025427
            b:e 2118.4751521
            b:c 2407.3743037
            b:n 1691.9018401
            b:w 1690.7438533
            e:c 10233.1658463
            e:n 5443.7432973
            e:w 5458.6397590
            c:n 4767.9011694
            c:w 4765.9044490
            n:w 12324.3607150
          b:e:c 1982.3503024
          b:e:n 1052.0295031
          b:e:w 1052.9661910
          b:c:n 1063.2934172
          b:c:w 1062.2339458
          b:n:w 1950.6652916
          e:c:n 4518.1962511
          e:c:w 4522.1406608
          e:n:w 6299.1981020
          c:n:w 5283.6080631
        b:e:c:n 1973.3153030
        b:e:c:w 1974.5960732
        b:e:n:w 3055.6937599
        b:c:n:w 2687.6199026
        e:c:n:w 50809.2925518
