########################################
# legofit: estimate population history #
#       version 2.3.4-4-g53f8760       #
########################################

# Program was compiled: Sep 21 2021 14:36:42
# Program was run: Fri Sep 24 20:59:59 2021

# cmd: legofit -1 -d 0 -t 32 --ptsPerDim 3 --stateOut b1boot32.state --tol 3e-6 -S 5000 abef2.lgo ../../boot/boot32.opf
# Stage nOptItr nSimReps
#     0    5000        0
# algorithm          : deterministic
# ignoring probs <=  : 0
# Branch length floor: 0
# DE strategy        : 2
#    F               : 0.3
#    CR              : 0.8
#    tolerance       : 3e-06
# nthreads           : 32
# lgo input file     : abef2.lgo
# site pat input file: ../../boot/boot32.opf
# free parameters    : 17
# points in DE swarm : 51
# output state file  : b1boot32.state
# Including singleton site patterns.
# cost function      : KL
Initial parameter values
Fixed:
      zero = 0
       one = 1
    Tbecnw = 75200
Free:
       pc1 = 0
       pc2 = 0
       pc3 = 0
       pc4 = 0
       pc5 = 0
       pc6 = 0
       pc7 = 0
       pc8 = 0
       pc9 = 0
      pc10 = 0
      pc11 = 0
      pc12 = 0
      pc13 = 0
      pc14 = 0
      pc15 = 0
      pc16 = 0
      pc17 = 0
Constrained:
   Tgbecnw = 96443.5
     Tecnw = 24784.5
       Tnw = 13997.7
       Tec = 16451.6
     twoNb = 524568
     twoNe = 638227
     twoNc = 1.30084e+06
     twoNw = 2.00077e+06
    twoNec = 56787.1
    twoNnw = 56606.3
  twoNecnw = 76668.8
  twoNbecnw = 8428.52
  twoNgbecnw = 310601
         m = 0.108862
        m2 = 0.0255211
        m5 = 0.187073
        m6 = 0.00972857
        Tb = 20618.1
        Ta = 47909
        Te = 6998.83
        Tf = 3499.41
DiffEv reached_goal. cost=1.80435e-03 spread=2.11335e-06
Fitted parameter values
Free:
       pc1 = -3.92963
       pc2 = -2.39156
       pc3 = 1.79708
       pc4 = -1.61125
       pc5 = -1.5999
       pc6 = -0.00547947
       pc7 = -1.04735
       pc8 = -1.9341
       pc9 = -0.909952
      pc10 = 0.433292
      pc11 = 0.131798
      pc12 = 0.190921
      pc13 = -0.0654508
      pc14 = -0.0555669
      pc15 = -0.0501731
      pc16 = -0.0279925
      pc17 = -0.0680119
Constrained:
   Tgbecnw = 76883.4
     Tecnw = 23263.4
       Tnw = 14845.3
       Tec = 17715
     twoNb = 387791
     twoNe = 729286
     twoNc = 3.25079e+06
     twoNw = 4.61895e+06
    twoNec = 36656.6
    twoNnw = 43465.8
  twoNecnw = 75239.9
  twoNbecnw = 679.46
  twoNgbecnw = 340174
         m = 0.0968281
        m2 = 0.0260834
        m5 = 0.192504
        m6 = 0.0139831
        Tb = 20489.2
        Ta = 47844.6
        Te = 7422.65
        Tf = 3711.32
#       SitePat  BranchLen
              b 122369.4266762
              e 47444.3740927
              c 49878.8562404
              n 44969.3217956
              w 44955.8202151
            b:e 2120.9766620
            b:c 2411.2235122
            b:n 1688.4154070
            b:w 1687.4762644
            e:c 10202.3784695
            e:n 5438.2384172
            e:w 5450.0427580
            c:n 4768.8177134
            c:w 4767.3099174
            n:w 12300.2876687
          b:e:c 1982.7611230
          b:e:n 1050.5323683
          b:e:w 1051.2772655
          b:c:n 1061.5583235
          b:c:w 1060.7139851
          b:n:w 1952.4542514
          e:c:n 4514.1497537
          e:c:w 4517.3547893
          e:n:w 6319.2383965
          c:n:w 5298.2527269
        b:e:c:n 1969.3185037
        b:e:c:w 1970.3570875
        b:e:n:w 3072.4670482
        b:c:n:w 2700.4145488
        e:c:n:w 51045.9064989
