########################################
# legofit: estimate population history #
#       version 2.3.4-4-g53f8760       #
########################################

# Program was compiled: Sep 21 2021 14:36:42
# Program was run: Fri Sep 24 21:02:40 2021

# cmd: legofit -1 -d 0 -t 32 --ptsPerDim 3 --stateOut b1boot35.state --tol 3e-6 -S 5000 abef2.lgo ../../boot/boot35.opf
# Stage nOptItr nSimReps
#     0    5000        0
# algorithm          : deterministic
# ignoring probs <=  : 0
# Branch length floor: 0
# DE strategy        : 2
#    F               : 0.3
#    CR              : 0.8
#    tolerance       : 3e-06
# nthreads           : 32
# lgo input file     : abef2.lgo
# site pat input file: ../../boot/boot35.opf
# free parameters    : 17
# points in DE swarm : 51
# output state file  : b1boot35.state
# Including singleton site patterns.
# cost function      : KL
Initial parameter values
Fixed:
      zero = 0
       one = 1
    Tbecnw = 75200
Free:
       pc1 = 0
       pc2 = 0
       pc3 = 0
       pc4 = 0
       pc5 = 0
       pc6 = 0
       pc7 = 0
       pc8 = 0
       pc9 = 0
      pc10 = 0
      pc11 = 0
      pc12 = 0
      pc13 = 0
      pc14 = 0
      pc15 = 0
      pc16 = 0
      pc17 = 0
Constrained:
   Tgbecnw = 96443.5
     Tecnw = 24784.5
       Tnw = 13997.7
       Tec = 16451.6
     twoNb = 524568
     twoNe = 638227
     twoNc = 1.30084e+06
     twoNw = 2.00077e+06
    twoNec = 56787.1
    twoNnw = 56606.3
  twoNecnw = 76668.8
  twoNbecnw = 8428.52
  twoNgbecnw = 310601
         m = 0.108862
        m2 = 0.0255211
        m5 = 0.187073
        m6 = 0.00972857
        Tb = 20618.1
        Ta = 47909
        Te = 6998.83
        Tf = 3499.41
DiffEv reached_goal. cost=1.75526e-03 spread=2.28439e-06
Fitted parameter values
Free:
       pc1 = -3.75059
       pc2 = -2.21953
       pc3 = 1.63562
       pc4 = -1.90155
       pc5 = -1.31629
       pc6 = -0.679674
       pc7 = -0.621458
       pc8 = -1.62881
       pc9 = -0.541138
      pc10 = -0.457761
      pc11 = 0.338623
      pc12 = -0.387648
      pc13 = -0.0553315
      pc14 = -0.0769901
      pc15 = -0.0187641
      pc16 = 0.00951087
      pc17 = -0.0307431
Constrained:
   Tgbecnw = 77578.5
     Tecnw = 23227.8
       Tnw = 15100
       Tec = 17302.8
     twoNb = 458501
     twoNe = 1.11166e+06
     twoNc = 3.59016e+06
     twoNw = 3.83235e+06
    twoNec = 39586.8
    twoNnw = 41567.4
  twoNecnw = 75738.4
  twoNbecnw = 955.333
  twoNgbecnw = 343566
         m = 0.0948094
        m2 = 0.0259865
        m5 = 0.1885
        m6 = 0.018683
        Tb = 20265.3
        Ta = 47732.6
        Te = 7549.99
        Tf = 3774.99
#       SitePat  BranchLen
              b 122261.3637662
              e 47603.6930570
              c 49941.0192269
              n 45012.6600870
              w 44995.9196213
            b:e 2124.2702939
            b:c 2398.8691376
            b:n 1698.1425276
            b:w 1696.9674054
            e:c 10235.5059434
            e:n 5437.7570400
            e:w 5451.7228540
            c:n 4799.2073195
            c:w 4797.9764724
            n:w 12351.6840660
          b:e:c 1994.9208553
          b:e:n 1058.4902475
          b:e:w 1059.3453467
          b:c:n 1069.0898583
          b:c:w 1068.1113736
          b:n:w 1967.8884175
          e:c:n 4515.4992671
          e:c:w 4519.5047660
          e:n:w 6318.8180052
          c:n:w 5338.3505507
        b:e:c:n 1979.2899170
        b:e:c:w 1980.5884246
        b:e:n:w 3091.0560286
        b:c:n:w 2732.5288964
        e:c:n:w 50810.4606490
