########################################
# legofit: estimate population history #
#       version 2.3.4-4-g53f8760       #
########################################

# Program was compiled: Sep 21 2021 14:36:42
# Program was run: Fri Sep 24 20:58:21 2021

# cmd: legofit -1 -d 0 -t 32 --ptsPerDim 3 --stateOut b1boot31.state --tol 3e-6 -S 5000 abef2.lgo ../../boot/boot31.opf
# Stage nOptItr nSimReps
#     0    5000        0
# algorithm          : deterministic
# ignoring probs <=  : 0
# Branch length floor: 0
# DE strategy        : 2
#    F               : 0.3
#    CR              : 0.8
#    tolerance       : 3e-06
# nthreads           : 32
# lgo input file     : abef2.lgo
# site pat input file: ../../boot/boot31.opf
# free parameters    : 17
# points in DE swarm : 51
# output state file  : b1boot31.state
# Including singleton site patterns.
# cost function      : KL
Initial parameter values
Fixed:
      zero = 0
       one = 1
    Tbecnw = 75200
Free:
       pc1 = 0
       pc2 = 0
       pc3 = 0
       pc4 = 0
       pc5 = 0
       pc6 = 0
       pc7 = 0
       pc8 = 0
       pc9 = 0
      pc10 = 0
      pc11 = 0
      pc12 = 0
      pc13 = 0
      pc14 = 0
      pc15 = 0
      pc16 = 0
      pc17 = 0
Constrained:
   Tgbecnw = 96443.5
     Tecnw = 24784.5
       Tnw = 13997.7
       Tec = 16451.6
     twoNb = 524568
     twoNe = 638227
     twoNc = 1.30084e+06
     twoNw = 2.00077e+06
    twoNec = 56787.1
    twoNnw = 56606.3
  twoNecnw = 76668.8
  twoNbecnw = 8428.52
  twoNgbecnw = 310601
         m = 0.108862
        m2 = 0.0255211
        m5 = 0.187073
        m6 = 0.00972857
        Tb = 20618.1
        Ta = 47909
        Te = 6998.83
        Tf = 3499.41
DiffEv reached_goal. cost=1.76046e-03 spread=2.83549e-06
Fitted parameter values
Free:
       pc1 = -3.49734
       pc2 = -2.86977
       pc3 = 2.99953
       pc4 = -1.94075
       pc5 = -0.810533
       pc6 = -0.860167
       pc7 = -0.00347194
       pc8 = -1.0792
       pc9 = -0.548326
      pc10 = -0.119713
      pc11 = 0.468443
      pc12 = 0.223526
      pc13 = -0.111918
      pc14 = -0.190534
      pc15 = -0.00674462
      pc16 = -0.00435055
      pc17 = -0.0269109
Constrained:
   Tgbecnw = 78680.5
     Tecnw = 23486.3
       Tnw = 14712.3
       Tec = 17168
     twoNb = 427082
     twoNe = 1.31353e+06
     twoNc = 4.48144e+06
     twoNw = 3.76097e+06
    twoNec = 40294.3
    twoNnw = 45308.8
  twoNecnw = 75079.9
  twoNbecnw = 1387.02
  twoNgbecnw = 351590
         m = 0.0919722
        m2 = 0.0257375
        m5 = 0.202112
        m6 = 0.0243076
        Tb = 20327.2
        Ta = 47763.6
        Te = 7356.15
        Tf = 3678.07
#       SitePat  BranchLen
              b 122542.3121138
              e 47480.0392882
              c 49918.7702165
              n 45105.0794369
              w 45086.5591940
            b:e 2131.2279388
            b:c 2420.3884617
            b:n 1721.8897514
            b:w 1720.5879172
            e:c 10287.8374665
            e:n 5483.5029797
            e:w 5498.4074419
            c:n 4813.8751798
            c:w 4813.0695638
            n:w 12298.9435595
          b:e:c 2007.9647973
          b:e:n 1069.5613551
          b:e:w 1070.4448311
          b:c:n 1080.6786062
          b:c:w 1079.6602703
          b:n:w 1981.3094233
          e:c:n 4565.6251581
          e:c:w 4570.0465548
          e:n:w 6349.5921775
          c:n:w 5330.0837722
        b:e:c:n 2002.7796634
        b:e:c:w 2004.2163574
        b:e:n:w 3092.0752077
        b:c:n:w 2718.3251131
        e:c:n:w 51030.1007738
