########################################
# legofit: estimate population history #
#       version 2.3.4-4-g53f8760       #
########################################

# Program was compiled: Sep 21 2021 14:36:42
# Program was run: Fri Sep 24 21:00:30 2021

# cmd: legofit -1 -d 0 -t 32 --ptsPerDim 3 --stateOut b1boot34.state --tol 3e-6 -S 5000 abef2.lgo ../../boot/boot34.opf
# Stage nOptItr nSimReps
#     0    5000        0
# algorithm          : deterministic
# ignoring probs <=  : 0
# Branch length floor: 0
# DE strategy        : 2
#    F               : 0.3
#    CR              : 0.8
#    tolerance       : 3e-06
# nthreads           : 32
# lgo input file     : abef2.lgo
# site pat input file: ../../boot/boot34.opf
# free parameters    : 17
# points in DE swarm : 51
# output state file  : b1boot34.state
# Including singleton site patterns.
# cost function      : KL
Initial parameter values
Fixed:
      zero = 0
       one = 1
    Tbecnw = 75200
Free:
       pc1 = 0
       pc2 = 0
       pc3 = 0
       pc4 = 0
       pc5 = 0
       pc6 = 0
       pc7 = 0
       pc8 = 0
       pc9 = 0
      pc10 = 0
      pc11 = 0
      pc12 = 0
      pc13 = 0
      pc14 = 0
      pc15 = 0
      pc16 = 0
      pc17 = 0
Constrained:
   Tgbecnw = 96443.5
     Tecnw = 24784.5
       Tnw = 13997.7
       Tec = 16451.6
     twoNb = 524568
     twoNe = 638227
     twoNc = 1.30084e+06
     twoNw = 2.00077e+06
    twoNec = 56787.1
    twoNnw = 56606.3
  twoNecnw = 76668.8
  twoNbecnw = 8428.52
  twoNgbecnw = 310601
         m = 0.108862
        m2 = 0.0255211
        m5 = 0.187073
        m6 = 0.00972857
        Tb = 20618.1
        Ta = 47909
        Te = 6998.83
        Tf = 3499.41
DiffEv reached_goal. cost=1.77691e-03 spread=2.91121e-06
Fitted parameter values
Free:
       pc1 = -3.39031
       pc2 = -2.70169
       pc3 = 3.92342
       pc4 = -1.89015
       pc5 = -1.06295
       pc6 = 0.165072
       pc7 = 0.06928
       pc8 = -1.60447
       pc9 = -1.44259
      pc10 = 0.252124
      pc11 = 0.0168378
      pc12 = 0.191106
      pc13 = -0.150286
      pc14 = -0.161129
      pc15 = -0.0316818
      pc16 = -0.02667
      pc17 = -0.0385273
Constrained:
   Tgbecnw = 80218.9
     Tecnw = 23669.4
       Tnw = 15532
       Tec = 16724.4
     twoNb = 358158
     twoNe = 1.00114e+06
     twoNc = 4.28458e+06
     twoNw = 5.07971e+06
    twoNec = 44200.4
    twoNnw = 40844.4
  twoNecnw = 75055
  twoNbecnw = 1988.57
  twoNgbecnw = 348389
         m = 0.0931826
        m2 = 0.0260114
        m5 = 0.205336
        m6 = 0.0284159
        Tb = 20196.9
        Ta = 47698.5
        Te = 7766.02
        Tf = 3883.01
#       SitePat  BranchLen
              b 122749.3299551
              e 47595.5418896
              c 50047.7684309
              n 45150.3934595
              w 45135.5517147
            b:e 2141.9578964
            b:c 2439.2648052
            b:n 1694.2604625
            b:w 1693.2184719
            e:c 10284.1511871
            e:n 5465.5658050
            e:w 5477.1378001
            c:n 4795.0339429
            c:w 4794.7274302
            n:w 12329.2503142
          b:e:c 1994.8830392
          b:e:n 1055.1132434
          b:e:w 1055.7786500
          b:c:n 1066.1008956
          b:c:w 1065.3280423
          b:n:w 1962.2268583
          e:c:n 4528.4759607
          e:c:w 4532.0522232
          e:n:w 6402.2439016
          c:n:w 5359.6356698
        b:e:c:n 1970.1012235
        b:e:c:w 1971.2506608
        b:e:n:w 3070.3719810
        b:c:n:w 2695.8519130
        e:c:n:w 51080.4128240
