########################################
# legofit: estimate population history #
#       version 2.3.4-4-g53f8760       #
########################################

# Program was compiled: Sep 21 2021 14:36:42
# Program was run: Fri Sep 24 20:56:23 2021

# cmd: legofit -1 -d 0 -t 32 --ptsPerDim 3 --stateOut b1boot26.state --tol 3e-6 -S 5000 abef2.lgo ../../boot/boot26.opf
# Stage nOptItr nSimReps
#     0    5000        0
# algorithm          : deterministic
# ignoring probs <=  : 0
# Branch length floor: 0
# DE strategy        : 2
#    F               : 0.3
#    CR              : 0.8
#    tolerance       : 3e-06
# nthreads           : 32
# lgo input file     : abef2.lgo
# site pat input file: ../../boot/boot26.opf
# free parameters    : 17
# points in DE swarm : 51
# output state file  : b1boot26.state
# Including singleton site patterns.
# cost function      : KL
Initial parameter values
Fixed:
      zero = 0
       one = 1
    Tbecnw = 75200
Free:
       pc1 = 0
       pc2 = 0
       pc3 = 0
       pc4 = 0
       pc5 = 0
       pc6 = 0
       pc7 = 0
       pc8 = 0
       pc9 = 0
      pc10 = 0
      pc11 = 0
      pc12 = 0
      pc13 = 0
      pc14 = 0
      pc15 = 0
      pc16 = 0
      pc17 = 0
Constrained:
   Tgbecnw = 96443.5
     Tecnw = 24784.5
       Tnw = 13997.7
       Tec = 16451.6
     twoNb = 524568
     twoNe = 638227
     twoNc = 1.30084e+06
     twoNw = 2.00077e+06
    twoNec = 56787.1
    twoNnw = 56606.3
  twoNecnw = 76668.8
  twoNbecnw = 8428.52
  twoNgbecnw = 310601
         m = 0.108862
        m2 = 0.0255211
        m5 = 0.187073
        m6 = 0.00972857
        Tb = 20618.1
        Ta = 47909
        Te = 6998.83
        Tf = 3499.41
DiffEv reached_goal. cost=1.75960e-03 spread=2.71765e-06
Fitted parameter values
Free:
       pc1 = -3.707
       pc2 = -1.45601
       pc3 = 1.62085
       pc4 = -1.66656
       pc5 = -0.72944
       pc6 = -1.16012
       pc7 = -0.0897316
       pc8 = -1.3427
       pc9 = -0.795034
      pc10 = 0.40816
      pc11 = 0.633309
      pc12 = 0.176823
      pc13 = -0.0426355
      pc14 = 0.036974
      pc15 = 0.00198766
      pc16 = -0.00724229
      pc17 = -0.0141995
Constrained:
   Tgbecnw = 79767
     Tecnw = 23423.4
       Tnw = 15358.2
       Tec = 17405
     twoNb = 469641
     twoNe = 889180
     twoNc = 4.41231e+06
     twoNw = 3.58618e+06
    twoNec = 39260
    twoNnw = 41248.7
  twoNecnw = 76752.6
  twoNbecnw = 1832.09
  twoNgbecnw = 339498
         m = 0.0972501
        m2 = 0.0247846
        m5 = 0.194011
        m6 = 0.015011
        Tb = 20414.2
        Ta = 47807.1
        Te = 7679.08
        Tf = 3839.54
#       SitePat  BranchLen
              b 123085.8398341
              e 47810.7074999
              c 50280.4159866
              n 45407.0086222
              w 45388.7179161
            b:e 2121.5407907
            b:c 2410.3088444
            b:n 1723.4439879
            b:w 1722.1503400
            e:c 10376.2514358
            e:n 5476.9393931
            e:w 5492.7923799
            c:n 4801.4311869
            c:w 4799.5036471
            n:w 12416.4507329
          b:e:c 2020.6695391
          b:e:n 1068.9233252
          b:e:w 1069.9339821
          b:c:n 1080.1448934
          b:c:w 1078.9988683
          b:n:w 1996.4671164
          e:c:n 4551.5838853
          e:c:w 4555.9491445
          e:n:w 6343.9308095
          c:n:w 5309.8571227
        b:e:c:n 2006.3443019
        b:e:c:w 2007.7733181
        b:e:n:w 3096.7070180
        b:c:n:w 2720.8146094
        e:c:n:w 51210.0141467
