########################################
# legofit: estimate population history #
#       version 2.3.4-4-g53f8760       #
########################################

# Program was compiled: Sep 21 2021 14:36:42
# Program was run: Fri Sep 24 20:48:36 2021

# cmd: legofit -1 -d 0 -t 32 --ptsPerDim 3 --stateOut b1boot12.state --tol 3e-6 -S 5000 abef2.lgo ../../boot/boot12.opf
# Stage nOptItr nSimReps
#     0    5000        0
# algorithm          : deterministic
# ignoring probs <=  : 0
# Branch length floor: 0
# DE strategy        : 2
#    F               : 0.3
#    CR              : 0.8
#    tolerance       : 3e-06
# nthreads           : 32
# lgo input file     : abef2.lgo
# site pat input file: ../../boot/boot12.opf
# free parameters    : 17
# points in DE swarm : 51
# output state file  : b1boot12.state
# Including singleton site patterns.
# cost function      : KL
Initial parameter values
Fixed:
      zero = 0
       one = 1
    Tbecnw = 75200
Free:
       pc1 = 0
       pc2 = 0
       pc3 = 0
       pc4 = 0
       pc5 = 0
       pc6 = 0
       pc7 = 0
       pc8 = 0
       pc9 = 0
      pc10 = 0
      pc11 = 0
      pc12 = 0
      pc13 = 0
      pc14 = 0
      pc15 = 0
      pc16 = 0
      pc17 = 0
Constrained:
   Tgbecnw = 96443.5
     Tecnw = 24784.5
       Tnw = 13997.7
       Tec = 16451.6
     twoNb = 524568
     twoNe = 638227
     twoNc = 1.30084e+06
     twoNw = 2.00077e+06
    twoNec = 56787.1
    twoNnw = 56606.3
  twoNecnw = 76668.8
  twoNbecnw = 8428.52
  twoNgbecnw = 310601
         m = 0.108862
        m2 = 0.0255211
        m5 = 0.187073
        m6 = 0.00972857
        Tb = 20618.1
        Ta = 47909
        Te = 6998.83
        Tf = 3499.41
DiffEv reached_goal. cost=1.75209e-03 spread=2.96731e-06
Fitted parameter values
Free:
       pc1 = -3.94469
       pc2 = -2.80779
       pc3 = 2.38282
       pc4 = -1.26391
       pc5 = -1.75306
       pc6 = -0.967217
       pc7 = -0.427314
       pc8 = -1.81156
       pc9 = -0.803561
      pc10 = 0.119473
      pc11 = 0.824173
      pc12 = 0.134709
      pc13 = -0.0215665
      pc14 = 0.0203405
      pc15 = -0.0259538
      pc16 = 0.000232798
      pc17 = -0.0101053
Constrained:
   Tgbecnw = 76953.1
     Tecnw = 23300.8
       Tnw = 14144.5
       Tec = 18042.4
     twoNb = 429608
     twoNe = 974024
     twoNc = 5.59863e+06
     twoNw = 4.3598e+06
    twoNec = 33466.2
    twoNnw = 47608.5
  twoNecnw = 75970.9
  twoNbecnw = 700.738
  twoNgbecnw = 349902
         m = 0.0930468
        m2 = 0.0260643
        m5 = 0.194893
        m6 = 0.0178974
        Tb = 20671.6
        Ta = 47935.8
        Te = 7072.24
        Tf = 3536.12
#       SitePat  BranchLen
              b 122124.3632178
              e 47490.7078254
              c 49924.0591756
              n 45085.1533826
              w 45070.7554942
            b:e 2117.6300473
            b:c 2402.7053640
            b:n 1714.6220950
            b:w 1713.6236860
            e:c 10301.0902937
            e:n 5454.3545800
            e:w 5466.5332710
            c:n 4780.3025138
            c:w 4779.1421883
            n:w 12366.1716295
          b:e:c 2008.3468909
          b:e:n 1062.3613596
          b:e:w 1063.1051926
          b:c:n 1073.4204685
          b:c:w 1072.5699984
          b:n:w 1982.5423382
          e:c:n 4539.6024547
          e:c:w 4542.9819777
          e:n:w 6277.2160310
          c:n:w 5270.9765624
        b:e:c:n 2002.5176136
        b:e:c:w 2003.6226597
        b:e:n:w 3092.0973440
        b:c:n:w 2720.8293422
        e:c:n:w 50732.1902681
