########################################
# legofit: estimate population history #
#       version 2.3.4-4-g53f8760       #
########################################

# Program was compiled: Sep 21 2021 14:36:42
# Program was run: Fri Sep 24 20:26:52 2021

# cmd: legofit -1 -d 0 -t 32 --ptsPerDim 3 --stateOut b1boot2.state --tol 3e-6 -S 5000 abef2.lgo ../../boot/boot2.opf
# Stage nOptItr nSimReps
#     0    5000        0
# algorithm          : deterministic
# ignoring probs <=  : 0
# Branch length floor: 0
# DE strategy        : 2
#    F               : 0.3
#    CR              : 0.8
#    tolerance       : 3e-06
# nthreads           : 32
# lgo input file     : abef2.lgo
# site pat input file: ../../boot/boot2.opf
# free parameters    : 17
# points in DE swarm : 51
# output state file  : b1boot2.state
# Including singleton site patterns.
# cost function      : KL
Initial parameter values
Fixed:
      zero = 0
       one = 1
    Tbecnw = 75200
Free:
       pc1 = 0
       pc2 = 0
       pc3 = 0
       pc4 = 0
       pc5 = 0
       pc6 = 0
       pc7 = 0
       pc8 = 0
       pc9 = 0
      pc10 = 0
      pc11 = 0
      pc12 = 0
      pc13 = 0
      pc14 = 0
      pc15 = 0
      pc16 = 0
      pc17 = 0
Constrained:
   Tgbecnw = 96443.5
     Tecnw = 24784.5
       Tnw = 13997.7
       Tec = 16451.6
     twoNb = 524568
     twoNe = 638227
     twoNc = 1.30084e+06
     twoNw = 2.00077e+06
    twoNec = 56787.1
    twoNnw = 56606.3
  twoNecnw = 76668.8
  twoNbecnw = 8428.52
  twoNgbecnw = 310601
         m = 0.108862
        m2 = 0.0255211
        m5 = 0.187073
        m6 = 0.00972857
        Tb = 20618.1
        Ta = 47909
        Te = 6998.83
        Tf = 3499.41
DiffEv reached_goal. cost=1.78364e-03 spread=2.76207e-06
Fitted parameter values
Free:
       pc1 = -3.45887
       pc2 = -3.7524
       pc3 = 3.49781
       pc4 = -1.53763
       pc5 = -1.46412
       pc6 = -1.49702
       pc7 = 0.637131
       pc8 = -1.93478
       pc9 = -1.02426
      pc10 = -0.113837
      pc11 = 0.382874
      pc12 = -0.160553
      pc13 = 0.0360012
      pc14 = -0.0506647
      pc15 = -0.00897049
      pc16 = 0.00775036
      pc17 = -0.004363
Constrained:
   Tgbecnw = 77322.6
     Tecnw = 23782.9
       Tnw = 14550.6
       Tec = 17223
     twoNb = 433733
     twoNe = 1.17284e+06
     twoNc = 7.312e+06
     twoNw = 4.3576e+06
    twoNec = 41294.2
    twoNnw = 46910.3
  twoNecnw = 73667.1
  twoNbecnw = 837.658
  twoNgbecnw = 361199
         m = 0.0876256
        m2 = 0.0261307
        m5 = 0.199941
        m6 = 0.0285267
        Tb = 20502.9
        Ta = 47851.5
        Te = 7275.28
        Tf = 3637.64
#       SitePat  BranchLen
              b 121652.8578787
              e 47392.9256606
              c 49758.9249437
              n 44927.9541862
              w 44911.9122022
            b:e 2103.6423007
            b:c 2381.6049612
            b:n 1690.8463530
            b:w 1689.7363684
            e:c 10217.3380469
            e:n 5402.0254715
            e:w 5414.4641986
            c:n 4751.3641035
            c:w 4751.1694804
            n:w 12266.5142040
          b:e:c 1984.3346427
          b:e:n 1049.1039036
          b:e:w 1049.8024657
          b:c:n 1059.6284382
          b:c:w 1058.8152001
          b:n:w 1957.7837092
          e:c:n 4510.8426137
          e:c:w 4514.6404936
          e:n:w 6288.1870194
          c:n:w 5299.2049924
        b:e:c:n 1966.5900595
        b:e:c:w 1967.8147201
        b:e:n:w 3052.2278278
        b:c:n:w 2691.6666962
        e:c:n:w 50442.5162691
