########################################
# legofit: estimate population history #
#       version 2.3.4-4-g53f8760       #
########################################

# Program was compiled: Sep 21 2021 14:36:42
# Program was run: Fri Sep 24 20:48:49 2021

# cmd: legofit -1 -d 0 -t 32 --ptsPerDim 3 --stateOut b1boot13.state --tol 3e-6 -S 5000 abef2.lgo ../../boot/boot13.opf
# Stage nOptItr nSimReps
#     0    5000        0
# algorithm          : deterministic
# ignoring probs <=  : 0
# Branch length floor: 0
# DE strategy        : 2
#    F               : 0.3
#    CR              : 0.8
#    tolerance       : 3e-06
# nthreads           : 32
# lgo input file     : abef2.lgo
# site pat input file: ../../boot/boot13.opf
# free parameters    : 17
# points in DE swarm : 51
# output state file  : b1boot13.state
# Including singleton site patterns.
# cost function      : KL
Initial parameter values
Fixed:
      zero = 0
       one = 1
    Tbecnw = 75200
Free:
       pc1 = 0
       pc2 = 0
       pc3 = 0
       pc4 = 0
       pc5 = 0
       pc6 = 0
       pc7 = 0
       pc8 = 0
       pc9 = 0
      pc10 = 0
      pc11 = 0
      pc12 = 0
      pc13 = 0
      pc14 = 0
      pc15 = 0
      pc16 = 0
      pc17 = 0
Constrained:
   Tgbecnw = 96443.5
     Tecnw = 24784.5
       Tnw = 13997.7
       Tec = 16451.6
     twoNb = 524568
     twoNe = 638227
     twoNc = 1.30084e+06
     twoNw = 2.00077e+06
    twoNec = 56787.1
    twoNnw = 56606.3
  twoNecnw = 76668.8
  twoNbecnw = 8428.52
  twoNgbecnw = 310601
         m = 0.108862
        m2 = 0.0255211
        m5 = 0.187073
        m6 = 0.00972857
        Tb = 20618.1
        Ta = 47909
        Te = 6998.83
        Tf = 3499.41
DiffEv reached_goal. cost=1.76241e-03 spread=2.52799e-06
Fitted parameter values
Free:
       pc1 = -3.92235
       pc2 = -2.38354
       pc3 = 3.30683
       pc4 = -1.8144
       pc5 = -0.832136
       pc6 = -1.21243
       pc7 = 0.152127
       pc8 = -1.50335
       pc9 = -1.31459
      pc10 = 0.412751
      pc11 = 0.119776
      pc12 = -0.0456323
      pc13 = -0.0812096
      pc14 = -0.0395772
      pc15 = -0.00904384
      pc16 = -0.00112106
      pc17 = -0.0396584
Constrained:
   Tgbecnw = 77904.2
     Tecnw = 23557.8
       Tnw = 15856.1
       Tec = 17236.8
     twoNb = 396032
     twoNe = 1.03035e+06
     twoNc = 5.86124e+06
     twoNw = 4.21065e+06
    twoNec = 40150
    twoNnw = 38324
  twoNecnw = 75374.3
  twoNbecnw = 1084.86
  twoNgbecnw = 344730
         m = 0.0947058
        m2 = 0.0252198
        m5 = 0.201114
        m6 = 0.0258589
        Tb = 20397.3
        Ta = 47798.6
        Te = 7928.03
        Tf = 3964.02
#       SitePat  BranchLen
              b 122464.8987296
              e 47527.9067433
              c 49957.4530342
              n 45078.8437041
              w 45061.3250399
            b:e 2125.6337763
            b:c 2417.1277975
            b:n 1697.5890129
            b:w 1696.3462092
            e:c 10292.7430060
            e:n 5424.7271082
            e:w 5438.6087744
            c:n 4763.8051863
            c:w 4763.2078917
            n:w 12336.1375226
          b:e:c 2007.3696743
          b:e:n 1055.1518294
          b:e:w 1055.9718848
          b:c:n 1066.2656311
          b:c:w 1065.3154933
          b:n:w 1977.3077598
          e:c:n 4509.7292708
          e:c:w 4513.9635634
          e:n:w 6359.9544548
          c:n:w 5325.6875071
        b:e:c:n 1977.6424201
        b:e:c:w 1979.0153062
        b:e:n:w 3066.4845837
        b:c:n:w 2695.5765769
        e:c:n:w 51012.7944787
