########################################
# legofit: estimate population history #
#       version 2.3.4-4-g53f8760       #
########################################

# Program was compiled: Sep 21 2021 14:36:42
# Program was run: Fri Sep 24 21:08:17 2021

# cmd: legofit -1 -d 0 -t 32 --ptsPerDim 3 --stateOut b1boot49.state --tol 3e-6 -S 5000 abef2.lgo ../../boot/boot49.opf
# Stage nOptItr nSimReps
#     0    5000        0
# algorithm          : deterministic
# ignoring probs <=  : 0
# Branch length floor: 0
# DE strategy        : 2
#    F               : 0.3
#    CR              : 0.8
#    tolerance       : 3e-06
# nthreads           : 32
# lgo input file     : abef2.lgo
# site pat input file: ../../boot/boot49.opf
# free parameters    : 17
# points in DE swarm : 51
# output state file  : b1boot49.state
# Including singleton site patterns.
# cost function      : KL
Initial parameter values
Fixed:
      zero = 0
       one = 1
    Tbecnw = 75200
Free:
       pc1 = 0
       pc2 = 0
       pc3 = 0
       pc4 = 0
       pc5 = 0
       pc6 = 0
       pc7 = 0
       pc8 = 0
       pc9 = 0
      pc10 = 0
      pc11 = 0
      pc12 = 0
      pc13 = 0
      pc14 = 0
      pc15 = 0
      pc16 = 0
      pc17 = 0
Constrained:
   Tgbecnw = 96443.5
     Tecnw = 24784.5
       Tnw = 13997.7
       Tec = 16451.6
     twoNb = 524568
     twoNe = 638227
     twoNc = 1.30084e+06
     twoNw = 2.00077e+06
    twoNec = 56787.1
    twoNnw = 56606.3
  twoNecnw = 76668.8
  twoNbecnw = 8428.52
  twoNgbecnw = 310601
         m = 0.108862
        m2 = 0.0255211
        m5 = 0.187073
        m6 = 0.00972857
        Tb = 20618.1
        Ta = 47909
        Te = 6998.83
        Tf = 3499.41
DiffEv reached_goal. cost=1.80604e-03 spread=2.90219e-06
Fitted parameter values
Free:
       pc1 = -3.70663
       pc2 = -2.30492
       pc3 = 1.98533
       pc4 = -1.94768
       pc5 = -1.52112
       pc6 = -0.401513
       pc7 = 0.41268
       pc8 = -1.58047
       pc9 = -1.09798
      pc10 = 0.661669
      pc11 = 0.385814
      pc12 = -0.00420558
      pc13 = -0.0988193
      pc14 = -0.0973275
      pc15 = -0.00531525
      pc16 = -0.0162301
      pc17 = -0.00548789
Constrained:
   Tgbecnw = 79898.6
     Tecnw = 23529.6
       Tnw = 15030.6
       Tec = 17069.1
     twoNb = 404052
     twoNe = 949369
     twoNc = 4.42821e+06
     twoNw = 4.62116e+06
    twoNec = 42766.7
    twoNnw = 43568.5
  twoNecnw = 75075.2
  twoNbecnw = 1859.88
  twoNgbecnw = 352892
         m = 0.0911459
        m2 = 0.0250532
        m5 = 0.193143
        m6 = 0.0170797
        Tb = 20299.4
        Ta = 47749.7
        Te = 7515.29
        Tf = 3757.64
#       SitePat  BranchLen
              b 122576.8020897
              e 47649.9306768
              c 50062.1292935
              n 45189.3326402
              w 45175.2839474
            b:e 2135.8603342
            b:c 2422.3335073
            b:n 1714.0979017
            b:w 1713.1094331
            e:c 10284.0591921
            e:n 5464.3428525
            e:w 5476.2851973
            c:n 4801.8570168
            c:w 4800.6098554
            n:w 12356.8383170
          b:e:c 2007.7599248
          b:e:n 1065.6486183
          b:e:w 1066.3936994
          b:c:n 1076.4253294
          b:c:w 1075.5781865
          b:n:w 1978.1982713
          e:c:n 4552.7778693
          e:c:w 4556.1313787
          e:n:w 6359.7449068
          c:n:w 5345.2962895
        b:e:c:n 1992.5430115
        b:e:c:w 1993.6335419
        b:e:n:w 3074.0315667
        b:c:n:w 2708.0083392
        e:c:n:w 50921.2811611
