########################################
# legofit: estimate population history #
#       version 2.3.4-4-g53f8760       #
########################################

# Program was compiled: Sep 21 2021 14:36:42
# Program was run: Fri Sep 24 20:50:27 2021

# cmd: legofit -1 -d 0 -t 32 --ptsPerDim 3 --stateOut b1boot16.state --tol 3e-6 -S 5000 abef2.lgo ../../boot/boot16.opf
# Stage nOptItr nSimReps
#     0    5000        0
# algorithm          : deterministic
# ignoring probs <=  : 0
# Branch length floor: 0
# DE strategy        : 2
#    F               : 0.3
#    CR              : 0.8
#    tolerance       : 3e-06
# nthreads           : 32
# lgo input file     : abef2.lgo
# site pat input file: ../../boot/boot16.opf
# free parameters    : 17
# points in DE swarm : 51
# output state file  : b1boot16.state
# Including singleton site patterns.
# cost function      : KL
Initial parameter values
Fixed:
      zero = 0
       one = 1
    Tbecnw = 75200
Free:
       pc1 = 0
       pc2 = 0
       pc3 = 0
       pc4 = 0
       pc5 = 0
       pc6 = 0
       pc7 = 0
       pc8 = 0
       pc9 = 0
      pc10 = 0
      pc11 = 0
      pc12 = 0
      pc13 = 0
      pc14 = 0
      pc15 = 0
      pc16 = 0
      pc17 = 0
Constrained:
   Tgbecnw = 96443.5
     Tecnw = 24784.5
       Tnw = 13997.7
       Tec = 16451.6
     twoNb = 524568
     twoNe = 638227
     twoNc = 1.30084e+06
     twoNw = 2.00077e+06
    twoNec = 56787.1
    twoNnw = 56606.3
  twoNecnw = 76668.8
  twoNbecnw = 8428.52
  twoNgbecnw = 310601
         m = 0.108862
        m2 = 0.0255211
        m5 = 0.187073
        m6 = 0.00972857
        Tb = 20618.1
        Ta = 47909
        Te = 6998.83
        Tf = 3499.41
DiffEv reached_goal. cost=1.72617e-03 spread=2.33792e-06
Fitted parameter values
Free:
       pc1 = -3.84103
       pc2 = -3.02727
       pc3 = 2.64194
       pc4 = -1.98074
       pc5 = -1.76966
       pc6 = -0.946554
       pc7 = 0.74745
       pc8 = -1.72579
       pc9 = -0.862833
      pc10 = 0.16055
      pc11 = 0.437207
      pc12 = -0.0451141
      pc13 = 0.108134
      pc14 = -0.0970634
      pc15 = -0.00786785
      pc16 = -0.00649541
      pc17 = 0.000693769
Constrained:
   Tgbecnw = 78266.2
     Tecnw = 23595.5
       Tnw = 14971.2
       Tec = 17312.6
     twoNb = 426327
     twoNe = 1.2537e+06
     twoNc = 5.82868e+06
     twoNw = 4.59546e+06
    twoNec = 40904.5
    twoNnw = 43908.8
  twoNecnw = 74360.5
  twoNbecnw = 1201.37
  twoNgbecnw = 364994
         m = 0.0879193
        m2 = 0.025519
        m5 = 0.195268
        m6 = 0.0212456
        Tb = 20454.1
        Ta = 47827
        Te = 7485.58
        Tf = 3742.79
#       SitePat  BranchLen
              b 122221.3781357
              e 47503.6680506
              c 49893.8620556
              n 45007.6701932
              w 44993.1159928
            b:e 2112.2028281
            b:c 2393.7888820
            b:n 1695.5889178
            b:w 1694.5720363
            e:c 10219.4559974
            e:n 5422.9447156
            e:w 5434.8877744
            c:n 4767.6023478
            c:w 4766.7458422
            n:w 12297.9180496
          b:e:c 1990.4696928
          b:e:n 1054.0083329
          b:e:w 1054.7251870
          b:c:n 1064.6580377
          b:c:w 1063.8358003
          b:n:w 1962.7283897
          e:c:n 4518.6111870
          e:c:w 4522.0788342
          e:n:w 6318.0429484
          c:n:w 5314.5531422
        b:e:c:n 1972.4953399
        b:e:c:w 1973.6176047
        b:e:n:w 3064.9533461
        b:c:n:w 2700.3870431
        e:c:n:w 50857.2479018
