########################################
# legofit: estimate population history #
#       version 2.3.4-4-g53f8760       #
########################################

# Program was compiled: Sep 21 2021 14:36:42
# Program was run: Fri Sep 24 21:05:56 2021

# cmd: legofit -1 -d 0 -t 32 --ptsPerDim 3 --stateOut b1boot44.state --tol 3e-6 -S 5000 abef2.lgo ../../boot/boot44.opf
# Stage nOptItr nSimReps
#     0    5000        0
# algorithm          : deterministic
# ignoring probs <=  : 0
# Branch length floor: 0
# DE strategy        : 2
#    F               : 0.3
#    CR              : 0.8
#    tolerance       : 3e-06
# nthreads           : 32
# lgo input file     : abef2.lgo
# site pat input file: ../../boot/boot44.opf
# free parameters    : 17
# points in DE swarm : 51
# output state file  : b1boot44.state
# Including singleton site patterns.
# cost function      : KL
Initial parameter values
Fixed:
      zero = 0
       one = 1
    Tbecnw = 75200
Free:
       pc1 = 0
       pc2 = 0
       pc3 = 0
       pc4 = 0
       pc5 = 0
       pc6 = 0
       pc7 = 0
       pc8 = 0
       pc9 = 0
      pc10 = 0
      pc11 = 0
      pc12 = 0
      pc13 = 0
      pc14 = 0
      pc15 = 0
      pc16 = 0
      pc17 = 0
Constrained:
   Tgbecnw = 96443.5
     Tecnw = 24784.5
       Tnw = 13997.7
       Tec = 16451.6
     twoNb = 524568
     twoNe = 638227
     twoNc = 1.30084e+06
     twoNw = 2.00077e+06
    twoNec = 56787.1
    twoNnw = 56606.3
  twoNecnw = 76668.8
  twoNbecnw = 8428.52
  twoNgbecnw = 310601
         m = 0.108862
        m2 = 0.0255211
        m5 = 0.187073
        m6 = 0.00972857
        Tb = 20618.1
        Ta = 47909
        Te = 6998.83
        Tf = 3499.41
DiffEv reached_goal. cost=1.76470e-03 spread=2.11819e-06
Fitted parameter values
Free:
       pc1 = -3.97451
       pc2 = -3.26299
       pc3 = 2.90346
       pc4 = -1.81534
       pc5 = -0.620661
       pc6 = -0.678595
       pc7 = 0.169622
       pc8 = -1.74023
       pc9 = -1.8249
      pc10 = 0.00117639
      pc11 = 0.304336
      pc12 = -0.169746
      pc13 = 0.0426835
      pc14 = -0.0745828
      pc15 = 0.000293729
      pc16 = 0.00275665
      pc17 = -0.0153583
Constrained:
   Tgbecnw = 76544.1
     Tecnw = 23443.8
       Tnw = 15393.1
       Tec = 16359.5
     twoNb = 383378
     twoNe = 666666
     twoNc = 5.30001e+06
     twoNw = 4.17133e+06
    twoNec = 45680.1
    twoNnw = 40638.7
  twoNecnw = 75215.8
  twoNbecnw = 530.497
  twoNgbecnw = 360683
         m = 0.0896516
        m2 = 0.0257205
        m5 = 0.199275
        m6 = 0.0278232
        Tb = 19901.6
        Ta = 47550.8
        Te = 7696.54
        Tf = 3848.27
#       SitePat  BranchLen
              b 121875.9991591
              e 47394.6049143
              c 49752.6923844
              n 44944.8381101
              w 44927.4959664
            b:e 2122.3854438
            b:c 2404.8627909
            b:n 1686.2229780
            b:w 1685.0057488
            e:c 10239.4305951
            e:n 5418.1000303
            e:w 5431.5970462
            c:n 4772.6980328
            c:w 4772.3794013
            n:w 12259.4739224
          b:e:c 1987.4768495
          b:e:n 1052.2492526
          b:e:w 1053.0226806
          b:c:n 1063.2005163
          b:c:w 1062.2977112
          b:n:w 1955.3858396
          e:c:n 4484.8344736
          e:c:w 4488.9982328
          e:n:w 6304.7007669
          c:n:w 5308.7943050
        b:e:c:n 1969.5670648
        b:e:c:w 1970.9136711
        b:e:n:w 3058.0809266
        b:c:n:w 2697.8158864
        e:c:n:w 50668.5247434
