########################################
# legofit: estimate population history #
#       version 2.3.4-4-g53f8760       #
########################################

# Program was compiled: Sep 21 2021 14:36:42
# Program was run: Fri Sep 24 20:58:21 2021

# cmd: legofit -1 -d 0 -t 32 --ptsPerDim 3 --stateOut b1boot30.state --tol 3e-6 -S 5000 abef2.lgo ../../boot/boot30.opf
# Stage nOptItr nSimReps
#     0    5000        0
# algorithm          : deterministic
# ignoring probs <=  : 0
# Branch length floor: 0
# DE strategy        : 2
#    F               : 0.3
#    CR              : 0.8
#    tolerance       : 3e-06
# nthreads           : 32
# lgo input file     : abef2.lgo
# site pat input file: ../../boot/boot30.opf
# free parameters    : 17
# points in DE swarm : 51
# output state file  : b1boot30.state
# Including singleton site patterns.
# cost function      : KL
Initial parameter values
Fixed:
      zero = 0
       one = 1
    Tbecnw = 75200
Free:
       pc1 = 0
       pc2 = 0
       pc3 = 0
       pc4 = 0
       pc5 = 0
       pc6 = 0
       pc7 = 0
       pc8 = 0
       pc9 = 0
      pc10 = 0
      pc11 = 0
      pc12 = 0
      pc13 = 0
      pc14 = 0
      pc15 = 0
      pc16 = 0
      pc17 = 0
Constrained:
   Tgbecnw = 96443.5
     Tecnw = 24784.5
       Tnw = 13997.7
       Tec = 16451.6
     twoNb = 524568
     twoNe = 638227
     twoNc = 1.30084e+06
     twoNw = 2.00077e+06
    twoNec = 56787.1
    twoNnw = 56606.3
  twoNecnw = 76668.8
  twoNbecnw = 8428.52
  twoNgbecnw = 310601
         m = 0.108862
        m2 = 0.0255211
        m5 = 0.187073
        m6 = 0.00972857
        Tb = 20618.1
        Ta = 47909
        Te = 6998.83
        Tf = 3499.41
DiffEv reached_goal. cost=1.79784e-03 spread=2.82619e-06
Fitted parameter values
Free:
       pc1 = -2.75858
       pc2 = -3.21532
       pc3 = 3.71741
       pc4 = -1.59365
       pc5 = -1.60353
       pc6 = -0.762495
       pc7 = 0.0389
       pc8 = -1.68025
       pc9 = -1.28238
      pc10 = 0.627459
      pc11 = 0.506973
      pc12 = -0.255786
      pc13 = 0.00196345
      pc14 = 0.0225837
      pc15 = -0.0399141
      pc16 = -0.0129933
      pc17 = -0.0231167
Constrained:
   Tgbecnw = 79027.1
     Tecnw = 24037.3
       Tnw = 13735.5
       Tec = 16920.6
     twoNb = 388979
     twoNe = 1.08928e+06
     twoNc = 6.04276e+06
     twoNw = 4.97728e+06
    twoNec = 45155.8
    twoNnw = 51911.7
  twoNecnw = 74549.6
  twoNbecnw = 1527.25
  twoNgbecnw = 345689
         m = 0.0947295
        m2 = 0.0259209
        m5 = 0.200966
        m6 = 0.0285028
        Tb = 20478.9
        Ta = 47839.5
        Te = 6867.74
        Tf = 3433.87
#       SitePat  BranchLen
              b 122771.3759075
              e 47733.7476001
              c 50167.1322921
              n 45154.5866205
              w 45140.9856741
            b:e 2133.1264513
            b:c 2419.3692055
            b:n 1697.4440948
            b:w 1696.5185204
            e:c 10260.6502337
            e:n 5440.9264780
            e:w 5451.5052800
            c:n 4764.2423929
            c:w 4764.1089080
            n:w 12437.9809660
          b:e:c 1998.0510184
          b:e:n 1055.3609999
          b:e:w 1055.9451166
          b:c:n 1065.9500868
          b:c:w 1065.2700874
          b:n:w 1968.6176558
          e:c:n 4505.0778818
          e:c:w 4508.2335112
          e:n:w 6331.8227270
          c:n:w 5321.9545675
        b:e:c:n 1975.3457054
        b:e:c:w 1976.3671626
        b:e:n:w 3072.4430908
        b:c:n:w 2706.8501663
        e:c:n:w 51159.4322064
