########################################
# legofit: estimate population history #
#       version 2.3.4-4-g53f8760       #
########################################

# Program was compiled: Sep 21 2021 14:36:42
# Program was run: Fri Sep 24 21:05:43 2021

# cmd: legofit -1 -d 0 -t 32 --ptsPerDim 3 --stateOut b1boot43.state --tol 3e-6 -S 5000 abef2.lgo ../../boot/boot43.opf
# Stage nOptItr nSimReps
#     0    5000        0
# algorithm          : deterministic
# ignoring probs <=  : 0
# Branch length floor: 0
# DE strategy        : 2
#    F               : 0.3
#    CR              : 0.8
#    tolerance       : 3e-06
# nthreads           : 32
# lgo input file     : abef2.lgo
# site pat input file: ../../boot/boot43.opf
# free parameters    : 17
# points in DE swarm : 51
# output state file  : b1boot43.state
# Including singleton site patterns.
# cost function      : KL
Initial parameter values
Fixed:
      zero = 0
       one = 1
    Tbecnw = 75200
Free:
       pc1 = 0
       pc2 = 0
       pc3 = 0
       pc4 = 0
       pc5 = 0
       pc6 = 0
       pc7 = 0
       pc8 = 0
       pc9 = 0
      pc10 = 0
      pc11 = 0
      pc12 = 0
      pc13 = 0
      pc14 = 0
      pc15 = 0
      pc16 = 0
      pc17 = 0
Constrained:
   Tgbecnw = 96443.5
     Tecnw = 24784.5
       Tnw = 13997.7
       Tec = 16451.6
     twoNb = 524568
     twoNe = 638227
     twoNc = 1.30084e+06
     twoNw = 2.00077e+06
    twoNec = 56787.1
    twoNnw = 56606.3
  twoNecnw = 76668.8
  twoNbecnw = 8428.52
  twoNgbecnw = 310601
         m = 0.108862
        m2 = 0.0255211
        m5 = 0.187073
        m6 = 0.00972857
        Tb = 20618.1
        Ta = 47909
        Te = 6998.83
        Tf = 3499.41
DiffEv reached_goal. cost=1.79474e-03 spread=2.45083e-06
Fitted parameter values
Free:
       pc1 = -3.9249
       pc2 = -2.55404
       pc3 = 2.34279
       pc4 = -1.49381
       pc5 = -0.0100086
       pc6 = 1.00623
       pc7 = -0.639652
       pc8 = -1.87026
       pc9 = -0.5785
      pc10 = 0.745128
      pc11 = 0.0615347
      pc12 = 0.00252029
      pc13 = -0.0227554
      pc14 = 0.0267757
      pc15 = -0.05596
      pc16 = 0.0240822
      pc17 = -0.0312956
Constrained:
   Tgbecnw = 78707.7
     Tecnw = 23648.5
       Tnw = 15323
       Tec = 18496.6
     twoNb = 381728
     twoNe = 324330
     twoNc = 1.09624e+06
     twoNw = 4.32768e+06
    twoNec = 32208
    twoNnw = 42124.2
  twoNecnw = 74881.6
  twoNbecnw = 1405.12
  twoNgbecnw = 346208
         m = 0.0932664
        m2 = 0.0257013
        m5 = 0.199822
        m6 = 0.0228607
        Tb = 21072.6
        Ta = 48136.3
        Te = 7661.52
        Tf = 3830.76
#       SitePat  BranchLen
              b 122427.6175241
              e 47576.5320982
              c 50017.4832217
              n 45164.9485006
              w 45148.6813818
            b:e 2134.6205180
            b:c 2428.4309839
            b:n 1713.4908715
            b:w 1712.3419612
            e:c 10290.6582145
            e:n 5432.1080007
            e:w 5445.3233762
            c:n 4764.4635579
            c:w 4763.6170390
            n:w 12348.2840797
          b:e:c 2018.9499014
          b:e:n 1059.8593984
          b:e:w 1060.6543708
          b:c:n 1070.9919542
          b:c:w 1070.0774698
          b:n:w 1989.6266320
          e:c:n 4549.4731857
          e:c:w 4553.3714478
          e:n:w 6353.3977607
          c:n:w 5320.9074249
        b:e:c:n 1993.6483099
        b:e:c:w 1994.9167323
        b:e:n:w 3075.7899736
        b:c:n:w 2702.3138084
        e:c:n:w 50914.0273084
