########################################
# legofit: estimate population history #
#       version 2.3.4-4-g53f8760       #
########################################

# Program was compiled: Sep 21 2021 14:36:42
# Program was run: Fri Sep 24 21:02:50 2021

# cmd: legofit -1 -d 0 -t 32 --ptsPerDim 3 --stateOut b1boot37.state --tol 3e-6 -S 5000 abef2.lgo ../../boot/boot37.opf
# Stage nOptItr nSimReps
#     0    5000        0
# algorithm          : deterministic
# ignoring probs <=  : 0
# Branch length floor: 0
# DE strategy        : 2
#    F               : 0.3
#    CR              : 0.8
#    tolerance       : 3e-06
# nthreads           : 32
# lgo input file     : abef2.lgo
# site pat input file: ../../boot/boot37.opf
# free parameters    : 17
# points in DE swarm : 51
# output state file  : b1boot37.state
# Including singleton site patterns.
# cost function      : KL
Initial parameter values
Fixed:
      zero = 0
       one = 1
    Tbecnw = 75200
Free:
       pc1 = 0
       pc2 = 0
       pc3 = 0
       pc4 = 0
       pc5 = 0
       pc6 = 0
       pc7 = 0
       pc8 = 0
       pc9 = 0
      pc10 = 0
      pc11 = 0
      pc12 = 0
      pc13 = 0
      pc14 = 0
      pc15 = 0
      pc16 = 0
      pc17 = 0
Constrained:
   Tgbecnw = 96443.5
     Tecnw = 24784.5
       Tnw = 13997.7
       Tec = 16451.6
     twoNb = 524568
     twoNe = 638227
     twoNc = 1.30084e+06
     twoNw = 2.00077e+06
    twoNec = 56787.1
    twoNnw = 56606.3
  twoNecnw = 76668.8
  twoNbecnw = 8428.52
  twoNgbecnw = 310601
         m = 0.108862
        m2 = 0.0255211
        m5 = 0.187073
        m6 = 0.00972857
        Tb = 20618.1
        Ta = 47909
        Te = 6998.83
        Tf = 3499.41
DiffEv reached_goal. cost=1.78992e-03 spread=2.39244e-06
Fitted parameter values
Free:
       pc1 = -3.55974
       pc2 = -1.92583
       pc3 = 1.70958
       pc4 = -1.9428
       pc5 = -1.75587
       pc6 = -0.868088
       pc7 = -0.527364
       pc8 = -1.77752
       pc9 = -0.416085
      pc10 = 0.158005
      pc11 = 0.655973
      pc12 = 0.30988
      pc13 = 0.0534409
      pc14 = -0.0463588
      pc15 = -0.0175623
      pc16 = -0.0582116
      pc17 = -0.047164
Constrained:
   Tgbecnw = 78008.3
     Tecnw = 23341.7
       Tnw = 14622.9
       Tec = 17478.1
     twoNb = 480279
     twoNe = 1.18448e+06
     twoNc = 4.15444e+06
     twoNw = 4.3362e+06
    twoNec = 38221.7
    twoNnw = 44724.3
  twoNecnw = 75800.7
  twoNbecnw = 1125.11
  twoNgbecnw = 342103
         m = 0.0974369
        m2 = 0.0256209
        m5 = 0.192092
        m6 = 0.0123302
        Tb = 20409.9
        Ta = 47804.9
        Te = 7311.44
        Tf = 3655.72
#       SitePat  BranchLen
              b 122948.5079548
              e 47550.8263785
              c 50034.5031121
              n 45089.0871695
              w 45075.0159818
            b:e 2093.5955027
            b:c 2380.5188888
            b:n 1692.8931552
            b:w 1691.9200927
            e:c 10310.8150998
            e:n 5441.2067627
            e:w 5453.6996953
            c:n 4758.4344059
            c:w 4756.6989242
            n:w 12397.4966082
          b:e:c 1988.3341373
          b:e:n 1049.1380891
          b:e:w 1049.9313322
          b:c:n 1060.0265609
          b:c:w 1059.1312373
          b:n:w 1965.5754638
          e:c:n 4520.6663816
          e:c:w 4523.9801183
          e:n:w 6307.5870460
          c:n:w 5274.7783813
        b:e:c:n 1971.3316425
        b:e:c:w 1972.4067855
        b:e:n:w 3083.4042396
        b:c:n:w 2705.2974943
        e:c:n:w 51395.0895746
