########################################
# legofit: estimate population history #
#       version 2.3.4-4-g53f8760       #
########################################

# Program was compiled: Sep 21 2021 14:36:42
# Program was run: Fri Sep 24 20:49:59 2021

# cmd: legofit -1 -d 0 -t 32 --ptsPerDim 3 --stateOut b1boot15.state --tol 3e-6 -S 5000 abef2.lgo ../../boot/boot15.opf
# Stage nOptItr nSimReps
#     0    5000        0
# algorithm          : deterministic
# ignoring probs <=  : 0
# Branch length floor: 0
# DE strategy        : 2
#    F               : 0.3
#    CR              : 0.8
#    tolerance       : 3e-06
# nthreads           : 32
# lgo input file     : abef2.lgo
# site pat input file: ../../boot/boot15.opf
# free parameters    : 17
# points in DE swarm : 51
# output state file  : b1boot15.state
# Including singleton site patterns.
# cost function      : KL
Initial parameter values
Fixed:
      zero = 0
       one = 1
    Tbecnw = 75200
Free:
       pc1 = 0
       pc2 = 0
       pc3 = 0
       pc4 = 0
       pc5 = 0
       pc6 = 0
       pc7 = 0
       pc8 = 0
       pc9 = 0
      pc10 = 0
      pc11 = 0
      pc12 = 0
      pc13 = 0
      pc14 = 0
      pc15 = 0
      pc16 = 0
      pc17 = 0
Constrained:
   Tgbecnw = 96443.5
     Tecnw = 24784.5
       Tnw = 13997.7
       Tec = 16451.6
     twoNb = 524568
     twoNe = 638227
     twoNc = 1.30084e+06
     twoNw = 2.00077e+06
    twoNec = 56787.1
    twoNnw = 56606.3
  twoNecnw = 76668.8
  twoNbecnw = 8428.52
  twoNgbecnw = 310601
         m = 0.108862
        m2 = 0.0255211
        m5 = 0.187073
        m6 = 0.00972857
        Tb = 20618.1
        Ta = 47909
        Te = 6998.83
        Tf = 3499.41
DiffEv reached_goal. cost=1.77501e-03 spread=2.96972e-06
Fitted parameter values
Free:
       pc1 = -3.49882
       pc2 = -3.28727
       pc3 = 3.07246
       pc4 = -1.96657
       pc5 = -1.22119
       pc6 = -0.459733
       pc7 = 0.46103
       pc8 = -1.77207
       pc9 = -1.64002
      pc10 = 0.61353
      pc11 = 0.468859
      pc12 = 0.114494
      pc13 = 0.028251
      pc14 = -0.0481924
      pc15 = -0.00793833
      pc16 = -0.019036
      pc17 = -0.0089732
Constrained:
   Tgbecnw = 77974.5
     Tecnw = 23728.2
       Tnw = 14630.7
       Tec = 16406.1
     twoNb = 380198
     twoNe = 830348
     twoNc = 5.37841e+06
     twoNw = 4.86474e+06
    twoNec = 47050.7
    twoNnw = 46346.2
  twoNecnw = 74558.5
  twoNbecnw = 1091.18
  twoNgbecnw = 360551
         m = 0.0894066
        m2 = 0.0254797
        m5 = 0.20091
        m6 = 0.02472
        Tb = 20067.2
        Ta = 47633.6
        Te = 7315.36
        Tf = 3657.68
#       SitePat  BranchLen
              b 122138.9746003
              e 47470.7116187
              c 49896.7950137
              n 45059.0884273
              w 45044.8922338
            b:e 2116.9389138
            b:c 2404.8914966
            b:n 1691.1395269
            b:w 1690.1578595
            e:c 10246.8669385
            e:n 5434.8275484
            e:w 5446.2044093
            c:n 4764.4494345
            c:w 4763.9163809
            n:w 12288.1503849
          b:e:c 1984.9328219
          b:e:n 1052.6772084
          b:e:w 1053.3370635
          b:c:n 1063.5666849
          b:c:w 1062.8040246
          b:n:w 1954.0269722
          e:c:n 4503.5282561
          e:c:w 4506.8806423
          e:n:w 6309.3677081
          c:n:w 5294.3068946
        b:e:c:n 1970.6003252
        b:e:c:w 1971.6847978
        b:e:n:w 3049.4945278
        b:c:n:w 2682.8290349
        e:c:n:w 50770.0032486
