########################################
# legofit: estimate population history #
#       version 2.3.4-4-g53f8760       #
########################################

# Program was compiled: Sep 21 2021 14:36:42
# Program was run: Fri Sep 24 20:54:05 2021

# cmd: legofit -1 -d 0 -t 32 --ptsPerDim 3 --stateOut b1boot23.state --tol 3e-6 -S 5000 abef2.lgo ../../boot/boot23.opf
# Stage nOptItr nSimReps
#     0    5000        0
# algorithm          : deterministic
# ignoring probs <=  : 0
# Branch length floor: 0
# DE strategy        : 2
#    F               : 0.3
#    CR              : 0.8
#    tolerance       : 3e-06
# nthreads           : 32
# lgo input file     : abef2.lgo
# site pat input file: ../../boot/boot23.opf
# free parameters    : 17
# points in DE swarm : 51
# output state file  : b1boot23.state
# Including singleton site patterns.
# cost function      : KL
Initial parameter values
Fixed:
      zero = 0
       one = 1
    Tbecnw = 75200
Free:
       pc1 = 0
       pc2 = 0
       pc3 = 0
       pc4 = 0
       pc5 = 0
       pc6 = 0
       pc7 = 0
       pc8 = 0
       pc9 = 0
      pc10 = 0
      pc11 = 0
      pc12 = 0
      pc13 = 0
      pc14 = 0
      pc15 = 0
      pc16 = 0
      pc17 = 0
Constrained:
   Tgbecnw = 96443.5
     Tecnw = 24784.5
       Tnw = 13997.7
       Tec = 16451.6
     twoNb = 524568
     twoNe = 638227
     twoNc = 1.30084e+06
     twoNw = 2.00077e+06
    twoNec = 56787.1
    twoNnw = 56606.3
  twoNecnw = 76668.8
  twoNbecnw = 8428.52
  twoNgbecnw = 310601
         m = 0.108862
        m2 = 0.0255211
        m5 = 0.187073
        m6 = 0.00972857
        Tb = 20618.1
        Ta = 47909
        Te = 6998.83
        Tf = 3499.41
DiffEv reached_goal. cost=1.75567e-03 spread=2.27747e-06
Fitted parameter values
Free:
       pc1 = -2.72688
       pc2 = -3.59437
       pc3 = 2.2913
       pc4 = -1.64075
       pc5 = 0.276489
       pc6 = -0.401742
       pc7 = -0.205896
       pc8 = -1.9786
       pc9 = -1.05027
      pc10 = 0.0175932
      pc11 = 0.127172
      pc12 = 0.117559
      pc13 = -0.00581107
      pc14 = 0.0788937
      pc15 = -0.0337234
      pc16 = -0.0381202
      pc17 = -0.0223238
Constrained:
   Tgbecnw = 77666.6
     Tecnw = 23993.9
       Tnw = 14439.8
       Tec = 16197.8
     twoNb = 456668
     twoNe = 383866
     twoNc = 3.46665e+06
     twoNw = 3.47494e+06
    twoNec = 49343.8
    twoNnw = 48004.5
  twoNecnw = 73360.9
  twoNbecnw = 990.75
  twoNgbecnw = 349428
         m = 0.0904666
        m2 = 0.026109
        m5 = 0.201375
        m6 = 0.026221
        Tb = 20095.8
        Ta = 47647.9
        Te = 7219.92
        Tf = 3609.96
#       SitePat  BranchLen
              b 121843.4780058
              e 47463.6311950
              c 49911.5473226
              n 44996.5648891
              w 44976.7008709
            b:e 2125.8349324
            b:c 2414.6716588
            b:n 1708.8187011
            b:w 1707.4345507
            e:c 10283.8505873
            e:n 5413.5899921
            e:w 5429.3213557
            c:n 4742.7767592
            c:w 4742.2258994
            n:w 12343.3424676
          b:e:c 2010.3516614
          b:e:n 1060.5308228
          b:e:w 1061.4396452
          b:c:n 1071.5461873
          b:c:w 1070.4954205
          b:n:w 1983.4955410
          e:c:n 4519.2224969
          e:c:w 4523.9060113
          e:n:w 6348.5401912
          c:n:w 5323.1948379
        b:e:c:n 1984.7547540
        b:e:c:w 1986.2808489
        b:e:n:w 3088.4470046
        b:c:n:w 2714.8770180
        e:c:n:w 50532.7554341
