########################################
# legofit: estimate population history #
#       version 2.3.4-4-g53f8760       #
########################################

# Program was compiled: Sep 21 2021 14:36:42
# Program was run: Fri Sep 24 21:05:34 2021

# cmd: legofit -1 -d 0 -t 32 --ptsPerDim 3 --stateOut b1boot42.state --tol 3e-6 -S 5000 abef2.lgo ../../boot/boot42.opf
# Stage nOptItr nSimReps
#     0    5000        0
# algorithm          : deterministic
# ignoring probs <=  : 0
# Branch length floor: 0
# DE strategy        : 2
#    F               : 0.3
#    CR              : 0.8
#    tolerance       : 3e-06
# nthreads           : 32
# lgo input file     : abef2.lgo
# site pat input file: ../../boot/boot42.opf
# free parameters    : 17
# points in DE swarm : 51
# output state file  : b1boot42.state
# Including singleton site patterns.
# cost function      : KL
Initial parameter values
Fixed:
      zero = 0
       one = 1
    Tbecnw = 75200
Free:
       pc1 = 0
       pc2 = 0
       pc3 = 0
       pc4 = 0
       pc5 = 0
       pc6 = 0
       pc7 = 0
       pc8 = 0
       pc9 = 0
      pc10 = 0
      pc11 = 0
      pc12 = 0
      pc13 = 0
      pc14 = 0
      pc15 = 0
      pc16 = 0
      pc17 = 0
Constrained:
   Tgbecnw = 96443.5
     Tecnw = 24784.5
       Tnw = 13997.7
       Tec = 16451.6
     twoNb = 524568
     twoNe = 638227
     twoNc = 1.30084e+06
     twoNw = 2.00077e+06
    twoNec = 56787.1
    twoNnw = 56606.3
  twoNecnw = 76668.8
  twoNbecnw = 8428.52
  twoNgbecnw = 310601
         m = 0.108862
        m2 = 0.0255211
        m5 = 0.187073
        m6 = 0.00972857
        Tb = 20618.1
        Ta = 47909
        Te = 6998.83
        Tf = 3499.41
DiffEv reached_goal. cost=1.78100e-03 spread=2.96903e-06
Fitted parameter values
Free:
       pc1 = -3.69092
       pc2 = -3.00787
       pc3 = 2.67201
       pc4 = -1.46725
       pc5 = -1.76706
       pc6 = -1.7205
       pc7 = 0.259782
       pc8 = -1.63823
       pc9 = -1.55691
      pc10 = 0.373851
      pc11 = -0.0979394
      pc12 = -0.0874356
      pc13 = -0.0917807
      pc14 = 0.0111691
      pc15 = 0.0031168
      pc16 = -0.0356803
      pc17 = -0.0305459
Constrained:
   Tgbecnw = 77386.3
     Tecnw = 23654.7
       Tnw = 15129.7
       Tec = 16842
     twoNb = 378293
     twoNe = 1.03028e+06
     twoNc = 7.4929e+06
     twoNw = 4.2155e+06
    twoNec = 43809.6
    twoNnw = 43009
  twoNecnw = 74166
  twoNbecnw = 874.311
  twoNgbecnw = 347449
         m = 0.0924834
        m2 = 0.0256582
        m5 = 0.194817
        m6 = 0.020735
        Tb = 20248.3
        Ta = 47724.2
        Te = 7564.87
        Tf = 3782.43
#       SitePat  BranchLen
              b 121892.4699145
              e 47403.6731353
              c 49799.1991898
              n 44970.9553761
              w 44955.0853479
            b:e 2114.6910731
            b:c 2401.0429812
            b:n 1681.6652744
            b:w 1680.5610470
            e:c 10263.5346823
            e:n 5389.8924351
            e:w 5402.9676765
            c:n 4733.6024110
            c:w 4732.6199913
            n:w 12305.7020091
          b:e:c 1986.0693729
          b:e:n 1043.3895676
          b:e:w 1044.1740134
          b:c:n 1054.2387044
          b:c:w 1053.3390206
          b:n:w 1954.7299769
          e:c:n 4499.1734087
          e:c:w 4502.9506152
          e:n:w 6313.7484156
          c:n:w 5301.3912954
        b:e:c:n 1957.7725176
        b:e:c:w 1958.9919831
        b:e:n:w 3037.6649849
        b:c:n:w 2674.7676723
        e:c:n:w 50616.8744065
