########################################
# legofit: estimate population history #
#       version 2.3.4-4-g53f8760       #
########################################

# Program was compiled: Sep 21 2021 14:36:42
# Program was run: Fri Sep 24 20:47:33 2021

# cmd: legofit -1 -d 0 -t 32 --ptsPerDim 3 --stateOut b1boot10.state --tol 3e-6 -S 5000 abef2.lgo ../../boot/boot10.opf
# Stage nOptItr nSimReps
#     0    5000        0
# algorithm          : deterministic
# ignoring probs <=  : 0
# Branch length floor: 0
# DE strategy        : 2
#    F               : 0.3
#    CR              : 0.8
#    tolerance       : 3e-06
# nthreads           : 32
# lgo input file     : abef2.lgo
# site pat input file: ../../boot/boot10.opf
# free parameters    : 17
# points in DE swarm : 51
# output state file  : b1boot10.state
# Including singleton site patterns.
# cost function      : KL
Initial parameter values
Fixed:
      zero = 0
       one = 1
    Tbecnw = 75200
Free:
       pc1 = 0
       pc2 = 0
       pc3 = 0
       pc4 = 0
       pc5 = 0
       pc6 = 0
       pc7 = 0
       pc8 = 0
       pc9 = 0
      pc10 = 0
      pc11 = 0
      pc12 = 0
      pc13 = 0
      pc14 = 0
      pc15 = 0
      pc16 = 0
      pc17 = 0
Constrained:
   Tgbecnw = 96443.5
     Tecnw = 24784.5
       Tnw = 13997.7
       Tec = 16451.6
     twoNb = 524568
     twoNe = 638227
     twoNc = 1.30084e+06
     twoNw = 2.00077e+06
    twoNec = 56787.1
    twoNnw = 56606.3
  twoNecnw = 76668.8
  twoNbecnw = 8428.52
  twoNgbecnw = 310601
         m = 0.108862
        m2 = 0.0255211
        m5 = 0.187073
        m6 = 0.00972857
        Tb = 20618.1
        Ta = 47909
        Te = 6998.83
        Tf = 3499.41
DiffEv reached_goal. cost=1.76934e-03 spread=2.79028e-06
Fitted parameter values
Free:
       pc1 = -3.86327
       pc2 = -2.71958
       pc3 = 0.993349
       pc4 = -1.84789
       pc5 = -1.89397
       pc6 = -0.115225
       pc7 = -0.441567
       pc8 = -1.21519
       pc9 = -0.805375
      pc10 = 0.268664
      pc11 = 0.00369831
      pc12 = 0.0314554
      pc13 = 0.0593711
      pc14 = 0.00724516
      pc15 = -0.0136999
      pc16 = -0.0461164
      pc17 = -0.0139313
Constrained:
   Tgbecnw = 77868.5
     Tecnw = 23433.8
       Tnw = 14597.3
       Tec = 17143.8
     twoNb = 363751
     twoNe = 999458
     twoNc = 3.19969e+06
     twoNw = 4.07516e+06
    twoNec = 41915.4
    twoNnw = 45546.7
  twoNecnw = 74798.6
  twoNbecnw = 1061.88
  twoNgbecnw = 353523
         m = 0.0920915
        m2 = 0.0258337
        m5 = 0.18714
        m6 = 0.0105827
        Tb = 20288.8
        Ta = 47744.4
        Te = 7298.67
        Tf = 3649.33
#       SitePat  BranchLen
              b 122468.2963902
              e 47530.9552962
              c 49948.2194719
              n 45059.4978463
              w 45045.1013941
            b:e 2149.0816379
            b:c 2440.0207143
            b:n 1706.8200312
            b:w 1705.8146340
            e:c 10272.5757120
            e:n 5429.1773793
            e:w 5442.1353874
            c:n 4763.7374101
            c:w 4761.7798258
            n:w 12373.0308533
          b:e:c 2009.6713374
          b:e:n 1060.1504759
          b:e:w 1060.9903989
          b:c:n 1071.3010160
          b:c:w 1070.3547510
          b:n:w 1976.3688937
          e:c:n 4531.5077076
          e:c:w 4534.9037360
          e:n:w 6335.3080847
          c:n:w 5321.0248673
        b:e:c:n 1989.8526497
        b:e:c:w 1990.9643891
        b:e:n:w 3088.1365776
        b:c:n:w 2719.4971456
        e:c:n:w 51081.9104581
