########################################
# legofit: estimate population history #
#       version 2.3.4-4-g53f8760       #
########################################

# Program was compiled: Sep 21 2021 14:36:42
# Program was run: Fri Sep 24 20:54:17 2021

# cmd: legofit -1 -d 0 -t 32 --ptsPerDim 3 --stateOut b1boot24.state --tol 3e-6 -S 5000 abef2.lgo ../../boot/boot24.opf
# Stage nOptItr nSimReps
#     0    5000        0
# algorithm          : deterministic
# ignoring probs <=  : 0
# Branch length floor: 0
# DE strategy        : 2
#    F               : 0.3
#    CR              : 0.8
#    tolerance       : 3e-06
# nthreads           : 32
# lgo input file     : abef2.lgo
# site pat input file: ../../boot/boot24.opf
# free parameters    : 17
# points in DE swarm : 51
# output state file  : b1boot24.state
# Including singleton site patterns.
# cost function      : KL
Initial parameter values
Fixed:
      zero = 0
       one = 1
    Tbecnw = 75200
Free:
       pc1 = 0
       pc2 = 0
       pc3 = 0
       pc4 = 0
       pc5 = 0
       pc6 = 0
       pc7 = 0
       pc8 = 0
       pc9 = 0
      pc10 = 0
      pc11 = 0
      pc12 = 0
      pc13 = 0
      pc14 = 0
      pc15 = 0
      pc16 = 0
      pc17 = 0
Constrained:
   Tgbecnw = 96443.5
     Tecnw = 24784.5
       Tnw = 13997.7
       Tec = 16451.6
     twoNb = 524568
     twoNe = 638227
     twoNc = 1.30084e+06
     twoNw = 2.00077e+06
    twoNec = 56787.1
    twoNnw = 56606.3
  twoNecnw = 76668.8
  twoNbecnw = 8428.52
  twoNgbecnw = 310601
         m = 0.108862
        m2 = 0.0255211
        m5 = 0.187073
        m6 = 0.00972857
        Tb = 20618.1
        Ta = 47909
        Te = 6998.83
        Tf = 3499.41
DiffEv reached_goal. cost=1.78126e-03 spread=2.97236e-06
Fitted parameter values
Free:
       pc1 = -3.3509
       pc2 = -3.48459
       pc3 = 3.28405
       pc4 = -1.86275
       pc5 = -1.38484
       pc6 = -0.871286
       pc7 = -0.0506021
       pc8 = -1.51032
       pc9 = -1.40472
      pc10 = 0.332425
      pc11 = 0.365615
      pc12 = 0.486724
      pc13 = -0.0145901
      pc14 = -0.0235137
      pc15 = -0.00900949
      pc16 = -0.0250099
      pc17 = -0.0311175
Constrained:
   Tgbecnw = 76896.3
     Tecnw = 23680.8
       Tnw = 14314.7
       Tec = 16414.9
     twoNb = 378430
     twoNe = 1.0652e+06
     twoNc = 5.79909e+06
     twoNw = 4.5215e+06
    twoNec = 46147.7
    twoNnw = 48495.3
  twoNecnw = 74494.5
  twoNbecnw = 674.387
  twoNgbecnw = 353926
         m = 0.0916969
        m2 = 0.0259961
        m5 = 0.203691
        m6 = 0.02297
        Tb = 20047.8
        Ta = 47623.9
        Te = 7157.34
        Tf = 3578.67
#       SitePat  BranchLen
              b 122070.7298589
              e 47356.2991528
              c 49825.0518590
              n 45054.2470412
              w 45039.2107515
            b:e 2113.5325633
            b:c 2407.3794113
            b:n 1694.0696667
            b:w 1693.0343668
            e:c 10246.8687816
            e:n 5443.9498591
            e:w 5456.2174218
            c:n 4759.5879457
            c:w 4758.8264847
            n:w 12230.6378053
          b:e:c 1980.5805695
          b:e:n 1053.2374591
          b:e:w 1053.9574724
          b:c:n 1064.4694987
          b:c:w 1063.6401515
          b:n:w 1950.4954806
          e:c:n 4511.3013305
          e:c:w 4514.8315185
          e:n:w 6289.7521244
          c:n:w 5263.2358753
        b:e:c:n 1975.8285920
        b:e:c:w 1976.9732259
        b:e:n:w 3057.7627676
        b:c:n:w 2682.5175575
        e:c:n:w 50807.1159860
