########################################
# legofit: estimate population history #
#       version 2.3.4-4-g53f8760       #
########################################

# Program was compiled: Sep 21 2021 14:36:42
# Program was run: Thu Sep 23 10:42:19 2021

# cmd: legofit -1 -d 0 -t 32 --ptsPerDim 3 --stateOut b1.state --tol 3e-6 -S 5000 ae2.lgo ../../chrX/pan_chrX.opf
# Stage nOptItr nSimReps
#     0    5000        0
# algorithm          : deterministic
# ignoring probs <=  : 0
# Branch length floor: 0
# DE strategy        : 2
#    F               : 0.3
#    CR              : 0.8
#    tolerance       : 3e-06
# nthreads           : 32
# lgo input file     : ae2.lgo
# site pat input file: ../../chrX/pan_chrX.opf
# free parameters    : 14
# points in DE swarm : 42
# output state file  : b1.state
# Including singleton site patterns.
# cost function      : KL
Initial parameter values
Fixed:
      zero = 0
       one = 1
    Tbecnw = 75200
Free:
       pc1 = 0
       pc2 = 0
       pc3 = 0
       pc4 = 0
       pc5 = 0
       pc6 = 0
       pc7 = 0
       pc8 = 0
       pc9 = 0
      pc10 = 0
      pc11 = 0
      pc12 = 0
      pc13 = 0
      pc14 = 0
Constrained:
   Tgbecnw = 104524
     Tecnw = 24938.1
       Tnw = 23241.1
       Tec = 11821.4
     twoNb = 302292
     twoNe = 675388
     twoNw = 747895
    twoNec = 74494.4
    twoNnw = 6470.5
  twoNecnw = 69102.8
  twoNbecnw = 11428.2
  twoNgbecnw = 196454
         m = 0.152501
        m5 = 0.143516
        Ta = 37600
        Te = 11620.6
DiffEv reached_goal. cost=2.45715e-03 spread=2.31854e-06
Fitted parameter values
Free:
       pc1 = 3.97686
       pc2 = 0.913294
       pc3 = 1.70221
       pc4 = 0.922328
       pc5 = -0.026766
       pc6 = -0.580349
       pc7 = 0.240715
       pc8 = -0.558773
       pc9 = -0.048727
      pc10 = -0.410172
      pc11 = -0.173608
      pc12 = -0.0530759
      pc13 = 0.0449389
      pc14 = -0.00628179
Constrained:
   Tgbecnw = 82510.5
     Tecnw = 23148.5
       Tnw = 23064.3
       Tec = 11597.3
     twoNb = 174984
     twoNe = 2.66926e+06
     twoNw = 1.1201e+06
    twoNec = 65509.1
    twoNnw = 316.108
  twoNecnw = 67722.9
  twoNbecnw = 2837.31
  twoNgbecnw = 247081
         m = 0.117453
        m5 = 0.143754
        Ta = 37600
        Te = 11532.2
#       SitePat  BranchLen
              b 116584.8410215
              e 43622.7716313
              c 45534.6566448
              n 42557.1210616
              w 42513.3558152
            b:e 1197.7486019
            b:c 1348.4693307
            b:n 1065.6599052
            b:w 1063.2011384
            e:c 11241.0832450
            e:n 4453.8855474
            e:w 4497.6507939
            c:n 4001.4144286
            c:w 3989.4863979
            n:w 12162.1782012
          b:e:c 1378.0639431
          b:e:n 604.1839137
          b:e:w 606.6426805
          b:c:n 610.4667274
          b:c:w 607.8254120
          b:n:w 1364.4331065
          e:c:n 4099.3735395
          e:c:w 4111.3015701
          e:n:w 5703.3430476
          c:n:w 4752.0935489
        b:e:c:n 1183.3529316
        b:e:c:w 1185.9942470
        b:e:n:w 1486.0760074
        b:c:n:w 1327.8897334
        e:c:n:w 46243.3770003
