########################################
# legofit: estimate population history #
#       version 2.3.4-4-g53f8760       #
########################################

# Program was compiled: Sep 21 2021 14:36:42
# Program was run: Thu Sep 23 10:43:06 2021

# cmd: legofit -1 -d 0 -t 32 --ptsPerDim 3 --stateOut b1boot36.state --tol 3e-6 -S 5000 ae2.lgo ../../chrX/boot_chrX/boot36.opf
# Stage nOptItr nSimReps
#     0    5000        0
# algorithm          : deterministic
# ignoring probs <=  : 0
# Branch length floor: 0
# DE strategy        : 2
#    F               : 0.3
#    CR              : 0.8
#    tolerance       : 3e-06
# nthreads           : 32
# lgo input file     : ae2.lgo
# site pat input file: ../../chrX/boot_chrX/boot36.opf
# free parameters    : 14
# points in DE swarm : 42
# output state file  : b1boot36.state
# Including singleton site patterns.
# cost function      : KL
Initial parameter values
Fixed:
      zero = 0
       one = 1
    Tbecnw = 75200
Free:
       pc1 = 0
       pc2 = 0
       pc3 = 0
       pc4 = 0
       pc5 = 0
       pc6 = 0
       pc7 = 0
       pc8 = 0
       pc9 = 0
      pc10 = 0
      pc11 = 0
      pc12 = 0
      pc13 = 0
      pc14 = 0
Constrained:
   Tgbecnw = 104524
     Tecnw = 24938.1
       Tnw = 23241.1
       Tec = 11821.4
     twoNb = 302292
     twoNe = 675388
     twoNw = 747895
    twoNec = 74494.4
    twoNnw = 6470.5
  twoNecnw = 69102.8
  twoNbecnw = 11428.2
  twoNgbecnw = 196454
         m = 0.152501
        m5 = 0.143516
        Ta = 37600
        Te = 11620.6
DiffEv reached_goal. cost=2.56258e-03 spread=2.86216e-06
Fitted parameter values
Free:
       pc1 = 3.33698
       pc2 = 1.07128
       pc3 = 1.95847
       pc4 = 1.90924
       pc5 = -0.645884
       pc6 = -1.04407
       pc7 = 0.357475
       pc8 = -0.912216
       pc9 = -0.290366
      pc10 = -0.121346
      pc11 = 0.157914
      pc12 = -0.227882
      pc13 = 0.0972292
      pc14 = -0.0285601
Constrained:
   Tgbecnw = 84078.9
     Tecnw = 23067.3
       Tnw = 23004.3
       Tec = 11530.6
     twoNb = 332548
     twoNe = 4.00175e+06
     twoNw = 1.2563e+06
    twoNec = 67866.7
    twoNnw = 243.045
  twoNecnw = 68963.7
  twoNbecnw = 3558.28
  twoNgbecnw = 223396
         m = 0.134486
        m5 = 0.143374
        Ta = 37600
        Te = 11502.1
#       SitePat  BranchLen
              b 117762.1983757
              e 43987.4145506
              c 45874.7627829
              n 42866.1328807
              w 42826.7172079
            b:e 1210.0230434
            b:c 1357.5393254
            b:n 1076.8439731
            b:w 1074.6333268
            e:c 11185.2011130
            e:n 4543.0197508
            e:w 4582.4354236
            c:n 4089.5098385
            c:w 4078.7603086
            n:w 12151.8093190
          b:e:c 1372.5855001
          b:e:n 614.9583069
          b:e:w 617.1689532
          b:c:n 620.8934809
          b:c:w 618.5208807
          b:n:w 1359.1041519
          e:c:n 4137.0797050
          e:c:w 4147.8292349
          e:n:w 5725.5914888
          c:n:w 4795.4282838
        b:e:c:n 1194.8517807
        b:e:c:w 1197.2243809
        b:e:n:w 1494.9636551
        b:c:n:w 1340.1602717
        e:c:n:w 46901.3225195
