########################################
# legofit: estimate population history #
#       version 2.3.4-4-g53f8760       #
########################################

# Program was compiled: Sep 21 2021 14:36:42
# Program was run: Thu Sep 23 10:42:58 2021

# cmd: legofit -1 -d 0 -t 32 --ptsPerDim 3 --stateOut b1boot29.state --tol 3e-6 -S 5000 ae2.lgo ../../chrX/boot_chrX/boot29.opf
# Stage nOptItr nSimReps
#     0    5000        0
# algorithm          : deterministic
# ignoring probs <=  : 0
# Branch length floor: 0
# DE strategy        : 2
#    F               : 0.3
#    CR              : 0.8
#    tolerance       : 3e-06
# nthreads           : 32
# lgo input file     : ae2.lgo
# site pat input file: ../../chrX/boot_chrX/boot29.opf
# free parameters    : 14
# points in DE swarm : 42
# output state file  : b1boot29.state
# Including singleton site patterns.
# cost function      : KL
Initial parameter values
Fixed:
      zero = 0
       one = 1
    Tbecnw = 75200
Free:
       pc1 = 0
       pc2 = 0
       pc3 = 0
       pc4 = 0
       pc5 = 0
       pc6 = 0
       pc7 = 0
       pc8 = 0
       pc9 = 0
      pc10 = 0
      pc11 = 0
      pc12 = 0
      pc13 = 0
      pc14 = 0
Constrained:
   Tgbecnw = 104524
     Tecnw = 24938.1
       Tnw = 23241.1
       Tec = 11821.4
     twoNb = 302292
     twoNe = 675388
     twoNw = 747895
    twoNec = 74494.4
    twoNnw = 6470.5
  twoNecnw = 69102.8
  twoNbecnw = 11428.2
  twoNgbecnw = 196454
         m = 0.152501
        m5 = 0.143516
        Ta = 37600
        Te = 11620.6
DiffEv reached_goal. cost=2.57072e-03 spread=2.98603e-06
Fitted parameter values
Free:
       pc1 = 1.83856
       pc2 = 1.28214
       pc3 = 1.37626
       pc4 = 0.490655
       pc5 = -1.96921
       pc6 = -0.093113
       pc7 = 1.27541
       pc8 = -0.97173
       pc9 = -0.328713
      pc10 = -0.114323
      pc11 = -0.133881
      pc12 = -0.083168
      pc13 = 0.0387293
      pc14 = 0.012011
Constrained:
   Tgbecnw = 93707.5
     Tecnw = 24195.6
       Tnw = 23327.9
       Tec = 11677
     twoNb = 584553
     twoNe = 1.61199e+06
     twoNw = 1.41639e+06
    twoNec = 68701.2
    twoNnw = 3378.77
  twoNecnw = 68151.4
  twoNbecnw = 7224.02
  twoNgbecnw = 210272
         m = 0.141
        m5 = 0.154688
        Ta = 37600
        Te = 11664
#       SitePat  BranchLen
              b 119719.4397000
              e 44586.7534427
              c 46626.9575244
              n 43854.1360115
              w 43814.8792043
            b:e 1192.3432355
            b:c 1349.3641945
            b:n 1083.7044797
            b:w 1081.5576542
            e:c 11470.2007607
            e:n 4578.1369965
            e:w 4617.3938038
            c:n 4082.7844123
            c:w 4072.2305108
            n:w 12203.3540254
          b:e:c 1365.8260359
          b:e:n 608.5401906
          b:e:w 610.6870161
          b:c:n 614.1886509
          b:c:w 611.9033557
          b:n:w 1355.3172255
          e:c:n 4236.3750369
          e:c:w 4246.9289385
          e:n:w 5780.6907009
          c:n:w 4781.0024964
        b:e:c:n 1187.2054236
        b:e:c:w 1189.4907189
        b:e:n:w 1469.0224091
        b:c:n:w 1305.1366503
        e:c:n:w 47604.1322308
