########################################
# legofit: estimate population history #
#       version 2.3.4-4-g53f8760       #
########################################

# Program was compiled: Sep 21 2021 14:36:42
# Program was run: Thu Sep 23 10:43:23 2021

# cmd: legofit -1 -d 0 -t 32 --ptsPerDim 3 --stateOut b1boot43.state --tol 3e-6 -S 5000 ae2.lgo ../../chrX/boot_chrX/boot43.opf
# Stage nOptItr nSimReps
#     0    5000        0
# algorithm          : deterministic
# ignoring probs <=  : 0
# Branch length floor: 0
# DE strategy        : 2
#    F               : 0.3
#    CR              : 0.8
#    tolerance       : 3e-06
# nthreads           : 32
# lgo input file     : ae2.lgo
# site pat input file: ../../chrX/boot_chrX/boot43.opf
# free parameters    : 14
# points in DE swarm : 42
# output state file  : b1boot43.state
# Including singleton site patterns.
# cost function      : KL
Initial parameter values
Fixed:
      zero = 0
       one = 1
    Tbecnw = 75200
Free:
       pc1 = 0
       pc2 = 0
       pc3 = 0
       pc4 = 0
       pc5 = 0
       pc6 = 0
       pc7 = 0
       pc8 = 0
       pc9 = 0
      pc10 = 0
      pc11 = 0
      pc12 = 0
      pc13 = 0
      pc14 = 0
Constrained:
   Tgbecnw = 104524
     Tecnw = 24938.1
       Tnw = 23241.1
       Tec = 11821.4
     twoNb = 302292
     twoNe = 675388
     twoNw = 747895
    twoNec = 74494.4
    twoNnw = 6470.5
  twoNecnw = 69102.8
  twoNbecnw = 11428.2
  twoNgbecnw = 196454
         m = 0.152501
        m5 = 0.143516
        Ta = 37600
        Te = 11620.6
DiffEv reached_goal. cost=2.50157e-03 spread=2.90689e-06
Fitted parameter values
Free:
       pc1 = 3.66426
       pc2 = 1.36614
       pc3 = 1.83939
       pc4 = 0.280404
       pc5 = -1.98007
       pc6 = -0.0112156
       pc7 = 0.169426
       pc8 = -0.583626
       pc9 = -0.993604
      pc10 = -0.277316
      pc11 = 0.137298
      pc12 = -0.106984
      pc13 = 0.0154563
      pc14 = -0.030007
Constrained:
   Tgbecnw = 84059.5
     Tecnw = 22964.2
       Tnw = 22660.9
       Tec = 11548.9
     twoNb = 569885
     twoNe = 1.16567e+06
     twoNw = 1.35423e+06
    twoNec = 65181
    twoNnw = 1092.04
  twoNecnw = 70291.9
  twoNbecnw = 3442.08
  twoNgbecnw = 239956
         m = 0.12072
        m5 = 0.154622
        Ta = 37600
        Te = 11330.4
#       SitePat  BranchLen
              b 116632.7311461
              e 43920.3400861
              c 46087.1663795
              n 42521.2384289
              w 42482.5141485
            b:e 1216.8154329
            b:c 1387.0108127
            b:n 1065.9276766
            b:w 1063.7689492
            e:c 11299.0893279
            e:n 4525.4885524
            e:w 4564.2128328
            c:n 4006.4821685
            c:w 3996.1018226
            n:w 12530.3705226
          b:e:c 1402.4619820
          b:e:n 609.7427443
          b:e:w 611.9014717
          b:c:n 616.2476734
          b:c:w 613.9240841
          b:n:w 1386.5924939
          e:c:n 4051.0606794
          e:c:w 4061.4410253
          e:n:w 5866.7010513
          c:n:w 4786.9921521
        b:e:c:n 1187.3935687
        b:e:c:w 1189.7171579
        b:e:n:w 1530.8511219
        b:c:n:w 1352.1282006
        e:c:n:w 45829.9974815
