########################################
# legofit: estimate population history #
#       version 2.3.4-4-g53f8760       #
########################################

# Program was compiled: Sep 21 2021 14:36:42
# Program was run: Thu Sep 23 10:42:52 2021

# cmd: legofit -1 -d 0 -t 32 --ptsPerDim 3 --stateOut b1boot25.state --tol 3e-6 -S 5000 ae2.lgo ../../chrX/boot_chrX/boot25.opf
# Stage nOptItr nSimReps
#     0    5000        0
# algorithm          : deterministic
# ignoring probs <=  : 0
# Branch length floor: 0
# DE strategy        : 2
#    F               : 0.3
#    CR              : 0.8
#    tolerance       : 3e-06
# nthreads           : 32
# lgo input file     : ae2.lgo
# site pat input file: ../../chrX/boot_chrX/boot25.opf
# free parameters    : 14
# points in DE swarm : 42
# output state file  : b1boot25.state
# Including singleton site patterns.
# cost function      : KL
Initial parameter values
Fixed:
      zero = 0
       one = 1
    Tbecnw = 75200
Free:
       pc1 = 0
       pc2 = 0
       pc3 = 0
       pc4 = 0
       pc5 = 0
       pc6 = 0
       pc7 = 0
       pc8 = 0
       pc9 = 0
      pc10 = 0
      pc11 = 0
      pc12 = 0
      pc13 = 0
      pc14 = 0
Constrained:
   Tgbecnw = 104524
     Tecnw = 24938.1
       Tnw = 23241.1
       Tec = 11821.4
     twoNb = 302292
     twoNe = 675388
     twoNw = 747895
    twoNec = 74494.4
    twoNnw = 6470.5
  twoNecnw = 69102.8
  twoNbecnw = 11428.2
  twoNgbecnw = 196454
         m = 0.152501
        m5 = 0.143516
        Ta = 37600
        Te = 11620.6
DiffEv reached_goal. cost=2.45372e-03 spread=2.54990e-06
Fitted parameter values
Free:
       pc1 = 2.18163
       pc2 = 1.74753
       pc3 = 1.75885
       pc4 = -0.254992
       pc5 = -1.59283
       pc6 = -0.174241
       pc7 = -0.808857
       pc8 = -0.489855
       pc9 = -0.872914
      pc10 = 0.215641
      pc11 = 0.0409432
      pc12 = -0.065279
      pc13 = 0.0595066
      pc14 = -0.0363155
Constrained:
   Tgbecnw = 89890.4
     Tecnw = 23254.3
       Tnw = 23062.8
       Tec = 11545.8
     twoNb = 420385
     twoNe = 120403
     twoNw = 1.21297e+06
    twoNec = 65279.7
    twoNnw = 701.696
  twoNecnw = 72997.8
  twoNbecnw = 5849.58
  twoNgbecnw = 210969
         m = 0.148371
        m5 = 0.152336
        Ta = 37600
        Te = 11531.4
#       SitePat  BranchLen
              b 120167.8522138
              e 44702.0628749
              c 46863.6918102
              n 43497.8108259
              w 43453.3906282
            b:e 1243.0565497
            b:c 1412.6293672
            b:n 1102.0371338
            b:w 1099.5484521
            e:c 11657.0909850
            e:n 4608.4831918
            e:w 4652.9033895
            c:n 4089.6505060
            c:w 4077.7737006
            n:w 12751.6049996
          b:e:c 1437.1044890
          b:e:n 624.5872221
          b:e:w 627.0759038
          b:c:n 631.2634599
          b:c:w 628.5928454
          b:n:w 1422.6078390
          e:c:n 4150.3673835
          e:c:w 4162.2441889
          e:n:w 5902.9016674
          c:n:w 4835.2351068
        b:e:c:n 1221.5841722
        b:e:c:w 1224.2547866
        b:e:n:w 1553.3492933
        b:c:n:w 1375.5832965
        e:c:n:w 48004.0609267
