########################################
# legofit: estimate population history #
#       version 2.3.4-4-g53f8760       #
########################################

# Program was compiled: Sep 21 2021 14:36:42
# Program was run: Thu Sep 23 10:42:33 2021

# cmd: legofit -1 -d 0 -t 32 --ptsPerDim 3 --stateOut b1boot10.state --tol 3e-6 -S 5000 ae2.lgo ../../chrX/boot_chrX/boot10.opf
# Stage nOptItr nSimReps
#     0    5000        0
# algorithm          : deterministic
# ignoring probs <=  : 0
# Branch length floor: 0
# DE strategy        : 2
#    F               : 0.3
#    CR              : 0.8
#    tolerance       : 3e-06
# nthreads           : 32
# lgo input file     : ae2.lgo
# site pat input file: ../../chrX/boot_chrX/boot10.opf
# free parameters    : 14
# points in DE swarm : 42
# output state file  : b1boot10.state
# Including singleton site patterns.
# cost function      : KL
Initial parameter values
Fixed:
      zero = 0
       one = 1
    Tbecnw = 75200
Free:
       pc1 = 0
       pc2 = 0
       pc3 = 0
       pc4 = 0
       pc5 = 0
       pc6 = 0
       pc7 = 0
       pc8 = 0
       pc9 = 0
      pc10 = 0
      pc11 = 0
      pc12 = 0
      pc13 = 0
      pc14 = 0
Constrained:
   Tgbecnw = 104524
     Tecnw = 24938.1
       Tnw = 23241.1
       Tec = 11821.4
     twoNb = 302292
     twoNe = 675388
     twoNw = 747895
    twoNec = 74494.4
    twoNnw = 6470.5
  twoNecnw = 69102.8
  twoNbecnw = 11428.2
  twoNgbecnw = 196454
         m = 0.152501
        m5 = 0.143516
        Ta = 37600
        Te = 11620.6
DiffEv reached_goal. cost=2.32925e-03 spread=2.85436e-06
Fitted parameter values
Free:
       pc1 = 2.86016
       pc2 = -0.608691
       pc3 = 1.5671
       pc4 = 2.21228
       pc5 = -1.64442
       pc6 = -0.186297
       pc7 = 0.637902
       pc8 = -0.264288
       pc9 = -1.08743
      pc10 = -0.0330464
      pc11 = -0.0641159
      pc12 = -0.191547
      pc13 = 0.00856061
      pc14 = 0.0303862
Constrained:
   Tgbecnw = 87859.5
     Tecnw = 23551.4
       Tnw = 21760.5
       Tec = 10975.7
     twoNb = 648438
     twoNe = 3.9683e+06
     twoNw = 1.15137e+06
    twoNec = 69602.6
    twoNnw = 7125.05
  twoNecnw = 68608.1
  twoNbecnw = 5038.11
  twoNgbecnw = 226213
         m = 0.128152
        m5 = 0.148328
        Ta = 37600
        Te = 10880.3
#       SitePat  BranchLen
              b 118078.8862846
              e 44072.0126855
              c 46037.8288878
              n 43318.5733655
              w 43274.4784255
            b:e 1245.2207071
            b:c 1400.0253810
            b:n 1136.8651782
            b:w 1134.3860783
            e:c 11507.2546740
            e:n 4600.9418178
            e:w 4645.0367578
            c:n 4118.6573211
            c:w 4106.9631468
            n:w 12275.9490433
          b:e:c 1428.5572910
          b:e:n 640.1791865
          b:e:w 642.6582865
          b:c:n 646.4807107
          b:c:w 643.8263270
          b:n:w 1417.0736354
          e:c:n 4263.8472110
          e:c:w 4275.5413854
          e:n:w 5732.1238674
          c:n:w 4786.6657728
        b:e:c:n 1256.2088169
        b:e:c:w 1258.8632005
        b:e:n:w 1537.1541994
        b:c:n:w 1374.8799609
        e:c:n:w 46735.6651572
