########################################
# legofit: estimate population history #
#       version 2.3.4-4-g53f8760       #
########################################

# Program was compiled: Sep 21 2021 14:36:42
# Program was run: Thu Sep 23 10:42:42 2021

# cmd: legofit -1 -d 0 -t 32 --ptsPerDim 3 --stateOut b1boot18.state --tol 3e-6 -S 5000 ae2.lgo ../../chrX/boot_chrX/boot18.opf
# Stage nOptItr nSimReps
#     0    5000        0
# algorithm          : deterministic
# ignoring probs <=  : 0
# Branch length floor: 0
# DE strategy        : 2
#    F               : 0.3
#    CR              : 0.8
#    tolerance       : 3e-06
# nthreads           : 32
# lgo input file     : ae2.lgo
# site pat input file: ../../chrX/boot_chrX/boot18.opf
# free parameters    : 14
# points in DE swarm : 42
# output state file  : b1boot18.state
# Including singleton site patterns.
# cost function      : KL
Initial parameter values
Fixed:
      zero = 0
       one = 1
    Tbecnw = 75200
Free:
       pc1 = 0
       pc2 = 0
       pc3 = 0
       pc4 = 0
       pc5 = 0
       pc6 = 0
       pc7 = 0
       pc8 = 0
       pc9 = 0
      pc10 = 0
      pc11 = 0
      pc12 = 0
      pc13 = 0
      pc14 = 0
Constrained:
   Tgbecnw = 104524
     Tecnw = 24938.1
       Tnw = 23241.1
       Tec = 11821.4
     twoNb = 302292
     twoNe = 675388
     twoNw = 747895
    twoNec = 74494.4
    twoNnw = 6470.5
  twoNecnw = 69102.8
  twoNbecnw = 11428.2
  twoNgbecnw = 196454
         m = 0.152501
        m5 = 0.143516
        Ta = 37600
        Te = 11620.6
DiffEv reached_goal. cost=2.60688e-03 spread=2.92164e-06
Fitted parameter values
Free:
       pc1 = 2.45341
       pc2 = 1.70677
       pc3 = 1.26279
       pc4 = 2.65496
       pc5 = -1.99603
       pc6 = 1.00936
       pc7 = 0.463027
       pc8 = -1.38307
       pc9 = -1.07967
      pc10 = -0.21959
      pc11 = 0.484808
      pc12 = -0.185626
      pc13 = 0.132476
      pc14 = -0.0433253
Constrained:
   Tgbecnw = 84858.7
     Tecnw = 23474.8
       Tnw = 23259.7
       Tec = 11644
     twoNb = 902593
     twoNe = 4.0408e+06
     twoNw = 1.15911e+06
    twoNec = 69443.1
    twoNnw = 838.136
  twoNecnw = 69740
  twoNbecnw = 4008.2
  twoNgbecnw = 205973
         m = 0.149982
        m5 = 0.1658
        Ta = 37600
        Te = 11629.9
#       SitePat  BranchLen
              b 118765.8518431
              e 44375.5114226
              c 46562.0546900
              n 43355.4924197
              w 43304.8915261
            b:e 1227.1603064
            b:c 1400.1173427
            b:n 1099.8495827
            b:w 1096.9807110
            e:c 11070.7318557
            e:n 4650.0559988
            e:w 4700.6568924
            c:n 4123.9965036
            c:w 4110.3063521
            n:w 12059.8891029
          b:e:c 1384.2511228
          b:e:n 633.3766961
          b:e:w 636.2455678
          b:c:n 640.6469777
          b:c:w 637.5675399
          b:n:w 1370.5055083
          e:c:n 4146.8962766
          e:c:w 4160.5864282
          e:n:w 5838.2418046
          c:n:w 4768.1085727
        b:e:c:n 1219.7926310
        b:e:c:w 1222.8720689
        b:e:n:w 1541.0762872
        b:c:n:w 1359.5269973
        e:c:n:w 47428.3658237
