########################################
# legofit: estimate population history #
#       version 2.3.4-4-g53f8760       #
########################################

# Program was compiled: Sep 21 2021 14:36:42
# Program was run: Thu Sep 23 10:43:23 2021

# cmd: legofit -1 -d 0 -t 32 --ptsPerDim 3 --stateOut b1boot48.state --tol 3e-6 -S 5000 ae2.lgo ../../chrX/boot_chrX/boot48.opf
# Stage nOptItr nSimReps
#     0    5000        0
# algorithm          : deterministic
# ignoring probs <=  : 0
# Branch length floor: 0
# DE strategy        : 2
#    F               : 0.3
#    CR              : 0.8
#    tolerance       : 3e-06
# nthreads           : 32
# lgo input file     : ae2.lgo
# site pat input file: ../../chrX/boot_chrX/boot48.opf
# free parameters    : 14
# points in DE swarm : 42
# output state file  : b1boot48.state
# Including singleton site patterns.
# cost function      : KL
Initial parameter values
Fixed:
      zero = 0
       one = 1
    Tbecnw = 75200
Free:
       pc1 = 0
       pc2 = 0
       pc3 = 0
       pc4 = 0
       pc5 = 0
       pc6 = 0
       pc7 = 0
       pc8 = 0
       pc9 = 0
      pc10 = 0
      pc11 = 0
      pc12 = 0
      pc13 = 0
      pc14 = 0
Constrained:
   Tgbecnw = 104524
     Tecnw = 24938.1
       Tnw = 23241.1
       Tec = 11821.4
     twoNb = 302292
     twoNe = 675388
     twoNw = 747895
    twoNec = 74494.4
    twoNnw = 6470.5
  twoNecnw = 69102.8
  twoNbecnw = 11428.2
  twoNgbecnw = 196454
         m = 0.152501
        m5 = 0.143516
        Ta = 37600
        Te = 11620.6
DiffEv reached_goal. cost=2.42963e-03 spread=2.33200e-06
Fitted parameter values
Free:
       pc1 = 2.11677
       pc2 = 1.5698
       pc3 = 1.44318
       pc4 = 1.84922
       pc5 = -0.954927
       pc6 = -0.967908
       pc7 = 1.29094
       pc8 = -1.23043
       pc9 = -0.0608454
      pc10 = -0.127152
      pc11 = 0.227165
      pc12 = -0.128961
      pc13 = 0.0424356
      pc14 = -0.000502172
Constrained:
   Tgbecnw = 91092.7
     Tecnw = 23872.4
       Tnw = 23687.7
       Tec = 11910.9
     twoNb = 455797
     twoNe = 3.98081e+06
     twoNw = 1.35916e+06
    twoNec = 70017.5
    twoNnw = 711.032
  twoNecnw = 68015.9
  twoNbecnw = 6491.64
  twoNgbecnw = 204211
         m = 0.140109
        m5 = 0.146716
        Ta = 37600
        Te = 11843.9
#       SitePat  BranchLen
              b 118593.5322293
              e 44678.0388811
              c 46615.8177932
              n 43593.2826120
              w 43554.5430898
            b:e 1257.8981139
            b:c 1414.7093920
            b:n 1120.8127924
            b:w 1118.5749265
            e:c 11295.8243068
            e:n 4596.7363954
            e:w 4635.4759176
            c:n 4134.6824645
            c:w 4124.0193283
            n:w 12228.1805431
          b:e:c 1420.2190556
          b:e:n 637.1994652
          b:e:w 639.4373311
          b:c:n 643.0134074
          b:c:w 640.6274060
          b:n:w 1407.5686187
          e:c:n 4242.0142017
          e:c:w 4252.6773378
          e:n:w 5870.1392156
          c:n:w 4905.8708238
        b:e:c:n 1231.3704431
        b:e:c:w 1233.7564445
        b:e:n:w 1543.7314217
        b:c:n:w 1379.9161266
        e:c:n:w 46747.8486429
