########################################
# legofit: estimate population history #
#       version 2.3.4-4-g53f8760       #
########################################

# Program was compiled: Sep 21 2021 14:36:42
# Program was run: Thu Sep 23 10:43:14 2021

# cmd: legofit -1 -d 0 -t 32 --ptsPerDim 3 --stateOut b1boot38.state --tol 3e-6 -S 5000 ae2.lgo ../../chrX/boot_chrX/boot38.opf
# Stage nOptItr nSimReps
#     0    5000        0
# algorithm          : deterministic
# ignoring probs <=  : 0
# Branch length floor: 0
# DE strategy        : 2
#    F               : 0.3
#    CR              : 0.8
#    tolerance       : 3e-06
# nthreads           : 32
# lgo input file     : ae2.lgo
# site pat input file: ../../chrX/boot_chrX/boot38.opf
# free parameters    : 14
# points in DE swarm : 42
# output state file  : b1boot38.state
# Including singleton site patterns.
# cost function      : KL
Initial parameter values
Fixed:
      zero = 0
       one = 1
    Tbecnw = 75200
Free:
       pc1 = 0
       pc2 = 0
       pc3 = 0
       pc4 = 0
       pc5 = 0
       pc6 = 0
       pc7 = 0
       pc8 = 0
       pc9 = 0
      pc10 = 0
      pc11 = 0
      pc12 = 0
      pc13 = 0
      pc14 = 0
Constrained:
   Tgbecnw = 104524
     Tecnw = 24938.1
       Tnw = 23241.1
       Tec = 11821.4
     twoNb = 302292
     twoNe = 675388
     twoNw = 747895
    twoNec = 74494.4
    twoNnw = 6470.5
  twoNecnw = 69102.8
  twoNbecnw = 11428.2
  twoNgbecnw = 196454
         m = 0.152501
        m5 = 0.143516
        Ta = 37600
        Te = 11620.6
DiffEv reached_goal. cost=2.66907e-03 spread=2.92133e-06
Fitted parameter values
Free:
       pc1 = 2.20141
       pc2 = 2.18274
       pc3 = 1.96149
       pc4 = 1.59836
       pc5 = -1.29246
       pc6 = -0.606779
       pc7 = 1.11647
       pc8 = -0.977836
       pc9 = -0.427137
      pc10 = -0.35763
      pc11 = 0.184775
      pc12 = -0.21811
      pc13 = 0.0878846
      pc14 = -0.0171645
Constrained:
   Tgbecnw = 90459.4
     Tecnw = 23692.4
       Tnw = 23627.8
       Tec = 12060.7
     twoNb = 450963
     twoNe = 3.59739e+06
     twoNw = 1.43757e+06
    twoNec = 67440.3
    twoNnw = 250.08
  twoNecnw = 69743.5
  twoNbecnw = 6036.05
  twoNgbecnw = 212864
         m = 0.147111
        m5 = 0.154122
        Ta = 37600
        Te = 11813.9
#       SitePat  BranchLen
              b 120489.5014327
              e 44696.9982411
              c 46735.2203835
              n 43665.2916704
              w 43626.7284219
            b:e 1215.1126980
            b:c 1374.1598929
            b:n 1087.7516110
            b:w 1085.5973089
            e:c 11259.5228284
            e:n 4619.7199033
            e:w 4658.2831518
            c:n 4127.0352527
            c:w 4116.5482090
            n:w 12202.4893571
          b:e:c 1375.1918171
          b:e:n 620.1396711
          b:e:w 622.2939731
          b:c:n 626.0615113
          b:c:w 623.7591649
          b:n:w 1362.6719806
          e:c:n 4186.9013219
          e:c:w 4197.3883656
          e:n:w 5821.1788557
          c:n:w 4817.3763066
        b:e:c:n 1199.1966541
        b:e:c:w 1201.4990006
        b:e:n:w 1504.0466127
        b:c:n:w 1337.6123858
        e:c:n:w 48547.1226206
