########################################
# legofit: estimate population history #
#       version 2.3.4-4-g53f8760       #
########################################

# Program was compiled: Sep 21 2021 14:36:42
# Program was run: Thu Sep 23 10:42:19 2021

# cmd: legofit -1 -d 0 -t 32 --ptsPerDim 3 --stateOut b1boot2.state --tol 3e-6 -S 5000 ae2.lgo ../../chrX/boot_chrX/boot2.opf
# Stage nOptItr nSimReps
#     0    5000        0
# algorithm          : deterministic
# ignoring probs <=  : 0
# Branch length floor: 0
# DE strategy        : 2
#    F               : 0.3
#    CR              : 0.8
#    tolerance       : 3e-06
# nthreads           : 32
# lgo input file     : ae2.lgo
# site pat input file: ../../chrX/boot_chrX/boot2.opf
# free parameters    : 14
# points in DE swarm : 42
# output state file  : b1boot2.state
# Including singleton site patterns.
# cost function      : KL
Initial parameter values
Fixed:
      zero = 0
       one = 1
    Tbecnw = 75200
Free:
       pc1 = 0
       pc2 = 0
       pc3 = 0
       pc4 = 0
       pc5 = 0
       pc6 = 0
       pc7 = 0
       pc8 = 0
       pc9 = 0
      pc10 = 0
      pc11 = 0
      pc12 = 0
      pc13 = 0
      pc14 = 0
Constrained:
   Tgbecnw = 104524
     Tecnw = 24938.1
       Tnw = 23241.1
       Tec = 11821.4
     twoNb = 302292
     twoNe = 675388
     twoNw = 747895
    twoNec = 74494.4
    twoNnw = 6470.5
  twoNecnw = 69102.8
  twoNbecnw = 11428.2
  twoNgbecnw = 196454
         m = 0.152501
        m5 = 0.143516
        Ta = 37600
        Te = 11620.6
DiffEv reached_goal. cost=2.47396e-03 spread=2.58978e-06
Fitted parameter values
Free:
       pc1 = 3.02912
       pc2 = 0.909448
       pc3 = 1.60961
       pc4 = -0.0183879
       pc5 = -0.918401
       pc6 = 0.131206
       pc7 = -1.15045
       pc8 = -0.406224
       pc9 = -0.431135
      pc10 = 0.321765
      pc11 = 0.168426
      pc12 = 0.00588594
      pc13 = 0.0896958
      pc14 = -0.0531815
Constrained:
   Tgbecnw = 83949.9
     Tecnw = 22973
       Tnw = 22673.8
       Tec = 11354.1
     twoNb = 311544
     twoNe = 322048
     twoNw = 1.0012e+06
    twoNec = 66604
    twoNnw = 1093.83
  twoNecnw = 71077.6
  twoNbecnw = 3523.22
  twoNgbecnw = 217244
         m = 0.13567
        m5 = 0.149209
        Ta = 37600
        Te = 11336.9
#       SitePat  BranchLen
              b 116868.6422827
              e 44091.3569234
              c 46180.6858921
              n 42767.1824351
              w 42716.2757043
            b:e 1211.0395664
            b:c 1372.9663449
            b:n 1065.6263743
            b:w 1062.8146068
            e:c 11360.8484554
            e:n 4528.8549033
            e:w 4579.7616341
            c:n 4032.7488568
            c:w 4019.1486594
            n:w 12528.6887689
          b:e:c 1393.7157164
          b:e:n 608.0300119
          b:e:w 610.8417794
          b:c:n 615.0304001
          b:c:w 612.0038027
          b:n:w 1378.4169696
          e:c:n 4062.5353541
          e:c:w 4076.1355515
          e:n:w 5812.0924510
          c:n:w 4779.4825035
        b:e:c:n 1186.4997592
        b:e:c:w 1189.5263565
        b:e:n:w 1516.1388648
        b:c:n:w 1346.0496748
        e:c:n:w 45809.9651830
