########################################
# legofit: estimate population history #
#       version 2.3.4-4-g53f8760       #
########################################

# Program was compiled: Sep 21 2021 14:36:42
# Program was run: Thu Sep 23 10:43:23 2021

# cmd: legofit -1 -d 0 -t 32 --ptsPerDim 3 --stateOut b1boot47.state --tol 3e-6 -S 5000 ae2.lgo ../../chrX/boot_chrX/boot47.opf
# Stage nOptItr nSimReps
#     0    5000        0
# algorithm          : deterministic
# ignoring probs <=  : 0
# Branch length floor: 0
# DE strategy        : 2
#    F               : 0.3
#    CR              : 0.8
#    tolerance       : 3e-06
# nthreads           : 32
# lgo input file     : ae2.lgo
# site pat input file: ../../chrX/boot_chrX/boot47.opf
# free parameters    : 14
# points in DE swarm : 42
# output state file  : b1boot47.state
# Including singleton site patterns.
# cost function      : KL
Initial parameter values
Fixed:
      zero = 0
       one = 1
    Tbecnw = 75200
Free:
       pc1 = 0
       pc2 = 0
       pc3 = 0
       pc4 = 0
       pc5 = 0
       pc6 = 0
       pc7 = 0
       pc8 = 0
       pc9 = 0
      pc10 = 0
      pc11 = 0
      pc12 = 0
      pc13 = 0
      pc14 = 0
Constrained:
   Tgbecnw = 104524
     Tecnw = 24938.1
       Tnw = 23241.1
       Tec = 11821.4
     twoNb = 302292
     twoNe = 675388
     twoNw = 747895
    twoNec = 74494.4
    twoNnw = 6470.5
  twoNecnw = 69102.8
  twoNbecnw = 11428.2
  twoNgbecnw = 196454
         m = 0.152501
        m5 = 0.143516
        Ta = 37600
        Te = 11620.6
DiffEv reached_goal. cost=2.49011e-03 spread=2.85688e-06
Fitted parameter values
Free:
       pc1 = 2.23398
       pc2 = 2.08742
       pc3 = 1.8208
       pc4 = 0.832354
       pc5 = -1.42598
       pc6 = 0.739757
       pc7 = 0.00144214
       pc8 = -0.699096
       pc9 = -0.682101
      pc10 = 0.160609
      pc11 = 0.110569
      pc12 = -0.0507497
      pc13 = 0.0959927
      pc14 = -0.0320757
Constrained:
   Tgbecnw = 87836.9
     Tecnw = 23488.2
       Tnw = 23309.1
       Tec = 11769.3
     twoNb = 481902
     twoNe = 1.70012e+06
     twoNw = 1.18645e+06
    twoNec = 64871.2
    twoNnw = 682.191
  twoNecnw = 70971
  twoNbecnw = 5047.11
  twoNgbecnw = 205017
         m = 0.147076
        m5 = 0.163307
        Ta = 37600
        Te = 11654.6
#       SitePat  BranchLen
              b 118198.6043303
              e 44357.9129295
              c 46561.7851806
              n 43467.1634360
              w 43418.3393847
            b:e 1167.9756624
            b:c 1334.3645483
            b:n 1052.7479671
            b:w 1050.1133969
            e:c 11355.1679735
            e:n 4590.6466389
            e:w 4639.4706901
            c:n 4058.7126922
            c:w 4045.6647755
            n:w 12256.0012117
          b:e:c 1342.8934573
          b:e:n 597.6613084
          b:e:w 600.2958785
          b:c:n 604.4233519
          b:c:w 601.5985008
          b:n:w 1330.4437027
          e:c:n 4115.0694747
          e:c:w 4128.1173914
          e:n:w 5776.9240344
          c:n:w 4698.7916445
        b:e:c:n 1165.1861721
        b:e:c:w 1168.0110232
        b:e:n:w 1466.0145514
        b:c:n:w 1291.5609996
        e:c:n:w 46500.5476654
