########################################
# legofit: estimate population history #
#       version 2.3.4-4-g53f8760       #
########################################

# Program was compiled: Sep 21 2021 14:36:42
# Program was run: Thu Sep 23 10:42:42 2021

# cmd: legofit -1 -d 0 -t 32 --ptsPerDim 3 --stateOut b1boot17.state --tol 3e-6 -S 5000 ae2.lgo ../../chrX/boot_chrX/boot17.opf
# Stage nOptItr nSimReps
#     0    5000        0
# algorithm          : deterministic
# ignoring probs <=  : 0
# Branch length floor: 0
# DE strategy        : 2
#    F               : 0.3
#    CR              : 0.8
#    tolerance       : 3e-06
# nthreads           : 32
# lgo input file     : ae2.lgo
# site pat input file: ../../chrX/boot_chrX/boot17.opf
# free parameters    : 14
# points in DE swarm : 42
# output state file  : b1boot17.state
# Including singleton site patterns.
# cost function      : KL
Initial parameter values
Fixed:
      zero = 0
       one = 1
    Tbecnw = 75200
Free:
       pc1 = 0
       pc2 = 0
       pc3 = 0
       pc4 = 0
       pc5 = 0
       pc6 = 0
       pc7 = 0
       pc8 = 0
       pc9 = 0
      pc10 = 0
      pc11 = 0
      pc12 = 0
      pc13 = 0
      pc14 = 0
Constrained:
   Tgbecnw = 104524
     Tecnw = 24938.1
       Tnw = 23241.1
       Tec = 11821.4
     twoNb = 302292
     twoNe = 675388
     twoNw = 747895
    twoNec = 74494.4
    twoNnw = 6470.5
  twoNecnw = 69102.8
  twoNbecnw = 11428.2
  twoNgbecnw = 196454
         m = 0.152501
        m5 = 0.143516
        Ta = 37600
        Te = 11620.6
DiffEv reached_goal. cost=2.50816e-03 spread=2.89295e-06
Fitted parameter values
Free:
       pc1 = 2.58019
       pc2 = 1.91469
       pc3 = 1.49409
       pc4 = 0.0482099
       pc5 = -1.78736
       pc6 = -0.776437
       pc7 = 0.00897805
       pc8 = -0.687712
       pc9 = -0.216022
      pc10 = 0.18018
      pc11 = -0.37312
      pc12 = 0.117246
      pc13 = 0.080809
      pc14 = -0.00113295
Constrained:
   Tgbecnw = 88076.2
     Tecnw = 23592.3
       Tnw = 23414.5
       Tec = 11720.6
     twoNb = 463031
     twoNe = 708845
     twoNw = 1.373e+06
    twoNec = 62521.4
    twoNnw = 669.541
  twoNecnw = 70482.7
  twoNbecnw = 5145.24
  twoNgbecnw = 211364
         m = 0.143882
        m5 = 0.145872
        Ta = 37600
        Te = 11707.2
#       SitePat  BranchLen
              b 118861.0607052
              e 44274.5189193
              c 46253.3371355
              n 43552.6027527
              w 43514.8351957
            b:e 1198.3244040
            b:c 1352.4069519
            b:n 1086.6496375
            b:w 1084.5540245
            e:c 11756.1446872
            e:n 4493.9364851
            e:w 4531.7040421
            c:n 4016.3498373
            c:w 4006.2010334
            n:w 12452.5874894
          b:e:c 1406.4332725
          b:e:n 605.3749787
          b:e:w 607.4705917
          b:c:n 611.2531757
          b:c:w 609.0066609
          b:n:w 1394.6091651
          e:c:n 4177.9234869
          e:c:w 4188.0722908
          e:n:w 5704.6284196
          c:n:w 4728.8998600
        b:e:c:n 1202.6114571
        b:e:c:w 1204.8579720
        b:e:n:w 1486.0710759
        b:c:n:w 1324.5742618
        e:c:n:w 47197.1862517
