########################################
# legofit: estimate population history #
#       version 2.3.4-4-g53f8760       #
########################################

# Program was compiled: Sep 21 2021 14:36:42
# Program was run: Thu Sep 23 10:43:05 2021

# cmd: legofit -1 -d 0 -t 32 --ptsPerDim 3 --stateOut b1boot34.state --tol 3e-6 -S 5000 ae2.lgo ../../chrX/boot_chrX/boot34.opf
# Stage nOptItr nSimReps
#     0    5000        0
# algorithm          : deterministic
# ignoring probs <=  : 0
# Branch length floor: 0
# DE strategy        : 2
#    F               : 0.3
#    CR              : 0.8
#    tolerance       : 3e-06
# nthreads           : 32
# lgo input file     : ae2.lgo
# site pat input file: ../../chrX/boot_chrX/boot34.opf
# free parameters    : 14
# points in DE swarm : 42
# output state file  : b1boot34.state
# Including singleton site patterns.
# cost function      : KL
Initial parameter values
Fixed:
      zero = 0
       one = 1
    Tbecnw = 75200
Free:
       pc1 = 0
       pc2 = 0
       pc3 = 0
       pc4 = 0
       pc5 = 0
       pc6 = 0
       pc7 = 0
       pc8 = 0
       pc9 = 0
      pc10 = 0
      pc11 = 0
      pc12 = 0
      pc13 = 0
      pc14 = 0
Constrained:
   Tgbecnw = 104524
     Tecnw = 24938.1
       Tnw = 23241.1
       Tec = 11821.4
     twoNb = 302292
     twoNe = 675388
     twoNw = 747895
    twoNec = 74494.4
    twoNnw = 6470.5
  twoNecnw = 69102.8
  twoNbecnw = 11428.2
  twoNgbecnw = 196454
         m = 0.152501
        m5 = 0.143516
        Ta = 37600
        Te = 11620.6
DiffEv reached_goal. cost=2.25377e-03 spread=2.47982e-06
Fitted parameter values
Free:
       pc1 = 3.94606
       pc2 = 1.86301
       pc3 = 1.97956
       pc4 = 1.21888
       pc5 = -1.81701
       pc6 = 1.37891
       pc7 = 0.730573
       pc8 = -0.814738
       pc9 = -0.304123
      pc10 = 0.102536
      pc11 = -0.255836
      pc12 = -0.268223
      pc13 = 0.120476
      pc14 = -0.0346474
Constrained:
   Tgbecnw = 79279.1
     Tecnw = 23086.3
       Tnw = 22919
       Tec = 11634.1
     twoNb = 572159
     twoNe = 2.18854e+06
     twoNw = 1.2811e+06
    twoNec = 60571.9
    twoNnw = 637.107
  twoNecnw = 66958.9
  twoNbecnw = 1647.13
  twoNgbecnw = 226013
         m = 0.132997
        m5 = 0.168308
        Ta = 37600
        Te = 11459.5
#       SitePat  BranchLen
              b 116483.8867475
              e 42933.6856714
              c 45122.0279360
              n 42304.2834365
              w 42259.9298244
            b:e 1130.7661681
            b:c 1298.1251610
            b:n 1030.9372281
            b:w 1028.5204140
            e:c 11202.3519102
            e:n 4468.8854044
            e:w 4513.2390165
            c:n 3944.4926838
            c:w 3932.4441748
            n:w 11902.8246876
          b:e:c 1318.7097155
          b:e:n 581.5454278
          b:e:w 583.9622419
          b:c:n 588.2411114
          b:c:w 585.6439940
          b:n:w 1306.9832409
          e:c:n 4094.1940928
          e:c:w 4106.2426018
          e:n:w 5687.0730943
          c:n:w 4603.9183920
        b:e:c:n 1144.5386655
        b:e:c:w 1147.1357829
        b:e:n:w 1430.1487566
        b:c:n:w 1254.4123280
        e:c:n:w 46571.0784334
