########################################
# legofit: estimate population history #
#       version 2.3.4-4-g53f8760       #
########################################

# Program was compiled: Sep 21 2021 14:36:42
# Program was run: Thu Sep 23 10:43:01 2021

# cmd: legofit -1 -d 0 -t 32 --ptsPerDim 3 --stateOut b1boot31.state --tol 3e-6 -S 5000 ae2.lgo ../../chrX/boot_chrX/boot31.opf
# Stage nOptItr nSimReps
#     0    5000        0
# algorithm          : deterministic
# ignoring probs <=  : 0
# Branch length floor: 0
# DE strategy        : 2
#    F               : 0.3
#    CR              : 0.8
#    tolerance       : 3e-06
# nthreads           : 32
# lgo input file     : ae2.lgo
# site pat input file: ../../chrX/boot_chrX/boot31.opf
# free parameters    : 14
# points in DE swarm : 42
# output state file  : b1boot31.state
# Including singleton site patterns.
# cost function      : KL
Initial parameter values
Fixed:
      zero = 0
       one = 1
    Tbecnw = 75200
Free:
       pc1 = 0
       pc2 = 0
       pc3 = 0
       pc4 = 0
       pc5 = 0
       pc6 = 0
       pc7 = 0
       pc8 = 0
       pc9 = 0
      pc10 = 0
      pc11 = 0
      pc12 = 0
      pc13 = 0
      pc14 = 0
Constrained:
   Tgbecnw = 104524
     Tecnw = 24938.1
       Tnw = 23241.1
       Tec = 11821.4
     twoNb = 302292
     twoNe = 675388
     twoNw = 747895
    twoNec = 74494.4
    twoNnw = 6470.5
  twoNecnw = 69102.8
  twoNbecnw = 11428.2
  twoNgbecnw = 196454
         m = 0.152501
        m5 = 0.143516
        Ta = 37600
        Te = 11620.6
DiffEv reached_goal. cost=2.49014e-03 spread=2.88537e-06
Fitted parameter values
Free:
       pc1 = 2.24436
       pc2 = 1.64173
       pc3 = 1.82077
       pc4 = -0.346492
       pc5 = -0.63903
       pc6 = -0.0310864
       pc7 = 0.785709
       pc8 = -0.554746
       pc9 = 0.0566305
      pc10 = -0.0630689
      pc11 = -0.0380117
      pc12 = -0.180343
      pc13 = 0.0074061
      pc14 = -0.00228398
Constrained:
   Tgbecnw = 92696.5
     Tecnw = 23773.6
       Tnw = 23461.1
       Tec = 11929.1
     twoNb = 156698
     twoNe = 809475
     twoNw = 1.28139e+06
    twoNec = 66959
    twoNnw = 1236.71
  twoNecnw = 68369.9
  twoNbecnw = 6840.86
  twoNgbecnw = 219514
         m = 0.132911
        m5 = 0.154494
        Ta = 37600
        Te = 11730.6
#       SitePat  BranchLen
              b 119296.3435857
              e 44468.7279313
              c 46477.9048529
              n 43681.5582374
              w 43638.2980809
            b:e 1230.1270782
            b:c 1389.4103357
            b:n 1116.2977117
            b:w 1113.8373656
            e:c 11358.5965684
            e:n 4632.5949372
            e:w 4675.8550938
            c:n 4149.6853906
            c:w 4137.8234014
            n:w 12123.1340165
          b:e:c 1395.8351680
          b:e:n 631.2610243
          b:e:w 633.7213703
          b:c:n 637.3767745
          b:c:w 634.7544442
          b:n:w 1384.6854685
          e:c:n 4275.7646477
          e:c:w 4287.6266369
          e:n:w 5824.6642684
          c:n:w 4836.4285859
        b:e:c:n 1225.2376945
        b:e:c:w 1227.8600248
        b:e:n:w 1515.6157682
        b:c:n:w 1349.1836866
        e:c:n:w 47398.0592887
