########################################
# legofit: estimate population history #
#       version 2.3.4-4-g53f8760       #
########################################

# Program was compiled: Sep 21 2021 14:36:42
# Program was run: Thu Sep 23 10:42:26 2021

# cmd: legofit -1 -d 0 -t 32 --ptsPerDim 3 --stateOut b1boot3.state --tol 3e-6 -S 5000 ae2.lgo ../../chrX/boot_chrX/boot3.opf
# Stage nOptItr nSimReps
#     0    5000        0
# algorithm          : deterministic
# ignoring probs <=  : 0
# Branch length floor: 0
# DE strategy        : 2
#    F               : 0.3
#    CR              : 0.8
#    tolerance       : 3e-06
# nthreads           : 32
# lgo input file     : ae2.lgo
# site pat input file: ../../chrX/boot_chrX/boot3.opf
# free parameters    : 14
# points in DE swarm : 42
# output state file  : b1boot3.state
# Including singleton site patterns.
# cost function      : KL
Initial parameter values
Fixed:
      zero = 0
       one = 1
    Tbecnw = 75200
Free:
       pc1 = 0
       pc2 = 0
       pc3 = 0
       pc4 = 0
       pc5 = 0
       pc6 = 0
       pc7 = 0
       pc8 = 0
       pc9 = 0
      pc10 = 0
      pc11 = 0
      pc12 = 0
      pc13 = 0
      pc14 = 0
Constrained:
   Tgbecnw = 104524
     Tecnw = 24938.1
       Tnw = 23241.1
       Tec = 11821.4
     twoNb = 302292
     twoNe = 675388
     twoNw = 747895
    twoNec = 74494.4
    twoNnw = 6470.5
  twoNecnw = 69102.8
  twoNbecnw = 11428.2
  twoNgbecnw = 196454
         m = 0.152501
        m5 = 0.143516
        Ta = 37600
        Te = 11620.6
DiffEv reached_goal. cost=2.55034e-03 spread=2.39253e-06
Fitted parameter values
Free:
       pc1 = 2.55714
       pc2 = 1.76218
       pc3 = 1.87301
       pc4 = 0.671633
       pc5 = -1.57319
       pc6 = 0.502139
       pc7 = 0.557786
       pc8 = -0.821473
       pc9 = -0.276133
      pc10 = 0.167989
      pc11 = -0.0596438
      pc12 = -0.0104041
      pc13 = 0.0746419
      pc14 = -0.0168468
Constrained:
   Tgbecnw = 86672.2
     Tecnw = 23631.3
       Tnw = 23247.3
       Tec = 11690.6
     twoNb = 454677
     twoNe = 1.6382e+06
     twoNw = 1.30087e+06
    twoNec = 64983.8
    twoNnw = 1464.28
  twoNecnw = 68997.4
  twoNbecnw = 4668.24
  twoNgbecnw = 208514
         m = 0.139705
        m5 = 0.160379
        Ta = 37600
        Te = 11623.6
#       SitePat  BranchLen
              b 117493.3809374
              e 44097.0666902
              c 46236.8902098
              n 43304.4062971
              w 43260.9889304
            b:e 1200.3397032
            b:c 1368.1197772
            b:n 1086.2346750
            b:w 1083.8100621
            e:c 11409.5577311
            e:n 4555.5983217
            e:w 4599.0156885
            c:n 4040.4427679
            c:w 4028.7316496
            n:w 12209.6525686
          b:e:c 1386.9538991
          b:e:n 613.2870137
          b:e:w 615.7116266
          b:c:n 619.8174528
          b:c:w 617.2198696
          b:n:w 1374.7078972
          e:c:n 4168.4136600
          e:c:w 4180.1247783
          e:n:w 5785.6471815
          c:n:w 4731.2632545
        b:e:c:n 1200.9469672
        b:e:c:w 1203.5445504
        b:e:n:w 1501.6085103
        b:c:n:w 1325.7897543
        e:c:n:w 46173.6563742
