########################################
# legofit: estimate population history #
#       version 2.3.4-4-g53f8760       #
########################################

# Program was compiled: Sep 21 2021 14:36:42
# Program was run: Thu Sep 23 10:42:58 2021

# cmd: legofit -1 -d 0 -t 32 --ptsPerDim 3 --stateOut b1boot28.state --tol 3e-6 -S 5000 ae2.lgo ../../chrX/boot_chrX/boot28.opf
# Stage nOptItr nSimReps
#     0    5000        0
# algorithm          : deterministic
# ignoring probs <=  : 0
# Branch length floor: 0
# DE strategy        : 2
#    F               : 0.3
#    CR              : 0.8
#    tolerance       : 3e-06
# nthreads           : 32
# lgo input file     : ae2.lgo
# site pat input file: ../../chrX/boot_chrX/boot28.opf
# free parameters    : 14
# points in DE swarm : 42
# output state file  : b1boot28.state
# Including singleton site patterns.
# cost function      : KL
Initial parameter values
Fixed:
      zero = 0
       one = 1
    Tbecnw = 75200
Free:
       pc1 = 0
       pc2 = 0
       pc3 = 0
       pc4 = 0
       pc5 = 0
       pc6 = 0
       pc7 = 0
       pc8 = 0
       pc9 = 0
      pc10 = 0
      pc11 = 0
      pc12 = 0
      pc13 = 0
      pc14 = 0
Constrained:
   Tgbecnw = 104524
     Tecnw = 24938.1
       Tnw = 23241.1
       Tec = 11821.4
     twoNb = 302292
     twoNe = 675388
     twoNw = 747895
    twoNec = 74494.4
    twoNnw = 6470.5
  twoNecnw = 69102.8
  twoNbecnw = 11428.2
  twoNgbecnw = 196454
         m = 0.152501
        m5 = 0.143516
        Ta = 37600
        Te = 11620.6
DiffEv reached_goal. cost=2.42754e-03 spread=2.73012e-06
Fitted parameter values
Free:
       pc1 = 3.27717
       pc2 = 1.08761
       pc3 = 1.77952
       pc4 = 0.25988
       pc5 = -1.45294
       pc6 = 0.253752
       pc7 = -0.105111
       pc8 = -0.441262
       pc9 = -0.22033
      pc10 = 0.0658546
      pc11 = 0.132932
      pc12 = -0.128012
      pc13 = 0.0937922
      pc14 = -0.0490023
Constrained:
   Tgbecnw = 83488.8
     Tecnw = 23141.3
       Tnw = 22640.1
       Tec = 11607.9
     twoNb = 399800
     twoNe = 912264
     twoNw = 1.20301e+06
    twoNec = 66048.2
    twoNnw = 1868.22
  twoNecnw = 69115.6
  twoNbecnw = 3311.42
  twoNgbecnw = 223237
         m = 0.13329
        m5 = 0.153567
        Ta = 37600
        Te = 11320.1
#       SitePat  BranchLen
              b 117183.0758638
              e 43858.2136838
              c 45945.0516230
              n 42651.9550218
              w 42608.5121785
            b:e 1190.7106964
            b:c 1351.6866073
            b:n 1055.3423165
            b:w 1052.9580962
            e:c 11201.2192653
            e:n 4524.5902597
            e:w 4568.0331030
            c:n 4023.8691370
            c:w 4012.2137458
            n:w 12289.8861696
          b:e:c 1364.0802547
          b:e:n 602.3801124
          b:e:w 604.7643327
          b:c:n 608.8301937
          b:c:w 606.2688903
          b:n:w 1349.9601786
          e:c:n 4079.9975641
          e:c:w 4091.6529553
          e:n:w 5783.7061383
          c:n:w 4753.4086790
        b:e:c:n 1172.0162461
        b:e:c:w 1174.5775496
        b:e:n:w 1488.9306943
        b:c:n:w 1320.0001445
        e:c:n:w 46420.7093216
