########################################
# legofit: estimate population history #
#       version 2.3.4-4-g53f8760       #
########################################

# Program was compiled: Sep 21 2021 14:36:42
# Program was run: Thu Sep 23 10:42:33 2021

# cmd: legofit -1 -d 0 -t 32 --ptsPerDim 3 --stateOut b1boot8.state --tol 3e-6 -S 5000 ae2.lgo ../../chrX/boot_chrX/boot8.opf
# Stage nOptItr nSimReps
#     0    5000        0
# algorithm          : deterministic
# ignoring probs <=  : 0
# Branch length floor: 0
# DE strategy        : 2
#    F               : 0.3
#    CR              : 0.8
#    tolerance       : 3e-06
# nthreads           : 32
# lgo input file     : ae2.lgo
# site pat input file: ../../chrX/boot_chrX/boot8.opf
# free parameters    : 14
# points in DE swarm : 42
# output state file  : b1boot8.state
# Including singleton site patterns.
# cost function      : KL
Initial parameter values
Fixed:
      zero = 0
       one = 1
    Tbecnw = 75200
Free:
       pc1 = 0
       pc2 = 0
       pc3 = 0
       pc4 = 0
       pc5 = 0
       pc6 = 0
       pc7 = 0
       pc8 = 0
       pc9 = 0
      pc10 = 0
      pc11 = 0
      pc12 = 0
      pc13 = 0
      pc14 = 0
Constrained:
   Tgbecnw = 104524
     Tecnw = 24938.1
       Tnw = 23241.1
       Tec = 11821.4
     twoNb = 302292
     twoNe = 675388
     twoNw = 747895
    twoNec = 74494.4
    twoNnw = 6470.5
  twoNecnw = 69102.8
  twoNbecnw = 11428.2
  twoNgbecnw = 196454
         m = 0.152501
        m5 = 0.143516
        Ta = 37600
        Te = 11620.6
DiffEv reached_goal. cost=2.44209e-03 spread=2.47935e-06
Fitted parameter values
Free:
       pc1 = 2.77044
       pc2 = 1.53344
       pc3 = 1.90599
       pc4 = 1.20063
       pc5 = -1.9256
       pc6 = 0.269302
       pc7 = -0.314083
       pc8 = -0.740907
       pc9 = -1.04352
      pc10 = 0.30613
      pc11 = 0.168451
      pc12 = -0.201763
      pc13 = 0.0725868
      pc14 = -0.0435854
Constrained:
   Tgbecnw = 85126.2
     Tecnw = 23012.4
       Tnw = 22730
       Tec = 11392.3
     twoNb = 611120
     twoNe = 2.0917e+06
     twoNw = 1.23262e+06
    twoNec = 65177.9
    twoNnw = 1061.27
  twoNecnw = 71519.7
  twoNbecnw = 4156.17
  twoNgbecnw = 208639
         m = 0.14528
        m5 = 0.157889
        Ta = 37600
        Te = 11365
#       SitePat  BranchLen
              b 118591.1777126
              e 44216.4138871
              c 46396.8085280
              n 43138.1282122
              w 43093.5798007
            b:e 1282.9782329
            b:c 1460.9625387
            b:n 1146.5348321
            b:w 1143.9270673
            e:c 11515.9439625
            e:n 4643.2456864
            e:w 4687.7940978
            c:n 4119.0878344
            c:w 4107.0311068
            n:w 12532.1041171
          b:e:c 1477.1599840
          b:e:n 653.0692497
          b:e:w 655.6770145
          b:c:n 660.2565969
          b:c:w 657.4520688
          b:n:w 1462.2853582
          e:c:n 4201.1932925
          e:c:w 4213.2500201
          e:n:w 5919.5556018
          c:n:w 4844.0818039
        b:e:c:n 1275.1327416
        b:e:c:w 1277.9372697
        b:e:n:w 1611.6224212
        b:c:n:w 1424.6757140
        e:c:n:w 47149.8753403
