########################################
# legofit: estimate population history #
#       version 2.3.4-4-g53f8760       #
########################################

# Program was compiled: Sep 21 2021 14:36:42
# Program was run: Thu Sep 23 10:42:19 2021

# cmd: legofit -1 -d 0 -t 32 --ptsPerDim 3 --stateOut b1boot1.state --tol 3e-6 -S 5000 ae2.lgo ../../chrX/boot_chrX/boot1.opf
# Stage nOptItr nSimReps
#     0    5000        0
# algorithm          : deterministic
# ignoring probs <=  : 0
# Branch length floor: 0
# DE strategy        : 2
#    F               : 0.3
#    CR              : 0.8
#    tolerance       : 3e-06
# nthreads           : 32
# lgo input file     : ae2.lgo
# site pat input file: ../../chrX/boot_chrX/boot1.opf
# free parameters    : 14
# points in DE swarm : 42
# output state file  : b1boot1.state
# Including singleton site patterns.
# cost function      : KL
Initial parameter values
Fixed:
      zero = 0
       one = 1
    Tbecnw = 75200
Free:
       pc1 = 0
       pc2 = 0
       pc3 = 0
       pc4 = 0
       pc5 = 0
       pc6 = 0
       pc7 = 0
       pc8 = 0
       pc9 = 0
      pc10 = 0
      pc11 = 0
      pc12 = 0
      pc13 = 0
      pc14 = 0
Constrained:
   Tgbecnw = 104524
     Tecnw = 24938.1
       Tnw = 23241.1
       Tec = 11821.4
     twoNb = 302292
     twoNe = 675388
     twoNw = 747895
    twoNec = 74494.4
    twoNnw = 6470.5
  twoNecnw = 69102.8
  twoNbecnw = 11428.2
  twoNgbecnw = 196454
         m = 0.152501
        m5 = 0.143516
        Ta = 37600
        Te = 11620.6
DiffEv reached_goal. cost=2.53684e-03 spread=2.96219e-06
Fitted parameter values
Free:
       pc1 = 2.87461
       pc2 = 1.60166
       pc3 = 1.96684
       pc4 = -0.423077
       pc5 = -1.65855
       pc6 = -0.167048
       pc7 = -0.458501
       pc8 = -0.446861
       pc9 = -0.747295
      pc10 = 0.0503395
      pc11 = -0.052923
      pc12 = 0.14109
      pc13 = 0.0362031
      pc14 = -0.0191058
Constrained:
   Tgbecnw = 86394.8
     Tecnw = 23244
       Tnw = 22948.8
       Tec = 11523
     twoNb = 384715
     twoNe = 49075.8
     twoNw = 1.29346e+06
    twoNec = 64253.3
    twoNnw = 1092.92
  twoNecnw = 71961.6
  twoNbecnw = 4456.05
  twoNgbecnw = 223849
         m = 0.13234
        m5 = 0.152344
        Ta = 37600
        Te = 11474.4
#       SitePat  BranchLen
              b 117853.1986939
              e 44364.7249375
              c 46487.7937337
              n 43311.3517836
              w 43270.0804285
            b:e 1249.9874161
            b:c 1419.6458139
            b:n 1116.4747241
            b:w 1114.1225113
            e:c 11618.0476583
            e:n 4565.7875910
            e:w 4607.0589460
            c:n 4053.2919559
            c:w 4042.2687607
            n:w 12599.5061237
          b:e:c 1454.4324658
          b:e:n 631.7561306
          b:e:w 634.1083434
          b:c:n 638.4976794
          b:c:w 635.9657408
          b:n:w 1439.8418149
          e:c:n 4139.4573640
          e:c:w 4150.4805591
          e:n:w 5821.9452137
          c:n:w 4776.1622380
        b:e:c:n 1243.3103902
        b:e:c:w 1245.8423287
        b:e:n:w 1567.8136797
        b:c:n:w 1389.5563356
        e:c:n:w 46339.8010443
