########################################
# legofit: estimate population history #
#       version 2.3.4-4-g53f8760       #
########################################

# Program was compiled: Sep 21 2021 14:36:42
# Program was run: Thu Sep 23 10:43:23 2021

# cmd: legofit -1 -d 0 -t 32 --ptsPerDim 3 --stateOut b1boot45.state --tol 3e-6 -S 5000 ae2.lgo ../../chrX/boot_chrX/boot45.opf
# Stage nOptItr nSimReps
#     0    5000        0
# algorithm          : deterministic
# ignoring probs <=  : 0
# Branch length floor: 0
# DE strategy        : 2
#    F               : 0.3
#    CR              : 0.8
#    tolerance       : 3e-06
# nthreads           : 32
# lgo input file     : ae2.lgo
# site pat input file: ../../chrX/boot_chrX/boot45.opf
# free parameters    : 14
# points in DE swarm : 42
# output state file  : b1boot45.state
# Including singleton site patterns.
# cost function      : KL
Initial parameter values
Fixed:
      zero = 0
       one = 1
    Tbecnw = 75200
Free:
       pc1 = 0
       pc2 = 0
       pc3 = 0
       pc4 = 0
       pc5 = 0
       pc6 = 0
       pc7 = 0
       pc8 = 0
       pc9 = 0
      pc10 = 0
      pc11 = 0
      pc12 = 0
      pc13 = 0
      pc14 = 0
Constrained:
   Tgbecnw = 104524
     Tecnw = 24938.1
       Tnw = 23241.1
       Tec = 11821.4
     twoNb = 302292
     twoNe = 675388
     twoNw = 747895
    twoNec = 74494.4
    twoNnw = 6470.5
  twoNecnw = 69102.8
  twoNbecnw = 11428.2
  twoNgbecnw = 196454
         m = 0.152501
        m5 = 0.143516
        Ta = 37600
        Te = 11620.6
DiffEv reached_goal. cost=2.30049e-03 spread=2.61716e-06
Fitted parameter values
Free:
       pc1 = 3.97333
       pc2 = 1.10257
       pc3 = 1.90831
       pc4 = 0.678796
       pc5 = 0.0848574
       pc6 = -0.199584
       pc7 = -0.276608
       pc8 = -0.239968
       pc9 = -0.40217
      pc10 = -0.369781
      pc11 = -0.147421
      pc12 = -0.0108036
      pc13 = 0.0354695
      pc14 = -0.0112315
Constrained:
   Tgbecnw = 82178.3
     Tecnw = 22966
       Tnw = 22919.2
       Tec = 11594.2
     twoNb = 127857
     twoNe = 2.20209e+06
     twoNw = 1.03637e+06
    twoNec = 63887.4
    twoNnw = 180.235
  twoNecnw = 69412.6
  twoNbecnw = 2678.72
  twoNgbecnw = 249664
         m = 0.117225
        m5 = 0.147903
        Ta = 37600
        Te = 11459.6
#       SitePat  BranchLen
              b 116406.6389939
              e 43680.2967065
              c 45636.0303675
              n 42764.0967132
              w 42715.1665034
            b:e 1184.6673410
            b:c 1336.0351547
            b:n 1065.4849927
            b:w 1062.7685988
            e:c 11270.2993498
            e:n 4499.2169171
            e:w 4548.1471269
            c:n 4031.8685365
            c:w 4018.6484261
            n:w 12122.7428399
          b:e:c 1365.0132137
          b:e:n 604.6769098
          b:e:w 607.3933037
          b:c:n 611.4229068
          b:c:w 608.4971135
          b:n:w 1351.7961695
          e:c:n 4096.4535636
          e:c:w 4109.6736740
          e:n:w 5648.5953473
          c:n:w 4689.7087676
        b:e:c:n 1187.4872074
        b:e:c:w 1190.4130007
        b:e:n:w 1478.0004106
        b:c:n:w 1318.7827902
        e:c:n:w 45908.7440350
