########################################
# legofit: estimate population history #
#       version 2.3.4-4-g53f8760       #
########################################

# Program was compiled: Sep 21 2021 14:36:42
# Program was run: Thu Sep 23 10:42:52 2021

# cmd: legofit -1 -d 0 -t 32 --ptsPerDim 3 --stateOut b1boot24.state --tol 3e-6 -S 5000 ae2.lgo ../../chrX/boot_chrX/boot24.opf
# Stage nOptItr nSimReps
#     0    5000        0
# algorithm          : deterministic
# ignoring probs <=  : 0
# Branch length floor: 0
# DE strategy        : 2
#    F               : 0.3
#    CR              : 0.8
#    tolerance       : 3e-06
# nthreads           : 32
# lgo input file     : ae2.lgo
# site pat input file: ../../chrX/boot_chrX/boot24.opf
# free parameters    : 14
# points in DE swarm : 42
# output state file  : b1boot24.state
# Including singleton site patterns.
# cost function      : KL
Initial parameter values
Fixed:
      zero = 0
       one = 1
    Tbecnw = 75200
Free:
       pc1 = 0
       pc2 = 0
       pc3 = 0
       pc4 = 0
       pc5 = 0
       pc6 = 0
       pc7 = 0
       pc8 = 0
       pc9 = 0
      pc10 = 0
      pc11 = 0
      pc12 = 0
      pc13 = 0
      pc14 = 0
Constrained:
   Tgbecnw = 104524
     Tecnw = 24938.1
       Tnw = 23241.1
       Tec = 11821.4
     twoNb = 302292
     twoNe = 675388
     twoNw = 747895
    twoNec = 74494.4
    twoNnw = 6470.5
  twoNecnw = 69102.8
  twoNbecnw = 11428.2
  twoNgbecnw = 196454
         m = 0.152501
        m5 = 0.143516
        Ta = 37600
        Te = 11620.6
DiffEv reached_goal. cost=2.57733e-03 spread=2.53503e-06
Fitted parameter values
Free:
       pc1 = 1.98942
       pc2 = 2.06382
       pc3 = 1.22158
       pc4 = 2.06078
       pc5 = -1.44933
       pc6 = 0.491166
       pc7 = 0.901493
       pc8 = -0.918434
       pc9 = -0.924357
      pc10 = -0.0936174
      pc11 = 0.0960108
      pc12 = -0.126058
      pc13 = 0.0257018
      pc14 = -0.000629664
Constrained:
   Tgbecnw = 91163.8
     Tecnw = 23833.7
       Tnw = 23552.7
       Tec = 11923
     twoNb = 701651
     twoNe = 3.68434e+06
     twoNw = 1.20275e+06
    twoNec = 65920.5
    twoNnw = 1083.61
  twoNecnw = 69680.1
  twoNbecnw = 6471.86
  twoNgbecnw = 205541
         m = 0.143676
        m5 = 0.161902
        Ta = 37600
        Te = 11776.3
#       SitePat  BranchLen
              b 119284.4039713
              e 44614.2147787
              c 46782.5166797
              n 43794.4153223
              w 43745.8569724
            b:e 1246.8160617
            b:c 1420.8692254
            b:n 1128.3990003
            b:w 1125.6119860
            e:c 11462.5845186
            e:n 4642.9087873
            e:w 4691.4671372
            c:n 4124.2715494
            c:w 4111.0633982
            n:w 12288.3802734
          b:e:c 1427.9372907
          b:e:n 638.3625192
          b:e:w 641.1495335
          b:c:n 645.2591252
          b:c:w 642.2815567
          b:n:w 1415.7312693
          e:c:n 4248.7221496
          e:c:w 4261.9303008
          e:n:w 5892.3905143
          c:n:w 4823.1295903
        b:e:c:n 1242.2996885
        b:e:c:w 1245.2772570
        b:e:n:w 1553.8725410
        b:c:n:w 1371.7907483
        e:c:n:w 47220.1286957
