########################################
# legofit: estimate population history #
#       version 2.3.4-4-g53f8760       #
########################################

# Program was compiled: Sep 21 2021 14:36:42
# Program was run: Thu Sep 23 10:42:58 2021

# cmd: legofit -1 -d 0 -t 32 --ptsPerDim 3 --stateOut b1boot26.state --tol 3e-6 -S 5000 ae2.lgo ../../chrX/boot_chrX/boot26.opf
# Stage nOptItr nSimReps
#     0    5000        0
# algorithm          : deterministic
# ignoring probs <=  : 0
# Branch length floor: 0
# DE strategy        : 2
#    F               : 0.3
#    CR              : 0.8
#    tolerance       : 3e-06
# nthreads           : 32
# lgo input file     : ae2.lgo
# site pat input file: ../../chrX/boot_chrX/boot26.opf
# free parameters    : 14
# points in DE swarm : 42
# output state file  : b1boot26.state
# Including singleton site patterns.
# cost function      : KL
Initial parameter values
Fixed:
      zero = 0
       one = 1
    Tbecnw = 75200
Free:
       pc1 = 0
       pc2 = 0
       pc3 = 0
       pc4 = 0
       pc5 = 0
       pc6 = 0
       pc7 = 0
       pc8 = 0
       pc9 = 0
      pc10 = 0
      pc11 = 0
      pc12 = 0
      pc13 = 0
      pc14 = 0
Constrained:
   Tgbecnw = 104524
     Tecnw = 24938.1
       Tnw = 23241.1
       Tec = 11821.4
     twoNb = 302292
     twoNe = 675388
     twoNw = 747895
    twoNec = 74494.4
    twoNnw = 6470.5
  twoNecnw = 69102.8
  twoNbecnw = 11428.2
  twoNgbecnw = 196454
         m = 0.152501
        m5 = 0.143516
        Ta = 37600
        Te = 11620.6
DiffEv reached_goal. cost=2.46256e-03 spread=2.76430e-06
Fitted parameter values
Free:
       pc1 = 3.38406
       pc2 = 0.801228
       pc3 = 1.44789
       pc4 = -0.30761
       pc5 = -0.892102
       pc6 = -1.36671
       pc7 = 0.144535
       pc8 = -0.63819
       pc9 = -0.598645
      pc10 = -0.367128
      pc11 = 0.0502794
      pc12 = -0.159348
      pc13 = -0.0489285
      pc14 = -1.40188e-05
Constrained:
   Tgbecnw = 89595.5
     Tecnw = 23112.2
       Tnw = 22957.4
       Tec = 11487.4
     twoNb = 312121
     twoNe = 952534
     twoNw = 1.3002e+06
    twoNec = 68400.5
    twoNnw = 589.741
  twoNecnw = 69634.5
  twoNbecnw = 5508.54
  twoNgbecnw = 246080
         m = 0.114258
        m5 = 0.137842
        Ta = 37600
        Te = 11478.7
#       SitePat  BranchLen
              b 117618.5508843
              e 44332.0336745
              c 46190.1779092
              n 43101.7890429
              w 43064.8614103
            b:e 1278.7132591
            b:c 1429.6033286
            b:n 1132.3109431
            b:w 1130.1583674
            e:c 11409.4002000
            e:n 4586.9634786
            e:w 4623.8911111
            c:n 4141.9989209
            c:w 4131.8735838
            n:w 12432.8863092
          b:e:c 1451.6742367
          b:e:n 644.3713968
          b:e:w 646.5239725
          b:c:n 650.1988679
          b:c:w 647.8933716
          b:n:w 1437.5988128
          e:c:n 4215.2019311
          e:c:w 4225.3272682
          e:n:w 5835.1401306
          c:n:w 4913.9779808
        b:e:c:n 1252.7002962
        b:e:c:w 1255.0057925
        b:e:n:w 1569.8955768
        b:c:n:w 1411.8086370
        e:c:n:w 46230.1654186
