########################################
# legofit: estimate population history #
#       version 2.3.4-4-g53f8760       #
########################################

# Program was compiled: Sep 21 2021 14:36:42
# Program was run: Thu Sep 23 10:43:14 2021

# cmd: legofit -1 -d 0 -t 32 --ptsPerDim 3 --stateOut b1boot37.state --tol 3e-6 -S 5000 ae2.lgo ../../chrX/boot_chrX/boot37.opf
# Stage nOptItr nSimReps
#     0    5000        0
# algorithm          : deterministic
# ignoring probs <=  : 0
# Branch length floor: 0
# DE strategy        : 2
#    F               : 0.3
#    CR              : 0.8
#    tolerance       : 3e-06
# nthreads           : 32
# lgo input file     : ae2.lgo
# site pat input file: ../../chrX/boot_chrX/boot37.opf
# free parameters    : 14
# points in DE swarm : 42
# output state file  : b1boot37.state
# Including singleton site patterns.
# cost function      : KL
Initial parameter values
Fixed:
      zero = 0
       one = 1
    Tbecnw = 75200
Free:
       pc1 = 0
       pc2 = 0
       pc3 = 0
       pc4 = 0
       pc5 = 0
       pc6 = 0
       pc7 = 0
       pc8 = 0
       pc9 = 0
      pc10 = 0
      pc11 = 0
      pc12 = 0
      pc13 = 0
      pc14 = 0
Constrained:
   Tgbecnw = 104524
     Tecnw = 24938.1
       Tnw = 23241.1
       Tec = 11821.4
     twoNb = 302292
     twoNe = 675388
     twoNw = 747895
    twoNec = 74494.4
    twoNnw = 6470.5
  twoNecnw = 69102.8
  twoNbecnw = 11428.2
  twoNgbecnw = 196454
         m = 0.152501
        m5 = 0.143516
        Ta = 37600
        Te = 11620.6
DiffEv reached_goal. cost=2.37774e-03 spread=2.84020e-06
Fitted parameter values
Free:
       pc1 = 2.05163
       pc2 = 1.13711
       pc3 = 1.67129
       pc4 = 0.284412
       pc5 = -1.33889
       pc6 = -0.97785
       pc7 = 0.467791
       pc8 = -1.021
       pc9 = 0.511648
      pc10 = 0.221108
      pc11 = 0.0997635
      pc12 = -0.0174199
      pc13 = 0.0981036
      pc14 = -0.0119292
Constrained:
   Tgbecnw = 89090.3
     Tecnw = 23831.9
       Tnw = 23344.9
       Tec = 11678.6
     twoNb = 304911
     twoNe = 1.30753e+06
     twoNw = 1.37423e+06
    twoNec = 70166.5
    twoNnw = 1937.36
  twoNecnw = 68420.9
  twoNbecnw = 5814.5
  twoNgbecnw = 197621
         m = 0.148722
        m5 = 0.142943
        Ta = 37600
        Te = 11672.4
#       SitePat  BranchLen
              b 118821.0211091
              e 44628.1122679
              c 46480.6388878
              n 43756.7137586
              w 43719.4045595
            b:e 1256.9611179
            b:c 1405.9276709
            b:n 1135.2467911
            b:w 1133.0970325
            e:c 11369.8730298
            e:n 4603.5364921
            e:w 4640.8456912
            c:n 4155.0765611
            c:w 4144.8864753
            n:w 12150.1017380
          b:e:c 1422.9764298
          b:e:n 642.8991916
          b:e:w 645.0489502
          b:c:n 648.5767983
          b:c:w 646.2810179
          b:n:w 1411.1811708
          e:c:n 4273.5256393
          e:c:w 4283.7157251
          e:n:w 5768.7621294
          c:n:w 4860.6546563
        b:e:c:n 1250.3492428
        b:e:c:w 1252.6450231
        b:e:n:w 1538.5029882
        b:c:n:w 1382.6267609
        e:c:n:w 47015.5873767
