########################################
# legofit: estimate population history #
#       version 2.3.4-4-g53f8760       #
########################################

# Program was compiled: Sep 21 2021 14:36:42
# Program was run: Thu Sep 23 10:42:33 2021

# cmd: legofit -1 -d 0 -t 32 --ptsPerDim 3 --stateOut b1boot11.state --tol 3e-6 -S 5000 ae2.lgo ../../chrX/boot_chrX/boot11.opf
# Stage nOptItr nSimReps
#     0    5000        0
# algorithm          : deterministic
# ignoring probs <=  : 0
# Branch length floor: 0
# DE strategy        : 2
#    F               : 0.3
#    CR              : 0.8
#    tolerance       : 3e-06
# nthreads           : 32
# lgo input file     : ae2.lgo
# site pat input file: ../../chrX/boot_chrX/boot11.opf
# free parameters    : 14
# points in DE swarm : 42
# output state file  : b1boot11.state
# Including singleton site patterns.
# cost function      : KL
Initial parameter values
Fixed:
      zero = 0
       one = 1
    Tbecnw = 75200
Free:
       pc1 = 0
       pc2 = 0
       pc3 = 0
       pc4 = 0
       pc5 = 0
       pc6 = 0
       pc7 = 0
       pc8 = 0
       pc9 = 0
      pc10 = 0
      pc11 = 0
      pc12 = 0
      pc13 = 0
      pc14 = 0
Constrained:
   Tgbecnw = 104524
     Tecnw = 24938.1
       Tnw = 23241.1
       Tec = 11821.4
     twoNb = 302292
     twoNe = 675388
     twoNw = 747895
    twoNec = 74494.4
    twoNnw = 6470.5
  twoNecnw = 69102.8
  twoNbecnw = 11428.2
  twoNgbecnw = 196454
         m = 0.152501
        m5 = 0.143516
        Ta = 37600
        Te = 11620.6
DiffEv reached_goal. cost=2.49359e-03 spread=2.65897e-06
Fitted parameter values
Free:
       pc1 = 3.37646
       pc2 = 1.38416
       pc3 = 1.45738
       pc4 = 0.274764
       pc5 = -1.50508
       pc6 = -1.04835
       pc7 = -0.487327
       pc8 = 0.0374474
       pc9 = -0.931424
      pc10 = -0.0079269
      pc11 = -0.245186
      pc12 = -0.137586
      pc13 = 0.0114422
      pc14 = -0.0128948
Constrained:
   Tgbecnw = 87495.6
     Tecnw = 22928.2
       Tnw = 22616.4
       Tec = 11663.4
     twoNb = 466400
     twoNe = 1.161e+06
     twoNw = 1.24669e+06
    twoNec = 61167.8
    twoNnw = 1156.22
  twoNecnw = 71768.6
  twoNbecnw = 4747.4
  twoNgbecnw = 235261
         m = 0.130024
        m5 = 0.141356
        Ta = 37600
        Te = 11308.2
#       SitePat  BranchLen
              b 118963.3190425
              e 44108.9060730
              c 46079.0843701
              n 43060.1109765
              w 43021.0093707
            b:e 1227.5152343
            b:c 1381.6084473
            b:n 1098.2761996
            b:w 1096.0877436
            e:c 11736.9200242
            e:n 4528.3273195
            e:w 4567.4289253
            c:n 4053.4696564
            c:w 4042.9795990
            n:w 12680.1851909
          b:e:c 1434.0345607
          b:e:n 616.3011964
          b:e:w 618.4896525
          b:c:n 622.3906397
          b:c:w 620.0387926
          b:n:w 1420.4845349
          e:c:n 4165.1167803
          e:c:w 4175.6068376
          e:n:w 5765.9673440
          c:n:w 4795.0960363
        b:e:c:n 1220.1977985
        b:e:c:w 1222.5496455
        b:e:n:w 1523.1695151
        b:c:n:w 1361.4377188
        e:c:n:w 47515.3698151
