########################################
# legofit: estimate population history #
#       version 2.3.4-4-g53f8760       #
########################################

# Program was compiled: Sep 21 2021 14:36:42
# Program was run: Thu Sep 23 10:42:52 2021

# cmd: legofit -1 -d 0 -t 32 --ptsPerDim 3 --stateOut b1boot23.state --tol 3e-6 -S 5000 ae2.lgo ../../chrX/boot_chrX/boot23.opf
# Stage nOptItr nSimReps
#     0    5000        0
# algorithm          : deterministic
# ignoring probs <=  : 0
# Branch length floor: 0
# DE strategy        : 2
#    F               : 0.3
#    CR              : 0.8
#    tolerance       : 3e-06
# nthreads           : 32
# lgo input file     : ae2.lgo
# site pat input file: ../../chrX/boot_chrX/boot23.opf
# free parameters    : 14
# points in DE swarm : 42
# output state file  : b1boot23.state
# Including singleton site patterns.
# cost function      : KL
Initial parameter values
Fixed:
      zero = 0
       one = 1
    Tbecnw = 75200
Free:
       pc1 = 0
       pc2 = 0
       pc3 = 0
       pc4 = 0
       pc5 = 0
       pc6 = 0
       pc7 = 0
       pc8 = 0
       pc9 = 0
      pc10 = 0
      pc11 = 0
      pc12 = 0
      pc13 = 0
      pc14 = 0
Constrained:
   Tgbecnw = 104524
     Tecnw = 24938.1
       Tnw = 23241.1
       Tec = 11821.4
     twoNb = 302292
     twoNe = 675388
     twoNw = 747895
    twoNec = 74494.4
    twoNnw = 6470.5
  twoNecnw = 69102.8
  twoNbecnw = 11428.2
  twoNgbecnw = 196454
         m = 0.152501
        m5 = 0.143516
        Ta = 37600
        Te = 11620.6
DiffEv reached_goal. cost=2.42630e-03 spread=2.77620e-06
Fitted parameter values
Free:
       pc1 = 3.71382
       pc2 = 0.649819
       pc3 = 1.4961
       pc4 = 2.81922
       pc5 = 0.36862
       pc6 = 0.135709
       pc7 = 0.155326
       pc8 = -0.383291
       pc9 = -0.689316
      pc10 = -0.0856789
      pc11 = -0.092395
      pc12 = -0.176453
      pc13 = 0.031656
      pc14 = -0.00838102
Constrained:
   Tgbecnw = 82913
     Tecnw = 23067
       Tnw = 22734.5
       Tec = 11435.5
     twoNb = 329624
     twoNe = 5.16358e+06
     twoNw = 859333
    twoNec = 64726.4
    twoNnw = 1272.77
  twoNecnw = 68124.8
  twoNbecnw = 3073.93
  twoNgbecnw = 234014
         m = 0.121034
        m5 = 0.150254
        Ta = 37600
        Te = 11367.3
#       SitePat  BranchLen
              b 116136.8460021
              e 43532.3418489
              c 45533.7270327
              n 42653.0113766
              w 42593.5276713
            b:e 1213.2451491
            b:c 1371.9786802
            b:n 1093.1278958
            b:w 1089.7494032
            e:c 11324.5391358
            e:n 4511.6935592
            e:w 4571.1772644
            c:n 4042.4836817
            c:w 4026.2905863
            n:w 12156.8418845
          b:e:c 1398.4745421
          b:e:n 617.9562583
          b:e:w 621.3347508
          b:c:n 625.4043650
          b:c:w 621.7758953
          b:n:w 1385.5173639
          e:c:n 4158.7328561
          e:c:w 4174.9259514
          e:n:w 5737.9358859
          c:n:w 4750.6472578
        b:e:c:n 1212.2841661
        b:e:c:w 1215.9126358
        b:e:n:w 1511.5402356
        b:c:n:w 1344.9174532
        e:c:n:w 45657.9705570
