########################################
# legofit: estimate population history #
#       version 2.3.4-4-g53f8760       #
########################################

# Program was compiled: Sep 21 2021 14:36:42
# Program was run: Thu Sep 23 10:42:26 2021

# cmd: legofit -1 -d 0 -t 32 --ptsPerDim 3 --stateOut b1boot5.state --tol 3e-6 -S 5000 ae2.lgo ../../chrX/boot_chrX/boot5.opf
# Stage nOptItr nSimReps
#     0    5000        0
# algorithm          : deterministic
# ignoring probs <=  : 0
# Branch length floor: 0
# DE strategy        : 2
#    F               : 0.3
#    CR              : 0.8
#    tolerance       : 3e-06
# nthreads           : 32
# lgo input file     : ae2.lgo
# site pat input file: ../../chrX/boot_chrX/boot5.opf
# free parameters    : 14
# points in DE swarm : 42
# output state file  : b1boot5.state
# Including singleton site patterns.
# cost function      : KL
Initial parameter values
Fixed:
      zero = 0
       one = 1
    Tbecnw = 75200
Free:
       pc1 = 0
       pc2 = 0
       pc3 = 0
       pc4 = 0
       pc5 = 0
       pc6 = 0
       pc7 = 0
       pc8 = 0
       pc9 = 0
      pc10 = 0
      pc11 = 0
      pc12 = 0
      pc13 = 0
      pc14 = 0
Constrained:
   Tgbecnw = 104524
     Tecnw = 24938.1
       Tnw = 23241.1
       Tec = 11821.4
     twoNb = 302292
     twoNe = 675388
     twoNw = 747895
    twoNec = 74494.4
    twoNnw = 6470.5
  twoNecnw = 69102.8
  twoNbecnw = 11428.2
  twoNgbecnw = 196454
         m = 0.152501
        m5 = 0.143516
        Ta = 37600
        Te = 11620.6
DiffEv reached_goal. cost=2.52834e-03 spread=2.81495e-06
Fitted parameter values
Free:
       pc1 = 1.55608
       pc2 = 2.48575
       pc3 = 1.97915
       pc4 = 2.03279
       pc5 = -1.84732
       pc6 = -0.183375
       pc7 = 0.897724
       pc8 = -0.830222
       pc9 = -1.08801
      pc10 = 0.454209
      pc11 = -0.0112801
      pc12 = -0.153468
      pc13 = 0.0129635
      pc14 = 0.00206154
Constrained:
   Tgbecnw = 93277.1
     Tecnw = 23704.4
       Tnw = 23449.3
       Tec = 11818.3
     twoNb = 620558
     twoNe = 3.81891e+06
     twoNw = 1.41272e+06
    twoNec = 63264
    twoNnw = 976.423
  twoNecnw = 71601.1
  twoNbecnw = 7413.49
  twoNgbecnw = 186741
         m = 0.152299
        m5 = 0.160461
        Ta = 37600
        Te = 11724.6
#       SitePat  BranchLen
              b 118351.9516958
              e 44699.0912409
              c 46884.6065121
              n 43998.4648245
              w 43957.2625878
            b:e 1218.0143542
            b:c 1388.0379639
            b:n 1109.5655378
            b:w 1107.2696039
            e:c 11752.4121110
            e:n 4648.0374592
            e:w 4689.2396959
            c:n 4117.9209717
            c:w 4106.8092104
            n:w 12499.4913881
          b:e:c 1411.9908092
          b:e:n 621.6331179
          b:e:w 623.9290518
          b:c:n 627.8612396
          b:c:w 625.4106217
          b:n:w 1400.7521007
          e:c:n 4260.6589714
          e:c:w 4271.7707327
          e:n:w 5869.6048944
          c:n:w 4796.6365963
        b:e:c:n 1219.9734416
        b:e:c:w 1222.4240595
        b:e:n:w 1515.9126980
        b:c:n:w 1338.1793966
        e:c:n:w 45758.2130543
