########################################
# legofit: estimate population history #
#       version 2.3.4-4-g53f8760       #
########################################

# Program was compiled: Sep 21 2021 14:36:42
# Program was run: Thu Sep 23 10:43:05 2021

# cmd: legofit -1 -d 0 -t 32 --ptsPerDim 3 --stateOut b1boot33.state --tol 3e-6 -S 5000 ae2.lgo ../../chrX/boot_chrX/boot33.opf
# Stage nOptItr nSimReps
#     0    5000        0
# algorithm          : deterministic
# ignoring probs <=  : 0
# Branch length floor: 0
# DE strategy        : 2
#    F               : 0.3
#    CR              : 0.8
#    tolerance       : 3e-06
# nthreads           : 32
# lgo input file     : ae2.lgo
# site pat input file: ../../chrX/boot_chrX/boot33.opf
# free parameters    : 14
# points in DE swarm : 42
# output state file  : b1boot33.state
# Including singleton site patterns.
# cost function      : KL
Initial parameter values
Fixed:
      zero = 0
       one = 1
    Tbecnw = 75200
Free:
       pc1 = 0
       pc2 = 0
       pc3 = 0
       pc4 = 0
       pc5 = 0
       pc6 = 0
       pc7 = 0
       pc8 = 0
       pc9 = 0
      pc10 = 0
      pc11 = 0
      pc12 = 0
      pc13 = 0
      pc14 = 0
Constrained:
   Tgbecnw = 104524
     Tecnw = 24938.1
       Tnw = 23241.1
       Tec = 11821.4
     twoNb = 302292
     twoNe = 675388
     twoNw = 747895
    twoNec = 74494.4
    twoNnw = 6470.5
  twoNecnw = 69102.8
  twoNbecnw = 11428.2
  twoNgbecnw = 196454
         m = 0.152501
        m5 = 0.143516
        Ta = 37600
        Te = 11620.6
DiffEv reached_goal. cost=2.46327e-03 spread=2.81452e-06
Fitted parameter values
Free:
       pc1 = 3.54279
       pc2 = 0.751559
       pc3 = 1.51636
       pc4 = 2.60376
       pc5 = -0.797968
       pc6 = -1.4213
       pc7 = -0.301185
       pc8 = -0.742559
       pc9 = -0.0838759
      pc10 = 0.0824284
      pc11 = -0.06115
      pc12 = -0.117679
      pc13 = 0.19
      pc14 = -0.0433597
Constrained:
   Tgbecnw = 80427.3
     Tecnw = 23005
       Tnw = 22775
       Tec = 11435.1
     twoNb = 444558
     twoNe = 4.48784e+06
     twoNw = 1.13694e+06
    twoNec = 65824.7
    twoNnw = 832.182
  twoNecnw = 69204.6
  twoNbecnw = 2173.39
  twoNgbecnw = 216023
         m = 0.145996
        m5 = 0.134888
        Ta = 37600
        Te = 11387.5
#       SitePat  BranchLen
              b 118329.7705515
              e 43816.7193020
              c 45686.4329103
              n 42471.9425094
              w 42431.8514324
            b:e 1225.2920917
            b:c 1373.8475738
            b:n 1073.5771159
            b:w 1071.3164412
            e:c 11415.4451655
            e:n 4423.1742498
            e:w 4463.2653268
            c:n 3981.1512398
            c:w 3970.3262276
            n:w 12515.8642220
          b:e:c 1419.3883695
          b:e:n 608.1180107
          b:e:w 610.3786854
          b:c:n 614.1904715
          b:c:w 611.7572533
          b:n:w 1403.9971040
          e:c:n 4071.4758545
          e:c:w 4082.3008667
          e:n:w 5743.5241890
          c:n:w 4808.7726898
        b:e:c:n 1195.8581938
        b:e:c:w 1198.2914120
        b:e:n:w 1517.5923780
        b:c:n:w 1361.5858671
        e:c:n:w 47824.1374241
