########################################
# legofit: estimate population history #
#       version 2.3.4-4-g53f8760       #
########################################

# Program was compiled: Sep 21 2021 14:36:42
# Program was run: Thu Sep 23 10:42:26 2021

# cmd: legofit -1 -d 0 -t 32 --ptsPerDim 3 --stateOut b1boot7.state --tol 3e-6 -S 5000 ae2.lgo ../../chrX/boot_chrX/boot7.opf
# Stage nOptItr nSimReps
#     0    5000        0
# algorithm          : deterministic
# ignoring probs <=  : 0
# Branch length floor: 0
# DE strategy        : 2
#    F               : 0.3
#    CR              : 0.8
#    tolerance       : 3e-06
# nthreads           : 32
# lgo input file     : ae2.lgo
# site pat input file: ../../chrX/boot_chrX/boot7.opf
# free parameters    : 14
# points in DE swarm : 42
# output state file  : b1boot7.state
# Including singleton site patterns.
# cost function      : KL
Initial parameter values
Fixed:
      zero = 0
       one = 1
    Tbecnw = 75200
Free:
       pc1 = 0
       pc2 = 0
       pc3 = 0
       pc4 = 0
       pc5 = 0
       pc6 = 0
       pc7 = 0
       pc8 = 0
       pc9 = 0
      pc10 = 0
      pc11 = 0
      pc12 = 0
      pc13 = 0
      pc14 = 0
Constrained:
   Tgbecnw = 104524
     Tecnw = 24938.1
       Tnw = 23241.1
       Tec = 11821.4
     twoNb = 302292
     twoNe = 675388
     twoNw = 747895
    twoNec = 74494.4
    twoNnw = 6470.5
  twoNecnw = 69102.8
  twoNbecnw = 11428.2
  twoNgbecnw = 196454
         m = 0.152501
        m5 = 0.143516
        Ta = 37600
        Te = 11620.6
DiffEv reached_goal. cost=2.56914e-03 spread=2.73217e-06
Fitted parameter values
Free:
       pc1 = 2.96104
       pc2 = 0.514714
       pc3 = 1.9699
       pc4 = 0.577497
       pc5 = -1.65921
       pc6 = -1.24794
       pc7 = -0.138603
       pc8 = -0.0855498
       pc9 = -0.673234
      pc10 = 0.208592
      pc11 = -0.118007
      pc12 = -0.00772659
      pc13 = 0.0341821
      pc14 = 0.0135535
Constrained:
   Tgbecnw = 87378.5
     Tecnw = 23210.9
       Tnw = 22223.9
       Tec = 11320.4
     twoNb = 393182
     twoNe = 1.72138e+06
     twoNw = 1.32946e+06
    twoNec = 65424.9
    twoNnw = 3948.75
  twoNecnw = 71107.6
  twoNbecnw = 4830.26
  twoNgbecnw = 221689
         m = 0.131586
        m5 = 0.139837
        Ta = 37600
        Te = 11111.9
#       SitePat  BranchLen
              b 117627.7941924
              e 44260.9150101
              c 46107.7123569
              n 43554.5690388
              w 43517.9243216
            b:e 1230.9769019
            b:c 1374.3197778
            b:n 1126.2334222
            b:w 1124.1862917
            e:c 11639.6709788
            e:n 4589.4335933
            e:w 4626.0783105
            c:n 4131.9312706
            c:w 4122.1866863
            n:w 12341.5725740
          b:e:c 1420.3018462
          b:e:n 632.5878153
          b:e:w 634.6349458
          b:c:n 638.3335380
          b:c:w 636.1350485
          b:n:w 1408.8588172
          e:c:n 4240.2669202
          e:c:w 4250.0115045
          e:n:w 5634.0063204
          c:n:w 4748.6029205
        b:e:c:n 1250.5299692
        b:e:c:w 1252.7284587
        b:e:n:w 1515.8050765
        b:c:n:w 1365.2163752
        e:c:n:w 46060.6948252
