########################################
# legofit: estimate population history #
#       version 2.3.4-4-g53f8760       #
########################################

# Program was compiled: Sep 21 2021 14:36:42
# Program was run: Thu Sep 23 10:42:42 2021

# cmd: legofit -1 -d 0 -t 32 --ptsPerDim 3 --stateOut b1boot15.state --tol 3e-6 -S 5000 ae2.lgo ../../chrX/boot_chrX/boot15.opf
# Stage nOptItr nSimReps
#     0    5000        0
# algorithm          : deterministic
# ignoring probs <=  : 0
# Branch length floor: 0
# DE strategy        : 2
#    F               : 0.3
#    CR              : 0.8
#    tolerance       : 3e-06
# nthreads           : 32
# lgo input file     : ae2.lgo
# site pat input file: ../../chrX/boot_chrX/boot15.opf
# free parameters    : 14
# points in DE swarm : 42
# output state file  : b1boot15.state
# Including singleton site patterns.
# cost function      : KL
Initial parameter values
Fixed:
      zero = 0
       one = 1
    Tbecnw = 75200
Free:
       pc1 = 0
       pc2 = 0
       pc3 = 0
       pc4 = 0
       pc5 = 0
       pc6 = 0
       pc7 = 0
       pc8 = 0
       pc9 = 0
      pc10 = 0
      pc11 = 0
      pc12 = 0
      pc13 = 0
      pc14 = 0
Constrained:
   Tgbecnw = 104524
     Tecnw = 24938.1
       Tnw = 23241.1
       Tec = 11821.4
     twoNb = 302292
     twoNe = 675388
     twoNw = 747895
    twoNec = 74494.4
    twoNnw = 6470.5
  twoNecnw = 69102.8
  twoNbecnw = 11428.2
  twoNgbecnw = 196454
         m = 0.152501
        m5 = 0.143516
        Ta = 37600
        Te = 11620.6
DiffEv reached_goal. cost=2.36230e-03 spread=2.25622e-06
Fitted parameter values
Free:
       pc1 = 2.75949
       pc2 = 1.57021
       pc3 = 1.83198
       pc4 = -0.731009
       pc5 = -0.973417
       pc6 = -0.367817
       pc7 = 0.983238
       pc8 = -0.332104
       pc9 = 0.491037
      pc10 = 0.00689714
      pc11 = 0.0959375
      pc12 = -0.0956373
      pc13 = -0.0236011
      pc14 = -0.0103343
Constrained:
   Tgbecnw = 89771.3
     Tecnw = 23645.9
       Tnw = 23217.6
       Tec = 12147.4
     twoNb = 140653
     twoNe = 229459
     twoNw = 1.39216e+06
    twoNec = 66257
    twoNnw = 1596.74
  twoNecnw = 67374.6
  twoNbecnw = 5934.36
  twoNgbecnw = 220984
         m = 0.123084
        m5 = 0.15026
        Ta = 37600
        Te = 11608.8
#       SitePat  BranchLen
              b 117523.0851969
              e 44335.1362606
              c 46373.9858566
              n 43095.8836924
              w 43058.0984103
            b:e 1312.9254466
            b:c 1485.4883932
            b:n 1161.4877316
            b:w 1159.2148304
            e:c 11353.4917119
            e:n 4591.6606458
            e:w 4629.4459279
            c:n 4109.6432836
            c:w 4099.1991433
            n:w 12416.6800211
          b:e:c 1494.7390645
          b:e:n 660.0933876
          b:e:w 662.3662889
          b:c:n 666.3283468
          b:c:w 663.9018232
          b:n:w 1480.5415303
          e:c:n 4260.6494975
          e:c:w 4271.0936378
          e:n:w 5993.5459903
          c:n:w 4966.9605411
        b:e:c:n 1278.3710477
        b:e:c:w 1280.7975714
        b:e:n:w 1622.8042026
        b:c:n:w 1442.4707626
        e:c:n:w 46147.4949433
