########################################
# legofit: estimate population history #
#       version 2.3.4-4-g53f8760       #
########################################

# Program was compiled: Sep 21 2021 14:36:42
# Program was run: Thu Sep 23 10:42:42 2021

# cmd: legofit -1 -d 0 -t 32 --ptsPerDim 3 --stateOut b1boot16.state --tol 3e-6 -S 5000 ae2.lgo ../../chrX/boot_chrX/boot16.opf
# Stage nOptItr nSimReps
#     0    5000        0
# algorithm          : deterministic
# ignoring probs <=  : 0
# Branch length floor: 0
# DE strategy        : 2
#    F               : 0.3
#    CR              : 0.8
#    tolerance       : 3e-06
# nthreads           : 32
# lgo input file     : ae2.lgo
# site pat input file: ../../chrX/boot_chrX/boot16.opf
# free parameters    : 14
# points in DE swarm : 42
# output state file  : b1boot16.state
# Including singleton site patterns.
# cost function      : KL
Initial parameter values
Fixed:
      zero = 0
       one = 1
    Tbecnw = 75200
Free:
       pc1 = 0
       pc2 = 0
       pc3 = 0
       pc4 = 0
       pc5 = 0
       pc6 = 0
       pc7 = 0
       pc8 = 0
       pc9 = 0
      pc10 = 0
      pc11 = 0
      pc12 = 0
      pc13 = 0
      pc14 = 0
Constrained:
   Tgbecnw = 104524
     Tecnw = 24938.1
       Tnw = 23241.1
       Tec = 11821.4
     twoNb = 302292
     twoNe = 675388
     twoNw = 747895
    twoNec = 74494.4
    twoNnw = 6470.5
  twoNecnw = 69102.8
  twoNbecnw = 11428.2
  twoNgbecnw = 196454
         m = 0.152501
        m5 = 0.143516
        Ta = 37600
        Te = 11620.6
DiffEv reached_goal. cost=2.51485e-03 spread=2.57747e-06
Fitted parameter values
Free:
       pc1 = 3.25221
       pc2 = 1.36704
       pc3 = 1.83386
       pc4 = -0.673498
       pc5 = -0.926009
       pc6 = 0.53337
       pc7 = 0.575558
       pc8 = -0.687796
       pc9 = -0.324352
      pc10 = -0.528633
      pc11 = -0.115403
      pc12 = 0.0797314
      pc13 = -0.00876953
      pc14 = -0.00644601
Constrained:
   Tgbecnw = 86776.9
     Tecnw = 23606.2
       Tnw = 23283.2
       Tec = 11658
     twoNb = 261737
     twoNe = 191586
     twoNw = 1.25839e+06
    twoNec = 66711.2
    twoNnw = 1169.61
  twoNecnw = 68330.8
  twoNbecnw = 4435.05
  twoNgbecnw = 246123
         m = 0.115459
        m5 = 0.158415
        Ta = 37600
        Te = 11641.6
#       SitePat  BranchLen
              b 117046.3502030
              e 44052.2782933
              c 46237.4136824
              n 42869.0718447
              w 42825.4288263
            b:e 1223.2159779
            b:c 1398.5123601
            b:n 1080.3779821
            b:w 1077.9062846
            e:c 11314.3965762
            e:n 4502.1303398
            e:w 4545.7733582
            c:n 3985.1814462
            c:w 3973.3987880
            n:w 12377.2818115
          b:e:c 1412.6133747
          b:e:n 613.9986109
          b:e:w 616.4703084
          b:c:n 620.7343532
          b:c:w 618.0837186
          b:n:w 1398.0086559
          e:c:n 4091.9639579
          e:c:w 4103.7466160
          e:n:w 5880.4716666
          c:n:w 4784.6597413
        b:e:c:n 1196.3056531
        b:e:c:w 1198.9562877
        b:e:n:w 1535.7804923
        b:c:n:w 1352.1349576
        e:c:n:w 46101.3477071
