########################################
# legofit: estimate population history #
#       version 2.3.4-4-g53f8760       #
########################################

# Program was compiled: Sep 21 2021 14:36:42
# Program was run: Thu Sep 23 10:42:19 2021

# cmd: legofit -1 -d 0 -t 32 --ptsPerDim 3 --stateOut b1boot0.state --tol 3e-6 -S 5000 ae2.lgo ../../chrX/boot_chrX/boot0.opf
# Stage nOptItr nSimReps
#     0    5000        0
# algorithm          : deterministic
# ignoring probs <=  : 0
# Branch length floor: 0
# DE strategy        : 2
#    F               : 0.3
#    CR              : 0.8
#    tolerance       : 3e-06
# nthreads           : 32
# lgo input file     : ae2.lgo
# site pat input file: ../../chrX/boot_chrX/boot0.opf
# free parameters    : 14
# points in DE swarm : 42
# output state file  : b1boot0.state
# Including singleton site patterns.
# cost function      : KL
Initial parameter values
Fixed:
      zero = 0
       one = 1
    Tbecnw = 75200
Free:
       pc1 = 0
       pc2 = 0
       pc3 = 0
       pc4 = 0
       pc5 = 0
       pc6 = 0
       pc7 = 0
       pc8 = 0
       pc9 = 0
      pc10 = 0
      pc11 = 0
      pc12 = 0
      pc13 = 0
      pc14 = 0
Constrained:
   Tgbecnw = 104524
     Tecnw = 24938.1
       Tnw = 23241.1
       Tec = 11821.4
     twoNb = 302292
     twoNe = 675388
     twoNw = 747895
    twoNec = 74494.4
    twoNnw = 6470.5
  twoNecnw = 69102.8
  twoNbecnw = 11428.2
  twoNgbecnw = 196454
         m = 0.152501
        m5 = 0.143516
        Ta = 37600
        Te = 11620.6
DiffEv reached_goal. cost=2.45597e-03 spread=2.74558e-06
Fitted parameter values
Free:
       pc1 = 2.33286
       pc2 = 1.16935
       pc3 = 1.45786
       pc4 = 1.49133
       pc5 = -1.27508
       pc6 = -0.831324
       pc7 = -0.246587
       pc8 = -0.70016
       pc9 = -0.67692
      pc10 = 0.0846283
      pc11 = 0.264223
      pc12 = -0.0400682
      pc13 = 0.0793418
      pc14 = -0.0322661
Constrained:
   Tgbecnw = 88159.9
     Tecnw = 23368.6
       Tnw = 22980.1
       Tec = 11577.2
     twoNb = 516127
     twoNe = 2.8321e+06
     twoNw = 1.18083e+06
    twoNec = 68462.1
    twoNnw = 1443.36
  twoNecnw = 71360.7
  twoNbecnw = 5291.69
  twoNgbecnw = 206622
         m = 0.145313
        m5 = 0.144485
        Ta = 37600
        Te = 11490.1
#       SitePat  BranchLen
              b 118755.0934611
              e 44715.8253683
              c 46728.3952723
              n 43391.7846969
              w 43348.7580890
            b:e 1260.7655998
            b:c 1420.7865819
            b:n 1111.3133981
            b:w 1108.8727192
            e:c 11464.8891834
            e:n 4587.1627469
            e:w 4630.1893549
            c:n 4104.9956463
            c:w 4093.4421919
            n:w 12606.6609155
          b:e:c 1440.4686148
          b:e:n 633.1558895
          b:e:w 635.5965684
          b:c:n 639.5530763
          b:c:w 636.9348639
          b:n:w 1425.6410497
          e:c:n 4152.8075023
          e:c:w 4164.3609567
          e:n:w 5865.4792449
          c:n:w 4871.8236045
        b:e:c:n 1231.8077888
        b:e:c:w 1234.4260012
        b:e:n:w 1562.5057246
        b:c:n:w 1394.7492602
        e:c:n:w 46912.2300531
