########################################
# legofit: estimate population history #
#       version 2.3.4-4-g53f8760       #
########################################

# Program was compiled: Sep 21 2021 14:36:42
# Program was run: Thu Sep 23 10:43:34 2021

# cmd: legofit -1 -d 0 -t 32 --ptsPerDim 3 --stateOut b1boot49.state --tol 3e-6 -S 5000 ae2.lgo ../../chrX/boot_chrX/boot49.opf
# Stage nOptItr nSimReps
#     0    5000        0
# algorithm          : deterministic
# ignoring probs <=  : 0
# Branch length floor: 0
# DE strategy        : 2
#    F               : 0.3
#    CR              : 0.8
#    tolerance       : 3e-06
# nthreads           : 32
# lgo input file     : ae2.lgo
# site pat input file: ../../chrX/boot_chrX/boot49.opf
# free parameters    : 14
# points in DE swarm : 42
# output state file  : b1boot49.state
# Including singleton site patterns.
# cost function      : KL
Initial parameter values
Fixed:
      zero = 0
       one = 1
    Tbecnw = 75200
Free:
       pc1 = 0
       pc2 = 0
       pc3 = 0
       pc4 = 0
       pc5 = 0
       pc6 = 0
       pc7 = 0
       pc8 = 0
       pc9 = 0
      pc10 = 0
      pc11 = 0
      pc12 = 0
      pc13 = 0
      pc14 = 0
Constrained:
   Tgbecnw = 104524
     Tecnw = 24938.1
       Tnw = 23241.1
       Tec = 11821.4
     twoNb = 302292
     twoNe = 675388
     twoNw = 747895
    twoNec = 74494.4
    twoNnw = 6470.5
  twoNecnw = 69102.8
  twoNbecnw = 11428.2
  twoNgbecnw = 196454
         m = 0.152501
        m5 = 0.143516
        Ta = 37600
        Te = 11620.6
DiffEv reached_goal. cost=2.45788e-03 spread=2.57106e-06
Fitted parameter values
Free:
       pc1 = 1.6888
       pc2 = 1.95888
       pc3 = 1.84017
       pc4 = 0.46345
       pc5 = -1.45243
       pc6 = 0.0778862
       pc7 = 1.26962
       pc8 = -1.38372
       pc9 = 0.522677
      pc10 = 0.0696546
      pc11 = 0.295264
      pc12 = -0.131697
      pc13 = 0.0776982
      pc14 = -0.0204405
Constrained:
   Tgbecnw = 90317.5
     Tecnw = 24075.9
       Tnw = 23849.9
       Tec = 12002.3
     twoNb = 361703
     twoNe = 1.63916e+06
     twoNw = 1.4415e+06
    twoNec = 70745.7
    twoNnw = 895.582
  twoNecnw = 67368.7
  twoNbecnw = 6434.69
  twoNgbecnw = 192094
         m = 0.151287
        m5 = 0.158235
        Ta = 37600
        Te = 11925
#       SitePat  BranchLen
              b 119173.3388414
              e 44720.4936929
              c 46757.8736021
              n 43808.6888958
              w 43768.8052143
            b:e 1274.9892639
            b:c 1442.8577306
            b:n 1148.1490809
            b:w 1145.7979044
            e:c 11184.7938691
            e:n 4665.3410354
            e:w 4705.2247169
            c:n 4177.1577736
            c:w 4166.1116506
            n:w 12028.7544861
          b:e:c 1429.9627526
          b:e:n 655.4413670
          b:e:w 657.7925435
          b:c:n 661.6184691
          b:c:w 659.1133507
          b:n:w 1417.8320428
          e:c:n 4296.3368599
          e:c:w 4307.3829829
          e:n:w 5913.3776875
          c:n:w 4903.2941063
        b:e:c:n 1260.0609723
        b:e:c:w 1262.5660907
        b:e:n:w 1573.0774339
        b:c:n:w 1397.7110580
        e:c:n:w 47253.4676331
