########################################
# legofit: estimate population history #
#       version 2.3.4-4-g53f8760       #
########################################

# Program was compiled: Sep 21 2021 14:36:42
# Program was run: Sun Oct 10 23:39:41 2021

# cmd: legofit -1 -d 0 -t 32 --ptsPerDim 3 --stateOut b1.state --tol 3e-6 -S 5000 ade2.lgo ../../chrX/pan_chrX.opf
# Stage nOptItr nSimReps
#     0    5000        0
# algorithm          : deterministic
# ignoring probs <=  : 0
# Branch length floor: 0
# DE strategy        : 2
#    F               : 0.3
#    CR              : 0.8
#    tolerance       : 3e-06
# nthreads           : 32
# lgo input file     : ade2.lgo
# site pat input file: ../../chrX/pan_chrX.opf
# free parameters    : 16
# points in DE swarm : 48
# output state file  : b1.state
# Including singleton site patterns.
# cost function      : KL
Initial parameter values
Fixed:
      zero = 0
       one = 1
    Tbecnw = 75200
Free:
       pc1 = 0
       pc2 = 0
       pc3 = 0
       pc4 = 0
       pc5 = 0
       pc6 = 0
       pc7 = 0
       pc8 = 0
       pc9 = 0
      pc10 = 0
      pc11 = 0
      pc12 = 0
      pc13 = 0
      pc14 = 0
      pc15 = 0
      pc16 = 0
Constrained:
   Tgbecnw = 102860
     Tecnw = 24406.3
       Tnw = 20818.2
       Tec = 99.4492
     twoNb = 1.45871e+06
     twoNe = 472682
     twoNc = 903383
     twoNw = 3.26684e+06
    twoNec = 160182
    twoNnw = 15083
  twoNecnw = 64320.8
  twoNbecnw = 9134.75
  twoNgbecnw = 312934
         m = 0.0915246
        m4 = 0.0153254
        m5 = 0.0850999
        Ta = 37600
        Td = 49.7246
        Te = 24.8623
DiffEv reached_goal. cost=2.30756e-03 spread=2.38962e-06
Fitted parameter values
Free:
       pc1 = 3.93968
       pc2 = 1.85155
       pc3 = 2.36246
       pc4 = -1.0935
       pc5 = 1.66169
       pc6 = -2.01959
       pc7 = -0.255676
       pc8 = 0.762673
       pc9 = 1.70563
      pc10 = -0.275397
      pc11 = 1.93177
      pc12 = 0.683819
      pc13 = -0.140432
      pc14 = 0.194274
      pc15 = 0.0584065
      pc16 = 0.0951546
Constrained:
   Tgbecnw = 80878.6
     Tecnw = 23272.6
       Tnw = 19652.4
       Tec = 19.9834
     twoNb = 2.76801e+06
     twoNe = 78969.9
     twoNc = 669249
     twoNw = 9.39676e+06
    twoNec = 153941
    twoNnw = 15041.7
  twoNecnw = 62921.7
  twoNbecnw = 1911.45
  twoNgbecnw = 366436
         m = 0.0747418
        m4 = 0.0155956
        m5 = 0.0908531
        Ta = 37600
        Td = 9.9917
        Te = 4.99585
#       SitePat  BranchLen
              b 114912.7047608
              e 42920.7033358
              c 44850.6634065
              n 41976.6600777
              w 41969.7237907
            b:e 1160.5276182
            b:c 1378.6720838
            b:n 1020.1125631
            b:w 1019.8072012
            e:c 11222.1108160
            e:n 4400.9135560
            e:w 4407.8498430
            c:n 4004.0116398
            c:w 4002.4860750
            n:w 11882.6158662
          b:e:c 1279.6540216
          b:e:n 589.0595232
          b:e:w 589.3648850
          b:c:n 594.7024443
          b:c:w 594.3742194
          b:n:w 1262.6956710
          e:c:n 4035.2911422
          e:c:w 4036.8167070
          e:n:w 5541.8365246
          c:n:w 4724.1931182
        b:e:c:n 1134.9518226
        b:e:c:w 1135.2800476
        b:e:n:w 1826.1636811
        b:c:n:w 1287.3158940
        e:c:n:w 45504.8629989
