########################################
# legofit: estimate population history #
#       version 2.3.4-4-g53f8760       #
########################################

# Program was compiled: Sep 21 2021 14:36:42
# Program was run: Sun Oct 10 23:41:57 2021

# cmd: legofit -1 -d 0 -t 32 --ptsPerDim 3 --stateOut b1boot42.state --tol 3e-6 -S 5000 ade2.lgo ../../chrX/boot_chrX/boot42.opf
# Stage nOptItr nSimReps
#     0    5000        0
# algorithm          : deterministic
# ignoring probs <=  : 0
# Branch length floor: 0
# DE strategy        : 2
#    F               : 0.3
#    CR              : 0.8
#    tolerance       : 3e-06
# nthreads           : 32
# lgo input file     : ade2.lgo
# site pat input file: ../../chrX/boot_chrX/boot42.opf
# free parameters    : 16
# points in DE swarm : 48
# output state file  : b1boot42.state
# Including singleton site patterns.
# cost function      : KL
Initial parameter values
Fixed:
      zero = 0
       one = 1
    Tbecnw = 75200
Free:
       pc1 = 0
       pc2 = 0
       pc3 = 0
       pc4 = 0
       pc5 = 0
       pc6 = 0
       pc7 = 0
       pc8 = 0
       pc9 = 0
      pc10 = 0
      pc11 = 0
      pc12 = 0
      pc13 = 0
      pc14 = 0
      pc15 = 0
      pc16 = 0
Constrained:
   Tgbecnw = 102860
     Tecnw = 24406.3
       Tnw = 20818.2
       Tec = 99.4492
     twoNb = 1.45871e+06
     twoNe = 472682
     twoNc = 903383
     twoNw = 3.26684e+06
    twoNec = 160182
    twoNnw = 15083
  twoNecnw = 64320.8
  twoNbecnw = 9134.75
  twoNgbecnw = 312934
         m = 0.0915246
        m4 = 0.0153254
        m5 = 0.0850999
        Ta = 37600
        Td = 49.7246
        Te = 24.8623
DiffEv reached_goal. cost=2.32430e-03 spread=2.53796e-06
Fitted parameter values
Free:
       pc1 = 3.27119
       pc2 = 1.97593
       pc3 = 2.66784
       pc4 = -1.75225
       pc5 = 1.73292
       pc6 = 0.374934
       pc7 = 1.80771
       pc8 = 1.00132
       pc9 = 0.965977
      pc10 = 0.414494
      pc11 = 1.79134
      pc12 = -0.292339
      pc13 = 0.289786
      pc14 = 0.292613
      pc15 = 0.00389375
      pc16 = 0.10028
Constrained:
   Tgbecnw = 81469.9
     Tecnw = 23856.7
       Tnw = 20262.4
       Tec = 146.654
     twoNb = 2.47768e+06
     twoNe = 2.10549e+06
     twoNc = 1.22625e+06
     twoNw = 7.91817e+06
    twoNec = 157853
    twoNnw = 15130.1
  twoNecnw = 62140.8
  twoNbecnw = 2138.02
  twoNgbecnw = 350921
         m = 0.0788627
        m4 = 0.0151436
        m5 = 0.102585
        Ta = 37600
        Td = 73.3271
        Te = 36.6635
#       SitePat  BranchLen
              b 115294.4645460
              e 43216.4998672
              c 45240.6591759
              n 42385.3031013
              w 42375.7093339
            b:e 1156.3427385
            b:c 1384.9568629
            b:n 1021.2122024
            b:w 1020.7899254
            e:c 11051.9037288
            e:n 4418.9669064
            e:w 4428.5606737
            c:n 3994.6238537
            c:w 3992.5264967
            n:w 11659.2553290
          b:e:c 1267.4447895
          b:e:n 592.3630602
          b:e:w 592.7853371
          b:c:n 598.2247005
          b:c:w 597.7712642
          b:n:w 1250.9871346
          e:c:n 4019.6497465
          e:c:w 4021.7471034
          e:n:w 5546.4842602
          c:n:w 4679.5290892
        b:e:c:n 1134.4142371
        b:e:c:w 1134.8676734
        b:e:n:w 1817.3051937
        b:c:n:w 1281.0165011
        e:c:n:w 45745.6109438
