########################################
# legofit: estimate population history #
#       version 2.3.4-4-g53f8760       #
########################################

# Program was compiled: Sep 21 2021 14:36:42
# Program was run: Sun Oct 10 23:41:30 2021

# cmd: legofit -1 -d 0 -t 32 --ptsPerDim 3 --stateOut b1boot33.state --tol 3e-6 -S 5000 ade2.lgo ../../chrX/boot_chrX/boot33.opf
# Stage nOptItr nSimReps
#     0    5000        0
# algorithm          : deterministic
# ignoring probs <=  : 0
# Branch length floor: 0
# DE strategy        : 2
#    F               : 0.3
#    CR              : 0.8
#    tolerance       : 3e-06
# nthreads           : 32
# lgo input file     : ade2.lgo
# site pat input file: ../../chrX/boot_chrX/boot33.opf
# free parameters    : 16
# points in DE swarm : 48
# output state file  : b1boot33.state
# Including singleton site patterns.
# cost function      : KL
Initial parameter values
Fixed:
      zero = 0
       one = 1
    Tbecnw = 75200
Free:
       pc1 = 0
       pc2 = 0
       pc3 = 0
       pc4 = 0
       pc5 = 0
       pc6 = 0
       pc7 = 0
       pc8 = 0
       pc9 = 0
      pc10 = 0
      pc11 = 0
      pc12 = 0
      pc13 = 0
      pc14 = 0
      pc15 = 0
      pc16 = 0
Constrained:
   Tgbecnw = 102860
     Tecnw = 24406.3
       Tnw = 20818.2
       Tec = 99.4492
     twoNb = 1.45871e+06
     twoNe = 472682
     twoNc = 903383
     twoNw = 3.26684e+06
    twoNec = 160182
    twoNnw = 15083
  twoNecnw = 64320.8
  twoNbecnw = 9134.75
  twoNgbecnw = 312934
         m = 0.0915246
        m4 = 0.0153254
        m5 = 0.0850999
        Ta = 37600
        Td = 49.7246
        Te = 24.8623
DiffEv reached_goal. cost=2.34725e-03 spread=2.56717e-06
Fitted parameter values
Free:
       pc1 = 1.93148
       pc2 = 1.84403
       pc3 = 0.994846
       pc4 = -0.196821
       pc5 = 1.98458
       pc6 = -1.82269
       pc7 = 0.436499
       pc8 = 0.518085
       pc9 = 0.539831
      pc10 = 1.36434
      pc11 = 1.8779
      pc12 = 0.981469
      pc13 = 0.0802815
      pc14 = 0.165717
      pc15 = 0.10003
      pc16 = 0.0249766
Constrained:
   Tgbecnw = 88545.5
     Tecnw = 23866.3
       Tnw = 20875.1
       Tec = 25.779
     twoNb = 2.28927e+06
     twoNe = 298669
     twoNc = 1.10185e+06
     twoNw = 8.3408e+06
    twoNec = 158518
    twoNnw = 11694.4
  twoNecnw = 62608.5
  twoNbecnw = 4467.54
  twoNgbecnw = 354115
         m = 0.0804607
        m4 = 0.0129168
        m5 = 0.0802473
        Ta = 37600
        Td = 12.8895
        Te = 6.44474
#       SitePat  BranchLen
              b 117725.4034503
              e 43593.9732037
              c 45312.5005166
              n 42389.7122421
              w 42382.4347618
            b:e 1213.4775342
            b:c 1415.2123190
            b:n 1043.0095560
            b:w 1042.6805903
            e:c 11484.6930956
            e:n 4338.3743323
            e:w 4345.6518125
            c:n 3991.3186692
            c:w 3989.7032519
            n:w 12218.3153727
          b:e:c 1340.5082790
          b:e:n 597.4914068
          b:e:w 597.8203725
          b:c:n 602.0799785
          b:c:w 601.7285778
          b:n:w 1323.7678643
          e:c:n 4064.5166853
          e:c:w 4066.1321026
          e:n:w 5644.8037333
          c:n:w 4891.1039303
        b:e:c:n 1150.3006909
        b:e:c:w 1150.6520915
        b:e:n:w 1805.6558085
        b:c:n:w 1333.6008784
        e:c:n:w 47549.3383316
