########################################
# legofit: estimate population history #
#       version 2.3.4-4-g53f8760       #
########################################

# Program was compiled: Sep 21 2021 14:36:42
# Program was run: Sun Oct 10 23:40:20 2021

# cmd: legofit -1 -d 0 -t 32 --ptsPerDim 3 --stateOut b1boot9.state --tol 3e-6 -S 5000 ade2.lgo ../../chrX/boot_chrX/boot9.opf
# Stage nOptItr nSimReps
#     0    5000        0
# algorithm          : deterministic
# ignoring probs <=  : 0
# Branch length floor: 0
# DE strategy        : 2
#    F               : 0.3
#    CR              : 0.8
#    tolerance       : 3e-06
# nthreads           : 32
# lgo input file     : ade2.lgo
# site pat input file: ../../chrX/boot_chrX/boot9.opf
# free parameters    : 16
# points in DE swarm : 48
# output state file  : b1boot9.state
# Including singleton site patterns.
# cost function      : KL
Initial parameter values
Fixed:
      zero = 0
       one = 1
    Tbecnw = 75200
Free:
       pc1 = 0
       pc2 = 0
       pc3 = 0
       pc4 = 0
       pc5 = 0
       pc6 = 0
       pc7 = 0
       pc8 = 0
       pc9 = 0
      pc10 = 0
      pc11 = 0
      pc12 = 0
      pc13 = 0
      pc14 = 0
      pc15 = 0
      pc16 = 0
Constrained:
   Tgbecnw = 102860
     Tecnw = 24406.3
       Tnw = 20818.2
       Tec = 99.4492
     twoNb = 1.45871e+06
     twoNe = 472682
     twoNc = 903383
     twoNw = 3.26684e+06
    twoNec = 160182
    twoNnw = 15083
  twoNecnw = 64320.8
  twoNbecnw = 9134.75
  twoNgbecnw = 312934
         m = 0.0915246
        m4 = 0.0153254
        m5 = 0.0850999
        Ta = 37600
        Td = 49.7246
        Te = 24.8623
DiffEv reached_goal. cost=2.34245e-03 spread=2.74284e-06
Fitted parameter values
Free:
       pc1 = 3.92581
       pc2 = 1.9946
       pc3 = 1.121
       pc4 = -0.833859
       pc5 = 1.44692
       pc6 = -0.880754
       pc7 = 1.03595
       pc8 = -0.0919498
       pc9 = -1.0619
      pc10 = 1.06375
      pc11 = 1.35743
      pc12 = 0.309421
      pc13 = 0.577875
      pc14 = -0.347523
      pc15 = 0.0434823
      pc16 = -0.113169
Constrained:
   Tgbecnw = 85550.9
     Tecnw = 23770.2
       Tnw = 19622.7
       Tec = 19.0584
     twoNb = 1.64929e+06
     twoNe = 1.33158e+06
     twoNc = 548603
     twoNw = 6.05802e+06
    twoNec = 151851
    twoNnw = 17285.7
  twoNecnw = 63129.6
  twoNbecnw = 3278.13
  twoNgbecnw = 415413
         m = 0.0663397
        m4 = 0.0128692
        m5 = 0.0907242
        Ta = 37600
        Td = 9.52922
        Te = 4.76461
#       SitePat  BranchLen
              b 115732.5489196
              e 43215.8807452
              c 45007.3653559
              n 42463.3547804
              w 42452.4928900
            b:e 1155.4205014
            b:c 1358.9543255
            b:n 1025.2905079
            b:w 1024.8178838
            e:c 11433.5317756
            e:n 4375.7921483
            e:w 4386.6540387
            c:n 3994.4778951
            c:w 3992.1163012
            n:w 11939.9114238
          b:e:c 1283.7870387
          b:e:n 585.9937779
          b:e:w 586.4664020
          b:c:n 591.3927882
          b:c:w 590.8857371
          b:n:w 1268.3637406
          e:c:n 4056.7390935
          e:c:w 4059.1006874
          e:n:w 5463.1947442
          c:n:w 4697.4231476
        b:e:c:n 1137.2610697
        b:e:c:w 1137.7681207
        b:e:n:w 1741.6082746
        b:c:n:w 1278.3950262
        e:c:n:w 45879.7557514
