########################################
# legofit: estimate population history #
#       version 2.3.4-4-g53f8760       #
########################################

# Program was compiled: Sep 21 2021 14:36:42
# Program was run: Sun Oct 10 23:41:43 2021

# cmd: legofit -1 -d 0 -t 32 --ptsPerDim 3 --stateOut b1boot38.state --tol 3e-6 -S 5000 ade2.lgo ../../chrX/boot_chrX/boot38.opf
# Stage nOptItr nSimReps
#     0    5000        0
# algorithm          : deterministic
# ignoring probs <=  : 0
# Branch length floor: 0
# DE strategy        : 2
#    F               : 0.3
#    CR              : 0.8
#    tolerance       : 3e-06
# nthreads           : 32
# lgo input file     : ade2.lgo
# site pat input file: ../../chrX/boot_chrX/boot38.opf
# free parameters    : 16
# points in DE swarm : 48
# output state file  : b1boot38.state
# Including singleton site patterns.
# cost function      : KL
Initial parameter values
Fixed:
      zero = 0
       one = 1
    Tbecnw = 75200
Free:
       pc1 = 0
       pc2 = 0
       pc3 = 0
       pc4 = 0
       pc5 = 0
       pc6 = 0
       pc7 = 0
       pc8 = 0
       pc9 = 0
      pc10 = 0
      pc11 = 0
      pc12 = 0
      pc13 = 0
      pc14 = 0
      pc15 = 0
      pc16 = 0
Constrained:
   Tgbecnw = 102860
     Tecnw = 24406.3
       Tnw = 20818.2
       Tec = 99.4492
     twoNb = 1.45871e+06
     twoNe = 472682
     twoNc = 903383
     twoNw = 3.26684e+06
    twoNec = 160182
    twoNnw = 15083
  twoNecnw = 64320.8
  twoNbecnw = 9134.75
  twoNgbecnw = 312934
         m = 0.0915246
        m4 = 0.0153254
        m5 = 0.0850999
        Ta = 37600
        Td = 49.7246
        Te = 24.8623
DiffEv reached_goal. cost=2.48188e-03 spread=2.78396e-06
Fitted parameter values
Free:
       pc1 = 3.70216
       pc2 = 1.98788
       pc3 = 2.64402
       pc4 = 1.46542
       pc5 = 1.34425
       pc6 = 2.255
       pc7 = 1.7041
       pc8 = 1.36671
       pc9 = 1.73978
      pc10 = 0.749553
      pc11 = 1.74955
      pc12 = -0.366834
      pc13 = -0.0781323
      pc14 = -0.185792
      pc15 = 0.0120606
      pc16 = 0.0971317
Constrained:
   Tgbecnw = 84358.7
     Tecnw = 23315.1
       Tnw = 20886
       Tec = 61.2392
     twoNb = 2.52637e+06
     twoNe = 2.94947e+06
     twoNc = 3.64113e+06
     twoNw = 5.40518e+06
    twoNec = 161866
    twoNnw = 10325.6
  twoNecnw = 61916.8
  twoNbecnw = 3007.07
  twoNgbecnw = 378263
         m = 0.0749393
        m4 = 0.0165576
        m5 = 0.0784211
        Ta = 37600
        Td = 30.6196
        Te = 15.3098
#       SitePat  BranchLen
              b 116467.7448308
              e 43095.0955355
              c 44910.4340970
              n 42150.8907699
              w 42139.9793219
            b:e 1150.3828737
            b:c 1368.1551457
            b:n 1006.7720590
            b:w 1006.2916792
            e:c 11060.0013821
            e:n 4397.4634973
            e:w 4408.3749453
            c:n 4048.0262527
            c:w 4045.5754656
            n:w 11646.5917034
          b:e:c 1248.0114708
          b:e:n 582.7355067
          b:e:w 583.2158865
          b:c:n 588.1882608
          b:c:w 587.6740234
          b:n:w 1231.8380638
          e:c:n 4061.2752486
          e:c:w 4063.7260357
          e:n:w 5542.9739562
          c:n:w 4781.6891725
        b:e:c:n 1113.3490987
        b:e:c:w 1113.8633360
        b:e:n:w 1838.1754916
        b:c:n:w 1268.6751834
        e:c:n:w 46896.4287370
