########################################
# legofit: estimate population history #
#       version 2.3.4-4-g53f8760       #
########################################

# Program was compiled: Sep 21 2021 14:36:42
# Program was run: Sun Oct 10 23:41:16 2021

# cmd: legofit -1 -d 0 -t 32 --ptsPerDim 3 --stateOut b1boot29.state --tol 3e-6 -S 5000 ade2.lgo ../../chrX/boot_chrX/boot29.opf
# Stage nOptItr nSimReps
#     0    5000        0
# algorithm          : deterministic
# ignoring probs <=  : 0
# Branch length floor: 0
# DE strategy        : 2
#    F               : 0.3
#    CR              : 0.8
#    tolerance       : 3e-06
# nthreads           : 32
# lgo input file     : ade2.lgo
# site pat input file: ../../chrX/boot_chrX/boot29.opf
# free parameters    : 16
# points in DE swarm : 48
# output state file  : b1boot29.state
# Including singleton site patterns.
# cost function      : KL
Initial parameter values
Fixed:
      zero = 0
       one = 1
    Tbecnw = 75200
Free:
       pc1 = 0
       pc2 = 0
       pc3 = 0
       pc4 = 0
       pc5 = 0
       pc6 = 0
       pc7 = 0
       pc8 = 0
       pc9 = 0
      pc10 = 0
      pc11 = 0
      pc12 = 0
      pc13 = 0
      pc14 = 0
      pc15 = 0
      pc16 = 0
Constrained:
   Tgbecnw = 102860
     Tecnw = 24406.3
       Tnw = 20818.2
       Tec = 99.4492
     twoNb = 1.45871e+06
     twoNe = 472682
     twoNc = 903383
     twoNw = 3.26684e+06
    twoNec = 160182
    twoNnw = 15083
  twoNecnw = 64320.8
  twoNbecnw = 9134.75
  twoNgbecnw = 312934
         m = 0.0915246
        m4 = 0.0153254
        m5 = 0.0850999
        Ta = 37600
        Td = 49.7246
        Te = 24.8623
DiffEv reached_goal. cost=2.39438e-03 spread=2.39251e-06
Fitted parameter values
Free:
       pc1 = 2.19685
       pc2 = 1.97633
       pc3 = 1.61395
       pc4 = -1.5968
       pc5 = 1.39194
       pc6 = 1.27951
       pc7 = 1.35719
       pc8 = 1.70793
       pc9 = 0.331816
      pc10 = 0.613502
      pc11 = 0.714462
      pc12 = 0.491383
      pc13 = -0.271513
      pc14 = 0.0195251
      pc15 = -0.00997539
      pc16 = 0.0571632
Constrained:
   Tgbecnw = 89260
     Tecnw = 24002.9
       Tnw = 20971.9
       Tec = 166.397
     twoNb = 1.55319e+06
     twoNe = 2.33237e+06
     twoNc = 1.39192e+06
     twoNw = 7.99767e+06
    twoNec = 152685
    twoNnw = 12918.8
  twoNecnw = 62306.9
  twoNbecnw = 4785.35
  twoNgbecnw = 317378
         m = 0.0878664
        m4 = 0.0152482
        m5 = 0.0945772
        Ta = 37600
        Td = 83.1984
        Te = 41.5992
#       SitePat  BranchLen
              b 116719.9000786
              e 43374.4780495
              c 45291.2126790
              n 42840.4794834
              w 42831.3925912
            b:e 1137.5465932
            b:c 1377.1882738
            b:n 1016.3456044
            b:w 1015.9509349
            e:c 11376.3211338
            e:n 4422.4841927
            e:w 4431.5710850
            c:n 4026.1717316
            c:w 4024.1591326
            n:w 11712.1516477
          b:e:c 1253.6648585
          b:e:n 580.2788100
          b:e:w 580.6734795
          b:c:n 585.5134084
          b:c:w 585.0922636
          b:n:w 1239.6741321
          e:c:n 4115.7417187
          e:c:w 4117.7543178
          e:n:w 5556.9498376
          c:n:w 4721.3217233
        b:e:c:n 1118.2160731
        b:e:c:w 1118.6372179
        b:e:n:w 1775.6662839
        b:c:n:w 1248.9890042
        e:c:n:w 46393.3534797
