########################################
# legofit: estimate population history #
#       version 2.3.4-4-g53f8760       #
########################################

# Program was compiled: Sep 21 2021 14:36:42
# Program was run: Sun Oct 10 23:40:14 2021

# cmd: legofit -1 -d 0 -t 32 --ptsPerDim 3 --stateOut b1boot6.state --tol 3e-6 -S 5000 ade2.lgo ../../chrX/boot_chrX/boot6.opf
# Stage nOptItr nSimReps
#     0    5000        0
# algorithm          : deterministic
# ignoring probs <=  : 0
# Branch length floor: 0
# DE strategy        : 2
#    F               : 0.3
#    CR              : 0.8
#    tolerance       : 3e-06
# nthreads           : 32
# lgo input file     : ade2.lgo
# site pat input file: ../../chrX/boot_chrX/boot6.opf
# free parameters    : 16
# points in DE swarm : 48
# output state file  : b1boot6.state
# Including singleton site patterns.
# cost function      : KL
Initial parameter values
Fixed:
      zero = 0
       one = 1
    Tbecnw = 75200
Free:
       pc1 = 0
       pc2 = 0
       pc3 = 0
       pc4 = 0
       pc5 = 0
       pc6 = 0
       pc7 = 0
       pc8 = 0
       pc9 = 0
      pc10 = 0
      pc11 = 0
      pc12 = 0
      pc13 = 0
      pc14 = 0
      pc15 = 0
      pc16 = 0
Constrained:
   Tgbecnw = 102860
     Tecnw = 24406.3
       Tnw = 20818.2
       Tec = 99.4492
     twoNb = 1.45871e+06
     twoNe = 472682
     twoNc = 903383
     twoNw = 3.26684e+06
    twoNec = 160182
    twoNnw = 15083
  twoNecnw = 64320.8
  twoNbecnw = 9134.75
  twoNgbecnw = 312934
         m = 0.0915246
        m4 = 0.0153254
        m5 = 0.0850999
        Ta = 37600
        Td = 49.7246
        Te = 24.8623
DiffEv reached_goal. cost=2.19375e-03 spread=2.76967e-06
Fitted parameter values
Free:
       pc1 = 0.720648
       pc2 = 1.85301
       pc3 = 0.457095
       pc4 = -1.22278
       pc5 = 1.87987
       pc6 = -0.148715
       pc7 = 1.69158
       pc8 = 0.455177
       pc9 = 1.67773
      pc10 = 1.36211
      pc11 = 1.49025
      pc12 = 0.0720853
      pc13 = -0.848408
      pc14 = 0.189893
      pc15 = 0.0364606
      pc16 = 0.0602824
Constrained:
   Tgbecnw = 91698.3
     Tecnw = 23936.1
       Tnw = 21896
       Tec = 219.436
     twoNb = 1.97171e+06
     twoNe = 923462
     twoNc = 2.13627e+06
     twoNw = 7.19289e+06
    twoNec = 162828
    twoNnw = 8485.25
  twoNecnw = 60992.8
  twoNbecnw = 5812.38
  twoNgbecnw = 295539
         m = 0.0910023
        m4 = 0.0135881
        m5 = 0.0986659
        Ta = 37600
        Td = 109.718
        Te = 54.8591
#       SitePat  BranchLen
              b 117008.6051680
              e 43474.9811943
              c 45364.9443021
              n 42588.9841585
              w 42578.1866178
            b:e 1190.6922103
            b:c 1418.6151486
            b:n 1040.9308021
            b:w 1040.4394506
            e:c 11133.4503880
            e:n 4475.7038843
            e:w 4486.5014250
            c:n 4086.8866343
            c:w 4084.4198085
            n:w 11679.6043839
          b:e:c 1285.2966576
          b:e:n 601.5934251
          b:e:w 602.0847766
          b:c:n 606.4053545
          b:c:w 605.8835675
          b:n:w 1270.9178190
          e:c:n 4159.3920704
          e:c:w 4161.8588962
          e:n:w 5755.6203994
          c:n:w 4901.3167268
        b:e:c:n 1137.8606726
        b:e:c:w 1138.3824596
        b:e:n:w 1779.4964662
        b:c:n:w 1298.2021285
        e:c:n:w 46642.4912917
