########################################
# legofit: estimate population history #
#       version 2.3.4-4-g53f8760       #
########################################

# Program was compiled: Sep 21 2021 14:36:42
# Program was run: Sun Oct 10 23:42:05 2021

# cmd: legofit -1 -d 0 -t 32 --ptsPerDim 3 --stateOut b1boot44.state --tol 3e-6 -S 5000 ade2.lgo ../../chrX/boot_chrX/boot44.opf
# Stage nOptItr nSimReps
#     0    5000        0
# algorithm          : deterministic
# ignoring probs <=  : 0
# Branch length floor: 0
# DE strategy        : 2
#    F               : 0.3
#    CR              : 0.8
#    tolerance       : 3e-06
# nthreads           : 32
# lgo input file     : ade2.lgo
# site pat input file: ../../chrX/boot_chrX/boot44.opf
# free parameters    : 16
# points in DE swarm : 48
# output state file  : b1boot44.state
# Including singleton site patterns.
# cost function      : KL
Initial parameter values
Fixed:
      zero = 0
       one = 1
    Tbecnw = 75200
Free:
       pc1 = 0
       pc2 = 0
       pc3 = 0
       pc4 = 0
       pc5 = 0
       pc6 = 0
       pc7 = 0
       pc8 = 0
       pc9 = 0
      pc10 = 0
      pc11 = 0
      pc12 = 0
      pc13 = 0
      pc14 = 0
      pc15 = 0
      pc16 = 0
Constrained:
   Tgbecnw = 102860
     Tecnw = 24406.3
       Tnw = 20818.2
       Tec = 99.4492
     twoNb = 1.45871e+06
     twoNe = 472682
     twoNc = 903383
     twoNw = 3.26684e+06
    twoNec = 160182
    twoNnw = 15083
  twoNecnw = 64320.8
  twoNbecnw = 9134.75
  twoNgbecnw = 312934
         m = 0.0915246
        m4 = 0.0153254
        m5 = 0.0850999
        Ta = 37600
        Td = 49.7246
        Te = 24.8623
DiffEv reached_goal. cost=2.27974e-03 spread=2.65756e-06
Fitted parameter values
Free:
       pc1 = 3.90118
       pc2 = 1.95868
       pc3 = 1.4837
       pc4 = 0.0575894
       pc5 = 1.39219
       pc6 = 0.471259
       pc7 = 0.930786
       pc8 = 0.899206
       pc9 = 0.804346
      pc10 = -0.183233
      pc11 = 1.2789
      pc12 = 0.0992042
      pc13 = -0.100365
      pc14 = -0.361415
      pc15 = 0.069586
      pc16 = -0.0289709
Constrained:
   Tgbecnw = 86552.5
     Tecnw = 23364.3
       Tnw = 20382
       Tec = 4.36054
     twoNb = 1.91248e+06
     twoNe = 1.67418e+06
     twoNc = 1.93522e+06
     twoNw = 6.57045e+06
    twoNec = 154969
    twoNnw = 12201.8
  twoNecnw = 62780.6
  twoNbecnw = 3668.85
  twoNgbecnw = 394725
         m = 0.0688364
        m4 = 0.01586
        m5 = 0.0899391
        Ta = 37600
        Td = 2.18027
        Te = 1.09013
#       SitePat  BranchLen
              b 115827.1350864
              e 43100.9169509
              c 45044.2148809
              n 42125.9515066
              w 42115.8245004
            b:e 1177.2368123
            b:c 1408.5146896
            b:n 1029.1283306
            b:w 1028.6765909
            e:c 11307.4858544
            e:n 4416.3692273
            e:w 4426.4962335
            c:n 4023.4453292
            c:w 4021.1899354
            n:w 11960.5119744
          b:e:c 1295.7032025
          b:e:n 592.6205489
          b:e:w 593.0722886
          b:c:n 598.4680214
          b:c:w 597.9842105
          b:n:w 1278.6359867
          e:c:n 4073.4349500
          e:c:w 4075.6903437
          e:n:w 5637.7567789
          c:n:w 4800.6805724
        b:e:c:n 1138.4164900
        b:e:c:w 1138.9003009
        b:e:n:w 1848.7091383
        b:c:n:w 1298.6802656
        e:c:n:w 46029.0729167
