########################################
# legofit: estimate population history #
#       version 2.3.4-4-g53f8760       #
########################################

# Program was compiled: Sep 21 2021 14:36:42
# Program was run: Sun Oct 10 23:42:17 2021

# cmd: legofit -1 -d 0 -t 32 --ptsPerDim 3 --stateOut b1boot49.state --tol 3e-6 -S 5000 ade2.lgo ../../chrX/boot_chrX/boot49.opf
# Stage nOptItr nSimReps
#     0    5000        0
# algorithm          : deterministic
# ignoring probs <=  : 0
# Branch length floor: 0
# DE strategy        : 2
#    F               : 0.3
#    CR              : 0.8
#    tolerance       : 3e-06
# nthreads           : 32
# lgo input file     : ade2.lgo
# site pat input file: ../../chrX/boot_chrX/boot49.opf
# free parameters    : 16
# points in DE swarm : 48
# output state file  : b1boot49.state
# Including singleton site patterns.
# cost function      : KL
Initial parameter values
Fixed:
      zero = 0
       one = 1
    Tbecnw = 75200
Free:
       pc1 = 0
       pc2 = 0
       pc3 = 0
       pc4 = 0
       pc5 = 0
       pc6 = 0
       pc7 = 0
       pc8 = 0
       pc9 = 0
      pc10 = 0
      pc11 = 0
      pc12 = 0
      pc13 = 0
      pc14 = 0
      pc15 = 0
      pc16 = 0
Constrained:
   Tgbecnw = 102860
     Tecnw = 24406.3
       Tnw = 20818.2
       Tec = 99.4492
     twoNb = 1.45871e+06
     twoNe = 472682
     twoNc = 903383
     twoNw = 3.26684e+06
    twoNec = 160182
    twoNnw = 15083
  twoNecnw = 64320.8
  twoNbecnw = 9134.75
  twoNgbecnw = 312934
         m = 0.0915246
        m4 = 0.0153254
        m5 = 0.0850999
        Ta = 37600
        Td = 49.7246
        Te = 24.8623
DiffEv reached_goal. cost=2.29183e-03 spread=1.52656e-06
Fitted parameter values
Free:
       pc1 = 2.38485
       pc2 = 1.98514
       pc3 = 3.03245
       pc4 = -1.20824
       pc5 = 1.89019
       pc6 = 0.289096
       pc7 = 1.58014
       pc8 = 1.8586
       pc9 = 0.288053
      pc10 = -0.354763
      pc11 = 1.81343
      pc12 = -0.424569
      pc13 = -0.365797
      pc14 = 0.17825
      pc15 = -0.011799
      pc16 = 0.0496215
Constrained:
   Tgbecnw = 86730.4
     Tecnw = 23643
       Tnw = 20488.2
       Tec = 30.8004
     twoNb = 2.63206e+06
     twoNe = 2.45048e+06
     twoNc = 455345
     twoNw = 9.19351e+06
    twoNec = 160144
    twoNnw = 13785.4
  twoNecnw = 63029.9
  twoNbecnw = 3983.71
  twoNgbecnw = 332061
         m = 0.0821828
        m4 = 0.0154894
        m5 = 0.0996796
        Ta = 37600
        Td = 15.4002
        Te = 7.7001
#       SitePat  BranchLen
              b 116260.7773956
              e 43470.8977527
              c 45462.1359256
              n 42742.8785936
              w 42734.6629683
            b:e 1211.1624577
            b:c 1443.8582959
            b:n 1077.8701371
            b:w 1077.4923349
            e:c 11157.2036395
            e:n 4540.1962927
            e:w 4548.4119181
            c:n 4125.9975935
            c:w 4124.1608707
            n:w 11673.5967228
          b:e:c 1313.2512873
          b:e:n 625.3942584
          b:e:w 625.7720606
          b:c:n 630.9775522
          b:c:w 630.5732307
          b:n:w 1297.7061396
          e:c:n 4154.5907800
          e:c:w 4156.4275029
          e:n:w 5642.8580866
          c:n:w 4790.4679031
        b:e:c:n 1191.8446852
        b:e:c:w 1192.2490066
        b:e:n:w 1879.3596315
        b:c:n:w 1335.8809833
        e:c:n:w 46084.5502002
