########################################
# legofit: estimate population history #
#       version 2.3.4-4-g53f8760       #
########################################

# Program was compiled: Sep 21 2021 14:36:42
# Program was run: Sun Oct 10 23:41:40 2021

# cmd: legofit -1 -d 0 -t 32 --ptsPerDim 3 --stateOut b1boot36.state --tol 3e-6 -S 5000 ade2.lgo ../../chrX/boot_chrX/boot36.opf
# Stage nOptItr nSimReps
#     0    5000        0
# algorithm          : deterministic
# ignoring probs <=  : 0
# Branch length floor: 0
# DE strategy        : 2
#    F               : 0.3
#    CR              : 0.8
#    tolerance       : 3e-06
# nthreads           : 32
# lgo input file     : ade2.lgo
# site pat input file: ../../chrX/boot_chrX/boot36.opf
# free parameters    : 16
# points in DE swarm : 48
# output state file  : b1boot36.state
# Including singleton site patterns.
# cost function      : KL
Initial parameter values
Fixed:
      zero = 0
       one = 1
    Tbecnw = 75200
Free:
       pc1 = 0
       pc2 = 0
       pc3 = 0
       pc4 = 0
       pc5 = 0
       pc6 = 0
       pc7 = 0
       pc8 = 0
       pc9 = 0
      pc10 = 0
      pc11 = 0
      pc12 = 0
      pc13 = 0
      pc14 = 0
      pc15 = 0
      pc16 = 0
Constrained:
   Tgbecnw = 102860
     Tecnw = 24406.3
       Tnw = 20818.2
       Tec = 99.4492
     twoNb = 1.45871e+06
     twoNe = 472682
     twoNc = 903383
     twoNw = 3.26684e+06
    twoNec = 160182
    twoNnw = 15083
  twoNecnw = 64320.8
  twoNbecnw = 9134.75
  twoNgbecnw = 312934
         m = 0.0915246
        m4 = 0.0153254
        m5 = 0.0850999
        Ta = 37600
        Td = 49.7246
        Te = 24.8623
DiffEv reached_goal. cost=2.40997e-03 spread=2.91754e-06
Fitted parameter values
Free:
       pc1 = 3.36988
       pc2 = 1.96829
       pc3 = 0.777716
       pc4 = 0.238378
       pc5 = 1.22721
       pc6 = -0.828061
       pc7 = 1.12265
       pc8 = 1.91465
       pc9 = 0.603293
      pc10 = 0.818909
      pc11 = 1.65564
      pc12 = 0.195458
      pc13 = 0.00492057
      pc14 = -0.367988
      pc15 = 0.062291
      pc16 = -0.0309951
Constrained:
   Tgbecnw = 87148.1
     Tecnw = 23459.8
       Tnw = 21132.1
       Tec = 74.0468
     twoNb = 1.66487e+06
     twoNe = 1.29471e+06
     twoNc = 669436
     twoNw = 7.83714e+06
    twoNec = 159555
    twoNnw = 9721.63
  twoNecnw = 61914.2
  twoNbecnw = 3842.9
  twoNgbecnw = 398870
         m = 0.0680561
        m4 = 0.0147886
        m5 = 0.0787745
        Ta = 37600
        Td = 37.0234
        Te = 18.5117
#       SitePat  BranchLen
              b 115980.4226249
              e 43183.5401216
              c 44898.2730904
              n 42262.6622059
              w 42255.0158723
            b:e 1174.7819610
            b:c 1389.2237156
            b:n 1026.7933031
            b:w 1026.4504249
            e:c 11223.5322336
            e:n 4386.3588696
            e:w 4394.0052032
            c:n 4044.9900040
            c:w 4043.2655087
            n:w 11762.3779538
          b:e:c 1281.9031976
          b:e:n 591.0424865
          b:e:w 591.3853647
          b:c:n 596.3362813
          b:c:w 595.9697098
          b:n:w 1265.6340016
          e:c:n 4091.8661317
          e:c:w 4093.5906270
          e:n:w 5566.0201565
          c:n:w 4824.6380217
        b:e:c:n 1133.2940157
        b:e:c:w 1133.6605872
        b:e:n:w 1798.5297598
        b:c:n:w 1292.9675245
        e:c:n:w 46234.8843095
