########################################
# legofit: estimate population history #
#       version 2.3.4-4-g53f8760       #
########################################

# Program was compiled: Sep 21 2021 14:36:42
# Program was run: Sun Oct 10 23:40:51 2021

# cmd: legofit -1 -d 0 -t 32 --ptsPerDim 3 --stateOut b1boot20.state --tol 3e-6 -S 5000 ade2.lgo ../../chrX/boot_chrX/boot20.opf
# Stage nOptItr nSimReps
#     0    5000        0
# algorithm          : deterministic
# ignoring probs <=  : 0
# Branch length floor: 0
# DE strategy        : 2
#    F               : 0.3
#    CR              : 0.8
#    tolerance       : 3e-06
# nthreads           : 32
# lgo input file     : ade2.lgo
# site pat input file: ../../chrX/boot_chrX/boot20.opf
# free parameters    : 16
# points in DE swarm : 48
# output state file  : b1boot20.state
# Including singleton site patterns.
# cost function      : KL
Initial parameter values
Fixed:
      zero = 0
       one = 1
    Tbecnw = 75200
Free:
       pc1 = 0
       pc2 = 0
       pc3 = 0
       pc4 = 0
       pc5 = 0
       pc6 = 0
       pc7 = 0
       pc8 = 0
       pc9 = 0
      pc10 = 0
      pc11 = 0
      pc12 = 0
      pc13 = 0
      pc14 = 0
      pc15 = 0
      pc16 = 0
Constrained:
   Tgbecnw = 102860
     Tecnw = 24406.3
       Tnw = 20818.2
       Tec = 99.4492
     twoNb = 1.45871e+06
     twoNe = 472682
     twoNc = 903383
     twoNw = 3.26684e+06
    twoNec = 160182
    twoNnw = 15083
  twoNecnw = 64320.8
  twoNbecnw = 9134.75
  twoNgbecnw = 312934
         m = 0.0915246
        m4 = 0.0153254
        m5 = 0.0850999
        Ta = 37600
        Td = 49.7246
        Te = 24.8623
DiffEv reached_goal. cost=2.34211e-03 spread=2.84441e-06
Fitted parameter values
Free:
       pc1 = 3.74078
       pc2 = 1.98601
       pc3 = 2.29471
       pc4 = 0.593457
       pc5 = 1.17327
       pc6 = 0.0875502
       pc7 = 0.855652
       pc8 = 1.13075
       pc9 = 1.13084
      pc10 = -0.013105
      pc11 = 1.81171
      pc12 = -0.233842
      pc13 = -0.0934298
      pc14 = -0.103099
      pc15 = 0.0727419
      pc16 = 0.0221486
Constrained:
   Tgbecnw = 84792.6
     Tecnw = 23221.3
       Tnw = 20340.6
       Tec = 19.2455
     twoNb = 2.54332e+06
     twoNe = 1.71362e+06
     twoNc = 1.64175e+06
     twoNw = 6.61908e+06
    twoNec = 159230
    twoNnw = 11791.2
  twoNecnw = 62981.1
  twoNbecnw = 3130.72
  twoNgbecnw = 386777
         m = 0.0694356
        m4 = 0.015995
        m5 = 0.0838073
        Ta = 37600
        Td = 9.62274
        Te = 4.81137
#       SitePat  BranchLen
              b 115121.1904015
              e 43166.7699278
              c 45039.8351383
              n 42020.4077321
              w 42011.0858778
            b:e 1175.1395874
            b:c 1391.6029888
            b:n 1019.1974211
            b:w 1018.7836558
            e:c 11186.3024068
            e:n 4406.8085278
            e:w 4416.1303821
            c:n 4032.9139889
            c:w 4030.8381819
            n:w 11947.8328345
          b:e:c 1284.6114180
          b:e:n 590.2480937
          b:e:w 590.6618591
          b:c:n 595.8198311
          b:c:w 595.3762111
          b:n:w 1267.1142206
          e:c:n 4041.4649380
          e:c:w 4043.5407451
          e:n:w 5608.5249047
          c:n:w 4811.5889062
        b:e:c:n 1129.7529252
        b:e:c:w 1130.1965452
        b:e:n:w 1842.1699767
        b:c:n:w 1298.4779368
        e:c:n:w 45438.0209106
