########################################
# legofit: estimate population history #
#       version 2.3.4-4-g53f8760       #
########################################

# Program was compiled: Sep 21 2021 14:36:42
# Program was run: Sun Oct 10 23:40:19 2021

# cmd: legofit -1 -d 0 -t 32 --ptsPerDim 3 --stateOut b1boot7.state --tol 3e-6 -S 5000 ade2.lgo ../../chrX/boot_chrX/boot7.opf
# Stage nOptItr nSimReps
#     0    5000        0
# algorithm          : deterministic
# ignoring probs <=  : 0
# Branch length floor: 0
# DE strategy        : 2
#    F               : 0.3
#    CR              : 0.8
#    tolerance       : 3e-06
# nthreads           : 32
# lgo input file     : ade2.lgo
# site pat input file: ../../chrX/boot_chrX/boot7.opf
# free parameters    : 16
# points in DE swarm : 48
# output state file  : b1boot7.state
# Including singleton site patterns.
# cost function      : KL
Initial parameter values
Fixed:
      zero = 0
       one = 1
    Tbecnw = 75200
Free:
       pc1 = 0
       pc2 = 0
       pc3 = 0
       pc4 = 0
       pc5 = 0
       pc6 = 0
       pc7 = 0
       pc8 = 0
       pc9 = 0
      pc10 = 0
      pc11 = 0
      pc12 = 0
      pc13 = 0
      pc14 = 0
      pc15 = 0
      pc16 = 0
Constrained:
   Tgbecnw = 102860
     Tecnw = 24406.3
       Tnw = 20818.2
       Tec = 99.4492
     twoNb = 1.45871e+06
     twoNe = 472682
     twoNc = 903383
     twoNw = 3.26684e+06
    twoNec = 160182
    twoNnw = 15083
  twoNecnw = 64320.8
  twoNbecnw = 9134.75
  twoNgbecnw = 312934
         m = 0.0915246
        m4 = 0.0153254
        m5 = 0.0850999
        Ta = 37600
        Td = 49.7246
        Te = 24.8623
DiffEv reached_goal. cost=2.41733e-03 spread=2.66391e-06
Fitted parameter values
Free:
       pc1 = 3.98462
       pc2 = 1.64205
       pc3 = 2.75611
       pc4 = -0.422078
       pc5 = 0.676425
       pc6 = 0.468514
       pc7 = -1.04614
       pc8 = 0.355422
       pc9 = 1.13358
      pc10 = 1.14675
      pc11 = 1.0099
      pc12 = 0.725896
      pc13 = -0.142631
      pc14 = 0.312741
      pc15 = -0.0763399
      pc16 = 0.0865795
Constrained:
   Tgbecnw = 83217.6
     Tecnw = 23381.9
       Tnw = 18846.3
       Tec = 188.257
     twoNb = 2.40549e+06
     twoNe = 1.18131e+06
     twoNc = 2.35396e+06
     twoNw = 6.33048e+06
    twoNec = 148236
    twoNnw = 19965.7
  twoNecnw = 63617.9
  twoNbecnw = 2766.39
  twoNgbecnw = 337485
         m = 0.0793271
        m4 = 0.0157954
        m5 = 0.0753206
        Ta = 37600
        Td = 94.1287
        Te = 47.0643
#       SitePat  BranchLen
              b 114788.3272662
              e 43109.1003262
              c 44828.3565875
              n 42532.9133421
              w 42524.5366236
            b:e 1182.0936125
            b:c 1391.9305602
            b:n 1065.3381618
            b:w 1064.9648129
            e:c 11529.9099825
            e:n 4415.2382407
            e:w 4423.6149592
            c:n 4065.7766205
            c:w 4063.9415139
            n:w 11905.2350134
          b:e:c 1311.8037222
          b:e:n 606.3040884
          b:e:w 606.6774372
          b:c:n 611.6944194
          b:c:w 611.2934370
          b:n:w 1296.9830753
          e:c:n 4150.7793593
          e:c:w 4152.6144659
          e:n:w 5424.0602916
          c:n:w 4711.3147578
        b:e:c:n 1183.6749480
        b:e:c:w 1184.0759304
        b:e:n:w 1827.8540842
        b:c:n:w 1310.6350460
        e:c:n:w 44935.8492511
