########################################
# legofit: estimate population history #
#       version 2.3.4-4-g53f8760       #
########################################

# Program was compiled: Sep 21 2021 14:36:42
# Program was run: Sun Oct 10 23:41:23 2021

# cmd: legofit -1 -d 0 -t 32 --ptsPerDim 3 --stateOut b1boot31.state --tol 3e-6 -S 5000 ade2.lgo ../../chrX/boot_chrX/boot31.opf
# Stage nOptItr nSimReps
#     0    5000        0
# algorithm          : deterministic
# ignoring probs <=  : 0
# Branch length floor: 0
# DE strategy        : 2
#    F               : 0.3
#    CR              : 0.8
#    tolerance       : 3e-06
# nthreads           : 32
# lgo input file     : ade2.lgo
# site pat input file: ../../chrX/boot_chrX/boot31.opf
# free parameters    : 16
# points in DE swarm : 48
# output state file  : b1boot31.state
# Including singleton site patterns.
# cost function      : KL
Initial parameter values
Fixed:
      zero = 0
       one = 1
    Tbecnw = 75200
Free:
       pc1 = 0
       pc2 = 0
       pc3 = 0
       pc4 = 0
       pc5 = 0
       pc6 = 0
       pc7 = 0
       pc8 = 0
       pc9 = 0
      pc10 = 0
      pc11 = 0
      pc12 = 0
      pc13 = 0
      pc14 = 0
      pc15 = 0
      pc16 = 0
Constrained:
   Tgbecnw = 102860
     Tecnw = 24406.3
       Tnw = 20818.2
       Tec = 99.4492
     twoNb = 1.45871e+06
     twoNe = 472682
     twoNc = 903383
     twoNw = 3.26684e+06
    twoNec = 160182
    twoNnw = 15083
  twoNecnw = 64320.8
  twoNbecnw = 9134.75
  twoNgbecnw = 312934
         m = 0.0915246
        m4 = 0.0153254
        m5 = 0.0850999
        Ta = 37600
        Td = 49.7246
        Te = 24.8623
DiffEv reached_goal. cost=2.35308e-03 spread=2.83816e-06
Fitted parameter values
Free:
       pc1 = 3.62615
       pc2 = 1.90849
       pc3 = 1.72874
       pc4 = -1.01557
       pc5 = 1.92434
       pc6 = 1.68042
       pc7 = 1.92145
       pc8 = 0.445646
       pc9 = 1.06732
      pc10 = 1.01309
      pc11 = 1.29424
      pc12 = 0.0537893
      pc13 = -0.394242
      pc14 = -0.0694751
      pc15 = -0.0186401
      pc16 = 0.0255906
Constrained:
   Tgbecnw = 84476.2
     Tecnw = 23668.2
       Tnw = 20331.7
       Tec = 123.522
     twoNb = 1.8553e+06
     twoNe = 2.37015e+06
     twoNc = 3.0647e+06
     twoNw = 6.31661e+06
    twoNec = 154981
    twoNnw = 14431.8
  twoNecnw = 61032.2
  twoNbecnw = 3151.95
  twoNgbecnw = 353600
         m = 0.0752404
        m4 = 0.0149401
        m5 = 0.0988572
        Ta = 37600
        Td = 61.7612
        Te = 30.8806
#       SitePat  BranchLen
              b 115251.6371080
              e 42893.4411033
              c 44826.1998369
              n 42280.0074242
              w 42268.4133944
            b:e 1168.3530699
            b:c 1400.1320279
            b:n 1043.2705964
            b:w 1042.7491626
            e:c 11142.9842230
            e:n 4446.4337106
            e:w 4458.0277404
            c:n 4044.1450264
            c:w 4041.5522080
            n:w 11561.8293319
          b:e:c 1277.5816826
          b:e:n 600.5683602
          b:e:w 601.0897940
          b:c:n 606.4573231
          b:c:w 605.8997546
          b:n:w 1262.4441561
          e:c:n 4129.8084344
          e:c:w 4132.4012528
          e:n:w 5581.6366455
          c:n:w 4740.8725372
        b:e:c:n 1151.2975501
        b:e:c:w 1151.8551186
        b:e:n:w 1802.4159626
        b:c:n:w 1286.7075896
        e:c:n:w 45714.5646910
