########################################
# legofit: estimate population history #
#       version 2.3.4-4-g53f8760       #
########################################

# Program was compiled: Sep 21 2021 14:36:42
# Program was run: Sun Oct 10 23:41:30 2021

# cmd: legofit -1 -d 0 -t 32 --ptsPerDim 3 --stateOut b1boot32.state --tol 3e-6 -S 5000 ade2.lgo ../../chrX/boot_chrX/boot32.opf
# Stage nOptItr nSimReps
#     0    5000        0
# algorithm          : deterministic
# ignoring probs <=  : 0
# Branch length floor: 0
# DE strategy        : 2
#    F               : 0.3
#    CR              : 0.8
#    tolerance       : 3e-06
# nthreads           : 32
# lgo input file     : ade2.lgo
# site pat input file: ../../chrX/boot_chrX/boot32.opf
# free parameters    : 16
# points in DE swarm : 48
# output state file  : b1boot32.state
# Including singleton site patterns.
# cost function      : KL
Initial parameter values
Fixed:
      zero = 0
       one = 1
    Tbecnw = 75200
Free:
       pc1 = 0
       pc2 = 0
       pc3 = 0
       pc4 = 0
       pc5 = 0
       pc6 = 0
       pc7 = 0
       pc8 = 0
       pc9 = 0
      pc10 = 0
      pc11 = 0
      pc12 = 0
      pc13 = 0
      pc14 = 0
      pc15 = 0
      pc16 = 0
Constrained:
   Tgbecnw = 102860
     Tecnw = 24406.3
       Tnw = 20818.2
       Tec = 99.4492
     twoNb = 1.45871e+06
     twoNe = 472682
     twoNc = 903383
     twoNw = 3.26684e+06
    twoNec = 160182
    twoNnw = 15083
  twoNecnw = 64320.8
  twoNbecnw = 9134.75
  twoNgbecnw = 312934
         m = 0.0915246
        m4 = 0.0153254
        m5 = 0.0850999
        Ta = 37600
        Td = 49.7246
        Te = 24.8623
DiffEv reached_goal. cost=2.17098e-03 spread=2.90720e-06
Fitted parameter values
Free:
       pc1 = 3.63259
       pc2 = 1.91373
       pc3 = 1.20165
       pc4 = -0.794097
       pc5 = 0.938139
       pc6 = -0.343805
       pc7 = 1.40139
       pc8 = 0.99614
       pc9 = 0.893894
      pc10 = 0.727888
      pc11 = 1.41455
      pc12 = 0.822071
      pc13 = 0.344426
      pc14 = -0.00841614
      pc15 = 0.0271497
      pc16 = 0.0124774
Constrained:
   Tgbecnw = 83636.9
     Tecnw = 23826.2
       Tnw = 20910.7
       Tec = 101.308
     twoNb = 1.87013e+06
     twoNe = 1.26345e+06
     twoNc = 1.01245e+06
     twoNw = 6.72646e+06
    twoNec = 152924
    twoNnw = 11881.3
  twoNecnw = 61578.6
  twoNbecnw = 2784.59
  twoNgbecnw = 380784
         m = 0.0715603
        m4 = 0.0149617
        m5 = 0.0876945
        Ta = 37600
        Td = 50.6541
        Te = 25.3271
#       SitePat  BranchLen
              b 115444.2170695
              e 43061.6166247
              c 44908.3967930
              n 42276.7865218
              w 42266.9622818
            b:e 1160.6086668
            b:c 1382.8111975
            b:n 1019.5047427
            b:w 1019.0690453
            e:c 11341.4155228
            e:n 4322.2236630
            e:w 4332.0479030
            c:n 3948.4141365
            c:w 3946.2423505
            n:w 11820.3215425
          b:e:c 1289.1866991
          b:e:n 583.1157982
          b:e:w 583.5514955
          b:c:n 588.7882422
          b:c:w 588.3212995
          b:n:w 1272.6777229
          e:c:n 4040.0412264
          e:c:w 4042.2130124
          e:n:w 5533.2099624
          c:n:w 4731.7708620
        b:e:c:n 1128.7616816
        b:e:c:w 1129.2286243
        b:e:n:w 1799.9756209
        b:c:n:w 1281.6047780
        e:c:n:w 45924.2262583
