########################################
# legofit: estimate population history #
#       version 2.3.4-4-g53f8760       #
########################################

# Program was compiled: Sep 21 2021 14:36:42
# Program was run: Sun Oct 10 23:40:44 2021

# cmd: legofit -1 -d 0 -t 32 --ptsPerDim 3 --stateOut b1boot17.state --tol 3e-6 -S 5000 ade2.lgo ../../chrX/boot_chrX/boot17.opf
# Stage nOptItr nSimReps
#     0    5000        0
# algorithm          : deterministic
# ignoring probs <=  : 0
# Branch length floor: 0
# DE strategy        : 2
#    F               : 0.3
#    CR              : 0.8
#    tolerance       : 3e-06
# nthreads           : 32
# lgo input file     : ade2.lgo
# site pat input file: ../../chrX/boot_chrX/boot17.opf
# free parameters    : 16
# points in DE swarm : 48
# output state file  : b1boot17.state
# Including singleton site patterns.
# cost function      : KL
Initial parameter values
Fixed:
      zero = 0
       one = 1
    Tbecnw = 75200
Free:
       pc1 = 0
       pc2 = 0
       pc3 = 0
       pc4 = 0
       pc5 = 0
       pc6 = 0
       pc7 = 0
       pc8 = 0
       pc9 = 0
      pc10 = 0
      pc11 = 0
      pc12 = 0
      pc13 = 0
      pc14 = 0
      pc15 = 0
      pc16 = 0
Constrained:
   Tgbecnw = 102860
     Tecnw = 24406.3
       Tnw = 20818.2
       Tec = 99.4492
     twoNb = 1.45871e+06
     twoNe = 472682
     twoNc = 903383
     twoNw = 3.26684e+06
    twoNec = 160182
    twoNnw = 15083
  twoNecnw = 64320.8
  twoNbecnw = 9134.75
  twoNgbecnw = 312934
         m = 0.0915246
        m4 = 0.0153254
        m5 = 0.0850999
        Ta = 37600
        Td = 49.7246
        Te = 24.8623
DiffEv reached_goal. cost=2.35542e-03 spread=2.88261e-06
Fitted parameter values
Free:
       pc1 = 2.45703
       pc2 = 1.98202
       pc3 = 0.899724
       pc4 = -0.828473
       pc5 = 0.288818
       pc6 = -0.0506558
       pc7 = -1.36385
       pc8 = 0.24705
       pc9 = 1.26072
      pc10 = 1.01001
      pc11 = 0.32214
      pc12 = 0.952903
      pc13 = 0.121114
      pc14 = 0.190772
      pc15 = -0.0213209
      pc16 = 0.0777211
Constrained:
   Tgbecnw = 89186.6
     Tecnw = 23722.2
       Tnw = 20245
       Tec = 300.274
     twoNb = 1.67915e+06
     twoNe = 266786
     twoNc = 2.05543e+06
     twoNw = 6.0498e+06
    twoNec = 147427
    twoNnw = 14652
  twoNecnw = 64371.9
  twoNbecnw = 4720.35
  twoNgbecnw = 325368
         m = 0.0870704
        m4 = 0.0153073
        m5 = 0.0784109
        Ta = 37600
        Td = 150.137
        Te = 75.0686
#       SitePat  BranchLen
              b 116976.8103456
              e 43549.0185543
              c 45313.5478023
              n 42925.1627198
              w 42915.4635159
            b:e 1161.6828129
            b:c 1385.8072790
            b:n 1036.2584717
            b:w 1035.8348174
            e:c 11685.6916656
            e:n 4393.0822139
            e:w 4402.7814178
            c:n 4036.3821150
            c:w 4034.2525753
            n:w 12060.6151740
          b:e:c 1295.3000672
          b:e:n 587.0310950
          b:e:w 587.4547493
          b:c:n 592.0837294
          b:c:w 591.6303640
          b:n:w 1280.8226616
          e:c:n 4123.2400127
          e:c:w 4125.3695524
          e:n:w 5490.9724219
          c:n:w 4740.7011814
        b:e:c:n 1145.0477727
        b:e:c:w 1145.5011381
        b:e:n:w 1803.1557994
        b:c:n:w 1280.7739047
        e:c:n:w 46409.8658481
