########################################
# legofit: estimate population history #
#       version 2.3.4-4-g53f8760       #
########################################

# Program was compiled: Sep 21 2021 14:36:42
# Program was run: Sun Oct 10 23:41:37 2021

# cmd: legofit -1 -d 0 -t 32 --ptsPerDim 3 --stateOut b1boot35.state --tol 3e-6 -S 5000 ade2.lgo ../../chrX/boot_chrX/boot35.opf
# Stage nOptItr nSimReps
#     0    5000        0
# algorithm          : deterministic
# ignoring probs <=  : 0
# Branch length floor: 0
# DE strategy        : 2
#    F               : 0.3
#    CR              : 0.8
#    tolerance       : 3e-06
# nthreads           : 32
# lgo input file     : ade2.lgo
# site pat input file: ../../chrX/boot_chrX/boot35.opf
# free parameters    : 16
# points in DE swarm : 48
# output state file  : b1boot35.state
# Including singleton site patterns.
# cost function      : KL
Initial parameter values
Fixed:
      zero = 0
       one = 1
    Tbecnw = 75200
Free:
       pc1 = 0
       pc2 = 0
       pc3 = 0
       pc4 = 0
       pc5 = 0
       pc6 = 0
       pc7 = 0
       pc8 = 0
       pc9 = 0
      pc10 = 0
      pc11 = 0
      pc12 = 0
      pc13 = 0
      pc14 = 0
      pc15 = 0
      pc16 = 0
Constrained:
   Tgbecnw = 102860
     Tecnw = 24406.3
       Tnw = 20818.2
       Tec = 99.4492
     twoNb = 1.45871e+06
     twoNe = 472682
     twoNc = 903383
     twoNw = 3.26684e+06
    twoNec = 160182
    twoNnw = 15083
  twoNecnw = 64320.8
  twoNbecnw = 9134.75
  twoNgbecnw = 312934
         m = 0.0915246
        m4 = 0.0153254
        m5 = 0.0850999
        Ta = 37600
        Td = 49.7246
        Te = 24.8623
DiffEv reached_goal. cost=2.41771e-03 spread=2.52390e-06
Fitted parameter values
Free:
       pc1 = 1.93457
       pc2 = 1.94797
       pc3 = 1.52865
       pc4 = -0.737525
       pc5 = 1.97229
       pc6 = -1.03015
       pc7 = 0.395456
       pc8 = 0.215864
       pc9 = 0.731575
      pc10 = 0.249676
      pc11 = 0.138662
      pc12 = -0.0964389
      pc13 = 0.0390395
      pc14 = 0.171286
      pc15 = -0.0245286
      pc16 = 0.120444
Constrained:
   Tgbecnw = 87330.5
     Tecnw = 23722.2
       Tnw = 20529.2
       Tec = 2.10308
     twoNb = 1.69058e+06
     twoNe = 664191
     twoNc = 1.34865e+06
     twoNw = 7.00551e+06
    twoNec = 159245
    twoNnw = 13683.9
  twoNecnw = 64632.4
  twoNbecnw = 4144.5
  twoNgbecnw = 320003
         m = 0.0911215
        m4 = 0.0143395
        m5 = 0.0948914
        Ta = 37600
        Td = 1.05154
        Te = 0.52577
#       SitePat  BranchLen
              b 117397.9560966
              e 43753.1579951
              c 45653.0525055
              n 42963.1444284
              w 42952.8173971
            b:e 1165.4850483
            b:c 1395.4859907
            b:n 1032.7821508
            b:w 1032.3295458
            e:c 11271.2572468
            e:n 4489.8432759
            e:w 4500.1703072
            c:n 4090.9063288
            c:w 4088.6375697
            n:w 11818.3898324
          b:e:c 1272.2195176
          b:e:n 597.2885219
          b:e:w 597.7411269
          b:c:n 602.5866497
          b:c:w 602.1016103
          b:n:w 1256.9425246
          e:c:n 4080.0979976
          e:c:w 4082.3667566
          e:n:w 5549.2632972
          c:n:w 4734.5117161
        b:e:c:n 1144.2976648
        b:e:c:w 1144.7827042
        b:e:n:w 1802.2499868
        b:c:n:w 1287.9170719
        e:c:n:w 46881.9448805
