########################################
# legofit: estimate population history #
#       version 2.3.4-4-g53f8760       #
########################################

# Program was compiled: Sep 21 2021 14:36:42
# Program was run: Sun Oct 10 23:41:54 2021

# cmd: legofit -1 -d 0 -t 32 --ptsPerDim 3 --stateOut b1boot41.state --tol 3e-6 -S 5000 ade2.lgo ../../chrX/boot_chrX/boot41.opf
# Stage nOptItr nSimReps
#     0    5000        0
# algorithm          : deterministic
# ignoring probs <=  : 0
# Branch length floor: 0
# DE strategy        : 2
#    F               : 0.3
#    CR              : 0.8
#    tolerance       : 3e-06
# nthreads           : 32
# lgo input file     : ade2.lgo
# site pat input file: ../../chrX/boot_chrX/boot41.opf
# free parameters    : 16
# points in DE swarm : 48
# output state file  : b1boot41.state
# Including singleton site patterns.
# cost function      : KL
Initial parameter values
Fixed:
      zero = 0
       one = 1
    Tbecnw = 75200
Free:
       pc1 = 0
       pc2 = 0
       pc3 = 0
       pc4 = 0
       pc5 = 0
       pc6 = 0
       pc7 = 0
       pc8 = 0
       pc9 = 0
      pc10 = 0
      pc11 = 0
      pc12 = 0
      pc13 = 0
      pc14 = 0
      pc15 = 0
      pc16 = 0
Constrained:
   Tgbecnw = 102860
     Tecnw = 24406.3
       Tnw = 20818.2
       Tec = 99.4492
     twoNb = 1.45871e+06
     twoNe = 472682
     twoNc = 903383
     twoNw = 3.26684e+06
    twoNec = 160182
    twoNnw = 15083
  twoNecnw = 64320.8
  twoNbecnw = 9134.75
  twoNgbecnw = 312934
         m = 0.0915246
        m4 = 0.0153254
        m5 = 0.0850999
        Ta = 37600
        Td = 49.7246
        Te = 24.8623
DiffEv reached_goal. cost=2.26202e-03 spread=2.60695e-06
Fitted parameter values
Free:
       pc1 = 0.906742
       pc2 = 1.81591
       pc3 = 1.85301
       pc4 = -0.466403
       pc5 = 1.54966
       pc6 = 0.0683523
       pc7 = 1.00288
       pc8 = 1.7604
       pc9 = 0.674623
      pc10 = -0.589616
      pc11 = 0.775191
      pc12 = -0.4844
      pc13 = 0.18099
      pc14 = 0.232632
      pc15 = 0.0475276
      pc16 = 0.0770817
Constrained:
   Tgbecnw = 91871.5
     Tecnw = 23975.2
       Tnw = 21515.4
       Tec = 48.246
     twoNb = 2.0724e+06
     twoNe = 1.69368e+06
     twoNc = 772664
     twoNw = 7.99427e+06
    twoNec = 163677
    twoNnw = 9776.62
  twoNecnw = 64629
  twoNbecnw = 5710.73
  twoNgbecnw = 316216
         m = 0.091562
        m4 = 0.0158176
        m5 = 0.09418
        Ta = 37600
        Td = 24.123
        Te = 12.0615
#       SitePat  BranchLen
              b 118558.3807916
              e 44245.5717884
              c 46290.0441477
              n 43009.3096104
              w 43000.0165981
            b:e 1233.3966520
            b:c 1484.1767743
            b:n 1061.2001670
            b:w 1060.7759541
            e:c 11358.6233995
            e:n 4482.4109889
            e:w 4491.7040013
            c:n 4069.9018678
            c:w 4067.8417330
            n:w 12194.9427285
          b:e:c 1346.6658888
          b:e:n 615.5999656
          b:e:w 616.0241785
          b:c:n 620.9092434
          b:c:w 620.4559576
          b:n:w 1329.0674881
          e:c:n 4073.2600214
          e:c:w 4075.3201563
          e:n:w 5792.3692863
          c:n:w 4897.0651387
        b:e:c:n 1170.8081534
        b:e:c:w 1171.2614392
        b:e:n:w 1929.4893919
        b:c:n:w 1356.1712601
        e:c:n:w 47571.8781242
