########################################
# legofit: estimate population history #
#       version 2.3.4-4-g53f8760       #
########################################

# Program was compiled: Sep 21 2021 14:36:42
# Program was run: Sun Oct 10 23:41:40 2021

# cmd: legofit -1 -d 0 -t 32 --ptsPerDim 3 --stateOut b1boot37.state --tol 3e-6 -S 5000 ade2.lgo ../../chrX/boot_chrX/boot37.opf
# Stage nOptItr nSimReps
#     0    5000        0
# algorithm          : deterministic
# ignoring probs <=  : 0
# Branch length floor: 0
# DE strategy        : 2
#    F               : 0.3
#    CR              : 0.8
#    tolerance       : 3e-06
# nthreads           : 32
# lgo input file     : ade2.lgo
# site pat input file: ../../chrX/boot_chrX/boot37.opf
# free parameters    : 16
# points in DE swarm : 48
# output state file  : b1boot37.state
# Including singleton site patterns.
# cost function      : KL
Initial parameter values
Fixed:
      zero = 0
       one = 1
    Tbecnw = 75200
Free:
       pc1 = 0
       pc2 = 0
       pc3 = 0
       pc4 = 0
       pc5 = 0
       pc6 = 0
       pc7 = 0
       pc8 = 0
       pc9 = 0
      pc10 = 0
      pc11 = 0
      pc12 = 0
      pc13 = 0
      pc14 = 0
      pc15 = 0
      pc16 = 0
Constrained:
   Tgbecnw = 102860
     Tecnw = 24406.3
       Tnw = 20818.2
       Tec = 99.4492
     twoNb = 1.45871e+06
     twoNe = 472682
     twoNc = 903383
     twoNw = 3.26684e+06
    twoNec = 160182
    twoNnw = 15083
  twoNecnw = 64320.8
  twoNbecnw = 9134.75
  twoNgbecnw = 312934
         m = 0.0915246
        m4 = 0.0153254
        m5 = 0.0850999
        Ta = 37600
        Td = 49.7246
        Te = 24.8623
DiffEv reached_goal. cost=2.22610e-03 spread=2.92199e-06
Fitted parameter values
Free:
       pc1 = 2.75168
       pc2 = 1.50549
       pc3 = 2.35005
       pc4 = 0.435949
       pc5 = 1.74286
       pc6 = 1.0101
       pc7 = 1.0058
       pc8 = 0.787065
       pc9 = 0.892888
      pc10 = 0.935561
      pc11 = 1.8174
      pc12 = 0.169754
      pc13 = -0.169557
      pc14 = 0.208132
      pc15 = -0.0558673
      pc16 = 0.0349228
Constrained:
   Tgbecnw = 87531.9
     Tecnw = 23683
       Tnw = 20358.1
       Tec = 38.2218
     twoNb = 2.59178e+06
     twoNe = 2.06915e+06
     twoNc = 2.72918e+06
     twoNw = 6.64937e+06
    twoNec = 159592
    twoNnw = 14595
  twoNecnw = 62358.7
  twoNbecnw = 4171.03
  twoNgbecnw = 349123
         m = 0.0765711
        m4 = 0.0150836
        m5 = 0.0819025
        Ta = 37600
        Td = 19.1109
        Te = 9.55544
#       SitePat  BranchLen
              b 115872.4132164
              e 43415.4326298
              c 45170.1985983
              n 42721.2459211
              w 42711.9848361
            b:e 1203.6325063
            b:c 1413.3714188
            b:n 1071.9691015
            b:w 1071.5465710
            e:c 11274.0227483
            e:n 4463.7804269
            e:w 4473.0415119
            c:n 4109.2441931
            c:w 4107.1725071
            n:w 11700.3629505
          b:e:c 1309.5452763
          b:e:n 616.4224860
          b:e:w 616.8450165
          b:c:n 621.5890970
          b:c:w 621.1374703
          b:n:w 1294.7412465
          e:c:n 4169.0151194
          e:c:w 4171.0868053
          e:n:w 5545.3337827
          c:n:w 4802.7306308
        b:e:c:n 1183.0682324
        b:e:c:w 1183.5198592
        b:e:n:w 1836.1988556
        b:c:n:w 1325.2432132
        e:c:n:w 45780.2983975
