########################################
# legofit: estimate population history #
#       version 2.3.4-4-g53f8760       #
########################################

# Program was compiled: Sep 21 2021 14:36:42
# Program was run: Sun Oct 10 23:40:00 2021

# cmd: legofit -1 -d 0 -t 32 --ptsPerDim 3 --stateOut b1boot0.state --tol 3e-6 -S 5000 ade2.lgo ../../chrX/boot_chrX/boot0.opf
# Stage nOptItr nSimReps
#     0    5000        0
# algorithm          : deterministic
# ignoring probs <=  : 0
# Branch length floor: 0
# DE strategy        : 2
#    F               : 0.3
#    CR              : 0.8
#    tolerance       : 3e-06
# nthreads           : 32
# lgo input file     : ade2.lgo
# site pat input file: ../../chrX/boot_chrX/boot0.opf
# free parameters    : 16
# points in DE swarm : 48
# output state file  : b1boot0.state
# Including singleton site patterns.
# cost function      : KL
Initial parameter values
Fixed:
      zero = 0
       one = 1
    Tbecnw = 75200
Free:
       pc1 = 0
       pc2 = 0
       pc3 = 0
       pc4 = 0
       pc5 = 0
       pc6 = 0
       pc7 = 0
       pc8 = 0
       pc9 = 0
      pc10 = 0
      pc11 = 0
      pc12 = 0
      pc13 = 0
      pc14 = 0
      pc15 = 0
      pc16 = 0
Constrained:
   Tgbecnw = 102860
     Tecnw = 24406.3
       Tnw = 20818.2
       Tec = 99.4492
     twoNb = 1.45871e+06
     twoNe = 472682
     twoNc = 903383
     twoNw = 3.26684e+06
    twoNec = 160182
    twoNnw = 15083
  twoNecnw = 64320.8
  twoNbecnw = 9134.75
  twoNgbecnw = 312934
         m = 0.0915246
        m4 = 0.0153254
        m5 = 0.0850999
        Ta = 37600
        Td = 49.7246
        Te = 24.8623
DiffEv reached_goal. cost=2.27976e-03 spread=2.88525e-06
Fitted parameter values
Free:
       pc1 = 3.64219
       pc2 = 1.93097
       pc3 = 0.949995
       pc4 = -0.631639
       pc5 = 1.28594
       pc6 = -1.53546
       pc7 = 0.160746
       pc8 = 1.56304
       pc9 = 1.16287
      pc10 = -0.784977
      pc11 = 1.77207
      pc12 = 0.264113
      pc13 = 0.267851
      pc14 = -0.196788
      pc15 = 0.0857586
      pc16 = -0.042963
Constrained:
   Tgbecnw = 86194
     Tecnw = 23424.6
       Tnw = 20706.2
       Tec = 52.7436
     twoNb = 2.0486e+06
     twoNe = 409077
     twoNc = 280708
     twoNw = 9.04309e+06
    twoNec = 156094
    twoNnw = 10901
  twoNecnw = 63220.4
  twoNbecnw = 3533.33
  twoNgbecnw = 406364
         m = 0.0654419
        m4 = 0.016029
        m5 = 0.090447
        Ta = 37600
        Td = 26.3718
        Te = 13.1859
#       SitePat  BranchLen
              b 115244.4344320
              e 43282.6284302
              c 45247.1488096
              n 42180.9950292
              w 42173.5044907
            b:e 1196.7352688
            b:c 1428.1123225
            b:n 1037.4202512
            b:w 1037.0819047
            e:c 11305.8738146
            e:n 4408.0796657
            e:w 4415.5702043
            c:n 4010.0182333
            c:w 4008.3530973
            n:w 12043.4678118
          b:e:c 1318.9126689
          b:e:n 599.2328847
          b:e:w 599.5712312
          b:c:n 605.1432446
          b:c:w 604.7803507
          b:n:w 1300.6003057
          e:c:n 4044.5944390
          e:c:w 4046.2595751
          e:n:w 5665.0427473
          c:n:w 4815.8509498
        b:e:c:n 1150.2506021
        b:e:c:w 1150.6134960
        b:e:n:w 1875.2155064
        b:c:n:w 1322.6688634
        e:c:n:w 45412.1928660
