########################################
# legofit: estimate population history #
#       version 2.3.4-4-g53f8760       #
########################################

# Program was compiled: Sep 21 2021 14:36:42
# Program was run: Sun Oct 10 23:40:30 2021

# cmd: legofit -1 -d 0 -t 32 --ptsPerDim 3 --stateOut b1boot12.state --tol 3e-6 -S 5000 ade2.lgo ../../chrX/boot_chrX/boot12.opf
# Stage nOptItr nSimReps
#     0    5000        0
# algorithm          : deterministic
# ignoring probs <=  : 0
# Branch length floor: 0
# DE strategy        : 2
#    F               : 0.3
#    CR              : 0.8
#    tolerance       : 3e-06
# nthreads           : 32
# lgo input file     : ade2.lgo
# site pat input file: ../../chrX/boot_chrX/boot12.opf
# free parameters    : 16
# points in DE swarm : 48
# output state file  : b1boot12.state
# Including singleton site patterns.
# cost function      : KL
Initial parameter values
Fixed:
      zero = 0
       one = 1
    Tbecnw = 75200
Free:
       pc1 = 0
       pc2 = 0
       pc3 = 0
       pc4 = 0
       pc5 = 0
       pc6 = 0
       pc7 = 0
       pc8 = 0
       pc9 = 0
      pc10 = 0
      pc11 = 0
      pc12 = 0
      pc13 = 0
      pc14 = 0
      pc15 = 0
      pc16 = 0
Constrained:
   Tgbecnw = 102860
     Tecnw = 24406.3
       Tnw = 20818.2
       Tec = 99.4492
     twoNb = 1.45871e+06
     twoNe = 472682
     twoNc = 903383
     twoNw = 3.26684e+06
    twoNec = 160182
    twoNnw = 15083
  twoNecnw = 64320.8
  twoNbecnw = 9134.75
  twoNgbecnw = 312934
         m = 0.0915246
        m4 = 0.0153254
        m5 = 0.0850999
        Ta = 37600
        Td = 49.7246
        Te = 24.8623
DiffEv reached_goal. cost=2.41786e-03 spread=2.71392e-06
Fitted parameter values
Free:
       pc1 = 2.07621
       pc2 = 1.94825
       pc3 = 2.08543
       pc4 = -0.954151
       pc5 = 0.162147
       pc6 = -0.483029
       pc7 = 0.147553
       pc8 = 0.595018
       pc9 = 0.215166
      pc10 = 0.205683
      pc11 = 1.67894
      pc12 = 0.969509
      pc13 = -0.410786
      pc14 = 0.132616
      pc15 = 0.00750679
      pc16 = 0.0333048
Constrained:
   Tgbecnw = 90490.8
     Tecnw = 23699.9
       Tnw = 20469.7
       Tec = 133.815
     twoNb = 2.72894e+06
     twoNe = 1.09498e+06
     twoNc = 172538
     twoNw = 6.53668e+06
    twoNec = 149330
    twoNnw = 13672.4
  twoNecnw = 63286.2
  twoNbecnw = 5163.72
  twoNgbecnw = 330150
         m = 0.0844823
        m4 = 0.0148765
        m5 = 0.0859804
        Ta = 37600
        Td = 66.9077
        Te = 33.4539
#       SitePat  BranchLen
              b 117219.9223249
              e 43362.1975921
              c 45203.9541045
              n 42781.4148827
              w 42771.4924424
            b:e 1179.0993882
            b:c 1393.3034656
            b:n 1052.7167536
            b:w 1052.2737649
            e:c 11612.6095355
            e:n 4435.2785995
            e:w 4445.2010399
            c:n 4062.2895259
            c:w 4060.0794381
            n:w 11960.5758726
          b:e:c 1306.4170558
          b:e:n 597.8343006
          b:e:w 598.2772894
          b:c:n 602.6468647
          b:c:w 602.1741789
          b:n:w 1292.6665297
          e:c:n 4172.3726002
          e:c:w 4174.5826880
          e:n:w 5575.3321814
          c:n:w 4790.3105743
        b:e:c:n 1158.5534138
        b:e:c:w 1159.0260995
        b:e:n:w 1816.3275505
        b:c:n:w 1294.7896850
        e:c:n:w 46732.9194353
