########################################
# legofit: estimate population history #
#       version 2.3.4-4-g53f8760       #
########################################

# Program was compiled: Sep 21 2021 14:36:42
# Program was run: Sun Oct 10 23:40:41 2021

# cmd: legofit -1 -d 0 -t 32 --ptsPerDim 3 --stateOut b1boot16.state --tol 3e-6 -S 5000 ade2.lgo ../../chrX/boot_chrX/boot16.opf
# Stage nOptItr nSimReps
#     0    5000        0
# algorithm          : deterministic
# ignoring probs <=  : 0
# Branch length floor: 0
# DE strategy        : 2
#    F               : 0.3
#    CR              : 0.8
#    tolerance       : 3e-06
# nthreads           : 32
# lgo input file     : ade2.lgo
# site pat input file: ../../chrX/boot_chrX/boot16.opf
# free parameters    : 16
# points in DE swarm : 48
# output state file  : b1boot16.state
# Including singleton site patterns.
# cost function      : KL
Initial parameter values
Fixed:
      zero = 0
       one = 1
    Tbecnw = 75200
Free:
       pc1 = 0
       pc2 = 0
       pc3 = 0
       pc4 = 0
       pc5 = 0
       pc6 = 0
       pc7 = 0
       pc8 = 0
       pc9 = 0
      pc10 = 0
      pc11 = 0
      pc12 = 0
      pc13 = 0
      pc14 = 0
      pc15 = 0
      pc16 = 0
Constrained:
   Tgbecnw = 102860
     Tecnw = 24406.3
       Tnw = 20818.2
       Tec = 99.4492
     twoNb = 1.45871e+06
     twoNe = 472682
     twoNc = 903383
     twoNw = 3.26684e+06
    twoNec = 160182
    twoNnw = 15083
  twoNecnw = 64320.8
  twoNbecnw = 9134.75
  twoNgbecnw = 312934
         m = 0.0915246
        m4 = 0.0153254
        m5 = 0.0850999
        Ta = 37600
        Td = 49.7246
        Te = 24.8623
DiffEv reached_goal. cost=2.38591e-03 spread=2.04534e-06
Fitted parameter values
Free:
       pc1 = 2.70696
       pc2 = 1.96322
       pc3 = 2.22874
       pc4 = -0.847269
       pc5 = 0.816871
       pc6 = -0.288972
       pc7 = 1.84607
       pc8 = 0.516715
       pc9 = 1.01929
      pc10 = -0.19047
      pc11 = 1.73592
      pc12 = 0.427162
      pc13 = 0.0457487
      pc14 = 0.377328
      pc15 = 0.0414372
      pc16 = 0.0613853
Constrained:
   Tgbecnw = 84699.5
     Tecnw = 23833.2
       Tnw = 21076.5
       Tec = 33.8422
     twoNb = 2.73759e+06
     twoNe = 1.47836e+06
     twoNc = 687572
     twoNw = 6.02324e+06
    twoNec = 155713
    twoNnw = 10881.4
  twoNecnw = 62253.2
  twoNbecnw = 3238.27
  twoNgbecnw = 346948
         m = 0.0765743
        m4 = 0.0153072
        m5 = 0.0971957
        Ta = 37600
        Td = 16.9211
        Te = 8.46055
#       SitePat  BranchLen
              b 115076.9692065
              e 43284.0798468
              c 45301.4795463
              n 42262.1473109
              w 42249.8976846
            b:e 1190.0280201
            b:c 1419.7945111
            b:n 1031.7590075
            b:w 1031.2070857
            e:c 11306.3896653
            e:n 4368.6394653
            e:w 4380.8890917
            c:n 3957.5826768
            c:w 3954.8738055
            n:w 11988.9025712
          b:e:c 1317.7286533
          b:e:n 594.5191219
          b:e:w 595.0710437
          b:c:n 600.3250488
          b:c:w 599.7337699
          b:n:w 1300.1453786
          e:c:n 4024.3062346
          e:c:w 4027.0151059
          e:n:w 5676.0978905
          c:n:w 4789.7411507
        b:e:c:n 1141.9217520
        b:e:c:w 1142.5130309
        b:e:n:w 1847.3174308
        b:c:n:w 1313.1113130
        e:c:n:w 45305.6281097
