########################################
# legofit: estimate population history #
#       version 2.3.4-4-g53f8760       #
########################################

# Program was compiled: Sep 21 2021 14:36:42
# Program was run: Sun Oct 10 23:40:48 2021

# cmd: legofit -1 -d 0 -t 32 --ptsPerDim 3 --stateOut b1boot18.state --tol 3e-6 -S 5000 ade2.lgo ../../chrX/boot_chrX/boot18.opf
# Stage nOptItr nSimReps
#     0    5000        0
# algorithm          : deterministic
# ignoring probs <=  : 0
# Branch length floor: 0
# DE strategy        : 2
#    F               : 0.3
#    CR              : 0.8
#    tolerance       : 3e-06
# nthreads           : 32
# lgo input file     : ade2.lgo
# site pat input file: ../../chrX/boot_chrX/boot18.opf
# free parameters    : 16
# points in DE swarm : 48
# output state file  : b1boot18.state
# Including singleton site patterns.
# cost function      : KL
Initial parameter values
Fixed:
      zero = 0
       one = 1
    Tbecnw = 75200
Free:
       pc1 = 0
       pc2 = 0
       pc3 = 0
       pc4 = 0
       pc5 = 0
       pc6 = 0
       pc7 = 0
       pc8 = 0
       pc9 = 0
      pc10 = 0
      pc11 = 0
      pc12 = 0
      pc13 = 0
      pc14 = 0
      pc15 = 0
      pc16 = 0
Constrained:
   Tgbecnw = 102860
     Tecnw = 24406.3
       Tnw = 20818.2
       Tec = 99.4492
     twoNb = 1.45871e+06
     twoNe = 472682
     twoNc = 903383
     twoNw = 3.26684e+06
    twoNec = 160182
    twoNnw = 15083
  twoNecnw = 64320.8
  twoNbecnw = 9134.75
  twoNgbecnw = 312934
         m = 0.0915246
        m4 = 0.0153254
        m5 = 0.0850999
        Ta = 37600
        Td = 49.7246
        Te = 24.8623
DiffEv reached_goal. cost=2.44220e-03 spread=1.83126e-06
Fitted parameter values
Free:
       pc1 = 1.61565
       pc2 = 1.9772
       pc3 = 0.417833
       pc4 = -0.528526
       pc5 = 1.82445
       pc6 = -1.59153
       pc7 = 1.69172
       pc8 = 0.533255
       pc9 = 1.82983
      pc10 = -0.713196
      pc11 = 1.96911
      pc12 = -0.0866339
      pc13 = -0.183106
      pc14 = 0.0555926
      pc15 = 0.00305724
      pc16 = 0.0449735
Constrained:
   Tgbecnw = 89969.4
     Tecnw = 23703.5
       Tnw = 22308.6
       Tec = 6.52884
     twoNb = 2.38064e+06
     twoNe = 229592
     twoNc = 978894
     twoNw = 7.57912e+06
    twoNec = 164537
    twoNnw = 5841.79
  twoNecnw = 62247.7
  twoNbecnw = 4871.45
  twoNgbecnw = 361671
         m = 0.075576
        m4 = 0.0148236
        m5 = 0.103547
        Ta = 37600
        Td = 3.26442
        Te = 1.63221
#       SitePat  BranchLen
              b 116758.5882356
              e 43497.6394878
              c 45509.0847331
              n 42637.5394506
              w 42626.5873267
            b:e 1190.6884676
            b:c 1421.5130315
            b:n 1041.1267253
            b:w 1040.6253774
            e:c 11042.0154252
            e:n 4501.6637161
            e:w 4512.6158400
            c:n 4092.3867124
            c:w 4089.8917442
            n:w 11591.1400431
          b:e:c 1284.4193227
          b:e:n 606.3418150
          b:e:w 606.8431630
          b:c:n 611.8189136
          b:c:w 611.2840564
          b:n:w 1268.5460929
          e:c:n 4106.2739308
          e:c:w 4108.7688991
          e:n:w 5725.1403609
          c:n:w 4839.9734460
        b:e:c:n 1145.7634239
        b:e:c:w 1146.2982810
        b:e:n:w 1841.7773727
        b:c:n:w 1306.7575026
        e:c:n:w 46566.1423586
