########################################
# legofit: estimate population history #
#       version 2.3.4-4-g53f8760       #
########################################

# Program was compiled: Sep 21 2021 14:36:42
# Program was run: Sun Oct 10 23:40:35 2021

# cmd: legofit -1 -d 0 -t 32 --ptsPerDim 3 --stateOut b1boot14.state --tol 3e-6 -S 5000 ade2.lgo ../../chrX/boot_chrX/boot14.opf
# Stage nOptItr nSimReps
#     0    5000        0
# algorithm          : deterministic
# ignoring probs <=  : 0
# Branch length floor: 0
# DE strategy        : 2
#    F               : 0.3
#    CR              : 0.8
#    tolerance       : 3e-06
# nthreads           : 32
# lgo input file     : ade2.lgo
# site pat input file: ../../chrX/boot_chrX/boot14.opf
# free parameters    : 16
# points in DE swarm : 48
# output state file  : b1boot14.state
# Including singleton site patterns.
# cost function      : KL
Initial parameter values
Fixed:
      zero = 0
       one = 1
    Tbecnw = 75200
Free:
       pc1 = 0
       pc2 = 0
       pc3 = 0
       pc4 = 0
       pc5 = 0
       pc6 = 0
       pc7 = 0
       pc8 = 0
       pc9 = 0
      pc10 = 0
      pc11 = 0
      pc12 = 0
      pc13 = 0
      pc14 = 0
      pc15 = 0
      pc16 = 0
Constrained:
   Tgbecnw = 102860
     Tecnw = 24406.3
       Tnw = 20818.2
       Tec = 99.4492
     twoNb = 1.45871e+06
     twoNe = 472682
     twoNc = 903383
     twoNw = 3.26684e+06
    twoNec = 160182
    twoNnw = 15083
  twoNecnw = 64320.8
  twoNbecnw = 9134.75
  twoNgbecnw = 312934
         m = 0.0915246
        m4 = 0.0153254
        m5 = 0.0850999
        Ta = 37600
        Td = 49.7246
        Te = 24.8623
DiffEv reached_goal. cost=2.17620e-03 spread=2.66492e-06
Fitted parameter values
Free:
       pc1 = 2.08835
       pc2 = 1.95985
       pc3 = 1.54235
       pc4 = 1.73281
       pc5 = 1.40015
       pc6 = 0.389378
       pc7 = 0.973723
       pc8 = 0.942929
       pc9 = 0.783148
      pc10 = 1.89303
      pc11 = 1.36386
      pc12 = 0.393068
      pc13 = -0.433665
      pc14 = 0.125407
      pc15 = 0.0239799
      pc16 = 0.0560117
Constrained:
   Tgbecnw = 89785.5
     Tecnw = 23512.3
       Tnw = 21245.8
       Tec = 25.7728
     twoNb = 2.17244e+06
     twoNe = 1.75565e+06
     twoNc = 2.69324e+06
     twoNw = 5.59712e+06
    twoNec = 162057
    twoNnw = 9417.44
  twoNecnw = 62455.7
  twoNbecnw = 4874.48
  twoNgbecnw = 339316
         m = 0.0791136
        m4 = 0.0140103
        m5 = 0.0666742
        Ta = 37600
        Td = 12.8864
        Te = 6.44319
#       SitePat  BranchLen
              b 115999.2816495
              e 43481.4189391
              c 45022.4082008
              n 42469.3111847
              w 42460.1649431
            b:e 1175.1777817
            b:c 1365.8928634
            b:n 1021.6632423
            b:w 1021.2573354
            e:c 11345.2611935
            e:n 4368.6896118
            e:w 4377.8358534
            c:n 4068.4996681
            c:w 4066.4344026
            n:w 11898.6430254
          b:e:c 1279.1577387
          b:e:n 585.7048480
          b:e:w 586.1107549
          b:c:n 590.0867901
          b:c:w 589.6540244
          b:n:w 1264.1530285
          e:c:n 4109.8320980
          e:c:w 4111.8973635
          e:n:w 5542.9895161
          c:n:w 4879.9594714
        b:e:c:n 1123.6403901
        b:e:c:w 1124.0731558
        b:e:n:w 1753.6245722
        b:c:n:w 1288.6163702
        e:c:n:w 45802.6808145
