########################################
# legofit: estimate population history #
#       version 2.3.4-4-g53f8760       #
########################################

# Program was compiled: Sep 21 2021 14:36:42
# Program was run: Sun Oct 10 23:40:29 2021

# cmd: legofit -1 -d 0 -t 32 --ptsPerDim 3 --stateOut b1boot11.state --tol 3e-6 -S 5000 ade2.lgo ../../chrX/boot_chrX/boot11.opf
# Stage nOptItr nSimReps
#     0    5000        0
# algorithm          : deterministic
# ignoring probs <=  : 0
# Branch length floor: 0
# DE strategy        : 2
#    F               : 0.3
#    CR              : 0.8
#    tolerance       : 3e-06
# nthreads           : 32
# lgo input file     : ade2.lgo
# site pat input file: ../../chrX/boot_chrX/boot11.opf
# free parameters    : 16
# points in DE swarm : 48
# output state file  : b1boot11.state
# Including singleton site patterns.
# cost function      : KL
Initial parameter values
Fixed:
      zero = 0
       one = 1
    Tbecnw = 75200
Free:
       pc1 = 0
       pc2 = 0
       pc3 = 0
       pc4 = 0
       pc5 = 0
       pc6 = 0
       pc7 = 0
       pc8 = 0
       pc9 = 0
      pc10 = 0
      pc11 = 0
      pc12 = 0
      pc13 = 0
      pc14 = 0
      pc15 = 0
      pc16 = 0
Constrained:
   Tgbecnw = 102860
     Tecnw = 24406.3
       Tnw = 20818.2
       Tec = 99.4492
     twoNb = 1.45871e+06
     twoNe = 472682
     twoNc = 903383
     twoNw = 3.26684e+06
    twoNec = 160182
    twoNnw = 15083
  twoNecnw = 64320.8
  twoNbecnw = 9134.75
  twoNgbecnw = 312934
         m = 0.0915246
        m4 = 0.0153254
        m5 = 0.0850999
        Ta = 37600
        Td = 49.7246
        Te = 24.8623
DiffEv reached_goal. cost=2.35482e-03 spread=2.35413e-06
Fitted parameter values
Free:
       pc1 = 3.97813
       pc2 = 1.99669
       pc3 = 2.85182
       pc4 = -0.210235
       pc5 = 1.29859
       pc6 = 0.318462
       pc7 = -0.448673
       pc8 = 0.442796
       pc9 = 0.248841
      pc10 = 0.972977
      pc11 = 1.69904
      pc12 = 0.925055
      pc13 = -0.269974
      pc14 = -0.0226882
      pc15 = 0.107059
      pc16 = 0.0144665
Constrained:
   Tgbecnw = 84640.2
     Tecnw = 23334.2
       Tnw = 18897.7
       Tec = 61.9179
     twoNb = 2.64111e+06
     twoNe = 1.61149e+06
     twoNc = 2.02027e+06
     twoNw = 7.32594e+06
    twoNec = 148132
    twoNnw = 18053.9
  twoNecnw = 63335.2
  twoNbecnw = 3159.1
  twoNgbecnw = 363997
         m = 0.0766516
        m4 = 0.0148107
        m5 = 0.0776414
        Ta = 37600
        Td = 30.9589
        Te = 15.4795
#       SitePat  BranchLen
              b 116235.5940877
              e 43018.3331294
              c 44793.2358705
              n 42047.4653736
              w 42040.0803391
            b:e 1185.4713287
            b:c 1391.4512961
            b:n 1042.3864578
            b:w 1042.0596589
            e:c 11617.1374588
            e:n 4356.3063272
            e:w 4363.6913618
            c:n 3997.3369838
            c:w 3995.7197258
            n:w 12260.6338905
          b:e:c 1324.6615319
          b:e:n 592.7609334
          b:e:w 593.0877323
          b:c:n 597.8314864
          b:c:w 597.4810808
          b:n:w 1308.5190886
          e:c:n 4094.6591894
          e:c:w 4096.2764474
          e:n:w 5538.3364339
          c:n:w 4790.0021496
        b:e:c:n 1155.4328476
        b:e:c:w 1155.7832532
        b:e:n:w 1825.3382452
        b:c:n:w 1310.2668132
        e:c:n:w 46440.8497074
