########################################
# legofit: estimate population history #
#       version 2.3.4-4-g53f8760       #
########################################

# Program was compiled: Sep 21 2021 14:36:42
# Program was run: Sun Oct 10 23:41:06 2021

# cmd: legofit -1 -d 0 -t 32 --ptsPerDim 3 --stateOut b1boot25.state --tol 3e-6 -S 5000 ade2.lgo ../../chrX/boot_chrX/boot25.opf
# Stage nOptItr nSimReps
#     0    5000        0
# algorithm          : deterministic
# ignoring probs <=  : 0
# Branch length floor: 0
# DE strategy        : 2
#    F               : 0.3
#    CR              : 0.8
#    tolerance       : 3e-06
# nthreads           : 32
# lgo input file     : ade2.lgo
# site pat input file: ../../chrX/boot_chrX/boot25.opf
# free parameters    : 16
# points in DE swarm : 48
# output state file  : b1boot25.state
# Including singleton site patterns.
# cost function      : KL
Initial parameter values
Fixed:
      zero = 0
       one = 1
    Tbecnw = 75200
Free:
       pc1 = 0
       pc2 = 0
       pc3 = 0
       pc4 = 0
       pc5 = 0
       pc6 = 0
       pc7 = 0
       pc8 = 0
       pc9 = 0
      pc10 = 0
      pc11 = 0
      pc12 = 0
      pc13 = 0
      pc14 = 0
      pc15 = 0
      pc16 = 0
Constrained:
   Tgbecnw = 102860
     Tecnw = 24406.3
       Tnw = 20818.2
       Tec = 99.4492
     twoNb = 1.45871e+06
     twoNe = 472682
     twoNc = 903383
     twoNw = 3.26684e+06
    twoNec = 160182
    twoNnw = 15083
  twoNecnw = 64320.8
  twoNbecnw = 9134.75
  twoNgbecnw = 312934
         m = 0.0915246
        m4 = 0.0153254
        m5 = 0.0850999
        Ta = 37600
        Td = 49.7246
        Te = 24.8623
DiffEv reached_goal. cost=2.28737e-03 spread=2.86381e-06
Fitted parameter values
Free:
       pc1 = 3.90866
       pc2 = 1.97909
       pc3 = 2.18235
       pc4 = -0.142839
       pc5 = 1.08012
       pc6 = -0.189384
       pc7 = -0.484082
       pc8 = -0.283119
       pc9 = 1.09948
      pc10 = -0.333222
      pc11 = 1.00476
      pc12 = 0.205826
      pc13 = 0.200441
      pc14 = -0.0210044
      pc15 = 0.071573
      pc16 = 0.0375631
Constrained:
   Tgbecnw = 84404.8
     Tecnw = 23309
       Tnw = 19397.1
       Tec = 31.5782
     twoNb = 2.4028e+06
     twoNe = 799824
     twoNc = 2.10995e+06
     twoNw = 5.74671e+06
    twoNec = 151402
    twoNnw = 15831
  twoNecnw = 64655.6
  twoNbecnw = 3023.99
  twoNgbecnw = 377283
         m = 0.0751601
        m4 = 0.0158756
        m5 = 0.0891535
        Ta = 37600
        Td = 15.7891
        Te = 7.89455
#       SitePat  BranchLen
              b 116276.7820561
              e 43278.7619603
              c 45260.7419523
              n 42210.7938062
              w 42199.7053533
            b:e 1178.3242072
            b:c 1404.2676965
            b:n 1030.4013563
            b:w 1029.9139468
            e:c 11451.1189950
            e:n 4411.6286304
            e:w 4422.7170833
            c:n 4007.3918177
            c:w 4004.9773498
            n:w 12216.4503479
          b:e:c 1309.5989116
          b:e:n 592.7092906
          b:e:w 593.1967001
          b:c:n 598.5301375
          b:c:w 598.0060586
          b:n:w 1292.0179197
          e:c:n 4032.9689882
          e:c:w 4035.3834561
          e:n:w 5587.6261230
          c:n:w 4753.3455228
        b:e:c:n 1146.6920387
        b:e:c:w 1147.2161175
        b:e:n:w 1869.6831515
        b:c:n:w 1307.3865229
        e:c:n:w 46317.1005465
