########################################
# legofit: estimate population history #
#       version 2.3.4-4-g53f8760       #
########################################

# Program was compiled: Sep 21 2021 14:36:42
# Program was run: Sun Oct 10 23:41:49 2021

# cmd: legofit -1 -d 0 -t 32 --ptsPerDim 3 --stateOut b1boot40.state --tol 3e-6 -S 5000 ade2.lgo ../../chrX/boot_chrX/boot40.opf
# Stage nOptItr nSimReps
#     0    5000        0
# algorithm          : deterministic
# ignoring probs <=  : 0
# Branch length floor: 0
# DE strategy        : 2
#    F               : 0.3
#    CR              : 0.8
#    tolerance       : 3e-06
# nthreads           : 32
# lgo input file     : ade2.lgo
# site pat input file: ../../chrX/boot_chrX/boot40.opf
# free parameters    : 16
# points in DE swarm : 48
# output state file  : b1boot40.state
# Including singleton site patterns.
# cost function      : KL
Initial parameter values
Fixed:
      zero = 0
       one = 1
    Tbecnw = 75200
Free:
       pc1 = 0
       pc2 = 0
       pc3 = 0
       pc4 = 0
       pc5 = 0
       pc6 = 0
       pc7 = 0
       pc8 = 0
       pc9 = 0
      pc10 = 0
      pc11 = 0
      pc12 = 0
      pc13 = 0
      pc14 = 0
      pc15 = 0
      pc16 = 0
Constrained:
   Tgbecnw = 102860
     Tecnw = 24406.3
       Tnw = 20818.2
       Tec = 99.4492
     twoNb = 1.45871e+06
     twoNe = 472682
     twoNc = 903383
     twoNw = 3.26684e+06
    twoNec = 160182
    twoNnw = 15083
  twoNecnw = 64320.8
  twoNbecnw = 9134.75
  twoNgbecnw = 312934
         m = 0.0915246
        m4 = 0.0153254
        m5 = 0.0850999
        Ta = 37600
        Td = 49.7246
        Te = 24.8623
DiffEv reached_goal. cost=2.23018e-03 spread=2.78725e-06
Fitted parameter values
Free:
       pc1 = 0.679876
       pc2 = 1.9771
       pc3 = 0.768511
       pc4 = 0.880698
       pc5 = 1.98834
       pc6 = -0.490994
       pc7 = 1.63889
       pc8 = -0.127364
       pc9 = 1.1934
      pc10 = 1.61584
      pc11 = 1.47963
      pc12 = 0.2075
      pc13 = -0.423228
      pc14 = 0.328361
      pc15 = 0.0302179
      pc16 = 0.0618588
Constrained:
   Tgbecnw = 91772.2
     Tecnw = 23857.5
       Tnw = 22073.9
       Tec = 19.0071
     twoNb = 2.29474e+06
     twoNe = 928552
     twoNc = 2.66362e+06
     twoNw = 5.43325e+06
    twoNec = 166169
    twoNnw = 7037.3
  twoNecnw = 62255.5
  twoNbecnw = 5688.88
  twoNgbecnw = 316132
         m = 0.0858208
        m4 = 0.0128337
        m5 = 0.08362
        Ta = 37600
        Td = 9.50356
        Te = 4.75178
#       SitePat  BranchLen
              b 117040.8404337
              e 43787.8304836
              c 45512.1353838
              n 42542.5425087
              w 42530.3710586
            b:e 1213.6184486
            b:c 1417.8240871
            b:n 1036.9402352
            b:w 1036.3858018
            e:c 11290.8338465
            e:n 4397.0781885
            e:w 4409.2496386
            c:n 4051.4538316
            c:w 4048.6939870
            n:w 12026.2116886
          b:e:c 1317.9187638
          b:e:n 598.7295346
          b:e:w 599.2839681
          b:c:n 603.2671156
          b:c:w 602.6771430
          b:n:w 1301.8748743
          e:c:n 4090.5407088
          e:c:w 4093.3005533
          e:n:w 5735.4713096
          c:n:w 4961.0064933
        b:e:c:n 1137.2488853
        b:e:c:w 1137.8388579
        b:e:n:w 1782.3743760
        b:c:n:w 1326.5778132
        e:c:n:w 46562.0828679
