########################################
# legofit: estimate population history #
#       version 2.3.4-4-g53f8760       #
########################################

# Program was compiled: Sep 21 2021 14:36:42
# Program was run: Sun Oct 10 23:42:07 2021

# cmd: legofit -1 -d 0 -t 32 --ptsPerDim 3 --stateOut b1boot47.state --tol 3e-6 -S 5000 ade2.lgo ../../chrX/boot_chrX/boot47.opf
# Stage nOptItr nSimReps
#     0    5000        0
# algorithm          : deterministic
# ignoring probs <=  : 0
# Branch length floor: 0
# DE strategy        : 2
#    F               : 0.3
#    CR              : 0.8
#    tolerance       : 3e-06
# nthreads           : 32
# lgo input file     : ade2.lgo
# site pat input file: ../../chrX/boot_chrX/boot47.opf
# free parameters    : 16
# points in DE swarm : 48
# output state file  : b1boot47.state
# Including singleton site patterns.
# cost function      : KL
Initial parameter values
Fixed:
      zero = 0
       one = 1
    Tbecnw = 75200
Free:
       pc1 = 0
       pc2 = 0
       pc3 = 0
       pc4 = 0
       pc5 = 0
       pc6 = 0
       pc7 = 0
       pc8 = 0
       pc9 = 0
      pc10 = 0
      pc11 = 0
      pc12 = 0
      pc13 = 0
      pc14 = 0
      pc15 = 0
      pc16 = 0
Constrained:
   Tgbecnw = 102860
     Tecnw = 24406.3
       Tnw = 20818.2
       Tec = 99.4492
     twoNb = 1.45871e+06
     twoNe = 472682
     twoNc = 903383
     twoNw = 3.26684e+06
    twoNec = 160182
    twoNnw = 15083
  twoNecnw = 64320.8
  twoNbecnw = 9134.75
  twoNgbecnw = 312934
         m = 0.0915246
        m4 = 0.0153254
        m5 = 0.0850999
        Ta = 37600
        Td = 49.7246
        Te = 24.8623
DiffEv reached_goal. cost=2.31769e-03 spread=2.07669e-06
Fitted parameter values
Free:
       pc1 = 3.36377
       pc2 = 1.98012
       pc3 = 3.28323
       pc4 = -1.04163
       pc5 = 1.07996
       pc6 = 0.410091
       pc7 = 1.02899
       pc8 = 1.46664
       pc9 = 1.20632
      pc10 = -0.604547
      pc11 = 0.849866
      pc12 = 0.365622
      pc13 = -0.35519
      pc14 = 0.252455
      pc15 = 0.0116956
      pc16 = 0.171192
Constrained:
   Tgbecnw = 82553.6
     Tecnw = 23487.6
       Tnw = 20217.2
       Tec = 8.47484
     twoNb = 2.45129e+06
     twoNe = 1.9844e+06
     twoNc = 925030
     twoNw = 7.6042e+06
    twoNec = 152982
    twoNnw = 13732
  twoNecnw = 63109.5
  twoNbecnw = 2532.79
  twoNgbecnw = 321347
         m = 0.0858052
        m4 = 0.0168608
        m5 = 0.0946897
        Ta = 37600
        Td = 4.23742
        Te = 2.11871
#       SitePat  BranchLen
              b 114802.8906467
              e 43040.8440396
              c 45058.0329074
              n 42281.0352594
              w 42271.8406585
            b:e 1111.5512467
            b:c 1345.4178385
            b:n 984.1108281
            b:w 983.7209267
            e:c 11222.6876693
            e:n 4399.1745212
            e:w 4408.3691220
            c:n 3986.0654210
            c:w 3984.0542502
            n:w 11763.0276788
          b:e:c 1227.1015669
          b:e:n 566.8697849
          b:e:w 567.2596863
          b:c:n 572.4816032
          b:c:w 572.0630901
          b:n:w 1211.4367503
          e:c:n 4014.1283208
          e:c:w 4016.1394916
          e:n:w 5515.0298453
          c:n:w 4657.9119633
        b:e:c:n 1092.3129168
        b:e:c:w 1092.7314299
        b:e:n:w 1797.5436984
        b:c:n:w 1230.6147482
        e:c:n:w 45086.3635443
