########################################
# legofit: estimate population history #
#       version 2.3.4-4-g53f8760       #
########################################

# Program was compiled: Sep 21 2021 14:36:42
# Program was run: Wed Sep 22 16:12:00 2021

# cmd: legofit -1 -d 0 -t 32 --ptsPerDim 3 --stateOut b1boot11.state --tol 3e-6 -S 5000 bcf2.lgo ../../boot/boot11.opf
# Stage nOptItr nSimReps
#     0    5000        0
# algorithm          : deterministic
# ignoring probs <=  : 0
# Branch length floor: 0
# DE strategy        : 2
#    F               : 0.3
#    CR              : 0.8
#    tolerance       : 3e-06
# nthreads           : 32
# lgo input file     : bcf2.lgo
# site pat input file: ../../boot/boot11.opf
# free parameters    : 15
# points in DE swarm : 45
# output state file  : b1boot11.state
# Including singleton site patterns.
# cost function      : KL
Initial parameter values
Fixed:
      zero = 0
       one = 1
    Tbecnw = 75200
Free:
       pc1 = 0
       pc2 = 0
       pc3 = 0
       pc4 = 0
       pc5 = 0
       pc6 = 0
       pc7 = 0
       pc8 = 0
       pc9 = 0
      pc10 = 0
      pc11 = 0
      pc12 = 0
      pc13 = 0
      pc14 = 0
      pc15 = 0
Constrained:
     Tecnw = 39652.5
       Tnw = 8847.14
       Tec = 9151.58
     twoNb = 1.50007e+06
     twoNe = 52448.9
     twoNc = 332003
     twoNn = 214829
     twoNw = 1.36231e+06
    twoNec = 286490
    twoNnw = 102659
  twoNecnw = 31376.5
  twoNbecnw = 76631.1
        m2 = 0.00730134
        m3 = 0.247078
        m6 = 3.34139e-05
        Tb = 24402
        Tc = 4423.57
        Tf = 2211.79
DiffEv reached_goal. cost=2.97285e-03 spread=2.85796e-06
Fitted parameter values
Free:
       pc1 = 3.99719
       pc2 = -1.98621
       pc3 = -0.895034
       pc4 = 1.63046
       pc5 = -1.86747
       pc6 = 0.307951
       pc7 = 1.95343
       pc8 = -1.21685
       pc9 = -0.196477
      pc10 = -0.494222
      pc11 = 0.033531
      pc12 = -0.251747
      pc13 = -0.053616
      pc14 = 0.0218197
      pc15 = 0.0327676
Constrained:
     Tecnw = 40110.4
       Tnw = 2805.7
       Tec = 2548.3
     twoNb = 2.86479e+06
     twoNe = 17242
     twoNc = 215684
     twoNn = 364331
     twoNw = 1.3312e+06
    twoNec = 322007
    twoNnw = 130922
  twoNecnw = 30144.1
  twoNbecnw = 76144.3
        m2 = 0.0195721
        m3 = 0.270288
        m6 = 6.59879e-06
        Tb = 21329.3
        Tc = 1402.85
        Tf = 701.426
#       SitePat  BranchLen
              b 137186.8158916
              e 53983.5792805
              c 54995.7935965
              n 48781.1180827
              w 51897.3735094
            b:e 2641.3889859
            b:c 2708.7330905
            b:n 1985.8060089
            b:w 2197.7731485
            e:c 10877.9016381
            e:n 6256.5137964
            e:w 4554.0744956
            c:n 5244.2008529
            c:w 4765.9773836
            n:w 13573.4944212
          b:e:c 2216.5721377
          b:e:n 1235.7769990
          b:e:w 1167.6921380
          b:c:n 1168.4174253
          b:c:w 1234.5341805
          b:n:w 2211.7221695
          e:c:n 6509.9175074
          e:c:w 5584.4914768
          e:n:w 7640.4849447
          c:n:w 7428.6809324
        b:e:c:n 2200.7485684
        b:e:c:w 1980.5829086
        b:e:n:w 2679.6699899
        b:c:n:w 2612.8431683
        e:c:n:w 55899.6819436
