########################################
# legofit: estimate population history #
#       version 2.3.4-4-g53f8760       #
########################################

# Program was compiled: Sep 21 2021 14:36:42
# Program was run: Wed Sep 22 16:12:32 2021

# cmd: legofit -1 -d 0 -t 32 --ptsPerDim 3 --stateOut b1boot32.state --tol 3e-6 -S 5000 bcf2.lgo ../../boot/boot32.opf
# Stage nOptItr nSimReps
#     0    5000        0
# algorithm          : deterministic
# ignoring probs <=  : 0
# Branch length floor: 0
# DE strategy        : 2
#    F               : 0.3
#    CR              : 0.8
#    tolerance       : 3e-06
# nthreads           : 32
# lgo input file     : bcf2.lgo
# site pat input file: ../../boot/boot32.opf
# free parameters    : 15
# points in DE swarm : 45
# output state file  : b1boot32.state
# Including singleton site patterns.
# cost function      : KL
Initial parameter values
Fixed:
      zero = 0
       one = 1
    Tbecnw = 75200
Free:
       pc1 = 0
       pc2 = 0
       pc3 = 0
       pc4 = 0
       pc5 = 0
       pc6 = 0
       pc7 = 0
       pc8 = 0
       pc9 = 0
      pc10 = 0
      pc11 = 0
      pc12 = 0
      pc13 = 0
      pc14 = 0
      pc15 = 0
Constrained:
     Tecnw = 39652.5
       Tnw = 8847.14
       Tec = 9151.58
     twoNb = 1.50007e+06
     twoNe = 52448.9
     twoNc = 332003
     twoNn = 214829
     twoNw = 1.36231e+06
    twoNec = 286490
    twoNnw = 102659
  twoNecnw = 31376.5
  twoNbecnw = 76631.1
        m2 = 0.00730134
        m3 = 0.247078
        m6 = 3.34139e-05
        Tb = 24402
        Tc = 4423.57
        Tf = 2211.79
DiffEv reached_goal. cost=3.00049e-03 spread=2.84606e-06
Fitted parameter values
Free:
       pc1 = 3.99104
       pc2 = -1.90173
       pc3 = -1.94698
       pc4 = 1.6954
       pc5 = -1.9395
       pc6 = -0.507645
       pc7 = 1.97712
       pc8 = -1.5377
       pc9 = -0.80397
      pc10 = -0.574928
      pc11 = 0.323318
      pc12 = 0.0551884
      pc13 = -0.209456
      pc14 = 0.117139
      pc15 = 0.0479369
Constrained:
     Tecnw = 39903
       Tnw = 2350.85
       Tec = 2097.87
     twoNb = 2.99134e+06
     twoNe = 13074.2
     twoNc = 164518
     twoNn = 205044
     twoNw = 727824
    twoNec = 330673
    twoNnw = 133283
  twoNecnw = 30033.8
  twoNbecnw = 75656.7
        m2 = 0.019556
        m3 = 0.260114
        m6 = 1.25274e-06
        Tb = 21000.4
        Tc = 1175.43
        Tf = 587.713
#       SitePat  BranchLen
              b 136929.0123810
              e 53765.2402979
              c 54799.0348609
              n 48503.5787433
              w 51515.1779047
            b:e 2606.6829276
            b:c 2674.4085098
            b:n 1951.1228677
            b:w 2150.2318550
            e:c 10779.5594151
            e:n 6208.8050283
            e:w 4523.4904662
            c:n 5174.9918822
            c:w 4738.5880984
            n:w 13557.7309083
          b:e:c 2179.1245540
          b:e:n 1215.5101630
          b:e:w 1147.1216488
          b:c:n 1147.7817069
          b:c:w 1214.3414324
          b:n:w 2174.5123817
          e:c:n 6421.6017999
          e:c:w 5541.1138775
          e:n:w 7614.8993408
          c:n:w 7399.8203370
        b:e:c:n 2153.0239346
        b:e:c:w 1946.3508429
        b:e:n:w 2646.3621579
        b:c:n:w 2579.1452031
        e:c:n:w 55965.8461118
