########################################
# legofit: estimate population history #
#       version 2.3.4-4-g53f8760       #
########################################

# Program was compiled: Sep 21 2021 14:36:42
# Program was run: Wed Sep 22 16:11:51 2021

# cmd: legofit -1 -d 0 -t 32 --ptsPerDim 3 --stateOut b1boot2.state --tol 3e-6 -S 5000 bcf2.lgo ../../boot/boot2.opf
# Stage nOptItr nSimReps
#     0    5000        0
# algorithm          : deterministic
# ignoring probs <=  : 0
# Branch length floor: 0
# DE strategy        : 2
#    F               : 0.3
#    CR              : 0.8
#    tolerance       : 3e-06
# nthreads           : 32
# lgo input file     : bcf2.lgo
# site pat input file: ../../boot/boot2.opf
# free parameters    : 15
# points in DE swarm : 45
# output state file  : b1boot2.state
# Including singleton site patterns.
# cost function      : KL
Initial parameter values
Fixed:
      zero = 0
       one = 1
    Tbecnw = 75200
Free:
       pc1 = 0
       pc2 = 0
       pc3 = 0
       pc4 = 0
       pc5 = 0
       pc6 = 0
       pc7 = 0
       pc8 = 0
       pc9 = 0
      pc10 = 0
      pc11 = 0
      pc12 = 0
      pc13 = 0
      pc14 = 0
      pc15 = 0
Constrained:
     Tecnw = 39652.5
       Tnw = 8847.14
       Tec = 9151.58
     twoNb = 1.50007e+06
     twoNe = 52448.9
     twoNc = 332003
     twoNn = 214829
     twoNw = 1.36231e+06
    twoNec = 286490
    twoNnw = 102659
  twoNecnw = 31376.5
  twoNbecnw = 76631.1
        m2 = 0.00730134
        m3 = 0.247078
        m6 = 3.34139e-05
        Tb = 24402
        Tc = 4423.57
        Tf = 2211.79
DiffEv reached_goal. cost=2.96228e-03 spread=1.17092e-06
Fitted parameter values
Free:
       pc1 = 3.9907
       pc2 = -1.9894
       pc3 = -1.94153
       pc4 = 1.82162
       pc5 = -1.99423
       pc6 = -0.190909
       pc7 = 1.97494
       pc8 = -1.66671
       pc9 = -0.441591
      pc10 = -0.392463
      pc11 = 0.346775
      pc12 = -0.130481
      pc13 = -0.10299
      pc14 = -0.0147846
      pc15 = -0.0123447
Constrained:
     Tecnw = 40012
       Tnw = 2229.97
       Tec = 2169.22
     twoNb = 2.76901e+06
     twoNe = 15494.1
     twoNc = 122298
     twoNn = 258381
     twoNw = 871514
    twoNec = 326323
    twoNnw = 134554
  twoNecnw = 30095.5
  twoNbecnw = 75537.1
        m2 = 0.0202272
        m3 = 0.265435
        m6 = 3.94574e-08
        Tb = 21090.6
        Tc = 1114.98
        Tf = 557.492
#       SitePat  BranchLen
              b 136724.5133167
              e 53859.9476851
              c 54880.5784322
              n 48657.5872019
              w 51724.0683840
            b:e 2621.5092567
            b:c 2688.6261279
            b:n 1966.1823071
            b:w 2168.3345726
            e:c 10817.3430287
            e:n 6232.1884820
            e:w 4536.6702914
            c:n 5211.5571498
            c:w 4748.7787092
            n:w 13533.0270321
          b:e:c 2186.7842979
          b:e:n 1222.5708339
          b:e:w 1154.6953940
          b:c:n 1155.4538716
          b:c:w 1221.2557216
          b:n:w 2181.6193719
          e:c:n 6455.7818593
          e:c:w 5558.2655395
          e:n:w 7611.6862020
          c:n:w 7399.5783711
        b:e:c:n 2171.4802044
        b:e:c:w 1960.7332978
        b:e:n:w 2657.5037238
        b:c:n:w 2590.9434856
        e:c:n:w 55625.0456871
