########################################
# legofit: estimate population history #
#       version 2.3.4-4-g53f8760       #
########################################

# Program was compiled: Sep 21 2021 14:36:42
# Program was run: Wed Sep 22 16:12:45 2021

# cmd: legofit -1 -d 0 -t 32 --ptsPerDim 3 --stateOut b1boot45.state --tol 3e-6 -S 5000 bcf2.lgo ../../boot/boot45.opf
# Stage nOptItr nSimReps
#     0    5000        0
# algorithm          : deterministic
# ignoring probs <=  : 0
# Branch length floor: 0
# DE strategy        : 2
#    F               : 0.3
#    CR              : 0.8
#    tolerance       : 3e-06
# nthreads           : 32
# lgo input file     : bcf2.lgo
# site pat input file: ../../boot/boot45.opf
# free parameters    : 15
# points in DE swarm : 45
# output state file  : b1boot45.state
# Including singleton site patterns.
# cost function      : KL
Initial parameter values
Fixed:
      zero = 0
       one = 1
    Tbecnw = 75200
Free:
       pc1 = 0
       pc2 = 0
       pc3 = 0
       pc4 = 0
       pc5 = 0
       pc6 = 0
       pc7 = 0
       pc8 = 0
       pc9 = 0
      pc10 = 0
      pc11 = 0
      pc12 = 0
      pc13 = 0
      pc14 = 0
      pc15 = 0
Constrained:
     Tecnw = 39652.5
       Tnw = 8847.14
       Tec = 9151.58
     twoNb = 1.50007e+06
     twoNe = 52448.9
     twoNc = 332003
     twoNn = 214829
     twoNw = 1.36231e+06
    twoNec = 286490
    twoNnw = 102659
  twoNecnw = 31376.5
  twoNbecnw = 76631.1
        m2 = 0.00730134
        m3 = 0.247078
        m6 = 3.34139e-05
        Tb = 24402
        Tc = 4423.57
        Tf = 2211.79
DiffEv reached_goal. cost=3.01756e-03 spread=2.91067e-06
Fitted parameter values
Free:
       pc1 = 3.99106
       pc2 = -1.85942
       pc3 = -1.38885
       pc4 = 1.91049
       pc5 = -1.92216
       pc6 = -0.583657
       pc7 = 1.93378
       pc8 = -1.41389
       pc9 = -0.634108
      pc10 = -0.26177
      pc11 = 0.404396
      pc12 = -0.0437377
      pc13 = -0.223437
      pc14 = 0.0985177
      pc15 = 0.024723
Constrained:
     Tecnw = 39999.1
       Tnw = 2692.66
       Tec = 2375.98
     twoNb = 3.04976e+06
     twoNe = 15475.6
     twoNc = 261964
     twoNn = 240397
     twoNw = 814282
    twoNec = 327506
    twoNnw = 130270
  twoNecnw = 30017.6
  twoNbecnw = 75672
        m2 = 0.0190092
        m3 = 0.271783
        m6 = 1.41719e-06
        Tb = 21187.5
        Tc = 1346.33
        Tf = 673.165
#       SitePat  BranchLen
              b 136934.2372336
              e 53796.0121062
              c 54813.6235733
              n 48560.2658278
              w 51660.7348045
            b:e 2600.7765167
            b:c 2667.5911186
            b:n 1953.6744838
            b:w 2162.1869357
            e:c 10773.3015107
            e:n 6228.8861736
            e:w 4526.2190904
            c:n 5211.2534796
            c:w 4738.2330949
            n:w 13507.2437920
          b:e:c 2180.4830714
          b:e:n 1218.5957866
          b:e:w 1151.1199969
          b:c:n 1151.7779028
          b:c:w 1217.4613232
          b:n:w 2176.1164704
          e:c:n 6453.9101738
          e:c:w 5538.4480848
          e:n:w 7592.1809238
          c:n:w 7380.1881948
        b:e:c:n 2164.8697951
        b:e:c:w 1948.8302929
        b:e:n:w 2641.0086116
        b:c:n:w 2574.6705186
        e:c:n:w 55928.7579233
