########################################
# legofit: estimate population history #
#       version 2.3.4-4-g53f8760       #
########################################

# Program was compiled: Sep 21 2021 14:36:42
# Program was run: Wed Sep 22 16:11:46 2021

# cmd: legofit -1 -d 0 -t 32 --ptsPerDim 3 --stateOut b1boot0.state --tol 3e-6 -S 5000 bcf2.lgo ../../boot/boot0.opf
# Stage nOptItr nSimReps
#     0    5000        0
# algorithm          : deterministic
# ignoring probs <=  : 0
# Branch length floor: 0
# DE strategy        : 2
#    F               : 0.3
#    CR              : 0.8
#    tolerance       : 3e-06
# nthreads           : 32
# lgo input file     : bcf2.lgo
# site pat input file: ../../boot/boot0.opf
# free parameters    : 15
# points in DE swarm : 45
# output state file  : b1boot0.state
# Including singleton site patterns.
# cost function      : KL
Initial parameter values
Fixed:
      zero = 0
       one = 1
    Tbecnw = 75200
Free:
       pc1 = 0
       pc2 = 0
       pc3 = 0
       pc4 = 0
       pc5 = 0
       pc6 = 0
       pc7 = 0
       pc8 = 0
       pc9 = 0
      pc10 = 0
      pc11 = 0
      pc12 = 0
      pc13 = 0
      pc14 = 0
      pc15 = 0
Constrained:
     Tecnw = 39652.5
       Tnw = 8847.14
       Tec = 9151.58
     twoNb = 1.50007e+06
     twoNe = 52448.9
     twoNc = 332003
     twoNn = 214829
     twoNw = 1.36231e+06
    twoNec = 286490
    twoNnw = 102659
  twoNecnw = 31376.5
  twoNbecnw = 76631.1
        m2 = 0.00730134
        m3 = 0.247078
        m6 = 3.34139e-05
        Tb = 24402
        Tc = 4423.57
        Tf = 2211.79
DiffEv reached_goal. cost=2.96207e-03 spread=2.94292e-06
Fitted parameter values
Free:
       pc1 = 3.97553
       pc2 = -1.98604
       pc3 = -1.28263
       pc4 = 1.82229
       pc5 = -1.85766
       pc6 = -0.972471
       pc7 = 1.90906
       pc8 = -1.83556
       pc9 = -0.766669
      pc10 = -0.225341
      pc11 = 0.176311
      pc12 = -0.0771505
      pc13 = -0.128492
      pc14 = 0.0215181
      pc15 = 0.0257351
Constrained:
     Tecnw = 40035.1
       Tnw = 2659.37
       Tec = 2596.77
     twoNb = 3.23898e+06
     twoNe = 21850
     twoNc = 214642
     twoNn = 209818
     twoNw = 560438
    twoNec = 323217
    twoNnw = 129971
  twoNecnw = 30109.8
  twoNbecnw = 75818.2
        m2 = 0.0197712
        m3 = 0.275328
        m6 = 2.96504e-06
        Tb = 21315.9
        Tc = 1329.69
        Tf = 664.843
#       SitePat  BranchLen
              b 136963.4201567
              e 53999.8095076
              c 54902.5667739
              n 48732.3494109
              w 51757.7458032
            b:e 2628.7412347
            b:c 2688.4795885
            b:n 1973.3156272
            b:w 2176.9192484
            e:c 10825.2776503
            e:n 6157.6008049
            e:w 4552.5343197
            c:n 5254.7985537
            c:w 4741.2863323
            n:w 13558.3507805
          b:e:c 2198.9367549
          b:e:n 1222.7202900
          b:e:w 1162.3126720
          b:c:n 1162.9749537
          b:c:w 1221.6453970
          b:n:w 2194.6349973
          e:c:n 6466.5043227
          e:c:w 5568.9223182
          e:n:w 7614.0605936
          c:n:w 7425.3536654
        b:e:c:n 2179.5629593
        b:e:c:w 1968.4608315
        b:e:n:w 2662.5431421
        b:c:n:w 2603.2173002
        e:c:n:w 55799.8977520
