########################################
# legofit: estimate population history #
#       version 2.3.4-4-g53f8760       #
########################################

# Program was compiled: Sep 21 2021 14:36:42
# Program was run: Wed Sep 22 16:12:39 2021

# cmd: legofit -1 -d 0 -t 32 --ptsPerDim 3 --stateOut b1boot39.state --tol 3e-6 -S 5000 bcf2.lgo ../../boot/boot39.opf
# Stage nOptItr nSimReps
#     0    5000        0
# algorithm          : deterministic
# ignoring probs <=  : 0
# Branch length floor: 0
# DE strategy        : 2
#    F               : 0.3
#    CR              : 0.8
#    tolerance       : 3e-06
# nthreads           : 32
# lgo input file     : bcf2.lgo
# site pat input file: ../../boot/boot39.opf
# free parameters    : 15
# points in DE swarm : 45
# output state file  : b1boot39.state
# Including singleton site patterns.
# cost function      : KL
Initial parameter values
Fixed:
      zero = 0
       one = 1
    Tbecnw = 75200
Free:
       pc1 = 0
       pc2 = 0
       pc3 = 0
       pc4 = 0
       pc5 = 0
       pc6 = 0
       pc7 = 0
       pc8 = 0
       pc9 = 0
      pc10 = 0
      pc11 = 0
      pc12 = 0
      pc13 = 0
      pc14 = 0
      pc15 = 0
Constrained:
     Tecnw = 39652.5
       Tnw = 8847.14
       Tec = 9151.58
     twoNb = 1.50007e+06
     twoNe = 52448.9
     twoNc = 332003
     twoNn = 214829
     twoNw = 1.36231e+06
    twoNec = 286490
    twoNnw = 102659
  twoNecnw = 31376.5
  twoNbecnw = 76631.1
        m2 = 0.00730134
        m3 = 0.247078
        m6 = 3.34139e-05
        Tb = 24402
        Tc = 4423.57
        Tf = 2211.79
DiffEv reached_goal. cost=2.88403e-03 spread=2.88036e-06
Fitted parameter values
Free:
       pc1 = 3.98323
       pc2 = -1.99835
       pc3 = -1.14217
       pc4 = 1.6974
       pc5 = -1.64664
       pc6 = 0.511824
       pc7 = 1.89193
       pc8 = -1.70273
       pc9 = -0.190221
      pc10 = -0.2101
      pc11 = 0.0643777
      pc12 = -0.216511
      pc13 = -0.0154354
      pc14 = -0.049917
      pc15 = 0.0354558
Constrained:
     Tecnw = 40156.8
       Tnw = 2364.54
       Tec = 2738.99
     twoNb = 2.70193e+06
     twoNe = 24160.2
     twoNc = 62707.4
     twoNn = 318753
     twoNw = 1.33034e+06
    twoNec = 321003
    twoNnw = 131681
  twoNecnw = 30127.5
  twoNbecnw = 76009.7
        m2 = 0.0197288
        m3 = 0.274312
        m6 = 2.88233e-06
        Tb = 21447.9
        Tc = 1182.27
        Tf = 591.134
#       SitePat  BranchLen
              b 137056.1933933
              e 54037.6095428
              c 55036.0978120
              n 48757.6311706
              w 51884.7408179
            b:e 2643.1644601
            b:c 2709.5368104
            b:n 1984.3536063
            b:w 2196.2033673
            e:c 10854.3258336
            e:n 6249.2319195
            e:w 4551.6058663
            c:n 5250.7001873
            c:w 4760.2293906
            n:w 13613.2693882
          b:e:c 2214.2079403
          b:e:n 1234.6416482
          b:e:w 1167.4773151
          b:c:n 1168.2625039
          b:c:w 1233.3140923
          b:n:w 2209.0520792
          e:c:n 6503.3744531
          e:c:w 5575.3386446
          e:n:w 7634.8986011
          c:n:w 7426.3186551
        b:e:c:n 2199.3794730
        b:e:c:w 1978.6654679
        b:e:n:w 2678.6375785
        b:c:n:w 2612.8074798
        e:c:n:w 55763.3384717
