########################################
# legofit: estimate population history #
#       version 2.3.4-4-g53f8760       #
########################################

# Program was compiled: Sep 21 2021 14:36:42
# Program was run: Wed Sep 22 16:12:36 2021

# cmd: legofit -1 -d 0 -t 32 --ptsPerDim 3 --stateOut b1boot36.state --tol 3e-6 -S 5000 bcf2.lgo ../../boot/boot36.opf
# Stage nOptItr nSimReps
#     0    5000        0
# algorithm          : deterministic
# ignoring probs <=  : 0
# Branch length floor: 0
# DE strategy        : 2
#    F               : 0.3
#    CR              : 0.8
#    tolerance       : 3e-06
# nthreads           : 32
# lgo input file     : bcf2.lgo
# site pat input file: ../../boot/boot36.opf
# free parameters    : 15
# points in DE swarm : 45
# output state file  : b1boot36.state
# Including singleton site patterns.
# cost function      : KL
Initial parameter values
Fixed:
      zero = 0
       one = 1
    Tbecnw = 75200
Free:
       pc1 = 0
       pc2 = 0
       pc3 = 0
       pc4 = 0
       pc5 = 0
       pc6 = 0
       pc7 = 0
       pc8 = 0
       pc9 = 0
      pc10 = 0
      pc11 = 0
      pc12 = 0
      pc13 = 0
      pc14 = 0
      pc15 = 0
Constrained:
     Tecnw = 39652.5
       Tnw = 8847.14
       Tec = 9151.58
     twoNb = 1.50007e+06
     twoNe = 52448.9
     twoNc = 332003
     twoNn = 214829
     twoNw = 1.36231e+06
    twoNec = 286490
    twoNnw = 102659
  twoNecnw = 31376.5
  twoNbecnw = 76631.1
        m2 = 0.00730134
        m3 = 0.247078
        m6 = 3.34139e-05
        Tb = 24402
        Tc = 4423.57
        Tf = 2211.79
DiffEv reached_goal. cost=3.00566e-03 spread=2.66401e-06
Fitted parameter values
Free:
       pc1 = 3.9939
       pc2 = -1.92377
       pc3 = -1.79601
       pc4 = 1.8552
       pc5 = -1.66864
       pc6 = -0.212897
       pc7 = 1.98531
       pc8 = -1.02314
       pc9 = -0.844874
      pc10 = -0.444036
      pc11 = 0.396405
      pc12 = -0.12151
      pc13 = -0.0970085
      pc14 = -0.0136059
      pc15 = -0.0486403
Constrained:
     Tecnw = 40041.3
       Tnw = 2523.1
       Tec = 2032.39
     twoNb = 2.90698e+06
     twoNe = 11305.8
     twoNc = 268123
     twoNn = 172414
     twoNw = 1.06182e+06
    twoNec = 332230
    twoNnw = 134012
  twoNecnw = 30160.7
  twoNbecnw = 75651
        m2 = 0.0188768
        m3 = 0.262152
        m6 = 2.67468e-06
        Tb = 21036.9
        Tc = 1261.55
        Tf = 630.775
#       SitePat  BranchLen
              b 136823.0411781
              e 53913.5188103
              c 54924.1598217
              n 48747.1068860
              w 51775.2732714
            b:e 2614.9657364
            b:c 2681.3462352
            b:n 1970.9434828
            b:w 2175.1079578
            e:c 10821.7346183
            e:n 6224.6280868
            e:w 4550.6705334
            c:n 5213.9477276
            c:w 4760.6732273
            n:w 13528.6093632
          b:e:c 2194.7271212
          b:e:n 1227.2428963
          b:e:w 1160.1947261
          b:c:n 1160.8562869
          b:c:w 1226.0899572
          b:n:w 2190.1415636
          e:c:n 6461.4123444
          e:c:w 5569.8702416
          e:n:w 7602.5286357
          c:n:w 7392.5653855
        b:e:c:n 2177.9106878
        b:e:c:w 1966.1684839
        b:e:n:w 2653.5687920
        b:c:n:w 2587.6795756
        e:c:n:w 55670.8429668
