########################################
# legofit: estimate population history #
#       version 2.3.4-4-g53f8760       #
########################################

# Program was compiled: Sep 21 2021 14:36:42
# Program was run: Wed Sep 22 16:11:51 2021

# cmd: legofit -1 -d 0 -t 32 --ptsPerDim 3 --stateOut b1boot1.state --tol 3e-6 -S 5000 bcf2.lgo ../../boot/boot1.opf
# Stage nOptItr nSimReps
#     0    5000        0
# algorithm          : deterministic
# ignoring probs <=  : 0
# Branch length floor: 0
# DE strategy        : 2
#    F               : 0.3
#    CR              : 0.8
#    tolerance       : 3e-06
# nthreads           : 32
# lgo input file     : bcf2.lgo
# site pat input file: ../../boot/boot1.opf
# free parameters    : 15
# points in DE swarm : 45
# output state file  : b1boot1.state
# Including singleton site patterns.
# cost function      : KL
Initial parameter values
Fixed:
      zero = 0
       one = 1
    Tbecnw = 75200
Free:
       pc1 = 0
       pc2 = 0
       pc3 = 0
       pc4 = 0
       pc5 = 0
       pc6 = 0
       pc7 = 0
       pc8 = 0
       pc9 = 0
      pc10 = 0
      pc11 = 0
      pc12 = 0
      pc13 = 0
      pc14 = 0
      pc15 = 0
Constrained:
     Tecnw = 39652.5
       Tnw = 8847.14
       Tec = 9151.58
     twoNb = 1.50007e+06
     twoNe = 52448.9
     twoNc = 332003
     twoNn = 214829
     twoNw = 1.36231e+06
    twoNec = 286490
    twoNnw = 102659
  twoNecnw = 31376.5
  twoNbecnw = 76631.1
        m2 = 0.00730134
        m3 = 0.247078
        m6 = 3.34139e-05
        Tb = 24402
        Tc = 4423.57
        Tf = 2211.79
DiffEv reached_goal. cost=2.95929e-03 spread=2.84233e-06
Fitted parameter values
Free:
       pc1 = 3.98764
       pc2 = -1.95102
       pc3 = -1.53144
       pc4 = 1.4815
       pc5 = -1.73198
       pc6 = 0.464039
       pc7 = 1.98446
       pc8 = -1.32352
       pc9 = -0.242803
      pc10 = -0.601375
      pc11 = 0.12344
      pc12 = -0.174269
      pc13 = -0.0027341
      pc14 = -0.0482518
      pc15 = 0.040646
Constrained:
     Tecnw = 40101.2
       Tnw = 2495.59
       Tec = 2313.57
     twoNb = 2.64738e+06
     twoNe = 15569.9
     twoNc = 103044
     twoNn = 311745
     twoNw = 1.30706e+06
    twoNec = 326442
    twoNnw = 133338
  twoNecnw = 30157.3
  twoNbecnw = 75965.6
        m2 = 0.019774
        m3 = 0.261513
        m6 = 7.96993e-06
        Tb = 21207.4
        Tc = 1247.79
        Tf = 623.897
#       SitePat  BranchLen
              b 137022.2304601
              e 54025.3069630
              c 55036.9357295
              n 48782.4190965
              w 51815.7503620
            b:e 2645.0783042
            b:c 2712.1535577
            b:n 1982.8581237
            b:w 2186.4528120
            e:c 10873.5782555
            e:n 6226.1682213
            e:w 4550.1356832
            c:n 5214.4210984
            c:w 4761.2272558
            n:w 13625.8947798
          b:e:c 2215.5554230
          b:e:n 1232.5737491
          b:e:w 1164.7156904
          b:c:n 1165.4799480
          b:c:w 1231.2454542
          b:n:w 2210.2420692
          e:c:n 6472.5944118
          e:c:w 5579.2479381
          e:n:w 7646.8873783
          c:n:w 7435.9144901
        b:e:c:n 2189.6803872
        b:e:c:w 1977.4198403
        b:e:n:w 2680.3200362
        b:c:n:w 2613.8084921
        e:c:n:w 55750.5520657
