########################################
# legofit: estimate population history #
#       version 2.3.4-4-g53f8760       #
########################################

# Program was compiled: Sep 21 2021 14:36:42
# Program was run: Wed Sep 22 16:12:39 2021

# cmd: legofit -1 -d 0 -t 32 --ptsPerDim 3 --stateOut b1boot38.state --tol 3e-6 -S 5000 bcf2.lgo ../../boot/boot38.opf
# Stage nOptItr nSimReps
#     0    5000        0
# algorithm          : deterministic
# ignoring probs <=  : 0
# Branch length floor: 0
# DE strategy        : 2
#    F               : 0.3
#    CR              : 0.8
#    tolerance       : 3e-06
# nthreads           : 32
# lgo input file     : bcf2.lgo
# site pat input file: ../../boot/boot38.opf
# free parameters    : 15
# points in DE swarm : 45
# output state file  : b1boot38.state
# Including singleton site patterns.
# cost function      : KL
Initial parameter values
Fixed:
      zero = 0
       one = 1
    Tbecnw = 75200
Free:
       pc1 = 0
       pc2 = 0
       pc3 = 0
       pc4 = 0
       pc5 = 0
       pc6 = 0
       pc7 = 0
       pc8 = 0
       pc9 = 0
      pc10 = 0
      pc11 = 0
      pc12 = 0
      pc13 = 0
      pc14 = 0
      pc15 = 0
Constrained:
     Tecnw = 39652.5
       Tnw = 8847.14
       Tec = 9151.58
     twoNb = 1.50007e+06
     twoNe = 52448.9
     twoNc = 332003
     twoNn = 214829
     twoNw = 1.36231e+06
    twoNec = 286490
    twoNnw = 102659
  twoNecnw = 31376.5
  twoNbecnw = 76631.1
        m2 = 0.00730134
        m3 = 0.247078
        m6 = 3.34139e-05
        Tb = 24402
        Tc = 4423.57
        Tf = 2211.79
DiffEv reached_goal. cost=2.95269e-03 spread=2.73077e-06
Fitted parameter values
Free:
       pc1 = 3.99791
       pc2 = -1.8352
       pc3 = -1.62608
       pc4 = 1.7678
       pc5 = -1.83481
       pc6 = -0.106623
       pc7 = 1.95367
       pc8 = -1.13354
       pc9 = -0.868188
      pc10 = -0.414915
      pc11 = 0.362692
      pc12 = 0.0292885
      pc13 = -0.159868
      pc14 = 0.0327473
      pc15 = 0.00480329
Constrained:
     Tecnw = 39996.8
       Tnw = 2449.54
       Tec = 2151.1
     twoNb = 2.99057e+06
     twoNe = 13926.2
     twoNc = 233471
     twoNn = 218050
     twoNw = 1.0622e+06
    twoNec = 335254
    twoNnw = 132736
  twoNecnw = 30093.5
  twoNbecnw = 75723.4
        m2 = 0.018444
        m3 = 0.262287
        m6 = 2.67678e-08
        Tb = 21074
        Tc = 1224.77
        Tf = 612.385
#       SitePat  BranchLen
              b 136951.3773288
              e 53914.2200359
              c 54900.2188827
              n 48644.9729189
              w 51621.3898929
            b:e 2607.9693629
            b:c 2672.6035010
            b:n 1960.4616858
            b:w 2161.2744839
            e:c 10773.7183564
            e:n 6184.4247763
            e:w 4543.3196430
            c:n 5198.4255332
            c:w 4748.3468437
            n:w 13568.2815682
          b:e:c 2189.1409895
          b:e:n 1221.3039382
          b:e:w 1156.0445813
          b:c:n 1156.6697389
          b:c:w 1220.2221135
          b:n:w 2184.8115648
          e:c:n 6430.1690012
          e:c:w 5553.8615268
          e:n:w 7603.5708156
          c:n:w 7398.5440122
        b:e:c:n 2163.9198172
        b:e:c:w 1955.8883246
        b:e:n:w 2646.1732701
        b:c:n:w 2581.9957982
        e:c:n:w 55886.1320598
