########################################
# legofit: estimate population history #
#       version 2.3.4-4-g53f8760       #
########################################

# Program was compiled: Sep 21 2021 14:36:42
# Program was run: Wed Sep 22 16:12:25 2021

# cmd: legofit -1 -d 0 -t 32 --ptsPerDim 3 --stateOut b1boot25.state --tol 3e-6 -S 5000 bcf2.lgo ../../boot/boot25.opf
# Stage nOptItr nSimReps
#     0    5000        0
# algorithm          : deterministic
# ignoring probs <=  : 0
# Branch length floor: 0
# DE strategy        : 2
#    F               : 0.3
#    CR              : 0.8
#    tolerance       : 3e-06
# nthreads           : 32
# lgo input file     : bcf2.lgo
# site pat input file: ../../boot/boot25.opf
# free parameters    : 15
# points in DE swarm : 45
# output state file  : b1boot25.state
# Including singleton site patterns.
# cost function      : KL
Initial parameter values
Fixed:
      zero = 0
       one = 1
    Tbecnw = 75200
Free:
       pc1 = 0
       pc2 = 0
       pc3 = 0
       pc4 = 0
       pc5 = 0
       pc6 = 0
       pc7 = 0
       pc8 = 0
       pc9 = 0
      pc10 = 0
      pc11 = 0
      pc12 = 0
      pc13 = 0
      pc14 = 0
      pc15 = 0
Constrained:
     Tecnw = 39652.5
       Tnw = 8847.14
       Tec = 9151.58
     twoNb = 1.50007e+06
     twoNe = 52448.9
     twoNc = 332003
     twoNn = 214829
     twoNw = 1.36231e+06
    twoNec = 286490
    twoNnw = 102659
  twoNecnw = 31376.5
  twoNbecnw = 76631.1
        m2 = 0.00730134
        m3 = 0.247078
        m6 = 3.34139e-05
        Tb = 24402
        Tc = 4423.57
        Tf = 2211.79
DiffEv reached_goal. cost=2.98154e-03 spread=2.57112e-06
Fitted parameter values
Free:
       pc1 = 3.99517
       pc2 = -1.95041
       pc3 = -1.94167
       pc4 = 1.56341
       pc5 = -1.96887
       pc6 = 0.209383
       pc7 = 1.9717
       pc8 = -1.48702
       pc9 = -0.413537
      pc10 = -0.0783
      pc11 = 0.591357
      pc12 = -0.0141027
      pc13 = -0.0564456
      pc14 = -0.0789723
      pc15 = 0.0245646
Constrained:
     Tecnw = 40117.2
       Tnw = 1860.77
       Tec = 2232.92
     twoNb = 2.68398e+06
     twoNe = 19852
     twoNc = 93248.4
     twoNn = 287094
     twoNw = 1.08192e+06
    twoNec = 331542
    twoNnw = 134781
  twoNecnw = 30046.7
  twoNbecnw = 75394.5
        m2 = 0.0187396
        m3 = 0.263549
        m6 = 5.38417e-06
        Tb = 21175
        Tc = 930.386
        Tf = 465.193
#       SitePat  BranchLen
              b 136642.8054668
              e 53957.7458291
              c 54937.6886442
              n 48644.9926926
              w 51647.0257182
            b:e 2605.5343223
            b:c 2669.5041301
            b:n 1957.0845229
            b:w 2158.4871674
            e:c 10792.3421814
            e:n 6171.7960364
            e:w 4526.1357034
            c:n 5191.7730085
            c:w 4728.7764388
            n:w 13629.0787120
          b:e:c 2187.8146717
          b:e:n 1217.1502028
          b:e:w 1152.4566028
          b:c:n 1153.1680490
          b:c:w 1215.9299699
          b:n:w 2182.9203065
          e:c:n 6420.9667619
          e:c:w 5537.6782546
          e:n:w 7578.8062648
          c:n:w 7376.2459483
        b:e:c:n 2161.4708601
        b:e:c:w 1951.9122792
        b:e:n:w 2639.8178318
        b:c:n:w 2576.3566046
        e:c:n:w 55570.7851857
