########################################
# legofit: estimate population history #
#       version 2.3.4-4-g53f8760       #
########################################

# Program was compiled: Sep 21 2021 14:36:42
# Program was run: Wed Sep 22 16:12:45 2021

# cmd: legofit -1 -d 0 -t 32 --ptsPerDim 3 --stateOut b1boot42.state --tol 3e-6 -S 5000 bcf2.lgo ../../boot/boot42.opf
# Stage nOptItr nSimReps
#     0    5000        0
# algorithm          : deterministic
# ignoring probs <=  : 0
# Branch length floor: 0
# DE strategy        : 2
#    F               : 0.3
#    CR              : 0.8
#    tolerance       : 3e-06
# nthreads           : 32
# lgo input file     : bcf2.lgo
# site pat input file: ../../boot/boot42.opf
# free parameters    : 15
# points in DE swarm : 45
# output state file  : b1boot42.state
# Including singleton site patterns.
# cost function      : KL
Initial parameter values
Fixed:
      zero = 0
       one = 1
    Tbecnw = 75200
Free:
       pc1 = 0
       pc2 = 0
       pc3 = 0
       pc4 = 0
       pc5 = 0
       pc6 = 0
       pc7 = 0
       pc8 = 0
       pc9 = 0
      pc10 = 0
      pc11 = 0
      pc12 = 0
      pc13 = 0
      pc14 = 0
      pc15 = 0
Constrained:
     Tecnw = 39652.5
       Tnw = 8847.14
       Tec = 9151.58
     twoNb = 1.50007e+06
     twoNe = 52448.9
     twoNc = 332003
     twoNn = 214829
     twoNw = 1.36231e+06
    twoNec = 286490
    twoNnw = 102659
  twoNecnw = 31376.5
  twoNbecnw = 76631.1
        m2 = 0.00730134
        m3 = 0.247078
        m6 = 3.34139e-05
        Tb = 24402
        Tc = 4423.57
        Tf = 2211.79
DiffEv reached_goal. cost=2.94059e-03 spread=2.95678e-06
Fitted parameter values
Free:
       pc1 = 3.99356
       pc2 = -1.93872
       pc3 = -1.47799
       pc4 = 1.76654
       pc5 = -1.98857
       pc6 = -0.136505
       pc7 = 1.99849
       pc8 = -1.57297
       pc9 = -0.403075
      pc10 = -0.1706
      pc11 = 0.409447
      pc12 = -0.0891341
      pc13 = -0.152816
      pc14 = 0.0604435
      pc15 = -0.00367459
Constrained:
     Tecnw = 40039.6
       Tnw = 2399.42
       Tec = 2373.74
     twoNb = 2.9002e+06
     twoNe = 18546.3
     twoNc = 158919
     twoNn = 295820
     twoNw = 977656
    twoNec = 325540
    twoNnw = 132305
  twoNecnw = 30022.1
  twoNbecnw = 75613.2
        m2 = 0.0192559
        m3 = 0.27132
        m6 = 3.21497e-06
        Tb = 21206.7
        Tc = 1199.71
        Tf = 599.854
#       SitePat  BranchLen
              b 136852.7413697
              e 53852.9563354
              c 54822.6151981
              n 48643.9613411
              w 51709.2067510
            b:e 2605.7460573
            b:c 2669.3826882
            b:n 1960.4223612
            b:w 2165.9772550
            e:c 10798.7867358
            e:n 6193.3662554
            e:w 4533.0488237
            c:n 5223.6594520
            c:w 4734.6875129
            n:w 13515.2394831
          b:e:c 2183.1493197
          b:e:n 1218.2727062
          b:e:w 1153.9250164
          b:c:n 1154.6286555
          b:c:w 1217.0871894
          b:n:w 2178.4869459
          e:c:n 6457.0337198
          e:c:w 5550.9738366
          e:n:w 7581.0740484
          c:n:w 7379.4834172
        b:e:c:n 2168.8356600
        b:e:c:w 1955.2737663
        b:e:n:w 2641.1331055
        b:c:n:w 2577.9782350
        e:c:n:w 55809.4649449
