########################################
# legofit: estimate population history #
#       version 2.3.4-4-g53f8760       #
########################################

# Program was compiled: Sep 21 2021 14:36:42
# Program was run: Wed Sep 22 16:12:39 2021

# cmd: legofit -1 -d 0 -t 32 --ptsPerDim 3 --stateOut b1boot37.state --tol 3e-6 -S 5000 bcf2.lgo ../../boot/boot37.opf
# Stage nOptItr nSimReps
#     0    5000        0
# algorithm          : deterministic
# ignoring probs <=  : 0
# Branch length floor: 0
# DE strategy        : 2
#    F               : 0.3
#    CR              : 0.8
#    tolerance       : 3e-06
# nthreads           : 32
# lgo input file     : bcf2.lgo
# site pat input file: ../../boot/boot37.opf
# free parameters    : 15
# points in DE swarm : 45
# output state file  : b1boot37.state
# Including singleton site patterns.
# cost function      : KL
Initial parameter values
Fixed:
      zero = 0
       one = 1
    Tbecnw = 75200
Free:
       pc1 = 0
       pc2 = 0
       pc3 = 0
       pc4 = 0
       pc5 = 0
       pc6 = 0
       pc7 = 0
       pc8 = 0
       pc9 = 0
      pc10 = 0
      pc11 = 0
      pc12 = 0
      pc13 = 0
      pc14 = 0
      pc15 = 0
Constrained:
     Tecnw = 39652.5
       Tnw = 8847.14
       Tec = 9151.58
     twoNb = 1.50007e+06
     twoNe = 52448.9
     twoNc = 332003
     twoNn = 214829
     twoNw = 1.36231e+06
    twoNec = 286490
    twoNnw = 102659
  twoNecnw = 31376.5
  twoNbecnw = 76631.1
        m2 = 0.00730134
        m3 = 0.247078
        m6 = 3.34139e-05
        Tb = 24402
        Tc = 4423.57
        Tf = 2211.79
DiffEv reached_goal. cost=2.98547e-03 spread=2.69654e-06
Fitted parameter values
Free:
       pc1 = 3.99427
       pc2 = -1.96749
       pc3 = -0.725656
       pc4 = 1.71161
       pc5 = -1.81943
       pc6 = 0.967393
       pc7 = 1.98042
       pc8 = -0.710813
       pc9 = -0.349902
      pc10 = -0.204632
      pc11 = 0.443597
      pc12 = 0.00900237
      pc13 = -0.165786
      pc14 = 0.139119
      pc15 = 0.0794379
Constrained:
     Tecnw = 40109.4
       Tnw = 2481.74
       Tec = 2541.41
     twoNb = 2.86902e+06
     twoNe = 19286.6
     twoNc = 277766
     twoNn = 374684
     twoNw = 1.7989e+06
    twoNec = 329116
    twoNnw = 130261
  twoNecnw = 29926.7
  twoNbecnw = 75955.3
        m2 = 0.017508
        m3 = 0.268562
        m6 = 3.83854e-06
        Tb = 21325.4
        Tc = 1240.87
        Tf = 620.436
#       SitePat  BranchLen
              b 137223.4470836
              e 53847.0587892
              c 54865.7197933
              n 48540.1091543
              w 51621.4592134
            b:e 2592.3750693
            b:c 2659.1119015
            b:n 1951.3427001
            b:w 2163.7465454
            e:c 10782.8994185
            e:n 6207.8081174
            e:w 4515.3724405
            c:n 5189.0896653
            c:w 4727.1957464
            n:w 13605.0807870
          b:e:c 2191.7439915
          b:e:n 1218.8378350
          b:e:w 1151.4614497
          b:c:n 1152.0921593
          b:c:w 1217.7401996
          b:n:w 2187.4813630
          e:c:n 6449.1156528
          e:c:w 5531.1026159
          e:n:w 7578.4514350
          c:n:w 7366.6857058
        b:e:c:n 2166.3617132
        b:e:c:w 1946.6787865
        b:e:n:w 2633.0810616
        b:c:n:w 2566.8110264
        e:c:n:w 56209.9645097
