########################################
# legofit: estimate population history #
#       version 2.3.4-4-g53f8760       #
########################################

# Program was compiled: Sep 21 2021 14:36:42
# Program was run: Wed Sep 22 16:11:51 2021

# cmd: legofit -1 -d 0 -t 32 --ptsPerDim 3 --stateOut b1boot4.state --tol 3e-6 -S 5000 bcf2.lgo ../../boot/boot4.opf
# Stage nOptItr nSimReps
#     0    5000        0
# algorithm          : deterministic
# ignoring probs <=  : 0
# Branch length floor: 0
# DE strategy        : 2
#    F               : 0.3
#    CR              : 0.8
#    tolerance       : 3e-06
# nthreads           : 32
# lgo input file     : bcf2.lgo
# site pat input file: ../../boot/boot4.opf
# free parameters    : 15
# points in DE swarm : 45
# output state file  : b1boot4.state
# Including singleton site patterns.
# cost function      : KL
Initial parameter values
Fixed:
      zero = 0
       one = 1
    Tbecnw = 75200
Free:
       pc1 = 0
       pc2 = 0
       pc3 = 0
       pc4 = 0
       pc5 = 0
       pc6 = 0
       pc7 = 0
       pc8 = 0
       pc9 = 0
      pc10 = 0
      pc11 = 0
      pc12 = 0
      pc13 = 0
      pc14 = 0
      pc15 = 0
Constrained:
     Tecnw = 39652.5
       Tnw = 8847.14
       Tec = 9151.58
     twoNb = 1.50007e+06
     twoNe = 52448.9
     twoNc = 332003
     twoNn = 214829
     twoNw = 1.36231e+06
    twoNec = 286490
    twoNnw = 102659
  twoNecnw = 31376.5
  twoNbecnw = 76631.1
        m2 = 0.00730134
        m3 = 0.247078
        m6 = 3.34139e-05
        Tb = 24402
        Tc = 4423.57
        Tf = 2211.79
DiffEv reached_goal. cost=2.99273e-03 spread=2.40575e-06
Fitted parameter values
Free:
       pc1 = 3.99857
       pc2 = -1.93922
       pc3 = -1.88644
       pc4 = 1.93398
       pc5 = -1.80464
       pc6 = -0.606817
       pc7 = 1.98517
       pc8 = -1.08571
       pc9 = -0.822396
      pc10 = -0.601903
      pc11 = 0.337177
      pc12 = -0.0989177
      pc13 = -0.186404
      pc14 = 0.150752
      pc15 = -0.00658885
Constrained:
     Tecnw = 39908.5
       Tnw = 2602.38
       Tec = 1833.59
     twoNb = 2.95613e+06
     twoNe = 8007.85
     twoNc = 307737
     twoNn = 168251
     twoNw = 832215
    twoNec = 329135
    twoNnw = 133446
  twoNecnw = 30099.6
  twoNbecnw = 75656.9
        m2 = 0.0194684
        m3 = 0.261694
        m6 = 2.02325e-06
        Tb = 20871.1
        Tc = 1301.19
        Tf = 650.595
#       SitePat  BranchLen
              b 136895.4294817
              e 53754.0844392
              c 54736.7635442
              n 48630.5865502
              w 51641.4354356
            b:e 2607.6581772
            b:c 2672.0460147
            b:n 1961.9066473
            b:w 2162.0047952
            e:c 10841.8648407
            e:n 6190.7883869
            e:w 4539.1174499
            c:n 5208.0795134
            c:w 4743.4080399
            n:w 13497.2081431
          b:e:c 2183.9983726
          b:e:n 1217.6880785
          b:e:w 1152.6189873
          b:c:n 1153.2956188
          b:c:w 1216.5237410
          b:n:w 2179.3224352
          e:c:n 6450.9384502
          e:c:w 5565.9793109
          e:n:w 7596.3680810
          c:n:w 7392.1073334
        b:e:c:n 2164.8386959
        b:e:c:w 1957.0341813
        b:e:n:w 2643.7497231
        b:c:n:w 2579.8495178
        e:c:n:w 55881.2372928
