########################################
# legofit: estimate population history #
#       version 2.3.4-4-g53f8760       #
########################################

# Program was compiled: Sep 21 2021 14:36:42
# Program was run: Wed Sep 22 16:12:46 2021

# cmd: legofit -1 -d 0 -t 32 --ptsPerDim 3 --stateOut b1boot46.state --tol 3e-6 -S 5000 bcf2.lgo ../../boot/boot46.opf
# Stage nOptItr nSimReps
#     0    5000        0
# algorithm          : deterministic
# ignoring probs <=  : 0
# Branch length floor: 0
# DE strategy        : 2
#    F               : 0.3
#    CR              : 0.8
#    tolerance       : 3e-06
# nthreads           : 32
# lgo input file     : bcf2.lgo
# site pat input file: ../../boot/boot46.opf
# free parameters    : 15
# points in DE swarm : 45
# output state file  : b1boot46.state
# Including singleton site patterns.
# cost function      : KL
Initial parameter values
Fixed:
      zero = 0
       one = 1
    Tbecnw = 75200
Free:
       pc1 = 0
       pc2 = 0
       pc3 = 0
       pc4 = 0
       pc5 = 0
       pc6 = 0
       pc7 = 0
       pc8 = 0
       pc9 = 0
      pc10 = 0
      pc11 = 0
      pc12 = 0
      pc13 = 0
      pc14 = 0
      pc15 = 0
Constrained:
     Tecnw = 39652.5
       Tnw = 8847.14
       Tec = 9151.58
     twoNb = 1.50007e+06
     twoNe = 52448.9
     twoNc = 332003
     twoNn = 214829
     twoNw = 1.36231e+06
    twoNec = 286490
    twoNnw = 102659
  twoNecnw = 31376.5
  twoNbecnw = 76631.1
        m2 = 0.00730134
        m3 = 0.247078
        m6 = 3.34139e-05
        Tb = 24402
        Tc = 4423.57
        Tf = 2211.79
DiffEv reached_goal. cost=2.89771e-03 spread=2.78799e-06
Fitted parameter values
Free:
       pc1 = 3.99811
       pc2 = -1.81969
       pc3 = -1.43045
       pc4 = 1.7814
       pc5 = -1.76808
       pc6 = -0.301312
       pc7 = 1.93409
       pc8 = -0.583323
       pc9 = -0.652065
      pc10 = -0.652802
      pc11 = 0.0428066
      pc12 = -0.107153
      pc13 = -0.137418
      pc14 = 0.0807093
      pc15 = 0.097051
Constrained:
     Tecnw = 39930.9
       Tnw = 2750.81
       Tec = 1873.77
     twoNb = 2.88351e+06
     twoNe = 7390.71
     twoNc = 396152
     twoNn = 233605
     twoNw = 1.10604e+06
    twoNec = 334516
    twoNnw = 130718
  twoNecnw = 30233
  twoNbecnw = 76015.8
        m2 = 0.0188238
        m3 = 0.26149
        m6 = 7.32264e-06
        Tb = 20902.3
        Tc = 1375.41
        Tf = 687.703
#       SitePat  BranchLen
              b 137136.7780669
              e 53903.7579186
              c 54901.0444586
              n 48629.8311707
              w 51633.3084428
            b:e 2631.0559872
            b:c 2696.8494523
            b:n 1972.6092073
            b:w 2175.2580882
            e:c 10858.0849922
            e:n 6212.7187291
            e:w 4555.3406037
            c:n 5215.3231141
            c:w 4763.4933475
            n:w 13630.9783757
          b:e:c 2209.5362704
          b:e:n 1228.3444940
          b:e:w 1161.8672443
          b:c:n 1162.5340376
          b:c:w 1227.1867765
          b:n:w 2204.8957845
          e:c:n 6457.8173611
          e:c:w 5573.0283979
          e:n:w 7648.8976397
          c:n:w 7440.8542364
        b:e:c:n 2178.0832563
        b:e:c:w 1967.7784693
        b:e:n:w 2668.7267637
        b:c:n:w 2603.4239572
        e:c:n:w 55969.8897282
