########################################
# legofit: estimate population history #
#       version 2.3.4-4-g53f8760       #
########################################

# Program was compiled: Sep 21 2021 14:36:42
# Program was run: Wed Sep 22 16:12:18 2021

# cmd: legofit -1 -d 0 -t 32 --ptsPerDim 3 --stateOut b1boot19.state --tol 3e-6 -S 5000 bcf2.lgo ../../boot/boot19.opf
# Stage nOptItr nSimReps
#     0    5000        0
# algorithm          : deterministic
# ignoring probs <=  : 0
# Branch length floor: 0
# DE strategy        : 2
#    F               : 0.3
#    CR              : 0.8
#    tolerance       : 3e-06
# nthreads           : 32
# lgo input file     : bcf2.lgo
# site pat input file: ../../boot/boot19.opf
# free parameters    : 15
# points in DE swarm : 45
# output state file  : b1boot19.state
# Including singleton site patterns.
# cost function      : KL
Initial parameter values
Fixed:
      zero = 0
       one = 1
    Tbecnw = 75200
Free:
       pc1 = 0
       pc2 = 0
       pc3 = 0
       pc4 = 0
       pc5 = 0
       pc6 = 0
       pc7 = 0
       pc8 = 0
       pc9 = 0
      pc10 = 0
      pc11 = 0
      pc12 = 0
      pc13 = 0
      pc14 = 0
      pc15 = 0
Constrained:
     Tecnw = 39652.5
       Tnw = 8847.14
       Tec = 9151.58
     twoNb = 1.50007e+06
     twoNe = 52448.9
     twoNc = 332003
     twoNn = 214829
     twoNw = 1.36231e+06
    twoNec = 286490
    twoNnw = 102659
  twoNecnw = 31376.5
  twoNbecnw = 76631.1
        m2 = 0.00730134
        m3 = 0.247078
        m6 = 3.34139e-05
        Tb = 24402
        Tc = 4423.57
        Tf = 2211.79
DiffEv reached_goal. cost=2.95296e-03 spread=2.81984e-06
Fitted parameter values
Free:
       pc1 = 3.99737
       pc2 = -1.98055
       pc3 = -1.41578
       pc4 = 1.52501
       pc5 = -1.69287
       pc6 = 0.505699
       pc7 = 1.96278
       pc8 = -1.37766
       pc9 = -0.746339
      pc10 = -0.493048
      pc11 = 0.254064
      pc12 = -0.127378
      pc13 = -0.0446897
      pc14 = 0.111283
      pc15 = 0.0588248
Constrained:
     Tecnw = 40088
       Tnw = 2209.59
       Tec = 2299.54
     twoNb = 2.94213e+06
     twoNe = 17879.1
     twoNc = 99642.5
     twoNn = 261497
     twoNw = 1.33995e+06
    twoNec = 324105
    twoNnw = 133774
  twoNecnw = 30080.7
  twoNbecnw = 75967.6
        m2 = 0.0186234
        m3 = 0.261455
        m6 = 1.40427e-06
        Tb = 21193.8
        Tc = 1104.8
        Tf = 552.399
#       SitePat  BranchLen
              b 137123.6756726
              e 53897.0412137
              c 54883.8809082
              n 48675.6659569
              w 51711.6580663
            b:e 2616.0554591
            b:c 2680.9541891
            b:n 1971.6610747
            b:w 2179.5147368
            e:c 10897.4624361
            e:n 6191.6758306
            e:w 4534.0699792
            c:n 5204.8152778
            c:w 4739.1542248
            n:w 13649.0343927
          b:e:c 2209.5135956
          b:e:n 1224.1959452
          b:e:w 1158.6462300
          b:c:n 1159.2939828
          b:c:w 1223.0803914
          b:n:w 2205.0129201
          e:c:n 6473.9421897
          e:c:w 5570.3438518
          e:n:w 7600.2462584
          c:n:w 7395.1829202
        b:e:c:n 2182.2422116
        b:e:c:w 1967.0249890
        b:e:n:w 2653.9222074
        b:c:n:w 2589.4912294
        e:c:n:w 55967.9024373
