########################################
# legofit: estimate population history #
#       version 2.3.4-4-g53f8760       #
########################################

# Program was compiled: Sep 21 2021 14:36:42
# Program was run: Wed Sep 22 16:12:45 2021

# cmd: legofit -1 -d 0 -t 32 --ptsPerDim 3 --stateOut b1boot43.state --tol 3e-6 -S 5000 bcf2.lgo ../../boot/boot43.opf
# Stage nOptItr nSimReps
#     0    5000        0
# algorithm          : deterministic
# ignoring probs <=  : 0
# Branch length floor: 0
# DE strategy        : 2
#    F               : 0.3
#    CR              : 0.8
#    tolerance       : 3e-06
# nthreads           : 32
# lgo input file     : bcf2.lgo
# site pat input file: ../../boot/boot43.opf
# free parameters    : 15
# points in DE swarm : 45
# output state file  : b1boot43.state
# Including singleton site patterns.
# cost function      : KL
Initial parameter values
Fixed:
      zero = 0
       one = 1
    Tbecnw = 75200
Free:
       pc1 = 0
       pc2 = 0
       pc3 = 0
       pc4 = 0
       pc5 = 0
       pc6 = 0
       pc7 = 0
       pc8 = 0
       pc9 = 0
      pc10 = 0
      pc11 = 0
      pc12 = 0
      pc13 = 0
      pc14 = 0
      pc15 = 0
Constrained:
     Tecnw = 39652.5
       Tnw = 8847.14
       Tec = 9151.58
     twoNb = 1.50007e+06
     twoNe = 52448.9
     twoNc = 332003
     twoNn = 214829
     twoNw = 1.36231e+06
    twoNec = 286490
    twoNnw = 102659
  twoNecnw = 31376.5
  twoNbecnw = 76631.1
        m2 = 0.00730134
        m3 = 0.247078
        m6 = 3.34139e-05
        Tb = 24402
        Tc = 4423.57
        Tf = 2211.79
DiffEv reached_goal. cost=2.99449e-03 spread=2.95743e-06
Fitted parameter values
Free:
       pc1 = 3.94056
       pc2 = -1.93638
       pc3 = -1.28326
       pc4 = 1.74027
       pc5 = -1.73321
       pc6 = 0.0277292
       pc7 = 1.98482
       pc8 = -0.943385
       pc9 = -0.536545
      pc10 = -0.236664
      pc11 = 0.211411
      pc12 = -0.165665
      pc13 = -0.0612445
      pc14 = -0.0359845
      pc15 = 0.0149566
Constrained:
     Tecnw = 40070.3
       Tnw = 2538.34
       Tec = 2320.08
     twoNb = 2.8826e+06
     twoNe = 16528.3
     twoNc = 287515
     twoNn = 263862
     twoNw = 1.24223e+06
    twoNec = 329809
    twoNnw = 131671
  twoNecnw = 30219.9
  twoNbecnw = 75843.2
        m2 = 0.0186067
        m3 = 0.268494
        m6 = 7.80152e-06
        Tb = 21195.2
        Tc = 1269.17
        Tf = 634.586
#       SitePat  BranchLen
              b 136950.8267286
              e 54010.6111926
              c 54976.9119956
              n 48759.0401304
              w 51796.1411781
            b:e 2627.0593602
            b:c 2690.8567664
            b:n 1978.5083832
            b:w 2185.9443863
            e:c 10841.9287460
            e:n 6208.0516042
            e:w 4561.0639729
            c:n 5241.6343358
            c:w 4762.5451032
            n:w 13599.9742835
          b:e:c 2209.0518777
          b:e:n 1230.9893338
          b:e:w 1166.4982253
          b:c:n 1167.1738281
          b:c:w 1229.8473669
          b:n:w 2204.5000111
          e:c:n 6477.8990237
          e:c:w 5576.4188908
          e:n:w 7616.7410234
          c:n:w 7415.3766359
        b:e:c:n 2188.7445991
        b:e:c:w 1973.5821147
        b:e:n:w 2663.3380918
        b:c:n:w 2600.0067723
        e:c:n:w 55714.9497893
