########################################
# legofit: estimate population history #
#       version 2.3.4-4-g53f8760       #
########################################

# Program was compiled: Sep 21 2021 14:36:42
# Program was run: Wed Sep 22 16:12:50 2021

# cmd: legofit -1 -d 0 -t 32 --ptsPerDim 3 --stateOut b1boot48.state --tol 3e-6 -S 5000 bcf2.lgo ../../boot/boot48.opf
# Stage nOptItr nSimReps
#     0    5000        0
# algorithm          : deterministic
# ignoring probs <=  : 0
# Branch length floor: 0
# DE strategy        : 2
#    F               : 0.3
#    CR              : 0.8
#    tolerance       : 3e-06
# nthreads           : 32
# lgo input file     : bcf2.lgo
# site pat input file: ../../boot/boot48.opf
# free parameters    : 15
# points in DE swarm : 45
# output state file  : b1boot48.state
# Including singleton site patterns.
# cost function      : KL
Initial parameter values
Fixed:
      zero = 0
       one = 1
    Tbecnw = 75200
Free:
       pc1 = 0
       pc2 = 0
       pc3 = 0
       pc4 = 0
       pc5 = 0
       pc6 = 0
       pc7 = 0
       pc8 = 0
       pc9 = 0
      pc10 = 0
      pc11 = 0
      pc12 = 0
      pc13 = 0
      pc14 = 0
      pc15 = 0
Constrained:
     Tecnw = 39652.5
       Tnw = 8847.14
       Tec = 9151.58
     twoNb = 1.50007e+06
     twoNe = 52448.9
     twoNc = 332003
     twoNn = 214829
     twoNw = 1.36231e+06
    twoNec = 286490
    twoNnw = 102659
  twoNecnw = 31376.5
  twoNbecnw = 76631.1
        m2 = 0.00730134
        m3 = 0.247078
        m6 = 3.34139e-05
        Tb = 24402
        Tc = 4423.57
        Tf = 2211.79
DiffEv reached_goal. cost=3.00728e-03 spread=2.12431e-06
Fitted parameter values
Free:
       pc1 = 3.98883
       pc2 = -1.97955
       pc3 = -1.75273
       pc4 = 1.36702
       pc5 = -1.82034
       pc6 = -0.781049
       pc7 = 1.99455
       pc8 = -1.27443
       pc9 = -1.244
      pc10 = -0.69461
      pc11 = 0.15417
      pc12 = -0.110184
      pc13 = -0.0861212
      pc14 = 0.0462575
      pc15 = -0.0355461
Constrained:
     Tecnw = 39990.9
       Tnw = 2537.43
       Tec = 2149.42
     twoNb = 3.31702e+06
     twoNe = 12505.3
     twoNc = 238196
     twoNn = 159592
     twoNw = 667989
    twoNec = 329830
    twoNnw = 134961
  twoNecnw = 30241.5
  twoNbecnw = 75921.1
        m2 = 0.0188239
        m3 = 0.256002
        m6 = 8.506e-06
        Tb = 21070.2
        Tc = 1268.72
        Tf = 634.359
#       SitePat  BranchLen
              b 137033.6324654
              e 53927.7920201
              c 54945.2169835
              n 48778.5465221
              w 51769.6758175
            b:e 2623.4607328
            b:c 2690.5715262
            b:n 1980.5386012
            b:w 2184.6239956
            e:c 10862.8990455
            e:n 6226.6306073
            e:w 4562.3729887
            c:n 5209.0806487
            c:w 4774.6248231
            n:w 13567.8046202
          b:e:c 2208.0633342
          b:e:n 1232.4209443
          b:e:w 1164.7250643
          b:c:n 1165.2907338
          b:c:w 1231.4215772
          b:n:w 2204.0256346
          e:c:n 6477.3219964
          e:c:w 5592.9449475
          e:n:w 7626.0663158
          c:n:w 7413.9397436
        b:e:c:n 2187.0766662
        b:e:c:w 1976.5175062
        b:e:n:w 2666.2264980
        b:c:n:w 2599.5491351
        e:c:n:w 55813.6257479
