########################################
# legofit: estimate population history #
#       version 2.3.4-4-g53f8760       #
########################################

# Program was compiled: Sep 21 2021 14:36:42
# Program was run: Wed Sep 22 16:12:32 2021

# cmd: legofit -1 -d 0 -t 32 --ptsPerDim 3 --stateOut b1boot35.state --tol 3e-6 -S 5000 bcf2.lgo ../../boot/boot35.opf
# Stage nOptItr nSimReps
#     0    5000        0
# algorithm          : deterministic
# ignoring probs <=  : 0
# Branch length floor: 0
# DE strategy        : 2
#    F               : 0.3
#    CR              : 0.8
#    tolerance       : 3e-06
# nthreads           : 32
# lgo input file     : bcf2.lgo
# site pat input file: ../../boot/boot35.opf
# free parameters    : 15
# points in DE swarm : 45
# output state file  : b1boot35.state
# Including singleton site patterns.
# cost function      : KL
Initial parameter values
Fixed:
      zero = 0
       one = 1
    Tbecnw = 75200
Free:
       pc1 = 0
       pc2 = 0
       pc3 = 0
       pc4 = 0
       pc5 = 0
       pc6 = 0
       pc7 = 0
       pc8 = 0
       pc9 = 0
      pc10 = 0
      pc11 = 0
      pc12 = 0
      pc13 = 0
      pc14 = 0
      pc15 = 0
Constrained:
     Tecnw = 39652.5
       Tnw = 8847.14
       Tec = 9151.58
     twoNb = 1.50007e+06
     twoNe = 52448.9
     twoNc = 332003
     twoNn = 214829
     twoNw = 1.36231e+06
    twoNec = 286490
    twoNnw = 102659
  twoNecnw = 31376.5
  twoNbecnw = 76631.1
        m2 = 0.00730134
        m3 = 0.247078
        m6 = 3.34139e-05
        Tb = 24402
        Tc = 4423.57
        Tf = 2211.79
DiffEv reached_goal. cost=2.96821e-03 spread=2.73642e-06
Fitted parameter values
Free:
       pc1 = 3.98392
       pc2 = -1.96572
       pc3 = -1.50535
       pc4 = 1.72232
       pc5 = -1.92712
       pc6 = -0.11482
       pc7 = 1.94504
       pc8 = -0.566343
       pc9 = -0.825008
      pc10 = -0.517008
      pc11 = 0.297251
      pc12 = -0.0779153
      pc13 = -0.0886144
      pc14 = -0.00961774
      pc15 = 0.0297352
Constrained:
     Tecnw = 40021.4
       Tnw = 2455.32
       Tec = 1994.69
     twoNb = 2.98922e+06
     twoNe = 10797.6
     twoNc = 391480
     twoNn = 246001
     twoNw = 1.18056e+06
    twoNec = 335487
    twoNnw = 133234
  twoNecnw = 30206.5
  twoNbecnw = 75805.8
        m2 = 0.0183287
        m3 = 0.258592
        m6 = 5.03861e-06
        Tb = 21008
        Tc = 1227.66
        Tf = 613.831
#       SitePat  BranchLen
              b 136959.6747765
              e 53928.2400585
              c 54966.5162629
              n 48670.9609151
              w 51688.0822468
            b:e 2617.9530580
            b:c 2686.1653072
            b:n 1969.6226934
            b:w 2174.8783003
            e:c 10829.3637246
            e:n 6235.8075249
            e:w 4548.9315153
            c:n 5197.4568367
            c:w 4764.8262683
            n:w 13620.1502272
          b:e:c 2204.3190056
          b:e:n 1229.3631049
          b:e:w 1160.5265214
          b:c:n 1161.1393136
          b:c:w 1228.2727411
          b:n:w 2199.9831637
          e:c:n 6454.0599710
          e:c:w 5565.2144703
          e:n:w 7624.1441590
          c:n:w 7408.3240607
        b:e:c:n 2177.5225554
        b:e:c:w 1965.2008516
        b:e:n:w 2659.8468433
        b:c:n:w 2592.1119949
        e:c:n:w 55786.0868671
