########################################
# legofit: estimate population history #
#       version 2.3.4-4-g53f8760       #
########################################

# Program was compiled: Sep 21 2021 14:36:42
# Program was run: Wed Sep 22 16:11:55 2021

# cmd: legofit -1 -d 0 -t 32 --ptsPerDim 3 --stateOut b1boot6.state --tol 3e-6 -S 5000 bcf2.lgo ../../boot/boot6.opf
# Stage nOptItr nSimReps
#     0    5000        0
# algorithm          : deterministic
# ignoring probs <=  : 0
# Branch length floor: 0
# DE strategy        : 2
#    F               : 0.3
#    CR              : 0.8
#    tolerance       : 3e-06
# nthreads           : 32
# lgo input file     : bcf2.lgo
# site pat input file: ../../boot/boot6.opf
# free parameters    : 15
# points in DE swarm : 45
# output state file  : b1boot6.state
# Including singleton site patterns.
# cost function      : KL
Initial parameter values
Fixed:
      zero = 0
       one = 1
    Tbecnw = 75200
Free:
       pc1 = 0
       pc2 = 0
       pc3 = 0
       pc4 = 0
       pc5 = 0
       pc6 = 0
       pc7 = 0
       pc8 = 0
       pc9 = 0
      pc10 = 0
      pc11 = 0
      pc12 = 0
      pc13 = 0
      pc14 = 0
      pc15 = 0
Constrained:
     Tecnw = 39652.5
       Tnw = 8847.14
       Tec = 9151.58
     twoNb = 1.50007e+06
     twoNe = 52448.9
     twoNc = 332003
     twoNn = 214829
     twoNw = 1.36231e+06
    twoNec = 286490
    twoNnw = 102659
  twoNecnw = 31376.5
  twoNbecnw = 76631.1
        m2 = 0.00730134
        m3 = 0.247078
        m6 = 3.34139e-05
        Tb = 24402
        Tc = 4423.57
        Tf = 2211.79
DiffEv reached_goal. cost=2.96704e-03 spread=2.82524e-06
Fitted parameter values
Free:
       pc1 = 3.99452
       pc2 = -1.9789
       pc3 = -1.84886
       pc4 = 1.80875
       pc5 = -1.78489
       pc6 = 0.83629
       pc7 = 1.92283
       pc8 = -0.551971
       pc9 = -0.545422
      pc10 = -0.388617
      pc11 = 0.388254
      pc12 = -0.0837702
      pc13 = -0.0901026
      pc14 = 0.0863818
      pc15 = -0.0587953
Constrained:
     Tecnw = 39991.3
       Tnw = 2038.76
       Tec = 1772.88
     twoNb = 2.53039e+06
     twoNe = 11754
     twoNc = 267102
     twoNn = 267341
     twoNw = 1.61942e+06
    twoNec = 335241
    twoNnw = 136930
  twoNecnw = 30120.6
  twoNbecnw = 75665.9
        m2 = 0.0181016
        m3 = 0.257095
        m6 = 5.61324e-07
        Tb = 20882.1
        Tc = 1019.38
        Tf = 509.689
#       SitePat  BranchLen
              b 136893.4378171
              e 53868.0575442
              c 54803.8724764
              n 48729.8649102
              w 51654.2212992
            b:e 2603.0632984
            b:c 2664.0960177
            b:n 1968.1998608
            b:w 2165.3352412
            e:c 10832.4737423
            e:n 6144.3747264
            e:w 4554.2058686
            c:n 5208.5516299
            c:w 4747.7768089
            n:w 13547.6836651
          b:e:c 2189.4901041
          b:e:n 1220.1122263
          b:e:w 1158.3622713
          b:c:n 1159.0782457
          b:c:w 1218.8942540
          b:n:w 2184.4371459
          e:c:n 6442.5280516
          e:c:w 5579.2876641
          e:n:w 7570.8814391
          c:n:w 7377.3186853
        b:e:c:n 2168.4034790
        b:e:c:w 1963.0297226
        b:e:n:w 2633.3668163
        b:c:n:w 2572.8360728
        e:c:n:w 55834.5056188
