########################################
# legofit: estimate population history #
#       version 2.3.4-4-g53f8760       #
########################################

# Program was compiled: Sep 21 2021 14:36:42
# Program was run: Wed Sep 22 16:12:25 2021

# cmd: legofit -1 -d 0 -t 32 --ptsPerDim 3 --stateOut b1boot29.state --tol 3e-6 -S 5000 bcf2.lgo ../../boot/boot29.opf
# Stage nOptItr nSimReps
#     0    5000        0
# algorithm          : deterministic
# ignoring probs <=  : 0
# Branch length floor: 0
# DE strategy        : 2
#    F               : 0.3
#    CR              : 0.8
#    tolerance       : 3e-06
# nthreads           : 32
# lgo input file     : bcf2.lgo
# site pat input file: ../../boot/boot29.opf
# free parameters    : 15
# points in DE swarm : 45
# output state file  : b1boot29.state
# Including singleton site patterns.
# cost function      : KL
Initial parameter values
Fixed:
      zero = 0
       one = 1
    Tbecnw = 75200
Free:
       pc1 = 0
       pc2 = 0
       pc3 = 0
       pc4 = 0
       pc5 = 0
       pc6 = 0
       pc7 = 0
       pc8 = 0
       pc9 = 0
      pc10 = 0
      pc11 = 0
      pc12 = 0
      pc13 = 0
      pc14 = 0
      pc15 = 0
Constrained:
     Tecnw = 39652.5
       Tnw = 8847.14
       Tec = 9151.58
     twoNb = 1.50007e+06
     twoNe = 52448.9
     twoNc = 332003
     twoNn = 214829
     twoNw = 1.36231e+06
    twoNec = 286490
    twoNnw = 102659
  twoNecnw = 31376.5
  twoNbecnw = 76631.1
        m2 = 0.00730134
        m3 = 0.247078
        m6 = 3.34139e-05
        Tb = 24402
        Tc = 4423.57
        Tf = 2211.79
DiffEv reached_goal. cost=2.97915e-03 spread=2.99763e-06
Fitted parameter values
Free:
       pc1 = 3.99992
       pc2 = -1.9874
       pc3 = -1.87233
       pc4 = 1.53756
       pc5 = -1.92264
       pc6 = -0.13477
       pc7 = 1.93396
       pc8 = -1.58928
       pc9 = -0.388057
      pc10 = -1.02233
      pc11 = 0.278859
      pc12 = 0.0222224
      pc13 = -0.118075
      pc14 = 0.0633977
      pc15 = 0.0281631
Constrained:
     Tecnw = 39995
       Tnw = 2823.5
       Tec = 2230.22
     twoNb = 2.77512e+06
     twoNe = 11521.3
     twoNc = 107691
     twoNn = 273577
     twoNw = 889472
    twoNec = 325911
    twoNnw = 133554
  twoNecnw = 29964.1
  twoNbecnw = 75852.8
        m2 = 0.0208143
        m3 = 0.254335
        m6 = 3.16465e-06
        Tb = 21112.6
        Tc = 1411.75
        Tf = 705.876
#       SitePat  BranchLen
              b 137032.8356787
              e 53896.5339542
              c 54912.6274519
              n 48705.2890906
              w 51664.4720639
            b:e 2633.1055896
            b:c 2700.2781316
            b:n 1964.1956137
            b:w 2157.2165558
            e:c 10822.5008156
            e:n 6181.6951797
            e:w 4524.1294935
            c:n 5165.5551825
            c:w 4736.3409698
            n:w 13531.4847130
          b:e:c 2191.7535680
          b:e:n 1218.6748032
          b:e:w 1150.7483323
          b:c:n 1151.4949629
          b:c:w 1217.3554454
          b:n:w 2186.4130469
          e:c:n 6419.9920472
          e:c:w 5558.1116478
          e:n:w 7641.9623711
          c:n:w 7429.7975252
        b:e:c:n 2160.4118544
        b:e:c:w 1958.9342259
        b:e:n:w 2668.1874377
        b:c:n:w 2601.5874920
        e:c:n:w 55966.4514179
