########################################
# legofit: estimate population history #
#       version 2.3.4-4-g53f8760       #
########################################

# Program was compiled: Sep 21 2021 14:36:42
# Program was run: Wed Sep 22 16:11:57 2021

# cmd: legofit -1 -d 0 -t 32 --ptsPerDim 3 --stateOut b1boot8.state --tol 3e-6 -S 5000 bcf2.lgo ../../boot/boot8.opf
# Stage nOptItr nSimReps
#     0    5000        0
# algorithm          : deterministic
# ignoring probs <=  : 0
# Branch length floor: 0
# DE strategy        : 2
#    F               : 0.3
#    CR              : 0.8
#    tolerance       : 3e-06
# nthreads           : 32
# lgo input file     : bcf2.lgo
# site pat input file: ../../boot/boot8.opf
# free parameters    : 15
# points in DE swarm : 45
# output state file  : b1boot8.state
# Including singleton site patterns.
# cost function      : KL
Initial parameter values
Fixed:
      zero = 0
       one = 1
    Tbecnw = 75200
Free:
       pc1 = 0
       pc2 = 0
       pc3 = 0
       pc4 = 0
       pc5 = 0
       pc6 = 0
       pc7 = 0
       pc8 = 0
       pc9 = 0
      pc10 = 0
      pc11 = 0
      pc12 = 0
      pc13 = 0
      pc14 = 0
      pc15 = 0
Constrained:
     Tecnw = 39652.5
       Tnw = 8847.14
       Tec = 9151.58
     twoNb = 1.50007e+06
     twoNe = 52448.9
     twoNc = 332003
     twoNn = 214829
     twoNw = 1.36231e+06
    twoNec = 286490
    twoNnw = 102659
  twoNecnw = 31376.5
  twoNbecnw = 76631.1
        m2 = 0.00730134
        m3 = 0.247078
        m6 = 3.34139e-05
        Tb = 24402
        Tc = 4423.57
        Tf = 2211.79
DiffEv reached_goal. cost=2.97135e-03 spread=2.35430e-06
Fitted parameter values
Free:
       pc1 = 3.99659
       pc2 = -1.98492
       pc3 = -1.98168
       pc4 = 1.91347
       pc5 = -1.94524
       pc6 = -0.592365
       pc7 = 1.98675
       pc8 = -0.893882
       pc9 = -1.06497
      pc10 = -0.259533
      pc11 = 0.619488
      pc12 = -0.0642414
      pc13 = -0.123016
      pc14 = 0.00495577
      pc15 = -0.00181728
Constrained:
     Tecnw = 40014.1
       Tnw = 2120.28
       Tec = 1819.15
     twoNb = 3.06365e+06
     twoNe = 11019
     twoNc = 358530
     twoNn = 160538
     twoNw = 857023
    twoNec = 334544
    twoNnw = 134601
  twoNecnw = 30143.6
  twoNbecnw = 75365.6
        m2 = 0.0183159
        m3 = 0.260861
        m6 = 1.67586e-06
        Tb = 20916.6
        Tc = 1060.14
        Tf = 530.07
#       SitePat  BranchLen
              b 136637.4868820
              e 53821.2326369
              c 54838.6480980
              n 48601.3927583
              w 51631.6201731
            b:e 2593.7757256
            b:c 2659.9692504
            b:n 1955.6099434
            b:w 2160.2892379
            e:c 10817.2865845
            e:n 6210.5149911
            e:w 4531.7794616
            c:n 5193.0747528
            c:w 4742.0056333
            n:w 13581.0239541
          b:e:c 2184.8672901
          b:e:n 1218.6163521
          b:e:w 1151.8153889
          b:c:n 1152.4190212
          b:c:w 1217.5574616
          b:n:w 2180.6545592
          e:c:n 6437.2283082
          e:c:w 5545.4138329
          e:n:w 7574.8136737
          c:n:w 7364.6123345
        b:e:c:n 2162.8571800
        b:e:c:w 1951.2321178
        b:e:n:w 2634.3540366
        b:c:n:w 2568.6157147
        e:c:n:w 55594.3325817
