########################################
# legofit: estimate population history #
#       version 2.3.4-4-g53f8760       #
########################################

# Program was compiled: Sep 21 2021 14:36:42
# Program was run: Wed Sep 22 16:12:18 2021

# cmd: legofit -1 -d 0 -t 32 --ptsPerDim 3 --stateOut b1boot22.state --tol 3e-6 -S 5000 bcf2.lgo ../../boot/boot22.opf
# Stage nOptItr nSimReps
#     0    5000        0
# algorithm          : deterministic
# ignoring probs <=  : 0
# Branch length floor: 0
# DE strategy        : 2
#    F               : 0.3
#    CR              : 0.8
#    tolerance       : 3e-06
# nthreads           : 32
# lgo input file     : bcf2.lgo
# site pat input file: ../../boot/boot22.opf
# free parameters    : 15
# points in DE swarm : 45
# output state file  : b1boot22.state
# Including singleton site patterns.
# cost function      : KL
Initial parameter values
Fixed:
      zero = 0
       one = 1
    Tbecnw = 75200
Free:
       pc1 = 0
       pc2 = 0
       pc3 = 0
       pc4 = 0
       pc5 = 0
       pc6 = 0
       pc7 = 0
       pc8 = 0
       pc9 = 0
      pc10 = 0
      pc11 = 0
      pc12 = 0
      pc13 = 0
      pc14 = 0
      pc15 = 0
Constrained:
     Tecnw = 39652.5
       Tnw = 8847.14
       Tec = 9151.58
     twoNb = 1.50007e+06
     twoNe = 52448.9
     twoNc = 332003
     twoNn = 214829
     twoNw = 1.36231e+06
    twoNec = 286490
    twoNnw = 102659
  twoNecnw = 31376.5
  twoNbecnw = 76631.1
        m2 = 0.00730134
        m3 = 0.247078
        m6 = 3.34139e-05
        Tb = 24402
        Tc = 4423.57
        Tf = 2211.79
DiffEv reached_goal. cost=2.96532e-03 spread=2.65226e-06
Fitted parameter values
Free:
       pc1 = 3.99442
       pc2 = -1.90936
       pc3 = -1.64316
       pc4 = 1.14198
       pc5 = -1.95532
       pc6 = 0.202451
       pc7 = 1.94299
       pc8 = -1.33977
       pc9 = -0.639006
      pc10 = -0.486085
      pc11 = -0.013498
      pc12 = -0.125713
      pc13 = -0.0932458
      pc14 = 0.133204
      pc15 = 0.00128524
Constrained:
     Tecnw = 39958.2
       Tnw = 2079.8
       Tec = 2198.02
     twoNb = 2.88652e+06
     twoNe = 16918.1
     twoNc = 97821.4
     twoNn = 307139
     twoNw = 1.07579e+06
    twoNec = 328728
    twoNnw = 135954
  twoNecnw = 30207.7
  twoNbecnw = 76037.1
        m2 = 0.0184258
        m3 = 0.258233
        m6 = 1.01866e-05
        Tb = 21078.1
        Tc = 1039.9
        Tf = 519.95
#       SitePat  BranchLen
              b 137168.5076612
              e 53867.7335996
              c 54866.5555376
              n 48686.3759784
              w 51682.6828979
            b:e 2618.8333496
            b:c 2684.5773774
            b:n 1978.4869128
            b:w 2183.2364867
            e:c 10862.3119504
            e:n 6214.1960839
            e:w 4561.5902860
            c:n 5215.2245318
            c:w 4769.7202524
            n:w 13602.6946443
          b:e:c 2206.0604107
          b:e:n 1230.2137505
          b:e:w 1163.8043022
          b:c:n 1164.4465364
          b:c:w 1229.0926079
          b:n:w 2201.5291584
          e:c:n 6483.1054787
          e:c:w 5594.0282693
          e:n:w 7615.5448354
          c:n:w 7407.5648428
        b:e:c:n 2185.9926607
        b:e:c:w 1973.8868307
        b:e:n:w 2657.1918727
        b:c:n:w 2591.9263936
        e:c:n:w 56003.2926313
