########################################
# legofit: estimate population history #
#       version 2.3.4-4-g53f8760       #
########################################

# Program was compiled: Sep 21 2021 14:36:42
# Program was run: Wed Sep 22 16:12:45 2021

# cmd: legofit -1 -d 0 -t 32 --ptsPerDim 3 --stateOut b1boot44.state --tol 3e-6 -S 5000 bcf2.lgo ../../boot/boot44.opf
# Stage nOptItr nSimReps
#     0    5000        0
# algorithm          : deterministic
# ignoring probs <=  : 0
# Branch length floor: 0
# DE strategy        : 2
#    F               : 0.3
#    CR              : 0.8
#    tolerance       : 3e-06
# nthreads           : 32
# lgo input file     : bcf2.lgo
# site pat input file: ../../boot/boot44.opf
# free parameters    : 15
# points in DE swarm : 45
# output state file  : b1boot44.state
# Including singleton site patterns.
# cost function      : KL
Initial parameter values
Fixed:
      zero = 0
       one = 1
    Tbecnw = 75200
Free:
       pc1 = 0
       pc2 = 0
       pc3 = 0
       pc4 = 0
       pc5 = 0
       pc6 = 0
       pc7 = 0
       pc8 = 0
       pc9 = 0
      pc10 = 0
      pc11 = 0
      pc12 = 0
      pc13 = 0
      pc14 = 0
      pc15 = 0
Constrained:
     Tecnw = 39652.5
       Tnw = 8847.14
       Tec = 9151.58
     twoNb = 1.50007e+06
     twoNe = 52448.9
     twoNc = 332003
     twoNn = 214829
     twoNw = 1.36231e+06
    twoNec = 286490
    twoNnw = 102659
  twoNecnw = 31376.5
  twoNbecnw = 76631.1
        m2 = 0.00730134
        m3 = 0.247078
        m6 = 3.34139e-05
        Tb = 24402
        Tc = 4423.57
        Tf = 2211.79
DiffEv reached_goal. cost=2.96514e-03 spread=2.91777e-06
Fitted parameter values
Free:
       pc1 = 3.99726
       pc2 = -1.96156
       pc3 = -1.6926
       pc4 = 1.47061
       pc5 = -1.84601
       pc6 = -0.039143
       pc7 = 1.98402
       pc8 = -1.01928
       pc9 = -0.868693
      pc10 = -0.477263
      pc11 = 0.221166
      pc12 = -0.133834
      pc13 = -0.0537252
      pc14 = -0.00609612
      pc15 = -0.0336544
Constrained:
     Tecnw = 40038.2
       Tnw = 2276.77
       Tec = 2088.29
     twoNb = 2.98762e+06
     twoNe = 13776
     twoNc = 229292
     twoNn = 233855
     twoNw = 1.08964e+06
    twoNec = 332424
    twoNnw = 135448
  twoNecnw = 30232.6
  twoNbecnw = 75832.9
        m2 = 0.0184525
        m3 = 0.258263
        m6 = 7.16943e-06
        Tb = 21063.2
        Tc = 1138.38
        Tf = 569.191
#       SitePat  BranchLen
              b 136953.8983125
              e 53958.5673643
              c 54966.3889514
              n 48772.1870247
              w 51770.0599403
            b:e 2621.0503982
            b:c 2687.3437980
            b:n 1979.2931180
            b:w 2183.8850637
            e:c 10849.2504485
            e:n 6222.5752347
            e:w 4562.3478714
            c:n 5214.6483646
            c:w 4771.9404322
            n:w 13590.4718175
          b:e:c 2206.7514819
          b:e:n 1232.1766684
          b:e:w 1165.2476267
          b:c:n 1165.8669375
          b:c:w 1231.0913685
          b:n:w 2202.3753886
          e:c:n 6472.8341576
          e:c:w 5586.7095056
          e:n:w 7614.3660154
          c:n:w 7404.8789823
        b:e:c:n 2186.5546493
        b:e:c:w 1974.8543463
        b:e:n:w 2660.8850652
        b:c:n:w 2595.0574098
        e:c:n:w 55732.1607992
