########################################
# legofit: estimate population history #
#       version 2.3.4-4-g53f8760       #
########################################

# Program was compiled: Sep 21 2021 14:36:42
# Program was run: Wed Sep 22 16:12:08 2021

# cmd: legofit -1 -d 0 -t 32 --ptsPerDim 3 --stateOut b1boot16.state --tol 3e-6 -S 5000 bcf2.lgo ../../boot/boot16.opf
# Stage nOptItr nSimReps
#     0    5000        0
# algorithm          : deterministic
# ignoring probs <=  : 0
# Branch length floor: 0
# DE strategy        : 2
#    F               : 0.3
#    CR              : 0.8
#    tolerance       : 3e-06
# nthreads           : 32
# lgo input file     : bcf2.lgo
# site pat input file: ../../boot/boot16.opf
# free parameters    : 15
# points in DE swarm : 45
# output state file  : b1boot16.state
# Including singleton site patterns.
# cost function      : KL
Initial parameter values
Fixed:
      zero = 0
       one = 1
    Tbecnw = 75200
Free:
       pc1 = 0
       pc2 = 0
       pc3 = 0
       pc4 = 0
       pc5 = 0
       pc6 = 0
       pc7 = 0
       pc8 = 0
       pc9 = 0
      pc10 = 0
      pc11 = 0
      pc12 = 0
      pc13 = 0
      pc14 = 0
      pc15 = 0
Constrained:
     Tecnw = 39652.5
       Tnw = 8847.14
       Tec = 9151.58
     twoNb = 1.50007e+06
     twoNe = 52448.9
     twoNc = 332003
     twoNn = 214829
     twoNw = 1.36231e+06
    twoNec = 286490
    twoNnw = 102659
  twoNecnw = 31376.5
  twoNbecnw = 76631.1
        m2 = 0.00730134
        m3 = 0.247078
        m6 = 3.34139e-05
        Tb = 24402
        Tc = 4423.57
        Tf = 2211.79
DiffEv reached_goal. cost=2.93381e-03 spread=2.10285e-06
Fitted parameter values
Free:
       pc1 = 3.98819
       pc2 = -1.99822
       pc3 = -1.95204
       pc4 = 1.37973
       pc5 = -1.79262
       pc6 = 0.0184136
       pc7 = 1.99638
       pc8 = -1.51919
       pc9 = -1.11541
      pc10 = -0.524973
      pc11 = 0.251515
      pc12 = 0.036776
      pc13 = -0.133605
      pc14 = 0.067078
      pc15 = -0.0380458
Constrained:
     Tecnw = 39967.1
       Tnw = 1986.04
       Tec = 2264.73
     twoNb = 3.07907e+06
     twoNe = 17563.6
     twoNc = 76418.5
     twoNn = 190073
     twoNw = 979873
    twoNec = 332245
    twoNnw = 136879
  twoNecnw = 30113.4
  twoNbecnw = 75791.4
        m2 = 0.0186392
        m3 = 0.255135
        m6 = 2.48857e-06
        Tb = 21115.9
        Tc = 993.018
        Tf = 496.509
#       SitePat  BranchLen
              b 137003.1111669
              e 53861.5583291
              c 54903.3290597
              n 48634.4360744
              w 51613.4082945
            b:e 2607.5892316
            b:c 2675.8838901
            b:n 1964.6883926
            b:w 2165.9314920
            e:c 10783.1251120
            e:n 6221.7299273
            e:w 4545.2947060
            c:n 5179.9227804
            c:w 4761.9200948
            n:w 13575.1602403
          b:e:c 2189.7440540
          b:e:n 1225.0841245
          b:e:w 1156.1889323
          b:c:n 1156.7838445
          b:c:w 1224.0162075
          b:n:w 2185.4781123
          e:c:n 6443.8622631
          e:c:w 5567.8492630
          e:n:w 7609.7750854
          c:n:w 7393.1861961
        b:e:c:n 2168.5221024
        b:e:c:w 1960.4205191
        b:e:n:w 2649.9362435
        b:c:n:w 2582.1145065
        e:c:n:w 55924.8129266
