########################################
# legofit: estimate population history #
#       version 2.3.4-4-g53f8760       #
########################################

# Program was compiled: Sep 21 2021 14:36:42
# Program was run: Wed Sep 22 16:12:32 2021

# cmd: legofit -1 -d 0 -t 32 --ptsPerDim 3 --stateOut b1boot31.state --tol 3e-6 -S 5000 bcf2.lgo ../../boot/boot31.opf
# Stage nOptItr nSimReps
#     0    5000        0
# algorithm          : deterministic
# ignoring probs <=  : 0
# Branch length floor: 0
# DE strategy        : 2
#    F               : 0.3
#    CR              : 0.8
#    tolerance       : 3e-06
# nthreads           : 32
# lgo input file     : bcf2.lgo
# site pat input file: ../../boot/boot31.opf
# free parameters    : 15
# points in DE swarm : 45
# output state file  : b1boot31.state
# Including singleton site patterns.
# cost function      : KL
Initial parameter values
Fixed:
      zero = 0
       one = 1
    Tbecnw = 75200
Free:
       pc1 = 0
       pc2 = 0
       pc3 = 0
       pc4 = 0
       pc5 = 0
       pc6 = 0
       pc7 = 0
       pc8 = 0
       pc9 = 0
      pc10 = 0
      pc11 = 0
      pc12 = 0
      pc13 = 0
      pc14 = 0
      pc15 = 0
Constrained:
     Tecnw = 39652.5
       Tnw = 8847.14
       Tec = 9151.58
     twoNb = 1.50007e+06
     twoNe = 52448.9
     twoNc = 332003
     twoNn = 214829
     twoNw = 1.36231e+06
    twoNec = 286490
    twoNnw = 102659
  twoNecnw = 31376.5
  twoNbecnw = 76631.1
        m2 = 0.00730134
        m3 = 0.247078
        m6 = 3.34139e-05
        Tb = 24402
        Tc = 4423.57
        Tf = 2211.79
DiffEv reached_goal. cost=2.96180e-03 spread=2.67591e-06
Fitted parameter values
Free:
       pc1 = 3.98943
       pc2 = -1.9023
       pc3 = -1.55035
       pc4 = 1.59208
       pc5 = -1.99727
       pc6 = 1.68657
       pc7 = 1.98052
       pc8 = -0.36723
       pc9 = -0.357945
      pc10 = -0.294872
      pc11 = -0.112802
      pc12 = -0.206442
      pc13 = -0.0160147
      pc14 = -0.00202304
      pc15 = -0.0465377
Constrained:
     Tecnw = 39945.7
       Tnw = 1587.72
       Tec = 1746.72
     twoNb = 2.42164e+06
     twoNe = 14297.4
     twoNc = 204782
     twoNn = 395112
     twoNw = 2.0384e+06
    twoNec = 340281
    twoNnw = 138390
  twoNecnw = 30379.9
  twoNbecnw = 75993.1
        m2 = 0.017707
        m3 = 0.257861
        m6 = 5.00138e-07
        Tb = 20846.2
        Tc = 793.861
        Tf = 396.931
#       SitePat  BranchLen
              b 137058.1131888
              e 53965.3627363
              c 54944.9626761
              n 48740.5268915
              w 51696.6761124
            b:e 2629.9405107
            b:c 2694.2597929
            b:n 1990.1556646
            b:w 2191.8525002
            e:c 10846.3447757
            e:n 6223.0292350
            e:w 4595.2699583
            c:n 5243.4219801
            c:w 4798.4614716
            n:w 13643.2934336
          b:e:c 2212.0999527
          b:e:n 1238.9187337
          b:e:w 1173.8670351
          b:c:n 1174.5983194
          b:c:w 1237.6515454
          b:n:w 2206.9249558
          e:c:n 6486.3914993
          e:c:w 5613.4277324
          e:n:w 7626.4679109
          c:n:w 7423.2837329
        b:e:c:n 2195.0295087
        b:e:c:w 1984.8654768
        b:e:n:w 2662.7565986
        b:c:n:w 2598.9732002
        e:c:n:w 55796.2353194
