########################################
# legofit: estimate population history #
#       version 2.3.4-4-g53f8760       #
########################################

# Program was compiled: Sep 21 2021 14:36:42
# Program was run: Wed Sep 22 16:12:45 2021

# cmd: legofit -1 -d 0 -t 32 --ptsPerDim 3 --stateOut b1boot47.state --tol 3e-6 -S 5000 bcf2.lgo ../../boot/boot47.opf
# Stage nOptItr nSimReps
#     0    5000        0
# algorithm          : deterministic
# ignoring probs <=  : 0
# Branch length floor: 0
# DE strategy        : 2
#    F               : 0.3
#    CR              : 0.8
#    tolerance       : 3e-06
# nthreads           : 32
# lgo input file     : bcf2.lgo
# site pat input file: ../../boot/boot47.opf
# free parameters    : 15
# points in DE swarm : 45
# output state file  : b1boot47.state
# Including singleton site patterns.
# cost function      : KL
Initial parameter values
Fixed:
      zero = 0
       one = 1
    Tbecnw = 75200
Free:
       pc1 = 0
       pc2 = 0
       pc3 = 0
       pc4 = 0
       pc5 = 0
       pc6 = 0
       pc7 = 0
       pc8 = 0
       pc9 = 0
      pc10 = 0
      pc11 = 0
      pc12 = 0
      pc13 = 0
      pc14 = 0
      pc15 = 0
Constrained:
     Tecnw = 39652.5
       Tnw = 8847.14
       Tec = 9151.58
     twoNb = 1.50007e+06
     twoNe = 52448.9
     twoNc = 332003
     twoNn = 214829
     twoNw = 1.36231e+06
    twoNec = 286490
    twoNnw = 102659
  twoNecnw = 31376.5
  twoNbecnw = 76631.1
        m2 = 0.00730134
        m3 = 0.247078
        m6 = 3.34139e-05
        Tb = 24402
        Tc = 4423.57
        Tf = 2211.79
DiffEv reached_goal. cost=2.96784e-03 spread=2.51268e-06
Fitted parameter values
Free:
       pc1 = 3.99769
       pc2 = -1.93111
       pc3 = -1.99787
       pc4 = 1.50432
       pc5 = -1.96816
       pc6 = 0.261232
       pc7 = 1.97517
       pc8 = -0.522691
       pc9 = -0.980069
      pc10 = -0.854525
      pc11 = 0.368723
      pc12 = -0.0423155
      pc13 = -0.0465238
      pc14 = 0.0156794
      pc15 = -0.0367978
Constrained:
     Tecnw = 39993.3
       Tnw = 2335.65
       Tec = 1649.85
     twoNb = 2.88737e+06
     twoNe = 6130.09
     twoNc = 298000
     twoNn = 235095
     twoNw = 1.27254e+06
    twoNec = 338738
    twoNnw = 137226
  twoNecnw = 30203.4
  twoNbecnw = 75759
        m2 = 0.0182419
        m3 = 0.245628
        m6 = 2.7745e-06
        Tb = 20821.6
        Tc = 1167.82
        Tf = 583.912
#       SitePat  BranchLen
              b 136932.8106531
              e 53857.7439300
              c 54948.0851548
              n 48704.6777018
              w 51675.7652776
            b:e 2611.5095548
            b:c 2682.8541801
            b:n 1969.5843273
            b:w 2170.6401550
            e:c 10842.6876968
            e:n 6251.0991826
            e:w 4546.5647725
            c:n 5160.7178727
            c:w 4772.5597473
            n:w 13589.4646158
          b:e:c 2200.7450651
          b:e:n 1229.7548874
          b:e:w 1157.8074957
          b:c:n 1158.4040447
          b:c:w 1228.6407978
          b:n:w 2196.2500928
          e:c:n 6444.4832917
          e:c:w 5574.7015225
          e:n:w 7619.2455662
          c:n:w 7393.2907738
        b:e:c:n 2173.3490898
        b:e:c:w 1965.3906299
        b:e:n:w 2655.5884202
        b:c:n:w 2584.7612383
        e:c:n:w 55787.4195268
