########################################
# legofit: estimate population history #
#       version 2.3.4-4-g53f8760       #
########################################

# Program was compiled: Sep 21 2021 14:36:42
# Program was run: Wed Sep 22 16:11:57 2021

# cmd: legofit -1 -d 0 -t 32 --ptsPerDim 3 --stateOut b1boot7.state --tol 3e-6 -S 5000 bcf2.lgo ../../boot/boot7.opf
# Stage nOptItr nSimReps
#     0    5000        0
# algorithm          : deterministic
# ignoring probs <=  : 0
# Branch length floor: 0
# DE strategy        : 2
#    F               : 0.3
#    CR              : 0.8
#    tolerance       : 3e-06
# nthreads           : 32
# lgo input file     : bcf2.lgo
# site pat input file: ../../boot/boot7.opf
# free parameters    : 15
# points in DE swarm : 45
# output state file  : b1boot7.state
# Including singleton site patterns.
# cost function      : KL
Initial parameter values
Fixed:
      zero = 0
       one = 1
    Tbecnw = 75200
Free:
       pc1 = 0
       pc2 = 0
       pc3 = 0
       pc4 = 0
       pc5 = 0
       pc6 = 0
       pc7 = 0
       pc8 = 0
       pc9 = 0
      pc10 = 0
      pc11 = 0
      pc12 = 0
      pc13 = 0
      pc14 = 0
      pc15 = 0
Constrained:
     Tecnw = 39652.5
       Tnw = 8847.14
       Tec = 9151.58
     twoNb = 1.50007e+06
     twoNe = 52448.9
     twoNc = 332003
     twoNn = 214829
     twoNw = 1.36231e+06
    twoNec = 286490
    twoNnw = 102659
  twoNecnw = 31376.5
  twoNbecnw = 76631.1
        m2 = 0.00730134
        m3 = 0.247078
        m6 = 3.34139e-05
        Tb = 24402
        Tc = 4423.57
        Tf = 2211.79
DiffEv reached_goal. cost=2.95989e-03 spread=2.27844e-06
Fitted parameter values
Free:
       pc1 = 3.98994
       pc2 = -1.95148
       pc3 = -1.13397
       pc4 = 1.63515
       pc5 = -1.94092
       pc6 = -0.267454
       pc7 = 1.93951
       pc8 = -1.79667
       pc9 = -0.585968
      pc10 = -0.434087
      pc11 = 0.187186
      pc12 = -0.0601481
      pc13 = -0.203223
      pc14 = 0.180215
      pc15 = -0.00584478
Constrained:
     Tecnw = 39999
       Tnw = 2747.77
       Tec = 2665.58
     twoNb = 3.14327e+06
     twoNe = 20048.3
     twoNc = 130514
     twoNn = 293655
     twoNw = 890325
    twoNec = 320860
    twoNnw = 131226
  twoNecnw = 29979.8
  twoNbecnw = 75975.2
        m2 = 0.0194404
        m3 = 0.271011
        m6 = 1.48703e-06
        Tb = 21332.3
        Tc = 1373.89
        Tf = 686.943
#       SitePat  BranchLen
              b 137186.0696510
              e 53819.2559983
              c 54800.2116184
              n 48651.2616002
              w 51723.8108951
            b:e 2610.3104920
            b:c 2675.0955056
            b:n 1964.6180320
            b:w 2171.9921331
            e:c 10804.1293547
            e:n 6204.3086378
            e:w 4535.6853065
            c:n 5223.3308825
            c:w 4740.8847282
            n:w 13480.0897552
          b:e:c 2187.3304834
          b:e:n 1220.9535111
          b:e:w 1155.5086323
          b:c:n 1156.1650566
          b:c:w 1219.8405328
          b:n:w 2182.9754538
          e:c:n 6476.1171210
          e:c:w 5563.8566838
          e:n:w 7598.2214586
          c:n:w 7393.0442227
        b:e:c:n 2174.6572924
        b:e:c:w 1959.8332217
        b:e:n:w 2648.7536800
        b:c:n:w 2584.4251698
        e:c:n:w 56139.6069739
