########################################
# legofit: estimate population history #
#       version 2.3.4-4-g53f8760       #
########################################

# Program was compiled: Sep 21 2021 14:36:42
# Program was run: Wed Sep 22 16:12:39 2021

# cmd: legofit -1 -d 0 -t 32 --ptsPerDim 3 --stateOut b1boot41.state --tol 3e-6 -S 5000 bcf2.lgo ../../boot/boot41.opf
# Stage nOptItr nSimReps
#     0    5000        0
# algorithm          : deterministic
# ignoring probs <=  : 0
# Branch length floor: 0
# DE strategy        : 2
#    F               : 0.3
#    CR              : 0.8
#    tolerance       : 3e-06
# nthreads           : 32
# lgo input file     : bcf2.lgo
# site pat input file: ../../boot/boot41.opf
# free parameters    : 15
# points in DE swarm : 45
# output state file  : b1boot41.state
# Including singleton site patterns.
# cost function      : KL
Initial parameter values
Fixed:
      zero = 0
       one = 1
    Tbecnw = 75200
Free:
       pc1 = 0
       pc2 = 0
       pc3 = 0
       pc4 = 0
       pc5 = 0
       pc6 = 0
       pc7 = 0
       pc8 = 0
       pc9 = 0
      pc10 = 0
      pc11 = 0
      pc12 = 0
      pc13 = 0
      pc14 = 0
      pc15 = 0
Constrained:
     Tecnw = 39652.5
       Tnw = 8847.14
       Tec = 9151.58
     twoNb = 1.50007e+06
     twoNe = 52448.9
     twoNc = 332003
     twoNn = 214829
     twoNw = 1.36231e+06
    twoNec = 286490
    twoNnw = 102659
  twoNecnw = 31376.5
  twoNbecnw = 76631.1
        m2 = 0.00730134
        m3 = 0.247078
        m6 = 3.34139e-05
        Tb = 24402
        Tc = 4423.57
        Tf = 2211.79
DiffEv reached_goal. cost=2.95824e-03 spread=2.23686e-06
Fitted parameter values
Free:
       pc1 = 3.9951
       pc2 = -1.92318
       pc3 = -1.68249
       pc4 = 1.66305
       pc5 = -1.77644
       pc6 = 0.233059
       pc7 = 1.92269
       pc8 = -0.972698
       pc9 = -0.768879
      pc10 = -0.529769
      pc11 = 0.389993
      pc12 = -0.170661
      pc13 = 0.00381122
      pc14 = -0.0903148
      pc15 = -0.0191977
Constrained:
     Tecnw = 40143.3
       Tnw = 2414.71
       Tec = 2113.66
     twoNb = 2.84953e+06
     twoNe = 12459.2
     twoNc = 226216
     twoNn = 236418
     twoNw = 1.25352e+06
    twoNec = 331690
    twoNnw = 134681
  twoNecnw = 30198.2
  twoNbecnw = 75755.4
        m2 = 0.0185935
        m3 = 0.258151
        m6 = 1.66052e-06
        Tb = 21128.5
        Tc = 1207.36
        Tf = 603.678
#       SitePat  BranchLen
              b 136860.4522868
              e 53990.8705550
              c 55052.1313224
              n 48789.0979890
              w 51846.0299481
            b:e 2624.0812779
            b:c 2693.9577456
            b:n 1977.9474531
            b:w 2186.4880999
            e:c 10858.9481526
            e:n 6261.6858984
            e:w 4547.8624390
            c:n 5200.4006745
            c:w 4768.2172836
            n:w 13609.3283447
          b:e:c 2211.0483345
          b:e:n 1234.2259191
          b:e:w 1163.6941028
          b:c:n 1164.3456479
          b:c:w 1233.0579901
          b:n:w 2206.4241523
          e:c:n 6473.8236324
          e:c:w 5572.1803519
          e:n:w 7618.0380220
          c:n:w 7397.7076937
        b:e:c:n 2189.3078157
        b:e:c:w 1973.3048149
        b:e:n:w 2666.0982169
        b:c:n:w 2596.7380733
        e:c:n:w 55596.0023977
