########################################
# legofit: estimate population history #
#       version 2.3.4-4-g53f8760       #
########################################

# Program was compiled: Sep 21 2021 14:36:42
# Program was run: Wed Sep 22 16:12:07 2021

# cmd: legofit -1 -d 0 -t 32 --ptsPerDim 3 --stateOut b1boot15.state --tol 3e-6 -S 5000 bcf2.lgo ../../boot/boot15.opf
# Stage nOptItr nSimReps
#     0    5000        0
# algorithm          : deterministic
# ignoring probs <=  : 0
# Branch length floor: 0
# DE strategy        : 2
#    F               : 0.3
#    CR              : 0.8
#    tolerance       : 3e-06
# nthreads           : 32
# lgo input file     : bcf2.lgo
# site pat input file: ../../boot/boot15.opf
# free parameters    : 15
# points in DE swarm : 45
# output state file  : b1boot15.state
# Including singleton site patterns.
# cost function      : KL
Initial parameter values
Fixed:
      zero = 0
       one = 1
    Tbecnw = 75200
Free:
       pc1 = 0
       pc2 = 0
       pc3 = 0
       pc4 = 0
       pc5 = 0
       pc6 = 0
       pc7 = 0
       pc8 = 0
       pc9 = 0
      pc10 = 0
      pc11 = 0
      pc12 = 0
      pc13 = 0
      pc14 = 0
      pc15 = 0
Constrained:
     Tecnw = 39652.5
       Tnw = 8847.14
       Tec = 9151.58
     twoNb = 1.50007e+06
     twoNe = 52448.9
     twoNc = 332003
     twoNn = 214829
     twoNw = 1.36231e+06
    twoNec = 286490
    twoNnw = 102659
  twoNecnw = 31376.5
  twoNbecnw = 76631.1
        m2 = 0.00730134
        m3 = 0.247078
        m6 = 3.34139e-05
        Tb = 24402
        Tc = 4423.57
        Tf = 2211.79
DiffEv reached_goal. cost=2.95332e-03 spread=2.03386e-06
Fitted parameter values
Free:
       pc1 = 3.99375
       pc2 = -1.98266
       pc3 = -1.35119
       pc4 = 1.72295
       pc5 = -1.94309
       pc6 = -0.308368
       pc7 = 1.99582
       pc8 = -1.52124
       pc9 = -0.656082
      pc10 = -0.109232
      pc11 = 0.498345
      pc12 = -0.107064
      pc13 = -0.102581
      pc14 = 0.0341195
      pc15 = 0.0315218
Constrained:
     Tecnw = 40113.9
       Tnw = 2349.48
       Tec = 2426.2
     twoNb = 3.10074e+06
     twoNe = 19892.1
     twoNc = 198506
     twoNn = 265016
     twoNw = 932460
    twoNec = 324392
    twoNnw = 131693
  twoNecnw = 30041.7
  twoNbecnw = 75615.9
        m2 = 0.0187331
        m3 = 0.271246
        m6 = 4.02114e-06
        Tb = 21270
        Tc = 1174.74
        Tf = 587.369
#       SitePat  BranchLen
              b 136842.2646729
              e 53900.3946582
              c 54864.4322467
              n 48658.3093687
              w 51735.8203589
            b:e 2603.5935287
            b:c 2666.8069560
            b:n 1961.4890431
            b:w 2171.1651847
            e:c 10836.1212450
            e:n 6186.5251677
            e:w 4527.7722967
            c:n 5222.4272156
            c:w 4727.9469574
            n:w 13581.6282908
          b:e:c 2193.2176099
          b:e:n 1218.9696325
          b:e:w 1155.1069642
          b:c:n 1155.7468929
          b:c:w 1217.8946428
          b:n:w 2188.9678085
          e:c:n 6462.6786987
          e:c:w 5547.3950280
          e:n:w 7573.5971573
          c:n:w 7373.4829936
        b:e:c:n 2173.7696579
        b:e:c:w 1956.8142443
        b:e:n:w 2641.1424616
        b:c:n:w 2578.3639618
        e:c:n:w 55748.2149109
