########################################
# legofit: estimate population history #
#       version 2.3.4-4-g53f8760       #
########################################

# Program was compiled: Sep 21 2021 14:36:42
# Program was run: Wed Sep 22 16:12:09 2021

# cmd: legofit -1 -d 0 -t 32 --ptsPerDim 3 --stateOut b1boot18.state --tol 3e-6 -S 5000 bcf2.lgo ../../boot/boot18.opf
# Stage nOptItr nSimReps
#     0    5000        0
# algorithm          : deterministic
# ignoring probs <=  : 0
# Branch length floor: 0
# DE strategy        : 2
#    F               : 0.3
#    CR              : 0.8
#    tolerance       : 3e-06
# nthreads           : 32
# lgo input file     : bcf2.lgo
# site pat input file: ../../boot/boot18.opf
# free parameters    : 15
# points in DE swarm : 45
# output state file  : b1boot18.state
# Including singleton site patterns.
# cost function      : KL
Initial parameter values
Fixed:
      zero = 0
       one = 1
    Tbecnw = 75200
Free:
       pc1 = 0
       pc2 = 0
       pc3 = 0
       pc4 = 0
       pc5 = 0
       pc6 = 0
       pc7 = 0
       pc8 = 0
       pc9 = 0
      pc10 = 0
      pc11 = 0
      pc12 = 0
      pc13 = 0
      pc14 = 0
      pc15 = 0
Constrained:
     Tecnw = 39652.5
       Tnw = 8847.14
       Tec = 9151.58
     twoNb = 1.50007e+06
     twoNe = 52448.9
     twoNc = 332003
     twoNn = 214829
     twoNw = 1.36231e+06
    twoNec = 286490
    twoNnw = 102659
  twoNecnw = 31376.5
  twoNbecnw = 76631.1
        m2 = 0.00730134
        m3 = 0.247078
        m6 = 3.34139e-05
        Tb = 24402
        Tc = 4423.57
        Tf = 2211.79
DiffEv reached_goal. cost=2.98887e-03 spread=2.61544e-06
Fitted parameter values
Free:
       pc1 = 3.99222
       pc2 = -1.93422
       pc3 = -1.69877
       pc4 = 1.47675
       pc5 = -1.68362
       pc6 = -0.44046
       pc7 = 1.99335
       pc8 = -1.36883
       pc9 = -0.864271
      pc10 = -0.763113
      pc11 = 0.519769
      pc12 = -0.161139
      pc13 = -0.0506514
      pc14 = 0.0602036
      pc15 = -0.0238576
Constrained:
     Tecnw = 40135.8
       Tnw = 2939.18
       Tec = 2228.68
     twoNb = 3.08439e+06
     twoNe = 10493
     twoNc = 182410
     twoNn = 187982
     twoNw = 859952
    twoNec = 323080
    twoNnw = 133376
  twoNecnw = 30053.9
  twoNbecnw = 75776.7
        m2 = 0.019108
        m3 = 0.257214
        m6 = 7.52882e-06
        Tb = 21182.2
        Tc = 1469.59
        Tf = 734.794
#       SitePat  BranchLen
              b 136944.9479482
              e 53871.1560969
              c 54916.7942077
              n 48799.9408858
              w 51866.3003889
            b:e 2611.8144590
            b:c 2680.6823559
            b:n 1970.9565658
            b:w 2179.7851180
            e:c 10896.3317343
            e:n 6231.6849207
            e:w 4525.5365283
            c:n 5185.9363503
            c:w 4743.1228984
            n:w 13524.7869028
          b:e:c 2203.6458527
          b:e:n 1225.5461040
          b:e:w 1156.0390867
          b:c:n 1156.6609846
          b:c:w 1224.4387447
          b:n:w 2199.2314854
          e:c:n 6476.2954937
          e:c:w 5567.6748132
          e:n:w 7592.8569365
          c:n:w 7375.3812831
        b:e:c:n 2182.4506468
        b:e:c:w 1966.5743734
        b:e:n:w 2654.2611792
        b:c:n:w 2585.8784868
        e:c:n:w 55781.0451658
