########################################
# legofit: estimate population history #
#            version 2.3.3             #
########################################

# Program was compiled: Sep 12 2021 17:54:39
# Program was run: Mon Sep 20 07:49:04 2021

# cmd: legofit -1 -d 0 -t 56 --ptsPerDim 3 --stateOut b1.state --tol 3e-6 -S 5000 abcdf2.lgo ../../pan.opf
# Stage nOptItr nSimReps
#     0    5000        0
# algorithm          : deterministic
# ignoring probs <=  : 0
# Branch length floor: 0
# DE strategy        : 2
#    F               : 0.3
#    CR              : 0.8
#    tolerance       : 3e-06
# nthreads           : 56
# lgo input file     : abcdf2.lgo
# site pat input file: ../../pan.opf
# free parameters    : 19
# points in DE swarm : 57
# output state file  : b1.state
# Including singleton site patterns.
# cost function      : KL
Initial parameter values
Fixed:
      zero = 0
       one = 1
    Tbecnw = 75200
Free:
       pc1 = 0
       pc2 = 0
       pc3 = 0
       pc4 = 0
       pc5 = 0
       pc6 = 0
       pc7 = 0
       pc8 = 0
       pc9 = 0
      pc10 = 0
      pc11 = 0
      pc12 = 0
      pc13 = 0
      pc14 = 0
      pc15 = 0
      pc16 = 0
      pc17 = 0
      pc18 = 0
      pc19 = 0
Constrained:
   Tgbecnw = 101077
     Tecnw = 25378.1
       Tnw = 15996.1
       Tec = 14170.9
     twoNb = 741423
     twoNe = 169579
     twoNc = 1.52207e+06
     twoNn = 3.23057e+06
     twoNw = 6.39438e+06
    twoNec = 93480.7
    twoNnw = 35106.4
  twoNecnw = 72866.3
  twoNbecnw = 9958.42
  twoNgbecnw = 327617
         m = 0.102719
        m2 = 0.0202529
        m3 = 0.255272
        m4 = 0.0179211
        m6 = 2.0054e-07
        Tb = 19774.5
        Ta = 47487.2
        Tc = 7998.06
        Td = 3999.03
        Tf = 1999.52
DiffEv reached_goal. cost=1.63125e-03 spread=2.07395e-06
Fitted parameter values
Free:
       pc1 = 3.96996
       pc2 = -3.55874
       pc3 = -0.512162
       pc4 = 0.681881
       pc5 = -0.790297
       pc6 = -1.20024
       pc7 = 0.939383
       pc8 = 0.634824
       pc9 = -1.08531
      pc10 = 0.985465
      pc11 = -0.159915
      pc12 = 0.314968
      pc13 = -0.256882
      pc14 = 0.0414351
      pc15 = 0.0536861
      pc16 = -0.005368
      pc17 = 0.0596115
      pc18 = -0.0151706
      pc19 = 0.00350438
Constrained:
   Tgbecnw = 82393.3
     Tecnw = 24982.3
       Tnw = 13209.7
       Tec = 9095.72
     twoNb = 659403
     twoNe = 79496.6
     twoNc = 809786
     twoNn = 418592
     twoNw = 1.35082e+07
    twoNec = 138788
    twoNnw = 44600.8
  twoNecnw = 67767.9
  twoNbecnw = 2789.57
  twoNgbecnw = 370078
         m = 0.0832463
        m2 = 0.0196367
        m3 = 0.257605
        m4 = 0.0178006
        m6 = 5.21186e-07
        Tb = 17039
        Ta = 46119.5
        Tc = 6604.86
        Td = 3302.43
        Tf = 1651.21
#       SitePat  BranchLen
              b 122466.7127054
              e 48248.5292473
              c 49504.4637911
              n 44020.8527343
              w 46212.6560617
            b:e 2126.2831477
            b:c 2437.3719964
            b:n 1626.2245159
            b:w 1768.3390873
            e:c 10152.3266510
            e:n 5729.3182164
            e:w 4715.7911048
            c:n 5220.8454563
            c:w 4677.0591889
            n:w 12339.1536163
          b:e:c 1934.0391055
          b:e:n 1057.5719853
          b:e:w 1040.3334702
          b:c:n 1039.9623329
          b:c:w 1080.6067853
          b:n:w 1900.2736563
          e:c:n 4961.7160969
          e:c:w 4243.3024302
          e:n:w 6008.2460116
          c:n:w 5537.2370277
        b:e:c:n 2024.3655823
        b:e:c:w 1942.7688269
        b:e:n:w 3290.2982529
        b:c:n:w 2718.8247439
        e:c:n:w 50979.0863252
