########################################
# legofit: estimate population history #
#            version 2.3.3             #
########################################

# Program was compiled: Sep 12 2021 17:54:39
# Program was run: Mon Sep 20 07:49:07 2021

# cmd: legofit -1 -d 0 -t 56 --ptsPerDim 3 --stateOut b1boot14.state --tol 3e-6 -S 5000 abcdf2.lgo ../../boot/boot14.opf
# Stage nOptItr nSimReps
#     0    5000        0
# algorithm          : deterministic
# ignoring probs <=  : 0
# Branch length floor: 0
# DE strategy        : 2
#    F               : 0.3
#    CR              : 0.8
#    tolerance       : 3e-06
# nthreads           : 56
# lgo input file     : abcdf2.lgo
# site pat input file: ../../boot/boot14.opf
# free parameters    : 19
# points in DE swarm : 57
# output state file  : b1boot14.state
# Including singleton site patterns.
# cost function      : KL
Initial parameter values
Fixed:
      zero = 0
       one = 1
    Tbecnw = 75200
Free:
       pc1 = 0
       pc2 = 0
       pc3 = 0
       pc4 = 0
       pc5 = 0
       pc6 = 0
       pc7 = 0
       pc8 = 0
       pc9 = 0
      pc10 = 0
      pc11 = 0
      pc12 = 0
      pc13 = 0
      pc14 = 0
      pc15 = 0
      pc16 = 0
      pc17 = 0
      pc18 = 0
      pc19 = 0
Constrained:
   Tgbecnw = 101077
     Tecnw = 25378.1
       Tnw = 15996.1
       Tec = 14170.9
     twoNb = 741423
     twoNe = 169579
     twoNc = 1.52207e+06
     twoNn = 3.23057e+06
     twoNw = 6.39438e+06
    twoNec = 93480.7
    twoNnw = 35106.4
  twoNecnw = 72866.3
  twoNbecnw = 9958.42
  twoNgbecnw = 327617
         m = 0.102719
        m2 = 0.0202529
        m3 = 0.255272
        m4 = 0.0179211
        m6 = 2.0054e-07
        Tb = 19774.5
        Ta = 47487.2
        Tc = 7998.06
        Td = 3999.03
        Tf = 1999.52
DiffEv reached_goal. cost=1.61145e-03 spread=2.56547e-06
Fitted parameter values
Free:
       pc1 = 3.51829
       pc2 = -2.34759
       pc3 = -1.26806
       pc4 = 0.332521
       pc5 = -1.37928
       pc6 = -1.99227
       pc7 = -0.262093
       pc8 = 1.55921
       pc9 = -0.285601
      pc10 = 0.17991
      pc11 = -0.640034
      pc12 = 1.29139
      pc13 = -0.134654
      pc14 = 0.0384933
      pc15 = 0.3387
      pc16 = 0.04086
      pc17 = -0.0219717
      pc18 = -0.0107052
      pc19 = -0.0462714
Constrained:
   Tgbecnw = 81399.2
     Tecnw = 24756.5
       Tnw = 14971.8
       Tec = 9775.7
     twoNb = 746100
     twoNe = 74488.7
     twoNc = 2.69298e+06
     twoNn = 7.26162e+06
     twoNw = 1.45402e+07
    twoNec = 129708
    twoNnw = 35785.4
  twoNecnw = 67802.6
  twoNbecnw = 2475.45
  twoNgbecnw = 348086
         m = 0.0885188
        m2 = 0.0191407
        m3 = 0.26115
        m4 = 0.0179018
        m6 = 3.68914e-07
        Tb = 17266.1
        Ta = 46233.1
        Tc = 7485.92
        Td = 3742.96
        Tf = 1871.48
#       SitePat  BranchLen
              b 122358.6954698
              e 48087.8293514
              c 49350.6117586
              n 43856.8240072
              w 46065.4400387
            b:e 2120.4428564
            b:c 2422.0074648
            b:n 1616.5105027
            b:w 1765.0892958
            e:c 10178.7278133
            e:n 5706.2104468
            e:w 4697.8433100
            c:n 5206.8221667
            c:w 4658.9737650
            n:w 12324.6057934
          b:e:c 1944.3772848
          b:e:n 1051.8911338
          b:e:w 1035.1090661
          b:c:n 1033.9143945
          b:c:w 1074.6038392
          b:n:w 1911.9221393
          e:c:n 4973.2121864
          e:c:w 4236.2061789
          e:n:w 6045.6507162
          c:n:w 5572.9878522
        b:e:c:n 2016.9427222
        b:e:c:w 1929.0621060
        b:e:n:w 3280.9557118
        b:c:n:w 2706.0112210
        e:c:n:w 50963.0746170
