########################################
# legofit: estimate population history #
#            version 2.3.3             #
########################################

# Program was compiled: Sep 12 2021 17:54:39
# Program was run: Mon Sep 20 07:55:05 2021

# cmd: legofit -1 -d 0 -t 56 --ptsPerDim 3 --stateOut b1boot46.state --tol 3e-6 -S 5000 abcdf2.lgo ../../boot/boot46.opf
# Stage nOptItr nSimReps
#     0    5000        0
# algorithm          : deterministic
# ignoring probs <=  : 0
# Branch length floor: 0
# DE strategy        : 2
#    F               : 0.3
#    CR              : 0.8
#    tolerance       : 3e-06
# nthreads           : 56
# lgo input file     : abcdf2.lgo
# site pat input file: ../../boot/boot46.opf
# free parameters    : 19
# points in DE swarm : 57
# output state file  : b1boot46.state
# Including singleton site patterns.
# cost function      : KL
Initial parameter values
Fixed:
      zero = 0
       one = 1
    Tbecnw = 75200
Free:
       pc1 = 0
       pc2 = 0
       pc3 = 0
       pc4 = 0
       pc5 = 0
       pc6 = 0
       pc7 = 0
       pc8 = 0
       pc9 = 0
      pc10 = 0
      pc11 = 0
      pc12 = 0
      pc13 = 0
      pc14 = 0
      pc15 = 0
      pc16 = 0
      pc17 = 0
      pc18 = 0
      pc19 = 0
Constrained:
   Tgbecnw = 101077
     Tecnw = 25378.1
       Tnw = 15996.1
       Tec = 14170.9
     twoNb = 741423
     twoNe = 169579
     twoNc = 1.52207e+06
     twoNn = 3.23057e+06
     twoNw = 6.39438e+06
    twoNec = 93480.7
    twoNnw = 35106.4
  twoNecnw = 72866.3
  twoNbecnw = 9958.42
  twoNgbecnw = 327617
         m = 0.102719
        m2 = 0.0202529
        m3 = 0.255272
        m4 = 0.0179211
        m6 = 2.0054e-07
        Tb = 19774.5
        Ta = 47487.2
        Tc = 7998.06
        Td = 3999.03
        Tf = 1999.52
DiffEv reached_goal. cost=1.57344e-03 spread=2.28809e-06
Fitted parameter values
Free:
       pc1 = 3.96727
       pc2 = -3.81805
       pc3 = 0.0769299
       pc4 = 0.569332
       pc5 = -1.37111
       pc6 = -0.819146
       pc7 = -0.543915
       pc8 = -0.217959
       pc9 = 0.0291129
      pc10 = 1.64666
      pc11 = -0.860476
      pc12 = 0.811196
      pc13 = -0.239701
      pc14 = 0.00774713
      pc15 = 0.148794
      pc16 = 0.0297793
      pc17 = 0.0297576
      pc18 = 0.0113178
      pc19 = -0.0203451
Constrained:
   Tgbecnw = 81072.5
     Tecnw = 24848.1
       Tnw = 13141.1
       Tec = 8731.93
     twoNb = 689034
     twoNe = 74497.7
     twoNc = 1.80299e+06
     twoNn = 3.38191e+06
     twoNw = 4.3872e+06
    twoNec = 140111
    twoNnw = 44646.7
  twoNecnw = 67050.6
  twoNbecnw = 2317.44
  twoNgbecnw = 360344
         m = 0.0844451
        m2 = 0.0198581
        m3 = 0.254809
        m4 = 0.0183114
        m6 = 1.00198e-06
        Tb = 16790
        Ta = 45995
        Tc = 6570.56
        Td = 3285.28
        Tf = 1642.64
#       SitePat  BranchLen
              b 122025.3717195
              e 47993.0056115
              c 49244.2312986
              n 43822.3026659
              w 45968.9948302
            b:e 2123.6747958
            b:c 2437.1303233
            b:n 1625.6228073
            b:w 1764.3250491
            e:c 10159.2671491
            e:n 5693.8580765
            e:w 4715.3066027
            c:n 5212.3458999
            c:w 4666.1632627
            n:w 12302.2544018
          b:e:c 1931.1905759
          b:e:n 1053.7398699
          b:e:w 1038.5063026
          b:c:n 1038.4165430
          b:c:w 1076.3819158
          b:n:w 1897.6442701
          e:c:n 4963.6292354
          e:c:w 4258.8306100
          e:n:w 6023.9475222
          c:n:w 5547.2385436
        b:e:c:n 2017.8004157
        b:e:c:w 1939.2069766
        b:e:n:w 3293.0327235
        b:c:n:w 2713.1635971
        e:c:n:w 50770.2116907
