########################################
# legofit: estimate population history #
#            version 2.3.3             #
########################################

# Program was compiled: Sep 12 2021 17:54:39
# Program was run: Mon Sep 20 07:49:05 2021

# cmd: legofit -1 -d 0 -t 56 --ptsPerDim 3 --stateOut b1boot24.state --tol 3e-6 -S 5000 abcdf2.lgo ../../boot/boot24.opf
# Stage nOptItr nSimReps
#     0    5000        0
# algorithm          : deterministic
# ignoring probs <=  : 0
# Branch length floor: 0
# DE strategy        : 2
#    F               : 0.3
#    CR              : 0.8
#    tolerance       : 3e-06
# nthreads           : 56
# lgo input file     : abcdf2.lgo
# site pat input file: ../../boot/boot24.opf
# free parameters    : 19
# points in DE swarm : 57
# output state file  : b1boot24.state
# Including singleton site patterns.
# cost function      : KL
Initial parameter values
Fixed:
      zero = 0
       one = 1
    Tbecnw = 75200
Free:
       pc1 = 0
       pc2 = 0
       pc3 = 0
       pc4 = 0
       pc5 = 0
       pc6 = 0
       pc7 = 0
       pc8 = 0
       pc9 = 0
      pc10 = 0
      pc11 = 0
      pc12 = 0
      pc13 = 0
      pc14 = 0
      pc15 = 0
      pc16 = 0
      pc17 = 0
      pc18 = 0
      pc19 = 0
Constrained:
   Tgbecnw = 101077
     Tecnw = 25378.1
       Tnw = 15996.1
       Tec = 14170.9
     twoNb = 741423
     twoNe = 169579
     twoNc = 1.52207e+06
     twoNn = 3.23057e+06
     twoNw = 6.39438e+06
    twoNec = 93480.7
    twoNnw = 35106.4
  twoNecnw = 72866.3
  twoNbecnw = 9958.42
  twoNgbecnw = 327617
         m = 0.102719
        m2 = 0.0202529
        m3 = 0.255272
        m4 = 0.0179211
        m6 = 2.0054e-07
        Tb = 19774.5
        Ta = 47487.2
        Tc = 7998.06
        Td = 3999.03
        Tf = 1999.52
DiffEv reached_goal. cost=1.64974e-03 spread=2.97884e-06
Fitted parameter values
Free:
       pc1 = 3.99193
       pc2 = -2.93707
       pc3 = -0.0847902
       pc4 = 0.8849
       pc5 = -1.86712
       pc6 = -1.55058
       pc7 = 0.091018
       pc8 = 0.691258
       pc9 = 0.415355
      pc10 = 1.72934
      pc11 = -0.586832
      pc12 = 0.913807
      pc13 = -0.0916199
      pc14 = -0.0576815
      pc15 = -0.0431653
      pc16 = -0.0224247
      pc17 = -0.0322841
      pc18 = 0.0384082
      pc19 = -0.0335096
Constrained:
   Tgbecnw = 79621.1
     Tecnw = 24839.7
       Tnw = 13410.4
       Tec = 9497.03
     twoNb = 642305
     twoNe = 89578.6
     twoNc = 2.81633e+06
     twoNn = 4.25164e+06
     twoNw = 9.61856e+06
    twoNec = 131183
    twoNnw = 43359.3
  twoNecnw = 67676.9
  twoNbecnw = 1754.48
  twoNgbecnw = 355575
         m = 0.0869628
        m2 = 0.0193645
        m3 = 0.259524
        m4 = 0.0181008
        m6 = 1.40188e-06
        Tb = 17168.4
        Ta = 46184.2
        Tc = 6705.22
        Td = 3352.61
        Tf = 1676.3
#       SitePat  BranchLen
              b 121933.7953842
              e 47961.4515763
              c 49220.3747584
              n 43851.2096219
              w 46079.8471420
            b:e 2105.6695037
            b:c 2425.3140663
            b:n 1615.6682969
            b:w 1761.2357871
            e:c 10142.4633965
            e:n 5707.2793537
            e:w 4687.5928038
            c:n 5199.9323070
            c:w 4646.7552178
            n:w 12247.2192509
          b:e:c 1923.2050723
          b:e:n 1049.3329921
          b:e:w 1032.3679427
          b:c:n 1032.1424042
          b:c:w 1072.7383573
          b:n:w 1889.2982278
          e:c:n 4963.4255788
          e:c:w 4226.7000075
          e:n:w 5967.6090035
          c:n:w 5488.8748814
        b:e:c:n 2019.3211426
        b:e:c:w 1931.0744771
        b:e:n:w 3261.0088395
        b:c:n:w 2686.1798967
        e:c:n:w 50759.8509838
