########################################
# legofit: estimate population history #
#            version 2.3.3             #
########################################

# Program was compiled: Sep 12 2021 17:54:39
# Program was run: Mon Sep 20 07:49:07 2021

# cmd: legofit -1 -d 0 -t 56 --ptsPerDim 3 --stateOut b1boot5.state --tol 3e-6 -S 5000 abcdf2.lgo ../../boot/boot5.opf
# Stage nOptItr nSimReps
#     0    5000        0
# algorithm          : deterministic
# ignoring probs <=  : 0
# Branch length floor: 0
# DE strategy        : 2
#    F               : 0.3
#    CR              : 0.8
#    tolerance       : 3e-06
# nthreads           : 56
# lgo input file     : abcdf2.lgo
# site pat input file: ../../boot/boot5.opf
# free parameters    : 19
# points in DE swarm : 57
# output state file  : b1boot5.state
# Including singleton site patterns.
# cost function      : KL
Initial parameter values
Fixed:
      zero = 0
       one = 1
    Tbecnw = 75200
Free:
       pc1 = 0
       pc2 = 0
       pc3 = 0
       pc4 = 0
       pc5 = 0
       pc6 = 0
       pc7 = 0
       pc8 = 0
       pc9 = 0
      pc10 = 0
      pc11 = 0
      pc12 = 0
      pc13 = 0
      pc14 = 0
      pc15 = 0
      pc16 = 0
      pc17 = 0
      pc18 = 0
      pc19 = 0
Constrained:
   Tgbecnw = 101077
     Tecnw = 25378.1
       Tnw = 15996.1
       Tec = 14170.9
     twoNb = 741423
     twoNe = 169579
     twoNc = 1.52207e+06
     twoNn = 3.23057e+06
     twoNw = 6.39438e+06
    twoNec = 93480.7
    twoNnw = 35106.4
  twoNecnw = 72866.3
  twoNbecnw = 9958.42
  twoNgbecnw = 327617
         m = 0.102719
        m2 = 0.0202529
        m3 = 0.255272
        m4 = 0.0179211
        m6 = 2.0054e-07
        Tb = 19774.5
        Ta = 47487.2
        Tc = 7998.06
        Td = 3999.03
        Tf = 1999.52
DiffEv reached_goal. cost=1.63444e-03 spread=2.77898e-06
Fitted parameter values
Free:
       pc1 = 3.35909
       pc2 = -3.47314
       pc3 = -0.391459
       pc4 = 0.93322
       pc5 = -1.9086
       pc6 = -0.727402
       pc7 = -0.33734
       pc8 = 0.0346523
       pc9 = -0.798037
      pc10 = 1.30557
      pc11 = -0.648739
      pc12 = 1.0261
      pc13 = 0.0689219
      pc14 = -0.0117977
      pc15 = 0.124426
      pc16 = 0.0688622
      pc17 = 0.0226369
      pc18 = -0.0394721
      pc19 = -0.0194133
Constrained:
   Tgbecnw = 82755.8
     Tecnw = 25067.5
       Tnw = 14022.9
       Tec = 9073.81
     twoNb = 699042
     twoNe = 66850.4
     twoNc = 2.18634e+06
     twoNn = 368535
     twoNw = 5.79918e+06
    twoNec = 139176
    twoNnw = 40777.7
  twoNecnw = 66650.5
  twoNbecnw = 2977.18
  twoNgbecnw = 356204
         m = 0.0854776
        m2 = 0.0198739
        m3 = 0.262063
        m4 = 0.0181039
        m6 = 8.21858e-07
        Tb = 17070.7
        Ta = 46135.3
        Tc = 7011.44
        Td = 3505.72
        Tf = 1752.86
#       SitePat  BranchLen
              b 122372.9832091
              e 48129.6511269
              c 49404.0293257
              n 43870.3864165
              w 46085.9561409
            b:e 2120.7219680
            b:c 2431.9414842
            b:n 1612.7145098
            b:w 1756.2055260
            e:c 10141.9203030
            e:n 5710.6261487
            e:w 4690.1325643
            c:n 5201.8035212
            c:w 4650.0617396
            n:w 12314.5908426
          b:e:c 1927.1889782
          b:e:n 1047.6921718
          b:e:w 1030.5515838
          b:c:n 1029.9058724
          b:c:w 1070.5112809
          b:n:w 1894.3469575
          e:c:n 4969.5632906
          e:c:w 4240.1706387
          e:n:w 6054.0412549
          c:n:w 5572.7638558
        b:e:c:n 2002.9672195
        b:e:c:w 1922.0697146
        b:e:n:w 3283.4953916
        b:c:n:w 2705.8950079
        e:c:n:w 50938.3988001
