########################################
# legofit: estimate population history #
#            version 2.3.3             #
########################################

# Program was compiled: Sep 12 2021 17:54:39
# Program was run: Mon Sep 20 07:49:06 2021

# cmd: legofit -1 -d 0 -t 56 --ptsPerDim 3 --stateOut b1boot40.state --tol 3e-6 -S 5000 abcdf2.lgo ../../boot/boot40.opf
# Stage nOptItr nSimReps
#     0    5000        0
# algorithm          : deterministic
# ignoring probs <=  : 0
# Branch length floor: 0
# DE strategy        : 2
#    F               : 0.3
#    CR              : 0.8
#    tolerance       : 3e-06
# nthreads           : 56
# lgo input file     : abcdf2.lgo
# site pat input file: ../../boot/boot40.opf
# free parameters    : 19
# points in DE swarm : 57
# output state file  : b1boot40.state
# Including singleton site patterns.
# cost function      : KL
Initial parameter values
Fixed:
      zero = 0
       one = 1
    Tbecnw = 75200
Free:
       pc1 = 0
       pc2 = 0
       pc3 = 0
       pc4 = 0
       pc5 = 0
       pc6 = 0
       pc7 = 0
       pc8 = 0
       pc9 = 0
      pc10 = 0
      pc11 = 0
      pc12 = 0
      pc13 = 0
      pc14 = 0
      pc15 = 0
      pc16 = 0
      pc17 = 0
      pc18 = 0
      pc19 = 0
Constrained:
   Tgbecnw = 101077
     Tecnw = 25378.1
       Tnw = 15996.1
       Tec = 14170.9
     twoNb = 741423
     twoNe = 169579
     twoNc = 1.52207e+06
     twoNn = 3.23057e+06
     twoNw = 6.39438e+06
    twoNec = 93480.7
    twoNnw = 35106.4
  twoNecnw = 72866.3
  twoNbecnw = 9958.42
  twoNgbecnw = 327617
         m = 0.102719
        m2 = 0.0202529
        m3 = 0.255272
        m4 = 0.0179211
        m6 = 2.0054e-07
        Tb = 19774.5
        Ta = 47487.2
        Tc = 7998.06
        Td = 3999.03
        Tf = 1999.52
DiffEv reached_goal. cost=1.63142e-03 spread=2.98586e-06
Fitted parameter values
Free:
       pc1 = 3.43351
       pc2 = -2.14954
       pc3 = -0.559197
       pc4 = 2.00069
       pc5 = -0.691366
       pc6 = -0.842732
       pc7 = -0.0162624
       pc8 = 0.166818
       pc9 = -0.804788
      pc10 = 1.82718
      pc11 = -0.615635
      pc12 = 1.3983
      pc13 = -0.412693
      pc14 = -0.0739429
      pc15 = 0.0657838
      pc16 = 0.0314211
      pc17 = -0.0429548
      pc18 = 0.0481933
      pc19 = -0.0247978
Constrained:
   Tgbecnw = 80919.3
     Tecnw = 24666.9
       Tnw = 14721
       Tec = 10493.8
     twoNb = 690487
     twoNe = 85578.7
     twoNc = 800601
     twoNn = 582505
     twoNw = 5.79059e+06
    twoNec = 119963
    twoNnw = 37108.3
  twoNecnw = 67706.1
  twoNbecnw = 2223.41
  twoNgbecnw = 369122
         m = 0.0833659
        m2 = 0.019632
        m3 = 0.25928
        m4 = 0.0176597
        m6 = 1.37578e-06
        Tb = 17580.3
        Ta = 46390.2
        Tc = 7360.52
        Td = 3680.26
        Tf = 1840.13
#       SitePat  BranchLen
              b 122102.9852792
              e 47873.3552193
              c 49177.3127632
              n 43757.7287033
              w 46020.0214201
            b:e 2089.5103355
            b:c 2395.5089797
            b:n 1599.1226575
            b:w 1750.7609648
            e:c 10141.0137080
            e:n 5732.4991672
            e:w 4672.0810370
            c:n 5175.4509149
            c:w 4648.3956561
            n:w 12221.2710941
          b:e:c 1916.4753925
          b:e:n 1041.4494620
          b:e:w 1020.6577631
          b:c:n 1019.6321014
          b:c:w 1065.4019248
          b:n:w 1884.8532813
          e:c:n 4982.4799967
          e:c:w 4221.5711199
          e:n:w 5987.4777345
          c:n:w 5507.6263229
        b:e:c:n 2002.9349684
        b:e:c:w 1912.4081212
        b:e:n:w 3253.6857792
        b:c:n:w 2681.3877213
        e:c:n:w 50889.1751878
