########################################
# legofit: estimate population history #
#            version 2.3.3             #
########################################

# Program was compiled: Sep 12 2021 17:54:39
# Program was run: Mon Sep 20 07:55:06 2021

# cmd: legofit -1 -d 0 -t 56 --ptsPerDim 3 --stateOut b1boot47.state --tol 3e-6 -S 5000 abcdf2.lgo ../../boot/boot47.opf
# Stage nOptItr nSimReps
#     0    5000        0
# algorithm          : deterministic
# ignoring probs <=  : 0
# Branch length floor: 0
# DE strategy        : 2
#    F               : 0.3
#    CR              : 0.8
#    tolerance       : 3e-06
# nthreads           : 56
# lgo input file     : abcdf2.lgo
# site pat input file: ../../boot/boot47.opf
# free parameters    : 19
# points in DE swarm : 57
# output state file  : b1boot47.state
# Including singleton site patterns.
# cost function      : KL
Initial parameter values
Fixed:
      zero = 0
       one = 1
    Tbecnw = 75200
Free:
       pc1 = 0
       pc2 = 0
       pc3 = 0
       pc4 = 0
       pc5 = 0
       pc6 = 0
       pc7 = 0
       pc8 = 0
       pc9 = 0
      pc10 = 0
      pc11 = 0
      pc12 = 0
      pc13 = 0
      pc14 = 0
      pc15 = 0
      pc16 = 0
      pc17 = 0
      pc18 = 0
      pc19 = 0
Constrained:
   Tgbecnw = 101077
     Tecnw = 25378.1
       Tnw = 15996.1
       Tec = 14170.9
     twoNb = 741423
     twoNe = 169579
     twoNc = 1.52207e+06
     twoNn = 3.23057e+06
     twoNw = 6.39438e+06
    twoNec = 93480.7
    twoNnw = 35106.4
  twoNecnw = 72866.3
  twoNbecnw = 9958.42
  twoNgbecnw = 327617
         m = 0.102719
        m2 = 0.0202529
        m3 = 0.255272
        m4 = 0.0179211
        m6 = 2.0054e-07
        Tb = 19774.5
        Ta = 47487.2
        Tc = 7998.06
        Td = 3999.03
        Tf = 1999.52
DiffEv reached_goal. cost=1.63382e-03 spread=2.89207e-06
Fitted parameter values
Free:
       pc1 = 3.15015
       pc2 = -3.88725
       pc3 = -0.07029
       pc4 = 1.17585
       pc5 = -1.06376
       pc6 = -0.471059
       pc7 = 0.797138
       pc8 = 0.75033
       pc9 = 0.334087
      pc10 = 1.45445
      pc11 = -1.71307
      pc12 = 0.977841
      pc13 = -0.238662
      pc14 = 0.103152
      pc15 = 0.234313
      pc16 = -0.0140849
      pc17 = 0.0401615
      pc18 = -0.0484127
      pc19 = -0.0232547
Constrained:
   Tgbecnw = 83958.3
     Tecnw = 24944.8
       Tnw = 13649.3
       Tec = 8719.74
     twoNb = 720679
     twoNe = 54231.2
     twoNc = 2.24863e+06
     twoNn = 2.14275e+06
     twoNw = 9.06252e+06
    twoNec = 142379
    twoNnw = 43281.7
  twoNecnw = 68074.3
  twoNbecnw = 3501.23
  twoNgbecnw = 338371
         m = 0.0918066
        m2 = 0.0203946
        m3 = 0.24582
        m4 = 0.0178134
        m6 = 1.47602e-06
        Tb = 16832.3
        Ta = 46016.1
        Tc = 6824.65
        Td = 3412.32
        Tf = 1706.16
#       SitePat  BranchLen
              b 122908.3945554
              e 48399.4594612
              c 49689.8304785
              n 44161.0424534
              w 46289.8095064
            b:e 2139.9857048
            b:c 2447.5358704
            b:n 1629.4437031
            b:w 1765.3654437
            e:c 10227.9410034
            e:n 5749.0942256
            e:w 4739.9091671
            c:n 5216.3708262
            c:w 4706.5782578
            n:w 12413.2274322
          b:e:c 1938.8128241
          b:e:n 1058.1124108
          b:e:w 1038.9037909
          b:c:n 1038.1769954
          b:c:w 1080.4444212
          b:n:w 1907.5241177
          e:c:n 4967.4537496
          e:c:w 4273.8679973
          e:n:w 6072.6936534
          c:n:w 5593.4480345
        b:e:c:n 2015.3716171
        b:e:c:w 1940.1874397
        b:e:n:w 3314.0605638
        b:c:n:w 2739.8339545
        e:c:n:w 51086.3001265
