########################################
# legofit: estimate population history #
#            version 2.3.3             #
########################################

# Program was compiled: Sep 12 2021 17:54:39
# Program was run: Mon Sep 20 07:49:05 2021

# cmd: legofit -1 -d 0 -t 56 --ptsPerDim 3 --stateOut b1boot12.state --tol 3e-6 -S 5000 abcdf2.lgo ../../boot/boot12.opf
# Stage nOptItr nSimReps
#     0    5000        0
# algorithm          : deterministic
# ignoring probs <=  : 0
# Branch length floor: 0
# DE strategy        : 2
#    F               : 0.3
#    CR              : 0.8
#    tolerance       : 3e-06
# nthreads           : 56
# lgo input file     : abcdf2.lgo
# site pat input file: ../../boot/boot12.opf
# free parameters    : 19
# points in DE swarm : 57
# output state file  : b1boot12.state
# Including singleton site patterns.
# cost function      : KL
Initial parameter values
Fixed:
      zero = 0
       one = 1
    Tbecnw = 75200
Free:
       pc1 = 0
       pc2 = 0
       pc3 = 0
       pc4 = 0
       pc5 = 0
       pc6 = 0
       pc7 = 0
       pc8 = 0
       pc9 = 0
      pc10 = 0
      pc11 = 0
      pc12 = 0
      pc13 = 0
      pc14 = 0
      pc15 = 0
      pc16 = 0
      pc17 = 0
      pc18 = 0
      pc19 = 0
Constrained:
   Tgbecnw = 101077
     Tecnw = 25378.1
       Tnw = 15996.1
       Tec = 14170.9
     twoNb = 741423
     twoNe = 169579
     twoNc = 1.52207e+06
     twoNn = 3.23057e+06
     twoNw = 6.39438e+06
    twoNec = 93480.7
    twoNnw = 35106.4
  twoNecnw = 72866.3
  twoNbecnw = 9958.42
  twoNgbecnw = 327617
         m = 0.102719
        m2 = 0.0202529
        m3 = 0.255272
        m4 = 0.0179211
        m6 = 2.0054e-07
        Tb = 19774.5
        Ta = 47487.2
        Tc = 7998.06
        Td = 3999.03
        Tf = 1999.52
DiffEv reached_goal. cost=1.61781e-03 spread=2.72606e-06
Fitted parameter values
Free:
       pc1 = 3.93965
       pc2 = -3.38637
       pc3 = 1.9191
       pc4 = 0.478803
       pc5 = -1.34288
       pc6 = -0.507397
       pc7 = -0.756289
       pc8 = 0.908784
       pc9 = -0.35118
      pc10 = 1.32344
      pc11 = -0.816018
      pc12 = 0.690826
      pc13 = -0.363738
      pc14 = -0.0666574
      pc15 = 0.136439
      pc16 = -0.0608818
      pc17 = -0.028936
      pc18 = 0.111598
      pc19 = -0.0281008
Constrained:
   Tgbecnw = 80574.5
     Tecnw = 24918.1
       Tnw = 12258.8
       Tec = 9418.82
     twoNb = 708645
     twoNe = 110856
     twoNc = 2.50959e+06
     twoNn = 6.98492e+06
     twoNw = 3.72497e+06
    twoNec = 129955
    twoNnw = 48773.7
  twoNecnw = 67062.1
  twoNbecnw = 2127.92
  twoNgbecnw = 356393
         m = 0.0851533
        m2 = 0.0209908
        m3 = 0.260812
        m4 = 0.017874
        m6 = 8.08121e-07
        Tb = 17168.5
        Ta = 46184.2
        Tc = 6129.38
        Td = 3064.69
        Tf = 1532.35
#       SitePat  BranchLen
              b 121708.0467431
              e 47943.1002979
              c 49184.6584383
              n 43827.3824878
              w 46067.4031024
            b:e 2109.5780817
            b:c 2413.4251712
            b:n 1623.3864608
            b:w 1768.7159730
            e:c 10176.0214821
            e:n 5711.7490336
            e:w 4693.1749133
            c:n 5218.6889789
            c:w 4650.3905093
            n:w 12270.6923156
          b:e:c 1919.0503852
          b:e:n 1049.9837586
          b:e:w 1034.5847528
          b:c:n 1033.3685277
          b:c:w 1073.4634238
          b:n:w 1889.0228549
          e:c:n 5000.5936308
          e:c:w 4257.1332656
          e:n:w 5963.1605587
          c:n:w 5496.7047427
        b:e:c:n 2023.5627998
        b:e:c:w 1943.8497779
        b:e:n:w 3282.6152149
        b:c:n:w 2717.2466997
        e:c:n:w 50481.7429560
