########################################
# legofit: estimate population history #
#            version 2.3.3             #
########################################

# Program was compiled: Sep 12 2021 17:54:39
# Program was run: Mon Sep 20 07:49:06 2021

# cmd: legofit -1 -d 0 -t 56 --ptsPerDim 3 --stateOut b1boot32.state --tol 3e-6 -S 5000 abcdf2.lgo ../../boot/boot32.opf
# Stage nOptItr nSimReps
#     0    5000        0
# algorithm          : deterministic
# ignoring probs <=  : 0
# Branch length floor: 0
# DE strategy        : 2
#    F               : 0.3
#    CR              : 0.8
#    tolerance       : 3e-06
# nthreads           : 56
# lgo input file     : abcdf2.lgo
# site pat input file: ../../boot/boot32.opf
# free parameters    : 19
# points in DE swarm : 57
# output state file  : b1boot32.state
# Including singleton site patterns.
# cost function      : KL
Initial parameter values
Fixed:
      zero = 0
       one = 1
    Tbecnw = 75200
Free:
       pc1 = 0
       pc2 = 0
       pc3 = 0
       pc4 = 0
       pc5 = 0
       pc6 = 0
       pc7 = 0
       pc8 = 0
       pc9 = 0
      pc10 = 0
      pc11 = 0
      pc12 = 0
      pc13 = 0
      pc14 = 0
      pc15 = 0
      pc16 = 0
      pc17 = 0
      pc18 = 0
      pc19 = 0
Constrained:
   Tgbecnw = 101077
     Tecnw = 25378.1
       Tnw = 15996.1
       Tec = 14170.9
     twoNb = 741423
     twoNe = 169579
     twoNc = 1.52207e+06
     twoNn = 3.23057e+06
     twoNw = 6.39438e+06
    twoNec = 93480.7
    twoNnw = 35106.4
  twoNecnw = 72866.3
  twoNbecnw = 9958.42
  twoNgbecnw = 327617
         m = 0.102719
        m2 = 0.0202529
        m3 = 0.255272
        m4 = 0.0179211
        m6 = 2.0054e-07
        Tb = 19774.5
        Ta = 47487.2
        Tc = 7998.06
        Td = 3999.03
        Tf = 1999.52
DiffEv reached_goal. cost=1.65026e-03 spread=2.67290e-06
Fitted parameter values
Free:
       pc1 = 3.7015
       pc2 = -1.03033
       pc3 = -0.713378
       pc4 = -0.366255
       pc5 = -1.41651
       pc6 = -1.76672
       pc7 = -0.239878
       pc8 = 0.287275
       pc9 = -0.591914
      pc10 = 0.879185
      pc11 = -1.39897
      pc12 = 0.870105
      pc13 = -0.153471
      pc14 = -0.169311
      pc15 = 0.0574713
      pc16 = -0.0622246
      pc17 = -0.0192171
      pc18 = -0.059767
      pc19 = -0.0587799
Constrained:
   Tgbecnw = 79842.7
     Tecnw = 24494.8
       Tnw = 15044.9
       Tec = 11401.8
     twoNb = 665628
     twoNe = 108202
     twoNc = 2.10672e+06
     twoNn = 5.2012e+06
     twoNw = 1.31331e+07
    twoNec = 111243
    twoNnw = 34714.8
  twoNecnw = 68599.2
  twoNbecnw = 1825.87
  twoNgbecnw = 359480
         m = 0.0874169
        m2 = 0.0201216
        m3 = 0.26143
        m4 = 0.0184856
        m6 = 5.38131e-07
        Tb = 17948.3
        Ta = 46574.1
        Tc = 7522.47
        Td = 3761.23
        Tf = 1880.62
#       SitePat  BranchLen
              b 122260.0539652
              e 48008.5787987
              c 49341.7711912
              n 43763.6656709
              w 45999.9071098
            b:e 2100.9005185
            b:c 2424.9784879
            b:n 1595.9422135
            b:w 1745.1297774
            e:c 10095.3354351
            e:n 5719.7271588
            e:w 4673.5201896
            c:n 5165.4660315
            c:w 4643.4549753
            n:w 12280.4155963
          b:e:c 1923.2051375
          b:e:n 1040.9515397
          b:e:w 1020.6341159
          b:c:n 1019.8065374
          b:c:w 1065.6908856
          b:n:w 1889.6651755
          e:c:n 4952.0030718
          e:c:w 4195.2440606
          e:n:w 6010.4922557
          c:n:w 5512.4430660
        b:e:c:n 2002.5312496
        b:e:c:w 1916.5123995
        b:e:n:w 3305.3332049
        b:c:n:w 2706.5264765
        e:c:n:w 51052.8928446
