########################################
# legofit: estimate population history #
#            version 2.3.3             #
########################################

# Program was compiled: Sep 12 2021 17:54:39
# Program was run: Mon Sep 20 07:49:07 2021

# cmd: legofit -1 -d 0 -t 56 --ptsPerDim 3 --stateOut b1boot31.state --tol 3e-6 -S 5000 abcdf2.lgo ../../boot/boot31.opf
# Stage nOptItr nSimReps
#     0    5000        0
# algorithm          : deterministic
# ignoring probs <=  : 0
# Branch length floor: 0
# DE strategy        : 2
#    F               : 0.3
#    CR              : 0.8
#    tolerance       : 3e-06
# nthreads           : 56
# lgo input file     : abcdf2.lgo
# site pat input file: ../../boot/boot31.opf
# free parameters    : 19
# points in DE swarm : 57
# output state file  : b1boot31.state
# Including singleton site patterns.
# cost function      : KL
Initial parameter values
Fixed:
      zero = 0
       one = 1
    Tbecnw = 75200
Free:
       pc1 = 0
       pc2 = 0
       pc3 = 0
       pc4 = 0
       pc5 = 0
       pc6 = 0
       pc7 = 0
       pc8 = 0
       pc9 = 0
      pc10 = 0
      pc11 = 0
      pc12 = 0
      pc13 = 0
      pc14 = 0
      pc15 = 0
      pc16 = 0
      pc17 = 0
      pc18 = 0
      pc19 = 0
Constrained:
   Tgbecnw = 101077
     Tecnw = 25378.1
       Tnw = 15996.1
       Tec = 14170.9
     twoNb = 741423
     twoNe = 169579
     twoNc = 1.52207e+06
     twoNn = 3.23057e+06
     twoNw = 6.39438e+06
    twoNec = 93480.7
    twoNnw = 35106.4
  twoNecnw = 72866.3
  twoNbecnw = 9958.42
  twoNgbecnw = 327617
         m = 0.102719
        m2 = 0.0202529
        m3 = 0.255272
        m4 = 0.0179211
        m6 = 2.0054e-07
        Tb = 19774.5
        Ta = 47487.2
        Tc = 7998.06
        Td = 3999.03
        Tf = 1999.52
DiffEv reached_goal. cost=1.62801e-03 spread=2.84702e-06
Fitted parameter values
Free:
       pc1 = 3.59584
       pc2 = -3.26423
       pc3 = 0.893525
       pc4 = 2.23478
       pc5 = -1.64329
       pc6 = -1.87182
       pc7 = -1.19795
       pc8 = -0.443042
       pc9 = 0.651775
      pc10 = 1.50278
      pc11 = -1.72964
      pc12 = 1.58451
      pc13 = -0.40082
      pc14 = -0.0544458
      pc15 = 0.130065
      pc16 = 0.0109038
      pc17 = 0.00297755
      pc18 = 0.019042
      pc19 = 0.00294304
Constrained:
   Tgbecnw = 82191.1
     Tecnw = 24894
       Tnw = 14180
       Tec = 8878.75
     twoNb = 702502
     twoNe = 63013.7
     twoNc = 1.94416e+06
     twoNn = 9.38975e+06
     twoNw = 1.68046e+06
    twoNec = 138013
    twoNnw = 40062.2
  twoNecnw = 66536
  twoNbecnw = 2711.71
  twoNgbecnw = 375644
         m = 0.0793232
        m2 = 0.0201965
        m3 = 0.26207
        m4 = 0.0181892
        m6 = 2.24615e-06
        Tb = 16886.4
        Ta = 46043.2
        Tc = 7089.99
        Td = 3544.99
        Tf = 1772.5
#       SitePat  BranchLen
              b 121870.5020813
              e 47945.1884328
              c 49192.2321002
              n 43807.1776015
              w 46010.9120306
            b:e 2128.7077013
            b:c 2435.7535708
            b:n 1626.6876273
            b:w 1770.7649908
            e:c 10171.8328159
            e:n 5703.3978464
            e:w 4705.9598274
            c:n 5222.7539222
            c:w 4658.4094281
            n:w 12240.6382922
          b:e:c 1937.6733683
          b:e:n 1054.4581772
          b:e:w 1039.3180552
          b:c:n 1038.8422009
          b:c:w 1077.4431518
          b:n:w 1904.3972864
          e:c:n 4992.4695796
          e:c:w 4263.3927152
          e:n:w 6044.0041971
          c:n:w 5570.4792816
        b:e:c:n 2021.6419728
        b:e:c:w 1941.2287624
        b:e:n:w 3297.2050834
        b:c:n:w 2722.3255593
        e:c:n:w 50620.4712974
