########################################
# legofit: estimate population history #
#            version 2.3.3             #
########################################

# Program was compiled: Sep 12 2021 17:54:39
# Program was run: Mon Sep 20 07:49:06 2021

# cmd: legofit -1 -d 0 -t 56 --ptsPerDim 3 --stateOut b1boot18.state --tol 3e-6 -S 5000 abcdf2.lgo ../../boot/boot18.opf
# Stage nOptItr nSimReps
#     0    5000        0
# algorithm          : deterministic
# ignoring probs <=  : 0
# Branch length floor: 0
# DE strategy        : 2
#    F               : 0.3
#    CR              : 0.8
#    tolerance       : 3e-06
# nthreads           : 56
# lgo input file     : abcdf2.lgo
# site pat input file: ../../boot/boot18.opf
# free parameters    : 19
# points in DE swarm : 57
# output state file  : b1boot18.state
# Including singleton site patterns.
# cost function      : KL
Initial parameter values
Fixed:
      zero = 0
       one = 1
    Tbecnw = 75200
Free:
       pc1 = 0
       pc2 = 0
       pc3 = 0
       pc4 = 0
       pc5 = 0
       pc6 = 0
       pc7 = 0
       pc8 = 0
       pc9 = 0
      pc10 = 0
      pc11 = 0
      pc12 = 0
      pc13 = 0
      pc14 = 0
      pc15 = 0
      pc16 = 0
      pc17 = 0
      pc18 = 0
      pc19 = 0
Constrained:
   Tgbecnw = 101077
     Tecnw = 25378.1
       Tnw = 15996.1
       Tec = 14170.9
     twoNb = 741423
     twoNe = 169579
     twoNc = 1.52207e+06
     twoNn = 3.23057e+06
     twoNw = 6.39438e+06
    twoNec = 93480.7
    twoNnw = 35106.4
  twoNecnw = 72866.3
  twoNbecnw = 9958.42
  twoNgbecnw = 327617
         m = 0.102719
        m2 = 0.0202529
        m3 = 0.255272
        m4 = 0.0179211
        m6 = 2.0054e-07
        Tb = 19774.5
        Ta = 47487.2
        Tc = 7998.06
        Td = 3999.03
        Tf = 1999.52
DiffEv reached_goal. cost=1.62255e-03 spread=2.16851e-06
Fitted parameter values
Free:
       pc1 = 3.67051
       pc2 = -2.20212
       pc3 = -0.220939
       pc4 = 1.78511
       pc5 = -1.20575
       pc6 = -1.2546
       pc7 = -0.309048
       pc8 = 0.451642
       pc9 = -0.980352
      pc10 = 1.74147
      pc11 = -0.939817
      pc12 = 1.35601
      pc13 = -0.610991
      pc14 = -0.0619845
      pc15 = 0.116489
      pc16 = -0.0494927
      pc17 = -0.0105325
      pc18 = -0.00059132
      pc19 = -0.0246232
Constrained:
   Tgbecnw = 78759.2
     Tecnw = 24583
       Tnw = 14508.6
       Tec = 10066.9
     twoNb = 719719
     twoNe = 87004.3
     twoNc = 1.33614e+06
     twoNn = 2.36009e+06
     twoNw = 6.79487e+06
    twoNec = 124139
    twoNnw = 37195
  twoNecnw = 67627.1
  twoNbecnw = 1391.5
  twoNgbecnw = 371932
         m = 0.0815946
        m2 = 0.0199785
        m3 = 0.264559
        m4 = 0.017756
        m6 = 1.36028e-06
        Tb = 17324.9
        Ta = 46262.5
        Tc = 7254.3
        Td = 3627.15
        Tf = 1813.58
#       SitePat  BranchLen
              b 121375.0010528
              e 47798.1840958
              c 49063.8642755
              n 43620.5256903
              w 45866.8953797
            b:e 2099.0618954
            b:c 2397.9330867
            b:n 1603.1576800
            b:w 1753.1096767
            e:c 10101.7654249
            e:n 5702.7357076
            e:w 4668.0805159
            c:n 5184.2536092
            c:w 4634.9363698
            n:w 12214.1508043
          b:e:c 1923.6057300
          b:e:n 1045.0992342
          b:e:w 1027.2786529
          b:c:n 1026.1157539
          b:c:w 1068.9904960
          b:n:w 1890.4913643
          e:c:n 4953.8885099
          e:c:w 4202.4898006
          e:n:w 5972.0333056
          c:n:w 5504.1770655
        b:e:c:n 2010.5301293
        b:e:c:w 1924.5254580
        b:e:n:w 3269.9170619
        b:c:n:w 2702.1197030
        e:c:n:w 50417.7417070
