########################################
# legofit: estimate population history #
#            version 2.3.3             #
########################################

# Program was compiled: Sep 12 2021 17:54:39
# Program was run: Mon Sep 20 07:49:07 2021

# cmd: legofit -1 -d 0 -t 56 --ptsPerDim 3 --stateOut b1boot16.state --tol 3e-6 -S 5000 abcdf2.lgo ../../boot/boot16.opf
# Stage nOptItr nSimReps
#     0    5000        0
# algorithm          : deterministic
# ignoring probs <=  : 0
# Branch length floor: 0
# DE strategy        : 2
#    F               : 0.3
#    CR              : 0.8
#    tolerance       : 3e-06
# nthreads           : 56
# lgo input file     : abcdf2.lgo
# site pat input file: ../../boot/boot16.opf
# free parameters    : 19
# points in DE swarm : 57
# output state file  : b1boot16.state
# Including singleton site patterns.
# cost function      : KL
Initial parameter values
Fixed:
      zero = 0
       one = 1
    Tbecnw = 75200
Free:
       pc1 = 0
       pc2 = 0
       pc3 = 0
       pc4 = 0
       pc5 = 0
       pc6 = 0
       pc7 = 0
       pc8 = 0
       pc9 = 0
      pc10 = 0
      pc11 = 0
      pc12 = 0
      pc13 = 0
      pc14 = 0
      pc15 = 0
      pc16 = 0
      pc17 = 0
      pc18 = 0
      pc19 = 0
Constrained:
   Tgbecnw = 101077
     Tecnw = 25378.1
       Tnw = 15996.1
       Tec = 14170.9
     twoNb = 741423
     twoNe = 169579
     twoNc = 1.52207e+06
     twoNn = 3.23057e+06
     twoNw = 6.39438e+06
    twoNec = 93480.7
    twoNnw = 35106.4
  twoNecnw = 72866.3
  twoNbecnw = 9958.42
  twoNgbecnw = 327617
         m = 0.102719
        m2 = 0.0202529
        m3 = 0.255272
        m4 = 0.0179211
        m6 = 2.0054e-07
        Tb = 19774.5
        Ta = 47487.2
        Tc = 7998.06
        Td = 3999.03
        Tf = 1999.52
DiffEv reached_goal. cost=1.58671e-03 spread=1.59726e-06
Fitted parameter values
Free:
       pc1 = 3.2084
       pc2 = -2.7453
       pc3 = -1.52197
       pc4 = 0.447822
       pc5 = -1.89536
       pc6 = -1.87763
       pc7 = -0.134621
       pc8 = 0.226941
       pc9 = -0.176297
      pc10 = 1.11065
      pc11 = -1.36428
      pc12 = 1.76603
      pc13 = -0.26104
      pc14 = 0.00664523
      pc15 = 0.252395
      pc16 = -0.0955908
      pc17 = -0.00235399
      pc18 = -0.0886484
      pc19 = -0.0642079
Constrained:
   Tgbecnw = 80376.2
     Tecnw = 24840.1
       Tnw = 15364.6
       Tec = 9420.96
     twoNb = 802752
     twoNe = 55523.2
     twoNc = 2.37894e+06
     twoNn = 3.34205e+06
     twoNw = 1.16066e+07
    twoNec = 134013
    twoNnw = 34537.9
  twoNecnw = 67286.3
  twoNbecnw = 2083.2
  twoNgbecnw = 344205
         m = 0.0890888
        m2 = 0.0193562
        m3 = 0.258668
        m4 = 0.0183873
        m6 = 1.0789e-06
        Tb = 17130.5
        Ta = 46165.3
        Tc = 7682.32
        Td = 3841.16
        Tf = 1920.58
#       SitePat  BranchLen
              b 122043.5378988
              e 48045.8398143
              c 49339.0973773
              n 43823.0063636
              w 46008.5643940
            b:e 2113.3838763
            b:c 2415.1340160
            b:n 1607.5538377
            b:w 1754.0363328
            e:c 10150.0607197
            e:n 5679.6157247
            e:w 4674.3765981
            c:n 5174.2963919
            c:w 4633.4555514
            n:w 12279.9562895
          b:e:c 1939.1997911
          b:e:n 1046.8386674
          b:e:w 1029.8747278
          b:c:n 1028.7246302
          b:c:w 1069.5779447
          b:n:w 1906.8997079
          e:c:n 4940.5065647
          e:c:w 4215.2958099
          e:n:w 6043.3947284
          c:n:w 5562.6074811
        b:e:c:n 2004.2364862
        b:e:c:w 1919.5973479
        b:e:n:w 3294.1534886
        b:c:n:w 2704.5840966
        e:c:n:w 50780.9588078
