########################################
# legofit: estimate population history #
#            version 2.3.3             #
########################################

# Program was compiled: Sep 12 2021 17:54:39
# Program was run: Mon Sep 20 07:49:08 2021

# cmd: legofit -1 -d 0 -t 56 --ptsPerDim 3 --stateOut b1boot37.state --tol 3e-6 -S 5000 abcdf2.lgo ../../boot/boot37.opf
# Stage nOptItr nSimReps
#     0    5000        0
# algorithm          : deterministic
# ignoring probs <=  : 0
# Branch length floor: 0
# DE strategy        : 2
#    F               : 0.3
#    CR              : 0.8
#    tolerance       : 3e-06
# nthreads           : 56
# lgo input file     : abcdf2.lgo
# site pat input file: ../../boot/boot37.opf
# free parameters    : 19
# points in DE swarm : 57
# output state file  : b1boot37.state
# Including singleton site patterns.
# cost function      : KL
Initial parameter values
Fixed:
      zero = 0
       one = 1
    Tbecnw = 75200
Free:
       pc1 = 0
       pc2 = 0
       pc3 = 0
       pc4 = 0
       pc5 = 0
       pc6 = 0
       pc7 = 0
       pc8 = 0
       pc9 = 0
      pc10 = 0
      pc11 = 0
      pc12 = 0
      pc13 = 0
      pc14 = 0
      pc15 = 0
      pc16 = 0
      pc17 = 0
      pc18 = 0
      pc19 = 0
Constrained:
   Tgbecnw = 101077
     Tecnw = 25378.1
       Tnw = 15996.1
       Tec = 14170.9
     twoNb = 741423
     twoNe = 169579
     twoNc = 1.52207e+06
     twoNn = 3.23057e+06
     twoNw = 6.39438e+06
    twoNec = 93480.7
    twoNnw = 35106.4
  twoNecnw = 72866.3
  twoNbecnw = 9958.42
  twoNgbecnw = 327617
         m = 0.102719
        m2 = 0.0202529
        m3 = 0.255272
        m4 = 0.0179211
        m6 = 2.0054e-07
        Tb = 19774.5
        Ta = 47487.2
        Tc = 7998.06
        Td = 3999.03
        Tf = 1999.52
DiffEv reached_goal. cost=1.63135e-03 spread=2.37771e-06
Fitted parameter values
Free:
       pc1 = 3.89145
       pc2 = -3.96774
       pc3 = 0.215541
       pc4 = 1.49677
       pc5 = -1.71898
       pc6 = -1.52197
       pc7 = 0.556966
       pc8 = 1.18892
       pc9 = -1.1068
      pc10 = 0.699353
      pc11 = -0.122092
      pc12 = 1.6618
      pc13 = -0.539396
      pc14 = 0.000141543
      pc15 = 0.0922588
      pc16 = 0.0192935
      pc17 = -0.0134149
      pc18 = -0.020117
      pc19 = -0.0281141
Constrained:
   Tgbecnw = 80435.3
     Tecnw = 25291.3
       Tnw = 13309.1
       Tec = 8760.82
     twoNb = 811890
     twoNe = 63474.8
     twoNc = 1.99741e+06
     twoNn = 3.05334e+06
     twoNw = 1.19423e+07
    twoNec = 142055
    twoNnw = 44080
  twoNecnw = 65258.6
  twoNbecnw = 2038.86
  twoNgbecnw = 375718
         m = 0.0803345
        m2 = 0.0197348
        m3 = 0.265482
        m4 = 0.0175059
        m6 = 1.01798e-06
        Tb = 17026
        Ta = 46113
        Tc = 6654.57
        Td = 3327.28
        Tf = 1663.64
#       SitePat  BranchLen
              b 121990.9524563
              e 47855.4500916
              c 49145.2255412
              n 43616.6807621
              w 45901.0996793
            b:e 2092.6777062
            b:c 2380.9405872
            b:n 1600.2800438
            b:w 1752.1223355
            e:c 10088.4850476
            e:n 5692.2667031
            e:w 4626.5208774
            c:n 5156.7467469
            c:w 4598.2963462
            n:w 12237.0394561
          b:e:c 1914.6305669
          b:e:n 1042.2879195
          b:e:w 1023.6367392
          b:c:n 1022.0685896
          b:c:w 1065.5791796
          b:n:w 1884.5393206
          e:c:n 4959.7977357
          e:c:w 4207.8786428
          e:n:w 5981.2700712
          c:n:w 5514.1677759
        b:e:c:n 1996.8377678
        b:e:c:w 1911.8325027
        b:e:n:w 3258.5043364
        b:c:n:w 2689.5895725
        e:c:n:w 50974.4031601
