########################################
# legofit: estimate population history #
#            version 2.3.3             #
########################################

# Program was compiled: Sep 12 2021 17:54:39
# Program was run: Mon Sep 20 07:49:06 2021

# cmd: legofit -1 -d 0 -t 56 --ptsPerDim 3 --stateOut b1boot38.state --tol 3e-6 -S 5000 abcdf2.lgo ../../boot/boot38.opf
# Stage nOptItr nSimReps
#     0    5000        0
# algorithm          : deterministic
# ignoring probs <=  : 0
# Branch length floor: 0
# DE strategy        : 2
#    F               : 0.3
#    CR              : 0.8
#    tolerance       : 3e-06
# nthreads           : 56
# lgo input file     : abcdf2.lgo
# site pat input file: ../../boot/boot38.opf
# free parameters    : 19
# points in DE swarm : 57
# output state file  : b1boot38.state
# Including singleton site patterns.
# cost function      : KL
Initial parameter values
Fixed:
      zero = 0
       one = 1
    Tbecnw = 75200
Free:
       pc1 = 0
       pc2 = 0
       pc3 = 0
       pc4 = 0
       pc5 = 0
       pc6 = 0
       pc7 = 0
       pc8 = 0
       pc9 = 0
      pc10 = 0
      pc11 = 0
      pc12 = 0
      pc13 = 0
      pc14 = 0
      pc15 = 0
      pc16 = 0
      pc17 = 0
      pc18 = 0
      pc19 = 0
Constrained:
   Tgbecnw = 101077
     Tecnw = 25378.1
       Tnw = 15996.1
       Tec = 14170.9
     twoNb = 741423
     twoNe = 169579
     twoNc = 1.52207e+06
     twoNn = 3.23057e+06
     twoNw = 6.39438e+06
    twoNec = 93480.7
    twoNnw = 35106.4
  twoNecnw = 72866.3
  twoNbecnw = 9958.42
  twoNgbecnw = 327617
         m = 0.102719
        m2 = 0.0202529
        m3 = 0.255272
        m4 = 0.0179211
        m6 = 2.0054e-07
        Tb = 19774.5
        Ta = 47487.2
        Tc = 7998.06
        Td = 3999.03
        Tf = 1999.52
DiffEv reached_goal. cost=1.61751e-03 spread=2.86752e-06
Fitted parameter values
Free:
       pc1 = 3.83488
       pc2 = -3.8608
       pc3 = -0.129802
       pc4 = -0.574132
       pc5 = -1.64117
       pc6 = -1.69304
       pc7 = -0.853353
       pc8 = 0.43861
       pc9 = -0.251201
      pc10 = 0.693211
      pc11 = -0.32942
      pc12 = 0.626701
      pc13 = 0.0831838
      pc14 = -0.0223662
      pc15 = 0.159088
      pc16 = 0.00682992
      pc17 = 0.0387477
      pc18 = -0.0223137
      pc19 = -0.0443868
Constrained:
   Tgbecnw = 81577.6
     Tecnw = 25096.3
       Tnw = 13168.5
       Tec = 8682.9
     twoNb = 715056
     twoNe = 79492.1
     twoNc = 2.25254e+06
     twoNn = 6.81313e+06
     twoNw = 9.03648e+06
    twoNec = 143211
    twoNnw = 44731.7
  twoNecnw = 67039.2
  twoNbecnw = 2541.93
  twoNgbecnw = 346800
         m = 0.0889798
        m2 = 0.0195173
        m3 = 0.262229
        m4 = 0.0184592
        m6 = 1.53095e-07
        Tb = 16889.6
        Ta = 46044.8
        Tc = 6584.26
        Td = 3292.13
        Tf = 1646.07
#       SitePat  BranchLen
              b 122318.1951957
              e 48178.6188501
              c 49422.5485410
              n 43951.0815583
              w 46133.6932820
            b:e 2108.4601675
            b:c 2420.3481973
            b:n 1612.5552780
            b:w 1752.6369855
            e:c 10135.7457855
            e:n 5681.3746207
            e:w 4700.1004627
            c:n 5218.3581220
            c:w 4645.8582627
            n:w 12307.5597188
          b:e:c 1916.5163865
          b:e:n 1045.4931776
          b:e:w 1032.1070362
          b:c:n 1031.4274259
          b:c:w 1067.7999512
          b:n:w 1884.4655480
          e:c:n 4947.6605725
          e:c:w 4233.6404322
          e:n:w 6005.9230540
          c:n:w 5531.4482813
        b:e:c:n 2002.3801334
        b:e:c:w 1924.4945165
        b:e:n:w 3278.4993663
        b:c:n:w 2692.7878181
        e:c:n:w 50897.1529250
