########################################
# legofit: estimate population history #
#            version 2.3.3             #
########################################

# Program was compiled: Sep 12 2021 17:54:39
# Program was run: Mon Sep 20 07:49:06 2021

# cmd: legofit -1 -d 0 -t 56 --ptsPerDim 3 --stateOut b1boot19.state --tol 3e-6 -S 5000 abcdf2.lgo ../../boot/boot19.opf
# Stage nOptItr nSimReps
#     0    5000        0
# algorithm          : deterministic
# ignoring probs <=  : 0
# Branch length floor: 0
# DE strategy        : 2
#    F               : 0.3
#    CR              : 0.8
#    tolerance       : 3e-06
# nthreads           : 56
# lgo input file     : abcdf2.lgo
# site pat input file: ../../boot/boot19.opf
# free parameters    : 19
# points in DE swarm : 57
# output state file  : b1boot19.state
# Including singleton site patterns.
# cost function      : KL
Initial parameter values
Fixed:
      zero = 0
       one = 1
    Tbecnw = 75200
Free:
       pc1 = 0
       pc2 = 0
       pc3 = 0
       pc4 = 0
       pc5 = 0
       pc6 = 0
       pc7 = 0
       pc8 = 0
       pc9 = 0
      pc10 = 0
      pc11 = 0
      pc12 = 0
      pc13 = 0
      pc14 = 0
      pc15 = 0
      pc16 = 0
      pc17 = 0
      pc18 = 0
      pc19 = 0
Constrained:
   Tgbecnw = 101077
     Tecnw = 25378.1
       Tnw = 15996.1
       Tec = 14170.9
     twoNb = 741423
     twoNe = 169579
     twoNc = 1.52207e+06
     twoNn = 3.23057e+06
     twoNw = 6.39438e+06
    twoNec = 93480.7
    twoNnw = 35106.4
  twoNecnw = 72866.3
  twoNbecnw = 9958.42
  twoNgbecnw = 327617
         m = 0.102719
        m2 = 0.0202529
        m3 = 0.255272
        m4 = 0.0179211
        m6 = 2.0054e-07
        Tb = 19774.5
        Ta = 47487.2
        Tc = 7998.06
        Td = 3999.03
        Tf = 1999.52
DiffEv reached_goal. cost=1.62708e-03 spread=2.99640e-06
Fitted parameter values
Free:
       pc1 = 3.87552
       pc2 = -2.97714
       pc3 = 0.269425
       pc4 = 0.612093
       pc5 = -0.957677
       pc6 = -1.44187
       pc7 = -0.541497
       pc8 = -0.566636
       pc9 = -0.442926
      pc10 = 1.51156
      pc11 = -0.57532
      pc12 = 1.06293
      pc13 = -0.578478
      pc14 = 0.0157881
      pc15 = 0.122923
      pc16 = -0.0433238
      pc17 = -0.0529251
      pc18 = -0.0134263
      pc19 = -0.0194121
Constrained:
   Tgbecnw = 80981.9
     Tecnw = 24861.3
       Tnw = 13511.6
       Tec = 9690.93
     twoNb = 737517
     twoNe = 100447
     twoNc = 718345
     twoNn = 4.50532e+06
     twoNw = 5.62665e+06
    twoNec = 128585
    twoNnw = 42265.4
  twoNecnw = 67016.6
  twoNbecnw = 2244.07
  twoNgbecnw = 374093
         m = 0.0810022
        m2 = 0.0198351
        m3 = 0.25999
        m4 = 0.0183192
        m6 = 1.04434e-06
        Tb = 17276.1
        Ta = 46238
        Tc = 6755.79
        Td = 3377.89
        Tf = 1688.95
#       SitePat  BranchLen
              b 121888.6777036
              e 47939.0149875
              c 49202.5663529
              n 43730.5945392
              w 45937.8752210
            b:e 2101.9149515
            b:c 2405.9761776
            b:n 1610.2795281
            b:w 1757.7271059
            e:c 10168.7419588
            e:n 5673.0540478
            e:w 4674.7056753
            c:n 5187.2990949
            c:w 4628.1572216
            n:w 12324.1081104
          b:e:c 1928.8641662
          b:e:n 1043.8717766
          b:e:w 1028.7997737
          b:c:n 1027.8582509
          b:c:w 1067.1357025
          b:n:w 1897.2155708
          e:c:n 4969.2841118
          e:c:w 4231.4441134
          e:n:w 5994.1067187
          c:n:w 5521.2896907
        b:e:c:n 2009.6597564
        b:e:c:w 1926.0563265
        b:e:n:w 3285.7119352
        b:c:n:w 2700.8972635
        e:c:n:w 50705.4159418
