########################################
# legofit: estimate population history #
#            version 2.3.3             #
########################################

# Program was compiled: Sep 12 2021 17:54:39
# Program was run: Mon Sep 20 07:49:07 2021

# cmd: legofit -1 -d 0 -t 56 --ptsPerDim 3 --stateOut b1boot26.state --tol 3e-6 -S 5000 abcdf2.lgo ../../boot/boot26.opf
# Stage nOptItr nSimReps
#     0    5000        0
# algorithm          : deterministic
# ignoring probs <=  : 0
# Branch length floor: 0
# DE strategy        : 2
#    F               : 0.3
#    CR              : 0.8
#    tolerance       : 3e-06
# nthreads           : 56
# lgo input file     : abcdf2.lgo
# site pat input file: ../../boot/boot26.opf
# free parameters    : 19
# points in DE swarm : 57
# output state file  : b1boot26.state
# Including singleton site patterns.
# cost function      : KL
Initial parameter values
Fixed:
      zero = 0
       one = 1
    Tbecnw = 75200
Free:
       pc1 = 0
       pc2 = 0
       pc3 = 0
       pc4 = 0
       pc5 = 0
       pc6 = 0
       pc7 = 0
       pc8 = 0
       pc9 = 0
      pc10 = 0
      pc11 = 0
      pc12 = 0
      pc13 = 0
      pc14 = 0
      pc15 = 0
      pc16 = 0
      pc17 = 0
      pc18 = 0
      pc19 = 0
Constrained:
   Tgbecnw = 101077
     Tecnw = 25378.1
       Tnw = 15996.1
       Tec = 14170.9
     twoNb = 741423
     twoNe = 169579
     twoNc = 1.52207e+06
     twoNn = 3.23057e+06
     twoNw = 6.39438e+06
    twoNec = 93480.7
    twoNnw = 35106.4
  twoNecnw = 72866.3
  twoNbecnw = 9958.42
  twoNgbecnw = 327617
         m = 0.102719
        m2 = 0.0202529
        m3 = 0.255272
        m4 = 0.0179211
        m6 = 2.0054e-07
        Tb = 19774.5
        Ta = 47487.2
        Tc = 7998.06
        Td = 3999.03
        Tf = 1999.52
DiffEv reached_goal. cost=1.60630e-03 spread=2.94025e-06
Fitted parameter values
Free:
       pc1 = 3.67665
       pc2 = -3.11016
       pc3 = 0.792844
       pc4 = 1.56747
       pc5 = -1.16999
       pc6 = -1.10389
       pc7 = -0.806845
       pc8 = 0.355579
       pc9 = -1.32181
      pc10 = 1.61098
      pc11 = -0.683766
      pc12 = 0.923676
      pc13 = -0.658639
      pc14 = -0.10137
      pc15 = -0.036118
      pc16 = -0.162278
      pc17 = -0.00400943
      pc18 = 0.000735952
      pc19 = -0.017497
Constrained:
   Tgbecnw = 79343.7
     Tecnw = 24884.8
       Tnw = 13479.3
       Tec = 9307.91
     twoNb = 731831
     twoNe = 89451.1
     twoNc = 1.02672e+06
     twoNn = 3.63817e+06
     twoNw = 3.71641e+06
    twoNec = 132510
    twoNnw = 42523.5
  twoNecnw = 67546.7
  twoNbecnw = 1608.13
  twoNgbecnw = 376662
         m = 0.0808431
        m2 = 0.0204697
        m3 = 0.268594
        m4 = 0.0177679
        m6 = 1.07559e-06
        Tb = 17096.4
        Ta = 46148.2
        Tc = 6739.66
        Td = 3369.83
        Tf = 1684.91
#       SitePat  BranchLen
              b 121531.2795362
              e 47983.9506918
              c 49221.4853453
              n 43810.3676154
              w 46086.4470530
            b:e 2103.7936121
            b:c 2398.5582103
            b:n 1612.5758764
            b:w 1761.9949935
            e:c 10131.2583800
            e:n 5701.8278992
            e:w 4669.5814637
            c:n 5213.0630969
            c:w 4628.1466745
            n:w 12230.2319960
          b:e:c 1923.0542617
          b:e:n 1048.8295734
          b:e:w 1033.9085526
          b:c:n 1032.2885473
          b:c:w 1072.7303649
          b:n:w 1891.3765188
          e:c:n 4956.1907177
          e:c:w 4203.3653185
          e:n:w 5935.2369504
          c:n:w 5478.7711438
        b:e:c:n 2021.7046646
        b:e:c:w 1940.6736064
        b:e:n:w 3288.8259369
        b:c:n:w 2720.9111894
        e:c:n:w 50440.3040685
