########################################
# legofit: estimate population history #
#            version 2.3.3             #
########################################

# Program was compiled: Sep 12 2021 17:54:39
# Program was run: Mon Sep 20 07:49:07 2021

# cmd: legofit -1 -d 0 -t 56 --ptsPerDim 3 --stateOut b1boot30.state --tol 3e-6 -S 5000 abcdf2.lgo ../../boot/boot30.opf
# Stage nOptItr nSimReps
#     0    5000        0
# algorithm          : deterministic
# ignoring probs <=  : 0
# Branch length floor: 0
# DE strategy        : 2
#    F               : 0.3
#    CR              : 0.8
#    tolerance       : 3e-06
# nthreads           : 56
# lgo input file     : abcdf2.lgo
# site pat input file: ../../boot/boot30.opf
# free parameters    : 19
# points in DE swarm : 57
# output state file  : b1boot30.state
# Including singleton site patterns.
# cost function      : KL
Initial parameter values
Fixed:
      zero = 0
       one = 1
    Tbecnw = 75200
Free:
       pc1 = 0
       pc2 = 0
       pc3 = 0
       pc4 = 0
       pc5 = 0
       pc6 = 0
       pc7 = 0
       pc8 = 0
       pc9 = 0
      pc10 = 0
      pc11 = 0
      pc12 = 0
      pc13 = 0
      pc14 = 0
      pc15 = 0
      pc16 = 0
      pc17 = 0
      pc18 = 0
      pc19 = 0
Constrained:
   Tgbecnw = 101077
     Tecnw = 25378.1
       Tnw = 15996.1
       Tec = 14170.9
     twoNb = 741423
     twoNe = 169579
     twoNc = 1.52207e+06
     twoNn = 3.23057e+06
     twoNw = 6.39438e+06
    twoNec = 93480.7
    twoNnw = 35106.4
  twoNecnw = 72866.3
  twoNbecnw = 9958.42
  twoNgbecnw = 327617
         m = 0.102719
        m2 = 0.0202529
        m3 = 0.255272
        m4 = 0.0179211
        m6 = 2.0054e-07
        Tb = 19774.5
        Ta = 47487.2
        Tc = 7998.06
        Td = 3999.03
        Tf = 1999.52
DiffEv reached_goal. cost=1.65631e-03 spread=2.94900e-06
Fitted parameter values
Free:
       pc1 = 3.72139
       pc2 = -2.69168
       pc3 = -0.143669
       pc4 = 0.589304
       pc5 = -0.587702
       pc6 = -1.71738
       pc7 = -0.218875
       pc8 = -0.291845
       pc9 = 0.00732723
      pc10 = 1.36481
      pc11 = -0.930147
      pc12 = 0.98732
      pc13 = -0.236092
      pc14 = -0.122063
      pc15 = 0.0220296
      pc16 = -0.0551789
      pc17 = -0.0311574
      pc18 = -0.0683294
      pc19 = -0.0314933
Constrained:
   Tgbecnw = 81548
     Tecnw = 24845.6
       Tnw = 13956.2
       Tec = 10123.4
     twoNb = 676140
     twoNe = 87268.9
     twoNc = 692455
     twoNn = 5.8585e+06
     twoNw = 8.32312e+06
    twoNec = 126105
    twoNnw = 40624
  twoNecnw = 67884.2
  twoNbecnw = 2488.44
  twoNgbecnw = 361464
         m = 0.0857616
        m2 = 0.0196945
        m3 = 0.255711
        m4 = 0.0183011
        m6 = 1.13849e-06
        Tb = 17484.5
        Ta = 46342.3
        Tc = 6978.08
        Td = 3489.04
        Tf = 1744.52
#       SitePat  BranchLen
              b 122426.7272024
              e 48128.0642088
              c 49454.9937875
              n 43883.0384741
              w 46107.9621180
            b:e 2114.6241423
            b:c 2434.9732707
            b:n 1612.5534601
            b:w 1760.2412592
            e:c 10156.3440308
            e:n 5731.0571450
            e:w 4684.1441074
            c:n 5175.7486626
            c:w 4653.7637102
            n:w 12357.9585990
          b:e:c 1935.4583883
          b:e:n 1050.2302722
          b:e:w 1029.7558537
          b:c:n 1029.2816941
          b:c:w 1074.1793475
          b:n:w 1902.1014778
          e:c:n 4964.8437780
          e:c:w 4224.4859400
          e:n:w 6024.4734823
          c:n:w 5530.8302227
        b:e:c:n 2014.9212893
        b:e:c:w 1927.1424766
        b:e:n:w 3299.9282722
        b:c:n:w 2708.5066640
        e:c:n:w 51035.1519635
