########################################
# legofit: estimate population history #
#            version 2.3.3             #
########################################

# Program was compiled: Sep 12 2021 17:54:39
# Program was run: Mon Sep 20 07:49:07 2021

# cmd: legofit -1 -d 0 -t 56 --ptsPerDim 3 --stateOut b1boot27.state --tol 3e-6 -S 5000 abcdf2.lgo ../../boot/boot27.opf
# Stage nOptItr nSimReps
#     0    5000        0
# algorithm          : deterministic
# ignoring probs <=  : 0
# Branch length floor: 0
# DE strategy        : 2
#    F               : 0.3
#    CR              : 0.8
#    tolerance       : 3e-06
# nthreads           : 56
# lgo input file     : abcdf2.lgo
# site pat input file: ../../boot/boot27.opf
# free parameters    : 19
# points in DE swarm : 57
# output state file  : b1boot27.state
# Including singleton site patterns.
# cost function      : KL
Initial parameter values
Fixed:
      zero = 0
       one = 1
    Tbecnw = 75200
Free:
       pc1 = 0
       pc2 = 0
       pc3 = 0
       pc4 = 0
       pc5 = 0
       pc6 = 0
       pc7 = 0
       pc8 = 0
       pc9 = 0
      pc10 = 0
      pc11 = 0
      pc12 = 0
      pc13 = 0
      pc14 = 0
      pc15 = 0
      pc16 = 0
      pc17 = 0
      pc18 = 0
      pc19 = 0
Constrained:
   Tgbecnw = 101077
     Tecnw = 25378.1
       Tnw = 15996.1
       Tec = 14170.9
     twoNb = 741423
     twoNe = 169579
     twoNc = 1.52207e+06
     twoNn = 3.23057e+06
     twoNw = 6.39438e+06
    twoNec = 93480.7
    twoNnw = 35106.4
  twoNecnw = 72866.3
  twoNbecnw = 9958.42
  twoNgbecnw = 327617
         m = 0.102719
        m2 = 0.0202529
        m3 = 0.255272
        m4 = 0.0179211
        m6 = 2.0054e-07
        Tb = 19774.5
        Ta = 47487.2
        Tc = 7998.06
        Td = 3999.03
        Tf = 1999.52
DiffEv reached_goal. cost=1.62736e-03 spread=2.83451e-06
Fitted parameter values
Free:
       pc1 = 3.87787
       pc2 = -1.09746
       pc3 = -0.0447742
       pc4 = 0.590399
       pc5 = -0.607915
       pc6 = -1.17832
       pc7 = -1.04304
       pc8 = -0.195452
       pc9 = -0.747715
      pc10 = 1.42359
      pc11 = -0.868103
      pc12 = 0.967123
      pc13 = 0.0753551
      pc14 = -0.0523385
      pc15 = 0.0194963
      pc16 = 0.00160567
      pc17 = 0.0187314
      pc18 = -0.0106227
      pc19 = -0.0378764
Constrained:
   Tgbecnw = 79489.4
     Tecnw = 24491.8
       Tnw = 14788.8
       Tec = 11652.5
     twoNb = 590564
     twoNe = 123553
     twoNc = 923124
     twoNn = 5.37061e+06
     twoNw = 5.13639e+06
    twoNec = 109699
    twoNnw = 36076.6
  twoNecnw = 67846
  twoNbecnw = 1684.17
  twoNgbecnw = 366153
         m = 0.0839965
        m2 = 0.0200721
        m3 = 0.261859
        m4 = 0.0182077
        m6 = 6.986e-07
        Tb = 18072.2
        Ta = 46636.1
        Tc = 7394.38
        Td = 3697.19
        Tf = 1848.59
#       SitePat  BranchLen
              b 121816.7061151
              e 47894.2381628
              c 49179.0581879
              n 43699.3137951
              w 45901.9813644
            b:e 2116.3843289
            b:c 2448.9073522
            b:n 1608.9289117
            b:w 1755.0985888
            e:c 10041.9412251
            e:n 5707.6609381
            e:w 4686.7875983
            c:n 5171.3202528
            c:w 4654.3303110
            n:w 12213.0079270
          b:e:c 1927.5473261
          b:e:n 1047.4982411
          b:e:w 1027.5968475
          b:c:n 1027.8128052
          b:c:w 1071.9559075
          b:n:w 1890.9831138
          e:c:n 4968.4198897
          e:c:w 4220.7361736
          e:n:w 6021.9420960
          c:n:w 5526.4368531
        b:e:c:n 2013.8050727
        b:e:c:w 1926.2731523
        b:e:n:w 3281.4148334
        b:c:n:w 2703.7012587
        e:c:n:w 50782.3682386
