########################################
# legofit: estimate population history #
#            version 2.3.3             #
########################################

# Program was compiled: Sep 12 2021 17:54:39
# Program was run: Mon Sep 20 07:49:06 2021

# cmd: legofit -1 -d 0 -t 56 --ptsPerDim 3 --stateOut b1boot10.state --tol 3e-6 -S 5000 abcdf2.lgo ../../boot/boot10.opf
# Stage nOptItr nSimReps
#     0    5000        0
# algorithm          : deterministic
# ignoring probs <=  : 0
# Branch length floor: 0
# DE strategy        : 2
#    F               : 0.3
#    CR              : 0.8
#    tolerance       : 3e-06
# nthreads           : 56
# lgo input file     : abcdf2.lgo
# site pat input file: ../../boot/boot10.opf
# free parameters    : 19
# points in DE swarm : 57
# output state file  : b1boot10.state
# Including singleton site patterns.
# cost function      : KL
Initial parameter values
Fixed:
      zero = 0
       one = 1
    Tbecnw = 75200
Free:
       pc1 = 0
       pc2 = 0
       pc3 = 0
       pc4 = 0
       pc5 = 0
       pc6 = 0
       pc7 = 0
       pc8 = 0
       pc9 = 0
      pc10 = 0
      pc11 = 0
      pc12 = 0
      pc13 = 0
      pc14 = 0
      pc15 = 0
      pc16 = 0
      pc17 = 0
      pc18 = 0
      pc19 = 0
Constrained:
   Tgbecnw = 101077
     Tecnw = 25378.1
       Tnw = 15996.1
       Tec = 14170.9
     twoNb = 741423
     twoNe = 169579
     twoNc = 1.52207e+06
     twoNn = 3.23057e+06
     twoNw = 6.39438e+06
    twoNec = 93480.7
    twoNnw = 35106.4
  twoNecnw = 72866.3
  twoNbecnw = 9958.42
  twoNgbecnw = 327617
         m = 0.102719
        m2 = 0.0202529
        m3 = 0.255272
        m4 = 0.0179211
        m6 = 2.0054e-07
        Tb = 19774.5
        Ta = 47487.2
        Tc = 7998.06
        Td = 3999.03
        Tf = 1999.52
DiffEv reached_goal. cost=1.62783e-03 spread=2.33757e-06
Fitted parameter values
Free:
       pc1 = 3.97778
       pc2 = -1.84901
       pc3 = -0.309316
       pc4 = 1.27266
       pc5 = -0.770121
       pc6 = -1.67003
       pc7 = -0.343439
       pc8 = 0.919315
       pc9 = -0.224884
      pc10 = 0.486505
      pc11 = -1.4485
      pc12 = 1.72428
      pc13 = -0.214225
      pc14 = 0.0769973
      pc15 = 0.12952
      pc16 = -0.0596808
      pc17 = -0.0194995
      pc18 = -0.0365209
      pc19 = -0.044734
Constrained:
   Tgbecnw = 79335.9
     Tecnw = 24666.3
       Tnw = 15175.7
       Tec = 10508.3
     twoNb = 685940
     twoNe = 80974.4
     twoNc = 1.83785e+06
     twoNn = 8.64443e+06
     twoNw = 1.06849e+07
    twoNec = 121297
    twoNnw = 35034.7
  twoNecnw = 66955.2
  twoNbecnw = 1621.03
  twoNgbecnw = 371270
         m = 0.0818077
        m2 = 0.0200009
        m3 = 0.256747
        m4 = 0.0177853
        m6 = 1.06077e-06
        Tb = 17587.3
        Ta = 46393.6
        Tc = 7587.84
        Td = 3793.92
        Tf = 1896.96
#       SitePat  BranchLen
              b 121709.2123161
              e 47814.1836614
              c 49106.9764220
              n 43634.9261392
              w 45831.0297589
            b:e 2112.9498380
            b:c 2421.5476445
            b:n 1605.9989535
            b:w 1753.4009815
            e:c 10087.5922342
            e:n 5688.3903528
            e:w 4657.5808146
            c:n 5143.4870731
            c:w 4631.2298934
            n:w 12210.2287609
          b:e:c 1934.3598211
          b:e:n 1046.3688656
          b:e:w 1025.7940582
          b:c:n 1025.3126772
          b:c:w 1070.2446656
          b:n:w 1899.8949511
          e:c:n 4952.6391488
          e:c:w 4214.5412346
          e:n:w 6021.3281153
          c:n:w 5539.0142756
        b:e:c:n 2007.3234306
        b:e:c:w 1920.6252684
        b:e:n:w 3279.9812540
        b:c:n:w 2708.7641984
        e:c:n:w 50758.1210802
