########################################
# legofit: estimate population history #
#            version 2.3.3             #
########################################

# Program was compiled: Sep 12 2021 17:54:39
# Program was run: Mon Sep 20 07:49:06 2021

# cmd: legofit -1 -d 0 -t 56 --ptsPerDim 3 --stateOut b1boot13.state --tol 3e-6 -S 5000 abcdf2.lgo ../../boot/boot13.opf
# Stage nOptItr nSimReps
#     0    5000        0
# algorithm          : deterministic
# ignoring probs <=  : 0
# Branch length floor: 0
# DE strategy        : 2
#    F               : 0.3
#    CR              : 0.8
#    tolerance       : 3e-06
# nthreads           : 56
# lgo input file     : abcdf2.lgo
# site pat input file: ../../boot/boot13.opf
# free parameters    : 19
# points in DE swarm : 57
# output state file  : b1boot13.state
# Including singleton site patterns.
# cost function      : KL
Initial parameter values
Fixed:
      zero = 0
       one = 1
    Tbecnw = 75200
Free:
       pc1 = 0
       pc2 = 0
       pc3 = 0
       pc4 = 0
       pc5 = 0
       pc6 = 0
       pc7 = 0
       pc8 = 0
       pc9 = 0
      pc10 = 0
      pc11 = 0
      pc12 = 0
      pc13 = 0
      pc14 = 0
      pc15 = 0
      pc16 = 0
      pc17 = 0
      pc18 = 0
      pc19 = 0
Constrained:
   Tgbecnw = 101077
     Tecnw = 25378.1
       Tnw = 15996.1
       Tec = 14170.9
     twoNb = 741423
     twoNe = 169579
     twoNc = 1.52207e+06
     twoNn = 3.23057e+06
     twoNw = 6.39438e+06
    twoNec = 93480.7
    twoNnw = 35106.4
  twoNecnw = 72866.3
  twoNbecnw = 9958.42
  twoNgbecnw = 327617
         m = 0.102719
        m2 = 0.0202529
        m3 = 0.255272
        m4 = 0.0179211
        m6 = 2.0054e-07
        Tb = 19774.5
        Ta = 47487.2
        Tc = 7998.06
        Td = 3999.03
        Tf = 1999.52
DiffEv reached_goal. cost=1.63124e-03 spread=2.98818e-06
Fitted parameter values
Free:
       pc1 = 3.96628
       pc2 = -3.5771
       pc3 = 0.604496
       pc4 = 0.338362
       pc5 = -1.60813
       pc6 = -0.662109
       pc7 = 0.671157
       pc8 = 0.598578
       pc9 = -0.609429
      pc10 = 1.47355
      pc11 = -0.965972
      pc12 = 1.08812
      pc13 = -0.0264458
      pc14 = 0.128721
      pc15 = 0.190814
      pc16 = -0.00787573
      pc17 = -0.0344534
      pc18 = 0.034272
      pc19 = -0.0495617
Constrained:
   Tgbecnw = 80089
     Tecnw = 25023
       Tnw = 12924.6
       Tec = 9179.44
     twoNb = 702552
     twoNe = 91241.5
     twoNc = 2.2793e+06
     twoNn = 1.395e+06
     twoNw = 1.00757e+07
    twoNec = 134433
    twoNnw = 45994.5
  twoNecnw = 65946.3
  twoNbecnw = 1963.01
  twoNgbecnw = 347402
         m = 0.0873093
        m2 = 0.0205424
        m3 = 0.255334
        m4 = 0.0179986
        m6 = 9.61087e-07
        Tb = 17101.2
        Ta = 46150.6
        Tc = 6462.3
        Td = 3231.15
        Tf = 1615.57
#       SitePat  BranchLen
              b 121766.0572974
              e 47851.4714359
              c 49091.7683948
              n 43699.7512962
              w 45869.6807932
            b:e 2106.7488783
            b:c 2415.4657567
            b:n 1610.3050883
            b:w 1749.9182549
            e:c 10139.1099592
            e:n 5654.1048155
            e:w 4665.2720762
            c:n 5168.7558121
            c:w 4620.5664972
            n:w 12261.5876084
          b:e:c 1914.7336689
          b:e:n 1040.1964039
          b:e:w 1024.7213120
          b:c:n 1024.1594153
          b:c:w 1062.8237748
          b:n:w 1883.2060927
          e:c:n 4964.5067185
          e:c:w 4246.6356213
          e:n:w 5998.5197991
          c:n:w 5524.6031603
        b:e:c:n 1997.5277654
        b:e:c:w 1919.6890258
        b:e:n:w 3263.1218373
        b:c:n:w 2696.0136200
        e:c:n:w 50688.3291692
