########################################
# legofit: estimate population history #
#            version 2.3.3             #
########################################

# Program was compiled: Sep 12 2021 17:54:39
# Program was run: Mon Sep 20 07:49:06 2021

# cmd: legofit -1 -d 0 -t 56 --ptsPerDim 3 --stateOut b1boot15.state --tol 3e-6 -S 5000 abcdf2.lgo ../../boot/boot15.opf
# Stage nOptItr nSimReps
#     0    5000        0
# algorithm          : deterministic
# ignoring probs <=  : 0
# Branch length floor: 0
# DE strategy        : 2
#    F               : 0.3
#    CR              : 0.8
#    tolerance       : 3e-06
# nthreads           : 56
# lgo input file     : abcdf2.lgo
# site pat input file: ../../boot/boot15.opf
# free parameters    : 19
# points in DE swarm : 57
# output state file  : b1boot15.state
# Including singleton site patterns.
# cost function      : KL
Initial parameter values
Fixed:
      zero = 0
       one = 1
    Tbecnw = 75200
Free:
       pc1 = 0
       pc2 = 0
       pc3 = 0
       pc4 = 0
       pc5 = 0
       pc6 = 0
       pc7 = 0
       pc8 = 0
       pc9 = 0
      pc10 = 0
      pc11 = 0
      pc12 = 0
      pc13 = 0
      pc14 = 0
      pc15 = 0
      pc16 = 0
      pc17 = 0
      pc18 = 0
      pc19 = 0
Constrained:
   Tgbecnw = 101077
     Tecnw = 25378.1
       Tnw = 15996.1
       Tec = 14170.9
     twoNb = 741423
     twoNe = 169579
     twoNc = 1.52207e+06
     twoNn = 3.23057e+06
     twoNw = 6.39438e+06
    twoNec = 93480.7
    twoNnw = 35106.4
  twoNecnw = 72866.3
  twoNbecnw = 9958.42
  twoNgbecnw = 327617
         m = 0.102719
        m2 = 0.0202529
        m3 = 0.255272
        m4 = 0.0179211
        m6 = 2.0054e-07
        Tb = 19774.5
        Ta = 47487.2
        Tc = 7998.06
        Td = 3999.03
        Tf = 1999.52
DiffEv reached_goal. cost=1.63207e-03 spread=2.72685e-06
Fitted parameter values
Free:
       pc1 = 3.87951
       pc2 = -1.7413
       pc3 = -1.11701
       pc4 = 0.361715
       pc5 = -0.902342
       pc6 = -1.42055
       pc7 = 0.463616
       pc8 = 0.0355405
       pc9 = -1.38049
      pc10 = 1.14333
      pc11 = -0.742861
      pc12 = 1.11855
      pc13 = -0.14587
      pc14 = 0.121446
      pc15 = 0.141542
      pc16 = -0.0830847
      pc17 = -0.022181
      pc18 = -0.0337497
      pc19 = -0.0362207
Constrained:
   Tgbecnw = 79487.7
     Tecnw = 24665.2
       Tnw = 14964.3
       Tec = 10717.6
     twoNb = 673502
     twoNe = 102572
     twoNc = 740409
     twoNn = 397231
     twoNw = 1.31924e+07
    twoNec = 118622
    twoNnw = 35725.1
  twoNecnw = 67279.8
  twoNbecnw = 1679.55
  twoNgbecnw = 366632
         m = 0.0827777
        m2 = 0.0197525
        m3 = 0.259542
        m4 = 0.0181328
        m6 = 5.58414e-07
        Tb = 17691.4
        Ta = 46445.7
        Tc = 7482.14
        Td = 3741.07
        Tf = 1870.53
#       SitePat  BranchLen
              b 121460.4917303
              e 47850.9833688
              c 49109.7503672
              n 43675.9210895
              w 45862.0848238
            b:e 2091.3736420
            b:c 2402.3557631
            b:n 1592.7112298
            b:w 1738.3685633
            e:c 10090.8941293
            e:n 5652.3300355
            e:w 4654.7353688
            c:n 5150.6235328
            c:w 4615.1322957
            n:w 12220.7216445
          b:e:c 1917.4494013
          b:e:n 1034.5176574
          b:e:w 1017.5737633
          b:c:n 1017.0859120
          b:c:w 1057.9483079
          b:n:w 1883.4487358
          e:c:n 4938.2466111
          e:c:w 4200.9594981
          e:n:w 5987.3126997
          c:n:w 5510.0615216
        b:e:c:n 1991.0893119
        b:e:c:w 1905.7227944
        b:e:n:w 3253.2496787
        b:c:n:w 2679.1183991
        e:c:n:w 50456.0671904
