########################################
# legofit: estimate population history #
#            version 2.3.3             #
########################################

# Program was compiled: Sep 12 2021 17:54:39
# Program was run: Mon Sep 20 07:49:06 2021

# cmd: legofit -1 -d 0 -t 56 --ptsPerDim 3 --stateOut b1boot23.state --tol 3e-6 -S 5000 abcdf2.lgo ../../boot/boot23.opf
# Stage nOptItr nSimReps
#     0    5000        0
# algorithm          : deterministic
# ignoring probs <=  : 0
# Branch length floor: 0
# DE strategy        : 2
#    F               : 0.3
#    CR              : 0.8
#    tolerance       : 3e-06
# nthreads           : 56
# lgo input file     : abcdf2.lgo
# site pat input file: ../../boot/boot23.opf
# free parameters    : 19
# points in DE swarm : 57
# output state file  : b1boot23.state
# Including singleton site patterns.
# cost function      : KL
Initial parameter values
Fixed:
      zero = 0
       one = 1
    Tbecnw = 75200
Free:
       pc1 = 0
       pc2 = 0
       pc3 = 0
       pc4 = 0
       pc5 = 0
       pc6 = 0
       pc7 = 0
       pc8 = 0
       pc9 = 0
      pc10 = 0
      pc11 = 0
      pc12 = 0
      pc13 = 0
      pc14 = 0
      pc15 = 0
      pc16 = 0
      pc17 = 0
      pc18 = 0
      pc19 = 0
Constrained:
   Tgbecnw = 101077
     Tecnw = 25378.1
       Tnw = 15996.1
       Tec = 14170.9
     twoNb = 741423
     twoNe = 169579
     twoNc = 1.52207e+06
     twoNn = 3.23057e+06
     twoNw = 6.39438e+06
    twoNec = 93480.7
    twoNnw = 35106.4
  twoNecnw = 72866.3
  twoNbecnw = 9958.42
  twoNgbecnw = 327617
         m = 0.102719
        m2 = 0.0202529
        m3 = 0.255272
        m4 = 0.0179211
        m6 = 2.0054e-07
        Tb = 19774.5
        Ta = 47487.2
        Tc = 7998.06
        Td = 3999.03
        Tf = 1999.52
DiffEv reached_goal. cost=1.61215e-03 spread=2.81899e-06
Fitted parameter values
Free:
       pc1 = 3.98187
       pc2 = -2.59962
       pc3 = -1.21582
       pc4 = 0.534582
       pc5 = -1.15818
       pc6 = -0.248313
       pc7 = -0.78027
       pc8 = 0.254658
       pc9 = 0.381545
      pc10 = 1.70284
      pc11 = -0.734817
      pc12 = 1.07968
      pc13 = -0.287703
      pc14 = 0.0130017
      pc15 = 0.073757
      pc16 = -0.0489737
      pc17 = -0.0567571
      pc18 = -0.045938
      pc19 = -0.0475867
Constrained:
   Tgbecnw = 78923.4
     Tecnw = 24501
       Tnw = 14247.6
       Tec = 9874.72
     twoNb = 676888
     twoNe = 79342.4
     twoNc = 2.5082e+06
     twoNn = 2.23591e+06
     twoNw = 4.09431e+06
    twoNec = 125985
    twoNnw = 38615.3
  twoNecnw = 68382.6
  twoNbecnw = 1476.68
  twoNgbecnw = 357958
         m = 0.0855992
        m2 = 0.0191533
        m3 = 0.248851
        m4 = 0.0181838
        m6 = 7.19877e-07
        Tb = 17187.8
        Ta = 46193.9
        Tc = 7123.8
        Td = 3561.9
        Tf = 1780.95
#       SitePat  BranchLen
              b 121528.5738256
              e 47892.0900729
              c 49176.0448912
              n 43722.7129456
              w 45873.1181753
            b:e 2107.4380877
            b:c 2421.5775679
            b:n 1610.6963482
            b:w 1754.2234619
            e:c 10161.5572362
            e:n 5689.8454404
            e:w 4688.0248454
            c:n 5163.7744794
            c:w 4652.2880680
            n:w 12324.3741978
          b:e:c 1937.8262925
          b:e:n 1048.6447635
          b:e:w 1029.7261193
          b:c:n 1029.7345128
          b:c:w 1071.9124017
          b:n:w 1902.5952157
          e:c:n 4931.4835771
          e:c:w 4216.5280576
          e:n:w 5993.7526379
          c:n:w 5512.3284283
        b:e:c:n 2014.1639632
        b:e:c:w 1925.2349360
        b:e:n:w 3270.3481297
        b:c:n:w 2692.2096242
        e:c:n:w 50438.2413635
