########################################
# legofit: estimate population history #
#            version 2.3.3             #
########################################

# Program was compiled: Sep 12 2021 17:54:39
# Program was run: Mon Sep 20 07:49:06 2021

# cmd: legofit -1 -d 0 -t 56 --ptsPerDim 3 --stateOut b1boot29.state --tol 3e-6 -S 5000 abcdf2.lgo ../../boot/boot29.opf
# Stage nOptItr nSimReps
#     0    5000        0
# algorithm          : deterministic
# ignoring probs <=  : 0
# Branch length floor: 0
# DE strategy        : 2
#    F               : 0.3
#    CR              : 0.8
#    tolerance       : 3e-06
# nthreads           : 56
# lgo input file     : abcdf2.lgo
# site pat input file: ../../boot/boot29.opf
# free parameters    : 19
# points in DE swarm : 57
# output state file  : b1boot29.state
# Including singleton site patterns.
# cost function      : KL
Initial parameter values
Fixed:
      zero = 0
       one = 1
    Tbecnw = 75200
Free:
       pc1 = 0
       pc2 = 0
       pc3 = 0
       pc4 = 0
       pc5 = 0
       pc6 = 0
       pc7 = 0
       pc8 = 0
       pc9 = 0
      pc10 = 0
      pc11 = 0
      pc12 = 0
      pc13 = 0
      pc14 = 0
      pc15 = 0
      pc16 = 0
      pc17 = 0
      pc18 = 0
      pc19 = 0
Constrained:
   Tgbecnw = 101077
     Tecnw = 25378.1
       Tnw = 15996.1
       Tec = 14170.9
     twoNb = 741423
     twoNe = 169579
     twoNc = 1.52207e+06
     twoNn = 3.23057e+06
     twoNw = 6.39438e+06
    twoNec = 93480.7
    twoNnw = 35106.4
  twoNecnw = 72866.3
  twoNbecnw = 9958.42
  twoNgbecnw = 327617
         m = 0.102719
        m2 = 0.0202529
        m3 = 0.255272
        m4 = 0.0179211
        m6 = 2.0054e-07
        Tb = 19774.5
        Ta = 47487.2
        Tc = 7998.06
        Td = 3999.03
        Tf = 1999.52
DiffEv reached_goal. cost=1.65040e-03 spread=2.22598e-06
Fitted parameter values
Free:
       pc1 = 3.97652
       pc2 = -3.21737
       pc3 = -0.648575
       pc4 = 1.45775
       pc5 = -1.35513
       pc6 = -1.28643
       pc7 = 0.338357
       pc8 = 0.325352
       pc9 = -0.24105
      pc10 = 1.37022
      pc11 = -1.18832
      pc12 = 1.1274
      pc13 = -0.174675
      pc14 = 0.0855877
      pc15 = 0.104917
      pc16 = 0.0382086
      pc17 = -0.0120054
      pc18 = -0.021999
      pc19 = -0.0226877
Constrained:
   Tgbecnw = 80528.1
     Tecnw = 24784.6
       Tnw = 14170.2
       Tec = 8934.57
     twoNb = 655037
     twoNe = 60029
     twoNc = 1.76911e+06
     twoNn = 2.33862e+06
     twoNw = 9.91528e+06
    twoNec = 137452
    twoNnw = 39644.6
  twoNecnw = 67022.6
  twoNbecnw = 2076.57
  twoNgbecnw = 368748
         m = 0.0828176
        m2 = 0.019712
        m3 = 0.255413
        m4 = 0.0179523
        m6 = 1.36327e-06
        Tb = 16859.6
        Ta = 46029.8
        Tc = 7085.12
        Td = 3542.56
        Tf = 1771.28
#       SitePat  BranchLen
              b 121866.2525636
              e 47882.4836611
              c 49129.1553627
              n 43706.5315345
              w 45870.8192576
            b:e 2100.3244613
            b:c 2411.9645009
            b:n 1597.5885176
            b:w 1735.9156706
            e:c 10136.0198033
            e:n 5669.2746734
            e:w 4675.0218400
            c:n 5173.7328751
            c:w 4633.1644871
            n:w 12261.8841264
          b:e:c 1912.8440020
          b:e:n 1036.7082883
          b:e:w 1020.2588449
          b:c:n 1020.1954462
          b:c:w 1059.4235452
          b:n:w 1878.2952348
          e:c:n 4927.0841688
          e:c:w 4215.6058329
          e:n:w 6001.1038079
          c:n:w 5527.9000042
        b:e:c:n 1986.5873810
        b:e:c:w 1907.4934412
        b:e:n:w 3254.2850056
        b:c:n:w 2683.9242474
        e:c:n:w 50746.9661975
