########################################
# legofit: estimate population history #
#            version 2.3.3             #
########################################

# Program was compiled: Sep 12 2021 17:54:39
# Program was run: Mon Sep 20 07:49:06 2021

# cmd: legofit -1 -d 0 -t 56 --ptsPerDim 3 --stateOut b1boot28.state --tol 3e-6 -S 5000 abcdf2.lgo ../../boot/boot28.opf
# Stage nOptItr nSimReps
#     0    5000        0
# algorithm          : deterministic
# ignoring probs <=  : 0
# Branch length floor: 0
# DE strategy        : 2
#    F               : 0.3
#    CR              : 0.8
#    tolerance       : 3e-06
# nthreads           : 56
# lgo input file     : abcdf2.lgo
# site pat input file: ../../boot/boot28.opf
# free parameters    : 19
# points in DE swarm : 57
# output state file  : b1boot28.state
# Including singleton site patterns.
# cost function      : KL
Initial parameter values
Fixed:
      zero = 0
       one = 1
    Tbecnw = 75200
Free:
       pc1 = 0
       pc2 = 0
       pc3 = 0
       pc4 = 0
       pc5 = 0
       pc6 = 0
       pc7 = 0
       pc8 = 0
       pc9 = 0
      pc10 = 0
      pc11 = 0
      pc12 = 0
      pc13 = 0
      pc14 = 0
      pc15 = 0
      pc16 = 0
      pc17 = 0
      pc18 = 0
      pc19 = 0
Constrained:
   Tgbecnw = 101077
     Tecnw = 25378.1
       Tnw = 15996.1
       Tec = 14170.9
     twoNb = 741423
     twoNe = 169579
     twoNc = 1.52207e+06
     twoNn = 3.23057e+06
     twoNw = 6.39438e+06
    twoNec = 93480.7
    twoNnw = 35106.4
  twoNecnw = 72866.3
  twoNbecnw = 9958.42
  twoNgbecnw = 327617
         m = 0.102719
        m2 = 0.0202529
        m3 = 0.255272
        m4 = 0.0179211
        m6 = 2.0054e-07
        Tb = 19774.5
        Ta = 47487.2
        Tc = 7998.06
        Td = 3999.03
        Tf = 1999.52
DiffEv reached_goal. cost=1.63146e-03 spread=2.57856e-06
Fitted parameter values
Free:
       pc1 = 3.94497
       pc2 = -2.82878
       pc3 = 1.16749
       pc4 = 1.99551
       pc5 = -0.652863
       pc6 = -1.40954
       pc7 = 0.561767
       pc8 = 0.784868
       pc9 = -1.32054
      pc10 = 1.35857
      pc11 = -0.987878
      pc12 = 0.989349
      pc13 = -0.0654847
      pc14 = 0.00150943
      pc15 = 0.0959673
      pc16 = -0.0101693
      pc17 = 0.0328734
      pc18 = -0.0080786
      pc19 = 0.00244731
Constrained:
   Tgbecnw = 80479.3
     Tecnw = 24935.9
       Tnw = 13421.8
       Tec = 9865.87
     twoNb = 616096
     twoNe = 94387.6
     twoNc = 559257
     twoNn = 4.0261e+06
     twoNw = 9.81718e+06
    twoNec = 129459
    twoNnw = 43033.8
  twoNecnw = 66445
  twoNbecnw = 2068
  twoNgbecnw = 368327
         m = 0.0810057
        m2 = 0.0208195
        m3 = 0.264282
        m4 = 0.0174353
        m6 = 1.43958e-06
        Tb = 17400.9
        Ta = 46300.4
        Tc = 6710.91
        Td = 3355.45
        Tf = 1677.73
#       SitePat  BranchLen
              b 121381.4665142
              e 47917.1487271
              c 49163.7749406
              n 43690.4809938
              w 45936.4054086
            b:e 2124.1328192
            b:c 2437.7971164
            b:n 1614.2989706
            b:w 1758.3097687
            e:c 10066.3292550
            e:n 5716.3600915
            e:w 4670.4441018
            c:n 5183.2974265
            c:w 4641.6493870
            n:w 12237.7400839
          b:e:c 1922.0956608
          b:e:n 1049.4874776
          b:e:w 1030.0473245
          b:c:n 1029.8488262
          b:c:w 1073.2273374
          b:n:w 1886.6655853
          e:c:n 4972.0689378
          e:c:w 4228.3591630
          e:n:w 6007.6299699
          c:n:w 5533.1639417
        b:e:c:n 2012.0537697
        b:e:c:w 1929.4540390
        b:e:n:w 3260.0239306
        b:c:n:w 2712.5153615
        e:c:n:w 50315.7894860
