########################################
# legofit: estimate population history #
#            version 2.3.3             #
########################################

# Program was compiled: Sep 12 2021 17:54:39
# Program was run: Mon Sep 20 07:49:06 2021

# cmd: legofit -1 -d 0 -t 56 --ptsPerDim 3 --stateOut b1boot22.state --tol 3e-6 -S 5000 abcdf2.lgo ../../boot/boot22.opf
# Stage nOptItr nSimReps
#     0    5000        0
# algorithm          : deterministic
# ignoring probs <=  : 0
# Branch length floor: 0
# DE strategy        : 2
#    F               : 0.3
#    CR              : 0.8
#    tolerance       : 3e-06
# nthreads           : 56
# lgo input file     : abcdf2.lgo
# site pat input file: ../../boot/boot22.opf
# free parameters    : 19
# points in DE swarm : 57
# output state file  : b1boot22.state
# Including singleton site patterns.
# cost function      : KL
Initial parameter values
Fixed:
      zero = 0
       one = 1
    Tbecnw = 75200
Free:
       pc1 = 0
       pc2 = 0
       pc3 = 0
       pc4 = 0
       pc5 = 0
       pc6 = 0
       pc7 = 0
       pc8 = 0
       pc9 = 0
      pc10 = 0
      pc11 = 0
      pc12 = 0
      pc13 = 0
      pc14 = 0
      pc15 = 0
      pc16 = 0
      pc17 = 0
      pc18 = 0
      pc19 = 0
Constrained:
   Tgbecnw = 101077
     Tecnw = 25378.1
       Tnw = 15996.1
       Tec = 14170.9
     twoNb = 741423
     twoNe = 169579
     twoNc = 1.52207e+06
     twoNn = 3.23057e+06
     twoNw = 6.39438e+06
    twoNec = 93480.7
    twoNnw = 35106.4
  twoNecnw = 72866.3
  twoNbecnw = 9958.42
  twoNgbecnw = 327617
         m = 0.102719
        m2 = 0.0202529
        m3 = 0.255272
        m4 = 0.0179211
        m6 = 2.0054e-07
        Tb = 19774.5
        Ta = 47487.2
        Tc = 7998.06
        Td = 3999.03
        Tf = 1999.52
DiffEv reached_goal. cost=1.62605e-03 spread=2.67688e-06
Fitted parameter values
Free:
       pc1 = 3.40432
       pc2 = -3.99031
       pc3 = -0.0464641
       pc4 = 1.93705
       pc5 = -0.812311
       pc6 = -0.492439
       pc7 = -0.157259
       pc8 = 1.41351
       pc9 = -1.46175
      pc10 = 1.17246
      pc11 = -0.136469
      pc12 = 0.990165
      pc13 = -0.0246808
      pc14 = -0.0369654
      pc15 = 0.0962293
      pc16 = 0.0424603
      pc17 = 0.00969315
      pc18 = 0.0167364
      pc19 = -0.0257343
Constrained:
   Tgbecnw = 81541.6
     Tecnw = 25112.7
       Tnw = 13541.6
       Tec = 8628.42
     twoNb = 697347
     twoNe = 56246.8
     twoNc = 1.27874e+06
     twoNn = 1.1801e+06
     twoNw = 5.94467e+06
    twoNec = 142792
    twoNnw = 43141.2
  twoNecnw = 67004.2
  twoNbecnw = 2523.5
  twoNgbecnw = 353284
         m = 0.0870353
        m2 = 0.0198996
        m3 = 0.263123
        m4 = 0.0171933
        m6 = 6.40378e-07
        Tb = 16870.5
        Ta = 46035.3
        Tc = 6770.78
        Td = 3385.39
        Tf = 1692.7
#       SitePat  BranchLen
              b 122460.3210957
              e 48129.1132351
              c 49386.4141804
              n 43916.7999342
              w 46194.3771939
            b:e 2137.8113169
            b:c 2438.5686238
            b:n 1631.5920475
            b:w 1779.9718012
            e:c 10178.5438460
            e:n 5752.4635496
            e:w 4690.7967894
            c:n 5220.7429005
            c:w 4663.1057858
            n:w 12308.2744053
          b:e:c 1944.2434678
          b:e:n 1062.1612473
          b:e:w 1043.1432890
          b:c:n 1041.9902465
          b:c:w 1085.3119322
          b:n:w 1911.6410075
          e:c:n 4990.8803904
          e:c:w 4246.2456394
          e:n:w 6023.4538801
          c:n:w 5557.0267801
        b:e:c:n 2033.8184075
        b:e:c:w 1947.4963324
        b:e:n:w 3283.5439669
        b:c:n:w 2729.3267044
        e:c:n:w 51067.2264122
