########################################
# legofit: estimate population history #
#            version 2.3.3             #
########################################

# Program was compiled: Sep 12 2021 17:54:39
# Program was run: Mon Sep 20 07:49:07 2021

# cmd: legofit -1 -d 0 -t 56 --ptsPerDim 3 --stateOut b1boot2.state --tol 3e-6 -S 5000 abcdf2.lgo ../../boot/boot2.opf
# Stage nOptItr nSimReps
#     0    5000        0
# algorithm          : deterministic
# ignoring probs <=  : 0
# Branch length floor: 0
# DE strategy        : 2
#    F               : 0.3
#    CR              : 0.8
#    tolerance       : 3e-06
# nthreads           : 56
# lgo input file     : abcdf2.lgo
# site pat input file: ../../boot/boot2.opf
# free parameters    : 19
# points in DE swarm : 57
# output state file  : b1boot2.state
# Including singleton site patterns.
# cost function      : KL
Initial parameter values
Fixed:
      zero = 0
       one = 1
    Tbecnw = 75200
Free:
       pc1 = 0
       pc2 = 0
       pc3 = 0
       pc4 = 0
       pc5 = 0
       pc6 = 0
       pc7 = 0
       pc8 = 0
       pc9 = 0
      pc10 = 0
      pc11 = 0
      pc12 = 0
      pc13 = 0
      pc14 = 0
      pc15 = 0
      pc16 = 0
      pc17 = 0
      pc18 = 0
      pc19 = 0
Constrained:
   Tgbecnw = 101077
     Tecnw = 25378.1
       Tnw = 15996.1
       Tec = 14170.9
     twoNb = 741423
     twoNe = 169579
     twoNc = 1.52207e+06
     twoNn = 3.23057e+06
     twoNw = 6.39438e+06
    twoNec = 93480.7
    twoNnw = 35106.4
  twoNecnw = 72866.3
  twoNbecnw = 9958.42
  twoNgbecnw = 327617
         m = 0.102719
        m2 = 0.0202529
        m3 = 0.255272
        m4 = 0.0179211
        m6 = 2.0054e-07
        Tb = 19774.5
        Ta = 47487.2
        Tc = 7998.06
        Td = 3999.03
        Tf = 1999.52
DiffEv reached_goal. cost=1.63063e-03 spread=2.93715e-06
Fitted parameter values
Free:
       pc1 = 3.77298
       pc2 = -3.24015
       pc3 = -0.224688
       pc4 = 1.86266
       pc5 = -1.90069
       pc6 = -0.514517
       pc7 = -0.322092
       pc8 = 1.65775
       pc9 = 0.607499
      pc10 = 1.69788
      pc11 = -1.01603
      pc12 = 1.76454
      pc13 = -0.106233
      pc14 = 0.107029
      pc15 = 0.109896
      pc16 = 0.000975515
      pc17 = 0.0239396
      pc18 = -0.00996311
      pc19 = -0.0637793
Constrained:
   Tgbecnw = 78172.3
     Tecnw = 24768.2
       Tnw = 14005.5
       Tec = 9153.02
     twoNb = 702952
     twoNe = 62879.6
     twoNc = 3.94458e+06
     twoNn = 4.27915e+06
     twoNw = 5.44639e+06
    twoNec = 136909
    twoNnw = 40711.6
  twoNecnw = 66973.5
  twoNbecnw = 1204.34
  twoNgbecnw = 344120
         m = 0.0886383
        m2 = 0.0195475
        m3 = 0.254066
        m4 = 0.0175259
        m6 = 1.55517e-06
        Tb = 16960.6
        Ta = 46080.3
        Tc = 7002.76
        Td = 3501.38
        Tf = 1750.69
#       SitePat  BranchLen
              b 121414.6597261
              e 47836.7256153
              c 49095.0793954
              n 43687.4709882
              w 45850.1240955
            b:e 2108.9617759
            b:c 2412.0619813
            b:n 1609.8696451
            b:w 1750.8318375
            e:c 10070.4938029
            e:n 5691.2681273
            e:w 4676.7303257
            c:n 5164.7672066
            c:w 4646.2984366
            n:w 12196.8361410
          b:e:c 1920.7357391
          b:e:n 1049.1131901
          b:e:w 1029.9368769
          b:c:n 1029.5900456
          b:c:w 1071.7986589
          b:n:w 1886.5907214
          e:c:n 4927.6327736
          e:c:w 4217.9187210
          e:n:w 5988.4619804
          c:n:w 5517.7170027
        b:e:c:n 2005.4290627
        b:e:c:w 1921.5021264
        b:e:n:w 3246.2783089
        b:c:n:w 2690.1633459
        e:c:n:w 50456.3349084
