########################################
# legofit: estimate population history #
#            version 2.3.3             #
########################################

# Program was compiled: Sep 12 2021 17:54:39
# Program was run: Mon Sep 20 07:49:07 2021

# cmd: legofit -1 -d 0 -t 56 --ptsPerDim 3 --stateOut b1boot43.state --tol 3e-6 -S 5000 abcdf2.lgo ../../boot/boot43.opf
# Stage nOptItr nSimReps
#     0    5000        0
# algorithm          : deterministic
# ignoring probs <=  : 0
# Branch length floor: 0
# DE strategy        : 2
#    F               : 0.3
#    CR              : 0.8
#    tolerance       : 3e-06
# nthreads           : 56
# lgo input file     : abcdf2.lgo
# site pat input file: ../../boot/boot43.opf
# free parameters    : 19
# points in DE swarm : 57
# output state file  : b1boot43.state
# Including singleton site patterns.
# cost function      : KL
Initial parameter values
Fixed:
      zero = 0
       one = 1
    Tbecnw = 75200
Free:
       pc1 = 0
       pc2 = 0
       pc3 = 0
       pc4 = 0
       pc5 = 0
       pc6 = 0
       pc7 = 0
       pc8 = 0
       pc9 = 0
      pc10 = 0
      pc11 = 0
      pc12 = 0
      pc13 = 0
      pc14 = 0
      pc15 = 0
      pc16 = 0
      pc17 = 0
      pc18 = 0
      pc19 = 0
Constrained:
   Tgbecnw = 101077
     Tecnw = 25378.1
       Tnw = 15996.1
       Tec = 14170.9
     twoNb = 741423
     twoNe = 169579
     twoNc = 1.52207e+06
     twoNn = 3.23057e+06
     twoNw = 6.39438e+06
    twoNec = 93480.7
    twoNnw = 35106.4
  twoNecnw = 72866.3
  twoNbecnw = 9958.42
  twoNgbecnw = 327617
         m = 0.102719
        m2 = 0.0202529
        m3 = 0.255272
        m4 = 0.0179211
        m6 = 2.0054e-07
        Tb = 19774.5
        Ta = 47487.2
        Tc = 7998.06
        Td = 3999.03
        Tf = 1999.52
DiffEv reached_goal. cost=1.66632e-03 spread=2.35996e-06
Fitted parameter values
Free:
       pc1 = 3.94162
       pc2 = -2.64271
       pc3 = -0.332613
       pc4 = 1.70277
       pc5 = -0.665829
       pc6 = -0.806582
       pc7 = 0.325775
       pc8 = 1.00332
       pc9 = -1.47982
      pc10 = 1.14458
      pc11 = -0.472454
      pc12 = 1.7579
      pc13 = -0.381835
      pc14 = 0.111034
      pc15 = 0.224886
      pc16 = -0.041716
      pc17 = -0.0257754
      pc18 = 0.0308796
      pc19 = -0.0335089
Constrained:
   Tgbecnw = 78528.1
     Tecnw = 24804.8
       Tnw = 14400
       Tec = 10004.5
     twoNb = 739323
     twoNe = 82460.2
     twoNc = 977687
     twoNn = 1.31363e+06
     twoNw = 9.4127e+06
    twoNec = 125660
    twoNnw = 38718.6
  twoNecnw = 66015.5
  twoNbecnw = 1312.03
  twoNgbecnw = 368880
         m = 0.0801959
        m2 = 0.0199129
        m3 = 0.25956
        m4 = 0.0173572
        m6 = 8.63316e-07
        Tb = 17404.7
        Ta = 46302.3
        Tc = 7200.01
        Td = 3600.01
        Tf = 1800
#       SitePat  BranchLen
              b 120951.0553126
              e 47628.2784645
              c 48881.6929859
              n 43516.8815762
              w 45739.5802491
            b:e 2092.3612340
            b:c 2384.2210326
            b:n 1600.9053168
            b:w 1750.6065070
            e:c 10079.3339445
            e:n 5667.9094614
            e:w 4637.9352978
            c:n 5142.6241753
            c:w 4610.0998695
            n:w 12151.7937373
          b:e:c 1918.9214505
          b:e:n 1041.0381086
          b:e:w 1022.0898914
          b:c:n 1021.1542444
          b:c:w 1064.3042318
          b:n:w 1886.5422209
          e:c:n 4961.8498268
          e:c:w 4216.4546224
          e:n:w 5972.1928868
          c:n:w 5507.6687609
        b:e:c:n 2000.8775904
        b:e:c:w 1912.1696644
        b:e:n:w 3229.9346916
        b:c:n:w 2679.9746318
        e:c:n:w 50174.8092358
