########################################
# legofit: estimate population history #
#            version 2.3.3             #
########################################

# Program was compiled: Sep 12 2021 17:54:39
# Program was run: Mon Sep 20 07:49:06 2021

# cmd: legofit -1 -d 0 -t 56 --ptsPerDim 3 --stateOut b1boot39.state --tol 3e-6 -S 5000 abcdf2.lgo ../../boot/boot39.opf
# Stage nOptItr nSimReps
#     0    5000        0
# algorithm          : deterministic
# ignoring probs <=  : 0
# Branch length floor: 0
# DE strategy        : 2
#    F               : 0.3
#    CR              : 0.8
#    tolerance       : 3e-06
# nthreads           : 56
# lgo input file     : abcdf2.lgo
# site pat input file: ../../boot/boot39.opf
# free parameters    : 19
# points in DE swarm : 57
# output state file  : b1boot39.state
# Including singleton site patterns.
# cost function      : KL
Initial parameter values
Fixed:
      zero = 0
       one = 1
    Tbecnw = 75200
Free:
       pc1 = 0
       pc2 = 0
       pc3 = 0
       pc4 = 0
       pc5 = 0
       pc6 = 0
       pc7 = 0
       pc8 = 0
       pc9 = 0
      pc10 = 0
      pc11 = 0
      pc12 = 0
      pc13 = 0
      pc14 = 0
      pc15 = 0
      pc16 = 0
      pc17 = 0
      pc18 = 0
      pc19 = 0
Constrained:
   Tgbecnw = 101077
     Tecnw = 25378.1
       Tnw = 15996.1
       Tec = 14170.9
     twoNb = 741423
     twoNe = 169579
     twoNc = 1.52207e+06
     twoNn = 3.23057e+06
     twoNw = 6.39438e+06
    twoNec = 93480.7
    twoNnw = 35106.4
  twoNecnw = 72866.3
  twoNbecnw = 9958.42
  twoNgbecnw = 327617
         m = 0.102719
        m2 = 0.0202529
        m3 = 0.255272
        m4 = 0.0179211
        m6 = 2.0054e-07
        Tb = 19774.5
        Ta = 47487.2
        Tc = 7998.06
        Td = 3999.03
        Tf = 1999.52
DiffEv reached_goal. cost=1.57999e-03 spread=2.97498e-06
Fitted parameter values
Free:
       pc1 = 3.96687
       pc2 = -1.88974
       pc3 = 0.880545
       pc4 = 0.226999
       pc5 = -0.910784
       pc6 = -1.68768
       pc7 = 0.525989
       pc8 = 0.952082
       pc9 = -1.06342
      pc10 = 0.890335
      pc11 = -1.31782
      pc12 = 0.730291
      pc13 = 0.123261
      pc14 = -0.173355
      pc15 = 0.223812
      pc16 = 0.0037202
      pc17 = -0.0603527
      pc18 = 0.0457987
      pc19 = -0.0325385
Constrained:
   Tgbecnw = 80389.1
     Tecnw = 24727.4
       Tnw = 13639.8
       Tec = 10777.7
     twoNb = 616414
     twoNe = 112963
     twoNc = 1.43252e+06
     twoNn = 6.12143e+06
     twoNw = 1.43476e+07
    twoNec = 115824
    twoNnw = 41583.3
  twoNecnw = 67169.8
  twoNbecnw = 2071.33
  twoNgbecnw = 350100
         m = 0.0864942
        m2 = 0.0209698
        m3 = 0.262762
        m4 = 0.0179394
        m6 = 7.78959e-07
        Tb = 17752.6
        Ta = 46476.3
        Tc = 6819.89
        Td = 3409.94
        Tf = 1704.97
#       SitePat  BranchLen
              b 121592.3237729
              e 47831.4359739
              c 49115.2694021
              n 43679.4721919
              w 45968.5613609
            b:e 2117.4790507
            b:c 2442.6296054
            b:n 1614.3602923
            b:w 1764.0992625
            e:c 10147.4327408
            e:n 5733.0483901
            e:w 4671.7399282
            c:n 5184.2641172
            c:w 4642.9634332
            n:w 12268.5134181
          b:e:c 1926.6344184
          b:e:n 1046.6575427
          b:e:w 1026.4618711
          b:c:n 1025.9846307
          b:c:w 1071.0930504
          b:n:w 1893.0429400
          e:c:n 5016.0499709
          e:c:w 4244.2294848
          e:n:w 6014.6338834
          c:n:w 5523.1469039
        b:e:c:n 2018.5770166
        b:e:c:w 1929.2658026
        b:e:n:w 3269.7895165
        b:c:n:w 2705.8948905
        e:c:n:w 50450.8583636
