########################################
# legofit: estimate population history #
#            version 2.3.3             #
########################################

# Program was compiled: Sep 12 2021 17:54:39
# Program was run: Mon Sep 20 07:49:06 2021

# cmd: legofit -1 -d 0 -t 56 --ptsPerDim 3 --stateOut b1boot11.state --tol 3e-6 -S 5000 abcdf2.lgo ../../boot/boot11.opf
# Stage nOptItr nSimReps
#     0    5000        0
# algorithm          : deterministic
# ignoring probs <=  : 0
# Branch length floor: 0
# DE strategy        : 2
#    F               : 0.3
#    CR              : 0.8
#    tolerance       : 3e-06
# nthreads           : 56
# lgo input file     : abcdf2.lgo
# site pat input file: ../../boot/boot11.opf
# free parameters    : 19
# points in DE swarm : 57
# output state file  : b1boot11.state
# Including singleton site patterns.
# cost function      : KL
Initial parameter values
Fixed:
      zero = 0
       one = 1
    Tbecnw = 75200
Free:
       pc1 = 0
       pc2 = 0
       pc3 = 0
       pc4 = 0
       pc5 = 0
       pc6 = 0
       pc7 = 0
       pc8 = 0
       pc9 = 0
      pc10 = 0
      pc11 = 0
      pc12 = 0
      pc13 = 0
      pc14 = 0
      pc15 = 0
      pc16 = 0
      pc17 = 0
      pc18 = 0
      pc19 = 0
Constrained:
   Tgbecnw = 101077
     Tecnw = 25378.1
       Tnw = 15996.1
       Tec = 14170.9
     twoNb = 741423
     twoNe = 169579
     twoNc = 1.52207e+06
     twoNn = 3.23057e+06
     twoNw = 6.39438e+06
    twoNec = 93480.7
    twoNnw = 35106.4
  twoNecnw = 72866.3
  twoNbecnw = 9958.42
  twoNgbecnw = 327617
         m = 0.102719
        m2 = 0.0202529
        m3 = 0.255272
        m4 = 0.0179211
        m6 = 2.0054e-07
        Tb = 19774.5
        Ta = 47487.2
        Tc = 7998.06
        Td = 3999.03
        Tf = 1999.52
DiffEv reached_goal. cost=1.65177e-03 spread=2.10247e-06
Fitted parameter values
Free:
       pc1 = 3.96554
       pc2 = -2.72796
       pc3 = -1.15313
       pc4 = 2.29457
       pc5 = -1.57828
       pc6 = -1.34454
       pc7 = 0.381237
       pc8 = 0.677074
       pc9 = -0.197398
      pc10 = 1.4335
      pc11 = -1.72539
      pc12 = 1.3968
      pc13 = -0.280555
      pc14 = 0.0163027
      pc15 = 0.0780911
      pc16 = -0.0162916
      pc17 = 0.00177622
      pc18 = 0.00226028
      pc19 = -0.0139319
Constrained:
   Tgbecnw = 79108.7
     Tecnw = 24563.4
       Tnw = 15087.4
       Tec = 8982.21
     twoNb = 641233
     twoNe = 41196.7
     twoNc = 2.24284e+06
     twoNn = 2.00834e+06
     twoNw = 1.05099e+07
    twoNec = 135313
    twoNnw = 35473.6
  twoNecnw = 67472.7
  twoNbecnw = 1526.03
  twoNgbecnw = 374970
         m = 0.0805849
        m2 = 0.0197095
        m3 = 0.256087
        m4 = 0.0177466
        m6 = 1.75608e-06
        Tb = 16772.8
        Ta = 45986.4
        Tc = 7543.69
        Td = 3771.85
        Tf = 1885.92
#       SitePat  BranchLen
              b 121439.3546495
              e 47744.9392533
              c 49019.1640714
              n 43667.2211446
              w 45877.2971422
            b:e 2119.9331354
            b:c 2432.5006479
            b:n 1614.1964069
            b:w 1758.0735783
            e:c 10138.4935642
            e:n 5721.5859642
            e:w 4685.7046514
            c:n 5183.3078899
            c:w 4655.9296566
            n:w 12174.3633390
          b:e:c 1934.5649606
          b:e:n 1052.3878387
          b:e:w 1032.3840021
          b:c:n 1032.5236372
          b:c:w 1075.9969573
          b:n:w 1897.9627493
          e:c:n 4948.8167844
          e:c:w 4221.4471354
          e:n:w 6009.8550783
          c:n:w 5531.6917274
        b:e:c:n 2016.7687204
        b:e:c:w 1929.9752959
        b:e:n:w 3270.4999681
        b:c:n:w 2706.1751977
        e:c:n:w 50485.9416363
