########################################
# legofit: estimate population history #
#            version 2.3.3             #
########################################

# Program was compiled: Sep 12 2021 17:54:39
# Program was run: Mon Sep 20 07:49:08 2021

# cmd: legofit -1 -d 0 -t 56 --ptsPerDim 3 --stateOut b1boot33.state --tol 3e-6 -S 5000 abcdf2.lgo ../../boot/boot33.opf
# Stage nOptItr nSimReps
#     0    5000        0
# algorithm          : deterministic
# ignoring probs <=  : 0
# Branch length floor: 0
# DE strategy        : 2
#    F               : 0.3
#    CR              : 0.8
#    tolerance       : 3e-06
# nthreads           : 56
# lgo input file     : abcdf2.lgo
# site pat input file: ../../boot/boot33.opf
# free parameters    : 19
# points in DE swarm : 57
# output state file  : b1boot33.state
# Including singleton site patterns.
# cost function      : KL
Initial parameter values
Fixed:
      zero = 0
       one = 1
    Tbecnw = 75200
Free:
       pc1 = 0
       pc2 = 0
       pc3 = 0
       pc4 = 0
       pc5 = 0
       pc6 = 0
       pc7 = 0
       pc8 = 0
       pc9 = 0
      pc10 = 0
      pc11 = 0
      pc12 = 0
      pc13 = 0
      pc14 = 0
      pc15 = 0
      pc16 = 0
      pc17 = 0
      pc18 = 0
      pc19 = 0
Constrained:
   Tgbecnw = 101077
     Tecnw = 25378.1
       Tnw = 15996.1
       Tec = 14170.9
     twoNb = 741423
     twoNe = 169579
     twoNc = 1.52207e+06
     twoNn = 3.23057e+06
     twoNw = 6.39438e+06
    twoNec = 93480.7
    twoNnw = 35106.4
  twoNecnw = 72866.3
  twoNbecnw = 9958.42
  twoNgbecnw = 327617
         m = 0.102719
        m2 = 0.0202529
        m3 = 0.255272
        m4 = 0.0179211
        m6 = 2.0054e-07
        Tb = 19774.5
        Ta = 47487.2
        Tc = 7998.06
        Td = 3999.03
        Tf = 1999.52
DiffEv reached_goal. cost=1.62176e-03 spread=2.85769e-06
Fitted parameter values
Free:
       pc1 = 3.92034
       pc2 = -1.15534
       pc3 = -0.546928
       pc4 = 1.40163
       pc5 = -1.00597
       pc6 = -1.86958
       pc7 = -0.647772
       pc8 = 0.473865
       pc9 = 0.230637
      pc10 = 0.976517
      pc11 = -1.47024
      pc12 = 0.96348
      pc13 = -0.498516
      pc14 = 0.200804
      pc15 = 0.120557
      pc16 = 0.0180514
      pc17 = -0.0122091
      pc18 = 0.00150679
      pc19 = -0.0139011
Constrained:
   Tgbecnw = 80727.2
     Tecnw = 24299.9
       Tnw = 15257.6
       Tec = 10580.9
     twoNb = 624266
     twoNe = 104821
     twoNc = 1.9831e+06
     twoNn = 8.27015e+06
     twoNw = 9.35683e+06
    twoNec = 118503
    twoNnw = 33459.1
  twoNecnw = 68911
  twoNbecnw = 2107.61
  twoNgbecnw = 384143
         m = 0.0807968
        m2 = 0.019732
        m3 = 0.25881
        m4 = 0.0180365
        m6 = 1.33348e-06
        Tb = 17440.4
        Ta = 46320.2
        Tc = 7628.82
        Td = 3814.41
        Tf = 1907.21
#       SitePat  BranchLen
              b 122061.4916535
              e 47969.4588775
              c 49188.4553903
              n 43774.7362748
              w 45907.9038926
            b:e 2097.3077383
            b:c 2410.3354249
            b:n 1594.0115106
            b:w 1732.7050083
            e:c 10128.0642678
            e:n 5665.1642105
            e:w 4706.8717052
            c:n 5200.9619026
            c:w 4658.2668737
            n:w 12266.2417223
          b:e:c 1915.4276805
          b:e:n 1034.7027951
          b:e:w 1020.4597580
          b:c:n 1020.1652933
          b:c:w 1057.8417257
          b:n:w 1880.1614592
          e:c:n 4924.8064008
          e:c:w 4207.5480627
          e:n:w 5992.5792389
          c:n:w 5526.3530243
        b:e:c:n 1990.0731317
        b:e:c:w 1913.0245266
        b:e:n:w 3271.3669431
        b:c:n:w 2695.5315236
        e:c:n:w 50857.7510820
