########################################
# legofit: estimate population history #
#            version 2.3.3             #
########################################

# Program was compiled: Sep 12 2021 17:54:39
# Program was run: Mon Sep 20 07:49:07 2021

# cmd: legofit -1 -d 0 -t 56 --ptsPerDim 3 --stateOut b1boot1.state --tol 3e-6 -S 5000 abcdf2.lgo ../../boot/boot1.opf
# Stage nOptItr nSimReps
#     0    5000        0
# algorithm          : deterministic
# ignoring probs <=  : 0
# Branch length floor: 0
# DE strategy        : 2
#    F               : 0.3
#    CR              : 0.8
#    tolerance       : 3e-06
# nthreads           : 56
# lgo input file     : abcdf2.lgo
# site pat input file: ../../boot/boot1.opf
# free parameters    : 19
# points in DE swarm : 57
# output state file  : b1boot1.state
# Including singleton site patterns.
# cost function      : KL
Initial parameter values
Fixed:
      zero = 0
       one = 1
    Tbecnw = 75200
Free:
       pc1 = 0
       pc2 = 0
       pc3 = 0
       pc4 = 0
       pc5 = 0
       pc6 = 0
       pc7 = 0
       pc8 = 0
       pc9 = 0
      pc10 = 0
      pc11 = 0
      pc12 = 0
      pc13 = 0
      pc14 = 0
      pc15 = 0
      pc16 = 0
      pc17 = 0
      pc18 = 0
      pc19 = 0
Constrained:
   Tgbecnw = 101077
     Tecnw = 25378.1
       Tnw = 15996.1
       Tec = 14170.9
     twoNb = 741423
     twoNe = 169579
     twoNc = 1.52207e+06
     twoNn = 3.23057e+06
     twoNw = 6.39438e+06
    twoNec = 93480.7
    twoNnw = 35106.4
  twoNecnw = 72866.3
  twoNbecnw = 9958.42
  twoNgbecnw = 327617
         m = 0.102719
        m2 = 0.0202529
        m3 = 0.255272
        m4 = 0.0179211
        m6 = 2.0054e-07
        Tb = 19774.5
        Ta = 47487.2
        Tc = 7998.06
        Td = 3999.03
        Tf = 1999.52
DiffEv reached_goal. cost=1.61265e-03 spread=2.90537e-06
Fitted parameter values
Free:
       pc1 = 3.91511
       pc2 = -1.30974
       pc3 = -0.415361
       pc4 = 1.42474
       pc5 = -1.37264
       pc6 = -1.72608
       pc7 = -0.342467
       pc8 = 0.785991
       pc9 = -0.0248025
      pc10 = 1.42702
      pc11 = -1.1058
      pc12 = 1.49483
      pc13 = -0.619521
      pc14 = 0.0645421
      pc15 = 0.131719
      pc16 = -0.0690636
      pc17 = -0.00849636
      pc18 = -0.0262457
      pc19 = -0.026324
Constrained:
   Tgbecnw = 78138.1
     Tecnw = 24398.9
       Tnw = 14923.2
       Tec = 10841.7
     twoNb = 699013
     twoNe = 106020
     twoNc = 2.32837e+06
     twoNn = 6.10336e+06
     twoNw = 9.5809e+06
    twoNec = 116584
    twoNnw = 34947.9
  twoNecnw = 68099.9
  twoNbecnw = 1151.97
  twoNgbecnw = 372827
         m = 0.0814231
        m2 = 0.0196232
        m3 = 0.261333
        m4 = 0.0179003
        m6 = 1.46887e-06
        Tb = 17620.3
        Ta = 46410.1
        Tc = 7461.62
        Td = 3730.81
        Tf = 1865.41
#       SitePat  BranchLen
              b 121311.2006178
              e 47820.4419025
              c 49076.0549797
              n 43618.8565208
              w 45805.6868736
            b:e 2112.0720791
            b:c 2415.6881287
            b:n 1612.0411566
            b:w 1760.9657880
            e:c 10082.9915105
            e:n 5684.2280419
            e:w 4682.8013340
            c:n 5178.4650812
            c:w 4646.4483139
            n:w 12234.9805454
          b:e:c 1940.4068505
          b:e:n 1051.3145132
          b:e:w 1033.8306159
          b:c:n 1033.1164973
          b:c:w 1075.1337611
          b:n:w 1905.3843645
          e:c:n 4947.7240931
          e:c:w 4208.8268308
          e:n:w 5991.0716139
          c:n:w 5521.0607084
        b:e:c:n 2022.5402577
        b:e:c:w 1934.5926787
        b:e:n:w 3282.2665028
        b:c:n:w 2712.0590230
        e:c:n:w 50407.5042607
