########################################
# legofit: estimate population history #
#            version 2.3.3             #
########################################

# Program was compiled: Sep 12 2021 17:54:39
# Program was run: Mon Sep 20 07:49:06 2021

# cmd: legofit -1 -d 0 -t 56 --ptsPerDim 3 --stateOut b1boot41.state --tol 3e-6 -S 5000 abcdf2.lgo ../../boot/boot41.opf
# Stage nOptItr nSimReps
#     0    5000        0
# algorithm          : deterministic
# ignoring probs <=  : 0
# Branch length floor: 0
# DE strategy        : 2
#    F               : 0.3
#    CR              : 0.8
#    tolerance       : 3e-06
# nthreads           : 56
# lgo input file     : abcdf2.lgo
# site pat input file: ../../boot/boot41.opf
# free parameters    : 19
# points in DE swarm : 57
# output state file  : b1boot41.state
# Including singleton site patterns.
# cost function      : KL
Initial parameter values
Fixed:
      zero = 0
       one = 1
    Tbecnw = 75200
Free:
       pc1 = 0
       pc2 = 0
       pc3 = 0
       pc4 = 0
       pc5 = 0
       pc6 = 0
       pc7 = 0
       pc8 = 0
       pc9 = 0
      pc10 = 0
      pc11 = 0
      pc12 = 0
      pc13 = 0
      pc14 = 0
      pc15 = 0
      pc16 = 0
      pc17 = 0
      pc18 = 0
      pc19 = 0
Constrained:
   Tgbecnw = 101077
     Tecnw = 25378.1
       Tnw = 15996.1
       Tec = 14170.9
     twoNb = 741423
     twoNe = 169579
     twoNc = 1.52207e+06
     twoNn = 3.23057e+06
     twoNw = 6.39438e+06
    twoNec = 93480.7
    twoNnw = 35106.4
  twoNecnw = 72866.3
  twoNbecnw = 9958.42
  twoNgbecnw = 327617
         m = 0.102719
        m2 = 0.0202529
        m3 = 0.255272
        m4 = 0.0179211
        m6 = 2.0054e-07
        Tb = 19774.5
        Ta = 47487.2
        Tc = 7998.06
        Td = 3999.03
        Tf = 1999.52
DiffEv reached_goal. cost=1.60303e-03 spread=2.98778e-06
Fitted parameter values
Free:
       pc1 = 3.92327
       pc2 = -2.89451
       pc3 = -0.675729
       pc4 = 0.255927
       pc5 = -1.20134
       pc6 = -1.74148
       pc7 = 1.1284
       pc8 = 0.375966
       pc9 = -1.24578
      pc10 = 0.566655
      pc11 = -1.48918
      pc12 = 0.97031
      pc13 = -0.358153
      pc14 = -0.094628
      pc15 = 0.225815
      pc16 = -0.120855
      pc17 = 0.00393501
      pc18 = -0.0481947
      pc19 = -0.0156814
Constrained:
   Tgbecnw = 80958.4
     Tecnw = 24854.6
       Tnw = 14310.7
       Tec = 9463.93
     twoNb = 726408
     twoNe = 63652.6
     twoNc = 1.12764e+06
     twoNn = 1.96045e+06
     twoNw = 1.73651e+07
    twoNec = 131707
    twoNnw = 39378.1
  twoNecnw = 67017.4
  twoNbecnw = 2250.35
  twoNgbecnw = 367454
         m = 0.0814712
        m2 = 0.0203963
        m3 = 0.257444
        m4 = 0.0181364
        m6 = 7.16638e-07
        Tb = 17159.3
        Ta = 46179.6
        Tc = 7155.36
        Td = 3577.68
        Tf = 1788.84
#       SitePat  BranchLen
              b 121496.0369100
              e 47928.9927736
              c 49251.1017452
              n 43759.9569878
              w 46003.1354633
            b:e 2107.6863058
            b:c 2414.4630728
            b:n 1607.6746942
            b:w 1755.5584329
            e:c 10140.5902358
            e:n 5729.5809374
            e:w 4669.7840183
            c:n 5170.0338042
            c:w 4641.8375968
            n:w 12252.0950065
          b:e:c 1926.3335791
          b:e:n 1047.4856179
          b:e:w 1026.7965776
          b:c:n 1026.0677897
          b:c:w 1071.4218134
          b:n:w 1893.6809933
          e:c:n 4964.5906645
          e:c:w 4221.9972156
          e:n:w 6013.0420911
          c:n:w 5527.1637367
        b:e:c:n 2007.6750328
        b:e:c:w 1922.5344457
        b:e:n:w 3286.7635878
        b:c:n:w 2708.0422388
        e:c:n:w 50304.3682662
