########################################
# legofit: estimate population history #
#            version 2.3.3             #
########################################

# Program was compiled: Sep 12 2021 17:54:39
# Program was run: Mon Sep 20 07:49:07 2021

# cmd: legofit -1 -d 0 -t 56 --ptsPerDim 3 --stateOut b1boot42.state --tol 3e-6 -S 5000 abcdf2.lgo ../../boot/boot42.opf
# Stage nOptItr nSimReps
#     0    5000        0
# algorithm          : deterministic
# ignoring probs <=  : 0
# Branch length floor: 0
# DE strategy        : 2
#    F               : 0.3
#    CR              : 0.8
#    tolerance       : 3e-06
# nthreads           : 56
# lgo input file     : abcdf2.lgo
# site pat input file: ../../boot/boot42.opf
# free parameters    : 19
# points in DE swarm : 57
# output state file  : b1boot42.state
# Including singleton site patterns.
# cost function      : KL
Initial parameter values
Fixed:
      zero = 0
       one = 1
    Tbecnw = 75200
Free:
       pc1 = 0
       pc2 = 0
       pc3 = 0
       pc4 = 0
       pc5 = 0
       pc6 = 0
       pc7 = 0
       pc8 = 0
       pc9 = 0
      pc10 = 0
      pc11 = 0
      pc12 = 0
      pc13 = 0
      pc14 = 0
      pc15 = 0
      pc16 = 0
      pc17 = 0
      pc18 = 0
      pc19 = 0
Constrained:
   Tgbecnw = 101077
     Tecnw = 25378.1
       Tnw = 15996.1
       Tec = 14170.9
     twoNb = 741423
     twoNe = 169579
     twoNc = 1.52207e+06
     twoNn = 3.23057e+06
     twoNw = 6.39438e+06
    twoNec = 93480.7
    twoNnw = 35106.4
  twoNecnw = 72866.3
  twoNbecnw = 9958.42
  twoNgbecnw = 327617
         m = 0.102719
        m2 = 0.0202529
        m3 = 0.255272
        m4 = 0.0179211
        m6 = 2.0054e-07
        Tb = 19774.5
        Ta = 47487.2
        Tc = 7998.06
        Td = 3999.03
        Tf = 1999.52
DiffEv reached_goal. cost=1.62548e-03 spread=2.72691e-06
Fitted parameter values
Free:
       pc1 = 3.57603
       pc2 = -3.20889
       pc3 = 0.779377
       pc4 = 0.376397
       pc5 = -1.57368
       pc6 = -1.22132
       pc7 = -1.1755
       pc8 = 0.909651
       pc9 = 0.335301
      pc10 = 0.0434403
      pc11 = -0.0780013
      pc12 = 1.08689
      pc13 = 0.241632
      pc14 = -0.0168671
      pc15 = 0.207816
      pc16 = 0.127339
      pc17 = -0.094814
      pc18 = 0.0585643
      pc19 = -0.014733
Constrained:
   Tgbecnw = 85183.7
     Tecnw = 25263.6
       Tnw = 13414.1
       Tec = 9644.73
     twoNb = 695267
     twoNe = 94548.6
     twoNc = 3.16595e+06
     twoNn = 1.04396e+07
     twoNw = 5.79621e+06
    twoNec = 131607
    twoNnw = 44018.3
  twoNecnw = 66266.7
  twoNbecnw = 3903.71
  twoNgbecnw = 355016
         m = 0.0847232
        m2 = 0.0196718
        m3 = 0.261878
        m4 = 0.0179875
        m6 = 4.0938e-07
        Tb = 17454.1
        Ta = 46327.1
        Tc = 6707.04
        Td = 3353.52
        Tf = 1676.76
#       SitePat  BranchLen
              b 122499.0033342
              e 48145.2743156
              c 49414.8639920
              n 43942.6587802
              w 46209.9269192
            b:e 2101.9918892
            b:c 2411.9057479
            b:n 1608.9894209
            b:w 1758.4157596
            e:c 10215.9068492
            e:n 5713.4621674
            e:w 4680.3586584
            c:n 5203.1978229
            c:w 4641.1132350
            n:w 12361.5631197
          b:e:c 1919.4239650
          b:e:n 1040.2715872
          b:e:w 1023.2466711
          b:c:n 1022.3017260
          b:c:w 1062.9250389
          b:n:w 1889.4328388
          e:c:n 5022.7252670
          e:c:w 4265.8943218
          e:n:w 6041.9211396
          c:n:w 5561.1374216
        b:e:c:n 1998.3362188
        b:e:c:w 1910.0624235
        b:e:n:w 3243.7967424
        b:c:n:w 2672.8780669
        e:c:n:w 50840.3094862
