########################################
# legofit: estimate population history #
#            version 2.3.3             #
########################################

# Program was compiled: Sep 12 2021 17:54:39
# Program was run: Mon Sep 20 07:49:08 2021

# cmd: legofit -1 -d 0 -t 56 --ptsPerDim 3 --stateOut b1boot6.state --tol 3e-6 -S 5000 abcdf2.lgo ../../boot/boot6.opf
# Stage nOptItr nSimReps
#     0    5000        0
# algorithm          : deterministic
# ignoring probs <=  : 0
# Branch length floor: 0
# DE strategy        : 2
#    F               : 0.3
#    CR              : 0.8
#    tolerance       : 3e-06
# nthreads           : 56
# lgo input file     : abcdf2.lgo
# site pat input file: ../../boot/boot6.opf
# free parameters    : 19
# points in DE swarm : 57
# output state file  : b1boot6.state
# Including singleton site patterns.
# cost function      : KL
Initial parameter values
Fixed:
      zero = 0
       one = 1
    Tbecnw = 75200
Free:
       pc1 = 0
       pc2 = 0
       pc3 = 0
       pc4 = 0
       pc5 = 0
       pc6 = 0
       pc7 = 0
       pc8 = 0
       pc9 = 0
      pc10 = 0
      pc11 = 0
      pc12 = 0
      pc13 = 0
      pc14 = 0
      pc15 = 0
      pc16 = 0
      pc17 = 0
      pc18 = 0
      pc19 = 0
Constrained:
   Tgbecnw = 101077
     Tecnw = 25378.1
       Tnw = 15996.1
       Tec = 14170.9
     twoNb = 741423
     twoNe = 169579
     twoNc = 1.52207e+06
     twoNn = 3.23057e+06
     twoNw = 6.39438e+06
    twoNec = 93480.7
    twoNnw = 35106.4
  twoNecnw = 72866.3
  twoNbecnw = 9958.42
  twoNgbecnw = 327617
         m = 0.102719
        m2 = 0.0202529
        m3 = 0.255272
        m4 = 0.0179211
        m6 = 2.0054e-07
        Tb = 19774.5
        Ta = 47487.2
        Tc = 7998.06
        Td = 3999.03
        Tf = 1999.52
DiffEv reached_goal. cost=1.61501e-03 spread=2.87605e-06
Fitted parameter values
Free:
       pc1 = 3.28709
       pc2 = -1.96856
       pc3 = -1.75224
       pc4 = 1.20302
       pc5 = -1.84646
       pc6 = -1.35367
       pc7 = -0.245784
       pc8 = 0.747379
       pc9 = 0.120239
      pc10 = 1.24917
      pc11 = -0.904582
      pc12 = 1.68293
      pc13 = -0.417672
      pc14 = 0.017489
      pc15 = 0.157192
      pc16 = -0.0423354
      pc17 = -0.00681315
      pc18 = 0.00699821
      pc19 = -0.0438528
Constrained:
   Tgbecnw = 80408.4
     Tecnw = 24602.1
       Tnw = 15642.3
       Tec = 10140.2
     twoNb = 757421
     twoNe = 69394.1
     twoNc = 3.01198e+06
     twoNn = 2.64676e+06
     twoNw = 9.81279e+06
    twoNec = 125065
    twoNnw = 33217
  twoNecnw = 68232.8
  twoNbecnw = 2058.12
  twoNgbecnw = 357008
         m = 0.0865048
        m2 = 0.0189208
        m3 = 0.258105
        m4 = 0.018007
        m6 = 1.18107e-06
        Tb = 17371.1
        Ta = 46285.6
        Tc = 7821.16
        Td = 3910.58
        Tf = 1955.29
#       SitePat  BranchLen
              b 122099.5886914
              e 47992.2066491
              c 49283.8475976
              n 43882.9000859
              w 46084.5970133
            b:e 2099.3509025
            b:c 2399.7253359
            b:n 1607.2966615
            b:w 1756.8399393
            e:c 10142.6344684
            e:n 5713.1255133
            e:w 4694.7561259
            c:n 5190.9506118
            c:w 4660.7899278
            n:w 12205.4025965
          b:e:c 1930.9191760
          b:e:n 1048.3287866
          b:e:w 1029.9076836
          b:c:n 1028.7995315
          b:c:w 1071.4716874
          b:n:w 1898.8576452
          e:c:n 4958.4335422
          e:c:w 4221.0770436
          e:n:w 6005.0456219
          c:n:w 5529.4274916
        b:e:c:n 2011.2818172
        b:e:c:w 1921.6771660
        b:e:n:w 3271.1857216
        b:c:n:w 2688.8946954
        e:c:n:w 50824.1955018
