########################################
# legofit: estimate population history #
#            version 2.3.3             #
########################################

# Program was compiled: Sep 12 2021 17:54:39
# Program was run: Mon Sep 20 07:55:35 2021

# cmd: legofit -1 -d 0 -t 56 --ptsPerDim 3 --stateOut b1boot48.state --tol 3e-6 -S 5000 abcdf2.lgo ../../boot/boot48.opf
# Stage nOptItr nSimReps
#     0    5000        0
# algorithm          : deterministic
# ignoring probs <=  : 0
# Branch length floor: 0
# DE strategy        : 2
#    F               : 0.3
#    CR              : 0.8
#    tolerance       : 3e-06
# nthreads           : 56
# lgo input file     : abcdf2.lgo
# site pat input file: ../../boot/boot48.opf
# free parameters    : 19
# points in DE swarm : 57
# output state file  : b1boot48.state
# Including singleton site patterns.
# cost function      : KL
Initial parameter values
Fixed:
      zero = 0
       one = 1
    Tbecnw = 75200
Free:
       pc1 = 0
       pc2 = 0
       pc3 = 0
       pc4 = 0
       pc5 = 0
       pc6 = 0
       pc7 = 0
       pc8 = 0
       pc9 = 0
      pc10 = 0
      pc11 = 0
      pc12 = 0
      pc13 = 0
      pc14 = 0
      pc15 = 0
      pc16 = 0
      pc17 = 0
      pc18 = 0
      pc19 = 0
Constrained:
   Tgbecnw = 101077
     Tecnw = 25378.1
       Tnw = 15996.1
       Tec = 14170.9
     twoNb = 741423
     twoNe = 169579
     twoNc = 1.52207e+06
     twoNn = 3.23057e+06
     twoNw = 6.39438e+06
    twoNec = 93480.7
    twoNnw = 35106.4
  twoNecnw = 72866.3
  twoNbecnw = 9958.42
  twoNgbecnw = 327617
         m = 0.102719
        m2 = 0.0202529
        m3 = 0.255272
        m4 = 0.0179211
        m6 = 2.0054e-07
        Tb = 19774.5
        Ta = 47487.2
        Tc = 7998.06
        Td = 3999.03
        Tf = 1999.52
DiffEv reached_goal. cost=1.64369e-03 spread=2.78532e-06
Fitted parameter values
Free:
       pc1 = 3.18419
       pc2 = -2.92744
       pc3 = -0.126415
       pc4 = 0.597148
       pc5 = -0.526104
       pc6 = -1.51152
       pc7 = -1.06165
       pc8 = -0.0354339
       pc9 = -1.40392
      pc10 = 0.993898
      pc11 = -0.310276
      pc12 = 0.841816
      pc13 = -0.532758
      pc14 = -0.151175
      pc15 = 0.266748
      pc16 = -0.0147703
      pc17 = 0.00370905
      pc18 = 0.0100528
      pc19 = -0.0185453
Constrained:
   Tgbecnw = 82941.7
     Tecnw = 24873.8
       Tnw = 14102.1
       Tec = 9673.77
     twoNb = 779909
     twoNe = 87960.9
     twoNc = 84982
     twoNn = 4.74058e+06
     twoNw = 5.55024e+06
    twoNec = 130140
    twoNnw = 39747.7
  twoNecnw = 67933.1
  twoNbecnw = 3025.39
  twoNgbecnw = 361843
         m = 0.0848131
        m2 = 0.0198687
        m3 = 0.267075
        m4 = 0.0180569
        m6 = 3.61998e-07
        Tb = 17273.8
        Ta = 46236.9
        Tc = 7051.07
        Td = 3525.54
        Tf = 1762.77
#       SitePat  BranchLen
              b 122512.4651884
              e 48197.1760737
              c 49475.0514607
              n 43964.8803717
              w 46235.3851081
            b:e 2118.1587859
            b:c 2415.5663690
            b:n 1622.5779074
            b:w 1774.9675885
            e:c 10199.9459967
            e:n 5744.9332191
            e:w 4711.2819768
            c:n 5242.8246346
            c:w 4670.6171480
            n:w 12337.8299957
          b:e:c 1939.0828159
          b:e:n 1055.4204324
          b:e:w 1039.3793988
          b:c:n 1037.5143254
          b:c:w 1078.8254412
          b:n:w 1909.1369396
          e:c:n 5004.5953488
          e:c:w 4247.1717114
          e:n:w 6025.8528567
          c:n:w 5555.4344685
        b:e:c:n 2027.4052393
        b:e:c:w 1942.5231445
        b:e:n:w 3308.1525903
        b:c:n:w 2724.5213652
        e:c:n:w 50944.6182181
