########################################
# legofit: estimate population history #
#            version 2.3.3             #
########################################

# Program was compiled: Sep 12 2021 17:54:39
# Program was run: Mon Sep 20 07:49:08 2021

# cmd: legofit -1 -d 0 -t 56 --ptsPerDim 3 --stateOut b1boot0.state --tol 3e-6 -S 5000 abcdf2.lgo ../../boot/boot0.opf
# Stage nOptItr nSimReps
#     0    5000        0
# algorithm          : deterministic
# ignoring probs <=  : 0
# Branch length floor: 0
# DE strategy        : 2
#    F               : 0.3
#    CR              : 0.8
#    tolerance       : 3e-06
# nthreads           : 56
# lgo input file     : abcdf2.lgo
# site pat input file: ../../boot/boot0.opf
# free parameters    : 19
# points in DE swarm : 57
# output state file  : b1boot0.state
# Including singleton site patterns.
# cost function      : KL
Initial parameter values
Fixed:
      zero = 0
       one = 1
    Tbecnw = 75200
Free:
       pc1 = 0
       pc2 = 0
       pc3 = 0
       pc4 = 0
       pc5 = 0
       pc6 = 0
       pc7 = 0
       pc8 = 0
       pc9 = 0
      pc10 = 0
      pc11 = 0
      pc12 = 0
      pc13 = 0
      pc14 = 0
      pc15 = 0
      pc16 = 0
      pc17 = 0
      pc18 = 0
      pc19 = 0
Constrained:
   Tgbecnw = 101077
     Tecnw = 25378.1
       Tnw = 15996.1
       Tec = 14170.9
     twoNb = 741423
     twoNe = 169579
     twoNc = 1.52207e+06
     twoNn = 3.23057e+06
     twoNw = 6.39438e+06
    twoNec = 93480.7
    twoNnw = 35106.4
  twoNecnw = 72866.3
  twoNbecnw = 9958.42
  twoNgbecnw = 327617
         m = 0.102719
        m2 = 0.0202529
        m3 = 0.255272
        m4 = 0.0179211
        m6 = 2.0054e-07
        Tb = 19774.5
        Ta = 47487.2
        Tc = 7998.06
        Td = 3999.03
        Tf = 1999.52
DiffEv reached_goal. cost=1.62869e-03 spread=2.04197e-06
Fitted parameter values
Free:
       pc1 = 3.95701
       pc2 = -3.33014
       pc3 = 0.0689619
       pc4 = 1.15386
       pc5 = -1.75895
       pc6 = -1.39039
       pc7 = -0.121329
       pc8 = 1.36556
       pc9 = -0.465914
      pc10 = 0.749792
      pc11 = -0.39507
      pc12 = 0.954275
      pc13 = 0.0849715
      pc14 = 0.124712
      pc15 = 0.0734515
      pc16 = 0.0287458
      pc17 = 0.00918605
      pc18 = 0.00974072
      pc19 = -0.0196936
Constrained:
   Tgbecnw = 80811.8
     Tecnw = 25043.7
       Tnw = 13593.8
       Tec = 8951.76
     twoNb = 654662
     twoNe = 79434.1
     twoNc = 2.79052e+06
     twoNn = 5.24527e+06
     twoNw = 1.02898e+07
    twoNec = 139532
    twoNnw = 42664.8
  twoNecnw = 66671.9
  twoNbecnw = 2214.22
  twoNgbecnw = 361931
         m = 0.0841439
        m2 = 0.0196946
        m3 = 0.263816
        m4 = 0.0176887
        m6 = 8.02545e-07
        Tb = 16997.7
        Ta = 46098.9
        Tc = 6796.91
        Td = 3398.46
        Tf = 1699.23
#       SitePat  BranchLen
              b 122051.0972466
              e 48046.7243288
              c 49249.5849138
              n 43849.3084841
              w 46050.4318807
            b:e 2127.6405834
            b:c 2436.2636234
            b:n 1623.5647402
            b:w 1765.8605262
            e:c 10132.8710537
            e:n 5677.8336127
            e:w 4688.4706278
            c:n 5212.8008846
            c:w 4641.6187549
            n:w 12267.3290559
          b:e:c 1933.8804597
          b:e:n 1052.5281530
          b:e:w 1038.2197281
          b:c:n 1037.8079232
          b:c:w 1075.1229918
          b:n:w 1899.4469595
          e:c:n 4963.4325121
          e:c:w 4239.2797668
          e:n:w 6007.7278316
          c:n:w 5544.6910847
        b:e:c:n 2019.3980933
        b:e:c:w 1937.6701639
        b:e:n:w 3268.5531078
        b:c:n:w 2709.8076813
        e:c:n:w 50842.6322246
