########################################
# legofit: estimate population history #
#       version 2.3.4-4-g53f8760       #
########################################

# Program was compiled: Sep 21 2021 14:36:42
# Program was run: Thu Sep 23 14:34:29 2021

# cmd: legofit -1 -d 0 -t 32 --ptsPerDim 3 --stateOut b1.state --tol 3e-6 -S 5000 bdef2.lgo ../../chrX/pan_chrX.opf
# Stage nOptItr nSimReps
#     0    5000        0
# algorithm          : deterministic
# ignoring probs <=  : 0
# Branch length floor: 0
# DE strategy        : 2
#    F               : 0.3
#    CR              : 0.8
#    tolerance       : 3e-06
# nthreads           : 32
# lgo input file     : bdef2.lgo
# site pat input file: ../../chrX/pan_chrX.opf
# free parameters    : 15
# points in DE swarm : 45
# output state file  : b1.state
# Including singleton site patterns.
# cost function      : KL
Initial parameter values
Fixed:
      zero = 0
       one = 1
    Tbecnw = 75200
Free:
       pc1 = 0
       pc2 = 0
       pc3 = 0
       pc4 = 0
       pc5 = 0
       pc6 = 0
       pc7 = 0
       pc8 = 0
       pc9 = 0
      pc10 = 0
      pc11 = 0
      pc12 = 0
      pc13 = 0
      pc14 = 0
      pc15 = 0
Constrained:
     Tecnw = 43493.5
       Tnw = 733.529
       Tec = 2335.72
     twoNb = 1.39101e+06
     twoNe = 441162
     twoNc = 319167
     twoNw = 1.03196e+06
    twoNec = 72829.8
    twoNnw = 146201
  twoNecnw = 23370.9
  twoNbecnw = 54591.1
        m2 = 0.0267753
        m4 = 0.0098348
        m5 = 0.361313
        m6 = 0.280366
        Tb = 22914.6
        Td = 1167.86
        Te = 583.931
        Tf = 291.965
DiffEv reached_goal. cost=2.53068e-03 spread=2.83472e-06
Fitted parameter values
Free:
       pc1 = 1.3718
       pc2 = -2.72838
       pc3 = -1.94504
       pc4 = 3.86779
       pc5 = -1.80913
       pc6 = 1.26106
       pc7 = -1.19631
       pc8 = -0.541684
       pc9 = 0.699898
      pc10 = -1.8033
      pc11 = 0.27354
      pc12 = -0.423062
      pc13 = -0.215383
      pc14 = 0.185242
      pc15 = 0.0258419
Constrained:
     Tecnw = 43604.7
       Tnw = 53.3329
       Tec = 129.091
     twoNb = 2.88321e+06
     twoNe = 1.57052e+06
     twoNc = 1.04103e+06
     twoNw = 1.95692e+06
    twoNec = 77759.6
    twoNnw = 152097
  twoNecnw = 23018.4
  twoNbecnw = 54566.9
        m2 = 0.0290689
        m4 = 0.0127995
        m5 = 0.356233
        m6 = 0.283901
        Tb = 21866.9
        Td = 64.5457
        Te = 32.2729
        Tf = 16.1364
#       SitePat  BranchLen
              b 121916.9560523
              e 45482.1874877
              c 47269.9860463
              n 44734.4465131
              w 44733.9938759
            b:e 1391.2117222
            b:c 1642.7598595
            b:n 1130.8511320
            b:w 1130.8351620
            e:c 12048.8695849
            e:n 4615.0345956
            e:w 4615.1757650
            c:n 4151.3028913
            c:w 4151.5342807
            n:w 12246.7708135
          b:e:c 1353.9192718
          b:e:n 599.1300213
          b:e:w 599.1273092
          b:c:n 599.5936960
          b:c:w 599.5963935
          b:n:w 1347.0111922
          e:c:n 4253.3817790
          e:c:w 4253.4618575
          e:n:w 6179.9869655
          c:n:w 5295.0640437
        b:e:c:n 1132.4889495
        b:e:c:w 1132.5049341
        b:e:n:w 1599.4009950
        b:c:n:w 1371.4176505
        e:c:n:w 48290.9231029
