########################################
# legofit: estimate population history #
#       version 2.3.4-4-g53f8760       #
########################################

# Program was compiled: Sep 21 2021 14:36:42
# Program was run: Thu Sep 23 14:35:14 2021

# cmd: legofit -1 -d 0 -t 32 --ptsPerDim 3 --stateOut b1boot47.state --tol 3e-6 -S 5000 bdef2.lgo ../../chrX/boot_chrX/boot47.opf
# Stage nOptItr nSimReps
#     0    5000        0
# algorithm          : deterministic
# ignoring probs <=  : 0
# Branch length floor: 0
# DE strategy        : 2
#    F               : 0.3
#    CR              : 0.8
#    tolerance       : 3e-06
# nthreads           : 32
# lgo input file     : bdef2.lgo
# site pat input file: ../../chrX/boot_chrX/boot47.opf
# free parameters    : 15
# points in DE swarm : 45
# output state file  : b1boot47.state
# Including singleton site patterns.
# cost function      : KL
Initial parameter values
Fixed:
      zero = 0
       one = 1
    Tbecnw = 75200
Free:
       pc1 = 0
       pc2 = 0
       pc3 = 0
       pc4 = 0
       pc5 = 0
       pc6 = 0
       pc7 = 0
       pc8 = 0
       pc9 = 0
      pc10 = 0
      pc11 = 0
      pc12 = 0
      pc13 = 0
      pc14 = 0
      pc15 = 0
Constrained:
     Tecnw = 43493.5
       Tnw = 733.529
       Tec = 2335.72
     twoNb = 1.39101e+06
     twoNe = 441162
     twoNc = 319167
     twoNw = 1.03196e+06
    twoNec = 72829.8
    twoNnw = 146201
  twoNecnw = 23370.9
  twoNbecnw = 54591.1
        m2 = 0.0267753
        m4 = 0.0098348
        m5 = 0.361313
        m6 = 0.280366
        Tb = 22914.6
        Td = 1167.86
        Te = 583.931
        Tf = 291.965
DiffEv reached_goal. cost=2.54537e-03 spread=9.67945e-07
Fitted parameter values
Free:
       pc1 = 1.95285
       pc2 = -1.09287
       pc3 = -1.99197
       pc4 = 3.96262
       pc5 = -1.99657
       pc6 = -0.309223
       pc7 = -1.35807
       pc8 = -1.48336
       pc9 = 1.23553
      pc10 = -1.99878
      pc11 = 0.473774
      pc12 = -0.462608
      pc13 = 0.395131
      pc14 = 0.0631026
      pc15 = 0.148603
Constrained:
     Tecnw = 43088.7
       Tnw = 12.7827
       Tec = 25.0643
     twoNb = 2.6696e+06
     twoNe = 1.32912e+06
     twoNc = 1.08058e+06
     twoNw = 1.99913e+06
    twoNec = 78288.7
    twoNnw = 152048
  twoNecnw = 23199.3
  twoNbecnw = 52593.2
        m2 = 0.0276465
        m4 = 0.0121974
        m5 = 0.361251
        m6 = 0.276798
        Tb = 21556.9
        Td = 12.5321
        Te = 6.26606
        Tf = 3.13303
#       SitePat  BranchLen
              b 120315.5957728
              e 44972.2255894
              c 46939.1796900
              n 44373.2386228
              w 44373.1162467
            b:e 1314.5001923
            b:c 1569.3330211
            b:n 1080.0733527
            b:w 1080.0691963
            e:c 11855.5212766
            e:n 4598.6688671
            e:w 4598.7147776
            c:n 4073.9218176
            c:w 4073.9768009
            n:w 12052.4985207
          b:e:c 1285.1456453
          b:e:n 573.1645344
          b:e:w 573.1642702
          b:c:n 573.6383463
          b:c:w 573.6386065
          b:n:w 1278.2789429
          e:c:n 4193.3193544
          e:c:w 4193.3408368
          e:n:w 6090.9866608
          c:n:w 5148.0736396
        b:e:c:n 1081.7055806
        b:e:c:w 1081.7097409
        b:e:n:w 1524.9361166
        b:c:n:w 1294.5990865
        e:c:n:w 47262.4489623
