########################################
# legofit: estimate population history #
#       version 2.3.4-4-g53f8760       #
########################################

# Program was compiled: Sep 21 2021 14:36:42
# Program was run: Thu Sep 23 14:35:03 2021

# cmd: legofit -1 -d 0 -t 32 --ptsPerDim 3 --stateOut b1boot37.state --tol 3e-6 -S 5000 bdef2.lgo ../../chrX/boot_chrX/boot37.opf
# Stage nOptItr nSimReps
#     0    5000        0
# algorithm          : deterministic
# ignoring probs <=  : 0
# Branch length floor: 0
# DE strategy        : 2
#    F               : 0.3
#    CR              : 0.8
#    tolerance       : 3e-06
# nthreads           : 32
# lgo input file     : bdef2.lgo
# site pat input file: ../../chrX/boot_chrX/boot37.opf
# free parameters    : 15
# points in DE swarm : 45
# output state file  : b1boot37.state
# Including singleton site patterns.
# cost function      : KL
Initial parameter values
Fixed:
      zero = 0
       one = 1
    Tbecnw = 75200
Free:
       pc1 = 0
       pc2 = 0
       pc3 = 0
       pc4 = 0
       pc5 = 0
       pc6 = 0
       pc7 = 0
       pc8 = 0
       pc9 = 0
      pc10 = 0
      pc11 = 0
      pc12 = 0
      pc13 = 0
      pc14 = 0
      pc15 = 0
Constrained:
     Tecnw = 43493.5
       Tnw = 733.529
       Tec = 2335.72
     twoNb = 1.39101e+06
     twoNe = 441162
     twoNc = 319167
     twoNw = 1.03196e+06
    twoNec = 72829.8
    twoNnw = 146201
  twoNecnw = 23370.9
  twoNbecnw = 54591.1
        m2 = 0.0267753
        m4 = 0.0098348
        m5 = 0.361313
        m6 = 0.280366
        Tb = 22914.6
        Td = 1167.86
        Te = 583.931
        Tf = 291.965
DiffEv reached_goal. cost=2.44339e-03 spread=2.89912e-06
Fitted parameter values
Free:
       pc1 = 2.18834
       pc2 = -2.16046
       pc3 = -1.99899
       pc4 = 3.90402
       pc5 = -1.81158
       pc6 = 0.976008
       pc7 = -0.469128
       pc8 = 1.58862
       pc9 = 1.26125
      pc10 = -1.28995
      pc11 = 0.557927
      pc12 = -0.626431
      pc13 = -0.386868
      pc14 = -0.186047
      pc15 = 0.101604
Constrained:
     Tecnw = 43204.1
       Tnw = 44.3147
       Tec = 70.8379
     twoNb = 2.91323e+06
     twoNe = 1.52197e+06
     twoNc = 1.07795e+06
     twoNw = 1.54723e+06
    twoNec = 80208.5
    twoNnw = 158809
  twoNecnw = 23707.2
  twoNbecnw = 55162.9
        m2 = 0.0275827
        m4 = 0.0116625
        m5 = 0.356906
        m6 = 0.28459
        Tb = 21637.5
        Td = 35.4189
        Te = 17.7095
        Tf = 8.85473
#       SitePat  BranchLen
              b 122255.8677413
              e 45766.4219995
              c 47472.3560201
              n 45156.4735030
              w 45155.8457562
            b:e 1427.8085021
            b:c 1664.9706530
            b:n 1184.6384032
            b:w 1184.6154126
            e:c 11949.9274551
            e:n 4690.9366406
            e:w 4691.1831100
            c:n 4242.8298343
            c:w 4243.0988468
            n:w 12078.4478895
          b:e:c 1380.4129054
          b:e:n 631.2407916
          b:e:w 631.2400816
          b:c:n 631.6846198
          b:c:w 631.6853095
          b:n:w 1373.9847948
          e:c:n 4394.2097986
          e:c:w 4394.3220634
          e:n:w 6182.7345365
          c:n:w 5350.6105060
        b:e:c:n 1186.2342075
        b:e:c:w 1186.2572184
        b:e:n:w 1624.5739126
        b:c:n:w 1408.9037849
        e:c:n:w 48266.6151153
