########################################
# legofit: estimate population history #
#       version 2.3.4-4-g53f8760       #
########################################

# Program was compiled: Sep 21 2021 14:36:42
# Program was run: Thu Sep 23 14:34:33 2021

# cmd: legofit -1 -d 0 -t 32 --ptsPerDim 3 --stateOut b1boot7.state --tol 3e-6 -S 5000 bdef2.lgo ../../chrX/boot_chrX/boot7.opf
# Stage nOptItr nSimReps
#     0    5000        0
# algorithm          : deterministic
# ignoring probs <=  : 0
# Branch length floor: 0
# DE strategy        : 2
#    F               : 0.3
#    CR              : 0.8
#    tolerance       : 3e-06
# nthreads           : 32
# lgo input file     : bdef2.lgo
# site pat input file: ../../chrX/boot_chrX/boot7.opf
# free parameters    : 15
# points in DE swarm : 45
# output state file  : b1boot7.state
# Including singleton site patterns.
# cost function      : KL
Initial parameter values
Fixed:
      zero = 0
       one = 1
    Tbecnw = 75200
Free:
       pc1 = 0
       pc2 = 0
       pc3 = 0
       pc4 = 0
       pc5 = 0
       pc6 = 0
       pc7 = 0
       pc8 = 0
       pc9 = 0
      pc10 = 0
      pc11 = 0
      pc12 = 0
      pc13 = 0
      pc14 = 0
      pc15 = 0
Constrained:
     Tecnw = 43493.5
       Tnw = 733.529
       Tec = 2335.72
     twoNb = 1.39101e+06
     twoNe = 441162
     twoNc = 319167
     twoNw = 1.03196e+06
    twoNec = 72829.8
    twoNnw = 146201
  twoNecnw = 23370.9
  twoNbecnw = 54591.1
        m2 = 0.0267753
        m4 = 0.0098348
        m5 = 0.361313
        m6 = 0.280366
        Tb = 22914.6
        Td = 1167.86
        Te = 583.931
        Tf = 291.965
DiffEv reached_goal. cost=2.67525e-03 spread=2.89485e-06
Fitted parameter values
Free:
       pc1 = 1.53444
       pc2 = -2.3312
       pc3 = -1.85229
       pc4 = 2.19203
       pc5 = -1.31209
       pc6 = 0.442283
       pc7 = -1.15532
       pc8 = 1.25714
       pc9 = 1.57573
      pc10 = -0.526843
      pc11 = 0.852136
      pc12 = -0.870415
      pc13 = -0.418929
      pc14 = -0.247596
      pc15 = -0.13298
Constrained:
     Tecnw = 43767.9
       Tnw = 34.274
       Tec = 54.4985
     twoNb = 2.73989e+06
     twoNe = 1.33567e+06
     twoNc = 845750
     twoNw = 1.09385e+06
    twoNec = 76956.1
    twoNnw = 156297
  twoNecnw = 23454.3
  twoNbecnw = 54759.8
        m2 = 0.0278711
        m4 = 0.00883104
        m5 = 0.36055
        m6 = 0.284702
        Tb = 21911.2
        Td = 27.2493
        Te = 13.6246
        Tf = 6.81232
#       SitePat  BranchLen
              b 121904.0561230
              e 45657.2118624
              c 47369.3399717
              n 45238.6507364
              w 45237.9578488
            b:e 1415.5798034
            b:c 1629.9570634
            b:n 1182.3135272
            b:w 1182.2883346
            e:c 12268.7544198
            e:n 4678.8959787
            e:w 4679.1709197
            c:n 4211.8232729
            c:w 4212.1181885
            n:w 12246.7398006
          b:e:c 1397.7249397
          b:e:n 622.9366420
          b:e:w 622.9360145
          b:c:n 623.3122320
          b:c:w 623.3128371
          b:n:w 1390.8662056
          e:c:n 4365.7129789
          e:c:w 4365.8360099
          e:n:w 6098.5942808
          c:n:w 5301.7333742
        b:e:c:n 1183.9046128
        b:e:c:w 1183.9298279
        b:e:n:w 1591.9760865
        b:c:n:w 1395.7046482
        e:c:n:w 47817.6345210
