########################################
# legofit: estimate population history #
#       version 2.3.4-4-g53f8760       #
########################################

# Program was compiled: Sep 21 2021 14:36:42
# Program was run: Thu Sep 23 14:35:03 2021

# cmd: legofit -1 -d 0 -t 32 --ptsPerDim 3 --stateOut b1boot38.state --tol 3e-6 -S 5000 bdef2.lgo ../../chrX/boot_chrX/boot38.opf
# Stage nOptItr nSimReps
#     0    5000        0
# algorithm          : deterministic
# ignoring probs <=  : 0
# Branch length floor: 0
# DE strategy        : 2
#    F               : 0.3
#    CR              : 0.8
#    tolerance       : 3e-06
# nthreads           : 32
# lgo input file     : bdef2.lgo
# site pat input file: ../../chrX/boot_chrX/boot38.opf
# free parameters    : 15
# points in DE swarm : 45
# output state file  : b1boot38.state
# Including singleton site patterns.
# cost function      : KL
Initial parameter values
Fixed:
      zero = 0
       one = 1
    Tbecnw = 75200
Free:
       pc1 = 0
       pc2 = 0
       pc3 = 0
       pc4 = 0
       pc5 = 0
       pc6 = 0
       pc7 = 0
       pc8 = 0
       pc9 = 0
      pc10 = 0
      pc11 = 0
      pc12 = 0
      pc13 = 0
      pc14 = 0
      pc15 = 0
Constrained:
     Tecnw = 43493.5
       Tnw = 733.529
       Tec = 2335.72
     twoNb = 1.39101e+06
     twoNe = 441162
     twoNc = 319167
     twoNw = 1.03196e+06
    twoNec = 72829.8
    twoNnw = 146201
  twoNecnw = 23370.9
  twoNbecnw = 54591.1
        m2 = 0.0267753
        m4 = 0.0098348
        m5 = 0.361313
        m6 = 0.280366
        Tb = 22914.6
        Td = 1167.86
        Te = 583.931
        Tf = 291.965
DiffEv reached_goal. cost=2.71997e-03 spread=2.94317e-06
Fitted parameter values
Free:
       pc1 = 1.72176
       pc2 = -2.53373
       pc3 = -1.96715
       pc4 = 3.97485
       pc5 = -1.90386
       pc6 = 1.2237
       pc7 = -1.40262
       pc8 = 0.405548
       pc9 = 1.05903
      pc10 = -1.46646
      pc11 = -0.33159
      pc12 = 0.201642
      pc13 = 0.0395805
      pc14 = 0.211032
      pc15 = 0.00205592
Constrained:
     Tecnw = 42903.6
       Tnw = 78.9018
       Tec = 98.1313
     twoNb = 2.91563e+06
     twoNe = 1.70618e+06
     twoNc = 1.06857e+06
     twoNw = 1.73793e+06
    twoNec = 79321
    twoNnw = 153826
  twoNecnw = 23009.8
  twoNbecnw = 54989.2
        m2 = 0.0287217
        m4 = 0.0119681
        m5 = 0.358246
        m6 = 0.282989
        Tb = 21500.9
        Td = 49.0656
        Te = 24.5328
        Tf = 12.2664
#       SitePat  BranchLen
              b 122480.6382831
              e 45173.9541136
              c 46959.9083687
              n 44410.5849263
              w 44409.5098940
            b:e 1370.9110428
            b:c 1616.4317775
            b:n 1110.8605941
            b:w 1110.8230106
            e:c 11745.3328923
            e:n 4605.8079450
            e:w 4606.2604963
            c:n 4140.3203832
            c:w 4140.7525226
            n:w 11979.3409992
          b:e:c 1311.7976883
          b:e:n 592.8520888
          b:e:w 592.8526798
          b:c:n 593.2845049
          b:c:w 593.2838789
          b:n:w 1305.1829643
          e:c:n 4259.7572087
          e:c:w 4259.9475503
          e:n:w 6160.8738174
          c:n:w 5282.8047993
        b:e:c:n 1112.4016301
        b:e:c:w 1112.4392485
        b:e:n:w 1574.3905921
        b:c:n:w 1351.1165408
        e:c:n:w 49349.6875305
