########################################
# legofit: estimate population history #
#       version 2.3.4-4-g53f8760       #
########################################

# Program was compiled: Sep 21 2021 14:36:42
# Program was run: Thu Sep 23 14:34:33 2021

# cmd: legofit -1 -d 0 -t 32 --ptsPerDim 3 --stateOut b1boot8.state --tol 3e-6 -S 5000 bdef2.lgo ../../chrX/boot_chrX/boot8.opf
# Stage nOptItr nSimReps
#     0    5000        0
# algorithm          : deterministic
# ignoring probs <=  : 0
# Branch length floor: 0
# DE strategy        : 2
#    F               : 0.3
#    CR              : 0.8
#    tolerance       : 3e-06
# nthreads           : 32
# lgo input file     : bdef2.lgo
# site pat input file: ../../chrX/boot_chrX/boot8.opf
# free parameters    : 15
# points in DE swarm : 45
# output state file  : b1boot8.state
# Including singleton site patterns.
# cost function      : KL
Initial parameter values
Fixed:
      zero = 0
       one = 1
    Tbecnw = 75200
Free:
       pc1 = 0
       pc2 = 0
       pc3 = 0
       pc4 = 0
       pc5 = 0
       pc6 = 0
       pc7 = 0
       pc8 = 0
       pc9 = 0
      pc10 = 0
      pc11 = 0
      pc12 = 0
      pc13 = 0
      pc14 = 0
      pc15 = 0
Constrained:
     Tecnw = 43493.5
       Tnw = 733.529
       Tec = 2335.72
     twoNb = 1.39101e+06
     twoNe = 441162
     twoNc = 319167
     twoNw = 1.03196e+06
    twoNec = 72829.8
    twoNnw = 146201
  twoNecnw = 23370.9
  twoNbecnw = 54591.1
        m2 = 0.0267753
        m4 = 0.0098348
        m5 = 0.361313
        m6 = 0.280366
        Tb = 22914.6
        Td = 1167.86
        Te = 583.931
        Tf = 291.965
DiffEv reached_goal. cost=2.53299e-03 spread=2.47910e-06
Fitted parameter values
Free:
       pc1 = 0.739454
       pc2 = -3.93116
       pc3 = -1.01622
       pc4 = 2.57302
       pc5 = -1.70291
       pc6 = 1.93249
       pc7 = 0.0297183
       pc8 = 1.17942
       pc9 = 0.121386
      pc10 = -1.65756
      pc11 = 0.408698
      pc12 = -0.472897
      pc13 = 0.3671
      pc14 = 0.33448
      pc15 = -0.184496
Constrained:
     Tecnw = 44196.8
       Tnw = 24.0491
       Tec = 64.5177
     twoNb = 2.5795e+06
     twoNe = 1.24632e+06
     twoNc = 1.09539e+06
     twoNw = 1.53306e+06
    twoNec = 78247.1
    twoNnw = 151016
  twoNecnw = 23138.3
  twoNbecnw = 56802.2
        m2 = 0.0282151
        m4 = 0.0135173
        m5 = 0.362437
        m6 = 0.284008
        Tb = 22130.7
        Td = 32.2589
        Te = 16.1294
        Tf = 8.06471
#       SitePat  BranchLen
              b 123615.1723232
              e 45935.7615372
              c 47909.4144843
              n 45121.5069841
              w 45121.2675217
            b:e 1475.7498691
            b:c 1759.7253909
            b:n 1207.6422871
            b:w 1207.6333476
            e:c 12264.8881894
            e:n 4752.7323462
            e:w 4752.7987092
            c:n 4239.6081905
            c:w 4239.7382119
            n:w 12557.4458549
          b:e:c 1450.7139565
          b:e:n 641.5018601
          b:e:w 641.4998409
          b:c:n 642.0872755
          b:c:w 642.0892860
          b:n:w 1442.9343810
          e:c:n 4358.3047143
          e:c:w 4358.3477922
          e:n:w 6400.8459241
          c:n:w 5423.7959129
        b:e:c:n 1209.5764283
        b:e:c:w 1209.5853767
        b:e:n:w 1709.8930502
        b:c:n:w 1454.3243852
        e:c:n:w 49147.9294640
