########################################
# legofit: estimate population history #
#       version 2.3.4-4-g53f8760       #
########################################

# Program was compiled: Sep 21 2021 14:36:42
# Program was run: Thu Sep 23 14:34:54 2021

# cmd: legofit -1 -d 0 -t 32 --ptsPerDim 3 --stateOut b1boot29.state --tol 3e-6 -S 5000 bdef2.lgo ../../chrX/boot_chrX/boot29.opf
# Stage nOptItr nSimReps
#     0    5000        0
# algorithm          : deterministic
# ignoring probs <=  : 0
# Branch length floor: 0
# DE strategy        : 2
#    F               : 0.3
#    CR              : 0.8
#    tolerance       : 3e-06
# nthreads           : 32
# lgo input file     : bdef2.lgo
# site pat input file: ../../chrX/boot_chrX/boot29.opf
# free parameters    : 15
# points in DE swarm : 45
# output state file  : b1boot29.state
# Including singleton site patterns.
# cost function      : KL
Initial parameter values
Fixed:
      zero = 0
       one = 1
    Tbecnw = 75200
Free:
       pc1 = 0
       pc2 = 0
       pc3 = 0
       pc4 = 0
       pc5 = 0
       pc6 = 0
       pc7 = 0
       pc8 = 0
       pc9 = 0
      pc10 = 0
      pc11 = 0
      pc12 = 0
      pc13 = 0
      pc14 = 0
      pc15 = 0
Constrained:
     Tecnw = 43493.5
       Tnw = 733.529
       Tec = 2335.72
     twoNb = 1.39101e+06
     twoNe = 441162
     twoNc = 319167
     twoNw = 1.03196e+06
    twoNec = 72829.8
    twoNnw = 146201
  twoNecnw = 23370.9
  twoNbecnw = 54591.1
        m2 = 0.0267753
        m4 = 0.0098348
        m5 = 0.361313
        m6 = 0.280366
        Tb = 22914.6
        Td = 1167.86
        Te = 583.931
        Tf = 291.965
DiffEv reached_goal. cost=2.58888e-03 spread=2.87553e-06
Fitted parameter values
Free:
       pc1 = 2.52511
       pc2 = -1.25885
       pc3 = -1.99734
       pc4 = 3.88955
       pc5 = -1.90936
       pc6 = 0.349368
       pc7 = -1.38554
       pc8 = -0.245927
       pc9 = 1.12619
      pc10 = -1.17886
      pc11 = -0.23632
      pc12 = -0.359216
      pc13 = -0.0153114
      pc14 = -0.178186
      pc15 = 0.0966921
Constrained:
     Tecnw = 42751.2
       Tnw = 43.2813
       Tec = 110.104
     twoNb = 2.69407e+06
     twoNe = 1.66198e+06
     twoNc = 965684
     twoNw = 1.74332e+06
    twoNec = 78912.1
    twoNnw = 156160
  twoNecnw = 23265.5
  twoNbecnw = 53643.2
        m2 = 0.0278183
        m4 = 0.0116292
        m5 = 0.354506
        m6 = 0.275733
        Tb = 21430.7
        Td = 55.0522
        Te = 27.5261
        Tf = 13.7631
#       SitePat  BranchLen
              b 121258.7697093
              e 45039.5213912
              c 46851.8009843
              n 44545.5145220
              w 44545.1303600
            b:e 1336.3387120
            b:c 1578.4777493
            b:n 1101.7052447
            b:w 1101.6919773
            e:c 11843.5395331
            e:n 4568.0345115
            e:w 4568.1505209
            c:n 4088.3045096
            c:w 4088.5046795
            n:w 11924.6963036
          b:e:c 1297.5163318
          b:e:n 583.3052583
          b:e:w 583.3027822
          b:c:n 583.7586244
          b:c:w 583.7610881
          b:n:w 1290.5972780
          e:c:n 4262.4662726
          e:c:w 4262.5342553
          e:n:w 6061.0309950
          c:n:w 5183.8358978
        b:e:c:n 1103.3443380
        b:e:c:w 1103.3576177
        b:e:n:w 1534.6081260
        b:c:n:w 1315.8487641
        e:c:n:w 48209.3329558
