########################################
# legofit: estimate population history #
#       version 2.3.4-4-g53f8760       #
########################################

# Program was compiled: Sep 21 2021 14:36:42
# Program was run: Thu Sep 23 14:34:38 2021

# cmd: legofit -1 -d 0 -t 32 --ptsPerDim 3 --stateOut b1boot14.state --tol 3e-6 -S 5000 bdef2.lgo ../../chrX/boot_chrX/boot14.opf
# Stage nOptItr nSimReps
#     0    5000        0
# algorithm          : deterministic
# ignoring probs <=  : 0
# Branch length floor: 0
# DE strategy        : 2
#    F               : 0.3
#    CR              : 0.8
#    tolerance       : 3e-06
# nthreads           : 32
# lgo input file     : bdef2.lgo
# site pat input file: ../../chrX/boot_chrX/boot14.opf
# free parameters    : 15
# points in DE swarm : 45
# output state file  : b1boot14.state
# Including singleton site patterns.
# cost function      : KL
Initial parameter values
Fixed:
      zero = 0
       one = 1
    Tbecnw = 75200
Free:
       pc1 = 0
       pc2 = 0
       pc3 = 0
       pc4 = 0
       pc5 = 0
       pc6 = 0
       pc7 = 0
       pc8 = 0
       pc9 = 0
      pc10 = 0
      pc11 = 0
      pc12 = 0
      pc13 = 0
      pc14 = 0
      pc15 = 0
Constrained:
     Tecnw = 43493.5
       Tnw = 733.529
       Tec = 2335.72
     twoNb = 1.39101e+06
     twoNe = 441162
     twoNc = 319167
     twoNw = 1.03196e+06
    twoNec = 72829.8
    twoNnw = 146201
  twoNecnw = 23370.9
  twoNbecnw = 54591.1
        m2 = 0.0267753
        m4 = 0.0098348
        m5 = 0.361313
        m6 = 0.280366
        Tb = 22914.6
        Td = 1167.86
        Te = 583.931
        Tf = 291.965
DiffEv reached_goal. cost=2.35753e-03 spread=2.99967e-06
Fitted parameter values
Free:
       pc1 = 2.09423
       pc2 = -1.30276
       pc3 = -1.91098
       pc4 = 3.17125
       pc5 = -1.2511
       pc6 = 0.406453
       pc7 = -1.9494
       pc8 = 0.269391
       pc9 = 0.936787
      pc10 = -1.89318
      pc11 = 0.511685
      pc12 = -0.192107
      pc13 = -0.955569
      pc14 = 0.104283
      pc15 = 0.0256729
Constrained:
     Tecnw = 43009.1
       Tnw = 68.6175
       Tec = 170.328
     twoNb = 2.8226e+06
     twoNe = 1.20445e+06
     twoNc = 963178
     twoNw = 1.55915e+06
    twoNec = 79274.3
    twoNnw = 152226
  twoNecnw = 23359.7
  twoNbecnw = 53805.7
        m2 = 0.0290376
        m4 = 0.00987437
        m5 = 0.344887
        m6 = 0.285422
        Tb = 21589.7
        Td = 85.1639
        Te = 42.582
        Tf = 21.291
#       SitePat  BranchLen
              b 121307.6358748
              e 45393.5977954
              c 46824.1587291
              n 44512.2354560
              w 44511.5319222
            b:e 1382.3297486
            b:c 1578.5369738
            b:n 1113.7020992
            b:w 1113.6775214
            e:c 11942.4443194
            e:n 4541.3137659
            e:w 4541.5196981
            c:n 4167.6002717
            c:w 4167.9730893
            n:w 12149.9354905
          b:e:c 1327.5137325
          b:e:n 590.2005960
          b:e:w 590.1956332
          b:c:n 590.5603635
          b:c:w 590.5653044
          b:n:w 1320.6915314
          e:c:n 4259.5993513
          e:c:w 4259.7241353
          e:n:w 6038.9669472
          c:n:w 5336.3954600
        b:e:c:n 1115.2625590
        b:e:c:w 1115.2871586
        b:e:n:w 1539.1575563
        b:c:n:w 1361.4915488
        e:c:n:w 47999.6952047
