########################################
# legofit: estimate population history #
#       version 2.3.4-4-g53f8760       #
########################################

# Program was compiled: Sep 21 2021 14:36:42
# Program was run: Thu Sep 23 14:34:47 2021

# cmd: legofit -1 -d 0 -t 32 --ptsPerDim 3 --stateOut b1boot22.state --tol 3e-6 -S 5000 bdef2.lgo ../../chrX/boot_chrX/boot22.opf
# Stage nOptItr nSimReps
#     0    5000        0
# algorithm          : deterministic
# ignoring probs <=  : 0
# Branch length floor: 0
# DE strategy        : 2
#    F               : 0.3
#    CR              : 0.8
#    tolerance       : 3e-06
# nthreads           : 32
# lgo input file     : bdef2.lgo
# site pat input file: ../../chrX/boot_chrX/boot22.opf
# free parameters    : 15
# points in DE swarm : 45
# output state file  : b1boot22.state
# Including singleton site patterns.
# cost function      : KL
Initial parameter values
Fixed:
      zero = 0
       one = 1
    Tbecnw = 75200
Free:
       pc1 = 0
       pc2 = 0
       pc3 = 0
       pc4 = 0
       pc5 = 0
       pc6 = 0
       pc7 = 0
       pc8 = 0
       pc9 = 0
      pc10 = 0
      pc11 = 0
      pc12 = 0
      pc13 = 0
      pc14 = 0
      pc15 = 0
Constrained:
     Tecnw = 43493.5
       Tnw = 733.529
       Tec = 2335.72
     twoNb = 1.39101e+06
     twoNe = 441162
     twoNc = 319167
     twoNw = 1.03196e+06
    twoNec = 72829.8
    twoNnw = 146201
  twoNecnw = 23370.9
  twoNbecnw = 54591.1
        m2 = 0.0267753
        m4 = 0.0098348
        m5 = 0.361313
        m6 = 0.280366
        Tb = 22914.6
        Td = 1167.86
        Te = 583.931
        Tf = 291.965
DiffEv reached_goal. cost=2.48945e-03 spread=2.84260e-06
Fitted parameter values
Free:
       pc1 = 1.91171
       pc2 = -1.24147
       pc3 = -1.7941
       pc4 = 2.42148
       pc5 = -1.82141
       pc6 = 1.42796
       pc7 = -0.905932
       pc8 = -0.179731
       pc9 = -0.0349914
      pc10 = -1.67793
      pc11 = 0.705433
      pc12 = -0.49552
      pc13 = -0.235281
      pc14 = 0.146741
      pc15 = 0.0259723
Constrained:
     Tecnw = 43493.4
       Tnw = 61.9988
       Tec = 8.29903
     twoNb = 2.64326e+06
     twoNe = 1.12551e+06
     twoNc = 777616
     twoNw = 1.55381e+06
    twoNec = 79480
    twoNnw = 149773
  twoNecnw = 23390.7
  twoNbecnw = 54358.8
        m2 = 0.0279298
        m4 = 0.0143099
        m5 = 0.347471
        m6 = 0.277795
        Tb = 21750.9
        Td = 4.14951
        Te = 2.07476
        Tf = 1.03738
#       SitePat  BranchLen
              b 121609.8375692
              e 45565.4366541
              c 47362.1949639
              n 44719.2719511
              w 44718.0791791
            b:e 1404.6746815
            b:c 1670.8650719
            b:n 1142.4820850
            b:w 1142.4396391
            e:c 12154.9821548
            e:n 4605.9601194
            e:w 4606.5238979
            c:n 4147.9933594
            c:w 4148.4127690
            n:w 12431.7916900
          b:e:c 1377.8549811
          b:e:n 604.1096420
          b:e:w 604.1139912
          b:c:n 604.6786104
          b:c:w 604.6742151
          b:n:w 1370.4312519
          e:c:n 4271.4141468
          e:c:w 4271.6237307
          e:n:w 6239.2032955
          c:n:w 5329.1235385
        b:e:c:n 1144.2794766
        b:e:c:w 1144.3219686
        b:e:n:w 1621.6798202
        b:c:n:w 1383.7595737
        e:c:n:w 47814.0240170
