########################################
# legofit: estimate population history #
#       version 2.3.4-4-g53f8760       #
########################################

# Program was compiled: Sep 21 2021 14:36:42
# Program was run: Thu Sep 23 14:34:37 2021

# cmd: legofit -1 -d 0 -t 32 --ptsPerDim 3 --stateOut b1boot11.state --tol 3e-6 -S 5000 bdef2.lgo ../../chrX/boot_chrX/boot11.opf
# Stage nOptItr nSimReps
#     0    5000        0
# algorithm          : deterministic
# ignoring probs <=  : 0
# Branch length floor: 0
# DE strategy        : 2
#    F               : 0.3
#    CR              : 0.8
#    tolerance       : 3e-06
# nthreads           : 32
# lgo input file     : bdef2.lgo
# site pat input file: ../../chrX/boot_chrX/boot11.opf
# free parameters    : 15
# points in DE swarm : 45
# output state file  : b1boot11.state
# Including singleton site patterns.
# cost function      : KL
Initial parameter values
Fixed:
      zero = 0
       one = 1
    Tbecnw = 75200
Free:
       pc1 = 0
       pc2 = 0
       pc3 = 0
       pc4 = 0
       pc5 = 0
       pc6 = 0
       pc7 = 0
       pc8 = 0
       pc9 = 0
      pc10 = 0
      pc11 = 0
      pc12 = 0
      pc13 = 0
      pc14 = 0
      pc15 = 0
Constrained:
     Tecnw = 43493.5
       Tnw = 733.529
       Tec = 2335.72
     twoNb = 1.39101e+06
     twoNe = 441162
     twoNc = 319167
     twoNw = 1.03196e+06
    twoNec = 72829.8
    twoNnw = 146201
  twoNecnw = 23370.9
  twoNbecnw = 54591.1
        m2 = 0.0267753
        m4 = 0.0098348
        m5 = 0.361313
        m6 = 0.280366
        Tb = 22914.6
        Td = 1167.86
        Te = 583.931
        Tf = 291.965
DiffEv reached_goal. cost=2.58635e-03 spread=2.87863e-06
Fitted parameter values
Free:
       pc1 = 1.09217
       pc2 = -2.73577
       pc3 = -1.71903
       pc4 = 0.598045
       pc5 = -0.872352
       pc6 = 1.91731
       pc7 = -1.88941
       pc8 = 0.877051
       pc9 = 0.936182
      pc10 = -1.82928
      pc11 = 0.333455
      pc12 = -0.418877
      pc13 = -0.120595
      pc14 = 0.28964
      pc15 = -0.285359
Constrained:
     Tecnw = 43936.1
       Tnw = 21.8089
       Tec = 84.4023
     twoNb = 2.94722e+06
     twoNe = 713780
     twoNc = 727768
     twoNw = 1.03951e+06
    twoNec = 77362.2
    twoNnw = 147449
  twoNecnw = 22866.6
  twoNbecnw = 55694.3
        m2 = 0.0283098
        m4 = 0.00944769
        m5 = 0.350575
        m6 = 0.278503
        Tb = 22010.3
        Td = 42.2011
        Te = 21.1006
        Tf = 10.5503
#       SitePat  BranchLen
              b 122921.3853228
              e 45467.1760630
              c 47196.0328214
              n 44670.1889875
              w 44670.0300518
            b:e 1416.5149211
            b:c 1638.7830017
            b:n 1151.1705555
            b:w 1151.1648411
            e:c 12377.0139954
            e:n 4598.2665772
            e:w 4598.2515917
            c:n 4137.0095424
            c:w 4137.1547056
            n:w 12580.4034944
          b:e:c 1405.5675826
          b:e:n 603.9417966
          b:e:w 603.9369172
          b:c:n 604.2963332
          b:c:w 604.3012086
          b:n:w 1398.8924055
          e:c:n 4269.9304404
          e:c:w 4269.9591984
          e:n:w 6177.1445527
          c:n:w 5351.8841145
        b:e:c:n 1152.6791256
        b:e:c:w 1152.6848439
        b:e:n:w 1601.4889884
        b:c:n:w 1397.2596803
        e:c:n:w 49109.5109298
