########################################
# legofit: estimate population history #
#       version 2.3.4-4-g53f8760       #
########################################

# Program was compiled: Sep 21 2021 14:36:42
# Program was run: Thu Sep 23 14:34:32 2021

# cmd: legofit -1 -d 0 -t 32 --ptsPerDim 3 --stateOut b1boot4.state --tol 3e-6 -S 5000 bdef2.lgo ../../chrX/boot_chrX/boot4.opf
# Stage nOptItr nSimReps
#     0    5000        0
# algorithm          : deterministic
# ignoring probs <=  : 0
# Branch length floor: 0
# DE strategy        : 2
#    F               : 0.3
#    CR              : 0.8
#    tolerance       : 3e-06
# nthreads           : 32
# lgo input file     : bdef2.lgo
# site pat input file: ../../chrX/boot_chrX/boot4.opf
# free parameters    : 15
# points in DE swarm : 45
# output state file  : b1boot4.state
# Including singleton site patterns.
# cost function      : KL
Initial parameter values
Fixed:
      zero = 0
       one = 1
    Tbecnw = 75200
Free:
       pc1 = 0
       pc2 = 0
       pc3 = 0
       pc4 = 0
       pc5 = 0
       pc6 = 0
       pc7 = 0
       pc8 = 0
       pc9 = 0
      pc10 = 0
      pc11 = 0
      pc12 = 0
      pc13 = 0
      pc14 = 0
      pc15 = 0
Constrained:
     Tecnw = 43493.5
       Tnw = 733.529
       Tec = 2335.72
     twoNb = 1.39101e+06
     twoNe = 441162
     twoNc = 319167
     twoNw = 1.03196e+06
    twoNec = 72829.8
    twoNnw = 146201
  twoNecnw = 23370.9
  twoNbecnw = 54591.1
        m2 = 0.0267753
        m4 = 0.0098348
        m5 = 0.361313
        m6 = 0.280366
        Tb = 22914.6
        Td = 1167.86
        Te = 583.931
        Tf = 291.965
DiffEv reached_goal. cost=2.56046e-03 spread=2.90293e-06
Fitted parameter values
Free:
       pc1 = 0.901797
       pc2 = -2.93348
       pc3 = -1.96225
       pc4 = 2.25183
       pc5 = -1.955
       pc6 = 1.80005
       pc7 = -0.009239
       pc8 = 0.456389
       pc9 = 0.944049
      pc10 = -1.75011
      pc11 = 0.0366405
      pc12 = -0.295031
      pc13 = 0.26363
      pc14 = 0.269652
      pc15 = -0.143286
Constrained:
     Tecnw = 43783.7
       Tnw = 35.8861
       Tec = 142.794
     twoNb = 2.81059e+06
     twoNe = 1.0139e+06
     twoNc = 892083
     twoNw = 1.56406e+06
    twoNec = 77291.6
    twoNnw = 152614
  twoNecnw = 22981
  twoNbecnw = 55810.6
        m2 = 0.0262041
        m4 = 0.0138349
        m5 = 0.363665
        m6 = 0.282976
        Tb = 21963.2
        Td = 71.3971
        Te = 35.6986
        Tf = 17.8493
#       SitePat  BranchLen
              b 122989.9930706
              e 45475.6681250
              c 47461.1945346
              n 44870.1031999
              w 44869.9410851
            b:e 1398.8633015
            b:c 1678.7292716
            b:n 1162.6149711
            b:w 1162.6090874
            e:c 12103.0549410
            e:n 4690.6494012
            e:w 4690.6221801
            c:n 4173.7727822
            c:w 4173.9323676
            n:w 12284.6106186
          b:e:c 1383.4257610
          b:e:n 616.0811269
          b:e:w 616.0753947
          b:c:n 616.6030073
          b:c:w 616.6087357
          b:n:w 1376.8539348
          e:c:n 4312.7581408
          e:c:w 4312.7878913
          e:n:w 6258.7688435
          c:n:w 5279.4622269
        b:e:c:n 1164.2503663
        b:e:c:w 1164.2562536
        b:e:n:w 1634.3076607
        b:c:n:w 1380.7331077
        e:c:n:w 49140.4356632
