########################################
# legofit: estimate population history #
#       version 2.3.4-4-g53f8760       #
########################################

# Program was compiled: Sep 21 2021 14:36:42
# Program was run: Thu Sep 23 14:34:54 2021

# cmd: legofit -1 -d 0 -t 32 --ptsPerDim 3 --stateOut b1boot27.state --tol 3e-6 -S 5000 bdef2.lgo ../../chrX/boot_chrX/boot27.opf
# Stage nOptItr nSimReps
#     0    5000        0
# algorithm          : deterministic
# ignoring probs <=  : 0
# Branch length floor: 0
# DE strategy        : 2
#    F               : 0.3
#    CR              : 0.8
#    tolerance       : 3e-06
# nthreads           : 32
# lgo input file     : bdef2.lgo
# site pat input file: ../../chrX/boot_chrX/boot27.opf
# free parameters    : 15
# points in DE swarm : 45
# output state file  : b1boot27.state
# Including singleton site patterns.
# cost function      : KL
Initial parameter values
Fixed:
      zero = 0
       one = 1
    Tbecnw = 75200
Free:
       pc1 = 0
       pc2 = 0
       pc3 = 0
       pc4 = 0
       pc5 = 0
       pc6 = 0
       pc7 = 0
       pc8 = 0
       pc9 = 0
      pc10 = 0
      pc11 = 0
      pc12 = 0
      pc13 = 0
      pc14 = 0
      pc15 = 0
Constrained:
     Tecnw = 43493.5
       Tnw = 733.529
       Tec = 2335.72
     twoNb = 1.39101e+06
     twoNe = 441162
     twoNc = 319167
     twoNw = 1.03196e+06
    twoNec = 72829.8
    twoNnw = 146201
  twoNecnw = 23370.9
  twoNbecnw = 54591.1
        m2 = 0.0267753
        m4 = 0.0098348
        m5 = 0.361313
        m6 = 0.280366
        Tb = 22914.6
        Td = 1167.86
        Te = 583.931
        Tf = 291.965
DiffEv reached_goal. cost=2.56359e-03 spread=2.90191e-06
Fitted parameter values
Free:
       pc1 = 0.740206
       pc2 = -3.96137
       pc3 = -1.99652
       pc4 = 1.51171
       pc5 = 0.156691
       pc6 = 1.98384
       pc7 = -1.66784
       pc8 = 0.578099
       pc9 = -0.388197
      pc10 = -1.81936
      pc11 = 0.745122
      pc12 = -0.8045
      pc13 = -0.25514
      pc14 = 0.0688681
      pc15 = -0.0947913
Constrained:
     Tecnw = 44590.2
       Tnw = 17.0906
       Tec = 29.6255
     twoNb = 2.82618e+06
     twoNe = 768415
     twoNc = 777021
     twoNw = 1.43124e+06
    twoNec = 78106.9
    twoNnw = 148986
  twoNecnw = 22898
  twoNbecnw = 56172.4
        m2 = 0.0337594
        m4 = 0.0100799
        m5 = 0.349892
        m6 = 0.281711
        Tb = 22309.9
        Td = 14.8127
        Te = 7.40637
        Tf = 3.70319
#       SitePat  BranchLen
              b 123006.4152994
              e 46207.5971130
              c 47906.7621264
              n 45214.9422916
              w 45214.6940905
            b:e 1509.3313526
            b:c 1740.7222316
            b:n 1193.6030024
            b:w 1193.5938855
            e:c 12512.6580972
            e:n 4647.7578315
            e:w 4647.8523014
            c:n 4199.7248197
            c:w 4199.8349034
            n:w 12777.9890366
          b:e:c 1469.1581435
          b:e:n 628.6418590
          b:e:w 628.6413664
          b:c:n 629.0575030
          b:c:w 629.0579861
          b:n:w 1460.8169011
          e:c:n 4289.3070495
          e:c:w 4289.3506969
          e:n:w 6322.5764347
          c:n:w 5498.4533696
        b:e:c:n 1195.4939247
        b:e:c:w 1195.5030510
        b:e:n:w 1696.7198792
        b:c:n:w 1485.5051980
        e:c:n:w 48421.6724828
