########################################
# legofit: estimate population history #
#       version 2.3.4-4-g53f8760       #
########################################

# Program was compiled: Sep 21 2021 14:36:42
# Program was run: Thu Sep 23 14:34:29 2021

# cmd: legofit -1 -d 0 -t 32 --ptsPerDim 3 --stateOut b1boot0.state --tol 3e-6 -S 5000 bdef2.lgo ../../chrX/boot_chrX/boot0.opf
# Stage nOptItr nSimReps
#     0    5000        0
# algorithm          : deterministic
# ignoring probs <=  : 0
# Branch length floor: 0
# DE strategy        : 2
#    F               : 0.3
#    CR              : 0.8
#    tolerance       : 3e-06
# nthreads           : 32
# lgo input file     : bdef2.lgo
# site pat input file: ../../chrX/boot_chrX/boot0.opf
# free parameters    : 15
# points in DE swarm : 45
# output state file  : b1boot0.state
# Including singleton site patterns.
# cost function      : KL
Initial parameter values
Fixed:
      zero = 0
       one = 1
    Tbecnw = 75200
Free:
       pc1 = 0
       pc2 = 0
       pc3 = 0
       pc4 = 0
       pc5 = 0
       pc6 = 0
       pc7 = 0
       pc8 = 0
       pc9 = 0
      pc10 = 0
      pc11 = 0
      pc12 = 0
      pc13 = 0
      pc14 = 0
      pc15 = 0
Constrained:
     Tecnw = 43493.5
       Tnw = 733.529
       Tec = 2335.72
     twoNb = 1.39101e+06
     twoNe = 441162
     twoNc = 319167
     twoNw = 1.03196e+06
    twoNec = 72829.8
    twoNnw = 146201
  twoNecnw = 23370.9
  twoNbecnw = 54591.1
        m2 = 0.0267753
        m4 = 0.0098348
        m5 = 0.361313
        m6 = 0.280366
        Tb = 22914.6
        Td = 1167.86
        Te = 583.931
        Tf = 291.965
DiffEv reached_goal. cost=2.50558e-03 spread=2.84258e-06
Fitted parameter values
Free:
       pc1 = 1.27249
       pc2 = -3.1807
       pc3 = -1.99591
       pc4 = 3.56455
       pc5 = -0.0482764
       pc6 = 1.18128
       pc7 = -1.97596
       pc8 = -0.29465
       pc9 = 0.631583
      pc10 = -1.20877
      pc11 = 0.771003
      pc12 = -0.500342
      pc13 = 0.0845176
      pc14 = 0.264936
      pc15 = 0.0684702
Constrained:
     Tecnw = 43835.2
       Tnw = 13.4365
       Tec = 19.2856
     twoNb = 2.87671e+06
     twoNe = 1.4848e+06
     twoNc = 873605
     twoNw = 1.87793e+06
    twoNec = 78884.9
    twoNnw = 150395
  twoNecnw = 23097.4
  twoNbecnw = 54840.4
        m2 = 0.0333871
        m4 = 0.00882259
        m5 = 0.359958
        m6 = 0.281681
        Tb = 21927.3
        Td = 9.64278
        Te = 4.82139
        Tf = 2.41069
#       SitePat  BranchLen
              b 122023.8784673
              e 45728.7198054
              c 47547.5043605
              n 44781.0860050
              w 44780.9234139
            b:e 1445.6429933
            b:c 1671.9083913
            b:n 1145.7711827
            b:w 1145.7653799
            e:c 12099.8956563
            e:n 4667.0836853
            e:w 4667.1505750
            c:n 4174.9166695
            c:w 4174.9837054
            n:w 12418.5729531
          b:e:c 1385.8148549
          b:e:n 609.7383445
          b:e:w 609.7383372
          b:c:n 610.1029476
          b:c:w 610.1029491
          b:n:w 1378.1143264
          e:c:n 4251.7276705
          e:c:w 4251.7563359
          e:n:w 6258.1097244
          c:n:w 5404.9248458
        b:e:c:n 1147.5074288
        b:e:c:w 1147.5132374
        b:e:n:w 1631.0032695
        b:c:n:w 1422.7428652
        e:c:n:w 48083.9430568
