########################################
# legofit: estimate population history #
#       version 2.3.4-4-g53f8760       #
########################################

# Program was compiled: Sep 21 2021 14:36:42
# Program was run: Thu Sep 23 14:35:08 2021

# cmd: legofit -1 -d 0 -t 32 --ptsPerDim 3 --stateOut b1boot39.state --tol 3e-6 -S 5000 bdef2.lgo ../../chrX/boot_chrX/boot39.opf
# Stage nOptItr nSimReps
#     0    5000        0
# algorithm          : deterministic
# ignoring probs <=  : 0
# Branch length floor: 0
# DE strategy        : 2
#    F               : 0.3
#    CR              : 0.8
#    tolerance       : 3e-06
# nthreads           : 32
# lgo input file     : bdef2.lgo
# site pat input file: ../../chrX/boot_chrX/boot39.opf
# free parameters    : 15
# points in DE swarm : 45
# output state file  : b1boot39.state
# Including singleton site patterns.
# cost function      : KL
Initial parameter values
Fixed:
      zero = 0
       one = 1
    Tbecnw = 75200
Free:
       pc1 = 0
       pc2 = 0
       pc3 = 0
       pc4 = 0
       pc5 = 0
       pc6 = 0
       pc7 = 0
       pc8 = 0
       pc9 = 0
      pc10 = 0
      pc11 = 0
      pc12 = 0
      pc13 = 0
      pc14 = 0
      pc15 = 0
Constrained:
     Tecnw = 43493.5
       Tnw = 733.529
       Tec = 2335.72
     twoNb = 1.39101e+06
     twoNe = 441162
     twoNc = 319167
     twoNw = 1.03196e+06
    twoNec = 72829.8
    twoNnw = 146201
  twoNecnw = 23370.9
  twoNbecnw = 54591.1
        m2 = 0.0267753
        m4 = 0.0098348
        m5 = 0.361313
        m6 = 0.280366
        Tb = 22914.6
        Td = 1167.86
        Te = 583.931
        Tf = 291.965
DiffEv reached_goal. cost=2.50131e-03 spread=2.32620e-06
Fitted parameter values
Free:
       pc1 = 1.61935
       pc2 = -3.41202
       pc3 = -1.93494
       pc4 = 3.38991
       pc5 = -1.22141
       pc6 = 0.992664
       pc7 = -1.98627
       pc8 = 0.468088
       pc9 = 1.38306
      pc10 = -1.49549
      pc11 = -0.00523447
      pc12 = -0.32578
      pc13 = -0.0773049
      pc14 = -0.0505655
      pc15 = 0.0821637
Constrained:
     Tecnw = 43519.4
       Tnw = 17.5898
       Tec = 16.8951
     twoNb = 3.00685e+06
     twoNe = 1.58493e+06
     twoNc = 1.08725e+06
     twoNw = 1.60988e+06
    twoNec = 79572.1
    twoNnw = 154281
  twoNecnw = 22884.9
  twoNbecnw = 55043.9
        m2 = 0.0300443
        m4 = 0.00896996
        m5 = 0.357912
        m6 = 0.281948
        Tb = 21768.1
        Td = 8.44754
        Te = 4.22377
        Tf = 2.11188
#       SitePat  BranchLen
              b 122416.4183736
              e 45520.5249085
              c 47247.8678185
              n 44769.8980072
              w 44769.6187104
            b:e 1399.2028202
            b:c 1616.1212737
            b:n 1131.1713651
            b:w 1131.1615201
            e:c 11936.1553922
            e:n 4615.3719221
            e:w 4615.4945767
            c:n 4149.0955137
            c:w 4149.2030996
            n:w 12133.3781367
          b:e:c 1345.4841479
          b:e:n 601.2638500
          b:e:w 601.2642978
          b:c:n 601.6037943
          b:c:w 601.6033378
          b:n:w 1338.8693704
          e:c:n 4261.6058601
          e:c:w 4261.6549165
          e:n:w 6121.8118265
          c:n:w 5309.2650044
        b:e:c:n 1132.6789128
        b:e:c:w 1132.6887666
        b:e:n:w 1579.0142747
        b:c:n:w 1379.1886346
        e:c:n:w 48883.5182671
