########################################
# legofit: estimate population history #
#       version 2.3.4-4-g53f8760       #
########################################

# Program was compiled: Sep 21 2021 14:36:42
# Program was run: Thu Sep 23 14:34:38 2021

# cmd: legofit -1 -d 0 -t 32 --ptsPerDim 3 --stateOut b1boot13.state --tol 3e-6 -S 5000 bdef2.lgo ../../chrX/boot_chrX/boot13.opf
# Stage nOptItr nSimReps
#     0    5000        0
# algorithm          : deterministic
# ignoring probs <=  : 0
# Branch length floor: 0
# DE strategy        : 2
#    F               : 0.3
#    CR              : 0.8
#    tolerance       : 3e-06
# nthreads           : 32
# lgo input file     : bdef2.lgo
# site pat input file: ../../chrX/boot_chrX/boot13.opf
# free parameters    : 15
# points in DE swarm : 45
# output state file  : b1boot13.state
# Including singleton site patterns.
# cost function      : KL
Initial parameter values
Fixed:
      zero = 0
       one = 1
    Tbecnw = 75200
Free:
       pc1 = 0
       pc2 = 0
       pc3 = 0
       pc4 = 0
       pc5 = 0
       pc6 = 0
       pc7 = 0
       pc8 = 0
       pc9 = 0
      pc10 = 0
      pc11 = 0
      pc12 = 0
      pc13 = 0
      pc14 = 0
      pc15 = 0
Constrained:
     Tecnw = 43493.5
       Tnw = 733.529
       Tec = 2335.72
     twoNb = 1.39101e+06
     twoNe = 441162
     twoNc = 319167
     twoNw = 1.03196e+06
    twoNec = 72829.8
    twoNnw = 146201
  twoNecnw = 23370.9
  twoNbecnw = 54591.1
        m2 = 0.0267753
        m4 = 0.0098348
        m5 = 0.361313
        m6 = 0.280366
        Tb = 22914.6
        Td = 1167.86
        Te = 583.931
        Tf = 291.965
DiffEv reached_goal. cost=2.60908e-03 spread=2.94907e-06
Fitted parameter values
Free:
       pc1 = 1.87709
       pc2 = -2.65112
       pc3 = -1.98945
       pc4 = 3.49445
       pc5 = -1.49933
       pc6 = 1.65196
       pc7 = -1.21434
       pc8 = -0.0705309
       pc9 = 0.366273
      pc10 = -1.03026
      pc11 = -0.128192
      pc12 = -0.759619
      pc13 = 0.786394
      pc14 = -0.182365
      pc15 = 0.0358856
Constrained:
     Tecnw = 43511
       Tnw = 58.2395
       Tec = 37.3061
     twoNb = 2.79376e+06
     twoNe = 1.68907e+06
     twoNc = 904767
     twoNw = 1.75107e+06
    twoNec = 78246.5
    twoNnw = 153923
  twoNecnw = 23081.7
  twoNbecnw = 55079.7
        m2 = 0.0302355
        m4 = 0.0129278
        m5 = 0.359562
        m6 = 0.269905
        Tb = 21774.2
        Td = 18.653
        Te = 9.32652
        Tf = 4.66326
#       SitePat  BranchLen
              b 122310.7285247
              e 45403.0835738
              c 47526.3029558
              n 44907.6475932
              w 44906.7459034
            b:e 1400.3270110
            b:c 1686.6073817
            b:n 1147.0966188
            b:w 1147.0645376
            e:c 12140.8577617
            e:n 4647.2847843
            e:w 4647.7083809
            c:n 4086.1582711
            c:w 4086.4785120
            n:w 12262.6294381
          b:e:c 1374.3637871
          b:e:n 605.6130037
          b:e:w 605.6161184
          b:c:n 606.1362435
          b:c:w 606.1330948
          b:n:w 1366.8208921
          e:c:n 4285.4356909
          e:c:w 4285.5935433
          e:n:w 6278.7303122
          c:n:w 5250.8394142
        b:e:c:n 1148.8712028
        b:e:c:w 1148.9033180
        b:e:n:w 1639.4177119
        b:c:n:w 1379.1250232
        e:c:n:w 48561.0182694
