########################################
# legofit: estimate population history #
#       version 2.3.4-4-g53f8760       #
########################################

# Program was compiled: Sep 21 2021 14:36:42
# Program was run: Thu Sep 23 14:34:29 2021

# cmd: legofit -1 -d 0 -t 32 --ptsPerDim 3 --stateOut b1boot1.state --tol 3e-6 -S 5000 bdef2.lgo ../../chrX/boot_chrX/boot1.opf
# Stage nOptItr nSimReps
#     0    5000        0
# algorithm          : deterministic
# ignoring probs <=  : 0
# Branch length floor: 0
# DE strategy        : 2
#    F               : 0.3
#    CR              : 0.8
#    tolerance       : 3e-06
# nthreads           : 32
# lgo input file     : bdef2.lgo
# site pat input file: ../../chrX/boot_chrX/boot1.opf
# free parameters    : 15
# points in DE swarm : 45
# output state file  : b1boot1.state
# Including singleton site patterns.
# cost function      : KL
Initial parameter values
Fixed:
      zero = 0
       one = 1
    Tbecnw = 75200
Free:
       pc1 = 0
       pc2 = 0
       pc3 = 0
       pc4 = 0
       pc5 = 0
       pc6 = 0
       pc7 = 0
       pc8 = 0
       pc9 = 0
      pc10 = 0
      pc11 = 0
      pc12 = 0
      pc13 = 0
      pc14 = 0
      pc15 = 0
Constrained:
     Tecnw = 43493.5
       Tnw = 733.529
       Tec = 2335.72
     twoNb = 1.39101e+06
     twoNe = 441162
     twoNc = 319167
     twoNw = 1.03196e+06
    twoNec = 72829.8
    twoNnw = 146201
  twoNecnw = 23370.9
  twoNbecnw = 54591.1
        m2 = 0.0267753
        m4 = 0.0098348
        m5 = 0.361313
        m6 = 0.280366
        Tb = 22914.6
        Td = 1167.86
        Te = 583.931
        Tf = 291.965
DiffEv reached_goal. cost=2.65666e-03 spread=2.94891e-06
Fitted parameter values
Free:
       pc1 = 1.37285
       pc2 = -3.26665
       pc3 = -1.42786
       pc4 = 1.73713
       pc5 = -1.94132
       pc6 = 1.96684
       pc7 = -1.19542
       pc8 = 0.121877
       pc9 = 0.444731
      pc10 = -1.81594
      pc11 = 0.545968
      pc12 = -0.977192
      pc13 = 0.0412729
      pc14 = -0.0752826
      pc15 = 0.116193
Constrained:
     Tecnw = 44396.7
       Tnw = 21.4551
       Tec = 63.4007
     twoNb = 2.83734e+06
     twoNe = 1.23175e+06
     twoNc = 934173
     twoNw = 1.39546e+06
    twoNec = 79632.6
    twoNnw = 149898
  twoNecnw = 22931
  twoNbecnw = 55447.2
        m2 = 0.0275537
        m4 = 0.0127002
        m5 = 0.351703
        m6 = 0.275909
        Tb = 22230
        Td = 31.7003
        Te = 15.8502
        Tf = 7.92508
#       SitePat  BranchLen
              b 122502.0985790
              e 45960.2408543
              c 47860.3797426
              n 45138.1114616
              w 45137.9093499
            b:e 1434.0884566
            b:c 1698.0681441
            b:n 1173.8244433
            b:w 1173.8171138
            e:c 12326.6213144
            e:n 4646.7059797
            e:w 4646.7524100
            c:n 4149.2140999
            c:w 4149.3340081
            n:w 12615.2657575
          b:e:c 1425.3809527
          b:e:n 618.8903590
          b:e:w 618.8880912
          b:c:n 619.3802578
          b:c:w 619.3825193
          b:n:w 1418.5263363
          e:c:n 4276.4567900
          e:c:w 4276.4925632
          e:n:w 6265.0321219
          c:n:w 5334.6125081
        b:e:c:n 1175.4945726
        b:e:c:w 1175.5019083
        b:e:n:w 1654.8046936
        b:c:n:w 1415.0316863
        e:c:n:w 48221.8270465
