########################################
# legofit: estimate population history #
#       version 2.3.4-4-g53f8760       #
########################################

# Program was compiled: Sep 21 2021 14:36:42
# Program was run: Thu Sep 23 14:35:08 2021

# cmd: legofit -1 -d 0 -t 32 --ptsPerDim 3 --stateOut b1boot41.state --tol 3e-6 -S 5000 bdef2.lgo ../../chrX/boot_chrX/boot41.opf
# Stage nOptItr nSimReps
#     0    5000        0
# algorithm          : deterministic
# ignoring probs <=  : 0
# Branch length floor: 0
# DE strategy        : 2
#    F               : 0.3
#    CR              : 0.8
#    tolerance       : 3e-06
# nthreads           : 32
# lgo input file     : bdef2.lgo
# site pat input file: ../../chrX/boot_chrX/boot41.opf
# free parameters    : 15
# points in DE swarm : 45
# output state file  : b1boot41.state
# Including singleton site patterns.
# cost function      : KL
Initial parameter values
Fixed:
      zero = 0
       one = 1
    Tbecnw = 75200
Free:
       pc1 = 0
       pc2 = 0
       pc3 = 0
       pc4 = 0
       pc5 = 0
       pc6 = 0
       pc7 = 0
       pc8 = 0
       pc9 = 0
      pc10 = 0
      pc11 = 0
      pc12 = 0
      pc13 = 0
      pc14 = 0
      pc15 = 0
Constrained:
     Tecnw = 43493.5
       Tnw = 733.529
       Tec = 2335.72
     twoNb = 1.39101e+06
     twoNe = 441162
     twoNc = 319167
     twoNw = 1.03196e+06
    twoNec = 72829.8
    twoNnw = 146201
  twoNecnw = 23370.9
  twoNbecnw = 54591.1
        m2 = 0.0267753
        m4 = 0.0098348
        m5 = 0.361313
        m6 = 0.280366
        Tb = 22914.6
        Td = 1167.86
        Te = 583.931
        Tf = 291.965
DiffEv reached_goal. cost=2.47982e-03 spread=2.80471e-06
Fitted parameter values
Free:
       pc1 = 0.651078
       pc2 = -3.85296
       pc3 = -1.78515
       pc4 = 0.992819
       pc5 = -1.60433
       pc6 = 1.90745
       pc7 = -0.917643
       pc8 = 0.735786
       pc9 = -0.418712
      pc10 = -1.94586
      pc11 = -0.241685
      pc12 = -0.00251601
      pc13 = 0.457367
      pc14 = -0.0409184
      pc15 = 0.188579
Constrained:
     Tecnw = 44155.7
       Tnw = 110.272
       Tec = 274.226
     twoNb = 2.61636e+06
     twoNe = 775167
     twoNc = 910238
     twoNw = 1.18981e+06
    twoNec = 81074.4
    twoNnw = 149896
  twoNecnw = 22524.7
  twoNbecnw = 56409.5
        m2 = 0.0297789
        m4 = 0.0139829
        m5 = 0.355813
        m6 = 0.279258
        Tb = 22215
        Td = 137.113
        Te = 68.5566
        Tf = 34.2783
#       SitePat  BranchLen
              b 123508.7566600
              e 45972.3628417
              c 47922.6983666
              n 44868.2819887
              w 44866.7924378
            b:e 1445.8390927
            b:c 1731.2204818
            b:n 1150.3576130
            b:w 1150.3041077
            e:c 11937.2794951
            e:n 4649.4408525
            e:w 4649.8990485
            c:n 4148.4846525
            c:w 4149.2530636
            n:w 12424.8839212
          b:e:c 1391.3265909
          b:e:n 614.5771235
          b:e:w 614.5676274
          b:c:n 615.1411556
          b:c:w 615.1505962
          b:n:w 1383.4267073
          e:c:n 4231.2622336
          e:c:w 4231.5251774
          e:n:w 6360.1869386
          c:n:w 5381.3328202
        b:e:c:n 1152.2360365
        b:e:c:w 1152.2895973
        b:e:n:w 1679.5882239
        b:c:n:w 1423.1806126
        e:c:n:w 49545.5813467
