########################################
# legofit: estimate population history #
#       version 2.3.4-4-g53f8760       #
########################################

# Program was compiled: Sep 21 2021 14:36:42
# Program was run: Thu Sep 23 14:34:29 2021

# cmd: legofit -1 -d 0 -t 32 --ptsPerDim 3 --stateOut b1boot3.state --tol 3e-6 -S 5000 bdef2.lgo ../../chrX/boot_chrX/boot3.opf
# Stage nOptItr nSimReps
#     0    5000        0
# algorithm          : deterministic
# ignoring probs <=  : 0
# Branch length floor: 0
# DE strategy        : 2
#    F               : 0.3
#    CR              : 0.8
#    tolerance       : 3e-06
# nthreads           : 32
# lgo input file     : bdef2.lgo
# site pat input file: ../../chrX/boot_chrX/boot3.opf
# free parameters    : 15
# points in DE swarm : 45
# output state file  : b1boot3.state
# Including singleton site patterns.
# cost function      : KL
Initial parameter values
Fixed:
      zero = 0
       one = 1
    Tbecnw = 75200
Free:
       pc1 = 0
       pc2 = 0
       pc3 = 0
       pc4 = 0
       pc5 = 0
       pc6 = 0
       pc7 = 0
       pc8 = 0
       pc9 = 0
      pc10 = 0
      pc11 = 0
      pc12 = 0
      pc13 = 0
      pc14 = 0
      pc15 = 0
Constrained:
     Tecnw = 43493.5
       Tnw = 733.529
       Tec = 2335.72
     twoNb = 1.39101e+06
     twoNe = 441162
     twoNc = 319167
     twoNw = 1.03196e+06
    twoNec = 72829.8
    twoNnw = 146201
  twoNecnw = 23370.9
  twoNbecnw = 54591.1
        m2 = 0.0267753
        m4 = 0.0098348
        m5 = 0.361313
        m6 = 0.280366
        Tb = 22914.6
        Td = 1167.86
        Te = 583.931
        Tf = 291.965
DiffEv reached_goal. cost=2.60343e-03 spread=2.81045e-06
Fitted parameter values
Free:
       pc1 = 2.01163
       pc2 = -1.46107
       pc3 = -1.99487
       pc4 = 3.44959
       pc5 = -1.9121
       pc6 = 0.416018
       pc7 = -0.569039
       pc8 = -0.262484
       pc9 = 0.820579
      pc10 = -1.9571
      pc11 = 0.422894
      pc12 = -0.602367
      pc13 = 0.136075
      pc14 = -0.0782948
      pc15 = 0.116339
Constrained:
     Tecnw = 43266.1
       Tnw = 23.1969
       Tec = 45.3895
     twoNb = 2.66778e+06
     twoNe = 1.14099e+06
     twoNc = 1.0274e+06
     twoNw = 1.80006e+06
    twoNec = 79104.7
    twoNnw = 154469
  twoNecnw = 23389.2
  twoNbecnw = 53879.5
        m2 = 0.0273007
        m4 = 0.0132107
        m5 = 0.357283
        m6 = 0.278072
        Tb = 21655.7
        Td = 22.6948
        Te = 11.3474
        Tf = 5.67369
#       SitePat  BranchLen
              b 121273.8316420
              e 45376.7958088
              c 47277.3517059
              n 44783.7967130
              w 44783.5481385
            b:e 1368.8094483
            b:c 1631.8636171
            b:n 1131.4640513
            b:w 1131.4552897
            e:c 11969.4391984
            e:n 4634.9724123
            e:w 4635.0644641
            c:n 4136.4657579
            c:w 4136.5783452
            n:w 12137.5148996
          b:e:c 1339.4908985
          b:e:n 600.1821563
          b:e:w 600.1815368
          b:c:n 600.7062253
          b:c:w 600.7068362
          b:n:w 1332.5028408
          e:c:n 4281.4893279
          e:c:w 4281.5332633
          e:n:w 6164.1078977
          c:n:w 5233.2067927
        b:e:c:n 1133.1882734
        b:e:c:w 1133.1970436
        b:e:n:w 1585.6199372
        b:c:n:w 1348.8543812
        e:c:n:w 47707.9825110
