########################################
# legofit: estimate population history #
#       version 2.3.4-4-g53f8760       #
########################################

# Program was compiled: Sep 21 2021 14:36:42
# Program was run: Thu Sep 23 14:34:49 2021

# cmd: legofit -1 -d 0 -t 32 --ptsPerDim 3 --stateOut b1boot26.state --tol 3e-6 -S 5000 bdef2.lgo ../../chrX/boot_chrX/boot26.opf
# Stage nOptItr nSimReps
#     0    5000        0
# algorithm          : deterministic
# ignoring probs <=  : 0
# Branch length floor: 0
# DE strategy        : 2
#    F               : 0.3
#    CR              : 0.8
#    tolerance       : 3e-06
# nthreads           : 32
# lgo input file     : bdef2.lgo
# site pat input file: ../../chrX/boot_chrX/boot26.opf
# free parameters    : 15
# points in DE swarm : 45
# output state file  : b1boot26.state
# Including singleton site patterns.
# cost function      : KL
Initial parameter values
Fixed:
      zero = 0
       one = 1
    Tbecnw = 75200
Free:
       pc1 = 0
       pc2 = 0
       pc3 = 0
       pc4 = 0
       pc5 = 0
       pc6 = 0
       pc7 = 0
       pc8 = 0
       pc9 = 0
      pc10 = 0
      pc11 = 0
      pc12 = 0
      pc13 = 0
      pc14 = 0
      pc15 = 0
Constrained:
     Tecnw = 43493.5
       Tnw = 733.529
       Tec = 2335.72
     twoNb = 1.39101e+06
     twoNe = 441162
     twoNc = 319167
     twoNw = 1.03196e+06
    twoNec = 72829.8
    twoNnw = 146201
  twoNecnw = 23370.9
  twoNbecnw = 54591.1
        m2 = 0.0267753
        m4 = 0.0098348
        m5 = 0.361313
        m6 = 0.280366
        Tb = 22914.6
        Td = 1167.86
        Te = 583.931
        Tf = 291.965
DiffEv reached_goal. cost=2.50972e-03 spread=2.98681e-06
Fitted parameter values
Free:
       pc1 = 1.26666
       pc2 = -3.11468
       pc3 = -1.96733
       pc4 = 3.6414
       pc5 = -0.727077
       pc6 = 1.89417
       pc7 = -1.12279
       pc8 = 0.518483
       pc9 = 0.447198
      pc10 = -0.760932
      pc11 = 0.962933
      pc12 = -0.567815
      pc13 = -0.437992
      pc14 = 0.166506
      pc15 = 0.0606602
Constrained:
     Tecnw = 43915.7
       Tnw = 106.385
       Tec = 105.735
     twoNb = 2.90693e+06
     twoNe = 1.70179e+06
     twoNc = 812329
     twoNw = 1.74937e+06
    twoNec = 78996.4
    twoNnw = 152716
  twoNecnw = 23388.1
  twoNbecnw = 55567.7
        m2 = 0.0316643
        m4 = 0.0110813
        m5 = 0.357478
        m6 = 0.286901
        Tb = 22010.7
        Td = 52.8675
        Te = 26.4337
        Tf = 13.2169
#       SitePat  BranchLen
              b 122496.2440877
              e 46059.6322546
              c 47782.4331200
              n 45146.9292350
              w 45145.3620545
            b:e 1480.3606671
            b:c 1717.9326388
            b:n 1189.8786667
            b:w 1189.8210073
            e:c 12154.7573602
            e:n 4703.4456175
            e:w 4704.1208130
            c:n 4250.9184583
            c:w 4251.5319972
            n:w 12427.0065049
          b:e:c 1423.9794677
          b:e:n 633.6315882
          b:e:w 633.6334903
          b:c:n 634.0671152
          b:c:w 634.0651564
          b:n:w 1416.5636156
          e:c:n 4336.7066670
          e:c:w 4336.9851131
          e:n:w 6300.4385695
          c:n:w 5460.9790087
        b:e:c:n 1191.6006712
        b:e:c:w 1191.6583873
        b:e:n:w 1675.4494435
        b:c:n:w 1458.7849490
        e:c:n:w 48141.2708417
