########################################
# legofit: estimate population history #
#       version 2.3.4-4-g53f8760       #
########################################

# Program was compiled: Sep 21 2021 14:36:42
# Program was run: Thu Sep 23 14:34:29 2021

# cmd: legofit -1 -d 0 -t 32 --ptsPerDim 3 --stateOut b1boot2.state --tol 3e-6 -S 5000 bdef2.lgo ../../chrX/boot_chrX/boot2.opf
# Stage nOptItr nSimReps
#     0    5000        0
# algorithm          : deterministic
# ignoring probs <=  : 0
# Branch length floor: 0
# DE strategy        : 2
#    F               : 0.3
#    CR              : 0.8
#    tolerance       : 3e-06
# nthreads           : 32
# lgo input file     : bdef2.lgo
# site pat input file: ../../chrX/boot_chrX/boot2.opf
# free parameters    : 15
# points in DE swarm : 45
# output state file  : b1boot2.state
# Including singleton site patterns.
# cost function      : KL
Initial parameter values
Fixed:
      zero = 0
       one = 1
    Tbecnw = 75200
Free:
       pc1 = 0
       pc2 = 0
       pc3 = 0
       pc4 = 0
       pc5 = 0
       pc6 = 0
       pc7 = 0
       pc8 = 0
       pc9 = 0
      pc10 = 0
      pc11 = 0
      pc12 = 0
      pc13 = 0
      pc14 = 0
      pc15 = 0
Constrained:
     Tecnw = 43493.5
       Tnw = 733.529
       Tec = 2335.72
     twoNb = 1.39101e+06
     twoNe = 441162
     twoNc = 319167
     twoNw = 1.03196e+06
    twoNec = 72829.8
    twoNnw = 146201
  twoNecnw = 23370.9
  twoNbecnw = 54591.1
        m2 = 0.0267753
        m4 = 0.0098348
        m5 = 0.361313
        m6 = 0.280366
        Tb = 22914.6
        Td = 1167.86
        Te = 583.931
        Tf = 291.965
DiffEv reached_goal. cost=2.56745e-03 spread=1.85435e-06
Fitted parameter values
Free:
       pc1 = 1.05711
       pc2 = -2.8371
       pc3 = -1.97805
       pc4 = 3.04953
       pc5 = -1.83806
       pc6 = 1.6686
       pc7 = -1.80749
       pc8 = -1.27332
       pc9 = 0.729102
      pc10 = -1.91687
      pc11 = 0.910578
      pc12 = -0.710955
      pc13 = 0.113169
      pc14 = 0.28236
      pc15 = 0.183059
Constrained:
     Tecnw = 44155.3
       Tnw = 40.8463
       Tec = 108.48
     twoNb = 3.04901e+06
     twoNe = 1.48665e+06
     twoNc = 935433
     twoNw = 1.85748e+06
    twoNec = 78540.5
    twoNnw = 147311
  twoNecnw = 22866.4
  twoNbecnw = 54184.9
        m2 = 0.029241
        m4 = 0.0128076
        m5 = 0.357249
        m6 = 0.279775
        Tb = 22131.9
        Td = 54.2402
        Te = 27.1201
        Tf = 13.5601
#       SitePat  BranchLen
              b 121515.9203012
              e 45643.7647541
              c 47582.9012592
              n 44686.9611661
              w 44686.6305488
            b:e 1396.0228143
            b:c 1657.9956477
            b:n 1124.8212538
            b:w 1124.8096353
            e:c 12140.0104383
            e:n 4634.3563454
            e:w 4634.4501853
            c:n 4126.2807519
            c:w 4126.4592942
            n:w 12519.8597608
          b:e:c 1370.8394493
          b:e:n 596.2408611
          b:e:w 596.2383249
          b:c:n 596.6843418
          b:c:w 596.6868682
          b:n:w 1364.2716971
          e:c:n 4191.9521226
          e:c:w 4192.0103576
          e:n:w 6249.8279228
          c:n:w 5303.3355154
        b:e:c:n 1126.3725421
        b:e:c:w 1126.3841706
        b:e:n:w 1616.9484780
        b:c:n:w 1377.5060074
        e:c:n:w 47672.3236264
