########################################
# legofit: estimate population history #
#       version 2.3.4-4-g53f8760       #
########################################

# Program was compiled: Sep 21 2021 14:36:42
# Program was run: Thu Sep 23 14:34:54 2021

# cmd: legofit -1 -d 0 -t 32 --ptsPerDim 3 --stateOut b1boot30.state --tol 3e-6 -S 5000 bdef2.lgo ../../chrX/boot_chrX/boot30.opf
# Stage nOptItr nSimReps
#     0    5000        0
# algorithm          : deterministic
# ignoring probs <=  : 0
# Branch length floor: 0
# DE strategy        : 2
#    F               : 0.3
#    CR              : 0.8
#    tolerance       : 3e-06
# nthreads           : 32
# lgo input file     : bdef2.lgo
# site pat input file: ../../chrX/boot_chrX/boot30.opf
# free parameters    : 15
# points in DE swarm : 45
# output state file  : b1boot30.state
# Including singleton site patterns.
# cost function      : KL
Initial parameter values
Fixed:
      zero = 0
       one = 1
    Tbecnw = 75200
Free:
       pc1 = 0
       pc2 = 0
       pc3 = 0
       pc4 = 0
       pc5 = 0
       pc6 = 0
       pc7 = 0
       pc8 = 0
       pc9 = 0
      pc10 = 0
      pc11 = 0
      pc12 = 0
      pc13 = 0
      pc14 = 0
      pc15 = 0
Constrained:
     Tecnw = 43493.5
       Tnw = 733.529
       Tec = 2335.72
     twoNb = 1.39101e+06
     twoNe = 441162
     twoNc = 319167
     twoNw = 1.03196e+06
    twoNec = 72829.8
    twoNnw = 146201
  twoNecnw = 23370.9
  twoNbecnw = 54591.1
        m2 = 0.0267753
        m4 = 0.0098348
        m5 = 0.361313
        m6 = 0.280366
        Tb = 22914.6
        Td = 1167.86
        Te = 583.931
        Tf = 291.965
DiffEv reached_goal. cost=2.61353e-03 spread=2.96885e-06
Fitted parameter values
Free:
       pc1 = 2.87839
       pc2 = -0.753359
       pc3 = -1.996
       pc4 = 3.48112
       pc5 = -1.63718
       pc6 = 1.7889
       pc7 = -1.40082
       pc8 = -0.491554
       pc9 = 1.58157
      pc10 = -1.59224
      pc11 = -0.235966
      pc12 = -0.311756
      pc13 = -0.148753
      pc14 = 0.219784
      pc15 = 0.050663
Constrained:
     Tecnw = 42647.4
       Tnw = 43.2747
       Tec = 67.9054
     twoNb = 3.03773e+06
     twoNe = 1.53195e+06
     twoNc = 738901
     twoNw = 1.89056e+06
    twoNec = 79855.3
    twoNnw = 152401
  twoNecnw = 23310
  twoNbecnw = 54042.2
        m2 = 0.0257701
        m4 = 0.011508
        m5 = 0.348175
        m6 = 0.271371
        Tb = 21357.6
        Td = 33.9527
        Te = 16.9764
        Tf = 8.48818
#       SitePat  BranchLen
              b 121662.7942945
              e 44925.8840598
              c 46722.1730587
              n 44328.0588830
              w 44327.5807626
            b:e 1331.3797821
            b:c 1569.1224417
            b:n 1102.3564043
            b:w 1102.3398338
            e:c 11915.0871763
            e:n 4547.2847637
            e:w 4547.4773252
            c:n 4074.5393797
            c:w 4074.7405407
            n:w 12074.5845044
          b:e:c 1308.3557518
          b:e:n 582.0537374
          b:e:w 582.0534778
          b:c:n 582.4510665
          b:c:w 582.4513124
          b:n:w 1302.5646764
          e:c:n 4265.4775422
          e:c:w 4265.5619402
          e:n:w 6072.8703766
          c:n:w 5200.7440720
        b:e:c:n 1103.7320943
        b:e:c:w 1103.7486784
        b:e:n:w 1531.4675546
        b:c:n:w 1314.2492054
        e:c:n:w 48678.6860510
