########################################
# legofit: estimate population history #
#       version 2.3.4-4-g53f8760       #
########################################

# Program was compiled: Sep 21 2021 14:36:42
# Program was run: Thu Sep 23 14:34:45 2021

# cmd: legofit -1 -d 0 -t 32 --ptsPerDim 3 --stateOut b1boot21.state --tol 3e-6 -S 5000 bdef2.lgo ../../chrX/boot_chrX/boot21.opf
# Stage nOptItr nSimReps
#     0    5000        0
# algorithm          : deterministic
# ignoring probs <=  : 0
# Branch length floor: 0
# DE strategy        : 2
#    F               : 0.3
#    CR              : 0.8
#    tolerance       : 3e-06
# nthreads           : 32
# lgo input file     : bdef2.lgo
# site pat input file: ../../chrX/boot_chrX/boot21.opf
# free parameters    : 15
# points in DE swarm : 45
# output state file  : b1boot21.state
# Including singleton site patterns.
# cost function      : KL
Initial parameter values
Fixed:
      zero = 0
       one = 1
    Tbecnw = 75200
Free:
       pc1 = 0
       pc2 = 0
       pc3 = 0
       pc4 = 0
       pc5 = 0
       pc6 = 0
       pc7 = 0
       pc8 = 0
       pc9 = 0
      pc10 = 0
      pc11 = 0
      pc12 = 0
      pc13 = 0
      pc14 = 0
      pc15 = 0
Constrained:
     Tecnw = 43493.5
       Tnw = 733.529
       Tec = 2335.72
     twoNb = 1.39101e+06
     twoNe = 441162
     twoNc = 319167
     twoNw = 1.03196e+06
    twoNec = 72829.8
    twoNnw = 146201
  twoNecnw = 23370.9
  twoNbecnw = 54591.1
        m2 = 0.0267753
        m4 = 0.0098348
        m5 = 0.361313
        m6 = 0.280366
        Tb = 22914.6
        Td = 1167.86
        Te = 583.931
        Tf = 291.965
DiffEv reached_goal. cost=2.62463e-03 spread=2.79944e-06
Fitted parameter values
Free:
       pc1 = 0.87358
       pc2 = -2.51122
       pc3 = -1.98631
       pc4 = 2.25697
       pc5 = -1.42438
       pc6 = 0.662655
       pc7 = -1.74711
       pc8 = -0.358185
       pc9 = 0.411409
      pc10 = -1.82784
      pc11 = 0.51691
      pc12 = -0.162231
      pc13 = -0.392203
      pc14 = 0.234905
      pc15 = -0.0460106
Constrained:
     Tecnw = 43770.9
       Tnw = 53.3259
       Tec = 181.902
     twoNb = 2.70858e+06
     twoNe = 1.04699e+06
     twoNc = 918905
     twoNw = 1.48702e+06
    twoNec = 77374.8
    twoNnw = 149139
  twoNecnw = 22854.4
  twoNbecnw = 54295.2
        m2 = 0.0299651
        m4 = 0.0115566
        m5 = 0.35402
        m6 = 0.286841
        Tb = 21976.4
        Td = 90.9509
        Te = 45.4755
        Tf = 22.7377
#       SitePat  BranchLen
              b 121715.9761417
              e 45489.9694836
              c 47158.9700566
              n 44566.0963143
              w 44565.7173226
            b:e 1392.6596175
            b:c 1624.4613016
            b:n 1114.8382847
            b:w 1114.8250335
            e:c 12071.9549637
            e:n 4585.7432971
            e:w 4585.7831889
            c:n 4150.9497971
            c:w 4151.2213971
            n:w 12342.4270109
          b:e:c 1349.4046582
          b:e:n 590.4289146
          b:e:w 590.4220300
          b:c:n 590.8652877
          b:c:w 590.8721607
          b:n:w 1341.9293983
          e:c:n 4206.8109654
          e:c:w 4206.8784653
          e:n:w 6148.7903591
          c:n:w 5325.6194588
        b:e:c:n 1116.5536693
        b:e:c:w 1116.5669321
        b:e:n:w 1580.0763563
        b:c:n:w 1370.9137876
        e:c:n:w 48168.7506726
