########################################
# legofit: estimate population history #
#       version 2.3.4-4-g53f8760       #
########################################

# Program was compiled: Sep 21 2021 14:36:42
# Program was run: Thu Sep 23 14:35:02 2021

# cmd: legofit -1 -d 0 -t 32 --ptsPerDim 3 --stateOut b1boot33.state --tol 3e-6 -S 5000 bdef2.lgo ../../chrX/boot_chrX/boot33.opf
# Stage nOptItr nSimReps
#     0    5000        0
# algorithm          : deterministic
# ignoring probs <=  : 0
# Branch length floor: 0
# DE strategy        : 2
#    F               : 0.3
#    CR              : 0.8
#    tolerance       : 3e-06
# nthreads           : 32
# lgo input file     : bdef2.lgo
# site pat input file: ../../chrX/boot_chrX/boot33.opf
# free parameters    : 15
# points in DE swarm : 45
# output state file  : b1boot33.state
# Including singleton site patterns.
# cost function      : KL
Initial parameter values
Fixed:
      zero = 0
       one = 1
    Tbecnw = 75200
Free:
       pc1 = 0
       pc2 = 0
       pc3 = 0
       pc4 = 0
       pc5 = 0
       pc6 = 0
       pc7 = 0
       pc8 = 0
       pc9 = 0
      pc10 = 0
      pc11 = 0
      pc12 = 0
      pc13 = 0
      pc14 = 0
      pc15 = 0
Constrained:
     Tecnw = 43493.5
       Tnw = 733.529
       Tec = 2335.72
     twoNb = 1.39101e+06
     twoNe = 441162
     twoNc = 319167
     twoNw = 1.03196e+06
    twoNec = 72829.8
    twoNnw = 146201
  twoNecnw = 23370.9
  twoNbecnw = 54591.1
        m2 = 0.0267753
        m4 = 0.0098348
        m5 = 0.361313
        m6 = 0.280366
        Tb = 22914.6
        Td = 1167.86
        Te = 583.931
        Tf = 291.965
DiffEv reached_goal. cost=2.55759e-03 spread=2.84414e-06
Fitted parameter values
Free:
       pc1 = 1.45117
       pc2 = -3.14947
       pc3 = -1.7135
       pc4 = 0.576544
       pc5 = 1.09405
       pc6 = 1.91232
       pc7 = -1.8201
       pc8 = 0.678651
       pc9 = 0.127984
      pc10 = -1.97975
      pc11 = -0.580152
      pc12 = 0.00655848
      pc13 = 0.0574574
      pc14 = 0.183663
      pc15 = -0.115688
Constrained:
     Tecnw = 43695
       Tnw = 43.9403
       Tec = 136.535
     twoNb = 2.63463e+06
     twoNe = 326691
     twoNc = 584694
     twoNw = 1.37086e+06
    twoNec = 80166.6
    twoNnw = 148475
  twoNecnw = 22649.8
  twoNbecnw = 56383.8
        m2 = 0.0322928
        m4 = 0.0072496
        m5 = 0.346479
        m6 = 0.273134
        Tb = 21915.8
        Td = 68.2676
        Te = 34.1338
        Tf = 17.0669
#       SitePat  BranchLen
              b 123595.6324891
              e 45616.1020528
              c 47297.7031269
              n 44599.6815912
              w 44599.2992073
            b:e 1450.6122699
            b:c 1657.0675191
            b:n 1139.7858590
            b:w 1139.7722150
            e:c 12165.6154619
            e:n 4563.8020943
            e:w 4563.8766928
            c:n 4107.4362289
            c:w 4107.6761579
            n:w 12494.4837795
          b:e:c 1395.0372011
          b:e:n 601.9002234
          b:e:w 601.8952051
          b:c:n 602.2301013
          b:c:w 602.2351064
          b:n:w 1386.7359424
          e:c:n 4243.5893329
          e:c:w 4243.6571892
          e:n:w 6209.4067317
          c:n:w 5422.7689109
        b:e:c:n 1141.5798335
        b:e:c:w 1141.5934907
        b:e:n:w 1614.7890315
        b:c:n:w 1425.2671503
        e:c:n:w 49942.6768269
