########################################
# legofit: estimate population history #
#       version 2.3.4-4-g53f8760       #
########################################

# Program was compiled: Sep 21 2021 14:36:42
# Program was run: Thu Sep 23 14:34:37 2021

# cmd: legofit -1 -d 0 -t 32 --ptsPerDim 3 --stateOut b1boot10.state --tol 3e-6 -S 5000 bdef2.lgo ../../chrX/boot_chrX/boot10.opf
# Stage nOptItr nSimReps
#     0    5000        0
# algorithm          : deterministic
# ignoring probs <=  : 0
# Branch length floor: 0
# DE strategy        : 2
#    F               : 0.3
#    CR              : 0.8
#    tolerance       : 3e-06
# nthreads           : 32
# lgo input file     : bdef2.lgo
# site pat input file: ../../chrX/boot_chrX/boot10.opf
# free parameters    : 15
# points in DE swarm : 45
# output state file  : b1boot10.state
# Including singleton site patterns.
# cost function      : KL
Initial parameter values
Fixed:
      zero = 0
       one = 1
    Tbecnw = 75200
Free:
       pc1 = 0
       pc2 = 0
       pc3 = 0
       pc4 = 0
       pc5 = 0
       pc6 = 0
       pc7 = 0
       pc8 = 0
       pc9 = 0
      pc10 = 0
      pc11 = 0
      pc12 = 0
      pc13 = 0
      pc14 = 0
      pc15 = 0
Constrained:
     Tecnw = 43493.5
       Tnw = 733.529
       Tec = 2335.72
     twoNb = 1.39101e+06
     twoNe = 441162
     twoNc = 319167
     twoNw = 1.03196e+06
    twoNec = 72829.8
    twoNnw = 146201
  twoNecnw = 23370.9
  twoNbecnw = 54591.1
        m2 = 0.0267753
        m4 = 0.0098348
        m5 = 0.361313
        m6 = 0.280366
        Tb = 22914.6
        Td = 1167.86
        Te = 583.931
        Tf = 291.965
DiffEv reached_goal. cost=2.41573e-03 spread=2.93406e-06
Fitted parameter values
Free:
       pc1 = 2.2633
       pc2 = -1.77262
       pc3 = -1.67222
       pc4 = 3.57331
       pc5 = -1.72408
       pc6 = 1.65837
       pc7 = -0.105364
       pc8 = 1.47929
       pc9 = 1.42659
      pc10 = -1.95278
      pc11 = 0.610938
      pc12 = -0.827507
      pc13 = -0.167389
      pc14 = 0.126135
      pc15 = -0.128439
Constrained:
     Tecnw = 43227.4
       Tnw = 14.3958
       Tec = 19.2353
     twoNb = 3.00169e+06
     twoNe = 1.23182e+06
     twoNc = 1.04445e+06
     twoNw = 1.66951e+06
    twoNec = 78913.1
    twoNnw = 155607
  twoNecnw = 23816.5
  twoNbecnw = 55478.3
        m2 = 0.0256191
        m4 = 0.0120762
        m5 = 0.354693
        m6 = 0.27985
        Tb = 21623.3
        Td = 9.61766
        Te = 4.80883
        Tf = 2.40442
#       SitePat  BranchLen
              b 122520.4759727
              e 45565.4647818
              c 47355.2989340
              n 45057.1881679
              w 45056.9878160
            b:e 1422.1667380
            b:c 1669.3423874
            b:n 1196.2539533
            b:w 1196.2465525
            e:c 12188.4693737
            e:n 4693.6761271
            e:w 4693.7591231
            c:n 4224.0684028
            c:w 4224.1498401
            n:w 12271.2865555
          b:e:c 1407.2294566
          b:e:n 632.3261461
          b:e:w 632.3261919
          b:c:n 632.7746527
          b:c:w 632.7746007
          b:n:w 1401.2344881
          e:c:n 4418.3973301
          e:c:w 4418.4332488
          e:n:w 6210.8098959
          c:n:w 5337.6665900
        b:e:c:n 1197.7651611
        b:e:c:w 1197.7725681
        b:e:n:w 1630.6950755
        b:c:n:w 1405.1486716
        e:c:n:w 48465.2413986
