########################################
# legofit: estimate population history #
#       version 2.3.4-4-g53f8760       #
########################################

# Program was compiled: Sep 21 2021 14:36:42
# Program was run: Thu Sep 23 14:34:54 2021

# cmd: legofit -1 -d 0 -t 32 --ptsPerDim 3 --stateOut b1boot32.state --tol 3e-6 -S 5000 bdef2.lgo ../../chrX/boot_chrX/boot32.opf
# Stage nOptItr nSimReps
#     0    5000        0
# algorithm          : deterministic
# ignoring probs <=  : 0
# Branch length floor: 0
# DE strategy        : 2
#    F               : 0.3
#    CR              : 0.8
#    tolerance       : 3e-06
# nthreads           : 32
# lgo input file     : bdef2.lgo
# site pat input file: ../../chrX/boot_chrX/boot32.opf
# free parameters    : 15
# points in DE swarm : 45
# output state file  : b1boot32.state
# Including singleton site patterns.
# cost function      : KL
Initial parameter values
Fixed:
      zero = 0
       one = 1
    Tbecnw = 75200
Free:
       pc1 = 0
       pc2 = 0
       pc3 = 0
       pc4 = 0
       pc5 = 0
       pc6 = 0
       pc7 = 0
       pc8 = 0
       pc9 = 0
      pc10 = 0
      pc11 = 0
      pc12 = 0
      pc13 = 0
      pc14 = 0
      pc15 = 0
Constrained:
     Tecnw = 43493.5
       Tnw = 733.529
       Tec = 2335.72
     twoNb = 1.39101e+06
     twoNe = 441162
     twoNc = 319167
     twoNw = 1.03196e+06
    twoNec = 72829.8
    twoNnw = 146201
  twoNecnw = 23370.9
  twoNbecnw = 54591.1
        m2 = 0.0267753
        m4 = 0.0098348
        m5 = 0.361313
        m6 = 0.280366
        Tb = 22914.6
        Td = 1167.86
        Te = 583.931
        Tf = 291.965
DiffEv reached_goal. cost=2.35155e-03 spread=2.17074e-06
Fitted parameter values
Free:
       pc1 = 1.48908
       pc2 = -3.16326
       pc3 = -1.97949
       pc4 = 3.74848
       pc5 = -1.9223
       pc6 = 1.56229
       pc7 = -1.69796
       pc8 = -0.564632
       pc9 = 0.159561
      pc10 = -0.862813
      pc11 = -0.380033
      pc12 = -0.552433
      pc13 = -0.321757
      pc14 = -0.115587
      pc15 = -0.00652588
Constrained:
     Tecnw = 43662.7
       Tnw = 75.3593
       Tec = 262.737
     twoNb = 2.78066e+06
     twoNe = 2.0396e+06
     twoNc = 925662
     twoNw = 1.80733e+06
    twoNec = 76432.7
    twoNnw = 153935
  twoNecnw = 22763.6
  twoNbecnw = 54850.1
        m2 = 0.030607
        m4 = 0.0130558
        m5 = 0.352163
        m6 = 0.280447
        Tb = 21962.7
        Td = 131.369
        Te = 65.6843
        Tf = 32.8421
#       SitePat  BranchLen
              b 122206.3258963
              e 45460.8700376
              c 47238.7036691
              n 44877.1128073
              w 44876.6969596
            b:e 1391.7561789
            b:c 1647.9650636
            b:n 1128.7404759
            b:w 1128.7258640
            e:c 12159.3696916
            e:n 4560.7908435
            e:w 4560.8258015
            c:n 4102.4522926
            c:w 4102.7593319
            n:w 12215.4971425
          b:e:c 1357.3775418
          b:e:n 593.4644027
          b:e:w 593.4562756
          b:c:n 593.9498393
          b:c:w 593.9579535
          b:n:w 1349.7237100
          e:c:n 4247.0775798
          e:c:w 4247.1514302
          e:n:w 6151.3576786
          c:n:w 5263.8200072
        b:e:c:n 1130.5154097
        b:e:c:w 1130.5300344
        b:e:n:w 1601.1276555
        b:c:n:w 1370.0407167
        e:c:n:w 48631.9864566
