########################################
# legofit: estimate population history #
#       version 2.3.4-4-g53f8760       #
########################################

# Program was compiled: Sep 21 2021 14:36:42
# Program was run: Thu Sep 23 14:34:42 2021

# cmd: legofit -1 -d 0 -t 32 --ptsPerDim 3 --stateOut b1boot16.state --tol 3e-6 -S 5000 bdef2.lgo ../../chrX/boot_chrX/boot16.opf
# Stage nOptItr nSimReps
#     0    5000        0
# algorithm          : deterministic
# ignoring probs <=  : 0
# Branch length floor: 0
# DE strategy        : 2
#    F               : 0.3
#    CR              : 0.8
#    tolerance       : 3e-06
# nthreads           : 32
# lgo input file     : bdef2.lgo
# site pat input file: ../../chrX/boot_chrX/boot16.opf
# free parameters    : 15
# points in DE swarm : 45
# output state file  : b1boot16.state
# Including singleton site patterns.
# cost function      : KL
Initial parameter values
Fixed:
      zero = 0
       one = 1
    Tbecnw = 75200
Free:
       pc1 = 0
       pc2 = 0
       pc3 = 0
       pc4 = 0
       pc5 = 0
       pc6 = 0
       pc7 = 0
       pc8 = 0
       pc9 = 0
      pc10 = 0
      pc11 = 0
      pc12 = 0
      pc13 = 0
      pc14 = 0
      pc15 = 0
Constrained:
     Tecnw = 43493.5
       Tnw = 733.529
       Tec = 2335.72
     twoNb = 1.39101e+06
     twoNe = 441162
     twoNc = 319167
     twoNw = 1.03196e+06
    twoNec = 72829.8
    twoNnw = 146201
  twoNecnw = 23370.9
  twoNbecnw = 54591.1
        m2 = 0.0267753
        m4 = 0.0098348
        m5 = 0.361313
        m6 = 0.280366
        Tb = 22914.6
        Td = 1167.86
        Te = 583.931
        Tf = 291.965
DiffEv reached_goal. cost=2.55072e-03 spread=2.67489e-06
Fitted parameter values
Free:
       pc1 = 1.05968
       pc2 = -3.74788
       pc3 = -1.94373
       pc4 = 2.97971
       pc5 = -1.05251
       pc6 = 1.23848
       pc7 = -1.96274
       pc8 = -0.504741
       pc9 = 0.095908
      pc10 = -1.56865
      pc11 = 0.378406
      pc12 = -0.69916
      pc13 = 0.301845
      pc14 = -0.106611
      pc15 = 0.171114
Constrained:
     Tecnw = 44201.7
       Tnw = 42.4867
       Tec = 83.9054
     twoNb = 2.80929e+06
     twoNe = 1.45385e+06
     twoNc = 1.00538e+06
     twoNw = 1.71721e+06
    twoNec = 78834.8
    twoNnw = 150724
  twoNecnw = 22731.4
  twoNbecnw = 54931.5
        m2 = 0.0325847
        m4 = 0.0113348
        m5 = 0.357481
        m6 = 0.278167
        Tb = 22142.8
        Td = 41.9527
        Te = 20.9764
        Tf = 10.4882
#       SitePat  BranchLen
              b 122129.4323399
              e 45833.4926678
              c 47753.8318085
              n 44953.0542006
              w 44952.5780480
            b:e 1433.0495426
            b:c 1688.8058114
            b:n 1140.7780105
            b:w 1140.7611449
            e:c 12152.2866022
            e:n 4634.2923393
            e:w 4634.4683645
            c:n 4124.9687366
            c:w 4125.1856313
            n:w 12448.6962514
          b:e:c 1386.9894783
          b:e:n 604.6865234
          b:e:w 604.6852826
          b:c:n 605.1382772
          b:c:w 605.1395007
          b:n:w 1379.1057104
          e:c:n 4216.7510092
          e:c:w 4216.8342418
          e:n:w 6267.5897631
          c:n:w 5342.3033655
        b:e:c:n 1142.5824055
        b:e:c:w 1142.5992883
        b:e:n:w 1643.4695639
        b:c:n:w 1410.3609160
        e:c:n:w 48143.8067230
