########################################
# legofit: estimate population history #
#       version 2.3.4-4-g53f8760       #
########################################

# Program was compiled: Sep 21 2021 14:36:42
# Program was run: Thu Sep 23 14:35:14 2021

# cmd: legofit -1 -d 0 -t 32 --ptsPerDim 3 --stateOut b1boot48.state --tol 3e-6 -S 5000 bdef2.lgo ../../chrX/boot_chrX/boot48.opf
# Stage nOptItr nSimReps
#     0    5000        0
# algorithm          : deterministic
# ignoring probs <=  : 0
# Branch length floor: 0
# DE strategy        : 2
#    F               : 0.3
#    CR              : 0.8
#    tolerance       : 3e-06
# nthreads           : 32
# lgo input file     : bdef2.lgo
# site pat input file: ../../chrX/boot_chrX/boot48.opf
# free parameters    : 15
# points in DE swarm : 45
# output state file  : b1boot48.state
# Including singleton site patterns.
# cost function      : KL
Initial parameter values
Fixed:
      zero = 0
       one = 1
    Tbecnw = 75200
Free:
       pc1 = 0
       pc2 = 0
       pc3 = 0
       pc4 = 0
       pc5 = 0
       pc6 = 0
       pc7 = 0
       pc8 = 0
       pc9 = 0
      pc10 = 0
      pc11 = 0
      pc12 = 0
      pc13 = 0
      pc14 = 0
      pc15 = 0
Constrained:
     Tecnw = 43493.5
       Tnw = 733.529
       Tec = 2335.72
     twoNb = 1.39101e+06
     twoNe = 441162
     twoNc = 319167
     twoNw = 1.03196e+06
    twoNec = 72829.8
    twoNnw = 146201
  twoNecnw = 23370.9
  twoNbecnw = 54591.1
        m2 = 0.0267753
        m4 = 0.0098348
        m5 = 0.361313
        m6 = 0.280366
        Tb = 22914.6
        Td = 1167.86
        Te = 583.931
        Tf = 291.965
DiffEv reached_goal. cost=2.45944e-03 spread=2.99489e-06
Fitted parameter values
Free:
       pc1 = 1.53497
       pc2 = -3.90108
       pc3 = -1.98267
       pc4 = 3.89562
       pc5 = -1.0512
       pc6 = 0.659292
       pc7 = -1.58505
       pc8 = 0.78492
       pc9 = 0.442139
      pc10 = -0.677859
      pc11 = 0.273362
      pc12 = -0.579099
      pc13 = -0.321248
      pc14 = -0.365324
      pc15 = 0.251708
Constrained:
     Tecnw = 43829.4
       Tnw = 27.3377
       Tec = 106.781
     twoNb = 2.72844e+06
     twoNe = 1.86903e+06
     twoNc = 1.08682e+06
     twoNw = 1.60072e+06
    twoNec = 80153.6
    twoNnw = 157827
  twoNecnw = 23078.6
  twoNbecnw = 55285
        m2 = 0.0328048
        m4 = 0.00993462
        m5 = 0.35855
        m6 = 0.28588
        Tb = 21968.1
        Td = 53.3905
        Te = 26.6952
        Tf = 13.3476
#       SitePat  BranchLen
              b 122371.1475967
              e 46070.8283494
              c 47762.1506622
              n 45258.7931685
              w 45258.6624300
            b:e 1459.0366766
            b:c 1685.6118248
            b:n 1168.2339576
            b:w 1168.2292216
            e:c 11950.7997585
            e:n 4664.8638302
            e:w 4664.8485966
            c:n 4213.3982585
            c:w 4213.5205902
            n:w 12159.3103165
          b:e:c 1383.0904459
          b:e:n 623.6615511
          b:e:w 623.6573272
          b:c:n 624.0774264
          b:c:w 624.0816464
          b:n:w 1375.1283687
          e:c:n 4306.0893157
          e:c:w 4306.1129562
          e:n:w 6204.2872235
          c:n:w 5394.4210032
        b:e:c:n 1170.1072849
        b:e:c:w 1170.1120249
        b:e:n:w 1641.2014929
        b:c:n:w 1435.1236359
        e:c:n:w 48283.8036479
