########################################
# legofit: estimate population history #
#       version 2.3.4-4-g53f8760       #
########################################

# Program was compiled: Sep 21 2021 14:36:42
# Program was run: Sun Oct 10 10:23:09 2021

# cmd: legofit -1 -d 0 -t 32 --ptsPerDim 3 --stateOut b1boot46.state --tol 3e-6 -S 5000 beg2.lgo ../../chrX/boot_chrX/boot46.opf
# Stage nOptItr nSimReps
#     0    5000        0
# algorithm          : deterministic
# ignoring probs <=  : 0
# Branch length floor: 0
# DE strategy        : 2
#    F               : 0.3
#    CR              : 0.8
#    tolerance       : 3e-06
# nthreads           : 32
# lgo input file     : beg2.lgo
# site pat input file: ../../chrX/boot_chrX/boot46.opf
# free parameters    : 13
# points in DE swarm : 39
# output state file  : b1boot46.state
# Including singleton site patterns.
# cost function      : KL
Initial parameter values
Fixed:
      zero = 0
       one = 1
    Tbecnw = 75200
Free:
       pc1 = 0
       pc2 = 0
       pc3 = 0
       pc4 = 0
       pc5 = 0
       pc6 = 0
       pc7 = 0
       pc8 = 0
       pc9 = 0
      pc10 = 0
      pc11 = 0
      pc12 = 0
      pc13 = 0
Constrained:
     Tecnw = 33153.7
       Tnw = 3567.04
       Tec = 1234.68
     twoNb = 844285
     twoNe = 175045
     twoNw = 583108
    twoNec = 153464
    twoNnw = 133447
  twoNecnw = 31261.9
  twoNbecnw = 49737.5
        m2 = 0.00941878
        m5 = 0.18477
        m7 = 0.00402777
        Tb = 17194.2
        Te = 617.342
        Tg = 308.671
DiffEv reached_goal. cost=2.96788e-03 spread=2.89217e-06
Fitted parameter values
Free:
       pc1 = 1.96272
       pc2 = 1.66722
       pc3 = -1.95977
       pc4 = -1.97873
       pc5 = 0.98113
       pc6 = 0.723497
       pc7 = -1.65768
       pc8 = -1.7361
       pc9 = -0.179768
      pc10 = 0.398856
      pc11 = 0.455912
      pc12 = -0.0723631
      pc13 = 0.211761
Constrained:
     Tecnw = 33274.4
       Tnw = 2230.92
       Tec = 25.1505
     twoNb = 1.75874e+06
     twoNe = 337851
     twoNw = 1.11367e+06
    twoNec = 150589
    twoNnw = 148223
  twoNecnw = 30868.5
  twoNbecnw = 49354.2
        m2 = 0.0146612
        m5 = 0.200291
        m7 = 0.00631398
        Tb = 16649.8
        Te = 12.5752
        Tg = 6.28762
#       SitePat  BranchLen
              b 117049.0510177
              e 43392.3540312
              c 45820.6118973
              n 42922.8882397
              w 42904.6053314
            b:e 1351.4571381
            b:c 1458.5745922
            b:n 1118.7965701
            b:w 1118.1175286
            e:c 11037.9273557
            e:n 4361.7265550
            e:w 4380.0094633
            c:n 3608.8197307
            c:w 3605.4872479
            n:w 11796.1981905
          b:e:c 1264.3745925
          b:e:n 595.7420719
          b:e:w 596.4211134
          b:c:n 596.1372269
          b:c:w 595.4575331
          b:n:w 1258.5937973
          e:c:n 4805.4973739
          e:c:w 4808.8298566
          e:n:w 6229.8673961
          c:n:w 5344.3202886
        b:e:c:n 1120.0483369
        b:e:c:w 1120.7280306
        b:e:n:w 1428.1782853
        b:c:n:w 1306.3475378
        e:c:n:w 45484.8637718
