########################################
# legofit: estimate population history #
#       version 2.3.4-4-g53f8760       #
########################################

# Program was compiled: Sep 21 2021 14:36:42
# Program was run: Sun Oct 10 10:22:29 2021

# cmd: legofit -1 -d 0 -t 32 --ptsPerDim 3 --stateOut b1boot3.state --tol 3e-6 -S 5000 beg2.lgo ../../chrX/boot_chrX/boot3.opf
# Stage nOptItr nSimReps
#     0    5000        0
# algorithm          : deterministic
# ignoring probs <=  : 0
# Branch length floor: 0
# DE strategy        : 2
#    F               : 0.3
#    CR              : 0.8
#    tolerance       : 3e-06
# nthreads           : 32
# lgo input file     : beg2.lgo
# site pat input file: ../../chrX/boot_chrX/boot3.opf
# free parameters    : 13
# points in DE swarm : 39
# output state file  : b1boot3.state
# Including singleton site patterns.
# cost function      : KL
Initial parameter values
Fixed:
      zero = 0
       one = 1
    Tbecnw = 75200
Free:
       pc1 = 0
       pc2 = 0
       pc3 = 0
       pc4 = 0
       pc5 = 0
       pc6 = 0
       pc7 = 0
       pc8 = 0
       pc9 = 0
      pc10 = 0
      pc11 = 0
      pc12 = 0
      pc13 = 0
Constrained:
     Tecnw = 33153.7
       Tnw = 3567.04
       Tec = 1234.68
     twoNb = 844285
     twoNe = 175045
     twoNw = 583108
    twoNec = 153464
    twoNnw = 133447
  twoNecnw = 31261.9
  twoNbecnw = 49737.5
        m2 = 0.00941878
        m5 = 0.18477
        m7 = 0.00402777
        Tb = 17194.2
        Te = 617.342
        Tg = 308.671
DiffEv reached_goal. cost=3.09134e-03 spread=2.14926e-06
Fitted parameter values
Free:
       pc1 = 1.97876
       pc2 = 1.90027
       pc3 = -1.95308
       pc4 = -1.97021
       pc5 = 0.445577
       pc6 = 0.902365
       pc7 = -1.90011
       pc8 = -0.799907
       pc9 = -1.21522
      pc10 = 0.135023
      pc11 = -0.0450485
      pc12 = -0.0390502
      pc13 = 0.18848
Constrained:
     Tecnw = 33483.2
       Tnw = 2964.74
       Tec = 0.198075
     twoNb = 1.61566e+06
     twoNe = 149210
     twoNw = 1.12443e+06
    twoNec = 148594
    twoNnw = 143713
  twoNecnw = 30612.6
  twoNbecnw = 49295.9
        m2 = 0.0167639
        m5 = 0.203547
        m7 = 0.00527446
        Tb = 16741.7
        Te = 0.0990376
        Tg = 0.0495188
#       SitePat  BranchLen
              b 116999.9823461
              e 43401.3598406
              c 45953.7624366
              n 43018.5595111
              w 42994.1037590
            b:e 1348.3104720
            b:c 1481.1713764
            b:n 1109.8679825
            b:w 1108.9618663
            e:c 11080.0167709
            e:n 4335.0089733
            e:w 4359.4647254
            c:n 3563.2282988
            c:w 3558.7880328
            n:w 11778.8702434
          b:e:c 1265.1832366
          b:e:n 589.7395807
          b:e:w 590.6456969
          b:c:n 590.4487726
          b:c:w 589.5415762
          b:n:w 1258.1890899
          e:c:n 4765.4052759
          e:c:w 4769.8455420
          e:n:w 6276.8573720
          c:n:w 5308.0859995
        b:e:c:n 1111.1849514
        b:e:c:w 1112.0921478
        b:e:n:w 1443.3083663
        b:c:n:w 1299.6685344
        e:c:n:w 45449.8730441
