########################################
# legofit: estimate population history #
#       version 2.3.4-4-g53f8760       #
########################################

# Program was compiled: Sep 21 2021 14:36:42
# Program was run: Sun Oct 10 10:22:46 2021

# cmd: legofit -1 -d 0 -t 32 --ptsPerDim 3 --stateOut b1boot22.state --tol 3e-6 -S 5000 beg2.lgo ../../chrX/boot_chrX/boot22.opf
# Stage nOptItr nSimReps
#     0    5000        0
# algorithm          : deterministic
# ignoring probs <=  : 0
# Branch length floor: 0
# DE strategy        : 2
#    F               : 0.3
#    CR              : 0.8
#    tolerance       : 3e-06
# nthreads           : 32
# lgo input file     : beg2.lgo
# site pat input file: ../../chrX/boot_chrX/boot22.opf
# free parameters    : 13
# points in DE swarm : 39
# output state file  : b1boot22.state
# Including singleton site patterns.
# cost function      : KL
Initial parameter values
Fixed:
      zero = 0
       one = 1
    Tbecnw = 75200
Free:
       pc1 = 0
       pc2 = 0
       pc3 = 0
       pc4 = 0
       pc5 = 0
       pc6 = 0
       pc7 = 0
       pc8 = 0
       pc9 = 0
      pc10 = 0
      pc11 = 0
      pc12 = 0
      pc13 = 0
Constrained:
     Tecnw = 33153.7
       Tnw = 3567.04
       Tec = 1234.68
     twoNb = 844285
     twoNe = 175045
     twoNw = 583108
    twoNec = 153464
    twoNnw = 133447
  twoNecnw = 31261.9
  twoNbecnw = 49737.5
        m2 = 0.00941878
        m5 = 0.18477
        m7 = 0.00402777
        Tb = 17194.2
        Te = 617.342
        Tg = 308.671
DiffEv reached_goal. cost=2.97358e-03 spread=2.50594e-06
Fitted parameter values
Free:
       pc1 = 1.99855
       pc2 = 1.63873
       pc3 = -1.99335
       pc4 = -1.97475
       pc5 = 0.0592175
       pc6 = 1.08463
       pc7 = -1.74729
       pc8 = -1.67894
       pc9 = -0.459364
      pc10 = 0.172931
      pc11 = -0.389196
      pc12 = 0.00252263
      pc13 = -0.0575769
Constrained:
     Tecnw = 33464.1
       Tnw = 1599.11
       Tec = 40.8846
     twoNb = 1.67729e+06
     twoNe = 125032
     twoNw = 1.21044e+06
    twoNec = 150719
    twoNnw = 145645
  twoNecnw = 30819.4
  twoNbecnw = 49461.1
        m2 = 0.0155669
        m5 = 0.193254
        m7 = 0.00590606
        Tb = 16752.5
        Te = 20.4423
        Tg = 10.2212
#       SitePat  BranchLen
              b 117105.3757398
              e 43516.1572700
              c 45993.4650474
              n 42769.7125695
              w 42758.1219042
            b:e 1366.9436101
            b:c 1482.0153652
            b:n 1116.1887501
            b:w 1115.7608368
            e:c 11158.3151075
            e:n 4330.3005167
            e:w 4341.8911820
            c:n 3563.9325510
            c:w 3561.8469725
            n:w 12135.8399766
          b:e:c 1286.9788208
          b:e:n 592.7968991
          b:e:w 593.2248124
          b:c:n 592.9628358
          b:c:w 592.5344660
          b:n:w 1280.5513597
          e:c:n 4765.3809629
          e:c:w 4767.4665414
          e:n:w 6287.2785869
          c:n:w 5370.6711252
        b:e:c:n 1117.8459321
        b:e:c:w 1118.2743019
        b:e:n:w 1448.2279641
        b:c:n:w 1319.3924782
        e:c:n:w 45437.9916641
