########################################
# legofit: estimate population history #
#       version 2.3.4-4-g53f8760       #
########################################

# Program was compiled: Sep 21 2021 14:36:42
# Program was run: Sun Oct 10 10:22:52 2021

# cmd: legofit -1 -d 0 -t 32 --ptsPerDim 3 --stateOut b1boot26.state --tol 3e-6 -S 5000 beg2.lgo ../../chrX/boot_chrX/boot26.opf
# Stage nOptItr nSimReps
#     0    5000        0
# algorithm          : deterministic
# ignoring probs <=  : 0
# Branch length floor: 0
# DE strategy        : 2
#    F               : 0.3
#    CR              : 0.8
#    tolerance       : 3e-06
# nthreads           : 32
# lgo input file     : beg2.lgo
# site pat input file: ../../chrX/boot_chrX/boot26.opf
# free parameters    : 13
# points in DE swarm : 39
# output state file  : b1boot26.state
# Including singleton site patterns.
# cost function      : KL
Initial parameter values
Fixed:
      zero = 0
       one = 1
    Tbecnw = 75200
Free:
       pc1 = 0
       pc2 = 0
       pc3 = 0
       pc4 = 0
       pc5 = 0
       pc6 = 0
       pc7 = 0
       pc8 = 0
       pc9 = 0
      pc10 = 0
      pc11 = 0
      pc12 = 0
      pc13 = 0
Constrained:
     Tecnw = 33153.7
       Tnw = 3567.04
       Tec = 1234.68
     twoNb = 844285
     twoNe = 175045
     twoNw = 583108
    twoNec = 153464
    twoNnw = 133447
  twoNecnw = 31261.9
  twoNbecnw = 49737.5
        m2 = 0.00941878
        m5 = 0.18477
        m7 = 0.00402777
        Tb = 17194.2
        Te = 617.342
        Tg = 308.671
DiffEv reached_goal. cost=3.00179e-03 spread=2.69964e-06
Fitted parameter values
Free:
       pc1 = 1.95976
       pc2 = 1.72891
       pc3 = -1.86965
       pc4 = -1.91862
       pc5 = -0.022015
       pc6 = 1.9103
       pc7 = -0.227142
       pc8 = -1.96255
       pc9 = -0.533025
      pc10 = 0.0456829
      pc11 = 0.244052
      pc12 = -0.0480161
      pc13 = 0.0848822
Constrained:
     Tecnw = 33370.8
       Tnw = 1647.27
       Tec = 43.6286
     twoNb = 1.60414e+06
     twoNe = 122294
     twoNw = 990664
    twoNec = 151689
    twoNnw = 151683
  twoNecnw = 31203.5
  twoNbecnw = 50426
        m2 = 0.0173018
        m5 = 0.193157
        m7 = 0.00666057
        Tb = 16707.2
        Te = 21.8143
        Tg = 10.9071
#       SitePat  BranchLen
              b 117751.1413174
              e 43838.1969935
              c 46215.0875611
              n 43171.7781663
              w 43157.0763234
            b:e 1438.8232588
            b:c 1544.9122411
            b:n 1163.3891273
            b:w 1162.8281805
            e:c 11178.3954791
            e:n 4400.4886024
            e:w 4415.1904453
            c:n 3661.4845617
            c:w 3658.8019884
            n:w 12038.1110800
          b:e:c 1322.3104025
          b:e:n 619.8909510
          b:e:w 620.4518979
          b:c:n 620.1274969
          b:c:w 619.5658546
          b:n:w 1314.6912013
          e:c:n 4866.5595119
          e:c:w 4869.2420852
          e:n:w 6360.6182453
          c:n:w 5496.2339263
        b:e:c:n 1165.3635180
        b:e:c:w 1165.9251603
        b:e:n:w 1505.2733986
        b:c:n:w 1382.7201628
        e:c:n:w 45630.6842191
