########################################
# legofit: estimate population history #
#       version 2.3.4-4-g53f8760       #
########################################

# Program was compiled: Sep 21 2021 14:36:42
# Program was run: Sun Oct 10 10:22:52 2021

# cmd: legofit -1 -d 0 -t 32 --ptsPerDim 3 --stateOut b1boot27.state --tol 3e-6 -S 5000 beg2.lgo ../../chrX/boot_chrX/boot27.opf
# Stage nOptItr nSimReps
#     0    5000        0
# algorithm          : deterministic
# ignoring probs <=  : 0
# Branch length floor: 0
# DE strategy        : 2
#    F               : 0.3
#    CR              : 0.8
#    tolerance       : 3e-06
# nthreads           : 32
# lgo input file     : beg2.lgo
# site pat input file: ../../chrX/boot_chrX/boot27.opf
# free parameters    : 13
# points in DE swarm : 39
# output state file  : b1boot27.state
# Including singleton site patterns.
# cost function      : KL
Initial parameter values
Fixed:
      zero = 0
       one = 1
    Tbecnw = 75200
Free:
       pc1 = 0
       pc2 = 0
       pc3 = 0
       pc4 = 0
       pc5 = 0
       pc6 = 0
       pc7 = 0
       pc8 = 0
       pc9 = 0
      pc10 = 0
      pc11 = 0
      pc12 = 0
      pc13 = 0
Constrained:
     Tecnw = 33153.7
       Tnw = 3567.04
       Tec = 1234.68
     twoNb = 844285
     twoNe = 175045
     twoNw = 583108
    twoNec = 153464
    twoNnw = 133447
  twoNecnw = 31261.9
  twoNbecnw = 49737.5
        m2 = 0.00941878
        m5 = 0.18477
        m7 = 0.00402777
        Tb = 17194.2
        Te = 617.342
        Tg = 308.671
DiffEv reached_goal. cost=3.15993e-03 spread=2.12822e-06
Fitted parameter values
Free:
       pc1 = 1.98906
       pc2 = 1.3282
       pc3 = -1.79962
       pc4 = -1.96799
       pc5 = 1.11315
       pc6 = 1.99521
       pc7 = 0.393817
       pc8 = -1.94748
       pc9 = -0.127424
      pc10 = 0.146299
      pc11 = -0.43132
      pc12 = 0.11301
      pc13 = -0.0894208
Constrained:
     Tecnw = 33499.9
       Tnw = 1461.92
       Tec = 6.46722
     twoNb = 1.64029e+06
     twoNe = 325219
     twoNw = 808291
    twoNec = 148596
    twoNnw = 145324
  twoNecnw = 31152.2
  twoNbecnw = 50428.9
        m2 = 0.0174628
        m5 = 0.181598
        m7 = 0.00719673
        Tb = 16753.2
        Te = 3.23361
        Tg = 1.6168
#       SitePat  BranchLen
              b 117747.9252819
              e 43845.6949498
              c 46153.9994934
              n 42985.6977834
              w 42970.5604336
            b:e 1451.4130213
            b:c 1545.0958493
            b:n 1156.7640961
            b:w 1156.1897768
            e:c 11443.3090950
            e:n 4312.9827868
            e:w 4328.1201366
            c:n 3594.3530738
            c:w 3591.6149421
            n:w 12411.7447003
          b:e:c 1348.8173611
          b:e:n 609.9874177
          b:e:w 610.5617370
          b:c:n 610.1946008
          b:c:w 609.6195789
          b:n:w 1341.0370507
          e:c:n 4828.8333807
          e:c:w 4831.5715124
          e:n:w 6358.8655034
          c:n:w 5525.0273548
        b:e:c:n 1158.7181841
        b:e:c:w 1159.2932059
        b:e:n:w 1506.2416998
        b:c:n:w 1393.9623592
        e:c:n:w 45611.4112291
