########################################
# legofit: estimate population history #
#       version 2.3.4-4-g53f8760       #
########################################

# Program was compiled: Sep 21 2021 14:36:42
# Program was run: Sun Oct 10 10:23:04 2021

# cmd: legofit -1 -d 0 -t 32 --ptsPerDim 3 --stateOut b1boot41.state --tol 3e-6 -S 5000 beg2.lgo ../../chrX/boot_chrX/boot41.opf
# Stage nOptItr nSimReps
#     0    5000        0
# algorithm          : deterministic
# ignoring probs <=  : 0
# Branch length floor: 0
# DE strategy        : 2
#    F               : 0.3
#    CR              : 0.8
#    tolerance       : 3e-06
# nthreads           : 32
# lgo input file     : beg2.lgo
# site pat input file: ../../chrX/boot_chrX/boot41.opf
# free parameters    : 13
# points in DE swarm : 39
# output state file  : b1boot41.state
# Including singleton site patterns.
# cost function      : KL
Initial parameter values
Fixed:
      zero = 0
       one = 1
    Tbecnw = 75200
Free:
       pc1 = 0
       pc2 = 0
       pc3 = 0
       pc4 = 0
       pc5 = 0
       pc6 = 0
       pc7 = 0
       pc8 = 0
       pc9 = 0
      pc10 = 0
      pc11 = 0
      pc12 = 0
      pc13 = 0
Constrained:
     Tecnw = 33153.7
       Tnw = 3567.04
       Tec = 1234.68
     twoNb = 844285
     twoNe = 175045
     twoNw = 583108
    twoNec = 153464
    twoNnw = 133447
  twoNecnw = 31261.9
  twoNbecnw = 49737.5
        m2 = 0.00941878
        m5 = 0.18477
        m7 = 0.00402777
        Tb = 17194.2
        Te = 617.342
        Tg = 308.671
DiffEv reached_goal. cost=3.02236e-03 spread=2.49151e-06
Fitted parameter values
Free:
       pc1 = 1.99319
       pc2 = 0.96994
       pc3 = -1.73472
       pc4 = -1.95043
       pc5 = 0.278628
       pc6 = 1.96129
       pc7 = -0.80625
       pc8 = -0.672619
       pc9 = -0.720963
      pc10 = -1.38876
      pc11 = -0.158493
      pc12 = -0.0584385
      pc13 = -0.212837
Constrained:
     Tecnw = 33173.9
       Tnw = 2415.87
       Tec = 35.9929
     twoNb = 1.56955e+06
     twoNe = 59090.1
     twoNw = 876544
    twoNec = 157505
    twoNnw = 141354
  twoNecnw = 30441.9
  twoNbecnw = 50457.5
        m2 = 0.0177168
        m5 = 0.185497
        m7 = 0.00527021
        Tb = 16605
        Te = 17.9964
        Tg = 8.99822
#       SitePat  BranchLen
              b 118068.7888219
              e 43568.3843701
              c 45938.5395612
              n 42571.5168939
              w 42548.5037142
            b:e 1395.6598347
            b:c 1515.4475525
            b:n 1106.3552107
            b:w 1105.4983030
            e:c 10903.9245091
            e:n 4298.5549803
            e:w 4321.5681600
            c:n 3583.1810068
            c:w 3578.9855090
            n:w 11975.5505217
          b:e:c 1275.5195004
          b:e:n 593.5834891
          b:e:w 594.4403968
          b:c:n 594.2311998
          b:c:w 593.3731788
          b:n:w 1267.9362906
          e:c:n 4739.8731867
          e:c:w 4744.0686844
          e:n:w 6371.7925587
          c:n:w 5471.5256770
        b:e:c:n 1107.9161933
        b:e:c:w 1108.7742144
        b:e:n:w 1473.3427649
        b:c:n:w 1342.0428694
        e:c:n:w 46645.5069775
