########################################
# legofit: estimate population history #
#       version 2.3.4-4-g53f8760       #
########################################

# Program was compiled: Sep 21 2021 14:36:42
# Program was run: Sun Oct 10 10:23:04 2021

# cmd: legofit -1 -d 0 -t 32 --ptsPerDim 3 --stateOut b1boot38.state --tol 3e-6 -S 5000 beg2.lgo ../../chrX/boot_chrX/boot38.opf
# Stage nOptItr nSimReps
#     0    5000        0
# algorithm          : deterministic
# ignoring probs <=  : 0
# Branch length floor: 0
# DE strategy        : 2
#    F               : 0.3
#    CR              : 0.8
#    tolerance       : 3e-06
# nthreads           : 32
# lgo input file     : beg2.lgo
# site pat input file: ../../chrX/boot_chrX/boot38.opf
# free parameters    : 13
# points in DE swarm : 39
# output state file  : b1boot38.state
# Including singleton site patterns.
# cost function      : KL
Initial parameter values
Fixed:
      zero = 0
       one = 1
    Tbecnw = 75200
Free:
       pc1 = 0
       pc2 = 0
       pc3 = 0
       pc4 = 0
       pc5 = 0
       pc6 = 0
       pc7 = 0
       pc8 = 0
       pc9 = 0
      pc10 = 0
      pc11 = 0
      pc12 = 0
      pc13 = 0
Constrained:
     Tecnw = 33153.7
       Tnw = 3567.04
       Tec = 1234.68
     twoNb = 844285
     twoNe = 175045
     twoNw = 583108
    twoNec = 153464
    twoNnw = 133447
  twoNecnw = 31261.9
  twoNbecnw = 49737.5
        m2 = 0.00941878
        m5 = 0.18477
        m7 = 0.00402777
        Tb = 17194.2
        Te = 617.342
        Tg = 308.671
DiffEv reached_goal. cost=3.21029e-03 spread=2.53656e-06
Fitted parameter values
Free:
       pc1 = 1.97936
       pc2 = 1.33096
       pc3 = -1.97327
       pc4 = -1.97497
       pc5 = 1.17225
       pc6 = 0.629281
       pc7 = -1.99685
       pc8 = -1.3627
       pc9 = -0.593301
      pc10 = -1.32185
      pc11 = 0.432465
      pc12 = -0.0811066
      pc13 = 0.173064
Constrained:
     Tecnw = 32887.9
       Tnw = 2728.78
       Tec = 2.51649
     twoNb = 1.62529e+06
     twoNe = 284538
     twoNw = 1.11225e+06
    twoNec = 153874
    twoNnw = 145790
  twoNecnw = 30185.9
  twoNbecnw = 49561.7
        m2 = 0.0157213
        m5 = 0.195963
        m7 = 0.00595718
        Tb = 16445.2
        Te = 1.25825
        Tg = 0.629123
#       SitePat  BranchLen
              b 117482.7666623
              e 43053.1514662
              c 45371.0681890
              n 42476.2992535
              w 42454.6366485
            b:e 1328.7126124
            b:c 1430.8303426
            b:n 1075.9838341
            b:w 1075.1953953
            e:c 10748.8405301
            e:n 4292.2555957
            e:w 4313.9182007
            c:n 3579.7557847
            c:w 3575.7858615
            n:w 11518.1157073
          b:e:c 1212.4296182
          b:e:n 576.5573749
          b:e:w 577.3458137
          b:c:n 577.0861760
          b:c:w 576.2968565
          b:n:w 1205.9584147
          e:c:n 4741.0697527
          e:c:w 4745.0396759
          e:n:w 6198.2248394
          c:n:w 5345.6297451
        b:e:c:n 1077.3008998
        b:e:c:w 1078.0902193
        b:e:n:w 1394.9862734
        b:c:n:w 1278.6992211
        e:c:n:w 46610.3168418
