########################################
# legofit: estimate population history #
#       version 2.3.4-4-g53f8760       #
########################################

# Program was compiled: Sep 21 2021 14:36:42
# Program was run: Sun Oct 10 10:22:29 2021

# cmd: legofit -1 -d 0 -t 32 --ptsPerDim 3 --stateOut b1boot5.state --tol 3e-6 -S 5000 beg2.lgo ../../chrX/boot_chrX/boot5.opf
# Stage nOptItr nSimReps
#     0    5000        0
# algorithm          : deterministic
# ignoring probs <=  : 0
# Branch length floor: 0
# DE strategy        : 2
#    F               : 0.3
#    CR              : 0.8
#    tolerance       : 3e-06
# nthreads           : 32
# lgo input file     : beg2.lgo
# site pat input file: ../../chrX/boot_chrX/boot5.opf
# free parameters    : 13
# points in DE swarm : 39
# output state file  : b1boot5.state
# Including singleton site patterns.
# cost function      : KL
Initial parameter values
Fixed:
      zero = 0
       one = 1
    Tbecnw = 75200
Free:
       pc1 = 0
       pc2 = 0
       pc3 = 0
       pc4 = 0
       pc5 = 0
       pc6 = 0
       pc7 = 0
       pc8 = 0
       pc9 = 0
      pc10 = 0
      pc11 = 0
      pc12 = 0
      pc13 = 0
Constrained:
     Tecnw = 33153.7
       Tnw = 3567.04
       Tec = 1234.68
     twoNb = 844285
     twoNe = 175045
     twoNw = 583108
    twoNec = 153464
    twoNnw = 133447
  twoNecnw = 31261.9
  twoNbecnw = 49737.5
        m2 = 0.00941878
        m5 = 0.18477
        m7 = 0.00402777
        Tb = 17194.2
        Te = 617.342
        Tg = 308.671
DiffEv reached_goal. cost=3.05489e-03 spread=2.74608e-06
Fitted parameter values
Free:
       pc1 = 1.99648
       pc2 = 1.84252
       pc3 = -1.9821
       pc4 = -1.24621
       pc5 = 0.747793
       pc6 = 0.403364
       pc7 = -1.83595
       pc8 = -1.72317
       pc9 = -0.371898
      pc10 = 1.62587
      pc11 = 0.238639
      pc12 = -0.0734995
      pc13 = 0.146377
Constrained:
     Tecnw = 33570.8
       Tnw = 1846.05
       Tec = 12.5688
     twoNb = 1.6863e+06
     twoNe = 289765
     twoNw = 1.07853e+06
    twoNec = 147925
    twoNnw = 148508
  twoNecnw = 31198.7
  twoNbecnw = 48549.4
        m2 = 0.0137313
        m5 = 0.205902
        m7 = 0.00632097
        Tb = 16791.7
        Te = 6.28439
        Tg = 3.1422
#       SitePat  BranchLen
              b 116234.9226848
              e 43478.8238534
              c 46052.1275667
              n 43080.7465238
              w 43064.5160608
            b:e 1340.1612251
            b:c 1454.6735408
            b:n 1124.0996616
            b:w 1123.4998303
            e:c 11192.2498970
            e:n 4389.2872288
            e:w 4405.5176918
            c:n 3589.2748785
            c:w 3586.3501970
            n:w 11975.6992871
          b:e:c 1277.7301829
          b:e:n 596.0376899
          b:e:w 596.6375212
          b:c:n 596.3330611
          b:c:w 595.7326687
          b:n:w 1272.0355737
          e:c:n 4797.8396254
          e:c:w 4800.7643069
          e:n:w 6222.1849757
          c:n:w 5284.2040486
        b:e:c:n 1125.4132586
        b:e:c:w 1126.0136510
        b:e:n:w 1425.5510704
        b:c:n:w 1295.5052948
        e:c:n:w 44410.1347370
