########################################
# legofit: estimate population history #
#       version 2.3.4-4-g53f8760       #
########################################

# Program was compiled: Sep 21 2021 14:36:42
# Program was run: Sun Oct 10 10:22:29 2021

# cmd: legofit -1 -d 0 -t 32 --ptsPerDim 3 --stateOut b1boot4.state --tol 3e-6 -S 5000 beg2.lgo ../../chrX/boot_chrX/boot4.opf
# Stage nOptItr nSimReps
#     0    5000        0
# algorithm          : deterministic
# ignoring probs <=  : 0
# Branch length floor: 0
# DE strategy        : 2
#    F               : 0.3
#    CR              : 0.8
#    tolerance       : 3e-06
# nthreads           : 32
# lgo input file     : beg2.lgo
# site pat input file: ../../chrX/boot_chrX/boot4.opf
# free parameters    : 13
# points in DE swarm : 39
# output state file  : b1boot4.state
# Including singleton site patterns.
# cost function      : KL
Initial parameter values
Fixed:
      zero = 0
       one = 1
    Tbecnw = 75200
Free:
       pc1 = 0
       pc2 = 0
       pc3 = 0
       pc4 = 0
       pc5 = 0
       pc6 = 0
       pc7 = 0
       pc8 = 0
       pc9 = 0
      pc10 = 0
      pc11 = 0
      pc12 = 0
      pc13 = 0
Constrained:
     Tecnw = 33153.7
       Tnw = 3567.04
       Tec = 1234.68
     twoNb = 844285
     twoNe = 175045
     twoNw = 583108
    twoNec = 153464
    twoNnw = 133447
  twoNecnw = 31261.9
  twoNbecnw = 49737.5
        m2 = 0.00941878
        m5 = 0.18477
        m7 = 0.00402777
        Tb = 17194.2
        Te = 617.342
        Tg = 308.671
DiffEv reached_goal. cost=3.06951e-03 spread=2.42331e-06
Fitted parameter values
Free:
       pc1 = 1.99274
       pc2 = 1.89619
       pc3 = -1.86052
       pc4 = -1.96143
       pc5 = -0.3145
       pc6 = 1.51955
       pc7 = -1.38139
       pc8 = -0.694218
       pc9 = -0.465938
      pc10 = -0.644271
      pc11 = 0.420515
      pc12 = 0.356353
      pc13 = 0.10913
Constrained:
     Tecnw = 33218.5
       Tnw = 2163.56
       Tec = 10.6755
     twoNb = 1.69382e+06
     twoNe = 1256.04
     twoNw = 1.03189e+06
    twoNec = 148280
    twoNnw = 146203
  twoNecnw = 30647.9
  twoNbecnw = 50275
        m2 = 0.0158809
        m5 = 0.200796
        m7 = 0.00498808
        Tb = 16614.6
        Te = 5.33775
        Tg = 2.66887
#       SitePat  BranchLen
              b 117907.3292592
              e 43202.0469827
              c 45743.2189213
              n 42750.1928247
              w 42730.9794708
            b:e 1354.7826558
            b:c 1488.3331867
            b:n 1124.2000043
            b:w 1123.4815253
            e:c 11115.3993193
            e:n 4360.6906490
            e:w 4379.9040030
            c:n 3588.4900479
            c:w 3584.9820711
            n:w 11884.9037003
          b:e:c 1280.4058134
          b:e:n 596.9619414
          b:e:w 597.6804204
          b:c:n 597.4981942
          b:c:w 596.7789391
          b:n:w 1274.0000163
          e:c:n 4815.0912290
          e:c:w 4818.5992058
          e:n:w 6309.4614746
          c:n:w 5345.6902802
        b:e:c:n 1125.5232376
        b:e:c:w 1126.2424928
        b:e:n:w 1453.5493387
        b:c:n:w 1310.0858251
        e:c:n:w 46420.5140870
