########################################
# legofit: estimate population history #
#       version 2.3.4-4-g53f8760       #
########################################

# Program was compiled: Sep 21 2021 14:36:42
# Program was run: Sun Oct 10 10:22:34 2021

# cmd: legofit -1 -d 0 -t 32 --ptsPerDim 3 --stateOut b1boot11.state --tol 3e-6 -S 5000 beg2.lgo ../../chrX/boot_chrX/boot11.opf
# Stage nOptItr nSimReps
#     0    5000        0
# algorithm          : deterministic
# ignoring probs <=  : 0
# Branch length floor: 0
# DE strategy        : 2
#    F               : 0.3
#    CR              : 0.8
#    tolerance       : 3e-06
# nthreads           : 32
# lgo input file     : beg2.lgo
# site pat input file: ../../chrX/boot_chrX/boot11.opf
# free parameters    : 13
# points in DE swarm : 39
# output state file  : b1boot11.state
# Including singleton site patterns.
# cost function      : KL
Initial parameter values
Fixed:
      zero = 0
       one = 1
    Tbecnw = 75200
Free:
       pc1 = 0
       pc2 = 0
       pc3 = 0
       pc4 = 0
       pc5 = 0
       pc6 = 0
       pc7 = 0
       pc8 = 0
       pc9 = 0
      pc10 = 0
      pc11 = 0
      pc12 = 0
      pc13 = 0
Constrained:
     Tecnw = 33153.7
       Tnw = 3567.04
       Tec = 1234.68
     twoNb = 844285
     twoNe = 175045
     twoNw = 583108
    twoNec = 153464
    twoNnw = 133447
  twoNecnw = 31261.9
  twoNbecnw = 49737.5
        m2 = 0.00941878
        m5 = 0.18477
        m7 = 0.00402777
        Tb = 17194.2
        Te = 617.342
        Tg = 308.671
DiffEv reached_goal. cost=3.07878e-03 spread=2.97471e-06
Fitted parameter values
Free:
       pc1 = 1.99603
       pc2 = 1.9443
       pc3 = -1.89107
       pc4 = -1.98486
       pc5 = 0.861544
       pc6 = 1.89943
       pc7 = -1.45925
       pc8 = -1.95756
       pc9 = 0.701473
      pc10 = -0.576995
      pc11 = -0.181401
      pc12 = 0.388134
      pc13 = 0.036187
Constrained:
     Tecnw = 33217.8
       Tnw = 1502.94
       Tec = 21.6113
     twoNb = 1.95592e+06
     twoNe = 168392
     twoNw = 1.05688e+06
    twoNec = 145677
    twoNnw = 143962
  twoNecnw = 30645.1
  twoNbecnw = 50197.2
        m2 = 0.0142888
        m5 = 0.187287
        m7 = 0.00727588
        Tb = 16619.7
        Te = 10.8057
        Tg = 5.40284
#       SitePat  BranchLen
              b 117866.1990121
              e 43193.8654112
              c 45509.7477185
              n 42510.4351917
              w 42498.3615058
            b:e 1369.1283852
            b:c 1455.4204690
            b:n 1117.4140767
            b:w 1116.9668569
            e:c 11330.2369510
            e:n 4274.8718890
            e:w 4286.9455749
            c:n 3545.8566124
            c:w 3543.6682052
            n:w 12202.5305652
          b:e:c 1295.0894728
          b:e:n 587.5255787
          b:e:w 587.9727985
          b:c:n 587.6438722
          b:c:w 587.1962752
          b:n:w 1289.7031375
          e:c:n 4797.0257309
          e:c:w 4799.2141381
          e:n:w 6228.6035624
          c:n:w 5402.6851082
        b:e:c:n 1118.7340251
        b:e:c:w 1119.1816222
        b:e:n:w 1428.6708507
        b:c:n:w 1325.3657899
        e:c:n:w 46435.1462320
