########################################
# legofit: estimate population history #
#       version 2.3.4-4-g53f8760       #
########################################

# Program was compiled: Sep 21 2021 14:36:42
# Program was run: Sun Oct 10 10:22:39 2021

# cmd: legofit -1 -d 0 -t 32 --ptsPerDim 3 --stateOut b1boot15.state --tol 3e-6 -S 5000 beg2.lgo ../../chrX/boot_chrX/boot15.opf
# Stage nOptItr nSimReps
#     0    5000        0
# algorithm          : deterministic
# ignoring probs <=  : 0
# Branch length floor: 0
# DE strategy        : 2
#    F               : 0.3
#    CR              : 0.8
#    tolerance       : 3e-06
# nthreads           : 32
# lgo input file     : beg2.lgo
# site pat input file: ../../chrX/boot_chrX/boot15.opf
# free parameters    : 13
# points in DE swarm : 39
# output state file  : b1boot15.state
# Including singleton site patterns.
# cost function      : KL
Initial parameter values
Fixed:
      zero = 0
       one = 1
    Tbecnw = 75200
Free:
       pc1 = 0
       pc2 = 0
       pc3 = 0
       pc4 = 0
       pc5 = 0
       pc6 = 0
       pc7 = 0
       pc8 = 0
       pc9 = 0
      pc10 = 0
      pc11 = 0
      pc12 = 0
      pc13 = 0
Constrained:
     Tecnw = 33153.7
       Tnw = 3567.04
       Tec = 1234.68
     twoNb = 844285
     twoNe = 175045
     twoNw = 583108
    twoNec = 153464
    twoNnw = 133447
  twoNecnw = 31261.9
  twoNbecnw = 49737.5
        m2 = 0.00941878
        m5 = 0.18477
        m7 = 0.00402777
        Tb = 17194.2
        Te = 617.342
        Tg = 308.671
DiffEv reached_goal. cost=2.84793e-03 spread=2.39790e-06
Fitted parameter values
Free:
       pc1 = 1.99076
       pc2 = 1.24659
       pc3 = -1.95616
       pc4 = -1.99649
       pc5 = -0.734755
       pc6 = 1.95048
       pc7 = 1.01503
       pc8 = -1.44332
       pc9 = -0.52143
      pc10 = 0.000337646
      pc11 = 0.677254
      pc12 = 0.155495
      pc13 = -0.0767249
Constrained:
     Tecnw = 33286.1
       Tnw = 890.629
       Tec = 132.693
     twoNb = 1.47207e+06
     twoNe = 108803
     twoNw = 808885
    twoNec = 152911
    twoNnw = 155003
  twoNecnw = 31512.5
  twoNbecnw = 51087
        m2 = 0.0182843
        m5 = 0.192134
        m7 = 0.00532483
        Tb = 16709.4
        Te = 66.3466
        Tg = 33.1733
#       SitePat  BranchLen
              b 118217.9671495
              e 43930.5570879
              c 46400.4354416
              n 43156.0493603
              w 43146.8731199
            b:e 1465.5769713
            b:c 1596.5852922
            b:n 1189.8522305
            b:w 1189.4968510
            e:c 11207.3288269
            e:n 4464.7261342
            e:w 4473.9023746
            c:n 3704.2686747
            c:w 3702.5909216
            n:w 12194.8657918
          b:e:c 1352.7673137
          b:e:n 635.8874374
          b:e:w 636.2428169
          b:c:n 636.0144009
          b:c:w 635.6585148
          b:n:w 1344.1569415
          e:c:n 4915.0824117
          e:c:w 4916.7601648
          e:n:w 6468.8289371
          c:n:w 5543.0416133
        b:e:c:n 1192.3278989
        b:e:c:w 1192.6837849
        b:e:n:w 1550.4434279
        b:c:n:w 1407.5703280
        e:c:n:w 45840.1157714
