########################################
# legofit: estimate population history #
#       version 2.3.4-4-g53f8760       #
########################################

# Program was compiled: Sep 21 2021 14:36:42
# Program was run: Sun Oct 10 10:22:39 2021

# cmd: legofit -1 -d 0 -t 32 --ptsPerDim 3 --stateOut b1boot14.state --tol 3e-6 -S 5000 beg2.lgo ../../chrX/boot_chrX/boot14.opf
# Stage nOptItr nSimReps
#     0    5000        0
# algorithm          : deterministic
# ignoring probs <=  : 0
# Branch length floor: 0
# DE strategy        : 2
#    F               : 0.3
#    CR              : 0.8
#    tolerance       : 3e-06
# nthreads           : 32
# lgo input file     : beg2.lgo
# site pat input file: ../../chrX/boot_chrX/boot14.opf
# free parameters    : 13
# points in DE swarm : 39
# output state file  : b1boot14.state
# Including singleton site patterns.
# cost function      : KL
Initial parameter values
Fixed:
      zero = 0
       one = 1
    Tbecnw = 75200
Free:
       pc1 = 0
       pc2 = 0
       pc3 = 0
       pc4 = 0
       pc5 = 0
       pc6 = 0
       pc7 = 0
       pc8 = 0
       pc9 = 0
      pc10 = 0
      pc11 = 0
      pc12 = 0
      pc13 = 0
Constrained:
     Tecnw = 33153.7
       Tnw = 3567.04
       Tec = 1234.68
     twoNb = 844285
     twoNe = 175045
     twoNw = 583108
    twoNec = 153464
    twoNnw = 133447
  twoNecnw = 31261.9
  twoNbecnw = 49737.5
        m2 = 0.00941878
        m5 = 0.18477
        m7 = 0.00402777
        Tb = 17194.2
        Te = 617.342
        Tg = 308.671
DiffEv reached_goal. cost=2.83762e-03 spread=2.07861e-06
Fitted parameter values
Free:
       pc1 = 1.99018
       pc2 = 1.43331
       pc3 = -1.99391
       pc4 = -1.20737
       pc5 = 1.93489
       pc6 = 1.74432
       pc7 = -1.97881
       pc8 = -1.98533
       pc9 = 0.402199
      pc10 = -0.466768
      pc11 = -0.29082
      pc12 = -0.274582
      pc13 = 0.167894
Constrained:
     Tecnw = 33159.3
       Tnw = 2591.45
       Tec = 38.806
     twoNb = 1.92329e+06
     twoNe = 252540
     twoNw = 927346
    twoNec = 152366
    twoNnw = 143279
  twoNecnw = 30467.4
  twoNbecnw = 49182.5
        m2 = 0.0142455
        m5 = 0.184569
        m7 = 0.00802679
        Tb = 16599.1
        Te = 19.403
        Tg = 9.70149
#       SitePat  BranchLen
              b 117038.2128000
              e 43374.1551861
              c 45509.0971798
              n 42664.1482132
              w 42641.0266300
            b:e 1352.3399363
            b:c 1416.9286188
            b:n 1087.8500985
            b:w 1087.0055066
            e:c 10994.8354802
            e:n 4236.3963077
            e:w 4259.5178909
            c:n 3562.1781375
            c:w 3557.9673097
            n:w 11806.6446949
          b:e:c 1242.4943490
          b:e:n 577.6833900
          b:e:w 578.5279819
          b:c:n 578.1516912
          b:c:w 577.3063768
          b:n:w 1237.1738883
          e:c:n 4741.5648614
          e:c:w 4745.7756891
          e:n:w 6134.1016558
          c:n:w 5395.2852560
        b:e:c:n 1088.8064437
        b:e:c:w 1089.6517581
        b:e:n:w 1390.0585132
        b:c:n:w 1305.8662920
        e:c:n:w 45842.1482010
