########################################
# legofit: estimate population history #
#       version 2.3.4-4-g53f8760       #
########################################

# Program was compiled: Sep 21 2021 14:36:42
# Program was run: Sun Oct 10 10:22:46 2021

# cmd: legofit -1 -d 0 -t 32 --ptsPerDim 3 --stateOut b1boot18.state --tol 3e-6 -S 5000 beg2.lgo ../../chrX/boot_chrX/boot18.opf
# Stage nOptItr nSimReps
#     0    5000        0
# algorithm          : deterministic
# ignoring probs <=  : 0
# Branch length floor: 0
# DE strategy        : 2
#    F               : 0.3
#    CR              : 0.8
#    tolerance       : 3e-06
# nthreads           : 32
# lgo input file     : beg2.lgo
# site pat input file: ../../chrX/boot_chrX/boot18.opf
# free parameters    : 13
# points in DE swarm : 39
# output state file  : b1boot18.state
# Including singleton site patterns.
# cost function      : KL
Initial parameter values
Fixed:
      zero = 0
       one = 1
    Tbecnw = 75200
Free:
       pc1 = 0
       pc2 = 0
       pc3 = 0
       pc4 = 0
       pc5 = 0
       pc6 = 0
       pc7 = 0
       pc8 = 0
       pc9 = 0
      pc10 = 0
      pc11 = 0
      pc12 = 0
      pc13 = 0
Constrained:
     Tecnw = 33153.7
       Tnw = 3567.04
       Tec = 1234.68
     twoNb = 844285
     twoNe = 175045
     twoNw = 583108
    twoNec = 153464
    twoNnw = 133447
  twoNecnw = 31261.9
  twoNbecnw = 49737.5
        m2 = 0.00941878
        m5 = 0.18477
        m7 = 0.00402777
        Tb = 17194.2
        Te = 617.342
        Tg = 308.671
DiffEv reached_goal. cost=3.16151e-03 spread=2.41419e-06
Fitted parameter values
Free:
       pc1 = 1.96911
       pc2 = 1.9162
       pc3 = -1.92086
       pc4 = -1.99722
       pc5 = 0.563349
       pc6 = 1.56508
       pc7 = -1.73487
       pc8 = -1.35764
       pc9 = -0.92133
      pc10 = -0.776982
      pc11 = 0.85106
      pc12 = -0.284143
      pc13 = 0.0675678
Constrained:
     Tecnw = 33062.4
       Tnw = 2979.28
       Tec = 100.281
     twoNb = 1.71302e+06
     twoNe = 117692
     twoNw = 1.0868e+06
    twoNec = 156560
    twoNnw = 146879
  twoNecnw = 30549.7
  twoNbecnw = 49943.2
        m2 = 0.0170519
        m5 = 0.204416
        m7 = 0.00633411
        Tb = 16581.3
        Te = 50.1403
        Tg = 25.0701
#       SitePat  BranchLen
              b 117619.3289899
              e 43493.8077899
              c 45913.8216912
              n 42833.1836362
              w 42808.1970500
            b:e 1377.9444383
            b:c 1490.5788130
            b:n 1107.7847211
            b:w 1106.8517716
            e:c 10687.6353696
            e:n 4384.0662712
            e:w 4409.0528574
            c:n 3643.7546685
            c:w 3639.1516433
            n:w 11527.2983956
          b:e:c 1240.5058556
          b:e:n 598.6817685
          b:e:w 599.6147180
          b:c:n 599.3560527
          b:c:w 598.4220323
          b:n:w 1233.8543442
          e:c:n 4775.6813289
          e:c:w 4780.2843541
          e:n:w 6321.9028260
          c:n:w 5426.4387504
        b:e:c:n 1109.0693440
        b:e:c:w 1110.0033644
        b:e:n:w 1453.6311607
        b:c:n:w 1327.1781786
        e:c:n:w 46230.9241063
