########################################
# legofit: estimate population history #
#       version 2.3.4-4-g53f8760       #
########################################

# Program was compiled: Sep 21 2021 14:36:42
# Program was run: Sun Oct 10 10:22:39 2021

# cmd: legofit -1 -d 0 -t 32 --ptsPerDim 3 --stateOut b1boot12.state --tol 3e-6 -S 5000 beg2.lgo ../../chrX/boot_chrX/boot12.opf
# Stage nOptItr nSimReps
#     0    5000        0
# algorithm          : deterministic
# ignoring probs <=  : 0
# Branch length floor: 0
# DE strategy        : 2
#    F               : 0.3
#    CR              : 0.8
#    tolerance       : 3e-06
# nthreads           : 32
# lgo input file     : beg2.lgo
# site pat input file: ../../chrX/boot_chrX/boot12.opf
# free parameters    : 13
# points in DE swarm : 39
# output state file  : b1boot12.state
# Including singleton site patterns.
# cost function      : KL
Initial parameter values
Fixed:
      zero = 0
       one = 1
    Tbecnw = 75200
Free:
       pc1 = 0
       pc2 = 0
       pc3 = 0
       pc4 = 0
       pc5 = 0
       pc6 = 0
       pc7 = 0
       pc8 = 0
       pc9 = 0
      pc10 = 0
      pc11 = 0
      pc12 = 0
      pc13 = 0
Constrained:
     Tecnw = 33153.7
       Tnw = 3567.04
       Tec = 1234.68
     twoNb = 844285
     twoNe = 175045
     twoNw = 583108
    twoNec = 153464
    twoNnw = 133447
  twoNecnw = 31261.9
  twoNbecnw = 49737.5
        m2 = 0.00941878
        m5 = 0.18477
        m7 = 0.00402777
        Tb = 17194.2
        Te = 617.342
        Tg = 308.671
DiffEv reached_goal. cost=3.10897e-03 spread=2.91522e-06
Fitted parameter values
Free:
       pc1 = 1.97274
       pc2 = 1.71194
       pc3 = -1.99705
       pc4 = -1.81989
       pc5 = 0.747117
       pc6 = 1.06297
       pc7 = -1.72075
       pc8 = -0.935051
       pc9 = -0.130205
      pc10 = -0.531743
      pc11 = -0.0378168
      pc12 = 0.309494
      pc13 = 0.319443
Constrained:
     Tecnw = 33220.6
       Tnw = 2452.87
       Tec = 11.6826
     twoNb = 1.75451e+06
     twoNe = 180190
     twoNw = 1.02284e+06
    twoNec = 144645
    twoNnw = 144793
  twoNecnw = 30466
  twoNbecnw = 49657.5
        m2 = 0.0149195
        m5 = 0.194658
        m7 = 0.00561836
        Tb = 16616.2
        Te = 5.84131
        Tg = 2.92066
#       SitePat  BranchLen
              b 117457.4216869
              e 43015.2678880
              c 45413.2678511
              n 42729.2431139
              w 42708.0700488
            b:e 1325.5452761
            b:c 1437.7992945
            b:n 1105.1398318
            b:w 1104.3599060
            e:c 11226.5319211
            e:n 4276.5879937
            e:w 4297.7610587
            c:n 3541.7027615
            c:w 3537.8465802
            n:w 11831.5721998
          b:e:c 1262.6293983
          b:e:n 581.0890159
          b:e:w 581.8689416
          b:c:n 581.6363012
          b:c:w 580.8556109
          b:n:w 1256.6929791
          e:c:n 4795.5064945
          e:c:w 4799.3626758
          e:n:w 6178.3664597
          c:n:w 5288.0763785
        b:e:c:n 1106.2456749
        b:e:c:w 1107.0263653
        b:e:n:w 1406.6281034
        b:c:n:w 1281.9299591
        e:c:n:w 46216.4510779
