########################################
# legofit: estimate population history #
#       version 2.3.4-4-g53f8760       #
########################################

# Program was compiled: Sep 21 2021 14:36:42
# Program was run: Sun Oct 10 10:22:53 2021

# cmd: legofit -1 -d 0 -t 32 --ptsPerDim 3 --stateOut b1boot28.state --tol 3e-6 -S 5000 beg2.lgo ../../chrX/boot_chrX/boot28.opf
# Stage nOptItr nSimReps
#     0    5000        0
# algorithm          : deterministic
# ignoring probs <=  : 0
# Branch length floor: 0
# DE strategy        : 2
#    F               : 0.3
#    CR              : 0.8
#    tolerance       : 3e-06
# nthreads           : 32
# lgo input file     : beg2.lgo
# site pat input file: ../../chrX/boot_chrX/boot28.opf
# free parameters    : 13
# points in DE swarm : 39
# output state file  : b1boot28.state
# Including singleton site patterns.
# cost function      : KL
Initial parameter values
Fixed:
      zero = 0
       one = 1
    Tbecnw = 75200
Free:
       pc1 = 0
       pc2 = 0
       pc3 = 0
       pc4 = 0
       pc5 = 0
       pc6 = 0
       pc7 = 0
       pc8 = 0
       pc9 = 0
      pc10 = 0
      pc11 = 0
      pc12 = 0
      pc13 = 0
Constrained:
     Tecnw = 33153.7
       Tnw = 3567.04
       Tec = 1234.68
     twoNb = 844285
     twoNe = 175045
     twoNw = 583108
    twoNec = 153464
    twoNnw = 133447
  twoNecnw = 31261.9
  twoNbecnw = 49737.5
        m2 = 0.00941878
        m5 = 0.18477
        m7 = 0.00402777
        Tb = 17194.2
        Te = 617.342
        Tg = 308.671
DiffEv reached_goal. cost=2.97034e-03 spread=2.57400e-06
Fitted parameter values
Free:
       pc1 = 1.97424
       pc2 = 1.88148
       pc3 = -1.93154
       pc4 = -1.84322
       pc5 = 1.87744
       pc6 = 1.13828
       pc7 = -1.8974
       pc8 = -1.36525
       pc9 = -0.619237
      pc10 = -0.189657
      pc11 = 0.0826142
      pc12 = -0.0380877
      pc13 = -0.00113996
Constrained:
     Tecnw = 33280.3
       Tnw = 2964.83
       Tec = 23.2807
     twoNb = 1.77821e+06
     twoNe = 335506
     twoNw = 1.01035e+06
    twoNec = 149130
    twoNnw = 139369
  twoNecnw = 30437.3
  twoNbecnw = 49262.9
        m2 = 0.0161772
        m5 = 0.199343
        m7 = 0.00696483
        Tb = 16651.8
        Te = 11.6403
        Tg = 5.82017
#       SitePat  BranchLen
              b 117070.1934092
              e 43286.1383549
              c 45729.2226147
              n 42640.4001707
              w 42614.1462064
            b:e 1353.4432886
            b:c 1456.4989286
            b:n 1086.9742752
            b:w 1086.0120176
            e:c 11012.9565506
            e:n 4287.9474566
            e:w 4314.2014209
            c:n 3539.1815460
            c:w 3534.4111813
            n:w 11849.2918601
          b:e:c 1250.0768319
          b:e:n 578.5184684
          b:e:w 579.4807260
          b:c:n 579.1796079
          b:c:w 578.2163413
          b:n:w 1243.7547704
          e:c:n 4717.4510375
          e:c:w 4722.2214023
          e:n:w 6262.4072860
          c:n:w 5364.5541929
        b:e:c:n 1088.0593783
        b:e:c:w 1089.0226449
        b:e:n:w 1423.3322080
        b:c:n:w 1304.2047969
        e:c:n:w 45801.7106381
