########################################
# legofit: estimate population history #
#       version 2.3.4-4-g53f8760       #
########################################

# Program was compiled: Sep 21 2021 14:36:42
# Program was run: Sun Oct 10 10:23:13 2021

# cmd: legofit -1 -d 0 -t 32 --ptsPerDim 3 --stateOut b1boot49.state --tol 3e-6 -S 5000 beg2.lgo ../../chrX/boot_chrX/boot49.opf
# Stage nOptItr nSimReps
#     0    5000        0
# algorithm          : deterministic
# ignoring probs <=  : 0
# Branch length floor: 0
# DE strategy        : 2
#    F               : 0.3
#    CR              : 0.8
#    tolerance       : 3e-06
# nthreads           : 32
# lgo input file     : beg2.lgo
# site pat input file: ../../chrX/boot_chrX/boot49.opf
# free parameters    : 13
# points in DE swarm : 39
# output state file  : b1boot49.state
# Including singleton site patterns.
# cost function      : KL
Initial parameter values
Fixed:
      zero = 0
       one = 1
    Tbecnw = 75200
Free:
       pc1 = 0
       pc2 = 0
       pc3 = 0
       pc4 = 0
       pc5 = 0
       pc6 = 0
       pc7 = 0
       pc8 = 0
       pc9 = 0
      pc10 = 0
      pc11 = 0
      pc12 = 0
      pc13 = 0
Constrained:
     Tecnw = 33153.7
       Tnw = 3567.04
       Tec = 1234.68
     twoNb = 844285
     twoNe = 175045
     twoNw = 583108
    twoNec = 153464
    twoNnw = 133447
  twoNecnw = 31261.9
  twoNbecnw = 49737.5
        m2 = 0.00941878
        m5 = 0.18477
        m7 = 0.00402777
        Tb = 17194.2
        Te = 617.342
        Tg = 308.671
DiffEv reached_goal. cost=2.97968e-03 spread=2.68833e-06
Fitted parameter values
Free:
       pc1 = 1.99545
       pc2 = 1.84744
       pc3 = -1.97795
       pc4 = -1.98913
       pc5 = -0.448283
       pc6 = 1.72287
       pc7 = -1.09506
       pc8 = -1.74027
       pc9 = -0.763588
      pc10 = -0.504555
      pc11 = 0.81344
      pc12 = -0.213946
      pc13 = 0.284307
Constrained:
     Tecnw = 33131.3
       Tnw = 2226.51
       Tec = 1.05105
     twoNb = 1.639e+06
     twoNe = 17937.2
     twoNw = 1.1248e+06
    twoNec = 155441
    twoNnw = 154964
  twoNecnw = 30939.4
  twoNbecnw = 50317
        m2 = 0.017011
        m5 = 0.200807
        m7 = 0.00608927
        Tb = 16566.2
        Te = 0.525525
        Tg = 0.262762
#       SitePat  BranchLen
              b 117794.3272157
              e 43654.0479914
              c 46022.4696433
              n 43152.7563081
              w 43134.4215750
            b:e 1404.1439127
            b:c 1516.4406182
            b:n 1146.3315496
            b:w 1145.6360182
            e:c 10869.0340932
            e:n 4426.2733897
            e:w 4444.6081228
            c:n 3694.0596074
            c:w 3690.6823548
            n:w 11602.4796761
          b:e:c 1274.5499075
          b:e:n 616.3600325
          b:e:w 617.0555639
          b:c:n 616.7912035
          b:c:w 616.0948400
          b:n:w 1267.4978049
          e:c:n 4864.9425246
          e:c:w 4868.3197773
          e:n:w 6316.7059840
          c:n:w 5448.6975222
        b:e:c:n 1148.0091079
        b:e:c:w 1148.7054713
        b:e:n:w 1477.8919606
        b:c:n:w 1351.8511683
        e:c:n:w 46011.0385353
