########################################
# legofit: estimate population history #
#       version 2.3.4-4-g53f8760       #
########################################

# Program was compiled: Sep 21 2021 14:36:42
# Program was run: Sun Oct 10 10:22:39 2021

# cmd: legofit -1 -d 0 -t 32 --ptsPerDim 3 --stateOut b1boot16.state --tol 3e-6 -S 5000 beg2.lgo ../../chrX/boot_chrX/boot16.opf
# Stage nOptItr nSimReps
#     0    5000        0
# algorithm          : deterministic
# ignoring probs <=  : 0
# Branch length floor: 0
# DE strategy        : 2
#    F               : 0.3
#    CR              : 0.8
#    tolerance       : 3e-06
# nthreads           : 32
# lgo input file     : beg2.lgo
# site pat input file: ../../chrX/boot_chrX/boot16.opf
# free parameters    : 13
# points in DE swarm : 39
# output state file  : b1boot16.state
# Including singleton site patterns.
# cost function      : KL
Initial parameter values
Fixed:
      zero = 0
       one = 1
    Tbecnw = 75200
Free:
       pc1 = 0
       pc2 = 0
       pc3 = 0
       pc4 = 0
       pc5 = 0
       pc6 = 0
       pc7 = 0
       pc8 = 0
       pc9 = 0
      pc10 = 0
      pc11 = 0
      pc12 = 0
      pc13 = 0
Constrained:
     Tecnw = 33153.7
       Tnw = 3567.04
       Tec = 1234.68
     twoNb = 844285
     twoNe = 175045
     twoNw = 583108
    twoNec = 153464
    twoNnw = 133447
  twoNecnw = 31261.9
  twoNbecnw = 49737.5
        m2 = 0.00941878
        m5 = 0.18477
        m7 = 0.00402777
        Tb = 17194.2
        Te = 617.342
        Tg = 308.671
DiffEv reached_goal. cost=3.06949e-03 spread=2.82712e-06
Fitted parameter values
Free:
       pc1 = 1.99373
       pc2 = 1.94765
       pc3 = -1.82501
       pc4 = -1.99594
       pc5 = 1.2912
       pc6 = 1.64402
       pc7 = -1.59189
       pc8 = -1.20406
       pc9 = -0.958536
      pc10 = -0.0328119
      pc11 = -0.284203
      pc12 = -0.117047
      pc13 = -0.0827628
Constrained:
     Tecnw = 33511.7
       Tnw = 2986.67
       Tec = 10.5862
     twoNb = 1.73462e+06
     twoNe = 213445
     twoNw = 1.01737e+06
    twoNec = 150331
    twoNnw = 138538
  twoNecnw = 30570.4
  twoNbecnw = 49555.8
        m2 = 0.0174255
        m5 = 0.197248
        m7 = 0.00670698
        Tb = 16761.1
        Te = 5.2931
        Tg = 2.64655
#       SitePat  BranchLen
              b 117201.7942018
              e 43591.9418084
              c 46074.8950998
              n 42845.2391713
              w 42819.0669218
            b:e 1386.2474166
            b:c 1499.2417478
            b:n 1105.0332595
            b:w 1104.0623986
            e:c 11092.3870195
            e:n 4300.6312227
            e:w 4326.8034722
            c:n 3545.1444447
            c:w 3540.4042442
            n:w 12000.0282594
          b:e:c 1279.7642754
          b:e:n 588.3786839
          b:e:w 589.3495448
          b:c:n 589.0661849
          b:c:w 588.0942024
          b:n:w 1272.7871311
          e:c:n 4722.8905275
          e:c:w 4727.6307280
          e:n:w 6334.9885919
          c:n:w 5409.5636358
        b:e:c:n 1106.3020362
        b:e:c:w 1107.2740187
        b:e:n:w 1462.6050160
        b:c:n:w 1334.5361969
        e:c:n:w 45597.3419528
