########################################
# legofit: estimate population history #
#       version 2.3.4-4-g53f8760       #
########################################

# Program was compiled: Sep 21 2021 14:36:42
# Program was run: Sun Oct 10 10:23:04 2021

# cmd: legofit -1 -d 0 -t 32 --ptsPerDim 3 --stateOut b1boot39.state --tol 3e-6 -S 5000 beg2.lgo ../../chrX/boot_chrX/boot39.opf
# Stage nOptItr nSimReps
#     0    5000        0
# algorithm          : deterministic
# ignoring probs <=  : 0
# Branch length floor: 0
# DE strategy        : 2
#    F               : 0.3
#    CR              : 0.8
#    tolerance       : 3e-06
# nthreads           : 32
# lgo input file     : beg2.lgo
# site pat input file: ../../chrX/boot_chrX/boot39.opf
# free parameters    : 13
# points in DE swarm : 39
# output state file  : b1boot39.state
# Including singleton site patterns.
# cost function      : KL
Initial parameter values
Fixed:
      zero = 0
       one = 1
    Tbecnw = 75200
Free:
       pc1 = 0
       pc2 = 0
       pc3 = 0
       pc4 = 0
       pc5 = 0
       pc6 = 0
       pc7 = 0
       pc8 = 0
       pc9 = 0
      pc10 = 0
      pc11 = 0
      pc12 = 0
      pc13 = 0
Constrained:
     Tecnw = 33153.7
       Tnw = 3567.04
       Tec = 1234.68
     twoNb = 844285
     twoNe = 175045
     twoNw = 583108
    twoNec = 153464
    twoNnw = 133447
  twoNecnw = 31261.9
  twoNbecnw = 49737.5
        m2 = 0.00941878
        m5 = 0.18477
        m7 = 0.00402777
        Tb = 17194.2
        Te = 617.342
        Tg = 308.671
DiffEv reached_goal. cost=3.01575e-03 spread=2.72561e-06
Fitted parameter values
Free:
       pc1 = 1.98455
       pc2 = 1.97415
       pc3 = -1.60725
       pc4 = -1.97972
       pc5 = 1.10448
       pc6 = 1.23606
       pc7 = -1.92353
       pc8 = -1.89724
       pc9 = -0.505754
      pc10 = -0.841488
      pc11 = -0.022533
      pc12 = -0.109613
      pc13 = 0.166961
Constrained:
     Tecnw = 33211.3
       Tnw = 2688.45
       Tec = 10.0442
     twoNb = 1.68328e+06
     twoNe = 215511
     twoNw = 1.16734e+06
    twoNec = 151362
    twoNnw = 144592
  twoNecnw = 30359.6
  twoNbecnw = 49766
        m2 = 0.0155027
        m5 = 0.195479
        m7 = 0.00722154
        Tb = 16610.7
        Te = 5.02209
        Tg = 2.51105
#       SitePat  BranchLen
              b 117531.5549739
              e 43333.9055563
              c 45642.5681998
              n 42732.4770831
              w 42712.1221509
            b:e 1364.3618849
            b:c 1452.4255664
            b:n 1098.2218851
            b:w 1097.4716972
            e:c 10952.2869649
            e:n 4293.4551958
            e:w 4313.8101280
            c:n 3574.5239691
            c:w 3570.8106851
            n:w 11727.8630130
          b:e:c 1248.7951809
          b:e:n 585.3191345
          b:e:w 586.0693224
          b:c:n 585.7180738
          b:c:w 584.9670898
          b:n:w 1242.3396893
          e:c:n 4758.6771348
          e:c:w 4762.3904188
          e:n:w 6216.2780751
          c:n:w 5388.7411926
        b:e:c:n 1099.6095039
        b:e:c:w 1100.3604878
        b:e:n:w 1418.6505175
        b:c:n:w 1312.0950380
        e:c:n:w 46273.9905398
