########################################
# legofit: estimate population history #
#       version 2.3.4-4-g53f8760       #
########################################

# Program was compiled: Sep 21 2021 14:36:42
# Program was run: Sun Oct 10 10:22:39 2021

# cmd: legofit -1 -d 0 -t 32 --ptsPerDim 3 --stateOut b1boot13.state --tol 3e-6 -S 5000 beg2.lgo ../../chrX/boot_chrX/boot13.opf
# Stage nOptItr nSimReps
#     0    5000        0
# algorithm          : deterministic
# ignoring probs <=  : 0
# Branch length floor: 0
# DE strategy        : 2
#    F               : 0.3
#    CR              : 0.8
#    tolerance       : 3e-06
# nthreads           : 32
# lgo input file     : beg2.lgo
# site pat input file: ../../chrX/boot_chrX/boot13.opf
# free parameters    : 13
# points in DE swarm : 39
# output state file  : b1boot13.state
# Including singleton site patterns.
# cost function      : KL
Initial parameter values
Fixed:
      zero = 0
       one = 1
    Tbecnw = 75200
Free:
       pc1 = 0
       pc2 = 0
       pc3 = 0
       pc4 = 0
       pc5 = 0
       pc6 = 0
       pc7 = 0
       pc8 = 0
       pc9 = 0
      pc10 = 0
      pc11 = 0
      pc12 = 0
      pc13 = 0
Constrained:
     Tecnw = 33153.7
       Tnw = 3567.04
       Tec = 1234.68
     twoNb = 844285
     twoNe = 175045
     twoNw = 583108
    twoNec = 153464
    twoNnw = 133447
  twoNecnw = 31261.9
  twoNbecnw = 49737.5
        m2 = 0.00941878
        m5 = 0.18477
        m7 = 0.00402777
        Tb = 17194.2
        Te = 617.342
        Tg = 308.671
DiffEv reached_goal. cost=3.10302e-03 spread=2.94368e-06
Fitted parameter values
Free:
       pc1 = 1.9955
       pc2 = 1.94154
       pc3 = -1.81612
       pc4 = -1.99873
       pc5 = 0.262933
       pc6 = 1.31162
       pc7 = -1.69238
       pc8 = -0.121475
       pc9 = -0.960828
      pc10 = -0.238109
      pc11 = 0.0468745
      pc12 = 0.200393
      pc13 = 0.0892301
Constrained:
     Tecnw = 33455.1
       Tnw = 3024.49
       Tec = 69.7546
     twoNb = 1.68028e+06
     twoNe = 70257.5
     twoNw = 997626
    twoNec = 147334
    twoNnw = 140553
  twoNecnw = 30505.2
  twoNbecnw = 49774.7
        m2 = 0.0166049
        m5 = 0.203439
        m7 = 0.00468377
        Tb = 16762.4
        Te = 34.8773
        Tg = 17.4387
#       SitePat  BranchLen
              b 117469.2210045
              e 43282.8517024
              c 45901.7753712
              n 42865.4582835
              w 42837.7905442
            b:e 1342.7385385
            b:c 1487.7754037
            b:n 1110.3446862
            b:w 1109.3150934
            e:c 11122.7811704
            e:n 4328.3012423
            e:w 4355.9689816
            c:n 3545.6052807
            c:w 3540.5714838
            n:w 11867.8974285
          b:e:c 1274.4554088
          b:e:n 588.9692242
          b:e:w 589.9988170
          b:c:n 589.8508504
          b:c:w 588.8200882
          b:n:w 1267.8000126
          e:c:n 4762.5346088
          e:c:w 4767.5684057
          e:n:w 6315.9694565
          c:n:w 5303.7943104
        b:e:c:n 1111.3930933
        b:e:c:w 1112.4238555
        b:e:n:w 1451.4308535
        b:c:n:w 1298.0360276
        e:c:n:w 45985.1875990
