########################################
# legofit: estimate population history #
#       version 2.3.4-4-g53f8760       #
########################################

# Program was compiled: Sep 21 2021 14:36:42
# Program was run: Sun Oct 10 10:22:52 2021

# cmd: legofit -1 -d 0 -t 32 --ptsPerDim 3 --stateOut b1boot24.state --tol 3e-6 -S 5000 beg2.lgo ../../chrX/boot_chrX/boot24.opf
# Stage nOptItr nSimReps
#     0    5000        0
# algorithm          : deterministic
# ignoring probs <=  : 0
# Branch length floor: 0
# DE strategy        : 2
#    F               : 0.3
#    CR              : 0.8
#    tolerance       : 3e-06
# nthreads           : 32
# lgo input file     : beg2.lgo
# site pat input file: ../../chrX/boot_chrX/boot24.opf
# free parameters    : 13
# points in DE swarm : 39
# output state file  : b1boot24.state
# Including singleton site patterns.
# cost function      : KL
Initial parameter values
Fixed:
      zero = 0
       one = 1
    Tbecnw = 75200
Free:
       pc1 = 0
       pc2 = 0
       pc3 = 0
       pc4 = 0
       pc5 = 0
       pc6 = 0
       pc7 = 0
       pc8 = 0
       pc9 = 0
      pc10 = 0
      pc11 = 0
      pc12 = 0
      pc13 = 0
Constrained:
     Tecnw = 33153.7
       Tnw = 3567.04
       Tec = 1234.68
     twoNb = 844285
     twoNe = 175045
     twoNw = 583108
    twoNec = 153464
    twoNnw = 133447
  twoNecnw = 31261.9
  twoNbecnw = 49737.5
        m2 = 0.00941878
        m5 = 0.18477
        m7 = 0.00402777
        Tb = 17194.2
        Te = 617.342
        Tg = 308.671
DiffEv reached_goal. cost=3.13675e-03 spread=2.84380e-06
Fitted parameter values
Free:
       pc1 = 1.98256
       pc2 = 1.90004
       pc3 = -1.79234
       pc4 = -1.96195
       pc5 = 0.0557831
       pc6 = 1.56898
       pc7 = -1.7673
       pc8 = -0.837032
       pc9 = -0.406334
      pc10 = 0.119463
      pc11 = 0.320174
      pc12 = -0.0122887
      pc13 = 0.202287
Constrained:
     Tecnw = 33415.5
       Tnw = 2732.03
       Tec = 4.51927
     twoNb = 1.80457e+06
     twoNe = 59560.5
     twoNw = 1.05975e+06
    twoNec = 151225
    twoNnw = 145577
  twoNecnw = 30788
  twoNbecnw = 49813.9
        m2 = 0.0153173
        m5 = 0.201926
        m7 = 0.00540418
        Tb = 16710
        Te = 2.25963
        Tg = 1.12982
#       SitePat  BranchLen
              b 117434.4497164
              e 43484.1221828
              c 45991.5201652
              n 43054.0123657
              w 43030.2168775
            b:e 1356.2118254
            b:c 1483.3801417
            b:n 1128.6870958
            b:w 1127.7932950
            e:c 11056.0807986
            e:n 4369.2818855
            e:w 4393.0773736
            c:n 3606.5111170
            c:w 3602.1629006
            n:w 11795.6644116
          b:e:c 1278.2601191
          b:e:n 601.2855945
          b:e:w 602.1793953
          b:c:n 601.9724419
          b:c:w 601.0777674
          b:n:w 1272.4649319
          e:c:n 4809.5652117
          e:c:w 4813.9134281
          e:n:w 6283.4167078
          c:n:w 5341.0614032
        b:e:c:n 1129.6912846
        b:e:c:w 1130.5859591
        b:e:n:w 1452.1682871
        b:c:n:w 1314.0573150
        e:c:n:w 45754.4251169
