########################################
# legofit: estimate population history #
#       version 2.3.4-4-g53f8760       #
########################################

# Program was compiled: Sep 21 2021 14:36:42
# Program was run: Sun Oct 10 10:22:34 2021

# cmd: legofit -1 -d 0 -t 32 --ptsPerDim 3 --stateOut b1boot7.state --tol 3e-6 -S 5000 beg2.lgo ../../chrX/boot_chrX/boot7.opf
# Stage nOptItr nSimReps
#     0    5000        0
# algorithm          : deterministic
# ignoring probs <=  : 0
# Branch length floor: 0
# DE strategy        : 2
#    F               : 0.3
#    CR              : 0.8
#    tolerance       : 3e-06
# nthreads           : 32
# lgo input file     : beg2.lgo
# site pat input file: ../../chrX/boot_chrX/boot7.opf
# free parameters    : 13
# points in DE swarm : 39
# output state file  : b1boot7.state
# Including singleton site patterns.
# cost function      : KL
Initial parameter values
Fixed:
      zero = 0
       one = 1
    Tbecnw = 75200
Free:
       pc1 = 0
       pc2 = 0
       pc3 = 0
       pc4 = 0
       pc5 = 0
       pc6 = 0
       pc7 = 0
       pc8 = 0
       pc9 = 0
      pc10 = 0
      pc11 = 0
      pc12 = 0
      pc13 = 0
Constrained:
     Tecnw = 33153.7
       Tnw = 3567.04
       Tec = 1234.68
     twoNb = 844285
     twoNe = 175045
     twoNw = 583108
    twoNec = 153464
    twoNnw = 133447
  twoNecnw = 31261.9
  twoNbecnw = 49737.5
        m2 = 0.00941878
        m5 = 0.18477
        m7 = 0.00402777
        Tb = 17194.2
        Te = 617.342
        Tg = 308.671
DiffEv reached_goal. cost=3.16709e-03 spread=2.83748e-06
Fitted parameter values
Free:
       pc1 = 1.94104
       pc2 = 1.82117
       pc3 = -1.59714
       pc4 = -1.88783
       pc5 = 0.0304989
       pc6 = 0.651366
       pc7 = -1.57269
       pc8 = -1.74614
       pc9 = 0.0381306
      pc10 = 0.78671
      pc11 = 0.11295
      pc12 = 0.0714103
      pc13 = 0.366929
Constrained:
     Tecnw = 33507.5
       Tnw = 1806.52
       Tec = 7.79078
     twoNb = 1.67734e+06
     twoNe = 214628
     twoNw = 1.18698e+06
    twoNec = 147913
    twoNnw = 151089
  twoNecnw = 31073.4
  twoNbecnw = 49523.7
        m2 = 0.0131217
        m5 = 0.199294
        m7 = 0.00586094
        Tb = 16757.7
        Te = 3.89539
        Tg = 1.94769
#       SitePat  BranchLen
              b 117124.3750779
              e 43441.9685761
              c 45897.8003065
              n 43162.8155555
              w 43148.7949648
            b:e 1347.9559459
            b:c 1459.2552274
            b:n 1144.1717236
            b:w 1143.6460620
            e:c 11260.1670249
            e:n 4375.2145433
            e:w 4389.2351340
            c:n 3610.5103041
            c:w 3607.9641652
            n:w 11928.7657995
          b:e:c 1293.8372431
          b:e:n 604.2001045
          b:e:w 604.7257661
          b:c:n 604.4368693
          b:c:w 603.9107351
          b:n:w 1288.2997356
          e:c:n 4858.0501408
          e:c:w 4860.5962796
          e:n:w 6195.1897280
          c:n:w 5300.5589742
        b:e:c:n 1145.5068195
        b:e:c:w 1146.0329538
        b:e:n:w 1430.9067456
        b:c:n:w 1304.9599618
        e:c:n:w 45292.6339660
