########################################
# legofit: estimate population history #
#       version 2.3.4-4-g53f8760       #
########################################

# Program was compiled: Sep 21 2021 14:36:42
# Program was run: Sun Oct 10 10:22:39 2021

# cmd: legofit -1 -d 0 -t 32 --ptsPerDim 3 --stateOut b1boot17.state --tol 3e-6 -S 5000 beg2.lgo ../../chrX/boot_chrX/boot17.opf
# Stage nOptItr nSimReps
#     0    5000        0
# algorithm          : deterministic
# ignoring probs <=  : 0
# Branch length floor: 0
# DE strategy        : 2
#    F               : 0.3
#    CR              : 0.8
#    tolerance       : 3e-06
# nthreads           : 32
# lgo input file     : beg2.lgo
# site pat input file: ../../chrX/boot_chrX/boot17.opf
# free parameters    : 13
# points in DE swarm : 39
# output state file  : b1boot17.state
# Including singleton site patterns.
# cost function      : KL
Initial parameter values
Fixed:
      zero = 0
       one = 1
    Tbecnw = 75200
Free:
       pc1 = 0
       pc2 = 0
       pc3 = 0
       pc4 = 0
       pc5 = 0
       pc6 = 0
       pc7 = 0
       pc8 = 0
       pc9 = 0
      pc10 = 0
      pc11 = 0
      pc12 = 0
      pc13 = 0
Constrained:
     Tecnw = 33153.7
       Tnw = 3567.04
       Tec = 1234.68
     twoNb = 844285
     twoNe = 175045
     twoNw = 583108
    twoNec = 153464
    twoNnw = 133447
  twoNecnw = 31261.9
  twoNbecnw = 49737.5
        m2 = 0.00941878
        m5 = 0.18477
        m7 = 0.00402777
        Tb = 17194.2
        Te = 617.342
        Tg = 308.671
DiffEv reached_goal. cost=3.11366e-03 spread=2.53463e-06
Fitted parameter values
Free:
       pc1 = 1.99387
       pc2 = 1.4263
       pc3 = -1.93427
       pc4 = -1.90357
       pc5 = 1.08014
       pc6 = 0.883263
       pc7 = -1.89891
       pc8 = -0.851419
       pc9 = 0.0823846
      pc10 = -0.212668
      pc11 = -0.470319
      pc12 = 0.122807
      pc13 = 0.420058
Constrained:
     Tecnw = 33373.9
       Tnw = 2731.73
       Tec = 37.7104
     twoNb = 1.79933e+06
     twoNe = 260416
     twoNw = 1.02602e+06
    twoNec = 145488
    twoNnw = 143626
  twoNecnw = 30440.5
  twoNbecnw = 49346.1
        m2 = 0.0142339
        m5 = 0.189488
        m7 = 0.00548915
        Tb = 16705.8
        Te = 18.8552
        Tg = 9.4276
#       SitePat  BranchLen
              b 117185.1279066
              e 43125.8498133
              c 45456.8447391
              n 42869.1389896
              w 42846.3807763
            b:e 1314.0311080
            b:c 1421.8998303
            b:n 1102.6525604
            b:w 1101.8161735
            e:c 11261.6831907
            e:n 4240.3000103
            e:w 4263.0582236
            c:n 3526.4978213
            c:w 3522.3622671
            n:w 11831.3135438
          b:e:c 1261.9387580
          b:e:n 578.1445274
          b:e:w 578.9809143
          b:c:n 578.7520014
          b:c:w 577.9148526
          b:n:w 1256.4144675
          e:c:n 4784.2823751
          e:c:w 4788.4179293
          e:n:w 6124.4101425
          c:n:w 5260.5504319
        b:e:c:n 1103.5762713
        b:e:c:w 1104.4134201
        b:e:n:w 1393.1007456
        b:c:n:w 1273.0535412
        e:c:n:w 45909.6296489
