########################################
# legofit: estimate population history #
#       version 2.3.4-4-g53f8760       #
########################################

# Program was compiled: Sep 21 2021 14:36:42
# Program was run: Sun Oct 10 10:23:04 2021

# cmd: legofit -1 -d 0 -t 32 --ptsPerDim 3 --stateOut b1boot36.state --tol 3e-6 -S 5000 beg2.lgo ../../chrX/boot_chrX/boot36.opf
# Stage nOptItr nSimReps
#     0    5000        0
# algorithm          : deterministic
# ignoring probs <=  : 0
# Branch length floor: 0
# DE strategy        : 2
#    F               : 0.3
#    CR              : 0.8
#    tolerance       : 3e-06
# nthreads           : 32
# lgo input file     : beg2.lgo
# site pat input file: ../../chrX/boot_chrX/boot36.opf
# free parameters    : 13
# points in DE swarm : 39
# output state file  : b1boot36.state
# Including singleton site patterns.
# cost function      : KL
Initial parameter values
Fixed:
      zero = 0
       one = 1
    Tbecnw = 75200
Free:
       pc1 = 0
       pc2 = 0
       pc3 = 0
       pc4 = 0
       pc5 = 0
       pc6 = 0
       pc7 = 0
       pc8 = 0
       pc9 = 0
      pc10 = 0
      pc11 = 0
      pc12 = 0
      pc13 = 0
Constrained:
     Tecnw = 33153.7
       Tnw = 3567.04
       Tec = 1234.68
     twoNb = 844285
     twoNe = 175045
     twoNw = 583108
    twoNec = 153464
    twoNnw = 133447
  twoNecnw = 31261.9
  twoNbecnw = 49737.5
        m2 = 0.00941878
        m5 = 0.18477
        m7 = 0.00402777
        Tb = 17194.2
        Te = 617.342
        Tg = 308.671
DiffEv reached_goal. cost=3.08914e-03 spread=2.10288e-06
Fitted parameter values
Free:
       pc1 = 1.98454
       pc2 = 1.64751
       pc3 = -1.96352
       pc4 = -1.98197
       pc5 = 1.66989
       pc6 = 1.18698
       pc7 = -1.31465
       pc8 = -1.84079
       pc9 = -0.403315
      pc10 = -0.749519
      pc11 = 0.394336
      pc12 = -0.066329
      pc13 = 0.100523
Constrained:
     Tecnw = 33046.3
       Tnw = 2531.76
       Tec = 37.238
     twoNb = 1.71716e+06
     twoNe = 360147
     twoNw = 1.01037e+06
    twoNec = 151307
    twoNnw = 145343
  twoNecnw = 30497
  twoNbecnw = 49785.7
        m2 = 0.0164215
        m5 = 0.194921
        m7 = 0.00719062
        Tb = 16541.8
        Te = 18.619
        Tg = 9.30949
#       SitePat  BranchLen
              b 117519.0654724
              e 43310.5305842
              c 45616.5078396
              n 42656.0008643
              w 42634.0352858
            b:e 1374.7798065
            b:c 1465.2275542
            b:n 1100.1613721
            b:w 1099.3501058
            e:c 10932.6757453
            e:n 4308.6625063
            e:w 4330.6280848
            c:n 3592.7062506
            c:w 3588.6866704
            n:w 11737.1975000
          b:e:c 1249.8281963
          b:e:n 587.3310621
          b:e:w 588.1423283
          b:c:n 587.8095167
          b:c:w 586.9973552
          b:n:w 1243.1653411
          e:c:n 4768.3115472
          e:c:w 4772.3311274
          e:n:w 6252.0634928
          c:n:w 5422.2121201
        b:e:c:n 1101.5452082
        b:e:c:w 1102.3573697
        b:e:n:w 1430.0297192
        b:c:n:w 1322.0202777
        e:c:n:w 46248.5939072
