########################################
# legofit: estimate population history #
#       version 2.3.4-4-g53f8760       #
########################################

# Program was compiled: Sep 21 2021 14:36:42
# Program was run: Sun Oct 10 10:23:04 2021

# cmd: legofit -1 -d 0 -t 32 --ptsPerDim 3 --stateOut b1boot37.state --tol 3e-6 -S 5000 beg2.lgo ../../chrX/boot_chrX/boot37.opf
# Stage nOptItr nSimReps
#     0    5000        0
# algorithm          : deterministic
# ignoring probs <=  : 0
# Branch length floor: 0
# DE strategy        : 2
#    F               : 0.3
#    CR              : 0.8
#    tolerance       : 3e-06
# nthreads           : 32
# lgo input file     : beg2.lgo
# site pat input file: ../../chrX/boot_chrX/boot37.opf
# free parameters    : 13
# points in DE swarm : 39
# output state file  : b1boot37.state
# Including singleton site patterns.
# cost function      : KL
Initial parameter values
Fixed:
      zero = 0
       one = 1
    Tbecnw = 75200
Free:
       pc1 = 0
       pc2 = 0
       pc3 = 0
       pc4 = 0
       pc5 = 0
       pc6 = 0
       pc7 = 0
       pc8 = 0
       pc9 = 0
      pc10 = 0
      pc11 = 0
      pc12 = 0
      pc13 = 0
Constrained:
     Tecnw = 33153.7
       Tnw = 3567.04
       Tec = 1234.68
     twoNb = 844285
     twoNe = 175045
     twoNw = 583108
    twoNec = 153464
    twoNnw = 133447
  twoNecnw = 31261.9
  twoNbecnw = 49737.5
        m2 = 0.00941878
        m5 = 0.18477
        m7 = 0.00402777
        Tb = 17194.2
        Te = 617.342
        Tg = 308.671
DiffEv reached_goal. cost=2.88936e-03 spread=2.76934e-06
Fitted parameter values
Free:
       pc1 = 1.99347
       pc2 = 1.57735
       pc3 = -1.96064
       pc4 = -1.90438
       pc5 = 0.164504
       pc6 = 1.7767
       pc7 = -1.05652
       pc8 = -1.58227
       pc9 = 0.15006
      pc10 = -0.123779
      pc11 = 0.459076
      pc12 = -0.122868
      pc13 = 0.364226
Constrained:
     Tecnw = 33225.3
       Tnw = 2171.3
       Tec = 62.2548
     twoNb = 1.82352e+06
     twoNe = 125778
     twoNw = 1.00231e+06
    twoNec = 152565
    twoNnw = 152503
  twoNecnw = 30978.5
  twoNbecnw = 50155.6
        m2 = 0.0152049
        m5 = 0.193122
        m7 = 0.00618583
        Tb = 16643.8
        Te = 31.1274
        Tg = 15.5637
#       SitePat  BranchLen
              b 117682.4712435
              e 43592.1385896
              c 45885.2558109
              n 43150.2447513
              w 43131.2402467
            b:e 1383.3806605
            b:c 1485.6707934
            b:n 1147.2669685
            b:w 1146.5471983
            e:c 11056.2824378
            e:n 4373.7324223
            e:w 4392.7369269
            c:n 3661.4148889
            c:w 3657.9220061
            n:w 11746.5182606
          b:e:c 1285.9278088
          b:e:n 610.9475737
          b:e:w 611.6673440
          b:c:n 611.3956258
          b:c:w 610.6751636
          b:n:w 1280.1068218
          e:c:n 4870.8043114
          e:c:w 4874.2971942
          e:n:w 6241.5050237
          c:n:w 5409.9327988
        b:e:c:n 1148.5093654
        b:e:c:w 1149.2298277
        b:e:n:w 1454.9392205
        b:c:n:w 1338.7806737
        e:c:n:w 45901.4175827
