########################################
# legofit: estimate population history #
#       version 2.3.4-4-g53f8760       #
########################################

# Program was compiled: Sep 21 2021 14:36:42
# Program was run: Sun Oct 10 10:22:59 2021

# cmd: legofit -1 -d 0 -t 32 --ptsPerDim 3 --stateOut b1boot33.state --tol 3e-6 -S 5000 beg2.lgo ../../chrX/boot_chrX/boot33.opf
# Stage nOptItr nSimReps
#     0    5000        0
# algorithm          : deterministic
# ignoring probs <=  : 0
# Branch length floor: 0
# DE strategy        : 2
#    F               : 0.3
#    CR              : 0.8
#    tolerance       : 3e-06
# nthreads           : 32
# lgo input file     : beg2.lgo
# site pat input file: ../../chrX/boot_chrX/boot33.opf
# free parameters    : 13
# points in DE swarm : 39
# output state file  : b1boot33.state
# Including singleton site patterns.
# cost function      : KL
Initial parameter values
Fixed:
      zero = 0
       one = 1
    Tbecnw = 75200
Free:
       pc1 = 0
       pc2 = 0
       pc3 = 0
       pc4 = 0
       pc5 = 0
       pc6 = 0
       pc7 = 0
       pc8 = 0
       pc9 = 0
      pc10 = 0
      pc11 = 0
      pc12 = 0
      pc13 = 0
Constrained:
     Tecnw = 33153.7
       Tnw = 3567.04
       Tec = 1234.68
     twoNb = 844285
     twoNe = 175045
     twoNw = 583108
    twoNec = 153464
    twoNnw = 133447
  twoNecnw = 31261.9
  twoNbecnw = 49737.5
        m2 = 0.00941878
        m5 = 0.18477
        m7 = 0.00402777
        Tb = 17194.2
        Te = 617.342
        Tg = 308.671
DiffEv reached_goal. cost=3.02826e-03 spread=2.20451e-06
Fitted parameter values
Free:
       pc1 = 1.93218
       pc2 = 1.72861
       pc3 = -0.791646
       pc4 = -1.99612
       pc5 = 1.53126
       pc6 = 1.98225
       pc7 = -1.17926
       pc8 = -1.7405
       pc9 = 0.420158
      pc10 = -1.5582
      pc11 = -0.556212
      pc12 = 0.166672
      pc13 = -0.00547868
Constrained:
     Tecnw = 33263.1
       Tnw = 2566.63
       Tec = 9.61542
     twoNb = 1.71546e+06
     twoNe = 232490
     twoNw = 953902
    twoNec = 151065
    twoNnw = 137716
  twoNecnw = 30187.5
  twoNbecnw = 50721.1
        m2 = 0.0139488
        m5 = 0.181665
        m7 = 0.0078135
        Tb = 16636.3
        Te = 4.80771
        Tg = 2.40386
#       SitePat  BranchLen
              b 118431.4543312
              e 43332.6850995
              c 45523.3961131
              n 42468.8812520
              w 42446.9341347
            b:e 1383.1923256
            b:c 1451.8689203
            b:n 1102.2796710
            b:w 1101.4649144
            e:c 11147.2711620
            e:n 4215.8338501
            e:w 4237.7809675
            c:n 3530.7059505
            c:w 3526.7045701
            n:w 12080.1549553
          b:e:c 1282.2472930
          b:e:n 583.1171941
          b:e:w 583.9319508
          b:c:n 583.5157316
          b:c:w 582.7002117
          b:n:w 1276.2414615
          e:c:n 4746.5067768
          e:c:w 4750.5081573
          e:n:w 6220.5420582
          c:n:w 5448.6658904
        b:e:c:n 1103.4599404
        b:e:c:w 1104.2754603
        b:e:n:w 1421.9214455
        b:c:n:w 1331.4475036
        e:c:n:w 47209.8446738
