########################################
# legofit: estimate population history #
#       version 2.3.4-4-g53f8760       #
########################################

# Program was compiled: Sep 21 2021 14:36:42
# Program was run: Sun Oct 10 10:22:34 2021

# cmd: legofit -1 -d 0 -t 32 --ptsPerDim 3 --stateOut b1boot6.state --tol 3e-6 -S 5000 beg2.lgo ../../chrX/boot_chrX/boot6.opf
# Stage nOptItr nSimReps
#     0    5000        0
# algorithm          : deterministic
# ignoring probs <=  : 0
# Branch length floor: 0
# DE strategy        : 2
#    F               : 0.3
#    CR              : 0.8
#    tolerance       : 3e-06
# nthreads           : 32
# lgo input file     : beg2.lgo
# site pat input file: ../../chrX/boot_chrX/boot6.opf
# free parameters    : 13
# points in DE swarm : 39
# output state file  : b1boot6.state
# Including singleton site patterns.
# cost function      : KL
Initial parameter values
Fixed:
      zero = 0
       one = 1
    Tbecnw = 75200
Free:
       pc1 = 0
       pc2 = 0
       pc3 = 0
       pc4 = 0
       pc5 = 0
       pc6 = 0
       pc7 = 0
       pc8 = 0
       pc9 = 0
      pc10 = 0
      pc11 = 0
      pc12 = 0
      pc13 = 0
Constrained:
     Tecnw = 33153.7
       Tnw = 3567.04
       Tec = 1234.68
     twoNb = 844285
     twoNe = 175045
     twoNw = 583108
    twoNec = 153464
    twoNnw = 133447
  twoNecnw = 31261.9
  twoNbecnw = 49737.5
        m2 = 0.00941878
        m5 = 0.18477
        m7 = 0.00402777
        Tb = 17194.2
        Te = 617.342
        Tg = 308.671
DiffEv reached_goal. cost=2.75250e-03 spread=2.41961e-06
Fitted parameter values
Free:
       pc1 = 1.97701
       pc2 = 1.55676
       pc3 = -1.93076
       pc4 = -1.91419
       pc5 = 0.490067
       pc6 = 1.25893
       pc7 = -1.73334
       pc8 = -1.79958
       pc9 = -0.392867
      pc10 = -0.813416
      pc11 = 0.575327
      pc12 = -0.194022
      pc13 = 0.12361
Constrained:
     Tecnw = 33007.1
       Tnw = 2285.82
       Tec = 14.2625
     twoNb = 1.69947e+06
     twoNe = 160376
     twoNw = 1.13502e+06
    twoNec = 156158
    twoNnw = 149284
  twoNecnw = 30586.9
  twoNbecnw = 49844.4
        m2 = 0.0156222
        m5 = 0.196731
        m7 = 0.00643087
        Tb = 16510.7
        Te = 7.13125
        Tg = 3.56562
#       SitePat  BranchLen
              b 117568.1023100
              e 43385.0076352
              c 45710.8040984
              n 42715.1924196
              w 42697.1886285
            b:e 1365.2224341
            b:c 1464.4188571
            b:n 1106.4384312
            b:w 1105.7714783
            e:c 10784.3966862
            e:n 4355.4813234
            e:w 4373.4851145
            c:n 3633.1262475
            c:w 3629.8250414
            n:w 11633.6296122
          b:e:c 1242.2459442
          b:e:n 594.8439093
          b:e:w 595.5108623
          b:c:n 595.2196659
          b:c:w 594.5520052
          b:n:w 1235.9967272
          e:c:n 4787.6832491
          e:c:w 4790.9844553
          e:n:w 6253.7891958
          c:n:w 5409.9277860
        b:e:c:n 1107.8679593
        b:e:c:w 1108.5356200
        b:e:n:w 1430.3910890
        b:c:n:w 1315.8578621
        e:c:n:w 46255.5296775
