########################################
# legofit: estimate population history #
#       version 2.3.4-4-g53f8760       #
########################################

# Program was compiled: Sep 21 2021 14:36:42
# Program was run: Sat Oct  9 12:21:13 2021

# cmd: legofit -1 -d 0 -t 32 --ptsPerDim 3 --stateOut b1boot47.state --tol 3e-6 -S 5000 aef2.lgo ../../boot/boot47.opf
# Stage nOptItr nSimReps
#     0    5000        0
# algorithm          : deterministic
# ignoring probs <=  : 0
# Branch length floor: 0
# DE strategy        : 2
#    F               : 0.3
#    CR              : 0.8
#    tolerance       : 3e-06
# nthreads           : 32
# lgo input file     : aef2.lgo
# site pat input file: ../../boot/boot47.opf
# free parameters    : 16
# points in DE swarm : 48
# output state file  : b1boot47.state
# Including singleton site patterns.
# cost function      : KL
Initial parameter values
Fixed:
      zero = 0
       one = 1
    Tbecnw = 75200
Free:
       pc1 = 0
       pc2 = 0
       pc3 = 0
       pc4 = 0
       pc5 = 0
       pc6 = 0
       pc7 = 0
       pc8 = 0
       pc9 = 0
      pc10 = 0
      pc11 = 0
      pc12 = 0
      pc13 = 0
      pc14 = 0
      pc15 = 0
      pc16 = 0
Constrained:
   Tgbecnw = 101089
     Tecnw = 26943.5
       Tnw = 21170.4
       Tec = 15409.8
     twoNb = 782205
     twoNe = 1.57388e+06
     twoNc = 1.09676e+06
     twoNw = 2.54327e+06
    twoNec = 85122.7
    twoNnw = 23494.4
  twoNecnw = 88965.8
  twoNbecnw = 12802.3
  twoNgbecnw = 193903
         m = 0.201189
        m5 = 0.227909
        m6 = 0.0595866
        Ta = 37600
        Te = 7704.92
        Tf = 3852.46
DiffEv reached_goal. cost=1.93480e-03 spread=2.66519e-06
Fitted parameter values
Free:
       pc1 = 2.14962
       pc2 = -1.96837
       pc3 = -1.93771
       pc4 = 1.81196
       pc5 = 1.98898
       pc6 = -1.06884
       pc7 = 0.666024
       pc8 = 1.9836
       pc9 = -1.33614
      pc10 = -0.424151
      pc11 = -0.314142
      pc12 = 0.105738
      pc13 = 0.0418592
      pc14 = 0.016026
      pc15 = -0.00531591
      pc16 = -0.0482287
Constrained:
   Tgbecnw = 84030.3
     Tecnw = 24009
       Tnw = 23385.2
       Tec = 13749.5
     twoNb = 543844
     twoNe = 137890
     twoNc = 410305
     twoNw = 5.3473e+06
    twoNec = 74136.7
    twoNnw = 2529.29
  twoNecnw = 91981.4
  twoNbecnw = 4491.02
  twoNgbecnw = 204255
         m = 0.189427
        m5 = 0.230004
        m6 = 0.0618186
        Ta = 37600
        Te = 6874.74
        Tf = 3437.37
#       SitePat  BranchLen
              b 128573.1604177
              e 50050.1875588
              c 52569.1709963
              n 47380.0530987
              w 47344.1360547
            b:e 2184.9152164
            b:c 2476.6905371
            b:n 1854.2751723
            b:w 1851.4171955
            e:c 10787.6343379
            e:n 5734.5931390
            e:w 5759.1502721
            c:n 5076.1470305
            c:w 5078.2900828
            n:w 13039.0162001
          b:e:c 2241.0368834
          b:e:n 1186.6684379
          b:e:w 1188.0543400
          b:c:n 1198.8125715
          b:c:w 1197.1358429
          b:n:w 2197.9027893
          e:c:n 4566.2830341
          e:c:w 4575.4998927
          e:n:w 6856.9328720
          c:n:w 5677.2557322
        b:e:c:n 2155.5252145
        b:e:c:w 2158.6740177
        b:e:n:w 2834.6908817
        b:c:n:w 2521.6899246
        e:c:n:w 53540.8033443
