########################################
# legofit: estimate population history #
#       version 2.3.4-4-g53f8760       #
########################################

# Program was compiled: Sep 21 2021 14:36:42
# Program was run: Sat Oct  9 12:20:56 2021

# cmd: legofit -1 -d 0 -t 32 --ptsPerDim 3 --stateOut b1boot40.state --tol 3e-6 -S 5000 aef2.lgo ../../boot/boot40.opf
# Stage nOptItr nSimReps
#     0    5000        0
# algorithm          : deterministic
# ignoring probs <=  : 0
# Branch length floor: 0
# DE strategy        : 2
#    F               : 0.3
#    CR              : 0.8
#    tolerance       : 3e-06
# nthreads           : 32
# lgo input file     : aef2.lgo
# site pat input file: ../../boot/boot40.opf
# free parameters    : 16
# points in DE swarm : 48
# output state file  : b1boot40.state
# Including singleton site patterns.
# cost function      : KL
Initial parameter values
Fixed:
      zero = 0
       one = 1
    Tbecnw = 75200
Free:
       pc1 = 0
       pc2 = 0
       pc3 = 0
       pc4 = 0
       pc5 = 0
       pc6 = 0
       pc7 = 0
       pc8 = 0
       pc9 = 0
      pc10 = 0
      pc11 = 0
      pc12 = 0
      pc13 = 0
      pc14 = 0
      pc15 = 0
      pc16 = 0
Constrained:
   Tgbecnw = 101089
     Tecnw = 26943.5
       Tnw = 21170.4
       Tec = 15409.8
     twoNb = 782205
     twoNe = 1.57388e+06
     twoNc = 1.09676e+06
     twoNw = 2.54327e+06
    twoNec = 85122.7
    twoNnw = 23494.4
  twoNecnw = 88965.8
  twoNbecnw = 12802.3
  twoNgbecnw = 193903
         m = 0.201189
        m5 = 0.227909
        m6 = 0.0595866
        Ta = 37600
        Te = 7704.92
        Tf = 3852.46
DiffEv reached_goal. cost=1.94409e-03 spread=2.50888e-06
Fitted parameter values
Free:
       pc1 = 0.974148
       pc2 = -1.99077
       pc3 = -1.84045
       pc4 = 2.45105
       pc5 = 1.98377
       pc6 = -1.04513
       pc7 = 0.93513
       pc8 = 1.9997
       pc9 = -1.80939
      pc10 = -0.68382
      pc11 = -0.361165
      pc12 = 0.118526
      pc13 = 0.0918871
      pc14 = 0.0288009
      pc15 = -0.00511096
      pc16 = -0.1079
Constrained:
   Tgbecnw = 82019.4
     Tecnw = 24613.6
       Tnw = 22835.2
       Tec = 12514.3
     twoNb = 193299
     twoNe = 592186
     twoNc = 78595.8
     twoNw = 5.61479e+06
    twoNec = 77942.1
    twoNnw = 7044.59
  twoNecnw = 91508.2
  twoNbecnw = 3514.63
  twoNgbecnw = 202696
         m = 0.193261
        m5 = 0.255531
        m6 = 0.0914287
        Ta = 37600
        Te = 6257.17
        Tf = 3128.59
#       SitePat  BranchLen
              b 128352.2786947
              e 49801.1408202
              c 52316.2230559
              n 47261.3921009
              w 47219.8439602
            b:e 2176.3880165
            b:c 2467.8768446
            b:n 1849.4600865
            b:w 1846.1996689
            e:c 10795.1150492
            e:n 5719.6147605
            e:w 5745.2751092
            c:n 5057.3999897
            c:w 5062.7627136
            n:w 12909.8085296
          b:e:c 2230.3480054
          b:e:n 1184.9695785
          b:e:w 1186.1848046
          b:c:n 1197.1229545
          b:c:w 1195.5734582
          b:n:w 2188.0189771
          e:c:n 4535.6787679
          e:c:w 4546.2038360
          e:n:w 6829.4892636
          c:n:w 5659.1341945
        b:e:c:n 2153.0535195
        b:e:c:w 2156.6482072
        b:e:n:w 2827.9978733
        b:c:n:w 2514.9670156
        e:c:n:w 53638.9800933
