########################################
# legofit: estimate population history #
#       version 2.3.4-4-g53f8760       #
########################################

# Program was compiled: Sep 21 2021 14:36:42
# Program was run: Sat Oct  9 12:20:50 2021

# cmd: legofit -1 -d 0 -t 32 --ptsPerDim 3 --stateOut b1boot38.state --tol 3e-6 -S 5000 aef2.lgo ../../boot/boot38.opf
# Stage nOptItr nSimReps
#     0    5000        0
# algorithm          : deterministic
# ignoring probs <=  : 0
# Branch length floor: 0
# DE strategy        : 2
#    F               : 0.3
#    CR              : 0.8
#    tolerance       : 3e-06
# nthreads           : 32
# lgo input file     : aef2.lgo
# site pat input file: ../../boot/boot38.opf
# free parameters    : 16
# points in DE swarm : 48
# output state file  : b1boot38.state
# Including singleton site patterns.
# cost function      : KL
Initial parameter values
Fixed:
      zero = 0
       one = 1
    Tbecnw = 75200
Free:
       pc1 = 0
       pc2 = 0
       pc3 = 0
       pc4 = 0
       pc5 = 0
       pc6 = 0
       pc7 = 0
       pc8 = 0
       pc9 = 0
      pc10 = 0
      pc11 = 0
      pc12 = 0
      pc13 = 0
      pc14 = 0
      pc15 = 0
      pc16 = 0
Constrained:
   Tgbecnw = 101089
     Tecnw = 26943.5
       Tnw = 21170.4
       Tec = 15409.8
     twoNb = 782205
     twoNe = 1.57388e+06
     twoNc = 1.09676e+06
     twoNw = 2.54327e+06
    twoNec = 85122.7
    twoNnw = 23494.4
  twoNecnw = 88965.8
  twoNbecnw = 12802.3
  twoNgbecnw = 193903
         m = 0.201189
        m5 = 0.227909
        m6 = 0.0595866
        Ta = 37600
        Te = 7704.92
        Tf = 3852.46
DiffEv reached_goal. cost=1.93428e-03 spread=2.50805e-06
Fitted parameter values
Free:
       pc1 = 1.62089
       pc2 = -1.98548
       pc3 = -0.944544
       pc4 = 2.13453
       pc5 = 1.98594
       pc6 = -1.05806
       pc7 = 0.0165639
       pc8 = 1.71125
       pc9 = -1.22947
      pc10 = -0.7403
      pc11 = -0.284996
      pc12 = 0.106758
      pc13 = 0.062609
      pc14 = 0.019245
      pc15 = -0.0387288
      pc16 = -0.0787272
Constrained:
   Tgbecnw = 84550.3
     Tecnw = 24717.7
       Tnw = 23003.3
       Tec = 11534
     twoNb = 936151
     twoNe = 207226
     twoNc = 1.15656e+06
     twoNw = 5.57172e+06
    twoNec = 94048.5
    twoNnw = 6894.95
  twoNecnw = 90724.4
  twoNbecnw = 4854.05
  twoNgbecnw = 196317
         m = 0.199951
        m5 = 0.236269
        m6 = 0.0676414
        Ta = 37600
        Te = 5766.99
        Tf = 2883.5
#       SitePat  BranchLen
              b 129234.2453569
              e 50235.1679646
              c 52793.1092721
              n 47602.8717918
              w 47564.7633424
            b:e 2187.6962889
            b:c 2482.6454500
            b:n 1852.6419838
            b:w 1849.6816111
            e:c 10837.1842882
            e:n 5736.4320023
            e:w 5762.3415503
            c:n 5065.2019620
            c:w 5067.8506904
            n:w 13046.4665995
          b:e:c 2234.8525136
          b:e:n 1186.1599671
          b:e:w 1187.5638462
          b:c:n 1198.2061556
          b:c:w 1196.5077211
          b:n:w 2192.2633590
          e:c:n 4565.9954667
          e:c:w 4575.5456397
          e:n:w 6887.9194969
          c:n:w 5695.6990895
        b:e:c:n 2146.8705010
        b:e:c:w 2150.1254290
        b:e:n:w 2833.0658038
        b:c:n:w 2517.1265793
        e:c:n:w 53922.7318081
