########################################
# legofit: estimate population history #
#       version 2.3.4-4-g53f8760       #
########################################

# Program was compiled: Sep 21 2021 14:36:42
# Program was run: Sat Oct  9 12:21:18 2021

# cmd: legofit -1 -d 0 -t 32 --ptsPerDim 3 --stateOut b1boot48.state --tol 3e-6 -S 5000 aef2.lgo ../../boot/boot48.opf
# Stage nOptItr nSimReps
#     0    5000        0
# algorithm          : deterministic
# ignoring probs <=  : 0
# Branch length floor: 0
# DE strategy        : 2
#    F               : 0.3
#    CR              : 0.8
#    tolerance       : 3e-06
# nthreads           : 32
# lgo input file     : aef2.lgo
# site pat input file: ../../boot/boot48.opf
# free parameters    : 16
# points in DE swarm : 48
# output state file  : b1boot48.state
# Including singleton site patterns.
# cost function      : KL
Initial parameter values
Fixed:
      zero = 0
       one = 1
    Tbecnw = 75200
Free:
       pc1 = 0
       pc2 = 0
       pc3 = 0
       pc4 = 0
       pc5 = 0
       pc6 = 0
       pc7 = 0
       pc8 = 0
       pc9 = 0
      pc10 = 0
      pc11 = 0
      pc12 = 0
      pc13 = 0
      pc14 = 0
      pc15 = 0
      pc16 = 0
Constrained:
   Tgbecnw = 101089
     Tecnw = 26943.5
       Tnw = 21170.4
       Tec = 15409.8
     twoNb = 782205
     twoNe = 1.57388e+06
     twoNc = 1.09676e+06
     twoNw = 2.54327e+06
    twoNec = 85122.7
    twoNnw = 23494.4
  twoNecnw = 88965.8
  twoNbecnw = 12802.3
  twoNgbecnw = 193903
         m = 0.201189
        m5 = 0.227909
        m6 = 0.0595866
        Ta = 37600
        Te = 7704.92
        Tf = 3852.46
DiffEv reached_goal. cost=1.96095e-03 spread=2.22851e-06
Fitted parameter values
Free:
       pc1 = 1.5876
       pc2 = -1.99105
       pc3 = -1.92047
       pc4 = 1.88634
       pc5 = 1.99088
       pc6 = -0.448233
       pc7 = 1.04895
       pc8 = 1.90867
       pc9 = -1.99414
      pc10 = -0.389306
      pc11 = -0.337107
      pc12 = 0.101832
      pc13 = 0.107943
      pc14 = -0.00459952
      pc15 = 0.0239833
      pc16 = -0.0637263
Constrained:
   Tgbecnw = 83941.1
     Tecnw = 24214.9
       Tnw = 23185
       Tec = 12621.1
     twoNb = 34292.2
     twoNe = 1.26094e+06
     twoNc = 598549
     twoNw = 5.13773e+06
    twoNec = 80650.7
    twoNnw = 4105.1
  twoNecnw = 92832.5
  twoNbecnw = 4397.94
  twoNgbecnw = 207934
         m = 0.187374
        m5 = 0.244402
        m6 = 0.0772658
        Ta = 37600
        Te = 6310.57
        Tf = 3155.28
#       SitePat  BranchLen
              b 128735.4212152
              e 50054.6744056
              c 52608.4423537
              n 47361.6274497
              w 47319.0780573
            b:e 2188.5157567
            b:c 2483.9603928
            b:n 1849.4058144
            b:w 1846.0547008
            e:c 10768.6718350
            e:n 5754.4803435
            e:w 5782.1266647
            c:n 5085.5575472
            c:w 5089.6462449
            n:w 13017.8346396
          b:e:c 2235.3234688
          b:e:n 1189.3936868
          b:e:w 1190.8223736
          b:c:n 1201.8874751
          b:c:w 1200.1140511
          b:n:w 2191.0561929
          e:c:n 4533.3409078
          e:c:w 4544.1552813
          e:n:w 6876.9732822
          c:n:w 5684.6085503
        b:e:c:n 2153.7867334
        b:e:c:w 2157.4825842
        b:e:n:w 2847.0248028
        b:c:n:w 2529.7947008
        e:c:n:w 53723.2718229
