########################################
# legofit: estimate population history #
#       version 2.3.4-4-g53f8760       #
########################################

# Program was compiled: Sep 21 2021 14:36:42
# Program was run: Sat Oct  9 12:19:22 2021

# cmd: legofit -1 -d 0 -t 32 --ptsPerDim 3 --stateOut b1boot3.state --tol 3e-6 -S 5000 aef2.lgo ../../boot/boot3.opf
# Stage nOptItr nSimReps
#     0    5000        0
# algorithm          : deterministic
# ignoring probs <=  : 0
# Branch length floor: 0
# DE strategy        : 2
#    F               : 0.3
#    CR              : 0.8
#    tolerance       : 3e-06
# nthreads           : 32
# lgo input file     : aef2.lgo
# site pat input file: ../../boot/boot3.opf
# free parameters    : 16
# points in DE swarm : 48
# output state file  : b1boot3.state
# Including singleton site patterns.
# cost function      : KL
Initial parameter values
Fixed:
      zero = 0
       one = 1
    Tbecnw = 75200
Free:
       pc1 = 0
       pc2 = 0
       pc3 = 0
       pc4 = 0
       pc5 = 0
       pc6 = 0
       pc7 = 0
       pc8 = 0
       pc9 = 0
      pc10 = 0
      pc11 = 0
      pc12 = 0
      pc13 = 0
      pc14 = 0
      pc15 = 0
      pc16 = 0
Constrained:
   Tgbecnw = 101089
     Tecnw = 26943.5
       Tnw = 21170.4
       Tec = 15409.8
     twoNb = 782205
     twoNe = 1.57388e+06
     twoNc = 1.09676e+06
     twoNw = 2.54327e+06
    twoNec = 85122.7
    twoNnw = 23494.4
  twoNecnw = 88965.8
  twoNbecnw = 12802.3
  twoNgbecnw = 193903
         m = 0.201189
        m5 = 0.227909
        m6 = 0.0595866
        Ta = 37600
        Te = 7704.92
        Tf = 3852.46
DiffEv reached_goal. cost=1.94684e-03 spread=2.76088e-06
Fitted parameter values
Free:
       pc1 = 1.01742
       pc2 = -1.95652
       pc3 = -1.59294
       pc4 = 2.41156
       pc5 = 1.93439
       pc6 = -1.04901
       pc7 = 0.847428
       pc8 = 1.97015
       pc9 = -1.60855
      pc10 = -0.48728
      pc11 = -0.324566
      pc12 = 0.120554
      pc13 = 0.0424305
      pc14 = 0.0242364
      pc15 = -0.0103871
      pc16 = -0.0910845
Constrained:
   Tgbecnw = 82740
     Tecnw = 24653.5
       Tnw = 22575.2
       Tec = 12478.9
     twoNb = 280517
     twoNe = 603834
     twoNc = 124790
     twoNw = 5.70463e+06
    twoNec = 81026.2
    twoNnw = 8274.87
  twoNecnw = 91531.9
  twoNbecnw = 3908.42
  twoNgbecnw = 201252
         m = 0.194723
        m5 = 0.248633
        m6 = 0.0852344
        Ta = 37600
        Te = 6239.44
        Tf = 3119.72
#       SitePat  BranchLen
              b 128682.7797937
              e 50016.5200136
              c 52527.5305088
              n 47381.3493923
              w 47342.3349425
            b:e 2204.0236701
            b:c 2495.6845198
            b:n 1869.2284765
            b:w 1866.1553866
            e:c 10817.1051713
            e:n 5741.8238411
            e:w 5766.3515981
            c:n 5079.0943937
            c:w 5083.7270385
            n:w 13013.4092939
          b:e:c 2254.9368869
          b:e:n 1198.1083858
          b:e:w 1199.3090907
          b:c:n 1210.1718711
          b:c:w 1208.6576722
          b:n:w 2211.8612753
          e:c:n 4560.2909022
          e:c:w 4570.1449502
          e:n:w 6861.9251415
          c:n:w 5696.2686533
        b:e:c:n 2174.6634944
        b:e:c:w 2178.0500783
        b:e:n:w 2858.1310196
        b:c:n:w 2545.0581031
        e:c:n:w 53755.4354802
