########################################
# legofit: estimate population history #
#       version 2.3.4-4-g53f8760       #
########################################

# Program was compiled: Sep 21 2021 14:36:42
# Program was run: Sat Oct  9 12:20:37 2021

# cmd: legofit -1 -d 0 -t 32 --ptsPerDim 3 --stateOut b1boot32.state --tol 3e-6 -S 5000 aef2.lgo ../../boot/boot32.opf
# Stage nOptItr nSimReps
#     0    5000        0
# algorithm          : deterministic
# ignoring probs <=  : 0
# Branch length floor: 0
# DE strategy        : 2
#    F               : 0.3
#    CR              : 0.8
#    tolerance       : 3e-06
# nthreads           : 32
# lgo input file     : aef2.lgo
# site pat input file: ../../boot/boot32.opf
# free parameters    : 16
# points in DE swarm : 48
# output state file  : b1boot32.state
# Including singleton site patterns.
# cost function      : KL
Initial parameter values
Fixed:
      zero = 0
       one = 1
    Tbecnw = 75200
Free:
       pc1 = 0
       pc2 = 0
       pc3 = 0
       pc4 = 0
       pc5 = 0
       pc6 = 0
       pc7 = 0
       pc8 = 0
       pc9 = 0
      pc10 = 0
      pc11 = 0
      pc12 = 0
      pc13 = 0
      pc14 = 0
      pc15 = 0
      pc16 = 0
Constrained:
   Tgbecnw = 101089
     Tecnw = 26943.5
       Tnw = 21170.4
       Tec = 15409.8
     twoNb = 782205
     twoNe = 1.57388e+06
     twoNc = 1.09676e+06
     twoNw = 2.54327e+06
    twoNec = 85122.7
    twoNnw = 23494.4
  twoNecnw = 88965.8
  twoNbecnw = 12802.3
  twoNgbecnw = 193903
         m = 0.201189
        m5 = 0.227909
        m6 = 0.0595866
        Ta = 37600
        Te = 7704.92
        Tf = 3852.46
DiffEv reached_goal. cost=1.98696e-03 spread=2.53181e-06
Fitted parameter values
Free:
       pc1 = 0.460492
       pc2 = -1.98235
       pc3 = -1.38388
       pc4 = 1.78216
       pc5 = 1.98027
       pc6 = -1.41169
       pc7 = 0.316088
       pc8 = 1.91522
       pc9 = -1.7606
      pc10 = -0.465962
      pc11 = -0.219677
      pc12 = 0.126539
      pc13 = 0.0447879
      pc14 = -0.0105827
      pc15 = 0.0125238
      pc16 = -0.0767712
Constrained:
   Tgbecnw = 84683.6
     Tecnw = 25166.6
       Tnw = 22308
       Tec = 11596.5
     twoNb = 885997
     twoNe = 308248
     twoNc = 71430.8
     twoNw = 5.68644e+06
    twoNec = 88373.2
    twoNnw = 11115.6
  twoNecnw = 91217.5
  twoNbecnw = 4781.53
  twoNgbecnw = 206608
         m = 0.18988
        m5 = 0.255789
        m6 = 0.0936534
        Ta = 37600
        Te = 5798.26
        Tf = 2899.13
#       SitePat  BranchLen
              b 129311.1648586
              e 50198.1126159
              c 52752.3356381
              n 47461.3373999
              w 47419.5807908
            b:e 2192.7436065
            b:c 2486.5887191
            b:n 1846.6646966
            b:w 1843.4461248
            e:c 10820.0019678
            e:n 5734.1663227
            e:w 5759.9105889
            c:n 5059.2321902
            c:w 5064.8545392
            n:w 13080.9862576
          b:e:c 2238.1526714
          b:e:n 1185.5711002
          b:e:w 1186.7552816
          b:c:n 1197.5539664
          b:c:w 1196.0449123
          b:n:w 2194.5857527
          e:c:n 4521.1260371
          e:c:w 4531.5160310
          e:n:w 6892.2181959
          c:n:w 5707.9853559
        b:e:c:n 2145.3708052
        b:e:c:w 2148.9142497
        b:e:n:w 2842.8790029
        b:c:n:w 2527.7613936
        e:c:n:w 54146.7586647
