########################################
# legofit: estimate population history #
#       version 2.3.4-4-g53f8760       #
########################################

# Program was compiled: Sep 21 2021 14:36:42
# Program was run: Sat Oct  9 12:20:01 2021

# cmd: legofit -1 -d 0 -t 32 --ptsPerDim 3 --stateOut b1boot17.state --tol 3e-6 -S 5000 aef2.lgo ../../boot/boot17.opf
# Stage nOptItr nSimReps
#     0    5000        0
# algorithm          : deterministic
# ignoring probs <=  : 0
# Branch length floor: 0
# DE strategy        : 2
#    F               : 0.3
#    CR              : 0.8
#    tolerance       : 3e-06
# nthreads           : 32
# lgo input file     : aef2.lgo
# site pat input file: ../../boot/boot17.opf
# free parameters    : 16
# points in DE swarm : 48
# output state file  : b1boot17.state
# Including singleton site patterns.
# cost function      : KL
Initial parameter values
Fixed:
      zero = 0
       one = 1
    Tbecnw = 75200
Free:
       pc1 = 0
       pc2 = 0
       pc3 = 0
       pc4 = 0
       pc5 = 0
       pc6 = 0
       pc7 = 0
       pc8 = 0
       pc9 = 0
      pc10 = 0
      pc11 = 0
      pc12 = 0
      pc13 = 0
      pc14 = 0
      pc15 = 0
      pc16 = 0
Constrained:
   Tgbecnw = 101089
     Tecnw = 26943.5
       Tnw = 21170.4
       Tec = 15409.8
     twoNb = 782205
     twoNe = 1.57388e+06
     twoNc = 1.09676e+06
     twoNw = 2.54327e+06
    twoNec = 85122.7
    twoNnw = 23494.4
  twoNecnw = 88965.8
  twoNbecnw = 12802.3
  twoNgbecnw = 193903
         m = 0.201189
        m5 = 0.227909
        m6 = 0.0595866
        Ta = 37600
        Te = 7704.92
        Tf = 3852.46
DiffEv reached_goal. cost=1.97304e-03 spread=2.65951e-06
Fitted parameter values
Free:
       pc1 = 0.370208
       pc2 = -1.94644
       pc3 = -1.41562
       pc4 = 2.64157
       pc5 = 1.91009
       pc6 = -0.541135
       pc7 = 0.0325749
       pc8 = 1.90776
       pc9 = -1.452
      pc10 = -0.5906
      pc11 = -0.392866
      pc12 = 0.12986
      pc13 = 0.0358418
      pc14 = -0.000419649
      pc15 = -0.0247105
      pc16 = -0.0840542
Constrained:
   Tgbecnw = 83180.9
     Tecnw = 25179.3
       Tnw = 21980.1
       Tec = 12284.4
     twoNb = 404761
     twoNe = 517510
     twoNc = 1.68258e+06
     twoNw = 5.88981e+06
    twoNec = 81778
    twoNnw = 12505.9
  twoNecnw = 90953.2
  twoNbecnw = 4155.02
  twoNgbecnw = 198358
         m = 0.196008
        m5 = 0.258685
        m6 = 0.0957741
        Ta = 37600
        Te = 6142.2
        Tf = 3071.1
#       SitePat  BranchLen
              b 128500.2326279
              e 50070.9097184
              c 52632.2474412
              n 47399.5576030
              w 47360.1600858
            b:e 2197.1266412
            b:c 2492.4376532
            b:n 1860.7993515
            b:w 1857.7395173
            e:c 10831.6694732
            e:n 5739.0430896
            e:w 5763.0234583
            c:n 5059.1545456
            c:w 5064.7323837
            n:w 13063.9740636
          b:e:c 2249.8263998
          b:e:n 1191.6310862
          b:e:w 1192.7206052
          b:c:n 1203.6136148
          b:c:w 1202.2148260
          b:n:w 2207.1979497
          e:c:n 4543.8462285
          e:c:w 4553.6855390
          e:n:w 6879.7600808
          c:n:w 5696.6019767
        b:e:c:n 2162.2199283
        b:e:c:w 2165.5890323
        b:e:n:w 2850.4395239
        b:c:n:w 2533.6517626
        e:c:n:w 53475.9497151
