########################################
# legofit: estimate population history #
#       version 2.3.4-4-g53f8760       #
########################################

# Program was compiled: Sep 21 2021 14:36:42
# Program was run: Sat Oct  9 12:20:19 2021

# cmd: legofit -1 -d 0 -t 32 --ptsPerDim 3 --stateOut b1boot26.state --tol 3e-6 -S 5000 aef2.lgo ../../boot/boot26.opf
# Stage nOptItr nSimReps
#     0    5000        0
# algorithm          : deterministic
# ignoring probs <=  : 0
# Branch length floor: 0
# DE strategy        : 2
#    F               : 0.3
#    CR              : 0.8
#    tolerance       : 3e-06
# nthreads           : 32
# lgo input file     : aef2.lgo
# site pat input file: ../../boot/boot26.opf
# free parameters    : 16
# points in DE swarm : 48
# output state file  : b1boot26.state
# Including singleton site patterns.
# cost function      : KL
Initial parameter values
Fixed:
      zero = 0
       one = 1
    Tbecnw = 75200
Free:
       pc1 = 0
       pc2 = 0
       pc3 = 0
       pc4 = 0
       pc5 = 0
       pc6 = 0
       pc7 = 0
       pc8 = 0
       pc9 = 0
      pc10 = 0
      pc11 = 0
      pc12 = 0
      pc13 = 0
      pc14 = 0
      pc15 = 0
      pc16 = 0
Constrained:
   Tgbecnw = 101089
     Tecnw = 26943.5
       Tnw = 21170.4
       Tec = 15409.8
     twoNb = 782205
     twoNe = 1.57388e+06
     twoNc = 1.09676e+06
     twoNw = 2.54327e+06
    twoNec = 85122.7
    twoNnw = 23494.4
  twoNecnw = 88965.8
  twoNbecnw = 12802.3
  twoNgbecnw = 193903
         m = 0.201189
        m5 = 0.227909
        m6 = 0.0595866
        Ta = 37600
        Te = 7704.92
        Tf = 3852.46
DiffEv reached_goal. cost=1.94373e-03 spread=2.19080e-06
Fitted parameter values
Free:
       pc1 = 0.346771
       pc2 = -1.95773
       pc3 = -0.342447
       pc4 = 2.13657
       pc5 = 1.96849
       pc6 = -0.73343
       pc7 = 0.832671
       pc8 = 1.8631
       pc9 = -1.55801
      pc10 = -0.383354
      pc11 = -0.327109
      pc12 = 0.184957
      pc13 = -0.010323
      pc14 = 0.0138165
      pc15 = -0.00159495
      pc16 = -0.0856782
Constrained:
   Tgbecnw = 85749.5
     Tecnw = 25381.1
       Tnw = 21982.8
       Tec = 9685.06
     twoNb = 338278
     twoNe = 1.61231e+06
     twoNc = 272049
     twoNw = 6.1484e+06
    twoNec = 106918
    twoNnw = 13598.9
  twoNecnw = 90554.9
  twoNbecnw = 5438.22
  twoNgbecnw = 198196
         m = 0.196646
        m5 = 0.246648
        m6 = 0.0863882
        Ta = 37600
        Te = 4842.53
        Tf = 2421.26
#       SitePat  BranchLen
              b 129450.7149987
              e 50461.2130559
              c 52947.7135273
              n 47810.6839011
              w 47771.9358003
            b:e 2215.5230111
            b:c 2500.5272763
            b:n 1873.2431717
            b:w 1870.2859649
            e:c 10904.4851169
            e:n 5770.3886541
            e:w 5795.1225598
            c:n 5108.2647423
            c:w 5112.7784468
            n:w 13089.6934498
          b:e:c 2247.8389129
          b:e:n 1201.7682560
          b:e:w 1202.9531383
          b:c:n 1213.2669397
          b:c:w 1211.7894139
          b:n:w 2205.5356361
          e:c:n 4577.1679714
          e:c:w 4586.6684619
          e:n:w 6880.8795480
          c:n:w 5738.8471015
        b:e:c:n 2170.3145433
        b:e:c:w 2173.5643937
        b:e:n:w 2853.1729330
        b:c:n:w 2547.8337085
        e:c:n:w 53897.2717418
