########################################
# legofit: estimate population history #
#       version 2.3.4-4-g53f8760       #
########################################

# Program was compiled: Sep 21 2021 14:36:42
# Program was run: Sat Oct  9 12:19:42 2021

# cmd: legofit -1 -d 0 -t 32 --ptsPerDim 3 --stateOut b1boot11.state --tol 3e-6 -S 5000 aef2.lgo ../../boot/boot11.opf
# Stage nOptItr nSimReps
#     0    5000        0
# algorithm          : deterministic
# ignoring probs <=  : 0
# Branch length floor: 0
# DE strategy        : 2
#    F               : 0.3
#    CR              : 0.8
#    tolerance       : 3e-06
# nthreads           : 32
# lgo input file     : aef2.lgo
# site pat input file: ../../boot/boot11.opf
# free parameters    : 16
# points in DE swarm : 48
# output state file  : b1boot11.state
# Including singleton site patterns.
# cost function      : KL
Initial parameter values
Fixed:
      zero = 0
       one = 1
    Tbecnw = 75200
Free:
       pc1 = 0
       pc2 = 0
       pc3 = 0
       pc4 = 0
       pc5 = 0
       pc6 = 0
       pc7 = 0
       pc8 = 0
       pc9 = 0
      pc10 = 0
      pc11 = 0
      pc12 = 0
      pc13 = 0
      pc14 = 0
      pc15 = 0
      pc16 = 0
Constrained:
   Tgbecnw = 101089
     Tecnw = 26943.5
       Tnw = 21170.4
       Tec = 15409.8
     twoNb = 782205
     twoNe = 1.57388e+06
     twoNc = 1.09676e+06
     twoNw = 2.54327e+06
    twoNec = 85122.7
    twoNnw = 23494.4
  twoNecnw = 88965.8
  twoNbecnw = 12802.3
  twoNgbecnw = 193903
         m = 0.201189
        m5 = 0.227909
        m6 = 0.0595866
        Ta = 37600
        Te = 7704.92
        Tf = 3852.46
DiffEv reached_goal. cost=1.96423e-03 spread=2.34898e-06
Fitted parameter values
Free:
       pc1 = 1.78995
       pc2 = -1.95315
       pc3 = -1.49295
       pc4 = 1.84956
       pc5 = 1.98933
       pc6 = -1.06064
       pc7 = 0.404114
       pc8 = 1.66776
       pc9 = -1.43114
      pc10 = -0.44673
      pc11 = -0.277163
      pc12 = 0.0788167
      pc13 = 0.0567176
      pc14 = 0.00150591
      pc15 = -0.00938615
      pc16 = -0.0592232
Constrained:
   Tgbecnw = 84498.3
     Tecnw = 24375.6
       Tnw = 23082.1
       Tec = 12756.6
     twoNb = 789904
     twoNe = 492405
     twoNc = 634688
     twoNw = 5.1969e+06
    twoNec = 84281
    twoNnw = 5262.71
  twoNecnw = 91768.9
  twoNbecnw = 4777.15
  twoNgbecnw = 202011
         m = 0.193424
        m5 = 0.234951
        m6 = 0.0666636
        Ta = 37600
        Te = 6378.28
        Tf = 3189.14
#       SitePat  BranchLen
              b 129172.6892870
              e 50281.6830817
              c 52816.8661130
              n 47598.8214746
              w 47559.6117599
            b:e 2215.3108028
            b:c 2510.2495921
            b:n 1878.3201996
            b:w 1875.2075804
            e:c 10782.8276001
            e:n 5775.3187741
            e:w 5801.8083968
            c:n 5109.9039619
            c:w 5112.6618526
            n:w 13041.2121947
          b:e:c 2258.2213081
          b:e:n 1205.6992851
          b:e:w 1207.1605587
          b:c:n 1218.0144592
          b:c:w 1216.2385747
          b:n:w 2214.6732513
          e:c:n 4588.5442891
          e:c:w 4598.5064904
          e:n:w 6895.5096126
          c:n:w 5714.8879378
        b:e:c:n 2181.6986136
        b:e:c:w 2185.1258437
        b:e:n:w 2871.1425825
        b:c:n:w 2554.8106032
        e:c:n:w 53916.0053025
