########################################
# legofit: estimate population history #
#       version 2.3.4-4-g53f8760       #
########################################

# Program was compiled: Sep 21 2021 14:36:42
# Program was run: Sat Oct  9 12:19:22 2021

# cmd: legofit -1 -d 0 -t 32 --ptsPerDim 3 --stateOut b1boot1.state --tol 3e-6 -S 5000 aef2.lgo ../../boot/boot1.opf
# Stage nOptItr nSimReps
#     0    5000        0
# algorithm          : deterministic
# ignoring probs <=  : 0
# Branch length floor: 0
# DE strategy        : 2
#    F               : 0.3
#    CR              : 0.8
#    tolerance       : 3e-06
# nthreads           : 32
# lgo input file     : aef2.lgo
# site pat input file: ../../boot/boot1.opf
# free parameters    : 16
# points in DE swarm : 48
# output state file  : b1boot1.state
# Including singleton site patterns.
# cost function      : KL
Initial parameter values
Fixed:
      zero = 0
       one = 1
    Tbecnw = 75200
Free:
       pc1 = 0
       pc2 = 0
       pc3 = 0
       pc4 = 0
       pc5 = 0
       pc6 = 0
       pc7 = 0
       pc8 = 0
       pc9 = 0
      pc10 = 0
      pc11 = 0
      pc12 = 0
      pc13 = 0
      pc14 = 0
      pc15 = 0
      pc16 = 0
Constrained:
   Tgbecnw = 101089
     Tecnw = 26943.5
       Tnw = 21170.4
       Tec = 15409.8
     twoNb = 782205
     twoNe = 1.57388e+06
     twoNc = 1.09676e+06
     twoNw = 2.54327e+06
    twoNec = 85122.7
    twoNnw = 23494.4
  twoNecnw = 88965.8
  twoNbecnw = 12802.3
  twoNgbecnw = 193903
         m = 0.201189
        m5 = 0.227909
        m6 = 0.0595866
        Ta = 37600
        Te = 7704.92
        Tf = 3852.46
DiffEv reached_goal. cost=1.94257e-03 spread=2.76884e-06
Fitted parameter values
Free:
       pc1 = 0.977167
       pc2 = -1.979
       pc3 = -1.14734
       pc4 = 1.8185
       pc5 = 1.94024
       pc6 = -0.605515
       pc7 = 0.115956
       pc8 = 1.9971
       pc9 = -1.53333
      pc10 = -0.63651
      pc11 = -0.390959
      pc12 = 0.104469
      pc13 = 0.127169
      pc14 = -0.0359058
      pc15 = 0.00892599
      pc16 = -0.0506789
Constrained:
   Tgbecnw = 85811.2
     Tecnw = 24962.3
       Tnw = 22684.2
       Tec = 11320.3
     twoNb = 586425
     twoNe = 512273
     twoNc = 1.41649e+06
     twoNw = 5.71859e+06
    twoNec = 93365.2
    twoNnw = 8984.65
  twoNecnw = 91029.4
  twoNbecnw = 5407.58
  twoNgbecnw = 202512
         m = 0.190321
        m5 = 0.249287
        m6 = 0.0792594
        Ta = 37600
        Te = 5660.14
        Tf = 2830.07
#       SitePat  BranchLen
              b 129147.5494327
              e 50278.6938950
              c 52920.8565309
              n 47591.3390417
              w 47551.3369744
            b:e 2210.4915900
            b:c 2516.9732683
            b:n 1866.4280888
            b:w 1863.3137326
            e:c 10859.3886011
            e:n 5775.3110362
            e:w 5801.5053025
            c:n 5081.1011845
            c:w 5084.9058195
            n:w 13114.2899425
          b:e:c 2255.9986266
          b:e:n 1197.6562687
          b:e:w 1199.0021954
          b:c:n 1210.0726932
          b:c:w 1208.4166365
          b:n:w 2212.3856908
          e:c:n 4568.6001761
          e:c:w 4578.6033422
          e:n:w 6962.8142732
          c:n:w 5731.4609721
        b:e:c:n 2163.5120216
        b:e:c:w 2166.9365079
        b:e:n:w 2871.8549910
        b:c:n:w 2543.5424472
        e:c:n:w 53743.7653636
