########################################
# legofit: estimate population history #
#       version 2.3.4-4-g53f8760       #
########################################

# Program was compiled: Sep 21 2021 14:36:42
# Program was run: Sat Oct  9 12:20:19 2021

# cmd: legofit -1 -d 0 -t 32 --ptsPerDim 3 --stateOut b1boot25.state --tol 3e-6 -S 5000 aef2.lgo ../../boot/boot25.opf
# Stage nOptItr nSimReps
#     0    5000        0
# algorithm          : deterministic
# ignoring probs <=  : 0
# Branch length floor: 0
# DE strategy        : 2
#    F               : 0.3
#    CR              : 0.8
#    tolerance       : 3e-06
# nthreads           : 32
# lgo input file     : aef2.lgo
# site pat input file: ../../boot/boot25.opf
# free parameters    : 16
# points in DE swarm : 48
# output state file  : b1boot25.state
# Including singleton site patterns.
# cost function      : KL
Initial parameter values
Fixed:
      zero = 0
       one = 1
    Tbecnw = 75200
Free:
       pc1 = 0
       pc2 = 0
       pc3 = 0
       pc4 = 0
       pc5 = 0
       pc6 = 0
       pc7 = 0
       pc8 = 0
       pc9 = 0
      pc10 = 0
      pc11 = 0
      pc12 = 0
      pc13 = 0
      pc14 = 0
      pc15 = 0
      pc16 = 0
Constrained:
   Tgbecnw = 101089
     Tecnw = 26943.5
       Tnw = 21170.4
       Tec = 15409.8
     twoNb = 782205
     twoNe = 1.57388e+06
     twoNc = 1.09676e+06
     twoNw = 2.54327e+06
    twoNec = 85122.7
    twoNnw = 23494.4
  twoNecnw = 88965.8
  twoNbecnw = 12802.3
  twoNgbecnw = 193903
         m = 0.201189
        m5 = 0.227909
        m6 = 0.0595866
        Ta = 37600
        Te = 7704.92
        Tf = 3852.46
DiffEv reached_goal. cost=1.95499e-03 spread=2.85240e-06
Fitted parameter values
Free:
       pc1 = 2.33699
       pc2 = -1.96241
       pc3 = -1.14768
       pc4 = 1.89748
       pc5 = 1.96631
       pc6 = -1.34132
       pc7 = 0.551824
       pc8 = 1.7954
       pc9 = -0.960918
      pc10 = -0.436632
      pc11 = -0.300956
      pc12 = 0.0395137
      pc13 = 0.100624
      pc14 = -0.0494051
      pc15 = -0.0590798
      pc16 = -0.0334874
Constrained:
   Tgbecnw = 84780.4
     Tecnw = 24164.6
       Tnw = 23265.4
       Tec = 12739.5
     twoNb = 850301
     twoNe = 146292
     twoNc = 210204
     twoNw = 5.51457e+06
    twoNec = 88446.2
    twoNnw = 3648.87
  twoNecnw = 91137.2
  twoNbecnw = 4946.29
  twoNgbecnw = 197091
         m = 0.196817
        m5 = 0.222283
        m6 = 0.0458609
        Ta = 37600
        Te = 6369.76
        Tf = 3184.88
#       SitePat  BranchLen
              b 128841.8614513
              e 50232.2672119
              c 52876.0142576
              n 47470.4524661
              w 47437.7942729
            b:e 2180.9021308
            b:c 2485.0437296
            b:n 1843.0084598
            b:w 1840.4463441
            e:c 10762.4816779
            e:n 5743.8846543
            e:w 5768.2739593
            c:n 5053.4878364
            c:w 5053.4985993
            n:w 13125.9314264
          b:e:c 2232.7560604
          b:e:n 1181.4436545
          b:e:w 1182.9464243
          b:c:n 1193.8625515
          b:c:w 1192.1032505
          b:n:w 2188.8486030
          e:c:n 4556.9297260
          e:c:w 4565.1878513
          e:n:w 6916.9138394
          c:n:w 5678.3389715
        b:e:c:n 2136.7826334
        b:e:c:w 2139.6012803
        b:e:n:w 2836.2036036
        b:c:n:w 2510.4862815
        e:c:n:w 53549.7217512
