########################################
# legofit: estimate population history #
#       version 2.3.4-4-g53f8760       #
########################################

# Program was compiled: Sep 21 2021 14:36:42
# Program was run: Sat Oct  9 12:20:55 2021

# cmd: legofit -1 -d 0 -t 32 --ptsPerDim 3 --stateOut b1boot39.state --tol 3e-6 -S 5000 aef2.lgo ../../boot/boot39.opf
# Stage nOptItr nSimReps
#     0    5000        0
# algorithm          : deterministic
# ignoring probs <=  : 0
# Branch length floor: 0
# DE strategy        : 2
#    F               : 0.3
#    CR              : 0.8
#    tolerance       : 3e-06
# nthreads           : 32
# lgo input file     : aef2.lgo
# site pat input file: ../../boot/boot39.opf
# free parameters    : 16
# points in DE swarm : 48
# output state file  : b1boot39.state
# Including singleton site patterns.
# cost function      : KL
Initial parameter values
Fixed:
      zero = 0
       one = 1
    Tbecnw = 75200
Free:
       pc1 = 0
       pc2 = 0
       pc3 = 0
       pc4 = 0
       pc5 = 0
       pc6 = 0
       pc7 = 0
       pc8 = 0
       pc9 = 0
      pc10 = 0
      pc11 = 0
      pc12 = 0
      pc13 = 0
      pc14 = 0
      pc15 = 0
      pc16 = 0
Constrained:
   Tgbecnw = 101089
     Tecnw = 26943.5
       Tnw = 21170.4
       Tec = 15409.8
     twoNb = 782205
     twoNe = 1.57388e+06
     twoNc = 1.09676e+06
     twoNw = 2.54327e+06
    twoNec = 85122.7
    twoNnw = 23494.4
  twoNecnw = 88965.8
  twoNbecnw = 12802.3
  twoNgbecnw = 193903
         m = 0.201189
        m5 = 0.227909
        m6 = 0.0595866
        Ta = 37600
        Te = 7704.92
        Tf = 3852.46
DiffEv reached_goal. cost=1.93182e-03 spread=2.86287e-06
Fitted parameter values
Free:
       pc1 = 0.82563
       pc2 = -1.97593
       pc3 = -1.5187
       pc4 = 2.26132
       pc5 = 1.89252
       pc6 = -0.650442
       pc7 = 1.11339
       pc8 = 1.97717
       pc9 = -0.917192
      pc10 = -0.384874
      pc11 = -0.387429
      pc12 = 0.116008
      pc13 = 0.0324479
      pc14 = 0.0722585
      pc15 = -0.00862213
      pc16 = -0.0513713
Constrained:
   Tgbecnw = 84101.3
     Tecnw = 24755.2
       Tnw = 22212.2
       Tec = 13671.2
     twoNb = 4864.72
     twoNe = 1.06424e+06
     twoNc = 307756
     twoNw = 5.96226e+06
    twoNec = 75164.4
    twoNnw = 10172.3
  twoNecnw = 89608.2
  twoNbecnw = 4615.54
  twoNgbecnw = 199682
         m = 0.191465
        m5 = 0.240963
        m6 = 0.0761724
        Ta = 37600
        Te = 6835.59
        Tf = 3417.8
#       SitePat  BranchLen
              b 128433.5216705
              e 50010.4883126
              c 52532.7379276
              n 47309.7094272
              w 47276.3226002
            b:e 2197.4666193
            b:c 2488.9030213
            b:n 1866.6099700
            b:w 1863.9775833
            e:c 10804.1021994
            e:n 5734.0975038
            e:w 5755.5225334
            c:n 5067.9722538
            c:w 5071.4532810
            n:w 13080.6398809
          b:e:c 2252.0083944
          b:e:n 1190.8371557
          b:e:w 1191.9299612
          b:c:n 1202.4138944
          b:c:w 1201.0605201
          b:n:w 2210.4152646
          e:c:n 4594.1713110
          e:c:w 4602.6520813
          e:n:w 6886.4986773
          c:n:w 5714.4435647
        b:e:c:n 2162.1452369
        b:e:c:w 2165.0381925
        b:e:n:w 2839.1477380
        b:c:n:w 2527.0040384
        e:c:n:w 53406.3733439
