########################################
# legofit: estimate population history #
#       version 2.3.4-4-g53f8760       #
########################################

# Program was compiled: Sep 21 2021 14:36:42
# Program was run: Sat Oct  9 12:21:10 2021

# cmd: legofit -1 -d 0 -t 32 --ptsPerDim 3 --stateOut b1boot45.state --tol 3e-6 -S 5000 aef2.lgo ../../boot/boot45.opf
# Stage nOptItr nSimReps
#     0    5000        0
# algorithm          : deterministic
# ignoring probs <=  : 0
# Branch length floor: 0
# DE strategy        : 2
#    F               : 0.3
#    CR              : 0.8
#    tolerance       : 3e-06
# nthreads           : 32
# lgo input file     : aef2.lgo
# site pat input file: ../../boot/boot45.opf
# free parameters    : 16
# points in DE swarm : 48
# output state file  : b1boot45.state
# Including singleton site patterns.
# cost function      : KL
Initial parameter values
Fixed:
      zero = 0
       one = 1
    Tbecnw = 75200
Free:
       pc1 = 0
       pc2 = 0
       pc3 = 0
       pc4 = 0
       pc5 = 0
       pc6 = 0
       pc7 = 0
       pc8 = 0
       pc9 = 0
      pc10 = 0
      pc11 = 0
      pc12 = 0
      pc13 = 0
      pc14 = 0
      pc15 = 0
      pc16 = 0
Constrained:
   Tgbecnw = 101089
     Tecnw = 26943.5
       Tnw = 21170.4
       Tec = 15409.8
     twoNb = 782205
     twoNe = 1.57388e+06
     twoNc = 1.09676e+06
     twoNw = 2.54327e+06
    twoNec = 85122.7
    twoNnw = 23494.4
  twoNecnw = 88965.8
  twoNbecnw = 12802.3
  twoNgbecnw = 193903
         m = 0.201189
        m5 = 0.227909
        m6 = 0.0595866
        Ta = 37600
        Te = 7704.92
        Tf = 3852.46
DiffEv reached_goal. cost=1.97782e-03 spread=2.98178e-06
Fitted parameter values
Free:
       pc1 = 0.550817
       pc2 = -1.96899
       pc3 = -1.91378
       pc4 = 2.77991
       pc5 = 1.94982
       pc6 = -0.68535
       pc7 = 0.16675
       pc8 = 1.76818
       pc9 = -1.77128
      pc10 = -0.68037
      pc11 = -0.357424
      pc12 = 0.0909662
      pc13 = 0.0234731
      pc14 = 0.0309307
      pc15 = -0.0316874
      pc16 = -0.108357
Constrained:
   Tgbecnw = 81488
     Tecnw = 24932
       Tnw = 22305.6
       Tec = 13021.1
     twoNb = 385340
     twoNe = 492178
     twoNc = 1.43248e+06
     twoNw = 5.46951e+06
    twoNec = 75058.3
    twoNnw = 10159
  twoNecnw = 91678.3
  twoNbecnw = 3258.28
  twoNgbecnw = 200516
         m = 0.196138
        m5 = 0.262926
        m6 = 0.102423
        Ta = 37600
        Te = 6510.57
        Tf = 3255.28
#       SitePat  BranchLen
              b 128197.2920110
              e 49908.6338947
              c 52433.7187257
              n 47155.8552463
              w 47112.6698880
            b:e 2175.4428543
            b:c 2466.1165269
            b:n 1833.1544388
            b:w 1829.7954500
            e:c 10696.2576512
            e:n 5709.2470295
            e:w 5734.7621011
            c:n 5041.5855703
            c:w 5048.3854376
            n:w 12968.7394019
          b:e:c 2222.3039501
          b:e:n 1178.9192019
          b:e:w 1180.0206824
          b:c:n 1190.9597104
          b:c:w 1189.5123582
          b:n:w 2178.5701488
          e:c:n 4487.3325028
          e:c:w 4498.2029221
          e:n:w 6842.7230590
          c:n:w 5671.6763507
        b:e:c:n 2136.1676367
        b:e:c:w 2139.8724972
        b:e:n:w 2827.1615430
        b:c:n:w 2514.9556861
        e:c:n:w 53523.1971698
