########################################
# legofit: estimate population history #
#       version 2.3.4-4-g53f8760       #
########################################

# Program was compiled: Sep 21 2021 14:36:42
# Program was run: Sat Oct  9 12:19:52 2021

# cmd: legofit -1 -d 0 -t 32 --ptsPerDim 3 --stateOut b1boot15.state --tol 3e-6 -S 5000 aef2.lgo ../../boot/boot15.opf
# Stage nOptItr nSimReps
#     0    5000        0
# algorithm          : deterministic
# ignoring probs <=  : 0
# Branch length floor: 0
# DE strategy        : 2
#    F               : 0.3
#    CR              : 0.8
#    tolerance       : 3e-06
# nthreads           : 32
# lgo input file     : aef2.lgo
# site pat input file: ../../boot/boot15.opf
# free parameters    : 16
# points in DE swarm : 48
# output state file  : b1boot15.state
# Including singleton site patterns.
# cost function      : KL
Initial parameter values
Fixed:
      zero = 0
       one = 1
    Tbecnw = 75200
Free:
       pc1 = 0
       pc2 = 0
       pc3 = 0
       pc4 = 0
       pc5 = 0
       pc6 = 0
       pc7 = 0
       pc8 = 0
       pc9 = 0
      pc10 = 0
      pc11 = 0
      pc12 = 0
      pc13 = 0
      pc14 = 0
      pc15 = 0
      pc16 = 0
Constrained:
   Tgbecnw = 101089
     Tecnw = 26943.5
       Tnw = 21170.4
       Tec = 15409.8
     twoNb = 782205
     twoNe = 1.57388e+06
     twoNc = 1.09676e+06
     twoNw = 2.54327e+06
    twoNec = 85122.7
    twoNnw = 23494.4
  twoNecnw = 88965.8
  twoNbecnw = 12802.3
  twoNgbecnw = 193903
         m = 0.201189
        m5 = 0.227909
        m6 = 0.0595866
        Ta = 37600
        Te = 7704.92
        Tf = 3852.46
DiffEv reached_goal. cost=1.94900e-03 spread=2.83076e-06
Fitted parameter values
Free:
       pc1 = 0.903384
       pc2 = -1.98192
       pc3 = -1.42297
       pc4 = 2.48042
       pc5 = 1.94806
       pc6 = -0.946238
       pc7 = 0.0262524
       pc8 = 1.4111
       pc9 = -1.17214
      pc10 = -0.431616
      pc11 = -0.339105
      pc12 = 0.113882
      pc13 = 0.0440003
      pc14 = 0.0967707
      pc15 = -0.0353427
      pc16 = -0.0753386
Constrained:
   Tgbecnw = 83213
     Tecnw = 24794.4
       Tnw = 22075.8
       Tec = 13106.4
     twoNb = 849589
     twoNe = 615832
     twoNc = 1.24443e+06
     twoNw = 5.35171e+06
    twoNec = 78642.5
    twoNnw = 10845.7
  twoNecnw = 90594.1
  twoNbecnw = 4173.28
  twoNgbecnw = 196566
         m = 0.19879
        m5 = 0.24617
        m6 = 0.083386
        Ta = 37600
        Te = 6553.22
        Tf = 3276.61
#       SitePat  BranchLen
              b 128599.3224528
              e 50036.0829943
              c 52541.9478865
              n 47313.5806424
              w 47274.3644235
            b:e 2174.8647656
            b:c 2460.5747269
            b:n 1843.3826050
            b:w 1840.3406503
            e:c 10745.2002002
            e:n 5731.0351325
            e:w 5755.6345836
            c:n 5066.6156084
            c:w 5071.3601253
            n:w 13030.2768800
          b:e:c 2220.3989729
          b:e:n 1180.2145353
          b:e:w 1181.3984985
          b:c:n 1191.8442834
          b:c:w 1190.3557749
          b:n:w 2178.5782249
          e:c:n 4548.3730949
          e:c:w 4558.2453457
          e:n:w 6841.8609028
          c:n:w 5684.6899930
        b:e:c:n 2138.8312578
        b:e:c:w 2142.1777579
        b:e:n:w 2811.3318673
        b:c:n:w 2505.0348816
        e:c:n:w 53593.0013458
