########################################
# legofit: estimate population history #
#       version 2.3.4-4-g53f8760       #
########################################

# Program was compiled: Sep 21 2021 14:36:42
# Program was run: Sat Oct  9 12:20:37 2021

# cmd: legofit -1 -d 0 -t 32 --ptsPerDim 3 --stateOut b1boot29.state --tol 3e-6 -S 5000 aef2.lgo ../../boot/boot29.opf
# Stage nOptItr nSimReps
#     0    5000        0
# algorithm          : deterministic
# ignoring probs <=  : 0
# Branch length floor: 0
# DE strategy        : 2
#    F               : 0.3
#    CR              : 0.8
#    tolerance       : 3e-06
# nthreads           : 32
# lgo input file     : aef2.lgo
# site pat input file: ../../boot/boot29.opf
# free parameters    : 16
# points in DE swarm : 48
# output state file  : b1boot29.state
# Including singleton site patterns.
# cost function      : KL
Initial parameter values
Fixed:
      zero = 0
       one = 1
    Tbecnw = 75200
Free:
       pc1 = 0
       pc2 = 0
       pc3 = 0
       pc4 = 0
       pc5 = 0
       pc6 = 0
       pc7 = 0
       pc8 = 0
       pc9 = 0
      pc10 = 0
      pc11 = 0
      pc12 = 0
      pc13 = 0
      pc14 = 0
      pc15 = 0
      pc16 = 0
Constrained:
   Tgbecnw = 101089
     Tecnw = 26943.5
       Tnw = 21170.4
       Tec = 15409.8
     twoNb = 782205
     twoNe = 1.57388e+06
     twoNc = 1.09676e+06
     twoNw = 2.54327e+06
    twoNec = 85122.7
    twoNnw = 23494.4
  twoNecnw = 88965.8
  twoNbecnw = 12802.3
  twoNgbecnw = 193903
         m = 0.201189
        m5 = 0.227909
        m6 = 0.0595866
        Ta = 37600
        Te = 7704.92
        Tf = 3852.46
DiffEv reached_goal. cost=1.96032e-03 spread=2.97777e-06
Fitted parameter values
Free:
       pc1 = 1.20315
       pc2 = -1.96914
       pc3 = -1.50613
       pc4 = 1.99479
       pc5 = 1.98122
       pc6 = -1.34572
       pc7 = 0.481316
       pc8 = 1.84879
       pc9 = -1.20303
      pc10 = -0.304028
      pc11 = -0.256224
      pc12 = 0.0886115
      pc13 = 0.0695204
      pc14 = 0.00439921
      pc15 = -0.016802
      pc16 = -0.0573705
Constrained:
   Tgbecnw = 84149.1
     Tecnw = 24622.1
       Tnw = 22451.4
       Tec = 13114.8
     twoNb = 791032
     twoNe = 270159
     twoNc = 139524
     twoNw = 5.68636e+06
    twoNec = 79541.5
    twoNnw = 8665.95
  twoNecnw = 90989
  twoNbecnw = 4570.56
  twoNgbecnw = 202068
         m = 0.192982
        m5 = 0.240312
        m6 = 0.072522
        Ta = 37600
        Te = 6557.39
        Tf = 3278.69
#       SitePat  BranchLen
              b 128873.7203446
              e 50089.2472919
              c 52661.6872002
              n 47377.4262108
              w 47341.8802239
            b:e 2175.6138844
            b:c 2469.9694671
            b:n 1844.1639216
            b:w 1841.3954898
            e:c 10785.8388197
            e:n 5729.9185182
            e:w 5753.2969525
            c:n 5050.4842590
            c:w 5053.6973366
            n:w 13085.1300845
          b:e:c 2230.6505998
          b:e:n 1179.8090582
          b:e:w 1181.0257565
          b:c:n 1191.7679901
          b:c:w 1190.2726140
          b:n:w 2188.0886911
          e:c:n 4546.3108603
          e:c:w 4555.2653354
          e:n:w 6864.0138783
          c:n:w 5670.6078451
        b:e:c:n 2140.9495060
        b:e:c:w 2143.9966156
        b:e:n:w 2822.8276256
        b:c:n:w 2507.2662535
        e:c:n:w 53782.7531156
