########################################
# legofit: estimate population history #
#       version 2.3.4-4-g53f8760       #
########################################

# Program was compiled: Sep 21 2021 14:36:42
# Program was run: Sat Oct  9 12:19:36 2021

# cmd: legofit -1 -d 0 -t 32 --ptsPerDim 3 --stateOut b1boot9.state --tol 3e-6 -S 5000 aef2.lgo ../../boot/boot9.opf
# Stage nOptItr nSimReps
#     0    5000        0
# algorithm          : deterministic
# ignoring probs <=  : 0
# Branch length floor: 0
# DE strategy        : 2
#    F               : 0.3
#    CR              : 0.8
#    tolerance       : 3e-06
# nthreads           : 32
# lgo input file     : aef2.lgo
# site pat input file: ../../boot/boot9.opf
# free parameters    : 16
# points in DE swarm : 48
# output state file  : b1boot9.state
# Including singleton site patterns.
# cost function      : KL
Initial parameter values
Fixed:
      zero = 0
       one = 1
    Tbecnw = 75200
Free:
       pc1 = 0
       pc2 = 0
       pc3 = 0
       pc4 = 0
       pc5 = 0
       pc6 = 0
       pc7 = 0
       pc8 = 0
       pc9 = 0
      pc10 = 0
      pc11 = 0
      pc12 = 0
      pc13 = 0
      pc14 = 0
      pc15 = 0
      pc16 = 0
Constrained:
   Tgbecnw = 101089
     Tecnw = 26943.5
       Tnw = 21170.4
       Tec = 15409.8
     twoNb = 782205
     twoNe = 1.57388e+06
     twoNc = 1.09676e+06
     twoNw = 2.54327e+06
    twoNec = 85122.7
    twoNnw = 23494.4
  twoNecnw = 88965.8
  twoNbecnw = 12802.3
  twoNgbecnw = 193903
         m = 0.201189
        m5 = 0.227909
        m6 = 0.0595866
        Ta = 37600
        Te = 7704.92
        Tf = 3852.46
DiffEv reached_goal. cost=1.94911e-03 spread=2.72467e-06
Fitted parameter values
Free:
       pc1 = 0.942092
       pc2 = -1.92446
       pc3 = -1.70351
       pc4 = 2.11971
       pc5 = 1.957
       pc6 = -0.815922
       pc7 = 0.347802
       pc8 = 1.94445
       pc9 = -1.52526
      pc10 = -0.0916909
      pc11 = -0.229633
      pc12 = 0.100293
      pc13 = -0.00925466
      pc14 = -0.0462249
      pc15 = 3.35475e-05
      pc16 = -0.0633041
Constrained:
   Tgbecnw = 83955.7
     Tecnw = 24711.7
       Tnw = 22158.2
       Tec = 13192.5
     twoNb = 518646
     twoNe = 566052
     twoNc = 873473
     twoNw = 5.67439e+06
    twoNec = 77594.6
    twoNnw = 10150.4
  twoNecnw = 92418.6
  twoNbecnw = 4448.15
  twoNgbecnw = 205075
         m = 0.190963
        m5 = 0.245236
        m6 = 0.0816315
        Ta = 37600
        Te = 6596.23
        Tf = 3298.12
#       SitePat  BranchLen
              b 128927.8260891
              e 50251.2318297
              c 52793.2036176
              n 47491.6281623
              w 47454.7416333
            b:e 2199.4687384
            b:c 2491.0383287
            b:n 1862.6542520
            b:w 1859.7710198
            e:c 10802.8361566
            e:n 5748.9693450
            e:w 5772.2772243
            c:n 5073.1875231
            c:w 5077.5137731
            n:w 13130.3435027
          b:e:c 2253.9065694
          b:e:n 1194.2265248
          b:e:w 1195.3673859
          b:c:n 1206.2685537
          b:c:w 1204.8314868
          b:n:w 2210.2500281
          e:c:n 4538.9604045
          e:c:w 4548.2128043
          e:n:w 6850.8253415
          c:n:w 5679.3988268
        b:e:c:n 2169.3574596
        b:e:c:w 2172.5368977
        b:e:n:w 2855.1824777
        b:c:n:w 2542.1067576
        e:c:n:w 53791.4334098
