########################################
# legofit: estimate population history #
#       version 2.3.4-4-g53f8760       #
########################################

# Program was compiled: Sep 21 2021 14:36:42
# Program was run: Sat Oct  9 12:20:23 2021

# cmd: legofit -1 -d 0 -t 32 --ptsPerDim 3 --stateOut b1boot27.state --tol 3e-6 -S 5000 aef2.lgo ../../boot/boot27.opf
# Stage nOptItr nSimReps
#     0    5000        0
# algorithm          : deterministic
# ignoring probs <=  : 0
# Branch length floor: 0
# DE strategy        : 2
#    F               : 0.3
#    CR              : 0.8
#    tolerance       : 3e-06
# nthreads           : 32
# lgo input file     : aef2.lgo
# site pat input file: ../../boot/boot27.opf
# free parameters    : 16
# points in DE swarm : 48
# output state file  : b1boot27.state
# Including singleton site patterns.
# cost function      : KL
Initial parameter values
Fixed:
      zero = 0
       one = 1
    Tbecnw = 75200
Free:
       pc1 = 0
       pc2 = 0
       pc3 = 0
       pc4 = 0
       pc5 = 0
       pc6 = 0
       pc7 = 0
       pc8 = 0
       pc9 = 0
      pc10 = 0
      pc11 = 0
      pc12 = 0
      pc13 = 0
      pc14 = 0
      pc15 = 0
      pc16 = 0
Constrained:
   Tgbecnw = 101089
     Tecnw = 26943.5
       Tnw = 21170.4
       Tec = 15409.8
     twoNb = 782205
     twoNe = 1.57388e+06
     twoNc = 1.09676e+06
     twoNw = 2.54327e+06
    twoNec = 85122.7
    twoNnw = 23494.4
  twoNecnw = 88965.8
  twoNbecnw = 12802.3
  twoNgbecnw = 193903
         m = 0.201189
        m5 = 0.227909
        m6 = 0.0595866
        Ta = 37600
        Te = 7704.92
        Tf = 3852.46
DiffEv reached_goal. cost=1.94413e-03 spread=2.97585e-06
Fitted parameter values
Free:
       pc1 = 0.913203
       pc2 = -1.9144
       pc3 = -1.2399
       pc4 = 1.09661
       pc5 = 1.96913
       pc6 = -1.31145
       pc7 = 0.16025
       pc8 = 1.4124
       pc9 = -1.05434
      pc10 = -0.385099
      pc11 = -0.109593
      pc12 = 0.0253265
      pc13 = 0.0633557
      pc14 = -0.0810096
      pc15 = -0.00280864
      pc16 = -0.0434421
Constrained:
   Tgbecnw = 87330.4
     Tecnw = 25202.5
       Tnw = 22518.6
       Tec = 13125.6
     twoNb = 1.28176e+06
     twoNe = 661743
     twoNc = 337892
     twoNw = 5.15785e+06
    twoNec = 85628.6
    twoNnw = 10685.1
  twoNecnw = 89815.1
  twoNbecnw = 6094.52
  twoNgbecnw = 206223
         m = 0.188022
        m5 = 0.239792
        m6 = 0.0687679
        Ta = 37600
        Te = 6562.81
        Tf = 3281.41
#       SitePat  BranchLen
              b 129973.7199505
              e 50564.1351831
              c 53205.5466814
              n 47765.1694949
              w 47726.0745956
            b:e 2213.7771621
            b:c 2519.2299673
            b:n 1870.7705290
            b:w 1867.7105615
            e:c 10782.8420069
            e:n 5764.6036739
            e:w 5790.8243070
            c:n 5069.4713032
            c:w 5072.5362946
            n:w 13164.0190282
          b:e:c 2260.3167189
          b:e:n 1197.5417203
          b:e:w 1198.9526558
          b:c:n 1209.7873626
          b:c:w 1208.0765245
          b:n:w 2217.2685921
          e:c:n 4583.8695631
          e:c:w 4593.6788379
          e:n:w 6960.8116237
          c:n:w 5732.8205086
        b:e:c:n 2163.3049795
        b:e:c:w 2166.6648496
        b:e:n:w 2868.7072190
        b:c:n:w 2541.8849028
        e:c:n:w 54367.6831947
