########################################
# legofit: estimate population history #
#       version 2.3.4-4-g53f8760       #
########################################

# Program was compiled: Sep 21 2021 14:36:42
# Program was run: Sat Oct  9 12:20:01 2021

# cmd: legofit -1 -d 0 -t 32 --ptsPerDim 3 --stateOut b1boot20.state --tol 3e-6 -S 5000 aef2.lgo ../../boot/boot20.opf
# Stage nOptItr nSimReps
#     0    5000        0
# algorithm          : deterministic
# ignoring probs <=  : 0
# Branch length floor: 0
# DE strategy        : 2
#    F               : 0.3
#    CR              : 0.8
#    tolerance       : 3e-06
# nthreads           : 32
# lgo input file     : aef2.lgo
# site pat input file: ../../boot/boot20.opf
# free parameters    : 16
# points in DE swarm : 48
# output state file  : b1boot20.state
# Including singleton site patterns.
# cost function      : KL
Initial parameter values
Fixed:
      zero = 0
       one = 1
    Tbecnw = 75200
Free:
       pc1 = 0
       pc2 = 0
       pc3 = 0
       pc4 = 0
       pc5 = 0
       pc6 = 0
       pc7 = 0
       pc8 = 0
       pc9 = 0
      pc10 = 0
      pc11 = 0
      pc12 = 0
      pc13 = 0
      pc14 = 0
      pc15 = 0
      pc16 = 0
Constrained:
   Tgbecnw = 101089
     Tecnw = 26943.5
       Tnw = 21170.4
       Tec = 15409.8
     twoNb = 782205
     twoNe = 1.57388e+06
     twoNc = 1.09676e+06
     twoNw = 2.54327e+06
    twoNec = 85122.7
    twoNnw = 23494.4
  twoNecnw = 88965.8
  twoNbecnw = 12802.3
  twoNgbecnw = 193903
         m = 0.201189
        m5 = 0.227909
        m6 = 0.0595866
        Ta = 37600
        Te = 7704.92
        Tf = 3852.46
DiffEv reached_goal. cost=1.95292e-03 spread=2.20152e-06
Fitted parameter values
Free:
       pc1 = 0.758299
       pc2 = -1.93173
       pc3 = -1.9313
       pc4 = 1.52472
       pc5 = 1.95313
       pc6 = -1.14353
       pc7 = 0.194739
       pc8 = 1.74871
       pc9 = -1.4891
      pc10 = -0.650799
      pc11 = -0.285796
      pc12 = 0.0753992
      pc13 = 0.10029
      pc14 = -0.0227401
      pc15 = 0.0219792
      pc16 = -0.0714532
Constrained:
   Tgbecnw = 85139.5
     Tecnw = 24986.8
       Tnw = 22742.2
       Tec = 13475.8
     twoNb = 877930
     twoNe = 216227
     twoNc = 636580
     twoNw = 5.21512e+06
    twoNec = 74258.6
    twoNnw = 8877.83
  twoNecnw = 90561.9
  twoNbecnw = 4981.87
  twoNgbecnw = 207896
         m = 0.185234
        m5 = 0.254896
        m6 = 0.0876741
        Ta = 37600
        Te = 6737.92
        Tf = 3368.96
#       SitePat  BranchLen
              b 128857.0395007
              e 50067.5838068
              c 52643.7127984
              n 47484.2911016
              w 47441.4130330
            b:e 2172.5191162
            b:c 2469.5070796
            b:n 1848.4649021
            b:w 1845.1118527
            e:c 10793.8024898
            e:n 5732.0501302
            e:w 5758.7467271
            c:n 5053.7245104
            c:w 5059.0434742
            n:w 12977.4290029
          b:e:c 2228.3378190
          b:e:n 1180.7678514
          b:e:w 1182.0514272
          b:c:n 1192.9049908
          b:c:w 1191.2860993
          b:n:w 2187.0536949
          e:c:n 4554.9681417
          e:c:w 4565.8306496
          e:n:w 6868.6191772
          c:n:w 5670.5190584
        b:e:c:n 2143.7214677
        b:e:c:w 2147.4098328
        b:e:n:w 2820.2543822
        b:c:n:w 2501.8946073
        e:c:n:w 53751.6616049
