########################################
# legofit: estimate population history #
#       version 2.3.4-4-g53f8760       #
########################################

# Program was compiled: Sep 21 2021 14:36:42
# Program was run: Sat Oct  9 12:19:36 2021

# cmd: legofit -1 -d 0 -t 32 --ptsPerDim 3 --stateOut b1boot7.state --tol 3e-6 -S 5000 aef2.lgo ../../boot/boot7.opf
# Stage nOptItr nSimReps
#     0    5000        0
# algorithm          : deterministic
# ignoring probs <=  : 0
# Branch length floor: 0
# DE strategy        : 2
#    F               : 0.3
#    CR              : 0.8
#    tolerance       : 3e-06
# nthreads           : 32
# lgo input file     : aef2.lgo
# site pat input file: ../../boot/boot7.opf
# free parameters    : 16
# points in DE swarm : 48
# output state file  : b1boot7.state
# Including singleton site patterns.
# cost function      : KL
Initial parameter values
Fixed:
      zero = 0
       one = 1
    Tbecnw = 75200
Free:
       pc1 = 0
       pc2 = 0
       pc3 = 0
       pc4 = 0
       pc5 = 0
       pc6 = 0
       pc7 = 0
       pc8 = 0
       pc9 = 0
      pc10 = 0
      pc11 = 0
      pc12 = 0
      pc13 = 0
      pc14 = 0
      pc15 = 0
      pc16 = 0
Constrained:
   Tgbecnw = 101089
     Tecnw = 26943.5
       Tnw = 21170.4
       Tec = 15409.8
     twoNb = 782205
     twoNe = 1.57388e+06
     twoNc = 1.09676e+06
     twoNw = 2.54327e+06
    twoNec = 85122.7
    twoNnw = 23494.4
  twoNecnw = 88965.8
  twoNbecnw = 12802.3
  twoNgbecnw = 193903
         m = 0.201189
        m5 = 0.227909
        m6 = 0.0595866
        Ta = 37600
        Te = 7704.92
        Tf = 3852.46
DiffEv reached_goal. cost=1.97262e-03 spread=2.13295e-06
Fitted parameter values
Free:
       pc1 = 0.713953
       pc2 = -1.99592
       pc3 = -0.907847
       pc4 = 2.21301
       pc5 = 1.99432
       pc6 = -0.84164
       pc7 = 0.725646
       pc8 = 1.99082
       pc9 = -1.92142
      pc10 = -0.518656
      pc11 = -0.287965
      pc12 = 0.158694
      pc13 = 0.0245043
      pc14 = 0.107098
      pc15 = 0.0165017
      pc16 = -0.0931686
Constrained:
   Tgbecnw = 84375.1
     Tecnw = 24967
       Tnw = 22457.2
       Tec = 10231.6
     twoNb = 338142
     twoNe = 1.07983e+06
     twoNc = 376135
     twoNw = 5.90363e+06
    twoNec = 100957
    twoNnw = 9962.04
  twoNecnw = 91570.9
  twoNbecnw = 4695.09
  twoNgbecnw = 202017
         m = 0.196258
        m5 = 0.250368
        m6 = 0.0921721
        Ta = 37600
        Te = 5115.8
        Tf = 2557.9
#       SitePat  BranchLen
              b 129545.8234615
              e 50292.4800723
              c 52743.4020285
              n 47552.2779886
              w 47510.7995779
            b:e 2207.8513011
            b:c 2489.8630669
            b:n 1855.9308659
            b:w 1852.7398080
            e:c 10784.5396999
            e:n 5765.0424802
            e:w 5790.8661906
            c:n 5116.5918741
            c:w 5121.9454825
            n:w 13007.3336594
          b:e:c 2230.4389302
          b:e:n 1197.0655200
          b:e:w 1198.2660666
          b:c:n 1208.6628055
          b:c:w 1207.1410112
          b:n:w 2186.6360278
          e:c:n 4540.9063621
          e:c:w 4551.2074540
          e:n:w 6876.4405367
          c:n:w 5742.8898948
        b:e:c:n 2156.0159671
        b:e:c:w 2159.5282727
        b:e:n:w 2847.3388672
        b:c:n:w 2544.8548714
        e:c:n:w 54290.1691223
