########################################
# legofit: estimate population history #
#       version 2.3.4-4-g53f8760       #
########################################

# Program was compiled: Sep 21 2021 14:36:42
# Program was run: Sat Oct  9 12:19:49 2021

# cmd: legofit -1 -d 0 -t 32 --ptsPerDim 3 --stateOut b1boot13.state --tol 3e-6 -S 5000 aef2.lgo ../../boot/boot13.opf
# Stage nOptItr nSimReps
#     0    5000        0
# algorithm          : deterministic
# ignoring probs <=  : 0
# Branch length floor: 0
# DE strategy        : 2
#    F               : 0.3
#    CR              : 0.8
#    tolerance       : 3e-06
# nthreads           : 32
# lgo input file     : aef2.lgo
# site pat input file: ../../boot/boot13.opf
# free parameters    : 16
# points in DE swarm : 48
# output state file  : b1boot13.state
# Including singleton site patterns.
# cost function      : KL
Initial parameter values
Fixed:
      zero = 0
       one = 1
    Tbecnw = 75200
Free:
       pc1 = 0
       pc2 = 0
       pc3 = 0
       pc4 = 0
       pc5 = 0
       pc6 = 0
       pc7 = 0
       pc8 = 0
       pc9 = 0
      pc10 = 0
      pc11 = 0
      pc12 = 0
      pc13 = 0
      pc14 = 0
      pc15 = 0
      pc16 = 0
Constrained:
   Tgbecnw = 101089
     Tecnw = 26943.5
       Tnw = 21170.4
       Tec = 15409.8
     twoNb = 782205
     twoNe = 1.57388e+06
     twoNc = 1.09676e+06
     twoNw = 2.54327e+06
    twoNec = 85122.7
    twoNnw = 23494.4
  twoNecnw = 88965.8
  twoNbecnw = 12802.3
  twoNgbecnw = 193903
         m = 0.201189
        m5 = 0.227909
        m6 = 0.0595866
        Ta = 37600
        Te = 7704.92
        Tf = 3852.46
DiffEv reached_goal. cost=1.94508e-03 spread=2.87053e-06
Fitted parameter values
Free:
       pc1 = 1.25125
       pc2 = -1.95367
       pc3 = -1.47404
       pc4 = 1.6648
       pc5 = 1.92535
       pc6 = -0.718189
       pc7 = -0.00851548
       pc8 = 1.83805
       pc9 = -1.3093
      pc10 = -0.872926
      pc11 = -0.305812
      pc12 = 0.0833848
      pc13 = 0.0634601
      pc14 = 1.74433e-05
      pc15 = 0.000487784
      pc16 = -0.0653571
Constrained:
   Tgbecnw = 85698.3
     Tecnw = 24932.9
       Tnw = 23123.7
       Tec = 12597.3
     twoNb = 755602
     twoNe = 188759
     twoNc = 1.51947e+06
     twoNw = 5.3743e+06
    twoNec = 84961.8
    twoNnw = 7116.12
  twoNecnw = 90310.1
  twoNbecnw = 5334.66
  twoNgbecnw = 203162
         m = 0.190172
        m5 = 0.2449
        m6 = 0.0767628
        Ta = 37600
        Te = 6298.63
        Tf = 3149.31
#       SitePat  BranchLen
              b 129216.7375383
              e 50266.3945716
              c 52859.1700065
              n 47540.0444265
              w 47499.2932917
            b:e 2197.1013839
            b:c 2498.6718496
            b:n 1852.4998591
            b:w 1849.3057743
            e:c 10798.0131360
            e:n 5734.5294940
            e:w 5761.1099698
            c:n 5057.9000443
            c:w 5061.7655031
            n:w 13069.8680550
          b:e:c 2244.6546271
          b:e:n 1186.7111236
          b:e:w 1188.0874761
          b:c:n 1198.8887512
          b:c:w 1197.1965514
          b:n:w 2201.4169333
          e:c:n 4559.4597714
          e:c:w 4569.7649717
          e:n:w 6944.2716418
          c:n:w 5727.4701233
        b:e:c:n 2145.0389577
        b:e:c:w 2148.5488896
        b:e:n:w 2848.4440018
        b:c:n:w 2525.5868333
        e:c:n:w 53906.7605340
