########################################
# legofit: estimate population history #
#       version 2.3.4-4-g53f8760       #
########################################

# Program was compiled: Sep 21 2021 14:36:42
# Program was run: Sat Oct  9 12:19:49 2021

# cmd: legofit -1 -d 0 -t 32 --ptsPerDim 3 --stateOut b1boot14.state --tol 3e-6 -S 5000 aef2.lgo ../../boot/boot14.opf
# Stage nOptItr nSimReps
#     0    5000        0
# algorithm          : deterministic
# ignoring probs <=  : 0
# Branch length floor: 0
# DE strategy        : 2
#    F               : 0.3
#    CR              : 0.8
#    tolerance       : 3e-06
# nthreads           : 32
# lgo input file     : aef2.lgo
# site pat input file: ../../boot/boot14.opf
# free parameters    : 16
# points in DE swarm : 48
# output state file  : b1boot14.state
# Including singleton site patterns.
# cost function      : KL
Initial parameter values
Fixed:
      zero = 0
       one = 1
    Tbecnw = 75200
Free:
       pc1 = 0
       pc2 = 0
       pc3 = 0
       pc4 = 0
       pc5 = 0
       pc6 = 0
       pc7 = 0
       pc8 = 0
       pc9 = 0
      pc10 = 0
      pc11 = 0
      pc12 = 0
      pc13 = 0
      pc14 = 0
      pc15 = 0
      pc16 = 0
Constrained:
   Tgbecnw = 101089
     Tecnw = 26943.5
       Tnw = 21170.4
       Tec = 15409.8
     twoNb = 782205
     twoNe = 1.57388e+06
     twoNc = 1.09676e+06
     twoNw = 2.54327e+06
    twoNec = 85122.7
    twoNnw = 23494.4
  twoNecnw = 88965.8
  twoNbecnw = 12802.3
  twoNgbecnw = 193903
         m = 0.201189
        m5 = 0.227909
        m6 = 0.0595866
        Ta = 37600
        Te = 7704.92
        Tf = 3852.46
DiffEv reached_goal. cost=1.93577e-03 spread=2.56057e-06
Fitted parameter values
Free:
       pc1 = 1.14145
       pc2 = -1.86242
       pc3 = -0.677971
       pc4 = 2.99508
       pc5 = 1.95037
       pc6 = 0.300992
       pc7 = -0.247275
       pc8 = 1.96029
       pc9 = -0.803269
      pc10 = -0.320651
      pc11 = -0.224088
      pc12 = 0.0973476
      pc13 = 0.0350937
      pc14 = 0.102582
      pc15 = -0.0371007
      pc16 = -0.0576869
Constrained:
   Tgbecnw = 84527.7
     Tecnw = 24876
       Tnw = 21866.8
       Tec = 12234.3
     twoNb = 197242
     twoNe = 945897
     twoNc = 3.16903e+06
     twoNw = 6.39948e+06
    twoNec = 91272.3
    twoNnw = 12163.6
  twoNecnw = 91061.6
  twoNbecnw = 4941.52
  twoNgbecnw = 191469
         m = 0.208332
        m5 = 0.234793
        m6 = 0.0684847
        Ta = 37600
        Te = 6117.16
        Tf = 3058.58
#       SitePat  BranchLen
              b 129834.4176244
              e 50490.2425552
              c 53050.4479112
              n 47669.3214329
              w 47638.4471745
            b:e 2220.8763659
            b:c 2513.9604910
            b:n 1878.4075541
            b:w 1876.0071002
            e:c 10813.7672550
            e:n 5786.6705736
            e:w 5807.3551948
            c:n 5104.7005945
            c:w 5107.1981423
            n:w 13200.7462734
          b:e:c 2260.8039559
          b:e:n 1204.4972703
          b:e:w 1205.5961790
          b:c:n 1216.1370967
          b:c:w 1214.8000912
          b:n:w 2217.6865549
          e:c:n 4596.4742917
          e:c:w 4604.1663810
          e:n:w 6918.8414096
          c:n:w 5740.7630853
        b:e:c:n 2176.8659336
        b:e:c:w 2179.5044844
        b:e:n:w 2868.4776432
        b:c:n:w 2554.5497793
        e:c:n:w 54288.4486309
