########################################
# legofit: estimate population history #
#       version 2.3.4-4-g53f8760       #
########################################

# Program was compiled: Sep 21 2021 14:36:42
# Program was run: Sat Oct  9 12:20:10 2021

# cmd: legofit -1 -d 0 -t 32 --ptsPerDim 3 --stateOut b1boot22.state --tol 3e-6 -S 5000 aef2.lgo ../../boot/boot22.opf
# Stage nOptItr nSimReps
#     0    5000        0
# algorithm          : deterministic
# ignoring probs <=  : 0
# Branch length floor: 0
# DE strategy        : 2
#    F               : 0.3
#    CR              : 0.8
#    tolerance       : 3e-06
# nthreads           : 32
# lgo input file     : aef2.lgo
# site pat input file: ../../boot/boot22.opf
# free parameters    : 16
# points in DE swarm : 48
# output state file  : b1boot22.state
# Including singleton site patterns.
# cost function      : KL
Initial parameter values
Fixed:
      zero = 0
       one = 1
    Tbecnw = 75200
Free:
       pc1 = 0
       pc2 = 0
       pc3 = 0
       pc4 = 0
       pc5 = 0
       pc6 = 0
       pc7 = 0
       pc8 = 0
       pc9 = 0
      pc10 = 0
      pc11 = 0
      pc12 = 0
      pc13 = 0
      pc14 = 0
      pc15 = 0
      pc16 = 0
Constrained:
   Tgbecnw = 101089
     Tecnw = 26943.5
       Tnw = 21170.4
       Tec = 15409.8
     twoNb = 782205
     twoNe = 1.57388e+06
     twoNc = 1.09676e+06
     twoNw = 2.54327e+06
    twoNec = 85122.7
    twoNnw = 23494.4
  twoNecnw = 88965.8
  twoNbecnw = 12802.3
  twoNgbecnw = 193903
         m = 0.201189
        m5 = 0.227909
        m6 = 0.0595866
        Ta = 37600
        Te = 7704.92
        Tf = 3852.46
DiffEv reached_goal. cost=1.94283e-03 spread=2.53843e-06
Fitted parameter values
Free:
       pc1 = 1.07017
       pc2 = -1.98388
       pc3 = -1.82339
       pc4 = 2.05882
       pc5 = 1.97937
       pc6 = -0.775714
       pc7 = 0.515639
       pc8 = 1.80865
       pc9 = -1.18107
      pc10 = -0.161423
      pc11 = -0.23287
      pc12 = 0.0366514
      pc13 = 0.133328
      pc14 = -0.0919669
      pc15 = -0.0131994
      pc16 = -0.0455969
Constrained:
   Tgbecnw = 83907.9
     Tecnw = 24616.9
       Tnw = 22250.7
       Tec = 14086.3
     twoNb = 486739
     twoNe = 742449
     twoNc = 807077
     twoNw = 5.56884e+06
    twoNec = 71587.3
    twoNnw = 9469.68
  twoNecnw = 91284.4
  twoNbecnw = 4448.17
  twoNgbecnw = 204355
         m = 0.190382
        m5 = 0.244213
        m6 = 0.0706511
        Ta = 37600
        Te = 7043.16
        Tf = 3521.58
#       SitePat  BranchLen
              b 128832.2106567
              e 50082.4949457
              c 52750.1077549
              n 47408.3635540
              w 47373.3294775
            b:e 2191.3545361
            b:c 2498.6450554
            b:n 1867.1518655
            b:w 1864.3858912
            e:c 10794.6225146
            e:n 5755.6754231
            e:w 5778.8729190
            c:n 5049.1560814
            c:w 5052.1321404
            n:w 13117.6048910
          b:e:c 2257.9391140
          b:e:n 1193.0549157
          b:e:w 1194.2941346
          b:c:n 1205.6187131
          b:c:w 1204.0982340
          b:n:w 2215.1864280
          e:c:n 4565.9747801
          e:c:w 4574.8353015
          e:n:w 6890.0538433
          c:n:w 5655.7011545
        b:e:c:n 2170.3658801
        b:e:c:w 2173.4131146
        b:e:n:w 2858.7023087
        b:c:n:w 2529.0438926
        e:c:n:w 53773.8110093
