########################################
# legofit: estimate population history #
#       version 2.3.4-4-g53f8760       #
########################################

# Program was compiled: Sep 21 2021 14:36:42
# Program was run: Sat Oct  9 12:20:50 2021

# cmd: legofit -1 -d 0 -t 32 --ptsPerDim 3 --stateOut b1boot36.state --tol 3e-6 -S 5000 aef2.lgo ../../boot/boot36.opf
# Stage nOptItr nSimReps
#     0    5000        0
# algorithm          : deterministic
# ignoring probs <=  : 0
# Branch length floor: 0
# DE strategy        : 2
#    F               : 0.3
#    CR              : 0.8
#    tolerance       : 3e-06
# nthreads           : 32
# lgo input file     : aef2.lgo
# site pat input file: ../../boot/boot36.opf
# free parameters    : 16
# points in DE swarm : 48
# output state file  : b1boot36.state
# Including singleton site patterns.
# cost function      : KL
Initial parameter values
Fixed:
      zero = 0
       one = 1
    Tbecnw = 75200
Free:
       pc1 = 0
       pc2 = 0
       pc3 = 0
       pc4 = 0
       pc5 = 0
       pc6 = 0
       pc7 = 0
       pc8 = 0
       pc9 = 0
      pc10 = 0
      pc11 = 0
      pc12 = 0
      pc13 = 0
      pc14 = 0
      pc15 = 0
      pc16 = 0
Constrained:
   Tgbecnw = 101089
     Tecnw = 26943.5
       Tnw = 21170.4
       Tec = 15409.8
     twoNb = 782205
     twoNe = 1.57388e+06
     twoNc = 1.09676e+06
     twoNw = 2.54327e+06
    twoNec = 85122.7
    twoNnw = 23494.4
  twoNecnw = 88965.8
  twoNbecnw = 12802.3
  twoNgbecnw = 193903
         m = 0.201189
        m5 = 0.227909
        m6 = 0.0595866
        Ta = 37600
        Te = 7704.92
        Tf = 3852.46
DiffEv reached_goal. cost=1.96353e-03 spread=2.94966e-06
Fitted parameter values
Free:
       pc1 = 0.785521
       pc2 = -1.9776
       pc3 = -0.620664
       pc4 = 1.47694
       pc5 = 1.96978
       pc6 = -0.660502
       pc7 = 0.642515
       pc8 = 1.70614
       pc9 = -1.54645
      pc10 = -0.173035
      pc11 = -0.257565
      pc12 = 0.131844
      pc13 = 0.0627675
      pc14 = -0.0637164
      pc15 = 0.0132335
      pc16 = -0.0529168
Constrained:
   Tgbecnw = 87369.6
     Tecnw = 25122.1
       Tnw = 22239.7
       Tec = 10498.7
     twoNb = 599618
     twoNe = 1.61747e+06
     twoNc = 509370
     twoNw = 5.62689e+06
    twoNec = 103070
    twoNnw = 11628.3
  twoNecnw = 91138
  twoNbecnw = 6121.77
  twoNgbecnw = 204017
         m = 0.190061
        m5 = 0.240288
        m6 = 0.0729889
        Ta = 37600
        Te = 5249.33
        Tf = 2624.66
#       SitePat  BranchLen
              b 129778.6638487
              e 50548.8868453
              c 53127.3722134
              n 47897.6197421
              w 47858.3854353
            b:e 2210.2987898
            b:c 2505.2157614
            b:n 1873.7305464
            b:w 1870.7207118
            e:c 10912.8002386
            e:n 5788.4722148
            e:w 5814.7658962
            c:n 5103.9511695
            c:w 5107.2271869
            n:w 13151.0753042
          b:e:c 2251.2164610
          b:e:n 1200.5001927
          b:e:w 1201.8700112
          b:c:n 1212.5055166
          b:c:w 1210.8375972
          b:n:w 2208.7719012
          e:c:n 4585.4207757
          e:c:w 4595.0853837
          e:n:w 6905.3177615
          c:n:w 5718.8921480
        b:e:c:n 2170.2299063
        b:e:c:w 2173.5378418
        b:e:n:w 2857.8050211
        b:c:n:w 2541.9151396
        e:c:n:w 54051.6119072
