########################################
# legofit: estimate population history #
#       version 2.3.4-4-g53f8760       #
########################################

# Program was compiled: Sep 21 2021 14:36:42
# Program was run: Sat Oct  9 12:19:55 2021

# cmd: legofit -1 -d 0 -t 32 --ptsPerDim 3 --stateOut b1boot16.state --tol 3e-6 -S 5000 aef2.lgo ../../boot/boot16.opf
# Stage nOptItr nSimReps
#     0    5000        0
# algorithm          : deterministic
# ignoring probs <=  : 0
# Branch length floor: 0
# DE strategy        : 2
#    F               : 0.3
#    CR              : 0.8
#    tolerance       : 3e-06
# nthreads           : 32
# lgo input file     : aef2.lgo
# site pat input file: ../../boot/boot16.opf
# free parameters    : 16
# points in DE swarm : 48
# output state file  : b1boot16.state
# Including singleton site patterns.
# cost function      : KL
Initial parameter values
Fixed:
      zero = 0
       one = 1
    Tbecnw = 75200
Free:
       pc1 = 0
       pc2 = 0
       pc3 = 0
       pc4 = 0
       pc5 = 0
       pc6 = 0
       pc7 = 0
       pc8 = 0
       pc9 = 0
      pc10 = 0
      pc11 = 0
      pc12 = 0
      pc13 = 0
      pc14 = 0
      pc15 = 0
      pc16 = 0
Constrained:
   Tgbecnw = 101089
     Tecnw = 26943.5
       Tnw = 21170.4
       Tec = 15409.8
     twoNb = 782205
     twoNe = 1.57388e+06
     twoNc = 1.09676e+06
     twoNw = 2.54327e+06
    twoNec = 85122.7
    twoNnw = 23494.4
  twoNecnw = 88965.8
  twoNbecnw = 12802.3
  twoNgbecnw = 193903
         m = 0.201189
        m5 = 0.227909
        m6 = 0.0595866
        Ta = 37600
        Te = 7704.92
        Tf = 3852.46
DiffEv reached_goal. cost=1.90708e-03 spread=2.50802e-06
Fitted parameter values
Free:
       pc1 = 0.141127
       pc2 = -1.92494
       pc3 = -0.554386
       pc4 = 2.13226
       pc5 = 1.94035
       pc6 = -1.045
       pc7 = 0.252223
       pc8 = 1.9507
       pc9 = -1.18221
      pc10 = -0.578067
      pc11 = -0.276311
      pc12 = 0.118383
      pc13 = 0.0575284
      pc14 = 0.0149147
      pc15 = -0.0153874
      pc16 = -0.0663667
Constrained:
   Tgbecnw = 85720.7
     Tecnw = 25594.4
       Tnw = 21858.5
       Tec = 10790.6
     twoNb = 713669
     twoNe = 644122
     twoNc = 617182
     twoNw = 6.32652e+06
    twoNec = 99177.3
    twoNnw = 14677.9
  twoNecnw = 89465.8
  twoNbecnw = 5438.58
  twoNgbecnw = 197870
         m = 0.197342
        m5 = 0.252299
        m6 = 0.0874341
        Ta = 37600
        Te = 5395.29
        Tf = 2697.65
#       SitePat  BranchLen
              b 129623.3531168
              e 50401.1098227
              c 52991.1496794
              n 47659.5126242
              w 47622.7290667
            b:e 2209.9583121
            b:c 2507.5692915
            b:n 1863.4600388
            b:w 1860.6440577
            e:c 10841.9793296
            e:n 5761.5999520
            e:w 5784.9544088
            c:n 5074.0144943
            c:w 5078.3810599
            n:w 13126.0350375
          b:e:c 2247.2867366
          b:e:n 1194.8802826
          b:e:w 1195.9986594
          b:c:n 1206.5816288
          b:c:w 1205.1877955
          b:n:w 2204.7154080
          e:c:n 4567.4161650
          e:c:w 4576.4787001
          e:n:w 6940.8411553
          c:n:w 5744.9601051
        b:e:c:n 2155.4710431
        b:e:c:w 2158.5624808
        b:e:n:w 2855.5505750
        b:c:n:w 2537.0491132
        e:c:n:w 54134.1809169
