########################################
# legofit: estimate population history #
#       version 2.3.4-4-g53f8760       #
########################################

# Program was compiled: Sep 21 2021 14:36:42
# Program was run: Sat Oct  9 12:19:36 2021

# cmd: legofit -1 -d 0 -t 32 --ptsPerDim 3 --stateOut b1boot6.state --tol 3e-6 -S 5000 aef2.lgo ../../boot/boot6.opf
# Stage nOptItr nSimReps
#     0    5000        0
# algorithm          : deterministic
# ignoring probs <=  : 0
# Branch length floor: 0
# DE strategy        : 2
#    F               : 0.3
#    CR              : 0.8
#    tolerance       : 3e-06
# nthreads           : 32
# lgo input file     : aef2.lgo
# site pat input file: ../../boot/boot6.opf
# free parameters    : 16
# points in DE swarm : 48
# output state file  : b1boot6.state
# Including singleton site patterns.
# cost function      : KL
Initial parameter values
Fixed:
      zero = 0
       one = 1
    Tbecnw = 75200
Free:
       pc1 = 0
       pc2 = 0
       pc3 = 0
       pc4 = 0
       pc5 = 0
       pc6 = 0
       pc7 = 0
       pc8 = 0
       pc9 = 0
      pc10 = 0
      pc11 = 0
      pc12 = 0
      pc13 = 0
      pc14 = 0
      pc15 = 0
      pc16 = 0
Constrained:
   Tgbecnw = 101089
     Tecnw = 26943.5
       Tnw = 21170.4
       Tec = 15409.8
     twoNb = 782205
     twoNe = 1.57388e+06
     twoNc = 1.09676e+06
     twoNw = 2.54327e+06
    twoNec = 85122.7
    twoNnw = 23494.4
  twoNecnw = 88965.8
  twoNbecnw = 12802.3
  twoNgbecnw = 193903
         m = 0.201189
        m5 = 0.227909
        m6 = 0.0595866
        Ta = 37600
        Te = 7704.92
        Tf = 3852.46
DiffEv reached_goal. cost=1.92773e-03 spread=2.90024e-06
Fitted parameter values
Free:
       pc1 = 1.69567
       pc2 = -1.88748
       pc3 = -1.70686
       pc4 = 2.47538
       pc5 = 1.91321
       pc6 = 0.276943
       pc7 = -0.00574995
       pc8 = 1.89266
       pc9 = -1.28623
      pc10 = -0.357256
      pc11 = -0.22428
      pc12 = 0.0939158
      pc13 = 0.0191267
      pc14 = 0.00703812
      pc15 = -0.0180531
      pc16 = -0.0665968
Constrained:
   Tgbecnw = 84001.9
     Tecnw = 24407.1
       Tnw = 22708.4
       Tec = 13681.7
     twoNb = 119719
     twoNe = 797018
     twoNc = 2.87979e+06
     twoNw = 5.47816e+06
    twoNec = 75815.5
    twoNnw = 6877.67
  twoNecnw = 92531.5
  twoNbecnw = 4514.61
  twoNgbecnw = 200630
         m = 0.197385
        m5 = 0.23567
        m6 = 0.0686813
        Ta = 37600
        Te = 6840.87
        Tf = 3420.44
#       SitePat  BranchLen
              b 129244.7842307
              e 50294.0553707
              c 52831.7128509
              n 47578.8399097
              w 47543.0066580
            b:e 2187.8769326
            b:c 2478.6269084
            b:n 1858.0327140
            b:w 1855.2172048
            e:c 10777.4958421
            e:n 5751.0022679
            e:w 5774.7885265
            c:n 5079.4309954
            c:w 5082.4137479
            n:w 13085.9201367
          b:e:c 2241.1757017
          b:e:n 1190.2522956
          b:e:w 1191.5199787
          b:c:n 1202.3110154
          b:c:w 1200.7558783
          b:n:w 2198.1564372
          e:c:n 4555.5231163
          e:c:w 4564.5873571
          e:n:w 6840.4474835
          c:n:w 5666.7360544
        b:e:c:n 2161.4505749
        b:e:c:w 2164.5535380
        b:e:n:w 2838.6705795
        b:c:n:w 2526.6259844
        e:c:n:w 54006.6104091
