########################################
# legofit: estimate population history #
#       version 2.3.4-4-g53f8760       #
########################################

# Program was compiled: Sep 21 2021 14:36:42
# Program was run: Sat Oct  9 12:19:41 2021

# cmd: legofit -1 -d 0 -t 32 --ptsPerDim 3 --stateOut b1boot10.state --tol 3e-6 -S 5000 aef2.lgo ../../boot/boot10.opf
# Stage nOptItr nSimReps
#     0    5000        0
# algorithm          : deterministic
# ignoring probs <=  : 0
# Branch length floor: 0
# DE strategy        : 2
#    F               : 0.3
#    CR              : 0.8
#    tolerance       : 3e-06
# nthreads           : 32
# lgo input file     : aef2.lgo
# site pat input file: ../../boot/boot10.opf
# free parameters    : 16
# points in DE swarm : 48
# output state file  : b1boot10.state
# Including singleton site patterns.
# cost function      : KL
Initial parameter values
Fixed:
      zero = 0
       one = 1
    Tbecnw = 75200
Free:
       pc1 = 0
       pc2 = 0
       pc3 = 0
       pc4 = 0
       pc5 = 0
       pc6 = 0
       pc7 = 0
       pc8 = 0
       pc9 = 0
      pc10 = 0
      pc11 = 0
      pc12 = 0
      pc13 = 0
      pc14 = 0
      pc15 = 0
      pc16 = 0
Constrained:
   Tgbecnw = 101089
     Tecnw = 26943.5
       Tnw = 21170.4
       Tec = 15409.8
     twoNb = 782205
     twoNe = 1.57388e+06
     twoNc = 1.09676e+06
     twoNw = 2.54327e+06
    twoNec = 85122.7
    twoNnw = 23494.4
  twoNecnw = 88965.8
  twoNbecnw = 12802.3
  twoNgbecnw = 193903
         m = 0.201189
        m5 = 0.227909
        m6 = 0.0595866
        Ta = 37600
        Te = 7704.92
        Tf = 3852.46
DiffEv reached_goal. cost=1.95113e-03 spread=2.81804e-06
Fitted parameter values
Free:
       pc1 = 0.89832
       pc2 = -1.99541
       pc3 = -1.59856
       pc4 = 2.20637
       pc5 = 1.99816
       pc6 = -1.30179
       pc7 = 0.251468
       pc8 = 1.77084
       pc9 = -1.44975
      pc10 = -0.70671
      pc11 = -0.294835
      pc12 = 0.0599526
      pc13 = 0.130102
      pc14 = -0.0123518
      pc15 = -0.0244933
      pc16 = -0.0783092
Constrained:
   Tgbecnw = 83127.9
     Tecnw = 24881.7
       Tnw = 22624.1
       Tec = 12703.4
     twoNb = 820973
     twoNe = 149834
     twoNc = 524209
     twoNw = 5.55016e+06
    twoNec = 80552.1
    twoNnw = 8788.86
  twoNecnw = 90631.2
  twoNbecnw = 4101.87
  twoNgbecnw = 201258
         m = 0.194598
        m5 = 0.254187
        m6 = 0.0850032
        Ta = 37600
        Te = 6351.68
        Tf = 3175.84
#       SitePat  BranchLen
              b 128852.5738301
              e 49990.2121377
              c 52629.3543114
              n 47268.9881455
              w 47228.6182076
            b:e 2195.8908245
            b:c 2503.0669614
            b:n 1852.9092947
            b:w 1849.7394108
            e:c 10773.1802595
            e:n 5731.5798141
            e:w 5757.1771109
            c:n 5039.5184945
            c:w 5044.0994473
            n:w 13056.9019074
          b:e:c 2249.8291101
          b:e:n 1188.4513369
          b:e:w 1189.7200074
          b:c:n 1200.9481951
          b:c:w 1199.3598575
          b:n:w 2205.9360709
          e:c:n 4537.1379620
          e:c:w 4547.3296504
          e:n:w 6936.4938016
          c:n:w 5702.4906111
        b:e:c:n 2151.7961310
        b:e:c:w 2155.2856819
        b:e:n:w 2860.2449085
        b:c:n:w 2530.9320632
        e:c:n:w 53922.3549475
