########################################
# legofit: estimate population history #
#       version 2.3.4-4-g53f8760       #
########################################

# Program was compiled: Sep 21 2021 14:36:42
# Program was run: Sat Oct  9 12:19:22 2021

# cmd: legofit -1 -d 0 -t 32 --ptsPerDim 3 --stateOut b1boot2.state --tol 3e-6 -S 5000 aef2.lgo ../../boot/boot2.opf
# Stage nOptItr nSimReps
#     0    5000        0
# algorithm          : deterministic
# ignoring probs <=  : 0
# Branch length floor: 0
# DE strategy        : 2
#    F               : 0.3
#    CR              : 0.8
#    tolerance       : 3e-06
# nthreads           : 32
# lgo input file     : aef2.lgo
# site pat input file: ../../boot/boot2.opf
# free parameters    : 16
# points in DE swarm : 48
# output state file  : b1boot2.state
# Including singleton site patterns.
# cost function      : KL
Initial parameter values
Fixed:
      zero = 0
       one = 1
    Tbecnw = 75200
Free:
       pc1 = 0
       pc2 = 0
       pc3 = 0
       pc4 = 0
       pc5 = 0
       pc6 = 0
       pc7 = 0
       pc8 = 0
       pc9 = 0
      pc10 = 0
      pc11 = 0
      pc12 = 0
      pc13 = 0
      pc14 = 0
      pc15 = 0
      pc16 = 0
Constrained:
   Tgbecnw = 101089
     Tecnw = 26943.5
       Tnw = 21170.4
       Tec = 15409.8
     twoNb = 782205
     twoNe = 1.57388e+06
     twoNc = 1.09676e+06
     twoNw = 2.54327e+06
    twoNec = 85122.7
    twoNnw = 23494.4
  twoNecnw = 88965.8
  twoNbecnw = 12802.3
  twoNgbecnw = 193903
         m = 0.201189
        m5 = 0.227909
        m6 = 0.0595866
        Ta = 37600
        Te = 7704.92
        Tf = 3852.46
DiffEv reached_goal. cost=1.96409e-03 spread=2.57027e-06
Fitted parameter values
Free:
       pc1 = 1.39629
       pc2 = -1.99458
       pc3 = -1.81969
       pc4 = 1.37036
       pc5 = 1.99072
       pc6 = -0.655399
       pc7 = -0.189412
       pc8 = 1.92841
       pc9 = -0.833843
      pc10 = -0.370929
      pc11 = -0.176901
      pc12 = 0.0743449
      pc13 = -0.0388019
      pc14 = 0.0151747
      pc15 = 0.019456
      pc16 = -0.0368816
Constrained:
   Tgbecnw = 86418.2
     Tecnw = 24710.3
       Tnw = 22722.4
       Tec = 14543.4
     twoNb = 903101
     twoNe = 30406.6
     twoNc = 1.7809e+06
     twoNw = 5.56014e+06
    twoNec = 72741.4
    twoNnw = 8058.93
  twoNecnw = 90405.6
  twoNbecnw = 5629.58
  twoNgbecnw = 207398
         m = 0.185196
        m5 = 0.231942
        m6 = 0.0661254
        Ta = 37600
        Te = 7271.68
        Tf = 3635.84
#       SitePat  BranchLen
              b 129289.9323406
              e 50422.2823154
              c 52931.8936900
              n 47647.8613125
              w 47614.1851070
            b:e 2205.1970574
            b:c 2495.0775287
            b:n 1871.0881940
            b:w 1868.4175421
            e:c 10751.5124318
            e:n 5750.8847651
            e:w 5773.2512406
            c:n 5089.0408363
            c:w 5091.7646179
            n:w 13098.2384319
          b:e:c 2253.4255647
          b:e:n 1195.8343513
          b:e:w 1197.0452556
          b:c:n 1207.4764579
          b:c:w 1206.0009008
          b:n:w 2211.2249559
          e:c:n 4595.8967703
          e:c:w 4604.4827188
          e:n:w 6882.6689490
          c:n:w 5716.3881258
        b:e:c:n 2167.4926169
        b:e:c:w 2170.4279216
        b:e:n:w 2846.7844145
        b:c:n:w 2536.3061915
        e:c:n:w 53904.5449204
