########################################
# legofit: estimate population history #
#       version 2.3.4-4-g53f8760       #
########################################

# Program was compiled: Sep 21 2021 14:36:42
# Program was run: Sat Oct  9 12:21:04 2021

# cmd: legofit -1 -d 0 -t 32 --ptsPerDim 3 --stateOut b1boot43.state --tol 3e-6 -S 5000 aef2.lgo ../../boot/boot43.opf
# Stage nOptItr nSimReps
#     0    5000        0
# algorithm          : deterministic
# ignoring probs <=  : 0
# Branch length floor: 0
# DE strategy        : 2
#    F               : 0.3
#    CR              : 0.8
#    tolerance       : 3e-06
# nthreads           : 32
# lgo input file     : aef2.lgo
# site pat input file: ../../boot/boot43.opf
# free parameters    : 16
# points in DE swarm : 48
# output state file  : b1boot43.state
# Including singleton site patterns.
# cost function      : KL
Initial parameter values
Fixed:
      zero = 0
       one = 1
    Tbecnw = 75200
Free:
       pc1 = 0
       pc2 = 0
       pc3 = 0
       pc4 = 0
       pc5 = 0
       pc6 = 0
       pc7 = 0
       pc8 = 0
       pc9 = 0
      pc10 = 0
      pc11 = 0
      pc12 = 0
      pc13 = 0
      pc14 = 0
      pc15 = 0
      pc16 = 0
Constrained:
   Tgbecnw = 101089
     Tecnw = 26943.5
       Tnw = 21170.4
       Tec = 15409.8
     twoNb = 782205
     twoNe = 1.57388e+06
     twoNc = 1.09676e+06
     twoNw = 2.54327e+06
    twoNec = 85122.7
    twoNnw = 23494.4
  twoNecnw = 88965.8
  twoNbecnw = 12802.3
  twoNgbecnw = 193903
         m = 0.201189
        m5 = 0.227909
        m6 = 0.0595866
        Ta = 37600
        Te = 7704.92
        Tf = 3852.46
DiffEv reached_goal. cost=1.96677e-03 spread=2.99538e-06
Fitted parameter values
Free:
       pc1 = 1.67619
       pc2 = -1.93822
       pc3 = -1.39847
       pc4 = 2.09693
       pc5 = 1.95765
       pc6 = 0.239081
       pc7 = 0.201479
       pc8 = 1.95773
       pc9 = -0.987695
      pc10 = -0.402129
      pc11 = -0.319756
      pc12 = 0.0737685
      pc13 = 0.109069
      pc14 = 0.00240665
      pc15 = -0.00822425
      pc16 = -0.0299634
Constrained:
   Tgbecnw = 85637.3
     Tecnw = 24463.5
       Tnw = 22755.7
       Tec = 13338.9
     twoNb = 141818
     twoNe = 992426
     twoNc = 2.54618e+06
     twoNw = 5.71398e+06
    twoNec = 81193.3
    twoNnw = 6939.76
  twoNecnw = 91188.7
  twoNbecnw = 5345.83
  twoNgbecnw = 200218
         m = 0.193643
        m5 = 0.232436
        m6 = 0.0593661
        Ta = 37600
        Te = 6669.45
        Tf = 3334.72
#       SitePat  BranchLen
              b 129229.2994487
              e 50310.3226401
              c 52928.0505440
              n 47596.7500557
              w 47563.5059222
            b:e 2197.6697834
            b:c 2498.9464339
            b:n 1866.4701251
            b:w 1863.8517909
            e:c 10798.0792198
            e:n 5777.2423669
            e:w 5800.4116832
            c:n 5087.6008270
            c:w 5089.2533916
            n:w 13125.8914129
          b:e:c 2248.5185489
          b:e:n 1194.4647745
          b:e:w 1195.7877463
          b:c:n 1206.6421254
          b:c:w 1205.0583666
          b:n:w 2205.8480583
          e:c:n 4593.6328577
          e:c:w 4602.0551104
          e:n:w 6917.5544303
          c:n:w 5700.6263578
        b:e:c:n 2163.1344706
        b:e:c:w 2166.0135917
        b:e:n:w 2851.7539832
        b:c:n:w 2529.0293615
        e:c:n:w 53805.8474021
