########################################
# legofit: estimate population history #
#       version 2.3.4-4-g53f8760       #
########################################

# Program was compiled: Sep 21 2021 14:36:42
# Program was run: Sat Oct  9 12:20:50 2021

# cmd: legofit -1 -d 0 -t 32 --ptsPerDim 3 --stateOut b1boot37.state --tol 3e-6 -S 5000 aef2.lgo ../../boot/boot37.opf
# Stage nOptItr nSimReps
#     0    5000        0
# algorithm          : deterministic
# ignoring probs <=  : 0
# Branch length floor: 0
# DE strategy        : 2
#    F               : 0.3
#    CR              : 0.8
#    tolerance       : 3e-06
# nthreads           : 32
# lgo input file     : aef2.lgo
# site pat input file: ../../boot/boot37.opf
# free parameters    : 16
# points in DE swarm : 48
# output state file  : b1boot37.state
# Including singleton site patterns.
# cost function      : KL
Initial parameter values
Fixed:
      zero = 0
       one = 1
    Tbecnw = 75200
Free:
       pc1 = 0
       pc2 = 0
       pc3 = 0
       pc4 = 0
       pc5 = 0
       pc6 = 0
       pc7 = 0
       pc8 = 0
       pc9 = 0
      pc10 = 0
      pc11 = 0
      pc12 = 0
      pc13 = 0
      pc14 = 0
      pc15 = 0
      pc16 = 0
Constrained:
   Tgbecnw = 101089
     Tecnw = 26943.5
       Tnw = 21170.4
       Tec = 15409.8
     twoNb = 782205
     twoNe = 1.57388e+06
     twoNc = 1.09676e+06
     twoNw = 2.54327e+06
    twoNec = 85122.7
    twoNnw = 23494.4
  twoNecnw = 88965.8
  twoNbecnw = 12802.3
  twoNgbecnw = 193903
         m = 0.201189
        m5 = 0.227909
        m6 = 0.0595866
        Ta = 37600
        Te = 7704.92
        Tf = 3852.46
DiffEv reached_goal. cost=1.96962e-03 spread=2.61230e-06
Fitted parameter values
Free:
       pc1 = 1.14346
       pc2 = -1.98728
       pc3 = -1.87868
       pc4 = 1.95732
       pc5 = 1.99495
       pc6 = -0.573118
       pc7 = 0.122341
       pc8 = 1.88722
       pc9 = -0.911395
      pc10 = -0.250667
      pc11 = -0.170935
      pc12 = 0.0603819
      pc13 = 0.0729922
      pc14 = 0.042892
      pc15 = 0.0040557
      pc16 = -0.0407597
Constrained:
   Tgbecnw = 84670.9
     Tecnw = 24623.8
       Tnw = 22295.6
       Tec = 14661.6
     twoNb = 591517
     twoNe = 420619
     twoNc = 1.56788e+06
     twoNw = 5.69245e+06
    twoNec = 68800.7
    twoNnw = 9341.28
  twoNecnw = 90634.9
  twoNbecnw = 4799.93
  twoNgbecnw = 204985
         m = 0.190726
        m5 = 0.239155
        m6 = 0.0708415
        Ta = 37600
        Te = 7330.81
        Tf = 3665.4
#       SitePat  BranchLen
              b 129243.1215260
              e 50138.4027302
              c 52712.1974844
              n 47380.8245209
              w 47347.6433493
            b:e 2179.1905759
            b:c 2473.6916870
            b:n 1851.5484367
            b:w 1848.9391031
            e:c 10741.1316649
            e:n 5739.1863458
            e:w 5760.8473699
            c:n 5057.9024137
            c:w 5060.9859022
            n:w 13100.4931889
          b:e:c 2236.1792418
          b:e:n 1182.7167689
          b:e:w 1183.8500966
          b:c:n 1194.5412756
          b:c:w 1193.1467970
          b:n:w 2194.1839023
          e:c:n 4566.9907973
          e:c:w 4575.4274563
          e:n:w 6869.2384522
          c:n:w 5676.5890978
        b:e:c:n 2147.8547832
        b:e:c:w 2150.7252677
        b:e:n:w 2825.2938857
        b:c:n:w 2509.6715673
        e:c:n:w 54117.6194786
