########################################
# legofit: estimate population history #
#       version 2.3.4-4-g53f8760       #
########################################

# Program was compiled: Sep 21 2021 14:36:42
# Program was run: Sat Oct  9 12:20:06 2021

# cmd: legofit -1 -d 0 -t 32 --ptsPerDim 3 --stateOut b1boot21.state --tol 3e-6 -S 5000 aef2.lgo ../../boot/boot21.opf
# Stage nOptItr nSimReps
#     0    5000        0
# algorithm          : deterministic
# ignoring probs <=  : 0
# Branch length floor: 0
# DE strategy        : 2
#    F               : 0.3
#    CR              : 0.8
#    tolerance       : 3e-06
# nthreads           : 32
# lgo input file     : aef2.lgo
# site pat input file: ../../boot/boot21.opf
# free parameters    : 16
# points in DE swarm : 48
# output state file  : b1boot21.state
# Including singleton site patterns.
# cost function      : KL
Initial parameter values
Fixed:
      zero = 0
       one = 1
    Tbecnw = 75200
Free:
       pc1 = 0
       pc2 = 0
       pc3 = 0
       pc4 = 0
       pc5 = 0
       pc6 = 0
       pc7 = 0
       pc8 = 0
       pc9 = 0
      pc10 = 0
      pc11 = 0
      pc12 = 0
      pc13 = 0
      pc14 = 0
      pc15 = 0
      pc16 = 0
Constrained:
   Tgbecnw = 101089
     Tecnw = 26943.5
       Tnw = 21170.4
       Tec = 15409.8
     twoNb = 782205
     twoNe = 1.57388e+06
     twoNc = 1.09676e+06
     twoNw = 2.54327e+06
    twoNec = 85122.7
    twoNnw = 23494.4
  twoNecnw = 88965.8
  twoNbecnw = 12802.3
  twoNgbecnw = 193903
         m = 0.201189
        m5 = 0.227909
        m6 = 0.0595866
        Ta = 37600
        Te = 7704.92
        Tf = 3852.46
DiffEv reached_goal. cost=1.94853e-03 spread=2.55354e-06
Fitted parameter values
Free:
       pc1 = 0.0918526
       pc2 = -1.98028
       pc3 = -0.935268
       pc4 = 1.76864
       pc5 = 1.99045
       pc6 = -1.42989
       pc7 = -0.0785811
       pc8 = 1.7683
       pc9 = -0.952503
      pc10 = -0.557661
      pc11 = -0.278253
      pc12 = 0.120657
      pc13 = 0.0489893
      pc14 = 0.0877697
      pc15 = 0.00313522
      pc16 = -0.0423874
Constrained:
   Tgbecnw = 86021.9
     Tecnw = 25535.9
       Tnw = 21792.8
       Tec = 12052.3
     twoNb = 1.19427e+06
     twoNe = 197531
     twoNc = 527149
     twoNw = 6.06654e+06
    twoNec = 89005.9
    twoNnw = 14623.5
  twoNecnw = 88676.7
  twoNbecnw = 5567.89
  twoNgbecnw = 200646
         m = 0.19255
        m5 = 0.251875
        m6 = 0.0892581
        Ta = 37600
        Te = 6026.13
        Tf = 3013.06
#       SitePat  BranchLen
              b 129548.6217174
              e 50291.6378499
              c 52852.8972782
              n 47495.3834330
              w 47458.5883817
            b:e 2217.3477827
            b:c 2513.3189056
            b:n 1869.0177716
            b:w 1866.1667491
            e:c 10832.3245024
            e:n 5754.4826136
            e:w 5777.3402888
            c:n 5077.0901255
            c:w 5081.8434744
            n:w 13151.6601222
          b:e:c 2257.8415629
          b:e:n 1195.5866684
          b:e:w 1196.6636524
          b:c:n 1207.0745557
          b:c:w 1205.7216198
          b:n:w 2215.6792727
          e:c:n 4590.2831216
          e:c:w 4599.4671489
          e:n:w 6965.0062351
          c:n:w 5776.6361094
        b:e:c:n 2158.7190368
        b:e:c:w 2161.8460112
        b:e:n:w 2858.4443867
        b:c:n:w 2541.9274092
        e:c:n:w 54156.9862407
