########################################
# legofit: estimate population history #
#       version 2.3.4-4-g53f8760       #
########################################

# Program was compiled: Sep 21 2021 14:36:42
# Program was run: Sat Oct  9 12:20:37 2021

# cmd: legofit -1 -d 0 -t 32 --ptsPerDim 3 --stateOut b1boot33.state --tol 3e-6 -S 5000 aef2.lgo ../../boot/boot33.opf
# Stage nOptItr nSimReps
#     0    5000        0
# algorithm          : deterministic
# ignoring probs <=  : 0
# Branch length floor: 0
# DE strategy        : 2
#    F               : 0.3
#    CR              : 0.8
#    tolerance       : 3e-06
# nthreads           : 32
# lgo input file     : aef2.lgo
# site pat input file: ../../boot/boot33.opf
# free parameters    : 16
# points in DE swarm : 48
# output state file  : b1boot33.state
# Including singleton site patterns.
# cost function      : KL
Initial parameter values
Fixed:
      zero = 0
       one = 1
    Tbecnw = 75200
Free:
       pc1 = 0
       pc2 = 0
       pc3 = 0
       pc4 = 0
       pc5 = 0
       pc6 = 0
       pc7 = 0
       pc8 = 0
       pc9 = 0
      pc10 = 0
      pc11 = 0
      pc12 = 0
      pc13 = 0
      pc14 = 0
      pc15 = 0
      pc16 = 0
Constrained:
   Tgbecnw = 101089
     Tecnw = 26943.5
       Tnw = 21170.4
       Tec = 15409.8
     twoNb = 782205
     twoNe = 1.57388e+06
     twoNc = 1.09676e+06
     twoNw = 2.54327e+06
    twoNec = 85122.7
    twoNnw = 23494.4
  twoNecnw = 88965.8
  twoNbecnw = 12802.3
  twoNgbecnw = 193903
         m = 0.201189
        m5 = 0.227909
        m6 = 0.0595866
        Ta = 37600
        Te = 7704.92
        Tf = 3852.46
DiffEv reached_goal. cost=1.92427e-03 spread=2.47895e-06
Fitted parameter values
Free:
       pc1 = 1.74606
       pc2 = -1.91768
       pc3 = -1.99462
       pc4 = 2.10726
       pc5 = 1.98117
       pc6 = -0.508774
       pc7 = 0.226019
       pc8 = 1.91769
       pc9 = -1.11137
      pc10 = -0.309052
      pc11 = -0.196997
      pc12 = 0.0573468
      pc13 = 0.109585
      pc14 = -0.000239051
      pc15 = -0.0123877
      pc16 = -0.0451458
Constrained:
   Tgbecnw = 84021.6
     Tecnw = 24258.2
       Tnw = 22806.9
       Tec = 14580.4
     twoNb = 456809
     twoNe = 329583
     twoNc = 1.61629e+06
     twoNw = 5.48679e+06
    twoNec = 68165.6
    twoNnw = 5823.49
  twoNecnw = 91813.1
  twoNbecnw = 4482.05
  twoNgbecnw = 203787
         m = 0.193094
        m5 = 0.235673
        m6 = 0.0638726
        Ta = 37600
        Te = 7290.21
        Tf = 3645.11
#       SitePat  BranchLen
              b 129110.0898888
              e 50078.6856610
              c 52692.0123491
              n 47348.5222915
              w 47314.4917193
            b:e 2170.1784138
            b:c 2469.6929861
            b:n 1843.2210770
            b:w 1840.5355742
            e:c 10758.2824150
            e:n 5733.5643959
            e:w 5756.5822804
            c:n 5045.7410391
            c:w 5048.0708196
            n:w 13104.8864457
          b:e:c 2233.8634129
          b:e:n 1178.2258719
          b:e:w 1179.4964713
          b:c:n 1190.4890382
          b:c:w 1188.9456350
          b:n:w 2190.9861317
          e:c:n 4548.6454921
          e:c:w 4557.3283992
          e:n:w 6868.7208498
          c:n:w 5651.7289794
        b:e:c:n 2142.1487003
        b:e:c:w 2145.1070068
        b:e:n:w 2825.1759602
        b:c:n:w 2503.9490579
        e:c:n:w 54036.0998954
