########################################
# legofit: estimate population history #
#       version 2.3.4-4-g53f8760       #
########################################

# Program was compiled: Sep 21 2021 14:36:42
# Program was run: Sat Oct  9 12:20:01 2021

# cmd: legofit -1 -d 0 -t 32 --ptsPerDim 3 --stateOut b1boot18.state --tol 3e-6 -S 5000 aef2.lgo ../../boot/boot18.opf
# Stage nOptItr nSimReps
#     0    5000        0
# algorithm          : deterministic
# ignoring probs <=  : 0
# Branch length floor: 0
# DE strategy        : 2
#    F               : 0.3
#    CR              : 0.8
#    tolerance       : 3e-06
# nthreads           : 32
# lgo input file     : aef2.lgo
# site pat input file: ../../boot/boot18.opf
# free parameters    : 16
# points in DE swarm : 48
# output state file  : b1boot18.state
# Including singleton site patterns.
# cost function      : KL
Initial parameter values
Fixed:
      zero = 0
       one = 1
    Tbecnw = 75200
Free:
       pc1 = 0
       pc2 = 0
       pc3 = 0
       pc4 = 0
       pc5 = 0
       pc6 = 0
       pc7 = 0
       pc8 = 0
       pc9 = 0
      pc10 = 0
      pc11 = 0
      pc12 = 0
      pc13 = 0
      pc14 = 0
      pc15 = 0
      pc16 = 0
Constrained:
   Tgbecnw = 101089
     Tecnw = 26943.5
       Tnw = 21170.4
       Tec = 15409.8
     twoNb = 782205
     twoNe = 1.57388e+06
     twoNc = 1.09676e+06
     twoNw = 2.54327e+06
    twoNec = 85122.7
    twoNnw = 23494.4
  twoNecnw = 88965.8
  twoNbecnw = 12802.3
  twoNgbecnw = 193903
         m = 0.201189
        m5 = 0.227909
        m6 = 0.0595866
        Ta = 37600
        Te = 7704.92
        Tf = 3852.46
DiffEv reached_goal. cost=1.97520e-03 spread=2.98772e-06
Fitted parameter values
Free:
       pc1 = 0.181011
       pc2 = -1.98381
       pc3 = -0.245268
       pc4 = 2.19014
       pc5 = 1.99671
       pc6 = -1.15265
       pc7 = -0.420884
       pc8 = 1.98167
       pc9 = -1.62447
      pc10 = -0.354811
      pc11 = -0.352916
      pc12 = 0.181249
      pc13 = 0.0541587
      pc14 = 0.0201312
      pc15 = 0.000849856
      pc16 = -0.0648181
Constrained:
   Tgbecnw = 85807.7
     Tecnw = 25484.8
       Tnw = 21588.6
       Tec = 9005.78
     twoNb = 1.12612e+06
     twoNe = 299580
     twoNc = 1.1935e+06
     twoNw = 6.38061e+06
    twoNec = 110709
    twoNnw = 15408.7
  twoNecnw = 91253.3
  twoNbecnw = 5469.84
  twoNgbecnw = 197578
         m = 0.198494
        m5 = 0.254548
        m6 = 0.0928443
        Ta = 37600
        Te = 4502.89
        Tf = 2251.44
#       SitePat  BranchLen
              b 129617.6033941
              e 50486.6092072
              c 53040.1084353
              n 47769.3029610
              w 47730.2157543
            b:e 2218.9809218
            b:c 2510.2180013
            b:n 1869.8515123
            b:w 1866.8939824
            e:c 10900.0128863
            e:n 5799.9379056
            e:w 5824.6035548
            c:n 5117.4098912
            c:w 5122.3224430
            n:w 13144.8553260
          b:e:c 2246.3986603
          b:e:n 1203.4557679
          b:e:w 1204.5993012
          b:c:n 1215.1791968
          b:c:w 1213.7416350
          b:n:w 2203.1667089
          e:c:n 4560.1177141
          e:c:w 4569.6267199
          e:n:w 6917.9742918
          c:n:w 5749.2841900
        b:e:c:n 2168.1975745
        b:e:c:w 2171.4491329
        b:e:n:w 2865.3334404
        b:c:n:w 2553.2305982
        e:c:n:w 53991.0027493
