########################################
# legofit: estimate population history #
#       version 2.3.4-4-g53f8760       #
########################################

# Program was compiled: Sep 21 2021 14:36:42
# Program was run: Sat Oct  9 12:21:18 2021

# cmd: legofit -1 -d 0 -t 32 --ptsPerDim 3 --stateOut b1boot49.state --tol 3e-6 -S 5000 aef2.lgo ../../boot/boot49.opf
# Stage nOptItr nSimReps
#     0    5000        0
# algorithm          : deterministic
# ignoring probs <=  : 0
# Branch length floor: 0
# DE strategy        : 2
#    F               : 0.3
#    CR              : 0.8
#    tolerance       : 3e-06
# nthreads           : 32
# lgo input file     : aef2.lgo
# site pat input file: ../../boot/boot49.opf
# free parameters    : 16
# points in DE swarm : 48
# output state file  : b1boot49.state
# Including singleton site patterns.
# cost function      : KL
Initial parameter values
Fixed:
      zero = 0
       one = 1
    Tbecnw = 75200
Free:
       pc1 = 0
       pc2 = 0
       pc3 = 0
       pc4 = 0
       pc5 = 0
       pc6 = 0
       pc7 = 0
       pc8 = 0
       pc9 = 0
      pc10 = 0
      pc11 = 0
      pc12 = 0
      pc13 = 0
      pc14 = 0
      pc15 = 0
      pc16 = 0
Constrained:
   Tgbecnw = 101089
     Tecnw = 26943.5
       Tnw = 21170.4
       Tec = 15409.8
     twoNb = 782205
     twoNe = 1.57388e+06
     twoNc = 1.09676e+06
     twoNw = 2.54327e+06
    twoNec = 85122.7
    twoNnw = 23494.4
  twoNecnw = 88965.8
  twoNbecnw = 12802.3
  twoNgbecnw = 193903
         m = 0.201189
        m5 = 0.227909
        m6 = 0.0595866
        Ta = 37600
        Te = 7704.92
        Tf = 3852.46
DiffEv reached_goal. cost=1.97205e-03 spread=2.75128e-06
Fitted parameter values
Free:
       pc1 = 1.36237
       pc2 = -1.75312
       pc3 = -1.86634
       pc4 = 2.10938
       pc5 = 1.96904
       pc6 = -0.464326
       pc7 = 0.487879
       pc8 = 1.93165
       pc9 = -1.04763
      pc10 = -0.386804
      pc11 = -0.328401
      pc12 = 0.044246
      pc13 = 0.119168
      pc14 = -0.0141428
      pc15 = -0.00749519
      pc16 = -0.0436819
Constrained:
   Tgbecnw = 84741.2
     Tecnw = 24517.3
       Tnw = 22687.7
       Tec = 14619.9
     twoNb = 281032
     twoNe = 634623
     twoNc = 1.28385e+06
     twoNw = 5.65619e+06
    twoNec = 68136.8
    twoNnw = 7346.68
  twoNecnw = 91259.9
  twoNbecnw = 4881.03
  twoNgbecnw = 201614
         m = 0.191959
        m5 = 0.241679
        m6 = 0.0694536
        Ta = 37600
        Te = 7309.95
        Tf = 3654.97
#       SitePat  BranchLen
              b 128863.1769269
              e 50146.5091225
              c 52772.5628220
              n 47458.3596958
              w 47424.1049423
            b:e 2184.8492315
            b:c 2487.3501058
            b:n 1860.0714144
            b:w 1857.3581662
            e:c 10773.5833528
            e:n 5758.5506488
            e:w 5781.2103688
            c:n 5066.1936944
            c:w 5069.0389497
            n:w 13088.3565408
          b:e:c 2245.2283248
          b:e:n 1188.1580954
          b:e:w 1189.3765573
          b:c:n 1200.3825364
          b:c:w 1198.8918490
          b:n:w 2203.1011962
          e:c:n 4579.9026794
          e:c:w 4588.6524576
          e:n:w 6898.5706966
          c:n:w 5677.0453707
        b:e:c:n 2158.1288276
        b:e:c:w 2161.1143013
        b:e:n:w 2841.2538748
        b:c:n:w 2517.0132679
        e:c:n:w 53660.3661363
