########################################
# legofit: estimate population history #
#       version 2.3.4-4-g53f8760       #
########################################

# Program was compiled: Sep 21 2021 14:36:42
# Program was run: Sat Oct  9 12:19:36 2021

# cmd: legofit -1 -d 0 -t 32 --ptsPerDim 3 --stateOut b1boot8.state --tol 3e-6 -S 5000 aef2.lgo ../../boot/boot8.opf
# Stage nOptItr nSimReps
#     0    5000        0
# algorithm          : deterministic
# ignoring probs <=  : 0
# Branch length floor: 0
# DE strategy        : 2
#    F               : 0.3
#    CR              : 0.8
#    tolerance       : 3e-06
# nthreads           : 32
# lgo input file     : aef2.lgo
# site pat input file: ../../boot/boot8.opf
# free parameters    : 16
# points in DE swarm : 48
# output state file  : b1boot8.state
# Including singleton site patterns.
# cost function      : KL
Initial parameter values
Fixed:
      zero = 0
       one = 1
    Tbecnw = 75200
Free:
       pc1 = 0
       pc2 = 0
       pc3 = 0
       pc4 = 0
       pc5 = 0
       pc6 = 0
       pc7 = 0
       pc8 = 0
       pc9 = 0
      pc10 = 0
      pc11 = 0
      pc12 = 0
      pc13 = 0
      pc14 = 0
      pc15 = 0
      pc16 = 0
Constrained:
   Tgbecnw = 101089
     Tecnw = 26943.5
       Tnw = 21170.4
       Tec = 15409.8
     twoNb = 782205
     twoNe = 1.57388e+06
     twoNc = 1.09676e+06
     twoNw = 2.54327e+06
    twoNec = 85122.7
    twoNnw = 23494.4
  twoNecnw = 88965.8
  twoNbecnw = 12802.3
  twoNgbecnw = 193903
         m = 0.201189
        m5 = 0.227909
        m6 = 0.0595866
        Ta = 37600
        Te = 7704.92
        Tf = 3852.46
DiffEv reached_goal. cost=1.93310e-03 spread=2.30307e-06
Fitted parameter values
Free:
       pc1 = 0.464274
       pc2 = -1.97992
       pc3 = -1.63571
       pc4 = 2.70175
       pc5 = 1.99799
       pc6 = -1.23003
       pc7 = 0.342744
       pc8 = 0.850833
       pc9 = -1.73535
      pc10 = -0.424495
      pc11 = -0.47151
      pc12 = 0.116118
      pc13 = 0.107937
      pc14 = 0.076597
      pc15 = -0.0577383
      pc16 = -0.0896212
Constrained:
   Tgbecnw = 81486.5
     Tecnw = 24840.4
       Tnw = 21860.9
       Tec = 12798.5
     twoNb = 928043
     twoNe = 1.35936e+06
     twoNc = 465977
     twoNw = 4.65951e+06
    twoNec = 76060.8
    twoNnw = 11567.4
  twoNecnw = 91200.4
  twoNbecnw = 3294.87
  twoNgbecnw = 195899
         m = 0.1988
        m5 = 0.261981
        m6 = 0.100649
        Ta = 37600
        Te = 6399.24
        Tf = 3199.62
#       SitePat  BranchLen
              b 127801.9975829
              e 49754.0288186
              c 52296.3058277
              n 47009.9326508
              w 46960.5443826
            b:e 2162.8118642
            b:c 2452.5362235
            b:n 1825.8260287
            b:w 1822.0153190
            e:c 10714.1888232
            e:n 5719.2181642
            e:w 5748.5921631
            c:n 5046.6467004
            c:w 5054.2468844
            n:w 12997.9725675
          b:e:c 2208.9803773
          b:e:n 1172.1907777
          b:e:w 1173.4648321
          b:c:n 1184.2678789
          b:c:w 1182.6060774
          b:n:w 2166.2465685
          e:c:n 4499.0192440
          e:c:w 4511.4333294
          e:n:w 6849.0514821
          c:n:w 5673.6912156
        b:e:c:n 2123.2457810
        b:e:c:w 2127.4442378
        b:e:n:w 2807.3035411
        b:c:n:w 2496.3608352
        e:c:n:w 53136.3244893
