########################################
# legofit: estimate population history #
#       version 2.3.4-4-g53f8760       #
########################################

# Program was compiled: Sep 21 2021 14:36:42
# Program was run: Sat Oct  9 12:19:22 2021

# cmd: legofit -1 -d 0 -t 32 --ptsPerDim 3 --stateOut b1boot4.state --tol 3e-6 -S 5000 aef2.lgo ../../boot/boot4.opf
# Stage nOptItr nSimReps
#     0    5000        0
# algorithm          : deterministic
# ignoring probs <=  : 0
# Branch length floor: 0
# DE strategy        : 2
#    F               : 0.3
#    CR              : 0.8
#    tolerance       : 3e-06
# nthreads           : 32
# lgo input file     : aef2.lgo
# site pat input file: ../../boot/boot4.opf
# free parameters    : 16
# points in DE swarm : 48
# output state file  : b1boot4.state
# Including singleton site patterns.
# cost function      : KL
Initial parameter values
Fixed:
      zero = 0
       one = 1
    Tbecnw = 75200
Free:
       pc1 = 0
       pc2 = 0
       pc3 = 0
       pc4 = 0
       pc5 = 0
       pc6 = 0
       pc7 = 0
       pc8 = 0
       pc9 = 0
      pc10 = 0
      pc11 = 0
      pc12 = 0
      pc13 = 0
      pc14 = 0
      pc15 = 0
      pc16 = 0
Constrained:
   Tgbecnw = 101089
     Tecnw = 26943.5
       Tnw = 21170.4
       Tec = 15409.8
     twoNb = 782205
     twoNe = 1.57388e+06
     twoNc = 1.09676e+06
     twoNw = 2.54327e+06
    twoNec = 85122.7
    twoNnw = 23494.4
  twoNecnw = 88965.8
  twoNbecnw = 12802.3
  twoNgbecnw = 193903
         m = 0.201189
        m5 = 0.227909
        m6 = 0.0595866
        Ta = 37600
        Te = 7704.92
        Tf = 3852.46
DiffEv reached_goal. cost=1.97017e-03 spread=2.59907e-06
Fitted parameter values
Free:
       pc1 = 0.737163
       pc2 = -1.97189
       pc3 = -1.93273
       pc4 = 2.3332
       pc5 = 1.97872
       pc6 = -0.902452
       pc7 = 0.437176
       pc8 = 1.75754
       pc9 = -0.937145
      pc10 = -0.304027
      pc11 = -0.132065
      pc12 = 0.0553963
      pc13 = -0.065436
      pc14 = -0.000353436
      pc15 = -0.0336045
      pc16 = -0.0827383
Constrained:
   Tgbecnw = 82872.7
     Tecnw = 24918.1
       Tnw = 22066
       Tec = 14967.3
     twoNb = 524744
     twoNe = 548260
     twoNc = 809919
     twoNw = 5.71276e+06
    twoNec = 65887.9
    twoNnw = 11317
  twoNecnw = 90327.8
  twoNbecnw = 3942.3
  twoNgbecnw = 202586
         m = 0.193573
        m5 = 0.243705
        m6 = 0.0812047
        Ta = 37600
        Te = 7483.64
        Tf = 3741.82
#       SitePat  BranchLen
              b 128715.2108297
              e 50105.7559684
              c 52612.1498996
              n 47331.5843997
              w 47297.5659102
            b:e 2176.2572917
            b:c 2463.3901958
            b:n 1847.1332573
            b:w 1844.4639791
            e:c 10709.9344060
            e:n 5692.5080097
            e:w 5713.6056162
            c:n 5026.5075650
            c:w 5030.8207164
            n:w 13059.8075018
          b:e:c 2237.3528114
          b:e:n 1179.2661808
          b:e:w 1180.2804662
          b:c:n 1190.8526871
          b:c:w 1189.5680808
          b:n:w 2195.2683766
          e:c:n 4533.8727243
          e:c:w 4542.4804558
          e:n:w 6811.4855668
          c:n:w 5653.8769801
        b:e:c:n 2146.7960290
        b:e:c:w 2149.7356282
        b:e:n:w 2818.3789013
        b:c:n:w 2510.3718764
        e:c:n:w 53846.6165354
