########################################
# legofit: estimate population history #
#       version 2.3.4-4-g53f8760       #
########################################

# Program was compiled: Sep 21 2021 14:36:42
# Program was run: Thu Sep 23 11:11:08 2021

# cmd: legofit -1 -d 0 -t 32 --ptsPerDim 3 --stateOut b1.state --tol 3e-6 -S 5000 af2.lgo ../../chrX/pan_chrX.opf
# Stage nOptItr nSimReps
#     0    5000        0
# algorithm          : deterministic
# ignoring probs <=  : 0
# Branch length floor: 0
# DE strategy        : 2
#    F               : 0.3
#    CR              : 0.8
#    tolerance       : 3e-06
# nthreads           : 32
# lgo input file     : af2.lgo
# site pat input file: ../../chrX/pan_chrX.opf
# free parameters    : 14
# points in DE swarm : 42
# output state file  : b1.state
# Including singleton site patterns.
# cost function      : KL
Initial parameter values
Fixed:
      zero = 0
       one = 1
    Tbecnw = 75200
Free:
       pc1 = 0
       pc2 = 0
       pc3 = 0
       pc4 = 0
       pc5 = 0
       pc6 = 0
       pc7 = 0
       pc8 = 0
       pc9 = 0
      pc10 = 0
      pc11 = 0
      pc12 = 0
      pc13 = 0
      pc14 = 0
Constrained:
   Tgbecnw = 98129.1
     Tecnw = 24938.3
       Tnw = 21647.4
       Tec = 10848.9
     twoNb = 186413
     twoNc = 371264
     twoNw = 2.41907e+06
    twoNec = 106547
    twoNnw = 14030.3
  twoNecnw = 69331.9
  twoNbecnw = 11635.8
  twoNgbecnw = 119092
         m = 0.277213
        m6 = 3.35942e-06
        Ta = 37600
        Tf = 10823.7
DiffEv reached_goal. cost=2.74956e-03 spread=2.76374e-06
Fitted parameter values
Free:
       pc1 = -1.40002
       pc2 = -3.98394
       pc3 = -1.56695
       pc4 = -1.98209
       pc5 = -0.956345
       pc6 = -1.27318
       pc7 = 1.98807
       pc8 = -0.00570993
       pc9 = -0.227521
      pc10 = 0.176416
      pc11 = 0.147015
      pc12 = 0.0893361
      pc13 = 0.0869588
      pc14 = 0.0480815
Constrained:
   Tgbecnw = 88695.6
     Tecnw = 23222.1
       Tnw = 23063
       Tec = 11646.6
     twoNb = 311769
     twoNc = 491832
     twoNw = 78713.6
    twoNec = 87427.7
    twoNnw = 657.362
  twoNecnw = 69847.5
  twoNbecnw = 6598.89
  twoNgbecnw = 140231
         m = 0.228273
        m6 = 7.67796e-06
        Ta = 37600
        Tf = 11531.5
#       SitePat  BranchLen
              b 121029.1190960
              e 46383.9481766
              c 46383.8223477
              n 44164.7938267
              w 44164.7609805
            b:e 1325.3600479
            b:c 1325.3507350
            b:n 1121.9441497
            b:w 1121.9423118
            e:c 11509.5658839
            e:n 4384.3149346
            e:w 4384.3058064
            c:n 4384.3270432
            c:w 4384.3598894
            n:w 12718.4113681
          b:e:c 1422.8980615
          b:e:n 634.6586991
          b:e:w 634.6567469
          b:c:n 634.6566080
          b:c:w 634.6584459
          b:n:w 1410.2515870
          e:c:n 4339.9220561
          e:c:w 4339.9311844
          e:n:w 5350.1591760
          c:n:w 5350.2188133
        b:e:c:n 1231.1536743
        b:e:c:w 1231.1556265
        b:e:n:w 1447.2084331
        b:c:n:w 1447.2181381
        e:c:n:w 48032.9938536
