########################################
# legofit: estimate population history #
#       version 2.3.4-4-g53f8760       #
########################################

# Program was compiled: Sep 21 2021 14:36:42
# Program was run: Thu Sep 23 11:11:26 2021

# cmd: legofit -1 -d 0 -t 32 --ptsPerDim 3 --stateOut b1boot15.state --tol 3e-6 -S 5000 af2.lgo ../../chrX/boot_chrX/boot15.opf
# Stage nOptItr nSimReps
#     0    5000        0
# algorithm          : deterministic
# ignoring probs <=  : 0
# Branch length floor: 0
# DE strategy        : 2
#    F               : 0.3
#    CR              : 0.8
#    tolerance       : 3e-06
# nthreads           : 32
# lgo input file     : af2.lgo
# site pat input file: ../../chrX/boot_chrX/boot15.opf
# free parameters    : 14
# points in DE swarm : 42
# output state file  : b1boot15.state
# Including singleton site patterns.
# cost function      : KL
Initial parameter values
Fixed:
      zero = 0
       one = 1
    Tbecnw = 75200
Free:
       pc1 = 0
       pc2 = 0
       pc3 = 0
       pc4 = 0
       pc5 = 0
       pc6 = 0
       pc7 = 0
       pc8 = 0
       pc9 = 0
      pc10 = 0
      pc11 = 0
      pc12 = 0
      pc13 = 0
      pc14 = 0
Constrained:
   Tgbecnw = 98129.1
     Tecnw = 24938.3
       Tnw = 21647.4
       Tec = 10848.9
     twoNb = 186413
     twoNc = 371264
     twoNw = 2.41907e+06
    twoNec = 106547
    twoNnw = 14030.3
  twoNecnw = 69331.9
  twoNbecnw = 11635.8
  twoNgbecnw = 119092
         m = 0.277213
        m6 = 3.35942e-06
        Ta = 37600
        Tf = 10823.7
DiffEv reached_goal. cost=2.62615e-03 spread=2.65867e-06
Fitted parameter values
Free:
       pc1 = -0.0953647
       pc2 = -3.99552
       pc3 = -0.809527
       pc4 = -1.85253
       pc5 = -0.0566312
       pc6 = -1.07632
       pc7 = 0.289381
       pc8 = -0.0935793
       pc9 = -0.490623
      pc10 = 0.618691
      pc11 = 0.201881
      pc12 = -0.0308059
      pc13 = 0.0266485
      pc14 = -0.00676349
Constrained:
   Tgbecnw = 89535.6
     Tecnw = 23268.3
       Tnw = 21954.6
       Tec = 11014.6
     twoNb = 260131
     twoNc = 859813
     twoNw = 1.28742e+06
    twoNec = 96603.2
    twoNnw = 5458.82
  twoNecnw = 67931.8
  twoNbecnw = 7321.35
  twoNgbecnw = 139383
         m = 0.212811
        m6 = 4.85243e-06
        Ta = 37600
        Tf = 10977.3
#       SitePat  BranchLen
              b 120099.3541508
              e 46340.8529530
              c 46340.7902753
              n 43897.8249050
              w 43897.8235906
            b:e 1427.5871139
            b:c 1427.5820160
            b:n 1200.4755126
            b:w 1200.4754349
            e:c 11461.2470919
            e:n 4464.2249133
            e:w 4464.2245459
            c:n 4464.2401020
            c:w 4464.2414164
            n:w 12829.1437813
          b:e:c 1512.5559427
          b:e:n 683.7496163
          b:e:w 683.7495341
          b:c:n 683.7494307
          b:c:w 683.7495083
          b:n:w 1498.9911428
          e:c:n 4455.3889659
          e:c:w 4455.3893334
          e:n:w 5530.4745173
          c:n:w 5530.5051359
        b:e:c:n 1313.0169332
        b:e:c:w 1313.0170154
        b:e:n:w 1553.6882107
        b:c:n:w 1553.6935201
        e:c:n:w 47176.2683953
