########################################
# legofit: estimate population history #
#       version 2.3.4-4-g53f8760       #
########################################

# Program was compiled: Sep 21 2021 14:36:42
# Program was run: Thu Sep 23 11:11:26 2021

# cmd: legofit -1 -d 0 -t 32 --ptsPerDim 3 --stateOut b1boot13.state --tol 3e-6 -S 5000 af2.lgo ../../chrX/boot_chrX/boot13.opf
# Stage nOptItr nSimReps
#     0    5000        0
# algorithm          : deterministic
# ignoring probs <=  : 0
# Branch length floor: 0
# DE strategy        : 2
#    F               : 0.3
#    CR              : 0.8
#    tolerance       : 3e-06
# nthreads           : 32
# lgo input file     : af2.lgo
# site pat input file: ../../chrX/boot_chrX/boot13.opf
# free parameters    : 14
# points in DE swarm : 42
# output state file  : b1boot13.state
# Including singleton site patterns.
# cost function      : KL
Initial parameter values
Fixed:
      zero = 0
       one = 1
    Tbecnw = 75200
Free:
       pc1 = 0
       pc2 = 0
       pc3 = 0
       pc4 = 0
       pc5 = 0
       pc6 = 0
       pc7 = 0
       pc8 = 0
       pc9 = 0
      pc10 = 0
      pc11 = 0
      pc12 = 0
      pc13 = 0
      pc14 = 0
Constrained:
   Tgbecnw = 98129.1
     Tecnw = 24938.3
       Tnw = 21647.4
       Tec = 10848.9
     twoNb = 186413
     twoNc = 371264
     twoNw = 2.41907e+06
    twoNec = 106547
    twoNnw = 14030.3
  twoNecnw = 69331.9
  twoNbecnw = 11635.8
  twoNgbecnw = 119092
         m = 0.277213
        m6 = 3.35942e-06
        Ta = 37600
        Tf = 10823.7
DiffEv reached_goal. cost=2.92246e-03 spread=2.63359e-06
Fitted parameter values
Free:
       pc1 = -1.14622
       pc2 = -3.97093
       pc3 = -1.08808
       pc4 = -1.55995
       pc5 = -0.730114
       pc6 = -1.77329
       pc7 = 1.40585
       pc8 = 0.0399746
       pc9 = -0.172365
      pc10 = -0.0972072
      pc11 = 0.210584
      pc12 = 0.0632262
      pc13 = 0.0685069
      pc14 = 0.0273041
Constrained:
   Tgbecnw = 88214.1
     Tecnw = 23496.2
       Tnw = 22906.7
       Tec = 11543.4
     twoNb = 319290
     twoNc = 589513
     twoNw = 984138
    twoNec = 89286.1
    twoNnw = 2437.65
  twoNecnw = 68533.2
  twoNbecnw = 6407.32
  twoNgbecnw = 142595
         m = 0.222883
        m6 = 8.50658e-06
        Ta = 37600
        Tf = 11453.4
#       SitePat  BranchLen
              b 120940.8515313
              e 46310.4532556
              c 46310.3441531
              n 44151.5987993
              w 44151.5957146
            b:e 1342.6011475
            b:c 1342.5925985
            b:n 1139.4524940
            b:w 1139.4523186
            e:c 11509.7464578
            e:n 4358.3867717
            e:w 4358.3859139
            c:n 4358.4127338
            c:w 4358.4158185
            n:w 12675.2701293
          b:e:c 1444.9821789
          b:e:n 642.8958862
          b:e:w 642.8957000
          b:c:n 642.8955224
          b:c:w 642.8956978
          b:n:w 1432.4293294
          e:c:n 4356.3791830
          e:c:w 4356.3800407
          e:n:w 5349.6307698
          c:n:w 5349.6840056
        b:e:c:n 1249.5889774
        b:e:c:w 1249.5891637
        b:e:n:w 1465.2819293
        b:c:n:w 1465.2908443
        e:c:n:w 48146.4979438
