########################################
# legofit: estimate population history #
#       version 2.3.4-4-g53f8760       #
########################################

# Program was compiled: Sep 21 2021 14:36:42
# Program was run: Thu Sep 23 11:11:35 2021

# cmd: legofit -1 -d 0 -t 32 --ptsPerDim 3 --stateOut b1boot22.state --tol 3e-6 -S 5000 af2.lgo ../../chrX/boot_chrX/boot22.opf
# Stage nOptItr nSimReps
#     0    5000        0
# algorithm          : deterministic
# ignoring probs <=  : 0
# Branch length floor: 0
# DE strategy        : 2
#    F               : 0.3
#    CR              : 0.8
#    tolerance       : 3e-06
# nthreads           : 32
# lgo input file     : af2.lgo
# site pat input file: ../../chrX/boot_chrX/boot22.opf
# free parameters    : 14
# points in DE swarm : 42
# output state file  : b1boot22.state
# Including singleton site patterns.
# cost function      : KL
Initial parameter values
Fixed:
      zero = 0
       one = 1
    Tbecnw = 75200
Free:
       pc1 = 0
       pc2 = 0
       pc3 = 0
       pc4 = 0
       pc5 = 0
       pc6 = 0
       pc7 = 0
       pc8 = 0
       pc9 = 0
      pc10 = 0
      pc11 = 0
      pc12 = 0
      pc13 = 0
      pc14 = 0
Constrained:
   Tgbecnw = 98129.1
     Tecnw = 24938.3
       Tnw = 21647.4
       Tec = 10848.9
     twoNb = 186413
     twoNc = 371264
     twoNw = 2.41907e+06
    twoNec = 106547
    twoNnw = 14030.3
  twoNecnw = 69331.9
  twoNbecnw = 11635.8
  twoNgbecnw = 119092
         m = 0.277213
        m6 = 3.35942e-06
        Ta = 37600
        Tf = 10823.7
DiffEv reached_goal. cost=2.72740e-03 spread=2.94048e-06
Fitted parameter values
Free:
       pc1 = -0.409555
       pc2 = -3.97031
       pc3 = -1.83505
       pc4 = -1.17635
       pc5 = -1.94897
       pc6 = -1.44697
       pc7 = 0.645844
       pc8 = -0.459121
       pc9 = -0.0560416
      pc10 = 0.376603
      pc11 = 0.198647
      pc12 = 0.0458066
      pc13 = 0.0167728
      pc14 = 0.00883427
Constrained:
   Tgbecnw = 87250.2
     Tecnw = 23177
       Tnw = 22194.9
       Tec = 11169.5
     twoNb = 110731
     twoNc = 658459
     twoNw = 1.27169e+06
    twoNec = 90405.3
    twoNnw = 3997.71
  twoNecnw = 69295.3
  twoNbecnw = 6164.04
  twoNgbecnw = 131782
         m = 0.238331
        m6 = 1.08397e-05
        Ta = 37600
        Tf = 11097.5
#       SitePat  BranchLen
              b 120028.1747362
              e 46208.6748683
              c 46208.5332432
              n 43855.6901201
              w 43855.6871459
            b:e 1327.7060789
            b:c 1327.6952447
            b:n 1118.5631376
            b:w 1118.5629727
            e:c 11546.9462232
            e:n 4361.9650233
            e:w 4361.9642040
            c:n 4361.9994661
            c:w 4362.0024404
            n:w 12860.6822218
          b:e:c 1427.8779845
          b:e:n 632.0261191
          b:e:w 632.0259441
          b:c:n 632.0257194
          b:c:w 632.0258843
          b:n:w 1415.0106928
          e:c:n 4336.4356201
          e:c:w 4336.4364394
          e:n:w 5375.5809809
          c:n:w 5375.6499268
        b:e:c:n 1226.2694250
        b:e:c:w 1226.2696001
        b:e:n:w 1448.2687641
        b:c:n:w 1448.2800576
        e:c:n:w 47192.3350862
