########################################
# legofit: estimate population history #
#       version 2.3.4-4-g53f8760       #
########################################

# Program was compiled: Sep 21 2021 14:36:42
# Program was run: Thu Sep 23 11:11:09 2021

# cmd: legofit -1 -d 0 -t 32 --ptsPerDim 3 --stateOut b1boot2.state --tol 3e-6 -S 5000 af2.lgo ../../chrX/boot_chrX/boot2.opf
# Stage nOptItr nSimReps
#     0    5000        0
# algorithm          : deterministic
# ignoring probs <=  : 0
# Branch length floor: 0
# DE strategy        : 2
#    F               : 0.3
#    CR              : 0.8
#    tolerance       : 3e-06
# nthreads           : 32
# lgo input file     : af2.lgo
# site pat input file: ../../chrX/boot_chrX/boot2.opf
# free parameters    : 14
# points in DE swarm : 42
# output state file  : b1boot2.state
# Including singleton site patterns.
# cost function      : KL
Initial parameter values
Fixed:
      zero = 0
       one = 1
    Tbecnw = 75200
Free:
       pc1 = 0
       pc2 = 0
       pc3 = 0
       pc4 = 0
       pc5 = 0
       pc6 = 0
       pc7 = 0
       pc8 = 0
       pc9 = 0
      pc10 = 0
      pc11 = 0
      pc12 = 0
      pc13 = 0
      pc14 = 0
Constrained:
   Tgbecnw = 98129.1
     Tecnw = 24938.3
       Tnw = 21647.4
       Tec = 10848.9
     twoNb = 186413
     twoNc = 371264
     twoNw = 2.41907e+06
    twoNec = 106547
    twoNnw = 14030.3
  twoNecnw = 69331.9
  twoNbecnw = 11635.8
  twoNgbecnw = 119092
         m = 0.277213
        m6 = 3.35942e-06
        Ta = 37600
        Tf = 10823.7
DiffEv reached_goal. cost=2.78983e-03 spread=2.32370e-06
Fitted parameter values
Free:
       pc1 = -0.0816553
       pc2 = -3.97704
       pc3 = -1.9917
       pc4 = -2.23411
       pc5 = -1.74428
       pc6 = -1.19907
       pc7 = 0.591554
       pc8 = -0.554002
       pc9 = -0.267256
      pc10 = 0.234368
      pc11 = 0.314426
      pc12 = 0.0921425
      pc13 = -0.0327438
      pc14 = -0.0337746
Constrained:
   Tgbecnw = 86679.9
     Tecnw = 23081.7
       Tnw = 21901.9
       Tec = 10972.7
     twoNb = 146761
     twoNc = 833504
     twoNw = 131479
    twoNec = 92098.2
    twoNnw = 4693.05
  twoNecnw = 70393.5
  twoNbecnw = 5775.03
  twoNgbecnw = 134581
         m = 0.234971
        m6 = 9.71006e-06
        Ta = 37600
        Tf = 10950.9
#       SitePat  BranchLen
              b 119793.6284108
              e 46339.8928654
              c 46339.7430531
              n 43761.0216179
              w 43760.9969826
            b:e 1324.0562663
            b:c 1324.0452118
            b:n 1103.6840654
            b:w 1103.6827232
            e:c 11541.2344055
            e:n 4336.1905386
            e:w 4336.1838642
            c:n 4336.2140390
            c:w 4336.2386743
            n:w 13024.2270420
          b:e:c 1425.9130224
          b:e:n 626.0032514
          b:e:w 626.0018235
          b:c:n 626.0016288
          b:c:w 626.0029710
          b:n:w 1411.8564257
          e:c:n 4264.9159569
          e:c:w 4264.9226313
          e:n:w 5360.6995658
          c:n:w 5360.7710675
        b:e:c:n 1214.0150027
        b:e:c:w 1214.0164305
        b:e:n:w 1448.4338933
        b:c:n:w 1448.4454229
        e:c:n:w 46993.3070320
