########################################
# legofit: estimate population history #
#       version 2.3.4-4-g53f8760       #
########################################

# Program was compiled: Sep 21 2021 14:36:42
# Program was run: Thu Sep 23 11:12:08 2021

# cmd: legofit -1 -d 0 -t 32 --ptsPerDim 3 --stateOut b1boot47.state --tol 3e-6 -S 5000 af2.lgo ../../chrX/boot_chrX/boot47.opf
# Stage nOptItr nSimReps
#     0    5000        0
# algorithm          : deterministic
# ignoring probs <=  : 0
# Branch length floor: 0
# DE strategy        : 2
#    F               : 0.3
#    CR              : 0.8
#    tolerance       : 3e-06
# nthreads           : 32
# lgo input file     : af2.lgo
# site pat input file: ../../chrX/boot_chrX/boot47.opf
# free parameters    : 14
# points in DE swarm : 42
# output state file  : b1boot47.state
# Including singleton site patterns.
# cost function      : KL
Initial parameter values
Fixed:
      zero = 0
       one = 1
    Tbecnw = 75200
Free:
       pc1 = 0
       pc2 = 0
       pc3 = 0
       pc4 = 0
       pc5 = 0
       pc6 = 0
       pc7 = 0
       pc8 = 0
       pc9 = 0
      pc10 = 0
      pc11 = 0
      pc12 = 0
      pc13 = 0
      pc14 = 0
Constrained:
   Tgbecnw = 98129.1
     Tecnw = 24938.3
       Tnw = 21647.4
       Tec = 10848.9
     twoNb = 186413
     twoNc = 371264
     twoNw = 2.41907e+06
    twoNec = 106547
    twoNnw = 14030.3
  twoNecnw = 69331.9
  twoNbecnw = 11635.8
  twoNgbecnw = 119092
         m = 0.277213
        m6 = 3.35942e-06
        Ta = 37600
        Tf = 10823.7
DiffEv reached_goal. cost=2.81856e-03 spread=2.05926e-06
Fitted parameter values
Free:
       pc1 = -0.543431
       pc2 = -3.77161
       pc3 = -1.45064
       pc4 = -1.37217
       pc5 = -1.67225
       pc6 = -1.27546
       pc7 = 1.71072
       pc8 = 0.0152804
       pc9 = -0.115338
      pc10 = 0.260117
      pc11 = 0.180174
      pc12 = 0.119825
      pc13 = 0.0288304
      pc14 = -0.00907593
Constrained:
   Tgbecnw = 86808.1
     Tecnw = 23270.4
       Tnw = 22436.9
       Tec = 11268.1
     twoNb = 212436
     twoNc = 412555
     twoNw = 433405
    twoNec = 90375.7
    twoNnw = 3479.06
  twoNecnw = 69056.8
  twoNbecnw = 5749.01
  twoNgbecnw = 133825
         m = 0.238048
        m6 = 9.27268e-06
        Ta = 37600
        Tf = 11218.4
#       SitePat  BranchLen
              b 119833.9035367
              e 46101.9948178
              c 46101.8728540
              n 43943.8200650
              w 43943.8126076
            b:e 1259.0580120
            b:c 1259.0491224
            b:n 1070.2653760
            b:w 1070.2649791
            e:c 11394.6903871
            e:n 4333.6543461
            e:w 4333.6523054
            c:n 4333.6813254
            c:w 4333.6887828
            n:w 12582.1778962
          b:e:c 1351.2399304
          b:e:n 604.9174922
          b:e:w 604.9170707
          b:c:n 604.9168923
          b:c:w 604.9172892
          b:n:w 1339.5538826
          e:c:n 4279.0120809
          e:c:w 4279.0141216
          e:n:w 5249.6138382
          c:n:w 5249.6723454
        b:e:c:n 1173.9597210
        b:e:c:w 1173.9601425
        b:e:n:w 1374.4297338
        b:c:n:w 1374.4390047
        e:c:n:w 47185.6781859
