########################################
# legofit: estimate population history #
#       version 2.3.4-4-g53f8760       #
########################################

# Program was compiled: Sep 21 2021 14:36:42
# Program was run: Thu Sep 23 11:11:26 2021

# cmd: legofit -1 -d 0 -t 32 --ptsPerDim 3 --stateOut b1boot16.state --tol 3e-6 -S 5000 af2.lgo ../../chrX/boot_chrX/boot16.opf
# Stage nOptItr nSimReps
#     0    5000        0
# algorithm          : deterministic
# ignoring probs <=  : 0
# Branch length floor: 0
# DE strategy        : 2
#    F               : 0.3
#    CR              : 0.8
#    tolerance       : 3e-06
# nthreads           : 32
# lgo input file     : af2.lgo
# site pat input file: ../../chrX/boot_chrX/boot16.opf
# free parameters    : 14
# points in DE swarm : 42
# output state file  : b1boot16.state
# Including singleton site patterns.
# cost function      : KL
Initial parameter values
Fixed:
      zero = 0
       one = 1
    Tbecnw = 75200
Free:
       pc1 = 0
       pc2 = 0
       pc3 = 0
       pc4 = 0
       pc5 = 0
       pc6 = 0
       pc7 = 0
       pc8 = 0
       pc9 = 0
      pc10 = 0
      pc11 = 0
      pc12 = 0
      pc13 = 0
      pc14 = 0
Constrained:
   Tgbecnw = 98129.1
     Tecnw = 24938.3
       Tnw = 21647.4
       Tec = 10848.9
     twoNb = 186413
     twoNc = 371264
     twoNw = 2.41907e+06
    twoNec = 106547
    twoNnw = 14030.3
  twoNecnw = 69331.9
  twoNbecnw = 11635.8
  twoNgbecnw = 119092
         m = 0.277213
        m6 = 3.35942e-06
        Ta = 37600
        Tf = 10823.7
DiffEv reached_goal. cost=2.83708e-03 spread=2.76454e-06
Fitted parameter values
Free:
       pc1 = -0.582269
       pc2 = -3.97728
       pc3 = -1.88197
       pc4 = -0.850789
       pc5 = -0.989511
       pc6 = -1.68882
       pc7 = 1.40446
       pc8 = 0.206482
       pc9 = -0.34614
      pc10 = 0.105314
      pc11 = 0.354618
      pc12 = 0.181284
      pc13 = 0.0424775
      pc14 = -0.0248321
Constrained:
   Tgbecnw = 84194.2
     Tecnw = 23349
       Tnw = 22943.3
       Tec = 11515.1
     twoNb = 245331
     twoNc = 550738
     twoNw = 1.62518e+06
    twoNec = 90499.1
    twoNnw = 1625.25
  twoNecnw = 68731.6
  twoNbecnw = 4707.82
  twoNgbecnw = 131861
         m = 0.24367
        m6 = 8.42376e-06
        Ta = 37600
        Tf = 11471.7
#       SitePat  BranchLen
              b 119609.4467432
              e 46243.8157488
              c 46243.7067838
              n 43806.1953669
              w 43806.1935353
            b:e 1334.5247286
            b:c 1334.5161984
            b:n 1114.0487703
            b:w 1114.0486668
            e:c 11382.0003854
            e:n 4307.4341726
            e:w 4307.4336649
            c:n 4307.4606701
            c:w 4307.4625017
            n:w 12737.8457569
          b:e:c 1434.0829989
          b:e:n 632.5210647
          b:e:w 632.5209546
          b:c:n 632.5207719
          b:c:w 632.5208754
          b:n:w 1420.0533154
          e:c:n 4261.8790574
          e:c:w 4261.8795652
          e:n:w 5343.5739397
          c:n:w 5343.6275704
        b:e:c:n 1225.1918220
        b:e:c:w 1225.1919321
        b:e:n:w 1459.6888544
        b:c:n:w 1459.6977566
        e:c:n:w 47208.8365640
