########################################
# legofit: estimate population history #
#       version 2.3.4-4-g53f8760       #
########################################

# Program was compiled: Sep 21 2021 14:36:42
# Program was run: Thu Sep 23 11:11:35 2021

# cmd: legofit -1 -d 0 -t 32 --ptsPerDim 3 --stateOut b1boot19.state --tol 3e-6 -S 5000 af2.lgo ../../chrX/boot_chrX/boot19.opf
# Stage nOptItr nSimReps
#     0    5000        0
# algorithm          : deterministic
# ignoring probs <=  : 0
# Branch length floor: 0
# DE strategy        : 2
#    F               : 0.3
#    CR              : 0.8
#    tolerance       : 3e-06
# nthreads           : 32
# lgo input file     : af2.lgo
# site pat input file: ../../chrX/boot_chrX/boot19.opf
# free parameters    : 14
# points in DE swarm : 42
# output state file  : b1boot19.state
# Including singleton site patterns.
# cost function      : KL
Initial parameter values
Fixed:
      zero = 0
       one = 1
    Tbecnw = 75200
Free:
       pc1 = 0
       pc2 = 0
       pc3 = 0
       pc4 = 0
       pc5 = 0
       pc6 = 0
       pc7 = 0
       pc8 = 0
       pc9 = 0
      pc10 = 0
      pc11 = 0
      pc12 = 0
      pc13 = 0
      pc14 = 0
Constrained:
   Tgbecnw = 98129.1
     Tecnw = 24938.3
       Tnw = 21647.4
       Tec = 10848.9
     twoNb = 186413
     twoNc = 371264
     twoNw = 2.41907e+06
    twoNec = 106547
    twoNnw = 14030.3
  twoNecnw = 69331.9
  twoNbecnw = 11635.8
  twoNgbecnw = 119092
         m = 0.277213
        m6 = 3.35942e-06
        Ta = 37600
        Tf = 10823.7
DiffEv reached_goal. cost=2.81773e-03 spread=2.89701e-06
Fitted parameter values
Free:
       pc1 = -0.937076
       pc2 = -3.99032
       pc3 = -1.18892
       pc4 = -1.33543
       pc5 = -0.992538
       pc6 = -1.69184
       pc7 = 1.8806
       pc8 = -0.640888
       pc9 = 0.0649325
      pc10 = 0.0187817
      pc11 = 0.230692
      pc12 = 0.0810869
      pc13 = 0.0243068
      pc14 = 0.0119822
Constrained:
   Tgbecnw = 87851.4
     Tecnw = 23351.1
       Tnw = 22368.2
       Tec = 11254.6
     twoNb = 307475
     twoNc = 444440
     twoNw = 1.32034e+06
    twoNec = 86591.1
    twoNnw = 3847.7
  twoNecnw = 69607.7
  twoNbecnw = 6147.07
  twoNgbecnw = 141794
         m = 0.222448
        m6 = 9.13683e-06
        Ta = 37600
        Tf = 11184.1
#       SitePat  BranchLen
              b 120201.4439508
              e 46202.7743126
              c 46202.6515835
              n 43841.5883037
              w 43841.5858887
            b:e 1311.6077549
            b:c 1311.5983979
            b:n 1100.8501902
            b:w 1100.8500579
            e:c 11740.5729714
            e:n 4263.2621950
            e:w 4263.2615372
            c:n 4263.2919587
            c:w 4263.2943738
            n:w 13054.0871959
          b:e:c 1436.5805244
          b:e:n 616.1740632
          b:e:w 616.1739225
          b:c:n 616.1737256
          b:c:w 616.1738579
          b:n:w 1423.2478883
          e:c:n 4271.6717571
          e:c:w 4271.6724149
          e:n:w 5319.2536490
          c:n:w 5319.3137777
        b:e:c:n 1209.4728529
        b:e:c:w 1209.4729936
        b:e:n:w 1433.5536321
        b:c:n:w 1433.5633913
        e:c:n:w 47471.4326228
