########################################
# legofit: estimate population history #
#       version 2.3.4-4-g53f8760       #
########################################

# Program was compiled: Sep 21 2021 14:36:42
# Program was run: Thu Sep 23 11:11:47 2021

# cmd: legofit -1 -d 0 -t 32 --ptsPerDim 3 --stateOut b1boot29.state --tol 3e-6 -S 5000 af2.lgo ../../chrX/boot_chrX/boot29.opf
# Stage nOptItr nSimReps
#     0    5000        0
# algorithm          : deterministic
# ignoring probs <=  : 0
# Branch length floor: 0
# DE strategy        : 2
#    F               : 0.3
#    CR              : 0.8
#    tolerance       : 3e-06
# nthreads           : 32
# lgo input file     : af2.lgo
# site pat input file: ../../chrX/boot_chrX/boot29.opf
# free parameters    : 14
# points in DE swarm : 42
# output state file  : b1boot29.state
# Including singleton site patterns.
# cost function      : KL
Initial parameter values
Fixed:
      zero = 0
       one = 1
    Tbecnw = 75200
Free:
       pc1 = 0
       pc2 = 0
       pc3 = 0
       pc4 = 0
       pc5 = 0
       pc6 = 0
       pc7 = 0
       pc8 = 0
       pc9 = 0
      pc10 = 0
      pc11 = 0
      pc12 = 0
      pc13 = 0
      pc14 = 0
Constrained:
   Tgbecnw = 98129.1
     Tecnw = 24938.3
       Tnw = 21647.4
       Tec = 10848.9
     twoNb = 186413
     twoNc = 371264
     twoNw = 2.41907e+06
    twoNec = 106547
    twoNnw = 14030.3
  twoNecnw = 69331.9
  twoNbecnw = 11635.8
  twoNgbecnw = 119092
         m = 0.277213
        m6 = 3.35942e-06
        Ta = 37600
        Tf = 10823.7
DiffEv reached_goal. cost=2.84678e-03 spread=2.87069e-06
Fitted parameter values
Free:
       pc1 = -0.630845
       pc2 = -3.2848
       pc3 = -1.20139
       pc4 = -0.683006
       pc5 = -0.773665
       pc6 = -0.983037
       pc7 = 0.590598
       pc8 = 0.582731
       pc9 = 0.242355
      pc10 = 0.21572
      pc11 = 0.0417557
      pc12 = 0.0414443
      pc13 = 0.0203937
      pc14 = -0.0152548
Constrained:
   Tgbecnw = 89667.8
     Tecnw = 23786.8
       Tnw = 22725.6
       Tec = 11387.6
     twoNb = 165130
     twoNc = 577154
     twoNw = 1.49259e+06
    twoNec = 92133
    twoNnw = 4527.73
  twoNecnw = 67320.8
  twoNbecnw = 7340.28
  twoNgbecnw = 129058
         m = 0.246983
        m6 = 6.31839e-06
        Ta = 37600
        Tf = 11362.8
#       SitePat  BranchLen
              b 121418.2545988
              e 46286.9221738
              c 46286.8438148
              n 44341.5293241
              w 44341.5278060
            b:e 1290.8391767
            b:c 1290.8332645
            b:n 1109.0971597
            b:w 1109.0970767
            e:c 11483.1160482
            e:n 4377.3958680
            e:w 4377.3954469
            c:n 4377.4150994
            c:w 4377.4166175
            n:w 12506.3474480
          b:e:c 1382.0451683
          b:e:n 622.8501119
          b:e:w 622.8500242
          b:c:n 622.8499082
          b:c:w 622.8499912
          b:n:w 1371.6697829
          e:c:n 4410.2638263
          e:c:w 4410.2642474
          e:n:w 5332.3680878
          c:n:w 5332.4060448
        b:e:c:n 1207.9733409
        b:e:c:w 1207.9734286
        b:e:n:w 1400.0847979
        b:c:n:w 1400.0909469
        e:c:n:w 48267.0170304
