########################################
# legofit: estimate population history #
#       version 2.3.4-4-g53f8760       #
########################################

# Program was compiled: Sep 21 2021 14:36:42
# Program was run: Thu Sep 23 11:11:53 2021

# cmd: legofit -1 -d 0 -t 32 --ptsPerDim 3 --stateOut b1boot36.state --tol 3e-6 -S 5000 af2.lgo ../../chrX/boot_chrX/boot36.opf
# Stage nOptItr nSimReps
#     0    5000        0
# algorithm          : deterministic
# ignoring probs <=  : 0
# Branch length floor: 0
# DE strategy        : 2
#    F               : 0.3
#    CR              : 0.8
#    tolerance       : 3e-06
# nthreads           : 32
# lgo input file     : af2.lgo
# site pat input file: ../../chrX/boot_chrX/boot36.opf
# free parameters    : 14
# points in DE swarm : 42
# output state file  : b1boot36.state
# Including singleton site patterns.
# cost function      : KL
Initial parameter values
Fixed:
      zero = 0
       one = 1
    Tbecnw = 75200
Free:
       pc1 = 0
       pc2 = 0
       pc3 = 0
       pc4 = 0
       pc5 = 0
       pc6 = 0
       pc7 = 0
       pc8 = 0
       pc9 = 0
      pc10 = 0
      pc11 = 0
      pc12 = 0
      pc13 = 0
      pc14 = 0
Constrained:
   Tgbecnw = 98129.1
     Tecnw = 24938.3
       Tnw = 21647.4
       Tec = 10848.9
     twoNb = 186413
     twoNc = 371264
     twoNw = 2.41907e+06
    twoNec = 106547
    twoNnw = 14030.3
  twoNecnw = 69331.9
  twoNbecnw = 11635.8
  twoNgbecnw = 119092
         m = 0.277213
        m6 = 3.35942e-06
        Ta = 37600
        Tf = 10823.7
DiffEv reached_goal. cost=2.81191e-03 spread=2.16606e-06
Fitted parameter values
Free:
       pc1 = -0.44933
       pc2 = -3.99804
       pc3 = -1.81576
       pc4 = -0.948478
       pc5 = -1.174
       pc6 = -1.68332
       pc7 = 1.16287
       pc8 = -0.257549
       pc9 = -0.358078
      pc10 = 0.483242
      pc11 = 0.0247582
      pc12 = 0.0708312
      pc13 = 0.0291004
      pc14 = -0.0102591
Constrained:
   Tgbecnw = 86497.8
     Tecnw = 23111.9
       Tnw = 22489.3
       Tec = 11285.1
     twoNb = 221976
     twoNc = 586909
     twoNw = 1.82193e+06
    twoNec = 90955.6
    twoNnw = 2626.3
  twoNecnw = 68879.4
  twoNbecnw = 5787.8
  twoNgbecnw = 132794
         m = 0.246297
        m6 = 9.10254e-06
        Ta = 37600
        Tf = 11244.6
#       SitePat  BranchLen
              b 120997.1934811
              e 46106.1921534
              c 46106.0781788
              n 43918.8119150
              w 43918.8101529
            b:e 1315.9892381
            b:c 1315.9805279
            b:n 1118.0267941
            b:w 1118.0266959
            e:c 11391.1310619
            e:n 4403.3962078
            e:w 4403.3957170
            c:n 4403.4244130
            c:w 4403.4261750
            n:w 12588.4126497
          b:e:c 1402.5896571
          b:e:n 634.3238737
          b:e:w 634.3237695
          b:c:n 634.3235864
          b:c:w 634.3236846
          b:n:w 1390.4785481
          e:c:n 4360.5331359
          e:c:w 4360.5336267
          e:n:w 5350.5482699
          c:n:w 5350.6035813
        b:e:c:n 1225.2362818
        b:e:c:w 1225.2363860
        b:e:n:w 1435.3010398
        b:c:n:w 1435.3101222
        e:c:n:w 48267.9332677
