########################################
# legofit: estimate population history #
#       version 2.3.4-4-g53f8760       #
########################################

# Program was compiled: Sep 21 2021 14:36:42
# Program was run: Thu Sep 23 11:11:41 2021

# cmd: legofit -1 -d 0 -t 32 --ptsPerDim 3 --stateOut b1boot23.state --tol 3e-6 -S 5000 af2.lgo ../../chrX/boot_chrX/boot23.opf
# Stage nOptItr nSimReps
#     0    5000        0
# algorithm          : deterministic
# ignoring probs <=  : 0
# Branch length floor: 0
# DE strategy        : 2
#    F               : 0.3
#    CR              : 0.8
#    tolerance       : 3e-06
# nthreads           : 32
# lgo input file     : af2.lgo
# site pat input file: ../../chrX/boot_chrX/boot23.opf
# free parameters    : 14
# points in DE swarm : 42
# output state file  : b1boot23.state
# Including singleton site patterns.
# cost function      : KL
Initial parameter values
Fixed:
      zero = 0
       one = 1
    Tbecnw = 75200
Free:
       pc1 = 0
       pc2 = 0
       pc3 = 0
       pc4 = 0
       pc5 = 0
       pc6 = 0
       pc7 = 0
       pc8 = 0
       pc9 = 0
      pc10 = 0
      pc11 = 0
      pc12 = 0
      pc13 = 0
      pc14 = 0
Constrained:
   Tgbecnw = 98129.1
     Tecnw = 24938.3
       Tnw = 21647.4
       Tec = 10848.9
     twoNb = 186413
     twoNc = 371264
     twoNw = 2.41907e+06
    twoNec = 106547
    twoNnw = 14030.3
  twoNecnw = 69331.9
  twoNbecnw = 11635.8
  twoNgbecnw = 119092
         m = 0.277213
        m6 = 3.35942e-06
        Ta = 37600
        Tf = 10823.7
DiffEv reached_goal. cost=2.74126e-03 spread=2.79212e-06
Fitted parameter values
Free:
       pc1 = -0.902544
       pc2 = -3.93024
       pc3 = -1.62087
       pc4 = -1.59522
       pc5 = -1.99783
       pc6 = -1.62175
       pc7 = 1.68838
       pc8 = -0.524387
       pc9 = -0.0596991
      pc10 = 0.388315
      pc11 = 0.165712
      pc12 = 0.0311119
      pc13 = 0.0272784
      pc14 = -0.0210821
Constrained:
   Tgbecnw = 87977.2
     Tecnw = 23092
       Tnw = 22447.3
       Tec = 11253.9
     twoNb = 218958
     twoNc = 457385
     twoNw = 518123
    twoNec = 87864.7
    twoNnw = 2712.52
  twoNecnw = 69905.7
  twoNbecnw = 6433.19
  twoNgbecnw = 135440
         m = 0.23123
        m6 = 1.14052e-05
        Ta = 37600
        Tf = 11223.6
#       SitePat  BranchLen
              b 120234.6398446
              e 46197.4280923
              c 46197.2786326
              n 44123.0697393
              w 44123.0619878
            b:e 1335.7949359
            b:c 1335.7834643
            b:n 1142.1335573
            b:w 1142.1331208
            e:c 11609.9550443
            e:n 4407.9608705
            e:w 4407.9587198
            c:n 4407.9946297
            c:w 4408.0023812
            n:w 12730.0178851
          b:e:c 1438.1979738
          b:e:n 643.7427145
          b:e:w 643.7422509
          b:c:n 643.7420164
          b:c:w 643.7424528
          b:n:w 1426.1536762
          e:c:n 4391.7348691
          e:c:w 4391.7370198
          e:n:w 5345.9245829
          c:n:w 5345.9966222
        b:e:c:n 1253.2052055
        b:e:c:w 1253.2056691
        b:e:n:w 1458.8996120
        b:c:n:w 1458.9115798
        e:c:n:w 47274.5405133
