########################################
# legofit: estimate population history #
#       version 2.3.4-4-g53f8760       #
########################################

# Program was compiled: Sep 21 2021 14:36:42
# Program was run: Thu Sep 23 11:11:41 2021

# cmd: legofit -1 -d 0 -t 32 --ptsPerDim 3 --stateOut b1boot24.state --tol 3e-6 -S 5000 af2.lgo ../../chrX/boot_chrX/boot24.opf
# Stage nOptItr nSimReps
#     0    5000        0
# algorithm          : deterministic
# ignoring probs <=  : 0
# Branch length floor: 0
# DE strategy        : 2
#    F               : 0.3
#    CR              : 0.8
#    tolerance       : 3e-06
# nthreads           : 32
# lgo input file     : af2.lgo
# site pat input file: ../../chrX/boot_chrX/boot24.opf
# free parameters    : 14
# points in DE swarm : 42
# output state file  : b1boot24.state
# Including singleton site patterns.
# cost function      : KL
Initial parameter values
Fixed:
      zero = 0
       one = 1
    Tbecnw = 75200
Free:
       pc1 = 0
       pc2 = 0
       pc3 = 0
       pc4 = 0
       pc5 = 0
       pc6 = 0
       pc7 = 0
       pc8 = 0
       pc9 = 0
      pc10 = 0
      pc11 = 0
      pc12 = 0
      pc13 = 0
      pc14 = 0
Constrained:
   Tgbecnw = 98129.1
     Tecnw = 24938.3
       Tnw = 21647.4
       Tec = 10848.9
     twoNb = 186413
     twoNc = 371264
     twoNw = 2.41907e+06
    twoNec = 106547
    twoNnw = 14030.3
  twoNecnw = 69331.9
  twoNbecnw = 11635.8
  twoNgbecnw = 119092
         m = 0.277213
        m6 = 3.35942e-06
        Ta = 37600
        Tf = 10823.7
DiffEv reached_goal. cost=2.88797e-03 spread=2.64998e-06
Fitted parameter values
Free:
       pc1 = -1.28999
       pc2 = -3.9213
       pc3 = -1.4477
       pc4 = -0.996671
       pc5 = -0.602466
       pc6 = -1.11308
       pc7 = 1.90657
       pc8 = -0.163356
       pc9 = -0.384465
      pc10 = 0.216561
      pc11 = 0.223042
      pc12 = 0.101838
      pc13 = 0.0621482
      pc14 = -0.0155938
Constrained:
   Tgbecnw = 88124.8
     Tecnw = 23329.8
       Tnw = 23138.2
       Tec = 11607.4
     twoNb = 281762
     twoNc = 388584
     twoNw = 1.50638e+06
    twoNec = 88997.4
    twoNnw = 807.789
  twoNecnw = 69661.5
  twoNbecnw = 6436.17
  twoNgbecnw = 139282
         m = 0.229093
        m6 = 6.45144e-06
        Ta = 37600
        Tf = 11569.1
#       SitePat  BranchLen
              b 120919.7796391
              e 46453.9514407
              c 46453.8703704
              n 44339.8123079
              w 44339.8107578
            b:e 1349.9455186
            b:c 1349.9391501
            b:n 1149.4995609
            b:w 1149.4994720
            e:c 11484.8183968
            e:n 4412.1772376
            e:w 4412.1768039
            c:n 4412.1970563
            c:w 4412.1986064
            n:w 12620.8532082
          b:e:c 1445.1949897
          b:e:n 651.1430795
          b:e:w 651.1429850
          b:c:n 651.1428488
          b:c:w 651.1429376
          b:n:w 1432.6525165
          e:c:n 4374.0542064
          e:c:w 4374.0546401
          e:n:w 5352.0992600
          c:n:w 5352.1387091
        b:e:c:n 1262.1729483
        b:e:c:w 1262.1730428
        b:e:n:w 1475.1549633
        b:c:n:w 1475.1616100
        e:c:n:w 47915.4857494
