########################################
# legofit: estimate population history #
#       version 2.3.4-4-g53f8760       #
########################################

# Program was compiled: Sep 21 2021 14:36:42
# Program was run: Thu Sep 23 11:11:26 2021

# cmd: legofit -1 -d 0 -t 32 --ptsPerDim 3 --stateOut b1boot12.state --tol 3e-6 -S 5000 af2.lgo ../../chrX/boot_chrX/boot12.opf
# Stage nOptItr nSimReps
#     0    5000        0
# algorithm          : deterministic
# ignoring probs <=  : 0
# Branch length floor: 0
# DE strategy        : 2
#    F               : 0.3
#    CR              : 0.8
#    tolerance       : 3e-06
# nthreads           : 32
# lgo input file     : af2.lgo
# site pat input file: ../../chrX/boot_chrX/boot12.opf
# free parameters    : 14
# points in DE swarm : 42
# output state file  : b1boot12.state
# Including singleton site patterns.
# cost function      : KL
Initial parameter values
Fixed:
      zero = 0
       one = 1
    Tbecnw = 75200
Free:
       pc1 = 0
       pc2 = 0
       pc3 = 0
       pc4 = 0
       pc5 = 0
       pc6 = 0
       pc7 = 0
       pc8 = 0
       pc9 = 0
      pc10 = 0
      pc11 = 0
      pc12 = 0
      pc13 = 0
      pc14 = 0
Constrained:
   Tgbecnw = 98129.1
     Tecnw = 24938.3
       Tnw = 21647.4
       Tec = 10848.9
     twoNb = 186413
     twoNc = 371264
     twoNw = 2.41907e+06
    twoNec = 106547
    twoNnw = 14030.3
  twoNecnw = 69331.9
  twoNbecnw = 11635.8
  twoNgbecnw = 119092
         m = 0.277213
        m6 = 3.35942e-06
        Ta = 37600
        Tf = 10823.7
DiffEv reached_goal. cost=2.84743e-03 spread=2.79387e-06
Fitted parameter values
Free:
       pc1 = 0.132829
       pc2 = -3.97595
       pc3 = -0.896379
       pc4 = -1.29942
       pc5 = -1.48564
       pc6 = -1.53459
       pc7 = 1.16489
       pc8 = -0.0770061
       pc9 = 0.491879
      pc10 = 0.139954
      pc11 = -0.000728784
      pc12 = 0.00924481
      pc13 = -0.00570639
      pc14 = -0.0197935
Constrained:
   Tgbecnw = 86600.3
     Tecnw = 23405.8
       Tnw = 21600.3
       Tec = 10817.9
     twoNb = 201391
     twoNc = 537568
     twoNw = 825373
    twoNec = 89243.5
    twoNnw = 7677.61
  twoNecnw = 67330.8
  twoNbecnw = 5783.55
  twoNgbecnw = 136511
         m = 0.2335
        m6 = 9.36636e-06
        Ta = 37600
        Tf = 10800.2
#       SitePat  BranchLen
              b 120484.1216489
              e 45676.9288519
              c 45676.8097488
              n 43862.2097677
              w 43862.2058707
            b:e 1302.5842046
            b:c 1302.5751785
            b:n 1129.0595510
            b:w 1129.0593369
            e:c 11654.0549462
            e:n 4331.0166103
            e:w 4331.0155459
            c:n 4331.0451648
            c:w 4331.0490618
            n:w 12606.0621843
          b:e:c 1416.2300963
          b:e:n 629.2736255
          b:e:w 629.2733985
          b:c:n 629.2732142
          b:c:w 629.2734283
          b:n:w 1405.7483717
          e:c:n 4410.4562202
          e:c:w 4410.4572846
          e:n:w 5273.0824790
          c:n:w 5273.1395118
        b:e:c:n 1235.2744323
        b:e:c:w 1235.2746594
        b:e:n:w 1419.2718143
        b:c:n:w 1419.2812218
        e:c:n:w 48041.3800134
