########################################
# legofit: estimate population history #
#       version 2.3.4-4-g53f8760       #
########################################

# Program was compiled: Sep 21 2021 14:36:42
# Program was run: Thu Sep 23 11:11:53 2021

# cmd: legofit -1 -d 0 -t 32 --ptsPerDim 3 --stateOut b1boot34.state --tol 3e-6 -S 5000 af2.lgo ../../chrX/boot_chrX/boot34.opf
# Stage nOptItr nSimReps
#     0    5000        0
# algorithm          : deterministic
# ignoring probs <=  : 0
# Branch length floor: 0
# DE strategy        : 2
#    F               : 0.3
#    CR              : 0.8
#    tolerance       : 3e-06
# nthreads           : 32
# lgo input file     : af2.lgo
# site pat input file: ../../chrX/boot_chrX/boot34.opf
# free parameters    : 14
# points in DE swarm : 42
# output state file  : b1boot34.state
# Including singleton site patterns.
# cost function      : KL
Initial parameter values
Fixed:
      zero = 0
       one = 1
    Tbecnw = 75200
Free:
       pc1 = 0
       pc2 = 0
       pc3 = 0
       pc4 = 0
       pc5 = 0
       pc6 = 0
       pc7 = 0
       pc8 = 0
       pc9 = 0
      pc10 = 0
      pc11 = 0
      pc12 = 0
      pc13 = 0
      pc14 = 0
Constrained:
   Tgbecnw = 98129.1
     Tecnw = 24938.3
       Tnw = 21647.4
       Tec = 10848.9
     twoNb = 186413
     twoNc = 371264
     twoNw = 2.41907e+06
    twoNec = 106547
    twoNnw = 14030.3
  twoNecnw = 69331.9
  twoNbecnw = 11635.8
  twoNgbecnw = 119092
         m = 0.277213
        m6 = 3.35942e-06
        Ta = 37600
        Tf = 10823.7
DiffEv reached_goal. cost=2.66110e-03 spread=2.52611e-06
Fitted parameter values
Free:
       pc1 = 0.720402
       pc2 = -3.93906
       pc3 = -0.210905
       pc4 = -1.03527
       pc5 = -1.83413
       pc6 = -1.98642
       pc7 = 1.96669
       pc8 = -0.423443
       pc9 = -0.0255442
      pc10 = 0.177302
      pc11 = -0.033656
      pc12 = 0.0508386
      pc13 = 0.011797
      pc14 = -0.0113568
Constrained:
   Tgbecnw = 84699.5
     Tecnw = 23247.8
       Tnw = 20981.2
       Tec = 10524.9
     twoNb = 274101
     twoNc = 274487
     twoNw = 1.12115e+06
    twoNec = 93349.7
    twoNnw = 9717.59
  twoNecnw = 67152.7
  twoNbecnw = 4685.16
  twoNgbecnw = 141492
         m = 0.229154
        m6 = 1.12806e-05
        Ta = 37600
        Tf = 10490.6
#       SitePat  BranchLen
              b 119959.2875964
              e 45481.7494533
              c 45481.6081858
              n 43536.5033848
              w 43536.5000109
            b:e 1252.5626582
            b:c 1252.5523826
            b:n 1080.6630651
            b:w 1080.6628878
            e:c 11395.3799341
            e:n 4306.0592899
            e:w 4306.0583845
            c:n 4306.0943633
            c:w 4306.0977373
            n:w 12463.0069284
          b:e:c 1350.2076938
          b:e:n 607.5629833
          b:e:w 607.5627949
          b:c:n 607.5625765
          b:c:w 607.5627539
          b:n:w 1339.5330073
          e:c:n 4312.5416929
          e:c:w 4312.5425984
          e:n:w 5190.0588523
          c:n:w 5190.1256937
        b:e:c:n 1185.5027523
        b:e:c:w 1185.5029406
        b:e:n:w 1368.0667153
        b:c:n:w 1368.0774386
        e:c:n:w 47991.5115030
