########################################
# legofit: estimate population history #
#       version 2.3.4-4-g53f8760       #
########################################

# Program was compiled: Sep 21 2021 14:36:42
# Program was run: Thu Sep 23 11:12:09 2021

# cmd: legofit -1 -d 0 -t 32 --ptsPerDim 3 --stateOut b1boot46.state --tol 3e-6 -S 5000 af2.lgo ../../chrX/boot_chrX/boot46.opf
# Stage nOptItr nSimReps
#     0    5000        0
# algorithm          : deterministic
# ignoring probs <=  : 0
# Branch length floor: 0
# DE strategy        : 2
#    F               : 0.3
#    CR              : 0.8
#    tolerance       : 3e-06
# nthreads           : 32
# lgo input file     : af2.lgo
# site pat input file: ../../chrX/boot_chrX/boot46.opf
# free parameters    : 14
# points in DE swarm : 42
# output state file  : b1boot46.state
# Including singleton site patterns.
# cost function      : KL
Initial parameter values
Fixed:
      zero = 0
       one = 1
    Tbecnw = 75200
Free:
       pc1 = 0
       pc2 = 0
       pc3 = 0
       pc4 = 0
       pc5 = 0
       pc6 = 0
       pc7 = 0
       pc8 = 0
       pc9 = 0
      pc10 = 0
      pc11 = 0
      pc12 = 0
      pc13 = 0
      pc14 = 0
Constrained:
   Tgbecnw = 98129.1
     Tecnw = 24938.3
       Tnw = 21647.4
       Tec = 10848.9
     twoNb = 186413
     twoNc = 371264
     twoNw = 2.41907e+06
    twoNec = 106547
    twoNnw = 14030.3
  twoNecnw = 69331.9
  twoNbecnw = 11635.8
  twoNgbecnw = 119092
         m = 0.277213
        m6 = 3.35942e-06
        Ta = 37600
        Tf = 10823.7
DiffEv reached_goal. cost=2.66836e-03 spread=2.77956e-06
Fitted parameter values
Free:
       pc1 = 0.0503437
       pc2 = -3.99739
       pc3 = -1.93308
       pc4 = -0.202886
       pc5 = -1.01531
       pc6 = -0.673611
       pc7 = 1.07483
       pc8 = -0.879435
       pc9 = -0.443411
      pc10 = 0.452541
      pc11 = 0.226347
      pc12 = 0.153729
      pc13 = 0.0179945
      pc14 = -0.0432726
Constrained:
   Tgbecnw = 85445.9
     Tecnw = 23111
       Tnw = 22001.3
       Tec = 11013.2
     twoNb = 104390
     twoNc = 479272
     twoNw = 2.80499e+06
    twoNec = 92291.7
    twoNnw = 4765.26
  twoNecnw = 70223.1
  twoNbecnw = 5240.07
  twoNgbecnw = 132800
         m = 0.245153
        m6 = 6.40175e-06
        Ta = 37600
        Tf = 11000.6
#       SitePat  BranchLen
              b 120198.0236343
              e 46237.2903903
              c 46237.2106792
              n 44138.6105314
              w 44138.6097283
            b:e 1310.5167955
            b:c 1310.5107905
            b:n 1122.0327597
            b:w 1122.0327156
            e:c 11421.4124637
            e:n 4407.3295737
            e:w 4407.3293547
            c:n 4407.3499253
            c:w 4407.3507283
            n:w 12583.4454718
          b:e:c 1400.5250789
          b:e:n 636.9570041
          b:e:w 636.9569572
          b:c:n 636.9568234
          b:c:w 636.9568675
          b:n:w 1388.4441859
          e:c:n 4333.4719218
          e:c:w 4333.4721409
          e:n:w 5270.0604351
          c:n:w 5270.0984211
        b:e:c:n 1234.7774142
        b:e:c:w 1234.7774611
        b:e:n:w 1435.3362482
        b:c:n:w 1435.3425238
        e:c:n:w 47439.9340204
